0.0 6.146949537724047e-08 0.00010397449604041631 1.018363608061487e-05 0.0 1.9596839852082855e-05 0.0016730725117145707 0.0003223353213435512 3.999373336010376e-06 5.809886727393218e-05 3.4392473861017276e-06 1.9695066321202423e-05 1.6075948332503364e-07 0.0036559783955288703 1.2183085806883838e-07 6.725211697797174e-07 8.366597561433915e-05 3.5548560396958533e-07 1.1023820132095816e-05 3.3647269118458846e-05 6.126419541761293e-05 4.4703353694687427e-07 0.00013375387633764917 7.390476818306679e-05 5.0423562053875175e-08 5.555555546407967e-05 7.129333753620958e-06 8.538767318226606e-05 0.0019920289328628025 0.001739861640729002 2.0739258414947263e-07 3.463114048836827e-06 1.2548160212486457e-05 4.159360183620517e-05 0.0 2.4259652273527728e-05 2.22062596747554e-05 1.076339543901745e-05 2.936447133930815e-06 3.0960532336444506e-06 6.394465616478558e-07 9.163380368532728e-08 6.940968165205189e-07 3.396742926794046e-07 0.0 0.0 3.1382161709171326e-07 0.0 5.647501695542938e-08 1.660328050315812e-06 2.1190521765203337e-07 2.2313437869542486e-07 5.371980741252413e-07 5.849517209309225e-07 0.0 1.5872959668243047e-07 4.62746785490683e-07 0.0 3.7000901905622835e-06 2.652857533685481e-07 8.622820637389856e-08 1.7990745719130426e-07 0.0 6.072136615531932e-06 2.621784582820857e-07 1.8175238801833515e-06 4.86974730823538e-06 0.0 9.523841186282826e-07 2.116807651255439e-06 5.0619996314949205e-06 2.069860014152938e-06 2.644759937361806e-06 1.487566199541337e-07 1.2725498758371668e-07 1.5233174827123586e-07 1.0368601467471295e-06 0.0 3.1105083103725475e-06 3.0066720501881434e-06 2.7854417619350424e-06 6.962571152477514e-07 2.7397366484188275e-06 1.3073649355889624e-07 2.133288403108517e-07 0.0
6.146949537724047e-08 0.0 1.6574458577944282e-06 2.2544476614487206e-07 3.776069550544513e-07 1.9438783926554846e-06 2.4428980676931197e-06 1.6581267503282508e-07 0.00030568755799397895 1.8862743113140571e-07 1.3132848541900877e-05 2.934476242867946e-06 0.0005308186367524391 5.672587691813943e-07 8.23349107944018e-06 0.00011463158107853413 1.4715893229646363e-06 7.167496992771034e-06 3.7844311525643464e-06 0.0 2.571022382706006e-06 0.0010674569226426557 2.2894825021468604e-06 0.00037888447250306376 0.0008039543300964306 4.539117980561453e-05 0.0018070056997513328 9.674737104597788e-06 1.153138649085661e-06 1.3713255054918936e-06 0.00010661355163356493 1.7523898227760257e-07 3.091408814736297e-07 7.983597872889209e-05 9.756645106439609e-08 3.66404122481325e-06 2.7708749647835892e-05 2.0741079480507764e-05 3.925805825193351e-06 1.678148627071369e-05 0.0 3.152530080931542e-05 0.0 1.7661582428370325e-07 2.3677426072084915e-05 1.3215394581032891e-05 5.041073676198602e-08 0.0 0.0 9.936619581693941e-08 2.1374407153379964e-07 3.0792315853803676e-06 5.255199210518763e-08 1.2697031951070374e-06 0.0 2.410630647268643e-05 0.0 1.1409143911162842e-07 2.4715052741742736e-07 1.0133300952801499e-05 1.1212941893922897e-06 4.53510493223317e-06 0.0 5.619524095687172e-07 1.6385033087112165e-05 6.223930960421373e-06 1.4871674710586367e-06 2.0968397902776493e-05 4.229296044807309e-05 0.0010808783656928334 4.2875581750142397e-07 2.4150104356196005e-07 4.7112727448854766e-07 3.080949422981765e-06 1.098956383849636e-07 5.3887348373842005e-08 2.9995286601587573e-06 1.2820640908827458e-07 1.6081879919373466e-05 1.0387524090811753e-05 1.318006937832043e-05 7.222321590740047e-06 1.8595809878166549e-06 3.92351359991365e-07 2.035961077742152e-06 1.8130958737704002e-07
0.00010397449604041631 1.6574458577944282e-06 0.0 7.149814928404924e-06 3.379533002545709e-07 3.043723735557467e-05 0.0004934324453397369 0.00020885424029912821 2.3648851398051476e-06 2.4203807210342712e-05 1.596154919320025e-05 1.2633129571828504e-06 6.936151547107308e-07 0.0003098516584558368 0.0 4.028487416185345e-06 0.003743586401328861 7.4588793273452124e-06 0.00020544297170309376 3.2470188403687615e-06 0.0004247959923911261 1.741570548448165e-06 0.0035460143478342585 5.677525033598535e-05 6.749160393571174e-07 0.005303261889065048 0.0016473263801983409 0.0004123250471345668 0.00011049405353425819 0.0003302612207429344 7.934175783022413e-07 1.0128954021917555e-06 5.5417430454143685e-06 0.0010382499442016131 4.6730877485165524e-05 0.0017867184073997197 0.0019448685642688324 0.0014898362393434943 0.0009617947068374941 6.637370126162368e-05 6.843292683900616e-06 1.3393334263836954e-05 1.3358016568612432e-05 7.322106199306831e-07 1.1855350579187006e-05 0.00014342048507208938 0.0 0.0 1.2478835435640034e-07 4.496717536583565e-06 1.6253908260347306e-06 6.011084491469473e-07 8.897525457549877e-07 3.7591367052449524e-06 7.378169929522302e-08 9.517779130106388e-06 1.2343678221898857e-06 0.0 8.390208749466387e-06 7.182024061654398e-05 5.431677878185993e-06 2.0524346784077893e-05 0.0 1.0079958549630415e-05 3.6213823164892932e-06 6.435280647999323e-05 4.683230957533778e-06 4.676853857713477e-06 0.00016005304476675007 0.0009815721796455304 4.853309529884125e-06 2.27203175462319e-06 5.5648953256580325e-06 3.404353249765884e-06 0.0 1.0733345101090233e-06 1.7672539984674894e-05 1.3327705246295178e-05 0.00012225473963072407 0.00012310436540879238 6.185520848135635e-05 5.4631554258100895e-05 7.492043773556787e-06 8.159624653871054e-07 7.310877164151195e-06 4.583027722589438e-07
1.018363608061487e-05 2.2544476614487206e-07 7.149814928404924e-06 0.0 1.1020948228037316e-06 2.5699520335133788e-05 0.00013867437187627338 2.0243653544448552e-05 0.0008097812465435659 0.004172298812915467 4.210589600497486e-07 0.0005346407376794129 2.062072403074242e-07 4.717080653521409e-05 6.596797302300767e-05 1.1721893956424793e-06 1.2486786468098635e-06 0.0 2.839161607113893e-07 0.003234513705539113 4.836845135809637e-06 3.4504773902116e-07 5.2261816328449614e-06 0.0015198178054691822 0.0 4.312714191580488e-06 1.0897414711378513e-05 0.002594634310512149 8.66244929088159e-05 1.505325915670996e-05 0.0 1.081818497915408e-06 6.796670233943208e-06 3.015333644254076e-05 1.7689712924626718e-06 0.0001837704786197045 2.9695273192717013e-06 3.831632167766135e-05 1.7696324728814505e-05 9.534196793501784e-05 8.012735075211468e-06 8.370201641264325e-07 1.989983264645123e-06 8.03501214181972e-07 2.3041117541209644e-07 0.0 0.00015644462623775438 1.1195080328877267e-06 6.268767574315777e-06 5.096536430478955e-05 2.00535602991865e-05 0.00013529627640126125 8.598720652763712e-05 7.666663159192916e-07 7.84889693588276e-05 6.613445497075301e-07 9.825149461342296e-06 1.037205881444185e-05 2.8332956726154186e-06 3.9697423301950954e-07 1.9390434826853184e-07 4.7126646438300325e-07 8.292135515499951e-05 5.367475939494123e-06 5.261219620736975e-07 1.6322695504109398e-06 0.00021878632111225872 0.0 1.8451086263183174e-06 2.997890910058229e-06 0.0002284684956539781 8.478207128414745e-06 3.142332376249607e-06 4.0400663582634205e-07 6.84225255730614e-07 9.221513807883969e-08 3.6065429998146635e-06 2.816763695890393e-07 4.586296232968268e-05 4.119329233300444e-06 1.4834656508308051e-05 2.3122583703734846e-06 8.817452296440786e-05 1.7489220423809224e-06 1.4109449836736787e-06 7.782959335409297e-08
0.0 3.776069550544513e-07 3.379533002545709e-07 1.1020948228037316e-06 0.0 0.0004484245220874757 1.5458126059861892e-06 1.9275575781433217e-05 2.4210144865333105e-05 8.977379379411451e-07 1.2538171110681177e-05 4.4896678036106046e-05 1.4621208089889063e-06 1.0347468957072462e-06 0.0005895151574822671 0.0 0.0 7.080840981657807e-07 1.5149796429599786e-06 1.2347784756762874e-06 0.0 1.226569808204889e-06 7.805780115046216e-08 1.083104249067896e-05 0.0 2.4922998827647522e-06 7.158034780812619e-07 1.4963454208366824e-06 3.7569166098340907e-06 0.0 7.441099387156976e-07 5.271319099781412e-05 0.0 0.00014845171125494797 0.0 8.740224023115008e-06 7.028624648270062e-07 7.236361909277972e-05 2.6876994136327423e-05 0.0010646998939568392 5.318988944634497e-05 1.711239984378295e-06 1.1289389560168542e-07 0.0 0.0 0.0 0.0 0.0 0.0 0.0 0.0 0.0 1.2420140842083883e-07 0.0 1.3080774602823163e-07 1.320560566364676e-07 0.0 0.0 0.0 0.0 0.0 0.0 0.0 6.75048824235189e-08 0.0 0.0 2.0877026159249288e-07 0.0 0.0 0.0 6.387373787021798e-08 0.0 0.0 0.0 0.0 0.0 9.682744416512442e-08 0.0 7.737340207044531e-07 0.0 0.0 0.0 1.1033703137227086e-07 1.008458804893221e-07 0.0 0.0
1.9596839852082855e-05 1.9438783926554846e-06 3.043723735557467e-05 2.5699520335133788e-05 0.0004484245220874757 0.0 0.002157958853551625 0.004345768481531691 0.00013822596525106437 0.0030186093268436015 5.82069993965346e-05 0.0027864306801908276 1.0030485092981838e-05 0.0012032991085964661 0.0013668170975148284 4.5966207008973273e-07 5.052488762011801e-06 4.644831324068474e-06 7.45737965322325e-06 0.00010080113697132987 3.4164036548382024e-05 8.931038509843756e-06 3.201811089917209e-05 0.00011789303071455338 1.683787737012867e-06 3.297646252464324e-05 2.9857217714701653e-05 0.00016323393304894636 0.00022555701892465572 4.196908195578654e-05 4.0439171922083354e-06 0.000694052786870023 1.0333431381361687e-05 0.0003096609484979073 1.3945256970892012e-05 0.0003306562112405252 8.363439725465642e-06 0.0002998951560705619 9.512518238098998e-05 0.0029024388319301288 0.00013329869365143554 8.387061147409642e-06 5.944715345482967e-06 3.112894688248655e-07 5.212792966548674e-08 5.303566773757822e-07 2.7495080918216074e-05 1.8829319914185524e-07 1.5250390092064556e-06 2.8099222384859246e-05 3.0603701206001576e-06 1.4500036002442188e-05 1.920865540348577e-05 1.9589230284437546e-07 9.973153688332544e-06 5.459955415155019e-07 3.1157222988912907e-06 1.4227758080756264e-06 1.5821267027916147e-06 6.096832935794249e-07 0.0 0.0 1.2538564689210266e-05 3.502425716198492e-06 3.0290032790492925e-07 9.724157673130137e-07 4.414093027799073e-05 2.0028400017695698e-07 2.045878827893804e-06 5.038240190794065e-06 5.6577401020249394e-05 3.547710955903946e-06 4.061520141842593e-06 4.352646340612694e-07 3.003802839364647e-07 5.7498408108048205e-08 1.4468280484355123e-06 1.8626832588372584e-06 1.9402553907510643e-05 2.005086175019621e-06 8.23180424837432e-06 2.0307147055521276e-06 2.3944623678974015e-05 6.269462585352061e-07 1.0525543175738833e-06 0.0
0.0016730725117145707 2.4428980676931197e-06 0.0004934324453397369 0.00013867437187627338 1.5458126059861892e-06 0.002157958853551625 0.0 0.0020019728105716774 0.00012491515615569557 0.0062161538012307565 5.8617536326134745e-06 6.248908390710975e-05 1.9191704678310214e-06 0.004311184739045776 1.5124355578636096e-05 1.3928395740465933e-05 5.826574685913306e-05 1.1433247715910135e-06 5.886834337783984e-06 7.691983606911455e-05 0.0008549672781834818 5.910492156548299e-06 0.0006452090401739801 0.0005909505012104394 1.8918994759441245e-06 0.00024562253459701127 0.00037349682617513456 0.012881965768409775 0.0008470405302853707 0.0037720248370092554 1.014869497670207e-06 1.2181297884135928e-05 0.00010137083184023583 0.00030224921849510725 1.9583387044067998e-05 0.0012362806396062722 7.011065158522134e-05 0.0003856483308222868 0.00016440545719646963 0.00019459285600443066 5.042175380979178e-05 5.7169031685504095e-06 1.723222181939037e-05 6.298450667143388e-06 1.3492206571472747e-06 1.7208844474729435e-06 2.943614338871624e-05 1.5497777078648474e-06 4.369291520947717e-06 0.00014696227516828588 3.086693587399253e-05 1.657046802766521e-05 2.6181489044009853e-05 2.3070438401559166e-06 8.50543489120953e-06 2.4301578492228848e-06 2.5117822324377964e-05 1.5433910787229705e-06 3.262283683214353e-05 5.246777220524333e-06 1.3806694935892359e-06 4.241761655543546e-06 1.6702404410824026e-05 7.731434276861857e-05 2.4472636642978292e-06 1.712438886331558e-05 0.00016627439985389107 1.1484249957270323e-06 1.5889281542119747e-05 5.309218047508279e-05 0.00022862205686784214 3.8951863273629644e-05 3.6465048438608854e-05 9.128206337940132e-07 2.11448148205925e-06 2.2470414139720944e-06 2.2524817097635846e-05 3.5977225598165034e-06 0.00012388931655490785 2.1194311181182924e-05 6.348718537706995e-05 1.1050887708444517e-05 0.00011981656222414125 1.2057171794740387e-05 6.647695027069008e-06 3.7450945670567498e-06
0.0003223353213435512 1.6581267503282508e-07 0.00020885424029912821 2.0243653544448552e-05 1.9275575781433217e-05 0.004345768481531691 0.0020019728105716774 0.0 9.411163964488803e-05 0.00039048046715332374 0.00016765990373101075 0.0008660446965760738 3.0244592609664523e-05 0.005538379024053039 3.084432236282206e-05 3.672590586512289e-06 9.417843579069519e-05 1.596937138526377e-05 3.8876872716185646e-05 0.00016034673854165314 0.0001259998263965548 2.0931294386748085e-06 0.0002588263022002506 0.000393561890303372 1.9596039896436254e-06 0.00015663492507297946 4.622131989111769e-05 0.00035972206003228707 0.00041824840293299217 0.0008830389799181472 1.1149061342854786e-05 0.0006193917560746261 8.307192782789266e-06 0.0005990330794568276 4.475635678839618e-06 0.00035054490650573603 4.876259979630874e-05 0.0005041272925195435 0.00022686412632823096 0.0010002065891126942 0.00017649418514505575 2.9562022903800038e-05 1.670202358129122e-05 3.4116637844008984e-06 2.7110095891653435e-07 1.0368133584648503e-06 2.46044901156987e-05 3.546656016516966e-07 3.1687002646411874e-06 0.00012506696239507044 1.8760964675236038e-05 1.1331203818878096e-05 1.5344958499539935e-05 2.307125133127409e-06 6.618533670319863e-06 1.9899502019429206e-06 1.4621700417825004e-05 1.3339152200784295e-06 1.3051857285209277e-05 1.5552139111598655e-06 1.470787433224347e-06 1.137410923450026e-06 1.3049952977324467e-05 3.290029817451241e-05 5.830587314997218e-07 4.554027643313582e-06 0.00010274309471739585 7.134340988668608e-07 5.8376757378550285e-06 1.1228888133997769e-05 0.00015097665671656067 2.0659803728934186e-05 1.6974523439274442e-05 5.119007084987992e-07 1.2957399605551378e-06 3.1364131912307634e-07 5.778636135554542e-06 6.198869615261668e-07 4.438321354991451e-05 6.587261473472086e-06 3.383458686679406e-05 7.171624375410243e-06 4.0192555997998866e-05 2.5755672511034103e-06 4.939547750056718e-06 3.706593204841057e-07
3.999373336010376e-06 0.00030568755799397895 2.3648851398051476e-06 0.0008097812465435659 2.4210144865333105e-05 0.00013822596525106437 0.00012491515615569557 9.411163964488803e-05 0.0 2.8921386233649345e-05 1.4845133032241607e-06 0.0003469603313006486 1.1212326489725145e-05 3.077769664996129e-05 0.0004803169292261291 6.531789188725719e-05 1.727528589554644e-06 7.532518807810301e-07 9.647957738727227e-07 0.00019115865757181566 3.703057258896963e-05 0.0011597916452155748 3.2830303674809334e-05 0.004123806070246019 5.366634297834104e-05 5.686507554844226e-06 0.0006127786569901346 0.000626106650824571 3.892058908928125e-05 6.38114142950891e-05 4.47735540094256e-06 1.268128701696011e-06 4.525562316147105e-06 1.9325181382076746e-05 2.187722703259632e-06 0.00010741366902685483 1.1110846714797202e-05 3.696105386868488e-05 9.326366028028667e-06 0.0005004218031252418 7.245598908042676e-06 5.830933201141057e-07 1.2874313839836276e-06 2.458904184180529e-05 1.8359754048411042e-06 2.185319666237278e-06 4.550493706232876e-05 5.279860354690507e-07 4.320441075169124e-06 0.0002165850742836636 4.181421238666992e-05 0.0001138782995645385 3.8829056003429484e-05 1.6895392280976967e-06 1.776896707907562e-05 1.3420583076590286e-06 4.002884181462034e-05 3.6003173887410044e-06 0.00021055471490058215 2.104102814873922e-06 1.669836104490956e-06 1.6314882299668633e-06 2.233220644441862e-05 0.00010079181986980519 3.4014544415867513e-05 5.6079094163643194e-05 0.0008719299164682514 3.1049055842811156e-07 6.427713316458779e-06 4.666277653566637e-05 0.00039946422735578126 9.540362738357304e-05 0.00011635437882914418 6.338397766300192e-07 2.330362727121164e-06 8.247583378176581e-06 1.78929256996092e-05 6.9530394275896435e-06 0.00013096396654843943 4.75583383626153e-06 8.208080307638899e-05 2.3001718980778782e-05 0.00010700613952901842 7.701114182075468e-06 1.386734960179401e-06 3.449773666216755e-06
5.809886727393218e-05 1.8862743113140571e-07 2.4203807210342712e-05 0.004172298812915467 8.977379379411451e-07 0.0030186093268436015 0.0062161538012307565 0.00039048046715332374 2.8921386233649345e-05 0.0 7.681804583590887e-06 0.0025124944892267486 2.040226681321579e-06 0.0008676372063139746 1.6109873064459586e-05 1.018531114689781e-06 4.545362525916421e-06 6.841943064167838e-07 2.019262788033637e-06 0.006595686072845015 2.0813248820881168e-05 6.133463106234262e-07 2.5300322531438425e-05 0.0002366149280417098 8.17058604402998e-08 2.0564044709404946e-05 2.4443036182110113e-05 0.003758254514028944 0.0003835598632551407 5.897023699922542e-05 4.799784654319541e-07 1.1382722550993623e-05 1.5665565592514423e-05 0.00012993705966745 5.377345394525218e-06 0.00046448678345311034 1.0347923507237562e-05 0.00018582104947115178 7.210597742319002e-05 8.87758190359019e-05 3.0752436413593014e-05 1.488785086747925e-06 7.4376470184749126e-06 1.0448140479206318e-06 0.0 2.588587066277521e-07 4.7018543670433525e-05 2.644209960463632e-07 2.310944075507721e-06 3.567907440107696e-05 1.056213194818135e-05 2.2552431553280992e-05 2.861490139688218e-05 5.918604561849704e-07 2.4164894706348713e-05 3.302866215310737e-07 5.695397969360267e-06 3.5127864806191457e-06 1.477998115980956e-06 7.001123895971152e-08 1.7705506192005352e-07 0.0 1.7907633745873593e-05 5.9240185745668135e-06 1.9336276770213932e-07 8.414723715065884e-07 8.269323897821256e-05 1.0417549716591186e-07 9.025634559218312e-07 4.2665702753128955e-06 9.085492291923913e-05 5.526789872802285e-06 2.4594259282700343e-06 2.841847861066775e-07 1.0898835427174625e-06 2.1030021744170936e-07 1.9006932429973444e-06 5.12466161961278e-07 2.1678302707913418e-05 6.300493878814118e-07 1.1520916810639191e-05 1.7604086744015523e-06 2.8746939745307774e-05 1.0759959298411436e-06 1.5627701939517803e-06 4.632922228001154e-07
3.4392473861017276e-06 1.3132848541900877e-05 1.596154919320025e-05 4.210589600497486e-07 1.2538171110681177e-05 5.82069993965346e-05 5.8617536326134745e-06 0.00016765990373101075 1.4845133032241607e-06 7.681804583590887e-06 0.0 3.689307291310494e-05 0.0011753415261755132 0.00010571448749101344 1.3069198270054922e-07 6.528404694524898e-08 0.00012880417630473844 0.0018308180350993179 0.0009494303142280232 7.499825746389972e-06 4.563428464010141e-06 2.3607245609464224e-06 2.0360167445444613e-05 4.643134994199281e-06 0.00011406200672235751 0.0019907444803798392 0.00023194911905681073 4.674223253777871e-06 0.00022878560821350214 1.449738733933591e-05 0.0004206155711311596 0.0002176994600200956 3.3756491593055185e-06 0.0023146168672704957 8.585615098872962e-06 0.00046994578312079975 0.002378833490505767 0.0030502997886299307 0.000684897963813192 6.428289893439585e-05 5.26890281364506e-06 0.0001956185035005042 1.6082028634774716e-06 1.3121064025118867e-07 3.571638239315253e-06 2.3731913245093132e-07 9.60835543468705e-08 0.0 0.0 3.5380470488733194e-07 1.831348224925826e-07 6.720284336622684e-08 0.0 1.6679580937952106e-05 0.0 0.00019203949117994112 1.4922217194606144e-07 2.257632545354854e-07 3.4208529114856765e-07 1.9310303456009132e-07 3.889518275445111e-06 7.860746523663851e-08 3.9078768148292776e-07 1.1246516387070784e-06 2.7822203629503956e-07 6.405820539389204e-08 1.0295367334132996e-06 3.1985158512791224e-05 2.4592546976530605e-05 4.5377934201214856e-05 1.1964842331506096e-06 2.368427998894382e-07 3.777391028641873e-07 2.845826999811595e-05 0.0 0.0 2.7558586735770544e-06 1.9503682077938846e-06 1.441181602671199e-05 2.660666026490909e-05 5.7210721933330605e-06 5.542345486988139e-06 2.918061223496885e-07 5.544764469792791e-07 3.5121398024697434e-05 0.0
1.9695066321202423e-05 2.934476242867946e-06 1.2633129571828504e-06 0.0005346407376794129 4.4896678036106046e-05 0.0027864306801908276 6.248908390710975e-05 0.0008660446965760738 0.0003469603313006486 0.0025124944892267486 3.689307291310494e-05 0.0 1.1325767272252836e-05 0.0008398557353270332 0.0009100392998067456 1.9089122828567996e-06 1.315696282585008e-06 3.7122836022169027e-06 6.962715389326507e-06 0.002521413075635138 1.2545561973148231e-06 1.3131984742088584e-05 3.1535668894299766e-06 0.000293565852393721 7.639582299778669e-07 1.3530584746797994e-05 1.3754826327372632e-05 0.0002566626147768369 0.0005660661758602717 9.956442378778335e-06 3.543600846590638e-06 5.098462554711709e-05 3.3902984312474495e-06 0.0002528856005569492 4.872604376612687e-06 0.0013503612182706472 1.1995331449296008e-05 0.0004170897238531799 7.650436427466678e-05 0.0016279646952736464 3.907930940078805e-05 5.272780221350627e-06 5.70144269117432e-06 1.7927910181390551e-06 0.0 1.174134567455522e-07 9.415954130899015e-05 5.973910104449776e-07 4.319877120915364e-06 7.980570061042388e-05 1.0827762622554282e-05 9.535802132464611e-05 4.437691603022928e-05 1.1658494365246868e-06 0.00011549724060392616 2.1126245766363713e-06 1.1317900916475988e-05 1.5115298030958768e-05 3.9578915316026865e-06 1.9561051416764987e-06 2.3181773455794034e-07 1.6414593374527373e-06 6.068942237018723e-05 1.57322118365236e-05 2.740728483707524e-07 3.9325029545755694e-06 0.0001425851062668458 7.510291112090699e-07 4.182636132942878e-06 8.618049022256995e-06 0.00015178283576928987 8.70592474456939e-06 8.919199071667542e-06 3.5953201026407785e-07 9.111332648441083e-07 5.508346057815829e-07 5.349091978413006e-06 6.187075458529457e-07 0.00011939281353487361 1.0983440364354599e-05 1.5187527805084136e-05 4.827681628790394e-06 0.00017732014457832543 1.998432709614489e-06 4.1630222332361946e-06 5.043328211447409e-07
1.6075948332503364e-07 0.0005308186367524391 6.936151547107308e-07 2.062072403074242e-07 1.4621208089889063e-06 1.0030485092981838e-05 1.9191704678310214e-06 3.0244592609664523e-05 1.1212326489725145e-05 2.040226681321579e-06 0.0011753415261755132 1.1325767272252836e-05 0.0 1.2973069403745808e-05 1.6309661620024974e-07 1.6001030202481083e-06 7.607294493930396e-07 3.573669726639735e-05 5.879986738201504e-06 2.0774432788870094e-06 1.2819497466533925e-06 4.930891350195852e-05 2.051046482089143e-06 1.1010648976951498e-05 0.0015810083813957794 4.43407141718944e-05 0.0017061605702511353 2.234819093911189e-06 2.1881150087964805e-05 1.0397059729664367e-06 0.0002609009724351146 2.858634838317216e-05 2.709984939135175e-07 0.0013460447424270593 2.9892113041249e-07 0.00012087240553479466 0.002592661848927056 0.0009236197253735503 0.00017672053969819125 1.4582189325185502e-05 2.986059204441996e-06 0.0006930457277347821 3.721684720466337e-06 0.0 8.366080125375976e-05 1.3057816491089876e-07 2.2308914684357183e-07 0.0 1.2210735335620492e-07 1.182481917455575e-07 1.9433379717823498e-07 1.6133259686666587e-07 1.470458473261385e-07 0.00013601449797711812 1.128200948590062e-07 0.0018103226773659856 4.499427495582193e-07 6.125483005148595e-08 1.9181671347940344e-07 5.70925223342585e-07 2.584486165081275e-05 4.2499357992518285e-06 1.0248160494142927e-06 6.180368769307419e-07 7.975366752383006e-07 0.0 6.666900337085514e-07 0.0004926537245884297 0.0002584278214989851 0.0005101946245373507 3.563671959179174e-07 4.24281720911018e-07 4.0053770718232215e-07 0.00026504372838014983 7.157165201607938e-08 0.0 3.167374314095222e-05 1.026076605467789e-06 1.4082822081685843e-05 0.00016659461704578483 1.4313096321738734e-05 3.433007679414288e-06 8.297074321778764e-07 1.965901879362562e-06 0.00026206477478033684 3.140438967192556e-07
0.0036559783955288703 5.672587691813943e-07 0.0003098516584558368 4.717080653521409e-05 1.0347468957072462e-06 0.0012032991085964661 0.004311184739045776 0.005538379024053039 3.077769664996129e-05 0.0008676372063139746 0.00010571448749101344 0.0008398557353270332 1.2973069403745808e-05 0.0 7.333162646165131e-06 3.022566245213266e-06 0.0002257918615283388 1.3511609300192575e-05 5.3941235024111e-05 0.00029942631234654234 0.00019543624961381774 2.299785167461186e-06 0.00036006039357459825 0.00027172755682076277 1.0781629502115373e-06 0.00020793818544487247 4.260996010916958e-05 0.0003198500298304764 0.003370462276125636 0.0019874732362911876 5.161534226980257e-06 5.658434585858564e-05 1.9282934122896892e-05 0.00038127830553976296 2.4802265794727536e-06 0.00020617812643324737 7.485729029374848e-05 0.00034943292482487277 6.721031157336759e-05 0.00017913914050980543 3.1308626730802014e-05 4.795077879010073e-06 3.2925080601999157e-06 2.137981387986641e-06 1.1365173607206266e-07 1.0974167918649906e-06 6.676474619664139e-06 0.0 1.1359475088162833e-06 3.1519620685143345e-05 5.476708809367207e-06 1.8046825204389176e-06 5.237564457059852e-06 1.0500245993221852e-06 1.8721680123333844e-06 9.001820601489976e-07 3.923940378477034e-06 2.512472697400214e-07 1.074062842489626e-05 8.33266397270191e-07 2.708562369355762e-07 9.200316141034973e-07 2.4155918844565266e-06 2.169374278765841e-05 8.571133337755587e-07 5.35708430968481e-06 3.8599381691010044e-05 2.888418052346733e-07 3.3806089003365084e-06 1.2504917364273938e-05 5.4772860821639675e-05 1.224321124066343e-05 1.0946677878254512e-05 1.0072808006887671e-07 4.7643430168780384e-08 5.390960799927401e-07 3.2681033036077596e-06 7.427871025564958e-07 2.337114849996942e-05 5.161207948807957e-06 1.53274687687748e-05 2.8809612666586417e-06 1.878161244529725e-05 1.8841901517899224e-06 1.8459817151210156e-06 1.6105296582976553e-07
1.2183085806883838e-07 8.23349107944018e-06 0.0 6.596797302300767e-05 0.0005895151574822671 0.0013668170975148284 1.5124355578636096e-05 3.084432236282206e-05 0.0004803169292261291 1.6109873064459586e-05 1.3069198270054922e-07 0.0009100392998067456 1.6309661620024974e-07 7.333162646165131e-06 0.0 2.8284397088719227e-07 0.0 0.0 0.0 1.819369343935212e-05 1.982592253401633e-07 4.214001553106545e-05 3.988304441523454e-07 0.00036236274843158073 1.1197005381538187e-06 8.150194058813044e-07 1.7066567324229108e-05 3.1520863918278796e-05 3.077223008101385e-06 6.036971210157941e-07 5.2951205065005747e-08 0.00018045976308924118 1.8356574009276088e-07 2.088886185894066e-06 0.0 3.087962498584902e-05 3.0158855079426626e-07 3.803202779264845e-06 5.878104029603628e-07 0.0006405116614012098 8.086010209047138e-05 0.0 0.0 0.0 5.72142298528457e-08 0.0 1.1535388729622998e-06 0.0 0.0 5.990169461704378e-07 2.025667495420089e-07 2.7492048038051946e-06 1.9415174441058886e-06 0.0 7.10158041707857e-07 0.0 5.4425964855821194e-08 5.744020752856097e-07 5.618277272843319e-07 0.0 0.0 0.0 5.481525328280799e-07 1.787683790066121e-07 4.2270702531662723e-07 3.2614666537548724e-07 3.0363648974093777e-06 0.0 7.111379443632907e-08 8.202140801666049e-07 2.3390154121488232e-06 6.817890835252294e-08 4.475546969934921e-07 6.196859073370753e-08 0.0 0.0 0.0 0.0 4.101329954680392e-06 6.179723575489092e-07 2.1778497310009586e-07 6.790859300949329e-08 4.876078386544273e-06 0.0 6.07277158955342e-07 0.0
6.725211697797174e-07 0.00011463158107853413 4.028487416185345e-06 1.1721893956424793e-06 0.0 4.5966207008973273e-07 1.3928395740465933e-05 3.672590586512289e-06 6.531789188725719e-05 1.018531114689781e-06 6.528404694524898e-08 1.9089122828567996e-06 1.6001030202481083e-06 3.022566245213266e-06 2.8284397088719227e-07 0.0 7.69568637892701e-06 3.1206390359022127e-07 1.5398313621189062e-06 8.407274631419535e-07 0.001972576710158995 0.0009304342104452932 0.0013562197813009984 0.0013581843904733383 6.061223924860294e-06 2.4722045653942296e-06 0.0018341646216741697 0.0006236732859313825 1.2854509326994606e-05 7.552716073662568e-05 4.5522916549867807e-07 2.0677944211652774e-07 3.286557609240464e-06 3.360471959896443e-05 1.4810957199991504e-05 0.001207093854526273 0.0003268212633804126 0.00015718082671748886 0.0002156631384570448 6.903516059879515e-05 2.755312809012211e-07 1.632223124532805e-06 4.981239729793568e-06 3.797024654578288e-06 2.914026051730832e-06 0.00013183071861169464 6.393108546479555e-08 7.665174937041878e-08 5.994843941082513e-08 1.034558666810044e-05 1.3928929733433997e-06 1.1880361710391582e-05 1.2441107256941705e-06 1.1512853677042146e-07 1.7934145058565934e-07 6.632878522781501e-07 5.360180198577715e-06 4.13067635879984e-07 0.0003257015880426985 2.6102679246632674e-06 2.9243925001743625e-07 1.1891660041034178e-06 4.877242627020846e-07 0.00017888296789309504 0.00032960007317323043 0.0005666367356886831 8.070716637852895e-05 2.491807573902714e-07 1.0544975728412254e-05 0.001579058267557546 2.1832746703937276e-05 3.414590287886133e-05 0.00012142922458122955 3.527392786688813e-07 3.383869912001398e-07 1.053871728352322e-05 1.5027557443429207e-05 8.588297148937785e-06 0.00020481366346983303 1.8808833429227162e-05 5.346491510098557e-05 4.012212718172622e-05 1.1179097569909105e-05 1.2104336340259553e-06 8.218814405930241e-07 2.5821140056548785e-06
8.366597561433915e-05 1.4715893229646363e-06 0.003743586401328861 1.2486786468098635e-06 0.0 5.052488762011801e-06 5.826574685913306e-05 9.417843579069519e-05 1.727528589554644e-06 4.545362525916421e-06 0.00012880417630473844 1.315696282585008e-06 7.607294493930396e-07 0.0002257918615283388 0.0 7.69568637892701e-06 0.0 8.954346053940798e-05 0.00170267435162207 1.8084948060273358e-06 0.00023486785351276227 1.927838255574501e-06 0.0021275093759160033 2.82551074370886e-05 4.039215128152729e-07 0.0019589213987657294 0.002254667972462624 4.7249552133650995e-05 0.0005304042474324638 0.0014118713199029592 4.625037267540031e-07 2.013637405961083e-06 4.010716180181668e-05 0.001554124825745515 3.5872499345885734e-06 0.00029042754937932686 0.0009820927129084605 0.0011057541957138518 0.0005222995920673696 1.1432911896971915e-05 1.6674846547446929e-06 5.502987691301215e-06 1.357730463387778e-06 2.9744803386595293e-07 4.514688211979766e-06 1.9195241132383065e-06 9.105168344704113e-08 0.0 5.0181132755970354e-08 5.019867464241387e-07 2.1300466789736066e-07 2.759194920342075e-07 2.1733221588181367e-07 2.9246626362227105e-06 0.0 1.778245512803232e-05 4.98549221052823e-07 0.0 6.418179363739127e-06 7.0876242487826995e-06 7.070063505879392e-06 1.2255775334534841e-05 0.0 9.234583013020631e-06 9.725842699804843e-07 8.599852801781184e-06 4.1278959560653326e-06 4.72580117602694e-06 8.636410543655047e-05 0.0001310702561549708 1.5489749674285168e-06 1.8056549537542209e-06 4.951058502934163e-06 1.2398650612092246e-05 0.0 7.980537267663688e-07 3.5121650910308567e-06 1.2190162834992431e-06 1.42662727069636e-05 3.702523247236471e-05 8.37924985798866e-06 3.954901663088184e-06 7.585781649920225e-07 1.0125496228617685e-07 2.4832312111876153e-06 0.0
3.5548560396958533e-07 7.167496992771034e-06 7.4588793273452124e-06 0.0 7.080840981657807e-07 4.644831324068474e-06 1.1433247715910135e-06 1.596937138526377e-05 7.532518807810301e-07 6.841943064167838e-07 0.0018308180350993179 3.7122836022169027e-06 3.573669726639735e-05 1.3511609300192575e-05 0.0 3.1206390359022127e-07 8.954346053940798e-05 0.0 0.001383971195960807 7.331624000246041e-07 5.633943546180604e-07 1.7134040749972995e-06 4.3341429234964135e-06 8.277889905314809e-07 3.880457294465372e-06 0.0012313905658621921 0.0005269400572836527 9.078280818363316e-07 2.584389326497951e-05 3.51370491190233e-06 8.516240927104779e-05 1.8120997495240388e-05 1.667964000982745e-07 0.0002525196895471042 4.057694626595557e-06 0.00024909667959089905 0.0003766162958549396 0.0005440124953718923 0.00011374509812770002 8.655302417194696e-06 1.9619875178787333e-07 1.1793083916767682e-05 6.704006363239463e-07 0.0 2.993428559176843e-06 9.550335675793363e-08 0.0 0.0 0.0 0.0 0.0 0.0 0.0 7.726872491439048e-06 0.0 5.624941083551564e-05 7.573188372978328e-08 0.0 6.230357423500759e-08 1.4765913432074067e-07 7.97127709029294e-06 1.2925384976131478e-06 0.0 0.0 2.3283697904420473e-07 7.070769579779e-08 1.6607932055705724e-07 7.4515328651078805e-06 5.399991827251007e-05 6.152305378472522e-05 2.136907027552365e-07 7.835180628011635e-08 6.826829628814064e-08 2.340287709333603e-05 0.0 0.0 7.285379209738879e-07 3.832017235138549e-07 6.059462110469809e-06 2.4050810961649266e-05 1.818357905634192e-06 1.078400126556756e-06 6.753813967952417e-08 0.0 3.6483814633061985e-06 0.0
1.1023820132095816e-05 3.7844311525643464e-06 0.00020544297170309376 2.839161607113893e-07 1.5149796429599786e-06 7.45737965322325e-06 5.886834337783984e-06 3.8876872716185646e-05 9.647957738727227e-07 2.019262788033637e-06 0.0009494303142280232 6.962715389326507e-06 5.879986738201504e-06 5.3941235024111e-05 0.0 1.5398313621189062e-06 0.00170267435162207 0.001383971195960807 0.0 1.4971362896762377e-06 8.975242705619577e-06 1.7706879589264702e-06 0.00011450472752029763 4.085904439767169e-06 2.342846714417809e-06 0.003468060677857028 0.0009638469978878924 1.0956694694439797e-05 0.00014675938046588292 9.433616654052245e-05 2.457068910088742e-05 3.172483783351674e-05 1.1953714464328122e-05 0.0022818464977029666 1.4134547239201349e-05 0.0007446827709592337 0.0006602853592932468 0.0015261539656149699 0.00038225031227868603 2.0132678307935746e-05 7.020446979704641e-07 8.636585891183086e-07 3.157412912936738e-06 0.0 5.956540009014479e-06 6.172450734699752e-07 0.0 0.0 0.0 5.715292938276085e-07 1.4382726364946715e-07 1.123490076206385e-07 0.0 1.209723223483929e-05 0.0 8.394804417006241e-05 2.1651914883479183e-07 0.0 6.702103321861765e-07 1.0546390950924512e-06 1.5699177424733393e-05 7.748931352605285e-06 0.0 9.94800845615064e-07 1.4216336322892055e-07 6.527942457577185e-07 4.179910945340674e-07 1.2089639978667685e-05 0.00012483268430641382 0.0001465502404719539 3.203336952888475e-07 4.168019206524423e-07 6.867260922794887e-07 3.679292429818715e-05 4.25527742650981e-07 0.0 1.3470662751445281e-06 2.3438309964412047e-06 2.2223487841283873e-05 4.7125793533501015e-05 7.700301328656154e-06 2.951112946760798e-06 9.430597003546735e-07 0.0 4.341096169608808e-06 0.0
3.3647269118458846e-05 0.0 3.2470188403687615e-06 0.003234513705539113 1.2347784756762874e-06 0.00010080113697132987 7.691983606911455e-05 0.00016034673854165314 0.00019115865757181566 0.006595686072845015 7.499825746389972e-06 0.002521413075635138 2.0774432788870094e-06 0.00029942631234654234 1.819369343935212e-05 8.407274631419535e-07 1.8084948060273358e-06 7.331624000246041e-07 1.4971362896762377e-06 0.0 3.8132411069971136e-06 3.7625410038785066e-07 4.994522562635698e-06 0.0003738366826846172 5.503805553527266e-07 5.289410955112067e-06 6.169469128999716e-06 0.0022152400728337593 0.0003308436919562815 2.702253973349975e-05 6.343846684258468e-07 1.1424301132566676e-05 1.1389078257525133e-05 0.00012031899388459504 4.777539937049545e-06 0.0005328711524743315 9.114802122598707e-06 0.0001860669263273005 6.585254346572628e-05 0.00013245256649244757 3.275363606358178e-05 2.696332438807849e-06 6.325012891895676e-06 1.488276256071737e-06 0.0 5.944390608481971e-07 0.00012458167346532205 4.991047713452412e-07 6.7943528349272846e-06 9.946163344503016e-05 2.034081239385091e-05 6.833611608069075e-05 7.055111111863997e-05 8.792856083647164e-07 6.649445377662743e-05 2.120070593199239e-06 1.6376654654280964e-05 1.255740247183341e-05 4.683292856161438e-06 1.0655286758240944e-06 7.211442660875431e-08 5.673035165561291e-07 7.287624779872139e-05 1.3837072841387673e-05 0.0 1.8576806663774203e-06 0.00019316999594692864 2.1860016497983111e-07 1.8777294396116128e-06 5.07476555395586e-06 0.00023635682344851192 1.4495647623968605e-05 5.551873530612869e-06 0.0 1.1230526811089944e-06 8.045092661023821e-07 6.61069917558938e-06 1.1090152198416297e-06 6.608256145934647e-05 4.469856736594635e-06 2.258574993732826e-05 6.820829021121195e-06 0.00011437230717883122 2.6213543442515997e-06 2.561554746129781e-06 6.915276229206745e-07
6.126419541761293e-05 2.571022382706006e-06 0.0004247959923911261 4.836845135809637e-06 0.0 3.4164036548382024e-05 0.0008549672781834818 0.0001259998263965548 3.703057258896963e-05 2.0813248820881168e-05 4.563428464010141e-06 1.2545561973148231e-06 1.2819497466533925e-06 0.00019543624961381774 1.982592253401633e-07 0.001972576710158995 0.00023486785351276227 5.633943546180604e-07 8.975242705619577e-06 3.8132411069971136e-06 0.0 5.9259007502398594e-05 0.005743837199544557 0.00032077845848972494 8.782295092844777e-07 0.00010478637732015556 0.0002684034240551124 0.0037598990520887774 8.403823797423641e-05 0.004145302979677901 3.066590501609813e-07 1.4781343532353395e-06 6.138075393246642e-06 0.0014553739997513434 5.5386007058472596e-05 0.003818481608083612 0.0007461736927808101 0.002050204735495958 0.001426792897271143 0.0002157269784493671 2.10666758332844e-06 3.806271548883494e-06 1.6414998481322992e-05 5.524027781013962e-06 1.9037279618856534e-07 2.7658247417379475e-06 1.4185818613322629e-06 2.879072565040672e-07 3.536422829799064e-07 1.0409678016306922e-05 2.3430450257797536e-06 4.932257449017236e-06 2.2284709673484424e-06 3.4043431138942155e-07 3.3456464985044255e-07 1.660998890903136e-06 4.786153116210814e-06 2.977654274145757e-07 0.0002507037818673266 2.345357957687764e-06 9.879902188847536e-07 1.328452828315589e-06 7.668261094429838e-08 0.00019773323812376486 5.21685065124158e-05 0.00041364947569757365 6.468359218925124e-05 1.0900450795958221e-06 5.6014439055736765e-06 0.00017316306965648438 2.2288854012822754e-05 5.346664051474098e-05 0.00013368587943628693 2.1362539752863016e-07 1.6695674676513263e-07 1.643597960597425e-05 2.012016931475322e-05 9.902828161055498e-06 0.00015620132179488018 1.671651984238911e-05 3.909553099934571e-05 2.2414122422966373e-05 1.1859170841481359e-05 1.6913538810122577e-06 3.41764376176107e-06 1.1768709666974823e-06
4.4703353694687427e-07 0.0010674569226426557 1.741570548448165e-06 3.4504773902116e-07 1.226569808204889e-06 8.931038509843756e-06 5.910492156548299e-06 2.0931294386748085e-06 0.0011597916452155748 6.133463106234262e-07 2.3607245609464224e-06 1.3131984742088584e-05 4.930891350195852e-05 2.299785167461186e-06 4.214001553106545e-05 0.0009304342104452932 1.927838255574501e-06 1.7134040749972995e-06 1.7706879589264702e-06 3.7625410038785066e-07 5.9259007502398594e-05 0.0 0.0001360323857840385 0.0021407446738508393 0.0002236611172786113 9.417856651559183e-06 0.0021351704740963573 0.0001426258344232268 1.1483714362094469e-05 1.4002207717673622e-05 1.5900905700790553e-05 9.140241436205875e-08 9.632425173444882e-07 1.0910479228149992e-05 1.9189921649925627e-06 4.017051697369099e-05 1.2657886089326398e-05 1.4055337011949382e-05 6.535029888592081e-06 0.0001177764611177627 0.0 2.290312560226028e-06 6.312533898146647e-08 9.445423491114697e-07 9.294737084357091e-06 3.979968570197789e-05 3.469156539004312e-07 0.0 0.0 1.496781621907791e-06 3.106086945492369e-07 1.0550927701469105e-05 3.2809996267089864e-07 3.364115758076513e-07 1.0623269382179116e-07 2.160847586399655e-06 4.908442762665834e-07 2.7971147154626473e-07 8.224998907403808e-05 2.122946163261753e-06 8.19687266615353e-07 1.0723694850973635e-06 0.0 2.4246222773821452e-05 2.387924519332382e-05 0.00012564799200288367 2.2710304190052485e-05 2.4233174939084903e-06 1.0761022512057223e-05 0.0007424903113896767 4.26268580644871e-06 5.415382352997899e-06 1.8835467062854787e-05 1.3056262731010618e-06 0.0 2.052291859131209e-06 2.4019823995936094e-06 1.0619558745230695e-06 4.355668023633233e-05 6.634885696221273e-06 9.948935714835795e-06 1.0897230037856693e-05 4.849962101997592e-06 6.670553332701262e-07 1.9379976224758208e-07 8.404120189461428e-07
