0.0 0.0 4.026278805172836e-05 3.3969139509092577e-06 1.7120690779400732e-07 1.215833975000766e-05 0.0009070572964754368 0.00047409738457566844 3.6391206758568502e-06 1.8940875659642583e-05 1.0091421719367886e-05 1.2426845784325485e-06 7.447275760843488e-07 0.0025391923487975815 0.0 1.9393222696179447e-07 3.683867058227483e-05 1.1594215092784941e-06 5.1246076667186605e-06 3.494250924641016e-06 4.312981233961363e-05 0.0 6.509533112427829e-05 3.6801054529898814e-05 6.909547748530703e-08 7.951758902957395e-06 4.874995795253016e-06 9.083236441629918e-05 0.0013866121467076163 0.0017541917429867815 8.285260481470702e-08 8.841874270353558e-06 1.8540009180497808e-05 2.5352713323798528e-05 0.0 4.684729820669417e-05 3.0904952782188304e-06 3.211822038650605e-05 6.783687579494095e-06 1.3346302066971845e-06 1.951994627197836e-07 2.4495429201065333e-07 0.0 5.376822977660328e-08 5.894914571830318e-08 6.451081946676106e-08 9.953037669954742e-08 0.0 0.0 1.6932488506425345e-06 1.368337281070337e-07 9.711039714706308e-07 0.0 0.0 0.0 5.8054562744312e-08 8.946246875247538e-08 0.0 8.593408930812329e-07 0.0 0.0 0.0 4.842416281663514e-07 8.001350803860631e-07 0.0 5.753792498364785e-08 6.000752268526654e-06 0.0 5.476548429502005e-08 2.2304927562048712e-07 6.2192467115031565e-06 3.6191646520267274e-07 3.793023649240314e-07 0.0 2.0354323504811506e-07 5.7430697830144076e-08 3.5857331365432185e-07 0.0 2.171160665987452e-06 5.1154490662664004e-08 6.22886373299346e-07 7.655642427246835e-08 7.921781743420536e-07 0.0 0.0 0.0
0.0 0.0 0.00017501263626053248 5.446694929002524e-08 1.676967317712519e-07 5.254774645195436e-08 1.8545436958953356e-06 3.763331892670107e-07 0.0003158350383422147 1.550517236914271e-07 0.00014313158810030818 1.3108352344792294e-07 0.0005757820918772876 3.8729279628945747e-07 3.81669525952583e-06 0.0001057207972558578 0.00010490543914425317 6.103024884207341e-06 0.00021070902409343843 0.0 4.112488259262042e-06 0.0017021225703079007 7.0383545528628976e-06 0.0007123785042603149 0.0011095828048268345 0.0008600881667436558 0.003704972334718524 1.0253104496521392e-05 9.65231906249377e-07 7.496535601420311e-07 6.180633210500164e-06 3.8619262461986483e-07 0.0 4.780069012456323e-05 3.2019246641853472e-06 0.0001328982318522289 5.6543258102685726e-05 0.0001692850949524219 7.945297542764362e-05 6.954483733766616e-06 0.0 0.0001025373181260654 0.0 0.0 9.337666526495772e-06 1.277057131822309e-05 3.032939487324798e-07 0.0 0.0 0.0 0.0 2.9833481964770376e-07 0.0 2.71355656927734e-06 0.0 3.907963219152385e-06 0.0 0.0 3.0055287479884524e-06 2.911571964887551e-06 8.193716507393597e-07 7.236730582371938e-06 0.0 4.624108048217731e-07 3.960612361578223e-06 9.514073202530266e-07 2.1566054355615394e-06 6.312044432773985e-06 0.0001636098398354198 0.0009196489204425579 4.980412850775461e-07 7.278154359387304e-08 1.7343720327253205e-07 4.152878832061264e-06 0.0 0.0 9.033044617716992e-07 0.0 5.191168791529965e-06 5.956352411135464e-06 3.6460660623839287e-06 2.594355238956789e-06 4.2257333050143807e-07 0.0 4.704687938891296e-07 0.0
4.026278805172836e-05 0.00017501263626053248 0.0 3.740526885996044e-06 1.8343286322102264e-07 5.3906705572021885e-05 0.0005991638288799598 0.0004091633429012173 1.2280480085968938e-06 4.582988009109068e-05 1.403906444808617e-05 2.8733229482634097e-07 8.752192118247137e-06 0.0003116500941029905 5.961704594210107e-07 7.086851210077142e-06 0.0034082458439099435 1.016775229238785e-05 0.0003449352866435243 1.4196608680191864e-06 0.0004951508960372799 5.147565966469087e-05 0.005811802877417339 1.6097746896171123e-05 2.649255089951221e-06 0.003970896146164761 0.006159084219614105 0.00010198529113831806 8.752087818567636e-05 0.0007215770423310673 0.0 2.413239798228262e-06 6.781978635841282e-06 0.0005213602245659044 1.1176038249878724e-05 0.0006727407992965839 0.0010762134831641698 0.0013145736416838969 0.0006635543704665539 1.7462965446880498e-05 2.234532460381282e-06 6.395812726897611e-06 5.117312207383015e-06 5.606583021978965e-07 0.00015024120767411677 0.00037553602993424295 2.2433711065430813e-07 0.0 1.1777391934737167e-07 3.892475364435978e-06 1.024734534702289e-06 6.440938704800475e-07 1.3320507614161061e-06 5.776231289528547e-07 0.0 7.071136390955059e-08 1.173310273903259e-06 0.0 4.275732001209026e-05 7.117837069010845e-05 8.030276584281828e-07 1.0724686780304218e-05 0.0 3.7255361710334466e-06 3.5846822213073995e-05 0.00012300508531703068 1.3409576826892307e-05 3.83863401119157e-07 0.00018219599798554944 0.0015418254725736076 7.227508908521639e-06 5.010686219975984e-07 1.0020174869360286e-06 1.10870939598712e-06 6.834836551927678e-08 6.312481303800388e-08 1.0017059292273088e-05 9.18356570499074e-07 5.0793053768409694e-05 0.0001254790373926097 7.942304275065835e-05 2.4841236042217607e-05 2.863125106422628e-06 0.0 0.0 1.0916146670296466e-06
3.3969139509092577e-06 5.446694929002524e-08 3.740526885996044e-06 0.0 1.2165357071582789e-06 4.9514862491562125e-05 3.7050411057494926e-05 1.349878607508522e-05 0.0011508467189714517 0.004364505614177589 1.9936164226749336e-06 0.0011687445355867058 4.6370937524742195e-07 3.152708260350733e-05 4.959970370689026e-05 2.4922666896898584e-07 1.2998488325526042e-06 2.1682226506965267e-07 3.435407068952008e-07 0.004762603673041938 8.675973640940286e-07 1.8540241148150672e-07 3.1117938281601083e-06 0.0007987113905096456 1.1695736405339248e-06 1.6731387402677893e-06 5.527212031498795e-06 0.0011277354122567198 7.457827664621832e-05 2.465199126366076e-06 0.0 1.5826626643410053e-06 4.06609473661205e-06 1.584188584616473e-05 1.684205958699462e-06 0.00019177674690032422 2.7622193596511714e-06 5.1547531873060134e-05 1.5722773734476926e-05 0.00013478989367638944 4.271802064235285e-06 1.435248748065354e-06 1.3885874387909453e-06 2.0697615982510134e-07 0.0 6.264012158503575e-07 0.0001693845014799369 9.044262983335082e-07 2.2761019535047625e-06 8.054866466708542e-05 4.45808602568742e-06 0.00017354252593187306 5.391473185405001e-05 9.253753379849055e-07 0.00011082939612009708 2.1916826113456674e-07 3.9354927806576875e-06 1.3005654405563867e-05 5.196635645227209e-07 0.0 9.114923649257691e-08 0.0 0.0001889545848324604 3.96465237870517e-07 1.4275044622005229e-07 2.863629760950717e-07 0.00017393089511559128 0.0 5.119082065471304e-08 9.780542820169135e-07 0.00016312608883050552 2.881620110768772e-06 1.7461067706903288e-06 0.0 9.493637215573258e-07 5.9061590034551346e-08 2.22812237772789e-06 0.0 3.4343464930519634e-05 3.211678571824954e-07 6.012195289054686e-06 1.4708350507972656e-06 7.467631690695673e-05 1.153645789247146e-06 9.990297323167672e-07 0.0
1.7120690779400732e-07 1.676967317712519e-07 1.8343286322102264e-07 1.2165357071582789e-06 0.0 0.00013761111669853465 6.688368015647936e-07 1.297737564047376e-05 5.286260357441396e-05 2.5552034709535094e-06 4.7369954231978395e-06 5.3460200925864854e-05 4.731175993087736e-07 3.3295971139342624e-06 0.0012216667169095859 0.0 4.8330381444290746e-08 3.6138241709253137e-07 7.365270281440376e-08 1.4420396202166974e-06 1.1722004839564123e-07 3.270306051928342e-07 5.226048162767917e-08 1.6195651332415262e-05 2.744934317153405e-07 7.478755653397885e-08 5.393768258871642e-07 2.364679885391614e-06 0.00011638394357284926 3.268781547060809e-07 0.0 5.8465769350833966e-05 0.0 8.352825226768935e-06 0.0 1.8931274341138703e-05 5.045150313774563e-07 2.1423844664154326e-05 3.098704030216882e-06 0.0009345654802661962 3.078325664980335e-05 0.0 1.6633007281618001e-07 0.0 0.0 0.0 3.053813525805171e-07 0.0 0.0 4.837198722779228e-07 0.0 0.0 0.0 0.0 0.0 0.0 0.0 0.0 0.0 0.0 0.0 0.0 0.0 0.0 0.0 0.0 5.211493982112792e-07 0.0 0.0 0.0 2.4266587092168957e-07 0.0 0.0 0.0 0.0 0.0 0.0 0.0 5.600904435455967e-07 0.0 0.0 0.0 0.0 0.0 0.0 0.0
1.215833975000766e-05 5.254774645195436e-08 5.3906705572021885e-05 4.9514862491562125e-05 0.00013761111669853465 0.0 0.00041303108651363703 0.003713089920303456 5.076942857383859e-05 0.005328757811686385 6.430267487639677e-05 0.002886556449036606 1.0804087798190315e-05 0.00046436341511378875 0.0012045023675773486 3.3812363610168416e-07 2.3415705204557343e-05 4.556381174734502e-06 5.566533557341927e-06 0.0002270028627020392 1.1021286114924477e-05 0.0 3.253647261087761e-05 0.00012773159812528358 1.7633350582217782e-06 1.629116654976783e-05 1.130504409867504e-05 0.00033795149446609667 0.000157103036617857 4.299997540511108e-05 2.0245011070769652e-07 0.0005710250054416205 2.6939228805385962e-06 7.390747504611065e-05 2.199100331344775e-06 0.0002523459100454147 1.3661888177996141e-05 0.0002413194710335251 2.848582543759072e-05 0.0014923477498633183 4.872533997586033e-05 5.414708353683647e-06 3.4158419837245832e-06 1.0801310302756313e-07 5.810729292904266e-08 6.977140627686045e-07 3.808436859311624e-06 0.0 0.0 1.3419224414538828e-05 1.6284022273271193e-06 5.871394457334349e-06 2.000080166441868e-06 1.2153304950275394e-07 3.2057569138471348e-06 1.422870258962202e-07 4.0935692623982883e-07 3.7794270972274234e-07 7.9044249124465e-07 2.104305791541384e-07 5.7768288269836425e-08 0.0 7.854831165531237e-06 7.626010725488479e-07 9.052739981479858e-08 6.85152632289069e-07 1.3079185616226253e-05 0.0 1.203201918715621e-07 2.0053848681857205e-06 2.3800976031390725e-05 3.149682040545255e-07 1.3354010197146192e-06 0.0 5.882220109642904e-07 4.995276456321977e-08 9.878719681836152e-07 3.825904767919189e-07 7.126527439604506e-06 2.9959501203791803e-07 1.0369232212856458e-06 5.177524746302084e-07 1.2664022740517793e-05 0.0 1.6321533277263263e-06 0.0
0.0009070572964754368 1.8545436958953356e-06 0.0005991638288799598 3.7050411057494926e-05 6.688368015647936e-07 0.00041303108651363703 0.0 0.0018761973044978647 0.00014166888804421725 0.002788056402669002 1.8652164726589994e-05 2.8926870400183034e-06 3.039480082236182e-06 0.00468481590284058 2.745929194832303e-06 2.377519293591144e-05 8.967606590380863e-05 1.953123372439847e-06 1.427826822248717e-05 1.9568164981579247e-05 0.00012131570539068369 7.655164211096996e-06 0.0005837634237186077 0.0007742897660578189 6.324200112979219e-06 7.733191113882453e-05 0.00031088483079587875 0.010636734217534236 0.0008525472717228071 0.00266217432594998 1.2665047609950026e-07 1.3373948660093667e-05 3.952438097917733e-05 0.00018221076468338742 1.7828557171494725e-05 0.0010514630630423549 5.2567758303783386e-05 0.0005933344175135546 0.00026804804678757794 6.100109564564702e-05 3.2113460860442686e-05 2.8654900894739004e-06 1.1302127748276331e-05 1.6426573104585638e-06 1.104376698803193e-06 4.541729305975143e-06 3.572735345661635e-05 6.293311221571237e-07 4.056923538910339e-06 0.00016972377772474936 1.644307131416761e-05 4.989966072347113e-05 3.7436187374711625e-05 5.06959522483621e-06 6.810358056123622e-06 6.148359821956521e-07 1.345458153844291e-05 2.9343202086724993e-06 2.372112055782718e-05 5.529213607671799e-07 2.7825271240389235e-07 4.4434793366859196e-07 5.634789879750828e-05 7.5361158462450964e-06 7.655141021066092e-06 2.378104170414401e-05 0.0002008911386287431 1.0065152239333622e-06 2.7009812818234077e-06 5.204359862247561e-05 0.0003211156139963366 2.010584384877357e-05 1.1120455215978528e-05 0.0 4.039109098985091e-06 1.407034589434772e-06 5.443208303498005e-06 1.0879730636656838e-06 6.242985447698093e-05 2.2531028224243783e-06 3.705302316847379e-05 8.500000048834563e-06 4.706510403172521e-05 6.090936623055059e-06 2.023070249686483e-07 4.081672784465407e-07
0.00047409738457566844 3.763331892670107e-07 0.0004091633429012173 1.349878607508522e-05 1.297737564047376e-05 0.003713089920303456 0.0018761973044978647 0.0 3.51613262106638e-05 0.0016012774634588383 3.705590470213495e-05 0.00045509129960284543 5.88966282607095e-06 0.0033590944282632066 6.530110508263602e-05 2.078827680224994e-06 0.00022614267269492397 2.949561608899174e-06 2.407345330502261e-05 0.00015844158014425064 0.00017705608228786959 2.3123610523537415e-07 0.00035047249229088953 0.00016945016247185395 8.952292921160188e-07 8.76327844884538e-05 3.803595123915255e-05 0.00037428575470092927 0.00035726256801084686 0.0010637232918416044 3.255528329516448e-07 0.00032403517488725786 4.849273237876287e-06 6.761941007583808e-05 1.5994138488757916e-06 0.00019376244984577453 1.94356804538452e-05 0.00018713532086661299 5.187598064332042e-05 0.00032512185868978604 1.6437672596536577e-05 3.0615192672558005e-06 3.4166847119830664e-06 5.455145821526584e-07 3.3779845276428134e-07 8.890620868088835e-07 4.850504535820747e-06 0.0 6.679092557880721e-07 4.418512127420294e-05 2.4595137618890455e-06 1.2241133365626907e-05 5.544327684566832e-06 1.369122477928261e-06 2.0509009963728444e-06 0.0 3.293178869833885e-06 2.0740144772024913e-07 3.3413565947986637e-06 3.351554626786607e-07 0.0 0.0 8.345269341088584e-06 2.7314869078589376e-06 5.464154122531852e-07 1.5426644602095925e-06 6.126577269845737e-05 0.0 8.931772992154165e-07 5.1592028471781144e-06 7.494323643654816e-05 5.517314178496514e-06 4.549011494623474e-06 7.858329001795486e-08 7.297213284754942e-07 2.3459006348073842e-07 1.7377025751400233e-06 0.0 1.4126695363919237e-05 8.418487882473638e-07 6.213984412576324e-06 1.0693108407365746e-06 6.02940797659609e-06 4.1278098936680816e-07 0.0 0.0
3.6391206758568502e-06 0.0003158350383422147 1.2280480085968938e-06 0.0011508467189714517 5.286260357441396e-05 5.076942857383859e-05 0.00014166888804421725 3.51613262106638e-05 0.0 0.00016417726196133527 7.981371914834337e-06 0.00044807728204856865 2.429754995874557e-05 2.094340799160928e-05 0.00040318886773049555 0.00011553740500293283 1.2740937164358627e-06 7.769613268676118e-07 2.9396393497164316e-06 0.0006507693089759641 2.8418626095715953e-05 0.000982685641616318 2.7612220183781126e-05 0.005606453411513696 0.00022202925821695395 1.1538812849221365e-05 0.0005418918674808556 0.0007409177370402541 3.0667058321527576e-05 1.637046509814086e-05 1.320334024049056e-06 5.3044819535415216e-06 1.257489701842698e-06 1.014797165950724e-05 0.0 5.8737562665125874e-05 4.436581760285767e-06 6.666959015162628e-05 8.045127208323173e-06 0.000353800348766016 8.093332140177644e-06 7.527467434395604e-07 4.735274535926442e-07 1.5451929777425754e-06 4.5675959949003095e-07 7.083993904333488e-07 0.00018068259801727672 3.8809846961983853e-07 4.3727245241499605e-06 9.944091596192637e-05 1.0827056327461894e-05 0.00019881169716536493 4.8601601912528735e-05 2.267152463431991e-06 5.740520514483999e-05 1.0492970636675374e-06 9.735867609881062e-06 1.3016352584007613e-05 0.00015698275756115474 6.886800285141399e-07 2.0419775723067982e-07 1.2511698281718537e-07 0.00015319978973363254 4.4499565191034946e-05 3.347170804973044e-05 5.5466236877738664e-05 0.0006579737125918683 1.1485048596689557e-07 1.1475529948625548e-06 1.0427248278723354e-05 0.0003589155393866373 2.2840250941665642e-05 3.3937372371520904e-05 1.28659222405053e-07 8.298167472725116e-07 2.5686032166928214e-06 7.408849705327771e-06 1.7015074726950949e-06 4.310874986529619e-05 3.585688966942156e-06 1.6094378752155228e-05 3.639050040147742e-06 5.897773692687091e-05 1.1202972571540465e-06 1.120290031561909e-07 5.153506228365961e-07
1.8940875659642583e-05 1.550517236914271e-07 4.582988009109068e-05 0.004364505614177589 2.5552034709535094e-06 0.005328757811686385 0.002788056402669002 0.0016012774634588383 0.00016417726196133527 0.0 6.177251653582726e-05 0.0017747471867922808 1.0887397306827172e-05 0.0007717398076616286 1.639622619597039e-05 2.0946624703218023e-06 1.0229071586821982e-05 5.067259532370611e-06 6.184205334883587e-06 0.003799462143722195 6.3496505499608086e-06 9.40325218844565e-07 3.458771904918336e-05 0.000876486117019785 4.7105285070275225e-07 1.660108373612177e-05 4.1305649026156764e-05 0.006297119737238623 0.0005141323484752911 1.1681587372825742e-05 1.516901159842107e-06 3.500337965489411e-05 9.679537127295898e-06 0.00014523095539373178 7.939007420389913e-06 0.0008403233291500683 2.0115208406331556e-05 0.000542975290124876 9.590273507314434e-05 8.627276539303437e-05 4.481350544765006e-05 5.009761031231786e-06 1.1699749980126548e-05 1.2132225949000495e-07 2.2876048030448903e-07 1.177602485587378e-06 8.473333984015324e-05 3.552159961424373e-07 1.7402292743907735e-06 7.692228293596758e-05 5.385503908635841e-06 5.9989187681834014e-05 3.568927862667637e-05 6.671203431377001e-07 3.581190124714446e-05 5.560032580383927e-07 2.1112204019580904e-06 6.871830216991423e-06 1.8181264817587497e-06 1.308733870660417e-07 0.0 4.777803642353155e-07 9.847305472053442e-05 1.4760981063513455e-06 1.1475033189166063e-06 3.115506039503384e-06 9.33395715745642e-05 2.1197125445320006e-07 3.164022741397575e-07 7.323874388713967e-06 0.00011890004107749704 3.381633752738834e-06 2.0857495083110396e-06 0.0 3.7798444702469724e-07 2.8594540104416333e-07 9.83707111522327e-07 6.55259375187233e-07 3.0034294409281036e-05 6.736651292094358e-07 5.487901831295972e-06 7.170204448599752e-07 3.676192981825206e-05 8.634054629604127e-07 6.857218893152858e-07 5.11238024953534e-07
1.0091421719367886e-05 0.00014313158810030818 1.403906444808617e-05 1.9936164226749336e-06 4.7369954231978395e-06 6.430267487639677e-05 1.8652164726589994e-05 3.705590470213495e-05 7.981371914834337e-06 6.177251653582726e-05 0.0 0.00010287529323742693 0.0010109764448954944 9.594964932964172e-05 1.5976943865196858e-05 6.643420039256654e-07 0.0002525081515105814 0.001832684508995879 0.0007939743523429506 2.987388251633418e-05 8.077605745847105e-06 1.4489575930690435e-05 2.607104460753747e-05 2.6336256607695606e-05 0.00042898204890044414 0.0015054302943459637 0.0003075875862786651 2.7108488241797217e-05 0.0005330466809459832 2.280239775597221e-05 0.00011413728260349985 0.00018509068562327515 9.287137516998149e-07 0.0030955641477232562 7.936110797759217e-06 0.0003948712099439529 0.0019087061234722526 0.0029173763236365275 0.0004013297054907729 3.473532636492928e-05 9.91154379360372e-05 0.00036176426332937164 3.4825775408267937e-06 1.422142470701462e-07 3.690641191882653e-06 9.631706397132512e-08 3.9427326892923733e-07 0.0 0.0 4.528733567494484e-06 5.3643873532965396e-08 2.5727457112556335e-06 2.0744205998483167e-07 7.129205993151431e-05 4.726090269568775e-08 0.0002408552336394171 2.60586044552944e-07 0.0 5.847865786216111e-07 1.6440341462481762e-07 4.244870563089772e-06 2.538769198354599e-07 1.9051691852704373e-07 1.0661022103822054e-07 8.447488097585772e-08 1.0965755906282595e-07 1.1660344258704848e-05 1.7965275678344666e-05 2.572200001182392e-05 2.8249303106577357e-05 1.2616208763111616e-05 1.0770428383410921e-06 9.136012910556512e-07 9.046990462142807e-06 6.015588694913265e-08 9.742548723544811e-08 1.9014739128701344e-06 6.756194141988083e-07 6.462800347830821e-06 8.963612237490892e-05 1.562104182205703e-05 2.1517519847231804e-06 5.28457292379009e-07 2.787566103047343e-07 0.00011593071117943713 0.0
1.2426845784325485e-06 1.3108352344792294e-07 2.8733229482634097e-07 0.0011687445355867058 5.3460200925864854e-05 0.002886556449036606 2.8926870400183034e-06 0.00045509129960284543 0.00044807728204856865 0.0017747471867922808 0.00010287529323742693 0.0 1.5454283815131043e-05 0.00037866588754863944 0.000637787399518069 0.0 5.833393368840441e-07 5.322287630851745e-06 4.565924181442182e-06 0.004053896609376618 3.0379974018213857e-07 3.127224789261227e-07 8.380139359463026e-07 0.0004191215662685225 3.4841332932112045e-06 5.4020582829356466e-06 1.4125749191643485e-06 4.635737492984323e-05 0.000267094695517626 1.3926417328006047e-06 3.962231924180922e-07 9.987673797020871e-05 0.0 0.000117540730605089 1.447765070092217e-06 0.0006864685268205727 1.7061526799081098e-05 0.0005384397074249324 2.9460105781742048e-05 0.0014190917213258594 3.890234095881673e-05 1.104289507218415e-05 9.463417586714259e-06 0.0 0.0 0.0 5.6863309736609056e-05 1.2988998397606226e-06 2.8449345078750913e-06 2.545871220982825e-05 2.094873779277846e-06 4.3169093744405684e-05 3.66328391757059e-05 3.7327161397368606e-07 0.00010014683706140717 1.333550697685811e-06 1.6283016157102767e-06 1.747985800186848e-05 0.0 0.0 0.0 0.0 0.00010545551154990621 0.0 0.0 0.0 4.58051136253333e-05 0.0 3.637656305029149e-07 3.8672624093749357e-07 4.022777879017209e-05 5.250934227128501e-07 2.1440788020125627e-06 0.0 2.2450250699364209e-07 0.0 1.7090824602423814e-07 4.295790095243177e-07 5.8935222485544e-05 1.6694416891992457e-07 4.9582052072549274e-06 6.191128196894822e-07 0.00010914678105931574 3.852986794311446e-07 3.8342227475773395e-06 1.5465660581257483e-07
7.447275760843488e-07 0.0005757820918772876 8.752192118247137e-06 4.6370937524742195e-07 4.731175993087736e-07 1.0804087798190315e-05 3.039480082236182e-06 5.88966282607095e-06 2.429754995874557e-05 1.0887397306827172e-05 0.0010109764448954944 1.5454283815131043e-05 0.0 1.6226663027198394e-05 1.835834477302976e-05 2.0904246803398712e-06 7.924972816853661e-06 5.539797958082555e-05 2.8307109733268634e-06 4.525218166386186e-06 2.4407403781370287e-06 9.984617895639619e-05 6.740515149760352e-06 3.418500042180475e-05 0.0034088477882156538 0.00016342894276682204 0.0006748982893244705 6.295428236878281e-06 4.465240963101579e-05 4.3622775617977856e-06 0.00015260149754087806 2.4895434424487572e-05 4.4586522482818515e-08 0.0003504415915826278 1.4943040664126941e-05 0.00032793871987469485 0.0018104455371974232 0.0018311273478626466 0.0002041320581974463 2.3095406347632813e-05 0.00012354754131474642 0.00045445471316617214 3.333678690100202e-06 0.0 1.134314817958671e-05 3.604269870268519e-07 5.857670764214188e-07 0.0 1.85534520183376e-07 1.1254321455984602e-06 5.32819042464658e-07 8.471869717372421e-07 3.778892981773496e-07 0.0003795356089516013 2.3366759225639007e-07 0.0013150661575737196 4.3126902957316114e-07 0.0 4.1185065080365173e-07 0.0 2.1429005242272536e-05 1.265232644793201e-06 0.0 4.718162677878834e-07 1.3687010246675378e-06 0.0 3.3473825405717817e-06 0.00017181670779201235 0.00012018628112127459 0.00013392717403066522 1.4681250179916104e-06 1.484557456462691e-06 4.541172551124796e-08 7.08820652041579e-05 1.2074862313697386e-06 0.0 5.287141756482715e-06 5.544845130452933e-06 2.5978482597441753e-05 0.000339070254454755 7.761633236775866e-05 1.3396974994102349e-05 9.422343438830753e-07 4.216354573570061e-06 0.0003403413014392603 1.0600076056381796e-06
0.0025391923487975815 3.8729279628945747e-07 0.0003116500941029905 3.152708260350733e-05 3.3295971139342624e-06 0.00046436341511378875 0.00468481590284058 0.0033590944282632066 2.094340799160928e-05 0.0007717398076616286 9.594964932964172e-05 0.00037866588754863944 1.6226663027198394e-05 0.0 1.5355577991790454e-05 1.97213226929701e-06 0.00022466195111280334 5.28530451499406e-06 2.5938627847459513e-05 0.00021229490476476568 0.00019309196044353777 2.975081073261797e-07 0.0003614750617374143 0.00014574138194586652 1.7269139183385866e-06 6.037164258766113e-05 3.429159954300241e-05 0.00041997812577211434 0.004351995735382369 0.0025132190923711057 1.533682439126603e-07 0.00029406229716737165 1.1181289520270188e-05 0.00013383176271289086 3.4876597901986573e-06 0.00045500368873565373 2.8032722459129015e-05 0.0003754832066962451 6.41500352130247e-05 0.00023451233275909456 4.086388783070518e-05 6.239959053591047e-06 4.95709868150102e-06 1.0700372227005994e-06 3.458234077237219e-07 5.788075556219991e-07 1.045802428213838e-06 0.0 3.290264412983992e-07 2.2012481619800456e-05 2.1590151230027663e-06 1.0380752112258731e-05 2.165680343532934e-06 1.490561103519721e-06 6.386110404598363e-07 1.5450303424984828e-07 2.1343450380878807e-06 0.0 5.2338912459287575e-06 1.0087307315086792e-07 0.0 5.620359500743449e-08 2.2213970905016767e-06 4.8263744609217965e-06 4.374731353138301e-07 1.2218242226250066e-06 5.276347829831925e-05 0.0 9.137231199266006e-07 5.909173798585329e-06 5.6651397835800026e-05 6.132658198255169e-06 7.52981308978019e-06 5.788433745935518e-08 2.61734390798189e-07 8.966676008983933e-07 1.6966688612581333e-06 1.7610076886558954e-07 1.3924231784454266e-05 5.966731689020933e-07 7.240532951199571e-06 1.3230224672290802e-06 4.3671144856786885e-06 1.2678843816482516e-06 2.481009740043576e-07 0.0
0.0 3.81669525952583e-06 5.961704594210107e-07 4.959970370689026e-05 0.0012216667169095859 0.0012045023675773486 2.745929194832303e-06 6.530110508263602e-05 0.00040318886773049555 1.639622619597039e-05 1.5976943865196858e-05 0.000637787399518069 1.835834477302976e-05 1.5355577991790454e-05 0.0 0.0 1.1765304517362921e-07 2.7294542663934195e-06 4.964104206029331e-07 2.5979424538943157e-05 3.307215240154183e-07 6.848385464153807e-06 6.553154329472908e-07 0.0006575090869766771 1.121268691668628e-05 2.8390399102151967e-06 8.78267344505998e-06 2.391781115458765e-05 6.177377411765538e-06 3.07670138118207e-07 1.7962290395638512e-06 0.0002991643529885548 0.0 3.919657824182112e-06 0.0 0.00012398863160762976 5.450835866339312e-05 2.993250695012159e-05 7.923358871515023e-06 0.001133577590994864 5.5311546104857956e-05 1.1746647452175571e-05 0.0 2.3201168777744377e-07 0.0 0.0 7.420908212410663e-07 1.192265961246389e-07 1.7844891200886919e-07 3.6658480064876754e-06 0.0 1.662852891982415e-06 1.2872154709864232e-06 0.0 3.3542198561673276e-07 4.0689914345093354e-07 0.0 9.825988942509622e-07 2.9653297722228635e-07 0.0 0.0 0.0 3.6186816386224594e-06 2.0468362680376966e-07 0.0 6.117726242726883e-08 3.4527538300492857e-06 0.0 0.0 2.3234991204100792e-07 2.445215301436378e-06 0.0 0.0 0.0 0.0 0.0 0.0 0.0 3.7241043668685556e-06 0.0 1.7739570272677421e-07 0.0 6.816415063227854e-06 0.0 2.109435645047416e-06 0.0
1.9393222696179447e-07 0.0001057207972558578 7.086851210077142e-06 2.4922666896898584e-07 0.0 3.3812363610168416e-07 2.377519293591144e-05 2.078827680224994e-06 0.00011553740500293283 2.0946624703218023e-06 6.643420039256654e-07 0.0 2.0904246803398712e-06 1.97213226929701e-06 0.0 0.0 2.1300753326971674e-05 4.456835035627544e-07 2.795966063861906e-06 1.6978130718026153e-07 0.0013680648662640089 0.0017348003652845486 0.003923206527545438 0.0012975515973543859 2.5506616526943145e-05 5.1237950450940856e-06 0.002077087369809263 0.0005010787267386353 7.92293024812175e-06 5.898593843346982e-05 0.0 1.4730379730073292e-07 2.8335187536577408e-06 4.273899852495181e-05 1.3973690907179167e-05 0.0005508741491724135 0.00015159915136080495 0.00023233312599616016 0.00022706595343119845 4.56963742195697e-05 5.73414013162882e-06 8.347584604618519e-06 7.188688868087239e-06 8.247099926852059e-07 2.786640209174087e-06 2.2193750160685207e-05 2.0512673703391126e-07 5.078693619943452e-08 3.273322855487926e-07 6.854579095954996e-06 7.260093350091744e-07 4.955643848138029e-05 8.907518335211823e-07 2.8898735156585885e-07 0.0 6.71830541858244e-07 1.4913425172414105e-06 1.3477131514197978e-06 0.0015431823120004616 1.841053994703025e-06 0.0 8.459136988068747e-08 3.8940817157723503e-07 0.00035585211256701846 0.0006776582660211548 0.0011002000094504217 0.000157449122492046 0.0 1.1214694945978577e-06 0.0005295894978239919 9.901930319942536e-05 1.6185321678977548e-05 9.806009386383702e-05 0.0 0.0 4.1847376007578005e-06 5.8485920929135554e-06 2.0752819427216337e-06 5.7606762205635207e-05 1.1377709347472645e-05 1.8703835799553736e-05 7.6266117093608775e-06 7.767620352121764e-06 3.369342339151463e-07 2.7323594099937966e-06 2.974322306859325e-07
3.683867058227483e-05 0.00010490543914425317 0.0034082458439099435 1.2998488325526042e-06 4.8330381444290746e-08 2.3415705204557343e-05 8.967606590380863e-05 0.00022614267269492397 1.2740937164358627e-06 1.0229071586821982e-05 0.0002525081515105814 5.833393368840441e-07 7.924972816853661e-06 0.00022466195111280334 1.1765304517362921e-07 2.1300753326971674e-05 0.0 0.00012432796011914324 0.001552199219898158 1.038736563652936e-06 0.0006845846224975047 7.813373982036431e-06 0.0014505924761573433 1.65930001247244e-05 6.0701675458078494e-06 0.0016569403511727736 0.002297507912182161 3.194596404860478e-05 0.000426736999689741 0.0014642287532438136 0.0 3.819108448843949e-06 7.379594335700983e-05 0.0033272951023819563 4.4373066131497e-06 0.00041461887850461796 0.0008057717073607309 0.001412830058174084 0.0004745072771464623 1.014129705046097e-05 2.3872489313224213e-06 5.608021663518876e-06 2.916503142339583e-06 9.654050273171482e-08 6.456678296136308e-05 0.00010141078792814595 5.282102357565981e-08 0.0 0.0 1.535784294158917e-06 1.630058924085905e-07 4.558504583739854e-07 2.577635080100525e-07 1.261593636145713e-06 0.0 3.30897364583739e-06 1.5602936136101316e-07 1.843056941520152e-07 7.122320944676241e-06 3.169320797101993e-05 4.633497388289103e-06 3.024872885779444e-05 5.927791808337979e-08 2.210760321668307e-06 3.59540057872252e-06 6.859707424322335e-06 4.177271757681229e-06 2.1212467152135788e-07 0.0003290548477552311 0.000759322217436962 2.1014802522579004e-06 2.2922581002273478e-07 1.0587674896191032e-06 1.0153677587607512e-06 0.0 0.0 3.584103397105978e-06 2.6501551475789046e-07 1.649020778535307e-05 0.0002315863666976549 2.6246414522019343e-05 9.858024730290743e-06 1.2085776206173082e-06 0.0 1.6347296910388278e-07 0.0
1.1594215092784941e-06 6.103024884207341e-06 1.016775229238785e-05 2.1682226506965267e-07 3.6138241709253137e-07 4.556381174734502e-06 1.953123372439847e-06 2.949561608899174e-06 7.769613268676118e-07 5.067259532370611e-06 0.001832684508995879 5.322287630851745e-06 5.539797958082555e-05 5.28530451499406e-06 2.7294542663934195e-06 4.456835035627544e-07 0.00012432796011914324 0.0 0.0016113014952177632 2.152320267245195e-06 3.0624014114363086e-06 5.232077927329862e-07 1.3164465267333475e-05 1.4951444423923335e-06 1.963502125836063e-05 0.0015248459043390788 0.00025435236815171686 1.9800586844513897e-06 3.266490312189994e-05 5.624407650622954e-06 0.00010340736525903777 6.818332214061143e-06 8.227872245878567e-07 0.0003046074547977582 5.512502750180852e-06 0.00042643797669978593 0.0006286770469590375 0.0008558006120764726 0.0002862627807816711 7.736956460265457e-06 4.170206740859757e-06 1.2155406080371657e-05 2.1017428454879677e-06 0.0 2.2254863795118548e-06 4.784392083044058e-07 0.0 0.0 0.0 2.1703251633211066e-07 0.0 8.046599252381118e-08 1.1920272869446818e-07 2.73371424971822e-05 0.0 0.00014804322060290453 1.7959820898992185e-07 0.0 5.001854359691012e-08 1.0583346196058896e-07 1.4642317029650389e-05 4.22313914313528e-07 0.0 0.0 2.9781044131300583e-07 0.0 6.220658645289669e-07 1.0369726270641687e-05 7.808683228239991e-05 7.494274426835036e-05 4.369213639036748e-07 1.7492865818655294e-07 5.8795435506604736e-08 2.4050122890050053e-05 0.0 0.0 0.0 7.24047020263627e-07 1.381662905069247e-06 2.1601507361225676e-05 4.143857973420533e-06 2.2655351350584396e-07 6.615411085065952e-08 0.0 1.4195797544091986e-06 0.0
5.1246076667186605e-06 0.00021070902409343843 0.0003449352866435243 3.435407068952008e-07 7.365270281440376e-08 5.566533557341927e-06 1.427826822248717e-05 2.407345330502261e-05 2.9396393497164316e-06 6.184205334883587e-06 0.0007939743523429506 4.565924181442182e-06 2.8307109733268634e-06 2.5938627847459513e-05 4.964104206029331e-07 2.795966063861906e-06 0.001552199219898158 0.0016113014952177632 0.0 2.735712199626397e-06 2.3960241261686994e-05 6.791754152913513e-06 0.00014661535770142033 7.927697641523922e-06 2.3710289185258187e-05 0.0030470603215133826 0.0007458092591155637 4.278817828980524e-06 7.208815799355259e-05 7.212753557715578e-05 2.7843578371416995e-06 7.081586023290297e-06 7.486745023108326e-06 0.0015877147270507749 1.2044179462584515e-05 0.0007620381972020517 0.0004496956374703222 0.0016210330300274645 0.0005728218787314592 1.3788355839484036e-05 4.878857030472739e-06 2.267339536547739e-06 2.523710125487433e-06 6.495296707689743e-08 7.2135549812569e-05 1.2172933334700616e-05 5.296812221209605e-08 0.0 6.178294848051508e-08 7.836269633446952e-07 1.2410551083704533e-07 6.213848247401675e-07 7.655942701306079e-08 1.4857996613275648e-05 0.0 7.273107977712203e-05 0.0 0.0 1.6841745487652175e-06 8.895688757388607e-06 2.4049766475041374e-05 5.412659294199154e-05 0.0 4.668019881034665e-07 4.184454491441284e-06 5.801224668193419e-07 2.8816623036316346e-06 5.331684909567112e-06 0.0005967410870002387 0.0009843587985196014 1.4703509598924161e-06 0.0 2.1838933913297287e-07 2.1421723029855816e-05 0.0 0.0 1.8694326900493154e-06 7.07221103932962e-07 1.3987875497211878e-05 9.87873874963505e-05 1.2723463579066009e-05 6.706571179753732e-06 1.9458446737842096e-07 0.0 7.979001936458674e-08 5.820879982210385e-08
3.494250924641016e-06 0.0 1.4196608680191864e-06 0.004762603673041938 1.4420396202166974e-06 0.0002270028627020392 1.9568164981579247e-05 0.00015844158014425064 0.0006507693089759641 0.003799462143722195 2.987388251633418e-05 0.004053896609376618 4.525218166386186e-06 0.00021229490476476568 2.5979424538943157e-05 1.6978130718026153e-07 1.038736563652936e-06 2.152320267245195e-06 2.735712199626397e-06 0.0 5.189876705914804e-07 0.0 7.100900482674632e-07 0.0003151862242823653 2.8628044192733155e-06 1.8601001881336421e-06 2.3628178257369807e-06 0.0009054450287853993 0.00023010598952354197 2.9842553846232785e-06 2.0917012927297628e-07 1.805468061173519e-05 1.7260221360738281e-06 7.32422395248274e-05 2.235040989157787e-06 0.0007068300519748256 9.391969117333055e-06 0.0003003886662533698 5.002565221685257e-05 0.0002084134327372379 2.9419021290645236e-05 4.29928283714806e-06 9.710924105232096e-06 1.779590533067866e-07 6.074882521975828e-08 7.298889511211775e-07 0.0002101550145957324 2.19868807645299e-06 3.4811933209890746e-06 0.00016408654330912854 7.1725738367269306e-06 0.00016480697250630767 8.0162528143801e-05 1.4172485660544887e-06 7.633003402803048e-05 3.1695078927977164e-07 7.738354612344158e-06 2.4227935736035227e-05 9.567493066861355e-07 1.0508153293313335e-07 3.607062181335526e-07 8.35109093412265e-07 0.0002681249095349662 1.6169796595031475e-06 0.0 3.7378231755835093e-07 0.000222866106847905 6.715310838472357e-08 1.8212010306344496e-07 6.100242686592484e-07 0.00024853250553208726 6.186315211749279e-06 3.6551692547456006e-06 0.0 7.859836274576506e-07 1.3279532723095874e-07 2.4554477698675534e-06 1.230048598381497e-07 8.639291360075976e-05 1.7298746562153142e-07 1.2078174376184823e-05 3.3484285361459363e-06 0.00013025199414816294 1.6941259123478707e-06 3.084179219375414e-06 8.900237838080947e-07
4.312981233961363e-05 4.112488259262042e-06 0.0004951508960372799 8.675973640940286e-07 1.1722004839564123e-07 1.1021286114924477e-05 0.00012131570539068369 0.00017705608228786959 2.8418626095715953e-05 6.3496505499608086e-06 8.077605745847105e-06 3.0379974018213857e-07 2.4407403781370287e-06 0.00019309196044353777 3.307215240154183e-07 0.0013680648662640089 0.0006845846224975047 3.0624014114363086e-06 2.3960241261686994e-05 5.189876705914804e-07 0.0 0.00012082973646570208 0.009352346454202182 0.00018679344944184186 1.862063231776642e-05 1.2663295685115909e-05 0.00033585086736057714 0.00048001033110389263 0.00019217145075750076 0.005911343806547528 5.498164200368294e-08 2.6027079046263207e-06 2.3868019183217893e-05 0.002277854588879209 9.205393725249245e-05 0.0038066392763252354 0.0009771131755863785 0.0034459308828447724 0.001838568195869035 0.0003442246040729331 1.4546251078774256e-05 1.3241553402490561e-05 4.5875160329839734e-05 2.142423012414193e-06 8.154491287126377e-07 2.203297002003026e-06 0.0 3.260067855313926e-07 6.773845304922571e-07 7.337119572540752e-06 1.0963122090797517e-06 5.301792781067905e-05 0.0 1.6741628808025654e-06 9.39834987770958e-08 1.0640132338586861e-06 4.168149423838631e-06 3.235417224830504e-06 0.0003648861332101156 1.8808271715529698e-06 1.3576409882526117e-07 3.404848360167219e-07 7.841842212927406e-07 0.0003303578817310022 0.00010351254049094614 0.00013050475355332316 0.00024130701469896623 4.673354538879257e-07 1.787985011305937e-06 1.930322182573911e-05 0.00014825685609662055 5.033148348534705e-05 0.0001639185299823334 0.0 2.8386363030578624e-07 1.3768712698846804e-05 1.2636345977379679e-05 6.109448811950931e-06 7.045176868224236e-05 7.536630792488301e-06 2.5154333451732267e-05 9.957564661885156e-06 1.6023123294027168e-05 9.846662692646523e-07 7.836193447817566e-06 2.2189924181918348e-07
0.0 0.0017021225703079007 5.147565966469087e-05 1.8540241148150672e-07 3.270306051928342e-07 0.0 7.655164211096996e-06 2.3123610523537415e-07 0.000982685641616318 9.40325218844565e-07 1.4489575930690435e-05 3.127224789261227e-07 9.984617895639619e-05 2.975081073261797e-07 6.848385464153807e-06 0.0017348003652845486 7.813373982036431e-06 5.232077927329862e-07 6.791754152913513e-06 0.0 0.00012082973646570208 0.0 0.00016377777255962547 0.0024387048865042085 0.0006812433808347813 2.1794826058563812e-05 0.0022597232826098274 8.890214053386568e-05 5.587427596926853e-07 9.038883957819467e-07 1.9965851625780426e-06 5.621920688167561e-08 0.0 2.2923994310665514e-06 0.0 1.0697333215842506e-05 6.5519188126382986e-06 1.0810855860605075e-05 5.430086830206788e-06 1.2231182845822281e-05 0.0 3.5012553320547522e-06 0.0 7.636331398434207e-08 1.013256338930073e-05 6.048179332507861e-05 2.232421244562663e-07 0.0 6.416152309243723e-08 1.9786161330104735e-06 2.632334634828685e-07 8.735460035579287e-06 1.0713087565767188e-07 5.329141992348042e-07 0.0 2.6547220506062426e-06 1.93073130201823e-07 2.3303780108902127e-07 0.0004884244039435772 7.186601448393606e-06 2.418419474252013e-07 1.168768173196302e-06 0.0 3.119238724149998e-05 7.77837974963258e-05 0.00023237446388607946 2.596614453045602e-05 6.427829329622414e-06 2.239572721694622e-05 0.0009750165076418668 1.3062983731188524e-05 9.71310083070926e-07 6.106762214782934e-06 7.403323244456784e-07 0.0 1.916958031987097e-07 2.007644410674528e-06 3.588911684032075e-07 1.783266109787494e-05 5.290974576585987e-06 1.317246173190988e-05 5.310511825061244e-06 1.1434263538193345e-06 0.0 1.3610805127206626e-07 3.194127830360149e-07
6.509533112427829e-05 7.0383545528628976e-06 0.005811802877417339 3.1117938281601083e-06 5.226048162767917e-08 3.253647261087761e-05 0.0005837634237186077 0.00035047249229088953 2.7612220183781126e-05 3.458771904918336e-05 2.607104460753747e-05 8.380139359463026e-07 6.740515149760352e-06 0.0003614750617374143 6.553154329472908e-07 0.003923206527545438 0.0014505924761573433 1.3164465267333475e-05 0.00014661535770142033 7.100900482674632e-07 0.009352346454202182 0.00016377777255962547 0.0 0.00030444520321913935 1.8989271673548794e-05 0.0007395787663086484 0.00430592686445793 0.001263783585708292 0.00027542002611450776 0.003556965876173518 6.199197527448085e-07 6.064113573135404e-06 3.106684342188055e-05 0.0027675915235995047 0.0001121984273353106 0.0040745996738438175 0.003342554320807924 0.004703973588322538 0.003636411088039128 0.0004152691241547167 1.3914651497018728e-05 2.339158754468348e-05 5.9621658630980366e-05 2.195540499183067e-07 5.42350240241327e-06 0.00014610519967669168 3.5672747989080555e-07 9.488443187400214e-08 4.253222365174278e-07 9.10221298494755e-06 1.2670862310149483e-06 1.4002178806417161e-05 7.398374109982188e-07 1.00214790412044e-06 6.63767177172175e-08 1.3195451153600833e-06 1.246488306020107e-06 6.839075962121876e-07 0.0011686185327993753 3.705845640177604e-06 9.174061159507881e-07 1.4261949186990948e-06 7.99017387447816e-08 0.00018146280406284543 0.0002808272299103605 0.0009612744465079298 6.307073889313558e-05 2.1892026169914663e-07 7.935564695111314e-06 0.0008957100475940485 5.159114912434848e-05 5.111826731148139e-06 4.476525266209327e-05 0.0 6.166451849007803e-08 1.7208269075968245e-06 5.495951695533571e-06 3.8629821016954076e-06 4.087124459665482e-05 1.4131024816717221e-05 2.5153339778318723e-05 1.2880406930295689e-05 4.696731444832803e-06 2.518217736610957e-07 7.779474308395646e-06 0.0
