0.0 1.9950153883845632e-07 0.00013798707443353215 4.141929711457158e-06 5.964631982744323e-06 2.519710876918841e-05 0.0008133946403149375 0.0002278648151120056 3.910039887311556e-06 6.461103248677844e-05 9.034805097020947e-07 1.467409034886979e-06 3.993166578110121e-07 0.002895583190555946 3.8908306934924975e-08 4.0627653501506087e-07 3.468867202040969e-05 3.230082532525557e-07 1.1928917355716984e-05 8.2434910300775e-06 4.174009700928714e-05 9.273355879596259e-08 0.00011789103430627174 4.183258758200821e-05 1.4582832235847456e-07 6.858336078222853e-05 1.9189242990316306e-05 7.569341427217418e-05 0.0014173600397165678 0.0016490118692392617 0.0 6.631492995688099e-06 7.465573084879131e-06 3.9049102419387104e-05 2.7528344424772094e-06 2.7239903699610652e-05 2.794027648599674e-06 2.138170559752355e-05 7.0661207679122e-06 1.3210257946599336e-06 1.0594164407466053e-07 0.0 2.492693637917715e-07 0.0 0.0 1.301938836740261e-07 3.9045829898186824e-07 0.0 0.0 3.755589569270498e-06 2.0865992888692817e-07 4.066419066704775e-06 5.605301942170844e-07 0.0 6.466868192907324e-08 0.0 4.93191008620746e-07 3.704968779890286e-07 5.4304150191165155e-08 1.2963900276376081e-07 0.0 0.0 0.0 1.1906635141630369e-07 0.0 0.0 7.600128277735632e-06 0.0 1.4107731741186138e-07 9.517643330340743e-07 7.79500857593368e-06 1.3722556716969887e-07 0.0 0.0 0.0 2.3367811088722044e-07 0.0 0.0 1.8372253145939845e-06 0.0 9.959963212499433e-08 7.347849971986261e-08 6.177934074368367e-08 4.5700223424107247e-08 0.0 0.0
1.9950153883845632e-07 0.0 0.00014369750128557753 1.882038875008302e-07 1.5988635996217676e-07 8.444814240094873e-08 2.456873337843199e-06 6.106320150724196e-07 0.0004004696136679254 3.901471950542328e-07 3.1263970440555526e-05 3.624964729580151e-07 0.00014862454448407169 4.078815455200421e-07 1.5403016715491324e-06 2.2808669902193836e-05 0.00010583253446812748 8.34752784309019e-06 4.722438091693592e-05 8.24386823763023e-08 2.270538479893865e-06 0.0010911337091569734 7.948272632157792e-06 0.00017874474751225627 0.0009327753009455274 0.00035222615222781675 0.004909018896776597 2.681094110710552e-05 1.7883825338506508e-06 1.444914292064977e-06 6.974922956061009e-06 8.171843522421181e-08 4.970512740564801e-07 4.260420000049604e-05 1.642985710795587e-06 8.014200276216843e-05 6.974775020834359e-05 8.039579498728735e-05 2.1937324421010916e-05 3.237138194569794e-06 0.0 6.284665609086707e-05 1.627385950089125e-07 0.0 2.6956445781887492e-05 2.4119225031950155e-06 5.5152760929682274e-08 0.0 4.831718189846256e-08 1.647610273987656e-07 0.0 7.703895901234882e-07 1.703747500690793e-07 3.80127220423705e-06 0.0 2.5846795893280757e-06 2.3865415125977887e-07 0.0 4.776147090465727e-07 1.4575410187642316e-05 3.5825328510678082e-06 2.5668488593629438e-05 0.0 2.0601750614013019e-07 4.6434548770861214e-06 4.468349526750858e-07 1.5102983611289765e-06 3.0163215074479804e-05 0.00023447978139203287 0.0003599096703431814 5.379955549043683e-07 0.0 3.399147820266534e-07 1.808556224870739e-06 0.0 0.0 7.67092431038476e-06 6.616642908336511e-07 1.4218036124729696e-05 1.845004740742657e-05 2.042223963779123e-05 2.5388203712739995e-06 1.1478327557476582e-06 0.0 6.997712160485708e-08 8.058167905739368e-08
0.00013798707443353215 0.00014369750128557753 0.0 3.1822853465928625e-06 3.2067160855678885e-06 1.933640236604492e-05 0.0011486136084705824 0.0003871918971197491 9.301542722566908e-06 4.12080313479644e-05 9.007415910373116e-06 2.6578998133220874e-07 1.5957862811032892e-06 0.0003259494680030047 0.0 1.215835820058225e-05 0.0013679318522729841 5.858241361783615e-06 0.00011935408805248418 1.0143300762965717e-06 0.0010265108588011413 2.758205679488085e-05 0.005373485641610399 0.0001040101324313303 2.4902816871635916e-06 0.005518593227566433 0.00780596807667181 0.0004041874031878785 0.00041843421879863765 0.0007676893266012478 6.350321100684968e-07 1.4775921493910127e-06 2.2349393361015563e-05 0.0003746785786253569 1.5101644160992632e-05 0.0004932038181476589 0.0002456465385637095 0.0007439264688140538 0.00028980061918914397 1.2905492490307912e-05 4.860952837734206e-07 1.4824405727349144e-06 2.40431561172109e-06 1.2353244478634115e-07 0.00014847293192081328 7.874108110894168e-05 1.3250069913668719e-07 0.0 1.360749959883102e-07 2.607798609670453e-06 2.1489234837349667e-07 2.48716263902245e-06 1.7012876667561513e-07 1.0204882945933243e-07 7.889981745209706e-08 3.247919978184369e-07 2.56103471882435e-07 0.0 1.1541187614508554e-05 5.065273242142209e-05 4.4415979595716663e-07 8.704117369878427e-06 0.0 2.0337150730769856e-06 1.548307089604695e-05 1.7291815955683463e-05 7.223526471630455e-06 1.0376867459345384e-06 0.00016257164134873576 0.0006463446852179023 4.305647749605817e-06 1.2815953962233226e-07 1.882056319328466e-07 0.0 0.0 9.307642469128637e-08 1.2587238594120272e-05 6.5392578750783455e-06 6.181076194470841e-05 1.8078297169817087e-05 4.4088389983531086e-05 1.4505752600154564e-05 1.360528683116819e-06 0.0 3.870530087651555e-07 7.089695765043674e-07
4.141929711457158e-06 1.882038875008302e-07 3.1822853465928625e-06 0.0 6.66303173890743e-06 6.815456739778107e-05 4.967187842054065e-05 3.603524585535949e-05 0.0002679212102769645 0.0015407267078538854 1.028181239785618e-06 0.001847271582944812 1.695410335276513e-07 2.2540543146996588e-05 4.221940743560772e-05 0.0 4.428968752230951e-08 3.388156900689011e-07 1.3889337353143967e-07 0.0027881203942789336 2.3164137932899567e-07 1.2920030398245176e-07 7.950824577277061e-07 0.001298397481406515 6.284716967087107e-08 1.3806473358284582e-06 9.836461602027311e-07 0.0017062079811444634 9.78842518054856e-05 2.568230297621292e-06 0.0 2.9436698130664294e-06 1.8555567046786487e-05 2.5113800749855903e-05 3.5138443916567562e-06 0.00012180648669121594 2.9596890394520534e-06 6.029225900978173e-05 2.7345383161596733e-05 0.00011857474733079324 6.865755376730066e-07 4.849760864975132e-08 3.838182996071644e-07 2.5846445343753736e-07 1.3206625425633333e-07 0.0 0.00011116228249186648 0.0 1.0890313034845992e-05 3.650549500142703e-05 3.4054722400628146e-06 9.741523611883895e-05 0.00014145951561088746 0.0 5.1844489698155283e-05 0.0 2.020298986455316e-06 5.924352008957423e-06 0.0 0.0 0.0 0.0 6.141660101855096e-05 0.0 7.646731048849203e-08 5.684062086795053e-08 0.00014852451171908622 0.0 0.0 0.0 0.00012456861741333124 3.44953260869158e-06 5.73012691868557e-08 0.0 4.874494102136374e-08 5.734562506670302e-07 2.0335337334555525e-06 3.609269387304181e-07 1.2117340398577367e-05 0.0 3.6868672671391618e-06 3.310569140038057e-06 2.347409590175013e-05 0.0 0.0 0.0
5.964631982744323e-06 1.5988635996217676e-07 3.2067160855678885e-06 6.66303173890743e-06 0.0 0.0009720272103917615 1.0291983844623189e-05 0.000461022163810174 6.107915082699287e-05 8.893008212120231e-05 1.1373808202044845e-05 5.439769395362862e-05 1.993181152860133e-05 7.411477262003192e-05 0.0010250080270968924 0.0 4.6681400277961653e-07 1.5289407771592512e-06 9.899434858652993e-07 2.462777535423805e-05 3.6255182910789124e-07 5.080841560939908e-07 2.3360556432073864e-06 3.4257339670599835e-05 5.479412644072117e-06 4.501199290090865e-06 4.06383769907855e-06 1.0629864264118996e-05 0.00025043368081102246 5.801821703406194e-06 1.8995490179142073e-07 6.597711293196651e-05 3.3972849368812313e-07 0.0003616063171333495 6.289120674837572e-06 0.00014148199806507289 9.206226461949897e-06 0.0003904402255389501 0.00015938964913324657 0.001037594941943649 6.421040078223934e-05 3.933393219614542e-06 3.164360756945672e-06 0.0 0.0 3.953534302321748e-07 2.868365314350085e-07 0.0 0.0 1.1686010615521817e-06 0.0 5.721044119459197e-07 1.2579783738027406e-07 0.0 0.0 0.0 1.1580083011907392e-07 0.0 0.0 0.0 0.0 0.0 2.3555311659670497e-07 0.0 0.0 0.0 7.140673981891548e-07 0.0 0.0 8.357663229638593e-08 1.1559384217283723e-06 0.0 0.0 0.0 0.0 0.0 0.0 8.788527589362168e-08 1.1687813811243847e-06 0.0 5.581115835763221e-08 0.0 5.747283185816965e-07 0.0 0.0 0.0
2.519710876918841e-05 8.444814240094873e-08 1.933640236604492e-05 6.815456739778107e-05 0.0009720272103917615 0.0 0.0007462826793512872 0.004856274768428939 3.8402394729741294e-05 0.004513033049541217 1.603827910906514e-05 0.001999386011551554 2.2067479468897593e-05 0.00041888151547511834 0.000785640898416964 5.359986902702132e-08 1.9636607566595726e-06 2.5994506117768515e-06 3.128261166652837e-06 0.00034771752690171957 4.93235600294582e-06 6.010450491224969e-08 9.687733911695186e-06 9.412476074009383e-05 5.460594302812156e-06 1.301399316071316e-05 8.821397378559978e-06 0.00032363923875341246 0.00031876152604854764 2.1560158845523012e-05 3.476213130920239e-07 0.00045048915807306184 1.0015153951783777e-05 0.00020917497877072597 1.1289317317363664e-05 0.00029912066536820855 1.3442391100532073e-05 0.0003090331333090203 0.00016077254994631128 0.0011251514674977612 8.555063262683974e-05 4.152548309369928e-06 3.427778706189454e-06 9.485337262479858e-08 1.0036737809122605e-07 0.0 1.3874776726936356e-05 0.0 2.5825730657058733e-06 1.0773186465961107e-05 6.686725575470024e-07 1.4650660560920358e-05 1.049359635686382e-05 0.0 7.236181047152015e-06 0.0 4.786150151497357e-07 4.431741955637351e-07 0.0 0.0 4.1812908204627446e-08 4.473028965634833e-08 5.597398020491994e-06 7.948180727939677e-08 1.9813337563383645e-07 7.370685030580516e-08 2.5933019701162018e-05 0.0 6.642967865796104e-08 3.141897872182952e-07 2.7139048272312873e-05 9.233933822649188e-07 0.0 0.0 0.0 3.861189023786824e-08 3.271978504521643e-07 0.0 2.037229556607097e-06 5.866610244815616e-08 7.915714002325078e-07 2.606049195674488e-07 5.103109446291508e-06 0.0 6.739577615361611e-08 0.0
0.0008133946403149375 2.456873337843199e-06 0.0011486136084705824 4.967187842054065e-05 1.0291983844623189e-05 0.0007462826793512872 0.0 0.0024054170448692246 0.0002569612166776523 0.005246869043899976 2.930704440371165e-06 1.3557249176021204e-05 1.3434378617526842e-06 0.002475737416344024 1.7120962739696434e-05 2.0657042123812953e-06 1.3360528516829186e-05 8.864249059072062e-07 9.068521785787726e-06 6.106123306724053e-05 0.0006119141314255248 7.247735277829276e-06 0.0006367815908629032 0.0007288570576709834 7.867451999176624e-07 0.00023395218167255113 0.00012749756114894414 0.006822577127894976 0.0008522302476168628 0.0039661054880130745 1.0990690066446602e-07 6.026383298005e-06 0.00017503946063223119 0.00010695492083186062 1.8411094739437636e-05 0.00031883057843639224 2.320269218666011e-05 0.0002196945944435593 9.675219374149564e-05 3.0717303036910375e-05 2.119892398497506e-06 1.5259090873646593e-07 1.37554631355442e-06 3.9112716743691315e-06 1.4710984051183954e-07 1.4108561085560033e-07 4.997880522440455e-05 0.0 1.1015607496410453e-05 0.00017938877293810206 8.722152649650384e-06 0.0001838899714982664 5.005981287749871e-05 0.0 1.0572089710568606e-05 0.0 1.0106480755512587e-05 2.7040784176600462e-06 9.967927616445123e-07 0.0 0.0 1.6754348146901514e-07 2.7582789807431636e-05 1.6990351282608481e-06 1.1741964011613738e-06 5.163616412366591e-07 0.0003426934969881841 0.0 1.3939781374645128e-07 4.43849724275002e-06 0.00031595481723662144 2.496097762099892e-05 5.9493411602088006e-06 0.0 0.0 1.58777549448428e-06 4.354644372991342e-06 4.899973823150732e-07 3.729119509068786e-05 1.0166355575644067e-06 1.2487925577349733e-05 5.740745335502644e-06 1.0654886785024347e-05 5.937864120648267e-07 0.0 3.9839476244865374e-07
0.0002278648151120056 6.106320150724196e-07 0.0003871918971197491 3.603524585535949e-05 0.000461022163810174 0.004856274768428939 0.0024054170448692246 0.0 1.3007693399498267e-05 0.0022489997162242923 1.7982170783145003e-05 0.0001062218482386109 1.6018459194032135e-05 0.0039140727192837925 6.596311524357973e-05 8.460787915369049e-07 5.398652152047843e-05 3.0698957717609977e-06 2.3189739357613715e-05 0.00017388806905777022 0.00013298839014703925 2.836383999119036e-07 0.0002669606007385622 0.00011581364908883391 4.731487964026488e-06 0.00018643173583879704 3.697984418732846e-05 0.00018704984507343292 0.0010507706793694256 0.0009620443436664946 3.353422967827687e-07 0.0009253002205472382 1.883458946152901e-05 0.00020935873814481126 8.905888056274647e-06 0.00023896472418156935 1.7288326315526264e-05 0.00026314634411886303 0.00013041252123663052 0.00028992062950742263 1.81452046971893e-05 3.7964995491151147e-06 4.405947989239395e-06 1.4676269854057732e-07 1.6638239564973107e-07 0.0 4.64059233067217e-06 0.0 4.1285004270246183e-07 1.4007086048575856e-05 6.859900737649962e-07 1.2081283986672767e-05 5.5380306563732455e-06 1.0397953872676421e-07 2.347748068380316e-06 1.0474237663003461e-07 1.4327373324203418e-06 5.258697714252648e-07 0.0 1.0804547343639714e-07 8.637221765255543e-08 4.500221778022578e-08 2.4485066612220318e-06 1.3316103317984177e-07 6.388348055518594e-08 0.0 2.6883870509889917e-05 5.471044393027138e-08 2.4643753712129526e-07 6.705173794084405e-07 2.7849431552045815e-05 9.458748090094735e-07 0.0 0.0 0.0 1.199416940971398e-07 1.936460164548534e-07 1.535869165887072e-07 4.392230840261676e-06 0.0 1.1964187686640025e-06 1.148934948507236e-06 8.337055278529675e-08 1.2517182281954365e-07 0.0 0.0
3.910039887311556e-06 0.0004004696136679254 9.301542722566908e-06 0.0002679212102769645 6.107915082699287e-05 3.8402394729741294e-05 0.0002569612166776523 1.3007693399498267e-05 0.0 0.00020567671233067962 1.08926141809046e-06 0.0005017057190363651 3.93060135965556e-06 1.0217966662818331e-05 0.000494043310462839 0.00015172211681178442 4.362691046124926e-06 3.0912304377254543e-07 3.1450986055707597e-06 0.00016348757280847977 9.658615135486424e-05 0.0013098380741534748 2.580294131219247e-05 0.005864732010982944 3.9783686422537464e-05 1.4184178787435759e-05 0.0007114892318248223 0.0008152323603053621 5.6935560194506264e-05 6.912136841880296e-05 1.258260550464714e-07 1.466567671672157e-06 2.0024735127003826e-05 1.6780182364589913e-05 6.462676640613363e-06 0.0003256131175353914 2.7409394599196984e-05 4.296312906193473e-05 2.5222271254892256e-05 0.000360632020445026 4.026269951189918e-06 1.1438278872460902e-06 4.010091597124426e-07 2.7820103894886416e-06 2.15672834606777e-06 2.6007112337043246e-07 0.0001902667104511117 0.0 1.1781089019876732e-05 5.6562618517221264e-05 3.985204269700347e-06 0.00019701080845898564 9.563749417309282e-05 2.299147944782957e-07 0.00014655489208614188 1.824906398098185e-07 6.171927998631759e-06 2.8938364362755184e-05 9.561427375394366e-05 4.9459012440616524e-08 2.1269545799868216e-07 3.5429808967646316e-07 8.813905323932688e-05 3.9551161248163186e-05 1.827419630501264e-05 2.3472678181153757e-05 0.0006416901838581222 1.7936180141356813e-07 2.0406424713222207e-06 7.001585316978379e-06 0.0002714597249768759 1.1666511262046814e-05 5.408354214846083e-06 0.0 8.52974183889636e-08 3.6435593770006547e-07 1.7246622611722526e-06 9.844892345870946e-07 2.3423161096127814e-05 6.899559623418248e-07 5.632390735407953e-06 2.6302216607715784e-06 9.803860465338777e-05 3.943538928617648e-07 0.0 1.3056400631960596e-07
6.461103248677844e-05 3.901471950542328e-07 4.12080313479644e-05 0.0015407267078538854 8.893008212120231e-05 0.004513033049541217 0.005246869043899976 0.0022489997162242923 0.00020567671233067962 0.0 1.932712390585376e-05 0.003364940154434069 1.2001044528588266e-05 0.0006934446028101255 5.702063989151793e-05 5.493546309456227e-07 1.5239444688519935e-06 4.03990738110282e-06 4.064980837944717e-06 0.0023931683051308605 1.375904071059752e-05 5.465172568335011e-07 2.0546493109549907e-05 0.0012030455591052348 2.8462171628205943e-06 2.150539968869827e-05 1.490298390221281e-05 0.0035409172096552526 0.0009854495014148265 2.9279452910995717e-05 5.855338035575447e-07 4.9134406864186514e-05 5.4914038405557424e-05 0.0003062608275551823 1.9279786547765588e-05 0.0007589006652893452 2.566227788714731e-05 0.0005239899562483383 0.0001897101161242399 0.0002481891564747833 8.928161540809519e-06 2.230601364610628e-06 5.1097503991904926e-06 1.146098727494244e-06 2.9927392886636225e-07 0.0 0.00015465074843820374 0.0 2.3738783442702113e-05 0.00012654455966250655 8.36137392481224e-06 0.0001448809465765899 0.0001302254392184911 4.9311692939333796e-08 5.470200532170039e-05 0.0 5.193455557689848e-06 4.302688169160954e-06 1.164244497816123e-07 0.0 0.0 0.0 7.298175642306112e-05 0.0 3.5223742761547115e-07 1.0822638064565651e-07 0.0002740391631836775 4.5900101331544905e-08 5.244869912108469e-08 1.2401511508112105e-06 0.0002704054136164252 1.1899338788622008e-05 4.0725808477821707e-07 0.0 0.0 1.1291323964861267e-06 3.1856407467930725e-06 2.573483089176587e-07 3.007810825376778e-05 7.253856279112458e-07 9.967684611891077e-06 3.769890578165772e-06 2.7773642529945258e-05 5.845136064943986e-07 0.0 8.979052088861078e-07
9.034805097020947e-07 3.1263970440555526e-05 9.007415910373116e-06 1.028181239785618e-06 1.1373808202044845e-05 1.603827910906514e-05 2.930704440371165e-06 1.7982170783145003e-05 1.08926141809046e-06 1.932712390585376e-05 0.0 2.3558280779053995e-06 0.0021846316066488156 7.191495916849079e-06 0.0 4.64374518087946e-07 0.00015124602515080885 0.002989878423856264 0.0007713817522829533 5.912627858775111e-06 2.9900608722231643e-06 3.260986668378145e-06 1.5385827581338913e-05 3.2551185025582535e-06 0.0009702646904669696 0.001468312010413179 0.0008081596769102875 2.6485544216397908e-06 6.241314992190458e-05 2.305445673291055e-06 0.00036465304899521033 1.8883606123707742e-05 1.2150890364732513e-07 0.00442877002340897 2.4240956672216828e-06 0.00010368536937925671 0.0007532668216416425 0.0017451764121685065 0.0003199786194411035 4.672672531545234e-06 4.005445095482253e-06 0.0003272328769432756 5.292123655726429e-07 0.0 3.2764996842459267e-06 1.706971078007188e-07 2.998891996477035e-07 0.0 2.1209673714651335e-07 2.4168214891965786e-07 1.4121403357531563e-07 9.488433629308959e-08 1.47536295006559e-07 0.00025860656148882525 1.7411148976056781e-07 0.00017439148217560305 1.9136061833019015e-07 0.0 0.0 2.1171006087593042e-07 6.100053314924444e-05 2.3463361121708405e-05 1.5868488241088598e-07 0.0 0.0 0.0 3.9167344001867723e-07 7.100869908007457e-05 2.8280198611638685e-05 0.00011778757463415667 2.0326686577919654e-07 2.8277758184510225e-07 6.321606530071058e-08 6.642405061025153e-06 0.0 0.0 1.6159860133149684e-05 2.1530344669230904e-06 8.377958945895726e-06 0.00019331074726529457 4.406539029416529e-05 5.070543735247474e-06 0.0 1.2461867525380312e-07 8.058479888165923e-05 8.311946544985245e-08
1.467409034886979e-06 3.624964729580151e-07 2.6578998133220874e-07 0.001847271582944812 5.439769395362862e-05 0.001999386011551554 1.3557249176021204e-05 0.0001062218482386109 0.0005017057190363651 0.003364940154434069 2.3558280779053995e-06 0.0 1.826018905920809e-06 3.410761502443493e-05 0.0005258397389288711 4.310643411142729e-08 0.0 4.6023408652205365e-07 2.5965141007062387e-07 0.0037501304414288956 1.7596688908902073e-07 1.339350165992813e-06 2.8873408171080665e-07 0.00027598212708232863 1.6190533083714302e-06 7.798830774314817e-07 1.582656998323434e-06 0.00037984723632059265 7.442989363643262e-05 6.052146038330695e-07 0.0 1.0597029951198574e-05 8.318416687684013e-07 3.542252911652133e-05 2.9318853949754495e-06 0.00018764929011250918 1.8029225373238311e-06 6.881631372311738e-05 2.3028060549404724e-05 0.0008602150059686013 2.6264889864936875e-06 6.111308967582945e-08 3.3207653156072306e-07 0.0 0.0 0.0 8.114024800739141e-05 4.2247195642600146e-07 7.007792279584164e-06 1.2277064075470694e-05 3.5129159805451503e-07 5.1214261188397836e-05 4.018382492218637e-05 0.0 0.00015410222069020893 5.078294024946476e-08 7.922784273987452e-07 1.5920443657707082e-05 0.0 0.0 0.0 0.0 3.758797590836136e-05 0.0 0.0 0.0 7.123257532724912e-05 0.0 0.0 9.563599061313621e-08 3.333039787153667e-05 1.3077735922520413e-06 0.0 0.0 5.4093184792097883e-08 0.0 3.37489382145183e-07 0.0 2.1570758206637808e-06 0.0 1.7593517405838027e-06 3.795989324925303e-07 0.00010406521209242767 0.0 0.0 0.0
3.993166578110121e-07 0.00014862454448407169 1.5957862811032892e-06 1.695410335276513e-07 1.993181152860133e-05 2.2067479468897593e-05 1.3434378617526842e-06 1.6018459194032135e-05 3.93060135965556e-06 1.2001044528588266e-05 0.0021846316066488156 1.826018905920809e-06 0.0 4.5176043223789794e-06 1.9281815780483643e-07 5.165146227503338e-07 2.534231073696974e-06 0.0001320894328682474 2.208897918695828e-05 2.6051333171242537e-06 8.610915213032061e-07 1.1616079577228008e-05 2.8449645275829243e-06 3.1218748010408216e-06 0.002189780555906355 0.0002555847234442669 0.002689424702916507 1.384823639125603e-06 4.467062163641489e-05 3.050652953275657e-07 0.00090132438873621 3.043743915177395e-05 0.0 0.0009985401409379306 1.2742587767716084e-05 0.0001466871269774501 0.0015239539908895928 0.0017809963021351862 0.0002769403956594899 1.3707471042596153e-05 2.0591629615332926e-05 0.0005606148213781254 2.758824740713231e-07 0.0 1.1606832875308706e-05 1.574132077325898e-06 0.0 0.0 2.1282704804517295e-07 3.362879526396893e-07 1.6925384162363044e-07 1.9633178759809262e-07 4.3251563833113167e-07 0.00047608542385496513 2.6934154143432994e-07 0.000348250722517033 7.032827281309257e-07 0.0 0.0 5.224087148214861e-07 9.021979316954046e-05 2.9552397092606106e-05 2.0333468796549494e-07 0.0 2.9296385628425045e-07 0.0 3.205887260458184e-07 0.00012712727166618192 4.7789052721688844e-05 0.0002032960854848416 2.7320179208674186e-07 1.077837605881411e-07 0.0 1.5906431108385705e-05 1.0974904065447406e-07 0.0 2.9071548136380357e-05 1.4712252460226383e-06 1.3539919825753812e-05 0.00027795507995896906 7.527259631818286e-05 6.543251027797093e-06 3.852194961451795e-07 0.0 7.268896149949521e-05 1.3038096292029264e-07
0.002895583190555946 4.078815455200421e-07 0.0003259494680030047 2.2540543146996588e-05 7.411477262003192e-05 0.00041888151547511834 0.002475737416344024 0.0039140727192837925 1.0217966662818331e-05 0.0006934446028101255 7.191495916849079e-06 3.410761502443493e-05 4.5176043223789794e-06 0.0 1.0260541710414255e-06 5.716455191465226e-07 6.93501403442107e-05 1.4801862417617973e-06 2.210300705180143e-05 0.00010304938294660869 0.00011122567775320688 4.0549415725570856e-07 0.00026532871719923517 0.0001303021194975188 9.452149775992729e-07 0.000166766485334175 4.0571576864248876e-05 0.00017701927562950988 0.002834020712661063 0.0020968573137560543 9.00720840427144e-08 0.0002234810644362336 1.1647457086144061e-05 0.0001292767309621894 6.610986073802912e-06 0.0001282581005154123 8.465140945891109e-06 0.00012059812884134437 4.544511185400932e-05 2.724523305029565e-05 2.1834439749907594e-06 8.189773105135438e-07 1.0587116421661853e-06 4.027985588990549e-07 6.908990791631619e-08 6.168949879900889e-08 3.4193078884552407e-06 0.0 4.050182081983545e-07 1.6700718393388718e-05 6.57729598762438e-07 1.2319397208782584e-05 4.2247858526766376e-06 5.945625623497137e-08 1.5657602598044452e-06 0.0 6.247026258916297e-07 1.0458528904862616e-07 3.6355312199780923e-08 1.4064789146938517e-07 4.176179117238437e-08 0.0 1.8023542405486943e-06 9.019690332765008e-08 0.0 1.0034177337722277e-07 2.561659909954036e-05 4.759852025767511e-08 3.827059654885758e-07 1.3574688791392855e-06 2.483407029528957e-05 1.663716489136775e-06 4.755204888442484e-08 0.0 1.6198933189122733e-07 1.9742566473894856e-07 4.4208568107299737e-07 0.0 3.3369485075149034e-06 1.1918246332447961e-07 1.3891764146353556e-06 6.454524673267602e-07 1.8125040482278723e-06 3.943197655625289e-08 0.0 0.0
3.8908306934924975e-08 1.5403016715491324e-06 0.0 4.221940743560772e-05 0.0010250080270968924 0.000785640898416964 1.7120962739696434e-05 6.596311524357973e-05 0.000494043310462839 5.702063989151793e-05 0.0 0.0005258397389288711 1.9281815780483643e-07 1.0260541710414255e-06 0.0 6.209464683064674e-08 6.264278285017069e-08 0.0 0.0 5.752459665863201e-05 0.0 8.532090923572945e-06 2.087345957513925e-07 0.00044480291710937006 6.335486591259123e-08 6.065924796803572e-07 4.222139065153968e-06 5.2844903941319926e-05 1.777864521661944e-06 1.2230796438574949e-07 0.0 0.00025701138168242663 5.85897987003442e-07 1.724278260682983e-06 1.9447213436868454e-07 4.100023679410333e-06 2.7356268624345535e-07 1.7548779598862354e-06 7.917048603692537e-07 0.000772068024234018 4.4537962234618845e-05 0.0 8.012655970098116e-08 0.0 0.0 0.0 2.1944255662919916e-06 0.0 0.0 2.6853575058848645e-07 0.0 1.8936181634166427e-06 2.106421846421121e-06 0.0 4.571602760859271e-06 0.0 4.7377132616476e-08 1.3620869931070565e-06 6.448397910184602e-08 0.0 0.0 0.0 1.1035950316027857e-06 6.721057808509605e-08 0.0 0.0 3.371833389183104e-06 0.0 0.0 0.0 2.3969212600700428e-06 0.0 0.0 0.0 0.0 0.0 0.0 0.0 8.453845002027194e-08 0.0 0.0 0.0 6.40567776797738e-06 0.0 0.0 0.0
4.0627653501506087e-07 2.2808669902193836e-05 1.215835820058225e-05 0.0 0.0 5.359986902702132e-08 2.0657042123812953e-06 8.460787915369049e-07 0.00015172211681178442 5.493546309456227e-07 4.64374518087946e-07 4.310643411142729e-08 5.165146227503338e-07 5.716455191465226e-07 6.209464683064674e-08 0.0 1.2015396597230413e-05 2.740789235495609e-07 3.580459748841208e-06 0.0 0.0005908858718661207 0.0020133427824078898 0.0027303492695944656 0.0015372285259411791 3.0680210062804986e-06 8.205453763876661e-06 0.0030640685139141153 0.00136095104164451 4.2088716617950514e-06 2.5541432954240393e-05 6.864085711365562e-08 0.0 1.19269159378196e-06 4.009913903809407e-05 5.555134001059177e-05 0.0010747620192402129 0.00040440207054517603 0.0003180220605591533 0.00045411727591155747 4.5673771673789214e-05 1.4027833059004785e-07 1.5595174180757445e-07 2.728769137986719e-06 7.089284862603879e-07 6.300604973009291e-07 5.198667883596527e-06 8.242716986416021e-08 0.0 0.0 6.523480777334931e-06 1.4123238559146097e-06 2.4070051278494182e-05 1.0598984879243556e-07 1.0508037142070241e-07 0.0 0.0 1.8355700370977852e-06 0.0 0.0012928513898924105 4.3225608015208233e-07 7.300901836595921e-08 0.0 0.0 8.410394956941009e-05 0.000525595553845241 0.0005439726028782934 0.00021171949347443023 0.0 6.457690706502436e-07 0.00032064352331219985 7.196009619169005e-05 4.213139141231697e-06 3.2292119722494437e-06 0.0 0.0 0.0 4.083434393338403e-07 5.533936962280406e-06 1.345413398487941e-05 6.667457769474379e-07 2.346567206171795e-06 1.8212942411584775e-06 3.2565788286891293e-07 0.0 0.0 3.991240643855751e-07
3.468867202040969e-05 0.00010583253446812748 0.0013679318522729841 4.428968752230951e-08 4.6681400277961653e-07 1.9636607566595726e-06 1.3360528516829186e-05 5.398652152047843e-05 4.362691046124926e-06 1.5239444688519935e-06 0.00015124602515080885 0.0 2.534231073696974e-06 6.93501403442107e-05 6.264278285017069e-08 1.2015396597230413e-05 0.0 0.00016854507189177103 0.0023273475996421515 2.1748608224871852e-07 0.0001547399545891502 1.5415777657015925e-05 0.0016957274816246826 1.9826903013300884e-05 2.1875071341316544e-06 0.0022561487464476276 0.0038495470837108564 3.419249128445434e-05 0.00024035680013788238 0.0002166391265068145 2.8141224262460043e-06 2.927635866187752e-07 3.93591169011825e-05 0.0006190880885826522 1.4101499425182823e-06 8.481760038466788e-05 0.00020838001270948538 0.00011217446778160723 3.1996526179295444e-05 1.0473314148867323e-06 4.7340665856506186e-08 5.827328370721047e-08 3.6181432612299454e-07 0.0 9.959596454168392e-05 2.6198087957009923e-05 0.0 0.0 0.0 1.0839270041176186e-06 0.0 5.710651296138483e-07 0.0 8.197119196631253e-07 0.0 1.5688362699989104e-07 1.0869059913686641e-07 0.0 1.0558434743939777e-06 3.311164452595299e-05 1.2993499222280675e-06 1.3771024097421625e-05 0.0 8.48313091108478e-07 1.8957751166466072e-06 2.787922738962677e-06 1.1742941078334445e-06 8.683700012750623e-07 0.0001962545908895756 0.00035500322341697167 8.280017377923159e-07 1.6865849876057813e-07 3.7361229312874607e-07 1.782732425728639e-07 0.0 0.0 8.039162973082772e-06 2.3073537234214258e-07 3.3267330434061256e-05 2.137741661204897e-05 2.789323561852224e-05 4.633966297841089e-06 1.3971692506054166e-06 0.0 4.883098365224011e-08 0.0
3.230082532525557e-07 8.34752784309019e-06 5.858241361783615e-06 3.388156900689011e-07 1.5289407771592512e-06 2.5994506117768515e-06 8.864249059072062e-07 3.0698957717609977e-06 3.0912304377254543e-07 4.03990738110282e-06 0.002989878423856264 4.6023408652205365e-07 0.0001320894328682474 1.4801862417617973e-06 0.0 2.740789235495609e-07 0.00016854507189177103 0.0 0.0002638543245857829 1.1269145544479627e-06 1.0902827165111087e-06 1.3068528721637957e-06 5.297047677284089e-06 1.1775275567132201e-06 3.436103913744012e-05 0.0015418068133322628 0.000562419027451526 8.706924057509547e-07 1.0451618459392086e-05 7.734425087687198e-07 0.00015617767588949958 2.737359933467857e-06 2.979821843498842e-07 0.0007834402661763413 3.7059115419118913e-06 0.0001257291978462677 0.00037365840601012945 0.0006260763251436495 0.00019165278744616193 1.2394010967857892e-06 4.0557344760418247e-07 9.32425212661852e-06 2.5934456743560473e-07 0.0 6.043987422185788e-06 0.0 0.0 0.0 0.0 5.4395906576061307e-08 0.0 5.8130388115087944e-08 4.293005799041388e-08 4.050718338125371e-05 0.0 1.9014011715642773e-05 6.87514511468305e-08 0.0 0.0 2.724250061190014e-07 3.461234651524331e-05 2.2586346583880275e-05 0.0 0.0 0.0 1.0901083546177414e-07 1.5661826267105836e-07 2.5459566881673474e-05 3.527028210851274e-05 6.501390995905125e-05 4.9862024282200416e-08 4.4204912561309454e-08 0.0 2.713512745808535e-06 0.0 0.0 1.7702643529037766e-06 1.3608026550349869e-06 9.638798480175962e-06 9.543452930101897e-06 7.552595073891147e-06 7.583595175679619e-07 1.4293047706700508e-07 0.0 3.2503114762122664e-07 5.449415653522192e-08
1.1928917355716984e-05 4.722438091693592e-05 0.00011935408805248418 1.3889337353143967e-07 9.899434858652993e-07 3.128261166652837e-06 9.068521785787726e-06 2.3189739357613715e-05 3.1450986055707597e-06 4.064980837944717e-06 0.0007713817522829533 2.5965141007062387e-07 2.208897918695828e-05 2.210300705180143e-05 0.0 3.580459748841208e-06 0.0023273475996421515 0.0002638543245857829 0.0 8.697325098589513e-07 1.4671878808222705e-05 7.219350201595784e-06 0.00018819367650498053 6.495795314431605e-06 2.8724834149686693e-05 0.0034220741421220995 0.002408447522117253 1.2624496328351278e-05 6.877163548184253e-05 3.4034201416107744e-05 2.1552351385021343e-05 1.856094336778186e-06 9.435410162013456e-06 0.0013227960501428445 1.6382838382202153e-06 0.00010249202060767088 0.00015517486183638416 0.00035746936736875777 0.00010215568561080419 1.3587953829420222e-06 1.680965735972975e-07 4.822696811627682e-06 4.86923600706425e-07 5.016278727597593e-08 3.569183140453946e-05 1.5675150771046645e-06 0.0 0.0 0.0 9.330217341252646e-08 7.829098111173149e-08 2.236720710161727e-07 5.728248328020457e-08 1.3540206969612031e-05 1.8407494257626612e-07 2.7562752459296115e-06 5.4897164680975226e-08 0.0 0.0 6.3949578340869444e-06 1.610829711394747e-05 3.695306545394686e-05 0.0 0.0 4.364790507014961e-07 6.195241464010674e-07 3.801744730955321e-07 9.208953223549687e-06 0.00016717798781423228 0.00011919417820551892 3.9732942820708305e-07 1.599850386376803e-07 0.0 1.0351965692311369e-06 0.0 0.0 4.980714352700702e-06 7.200286693720909e-07 1.0737288634753453e-05 2.0590254455921084e-05 2.161945958490456e-05 1.2972883288177784e-06 1.7704827432264051e-07 3.305055892216891e-07 1.5546290908494682e-07 6.244137486888813e-08
8.2434910300775e-06 8.24386823763023e-08 1.0143300762965717e-06 0.0027881203942789336 2.462777535423805e-05 0.00034771752690171957 6.106123306724053e-05 0.00017388806905777022 0.00016348757280847977 0.0023931683051308605 5.912627858775111e-06 0.0037501304414288956 2.6051333171242537e-06 0.00010304938294660869 5.752459665863201e-05 0.0 2.1748608224871852e-07 1.1269145544479627e-06 8.697325098589513e-07 0.0 8.820187626044097e-07 1.7534991452979902e-07 7.887475676434965e-07 0.00044267533241614643 4.7430943539602023e-07 2.583856647980597e-06 3.3437913211344117e-06 0.0010536348967552177 0.0001999434979705957 2.1651038335489524e-06 1.0696866733682037e-07 1.4010222127104138e-05 3.5467622525224376e-06 7.310464282188522e-05 4.69472709725371e-06 0.00023748395475253116 7.74578816631293e-06 0.00014101671477182102 5.293287477569066e-05 0.0002691816193209031 2.363192197662603e-06 2.657760073969249e-07 8.637093667768916e-07 1.2073809014174253e-07 8.664650741214999e-08 0.0 4.1122347759633634e-05 0.0 4.609855837693022e-06 2.1968486100814908e-05 2.778089745269323e-06 3.46431106382516e-05 2.7820056410855595e-05 0.0 2.9767266445521965e-05 0.0 9.373580927557438e-07 1.7897877551481272e-06 0.0 0.0 6.368258999017944e-08 0.0 1.5358432599628792e-05 0.0 0.0 0.0 5.857135095479613e-05 0.0 0.0 8.293840301571025e-08 5.444472176003801e-05 2.974835617417307e-06 0.0 0.0 0.0 1.7551332567726685e-07 1.6279624331289158e-06 0.0 6.296225646652915e-06 5.314633518191183e-08 2.35544700451392e-06 2.9292010097686638e-06 2.550586228534409e-05 0.0 0.0 0.0
4.174009700928714e-05 2.270538479893865e-06 0.0010265108588011413 2.3164137932899567e-07 3.6255182910789124e-07 4.93235600294582e-06 0.0006119141314255248 0.00013298839014703925 9.658615135486424e-05 1.375904071059752e-05 2.9900608722231643e-06 1.7596688908902073e-07 8.610915213032061e-07 0.00011122567775320688 0.0 0.0005908858718661207 0.0001547399545891502 1.0902827165111087e-06 1.4671878808222705e-05 8.820187626044097e-07 0.0 0.00011487123963467913 0.011085170157909902 0.0004549217786052318 1.861166302432493e-07 5.217890139959056e-05 0.0007876724736928566 0.002718623751138074 0.0001484474716509551 0.007927860295512726 4.915182978918743e-08 4.1026698977750993e-07 3.958341921109371e-05 0.0018993451998966114 0.0002113846767099674 0.002437953910088918 0.0006600031690947432 0.003195853606431588 0.0014527419774670997 0.00011135015829679413 1.114360132238289e-06 1.4507321871978194e-06 8.91582410450687e-06 3.2006133176646907e-06 4.517510873303694e-07 6.96958740746819e-07 5.3151779140301986e-08 0.0 1.0074884693657359e-07 2.5123348565872885e-05 2.2071483261912475e-06 4.442227629678387e-05 8.705653246177266e-07 0.0 1.6081073153099903e-07 0.0 6.76891167739534e-06 0.0 0.00017973491328384964 3.580257043623405e-07 0.0 0.0 0.0 9.003463544470666e-05 7.23030945714513e-05 4.164327270197528e-05 0.0002538579380762808 6.551265440025866e-08 8.176703724377027e-07 1.1025693983424936e-05 0.0001214323716154522 1.20052262998667e-05 6.74053951439377e-06 0.0 5.530274142895613e-08 1.7183619973244025e-07 1.4073505024108562e-06 1.0682054827955788e-05 3.0104011369129168e-05 1.1090727920590764e-06 3.3587644704035104e-06 2.0656280524012915e-06 1.8867234695758846e-06 5.0346529187261964e-08 0.0 2.1250994578456594e-07
9.273355879596259e-08 0.0010911337091569734 2.758205679488085e-05 1.2920030398245176e-07 5.080841560939908e-07 6.010450491224969e-08 7.247735277829276e-06 2.836383999119036e-07 0.0013098380741534748 5.465172568335011e-07 3.260986668378145e-06 1.339350165992813e-06 1.1616079577228008e-05 4.0549415725570856e-07 8.532090923572945e-06 0.0020133427824078898 1.5415777657015925e-05 1.3068528721637957e-06 7.219350201595784e-06 1.7534991452979902e-07 0.00011487123963467913 0.0 0.0004359540180911263 0.0020581511593792162 0.00016272725578687298 3.513283610722612e-05 0.0036958993754884224 0.00017233107038516792 2.707891930839409e-06 6.2201488302279606e-06 7.190093371332915e-07 0.0 1.489466372468362e-06 8.659941292187017e-06 9.060895110532905e-07 2.3708606908704398e-05 1.4717641424658039e-05 1.9948077714079688e-05 7.231996531719405e-06 1.2240544764486388e-05 6.954579600548169e-08 3.332165869954671e-06 0.0 0.0 6.5279256307668365e-06 6.338222910276701e-06 2.0354509529415015e-07 0.0 0.0 6.994112125870181e-07 2.045759437409222e-07 1.3862436733118967e-06 5.592719302294977e-07 2.9829822960295596e-07 1.4169345671338032e-07 1.333780153910334e-07 0.0 0.0 0.0003986287638744927 7.7179859225561e-08 1.651259167482963e-07 3.883484158497018e-07 1.986667763769846e-07 8.399531575301367e-06 3.230232917348692e-05 0.00014619534571012755 3.599771082850657e-05 8.448090298204978e-07 3.858722263865745e-06 0.00018820862749959345 9.302329350531385e-06 9.111615247533949e-08 0.0 8.55360655587995e-08 0.0 0.0 4.811816511954147e-08 2.8933170120547356e-07 2.0768169613168447e-06 4.7065064446651843e-07 1.4042573509543308e-06 4.338131298641044e-07 6.53938334482946e-08 0.0 0.0 0.0
0.00011789103430627174 7.948272632157792e-06 0.005373485641610399 7.950824577277061e-07 2.3360556432073864e-06 9.687733911695186e-06 0.0006367815908629032 0.0002669606007385622 2.580294131219247e-05 2.0546493109549907e-05 1.5385827581338913e-05 2.8873408171080665e-07 2.8449645275829243e-06 0.00026532871719923517 2.087345957513925e-07 0.0027303492695944656 0.0016957274816246826 5.297047677284089e-06 0.00018819367650498053 7.887475676434965e-07 0.011085170157909902 0.0004359540180911263 0.0 0.0002632898703582699 2.58178387653083e-06 0.00032791303979732726 0.007897252457854081 0.0010440992511322402 0.000428211519668584 0.0023079954973399125 2.8055056675553004e-07 9.836453508158422e-07 5.462563255425301e-05 0.002455500698871373 0.00027254933377347074 0.005418567259442436 0.002075753145869444 0.004797678973860743 0.0041885116191896846 0.00021218693681062642 2.011185704018624e-06 2.4976622977166786e-06 1.876499727176272e-05 1.332889089166367e-07 2.042753102860072e-05 7.744481267782477e-05 4.350756847109522e-08 0.0 0.0 3.213079361478585e-06 5.967071788973251e-07 8.834758947985304e-06 3.017361724825179e-07 0.0 0.0 0.0 1.016733600557057e-06 0.0 0.0010995720212336935 7.220908943998192e-06 1.074601351866253e-07 1.0255138701826536e-06 3.6355569429586734e-07 2.9462184419169528e-05 0.0003933259181302066 0.0004457316469235313 8.016767700583175e-05 1.8539256529820767e-07 1.2726571538649029e-05 0.0009068062264142765 3.0370466441038438e-05 1.5424134358590453e-06 1.1628892367559295e-07 0.0 0.0 0.0 1.4390616746041808e-06 5.273435148623866e-05 6.341679242869877e-05 4.680255193154118e-06 1.4974093391185716e-05 5.650039143030309e-06 2.1305131067295165e-06 0.0 6.982351106082372e-07 8.268518762103918e-07
4.183258758200821e-05 0.00017874474751225627 0.0001040101324313303 0.001298397481406515 3.4257339670599835e-05 9.412476074009383e-05 0.0007288570576709834 0.00011581364908883391 0.005864732010982944 0.0012030455591052348 3.2551185025582535e-06 0.00027598212708232863 3.1218748010408216e-06 0.0001303021194975188 0.00044480291710937006 0.0015372285259411791 1.9826903013300884e-05 1.1775275567132201e-06 6.495795314431605e-06 0.00044267533241614643 0.0004549217786052318 0.0020581511593792162 0.0002632898703582699 0.0 1.7161187697349864e-05 4.648495142123528e-05 0.0022172644214022976 0.005255440752635703 0.0007097381571037068 0.0007883986507034184 3.3146249518678323e-07 5.264975285700965e-06 0.0002503272426154831 0.00020367703467054392 8.105629379795922e-05 0.0017808299509840875 0.000160196658978574 0.0005948519373882281 0.00032157785440516996 0.0004958210329980832 6.461299441103062e-06 7.471116823302276e-07 3.40644303495909e-06 9.320111144373878e-06 3.5653051287486924e-06 2.9562700746623307e-06 0.00021432314893609936 0.0 2.1102489281031576e-05 0.0003067848334194772 2.267214545255734e-05 0.0007072819126336051 0.00017923545103473829 1.134042059742129e-07 0.00011223460782932181 5.1037154257548664e-08 2.7436413153174615e-05 1.8483471068572905e-05 9.223389040820692e-05 6.379026431722521e-07 1.6836784386333825e-07 2.1695194973112273e-07 0.00011512720235824694 8.118730361383811e-05 4.2262307694116466e-05 2.2504399180866418e-05 0.001168354703674992 1.6015511336761757e-07 2.915559314867315e-06 1.9658402356071153e-05 0.0008000789035346429 4.8586950731497224e-05 1.558421694128366e-05 0.0 5.448883195215832e-07 3.6948506491746933e-06 8.732002198816657e-06 3.076203719240547e-06 0.00010228271311013948 2.4096684715841724e-06 2.7919402224426375e-05 1.4329458552450027e-05 8.079761628728251e-05 1.4434826862332522e-06 0.0 7.814908524177091e-07
