0.0 1.2230025731003808e-07 2.3651204103923163e-05 2.398729840529901e-07 3.703135244841573e-07 5.8830186942972845e-06 0.0007163488052330817 0.0003403402196727877 5.846128832364808e-07 2.534811113996654e-05 1.766758756623342e-06 3.5155744716736456e-07 4.049530246582941e-07 0.0027115826835474497 0.0 3.403540152042724e-07 8.700366003565269e-05 8.856213560792396e-07 1.0652499866747945e-05 1.373378880100534e-06 3.486153324840636e-05 4.882082578089128e-07 0.00010973535716282089 6.5866756677189945e-06 0.0 1.4649803420809429e-05 2.8056865146525932e-06 5.515642583659529e-06 0.0015425138994088028 0.001417984536506797 0.0 3.2317437183950976e-06 3.739011841603628e-05 8.108706131569279e-05 0.0 3.076149241233447e-06 3.74498096536268e-06 5.080812124556566e-05 6.458216878083299e-06 4.322701511936361e-07 9.585044239425055e-07 0.0 0.0 0.0 0.0 0.0 0.0 0.0 0.0 3.6923626662885743e-07 0.0 8.571810317292772e-07 0.0 0.0 0.0 0.0 1.7861092725621639e-07 0.0 1.0456771648483843e-06 2.0667951299804717e-07 0.0 0.0 0.0 9.527440420752951e-07 4.447571294572371e-07 1.927155847278828e-07 8.729467181586252e-07 0.0 4.7286536820139356e-08 3.304681586807041e-07 1.8310980820132207e-06 1.3753673695855732e-07 3.4887294139652164e-07 0.0 0.0 0.0 0.0 0.0 3.7956819456257574e-07 0.0 6.019929997148407e-07 0.0 0.0 0.0 0.0 0.0
1.2230025731003808e-07 0.0 6.808936178149082e-05 0.0 0.0 4.9822559337708605e-08 7.824229338547049e-07 9.403245335940788e-08 0.0004109933409154277 1.0382374029057776e-07 5.4893435230928836e-05 0.0 0.00038696650869060416 1.7118103712083569e-07 9.043235570341772e-07 2.8623487647444645e-05 3.740628852330373e-05 2.071548421737196e-06 6.3436248652043344e-06 1.0817215118795796e-07 2.599755986692725e-06 0.0011381640340263342 7.0818346931773035e-06 0.00032949516410563215 0.0005004379538994688 0.0003357227824050667 0.0037391257535849235 1.1206612607990666e-05 1.1114902615394763e-06 6.313663010230539e-07 2.5884986418976247e-05 0.0 1.1660061067998087e-07 8.685804169936402e-06 7.856236083268074e-07 2.5710848899921247e-05 1.881206936193494e-05 2.3329766953821137e-05 8.379869362751312e-06 3.4979016863646803e-06 3.675721832958924e-08 1.9759054489237797e-05 3.5276468381780844e-07 1.4149936823903934e-07 3.261952837273892e-05 8.508618409214338e-05 5.406500371999021e-08 0.0 0.0 5.516540561704251e-07 8.188217334705477e-08 7.084623271501909e-06 0.0 5.33140273285903e-07 0.0 2.7570519050566513e-05 5.3406468804695434e-08 0.0 1.4179361357487933e-06 1.9092248425138946e-05 4.059540971935948e-07 1.3560400420328941e-05 0.0 5.086495794358733e-07 1.7301934131544316e-05 6.501303255176538e-06 2.193311237471712e-06 3.60096626271459e-05 0.00015635053227875463 0.001462213318876426 1.5921109538235354e-06 1.5680416311439126e-07 1.9597085667622236e-07 1.2059936813325473e-06 0.0 0.0 2.7936145667260423e-06 6.63358673188469e-08 1.0301874086928804e-05 1.7611012926980166e-05 6.167856869233164e-06 3.896305550207851e-06 1.8133395877012146e-07 0.0 3.2286111063453607e-07 0.0
2.3651204103923163e-05 6.808936178149082e-05 0.0 6.6008893750913905e-06 3.618752180509214e-07 4.157047828363054e-05 0.000683622638214836 0.00028953975981579563 7.521110725466352e-05 3.76184922573533e-05 1.0223080842262858e-05 7.54685111675647e-07 3.2477633365508764e-06 0.00022489759632425885 2.7073377441301286e-07 7.95890264716591e-05 0.001772714723994478 6.150322960607721e-06 0.00012073895832215771 7.2741356288470054e-06 0.0009146070474910787 0.00010934996095083528 0.008295281552313077 0.0001495166367727539 1.8177000503263082e-06 0.0030525788100445287 0.002355418558018754 0.0004779323323516292 7.076326193455393e-05 0.0001202933102310158 7.702651235846986e-08 3.2146233460737464e-06 4.272612629308994e-06 0.00028511878456031505 1.0820016453385158e-05 0.0005881584674364201 0.001061310712745015 0.0007565048370109412 0.00028135606412521254 1.4170898367392296e-05 1.5967333633199706e-06 3.1540821363490885e-06 2.4744630176673465e-06 6.106424849092078e-07 2.7601575001830853e-05 0.0007487744386136553 2.579011627107669e-07 0.0 4.8963666521344445e-08 2.496395522192372e-05 5.962553138867121e-06 2.157384572992151e-06 5.978378474717713e-08 7.451285847747592e-07 0.0 6.233902247641894e-07 5.382559726793187e-06 5.2390878662042444e-08 3.063099317153489e-06 0.00010837335493961984 3.096134520178978e-07 1.3679010184150902e-05 0.0 3.495716883850047e-06 1.8815055645785873e-05 0.00017931359141676347 2.5417403453992688e-06 1.218432050684748e-06 6.614145297927505e-05 0.001626901891917661 5.111263052151508e-06 3.4826304025864025e-06 6.91941021430352e-06 7.96165314236249e-08 1.3426496226614785e-07 0.0 2.1627406774152713e-05 3.3724818385071325e-06 5.130630312863595e-05 2.7507761580748402e-05 7.821301176100847e-05 2.6170890512865422e-05 8.449838212614125e-07 5.538389291387626e-08 1.8609820400564423e-07 0.0
2.398729840529901e-07 0.0 6.6008893750913905e-06 0.0 0.0 1.1424492258205057e-05 0.00021785081550678768 6.207464006197499e-06 0.0007317629575312936 0.0017864984005410752 6.280009430901013e-07 0.00024046243614834746 1.6617094327089408e-06 1.0851114345325033e-05 1.4137433023782425e-05 0.0 3.000609948544977e-07 9.431329425641829e-08 4.100484561788134e-07 0.0026032985360434175 4.180190950694663e-07 1.303558426459949e-07 3.305479226344311e-06 0.0015675771011327058 0.0 1.5888657401775207e-06 2.157788844634173e-06 0.002262283216297572 3.326458582601207e-05 1.430109711071146e-06 0.0 6.017454005330948e-07 1.0529141299484636e-05 9.517756032812373e-06 2.6308542764888132e-06 0.00011088015054210033 1.3673571025586081e-06 4.407090808934919e-05 2.3170781407268925e-05 4.741630004352661e-05 6.783453791223915e-06 4.779622129403276e-07 3.5595605840098746e-06 2.2630155751194925e-07 0.0 9.318727414930372e-08 0.00014030989184424998 4.071989519776204e-08 1.9005966994041927e-05 5.4652391878234254e-05 1.0259887338814039e-05 0.00010101368738690022 0.00020267625741975505 1.9214084806973404e-06 0.00011157729786265752 2.589698666575384e-07 5.29473263260656e-06 7.1755578630649815e-06 5.655169745507819e-07 5.344012080917746e-08 0.0 9.047481483532887e-08 0.00010175582400179574 3.5813977924404835e-07 1.4107243951469013e-07 5.972194753120722e-07 0.00015633486569996513 0.0 5.099437849673584e-08 5.001922505025668e-07 0.00020701385021305646 5.082494629046517e-06 4.493041957626521e-06 6.513193370381828e-08 1.8712255527360197e-07 7.802494080770418e-08 3.2442531340912433e-06 9.894379515353686e-07 1.2728238688301872e-05 6.441333244712439e-07 9.414785880588682e-06 2.8403114350543446e-06 3.4909970710717964e-05 2.585777068360958e-06 8.595933416870199e-07 5.898583852907808e-08
3.703135244841573e-07 0.0 3.618752180509214e-07 0.0 0.0 0.00021077809780471822 3.411520782926333e-06 7.790248077382654e-05 1.1815220746342224e-05 8.513572274377576e-06 2.4640703644428803e-05 4.008257541784655e-05 2.723593429439615e-05 4.1946143448674015e-06 0.0005831815498067372 1.5682336382088945e-07 5.058143358932298e-07 4.76880595244053e-07 4.1280927988839233e-07 4.3672617888052196e-06 1.3164045404073428e-07 0.0 7.8047711030392e-07 3.84317818582358e-06 1.1247333655313703e-06 1.5650185414491573e-06 8.233518859138082e-07 2.0464908781067426e-06 0.00019486405752482932 8.122081075162968e-07 0.0 0.000465074012320745 0.0 0.000197773637301001 2.5833035921551673e-06 0.00010885654568356045 7.779589042847832e-06 0.00046416880163968084 0.0001211140645427408 0.000583270434609948 0.00020732089705321628 4.002990067292256e-06 2.891680262554647e-06 0.0 0.0 0.0 1.267114010142957e-07 0.0 0.0 2.7816487055003205e-07 1.6936914606128798e-07 6.568334997873782e-08 1.5719370164361282e-07 0.0 8.62574561159943e-08 0.0 0.0 0.0 2.314980403656318e-07 4.005935939727467e-07 0.0 0.0 0.0 0.0 0.0 0.0 2.016699347034452e-06 0.0 1.9149939216836427e-07 5.6134490098575394e-08 3.1718995631122934e-07 0.0 0.0 0.0 0.0 0.0 4.861849641941154e-07 1.9965580089903028e-07 8.214141562503085e-07 0.0 0.0 0.0 0.0 0.0 0.0 0.0
5.8830186942972845e-06 4.9822559337708605e-08 4.157047828363054e-05 1.1424492258205057e-05 0.00021077809780471822 0.0 0.0017826135577525537 0.004284685484169499 5.4594266838915885e-05 0.005413627540455417 0.0001498400040704576 0.001558269599054624 3.3285922867020885e-05 0.0008628010505615348 0.0007389809260955646 4.044028889830525e-07 1.0050691859810208e-05 1.3086566630739697e-05 1.7112860029392562e-05 0.0005707507952110464 4.292697683132346e-06 7.676800984438544e-07 3.614307078119646e-05 0.00011231507447080479 4.3230595120722196e-06 4.05622295827041e-05 1.9119895573401003e-05 0.00023578479207111896 0.0006817442122127405 3.0019770670291288e-05 5.0556823696094515e-08 0.0012321616264785863 1.066835490090693e-05 0.0005684479138136832 4.671445929199508e-06 0.0002611538404003862 2.9090500557004243e-05 0.000732468217044666 0.0001400160525413946 0.0016641301209299835 0.00021980058374388014 1.0794438397789813e-05 4.4038813571746035e-06 0.0 0.0 4.686778155431716e-07 1.2305510073947521e-05 0.0 3.96412295531269e-06 2.6167930400493338e-05 2.31687374748632e-06 9.603125382690868e-06 1.9146316155831718e-05 3.016316234213211e-07 1.981823038284982e-05 2.8712949143233187e-06 1.931646827462684e-06 1.7890109539476456e-06 1.9939177895889053e-06 0.0 1.0240885170853633e-07 0.0 1.0223615683267839e-05 8.00572483522736e-07 6.817518310431325e-07 1.9043627561475082e-06 3.305388898064891e-05 1.0482677309658285e-07 3.1329384990463225e-07 1.2364326032018993e-06 6.189047216098359e-05 3.7383749401197864e-06 1.3147350445721792e-06 0.0 0.0 2.0352783700488459e-07 8.599544459301882e-07 1.1051133931852315e-06 7.029108836163261e-06 4.050211409570215e-07 3.066499437772845e-06 2.3488619670275365e-06 1.9075062951522968e-05 2.5482845288674234e-07 4.7638448927108143e-08 0.0
0.0007163488052330817 7.824229338547049e-07 0.000683622638214836 0.00021785081550678768 3.411520782926333e-06 0.0017826135577525537 0.0 0.002021610915712301 5.7601450366700896e-05 0.0057156932363932374 1.5054899174311118e-05 5.237960380660087e-05 2.2824751078043613e-06 0.0024442150137813316 4.3130257732240285e-07 9.902346374610334e-06 0.00011474182461142333 2.2186832159829604e-06 1.1020345153466417e-05 0.0003088102001219926 0.0002082271989958455 1.0537946184828271e-05 0.000895550866832611 0.0006829951947118125 3.242627207655479e-07 0.00015496497069128842 7.937750632088878e-05 0.010111752238235652 0.0005452264554943798 0.003538226082272731 0.0 1.5016422274315297e-05 0.00012079147909672817 0.000203358880649147 1.9435097819362276e-05 0.0006804665767376223 4.307061403432261e-05 0.0006162035961127639 0.00032484254290466745 3.842004283307084e-05 5.919936517647136e-05 1.3613275046555415e-06 9.006042123398909e-06 1.6015325908916795e-06 1.255612152867212e-07 5.8194955004698036e-06 1.0052725740130106e-05 1.1000029633144388e-07 2.473955328276576e-06 4.8963900319888885e-05 4.094939905018129e-06 2.0042486441397215e-05 1.3525895913595935e-05 1.1002651588459116e-06 1.3007742701413507e-06 9.042853504049506e-08 4.054449780070673e-06 1.2582590985251703e-07 2.0357660244783764e-05 8.100477648699457e-07 0.0 1.2457693559897725e-07 5.718497351564423e-06 1.0412273511781882e-05 5.887247255155552e-06 4.0655047312670935e-05 8.03645758509796e-05 0.0 7.822765807898927e-07 1.810566143246654e-05 0.00013388907043703353 1.1957178498812262e-05 1.6640811899291148e-05 8.388451734576149e-08 5.1941661701227175e-08 1.0460055039748737e-06 2.4235134974583587e-06 3.3995290361809073e-06 2.2667686128471826e-05 5.559850815802681e-07 1.23870757734007e-05 3.875680294681517e-06 6.7921083325076225e-06 1.1724836576413546e-06 0.0 7.20451536733407e-08
0.0003403402196727877 9.403245335940788e-08 0.00028953975981579563 6.207464006197499e-06 7.790248077382654e-05 0.004284685484169499 0.002021610915712301 0.0 1.5501910824367395e-05 0.0014970932467332043 0.00010018020326371579 0.00030488259920018483 1.9886801969989592e-05 0.004303237474883033 0.00030834092172592214 2.42643847415384e-06 0.00031614562484113705 8.585688847385064e-06 5.185463489895255e-05 0.0001329375611562131 7.079909431954456e-05 1.2427402321424892e-06 0.00045946849010063606 8.29849321007833e-05 3.181505585812384e-06 0.0001868550728174412 3.5999623148393006e-05 9.833469947555385e-05 0.0010898628857566649 0.0005032511912442561 4.548881938809517e-08 0.0013083218530503698 6.954142232623969e-06 0.0004303610169127277 3.3567363557134802e-06 0.00022451758917203804 3.628680238594241e-05 0.0005748800944674455 0.0001423490676468928 0.0004973678301428854 6.13967882620242e-05 5.6398878812409355e-06 3.3556763880260003e-06 1.5441408917448712e-06 1.3502500853584933e-07 3.2272402347509547e-06 4.414521752145957e-06 0.0 2.3084448984267575e-06 5.242730447858159e-05 1.9035905006653428e-06 1.038044345666173e-05 1.0656753695619918e-05 2.1065386860373602e-07 8.599146934638098e-07 4.754669002306435e-07 4.93060506766058e-06 0.0 2.7058818183376956e-06 1.9710451893804935e-07 0.0 0.0 4.737436084337336e-06 1.9681044973646925e-06 7.248680639295147e-07 3.1525601249823366e-06 6.345786900397316e-05 6.99934920818586e-08 4.434235776042553e-07 4.4626843559088864e-06 8.890792740991798e-05 7.468927343323326e-06 6.168770268350383e-06 0.0 0.0 9.388288138919121e-07 1.0358774814934357e-06 1.1026773486179241e-06 1.2271801412254499e-05 5.121522433491821e-07 7.485495244636364e-06 1.630633074736463e-06 2.8466664254613406e-06 6.146669372427513e-07 7.530486420503009e-08 0.0
5.846128832364808e-07 0.0004109933409154277 7.521110725466352e-05 0.0007317629575312936 1.1815220746342224e-05 5.4594266838915885e-05 5.7601450366700896e-05 1.5501910824367395e-05 0.0 0.00016730684484568087 2.399644391772397e-06 0.000222068981542683 7.949061614946536e-06 4.926390054635154e-06 0.00035389390353015654 1.99403685220427e-05 3.027113875220878e-05 4.1192440623260726e-07 3.74702750455545e-06 0.0005955218613912233 1.2985948635515739e-05 0.0017635538469138565 5.476265394323061e-05 0.0037473810572722357 2.6645114257489605e-05 1.9543845382527855e-05 0.0004544692402299321 0.0006514723679661503 2.499751087474907e-05 4.637370922336614e-05 7.398795558909255e-07 1.261984416864686e-06 6.996903254512305e-06 2.171272154727665e-05 3.8371004224530145e-06 0.00020732964279060332 1.3421698988324126e-05 6.25609993742204e-05 3.726216169607238e-05 0.00039254871786503 4.834907656513411e-06 4.1268164264282125e-06 7.965337083656099e-07 5.1513560047037e-06 2.8880214027796477e-06 6.3454841674623135e-06 0.0002474007825403568 3.5096739739665913e-07 4.2111075793449794e-05 0.00016679265036495923 1.626822935110577e-05 0.00017643051824699509 0.00020959038375338508 4.991963467825359e-06 0.00026113228488658564 2.7819190405067687e-07 1.1877763939508395e-05 4.24854172929527e-05 0.00019808377588591787 1.2524193982203022e-06 0.0 7.82138620004523e-07 0.0001164525148309037 0.00010228360079622787 3.7707708984541265e-05 8.423404518334675e-05 0.0009428149559173871 3.7247800317736475e-07 4.43338797346806e-06 4.2426110032193125e-05 0.0006666276462686185 4.1506806032559306e-05 5.231424722090112e-05 1.5268292396894238e-07 4.7683488322318645e-07 3.7365021066063095e-06 8.993504832902007e-06 4.716512304034295e-06 5.474907363952287e-05 1.1736209420524328e-06 2.417278065329257e-05 9.065218530908539e-06 0.00014565013372781882 2.133453099200839e-06 4.85796739419256e-07 1.2505194856184895e-06
2.534811113996654e-05 1.0382374029057776e-07 3.76184922573533e-05 0.0017864984005410752 8.513572274377576e-06 0.005413627540455417 0.0057156932363932374 0.0014970932467332043 0.00016730684484568087 0.0 4.345265205807571e-05 0.0036092113701595135 6.202508744393187e-06 0.0005857420744254399 5.105906034316839e-06 7.236319661264583e-07 7.164672040543696e-06 6.005814089877948e-06 8.106279813757456e-06 0.00443985417595023 3.7520970547006014e-06 5.037018934769037e-07 2.6900325767164807e-05 0.0003891142629385127 9.345708614060874e-07 2.446647562137456e-05 1.1980739651358194e-05 0.002662026221040473 0.00033639902824184596 1.948759201838118e-05 7.477599725971479e-08 3.746514299261309e-05 2.630181381036483e-05 0.00019579532878025776 6.038924303304317e-06 0.00032779753090740637 1.194773532984889e-05 0.0004100455854038101 0.00010840022872586215 9.543052131441147e-05 6.925747543210233e-05 2.0231896499964157e-06 8.666000835609197e-06 1.5716204720885498e-07 0.0 5.343515340861439e-07 6.313432342731592e-05 1.0584656973979613e-07 1.3178679836099889e-05 6.56276649791262e-05 1.116557221474923e-05 3.746484171806977e-05 8.333267002057591e-05 6.130727812831392e-07 6.500346791025556e-05 5.893334347425392e-07 5.584916929919002e-06 1.4424163610072812e-06 1.0973792881004665e-06 5.515613266630008e-08 0.0 0.0 4.05866486893744e-05 7.876980886297031e-07 5.207161024272188e-07 2.098007869746483e-06 0.00010017383588588991 1.1381686465060025e-07 8.709230764196432e-08 9.332388346685794e-07 0.00017228122350000752 6.429435686280549e-06 1.2856475366419312e-06 0.0 3.883754214557846e-07 1.666713825610931e-07 4.088687685843539e-06 6.037209058149269e-07 1.4838686365484983e-05 1.9623222334058977e-07 1.1118359670895595e-05 2.6831428066406723e-06 1.4635448097347726e-05 1.0406770737666713e-06 4.556451982083761e-08 0.0
1.766758756623342e-06 5.4893435230928836e-05 1.0223080842262858e-05 6.280009430901013e-07 2.4640703644428803e-05 0.0001498400040704576 1.5054899174311118e-05 0.00010018020326371579 2.399644391772397e-06 4.345265205807571e-05 0.0 5.1873597627343917e-05 0.002270109384559351 5.0884199797120786e-05 9.060426729986095e-08 8.784261430874301e-07 0.0001644991219454576 0.002801832830456022 0.0005683816052554634 1.9931555008192493e-05 4.092244847769033e-06 5.2089010028216646e-06 1.4380390156025493e-05 9.96228042467506e-06 0.0004802981843329763 0.0019096413908340174 0.0007064330304363718 7.245548164008478e-06 0.00013868212589128508 1.028290535961177e-05 0.00020678528071765926 9.193149587074686e-05 7.346076875740003e-07 0.002498583318659949 4.6339254776061975e-06 0.00032486629397553325 0.0024209715706427267 0.0034150013829402017 0.0006597580361223437 6.172989598944562e-05 2.8399169941906278e-05 0.0014042344099269976 1.6070370061637145e-06 0.0 2.3224082837889676e-06 1.15417347767262e-06 3.683373105209505e-08 0.0 1.2065877718303917e-07 1.981349549194284e-06 1.9972252884535604e-07 0.0 1.2171121046853026e-07 0.00010437098164477373 0.0 0.0005035093208634628 4.5272753212076493e-07 0.0 1.1068039836882296e-07 6.793201173064508e-07 3.5946858583285135e-06 8.476817339576862e-07 4.915174890058184e-08 4.92921714212548e-08 4.5234166961715615e-07 9.05382513503788e-07 2.358496055167819e-06 6.30834832885545e-05 0.00011153400327414737 0.0001646331549865633 5.505415047393409e-06 2.2526560210451493e-07 9.748906127200132e-07 6.79501457059002e-05 5.6076108844001754e-08 5.6887118007682995e-08 1.629887715991871e-07 5.15688466433857e-06 4.375376779046625e-06 0.00011794126088454455 4.310540933250222e-06 6.307112929372929e-07 0.0 7.573789753561106e-08 1.2639007410351869e-05 7.706281673768941e-08
3.5155744716736456e-07 0.0 7.54685111675647e-07 0.00024046243614834746 4.008257541784655e-05 0.001558269599054624 5.237960380660087e-05 0.00030488259920018483 0.000222068981542683 0.0036092113701595135 5.1873597627343917e-05 0.0 1.5139622204703291e-05 0.0002927267979610626 0.0007019875207829512 8.078933279017212e-08 1.5358148014847093e-06 5.520070093344784e-06 6.069217879182387e-06 0.0034792617368976366 1.7847469051442603e-07 5.824914600450672e-07 1.3857616511194681e-06 0.000290933359439409 1.0258398055264944e-06 1.2787830596530636e-05 6.900645400727439e-06 0.00015647654610935732 0.00023236046181224348 9.308166383984364e-07 1.440560212588637e-07 5.53852397421081e-05 1.0603481789245465e-06 0.00021861570829921796 1.0540744589372416e-06 0.00010202879102186138 1.018513872317915e-05 0.00023323069539348928 3.134974765881838e-05 0.0016559062679377505 3.130759388362102e-05 2.8328764424130627e-05 3.5693005184795254e-07 2.956737722549039e-07 0.0 7.487043008904082e-08 5.322645650353533e-05 3.31214250972685e-07 1.860271284441335e-05 3.747454734158559e-05 6.765001257474149e-06 5.5927169079736765e-05 7.099472952441429e-05 1.639245590385759e-05 0.00023860292177913035 1.4810485471831442e-07 3.70749915140949e-06 3.236180489426955e-05 0.0 0.0 0.0 0.0 5.715186004684233e-05 1.1442208683367125e-07 3.429252935841727e-07 6.238209828545655e-07 6.702713412982726e-05 0.0 3.255410327702857e-07 5.130947398461393e-07 7.352044639328139e-05 4.432059800962593e-06 5.57749873924282e-06 1.4304394551273787e-07 1.8490441157965102e-07 4.593873674161456e-08 3.0613195861376335e-06 1.0243635020362736e-06 1.8610671696813763e-05 2.35461380327489e-06 4.75740449583727e-06 4.899997056901712e-06 0.00013017824117940907 1.0140288885731338e-06 1.524203222925878e-05 8.732059919335513e-07
4.049530246582941e-07 0.00038696650869060416 3.2477633365508764e-06 1.6617094327089408e-06 2.723593429439615e-05 3.3285922867020885e-05 2.2824751078043613e-06 1.9886801969989592e-05 7.949061614946536e-06 6.202508744393187e-06 0.002270109384559351 1.5139622204703291e-05 0.0 3.6155947563226753e-06 1.7891603240887225e-06 2.7607023095583073e-06 9.812312890065313e-06 0.00010353186005656944 6.841071891276248e-06 6.748427475348997e-06 3.2670976605707935e-06 4.269751173673007e-05 7.982930136093852e-06 1.1606060081828988e-05 0.0022535824631736974 0.0007254659277412485 0.0032068339080423836 3.774202509392553e-06 1.1197017406150636e-05 1.7467190293976524e-06 0.0005406019378635654 1.7338410011656627e-05 0.0 0.00033791943201463056 2.536801401087227e-05 0.0007436395205066036 0.0038245234046831496 0.0020431237140184915 0.00041475498102379435 7.20039671549729e-05 6.376525461869627e-05 0.0011331288555619622 6.4967405696993876e-06 0.0 5.124387229876676e-05 2.587828862571177e-06 0.0 0.0 0.0 1.507342441421121e-06 7.285695979274383e-07 0.0 0.0 0.0004091126856648909 1.0737633101398444e-07 0.0019236117953122583 1.1193864764527294e-07 0.0 2.73153444710652e-07 7.241996903616776e-07 8.467964819240676e-06 2.060285829384451e-06 0.0 1.979997575769883e-07 9.362477010038054e-07 6.40787096791086e-07 1.9411991437186762e-06 0.00040636945170885864 0.00027808001035249473 0.0006222515119415627 2.5652434109384487e-06 9.430423059461998e-08 5.567541293467351e-07 0.0001911341706770455 1.9998278897213762e-07 0.0 1.625574486358782e-06 1.4644083301161866e-05 0.0001245156074731835 0.0003309569882987386 4.276218943468275e-05 2.010352371772366e-05 3.699828448027356e-05 6.001461105706317e-06 7.184601007915813e-05 6.26696203486573e-06
0.0027115826835474497 1.7118103712083569e-07 0.00022489759632425885 1.0851114345325033e-05 4.1946143448674015e-06 0.0008628010505615348 0.0024442150137813316 0.004303237474883033 4.926390054635154e-06 0.0005857420744254399 5.0884199797120786e-05 0.0002927267979610626 3.6155947563226753e-06 0.0 1.8596084365160565e-05 3.5168010665153376e-06 0.0004183093106793058 9.094579848870575e-06 6.723476734146119e-05 0.00016932060868526328 9.039781750738123e-05 4.328808766398539e-06 0.0004935698793082493 7.72388008483253e-05 9.638478317793029e-07 0.00015224557046903843 2.6000346157578647e-05 0.00010215103438158894 0.0029147486619282028 0.001583127065336873 2.096342418782794e-07 4.63022384227927e-05 5.2443102793364545e-05 0.0003723076785174486 1.5754453125014188e-06 0.00016995899817827127 2.491664233956263e-05 0.00031471809832962696 7.781179807083247e-05 0.0001395066039713681 1.3560637849311305e-05 8.208137953728112e-07 7.396654222185629e-07 1.3390111654502803e-06 0.0 1.3407543558597919e-06 1.1847400202102014e-06 0.0 1.4711654673643795e-07 1.8446670973798514e-05 9.900138173177317e-07 2.8580884504018223e-06 2.4075703650869043e-06 3.359636263323357e-07 3.1532653043939915e-07 3.635987394440196e-07 1.3658499859337408e-06 0.0 4.698446685449364e-06 0.0 0.0 5.094852971279685e-08 6.403382238101193e-07 4.553128709878089e-06 1.1904484569759116e-06 1.9200472508995396e-06 2.453814472218649e-05 0.0 3.103887701640176e-07 2.3114576770147213e-06 4.165406809727695e-05 4.533164175404039e-06 6.599566204798906e-06 0.0 0.0 9.701432763734422e-08 8.070766327096963e-07 9.944424770560954e-07 6.228962274291342e-06 2.28631067790191e-07 2.708235382339338e-06 3.1430266405869804e-07 1.2111354258025845e-06 2.9560363352043914e-07 0.0 0.0
0.0 9.043235570341772e-07 2.7073377441301286e-07 1.4137433023782425e-05 0.0005831815498067372 0.0007389809260955646 4.3130257732240285e-07 0.00030834092172592214 0.00035389390353015654 5.105906034316839e-06 9.060426729986095e-08 0.0007019875207829512 1.7891603240887225e-06 1.8596084365160565e-05 0.0 1.2877008311016113e-07 7.339302420556944e-08 0.0 1.3392401192664885e-07 8.113367041942765e-06 0.0 8.396587156391708e-06 4.179162450946842e-08 0.00011306964553036676 7.34803950871569e-08 5.2939555531178414e-08 1.4722014020501357e-06 2.089869662937453e-06 7.486152570648984e-05 5.336331798318474e-08 0.0 0.00040801643070186434 0.0 0.0001320707368338465 0.0 1.4184772450612564e-06 1.3144496987824504e-07 5.338278235230917e-06 6.732684010846746e-07 0.0009341265233891377 9.946540569889059e-05 0.0 0.0 0.0 0.0 8.408390961665301e-08 1.6440722845411754e-06 0.0 1.497770941035972e-06 0.0 2.492264177913607e-07 3.914401816154007e-06 1.3280372053453377e-06 0.0 6.464763751225211e-06 0.0 8.247247592222736e-08 1.2065494615927771e-06 1.667933503556628e-07 0.0 0.0 0.0 5.253074252628631e-07 8.607590935388348e-08 6.973040095947824e-07 0.0 1.3141662510983932e-06 0.0 0.0 3.147860427772652e-07 1.4515686784311803e-06 5.657628704106255e-07 0.0 0.0 0.0 0.0 0.0 0.0 0.0 0.0 3.792626990135132e-07 1.1214811479583143e-07 7.445908887370362e-06 0.0 0.0 0.0
3.403540152042724e-07 2.8623487647444645e-05 7.95890264716591e-05 0.0 1.5682336382088945e-07 4.044028889830525e-07 9.902346374610334e-06 2.42643847415384e-06 1.99403685220427e-05 7.236319661264583e-07 8.784261430874301e-07 8.078933279017212e-08 2.7607023095583073e-06 3.5168010665153376e-06 1.2877008311016113e-07 0.0 3.332856701035868e-05 5.149709054053805e-07 5.832647371059397e-06 4.7426177719131854e-07 0.0009444883069253556 0.0012813596389240625 0.0018147114181663862 0.0010093000313213584 2.4438051671294266e-06 1.0056733735307272e-05 0.001302443558680996 0.0008048434714108889 2.1376795389881813e-05 3.217415095229464e-05 1.3521196365582334e-07 1.778034946540952e-07 4.998089686766909e-06 6.288935710048751e-05 1.8297908566372424e-05 0.000631875917459391 0.0002377180915808476 0.0003336837413016172 0.00044076982078887825 2.404079998660406e-05 1.8112862062104886e-06 1.244930343550933e-06 2.971873308349145e-06 4.4265371340368953e-07 7.992251227437767e-07 2.00755896985564e-05 3.319883258181466e-07 0.0 3.0574209972740556e-07 1.2748673714683167e-05 8.986655485431631e-07 3.5883985905083705e-06 6.00618961848092e-07 3.455447084212232e-08 0.0 1.253231066333332e-07 7.159542447265427e-07 0.0 0.0005076068116650188 2.6907049591000725e-06 4.959144217835528e-08 8.015825534104666e-07 0.0 0.00018976210239332345 0.0002223731119393342 0.0007347252867996247 4.6615068884181176e-05 1.1879281497786622e-07 2.8167554256288032e-06 0.00019057658270324633 7.66396594581341e-05 3.6242322851090463e-06 2.5186904227499492e-05 0.0 0.0 5.200945598508411e-07 1.8976076467226894e-06 4.911547212263693e-06 2.1204844297920974e-05 3.838317854168856e-06 1.0847776986522903e-05 9.879769895464023e-06 1.4386463791637872e-06 3.24385658334631e-07 0.0 0.0
8.700366003565269e-05 3.740628852330373e-05 0.001772714723994478 3.000609948544977e-07 5.058143358932298e-07 1.0050691859810208e-05 0.00011474182461142333 0.00031614562484113705 3.027113875220878e-05 7.164672040543696e-06 0.0001644991219454576 1.5358148014847093e-06 9.812312890065313e-06 0.0004183093106793058 7.339302420556944e-08 3.332856701035868e-05 0.0 0.00026448665828723324 0.0019346674561556841 1.564371059476714e-06 0.0003470453447558428 5.250104205455423e-05 0.0016186861799793958 4.678629022082068e-05 5.574025251451623e-06 0.0036587189085058474 0.002827628336458246 6.311318950847994e-05 0.0003810367328113193 0.0006934953497847108 8.821151736250683e-07 7.415513717251176e-06 1.8980003593984913e-05 0.0013070750771658269 6.17823598871553e-06 0.00033360684870102826 0.0015072825178147817 0.0007028722212448823 0.00024698143202776714 8.986523803314582e-06 6.107452884674317e-06 1.2096381880303144e-05 1.2383638635576414e-06 1.1023355611226487e-07 3.144115432128053e-06 9.68463704083764e-05 1.5704642853631316e-07 0.0 0.0 2.1074940631291364e-06 4.3988634578831295e-07 9.160070563917501e-07 5.5756936987698975e-08 0.0 0.0 2.5129372010512295e-07 1.6961844856493526e-07 0.0 2.466808935557279e-06 3.1282091913881626e-05 5.1465518992490756e-08 6.152667129400724e-06 0.0 1.1785869169640844e-06 4.461073945865336e-06 1.532349201192889e-05 1.949636152974892e-06 1.0124615423200477e-07 3.477421752378045e-05 0.0001822631420243523 3.5083989732859394e-06 3.9327522790640676e-07 9.218291557036335e-07 5.762035332755747e-07 0.0 0.0 2.7331567058053427e-06 1.444866633078454e-06 7.74778852440698e-06 5.54543777418009e-06 7.494516364830477e-06 2.8320233317736263e-06 1.6494006152853247e-07 1.447055919764128e-07 1.3654503062154842e-07 0.0
8.856213560792396e-07 2.071548421737196e-06 6.150322960607721e-06 9.431329425641829e-08 4.76880595244053e-07 1.3086566630739697e-05 2.2186832159829604e-06 8.585688847385064e-06 4.1192440623260726e-07 6.005814089877948e-06 0.002801832830456022 5.520070093344784e-06 0.00010353186005656944 9.094579848870575e-06 0.0 5.149709054053805e-07 0.00026448665828723324 0.0 0.0007839446002946279 1.782005269708173e-06 1.9974018330026897e-06 9.344380810401268e-07 5.259443387652782e-06 9.78642361559354e-07 4.253376267848972e-05 0.0024852142614545767 0.0012429302191298607 1.5906144466976188e-06 1.2543447006792897e-05 3.7599866552543525e-06 9.914423985771386e-05 5.9628096525145875e-06 3.2424835235427456e-07 0.0007121728190216046 5.083379258186506e-06 0.0001795232699367225 0.0003489412637806218 0.000737560421802121 0.00028262921192732617 6.304606049822792e-06 3.1549149032742883e-06 4.972543646163513e-06 7.710332140096587e-07 0.0 7.620970568381944e-07 1.41342415621682e-06 0.0 0.0 0.0 2.887550195974525e-07 0.0 1.9799082238959138e-07 0.0 3.4139543367479887e-06 0.0 2.9449941883470166e-05 6.336876759706554e-08 0.0 0.0 5.123359534544381e-07 1.6167476526141933e-06 1.4392936331977771e-06 0.0 4.760749074071889e-08 0.0 0.0 2.6989243700194255e-07 3.898156203237587e-06 6.972920147273525e-05 6.023680550346949e-05 5.639059677229152e-07 0.0 0.0 9.530230176068842e-06 0.0 0.0 3.292560897350353e-07 3.095625653796918e-06 1.0101163415874993e-06 3.3151576008540383e-06 6.325344814554885e-07 1.073016836568995e-06 0.0 1.6715713183958193e-07 6.378952955015007e-08 0.0
1.0652499866747945e-05 6.3436248652043344e-06 0.00012073895832215771 4.100484561788134e-07 4.1280927988839233e-07 1.7112860029392562e-05 1.1020345153466417e-05 5.185463489895255e-05 3.74702750455545e-06 8.106279813757456e-06 0.0005683816052554634 6.069217879182387e-06 6.841071891276248e-06 6.723476734146119e-05 1.3392401192664885e-07 5.832647371059397e-06 0.0019346674561556841 0.0007839446002946279 0.0 2.1913177084746726e-06 2.3757295777954717e-05 6.394754274441219e-06 0.00016135363737406736 6.143703010397453e-06 1.4754795001696932e-05 0.00265502199517195 0.0010971347210679335 9.249281198932238e-06 7.36157594214527e-05 7.114227388676287e-05 2.8653189068229566e-06 8.683525985181503e-06 3.268842720075627e-06 0.002128373145070193 6.560547211210933e-06 0.00031823739381574767 0.0005955594060830349 0.001159781383061791 0.000306747096927729 8.299863201623085e-06 3.845005427501921e-06 6.832211219032077e-06 8.759123797959786e-07 5.6059883770412186e-08 1.6353660178057478e-06 1.2734049361680705e-05 5.230366526520504e-08 0.0 0.0 1.3610166546249776e-07 5.110865440456679e-08 4.6151801175410784e-08 0.0 5.780913195516348e-07 8.274071803923461e-08 8.83020270394926e-06 4.357649864571337e-08 0.0 1.5568148334171179e-07 7.745915272315616e-06 4.812905743900275e-07 6.437635254121394e-06 0.0 0.0 6.032781664505405e-07 2.1972969485567463e-06 9.356491387679269e-07 2.0700311887893065e-06 8.0592765915882e-05 8.468624413448134e-05 3.382798498708768e-07 7.784704106085744e-08 7.465112014160491e-08 2.1737597668475054e-06 0.0 0.0 9.087563590359003e-07 1.3776630703745828e-06 2.2871458982737423e-06 4.528493950636457e-06 1.2211688165265907e-06 1.206572582840684e-06 0.0 0.0 0.0 0.0
1.373378880100534e-06 1.0817215118795796e-07 7.2741356288470054e-06 0.0026032985360434175 4.3672617888052196e-06 0.0005707507952110464 0.0003088102001219926 0.0001329375611562131 0.0005955218613912233 0.00443985417595023 1.9931555008192493e-05 0.0034792617368976366 6.748427475348997e-06 0.00016932060868526328 8.113367041942765e-06 4.7426177719131854e-07 1.564371059476714e-06 1.782005269708173e-06 2.1913177084746726e-06 0.0 6.82373522815589e-07 7.497157674192114e-08 4.123570839792e-06 0.0009029957090923468 2.6073448742606123e-07 6.80935008620007e-06 3.50262818499222e-06 0.0029144447053242616 0.00016865029557254418 2.6446666837077623e-06 0.0 1.5404233257993938e-05 1.1351871008738735e-05 0.00010731484165281702 4.0811993771545655e-06 0.00034629287287682344 5.634134693940202e-06 0.0002640723358938665 7.660459894320242e-05 0.00013392235903302181 5.5457149722061715e-05 2.299293596365062e-06 1.2397964041079945e-05 4.53152471564061e-07 6.273734078045512e-08 2.2653203229929588e-07 0.00019360486015702948 2.9818014619611056e-07 4.181025977940459e-05 0.00015348267324652196 2.8203551996121888e-05 0.00011800230637494402 0.00027702639455545904 5.8942858537077814e-06 0.0001768088242302964 7.258250987555017e-07 1.648637613275525e-05 9.607419494504171e-06 1.668373258999434e-07 1.7634167561654214e-07 3.458724341860544e-07 9.792429524474736e-08 0.0001303315494007224 5.818636595220428e-07 3.756703475350572e-07 1.1644589890484319e-06 0.00027603951768723813 0.0 1.3052410142510436e-06 7.746713230966726e-07 0.000460484434909307 1.3352540832655495e-05 7.0956286912578405e-06 0.0 4.2862053328686323e-07 4.4788078145356384e-07 7.536589717124759e-06 4.481207592022746e-06 4.497590495171048e-05 4.0056606315183855e-07 3.593544641771887e-05 9.494584721332155e-06 5.834110254362315e-05 4.03433492847488e-06 0.0 1.1463040185895317e-06
3.486153324840636e-05 2.599755986692725e-06 0.0009146070474910787 4.180190950694663e-07 1.3164045404073428e-07 4.292697683132346e-06 0.0002082271989958455 7.079909431954456e-05 1.2985948635515739e-05 3.7520970547006014e-06 4.092244847769033e-06 1.7847469051442603e-07 3.2670976605707935e-06 9.039781750738123e-05 0.0 0.0009444883069253556 0.0003470453447558428 1.9974018330026897e-06 2.3757295777954717e-05 6.82373522815589e-07 0.0 0.00016197400017416185 0.011311237523595665 0.00033224721877836975 5.139438105873036e-07 0.0001915813498888036 0.00033388790499573335 0.003937472499897739 0.00015652756758144755 0.004048871703043284 5.644521579907348e-08 1.4968247187813763e-06 1.1307521728280245e-05 0.0017328853266680804 7.75278014488131e-05 0.0015431356525982402 0.0006215753523484055 0.0020364744012448905 0.0017529991453338319 5.0409218623374786e-05 5.0786222158061295e-06 3.319528192235161e-06 1.0690536043598614e-05 1.6791848357497447e-07 7.61224338518511e-08 9.25010510941242e-06 2.570824243613273e-07 0.0 5.7153789421525416e-08 2.435600137054354e-06 1.7148935910672786e-07 1.234211807133211e-06 1.1698568161550395e-07 0.0 4.233358341071457e-08 0.0 9.186629621031188e-07 0.0 0.00020522268204543583 2.1966646638626818e-06 0.0 6.303443410366957e-07 4.094091178256813e-07 0.00018763191168603939 6.143770804266877e-05 0.00021222584448575072 3.6649772713573914e-05 0.0 7.684929891358647e-07 3.9441882268997535e-05 6.047726562382532e-05 3.316370051078575e-06 2.861670015832635e-05 0.0 0.0 8.845582759957789e-07 2.31158403780495e-06 1.093168344812528e-05 1.5355336936924912e-05 1.8534930061087507e-06 3.2580380519326396e-06 2.68355400346736e-06 8.470576716253085e-08 1.232387793892246e-07 0.0 1.1388791513888098e-07
4.882082578089128e-07 0.0011381640340263342 0.00010934996095083528 1.303558426459949e-07 0.0 7.676800984438544e-07 1.0537946184828271e-05 1.2427402321424892e-06 0.0017635538469138565 5.037018934769037e-07 5.2089010028216646e-06 5.824914600450672e-07 4.269751173673007e-05 4.328808766398539e-06 8.396587156391708e-06 0.0012813596389240625 5.250104205455423e-05 9.344380810401268e-07 6.394754274441219e-06 7.497157674192114e-08 0.00016197400017416185 0.0 0.00045559344864491523 0.0033398627246549765 0.000156401289215836 4.302174879577003e-05 0.0022648839714731997 0.00019478977271421635 5.873092320677435e-05 5.9032741238263375e-05 4.4553365857819795e-06 1.0041946290268806e-07 1.7335469414960545e-05 4.358104461294101e-05 5.138670288974221e-06 0.0002734651924623118 0.0001421211659697224 0.00011143037190976765 9.360451219875537e-05 3.796510199369568e-05 4.202470857046303e-07 1.7599528293562868e-06 2.470894993438436e-06 3.4479881091301204e-07 3.7017058809244016e-05 0.00014918342455834516 6.191193378071833e-07 1.2096165765638398e-07 5.486539716821816e-07 2.0217029450528875e-05 1.4300236290779073e-06 1.70603253630094e-05 1.0621105949065686e-06 4.7523687303153387e-07 0.0 6.048566692548662e-07 7.630604739408934e-07 0.0 0.0005411202733063252 6.5928550128976685e-06 1.0855682012293489e-07 1.8176358048369635e-06 7.346712492479833e-08 8.056232731727084e-05 0.00013989105600011213 0.0008028201551597308 9.991819976417387e-05 1.9301791980667215e-06 2.4780954092290663e-05 0.0014135002103934657 4.3738599095569615e-05 1.461068369914647e-06 9.179643502199738e-06 8.844343562191757e-08 0.0 2.122296527239555e-07 4.539492751888552e-06 3.830377427484198e-06 3.513240396824254e-05 9.663938893909182e-06 2.5191457928057222e-05 1.7577016859762658e-05 1.2029485064737662e-06 1.30684007710392e-07 8.019875254451916e-08 4.69975315821401e-07
0.00010973535716282089 7.0818346931773035e-06 0.008295281552313077 3.305479226344311e-06 7.8047711030392e-07 3.614307078119646e-05 0.000895550866832611 0.00045946849010063606 5.476265394323061e-05 2.6900325767164807e-05 1.4380390156025493e-05 1.3857616511194681e-06 7.982930136093852e-06 0.0004935698793082493 4.179162450946842e-08 0.0018147114181663862 0.0016186861799793958 5.259443387652782e-06 0.00016135363737406736 4.123570839792e-06 0.011311237523595665 0.00045559344864491523 0.0 0.00043389294560584673 1.368375146147893e-06 0.0008653812642676672 0.004239814975895041 0.002040513209324618 0.00028722056099039794 0.002046393544706713 0.0 5.081590314312773e-06 1.7257111497514896e-05 0.0019118315822364256 6.169255340858879e-05 0.002388106412086917 0.0027789182153470245 0.003261901038736818 0.002777280651534212 0.00012924476017878267 1.0139441576332766e-05 1.1630641532482733e-05 1.9557012968437765e-05 1.215282339106625e-07 2.2194655214787797e-06 0.0002221309861525092 2.4282466684660973e-07 0.0 7.162267306431298e-07 3.713933387313838e-05 2.1064055534028798e-06 1.657984889360169e-06 2.2898676864869886e-06 1.145060759374684e-06 0.0 3.9623635978502874e-07 9.804618305364135e-07 0.0 0.000612184681187548 6.8081142785004995e-06 1.573092457181151e-07 1.9898510774659893e-06 2.5382599199904e-07 0.00011276420451247105 0.0001958521099918432 0.001572762380185579 1.7426792902680825e-05 5.2996979444245274e-08 1.2429060258708268e-05 0.0008047291937624369 2.9566974578427896e-05 2.19259623391269e-06 1.1296426832320277e-05 6.624164585063276e-08 0.0 6.105487027405594e-07 1.0190948685804443e-05 1.7355606422174065e-05 7.28376365382441e-05 2.153209929317447e-05 5.3412069563335475e-05 3.440310009352371e-05 2.205004335110367e-06 1.3330998303058222e-07 6.710765117562893e-07 1.7693086004998947e-06
