0.0 0.0 4.010688888707371e-05 5.691711032016966e-06 8.219966586476704e-08 7.689200975743101e-06 0.0016880708956511922 0.0006667913592151845 1.346533223581642e-06 4.807683731450203e-05 1.2865754094337386e-06 1.100365219349438e-06 0.0 0.0031108767034233346 1.7273114968925093e-07 6.870969320143601e-07 0.00011409418443554943 2.245382550257937e-07 4.778463036479571e-06 1.7149245186222921e-06 2.2163286895132042e-05 3.3210290456886724e-07 9.42131148111353e-05 1.5269161909464947e-05 0.0 4.0893574917024294e-06 1.0243728157898276e-05 4.659894442902899e-05 0.002495725715018282 0.0015968709086609737 0.0 2.193893369064599e-06 7.316322330441145e-05 8.821077400880494e-05 3.0292195388038598e-06 7.591712583172183e-05 2.2597424473419972e-06 4.38692576819541e-05 2.5391246533084706e-05 1.0052273118442619e-06 1.7306685172186156e-06 6.020051971509004e-08 4.0906412028761734e-07 1.2140476567418705e-07 0.0 1.1990270141777384e-07 1.6697848525205097e-07 0.0 0.0 2.9666332151705475e-06 0.0 2.2721170523003858e-07 0.0 0.0 0.0 0.0 1.5934088802799167e-07 0.0 5.945483193645882e-07 8.246441222399592e-08 4.296249464365892e-08 0.0 7.563831205764927e-08 8.457050710987839e-07 6.219810543905533e-08 4.6085146109635514e-07 1.4631998212467328e-06 0.0 1.1040633515999693e-07 4.2282511630809585e-07 4.025470562054777e-06 5.478428358936251e-07 1.40848739232227e-06 0.0 0.0 0.0 4.115047272601949e-07 3.030374060910804e-07 2.152166695475104e-06 1.3469283901389122e-06 5.641081211429742e-07 6.555265464562005e-08 1.4829247712822967e-07 0.0 0.0 0.0
0.0 0.0 0.0002983131315840398 5.9323320991566226e-08 0.0 0.0 4.742722397553971e-07 1.5794025481456426e-07 0.00024991474452896995 0.0 1.4133935065610587e-05 0.0 0.00026853858795175133 3.5022046219894496e-07 3.869441731491408e-06 1.2064224811006123e-05 9.465967853360959e-05 8.147484518496649e-06 6.246669138220012e-05 1.3071297256441325e-07 2.35300257413569e-06 0.0008892237382440309 1.533039518000734e-05 0.00014546469367999475 0.0007875723884234007 0.0009135578211044397 0.005037444808106185 6.395530215969138e-06 1.1313755951913566e-06 2.9623517127098984e-07 5.4267923852707745e-06 2.1362648197969417e-07 0.0 0.00010577150440132943 7.762161754492171e-07 8.610380544045152e-05 3.894761327169385e-05 0.00023831664711228105 1.9806477366486854e-05 8.786338957256208e-06 0.0 2.6262176858894444e-06 1.4231412153473886e-07 0.0 3.4534765714587946e-05 0.0001554394195066769 0.0 0.0 0.0 6.809263118063379e-07 1.674645340946927e-07 2.0551646249871035e-07 0.0 2.8798829782409695e-06 0.0 3.3831548553812753e-06 5.080450615333041e-07 0.0 1.2491323994273594e-06 7.764788447394722e-05 4.234517838096978e-06 7.894193088374831e-05 0.0 6.403536731855265e-07 1.1105854708486986e-05 1.3589181372713386e-05 3.5334269074034044e-07 3.579864486973502e-06 0.0004771005360627931 0.0008827727943857532 9.693549197331986e-08 1.2100957254573923e-07 0.0 6.975623181293175e-07 0.0 0.0 1.101171510670553e-05 2.0317080763024815e-07 3.744582857950005e-05 1.4284517455704639e-05 2.95968964958393e-05 9.004281258372766e-06 3.06119842965058e-06 0.0 2.5220806695776644e-07 8.538522238008399e-08
4.010688888707371e-05 0.0002983131315840398 0.0 6.152848509700435e-06 0.0 8.244880165699777e-06 0.00026331823577154927 0.00013289514915116996 4.395528011660773e-06 5.70648201622237e-06 5.841059549609898e-06 5.5769149611318e-07 6.942599812872653e-07 0.0001482850344660235 0.0 1.3982403570757168e-05 0.0017364423703854688 3.0033929296239037e-06 0.0001861119137708352 3.964960195834556e-07 0.00016599259197950205 0.00015899970224012087 0.005296574682469574 0.0001004246801502639 1.5074251155471523e-06 0.0028109000026362717 0.005836525538814696 0.0004359165898614571 7.07234618001425e-05 0.0005225814750926242 7.425104857521969e-08 1.0470178802594728e-06 3.834878364029539e-06 0.0003704572773368571 1.3691907552479431e-05 0.0005594414904813426 0.0011850298909671481 0.0009383355586481993 0.00025188503645416985 1.8800735827065823e-05 1.668535874304771e-07 9.928824666050864e-07 2.652041593666318e-06 4.719256726098281e-07 0.00010270802003996117 0.0005352481122243686 0.0 0.0 5.745088108683497e-08 1.0786429245019208e-05 9.869787848784676e-07 7.019342644509028e-07 1.4211905011811842e-06 2.7094504037215266e-06 0.0 2.429855565446979e-07 1.8111151319093469e-06 0.0 6.370031748435985e-05 8.64283724489796e-05 1.3470166064494372e-06 1.3062148658188025e-05 0.0 8.55134919955589e-06 7.870747764241446e-05 0.0003868088611839685 4.429712589267999e-06 6.78519428087006e-08 0.00010374468744116435 0.0011416806112412824 5.065496458284467e-06 5.797240378049089e-07 3.1169830454588295e-06 2.1474990252294237e-07 1.840853151327532e-07 0.0 2.437788488027465e-05 1.977190688680638e-06 0.00011220099913241063 1.7931668570392087e-05 8.873831619023773e-05 4.113344866535785e-05 6.05692286419909e-06 0.0 2.607493189414479e-07 7.522387785360048e-07
5.691711032016966e-06 5.9323320991566226e-08 6.152848509700435e-06 0.0 4.4443349343044026e-07 0.0003306254141570254 0.0001454380765384164 6.710311478184089e-05 0.0005159651373035727 0.0028300437718869185 1.8118491252697454e-06 0.0019320582585040116 1.1045226344094376e-07 9.158782511034733e-05 1.2515891280192556e-05 4.747709634927354e-06 1.0078190911047968e-06 2.795510799731265e-07 7.080478761968069e-07 0.0021108230079536616 5.284078491507935e-06 1.66239678079929e-07 1.752539742632383e-05 0.0013831024033812867 5.5773292057947807e-08 1.5225339921359283e-06 1.0125409696533005e-05 0.002871690954622562 0.00011813962362305494 5.229750813239017e-06 0.0 6.986620438247004e-06 3.018499352807256e-06 6.2028914881103e-05 1.6091675195952458e-06 0.00017442308590977053 3.916020634299532e-06 6.385925862673092e-05 2.660164151643285e-05 6.366089569216637e-05 2.923405797026474e-06 1.303306837284976e-06 1.1483197386070252e-06 5.754807934118624e-07 0.0 0.0 8.42531946174745e-05 1.745463597053817e-07 2.714335811484255e-06 7.492429675104156e-05 1.1928220418652607e-06 8.475707130776548e-05 9.463420653451245e-05 0.0 7.354675441817751e-05 0.0 9.287194757049637e-07 2.4908426185981736e-06 9.219253583797119e-07 0.0 0.0 0.0 4.509821120262877e-05 1.1662094129586382e-06 6.053240435514683e-07 3.0657244002332134e-07 0.00012244681034665503 0.0 0.0 3.327274158193851e-07 0.00011741902041803348 1.3707855967575633e-06 2.8921820324836178e-06 0.0 0.0 0.0 8.860305490515859e-07 5.678216956763772e-07 1.9276266260807154e-05 0.0 2.5455494897179323e-06 1.712791822887392e-06 1.844894414912006e-05 5.8205963105401805e-08 8.191618505372849e-07 9.40238843018338e-07
8.219966586476704e-08 0.0 0.0 4.4443349343044026e-07 0.0 3.418935530429129e-05 1.330771865149111e-06 2.551573130127012e-05 5.6460579726733976e-05 7.14631718077461e-07 4.513826987495605e-06 6.808621319161684e-05 0.0 5.1464116999822175e-06 0.0005886677746726682 0.0 9.140514858135108e-08 3.366536616319231e-07 1.732105911656625e-07 2.2760558219947596e-06 0.0 5.512592693734471e-07 0.0 7.415396360265675e-06 1.0558014126714947e-07 2.71451967960658e-07 0.0 7.735648811787857e-07 0.00010145705639038328 5.8471276316425234e-08 0.0 0.00014141471287591135 0.0 3.4327048250713096e-05 7.111918886755255e-07 2.562264817649646e-05 2.8121356505880696e-06 3.079255454151795e-05 1.6133339834698687e-05 0.0009208504536984249 1.4389613939535155e-05 1.287749948494677e-06 2.2134705302088547e-06 0.0 0.0 0.0 0.0 0.0 0.0 3.7453169939090573e-07 0.0 1.8234180301157262e-07 0.0 8.609627772833349e-07 3.95133458439385e-07 0.0 0.0 0.0 0.0 0.0 0.0 0.0 2.9158739398047446e-07 0.0 0.0 0.0 3.2535500337898946e-07 0.0 0.0 0.0 0.0 0.0 1.304287805315138e-07 0.0 0.0 0.0 0.0 0.0 9.363219325462909e-07 0.0 1.4651963042668165e-07 9.825462695569295e-08 0.0 0.0 0.0 0.0
7.689200975743101e-06 0.0 8.244880165699777e-06 0.0003306254141570254 3.418935530429129e-05 0.0 0.0008829743237411566 0.002405014625655255 2.7954815231646364e-05 0.004491593627258482 8.788822401396039e-06 0.0020229347965565816 1.15831317631773e-06 0.0005126195570740988 0.0004428977317125381 0.0 1.0459956799611992e-05 2.68135729078345e-06 3.955482867825723e-06 0.0003953406773571066 4.669610459802532e-06 2.6284063006681703e-07 1.2017568187502727e-05 0.00013409178308535521 0.0 3.6040950230697445e-06 2.59755804443949e-06 0.00019878061643523388 0.0004446594589739994 3.429584409127097e-05 4.975027474298861e-08 0.00044005845103078093 1.2047685674340596e-06 0.00012792785218464708 4.273383185540574e-06 0.00022627580439309067 7.323042155638779e-06 0.0001259423912832826 6.94026332284629e-05 0.0008722933992372587 5.480112623973578e-05 5.72315043938235e-06 7.402674399156062e-06 0.0 0.0 2.0586001011443984e-07 1.027478793841691e-05 0.0 5.910185376685061e-07 1.299680156703146e-05 5.7326412832636596e-08 7.66352797454241e-06 6.5333996791540535e-06 5.244092447066822e-07 4.720008265293131e-06 1.1306883361043006e-07 1.3269428344193367e-07 5.458221598160915e-07 3.0123537537917273e-07 0.0 6.82208038998801e-08 0.0 2.1786054115940433e-06 0.0 0.0 0.0 1.803962240797741e-05 0.0 6.556122385048287e-08 1.8659939141213895e-07 1.7362571303179454e-05 2.528545747150303e-07 6.148566750385067e-07 0.0 0.0 8.648950281820711e-08 0.0 3.9785275721104316e-07 6.091924850951107e-06 3.6404654431961395e-07 9.079323694052581e-07 1.2334357949552951e-06 1.164001587218313e-06 0.0 0.0 3.890079073775584e-07
0.0016880708956511922 4.742722397553971e-07 0.00026331823577154927 0.0001454380765384164 1.330771865149111e-06 0.0008829743237411566 0.0 0.0014657263134271157 0.00017950816941810603 0.0039404379479380785 6.503657014208271e-06 5.65329290008241e-05 2.0118398323331989e-07 0.004347704302949543 5.73758615289393e-06 1.4588883597830362e-05 9.333787402028104e-05 2.646722610708709e-06 1.1161507283255345e-05 6.408476706188866e-05 0.0003025560699789735 2.739557687227088e-06 0.000593582571442394 0.000609488480793641 2.3575062337859727e-07 3.531695168971138e-05 9.073576106481764e-05 0.004256891704069985 0.0017531154990131947 0.003611568824256239 5.1697583369895834e-08 1.9408695594177494e-05 7.833399816166721e-05 0.0005303484949264227 3.421762836610296e-05 0.0015598187178925962 3.903821453585995e-05 0.0006151913324562589 0.0003032112549352241 0.00012282070188437166 2.6864057255651415e-05 3.035288134545924e-06 9.443923135869825e-06 3.7064146328146898e-06 2.2294418363747897e-07 6.788556819144105e-07 3.9286130990023884e-05 0.0 2.590195600619325e-06 0.00028541283241206796 2.415454363466921e-06 0.00010654522006065704 2.5119485325327477e-05 2.98314698078974e-07 1.1017779982482691e-05 1.7632441568635098e-06 9.299498935101085e-06 2.855869524239389e-06 9.694438206944071e-06 6.302401293223236e-08 2.762045596908079e-07 1.4082198161325977e-07 1.1104054258760156e-05 1.0707455825000135e-05 2.6338792104591745e-06 3.885725364139077e-06 0.00022484152126729713 0.0 1.1623139941409577e-06 3.680101624938249e-06 0.0002901811293601801 1.1915270379409226e-05 4.578633414967684e-05 0.0 0.0 3.155108204029054e-07 4.140364875441585e-06 4.7026184479395935e-06 6.648021978964485e-05 1.5618644104772388e-06 1.6744918153383168e-05 7.863685150035213e-06 1.5357057399588923e-05 2.196291665864949e-06 3.534493182200116e-06 4.3677104329801397e-07
0.0006667913592151845 1.5794025481456426e-07 0.00013289514915116996 6.710311478184089e-05 2.551573130127012e-05 0.002405014625655255 0.0014657263134271157 0.0 6.8225965174039946e-06 0.001680382505171659 1.8524343883000154e-05 0.0010371306999760732 1.3701213305964235e-06 0.0035912692797709003 0.00012070419681399627 1.0016349417387094e-06 0.00019516885087553657 2.5948484220051057e-06 1.296262093524415e-05 0.0002934318032366783 3.875657210047616e-05 3.272758559697983e-07 0.00020763434131669577 5.154041840448061e-05 1.943876250720681e-07 1.7134293673006546e-05 2.4690284353033496e-05 0.0001322244000964828 0.0003470454995458165 0.0008378470063640052 1.141516932506611e-07 0.00017806480462242765 1.2339729184731837e-05 0.00017400028538951617 1.3298786032628594e-05 0.00037544517745077247 2.4101410884411715e-05 0.0002446769384129479 0.00016578721493154503 0.000560116515290259 0.00010549661484480283 1.620299627491031e-05 1.5029519582805044e-05 2.937937007351316e-07 0.0 6.693651967440016e-07 3.35656208400158e-06 0.0 6.086033520393666e-08 1.1847004160937837e-05 1.8785992366172162e-07 2.934658708568176e-06 9.223097104675892e-07 1.0956641535617061e-06 6.362555605660011e-07 1.8727657559425273e-07 2.613142531826535e-07 0.0 7.627930098126969e-07 1.4134466768165337e-07 5.81582501270081e-08 0.0 7.306750897063066e-07 1.2094969041073445e-06 4.009013038762075e-07 8.450179182964393e-07 8.945805212529916e-06 0.0 1.6285087419656125e-07 1.5189320032639873e-06 1.1499105098550488e-05 9.02324566601271e-07 2.826220540409714e-06 0.0 0.0 0.0 3.160064392981097e-07 1.4387417472973372e-06 9.379813606179574e-06 6.293742632061608e-07 2.0658530362835056e-06 1.1410030724977992e-06 2.7736924527328694e-07 5.190603868880894e-07 1.2773645593392245e-06 0.0
1.346533223581642e-06 0.00024991474452896995 4.395528011660773e-06 0.0005159651373035727 5.6460579726733976e-05 2.7954815231646364e-05 0.00017950816941810603 6.8225965174039946e-06 0.0 0.00012874910364132585 2.1117926764088647e-07 0.00014766375911111744 1.5511427807799708e-06 1.0828385591013146e-05 0.0003500876108178424 0.00018160579303605883 1.7344039111175792e-06 1.956883019428814e-07 1.9110256968124935e-06 0.0001767883751382659 9.001057122278594e-05 0.0012708717761721344 2.889387244995633e-05 0.004458016173728251 7.378985782232456e-06 5.420452041664113e-06 0.0003897611663697543 0.0009740485778529657 1.836118802039548e-05 4.162427544863341e-05 5.1657097751882545e-08 6.547228878959595e-07 1.9546969023408076e-06 1.4029288369821983e-05 7.796243984350782e-07 0.00014834032112024436 4.848873181437038e-06 1.5018961418994025e-05 8.20279506020642e-06 0.00021922646427489716 1.8264511566406674e-06 0.0 0.0 5.840190304525616e-06 5.55030481220178e-07 1.4666068618151774e-06 0.00011818821263104037 0.0 4.8914645077255724e-06 0.0001413842377454479 1.3188443291154294e-06 0.00018630079938181948 9.650372141755588e-05 5.151066841917532e-08 9.750770957366319e-05 5.953229887697741e-08 6.148411649991313e-06 2.1996485559922843e-05 0.00020301970297479608 2.5688182643170825e-07 0.0 1.8089020627899225e-07 6.431292569304144e-05 0.00012899002541005692 1.817289049600543e-05 1.995433254402678e-05 0.0006181424551006307 1.4704208178300404e-07 5.50110234214733e-07 3.941620560332558e-06 0.0004575627766273486 1.8978949474312758e-05 8.229984787639474e-05 5.589622361235941e-08 8.86551423851355e-08 1.1977586744303914e-06 6.1660723959314636e-06 1.954270674076609e-07 4.344044697383508e-05 7.137408396258642e-07 9.219074715484763e-06 3.961218513423497e-06 4.743913952354364e-05 2.9585253745261484e-07 0.0 9.307289298883769e-08
4.807683731450203e-05 0.0 5.70648201622237e-06 0.0028300437718869185 7.14631718077461e-07 0.004491593627258482 0.0039404379479380785 0.001680382505171659 0.00012874910364132585 0.0 8.477289237606317e-06 0.0021893792801162886 1.3782194550467816e-06 0.0008994158034718039 8.921166312858062e-06 6.628612898234371e-07 4.2381016699973755e-06 3.3583439383324257e-06 3.3659716422212584e-06 0.003169435319263415 3.1755344870188856e-06 5.4264416722940796e-08 9.05646514965429e-06 0.00038095581857342024 5.598793403277478e-08 2.9234128295315497e-06 4.831848181927114e-06 0.0020289782107800933 0.000493185644533132 2.7293382975196967e-05 1.9263270948705208e-07 2.197995895599621e-05 4.1745198394710775e-06 0.00020475833497144973 4.328654942187712e-06 0.0003198461994650788 9.007226549440732e-06 0.00016002946229978147 5.7945541037086994e-05 7.401018092312089e-05 9.412761857880262e-06 1.6342778096766172e-06 3.7754263455379634e-06 2.4635513175234764e-07 5.621815114636271e-08 4.78681053586276e-08 6.190636787363455e-05 0.0 1.4724252190611297e-06 6.958450028423953e-05 6.162595269452862e-07 4.619437434519674e-05 3.998443558286404e-05 1.3179623077231226e-07 2.5777293246544347e-05 4.751086472923621e-08 1.8958157301775138e-06 1.1804926256233682e-06 4.636440033198096e-07 0.0 0.0 8.471077502929073e-08 2.590489295833989e-05 2.0692412378868413e-07 2.0966283723430528e-07 3.7802699169811375e-07 9.33141315347228e-05 0.0 9.776434001018105e-08 1.1239049136781417e-06 8.049977242675323e-05 1.318973810465186e-06 2.775036755049214e-06 0.0 0.0 0.0 2.720006140698298e-07 3.001783296382416e-07 2.0207459685884384e-05 3.017450858557069e-07 1.9936600848613183e-06 1.8315661659513636e-06 7.979125939551664e-06 7.027516780242207e-07 2.9098902876897993e-07 0.0
1.2865754094337386e-06 1.4133935065610587e-05 5.841059549609898e-06 1.8118491252697454e-06 4.513826987495605e-06 8.788822401396039e-06 6.503657014208271e-06 1.8524343883000154e-05 2.1117926764088647e-07 8.477289237606317e-06 0.0 1.4364027640087847e-05 0.0011926274706643496 5.7297981645745434e-05 4.162953822026424e-07 1.501413120842479e-06 0.00022275125678505284 0.0018678472193503729 0.0008275111456715313 6.789414638621899e-06 2.1997054156558065e-06 1.0647837993501596e-06 1.5031237737165477e-05 3.5220422382477085e-06 0.00019530179107522965 0.0015042894265120438 0.00048580604446069546 6.485115185724098e-06 0.00023911570836718425 3.316069522053807e-06 0.0002920816725634676 0.00011540928536841284 2.773274930957952e-07 0.004141044946223463 1.0820661509033655e-05 0.00030268817281013866 0.0026778100003994215 0.001946588243919697 0.0005478453985641602 1.9166552932965686e-05 1.0182363461881616e-05 0.0010703373028760385 1.0231293293937011e-05 6.131563676525416e-08 3.990755517452572e-06 1.1374281242278693e-06 6.595766582429054e-08 0.0 3.010204721210967e-07 8.702683890551897e-07 1.2256055965484514e-06 2.365145004570388e-07 5.940039202153458e-07 0.0005077209257572787 2.1563907156209623e-07 0.0008075153352221395 2.8793319540113784e-06 1.0496326480173937e-07 0.0 1.4548774803404557e-06 6.355916146318399e-05 1.6915780237707278e-05 8.95408040288106e-08 1.8577005180848713e-07 7.913355919385488e-07 4.637159492124199e-07 6.823754817046728e-07 0.0001447767424668978 5.577186574369097e-05 0.0001436136213378008 1.2603065894260945e-06 1.681898253943386e-06 9.509830316456162e-08 3.793345530725423e-05 6.032636125633125e-07 0.0 4.852269999630504e-05 8.314870109621891e-06 2.626311642017242e-05 0.00016336016625675753 0.00012410918266425662 9.656134397059446e-06 1.879081791349968e-06 7.551098297330031e-07 0.0002687983381766907 9.404595077934816e-07
1.100365219349438e-06 0.0 5.5769149611318e-07 0.0019320582585040116 6.808621319161684e-05 0.0020229347965565816 5.65329290008241e-05 0.0010371306999760732 0.00014766375911111744 0.0021893792801162886 1.4364027640087847e-05 0.0 8.798218922024441e-07 0.0008186611661658744 0.0006619265105559071 0.0 1.307539284922748e-06 4.664735290800341e-06 4.228127638103574e-06 0.00350674525647887 1.2005097301881332e-07 1.5376575404434182e-06 9.151629006128917e-07 0.00014454689119857236 5.6175539834119885e-08 4.682259474171834e-06 3.71043661900962e-06 0.0005510755462146117 0.00041045812753941863 3.723269120647698e-06 1.5879667044846473e-07 8.307212391373396e-05 1.282068277816214e-07 0.00015260554877873333 1.056580515034855e-06 0.0006495421923838773 1.2013441285011984e-05 0.00015520030336905232 6.178513583833066e-05 0.0010293270962183061 1.2263096424199787e-05 7.3985297869752625e-06 2.5378378164785033e-06 5.855440424638886e-08 0.0 2.776836354498347e-07 8.27448584382376e-05 0.0 2.7443487673083815e-06 3.6309867117862614e-05 1.061509340102222e-06 7.554352163472264e-05 6.211999319091096e-05 1.691366583179981e-07 0.00010771687900519866 2.3702901588823766e-07 8.281303449184546e-07 2.5923213391341532e-06 1.838926740932019e-07 0.0 1.2331784619546915e-07 6.507305374214128e-08 4.6268576507233206e-05 0.0 0.0 0.0 7.099481755829662e-05 5.068620905519215e-08 1.3737431371385257e-07 5.1413479907589274e-08 6.13273402619731e-05 2.5038786598872593e-07 8.613396274419939e-08 0.0 0.0 0.0 8.823237058832434e-07 0.0 4.6336211553945496e-05 0.0 6.33932535484024e-07 1.9748535897314494e-06 3.840787377705851e-05 2.8641459678644265e-07 2.101704180309333e-06 1.0891403448289171e-06
0.0 0.00026853858795175133 6.942599812872653e-07 1.1045226344094376e-07 0.0 1.15831317631773e-06 2.0118398323331989e-07 1.3701213305964235e-06 1.5511427807799708e-06 1.3782194550467816e-06 0.0011926274706643496 8.798218922024441e-07 0.0 2.9382148134444673e-06 1.7837493872513196e-07 1.0463630247238286e-06 2.126523799418935e-06 4.435490282869046e-05 1.0373241472781607e-05 2.0576561600505973e-07 4.772153077014803e-07 8.310139129116409e-06 7.059895664743512e-07 1.7584877565978651e-06 0.0012636922060346775 0.0005086312179528472 0.0028873869024189647 1.0858757479164986e-06 8.049043632012622e-06 1.398243414975437e-06 0.0008269925072659477 5.722039020154439e-06 0.0 0.0007060434125810213 5.2396016257239794e-06 8.84290156165261e-05 0.0008249028446917385 0.0007507923043943777 8.989149340587101e-05 8.240088793335527e-06 9.357813277612485e-06 0.000583407012695309 1.3592371623470122e-05 1.2470281127101307e-07 2.5632192069734383e-05 3.0478149392111474e-07 0.0 0.0 3.4773460451045623e-07 1.46017070254112e-06 1.4332430856064474e-06 2.5346387396621807e-07 4.5860471300898124e-07 0.0006491364419064684 3.9420505262757775e-07 0.001468626062399633 2.2301942479899806e-06 1.2701163405841893e-07 0.0 6.793131888834907e-07 4.884193378858126e-05 1.1467778733832824e-05 1.7568976620291715e-07 6.215312486345247e-08 6.261765858052063e-07 4.1964089278020197e-07 7.697887226644418e-08 0.00038600209540790134 4.3671344761286484e-05 0.00011267640498718455 1.4183957801211446e-07 2.9001262920999936e-06 6.924304139780261e-08 4.960412626320293e-05 5.542645315898626e-07 0.0 6.330345158512337e-05 1.4937216328411718e-06 2.6696136729144784e-05 0.0001540155554888635 0.00014179623565148346 1.0027836261578757e-05 6.032319397192927e-07 9.219550782421586e-07 0.00021805603394176346 6.268693982684363e-08
0.0031108767034233346 3.5022046219894496e-07 0.0001482850344660235 9.158782511034733e-05 5.1464116999822175e-06 0.0005126195570740988 0.004347704302949543 0.0035912692797709003 1.0828385591013146e-05 0.0008994158034718039 5.7297981645745434e-05 0.0008186611661658744 2.9382148134444673e-06 0.0 2.1556576779372613e-05 1.7998503031943705e-06 0.00023900637452447656 1.2839653886167441e-05 2.3666486715116798e-05 0.0003526048853370524 5.264461886778691e-05 1.0581338306648486e-06 0.0002446549464742303 0.00013652351478852924 3.0405016653556294e-07 2.5799666979874032e-05 3.621448137655292e-05 0.0002509183845406477 0.0028211890681764063 0.0017395928466884861 8.920018677114716e-07 0.000444046537987126 4.118325469086054e-05 0.00053496469183176 1.1788126801738568e-05 0.0005408421814227909 3.543004181126381e-05 0.000525578100077533 0.00023745451969370054 0.0002784181179059038 6.029445650349933e-05 2.060288962995496e-05 1.010266219972982e-05 2.836827032764745e-07 3.02646123354309e-07 2.717638781606046e-07 3.5189542909542937e-06 0.0 6.14629783750682e-08 2.732180375504346e-05 0.0 5.859150536062107e-06 2.0895150643151188e-06 8.641792626496917e-07 1.320923213786615e-06 3.7844830872293654e-07 1.1102019446815998e-06 8.751633712990106e-08 9.19182384688573e-07 1.1891893898540583e-07 5.790819762914085e-08 2.2444845330165533e-07 8.645669051350954e-07 1.290393448552934e-06 3.782566508169664e-07 1.6728459806383952e-06 1.746412074290533e-05 1.4175143255806325e-07 7.111844664598404e-07 2.147392164809094e-06 2.465114872356862e-05 1.2734123269147308e-06 3.575192999335268e-06 5.5198907334480106e-08 0.0 0.0 6.438325887901079e-07 4.6621286493943186e-07 1.5763832160476925e-05 1.066917956499843e-06 1.8632808418624122e-06 1.7289401373832315e-06 1.005878854839732e-06 6.28798536638211e-07 8.148088007516946e-07 1.1124611723655134e-07
1.7273114968925093e-07 3.869441731491408e-06 0.0 1.2515891280192556e-05 0.0005886677746726682 0.0004428977317125381 5.73758615289393e-06 0.00012070419681399627 0.0003500876108178424 8.921166312858062e-06 4.162953822026424e-07 0.0006619265105559071 1.7837493872513196e-07 2.1556576779372613e-05 0.0 3.2129113657920783e-07 0.0 0.0 0.0 5.805309037277455e-05 0.0 2.8867196692359618e-05 0.0 0.00021903604738464648 0.0 2.3273911250685288e-07 7.716872528087228e-06 1.949666522231625e-05 5.866966842614307e-05 0.0 0.0 0.0002525900825356889 0.0 1.5197414379554443e-05 0.0 6.346231551608008e-05 7.591185436245878e-07 6.847883018679941e-06 3.909922464836501e-06 0.00039467765931504783 5.1401771986769206e-05 4.2394599487532793e-07 6.201743825795779e-07 0.0 0.0 0.0 1.9252378448620126e-06 0.0 0.0 4.998231189368998e-06 0.0 6.329361419994032e-06 3.1906202156832085e-06 0.0 5.970826809668652e-06 0.0 0.0 0.0 7.172358485071749e-08 0.0 0.0 0.0 1.4787234429223389e-06 5.935523740471672e-08 0.0 0.0 4.980357014871143e-06 0.0 0.0 0.0 1.8482089346391104e-06 0.0 0.0 0.0 0.0 0.0 0.0 0.0 6.279511056052537e-06 0.0 5.8182288185920394e-08 0.0 7.286298166894193e-06 0.0 0.0 0.0
6.870969320143601e-07 1.2064224811006123e-05 1.3982403570757168e-05 4.747709634927354e-06 0.0 0.0 1.4588883597830362e-05 1.0016349417387094e-06 0.00018160579303605883 6.628612898234371e-07 1.501413120842479e-06 0.0 1.0463630247238286e-06 1.7998503031943705e-06 3.2129113657920783e-07 0.0 1.088874541379662e-05 1.2383544609756569e-06 2.5030662018386136e-07 9.257040544415429e-08 0.0020810115815026523 0.0019644222062523875 0.0018992299973269184 0.001314783977044772 2.6694898587541084e-07 1.6037350157087208e-06 0.0011313091676541087 0.0005343966289185024 1.2339352219431408e-05 1.9428689962671063e-05 0.0 0.0 3.4608233382840166e-06 7.108153436868444e-05 2.97381611444188e-05 0.0006808191196404232 0.00022943062623953585 0.0002830985804643154 0.00024295971852762558 1.335321630221526e-05 6.120621399767119e-07 1.8293955354315252e-06 2.6214370172813457e-06 3.2752258042763746e-06 3.3833172894201187e-07 2.388483887222346e-06 0.0 0.0 6.332609179636736e-08 1.2282122406115919e-05 9.175649306637329e-07 7.864646105539905e-06 4.370317508382068e-08 1.0800357883029395e-07 0.0 8.906795220451058e-08 3.557587592301559e-06 0.0 0.0008278957131719473 1.5083325478425613e-06 5.158729969614994e-08 7.442975790336123e-07 0.0 0.0003447528048610971 0.00041721981572964294 0.0005535003646464417 5.9791897659488595e-05 0.0 7.02853259637215e-07 8.209072159095517e-05 0.00011818958498366348 2.3520716157193954e-05 9.323967033470182e-05 0.0 5.3805443910547736e-08 1.2158276776614432e-06 7.1310684113628825e-06 3.342348155683144e-06 3.183942635115562e-05 1.607658582260824e-06 9.153102577225599e-06 5.225374659814269e-06 2.782834200050805e-06 9.782229174911368e-07 4.791546352322615e-06 1.592909784988941e-07
0.00011409418443554943 9.465967853360959e-05 0.0017364423703854688 1.0078190911047968e-06 9.140514858135108e-08 1.0459956799611992e-05 9.333787402028104e-05 0.00019516885087553657 1.7344039111175792e-06 4.2381016699973755e-06 0.00022275125678505284 1.307539284922748e-06 2.126523799418935e-06 0.00023900637452447656 0.0 1.088874541379662e-05 0.0 4.8027017777555394e-05 0.0018203278376950666 6.881246121752164e-07 0.0003009791187636993 3.543283292750072e-05 0.003105690866618619 1.522872529313218e-05 1.985671938516161e-06 0.0009773608621557333 0.004117416244081988 7.385231334490631e-05 0.0003477521733466921 0.0012775521305006107 6.60518168073932e-07 3.026236826660396e-06 5.1822672167382165e-05 0.0027435986159217223 5.194300083578089e-06 0.00017740591200815931 0.0003395898943727829 0.0009705375932723872 0.0001368289461780328 4.784217033904193e-06 1.1472005118813508e-06 5.038970216705627e-07 7.817069233576314e-07 3.5127179070810454e-07 3.748690557450505e-05 0.00010266163260906074 0.0 0.0 0.0 1.1431332661134504e-06 3.4451661787254995e-07 5.811581507024515e-07 0.0 1.2265069130444212e-06 0.0 7.720704827071875e-07 2.91257937946075e-07 0.0 5.8676139300661015e-06 6.886955527868937e-05 2.2840346197138374e-06 4.3233269170582746e-05 0.0 4.587597190750516e-06 1.1377837776722363e-05 3.350661142649105e-05 1.9500231650095143e-06 8.831568673079785e-07 0.00016341773924126373 0.0002125418880519692 3.844864574379863e-06 8.881642102059493e-07 2.89292819101495e-06 1.1913602550859674e-07 0.0 0.0 5.777229039429922e-06 1.3480684575250953e-06 3.0342243857825224e-05 7.238789264003588e-06 1.7878859784792238e-05 7.625201056590092e-06 1.5104451424814038e-06 0.0 6.216510492184774e-07 7.339610321316133e-08
2.245382550257937e-07 8.147484518496649e-06 3.0033929296239037e-06 2.795510799731265e-07 3.366536616319231e-07 2.68135729078345e-06 2.646722610708709e-06 2.5948484220051057e-06 1.956883019428814e-07 3.3583439383324257e-06 0.0018678472193503729 4.664735290800341e-06 4.435490282869046e-05 1.2839653886167441e-05 0.0 1.2383544609756569e-06 4.8027017777555394e-05 0.0 0.0007188206765134167 2.322533439901377e-06 5.689245589850141e-07 5.169650059439767e-07 1.9801354306109266e-06 1.027532766103885e-06 7.810740050307213e-05 0.001741745839862735 0.0004943881566761415 2.54358541024926e-06 4.774282024663638e-05 8.822128597862326e-07 2.9387079014349793e-05 1.925102634323454e-05 6.741895217973388e-08 0.0007719945304035211 3.891863239798905e-06 0.00035540386144794516 0.0009611751012133485 0.0007407990264074517 0.00029149226477503005 7.0157662923952e-06 9.333301153458776e-07 1.7548395028767237e-05 2.6694536599527915e-06 0.0 1.0085160712572759e-05 5.532189025983559e-07 1.1477694849415924e-07 0.0 2.1797009456861182e-07 3.231629432041999e-07 4.3360784200034425e-07 7.846870935250793e-08 2.0289195197557075e-07 9.206278253220936e-05 1.453614636398398e-07 0.0002573782448536546 6.288177387427509e-07 0.0 0.0 1.3956630613213859e-06 8.204627161520317e-05 4.109469318530622e-05 9.229211664127143e-08 5.821438838305114e-07 5.23935746317054e-07 5.436859079718864e-07 7.1824333900138e-08 7.920237214973916e-05 0.00010036991263043066 0.0002750192819636183 3.294781947618936e-07 9.820597778613228e-07 6.156870509180956e-08 3.337829836714031e-05 2.6896633612718115e-07 0.0 1.7622776293828138e-05 9.436359282521416e-07 2.5095770309938662e-05 4.6167407252348815e-05 3.382524122489459e-05 5.290721777542012e-06 1.0194808267891936e-06 8.596089580567832e-08 2.2702243297298815e-06 1.9672049477544558e-07
4.778463036479571e-06 6.246669138220012e-05 0.0001861119137708352 7.080478761968069e-07 1.732105911656625e-07 3.955482867825723e-06 1.1161507283255345e-05 1.296262093524415e-05 1.9110256968124935e-06 3.3659716422212584e-06 0.0008275111456715313 4.228127638103574e-06 1.0373241472781607e-05 2.3666486715116798e-05 0.0 2.5030662018386136e-07 0.0018203278376950666 0.0007188206765134167 0.0 2.519320096909716e-06 9.993541289584541e-06 4.963369613577903e-06 0.0002263107373390655 4.063033439073055e-06 2.290582181308229e-05 0.0018078903970558256 0.0013854491907709207 6.564087963606372e-06 6.926020161803669e-05 4.502118936476771e-05 3.3051418417292233e-06 1.5872424432609965e-05 2.238189254127558e-06 0.002902046756508037 3.439896277161945e-06 0.0005704321809531324 0.0005866139094447069 0.0015095262760058776 0.00026418572433268965 1.1236081384211094e-05 7.50410495500362e-07 6.414672309504028e-06 2.2342544568242748e-06 1.8139194983069528e-07 5.4913834498033996e-05 2.5646204172242784e-05 0.0 0.0 9.389217097313645e-08 5.0179303609335e-07 1.5921498050165867e-07 7.934709049344686e-08 0.0 1.741987010412976e-05 0.0 2.3492544163285844e-05 5.8935346366439525e-08 0.0 3.476643813158777e-07 7.31150714631585e-05 3.0380608409422456e-05 0.00014873985880898644 0.0 8.074272876828789e-07 1.6633612569850547e-06 5.625130874351676e-06 4.3921386896394364e-07 2.0654427976684415e-05 0.00043235497156761426 0.0002873186921183365 6.026647380709086e-08 5.681598936282958e-08 2.933779149438352e-07 7.749891848831651e-06 5.5787472209870644e-08 0.0 1.4770708724288274e-05 6.165298532518678e-07 3.6371986909183426e-05 2.959721259542829e-05 2.6594822670198057e-05 4.346373861293278e-06 7.369546827432996e-07 1.8153478319733093e-07 2.985165991740127e-07 1.779455219195887e-07
1.7149245186222921e-06 1.3071297256441325e-07 3.964960195834556e-07 0.0021108230079536616 2.2760558219947596e-06 0.0003953406773571066 6.408476706188866e-05 0.0002934318032366783 0.0001767883751382659 0.003169435319263415 6.789414638621899e-06 0.00350674525647887 2.0576561600505973e-07 0.0003526048853370524 5.805309037277455e-05 9.257040544415429e-08 6.881246121752164e-07 2.322533439901377e-06 2.519320096909716e-06 0.0 1.1967259058889736e-07 0.0 8.29587875880759e-07 0.0004602027009269145 0.0 2.7493796478414144e-06 1.4443609535651599e-06 0.0016344700215075035 0.00022351178520423225 2.3458606976630166e-06 7.127795076961477e-08 2.0814124267502e-05 3.0768529409483693e-07 0.0001220076929044956 1.0230145543051892e-06 0.00020130432470902635 6.043716860370767e-06 0.00010039566069078029 3.416840981605737e-05 0.0002085666621524214 6.900641704323922e-06 1.875802553718544e-06 1.6810935192504407e-06 0.0 0.0 0.0 3.6121778677642685e-05 0.0 2.2265821266422112e-06 3.4459813705054945e-05 1.2950591923882183e-07 3.435978223686397e-05 3.0456369790318942e-05 2.189594236627434e-07 2.716611228986844e-05 5.1195720247892326e-08 1.5288088555032616e-07 5.843171714681365e-07 3.9001068591622144e-07 0.0 6.59445706621307e-08 0.0 1.8206150215053092e-05 0.0 8.47232634828892e-08 0.0 4.942606572351141e-05 0.0 0.0 0.0 6.071260803304615e-05 8.013564998186403e-07 1.807879913862593e-07 6.550625251200126e-08 0.0 0.0 5.813998598504678e-07 0.0 1.7024434376399462e-05 1.7916311071720517e-07 1.4149746036860729e-06 5.219714144221919e-07 8.996039999415758e-06 0.0 1.5582568239438265e-06 0.0
2.2163286895132042e-05 2.35300257413569e-06 0.00016599259197950205 5.284078491507935e-06 0.0 4.669610459802532e-06 0.0003025560699789735 3.875657210047616e-05 9.001057122278594e-05 3.1755344870188856e-06 2.1997054156558065e-06 1.2005097301881332e-07 4.772153077014803e-07 5.264461886778691e-05 0.0 0.0020810115815026523 0.0003009791187636993 5.689245589850141e-07 9.993541289584541e-06 1.1967259058889736e-07 0.0 0.00018238075607490293 0.007809630668867217 0.0003110053351311333 4.991180580463776e-07 9.957458413887987e-06 0.00030379497558374907 0.0032851922530084377 0.00011275284888421286 0.006123350310631374 0.0 6.338093249322451e-07 4.182897479869882e-05 0.002454839847244111 0.0001363946701240514 0.0026211783752162366 0.00033548300369450827 0.0030128667236262235 0.0014803823142082585 4.0074014724673984e-05 2.7075361274972403e-06 6.190722411212727e-06 1.5062821851165536e-05 5.521121266837779e-06 0.0 6.969334314915103e-07 0.0 0.0 0.0 1.097769569553994e-05 2.8251439072821635e-07 5.966932458126617e-06 2.2228005476075818e-07 9.79594782975991e-07 5.173114276754456e-07 5.932766936482452e-07 4.3811941631880834e-06 0.0 0.00027949464141405976 1.5686250791180827e-06 1.1607488853365207e-07 4.637529982914288e-07 0.0 0.0002831251613893783 0.00011881980010507887 7.550585175999962e-05 5.4266067740791816e-05 0.0 3.7510465369929822e-06 8.309551746658435e-06 0.00011994116520829185 2.8281466536508877e-05 0.00010827983965002537 0.0 0.0 1.006322894650163e-06 6.884233567993813e-06 1.0617457859427557e-05 7.578783753485829e-05 1.4743739536745826e-06 8.712878436650828e-06 9.895272748188705e-06 1.8634784029983986e-06 2.4971242133305663e-06 4.978693021428265e-06 5.372459507908054e-06
3.3210290456886724e-07 0.0008892237382440309 0.00015899970224012087 1.66239678079929e-07 5.512592693734471e-07 2.6284063006681703e-07 2.739557687227088e-06 3.272758559697983e-07 0.0012708717761721344 5.4264416722940796e-08 1.0647837993501596e-06 1.5376575404434182e-06 8.310139129116409e-06 1.0581338306648486e-06 2.8867196692359618e-05 0.0019644222062523875 3.543283292750072e-05 5.169650059439767e-07 4.963369613577903e-06 0.0 0.00018238075607490293 0.0 0.0008365905517096641 0.0030269490786814976 8.497980332054763e-05 3.7750594170571207e-05 0.0034705504464937155 0.0001450768334615029 1.8811540907975715e-06 7.223897686507428e-06 6.97698282846474e-08 0.0 1.6730852142383397e-07 6.540483463503403e-05 2.7030487781216393e-06 0.00016137030651461096 5.869864365347258e-05 0.00021338965021494485 6.702074622956958e-05 6.703011957570235e-05 0.0 1.1650821307375396e-06 4.0744624998099106e-07 5.581140132695367e-07 5.081667995989764e-06 3.9322969895444354e-05 2.3243987233022016e-07 0.0 0.0 7.445835446926348e-06 2.7390528481331637e-07 2.4471444211816737e-06 0.0 6.736762994967966e-08 0.0 9.264483131336577e-08 7.916778508521516e-07 9.634218414267967e-08 0.000814145048051996 4.344041040303727e-06 1.0937350019063424e-07 4.1497555194111505e-07 7.367637156879544e-08 8.94880240906529e-05 0.00010560586036491523 0.0006074583689941349 2.2245718248382236e-05 1.682138457391323e-07 1.9579644840822067e-06 0.0007998217750586688 2.263675096365549e-05 3.41639387548138e-06 1.3599348590355879e-05 0.0 0.0 0.0 4.9845722001003595e-06 4.623671032246595e-07 2.1672971443174866e-05 3.3541709038483687e-06 1.3866824593401677e-05 8.743815989751269e-06 1.7926311134511574e-06 4.649318241690639e-07 0.0 7.504023470058157e-07
9.42131148111353e-05 1.533039518000734e-05 0.005296574682469574 1.752539742632383e-05 0.0 1.2017568187502727e-05 0.000593582571442394 0.00020763434131669577 2.889387244995633e-05 9.05646514965429e-06 1.5031237737165477e-05 9.151629006128917e-07 7.059895664743512e-07 0.0002446549464742303 0.0 0.0018992299973269184 0.003105690866618619 1.9801354306109266e-06 0.0002263107373390655 8.29587875880759e-07 0.007809630668867217 0.0008365905517096641 0.0 0.0006647570866703639 5.091322699896464e-07 0.00023800555731073674 0.005239091530558789 0.002580704763159383 0.0001879319720570791 0.0033714952827147556 0.0 1.995838766448051e-06 1.9464526335336255e-05 0.0028433103135604904 0.00013184659356141893 0.0029282365473271886 0.0015879903628945706 0.0037863650160161397 0.0018910761905996437 8.610663561189133e-05 6.902533235619952e-06 3.658545938461619e-06 1.746567427996181e-05 1.5317362021691052e-06 1.2874846662833613e-06 2.138793902149029e-05 1.1376283026248762e-06 0.0 4.8533894933965165e-08 1.3313028914673845e-05 3.7618823518986126e-07 3.9373076064543724e-06 8.699606416731088e-07 9.759371319149436e-08 0.0 2.4194581749761887e-07 2.4532798744357865e-06 9.284810968112403e-08 0.0007916027795734578 2.374784771046595e-06 1.7770844058505124e-07 9.69610490179003e-07 8.716598729263704e-08 0.00018466230271123408 0.0002725858143432515 0.0008596801230623333 3.0369056027420584e-05 8.489490620627647e-07 5.470283052931057e-06 0.0003025654222541622 4.7284708719045564e-05 1.2579259367735545e-05 4.226258421725572e-05 0.0 0.0 1.053302419964079e-06 4.206964341496127e-06 1.3916934819034204e-05 9.115478673297403e-05 3.996426316090757e-06 1.4698598338372784e-05 1.3697563860968621e-05 1.7286474912872402e-06 0.0 2.35833837222036e-06 2.9578752220889874e-06
