0.0 1.9026699881437672e-07 0.00013496624343723013 8.136176973421298e-06 5.287887379864669e-07 1.7212044987271426e-06 0.0008937008071308853 0.00015215809267030996 2.8692070697140903e-05 1.7332055655772633e-05 6.2102381857152695e-06 3.336818858208504e-07 2.02825440450711e-06 0.0013554815498945238 7.330241732493156e-07 5.417876300281909e-07 2.1999468792652118e-05 9.69576817689029e-06 1.4067521334934355e-05 7.34904585333494e-07 4.0595047237001305e-05 7.871292070580455e-07 0.00010567554946746177 0.00011191264073687963 2.483447743077525e-07 5.382008269168734e-05 3.8155729470212814e-05 0.0001060279888350355 0.001427259450979555 0.0021006392933193853 4.386292340173589e-07 3.023891042088104e-06 6.316817554158446e-05 0.00015405131018702965 5.245351195290211e-07 8.109511015019725e-05 1.2295205362345061e-05 0.00013492739728575263 2.9441969047957158e-05 6.2906885340766885e-06 2.217075212569842e-06 0.0 6.195168490153474e-07 2.641765409413487e-07 1.778917900980763e-07 4.858167845117597e-07 5.821276626093811e-07 0.0 7.19999157542636e-08 1.3668253944369148e-05 2.6968266866679475e-06 7.477931872322098e-06 8.846632772647462e-07 4.0299817477479283e-07 0.0 0.0 2.233717133159081e-06 5.459483402803215e-07 7.426031797655855e-07 0.0 6.382933121600339e-08 1.3671268254356338e-07 6.029787282596111e-07 3.223577959262213e-07 8.592806129978984e-08 2.8819473776282963e-07 2.7611878645706276e-05 0.0 1.1907349217259282e-07 1.5432865624048145e-06 1.7267637179513632e-05 9.688402724608345e-07 8.783811810386903e-07 0.0 1.4747976988036558e-07 0.0 7.183688423275729e-07 3.6749314980802666e-07 3.9097495063516735e-06 6.819967598365245e-08 1.7508761679633967e-06 8.304954925178116e-08 9.55568958870513e-07 4.5355935972565566e-07 1.9135625187028103e-07 1.1862757158906953e-07
1.9026699881437672e-07 0.0 2.9117331508821675e-05 1.7578947124126733e-07 1.309882656542191e-07 1.8319119435958058e-07 8.982979737417219e-06 3.2661290780907295e-07 0.00012342663907286984 5.36536967381975e-07 9.53614694869674e-06 4.5113263819003174e-08 0.00017705778496561727 9.900179109941702e-07 1.4774284466137727e-06 0.00023790597742862866 3.0818338128271525e-05 8.673137076497673e-08 5.345372373756504e-06 1.8861917307363275e-07 2.2557875540332988e-05 0.0012155153956622865 7.634621616081946e-05 0.0005094154381706603 0.0010374051034946986 7.159019291047874e-05 0.0045312494092438396 3.239573207249681e-05 1.1231399657233447e-06 3.6158757319796602e-06 1.7130589234246082e-06 6.482990819055258e-08 6.263338622482871e-08 4.3944363322647194e-05 2.3780212489661047e-07 3.31694420221003e-05 8.85827960305196e-05 8.326619397834494e-05 1.6106365068548228e-05 3.5294558689998113e-06 6.431840502596969e-07 2.1190110340958266e-05 1.8702055366967816e-07 0.0 0.000521332183023453 4.152376891442022e-05 0.0 0.0 0.0 1.034784361729551e-06 7.230737188980142e-08 1.6365896140569648e-06 0.0 3.1348005776436484e-06 0.0 6.710782039710568e-06 2.4835452894741306e-07 0.0 1.3966960213249997e-05 1.3491951804098873e-05 4.066604044416432e-06 1.724741506704041e-05 0.0 2.0317118512606747e-06 6.063058497787713e-05 2.514963593265948e-05 4.055797613667123e-06 2.970731439956826e-05 8.889427701520437e-05 0.0007809901353078165 1.957646925213595e-06 6.459354993280008e-08 1.6971107282635174e-06 4.517894728523518e-06 0.0 0.0 8.884727338613974e-06 0.0 1.6312878722011925e-05 2.2402798661270246e-05 2.5330936491061863e-05 5.978139587799757e-06 0.0 0.0 1.539171859581277e-06 6.690670797154264e-08
0.00013496624343723013 2.9117331508821675e-05 0.0 1.6784859357787905e-06 8.693971037689555e-08 5.3095334937658304e-06 0.00018186510979249708 0.00017867488783257805 7.218694955475193e-06 2.874664551024477e-06 4.8307801512145705e-06 6.601434162408146e-07 1.3061360176592618e-06 0.0003283809093027356 2.0182927878160667e-07 3.0552272895984315e-06 0.0031235506644157725 1.635269863197265e-05 6.758748119185694e-05 5.563654381846013e-07 0.0008443146980581101 1.4926365831618844e-05 0.004125533721620672 4.083452652374739e-05 1.8428260859605723e-07 0.002711985467410397 0.005664337100442249 0.00026407020156727067 0.00017304391795026658 0.0004110140693800618 1.0507390133612025e-07 1.0103920054456393e-06 1.8923824212061924e-05 0.0009166773225911632 8.269340447018226e-06 0.000930801317370173 0.0020210763993886616 0.0016396904986864635 0.00028326264373584826 2.0111744572832607e-05 2.349956482907357e-06 2.7681916304249877e-06 2.3710316300463674e-06 1.2695236921996616e-06 0.00013551820896894534 0.0002798055721478907 1.700669267735045e-07 0.0 5.296103069459675e-07 1.1011262602732364e-05 8.869379987746872e-07 2.19597220921193e-06 6.942387423734081e-07 1.002355125343874e-06 0.0 4.366989929598173e-07 4.50819732179727e-06 0.0 3.9584619019373465e-05 3.6432809801734024e-05 1.275816540186268e-07 3.319059629822653e-06 0.0 7.704166330091555e-06 9.212634521971964e-05 0.0002215229526235839 2.189028331972277e-05 3.63011993777628e-07 9.666275522888056e-05 0.0011419889819016323 1.9482670432879478e-05 6.539229114051408e-07 1.0223200925214889e-05 2.769420435286953e-07 0.0 6.448051883530812e-08 2.4263880194406918e-05 9.438157189731278e-07 7.973740575622692e-05 5.434977154559069e-05 8.082837649047654e-05 2.4422581594370602e-05 4.964511149025056e-07 5.327910639321006e-07 4.5099375413913766e-07 5.636720242391386e-07
8.136176973421298e-06 1.7578947124126733e-07 1.6784859357787905e-06 0.0 1.0315964412645142e-05 3.862437030145285e-05 0.0007125631952195106 3.853141166708708e-05 0.001240899039756068 0.0031117798328469176 1.2451906804002343e-06 0.001450929185461413 3.819613558799618e-07 3.923375232801309e-05 0.00021887716410208934 2.559353954365518e-07 3.1901627688377596e-07 3.6673867219531284e-07 4.4342425302340554e-07 0.0014047371524554147 2.737261824729899e-06 1.0180391511469027e-06 8.525102162945484e-07 0.0007490118263113416 0.0 1.7459290812537785e-06 1.7368702785714355e-06 0.001449298407045346 4.546572227174147e-05 5.402247743276284e-06 1.3880198919834585e-07 2.1998662099292507e-06 1.0095627329376848e-05 2.0547799015118055e-05 1.7851943844539339e-06 0.0002969958638194856 4.3771566915047985e-06 3.667679706300178e-05 2.8099926192683468e-05 0.0003193059231092132 3.4586260182121648e-06 2.3520184116003168e-07 5.621694126877918e-07 2.3313981771802793e-07 7.372190292521176e-08 1.8937094357080713e-07 0.00022216963288197988 1.6886196257572413e-07 3.2870270129346663e-06 7.363376792406329e-05 8.337197244259508e-06 0.0001988681284989694 0.00016435161396334994 1.583253635678129e-07 0.00013326460020346626 1.0733242075955756e-07 5.953869272796224e-06 1.0261326099634433e-05 6.291222814911418e-08 0.0 1.302806978419453e-07 0.0 0.00021741022310680085 3.7022224261383347e-07 6.919092153093702e-07 8.571727084593596e-07 0.0002372631942480381 1.3040582523403958e-07 1.3665582409351572e-07 2.333321402296715e-07 0.00011075753699621641 1.4611367230025813e-06 1.186926867415126e-07 0.0 1.977726526101101e-07 0.0 1.5588583827805902e-06 0.0 4.847567890582343e-06 0.0 3.085604130849707e-06 5.962415974943822e-07 1.5826217344522995e-05 3.903742001878506e-07 2.035328223743844e-06 0.0
5.287887379864669e-07 1.309882656542191e-07 8.693971037689555e-08 1.0315964412645142e-05 0.0 0.00019892392046280284 9.721765473692942e-06 4.417350914331173e-05 8.924725444906275e-05 9.019336849559332e-06 4.994119458222108e-07 5.975775288738986e-05 1.645835785229514e-07 1.4946460272011367e-05 0.0005633987807696564 0.0 0.0 1.5262457077340988e-07 7.253328068157144e-08 8.972532148368244e-06 0.0 4.152622563981974e-07 2.056400402079479e-07 2.707317946002431e-05 0.0 5.991286143970441e-07 3.6607205401743303e-07 5.398908010930095e-06 7.450418767682217e-05 9.665129156010873e-07 0.0 0.00012269005612102043 0.0 0.00025054752607725386 3.865841590238485e-06 4.356062826466576e-05 7.481998027540291e-07 5.495536268095264e-05 5.096167751875522e-05 0.0010963917390009418 7.013212713934416e-05 9.686675539775561e-07 2.8333999527612278e-06 0.0 0.0 0.0 6.612627769333768e-07 0.0 0.0 1.1282380869207699e-06 4.0933111965439876e-07 8.763446856962237e-07 4.856323938486469e-07 0.0 2.149316200853707e-06 0.0 1.0794630432672817e-07 4.206319373791067e-07 0.0 0.0 0.0 0.0 9.764328021060893e-07 0.0 6.678498252130968e-08 0.0 1.8402030579416022e-06 0.0 0.0 0.0 2.1011352607765137e-06 1.670694009026616e-07 0.0 0.0 0.0 0.0 0.0 0.0 3.0993239728781876e-07 0.0 0.0 0.0 1.2380998875490677e-06 0.0 0.0 0.0
1.7212044987271426e-06 1.8319119435958058e-07 5.3095334937658304e-06 3.862437030145285e-05 0.00019892392046280284 0.0 0.0009672415620932856 0.0037282876300364334 0.00023218952878498351 0.003992340666844355 7.389257961171309e-06 0.0032959460243665796 4.212830956713265e-06 0.0006895835519308677 0.0012632013692744162 1.550012648138642e-07 3.4122168536725507e-07 1.6789282198037726e-06 7.569209875218657e-07 0.0003795657115479622 2.770188078504907e-06 4.1330045488532464e-07 4.5092194158285e-06 9.147379887656631e-05 0.0 6.085535124958116e-06 5.094725116468953e-06 0.0003302996869216102 0.00020873028666746352 2.1644067312790648e-05 2.4883315148665334e-07 0.0006532565316925571 1.000235314008821e-06 0.00041847126005050594 7.986078294849446e-06 0.00010956699551143142 7.367592094350432e-06 9.478647995112436e-05 7.60354875151262e-05 0.00218617711151557 0.00012676535720724597 5.732165402986917e-06 2.4761337259908318e-06 7.73546263862396e-08 6.383931596048479e-08 3.0849375487667004e-07 3.131122209056324e-05 3.857063109370256e-06 6.208843006044109e-06 3.5054009140611635e-05 6.357838918541659e-06 4.882018840106083e-05 3.4747915022579616e-05 1.6302715402653892e-07 0.00012916131010078663 0.0 4.693152025968315e-06 4.6340157322041265e-05 6.138035719064485e-08 0.0 7.138710600959028e-08 0.0 8.822319437517334e-05 3.7669521755657857e-07 7.72462334800386e-08 1.7220561121572721e-07 5.401389998680643e-05 0.0 5.016260279440674e-08 1.4709534142632174e-07 3.5006471772135365e-05 9.81952046708696e-07 0.0 0.0 3.9408318309362567e-07 0.0 5.512147448033994e-07 1.4794299795590464e-07 5.667357174279977e-06 0.0 3.0980822460513812e-06 7.679927471770589e-07 0.00011011613364595192 4.613731238765156e-07 2.4004773137892444e-06 0.0
0.0008937008071308853 8.982979737417219e-06 0.00018186510979249708 0.0007125631952195106 9.721765473692942e-06 0.0009672415620932856 0.0 0.0035637712540054095 0.00030294748758957226 0.00349083681085539 1.7685073348950937e-05 3.167311869408443e-05 5.428997600151475e-06 0.003549351922080116 1.4685103679185189e-05 1.105495939992835e-05 6.553706488221309e-06 8.28911367912827e-06 7.127531043963049e-06 2.6767904280537867e-05 0.00012666269539097415 4.8078116145306707e-05 0.0002007925907401349 0.0019894192792917183 2.1821353024838025e-06 5.924983596960609e-05 0.000136073733270237 0.011986683340155948 0.0011633255817315592 0.0035178845566513467 1.479094798048525e-06 3.2791078170108195e-05 0.00018229699620629473 0.00040730307652672395 1.6000619581477214e-05 0.0025792381376916725 9.336075058035992e-05 0.0006807352301798112 0.00039161331032128854 0.00040199858704342774 5.790672199443875e-05 4.668036955560686e-06 1.2589204539332585e-05 8.66344330632997e-06 9.949131699767846e-07 2.7052535899292047e-06 0.00013097857212317996 2.2953390823641876e-07 3.217855073246706e-05 0.0008020726763779645 0.0001273497997694718 0.0001979076826849901 0.00015342003489143136 7.241186772270896e-06 7.414950915923669e-05 0.0 0.00011929616634028933 4.9304877238811905e-06 6.0648076346204045e-06 2.2153711600393431e-07 1.8969292293002832e-06 9.476550675395655e-07 0.00016265641856444925 1.6210576992713562e-05 8.757405838398692e-06 2.0700251990861132e-05 0.0009515351747894916 0.0 3.4727856672549097e-06 6.374370230901814e-06 0.000656108239195445 3.640078508059969e-05 4.51609378291363e-05 4.915016188600575e-07 2.803099357419122e-06 1.9001794644067368e-06 2.169797291790944e-05 2.1060421423085114e-06 0.00013620404437349827 2.470992218755027e-06 5.678533907754444e-05 1.5443828020747397e-05 4.871399409679266e-05 1.5122397560784806e-05 6.810157900486415e-06 1.3646361482953895e-06
0.00015215809267030996 3.2661290780907295e-07 0.00017867488783257805 3.853141166708708e-05 4.417350914331173e-05 0.0037282876300364334 0.0035637712540054095 0.0 6.180200585745455e-05 0.003071661896089772 1.6455415939601196e-05 0.0006498768803289075 3.1161220489154627e-06 0.004732092773682007 0.00010782185744031455 2.3759449274421936e-06 1.3859457172021704e-05 7.539255100351143e-06 1.0757893584410262e-05 0.0002071459866910227 5.570793803064801e-05 2.6103396511278462e-06 0.00013746828420930338 0.00028163616113765794 1.2152979075022933e-06 6.128659549947799e-05 6.595140707125285e-05 0.0006684206790118285 0.0004261160670385603 0.0006778478181014463 4.824040412594705e-07 0.0006531666773075803 3.672920057092118e-06 0.0005042678190981496 2.102603920587137e-06 0.00019766993592962997 1.1550925769698636e-05 0.00013132664030226834 8.35017797742138e-05 0.00034846926841737363 6.83084234588231e-05 3.941234212078187e-06 2.4909365315434472e-06 7.071098134430764e-08 1.3289223866730922e-07 9.330661602094432e-07 9.20505708991007e-06 1.7051168780920508e-07 3.96528960466718e-06 9.838234058826798e-05 1.5032900605296552e-05 3.1066391237951064e-05 1.3916360830898867e-05 8.5869393143004e-07 1.1427248895229038e-05 5.465747126738476e-07 1.6072969581413043e-05 2.326807337851939e-06 2.2037645194721393e-06 1.686285054434582e-07 6.961225338401516e-08 4.692130297397684e-07 1.2267965779245057e-05 3.264034334645572e-06 1.4787840302083106e-06 5.119913621897449e-06 0.00012098953940826979 0.0 6.434404186131456e-07 3.236775377622025e-06 7.562766739005755e-05 2.948683735842658e-06 1.568865564738022e-06 0.0 5.985655749715642e-07 1.5775627373910235e-07 3.586677816986534e-06 0.0 1.0416898823003105e-05 4.6184437854962916e-07 7.190071928049897e-06 2.836002582664607e-06 9.80465891261528e-06 2.016725598023525e-06 1.184946395828749e-06 0.0
2.8692070697140903e-05 0.00012342663907286984 7.218694955475193e-06 0.001240899039756068 8.924725444906275e-05 0.00023218952878498351 0.00030294748758957226 6.180200585745455e-05 0.0 0.0004267080185572628 1.2865719598550956e-06 0.00025691242176922814 2.346114373083068e-06 8.511951186055124e-05 0.0006019771688006428 4.623391770968269e-05 1.1601169892765652e-06 3.4324280880531643e-07 7.064884447014389e-07 0.00040453602702834505 5.047934972340492e-05 0.0010963340624154595 2.3447294867675586e-05 0.004862290485379858 1.9596459883671248e-05 4.311328746516445e-06 7.624272851188117e-05 0.0009445175049190084 7.634135661771455e-05 8.216652300788986e-05 1.674174367001363e-07 5.333742429436364e-06 1.214355645857138e-05 2.433495344195272e-05 1.9650936766870487e-06 0.00015836811094800622 6.1032614934731785e-06 3.676779801969402e-05 2.063326020276004e-05 0.00022128836229275313 1.63562748218375e-05 3.7765809343538115e-07 8.784898807513191e-07 3.4382923003889675e-06 5.639262449475924e-07 1.6919819534944673e-06 0.000153523955453263 1.542296295028611e-06 4.419354504684257e-06 0.00011846942807598803 1.9344358977528743e-05 0.00010532177172452459 5.606084335146027e-05 7.182535643241833e-07 0.00010291855670479029 2.1724331492816418e-07 2.657335630786351e-05 1.5917025256806128e-05 4.833649291228581e-05 2.1599181541426e-07 7.09919641457989e-07 8.98874614166858e-08 0.00011541302913324855 3.817897818748963e-05 5.6830640102385406e-05 1.0034447140821054e-05 0.0011059130241334789 4.356433803263504e-07 1.0185778129969496e-06 2.125869760369743e-06 0.000315017030006845 1.1797787753052651e-05 2.000922809708222e-05 0.0 9.28338755925855e-07 9.381771582531182e-07 6.377313569343271e-06 1.0488624273336537e-06 2.980826821543278e-05 1.2311789571742857e-06 1.052937237651415e-05 3.5284636299411233e-06 1.9308666466763435e-05 7.54930580821459e-07 1.4508526572677709e-06 4.46445389453612e-07
1.7332055655772633e-05 5.36536967381975e-07 2.874664551024477e-06 0.0031117798328469176 9.019336849559332e-06 0.003992340666844355 0.00349083681085539 0.003071661896089772 0.0004267080185572628 0.0 2.9505849854975147e-05 0.0044946332000795845 8.44311187642129e-06 0.0010034149775909873 5.6214160808456016e-05 8.837397989407616e-07 9.033930291307983e-07 1.0153639624257182e-05 8.634453166966357e-06 0.002151761869247351 5.089785316411996e-06 8.497792555790194e-07 4.624561789913922e-06 0.00030143133274976064 8.593587674235234e-07 3.338078264304527e-05 2.1894736678188443e-05 0.002078213704891672 0.0003581997630618253 1.2983996273823795e-05 2.503890837392236e-06 2.6884798197288012e-05 2.552084763502672e-05 0.0002848178359983858 8.251734928652707e-06 0.001376365885724023 3.779289390366675e-05 0.0005056641936269451 0.00023204748564756322 0.00030179777980244633 4.3243278063993325e-05 3.939782679285211e-06 8.156586404754276e-06 9.506055527660511e-07 2.532873220869826e-07 0.0 0.00030012207033850715 1.115076623567181e-06 6.976826418184415e-06 0.0001886313958988153 1.4857391230276437e-05 0.0002115295418305794 0.0002538888089464277 1.591259081656622e-06 0.00022355601835746827 0.0 1.5138412405130478e-05 2.08907163203509e-05 7.66034469426247e-08 6.773577112922854e-08 2.050421827647711e-07 2.9700483322870094e-07 0.00037880914867121946 1.7843519707047787e-06 7.104642318910674e-07 1.6026566877855848e-06 0.0003873373917694815 0.0 7.919981528776158e-07 1.0635645913542297e-06 0.00020662335929837362 2.4359979046703627e-06 6.718388366621358e-07 1.1036033400233122e-07 2.404784515086935e-07 0.0 2.0715038779313474e-06 2.394757539603051e-07 1.7836805162649874e-05 3.8843044611190774e-07 6.350259374027271e-06 1.276618676568055e-06 3.395186193096586e-05 1.1467070984417773e-06 2.4728724232936804e-06 2.553432590308817e-07
6.2102381857152695e-06 9.53614694869674e-06 4.8307801512145705e-06 1.2451906804002343e-06 4.994119458222108e-07 7.389257961171309e-06 1.7685073348950937e-05 1.6455415939601196e-05 1.2865719598550956e-06 2.9505849854975147e-05 0.0 8.523524284558423e-06 0.001180010651991896 4.554000552665681e-05 6.185409519107999e-07 9.621456434095753e-07 3.115436650123528e-05 0.0021047514922911538 0.0007000310966553352 4.542685454906503e-06 1.802275021541059e-05 8.330790146973414e-07 1.8295762664164478e-05 6.299377319183373e-06 0.0002784408898342516 0.002108794703288428 0.0005006909363335469 6.448920872130847e-06 3.3824964306389886e-05 1.3754795036494713e-05 0.00029304141026592357 4.144863623432648e-06 2.9206244065742844e-06 0.0022502884460524567 4.916348179683186e-06 0.00018392657742307382 0.002025734810797879 0.0013268900236748185 0.0004035226756402865 2.549140154521651e-05 5.401021262021824e-05 0.0005280722985730622 9.58795436330992e-06 0.0 5.5824747453810315e-06 1.3128826368644564e-07 3.199841112958751e-07 0.0 1.1581256847161712e-07 1.760010219434019e-06 3.30379899689e-07 8.633737807173191e-07 3.0636467167089404e-07 0.00011126669553254237 6.532126680603422e-07 0.00026231854568686586 1.1677914407499039e-07 0.0 0.0 2.035077490702576e-07 6.28152188893497e-06 3.1814135022580607e-06 1.2821715841523949e-07 4.060518462219247e-07 5.641590794432844e-07 0.0 3.346291696165174e-06 1.820474506322353e-05 7.101845054618981e-05 7.218618654972528e-05 2.4385429136194845e-06 0.0 0.0 6.889030763443714e-05 0.0 0.0 4.4636123876706713e-07 8.425349737886235e-07 5.70402897055612e-06 0.00013425262679185257 6.6242655642889774e-06 4.91146950629511e-07 0.0 2.1892780854889048e-07 0.00015738406926978888 0.0
3.336818858208504e-07 4.5113263819003174e-08 6.601434162408146e-07 0.001450929185461413 5.975775288738986e-05 0.0032959460243665796 3.167311869408443e-05 0.0006498768803289075 0.00025691242176922814 0.0044946332000795845 8.523524284558423e-06 0.0 3.3120093399318166e-06 0.0001999939093461387 0.0006518121809267383 0.0 5.747922322387706e-08 3.198816532893085e-06 2.8916517416414813e-06 0.0028530288996330825 1.3497805765490502e-07 3.978173602213549e-07 4.5743887737484067e-07 0.00013022662910153223 1.1183758890479148e-07 1.1422361410179882e-05 5.995225520456063e-06 0.00044412791982804457 8.88268741967272e-05 2.583825791561669e-06 7.898023031789177e-07 4.00473086947503e-05 0.0 0.00016174836456816206 3.0071656430793454e-05 0.00019893749605166795 5.490319731798724e-06 0.00010891490285828321 4.727132473848247e-05 0.0007533911675774086 3.736288520386147e-05 2.293940559405334e-06 1.4969870270208305e-06 0.0 0.0 0.0 0.00010761140948169501 3.1894258829641933e-06 5.374612524263904e-06 1.2481896478101024e-05 9.302542657630024e-07 5.964313634963474e-05 4.610021515012095e-05 0.0 0.00017145609955380653 0.0 9.760819689558903e-07 4.1900151374406664e-05 0.0 0.0 0.0 0.0 0.00012578298771429738 0.0 0.0 4.875560746628645e-07 3.5937581008151765e-05 0.0 1.6429265835150065e-07 3.3537718534443847e-07 1.8875274513217802e-05 7.192468862290864e-07 0.0 0.0 0.0 0.0 2.899860361153071e-07 2.744397700078516e-06 4.579412210139957e-06 0.0 4.860201385192266e-07 1.2822816735176672e-07 8.949844412657908e-05 0.0 2.8113384770991234e-06 3.0712016445193514e-07
2.02825440450711e-06 0.00017705778496561727 1.3061360176592618e-06 3.819613558799618e-07 1.645835785229514e-07 4.212830956713265e-06 5.428997600151475e-06 3.1161220489154627e-06 2.346114373083068e-06 8.44311187642129e-06 0.001180010651991896 3.3120093399318166e-06 0.0 9.36659496041744e-06 3.428108298668215e-07 7.864458498824132e-07 4.4321683383077015e-07 1.1368261077728472e-05 9.203631604080445e-06 1.4008556938495068e-06 7.828280245805705e-07 1.549543676917486e-05 1.3463955135531518e-06 5.656915522837753e-06 0.0026437099158103743 0.00012016947410707174 0.0009817600238251122 1.5583314878594222e-06 4.277212868865047e-06 1.4269164319048252e-06 0.00034201845533915855 2.0997877940167353e-07 5.649525214723298e-07 0.0010028023536176058 1.092762642605504e-05 0.00013947788361442815 0.0022410942148123375 0.0009447463771405289 0.0002842186176476204 1.0912277202766356e-05 6.039090148889403e-05 0.0010761946219887384 1.4697956021527183e-05 0.0 2.2686024903551402e-05 0.0 1.220490182178182e-07 0.0 1.104138220935322e-07 7.574404017804268e-07 0.0 4.6341592228632973e-07 0.0 0.00042587675329644134 9.706241848997482e-08 0.0010777064334150704 0.0 0.0 1.6331110337547555e-07 1.633381294122781e-07 3.486982114119182e-05 4.565625028612431e-06 5.614434003949757e-08 0.0 7.466363803639472e-07 2.7058320057709487e-07 1.307589228863872e-06 0.0001611806919866261 0.00036120150497636195 0.00035316479387530815 4.840273089504122e-07 0.0 0.0 0.0004228400950778661 8.967765545051641e-08 0.0 8.509062548492629e-07 1.8827743492927473e-06 6.462173389315605e-06 0.0003137175401698925 1.0471013994959527e-05 1.644923690326373e-06 1.434996197228595e-07 0.0 0.00026303998868448147 6.804689540632233e-08
0.0013554815498945238 9.900179109941702e-07 0.0003283809093027356 3.923375232801309e-05 1.4946460272011367e-05 0.0006895835519308677 0.003549351922080116 0.004732092773682007 8.511951186055124e-05 0.0010034149775909873 4.554000552665681e-05 0.0001999939093461387 9.36659496041744e-06 0.0 2.8269354109345738e-05 1.7953281601577102e-06 3.972173983116762e-05 3.079876764106796e-05 4.16626401922408e-05 8.906504175966234e-05 8.240285013381361e-05 2.5967752561855014e-06 0.0002572170774794657 0.000342458015293034 9.580821727476234e-07 0.0001719645201845787 0.0001253076777821056 0.0004763633756270889 0.00499465476503107 0.0025506842158244283 3.0121003627828073e-06 0.00012323030463855613 2.6641114534516146e-05 0.001335919118579516 2.5023799465791976e-06 0.0003300385612908581 3.19430077676779e-05 0.0004699885087171872 0.00010565414481924303 0.00016245768567088614 3.503693386045498e-05 2.0736368593835e-06 3.398557420927333e-06 1.008580471404504e-06 1.2913460348105848e-06 1.236297963768098e-06 6.042287542002898e-06 0.0 2.6757829916996463e-06 0.00010505732282068882 1.6794058736468355e-05 3.454408481093002e-05 8.593140463259968e-06 1.6878963115562466e-06 6.150147214120503e-06 1.2363148967757972e-07 1.6343879860201477e-05 7.283229873797268e-07 1.3856503492398881e-06 3.7000809172722323e-07 8.163355637397945e-08 2.671545033905596e-07 7.6035877069052305e-06 1.8987088870559407e-06 9.311909457871009e-07 3.881772726059818e-06 0.00013895313007128183 0.0 2.9067116554924595e-06 6.821400050505524e-06 9.248610503829132e-05 4.818448296953635e-06 3.2855056907030825e-06 1.1559216865996995e-07 3.1284200958151694e-07 3.743462173080932e-07 3.4101151168455828e-06 5.540164289123975e-07 2.2341511446901596e-05 5.345153521512573e-07 7.886683028567039e-06 2.63031598006938e-06 6.937698081494981e-06 1.7299348561047987e-06 5.865893274078954e-07 0.0
7.330241732493156e-07 1.4774284466137727e-06 2.0182927878160667e-07 0.00021887716410208934 0.0005633987807696564 0.0012632013692744162 1.4685103679185189e-05 0.00010782185744031455 0.0006019771688006428 5.6214160808456016e-05 6.185409519107999e-07 0.0006518121809267383 3.428108298668215e-07 2.8269354109345738e-05 0.0 0.0 0.0 0.0 0.0 0.00013054201815942328 0.0 1.2138125005725717e-05 7.096173694487092e-08 0.0005427992075878159 8.580386786255673e-08 1.605075919634883e-07 5.589043831949146e-07 6.581440173147207e-05 5.16312192911805e-06 1.7164550720586404e-06 6.240386794567268e-08 0.00038831849667852444 4.098442037744567e-07 2.132386112327149e-05 8.65888366199636e-06 2.159721645527961e-05 7.370361455499889e-07 5.587326726609888e-06 2.039157028095256e-06 0.0007799653410551691 0.00012111506433125728 2.4261439815473397e-06 1.0652891277256442e-07 0.0 7.142634113747586e-08 0.0 8.092804213443535e-06 1.076191304639726e-06 2.2225277177506816e-06 2.609920765604844e-06 4.2897485238075135e-07 1.6806279337304337e-05 1.0251264879138975e-05 0.0 6.408289548052186e-05 0.0 8.808938625164111e-08 2.614661248865976e-05 0.0 0.0 0.0 0.0 3.3329094485895317e-05 9.345358983544223e-08 0.0 0.0 7.86069869433596e-06 0.0 0.0 0.0 4.9869484174426326e-06 0.0 0.0 0.0 0.0 0.0 0.0 0.0 1.1381775079715045e-05 0.0 0.0 2.426993618783126e-06 7.923699313416923e-05 0.0 4.8801246907641e-06 0.0
5.417876300281909e-07 0.00023790597742862866 3.0552272895984315e-06 2.559353954365518e-07 0.0 1.550012648138642e-07 1.105495939992835e-05 2.3759449274421936e-06 4.623391770968269e-05 8.837397989407616e-07 9.621456434095753e-07 0.0 7.864458498824132e-07 1.7953281601577102e-06 0.0 0.0 1.266802125175054e-06 2.0197507951270412e-07 5.339766316470405e-07 0.0 0.0020528793888240347 0.0019196031330624235 0.0018440316032446163 0.001499039596601758 1.4715234195481668e-05 5.337198301551057e-07 0.002194475588448618 0.0008884471958222344 1.457840471443815e-06 1.2842810028708924e-05 0.0 0.0 8.307018604472455e-07 2.2746210511393567e-05 3.962796094079337e-06 0.00026506985774354025 6.945577238728814e-05 8.409248970595712e-05 6.736778592507631e-05 3.2212695025807907e-06 8.692922932789848e-07 1.2385518314646666e-07 7.678634959456262e-07 3.229034606329828e-06 6.888284456356882e-07 1.5873743952215e-05 2.917950570508498e-07 0.0 7.504895983856663e-07 7.230735740673324e-06 1.2772733247833905e-06 1.0031293824962771e-05 3.326818728287052e-07 1.5593920364668893e-07 0.0 1.9718057485861002e-07 2.206988712127103e-06 1.2565752653034528e-07 0.000893872876759176 7.245821687952075e-08 5.580003103774889e-08 0.0 0.0 0.00021898108899981778 0.000641581127530132 0.0006985037137244577 0.0002119519827527992 0.0 9.701508592832472e-07 7.394423189055844e-05 0.00014222802991044965 7.280511171803278e-06 3.315666460369272e-05 0.0 0.0 2.677714825443497e-06 4.223307114854898e-06 3.142579167339932e-07 2.492518313591118e-05 1.600469776080026e-06 8.631009621251084e-06 7.06319008595752e-06 8.291795817015044e-07 9.39824068086438e-08 0.0 9.458138319291033e-08
2.1999468792652118e-05 3.0818338128271525e-05 0.0031235506644157725 3.1901627688377596e-07 0.0 3.4122168536725507e-07 6.553706488221309e-06 1.3859457172021704e-05 1.1601169892765652e-06 9.033930291307983e-07 3.115436650123528e-05 5.747922322387706e-08 4.4321683383077015e-07 3.972173983116762e-05 0.0 1.266802125175054e-06 0.0 9.746738420083561e-05 0.0012204340501735654 9.485465748290293e-08 0.0007574574878303913 7.052258794015812e-06 0.0020224557025761538 5.2640517148202965e-06 4.846453614755136e-07 0.0031143620198229214 0.003238049374876796 2.4780057577476712e-05 4.662028856424472e-05 0.00039525508933646 3.2622280343611463e-07 0.0 3.23976895561604e-06 0.0006339678976642168 1.1623862604605536e-06 0.00028676167594403345 0.0009112420214318714 0.0009223303683600154 0.0001872352178253947 4.534678858403905e-06 9.462846534637304e-07 1.195546648146712e-06 6.837287633349689e-07 9.82418636119363e-08 0.00013186888605294742 6.369455330893585e-05 0.0 0.0 2.224766384993496e-07 8.393665928323653e-07 0.0 4.312912589581413e-07 2.4417256332643837e-07 4.3974152913836345e-07 0.0 2.243414305268649e-07 3.1187177486030614e-07 0.0 1.893987068454082e-06 3.344805336330783e-05 1.9462695863563043e-06 3.2047090345862756e-05 0.0 9.673414553831024e-07 2.0655156115747606e-05 1.121141434969204e-05 2.6253022216158836e-06 9.053311433827009e-07 0.00015136951720933425 0.0004827419039964831 1.3489187888763508e-06 0.0 4.7352199066255964e-07 2.3516172621959576e-07 0.0 5.4270438568191914e-08 1.1015493490442997e-05 1.3514982233114164e-06 2.155092825819788e-05 4.10319962095219e-05 3.786595525235289e-05 7.023155240046675e-06 1.6842448368082487e-07 0.0 4.25434829579514e-07 1.679615218049805e-07
9.69576817689029e-06 8.673137076497673e-08 1.635269863197265e-05 3.6673867219531284e-07 1.5262457077340988e-07 1.6789282198037726e-06 8.28911367912827e-06 7.539255100351143e-06 3.4324280880531643e-07 1.0153639624257182e-05 0.0021047514922911538 3.198816532893085e-06 1.1368261077728472e-05 3.079876764106796e-05 0.0 2.0197507951270412e-07 9.746738420083561e-05 0.0 0.0006677173123360659 1.6048176788598533e-06 2.9459841379630254e-05 0.0 3.36289849508859e-05 2.768663214463825e-06 7.240922440485903e-07 0.0014499994601705384 0.00014553840888553596 3.7400261937535957e-06 3.5799101400319294e-05 3.35720942996989e-05 6.212731630429968e-05 1.0736846374703617e-06 3.795831354775292e-06 0.0006123270610005514 2.2971755173564266e-06 0.00014226114988992453 0.0005582116353152111 0.00041719397408800487 0.00015068748508554502 2.2708735121405107e-06 2.5183413975827127e-06 9.859471067562213e-06 1.1400297949299714e-06 0.0 2.1427716091693645e-06 5.5489258685675193e-08 5.7067448391025165e-08 0.0 0.0 8.244385335555971e-07 0.0 3.509627849383108e-07 1.9931370520211757e-07 4.252199626608436e-06 0.0 6.774513896719711e-06 0.0 0.0 0.0 3.4155834225574547e-07 1.0849415714986172e-05 3.93680230299131e-06 0.0 8.640757267529891e-08 1.1717052079225229e-07 0.0 8.786815625789518e-07 3.2200001315924668e-06 6.550461757131932e-05 4.0831804036303495e-05 8.552143359595035e-07 0.0 0.0 1.5049240858465647e-05 0.0 0.0 0.0 0.0 4.059863687671853e-06 4.463432099189973e-05 2.149931460537943e-06 2.24514103891551e-07 0.0 0.0 3.877604377230006e-06 1.726565625222947e-07
1.4067521334934355e-05 5.345372373756504e-06 6.758748119185694e-05 4.4342425302340554e-07 7.253328068157144e-08 7.569209875218657e-07 7.127531043963049e-06 1.0757893584410262e-05 7.064884447014389e-07 8.634453166966357e-06 0.0007000310966553352 2.8916517416414813e-06 9.203631604080445e-06 4.16626401922408e-05 0.0 5.339766316470405e-07 0.0012204340501735654 0.0006677173123360659 0.0 1.0695799735336172e-06 8.367382144251249e-05 8.742833796398379e-07 0.00011993839927257536 4.62926756885621e-06 3.6786584562332234e-06 0.0034058855543447086 0.0006440487383359854 6.496046921472046e-06 5.6902095012615544e-05 9.337051151857597e-05 4.2972907913409186e-06 1.0390626420095612e-06 6.771560839733466e-06 0.0016031500637255195 2.9779379949338784e-07 0.00019359486739816488 0.0007373228872931158 0.00044909928896700815 0.00011231751716255805 3.295437655455249e-06 1.6901669453217228e-06 1.993292512191704e-05 9.83889475157995e-07 1.1295904310003792e-07 5.394135820127021e-05 4.38778887425055e-06 5.300980705120128e-08 0.0 0.0 9.98871216535911e-07 0.0 3.750435747829239e-07 0.0 8.007873133166488e-07 5.09280622724924e-08 1.0953979780740876e-06 3.6480263791051676e-07 0.0 5.993300237931818e-08 1.9820805970436844e-05 6.724935534577318e-06 7.881970750742708e-05 0.0 3.557237303834338e-07 1.7092714567274843e-06 1.3190059517404033e-07 1.3085885470296954e-06 1.958384163012182e-06 0.0001935924004398686 0.00022220876416942525 8.72042352694645e-07 1.0463015095688783e-07 2.2774864675159435e-07 2.97648477019369e-06 0.0 0.0 7.3323915206209506e-06 2.364869269540623e-07 1.3582390461310552e-05 5.891722666552128e-05 2.1822725505345388e-05 4.0893485839833186e-06 0.0 0.0 2.605402806338686e-06 0.0
7.34904585333494e-07 1.8861917307363275e-07 5.563654381846013e-07 0.0014047371524554147 8.972532148368244e-06 0.0003795657115479622 2.6767904280537867e-05 0.0002071459866910227 0.00040453602702834505 0.002151761869247351 4.542685454906503e-06 0.0028530288996330825 1.4008556938495068e-06 8.906504175966234e-05 0.00013054201815942328 0.0 9.485465748290293e-08 1.6048176788598533e-06 1.0695799735336172e-06 0.0 3.667442488533242e-07 0.0 2.769140970726093e-07 0.0001899849037989779 0.0 5.714256222959475e-06 3.907771976497516e-06 0.0010343814876805355 4.770339002945124e-05 1.4577499229408783e-06 4.173992443813487e-07 7.856654362980872e-06 1.3838300576799829e-06 6.121435433461054e-05 1.9096757698968334e-05 0.00016852107053581618 5.191215539492872e-06 6.92149123813797e-05 2.674052153163256e-05 0.0003327330829318102 8.496144639812264e-06 6.961679953337776e-07 6.902394980276304e-07 0.0 0.0 0.0 0.0001268087833605659 1.7595497526163297e-07 2.693132137199857e-06 3.14547075656074e-05 2.1415035962506697e-06 0.00010174251103414378 7.29059829804089e-05 2.1880016805120373e-07 0.00014189522734087462 0.0 1.0792053394035006e-06 1.5648549013277128e-05 0.0 0.0 9.809710512032155e-08 0.0 0.0001578618083283372 6.960559839164724e-07 0.0 5.609221723690032e-07 9.075336991028947e-05 0.0 1.5674468331616667e-07 1.7735362906440425e-07 4.387004457293527e-05 1.4833887750868055e-07 0.0 6.473328221322984e-08 0.0 6.890159494816713e-08 5.117292538489808e-07 0.0 2.6263717623588013e-06 0.0 5.630898590423723e-07 6.76622422616887e-07 2.2006135127834133e-05 3.8815418497110324e-07 2.54352837349093e-06 0.0
4.0595047237001305e-05 2.2557875540332988e-05 0.0008443146980581101 2.737261824729899e-06 0.0 2.770188078504907e-06 0.00012666269539097415 5.570793803064801e-05 5.047934972340492e-05 5.089785316411996e-06 1.802275021541059e-05 1.3497805765490502e-07 7.828280245805705e-07 8.240285013381361e-05 0.0 0.0020528793888240347 0.0007574574878303913 2.9459841379630254e-05 8.367382144251249e-05 3.667442488533242e-07 0.0 0.00016107272871770869 0.0065934487282939954 0.00034504313042507293 6.064242045994457e-06 0.00016728954670565773 0.0004368701754528098 0.001786088454416275 8.872094369635655e-05 0.004002408549469943 4.737300099324729e-07 2.1587771951798916e-07 1.279042243862889e-05 0.0019362674387945699 5.288699616043347e-05 0.003922164090600407 0.0008861206460348429 0.002713499274084654 0.0014352374171455141 4.1636559976489175e-05 7.82917793434232e-06 1.87614742971299e-06 1.2234005213324023e-05 1.8982543970981773e-05 3.117078423205111e-06 1.3743983547951203e-05 0.0 0.0 6.057411140746944e-07 3.7898854615446873e-05 6.575685577333823e-06 3.635618994967122e-05 9.81817864015122e-07 2.676133143559101e-07 5.820495848853631e-07 5.881232422385971e-08 1.5516858458685938e-05 0.0 0.0002721447048585089 1.6019559058095967e-06 0.0 6.347640005126143e-08 1.925352006877269e-06 0.00031137058157831664 0.00021005865349086193 0.00012973228266970082 0.0005533150356020427 2.0541502927616518e-07 3.94407795573895e-06 2.175578113237297e-05 0.0004080994723978192 5.0402949314639616e-05 0.00017012163684312442 5.43199652469868e-08 0.0 1.3165307029028044e-05 7.878675046923655e-06 1.9621951455196256e-06 6.933419595925374e-05 2.9138041673619934e-06 1.5471663421930206e-05 6.800772700883477e-06 1.3089490265349335e-06 2.7148794566154625e-07 1.0927280898851295e-07 8.991903540759467e-07
7.871292070580455e-07 0.0012155153956622865 1.4926365831618844e-05 1.0180391511469027e-06 4.152622563981974e-07 4.1330045488532464e-07 4.8078116145306707e-05 2.6103396511278462e-06 0.0010963340624154595 8.497792555790194e-07 8.330790146973414e-07 3.978173602213549e-07 1.549543676917486e-05 2.5967752561855014e-06 1.2138125005725717e-05 0.0019196031330624235 7.052258794015812e-06 0.0 8.742833796398379e-07 0.0 0.00016107272871770869 0.0 0.0002458883498357078 0.004262081173837762 0.0002690311242090552 8.00547480024915e-06 0.0023228976066276413 0.00022129411352813375 3.6756284675352033e-06 7.306227808402374e-06 0.0 0.0 4.0670606581063365e-07 5.771672789994191e-06 1.5750922417971254e-06 1.6355522333954703e-05 6.1516231921667985e-06 1.0632685123229326e-05 3.363611063394451e-06 2.2182907042887697e-05 2.0997542257840457e-07 1.193479260104081e-06 0.0 4.24046079307758e-07 1.8156525032397946e-05 4.980892529144614e-05 6.212732255773657e-08 0.0 2.536437679900667e-07 7.50838703493779e-06 8.906775359911848e-07 1.587141097809051e-05 9.286590212297536e-08 2.000539253396567e-07 5.926505906838179e-07 1.7930709266141547e-07 3.605169563766214e-06 0.0 0.0005624400517948167 2.278186175669434e-06 2.2780735506392726e-07 8.53406230931385e-07 5.327539132831804e-07 7.422245677748711e-05 0.00020667500215194504 0.00035469021373684025 0.00016011746616822234 1.3566673431257237e-06 1.193257289263049e-05 0.00070561775385813 7.041219153384123e-05 2.4260802831186957e-06 1.0291854255108783e-05 1.4553907033312316e-07 6.087027796883573e-08 3.3312528481849525e-07 9.59400408073807e-06 1.1770772982362622e-06 4.224439545050099e-05 8.843784828445752e-06 3.0622353877400276e-05 2.6116433975204766e-05 9.110092009184312e-07 1.2480008107097155e-06 2.021683810978011e-07 3.520680550944904e-07
0.00010567554946746177 7.634621616081946e-05 0.004125533721620672 8.525102162945484e-07 2.056400402079479e-07 4.5092194158285e-06 0.0002007925907401349 0.00013746828420930338 2.3447294867675586e-05 4.624561789913922e-06 1.8295762664164478e-05 4.5743887737484067e-07 1.3463955135531518e-06 0.0002572170774794657 7.096173694487092e-08 0.0018440316032446163 0.0020224557025761538 3.36289849508859e-05 0.00011993839927257536 2.769140970726093e-07 0.0065934487282939954 0.0002458883498357078 0.0 0.0005161397682272642 2.573960579766847e-06 0.0009790427079013452 0.006626434661274793 0.0023168326310932033 9.835584564692758e-05 0.0017842933926633575 0.0 9.426634938979156e-07 8.075595030328576e-06 0.0013866796910992284 6.92730428328296e-05 0.0045285227949512005 0.002404176365199501 0.004748211621048251 0.0022487199523145494 8.924277959158787e-05 1.5100168194328803e-05 4.978516176651904e-06 1.8026549967900403e-05 2.5389198927929907e-06 6.410492997075395e-06 6.725943108543166e-05 5.700066385066606e-08 0.0 8.589813684461638e-07 1.6504664588606457e-05 2.3063031394276427e-06 1.2326439853894122e-05 5.059514075226056e-07 1.6068872055237603e-07 9.474329035909587e-07 9.255148870050107e-08 6.807917320215287e-06 2.400030549488044e-07 0.0011656481608572327 3.3585179548726326e-06 7.806767159562156e-08 2.2535337287482073e-07 2.927409773626568e-07 0.0002886268306573532 0.0004547610833482202 0.0012804648041939658 0.00021621228756905822 7.957354070933417e-08 8.946844802759288e-06 0.00033318048609422984 0.00012993070309445277 7.803208358402795e-06 3.781629311400827e-05 2.833117961559198e-07 0.0 4.6736246811627235e-07 7.175185120702092e-06 1.2666402748582948e-05 9.416317087991228e-05 5.384523517894359e-06 3.375395527613654e-05 3.6401085110214936e-05 2.524490944408237e-06 8.601307465382e-07 5.04483325229965e-07 0.0
