0.0 9.323183239880959e-08 4.316568162059797e-06 5.219886172196967e-07 1.2049699832565305e-06 9.033350092178065e-06 0.0020241959235141487 0.00047982666847909416 5.283481746841211e-07 1.3871427647248912e-05 9.25061743111457e-06 8.678635722845471e-07 8.559067890362724e-07 0.0035233824954085838 0.0 3.6198084468761765e-07 2.6244551514957555e-05 3.35000523535299e-06 6.865320640768575e-06 1.8752480965365304e-06 1.575759214080841e-05 4.8320051782831594e-08 2.0250040629601725e-05 1.4798681944111372e-05 9.311784008390288e-08 1.5837923803427616e-05 1.3215266684037292e-05 4.895616110165568e-05 0.003149198661459874 0.0007977871082114817 0.0 3.410472147293775e-06 8.733205813843395e-05 0.00021585825055821443 4.230862915927245e-06 7.150291765029831e-05 6.9714328905952325e-06 0.0001174302557531267 4.0551458769763286e-05 4.660975360202785e-06 1.6215488295462402e-06 1.0768729891067293e-06 6.736516312174884e-07 0.0 1.050792456121675e-07 4.886885924895784e-07 5.989459257280944e-08 0.0 0.0 1.0067102491584537e-06 0.0 7.532318036994831e-07 0.0 0.0 0.0 4.10294709505618e-08 0.0 0.0 1.756873357777641e-07 6.739162208596444e-08 0.0 0.0 1.5203163006080757e-07 0.0 9.638338758988756e-08 2.736486290781239e-07 2.255745030464983e-06 0.0 7.560696754671457e-07 1.2698177184773899e-06 3.3317300716904497e-06 0.0 7.213743250861569e-07 0.0 0.0 4.579202350101504e-08 2.5024926969809285e-07 4.252581710480817e-07 1.4749762915898638e-07 1.4651071855023786e-07 1.067395269553173e-07 0.0 4.525571700547644e-07 0.0 4.743845594782854e-08 0.0
9.323183239880959e-08 0.0 2.1622246777177622e-05 0.0 1.1283542066907422e-07 1.1983689008964524e-07 5.290032543962763e-06 1.2258425704090896e-06 0.00033991855427510507 2.0754294825320625e-07 4.1216188550072e-05 1.0839920539238144e-07 0.00028135443136387376 1.3458889595973157e-06 2.44566448834842e-06 0.00011492292805079199 2.382328071449601e-05 1.4551994898366852e-06 5.385505310096098e-06 0.0 5.989115618755761e-06 0.0016111253914923912 1.9534435412364732e-05 0.00039603384360827824 0.0009669927997794228 0.00024078867644553172 0.004422058078871199 4.9106680478172285e-05 4.899214457165483e-07 2.152444318329465e-06 9.865265051765906e-06 1.1145424177885625e-07 0.0 3.543131073764178e-05 4.725287643045061e-07 5.312008941984226e-05 4.122272478772933e-05 8.466287396689478e-05 1.6060398571419974e-05 2.3732859249863427e-06 2.0683800031256955e-07 9.094354030512964e-05 3.299266464314905e-07 0.0 0.00018891502356527633 2.5543852888711003e-05 5.10405147677689e-08 0.0 0.0 1.0675866455819172e-06 0.0 9.163407600546757e-07 1.8785884689942152e-07 2.6348210941859125e-06 0.0 1.740423051593742e-05 0.0 1.468306714791985e-07 5.965840486739182e-06 1.3496775127010697e-05 7.146125108346285e-07 5.778739029843671e-06 9.640538648456012e-08 8.41722411350619e-07 1.5514061993869017e-05 1.561501357574873e-05 3.886206398174211e-06 3.6968393878023915e-05 0.00017311380963319666 0.0006626116312838673 2.65939871508235e-06 0.0 1.4902681072704933e-07 4.0608027753900057e-07 4.7443142824899065e-08 0.0 2.7112986724752008e-06 1.349898399906088e-07 1.1780231700454119e-05 1.409079840709024e-05 8.756054677979133e-06 4.30477996642572e-06 6.309843264092868e-07 1.6733499067523193e-07 7.513631106419433e-07 0.0
4.316568162059797e-06 2.1622246777177622e-05 0.0 1.8501749406685966e-07 2.687076378586809e-07 1.0987195136210163e-06 0.0003409950746933459 2.962946331520148e-05 1.2443741055296426e-06 8.379495765109392e-06 1.6087988336241363e-05 3.9840464786415425e-08 5.710361573766968e-06 2.797734281552007e-05 0.0 7.559285832414349e-06 0.00106327252847354 2.7512091637268452e-05 9.472091831490791e-05 4.4416407137182425e-08 0.0005852930901264688 1.9567531916814947e-05 0.00748762971291481 3.039535728791453e-05 1.3016389545397705e-06 0.006886623099238865 0.003937276585097767 0.00045506310865071165 7.71661708950866e-06 8.808619762442283e-05 7.214010539226205e-07 7.32432387095615e-07 8.070155806329159e-07 0.00019383714834244568 4.4017664215939505e-06 0.0004990794125813278 0.0019333296838025629 0.0006339418712631976 0.0002753394923013363 7.811677170015097e-06 8.418710564105435e-07 1.2265830919620156e-05 1.8372329012145818e-06 0.0 9.855251902801619e-05 0.0003826569114255391 0.0 0.0 0.0 1.8087639737148916e-06 0.0 9.549507617061036e-07 0.0 2.668522733321056e-07 0.0 1.1328676190674841e-06 8.337952155228118e-08 6.880990841026303e-08 1.3484278391120557e-05 3.6562612419402334e-05 1.1388688242272551e-06 4.377862777926727e-06 4.619564041553864e-08 5.3586144964530295e-06 1.6595777050943697e-05 0.00011307435046314385 1.1943422820707116e-05 3.892277267696687e-06 0.00038713753662095125 0.0012220835744567878 1.4209532538884527e-05 0.0 1.1922083275613773e-06 4.602768441724029e-08 0.0 0.0 1.1535457801324768e-05 1.3406583150684422e-06 3.060469498351162e-05 6.928864636079447e-05 3.099154195042383e-05 1.3941256334161021e-05 4.1855826950958596e-07 1.4807502657524283e-07 0.0 8.753351577253972e-08
5.219886172196967e-07 0.0 1.8501749406685966e-07 0.0 3.582467619954652e-06 0.00011138805055714167 4.818651991689386e-05 3.0187430747841788e-05 0.0003088471577796881 0.0006508104721712833 9.954588516754732e-07 0.002432120396936485 3.6344751063656226e-07 1.363550195835645e-05 4.7760412846899737e-05 4.2649171689930487e-07 0.0 0.0 3.918885609072453e-08 0.0021698396196124826 5.89800558154248e-08 0.0 0.0 0.0003814466818151969 7.271534741926229e-08 1.1993077118012379e-07 1.1176337110808898e-07 0.0016068920016247999 1.760147271682182e-05 4.6423674210907843e-07 0.0 5.06559435847162e-07 8.018519806962565e-07 1.090871787275005e-05 7.511122730005024e-07 4.8898459813236645e-05 5.089047261654017e-07 1.6575656897763473e-05 8.145083147990836e-06 0.00012051817928850222 1.4645037734062715e-06 2.8523986462471127e-07 1.450372713433204e-06 0.0 1.0442225023769957e-07 0.0 3.489982618090307e-05 0.0 3.996867341149797e-06 2.821985309657342e-05 7.679122977303587e-07 6.486655033357518e-05 6.31317513055053e-05 9.633516945794304e-08 3.4659579880387104e-05 0.0 3.240296184191011e-07 6.421723326238341e-07 0.0 0.0 7.631735240830216e-08 0.0 2.6238459152550872e-05 0.0 1.6105832562013008e-07 0.0 0.00014358900507249989 0.0 0.0 4.862356475477843e-08 0.00014751860107132782 6.05742683411503e-07 1.7788327764564642e-07 0.0 0.0 4.335759638899438e-08 3.600631834542527e-07 0.0 6.701821320666567e-06 9.37250813513986e-08 7.953481671846623e-07 0.0 2.2580103937387726e-05 2.2156458436045666e-07 0.0 0.0
1.2049699832565305e-06 1.1283542066907422e-07 2.687076378586809e-07 3.582467619954652e-06 0.0 0.00021034183026015808 8.127218577727524e-06 0.00018035502627723892 0.00011483038559125991 1.6722151951521664e-05 5.4651538345434457e-05 8.680629863792419e-05 8.246704798976378e-06 2.183750153664827e-05 0.0007064812332670425 0.0 1.246260203911679e-06 6.903102044900911e-06 7.4263838023674175e-06 8.174577511080399e-06 0.0 1.1969987968168315e-07 1.4487364191393185e-07 3.657537998931909e-05 5.205775047600723e-07 8.455278131673582e-06 3.867085795098172e-06 6.140885390195432e-06 2.6600042642652057e-05 1.0410801917458975e-06 5.593447644155049e-07 0.00015694620955803324 8.455159251512911e-08 0.00022266878585149225 9.649894243639955e-07 5.696157457007844e-05 4.757397742896998e-06 7.138333950740378e-05 2.65608158250103e-05 0.0005963736607589849 9.805876713691248e-05 1.1545806311057233e-05 5.992549857949019e-06 0.0 0.0 1.492551721731663e-07 5.728943394126044e-07 0.0 0.0 0.0 0.0 1.4327746599582862e-07 1.1850401546081263e-07 5.996445431548318e-08 0.0 6.075451608726968e-08 0.0 0.0 0.0 0.0 0.0 0.0 1.0143724785278014e-07 0.0 0.0 0.0 1.1636230966067849e-06 0.0 9.782745173807402e-08 5.3679908416547535e-08 1.1985398283604586e-06 0.0 1.1514496368065295e-07 0.0 0.0 0.0 0.0 0.0 1.8400716701639195e-07 7.733243811037438e-08 0.0 0.0 0.0 0.0 0.0 0.0
9.033350092178065e-06 1.1983689008964524e-07 1.0987195136210163e-06 0.00011138805055714167 0.00021034183026015808 0.0 0.0007017733701876573 0.004088353300817062 9.692776174042829e-05 0.007846805235984284 3.561373743300811e-05 0.00193468377246795 1.3481431988949527e-05 0.0002999928380621694 0.0013673058122588922 6.295321409725778e-08 2.3495935209501496e-06 6.740734200085312e-06 7.0151354479551985e-06 0.0005015523940230827 3.125773093016611e-06 5.900926446203814e-08 2.9137249398046263e-06 5.773573392586865e-05 1.2054874453481661e-06 8.607690012449367e-06 4.241343810198956e-06 0.00024219408120759866 0.0001818688225684118 9.036158618927498e-06 3.3735965306031304e-07 0.00014317596033966754 1.5508740321287394e-06 0.00015379279648673126 2.6844570818075514e-06 0.0001937037071492767 7.708774939326195e-06 0.00013284723858963374 5.8577781411261196e-05 0.001533994752874639 0.00013583679874897502 1.6100041501922628e-05 5.699392002580486e-06 6.870023692230341e-08 5.6845334036322015e-08 5.513572923340406e-08 4.4318830734820665e-06 0.0 6.04293824724445e-07 7.104718063870864e-06 4.497958888923385e-07 1.3779681691253074e-05 1.380763237072998e-05 0.0 9.337165475357767e-06 0.0 3.9716448440089583e-07 0.0 0.0 0.0 5.8049362610435657e-08 0.0 3.931303572411523e-06 0.0 0.0 0.0 2.738663768291376e-05 6.268670807504389e-08 3.5492254419102146e-07 3.611914504189974e-07 3.6134058286389485e-05 3.9238919904811014e-07 5.062854042650574e-07 0.0 0.0 0.0 1.3599956054626414e-07 0.0 2.512578138691358e-06 0.0 2.867077615069141e-07 1.874259459750239e-07 1.2573619970680884e-05 0.0 0.0 0.0
0.0020241959235141487 5.290032543962763e-06 0.0003409950746933459 4.818651991689386e-05 8.127218577727524e-06 0.0007017733701876573 0.0 0.004600945874472077 0.0002681607684413444 0.00457001971578641 2.6430633132882482e-05 1.599774576245733e-05 6.527336872247826e-06 0.006327845871924114 1.1982037189838934e-05 9.914403229163323e-06 0.00011218993400020493 9.640245905252889e-06 1.7273575633505298e-05 3.8922133235849055e-05 0.0007740454517220668 1.7388830855430724e-05 0.0005247485169233118 0.00047134531009794496 1.402622178222795e-06 0.00014178903646860997 0.00011057487194489591 0.010104321793486108 0.0014443820185539933 0.0012672598708176556 3.634700298966063e-07 1.1109337331025151e-05 0.00011832320209188927 0.0005433692691318167 5.49607990758953e-05 0.0016305187703976416 0.0001503687802731359 0.000862675250000821 0.0004682785906422017 0.00018647321432041652 4.009079729662933e-05 7.1805027846397666e-06 2.2821964160075323e-05 2.018597609809594e-06 1.7684981515076021e-06 6.8951322544758984e-06 1.615423491047653e-05 0.0 5.20419806419301e-06 0.00013528213521656296 5.965640260910398e-06 0.0001338016330789633 3.258132253145742e-05 3.9983062124104475e-07 7.431907398245556e-06 2.5389301516738333e-07 6.872520717502196e-06 9.88682704049504e-07 3.5676837490624488e-06 6.17896003277517e-07 9.595255377206928e-08 5.785528785921287e-08 1.2820633895596898e-05 2.4797269524209136e-06 7.09502602197004e-06 1.8274954655097288e-06 0.0004147632993426107 6.796313399043248e-08 7.347422925685901e-06 2.1410621397503284e-05 0.0005671454369129976 1.4925186447965393e-05 2.247319850359706e-05 3.749844379819948e-08 1.5075525275641696e-07 1.427118622121272e-06 1.0162699897784897e-05 1.1865479724861422e-06 7.97905957064102e-05 3.443434235985438e-06 1.948059721956834e-05 5.137730822741773e-06 7.797756578096821e-05 1.6189523247702563e-06 2.0899479634960557e-07 8.761490881184672e-07
0.00047982666847909416 1.2258425704090896e-06 2.962946331520148e-05 3.0187430747841788e-05 0.00018035502627723892 0.004088353300817062 0.004600945874472077 0.0 2.6334569617475206e-05 0.003446856869907638 0.00014399292684576795 0.00025003233786562683 4.10002443782586e-05 0.004920065547179402 0.00010441834737898506 4.355795069419724e-07 6.956109931944296e-05 2.8643176902659717e-05 3.789778469102883e-05 0.00020159516357279875 6.025077222643118e-05 3.9481061343711567e-07 9.106279312277135e-05 9.008705172966437e-05 3.88773025407185e-06 7.293942231794957e-05 4.849681311326023e-05 0.00022958366443584293 0.0006134837483679058 0.0004691554557548657 8.325943414394677e-07 0.00016322145508870008 1.651287200212591e-05 0.0005072356343331213 7.23106734094019e-06 0.00047344032503491125 4.518684756367895e-05 0.00044712552527500306 0.00019538558374865216 0.0011438692116297292 0.00020732800361714215 4.8590101626008546e-05 1.1964558572777329e-05 5.3639736209864984e-08 4.0923341535855335e-07 1.6109907991828345e-06 3.734290267693524e-06 0.0 9.988178926894524e-07 1.5078876306617677e-05 1.0579590823337184e-06 1.2211618160651878e-05 7.425347090998249e-06 1.2228197930869238e-07 1.8697021177699591e-06 2.266274702710003e-07 7.409932408081583e-07 0.0 3.8273447272751735e-07 4.3070327788456205e-07 7.127079879297133e-08 0.0 2.235677836124673e-06 0.0 2.514825966369873e-07 3.3383543013377437e-07 5.0749585418374325e-05 0.0 1.8796147981770395e-06 6.263123271230428e-06 6.72460546391063e-05 5.162948475101561e-07 1.5023974364985164e-06 1.0265183446084588e-07 9.987253430165797e-08 1.5395321377245583e-07 5.23813369907519e-07 5.976770022090601e-07 7.220858443442544e-06 3.65386460196713e-08 2.0748275597575364e-06 7.230981843115279e-07 6.529694443188833e-06 1.75498353429729e-07 0.0 0.0
5.283481746841211e-07 0.00033991855427510507 1.2443741055296426e-06 0.0003088471577796881 0.00011483038559125991 9.692776174042829e-05 0.0002681607684413444 2.6334569617475206e-05 0.0 0.0003840583950622726 4.40434004823722e-06 0.00020927108283276872 3.706596810561729e-05 5.3576358686255044e-06 0.0005548957353568617 0.0001135990708406601 1.1523436352810082e-06 1.0315071627886359e-06 7.446595521909396e-07 0.0002179444226285579 6.244699418007757e-05 0.000937979453984264 3.273791400484102e-05 0.0057449508575682685 8.193180560193401e-05 2.2495424779993312e-05 0.00039459874503604666 0.0011952276010984157 1.765118854284636e-05 1.8044769525733078e-05 1.936991217111551e-06 3.3253633762486187e-06 2.3053410253162743e-06 7.4408758308269015e-06 1.506781439390447e-06 0.00010853452127537021 3.2043716995805316e-05 1.646453190371573e-05 2.0131282069344794e-05 0.0004998911427117027 5.885318047408592e-06 8.358139370944194e-06 3.5158987098759925e-06 2.372649539669314e-06 1.4865485858369272e-06 2.3050126029923014e-07 3.5165078029264656e-05 1.4352373159945312e-07 4.4637971606703624e-06 8.269513892483956e-05 3.440102027880996e-06 0.0001286125446810385 0.00011285648232470424 2.1364801834113574e-07 4.5864988053205097e-05 5.617472482711668e-07 5.910368762968469e-06 2.421674715240391e-06 8.74650537158198e-05 6.556095625315828e-07 5.164418884092455e-08 1.7262122099196563e-07 3.479826540189981e-05 2.3175774432256503e-05 1.988718039614603e-05 1.872748514655776e-05 0.000917609533442917 1.8003656031924286e-07 1.262253077353202e-06 1.1630682719226002e-05 0.0005486735099543849 1.1599788770666973e-05 5.346995651755319e-05 0.0 0.0 8.311786210547599e-07 5.3967289631329576e-06 6.032896918162621e-07 3.796669070554012e-05 7.647232762325305e-07 9.211575300114983e-06 3.2326290849195316e-06 2.164121915507476e-05 6.606423820898316e-07 3.797450490313032e-07 5.0869508351775344e-08
1.3871427647248912e-05 2.0754294825320625e-07 8.379495765109392e-06 0.0006508104721712833 1.6722151951521664e-05 0.007846805235984284 0.00457001971578641 0.003446856869907638 0.0003840583950622726 0.0 2.7931828591764196e-05 0.0017017974239874685 7.713638378161645e-06 0.0006916302445367134 0.00011729870197899124 7.418851398775177e-07 3.876025704479703e-06 5.534392354273077e-06 5.57989117162523e-06 0.0017056041633011162 1.78800215727728e-05 1.1945585703224635e-07 1.7208122492650648e-05 0.00042016338527606234 8.268284813879725e-07 1.13460790353609e-05 7.250445804795817e-06 0.0018729004619041057 0.0005151453400958286 2.397602112166884e-05 3.56882771311778e-07 1.4982534171441207e-05 1.1417075716442323e-05 0.0002738267707476807 1.896981001245742e-05 0.0007108744805933479 2.1674693663697042e-05 0.0004719264134738368 0.00015888824661101483 0.0004886746334839296 4.4888449819221565e-05 8.886925966014377e-06 1.3940708942088704e-05 4.4782475204241315e-08 1.0851047386372265e-07 4.047665918318341e-07 4.0746354413508916e-05 4.6244745680723484e-07 4.274488163142271e-06 5.843031808674076e-05 2.034011840546695e-06 0.00011257483968129593 0.00011798401161760429 1.1782151859441268e-07 4.690861641675578e-05 0.0 1.554269706864875e-06 1.6054846086291888e-07 7.770514173310201e-08 0.0 0.0 0.0 3.619992537430846e-05 1.3184430668293386e-07 7.574518233135729e-07 0.0 0.00027443896223660095 1.3773689544039496e-07 5.177458127797873e-07 7.783599388604647e-07 0.0002876819574902309 8.924339762515898e-07 1.538410456073309e-06 0.0 4.5905215529867593e-08 5.634322810623679e-08 1.8133300327123259e-06 7.555742625123563e-07 2.2177205206028837e-05 3.949234107060312e-07 3.441472709745616e-06 2.87241921943886e-07 3.923360351483509e-05 3.529497278170004e-07 0.0 0.0
9.25061743111457e-06 4.1216188550072e-05 1.6087988336241363e-05 9.954588516754732e-07 5.4651538345434457e-05 3.561373743300811e-05 2.6430633132882482e-05 0.00014399292684576795 4.40434004823722e-06 2.7931828591764196e-05 0.0 5.469276817499668e-06 0.00119228326081726 0.0002885064237927528 1.2717243407874247e-07 6.095439883378413e-07 0.0004931298893745689 0.0031379347294337675 0.0006796279784301542 4.255777507494655e-06 1.0034049346130308e-05 1.5145208113111976e-05 5.236865807673957e-05 7.2508526587418275e-06 0.0007623286293341635 0.002474251881675931 0.0005307628592990274 7.910355677523957e-06 0.0002852625363589867 3.2730970679970444e-05 0.00019220002676451523 0.00017133670778575718 1.4776393816010443e-06 0.0031614264125368495 8.060811684304475e-06 0.00023115084042050026 0.0019877453145821745 0.003079657743072287 0.00042661486226166053 1.3951480139229381e-05 4.8669444461638925e-05 0.00064265600831061 1.1327013562304429e-05 0.0 2.851094553206416e-06 7.630425032599223e-07 0.0 0.0 1.3429570129479325e-07 1.5421438156370313e-06 1.8646464452000832e-07 2.523598788224967e-07 0.0 2.5126251761322184e-05 0.0 0.00024172090745221047 2.592286407184192e-07 0.0 6.710226305212335e-08 8.157233783489278e-07 1.3384698495948941e-05 7.341894262525663e-06 1.1473081744199077e-07 0.0 3.256307754898643e-07 1.7260479180113185e-07 1.2902027699302672e-06 5.3876402863159245e-05 8.165180723055896e-05 0.00018361912761249286 2.142031746236674e-06 3.5030491519090433e-07 1.2519785922863828e-07 2.581837615149433e-05 0.0 0.0 1.4996115223160196e-06 8.679486681720633e-07 1.6438660155672646e-06 0.00010698700966124725 6.368852062020438e-06 1.3289691754687448e-06 0.0 0.0 1.4991246584259756e-05 0.0
8.678635722845471e-07 1.0839920539238144e-07 3.9840464786415425e-08 0.002432120396936485 8.680629863792419e-05 0.00193468377246795 1.599774576245733e-05 0.00025003233786562683 0.00020927108283276872 0.0017017974239874685 5.469276817499668e-06 0.0 1.4437831329422005e-06 6.724589072760297e-05 0.0006432690489891633 5.9248707896205426e-08 2.2457500928532063e-07 1.3527295607548214e-06 6.205058473506458e-07 0.0023492634797013198 4.31099132383233e-08 0.0 1.4113280703249288e-07 0.0004697514333047797 1.5507981915673827e-07 1.289201547479438e-06 1.2339503976179005e-06 0.0008358934323145628 6.159471603873732e-05 8.285028592496011e-07 7.508230646931827e-08 7.020639670092246e-06 4.92985112990737e-07 3.0202644128311656e-05 1.4032411689815075e-06 0.00014557826821134934 2.3676192645182956e-06 5.203630261237588e-05 1.6641097357852325e-05 0.0011495037841080693 7.574698634838221e-06 1.997361168834349e-06 1.1221899262009854e-06 0.0 0.0 0.0 6.199075367730925e-05 0.0 2.8017294247324783e-06 7.88844880139275e-06 1.662329178266724e-07 3.66595874947182e-05 4.237342661284352e-05 0.0 4.9007392253174515e-05 0.0 2.3407727931823345e-07 2.0669641427806464e-07 0.0 0.0 0.0 0.0 1.6051616738272132e-05 0.0 8.529045033435643e-08 0.0 4.8343964645937695e-05 0.0 0.0 1.1805783983635076e-07 5.5007311783903556e-05 2.9096860288721913e-07 4.6798887430216975e-08 0.0 0.0 0.0 1.6113579905213504e-07 0.0 6.501110256553708e-06 0.0 2.3856140409637456e-07 2.0502375900525245e-07 3.3857391603700494e-05 0.0 0.0 0.0
8.559067890362724e-07 0.00028135443136387376 5.710361573766968e-06 3.6344751063656226e-07 8.246704798976378e-06 1.3481431988949527e-05 6.527336872247826e-06 4.10002443782586e-05 3.706596810561729e-05 7.713638378161645e-06 0.00119228326081726 1.4437831329422005e-06 0.0 4.090664685460904e-05 1.0564749177533837e-07 4.844082650410362e-06 3.5881340794540034e-06 0.00010445891261583842 5.509326009808421e-06 1.426309949212818e-06 5.164002415947619e-06 0.00011030787142844127 1.1000743254184222e-05 2.7549743617561072e-05 0.0023548915484307453 0.0006418938563534694 0.0017960047207332722 6.563721942297087e-06 4.4359126305777936e-05 2.4012514689692428e-06 0.0006867278466205763 2.2446710836745312e-05 4.3345978245174996e-07 0.0005264125730291656 2.738226801339627e-05 0.0005625573619636727 0.0031226292660228765 0.002339817477605027 0.00037368465947002985 2.48279140562625e-05 8.34769481396581e-05 0.0008377516259743564 1.1821369486353945e-05 5.0542962931866294e-08 1.079227717776191e-05 3.681278598132196e-07 0.0 7.6593542250644e-07 4.6634050035421146e-08 3.7169507927435393e-07 1.169688913202067e-06 1.624981263609966e-07 2.103954943243462e-07 6.473624966385143e-05 0.0 0.0007510993343990486 7.926412014008447e-07 0.0 2.1485845279240928e-07 4.4574140647475115e-07 2.846425833298631e-05 1.2748269242139511e-05 0.0 6.280730364707907e-08 1.2079405374277544e-07 4.263247980430229e-07 1.0261933925832044e-06 0.00015640250218932475 0.00021886742998317854 0.0005092763041911773 7.913098591583131e-07 1.279255355542431e-06 0.0 8.286805044870047e-05 1.4875850316403194e-06 0.0 5.226954628790126e-06 5.33289068290198e-06 5.072571077520755e-05 0.00018749881508143862 4.1519942917720344e-05 1.127326050487155e-05 2.8586863035720977e-06 8.736787421586492e-06 3.8569563975864995e-05 4.0435627835328786e-07
0.0035233824954085838 1.3458889595973157e-06 2.797734281552007e-05 1.363550195835645e-05 2.183750153664827e-05 0.0002999928380621694 0.006327845871924114 0.004920065547179402 5.3576358686255044e-06 0.0006916302445367134 0.0002885064237927528 6.724589072760297e-05 4.090664685460904e-05 0.0 6.450675472199494e-06 2.4783531986062384e-07 9.149695649303631e-05 6.103736246856529e-05 8.596049520552201e-05 7.347449583106706e-05 5.0122676184440064e-05 8.559767871505608e-07 9.370828070581901e-05 7.818374737445748e-05 4.581395991595571e-06 0.00012607958220505093 7.445062413915452e-05 0.00020761032019471498 0.002862276583988245 0.0008506905425650494 1.9657663491282138e-06 0.0001956302514142937 4.936240491747045e-05 0.001933121926603737 9.181109623022908e-06 0.0003605257138106467 4.31182637101105e-05 0.0009840906143180506 0.00018954995200999095 0.00031159521274369117 0.00010614857314907174 3.928797883953416e-05 8.343770188188386e-06 0.0 3.6566619426554406e-07 1.61297979353682e-06 1.3161444335469282e-06 0.0 8.277638578813055e-08 6.126695166473981e-06 2.7745692125534745e-07 7.303607777408808e-06 9.895692056739062e-07 5.81277583452026e-08 3.945572062673577e-07 7.569417360553061e-07 2.9730302490983484e-07 0.0 1.5853419110678326e-07 1.7255829266927673e-07 0.0 1.1920073803985233e-07 6.230407839313603e-07 1.8046733671743397e-07 5.794997641319892e-08 2.0305296308436362e-07 2.3429489324562852e-05 0.0 2.3819225690180685e-06 6.527985943713739e-06 2.9218831893413212e-05 8.351486140796432e-07 1.160452420679848e-06 3.472767045365139e-08 0.0 7.652963277007527e-08 1.1883708123826335e-06 3.3598111547294645e-07 4.941013896607037e-06 4.849185238404392e-07 1.99447491744204e-06 3.945385987194169e-07 2.4689031624904478e-06 0.0 0.0 2.0443737182861185e-07
0.0 2.44566448834842e-06 0.0 4.7760412846899737e-05 0.0007064812332670425 0.0013673058122588922 1.1982037189838934e-05 0.00010441834737898506 0.0005548957353568617 0.00011729870197899124 1.2717243407874247e-07 0.0006432690489891633 1.0564749177533837e-07 6.450675472199494e-06 0.0 7.639417269204767e-08 0.0 0.0 0.0 0.00012055748711088305 2.0927204701955996e-07 3.3189443284616846e-06 3.1319202624574613e-07 0.0005698500800011204 6.022337807592479e-07 3.949635972676206e-08 1.4875555789602901e-06 4.1274309985080754e-05 1.4897767546010929e-05 0.0 0.0 0.00030839563387223616 4.3627113352909776e-08 7.527752566548574e-07 3.556137489592105e-05 0.0001952609071125007 3.7296867890427856e-07 2.4520975931778395e-06 5.920268638798684e-06 0.0006326433556349248 2.9251124067314285e-05 0.0 0.0 0.0 0.0 0.0 1.530106390111075e-06 0.0 4.853092249275688e-07 1.3412779338543272e-06 5.924980891755704e-07 4.295438173484662e-06 7.2382908269380705e-06 0.0 2.715549896067949e-06 0.0 1.4525387109654994e-07 0.0 0.0 0.0 0.0 0.0 1.1370895909488986e-06 0.0 0.0 0.0 4.088981267237845e-06 0.0 0.0 0.0 8.571577032481066e-06 0.0 5.202310096084363e-08 0.0 0.0 0.0 0.0 0.0 3.851491453345438e-06 0.0 3.4011370652716466e-07 4.2092268774113816e-08 1.1970828613042944e-05 0.0 0.0 0.0
3.6198084468761765e-07 0.00011492292805079199 7.559285832414349e-06 4.2649171689930487e-07 0.0 6.295321409725778e-08 9.914403229163323e-06 4.355795069419724e-07 0.0001135990708406601 7.418851398775177e-07 6.095439883378413e-07 5.9248707896205426e-08 4.844082650410362e-06 2.4783531986062384e-07 7.639417269204767e-08 0.0 1.2752997784327025e-06 1.8536393179886817e-07 2.049306746121014e-07 0.0 0.0011914726656647692 0.0018785072798304723 0.0017127547378025436 0.0011935377740949164 1.2039921237753922e-05 4.160612072738478e-06 0.002428812469833912 0.0011282232308056789 1.4616858370154286e-06 5.260211879486705e-06 3.439329227884638e-07 0.0 5.09396546804764e-07 6.822124027481903e-06 3.5994015687875077e-06 0.0004151220351457767 0.00021863552264899197 7.180753988331329e-05 7.839324813102969e-05 6.333235865900525e-06 1.61153207965358e-07 8.081081290008129e-07 3.564712541742965e-06 8.552160739857287e-07 3.0061293589641533e-06 2.328379287374599e-05 0.0 2.604896546838061e-07 2.8781854419517514e-07 1.0211962873153313e-05 7.286580335067955e-07 4.439644536527766e-05 4.957348276870084e-08 0.0 3.0643054215707414e-07 0.0 2.340198148319457e-06 9.804381176435998e-07 0.0006378647876978015 7.752439335960798e-07 0.0 4.5505178370227496e-07 0.0 6.514824733183815e-05 0.0003602602584886587 0.000580289675945242 0.00018735584124325398 5.320804109763862e-08 2.8262257394367946e-06 0.0003362270322308033 0.0001411367609229011 2.6682671477941907e-06 4.213431041672037e-05 0.0 0.0 2.770941153408591e-07 3.5300358024986436e-07 3.797425835760601e-07 1.607323494799375e-05 4.3005517322162126e-06 4.097885149392032e-06 5.383977682446694e-06 2.75985356694457e-06 0.0 0.0 0.0
2.6244551514957555e-05 2.382328071449601e-05 0.00106327252847354 0.0 1.246260203911679e-06 2.3495935209501496e-06 0.00011218993400020493 6.956109931944296e-05 1.1523436352810082e-06 3.876025704479703e-06 0.0004931298893745689 2.2457500928532063e-07 3.5881340794540034e-06 9.149695649303631e-05 0.0 1.2752997784327025e-06 0.0 0.0002540862140252578 0.001943699866228798 2.3018990237071648e-07 0.0003104673726005679 1.8618517852906185e-06 0.0033013352689002864 2.239272337086183e-06 6.753478421746158e-06 0.0035052347782511804 0.0024963639635038185 1.4125652167456502e-05 5.31509941884123e-05 0.00039356096887372316 4.463720103530655e-07 4.785403398078227e-06 3.2483914472676447e-06 0.001608036707028527 1.2686628411041626e-06 0.00028472824353388684 0.00032027595706597407 0.0005268430533035727 0.00016107788410528315 4.296696560502104e-06 9.169384588978755e-07 6.773740476768838e-06 6.195771781875157e-07 0.0 3.5155908089679093e-05 2.8315559862042522e-05 0.0 0.0 0.0 5.012700402734788e-07 0.0 4.575353440715487e-08 0.0 1.1815136564288593e-07 0.0 1.5839087387051815e-06 0.0 0.0 1.4502013983867145e-06 2.2314570341681628e-05 1.715787927811642e-06 1.3763296530507221e-05 0.0 4.72073444604412e-07 2.136070899897374e-06 4.348051824545118e-06 1.3509195362013772e-06 4.408921481339839e-06 0.00014029548918384949 0.00021357343313432273 1.8635028974370487e-06 0.0 1.453667365512728e-07 6.673448316242847e-08 0.0 0.0 4.581487134487578e-06 1.1500714939790997e-07 7.940833193825417e-06 1.9514703509171294e-05 7.964695100601114e-06 3.2053450042497416e-06 0.0 1.2462410436998264e-07 1.248272873095706e-07 0.0
3.35000523535299e-06 1.4551994898366852e-06 2.7512091637268452e-05 0.0 6.903102044900911e-06 6.740734200085312e-06 9.640245905252889e-06 2.8643176902659717e-05 1.0315071627886359e-06 5.534392354273077e-06 0.0031379347294337675 1.3527295607548214e-06 0.00010445891261583842 6.103736246856529e-05 0.0 1.8536393179886817e-07 0.0002540862140252578 0.0 0.0009722106855810021 1.0871744685757874e-06 4.710900624317552e-06 7.6352033145388e-07 3.4454198110006236e-05 9.692370951173106e-07 7.542494850558033e-05 0.0032977227763419433 0.0007763239995542834 2.303523769478529e-06 4.729048875890191e-05 1.621972007533389e-05 5.764949873605301e-05 2.5216501982682808e-05 7.053079114570919e-07 0.0007076562194853717 2.6800414442897574e-06 0.0003016116751170381 0.0005538935518737318 0.0009461509340150875 0.00034556074438929664 6.989547598698275e-06 4.26706175618185e-06 1.3491466797314944e-05 1.2499454350616238e-06 0.0 7.305669059484717e-07 1.5376750434317138e-07 0.0 0.0 0.0 0.0 0.0 6.052078231728245e-08 0.0 1.1436368280535656e-06 0.0 1.259065013327657e-05 0.0 0.0 6.195341637092863e-08 5.061654403089215e-07 1.749830521104396e-06 3.281795616846604e-06 0.0 0.0 5.272287395757858e-08 1.84998333855007e-07 2.73855630422921e-07 2.5048990710163334e-06 1.6031700091016896e-05 2.4733906886637552e-05 1.3545364702934896e-07 0.0 0.0 1.7945457435702746e-06 0.0 0.0 9.660132378494028e-08 8.223379184341312e-08 7.259549435478142e-07 1.0761973617809793e-05 5.243573670443764e-07 1.4282257335421194e-07 2.23222619160692e-07 0.0 8.435514776879348e-07 0.0
6.865320640768575e-06 5.385505310096098e-06 9.472091831490791e-05 3.918885609072453e-08 7.4263838023674175e-06 7.0151354479551985e-06 1.7273575633505298e-05 3.789778469102883e-05 7.446595521909396e-07 5.57989117162523e-06 0.0006796279784301542 6.205058473506458e-07 5.509326009808421e-06 8.596049520552201e-05 0.0 2.049306746121014e-07 0.001943699866228798 0.0009722106855810021 0.0 1.0013898433973537e-06 1.4670590584262494e-05 1.6275727118700298e-06 0.00012620824967396317 9.464658023858172e-07 1.7179484622252816e-05 0.0032943350812114 0.001024755261515379 3.0920923438595897e-06 6.769131296707989e-05 4.204586138087933e-05 3.2078294151472436e-06 3.183390482388501e-05 3.8483268638989847e-07 0.0018995913666352547 1.6277206714831542e-06 0.0003238451087729271 0.000382010501807937 0.0009367045882013176 0.00028026747698472906 5.095088416519413e-06 1.5270712855126935e-06 1.7827279517071005e-06 1.0116402804065542e-06 0.0 3.996639345753803e-06 7.147894063511369e-07 0.0 0.0 0.0 5.168795587514277e-07 4.70515194350077e-08 8.1652690861202e-08 1.6991709389096785e-07 1.3810451742611506e-07 0.0 2.4461764812205645e-06 5.6259097586202845e-08 0.0 1.3013152226815938e-07 3.82227623936225e-06 2.115919029550572e-06 8.477158939294035e-06 0.0 2.2014630521361145e-07 1.1835115364701552e-07 7.026768257106245e-07 1.6743768208975958e-07 3.6417081347878006e-06 4.605192858082919e-05 5.441156469125206e-05 2.482643485489119e-07 0.0 4.2395017347273515e-08 6.335680158422242e-07 0.0 0.0 6.158451966948462e-07 1.5068470556694344e-07 1.320992132227072e-06 1.1845140878264811e-05 2.0456077629703524e-06 5.042896846372354e-07 1.7557983905818482e-07 0.0 1.3824499454406963e-07 4.820788254108859e-08
1.8752480965365304e-06 0.0 4.4416407137182425e-08 0.0021698396196124826 8.174577511080399e-06 0.0005015523940230827 3.8922133235849055e-05 0.00020159516357279875 0.0002179444226285579 0.0017056041633011162 4.255777507494655e-06 0.0023492634797013198 1.426309949212818e-06 7.347449583106706e-05 0.00012055748711088305 0.0 2.3018990237071648e-07 1.0871744685757874e-06 1.0013898433973537e-06 0.0 3.872861588745174e-07 0.0 4.3238766470495743e-07 0.0003557136934690148 2.0366663176137952e-07 8.578794331514119e-07 9.707450852542088e-07 0.0030203624404297807 8.2333260803865e-05 1.5270468642274983e-06 3.8714020894834495e-08 3.2465785266117532e-06 1.2097217480945227e-06 3.9714479090425554e-05 2.0999381424562273e-06 0.0001327285243519459 3.003852520018994e-06 7.327077136338618e-05 2.460517016247744e-05 0.00035678431241281086 9.323930491731936e-06 1.8796624851774324e-06 1.9842735096170188e-06 0.0 6.302297176685722e-08 0.0 3.1285132563167694e-05 0.0 1.5064535517867522e-06 1.466615566092741e-05 4.914106739902574e-07 4.572657668887993e-05 4.5879103796492606e-05 9.507489477025638e-08 2.4684169725632775e-05 0.0 1.509470630210918e-07 1.4828914436508645e-07 0.0 0.0 0.0 0.0 1.3310104633127163e-05 0.0 6.358671048929253e-08 0.0 7.694279653738357e-05 0.0 5.6917725831319456e-08 0.0 8.929300989488584e-05 1.0168446088025349e-07 5.0731496689063876e-08 0.0 0.0 0.0 7.509615536565453e-07 0.0 9.780882854328485e-06 0.0 7.110161042592407e-07 4.329261172590628e-08 2.6068046146872106e-05 5.975508082233727e-08 0.0 0.0
1.575759214080841e-05 5.989115618755761e-06 0.0005852930901264688 5.89800558154248e-08 0.0 3.125773093016611e-06 0.0007740454517220668 6.025077222643118e-05 6.244699418007757e-05 1.78800215727728e-05 1.0034049346130308e-05 4.31099132383233e-08 5.164002415947619e-06 5.0122676184440064e-05 2.0927204701955996e-07 0.0011914726656647692 0.0003104673726005679 4.710900624317552e-06 1.4670590584262494e-05 3.872861588745174e-07 0.0 0.00012775552846226395 0.009062119328480186 0.00031998389997356884 1.3053259585207056e-06 0.00012009851595673472 0.0005285674738560422 0.0043473922174747945 3.0627063054088525e-05 0.004570840231292006 5.325720306470535e-08 2.8602389374691466e-07 2.491157136320501e-05 0.0012562156249197212 4.359120058441535e-05 0.0032170906706337384 0.0006772290143079216 0.00237088360840841 0.00142440963543932 4.0706579658308386e-05 3.932269998568267e-06 1.3465240590735676e-05 2.3286628254937322e-05 1.6335594903484657e-06 1.7300030357640295e-06 1.7662954718053398e-05 0.0 0.0 1.1302827525321889e-07 1.2298278750953123e-05 1.6773549508708842e-06 1.9838389700800095e-05 2.0996257545631505e-07 0.0 0.0 6.895579732808151e-08 4.167708438859184e-06 4.2846847728396944e-07 8.786610074674205e-05 1.2410235016121353e-06 0.0 9.828862106268952e-08 0.0 2.382532068312404e-05 8.221198838361923e-05 5.8155036845402354e-05 0.00011558233075389666 0.0 5.4412328167736495e-06 7.43822194912956e-05 0.00013462787457744604 7.283792777248632e-06 4.891774468668867e-05 0.0 0.0 0.0 2.705461185027495e-06 1.374123288443884e-06 1.3726734546997817e-05 2.032225541065466e-06 5.270335874888078e-06 2.7346234006947735e-06 2.538111642065494e-06 2.2121449689339398e-07 0.0 0.0
4.8320051782831594e-08 0.0016111253914923912 1.9567531916814947e-05 0.0 1.1969987968168315e-07 5.900926446203814e-08 1.7388830855430724e-05 3.9481061343711567e-07 0.000937979453984264 1.1945585703224635e-07 1.5145208113111976e-05 0.0 0.00011030787142844127 8.559767871505608e-07 3.3189443284616846e-06 0.0018785072798304723 1.8618517852906185e-06 7.6352033145388e-07 1.6275727118700298e-06 0.0 0.00012775552846226395 0.0 0.0003425016806870654 0.002430109862129719 0.0003544841572052382 4.805336322721155e-05 0.0034216476204760506 0.00043098538265189633 1.2702731745490985e-06 7.185163804934415e-06 6.3356079424748545e-06 0.0 7.188702874423316e-07 1.1266730156314737e-05 3.643200557028273e-07 4.885745987391809e-05 2.5887854819125188e-05 3.8637016329972906e-05 1.444151590024624e-05 2.916279359582597e-06 1.8754117281191545e-07 1.705696332511539e-05 1.8889446729567254e-07 0.0 9.161909339447943e-06 6.972372178800667e-05 0.0 0.0 2.632246304795192e-07 4.1804928147830765e-06 7.800522029359675e-07 2.3633348469979335e-05 1.1724683066681492e-07 1.5426701562385235e-07 6.865413613911201e-08 1.6346059164008112e-06 2.2709752169419892e-07 3.656563970416524e-07 0.0003056883622894276 2.310160584790361e-06 1.9872823519134073e-07 3.7516971676407525e-07 0.0 2.1063823784392526e-05 5.6177185609837566e-05 0.00025101820664907067 6.886680715890756e-05 7.718165022173734e-07 6.897581879845493e-06 0.000754801759727166 4.3306691409667904e-05 5.922507828412029e-07 5.559845172304813e-06 6.215733499949018e-08 0.0 0.0 1.0767850832462066e-06 0.0 9.77435914850479e-06 3.823452222037202e-06 4.086796113082424e-06 4.5539927221346134e-06 4.4653769827608927e-07 9.345424014733079e-08 0.0 0.0
2.0250040629601725e-05 1.9534435412364732e-05 0.00748762971291481 0.0 1.4487364191393185e-07 2.9137249398046263e-06 0.0005247485169233118 9.106279312277135e-05 3.273791400484102e-05 1.7208122492650648e-05 5.236865807673957e-05 1.4113280703249288e-07 1.1000743254184222e-05 9.370828070581901e-05 3.1319202624574613e-07 0.0017127547378025436 0.0033013352689002864 3.4454198110006236e-05 0.00012620824967396317 4.3238766470495743e-07 0.009062119328480186 0.0003425016806870654 0.0 0.00014324687657943992 2.0042690299076706e-06 0.0009532047714383764 0.007028158215784036 0.0016323420870708294 3.355347031001842e-05 0.002132978718280349 1.1960177465987847e-07 1.7662835949143256e-06 1.0677325933548535e-05 0.0016685652562619254 8.236951983065507e-05 0.006005261294728906 0.0034646916188712687 0.0034422662448521844 0.0026182382610154395 9.717506695870185e-05 8.440315535014255e-06 3.316813637540411e-05 4.8667735639178405e-05 7.381964168964928e-07 1.3461288046100009e-05 0.00034410833243574693 0.0 5.6535730995164846e-08 0.0 1.2033707658925487e-05 2.0820401503811567e-06 4.641123100446516e-05 0.0 0.0 2.3591815615511984e-07 4.0282729775392015e-07 2.0859113278163487e-06 1.496246854178574e-06 0.0007095504739845233 8.030318187403018e-06 4.466168584096434e-07 1.7381606960318e-06 6.071262846922438e-08 6.44366091182167e-05 0.000304276530519778 0.0009754840646468369 0.00015683080978757944 5.226392461929988e-07 3.5753307758677485e-05 0.001196878703329194 0.0001105839579800512 2.6676133930399332e-06 3.6091391667028085e-05 6.710304539454405e-08 0.0 0.0 3.3424036805859636e-06 6.180470915425789e-06 5.29925112227904e-05 2.01833403936582e-05 2.193267868500839e-05 2.5544686711416174e-05 2.6726147538199276e-06 0.0 2.436027971227105e-07 2.411275446557478e-07
1.4798681944111372e-05 0.00039603384360827824 3.039535728791453e-05 0.0003814466818151969 3.657537998931909e-05 5.773573392586865e-05 0.00047134531009794496 9.008705172966437e-05 0.0057449508575682685 0.00042016338527606234 7.2508526587418275e-06 0.0004697514333047797 2.7549743617561072e-05 7.818374737445748e-05 0.0005698500800011204 0.0011935377740949164 2.239272337086183e-06 9.692370951173106e-07 9.464658023858172e-07 0.0003557136934690148 0.00031998389997356884 0.002430109862129719 0.00014324687657943992 0.0 7.405587132216093e-05 1.9697265617962204e-05 0.00105005361306647 0.006144486887734926 0.00025170698919181844 4.761442424860839e-05 1.5674587942649346e-06 3.8440874795156205e-06 4.461157980550823e-05 0.00013894450040675513 2.3479164052489217e-05 0.0011175667267146873 9.375904583246598e-05 0.0002696841743987854 0.00017303968747978983 0.0007705803600156892 1.695731211476679e-05 6.573490093913765e-06 1.0221968849688416e-05 5.587727526014076e-06 3.254130879935719e-06 9.038040773298888e-06 8.516090492293298e-05 5.772000793526564e-07 2.277519006715788e-05 0.00035579069074517247 2.171901279121956e-05 0.0007252659553602602 0.0002315764583685775 1.9203902231644905e-06 7.048718701456208e-05 7.536864164204171e-07 2.0567554344088985e-05 3.008451990062008e-06 6.35830294569528e-05 3.696859342199463e-07 4.076338732148053e-07 1.5444078535940507e-07 7.751018796275001e-05 1.8604745450279538e-05 9.29163471797911e-05 4.9229643554743966e-05 0.0016853486584224098 2.0400818164762228e-07 3.434939393311819e-06 6.900318803243187e-05 0.001857902563672327 3.1019821691018065e-05 7.952271228064658e-05 1.5812543154689825e-07 9.63608661766075e-07 4.687440475495945e-06 2.4933660370804982e-05 3.257533746480162e-06 0.00019223387332002325 3.9931613456271635e-06 5.588225723820782e-05 1.4924090167321726e-05 0.00020774141502812512 3.080703720645045e-06 4.0687745934456035e-07 1.0998448844833136e-06
