0.0 0.0 4.950791221735305e-05 3.5526207012347278e-06 6.494201856623123e-08 1.2284571888813516e-05 0.0006106895210949225 0.0006533495784142184 2.068358312751661e-06 4.52613543946043e-05 1.0114876837844265e-06 3.112198141215693e-06 3.087738060978487e-07 0.0035648572261020354 0.0 5.941573271386912e-08 0.0001013397604020383 8.404793731896446e-07 9.687910644995111e-06 2.9481000163619404e-06 1.5274021164845944e-05 5.629202459249759e-07 6.153701697863866e-05 2.5162381530843893e-05 0.0 1.4201279924298859e-05 1.632195749033637e-05 3.529690547639565e-05 0.001356095164472631 0.0016546950622068361 0.0 5.8947090507918344e-06 1.8220521797365747e-06 2.3927161245153338e-05 7.951640947448876e-07 3.288055776454855e-05 3.860576488512262e-06 1.4003722416223694e-05 3.592933182033694e-06 1.0946246149234762e-06 8.699544284143323e-07 3.469298171695617e-07 1.5636016270635794e-07 1.670051273593068e-07 0.0 1.2478498035033115e-06 0.0 0.0 3.1685826468260675e-07 1.5070725135565446e-06 6.032435488453471e-08 7.676969535351791e-07 8.638067485282087e-07 0.0 3.951438646656203e-07 0.0 1.3035632550948759e-07 0.0 3.222798725345283e-07 1.0632214583381522e-07 0.0 0.0 0.0 2.858993532348474e-07 7.497760507912681e-07 8.367980135259982e-07 3.565161363734892e-06 0.0 1.297044724088007e-07 2.475448365665169e-06 2.530724689971795e-06 5.741061477366857e-07 6.24573812649463e-08 0.0 0.0 0.0 1.1283939232754371e-07 0.0 1.482099413698446e-06 6.395779474454196e-08 7.84272464287388e-07 2.6538895449317296e-07 1.644450848157352e-07 0.0 0.0 0.0
0.0 0.0 3.4320456804884016e-05 3.567823157788724e-07 1.0305593138926816e-07 3.175353916595632e-07 6.196234561364355e-07 7.690235924206784e-07 0.0001585798497281355 5.907983056377641e-08 1.8481913217338716e-05 3.681938990856779e-07 0.0006819372471926634 6.003420536407768e-07 3.2354532656311263e-06 7.252245904857194e-05 4.149886135748815e-05 1.038916238533675e-06 9.467425634057094e-06 9.32015865378303e-08 3.1476443166565187e-06 0.0011240180766283055 1.4627752212025399e-05 0.00040007453367751954 0.0011522302809904546 0.0003341395699835411 0.004189346353820971 1.117739368769499e-05 1.5734266205933687e-06 2.5532464398813454e-06 3.48524400389354e-05 1.442535595866606e-07 1.466761985060424e-07 3.394835173612795e-05 2.3927184837770817e-07 2.6562744238786166e-05 4.473825374568111e-05 5.3748938411931794e-05 8.397895479950277e-06 4.516139479195847e-06 5.22455874393383e-07 0.00020529674891414852 0.0 3.7877724638967335e-07 3.773703383566443e-05 0.00010588605187095521 0.0 0.0 9.457607059164827e-08 1.3428309749712518e-06 2.6871272455399344e-07 8.590316789565521e-07 1.4117594466767457e-07 6.4733904693484335e-06 0.0 2.708852629121149e-05 6.953778306657618e-07 0.0 3.4771712119877562e-06 2.9067731319675843e-05 2.4162593239873037e-06 3.4618455525540695e-05 0.0 1.231849173267782e-06 6.470442550974802e-06 1.0969800129189483e-05 5.338510422507723e-06 3.16541340998102e-05 0.000126212155930555 0.0009507120704894964 2.1721603066563776e-06 1.6476261489257432e-07 1.5787372457243944e-06 4.491518630551104e-06 4.433346652235745e-08 0.0 6.419912930890043e-06 5.237889554854537e-07 2.352626479641682e-05 1.2621710930783442e-05 2.0376673134271623e-05 5.578343375293302e-06 7.428804582193939e-08 1.1647362175067349e-07 1.5954502975869085e-06 1.9087491292215883e-07
4.950791221735305e-05 3.4320456804884016e-05 0.0 8.707624103553717e-06 5.1783363831629045e-08 1.6131311263962987e-05 0.0006193356900556422 0.00014693241030158368 1.1687877330041962e-06 6.226854319311792e-05 1.1699947845020334e-05 7.453538295155276e-07 9.141778314086826e-07 0.00017442968142074284 0.0 3.04927593117755e-06 0.002885602419100023 9.736992878031075e-06 0.00010572544780646537 1.737316363633576e-06 0.0004337679613837745 1.967131983348635e-05 0.008409018885589991 2.6380370013844093e-05 9.389881005675067e-07 0.00396775016265741 0.0027788471477228657 0.00011794950195242379 8.385511528445957e-05 0.0005375406238630476 6.670981897212471e-08 1.013504428336219e-06 3.581081651012488e-06 0.0003652195235634823 1.5014129950159305e-05 0.0008727584758522404 0.0012533288754882452 0.0008348919542890646 0.00039240888728262033 2.1425915538580965e-05 2.026965222507439e-06 3.523394228763863e-06 6.257253492178037e-06 1.9160846498669885e-06 7.765267225077685e-05 0.0006439747018379527 0.0 0.0 0.0 1.119832577992305e-05 2.21224699989953e-06 8.448553166387869e-07 4.3539829489829586e-07 9.368751668008846e-07 9.877753630341558e-08 4.0819601872670315e-07 4.496818885300819e-06 0.0 1.4418327558434435e-05 0.00013358717396442471 1.979094265721245e-06 1.705194746638241e-05 8.203358149023057e-08 8.351009878300094e-06 2.8314668396169074e-05 0.00018119318974553174 1.0814739673802617e-05 3.7308140873105876e-07 8.501225604614207e-05 0.0008534332953536078 6.548855015289178e-06 2.6837408917991748e-06 1.1060447840418083e-05 3.072891445989558e-07 8.907353055558243e-08 0.0 2.8201442015778956e-05 3.3434028817564647e-07 0.00011689964637182228 5.295988719737304e-05 0.00010471354051505537 2.4265757082150554e-05 1.557268065948814e-06 0.0 2.470199137905312e-07 1.9302407231622283e-07
3.5526207012347278e-06 3.567823157788724e-07 8.707624103553717e-06 0.0 1.1805985052843116e-06 3.455347916294272e-05 0.00012555699261593837 3.0007485771781326e-05 0.000618625352651395 0.0017695648614821794 7.499530347041266e-07 0.0015164436450227992 0.0 2.9233018483382166e-05 2.81366436544911e-05 3.53298566873638e-07 1.0560977252337962e-06 1.7525164279291557e-07 3.8971086117878135e-07 0.0011699446594132397 6.15519087833498e-06 6.971587118935357e-07 3.7090897529448465e-06 0.0009213723406488709 5.706484740553675e-07 2.0835241665734403e-06 1.4343288610585774e-06 0.0015616503129399592 5.1047837835713643e-05 5.240421169197523e-06 0.0 1.587964272854564e-06 1.0537428669695324e-06 1.3778188879757745e-05 1.751741839008754e-06 7.937294905266359e-05 1.1197304360214756e-06 2.349256846962333e-05 7.095470747380832e-06 9.539416831720862e-05 1.2475063239041478e-06 1.0752258817765433e-07 9.223000751062536e-07 8.805949581580012e-07 0.0 1.2020259482032922e-07 0.00012546502984215526 2.878622935772421e-07 1.2496071196108271e-05 4.900779927057058e-05 5.752794326444679e-06 8.757439667105165e-05 0.00015924818526147407 9.726368060986364e-08 0.0001326544831561346 0.0 6.4319947668680125e-06 8.261056570160953e-06 5.232640727768503e-07 7.429005704740568e-08 5.000689001591219e-08 0.0 9.212435319770704e-05 5.565687409080027e-07 6.649791751401293e-08 1.0210470266411524e-06 9.298622887910268e-05 0.0 6.856310824485954e-08 1.2584895240429842e-06 0.00015587968931733118 5.534482656744412e-06 9.670554197392123e-08 0.0 7.567938960173645e-08 8.883517401905695e-07 1.6527486184149534e-06 0.0 2.366033765446657e-05 0.0 7.4953745227917886e-06 2.2900700533788715e-06 3.995122277981238e-05 1.1933726113528554e-06 0.0 0.0
6.494201856623123e-08 1.0305593138926816e-07 5.1783363831629045e-08 1.1805985052843116e-06 0.0 0.00043548621415041714 1.351965949254592e-06 1.1226961231007234e-05 5.724306073495574e-05 5.359333998908624e-06 1.9228143084815453e-06 8.30009608822532e-05 8.292189342622651e-07 1.2218380628188669e-06 0.0010691115157347667 0.0 0.0 5.624544429644442e-08 8.068770240486083e-08 3.5966932308937087e-06 0.0 1.3555762875189602e-06 0.0 1.1658904751217169e-05 4.3896400516945607e-07 0.0 1.7237141865455608e-07 3.024949522798532e-06 7.613987247809195e-06 8.474109949802238e-08 5.8444342239051624e-08 0.00019859868163146015 0.0 3.184420396081686e-05 6.944403678361639e-07 5.284916110413236e-05 1.3787264982486275e-06 4.549016074092018e-05 1.188501460198357e-05 0.0010648376496497634 0.00010021488824454317 3.4502737228941504e-06 2.301826608991241e-06 0.0 0.0 0.0 0.0 0.0 0.0 0.0 1.4534290529253586e-07 5.816594542459569e-07 0.0 0.0 8.112241779050896e-08 0.0 0.0 0.0 0.0 0.0 0.0 0.0 0.0 0.0 0.0 0.0 4.863320652410598e-07 0.0 0.0 0.0 9.765237664281134e-07 0.0 0.0 0.0 0.0 0.0 0.0 0.0 1.5125702376503809e-07 0.0 2.3544027531204875e-07 8.093701658482028e-07 0.0 0.0 0.0 0.0
1.2284571888813516e-05 3.175353916595632e-07 1.6131311263962987e-05 3.455347916294272e-05 0.00043548621415041714 0.0 0.0012481324158659858 0.003380749651502533 6.246532390071032e-05 0.0039055208485348574 3.7597784876755764e-05 0.0023150469052644965 1.0369067469637204e-05 0.0005078113692388806 0.000905498007437711 1.906817959956481e-07 7.770654515216632e-06 6.6107511782291885e-06 4.837572951847573e-06 0.0003100859703468656 6.882038330302645e-06 1.7383644595765187e-06 9.268018918082746e-06 0.0002166646197399353 4.409620115421094e-06 7.366641967233218e-06 3.2251208540576223e-06 0.00019132648856801777 0.0003310089711680316 7.015377554974632e-05 2.6105419795616743e-07 0.0005783254060727224 5.58495710954314e-07 0.0002495742151770922 4.565238886211768e-06 0.0004470681072872826 1.583517305649239e-05 0.00028366987993170217 8.785496546759684e-05 0.0017388544397533524 0.000247690203425819 2.638088218105107e-05 7.442925847932818e-06 2.763115680361074e-06 4.18989649080818e-07 2.425010908416133e-07 6.328383749034573e-06 1.9372475655708807e-07 6.515246337858638e-06 9.53169501319319e-05 2.0227262741523137e-05 5.324865851772291e-05 3.667024744090554e-05 7.476439514600948e-07 2.154961858097734e-05 5.4616846618771097e-08 1.4158716167275318e-05 2.064532588738188e-06 6.220791074363228e-08 4.6482332088950993e-07 1.3137085519928697e-07 6.04589184383883e-08 1.1269475253410404e-05 2.204833988151056e-06 1.1540470648161486e-07 4.881566984790748e-07 8.622840318544895e-05 0.0 0.0 1.336523952605022e-06 9.777251555799099e-05 1.3522827046953724e-05 6.822057070056149e-06 4.927419900727486e-08 0.0 3.460145603117622e-07 7.0224937573751985e-06 2.974347290403726e-07 3.6096342176096825e-05 1.074240043475036e-06 1.4903159045212563e-05 9.341324566684246e-06 3.240249363507795e-05 2.133487807385478e-06 4.835757514466622e-08 1.4736618239891914e-07
0.0006106895210949225 6.196234561364355e-07 0.0006193356900556422 0.00012555699261593837 1.351965949254592e-06 0.0012481324158659858 0.0 0.0018701248079296842 7.787093725376117e-05 0.005327482501882878 1.2145229195799238e-05 2.5037687457098996e-05 2.1826376718059193e-06 0.00249251181899498 6.559575251626471e-06 1.0683571429928184e-05 9.308212660372609e-05 2.9693393743462505e-06 1.064974716641163e-05 7.393385123055149e-05 0.0009258053889523074 7.54098071792953e-06 0.0007786776063469738 0.0006131062880058648 4.037285095243987e-07 0.00010967230110653348 0.00013989918497901528 0.008438470924778618 0.0004978145444890986 0.004473120222656988 1.6000039045231394e-07 1.827447812925853e-05 8.888007737731407e-06 0.00015966941520360284 2.5003058836953865e-05 0.0007423482532280941 3.660064461944263e-05 0.0003221920931647095 0.00010324819392206047 5.8377572711823434e-05 1.89909043143401e-05 3.50553885975912e-06 1.4298437269218543e-05 3.541311340819151e-06 6.990155718771083e-07 8.172265813192118e-06 1.6242147927466203e-05 4.30945532063961e-07 1.107170649595413e-05 0.00010645516046515939 2.993221925691369e-05 4.463638074483269e-05 6.771828480928692e-05 7.846549624462327e-07 2.4851224481491114e-05 9.277482963420307e-08 1.985784170814627e-05 1.767791119688424e-06 9.513578049748618e-06 9.323887512935621e-07 5.001504529948749e-07 6.729507026293204e-07 2.030782044098502e-05 2.178504623113578e-06 9.73563686425488e-06 3.575361074102186e-05 0.00012036975109992428 0.0 1.4741654906260302e-06 3.97471710364911e-05 0.00015329175636386537 1.9074146300584366e-05 5.7396996813174445e-06 0.0 8.495124506202592e-07 1.3006610960287746e-06 1.0922730657536132e-05 5.560850411833617e-07 4.953960351733999e-05 1.3034931175349132e-06 2.9436671143790852e-05 9.926211095041652e-06 2.2136925242078645e-05 2.942581366881271e-06 0.0 0.0
0.0006533495784142184 7.690235924206784e-07 0.00014693241030158368 3.0007485771781326e-05 1.1226961231007234e-05 0.003380749651502533 0.0018701248079296842 0.0 8.812855903175552e-05 0.0014277383178253472 1.9093229848774784e-05 0.000623662786789393 4.2235000812524345e-06 0.004039651823631323 2.4879739082279454e-05 8.640605046881625e-07 0.00018716924819583497 4.314246252180862e-06 1.9969598935471356e-05 0.0001664066323530691 3.928817329694365e-05 3.959248863649745e-06 0.00011879880756107503 0.00044214428703625604 2.843176721049848e-06 4.5632872244446836e-05 3.875248644619055e-05 0.0004756669095696164 0.0005098395455373009 0.0009663012163055239 1.1033695646651716e-07 0.000613965189984348 4.716836467013965e-06 0.00011650411491808334 5.432556440912814e-06 0.0003257329654102282 2.531628364606377e-05 0.00016104601230510458 5.1829387524962554e-05 0.000469239819784915 4.758281873867811e-05 1.589161294936658e-05 5.240113962363898e-06 5.025702981963825e-06 4.0472236523054764e-07 3.182964975129914e-06 2.231381869692906e-06 3.1025193111397615e-07 1.126471602616747e-05 0.0001091486835137428 2.658282490699594e-05 8.471371717003344e-05 2.3786804026377428e-05 1.5777840976930641e-06 1.140013140078501e-05 1.2148427967411693e-07 2.227499495114619e-05 9.320873738712485e-07 1.3064085734725057e-06 3.5304212777033727e-07 0.0 3.433445995826485e-07 3.422908454968119e-06 2.780005280109051e-06 1.0255266110526042e-06 3.5350201136435456e-06 0.0001688085572017772 2.913333623344195e-07 6.331999861715805e-07 7.2568639193248964e-06 0.00013414533407177018 2.093360990979908e-05 1.127955710243002e-05 0.0 7.44266624664885e-07 1.2682075965845571e-06 1.0376926612047117e-05 4.915319315571488e-07 3.985582082619458e-05 1.3899259719040604e-06 2.585721118079667e-05 9.874127060859163e-06 2.8861948673293998e-05 3.7034927756598843e-06 7.726346613255476e-07 5.587083784065e-08
2.068358312751661e-06 0.0001585798497281355 1.1687877330041962e-06 0.000618625352651395 5.724306073495574e-05 6.246532390071032e-05 7.787093725376117e-05 8.812855903175552e-05 0.0 0.00018524326996257912 3.216889088920158e-06 0.00022419426031627194 1.4612868216525653e-05 2.8861869139540056e-05 0.0004996896540418672 1.2160803065202962e-05 1.2760399881244987e-06 6.05232419069193e-07 4.0829493409480185e-07 0.000382603118511047 5.713278251648612e-06 0.001363433242913659 2.5583208677934993e-06 0.004370923514814443 4.047199321976779e-05 1.2335841254908747e-05 0.0001233525831102778 0.0007325941601294419 2.4837118948092068e-05 1.7519586675764406e-05 1.3643090363499171e-06 3.872592032613339e-06 6.088788376185371e-07 1.8749433214484057e-05 1.681231314568068e-06 9.701509342505944e-05 3.493739439904e-06 3.294038035010464e-05 7.317497103379222e-06 0.0003435076669465944 4.401748076813513e-06 1.7657575114824776e-06 4.819067957017221e-07 9.0742333848061e-06 2.256487026929375e-07 7.700997826693531e-07 0.00010213367522329915 7.69259196485164e-07 1.1272027710648556e-05 9.219829418143446e-05 2.7750880895681608e-05 0.00012392885599991866 0.0001137694067564672 8.59665988828855e-07 8.179021887603343e-05 8.360290222545996e-07 2.3743682334983033e-05 1.497779410599093e-05 7.811356009837884e-05 2.5622348578933544e-07 2.842396129878446e-07 5.071971624489523e-07 8.023839405432299e-05 4.0237911173722486e-05 3.0250998941131698e-05 1.2176946708496212e-05 0.0007095831192452434 2.7950261528575693e-07 8.420451789941175e-07 3.878152878547053e-06 0.00036792066138272516 4.76846800335658e-05 3.8434934186948655e-05 1.204353313172558e-07 2.058183142084778e-07 3.7940872640489464e-06 1.4385958400830037e-05 1.8640349361471929e-06 6.439717127090978e-05 8.51157688046126e-07 3.417485025228754e-05 1.0826729394082958e-05 3.283961058498798e-05 5.414673625751168e-06 1.490333783215763e-07 6.055471876391906e-07
4.52613543946043e-05 5.907983056377641e-08 6.226854319311792e-05 0.0017695648614821794 5.359333998908624e-06 0.0039055208485348574 0.005327482501882878 0.0014277383178253472 0.00018524326996257912 0.0 3.285357394203053e-05 0.0024874909099064013 4.041697668922569e-06 0.0008788614360851267 3.677584037216536e-05 5.892384667307196e-07 1.5840246042764414e-05 7.974132532904605e-06 7.427303489140111e-06 0.0018974964505330347 3.705905900147231e-05 1.593344572020932e-06 3.630708610324565e-05 0.00041312591089098154 1.5215354951441295e-06 2.027815922563128e-05 1.0320789927124665e-05 0.001683974253685617 0.0005479240348466937 0.00014399561933138338 2.3684574088003193e-07 4.501692153741502e-05 4.8894715604696905e-06 0.00023957922570197365 2.0473303494909216e-05 0.0006307320373357127 1.7514013554284633e-05 0.0004333595780932453 7.721865652411599e-05 0.0001467943095599357 3.825446808074232e-05 5.712730180924523e-06 1.0209470730564703e-05 7.709591207812929e-06 6.164696935501374e-07 2.285314950719412e-06 0.00017722444208791068 2.283115848511718e-07 3.957865317296804e-05 0.00043316762627514663 6.247769806752416e-05 0.00010073698318645707 0.0004426169838963159 3.0017880185664903e-06 0.00025331092234357134 2.0220984182711061e-07 5.4562415453044075e-05 1.4231546498877075e-05 1.5505013607182957e-06 1.3009586002707948e-07 1.6977608931730556e-07 0.0 0.00017831244577609637 4.59775692949512e-06 1.2094879914288561e-06 5.257707141417522e-06 0.0003102262449482704 0.0 6.962001508374149e-08 3.7201910261599827e-06 0.0005248118363569026 4.972115353658654e-05 3.5695300518452916e-06 0.0 7.289827566894271e-07 4.849541884227199e-06 1.893364631622575e-05 2.283976802281928e-06 9.587241395584938e-05 1.2193984031183415e-06 4.9197233761097756e-05 1.3705830600842535e-05 9.282926984258837e-05 7.587499278788461e-06 5.865059969569868e-07 5.115123016813119e-07
1.0114876837844265e-06 1.8481913217338716e-05 1.1699947845020334e-05 7.499530347041266e-07 1.9228143084815453e-06 3.7597784876755764e-05 1.2145229195799238e-05 1.9093229848774784e-05 3.216889088920158e-06 3.285357394203053e-05 0.0 1.9055890733065404e-05 0.0010483089900491123 3.316167086469825e-05 9.981793695204492e-08 3.194381798621821e-07 0.00033389921454030536 0.0029150978098371853 0.0010689531313757606 6.571386479574857e-06 6.8890904017152414e-06 2.7662258048541987e-06 2.4105085221292907e-05 1.5503195510427706e-05 0.00023477872905916094 0.0010721270586146452 0.0001187168122792885 1.7504347891450426e-05 0.0001075617721567016 1.2930073044527786e-05 0.00010487428337374325 3.155115194739888e-05 3.1231720905030196e-06 0.003648168399786854 6.6236485622055615e-06 0.0003413087711919806 0.0030023663055138115 0.0028362289359515334 0.0004959576239487845 1.3614524009008641e-05 7.085599251332847e-05 0.0006382508497608955 4.806233353129524e-06 5.823768882239087e-08 5.463432295033895e-06 2.508854490693476e-06 0.0 0.0 6.781652642471071e-07 2.9835874533502225e-06 4.000393838592937e-07 2.5524654441079447e-06 0.0 0.00023824720075860413 1.4520967731809346e-07 0.0010334326956023864 4.726825929291894e-07 0.0 3.083939280315547e-07 3.277871106675818e-07 8.838365940132076e-06 5.625628535165215e-06 0.0 0.0 1.3187635236555418e-07 9.507291045360857e-07 6.2796370921102e-06 0.00022753134702694323 4.021913311968151e-05 0.00023116309332119078 5.4125524546021195e-06 8.72403323253669e-07 5.240517110937344e-07 5.550210802068469e-05 1.0653244852480831e-07 0.0 2.2260757796396167e-05 1.1541977338864317e-06 5.979468306313499e-06 0.00022786356663499166 1.4074012896100033e-05 1.2903975477153472e-05 1.0313789118392411e-06 1.3537177894865216e-06 8.165534916024072e-05 0.0
3.112198141215693e-06 3.681938990856779e-07 7.453538295155276e-07 0.0015164436450227992 8.30009608822532e-05 0.0023150469052644965 2.5037687457098996e-05 0.000623662786789393 0.00022419426031627194 0.0024874909099064013 1.9055890733065404e-05 0.0 2.141080544912778e-06 0.00021457868795185446 0.0005399882609204734 0.0 8.155389871707709e-07 3.852658930215808e-06 2.935711605986479e-06 0.002618163354653417 1.8461351237734547e-07 8.31435078463246e-06 3.7087819372441366e-07 0.0004395479646210779 7.214246185252265e-07 2.2858639563490865e-06 6.017094866209388e-07 0.0008705696496121771 9.404469038741374e-05 3.785950651088181e-06 3.246307751268295e-07 3.8933108426298696e-05 1.935307950730085e-07 8.772337181025454e-05 2.093085799556039e-07 0.0003044511970287647 4.619944847402664e-06 0.00012741961756911668 1.663177767183663e-05 0.0010446919296053744 1.2676650488741533e-05 3.767063382004943e-06 9.074111536753872e-07 4.85366951989475e-07 0.0 0.0 0.00016988645579400525 6.367031284755005e-07 3.7347448762497134e-05 4.647690357536788e-05 1.3432525918582334e-05 0.00011734265445645438 0.00011630978199758501 0.0 0.00023770338138804836 6.84293381823032e-08 7.683988390118798e-06 2.262644149361936e-05 1.5098678891205453e-07 0.0 0.0 0.0 0.00016768208840230598 1.7986474979191502e-07 8.150361572351513e-08 1.3893180986477496e-07 2.926253451732573e-05 0.0 2.649087351313501e-07 0.0 6.104882313926742e-05 5.956404456505466e-06 0.0 0.0 1.2752598526213658e-07 2.794023564818976e-07 3.095355565647515e-06 4.912891232201918e-07 4.478679353313921e-05 2.1254435890227445e-07 9.426378890979593e-06 2.2091188490125287e-06 8.246590252374563e-05 8.723468518136231e-07 5.8407759147708803e-08 0.0
3.087738060978487e-07 0.0006819372471926634 9.141778314086826e-07 0.0 8.292189342622651e-07 1.0369067469637204e-05 2.1826376718059193e-06 4.2235000812524345e-06 1.4612868216525653e-05 4.041697668922569e-06 0.0010483089900491123 2.141080544912778e-06 0.0 4.899618043676456e-06 8.562973118744205e-08 4.674121644174492e-06 3.931416021156375e-06 1.3509438267958399e-05 1.2469233670602052e-06 6.21984642690203e-07 2.5273771544538043e-06 8.346196866095819e-05 4.752017604576986e-06 3.331872667572546e-05 0.002487577261911078 0.00012976032577804831 0.001656178841111644 4.169905797440804e-06 6.81996569804067e-06 2.1438052997513237e-06 0.0008588893610325653 9.283220172615268e-06 0.0 0.0007963872498422046 1.9787407009262565e-05 0.00046274486967778314 0.0021043009190568215 0.0014636731842396261 0.000232421747113645 4.559652110003785e-05 0.00011828984644390324 0.0005325049850187499 1.4391293078174991e-05 0.0 3.728047984504741e-05 5.622610510657022e-07 0.0 1.8914987855464702e-07 3.2477297898055013e-07 5.916938823401223e-07 7.633058041216231e-07 4.7282520138490817e-07 4.8092576548609545e-08 0.0004001500407695209 0.0 0.0017675050376514945 7.549782582995018e-07 0.0 2.1164316883821474e-07 4.1935132005719747e-07 7.873924979941089e-06 9.081857048853117e-06 0.0 3.597705057999288e-07 2.0344049183469137e-07 1.0802563023470976e-07 1.019185386068923e-06 0.0008033069027200446 5.966399337700448e-05 0.0003411302292275348 4.688174221849887e-07 2.490790669168042e-07 5.59463020055578e-08 9.359009327203733e-05 1.3420719769763887e-07 0.0 3.6544065233155284e-05 4.101309959644021e-06 8.918697472576462e-05 0.00030517840729087943 3.674597373684183e-05 6.262766570328474e-05 5.723347334100322e-06 7.408747164850447e-06 0.00018989822391313213 0.0
0.0035648572261020354 6.003420536407768e-07 0.00017442968142074284 2.9233018483382166e-05 1.2218380628188669e-06 0.0005078113692388806 0.00249251181899498 0.004039651823631323 2.8861869139540056e-05 0.0008788614360851267 3.316167086469825e-05 0.00021457868795185446 4.899618043676456e-06 0.0 3.022228943609734e-06 9.227250879002965e-07 0.0002856097136189687 9.77780102377494e-06 3.163691015346933e-05 7.284387035453364e-05 4.775873495400152e-05 1.6231878386329398e-06 0.00016130619598025687 0.0002830476081001568 1.325125591534387e-06 6.37132560898224e-05 5.246481390237174e-05 0.00032176846524081414 0.003667839320034621 0.002100384307603471 2.088800357324705e-07 0.0003149959850631261 1.261203969386928e-05 0.00022944790680918577 7.879767126396027e-06 0.00035559412408824883 2.7003211670345245e-05 0.00020848820172819895 4.3075703655646706e-05 0.00010335787376560033 2.32258898953634e-05 1.0047002189360484e-05 3.2953750375993764e-06 2.0029596320875157e-06 2.2127848652256453e-07 2.000996318568521e-06 3.4783585067307446e-07 0.0 3.282256528810605e-06 4.879348126221023e-05 1.2987448911453349e-05 2.8460986474768698e-05 1.015330726334688e-05 2.7389048310265227e-07 3.7123924837017657e-06 3.16140756069335e-07 6.91034361830003e-06 3.6274878110794436e-07 1.26814017339334e-06 4.206381233226699e-07 5.0713973253427045e-08 6.923733230068402e-08 1.99149848700003e-06 1.8741701297797588e-06 1.3527392772309025e-06 4.715783044466076e-06 6.714342221294079e-05 0.0 7.970443077272822e-07 6.73509638291917e-06 6.013202614235717e-05 1.0711061063866445e-05 4.923984154117559e-06 0.0 2.3281111653394726e-07 9.684017780619001e-07 5.25897296037354e-06 4.539584530865063e-07 2.153119617994905e-05 1.177054070007537e-06 1.1673427672823093e-05 5.812141202183548e-06 1.3879710049707506e-05 1.0984814579372304e-06 2.7449147026864587e-07 0.0
0.0 3.2354532656311263e-06 0.0 2.81366436544911e-05 0.0010691115157347667 0.000905498007437711 6.559575251626471e-06 2.4879739082279454e-05 0.0004996896540418672 3.677584037216536e-05 9.981793695204492e-08 0.0005399882609204734 8.562973118744205e-08 3.022228943609734e-06 0.0 0.0 6.207759354667133e-08 0.0 0.0 5.052737936353964e-05 0.0 3.099804390879492e-05 0.0 0.0003688039364598721 3.728429410271882e-07 3.803017513649422e-07 2.6999325334595547e-06 3.484505159006357e-05 1.928041389192225e-06 7.122876762263425e-08 0.0 0.00017758358894097637 0.0 4.103634378482232e-06 0.0 2.8242333419186412e-06 0.0 2.8342046363884038e-06 1.518979054736793e-07 0.0005255465624507395 2.6096351604232148e-05 8.062644644798342e-08 0.0 0.0 0.0 5.471019969143956e-08 6.433414845246022e-07 0.0 8.093267909427362e-08 0.0 1.2911290500583087e-07 3.6107619023010087e-06 7.314519994739103e-07 0.0 1.2170600078344086e-06 0.0 0.0 2.3959391942454537e-07 4.250192676751663e-07 0.0 0.0 0.0 6.02545378636315e-07 2.150452234934055e-07 4.083206754238654e-07 1.5265845509756454e-07 2.111657624423224e-06 0.0 0.0 0.0 8.959558419273893e-07 1.4339372927442604e-07 0.0 0.0 0.0 0.0 1.2888717637263837e-07 0.0 1.1846549467128963e-06 0.0 1.6587299990235083e-07 0.0 8.114009536246863e-07 0.0 0.0 0.0
5.941573271386912e-08 7.252245904857194e-05 3.04927593117755e-06 3.53298566873638e-07 0.0 1.906817959956481e-07 1.0683571429928184e-05 8.640605046881625e-07 1.2160803065202962e-05 5.892384667307196e-07 3.194381798621821e-07 0.0 4.674121644174492e-06 9.227250879002965e-07 0.0 0.0 1.1034558360244211e-05 1.24679830183287e-07 1.1487876512991937e-06 1.6552259885929713e-07 0.0013262387595302644 0.001379641157261801 0.004458730931930533 0.00171076324499417 1.4325474389211417e-05 1.2755742464434932e-05 0.0030615380337693726 0.000635335763122795 1.6746413320267872e-05 4.993124341871317e-05 5.032942655145598e-07 5.0009565102909334e-08 1.2424260638309593e-05 5.892823798354064e-05 1.517873828206084e-05 0.0008868572857245558 0.00013752702913084758 0.00016050003384472897 0.00015264469086755583 5.437745729439962e-05 1.761589337051622e-06 1.2656243935227255e-06 8.339598188932568e-06 9.413703460660492e-06 2.2614107425613235e-06 8.316684619305521e-06 0.0 0.0 2.6622333808944927e-07 1.8200680806737664e-05 2.820839630706596e-06 5.341784241898565e-06 8.962216693683159e-07 1.1323509308168575e-07 0.0 2.665511207023568e-07 6.134076322390296e-06 0.0 0.0015542932294592409 5.149135648092929e-06 1.1376611159923118e-07 9.74940409538907e-07 0.0 0.00030371413522651533 0.0007916469856821258 0.0011993428202324537 0.00022659457515542526 2.376577063830737e-07 2.7241868166221933e-06 0.0004517346925750218 7.593214361753577e-05 5.5524969153107165e-05 0.00014417561439444406 0.0 6.534311270428965e-08 8.067216894851879e-06 1.4953680086163694e-05 1.4940479234976044e-06 0.0001257677705807213 1.5156592195286088e-05 3.254359943432931e-05 4.326707986651633e-05 5.135070767374252e-06 4.452301470211792e-07 2.3849501254135573e-07 2.9187781128139704e-07
0.0001013397604020383 4.149886135748815e-05 0.002885602419100023 1.0560977252337962e-06 0.0 7.770654515216632e-06 9.308212660372609e-05 0.00018716924819583497 1.2760399881244987e-06 1.5840246042764414e-05 0.00033389921454030536 8.155389871707709e-07 3.931416021156375e-06 0.0002856097136189687 6.207759354667133e-08 1.1034558360244211e-05 0.0 0.0003593022329248951 0.0024068301753403156 6.420493742950579e-07 0.00037940990708066317 2.4810691201918253e-05 0.002011456546152284 1.784823526264944e-05 2.4598019350176654e-06 0.003873196296313092 0.004166038791716553 4.05817000184427e-05 0.0006012298934651637 0.001224181532892104 4.086776443750825e-07 3.1424441989372464e-06 3.912707478917127e-05 0.0013118976569921309 1.0390664861108085e-05 0.00035170972349491775 0.0011273720500829419 0.0006189361062300638 0.0001865672904839241 1.4671547715017274e-05 1.923853738871014e-06 4.760010277430796e-06 1.8508440900206062e-06 4.685416564619729e-07 4.727232592010462e-05 0.00020707906875735697 0.0 0.0 0.0 3.2136003817470564e-06 7.237605704844721e-07 3.3533158271186565e-07 2.108370877409317e-07 2.63701307314373e-06 0.0 7.793861778756208e-06 2.1863824597070734e-06 0.0 5.440168941087223e-06 6.509850723917416e-05 7.538616915211387e-06 0.00010879919471070867 0.0 2.6767314253697965e-06 1.0162500512102476e-05 4.327143523811437e-05 7.638200827225191e-06 5.445559374944418e-06 0.00020214314556426955 0.0005895939931736807 4.008761722841452e-06 6.411330921836514e-07 4.5065974910151175e-06 4.412438902906538e-06 0.0 0.0 1.307790104671805e-05 2.0461881069840136e-07 3.909302030711779e-05 8.260335537974939e-05 4.77169718139842e-05 1.0966082009666634e-05 7.073694521826787e-07 0.0 5.871245587767617e-08 0.0
8.404793731896446e-07 1.038916238533675e-06 9.736992878031075e-06 1.7525164279291557e-07 5.624544429644442e-08 6.6107511782291885e-06 2.9693393743462505e-06 4.314246252180862e-06 6.05232419069193e-07 7.974132532904605e-06 0.0029150978098371853 3.852658930215808e-06 1.3509438267958399e-05 9.77780102377494e-06 0.0 1.24679830183287e-07 0.0003593022329248951 0.0 0.0018803012948807834 1.25802233443677e-06 2.8437508552133273e-06 5.0622816030437597e-08 1.1337185389936125e-05 2.2026967586236737e-06 1.1004533168075521e-05 0.0007692370533995152 0.0002263584624630178 4.90483535501656e-06 2.4920037115251734e-05 7.880933193282727e-06 1.202053040824466e-05 4.032512822532745e-06 1.8863056010556115e-06 0.0006262061375285995 5.747315599003877e-06 0.00041554036992855783 0.0006330278193754763 0.0011099176474798707 0.00031360201450895297 3.656906901598627e-06 6.581908515927532e-06 3.1451207373949604e-05 1.5261056357678355e-06 0.0 4.258252745299467e-06 8.745314669128798e-07 7.086817689430799e-08 0.0 0.0 4.350543399899886e-07 0.0 6.450542590587543e-07 0.0 6.760567178588509e-06 0.0 6.493664810714258e-05 2.0865703718072148e-07 0.0 1.3652701271505694e-07 6.655497660899934e-07 3.936792003258704e-06 4.1193515280595585e-06 0.0 0.0 6.179199167410949e-08 4.646387281021825e-08 8.95151552077787e-07 2.60515508498992e-05 2.724233788164451e-05 0.00012460068682313989 1.0250115802062458e-06 1.0949960709831298e-07 2.5020280772069276e-07 1.296026049781041e-05 0.0 0.0 2.774010221596055e-07 6.287898676022104e-07 1.0099430390572717e-06 5.29608159043011e-06 6.354492511706893e-07 4.451419005756712e-07 1.3993779970269213e-07 0.0 0.0 0.0
9.687910644995111e-06 9.467425634057094e-06 0.00010572544780646537 3.8971086117878135e-07 8.068770240486083e-08 4.837572951847573e-06 1.064974716641163e-05 1.9969598935471356e-05 4.0829493409480185e-07 7.427303489140111e-06 0.0010689531313757606 2.935711605986479e-06 1.2469233670602052e-06 3.163691015346933e-05 0.0 1.1487876512991937e-06 0.0024068301753403156 0.0018803012948807834 0.0 9.200302107588146e-07 1.691475926722349e-05 2.848200432297949e-06 6.687896506863375e-05 5.232173958476986e-06 4.893786487580614e-06 0.0033416850030541898 0.0005490441424149876 8.102761035042518e-06 0.00010589218422703166 5.1979879784172216e-05 1.830784826434988e-06 3.5951148981399935e-06 1.0496337530386928e-05 0.002189592550975691 4.144937717790021e-06 0.0004620555103489772 0.0003025048898902246 0.0012650379970118547 0.0002697863127757932 2.47471224143181e-06 4.906504043645618e-06 3.2264487578153872e-06 2.353493690994251e-06 4.428030260544203e-08 2.4140485751343265e-05 7.063846018171184e-06 0.0 0.0 0.0 1.733444707472881e-07 9.103871781392778e-08 5.252503779025916e-07 0.0 3.2944912061394877e-06 0.0 2.090822621354823e-05 0.0 0.0 2.2511918473814225e-07 4.4783750875047225e-06 7.113338179810193e-06 4.066979051541354e-05 0.0 1.226442146800491e-07 6.271674607279256e-07 1.0455278869227271e-06 2.142794627529118e-06 1.3998406759100827e-05 0.00010828601376753639 0.000261240731061479 2.4382730941241517e-07 4.950992484517772e-08 6.247900233152638e-07 8.887848980549339e-06 4.2136972622690454e-08 0.0 1.2482898690629538e-06 5.17949401625844e-07 3.4214665202258604e-06 1.9647387955265407e-05 4.034102118822157e-06 1.4880388571134901e-06 1.8319005184088366e-07 1.0619682920329688e-07 0.0 0.0
2.9481000163619404e-06 9.32015865378303e-08 1.737316363633576e-06 0.0011699446594132397 3.5966932308937087e-06 0.0003100859703468656 7.393385123055149e-05 0.0001664066323530691 0.000382603118511047 0.0018974964505330347 6.571386479574857e-06 0.002618163354653417 6.21984642690203e-07 7.284387035453364e-05 5.052737936353964e-05 1.6552259885929713e-07 6.420493742950579e-07 1.25802233443677e-06 9.200302107588146e-07 0.0 4.4807343453246935e-07 7.182637105890784e-07 3.318578113704679e-07 0.00027097394983564084 1.1441634236375084e-07 9.923321832173222e-07 9.471260766049069e-07 0.0009948995580486512 4.963425701225574e-05 2.255987257041877e-06 0.0 7.481905106225421e-06 2.43563956721574e-07 2.9045248085519606e-05 1.8633571531650553e-06 0.00010278542270322358 1.2658786289199974e-06 5.663772571981873e-05 9.567757949778492e-06 0.00028876200199664116 4.976509176980755e-06 1.0171685040310142e-06 8.325582284696536e-07 5.26110043231487e-07 0.0 0.0 5.837065079262448e-05 1.6502328856824356e-07 1.0214139562650545e-05 6.605216934680439e-05 9.851931420160081e-06 7.479427492500574e-05 0.00010408031268598124 1.0930064504779095e-07 8.494123838255809e-05 0.0 8.305524254557786e-06 5.0566266262587785e-06 0.0 0.0 0.0 0.0 6.350041865373105e-05 5.365423954266963e-07 0.0 0.0 6.0405627869262985e-05 0.0 0.0 2.8291276983725916e-07 0.00012627111932609134 8.215730497092014e-06 1.5689354598509616e-07 5.043711942600856e-08 1.0609977971819917e-07 5.566482471647169e-07 3.5442220868752313e-06 0.0 3.4435287385058504e-05 0.0 1.0534552248030113e-05 4.5954824573987115e-07 4.7359883740868176e-05 1.8889690410146593e-06 1.1321583324094125e-07 0.0
1.5274021164845944e-05 3.1476443166565187e-06 0.0004337679613837745 6.15519087833498e-06 0.0 6.882038330302645e-06 0.0009258053889523074 3.928817329694365e-05 5.713278251648612e-06 3.705905900147231e-05 6.8890904017152414e-06 1.8461351237734547e-07 2.5273771544538043e-06 4.775873495400152e-05 0.0 0.0013262387595302644 0.00037940990708066317 2.8437508552133273e-06 1.691475926722349e-05 4.4807343453246935e-07 0.0 2.7530906547459638e-05 0.010154015005099682 0.0008932899919545762 1.7044399372561015e-06 4.352683357544624e-05 0.00043574278976171824 0.0017048350707778832 0.00013668471928715223 0.006420058003399425 1.1327554542514628e-07 9.30970888406103e-07 4.0925308984185275e-05 0.0027057729410765187 0.0001051925335478628 0.004812972890899284 0.0009946026515609088 0.0027984627453370744 0.0014020572579493476 0.00044407896993582164 8.522027400464638e-06 5.049283327827395e-06 4.9396545537016846e-05 6.907826722827793e-06 3.505622906985832e-07 5.22179194191288e-06 1.2664163528318218e-07 0.0 0.0 1.626717036127085e-05 3.265761596706814e-06 3.0281254874284543e-06 7.652147163486601e-07 0.0 6.800652516611375e-08 0.0 8.10068869110547e-06 0.0 0.00023427796539059206 1.995101687770898e-06 5.314422497545274e-08 1.3177463974422399e-06 0.0 0.00016961281701262715 4.968471882418816e-05 0.0001155264233170899 0.0001280667231249522 0.0 4.0015330092672e-07 4.5368561000405964e-05 6.132257352008987e-05 5.415750207638863e-05 0.00011290014778782136 0.0 5.835771027336129e-08 6.797711539322505e-06 1.2767233895749657e-05 3.5189182229195984e-06 5.881901670726349e-05 1.9859672005812257e-06 1.9735879239976666e-05 8.515690516114042e-06 5.693673776421557e-06 8.300423857482436e-07 6.181278743117687e-08 0.0
5.629202459249759e-07 0.0011240180766283055 1.967131983348635e-05 6.971587118935357e-07 1.3555762875189602e-06 1.7383644595765187e-06 7.54098071792953e-06 3.959248863649745e-06 0.001363433242913659 1.593344572020932e-06 2.7662258048541987e-06 8.31435078463246e-06 8.346196866095819e-05 1.6231878386329398e-06 3.099804390879492e-05 0.001379641157261801 2.4810691201918253e-05 5.0622816030437597e-08 2.848200432297949e-06 7.182637105890784e-07 2.7530906547459638e-05 0.0 0.0001733987318662589 0.003012871107773667 0.00026545391959762214 6.237378040065795e-05 0.002429476718576802 8.870728740378475e-05 9.284950914620679e-06 1.8508300409036524e-05 8.104386054153002e-06 4.26474601421459e-07 5.076974037174189e-07 1.4171412943295955e-05 7.556758353541483e-07 5.050397479563928e-05 2.353587399566733e-05 2.8438795598945578e-05 1.2423341850022703e-05 3.9797511624951076e-05 4.52520560436054e-07 1.1170040164224758e-05 9.813172080730232e-08 6.907053728746332e-07 1.6602253400510635e-05 7.982435741720132e-05 3.431313664733002e-07 0.0 2.1931766346635405e-07 3.244332150418717e-06 4.1517464505620703e-07 7.90294980348991e-06 6.457704320926146e-07 1.2141491007231643e-06 6.375585120939308e-08 3.848640077491299e-06 7.722505958249822e-07 9.533346981939289e-08 0.0006381111562661643 1.6743421858077258e-05 2.6872611962985285e-07 3.0833697146192895e-06 1.8043681773548132e-07 5.2962935806649753e-05 0.0002063182577330838 0.00036225938078076833 7.24383877775022e-05 2.1014313442748136e-06 8.741696117051053e-06 0.0005216548023631127 1.3571138234282901e-05 1.7741800484261337e-06 2.1165598352625648e-05 3.060319872682374e-07 0.0 8.145212992284817e-07 8.886577367535583e-06 5.914948810078523e-07 5.383939150174298e-05 7.420465774294843e-06 2.8243208808998786e-05 2.1161900384639204e-05 1.6995011649303793e-06 1.4161444681377093e-07 3.026452328536544e-07 2.2127709202053223e-07
6.153701697863866e-05 1.4627752212025399e-05 0.008409018885589991 3.7090897529448465e-06 0.0 9.268018918082746e-06 0.0007786776063469738 0.00011879880756107503 2.5583208677934993e-06 3.630708610324565e-05 2.4105085221292907e-05 3.7087819372441366e-07 4.752017604576986e-06 0.00016130619598025687 0.0 0.004458730931930533 0.002011456546152284 1.1337185389936125e-05 6.687896506863375e-05 3.318578113704679e-07 0.010154015005099682 0.0001733987318662589 0.0 0.00031544791400116474 9.531735016153463e-07 0.0005139632951872842 0.006797526616808116 0.0008975065816458226 0.00025835097580812643 0.0039673754680848 3.969754743419715e-07 2.0064494303818483e-06 3.872597453494478e-05 0.0019535251255261648 0.0001286075719940578 0.006280783638077878 0.003465369306151899 0.0032796007319050753 0.002623521067097865 0.00041165797584688334 2.1921351482674135e-05 1.17829623310246e-05 7.997863409566709e-05 2.3181259690593096e-06 1.543751180926086e-05 0.0002243666462966703 3.441812340230502e-07 0.0 5.647826760603279e-07 1.3202499980070764e-05 2.480732322417892e-06 2.2676862216844007e-06 9.945514055360278e-07 1.6019239177719878e-07 0.0 1.9730505999740306e-07 4.965597893865037e-06 0.0 0.0013676097263336392 2.819500053984777e-05 1.8731586090718092e-07 3.4521698292715383e-06 4.952307166039366e-07 0.00021464792127348872 0.000542644951375767 0.002046117570655393 8.568600374007233e-05 0.0 9.518072608362174e-06 0.0012717310060860645 3.696949142045165e-05 2.5364148337411256e-05 9.06936040272935e-05 0.0 0.0 3.6993568711845075e-06 3.095460584220705e-05 7.623494169174032e-06 0.0002296314055723512 3.135813109225776e-05 0.00013755051635147258 0.00011389379587815079 3.6720767739431643e-06 1.0694688902935946e-06 9.233521974283036e-08 1.0502946287639377e-06
