0.0 0.0 8.437697878190011e-06 1.6708224506282016e-06 2.2832592606236015e-07 5.501315758022617e-06 0.001084628526036707 0.0005632047362533146 7.924956086928793e-08 2.6880501917292352e-05 1.9866210201917325e-06 2.9767351702167825e-06 0.0 0.003172455279053492 2.5087752299960994e-07 0.0 7.305702338704239e-06 4.67906379820901e-07 1.3848958832064387e-06 1.5063527647131677e-06 5.786031022256351e-06 0.0 6.026219172122997e-06 3.3863091761066494e-06 0.0 1.0417908084779515e-05 9.420132845025734e-06 1.4471861323829924e-05 0.0018636662515233793 0.0012741408287916779 0.0 1.5305940510062104e-05 1.4188145793726959e-05 2.577737058123663e-05 1.4555978530368638e-07 4.356204108522414e-05 1.8061575798737178e-06 3.236642647540954e-05 1.048065048538856e-05 4.443856738131491e-06 2.682759528855299e-06 0.0 1.0957171062408836e-06 0.0 5.06374646132222e-08 1.9006897055389129e-07 1.398417587252374e-07 0.0 0.0 5.174719555859384e-08 0.0 1.5655496687646202e-07 0.0 0.0 0.0 0.0 0.0 0.0 5.092695215681447e-08 0.0 0.0 0.0 0.0 2.5354797143892886e-07 0.0 6.225845923237246e-08 3.260371674469802e-07 0.0 2.6145975968122396e-07 3.7059316326575576e-07 9.522368558922148e-07 0.0 1.5620611603471833e-07 0.0 0.0 0.0 0.0 0.0 4.6296920893352063e-07 5.276231147863419e-08 4.895213545274465e-08 0.0 0.0 2.583656174890979e-07 0.0 0.0
0.0 0.0 2.7414287033207145e-05 1.0240120801888494e-07 1.2698676192045504e-07 7.937583162476523e-08 1.2784924654854576e-05 4.529115026135966e-07 0.0006493788654251078 3.2955030003126606e-07 3.39808636299392e-05 1.470226556009532e-05 0.0001228061845517205 2.880644835255789e-07 1.6184618437131126e-05 0.00047756754948674514 1.1273727013902601e-05 8.452025050355024e-07 4.820321886734451e-06 7.289983969588802e-07 1.905396197325162e-05 0.0020364081129896194 6.370682496017113e-05 0.0012272991904701352 0.0016899624054510893 0.00010735909576995203 0.0012943304265920802 6.304791555837092e-05 4.857609824735345e-07 3.23812447731194e-06 1.0577430747010074e-05 0.0 3.7225524170330037e-07 8.609616697394896e-06 2.085551656735948e-07 3.148964462483967e-05 0.000199626870893425 3.448670433116255e-05 4.19477145379286e-06 2.0977813018306455e-05 0.0 1.8837372598918752e-07 6.760383643375664e-08 0.0 0.00020282221884563754 3.0250700588437253e-05 5.095787303577117e-07 0.0 5.075339345339966e-08 3.1912286730466275e-07 1.1233652131245096e-07 1.1350438532586795e-06 0.0 2.3107995110738843e-07 1.2872032596171257e-07 4.840204929098066e-06 0.0 0.0 4.440071933645066e-06 5.812729171590566e-06 1.203515283649283e-06 1.3052406805677128e-05 0.0 1.0066094305823626e-06 4.422075330195523e-06 2.502177647586013e-06 2.5781435818710463e-06 0.0004674787467022551 7.967631473731187e-05 0.0010503635371403887 3.1631216324218516e-06 0.0 3.685921767813131e-07 4.737621420855229e-07 0.0 0.0 5.441860266959215e-07 0.0 4.130832184852212e-06 1.5663739503262895e-05 6.531632747940222e-06 1.0980022351851884e-06 7.138151935913531e-08 0.0 1.0388140679587384e-05 5.972341436363101e-08
8.437697878190011e-06 2.7414287033207145e-05 0.0 2.686385295579542e-06 0.0 2.9356428708272045e-06 0.0007261676624416379 0.00012258217978151497 1.8220785887044927e-06 4.373838636547868e-05 1.4934035253954783e-05 2.906191009483612e-07 8.122973870016529e-07 8.557829231365055e-05 0.0 6.5443828034561535e-06 0.001513583613603246 1.8258018300347335e-05 0.00012563436625540755 1.03373034630127e-06 0.0006295253384573338 1.9346381678738715e-05 0.0054381629344745636 2.9217462185486472e-05 3.430231235603923e-07 0.006197095352742168 0.005393328913972944 0.0001935130676762388 3.797621207187087e-05 0.0004488190143885989 7.280151519809951e-07 2.235759661456974e-06 3.2414035570533725e-06 0.0005587492771735761 1.809149053024523e-05 0.0009199889632692321 0.002264841239452597 0.001485468295020689 0.0002795556551826214 4.8062196392927225e-05 2.807856345862397e-06 5.0199739115645205e-06 4.9164694993935746e-06 2.2903855563342563e-07 0.00018123576491111006 0.00016596010897635102 0.0 0.0 0.0 1.444211016910099e-06 4.84569373140857e-07 2.1620928370709807e-06 0.0 3.1448650802552766e-07 6.891311586741698e-08 1.7130174180962892e-06 3.384547595374682e-07 1.3526238758625632e-07 1.51824920292275e-05 2.1464557668356002e-05 1.9242054914088297e-07 1.595681296805406e-05 0.0 5.164751135132844e-06 6.96773306733085e-05 5.524328902157403e-05 9.127781005667644e-06 1.0446573479268008e-05 8.157020533200192e-05 0.0019824397302951637 8.368486779774037e-06 5.8923514366181544e-08 3.0899039437611513e-06 5.59388939570586e-07 0.0 5.526785899803907e-07 1.186326569258282e-05 8.272494980609898e-06 3.4879257129211826e-05 0.00010194777013508638 4.854867528353548e-05 1.5820795127619763e-05 6.477166751673156e-07 9.203838976346838e-08 2.700926138053625e-07 3.118130270533455e-07
1.6708224506282016e-06 1.0240120801888494e-07 2.686385295579542e-06 0.0 1.1016587537491362e-06 3.9347157936089785e-05 0.0001896957372636019 2.9422024100146985e-05 0.00011888459207107624 0.0009357388481683162 1.977919990815884e-06 0.00195663074863049 5.401198109856839e-08 2.8349770056746605e-05 1.1149955492015627e-05 3.7258171440898657e-07 3.365262877614391e-07 3.55510131306355e-07 1.0439125782029205e-07 0.0018221553173579659 1.9695149209957e-06 1.8962625988532285e-07 3.5021621090518246e-06 0.0011347041442905052 0.0 7.62559105555348e-07 2.4778310024928227e-06 0.0021544370213160183 4.1865557607587985e-05 1.1125310476992266e-05 0.0 5.652896670586195e-06 3.6227598094348113e-06 1.4825091628233304e-05 2.573335475582323e-06 0.00010349530588561706 1.352533353778361e-06 8.126239450878126e-05 2.8789623946317757e-05 0.00012149785767380541 1.7312452985450558e-05 0.0 5.90982620572555e-06 0.0 0.0 5.978084857958686e-08 2.113533559794301e-05 0.0 1.1579370777400405e-06 1.721116876689119e-05 1.2816009388409531e-06 1.3952316575294289e-05 1.3714132068802163e-05 0.0 1.9156290791776354e-05 8.521063615259334e-08 7.360075038608647e-07 1.7575298706560953e-06 8.816815784805096e-07 0.0 0.0 0.0 5.726421795472092e-06 2.384467912376967e-07 3.852449612261206e-07 2.911782295753108e-07 8.13219861351361e-05 0.0 1.0772510706170652e-07 2.4014179711271694e-07 8.024211834082318e-05 2.87768957132996e-06 3.8359464471184495e-06 0.0 0.0 3.001969314421239e-07 1.4572114735557277e-06 0.0 2.4003607945632587e-05 2.4251910331722533e-07 2.0945569293733596e-06 1.4010435102833699e-06 2.526449731891519e-05 1.3086282021191547e-07 0.0 1.1728906616321122e-07
2.2832592606236015e-07 1.2698676192045504e-07 0.0 1.1016587537491362e-06 0.0 3.0381032723224e-05 3.7544394335692974e-06 5.8187535152917615e-06 1.2406448123070638e-05 9.436937670885938e-06 2.528556380038101e-05 1.672372869249251e-05 2.514561380957965e-07 9.845775628225145e-07 0.0006268393894747565 0.0 2.0753191082664428e-07 5.029587932892414e-07 3.320086159491505e-07 3.6364939238213207e-06 0.0 1.958889606695646e-07 3.5808106962535966e-07 3.5762106725875816e-06 2.7884404583387e-07 1.047672586352889e-06 7.669010469793969e-07 1.9734214220041602e-06 3.143336772124804e-05 1.182288230546596e-06 5.795868762337686e-08 1.1054092127465898e-05 5.014973550518163e-07 0.00016885580353266012 0.0 1.0360364169392911e-05 1.0418741988274491e-05 0.00014457748193312517 2.976161273350437e-05 0.0009145697229974997 4.0411384360231336e-05 3.97855006069292e-06 5.058213947496086e-07 0.0 2.308234888249126e-07 0.0 0.0 0.0 0.0 0.0 0.0 0.0 0.0 0.0 1.8021576259847776e-07 0.0 0.0 0.0 0.0 0.0 0.0 0.0 0.0 0.0 0.0 0.0 2.999398665660211e-07 0.0 0.0 0.0 0.0 0.0 0.0 0.0 0.0 0.0 0.0 0.0 5.780980238992602e-07 0.0 0.0 0.0 0.0 0.0 0.0 0.0
5.501315758022617e-06 7.937583162476523e-08 2.9356428708272045e-06 3.9347157936089785e-05 3.0381032723224e-05 0.0 0.0008436724374881568 0.0035736025319810425 4.475596836863397e-05 0.004640686250846099 5.0984117823398816e-05 0.003479344735788922 8.844020774073808e-07 0.00039784151883438416 0.0009149753858616275 0.0 1.3050094160899152e-06 4.360224701634374e-06 1.120183389646708e-06 0.00028140494198094883 1.119505068782926e-06 9.343470562936402e-07 2.7574035644570156e-06 1.7757543957539842e-05 2.4088976840871186e-07 5.8086656362480835e-06 2.3738356056430716e-06 0.00020223298301721027 0.0003385075398934956 1.1987476151102305e-05 2.7713451901761704e-07 0.00044021184441502047 1.300126318198195e-06 0.00024957785490299677 5.707544149271568e-06 7.893015356605247e-05 1.7346092500772012e-05 0.0002751531077284535 3.534614856919524e-05 0.0006736746362265632 4.1322855455959733e-05 5.001257885670298e-06 1.2352475549247505e-06 0.0 0.0 0.0 1.9027633397719205e-06 0.0 0.0 0.0 0.0 1.6316562243789814e-07 4.4491911943016226e-07 0.0 6.963463737264969e-06 0.0 0.0 0.0 0.0 0.0 0.0 0.0 1.9740229239193367e-07 1.9791160922101447e-07 3.076772782992646e-07 0.0 7.823704795806899e-06 4.9613028056691423e-08 7.337579122887708e-08 3.828559044458856e-07 3.5190013453558976e-06 1.4222626083675916e-07 2.903207975382647e-07 5.380973267779505e-08 0.0 0.0 0.0 0.0 7.580031064406142e-06 0.0 0.0 0.0 5.192231842289476e-06 0.0 0.0 0.0
0.001084628526036707 1.2784924654854576e-05 0.0007261676624416379 0.0001896957372636019 3.7544394335692974e-06 0.0008436724374881568 0.0 0.003275292549650233 9.528187961704684e-05 0.0029968661766805998 2.017762925795287e-05 2.2465733210906834e-05 1.489884960860069e-07 0.003373916801428611 5.31024829765467e-06 5.01517265293065e-06 0.00016070440301653267 5.684217139550626e-06 1.6043045391698987e-05 4.1139090092123696e-05 0.00021857612541937175 4.9587764866691555e-06 0.0012151624270949823 0.000705861485532101 1.486217219968054e-06 0.0002408150011564087 0.0002287208565500826 0.009714244093399663 0.0007699907778144434 0.003396153893067871 1.4389732339747007e-07 4.661898901526763e-05 6.253836818244653e-05 0.00021800797567235496 5.1320113860072056e-05 0.0010022199351085515 0.0001029942563006725 0.0006808631153578922 0.0003622472187505436 0.0003535921327640811 9.36784945383194e-05 1.4742732782072299e-06 3.7225914596219096e-05 2.2066051526776897e-06 9.222816371357356e-07 1.6929272204780804e-06 4.704904175079909e-06 0.0 7.823078869285099e-07 2.1126828501978476e-05 1.4165340285747787e-06 3.123776017571523e-05 1.1428671815391193e-06 2.600620789798926e-07 3.680480042151501e-06 1.0467607721974777e-07 2.7608891420781755e-06 4.7518421608991116e-07 1.5028074904108885e-05 2.3828674784848754e-07 5.703026692671291e-08 2.51937524318971e-07 2.638750703701628e-06 1.2850814460671661e-05 8.554084971256071e-06 4.427816783579458e-06 0.00014529326458316983 2.9736958953482795e-07 2.0417341198423413e-06 2.5652533513386336e-05 0.00018335636333493375 9.667760467119473e-06 3.706124601527769e-05 7.456390238816154e-08 1.9328237541587143e-07 1.411629069055824e-06 4.383405339798143e-06 4.849775481512957e-06 4.190058176176299e-05 1.834833703659126e-06 1.2244860755948998e-05 3.925291681619108e-06 2.4265855349965548e-05 3.1370040077012908e-06 7.026158736450654e-08 2.674866154935138e-07
0.0005632047362533146 4.529115026135966e-07 0.00012258217978151497 2.9422024100146985e-05 5.8187535152917615e-06 0.0035736025319810425 0.003275292549650233 0.0 9.096754938906518e-06 0.002450322844502417 5.119220474252066e-05 0.0005725935051213338 1.1428267412460343e-06 0.0033479771428125563 0.0006841123063028204 4.903087604894996e-07 6.495214182721258e-05 6.448640501531265e-06 1.1234902939532206e-05 0.00012757891221643706 2.0898323085187122e-05 5.220650924676456e-07 7.375425356058137e-05 4.2315089553842265e-05 3.617919820465095e-07 9.184657818996882e-05 7.080826007988909e-05 0.00019005364642187396 0.001503847381187271 0.001099112176557037 8.951925493165816e-08 0.0002839965103392896 2.5123958660660322e-05 0.0002527947528084983 5.640820749082217e-06 0.00016119014787962664 3.2742181925237705e-05 0.0003316089151972365 6.875385390323254e-05 0.00036448533123099137 3.063282821152956e-05 5.474119091589259e-06 3.330082663428832e-06 1.2618687757478816e-07 2.9605365026770546e-07 4.5094535699704263e-07 7.352788899069009e-07 0.0 9.916461504110194e-08 2.9309101904784437e-06 6.938809268564967e-08 2.289682306093866e-06 5.409087586483153e-07 0.0 2.713120821370414e-06 0.0 3.4200628985722044e-07 6.925281432933226e-08 1.651075883982266e-06 0.0 0.0 1.7685762179059274e-07 1.397460011197821e-07 2.036491469202579e-06 6.963033141076069e-07 8.372357712106724e-07 1.3060983442511399e-05 2.8685393553605257e-07 6.23721741279125e-07 3.580103196554252e-06 2.0527532533379066e-05 8.727915186142253e-07 5.313487633607337e-06 0.0 0.0 1.8729129566547582e-07 4.063335508347476e-07 7.847359283860561e-07 6.204013799612965e-06 1.29092873602191e-07 1.148163118672469e-06 2.257099575650465e-07 2.3225755013823816e-06 2.329224867714934e-07 0.0 0.0
7.924956086928793e-08 0.0006493788654251078 1.8220785887044927e-06 0.00011888459207107624 1.2406448123070638e-05 4.475596836863397e-05 9.528187961704684e-05 9.096754938906518e-06 0.0 5.150091879098108e-05 1.8275441911603564e-06 0.00026338030526937083 2.3037888546454297e-06 4.3743998049933745e-06 0.000328122539405601 3.4609126806349424e-05 2.924227223681767e-07 0.0 0.0 8.846048496150562e-05 2.1132486836571338e-05 0.0014016339628383277 4.5842558724840365e-06 0.004255189983030752 0.00010222074291556507 1.0166270605131447e-06 1.0462925765140222e-05 0.0005834583237918307 6.598953697969664e-06 2.59167444690529e-05 2.318153735867482e-07 7.542462638636604e-07 2.309803259464726e-06 8.114966758505746e-06 2.675507181514122e-06 8.555919860633117e-05 3.1522270918106772e-06 1.955851322584976e-05 9.603568852315156e-06 0.0002208342840454958 3.6652894394037884e-06 8.639834819142354e-08 3.992748117390986e-06 2.2023356124866307e-06 3.970727772864724e-05 2.071596989169009e-06 4.5498554164082966e-05 6.700561121925116e-07 4.753493439606718e-06 4.972719121145694e-05 2.511895991957346e-06 4.2961102712477816e-05 1.6616261667672774e-05 4.012874161504111e-07 5.233841165445848e-05 1.0258179045970548e-07 2.6689863632714033e-06 1.4669833384147975e-05 0.0001262455735748436 5.749912311539129e-07 5.642559943852238e-08 1.4224049222001513e-07 2.5070438971164403e-05 6.571935257209972e-05 9.779411747523796e-05 3.402385390751952e-05 0.0006816925422239401 7.767664930635626e-06 1.9216713543434746e-06 1.6442117071082896e-05 0.00039407381781765555 1.8494805896988414e-05 8.49609504932679e-05 0.0 1.5247687537623795e-07 3.1485894727741214e-06 7.655870982277165e-06 6.355880658504339e-07 8.033189694579117e-05 2.478869654780827e-06 1.2802076238130614e-05 6.836543726284017e-06 0.00010368989985693039 3.4907401307603573e-06 2.9824260292137234e-07 1.0686208616441724e-06
2.6880501917292352e-05 3.2955030003126606e-07 4.373838636547868e-05 0.0009357388481683162 9.436937670885938e-06 0.004640686250846099 0.0029968661766805998 0.002450322844502417 5.150091879098108e-05 0.0 4.798504514915198e-05 0.003710304922054666 5.896155602359557e-07 0.0007712125334310996 5.642326935765866e-06 0.0 1.190748247514494e-05 6.81816268766517e-06 2.7249222693031787e-06 0.0022863197422331068 6.200307261865033e-06 4.961150513825226e-07 3.954527811705171e-05 0.00047869960080918384 1.9527331736888212e-07 2.9908562682740827e-05 1.7867216793939493e-05 0.004234577809492193 0.00030708565802350707 6.479860776783779e-05 2.732418307072295e-07 0.00013285269554681574 5.39994674593145e-06 0.0002648568088287634 5.34181273095323e-06 0.000259759069863338 2.8525479635941162e-05 0.0008269410831220061 9.808780103672939e-05 0.00047265102108969394 0.00017539728118919803 3.6601929138056297e-06 3.8738778064210534e-05 1.8946428741391823e-07 2.7993200123681114e-07 2.5212838215501563e-07 1.0897483795836936e-05 0.0 8.246093373860247e-07 1.3231756903400956e-05 8.789603595716423e-07 1.514096696979009e-05 2.8850636308449553e-06 6.257818993273831e-08 1.0668798062685068e-05 0.0 1.9308063959097562e-07 1.5013640525059501e-06 8.004798294717298e-07 4.966798146511793e-08 0.0 0.0 5.0023885039194425e-06 4.0311666736410246e-07 4.87850425006887e-07 2.8702509560379626e-07 8.164873937945923e-05 0.0 1.836843189061477e-07 1.03784307519621e-06 8.958071334220115e-05 2.3908895217961846e-06 5.073040423262315e-06 6.254041435562712e-08 4.83850087649275e-08 5.032368159021381e-07 1.963079870608243e-06 9.808796100772909e-07 1.988617999428556e-05 0.0 3.843628169809488e-06 9.828790352964275e-07 1.6481556679191493e-05 8.659158822876771e-07 0.0 0.0
1.9866210201917325e-06 3.39808636299392e-05 1.4934035253954783e-05 1.977919990815884e-06 2.528556380038101e-05 5.0984117823398816e-05 2.017762925795287e-05 5.119220474252066e-05 1.8275441911603564e-06 4.798504514915198e-05 0.0 2.430763724341527e-05 0.002419950351773248 9.354960685176013e-06 6.829589838870759e-07 8.305640384808988e-07 0.0001801193165493684 0.0013733819776919932 0.0006999626992876981 8.271978491351478e-06 6.552436647276597e-06 2.1516917306425757e-06 2.6953155449190965e-05 6.387637244823952e-06 0.0014691016350248767 0.002169532047925042 0.0012631557114011467 1.0729743626922014e-05 5.16258317191083e-05 2.2199921602223225e-05 0.000283266218717713 0.00011707094193986797 3.949942926051913e-06 0.0031061104120905926 2.031098385368075e-06 0.0003837197829512945 0.0027872537450909806 0.0031562842235824183 0.0006573765311712275 4.2903583589514725e-05 0.00015669303810163568 0.0019123510009820275 1.7474080370267152e-05 0.0 3.424705882468291e-06 8.074472869804291e-08 0.0 0.0 0.0 0.0 0.0 1.5044001891920585e-07 0.0 0.00010617209005302455 4.7419802466396716e-08 0.0004535020839162046 0.0 0.0 2.1730581902592197e-07 9.426765749596019e-08 2.741352485400557e-06 6.3961417621573196e-06 0.0 4.8369638714493195e-08 0.0 0.0 1.0874910145538113e-06 5.316745651136329e-05 0.00017203898969768975 0.00024554974361773435 2.2099083596418762e-06 0.0 6.640879779552898e-07 0.00014187928287166 0.0 0.0 8.387506407206741e-07 1.6590312780906612e-06 1.0098771655205302e-05 0.0004414761518539168 3.3467373691299437e-06 8.026692712436e-07 1.5253817714765444e-06 0.0 7.945216311816983e-05 0.0
2.9767351702167825e-06 1.470226556009532e-05 2.906191009483612e-07 0.00195663074863049 1.672372869249251e-05 0.003479344735788922 2.2465733210906834e-05 0.0005725935051213338 0.00026338030526937083 0.003710304922054666 2.430763724341527e-05 0.0 3.043167779851648e-07 0.00015463017729183315 0.0005440318423245475 0.0 4.360297443293634e-08 1.4205694572287998e-06 1.2770336782686968e-06 0.0016693571271331497 1.310248709422327e-07 3.716766341982283e-05 3.3800972849214124e-07 0.0007810755631578637 2.534505183541322e-06 2.9785614475917954e-06 1.545818123916958e-06 0.0009066722920805288 5.2274265230263236e-05 2.6017382566378076e-06 9.753198934531371e-08 7.92832199962929e-05 4.6276458144180433e-07 9.682669882072572e-05 9.979206432482113e-06 0.00030909490546006944 1.0793522637261448e-05 0.00022533681846327133 1.6899624657026258e-05 0.0008921449585425501 4.843405442369374e-05 1.678239243422421e-06 2.123159063269851e-06 0.0 6.164752477046104e-07 0.0 1.723464911712548e-05 0.0 2.6499914265256264e-06 4.21817532159187e-06 2.577370497289998e-07 2.979315824379787e-06 1.2502565699959105e-05 0.0 3.0495906555000717e-05 0.0 2.103702755017797e-07 2.83242980093608e-06 1.9590206512447915e-06 5.925049575479967e-08 0.0 0.0 1.0599388601403333e-05 1.0084048074257356e-06 1.3135176076792302e-06 5.637968649967921e-07 3.079417805893851e-05 2.0716744733183723e-07 0.0 1.3446649444513188e-07 2.1465800944222782e-05 7.387277719239438e-07 5.737656731049502e-07 0.0 8.40859616678611e-08 7.460822041036595e-08 2.077612485700135e-07 0.0 5.5011586489513387e-05 0.0 1.1473967330543398e-06 5.651214949161587e-07 4.5991906914540456e-05 8.097680550335312e-08 1.6829924276062828e-07 0.0
0.0 0.0001228061845517205 8.122973870016529e-07 5.401198109856839e-08 2.514561380957965e-07 8.844020774073808e-07 1.489884960860069e-07 1.1428267412460343e-06 2.3037888546454297e-06 5.896155602359557e-07 0.002419950351773248 3.043167779851648e-07 0.0 1.48726156559195e-07 0.0 2.884269345924485e-06 2.513357911487083e-06 1.5441348126625414e-05 6.357393610670982e-06 1.4169645973730573e-07 5.701759602617415e-07 8.169367459449078e-06 2.1063140788486483e-06 3.9335591644450536e-06 0.003823225540715343 0.00032266931476282294 0.0026520537234877898 7.271588155687259e-07 6.653430357013568e-07 3.5613022362621867e-07 0.00019824633941195052 1.127195169090558e-06 5.080835820936849e-07 0.00016808876723862796 2.7222910403179083e-06 0.0001613759313901702 0.000875098223262914 0.0006904707898684097 7.863383759190972e-05 5.803505955707461e-06 2.2072833307189566e-05 0.0013558869747662264 6.546620707059648e-06 0.0 4.113084268662178e-06 2.586299291405073e-07 0.0 0.0 0.0 0.0 0.0 0.0 0.0 8.105712761827136e-05 0.0 0.00025653272313520364 0.0 0.0 0.0 3.2352680543927223e-07 3.350820977883506e-06 4.458060429471264e-06 0.0 1.5091752350031546e-07 0.0 0.0 0.0 7.824453001488336e-05 0.00012452098248920559 0.000173587289787368 0.0 0.0 5.8848377984195953e-08 0.0001051942475265662 0.0 0.0 3.929086452378053e-07 3.3267165049953514e-06 1.4093604366990002e-05 0.00027092659647096485 3.3236434340154423e-06 6.963345785431903e-08 3.6297263121847774e-07 0.0 6.711856583728121e-05 0.0
0.003172455279053492 2.880644835255789e-07 8.557829231365055e-05 2.8349770056746605e-05 9.845775628225145e-07 0.00039784151883438416 0.003373916801428611 0.0033479771428125563 4.3743998049933745e-06 0.0007712125334310996 9.354960685176013e-06 0.00015463017729183315 1.48726156559195e-07 0.0 3.3861817072072205e-05 1.3529782322188083e-07 5.510427905335315e-05 4.490227683347681e-06 1.1094770488076124e-05 7.685033950844902e-05 2.2567791077511422e-05 5.988996498142267e-08 6.010784871512748e-05 3.5032941297006824e-05 1.4241259922060125e-07 7.751093357812191e-05 7.001356876871134e-05 0.00016697978038682313 0.0032942084619077727 0.0018818686298107306 1.0159591598235746e-07 0.00013060922445754097 3.95201407673833e-05 0.0001002171116163899 5.0249451524695005e-06 0.00013886331254865672 1.6323657044201096e-05 0.00012749694485266044 4.3962333130178164e-05 4.232278580138749e-05 7.2973335771065565e-06 4.940363929273261e-07 2.7174455145301263e-06 1.8125576485272433e-07 2.491940759659804e-07 1.303583123930138e-07 1.3799643313089832e-07 0.0 0.0 1.6484966267408523e-06 7.055338354602045e-08 1.0873042261812217e-06 5.701963936638208e-08 0.0 8.466293137041028e-07 0.0 1.0872769764278554e-07 4.5703956242951465e-08 1.0172634072091548e-06 0.0 0.0 1.4194527612402072e-07 6.606431145334093e-08 8.590844465949642e-07 9.954464579880304e-07 1.0040339884629374e-07 6.331645681053536e-06 2.536003423032397e-07 1.164487927840469e-06 3.156459083375471e-06 1.2188724319279582e-05 6.772885113368673e-07 1.960797875933388e-06 0.0 0.0 3.081275644305726e-07 1.3349673739083354e-07 2.1765351554870486e-07 1.6093762132590674e-06 6.943598714015978e-08 4.6436397057741205e-07 1.4504860982543136e-07 7.098035791244363e-07 5.577846475141036e-08 0.0 0.0
2.5087752299960994e-07 1.6184618437131126e-05 0.0 1.1149955492015627e-05 0.0006268393894747565 0.0009149753858616275 5.31024829765467e-06 0.0006841123063028204 0.000328122539405601 5.642326935765866e-06 6.829589838870759e-07 0.0005440318423245475 0.0 3.3861817072072205e-05 0.0 0.0 0.0 4.992716715775214e-08 0.0 4.324991997630957e-05 5.0817495328708896e-08 4.423147481993654e-05 8.723190734718151e-08 0.00033256059140236596 2.4526474996307084e-06 1.8103090351915575e-07 0.0 2.756634412386326e-05 9.530522445023509e-06 7.421836346359901e-07 0.0 0.0001558933998880748 1.6526070743884902e-07 1.3834193605636102e-05 8.229501271376265e-07 0.0002525347779255989 3.030215147227508e-07 5.177186229829134e-06 7.242026242747824e-07 0.0009921955553054715 2.8644869891300508e-05 2.3257140163779503e-07 0.0 0.0 1.2482190283820986e-06 7.993305073424743e-08 4.728810766394613e-06 0.0 1.9512989617270893e-07 6.614725259667992e-07 4.75560269729674e-07 1.5388480838641422e-06 2.0145783984720556e-06 0.0 7.189935834902137e-06 0.0 5.000201085140463e-07 8.029924140325553e-07 4.049230755837956e-06 0.0 0.0 0.0 3.0345844675321296e-06 9.314077219694707e-07 3.05880600792764e-06 1.4086085450227792e-06 1.7640788804981942e-05 1.5081861988657378e-07 0.0 7.567331168940238e-07 7.509600660828323e-06 2.362135714301186e-07 3.082450232324913e-07 0.0 0.0 0.0 6.154715223692988e-08 0.0 3.4206024581667645e-05 0.0 0.0 1.0422410852181903e-07 2.0219056305928145e-05 0.0 0.0 0.0
0.0 0.00047756754948674514 6.5443828034561535e-06 3.7258171440898657e-07 0.0 0.0 5.01517265293065e-06 4.903087604894996e-07 3.4609126806349424e-05 0.0 8.305640384808988e-07 0.0 2.884269345924485e-06 1.3529782322188083e-07 0.0 0.0 3.77350140298666e-06 0.0 8.189096429578514e-07 0.0 0.00105830792450837 0.0010437560831588933 0.002833767371224898 0.001860427910167143 9.63156224847741e-05 3.3186676071381837e-06 0.003430215009847061 0.0012980500697496891 1.681375543690764e-06 8.155801633028222e-06 0.0 7.402174811935447e-08 0.0 1.43157198144405e-05 1.7768167593186216e-05 0.0010569275450213553 0.0004815177020253815 0.00012719866080381897 0.00023858779127919666 5.27755295028827e-05 1.0269331958381667e-06 2.721088373000881e-07 7.573590719803247e-06 2.9222555295083093e-07 4.4858739119151086e-05 5.671999839408091e-06 6.686834352137555e-08 0.0 4.844948237007158e-08 2.0260670142276002e-06 0.0 1.3923891960002185e-05 0.0 0.0 5.486893575624765e-07 1.863127728303773e-06 1.3559871700198426e-07 8.505110379408353e-07 0.0011944786617201501 1.9378161719254434e-06 0.0 7.130118345499671e-07 0.0 0.00013775443542367332 0.0004413235541076501 0.000511495923255784 0.00010354158909476633 8.101939486443711e-06 1.5858674159100456e-06 0.0005524242170074081 8.472016090800616e-05 1.0156080199086375e-06 2.266097766638875e-05 0.0 0.0 3.957469394799194e-07 1.079361243936365e-06 3.092600855451765e-06 0.00022109306414957663 1.6074963124858477e-05 7.944126636674438e-06 1.0306695525795696e-05 4.737257035619335e-06 4.4127257496462447e-07 2.3207240715928593e-07 1.836049565428818e-07
7.305702338704239e-06 1.1273727013902601e-05 0.001513583613603246 3.365262877614391e-07 2.0753191082664428e-07 1.3050094160899152e-06 0.00016070440301653267 6.495214182721258e-05 2.924227223681767e-07 1.190748247514494e-05 0.0001801193165493684 4.360297443293634e-08 2.513357911487083e-06 5.510427905335315e-05 0.0 3.77350140298666e-06 0.0 0.00033796884569186074 0.0027181233580106288 5.6042960311264387e-08 0.0002553520550480563 3.131720173308774e-06 0.0036452846833363926 6.552776713555402e-06 1.0076022270605298e-06 0.003227311963083501 0.002385923920024973 2.6516906137743468e-05 7.147021786589522e-05 0.00046896493640247655 4.2710782525976056e-07 1.6254874616804771e-06 6.960598236311893e-06 0.0012030847255333462 3.4628861911977613e-06 0.00028584848134397326 0.0003892889331160721 0.0015866869255914769 0.0003067314347661077 1.5287551766853315e-05 2.877192243766289e-06 1.1239398448420446e-06 1.2501091689427372e-06 0.0 1.7651730136596956e-05 1.7536740853359434e-06 0.0 0.0 0.0 0.0 4.4034854068001165e-08 7.173722959456827e-08 0.0 7.27410957959226e-08 0.0 4.1617012094534273e-07 0.0 0.0 4.4819530750477433e-07 7.346605427607884e-07 4.227567901500675e-07 5.0957235186504046e-06 0.0 2.685728296356497e-07 1.282737019562197e-06 8.661756588351015e-07 5.276374870356403e-07 9.631237979542703e-06 4.1839922476454216e-05 0.0001207263359858495 3.4860836041594456e-07 6.58720997381083e-08 1.7099799353568845e-07 3.8522626517190086e-07 0.0 0.0 0.0 1.8084914875982448e-06 1.7820294454033393e-06 9.103096794667909e-06 6.2384355518953e-07 2.8516430996127335e-07 0.0 0.0 1.1869149718053728e-07 0.0
4.67906379820901e-07 8.452025050355024e-07 1.8258018300347335e-05 3.55510131306355e-07 5.029587932892414e-07 4.360224701634374e-06 5.684217139550626e-06 6.448640501531265e-06 0.0 6.81816268766517e-06 0.0013733819776919932 1.4205694572287998e-06 1.5441348126625414e-05 4.490227683347681e-06 4.992716715775214e-08 0.0 0.00033796884569186074 0.0 0.0009531394668895019 8.964782180363111e-07 6.144906318107996e-06 1.2548932458323473e-07 4.636592795513111e-05 7.471882294895195e-07 2.9834996162803114e-06 0.0018778125692430721 0.00047093481049275164 2.063020203642801e-06 1.1001506297661062e-05 2.496311105547475e-05 5.633785679785976e-06 8.048663577373478e-06 1.071106791219367e-06 0.0004767427484971951 8.007319053421542e-07 0.00012069421098396 0.00034512553899542734 0.0008221019528403832 0.00013322026069275756 5.575718227925875e-06 5.008561586509922e-06 3.8090136075225384e-05 8.251055928025927e-07 0.0 5.044716398063524e-07 4.973900925419212e-08 0.0 0.0 0.0 0.0 0.0 0.0 0.0 7.005088345952151e-07 0.0 2.57082480445191e-06 0.0 0.0 5.6236651119945094e-08 0.0 0.0 1.763280711196597e-07 0.0 0.0 0.0 0.0 1.604784187653919e-07 2.008050568230768e-06 2.481758402543893e-06 5.431656380816445e-06 2.641118955349949e-07 0.0 7.408442568245442e-08 2.0560916525524996e-06 0.0 0.0 0.0 3.663433756242367e-07 3.4830483948414514e-06 2.9454225936636883e-06 0.0 0.0 5.238528429799861e-07 0.0 0.0 0.0
1.3848958832064387e-06 4.820321886734451e-06 0.00012563436625540755 1.0439125782029205e-07 3.320086159491505e-07 1.120183389646708e-06 1.6043045391698987e-05 1.1234902939532206e-05 0.0 2.7249222693031787e-06 0.0006999626992876981 1.2770336782686968e-06 6.357393610670982e-06 1.1094770488076124e-05 0.0 8.189096429578514e-07 0.0027181233580106288 0.0009531394668895019 0.0 1.9115575598608908e-07 2.109891120791318e-05 3.477766872999802e-07 0.000235400771624811 1.5577158303122184e-06 2.283515386392753e-06 0.0024451071598707258 0.0010003043774050237 3.420826775992185e-06 2.0784360504101648e-05 6.505075112092279e-05 3.366298540411934e-06 1.7071975727596043e-06 2.9040141987002346e-06 0.0011915160420943466 2.593278342971674e-06 0.0003695450821091849 0.000281088906224273 0.0013238627274702642 0.000506628263401928 1.475741249498679e-05 4.291582901591044e-06 5.937628060068865e-06 1.3294870352992299e-06 0.0 1.1173825278163737e-05 6.197066442905969e-07 0.0 0.0 0.0 0.0 0.0 0.0 0.0 4.639840000790737e-07 0.0 9.838049673596704e-07 0.0 0.0 1.1395727904414366e-07 2.3476169643181293e-07 3.9680534040451784e-07 5.652146942377609e-06 0.0 0.0 0.0 0.0 1.1804182299171145e-07 1.0766885619876806e-05 3.245225876123435e-05 7.946633778327894e-05 5.217113582697557e-08 0.0 5.460813793001391e-08 5.215145605822448e-07 0.0 0.0 1.9815153539525826e-07 5.626362383676121e-07 3.8143021722750277e-06 1.843170519968688e-06 2.764458953679911e-07 0.0 0.0 0.0 1.2200373522323779e-07 0.0
1.5063527647131677e-06 7.289983969588802e-07 1.03373034630127e-06 0.0018221553173579659 3.6364939238213207e-06 0.00028140494198094883 4.1139090092123696e-05 0.00012757891221643706 8.846048496150562e-05 0.0022863197422331068 8.271978491351478e-06 0.0016693571271331497 1.4169645973730573e-07 7.685033950844902e-05 4.324991997630957e-05 0.0 5.6042960311264387e-08 8.964782180363111e-07 1.9115575598608908e-07 0.0 2.1685447639929395e-07 1.229331192871158e-06 1.0558666036246322e-06 0.000251310176924443 1.9625011381236872e-07 1.7728998193538091e-06 7.7751486504519e-07 0.0016065042886461856 4.001954003229192e-05 2.9031559175539867e-06 0.0 2.176613402269515e-05 7.165598862610544e-07 3.9785339276180886e-05 3.447775842964918e-06 9.404495824484762e-05 5.244880987467548e-06 0.00014053328022413798 1.8313835170660103e-05 0.00025828033263610556 3.230015737212076e-05 5.031491463552998e-07 7.282386766523365e-06 2.3046589254968613e-07 0.0 0.0 6.6760175148007e-06 6.854889106229333e-08 7.209729885143291e-08 3.1678690919662566e-06 6.082088605034411e-08 3.0001132438782e-06 1.1801735182103653e-06 0.0 1.0943928034437717e-05 5.486440456520818e-08 1.7795592302177943e-07 4.4397538737724844e-07 5.762300775662347e-08 0.0 0.0 0.0 3.0190376223883783e-06 6.820779802655553e-07 0.0 1.2674962958939107e-07 2.9618082647880158e-05 0.0 0.0 0.0 2.4240063031892878e-05 7.566374688510464e-07 1.404278346348565e-06 0.0 1.9040019357557222e-07 0.0 1.1724366660283472e-06 1.834592697511888e-07 1.459184767732653e-05 8.046767649566252e-08 4.612713739988099e-07 1.247483457210805e-07 1.697009861168894e-05 0.0 0.0 0.0
5.786031022256351e-06 1.905396197325162e-05 0.0006295253384573338 1.9695149209957e-06 0.0 1.119505068782926e-06 0.00021857612541937175 2.0898323085187122e-05 2.1132486836571338e-05 6.200307261865033e-06 6.552436647276597e-06 1.310248709422327e-07 5.701759602617415e-07 2.2567791077511422e-05 5.0817495328708896e-08 0.00105830792450837 0.0002553520550480563 6.144906318107996e-06 2.109891120791318e-05 2.1685447639929395e-07 0.0 7.398204247398544e-05 0.006141363267024033 0.0004828266443900794 3.109177818749102e-06 0.0001454513523017178 0.00024961830746316653 0.004981725613037399 0.0001297407342620187 0.0031895645727665982 2.316528298252816e-07 2.7309856094205218e-06 1.5034362573399191e-05 0.0013251451420944098 0.0001278423956694262 0.0037861918343087926 0.00036803787042551534 0.0028632545815049796 0.002226527342473677 0.000208816420398838 1.0570473924887599e-05 1.6601691431151115e-06 5.025235457427435e-05 6.322495289001545e-07 2.485055337056235e-06 1.131763470506352e-06 0.0 7.416481323747536e-08 4.796848744146009e-08 6.508639590740418e-07 0.0 7.348848672382166e-06 1.0429557456080377e-07 0.0 0.0 0.0 1.1181759820184868e-07 6.231961465962238e-08 0.00022702325377043603 2.512712044594355e-07 0.0 4.122262434802247e-07 0.0 0.00010568053165813164 7.110855167722486e-05 7.175397953354014e-05 5.968063619900742e-05 3.621754155017304e-07 1.7343923257625485e-06 2.3067233486558563e-05 7.055918425314005e-05 2.755614131378054e-06 2.825567571926438e-05 0.0 0.0 5.531177750849465e-07 6.183925480208661e-07 1.3581087574015454e-05 5.748764099903842e-05 1.6510007945556279e-06 3.658705888816731e-06 3.957295902615855e-06 4.0421140742347135e-06 5.842288231992633e-07 0.0 1.0289875470751099e-07
0.0 0.0020364081129896194 1.9346381678738715e-05 1.8962625988532285e-07 1.958889606695646e-07 9.343470562936402e-07 4.9587764866691555e-06 5.220650924676456e-07 0.0014016339628383277 4.961150513825226e-07 2.1516917306425757e-06 3.716766341982283e-05 8.169367459449078e-06 5.988996498142267e-08 4.423147481993654e-05 0.0010437560831588933 3.131720173308774e-06 1.2548932458323473e-07 3.477766872999802e-07 1.229331192871158e-06 7.398204247398544e-05 0.0 0.00010592816888259395 0.0035552245969111104 0.00031577416514379545 7.862455388971307e-06 0.0016986853280472947 0.00018082771995524516 8.782849499394087e-07 3.2848209287362453e-06 4.870866649752755e-07 0.0 4.260848404060585e-07 3.1442492608720406e-06 5.378858790220016e-07 1.534816222642652e-05 9.151175564568999e-06 1.1715387013526988e-05 2.953886357668322e-06 8.208158359083831e-05 3.135038265118137e-07 0.0 9.229539555409218e-07 0.0 0.0002268446674640474 7.545467640014337e-06 1.9465679248154926e-06 0.0 0.0 1.0342201179669292e-06 4.8023041729432345e-08 7.896631478701102e-06 8.643528639816996e-08 0.0 5.544411450358205e-07 0.0 1.0284804293214733e-07 7.966042955149836e-07 0.0003914573008114494 1.0967791031625161e-06 0.0 7.628220398498958e-07 0.0 2.6002518264166442e-05 0.00014229562044320058 0.0001373130925643793 3.965628133344433e-05 2.1961358295203506e-05 2.691190443681369e-06 0.00040454250136490183 1.991600949009895e-05 2.838085642982578e-07 2.427028771565016e-06 0.0 0.0 2.1640156468146833e-07 9.357192206765189e-07 1.5064082346304173e-07 2.5596249363019386e-05 7.77882480417702e-06 4.92001458900482e-06 3.2787592437949035e-06 3.003361556128145e-06 0.0 0.0 1.5132595676516585e-07
6.026219172122997e-06 6.370682496017113e-05 0.0054381629344745636 3.5021621090518246e-06 3.5808106962535966e-07 2.7574035644570156e-06 0.0012151624270949823 7.375425356058137e-05 4.5842558724840365e-06 3.954527811705171e-05 2.6953155449190965e-05 3.3800972849214124e-07 2.1063140788486483e-06 6.010784871512748e-05 8.723190734718151e-08 0.002833767371224898 0.0036452846833363926 4.636592795513111e-05 0.000235400771624811 1.0558666036246322e-06 0.006141363267024033 0.00010592816888259395 0.0 0.0006924414325746819 1.0098454323140605e-05 0.0023688257402317745 0.0058964589921255035 0.0029324269553136586 7.647427255684516e-05 0.0021111444382313385 1.6165409067051883e-07 3.0241114920313395e-06 5.613035466063645e-06 0.001640699415811227 0.0001545479652359145 0.006462385678319842 0.0029778893297994187 0.004457166608839815 0.0035704787036869084 0.000320479608460176 1.3656092868409505e-05 5.099725362492084e-06 5.433186324949488e-05 5.034536204806547e-07 1.4224994382279581e-05 2.4599386794356113e-05 1.0335936318939065e-07 0.0 0.0 3.1352831724721673e-06 4.482249871973772e-08 4.102017382360734e-06 0.0 1.950363376426977e-07 4.3875600311220185e-07 3.126131148721852e-07 1.9437901755811105e-07 0.0 0.0004182233116221771 3.297920789852656e-06 1.9392335112656195e-07 2.1116351605706163e-06 0.0 2.5984563212286542e-05 0.0001530957486765848 0.0002128174191459981 2.6835106074214184e-05 2.529916562198872e-06 1.2215089038690779e-05 0.0006788499852853771 2.2005831039191056e-05 2.388373110374533e-07 1.0541045232095079e-05 3.9209486993515216e-07 9.714591073884701e-08 1.862340647116207e-07 2.8224278697431643e-06 2.5062984993647855e-05 9.756897511782717e-05 1.0390540391318565e-05 1.4494531177810001e-05 1.0170030515457775e-05 3.384720422357264e-06 4.0106604907729e-07 6.692410925731483e-07 5.828183667304506e-07
3.3863091761066494e-06 0.0012272991904701352 2.9217462185486472e-05 0.0011347041442905052 3.5762106725875816e-06 1.7757543957539842e-05 0.000705861485532101 4.2315089553842265e-05 0.004255189983030752 0.00047869960080918384 6.387637244823952e-06 0.0007810755631578637 3.9335591644450536e-06 3.5032941297006824e-05 0.00033256059140236596 0.001860427910167143 6.552776713555402e-06 7.471882294895195e-07 1.5577158303122184e-06 0.000251310176924443 0.0004828266443900794 0.0035552245969111104 0.0006924414325746819 0.0 0.00021821016547328981 1.3194379902844576e-05 0.0010770086900868047 0.005503315041100095 9.954934946465996e-05 0.0002507959692772288 3.476212768383969e-07 8.83803097776958e-06 3.045587831856807e-05 7.996132127730535e-05 3.592030395994609e-05 0.0011059368350905257 2.777906227239252e-05 0.000271562785350052 0.00014629327039757998 0.000656491720210566 5.3563911013149706e-05 3.952727609025952e-07 2.8446781064771916e-05 6.018004451455927e-06 6.90480103950716e-05 5.157430553845773e-06 0.00015132392281211448 6.806249079058872e-07 1.2261472736196776e-05 0.0001554231866781131 1.3157270512552774e-05 0.000281964399968358 5.688476010704126e-05 1.029729097227326e-06 0.00012625545117218913 0.0 1.3518410687855089e-05 3.048863890804213e-05 0.0004051119600196225 1.539666507746204e-06 1.8475009182031292e-07 6.452884889307817e-07 6.301264112436753e-05 0.00022766074526912349 0.00019897059430535309 0.0001149168678396692 0.0014365813840712676 1.7196089651790365e-05 2.803875510625805e-06 6.017110993319761e-05 0.0013146657638602505 6.541063643412635e-05 0.00023348984689390798 1.482363183734599e-07 9.167211614001296e-07 8.111898680444459e-06 2.7657703774077762e-05 5.13241171164871e-06 0.000439380193440459 6.580626478005011e-06 4.7556428527273836e-05 2.2313764838466986e-05 0.0003618885086631694 1.138138731084584e-05 1.28982317627658e-06 2.484038143362065e-06
