0.0 5.5849417853631675e-08 2.3054182342265517e-05 2.1255610782490832e-06 1.3010121933926108e-07 5.930820737561127e-06 0.0015787413704974188 0.0001625505287631123 1.2496947085516043e-06 1.9660566506742987e-05 1.13701737136017e-05 4.019854368482029e-06 6.014140774815868e-07 0.003359162500156992 0.0 9.940221906502172e-07 3.303918185317125e-05 2.1210722412319963e-06 4.2981460988304715e-06 2.298910721822144e-06 1.7495741327060635e-05 1.1210570081332153e-07 1.803648616663409e-05 1.3360862072097089e-05 1.1789574137180317e-07 1.6573641871842853e-05 2.1686686916636198e-05 5.451698718330865e-05 0.00333232717176086 0.0007816526306323663 0.0 4.38256349126108e-06 0.00011781876221529106 0.0002909268792748158 4.91693518749699e-06 9.711666494980942e-05 7.543304493994467e-06 0.00012597381904385277 4.929112941537269e-05 5.6207787713090084e-06 2.233732776999602e-06 4.724259733544651e-07 5.749854767803324e-07 1.1569590019083016e-07 0.0 1.0122936675969368e-06 0.0 0.0 0.0 1.1844792255130997e-06 4.1428934171829117e-07 2.554720249942292e-06 5.541337756051775e-07 0.0 0.0 0.0 5.572792338130089e-07 0.0 1.3784128835391967e-06 2.0010199514431746e-07 0.0 0.0 0.0 1.445559466654859e-06 6.501491290902512e-07 3.2525572514112156e-07 9.412417872176366e-06 0.0 4.417332451662753e-07 3.823983670200203e-06 7.76779202482202e-06 4.593508012675206e-07 2.1551696050443323e-06 0.0 0.0 0.0 0.0 3.7166911735674976e-07 2.0075948306702433e-06 6.266851267223722e-08 3.4244224332213274e-07 3.642905690950208e-07 5.121869967135539e-07 4.6318319657585143e-07 0.0 0.0
5.5849417853631675e-08 0.0 2.0511432948087538e-05 2.7592316582035786e-07 0.0 5.180069423585335e-07 1.094579969730841e-05 1.7554321935068496e-06 0.0005310354366522015 6.991251106291794e-07 0.00013254861951900426 4.362145296892878e-07 0.00039243498113607396 1.7543187738605585e-06 1.0970363590565883e-06 0.00010161129149140168 4.3386555765218725e-05 3.397406638443019e-06 9.657423373809073e-06 4.6886208154280666e-08 5.222761954770542e-06 0.0012966757024164175 1.4620253747193525e-05 0.0005758921144222297 0.0009419109012541318 0.00022555603247332415 0.004771946912021364 3.5549009159005166e-05 2.077592276262688e-06 5.785366046332845e-07 1.7744914406002812e-05 7.280970990264998e-07 6.548918419142769e-08 9.892926188006063e-05 3.3917119488884506e-07 3.1604553666479286e-05 3.837701860677375e-05 8.858849349856166e-05 8.005947138032885e-06 5.254097302614477e-07 8.315934428653861e-08 7.068550875774533e-05 5.7754384857684644e-08 0.0 0.00021264954659994958 2.099315000672285e-05 4.5855108987683397e-07 0.0 0.0 4.256697474451721e-07 0.0 3.0233182979728014e-06 4.5728358571099973e-07 1.9022046873630194e-06 7.726202410304867e-08 3.10411035189956e-05 6.762464868712788e-08 9.877666034466104e-08 4.939434167017138e-06 1.0225834290646936e-05 1.622395133723724e-06 1.3594441525155818e-05 4.2894214355647324e-07 7.088053926974471e-07 2.109298725996324e-05 1.2773460716224283e-05 5.6350411846114466e-06 5.9872283064737305e-05 0.00027230514183706914 0.0006958920287432808 1.987967626768062e-06 0.0 2.4121683346389023e-07 3.3524015920271645e-06 0.0 0.0 6.795332894006613e-06 2.948912178073098e-07 1.1697954712606853e-05 1.3851949476558464e-05 1.1667690133927069e-05 4.524751837934977e-06 1.7081128275311068e-07 0.0 4.416411274758106e-06 0.0
2.3054182342265517e-05 2.0511432948087538e-05 0.0 2.6674448393979604e-06 0.0 3.341516638031906e-06 0.0007848395191725389 0.00010844423998704732 1.2368343370344314e-06 3.571661673638694e-05 1.4118596069696742e-05 8.534035547269987e-07 1.963599562635047e-06 0.0001657979802454104 1.1003661781316217e-07 4.498047980496537e-06 0.0016823940542971005 3.603546283435625e-05 0.00010277556267492658 3.9181107114568944e-07 0.0006165801753144081 3.0992000658954985e-06 0.006957153461371644 4.059224074038689e-05 8.096913324881412e-07 0.007276121528723136 0.004682257737715687 0.00021598394309862545 4.06644964005526e-05 0.0003376473903579353 1.6846492818144561e-06 2.844665092190627e-06 4.478988457184801e-06 0.00034300621526232736 2.128263099527695e-05 0.0006990198613275059 0.000859425534354514 0.0007868706310031078 0.0002579354450188062 2.9541753040016283e-05 2.2973427559989206e-06 5.974065994937224e-06 2.720112731021994e-06 8.006418454076448e-08 8.338965607706581e-05 0.00029734923521719997 6.620160465800042e-08 0.0 1.0136092018191362e-07 5.4641304595564324e-06 0.0 3.5312567453177247e-06 7.015352378442083e-08 2.8230270970031346e-07 8.235074490366379e-08 3.3160195204451213e-07 6.773285052485942e-07 4.514519230637872e-07 1.1859177166053423e-05 2.143827378330178e-05 1.494178632804809e-07 3.914006010937605e-06 4.2323184989531917e-07 6.478229184066454e-06 1.5694449273165765e-05 0.00017289035303490476 1.482737929067767e-05 2.4310668271347777e-06 0.00024956279161183326 0.0011083917818663026 9.030348894369594e-06 2.2122698537250696e-07 1.688661096503939e-06 2.698909813076165e-07 0.0 0.0 1.178029865229344e-05 3.5934876635976294e-06 4.590355621536458e-05 1.6332591058944825e-05 4.034202618478614e-05 2.6250697212834803e-05 1.205347362419841e-06 8.411759904330883e-08 0.0 1.025115550469576e-07
2.1255610782490832e-06 2.7592316582035786e-07 2.6674448393979604e-06 0.0 7.971656157812614e-07 6.503332363118275e-05 0.0001794368677348001 4.5423093362320325e-05 0.00032638556765851216 0.0018800273565690675 1.0928022740227805e-06 0.003463722940743063 1.3352782248628833e-07 4.166715962046688e-05 8.948748480523412e-05 6.114748428378304e-07 4.60565920483574e-07 3.0751445739589356e-07 5.407609671582769e-07 0.0021158903685558274 1.2788136049902312e-06 2.1398338683009638e-07 1.9899480191895313e-06 0.0009700509547819729 0.0 6.854595850327025e-07 2.180618770539596e-06 0.0015401157872493435 4.5440952590874154e-05 1.1341654823462783e-06 0.0 2.4978777010584497e-06 3.479098840299757e-06 2.281947347191708e-05 3.7989664967663564e-06 8.866696997732324e-05 2.5511555636317494e-06 3.205070005593719e-05 2.7552211889645417e-05 9.407121796077295e-05 4.021628855751139e-06 5.714722621171155e-07 1.5313806903495266e-06 7.144518591398461e-08 0.0 1.4576061413734208e-07 6.774764144327462e-05 0.0 7.246559387293598e-06 7.07501778408831e-05 5.98738662262798e-06 5.101923174572229e-05 0.00014056242702060803 1.4069577285458594e-07 6.732085607460447e-05 1.4704913539748598e-07 4.358278667592915e-06 5.388857181250971e-06 1.8308746369602046e-07 0.0 0.0 0.0 8.293234658103843e-05 3.394619517794925e-07 1.3658627935371139e-07 2.893321907934888e-07 0.00020083069885809234 0.0 4.851382822081227e-08 2.907087752009609e-07 0.00010691148875642205 1.6039170276653815e-06 1.2686213129425713e-06 0.0 7.412767402914658e-08 0.0 1.2660182969914776e-06 7.457592658688196e-07 1.4387878951211344e-05 0.0 3.5192855628435888e-06 1.819685263663584e-06 2.840172332428116e-05 2.6749350296033363e-07 0.0 0.0
1.3010121933926108e-07 0.0 0.0 7.971656157812614e-07 0.0 0.0001553823121300228 7.445796317945105e-07 0.0001370224125512182 1.7190432053293817e-05 2.761267290573155e-06 2.5959138605986453e-05 1.5907459669883624e-05 1.8373886107938534e-06 8.684208154789365e-06 0.0004561902173231086 0.0 4.176870867352939e-07 2.5234307788399944e-06 2.01408108243302e-06 1.9377002281319365e-06 0.0 0.0 3.487832911323309e-07 4.06257104278052e-06 0.0 1.5938661155803439e-06 3.6478953666983597e-07 4.2019863878682664e-07 0.0001466402938455125 8.033541680696842e-08 1.0288093391361554e-07 0.00014333344201798885 0.0 0.00019120435758375164 0.0 1.2481319726843523e-05 2.757892500633721e-06 4.916369069173509e-05 2.635501731836237e-05 0.0007862922426801823 6.71558521554556e-05 5.2474683454867305e-06 4.0617623839958595e-07 0.0 0.0 0.0 0.0 0.0 0.0 0.0 0.0 0.0 0.0 0.0 0.0 0.0 0.0 0.0 0.0 0.0 0.0 0.0 0.0 0.0 0.0 0.0 4.007359778310866e-07 0.0 0.0 0.0 3.279832806485861e-07 0.0 0.0 0.0 0.0 0.0 0.0 0.0 8.265163685273834e-07 0.0 4.185542637041107e-07 1.7002628369970202e-06 0.0 0.0 9.483440143364311e-08 0.0
5.930820737561127e-06 5.180069423585335e-07 3.341516638031906e-06 6.503332363118275e-05 0.0001553823121300228 0.0 0.00028020504440974677 0.006304307717601096 0.0001433419749397155 0.0035259779726989535 5.6047423500356203e-05 0.001698448729089534 9.87325473905505e-06 0.0004455669229665851 0.0020213447039028913 3.9131907585547296e-07 1.899186560595488e-06 1.1089723114453981e-05 9.452560110207918e-06 0.00010684425741067076 1.6553450146782706e-06 2.1956531323231199e-07 2.457079166109995e-06 7.570941526755747e-05 1.2331432994130532e-06 6.731889214019024e-06 4.498610303788433e-06 0.0002268666886208805 0.00023063733452180645 5.332262987520608e-06 1.0239198519248414e-06 0.00022455313803938423 1.6095808951183844e-06 0.00030616982945618734 4.029180786687547e-06 0.0003379308857663902 1.3001088002688246e-05 0.0003274595783966669 0.00013530492168532983 0.0023960396509240347 0.00016362903557045147 1.5284283599699468e-05 5.634266124961836e-06 7.198228943523135e-08 0.0 0.0 9.483842898609323e-06 3.016220415723371e-07 3.970250636296847e-06 1.3405174456565347e-05 8.193007742143277e-07 9.562262596689022e-06 2.0619762280614295e-05 6.467292940341839e-08 2.9160249986734667e-05 7.73888766164513e-08 6.561063633998615e-07 6.455326138749402e-06 9.02807867692299e-08 0.0 0.0 5.024305132920436e-08 1.457950017939686e-05 3.7178392615809786e-07 0.0 0.0 3.178777928387844e-05 1.3972823656879713e-07 8.387965776538869e-08 1.9834827251192795e-07 1.4605364711878761e-05 1.0069424651556764e-07 8.552831720189962e-08 0.0 0.0 0.0 0.0 6.335096048278085e-07 1.9244886238798586e-05 6.026078974448486e-07 3.2238397068504103e-06 5.219727462811047e-06 4.2217042270150975e-05 0.0 1.236756130870921e-07 9.343856342237492e-08
0.0015787413704974188 1.094579969730841e-05 0.0007848395191725389 0.0001794368677348001 7.445796317945105e-07 0.00028020504440974677 0.0 0.00255646529339462 0.0001514505126854343 0.004610265636100435 2.429989259436257e-05 2.8320258679527675e-05 1.8933214992942551e-06 0.007589353809428027 6.495148312534273e-06 5.7951168862134516e-05 0.0001536040480768139 6.04224109769694e-06 1.4753937421402483e-05 7.563931669413744e-05 0.0006008281898465689 5.484114811868851e-05 0.0006249999495406008 0.001137038265748953 1.0482689149116492e-06 0.00013227566161236215 0.0002621032613647773 0.011983101766455222 0.0010788490550862268 0.0020326311150247966 2.6174538149951147e-07 1.9239343591827177e-05 0.00012572310138111526 0.0005883416508523631 6.208788978407421e-05 0.0013701434454313636 7.62316042441351e-05 0.0007102023024283078 0.0005368984061603893 0.0002671014737472677 5.834958909847548e-05 3.7748504038705257e-06 2.177497297287793e-05 2.567497696566602e-06 2.3260537440876272e-06 1.6296344824396275e-05 2.637481273327126e-05 2.3061812182356502e-07 1.1596261803269782e-05 0.00020202813931935478 2.447302094400816e-05 0.00011111977898430697 6.983560758428086e-05 4.5317960172575066e-07 1.3235198923523796e-05 1.4169449879048874e-07 2.0181425313983436e-05 2.057801769426342e-06 7.040362828336309e-06 7.927175024008964e-07 7.072669161482212e-08 2.535617831116044e-07 2.2263127031770438e-05 5.924774463687334e-06 6.337126044903242e-06 1.7626783767694612e-05 0.00042664199204272576 5.067953193805497e-08 3.3068270272781188e-06 4.7388436887131846e-05 0.00037806707614668894 9.5668003028127e-06 1.4915957911851906e-05 0.0 5.682106400046993e-07 5.416913364892641e-07 5.355849866194856e-06 5.781092169527831e-06 7.428921639091015e-05 1.937322896851215e-06 2.8752564527165322e-05 7.4805675133389625e-06 4.470304501220293e-05 1.116048279262294e-06 5.395948692658882e-07 3.774111389967009e-07
0.0001625505287631123 1.7554321935068496e-06 0.00010844423998704732 4.5423093362320325e-05 0.0001370224125512182 0.006304307717601096 0.00255646529339462 0.0 3.476813116388253e-05 0.002514008619769218 0.0001383998156749398 0.0006165531729964102 2.628146467960726e-05 0.0036165912671044043 0.0002290170433622068 1.4154936055113606e-06 4.9255949112455365e-05 2.7889108642135652e-05 2.453546268293819e-05 8.68329602663299e-05 2.9577751056777983e-05 9.30992734164894e-07 4.371624236608452e-05 0.0002058889674706253 3.700168626271582e-06 4.6021266415258695e-05 4.4408898978659627e-05 0.0001984608432321955 0.0003899041599546034 0.00019038885982323737 1.9988417585004846e-06 0.0008349318116542879 2.178239956233386e-05 0.00048075975025294395 1.2589521995238019e-05 0.000574857614499687 3.907713397858437e-05 0.0005946536569438925 0.0003086389762212949 0.001394449597893571 0.00012865678080657838 2.879643766141647e-05 4.804554445277955e-06 2.7315823545184136e-07 1.3519481108630516e-07 1.7262436150609629e-06 8.897701966952013e-06 1.120682910537204e-06 2.476867553045113e-06 4.1277949968849296e-05 3.7122466539951688e-06 1.60197103110541e-05 1.718617584109483e-05 1.560440805008573e-07 3.8628474629995125e-06 2.3727089906738098e-07 4.831014061136578e-06 7.741897104614114e-07 9.967442923312304e-07 4.7634871135365114e-08 0.0 5.835814460773117e-08 4.682996676631875e-06 1.6853757248150698e-06 1.2689710483812142e-06 1.6798193411807136e-06 8.007100580746089e-05 0.0 1.0514427486099966e-06 6.086045143958683e-06 7.221797190827291e-05 1.4710551140474478e-06 1.4223625829795237e-06 6.058665828814833e-08 0.0 2.16934593773404e-07 1.317084957792286e-06 1.1257400889896024e-06 2.5469716693942623e-05 6.252769999666837e-07 8.519403279886604e-06 1.0800154292934474e-05 5.106500427063489e-06 2.660884279713861e-07 6.219962838927701e-07 0.0
1.2496947085516043e-06 0.0005310354366522015 1.2368343370344314e-06 0.00032638556765851216 1.7190432053293817e-05 0.0001433419749397155 0.0001514505126854343 3.476813116388253e-05 0.0 0.00015824433942488833 1.6544327372749077e-05 0.0002283794540390232 4.553449622491763e-05 2.027622493195893e-05 0.0007137112089881537 7.562017977029893e-05 8.973969107672173e-07 4.712748409994657e-07 7.62038484887373e-07 0.0002921182138896386 1.9962128378019003e-05 0.0016020149870606007 1.8043631800494016e-05 0.006135633894033379 0.00014434100568474391 1.2507577729328807e-05 0.00044560378328936917 0.0005979432443403681 1.9024791625954624e-05 1.0914684637274207e-05 2.7893451707170586e-06 1.2200098467490949e-06 3.567471689975648e-06 1.8134575210470326e-05 1.4601636072927024e-06 5.153027470488165e-05 3.4765160617945358e-06 2.4340171367398598e-05 9.43795416524083e-06 0.0002053845517273789 3.498019730981459e-06 6.133172950313318e-06 7.019385759692394e-08 4.9372865325805886e-06 1.3410461345435732e-06 9.756006388044903e-07 7.991252989581752e-05 5.143173600809057e-07 1.3769334917186584e-05 0.00010824902711156579 1.293168551053111e-05 4.6980457373872744e-05 0.00012569970099063468 4.7507753912754877e-07 0.0001447662008007834 1.791983808923169e-06 1.3370226611398594e-05 8.408854785748071e-06 0.00010094262803972684 3.727073974567181e-07 2.3895565622655096e-07 6.253852968472723e-07 0.00010712325480824527 6.073705777336305e-05 2.2926002039309775e-05 4.2808109941364464e-05 0.000863374522537425 6.720368976488565e-07 3.046196981132487e-06 1.199762839417067e-05 0.00037905977106755166 1.1058404477074899e-05 5.0932895070457286e-05 3.244206993888251e-07 2.6136756757928147e-07 1.2599256748743792e-06 4.198210052995207e-06 1.047058525562784e-06 3.6533843226232244e-05 1.6252244816162407e-06 9.437114038360184e-06 2.784268783212203e-06 2.5999762681602863e-05 3.62492759199793e-07 6.345323253725301e-08 4.841835395819331e-07
1.9660566506742987e-05 6.991251106291794e-07 3.571661673638694e-05 0.0018800273565690675 2.761267290573155e-06 0.0035259779726989535 0.004610265636100435 0.002514008619769218 0.00015824433942488833 0.0 2.4429574296015416e-05 0.0022317802090094196 5.198420617728492e-06 0.0007967015382870888 0.00010638095705149782 2.2225566020372453e-06 5.492115865970418e-06 6.466136257632488e-06 7.15711909495356e-06 0.002328602955534766 1.0593913171500063e-05 1.5113198942503255e-06 1.516118219768664e-05 0.0006674711074524009 9.592068300286738e-07 8.542314047435803e-06 1.3078986323869466e-05 0.003476011769696106 0.00047259752885991577 1.9391557682792027e-05 3.995754340056624e-07 3.0750027005902304e-05 1.3876057357157419e-05 0.00031217313166609 1.5355625471057642e-05 0.0006759860307721247 3.039494175333478e-05 0.0004188989629888208 0.00020356226227829155 0.0002599898732791441 5.6079018177833536e-05 4.1688052409114695e-06 1.3870582331693828e-05 5.452375859705637e-07 4.5322690039762925e-08 2.7670279198224825e-07 8.128269090232877e-05 4.4726643240330863e-07 1.3035408219724925e-05 0.00011294527233924666 9.304689392424765e-06 4.7291993721986024e-05 0.000157887315947742 5.176395237508046e-08 9.013984002383069e-05 1.1866600061460802e-07 6.931386476709057e-06 7.296883993561984e-06 2.727049070115162e-07 3.545891882549879e-07 0.0 6.076646749351932e-08 9.619990449367853e-05 7.163884130434549e-07 5.009668941306589e-07 9.338135059245976e-07 0.00028078074344305284 7.183175045977332e-08 2.282894678702607e-07 1.776422969112819e-06 0.00014802010105231743 2.0543451572396923e-06 1.0510784560212408e-06 0.0 0.0 2.2067142645895968e-07 1.5475699008122691e-06 1.6006144554469348e-06 2.965714768776345e-05 4.894006313540983e-07 6.01463467838845e-06 4.631504112452686e-06 5.0170651233596674e-05 1.240057236607782e-07 5.5251980681152666e-08 1.2496701162123167e-07
1.13701737136017e-05 0.00013254861951900426 1.4118596069696742e-05 1.0928022740227805e-06 2.5959138605986453e-05 5.6047423500356203e-05 2.429989259436257e-05 0.0001383998156749398 1.6544327372749077e-05 2.4429574296015416e-05 0.0 1.7016131691565548e-05 0.001172351465827436 0.00041093271473245397 5.421981116862894e-07 3.170344957219616e-07 0.0006574322867939022 0.0022093121424310172 0.0006216212219607445 2.536338081480497e-06 1.9959743277518824e-05 3.9822688026133976e-05 0.00010135632461473808 1.3794718685028382e-05 0.00034611284605352816 0.0017325812017815652 0.0003408622200130657 4.460880071553384e-06 0.0001937197091665547 7.402176136916909e-05 0.00013045475073764206 0.0003096852919460904 7.57611842282456e-06 0.003475508138643024 3.3425486772317627e-06 0.00019623133248909246 0.0020709324784517593 0.0016526851999611218 0.00022683558954363924 2.669814596788154e-05 9.611000855994114e-06 0.00038810476095765454 3.0456522110682716e-06 0.0 7.0448301730447995e-06 3.222972117781705e-07 2.0087643478779227e-07 0.0 0.0 9.83872437706355e-07 0.0 7.212509058557714e-07 1.9755121935115225e-07 1.7130141186197655e-05 1.0778353778173864e-07 0.0002899364076774025 4.1922186552335854e-08 0.0 1.6917750346392236e-07 4.5314348544003355e-07 2.224985613451216e-05 1.1556197537507206e-05 2.068285828195007e-07 0.0 2.899367487550309e-07 1.993306815198161e-07 3.1397743962289804e-06 0.00010479964616788662 8.865964832112181e-05 0.00013622821822018385 1.4484488734653496e-06 3.839991311679672e-08 1.8157003394199735e-07 4.9998482612614665e-05 0.0 0.0 3.4827765013815135e-06 3.143907004449723e-07 9.767574054188653e-06 7.583583522458168e-05 6.2358925861030355e-06 7.093058130171844e-06 6.520162757198593e-08 0.0 2.103407472591462e-05 0.0
4.019854368482029e-06 4.362145296892878e-07 8.534035547269987e-07 0.003463722940743063 1.5907459669883624e-05 0.001698448729089534 2.8320258679527675e-05 0.0006165531729964102 0.0002283794540390232 0.0022317802090094196 1.7016131691565548e-05 0.0 3.1760228360688257e-06 0.00023995308796832303 0.0008887807942631041 6.216694626929682e-08 7.431783510946257e-07 5.601913618065369e-06 6.546577123746942e-06 0.002045888379361632 7.494941902720095e-07 3.8415047949275565e-07 1.7483330341190257e-07 0.0005473789573352845 5.234939001558311e-07 3.719645888928774e-06 1.565663903786319e-06 0.0001647146349510055 0.00013423437936546664 2.0902714314946913e-06 3.018225485874195e-07 3.4240862655218036e-05 9.842032388258e-07 0.00014242565143198258 2.4394340984429556e-05 0.0002850770074445668 7.15084795561993e-06 0.00019465265558090057 6.632781501211116e-05 0.0008553550411146163 2.42628080001365e-05 3.0599952919957155e-06 3.461381065960781e-06 9.086944361525741e-08 7.5885038733523e-08 4.651860094588182e-07 4.188895295731488e-05 8.639730629644197e-07 2.1355291886999625e-05 3.1225007653292124e-05 3.362122787075346e-06 4.104744594671826e-05 0.00010808658508748186 6.93465728010998e-08 0.00014304063816779385 1.3482857308906708e-07 3.0193939524127896e-06 1.8189847049910968e-05 0.0 0.0 0.0 0.0 8.296771469012652e-05 8.616900258699358e-08 0.0 2.271699075643709e-07 0.00011092186906727274 0.0 1.379813154408724e-07 2.944189104964475e-07 5.2442186156118166e-05 1.2977817089537458e-06 3.1267474992307673e-07 0.0 8.0763499488363e-08 2.6052610415845776e-07 5.924100884563397e-07 3.5717552047203977e-06 4.3730963502251944e-05 1.50037438755975e-07 2.483633910215835e-06 1.3561108023756483e-06 0.0001426211527810986 6.192794244193466e-07 0.0 9.242333938301102e-07
6.014140774815868e-07 0.00039243498113607396 1.963599562635047e-06 1.3352782248628833e-07 1.8373886107938534e-06 9.87325473905505e-06 1.8933214992942551e-06 2.628146467960726e-05 4.553449622491763e-05 5.198420617728492e-06 0.001172351465827436 3.1760228360688257e-06 0.0 4.874563532135356e-05 3.4622829409976804e-07 1.6583997069575238e-06 1.0331623354071376e-06 9.11227541176776e-05 3.6047343150661296e-06 5.089149830012486e-07 5.034966713925722e-07 0.00010375134942695099 9.275826892656359e-07 3.628029999132823e-05 0.0021059621646923833 0.00027967059400614477 0.0017912398676860782 2.61331013947917e-06 1.9386835626938982e-05 5.815125227194515e-07 0.0005174447829895777 3.243469710804266e-05 8.432562780950787e-08 0.0009197813791780661 2.423383280404275e-06 6.464376049438877e-05 0.001778237732563562 0.0011081078189509438 0.00014613527783979616 6.860231386840854e-06 1.143592537200855e-05 0.0005325925365077254 2.3368309395309795e-06 0.0 1.937563880243086e-05 1.634881006682833e-07 0.0 0.0 0.0 1.118153857234554e-07 0.0 8.679560158112666e-07 0.0 4.0733055936819044e-05 7.441220115751669e-08 0.0008277220334591747 1.2876515808748404e-07 0.0 2.828474537762483e-07 1.3585202798836468e-06 7.350513253710142e-05 4.015715801148396e-05 6.079571544776266e-08 9.808370881335765e-08 6.133050489819447e-07 7.334639946770247e-08 9.222628992311858e-07 0.00038544222396433227 0.0003565576069545569 0.0004829510615119805 5.363814294269129e-07 3.144214074555773e-07 0.0 0.00017041615848796475 0.0 0.0 9.338428927305152e-06 2.8562840777646244e-07 7.014055180808616e-06 0.00015019930322020906 1.0334808392431554e-05 2.8734841655410615e-06 1.0767238961543543e-07 7.535947400915214e-08 4.570896645347739e-05 3.891960151951532e-07
0.003359162500156992 1.7543187738605585e-06 0.0001657979802454104 4.166715962046688e-05 8.684208154789365e-06 0.0004455669229665851 0.007589353809428027 0.0036165912671044043 2.027622493195893e-05 0.0007967015382870888 0.00041093271473245397 0.00023995308796832303 4.874563532135356e-05 0.0 1.0543339972471054e-05 1.8677841592733148e-06 0.0001330774671090511 9.803785618884966e-05 0.00013375207498652546 5.754441222373714e-05 5.8884398277725376e-05 1.118852967988514e-06 7.82024896771083e-05 0.00011246548974060198 5.570360250817406e-06 0.00013657212286121809 0.0001198874868333394 0.0002537654411723751 0.003925072560758318 0.0008904933581444039 5.0607995852558365e-06 0.0003656803025518382 4.627466554143055e-05 0.0017794379020171123 1.2595878873624114e-05 0.000493396918335117 6.825059709434069e-05 0.0010014930940944625 0.0003019202792974086 0.000207367694462665 4.6361927833883704e-05 2.3604643234920073e-05 4.843357863587306e-06 5.363469281272452e-07 4.707688714391589e-07 4.5525404833589925e-06 3.073963536517439e-06 0.0 9.795905676485474e-07 2.6177434261738196e-05 1.8605543456578025e-06 1.3103468290926598e-05 7.2850516813250196e-06 0.0 2.0453273498740424e-06 2.4989668179491587e-07 3.993645357619519e-06 0.0 2.9313453102581287e-06 4.060409805335041e-07 0.0 3.665409611956405e-07 1.752630073907861e-06 2.0519106790051297e-06 9.667499954890764e-07 1.6582623588911067e-06 5.513773306703727e-05 3.966056528664828e-07 3.0985923113753623e-06 1.361204556735081e-05 6.502573256560739e-05 1.0130460728905214e-06 2.253356643263948e-06 1.5420070201075996e-07 7.251455171094199e-08 1.2169759673705133e-07 1.0264122766013725e-06 2.015250956051414e-06 1.568764065904973e-05 9.757560264507075e-07 6.148008642824504e-06 6.474460122199534e-06 5.491695275339249e-06 7.230904380802434e-07 2.0739178600034763e-07 3.775363431105498e-07
0.0 1.0970363590565883e-06 1.1003661781316217e-07 8.948748480523412e-05 0.0004561902173231086 0.0020213447039028913 6.495148312534273e-06 0.0002290170433622068 0.0007137112089881537 0.00010638095705149782 5.421981116862894e-07 0.0008887807942631041 3.4622829409976804e-07 1.0543339972471054e-05 0.0 1.0146263831473395e-07 5.494119425088319e-08 1.1032260771050561e-07 5.0075827877182574e-08 0.00013936598929861467 7.46079382092059e-07 4.587406781011789e-06 0.0 0.0005340946921617832 4.077376106245946e-07 1.5923536718637093e-07 1.9293637295475887e-06 1.4524260732492497e-05 4.983892863281276e-05 8.308380600572919e-07 0.0 0.0001531192464690768 0.0 3.832753491445967e-05 4.3604369386617196e-07 8.141091862647257e-05 6.842527338026988e-07 2.44885021074608e-06 1.975796015243687e-06 0.0009208081728401202 6.143186682820672e-05 2.2288628144127313e-07 0.0 0.0 2.0468717814522864e-07 0.0 1.8230376628424136e-06 0.0 1.636432187788979e-06 6.210819196304229e-07 0.0 6.959409113192239e-07 3.1821378823600335e-06 0.0 8.166418247992791e-06 0.0 0.0 2.5551454479244675e-06 0.0 0.0 0.0 0.0 2.6938677672286784e-06 0.0 0.0 8.115064320156245e-08 6.367820518018887e-06 0.0 1.8426083830715988e-07 6.983206359578003e-08 2.0337350282766093e-06 0.0 0.0 0.0 0.0 0.0 0.0 7.091229546439e-07 7.416806278830148e-06 1.6261350218886322e-07 5.6453496888276426e-08 0.0 1.6995833414552267e-05 6.064405526359915e-08 0.0 0.0
9.940221906502172e-07 0.00010161129149140168 4.498047980496537e-06 6.114748428378304e-07 0.0 3.9131907585547296e-07 5.7951168862134516e-05 1.4154936055113606e-06 7.562017977029893e-05 2.2225566020372453e-06 3.170344957219616e-07 6.216694626929682e-08 1.6583997069575238e-06 1.8677841592733148e-06 1.0146263831473395e-07 0.0 1.3270481037389234e-06 0.0 1.2595100591427623e-07 5.159687557121713e-07 0.0005947453128077488 0.0020718418848108887 0.002345553737417292 0.0011942199963195245 5.6528771722166154e-06 1.1380475709609747e-06 0.00240016858844113 0.001283385355632405 6.366739550310656e-06 5.61823530193549e-06 1.7196702617172652e-07 1.2460972844319082e-07 2.694563729687995e-06 1.5615595117850543e-05 1.5261988613336704e-05 0.0008520850589990715 0.0001650837478721562 6.360830130354677e-05 0.0001108633308981282 2.4523296900214035e-05 4.527651628920134e-07 6.463871731619479e-07 3.407176468703258e-06 5.379297651875234e-06 3.277280579061557e-06 2.839971080663145e-05 2.9158538220326055e-07 0.0 3.529599309267374e-07 1.1354275854047458e-05 3.496955392060619e-06 2.7737580110892397e-05 8.584807552937959e-07 5.358362955267594e-08 1.2448691153860542e-07 0.0 8.715624667748257e-06 0.0 0.0007051419160270231 9.588502336837807e-07 0.0 1.5838793388608243e-07 1.4029162538022447e-07 0.00011675579367137107 0.0005876195636102032 0.0008604205269475862 0.0001757278479825736 4.2225630550629315e-07 9.191554767292723e-07 0.0003656091677736681 0.000137172929265857 8.770808588833425e-06 6.021141449013058e-05 0.0 0.0 2.552840673489022e-07 2.927951734503961e-06 2.3419121645687594e-06 1.5899618507939938e-05 8.325845616601049e-07 7.420911480552002e-06 3.7051524101051135e-06 4.262667999910886e-06 0.0 0.0 0.0
3.303918185317125e-05 4.3386555765218725e-05 0.0016823940542971005 4.60565920483574e-07 4.176870867352939e-07 1.899186560595488e-06 0.0001536040480768139 4.9255949112455365e-05 8.973969107672173e-07 5.492115865970418e-06 0.0006574322867939022 7.431783510946257e-07 1.0331623354071376e-06 0.0001330774671090511 5.494119425088319e-08 1.3270481037389234e-06 0.0 0.0002168664133281962 0.0028587728910539037 2.989620667339626e-07 0.00031510288008928047 1.9381370391632198e-06 0.0029864588648009934 2.8313062505885938e-06 2.858571081784611e-05 0.0025920741886346784 0.0024514743502691842 1.2286800927814594e-05 7.153361577452436e-05 0.00046037070585573973 5.323517422251517e-07 8.99408747895218e-06 1.1639066121190488e-05 0.0017411466811888907 4.098347995796668e-06 0.00029124632069005643 0.0007291941251498863 0.0006426604430754559 9.264916818759704e-05 6.6581618152103345e-06 7.793408773892636e-07 7.58426655092117e-06 4.861191467695821e-07 6.70731253823979e-08 5.881782058922418e-05 2.9903102626700362e-05 0.0 0.0 0.0 1.215766387370978e-06 6.058162027419706e-08 1.283891113703792e-06 0.0 5.157995163120466e-07 6.621046294929575e-08 3.0269292434239727e-06 6.743318188130953e-08 2.640139468339496e-07 1.9187622185981117e-06 4.316590186228655e-05 1.9590546466196296e-06 4.6969751568237994e-05 0.0 2.168207354006274e-06 6.48599516562509e-06 1.7454925717811396e-05 3.5909398801694198e-06 1.3973657628250314e-05 0.0003938612418647134 0.00030488070220872644 1.1246244863276866e-06 9.438579914789428e-08 9.780499229341431e-07 1.7775975391848956e-06 0.0 6.81113200922993e-08 1.0993194061751238e-05 5.550266883976571e-07 2.075400163254037e-05 4.295285038180865e-05 1.6611226525151553e-05 5.151533314353786e-06 7.809758150132731e-07 6.266759936978183e-08 3.2287870328379563e-07 4.833534813039674e-08
2.1210722412319963e-06 3.397406638443019e-06 3.603546283435625e-05 3.0751445739589356e-07 2.5234307788399944e-06 1.1089723114453981e-05 6.04224109769694e-06 2.7889108642135652e-05 4.712748409994657e-07 6.466136257632488e-06 0.0022093121424310172 5.601913618065369e-06 9.11227541176776e-05 9.803785618884966e-05 1.1032260771050561e-07 0.0 0.0002168664133281962 0.0 0.0005830242667127508 8.808562867653853e-07 3.6156639614799174e-06 6.318035595536819e-07 2.4952076487071286e-05 1.7667900785317196e-06 2.4123607518732917e-05 0.002802449179033332 0.0005242293018998727 2.464789681251214e-06 4.549713081246219e-05 7.5394032631543225e-06 8.293319594118414e-05 4.7575618058304186e-05 1.151894468772309e-06 0.0005489959119299939 5.706172194480764e-06 0.0004313633745765269 0.0010524597130288668 0.0008762028914205077 0.000302088306448166 1.0426315814938047e-05 1.5766517676627232e-06 1.7424311399980357e-05 6.333115741246686e-07 0.0 3.0452174159850907e-06 5.743444683980286e-08 0.0 0.0 0.0 1.4725248998567128e-07 0.0 1.2048620127044015e-07 0.0 3.0109449988228533e-06 0.0 4.3696567276917826e-05 0.0 1.145981477655224e-07 0.0 3.8491344642384125e-06 1.3558178019538068e-05 1.4693434679274496e-05 0.0 5.320169092095011e-08 2.272897580922819e-07 4.43815556201592e-07 7.72313337991959e-07 1.4196149389019122e-05 7.118361328401583e-05 6.644243417697095e-05 3.8996418423762304e-07 0.0 0.0 1.4592072147819147e-05 0.0 0.0 4.118727211455604e-07 9.118154133994661e-07 2.121914436408568e-05 3.712512074910423e-05 1.3621034104486546e-06 3.915792371138635e-07 3.0176847811196893e-07 0.0 8.656609164416704e-07 1.0671406060643303e-07
4.2981460988304715e-06 9.657423373809073e-06 0.00010277556267492658 5.407609671582769e-07 2.01408108243302e-06 9.452560110207918e-06 1.4753937421402483e-05 2.453546268293819e-05 7.62038484887373e-07 7.15711909495356e-06 0.0006216212219607445 6.546577123746942e-06 3.6047343150661296e-06 0.00013375207498652546 5.0075827877182574e-08 1.2595100591427623e-07 0.0028587728910539037 0.0005830242667127508 0.0 9.056784961132793e-07 1.048760607995281e-05 1.0009340487824457e-06 0.00011726552709588855 1.7277493909271504e-06 0.00012701256441573298 0.002116652151401417 0.0005485133142435978 2.0594793538198867e-06 6.674456878170181e-05 3.34533582461066e-05 4.247201445584918e-06 4.837495575606943e-05 1.5787175464385517e-06 0.0023308632092488304 5.5472886492207605e-06 0.0004814476856338658 0.00037329138359231106 0.001075561437471529 0.00024856802969817074 8.71949635733784e-06 6.070254894451886e-07 1.4406358791059308e-06 7.059559261626295e-07 0.0 6.830663743324624e-06 9.40604128724786e-07 0.0 0.0 0.0 5.553131720723445e-07 0.0 4.882759736324715e-07 4.681541978876182e-08 2.2877307637085598e-07 1.9642489466691372e-07 3.920559613187552e-06 0.0 0.0 1.384639809381194e-07 5.636225960652831e-06 3.273029093017145e-06 2.202520232323593e-05 0.0 0.0 7.195799410487233e-08 5.950182500871208e-07 5.238157872948069e-07 6.733778164816603e-06 0.00011572840058218477 5.253612777470074e-05 5.775398872202617e-07 0.0 1.8198563482316774e-07 1.777046498519675e-06 0.0 0.0 1.3579271716163017e-06 1.645089771588195e-06 1.8535226381114465e-05 1.535453599775622e-05 4.3982871587913084e-06 5.845370945807337e-07 1.732755398453764e-07 0.0 5.6499949084708565e-08 0.0
2.298910721822144e-06 4.6886208154280666e-08 3.9181107114568944e-07 0.0021158903685558274 1.9377002281319365e-06 0.00010684425741067076 7.563931669413744e-05 8.68329602663299e-05 0.0002921182138896386 0.002328602955534766 2.536338081480497e-06 0.002045888379361632 5.089149830012486e-07 5.754441222373714e-05 0.00013936598929861467 5.159687557121713e-07 2.989620667339626e-07 8.808562867653853e-07 9.056784961132793e-07 0.0 7.572307753719355e-07 5.855201347325946e-08 8.321220333682169e-07 0.0005074533515461299 4.727313282339529e-08 4.5352099863872337e-07 2.450125444569281e-07 0.001080587792107136 4.642217876812941e-05 1.3307810121940105e-06 9.064435168611061e-08 4.009007394503515e-06 1.9578879918355003e-06 3.4922689906444096e-05 3.2586645420567755e-06 0.00011732559466424695 3.1216921213949984e-06 4.86435817243736e-05 3.0156407478525674e-05 0.0001679645910576219 7.406297319575432e-06 8.920520123404662e-07 2.0342385289501973e-06 4.5151838623678343e-07 2.9793134922383856e-07 1.0622080302827004e-07 8.986388785880104e-05 5.993135857872285e-07 1.7056781818577608e-05 6.93667710046672e-05 7.546970486337937e-06 5.415508745441134e-05 0.00015779253510815602 8.794448483601426e-08 0.000127364979409528 0.0 5.896003071407775e-06 8.870001035689837e-06 0.0 0.0 0.0 0.0 0.00011020198836384512 1.0278337019318388e-07 5.933514805311893e-08 3.969698303642787e-07 0.00022185839008990825 1.1965853762696126e-07 0.0 1.7211873090722926e-07 0.00010560318993903111 1.5947239107796283e-06 1.3907723903370235e-06 0.0 2.681030469592645e-07 0.0 1.0263449595277066e-06 0.0 1.9724904023963344e-05 3.995150112517515e-07 3.69166559106836e-06 1.3525300293190112e-06 5.518637939465374e-05 5.136900400975986e-07 1.5692346453663934e-07 0.0
1.7495741327060635e-05 5.222761954770542e-06 0.0006165801753144081 1.2788136049902312e-06 0.0 1.6553450146782706e-06 0.0006008281898465689 2.9577751056777983e-05 1.9962128378019003e-05 1.0593913171500063e-05 1.9959743277518824e-05 7.494941902720095e-07 5.034966713925722e-07 5.8884398277725376e-05 7.46079382092059e-07 0.0005947453128077488 0.00031510288008928047 3.6156639614799174e-06 1.048760607995281e-05 7.572307753719355e-07 0.0 4.871854413085873e-05 0.00800678354702259 0.00015665610319522694 6.587801046020762e-07 8.980270099744478e-05 0.0003885934412087028 0.003081389337789636 7.499868111001557e-05 0.0046523475379121335 0.0 1.49891579156187e-06 4.061591015412978e-05 0.0016425441963656806 9.753471926952185e-05 0.003064981890813045 0.000306694355826206 0.0018729497818521913 0.0012620881078847488 7.493088060234181e-05 3.6704334251682877e-06 1.3531312459301067e-06 1.564354003452234e-05 3.9726381537071875e-06 1.8163273401186826e-06 2.156430028517309e-05 5.968906017982026e-08 0.0 4.5551914105628796e-08 9.346559283129996e-06 2.4238775849389112e-06 1.9225836037854597e-05 4.532069265471813e-07 6.166142593499452e-08 0.0 0.0 7.3545087637232266e-06 1.9239879013535362e-07 9.226526714734034e-05 1.1257405753417234e-06 0.0 6.047461166983611e-08 0.0 5.965223976761096e-05 5.637261011894488e-05 7.972267074364055e-05 7.666837874332046e-05 0.0 3.5767894837844015e-06 5.7107492141912726e-05 7.505222146907994e-05 8.21657119052567e-06 5.209832853530989e-05 0.0 0.0 2.43671263273231e-07 2.7255303520849116e-06 1.0332986662179742e-05 1.836344303268941e-05 2.423594119617461e-07 3.3328121453850307e-06 2.154379928842821e-06 1.8488958838845834e-06 0.0 0.0 7.274673844087059e-08
1.1210570081332153e-07 0.0012966757024164175 3.0992000658954985e-06 2.1398338683009638e-07 0.0 2.1956531323231199e-07 5.484114811868851e-05 9.30992734164894e-07 0.0016020149870606007 1.5113198942503255e-06 3.9822688026133976e-05 3.8415047949275565e-07 0.00010375134942695099 1.118852967988514e-06 4.587406781011789e-06 0.0020718418848108887 1.9381370391632198e-06 6.318035595536819e-07 1.0009340487824457e-06 5.855201347325946e-08 4.871854413085873e-05 0.0 0.00025055032517464924 0.0032573640285005353 0.0003486200516801124 2.6865817836558513e-05 0.0023138885515944694 0.00023405466785681744 2.4462602074986707e-06 1.94644520309578e-06 6.014845940839361e-06 2.3985760180307126e-07 9.312007963445977e-07 2.0055914048351e-05 1.2595536823291495e-07 1.3660297615614573e-05 7.89007908404182e-06 1.4526379163526139e-05 4.042564525063019e-06 1.1417230119009895e-06 2.027596941517766e-07 1.2812660129112906e-05 0.0 4.35886004400758e-07 8.680325453593754e-06 5.194311558603174e-05 9.441649390688103e-07 0.0 1.9673003050231668e-07 4.500956377315399e-06 3.842525985876296e-07 7.982009996729145e-06 1.2519380801036746e-06 2.5025266184628255e-07 3.265903013482556e-07 2.192729283614747e-06 1.919464663277295e-06 1.0457972474466153e-07 0.0005202738536094095 8.491016699800155e-07 3.0315598873540166e-07 1.8005083327223743e-07 8.3162190745858e-07 3.989555433665689e-05 0.00011389078073508957 0.00046699092822562573 5.728950649378671e-05 1.2869775859384045e-06 5.234072336929899e-06 0.0007943187213326271 4.04663728301456e-05 1.0170477038863654e-06 1.2102465432600621e-05 3.458936392894744e-07 0.0 7.120643528673407e-08 1.0885835629136385e-06 4.970891938228824e-07 7.529448930947638e-06 1.5578087304464283e-06 3.1434834066031504e-06 2.7875319980349988e-06 1.0942799528443228e-06 0.0 0.0 0.0
1.803648616663409e-05 1.4620253747193525e-05 0.006957153461371644 1.9899480191895313e-06 3.487832911323309e-07 2.457079166109995e-06 0.0006249999495406008 4.371624236608452e-05 1.8043631800494016e-05 1.516118219768664e-05 0.00010135632461473808 1.7483330341190257e-07 9.275826892656359e-07 7.82024896771083e-05 0.0 0.002345553737417292 0.0029864588648009934 2.4952076487071286e-05 0.00011726552709588855 8.321220333682169e-07 0.00800678354702259 0.00025055032517464924 0.0 0.000269547169121749 1.3702361757584332e-06 0.0009657169028987913 0.007559302037270602 0.001979690611598625 4.687490619232444e-05 0.0016400572069562548 4.3946051056900205e-07 3.619805279487491e-06 1.3920403526391303e-05 0.0019051276529858825 0.00017007608105943297 0.005799366597191426 0.003051235761983098 0.0024713059122747553 0.0022135579773607974 0.00026119876944532205 5.41649363187475e-06 7.490515051466406e-06 2.7024941227666195e-05 2.039337886383068e-06 8.755168529316592e-06 0.0004014171492346218 3.268190390620009e-07 0.0 3.623426731629511e-07 8.375740302445297e-06 2.202664714915736e-06 7.817679393108788e-06 7.237030152828576e-07 1.0781815417236629e-07 1.570298234339689e-07 1.4956393227156357e-07 4.2160714719898865e-06 1.9435991038996896e-07 0.0005871479564273502 5.940067598212506e-06 0.0 2.6040325235532327e-06 4.0916801676253956e-07 6.923263901775617e-05 0.00036304899045616455 0.0010896032689439632 7.020693687515935e-05 2.651558236482116e-07 3.159247929939074e-05 0.001143461232850322 6.1819616970524e-05 3.2671665377287472e-06 2.774670721383116e-05 0.0 0.0 1.0905559546570937e-06 7.220111848560533e-06 1.9520091248167438e-05 4.74530595143606e-05 6.2572517381705275e-06 2.5350483421124846e-05 2.364679686939263e-05 1.7849556903584536e-06 0.0 0.0 0.0
