0.0 2.164586305856639e-06 6.540341655022484e-05 5.626424524428632e-07 8.94034971890718e-08 8.118125134363811e-06 0.0007448843300585629 0.0002078655962215283 2.016717280903332e-06 2.5873803172160467e-05 7.61962369027374e-06 3.5896039256194323e-06 5.047599461723058e-07 0.0033135359112415027 5.717757842597738e-08 1.0225384382418296e-06 4.837224484236968e-05 1.0240496086150717e-05 2.771278098306332e-05 1.6839536326255404e-06 3.603635915031451e-05 2.1220120974308872e-07 5.381732927511017e-05 3.486466729994596e-05 2.4037725863503954e-07 2.8577907010550065e-05 1.4560337702246708e-05 2.139832960115178e-05 0.0017010651295271178 0.001631429458943199 5.6003954154836956e-08 1.1426908376772924e-05 9.00025554935014e-05 5.035981812791576e-05 7.567440879696794e-07 1.222476652137321e-05 6.123293105385979e-07 3.4344847497021714e-05 5.6052296574375845e-06 5.748013396090532e-07 9.093123941784113e-07 3.320868992688312e-07 2.116710910707791e-07 0.0 1.2796897545897556e-07 1.1738348854351489e-07 0.0 0.0 0.0 2.1662070285499876e-06 0.0 5.484519820052529e-07 5.4671237162742286e-08 0.0 4.401268259575558e-08 5.4273212840502827e-08 2.3039400951749809e-07 0.0 6.614488878243848e-07 0.0 0.0 2.0265136427211492e-07 0.0 0.0 4.241728139024793e-07 0.0 4.1109606693967744e-06 0.0 8.077256631707035e-07 8.986637056656647e-07 3.2770626490971147e-06 6.305737565106251e-07 6.277568145510393e-08 0.0 0.0 2.8736435233960215e-07 2.544945402590541e-07 1.2453918190417228e-07 3.0305279790871813e-06 0.0 3.1491873596121403e-07 2.834838428093696e-07 2.699431991688508e-07 0.0 0.0 0.0
2.164586305856639e-06 0.0 0.00011073931503783559 1.9933185243307725e-07 0.0 2.9468225540199906e-06 1.3751778956379503e-05 6.385884612506813e-06 0.00020211624056433632 2.9234078455955224e-06 2.2391106242105143e-05 4.5288645162759765e-06 0.00010115555254409001 1.083779994650337e-05 1.1902594148096036e-06 0.0001717753315921781 0.00030628141370349593 1.471160730684895e-05 6.256314239012237e-05 4.2971175522389846e-07 1.1695564727447464e-05 0.0018128564296925587 4.3542393774193615e-05 0.0003016053503373679 0.0012852470886595198 0.0012225896950604945 0.0037210837569665797 1.639050358968561e-05 8.404135247865978e-06 6.31285097290461e-06 1.691283532117539e-05 6.025530027741891e-07 6.872537777050589e-07 6.98370633269975e-05 3.72795818671358e-06 0.00023025120956389844 5.527897474932555e-05 0.00016196619082818739 5.740050520675907e-05 1.41570952723844e-06 1.4965678859937645e-07 1.4862223172850132e-05 7.618125085099472e-07 0.0 8.029775639173074e-05 0.0001273080082699987 8.52054461067864e-08 0.0 0.0 8.315370735199655e-07 0.0 1.3253609243650729e-06 0.0 2.6751170110072764e-06 0.0 1.3674942998323252e-05 0.0 6.720395431675578e-08 5.126447731358112e-06 1.5045675922543114e-05 3.962188180431613e-06 2.6849740466354295e-05 0.0 6.56602844684919e-07 1.62668776513032e-05 3.325882242945623e-06 2.3079680347115234e-06 5.334203003848331e-05 0.00033860151423924245 0.0015540056593757437 1.9154251225810504e-06 0.0 9.838976767854126e-07 4.616113831488043e-06 6.927302167074228e-08 0.0 3.711887910998272e-06 1.5174045286715576e-06 1.7657247796794206e-05 1.0002564490814447e-05 1.74836223433263e-05 2.3089485127966e-06 7.600699556247118e-07 0.0 8.341182721715832e-07 0.0
6.540341655022484e-05 0.00011073931503783559 0.0 9.608863826643954e-07 4.365817276537579e-08 0.00011216676566465354 0.0006196452379703669 0.00035877389048144114 1.8672672778772846e-06 4.991413618030782e-05 2.640085827884866e-05 1.4509939505102025e-06 6.423597909476268e-06 0.0006074109083760869 6.316759574726125e-08 5.795271917063453e-06 0.0010589046906313718 4.975283443942382e-05 9.79217960192488e-05 1.2769788502117258e-06 0.00024244981470196444 0.00010335999561124264 0.005430815813010319 1.4342572425630736e-05 6.098214910981133e-07 0.0018460700124380638 0.010718040597839503 0.00014015263780361954 9.313928353247952e-05 0.000706978806945486 5.409685071667736e-07 4.372597848668928e-06 3.3186591592418443e-06 0.00011429120858476058 3.947648538218233e-06 0.00024381505214742812 0.000137584198421455 0.00023488970915397448 0.00010117368551057267 3.6000274430802284e-06 2.2206615586967857e-06 8.962865854805635e-07 8.87946837525458e-07 0.0 8.015890540076893e-05 0.0004962091155583758 1.7744994458069633e-07 0.0 0.0 3.985285946190829e-06 3.975089472601402e-07 1.6548185444112884e-06 2.7371449667130377e-07 1.4648875011800088e-07 1.0404617562645433e-07 5.602397843699396e-07 6.367382125944235e-07 2.4345091186418335e-07 8.541417030784702e-06 2.9979634698049457e-05 8.153539578383364e-07 3.6772467683100682e-06 9.259744012093156e-08 1.190726882306601e-06 1.6480253392302063e-05 1.6201621751127067e-05 5.955433796352435e-06 1.1044387561781286e-06 7.888401427340812e-05 0.001336923522960588 3.62545332762182e-06 3.4066098505189634e-07 4.30318715573114e-06 6.011762035593945e-07 0.0 1.6037750623162366e-07 9.049361787730594e-06 2.6922166312012242e-06 2.959866046494988e-05 1.041186546380284e-05 2.5280586638067336e-05 7.884984484581289e-06 9.761863168646237e-08 0.0 1.2323762087283633e-07 0.0
5.626424524428632e-07 1.9933185243307725e-07 9.608863826643954e-07 0.0 6.773962325038589e-07 3.9763443329246244e-05 5.165138874772499e-05 2.1324612964039594e-05 0.0005072980159805464 0.0016781330233934084 1.4484158501457933e-06 0.0034894937519449544 1.8421930402794566e-07 1.310848822982471e-05 2.687236366105746e-05 0.0 1.1597481678086386e-07 1.307177654852882e-07 1.2164238721716212e-07 0.0015975712895562604 3.7941536537365367e-07 3.23783150295496e-07 4.777411369779098e-07 0.0005075965645577464 5.6745971439813465e-08 1.2772756488174599e-06 6.867283843534644e-07 0.0019674814791030477 1.8629306741604414e-05 1.9381412832093478e-07 0.0 3.715929794558141e-06 2.309232696700001e-07 8.33469356859433e-06 6.9052552399448e-07 4.121584913288887e-05 2.66912291917868e-07 3.165741830805954e-05 1.0410641259560296e-05 4.283655674329037e-05 2.1447216495337295e-06 9.593450661297007e-08 2.997722760236833e-07 3.066127922235321e-07 0.0 0.0 6.721260190637384e-05 5.3797315925233656e-08 8.088099601867523e-06 3.231330657347559e-05 3.2055319315006324e-06 9.662185860464876e-05 5.323119210227383e-05 3.322428729319362e-07 0.00011122494820815075 0.0 3.603856545275209e-06 4.970788691530193e-06 1.3859895308639971e-07 0.0 0.0 0.0 4.266816598626353e-05 8.219308011422843e-08 0.0 7.117543232885697e-08 7.487597844545412e-05 0.0 0.0 0.0 5.725067905089523e-05 2.5750943888504445e-06 3.995988406430072e-07 0.0 4.7981765060651735e-08 2.3231471218635158e-07 1.2455751995649751e-06 0.0 9.445030712413153e-06 9.167178960324321e-08 2.09962321978504e-06 5.799314870311304e-07 2.22158942232622e-05 3.352689337001343e-07 3.3009834030215463e-06 0.0
8.94034971890718e-08 0.0 4.365817276537579e-08 6.773962325038589e-07 0.0 0.0003795015607069457 2.065723865904767e-06 0.00012484718141012968 1.0283956349329806e-05 3.6650274108858188e-06 1.415250126712038e-05 3.52246577511504e-05 2.2746514946185234e-06 1.3680375908986665e-05 0.000743234184776718 0.0 1.6264890039477728e-07 7.083767471239979e-07 4.806534854128854e-07 1.9434451839628037e-06 4.344486174915451e-08 0.0 5.279531980277009e-07 1.9838953139931893e-06 1.0904529838644767e-06 1.2789259869823962e-06 7.078100652008515e-07 5.548594061181416e-07 0.000440171827821135 6.122309719411231e-07 0.0 0.0002417895117615327 4.852328681459903e-08 0.00012895507163536129 1.746908211607321e-07 4.9035359459403595e-05 1.9319627203988726e-06 9.002793956328188e-05 1.677348492785677e-05 0.0005497863915172217 5.840262401101076e-05 1.687369246756425e-06 2.592645282365342e-07 0.0 0.0 0.0 0.0 0.0 0.0 3.857446711076e-07 4.133791220865884e-08 9.493802128761006e-08 0.0 0.0 0.0 6.34356062452546e-08 0.0 0.0 0.0 0.0 0.0 0.0 0.0 0.0 0.0 0.0 2.561861843044095e-07 0.0 0.0 0.0 5.252249709354891e-07 0.0 0.0 2.3239646542738244e-07 0.0 0.0 0.0 0.0 4.2340751272949583e-07 0.0 1.4170428846586166e-07 0.0 8.697324916732975e-08 0.0 2.115371965985318e-07 0.0
8.118125134363811e-06 2.9468225540199906e-06 0.00011216676566465354 3.9763443329246244e-05 0.0003795015607069457 0.0 0.001177652969272681 0.0050408876428904145 0.0003188811849135754 0.0038169197140562206 7.261109993875934e-05 0.0032061170691487064 9.867180919422683e-06 0.0006928767920814971 0.0007394339271579262 3.9015715135892056e-07 7.083459646885914e-06 1.0845157502795556e-05 6.846685242782367e-06 0.00014463683929816018 1.4412173983445903e-05 1.8498679027231037e-06 2.2211271924924033e-05 8.216298173217234e-05 2.5043563723635464e-06 3.43451266301977e-05 2.1829164632614223e-05 0.000267265244452167 0.0009212654244439178 1.6837518254285632e-05 3.088447879434196e-07 0.0005423285529491013 1.459730936964981e-06 0.000420021283232224 2.7166212475815585e-06 0.00019012566658029275 1.2542018302220377e-05 0.0003336407945553427 6.469335635999669e-05 0.0013787013820833781 9.251033533475967e-05 6.2324587765577056e-06 3.1291973732444187e-06 7.573166341369957e-07 1.2203781520933833e-07 5.999937483042654e-07 1.5906031989746575e-05 0.0 4.001380319310897e-06 4.7111755820964386e-05 3.0608685398880163e-06 4.719771015597637e-05 1.6309197256679404e-05 4.1389532096798564e-07 3.6074355554575833e-05 6.713097320956517e-07 4.376206120875824e-06 3.611334069325184e-06 3.2690811393023603e-07 0.0 0.0 0.0 1.7014696643512357e-05 3.196639168703833e-07 1.5104507051659764e-07 2.3809962635618737e-07 5.2913707292149084e-05 0.0 3.0245839756581645e-07 2.9366568832904334e-06 5.7109862811164215e-05 4.967930547543395e-06 2.5915231519737888e-06 0.0 0.0 4.8280323978169e-07 1.0434554148335523e-06 9.107378624656848e-07 1.1508710858068895e-05 6.063750083336638e-07 3.3544696751434315e-06 1.4625430220564621e-06 2.9957726948058513e-05 4.728810771178765e-07 2.9527086004384492e-06 1.335008132213417e-07
0.0007448843300585629 1.3751778956379503e-05 0.0006196452379703669 5.165138874772499e-05 2.065723865904767e-06 0.001177652969272681 0.0 0.0013985413326467766 0.00030373598297411933 0.004754275259655466 1.4356565651142555e-05 1.970464428302118e-05 1.846940502497308e-06 0.004755255163961983 2.4348943517112948e-06 1.4604168901371043e-05 4.684224893333175e-05 8.850886845380447e-06 1.7946120961346998e-05 4.0287834258573996e-05 0.0003616477846476179 1.880576912531162e-05 0.00044682276959926467 0.0011335399383607396 5.41678589591972e-07 9.392794650068081e-05 0.0001266760216668267 0.008566367389530444 0.0006676004311160019 0.002554387224533247 4.103387503470817e-08 2.0291891317724074e-05 2.3265529132123278e-05 0.00020410243432625192 1.863259931046094e-05 0.0005938539767073813 1.5108034349524647e-05 0.0005618558392045495 0.00021762306417032543 2.0717278182487667e-05 4.388303746768729e-05 1.9782404794212947e-06 9.433266280480805e-06 1.0865543792984128e-05 5.398144349918955e-07 2.226925028423875e-06 6.0024721990778855e-05 0.0 3.786985768009902e-06 0.0004476237397846995 2.340567604488756e-05 0.0001244261233926334 5.360827422197869e-05 2.7256968127854495e-07 1.7863744343198824e-05 3.777340685690436e-07 4.6787503524211744e-05 3.3879249284972764e-07 1.817706430757193e-05 2.273094447785419e-07 6.098460143010042e-08 5.0979196962686044e-08 3.934570656139927e-05 2.6914485433006393e-06 6.499010639012647e-06 3.29532632868225e-06 0.0005689991126914813 0.0 1.0353594795802512e-06 3.094522403837265e-05 0.0005936808953650738 5.552152744868815e-05 3.7188322468214475e-05 0.0 8.331500833821393e-07 5.0930504661707865e-06 1.6009650016698506e-05 6.038800559587953e-06 0.00019626766814775966 2.1641910924944147e-06 7.456461348300089e-05 1.465854840104079e-05 2.7716400945679046e-05 5.992810657410525e-06 2.3294698952310228e-06 1.871945310767472e-06
0.0002078655962215283 6.385884612506813e-06 0.00035877389048144114 2.1324612964039594e-05 0.00012484718141012968 0.0050408876428904145 0.0013985413326467766 0.0 2.410959922743332e-05 0.0019824426608666067 6.596797875334884e-05 0.0006949387561222163 1.0252881729861082e-05 0.00528903154699587 0.0001216088886951023 9.783056353215403e-07 8.45709704469858e-05 2.1439516060773412e-05 4.8225549192439795e-05 0.00012236208833904332 5.434041373461189e-05 1.225609577158567e-06 0.00011650855025082325 0.00012876777656296065 3.0014742356246968e-06 0.00011124798362044716 5.166533207523476e-05 0.00010038477366855689 0.0004001922300822972 0.0003914744673330312 1.7494475608800934e-07 0.0005209752049082277 2.7110791941258372e-06 0.0005688155889719712 5.311061016356948e-07 0.00012935035682938405 1.1617151509263125e-05 0.000239318025685898 3.559672106098983e-05 0.0006148816315298582 3.0514967957358333e-05 5.70662464427746e-06 1.7094954000322871e-06 1.366620642035774e-06 6.265727634183652e-07 6.981820805802948e-07 5.578398130185082e-06 0.0 9.247366337385202e-07 5.507028671687355e-05 2.871134540799669e-06 8.848780480879663e-06 3.0117835387951254e-06 6.172503322285158e-08 2.642143459962722e-06 2.6693668357336864e-07 4.60593371131624e-06 0.0 1.2743064996042477e-06 4.7232865077766346e-07 0.0 1.0581719121272923e-07 2.6271826757042193e-06 1.7600937603777522e-07 6.915618751025176e-07 3.9936665949988635e-08 5.345839571025366e-05 6.702317358534001e-08 3.1250517714911843e-06 6.031980512854324e-06 6.6075565873151e-05 5.9737560249113854e-06 6.704067253840655e-06 0.0 3.8763246615834543e-07 4.064318655651802e-07 2.7579163272677208e-06 2.5565285310636835e-07 1.653012390440115e-05 6.197391292240706e-07 6.114288908102867e-06 2.3226405882535007e-06 3.1751553786415743e-06 5.23373392958239e-07 1.223783013956033e-07 9.216373530007653e-08
2.016717280903332e-06 0.00020211624056433632 1.8672672778772846e-06 0.0005072980159805464 1.0283956349329806e-05 0.0003188811849135754 0.00030373598297411933 2.410959922743332e-05 0.0 8.907229045261796e-05 1.4341693335965515e-06 0.0007827721797936573 1.57752425447809e-06 2.3739211145909697e-05 0.00018495977038304265 1.873000203480112e-05 2.4936105326416074e-06 6.398727514944368e-07 3.207941443499603e-07 0.0004988177482104446 5.863356498072824e-06 0.00183546739264169 2.2860259162340896e-06 0.005127168720907058 6.412973344677763e-05 6.836049265901611e-06 5.922640185520713e-05 0.0007337476553457975 4.074623287505181e-05 4.9619893318805105e-05 1.7615914274114236e-07 3.280192978480652e-06 5.198262324760164e-06 1.2145080914522127e-05 2.6237800743796115e-06 0.00014973814696629895 2.804529812537959e-06 2.999664104768221e-05 1.3859960885013818e-05 0.0003167643509575933 3.735359662525116e-06 9.214538582389903e-07 7.375472077390317e-07 3.328462531150832e-06 3.434905555609095e-07 2.0800663081954117e-07 5.6148928181763686e-05 0.0 9.08310189657188e-06 5.9883151292149194e-05 3.7078473567593953e-06 4.844930009338659e-05 4.339519337692883e-05 4.0864850139641365e-07 9.503595984601045e-05 2.3929373047886653e-07 7.695128603374454e-06 6.965711290885952e-06 7.882657947137015e-05 4.7295894971090577e-07 7.996463617386741e-08 0.0 6.290830909829259e-05 8.292189031820382e-06 3.331100284794774e-05 1.508818451305374e-06 0.00038027576207169174 6.725973041006071e-08 8.49573293820922e-07 6.986120847653664e-07 0.0001747295443989402 1.959655658039752e-05 1.2758050777766832e-05 0.0 2.6784941821443577e-07 1.8833375639779127e-06 5.024833143459714e-06 8.322451965814097e-07 3.633666436635584e-05 6.633914446688237e-07 1.1179253134169476e-05 3.4085040498505323e-06 3.0268664834986982e-05 4.2219128095113116e-07 0.0 0.0
2.5873803172160467e-05 2.9234078455955224e-06 4.991413618030782e-05 0.0016781330233934084 3.6650274108858188e-06 0.0038169197140562206 0.004754275259655466 0.0019824426608666067 8.907229045261796e-05 0.0 3.1976741382180995e-05 0.002742438361808073 4.528860999114185e-06 0.001405138830431423 4.953282143332779e-06 1.0162383083342472e-06 3.3063767421530194e-06 9.17938490337658e-06 5.313186858525868e-06 0.0019324186910382518 1.0719645223307234e-05 2.720115322806954e-06 1.644358897459864e-05 0.00023148320277240118 8.363966729641345e-07 1.6810108590101748e-05 1.737132413069782e-05 0.002714056042354286 0.00046202636759561604 1.0997628882810365e-05 5.307351449198079e-08 4.6481202350445954e-05 4.137419820606288e-06 0.0002130337512363187 1.2301492460808479e-05 0.0005000263217394163 1.4049632859507843e-05 0.0006025931361934934 0.00019365361969311143 2.506874059935335e-05 5.928482251146433e-05 1.6938137949274446e-06 9.818578008357702e-06 1.6273934787974651e-06 4.778222844085928e-08 7.61405493962142e-07 9.40085035916809e-05 0.0 6.595277614344646e-06 0.00011691593584881207 5.576712661943504e-06 6.501154168074319e-05 6.306305770555876e-05 2.891594203275828e-07 7.544221056999533e-05 3.4120851644449667e-07 8.455171107135965e-06 2.792592357708428e-06 1.0994530858696362e-06 0.0 1.4370725671821187e-07 0.0 5.597757070915033e-05 2.8140850964549715e-07 1.9474260710750538e-07 3.388602882203386e-07 0.00019743960237419403 0.0 1.2572814875509968e-07 2.389850434508613e-06 0.00015392124078841122 9.850886822747058e-06 2.7559976982011448e-06 6.331326717267538e-08 0.0 5.998156019824205e-07 4.590197669824405e-06 2.926249234598984e-06 2.2801933898712002e-05 9.58273152223344e-07 7.861557632255672e-06 1.850664609104532e-06 8.914065840747577e-06 9.090439059556864e-08 1.1583601939892516e-06 4.112320679010494e-07
7.61962369027374e-06 2.2391106242105143e-05 2.640085827884866e-05 1.4484158501457933e-06 1.415250126712038e-05 7.261109993875934e-05 1.4356565651142555e-05 6.596797875334884e-05 1.4341693335965515e-06 3.1976741382180995e-05 0.0 2.696665833944959e-05 0.0009946754758557144 7.570215514977266e-05 6.115582212804602e-07 1.2748816144074399e-06 0.00012113372909949155 0.001836102011972011 0.00023991685735321458 5.540066477400673e-06 9.094769170371484e-06 9.314447232580504e-07 3.3234969917471175e-05 8.386915673761335e-06 0.00033188134333819074 0.0018756461198680724 0.0003516032832816345 5.015018815037862e-06 0.00022022719884672511 8.239024216516283e-06 9.936316077005598e-05 0.00013479498317949532 2.5269544865183016e-06 0.003375313159684054 3.3666137113016606e-06 0.00038765905378289 0.0014698759755907428 0.002252139025212383 0.0005978337856156827 1.1328689362799096e-05 6.979862955882084e-05 0.0005935783134192116 4.207847516800483e-06 1.6098481206582625e-07 7.72691416724996e-06 2.7997031172501244e-06 0.0 0.0 0.0 1.5846432703493872e-06 9.924776302744207e-08 2.8449521722219887e-07 0.0 0.00010234366583246937 8.971562798927293e-08 0.0004236897770795363 1.8314091314352443e-07 0.0 2.4783281080913256e-07 1.24253584212508e-06 2.2071740622788385e-05 4.991403631853003e-06 0.0 0.0 0.0 0.0 1.5299091293018734e-06 4.0239070492745395e-05 7.178885928120199e-05 0.00011333416697227763 2.287810045018071e-06 1.1320977372835544e-07 1.2376106524599673e-07 3.826536768861107e-05 0.0 0.0 3.818653981228322e-06 7.090975285061215e-06 2.3339566917955412e-05 0.00012607458719073793 6.900050557079267e-06 3.0362904298093103e-06 6.173936981128338e-07 0.0 8.868373924564165e-05 1.1868403250582075e-06
3.5896039256194323e-06 4.5288645162759765e-06 1.4509939505102025e-06 0.0034894937519449544 3.52246577511504e-05 0.0032061170691487064 1.970464428302118e-05 0.0006949387561222163 0.0007827721797936573 0.002742438361808073 2.696665833944959e-05 0.0 4.048649647940426e-06 0.00027149104587175833 0.00036036571632582176 4.3397023502296214e-08 9.04025459576476e-07 6.199023373012635e-06 1.5159442695614373e-06 0.002391595587414162 5.740849498326875e-07 5.642498718179092e-05 8.96099715489706e-07 0.0006148454003877161 2.2805914996992426e-06 4.929728552020566e-06 3.90798382572616e-06 0.00041943140708446363 0.00026503675125769376 1.6477564331714297e-06 2.369877462757239e-07 9.240272612884317e-05 2.1971436582685112e-07 0.00010510879398229195 1.6460246567868433e-07 9.532596249895417e-05 4.637583248267072e-06 0.00016770135066650178 2.2415931169704977e-05 0.0007509323878399149 1.1666138227146919e-05 1.4181696676736432e-06 1.7724759977030747e-06 2.5844957830919497e-07 2.207141225280908e-07 1.7621294908537268e-07 4.823395167811456e-05 0.0 1.8725890226879986e-05 1.6175822863961496e-05 2.0552731665990957e-06 0.00017397239550849593 0.00015851343901017011 4.238215616008855e-08 0.00014259553799446915 1.4623167536223382e-07 1.5434947967674615e-06 1.3582770750522343e-05 2.729399941045762e-07 0.0 0.0 0.0 4.1406258427041346e-05 0.0 5.621158647794397e-07 5.75235169053751e-08 3.953268437957506e-05 0.0 3.777554104021633e-07 2.046673695631559e-07 2.9487841284628767e-05 1.0140608320839138e-06 1.5650383370389093e-07 0.0 0.0 0.0 4.1220720793151627e-07 4.382853840528725e-07 2.0842721538067238e-05 1.6674853672057275e-07 1.5929663637125803e-06 1.1583418915931926e-07 9.520014541377825e-05 1.629929141281548e-07 5.724309885756923e-06 0.0
5.047599461723058e-07 0.00010115555254409001 6.423597909476268e-06 1.8421930402794566e-07 2.2746514946185234e-06 9.867180919422683e-06 1.846940502497308e-06 1.0252881729861082e-05 1.57752425447809e-06 4.528860999114185e-06 0.0009946754758557144 4.048649647940426e-06 0.0 1.1064000114455057e-05 0.0 8.849250762798448e-07 5.923716907137989e-06 0.00010965737614029729 8.6147943690989e-06 7.239253197381746e-07 1.1353066177677114e-06 1.0261164652805537e-05 3.110427215437643e-06 2.8465197359227356e-06 0.0028794543277296026 0.0009761182009995677 0.002984277515002311 5.406644976870099e-07 2.475929954863293e-05 8.21767862391063e-07 0.001152206634148845 2.4295262606780655e-05 1.239017101764084e-07 0.0007270097234942814 3.6871539761127177e-07 6.612613791017138e-05 0.0008146217551518 0.0011434522637341887 0.0002113089785213137 2.145930975074126e-06 1.859146683719575e-05 0.0006242922361761039 1.4769473020056657e-06 1.1678258006658805e-07 1.1836125810245209e-05 3.4082463692844164e-07 0.0 0.0 4.763621083810339e-08 7.265179007007896e-07 4.51456933411603e-08 1.0249628774077768e-07 0.0 0.00018739997064679773 0.0 0.0008382382564761211 9.955082744306239e-08 0.0 0.0 3.6903407808677904e-07 4.830809137509434e-05 1.2515441845356831e-05 0.0 0.0 1.0986031062570843e-07 5.6808227972956225e-08 3.823286415639052e-07 0.00010710462730499843 0.00017642125674854686 0.00028985484510563595 4.484040646700587e-08 2.628414160056262e-07 5.0696165829833595e-08 8.596742025242073e-05 0.0 0.0 4.919718037975589e-06 3.6593477519367464e-06 1.335984994822337e-05 0.0002012292511460232 1.868558142374937e-05 1.1751348298182988e-06 1.6336893541855176e-07 5.729646611045925e-08 0.00012632808632574493 2.000828308647226e-06
0.0033135359112415027 1.083779994650337e-05 0.0006074109083760869 1.310848822982471e-05 1.3680375908986665e-05 0.0006928767920814971 0.004755255163961983 0.00528903154699587 2.3739211145909697e-05 0.001405138830431423 7.570215514977266e-05 0.00027149104587175833 1.1064000114455057e-05 0.0 7.009484076045639e-06 2.7870424217946344e-06 0.00022210155429607252 5.43399743265193e-05 0.0001245454067941655 8.141986176504736e-05 0.00015842170588486543 3.577837195069539e-06 0.0002635675252162809 0.0002166915357102302 3.1043186704563126e-06 0.00020338349361059607 9.699431436189345e-05 0.00016115989957160296 0.004357627495968308 0.0021943804526145558 3.524690422528494e-07 0.0007291078772570242 2.4390244737985153e-05 0.0003061349343555545 1.2384990577574551e-06 0.0001593949716696627 1.3364617720665863e-05 0.00024061667511308027 3.398233426805385e-05 0.00011591449190690283 1.1926474845840251e-05 6.622623706521494e-06 9.559892887523397e-07 8.390414263139266e-07 1.4019523392853276e-06 1.9991812176257555e-06 4.580478972893213e-06 0.0 8.551776418892938e-07 4.496226763137948e-05 2.2933980015893102e-06 8.088118932410291e-06 1.4316857188758033e-06 1.3046345322470847e-07 8.143798944194026e-07 8.261332175208494e-07 4.811820140926645e-06 0.0 4.263760454008623e-06 5.820294186518733e-08 0.0 0.0 4.780027155008933e-07 6.770694168608201e-07 9.425066436636602e-07 2.1806657898892377e-07 4.862698755716503e-05 8.315464306935132e-08 5.367938213241702e-06 8.883610169057054e-06 5.430870828655858e-05 4.655179470243099e-06 5.7185959864069775e-06 0.0 4.8291382613351646e-08 4.822760359225982e-07 1.1329543288833342e-06 1.1384635924212441e-07 1.7549644541666154e-05 4.0248154937398103e-07 5.640683489515086e-06 1.5408992213708405e-06 2.271930367623591e-06 9.360681432108012e-07 1.5141260353857457e-07 1.1488489126741505e-07
5.717757842597738e-08 1.1902594148096036e-06 6.316759574726125e-08 2.687236366105746e-05 0.000743234184776718 0.0007394339271579262 2.4348943517112948e-06 0.0001216088886951023 0.00018495977038304265 4.953282143332779e-06 6.115582212804602e-07 0.00036036571632582176 0.0 7.009484076045639e-06 0.0 0.0 0.0 0.0 5.2451534200260826e-08 5.4166787561095125e-05 0.0 1.2762408118891156e-05 1.406932429215071e-07 5.798205912659962e-05 5.942664692000601e-07 1.5658092047435483e-07 1.7757021005099847e-07 4.939687894130886e-06 1.4317627834909172e-05 0.0 0.0 0.00036645756695331035 0.0 1.0937026350388824e-05 7.838517366552924e-07 2.660967928840292e-05 5.018797749212473e-08 1.6767730906552914e-06 9.514804431143928e-07 0.000933929288844874 8.080405166556975e-05 0.0 0.0 0.0 0.0 0.0 8.580642797330963e-07 0.0 7.477894736672273e-07 3.348948683117183e-07 0.0 7.411696967569998e-06 2.4669201107353817e-07 0.0 2.5062467845149953e-06 0.0 0.0 0.0 6.378902561700782e-08 0.0 0.0 0.0 1.0831561401544888e-06 0.0 0.0 0.0 8.680817657897385e-07 0.0 0.0 0.0 7.089904433919296e-08 0.0 0.0 0.0 0.0 0.0 0.0 0.0 1.0964821123018327e-06 0.0 0.0 0.0 6.214520430976587e-06 0.0 1.3459995397562831e-07 0.0
1.0225384382418296e-06 0.0001717753315921781 5.795271917063453e-06 0.0 0.0 3.9015715135892056e-07 1.4604168901371043e-05 9.783056353215403e-07 1.873000203480112e-05 1.0162383083342472e-06 1.2748816144074399e-06 4.3397023502296214e-08 8.849250762798448e-07 2.7870424217946344e-06 0.0 0.0 5.801741144217162e-06 7.344143962639539e-07 2.956598460218683e-06 0.0 0.0016686949498520359 0.0013924869138498461 0.0032126558006570992 0.0008519147128890854 1.9848274221030107e-05 4.199683554237752e-06 0.0018743153092434426 0.0009372520182915269 1.2095246034456826e-05 0.00027609783170206306 0.0 2.701614362886454e-07 6.162919610284839e-06 0.00012768468172042803 5.695633802734549e-05 0.0021036088799593227 0.0003630521242085432 0.0004094616183874255 0.0004910846802597583 5.751055671113062e-05 2.811741631631036e-06 1.048753025544708e-06 1.626014340462372e-05 2.0011846739881577e-06 1.3812915027705494e-06 2.1547674189715478e-05 1.4169012288903671e-07 0.0 4.0589125771941515e-07 1.731519532076113e-05 8.289041905912221e-07 1.0132406098756597e-05 2.2212588219263036e-07 2.0969460538507383e-07 6.300438005416662e-08 0.0 2.909778095907234e-06 6.161661324882997e-07 0.0022012465916877015 1.934324366456797e-06 2.060118081200427e-07 9.453271893293736e-07 0.0 0.00015336650374213624 0.00038394769950426407 0.0004919763400431335 0.00013929191893563835 0.0 2.6233504648367098e-06 0.0006872355634076718 0.00017305603833963896 1.2029417006535447e-05 3.834260023089182e-05 0.0 4.016523992520827e-08 2.818938083911913e-06 1.2749078591502512e-05 2.8085242012588927e-05 0.0001810114279531135 1.2564839223035837e-05 2.5763133118114636e-05 1.161651434217142e-05 5.046763658072651e-06 7.877875999424731e-07 0.0 1.1629145204063599e-06
4.837224484236968e-05 0.00030628141370349593 0.0010589046906313718 1.1597481678086386e-07 1.6264890039477728e-07 7.083459646885914e-06 4.684224893333175e-05 8.45709704469858e-05 2.4936105326416074e-06 3.3063767421530194e-06 0.00012113372909949155 9.04025459576476e-07 5.923716907137989e-06 0.00022210155429607252 0.0 5.801741144217162e-06 0.0 0.00023771434563541496 0.0024305934437144844 9.271741134049314e-08 0.00010545450917384246 1.9337826408043957e-05 0.0013896895180703524 5.452713606698588e-06 5.977715407487166e-06 0.0017862019888811196 0.0035645268617293946 1.0249665416949395e-05 0.00017336639042873144 0.0001011859887917699 1.0018162764109578e-06 2.97393470647282e-06 1.7525050839759973e-05 0.0010319712952645333 1.214642132011298e-06 0.00012530779452652455 0.00010285035070813585 0.0003974917066488385 6.143596310243111e-05 5.03849797475982e-07 2.677979797232231e-07 5.930341194046628e-08 1.636967342052411e-07 2.579465480138784e-07 8.073103327161766e-05 0.0001031307911778482 0.0 0.0 0.0 1.5119362179131785e-06 4.7485554458967915e-08 9.618040295619421e-07 0.0 1.3545724554599328e-06 0.0 1.4673160771651902e-06 0.0 1.1525686574468677e-07 8.287614997527204e-07 3.6677125970567746e-05 7.877963236114855e-07 2.3170775924533115e-05 0.0 5.334240081864875e-07 5.828938144736458e-06 3.5633552606190307e-06 2.058877741631982e-06 6.42453391415825e-06 0.00038710385193468363 0.0006357158430630303 5.267335217847858e-07 2.1268407520824756e-07 7.269747301680747e-07 1.2930842560036755e-06 0.0 0.0 3.3099500608337178e-06 7.702297690336464e-08 2.318542616002187e-05 9.062881695348337e-06 2.052409257721021e-05 1.8845668154861011e-06 0.0 0.0 0.0 0.0
1.0240496086150717e-05 1.471160730684895e-05 4.975283443942382e-05 1.307177654852882e-07 7.083767471239979e-07 1.0845157502795556e-05 8.850886845380447e-06 2.1439516060773412e-05 6.398727514944368e-07 9.17938490337658e-06 0.001836102011972011 6.199023373012635e-06 0.00010965737614029729 5.43399743265193e-05 0.0 7.344143962639539e-07 0.00023771434563541496 0.0 0.0009581794708223451 1.1462474349538517e-06 7.410168175731525e-06 1.0614278034944609e-06 3.500107150945622e-05 3.5731780634622116e-06 1.5892759702781392e-05 0.002055670257523368 0.0006327058228616081 3.1352880312425e-06 7.313144308566531e-05 1.2794159251968248e-05 5.777505385874417e-05 1.2767430667471867e-05 3.530361918615848e-06 0.0008905138274284751 5.391638393349281e-06 0.0005495372320890653 0.0008218071148548057 0.0010749008096177747 0.0004123823429432095 2.325716450094084e-06 1.1640443774761813e-06 9.251623179765439e-06 1.2901286146303388e-06 0.0 8.170964591431477e-06 5.836989731210506e-07 0.0 0.0 0.0 5.998982691316339e-07 0.0 0.0 0.0 2.145754686339897e-05 0.0 5.868564528473253e-05 4.625774304852124e-08 0.0 5.076197725809894e-07 2.162021339460576e-06 3.22216498322014e-05 2.166428704941673e-05 0.0 0.0 0.0 1.380514390026665e-07 8.259919148534884e-07 1.8672259055308157e-05 0.00012148979456776266 0.00015063438790137342 4.3517526450254733e-07 0.0 0.0 1.8111368554465358e-05 0.0 0.0 1.0678327108980748e-06 4.132446782308997e-06 2.3325308080954575e-05 9.298308437983941e-06 4.544137220166502e-06 0.0 9.749152229011361e-08 0.0 5.22920125655801e-07 0.0
2.771278098306332e-05 6.256314239012237e-05 9.79217960192488e-05 1.2164238721716212e-07 4.806534854128854e-07 6.846685242782367e-06 1.7946120961346998e-05 4.8225549192439795e-05 3.207941443499603e-07 5.313186858525868e-06 0.00023991685735321458 1.5159442695614373e-06 8.6147943690989e-06 0.0001245454067941655 5.2451534200260826e-08 2.956598460218683e-06 0.0024305934437144844 0.0009581794708223451 0.0 9.276963634662626e-07 3.22818625966303e-05 2.6956262806965106e-06 9.459631986309571e-05 3.3945559970200387e-06 7.945998486853026e-06 0.0015450055028926558 0.0007190558012677083 3.7292409053122035e-06 0.00013615547858214744 3.860868950695028e-05 9.005529065425953e-06 6.492412969679821e-06 1.4076982821947372e-05 0.0013445276250004597 3.9548397770683424e-06 0.0003832404669701842 0.00022675222491721591 0.0008909435423477599 0.00021284028303263008 6.412599187206172e-07 2.3571242202512017e-07 7.692157844436606e-07 1.3421167939204227e-06 0.0 2.4288536194094427e-05 3.6513568295800696e-06 0.0 0.0 0.0 4.4510196555131174e-07 0.0 4.359349299084069e-08 0.0 3.4638034292616775e-06 0.0 1.39319242342814e-05 1.5417315320918692e-07 0.0 3.5599950764041093e-07 2.436175747912473e-06 1.0078018862023267e-05 2.249376040056086e-05 0.0 7.805787406656676e-08 5.969788725259796e-07 5.941033227424336e-08 3.8507953288668235e-07 4.175574562921963e-06 0.00019770411461167797 0.0001764090124802011 5.119453415488865e-07 0.0 4.690937342956326e-08 4.43957125926139e-06 0.0 0.0 1.0965342916125573e-06 7.979390289361902e-07 7.004590315821382e-06 3.78734594822514e-06 6.085956944397957e-06 1.2642989869168218e-07 8.38790330040852e-08 0.0 0.0 0.0
1.6839536326255404e-06 4.2971175522389846e-07 1.2769788502117258e-06 0.0015975712895562604 1.9434451839628037e-06 0.00014463683929816018 4.0287834258573996e-05 0.00012236208833904332 0.0004988177482104446 0.0019324186910382518 5.540066477400673e-06 0.002391595587414162 7.239253197381746e-07 8.141986176504736e-05 5.4166787561095125e-05 0.0 9.271741134049314e-08 1.1462474349538517e-06 9.276963634662626e-07 0.0 2.107561893595525e-07 7.455204127393576e-07 5.902506112527444e-07 0.00012588036735641957 2.1516087196624986e-06 1.3092888658364546e-06 1.8039913943957462e-06 0.0010686087926704473 7.283090656777128e-05 8.574429329459121e-07 0.0 1.4747997977895824e-05 1.6724582393378948e-07 3.750675897524013e-05 1.1167218967775977e-06 7.042467987485677e-05 3.0463944082747917e-06 8.892980082277278e-05 2.44770828083623e-05 8.724302217879383e-05 6.611462751701951e-06 1.369123362284014e-06 2.405715264356904e-06 5.24646224731982e-07 0.0 0.0 4.458124207402722e-05 0.0 6.167674186447066e-06 2.4295828495957688e-05 5.633172074703351e-07 8.481765404248815e-05 2.4634317031254254e-05 6.34944910110886e-08 5.8508612566931224e-05 0.0 2.3729427627271258e-06 3.782831501437803e-06 0.0 0.0 0.0 0.0 2.8427925912631605e-05 2.3961645084395214e-07 0.0 0.0 5.35831853133851e-05 0.0 0.0 0.0 3.785938488429362e-05 2.0621452576342865e-06 2.6429806448607226e-07 0.0 0.0 0.0 8.536159043532086e-07 0.0 9.643684403433712e-06 0.0 1.7760722506326652e-06 3.3965658957427704e-07 1.9390807624733074e-05 0.0 6.821464952964053e-07 0.0
3.603635915031451e-05 1.1695564727447464e-05 0.00024244981470196444 3.7941536537365367e-07 4.344486174915451e-08 1.4412173983445903e-05 0.0003616477846476179 5.434041373461189e-05 5.863356498072824e-06 1.0719645223307234e-05 9.094769170371484e-06 5.740849498326875e-07 1.1353066177677114e-06 0.00015842170588486543 0.0 0.0016686949498520359 0.00010545450917384246 7.410168175731525e-06 3.22818625966303e-05 2.107561893595525e-07 0.0 5.563624255727828e-05 0.01055396189385744 6.122525029255424e-05 2.369593133459355e-06 2.3296380740686664e-05 0.0007840750631532037 0.0011689182915195974 0.0002688030333947459 0.0063780655814039775 1.2862747746025157e-07 1.7587877544293481e-06 5.773512141961956e-05 0.0029088837897469372 9.058404411044818e-05 0.0022061156765260438 0.00014438144356135086 0.002829928206261012 0.0011683689846976493 8.248334323792765e-05 5.925815063774008e-06 1.0015143682276588e-06 2.307870172454071e-05 6.57643640710025e-07 3.5547796378085683e-07 2.3485473581258552e-06 1.0681771296589421e-07 0.0 0.0 1.0339758686339024e-05 2.8527612406974903e-07 4.165792543231415e-06 7.563206957718354e-07 0.0 0.0 0.0 2.436555996028213e-07 3.2129059035223654e-07 0.00021871459935648687 5.035409830547149e-07 0.0 2.5195333893750344e-07 0.0 4.821429600212931e-05 3.8353224171186405e-05 1.7359238286950746e-05 5.300021527896907e-05 0.0 1.6095690740266143e-06 1.8989914652024486e-05 7.611193025763364e-05 6.253374313051687e-06 2.154185511822734e-05 0.0 0.0 2.098230475641884e-06 2.9382356389046396e-06 3.217496213343263e-05 9.954438056511782e-05 9.610333591783877e-07 9.572990704570109e-06 5.058383425955645e-06 2.8006480256133352e-06 8.080254042838428e-07 6.202202430318802e-07 1.634044497520433e-07
2.1220120974308872e-07 0.0018128564296925587 0.00010335999561124264 3.23783150295496e-07 0.0 1.8498679027231037e-06 1.880576912531162e-05 1.225609577158567e-06 0.00183546739264169 2.720115322806954e-06 9.314447232580504e-07 5.642498718179092e-05 1.0261164652805537e-05 3.577837195069539e-06 1.2762408118891156e-05 0.0013924869138498461 1.9337826408043957e-05 1.0614278034944609e-06 2.6956262806965106e-06 7.455204127393576e-07 5.563624255727828e-05 0.0 0.00018912199368902423 0.002589695198568053 0.00042477796973306543 5.802532864260162e-05 0.002455916392755833 0.00010878722373897025 2.547179312671129e-06 4.4269418769311714e-05 2.808926970980133e-06 8.692564632106385e-08 4.075634708305774e-07 4.6202442886749304e-05 2.67763328756022e-06 0.00012363946518934488 2.543509020370214e-05 8.0994840581257e-05 4.600712195923642e-05 2.1880316956327304e-05 2.7146284846372436e-07 3.4841164371687718e-06 0.0 1.0488236699548414e-07 8.223861443663878e-05 6.103881234140471e-05 0.0 0.0 0.0 4.0627942671891195e-06 2.7539294443639113e-07 9.384641636402312e-06 0.0 6.544486107813118e-08 1.2625354210669417e-07 1.0689449717736145e-06 1.3676048380655015e-06 3.841290476064959e-07 0.0012385899912096387 2.7986702867656525e-06 2.870984189056594e-07 4.486178222550509e-07 0.0 7.03442037928164e-05 0.00023730888954338477 0.00024789642364086794 8.129482977546477e-05 4.066011878265836e-07 4.074603612169784e-06 0.0012615471476670153 8.077403580873019e-05 4.792611556440069e-06 1.6756225332189644e-05 8.89589847116069e-08 0.0 2.5032016389899454e-06 6.031847175727597e-06 1.1182934311324551e-06 5.966637279058412e-05 6.7142316887171055e-06 1.511127427173104e-05 6.311408597315965e-06 4.890039427102354e-06 0.0 2.0072376575061348e-07 5.844517807537699e-07
5.381732927511017e-05 4.3542393774193615e-05 0.005430815813010319 4.777411369779098e-07 5.279531980277009e-07 2.2211271924924033e-05 0.00044682276959926467 0.00011650855025082325 2.2860259162340896e-06 1.644358897459864e-05 3.3234969917471175e-05 8.96099715489706e-07 3.110427215437643e-06 0.0002635675252162809 1.406932429215071e-07 0.0032126558006570992 0.0013896895180703524 3.500107150945622e-05 9.459631986309571e-05 5.902506112527444e-07 0.01055396189385744 0.00018912199368902423 0.0 0.00011570029120798968 2.381656756082865e-06 0.0008058952179250733 0.013084578177484691 0.0007538638294750069 0.00016993164993394066 0.0018991249439953295 3.597016804512606e-07 4.170451660991649e-06 2.701197924006696e-05 0.0018199626998680162 0.0001517729503931994 0.0053785014172582505 0.0010056502153507547 0.004330328310018139 0.0033573875728565837 0.00018227046583371983 9.986055373006531e-06 5.118304099790664e-06 4.824292891164451e-05 3.192748481559753e-07 1.7070480584657635e-05 0.00015713465583225896 1.1163652925743004e-07 0.0 0.0 4.47957493129765e-06 2.291865325641066e-07 2.7705936530827093e-06 0.0 3.823735753828661e-08 6.945690415114024e-08 2.0610643569641373e-07 6.967684827140704e-07 6.015599134485519e-08 0.0005412489376042665 5.471006946758368e-06 5.5855939108819154e-08 6.009341909797675e-07 1.1138590378554006e-07 2.0881286105890737e-05 8.290215100923459e-05 0.00015505212207236288 2.380608589249798e-05 6.462920494901478e-08 1.4885561919580494e-05 0.0006741445287228315 2.245954529140362e-05 1.3687059139511285e-06 5.8359478516503235e-06 3.0660200533756277e-07 0.0 5.4902937119358035e-08 2.484079754618618e-06 7.322167859586289e-05 0.0001339958626161357 8.894551463967927e-06 1.9001595935621112e-05 1.2371402701497522e-05 5.613386204881651e-07 1.0214579841404515e-06 4.0514646409215775e-07 0.0
