0.0 5.463324419858879e-08 1.489500490757064e-05 6.747697003588699e-06 2.668974420253309e-07 3.161414386059397e-06 0.0009482475474398297 0.00033565408826098143 7.508561746060267e-07 2.9002637452624795e-05 3.4969608224567605e-06 1.8448622339985604e-06 7.162678784956473e-08 0.0032898941912433656 6.456143849721975e-08 2.522227620393951e-07 1.1878713016549017e-05 1.6934544660218346e-06 4.2732712137182965e-06 2.7175546691079203e-06 1.532970422498421e-06 0.0 3.559617041455816e-06 1.627272362588518e-05 0.0 6.000294598679142e-06 1.3357216397863082e-05 4.522792609475352e-05 0.0015593716968143399 0.0017380067844316855 0.0 4.811607889245146e-06 3.7830069760412204e-05 4.365973412686923e-05 8.601168004978326e-07 4.551503935025089e-05 3.1669664273585217e-06 5.119209582479489e-05 1.914249500975479e-05 6.658057614689809e-07 1.8022562965858666e-07 0.0 5.753698416635113e-07 0.0 4.9021148736695994e-08 0.0 1.8541148742354608e-07 0.0 0.0 1.8082951903344326e-07 0.0 0.0 0.0 0.0 0.0 0.0 0.0 0.0 6.392312575412278e-07 0.0 0.0 0.0 0.0 6.060768197058867e-08 0.0 6.286232258015204e-08 7.922696784261643e-07 0.0 1.388409054102723e-07 3.5919109306154824e-07 3.8735548081133703e-07 0.0 1.21105891029426e-07 0.0 0.0 0.0 4.4264671129461744e-08 3.051886228584084e-07 4.9795102088920814e-08 0.0 5.562445370946837e-08 0.0 0.0 0.0 0.0 0.0
5.463324419858879e-08 0.0 4.9330558785838066e-05 0.0 1.3233117155016953e-07 0.0 1.8801664032059285e-06 1.4961201349468272e-07 0.0003257973489847144 7.87837896764578e-08 3.181585931496765e-05 2.3587144420580853e-06 0.00019011704509748397 4.686435077570251e-08 9.385076120297161e-06 8.461014006534977e-05 1.1568002434742276e-05 1.0704855299296213e-06 8.094797589438902e-06 0.0 4.06288467569275e-06 0.0013693918421236915 4.525693865477876e-06 0.0002328460746219746 0.0010578958977870865 0.0002664016171278796 0.004483315991166239 1.0364780067629855e-05 3.37153236606952e-07 5.70535572360422e-07 1.951833648264279e-05 0.0 0.0 5.606459178167998e-06 0.0 1.3415373781561674e-05 4.5071410446255e-05 2.1119876481317584e-05 3.853863418446748e-06 8.794464735830352e-06 0.0 5.7648028644062546e-05 0.0 0.0 5.352908506156025e-05 2.3198910993072852e-05 0.0 0.0 0.0 0.0 0.0 8.009437505740348e-07 0.0 1.5947559035111194e-06 5.344588986489579e-07 9.32982447455554e-06 0.0 0.0 1.7611192306200224e-06 1.4463947512719534e-06 3.115255766443782e-07 2.367161068736618e-06 0.0 2.1226395701002316e-07 9.827909831695775e-06 2.4714766298955372e-06 8.541471514255067e-07 0.0001337782667701641 4.8331513924016775e-05 0.0004988398208440422 7.740330862456852e-07 0.0 6.339447225964819e-08 9.357109529925571e-07 0.0 0.0 5.901729045953598e-07 0.0 1.105534421571444e-06 1.4044331162273735e-05 8.000344108519725e-07 6.396772895828966e-07 1.3245589092370166e-07 0.0 2.4236620400336993e-06 0.0
1.489500490757064e-05 4.9330558785838066e-05 0.0 2.4751751364913283e-06 7.469836917481376e-07 2.4945965074509522e-06 0.000831852463620364 0.0001473697963906773 4.167771122492582e-06 4.4923819370613666e-05 3.528373390722225e-05 5.166118926503487e-07 1.4948387452374129e-06 0.0001588136997720686 0.0 1.0138573201582153e-05 0.001768669772645868 7.329844983557733e-05 0.0002854963591297398 7.096722441275459e-07 0.0006212224880201285 1.124325606760064e-05 0.008013731685016911 8.521664634811754e-05 1.4643844905242365e-06 0.0050774132217690756 0.005803677924023935 0.0002750674229299942 3.244671874113457e-05 0.0004738489813346795 9.051597675760904e-07 6.423359945912997e-06 3.049599650150645e-06 0.0006814329174717635 1.3126495986955983e-05 0.0011753534766640436 0.0019008808252192967 0.001915103817057859 0.0005132523238575386 4.966957666235213e-05 3.2207642072983585e-06 1.554785284645166e-05 8.0494921123979e-06 2.0474563930493992e-07 7.223389446077813e-05 0.000325648276830982 0.0 0.0 0.0 2.6626327330370765e-06 5.029441739574017e-07 1.2663393356077075e-06 0.0 6.470386382131824e-07 0.0 3.8666677539328035e-06 2.8828101524576646e-07 0.0 8.8914991403264e-06 1.8037941999217234e-05 5.023872754252633e-07 1.3834501830709901e-05 0.0 1.916648130638688e-06 3.5470172635864775e-05 3.91780890738887e-05 7.457545521606712e-06 1.464699145597048e-05 0.00020738637408024486 0.0018390059684843716 6.831316712754943e-06 3.253432807272731e-07 3.194450417077495e-06 5.725753136569247e-07 0.0 0.0 3.86748583201401e-06 1.593688445900075e-06 1.5060498088865447e-05 0.000249006440209694 1.084316862264902e-05 6.247869605938192e-06 6.503106110259102e-07 7.772937011944713e-07 9.234134695870617e-07 6.51456985460103e-07
6.747697003588699e-06 0.0 2.4751751364913283e-06 0.0 4.916530794117102e-07 7.512848177856357e-05 0.00015084199733424435 4.099591693877384e-05 0.00016972714130307755 0.0014136402370827689 2.127518356939901e-06 0.0027411928495986214 3.76131143818394e-07 5.161446344703761e-05 1.166103987782362e-05 1.752910740094023e-07 1.7466431494187441e-07 2.4926070060489666e-07 5.315784701343722e-08 0.0018263191274360197 1.4100942246028607e-06 2.6168654326941457e-07 8.983931809722315e-07 0.0010822133467163306 0.0 4.5646492464565575e-07 1.1606718688666845e-06 0.0024163344894259048 6.954593843247656e-05 6.356274499488702e-06 0.0 2.7357895834669974e-06 3.0671963133525403e-06 2.296593228982725e-05 3.453619527111043e-05 0.00017322316016896418 9.2044940266251e-07 7.200872614643953e-05 4.642235192849476e-05 6.882984849779712e-05 9.997492408547216e-06 3.748131420720673e-07 2.1481127875896494e-06 0.0 1.271665885605952e-07 7.256827068188612e-08 1.2367976183467963e-05 0.0 4.27365765349156e-07 2.9380552049533487e-05 5.942562307811116e-06 1.6580516006482792e-05 9.402985150418256e-06 1.5807890036012893e-07 2.9635302593611165e-05 1.2290177578936594e-07 4.875729426657492e-06 1.9940068025026617e-06 3.971260783325748e-07 1.2664199894694853e-07 0.0 0.0 5.3376248472720504e-06 9.872228927403723e-07 0.0 3.0125805974528395e-07 8.740114163875607e-05 0.0 0.0 8.886572531628942e-07 0.00010952906221583066 3.050912697389065e-06 5.349761836203897e-06 0.0 6.520536661246508e-08 5.148008166980388e-07 6.664475024946805e-07 8.412707841057753e-08 4.4435764527242916e-05 0.0 3.113774036963266e-06 1.7097306048235764e-07 2.8074988336724204e-05 3.5181309254731883e-07 0.0 6.772220925519784e-08
2.668974420253309e-07 1.3233117155016953e-07 7.469836917481376e-07 4.916530794117102e-07 0.0 0.0002287159186604112 1.5462648515900861e-06 3.621612816655302e-05 2.9349803737867385e-05 8.0463855806711e-06 5.565076147137566e-05 4.2879130684115304e-05 1.134100839016188e-06 4.6149906235072764e-06 0.0006948249138361064 1.5183393856080283e-07 6.848129355676197e-07 9.5039608284497e-07 1.0229344211930333e-06 4.097949370438278e-06 5.52805555913448e-08 1.623710177994735e-06 8.011769440621068e-07 1.2597684895703995e-05 5.243558121951341e-07 1.7274332668599654e-06 2.344042012326737e-06 5.448996729130262e-06 6.470321121985331e-05 2.3177949875542516e-06 2.3410952723625054e-07 3.915639569982885e-05 0.0 0.00032446861586111407 1.398956115786567e-07 2.5446259609221036e-05 9.425452639690742e-06 0.0003533786853329816 0.00011392844287219146 0.0011110401122805499 9.406370337881855e-05 8.575584268406166e-06 1.393261494408993e-05 0.0 0.0 0.0 0.0 0.0 0.0 3.9627395429424875e-07 0.0 0.0 0.0 0.0 1.9751122477243806e-07 0.0 1.213556613929558e-07 0.0 3.585225740062633e-07 0.0 0.0 0.0 1.6114573680645141e-07 0.0 1.9672346196311607e-07 6.000562832973732e-08 1.106746242883784e-06 0.0 0.0 1.387866426922044e-07 6.062666385498398e-07 7.092340406031506e-07 0.0 0.0 0.0 0.0 0.0 0.0 1.7008751187300262e-06 0.0 0.0 0.0 3.995597602509642e-07 0.0 0.0 0.0
3.161414386059397e-06 0.0 2.4945965074509522e-06 7.512848177856357e-05 0.0002287159186604112 0.0 0.0009743708877703455 0.00305376089769429 1.9352253067465435e-05 0.005221861786181418 2.3171905206140512e-05 0.004142263241410378 4.0703505071965445e-07 0.00021451827327894426 0.0007757056579227752 2.1588554042927358e-07 7.493394753796653e-07 6.458870526631038e-07 4.879903913420035e-07 0.000479872587828691 1.1181273476129564e-06 4.5846825919162907e-07 1.8187375362236782e-06 2.5659534143722643e-05 9.491532001236996e-08 1.8426574424498223e-06 1.6462552339376171e-06 0.00017261987838258517 0.00027287548610270573 9.605262872352562e-06 1.0491527769325169e-07 0.00023244181071635292 4.1506984527842597e-07 0.00010084207054312635 8.367261731000694e-06 5.752576616165357e-05 4.5075432132835455e-06 0.00014179149356645545 2.7989025504569345e-05 0.0010528168253916602 2.769667384983632e-05 3.682577714698136e-07 1.3877005871067956e-06 0.0 0.0 0.0 2.1246859595173036e-07 0.0 0.0 7.378047177403494e-07 4.2465695230325955e-07 7.404349811098989e-07 2.0803560231091875e-07 0.0 6.077953944034092e-06 6.971920361017686e-08 1.5224278218456003e-07 4.960444275514016e-07 2.407118807855923e-07 0.0 0.0 0.0 3.589737816334826e-07 0.0 0.0 0.0 2.8023313091658412e-06 0.0 0.0 2.6992962849882825e-07 4.714157029737895e-06 0.0 5.277067768394966e-07 0.0 0.0 0.0 0.0 0.0 8.45207360530807e-06 0.0 2.3070655407622214e-07 0.0 3.184620551008687e-06 0.0 0.0 0.0
0.0009482475474398297 1.8801664032059285e-06 0.000831852463620364 0.00015084199733424435 1.5462648515900861e-06 0.0009743708877703455 0.0 0.0028026997146921853 0.00016931319483226272 0.004052334564112534 2.018527032831877e-05 1.4388477222922477e-05 1.7987557294896177e-07 0.0032957450257917954 7.028079791042239e-06 1.82030801929814e-05 0.0001424705334067672 1.2985045334971053e-05 3.7720350694495977e-05 5.067084452699306e-05 0.0004974323198088776 5.750685917915345e-06 0.0007688422782956766 0.0007279777009202127 8.535816782390471e-07 0.00011363762716228324 0.00018496751535177782 0.010289155531459456 0.0008480691517026089 0.003183603673159558 1.3580338149080712e-07 1.2813452925470045e-05 3.7995031032844234e-05 0.0001777252350898974 2.347057090548869e-05 0.0011290450483705783 7.11329558802189e-05 0.0004373950380005926 0.00028394395920378274 3.252779815763659e-05 1.6203342963208086e-05 7.084424484132158e-07 9.310795232170688e-06 3.7609759370684597e-06 7.782433323170863e-07 4.5256910822682555e-06 1.1597964961454408e-05 5.4715907498233957e-08 1.160819406611292e-06 7.96014343665258e-05 1.0387547417143418e-05 3.504337177126889e-05 5.061890481779607e-06 1.4500639374452578e-07 2.1439392443549068e-06 2.553120536578071e-07 9.321487151032707e-06 2.664301944255027e-07 1.805351361094248e-05 5.272115352830428e-07 6.161714617832863e-08 3.537979710578635e-07 2.998673037151251e-06 1.9144334431019266e-05 6.851394676420541e-06 1.0182793755878266e-05 0.00015565995391018188 1.5675087511135235e-07 1.1006797025863183e-06 2.9391706814181542e-05 0.00022537260647261401 1.3332788921054036e-05 5.8639796008845554e-05 8.624205716658792e-08 1.3743458314531232e-07 1.6715748419428573e-06 4.685970743457941e-06 1.2893792975427627e-06 9.499235030892461e-05 1.0852213339362075e-06 1.2524961002152246e-05 2.869533571437908e-06 2.8435818329679632e-05 2.8014443614508272e-06 0.0 1.250173072394854e-07
0.00033565408826098143 1.4961201349468272e-07 0.0001473697963906773 4.099591693877384e-05 3.621612816655302e-05 0.00305376089769429 0.0028026997146921853 0.0 2.5396903401524146e-05 0.0020232910584009594 6.275878843371587e-05 0.0005090587201203166 1.0160415558286915e-06 0.003228517583340655 0.00026800301267205335 8.209297222529889e-07 7.324085942523491e-05 1.0638406430155512e-05 2.525974587998791e-05 0.00018203508446037922 2.4922908361995146e-05 1.0202332155867671e-06 6.171218138164105e-05 6.86208501970957e-05 0.0 4.719886002633475e-05 7.260586251912386e-05 0.00020775113257950174 0.0013486953136531666 0.0012133349151288023 1.6184094309157552e-07 0.00032296009901837787 3.10279535276274e-05 0.000272937605012231 4.28265895608235e-06 0.00024801046388187953 2.5877063518814635e-05 0.0003847933245195861 0.00011049499353918071 0.0005241740318014162 2.5342060338850482e-05 1.8515547753830608e-06 5.508064676373587e-06 3.4351443787305077e-07 6.676014251512773e-08 8.473727402521886e-07 1.6248328260603877e-06 0.0 1.648981823994751e-07 2.1442295343027e-05 1.097006327781231e-06 3.99793333124064e-06 9.54464258895629e-07 0.0 1.8489166400702724e-06 0.0 1.0110816591546053e-06 2.0254756298962723e-07 1.0954982663742323e-06 2.2268719942216974e-07 0.0 0.0 6.502621792306934e-07 3.203441786965581e-06 1.8683373517447808e-07 4.7106174977069546e-07 2.6111771830900863e-05 0.0 2.0895130196305093e-07 4.707232708183116e-06 3.420827648320856e-05 1.5423799331147425e-06 8.419502733495633e-06 0.0 1.1387772588817202e-07 5.281712293862589e-07 6.409558526567248e-07 3.3855615585532594e-07 7.5501243272728875e-06 1.2722550970043973e-07 1.920552811876247e-06 3.458257414722415e-07 5.2881365377874595e-06 0.0 0.0 0.0
7.508561746060267e-07 0.0003257973489847144 4.167771122492582e-06 0.00016972714130307755 2.9349803737867385e-05 1.9352253067465435e-05 0.00016931319483226272 2.5396903401524146e-05 0.0 9.419127476054465e-05 9.187068272232999e-06 0.00017846707435619966 3.742768223944744e-05 1.3545576393872008e-05 0.0004994141842850024 8.196112877866529e-05 2.3570447215719915e-07 6.239406315532269e-07 2.0201912425629214e-07 7.504702519175801e-05 3.0302856250200153e-05 0.0018886715183200882 1.646173279270776e-05 0.005437197180543821 0.0001827068427531944 2.7380760639946227e-05 0.00011394200083767777 0.0007751528203737688 2.0018129846179623e-05 6.415688867503978e-05 4.006592295100256e-06 1.0841907805003908e-06 3.9167128198281925e-06 9.18867915843118e-06 2.720870889031897e-06 8.426303533838749e-05 1.1806968860157568e-05 4.350951350241287e-05 1.7584315632559585e-05 0.00021808951506058818 4.5546807923398935e-06 1.2342981824102478e-05 1.551897807306782e-06 2.6213330526208915e-06 2.5434550291042993e-05 8.071395482584494e-06 4.179783011876304e-05 2.372671515856219e-07 1.7967970131495085e-06 7.089098774151463e-05 9.871472458924421e-06 2.0678483418435918e-05 1.2855841721210721e-05 6.443010574389076e-07 2.9883496018204505e-05 1.88236529671896e-06 9.11409560316712e-06 1.4534458825683424e-05 0.00013595111843821511 5.864512322207672e-07 1.6107888055832634e-07 5.3179465248732954e-08 1.5200441082120513e-05 8.168594788105368e-05 9.427850137515372e-05 4.513902090470916e-05 0.0004062110058712813 1.8054026301841523e-06 2.629867411593613e-06 9.018051778110667e-05 0.00031467397189828165 1.4174941046977436e-05 4.9569478488862064e-05 1.9210069290431691e-07 2.167547111330501e-07 1.491696695018473e-06 3.111151195486039e-06 1.3254585373340197e-07 4.4373669095373837e-05 1.4375149111072678e-06 9.923111763081865e-06 1.309804609716851e-06 7.532897572763453e-05 5.80989157679158e-07 1.718879468845864e-07 1.7202814958880335e-07
2.9002637452624795e-05 7.87837896764578e-08 4.4923819370613666e-05 0.0014136402370827689 8.0463855806711e-06 0.005221861786181418 0.004052334564112534 0.0020232910584009594 9.419127476054465e-05 0.0 4.87279607491849e-05 0.0031623337929625357 8.069160881084201e-07 0.0009300738334126693 1.1471590142735424e-05 6.352886062183746e-07 1.1481527610451641e-05 2.9665140645714293e-06 3.533672869368225e-06 0.002461401651202004 1.2736975848083856e-05 3.331159087832108e-07 2.7605016432623787e-05 0.000600212116581829 1.7942104520927286e-07 1.0571954908083085e-05 1.4512634530232581e-05 0.004325529785675989 0.0005014868496011661 7.690749252679702e-05 5.359768493326944e-08 6.607204063509045e-05 8.336016531539253e-06 0.0002469286052968156 1.4341636085299357e-05 0.0004261400632466488 1.2990187806248449e-05 0.0006452664333994254 0.0002312540291777483 0.00016590823479612938 8.994926834324178e-05 8.627326977683602e-07 1.289682586461221e-05 9.469426210780759e-07 0.0 2.366292478361656e-07 2.0389978135711947e-05 0.0 1.5806403407293885e-06 3.395076420957186e-05 5.676111126800725e-06 1.834261401889187e-05 1.440590595791495e-05 1.9580099180814753e-07 1.4083005348280972e-05 0.0 3.42683331607349e-06 1.4718487152672993e-06 1.1354741259646844e-06 5.9310248340750336e-08 0.0 5.7554785259260535e-08 7.703530645043725e-06 8.50206323993213e-07 4.841013473999173e-07 3.318747078311578e-07 9.189080345267619e-05 0.0 3.5717725732750214e-07 1.217096564428895e-06 0.00010696292221942799 1.9728676148260073e-06 1.0901483721559452e-05 0.0 1.7122019765323906e-07 1.8618478543847008e-07 1.9219964409935703e-06 1.2988586015816175e-06 3.72450591530215e-05 7.996240196847096e-08 4.175811021576233e-06 4.648424487692916e-07 2.307716015144408e-05 6.789006561438175e-07 7.080811206915805e-07 5.052633929257977e-07
3.4969608224567605e-06 3.181585931496765e-05 3.528373390722225e-05 2.127518356939901e-06 5.565076147137566e-05 2.3171905206140512e-05 2.018527032831877e-05 6.275878843371587e-05 9.187068272232999e-06 4.87279607491849e-05 0.0 1.873538669548316e-05 0.001646640991109969 5.205562671944779e-05 4.552754716534742e-07 9.269155092183301e-07 0.0001698970686505142 0.0016850650550151946 0.0006957032790524906 1.1673034113762721e-05 1.4087101399853806e-05 2.8301929500321803e-05 8.212651188303264e-05 1.3851605293375733e-05 0.0007135926218738551 0.0015971471644788146 0.0007786136622177276 1.4457170799970036e-05 0.00011723190477249979 6.556758949327082e-05 0.00022723896944308844 0.00017399895330170464 2.5037392089339235e-06 0.003352030576127324 2.2671721786631816e-06 0.0004423597202832136 0.003604923258680561 0.003576045115260184 0.0005452023129212264 3.0156904453442947e-05 5.451370165811634e-05 0.0008873707585535584 1.4012284812962088e-05 1.8516159072993418e-07 4.9471151727626354e-06 3.724479034234591e-07 3.482398303844635e-07 0.0 0.0 8.807638259137835e-07 4.7022940033802977e-07 4.502055927994932e-07 0.0 0.0001990251924265995 7.106983010020042e-08 0.0007258535978871727 0.0 0.0 5.812336142836105e-08 1.9012055177185014e-07 2.0013734937110745e-05 1.7176914370671056e-06 0.0 5.9029274446947165e-08 3.5805150886926727e-07 9.447292785619072e-08 3.2075355290666007e-06 0.00011347852258009108 0.0001654166391258444 0.00022983878303079873 3.5663124607974992e-06 3.2980476574940846e-07 8.144261311931269e-07 0.0001487983386366443 0.0 0.0 9.572678550334202e-08 1.5646354128747942e-06 7.581100948979826e-06 0.00039181182268317077 2.9308952426599387e-06 2.8686301534384434e-07 0.0 1.6781361224242633e-07 4.7608281941833936e-05 0.0
1.8448622339985604e-06 2.3587144420580853e-06 5.166118926503487e-07 0.0027411928495986214 4.2879130684115304e-05 0.004142263241410378 1.4388477222922477e-05 0.0005090587201203166 0.00017846707435619966 0.0031623337929625357 1.873538669548316e-05 0.0 1.4786820357370166e-06 0.00021163649561040397 0.000543097527605313 3.0028342316204705e-07 2.1452958438891235e-07 3.1605829604154564e-07 3.34711982779268e-07 0.0018487153923806624 2.379115613343051e-07 2.6842244358572996e-05 0.0 0.000582622937035823 2.397609547796355e-06 1.7833776199197772e-06 2.8170078011988915e-06 0.0005866333093046307 9.249383018651506e-05 3.294399090758865e-06 2.9131105410786847e-07 3.3859140684351656e-05 1.7060196191843653e-07 7.764433153396398e-05 2.7167699461161984e-05 0.0005039342507809219 3.376569134598551e-06 0.00012007694711386319 1.4669771853012824e-05 0.00059238199116555 9.804700457172838e-06 8.186633092589017e-07 1.1214237771400117e-06 0.0 2.337115677386274e-07 1.2729372004913206e-07 1.4736542930975684e-05 7.093575440496426e-08 4.096429666924653e-06 6.610262270426417e-06 1.3370595629970157e-06 9.998235099151943e-06 6.854561728152288e-06 1.8547890031359528e-07 6.530099984659483e-05 0.0 4.972904764203543e-07 6.030621441608914e-06 1.1467491568508763e-06 0.0 0.0 0.0 6.523860156993651e-06 9.182295620427441e-07 1.9471028077680764e-06 9.648121493616305e-07 5.191210558847826e-05 1.0207275609892013e-07 0.0 1.2342070581533557e-06 2.549199140686309e-05 2.0324037295100686e-07 1.0361983731523972e-06 0.0 1.5170510161615796e-07 0.0 0.0 0.0 0.00010302456442180488 9.860879314395326e-08 9.922238545867644e-07 0.0 7.295449813375986e-05 2.5676324678879536e-07 0.0 9.939856144332831e-08
7.162678784956473e-08 0.00019011704509748397 1.4948387452374129e-06 3.76131143818394e-07 1.134100839016188e-06 4.0703505071965445e-07 1.7987557294896177e-07 1.0160415558286915e-06 3.742768223944744e-05 8.069160881084201e-07 0.001646640991109969 1.4786820357370166e-06 0.0 6.827719428137418e-07 2.0239845322506072e-06 4.336721744951867e-06 1.8228605474255892e-06 6.570317009560967e-05 1.6691457572551108e-05 3.3783811540786617e-07 6.765478215301435e-07 0.00013682373602275083 4.151659710222241e-06 3.7275093316785795e-05 0.004198951627328089 0.0004625141431781256 0.0030567904537820356 7.756445132945297e-07 1.579544924692054e-06 7.970378060356553e-07 0.0003559694647485929 3.606154434187839e-06 5.7315567405399385e-08 0.0001293146096285975 1.7344360709782358e-07 8.684859817038915e-05 0.001589538156180376 0.0007888942848679881 0.00010083729690831478 2.2310208912469893e-06 1.2776362010694612e-05 0.0005483071821441465 2.1547633676478247e-06 0.0 9.772696167882892e-06 1.6610951418274665e-07 0.0 0.0 6.636207642649786e-08 1.0853978644346527e-07 4.689062743277488e-08 3.1149144383532657e-07 0.0 0.00029609140973895886 7.216307483924891e-08 0.0009775479757559843 0.0 0.0 5.062122976504412e-08 6.812813939143711e-08 2.5471695894900522e-05 7.653672808225608e-07 0.0 0.0 6.939289537685669e-07 1.229581900666442e-07 8.183854817737055e-07 0.0001703102223526902 0.00021677560098857073 0.0002885968941925696 1.5521063111594376e-07 6.081429481982833e-08 4.693027139165718e-08 0.0002016074259753571 5.884974360905312e-08 0.0 3.72776689305514e-07 0.0 2.1575022867314063e-06 0.0005820250685013567 7.353350475398279e-06 1.2308583713982853e-06 0.0 8.758628030057612e-08 6.057522562489123e-05 6.029254763302833e-08
0.0032898941912433656 4.686435077570251e-08 0.0001588136997720686 5.161446344703761e-05 4.6149906235072764e-06 0.00021451827327894426 0.0032957450257917954 0.003228517583340655 1.3545576393872008e-05 0.0009300738334126693 5.205562671944779e-05 0.00021163649561040397 6.827719428137418e-07 0.0 3.106286780667114e-06 8.019776675482871e-07 8.488153799286228e-05 1.2723114287723404e-05 2.9309904106638016e-05 0.00016029363505748928 1.8604618961341904e-05 1.576235593705367e-07 6.489796500239388e-05 8.232213650225494e-05 2.658825772065821e-07 4.7268634357234495e-05 7.998434776582604e-05 0.0002267516133866711 0.003300825397172343 0.002645808501063882 3.787156756982305e-07 9.077090492178213e-05 3.4049363634550665e-05 0.00029964615448180906 5.592267383077363e-06 0.0003274548605684773 2.899349325886773e-05 0.0003363397216985887 0.00010005906647350956 8.704509241036619e-05 1.3116527580213101e-05 1.4039074891279282e-06 4.479827692106643e-06 1.5919054191738016e-07 1.7513445629014526e-07 7.937515974018035e-07 1.8988669899866225e-07 0.0 3.7731517251267633e-07 7.900290880904172e-06 1.1252475518556291e-06 2.3460958631142806e-06 0.0 0.0 3.1498225193273515e-07 0.0 1.173788997635967e-06 0.0 1.2260102847424687e-06 0.0 0.0 4.7554188032338266e-08 0.0 3.690202801061651e-07 1.7636023707655458e-07 8.263504394839777e-07 1.1593962492837688e-05 0.0 1.239613377702802e-07 4.431494375136529e-06 2.3354326665807638e-05 9.096023780944004e-07 5.993088114938223e-06 0.0 0.0 0.0 0.0 1.0066682861546666e-07 9.994990097811737e-06 4.4876410339793455e-07 2.5212149860907143e-06 0.0 4.688853773582654e-06 3.885286490663756e-07 0.0 0.0
6.456143849721975e-08 9.385076120297161e-06 0.0 1.166103987782362e-05 0.0006948249138361064 0.0007757056579227752 7.028079791042239e-06 0.00026800301267205335 0.0004994141842850024 1.1471590142735424e-05 4.552754716534742e-07 0.000543097527605313 2.0239845322506072e-06 3.106286780667114e-06 0.0 3.963361086946315e-07 0.0 0.0 0.0 4.934651718474431e-05 0.0 7.707414811855079e-05 0.0 0.00034855968281502514 9.452687782834912e-06 1.2864279860086865e-06 5.463112512989638e-06 5.208418845873168e-05 1.0515356583666503e-06 4.488465811502716e-07 3.4927990595021717e-07 6.455361636356288e-05 1.5956047587585717e-07 6.990800154915437e-07 0.0 0.00013143388584580966 3.9850250379404786e-07 5.311721886425922e-07 5.077257043990382e-07 0.0007039959665490186 2.6311160154884755e-05 4.043658934760855e-07 0.0 0.0 7.870958180711876e-07 6.865483161138741e-07 2.082317897701349e-06 0.0 6.367188917207786e-08 6.669143829477077e-07 2.2622339160156514e-07 9.131735439674562e-07 2.82233491573469e-07 0.0 1.6742789807757166e-06 0.0 0.0 8.980510041014764e-07 3.718932211946982e-06 0.0 0.0 2.4971367290544996e-07 1.0256115372317736e-06 1.0010905366838394e-06 6.335046549138129e-06 2.213509283720669e-06 8.645910120913932e-06 1.0557438910523685e-07 0.0 5.603635219200104e-06 5.336997586832012e-06 0.0 2.876120658786394e-07 2.1199703733785123e-07 0.0 0.0 6.889730009617305e-08 0.0 2.5359539617719234e-05 0.0 0.0 1.122726548215818e-07 1.695882720484073e-05 0.0 8.280438665995367e-08 0.0
2.522227620393951e-07 8.461014006534977e-05 1.0138573201582153e-05 1.752910740094023e-07 1.5183393856080283e-07 2.1588554042927358e-07 1.82030801929814e-05 8.209297222529889e-07 8.196112877866529e-05 6.352886062183746e-07 9.269155092183301e-07 3.0028342316204705e-07 4.336721744951867e-06 8.019776675482871e-07 3.963361086946315e-07 0.0 6.95109280596663e-06 4.1793189671388385e-07 1.5234350279031233e-06 5.546568837881605e-07 0.002056676003370447 0.0016130512067287256 0.004112656034323039 0.001973447357772957 2.1470950400763398e-05 9.484288040887663e-06 0.0028693355482012615 0.0014810214652722384 8.130060373700946e-06 3.0599722120921134e-05 7.694590253291571e-07 2.288364740799514e-07 5.597567384019296e-06 2.2755974914829602e-05 7.794717194510018e-06 0.001266313292988956 0.0003480615656582346 0.00013495667925536117 0.00024849312815353506 1.4178551047507282e-05 1.3898431966204455e-06 9.154196411104375e-06 9.772573604016387e-06 9.452908315680072e-07 6.1992477036868326e-06 1.8287410070651866e-05 1.189742288069511e-07 0.0 1.6053015400337249e-07 1.1926290840150145e-05 1.012567320658926e-06 5.8491717839938065e-06 3.881440608183775e-07 1.4717666796702495e-06 5.269748440308232e-08 3.852703739875787e-06 1.3772715414065037e-06 5.6466945079035974e-08 0.001142526361733398 1.7227379566993473e-06 0.0 4.2426750429491646e-07 7.352231546174421e-08 0.00033517139731393945 0.0005607596795637772 0.000783194683049311 6.901944656414075e-05 6.881989923400947e-08 3.3573782410302344e-06 0.000659884843846827 0.00013093125600478336 7.625237983300424e-06 4.922832169404144e-05 0.0 0.0 2.1810542802803865e-06 1.5513391559447548e-06 8.133941723351473e-07 0.00012075779998824355 5.531769537217512e-06 9.310024219940687e-06 4.2212523468814355e-06 6.706128694096418e-06 1.9857620394518452e-06 3.9343740179629545e-06 6.510770161557307e-07
1.1878713016549017e-05 1.1568002434742276e-05 0.001768669772645868 1.7466431494187441e-07 6.848129355676197e-07 7.493394753796653e-07 0.0001424705334067672 7.324085942523491e-05 2.3570447215719915e-07 1.1481527610451641e-05 0.0001698970686505142 2.1452958438891235e-07 1.8228605474255892e-06 8.488153799286228e-05 0.0 6.95109280596663e-06 0.0 0.00018504535450036987 0.0017573947525727413 6.429164915827702e-07 0.0002293919359706051 8.559492322811911e-06 0.004129646380780715 1.3405847147168005e-05 2.535789675816685e-06 0.0022664444166342725 0.002441342931062245 2.123970589766735e-05 3.8979026697307824e-05 0.00072252936621993 8.605184867328769e-07 6.242908043286151e-06 3.5342427048903306e-06 0.0010277445152728534 2.126992928415553e-06 0.0002870119072521843 0.0002711511534103196 0.001105703534997849 0.00014348938558584448 6.381860024421092e-06 4.947097423386103e-07 1.3798700090735191e-06 7.031920043937937e-07 6.368491301397719e-08 1.3786919218409096e-05 1.061130685103286e-05 0.0 0.0 0.0 3.542078766438732e-07 0.0 1.9545832935613927e-07 0.0 1.8178954080530965e-07 0.0 1.0869934528494564e-06 5.6437604917473165e-08 0.0 8.351715795864629e-07 1.351898057569072e-06 3.0132005623306407e-07 5.44018979326638e-06 0.0 8.280113879249972e-07 1.600219746673878e-06 6.713008476401635e-07 5.224659891757234e-07 4.063643828686297e-06 8.153058587491686e-05 0.00015082939683234577 2.3815787735965309e-07 6.502620686918713e-08 0.0 7.811408785577937e-07 0.0 0.0 1.5896163970428379e-07 7.711340595743289e-08 7.817665835586987e-07 4.296042803580018e-05 1.1087954984145928e-06 0.0 0.0 7.836427905639506e-08 3.0381659921073277e-07 7.558943880353717e-08
1.6934544660218346e-06 1.0704855299296213e-06 7.329844983557733e-05 2.4926070060489666e-07 9.5039608284497e-07 6.458870526631038e-07 1.2985045334971053e-05 1.0638406430155512e-05 6.239406315532269e-07 2.9665140645714293e-06 0.0016850650550151946 3.1605829604154564e-07 6.570317009560967e-05 1.2723114287723404e-05 0.0 4.1793189671388385e-07 0.00018504535450036987 0.0 0.001207821372172106 4.46860731477221e-07 6.800155514902457e-06 1.354247319410112e-06 0.00012748274851682247 1.1709084309478544e-06 1.933102852802708e-05 0.0016434262286277404 0.00045371967891603304 1.7302711576672255e-06 7.201212705094451e-06 3.537721974708649e-05 3.8773281135664156e-05 2.432678865433324e-06 5.310706626825668e-07 0.0005293730409148059 1.4470288651189479e-06 0.00028955252579669307 0.0003869129648872077 0.0007143849111571306 0.00017044737398803417 3.831816517547838e-06 1.2123470744543257e-06 2.817640876770523e-06 9.731769733642022e-07 0.0 3.9550311971592527e-07 2.9401049504080075e-07 0.0 0.0 0.0 0.0 0.0 7.04838401188484e-08 0.0 2.157590208520718e-06 0.0 1.3551304874869832e-05 0.0 0.0 0.0 3.406832938817364e-07 2.6391535016675584e-06 1.0251712295219488e-06 0.0 0.0 7.410448395811333e-08 0.0 2.0825286636520373e-07 5.2035268982024165e-06 3.784213988914811e-05 4.973840368344452e-05 1.1505697772622571e-07 0.0 0.0 1.0371932332078671e-05 0.0 0.0 0.0 6.065760209208507e-08 7.767482947519867e-07 3.6319768240763066e-06 2.8833031556029765e-07 6.232918594688973e-08 0.0 0.0 3.009845945957343e-07 0.0
4.2732712137182965e-06 8.094797589438902e-06 0.0002854963591297398 5.315784701343722e-08 1.0229344211930333e-06 4.879903913420035e-07 3.7720350694495977e-05 2.525974587998791e-05 2.0201912425629214e-07 3.533672869368225e-06 0.0006957032790524906 3.34711982779268e-07 1.6691457572551108e-05 2.9309904106638016e-05 0.0 1.5234350279031233e-06 0.0017573947525727413 0.001207821372172106 0.0 3.3647388474712875e-07 2.7509533412857257e-05 3.835408468667211e-06 0.0005124375847830454 3.0235887560406402e-06 1.1412025228740463e-05 0.003503840154107044 0.0014243167075246356 4.561791079671123e-06 1.5979965989694323e-05 0.00013311940297303543 1.0942977421294822e-05 2.984487653312281e-06 2.0060077220926626e-06 0.000972093063506274 2.1272587466473216e-06 0.0003462552505774501 0.0001670124742751423 0.0010217169772722004 0.00015685468729845575 4.213635144304605e-06 8.834920582619848e-07 4.914975986631919e-07 1.3797208843072555e-06 0.0 7.539021389541004e-06 3.630588803881988e-06 0.0 0.0 0.0 6.956969985366691e-08 0.0 2.799115209779728e-07 0.0 1.151545128400021e-06 0.0 5.7839744788197026e-06 8.555530315351793e-08 0.0 1.200251529685033e-07 6.737271353009366e-07 2.3304679989721716e-06 4.16035650204581e-06 0.0 0.0 7.586522961094157e-07 3.044002441899362e-07 1.5249440802117033e-07 6.39176535692268e-06 0.0001252480191783814 0.00016376625442997503 1.5108097968909347e-07 0.0 5.664699702851859e-08 5.077249487872347e-06 0.0 0.0 0.0 0.0 7.332707468858068e-07 2.2030877515020088e-05 6.953950104232748e-07 3.5886715509639313e-07 0.0 0.0 9.991176950614275e-08 0.0
2.7175546691079203e-06 0.0 7.096722441275459e-07 0.0018263191274360197 4.097949370438278e-06 0.000479872587828691 5.067084452699306e-05 0.00018203508446037922 7.504702519175801e-05 0.002461401651202004 1.1673034113762721e-05 0.0018487153923806624 3.3783811540786617e-07 0.00016029363505748928 4.934651718474431e-05 5.546568837881605e-07 6.429164915827702e-07 4.46860731477221e-07 3.3647388474712875e-07 0.0 0.0 5.480531761382511e-07 1.635862918708689e-07 0.00034873843894948214 5.9544634068972004e-08 9.561565135101137e-07 1.3301838587847615e-06 0.001182014186436685 0.00010480611341773436 3.289334186151866e-06 1.7306177047692582e-07 1.657537132442896e-05 5.954692024867613e-07 6.790894515167156e-05 9.48933765955473e-06 0.00016220025466405722 2.108915527929753e-06 0.00017334929726999898 5.5647495136042854e-05 0.00019949053132890443 2.5537913887920597e-05 1.4855149614252273e-07 4.788061872688173e-06 0.0 0.0 0.0 5.843615573801972e-06 0.0 0.0 8.928981007227715e-06 2.368947999851991e-06 7.234388524296183e-06 2.2959136145932004e-06 1.3063971439432788e-07 1.278992964832785e-05 9.379432213341473e-08 2.031785288488883e-06 9.287125033143033e-07 0.0 1.8535550740592494e-07 0.0 7.597772220643606e-08 2.0584143749077245e-06 4.0287714872819936e-07 5.7834120809811764e-08 0.0 2.983093107774442e-05 0.0 1.5289357160238828e-07 0.0 4.3169014354364844e-05 4.165984274281326e-07 3.887144383754922e-06 0.0 0.0 7.145158381698187e-08 3.956489204219043e-07 0.0 2.9596164945958746e-05 0.0 1.5022402510425395e-06 9.795382693778626e-08 1.6524980777341608e-05 1.9115465824122558e-07 0.0 1.5867380450789767e-07
1.532970422498421e-06 4.06288467569275e-06 0.0006212224880201285 1.4100942246028607e-06 5.52805555913448e-08 1.1181273476129564e-06 0.0004974323198088776 2.4922908361995146e-05 3.0302856250200153e-05 1.2736975848083856e-05 1.4087101399853806e-05 2.379115613343051e-07 6.765478215301435e-07 1.8604618961341904e-05 0.0 0.002056676003370447 0.0002293919359706051 6.800155514902457e-06 2.7509533412857257e-05 0.0 0.0 8.228130203236599e-05 0.006667780114712862 0.0005255985875753131 7.840982184054743e-07 4.8279775079650286e-05 0.00019123968967721562 0.00485694331847748 3.727986366701517e-05 0.003346979950546337 8.90033958919237e-08 1.8008925870367177e-06 1.0274418536503654e-05 0.0015744067244254998 5.525955011221658e-05 0.004708744793633541 0.0004942872932255691 0.002930593482521021 0.0022681801562816806 4.65300150631249e-05 1.4767466265074879e-05 4.600245214466637e-06 2.525792153542917e-05 4.3849529161549896e-07 4.924204478084067e-08 2.843143276508901e-06 0.0 0.0 1.0487027260151118e-07 2.543799074081143e-06 1.0796946534010607e-07 5.344523219838409e-06 2.5028282940336496e-07 0.0 0.0 2.6262573084205712e-06 1.5599149432887675e-06 6.316709390316687e-08 0.00024894456302093735 6.247429973304744e-08 0.0 5.6980378167309104e-08 0.0 0.0002075160809219915 0.00010363898403670524 0.00010688897057907796 4.899551631566845e-05 0.0 8.477798586807625e-07 2.5547740591789535e-05 0.00010602270196942507 7.766736170926553e-06 4.266063745787084e-05 0.0 0.0 2.8504548787215536e-06 2.1195189170389437e-06 3.5431526984664826e-06 5.646176202027186e-05 2.8554127185839907e-06 6.604582766022286e-06 5.770800284383659e-06 8.166195009233196e-06 3.6973290652004487e-06 2.9209969846429456e-06 5.382284777593631e-07
0.0 0.0013693918421236915 1.124325606760064e-05 2.6168654326941457e-07 1.623710177994735e-06 4.5846825919162907e-07 5.750685917915345e-06 1.0202332155867671e-06 0.0018886715183200882 3.331159087832108e-07 2.8301929500321803e-05 2.6842244358572996e-05 0.00013682373602275083 1.576235593705367e-07 7.707414811855079e-05 0.0016130512067287256 8.559492322811911e-06 1.354247319410112e-06 3.835408468667211e-06 5.480531761382511e-07 8.228130203236599e-05 0.0 0.00024168731428662164 0.0033340999012139816 0.0007851809334176951 9.159192094722028e-05 0.0029298685501990985 9.26617531571826e-05 1.2599065565066662e-06 1.1698575288940663e-05 2.2352571123623924e-05 0.0 5.113145722748453e-07 7.80912748142542e-06 0.0 1.9191819255940915e-05 3.9482346387434204e-05 2.6695817781784823e-05 5.4159999354460964e-06 7.604775101349488e-05 5.64429984224149e-07 4.670572617281377e-05 0.0 3.4571228521508964e-07 0.00011763352437632158 2.63571924207314e-05 0.0 0.0 1.808977491212109e-07 2.6480110919465386e-06 1.2238514497089014e-07 8.404108828717715e-06 0.0 1.5434861780087998e-06 3.5872860889537742e-06 5.474672272141761e-06 3.838729789168251e-07 0.0 0.0003986097594391548 1.2645220497423007e-06 1.2252797691994034e-07 3.4774707989931565e-07 0.0 5.763959353710841e-05 0.00014416847618716234 0.00021762950767463283 1.2225768178693154e-05 5.316303572152467e-05 1.3600131842426928e-05 0.0006356477336213358 1.9109982510335903e-05 1.6136222235160552e-06 9.524545158614603e-06 6.736401609872404e-07 0.0 3.074847905346401e-07 3.224687423527647e-07 0.0 1.5042403377210587e-05 1.1753195900131048e-05 3.4889117328596384e-06 1.2215987593199802e-06 2.7285721879652402e-06 3.443319435210722e-07 8.274532813614488e-07 0.0
3.559617041455816e-06 4.525693865477876e-06 0.008013731685016911 8.983931809722315e-07 8.011769440621068e-07 1.8187375362236782e-06 0.0007688422782956766 6.171218138164105e-05 1.646173279270776e-05 2.7605016432623787e-05 8.212651188303264e-05 0.0 4.151659710222241e-06 6.489796500239388e-05 0.0 0.004112656034323039 0.004129646380780715 0.00012748274851682247 0.0005124375847830454 1.635862918708689e-07 0.006667780114712862 0.00024168731428662164 0.0 0.0005827877130688764 1.8061058900120092e-06 0.0016322566586072832 0.0054880469445303314 0.002624930424165357 2.0074507061370046e-05 0.0019478043968134849 5.040722147384327e-07 3.482749327768951e-06 2.664261167273221e-06 0.0014887208653973356 5.920985135713805e-05 0.007051840634469865 0.003206410975212965 0.00413769670382528 0.0037432530397479746 0.0001817361452129774 2.110778293809053e-05 1.574665057335402e-05 3.449268625126255e-05 2.394593930302686e-07 4.183037035158277e-06 8.829852948493512e-05 0.0 0.0 5.399563258744736e-08 1.450139460726576e-05 1.4106607676472032e-06 1.881006190322177e-06 2.689115896367672e-07 1.1284637144067835e-06 0.0 8.699956356594877e-06 7.77071158911444e-07 0.0 0.0006686765728455124 2.6888789603509182e-06 0.0 5.956189154774696e-07 0.0 0.00012601616955039028 0.0002482761134116672 0.0005695522801571251 1.8684616443595042e-05 2.614328922036759e-07 7.4574930709357595e-06 0.0010581594672131169 4.1008076272338954e-05 2.8681507031422494e-06 1.537925169642537e-05 6.785566119565369e-08 0.0 6.952725334086996e-07 1.55165794990688e-06 7.618666612203714e-06 9.406283727951491e-05 1.3070272783926873e-05 1.1139952493303288e-05 1.3119786738418124e-05 3.1643763882766694e-06 6.654073282335504e-06 2.971313873396817e-06 2.891164771358294e-06
1.627272362588518e-05 0.0002328460746219746 8.521664634811754e-05 0.0010822133467163306 1.2597684895703995e-05 2.5659534143722643e-05 0.0007279777009202127 6.86208501970957e-05 0.005437197180543821 0.000600212116581829 1.3851605293375733e-05 0.000582622937035823 3.7275093316785795e-05 8.232213650225494e-05 0.00034855968281502514 0.001973447357772957 1.3405847147168005e-05 1.1709084309478544e-06 3.0235887560406402e-06 0.00034873843894948214 0.0005255985875753131 0.0033340999012139816 0.0005827877130688764 0.0 0.0001557843793846737 4.182890005102686e-05 0.0013470450427333271 0.004500481706150109 0.0001963442568728364 0.0004019935946023889 5.125201244568617e-06 7.455815166629033e-06 3.806087050540806e-05 9.373697263453887e-05 2.2140727739196214e-05 0.0012119098783807526 5.701198426418033e-05 0.0003341125544788608 0.00020763263168187767 0.0004109347752029998 4.5949547364442044e-05 1.4151549074164298e-05 8.81865952841947e-06 1.0223488512592046e-05 1.8295905133073425e-05 1.7521351922192932e-05 0.00013068104049747032 5.835320559013192e-07 1.0918233716603441e-05 0.0002614909029971055 4.522383186707125e-05 0.0002712989963526143 5.6739631849732685e-05 3.1782482484866255e-06 7.076641958509068e-05 3.1875799910939823e-06 3.446696413192892e-05 2.0417572920860718e-05 0.00031609406511729854 1.9595697235005306e-06 9.253513493592577e-08 6.70279666317311e-07 4.851916814543965e-05 0.0002684310600513604 0.0003132387929251396 0.00010827711876550903 0.0010379344751342194 2.2682625730797533e-06 6.095934133521733e-06 0.000159019037867876 0.001111632104887074 6.396071568456585e-05 0.0002074687931167285 1.9960946479257308e-07 1.0648477697219909e-06 5.8671508957279306e-06 1.175522915121958e-05 1.410482172441479e-06 0.00045999537869164547 5.26334444472683e-06 4.234662303254035e-05 6.905716931487388e-06 0.00028070842023938654 6.660242805336751e-06 1.0179787763157723e-07 1.3164523789307004e-06
