0.0 9.43635417075026e-08 6.576973139983275e-05 1.7498795618617119e-06 0.0 8.290364217042607e-06 0.0006148350252551587 0.00030787725044427726 5.56835523233242e-07 3.215086815292975e-05 1.926770205802659e-06 1.9006430586073582e-06 1.8096456497789828e-07 0.003123653148690125 0.0 4.3301834964081615e-07 0.00014332915414848272 2.5672929721166465e-06 4.613956206340453e-06 2.408074182934058e-06 2.7382747637717956e-05 7.23338087113718e-08 0.0001245132790697453 3.0332360214535497e-05 6.806019977070637e-08 2.6907018083136725e-05 2.4866941787003224e-05 3.671166418285495e-05 0.0021491878481059747 0.0020863657075313813 0.0 6.409012964119947e-07 0.00013428717860670015 0.00012151477504396363 2.8380771196139076e-06 6.779570137975478e-05 9.59634260546754e-06 3.679577714906617e-05 1.3339409665459896e-05 2.041046253671143e-06 2.3475559441363967e-07 6.368494613326228e-08 6.03475723033242e-07 6.768417401994057e-08 2.112055835113876e-07 1.1227388903132869e-06 0.0 0.0 0.0 1.2053019358923815e-06 0.0 2.5797741259744253e-07 0.0 0.0 0.0 0.0 0.0 0.0 8.668549927552846e-07 1.0617981124837873e-07 0.0 8.587055685699505e-08 0.0 8.340594883582428e-07 3.5904524292687224e-07 1.107249391318979e-06 3.5369113098367777e-06 0.0 4.083354515495009e-07 2.3832104749470455e-06 3.1762395689043463e-06 0.0 5.863136778453628e-07 0.0 0.0 0.0 0.0 6.054061653157032e-07 4.3232769042309565e-07 5.240836382049042e-07 3.244120882754062e-07 0.0 0.0 0.0 7.688198474324804e-07 0.0
9.43635417075026e-08 0.0 6.269149632781115e-05 5.157623641217824e-08 5.766637958735063e-08 8.64062884090037e-08 2.761236304749252e-07 6.375608231542083e-07 0.00044650951609074023 3.0807945109274705e-07 5.211949393708915e-05 3.487542985455979e-06 0.0002424887445495249 7.195879582993486e-07 2.1783463518192677e-06 9.9949892896878e-05 1.52258312913609e-05 1.4150806584199491e-05 5.306272677835749e-06 1.4243246763374432e-07 8.61001343437971e-06 0.001442178405044916 1.3702352904992718e-05 0.00035303436000450923 0.0007095749830258825 0.00033738161094941317 0.004489426833484649 3.7376297333605026e-05 1.5928331269548256e-06 1.7393471797231113e-06 3.103778809266076e-05 1.0380716882065516e-07 2.78153761678224e-07 6.407086315724799e-05 6.494208114426471e-07 2.560043494652992e-05 5.4078619375093456e-05 5.5620076529937165e-05 1.1610936631770794e-05 9.643577524134976e-06 1.0395601251263138e-06 8.877738235907623e-05 4.993746312998055e-08 0.0 0.00014000449636824815 7.103080957392869e-05 6.230502695215315e-08 0.0 0.0 1.6950901286837874e-07 0.0 2.2932415180526003e-06 0.0 1.521445353302205e-06 0.0 4.716135414298747e-06 1.690078810598492e-07 0.0 2.8736403769054823e-06 1.799637287195124e-05 1.1754643080722169e-06 3.112203409536267e-05 0.0 1.1822249763083172e-07 2.5448140609893037e-05 4.92789619171785e-06 3.2156609877801127e-06 3.73328963916827e-06 0.00014055280021247845 0.0007248666486134343 6.466164871280763e-07 0.0 6.302414429987909e-07 1.6818560010886675e-06 0.0 0.0 2.4676444308970273e-06 0.0 1.5101437004859664e-05 1.4157598962241857e-05 1.0571396855459603e-05 2.1504258773405656e-06 2.740347941921571e-07 0.0 9.792101864136041e-08 0.0
6.576973139983275e-05 6.269149632781115e-05 0.0 1.508463385648245e-06 0.0 7.344822200660919e-05 0.0003529680046490612 0.00034871991719312374 2.4856708217217255e-06 0.00012266822024661485 9.562805639380162e-06 1.4349626982029462e-06 1.4180616417740423e-06 0.0003315833796445099 1.7303663639305361e-07 5.522634827597297e-06 0.0018321175910038525 5.651151210428591e-05 4.2278040456146046e-05 1.7668768647277844e-06 0.000613996050559997 3.0864330129657947e-06 0.004082125779113902 5.918533763489784e-05 4.609247580358439e-07 0.0033678433391134345 0.0040739729255867595 0.0001616342012857978 7.751724249315081e-05 0.00048414340111281004 1.273717844399961e-07 5.407485863659212e-07 2.754105231630639e-06 0.00031383207470444174 1.0030012781043216e-05 0.0007547358828460995 0.0017672960330632657 0.0006719815349394704 0.00017452329861310576 1.1805779239721507e-05 7.510750525669179e-07 1.1385243685677215e-05 2.3920446353701152e-06 3.5892587699199265e-07 0.0001374529292776794 0.0008103058970215074 5.867411699195231e-08 0.0 4.87739672524075e-08 4.578252248460592e-06 5.459716927247784e-07 1.0067051007431606e-06 0.0 6.134670270372308e-07 0.0 5.333303997739321e-07 8.477607244157943e-07 1.1298188469220879e-07 1.7449482707887982e-05 0.00014142837787450266 1.2489847639601069e-06 1.9223743855116292e-05 2.9015009378577924e-07 3.035054699488799e-06 6.432211470806084e-05 0.00024492510603815645 6.895746711909803e-06 8.964196308254856e-07 0.00022009912304904913 0.0017833835543021276 3.829038768626988e-06 5.364932353091938e-07 4.5879239937813835e-06 2.8527934113352227e-07 0.0 0.0 7.778207894315394e-06 4.070338922010386e-06 7.942143642198553e-05 0.0003488660058248733 5.251986890353966e-05 5.939201547785081e-06 1.836541913813449e-06 0.0 3.55159783957746e-07 2.396170293040957e-07
1.7498795618617119e-06 5.157623641217824e-08 1.508463385648245e-06 0.0 5.454580312297312e-07 0.00011529268144194137 0.00012797592031691256 3.326794855810379e-05 0.00046933063072978416 0.0011924118420694055 2.088329502265191e-06 0.0019951721204551193 3.634673318328907e-07 3.2040196162853815e-05 4.7807668411055635e-05 4.30323258592682e-08 2.6201663848720985e-07 5.875748790417514e-07 1.993328389526337e-07 0.0009692534393088804 1.7724518875262629e-06 0.0 1.83453414285338e-06 0.0006535152983580287 3.072196093058087e-07 8.026811781646683e-07 1.07101840747514e-06 0.001730871676921692 7.393001040201264e-05 1.0604092571556949e-06 9.741520012584995e-08 1.8602250208337122e-06 3.971899841378111e-06 2.609607692379389e-05 1.4060829991033533e-06 8.844036019076194e-05 1.605248742442804e-06 3.3049878415697306e-05 1.4933962289156346e-05 0.00019884547102859434 2.3309095996977465e-06 1.1513854108337501e-07 2.372391257595873e-06 1.9955950225378035e-07 0.0 6.972675143151532e-08 0.00012221219880569574 9.626558151211944e-08 3.5145598636237915e-06 3.749209733242225e-05 7.514447196607826e-06 0.00011963235124669495 8.667890089694389e-05 0.0 0.00011692715917234637 4.900277316174984e-08 3.437234219058603e-06 1.0629071841256129e-05 0.0 5.204031183183914e-08 0.0 0.0 0.00010101408214420755 5.783843221801054e-08 1.3373473450803227e-07 8.763960787276828e-08 0.0001251466959455435 0.0 0.0 1.6835742257808972e-07 0.00010410550046582372 5.145399369784575e-06 2.2684872858164393e-06 0.0 2.307723545977648e-07 3.515823159726524e-07 1.2600715370252445e-06 0.0 2.469022213035157e-05 0.0 4.546927726080553e-06 2.206245722203515e-06 9.502380720511032e-05 0.0 1.7006853571918367e-07 1.81096933642663e-07
0.0 5.766637958735063e-08 0.0 5.454580312297312e-07 0.0 0.0004379972671851005 1.934657691167128e-06 1.261271353888131e-05 4.292501188480621e-05 4.194610976490457e-06 4.241642705143195e-06 6.889986653626552e-05 8.718464112178937e-07 8.797957460089239e-07 0.0013291303876218036 0.0 0.0 1.9574558413752566e-07 5.60349364897779e-08 1.1348915890924293e-06 0.0 3.2171755772403564e-07 1.7982684797629752e-07 4.934196417825368e-06 4.090680645462516e-07 3.0622064109170735e-07 1.614966321293274e-07 1.5463442414052316e-06 1.1838197315138296e-05 2.9321948139253614e-07 1.49432118174328e-07 0.0002862237688902882 0.0 5.1822544465014184e-05 9.052530757207719e-08 3.903885626192948e-05 2.5440969606348964e-06 8.893966456915886e-05 9.674029221078935e-05 0.0009418789306993025 0.00012532072234369313 8.720235114995498e-06 1.5893456008120986e-06 0.0 0.0 0.0 0.0 0.0 0.0 0.0 0.0 2.309294844989876e-07 0.0 0.0 0.0 0.0 0.0 0.0 0.0 0.0 0.0 0.0 0.0 0.0 0.0 0.0 7.085713586339859e-07 0.0 0.0 0.0 2.9200396266995943e-07 2.694599719056291e-07 0.0 0.0 0.0 0.0 2.625975516435825e-07 0.0 0.0 3.803301194508484e-07 0.0 0.0 4.0237049791033365e-07 0.0 0.0 0.0
8.290364217042607e-06 8.64062884090037e-08 7.344822200660919e-05 0.00011529268144194137 0.0004379972671851005 0.0 0.0006497809877322663 0.0034398925458619 3.3445652804836245e-05 0.005499222030886132 2.2102507931695754e-05 0.002069218080188585 2.1405397976598496e-06 0.0004517431451562102 0.0012952472599893601 2.155022364218312e-07 2.1747618633140734e-05 3.3555291787451354e-06 1.7989493282997546e-06 0.0004921004053340999 3.942872768996137e-05 6.899176924277082e-08 4.0478465732712725e-05 3.954224882421719e-05 1.0408484845772351e-06 2.4412083504073542e-05 8.413101812253405e-06 6.247179822454234e-05 0.00043982398843437324 7.344685497090332e-05 3.020930673964685e-07 0.0001906244453235707 9.824443282676304e-07 0.0001743114362486296 1.0590761434295026e-05 0.0002950868535381617 1.6136620071628456e-05 0.00020078636625768485 0.00019203334714636415 0.0018038812060776244 0.00015864430674074012 1.0318553867502584e-05 9.404692094163275e-06 5.765468468324725e-08 1.3877391842533451e-07 1.0349214022335784e-06 8.144826223673886e-06 0.0 5.567656837464333e-07 1.2419210204158458e-05 4.170720660574446e-06 1.0808352037931414e-05 5.77541885606497e-06 0.0 8.703048348322707e-06 6.013330472599316e-08 1.9148092644942992e-06 2.9028677151786136e-07 2.1627890605426422e-07 3.73725487948524e-08 0.0 0.0 5.103136220391786e-06 0.0 7.478883223788466e-08 2.4314249431995747e-07 2.934195510700746e-05 6.887865225053253e-08 4.2162586733024416e-07 1.590283498729891e-06 2.050154247769446e-05 1.4106934029964859e-06 1.921805341371121e-06 0.0 0.0 0.0 5.357841353504348e-07 1.7351354361096248e-06 6.050990806668628e-06 5.064495394625798e-07 2.1108217166440874e-06 6.901361231841924e-07 1.2688015499943559e-05 0.0 0.0 0.0
0.0006148350252551587 2.761236304749252e-07 0.0003529680046490612 0.00012797592031691256 1.934657691167128e-06 0.0006497809877322663 0.0 0.0017387221435877175 9.37307013801413e-05 0.007547293437847683 1.6099747823834873e-05 1.0017091565673217e-05 1.3850303590469252e-06 0.004586094918773654 1.3225999915029016e-06 1.2512713625818215e-05 3.0844795732228615e-05 5.006938975758131e-06 2.062827809830775e-06 4.987977165126863e-05 0.0015261680746528551 1.8670476259497704e-06 0.0004213944048928261 0.001773819300788303 9.94609532882364e-07 6.180185964198676e-05 4.451402258283931e-05 0.007479410786131946 0.0007429872756258325 0.0034366357812156364 4.0307761029191677e-07 6.662132845428505e-06 8.24927068685515e-05 0.0003034768200057515 3.0731956746385046e-05 0.0008051821149664301 3.7671930465117585e-05 0.000368071236082322 0.00019983536317425452 2.9996188017699905e-05 1.527771513316714e-05 1.5368189685968449e-06 8.505531614287905e-06 1.0513243956731124e-06 5.0422610842861e-07 4.803438290821519e-06 3.111127741116461e-05 0.0 3.4269381757468415e-06 5.19300710148303e-05 1.1889277237629019e-05 5.0513521128231445e-05 2.0965069385682116e-05 8.297333795540514e-07 9.493368656825131e-06 0.0 6.2084680886799474e-06 3.8692075443469965e-07 4.570895259369851e-06 1.0767853069990314e-06 8.443243744101939e-08 1.652453934905997e-07 2.648824290234626e-05 1.062927696319584e-06 1.8845317619941681e-06 5.222489212168761e-06 0.00015282404000644447 1.5863006882306863e-07 1.2795661272588997e-06 8.141769735443003e-06 0.00013291562216450917 1.0098879480004608e-05 2.775932192798309e-05 0.0 8.45298589338146e-07 3.162021304396012e-07 6.325936396176204e-06 2.747592561349092e-06 2.1046429362722064e-05 1.640087348971795e-06 9.747075974518353e-06 5.364670962842373e-06 4.273347455012149e-06 1.743932651448148e-07 2.859135205631798e-06 1.9923566630450094e-07
0.00030787725044427726 6.375608231542083e-07 0.00034871991719312374 3.326794855810379e-05 1.261271353888131e-05 0.0034398925458619 0.0017387221435877175 0.0 7.4265412056916255e-06 0.003114387928712485 4.189552697919225e-05 0.0003721773918804468 6.737764581320634e-06 0.0038020800198746802 8.980988279690576e-05 7.146099162311335e-07 0.0001913536537814886 1.0652800342551514e-05 9.22823820838128e-06 0.00019060349397243478 0.00012750754928583167 4.570087122415568e-07 0.00027810643330566535 7.424094139231577e-05 2.100402924541092e-06 0.00010731597987170732 4.900117544982452e-05 8.307127556634079e-05 0.0012841207457141171 0.0008554434365967409 3.659843637921392e-07 0.0004111515351776009 1.7633362702744592e-06 0.00022028822118728438 1.4172808542792166e-05 0.0005467797597103817 4.790707650910155e-05 0.0002839033054635566 0.0002597553341582266 0.0006843377183200749 4.353260405309008e-05 1.8956390102843413e-05 9.685620283020187e-06 1.1560909600462953e-07 9.026650475047979e-07 3.930713616951419e-06 2.4308515470600813e-06 0.0 5.682708616828823e-07 1.188398414072749e-05 4.120868921648064e-06 8.897964576132016e-06 4.6232218498926525e-06 8.086741566420167e-08 2.374770284121486e-06 2.3160134521177787e-07 4.188509706858254e-06 0.0 1.4307054152212043e-06 8.305417192412066e-07 0.0 0.0 2.530913416878904e-06 4.774602572829676e-07 8.670203074993179e-07 8.070353396331211e-07 3.636284597058514e-05 0.0 1.2357105548836566e-06 7.273090914044979e-06 2.8610962713108402e-05 2.1351926366715547e-06 3.3925877658741184e-06 0.0 2.1147591785824448e-07 1.96427430438048e-07 1.823339249565025e-06 2.1594225221977705e-06 5.294652550360905e-06 2.960251560670402e-06 3.078854941690617e-06 2.514208522391805e-06 4.18191599112978e-06 0.0 4.0616821727260425e-07 0.0
5.56835523233242e-07 0.00044650951609074023 2.4856708217217255e-06 0.00046933063072978416 4.292501188480621e-05 3.3445652804836245e-05 9.37307013801413e-05 7.4265412056916255e-06 0.0 0.00020518426645282586 2.888627635023196e-06 0.00021078308313395087 5.83662011383369e-06 4.600895224543439e-06 0.00039340429752801224 1.215199023570529e-05 5.077277861208298e-07 6.394119412315771e-07 3.028859039816509e-07 0.00017473663024829497 1.1761935123741108e-05 0.001268095567208534 5.818664468830991e-06 0.00451641704404328 3.149716369528169e-05 1.6933106397077165e-05 0.000360444158567648 0.0007429137058044902 2.071026265954978e-05 1.508091056791026e-05 1.5134378103259996e-06 1.8589947662139533e-07 2.6784887245548316e-06 1.1313797850920129e-05 2.5449181599463796e-06 0.00018811519442486681 5.233405025770685e-06 1.744290982196832e-05 9.29629992666095e-06 0.000412550730641417 3.3162765290225347e-06 7.96381460876908e-07 1.4559584458502894e-06 1.4457344959378544e-06 1.112967360667953e-06 4.3266225133881654e-07 8.566957256799299e-05 9.194330873187778e-08 3.062822989158292e-06 8.199789607221161e-05 1.0580715849558364e-05 8.23014952063374e-05 4.1890712240439966e-05 3.3793988039827453e-07 4.48786699710428e-05 3.0038766257702393e-07 8.498727092148997e-06 7.140051290927541e-06 1.0255279618416342e-05 3.2483273115861797e-07 0.0 1.5093337894202964e-07 6.385959713946499e-05 4.121496483240757e-06 1.4149101449690541e-05 1.7172274174312182e-06 0.0007168853600807921 4.75514156867514e-07 2.104125024542127e-06 2.0643793761768e-06 0.0002553816195097402 1.2412208458711531e-05 1.7604973935207462e-05 3.7733420064682373e-07 1.3032439791251093e-07 1.1520208233562877e-06 4.8822087728135375e-06 8.838475612125236e-07 1.8465112777480233e-05 7.851476866038365e-07 1.0374513244258438e-05 2.892449157609726e-06 3.60052397216082e-05 0.0 0.0 0.0
3.215086815292975e-05 3.0807945109274705e-07 0.00012266822024661485 0.0011924118420694055 4.194610976490457e-06 0.005499222030886132 0.007547293437847683 0.003114387928712485 0.00020518426645282586 0.0 5.625919332788357e-05 0.0011439446672144777 5.788268292072839e-06 0.0011044955399069167 9.445161880496272e-06 2.755886184258542e-07 1.829140647664717e-05 9.64705802419239e-06 5.960259514548346e-06 0.002255417988849193 0.0001139387434165088 4.5783588621003106e-07 6.510291014524544e-05 0.00030899594465081385 2.964712065468077e-06 4.6611523825573024e-05 1.4177375712906565e-05 0.0012875179755400257 0.0011740282675725263 8.199162080212308e-05 6.253003817915113e-07 2.7812729949309443e-05 2.389375332738324e-05 0.00040505664026589753 1.1585385806428586e-05 0.0006213190225337072 2.9572234943956174e-05 0.00043606329705650585 0.00016668104426417003 6.382320415814341e-05 2.0895607963878123e-05 4.280235833032114e-06 7.949372022325514e-06 1.040914416487316e-06 3.567849860629862e-07 1.636495554530417e-06 0.00016304536392396432 0.0 1.2776719423592821e-05 0.00015388176023068724 3.0267808493946108e-05 0.00014649077388676122 0.0001245116081454147 7.452635438608889e-07 7.188587945837808e-05 1.3837691578505367e-07 2.0666891773769512e-05 5.326885192777486e-06 5.891728950663788e-07 0.0 0.0 2.0785444491447514e-07 0.00015617799754033893 5.2969162298326885e-08 4.0091055092181155e-07 1.1199632069858216e-06 0.00033008902201855147 8.407439131338735e-08 6.83530982862111e-07 2.6952580642442845e-06 0.0003044819654546847 1.5675103987519416e-05 6.5343220727679665e-06 0.0 5.545197612891403e-07 5.424919658348896e-07 1.0581807140732286e-05 2.1950494018347477e-06 3.018377388200232e-05 1.5032047612852532e-06 1.6856739305331787e-05 4.6841507102094044e-06 3.1156912532938276e-05 2.5531100626311186e-07 2.3027625453961393e-06 0.0
1.926770205802659e-06 5.211949393708915e-05 9.562805639380162e-06 2.088329502265191e-06 4.241642705143195e-06 2.2102507931695754e-05 1.6099747823834873e-05 4.189552697919225e-05 2.888627635023196e-06 5.625919332788357e-05 0.0 1.3564331761547009e-05 0.0017711477129555538 3.861548559600016e-05 1.104104873294971e-06 5.863040937482204e-07 0.0003800742528631 0.0021301029687193244 0.0012466635193678435 1.2199976160408661e-05 1.5813638685131008e-06 8.912917417363352e-06 1.6344753441198345e-05 1.614747022760595e-05 0.000751335879477484 0.0015097358771714402 0.0005743075066842028 1.671913028998866e-05 0.00027786804956601136 6.828626815025273e-06 0.00017970581673000532 5.746627703926082e-05 1.6505890667697252e-06 0.00302690137914338 6.507007789452157e-06 0.0002964290897148963 0.003166182765797132 0.0019861955505726093 0.0004693118570298171 2.6161974802578476e-05 7.450637803497391e-05 0.0008564579523152887 9.638608986660818e-06 0.0 7.707713067535156e-06 3.7611205534194237e-07 4.75761856685491e-08 0.0 4.0647686415710496e-08 7.416209906735914e-07 2.2813565061675166e-07 9.771949660142792e-07 8.237271598375568e-07 0.00022987210290621862 0.0 0.0007400167527651986 7.773967875429005e-07 0.0 0.0 8.203796147801787e-07 1.2832262088893118e-05 3.0269954198787035e-06 6.172597575807895e-07 0.0 1.1463373146203906e-06 0.0 6.146925909748546e-06 0.00010666892349797383 0.00010042157984271312 0.0001472462920528255 4.82296891185422e-06 3.9171984697945447e-07 8.20562777967252e-07 9.263133760586426e-05 0.0 1.8434549338152414e-07 4.7005772079415905e-05 3.3571986958710915e-06 2.1787711857077126e-05 0.00016883875675446867 9.14953724786372e-06 2.5833134245274316e-06 6.315292022014051e-07 0.0 6.482200661824614e-05 2.1308127360786733e-06
1.9006430586073582e-06 3.487542985455979e-06 1.4349626982029462e-06 0.0019951721204551193 6.889986653626552e-05 0.002069218080188585 1.0017091565673217e-05 0.0003721773918804468 0.00021078308313395087 0.0011439446672144777 1.3564331761547009e-05 0.0 1.8188816148287913e-06 0.00023422442064441838 0.0005180011820997394 0.0 7.229618347791544e-07 1.5129038993946841e-06 5.69913657821284e-07 0.0015837258490441818 2.043947011255137e-07 1.1207766770071832e-05 8.037351028876848e-07 0.0002301061455328483 1.0421624758234173e-06 3.2066698962135372e-06 5.139032357108791e-06 0.00039637639619349586 0.0003392582399356117 1.6643780146080517e-06 1.571355896686914e-07 1.2821660745776818e-05 9.128832771701205e-07 8.689270835810903e-05 5.142605508076258e-07 0.0001750920139805234 3.3045684592079637e-06 5.663944164859576e-05 1.6620304033297666e-05 0.0007391050460065114 7.29132181463562e-06 1.0885413330757041e-06 8.139155407605837e-07 0.0 0.0 0.0 5.334088338624623e-05 4.0543262291008955e-07 4.086667997454746e-06 1.3825726320179377e-05 5.152190404224769e-06 4.676949029206647e-05 3.9987402743697043e-05 4.389828143359981e-08 0.00010934125935936814 0.0 1.302489629984362e-06 1.0412027566933251e-05 0.0 0.0 0.0 0.0 5.2500246114578155e-05 0.0 0.0 0.0 4.758115044552725e-05 0.0 9.751067935822877e-08 9.159972819093238e-08 4.0154403259262566e-05 1.7215216613981242e-06 3.0997159673818194e-07 0.0 0.0 0.0 1.5120798816987654e-06 0.0 2.412295678793716e-05 7.005052775347942e-08 5.961428472287996e-07 1.3777803731610297e-06 0.00010295498552633966 0.0 0.0 0.0
1.8096456497789828e-07 0.0002424887445495249 1.4180616417740423e-06 3.634673318328907e-07 8.718464112178937e-07 2.1405397976598496e-06 1.3850303590469252e-06 6.737764581320634e-06 5.83662011383369e-06 5.788268292072839e-06 0.0017711477129555538 1.8188816148287913e-06 0.0 5.0225898222924285e-06 1.175879198907081e-07 7.975039490621866e-07 6.29340851904591e-07 3.8397692235640905e-05 1.95692519007051e-06 1.2502167239210834e-06 2.4432361603192694e-07 2.7558929165799524e-05 8.04551440585396e-07 7.408384207195541e-06 0.003571006027493885 0.00014608263071342768 0.003178577722455646 2.5237260794255946e-06 2.900727934907733e-05 3.518976689425448e-07 0.0007371215143133327 8.191483146948247e-06 1.1381084350498704e-07 0.0004929971282354137 2.5352735808304285e-06 6.7856082157715e-05 0.0008340446884849261 0.0010362723023665523 9.350997770692546e-05 6.095617316503727e-06 4.637712101617023e-05 0.00035433512241402705 6.53353783046649e-06 0.0 1.577401788443841e-05 1.08539268089117e-07 0.0 0.0 0.0 6.00969439891361e-08 4.079075619599056e-08 3.0353875550633026e-07 4.596225312589659e-08 0.0002442733285922326 0.0 0.0008344813814076226 9.27921631921874e-08 0.0 1.788428422431768e-07 8.761156276130007e-07 1.8098965837825406e-05 4.810051258222519e-06 2.925513891260715e-07 0.0 1.09811191071824e-06 0.0 7.719062606253264e-07 0.00014517767984881656 0.00014395147157047336 0.0002054221115372018 3.6356900038059545e-07 1.5497387688118955e-07 0.0 0.00011340698227251772 1.5705242148934045e-07 0.0 4.413311671793275e-05 5.591734792591221e-06 1.2616256458799934e-05 0.00018979930526070884 1.1528485407283618e-05 1.7138802539886578e-06 1.9140310167255886e-07 2.109085560030576e-07 4.2880451533464985e-05 1.0649908531052391e-06
0.003123653148690125 7.195879582993486e-07 0.0003315833796445099 3.2040196162853815e-05 8.797957460089239e-07 0.0004517431451562102 0.004586094918773654 0.0038020800198746802 4.600895224543439e-06 0.0011044955399069167 3.861548559600016e-05 0.00023422442064441838 5.0225898222924285e-06 0.0 1.7078123255660654e-05 4.968109906557807e-07 0.0002754359627059476 1.2329970650323625e-05 1.1903897990490638e-05 0.00012409990656893637 0.00014045741826007694 2.993861621896004e-07 0.0003441431390113999 8.642632468954577e-05 2.813631343454839e-06 9.999317917746063e-05 6.436268377188618e-05 0.00012538658747913132 0.002455721736393159 0.0021873768860678194 3.52724628252684e-07 5.517288872670831e-05 1.1621281179915954e-05 0.0002382311219385453 7.881817323057971e-06 0.00030116374965058674 4.131609092259918e-05 0.00015923777420374843 9.473650291239964e-05 0.0001278542540874145 6.676958028552985e-06 6.242003337500649e-06 3.2006797162448525e-06 2.2269614480528464e-07 4.918117689651784e-07 4.69886294727328e-06 3.335411010023449e-06 0.0 1.8163019264866474e-07 1.2049799161911252e-05 3.4943913614977003e-06 4.767255310941634e-06 3.826251779960546e-06 3.348195233624173e-07 1.7625632220076405e-06 1.235268203682529e-07 1.4917468916607465e-06 0.0 1.565747271908699e-06 8.003669665307634e-07 0.0 1.680195940854915e-07 3.2157739417910225e-06 1.4256120260991591e-06 9.544180630061608e-07 1.8409757135241884e-06 3.092040288974139e-05 0.0 1.2500146787508382e-06 7.79354755384156e-06 2.952050978633651e-05 2.859765033062471e-06 4.947071600907973e-06 0.0 0.0 0.0 8.103763773628256e-07 2.1712108225526265e-06 5.317798474897821e-06 2.3457417711435745e-06 2.435363112715407e-06 1.0366876348649161e-06 1.3693417246953583e-06 0.0 0.0 0.0
0.0 2.1783463518192677e-06 1.7303663639305361e-07 4.7807668411055635e-05 0.0013291303876218036 0.0012952472599893601 1.3225999915029016e-06 8.980988279690576e-05 0.00039340429752801224 9.445161880496272e-06 1.104104873294971e-06 0.0005180011820997394 1.175879198907081e-07 1.7078123255660654e-05 0.0 8.408848323556493e-08 1.314134590248442e-07 1.298285133077259e-07 7.749083210428246e-08 6.217164722277965e-05 4.380190779149179e-08 7.71781758791024e-06 0.0 9.648005183822306e-05 1.223420136881992e-07 2.939173952669489e-07 1.3808158089744664e-06 1.0710172777362735e-05 2.5512390731546597e-05 9.375880147594456e-08 0.0 0.00010988925591224157 0.0 6.786497858893097e-06 0.0 0.00010386669126341187 2.0570006072153646e-06 4.875043668398518e-06 1.3045418749713209e-06 0.0005953613777246913 8.254882409868668e-05 0.0 0.0 0.0 0.0 0.0 8.715114623271082e-06 1.1088690679596701e-07 7.359870203112282e-07 3.3010597613931585e-07 0.0 4.358482008065731e-06 4.072655228550634e-06 0.0 1.5334635010568433e-05 0.0 0.0 1.787695435770508e-06 0.0 0.0 0.0 0.0 5.109676450418455e-06 0.0 0.0 0.0 5.729017284780718e-06 0.0 0.0 0.0 4.6413888061503886e-06 0.0 0.0 0.0 0.0 0.0 3.355353826736364e-06 0.0 8.527459758239424e-06 0.0 0.0 0.0 3.534217992502515e-05 0.0 0.0 0.0
4.3301834964081615e-07 9.9949892896878e-05 5.522634827597297e-06 4.30323258592682e-08 0.0 2.155022364218312e-07 1.2512713625818215e-05 7.146099162311335e-07 1.215199023570529e-05 2.755886184258542e-07 5.863040937482204e-07 0.0 7.975039490621866e-07 4.968109906557807e-07 8.408848323556493e-08 0.0 3.2438692197071957e-06 1.5040951720091574e-07 2.194453788557582e-07 0.0 0.0011665836000823682 0.0011178027477990213 0.001733341424101912 0.0008631334410353646 4.896795005434767e-06 3.675187093719964e-06 0.0019838966122370035 0.0005372396948696702 4.140321494500219e-06 9.417005881302341e-05 2.5089668083354265e-07 6.667523611872465e-08 7.389866876858072e-07 3.3982490324288706e-05 3.522516961493755e-05 0.0014047519699878547 0.00020319158115184513 0.00014759198485961346 0.00021745392561809237 2.2840961940748094e-05 9.311690348908188e-07 9.139850150496821e-07 1.19912764903498e-05 1.066332376270463e-06 3.5936513949818885e-07 1.727865450824669e-05 0.0 0.0 9.604158156438861e-08 2.0470914469934505e-05 2.323836436627733e-06 1.8394083463371302e-05 6.199045708766806e-08 4.8116687405780076e-08 0.0 0.0 1.0042239684028643e-06 0.0 0.001353575336718208 1.5111661050175802e-06 9.172591946583414e-08 1.990415515671879e-07 9.622219190733735e-07 0.00020582311169207787 0.0004275505931626493 0.0009456695559812408 0.00029803913427038154 6.665715314157774e-08 2.915425756471868e-06 0.00010557442879088357 0.0001075401398432518 1.0577302177808341e-05 6.153931291666676e-05 5.794005703901747e-08 0.0 3.152333873116147e-06 5.93617971892499e-06 5.728481219315743e-06 5.1477445367404484e-05 2.919742380557775e-06 9.232778407073401e-06 4.608531901519227e-06 1.051070514490118e-06 0.0 0.0 1.1268971084734243e-06
0.00014332915414848272 1.52258312913609e-05 0.0018321175910038525 2.6201663848720985e-07 0.0 2.1747618633140734e-05 3.0844795732228615e-05 0.0001913536537814886 5.077277861208298e-07 1.829140647664717e-05 0.0003800742528631 7.229618347791544e-07 6.29340851904591e-07 0.0002754359627059476 1.314134590248442e-07 3.2438692197071957e-06 0.0 0.00035632578601908207 0.0027346095335532674 5.531238262111471e-07 0.00031636875574034745 2.196531406954769e-06 0.0031653915940542945 4.14995980281018e-06 1.2719152550069203e-06 0.0020001668687812993 0.0028285423872221383 8.518725155557098e-06 0.00026901045731735307 0.0006318537988958485 2.904703282452158e-07 3.7041257443585956e-07 2.398070064224985e-05 0.0012251673822720461 2.413212876890252e-06 0.00018956453699350313 0.0014493110655499901 0.0004454101923184414 0.00013196567575660866 1.3978787456140433e-06 8.378992330523219e-07 4.537945618362813e-06 5.406783493636772e-07 0.0 3.967234521125123e-05 5.643351750882095e-05 0.0 0.0 0.0 2.529967946292071e-07 1.0378236385749917e-07 2.7643286568226996e-07 0.0 5.921667269143689e-07 0.0 1.2225742081352851e-06 8.997160832239784e-08 0.0 1.936315119848699e-06 3.497682804804195e-05 9.416088317094093e-07 2.2545375028355195e-05 0.0 3.6118966379294324e-07 7.841560275060421e-06 6.103631561590171e-06 1.638763535119209e-06 6.993666303470752e-07 0.00011750177953217499 0.00026240086064848546 7.764601735999631e-07 4.369674110795732e-08 4.367362598291632e-07 3.766573511153218e-07 0.0 0.0 1.1219618271405727e-06 0.0 1.530717729175815e-05 0.000112697121528843 1.103526136535606e-05 1.6781311224547414e-06 6.914436349287814e-07 0.0 0.0 0.0
2.5672929721166465e-06 1.4150806584199491e-05 5.651151210428591e-05 5.875748790417514e-07 1.9574558413752566e-07 3.3555291787451354e-06 5.006938975758131e-06 1.0652800342551514e-05 6.394119412315771e-07 9.64705802419239e-06 0.0021301029687193244 1.5129038993946841e-06 3.8397692235640905e-05 1.2329970650323625e-05 1.298285133077259e-07 1.5040951720091574e-07 0.00035632578601908207 0.0 0.001494692286248983 1.956624541196565e-06 1.5816951896780245e-06 2.1696533531023887e-06 3.522098870659637e-05 3.1197584610901092e-06 2.4180800093694408e-05 0.0034769023233605333 0.00019858722863220783 2.1815011813936646e-06 3.287695841033294e-05 8.088891667781802e-06 2.3123919119939007e-05 4.868506729799653e-06 9.130838793593364e-07 0.00046707923541910984 1.729708666692701e-06 0.00026866755415860984 0.0007173185050430744 0.0007840289386691139 0.00027806923368602266 1.8285792702056494e-06 3.6049420020367296e-06 2.3184222334687465e-05 1.4025292468891234e-06 0.0 6.464413557403704e-06 5.101153274270645e-07 0.0 0.0 0.0 1.0264800983648004e-07 0.0 1.7895260022998774e-07 2.2873386364486383e-07 1.9497950006287094e-05 0.0 7.623384568454976e-05 0.0 0.0 0.0 9.463237424104533e-07 6.670413505359616e-06 3.806994979485069e-06 0.0 0.0 3.448189406564383e-07 9.309885827590136e-08 6.285687258735822e-07 1.660981258729858e-05 7.808745406493988e-05 0.00012462734146101768 2.898257768428232e-07 9.939793158865643e-08 2.629815992558305e-07 2.4347669727302895e-05 0.0 0.0 2.9541821240742488e-06 5.560067472775639e-07 4.035993803068106e-06 2.124762488745123e-05 1.0764559018585054e-06 8.593682904028858e-07 6.258258017931311e-08 0.0 2.304387934333634e-06 0.0
4.613956206340453e-06 5.306272677835749e-06 4.2278040456146046e-05 1.993328389526337e-07 5.60349364897779e-08 1.7989493282997546e-06 2.062827809830775e-06 9.22823820838128e-06 3.028859039816509e-07 5.960259514548346e-06 0.0012466635193678435 5.69913657821284e-07 1.95692519007051e-06 1.1903897990490638e-05 7.749083210428246e-08 2.194453788557582e-07 0.0027346095335532674 0.001494692286248983 0.0 1.2653714711922614e-06 5.299522293323956e-06 3.3494633873655234e-07 0.0001121953618685345 1.2096027627148946e-06 2.4867520994818377e-06 0.0023298066084400924 0.00021517364963440566 1.2167362924788966e-06 2.515663704959079e-05 1.8654401653559175e-05 9.403615952302583e-07 2.1559114114642736e-06 9.061289930319095e-07 0.001171384591999599 1.637666619101876e-06 0.0003499805511270364 0.00047523449282544283 0.0007403458088513966 0.00024646501611857855 9.539760496931533e-07 1.7171861473787367e-06 3.07080140617856e-06 1.3486422015751656e-06 4.778100947168629e-08 1.0593862674813603e-05 1.3872405528169033e-06 0.0 0.0 0.0 0.0 0.0 2.6082044696509225e-07 0.0 6.295815292148898e-06 0.0 1.8580760309252292e-05 6.17353515571334e-08 0.0 8.621519876415243e-08 6.802638094629969e-06 6.505415513550415e-06 3.326455091417611e-05 0.0 0.0 5.972798129262279e-07 3.1781939813675496e-07 3.111485047865384e-07 2.831388874714945e-06 0.00013528069356890627 0.0001360997833574036 6.868639629539436e-07 0.0 4.3066721279813646e-07 8.196374920216718e-06 0.0 0.0 4.42271248450648e-06 6.600541227502431e-07 2.8062328458023553e-06 3.7339795506594574e-05 3.1897478509696557e-06 6.380909894901244e-07 0.0 0.0 3.511670975850692e-06 8.222870727201767e-08
2.408074182934058e-06 1.4243246763374432e-07 1.7668768647277844e-06 0.0009692534393088804 1.1348915890924293e-06 0.0004921004053340999 4.987977165126863e-05 0.00019060349397243478 0.00017473663024829497 0.002255417988849193 1.2199976160408661e-05 0.0015837258490441818 1.2502167239210834e-06 0.00012409990656893637 6.217164722277965e-05 0.0 5.531238262111471e-07 1.956624541196565e-06 1.2653714711922614e-06 0.0 1.4927741709241422e-06 0.0 1.2510021031167013e-06 0.00013621011715724785 8.365230743672297e-07 3.85523830934577e-06 8.924599358488368e-07 0.0008731281141217973 0.00021810401501074547 1.759748810738902e-06 2.0825958469571442e-07 6.298844153057034e-06 2.186293838163524e-06 6.682264950246321e-05 1.1330460362311533e-06 0.00011205901634010156 5.031923496636207e-06 6.916764338011669e-05 2.6098806753715905e-05 0.00017156812717249216 3.339427267471371e-06 1.508350996109253e-06 7.979789164047719e-07 0.0 0.0 0.0 7.908478622476454e-05 1.7096195961008705e-07 4.609850845807732e-06 4.272304376895297e-05 9.017658457270442e-06 6.002223365824638e-05 4.9130420806001236e-05 8.202181042588596e-07 5.6977992174317396e-05 3.6092680273626795e-08 5.143455376200928e-06 5.054870254014629e-06 0.0 0.0 0.0 0.0 6.075128834328082e-05 0.0 1.4502130678120595e-07 4.6074528975474045e-07 0.00011255140722545335 0.0 7.0340682219935e-08 1.8349647593988607e-07 0.00010757519940476027 6.53972641038888e-06 3.3613307495652848e-06 0.0 0.0 1.9178965760720287e-07 2.4312201114461283e-06 1.8031327966403358e-07 1.4568670103090889e-05 5.662052045251401e-08 4.540393085120903e-06 8.037614064840316e-07 4.44360121225333e-05 1.3636749513592834e-07 0.0 0.0
2.7382747637717956e-05 8.61001343437971e-06 0.000613996050559997 1.7724518875262629e-06 0.0 3.942872768996137e-05 0.0015261680746528551 0.00012750754928583167 1.1761935123741108e-05 0.0001139387434165088 1.5813638685131008e-06 2.043947011255137e-07 2.4432361603192694e-07 0.00014045741826007694 4.380190779149179e-08 0.0011665836000823682 0.00031636875574034745 1.5816951896780245e-06 5.299522293323956e-06 1.4927741709241422e-06 0.0 0.00013404674878156092 0.007817910008471752 0.0005629599162309815 1.006785506190237e-06 3.568299388177141e-05 0.00029177776160771115 0.003943409640570736 4.573627160744799e-05 0.006114137168237877 0.0 5.359002615345174e-07 5.301263434781025e-06 0.002009079351567212 0.00014445067505150256 0.0023967330168768535 0.0001329959220752126 0.0020060712281886437 0.00143505813198341 6.425654838100009e-05 2.536266661840934e-06 1.7276291044450365e-06 2.500567179984874e-05 2.275133763768627e-06 3.344357579861283e-07 5.601812639680601e-06 2.939756392285133e-07 0.0 1.584359421602925e-07 2.573368118624511e-05 3.2167916608082017e-06 1.2254770320045115e-05 1.8424294831228478e-06 4.771657221964162e-08 5.721875176633621e-07 0.0 2.074571445351333e-06 0.0 0.00017076916891321035 1.0644797714853665e-06 1.3372294420022445e-07 3.488776607031475e-07 1.6515472419498671e-06 9.185146396324716e-05 4.738740981794051e-05 5.935518533886732e-05 0.00020083430298587795 0.0 8.43107770470479e-07 8.5756259959442e-06 9.024759089452057e-05 6.768760060299196e-06 5.776099240303725e-05 0.0 2.051478139932573e-07 3.74168351944563e-06 4.193049551761639e-06 2.7989223342162966e-05 1.9758999477795018e-05 2.460625580360924e-06 8.641031400806435e-06 4.1474765616505e-06 1.2202323493028629e-06 0.0 1.018985278747215e-06 2.388955586649934e-07
7.23338087113718e-08 0.001442178405044916 3.0864330129657947e-06 0.0 3.2171755772403564e-07 6.899176924277082e-08 1.8670476259497704e-06 4.570087122415568e-07 0.001268095567208534 4.5783588621003106e-07 8.912917417363352e-06 1.1207766770071832e-05 2.7558929165799524e-05 2.993861621896004e-07 7.71781758791024e-06 0.0011178027477990213 2.196531406954769e-06 2.1696533531023887e-06 3.3494633873655234e-07 0.0 0.00013404674878156092 0.0 0.0001243650048941579 0.0032367920566341406 0.00015143083353005073 4.951295757338438e-05 0.0024967338907586054 0.00030052171173034056 2.0854099859278095e-06 1.7188370393164916e-05 6.7007733094554495e-06 3.93539923076489e-08 8.745539246233781e-07 8.336132951704341e-06 8.606003974445727e-07 2.0742079616100627e-05 5.417311562732899e-06 9.758903891261483e-06 3.589298859351566e-06 2.8406103761656435e-05 6.762154943828038e-08 6.321955696483964e-06 6.116203492072731e-08 3.508139146612713e-07 1.7637625936532402e-06 7.331266041836596e-06 9.496415572884334e-08 0.0 0.0 3.429314646248206e-06 2.198987332841319e-07 2.489608863237588e-05 0.0 4.022278971982671e-07 0.0 1.165119056324733e-06 3.6880019617855866e-07 0.0 0.0005967682156572832 5.922411775802261e-07 9.872382491365734e-08 5.061705273537727e-07 4.024640889443953e-07 6.679803800211921e-05 0.00014112783394463297 0.00032771199786563914 0.0002110339279469705 2.74264645567094e-07 4.127630035101452e-06 0.00014437635031456006 3.6532867066812285e-05 1.3999161950765041e-06 1.0470289309363046e-05 3.0915245655665295e-07 0.0 7.4875954105754e-07 5.700539290929004e-07 3.0920586673052535e-07 8.646395076573486e-06 2.3427609261248524e-06 3.236696471070358e-06 2.5546604006544488e-06 5.990904321310591e-07 0.0 8.879532834842901e-08 0.0
0.0001245132790697453 1.3702352904992718e-05 0.004082125779113902 1.83453414285338e-06 1.7982684797629752e-07 4.0478465732712725e-05 0.0004213944048928261 0.00027810643330566535 5.818664468830991e-06 6.510291014524544e-05 1.6344753441198345e-05 8.037351028876848e-07 8.04551440585396e-07 0.0003441431390113999 0.0 0.001733341424101912 0.0031653915940542945 3.522098870659637e-05 0.0001121953618685345 1.2510021031167013e-06 0.007817910008471752 0.0001243650048941579 0.0 0.00030185151742450993 1.5142760391987267e-06 0.0006514158412300368 0.004054174641006081 0.0013375504257782769 0.00016654945867499904 0.0031110783357595428 5.3742421248325983e-08 8.42586007610863e-07 2.3038404422874752e-05 0.002932572738889597 0.00021829478180548575 0.0067000109755175575 0.0025635552083060997 0.0038444787060408106 0.002849484469494675 0.00018896388238186126 7.818062962779415e-06 8.928156139770214e-06 5.832064877530166e-05 9.99935575863164e-07 6.057602939287213e-06 0.00014358176621177309 5.074615263071837e-07 0.0 1.3041104832707418e-07 1.2659261308392317e-05 5.906593285083482e-07 4.81970264280272e-06 3.403894619384796e-07 0.0 4.0018991904027754e-07 0.0 1.139949821949386e-06 0.0 0.0008250275655763505 1.1167666549863777e-05 9.203022945693691e-08 1.168428861266694e-06 3.58472613992169e-07 9.117107018810018e-05 0.00015980137600217305 0.0008986454730012527 0.0001188551382901651 5.1667947198231454e-08 1.1768014235862951e-05 0.0005266042148927666 4.225210072157782e-05 4.061785335931783e-06 3.241567955946046e-05 7.125856921072016e-08 0.0 2.7943978055826293e-06 3.2373828331462237e-06 4.266508990222774e-05 5.979985835609914e-05 3.965115735234437e-05 1.8713106045326676e-05 1.1684701992943152e-05 2.279223939211723e-06 0.0 1.695080930176617e-06 7.290710547200616e-08
3.0332360214535497e-05 0.00035303436000450923 5.918533763489784e-05 0.0006535152983580287 4.934196417825368e-06 3.954224882421719e-05 0.001773819300788303 7.424094139231577e-05 0.00451641704404328 0.00030899594465081385 1.614747022760595e-05 0.0002301061455328483 7.408384207195541e-06 8.642632468954577e-05 9.648005183822306e-05 0.0008631334410353646 4.14995980281018e-06 3.1197584610901092e-06 1.2096027627148946e-06 0.00013621011715724785 0.0005629599162309815 0.0032367920566341406 0.00030185151742450993 0.0 2.5812862472613316e-05 2.631356948223576e-05 0.0007848971400267722 0.006721947555330952 0.0006475830930858778 0.00010688436821788736 8.920987811505017e-07 8.684749035325666e-06 0.00015955326742304911 0.00045659054518981695 6.362186546226753e-05 0.0016244066147028564 4.883640827336519e-05 0.0005640336073692618 0.00030305091570364325 0.00020227731183773134 1.5173995103705033e-05 2.7966505613302526e-06 1.6258620667259676e-05 8.65248701254327e-06 7.170956160237802e-07 3.9441580580378365e-06 0.00014557841859754245 2.5287550869477563e-07 1.062512532789131e-05 0.00024123253056588522 7.270578283774145e-05 0.0005678220036231486 0.00010617304579803193 1.3489535396391628e-06 8.356913938457696e-05 4.812346464643467e-07 4.840006281891067e-05 8.883356368857529e-06 0.00011275644008990818 1.988334816530069e-06 3.4170193865085407e-07 5.145013497576479e-07 0.00014275972371837473 4.678246840779586e-05 8.531408525914275e-05 3.3651641399751325e-05 0.0015235167687731373 3.6506006090223003e-07 1.9255121052266645e-06 1.3208437850058706e-05 0.000899784082210347 5.501281533499226e-05 0.00020218206716728537 4.385664566691777e-08 1.1938288096254721e-06 4.163547244111676e-06 2.77056993814894e-05 1.3071475651955957e-05 0.00011851737220749024 3.128285171150138e-06 5.113819089551172e-05 2.1523565943061926e-05 8.805060730183279e-05 1.062130308182669e-06 3.7100993598590957e-06 3.104244224710269e-07
