0.0 6.460508155687278e-07 0.0001972726782651305 2.7823258771783354e-05 2.3521002715477096e-07 1.9500101768930796e-05 0.0007323589626797687 0.0006572269219764761 5.608237144653988e-06 4.775663176177581e-05 4.7318443740672065e-06 9.326046538175652e-07 6.473832407306345e-08 0.0034687066125003263 0.0 2.3648615492802614e-06 0.0001426296861140685 9.488213673546817e-06 4.259035623664486e-05 9.553677509813524e-06 3.905932408429409e-05 3.0011987670505005e-07 3.0385528609793614e-05 3.889016688620631e-05 0.0 2.678582869232886e-05 4.782565677638119e-05 0.00014543792363267097 0.002012702128012883 0.0016712507825594057 0.0 7.5458695814555865e-06 0.00015063629493164104 0.0003231271858876034 7.977018573579617e-06 0.00012706019968253068 2.431238988538746e-05 0.00012643079275385748 6.0497316843163475e-05 7.91584269005779e-06 8.486183992087746e-06 1.9337166254894046e-07 1.3147143966188192e-06 0.0 3.727182421453065e-07 5.191946073664056e-07 4.663144181466674e-07 0.0 0.0 2.9126566201405476e-06 1.3660399408427483e-07 2.0140213132259683e-06 5.505126957537557e-07 0.0 0.0 0.0 3.779707961447623e-07 0.0 4.47978626869538e-06 1.988155203004853e-07 5.0956420183502976e-08 6.185673614327722e-08 7.635102088210322e-08 1.9706189589176295e-06 1.0845062469662464e-07 0.0 9.965265473888988e-06 0.0 1.4521669821640867e-06 3.0874854430483574e-06 1.2244181951727746e-05 1.7792883374110752e-06 2.5650191265620798e-06 0.0 0.0 2.565238242328192e-07 5.178101768802633e-07 5.624565852198569e-07 7.587814172353392e-06 3.553942556220617e-07 4.809128543817177e-07 4.886940805965874e-07 2.2751100998135298e-06 6.477041027467253e-07 1.086049071585234e-07 0.0
6.460508155687278e-07 0.0 0.0001265595754505411 2.746355798234745e-06 2.5761437588203894e-07 6.066107414966758e-08 2.7171476579443936e-06 1.1765821448235628e-06 0.00033450146534404337 1.0158809962048246e-07 2.942143339951498e-05 1.2629522026912778e-06 0.0002901059473465176 1.1886750295435994e-06 4.3719750332085685e-06 0.00019914265426160615 4.434951642794658e-05 4.635412401907493e-06 4.147380215824781e-05 3.419481111070971e-07 2.8114716175802702e-05 0.0015945836846277572 3.761205913482689e-05 0.000569690996880917 0.0010732315838113064 0.00051277723425766 0.0038972112972432893 3.630490675114685e-05 2.5864450167827403e-06 3.2909145344300815e-06 2.8721870367520415e-05 8.522337838886914e-08 7.695456433874205e-07 2.96660874093654e-05 1.247852803501643e-07 4.2252256920405565e-05 9.140408182185633e-05 5.1560916962741687e-05 9.5996044950902e-06 8.10743701647877e-06 4.703069969015422e-07 6.874666171422867e-05 0.0 0.0 9.788602380941062e-05 4.2994544352300413e-05 2.367483879834291e-07 0.0 0.0 9.143171982389805e-08 6.068502368492231e-08 3.667811431463822e-06 0.0 2.2146896044606645e-06 8.369993658760098e-08 1.6983097105108554e-05 0.0 3.0827646218203255e-07 2.0655167469262876e-06 2.8871000353165622e-05 1.8791667836661987e-06 1.753968099450633e-05 0.0 6.342846597154229e-07 0.00010085378403056752 2.899102916697177e-06 2.859379440694148e-06 1.8632814453465005e-05 0.0002641349105494103 0.000818276039091847 8.379599963074022e-07 0.0 1.421558224730424e-07 3.638609986858965e-06 0.0 0.0 6.290148193628801e-07 0.0 1.3774047450645429e-05 3.8601535960724734e-05 1.0174774063514947e-05 2.822076151633288e-06 1.0324569240594904e-06 0.0 1.7270022331796306e-06 1.429192118778291e-07
0.0001972726782651305 0.0001265595754505411 0.0 7.503092358230669e-06 8.771097181535821e-08 3.879228643846194e-05 0.0004389345598137948 0.0006204039009364811 5.227109852851421e-07 1.796578549726562e-05 1.6667565298884094e-05 1.532002766061568e-06 5.59374050884113e-07 0.0004988987285877217 3.47688978849461e-07 2.8332871073126076e-06 0.0027550166302066433 0.00010035931963963095 0.0005421865676379746 2.9262625212195087e-06 0.0008837947863773452 5.2386468699958114e-05 0.0028319923711838373 9.313537237073464e-06 1.5690945072144353e-06 0.003214127717823253 0.005920487901721518 0.00014798565545271508 0.00014673337345867546 0.0015427835918147617 2.8589020697382137e-07 6.177572121991101e-06 1.1929611946054479e-05 0.0004543225899397453 7.35928905584083e-06 0.0007903891280296774 0.003367469072617598 0.0009489683893315956 0.0001424329296741572 1.742330197394447e-05 3.6757720381267555e-06 1.2051942797206797e-05 4.38814809856871e-06 1.329281819262073e-07 0.00015488036441921752 0.0005254957848166949 0.0 0.0 0.0 1.9924921220128224e-06 4.5906264405306465e-07 1.553246231355809e-06 1.432513200452859e-07 4.954662085013213e-07 5.61828848453006e-08 6.053420336914002e-07 5.018750196268357e-07 0.0 1.880771656595944e-05 0.00014883515624847075 4.5168531881403685e-06 4.678929657104231e-05 0.0 2.7048931883481805e-06 8.95517913355828e-05 3.9144573459927856e-05 5.974035363336545e-06 1.3827765597320793e-06 0.00036610931874673174 0.00204106067583726 4.595655068271498e-06 6.743925146539874e-07 2.383614945477891e-06 9.85033756438994e-07 0.0 0.0 7.938997020567193e-06 3.4878178406273103e-06 6.856843263695736e-05 0.00013819523695484239 4.455382757296512e-05 1.4756579144259904e-05 2.9663840573504016e-06 0.0 0.0 3.283072716595256e-07
2.7823258771783354e-05 2.746355798234745e-06 7.503092358230669e-06 0.0 4.996998752717982e-07 8.26712167444722e-05 0.00022035274932653105 4.652806858353688e-05 0.0011213741632492226 0.0022669884594116777 2.0638764773310124e-06 0.0006259655216569412 1.0225885995869583e-07 0.00010592755084894745 3.78920696848493e-05 4.467991103622151e-06 1.0476591637778004e-06 9.195312682985016e-07 1.4637476848642792e-06 0.002760307789694935 9.374989176774222e-06 2.0627956831807526e-05 2.9764877330012067e-06 0.0015958773593982838 1.5067030209074849e-07 3.887490653595539e-06 2.069359096925943e-05 0.002075826909088572 0.00017700404841823925 1.77877836020029e-06 1.2737568180200163e-07 2.5325284454179172e-06 6.558373275404056e-06 6.510158990873402e-05 1.6741456121227696e-05 0.00039474853875345206 1.2238846698428314e-05 8.929687208687431e-05 6.215880965415939e-05 7.945571315884753e-05 2.2032418999599832e-05 1.2844870386489909e-06 7.372813013322185e-06 3.9387115316872226e-07 4.1534109623278786e-07 8.667360427772333e-07 0.00012537184829929001 7.124841285891602e-07 1.34811725548385e-05 4.753102715051068e-05 3.8590245209376035e-06 6.0235165582384564e-05 9.093029416277588e-05 2.8960983903477865e-07 8.27609686652372e-05 5.637398816020247e-08 2.9706747241231298e-06 1.4561283268462584e-05 5.745162455800941e-06 5.497513540586108e-07 2.470434594790843e-07 1.2068863677460557e-07 7.295966804243374e-05 2.3098652688345997e-06 2.719997533460839e-06 5.509127494190484e-06 0.00013807770471079838 0.0 9.147505921926068e-07 3.5997873676677845e-06 0.00011383272478758602 4.395680435969342e-06 3.5577720603634647e-06 0.0 2.546644713747595e-07 3.6330327408679774e-07 1.434867253957709e-06 1.4193332636085461e-06 2.6353009511296454e-05 5.334477119968679e-07 4.0485681094901135e-06 8.41743280718336e-07 5.2337271717403484e-05 7.399226252057588e-07 0.0 1.0761237471104519e-07
2.3521002715477096e-07 2.5761437588203894e-07 8.771097181535821e-08 4.996998752717982e-07 0.0 4.803764739053016e-05 0.0 4.4222512670888406e-06 4.856539298416845e-05 3.5431273448070657e-07 4.652741913996438e-06 3.6993105151728975e-05 0.0 1.5454854172307021e-06 0.0004978400969668484 0.0 0.0 7.595637468708681e-07 1.693351104688754e-07 1.2811791370737833e-06 0.0 1.2002876288426565e-06 0.0 2.3824998754851823e-06 6.972144715520882e-08 1.692340744166061e-06 2.2085895207755854e-07 8.431437299277865e-07 1.8231774778059225e-06 0.0 2.3470681063613655e-07 5.08778063134534e-05 0.0 0.00011047718809055866 0.0 3.7772310020264957e-06 8.702747558992848e-08 4.451714515163453e-05 1.6279073825646474e-05 0.0008380157467192218 1.2084457083892664e-05 2.498816392147977e-07 6.043381846686795e-07 0.0 0.0 0.0 9.029902761038364e-08 0.0 0.0 0.0 0.0 0.0 1.7976563416527915e-07 0.0 1.878821267876087e-07 0.0 0.0 0.0 9.656586961795622e-08 0.0 0.0 0.0 0.0 0.0 0.0 0.0 1.4390357515562535e-07 0.0 0.0 0.0 7.609583183952355e-08 0.0 0.0 0.0 0.0 0.0 0.0 0.0 0.0 0.0 0.0 0.0 1.2924005642418275e-07 0.0 0.0 0.0
1.9500101768930796e-05 6.066107414966758e-08 3.879228643846194e-05 8.26712167444722e-05 4.803764739053016e-05 0.0 0.001455749449088094 0.002209272880920417 5.696121666362153e-05 0.004669088996170522 5.002110426460972e-05 0.0019581057880396755 1.360637107707915e-06 0.0002138212040594093 0.0005052917405715746 4.5737267145259594e-07 6.558798381009133e-06 1.2077718664647308e-05 9.573835729626778e-06 0.0003847716738007739 1.0498128830226969e-05 3.1208401574427544e-07 5.506714317132643e-06 0.0001379766436092979 1.1087510857870956e-06 2.2429758469100143e-05 1.2100995784602729e-05 0.00046889980838171297 0.0005221073959554735 1.5325618769275906e-05 1.1825742849575254e-06 0.00058367698155087 9.176151429614846e-07 0.0005154862853421048 6.3439323870659485e-06 0.00036901279119952614 2.0529028149037916e-05 0.0003722310464843661 0.00012421283039475324 0.0011417767020551171 0.00021169934402913302 4.389414904929318e-06 7.365399063875289e-06 0.0 0.0 8.479666874457291e-07 9.00430608715178e-06 1.847644455202356e-07 1.3329506269530324e-06 1.1372102307713097e-05 1.1221918130807863e-06 5.996463228221366e-06 8.00414906866343e-06 8.561281700907435e-08 1.4632925841050049e-05 0.0 6.900936316966911e-07 3.4726929209082514e-06 5.955075560173913e-07 0.0 0.0 2.7858274384551633e-07 7.2673989686732325e-06 0.0 0.0 2.11983127549177e-07 1.832974371882173e-05 0.0 4.064605858080038e-07 1.3046609277747874e-06 1.58036722300834e-05 1.7392856740752203e-06 3.7750426504859904e-07 0.0 1.0357686989479085e-07 0.0 0.0 3.623633699440016e-07 2.3499687867458116e-05 7.729510170250204e-08 1.4668973331543932e-06 2.71441751926978e-07 1.3041333321352508e-05 1.0087717600373976e-07 8.672750237907218e-08 0.0
0.0007323589626797687 2.7171476579443936e-06 0.0004389345598137948 0.00022035274932653105 0.0 0.001455749449088094 0.0 0.003225307921819882 0.0004704777405220458 0.002645369017944031 1.0869179865644214e-05 2.353140409181442e-05 1.6256454814108983e-07 0.004973548996324316 2.806077986679216e-06 1.4763267473168745e-05 4.0540161867153085e-05 7.341863699564485e-06 1.5239552926303308e-05 3.4446713240737984e-05 0.0003730577527614494 1.3325954928865476e-05 0.00017507179318569866 0.0004995784396272959 1.6522709072864014e-07 5.468352175292852e-05 0.00015569813470269573 0.009825143203995005 0.0006704294055584685 0.0020789698771972774 1.5939434691346004e-07 2.660052950477079e-05 2.4864921259894178e-05 0.0003357382877207647 5.41046692161964e-05 0.0016844513538054077 9.555699065652703e-05 0.00047992743084537354 0.00029276867791164614 0.00024837242913097046 0.00011243717922516389 4.2258596878648685e-06 2.7103384816633628e-05 4.508982659032788e-06 1.2099605324749306e-06 6.030359312623834e-06 9.378749816116784e-05 0.0 1.6716605284948967e-05 0.00030183022889737073 2.135107599503064e-05 8.05179690253496e-05 7.049955618488762e-05 2.6930136338019357e-06 4.107524862445322e-05 0.0 1.622712695322847e-05 2.927478484249845e-06 2.7160695978657106e-05 1.8490909128720912e-06 6.538341707515584e-07 8.943612764283864e-07 4.662286869362874e-05 6.5164732519856785e-06 6.357060708625958e-06 1.2659679139774337e-05 0.0003847350415320779 0.0 4.04446515485177e-06 2.393574845367459e-05 0.000546937318656012 3.874478077468727e-05 5.60804839241312e-05 3.963449489326251e-07 9.970841105548037e-07 2.052093116382939e-06 1.0127610711244001e-05 2.387106604615952e-06 0.0002742264980284773 3.859537369275665e-06 5.0473676243323806e-05 1.4975710262777508e-05 0.00015195205374143547 1.014911813064484e-05 0.0 2.9274452875178744e-06
0.0006572269219764761 1.1765821448235628e-06 0.0006204039009364811 4.652806858353688e-05 4.4222512670888406e-06 0.002209272880920417 0.003225307921819882 0.0 1.0588799847587838e-05 0.0017925953522581724 0.00015689184994199928 0.0005771897479538594 2.8176990260090186e-06 0.0032604066605728703 8.997272574528494e-05 6.914089438565915e-07 0.00016844781243098857 4.1900364938966655e-05 7.597127418539414e-05 0.00031712344024277625 5.704949434720608e-05 1.1787647053545257e-06 4.583778478570456e-05 2.4264182645411355e-05 6.01161775305469e-07 0.00010905192161264061 0.00010714446517855116 0.0003129290976530482 0.0006314611250744714 0.0005909228992842814 2.1486211467102934e-06 0.00020874698848654478 4.017362228007022e-06 0.000618118280815249 1.1326674736065712e-05 0.0002134505427090958 0.000110199624756704 0.00048698645044419547 0.00018505235945210402 0.0004115206558866298 5.335277031195854e-05 6.1943046021233785e-06 3.5657750351139865e-06 2.961424390836376e-07 7.962425224115345e-07 2.3933627367770644e-06 1.7266262346854078e-06 0.0 5.83801791346855e-07 8.987585649502391e-06 8.778623814602452e-07 1.3405050070270305e-06 1.4085125049604098e-06 6.226063874428548e-08 1.172460955818409e-06 5.227846594944759e-08 5.832082101601401e-07 4.831205074816237e-07 2.7721912144801178e-06 1.4145581618233428e-06 0.0 7.772422201026542e-07 8.026871413696739e-07 6.495286391236536e-07 1.9563981517604054e-07 6.158409985613865e-07 1.6226176534259176e-05 0.0 3.8065694779521013e-06 1.0567655214078527e-05 1.9529898419888752e-05 1.7302803562894914e-06 2.687960108512106e-06 6.60070860505517e-08 0.0 0.0 7.398348824727747e-07 7.489884587703444e-07 1.2369948892162288e-05 1.629273670776742e-06 1.659197902712932e-06 7.621906658113169e-07 3.0054369897040693e-06 5.537294092432486e-07 8.248984203307176e-07 0.0
5.608237144653988e-06 0.00033450146534404337 5.227109852851421e-07 0.0011213741632492226 4.856539298416845e-05 5.696121666362153e-05 0.0004704777405220458 1.0588799847587838e-05 0.0 0.00010268266934190047 3.4327826699501182e-06 0.0004986137454077749 1.82437541557419e-05 1.161115911452936e-05 0.0007751767949338538 7.801533432645515e-06 3.7862424304378215e-07 1.0485265313277304e-06 5.161971017357867e-07 0.0008169869727243726 1.056853023616212e-05 0.0019111173262775331 1.7844685498376313e-06 0.00504683056710418 8.605855983821262e-05 8.787004976404592e-06 6.1953550695855e-05 0.0009499143848200988 4.1511964840708884e-05 6.853410139258713e-05 3.0200765426485934e-06 7.206464725723575e-07 3.3420194623176048e-06 1.566800188325135e-05 4.384339309880016e-06 0.00026360121357481097 2.102153367276162e-05 3.058080307131523e-05 1.855142164641157e-05 0.0004017262976658302 1.4506389823128377e-05 6.681322816563697e-06 1.6422883173655254e-06 5.1670848904926954e-06 4.250254410363942e-07 4.356596901732695e-07 0.0002271642697475514 5.48121658879264e-06 2.225681854999244e-05 0.0001177121275352359 1.1507790921415282e-05 0.00017894114873222947 0.00012623816855949997 8.378793122137397e-07 0.0003076242096069526 5.011334291204578e-07 1.1175852822203153e-05 7.058681324773239e-05 4.642058446153951e-05 1.362476796052748e-06 1.8889824581651633e-07 3.8858720637198054e-07 0.00016899310242163214 1.6045661703808845e-05 1.9278651868436065e-05 3.2833750246284817e-06 0.0008199585812582646 5.551955260089896e-07 5.464272766606778e-07 2.6446739210967795e-06 0.00046730511691891644 3.451330646200461e-05 3.453244828921929e-05 6.801714546274687e-07 4.208211897774381e-07 2.4930673714875947e-06 8.712331360169598e-06 9.761151358625436e-07 4.8175619433423444e-05 1.3707643374368212e-06 2.1514131901393e-05 7.647797124161132e-06 0.0001351135907562747 3.5559248908360516e-06 1.877203035536957e-07 1.2807602666903938e-06
4.775663176177581e-05 1.0158809962048246e-07 1.796578549726562e-05 0.0022669884594116777 3.5431273448070657e-07 0.004669088996170522 0.002645369017944031 0.0017925953522581724 0.00010268266934190047 0.0 2.6985753629751656e-05 0.003623905184177594 1.2675715376959525e-06 0.0004350973552073759 1.0312763235661899e-05 6.309037177457711e-07 2.9522708524593547e-06 8.183047459874875e-06 6.992675575151175e-06 0.00414265451364246 8.598221646102974e-06 6.662261998475958e-07 3.2703732006024546e-06 0.0006263873906889953 4.480350342277813e-07 1.7450917126146827e-05 1.0054571549217245e-05 0.00352595019015148 0.0005386436787511221 6.519515113824094e-06 5.253318044344359e-07 4.885392891867498e-05 3.524833789437326e-06 0.00032380195268349245 2.9530384624212363e-05 0.0007716733888006511 2.374408255492613e-05 0.000403654710517493 0.0001453210118663173 0.00022165909836879935 0.00012881060297897985 6.1364754345671886e-06 2.2952325578405453e-05 4.06721961317279e-07 5.053884451599777e-08 2.3240788819219709e-07 4.729141351293682e-05 4.1729017994403893e-07 8.037285934921498e-06 3.946062451764592e-05 1.8934947867980028e-06 1.9433139339656816e-05 3.173112469970558e-05 2.2466752949462242e-07 3.436223945138271e-05 0.0 2.030516502814757e-06 4.7578344140594195e-06 1.605770557892802e-06 0.0 7.01456047465626e-08 1.6597308543591422e-07 3.1147174292310265e-05 3.3829246726383467e-07 1.7040638764480034e-07 1.0881372045321604e-06 7.327772337451339e-05 0.0 4.5063285185554343e-07 1.6119493375513356e-06 7.640405865828984e-05 3.0160714609470163e-06 2.6817132127132663e-06 0.0 8.983729075504832e-08 6.619445689999542e-08 4.648803604964292e-07 2.8737202826403717e-07 3.967530940846467e-05 6.136148619024917e-07 3.191173766853651e-06 1.2616014239836925e-06 2.4101428949572248e-05 6.927999996043525e-07 2.2880571232291438e-07 5.915320685956376e-07
4.7318443740672065e-06 2.942143339951498e-05 1.6667565298884094e-05 2.0638764773310124e-06 4.652741913996438e-06 5.002110426460972e-05 1.0869179865644214e-05 0.00015689184994199928 3.4327826699501182e-06 2.6985753629751656e-05 0.0 3.683499147926259e-05 0.0009146742425260304 3.7243452915748345e-05 1.3819172746762913e-06 1.049411055217437e-06 7.534985751183598e-05 0.0012740628926092732 0.0005630980630501662 1.7317118927649484e-05 2.341389877948599e-06 1.1323981011952507e-05 7.088318098363161e-06 6.397903301285987e-06 0.0006206828900694321 0.0008694880908778215 0.0005457267911029862 5.974864815754775e-06 0.00012136741375521869 5.550101774082477e-06 0.0002845811621922335 0.00017362100353204363 2.4442066412746954e-06 0.004088249640598881 6.469168331471163e-06 0.00037916368258171415 0.003304301092344233 0.0027645586064209936 0.000485446162271135 6.980947035940679e-05 9.208502521426371e-05 0.0005273062454108966 1.0186291146368492e-05 0.0 6.709748899704749e-06 7.895885495200201e-08 0.0 0.0 0.0 4.5908023377054307e-07 2.552612108014776e-07 1.2129607521334083e-06 3.1047338376659366e-07 0.0003130540463763814 5.124862509905155e-08 0.00047363547056955953 1.7833891684986797e-07 0.0 0.0 5.771073084746491e-08 1.4052838091191795e-05 6.179954269205481e-06 0.0 0.0 2.172774634928791e-06 0.0 8.360368123310652e-07 0.00012160916649637442 7.679434878983837e-05 0.00012762716173276398 1.3563993075976059e-06 7.919965585487643e-08 1.5861488461315193e-07 0.00017973034132079494 2.3845434680387896e-07 0.0 3.2175758125264534e-05 1.885896137191749e-06 1.975615853117977e-05 0.0002501803385444024 1.6244078944584013e-05 3.101688416713145e-06 6.647306404842278e-07 4.2514674345517365e-07 0.00010432941484600347 1.1130939637384673e-06
9.326046538175652e-07 1.2629522026912778e-06 1.532002766061568e-06 0.0006259655216569412 3.6993105151728975e-05 0.0019581057880396755 2.353140409181442e-05 0.0005771897479538594 0.0004986137454077749 0.003623905184177594 3.683499147926259e-05 0.0 1.2638990733806325e-06 0.00010973923271842431 0.0008359571991191208 0.0 7.896107547100245e-07 1.1913979524794755e-05 7.88100059088693e-06 0.003323134404023919 1.1120367280000857e-07 6.987931061705899e-06 7.052461954959139e-07 0.00018005169829214202 6.45776362887296e-07 1.8031598232377116e-05 4.050571625440731e-06 0.0004675024023125646 0.0003247896812691578 1.6405889188000388e-06 8.363020828224368e-07 9.357308206745149e-05 1.5821120953543716e-07 0.000241986649034592 7.551165326960266e-06 0.00105826010832583 1.9504242942065233e-05 0.0002980559576429426 5.2654742422963196e-05 0.0015534869640992054 7.926889025591852e-05 4.292913039780721e-06 1.2069953421943809e-05 3.2497092425540573e-07 0.0 7.018500961411359e-08 6.088479211611387e-05 1.590034147653494e-06 1.2051665657583611e-05 3.613336880348778e-05 3.169117089970561e-06 4.378410312335508e-05 5.710546907532391e-05 2.4435594350145843e-07 0.0001836552155195845 7.811401220813141e-08 1.9673651266279635e-06 4.3046089651522555e-05 2.920822360721484e-06 9.952772451536728e-08 1.992543260581654e-07 0.0 6.922821731108016e-05 1.1887410275503868e-06 4.3963414290575977e-07 0.0 9.336985619229146e-05 0.0 2.1831437490048264e-07 0.0 7.107175657433179e-05 4.051801589279451e-06 2.886244513604393e-06 1.2926014348066872e-07 1.678247675086491e-07 2.2109054370426635e-07 5.317042064157643e-07 3.437661359840533e-07 8.766073181185383e-05 3.021673154857616e-07 3.0707378759548297e-06 1.1332360375237181e-06 0.00014244192742950202 1.7817423765689895e-06 4.077344399734901e-07 0.0
6.473832407306345e-08 0.0002901059473465176 5.59374050884113e-07 1.0225885995869583e-07 0.0 1.360637107707915e-06 1.6256454814108983e-07 2.8176990260090186e-06 1.82437541557419e-05 1.2675715376959525e-06 0.0009146742425260304 1.2638990733806325e-06 0.0 2.673746213729229e-07 1.7297227617037034e-07 8.74303701002298e-06 9.514643846515922e-08 5.504638259171938e-06 2.466317262847237e-06 3.981992258543505e-07 3.1178951446862864e-06 8.976956406961419e-05 3.3396039829407224e-06 3.2735282845323956e-05 0.0020685513137232623 0.000260731591403813 0.0016420972223606409 2.304081691719707e-06 2.285979125903222e-06 4.347356909921354e-07 0.0006063558590092308 2.7791110050023533e-06 0.0 0.0003784121226871836 1.2211392611048886e-06 0.00010088623836486552 0.0011807204273937332 0.000794035732616263 7.244599640050117e-05 6.712630103011825e-06 3.6842147406460184e-05 0.0005235961162882542 9.77561464602413e-06 7.732635906925616e-08 7.229976430320456e-06 0.0 0.0 0.0 0.0 2.870991736628813e-07 8.80160372142125e-08 3.0930128668552833e-07 1.3410189875643377e-07 0.00027008384241726784 0.0 0.0003949836754639341 2.7991571072955047e-07 0.0 7.50627298219203e-08 8.118961250064393e-08 7.090188209822672e-06 3.0673913712608203e-06 0.0 0.0 1.4063352749751814e-06 0.0 3.3855970420652894e-07 0.0001823799280061039 4.841630351933837e-05 8.387364058951778e-05 1.4455787255838527e-07 8.751821624796756e-08 0.0 0.00011001473568529972 0.0 0.0 5.898119498088427e-05 5.275213369291787e-07 2.780332196734664e-05 0.0003154831060823497 2.750677562024477e-05 3.081096030992227e-06 0.0 3.042105288338791e-07 0.00025865747920606266 0.0
0.0034687066125003263 1.1886750295435994e-06 0.0004988987285877217 0.00010592755084894745 1.5454854172307021e-06 0.0002138212040594093 0.004973548996324316 0.0032604066605728703 1.161115911452936e-05 0.0004350973552073759 3.7243452915748345e-05 0.00010973923271842431 2.673746213729229e-07 0.0 2.0615525273247848e-06 1.095801754635219e-06 0.0001964111099860053 2.2985719545985204e-05 6.94330051309417e-05 0.00014636344663481184 5.0911258911619006e-05 2.875605367299486e-07 3.817713102988201e-05 5.300657312208644e-05 3.492363376826563e-07 6.79780580524884e-05 7.688774468575198e-05 0.00032434219863981784 0.0023170189297701755 0.0011415967401279396 5.919143727354243e-07 0.00024469899325868386 8.38779005406459e-06 0.0007931083506458866 6.47135218671801e-06 0.0001192044815883653 7.005424223174049e-05 0.00031833930928161454 6.0165706805454514e-05 3.735531698032505e-05 1.6212119159250585e-05 4.806805260129166e-07 2.249002955749025e-06 1.9449613683778146e-07 6.039677117401564e-07 1.0263612770786354e-06 2.139266797357847e-06 0.0 1.8253485267416764e-07 6.502476208570422e-06 3.0416749984529545e-07 2.176030688279179e-06 3.6130545705296093e-07 1.1792030669000611e-07 5.140583665249354e-07 0.0 5.20081596091792e-07 6.962498269597314e-08 2.372309334691241e-06 8.467980140485091e-07 1.4955145629481178e-07 1.8414680645384038e-07 6.296872427880247e-07 1.2991664406732106e-06 5.39245157198223e-07 5.55016622276398e-07 1.5583965325950973e-05 0.0 3.228030573954284e-06 6.80731081483818e-06 1.9408053693921946e-05 1.329370455836567e-06 2.8198789537704414e-06 5.86041173111766e-08 1.0110752708677567e-07 4.4805866956420213e-07 3.631202153454886e-07 1.34088149848839e-07 7.644286894788544e-06 7.255135641920235e-07 1.690694131004674e-06 4.356266613751587e-07 3.5641128907792045e-06 1.7684325455929566e-07 0.0 0.0
0.0 4.3719750332085685e-06 3.47688978849461e-07 3.78920696848493e-05 0.0004978400969668484 0.0005052917405715746 2.806077986679216e-06 8.997272574528494e-05 0.0007751767949338538 1.0312763235661899e-05 1.3819172746762913e-06 0.0008359571991191208 1.7297227617037034e-07 2.0615525273247848e-06 0.0 0.0 1.5842782796254212e-07 2.442875402484248e-07 1.3918415698790318e-07 3.3442567654947126e-05 0.0 3.232794621357754e-05 6.941839696266863e-08 0.00014665946909869592 1.1870286709916122e-06 6.548890012436939e-07 4.884639895401727e-07 8.552690069224338e-06 7.570033254050083e-06 7.563192267845728e-08 8.005447712033471e-08 0.00023342662215715163 0.0 5.907983696805237e-05 0.0 0.00010651061843887774 1.1384107027156889e-06 7.488333019689317e-06 2.8653609793260756e-06 0.000737765607447331 5.871548513661567e-05 0.0 0.0 0.0 0.0 0.0 1.7569275268911906e-06 1.3115489246253618e-07 4.335226126321281e-07 1.3493786104946898e-06 0.0 3.6149615895176638e-06 1.6720085746690652e-06 6.714721610887606e-08 4.317618125721055e-06 0.0 0.0 1.1151132979752068e-06 1.3548594245297693e-06 0.0 5.899349092472656e-08 0.0 2.153319540642249e-06 5.598972406975866e-07 3.6685827679322183e-07 0.0 6.799425380246263e-06 0.0 0.0 8.569227681072929e-08 5.849313329044761e-06 1.54730910310389e-07 1.0162136190083027e-06 0.0 0.0 0.0 0.0 0.0 9.274630044223742e-06 0.0 8.076441046902845e-07 0.0 8.87829386035514e-06 0.0 0.0 0.0
2.3648615492802614e-06 0.00019914265426160615 2.8332871073126076e-06 4.467991103622151e-06 0.0 4.5737267145259594e-07 1.4763267473168745e-05 6.914089438565915e-07 7.801533432645515e-06 6.309037177457711e-07 1.049411055217437e-06 0.0 8.74303701002298e-06 1.095801754635219e-06 0.0 0.0 3.0453999718940887e-06 6.161717036685333e-08 3.065325015543418e-07 2.295899851157143e-07 0.0015810570430378596 0.001205189917080705 0.0028621800246866926 0.0008130339059030097 4.239901542534509e-05 4.66138078384905e-06 0.00248449072518743 0.0009982899673092224 9.558214741412554e-06 2.7023248620730364e-06 1.8821405618676353e-06 0.0 1.6478575512862478e-06 2.395419779749374e-05 7.244725031929237e-06 0.0006887411417647468 0.00028916989921432803 0.00011125748112174929 9.670076823286273e-05 1.5548371191871115e-05 1.4419956616712263e-06 8.676663091416598e-06 4.353666894679157e-06 1.7780245755288235e-06 1.090561182445778e-05 2.323056090501619e-05 6.288287053087721e-07 0.0 1.4516460134113354e-07 9.920951374154041e-06 1.4219958549510879e-06 2.339803614257376e-05 0.0 3.379451042012688e-07 1.3561342808811912e-07 0.0 2.828271464651151e-06 0.0 0.0011753075761970144 7.395653247924868e-06 0.0 1.4728863746377858e-06 0.0 0.0002513439701391992 0.0003962630969781481 0.0007221094269810072 0.00011475014971565692 3.050621593560067e-07 1.0538152815745765e-05 0.00015622034196224345 0.00014891197026842075 1.6967856419370857e-05 3.1535894377702895e-05 1.9963139174497965e-07 0.0 1.3564616164767056e-06 5.26812457771745e-06 1.4504948484732747e-06 6.842662066177028e-05 7.500037641326169e-06 1.6907121085951957e-05 1.3211708711657175e-05 3.021774288961591e-06 7.904555216127966e-08 1.6124710159600735e-06 1.059904153236783e-07
0.0001426296861140685 4.434951642794658e-05 0.0027550166302066433 1.0476591637778004e-06 0.0 6.558798381009133e-06 4.0540161867153085e-05 0.00016844781243098857 3.7862424304378215e-07 2.9522708524593547e-06 7.534985751183598e-05 7.896107547100245e-07 9.514643846515922e-08 0.0001964111099860053 1.5842782796254212e-07 3.0453999718940887e-06 0.0 0.00025597261024526814 0.002377130608791421 1.4147997644749657e-06 0.00041174096064071933 2.1104043732947935e-06 0.0013231537147724282 3.5226545713318898e-06 3.517385223946483e-06 0.0013484313455291354 0.0024916959235564222 9.044946010729483e-06 0.00017638670129131582 0.0006477066898165861 2.189632117441978e-07 3.7901661888136246e-06 1.8190468194979812e-05 0.001990885368781825 7.264979811003104e-06 0.0004836531624862143 0.0007412656014787071 0.001275086172998851 0.00016562040792217854 9.319426357910447e-06 1.8147937103203494e-06 3.382167545541354e-06 1.4871548425077827e-06 8.887999733196091e-08 1.6648458179806125e-05 1.4452728736044697e-05 2.681154480511011e-07 0.0 0.0 3.536266813268353e-07 0.0 1.586597121191987e-07 0.0 6.305768534485081e-08 0.0 0.0 0.0 0.0 9.143436288615786e-07 6.13897502172158e-06 6.019019844204218e-07 4.260195677720937e-06 0.0 0.0 2.1772144161343207e-06 2.317207732629559e-07 1.073421198343789e-06 8.032340586123299e-07 5.159277882638335e-05 9.628490479732025e-05 1.0408057775539485e-06 5.499956707380925e-07 2.4372223695676297e-07 4.15663561746376e-07 0.0 0.0 1.0253380560726367e-07 1.8891846288631297e-06 8.623755859428257e-06 1.644885882009054e-05 2.1243301369125202e-06 4.0741106978394914e-07 0.0 0.0 0.0 1.336131624702662e-07
9.488213673546817e-06 4.635412401907493e-06 0.00010035931963963095 9.195312682985016e-07 7.595637468708681e-07 1.2077718664647308e-05 7.341863699564485e-06 4.1900364938966655e-05 1.0485265313277304e-06 8.183047459874875e-06 0.0012740628926092732 1.1913979524794755e-05 5.504638259171938e-06 2.2985719545985204e-05 2.442875402484248e-07 6.161717036685333e-08 0.00025597261024526814 0.0 0.0009984782560526393 5.053098223190097e-06 2.563471854404425e-06 1.4713798074807885e-06 2.033116901206734e-05 1.5481581604459117e-06 7.031019542213591e-05 0.0007916863421308894 0.00027611348627206074 3.4079894891574174e-06 4.6260362403844456e-05 1.0268674313563668e-05 4.129445922985858e-06 3.50530603667044e-05 2.2610513867512825e-06 0.0010156713238255138 1.7659731867237503e-06 0.000300885897530488 0.0004952003594778036 0.0006875268397465464 0.00016542139722481274 8.37712523013084e-06 2.1648297382075532e-06 4.017005726092166e-06 1.5561247098005837e-06 0.0 3.442985442829698e-06 2.73325422691339e-07 6.919948705096455e-08 0.0 0.0 0.0 0.0 3.20382337398685e-07 0.0 1.5937158678330837e-05 0.0 3.1609458368252556e-05 0.0 0.0 0.0 1.816294995686605e-07 1.375993835742533e-05 8.0538411202359e-06 0.0 5.221552867268e-08 2.1070795699892097e-07 0.0 1.2869954233707315e-07 2.06762923732523e-05 7.058733645921474e-05 9.837467282956069e-05 1.0302890171120755e-07 7.624610555767926e-08 0.0 4.647525450066836e-05 0.0 7.402125819744782e-08 2.0828579818820701e-07 4.933638553485497e-07 5.923308107864619e-06 1.2258121317988094e-05 1.052174211855719e-06 3.1632341393486085e-07 0.0 1.97150732361722e-07 4.4051467430338696e-07 0.0
4.259035623664486e-05 4.147380215824781e-05 0.0005421865676379746 1.4637476848642792e-06 1.693351104688754e-07 9.573835729626778e-06 1.5239552926303308e-05 7.597127418539414e-05 5.161971017357867e-07 6.992675575151175e-06 0.0005630980630501662 7.88100059088693e-06 2.466317262847237e-06 6.94330051309417e-05 1.3918415698790318e-07 3.065325015543418e-07 0.002377130608791421 0.0009984782560526393 0.0 4.0351534525738064e-06 1.3027550420694233e-05 1.613688558110411e-06 0.00012057915167733437 1.185656803041605e-06 4.055614908932018e-05 0.002063370850148911 0.0005913541721411698 2.9359110554818797e-06 9.025269222892085e-05 5.3530991046709085e-05 1.7688349476236714e-06 1.537847286915799e-05 8.973214563209792e-06 0.002572374622723359 4.427041499173063e-06 0.000597223296822641 0.0007084084435276394 0.0013017754803457038 0.000236155022943843 1.0916567699438948e-05 2.8490035659259606e-06 1.3141046190239372e-05 1.120452917554987e-06 0.0 2.400496537334361e-05 6.126744593753383e-07 6.510928996872252e-08 0.0 0.0 3.250269437406057e-07 1.310453779172501e-07 2.346359642163081e-07 0.0 1.0430483392277476e-06 0.0 6.353352485233005e-06 0.0 0.0 1.9926997099320625e-07 9.980596762652503e-07 7.522569560197229e-06 1.3879060723847265e-05 0.0 6.23267180093923e-08 0.0 0.0 3.7562243613947135e-07 1.2467191020598054e-05 0.0001106401673107367 0.000166335610602006 4.470902545858381e-07 0.0 0.0 9.003089920975646e-06 0.0 0.0 4.3688356505527694e-07 2.993570561084973e-06 7.896496384408883e-06 2.592190980505157e-05 1.3129814437847585e-06 2.2473288285207848e-07 2.7568338742994963e-07 0.0 1.504303733604992e-07 0.0
9.553677509813524e-06 3.419481111070971e-07 2.9262625212195087e-06 0.002760307789694935 1.2811791370737833e-06 0.0003847716738007739 3.4446713240737984e-05 0.00031712344024277625 0.0008169869727243726 0.00414265451364246 1.7317118927649484e-05 0.003323134404023919 3.981992258543505e-07 0.00014636344663481184 3.3442567654947126e-05 2.295899851157143e-07 1.4147997644749657e-06 5.053098223190097e-06 4.0351534525738064e-06 0.0 2.105601026117865e-06 1.7102296276893721e-06 1.4260139542353866e-06 0.0009176770018861857 3.423345485867163e-07 8.095812737650645e-06 4.370999061206526e-06 0.0008999870407161957 0.000267053922675219 1.6451939956783195e-06 3.3330672766381374e-07 2.853673521071392e-05 1.421788884595073e-06 0.00017180969195196915 1.1608536756889222e-05 0.0006073262176920053 1.2518537962846017e-05 0.00021159714507822434 7.34778607455599e-05 0.0002721232705578609 6.837921894363742e-05 3.090971527865727e-06 1.5652317158720224e-05 3.69938763419324e-07 0.0 7.221039488701655e-08 0.0001075789228604561 1.2127607537411734e-06 1.7662739736012423e-05 6.35247262665426e-05 3.863845885792491e-06 7.113037379048402e-05 8.299426956610483e-05 6.922671725542314e-07 0.00012342174599875715 0.0 3.96132941644269e-06 2.2249268731218762e-05 1.2134935791835292e-06 1.1766769082753185e-07 5.8624031016581804e-08 5.829914942230521e-08 8.892610573456091e-05 5.980880872920664e-07 5.245937026185589e-07 5.230617449454472e-07 0.0001549653922738389 8.064124344268628e-08 1.61215226666028e-07 5.36399642544904e-07 0.0001256430251490967 3.901576837386869e-06 3.198125692332486e-06 0.0 1.0715715477290322e-07 6.853439312620443e-08 8.205827043268164e-07 9.918924569569159e-08 6.181897585201241e-05 5.557086668769989e-07 4.78604703701337e-06 1.9370806982320075e-06 9.316081651192179e-05 7.411035198541735e-07 1.619038367483408e-07 7.571871739771791e-08
3.905932408429409e-05 2.8114716175802702e-05 0.0008837947863773452 9.374989176774222e-06 0.0 1.0498128830226969e-05 0.0003730577527614494 5.704949434720608e-05 1.056853023616212e-05 8.598221646102974e-06 2.341389877948599e-06 1.1120367280000857e-07 3.1178951446862864e-06 5.0911258911619006e-05 0.0 0.0015810570430378596 0.00041174096064071933 2.563471854404425e-06 1.3027550420694233e-05 2.105601026117865e-06 0.0 0.00015343508328868438 0.0052553965398108625 0.0004983279376942466 8.649361341716632e-06 2.4839253983362733e-05 0.0005581322327080117 0.0019234922997832756 6.228632911984846e-05 0.004711126574944549 5.532910747838194e-07 1.1689936362555347e-06 2.8590916091013336e-05 0.001919838700404739 9.418037979386413e-05 0.004438432924828242 0.0004050011646790032 0.0033266076835486327 0.0013728633168146069 0.00014883319431511062 8.151360637487025e-06 4.8620446221278584e-06 2.660293700187212e-05 2.903809387706053e-06 9.167722612517156e-07 6.538961058423902e-06 4.377711875955525e-07 0.0 1.311258724081685e-07 7.4598125360503365e-06 2.915527628237185e-06 2.1214891055515283e-05 0.0 9.773960811706781e-08 0.0 0.0 3.990486705276938e-06 8.228321946266255e-08 0.0003349714541008639 3.257778258649137e-06 2.184511380687796e-07 5.783669261826258e-07 0.0 0.00018971211340919236 5.2385893927363665e-05 6.491389135532373e-05 0.0001282254569258426 0.0 2.676550405818666e-06 2.136166181420933e-05 0.0001592754277903459 1.663650606158091e-05 4.422521149260683e-05 6.690225478006272e-08 0.0 3.1522089781073413e-06 4.377317448074526e-06 3.2906918378807064e-06 6.733808338461255e-05 1.927569000270421e-06 6.528759374405799e-06 5.411742670729129e-06 3.278835669478704e-06 8.241096024892681e-07 0.0 2.3445225540844605e-07
3.0011987670505005e-07 0.0015945836846277572 5.2386468699958114e-05 2.0627956831807526e-05 1.2002876288426565e-06 3.1208401574427544e-07 1.3325954928865476e-05 1.1787647053545257e-06 0.0019111173262775331 6.662261998475958e-07 1.1323981011952507e-05 6.987931061705899e-06 8.976956406961419e-05 2.875605367299486e-07 3.232794621357754e-05 0.001205189917080705 2.1104043732947935e-06 1.4713798074807885e-06 1.613688558110411e-06 1.7102296276893721e-06 0.00015343508328868438 0.0 0.0003290068841995054 0.003201996155516582 0.0004901569737310472 3.164420308203656e-05 0.0018514039706177677 0.00022447638062630688 1.5954362494634548e-06 1.3265590702189995e-05 1.107508351390943e-05 1.4597366875570707e-07 2.2848948203101314e-07 6.135523466272614e-06 8.350022476637176e-07 4.144890680866187e-05 3.319963549804437e-05 1.9016295760851874e-05 6.314005533194661e-06 3.322901930256899e-05 2.524089029526802e-07 2.3503361144356626e-05 6.214400488680043e-07 5.473541686379725e-07 3.0370897458959286e-05 9.675337804315146e-05 3.7074199106936355e-07 0.0 2.2831269101471863e-07 4.6191262032982545e-06 1.2833752623268172e-06 1.974258742220444e-05 3.66680711114285e-07 9.82689600197412e-07 1.121246925094417e-07 1.544121978476998e-06 1.1783741724556228e-06 2.241065762316441e-07 0.0007503386905823553 9.335052749802888e-06 1.4368715716570757e-07 1.9696513131846865e-06 1.6260585445330823e-07 0.00014485123073533653 0.0001896334907578271 0.00042366952842820755 0.00010569539450400794 1.8321057302017986e-06 1.5960250293669545e-05 0.0005987399739121803 8.916131976504215e-05 7.56399067958605e-06 1.437712824408407e-05 6.031175221988878e-07 0.0 5.273932304804784e-07 4.287601708930436e-06 8.116727513044054e-07 4.30562090479495e-05 1.721902097576233e-05 2.0860575233218453e-05 2.0542260600425263e-05 2.222533134137413e-06 0.0 3.102238719719098e-07 6.083454332587657e-07
3.0385528609793614e-05 3.761205913482689e-05 0.0028319923711838373 2.9764877330012067e-06 0.0 5.506714317132643e-06 0.00017507179318569866 4.583778478570456e-05 1.7844685498376313e-06 3.2703732006024546e-06 7.088318098363161e-06 7.052461954959139e-07 3.3396039829407224e-06 3.817713102988201e-05 6.941839696266863e-08 0.0028621800246866926 0.0013231537147724282 2.033116901206734e-05 0.00012057915167733437 1.4260139542353866e-06 0.0052553965398108625 0.0003290068841995054 0.0 0.00019416381020462498 1.0159285789096122e-05 0.00024932679594360206 0.007561109130470655 0.0010759833617821556 4.601719137186099e-05 0.0014307396732219288 2.762420275394438e-07 1.6371625913505491e-06 1.3184123164569082e-05 0.0020977585308432673 0.00012178222147726197 0.007843311534120854 0.004694994475630123 0.0060281094127875145 0.00230653174343981 0.00023570580241032873 1.2451597657503718e-05 1.4753834606611142e-05 3.61018074547791e-05 5.049059928504886e-07 1.3596270716767764e-05 0.00021118655593057304 0.0 0.0 1.4821483820363866e-07 7.412986584572033e-06 8.715606904682131e-07 3.7256121965288697e-06 2.091026230636457e-07 6.309862328602248e-08 2.0220497814198075e-07 1.475989001447237e-07 7.041570469070043e-07 0.0 0.0008891253420791782 1.155425699604988e-05 1.488021679170028e-07 2.2352232729201877e-06 0.0 0.0001236299854417829 0.0002868758025881993 0.0006157378536986367 3.2181379483688365e-05 2.1653049476921978e-07 1.805536233343901e-05 0.0007726993337101024 5.0823786579235235e-05 3.7009011462279117e-06 8.265910684967737e-06 1.712709544913315e-07 0.0 4.901254025500819e-07 4.9794259857249245e-06 1.5737095620725813e-05 9.624663000004761e-05 2.1240676048265034e-05 3.189792373261755e-05 2.6639755438794467e-05 8.185723810959449e-06 0.0 4.661552276822938e-07 4.840809212241653e-07
