0.0 2.3793464939640458e-07 5.641835642204121e-06 1.7256544338658738e-05 1.3181469736468724e-07 9.802619452214323e-06 0.0010795647974538231 0.0002645103429992074 1.3240663846939583e-05 8.38760435941454e-05 9.461606023385716e-06 2.293814543568012e-06 5.753841745720782e-07 0.002130395398547462 1.1088117774380413e-07 4.662870518655485e-07 1.4207919142859444e-05 3.2564252033633732e-06 1.2060501311843018e-05 1.9544463319889925e-05 1.307005719304857e-05 3.7116688866836055e-07 1.4230380406719858e-05 8.163668904420798e-05 0.0 1.711607442981086e-05 1.6110401866772908e-05 0.00021698487358604897 0.0023468768543844338 0.0012771474269457736 1.1588014759652616e-07 2.657729018006819e-06 5.008827517137718e-05 0.00011112355477732881 9.589112228722507e-07 0.00012686465144815047 2.1468202086551046e-06 0.0001226027871196673 3.416366472654721e-05 9.788393313972718e-06 5.321936705230509e-06 7.546850694769147e-07 1.7024023095141613e-06 1.028011947864974e-06 6.059207662339259e-08 2.1155951351857216e-07 1.5074612404278516e-06 0.0 1.0510874010302024e-06 4.373951237433044e-06 7.481063591343092e-07 4.27367056005063e-06 2.5473920395912583e-07 1.593544206181534e-07 1.0930955697832108e-06 0.0 1.087176953446712e-06 5.5826075255128005e-08 1.8867318742696985e-06 4.797860243756815e-07 7.57975588991636e-08 2.731672228793218e-07 3.744910004147718e-07 2.6180479281869257e-06 2.792995239554798e-07 2.0435828604346908e-07 1.3139642528860835e-05 0.0 1.025799983684448e-06 1.3412978577839433e-06 9.363654069802517e-06 7.438109336269896e-07 3.1999466670201006e-06 0.0 0.0 3.3638670141477007e-07 3.8978525001493146e-08 0.0 6.653817575229648e-06 6.901755390939728e-08 2.0749645990832075e-06 2.6311587492611205e-07 1.2818639997625045e-06 6.543993983549527e-07 0.0 2.990943489805477e-07
2.3793464939640458e-07 0.0 3.5355860817402354e-05 8.601244350583693e-08 1.6320469361065068e-07 4.3073971754530795e-08 5.74018521721639e-07 3.74304760912822e-07 0.00021460001100220515 3.9196301576592376e-08 2.6166896901710785e-05 1.6518018777490994e-06 0.0006654253087017933 2.1140456713210328e-07 3.40032129806397e-06 4.868014742789838e-05 3.0103494655278214e-05 8.20205178237882e-06 9.482584281885945e-05 8.764293088710247e-08 4.45971524701677e-06 0.0009399197780796932 4.899404315066945e-06 0.0003283859519198623 0.0011614650261200345 0.0003324564570655494 0.0035864055634581074 1.0964738889235685e-05 1.6267829912624824e-06 3.48358159966624e-06 2.2034762212451673e-05 1.4421376085197245e-07 1.600207688117624e-07 2.0856310448987286e-05 1.883768298690414e-07 6.492372331307601e-05 7.958718744176162e-05 6.42120123183847e-05 4.8680319044725536e-05 9.23763104207482e-06 2.4708532411905763e-07 0.0001682723495453445 1.7919881784146578e-06 0.0 6.99991969969329e-05 3.7853876630683515e-05 0.0 0.0 5.131906452263032e-08 5.390315285953765e-08 0.0 1.750178299193893e-07 0.0 2.3139787833408096e-06 0.0 1.0781244288082319e-05 0.0 0.0 8.108786817449906e-07 6.779032710894094e-05 4.7695618010652485e-06 4.657204465779085e-05 0.0 7.744294211388962e-07 0.00011182624467947907 1.006941133303838e-05 1.2975269359337169e-06 1.0388555616535038e-05 0.00029106882849341153 0.0005459051060771946 2.643010545467664e-07 0.0 3.2172012162877316e-07 5.529490622344624e-07 0.0 0.0 5.27900123120146e-06 1.5332769813717537e-06 3.25011501537835e-05 3.559487696441029e-05 2.2384773539361174e-05 1.619540913075785e-05 5.564783608617457e-07 0.0 5.135472167116834e-06 3.176065074220869e-07
5.641835642204121e-06 3.5355860817402354e-05 0.0 0.0 0.0 5.394959463733559e-07 6.677745913644864e-05 6.264855796932167e-06 3.6213623742229393e-07 4.434478088647061e-07 1.7387293569387778e-05 7.16210183993109e-08 7.206965396430047e-07 7.93241807933371e-06 0.0 1.0142982290296907e-05 0.004844150986682013 3.434069174377231e-05 0.00032049570232643314 7.435833433002246e-08 0.00014942715098781304 6.388984752106745e-06 0.003375550112170105 1.1262680127940005e-05 2.276016523148815e-07 0.0037370313861565217 0.005356778342892509 6.713439319467296e-05 1.4489431891443403e-05 9.588290286915344e-05 5.300335676768923e-07 3.274811265260911e-07 1.6322104616709856e-06 9.737418298884048e-05 3.1197886383243283e-06 0.00037137218935178856 0.0002648354672543942 0.0003904202861826439 0.0003011216199626276 6.16832074579144e-06 1.2634861695881155e-06 1.039008997720225e-06 3.636969226004689e-06 5.091134102828538e-08 7.995837808673206e-05 0.0010908883011076797 1.9761711467893818e-07 0.0 0.0 3.256224278349044e-07 5.5375367158854444e-08 8.836216503728677e-07 0.0 1.7796039409002283e-06 0.0 0.0 5.4978141236912766e-08 5.54919123905003e-08 1.4002629160301903e-05 0.00021281886206630116 9.134122305733484e-07 1.1890685775707752e-05 0.0 2.340943927143644e-06 0.00030154507453495613 0.000128421163209223 4.891721012453521e-06 7.531344043055255e-07 0.0003100427254847985 0.0015913990016084127 8.389241588159379e-07 6.495004030940583e-08 2.480826138271714e-06 0.0 0.0 5.488267616562452e-08 2.9372213139852724e-05 1.848645129132846e-06 9.832560560210409e-05 8.74732053232946e-05 5.028864619110831e-05 4.279848192157929e-05 4.077795665365142e-06 0.0 0.0 8.176920054381525e-07
1.7256544338658738e-05 8.601244350583693e-08 0.0 0.0 4.85895737189531e-07 0.00012875219552588082 6.190066761991755e-05 0.0001751699980013428 0.0005402589743515367 0.003256717155474582 3.007720979852305e-06 0.0010889905587510979 2.815925227415675e-07 6.541747953268022e-05 6.534412856609749e-06 1.0803062849161335e-07 4.64194501267438e-07 3.8357080913104644e-07 6.611754852367094e-07 0.003919021536340755 1.0392518686682273e-07 0.0 4.033802383492711e-07 0.0034079570329462435 0.0 8.309616429545577e-07 7.866371109242076e-07 0.002353796635752056 0.00013468813477339142 7.648529234806907e-06 2.2502307520348582e-07 2.2100405262570794e-06 7.990349993487229e-06 3.8803911272666356e-05 3.324415377604041e-06 0.00034681396137006517 2.871147304143144e-06 0.00010216118592243383 1.9087022143514506e-05 0.00010172220798359477 1.1121020633448127e-05 7.998580677967571e-07 3.5329289798302014e-06 5.955773573348167e-06 0.0 0.0 0.0002515958866201625 1.1440198220862867e-07 1.2866627986518727e-05 0.00011663227888016567 1.5765150031997502e-05 8.841496333173988e-05 6.514039908833728e-05 6.456059515855879e-07 7.868783206313774e-05 1.9937067870397505e-07 1.9870253694097967e-05 9.285864485649988e-06 5.443720502730203e-07 0.0 0.0 0.0 8.542216055552701e-05 2.5434207414172025e-07 0.0 8.60748005644435e-08 0.0001541867184124333 4.4953488166765067e-08 4.3514681282723104e-08 2.2349028547580837e-07 9.274293693192838e-05 8.733044935366887e-06 5.099093510077807e-06 0.0 0.0 6.757199087646845e-07 5.376300668251593e-06 5.369044099349018e-07 7.772763448105e-05 5.105540209751111e-07 2.709496842660703e-05 1.890170402162649e-06 9.230563155947207e-05 6.1128153381062735e-06 1.4202499113159826e-07 1.3492230407293827e-06
1.3181469736468724e-07 1.6320469361065068e-07 0.0 4.85895737189531e-07 0.0 0.00045578985656911334 7.9001597638189e-07 2.2953241499245235e-05 3.410408443847973e-05 1.1084638272688136e-06 9.090711258407614e-07 5.489699161270263e-05 6.809566375433552e-07 7.511682977062774e-07 0.00044579541699456987 0.0 6.343662303840632e-08 1.234017173647021e-07 3.3569805327246075e-07 1.8525229323786034e-06 4.206580190403366e-08 1.177509961188711e-06 5.030271839390924e-08 1.204737407537479e-06 0.0 2.3338696426717256e-07 5.846932924077824e-07 1.2622942367756368e-06 6.0839953486648826e-05 7.348210159189102e-07 0.0 0.0001654602378568106 1.0535722207739894e-07 4.4700741268980255e-05 0.0 1.6643936323097682e-05 2.4061014423611464e-07 2.8686616216763288e-05 1.2723057183494812e-05 0.001042596764975925 7.766153199949979e-05 3.177802555521425e-06 1.7999320389070523e-06 5.4733492354992556e-08 0.0 0.0 8.166192496430769e-07 0.0 0.0 1.339237446760497e-07 2.546006101291049e-07 2.5107814970919703e-07 5.7819220495970766e-08 0.0 1.3126596264160594e-07 0.0 0.0 0.0 0.0 0.0 0.0 0.0 6.5414328715894e-08 5.996039629301244e-08 0.0 0.0 2.4969499844053377e-07 0.0 0.0 0.0 4.731571474652388e-07 0.0 0.0 0.0 0.0 0.0 0.0 0.0 1.5852024803024e-07 0.0 0.0 2.0241518169530068e-07 2.3914058390052515e-07 0.0 0.0 0.0
9.802619452214323e-06 4.3073971754530795e-08 5.394959463733559e-07 0.00012875219552588082 0.00045578985656911334 0.0 0.00015243545704653655 0.0034534111682792005 2.431794175412984e-05 0.004215458483860821 3.1269787457653414e-05 0.0025185842809564915 4.689636434058685e-06 0.0002705257467203956 0.0005876208011559807 8.178961388654554e-08 1.5748806572213608e-06 4.22324857223111e-06 6.28238598140195e-06 0.00046251696765150217 4.2519567972718913e-07 4.024868321001739e-08 7.021615859447718e-07 5.575188870765626e-05 1.3110303218598534e-07 4.940854371511947e-06 6.260510578186172e-06 0.00021989188486678079 0.00028563284034726776 1.2188988794393675e-05 7.681867366103865e-07 0.0001478778729375488 1.2193440476635852e-06 0.00029394654140256526 1.7190155606051467e-06 0.00038347234296275026 7.3208060431323805e-06 0.0003248766152692667 6.260619802839598e-05 0.0012759790424281706 0.00040190540462841507 1.658657669667124e-05 1.430375726238612e-05 1.426211941028495e-06 4.283912183896305e-08 0.0 2.3781321676857604e-05 0.0 2.009164251712811e-06 1.5950565075310164e-05 2.0875411676486437e-06 8.611596387452345e-06 6.5386538056304185e-06 3.902838107775192e-08 1.5110921522293028e-05 1.0573397773315434e-07 1.98719757136572e-06 1.6305145049226755e-06 1.26136323147496e-06 0.0 1.8579848562632937e-07 1.5455554410589075e-07 7.743034894511373e-06 9.586461111168009e-07 3.803120041132339e-08 3.0556786181942245e-07 2.0215825335198834e-05 0.0 4.937246529604383e-07 4.301448304669355e-07 1.5816609202148436e-05 1.8664458552643669e-06 2.2029544098382374e-06 0.0 0.0 9.042658398952078e-08 4.7476371960233216e-07 0.0 1.62763293756183e-05 6.474461316719366e-08 3.973921554362921e-06 4.35868509840969e-07 1.941489323637374e-05 5.924115844649981e-07 0.0 5.015764120403075e-08
0.0010795647974538231 5.74018521721639e-07 6.677745913644864e-05 6.190066761991755e-05 7.9001597638189e-07 0.00015243545704653655 0.0 0.0030088156286543597 0.00011829017881990176 0.006238806784123968 1.4673236714342926e-05 1.3641885675361061e-05 1.2776878288954828e-06 0.004464927233292663 4.082579967254875e-06 3.139025284507481e-06 5.1296282275163826e-05 5.073280138480351e-06 2.564689569025224e-05 3.93669045175216e-05 4.491122271138364e-05 1.9775180112030155e-06 8.624684234552372e-05 0.0007329681567500269 1.4985069848953165e-07 7.448272117432699e-05 3.8947122574495074e-05 0.008149006075386002 0.0010160030408924636 0.004265221012647993 2.1565929976104686e-07 7.0061604111217496e-06 7.842055407448117e-05 0.00020951101244751384 7.9059606927583e-06 0.000807175959508644 1.2180488069104079e-05 0.0004098595002853215 0.00012062884663308707 6.62301840490614e-05 3.215921132698427e-05 2.387133611654412e-06 1.0964783186034167e-05 7.737222558702801e-06 2.222987296888175e-07 1.5477607444558167e-06 2.2998243028591052e-05 5.348676369310042e-07 3.98241372819697e-06 5.575213587743407e-05 1.1667519125953542e-05 3.0854562486780996e-05 6.443233057014981e-06 7.869285885894998e-07 8.082666950005233e-06 0.0 1.5863171772259218e-05 3.0730824843403065e-07 6.704302260169978e-06 4.950086908817704e-07 9.068928573891187e-08 2.11781481729976e-07 7.552312430141098e-06 1.0321711256018514e-05 7.900525663358406e-07 1.7251295944267915e-06 9.269901401890615e-05 0.0 1.7484177454120203e-06 4.361247489299411e-06 7.152944490378775e-05 2.212503689952558e-05 2.0944081989921642e-05 0.0 2.0270317002666737e-07 1.9280678509340383e-06 3.7147133822822744e-06 1.3161661667499313e-06 6.228856404986185e-05 2.0150508689351215e-06 2.0350989501122146e-05 3.630535130810922e-06 2.8017031340661386e-05 5.55381040007981e-06 3.072816570481613e-07 5.968420590234883e-07
0.0002645103429992074 3.74304760912822e-07 6.264855796932167e-06 0.0001751699980013428 2.2953241499245235e-05 0.0034534111682792005 0.0030088156286543597 0.0 7.062944273054696e-05 0.002906405499448381 5.6201633708954885e-05 0.0005836888551742997 5.288158771853951e-06 0.0038888618058888613 9.265048892024191e-05 7.12727680882243e-07 1.3355082133652388e-05 6.9502575797610775e-06 1.4544696699574312e-05 0.0005348619963469386 6.607138807342078e-06 6.963742964568339e-07 9.441480968389346e-06 0.00031153395639157045 2.532609239850507e-07 2.041328158197335e-05 1.784086448857169e-05 0.0005106508275529853 0.000427878502877838 0.00042430231849382625 1.505400341489068e-06 0.00014630685650695937 1.9921719428927975e-05 0.0002756491405876997 2.5348032213937996e-06 0.00033389568426093173 1.2319013169596437e-05 0.0004344769018961606 0.00012279945069992453 0.0008328558764402709 0.0002279659150444366 2.9224860081821732e-05 2.4634356469199927e-05 8.442817797083482e-06 5.2826161072218e-08 3.152580119627378e-07 3.27839165342921e-05 0.0 5.529720071924528e-06 6.346201787474911e-05 1.2968540718525609e-05 2.571098061970577e-05 9.490477415447133e-06 3.699565074812818e-07 1.1212003670094245e-05 4.407691499679618e-08 1.540820976024527e-05 7.465832094308669e-07 3.862295444485616e-06 2.8070379234778374e-07 1.1499342430901529e-07 3.7251014176923485e-07 1.0026817144698622e-05 3.5570338604300433e-06 1.825127195898164e-07 3.031624835636953e-07 8.023379716826337e-05 0.0 1.8474827817321685e-06 1.3417025872523565e-06 5.906334013409521e-05 1.3428233273030335e-05 1.5485804455487598e-05 0.0 0.0 4.59446323594289e-07 4.4946390588032135e-06 6.886768849582471e-07 5.176999144893254e-05 7.764085979550515e-07 1.4922700514840261e-05 3.2003301721713516e-06 1.8539546182861545e-05 4.16481215731541e-06 3.569105717542582e-07 1.0612204563207269e-06
1.3240663846939583e-05 0.00021460001100220515 3.6213623742229393e-07 0.0005402589743515367 3.410408443847973e-05 2.431794175412984e-05 0.00011829017881990176 7.062944273054696e-05 0.0 0.00013252502562025048 1.4267018021127697e-05 0.0001097088854937849 4.076491457689116e-05 2.881551822959688e-05 0.0003224767644289693 5.5524572456242923e-05 1.8013882074451716e-06 2.007518317375534e-06 8.156998796446576e-06 0.00013715802353902844 3.0061043659000886e-05 0.0014820965266694605 8.464112510817929e-06 0.00456365705661207 7.15107829109818e-05 1.5408708365363798e-05 0.0003134732884666664 0.0007100435495344709 7.824074662180743e-05 5.861878189276093e-05 5.761147638428341e-06 1.3990012649212739e-05 8.884030040711394e-06 1.9487812505076734e-05 1.0556548652122266e-06 0.00011488088132490041 0.00010744475097693394 8.75991780033344e-05 1.996231456899059e-05 0.0004634226920736379 1.159805983863301e-05 3.4889288893210207e-06 7.510580916776852e-07 1.1300774539261773e-05 1.3784774204560837e-06 1.8552657632311553e-07 0.0002466570038812606 5.824907021158532e-08 1.1533593085857611e-05 0.00010771929922938947 1.8450693658105295e-05 5.945330796424707e-05 4.441705830994037e-05 9.5837154784986e-07 3.4199391118403495e-05 6.595562199081964e-07 2.7662374479419598e-05 6.477619256330229e-06 0.0001629235031523248 1.0370213637048935e-06 7.837014093567164e-07 1.968357655796516e-06 5.472679310368742e-05 5.907615065806476e-05 2.1036254885740054e-05 3.057043429021074e-05 0.00040841291225131125 5.895898333066781e-08 4.24108694177015e-06 1.2866681195164766e-05 0.00018188382088695073 2.7694114573401537e-05 4.7752786152487096e-05 8.659012602408581e-08 4.4984655607083424e-08 2.454727546892797e-06 4.372181890086119e-06 1.893312181426135e-06 7.957862502290438e-05 1.039023879138005e-06 2.0694580050708788e-05 5.2290414396666026e-06 5.367510832794988e-05 3.2493951787266508e-06 1.3893701192667867e-07 1.3130636092261533e-06
8.38760435941454e-05 3.9196301576592376e-08 4.434478088647061e-07 0.003256717155474582 1.1084638272688136e-06 0.004215458483860821 0.006238806784123968 0.002906405499448381 0.00013252502562025048 0.0 1.9690632109445197e-05 0.002571368659104963 2.5690674049115028e-06 0.0007528446618187212 2.5176478856439975e-05 9.319105684433325e-08 1.1738650598935017e-06 3.0063451251357277e-06 5.306105238666284e-06 0.0027126999871728945 1.3517366105147728e-06 2.465586379943515e-07 1.353712449546463e-06 0.00046137591763330835 2.902273489741223e-07 4.596812060375459e-06 5.385540637025418e-06 0.005080821443000824 0.0006288153811440122 1.5765005710706768e-05 4.898451641889709e-07 1.289623436943865e-05 7.515187854048909e-06 0.0001665774604740745 4.342123603307715e-06 0.0005486194381867198 1.2618344231442023e-05 0.00034676800246581245 4.132959428817177e-05 0.00016014182996598833 5.150574838977698e-05 5.472049114853441e-06 1.2339878303447238e-05 1.0153202087323906e-05 1.1414156848646203e-07 0.0 0.00012417876357559443 7.502745846619309e-08 7.932585685644644e-06 0.00011320063504754373 1.5841945865676276e-05 4.468458621105037e-05 3.510591046181678e-05 1.1527333985935073e-06 8.334836965896505e-05 1.82416241724571e-07 2.2855239308863955e-05 6.588704482485788e-06 1.5457245111158525e-07 9.27673652116848e-08 7.972105245917351e-08 3.491363579460254e-08 4.2828756447260215e-05 1.6639967930237677e-06 4.449752019530495e-08 6.23808422614665e-07 0.00012407788191219193 0.0 4.5267953297823454e-07 4.0628123509025045e-07 7.800861686196623e-05 1.3750991005764604e-05 7.57021596594826e-06 0.0 1.809910779883249e-07 5.150192336270682e-07 2.763076574185685e-06 4.602780011605925e-07 6.491469762599888e-05 4.819848739833598e-07 1.996602987055481e-05 3.7879603157047303e-06 5.0494644593468284e-05 7.114147458054413e-06 2.791990060033904e-07 1.657162884478242e-06
9.461606023385716e-06 2.6166896901710785e-05 1.7387293569387778e-05 3.007720979852305e-06 9.090711258407614e-07 3.1269787457653414e-05 1.4673236714342926e-05 5.6201633708954885e-05 1.4267018021127697e-05 1.9690632109445197e-05 0.0 1.6645578184081156e-05 0.001541147321890346 5.722875187539344e-05 2.119496720607832e-07 5.74686352142901e-07 0.00036217086084826386 0.0021444274650964023 0.001303239227056988 1.3560095590192653e-05 2.812131328974413e-05 7.981672633604797e-06 6.623116757179472e-05 9.409582187336684e-06 0.0002903940278393198 0.002275753087755877 0.0012057539760816675 1.4177443104447985e-05 0.00016166534051054494 8.524353490587801e-05 0.0004526771678419051 5.933582377280198e-05 4.094246451737875e-06 0.0029354188444668805 7.397282355102967e-06 0.0004162608280590339 0.002840077633748985 0.003527266458156038 0.000758732913793976 1.5484296434855933e-05 6.381319517146108e-06 0.0009016916209507959 1.0348090890327899e-05 0.0 2.7441177288834414e-05 4.802525786314243e-07 1.6748230651183942e-07 0.0 2.144948713275305e-07 6.978375915159363e-07 1.4757259590653726e-07 1.553837186618539e-06 8.387379230103162e-08 0.00013374870011798027 5.084117732428596e-08 0.0007555328856044353 4.294729747441431e-07 0.0 8.96665774899019e-07 5.332320401151144e-06 0.00010245199227536355 3.927460360861296e-05 0.0 5.053606390385439e-07 3.954706295135376e-06 1.0474340721064433e-06 2.642019016487223e-06 0.00011311626595833801 0.00018463026936559095 0.0002510933635414784 1.920332515106981e-06 2.639441888336525e-07 7.686467150980644e-07 9.057746627410061e-05 0.0 1.4535837696574187e-07 5.5604256486277726e-06 1.1740438180269497e-06 5.380902800296845e-06 0.0003034001786577502 1.5538674369998035e-05 3.253828861698115e-06 3.51195619411367e-07 1.3703848899426925e-07 8.064837082390938e-05 7.095197558236313e-08
2.293814543568012e-06 1.6518018777490994e-06 7.16210183993109e-08 0.0010889905587510979 5.489699161270263e-05 0.0025185842809564915 1.3641885675361061e-05 0.0005836888551742997 0.0001097088854937849 0.002571368659104963 1.6645578184081156e-05 0.0 1.565639821658546e-06 0.00014428843270332536 0.0006080663474665982 1.5847552985033352e-07 4.313052631695477e-07 2.321045150277486e-06 2.263147223862789e-06 0.0037236035654233013 1.243325045820084e-07 5.99602603050939e-06 2.0233490483704237e-07 0.00068343391642254 2.701304599994794e-07 3.3897841047175623e-06 5.290294815299132e-06 0.00018027931601572171 0.00016802818555701298 2.61394249765112e-06 9.659894882897597e-07 1.4237287345471989e-05 5.398196190582368e-07 8.088282298128391e-05 1.0739726559258598e-06 0.0005167443079318163 5.260953893437687e-06 0.00017346148429718541 1.7980092447740544e-05 0.0007018697812727062 4.122864946930375e-05 5.26971819835465e-06 4.99936216252733e-06 1.6492382264114232e-06 0.0 0.0 8.549861453797829e-05 0.0 2.2284595679047062e-05 2.109716944852694e-05 9.608210632226826e-06 4.252621212655426e-05 4.9861439941648604e-05 7.658259841263583e-07 0.0003225478454618547 4.396302372887762e-08 1.0104389684149051e-05 7.540476576198557e-06 3.704648413359239e-07 0.0 2.050481761520909e-07 0.0 0.00013598097646164145 2.378515152763618e-07 0.0 1.3399247790099277e-07 4.307171735650126e-05 0.0 3.919177764037254e-07 1.23833496563695e-07 2.337423926630227e-05 2.6482821823709035e-06 1.2753766848337163e-06 0.0 0.0 6.610882444959135e-08 1.848224838122244e-06 3.532175257827977e-07 3.289851143526794e-05 0.0 1.1152601474821115e-05 1.4594485674537092e-06 6.106436164437082e-05 1.4833319197052167e-06 0.0 2.451586092906202e-07
5.753841745720782e-07 0.0006654253087017933 7.206965396430047e-07 2.815925227415675e-07 6.809566375433552e-07 4.689636434058685e-06 1.2776878288954828e-06 5.288158771853951e-06 4.076491457689116e-05 2.5690674049115028e-06 0.001541147321890346 1.565639821658546e-06 0.0 3.1140886856817238e-06 9.329340928416336e-07 4.398675393485455e-06 2.5999386954055837e-06 5.866491059155091e-05 7.622476710767729e-06 1.5826830222660104e-06 1.1078785986963177e-06 0.00015826286061404042 2.824261401409686e-06 4.5841787195338615e-05 0.0023092320913328987 0.00024377291330690928 0.002245526457382108 3.7338358562765565e-06 1.0548403726155063e-05 6.8869515221276e-07 0.0005422666609516512 3.999802535501513e-06 5.972508803273416e-08 0.00020990207289568093 6.34669286058524e-06 0.0005174528897369384 0.0019382192278927254 0.0013113017350123105 0.00030146799416901293 2.522144025105299e-05 0.00012541137758605132 0.0005077871528625899 2.0378865775068327e-05 0.0 0.0001100325614536129 1.331565310754901e-07 0.0 0.0 5.099035041556585e-07 0.0 2.2415759471477823e-07 1.3058217849772108e-06 8.41762554540642e-08 0.0003565340823709054 5.0362961152721936e-08 0.002458447291735658 7.995365020190133e-07 8.540816775355453e-08 2.1827591578709107e-07 6.807043557434728e-07 0.0001241107278145367 1.872756138984294e-05 0.0 9.641974417906773e-08 9.999514984465701e-06 5.787925256406971e-08 1.3273931319224548e-06 0.0006639251244635705 0.0002537524326596181 0.0004895289193054014 1.835538680815043e-07 6.217661088146295e-07 5.366485057332742e-08 0.00020166343960546166 4.70788521801908e-07 0.0 1.7680034162870402e-05 0.0 2.6673565730479844e-05 0.0005344072299649488 3.426765953375777e-05 3.2337714864731166e-06 4.021716166144684e-07 1.3910308426136366e-06 0.00032471195097322897 0.0
0.002130395398547462 2.1140456713210328e-07 7.93241807933371e-06 6.541747953268022e-05 7.511682977062774e-07 0.0002705257467203956 0.004464927233292663 0.0038888618058888613 2.881551822959688e-05 0.0007528446618187212 5.722875187539344e-05 0.00014428843270332536 3.1140886856817238e-06 0.0 3.344425643124715e-06 4.971707213631428e-07 2.1805912058715836e-05 9.637222621528208e-06 2.1645387210523323e-05 0.00021275273767846126 1.1430197338880084e-05 3.979589445053757e-07 1.530915569832387e-05 0.0001509818546252065 2.5535688259786396e-07 3.3019971938956405e-05 2.5854028026337175e-05 0.00034904176584768336 0.0037290558142111458 0.0009256743948382009 1.6312602021961366e-06 6.299030199222629e-05 3.0135864330076053e-05 0.0003849004637597969 1.8743867919610673e-06 0.00022675880433907682 7.767074897156704e-06 0.00038220198411382893 8.307854692014563e-05 0.00014099299426089315 6.9495385381896e-05 1.4037585662415926e-05 8.219243974587842e-06 2.0685768669354464e-06 1.4069385829125576e-07 1.1903126008899766e-07 6.104133472399634e-06 0.0 6.227388715362353e-07 1.5782407105857372e-05 3.5099633113121374e-06 1.0738943610388419e-05 7.633430938659498e-07 0.0 1.7165766344736688e-06 8.213026380735911e-08 5.721404505737747e-06 1.0260931246974803e-07 3.2135698472504685e-06 6.457113486910478e-07 0.0 3.955910359297372e-07 1.456701733477597e-06 4.094716935190612e-06 5.324114452499856e-07 6.72234914328537e-07 3.432194083209251e-05 0.0 1.3910204670200678e-06 1.652816272216472e-06 2.958664541386031e-05 7.1476912123989865e-06 9.119929650681879e-06 0.0 0.0 2.5936509969909026e-07 1.162398979242539e-06 1.5436649798185447e-06 2.1963776411768935e-05 3.50752322453357e-07 7.502537414362179e-06 9.58368210065395e-07 7.490630805303113e-06 6.210837887863884e-07 1.565988374329288e-07 0.0
1.1088117774380413e-07 3.40032129806397e-06 0.0 6.534412856609749e-06 0.00044579541699456987 0.0005876208011559807 4.082579967254875e-06 9.265048892024191e-05 0.0003224767644289693 2.5176478856439975e-05 2.119496720607832e-07 0.0006080663474665982 9.329340928416336e-07 3.344425643124715e-06 0.0 0.0 3.79111473641104e-08 4.71844551711376e-08 3.4271837135103847e-07 5.271477492427831e-05 0.0 2.503045052366419e-05 0.0 4.8951251426848416e-05 1.2719634878786822e-06 3.8446315453391837e-07 6.912362215718855e-06 1.4110818109927736e-05 3.217843501384036e-06 2.6846202611177314e-07 0.0 0.00010726509749666418 4.946441996433509e-07 2.4710747362719566e-06 0.0 0.0003166749528950755 6.188379847201756e-07 2.123346409580456e-06 1.8616488786648563e-07 0.0006425153510518239 3.404127212898938e-05 6.507550108493781e-08 0.0 4.2163833705701036e-07 0.0 7.421152356216614e-08 2.263377080038809e-05 0.0 1.0692751031652587e-06 7.0473472945355e-06 6.518689991867626e-07 1.207539000030089e-05 4.670161204668371e-06 0.0 6.819566858212874e-06 0.0 1.3262611055029128e-06 1.6870906612966415e-06 1.7665360526793658e-06 0.0 0.0 0.0 6.608336181149833e-06 8.236278651462224e-07 1.4335239622483916e-06 3.7741706935068467e-07 8.835823558154924e-06 0.0 4.656770800713388e-08 1.1877340052969394e-07 5.588309666381768e-06 1.699025883633164e-07 5.310740508294844e-07 0.0 0.0 0.0 3.372829131770553e-07 0.0 1.1135867235511857e-05 0.0 1.3491028213473952e-06 5.7147763976635934e-08 2.0908133445037542e-05 6.833970939547538e-07 0.0 0.0
4.662870518655485e-07 4.868014742789838e-05 1.0142982290296907e-05 1.0803062849161335e-07 0.0 8.178961388654554e-08 3.139025284507481e-06 7.12727680882243e-07 5.5524572456242923e-05 9.319105684433325e-08 5.74686352142901e-07 1.5847552985033352e-07 4.398675393485455e-06 4.971707213631428e-07 0.0 0.0 1.2762427596920168e-05 4.100061027521404e-07 5.009694642122894e-06 2.0948448351665582e-07 0.001076636396596787 0.002272920562569367 0.002582883515874093 0.0020885348223985854 1.0304854649760517e-05 9.419281995985878e-06 0.003442680003913323 0.0011089188480857145 8.413495120298578e-06 1.6996152960796754e-05 6.592204417480963e-07 0.0 1.4447696973760788e-06 8.707577791449671e-06 3.831959315797059e-06 0.0010540212230923701 0.0005344739520841915 7.148066794470507e-05 0.0001475999493939851 1.3194995658908569e-05 1.3148148556533395e-06 8.982777806387298e-07 4.781138634801393e-06 1.6286047229742305e-06 2.960984342248702e-06 5.035740598525925e-05 1.6702830868336904e-07 0.0 0.0 6.276514131011243e-06 5.421861230291172e-07 1.4155453821053271e-05 2.1447562454601513e-07 1.880062285999239e-07 7.520335194520035e-08 1.1381085429614847e-07 1.4306408631290942e-06 6.966440175336879e-07 0.0013656150280699987 1.322276448798341e-06 1.1610144307617745e-07 1.0969730773227036e-06 1.4328911323599068e-07 0.00017451346666061892 0.0005183097385006328 0.0006241687470154468 8.577353099278587e-05 1.504210641258889e-07 3.956237214520929e-06 0.0005538180673126748 7.199251603543652e-05 2.8916204423765635e-06 3.622955209695131e-05 0.0 0.0 1.7957727676530686e-07 1.5699363449753736e-06 9.67105942078128e-07 3.6443561492518465e-05 1.0981537367034666e-05 4.6489900887599846e-06 8.703595677818975e-06 2.485321712564417e-06 5.830912076132587e-07 4.263443765874139e-08 1.0347655241073166e-07
1.4207919142859444e-05 3.0103494655278214e-05 0.004844150986682013 4.64194501267438e-07 6.343662303840632e-08 1.5748806572213608e-06 5.1296282275163826e-05 1.3355082133652388e-05 1.8013882074451716e-06 1.1738650598935017e-06 0.00036217086084826386 4.313052631695477e-07 2.5999386954055837e-06 2.1805912058715836e-05 3.79111473641104e-08 1.2762427596920168e-05 0.0 0.00010256313474285935 0.003215410683934096 9.444686849378401e-07 0.0006877813000082278 7.458637187554979e-06 0.002780441545273555 1.2778549036744058e-05 8.195679216266115e-07 0.0016511981004799564 0.004848263092868068 4.082125452310074e-05 6.35912746685667e-05 0.0004998256928610886 8.790316496771314e-07 2.9252792597251326e-06 5.610245951821156e-06 0.001322262477945166 7.06141584166773e-06 0.0005210509173605647 0.000338164242131741 0.0014987338670905928 0.0007304808910386029 8.554563900866746e-06 3.6434609839201064e-06 7.257001106852084e-06 4.824429325981126e-06 0.0 3.096230802116631e-05 0.00023498701630290502 0.0 0.0 0.0 4.7026390562105595e-07 0.0 2.558905769610478e-07 0.0 1.2576248389477807e-06 0.0 2.9163036061480055e-07 0.0 0.0 3.4953064639585834e-06 0.00010328040758797491 2.318128551334706e-06 3.503059738436567e-05 0.0 8.260360156481823e-07 4.512065450743655e-05 2.1004870847975326e-05 1.647051105253476e-06 1.1347179897136831e-06 0.0002166188253728257 0.00038241926508892455 9.338478473780828e-07 1.101570152790827e-07 1.2493577936858419e-06 6.986722150559035e-08 0.0 0.0 9.951004634151439e-06 1.8605126790906511e-06 3.9854535083896125e-05 2.3810168632492553e-05 2.1552756273093266e-05 1.405976948356965e-05 9.523336399097799e-07 0.0 0.0 2.3620277912222493e-07
3.2564252033633732e-06 8.20205178237882e-06 3.434069174377231e-05 3.8357080913104644e-07 1.234017173647021e-07 4.22324857223111e-06 5.073280138480351e-06 6.9502575797610775e-06 2.007518317375534e-06 3.0063451251357277e-06 0.0021444274650964023 2.321045150277486e-06 5.866491059155091e-05 9.637222621528208e-06 4.71844551711376e-08 4.100061027521404e-07 0.00010256313474285935 0.0 0.0008948037764068372 2.1949697049180066e-06 1.4084698345980254e-05 2.4643089436645463e-06 2.7864017257869392e-05 2.6311954057489805e-06 5.3709286361143636e-05 0.0018639842385968725 0.0007748283360980595 3.517843916538146e-06 2.4621319212451777e-05 3.9358008148338576e-05 0.00011039138589175839 6.847808399626419e-06 1.0340648850759665e-06 0.0003181744622170152 3.7271322654819633e-06 0.00027777752996083243 0.00040457342569188206 0.0006327732852455074 0.0003497793254991222 6.440049390959072e-06 7.357164403632651e-07 1.615886334053791e-05 2.4243835117579823e-06 5.609294276652563e-08 1.911017133842954e-05 6.819764027757639e-07 0.0 0.0 0.0 0.0 5.45795513698243e-08 1.2200771367611775e-07 8.188195186408267e-08 3.141622119262936e-05 4.132193061675801e-08 0.00010420769421973228 3.70575435478989e-07 0.0 2.0495036760865352e-07 4.8279103468643395e-06 0.00010611592382117628 4.1929120491443216e-05 0.0 2.1371521588587604e-07 7.176796814911173e-07 4.248588887731323e-07 4.5007747494124325e-07 1.9788953688466843e-05 0.0002023084635405841 0.00022389548848453765 5.38901957502763e-07 2.982546134185262e-07 1.0663578943283073e-07 3.7823532233308526e-05 0.0 0.0 2.4580636827952043e-06 3.2917035965320333e-07 7.143977707250323e-06 6.817377717381138e-05 9.150351619202801e-06 3.339632011702326e-06 1.307208835872242e-07 0.0 4.1134027767068283e-07 0.0
1.2060501311843018e-05 9.482584281885945e-05 0.00032049570232643314 6.611754852367094e-07 3.3569805327246075e-07 6.28238598140195e-06 2.564689569025224e-05 1.4544696699574312e-05 8.156998796446576e-06 5.306105238666284e-06 0.001303239227056988 2.263147223862789e-06 7.622476710767729e-06 2.1645387210523323e-05 3.4271837135103847e-07 5.009694642122894e-06 0.003215410683934096 0.0008948037764068372 0.0 3.6197815322272187e-06 0.0001950301877799713 1.2623044526878227e-05 0.0005199934257639407 1.322095315773953e-05 2.860376080357155e-05 0.0035143336944321035 0.002909724366147427 1.953349842809098e-05 6.94338810292675e-05 0.000280719542820402 1.6424417239691393e-05 1.1507347946150147e-05 3.6708874886374065e-06 0.0015890634936458403 5.853436033417483e-06 0.0006003506205577331 0.0002826520134493065 0.0013281962386414558 0.0007729457325272054 1.493497358158441e-05 2.5507685467914784e-06 2.952107717003355e-06 4.601939193019708e-06 1.1396928262388631e-07 7.120271812394333e-05 1.1721722420671934e-05 0.0 0.0 0.0 4.954005830019592e-07 1.0912589492610255e-07 5.577981164035472e-07 3.2581313989411044e-07 1.1886302192770215e-05 0.0 1.5878926059488305e-05 4.569173586014836e-07 4.5306332274676574e-08 1.00720297602653e-06 0.00011132950982545402 5.854338422483645e-05 0.00022047387332659106 4.316680504006158e-08 5.086563814651683e-07 9.069735168173573e-06 1.3386983550187133e-05 1.3566340791920744e-06 8.422760761920684e-06 0.0005684085300809022 0.0005043650678495665 4.5472482601888886e-07 1.5287681224751005e-07 1.1969136888041771e-06 5.543859499848452e-06 0.0 0.0 1.1193653676968366e-05 1.0446088242215414e-06 3.919929030568582e-05 4.9559007305502575e-05 3.5274890187890694e-05 1.90290395600925e-05 9.228686323069323e-07 0.0 2.65311963376542e-07 4.7145047136482695e-07
1.9544463319889925e-05 8.764293088710247e-08 7.435833433002246e-08 0.003919021536340755 1.8525229323786034e-06 0.00046251696765150217 3.93669045175216e-05 0.0005348619963469386 0.00013715802353902844 0.0027126999871728945 1.3560095590192653e-05 0.0037236035654233013 1.5826830222660104e-06 0.00021275273767846126 5.271477492427831e-05 2.0948448351665582e-07 9.444686849378401e-07 2.1949697049180066e-06 3.6197815322272187e-06 0.0 3.481806833502011e-07 1.9138492033017534e-07 6.088420484246761e-07 0.0009116221248499265 4.8665355841985236e-08 3.2918598477223966e-06 3.229493071468684e-06 0.0005084019147378986 0.00030090124736559547 4.421902839670832e-06 3.644973521464968e-07 7.603261468173661e-06 1.853726748886602e-06 9.664933491990315e-05 3.107945602415883e-06 0.00041096019448777374 8.514126010003144e-06 0.0002108923805094471 2.4562872229733433e-05 0.00021940353094189295 3.613092321258654e-05 4.078530465862743e-06 8.87894991057795e-06 3.904294368721519e-06 4.370882353460179e-08 0.0 0.0001098745734435925 0.0 9.710079570135883e-06 8.361004344836389e-05 1.353896412479806e-05 3.300880923629973e-05 4.729433671385297e-05 5.18357077233155e-07 9.274441770692407e-05 3.885282766094926e-08 1.5523677730271836e-05 4.687284131381175e-06 1.1899121924293589e-06 1.1806634097606753e-07 4.6665444102536374e-07 2.3130719187603324e-07 6.446197912263126e-05 1.3105042345403334e-06 4.9596024776785624e-08 1.6646856999090587e-07 7.613811787921169e-05 0.0 3.146677379020975e-07 3.765898976085923e-07 5.5639631715855496e-05 1.10661280474263e-05 6.074617067351619e-06 0.0 1.9292355025658425e-07 1.6359098948977675e-07 2.972202428840622e-06 1.0742273033758617e-07 6.045430919258113e-05 5.424603536265103e-08 1.4100314275944333e-05 2.8115000866589376e-06 4.7348354933412835e-05 3.2590772413036217e-06 4.7317038771324883e-07 1.5641764785471759e-06
1.307005719304857e-05 4.45971524701677e-06 0.00014942715098781304 1.0392518686682273e-07 4.206580190403366e-08 4.2519567972718913e-07 4.491122271138364e-05 6.607138807342078e-06 3.0061043659000886e-05 1.3517366105147728e-06 2.812131328974413e-05 1.243325045820084e-07 1.1078785986963177e-06 1.1430197338880084e-05 0.0 0.001076636396596787 0.0006877813000082278 1.4084698345980254e-05 0.0001950301877799713 3.481806833502011e-07 0.0 8.568735411441879e-05 0.0086596655936611 0.00021749837133332034 7.01606120207836e-07 9.168359814328297e-05 0.0004720211150131255 0.0029592706483769814 0.0001208406476646975 0.004215326014684173 2.653262127221809e-07 8.561038093830028e-07 3.139676430442012e-05 0.0010134283722952576 1.4355699394794162e-05 0.003724326601927278 0.0002555860979081773 0.001770054345352339 0.001381908579663101 3.605018313046429e-05 1.0611793731100813e-05 1.5875618429669835e-06 1.925666622546106e-05 2.450386349752003e-06 1.3577877919698172e-06 4.752805073294543e-06 4.211932806467243e-07 0.0 1.4075730724524543e-06 3.2040005042053414e-06 5.599960973740723e-07 7.977073621260638e-06 8.388078575419604e-08 8.075366243246296e-08 6.116680910201652e-07 0.0 2.457083512631663e-06 2.0968866129989882e-07 0.00018698522263207995 2.890660661159986e-06 0.0 1.931493275343126e-06 2.3096547371633785e-07 0.00011535376783090307 3.4295934800470826e-05 5.081001630079352e-05 3.5034820779523195e-05 0.0 6.306574151367624e-06 2.0602159892704346e-05 3.9933894979205016e-05 2.6907419426426518e-06 3.2279415176999687e-05 0.0 0.0 1.6535085575458392e-07 7.098242593498914e-07 3.1687688732861435e-06 2.1214673973474033e-05 1.0564449073364346e-06 1.8802950548819676e-06 1.5672425348288826e-06 2.290244906909871e-06 1.461239457002031e-07 0.0 2.1867070952500414e-07
3.7116688866836055e-07 0.0009399197780796932 6.388984752106745e-06 0.0 1.177509961188711e-06 4.024868321001739e-08 1.9775180112030155e-06 6.963742964568339e-07 0.0014820965266694605 2.465586379943515e-07 7.981672633604797e-06 5.99602603050939e-06 0.00015826286061404042 3.979589445053757e-07 2.503045052366419e-05 0.002272920562569367 7.458637187554979e-06 2.4643089436645463e-06 1.2623044526878227e-05 1.9138492033017534e-07 8.568735411441879e-05 0.0 0.00021800425571990258 0.003709781855162785 0.0003882675974059377 3.178476958014424e-05 0.0025109042805060164 0.00012367683800838184 3.7293256703980396e-06 3.835469323286887e-06 9.868975594294873e-06 0.0 3.5385123909374887e-07 2.803411555572779e-06 3.140313299678076e-07 2.4502072193982932e-05 2.6327764610228445e-05 1.1568425095634124e-05 7.76784873827392e-06 6.945274054276937e-05 4.9426751421783345e-08 1.296831926410384e-05 5.903612126692443e-07 1.0780093865036775e-07 2.924152140551056e-05 5.9258578772395875e-05 1.378148842743534e-07 0.0 0.0 3.155246022495121e-07 0.0 2.4702761962889614e-06 0.0 5.539842781192113e-07 0.0 2.466040481269178e-06 1.136106204952133e-07 3.606205099461e-07 0.0003376020369311445 4.394140856196025e-06 6.175686581855212e-07 3.47300372822677e-06 1.8807156489914914e-07 2.0470050697774137e-05 0.00019327011336752424 0.00011897413092864139 3.1300823619175474e-05 1.2757124666901446e-05 1.5016237485176923e-05 0.0004501107684319832 1.1731501977604437e-05 4.814152660943063e-07 1.496335048254071e-06 4.4403668940957315e-07 0.0 1.0309013455277135e-07 4.595886839828589e-07 2.9672015295045217e-07 1.1651062843140611e-05 1.1922890749508711e-05 1.997776108144286e-06 3.525552387451039e-06 8.766882884178067e-07 4.759141352552215e-08 5.435168677549868e-07 6.805122279905236e-08
1.4230380406719858e-05 4.899404315066945e-06 0.003375550112170105 4.033802383492711e-07 5.030271839390924e-08 7.021615859447718e-07 8.624684234552372e-05 9.441480968389346e-06 8.464112510817929e-06 1.353712449546463e-06 6.623116757179472e-05 2.0233490483704237e-07 2.824261401409686e-06 1.530915569832387e-05 0.0 0.002582883515874093 0.002780441545273555 2.7864017257869392e-05 0.0005199934257639407 6.088420484246761e-07 0.0086596655936611 0.00021800425571990258 0.0 0.00041658479420650856 1.1023664010502697e-06 0.0005710016983485048 0.006783596866182153 0.0019323165229706753 6.939647209833467e-05 0.0013835942031444977 2.984599740268288e-07 9.360468522315504e-07 1.2284768783613168e-05 0.0014442758325029037 4.4410274460769165e-05 0.006508905243186964 0.0018042204142484424 0.003251044446664149 0.003571187265483507 9.783316056995265e-05 2.2420618346791232e-05 1.1237278970875794e-05 4.4174099673941234e-05 5.424961488698738e-07 2.558589655916993e-06 0.00012770667212468978 1.5521648457118083e-07 0.0 4.45686708189634e-08 2.2960013320564114e-06 1.1141245840460085e-07 2.533360647951209e-06 4.6063277475188236e-08 7.053238317781159e-08 8.56597916069976e-08 1.237886083526862e-07 2.4260209556291294e-07 1.4955182447128904e-07 0.0006373175665627619 4.341003852394493e-06 5.166139996915365e-08 3.193687130930821e-06 2.3410319810766688e-07 5.534956081767344e-05 0.00019554328823109053 0.00035278538391115985 2.6469817242503156e-05 0.0 1.7501796276542882e-05 0.0004049048317572325 2.0634840336304932e-05 7.18339501968929e-07 1.0287617192314995e-05 0.0 0.0 5.533273001178706e-08 1.2161100782756942e-06 9.050706200196574e-06 3.193126692153776e-05 9.433330974756031e-06 5.43711409579956e-06 5.947125218553995e-06 2.854587971393231e-07 1.5436053321685898e-07 0.0 1.4407222474461593e-07
