0.0 5.1416165645307443e-08 1.6093010108902593e-05 0.0 0.0 1.9294159651256348e-06 0.0008015549702283738 0.00020556908161672294 2.73657510551822e-06 1.0941168008641826e-06 1.1883563029695571e-06 2.8209407606611116e-07 0.0 0.0015778228927796614 6.508318920163016e-08 6.821350912305635e-08 5.959652142714427e-05 8.228892053154413e-07 4.4219025408064705e-06 1.3953581611061274e-07 3.391823206667316e-05 1.514126071168306e-07 5.435251067333905e-05 3.1985383423837063e-06 0.0 4.675363917575439e-06 4.795238301639506e-06 5.935196452234694e-05 0.0012767296902925428 0.0010957152230983132 4.1918800519723854e-08 1.6469701400458236e-06 1.2654922377762175e-05 1.6067549543910158e-05 0.0 5.029798563611901e-06 7.636741734467821e-07 1.2058614109664451e-05 2.309106509296045e-06 4.54910455621302e-07 5.847708366583046e-08 0.0 8.00159882551291e-08 7.503746479608001e-08 0.0 0.0 0.0 0.0 0.0 0.0 0.0 1.6310470074234325e-06 0.0 0.0 0.0 0.0 7.696481762061012e-08 0.0 4.2770499863471664e-07 0.0 0.0 0.0 0.0 2.0901789331784632e-07 4.4797723112212937e-07 1.4536664917163498e-07 4.255174000913708e-06 0.0 2.394386350397559e-07 2.082599681950618e-07 2.8246711713813774e-06 0.0 1.2742231649957226e-06 0.0 0.0 0.0 0.0 0.0 9.654239834416637e-07 0.0 1.0208005158799886e-07 0.0 1.1313550306559726e-07 6.534177283503536e-08 0.0 0.0
5.1416165645307443e-08 0.0 0.00013052857818475486 4.685118604708828e-08 2.1442142867266902e-07 2.739232606438993e-07 5.911407949417957e-07 7.284451072294217e-07 0.0005706292824262356 3.711072480550089e-07 2.498041467124784e-05 7.454948289854502e-07 0.00044483892309418385 4.692681447716096e-07 1.236464922900518e-05 1.893934903724734e-05 4.7184370257811215e-05 1.3245475960409145e-05 1.3852721689639771e-05 9.000319369528243e-08 4.030627810627728e-06 0.0010707935069969017 3.4922634688877215e-06 0.00039282371909385926 0.0009211220126463872 0.0003516743804585637 0.006151900463152442 2.6900998963034008e-05 1.0072041894278352e-06 2.8879117812022004e-07 7.724036340265279e-05 3.121837261215663e-07 2.036559030105035e-07 1.6825999584453586e-05 7.549140193944635e-07 5.379367393654004e-05 9.407538172479213e-05 8.177179173368291e-05 1.6164195419651947e-05 4.837156471346432e-06 0.0 0.00017667509627350886 8.152833926160563e-07 0.0 3.297765896765298e-05 8.819862277023936e-06 0.0 0.0 0.0 5.359312471569039e-07 7.66376029721497e-08 2.896773191340554e-06 4.851005714748469e-08 5.657885334192924e-06 0.0 1.7623452068082865e-05 4.8277478594554326e-08 0.0 1.1906501509429545e-06 2.300528840881351e-06 3.1272102305008353e-06 4.767091820799171e-06 0.0 4.487273986650339e-07 9.610216192322668e-06 3.3912391569418294e-07 4.253264753834088e-06 2.2588028280936842e-05 0.00011590463723356062 0.0006119682525819902 1.2711346027553045e-06 0.0 8.468776020767436e-07 7.736445478800265e-06 0.0 0.0 1.3268553640682222e-06 0.0 5.540584446630501e-06 5.211129700408635e-06 7.503851063408751e-06 2.7621790174035583e-06 6.52622266322092e-08 0.0 7.819282727687756e-07 0.0
1.6093010108902593e-05 0.00013052857818475486 0.0 4.507958373792866e-08 4.731789183381122e-08 0.00015955739598258128 0.0006874289923485195 0.001016287913008746 1.8415227764554372e-06 4.0363039953238336e-05 1.664707890031311e-05 3.6136535791611325e-07 3.6061158481735223e-06 0.0002768229888778002 1.7173772156265783e-07 2.744799945804059e-05 0.0039787211201686296 5.2408683421238475e-05 0.00015084422359887414 3.46065680973397e-07 0.0018254117006334307 4.272313930672046e-05 0.007718152969350683 4.118025598262209e-05 7.732855845651106e-07 0.007490826547868319 0.004089776297845052 0.000614421181748165 0.00010818535373638751 0.00011708648723054078 2.5646518895535158e-06 2.0421378534525594e-06 6.852689642582426e-06 0.0002790943394478222 1.7239203518693955e-05 0.001230584026366846 0.0009492968245582708 0.0011801435972078232 0.000408620125631382 3.4210487176088566e-05 5.937200261696892e-06 8.30405504969764e-06 6.784258644799142e-06 0.0 0.00015478343334876732 0.00032198358022044187 0.0 0.0 0.0 2.7738861303983216e-06 8.647413062413225e-07 1.333132302270996e-06 1.3311905718760807e-07 5.925054202222488e-07 0.0 8.095433895104129e-07 8.608223958984816e-07 0.0 7.558869552880948e-06 5.490402272022603e-05 1.854722165725298e-06 2.2230778693027687e-05 0.0 4.586708122300949e-07 6.294903919290978e-05 1.50441992826936e-05 7.34187470212837e-06 1.2850828979424704e-06 0.0007175819213090937 0.0019132860487716674 3.07471410271069e-06 1.522985588868261e-07 1.1951307611011538e-06 6.776331291222603e-07 0.0 0.0 1.5601521505294369e-06 5.979999946220858e-07 6.410023085855161e-05 3.408931990575251e-05 3.4972604641757374e-05 2.1714779599381293e-05 2.169409658726891e-06 9.086488397973269e-08 3.0728663421595837e-07 3.3649097748978633e-07
0.0 4.685118604708828e-08 4.507958373792866e-08 0.0 9.80778491483468e-07 9.953284331672421e-05 8.092453557304848e-05 7.637222506671202e-05 0.00014789789178358166 0.0011990712280786763 7.944400289531506e-06 0.0021085470861621843 7.398167624826224e-07 2.2174254513648666e-05 2.6402885846914254e-05 0.0 2.596502067255214e-07 9.475819395458038e-07 4.3195242069053884e-07 0.0024429171150560825 0.0 0.0 0.0 0.0007395762699755713 0.0 1.3126035168003707e-06 5.419492508809515e-07 0.0019342421996616397 3.7519524358702845e-05 1.7577832207357524e-07 0.0 2.6859787271767777e-06 6.584371766757588e-07 2.6667120184431083e-05 4.620384382565573e-07 3.453349952687173e-05 1.0707252061698205e-06 5.2089086549657234e-05 1.2155322765455386e-05 8.253786467202971e-05 6.186529123568568e-06 2.2470639901765428e-07 1.0659055199561903e-06 0.0 0.0 1.0293766994038787e-07 4.2729439432609465e-05 0.0 1.418927843467977e-06 7.651670631696084e-06 1.2058746513018447e-06 1.790159865585997e-05 3.647406857415935e-05 1.9281248968703027e-07 2.7868300511159625e-05 0.0 1.909108300804672e-06 6.437774912134123e-08 0.0 0.0 3.636885847552962e-07 0.0 2.1998835205567665e-05 0.0 0.0 0.0 0.00010944944080994675 0.0 0.0 5.441705908212997e-08 9.677590058777405e-05 1.4940159717459961e-06 0.0 0.0 6.406218324632323e-07 0.0 1.6680757364878643e-06 0.0 9.200257942324343e-06 0.0 2.1721388242343856e-06 2.705795629771215e-07 2.5971818070297514e-05 4.4451194251625494e-07 0.0 0.0
0.0 2.1442142867266902e-07 4.731789183381122e-08 9.80778491483468e-07 0.0 0.00023900025304542842 5.637575210410818e-06 2.630131159024321e-05 4.141602470826808e-05 7.272866652389004e-06 8.673700956111983e-06 1.9014114256705843e-05 1.0964515722863796e-05 7.380755965366614e-06 0.0006375762733834488 0.0 2.857223801662296e-07 1.540792973499056e-07 0.0 4.875393656996674e-06 6.343348615018287e-08 9.686526570014677e-07 3.4110827202367864e-07 1.8881490043808498e-05 5.473579957572104e-07 8.029825820038624e-07 5.877758835367074e-07 7.3307563182142675e-06 6.516323243178413e-05 0.0 0.0 0.0001372397503766063 0.0 6.33699588288568e-05 1.7731950051622162e-07 2.1329493316866203e-05 1.2292365446362374e-06 0.00012210309600883048 8.29227063803644e-05 0.0016751322377910602 0.00014080950989608937 4.823893125455236e-06 1.2403737714248138e-06 0.0 0.0 0.0 0.0 0.0 0.0 7.09630590981022e-08 0.0 3.996716352873887e-07 0.0 0.0 0.0 0.0 0.0 0.0 0.0 0.0 0.0 0.0 0.0 0.0 0.0 0.0 2.7833954171770414e-06 0.0 0.0 0.0 1.2810734801384345e-06 0.0 0.0 0.0 0.0 0.0 0.0 0.0 1.1972781577321383e-07 1.7454231527031959e-07 0.0 0.0 0.0 0.0 0.0 0.0
1.9294159651256348e-06 2.739232606438993e-07 0.00015955739598258128 9.953284331672421e-05 0.00023900025304542842 0.0 0.0028577388148805895 0.0022106707005161933 4.914967294339295e-05 0.006462695102008772 6.666503424949378e-05 0.0021299319447489994 2.9965689446812878e-05 6.168493269173384e-05 0.000604102912216582 4.300713794484079e-07 5.686374973652427e-05 6.970729396215738e-06 6.96306482224089e-06 0.00048089136423562755 8.579598042697218e-06 6.90929011487129e-07 4.179101412713619e-05 6.85953601939781e-05 5.716398126115891e-07 5.17942517135778e-05 1.7473487626415744e-05 0.0012157356533032536 0.00020820030748331848 1.6028960566719505e-05 5.272471166786308e-07 0.00017233549225328335 4.25584183675457e-06 0.00016508880584178173 2.708158757291928e-06 0.00012577626030450042 1.0690674453708295e-05 0.0002922696665583509 0.0001786317184043995 0.00086108404007966 0.0001921098481510251 1.202375050732335e-05 4.564501569697072e-06 0.0 5.208024141661546e-08 6.938293469846665e-07 3.925414440985558e-06 0.0 1.4878475439764544e-07 7.433196875773425e-06 2.7213161408083317e-07 6.780406217872724e-06 3.6781845697222138e-06 8.905275726402772e-08 2.382879073936306e-06 0.0 7.660688876780801e-07 5.0179124025548845e-08 9.161875843380872e-08 1.258624915140768e-07 0.0 0.0 2.4666839790269315e-06 3.956445405493917e-07 5.137261262854487e-07 2.0751497473467207e-07 7.559177708477512e-05 0.0 1.2485711908452712e-06 4.791871887624153e-06 5.445023954834121e-05 1.600382151779698e-06 2.368424143929751e-06 1.1366368829305033e-07 4.2046888830657934e-07 0.0 8.678041681759893e-07 0.0 5.156771905834653e-06 7.578553081094944e-08 2.7704487818380265e-06 5.422438227389714e-07 3.235116954620492e-06 1.7589624154042174e-07 0.0 0.0
0.0008015549702283738 5.911407949417957e-07 0.0006874289923485195 8.092453557304848e-05 5.637575210410818e-06 0.0028577388148805895 0.0 0.006087146410792191 4.459449163281212e-05 0.006267971898882329 6.333382977351272e-05 7.161580960724892e-05 8.203304755035395e-06 0.004734184973786144 4.902612832389705e-06 3.911391702800239e-06 5.3967567244668385e-05 9.914910033544315e-06 8.714212856261996e-06 6.633136526267816e-05 7.714467802090817e-05 2.9415807990767054e-06 0.00025586930752779797 0.00023811827434353538 9.844379145004094e-08 8.50780405890544e-05 8.089549754108856e-05 0.010330609569966044 0.0016871194301166848 0.0022462763072466745 9.845312641630953e-07 2.3447651175664935e-05 0.000262503894133926 0.0004163895801689627 3.9146346823438066e-05 0.0016222597701287913 5.008494278148625e-05 0.0010418968059159876 0.00043066983452130667 0.0003300205355186382 6.920818183702082e-05 2.192548262049635e-06 3.1318226160353446e-05 0.0 5.785857029812462e-07 2.0016781158508587e-06 9.833432983616e-06 0.0 5.140810683459611e-07 1.5841347186513476e-05 2.1638339221094146e-06 3.0455393622766305e-05 1.1659279176024766e-05 1.6276276299401458e-06 1.4629841283523882e-06 8.931385706084756e-08 6.020743220000475e-06 1.2041165937484192e-07 8.393281305288844e-06 7.09462681371742e-07 1.413789625141613e-07 2.0389443884611004e-07 4.53446960002998e-06 5.8491345350942875e-06 4.23958441587502e-06 2.44941750574024e-06 0.0003563249758163319 0.0 4.267748460244766e-06 1.4702387813873353e-05 0.0002548516630853035 3.853831115710701e-06 3.782743010024283e-05 0.0 8.759466466367028e-07 1.5259831900292914e-07 5.158854700855938e-06 6.940164432259568e-07 5.324871097750831e-05 7.943599061590742e-07 1.5307497235311483e-05 2.70156974749178e-06 1.4400389694449135e-05 1.4817003086818708e-06 0.0 7.535605928131519e-07
0.00020556908161672294 7.284451072294217e-07 0.001016287913008746 7.637222506671202e-05 2.630131159024321e-05 0.0022106707005161933 0.006087146410792191 0.0 5.973057259529688e-06 0.002367310425624055 0.0002275773854889777 0.0004817424179070358 4.7813080657722625e-05 0.001921595642290413 5.455138662779837e-05 5.535199665552848e-07 0.0008213700468642853 4.7407992197484914e-05 6.691794821896436e-05 0.00036599738614256737 0.00024026509765782625 7.395543727090661e-07 0.0006984801024944643 5.6908773142484066e-05 1.0339372881197445e-06 0.0002969849058292591 0.00010997482162797455 0.0008245543185636515 0.0004837499078163876 0.0008288872639188767 1.7584476296329206e-06 0.00042842306512425147 1.4041871736913766e-05 0.0006212824350855955 4.879830751703366e-06 0.00023661707256346614 3.5889656092329684e-05 0.0008924373864166008 0.0002832191373782351 0.00029264815789549394 0.00020837863485966964 1.613571606456741e-05 4.264444624276705e-06 0.0 1.2234723934495972e-06 2.379644297794248e-06 1.5839591283646468e-06 0.0 4.5586119328338805e-07 5.83248900841164e-06 5.028497122384296e-07 4.801041063530939e-06 2.1231420914680064e-06 3.957279992091331e-07 1.2746871809683166e-06 3.278580597967328e-07 5.564440036034104e-07 3.9054616265839125e-08 1.3588399509668632e-06 2.9520847217093683e-07 5.4513374982531325e-08 2.5942335864617076e-07 1.7391878729524496e-06 1.2405944141490391e-06 7.902713390681311e-07 1.2929898316125376e-06 0.00010563735043189556 5.449233843882748e-08 4.2833608218781966e-06 1.5164282302775346e-05 6.828055432434755e-05 1.3876888064207904e-06 3.094485101270324e-06 2.055188385077249e-07 1.5175816495097354e-07 7.250702658385759e-08 2.2465301311777843e-06 1.3672677481832362e-07 8.250462707473333e-06 9.769269186350536e-07 3.416280188895729e-06 1.458619243991805e-06 1.3364112955552022e-06 3.743227631433218e-07 7.825892724417118e-07 4.970987514183095e-07
2.73657510551822e-06 0.0005706292824262356 1.8415227764554372e-06 0.00014789789178358166 4.141602470826808e-05 4.914967294339295e-05 4.459449163281212e-05 5.973057259529688e-06 0.0 0.00015396063231903204 2.9106906936489733e-06 0.00027979689727709514 1.0695836600394343e-05 7.107033941093614e-06 0.0006132230856424088 0.00011705165895371644 7.769867819193532e-06 1.0450254213705972e-06 2.153244244374908e-06 0.00016275877086686027 4.902252721562519e-05 0.0016527946450869818 2.2764518471711033e-05 0.005896569145522287 3.030703676144874e-05 4.1115606537466454e-05 0.0006501468747130382 0.0013194550666847163 4.1290265049872044e-05 0.00010511516654124186 3.5064323004823487e-06 6.929513441647265e-07 1.0729963757142885e-05 1.2755175896712945e-05 3.3155492616039914e-06 9.989385617432148e-05 1.3981832207908595e-05 3.284422802669428e-05 1.653576143871919e-05 0.0001560762792770959 9.891845079387889e-07 1.5329355798971216e-06 7.642818091919739e-07 1.1246745813509987e-07 2.6949616892714146e-06 1.0185853635753059e-06 4.204986032396562e-05 5.9053806039942466e-08 6.580830567982217e-07 5.4396633930696975e-06 1.1964756362707473e-06 1.7924219517805378e-05 4.202016588521699e-05 2.4745452212957227e-07 7.169215515452647e-06 7.092547293252466e-07 2.166766088846094e-06 4.2857290844986104e-07 0.00020840835273772086 9.610837929214658e-07 1.9131331699784094e-07 3.277170660482058e-07 1.7531817333783315e-05 5.047826360968321e-05 1.1352378188150764e-05 5.645717019075921e-05 0.0005123556715611407 3.660196294205254e-07 5.486174503683774e-06 1.3421570291344253e-05 0.00016789568163523886 2.7708428272043385e-06 2.9204012157354283e-05 5.196862228120365e-07 1.2285639918749462e-07 9.884170320267051e-08 1.546366594412929e-06 0.0 1.9531099984097746e-05 1.1893948051203269e-06 4.27232436211854e-06 5.373065749915999e-07 2.2960948835823635e-05 2.898591902607843e-07 0.0 4.411136051205645e-08
1.0941168008641826e-06 3.711072480550089e-07 4.0363039953238336e-05 0.0011990712280786763 7.272866652389004e-06 0.006462695102008772 0.006267971898882329 0.002367310425624055 0.00015396063231903204 0.0 8.935341647974056e-05 0.0031246374486463046 8.55730953049997e-06 0.00043844214992251433 2.9223493077711122e-05 2.633403730067203e-07 5.923685313639794e-06 1.3605143088758828e-05 5.5917797533741625e-06 0.002356793385505014 1.439643835040549e-06 3.1235694093737017e-07 7.6141857895385155e-06 0.0002587931372617777 1.8965872691914169e-07 2.4444227158162985e-05 1.4284976971352031e-05 0.0015459228969737734 0.00047805617825123314 3.3621666322797947e-06 1.0794893719080342e-06 3.193710972657542e-05 6.2776556779117565e-06 0.0002504777441103975 4.976002862225306e-06 0.00023205719858685356 1.0365931801134893e-05 0.0005033277111761072 0.00010593633775979225 0.0002121502630760969 5.45056708764397e-05 2.6523197717374403e-06 1.2169380914210904e-05 0.0 2.2631128600918268e-07 6.178240098080356e-08 4.974967379116241e-05 0.0 1.2758933233925644e-06 2.1576084603574355e-05 3.4311219914309186e-06 2.8577126351571103e-05 5.047323631163676e-05 5.635842941760451e-07 1.664526110336999e-05 0.0 2.719831547691379e-06 9.27865516925024e-07 4.305873772308142e-07 0.0 2.0680097261098885e-07 0.0 2.693284774089832e-05 0.0 5.6005385465719034e-08 4.5033102757485495e-07 0.0002404482387453889 0.0 8.509201800794713e-07 2.112172313582733e-06 0.00022181164720922822 2.2894530829018285e-06 5.042704763141676e-07 1.5290722590462852e-07 1.1793825585383586e-06 0.0 4.776803254729073e-06 0.0 2.00675200438405e-05 2.399216888008902e-07 4.4043591371568e-06 5.783329880332142e-07 3.7225567532531147e-05 9.889966001461996e-08 0.0 0.0
1.1883563029695571e-06 2.498041467124784e-05 1.664707890031311e-05 7.944400289531506e-06 8.673700956111983e-06 6.666503424949378e-05 6.333382977351272e-05 0.0002275773854889777 2.9106906936489733e-06 8.935341647974056e-05 0.0 3.223291180776648e-05 0.0007932061877125169 7.064127871762915e-05 2.2225778927479187e-07 2.067984351842213e-06 0.0003631795716582467 0.0009461088413654802 0.0004575940552202851 3.841213335842204e-05 2.88157302405383e-05 3.6128930882604437e-06 4.446505844670844e-05 1.0387186379258327e-05 0.0004038246347175673 0.0010132496019503118 0.0005305099128979845 7.474292155144535e-05 0.00020450745328751648 1.0395330583594509e-05 0.0001366452259443334 0.00011824581561936247 6.6789123295874816e-06 0.0037005607028486173 7.089382611752915e-06 0.00039656780875224666 0.0036935726483595947 0.004472312012933663 0.0007553048261395106 2.6843844973776722e-05 6.742729185128923e-05 0.000484073304160287 3.2511642935743746e-06 0.0 6.005629250093332e-06 0.0 2.746264857916049e-07 5.746819073383542e-08 1.421315647109615e-07 1.4314566078538675e-06 9.581035710074572e-08 1.0796913418646085e-06 1.7272492233090437e-07 0.00030722658279719507 2.4144415903696443e-07 0.0007483862901872578 2.8644394141183337e-07 0.0 3.761619262121124e-07 0.0 2.907753345741994e-05 1.4069616365193415e-06 1.46139862645083e-07 0.0 5.368392525676456e-07 1.4480866335523226e-07 1.77579643674799e-05 2.1717984135491774e-05 0.0001318321502271212 0.00024476906977315014 1.139218357796506e-05 5.715614890515487e-07 2.067890545017442e-07 0.0001658885896642193 1.2173381465196823e-07 0.0 5.444448026646236e-06 2.2484579447082916e-07 1.1190385248542985e-05 0.0002067037796965134 2.063480985998236e-05 4.413643461206785e-06 4.0451977895485025e-07 3.96591220454985e-07 5.693201789600792e-05 0.0
2.8209407606611116e-07 7.454948289854502e-07 3.6136535791611325e-07 0.0021085470861621843 1.9014114256705843e-05 0.0021299319447489994 7.161580960724892e-05 0.0004817424179070358 0.00027979689727709514 0.0031246374486463046 3.223291180776648e-05 0.0 5.221972334075837e-06 7.59782316042442e-05 0.00029840042562861085 7.231073748637322e-08 2.7699639277796884e-07 4.829513366270124e-06 1.589717988520332e-06 0.0038007594179173924 4.388670964582853e-08 1.334301524426998e-06 4.892659311644281e-07 0.00044437775198100023 1.1652993863604882e-07 5.613395064277855e-06 2.743121074748408e-06 0.0008566097039643032 7.383481004720494e-05 4.41948521299947e-07 4.35698995102825e-07 1.4940491517904842e-05 3.348398497937014e-07 7.171440441103058e-05 2.6154217378709954e-07 9.190319041905915e-05 2.2684269157141734e-06 0.000100558886939506 1.4342701807210276e-05 0.000473597990153262 1.4946370214773018e-05 6.453235545569754e-06 4.73636505690376e-07 0.0 0.0 0.0 2.802925763488687e-05 0.0 7.722865790921677e-07 1.6898936020903354e-06 4.693997330304146e-07 2.1215539635423772e-05 1.9581464159538822e-05 0.0 1.6986441295140624e-05 9.050366923014444e-08 8.155324644429755e-07 0.0 0.0 0.0 1.197651542207313e-07 0.0 1.683339921350865e-05 0.0 0.0 0.0 4.830246355150301e-05 0.0 1.9680061224323635e-07 2.425354332854923e-07 4.007181295173807e-05 7.889285796021415e-08 0.0 2.2076823470885263e-07 0.0 1.9967121802966676e-07 5.651541533377267e-08 0.0 9.77599834290899e-06 1.2026545256098664e-07 2.482069400439815e-07 1.429149916815379e-07 2.974224566568451e-05 0.0 0.0 0.0
0.0 0.00044483892309418385 3.6061158481735223e-06 7.398167624826224e-07 1.0964515722863796e-05 2.9965689446812878e-05 8.203304755035395e-06 4.7813080657722625e-05 1.0695836600394343e-05 8.55730953049997e-06 0.0007932061877125169 5.221972334075837e-06 0.0 3.580826796928667e-06 2.4629717201221727e-07 4.3764362440150543e-07 1.751897290783732e-06 2.3764470163853506e-05 5.402778262514513e-06 3.1446757500330907e-06 3.3527438519080507e-06 3.521916748518726e-05 9.865489585946683e-06 8.274918834206187e-06 0.0027226214811501004 0.00014952391834684598 0.0018176823710313306 1.2433006506744304e-05 1.5782579128040143e-05 1.1124590226079657e-06 0.0006038817931117447 2.881286932020907e-05 2.0878375545237736e-07 0.0001945526002512824 5.095322341532791e-05 0.0016763495142313302 0.002480219246265996 0.0014802113471118583 0.0005226742777270375 8.076045951238133e-05 0.00011227155442525333 0.0004865731811048325 1.2520682539880138e-05 0.0 3.776062424279462e-05 5.018429988000966e-07 0.0 0.0 0.0 1.2438506166629355e-06 4.945524578326823e-07 2.783103120497772e-07 4.951665009348512e-08 0.000431179964015256 0.0 0.001023866511483555 5.224093070006301e-07 0.0 6.545516320773541e-08 2.1921831348431316e-07 2.308828181222008e-05 2.5021950894436198e-06 0.0 3.052324515165907e-06 6.415877663347862e-07 1.9747696051300228e-07 1.0829017484324112e-05 7.667101282032317e-05 0.0001596516946393342 0.0003505714532902396 5.2173800062620245e-06 3.8525579086717213e-07 6.381400922903716e-06 0.0001468956074768297 6.429729993479947e-07 8.477291639174766e-07 7.1275705479341775e-06 3.1454158600101207e-06 0.00024584766569795633 0.00025746151035172654 7.294233904664542e-05 2.7588495892184555e-05 4.0705584564743674e-05 2.137906323165845e-05 0.00014286341699405356 4.032222324646982e-07
0.0015778228927796614 4.692681447716096e-07 0.0002768229888778002 2.2174254513648666e-05 7.380755965366614e-06 6.168493269173384e-05 0.004734184973786144 0.001921595642290413 7.107033941093614e-06 0.00043844214992251433 7.064127871762915e-05 7.59782316042442e-05 3.580826796928667e-06 0.0 1.3704204158884553e-06 1.81248252247517e-07 0.00041596753984800636 2.1035927545015856e-05 3.516600398935002e-05 9.715801046205048e-05 0.00019407623148981064 5.833385691087014e-07 0.00041577014509870306 2.86398710645657e-05 2.1663162307225738e-07 7.307419144236283e-05 4.484008398846906e-05 0.00041291532038443494 0.002602900532309339 0.0017136007801098405 6.653070930858607e-07 0.0003318939966625511 1.7233882017354237e-05 0.000494044055571513 1.9234148161525735e-07 4.043173604124098e-05 1.1137990607191862e-05 0.0003670522484410177 4.815327058325833e-05 2.6455816750023e-05 3.0514482073895745e-05 7.344728850079731e-07 1.5578380385808211e-06 1.2601959579624228e-07 8.356618851651965e-08 7.051698939527201e-07 5.861774180777248e-07 0.0 5.427087742990881e-07 1.5860425719181923e-06 4.6177418439573874e-07 3.2113146866179277e-06 5.575281050142602e-07 9.873513127843511e-08 2.8609690223077867e-07 1.314248995532395e-07 6.153213982368448e-07 0.0 1.6717593713758615e-06 0.0 6.078575928391368e-08 0.0 2.880136517300457e-07 2.253407153091613e-06 1.8069360442311465e-06 5.214273724560941e-07 3.578188910033296e-05 0.0 1.9555273162938774e-06 4.920724080963693e-06 2.4573302832884352e-05 7.802664602379086e-07 2.7775058405600164e-06 5.500937103773673e-08 4.495012181440367e-08 0.0 3.6061648743772955e-07 0.0 5.258303494044411e-06 2.1395789466940543e-07 1.4671620759468277e-06 4.3324114643317086e-07 2.905184038120853e-07 6.13616771945114e-08 0.0 0.0
6.508318920163016e-08 1.236464922900518e-05 1.7173772156265783e-07 2.6402885846914254e-05 0.0006375762733834488 0.000604102912216582 4.902612832389705e-06 5.455138662779837e-05 0.0006132230856424088 2.9223493077711122e-05 2.2225778927479187e-07 0.00029840042562861085 2.4629717201221727e-07 1.3704204158884553e-06 0.0 0.0 1.5156771264383283e-07 0.0 0.0 5.849750411097467e-05 0.0 2.4197998836887135e-05 0.0 0.0008919252718717193 4.5330524259169727e-07 1.314701359187654e-06 1.9522124450001022e-05 0.00011274276145113055 5.058424550777347e-06 1.71925476967885e-07 5.5330511455080575e-08 9.189869747615632e-05 1.635975820707526e-07 6.326346480645829e-06 0.0 9.246792389468117e-07 1.0712350623871597e-07 1.3536445483970347e-06 4.23989468717519e-07 0.0005148977970511939 6.397733226224044e-06 6.99523835883641e-08 0.0 0.0 0.0 0.0 1.9782932262004127e-07 0.0 0.0 0.0 0.0 1.2371110091665785e-07 8.803764480133858e-08 0.0 0.0 0.0 0.0 0.0 6.367997802362894e-08 0.0 5.303370433175205e-08 0.0 0.0 0.0 2.146636820511235e-07 5.560165109831433e-08 1.674720169217087e-06 0.0 5.8118746556654526e-08 7.106718750871162e-07 2.8936917275160793e-07 0.0 0.0 0.0 0.0 0.0 0.0 0.0 4.165409445826904e-07 0.0 0.0 0.0 3.399038519310079e-07 0.0 0.0 0.0
6.821350912305635e-08 1.893934903724734e-05 2.744799945804059e-05 0.0 0.0 4.300713794484079e-07 3.911391702800239e-06 5.535199665552848e-07 0.00011705165895371644 2.633403730067203e-07 2.067984351842213e-06 7.231073748637322e-08 4.3764362440150543e-07 1.81248252247517e-07 0.0 0.0 2.8887924344990672e-05 1.4496925022019718e-06 5.142118989206282e-06 0.0 0.001996249345503322 0.001698502231608792 0.005317972577173307 0.0008807243580988446 4.484344676290719e-07 2.245760517589965e-05 0.00181378076678249 0.00100797386220574 5.446611505459722e-07 2.4331777199767242e-05 0.0 0.0 4.2615328065686555e-07 1.4018781224207268e-05 1.2678069429723765e-05 0.0007917779775331221 0.00038561709030515066 0.00011300485475330281 0.0002281924681316576 2.545794101673389e-05 8.752812383619526e-07 4.2308298363650267e-07 4.939129525743138e-06 0.0 3.1514975758269426e-06 2.6532002981629693e-05 0.0 0.0 0.0 6.619522023901687e-06 7.548103251106404e-08 8.910561866786783e-07 1.635359644182293e-07 7.02351153027662e-08 0.0 6.608060346700517e-08 1.1255827745880234e-07 0.0 0.0013151568173907873 4.9556690758754284e-06 1.2996228565529824e-07 4.3698822407813997e-07 0.0 0.00010879418830232218 0.0005652320064850689 0.0007192489402888423 3.729104074478152e-05 0.0 1.0419865707226906e-05 0.0005155783937246735 2.763622757949554e-05 4.7472087998092013e-07 2.294624528052057e-05 7.523959422780025e-08 0.0 5.645842246048345e-08 8.448301325722443e-07 8.656268965343206e-07 6.265510304889258e-05 1.59283445465863e-05 1.627659112460302e-05 1.7538849035957087e-05 3.7987352347220963e-06 1.3343778421440902e-07 1.5766692465611693e-07 2.805771130384122e-07
5.959652142714427e-05 4.7184370257811215e-05 0.0039787211201686296 2.596502067255214e-07 2.857223801662296e-07 5.686374973652427e-05 5.3967567244668385e-05 0.0008213700468642853 7.769867819193532e-06 5.923685313639794e-06 0.0003631795716582467 2.7699639277796884e-07 1.751897290783732e-06 0.00041596753984800636 1.5156771264383283e-07 2.8887924344990672e-05 0.0 0.0002728690512685917 0.0022133979371576212 6.127251960183027e-07 0.0004943661448695193 2.839996947672099e-05 0.0028759055405520434 3.398700006733498e-05 2.1884125611933177e-06 0.0016130903532904977 0.003864917154383091 0.00012127024938094438 0.0005332971625104902 0.0002565204852611598 2.0061875024131815e-06 2.1476620897687783e-06 4.8241298840289375e-05 0.001129131223932803 2.9250243091400187e-06 0.0002688435771843623 0.0011267929695521544 0.0006522529709987507 0.00013484900866410777 7.5576639278649475e-06 1.1915962886330515e-06 6.781219452520035e-07 1.6927075871121503e-06 0.0 2.8426431294013983e-05 1.2512057333696364e-05 0.0 0.0 0.0 1.8606175436937457e-07 0.0 4.2321470656320874e-07 0.0 1.584325825515365e-07 0.0 7.38761292176318e-07 0.0 0.0 1.0401715961352675e-05 9.642741346807878e-06 1.7853297135501182e-06 8.376749576526494e-06 0.0 3.889020125315278e-06 6.94126258874662e-06 3.999219045954597e-06 2.1416798616358175e-06 1.1546525031191643e-06 0.00019992943381415629 0.0003007529041680982 1.7981388033476518e-06 6.014466919698288e-08 1.1562812688558875e-06 3.262958235470298e-07 0.0 5.07452856011033e-08 1.1774041524037551e-07 0.0 9.811270995455702e-06 4.82938262500154e-06 5.880272847639256e-06 2.5955528357472845e-06 4.0704926031619666e-07 0.0 1.3451109801760488e-07 0.0
8.228892053154413e-07 1.3245475960409145e-05 5.2408683421238475e-05 9.475819395458038e-07 1.540792973499056e-07 6.970729396215738e-06 9.914910033544315e-06 4.7407992197484914e-05 1.0450254213705972e-06 1.3605143088758828e-05 0.0009461088413654802 4.829513366270124e-06 2.3764470163853506e-05 2.1035927545015856e-05 0.0 1.4496925022019718e-06 0.0002728690512685917 0.0 0.0012282235809912801 5.636603134974199e-06 1.8444756742523193e-05 3.4968360607662434e-06 3.02995967993573e-05 2.7142759155739758e-06 2.2111742209100178e-05 0.001384054804762763 0.0004157553337311135 1.5724105102753222e-05 5.912597513514802e-05 6.394253117061268e-06 3.401003550795772e-05 1.301748581220404e-05 2.504587780112509e-06 0.0010784994400995613 7.243291281328274e-06 0.0004962459201058002 0.0007364986015886936 0.0011845305920638143 0.00030889082799029046 1.7827506325832516e-05 1.980688110538533e-06 3.424114192809583e-06 2.7586658508149617e-06 0.0 3.908662937752555e-06 4.095973152162142e-07 0.0 0.0 0.0 4.236249935871681e-08 0.0 1.5879829450024204e-07 0.0 5.6582096899836016e-05 0.0 0.00011198924996603069 1.9341751712761164e-07 0.0 4.165139578440946e-07 1.5364333128354772e-07 2.355294422617783e-05 2.6199636821703477e-06 6.618314952977704e-08 1.982687049984158e-07 3.652716520029593e-07 3.254676549382693e-07 1.462984319722564e-06 8.161572685736071e-06 0.0001644694732502509 0.0001871307466264668 1.506672624567304e-06 1.8803341647724854e-07 1.7056881481305582e-07 8.790800671802343e-05 5.4590472355893254e-08 0.0 1.987744265568029e-06 0.0 4.715623467798308e-06 2.0190966508155987e-05 4.9220176547507655e-06 1.1849983411369425e-06 7.93515935335291e-08 0.0 6.765378538195139e-07 0.0
4.4219025408064705e-06 1.3852721689639771e-05 0.00015084422359887414 4.3195242069053884e-07 0.0 6.96306482224089e-06 8.714212856261996e-06 6.691794821896436e-05 2.153244244374908e-06 5.5917797533741625e-06 0.0004575940552202851 1.589717988520332e-06 5.402778262514513e-06 3.516600398935002e-05 0.0 5.142118989206282e-06 0.0022133979371576212 0.0012282235809912801 0.0 1.854625562769634e-06 6.421073314344528e-05 6.013805650689549e-06 0.0001402273657958242 6.015974186637108e-06 3.6091573510703013e-06 0.005098860566918869 0.0015308305168437919 1.9056330882376567e-05 9.039583852605497e-05 2.283319736474905e-05 5.717763690527758e-06 6.024370333352835e-06 8.968940316846756e-06 0.001632977398862587 4.870878749050407e-06 0.00040635460992382644 0.0005082623726051753 0.0008200117226949235 0.00021203861047216788 1.0977596076340788e-05 1.0638278812979594e-06 1.460268011455729e-06 2.2949320925274163e-06 0.0 1.2668188930875745e-05 1.451273560062795e-06 1.1763860630716737e-07 0.0 0.0 1.6670444497014784e-07 0.0 1.914760383490378e-07 0.0 5.7101597206522835e-06 0.0 6.470926520431752e-06 0.0 0.0 1.6848100412123444e-06 2.9612751255300336e-06 6.343859027626691e-06 9.736233438518427e-06 0.0 2.6047066736889173e-07 1.5434043081370074e-06 9.515698423806977e-07 1.4518512499194597e-06 2.2011647041881604e-06 0.00017022491539639515 0.00015826595726648496 4.895552864132275e-07 5.296600181643572e-08 2.1945585348623024e-07 1.0079320712050586e-05 0.0 0.0 6.822164129233483e-07 7.656900030823145e-08 3.988273380711399e-06 4.05967820368339e-06 3.8017021245138987e-06 1.7495211961617032e-06 2.510061966500903e-07 0.0 0.0 0.0
1.3953581611061274e-07 9.000319369528243e-08 3.46065680973397e-07 0.0024429171150560825 4.875393656996674e-06 0.00048089136423562755 6.633136526267816e-05 0.00036599738614256737 0.00016275877086686027 0.002356793385505014 3.841213335842204e-05 0.0038007594179173924 3.1446757500330907e-06 9.715801046205048e-05 5.849750411097467e-05 0.0 6.127251960183027e-07 5.636603134974199e-06 1.854625562769634e-06 0.0 2.3486197122917295e-07 4.1735682297353233e-07 2.3259405391451588e-07 0.00041026604167260775 0.0 5.800017083186274e-06 2.5711846719610754e-06 0.0030063117880952724 0.00011894969025263546 3.5384133470327485e-07 3.222940959889236e-07 1.3085956834705078e-05 7.201795493949161e-07 9.04682222499998e-05 9.472912092668571e-07 6.150188091025293e-05 4.102687027457718e-06 0.00014890282870777096 2.497954195237107e-05 0.00023700343386439657 1.746896822835815e-05 1.3992621800142237e-06 2.8485242269021053e-06 1.5861864397632393e-07 0.0 0.0 5.146398953406005e-05 0.0 1.0242245890203519e-07 5.074689275618579e-06 5.552063914170183e-07 1.1395616865224974e-05 2.0822334657060623e-05 2.9138767093791676e-07 6.0484504708497975e-06 0.0 6.055148320665147e-07 0.0 0.0 0.0 0.0 0.0 1.068280543614016e-05 0.0 0.0 0.0 8.075953871351998e-05 0.0 9.138082151597276e-08 2.3840619648842664e-07 6.698824433528244e-05 1.970091217439643e-06 1.520739399156274e-07 0.0 2.698009308926016e-07 0.0 5.007518237805484e-07 0.0 4.7563429549739255e-06 0.0 9.323204834797464e-07 4.5500978737390884e-07 2.2127677033022717e-05 0.0 0.0 0.0
3.391823206667316e-05 4.030627810627728e-06 0.0018254117006334307 0.0 6.343348615018287e-08 8.579598042697218e-06 7.714467802090817e-05 0.00024026509765782625 4.902252721562519e-05 1.439643835040549e-06 2.88157302405383e-05 4.388670964582853e-08 3.3527438519080507e-06 0.00019407623148981064 0.0 0.001996249345503322 0.0004943661448695193 1.8444756742523193e-05 6.421073314344528e-05 2.3486197122917295e-07 0.0 0.0001807639506465236 0.007746014130900228 9.579449338147497e-05 0.0 0.0001348273913083783 0.0008625174269640492 0.0009570316601212962 0.00040744618746218694 0.004275990064423286 3.1323798796065307e-07 9.681759680706052e-07 4.1237349226024325e-05 0.0012764299658669773 7.810043133226724e-05 0.003263348948373081 0.0007083261082505185 0.003068813772401058 0.0017514217421533218 0.00012613715830809755 4.015379863878483e-06 2.151256290994897e-06 2.2330377669276987e-05 0.0 1.3136804595491109e-06 9.178413334511833e-06 0.0 0.0 0.0 4.35918652625037e-07 4.7675109073072977e-08 1.7385571203988721e-06 1.4471245377159488e-07 0.0 0.0 6.946858560988178e-08 0.0 1.0945613147983666e-07 0.00041226943793824274 4.485170151541458e-06 4.4906177551949597e-08 5.676660180112781e-07 0.0 0.00018210156229023938 0.00013907118913912024 0.00015717279471528 4.6073256450586486e-05 0.0 7.360260680308321e-06 8.037938309375325e-05 3.677649871175409e-05 1.2688011021728271e-06 5.8230782106479796e-05 0.0 0.0 2.2720738748624822e-07 8.990075572122063e-07 6.775557163424985e-07 1.3960230647306379e-05 2.014341721788533e-06 2.293086337819257e-06 2.3215932643845865e-06 6.39539180504265e-07 1.2263694012324214e-07 0.0 2.884420409550224e-07
1.514126071168306e-07 0.0010707935069969017 4.272313930672046e-05 0.0 9.686526570014677e-07 6.90929011487129e-07 2.9415807990767054e-06 7.395543727090661e-07 0.0016527946450869818 3.1235694093737017e-07 3.6128930882604437e-06 1.334301524426998e-06 3.521916748518726e-05 5.833385691087014e-07 2.4197998836887135e-05 0.001698502231608792 2.839996947672099e-05 3.4968360607662434e-06 6.013805650689549e-06 4.1735682297353233e-07 0.0001807639506465236 0.0 0.0001470012001669664 0.003618529466928834 0.00014937926675587785 9.05307722544728e-05 0.0036032236001036252 0.0004985305926943912 2.1946203084460794e-06 3.11169186777113e-05 1.0099947234522359e-05 1.0900311574842499e-07 4.0068645006313864e-07 6.4365917624820345e-06 3.0104331691785407e-07 3.145784121080438e-05 1.7204665787866187e-05 2.271577915309366e-05 6.082806679978596e-06 6.645182960555344e-06 0.0 9.822646644675335e-06 1.207813298510604e-07 0.0 1.387280055674071e-05 2.7255583019562823e-05 1.6650322277481376e-07 0.0 0.0 1.1764404689037055e-06 1.3383003991519365e-07 1.1833905322063503e-05 1.8373237178955595e-07 7.869909105076111e-07 0.0 1.3320741811333759e-06 2.7552979200137756e-07 6.289668572095357e-08 0.0003593997770066479 2.6972048666750885e-06 5.40356636387881e-07 1.572357864340124e-06 0.0 3.3112020268893996e-05 0.0001083220434917086 0.00014747417757251003 3.1467213926611955e-05 3.6832576761184113e-07 2.9829352921852392e-05 0.0005785118553250755 1.993062629500042e-05 3.0378685290794956e-07 1.02620791265968e-05 1.1841698606656743e-06 5.326361433390596e-08 0.0 4.872521463546565e-07 4.760636677980468e-07 2.6225763032411436e-05 7.059313976977811e-06 9.99210895004758e-06 7.658292248847749e-06 1.7322808519917115e-06 3.97034150269385e-07 3.62125785026744e-07 7.2217107856209e-08
5.435251067333905e-05 3.4922634688877215e-06 0.007718152969350683 0.0 3.4110827202367864e-07 4.179101412713619e-05 0.00025586930752779797 0.0006984801024944643 2.2764518471711033e-05 7.6141857895385155e-06 4.446505844670844e-05 4.892659311644281e-07 9.865489585946683e-06 0.00041577014509870306 0.0 0.005317972577173307 0.0028759055405520434 3.02995967993573e-05 0.0001402273657958242 2.3259405391451588e-07 0.007746014130900228 0.0001470012001669664 0.0 5.294933571391537e-05 1.5345195402056022e-07 0.00029129053087350475 0.0056980278836675415 0.0007577771450806801 0.000399952965952387 0.0013919225735058336 2.572445276919629e-07 1.6491510760719584e-06 1.910040379874676e-05 0.0015548114719773731 0.000132587784535504 0.005689410858406374 0.002805433172274272 0.004741904862952203 0.004373258856521072 0.00019120844204863416 1.3957537824412713e-05 8.61948053697266e-06 4.853864958462328e-05 0.0 6.6264125941151435e-06 0.00017555297789092195 0.0 0.0 0.0 3.475380901891949e-06 4.7001330125103747e-08 5.580562193638704e-07 7.466381807288787e-08 1.3496844438520355e-07 0.0 0.0 0.0 0.0 0.0007316641056305758 7.145990962113993e-06 3.307817956140271e-07 1.5598790263066086e-06 0.0 3.9077037213285397e-05 0.0002862839571290234 0.00046102824029337194 2.351934679624982e-05 1.9352400754232796e-07 2.9051638538832073e-05 0.0009411570694404501 1.679645107963911e-05 5.750554690081353e-08 9.846743473904244e-06 0.0 0.0 0.0 1.2889016437180533e-06 8.703668664383024e-07 7.655288224027841e-05 1.903061921845091e-05 2.9266033076451233e-05 2.3497670813912802e-05 3.938573607079705e-06 3.7176372572158287e-07 2.487313014118226e-07 7.366246016434685e-07
3.1985383423837063e-06 0.00039282371909385926 4.118025598262209e-05 0.0007395762699755713 1.8881490043808498e-05 6.85953601939781e-05 0.00023811827434353538 5.6908773142484066e-05 0.005896569145522287 0.0002587931372617777 1.0387186379258327e-05 0.00044437775198100023 8.274918834206187e-06 2.86398710645657e-05 0.0008919252718717193 0.0008807243580988446 3.398700006733498e-05 2.7142759155739758e-06 6.015974186637108e-06 0.00041026604167260775 9.579449338147497e-05 0.003618529466928834 5.294933571391537e-05 0.0 1.921254833034288e-05 7.750936663532123e-05 0.0015238106709631507 0.005439871550371336 0.00012206494432666571 0.00013598928584366936 2.258722119494238e-06 2.867717858099259e-06 3.5912820378238715e-05 7.106057908547036e-05 1.1105095980688395e-05 0.0005549291581256826 8.173586947507645e-05 0.00020386723597616473 9.808833927815125e-05 0.000722553705603633 1.0738690091832575e-05 1.8049137080096573e-06 5.48124595619159e-06 5.741698751712453e-07 6.3837835843578675e-06 1.3070064055518809e-05 0.0001124254300551223 4.386805459763835e-07 4.474207801654096e-06 6.55774665187654e-05 1.3922219544254787e-05 0.000621113995278157 0.0001722857544359696 3.072810157293701e-06 1.7681089089837933e-05 4.346057823453002e-07 2.117465793367353e-05 1.7163418923470524e-06 0.00031213923045784743 4.048610483251225e-06 8.79701333018082e-07 1.0698097585855985e-06 6.472335795917971e-05 0.00027356787577760897 0.00021732886389030196 9.701618743213255e-05 0.0024096368558475566 2.4560269319029686e-07 2.0095477766354134e-05 7.699337225505138e-05 0.0012175216005152008 2.769738355501506e-05 0.00024392278334898354 4.7065972489562904e-07 2.7587190375480996e-06 2.1255847510159766e-06 2.0582093631683482e-05 8.859288870839771e-07 0.00018765142153139396 1.991143478305076e-06 4.819530422005871e-05 1.181001003043633e-05 9.589848013208414e-05 8.460577662215563e-06 3.6322475306509345e-07 2.238474307967516e-06
