0.0 4.4856828434077694e-07 9.624187979215016e-05 1.747824717630663e-06 2.1547476095076392e-06 1.0707443676161681e-05 0.0005594218337232323 0.00012163256603182943 4.1922595394483624e-05 2.3185228204014814e-05 9.397564762446304e-06 2.3105562341450665e-06 7.2282999563489e-07 0.0014268727482883957 0.0 0.0 5.975409890934352e-05 9.821378162030817e-06 2.64175331889188e-05 3.6176483744937277e-06 0.00012494313831187871 1.247540892046488e-05 6.639311312331785e-05 4.4289125158079995e-05 4.4385272083291795e-07 0.00012991433538357306 1.9745428412614796e-05 0.00015693335342384533 0.003029414108197671 0.0010759968314059708 0.0 3.2178870211033227e-06 1.3451619345442505e-05 5.658051363412718e-05 0.0 3.87768546744728e-05 4.243649966293419e-06 2.813074709501415e-05 4.500618644453953e-06 1.1728643228143576e-06 3.979649712390593e-07 2.621306993205742e-07 0.0 7.967506305725296e-08 0.0 8.834361457385534e-07 0.0 0.0 2.628899788753155e-07 6.957548477184288e-06 7.067548283314695e-07 5.865275444757062e-06 8.32941003928439e-07 2.786772596159422e-07 0.0 9.16736516297872e-08 1.5917393692844408e-06 0.0 2.806767897851492e-06 0.0 0.0 0.0 9.322194923986773e-07 2.762378138537198e-06 1.5504021137149864e-06 1.448891717127052e-06 7.94249440306233e-06 0.0 7.336466727330591e-07 9.189730888754996e-07 1.3156180256595699e-05 1.0727867116712856e-06 3.844067706588686e-06 0.0 0.0 4.882609736006847e-07 8.507847412840107e-07 0.0 7.449655791157196e-06 6.852281864987387e-07 4.710820096292456e-06 1.560583253010428e-06 1.151399238496339e-06 0.0 7.200211380024817e-08 0.0
4.4856828434077694e-07 0.0 1.1558617899849966e-05 0.0 0.0 1.0623592087531666e-07 9.027694403589056e-06 1.1177815921944153e-06 0.00026974150306351407 7.150255938831882e-08 8.967121531710838e-06 1.1750167373360086e-05 0.00045942278558562646 1.5377672013679516e-06 3.650369149947074e-07 0.00016084230800616332 0.00011312457059430551 1.5197774530601435e-06 7.901871082127116e-06 0.0 2.7779939346208432e-05 0.0021166451188965843 2.7316432671737987e-05 0.0001449696522838138 0.001922226635875371 0.0001577338280246359 0.0027697059692892304 4.543877596897725e-05 7.818899386327973e-06 1.7694339486580673e-05 4.757346085788077e-06 0.0 1.3168759190286492e-05 1.8730457902687608e-05 5.508895263962188e-07 4.7261377368095594e-05 7.972797458965329e-05 7.173693890896265e-05 2.490014483319381e-05 2.4341418038069406e-06 0.0 3.630226678379683e-05 3.4358884465388356e-07 4.933041589109521e-07 8.537972149727658e-05 4.554574837108884e-05 0.0 0.0 0.0 6.125719438379525e-07 0.0 3.2449201863118663e-06 1.3462180001225626e-07 4.188372011586722e-06 0.0 1.4929387424052082e-05 0.0 0.0 4.692794917610036e-06 1.577569980101554e-05 5.271246681233298e-07 2.1421581705078654e-06 0.0 9.523695534738909e-07 1.3588736929468156e-05 5.41496830317938e-06 1.1449805460762707e-06 3.574731916184905e-05 7.020466000464474e-05 0.000851811134234379 6.801746962252307e-07 2.3461320083972352e-07 1.2499311205645353e-06 1.0127048923534675e-06 0.0 2.319400235109592e-07 3.532884046604638e-06 9.229250422782632e-08 1.3752102328515287e-05 1.617079049403053e-05 1.299253718861882e-05 3.740746389940148e-06 2.447358905480505e-07 0.0 1.5744105924149545e-06 1.1553882661362441e-07
9.624187979215016e-05 1.1558617899849966e-05 0.0 5.308584912423831e-07 4.074591403828373e-07 8.861586476762638e-06 0.0008831048585182551 0.00011101944878018265 3.62178831898811e-06 1.706346537836091e-05 6.979145132149627e-06 3.2443188048902884e-06 6.414236360809606e-06 0.0003402203049470115 0.0 1.0525893376638975e-05 0.0004948356454735302 2.7976681221512998e-05 6.070318257168975e-05 3.575382562625413e-07 0.00014647252506626326 1.7061568350726116e-05 0.008624267564787517 6.909119266801779e-05 2.917153364405787e-06 0.002763431581163319 0.0066480149092149835 0.0005755011124090363 0.00019139483652281706 0.000230914823449985 1.6695740974159277e-06 3.1757890167769904e-07 4.205092903503491e-06 0.00012686005360619724 1.1782155761822286e-05 0.000733437137215069 0.002332010278934736 0.0003821555559921954 0.0002366931339640423 9.215129859399154e-06 0.0 7.607041609425757e-06 2.435292831214007e-06 5.110492542405291e-07 5.5925173544853886e-05 0.0003566873529576722 0.0 0.0 0.0 5.771816650885984e-06 7.321086646750081e-08 9.7657720666776e-07 5.747804381028054e-07 1.3098657268556408e-06 0.0 1.6612235942573198e-06 1.5328694105614725e-06 0.0 3.1766429735667855e-05 4.2952347819375825e-05 9.130852561744337e-07 2.133033885844751e-06 5.235188659359408e-07 1.7614852727976336e-05 2.3369584540918276e-05 4.9814275951887664e-05 8.776626863141951e-06 5.448069165335223e-07 6.344185692658415e-05 0.0009752431058814397 8.804686343099239e-06 1.7474451292239963e-06 1.5530241746246453e-05 4.228892560291331e-07 0.0 4.6909258099529094e-07 9.249269514247763e-06 4.745738402588321e-07 6.451166077777414e-05 0.00010653511521400316 3.232192020211989e-05 2.325843157035951e-05 6.718237358673561e-07 2.2930513790502397e-07 4.810457116317753e-07 0.0
1.747824717630663e-06 0.0 5.308584912423831e-07 0.0 5.36127954230029e-07 1.1000384725821179e-05 2.1708347220408827e-05 6.446703966021983e-06 0.0002169690119927372 0.0008490589109025143 1.206718130517127e-07 0.0001516170352118614 9.950762544100637e-07 1.079431485532643e-05 8.032993987524262e-07 0.0 9.272024753250735e-08 7.525042725787049e-08 0.0 0.0017842567383984712 5.335812772600877e-07 7.76315010027417e-07 1.0935653909153858e-06 0.0017913554821223341 1.7157275157430623e-06 2.5036993142262756e-07 8.383943843108704e-07 0.0012413816318277912 4.464951697989871e-05 2.5389711588447634e-07 0.0 3.9928153560298695e-07 2.074569688902184e-06 1.641944829125652e-05 0.0 7.150055275101269e-05 6.792202388173676e-07 2.8243180043721387e-05 1.1846423995573405e-05 2.3178587132953806e-06 7.179011101412242e-07 1.5592618032925407e-06 6.093806724101524e-07 2.175718533337658e-07 0.0 3.313532881604496e-07 1.816095347733722e-05 0.0 3.886010622759368e-06 3.198531047344528e-05 5.9515628729258755e-06 2.5615394007792407e-05 4.3939933547036184e-05 7.00849796718673e-08 7.258735445413344e-05 0.0 7.22173218100849e-06 6.70859271446336e-08 6.041724227535009e-07 0.0 0.0 0.0 7.232630885305832e-05 3.727182736359718e-07 4.3422912320018357e-07 3.941228484016421e-07 0.0002741204763327435 0.0 0.0 8.185721351096701e-08 8.699726672914105e-05 1.8423160421056808e-06 3.7215811925925487e-06 0.0 1.069802412810267e-07 7.661531809796435e-07 1.8966716615057833e-06 0.0 1.7401644785132643e-05 1.50130666947923e-07 9.504933566596001e-06 1.589286967830646e-06 9.760089886316214e-06 1.6337756362985965e-07 3.4889404110329486e-07 0.0
2.1547476095076392e-06 0.0 4.074591403828373e-07 5.36127954230029e-07 0.0 0.00016060042587638011 1.2440266083095576e-05 0.0001750811589804362 3.5290415795835034e-06 2.2853314682366763e-05 8.987972763341444e-05 7.450720587700377e-06 2.8358164775646546e-05 5.286396851200238e-05 0.00042147284866406794 0.0 3.402705283377969e-07 1.2832612440082498e-05 5.241037856153928e-06 6.557127056479953e-06 8.915667257758789e-07 0.0 8.176153917054746e-07 2.0807254968811387e-06 5.565919570891517e-07 1.3693484825980504e-05 2.37261376560514e-06 6.136871221991688e-06 0.0001757850079889313 1.6494205071733434e-06 9.340726700004655e-07 2.03600444173168e-05 2.429398679916337e-07 0.0005450539662376386 0.0 0.00010070334513973719 1.2603309829616112e-05 0.0009579614998168013 0.0001639599281613126 0.0009102601336010663 6.207146491080476e-05 1.4138112720464011e-05 4.329353068114413e-06 0.0 0.0 0.0 0.0 0.0 4.3867811385037544e-07 1.3010778535224054e-06 1.6992095329703793e-07 2.576771418147887e-07 2.506786693542123e-07 0.0 0.0 0.0 0.0 0.0 1.1970306945104193e-07 0.0 0.0 0.0 7.401989854915378e-08 0.0 2.6338557260595944e-07 0.0 1.7282031840444857e-06 0.0 1.3647792115538864e-07 1.3165294318488702e-07 1.6208338918730991e-06 7.23902605662162e-08 1.9379639214755252e-07 0.0 0.0 0.0 0.0 0.0 1.5121006818227537e-06 9.62440928985902e-08 1.6323592432454095e-07 8.579630728537492e-07 0.0 7.65394723356168e-08 5.178679549221403e-07 0.0
1.0707443676161681e-05 1.0623592087531666e-07 8.861586476762638e-06 1.1000384725821179e-05 0.00016060042587638011 0.0 0.000559758946155343 0.0038133231600257817 5.421080096739071e-05 0.0021850307819121528 7.968579280484568e-05 0.0007981688566762765 2.546081035869058e-05 0.0003925541353186066 0.0005973659884662168 0.0 8.199479966773294e-07 1.2996291842558384e-05 5.3320648687718336e-06 0.0003030976350015508 6.609349440610776e-06 5.692447824007027e-07 2.188201511690274e-06 0.00019378851440898356 1.1170865003344353e-06 1.961498206452759e-05 3.1255438448129816e-06 4.149593845690438e-05 0.0003067648936009689 9.180748032777313e-06 5.968118536110009e-07 8.220752872259895e-05 1.529475784793189e-06 0.00035325331141123516 0.0 0.0006593793470592262 1.5451800890040327e-05 0.0014505243973961014 0.0003320398428207211 0.0011483108052437157 5.1640035236613215e-05 1.374734331566591e-05 8.013827999067823e-06 1.535983384490827e-07 0.0 0.0 1.2886334956651247e-07 0.0 1.8026095033039503e-06 1.2679001063748716e-05 1.8389207211041624e-06 7.149645023007624e-06 5.058129397408188e-06 2.0452735722594626e-07 2.869229685930337e-06 0.0 1.6503622811543662e-06 0.0 8.235828027642481e-07 0.0 0.0 0.0 8.208242514349412e-06 6.831951960214222e-07 2.103611222609573e-07 1.2992670259290697e-07 3.4964891777772984e-05 6.506850199065661e-08 1.4047150537674667e-07 8.68471191817798e-07 2.0174212328511568e-05 8.473417739544483e-07 2.599696355134753e-06 0.0 0.0 1.778846864245478e-07 7.468983212051241e-07 0.0 1.4641473198133605e-05 6.817665253699576e-07 4.217310228534043e-06 1.5474943777513443e-06 2.154417537322646e-06 2.2119172081993478e-07 2.340002353243733e-06 3.202113214898379e-07
0.0005594218337232323 9.027694403589056e-06 0.0008831048585182551 2.1708347220408827e-05 1.2440266083095576e-05 0.000559758946155343 0.0 0.0013378579504737488 0.0007260523371022124 0.006703174367950761 1.022560948586696e-05 0.000692540145680979 5.335418266141743e-06 0.002398696617824703 3.4637703328350124e-06 9.476034607140745e-06 5.5079811644068726e-05 8.548564110304145e-06 1.8571655336908006e-05 0.0001241460222147061 0.001451767124355906 3.7742515117970034e-05 0.0005086367929903214 0.00028190218089433857 7.563453680020399e-07 0.0002225439232810529 0.0003414651260181573 0.008065244522965158 0.00200933248436859 0.00436814564662167 1.7489509124393717e-07 1.4637478416974843e-05 0.00010969006618241337 0.00034149163590596273 1.15807640775111e-06 0.0006664090426388859 9.046469116289945e-05 0.0004691565305200568 0.0001667600649848421 3.247397863693194e-05 1.7905202300274845e-06 1.758563701675965e-06 5.908634255685102e-06 1.9221167990017032e-06 3.853963430252199e-06 1.6005861499177643e-05 3.108771253419615e-06 0.0 3.693745051908365e-06 6.992709489508698e-05 1.5691030390776402e-05 6.848240041106353e-05 3.4294195294950846e-05 7.209859620184303e-07 5.663511538598179e-06 5.009098279568094e-08 1.937426627062128e-05 2.3498377882489254e-07 8.008570017432536e-06 1.2808653410822287e-06 0.0 7.429824557219847e-08 2.7993289221170452e-05 3.408289032333242e-06 5.613241821711756e-06 1.0769445660479426e-05 0.00020316024976565618 0.0 1.6060700696700705e-06 4.6634937394118404e-05 0.00018809855737062048 5.453715237228698e-06 1.140181815453317e-05 0.0 0.0 1.018699134330987e-06 5.495437608692579e-06 7.90917024786701e-08 1.849505101933262e-05 3.540681878043287e-06 2.4746198905149634e-05 6.793567220451167e-06 3.463349118746821e-06 7.4649277004461e-07 2.6185952056557836e-06 5.777000920697967e-07
0.00012163256603182943 1.1177815921944153e-06 0.00011101944878018265 6.446703966021983e-06 0.0001750811589804362 0.0038133231600257817 0.0013378579504737488 0.0 0.0002994639712706644 0.0015593373764408358 0.00011761889053289292 0.0001451259926517463 2.7257171319620555e-05 0.0037709938410885754 4.987396215513914e-05 5.352902110618597e-07 3.109400209607734e-05 2.415734512361455e-05 2.381950366929382e-05 0.00014361125031365888 0.00011718487058606273 2.5446065523099787e-05 5.2881256387517266e-05 0.00017458044291250108 1.1164563513185667e-06 0.00011420245640316139 2.0043072239613903e-05 0.0002516604953111998 0.0009000951425785778 0.00013660967817562004 9.190255743238691e-07 0.00013621649539569204 3.2224013604261886e-06 0.0005928587007742164 1.3086470596424988e-07 0.00017318368310542082 1.8222618639359452e-05 0.0009970255677998947 0.00012642956844669307 0.00032544383521499045 3.185306984426853e-05 8.95749899745168e-06 2.0469737268079045e-06 1.325803677871366e-06 4.2164525278473346e-07 1.7916084927082928e-06 5.342809822092951e-07 1.7791587871607162e-07 6.243575391971861e-07 5.591024937413511e-05 1.2484710886119301e-05 4.200340168154153e-05 1.343705952144249e-05 9.467417233174387e-07 5.904132163138092e-07 5.446394994088909e-08 1.651139681724976e-05 1.1743444669113212e-07 5.930328109159648e-06 2.038828244129322e-07 0.0 0.0 9.992845722841768e-06 3.780722039312328e-06 4.589175702248477e-06 1.4452645447267611e-06 6.576328885249225e-05 0.0 2.2767282864547358e-07 3.072940531500115e-06 9.596453329062373e-05 6.864442548679609e-06 1.9909842775754107e-05 5.598322310315839e-08 0.0 1.3205183361990857e-06 6.082275290437849e-06 0.0 2.5515474685199854e-05 2.0158703631099226e-06 2.315251232418957e-05 6.6621772336263786e-06 3.6597921090208414e-06 4.1411597197585893e-07 1.8522315075307765e-06 4.050139051422639e-07
4.1922595394483624e-05 0.00026974150306351407 3.62178831898811e-06 0.0002169690119927372 3.5290415795835034e-06 5.421080096739071e-05 0.0007260523371022124 0.0002994639712706644 0.0 0.00014591885643614648 3.1940481170975572e-06 0.0005458248472545873 2.0509012241595717e-05 0.0002089707039618142 7.634315434053991e-05 6.113746153474705e-05 5.770052103159964e-06 6.69034173071404e-07 8.671672235505134e-07 0.0003251115726242711 2.4068688231993697e-05 0.0021134643896157028 1.726413816049077e-05 0.005279189230983157 6.359169155957562e-05 9.271991994152742e-06 0.00013664669514983841 0.0036819780118888907 0.00019369067238923768 0.00017606247854557109 1.778436001354161e-07 3.606049670893046e-06 2.7402038482582507e-05 6.172989197073201e-05 4.927225603475196e-07 0.0007549982655165457 2.5157289255670102e-05 0.0002062201258846265 7.006016106688967e-05 7.434541112182301e-05 1.9105031978968353e-06 2.7185583269106484e-06 4.274065954011176e-06 7.91877737605202e-06 1.1526301627594774e-06 1.0481628766633982e-05 4.695533263814009e-06 0.0 9.568626689903615e-06 0.00019485285013126201 3.3559250813297914e-05 5.3549623953784106e-05 4.521410679053703e-05 2.7013548688737923e-06 3.660498682746892e-05 1.0199408772644069e-07 4.681687038997538e-05 0.0 0.00011982861408360086 3.6540927040623794e-07 3.1031305497647175e-07 4.668179170405801e-07 6.518342555548441e-05 5.2788688587686216e-05 1.868539256724382e-05 1.656597343855593e-05 0.0010682141158843306 0.0 8.60802547425796e-07 7.968135704728888e-06 0.000524193155938215 2.3870177093132483e-05 0.0001099095404829912 4.59623655415503e-08 7.958827995829747e-07 9.20023045963389e-06 2.153966153733649e-05 0.0 0.00010454825696973546 4.704765668398023e-06 7.938107358289368e-05 2.4378589977153726e-05 1.1156619814632754e-05 4.441452836709056e-06 1.4881496561182408e-06 2.100772153866088e-06
2.3185228204014814e-05 7.150255938831882e-08 1.706346537836091e-05 0.0008490589109025143 2.2853314682366763e-05 0.0021850307819121528 0.006703174367950761 0.0015593373764408358 0.00014591885643614648 0.0 1.9170319366392064e-05 0.001729676682169623 3.4505289996003288e-06 0.0006938565506775713 1.877377968047507e-05 1.7491839813238312e-07 1.2813843290315157e-06 5.121130932337843e-06 4.475116151566917e-06 0.002969464118584493 1.9567012178103812e-05 7.076431819173087e-07 6.742817783381663e-06 0.0007023629299927445 1.7837394409254929e-06 8.806506987634127e-06 6.5151170655809385e-06 0.0029221123576732193 0.0009941598855538949 5.449785542752017e-06 6.008115149866528e-08 2.3424980987291035e-05 2.2130271287690005e-05 0.00034019760592297004 7.49512329756917e-07 0.0005634403018520069 1.5010943764486263e-05 0.0006462157432375934 0.00014631808389894635 7.569096545868232e-05 6.393209232292242e-06 1.9193518273617987e-06 7.540283581485329e-06 4.2412719753045007e-07 2.176756940750146e-07 1.4407967164393797e-06 2.9516612290501074e-06 0.0 5.205562501354115e-06 3.720778009065556e-05 9.908403679338933e-06 1.801991963741108e-05 3.9602216223825673e-05 4.876225076678239e-07 1.6486626100042496e-05 0.0 1.1027814180052287e-05 1.5294104515317262e-07 8.642802618996054e-07 6.372736907379056e-07 0.0 0.0 4.763874575896241e-05 1.0047279569550058e-06 5.302663205880487e-07 2.5917521942455016e-07 0.00019770638925207637 0.0 1.4147531975710013e-07 1.1601581336153972e-06 0.00010576343936383544 3.1766897044688822e-06 3.95067280302895e-06 0.0 5.362065873667805e-08 4.863983848859073e-07 2.7997318631320848e-06 0.0 2.0809356590549372e-05 1.1497855100204583e-06 1.104768170739207e-05 3.2697933777996516e-06 1.1906280261540777e-05 3.041085013364049e-07 1.061366762709628e-06 9.756009732184322e-08
9.397564762446304e-06 8.967121531710838e-06 6.979145132149627e-06 1.206718130517127e-07 8.987972763341444e-05 7.968579280484568e-05 1.022560948586696e-05 0.00011761889053289292 3.1940481170975572e-06 1.9170319366392064e-05 0.0 7.829321053534107e-06 0.0016015789146651505 4.5086103391694066e-05 2.5505685113959265e-06 7.867682342570743e-07 7.825284905088455e-05 0.002125216497676659 0.0007170604880868791 3.2258706398303864e-06 6.137934549332731e-06 5.909597672143759e-06 2.4625890205919785e-05 1.5594357753190148e-06 0.0005714024331228107 0.000738648503260073 0.00012962342178149196 2.555832554774291e-06 0.00014352528387533457 3.288755776450177e-05 0.00013812372028477717 5.1391916811231896e-05 2.3697182661432124e-06 0.004505642006333493 2.570721048539078e-06 0.0003774731372838554 0.0028359031659617178 0.003076961136794017 0.0004899801574401403 1.4524152409125275e-05 6.422269219383954e-05 0.0008585685361246924 1.0149949110116307e-06 6.96863635564056e-08 2.583367668269575e-05 2.9677329904758476e-07 0.0 0.0 4.672851644167069e-07 1.858637023365246e-07 1.5482503849922352e-06 5.17258102471458e-07 1.320742446032751e-07 0.00046907618219255176 5.7894167061696324e-08 0.0006645220684871819 7.365288877309095e-07 0.0 7.172186914339437e-07 1.4942048237508122e-07 1.2816624551605325e-05 3.1074220635215192e-06 1.4382052596266822e-07 2.970724255204341e-07 6.149069966238571e-06 1.1159355653946365e-07 1.2340017330451829e-06 0.00025738228372860513 0.00020638355357065238 7.39382455187804e-05 5.925593918634486e-07 9.527688528197174e-08 1.1566755646100511e-07 9.65988848307784e-05 4.5310481580780965e-07 0.0 6.2141206528690485e-06 6.5812940035279e-07 1.685342980252592e-05 0.00018617014391544333 4.203761242830752e-05 6.73731126000585e-06 1.1204642011844511e-07 1.6162900760402263e-07 9.026679384744436e-05 0.0
2.3105562341450665e-06 1.1750167373360086e-05 3.2443188048902884e-06 0.0001516170352118614 7.450720587700377e-06 0.0007981688566762765 0.000692540145680979 0.0001451259926517463 0.0005458248472545873 0.001729676682169623 7.829321053534107e-06 0.0 3.129172856284479e-06 7.201962435235407e-05 0.0008768493547203668 5.821834291727435e-07 1.409420302037944e-07 1.3708904092134097e-06 4.486845876148381e-07 0.0016562979155387604 3.7094266528365362e-06 0.000116636074765179 1.4205166052896901e-06 0.0010970974063655777 4.665542918339137e-06 3.182769576273051e-06 6.745882503079936e-06 0.00018059973109804003 0.0001820240047049105 1.2076933827860062e-06 1.073819499128746e-07 6.722489455689114e-06 2.0378373751664e-06 8.516593526414284e-05 0.0 0.00033563455574778185 3.6607676232803113e-06 0.00034609474899907513 6.459572865761665e-05 0.0007515195912479123 3.1838976666607407e-06 2.7693904554025265e-06 2.9070767644931693e-06 6.319072809575e-08 0.0 1.1789514943955774e-07 1.5666932239375368e-05 0.0 6.8697085492817994e-06 1.3511617635995474e-05 5.5371804976156735e-06 9.316775793480175e-05 5.781600140862615e-05 7.488510963280031e-07 8.277362771719328e-05 0.0 3.891691159258218e-06 0.0 1.3218890401480546e-07 1.444420703856016e-07 0.0 0.0 0.00010604150728470773 2.652299658173479e-07 4.01827859656191e-06 4.920771953290994e-07 0.0003816048194785784 1.910958958783527e-07 0.0 5.724625457006023e-07 3.857159468367632e-05 1.5616223847498434e-06 3.6808688256788644e-06 2.928111434229894e-07 0.0 4.6140260748695053e-07 7.112201189060689e-07 0.0 6.49639682791579e-05 3.8654312515729986e-06 4.321964697146859e-06 1.9938625370290456e-06 4.025157676827988e-05 0.0 7.867125586879812e-07 7.535887595127618e-07
7.2282999563489e-07 0.00045942278558562646 6.414236360809606e-06 9.950762544100637e-07 2.8358164775646546e-05 2.546081035869058e-05 5.335418266141743e-06 2.7257171319620555e-05 2.0509012241595717e-05 3.4505289996003288e-06 0.0016015789146651505 3.129172856284479e-06 0.0 5.6371803591981045e-06 8.071860856756418e-07 9.828074025084803e-06 9.572592569904257e-06 5.312303800538084e-05 1.8306819497406584e-05 6.254977982772606e-06 6.031171005092769e-06 0.00022941209935490147 1.5395196764648043e-05 1.9072222840766896e-05 0.004491330822243425 0.0007939090305016418 0.0025065241191540313 1.5550032083966274e-05 1.889566742781847e-05 1.770834759435582e-05 0.00036591586496768013 1.1732868930891372e-05 6.876619506610887e-07 0.0006335755239064091 1.4594900009235066e-05 0.0008689430368822148 0.0033909296534164854 0.0027164724702869493 0.0004023600253058214 8.180316845315849e-05 8.974445234667547e-05 0.0006870087438635925 4.402447405276755e-06 7.509985458711038e-08 3.1329655949229325e-05 1.247998457072308e-06 0.0 0.0 1.6551990384273162e-06 3.56170610411587e-06 2.283556480442464e-06 3.3543377620191774e-07 7.833353355855139e-07 0.00059805751783465 9.57272419705935e-07 0.0006650640028104504 6.295799312086737e-07 0.0 5.700401128881607e-06 8.121455881089459e-07 1.5548720081320866e-05 4.989215438621419e-06 4.681711857725805e-07 4.955578482071828e-06 2.3146238178656665e-06 2.2579146702059333e-06 3.45233223974067e-06 0.0005868673534588161 0.00028563374114415075 0.00021254404580780842 2.204783723254281e-06 3.314736959537676e-07 8.021546909693775e-06 8.150971142073587e-05 1.750736814967083e-07 1.7608621605408107e-06 1.2863873193343675e-05 1.4631795065361408e-05 0.00019140155418246086 0.00022790830066688145 6.86534302986127e-05 4.0994777010101864e-05 1.4419767035671692e-05 2.683618814788135e-06 0.00010480724030416906 1.3819192010858389e-06
0.0014268727482883957 1.5377672013679516e-06 0.0003402203049470115 1.079431485532643e-05 5.286396851200238e-05 0.0003925541353186066 0.002398696617824703 0.0037709938410885754 0.0002089707039618142 0.0006938565506775713 4.5086103391694066e-05 7.201962435235407e-05 5.6371803591981045e-06 0.0 1.218654728519914e-05 1.1613424389645736e-06 0.00010013999606516652 2.187701424564143e-05 4.548220945236076e-05 8.665922861749097e-05 0.0004261315162712096 3.70358186313472e-05 0.00019755976656208403 0.00013735536032109116 8.566525496846224e-07 0.00030829635048669116 5.1601552342845855e-05 0.0004102567824960011 0.0032136454589503224 0.0009425641214462291 4.850883394643287e-07 8.407273615662176e-05 5.965671230630061e-06 0.0003018489660771655 1.5879138237732334e-07 8.340064635646668e-05 1.9536326514737866e-05 0.00027399912775176205 2.3586404234676888e-05 2.952958689162891e-05 6.132339057034503e-06 1.1180941418322433e-06 4.0218501293526005e-07 1.389313870101715e-06 3.541132789535513e-07 2.4814641316832344e-06 8.787035836647102e-07 0.0 1.0886805044297738e-06 3.60887157206093e-05 6.715788671321672e-06 3.073395289116956e-05 7.223360853222191e-06 1.0374035261887526e-07 1.266967957722674e-06 0.0 7.266264427244724e-06 0.0 6.801907208026648e-06 2.851483347429721e-07 0.0 0.0 5.660072896681901e-06 4.1551458922430945e-06 4.626874036937614e-06 1.6475775780270217e-06 4.338043398241015e-05 0.0 3.5724604942353295e-07 5.397506368307822e-06 6.555744992927188e-05 4.523513755610025e-06 1.534988051413719e-05 0.0 2.2740376430865815e-07 7.390071183747199e-07 3.497322049975306e-06 0.0 1.7026914315880368e-05 1.269693584540315e-06 1.6878899145897606e-05 3.523192793754616e-06 1.6940091070719615e-06 1.345689102764457e-06 9.566415566372795e-07 0.0
0.0 3.650369149947074e-07 0.0 8.032993987524262e-07 0.00042147284866406794 0.0005973659884662168 3.4637703328350124e-06 4.987396215513914e-05 7.634315434053991e-05 1.877377968047507e-05 2.5505685113959265e-06 0.0008768493547203668 8.071860856756418e-07 1.218654728519914e-05 0.0 0.0 0.0 1.3825184403490567e-07 8.225579880400623e-08 1.4729714726789462e-05 1.2210136214221731e-07 2.6317371263039107e-06 8.47328962100848e-07 8.447579214443367e-05 1.2421497893960402e-07 1.6392163075688356e-07 5.680134779943543e-07 9.652434988441294e-07 1.0213577994358457e-06 1.6035954503867571e-06 0.0 3.6992799771190545e-05 0.0 5.4584572515120935e-05 3.040715976500002e-06 0.00018975111285206696 1.3997500752171068e-07 5.848185766665282e-05 1.691534964508782e-05 0.0003598191115634842 2.099886696560546e-05 0.0 0.0 0.0 0.0 0.0 0.0 0.0 0.0 0.0 0.0 1.5507322732301769e-07 0.0 0.0 0.0 0.0 0.0 0.0 0.0 0.0 0.0 0.0 0.0 0.0 0.0 0.0 1.3630116997382404e-07 0.0 0.0 4.457417500490908e-07 4.031261139600596e-07 0.0 0.0 0.0 0.0 0.0 0.0 3.116795752952994e-05 2.0679428988969144e-07 0.0 0.0 5.527405073866999e-06 1.3560614078610305e-06 0.0 0.0 0.0
0.0 0.00016084230800616332 1.0525893376638975e-05 0.0 0.0 0.0 9.476034607140745e-06 5.352902110618597e-07 6.113746153474705e-05 1.7491839813238312e-07 7.867682342570743e-07 5.821834291727435e-07 9.828074025084803e-06 1.1613424389645736e-06 0.0 0.0 8.641510450579499e-06 2.8525146656850444e-07 5.522546412125825e-07 1.1423593713112568e-07 0.0009799701599729782 0.0014938588747562143 0.004267474584840978 0.001128419628331791 1.4245524064693768e-05 8.374624262439847e-06 0.002815202423231661 0.0003082199783698354 2.4556839390440245e-06 1.418070721750831e-05 0.0 0.0 1.6522607728542332e-06 2.2205153525700455e-05 1.4866679554889429e-05 0.001640991117836169 0.0003863825849825915 0.00015880919742414066 0.00022792898959636838 1.335309373573728e-05 0.0 4.081049358877578e-06 1.0912448041197533e-05 2.52420414652101e-06 1.6011046339204442e-06 5.337503784705114e-05 6.572579117691035e-07 0.0 9.867150661450047e-07 1.6990466914343616e-05 2.2987279240453813e-06 4.50162211978766e-06 1.3371455330886646e-06 1.8249177812218423e-06 5.934845320104872e-07 0.0 3.7588740326289473e-06 0.0 0.0018914162874217567 1.427365532493588e-06 6.962008712881608e-07 1.1682614974536957e-06 2.541674593518237e-06 0.00026510264754958543 0.000548916560598586 0.0008810727402384384 0.00010081328923433899 0.0 2.286409753185629e-06 0.00024189206553491244 8.348618660288159e-05 9.442509155841448e-06 0.00011166982216998702 0.0 0.0 7.533661152852838e-06 1.3655602353002557e-05 6.079313199132209e-07 0.00028722057445194546 5.864008987377904e-06 2.273604434452692e-05 1.0920885653659066e-05 1.02626909046336e-05 8.343784384220217e-08 1.871711124409833e-06 9.549596489629292e-07
5.975409890934352e-05 0.00011312457059430551 0.0004948356454735302 9.272024753250735e-08 3.402705283377969e-07 8.199479966773294e-07 5.5079811644068726e-05 3.109400209607734e-05 5.770052103159964e-06 1.2813843290315157e-06 7.825284905088455e-05 1.409420302037944e-07 9.572592569904257e-06 0.00010013999606516652 0.0 8.641510450579499e-06 0.0 7.553271673587476e-05 0.0030135696402022417 1.2281385325967275e-07 0.00022727071799163258 3.9810104981977227e-05 0.0033510127864622118 2.113791957617573e-05 6.355462732430949e-06 0.002144444434157632 0.002425037542098369 2.533097260447181e-05 0.0002964385384998711 0.0005376408607743609 8.68414971719241e-08 3.848802159104439e-07 1.751263232147595e-05 0.00041805723492448075 1.6797002854692036e-06 0.0003549133156499119 0.0014230195752888927 0.000556932140965386 0.000175102115078681 1.7866835216622792e-06 1.4917298345984294e-07 1.559778617233631e-05 6.048799822833637e-07 0.0 4.193582017607745e-05 2.1998418579248128e-05 0.0 0.0 0.0 1.122286926232854e-06 0.0 8.92585843488981e-07 0.0 5.540782652483072e-07 0.0 1.6927348927164862e-06 1.8335334445437554e-07 0.0 2.5802135378608317e-06 1.1451854335061728e-05 4.0919307116921976e-07 1.4350512114110661e-06 0.0 2.6810739101074847e-06 2.3302964135094115e-06 3.11517759118535e-06 2.3821726875214245e-06 1.6332870495319907e-06 4.3629495686934124e-05 0.00019215034578123932 1.993384049742864e-06 3.3666710461400734e-07 1.8410354012751235e-06 1.0661105030486807e-07 0.0 7.10922821230285e-07 1.8132830975800156e-06 7.79097817575781e-07 1.2353073929497527e-05 2.2362561366589854e-05 4.654427921288173e-06 2.7037187431932264e-06 0.0 0.0 0.0 0.0
9.821378162030817e-06 1.5197774530601435e-06 2.7976681221512998e-05 7.525042725787049e-08 1.2832612440082498e-05 1.2996291842558384e-05 8.548564110304145e-06 2.415734512361455e-05 6.69034173071404e-07 5.121130932337843e-06 0.002125216497676659 1.3708904092134097e-06 5.312303800538084e-05 2.187701424564143e-05 1.3825184403490567e-07 2.8525146656850444e-07 7.553271673587476e-05 0.0 0.0009902654864598897 6.786156313155728e-07 2.664089031847999e-06 3.7186119967185325e-07 4.3964021948277574e-05 1.2017275231224963e-06 8.767044526458744e-06 0.0017424216687743498 0.0001624803604487861 1.1920939338878162e-06 6.011302264376953e-05 2.5188919395116113e-05 3.580383659917819e-06 9.828221947027232e-06 1.8064643866242635e-06 0.0006090902585320065 3.3149556343508493e-06 0.00039292601049111003 0.00032462596468554606 0.0010306911551076323 0.0002914596099574137 4.227296621490277e-06 2.504155018605193e-06 4.971199174810987e-05 7.707286514403767e-07 0.0 1.0026552004156531e-06 3.248263165702987e-07 0.0 0.0 0.0 1.2876863739938057e-07 8.744324332550102e-08 9.825423882379755e-08 0.0 1.0074090993114394e-05 0.0 1.6125154861578207e-05 1.0123994524210852e-07 0.0 1.2363434100833798e-07 1.4895234114870324e-07 4.572061547043611e-06 1.8622830282656564e-06 7.963477301403466e-08 0.0 3.615746014579843e-07 2.690517715412973e-07 2.7251007816310124e-07 2.873369363297058e-06 3.191418688087811e-05 2.9373140073323347e-05 1.7263314153848875e-07 7.082604317493802e-08 2.0746235048517887e-07 6.099072950734812e-06 0.0 0.0 9.012020153808644e-08 3.120241925814491e-07 4.100472051879432e-06 2.0842918463677867e-06 7.236923967410232e-07 3.418961388575338e-07 0.0 0.0 3.0862381670264813e-07 0.0
2.64175331889188e-05 7.901871082127116e-06 6.070318257168975e-05 0.0 5.241037856153928e-06 5.3320648687718336e-06 1.8571655336908006e-05 2.381950366929382e-05 8.671672235505134e-07 4.475116151566917e-06 0.0007170604880868791 4.486845876148381e-07 1.8306819497406584e-05 4.548220945236076e-05 8.225579880400623e-08 5.522546412125825e-07 0.0030135696402022417 0.0009902654864598897 0.0 3.877960170746283e-07 1.253123218546964e-05 2.61333180441122e-06 0.0002407079994088313 1.6378811726953797e-06 7.449561428310848e-06 0.004572716914492922 0.0003626501743984929 3.3177876088000986e-06 0.00015550088358517775 0.00010760683358968979 1.9680393162880902e-06 4.822727306939886e-06 7.005236667215114e-06 0.0011493508684161898 3.484656325479958e-06 0.0005823499132564135 0.0006982217358751626 0.001462828320041408 0.0004138776991003745 2.9362713828987484e-06 1.2258648600966058e-06 1.7823520615322684e-05 1.4852959467240909e-06 0.0 5.175318528439006e-06 9.135484349907965e-07 0.0 0.0 0.0 1.0524915129458048e-07 0.0 0.0 1.0345585138548047e-07 1.4168332795727576e-06 0.0 7.135566090442744e-06 0.0 0.0 1.0711623186372357e-06 5.081046187001386e-07 5.8311664376705116e-06 5.252150361725744e-06 1.195043470193377e-07 6.733072755678599e-07 4.119544571339781e-07 7.061343986528144e-07 4.273784185699239e-07 5.697920406758647e-06 6.375728929311729e-05 0.0001328004163197189 9.273350990718244e-07 7.312087526807484e-08 7.807927939572515e-07 1.7354192422593086e-06 0.0 0.0 4.7471334767993104e-07 0.0 3.576982153883528e-06 4.340531502847859e-06 3.394494087294714e-07 5.118223679258819e-07 0.0 0.0 6.028466476223298e-07 0.0
3.6176483744937277e-06 0.0 3.575382562625413e-07 0.0017842567383984712 6.557127056479953e-06 0.0003030976350015508 0.0001241460222147061 0.00014361125031365888 0.0003251115726242711 0.002969464118584493 3.2258706398303864e-06 0.0016562979155387604 6.254977982772606e-06 8.665922861749097e-05 1.4729714726789462e-05 1.1423593713112568e-07 1.2281385325967275e-07 6.786156313155728e-07 3.877960170746283e-07 0.0 6.762153248927971e-07 1.0159055029752707e-07 3.006270933089713e-07 0.0007482596373788145 1.6954040425820495e-07 1.539267513603341e-06 8.174077513195402e-07 0.0010404724247499648 0.00028730939578119 9.652009690382127e-07 6.588119166644085e-08 6.2886671576429054e-06 8.069679697757293e-06 0.00012677595577209716 7.854912047870148e-07 0.00046789060652805683 8.240690198002743e-06 0.00029081010082833496 8.48638477582243e-05 9.476121757026528e-05 1.987542738351422e-06 6.748180140013516e-06 3.419464030366584e-06 1.0809459051907896e-06 7.063908463447052e-08 6.671744302936331e-07 8.84028287625293e-06 0.0 1.1171945940562761e-05 5.6289378459925145e-05 1.4100296808507351e-05 6.260655383603678e-05 8.635389173474123e-05 0.0 4.9602234396291565e-05 0.0 1.3510661981650202e-05 0.0 1.1788557291290115e-06 5.1517670537967684e-08 1.5659748858065422e-07 0.0 0.00013445447833953012 1.1799590023295552e-06 1.591992061777862e-06 1.022239418322379e-06 0.00059313748030263 7.493056756885012e-08 0.0 4.5895779348615066e-07 0.0001360259114807989 5.057965935827772e-06 9.822603784837288e-06 0.0 0.0 9.76981113965743e-07 3.3954402740192187e-06 1.6257964816857188e-07 4.871627708941179e-05 1.870407603067674e-06 1.4608626821308754e-05 3.5158084656614743e-06 2.6698410583871963e-05 8.552740271144914e-07 1.6560239646048152e-06 4.6503599060536576e-07
0.00012494313831187871 2.7779939346208432e-05 0.00014647252506626326 5.335812772600877e-07 8.915667257758789e-07 6.609349440610776e-06 0.001451767124355906 0.00011718487058606273 2.4068688231993697e-05 1.9567012178103812e-05 6.137934549332731e-06 3.7094266528365362e-06 6.031171005092769e-06 0.0004261315162712096 1.2210136214221731e-07 0.0009799701599729782 0.00022727071799163258 2.664089031847999e-06 1.253123218546964e-05 6.762153248927971e-07 0.0 0.00022676766596421854 0.006818573353095009 0.0005295119706688134 4.3818765513531235e-06 3.3273965626999244e-05 0.00027471213733832266 0.004934735580401232 0.0003952714573684268 0.007811543627461149 4.0745795885664325e-07 6.488512552938539e-07 8.815492195362645e-05 0.0016019367825055762 2.057757927346948e-05 0.003301503929015985 0.0002545823387746554 0.002202008600886538 0.0012645199338439774 6.314485542859485e-05 5.662788948000299e-07 4.875128209404495e-06 2.228775672916501e-05 1.1735741734776227e-06 3.794251454318481e-07 1.2227389409374289e-05 0.0 0.0 5.041967208132038e-07 9.932364218897847e-06 2.197054153207227e-06 2.9852024973891895e-06 1.7188327463785803e-06 3.140824831305303e-07 3.0142301044986997e-07 0.0 2.657690052935625e-06 0.0 0.00014239021255827987 7.855109157261741e-07 2.3291845562642147e-07 2.6856135084055515e-07 1.95021619913314e-06 9.897441438727356e-05 4.85862378027838e-05 6.435181590040854e-05 4.1967604766682384e-05 0.0 8.447903040978155e-07 1.0823308008104706e-05 4.1686585115975454e-05 5.9848647897433884e-06 5.73908538604857e-05 0.0 0.0 6.358941715761149e-06 6.868992426255564e-06 2.365501589228129e-07 6.177529785798444e-05 5.222479254354372e-06 1.1117323845909328e-05 6.2837223369568315e-06 4.631559091384314e-06 1.1585626468765394e-06 7.473381058028444e-07 9.432624985449288e-08
1.247540892046488e-05 0.0021166451188965843 1.7061568350726116e-05 7.76315010027417e-07 0.0 5.692447824007027e-07 3.7742515117970034e-05 2.5446065523099787e-05 0.0021134643896157028 7.076431819173087e-07 5.909597672143759e-06 0.000116636074765179 0.00022941209935490147 3.70358186313472e-05 2.6317371263039107e-06 0.0014938588747562143 3.9810104981977227e-05 3.7186119967185325e-07 2.61333180441122e-06 1.0159055029752707e-07 0.00022676766596421854 0.0 0.00022265872960765978 0.0036203815911428263 0.0007383656137619707 3.7855443398417316e-05 0.00281825211936204 0.0005587871320352214 9.190154395517714e-05 0.00020641965648538453 8.728040795396744e-07 2.64000526167558e-07 5.17791702355187e-05 3.0529631437999746e-05 4.798339589154038e-07 0.00017410609552458 5.3951934033835545e-05 7.470539517326679e-05 3.059767109822532e-05 2.250322626211922e-05 1.4903974840171348e-07 1.036779470765803e-05 1.299644764990389e-06 7.362076564440898e-07 0.0003755513723279431 0.00014055435453800535 0.0 0.0 0.0 8.070724788498384e-06 6.041447031215736e-07 2.3053435784231246e-05 2.600208890923606e-07 2.5154696781717467e-06 2.3580100453384796e-07 6.019664362930889e-07 1.7335010293461417e-06 0.0 0.0008254035374855433 9.534269500671463e-06 2.311797576386994e-07 6.276804172317959e-07 6.479829362826099e-07 9.952136946740297e-05 0.00015849480405578313 0.00028359638910912247 6.412204895014787e-05 2.1076211581260432e-05 1.823372789830277e-05 0.0011116697440276668 3.569822663033221e-05 4.059591009258866e-06 4.579176986487746e-05 1.0556117695122696e-07 0.0 3.723615539256453e-06 7.325923578683427e-06 7.760893847579802e-07 5.223306681771452e-05 9.80070382182379e-06 1.8984698072134003e-05 1.2406846142085418e-05 1.0042938385459472e-06 3.3263073373321225e-07 1.4619616520075373e-06 1.6888652197704653e-07
6.639311312331785e-05 2.7316432671737987e-05 0.008624267564787517 1.0935653909153858e-06 8.176153917054746e-07 2.188201511690274e-06 0.0005086367929903214 5.2881256387517266e-05 1.726413816049077e-05 6.742817783381663e-06 2.4625890205919785e-05 1.4205166052896901e-06 1.5395196764648043e-05 0.00019755976656208403 8.47328962100848e-07 0.004267474584840978 0.0033510127864622118 4.3964021948277574e-05 0.0002407079994088313 3.006270933089713e-07 0.006818573353095009 0.00022265872960765978 0.0 0.0005741134766862734 5.776672985534263e-06 0.0011025006244421277 0.006752227009930935 0.001654459538067989 0.00019064951862132336 0.002070673180434601 1.468282139052596e-07 8.523144067397175e-07 1.8306410884552104e-05 0.0011648853408430056 0.00012187265787202683 0.008473039376822268 0.00329715516077554 0.004317567599892535 0.003323310088615244 0.0001014456074295585 4.5279231754068554e-07 1.7750474957039543e-05 6.684430167829926e-05 7.351975748378371e-07 1.0710811739867612e-05 0.00015404334697993524 9.416084646146187e-08 0.0 0.0 8.098036680873189e-06 6.100220048283015e-07 3.27165673193792e-06 9.839728363158018e-07 4.771222330102899e-07 3.371795068390297e-07 8.592181259365986e-08 1.9902935676364897e-06 0.0 0.0006904537207277685 1.0988109310798437e-05 3.2476939783016624e-07 4.176370998316954e-07 7.237870215779579e-08 0.00010658917922760147 0.00013694564619687032 0.0003590624362517239 4.2881565323146746e-05 0.0 6.418193420460356e-06 0.0004379507300935394 3.121418160826055e-05 3.3882151848346168e-06 4.416769722990891e-05 6.011063314574289e-08 0.0 3.2047921868425657e-06 8.728038047064075e-06 1.9987469714524624e-06 0.00017240150024075917 2.9049474750076714e-05 1.8991585404076283e-05 1.6056630678008726e-05 3.1757082928525827e-06 0.0 6.828956483087994e-07 4.2014813580713846e-07
