0.0 4.0415878207280694e-07 0.00017906264959735989 7.207067238613769e-06 1.1888407044449925e-07 3.589023101235644e-06 0.001409093911114754 8.391541991692388e-05 1.749188470093726e-05 1.43252198207172e-05 1.741432081539205e-05 6.1164044456090035e-06 2.0172993608534262e-07 0.0024366760440696217 6.067103305310412e-07 1.8237645385894067e-06 0.00021648049902514173 1.4856752826238175e-05 6.87571493036117e-05 2.042673175009885e-05 2.850803764304984e-05 3.273269914941177e-06 5.123401528447599e-05 6.856080105553588e-05 0.0 0.00010650863524270655 1.3718848285301542e-05 6.119655357272309e-05 0.002492575523676828 0.0017299769553968118 9.463286323179015e-08 4.38095956136212e-06 3.2356450511371135e-05 0.00011890575990535899 4.439540863929232e-07 7.863696349579545e-06 2.019209641587299e-06 9.732559433184832e-05 9.971196052263906e-06 2.482874511545941e-06 1.929434410905607e-06 3.0434281101751713e-07 0.0 2.1020724109648687e-07 1.8775266013040042e-07 9.869562034437314e-08 1.4339172963913555e-07 0.0 0.0 7.330912496356054e-07 3.5428371434826087e-07 1.8114079070423954e-06 3.205051930019269e-07 0.0 6.5634570953612e-07 0.0 2.1338812597778665e-07 7.978771924935596e-08 2.930095957337813e-06 0.0 5.528504869212987e-08 0.0 8.644052323694339e-07 2.163336919698763e-06 2.274316373503001e-06 0.0 5.082072885196517e-06 0.0 1.0002433581429647e-06 1.799579473144758e-06 5.08248162929277e-06 5.44368783985044e-07 2.1478163034052747e-06 0.0 0.0 0.0 4.3746501452780463e-07 0.0 2.4593763544583953e-06 3.700877824980643e-07 5.433327286396948e-07 4.2937264502570623e-07 1.8837293686046283e-07 2.3675582569467515e-07 0.0 6.184965969354215e-08
4.0415878207280694e-07 0.0 2.2950556221212063e-05 0.0 4.87218211821467e-07 2.453032309666695e-07 2.6731843256013865e-06 3.414823556813669e-07 0.0002741509209422977 1.1215491365044415e-07 9.109842139596802e-05 6.747369786963663e-07 0.0005789786921918795 1.0290489499836037e-06 7.953358991937651e-06 5.251130256356421e-05 1.0764747984463788e-05 7.935659291998632e-07 5.416142990143347e-06 0.0 3.494942993436521e-06 0.0013471940447549765 4.60063818622277e-06 0.00030411398158557596 0.0007856673625269193 0.00013523465206734942 0.004324887715799481 6.697524456560744e-06 1.40047456257034e-06 3.3655231080806928e-06 7.195701613395438e-06 1.6230597008566316e-07 3.830362789542773e-07 6.367003095376131e-06 2.2667633603496958e-07 2.4859839875945704e-05 4.970225396956808e-05 6.496046242436647e-05 1.4624835211625785e-05 1.2197871997459315e-05 3.8841812544762923e-07 0.00018138018876804186 2.3493598445466894e-06 0.0 3.357787261546399e-05 4.993796229306566e-05 0.0 0.0 4.831506857876339e-08 4.5114923955155964e-07 1.4963321020682445e-07 1.1428309662563308e-06 0.0 1.9527095200714004e-06 0.0 8.440821549740801e-06 9.891680356028623e-07 0.0 2.3829352184923474e-06 8.632610262465549e-06 1.516986854694815e-06 1.1269279329052596e-05 0.0 2.6684295706409705e-07 2.1425499281996852e-05 1.3126210450666657e-06 3.328727858640041e-06 1.1068396607675678e-05 0.00027485523375124705 0.0011597178497951457 3.2110654172506464e-07 8.687448750668524e-08 6.964482815035664e-07 3.2963577502984006e-06 0.0 0.0 1.622312629892552e-06 0.0 1.4900221694710981e-05 1.46869834799888e-05 1.0725575528633379e-05 4.287450333777939e-06 0.0 0.0 3.5911480554638477e-06 0.0
0.00017906264959735989 2.2950556221212063e-05 0.0 1.2775636964254624e-06 6.11915489212465e-07 4.5994860267350784e-05 0.0002812733502238215 0.0008394221974298928 1.9876942615263834e-06 1.0241431333193601e-05 2.0630378014515334e-05 1.1287621911272865e-06 2.531385977556783e-06 0.0008580093373049505 7.417143561295854e-08 3.971406491818622e-06 0.0006597960773181784 2.3516379715548114e-05 0.0001095270902376081 9.447608026322415e-07 0.0011035249976607295 1.0542017671426004e-05 0.005759548454956746 9.230381833622146e-06 2.193147857048969e-07 0.0033510117626844582 0.005744364370154701 7.615642786997977e-05 0.00010982297401247294 0.0005468691068088247 4.92718343410195e-06 7.464486342642418e-06 1.0045374439552101e-06 0.00011934402946283536 1.1691754633568293e-05 0.0007547110500990275 0.0018313189499479196 0.0006292430842881909 0.00023037418497903094 1.9900872446170198e-05 2.422300044825862e-06 8.204986756180605e-06 3.977036397856959e-06 9.705587503811257e-08 8.442730716405687e-05 0.00027568996875105455 0.0 0.0 1.4161873548641059e-07 9.352035746836766e-07 3.242026413818165e-07 2.3908464950535992e-06 0.0 7.343790780892387e-08 0.0 6.307948668275896e-08 8.373516499872579e-07 2.880012775186607e-07 3.91568423678272e-06 3.7893833145311704e-05 9.749234010998718e-07 1.4478887260954812e-05 0.0 9.846249861676616e-07 3.219666772925327e-05 7.158351288895772e-06 6.117113653355428e-06 7.054213526180613e-08 0.00012193000638412242 0.0008706719072597451 1.3291074363494398e-06 2.4148706382212977e-07 1.1227210916977953e-06 1.8664806414874898e-07 0.0 0.0 4.251366910668112e-06 1.1387891758284874e-06 3.55808774374308e-05 7.344870974332816e-05 2.4105653728185873e-05 8.082767848262613e-06 7.675462122052418e-07 0.0 0.0 0.0
7.207067238613769e-06 0.0 1.2775636964254624e-06 0.0 2.6768158231141418e-06 0.00020572714679942735 0.0001062661997290546 3.302392669220359e-05 0.000564486783168134 0.002308921570303794 2.3820627004064465e-06 0.0006606982948805023 1.9591812667769933e-06 5.2873655584421534e-05 6.6367373946451e-05 1.1075452208655384e-07 3.583108666371617e-07 5.974963712629581e-07 9.511899748293951e-07 0.0042115691277083795 7.020589209559767e-07 1.6788206367424607e-07 6.26997040579579e-07 0.001131104799051004 0.0 1.92704020352771e-06 1.2458184824551548e-06 0.0022639623561262257 9.388872614120087e-05 7.114747309391991e-07 1.762110566752802e-07 2.0360674936552554e-06 8.6941228919768e-06 1.4515948763158902e-05 2.481350365755235e-06 0.00029334486432194644 5.082659714643553e-06 7.007852457169147e-05 1.7869320976862424e-05 0.0003100833753962904 8.496307671136752e-06 0.0 5.9002671625973015e-06 9.540967836111876e-07 2.419888595132238e-07 3.141773459737167e-07 0.00011082738645234057 8.834160506750803e-07 9.244912358470638e-06 2.286662934125681e-05 3.848203363559593e-06 8.463252012716105e-05 6.31008685085771e-05 1.094942676508486e-06 0.00022895697151367918 0.0 1.043479832833019e-05 2.1922523577332712e-05 2.102206207300782e-06 1.0761228563804216e-07 0.0 0.0 0.00017745545929959456 0.0 6.486198554046443e-07 3.512186883196229e-07 0.00028790507986214855 0.0 7.049880435347056e-08 6.720144397349839e-07 0.00022342894111611152 9.598334954760004e-06 3.925380757573109e-06 0.0 2.1692041984321227e-07 6.361628423876082e-07 4.658905925013892e-06 2.0996900394443944e-07 0.00012255495117130955 4.812222658638708e-07 1.7259302254039026e-05 3.79960592009389e-06 0.00012159890644905539 7.099527751062874e-07 2.961923680129171e-07 0.0
1.1888407044449925e-07 4.87218211821467e-07 6.11915489212465e-07 2.6768158231141418e-06 0.0 0.00016886151084378762 1.9806699646966662e-06 3.66568506995232e-05 3.790033676526816e-05 1.2292275062800755e-06 8.72981830715324e-06 5.7871085444648754e-05 1.2908164169198996e-06 3.4560391532187523e-06 0.0005343860623722069 0.0 3.789797315246511e-07 9.244731380790729e-07 1.9551459993977783e-06 4.2759461829233905e-06 2.0247116476070075e-07 2.1654356376562837e-06 2.3531363763366711e-07 9.228977184607408e-06 5.363304034260085e-07 1.8448999689423517e-06 2.3593163579909006e-06 2.4558695512694694e-06 9.901418938056094e-05 3.870555250633114e-07 3.694282846324353e-07 0.0001789562349592983 0.0 7.499403082305977e-05 0.0 2.773314528225717e-05 1.0828787321003313e-07 6.61265364212292e-05 1.3794146857613057e-06 0.0006284398112774174 6.384733787900421e-05 7.189896539548776e-08 8.403317215018475e-07 0.0 0.0 0.0 2.843036778587918e-07 0.0 0.0 9.98189102091719e-08 0.0 1.071323030791909e-07 6.856763617675161e-08 0.0 2.6816541062345164e-07 0.0 1.592132310055927e-07 7.899506978867784e-08 5.840653096825343e-08 0.0 0.0 0.0 3.2643048400541556e-07 0.0 0.0 0.0 7.38361962974694e-07 0.0 0.0 0.0 1.2287909374733578e-07 2.450234566546116e-07 0.0 0.0 0.0 0.0 0.0 0.0 1.720789405737453e-06 0.0 0.0 0.0 2.518303497465635e-07 0.0 0.0 0.0
3.589023101235644e-06 2.453032309666695e-07 4.5994860267350784e-05 0.00020572714679942735 0.00016886151084378762 0.0 0.0015776929990891047 0.0028750598686127058 9.315662899913351e-05 0.0019139748924859553 9.408007367828333e-05 0.00263143475444187 1.675008280412636e-05 0.00025215131372491767 0.0014546788373967774 6.428485746238169e-07 1.5121236510793863e-05 1.4351443632413322e-05 2.535090679811677e-05 0.0003978501782397563 1.2712690150113648e-05 9.791486221044314e-07 5.188825634011639e-06 0.0001866872058118998 1.7170405689893817e-06 5.814623684945195e-05 1.6275323298216936e-05 0.0011215193446571835 0.0004495564190616744 1.1575886693302007e-05 4.920403162684435e-06 0.00044847231047376963 2.8369477882392894e-06 0.00023667045779367585 4.350244614477005e-06 0.00037005072043396316 9.90450258773075e-06 0.0003044176301007307 2.28403888275306e-05 0.0016060182794305881 0.0001879324205611712 3.943193272755686e-06 1.5054753156142326e-05 6.472764315586456e-07 1.8938529527763742e-07 1.2104447101259741e-07 2.274738040151193e-05 0.0 2.8297409216879757e-06 1.3585004198943718e-05 6.43993533184497e-06 3.116166552308145e-05 2.271157049980836e-05 2.8472715014159344e-07 3.254828559861332e-05 1.0060849444931855e-07 1.237841190552683e-05 2.1211647151507546e-06 2.3553136986510173e-06 8.327261925843251e-08 5.426030692808434e-08 1.5897672276759354e-07 5.6934718127113446e-05 1.531510474692829e-06 9.626886615951705e-08 2.580460983101669e-07 9.806568063085103e-05 0.0 5.194254168388102e-07 1.253814176846719e-06 7.735452547919745e-05 1.148845783670954e-05 6.490576888399502e-06 0.0 0.0 2.027907952240476e-06 5.854477770902189e-06 2.0889036328493808e-07 5.754534663071786e-05 1.7099504545629883e-07 2.4980410480432893e-05 4.042837076388904e-06 2.3398014575053304e-05 1.212923843202685e-06 2.5881762620422155e-07 2.0724193018558474e-07
0.001409093911114754 2.6731843256013865e-06 0.0002812733502238215 0.0001062661997290546 1.9806699646966662e-06 0.0015776929990891047 0.0 0.0031450851355290612 0.0003236378182479545 0.004743546549699399 1.9343639299008816e-05 2.2843216913092727e-05 3.067442193224252e-06 0.005399803890519636 2.1133727062843632e-05 4.196729315433931e-05 2.7149930479423556e-05 6.182660228347026e-06 1.5228095771520072e-05 0.00013070669414998436 0.00036616085813000984 3.8442487964852954e-05 0.00014603218969195438 0.0034819140665696786 4.503592681067043e-06 6.160421894547249e-05 9.961071863692624e-05 0.012127439721473494 0.0007857652750320436 0.0023445207079947194 1.1156680804872595e-06 1.8429556239192516e-05 3.2791858154200504e-05 8.414734244093175e-05 4.6917048220490324e-06 0.0005389207976182333 1.636276867314237e-05 0.00028795173858424427 7.287468308131283e-05 6.863626092112047e-05 3.347607867668984e-05 2.557265079810713e-07 1.2469519113202755e-05 3.554630966682142e-06 2.891341628564275e-07 2.089098683169263e-06 1.8834708430064146e-05 0.0 3.4212304620386418e-06 4.9336404176825245e-05 5.882134110352075e-06 7.591833534519438e-05 2.7182259522454645e-05 2.0646105534995645e-06 2.059583973989999e-05 1.1157820195249466e-07 2.307502530716202e-05 1.3818293375478237e-06 3.217682795429194e-05 1.632212269268383e-06 2.3079092094805475e-07 5.5378582942143036e-08 5.395997953435162e-05 1.33958734070178e-05 9.100478403424146e-06 3.73811987983994e-06 0.00020126291880421957 0.0 7.032618813412638e-07 1.3006137568116831e-05 0.00015811534957141154 3.0184454948790894e-05 5.3513374338360827e-05 9.052074922503235e-08 7.178694617277484e-07 1.7760303707232555e-06 1.5515169807221296e-05 9.13278531275351e-08 0.00018780072338624997 2.1184939607670237e-06 5.105209431986673e-05 1.6261760561822213e-05 4.181250592528785e-05 5.580738622335548e-06 0.0 4.4934814694364555e-08
8.391541991692388e-05 3.414823556813669e-07 0.0008394221974298928 3.302392669220359e-05 3.66568506995232e-05 0.0028750598686127058 0.0031450851355290612 0.0 0.0001445647602710563 0.0006767375618680465 8.377045767057848e-05 0.000318171145093748 1.0239889977504307e-05 0.0034495823637556064 7.193258435607694e-05 3.927902620040143e-06 0.0002758746753671918 5.160000590447193e-05 0.00020482157915997315 0.000165145047481791 0.00023944755075405624 6.841734610887496e-06 0.00010507451177331489 0.0002747641955596588 2.31605772186446e-06 0.0004930594700814318 5.004339046679981e-05 0.0003695776292904894 0.0004824158817676849 0.00034728696079421847 3.441763639590478e-06 0.0007493104801400887 4.181930012526916e-06 0.00017534843940297579 6.137234686613384e-07 0.0001748063183945525 1.3536668019604043e-05 0.0001871755238183645 2.6137187357261806e-05 0.00026683322177601103 6.569607552206151e-05 3.189549290829978e-06 5.85376097754538e-06 3.598978249558138e-06 4.0947914766222043e-07 1.3613884732004542e-06 1.6580250500192303e-05 0.0 3.0205645726004805e-06 3.075283023381653e-05 4.922769480517592e-06 3.9489460285826775e-05 2.889297932936151e-05 1.459157654952045e-06 2.5500831139439797e-05 0.0 1.6460402844716307e-05 1.094748656333224e-06 8.80299159386136e-06 3.6606337486021516e-07 1.166755916582412e-07 1.6440363268523362e-07 4.866251980488798e-05 2.1523735803623317e-06 3.576901576785872e-06 1.9031557854303483e-06 0.0001416494336988485 4.619569730217398e-08 2.6102979406083013e-06 9.368796109763828e-06 0.0001031827488254896 2.292321822166323e-05 1.5703311274907832e-05 4.6524111729457435e-08 3.038500849213682e-07 1.9022896715302347e-06 1.0233705738399232e-05 5.247109484120547e-07 7.350310857229057e-05 3.453322906784125e-07 3.329030614542086e-05 8.75622382411393e-06 2.0951937902717188e-05 2.1540947359088417e-06 4.194303482976377e-07 3.0078363542016385e-06
1.749188470093726e-05 0.0002741509209422977 1.9876942615263834e-06 0.000564486783168134 3.790033676526816e-05 9.315662899913351e-05 0.0003236378182479545 0.0001445647602710563 0.0 5.982155174916912e-05 1.924597779258339e-05 6.304748448732678e-05 3.633754564661551e-05 7.165035018833396e-05 0.0005273042550536436 4.2020300268725195e-05 2.3804361884964635e-06 3.4159805244833667e-07 1.4519568035808574e-06 0.0002580290204717958 1.1576921934616987e-05 0.0017239802501289815 4.710106471897377e-06 0.004702064097730586 6.897518016532715e-05 3.883525970838656e-06 0.0004546581757341642 0.0005294546701345802 0.0001408466526865864 0.0001243795566248768 6.301477667164485e-07 5.777769308805232e-06 2.8208445470016155e-05 2.6262322597396472e-05 9.664120537711164e-06 0.00044077428413598905 1.839557310447047e-05 9.055220446409774e-05 5.425518070153301e-05 0.00031344899513625874 9.97758876238416e-06 4.694829002151452e-06 4.442449545701244e-06 5.769063797945423e-06 1.2300169392402427e-06 1.7884672923182888e-06 7.502051248787853e-05 5.084192688701617e-07 4.928149389186447e-06 6.932204770646714e-05 7.077554557398305e-06 3.6056423296672245e-05 4.054974184477488e-05 1.6226430938033634e-06 4.491276045065016e-05 2.2586042187462904e-06 2.733852155841216e-05 1.3899458398085129e-05 0.00015657542002369386 2.213697019851943e-06 8.56357782215453e-08 4.1576713601780867e-07 0.00010463785242552979 7.607015261327649e-05 8.728277965039807e-05 2.554347578776103e-05 0.0005421367611786518 7.94256417849808e-07 4.376411029828625e-06 8.267604367077262e-06 0.0002889440787845182 3.983484766402905e-05 9.638971825282273e-05 7.290104361769303e-07 1.3661852875969993e-07 4.917249677488897e-06 1.7590906235987354e-05 1.2574347281724064e-06 0.0001875101153565845 1.983710422136297e-06 4.010816139168268e-05 1.6736618017916283e-05 7.658847876495202e-05 3.245115378102563e-06 3.171542406087425e-07 1.0051982493120885e-06
1.43252198207172e-05 1.1215491365044415e-07 1.0241431333193601e-05 0.002308921570303794 1.2292275062800755e-06 0.0019139748924859553 0.004743546549699399 0.0006767375618680465 5.982155174916912e-05 0.0 1.5764145500157956e-05 0.0021348359901976707 3.063063570718852e-06 0.0006050578248665895 4.219315542038893e-06 4.89958771109898e-07 2.287922692939359e-06 3.497776579106464e-06 6.2660040932718655e-06 0.0032870287292970798 7.174771001726751e-06 2.774329842365533e-07 2.3936606844690624e-06 0.0001620296629162263 1.103978719715286e-06 1.0251698809838924e-05 1.1070003489207403e-05 0.004622436048566968 0.00027386313100651196 1.6758646763750369e-06 1.5307852672876516e-06 1.5115881999151992e-05 1.0062337967889354e-05 6.118037335050682e-05 5.269462131195868e-06 0.0004688371277371019 1.1363340292730539e-05 0.0002568356995675432 3.231237787369552e-05 6.999108554332133e-05 3.5937831772892334e-05 1.100682224512719e-06 1.0835033952294105e-05 5.761237158930648e-07 6.178686409454611e-08 0.0 3.6635134660211886e-05 1.1057130762409355e-07 2.5419326882285208e-06 9.997832087495803e-06 2.123623573108345e-06 1.958805774380365e-05 2.423716473148122e-05 9.432369882167283e-07 4.697528572489703e-05 0.0 6.758899158351892e-06 2.5323330334495913e-06 7.507069639728263e-07 0.0 0.0 6.513507904048736e-08 5.109536478104487e-05 5.4088128700299116e-08 4.970255271871184e-07 3.3765168366834274e-07 8.000092105602976e-05 3.7354340622925626e-08 2.0720400213365011e-07 8.674189996984439e-07 7.028852651505043e-05 7.01597569967329e-06 2.6531821587861564e-06 0.0 1.3933282296221422e-07 7.274514779814807e-07 4.0503092123837914e-06 9.06870023202979e-08 3.4355708553277214e-05 1.4175626339514446e-07 1.2009763433168264e-05 3.2117616257245676e-06 2.4998954884553064e-05 4.55764572001597e-07 0.0 0.0
1.741432081539205e-05 9.109842139596802e-05 2.0630378014515334e-05 2.3820627004064465e-06 8.72981830715324e-06 9.408007367828333e-05 1.9343639299008816e-05 8.377045767057848e-05 1.924597779258339e-05 1.5764145500157956e-05 0.0 0.00010790671587164368 0.0011700070644910141 0.00012375841807798607 4.178104999105496e-06 1.9559044920002897e-06 0.0004377827022536582 0.0012799887474606916 0.0006951901261207959 3.2544684335484986e-05 1.6303836764815786e-05 4.487086644998395e-05 2.545490250172762e-05 2.0628668410275804e-05 0.0003754393792700882 0.0015550258113221143 0.000427845177479643 1.2106685162485745e-05 0.00024172175303003777 1.3067903620408517e-05 0.00018213305042356456 0.0001261618898742279 2.0797467774511702e-05 0.0032843345873527314 6.415154709539248e-06 0.0002937697378535652 0.0016993646811350165 0.0028814113490170917 0.00037508164524841946 4.8323697070104246e-05 8.008989880349529e-05 0.00057155141030742 1.0817206103805062e-05 5.3410034202938074e-08 2.4696520722606787e-06 9.140847166922657e-07 5.4847640641718064e-08 0.0 0.0 7.099971685763822e-07 0.0 6.287174793471399e-07 7.795185745954965e-08 0.0001946251344296535 5.087755800459956e-07 0.00033939645746663245 3.398152899312388e-07 0.0 3.8408009640332243e-07 0.0 4.5249477771536333e-07 2.2169544271894014e-07 5.5864342955439e-08 1.1729817937008155e-06 7.059623118142535e-07 5.8521327259156374e-08 2.0046642372722764e-06 4.0807034838931325e-05 1.750714130845367e-05 4.5752686388821064e-05 1.338278154756794e-06 3.9117631245554486e-08 3.68364440595664e-07 3.318687232086618e-05 0.0 0.0 2.6065479188337263e-07 1.6693822068004401e-07 4.982017023715121e-06 0.00018245281634732705 1.0255203289799595e-05 2.294773208693892e-07 3.594686915600752e-07 5.356053977274698e-08 0.0002623422878830362 9.213953649112332e-07
6.1164044456090035e-06 6.747369786963663e-07 1.1287621911272865e-06 0.0006606982948805023 5.7871085444648754e-05 0.00263143475444187 2.2843216913092727e-05 0.000318171145093748 6.304748448732678e-05 0.0021348359901976707 0.00010790671587164368 0.0 2.2306948494837254e-05 0.0002392809419671424 0.000717189422104832 3.0145419545417855e-07 5.470388046608761e-06 2.024222922506119e-05 2.4060922914543498e-05 0.0038032160598199367 5.321201015089239e-07 1.883144531010652e-06 1.1660049663674365e-06 0.0006861009704006875 1.287035723489727e-05 4.421205544588731e-05 2.775635728245829e-05 0.00015900335347560903 0.00047821716501548594 6.793681991461263e-07 6.0166601884676794e-06 0.00010268971777411589 2.048493357404188e-06 0.0002693790391612147 3.7220894248031283e-06 0.0012701698434074919 2.363171697645299e-05 0.0007567537523759833 3.97771928684909e-05 0.0015605896050271523 0.00014129811310185139 5.743524873938116e-06 2.9030423947661107e-05 5.920438193888389e-07 7.302551138174414e-08 5.4707739078072055e-08 3.81775556883341e-05 3.973513811123534e-07 4.990672932751265e-06 7.743370141500698e-06 1.2219059731064122e-06 1.9747113431118498e-05 3.844605114504748e-05 5.041343931271274e-07 0.00020170992568457422 8.94153356111122e-08 6.123325220108178e-06 1.537640042654171e-05 1.1758297113478374e-06 2.517811765495064e-07 3.3155596136063846e-07 0.0 7.89170988339219e-05 1.4931451803953928e-06 2.3303572854075273e-07 3.491055519393202e-07 8.176249204671764e-05 0.0 1.2248632409650856e-07 5.080377371606485e-07 6.430999284344248e-05 3.863845796255401e-06 3.171998104607706e-06 0.0 5.630453887975368e-08 3.682218159923919e-07 2.264788969321769e-06 1.083184821924966e-07 0.00012196055843128516 3.1462646381490153e-07 1.175682648838318e-05 1.4978839969294258e-06 9.822832243168484e-05 4.299095052548423e-07 1.1967638708922306e-06 6.097950445684038e-07
2.0172993608534262e-07 0.0005789786921918795 2.531385977556783e-06 1.9591812667769933e-06 1.2908164169198996e-06 1.675008280412636e-05 3.067442193224252e-06 1.0239889977504307e-05 3.633754564661551e-05 3.063063570718852e-06 0.0011700070644910141 2.2306948494837254e-05 0.0 1.0030239032512381e-05 2.336432422832344e-06 3.2119384179917193e-06 3.7747086104975223e-06 8.294416268886913e-06 2.2083182313753142e-06 6.751653794647767e-06 1.4097911328871896e-06 0.00012411906037801358 4.477935196778871e-06 3.054963493862003e-05 0.002483411457856987 0.00016753204613095203 0.0015264796042058944 1.9118754373663087e-06 1.667047342596299e-05 9.219136969448183e-07 0.0002958926883352212 1.5390843882558355e-05 2.9048703809922367e-07 0.0003355878026373297 1.4942870499629738e-05 0.0006887565414180235 0.002897499262199876 0.0014075981745839544 0.0002464559240548668 5.39469300981302e-05 6.636667099161036e-05 0.0003032066812176568 1.6260060185661417e-05 0.0 1.0527504068323758e-05 0.0 0.0 0.0 2.0319847567797014e-07 0.0 0.0 8.784528787280461e-07 7.742357336447394e-08 0.0005455226666417468 1.008273245411738e-07 0.0010774249047486883 1.7149788569963037e-07 0.0 8.411679576060643e-07 0.0 5.0646926957774325e-06 3.2049216851609634e-07 0.0 0.0 8.17341566186448e-07 0.0 1.2243056986016469e-06 0.0003274896010615102 6.548272310176069e-05 0.00021740093335516965 0.0 1.1186746007848837e-07 0.0 0.00015786175568251098 1.161409898230807e-07 0.0 1.2378327365231773e-06 1.7072908372672512e-06 0.00027242496629058 0.0004205391070612833 5.635641752473646e-05 4.563576946957691e-06 4.3084489530011e-06 3.932724982743657e-06 0.0003061484229851421 1.7532992283437177e-07
0.0024366760440696217 1.0290489499836037e-06 0.0008580093373049505 5.2873655584421534e-05 3.4560391532187523e-06 0.00025215131372491767 0.005399803890519636 0.0034495823637556064 7.165035018833396e-05 0.0006050578248665895 0.00012375841807798607 0.0002392809419671424 1.0030239032512381e-05 0.0 1.0576636016373204e-05 6.241373940516908e-06 0.0006107906903803 6.959698747418128e-05 0.0003099910743590565 0.00029051853226767034 0.00019793938460338061 9.741115725795416e-06 0.00015550935739398912 0.0002651274658830435 1.290317344268432e-06 0.0005456723413639004 7.604372893191261e-05 0.0004033649409761306 0.003983741148702392 0.0013415189070293942 4.230217447296141e-06 0.0003295876142524325 6.773901255312771e-06 0.0003497171150938591 1.1797750787984456e-06 0.00012182998784197115 1.3399800480396632e-05 0.0003414176723783729 1.8448763483745474e-05 7.018207519159392e-05 2.38274787048455e-05 1.0722754139011287e-06 6.09870804141239e-06 3.371272500089288e-07 2.3560949084637425e-07 9.317731966994945e-07 2.3216300586668922e-06 0.0 7.61567839938566e-07 6.731942449184983e-06 4.484871189323571e-07 1.0687510860071808e-05 3.1996191165805345e-06 3.0856420679974465e-07 3.218428577631926e-06 1.450480545107385e-07 3.7191701894516135e-06 2.426289070958094e-07 8.289954856611932e-06 3.3024494384733254e-07 0.0 1.1131668209126343e-07 3.935405300183217e-06 5.0230989534528434e-06 3.836683774943354e-06 2.154426193945231e-06 2.4470235744276176e-05 4.989285032591373e-08 3.1939362409380435e-06 9.690615223413896e-06 2.2437904347433598e-05 3.268297154724983e-06 9.128213322017523e-06 9.249165360962812e-08 3.908140689433829e-08 5.027829766555598e-07 3.079841179563542e-06 5.231545079476882e-07 1.6280099567351542e-05 1.6753466396976017e-06 7.084033688007646e-06 2.5075571404441696e-06 3.2799425902744165e-06 2.2868190874813809e-07 0.0 5.470209489408519e-08
6.067103305310412e-07 7.953358991937651e-06 7.417143561295854e-08 6.6367373946451e-05 0.0005343860623722069 0.0014546788373967774 2.1133727062843632e-05 7.193258435607694e-05 0.0005273042550536436 4.219315542038893e-06 4.178104999105496e-06 0.000717189422104832 2.336432422832344e-06 1.0576636016373204e-05 0.0 2.1185032176609904e-07 1.3947154670316487e-07 2.3051769129605055e-07 2.135241699019624e-07 3.2565570319559805e-05 7.242706219154154e-08 5.740771226770336e-05 0.0 0.00031321808433313096 5.551910334896117e-06 1.2752617626310852e-06 1.894499872432111e-05 3.711932828818583e-05 0.00013802657262323463 5.849898104508208e-07 2.0272548081339743e-07 0.0002127892251736232 2.849608272828385e-07 1.4182052554548193e-05 0.0 0.00014198152890129693 6.729487520904949e-07 9.803423115483245e-06 1.6209326395144318e-06 0.0011382553533301496 4.713691916542742e-05 5.479629189448353e-08 7.653336200443104e-07 0.0 1.0756846487072624e-07 1.981630027065784e-07 8.944973473336e-06 1.743143443147822e-07 2.512763264435937e-07 9.427613351468064e-07 1.051560894877051e-07 4.713962191552676e-06 3.1807063421090434e-06 0.0 1.0118362469518042e-05 1.7703959190817335e-07 1.2122138430373247e-06 4.978022663162671e-06 1.6296650313857862e-06 5.435308117629708e-08 0.0 0.0 1.2555635922137295e-05 8.722528668841865e-07 4.485450786146839e-06 2.551630909117724e-07 1.9059159207082818e-05 5.4926198173787777e-08 5.3110341360282e-08 1.9922922760207038e-07 9.60136715303315e-06 0.0 4.2934788193386855e-07 1.1982545333808675e-07 0.0 0.0 5.697484966199312e-08 0.0 3.763916097954395e-05 0.0 8.311684122115712e-07 0.0 3.209187505389662e-05 5.436920618132091e-07 0.0 0.0
1.8237645385894067e-06 5.251130256356421e-05 3.971406491818622e-06 1.1075452208655384e-07 0.0 6.428485746238169e-07 4.196729315433931e-05 3.927902620040143e-06 4.2020300268725195e-05 4.89958771109898e-07 1.9559044920002897e-06 3.0145419545417855e-07 3.2119384179917193e-06 6.241373940516908e-06 2.1185032176609904e-07 0.0 1.4736176865719333e-05 1.9199766999700435e-07 8.847791265107615e-07 2.578512100759763e-07 0.0029162149356937355 0.002094587304368639 0.0028337544243733563 0.0008290065793426389 8.485096419933411e-06 3.265511481585604e-06 0.0017960014515234228 0.0009987749868349061 2.1351797066452797e-05 0.00022832436053430287 1.1844669481122582e-07 1.2296508921171744e-07 7.629334172967609e-06 2.2167802693550313e-05 1.9946417405437923e-05 0.0017938265170266768 0.00038157259740121503 0.00020132927113239956 0.00038801372006838457 5.8294735931664046e-05 2.923219100857373e-06 9.984709474987307e-07 1.0406492868100877e-05 1.0599354483651623e-06 1.4444834573461365e-06 2.0353193929067456e-05 0.0 0.0 2.778808558188616e-07 1.0967741853969855e-05 2.2775413024696816e-07 5.444095575413498e-06 0.0 7.598646398848283e-08 0.0 2.8198085662156847e-07 3.3068529933600632e-06 1.511676430361179e-07 0.0012021253766145528 1.040927349137047e-05 1.031164247506467e-07 8.37974682174085e-07 4.039274281598143e-07 0.0003001039228177374 0.0006448702176146757 0.0007397482926322866 6.905787845014444e-05 1.257463428145608e-07 3.3828726452944647e-06 0.00026519097128049825 5.0350994413125714e-05 1.0778252481668415e-05 8.72209897354906e-05 4.3725615810886554e-08 0.0 1.4670950020963832e-06 4.774819094392066e-06 1.5739553253843507e-06 0.00012068296693896445 8.209582663560926e-06 2.2520622543577684e-05 2.077828732812649e-05 9.126969202672173e-06 7.270614926026521e-07 2.2436771710627221e-07 7.241230122766373e-07
0.00021648049902514173 1.0764747984463788e-05 0.0006597960773181784 3.583108666371617e-07 3.789797315246511e-07 1.5121236510793863e-05 2.7149930479423556e-05 0.0002758746753671918 2.3804361884964635e-06 2.287922692939359e-06 0.0004377827022536582 5.470388046608761e-06 3.7747086104975223e-06 0.0006107906903803 1.3947154670316487e-07 1.4736176865719333e-05 0.0 0.00013912785537883827 0.0018315174805933925 3.248947170307815e-06 0.0009993373314336072 1.1390803584519311e-05 0.0011378213918698929 1.1591781824795494e-05 0.0 0.0007884496972089115 0.0017841432588692218 1.642529240760811e-05 0.0005180077623490962 0.0014093393048759824 1.3668134452935985e-06 7.255020794866937e-06 4.311839066378049e-05 0.002217918710864254 3.599981448332761e-06 0.00029354634754559896 0.0020497389476051542 0.0015341682723353448 0.00027385510741176995 7.828409764945059e-06 3.3770480743400025e-06 7.031487678600348e-06 1.1919529370309576e-06 1.239091159030372e-07 3.437495553763995e-05 0.00012396635651560365 0.0 0.0 0.0 1.82608593347254e-07 3.02732691373855e-07 1.0817356749849136e-06 0.0 0.0 4.9518392756381436e-08 8.673434461545331e-08 3.8816362209591067e-07 6.747997634896495e-08 1.4348029819586862e-05 2.0557072325408252e-05 2.012173562928723e-07 9.399860218044805e-06 6.479462704914262e-08 5.343366575655014e-06 2.504087114498765e-05 1.3464672472747531e-05 2.5588577266167746e-06 2.1883711556858528e-07 8.535335741753079e-05 0.00046252094170466765 1.4336612226093761e-06 0.0 1.958375106573408e-06 0.0 0.0 0.0 2.245772967875882e-06 5.748969000958151e-07 1.984451185445624e-05 5.647392314641787e-05 1.8417000465562373e-05 4.6876164481933e-06 8.870666094652182e-08 0.0 0.0 4.6503173139570797e-07
1.4856752826238175e-05 7.935659291998632e-07 2.3516379715548114e-05 5.974963712629581e-07 9.244731380790729e-07 1.4351443632413322e-05 6.182660228347026e-06 5.160000590447193e-05 3.4159805244833667e-07 3.497776579106464e-06 0.0012799887474606916 2.024222922506119e-05 8.294416268886913e-06 6.959698747418128e-05 2.3051769129605055e-07 1.9199766999700435e-07 0.00013912785537883827 0.0 0.0008668647730931915 7.119476890643484e-06 6.180418864174808e-06 1.519641717476919e-07 8.717860283943873e-06 1.4016712772536274e-06 3.2310731670174905e-07 0.0014535673335282404 0.0003426007129579877 5.036405969052207e-06 5.9888550534520376e-05 8.262254577531891e-06 2.476923860975268e-05 1.2353233128723398e-05 6.498975999670908e-06 0.00041088132847925935 1.6393189056296508e-06 0.0002635995593873148 0.00035099206556551586 0.0007766987043178549 0.0002661610555520302 6.052231010173608e-06 6.22180170419883e-06 7.346770614681294e-06 4.4619709663539177e-07 0.0 6.480156359638055e-07 3.755557829395857e-07 0.0 0.0 0.0 0.0 0.0 0.0 0.0 6.890425116753752e-06 1.8661274747740816e-07 3.0168536196009217e-05 0.0 0.0 1.5588960626008427e-07 0.0 1.3194670188199173e-06 2.2269382574755766e-07 0.0 7.808165568172588e-08 0.0 0.0 1.256780182925145e-07 3.669584523929232e-06 1.5884508923111687e-05 3.0802449724821884e-05 3.7148363206067353e-07 0.0 6.366254133412311e-08 1.3504606396353375e-05 0.0 0.0 5.944003616538128e-08 1.0622324871716404e-06 8.661168644810611e-07 8.585950358945216e-06 4.3941099013296647e-07 1.0638908615267714e-07 0.0 0.0 2.0334798352029705e-07 0.0
6.87571493036117e-05 5.416142990143347e-06 0.0001095270902376081 9.511899748293951e-07 1.9551459993977783e-06 2.535090679811677e-05 1.5228095771520072e-05 0.00020482157915997315 1.4519568035808574e-06 6.2660040932718655e-06 0.0006951901261207959 2.4060922914543498e-05 2.2083182313753142e-06 0.0003099910743590565 2.135241699019624e-07 8.847791265107615e-07 0.0018315174805933925 0.0008668647730931915 0.0 1.0527060270495174e-05 2.8224784817159123e-05 1.1340347450394556e-06 5.71400212134643e-05 4.895270868455577e-06 8.972772012364452e-07 0.005401672130003394 0.0008068439690210104 8.65996290375523e-06 0.00021757740144373347 5.315558104735736e-05 4.833739880038274e-06 1.3958749455888113e-05 2.2916443475566862e-05 0.0015879093235178928 5.866136666767872e-06 0.0004770013148844032 0.00041788784931710333 0.0013187332856172919 0.0004217472962769666 9.09236259633098e-06 5.924341408253357e-06 2.7360371408467003e-06 6.306431113969998e-07 0.0 8.23429397802474e-06 7.043600317152291e-06 0.0 0.0 0.0 1.13695103403328e-06 8.371342750647263e-08 5.1515216444084635e-08 0.0 9.118272123870255e-07 1.3022522432524023e-07 2.6214385512651516e-06 6.58931934430506e-08 0.0 3.3610933745537406e-07 1.2735649955783689e-06 3.0286194210658264e-07 3.3413912967906363e-06 0.0 2.67445696122282e-07 4.5437570653136204e-07 1.3702234184901068e-07 1.289540413517976e-06 5.703307768618778e-07 7.628270306959221e-05 0.00010057044026229835 4.5820835238792465e-07 1.4341114390313626e-07 1.497550914434212e-07 1.4487181765722485e-06 0.0 0.0 3.216761360601819e-07 2.5593786051966765e-07 3.4450835939955385e-06 4.695905291127657e-05 9.399679575341989e-07 7.443603150043406e-07 0.0 0.0 0.0 0.0
2.042673175009885e-05 0.0 9.447608026322415e-07 0.0042115691277083795 4.2759461829233905e-06 0.0003978501782397563 0.00013070669414998436 0.000165145047481791 0.0002580290204717958 0.0032870287292970798 3.2544684335484986e-05 0.0038032160598199367 6.751653794647767e-06 0.00029051853226767034 3.2565570319559805e-05 2.578512100759763e-07 3.248947170307815e-06 7.119476890643484e-06 1.0527060270495174e-05 0.0 9.97176502346959e-07 4.076103896807409e-07 1.3647165030748814e-06 0.00022158871206780773 2.294022715920758e-06 1.785809600240383e-05 1.197290196631956e-05 0.001613719611369185 0.0004412587542713479 1.1368886670608917e-06 2.1672141787415805e-06 3.214210150539196e-05 1.038500455558496e-05 0.00010880467564094259 8.334493832833033e-06 0.001117587282738191 2.421040102675257e-05 0.0005291013247054877 6.401476058462347e-05 0.00032011425659070314 8.945023056789954e-05 1.1708208384394596e-06 2.9827780953140383e-05 9.254692951308533e-07 1.1289935162250447e-07 5.416041099475432e-07 0.00010730035971275734 4.4373954977095455e-07 1.0508611803095164e-05 3.2905395165343066e-05 6.724479660131669e-06 8.02232699562209e-05 8.427448361757193e-05 1.075811680666961e-06 0.00018087925174931378 1.0503412180540598e-07 2.4245003253178172e-05 1.5475102429460445e-05 6.769580893608894e-07 0.0 6.309104591393354e-07 1.1963491260234683e-07 0.00020126525801772308 8.036743745679734e-07 8.003452389089357e-07 5.923698997821574e-07 0.0002853002423363714 0.0 5.254589126483927e-07 1.5414155673517205e-06 0.00023218282570150854 1.9396472178479583e-05 6.08975695632154e-06 0.0 6.76920175716572e-07 1.6264964145904206e-06 1.1894502493012903e-05 1.00472302126687e-06 0.0001360205237167106 9.893364138216462e-07 3.731057541858494e-05 4.68605316771273e-06 0.00010754534699908931 1.8332181361502971e-06 1.801361165896288e-07 4.2284566672007865e-07
2.850803764304984e-05 3.494942993436521e-06 0.0011035249976607295 7.020589209559767e-07 2.0247116476070075e-07 1.2712690150113648e-05 0.00036616085813000984 0.00023944755075405624 1.1576921934616987e-05 7.174771001726751e-06 1.6303836764815786e-05 5.321201015089239e-07 1.4097911328871896e-06 0.00019793938460338061 7.242706219154154e-08 0.0029162149356937355 0.0009993373314336072 6.180418864174808e-06 2.8224784817159123e-05 9.97176502346959e-07 0.0 0.00014945761749625856 0.009094351339848828 6.212008053737589e-05 9.780824404317903e-07 7.071946695014085e-05 0.00019861739725827285 0.0022296205262611816 0.00012495082409855483 0.005604481746661225 4.0420383829328657e-07 1.6107531249732234e-06 3.828229298801456e-05 0.0014584017658095397 8.257486328037135e-05 0.0038374396689052066 0.000298396996756121 0.002839053696141615 0.0015125825983696385 0.00010567402603220171 1.9405891990178448e-05 8.156829613094441e-07 4.8087251663723134e-05 8.937137941219585e-07 0.0 3.078034010543129e-06 0.0 0.0 0.0 3.1968866759843216e-06 3.3400612432132775e-07 2.326125602586712e-06 4.4012276243522666e-07 0.0 0.0 0.0 1.3545086091299513e-06 5.861361669105471e-07 0.0003548548538102612 3.6325900747749817e-06 0.0 2.554574745475385e-07 3.287878727178921e-07 0.00016284270482805653 0.00013587929484413827 0.00017703241147959937 3.12377168681715e-05 0.0 1.7034356146747417e-06 1.848154743287791e-05 3.529170165096866e-05 5.1596749941498076e-06 6.408365385815928e-05 0.0 0.0 1.443487793755241e-06 2.9854415576425805e-06 2.697624827290959e-06 5.8737319421445176e-05 1.8644548440818602e-06 8.826306158286496e-06 4.81957430733395e-06 2.622658530648102e-06 0.0 4.039978742034741e-07 3.287177292341908e-07
3.273269914941177e-06 0.0013471940447549765 1.0542017671426004e-05 1.6788206367424607e-07 2.1654356376562837e-06 9.791486221044314e-07 3.8442487964852954e-05 6.841734610887496e-06 0.0017239802501289815 2.774329842365533e-07 4.487086644998395e-05 1.883144531010652e-06 0.00012411906037801358 9.741115725795416e-06 5.740771226770336e-05 0.002094587304368639 1.1390803584519311e-05 1.519641717476919e-07 1.1340347450394556e-06 4.076103896807409e-07 0.00014945761749625856 0.0 0.0003916831237839234 0.00342792393268522 0.00037470496566054275 8.47706955826422e-06 0.003144426122440126 0.00010259677396986168 3.768239581428699e-05 0.0002714041088813287 4.174156425960091e-06 8.9529611787039e-07 9.125426064040263e-06 1.6319149309905467e-05 4.587826342412554e-06 0.0004507252998316317 4.3396768247411145e-05 8.70452119158606e-05 6.364117493165905e-05 0.0001405382356319836 1.3579621822970436e-05 1.9041300418236128e-05 2.9916956736904394e-06 3.855638864586177e-07 1.3477069935481314e-05 2.7850602789701373e-05 2.771663604769753e-07 5.4959040336896994e-08 0.0 2.1574049435609545e-06 4.489439772658123e-08 5.98074010091066e-06 0.0 1.5180274340319235e-06 0.0 3.2575702984132208e-06 6.314700293748772e-07 5.230394703291991e-08 0.0007288147026838657 7.308549483000251e-06 2.9576736852270614e-07 6.712622036401847e-07 0.0 9.867014478146382e-05 0.00026125298152755754 0.0003562311077421842 3.617690631005147e-05 4.680288352350062e-06 1.0438367368822953e-05 0.0005845855503435792 1.8769352856852033e-05 1.3679017030374937e-06 1.727500580384644e-05 9.852380518853809e-07 0.0 6.743006836343728e-08 2.365991064798147e-06 8.132513445538269e-07 4.743794402469865e-05 7.746767353150389e-06 1.0435345324317934e-05 1.368865439709154e-05 1.7048534754743282e-06 0.0 3.666041107383429e-07 1.760183908160226e-07
5.123401528447599e-05 4.60063818622277e-06 0.005759548454956746 6.26997040579579e-07 2.3531363763366711e-07 5.188825634011639e-06 0.00014603218969195438 0.00010507451177331489 4.710106471897377e-06 2.3936606844690624e-06 2.545490250172762e-05 1.1660049663674365e-06 4.477935196778871e-06 0.00015550935739398912 0.0 0.0028337544243733563 0.0011378213918698929 8.717860283943873e-06 5.71400212134643e-05 1.3647165030748814e-06 0.009094351339848828 0.0003916831237839234 0.0 0.00031237567902055576 5.048797892057231e-07 0.0007180406399408428 0.005133436690076607 0.0012636998576008576 0.00010506205026151945 0.002607001755389217 1.7770522237600786e-06 2.720741762432758e-06 1.4965994411660102e-05 0.0013990175412840506 0.00010898368733666948 0.005478174188315283 0.0020546715099718092 0.004059313144441157 0.0037155697072017153 0.0001888793174911387 1.6228752754339572e-05 8.51197400967118e-06 5.3584462651978117e-05 2.347314294298058e-07 1.969624498341036e-06 6.733116307624554e-05 0.0 0.0 0.0 1.4648488581972021e-06 1.332887699712243e-07 1.4555573067073928e-06 6.023660809980645e-08 0.0 0.0 6.61904730098476e-08 6.679065831790702e-07 5.6267702204812066e-08 0.0009086246825788104 9.414910829054264e-06 0.0 4.872014233456768e-07 0.0 0.0001104669884730814 0.0005176836931294522 0.0006940888308017499 2.1808744493010062e-05 0.0 2.532097785878086e-06 0.0008679227270763885 1.0753097160465568e-05 1.0832408891667908e-06 1.586235041507447e-05 0.0 0.0 4.23036967457619e-07 3.931420034439041e-06 3.2669023389088983e-06 8.743802098232621e-05 1.557503091680124e-05 3.559577264788255e-05 3.0819152720219674e-05 1.558705403002262e-06 9.18644720290853e-08 4.029033851651966e-07 5.532265977648897e-07
