0.0 3.1001341570785e-07 7.367113361399367e-06 2.312980467810949e-06 1.2668615541510607e-06 2.877808432421404e-05 0.0022747386763526107 0.0003350877600614506 0.0 1.4985645349240874e-05 2.0052421714204678e-05 3.5699453526816963e-07 3.2465077241306136e-06 0.0023953608376933613 7.393114977546161e-08 5.386205274611303e-08 3.064960157532474e-05 7.89136248543173e-06 1.2011429287699605e-05 8.350053775025929e-07 3.939992718997648e-05 3.707317656175891e-07 6.485967686435452e-05 2.4508232853621616e-06 7.697888358476033e-08 3.410870576263353e-05 1.5478022451423916e-05 1.5080960406823557e-05 0.002943669666550045 0.001393716112755742 2.275305335279698e-07 1.9721574438061286e-05 3.4620748184790426e-05 0.0001564040358754836 0.0 2.064491925001626e-05 5.116103181816541e-06 9.167135327244274e-05 8.155912181008199e-06 3.07629554070013e-06 3.863885483040016e-06 3.501107045423464e-07 4.7446952495849116e-07 0.0 3.6732967583328103e-07 1.1781713197955228e-06 0.0 0.0 0.0 5.174771501359447e-08 0.0 8.75302201480051e-08 0.0 0.0 0.0 0.0 0.0 0.0 2.8635303270088314e-07 0.0 0.0 6.175918718673946e-08 3.6294496298529873e-08 6.78828330355311e-08 0.0 0.0 3.8930504226611753e-07 0.0 6.228569412525923e-07 1.3776770367827951e-06 1.2061422337733686e-06 0.0 4.0099968019236904e-08 0.0 0.0 0.0 0.0 0.0 1.377327754968795e-06 0.0 1.6935117733105126e-07 0.0 2.3717493659592678e-07 0.0 0.0 1.5446516940660703e-07
3.1001341570785e-07 0.0 0.00017818021781622519 0.0 9.09542113144285e-08 1.9282184425116194e-07 3.8313926459095226e-06 2.6008325892900784e-06 0.00022823835203053186 1.7830770924827096e-07 3.099249020986618e-05 0.0 0.0003484867187013619 2.6511244013493158e-06 1.3540017570927565e-06 0.0001273015393961303 5.677199951897209e-05 2.9411382887161885e-06 1.6563581196540002e-05 0.0 8.975707958445432e-06 0.0013162832242780622 5.093944396594073e-05 0.0003717858695900861 0.0010097259680042253 0.0002461170122214995 0.004459262728099395 5.331918431059164e-05 2.0964304256386773e-06 4.312860873805808e-06 4.271193665896356e-06 7.861103738313144e-08 7.923056540788333e-07 3.5807111591965016e-05 1.4480748825748473e-07 0.0002478126839999916 0.00038191578979608 0.00017745775913566896 3.7373717316032794e-05 3.446446203971549e-06 0.0 5.003183825176389e-05 7.995540514889098e-07 0.0 4.7401472451060386e-05 6.311870338188976e-05 0.0 0.0 4.213229427784952e-08 8.432550656206025e-07 3.469893330111896e-07 1.3731455441229437e-06 5.370572768873918e-08 4.872153841688358e-06 0.0 1.652373875952176e-05 5.919033598757102e-07 3.998882171101205e-08 5.029651245144677e-06 8.037195486584051e-05 2.01317076011382e-06 4.6595938181954166e-05 0.0 2.0026021388231483e-06 2.274626096094803e-05 1.4327216425080435e-05 2.3419275547065417e-06 2.707211323968597e-05 0.00032987437176170976 0.0008390333372192103 1.0475740818313667e-06 3.0596576024362256e-07 1.808764318604357e-06 2.4331164840931695e-06 8.984993662694294e-08 0.0 7.457975974402902e-06 1.0299717930289526e-06 3.978372998395575e-05 3.325525604554778e-05 3.12333010046464e-05 9.023273674036554e-06 7.573814030740183e-08 1.0659246360847809e-07 5.784821450852593e-07 0.0
7.367113361399367e-06 0.00017818021781622519 0.0 4.423346691940012e-07 1.2717687565468346e-07 5.926063956279934e-06 0.0002732146905851089 0.0001023277923571782 6.35157421872486e-06 6.6639605256235364e-06 7.546381875512166e-06 0.0 4.9650552414942995e-06 7.492274084337058e-05 2.2594323961070617e-07 1.8796253774150624e-05 0.00041659278527054615 1.096282668660232e-05 4.49974892485374e-05 0.0 0.00033267433596645527 8.859745007041803e-05 0.007783906660124288 0.00016382626901609564 1.306753550888062e-05 0.0029974618616162942 0.0053720389433512 0.00043052157914853757 2.3330242626612e-05 0.00011595866430252956 1.46832681576646e-06 8.109816270324858e-07 2.912429105107254e-06 0.00012717102036055334 7.1577362384921605e-06 0.000539333145090618 0.0012962960541740654 0.0005314629882692243 0.0002575151759280089 1.0443725680168998e-05 5.159661453976235e-07 8.091388712905362e-07 4.090327868978298e-06 4.6135216714994687e-07 0.00017781704736847702 0.0007884119048152679 0.0 0.0 3.7382363145703085e-07 1.0231124995455234e-05 3.3763491963128795e-06 1.5256967150420123e-06 1.5049242020449002e-07 3.013852416223818e-07 5.404876384827322e-08 2.3151353156485732e-07 2.8500564643319544e-06 0.0 4.026334604603691e-05 0.00014971648172465036 5.529300081026096e-07 2.2597954807481127e-05 4.72233968846783e-08 1.071440906247161e-05 8.211115044408429e-05 0.00018448460416759028 6.590928348040191e-06 4.849927526106812e-07 0.00026513001647411415 0.0014935046505903033 7.739814251550156e-06 5.862094199065308e-07 8.544137449436672e-06 6.905375114370233e-08 4.775567429496317e-08 0.0 1.3488430752568592e-05 4.940526740244194e-06 0.000129866403881756 0.00017304338491211632 7.46716616103672e-05 2.8579703286002963e-05 1.5396845479444407e-06 9.279763598607372e-08 0.0 5.490752678035249e-07
2.312980467810949e-06 0.0 4.423346691940012e-07 0.0 4.90149965574013e-06 0.00013245455907488383 0.00022541769668306112 4.2650930724739906e-05 0.00046827570926148915 0.0028439557262717385 3.1025314243447187e-06 0.001160711363514276 1.4427048432167518e-06 2.148795866032802e-05 4.001017301802799e-05 7.690641042444536e-08 1.5046768366957047e-07 1.375640606831126e-06 1.1357610661662726e-06 0.0023932662767875844 7.327660899995957e-07 1.5463989522955303e-07 3.930931183487748e-07 0.0010574692743055396 1.420822340169105e-07 1.8631316212282756e-06 9.868437639721984e-07 0.002017724120608789 3.441780778069351e-05 1.0764440165247305e-06 8.070187592736997e-08 3.0555091222836405e-06 4.623527216886189e-06 2.4912524295255914e-05 8.178996528898088e-07 0.00016637523776694965 6.530582470662561e-07 5.94422322540777e-05 8.264755755943281e-06 7.294149692961351e-05 7.001155549461708e-06 1.538744386319648e-07 2.3517504649565026e-06 0.0 0.0 2.0255015120553237e-07 4.21977898914281e-05 6.467075047846497e-08 1.769075822758286e-05 6.402779747850374e-05 1.5419713832361665e-05 5.5194210798080516e-05 0.0001111962395011341 0.0 0.0001048436145671549 0.0 1.6006206743286928e-06 2.5065209678426864e-06 7.401885928263197e-08 0.0 0.0 0.0 9.947294441528788e-05 5.593043882107754e-08 9.007533474084084e-08 0.0 0.00015795545059434522 0.0 0.0 1.8427772308825705e-07 0.00011624739522433125 8.770171847181741e-07 1.7071973470372e-07 0.0 0.0 1.3184811223374754e-07 2.4991504578365215e-07 0.0 3.607284933787498e-05 6.019278259215488e-08 3.330145490901706e-06 1.9093318537505615e-07 3.383130661732469e-05 1.1993402724172156e-07 0.0 0.0
1.2668615541510607e-06 9.09542113144285e-08 1.2717687565468346e-07 4.90149965574013e-06 0.0 0.00020277474124889171 8.669648600033742e-06 1.6356995901974915e-05 3.252189657678241e-05 1.6006332370363388e-05 9.58723458237308e-06 9.109212150671731e-05 4.459007303180219e-05 7.365791712288378e-06 0.0009011989023502159 1.742397294123512e-07 0.0 1.3177672773051789e-06 9.130305745763718e-07 1.319546506214953e-05 0.0 5.730870087327191e-08 2.586236439347324e-07 1.5286978192525728e-05 3.060244042356135e-07 1.121056383246852e-06 2.4726894013652375e-07 4.853119804185732e-06 4.14073744489741e-05 7.82880486653276e-07 1.2825372422463804e-07 0.0001433480487619407 3.5514350975288163e-08 0.0002821776977764442 1.2666902630914751e-07 0.00024442543487849285 5.223336968773603e-06 0.0001181380174056285 3.4064349554393444e-05 0.0012287813918738847 0.00013966613007171093 6.188220848742763e-06 7.266977559717605e-06 0.0 0.0 0.0 0.0 0.0 0.0 3.2088429270830574e-07 0.0 0.0 0.0 0.0 0.0 0.0 0.0 0.0 7.405923768137273e-08 0.0 0.0 0.0 0.0 0.0 0.0 0.0 1.934369753628973e-07 0.0 0.0 0.0 1.3506586059067817e-06 0.0 0.0 0.0 0.0 0.0 1.0814645314518379e-07 0.0 2.5925723196054287e-06 7.21840482072572e-07 9.650692878715005e-07 1.252431676562194e-06 0.0 0.0 0.0 0.0
2.877808432421404e-05 1.9282184425116194e-07 5.926063956279934e-06 0.00013245455907488383 0.00020277474124889171 0.0 0.002127569402107721 0.0025398830613152837 7.205330866056564e-05 0.00794869330562649 7.203260694667164e-05 0.0019245706825395457 8.35189348176553e-05 0.0003305021692963876 0.0006665992900405544 2.881118152372796e-07 5.4271770833114755e-06 1.7899213291558548e-05 1.243817385713979e-05 0.00032759004560794293 1.0818032493755788e-05 9.899084705727964e-08 9.079931904900787e-06 3.052535391161469e-05 2.222078585514906e-06 2.5761035602469303e-05 7.274189360087998e-06 0.0005463341428801159 0.00025428406597767967 1.850086444399873e-05 8.286991381085255e-07 0.00027990605112267544 1.552592590719231e-05 0.00037085338865072145 1.3505288612734375e-06 0.0005326937053579563 1.462729412057075e-05 0.0004053320478151512 0.00010447103672194258 0.0014814813757187853 0.00011813464322372975 1.612609812192809e-05 8.78451047305541e-06 5.867017382988685e-08 4.7640559466003684e-08 5.7656686419364044e-08 3.0060603176092723e-06 0.0 3.0302301858934664e-06 1.746647018345249e-05 2.9607812359377797e-06 2.9541591958740757e-06 1.134787348532446e-05 8.386897105611203e-07 1.0863620388727657e-05 1.369878179552151e-07 1.0884970240041666e-06 4.205973065605751e-07 1.0108443271901533e-06 0.0 0.0 0.0 1.0028237804195731e-05 8.168099490854397e-08 4.021301089911763e-07 4.383832217634431e-07 2.3786658848184992e-05 5.879392235766721e-08 3.159496364673449e-07 6.457796577049843e-07 2.3888578172404026e-05 6.287759881952839e-07 2.3397603541982637e-06 0.0 0.0 2.1442903940449294e-07 2.1882977537156343e-07 2.3284530473616672e-07 1.4311589683229496e-05 3.3298473874083756e-07 3.063834714859369e-06 4.982088645448878e-06 7.124885790853061e-06 2.934791580808499e-07 4.588587542372842e-07 2.9735880128078894e-07
0.0022747386763526107 3.8313926459095226e-06 0.0002732146905851089 0.00022541769668306112 8.669648600033742e-06 0.002127569402107721 0.0 0.003439394399058441 0.00019101001589488667 0.0043541526156014535 3.913183888403648e-05 1.0833938245143089e-05 1.611136579453585e-05 0.005852270696542223 1.0421146460848419e-05 2.45724661864662e-06 9.086476201816598e-05 1.7537322762799457e-05 2.7265944880103478e-05 1.4500223857752573e-05 0.0014447693862386242 1.6408852728779996e-05 0.0005602237900183708 0.00021727872492131382 3.1188298547932876e-06 0.0002196513539679487 8.28557995675674e-05 0.00955391020424505 0.0012553027386285958 0.0035877689536333215 6.089842266450802e-07 3.6238943545040196e-05 0.00029583908396193246 0.000481091580840823 1.2580768487837783e-05 0.0013916233902767268 3.240090055259637e-05 0.0007185253325540114 0.00017946791631204755 0.00010932564353258055 4.71061733189728e-05 2.992841185440159e-06 3.1337771973321213e-05 1.1884799215280885e-06 1.2444365699157992e-06 6.5336290156486175e-06 8.974710774896514e-06 0.0 1.3681298392509242e-05 0.00016508628799134073 4.920794726246682e-05 7.215057356502888e-05 3.303177966615336e-05 3.868913879553281e-07 8.486982612791325e-06 8.345843122537153e-08 1.1855490341398528e-05 1.1802657871967124e-06 7.09152186168834e-06 3.3519231764785613e-07 1.6707659800977882e-07 0.0 1.5650421563589766e-05 5.525963442373276e-06 4.023581769317309e-06 4.3030407467192965e-06 0.0003373545584167623 1.3766461190746528e-07 7.167795540871539e-07 1.2192973521433517e-05 0.00026304475199972284 6.015643745822494e-06 1.7400504440538114e-05 0.0 5.941001700544121e-07 7.797089107353586e-07 4.763707562469225e-06 1.7282701020230944e-06 8.659390159016878e-05 1.1227379096023097e-06 1.9323879249770808e-05 3.3128851880738627e-06 1.1044000358990787e-05 2.694345418565711e-06 8.171433741462864e-08 9.232039935891014e-07
0.0003350877600614506 2.6008325892900784e-06 0.0001023277923571782 4.2650930724739906e-05 1.6356995901974915e-05 0.0025398830613152837 0.003439394399058441 0.0 1.0161209167231393e-05 0.0014246227272512147 0.00010675679901577717 0.00010617624650902144 6.882042963380779e-05 0.004143100948235301 2.2220590493018293e-05 2.4677841710989815e-07 0.0001338572153848828 2.794920192016459e-05 5.2707295795698525e-05 6.572527031727541e-05 0.00018836198906780797 1.653481793360441e-06 0.00019993878629045306 4.410160482202999e-05 3.351332033255039e-06 0.0002513501498282835 8.402179159427521e-05 0.00025525473246026335 0.0005702031904057702 0.0004782706343460344 1.0390525067185747e-06 0.0003908178490767774 1.1913951109039995e-05 0.000510542717086443 9.500122107087172e-07 0.0002541897422773722 3.592764477918874e-05 0.0003640300547239063 8.06029514083313e-05 0.00025910355101589085 7.069968872715693e-05 1.1495931195529547e-05 6.74543342447539e-06 0.0 9.489517249216343e-07 4.720655344289351e-06 7.040747352733323e-07 0.0 3.9046347980982305e-06 2.88074556754368e-05 5.284845158288235e-06 6.151610773595844e-06 2.1040433030840826e-06 4.4564761803090893e-07 1.3923589622287283e-06 7.889868408427265e-08 2.5948575636763086e-06 0.0 1.4518526058440249e-06 4.851013410426599e-07 0.0 2.6460537964120283e-07 1.3310145149193896e-06 1.263248872821045e-06 8.839608205315742e-07 1.1000151719353727e-06 3.864115350158836e-05 2.900023665258929e-07 1.748855692494671e-06 9.236101482910792e-06 3.957201609899321e-05 1.0002401070554075e-06 5.2969766592952515e-06 0.0 0.0 0.0 0.0 1.3772896433059146e-07 1.2882465731440961e-05 1.4732675651597798e-06 3.3874542610941174e-06 3.5113692033325855e-06 2.3577853025897635e-07 9.615907356104012e-08 3.7758414624983515e-07 0.0
0.0 0.00022823835203053186 6.35157421872486e-06 0.00046827570926148915 3.252189657678241e-05 7.205330866056564e-05 0.00019101001589488667 1.0161209167231393e-05 0.0 0.0002952125106032576 2.6165604712314614e-06 0.0005450030964298691 1.0510627082430054e-05 9.4506105512618e-06 0.0002114939084094499 4.543257857382941e-05 6.621979059395296e-06 5.959321224084754e-07 6.147379231784388e-07 0.00027048683503984734 1.2432742203464575e-05 0.001424085545414766 5.034098584369212e-06 0.006026758389025377 5.236080382404705e-05 2.2178805435639828e-05 0.0002692062825847937 0.0013147802480755427 3.1625260720405288e-06 4.715082275757068e-05 3.6679757865275877e-07 1.6989709952074927e-06 1.1008611115198417e-06 6.475770076776026e-06 4.915840912275142e-07 2.940272854510127e-05 5.924435115936429e-06 1.7456805410955397e-05 3.860097202465897e-06 3.852603146690435e-05 1.996383057849093e-06 9.597450268731103e-07 8.69718059561834e-07 2.100991025405192e-07 2.759896255236748e-06 2.659354427093415e-06 2.7608742692708383e-05 0.0 1.2095143399104953e-05 5.729938632186316e-05 9.657200202534802e-06 4.648378857969826e-05 6.400600883357093e-05 3.281939890334147e-07 3.1905265187445544e-05 7.376184089666947e-07 2.796056573942964e-06 2.051118313397228e-06 0.00010926209614034868 3.4985647659834324e-07 5.587160766741006e-08 5.492016573905193e-07 4.938021394388265e-05 4.370680636273539e-05 5.4346360126527955e-05 4.060687997937958e-05 0.0004124112132941462 2.2782199278178183e-07 2.6872815521708585e-06 6.15422213649027e-06 0.0001732906306650007 3.4141549538305457e-06 1.354023444971922e-05 4.5037393559819524e-08 0.0 4.918315224298925e-07 1.1904286904959848e-06 4.170066132615993e-07 1.5680404763663005e-05 9.786792101553279e-07 4.880512471765955e-06 9.185696833156328e-07 3.883747544595512e-06 7.089431501446165e-07 0.0 0.0
1.4985645349240874e-05 1.7830770924827096e-07 6.6639605256235364e-06 0.0028439557262717385 1.6006332370363388e-05 0.00794869330562649 0.0043541526156014535 0.0014246227272512147 0.0002952125106032576 0.0 5.181129738079817e-05 0.0016121664696545212 2.1261569040118704e-05 0.00042886051696068046 5.999024831503228e-05 0.0 3.6881924154814686e-06 2.0791134987785674e-05 1.8990194484768127e-05 0.0017048053858911604 2.4908537657964204e-05 4.9441013203092e-08 1.0614478812834117e-05 0.00014621233215128497 5.804539072117181e-07 2.6611473912440795e-05 8.373831459880707e-06 0.002140979901673833 0.0003674546743792396 7.311920322254179e-06 9.387942770386386e-07 4.723219079042838e-05 2.1646134608044863e-05 0.0003353393074793879 6.742867635449209e-06 0.000904952236019835 1.2238186295882153e-05 0.0006929120540211736 7.246795730358121e-05 0.0001989784474792972 5.917382983538911e-05 2.6985841903634118e-06 2.145056872406633e-05 1.1767501699917383e-07 8.350643126349695e-08 1.446214010275798e-07 4.477191452680189e-05 1.1223619919089685e-07 4.0040605794312164e-05 0.00016745301516138378 3.951574817994163e-05 6.434629737651001e-05 0.00019234905468594636 2.4063403790649126e-07 0.00010446228985962654 5.282715611936517e-08 7.884216146590693e-06 3.810249989503387e-06 4.5386626850422126e-08 0.0 0.0 0.0 0.0001347601625478831 7.330104157045253e-07 2.9248692391848833e-07 6.321340568600718e-08 0.000308340947800774 8.677171626010567e-08 1.115315632062789e-07 3.497804473661735e-07 0.0002502360013710954 2.626721405867173e-06 7.037709961339636e-07 5.4974309532508493e-08 9.145870907957107e-08 1.670330621242352e-07 2.1459067361475874e-06 0.0 7.759876427410028e-05 4.274355079628427e-07 6.5936561150995715e-06 1.018972412207749e-06 4.632284569960824e-05 1.7760004401725816e-06 1.0834144095259656e-07 0.0
2.0052421714204678e-05 3.099249020986618e-05 7.546381875512166e-06 3.1025314243447187e-06 9.58723458237308e-06 7.203260694667164e-05 3.913183888403648e-05 0.00010675679901577717 2.6165604712314614e-06 5.181129738079817e-05 0.0 1.4874614339540697e-05 0.001587105923296427 0.00017774173129854603 1.987085808497554e-06 8.371719610705292e-07 0.0003146649822359089 0.001684436891003384 0.0010786359173694732 8.474741265209952e-06 8.089817553017811e-06 8.542322459476042e-06 1.902379274035191e-05 3.112633493167193e-06 0.0002510881984913309 0.0018355724500073907 0.00026244250079308375 1.090668661630562e-05 7.416943288248069e-05 1.085530631352695e-05 0.00016764745642897335 0.0001303875780711487 1.7866662053053053e-06 0.004019792088371798 1.3268390973492063e-06 0.0001970864111563612 0.001856499812943657 0.001810159593562836 0.0003890826424302889 7.796085927699099e-06 3.876473388193209e-06 0.0005635684060286731 2.1819384747820022e-06 0.0 1.5308245314912735e-05 4.369101553901537e-07 1.5056653622841041e-07 0.0 5.167388909027271e-07 4.7884056807217e-07 5.115174509839115e-07 8.587110917608154e-07 1.7619241144567073e-07 0.00016116787582711137 5.118820107362507e-07 0.0003335879760018377 6.780056542740481e-07 4.4469011275742146e-08 6.222473452741433e-08 1.3747594531238067e-06 1.1861215502708127e-05 3.7701098926343112e-06 5.613155444041941e-08 3.118759932577305e-07 4.727632554827954e-06 1.3728708947604534e-07 2.756581195632043e-06 0.0001415310913092383 6.835494207049287e-05 0.00011731905896873645 6.66711202671866e-07 7.396602631410273e-07 3.6299304967234854e-07 2.9471650624539548e-05 4.0261936001159265e-07 0.0 5.883273698594068e-06 1.7591624399402557e-07 1.2111843780049691e-05 7.549566049143895e-05 1.4338310911760991e-05 9.514866534135209e-06 5.979387174025168e-07 3.8531051992229323e-07 3.7429816942077575e-05 0.0
3.5699453526816963e-07 0.0 0.0 0.001160711363514276 9.109212150671731e-05 0.0019245706825395457 1.0833938245143089e-05 0.00010617624650902144 0.0005450030964298691 0.0016121664696545212 1.4874614339540697e-05 0.0 7.445693867167517e-06 2.720749006351013e-05 0.0010351764175247798 0.0 4.143434169806348e-07 5.112818688486386e-06 2.949748779489178e-06 0.00369492145842661 8.097831372365905e-08 0.0 1.9214272117582559e-07 7.329605103258728e-05 6.020460150543436e-08 3.958761261769934e-06 1.3976448134919383e-06 0.0002477157539970869 2.1730453917129257e-05 4.4462834940415444e-08 2.1259219658514026e-07 2.1959852053844717e-05 4.528901198481735e-07 6.138171015588989e-05 1.0705292084474177e-06 0.0004576491593211526 9.420874560569695e-07 0.000118138995852214 1.2636326866575631e-05 0.0008521223054019123 2.1200148823523966e-05 1.6023384580600502e-06 7.488974127986463e-07 0.0 0.0 0.0 2.8374067625523074e-05 4.3142348311394416e-07 9.587865909901753e-06 2.0679963291425996e-05 4.775983749850098e-06 2.33607439040698e-05 5.352105810108954e-05 8.429463147074497e-08 8.932003485635275e-05 0.0 7.617003008650317e-07 5.328484159517759e-06 0.0 0.0 0.0 0.0 4.9595521222124674e-05 3.8940736424788796e-07 0.0 0.0 4.195651234662013e-05 0.0 0.0 0.0 4.42069112873609e-05 5.907485896610783e-08 0.0 4.023238143945089e-08 1.2036084597917503e-07 0.0 2.3151642910488712e-07 0.0 2.5741793486239777e-05 0.0 8.725422252825169e-07 2.2863373723475053e-07 2.9515703741774217e-05 1.0560323096485554e-07 1.8230933680389083e-07 1.7002795395351662e-07
3.2465077241306136e-06 0.0003484867187013619 4.9650552414942995e-06 1.4427048432167518e-06 4.459007303180219e-05 8.35189348176553e-05 1.611136579453585e-05 6.882042963380779e-05 1.0510627082430054e-05 2.1261569040118704e-05 0.001587105923296427 7.445693867167517e-06 0.0 3.6699284151851695e-05 2.7138400886820207e-06 5.614050409587797e-06 1.5461200481242586e-05 5.338071604435198e-05 2.9525506639588612e-05 4.968957066818868e-06 7.393792294857914e-06 8.839086914642468e-05 1.4810925103019673e-05 1.928966474357119e-05 0.003282236969678783 0.0004910010282692017 0.002623702987170479 1.0725073202070514e-05 1.7287731950358755e-05 1.5002990238748653e-05 0.000810587368281613 5.048388287220414e-05 6.786928911546591e-07 0.0006865552107922703 8.26852040770233e-05 0.000941067657949832 0.0041868347896967 0.002075455686030512 0.0004289564928861431 5.171824300404927e-05 0.00014903195016902716 0.0006482418086042248 1.5654427388419278e-05 7.640633522040087e-08 7.099457222861618e-05 3.0786934699641308e-06 0.0 7.299101587832508e-08 1.215062785591247e-06 5.882907236031354e-07 2.4458214415452704e-06 1.4359783911992223e-06 3.4329657074530245e-07 0.0004930560403738353 5.084132463376444e-07 0.0015145583722769443 1.7925104707603375e-06 5.4724171417734024e-08 1.1169714583472887e-06 2.996479040015673e-06 3.10070490175885e-05 6.6999713645374e-06 4.528546596423781e-08 1.5513495207449559e-06 1.0794478373523667e-05 1.025720588843588e-06 2.5292535280316867e-06 0.0005084040277273905 0.0002334104731388554 0.0003130310852206142 1.64187576955613e-06 1.6940146074163082e-06 1.3589856091269986e-06 0.00012897558954375827 9.09704167428536e-07 0.0 1.95217179662283e-05 4.954840584525503e-05 0.00014711515876483577 0.000247170816010929 7.523139350010897e-05 3.149554022051927e-05 4.5799869988963665e-06 8.076569261752681e-06 4.7034147138866945e-05 5.665261947989513e-07
0.0023953608376933613 2.6511244013493158e-06 7.492274084337058e-05 2.148795866032802e-05 7.365791712288378e-06 0.0003305021692963876 0.005852270696542223 0.004143100948235301 9.4506105512618e-06 0.00042886051696068046 0.00017774173129854603 2.720749006351013e-05 3.6699284151851695e-05 0.0 5.484481410147042e-06 5.188071556691977e-07 0.00015258132317465885 3.903994994918375e-05 6.408658523145798e-05 2.0306529108758328e-05 0.0001994325606417805 8.143263656267541e-07 0.0002587411887530579 1.617464729587852e-05 1.8670926693596498e-06 0.00025375396534087625 9.604734140903995e-05 0.00011464858124246218 0.0037665330987863357 0.0009533368297242932 1.5390300366295724e-06 9.966498797890061e-05 2.0634645800019322e-05 0.0008732263654484146 9.053446035643532e-07 0.00011246230972878473 4.325041204947643e-05 0.0003219792848143697 3.886738654372544e-05 3.331931912365391e-05 2.3677568309951718e-05 3.750503459269436e-06 2.2819085309353373e-06 0.0 1.0684184579803663e-06 4.804843816963958e-06 8.200533604275889e-07 0.0 1.0074887609462999e-06 1.7693028938896152e-05 3.5421663660712553e-06 4.6961735572073305e-06 3.0765577819366558e-06 2.7992779314008907e-07 1.188310980387331e-06 3.3698781506647236e-07 7.456530552502433e-07 8.652069224672882e-07 1.6718594825909999e-06 8.592399517375245e-07 0.0 1.4861935466880777e-07 8.320179860042021e-07 1.029727453460195e-06 7.950199558953719e-07 1.6522884643744793e-06 2.0688603866705513e-05 2.3508111732869107e-07 4.818389220458722e-06 7.936704453426548e-06 2.2175188075267898e-05 7.728101105413668e-07 2.5388806810317867e-06 0.0 0.0 0.0 8.428780145593307e-07 0.0 1.2190168113471974e-05 1.0235444842918457e-06 2.059600619217511e-06 1.081988504429214e-06 2.540919051919361e-07 0.0 0.0 0.0
7.393114977546161e-08 1.3540017570927565e-06 2.2594323961070617e-07 4.001017301802799e-05 0.0009011989023502159 0.0006665992900405544 1.0421146460848419e-05 2.2220590493018293e-05 0.0002114939084094499 5.999024831503228e-05 1.987085808497554e-06 0.0010351764175247798 2.7138400886820207e-06 5.484481410147042e-06 0.0 3.7242573475858184e-07 7.789289109823094e-08 5.580049489520713e-07 1.420134070433316e-07 0.00015211583578464175 1.6577167214118582e-07 6.200352893905022e-06 1.1166866953223495e-07 0.0003536397260655703 2.5486081734862684e-07 9.572620880824214e-07 1.6711583090973987e-06 3.553178032323547e-05 3.723712246134732e-06 0.0 1.3306180371692821e-07 0.00023268364750154874 1.6061035617798875e-07 1.4886042233952317e-05 0.0 1.795953285192488e-05 1.9149913109138118e-07 2.0706070376643493e-05 4.5740837463196026e-06 0.0006600396901310015 4.120347840428855e-05 1.3409854007363754e-06 0.0 0.0 0.0 0.0 0.0 0.0 0.0 3.779796258043346e-08 0.0 1.3446778302703932e-07 2.2109811250432672e-07 0.0 2.667354181588112e-07 0.0 0.0 0.0 1.5346421489650024e-07 0.0 0.0 0.0 3.7683254308226986e-07 1.0939519931719399e-07 1.1087809167850315e-07 4.529898319643429e-08 3.6999026918055843e-07 0.0 0.0 0.0 4.393824987503747e-07 0.0 0.0 0.0 0.0 0.0 0.0 0.0 2.153575415500265e-07 0.0 1.0172610751563623e-07 2.8679180898989504e-07 0.0 0.0 0.0 0.0
5.386205274611303e-08 0.0001273015393961303 1.8796253774150624e-05 7.690641042444536e-08 1.742397294123512e-07 2.881118152372796e-07 2.45724661864662e-06 2.4677841710989815e-07 4.543257857382941e-05 0.0 8.371719610705292e-07 0.0 5.614050409587797e-06 5.188071556691977e-07 3.7242573475858184e-07 0.0 1.8830223531798558e-05 4.197655600699125e-07 9.891841860780958e-07 0.0 0.0017035000595277733 0.0014351449859604734 0.004711579212386891 0.001927607195160641 1.808870392484551e-05 2.8780914440982848e-05 0.002725925423731361 0.0007915144702614463 1.7873310105123843e-06 4.549479630365778e-05 0.0 6.882929577010118e-08 7.93811106354083e-07 1.6375094339052122e-05 4.862793175722076e-06 0.0005421425257493732 0.0004469438104053819 9.93696347466906e-05 0.00010371227713306744 1.2193682971632375e-05 1.9138121576918715e-07 2.7415863150671483e-07 5.250905460885132e-06 2.741531414308689e-07 6.555218981529834e-06 4.1091838876522544e-05 6.652421949341928e-08 0.0 2.0449552006963795e-07 7.29666126298281e-06 5.020300315051535e-07 1.919900099331497e-05 2.15939493055655e-07 2.0344186221779274e-07 0.0 4.376604934834237e-07 1.2314102212054636e-06 6.743261458276273e-07 0.0009261126762096097 3.065093886629955e-06 0.0 6.103621005100937e-07 1.8416596677160487e-07 0.000176622209485079 0.000328553234960752 0.0007405469926234446 0.00012914959768139158 7.941530576690842e-08 6.4811628493459114e-06 0.00029786666961630314 8.423518722048252e-05 2.734329148785929e-06 4.556550502152865e-05 0.0 0.0 1.3805489183331314e-06 1.6812703841376554e-06 1.106245673237656e-06 0.00014620337148794704 4.427543296905174e-06 7.4453563176178755e-06 3.2822964541237485e-06 1.3260226565245388e-06 1.363476972937011e-07 0.0 1.353582497607462e-07
3.064960157532474e-05 5.677199951897209e-05 0.00041659278527054615 1.5046768366957047e-07 0.0 5.4271770833114755e-06 9.086476201816598e-05 0.0001338572153848828 6.621979059395296e-06 3.6881924154814686e-06 0.0003146649822359089 4.143434169806348e-07 1.5461200481242586e-05 0.00015258132317465885 7.789289109823094e-08 1.8830223531798558e-05 0.0 0.0002713572101027471 0.0026048829981798445 5.489960914824232e-07 0.000806922865297324 2.243524197754134e-05 0.003323550453554229 2.586838955068868e-05 2.6010243884170753e-06 0.002386188612882459 0.0019817342198390725 4.4701652078619004e-05 0.00011120876352523434 0.000574145374511764 3.4761091184268274e-06 1.7921590781785403e-06 4.010934956759395e-06 0.0008505924697796911 9.604475798175872e-07 0.00011802046585294865 0.0023022205611278206 0.0004175691300165756 9.1763320059621e-05 2.594858291527273e-06 2.5632163156401504e-07 9.849105661626008e-06 7.884782532483555e-07 4.7015831812600193e-07 4.0538406751767234e-05 0.0001442431791244511 0.0 0.0 1.1117317632330941e-07 2.5271682142228635e-06 3.1524034223655463e-07 8.929403871988396e-08 6.543583968461396e-08 1.1186207963603342e-06 0.0 1.6914222241022684e-06 8.414948343141909e-07 0.0 2.8266405283384115e-06 9.393829026949936e-05 2.12042185259405e-06 4.53027573809614e-05 0.0 1.9833790021740104e-06 3.2432478252311416e-06 1.4655876373903402e-05 1.1170860047593046e-06 1.22926328614761e-06 0.0003433138537778761 0.00023059023075322615 1.7962951051477198e-06 1.551095947866821e-07 2.6190436283774397e-06 1.8133351741375553e-07 0.0 0.0 4.88915914366379e-06 2.612821369120839e-07 3.936018700215492e-05 7.930052582217769e-05 3.821545552984566e-05 9.784400688288387e-06 1.9653564834183497e-07 0.0 0.0 8.172019488191376e-08
7.89136248543173e-06 2.9411382887161885e-06 1.096282668660232e-05 1.375640606831126e-06 1.3177672773051789e-06 1.7899213291558548e-05 1.7537322762799457e-05 2.794920192016459e-05 5.959321224084754e-07 2.0791134987785674e-05 0.001684436891003384 5.112818688486386e-06 5.338071604435198e-05 3.903994994918375e-05 5.580049489520713e-07 4.197655600699125e-07 0.0002713572101027471 0.0 0.0006406805846448607 2.7205337284848823e-06 6.542465310052471e-06 6.348360891889237e-07 2.5917026368293087e-05 1.755689616906033e-06 7.899741318572526e-06 0.002070031062435545 0.00021835634424731417 4.147807531645242e-06 2.1186422320311382e-05 1.0382140397373406e-05 1.0790276458712424e-05 1.5393865016394007e-05 8.502290216256063e-07 0.0006564502699646713 1.6170658118040345e-06 0.00029177098294922495 0.0004036247540763846 0.0008816050370444237 0.00026436002709106414 4.5202686746202655e-06 5.501517039245995e-07 1.5038746194652643e-05 1.2075357564341175e-06 0.0 3.205034630607417e-06 8.293019581410909e-07 0.0 0.0 0.0 0.0 4.549410964212603e-08 4.8338301662201463e-08 0.0 1.5569882535650794e-05 4.439409114980388e-08 2.408930110575272e-05 2.0559726807448985e-07 0.0 6.865673270430668e-08 1.842603901840285e-06 8.228842348545897e-06 6.940300720564226e-06 0.0 0.0 9.811380050897399e-08 3.2972750169632124e-07 6.870763929395004e-07 5.240105359765858e-05 4.2256912393438765e-05 8.603814583240314e-05 4.419957817849644e-07 2.6562441604884013e-07 1.302281239443533e-07 5.9567444549068764e-06 0.0 0.0 6.547582816319527e-07 2.1907623610598908e-07 3.928570062686805e-06 2.7353860334437167e-06 1.0542281542694196e-06 4.2671501869102815e-07 0.0 0.0 5.888318565334876e-07 0.0
1.2011429287699605e-05 1.6563581196540002e-05 4.49974892485374e-05 1.1357610661662726e-06 9.130305745763718e-07 1.243817385713979e-05 2.7265944880103478e-05 5.2707295795698525e-05 6.147379231784388e-07 1.8990194484768127e-05 0.0010786359173694732 2.949748779489178e-06 2.9525506639588612e-05 6.408658523145798e-05 1.420134070433316e-07 9.891841860780958e-07 0.0026048829981798445 0.0006406805846448607 0.0 3.0204980039991996e-06 3.055023695600149e-05 3.612760710827961e-06 0.00013836461133240365 4.428036616959077e-06 4.919552941795848e-06 0.0037718622119858503 0.0006828494179630693 9.251168067193555e-06 4.413836302524604e-05 4.711501951561571e-05 7.0493257660745254e-06 1.280682944174518e-05 1.5785793888601783e-06 0.002065844095946665 1.5319597651462332e-06 0.000236009912344123 0.00040094411061859016 0.001114115512754155 0.00023063325491795025 3.5401470648789494e-06 2.9026330802855363e-07 6.319152697125052e-06 7.010767240827749e-07 0.0 1.1313438509601762e-05 5.9908590999541755e-06 0.0 0.0 0.0 3.2311440726756573e-07 0.0 1.5960410221966953e-07 0.0 2.3034593800261505e-06 0.0 3.60808216454564e-06 0.0 0.0 3.530250371336937e-07 1.175539218694141e-05 3.043017005783323e-06 1.6187720247846315e-05 0.0 2.976003819477959e-07 2.009387723532602e-07 5.563060096287783e-07 3.821704946107053e-07 1.0735679338879466e-05 0.00011971284070918888 8.592500100139806e-05 5.688413466125552e-07 0.0 4.517608590768663e-07 1.2793770866566905e-06 0.0 0.0 2.4443075254030917e-06 5.630253287068566e-07 4.576797795121282e-06 1.2931736101718422e-05 4.518836267388231e-06 7.499855083989797e-07 0.0 0.0 2.103674646570601e-07 8.447601886299391e-08
8.350053775025929e-07 0.0 0.0 0.0023932662767875844 1.319546506214953e-05 0.00032759004560794293 1.4500223857752573e-05 6.572527031727541e-05 0.00027048683503984734 0.0017048053858911604 8.474741265209952e-06 0.00369492145842661 4.968957066818868e-06 2.0306529108758328e-05 0.00015211583578464175 0.0 5.489960914824232e-07 2.7205337284848823e-06 3.0204980039991996e-06 0.0 2.336527479365314e-07 0.0 2.8857986499888927e-07 0.00014457848104259036 2.0309549873956415e-07 2.9718903974801606e-06 9.138246149211199e-07 0.0018168032563249193 3.309144570646852e-05 2.131833086150496e-07 1.8585410963892523e-07 8.846262139115517e-06 5.042663397295247e-07 3.95317038133817e-05 1.2677505929104942e-06 0.00013681057305741103 2.146149502171879e-06 8.070476520455836e-05 8.843732215812095e-06 0.0001963878700536151 8.731927077689986e-06 1.161766009631763e-06 2.137723244341814e-06 0.0 0.0 1.3658510148255506e-07 2.234690003027015e-05 1.7027834854910706e-07 9.316078949569008e-06 3.025831182558287e-05 7.547400804475135e-06 2.058278342421713e-05 5.555982677654571e-05 1.6540287352346806e-07 5.53724169270618e-05 0.0 5.996092150828853e-07 1.939422949064383e-06 0.0 0.0 0.0 0.0 4.154996980752306e-05 0.0 0.0 6.065686036707301e-08 5.935335876417908e-05 0.0 0.0 0.0 5.0826730501008646e-05 2.232727197626568e-07 1.3534685369421745e-07 0.0 0.0 0.0 9.583292354388071e-08 0.0 1.6716079293259937e-05 1.3245592324435497e-07 4.3487772861878886e-07 1.5115555482030782e-07 1.7815662405930906e-05 1.1433044477084032e-07 0.0 0.0
3.939992718997648e-05 8.975707958445432e-06 0.00033267433596645527 7.327660899995957e-07 0.0 1.0818032493755788e-05 0.0014447693862386242 0.00018836198906780797 1.2432742203464575e-05 2.4908537657964204e-05 8.089817553017811e-06 8.097831372365905e-08 7.393792294857914e-06 0.0001994325606417805 1.6577167214118582e-07 0.0017035000595277733 0.000806922865297324 6.542465310052471e-06 3.055023695600149e-05 2.336527479365314e-07 0.0 6.422392420977587e-05 0.010260086757136399 0.0003260559275532638 4.016965312910289e-06 0.00010548524810155801 0.0006911299799281155 0.0030124878477898365 0.00012295282331874254 0.008236545627143326 7.535036210929741e-08 9.589690060386671e-07 2.4399139161367503e-05 0.0012979765830894935 1.2079509403006067e-05 0.0019309875370943296 0.000613602434103246 0.0015414934853494701 0.0008686714805042605 9.12986090335681e-05 3.952042427925833e-06 2.9692266015886393e-06 2.614769172126527e-05 1.1090798139825083e-06 3.210162153490123e-06 3.2318474110059844e-05 1.666700377908352e-07 0.0 1.9795027868055182e-07 1.154675786367106e-05 3.1393112100748442e-06 2.0351433049110845e-05 8.981083439355978e-07 7.168768434993989e-08 5.629771241772698e-08 0.0 1.935727431362702e-06 1.7398292279635977e-07 0.0002193507334412091 1.974090632604238e-06 5.406829798177565e-08 5.267647017398715e-07 3.389446111907194e-07 0.0001380922068979723 6.004054302116558e-05 0.00013556552854824421 0.00010520088638244685 6.0174745752065e-08 3.8936996934490996e-06 6.207599965239961e-05 7.895108439046097e-05 7.892716170383026e-06 6.517646456921804e-05 0.0 0.0 6.724105183403113e-07 2.035860384027833e-06 1.937733256914296e-06 5.924776978522932e-05 3.4317593603326708e-06 7.734745577150902e-06 4.041205633701883e-06 1.0165753910244751e-06 0.0 5.7449661343382455e-08 7.358104652965871e-08
3.707317656175891e-07 0.0013162832242780622 8.859745007041803e-05 1.5463989522955303e-07 5.730870087327191e-08 9.899084705727964e-08 1.6408852728779996e-05 1.653481793360441e-06 0.001424085545414766 4.9441013203092e-08 8.542322459476042e-06 0.0 8.839086914642468e-05 8.143263656267541e-07 6.200352893905022e-06 0.0014351449859604734 2.243524197754134e-05 6.348360891889237e-07 3.612760710827961e-06 0.0 6.422392420977587e-05 0.0 0.00020053333934670734 0.0032229978920596024 0.00033817367880395986 8.504935363912686e-05 0.0034362424438813587 0.00029358437651433967 1.1758542859672823e-06 1.3928904566793327e-05 1.5035540953894646e-06 0.0 2.0674647542817928e-07 1.70612055530894e-05 3.42398860161521e-07 7.407165761238716e-05 0.00011479937282674284 5.803195578119174e-05 2.277340700142789e-05 3.7180756019002803e-06 0.0 8.96346329740919e-06 6.37450772470131e-07 1.6077909282728456e-07 9.552670811689246e-06 8.556301714481555e-05 6.754350198400168e-08 0.0 7.230261443617081e-08 2.6999918957200957e-06 3.1369074060137733e-07 1.1766728867763357e-05 1.2901789841814604e-07 1.2179401017621176e-06 0.0 5.136649894648744e-06 2.2182579017090425e-07 1.7328593617878223e-07 0.0004052332754550896 3.754342221506873e-06 4.1629615100330894e-07 6.563182568763513e-07 4.138261818236148e-08 3.429651412785024e-05 5.0431552297604174e-05 0.0002109683212561939 4.394539436305748e-05 4.5835882113747567e-07 1.2639803360058289e-05 0.0006267157123417944 1.7790636983497606e-05 5.5819739621302246e-08 4.905069702333415e-06 6.373411373191465e-07 0.0 1.6597194553298313e-07 1.0774936330707446e-06 9.950186428748929e-08 1.9372808427777846e-05 6.368799245042628e-06 7.26000765888226e-06 3.7566157783708382e-06 2.3381592865679878e-07 6.584619859240047e-07 7.29753428208911e-08 1.3346941412083474e-07
6.485967686435452e-05 5.093944396594073e-05 0.007783906660124288 3.930931183487748e-07 2.586236439347324e-07 9.079931904900787e-06 0.0005602237900183708 0.00019993878629045306 5.034098584369212e-06 1.0614478812834117e-05 1.902379274035191e-05 1.9214272117582559e-07 1.4810925103019673e-05 0.0002587411887530579 1.1166866953223495e-07 0.004711579212386891 0.003323550453554229 2.5917026368293087e-05 0.00013836461133240365 2.8857986499888927e-07 0.010260086757136399 0.00020053333934670734 0.0 0.0002984045546676945 6.135099266510418e-06 0.002021857609627509 0.006560290329117723 0.0012604139158745187 0.00011477858403761176 0.0022929944374938346 3.055727276547464e-07 9.806614533356743e-07 1.0745060502515288e-05 0.0009708097858396786 6.595621932763227e-05 0.005985101315882586 0.0030211185646226487 0.003017357323337535 0.002534256401781954 0.000263379956618052 8.099719521746337e-06 1.0024050741010115e-05 7.934319401579088e-05 1.61623521254513e-07 3.1938032885361905e-05 0.0004358195831937308 0.0 0.0 3.9257122147962543e-07 9.52841124790454e-06 1.7249651942063653e-06 1.1487662254020549e-05 3.5295375279662056e-07 1.5608233987298187e-07 0.0 0.0 2.033208857623998e-06 1.8069653690925949e-07 0.0010559894228466381 1.4758171102854148e-05 7.215663526036272e-08 1.7342967218723712e-06 0.0 0.00014642200326706056 0.00023247226213385198 0.0009963428829689502 9.324049435790044e-05 9.901561825176895e-08 2.3416319924528646e-05 0.0011062298540520101 5.3910895275195745e-05 2.465346740323354e-06 3.9655806343609436e-05 0.0 0.0 3.0174116767590016e-07 5.5294202284245796e-06 1.8117636579496265e-05 0.00022879673160437528 5.587014328672491e-05 2.7069356348190137e-05 1.2487836591076429e-05 2.596969385124064e-06 5.62979328525905e-07 0.0 3.2747334725949333e-07
