0.0 2.3636670450232378e-07 3.186275271913053e-05 3.037146041855383e-06 4.850810230166708e-07 5.123149212648462e-06 0.0008488060994777673 0.00014738935507359536 2.7990588259804016e-05 1.012448391865283e-05 9.867396817648448e-06 5.119446109047199e-07 9.255490703026501e-08 0.002848297541271399 1.8311332760025728e-07 6.751093393437e-07 0.0002130672976768442 7.54943598826743e-06 6.16666847823576e-05 9.669782359459464e-07 3.54217587020995e-05 7.741772550113534e-07 4.7315520284582205e-05 3.70065983124568e-05 8.227833537391595e-08 3.1042241846234816e-05 3.602136800362795e-05 9.986027587814132e-05 0.00214348627868058 0.0009380544719497307 5.0785389168564986e-08 2.313141688522785e-06 0.0001347532200158933 0.0001332598235096125 7.115965121642368e-07 2.295669335594192e-05 1.0382617796577708e-05 2.9775429664221098e-05 7.148018110723254e-06 7.049000742273258e-07 4.7044838604795604e-07 4.9866674013482714e-08 9.484113774600978e-08 3.964691312758175e-07 0.0 3.6258104521808424e-07 1.9245800952273926e-07 0.0 0.0 2.4079085848195375e-06 2.0009887930676263e-07 2.890892559355122e-06 2.293261767257967e-07 4.391829630673257e-08 1.33909956288111e-07 0.0 2.9107311202322436e-07 1.0416701721837901e-07 1.4624378398066935e-06 1.2804582870845298e-07 5.913870815693724e-08 0.0 0.0 1.4500999986378964e-06 3.0808397664432474e-07 3.6077686044114833e-07 2.031117101609183e-05 0.0 6.348252364804184e-07 2.5214657071352057e-06 1.0719806793970058e-05 3.7601305427185718e-06 6.640673039350932e-06 7.284684487616992e-08 0.0 3.8176976383278564e-07 5.531248245332297e-07 0.0 4.753543018928897e-06 1.966534393077734e-07 1.853859306489097e-06 1.0244615781101167e-06 5.061548033858553e-07 9.004396166558609e-08 1.0674102332794395e-07 1.5650763557584176e-07
2.3636670450232378e-07 0.0 1.2034405074206212e-05 2.7994706410875904e-07 4.474850773597428e-07 4.817321358501591e-07 2.272099205878615e-06 4.805054028307342e-07 0.00028979462386629604 2.855140114962889e-07 1.0690871298999439e-05 4.4963239434485595e-07 0.0005358956166996024 5.301101324864793e-07 1.1293797682181574e-05 6.44208076585409e-05 7.689317598423449e-06 4.82867958558766e-06 8.638156690531221e-06 6.08000629194475e-08 5.338474242447558e-06 0.0012649446728109318 4.4252393298018576e-06 0.0005227262843986624 0.0009982979366653917 0.00011646394428788965 0.001356152345034875 8.720876311762522e-06 1.042421451913676e-06 2.7241338865791272e-06 1.2186279385155434e-05 0.0 4.114448468539351e-07 1.3855659924542811e-05 0.0 2.149362201077929e-05 8.074166217724581e-05 2.926913755506785e-05 1.091056160595362e-05 1.028135044447657e-05 1.3740413186617436e-07 7.78182451239633e-05 1.8352917905249472e-07 0.0 3.296883160607452e-05 2.0939485266395288e-05 0.0 0.0 5.524099812502843e-08 7.81729050778575e-08 0.0 1.2263121475540188e-06 6.873005878640979e-08 1.0838706953005942e-05 0.0 3.491915301303563e-05 6.346971068232262e-08 1.1858240763408061e-07 1.824097756138215e-05 8.339012582131445e-06 3.767105965850277e-06 5.436571119836413e-06 0.0 2.1884761272767181e-07 1.1718102261472114e-05 1.2567816337351079e-05 4.739983254337379e-06 5.068933656273056e-05 7.762143217470245e-05 0.0007363805463791556 8.996750086973695e-07 0.0 4.9775095147283566e-08 7.434154303941047e-06 0.0 0.0 4.168955056255471e-06 0.0 1.815452322041909e-05 1.4388632953387187e-05 1.2475693043386021e-05 7.899873112683044e-06 3.3076391218473427e-07 0.0 7.4110684577344524e-06 0.0
3.186275271913053e-05 1.2034405074206212e-05 0.0 1.5372798454667788e-06 1.2361183792439217e-07 0.0001216195791675132 0.0010561997946947487 0.0003201689306477724 3.7493910563126773e-06 9.251187567933305e-05 9.303974260662677e-06 1.0892843505502308e-06 1.2856310833770125e-06 0.0002850264999760949 9.460420257647784e-08 4.451338634897315e-06 0.002961471173166787 5.743217209302341e-06 0.00011090204872421812 3.244274364712096e-07 0.00047145783596357657 2.7693935158024782e-05 0.004038839268061679 7.015034752183337e-06 5.141312086450758e-07 0.0011849969047053178 0.004927330393837285 0.0001315186553764909 4.7187125024022934e-05 9.087258713567482e-05 1.1012085914153215e-06 1.8174799815494615e-06 1.9431551257397342e-06 0.0003369714626208577 4.70535482627302e-06 0.0007108379942271475 0.002044661326651028 0.0007516178444125118 0.0004992884284009963 2.8276559679669077e-05 1.6735489303772767e-06 1.001570360488326e-05 2.121431599873393e-06 1.4421939113976363e-07 1.705206227219686e-05 0.0005996219416774196 9.689004738104586e-08 0.0 1.0423879669725875e-07 3.1455208630292148e-06 1.4833111178800345e-06 9.770877223557592e-07 9.26097207103733e-08 1.9266110957252247e-07 0.0 1.1926205653235475e-06 9.525633958109968e-07 0.0 3.018260057337829e-05 7.527778901725249e-05 7.133872829545285e-07 1.0901143200703367e-05 0.0 3.899825178909448e-06 9.723153775156101e-06 0.00010709528360292282 1.4965001847709487e-05 1.256790969212334e-06 0.00021219589591452536 0.0013917641962289007 6.532990006840484e-06 9.486089461163475e-07 1.5909508675934047e-06 1.8594740568370237e-07 4.969686952245104e-08 0.0 2.055159556589817e-05 1.6634033934316998e-06 9.541602495580837e-05 4.294015760888565e-05 7.268333599714602e-05 4.8514047867224815e-05 9.558400604154257e-07 5.321442131272227e-07 0.0 2.0578917891404599e-07
3.037146041855383e-06 2.7994706410875904e-07 1.5372798454667788e-06 0.0 3.5408905333624066e-06 6.620861724517538e-05 0.0001021460951411066 3.937635503227626e-05 0.0006190496975698585 0.0015414311635103823 4.323172258971643e-06 0.0031723470140027446 5.711126661773501e-07 2.9433864644905998e-05 7.985557444003105e-05 3.937092124568423e-07 2.314094503218237e-07 1.5628864456137943e-06 1.6169202921383671e-06 0.0036496447416344397 6.096363208637301e-08 1.0961396159491457e-06 8.327483664387938e-08 0.0010534270975741682 9.128630264816038e-08 1.0261072391514382e-06 7.294515003125018e-07 0.0017575037014901274 5.529054851624652e-05 9.315917925723666e-07 5.949144883876578e-08 4.620890779325154e-06 2.918262759286982e-06 4.596124509341365e-05 5.596581928437941e-06 0.0005809207306308957 3.2473239741877683e-06 0.00011285379365388602 4.0695111226728514e-05 0.00030057202168951486 2.6541186910472646e-05 1.1395910454900226e-06 6.091834455219834e-06 3.1959927315259165e-07 0.0 2.0636862811922202e-07 0.00016267054484327907 0.0 1.7471860105726765e-06 3.5042450336924206e-05 1.644018714123986e-06 2.902545171278563e-05 0.00012245089912303695 7.119004243624488e-08 5.96478697586709e-05 0.0 1.6000818011762255e-06 6.467356738744358e-07 4.749996223647231e-07 0.0 0.0 5.994625230709585e-08 9.514282212545044e-05 1.467353354834824e-07 0.0 8.614461508442761e-08 0.0002686478842841913 0.0 3.536709635991779e-07 0.0 0.00017690628348674428 5.599396003458723e-06 2.1279201031510562e-06 5.3933180879461645e-08 7.373876564652858e-07 2.2175772603269603e-07 3.035685014299386e-06 7.180642405568839e-07 3.424588065734564e-05 0.0 7.143464144442239e-06 2.4779093097542462e-06 6.648794901679182e-05 2.161874433720884e-06 0.0 3.1760028898942477e-07
4.850810230166708e-07 4.474850773597428e-07 1.2361183792439217e-07 3.5408905333624066e-06 0.0 0.00010583144642803709 3.4470121153653857e-06 9.487675838386891e-06 2.6275311146939975e-05 6.7499137594474e-06 2.9608217585118168e-05 5.0857760713801465e-05 2.07441215708263e-06 2.603655039957352e-06 0.0009453624347245945 7.677130426983173e-08 4.955760346920802e-07 5.957681735788771e-06 3.426414088438878e-06 9.462001750236212e-06 6.490745135740291e-08 9.488280364672055e-07 0.0 1.2263109047771e-05 1.9003723873636623e-07 1.662119309723505e-06 2.4463743528294017e-06 2.5535387278647683e-06 9.434667785219898e-05 5.9399516220654545e-08 2.813460921756063e-07 7.352220348912105e-05 0.0 0.00014459656866779036 6.876578987347698e-07 2.3853045965987168e-05 3.4712733469653836e-06 4.8552892432067426e-05 3.740768527831339e-05 0.00032668799285582255 4.745769354250345e-05 6.3349710315534555e-06 2.5959847658856097e-06 0.0 0.0 0.0 8.422365644400158e-08 0.0 9.048983915132742e-08 0.0 1.8179294322868396e-07 5.717577095628223e-08 5.5209646415167226e-08 0.0 7.251228847192096e-08 0.0 0.0 0.0 0.0 0.0 0.0 0.0 1.3730422732366148e-07 0.0 0.0 0.0 6.110305393338743e-07 0.0 1.6924372635931316e-07 1.8906780484755145e-07 4.980167156365733e-07 7.835000972198316e-08 9.535273447585491e-08 0.0 1.7521649508173603e-07 0.0 1.0217868134508974e-07 0.0 7.478764220968338e-08 2.1852118904414818e-07 1.0330595076125366e-06 2.1343810280725872e-07 6.335372007559127e-07 3.086953599993787e-07 8.509879722467388e-07 8.569753841543694e-07
5.123149212648462e-06 4.817321358501591e-07 0.0001216195791675132 6.620861724517538e-05 0.00010583144642803709 0.0 0.0016328266998857854 0.002658738810908269 2.756963491173306e-05 0.004174871785768952 8.235290970372266e-05 0.003049518843668169 9.374122707393299e-06 0.0004119789886576574 0.0005382227887177979 2.1360749923295345e-06 6.465146993837223e-05 2.458431775572173e-05 2.8772523061985087e-05 0.00028882946905351385 4.592057951020563e-06 5.327915862727624e-07 3.4690347287557234e-05 1.9094615892979426e-05 3.339276205877218e-06 6.163155955797171e-05 3.0275408323694376e-05 0.00018087312886635993 0.0004667265798475208 3.99862935072984e-05 1.9060425731374823e-06 0.0006598592808035318 3.216272002966913e-06 0.00044380134736070423 1.4645601211615385e-05 0.0002829953907656546 3.06346167982341e-05 0.0004158931755889022 0.00018312830457719323 0.001004155480943406 0.0002909707558691902 4.045619517155292e-05 2.3763948719476493e-05 1.6216722308530693e-07 0.0 1.7236088029602567e-06 6.432846560296418e-06 0.0 6.230503789732553e-08 3.726805322405168e-06 6.562952189910892e-07 1.7536518522884595e-06 3.3667621863086143e-06 4.63848111459094e-07 4.489465615772992e-06 1.4818647942545223e-07 0.0 0.0 5.330706107733241e-07 1.0088204837714615e-07 1.0713905497426875e-07 0.0 2.749901122253474e-06 5.237237384475886e-07 0.0 2.2803986616718144e-06 1.8826539864018885e-05 1.5243209910297667e-07 1.3766413594827345e-06 6.889808458424172e-06 1.3503948156949827e-05 9.150332229969469e-07 1.315238717700266e-06 9.894235875164007e-08 1.684261306523003e-07 0.0 1.3709490195487663e-06 1.3939620821927705e-06 5.998472186275242e-06 5.854319003915055e-07 3.3027961474006903e-06 4.057179825199777e-06 2.1816230308415466e-06 1.0558279275832278e-06 4.147697550006878e-06 4.421295703486416e-06
0.0008488060994777673 2.272099205878615e-06 0.0010561997946947487 0.0001021460951411066 3.4470121153653857e-06 0.0016328266998857854 0.0 0.001452541890660994 0.00036380596817115986 0.003943284537306325 2.4557817185187217e-05 0.00011767807429514169 2.822609885966644e-06 0.004267932141077849 2.011926198308431e-05 8.873965410708273e-05 0.0005334301399293318 1.4654107212072947e-05 5.606846079114274e-05 2.0974869787359486e-05 0.0006794155619835836 1.1005718947883473e-05 0.001530340459603354 0.0006773808097966473 1.4251497655107906e-06 0.0002844910376665105 0.0007113275009188451 0.008555628896630522 0.0014885130006445158 0.0021934789047616822 1.7924281823178317e-06 2.7211772899155353e-05 0.00016757294255040925 0.0005378227219581627 6.365851442387423e-05 0.001625038764933713 0.00017410890209372952 0.0010766362565375243 0.0005639144128295734 0.0002892527770493496 0.00015503603065543872 8.043999549254727e-06 3.688002293396891e-05 8.399696110595265e-06 5.601338791093399e-07 2.195024366031294e-05 4.322704333808652e-05 5.828859943328124e-08 1.5312394994094012e-06 0.00020545443341689364 5.0290615629018495e-06 6.634274307588787e-05 3.81133642499325e-05 5.114447344402434e-07 4.648888345766639e-06 3.9300034007738186e-07 9.39954892622444e-06 1.0365028965650862e-06 2.4817803072288942e-05 2.2379023408539407e-06 7.264954742971965e-07 1.098015079949732e-06 2.5510743662670284e-05 2.0142423457161793e-05 5.367493047780089e-06 4.1141568100929775e-05 0.0006832840609299162 6.899471524213991e-08 4.532223280642329e-06 8.679729680982198e-05 0.00042791561006644984 7.454196806726035e-05 0.00010701443964936745 0.0 8.917425580065332e-07 1.0478954443758013e-05 1.8307156729423828e-05 5.22050665563661e-06 0.00015726074950224496 2.757865571412718e-06 5.6285161687191604e-05 2.6617739420971507e-05 5.258281150603299e-05 8.98202088645275e-06 6.600122046749647e-06 9.809324231996368e-07
0.00014738935507359536 4.805054028307342e-07 0.0003201689306477724 3.937635503227626e-05 9.487675838386891e-06 0.002658738810908269 0.001452541890660994 0.0 2.405828020105576e-05 0.0014824513949476582 8.162399530601019e-05 0.0005639902001961257 7.563658776846655e-06 0.002413878045339837 0.00011500758041843827 1.5787390550098371e-06 0.000466480055892954 3.4025037229929006e-05 0.00013297941221937084 0.00020184547084618027 2.1736373515650277e-05 6.491231884078252e-07 0.0001141132821743833 5.070506562695128e-05 1.9004731709260778e-06 0.00019319614888772466 0.00010268977161654086 0.0001924603935176198 0.000522985892192862 0.0004162668748351741 1.5508529311403992e-06 0.0001323415573335984 3.26042256777654e-06 0.00038548609337118246 1.3254191185047376e-05 0.0002267129658140254 5.322235182671072e-05 0.0003145408766051862 0.0001566777624563559 0.00029414403551254704 0.00013821738857729796 3.551861145902647e-05 1.9213054766668513e-05 2.4914675700068257e-07 1.1986916413450016e-07 3.89956947702232e-06 3.722899440346766e-06 0.0 2.153741834486116e-07 8.684162048080714e-06 6.075824444089189e-07 2.355367074681803e-06 1.7617355158420615e-06 0.0 3.34918069841388e-06 1.386311864782465e-07 5.801050505012063e-07 0.0 7.563305818196478e-07 2.6490473597362845e-07 0.0 6.136141360508326e-08 1.300962408958023e-06 1.1468587891916292e-06 6.450926963450936e-08 3.533956445605636e-06 3.524151251588009e-05 0.0 2.725810599177172e-06 1.467258818388245e-05 1.7787102706114214e-05 4.488547068560737e-06 4.85582813314724e-06 1.5284257995800408e-07 0.0 4.807200659228145e-07 2.481848151485746e-06 6.593660643012398e-07 8.537154184268148e-06 7.898267679308647e-07 6.756332534292625e-06 3.5482358452105445e-06 2.30301809491551e-06 1.8545797240445958e-06 4.774037500169475e-06 4.137425777227477e-06
2.7990588259804016e-05 0.00028979462386629604 3.7493910563126773e-06 0.0006190496975698585 2.6275311146939975e-05 2.756963491173306e-05 0.00036380596817115986 2.405828020105576e-05 0.0 0.00026585801316218646 3.95930930615561e-06 0.00018463522098129706 5.6707051355828435e-05 5.0062763815223834e-05 0.0004517669241845662 1.0759669371057504e-05 7.765730398356564e-06 2.5334174763309053e-06 3.0369600969867082e-06 0.000432479746039594 3.0126198243458544e-05 0.0014808877470849993 8.655188172814266e-06 0.004441988830439897 0.00012903427521532206 1.603733980224465e-05 0.0003075106819577424 0.0011377696879158476 0.00018051050801511862 0.0002446350632977584 5.4821565488535535e-06 3.152507634808118e-06 3.1392209884895305e-05 4.7787709462349805e-05 9.956440954920047e-06 0.0002661938460462641 2.9604953727047603e-05 9.368556766590758e-05 6.023082073973122e-05 0.0002842828610695409 9.159696471871412e-06 6.499085469532214e-06 5.381310986948872e-06 8.751902941482773e-06 1.3522390130290968e-06 2.18825325999888e-06 0.00010860708717902275 3.948581414951277e-07 5.907853674332473e-07 9.487155871315088e-05 3.5750949272282794e-06 4.737509225307335e-05 5.542934356489833e-05 7.588302071231415e-07 1.5215260589899781e-05 2.0080739114513294e-06 9.76383405872136e-06 7.801473831008167e-06 6.643675990021381e-05 5.833867462439397e-07 4.906811802049133e-07 4.013741337976329e-07 4.9012466616549555e-05 4.075900976333977e-05 2.1136733609221563e-05 6.453428171704907e-06 0.0009670067012760397 3.332760117096919e-07 3.846482209869093e-06 1.751647229891535e-05 0.00030199074477257453 8.405965633578221e-05 0.00014903403009042073 8.272103159372507e-07 2.748179400977812e-07 1.1891219757077373e-05 1.5691157895260458e-05 2.1943677474544693e-06 0.00010300881123272909 3.7293213203476616e-06 3.9615888570347455e-05 2.2354065750195395e-05 3.577359794901789e-05 6.226040576896604e-06 1.8150043970829802e-06 2.701769905094945e-06
1.012448391865283e-05 2.855140114962889e-07 9.251187567933305e-05 0.0015414311635103823 6.7499137594474e-06 0.004174871785768952 0.003943284537306325 0.0014824513949476582 0.00026585801316218646 0.0 6.131413035269736e-05 0.0039831959318646255 5.246109278754551e-06 0.0007271545753369969 5.042324314529416e-05 2.7903798529869083e-06 3.099059934119613e-05 2.2185195114185986e-05 2.8733072995359602e-05 0.0012930383858633565 5.20124507842103e-06 1.3137139183223072e-06 3.1700792337289466e-05 0.00011204436263748088 6.407819648762439e-07 5.081606409384637e-05 3.932280601168027e-05 0.0014276891146241442 0.0006089112194613997 1.9941071227684166e-05 1.6100262855452065e-06 5.797940448625075e-05 8.57405962763228e-06 0.0005560498090362212 4.219219761200628e-05 0.001529570949872561 4.050317574093912e-05 0.0011691735715245088 0.0002083938022408784 0.0005847546873359935 0.00020643793858841827 8.500359790418383e-06 4.224710007312474e-05 9.620450583349749e-07 0.0 1.4520162798919302e-06 0.00016638067646594106 0.0 1.4149934766510393e-06 5.346101947657902e-05 1.5535876049365607e-06 3.131518601605328e-05 0.0001147365657151723 0.0 3.7366558892147536e-05 3.4890739395039816e-07 1.5237809226308798e-06 5.70421574298034e-07 1.758982614889301e-06 3.636328675698884e-07 1.3921663159966908e-07 0.0 9.828454110948339e-05 2.0938644280183062e-07 2.623424429829289e-07 4.694178402656979e-06 0.0003810036861029919 0.0 1.30326571624334e-06 5.9166249601380504e-06 0.000249764425894748 9.077855656147657e-06 7.957941721306056e-06 1.3244697059021686e-07 4.4117380021676075e-07 1.0495792859681868e-06 3.5978254421456078e-06 4.186406434911606e-06 5.2840926077679286e-05 2.3535156157857123e-07 9.304188180518413e-06 6.099458795141784e-06 8.883897561999231e-05 2.2491808486959926e-06 9.337606241055845e-07 1.1010031687519744e-06
9.867396817648448e-06 1.0690871298999439e-05 9.303974260662677e-06 4.323172258971643e-06 2.9608217585118168e-05 8.235290970372266e-05 2.4557817185187217e-05 8.162399530601019e-05 3.95930930615561e-06 6.131413035269736e-05 0.0 6.046873465861901e-05 0.0005673059731928588 7.732412347057917e-05 1.2871783670835708e-05 6.077442412430327e-07 0.00026656562067488596 0.0015297175680375496 0.0008906579648172605 2.7525384288731098e-05 8.347767974113746e-06 4.615378906465102e-06 1.2818683364887259e-05 4.622704522550218e-06 0.00014677538556337623 0.0003659490885330219 0.00018517294172884597 8.732898956404442e-06 0.0002391274871048567 1.6129502877220182e-05 0.00010675182803691195 0.00011693233760044349 8.452805410418085e-06 0.004051740047147342 1.5705269226974627e-05 0.0004475302995284253 0.0017145348803857593 0.0034380698261428 0.0008200843108396626 5.6447752651468754e-05 3.4524373468783504e-05 0.0002102612785054247 1.0728995910809279e-06 0.0 3.1955875069240466e-06 4.500869834180878e-07 3.965892890086077e-07 7.494770959000482e-08 0.0 4.004042425326086e-07 1.005192918709797e-07 4.553051099808347e-07 4.780716468479133e-07 0.00021286249239634158 1.957621345659969e-07 0.0003495687810851309 0.0 0.0 0.0 2.9186921104839033e-07 1.5113490456280587e-05 2.749395564318895e-06 7.705141146563932e-08 0.0 9.080742546890296e-07 5.153657527925788e-07 1.4916098304368932e-06 1.8936951985333185e-05 7.510164417352927e-05 0.00012585964103445452 9.022394099065349e-07 4.571678532055942e-08 2.6005310353826014e-07 7.250988117229323e-05 0.0 0.0 8.862698294035118e-06 1.4137374072356763e-06 2.972242188762379e-06 0.00010622500658944841 9.744798889875996e-06 2.258967170227775e-06 4.285462004994854e-07 1.1870017486152582e-07 3.053341932821522e-05 2.289142344108499e-07
5.119446109047199e-07 4.4963239434485595e-07 1.0892843505502308e-06 0.0031723470140027446 5.0857760713801465e-05 0.003049518843668169 0.00011767807429514169 0.0005639902001961257 0.00018463522098129706 0.0039831959318646255 6.046873465861901e-05 0.0 4.85354088405478e-06 0.0001907707122815746 0.0006030503649266421 1.5544743752220103e-07 2.8747566304100495e-06 2.2096952539441305e-05 2.3889483191896326e-05 0.0033632706915661644 3.067986673108181e-07 3.306550541455951e-06 7.633885577839173e-07 0.00020493481934661856 7.005915581744904e-07 8.42468590676449e-06 8.14408838579403e-06 0.0004214677998788856 0.00018317923629458956 7.192686550465855e-07 1.5460945141204793e-06 5.7224753050413544e-05 5.489109317569878e-07 0.00025219596939876713 3.723514479138245e-06 0.0003252999151329602 6.992549548137378e-06 0.0003882013333093738 4.3393191756654984e-05 0.0012437055925775386 5.905576529323665e-05 9.060513147322394e-06 4.0946976524294215e-06 6.751576782918424e-08 6.182915224433846e-08 0.0 8.354401387752937e-05 0.0 2.5781689334287808e-06 3.3913174214800348e-06 6.327298316950842e-07 2.2955126442220175e-06 4.427605549184793e-05 1.4802332118246498e-07 6.573707761309032e-05 3.2834273404767467e-07 3.567529217219184e-07 1.1479763808130599e-06 5.646820996017256e-08 7.365622210441818e-08 6.085166781958597e-08 7.909192395932894e-08 1.8719923114809617e-05 0.0 1.0776861903365068e-07 1.256512212705645e-07 3.7492931581509585e-05 5.4726010379379975e-08 4.154236661247473e-07 8.880515927410769e-07 3.526851930540073e-05 1.2142809842802013e-06 2.945829420167085e-07 1.5318812768428776e-07 8.722210052948717e-08 0.0 6.912111580286475e-07 5.307667960862748e-07 7.579539582771361e-06 4.6586083834805594e-07 2.597951965975467e-06 2.410484531204741e-06 1.65616036698364e-05 3.0449353766716636e-07 8.564819466893426e-07 9.430412519192257e-07
9.255490703026501e-08 0.0005358956166996024 1.2856310833770125e-06 5.711126661773501e-07 2.07441215708263e-06 9.374122707393299e-06 2.822609885966644e-06 7.563658776846655e-06 5.6707051355828435e-05 5.246109278754551e-06 0.0005673059731928588 4.85354088405478e-06 0.0 2.6800954396861073e-06 4.77567253793368e-06 1.6118866096786079e-06 2.0085178986869546e-06 1.7485917274092626e-05 4.307340009963426e-06 1.7687049287645135e-06 2.6871321190706216e-06 0.000188398384628642 2.3217745644262126e-06 6.631852299742697e-05 0.0022064574474578874 4.199684423956128e-05 0.002413862898361881 2.5523308759069923e-06 5.6207289696353795e-06 1.3790720674819093e-06 7.596335951885889e-05 4.396166078834137e-06 4.50359086530229e-07 0.0008274013244286613 1.647307720739568e-05 0.00039622121806602714 0.002770704730945931 0.0015285589833515451 0.00026069987326164944 1.8648308094836456e-05 3.4186209845567715e-05 0.001310926405753631 3.826845130358763e-06 0.0 1.7319191589575745e-05 6.515898111592016e-07 0.0 0.0 1.3360077711698652e-07 6.671813945231774e-08 5.495793906604366e-07 2.1875242487731946e-07 2.5787690038691524e-07 0.0007485303646476414 2.0841529017897848e-07 0.0012018962534133804 8.291323858589361e-07 0.0 3.024713773938833e-07 6.211051901134804e-07 3.26702852490748e-05 3.8585356666598725e-06 8.889721231079908e-08 9.653316530057026e-08 1.3186986686741525e-06 1.715273829045788e-06 8.472294975381094e-07 0.00017069596806850432 0.00020151871667618604 0.0004278318073855009 8.590571462649538e-08 7.305159934146099e-08 3.628350105049171e-08 0.0001906032318762865 2.1817447286457926e-07 0.0 5.0355463464245614e-05 2.5711791672650056e-07 1.1969945865827133e-05 0.00045553626020246996 6.218638854124877e-05 1.2377523335982303e-05 1.5644884200806042e-06 1.8335654454616669e-06 0.0003234574394986821 4.523522534397312e-06
0.002848297541271399 5.301101324864793e-07 0.0002850264999760949 2.9433864644905998e-05 2.603655039957352e-06 0.0004119789886576574 0.004267932141077849 0.002413878045339837 5.0062763815223834e-05 0.0007271545753369969 7.732412347057917e-05 0.0001907707122815746 2.6800954396861073e-06 0.0 2.0067062865491664e-05 2.232643372024985e-06 0.0007814013776325783 3.5325515670538834e-05 0.00020829676467895 8.691888010921891e-05 5.6235195540999035e-05 1.7736240599233006e-06 0.00017249123221200924 9.268990808608692e-05 3.965952098865699e-07 0.00019032956047472166 0.00015288778282398116 0.0003155334531620551 0.0029908849748827727 0.0014152687148055293 7.420751837459831e-07 3.6903027142095357e-05 1.014501215640162e-05 0.0004994394069442127 3.1845995687585943e-06 0.00010884632057467623 5.134617777457174e-05 0.0002936281896826773 5.094231929469462e-05 7.538319449490219e-05 2.6409117193070485e-05 6.0636114844918445e-06 3.4620862561598393e-06 8.634609180599224e-07 1.2797241982682686e-07 4.450206796721608e-06 2.357329740315334e-06 0.0 0.0 1.1753390140272547e-05 1.4271613132267124e-07 6.875926629516125e-06 9.820948233965923e-07 8.158985554154667e-08 9.604560118925865e-07 2.4294468200097226e-07 1.0398059174735881e-06 4.9396230422738456e-08 1.707936396217509e-06 5.192327971789407e-07 2.944139093480303e-07 1.216498976609438e-07 9.257618252783561e-07 3.9713635883675185e-06 7.401376738039753e-07 2.8878497426308103e-06 4.646684094376572e-05 8.750983304428768e-08 3.1131215615461927e-06 1.541568026501874e-05 2.720267167358664e-05 7.079007698186676e-06 8.955158238329881e-06 4.6661084957361064e-08 0.0 6.566760632970414e-07 1.6186943043784822e-06 4.3746679462470716e-07 1.1945316403499463e-05 7.021479951224418e-07 4.917356006679823e-06 2.4371686668223383e-06 1.3011769648525535e-06 2.3372833341102544e-07 3.504671504491197e-07 6.328354927459839e-07
1.8311332760025728e-07 1.1293797682181574e-05 9.460420257647784e-08 7.985557444003105e-05 0.0009453624347245945 0.0005382227887177979 2.011926198308431e-05 0.00011500758041843827 0.0004517669241845662 5.042324314529416e-05 1.2871783670835708e-05 0.0006030503649266421 4.77567253793368e-06 2.0067062865491664e-05 0.0 4.5182619218726034e-07 7.815745004987809e-07 4.385523627649691e-06 2.9531645518213096e-06 0.00015217982251342784 6.303864789786737e-08 4.867331311329905e-05 3.181815927122003e-07 0.0003761183010292424 4.868840457721744e-06 2.6042550567989492e-06 2.1157640300770962e-05 6.110113331063263e-05 3.1197403230670486e-05 0.0 3.76682439719455e-07 0.00044328639591929245 4.819548637711834e-07 0.00010512023996844831 1.8940899106288727e-06 0.00015436484318845448 2.7360377348971265e-06 6.423722589194411e-05 1.9548269499652514e-05 0.0010560989511302918 0.00016757162982351594 5.0734424738049945e-06 1.040197342177637e-06 5.0365214081847057e-08 7.544835073033155e-08 0.0 2.31618440519605e-06 0.0 0.0 2.5196486622256284e-07 0.0 1.4318589599560452e-07 1.848289536232774e-06 0.0 1.3159049576144481e-06 7.732978206115146e-08 0.0 0.0 7.916337827230969e-07 0.0 0.0 0.0 1.3223377967781132e-06 3.658830727626311e-07 6.985290951959963e-07 1.5550035737894177e-07 5.022154328131133e-06 0.0 7.326951766578198e-08 9.083517391181359e-07 3.2221013306488806e-06 8.963210868193017e-08 7.654807216300166e-07 7.685073050721419e-08 0.0 3.9523670606653534e-07 1.717834221066617e-07 0.0 2.796764396081451e-06 0.0 1.76921032947602e-06 6.04451103948558e-08 2.9988447470451085e-06 1.8016470536234337e-07 2.9111383994538043e-07 0.0
6.751093393437e-07 6.44208076585409e-05 4.451338634897315e-06 3.937092124568423e-07 7.677130426983173e-08 2.1360749923295345e-06 8.873965410708273e-05 1.5787390550098371e-06 1.0759669371057504e-05 2.7903798529869083e-06 6.077442412430327e-07 1.5544743752220103e-07 1.6118866096786079e-06 2.232643372024985e-06 4.5182619218726034e-07 0.0 8.246604710832783e-06 7.294727897457535e-07 8.70596812349384e-07 0.0 0.0023568078685003045 0.0011591324794772108 0.00223362696029605 0.001206842094353012 5.611426169795334e-06 3.98651138459796e-06 0.002034688379774822 0.0008291131879570645 5.75116785141726e-06 0.00016641038042083546 1.3922896289106765e-07 3.559278507724814e-07 2.2256352786535653e-06 6.411962480998028e-05 8.690159222111818e-06 0.0010632137574928804 0.00031904337653532427 0.0003593250481010203 0.00039203878637330625 3.3913685975899767e-05 1.8341610564839962e-06 1.1685735394394205e-06 9.269104848934679e-06 1.208461983295464e-07 2.11226322218667e-06 3.0181678817386068e-05 0.0 4.903125492730555e-08 2.3084459070308067e-07 1.0050585901756658e-05 2.128983881602837e-07 3.676205563659134e-06 6.471411700434297e-08 6.120517246261445e-07 0.0 0.0 3.9918427010528057e-07 5.438364070310205e-07 0.0019467670850822514 2.2908072935621557e-06 1.1955195944019947e-07 1.2590706394380738e-06 1.676127585287221e-07 0.0002135582139912998 8.689586636408384e-05 0.0013314620624339725 6.493721984164861e-05 1.339649807900659e-07 4.792671650130147e-06 0.000637645440796211 3.670195088556139e-05 4.670341308879765e-06 3.5335718844033316e-05 1.5055985817536659e-07 0.0 9.502266857693792e-07 1.0364487485817578e-05 1.360752210015454e-06 0.0001810821427047741 1.4593056810717076e-05 5.0783212936827653e-05 2.6133127433684436e-05 1.3848793517745297e-06 0.0 8.077746677681891e-07 7.191642017547391e-07
0.0002130672976768442 7.689317598423449e-06 0.002961471173166787 2.314094503218237e-07 4.955760346920802e-07 6.465146993837223e-05 0.0005334301399293318 0.000466480055892954 7.765730398356564e-06 3.099059934119613e-05 0.00026656562067488596 2.8747566304100495e-06 2.0085178986869546e-06 0.0007814013776325783 7.815745004987809e-07 8.246604710832783e-06 0.0 0.00010601617218543844 0.0016108645596022693 1.0953708165664848e-06 0.0002920549945025692 1.1200326561272372e-05 0.003118187293314584 2.3702422739767272e-05 2.404952130014036e-06 0.0013485646456282646 0.0026279602776413027 5.7872427517544014e-05 0.00044327164743393244 0.0010375437372104762 6.312787342053859e-07 5.122081557218657e-06 2.527116886783569e-05 0.001250870078775959 1.917008939582803e-06 0.00032638889646105187 0.0015104672548867332 0.0013861176356764753 0.0002875565913268722 1.4094918833212958e-05 1.905026651244873e-06 1.1334817621181168e-05 2.6089588781071103e-06 4.048918249447179e-08 7.014885697564561e-06 8.332236541081197e-05 9.691877632420558e-08 0.0 0.0 2.192240444251774e-06 4.0722356816656044e-07 1.542369999595406e-06 0.0 6.778894291681651e-08 0.0 8.268405201253601e-07 2.7835755314365793e-07 1.7620278757177318e-07 1.0455792440839286e-05 2.8080310335815658e-05 1.3743992334119424e-06 1.1147777604478226e-05 0.0 3.186069725972524e-06 4.316570751610966e-06 1.3916585873117424e-05 1.0085166776988234e-05 7.537555073078434e-07 0.0001875671857170174 0.0003488120374854476 4.955489519459491e-06 1.6876579787836533e-06 3.5386572618091705e-06 3.367803996409332e-07 0.0 1.5576385967439327e-07 2.458138201148271e-06 0.0 2.2426135487878853e-05 1.2851121868513988e-05 1.4534380842220355e-05 1.351359660099395e-05 1.246741299034921e-07 0.0 0.0 2.425730959900113e-07
7.54943598826743e-06 4.82867958558766e-06 5.743217209302341e-06 1.5628864456137943e-06 5.957681735788771e-06 2.458431775572173e-05 1.4654107212072947e-05 3.4025037229929006e-05 2.5334174763309053e-06 2.2185195114185986e-05 0.0015297175680375496 2.2096952539441305e-05 1.7485917274092626e-05 3.5325515670538834e-05 4.385523627649691e-06 7.294727897457535e-07 0.00010601617218543844 0.0 0.0005429732006535405 9.15918223808186e-06 3.7112453801844364e-06 3.4069915183708074e-06 8.470515124447804e-06 3.786155606364771e-06 1.8996453617939116e-05 0.0021700416648640633 0.0003888643913144382 3.607044888744724e-06 7.247063202960731e-05 5.968420679060417e-06 3.3416823434834885e-05 3.1291473235700514e-05 1.927990242219965e-06 0.0006350608279215256 5.840309191853138e-06 0.0003867137960889167 0.000652877708077174 0.0011496081501311398 0.0003127715749969971 2.1650455791325033e-05 1.93515952497272e-06 1.1885426069007228e-05 1.3748513033427703e-06 0.0 1.6697149850208261e-06 6.600379642460143e-08 1.1448525298881297e-07 0.0 0.0 0.0 1.0795131581658789e-07 1.1136972416694488e-07 0.0 2.536592110308098e-05 1.1475581960275037e-07 5.185553452944358e-05 1.410274519048945e-07 0.0 9.237405761842402e-08 5.730758963846392e-07 1.8861032244100423e-05 5.815630636621227e-06 0.0 1.2721391498213152e-07 2.4452403421167e-07 6.409184237830009e-08 8.243002919635175e-07 4.80792510741149e-06 0.0001011394378502773 0.0001308517493939109 8.041489893833889e-08 9.105189376753562e-08 2.4655562786927415e-07 4.974014119956832e-05 0.0 0.0 4.0110309194122783e-07 4.584921217016967e-07 2.171339048261303e-06 7.148750906022425e-06 2.2204841398392533e-06 1.533053746462946e-06 6.359558919098334e-08 0.0 7.676850284054848e-08 1.6130221032907393e-07
6.16666847823576e-05 8.638156690531221e-06 0.00011090204872421812 1.6169202921383671e-06 3.426414088438878e-06 2.8772523061985087e-05 5.606846079114274e-05 0.00013297941221937084 3.0369600969867082e-06 2.8733072995359602e-05 0.0008906579648172605 2.3889483191896326e-05 4.307340009963426e-06 0.00020829676467895 2.9531645518213096e-06 8.70596812349384e-07 0.0016108645596022693 0.0005429732006535405 0.0 9.78734621886098e-06 2.2007639043314825e-05 3.746350719425002e-06 9.891352741338143e-05 6.042682442253464e-06 1.4744352840914406e-05 0.0021526559039824057 0.00088174242442044 8.059397351609187e-06 0.0002486355744071289 6.949087060811987e-05 1.8472001197004992e-06 2.5255321650476366e-05 2.2308663500350166e-05 0.0015192872341248827 8.569819743023631e-06 0.0006070162264400058 0.0007652431168152614 0.00215082269138125 0.00044807160752403767 2.909921249180619e-05 1.6140100359032776e-06 5.369849828776151e-06 3.7967965103312585e-06 6.182229874769911e-08 4.694418903931645e-06 6.5569266085292785e-06 2.461363675349752e-07 0.0 0.0 3.079899715402642e-07 1.5946077797707618e-07 5.767129877351672e-07 5.295938405039836e-08 3.0423456804141616e-06 5.989087047997728e-08 7.969240160745736e-06 1.729947222522672e-07 1.4440726199107087e-07 1.3186110275312568e-06 8.477974601685737e-06 1.5893922234479175e-05 2.2125267278417825e-05 7.78014870097235e-08 2.0999036878071866e-07 1.8381997384394798e-06 9.95809502739572e-07 1.967436924976153e-06 4.255295553421375e-06 0.00026703697029931524 0.00032105574655649874 6.54045117422644e-07 1.627560091970099e-07 9.15018912124142e-08 1.2989901048355273e-05 0.0 0.0 9.245161897577726e-07 1.2425353388773131e-06 5.1010366451494494e-06 8.421925176817394e-06 5.99883815156138e-06 4.349724298622733e-06 2.2862595518854895e-07 0.0 4.6404714157526294e-07 1.118124536179942e-07
9.669782359459464e-07 6.08000629194475e-08 3.244274364712096e-07 0.0036496447416344397 9.462001750236212e-06 0.00028882946905351385 2.0974869787359486e-05 0.00020184547084618027 0.000432479746039594 0.0012930383858633565 2.7525384288731098e-05 0.0033632706915661644 1.7687049287645135e-06 8.691888010921891e-05 0.00015217982251342784 0.0 1.0953708165664848e-06 9.15918223808186e-06 9.78734621886098e-06 0.0 1.7515142616943016e-07 2.6064236489243077e-07 1.4558949373461117e-07 0.00030465358874988706 1.7177526151457357e-06 5.1526432926079515e-06 3.0072914601115114e-06 0.0008347515202114295 0.00011722490606467794 7.731332830933954e-07 3.9058361778511334e-07 2.138561946168074e-05 7.230895687543167e-07 0.0001301819635277347 5.058256940464014e-06 0.0005771330827881953 7.330708769107154e-06 0.0002709357129830808 3.868541206107596e-05 0.0005453092251989914 4.262299191662655e-05 3.286402372617508e-06 8.246654579132626e-06 1.145429610027471e-07 0.0 1.3953710581921744e-07 0.00011307312273725902 0.0 6.186019522525817e-07 1.7680554241743727e-05 9.990799463129016e-07 1.6800292727055268e-05 6.731992324183675e-05 0.0 3.928916117115446e-05 0.0 7.432807988482344e-07 9.884466140666327e-07 0.0 1.8828515196829465e-07 0.0 0.0 6.0940634095704386e-05 4.7622138141786946e-07 0.0 5.338307092882494e-07 0.0001880685521023626 5.1183935363125486e-08 1.246341094851601e-07 3.82260049689869e-07 0.00012587479364385492 2.885941183173564e-06 2.671144633718297e-06 5.233421151727802e-08 0.0 5.139514669412425e-07 8.052560113264782e-07 2.3798356156220117e-07 2.4531061748906457e-05 0.0 5.6092537042652005e-06 7.305861077582269e-07 4.9955769426915334e-05 2.848704688765038e-07 8.972482598610085e-07 3.1207095722187535e-07
3.54217587020995e-05 5.338474242447558e-06 0.00047145783596357657 6.096363208637301e-08 6.490745135740291e-08 4.592057951020563e-06 0.0006794155619835836 2.1736373515650277e-05 3.0126198243458544e-05 5.20124507842103e-06 8.347767974113746e-06 3.067986673108181e-07 2.6871321190706216e-06 5.6235195540999035e-05 6.303864789786737e-08 0.0023568078685003045 0.0002920549945025692 3.7112453801844364e-06 2.2007639043314825e-05 1.7515142616943016e-07 0.0 0.0002999077430331053 0.008138807217074452 0.0001011642384177596 2.8533503339633007e-06 5.193172361881145e-05 0.0006385754185724588 0.0014508287777165695 0.00024042755224531597 0.006601532080009891 6.22695362130134e-07 8.156098867087374e-07 5.000467461752487e-05 0.0014222734806542544 4.43018377244594e-05 0.004182849071920459 0.0008343926732749173 0.003392540983138581 0.0020579530807684604 9.139505299664169e-05 7.745346837993296e-06 6.061999883685126e-06 3.6765228726923826e-05 1.0992683336428053e-06 8.641240814044451e-07 7.130044451314881e-06 0.0 1.0838048120442402e-07 0.0 3.3081608058665583e-06 4.3071392789794786e-07 9.216638545024148e-06 6.744503888628571e-08 7.33954390534623e-08 1.0592206621205745e-07 0.0 1.3310294455244631e-06 8.864755314951369e-07 0.0006711069442195377 2.032024806146672e-06 8.022190047093286e-08 1.1148288261442894e-06 0.0 0.0003815890463739811 5.5319206601826294e-05 0.00025124123956192827 0.00012588227854477827 0.0 3.5215209903486254e-06 5.578221310890066e-05 6.277306451922319e-05 1.99516770780521e-05 0.0001056282160903527 9.749974416132728e-08 0.0 3.625924849831994e-06 1.3794784616090398e-05 8.359307014879135e-06 0.0001258605442881498 1.4017115716800486e-05 3.615965742288014e-05 1.4573256537231244e-05 4.151584576016393e-06 2.7281824843079024e-07 1.5076947083358302e-06 3.745132830203378e-07
7.741772550113534e-07 0.0012649446728109318 2.7693935158024782e-05 1.0961396159491457e-06 9.488280364672055e-07 5.327915862727624e-07 1.1005718947883473e-05 6.491231884078252e-07 0.0014808877470849993 1.3137139183223072e-06 4.615378906465102e-06 3.306550541455951e-06 0.000188398384628642 1.7736240599233006e-06 4.867331311329905e-05 0.0011591324794772108 1.1200326561272372e-05 3.4069915183708074e-06 3.746350719425002e-06 2.6064236489243077e-07 0.0002999077430331053 0.0 0.00014812898433800995 0.0034575967911050663 0.00041548351449497236 2.3365138300823705e-05 0.0009337330147157616 9.803560358423232e-05 6.640330979118241e-06 6.404720251385081e-05 1.040593919510545e-05 1.2614407272232303e-07 3.5659199390260285e-06 2.5818815040029332e-05 1.8152625287812215e-06 0.00011985895893854525 4.415417461920118e-05 7.841740797628576e-05 5.5864470798026573e-05 5.33206504034347e-05 8.884252083589676e-07 1.6109385384747038e-05 8.823901507140123e-07 4.4605997170245026e-07 3.120190817193905e-05 3.439224691524081e-05 0.0 0.0 6.533430485143001e-08 1.4980318819538671e-06 4.6333278068128843e-07 5.917621868758702e-06 8.627657526737411e-08 3.3832660958537455e-06 0.0 5.230043885796788e-06 2.1551923602555524e-07 1.1179460737001944e-06 0.0009279711193840637 2.649934719608254e-06 8.977756003375653e-07 2.3535204503951767e-06 0.0 8.063230832442926e-05 8.502980300254045e-05 0.00023323884945592794 6.7458591007692e-05 4.813365908296484e-06 1.1204699106421287e-05 0.0009343662806566927 1.9732203685338527e-05 4.326581069568103e-06 2.703486349749915e-05 2.3374931268603533e-06 0.0 2.4686417564683442e-06 1.0451053758888153e-05 0.0 4.7017326375257685e-05 1.0970621594860318e-05 3.1454999119828924e-05 1.891791972511465e-05 1.4302200202010522e-06 2.5593340524841603e-07 1.743997087162189e-06 0.0
