0.0 1.7293157856684086e-07 0.00018739031972662726 1.7423794835431032e-06 1.6291354057399992e-07 1.3153914658868122e-05 0.0014304538037832619 0.0004294636973959789 3.385590677145264e-07 3.074702974383944e-05 6.409215381105436e-06 2.4112763494167497e-06 3.1938319379710764e-07 0.0031314102739011277 5.91850468169881e-07 0.0 0.0001417970027384477 6.160430825008511e-06 4.0908600628212444e-05 2.5503830355096946e-06 1.4404682676851813e-05 3.730690659847058e-06 4.159738043031644e-05 2.137654909695011e-05 0.0 0.0002733467820832733 3.223977637659076e-05 2.4365353269183537e-05 0.002160205185240424 0.0023472997303414854 4.7623365327416916e-08 3.5746717411332384e-06 3.010800938281229e-05 0.00013465358435507622 2.3994727750574436e-07 1.97015793857659e-05 1.152439423886721e-05 4.5813827982289424e-05 9.120792490206988e-06 3.9721720269280625e-06 3.029562918422749e-06 3.812815795780399e-07 0.0 0.0 1.6099144151890477e-07 0.0 0.0 0.0 0.0 1.3178749746280357e-06 2.956744694870027e-07 1.0192640926537475e-06 0.0 0.0 9.087771322467821e-07 0.0 0.0 6.982826463630871e-08 3.633674967595517e-07 2.330174021025711e-07 0.0 3.1504166990410387e-07 0.0 2.0855322569648875e-07 0.0 0.0 5.511813001583322e-06 0.0 3.4030554679371974e-07 5.912096521061998e-07 5.083540227032932e-06 9.207324107695296e-08 4.81388831144515e-06 0.0 0.0 0.0 2.8711233299257314e-07 0.0 5.871479239246265e-07 0.0 0.0 0.0 3.2471319046823174e-07 0.0 0.0 0.0
1.7293157856684086e-07 0.0 4.747862187818941e-06 3.1699363845835705e-07 0.0 3.358763208692754e-07 8.177185234182676e-06 1.1440697155077689e-07 0.00014940030079247816 7.459960520140191e-07 1.6717504659621322e-05 0.0 0.00037262148097568073 2.899151550406837e-07 6.761708147538944e-07 0.00014770427248258743 1.4252215812149528e-06 2.643073333030266e-07 6.569391433992603e-07 0.0 8.06297217090004e-06 0.0008073644497791233 5.839571185818769e-06 0.0004888630153161854 0.0008124489054773639 3.146599495571105e-05 0.003059097846100418 3.2778742446299674e-05 3.1803544083380533e-06 2.3921920823407194e-06 1.2843965164333713e-05 0.0 0.0 1.4355493349512168e-06 1.438841080549911e-06 4.902808698716326e-06 8.54113508051624e-06 4.79585199888749e-06 1.705388699792097e-06 2.107260337634036e-06 0.0 9.995376809598752e-06 0.0 0.0 2.211127528402857e-05 1.3797498828540011e-05 0.0 0.0 1.3462041778599626e-07 2.0007517583887694e-07 0.0 4.0131209235801886e-07 3.9508281795578347e-07 6.829743948216548e-07 0.0 1.719608988591818e-06 7.194746930980984e-08 0.0 3.613303950794145e-06 4.078087070467282e-06 7.919147702615252e-07 1.3870574020744594e-06 0.0 0.0 1.0583789207456438e-05 5.154248736897274e-06 1.877541985421709e-06 3.3057352096974703e-06 1.3194076943040885e-05 0.00039202613874160107 5.518612267984564e-07 0.0 6.210762387354255e-07 2.962077654602818e-07 0.0 0.0 1.263252729014817e-06 0.0 3.5234535112955707e-06 3.8061370272202705e-06 7.073890559406446e-06 7.431169391673059e-07 0.0 0.0 0.0 8.080081734240127e-08
0.00018739031972662726 4.747862187818941e-06 0.0 9.785813317690738e-06 0.0 2.9053855918929355e-05 0.0011207119035037555 0.00018820859495007148 1.7398045186402154e-07 2.4890913896644973e-05 2.4775106269765716e-06 4.3451500373386663e-07 1.4265504569487964e-06 0.000410310973277562 4.834364565171578e-07 8.520274542958065e-07 0.001496140057510839 2.365484670715493e-06 2.4673855944348086e-05 7.992494963601459e-07 0.0005847705537198878 1.7472649750252804e-06 0.0048978074555517115 1.5060181390987847e-05 1.927656013102175e-07 0.005119915910760357 0.002800567125781476 0.0002540253843931886 9.719368056817953e-05 0.0008088703880726681 3.548388175955386e-07 8.199169249877522e-07 3.881004118334588e-06 0.00030218860912814056 2.5975429775330488e-05 0.0006400565287159055 0.0025447245537992295 0.0008823078116213208 0.0002017759143096893 2.013568895078588e-05 1.3415128197467368e-06 1.1603657369615308e-06 2.5512147003080762e-06 0.0 5.083742083197182e-05 9.922800788544228e-05 0.0 0.0 0.0 2.4564203120254507e-06 7.624121211072764e-07 8.194913650178958e-07 0.0 0.0 0.0 4.3071135133262264e-07 5.297029509203482e-07 0.0 2.018755582927659e-06 5.450453828711215e-06 1.2693304141009625e-07 4.330240646054832e-07 0.0 6.772827989676285e-07 3.4150778356887524e-06 3.60279542089529e-05 2.513629751487537e-06 4.78927448434627e-07 1.0647185312953384e-05 0.0006896245161754228 2.106548178395651e-06 0.0 2.5479042437788883e-06 7.470392518520396e-08 0.0 0.0 2.756067971573868e-06 5.933726053515838e-06 1.1492505884057432e-05 1.5232125162891206e-05 9.785434422496713e-06 2.5618851952921384e-06 5.765798819658215e-07 0.0 0.0 0.0
1.7423794835431032e-06 3.1699363845835705e-07 9.785813317690738e-06 0.0 1.5147998416784436e-06 0.00011204779169186362 0.00010575604465330846 4.730435910856612e-05 0.0006191002058618985 0.002251407307443312 1.815452801438911e-06 0.000749349131647797 5.086591032076128e-07 2.4899490784133223e-05 0.0002039506684741618 4.255260471644409e-06 1.4570105057817645e-06 7.274921086047292e-07 1.0387030451021236e-06 0.0042310933433142945 6.19120241336084e-07 8.482549209329035e-07 2.6817309836764603e-06 0.0010166374028604465 0.0 1.4038733921554517e-05 2.3831213328657788e-05 0.002416965090064553 4.2118237640692754e-05 1.4052821561663348e-06 1.1651709409572752e-07 1.300317593901385e-06 3.216952662217472e-06 3.859502364125163e-05 1.023672427385579e-05 0.00020238078312021787 8.612475567792101e-06 6.418656347908528e-05 3.093973912048029e-05 0.00029910234390400237 9.502285168404734e-06 0.0 2.095077730263882e-06 0.0 1.6003408777912599e-07 5.685027320547684e-07 0.00010877508044758683 8.546631183208678e-08 2.246724597280521e-05 0.00019927890930952646 3.6304009544278824e-06 7.271298477173272e-05 0.000387988720055427 5.872081682512888e-08 7.624262105344101e-05 6.490905397175389e-08 4.30831115988244e-06 8.653783183255555e-06 1.0618547965089799e-06 0.0 0.0 6.78489578185228e-08 0.00010057082630366168 7.518302193701015e-07 5.974577063473399e-07 1.8324645102416941e-06 0.0002742742811713596 0.0 6.504851540753369e-08 1.5390119648993048e-06 0.00021935166049221936 3.739554941347505e-06 4.253910275648247e-06 0.0 6.839026094914307e-08 1.5809402200437422e-07 9.387817355321067e-06 1.6015628536103993e-07 3.164159044156362e-05 2.5160686544362464e-07 3.3274716466599083e-06 9.929413048084368e-07 3.865817316029728e-05 9.856201720423303e-07 7.378805890265318e-08 0.0
1.6291354057399992e-07 0.0 0.0 1.5147998416784436e-06 0.0 4.128309670699279e-05 4.0260964692218247e-07 2.5354918773913718e-06 3.211733699965704e-06 1.040736307205608e-06 5.041836351455916e-07 1.1679266806445858e-05 2.3470625537471455e-07 2.745811363474863e-07 0.00042144661217654894 0.0 0.0 0.0 1.196098276099818e-07 1.5890294473022708e-06 0.0 0.0 0.0 5.57649974323998e-06 0.0 1.6354580280694716e-07 7.356212200514602e-08 1.0226880091783532e-07 1.698854673808356e-05 0.0 7.205311049754267e-08 0.00018049128685990618 0.0 2.56053035900359e-05 3.8015850225863144e-05 1.7259918368723759e-06 9.44094861127307e-07 6.515959255010403e-06 8.242189423106456e-06 0.0008768880702621391 2.8304217134029013e-06 0.0 0.0 0.0 0.0 0.0 0.0 0.0 0.0 0.0 0.0 0.0 0.0 0.0 9.815721979795633e-08 0.0 0.0 0.0 0.0 0.0 0.0 0.0 0.0 0.0 0.0 0.0 2.2188116895123063e-07 0.0 0.0 0.0 0.0 0.0 0.0 0.0 0.0 0.0 0.0 3.534404164908694e-06 0.0 0.0 0.0 1.3330120760524837e-07 0.0 0.0 0.0 0.0
1.3153914658868122e-05 3.358763208692754e-07 2.9053855918929355e-05 0.00011204779169186362 4.128309670699279e-05 0.0 0.0018270147204695567 0.004246634186059308 4.936379213494608e-05 0.004627645095939938 3.9554807950655314e-05 0.0018364010891174169 4.945664075183754e-06 0.0007038276750930105 0.0022633918875542523 9.538339532791178e-07 1.2633986742726686e-05 1.2715781090724566e-05 1.2674146247593545e-05 0.00043717062095647126 2.1044300854445118e-06 3.5430588913378405e-07 3.0004440293963327e-06 0.00022892025880156318 4.558580242031645e-07 6.691521212786583e-05 1.5082016656393128e-05 0.0003553434783800843 0.0004385458433343877 2.6721942226975445e-05 5.375345847574235e-07 0.00035843753528496297 2.2426717688499046e-06 0.0004288696307827831 8.073046447343927e-06 0.0002452666972870696 1.4173695959678162e-05 0.00023074203437233618 0.0001365994241033903 0.002245538710569389 9.84070487483037e-05 2.0396082433357025e-05 4.549803391522889e-06 0.0 0.0 6.37232109669299e-07 1.0102570664614382e-05 0.0 5.714385073689484e-06 5.7003068212031614e-05 3.3003006238403527e-07 1.1101979037563127e-05 6.0854933614093035e-05 3.832679196476269e-07 1.9088211522096104e-05 5.787186060951704e-08 1.7429143460342553e-06 7.237745659912456e-06 1.4799897197156318e-07 0.0 7.333680068944249e-08 0.0 1.0546207093068536e-05 0.0 0.0 6.81126666317447e-07 4.4186087783519555e-05 0.0 0.0 2.963578250096509e-07 4.063519113008997e-05 8.090909634410155e-07 6.771073255369476e-06 0.0 0.0 0.0 1.45882897118083e-06 1.7720214976613567e-07 1.834191666483705e-05 6.344499647383385e-07 1.3780617397978788e-06 1.527567605491885e-06 2.5259813020679703e-05 6.495966490257891e-07 6.467977180059446e-07 0.0
0.0014304538037832619 8.177185234182676e-06 0.0011207119035037555 0.00010575604465330846 4.0260964692218247e-07 0.0018270147204695567 0.0 0.0021481108145482877 7.312967800694919e-05 0.0047979924237682966 2.5885358479781233e-05 2.27463039829463e-05 1.3110967482615757e-06 0.003369043213563099 1.8052036901156182e-05 0.00010605472843578757 8.871462002171795e-05 1.3564544551135672e-05 4.675301292160596e-05 4.202298390894338e-05 0.00044369881661794516 3.464627939904262e-05 0.0006345648769233882 0.00106139953595745 2.765880800319186e-07 0.0008563602176512191 0.0008913259067600152 0.007041184492074711 0.0008711965204343381 0.002654168102649379 4.443187365689525e-07 2.3259189776477172e-05 5.7968805987626146e-05 0.0006984228054965266 0.00010623482976912354 0.0016222905304189444 0.00014826093888122436 0.0009024239035897029 0.0003499311293544329 0.000366558692845148 9.07039980012876e-05 3.5858002289791993e-06 2.0916937333004628e-05 5.013091391624051e-07 2.202850365397849e-06 3.0486712207524854e-06 7.203591605741593e-06 0.0 6.89839853264194e-06 0.00022570289175632012 2.515021549788278e-06 4.634584002190022e-05 5.65976161069434e-05 5.457012742575398e-07 3.4427682671398533e-06 0.0 3.228215337708835e-06 2.4336476533500646e-06 5.5114407675356785e-06 1.0486640682758245e-06 7.657941918509172e-08 1.184282261475406e-06 6.506094193689658e-06 4.031188952382418e-06 4.18243724534106e-06 9.775613692253618e-06 0.00022589697516207948 3.187541335083181e-07 1.0412254236997418e-06 3.6606063549848775e-05 0.00019619893453208374 6.951208693774937e-06 7.110204101648404e-05 0.0 4.597814394224723e-07 2.626834009416955e-07 1.0799612771232448e-05 8.578730558541959e-07 4.489680530635104e-05 1.1112749624310899e-06 7.88461600738344e-06 3.4745001676997367e-06 2.926875898118371e-05 1.957976922071948e-06 4.0900461389526266e-07 2.1489986490409023e-07
0.0004294636973959789 1.1440697155077689e-07 0.00018820859495007148 4.730435910856612e-05 2.5354918773913718e-06 0.004246634186059308 0.0021481108145482877 0.0 1.4748753126550409e-05 0.0014239174856301422 3.621592912756648e-05 0.00023372844960021876 3.299199508779957e-06 0.005750028326536839 0.00012782368682379356 7.250398190487374e-07 0.00022437729841490688 1.9441351848429775e-05 8.633141564043542e-05 0.00016013823533570846 1.1941527215404474e-05 4.8633352873329766e-06 2.8668041217918886e-05 0.0005026351769538806 1.3386755205237293e-07 0.00046540434590940403 6.049354888794739e-05 0.0002793233165636593 0.0007016017579219009 0.0006762707647178783 8.891030964578318e-07 0.0002513943506274492 4.47900684427284e-06 0.0003665616110841904 5.535298526956778e-06 0.00020260047225749306 2.8172666618103807e-05 0.00019312844927890435 9.118996805469166e-05 0.00037210624540533974 7.181927739901745e-05 1.175045357283878e-05 3.1906302326958973e-06 0.0 3.8799320826235724e-07 1.0382651689023008e-07 1.966797570766642e-06 0.0 4.840024885794864e-07 6.045419387958946e-05 1.9288521344855626e-06 1.1684106951599798e-05 1.666895544547957e-05 0.0 1.415420839004898e-07 0.0 6.030886168608741e-07 1.4226299450705328e-07 1.1290626304729195e-06 2.2607236225511592e-07 0.0 1.7533551738788365e-07 1.9412462677075672e-06 2.796222758511527e-06 0.0 4.0382560474010713e-07 7.960697425942685e-05 9.429072292601373e-08 2.1660409853353624e-07 4.917365527006869e-07 5.5442599693165286e-05 2.2275657772760094e-06 3.7009317228560475e-05 0.0 4.216079714281955e-07 0.0 1.0787515614885645e-06 0.0 9.258906895183645e-06 5.598211359392828e-07 2.736600477261716e-06 7.458848614022656e-07 5.905123743282228e-06 1.0723376860475465e-06 4.5141594915704295e-07 1.5427518218937809e-07
3.385590677145264e-07 0.00014940030079247816 1.7398045186402154e-07 0.0006191002058618985 3.211733699965704e-06 4.936379213494608e-05 7.312967800694919e-05 1.4748753126550409e-05 0.0 0.00011906598924704837 2.8886442994480877e-06 0.00016928856988608688 3.3672532444793495e-05 8.122508408514164e-06 0.00022170800969468046 9.40452554462473e-05 1.4825838457506302e-07 1.2519190043579698e-07 7.93702787330781e-08 0.00029532122868301824 3.3191517530899416e-05 0.0014955185892383724 1.3836783063366094e-05 0.003903089380174409 4.826006082891532e-05 4.0775241944101704e-06 0.0001541578156842712 0.0004475762335022275 5.810779767936306e-06 2.2563169439181358e-05 2.342309361819913e-06 1.4520275594310643e-07 2.969811567125515e-07 4.818829903561551e-06 6.366518273476058e-07 1.2279008730141224e-05 1.520207916172959e-06 4.1454159856968794e-06 1.7789869298045305e-06 7.17684373385385e-05 1.573030379754242e-06 6.244532607894978e-07 0.0 2.5216683815969227e-07 4.8012105006712375e-06 1.4626133797598698e-06 5.986239400397483e-05 0.0 1.4296308508042245e-05 0.00016596708526401386 2.410607777045176e-06 0.0001125507178312012 0.00028410663092526224 4.2150140227386323e-07 4.609806486836274e-05 7.723154909105626e-07 1.7998879671327186e-06 9.920897447736732e-06 0.00026105408838161896 2.2279337390021807e-06 1.7790606755858258e-07 5.03199737885952e-07 5.4194083101313845e-05 0.00011758656369886796 2.0359110604012896e-05 3.292819454046374e-05 0.0009813410500075202 7.265803125123131e-07 7.92115114575241e-07 7.530663351951485e-06 0.000494385650700672 4.184177472130442e-06 0.00012132542444769679 0.0 0.0 1.8345343351479775e-07 4.531732863642293e-06 0.0 1.8397349167702347e-05 6.260774687844722e-07 4.135937826727502e-06 5.972726275435749e-07 1.8655111065626355e-05 8.477261131941185e-07 2.3287691163452246e-07 5.665918742584306e-07
3.074702974383944e-05 7.459960520140191e-07 2.4890913896644973e-05 0.002251407307443312 1.040736307205608e-06 0.004627645095939938 0.0047979924237682966 0.0014239174856301422 0.00011906598924704837 0.0 3.15801695175676e-05 0.0015103068437301514 3.58490593562314e-06 0.0010139348120926106 8.821786777279583e-05 7.23702330682316e-06 4.959086606717127e-06 1.2574914520569565e-05 1.1466886825654915e-05 0.0034384179008736296 2.3717593925116337e-06 2.2674136415578325e-06 9.407301286586152e-06 0.00037587744603823125 8.3197975575816e-08 5.041680764533218e-05 4.802918619816276e-05 0.0035040036919999906 0.00044504021853649544 1.3901573043603896e-05 8.644335959568754e-07 2.597774469826639e-05 7.580536948998694e-06 0.00046713541140136223 3.6950574641271406e-05 0.0009616185207329571 3.466565467552547e-05 0.0005126086593287186 0.00021233985648908829 0.0003520216682025212 6.970242165245602e-05 5.6619993791795555e-06 1.792521973153588e-05 3.3707679267033426e-07 2.526169157421303e-07 5.142460317794462e-07 5.590924920633419e-05 0.0 2.4605025749134584e-05 0.0002875467405543129 5.126090973197657e-06 4.92723852244204e-05 0.00037960466114618453 3.8567070080736733e-07 4.505366059860465e-05 1.6518949350661708e-07 7.048887252781634e-06 1.3447423052180564e-05 1.0918411367684812e-06 3.915216404706515e-07 0.0 0.0 5.76812547356198e-05 1.4263484634271144e-06 3.3609431492395817e-07 2.6298470939960504e-06 0.0002754567808549363 0.0 5.2369542378424004e-08 2.8558682664896904e-06 0.0002187277656192525 4.810428897901167e-06 6.771337468592265e-06 0.0 0.0 0.0 7.732314136980104e-06 2.795122314159664e-07 4.8509328543225787e-05 1.055175311301379e-06 5.044977081975277e-06 2.6344773349427435e-06 3.883568715277978e-05 1.2173872264360663e-06 8.92837619941307e-07 0.0
6.409215381105436e-06 1.6717504659621322e-05 2.4775106269765716e-06 1.815452801438911e-06 5.041836351455916e-07 3.9554807950655314e-05 2.5885358479781233e-05 3.621592912756648e-05 2.8886442994480877e-06 3.15801695175676e-05 0.0 1.013844141564927e-05 0.0014701590666981235 4.529116369477741e-05 5.185111463513801e-06 8.359853281787816e-07 0.00012234056677456752 0.0008174038694913974 0.0011963027457579608 1.1602883638414876e-05 8.180446095031624e-06 7.744735893287077e-06 1.0149226431818278e-05 1.5156388548697586e-05 0.0004476813779108509 0.0008538386279492457 0.0006516450930533224 7.5617562694114105e-06 0.00010658631574692334 1.756560952559875e-05 0.0005059736650754676 5.42667948567779e-05 2.6433203742770706e-06 0.003589482282006226 1.6108551776210503e-05 0.00032680383759899686 0.002223766448252777 0.002355647508375207 0.00041118811427356445 3.279512416684707e-05 2.5254208410209645e-05 0.0009340971637764396 5.261245817054871e-06 0.0 1.1674368755257328e-05 0.0 1.2096272481584906e-07 0.0 1.294103447192279e-07 2.15827758001282e-06 1.469734080928273e-07 9.760829539709564e-07 6.809987631191141e-07 0.0004192769603675154 2.0520676681957703e-07 0.0008341603070218579 6.092532551737287e-08 9.323162821455645e-08 7.642217019152355e-08 0.0 4.3039028191785467e-05 2.7629431796377636e-06 0.0 8.849701399489062e-08 1.0045641507816497e-06 0.0 2.916025166754269e-06 0.00010497335510680346 1.5636915646169557e-05 7.04690654482616e-05 1.910330954785771e-06 0.0 6.615024788729081e-07 0.00011315764796793206 0.0 0.0 6.1036631389928315e-06 5.596338539039282e-06 8.911286385223536e-06 0.00010574393971490518 3.0985259690523785e-06 4.160105504023362e-07 5.212339510340285e-07 3.3011417658421735e-07 5.646036032832935e-05 0.0
2.4112763494167497e-06 0.0 4.3451500373386663e-07 0.000749349131647797 1.1679266806445858e-05 0.0018364010891174169 2.27463039829463e-05 0.00023372844960021876 0.00016928856988608688 0.0015103068437301514 1.013844141564927e-05 0.0 2.3937835404649625e-06 8.306221236716273e-05 0.000747341240578375 0.0 6.639113331605919e-07 4.109807380632459e-06 3.01648648627373e-06 0.002030652692475106 0.0 8.593297796596437e-07 2.0482825751265157e-07 0.00014730569494701186 1.5748302031312243e-07 3.4074297876398736e-06 1.0156722555196798e-06 0.00012562987696167218 9.505615880331596e-05 1.6028242542283347e-06 1.1192019563209986e-07 2.640788197362819e-05 1.4550753325041836e-07 0.00012855219435755285 9.478427069035472e-07 0.00011251760688958438 2.236743063748025e-06 5.00764597841803e-05 1.680156802377179e-05 0.0006874678434768928 1.8908440498930605e-05 4.035259399774912e-06 2.1491075243300513e-07 0.0 8.8213331849088e-08 0.0 4.2878368250255605e-05 2.2165717067701548e-07 3.337144350151756e-05 1.9524931999239972e-05 1.5145070130895733e-06 2.2724845462792625e-05 0.00017267321641693773 0.0 0.00010521664980790385 0.0 9.394305242989239e-07 2.1173917120465446e-05 0.0 0.0 0.0 0.0 4.111060525103996e-05 1.7294331596615632e-07 0.0 4.3872240888987884e-07 5.437808396621393e-05 0.0 0.0 3.043091160052267e-07 4.424901952901744e-05 6.498335791117742e-07 4.686799500275372e-07 0.0 1.166658995120191e-07 0.0 1.0309443898660367e-06 0.0 3.275889116429633e-05 4.894705363609149e-07 1.257845908653379e-06 3.4840137547800815e-07 5.3096791796199605e-05 2.813744858131821e-07 0.0 0.0
3.1938319379710764e-07 0.00037262148097568073 1.4265504569487964e-06 5.086591032076128e-07 2.3470625537471455e-07 4.945664075183754e-06 1.3110967482615757e-06 3.299199508779957e-06 3.3672532444793495e-05 3.58490593562314e-06 0.0014701590666981235 2.3937835404649625e-06 0.0 1.4609996871883915e-06 6.140876271810086e-06 1.0816806921943807e-05 1.4305762241276926e-06 2.169218761016398e-05 2.5293592539262e-06 3.174918513221129e-06 1.414220500426767e-06 0.00013889761282925384 3.069183320634238e-06 7.675354317776949e-05 0.0018155352297810404 0.00017508236271090324 0.0019450131070766028 3.847909112936243e-06 1.5966359665488751e-06 7.767155456077458e-07 0.0009864423115943286 5.707236726466646e-06 5.2561764687447475e-08 0.00020453473260429 4.0068530696556636e-05 0.0011613441159345635 0.0030318590534850255 0.0010198467161386996 0.00010932146997905192 6.308325154964298e-05 7.458915566353423e-05 0.0003411727530941553 4.154866884498924e-06 0.0 1.6901715718143988e-05 4.912410047548735e-07 0.0 0.0 7.422034892730286e-08 1.2678738924268529e-06 1.8158959881802635e-07 1.319433168365413e-07 0.0 0.00044247320958281197 1.7889667190354532e-06 0.0007061214786483938 0.0 0.0 0.0 1.1731704173076138e-06 3.292420971866258e-05 2.4569992621178676e-06 0.0 0.0 1.2832002439108696e-06 6.966753347104537e-08 2.1375595174849192e-06 0.00010336410521676534 9.247848151837255e-06 6.178474444154669e-05 1.3860748600135665e-06 0.0 1.3104193969584602e-07 7.68728690476e-05 0.0 0.0 1.352448965383039e-05 5.568599697132609e-06 0.00017496938516164552 0.00013084518885009633 1.8038933443128422e-05 1.0548952326060746e-05 4.103341888197817e-06 9.441203829651294e-06 7.686358547220117e-05 7.275694376233893e-07
0.0031314102739011277 2.899151550406837e-07 0.000410310973277562 2.4899490784133223e-05 2.745811363474863e-07 0.0007038276750930105 0.003369043213563099 0.005750028326536839 8.122508408514164e-06 0.0010139348120926106 4.529116369477741e-05 8.306221236716273e-05 1.4609996871883915e-06 0.0 3.519846688879089e-05 2.152787123216182e-06 0.00043504433883561125 2.6395030290855064e-05 0.0001471265386603735 9.30341558655879e-05 2.3121373767888995e-05 1.1668968972741585e-05 8.02487221302029e-05 0.00021809362632119363 0.0 0.0007733635264055025 0.00011425711078609448 0.0001925441608151476 0.004707707486580374 0.0023954200371678843 1.024423554789691e-06 6.914295897806999e-05 1.0730085636351569e-05 0.0005678275143168389 5.490465010520655e-06 0.00022037940917643583 3.4623955076863825e-05 0.00020023524637231453 6.174286371483016e-05 0.0002426734050392481 2.7869383970974445e-05 3.41158829079365e-06 3.0584352715307068e-06 2.2664143547531022e-07 3.97861099421842e-07 0.0 2.4081561444160344e-06 0.0 3.237754480621819e-07 2.611767156901647e-05 2.870432224503809e-07 7.2107192023449764e-06 4.539440237239023e-06 5.643649381754007e-08 8.871593142227881e-08 0.0 2.0173717780025773e-07 0.0 1.2306444375040141e-06 1.721460915915194e-07 7.16229566336294e-08 3.8786386258129077e-07 1.1153872280411836e-06 1.535001844523567e-06 5.897743817859981e-07 8.608870086792685e-07 3.7771213106229205e-05 1.0560405069324818e-07 8.466131229175849e-07 2.1833741748442477e-06 3.675787453510876e-05 8.499938935892082e-07 2.7453766965694282e-05 0.0 0.0 0.0 1.3847338931505653e-06 0.0 8.358907679229035e-06 1.2041343014712742e-06 1.7814873771519205e-06 1.1810604119747885e-06 5.899900641931913e-06 5.720012396371759e-07 8.441290436147197e-08 0.0
5.91850468169881e-07 6.761708147538944e-07 4.834364565171578e-07 0.0002039506684741618 0.00042144661217654894 0.0022633918875542523 1.8052036901156182e-05 0.00012782368682379356 0.00022170800969468046 8.821786777279583e-05 5.185111463513801e-06 0.000747341240578375 6.140876271810086e-06 3.519846688879089e-05 0.0 0.0 0.0 1.5099045146690904e-06 6.380523081081143e-07 0.0002977112599629748 0.0 4.553662115526087e-06 0.0 0.0008105404598888565 6.170860926110469e-07 1.3763721285332157e-06 2.080661668075031e-06 3.561321336952285e-05 2.569330039328251e-05 5.142850339399893e-07 1.8244404473703626e-07 0.00045615083627698527 0.0 5.691293957549674e-05 5.816956754636386e-06 0.00010593056520010902 8.468214881703247e-07 2.1292104039924132e-05 1.101447129568392e-05 0.0019232362438280886 3.5586240628358576e-05 7.508022391030919e-07 1.8891545870111756e-07 0.0 0.0 0.0 1.7070616122518627e-06 0.0 2.3149958134372416e-06 3.894505393805991e-06 0.0 3.5894905729835296e-06 2.837077721974314e-05 0.0 8.554279180724723e-06 0.0 0.0 9.674425687602765e-06 1.6800144362221877e-07 0.0 0.0 0.0 3.0388831163449804e-06 0.0 0.0 0.0 2.5331127727022113e-05 0.0 1.1044597827808357e-07 5.079226468635608e-07 2.562582157928983e-06 1.9416265961965388e-07 1.1837084978893796e-07 0.0 0.0 0.0 7.636251939597334e-07 0.0 3.262409910025279e-05 0.0 0.0 0.0 1.2920475307596421e-05 2.3019437151450412e-07 1.130718297454396e-07 0.0
0.0 0.00014770427248258743 8.520274542958065e-07 4.255260471644409e-06 0.0 9.538339532791178e-07 0.00010605472843578757 7.250398190487374e-07 9.40452554462473e-05 7.23702330682316e-06 8.359853281787816e-07 0.0 1.0816806921943807e-05 2.152787123216182e-06 0.0 0.0 1.316076033278713e-06 5.844167804054859e-08 7.531099496253246e-07 1.822712729754498e-07 0.0026269947143281137 0.002104524075267377 0.00279855148514354 0.0016325132980200172 1.630456647800089e-05 4.472454260794667e-06 0.0023210489729771503 0.0008339399126759056 2.5051885308785793e-06 1.2059714015421916e-05 9.322152302579944e-07 5.977916273185489e-08 1.0728449070781581e-06 0.00010230372049391789 0.00012084461972742523 0.0013919742098062562 0.0003478497398895041 0.0004495609239228343 0.00036719042646789386 7.789487923230417e-05 1.0128879147073602e-06 1.5790335289093137e-06 7.190571085877145e-06 0.0 8.524440658194287e-06 2.7117271870265014e-06 0.0 0.0 0.0 1.424964580405833e-06 2.1138311037448858e-07 1.6154924132308344e-06 6.099663929115479e-07 0.0 0.0 7.387671187016349e-08 0.0 1.587703075240688e-07 0.001513545478244682 3.4697274103777162e-06 3.16463250420016e-07 3.3079316331361744e-07 8.169900632062109e-08 0.00020825157039498402 0.0004755704907733032 0.000861391289888724 6.327145934652798e-05 1.1424505883596214e-06 2.4911315687942636e-06 0.0007835004647036104 0.00018176671524572943 0.0 3.235817202421981e-05 6.565239656299725e-08 0.0 0.0 1.0206912042181045e-06 1.6457116179800807e-06 2.3836114719607295e-05 4.162000246439348e-06 5.758717809734462e-06 3.3317509554456995e-06 1.9008430154159454e-07 0.0 0.0 0.0
0.0001417970027384477 1.4252215812149528e-06 0.001496140057510839 1.4570105057817645e-06 0.0 1.2633986742726686e-05 8.871462002171795e-05 0.00022437729841490688 1.4825838457506302e-07 4.959086606717127e-06 0.00012234056677456752 6.639113331605919e-07 1.4305762241276926e-06 0.00043504433883561125 0.0 1.316076033278713e-06 0.0 3.612346055893646e-05 0.0007801520227712636 3.9521855833737717e-07 0.00043212735399290376 1.100913374665097e-06 0.0018902382975159182 7.57157290190101e-06 1.8184067809770707e-07 0.0024480499390570325 0.003229672454223317 2.2177089482134147e-05 0.0003712161810962711 0.001318360312726998 2.9584937924688332e-06 1.6523537134839525e-06 1.5711505316615668e-05 0.0017434945746717025 6.079163194527622e-06 0.0004226070074063103 0.0005033726548834991 0.0007933149331475348 7.220046595224084e-05 8.313979151876031e-06 1.5613633497079894e-06 1.2671285423039073e-06 1.3227024544160624e-06 0.0 7.531446110153736e-06 2.724297675247457e-06 0.0 0.0 0.0 2.675385313780505e-07 0.0 3.465106435315336e-07 0.0 0.0 0.0 4.802279155276227e-07 0.0 0.0 3.0196844888702977e-07 1.0596133575024126e-06 1.8032303466317077e-07 2.911879930766529e-06 0.0 7.530458418337606e-07 0.0 2.818432651383259e-07 1.0920907873471105e-06 9.061362587458602e-07 8.239552344162023e-06 3.3792731430128485e-05 9.42865649925028e-07 0.0 7.344959319205369e-07 3.151269371716942e-07 0.0 0.0 2.293442989826364e-07 5.402968105637531e-07 5.616882189785418e-06 2.2301653792327246e-06 1.3983092405697418e-06 3.027532375904546e-07 4.5008816676998486e-07 0.0 0.0 0.0
6.160430825008511e-06 2.643073333030266e-07 2.365484670715493e-06 7.274921086047292e-07 0.0 1.2715781090724566e-05 1.3564544551135672e-05 1.9441351848429775e-05 1.2519190043579698e-07 1.2574914520569565e-05 0.0008174038694913974 4.109807380632459e-06 2.169218761016398e-05 2.6395030290855064e-05 1.5099045146690904e-06 5.844167804054859e-08 3.612346055893646e-05 0.0 0.0002515852444558138 4.217736713492708e-06 3.0130865958150415e-06 1.3369257981553313e-07 6.734611913314631e-06 2.808976883053514e-06 3.1250996524216076e-06 0.0016220728206068624 0.00015567185152461684 2.0905669351565634e-06 3.562369030078082e-05 9.651740092407541e-06 7.121442366564918e-05 1.2069002887580573e-05 1.0405202425864293e-06 0.0005741258322363523 3.0522872677082323e-06 0.0002359122812671905 0.0007240631982784012 0.000753317864318123 0.0002558458915760308 1.1063211689320743e-05 2.7715144671691547e-06 3.5198802854044955e-05 1.9835502206957666e-06 0.0 1.3190383920796318e-06 0.0 0.0 0.0 0.0 8.718745742311389e-07 0.0 0.0 0.0 4.794106002167172e-06 0.0 1.498698605926589e-05 0.0 0.0 0.0 0.0 8.467922994862656e-06 2.51008739978025e-06 0.0 7.371297629818698e-08 0.0 8.466317052190454e-08 2.720509343482892e-07 1.6107809614250036e-06 4.738982847533776e-06 2.1765081040356313e-05 3.897473453629435e-07 0.0 7.269381814532408e-07 4.025018222566044e-06 0.0 0.0 6.674972717346901e-07 7.119713756814826e-07 3.192466283521413e-06 1.0997498469600432e-06 2.952325047214692e-07 3.4774909305476096e-07 7.532946195725182e-08 0.0 9.137341276899554e-07 0.0
4.0908600628212444e-05 6.569391433992603e-07 2.4673855944348086e-05 1.0387030451021236e-06 1.196098276099818e-07 1.2674146247593545e-05 4.675301292160596e-05 8.633141564043542e-05 7.93702787330781e-08 1.1466886825654915e-05 0.0011963027457579608 3.01648648627373e-06 2.5293592539262e-06 0.0001471265386603735 6.380523081081143e-07 7.531099496253246e-07 0.0007801520227712636 0.0002515852444558138 0.0 2.8083897007029475e-06 2.619820740595577e-05 5.323037289139416e-07 6.864838412927129e-05 4.109819807115884e-06 2.5472963383722314e-07 0.0032700642860254044 0.0006144711297337952 6.176313607316275e-06 0.00015520744578644962 8.785457264364934e-05 5.300010248174523e-06 5.057487270742842e-06 1.0573413709379245e-05 0.0035396801847878048 9.147165944109855e-06 0.0006490031599018273 0.0008649995316071499 0.0015693493712914406 0.0003283866909783779 1.1470118469337661e-05 1.7480349943593124e-06 4.5732828391745074e-06 1.5839399961117546e-06 0.0 1.1095789890825479e-05 7.322972345042746e-07 0.0 0.0 0.0 8.197662085115329e-07 2.6395341051709383e-07 7.176743919561345e-08 6.88533070945038e-08 3.280042745461815e-07 0.0 1.8632248573352684e-06 1.3264007274815347e-07 0.0 0.0 1.196867349091675e-06 2.5404833178521838e-06 1.481627496695482e-05 0.0 2.934434172748979e-07 0.0 1.6482271516755542e-06 9.078761363992937e-07 4.138016499473739e-06 3.334711569485656e-05 6.885935869545951e-05 3.571960411079166e-07 0.0 3.005040303090368e-07 6.79740431222409e-07 0.0 0.0 1.5613753489592658e-06 1.6817522649988718e-06 1.4535951150651393e-05 6.452925713414111e-06 8.015078124147002e-06 1.1327622679249274e-06 1.4134127560347396e-07 0.0 8.308499426415908e-07 0.0
2.5503830355096946e-06 0.0 7.992494963601459e-07 0.0042310933433142945 1.5890294473022708e-06 0.00043717062095647126 4.202298390894338e-05 0.00016013823533570846 0.00029532122868301824 0.0034384179008736296 1.1602883638414876e-05 0.002030652692475106 3.174918513221129e-06 9.30341558655879e-05 0.0002977112599629748 1.822712729754498e-07 3.9521855833737717e-07 4.217736713492708e-06 2.8083897007029475e-06 0.0 0.0 9.509648275580837e-08 3.074851643820972e-07 0.00020521099495238296 7.035144944876849e-08 4.8163269020090644e-06 1.0653279595778756e-06 0.002020697576162541 0.0001216142059031865 1.8205391609387267e-06 3.0077006730776687e-07 1.3488203688275062e-05 5.279319680102552e-07 0.00012908674927371652 1.925692991638821e-06 0.0002480118361779569 7.975721645742972e-06 0.00011732861856888559 4.4908798268586735e-05 0.0005851643645115487 1.6878857410907803e-05 2.8099154707360703e-06 3.845157655217583e-06 0.0 4.515680070503268e-07 6.260364315288619e-07 4.832525328021145e-05 5.15427057626962e-07 1.7296431520715775e-05 0.00014277085732304067 1.8637357259177612e-06 3.707720927710525e-05 0.0003703752817485281 0.0 6.932630816234695e-05 0.0 3.0648579626544205e-06 1.597657540171233e-05 6.149519348123904e-07 1.2170817600446455e-07 0.0 3.1490548850868066e-07 5.4878319296422214e-05 2.1316731910557144e-07 1.4232471806760203e-07 1.1969977697439503e-06 0.00017259732123530295 0.0 3.7710103032668445e-07 7.828622309826257e-07 0.0001416638901010057 1.82882584295161e-06 3.226479911538743e-06 6.451865566700917e-08 4.902378636730294e-07 0.0 5.163982922770232e-06 0.0 4.9729509206384406e-05 3.616582236283252e-07 4.62644677608883e-06 7.717797234222814e-07 5.396075646123283e-05 1.8999876553120184e-06 0.0 0.0
1.4404682676851813e-05 8.06297217090004e-06 0.0005847705537198878 6.19120241336084e-07 0.0 2.1044300854445118e-06 0.00044369881661794516 1.1941527215404474e-05 3.3191517530899416e-05 2.3717593925116337e-06 8.180446095031624e-06 0.0 1.414220500426767e-06 2.3121373767888995e-05 0.0 0.0026269947143281137 0.00043212735399290376 3.0130865958150415e-06 2.619820740595577e-05 0.0 0.0 0.0001441574418020975 0.007237457783463287 0.00021350962349242053 1.704828961364626e-06 6.331027105341137e-05 0.00036220056819013434 0.002310981264570602 2.7111437441056968e-05 0.005520183135770315 0.0 6.080490117856491e-08 6.956740417521886e-06 0.0024020476539442586 0.0002515480717446703 0.0023183753876659086 0.0006161627016678477 0.002469932010325821 0.0011069675909935817 0.00015353194441701537 3.6911289951649816e-06 5.623389482062084e-07 1.0891085232032428e-05 0.0 1.7301407112242091e-07 5.66307227394876e-07 0.0 0.0 0.0 8.657019792937777e-07 0.0 1.0287869961512401e-06 0.0 0.0 0.0 0.0 9.434863355449518e-08 0.0 0.00021133141158658145 1.6853429306899546e-06 4.920209377122802e-08 4.4734371473976147e-07 0.0 0.0001143161345082151 2.6666962443181675e-05 4.863246540650027e-05 3.7368421063337394e-05 0.0 5.139969600314684e-07 1.0258245349064835e-05 0.00010783297284071397 8.640958528658116e-08 2.3851674509817814e-05 0.0 0.0 0.0 8.103485740963542e-07 2.4434498977634764e-06 1.1736748310095677e-05 4.796173043173657e-07 1.1609403504179574e-06 6.965906187101502e-07 2.992837174795462e-07 0.0 0.0 0.0
3.730690659847058e-06 0.0008073644497791233 1.7472649750252804e-06 8.482549209329035e-07 0.0 3.5430588913378405e-07 3.464627939904262e-05 4.8633352873329766e-06 0.0014955185892383724 2.2674136415578325e-06 7.744735893287077e-06 8.593297796596437e-07 0.00013889761282925384 1.1668968972741585e-05 4.553662115526087e-06 0.002104524075267377 1.100913374665097e-06 1.3369257981553313e-07 5.323037289139416e-07 9.509648275580837e-08 0.0001441574418020975 0.0 0.0001182455184821931 0.004395155050227203 0.00032838672003016387 1.4819173153649655e-05 0.001730670518741346 0.00025024984671085694 2.244777648014915e-05 7.58857327435143e-05 9.756464104597993e-06 0.0 2.6169867953746204e-06 5.123559875389119e-06 2.3374881251339096e-06 2.406511346587897e-05 6.382665452762376e-06 1.0930247356560584e-05 4.614932773247507e-06 1.9618901140394212e-05 3.3338120243899103e-07 1.7224297865473737e-06 0.0 0.0 2.298036358801188e-05 1.5720277614575417e-05 1.4628426885756147e-07 0.0 0.0 1.6493379874157742e-06 1.2551201216147088e-07 3.795204124413783e-06 9.141815545955226e-07 3.864478912100221e-07 6.549479383958672e-08 1.5453087557624948e-06 0.0 0.0 0.0006923255634959212 2.093529909539286e-06 6.067171316450923e-07 5.018978420919046e-07 8.743326107485963e-08 5.256801450574393e-05 6.248972384156516e-05 0.0003891308365114963 4.706920678607848e-05 1.2580513283012495e-05 2.383453526532822e-06 0.0010645529829819548 7.023345093868679e-05 1.4726114205318805e-07 7.780486371581654e-06 5.950934128320083e-07 0.0 0.0 9.391910262261607e-07 1.2075084523415608e-07 6.916763496974323e-06 2.6683962276768315e-06 4.064734242088433e-06 1.8221372021131536e-06 4.237855277440076e-07 0.0 2.6630124870391357e-07 0.0
4.159738043031644e-05 5.839571185818769e-06 0.0048978074555517115 2.6817309836764603e-06 0.0 3.0004440293963327e-06 0.0006345648769233882 2.8668041217918886e-05 1.3836783063366094e-05 9.407301286586152e-06 1.0149226431818278e-05 2.0482825751265157e-07 3.069183320634238e-06 8.02487221302029e-05 0.0 0.00279855148514354 0.0018902382975159182 6.734611913314631e-06 6.864838412927129e-05 3.074851643820972e-07 0.007237457783463287 0.0001182455184821931 0.0 0.00034969942051386464 8.883980945063874e-07 0.0011632798699492619 0.006433467542180256 0.0026344826395305865 5.961659181308744e-05 0.002832774723239458 5.451779424404702e-08 7.335155857410031e-07 6.176192507675043e-06 0.002676628608782397 0.0005549274666228187 0.0045140967652730615 0.002424009560687868 0.005188706559060172 0.002690893473840487 0.00035571606584977947 1.3671410636404236e-05 4.988616768702883e-06 3.2301082512955976e-05 0.0 8.624006085682559e-06 1.1158456499727861e-05 0.0 0.0 0.0 2.3739728638911832e-06 0.0 1.8397568622615339e-06 0.0 0.0 0.0 0.0 0.0 9.547933972406927e-07 0.0003568499198106881 9.73020186427635e-07 8.795102968622633e-08 5.11037408099818e-07 0.0 3.5756997553950645e-05 0.00012050410856252743 0.0002563566561206053 2.1142952657471134e-05 2.2890868757258356e-07 1.3892021901439637e-06 0.000538684858875991 3.885733632872462e-05 0.0 6.818483822336389e-06 1.055679151225965e-07 0.0 0.0 5.014661676490586e-07 1.749353223284289e-05 1.9005842675489157e-05 2.173623207476299e-06 2.9570707924396575e-06 2.2637309923260478e-06 0.0 0.0 1.8689217912941884e-07 0.0
2.137654909695011e-05 0.0004888630153161854 1.5060181390987847e-05 0.0010166374028604465 5.57649974323998e-06 0.00022892025880156318 0.00106139953595745 0.0005026351769538806 0.003903089380174409 0.00037587744603823125 1.5156388548697586e-05 0.00014730569494701186 7.675354317776949e-05 0.00021809362632119363 0.0008105404598888565 0.0016325132980200172 7.57157290190101e-06 2.808976883053514e-06 4.109819807115884e-06 0.00020521099495238296 0.00021350962349242053 0.004395155050227203 0.00034969942051386464 0.0 0.0001173147548581426 2.797790732189962e-05 0.0018266994578425362 0.004163684958338969 0.00025850001180934863 0.0004913969572366915 6.070551756362173e-06 1.2116177585651027e-05 3.335445322323055e-05 0.00023080458623954674 6.22000693165099e-05 0.0007483268925723214 6.578604600614762e-05 0.00029529714261625033 0.0001384978757948182 0.0004346118651861252 2.3855615478306312e-05 1.64890771870451e-06 6.05040898718702e-06 2.21508226065734e-06 2.7319704981669847e-06 4.539083695933478e-06 8.479601415469225e-05 0.0 3.439181345013037e-05 0.0007987792430886882 1.1209420117581322e-05 0.0005908555283190265 0.0004624560399705188 1.1653441307632208e-06 4.004566135938082e-05 1.651861395045661e-06 1.2916702259717386e-05 1.0535879279611649e-05 0.00028248024819002885 8.121102970941968e-06 1.1596879446445857e-06 1.517723377480687e-06 7.747310323920083e-05 0.00019683537057503975 6.911918400521367e-05 8.057310410550357e-05 0.0017475998752585094 4.924604539322814e-07 3.921486748521619e-06 4.404693374356667e-05 0.0013591733493128083 3.151168939545681e-05 0.0005227018415668961 6.768537568260771e-07 1.4318300723837985e-06 1.2484469897625885e-06 3.340892638779384e-05 1.8394441972381262e-06 0.00011638867359736076 2.774341397973276e-06 3.5858221156686546e-05 1.2698078722107586e-05 0.00010894162656854125 1.2301566050032694e-05 3.710925352570985e-06 1.4653499762312557e-06
