0.0 0.0 9.137520587840806e-05 3.2395787982561612e-06 2.0734426208153123e-06 4.4735676186390474e-05 0.001103807014678271 0.0009746022255104477 1.3354547254296733e-06 1.9968287676639545e-05 2.569064578695783e-06 3.7124827264041442e-06 7.034409556567797e-07 0.0034595428222110747 6.455600497483725e-07 1.0327784009448315e-07 2.757800570824749e-05 1.3240676245960372e-06 2.0213190525469636e-06 5.1898880121103745e-06 3.270614886361118e-05 1.253474072014573e-07 0.00012200292016086444 2.9260760556921364e-05 0.0 1.0630085234044322e-05 1.851415551234567e-05 7.104798685994707e-05 0.002455392204111322 0.00147132001949414 0.0 7.349852806041058e-06 7.984393819069012e-06 8.391107005080628e-05 1.215943428803846e-06 4.13204865713427e-05 7.628531577251914e-06 4.9601549468465554e-05 1.2109757969847774e-05 5.814236059485869e-06 3.734617929461942e-06 1.3134197372825528e-07 8.669050771993469e-07 2.4283508579832557e-07 0.0 2.588722099089628e-07 0.0 0.0 0.0 7.5473038089627105e-06 1.5039229117841453e-07 2.963624423017421e-07 3.7161926941509277e-07 0.0 2.4743910310171264e-07 0.0 2.8278407282297853e-07 0.0 1.5470459192048433e-06 1.3345888516241416e-07 0.0 0.0 2.4960763198945715e-07 3.045989032257019e-07 9.975535699489493e-08 1.757984769250898e-07 5.712295657487271e-06 0.0 2.1194032169415714e-07 7.654118142491869e-07 1.4524795826260392e-05 6.424748988707714e-07 3.736213275258395e-06 0.0 0.0 0.0 1.1174500426411006e-07 0.0 2.1972825233075224e-06 0.0 3.6857301935719286e-07 3.5564915249693044e-07 2.188717025603412e-06 0.0 5.3956649005008144e-08 0.0
0.0 0.0 0.00011364524214831332 1.6606577098151294e-07 5.8153787078079035e-08 4.934967700234882e-08 3.6401626744757935e-06 7.35061400431947e-07 0.0003116391309728391 0.0 0.00013417778370485443 4.250977652319932e-06 0.0003565375145594345 4.817674709384954e-08 5.50561197433881e-06 6.502278867603677e-05 0.0004099839394705152 8.972728029424336e-07 7.514778381427419e-06 0.0 3.337502764080003e-06 0.001381989042500437 1.2119383433267212e-05 0.00027931583461065525 0.0008570708791028728 4.351597939167401e-05 0.002133164160630772 1.2633330036088993e-05 1.9092035640913636e-06 1.3948800044910103e-06 6.590766994771711e-06 8.073399070031264e-08 2.1955256974823315e-07 7.153934281975333e-05 1.8420733965429657e-06 0.00026311687216502036 4.437852198599225e-05 0.0002696703782634844 4.305398533553535e-05 2.2277721495766503e-05 0.0 7.355903862418488e-05 8.209393919708883e-07 0.0 0.00017844535856557513 7.373966621426014e-05 0.0 0.0 0.0 7.194876662157468e-07 7.151727972523342e-08 4.082999672612547e-07 5.468930015440056e-08 2.567365655181746e-06 6.294559919046342e-08 1.767914915627408e-05 3.5339716967904887e-07 0.0 3.433066251671386e-06 3.3663698780517858e-06 2.1067159259958341e-07 2.3456369086087013e-06 0.0 1.2907917850671068e-06 3.244080007124855e-05 8.844989319620804e-06 2.1007054187848404e-06 1.3872666202652806e-05 5.459740157947313e-05 0.0009724124903215942 1.309941248185942e-06 7.69600969736931e-08 3.8820277618867734e-07 2.1806668780577372e-06 0.0 5.266165818416747e-08 6.275471051749046e-07 2.4744669390371055e-07 7.776820065413381e-06 1.7809650562951212e-05 3.932570398720312e-06 1.570706004194957e-06 2.3665098184293183e-07 0.0 1.1471253852150713e-06 0.0
9.137520587840806e-05 0.00011364524214831332 0.0 5.416233549755759e-06 1.2516037310509032e-06 7.113833858450823e-05 0.00013477534322430435 0.00035840037333895376 8.478189564664308e-07 9.174608775446305e-06 1.2420835904172947e-05 1.7343590142749815e-06 4.373429246099644e-06 0.0002827812728862833 5.529793351534514e-07 7.550614210767984e-06 0.003504115695002182 1.2895744640669022e-05 5.904024850987077e-05 1.364292080192763e-06 0.00016353459674393458 3.029530084014498e-06 0.00359545179209332 2.4510042165313674e-05 2.581995138521248e-07 0.002984370273476446 0.006815540660735063 0.00012783016531232782 0.00031688548481028457 0.00027773668856104303 4.71422823921598e-07 4.348244352636589e-06 9.698087017742402e-06 0.00034042523768504953 6.760249230651572e-06 0.0008026535251476346 0.004202044516439006 0.0009932314215492588 0.00016392696978022756 3.008144737107739e-05 6.64586207634689e-06 1.596741633118957e-05 4.1571850743482005e-06 2.6888574287785106e-07 0.00010939779742256735 0.00042314240639627194 0.0 0.0 2.0047660273325844e-07 9.19838002079385e-06 2.1566881058970786e-06 1.1025094629330522e-06 1.4213730543271884e-06 0.0 1.4154387285682886e-07 1.5643726307912433e-07 1.3171563544578558e-06 0.0 9.768253783603147e-06 7.388358140876924e-06 2.569099590249729e-07 9.57443437543819e-07 3.8279198314628084e-07 2.0557687198211887e-06 5.248694124960833e-05 7.849182504216843e-05 7.933343120879384e-06 2.6763836638281124e-06 5.4748672795739224e-05 0.0014326084488365232 1.3796745025283736e-05 1.9902757209396063e-06 6.753093263256948e-06 2.349398355052475e-07 0.0 4.829468856773036e-07 1.9183581692466555e-06 2.563691894744277e-06 2.9795514200991595e-05 0.00014509748927575778 1.4663045642022698e-05 9.667343755435308e-06 1.6938483446321712e-06 0.0 6.061461326430441e-07 7.088171738203991e-08
3.2395787982561612e-06 1.6606577098151294e-07 5.416233549755759e-06 0.0 8.869773328954688e-07 0.00011135775550073273 7.88987839636623e-05 9.360679856147609e-06 0.001085188131001082 0.0012669527470586498 2.2396145854843453e-07 0.00038514474669158847 1.5719555155010317e-06 1.1710194203551906e-05 5.4118688145286196e-05 2.641963992465008e-06 5.725190716029628e-07 4.50140965764959e-08 0.0 0.003522724577214145 3.7031162031975914e-06 7.957900528449328e-07 7.910489485142176e-06 0.0018143197653587 1.402167851867661e-06 6.498471918791108e-07 1.77801241551773e-05 0.0032142210660229343 6.602591745335071e-05 2.764163730780367e-06 0.0 8.402357371083824e-07 3.033675914795785e-06 2.4433293582364685e-05 3.848940459922735e-06 0.00026404614902167097 4.933817954921086e-06 3.7630439692728384e-05 3.006493130409037e-05 8.384312165193759e-05 8.050474578646584e-06 0.0 4.278501553472806e-06 8.514421401247817e-08 2.9495070821103493e-07 3.4597407951346877e-07 0.00012091650180651987 1.228065494757161e-07 4.984092918038368e-06 8.30696196711081e-05 6.49162562755046e-07 5.349522556088268e-05 0.00017930279550076698 1.1299715194550243e-07 8.097283918668532e-05 0.0 2.0418347008634423e-06 1.6526909255996966e-05 6.225401305555673e-07 0.0 0.0 0.0 8.685849029901508e-05 5.078894611514193e-07 7.397986975265424e-07 4.6848873408483146e-07 0.0001614773387781397 0.0 2.493528299879849e-07 5.010542459519654e-07 0.00014274920403835892 5.822467455794089e-07 2.586343015230122e-06 1.1299817221458822e-07 8.603703108402612e-08 7.049868388079564e-08 3.1597145094109904e-07 1.3771405858972763e-06 1.6903090719845082e-05 2.2253874228128844e-07 3.308335841996838e-06 1.123449298324617e-06 4.334189080819617e-05 7.065729409664925e-07 0.0 2.456538117690295e-07
2.0734426208153123e-06 5.8153787078079035e-08 1.2516037310509032e-06 8.869773328954688e-07 0.0 0.00031773963111240495 7.68250896220582e-06 1.8735031611881613e-05 4.694031065854077e-06 8.983342664127776e-06 9.42032377683348e-05 3.921269260862549e-05 2.633358004361961e-05 9.683407664058094e-05 0.00028383372900486883 0.0 8.537095330869341e-07 1.1183811096006732e-05 7.390070352375535e-06 7.701166949462823e-06 3.752956662278791e-07 0.0 1.2729071495338617e-06 8.587528121452035e-06 4.2525465200930726e-07 2.1957714774483325e-05 2.27958603475319e-06 4.8698745244026186e-06 0.0001794493643172223 4.373681913698189e-06 9.769041439499492e-07 4.023227388200029e-05 9.733763758564967e-07 0.00046796533198725776 9.53020946516166e-08 7.175846068957381e-05 4.346099823334494e-05 0.00032608064286619747 0.00011577395083147828 0.0007319704962651338 0.0001062826498013061 9.52785328430259e-06 8.652210794058188e-06 0.0 0.0 0.0 0.0 0.0 0.0 1.370592425445633e-06 1.0782942372901593e-07 0.0 2.42893649243847e-07 8.874806561219214e-08 0.0 1.0760004275208387e-07 0.0 3.136428948877946e-07 0.0 0.0 0.0 0.0 1.5495908906555382e-07 0.0 0.0 0.0 6.246680853823101e-07 0.0 4.9791506570466004e-08 1.2512623735012728e-07 1.3739708914421549e-06 0.0 3.9648254549478856e-07 7.021628156001591e-08 1.702898155909129e-07 0.0 4.196947241941102e-07 0.0 1.9303955120550914e-06 1.4247127296930704e-07 6.364074688069465e-07 1.3230669120281343e-06 5.043952517487351e-07 9.651368459631271e-08 8.384738507485258e-07 0.0
4.4735676186390474e-05 4.934967700234882e-08 7.113833858450823e-05 0.00011135775550073273 0.00031773963111240495 0.0 0.0016327482489053766 0.0032469430236499483 5.053511195724866e-05 0.003053543831305496 5.5976217598209024e-05 0.0028001324882702804 1.8684386380869885e-05 0.0005805358350218291 0.000993711885071414 2.416088733570927e-07 8.610810613015667e-06 1.1402108102212674e-05 1.1898998283134254e-05 0.0005677716956781772 3.356856779723515e-05 7.691298992568164e-07 7.569921778049207e-05 0.0002097341339194589 4.7275201008111625e-07 3.5279284136391694e-05 3.400404256221675e-05 0.0003002804665935126 0.000273256806128103 0.00013613443171178171 2.0298970791554466e-06 6.969339651849055e-05 1.9310218144360627e-06 0.00031223322952733424 3.3096896411277807e-06 0.0004350496258811857 4.68955360517673e-05 0.0005090061288966173 0.00021931647909000996 0.001645534653144611 0.00010040437800143598 8.581002190623228e-06 1.4325283063570277e-05 7.298866201155398e-07 1.521946414102112e-07 1.2477271860110293e-06 9.34114847774245e-06 0.0 1.4599408337121791e-06 8.468571606344266e-05 1.389829052193001e-06 1.3657076398844341e-05 3.094648569457917e-05 3.0527112179660783e-07 1.983447515396879e-05 1.6930123606297752e-06 4.964571583162087e-07 4.074106178802753e-06 6.079280203580572e-07 3.301711561309246e-07 9.297353859831217e-08 6.733614355250325e-08 2.3092600366935814e-05 9.803990104059244e-07 4.387469679123033e-07 1.4793529181747593e-06 5.170087714036347e-05 0.0 3.3383331814942676e-07 3.2014274682255107e-06 6.491514673695493e-05 3.064490906100678e-06 7.114858402464027e-06 1.1879751229236828e-07 0.0 8.754981262498484e-08 0.0 0.0 2.858148885766355e-05 6.376449735864202e-07 4.632176921964001e-06 1.1425813107610092e-06 2.681546729822985e-05 3.9826143361868957e-07 1.3254618835178435e-06 0.0
0.001103807014678271 3.6401626744757935e-06 0.00013477534322430435 7.88987839636623e-05 7.68250896220582e-06 0.0016327482489053766 0.0 0.0019575758801671306 0.00014148189627248635 0.005588878707499659 6.9398170835517685e-06 9.28316642439742e-05 3.090315528685872e-06 0.003193077684047119 2.0322255107359228e-05 1.1651665671638634e-05 9.223324518454922e-06 2.04477716914994e-06 2.555896736929586e-06 0.0002778385463212457 0.00033040415053774255 1.4321427168776699e-06 0.0003212673833712811 0.0006981484094099095 9.76939359557712e-08 1.1069718007739017e-05 0.0003040549502070689 0.008733331105028037 0.0009633934148222497 0.0030644581325967547 1.4394228061281933e-07 1.539639470852375e-05 3.349697024273825e-05 0.000305275926798759 4.399196756470065e-05 0.0014834795734597417 6.339454073197227e-05 0.00048183987393421934 0.0002752677244841306 0.00027603721121637856 7.732393452427787e-05 9.302151613990757e-07 2.968018589334715e-05 2.5770039005322884e-06 5.85156912146653e-07 3.4629882585806005e-06 1.8867975420317702e-05 2.862741685007091e-07 3.370582797647075e-06 0.00021020593766696524 5.7992743275591335e-06 2.8024384668461216e-05 6.516706760871819e-05 1.5694247584392392e-07 2.7159997758203144e-05 3.024920406258223e-06 2.5716721987494184e-06 3.3582439857291858e-06 7.729460284506168e-06 6.201321608377052e-08 1.748409339827426e-07 6.713266924819628e-08 3.168612015326937e-05 1.7263465064964175e-06 2.637691599344173e-06 8.048027328568924e-06 0.0001384794547816166 6.38067675149718e-08 9.378385467104917e-07 1.1633633427655141e-05 0.00023414486946660807 8.788032708125773e-06 4.280074017898527e-05 0.0 2.624775102907786e-07 5.540798096325577e-07 3.4030641699632463e-06 4.529116892995018e-06 5.789616096769632e-05 1.4057431032843637e-06 2.031616159921757e-05 7.327322526225727e-06 3.682565132770887e-05 3.8033175442963207e-06 1.665748411796719e-06 6.891409416915205e-07
0.0009746022255104477 7.35061400431947e-07 0.00035840037333895376 9.360679856147609e-06 1.8735031611881613e-05 0.0032469430236499483 0.0019575758801671306 0.0 1.0519044778637907e-05 0.0007398370963452854 7.036263607915247e-05 0.0004153225924690987 2.069933204914067e-05 0.004361606007897471 3.8182051924442015e-05 8.759499911846931e-07 6.186937073688302e-05 1.7850165966642583e-05 1.5941081765872094e-05 0.00015549923931684506 0.00010997984797040156 6.894822951600746e-07 0.00040239696679960805 8.002934274592203e-05 6.996735508415457e-07 6.874419183543564e-05 9.975945618305469e-05 0.00018674522812764724 0.0009036868007966776 0.000897576815933691 1.348521425880863e-06 0.00011832171626457801 2.6347908437389758e-06 0.00027008329635224885 5.1513328391702065e-06 0.0003728885813608277 7.616736137795057e-05 0.00038780444593586826 0.00023451201047708722 0.00047376764126029334 5.915632857218298e-05 9.923219643174355e-06 1.5524203923002185e-05 1.5120429885729568e-07 5.035334467763173e-07 1.7626098081785273e-06 2.6625476845673525e-06 0.0 9.82003265192034e-07 3.147966143537324e-05 8.299810247708544e-07 2.98792197621338e-06 3.643068976263741e-06 6.255741781952018e-07 2.2197910591480975e-06 4.759738321243664e-07 1.2084984477447623e-07 7.5875158336009e-07 1.3381439180372519e-06 2.2599479362016607e-07 0.0 8.079745143744552e-08 1.865891080458215e-06 1.501488019205649e-07 8.840472221081368e-07 2.2129405643988155e-06 2.0503499939825964e-05 0.0 7.9027579635509e-07 6.543905211286324e-06 3.582366994908979e-05 1.991871817654106e-06 6.899086517353446e-06 1.1033619222406447e-07 0.0 2.855015228031557e-07 1.8096901292210026e-07 1.2745106738073062e-07 9.082059358625859e-06 7.023686528476685e-07 4.105839355149742e-06 1.7977154513398137e-06 5.311512510471965e-06 1.073091354682054e-07 6.374709891397674e-07 1.9047465594010787e-07
1.3354547254296733e-06 0.0003116391309728391 8.478189564664308e-07 0.001085188131001082 4.694031065854077e-06 5.053511195724866e-05 0.00014148189627248635 1.0519044778637907e-05 0.0 0.00012084884136839793 9.981049984546873e-06 0.0002014470649798226 2.297452052824266e-05 3.1099916424635365e-06 0.00043538616039030716 6.708678571911568e-05 4.6151994525667264e-08 1.8120619691700002e-07 1.542929431362462e-07 0.0005854343217806616 2.5037362985851244e-05 0.0016299395350025355 1.821044581035788e-05 0.003902908507333158 7.713216671400128e-05 1.3122112530369539e-06 0.00031626137288174303 0.0006898130424744013 5.428755834622799e-06 8.240398207658868e-06 1.4918346779537135e-06 4.936355878352938e-07 1.3876103587148488e-07 4.036918554139728e-06 4.860870127343205e-07 3.1900884200252745e-05 1.9259910838713324e-06 1.1134383307203178e-05 3.708779316947044e-06 0.00041788313694798363 3.3212396258804168e-06 1.5790477242399542e-06 0.0 4.850132444106946e-06 3.5565173581825553e-06 2.0077939737630858e-06 9.004223003547876e-05 0.0 4.676488208221325e-06 0.00023021858215018764 2.839398083406297e-06 5.6070829717526574e-05 0.00015404897778411146 6.692715114085674e-07 7.6984143434586e-05 3.5285955153565567e-06 4.754575494399865e-06 1.8335547793871295e-05 0.0002918133750099095 1.9788662517265342e-07 4.4071873994740136e-08 1.1496148825950365e-07 9.050706232513304e-05 0.0001134614333102558 4.1694454218598895e-05 3.191708345736433e-05 0.0007925849193023077 4.517716618446947e-07 1.8254989130291753e-06 9.728506156885255e-06 0.0006614465253660203 1.4934359711027212e-05 6.651774836474069e-05 4.079994204750542e-07 8.96571229189393e-07 7.024670435172212e-07 1.8604889719462765e-06 9.695487874084328e-07 3.6779630172490756e-05 1.1503200150466481e-06 1.1299612575885599e-05 4.277294477198545e-06 3.391452660944202e-05 5.505339827762878e-07 0.0 2.245087104806429e-07
1.9968287676639545e-05 0.0 9.174608775446305e-06 0.0012669527470586498 8.983342664127776e-06 0.003053543831305496 0.005588878707499659 0.0007398370963452854 0.00012084884136839793 0.0 7.369242693529411e-06 0.0013066260880252192 3.870548098160603e-06 0.000889364628672306 1.7187261460787865e-05 2.7047510581638534e-07 7.31672103258811e-07 3.2033349755514365e-06 2.870573845940983e-06 0.005183050661720345 1.2532070688191586e-05 3.42535078911552e-07 1.6543040555025288e-05 0.0002772668207618836 6.200899625083191e-08 6.5287084175243864e-06 1.9243993445220438e-05 0.0024567726030122476 0.00044148221593573586 1.0310582276743843e-05 3.9955289022741723e-07 2.041092719965422e-05 6.370291395743759e-06 0.000221596407886203 1.1242613557926295e-05 0.0006832634273312575 1.5906458469204858e-05 0.00042505603687527767 0.00018344560191880884 0.0002479842872912946 8.94933283608074e-05 1.0296233004187122e-06 3.645497451349688e-05 1.1541838924255537e-07 2.9627866596657394e-07 6.98039704170873e-08 4.664928050161581e-05 0.0 4.111383023956789e-06 0.00012786744005980865 9.830117318049888e-07 3.134195006049931e-05 0.00010365950679020613 1.479211994527561e-07 4.685874411602326e-05 5.261315867290781e-08 1.8342995419467847e-06 1.2600773147536174e-05 2.37288943859015e-07 0.0 0.0 0.0 6.188317722220504e-05 8.494823623730552e-07 4.187091034465235e-07 9.742511627327614e-07 0.00012613917535356627 0.0 1.401046241494175e-07 1.0607338228669797e-06 0.00014913202217958617 1.8498407622277611e-06 5.663572417541411e-06 0.0 0.0 6.103051330576899e-08 5.481148186660171e-07 1.7005597318132274e-06 1.9731205320946088e-05 0.0 5.465947756659213e-06 1.451851083401672e-06 3.053173481891552e-05 3.912942200859991e-07 0.0 0.0
2.569064578695783e-06 0.00013417778370485443 1.2420835904172947e-05 2.2396145854843453e-07 9.42032377683348e-05 5.5976217598209024e-05 6.9398170835517685e-06 7.036263607915247e-05 9.981049984546873e-06 7.369242693529411e-06 0.0 2.2584198955162555e-05 0.0026323351449395274 4.586385650511427e-05 1.995372389454809e-06 3.4322280149148485e-07 0.00025447659257721815 0.001431110692186228 0.0013598980935040441 6.09097934351139e-06 4.6330137670735055e-06 4.294484805335178e-05 8.898195340335125e-06 6.450277700609433e-06 0.0005178919157039263 0.00209667342583682 0.00038168799843546594 4.466110036848647e-06 7.883262780619933e-05 7.325295394390038e-06 0.0005206945625848116 0.00024816152215609256 4.77920525945337e-07 0.0027249673735082625 1.084928712506456e-06 0.00022227738682212742 0.001881282035022595 0.0013607386388601714 0.00035921139567868157 2.293662990553095e-05 8.366714261187074e-05 0.0005233779867011684 1.3198428005010557e-06 0.0 3.6210998770941776e-06 5.086622333623393e-07 0.0 7.022126863530703e-08 1.6868649945236204e-07 1.8631090352016818e-06 9.460323318191334e-07 0.0 4.474383056054487e-07 0.00020676724626371657 1.3819125231678708e-07 0.0012242057031682419 5.369751167613672e-07 0.0 8.31353041826592e-08 8.055013780295492e-07 1.3907161149469052e-06 1.2169281557957135e-06 0.0 6.499137338288827e-08 0.0 5.018004666801981e-07 6.716271698898652e-07 3.9118035152630854e-05 0.00012740831544109533 0.00017407508330586775 1.6104506313217362e-06 4.207744341567837e-07 2.59881753926072e-07 0.00012361535096715748 1.1415070980081695e-06 4.862879567712948e-08 1.4825539234637993e-05 2.5105742864678458e-06 7.4656103245655596e-06 0.0003251870097303808 2.091855298246312e-05 2.3052772796013443e-06 1.4079364859270369e-07 1.7454285012611504e-06 0.00021137153759505573 0.0
3.7124827264041442e-06 4.250977652319932e-06 1.7343590142749815e-06 0.00038514474669158847 3.921269260862549e-05 0.0028001324882702804 9.28316642439742e-05 0.0004153225924690987 0.0002014470649798226 0.0013066260880252192 2.2584198955162555e-05 0.0 8.645448650530656e-06 0.00012964023581418828 0.0012007108397254142 1.69008447402905e-07 5.94221839730385e-07 7.056287158005755e-06 6.1646809948627335e-06 0.0033470405739417734 7.497201328455989e-07 2.4341708327992417e-05 2.8924074697002658e-06 0.0007055849200113953 7.466501186801537e-07 1.692415931727634e-05 8.032382261219322e-06 0.00010296908359473306 0.0001658285603943197 3.0718356559247785e-06 1.122857836092385e-06 3.945864439610263e-05 1.37336430065992e-07 0.00022091189063668394 1.3487121427405216e-06 0.0005407580223697401 1.9773643576810434e-05 0.0003932190806260208 7.074828691749314e-05 0.0011868193348295252 6.395675704064488e-05 4.542780699807021e-06 9.611073609548703e-06 5.672562583887617e-07 2.0377774865738656e-07 3.376468064787256e-07 3.675377485613038e-05 0.0 5.568382695326901e-06 8.543770618889605e-05 1.3517604659852037e-06 1.775528050499374e-05 0.00011957150563070838 0.0 7.506887257102521e-05 6.220694396155529e-07 5.407751742684214e-07 2.6041043279822207e-05 2.1723156776723952e-07 0.0 0.0 0.0 5.870119196086658e-05 2.974205429651797e-07 7.801679537929923e-07 4.3932392599921204e-07 8.992062522831052e-05 0.0 1.2766654004948591e-07 2.300956795076884e-07 8.406707001431202e-05 6.207992372524191e-07 4.158757786495255e-06 0.0 0.0 0.0 1.1192904285044139e-06 9.922500153496167e-07 5.3144002286706765e-05 1.222606361365482e-07 5.098759271018902e-06 1.7471866411929241e-06 8.384810222607403e-05 9.474116948122882e-07 1.310563587841784e-06 0.0
7.034409556567797e-07 0.0003565375145594345 4.373429246099644e-06 1.5719555155010317e-06 2.633358004361961e-05 1.8684386380869885e-05 3.090315528685872e-06 2.069933204914067e-05 2.297452052824266e-05 3.870548098160603e-06 0.0026323351449395274 8.645448650530656e-06 0.0 9.188240235647213e-06 1.3238849952053672e-05 1.083444985780413e-05 2.0656960114847976e-06 8.512843448998737e-06 8.535064852551049e-06 6.198848594464435e-06 7.730528661319838e-06 9.197228365944433e-05 7.462169871100466e-06 1.8394997441039472e-05 0.0025241596992028373 0.00029882032501981725 0.0029968041576141995 1.3024276581119186e-05 6.903456974657732e-06 7.880352838103777e-06 0.001052424089449495 3.550512017614212e-05 0.0 0.00025069406197078824 1.831334493064881e-06 0.0009496449568841206 0.002388050306024878 0.001183328071502799 0.00014409251511326198 9.458800289883895e-05 0.00011180913678721986 0.00027644890597394164 1.5450475426330653e-06 0.0 3.4652764813564076e-05 5.418313853935122e-07 0.0 6.027761022313231e-07 3.2382871457557694e-07 1.921118817419923e-07 1.2759784818869652e-06 2.5507464185847787e-07 5.526220328385491e-07 0.0003992119971450858 1.6463528189636403e-06 0.002499896470095353 1.0950722400000963e-06 0.0 9.211838986140968e-08 1.0741552219063643e-06 1.8795216795520158e-06 5.727909680089127e-06 0.0 0.0 2.5224887195000603e-07 1.1430620615542093e-07 0.0 0.00015991302182955406 0.00023065808891248814 0.00039385397193007456 2.263295390099052e-06 6.93872884413954e-07 6.672728287560638e-07 0.00018263145417246637 1.5737016693115862e-06 6.521838815175667e-07 2.4720119287927765e-05 2.4152063150819012e-06 0.0001848727653226026 0.0005600765215607839 6.418128839701811e-05 3.5792638632171186e-05 6.622795224776142e-06 5.244052596036133e-06 0.00042767192918903894 0.0
0.0034595428222110747 4.817674709384954e-08 0.0002827812728862833 1.1710194203551906e-05 9.683407664058094e-05 0.0005805358350218291 0.003193077684047119 0.004361606007897471 3.1099916424635365e-06 0.000889364628672306 4.586385650511427e-05 0.00012964023581418828 9.188240235647213e-06 0.0 2.957279422627207e-06 6.259044352171787e-08 6.788789548762227e-05 1.0284850029321672e-05 1.2183281167973866e-05 9.518968957406479e-05 9.168986729159981e-05 1.462221331010469e-07 0.00035679228818518295 5.116729214923374e-05 4.3283818969131054e-07 4.70686498579174e-05 6.020157077617085e-05 0.00020876294633911526 0.005057618358703668 0.0013090178011346037 1.391901063625235e-06 0.0003489912464378639 4.188844468915984e-06 0.00033470087503165315 2.8220119513483437e-06 0.00010980726054964032 4.2867964884667155e-05 0.00020668260818071103 7.371547769926191e-05 4.9169809741282716e-05 2.500863209820779e-05 3.652097361889898e-06 2.648895345579873e-06 7.008842960034387e-08 6.645119479614448e-08 5.149091083529641e-07 6.384896666057319e-07 0.0 2.7504560932084403e-07 1.5676387500614428e-05 3.930463934841592e-07 1.1344254388515936e-06 2.8374107583892557e-06 1.731082722105782e-07 8.202979855263713e-07 6.697361745988231e-08 3.8661869416293084e-07 5.64470580974283e-07 1.366007389228317e-06 4.156868786850545e-07 0.0 0.0 6.97898907037041e-07 5.033376653009168e-07 4.5668890583847976e-07 5.419613105399665e-07 1.2131504172870717e-05 0.0 5.753205509450414e-07 4.267733935541572e-06 2.1700104825162936e-05 1.69428704809581e-06 7.154939314362544e-06 4.333626406499909e-08 0.0 0.0 3.077403199028431e-07 0.0 5.118841415163003e-06 3.716346305864476e-07 2.17072078079434e-06 9.631209085198453e-07 2.508842906153653e-06 0.0 2.4557252489043057e-07 0.0
6.455600497483725e-07 5.50561197433881e-06 5.529793351534514e-07 5.4118688145286196e-05 0.00028383372900486883 0.000993711885071414 2.0322255107359228e-05 3.8182051924442015e-05 0.00043538616039030716 1.7187261460787865e-05 1.995372389454809e-06 0.0012007108397254142 1.3238849952053672e-05 2.957279422627207e-06 0.0 6.602769579052932e-07 5.5356874460428214e-08 3.4717873162838184e-07 0.0 0.00010625526575455843 0.0 3.536475702396853e-05 9.196259722066325e-07 0.0005627810950472346 1.6548981071777004e-06 2.378319514718267e-07 5.4187040456442715e-06 3.8190068709188585e-05 4.841319098555452e-06 1.4443045651631756e-06 6.168534241037765e-08 6.325134810019181e-05 1.096128263395675e-06 4.6151522630809726e-06 7.603566951722313e-07 0.00019571515267800214 8.289268003137276e-06 2.3811358777457687e-05 5.442176172582334e-06 0.001176946893080911 3.160439382028873e-06 5.444006710808431e-06 7.71178893418476e-07 0.0 0.0 0.0 3.643705636416471e-06 0.0 0.0 8.74238370625938e-06 6.2294961351259e-08 1.1380214017307368e-06 9.404077295546989e-06 0.0 1.0785601887922002e-05 0.0 0.0 5.112685678769269e-06 1.291717634370575e-07 0.0 0.0 0.0 7.585404586700701e-06 2.404194518190916e-07 2.2183540958434384e-07 0.0 8.105422186447036e-06 0.0 0.0 4.616285835089221e-08 9.95290518843918e-06 6.026465035709762e-08 1.1268263277822661e-06 0.0 0.0 0.0 0.0 0.0 1.7956052891897106e-05 5.131194421064413e-08 5.017047042238107e-07 2.365520777739756e-06 2.1166300170099036e-05 0.0 2.843228181716312e-06 0.0
1.0327784009448315e-07 6.502278867603677e-05 7.550614210767984e-06 2.641963992465008e-06 0.0 2.416088733570927e-07 1.1651665671638634e-05 8.759499911846931e-07 6.708678571911568e-05 2.7047510581638534e-07 3.4322280149148485e-07 1.69008447402905e-07 1.083444985780413e-05 6.259044352171787e-08 6.602769579052932e-07 0.0 9.70031906042127e-06 2.611221032157568e-07 8.474126649111084e-07 3.3657141837589926e-07 0.0012999034363102952 0.0011914041782404706 0.0017763422583558896 0.0013488472548860346 3.5550697963226333e-06 1.9542794481636917e-06 0.001561680389737988 0.001161082096732553 1.250460597080784e-06 2.1023088132800572e-05 1.6531515493405878e-07 0.0 2.0993899042310712e-07 6.741018596556706e-05 1.0984931997959314e-05 0.0008188547193706784 0.0003547954265334302 0.0002469796689047912 0.00020410979847987692 4.8804760037564686e-05 1.7950500718126964e-06 4.69163689425533e-06 7.698447373241872e-06 2.7977430595515408e-06 2.7105679631942135e-06 4.913833866798278e-06 0.0 1.8728271553784088e-07 4.675748300918195e-07 1.98979780037285e-05 4.053749537382749e-06 1.878320468600675e-05 8.892762440102179e-07 9.79205503710504e-07 3.84797456709819e-07 6.301703190212468e-07 2.1681769969368606e-06 0.0 0.0018041018020770478 6.325269365554855e-07 1.0811812723166916e-07 2.8299316268833344e-07 0.0 0.000599464066012109 0.0004457169448274882 0.0009443814410146813 0.00012623616246342374 0.0 5.539531575093305e-07 0.0003193484613727701 0.0003054555246475703 9.51646817911529e-06 0.0001326013584190563 3.985535897119289e-08 4.691056459091377e-08 1.3206767888571196e-06 1.4019475104748287e-06 2.785455077439503e-06 0.0001280396593715648 5.63029477009566e-06 9.114969313336334e-06 1.0424233217119487e-05 7.666246656545805e-06 2.5381616034660125e-07 4.209436053819976e-06 5.589321359449556e-07
2.757800570824749e-05 0.0004099839394705152 0.003504115695002182 5.725190716029628e-07 8.537095330869341e-07 8.610810613015667e-06 9.223324518454922e-06 6.186937073688302e-05 4.6151994525667264e-08 7.31672103258811e-07 0.00025447659257721815 5.94221839730385e-07 2.0656960114847976e-06 6.788789548762227e-05 5.5356874460428214e-08 9.70031906042127e-06 0.0 0.0001525800013984031 0.002690119544403168 2.5411527467500533e-07 0.0004782349327075271 1.859162809864328e-06 0.002784281807279426 7.9045109409211e-06 2.3033259415154953e-07 0.0019376242019161804 0.0033742355432104013 1.7246815889591155e-05 0.0002594592221110636 0.0008468449192337199 6.862156465742731e-07 2.5195023469942642e-06 4.688326233301708e-05 0.0017806369569708554 2.2115071883602615e-06 0.0001514526286675525 0.0007410764444367543 0.0008789141505184675 0.00020234418432613232 5.452077194357523e-06 2.3830409241826594e-06 2.9871283456212715e-06 7.813877548632906e-07 0.0 2.320820715090559e-05 3.946152359546258e-05 0.0 0.0 1.4737616354500193e-07 1.8973093119816653e-06 3.0017675500846224e-07 1.0893594228218629e-07 0.0 0.0 1.1664221425412761e-07 4.666741691915403e-07 4.4421973209896757e-08 0.0 5.893617348864778e-07 2.7048362996054286e-06 1.7453300861051405e-07 3.742074415075236e-06 0.0 4.510783400280193e-07 2.918093911121564e-06 2.894076278951968e-06 6.177751351958326e-07 1.8895005805070573e-06 4.7734582310202614e-05 0.00017978439299895692 1.8096650795744093e-06 7.349374499812587e-08 1.8973938065862692e-06 5.350384868746583e-07 0.0 0.0 7.001686996720832e-07 1.7269956955535202e-06 6.207235704240518e-06 1.6665599574977575e-05 3.3106265215806035e-06 1.361568871813866e-06 0.0 0.0 0.0 0.0
1.3240676245960372e-06 8.972728029424336e-07 1.2895744640669022e-05 4.50140965764959e-08 1.1183811096006732e-05 1.1402108102212674e-05 2.04477716914994e-06 1.7850165966642583e-05 1.8120619691700002e-07 3.2033349755514365e-06 0.001431110692186228 7.056287158005755e-06 8.512843448998737e-06 1.0284850029321672e-05 3.4717873162838184e-07 2.611221032157568e-07 0.0001525800013984031 0.0 0.0012265863183169709 2.0174505880382483e-06 4.8046001365374985e-06 2.4382512635159176e-07 1.0016501233658263e-05 5.917589468870996e-07 5.894078796166874e-07 0.004885047892431292 0.00013041451051417472 9.635247759158204e-07 1.2031352665795208e-05 5.438972731706932e-06 1.4767629446952312e-05 2.9679350088912112e-05 8.060583796531408e-07 0.0005920020249030485 1.2989146410689079e-06 0.0002629871656459069 0.00037186780228338405 0.0006592237595858398 0.0002642711636386994 6.442564894834269e-06 5.82171044878108e-06 7.066320692329795e-06 5.534101784640529e-07 0.0 3.577542904339476e-06 2.9934177903192295e-07 0.0 0.0 0.0 3.1896625495061964e-07 0.0 0.0 0.0 9.613401553440558e-07 0.0 8.425988737539711e-06 0.0 0.0 0.0 1.202813712452845e-07 2.2141975195881398e-07 2.017919940385223e-06 0.0 2.1638671966702664e-07 0.0 0.0 8.057226988807042e-08 8.786681512721539e-07 1.820719970999146e-05 3.419793825386072e-05 2.625660533231153e-07 0.0 0.0 4.714613945822229e-06 0.0 0.0 2.0114209160927488e-07 6.043054447800815e-07 4.901327416507449e-06 5.931876500932407e-07 3.341561557746124e-07 1.7629025070549203e-07 0.0 0.0 0.0 0.0
2.0213190525469636e-06 7.514778381427419e-06 5.904024850987077e-05 0.0 7.390070352375535e-06 1.1898998283134254e-05 2.555896736929586e-06 1.5941081765872094e-05 1.542929431362462e-07 2.870573845940983e-06 0.0013598980935040441 6.1646809948627335e-06 8.535064852551049e-06 1.2183281167973866e-05 0.0 8.474126649111084e-07 0.002690119544403168 0.0012265863183169709 0.0 2.2249188948433316e-06 1.849350035651548e-05 4.543012762051111e-07 4.086637318789242e-05 1.1248820295531084e-06 1.6231578828118678e-06 0.0027854314947153964 0.0004359554147477545 2.6106779388421537e-06 2.3125953624482975e-05 1.9207021285064017e-05 4.7493778845423955e-06 2.3926885082601974e-05 4.348046465325795e-06 0.0021322529831722162 2.5639843650803947e-06 0.0003804276576872344 0.0002965886895466638 0.0014416629959862796 0.00045897599702568166 6.962329243388137e-06 5.4302075510184375e-06 2.5296124014997396e-06 1.2049350028819201e-06 0.0 2.4255314419025427e-05 1.5037009583661573e-06 0.0 0.0 0.0 8.170796242358603e-07 5.3754407185756734e-08 0.0 1.5262845166331447e-07 7.969544573849521e-07 0.0 3.1604358559789126e-06 0.0 0.0 6.265118218093004e-08 8.841863329412236e-06 7.126888256497377e-07 1.4743046389817547e-05 0.0 0.0 0.0 7.572907294345187e-08 2.0307276720559936e-07 5.783634390122501e-06 0.00014479775415034471 0.00020745884711090352 4.85061042384931e-07 0.0 0.0 3.1782378578783655e-06 0.0 0.0 2.747240613157827e-07 1.5007658319359997e-06 1.0496543878491173e-05 1.0482553116247952e-05 4.840234487220091e-06 1.9398643845752483e-06 2.0361105301308223e-07 0.0 9.423806010317639e-08 0.0
5.1898880121103745e-06 0.0 1.364292080192763e-06 0.003522724577214145 7.701166949462823e-06 0.0005677716956781772 0.0002778385463212457 0.00015549923931684506 0.0005854343217806616 0.005183050661720345 6.09097934351139e-06 0.0033470405739417734 6.198848594464435e-06 9.518968957406479e-05 0.00010625526575455843 3.3657141837589926e-07 2.5411527467500533e-07 2.0174505880382483e-06 2.2249188948433316e-06 0.0 8.253083311147683e-07 1.0893366504158693e-07 2.006380978619789e-06 0.0007504465307902513 0.0 5.311827190025541e-06 2.529314780845277e-06 0.0024365102220207254 0.00017043865140854705 3.541932856466506e-06 9.143458511476607e-08 1.3036574227220004e-05 2.3585121984172535e-06 0.00011508072329174749 5.4146702526518275e-06 0.0006196922119887288 8.36429954667434e-06 0.00021830673564294313 0.0001000214662427801 0.00035144961226151334 5.225057506975907e-05 1.7708433021599861e-06 2.6122262159527127e-05 7.141113827549063e-07 5.509316591794507e-07 8.549051823474344e-07 0.0001640256464516099 0.0 1.3049270459804007e-05 0.0002742252730058486 1.724613820237795e-06 7.665319685762558e-05 0.0002958336726338056 6.223953788587593e-07 0.00017660256428770693 5.321885488320835e-07 2.579515737724155e-06 5.0393590897608584e-05 6.339599575403973e-07 7.050059382452412e-08 0.0 0.0 0.0001669287954897311 1.3479345711838224e-06 1.0988936252121185e-06 3.8748094397267007e-07 0.00029497993094999923 0.0 2.716276221810171e-07 4.824003969063714e-07 0.0002914150595265157 4.634897220535466e-06 1.2877525793550824e-05 0.0 0.0 6.714789574403184e-08 1.3627694999875048e-06 2.306462624144079e-06 9.065224073112156e-05 7.391570870282086e-07 1.0734192152960028e-05 1.7587762042239342e-06 0.0001560220713329455 2.614826352944766e-06 2.662758325241718e-06 3.557601577734588e-07
3.270614886361118e-05 3.337502764080003e-06 0.00016353459674393458 3.7031162031975914e-06 3.752956662278791e-07 3.356856779723515e-05 0.00033040415053774255 0.00010997984797040156 2.5037362985851244e-05 1.2532070688191586e-05 4.6330137670735055e-06 7.497201328455989e-07 7.730528661319838e-06 9.168986729159981e-05 0.0 0.0012999034363102952 0.0004782349327075271 4.8046001365374985e-06 1.849350035651548e-05 8.253083311147683e-07 0.0 5.4541325786685205e-05 0.0067828726298101135 0.00015291323352503426 2.46387613373843e-06 2.2565834617672732e-05 0.0001948862544566498 0.0030281097586255215 7.019436551075773e-05 0.004458651428332898 0.0 8.538848275590932e-07 9.519369771341135e-06 0.002232295143100268 8.866545295921353e-05 0.0042911097857137636 0.0007460937815496554 0.002550850056669644 0.0015246441830997876 0.00026140136087540375 1.369852629555887e-05 8.670480858684488e-06 3.757306273445111e-05 3.7554507794371767e-06 1.031624166447059e-06 2.9252860164472095e-06 2.660144159141628e-07 0.0 4.4182367096187436e-07 1.8927051591865434e-05 2.3858860832848368e-06 2.124923202038277e-05 1.8643186009325115e-06 2.1506226265877455e-06 6.364461900592881e-07 1.8273401110266802e-06 2.4492084270379e-06 6.937805296563132e-08 0.0003233766624213552 2.1607146060060979e-07 0.0 0.0 3.1858994298211225e-07 0.0003216671767552563 0.00011410823909223355 4.860496634174128e-05 0.00010974623899429713 0.0 8.974738490063163e-07 4.780007195035837e-06 0.0002773102187154986 9.796070363227034e-06 0.00012901833817972465 0.0 0.0 2.3539676832069467e-06 8.746609097623971e-07 1.2171720605071349e-05 0.00017310744893504754 3.7032019751790916e-06 7.173243627381515e-06 4.965050334227879e-06 5.7146190224114675e-06 2.559030432210287e-07 2.0455506473870675e-06 8.827378414121105e-07
1.253474072014573e-07 0.001381989042500437 3.029530084014498e-06 7.957900528449328e-07 0.0 7.691298992568164e-07 1.4321427168776699e-06 6.894822951600746e-07 0.0016299395350025355 3.42535078911552e-07 4.294484805335178e-05 2.4341708327992417e-05 9.197228365944433e-05 1.462221331010469e-07 3.536475702396853e-05 0.0011914041782404706 1.859162809864328e-06 2.4382512635159176e-07 4.543012762051111e-07 1.0893366504158693e-07 5.4541325786685205e-05 0.0 0.00011846669806471367 0.0040396521996265075 0.0003357840819911045 3.680462805471147e-06 0.001704855416746804 8.655870495595764e-05 6.664370610507137e-07 1.346363185386579e-06 2.4743025859306213e-06 4.639825075327743e-08 0.0 7.397956216193027e-06 1.5570927088648504e-06 0.00015663890484547777 3.280364894435958e-05 5.3212910995487574e-05 2.5758680867888057e-05 0.00011686524114211242 3.697588699533939e-07 6.4856736348120686e-06 7.680084766128417e-07 2.3823958978234264e-07 7.380755079325698e-06 1.1613765850180845e-05 0.0 0.0 1.6420909346143886e-07 6.227245935738385e-06 1.8649767275468052e-06 6.994270950493025e-06 0.0 2.1951168144435308e-06 8.285335486135361e-07 1.040615743213249e-05 3.6980726335666866e-07 0.0 0.0005976145049342052 8.127355470090614e-07 2.872611278413363e-07 6.601351976374441e-08 0.0 0.0001084343620222234 0.00019841249729679185 0.00024576571538432573 3.6456099841730916e-05 1.770112381386963e-06 3.95205602825967e-06 0.0006173545745815083 7.036443956392349e-05 9.228095015105567e-07 1.856871488327254e-05 1.0303488994681843e-06 0.0 0.0 6.232377579077844e-07 1.2801611688687062e-07 2.23270570359204e-05 6.307420451682838e-06 3.3304168401986487e-06 3.2597752411053993e-06 1.1413053377559271e-06 1.64424231481934e-07 1.527492841716767e-07 3.283571666693978e-07
0.00012200292016086444 1.2119383433267212e-05 0.00359545179209332 7.910489485142176e-06 1.2729071495338617e-06 7.569921778049207e-05 0.0003212673833712811 0.00040239696679960805 1.821044581035788e-05 1.6543040555025288e-05 8.898195340335125e-06 2.8924074697002658e-06 7.462169871100466e-06 0.00035679228818518295 9.196259722066325e-07 0.0017763422583558896 0.002784281807279426 1.0016501233658263e-05 4.086637318789242e-05 2.006380978619789e-06 0.0067828726298101135 0.00011846669806471367 0.0 0.00039063944869189107 6.187576951361619e-08 0.0006047938232192368 0.008777705868183557 0.0014886769247687821 0.00030638697127375583 0.002382553473045671 0.0 4.2654905148218585e-06 1.729840128224108e-05 0.0016882928490495313 7.40264259696295e-05 0.004571195819800326 0.003457070247352895 0.0033443072303281298 0.0019279948522428231 0.00033130110951407635 2.2177000658135775e-05 1.0509635220481318e-05 3.805956974707619e-05 3.664623234023043e-07 6.01203544348954e-06 2.277885961599947e-05 4.4650974646728915e-07 0.0 2.865213348083437e-07 1.6994559622730813e-05 5.494142170493081e-07 5.956376010272273e-06 1.12146154479456e-06 6.797383458511728e-07 7.66109217142205e-07 7.765491083187942e-07 9.021284308455929e-07 0.0 0.0007895943516948953 3.231756607391775e-07 5.679204617257304e-08 1.8757591638662406e-07 7.503272786542166e-07 0.00023288865137680633 0.00013403617892601428 0.0004590872146202067 3.431181164962673e-05 3.525735227704376e-07 7.311927445207518e-06 0.0002637870866417666 8.485052312437202e-05 3.97755871513755e-06 3.61413627204919e-05 0.0 1.3413066297707505e-07 8.318771703802416e-07 1.5640274982459964e-06 2.3476634605234437e-05 0.00016077443659801957 1.0491338269724069e-05 6.042796768640521e-06 5.81815086053538e-06 7.010550931294676e-06 7.698305466055273e-07 7.434755514198788e-08 0.0
