0.0 6.58128091126418e-08 3.1005324385979373e-05 6.351809983371084e-06 1.4594756771877042e-07 2.0440957057279213e-05 0.001789474097476682 0.0008763331452074001 5.4416649650553085e-06 6.270635584975028e-05 4.610428779277258e-06 1.3738189468368266e-05 2.996074519762693e-07 0.0042982331429487295 4.8101559054709704e-08 3.8571434006710936e-07 0.00013413682525066102 3.508930288659426e-06 2.5449308686401642e-05 1.2289520008690934e-05 7.78122610902989e-06 2.7007071941407576e-07 4.903660701588149e-05 2.682321229075217e-05 6.680930572063225e-08 3.053265458771132e-05 6.133917236888033e-06 4.247690325733014e-05 0.002799317862171028 0.0020115440976947612 4.9306828839392615e-08 1.8838243975739258e-06 7.928608752318221e-05 0.00010603761935827349 7.373742630318285e-07 5.710174246625107e-05 3.2568368497185885e-06 7.260133324516733e-05 1.868819850662167e-05 7.761397848708131e-06 8.681148008727086e-07 4.5120713736230216e-07 2.0190429925352734e-07 5.052554353353063e-07 1.3610533782331387e-07 6.226478010234483e-07 1.5572432622510868e-07 0.0 4.668298433063188e-07 7.391604262806868e-06 1.1190389702248192e-06 3.212948061705585e-06 9.994902048896836e-07 0.0 7.873471068314739e-08 0.0 1.6013153648639203e-06 0.0 1.4048498609578131e-06 4.64780628121843e-08 4.718336136157939e-08 7.389425612409037e-08 4.8234912425412504e-08 2.9796886346015815e-06 8.988754229682913e-07 6.351959511892806e-07 1.3674703681997596e-05 0.0 7.615528984188537e-07 1.2758947635658871e-06 2.1082134069991748e-05 1.263657689400603e-06 3.7665261996167058e-06 0.0 0.0 6.704509793608186e-08 6.587684963754841e-07 0.0 5.111967553324169e-06 1.8390100478478591e-07 2.2558542953959534e-06 2.9483755447633007e-07 2.8227518861599106e-06 0.0 1.3434257507966262e-07 0.0
6.58128091126418e-08 0.0 6.667820367326693e-05 1.0026456137528023e-06 0.0 5.910769440390215e-07 7.540186407838412e-07 1.1417463772006591e-06 0.00029229173303961823 9.477141888065316e-08 7.639437151100839e-05 8.149694141116432e-06 0.00035357289324638026 3.690248978380647e-07 1.2764922156844256e-05 4.2029594134888206e-05 4.921759671262807e-05 7.561070749475359e-06 2.5920844251795612e-05 9.045785257997248e-08 2.615762109603044e-06 0.0010163630133195943 8.173018621980082e-06 0.0006682476413298681 0.0005696130187812996 0.0006302460601264803 0.004152861756477049 1.8739856433900833e-05 1.034842639132983e-06 6.296885144102977e-07 3.072073177769635e-05 0.0 4.960973225137488e-08 6.66605268251595e-05 1.80718381919632e-06 6.006278478651104e-05 4.8210856613112164e-05 4.525414087559652e-05 2.7438006646005226e-05 1.4698644760531966e-05 0.0 8.45878109683241e-05 0.0 2.5988810857266516e-07 6.181790528705282e-05 9.560967897368126e-05 0.0 0.0 0.0 1.983661332692088e-06 4.5683950177342954e-07 3.757836372719428e-06 1.220600245963136e-07 1.6916499560676688e-06 8.096153854724744e-07 7.263015246752677e-06 5.945688383608958e-07 0.0 1.797861506110714e-05 2.330792122691574e-05 2.9163461046781895e-06 3.103510076846064e-05 0.0 2.1870302217816223e-06 1.4877485289408942e-05 6.457827979841688e-06 8.521918673499149e-06 1.2393352670848232e-05 0.000303683692051891 0.0008799795503413374 3.7117894507930645e-06 3.211207768857541e-07 1.8229289855046438e-06 2.587591623772289e-06 0.0 5.238038032999484e-07 1.2065390485186927e-05 4.1441557563821663e-07 2.124932252410936e-05 1.8075095771407646e-05 2.4258658211772874e-05 5.311343779622984e-06 9.222634180315672e-07 0.0 9.160862446096056e-07 0.0
3.1005324385979373e-05 6.667820367326693e-05 0.0 1.3909118871060127e-05 0.0 1.0723720760321466e-05 0.0007815999715361819 0.00011573152400304394 2.2713014493768518e-05 3.8408139815604104e-05 1.1043036955596143e-05 1.3346831666852291e-06 6.734232096449995e-07 0.0001059442187654943 6.356666137008036e-07 6.9995422471302755e-06 0.001931131926241093 1.5022864883003383e-05 0.0002202441162996139 1.8447316381854658e-06 0.00021559982839900761 6.9383670098602725e-06 0.005409092537747616 0.00012918758338534926 1.113679645083269e-06 0.004756415684279418 0.003513472671978899 0.0003840373854567742 4.6928309252881585e-05 0.0003324740939005379 1.7190664100862838e-07 2.7221206986076575e-07 7.158369931557349e-06 0.0001327578206512905 9.825076792013529e-06 0.00028089314996106277 0.001515884149382878 0.0003901926359949218 0.0002050594686065264 4.842302863827997e-06 1.6085028712412262e-06 1.988740530364269e-06 6.939273691117919e-07 8.348536311611555e-07 0.00011805854874376804 0.0012347046523178361 0.0 0.0 3.673167663741492e-07 4.064726265342896e-05 2.9691288416063443e-06 3.7971375614539934e-06 6.188983209166168e-07 4.994837741961884e-07 7.001164556968358e-08 9.330338355989644e-07 3.8500924630472315e-06 0.0 5.526487650438119e-05 6.886999236301526e-05 1.2041687635765007e-06 2.4910772154294175e-05 5.19758156593623e-08 1.145282175665794e-05 9.573828389284465e-05 0.00013710463718333597 3.533985510304015e-05 1.2829702756308169e-06 0.00026752294656875715 0.0015704534388667963 2.633586374130038e-05 2.131565511816716e-06 9.146186532459255e-06 5.873749049964658e-07 4.5945242531594446e-08 2.0357983104377524e-07 2.085167145911888e-05 3.862085160567467e-06 5.403796071018745e-05 0.00022132129365406904 6.0128923633922306e-05 1.1976147522091358e-05 1.5979246096316068e-06 1.5367061479449658e-07 0.0 2.0895095599766447e-07
6.351809983371084e-06 1.0026456137528023e-06 1.3909118871060127e-05 0.0 2.800907739550459e-07 7.307132528326791e-05 0.0002528123240881164 5.149112105130854e-05 0.0003071005074247946 0.004643959624983155 1.5379979232382972e-06 0.0018931993963039922 5.375101297951329e-08 4.2953735011501844e-05 2.8102857584808444e-05 5.195842085435178e-07 5.823741566177968e-06 5.32608344927433e-07 9.61907625006039e-07 0.0029739780306562696 7.924653122726559e-07 2.4330424122558848e-06 7.332505954977989e-06 0.0013221854924666914 4.494509602968154e-08 5.373086862553143e-06 1.1820231871147249e-05 0.0030954154799129117 7.86897688062788e-05 7.868966332207742e-06 0.0 1.0021800482463531e-06 1.215571202216345e-05 3.120690477037154e-05 1.65088176690463e-06 0.000152852824840599 3.613939433291062e-06 7.344739347133307e-05 2.2999942682774605e-05 5.590240454886897e-05 8.463431911820184e-06 3.972739168418819e-07 1.795525200320731e-06 1.3104934607089776e-06 3.362629285767474e-07 1.5653447987925418e-06 0.00010339253555758107 0.0 8.484800246016026e-06 9.267069731884151e-05 7.151070340187071e-06 5.961927377164467e-05 0.00017666834230148563 3.2570515700309265e-07 6.148833511908732e-05 0.0 4.834983379402336e-06 4.563230293148213e-06 4.955811459005796e-07 4.9325437253024144e-08 2.6314164517394134e-07 1.7022220740670209e-07 6.015079458798248e-05 3.551379847175974e-07 5.232300634011599e-07 1.396117172366274e-06 0.00020482315833284125 9.8363583269726e-08 4.4017467932574995e-07 2.829095926988902e-06 0.00021910954596903045 5.2273105489151535e-06 3.5131333568775373e-06 5.521301464022367e-08 2.596105126032218e-07 3.372499755111353e-07 2.302388810656476e-06 5.936130384479764e-07 5.572331821890597e-05 1.1604523744867826e-06 9.15131261577707e-06 1.5863100993084511e-06 9.437003479030537e-05 1.3300583921414672e-06 3.662892796730408e-07 6.747339749661302e-08
1.4594756771877042e-07 0.0 0.0 2.800907739550459e-07 0.0 9.96505779539123e-05 1.1323104568216052e-06 1.929758088153472e-05 9.52993755075652e-06 1.5168943499294414e-06 3.3542025194960372e-06 7.006573473059943e-06 1.5554320685133387e-07 3.2482268897547815e-05 0.0005227873330253034 0.0 8.914845124611497e-08 4.498130252398926e-07 0.0 4.24510842175481e-07 0.0 1.006353815297416e-07 9.255383628098253e-08 2.0539179405523246e-06 0.0 2.82627072395338e-07 7.118592903960667e-08 5.161276229780671e-07 3.194658271344901e-05 2.9836869460376584e-07 0.0 0.0002626081407611641 0.0 4.5760714432716175e-05 1.3331431759350229e-07 8.187849554092922e-06 1.1610002968646896e-06 8.911109033872257e-05 1.7135699381025008e-05 0.0010508444552627307 5.096829881254535e-05 5.080011303813769e-06 0.0 0.0 0.0 0.0 0.0 0.0 0.0 0.0 0.0 0.0 0.0 1.56839493504234e-07 0.0 0.0 0.0 0.0 0.0 0.0 0.0 0.0 0.0 0.0 0.0 0.0 4.440112959270326e-08 0.0 0.0 0.0 2.6475677613163824e-07 0.0 0.0 0.0 0.0 0.0 0.0 0.0 6.352707626796165e-08 5.494146328806512e-07 7.597111528775268e-07 1.7375447726320905e-07 0.0 3.35787127498211e-07 4.156119398328631e-07 0.0
2.0440957057279213e-05 5.910769440390215e-07 1.0723720760321466e-05 7.307132528326791e-05 9.96505779539123e-05 0.0 0.0010979715732703085 0.0036632969466468936 8.22203371094433e-05 0.0024835831051086515 3.042055517652638e-05 0.0018815087534707151 2.2002257747157172e-06 0.00033990808278699903 0.0005586497310595412 4.58582836199742e-08 8.525180669844207e-06 6.815393045780404e-06 4.085317652740406e-06 0.0002304866366358885 1.1312461273506854e-06 6.286665630038025e-07 5.473972609425517e-06 0.00010348912896119021 7.763385242397412e-07 1.772543736941313e-05 4.174238639272318e-06 0.00033203058030127457 0.00024834481201371284 1.6682528260680202e-05 1.7506572999253448e-07 0.000197798083385019 7.5832113573962345e-06 0.00018097769360944998 3.2363294295287575e-06 0.00022625208289878875 1.3965062106299759e-05 0.0002706288945858255 7.931732488716753e-05 0.0011271708930550971 0.0001933726581429762 1.7375513054132414e-05 1.6067565594687329e-06 1.7026276052416548e-07 0.0 3.995289580837339e-07 9.076010369621278e-06 0.0 1.7953586805226458e-06 2.2945172665507914e-05 1.1319610229296483e-06 9.247768483373082e-06 2.2394667617372036e-05 1.3196917072502497e-06 9.484671022246748e-06 2.9928676383272083e-07 1.4802354576932431e-06 1.8938431296895616e-07 2.73489268248556e-07 6.758265249936825e-08 0.0 0.0 7.36797229916122e-06 1.3830674905032605e-07 3.3156351634712213e-07 1.7977940930233696e-07 3.2390705300913816e-05 0.0 3.0499856066613764e-07 8.408234634041437e-07 4.328825630591342e-05 1.4390019675088213e-06 3.445993418374843e-06 4.466457938942858e-08 5.466500158172269e-08 3.655145953555382e-07 4.87753782136132e-07 6.211521568622355e-07 1.5565937300002005e-05 1.6541661235729094e-06 5.860045595021628e-06 2.2090873997773423e-06 3.588307919844625e-05 7.026688537209827e-07 1.7027049671237068e-06 6.019060470643938e-08
0.001789474097476682 7.540186407838412e-07 0.0007815999715361819 0.0002528123240881164 1.1323104568216052e-06 0.0010979715732703085 0.0 0.0016857298145573731 0.00010041347372991775 0.00661236354120067 9.746478646305465e-06 5.946437266274683e-05 1.8611960754114302e-07 0.0025720723116870337 6.971821771305682e-06 3.690110671582478e-06 0.00033156901176872237 6.613296163614634e-06 4.249621689394391e-05 5.0922477806206416e-05 0.00011520178521529773 1.8711456295686539e-06 0.000608014663633339 0.0005561631329263009 2.867756340195308e-07 0.000185224619391223 0.00010060555892282735 0.009000603207481939 0.001184356335209938 0.0045181099632478254 1.3962614791971027e-07 8.44490627445786e-06 0.00012787364887757252 0.00025503503106706545 2.187545062367368e-05 0.0008014371172262021 5.85159814526229e-05 0.000577217896917841 0.00023706891325030548 4.319516412917067e-05 4.2216329875506e-05 1.8775595435739475e-06 7.71784491516808e-06 9.52553770187032e-06 1.0466149714738826e-06 2.3072538234096614e-05 1.652521026457139e-05 3.9136714539554566e-07 8.186673623258869e-06 0.00021573839374266452 2.127051500218426e-05 4.729301411586991e-05 4.7520330877125644e-05 2.3086905829934277e-06 4.0608255496521565e-06 1.1355584581282677e-06 1.8589424589884164e-05 9.990736598011946e-07 6.900856645734952e-06 1.6553081474213935e-06 2.6489201868138994e-07 1.9833473171289397e-06 1.1570171139744358e-05 4.648751324145845e-06 3.7539875973617866e-06 7.446620795269292e-06 0.00020557647420657566 0.0 4.784633047401859e-06 2.7331788354993492e-05 0.00029253627727373943 1.9913962192529134e-05 4.66507363767629e-05 2.7170007589001085e-07 6.335135238955038e-07 2.0191860713997196e-06 1.0702381511926263e-05 5.358069064183862e-06 8.233322400980134e-05 5.815225774233035e-06 3.5402432050710696e-05 6.610448165744709e-06 5.074834055481938e-05 4.258423446371956e-06 1.2601983078501598e-07 1.0582846760521308e-06
0.0008763331452074001 1.1417463772006591e-06 0.00011573152400304394 5.149112105130854e-05 1.929758088153472e-05 0.0036632969466468936 0.0016857298145573731 0.0 4.780631539852667e-05 0.0013729281622614246 2.6029402442193707e-05 0.0005274823478846455 1.4679425242818414e-06 0.004691441584805073 0.00012662462260975294 8.586986186363572e-07 0.00030303155719615764 9.671603301717707e-06 5.2860037170072994e-05 0.00020447639838491068 1.0662389253938895e-05 1.7835461615650176e-06 0.00010593931393149162 0.00029131088875989925 3.4775341051698593e-07 8.642973778393762e-05 1.59854435973046e-05 0.0002332226121466862 0.0006860055781576675 0.0007225736562969037 2.602593889311428e-07 7.444967794961885e-05 1.759822192632673e-05 0.0001734661809420708 4.122279686425147e-06 0.00040069016935277967 1.7800482815682453e-05 0.00026379934473502736 0.00011662659109797806 0.0006319772051161663 0.00012134953698970627 2.063246901281168e-05 8.089579900805506e-06 6.083075979041557e-06 6.981682775862525e-07 1.592864160172307e-06 6.146793322088246e-06 0.0 6.927890816816307e-06 0.00012163075614008036 1.1560892089236808e-05 2.5511261596670405e-05 2.65217782217804e-05 1.1380394111791435e-06 2.6310319433492353e-06 5.331611111604206e-07 1.2660233866603924e-05 3.249470785694298e-07 2.4833884709333538e-06 2.937250660530961e-07 6.481321349533954e-07 3.148061996932091e-07 7.86216053445726e-06 3.7894936634236993e-06 1.2761784200217192e-06 6.938290826825949e-07 0.00010946215105655378 3.366602078172958e-07 2.076767224874736e-06 2.9136148202899037e-06 0.00017936837530052084 1.5973759546300653e-05 2.8381205821570736e-05 5.386907155663631e-08 4.2984484098270155e-07 1.0345347218398044e-06 7.246046383607226e-06 1.440958582693037e-06 4.0135749883026294e-05 2.759866492226052e-06 2.405290285503341e-05 4.538395232273787e-06 2.879772392880455e-05 2.237121679577031e-06 2.313031950452992e-06 2.3143205065852243e-07
5.4416649650553085e-06 0.00029229173303961823 2.2713014493768518e-05 0.0003071005074247946 9.52993755075652e-06 8.22203371094433e-05 0.00010041347372991775 4.780631539852667e-05 0.0 8.464055211308634e-05 4.805722024913383e-06 0.0003745970989620147 1.5359782506579522e-05 2.7039391283574457e-05 0.0005114365502724252 0.00010893041668363794 1.3386345399564934e-05 1.4626284600919447e-06 3.0616088601051706e-06 0.00023265100923811896 2.9654440813732055e-05 0.0012217154740209297 2.700633310237335e-05 0.002435602345810973 2.5352134858978254e-05 3.954481148004364e-05 0.0004620546926228737 0.0004785134691316276 2.7562366338030882e-05 4.85536950598484e-05 2.6670807100981635e-06 4.949219168714707e-07 3.377416997242031e-06 1.7306672132819328e-05 9.484277430683703e-07 0.00016965512646733305 2.371525985471295e-05 3.506859431417602e-05 1.270331914142714e-05 0.00023232774621153725 2.5014277240361116e-06 1.5245901248164177e-06 9.639887030843533e-07 5.738816862103837e-06 1.4541947567550405e-06 4.381862299632175e-06 4.5872311609429324e-05 2.2156129415942768e-07 7.699951419785663e-06 9.532464680633054e-05 1.0529192632200142e-05 6.272641347530037e-05 7.967630748727047e-05 1.1395273701599861e-06 4.134793585774822e-05 7.036855947716612e-07 1.0812194566837433e-05 2.8123678397132334e-06 0.00012758172895043832 1.079676742115184e-06 3.207491035780343e-07 6.804481408300747e-07 4.091670432156006e-05 4.2865545084364835e-05 1.2180100416878631e-05 4.4658914633153474e-05 0.0006767353202389079 7.149012389438676e-07 3.922406647598414e-06 1.2604699415705248e-05 0.00040093497516263194 1.6784722796792417e-05 2.739553667679823e-05 2.640545871709576e-07 2.2543711122597467e-07 1.6141047518592208e-06 4.708313614349132e-06 1.7348183056503793e-06 3.4563208015408e-05 3.491817878133126e-06 1.5183976736034883e-05 5.309370883493724e-06 3.867010228055603e-05 1.0675570199740585e-06 5.594821058157482e-07 9.076367137306301e-07
6.270635584975028e-05 9.477141888065316e-08 3.8408139815604104e-05 0.004643959624983155 1.5168943499294414e-06 0.0024835831051086515 0.00661236354120067 0.0013729281622614246 8.464055211308634e-05 0.0 2.1798298160897705e-05 0.0021662717938678287 8.490234715143423e-07 0.0006044659284800295 2.4734318538913377e-05 4.735088129105293e-07 2.551887912553954e-05 8.246342568954535e-06 6.188846632856007e-06 0.003126078024263682 2.7679204743524883e-06 6.810858898933979e-07 2.4223319670552302e-05 0.0003017130926996175 9.60833789186145e-07 2.4892715849461324e-05 8.822218252668482e-06 0.004602225210270473 0.0005049509429083776 3.950020467552789e-05 3.2205630212912085e-07 1.4132475750560002e-05 2.9521313343503204e-05 0.00020565826702584415 8.348312757497984e-06 0.0004551792281304662 2.0738536418871128e-05 0.00040155665610448835 9.095292721429993e-05 0.00010646089624914802 3.261723949997542e-05 4.751928460064972e-06 5.888456614907243e-06 1.756078231195679e-06 1.1969949915308803e-07 1.205293864159065e-06 6.483860401263793e-05 0.0 8.204757785925973e-06 8.876187253484418e-05 9.263283831050108e-06 2.360305378425727e-05 0.00010125775312900975 1.2438676169441405e-06 6.389940847599342e-05 0.0 4.676698418332427e-06 1.1647896726546754e-06 3.775403195039073e-07 1.1961537778839923e-07 2.862870356421173e-07 1.6046514170276935e-07 3.7998765419798884e-05 3.7253821922871136e-07 3.694415487205804e-07 1.4311338768224379e-06 0.0001289842846717047 0.0 4.5160453751030976e-07 1.3163840494475812e-06 0.0001641099362284435 4.273707448961015e-06 4.616902357335273e-06 6.588688004479053e-08 2.5465232818419626e-07 4.970665091494085e-08 3.5303927833174217e-06 8.195746008913545e-07 5.0420824797280755e-05 1.4634178988978189e-06 9.213233032166192e-06 1.687219022629397e-06 6.684097778093836e-05 6.568345551182131e-07 5.360801421625847e-07 9.372399113901217e-07
4.610428779277258e-06 7.639437151100839e-05 1.1043036955596143e-05 1.5379979232382972e-06 3.3542025194960372e-06 3.042055517652638e-05 9.746478646305465e-06 2.6029402442193707e-05 4.805722024913383e-06 2.1798298160897705e-05 0.0 2.921484051284761e-05 0.0014257527700963315 3.879940594281755e-05 2.0628792802625078e-06 1.299328835706165e-07 0.0004867796430175956 0.002375961010504886 0.0007927653977096021 1.014747441589977e-05 4.210126874920746e-06 1.320718679338985e-05 2.7206762277728494e-05 8.920608341120265e-06 0.0011077006738043893 0.002036800037234161 0.0005698057508102237 5.739699849277855e-06 0.00021841459171775482 7.283835881493741e-06 0.00018135411654755695 3.2909396743892553e-05 5.742006620020421e-07 0.0035604313040819716 4.951560262062236e-06 0.00023291096502464184 0.0019908919100393527 0.0017451637728467606 0.0004528856356964054 4.55255225794765e-05 1.8010719698075114e-05 0.0007579795775857505 2.587934479542797e-06 0.0 5.140998563990048e-06 1.0309209187939062e-06 0.0 0.0 0.0 1.715873780617544e-06 5.330469594055708e-07 8.414137411763264e-07 5.203130349287874e-07 0.00015581660930802675 1.3694958171339643e-07 0.0007202934716612645 1.8036070969567932e-07 0.0 2.2951450747539588e-07 3.1143879471394036e-07 2.2848900928637078e-05 1.970860119435941e-06 0.0 0.0 2.3656592495073627e-07 1.485088751113116e-07 1.8632841132253602e-06 0.00014076863576946075 6.893712304076228e-05 5.900204863237955e-05 3.80337608029803e-06 4.547462989439795e-07 5.505861128088656e-07 0.00011340444022169623 2.7077197512030626e-07 1.2775322435117323e-07 3.1647221228806546e-06 1.9458648372863794e-06 5.3026968370901145e-06 0.0001665057941486249 8.881354873048475e-06 1.7192029523912211e-06 4.1704407357281057e-07 1.2828246501530126e-06 9.933926210319247e-05 0.0
1.3738189468368266e-05 8.149694141116432e-06 1.3346831666852291e-06 0.0018931993963039922 7.006573473059943e-06 0.0018815087534707151 5.946437266274683e-05 0.0005274823478846455 0.0003745970989620147 0.0021662717938678287 2.921484051284761e-05 0.0 1.526162246723888e-06 0.0002631659991402575 0.0004115625052205287 2.5224885792283137e-07 2.4512706134903962e-06 8.016762971704193e-06 4.064644834924845e-06 0.0027204990041432018 2.7310155581071107e-07 2.2840216043832196e-05 1.1650381148130365e-06 0.0005771109175597146 3.660365241410754e-06 1.6143887627250423e-05 1.6189837860993067e-05 0.00030031197896227067 0.00021686889504984007 5.3583146385684285e-06 3.50700223786243e-07 2.407947649338131e-05 1.4482022808119725e-06 0.0001520299012693375 7.951778975667159e-07 0.00022275451556870543 9.544869024978344e-06 0.0002537304545378077 3.6526910549284405e-05 0.0007140411499574616 3.2843670421396774e-05 1.1275941424848652e-05 1.4340897014757583e-06 0.0 3.745216720904954e-07 1.5464407853152298e-07 2.1715924362396266e-05 0.0 5.063023458197237e-06 1.207128789008354e-05 2.559050084284542e-06 4.1679559797598046e-05 5.006700016605958e-05 2.4271853526670407e-07 0.00011487344972407801 1.4716045845173654e-07 1.1307448865870764e-06 1.904686752945103e-06 0.0 1.4540356727656924e-07 0.0 1.0725932312661613e-07 3.26914096253593e-05 0.0 1.0838963784335543e-07 1.3052694725761314e-07 5.1932066084953384e-05 5.0717354149378956e-08 3.733806608419813e-07 5.987943424693916e-07 3.590796309459909e-05 8.569736734789068e-07 1.7345574969259642e-06 5.8016272971913915e-08 1.2660036795002264e-07 0.0 1.69519304336341e-07 4.5649403893583394e-07 2.654827042517621e-05 6.023762221677221e-07 2.7162164473261725e-06 1.2276250335706033e-06 8.149267672548234e-05 1.0693574945098834e-06 2.7482085610116364e-07 0.0
2.996074519762693e-07 0.00035357289324638026 6.734232096449995e-07 5.375101297951329e-08 1.5554320685133387e-07 2.2002257747157172e-06 1.8611960754114302e-07 1.4679425242818414e-06 1.5359782506579522e-05 8.490234715143423e-07 0.0014257527700963315 1.526162246723888e-06 0.0 2.1199930319490397e-06 5.660838268886497e-07 4.3965401402316063e-07 1.600314889644853e-06 2.9424618661005263e-05 8.703499486813402e-06 6.245882448350054e-07 1.1870068263322555e-07 6.737880000689072e-05 6.751487442263137e-07 2.0290482827641404e-05 0.002907018917975375 0.0004663119998591397 0.002402968819535948 9.155597644139037e-07 9.080804082112306e-06 4.6678154077639683e-07 0.0006376180549903584 1.6471279605777763e-06 0.0 0.000395071683395029 7.510265665629308e-07 4.1887006921732495e-05 0.0005941933794255171 0.0004385709623760254 4.044248133851532e-05 3.693661292924266e-06 1.2657418256819613e-05 0.00032228332479053895 4.307326436741143e-06 4.891346775619156e-08 1.17530177634751e-05 4.952422196224932e-07 0.0 0.0 1.2642434558132168e-07 3.490229955132091e-07 2.0454656930338762e-07 9.935721966063649e-08 0.0 0.00011440709169946081 3.014372881328722e-07 0.0005951627765648416 3.919176332786007e-07 0.0 0.0 2.9447319984824566e-07 2.4572669078421578e-05 1.2914906318323353e-06 0.0 1.7579085736522674e-07 2.50135316191741e-07 1.1329098064315803e-07 1.220982842504117e-07 0.0001633554670222349 8.053573766782336e-05 6.651517272792549e-05 2.988244099306544e-07 6.306816104960005e-07 5.930688830930935e-08 0.00010511477822928879 1.894781862758953e-07 0.0 4.4403361015428635e-06 0.0 6.434225071769814e-06 0.00012682309934500954 5.226386978396808e-06 2.439350471780711e-06 0.0 1.1518347633478277e-06 4.2040687243128946e-05 3.0251750559959306e-07
0.0042982331429487295 3.690248978380647e-07 0.0001059442187654943 4.2953735011501844e-05 3.2482268897547815e-05 0.00033990808278699903 0.0025720723116870337 0.004691441584805073 2.7039391283574457e-05 0.0006044659284800295 3.879940594281755e-05 0.0002631659991402575 2.1199930319490397e-06 0.0 1.9187742137566845e-05 1.6421801099681482e-07 0.0003169201434567145 1.0758707045216586e-05 5.5148625780927356e-05 0.00016693648990041056 1.1816491920059542e-05 1.6247655743716342e-06 0.0001238476951304543 0.00013868241039612626 7.42782370554779e-07 9.063545549254112e-05 1.6107472809390628e-05 0.00016000996087375233 0.002928257682489874 0.0015371849964204423 4.71031827135656e-07 0.00017847649461587807 2.5634807033634197e-05 0.0003385796447626196 5.82364344221817e-06 0.0005413869601984298 2.2788459157576092e-05 0.00036906650669679106 0.00011951385518037766 0.0002661518244405039 0.00019428958126745593 1.9542792097875836e-05 6.248897064255379e-06 2.9370377500521513e-06 2.9793669980901506e-07 1.1717521778072588e-06 3.7237746444941185e-06 0.0 1.7397145741152568e-06 4.69663359183059e-05 6.106074950576727e-06 1.1452323682158418e-05 9.44437353715717e-06 8.767700822418986e-07 1.201678587553508e-06 2.62705573530803e-07 5.476262679825294e-06 4.973017875081569e-08 2.272919098610221e-06 4.464874051228271e-08 3.85379513307559e-07 1.061795023874955e-07 2.5677698055510892e-06 5.984620577891694e-06 1.6012240986240684e-06 7.682920459324874e-07 6.358781833914585e-05 0.0 2.795047143418436e-06 2.4427678304323905e-06 9.909608664730266e-05 7.999120703130048e-06 1.5496789730924056e-05 4.8942984289651365e-08 4.6624861092342216e-07 3.746678794354468e-07 2.9578063605805653e-06 2.365757736189539e-06 3.375196327345959e-05 1.7951676656290131e-06 1.3925349291898947e-05 3.434294654444465e-06 1.3477742083451607e-05 2.219940487819919e-06 1.4249400710681297e-06 4.0772874327080464e-07
4.8101559054709704e-08 1.2764922156844256e-05 6.356666137008036e-07 2.8102857584808444e-05 0.0005227873330253034 0.0005586497310595412 6.971821771305682e-06 0.00012662462260975294 0.0005114365502724252 2.4734318538913377e-05 2.0628792802625078e-06 0.0004115625052205287 5.660838268886497e-07 1.9187742137566845e-05 0.0 0.0 9.130542218085276e-07 2.032659855067418e-07 4.9436766574375026e-08 5.5004573226042375e-05 0.0 2.8812372815845874e-05 2.521108911768912e-07 0.000481924245728588 7.555593040817887e-07 1.937316702596126e-06 2.258203613095553e-05 3.183249384181291e-05 1.573478252636191e-05 1.3957399146452856e-07 0.0 0.0001840820044223927 5.278640949222611e-08 1.4393021750623005e-05 4.999700065657611e-06 8.974723513764587e-05 1.6636878920263033e-06 1.3426705182222826e-05 3.825480400867736e-06 0.0006364548468628361 1.3766429169941013e-05 1.379550050702287e-06 0.0 0.0 2.1944661514254987e-07 2.462149296130727e-07 1.027063570341741e-06 0.0 0.0 1.725874709109823e-07 0.0 1.1088745295075006e-06 6.247341310195186e-08 0.0 3.980923734379472e-07 0.0 0.0 0.0 8.341555983943822e-08 0.0 0.0 0.0 1.7761644286896963e-07 0.0 5.716938120847638e-07 0.0 5.912818255068733e-07 5.2775440918668306e-08 1.870213051444603e-07 9.393218131505012e-08 5.495552331421852e-07 0.0 2.1715571350399192e-07 0.0 0.0 0.0 0.0 3.4630022754407574e-06 2.205963453302104e-06 0.0 3.30327725741397e-06 1.5054034788183187e-06 3.72377007268082e-06 1.7788156269997413e-07 0.0 0.0
3.8571434006710936e-07 4.2029594134888206e-05 6.9995422471302755e-06 5.195842085435178e-07 0.0 4.58582836199742e-08 3.690110671582478e-06 8.586986186363572e-07 0.00010893041668363794 4.735088129105293e-07 1.299328835706165e-07 2.5224885792283137e-07 4.3965401402316063e-07 1.6421801099681482e-07 0.0 0.0 1.3382107457101582e-05 1.1516872638044067e-07 1.6308974452800031e-06 9.094456555669523e-08 0.0014405706518396452 0.0010002842308867738 0.0007066611864607886 0.0013401253335824875 4.860419478812807e-07 1.1501958340238164e-05 0.0025171795986076496 0.0010635990622714885 3.828185799724694e-06 3.1015316261525656e-05 1.9702666187243011e-07 7.446803758481815e-08 1.1256434154939088e-06 5.067459567986104e-05 1.8341228587774912e-05 0.00041079133200652056 0.00018389917619926588 0.00017322173144272224 0.00015495935769474782 6.579785890532053e-06 3.26662037526428e-07 4.6698668295095733e-07 2.0138366795616085e-06 1.0761221194921704e-06 3.7420811522002064e-06 3.3136482979964036e-05 7.6538199986588e-08 0.0 5.3763742267944667e-08 6.0967367309813635e-06 1.107977460392853e-06 1.5932287335673256e-05 1.185181580880741e-06 5.596436003975633e-08 5.239428393212305e-08 8.535493286431046e-07 1.1814015754188376e-06 5.4938690728892994e-08 0.0010681491690460994 3.967264833835131e-06 6.494843413061429e-08 1.129427116190032e-06 0.0 0.0002089511281812214 0.00041576539174495577 0.0008208908407133168 0.00013552760095440614 4.2324373956052806e-07 5.249148022944202e-06 0.00023037178764172703 0.0001159677446729668 4.087378422143945e-06 2.935354246681989e-05 0.0 0.0 7.893550472320894e-07 3.5134640538916867e-06 2.9265734815063422e-06 2.5638437291429617e-05 7.131396180200334e-06 8.034771586101135e-06 4.593167002698637e-06 7.094168350358488e-06 1.2549562893924715e-07 3.751498505727568e-07 0.0
0.00013413682525066102 4.921759671262807e-05 0.001931131926241093 5.823741566177968e-06 8.914845124611497e-08 8.525180669844207e-06 0.00033156901176872237 0.00030303155719615764 1.3386345399564934e-05 2.551887912553954e-05 0.0004867796430175956 2.4512706134903962e-06 1.600314889644853e-06 0.0003169201434567145 9.130542218085276e-07 1.3382107457101582e-05 0.0 0.00025907741708057963 0.002167223798397368 2.129735652989964e-06 0.00030751833525830105 1.2410439758818564e-05 0.002881509509043701 7.838249525464007e-05 3.7140478963355623e-06 0.0013489647306012076 0.0024298111920619753 7.202438951785646e-05 0.0005122134590982579 0.0010766637421493889 1.2826858823951553e-06 1.2558203734409253e-06 5.3159329480535374e-05 0.001671711037819904 6.973274534880846e-06 0.0003559868835372998 0.001466307686058184 0.0007117213569223479 0.00026906080341188243 4.093896101197677e-06 7.549181847230425e-07 6.994717212050617e-06 1.0475076539147791e-06 5.396173616682e-07 4.1658008137467296e-05 9.773953036911483e-05 0.0 0.0 0.0 3.0668967969488214e-06 3.953431342919808e-08 1.427768859765487e-06 1.0195738368785521e-07 5.30252398854222e-07 7.249801678607169e-08 7.951341404015856e-07 2.8414531869469187e-07 0.0 4.9554065021415935e-06 2.2795997254022933e-05 8.533859070986593e-07 2.5806991621999577e-05 0.0 4.298228550947664e-06 2.35913801501866e-06 4.81847210942775e-06 6.918124002948482e-06 3.0730953672126905e-06 0.00024259446270344536 0.0002629309377046043 9.636967240391392e-06 1.1697642211426225e-06 3.873026881334302e-06 1.9324169353716506e-06 0.0 0.0 4.938888638932127e-06 4.66568176138944e-06 1.4146344074158625e-05 5.688559929982026e-05 1.3995345453757145e-05 2.2845223758747524e-06 7.831816937301647e-07 0.0 0.0 0.0
3.508930288659426e-06 7.561070749475359e-06 1.5022864883003383e-05 5.32608344927433e-07 4.498130252398926e-07 6.815393045780404e-06 6.613296163614634e-06 9.671603301717707e-06 1.4626284600919447e-06 8.246342568954535e-06 0.002375961010504886 8.016762971704193e-06 2.9424618661005263e-05 1.0758707045216586e-05 2.032659855067418e-07 1.1516872638044067e-07 0.00025907741708057963 0.0 0.0013284268551146208 4.073774504266642e-06 2.470216559185876e-06 2.373077481321909e-06 1.0447758167527032e-05 3.2230611280878485e-06 6.659650372604048e-05 0.001069614669058346 0.0002508338688114697 2.7917782969101476e-06 4.678537172169813e-05 8.173775804942878e-06 1.5444850149718852e-05 5.388701615053366e-06 4.1139143827048865e-07 0.0007584710037430399 5.3024095382970755e-06 0.0002823213619693361 0.00046555861766388567 0.0006178822503847012 0.00028518861060021874 8.89058308952618e-06 1.8642536512483234e-06 9.525273439726603e-06 2.3893255886549854e-06 0.0 5.177969541048408e-06 1.9087426730070966e-06 0.0 0.0 0.0 2.4605552446328577e-07 1.0087877202332586e-07 7.843105915626175e-08 0.0 7.478930888015548e-06 0.0 4.669833011315419e-05 0.0 0.0 1.6419237483712136e-07 3.3957083197269236e-07 1.5278325934733184e-05 3.821793724629206e-06 0.0 9.480449462744108e-08 2.1085154568800625e-07 0.0 4.5219397270863664e-07 2.1405102592451488e-05 9.649170028223951e-05 8.414871896995456e-05 8.303762768152944e-07 6.589430829681079e-08 1.6342622205220358e-07 1.8235668702110226e-05 1.1588860561373507e-07 0.0 4.2973368168746505e-07 2.75869788762835e-06 2.448004219136513e-06 1.1372380996386186e-05 6.772369331745677e-07 2.72639908461609e-07 1.5418723725392128e-07 1.4157231216542737e-07 1.9096753569251738e-07 0.0
2.5449308686401642e-05 2.5920844251795612e-05 0.0002202441162996139 9.61907625006039e-07 0.0 4.085317652740406e-06 4.249621689394391e-05 5.2860037170072994e-05 3.0616088601051706e-06 6.188846632856007e-06 0.0007927653977096021 4.064644834924845e-06 8.703499486813402e-06 5.5148625780927356e-05 4.9436766574375026e-08 1.6308974452800031e-06 0.002167223798397368 0.0013284268551146208 0.0 1.5444882923196993e-06 1.3840380142998507e-05 5.9889822993663325e-06 0.00012904573532860985 1.0439724766117159e-05 3.1512625401718666e-05 0.003074970942264354 0.0007538565334203531 1.062076825156961e-05 0.0001072884440659831 9.357341049569689e-05 3.8068133357834524e-06 9.483372702837194e-07 6.156998123226762e-06 0.0009795548574623627 5.624761206013777e-06 0.0003018011181397131 0.0004927116258114892 0.0005726181785369128 0.0002465138059829839 3.500137203013694e-06 9.767790989012656e-07 2.9284130884969862e-06 9.648570566774577e-07 0.0 3.6515360909591436e-05 1.0641478399563176e-05 0.0 0.0 0.0 7.787847504013405e-07 2.745236655666252e-07 7.130278572101879e-07 6.633144165857453e-08 3.0087834579573754e-06 0.0 1.877229805507083e-05 2.66310225393389e-07 0.0 5.789044193434798e-07 6.032119341473842e-06 1.2703831101392673e-05 2.0915136415401357e-05 0.0 7.945100614378604e-07 3.901094206653914e-07 1.0814216634518979e-06 9.34972998547126e-07 2.390082883079343e-05 0.00031299565523607286 0.00028991621804880686 8.158470352614895e-07 1.2537755902704983e-07 1.247431745916128e-06 1.0330507724525762e-05 6.166668830778014e-08 0.0 3.1143797254321827e-06 3.648433224321568e-06 5.535929150696412e-06 2.516017891614243e-05 8.111569756016637e-06 1.5399629566043548e-06 9.121390203533689e-08 0.0 2.2206999718027941e-07 1.1358463841287504e-07
1.2289520008690934e-05 9.045785257997248e-08 1.8447316381854658e-06 0.0029739780306562696 4.24510842175481e-07 0.0002304866366358885 5.0922477806206416e-05 0.00020447639838491068 0.00023265100923811896 0.003126078024263682 1.014747441589977e-05 0.0027204990041432018 6.245882448350054e-07 0.00016693648990041056 5.5004573226042375e-05 9.094456555669523e-08 2.129735652989964e-06 4.073774504266642e-06 1.5444882923196993e-06 0.0 6.271071099310343e-07 1.1115691562655217e-06 2.036650277291787e-06 0.0003095704266876519 4.3068837076310365e-07 7.000265235952284e-06 1.9439110747625277e-06 0.0018735203172350623 0.00017491556478724875 5.244370746310902e-06 1.292813586136689e-07 6.377151944989549e-06 6.8420255811743256e-06 8.330718614248772e-05 2.2828983619971675e-06 0.00020607057991119573 7.704829117620488e-06 0.00016493950535351017 3.134698265878542e-05 0.0001815998816182982 1.3332663957493076e-05 3.333372095029144e-06 2.9298002786673606e-06 9.64995881110686e-07 1.0181297861971645e-07 2.732729345773099e-07 4.979620566814665e-05 0.0 8.805567984456197e-06 6.650520645831205e-05 7.173856892429989e-06 4.175702434897454e-05 0.00010566430268392595 1.5869814719804862e-07 4.557657422385858e-05 6.918794083422045e-08 3.3938450791063786e-06 1.5024086161691325e-06 1.3875193031483803e-07 1.6244769531532613e-07 0.0 0.0 4.2953297534309494e-05 2.626275202092192e-07 2.0220830594607416e-07 3.2844453841278196e-07 0.00012816072065363225 3.955522286291116e-08 2.0156793848058927e-07 6.447597123145728e-07 0.00014757932056165356 2.1371418016153137e-06 2.701741504556591e-06 1.47946885906207e-07 5.195914856612138e-07 2.741332704945309e-07 1.6536313120976023e-06 7.667398133020443e-07 5.220385322554905e-05 1.6398771289187512e-06 5.84927246837147e-06 1.4678097830051506e-06 0.00010118764679400776 3.254507450389372e-07 0.0 0.0
7.78122610902989e-06 2.615762109603044e-06 0.00021559982839900761 7.924653122726559e-07 0.0 1.1312461273506854e-06 0.00011520178521529773 1.0662389253938895e-05 2.9654440813732055e-05 2.7679204743524883e-06 4.210126874920746e-06 2.7310155581071107e-07 1.1870068263322555e-07 1.1816491920059542e-05 0.0 0.0014405706518396452 0.00030751833525830105 2.470216559185876e-06 1.3840380142998507e-05 6.271071099310343e-07 0.0 7.068847792005139e-05 0.007296589630939891 0.00017604310546369956 5.5713155901625885e-08 2.2283943218709324e-05 0.0006366531192191465 0.002385720848473279 6.624877409273095e-05 0.0063157412914582834 5.508415751565722e-08 6.626102779922859e-07 1.5635663384823374e-05 0.0020914050549515977 0.00010593763321579406 0.0026569275160944557 0.0003476574949545979 0.0027698678300996527 0.0016370953138083147 4.9270702291363885e-05 7.840551190133438e-06 1.066781844470003e-06 1.4285915080720259e-05 2.0611105288212714e-06 7.309134822726903e-07 1.0394399457690454e-05 0.0 0.0 1.6355874040576676e-07 1.0287665726845385e-05 3.061957912382959e-06 1.847154226938805e-05 2.303240675494842e-06 0.0 1.2286464106666674e-07 2.500830841693974e-07 3.0901982902818066e-06 1.0739294476074386e-07 0.00023106604383000897 3.4093265878082813e-06 0.0 8.707100379209682e-07 2.9152345079474664e-07 0.00020386992253841287 8.803686013003219e-05 0.00012720375360211812 0.00014158982030228906 8.284556429352441e-08 2.5540396489513826e-06 2.523960091016356e-05 0.0001487212528945264 8.81501994018702e-06 5.614383583909371e-05 0.0 5.268715202499765e-08 1.4970345705444339e-06 4.176468497757449e-06 2.030699081044444e-05 6.470490181258046e-05 3.958616905150799e-06 9.887789586771122e-06 6.170822753892349e-06 1.4190124249489749e-05 4.407781246759034e-07 1.3698134259156635e-07 1.4350214634744594e-07
2.7007071941407576e-07 0.0010163630133195943 6.9383670098602725e-06 2.4330424122558848e-06 1.006353815297416e-07 6.286665630038025e-07 1.8711456295686539e-06 1.7835461615650176e-06 0.0012217154740209297 6.810858898933979e-07 1.320718679338985e-05 2.2840216043832196e-05 6.737880000689072e-05 1.6247655743716342e-06 2.8812372815845874e-05 0.0010002842308867738 1.2410439758818564e-05 2.373077481321909e-06 5.9889822993663325e-06 1.1115691562655217e-06 7.068847792005139e-05 0.0 9.037322465459188e-05 0.003213981219076099 0.00014529062792882242 8.321387657035511e-05 0.0019392559742400942 0.00010932184112405567 3.945830975353158e-06 2.827669880561686e-05 7.603556334636367e-06 0.0 2.0265396706206456e-07 9.522401517293202e-06 6.861203140221201e-07 1.6011680806869108e-05 1.0888754481048011e-05 1.3243845489151427e-05 6.615027123918179e-06 4.1302434844334896e-05 4.7655247305454843e-07 8.522057709520431e-06 2.272731590032903e-07 2.2281991813880924e-07 2.3223292141579175e-05 8.822079900152184e-05 0.0 0.0 4.1493448778264854e-08 4.150460373822765e-06 1.6319658478209525e-07 1.4683423085738086e-05 1.8189332131252088e-07 3.901181600076715e-07 3.862439423201074e-06 2.0913843283677465e-06 2.8072649781842864e-07 0.0 0.0003476539126026048 5.179060579732721e-06 4.784765376837516e-07 1.503971141047034e-06 1.5794007632110194e-07 2.5067093835156187e-05 0.00018054098667695954 0.0001511348199299934 4.965358767270752e-05 3.0035084808820006e-06 9.972352233458897e-06 0.0006627198401944467 2.373603577258592e-05 8.362486765380152e-07 3.3509353581354606e-06 5.690080984734956e-07 7.338961861655178e-08 1.6208748554607491e-07 4.697933221574734e-06 4.326224329278336e-07 1.2193131792596662e-05 4.370264965724931e-06 1.577948788179193e-05 5.186171143625723e-06 8.552690710014544e-07 2.2864615388229143e-07 3.380778855591612e-07 0.0
