0.0 0.0 0.0001350235890849935 1.7932278432544304e-07 0.0 2.7334280654181145e-06 0.001517780270486687 0.0004244471420230425 4.5681462272681055e-07 2.485253213154655e-05 9.64049489041464e-07 6.535958023198323e-07 4.144437393009613e-08 0.0022263008356549186 0.0 2.5510980550351603e-07 8.585103215876835e-05 1.7014066701803977e-06 5.071478029064253e-06 3.107645806082532e-07 3.153943939338395e-05 4.990957539748118e-08 0.0001556654598114985 3.586714286157446e-06 0.0 1.3359268519328202e-05 2.009797620068866e-05 2.3347114330649262e-05 0.0018481713065512317 0.0022947702402028656 0.0 8.902541377553643e-07 2.6912399201328744e-05 3.356107174659842e-05 1.0915708760344311e-06 1.78505266377459e-05 7.366348551660284e-06 2.316365655531247e-05 5.5167313261243965e-06 2.6693946765520005e-07 2.8067139821215187e-07 9.343450910976543e-08 2.0406020333952745e-07 0.0 1.6350202592689295e-07 4.905881931431735e-07 0.0 0.0 0.0 3.0953233032278666e-07 0.0 8.117367838686781e-08 0.0 0.0 0.0 0.0 0.0 0.0 6.78610135311705e-08 0.0 0.0 0.0 0.0 1.4030187597681245e-07 0.0 1.1098753735074216e-07 1.684896927459896e-06 0.0 6.997016908170766e-08 9.443161933377782e-07 2.506635129786535e-06 5.5531463847427196e-08 7.790841048597687e-07 6.799984184009792e-08 0.0 0.0 0.0 0.0 5.257094572433832e-07 2.248048592923736e-07 4.933460695467081e-07 0.0 0.0 0.0 0.0 0.0
0.0 0.0 2.2134642299490923e-05 1.2338163524620056e-06 6.56155257674859e-08 3.2062285106756505e-07 1.0996557055111695e-06 4.417580698374197e-07 0.0002090257352887178 9.50384618882542e-07 7.489019088413658e-05 2.744699901735196e-06 0.0005356683151806515 3.7938502199748665e-07 3.4988398118316203e-06 5.099243485798564e-05 1.2307441594262973e-05 2.8570627878607163e-06 1.0490202815514003e-05 1.5526566610804012e-06 1.525750910479792e-06 0.0008709331230621999 4.481967996489911e-06 0.00034779943052339334 0.0009047919701112935 2.7942602687947e-05 0.0019942901288324275 1.2224895071448662e-05 4.771443863032398e-07 2.9550646695318314e-07 2.7601367985599416e-05 1.296593322234258e-07 1.1690031791484424e-07 3.210236201214809e-05 2.3773712327697766e-07 6.16125207095401e-06 3.144664986304641e-05 1.6912884637329573e-05 2.2421739593043974e-06 4.190194578989281e-06 1.158201891955004e-07 0.00012479091349629952 1.2676605850807218e-06 0.0 7.444082714031925e-05 1.4715041231807677e-05 0.0 0.0 0.0 5.241513736286188e-07 6.787773943578553e-08 8.400634772183871e-07 9.715724824272405e-08 1.250293199940749e-05 0.0 7.838806893582394e-05 1.3142358922383967e-07 0.0 2.7737252956143964e-06 1.1857213768099096e-06 3.0961629279615852e-06 9.402960392354104e-07 0.0 3.315562250484355e-07 1.2158566908273102e-05 1.447592639568504e-06 3.307082522152109e-06 0.000175039019292954 6.062228979150977e-05 0.00046872555028118116 1.8457907643402694e-06 1.510277563230258e-07 3.745413914570746e-07 6.547768657261184e-06 4.000522247171463e-07 0.0 1.29007696920744e-06 0.0 1.9215501675594146e-06 3.862388174268994e-05 8.347575916061438e-06 6.570327694293176e-07 6.427923697217568e-07 0.0 6.745187857088996e-05 1.9675151937391043e-07
0.0001350235890849935 2.2134642299490923e-05 0.0 3.5825604774719497e-06 4.3437186250038754e-07 5.462923932547903e-05 0.00020165305962109703 0.0008249060548623544 2.620558558490596e-06 2.6014398151830128e-05 2.3493263354311395e-05 8.324360067525503e-07 1.5242493170194407e-06 0.0006026700727170192 6.250505211180245e-08 9.752454514732345e-06 0.0036245828228172365 0.0001033644360427071 0.00026382439260578855 1.496492509153863e-06 0.00015031320403403872 9.197345797971256e-06 0.005534126725289748 2.8444828636797045e-05 1.1098060480571881e-06 0.0025203181485875348 0.005909039518874944 0.0002992242694605618 9.754586601770411e-05 0.0011922164144495052 3.889204321632346e-06 2.2673215879367e-06 6.893362033808237e-06 0.0007790802633807406 2.8985282948516455e-05 0.001082362229783745 0.002974121836656743 0.0014843979534707756 0.00042889388568936827 1.6131770967305535e-05 4.188951762585975e-06 5.869287603520107e-05 3.604717969019834e-06 9.438153238705199e-07 6.634119548141706e-05 0.00045625785585155993 1.3463483501080647e-07 0.0 2.022489908580026e-07 7.734669556911819e-06 6.271289689143783e-06 1.3537672996204852e-06 1.0955279717435728e-06 2.835712302644507e-07 1.0092025909619261e-07 1.193821269502669e-06 8.202429010905421e-06 0.0 5.063254174891547e-05 1.2440784342827823e-05 1.7535258019396654e-06 2.506914230426742e-06 0.0 4.879165021822772e-06 6.299618750690148e-05 9.365041602297197e-05 1.0801001631829338e-05 9.089817329523544e-06 5.49609346800182e-05 0.0016879622607705652 1.2291313663429695e-05 1.4787464481306405e-06 6.989046090447389e-06 2.052461252621616e-07 4.793976387814004e-08 0.0 3.576471856243148e-06 9.4001931834404e-06 3.231661748775767e-05 0.00028828972116358263 1.1944589332702282e-05 4.867556121808272e-06 2.641238435600729e-06 6.587410891295905e-08 3.3439354331022445e-07 1.1426706476607083e-07
1.7932278432544304e-07 1.2338163524620056e-06 3.5825604774719497e-06 0.0 1.3288440266781339e-06 2.3748756881937415e-05 0.00011382667159028638 1.2287982951610648e-05 0.0005220498258727115 0.0010115564200136114 9.750106460123883e-07 0.001366039165665342 2.651971350398686e-07 1.9626285820796716e-05 2.9069661510740386e-05 1.2273506103557383e-06 4.271204195808063e-07 3.727595256355218e-07 2.964518271292979e-07 0.0019085442122137627 3.061639464360461e-06 1.0829079920328267e-05 2.053843507949015e-06 0.001093853885889652 9.823794590687454e-07 1.5711950406650887e-06 7.118912635752558e-06 0.0014148864811381508 2.9956670765239535e-05 4.941173260107236e-07 1.0779973836099474e-07 1.4932921677985429e-06 3.4911431479404516e-06 1.620505698302762e-05 4.0488228474807146e-06 0.00010444886934317308 2.5840592762371464e-06 3.5754184699926086e-05 8.090926176241234e-06 8.746911642467312e-05 5.351102234644023e-06 4.0775470182972747e-07 1.6865310945495016e-06 5.5273049858858117e-08 0.0 7.078069470214299e-08 4.215781575351712e-05 8.279590960028898e-08 3.821698079638409e-06 4.398992955504271e-05 4.07128487921687e-06 1.9261916976823656e-05 0.00010432432406974462 1.7643365041588392e-07 4.865982979103264e-05 1.8169835787415787e-07 2.3585580185994877e-06 8.08976559072221e-06 5.673365123783497e-07 0.0 0.0 7.390715987393102e-08 2.5130080592127232e-05 6.995039175157378e-07 5.633991956496525e-07 1.1948079575985e-06 6.268544786662214e-05 0.0 4.5095765981528296e-08 1.040905990305479e-06 7.47166053986532e-05 1.2450563872811165e-06 1.1249603241278106e-06 0.0 1.3861926400018427e-07 0.0 1.0460486613718911e-06 8.004089648678959e-07 5.8300494861544376e-05 3.062642271871519e-07 4.416655517379008e-06 8.456594970393401e-07 9.510802806939116e-05 6.78920806406306e-08 0.0 0.0
0.0 6.56155257674859e-08 4.3437186250038754e-07 1.3288440266781339e-06 0.0 0.00015318432963986388 1.5791584319877968e-06 1.1567229056960185e-05 3.514174889402589e-05 1.9280723544365346e-06 2.0596098964151097e-05 4.386364597988416e-05 4.385247346342445e-07 1.5020703561598041e-05 0.0005914984060892217 1.310535399301216e-07 1.435404670087714e-06 3.818738122621149e-06 4.268473768206552e-06 3.943756041068568e-06 3.2854276906592e-07 8.590355544762928e-07 1.2413134400867856e-06 1.1167066843123374e-05 0.0 4.222942947170794e-06 2.7419712069605075e-06 2.2243724890806374e-06 0.0002502826428374278 3.042075102768854e-07 3.8349258070993584e-07 9.046973296908663e-05 0.0 0.0004096098084154676 2.92414724330295e-07 2.8320377575512597e-05 4.203979137972298e-06 9.975873344022891e-05 2.958416252837372e-05 0.001910653458089961 0.00022556517722105977 4.853440898209745e-06 1.954536263077859e-06 0.0 0.0 0.0 7.740241185132356e-08 0.0 0.0 2.427388371329374e-07 0.0 0.0 5.50149642822297e-07 0.0 0.0 1.305046794114366e-07 0.0 1.2314087917553034e-07 7.281471983259131e-08 0.0 1.4945015777761785e-07 0.0 3.0149298755013786e-07 0.0 0.0 0.0 0.0 0.0 0.0 2.720479401465369e-07 2.8159303928968943e-07 0.0 0.0 0.0 0.0 0.0 0.0 0.0 4.796645518729558e-07 8.915421314293987e-07 0.0 0.0 2.896124132960983e-07 0.0 3.067712110576271e-07 2.6444322747296865e-07
2.7334280654181145e-06 3.2062285106756505e-07 5.462923932547903e-05 2.3748756881937415e-05 0.00015318432963986388 0.0 0.0013123049414316907 0.003596210170221563 5.275067939903538e-05 0.00260466435138864 5.009510815867389e-05 0.002262014984026481 2.0442614500852058e-06 0.000389137202057205 0.001382917223499484 3.7569227190815793e-06 1.4274129709759707e-05 1.3790125115701403e-05 1.6129170670872614e-05 0.00032875054937202026 2.416634186082171e-05 2.1578882931012657e-06 2.4484874671068902e-05 0.00015661329294190362 2.6421001786311023e-07 2.6538114474530304e-05 2.863807205239463e-05 0.0004949745067762496 0.0002993064553944917 3.0167144041001485e-05 1.4611320695685917e-06 0.00015866006661130976 7.563627547644733e-06 0.00027708576103877 5.9755985729895515e-05 0.00030315328148881307 3.037308335475353e-05 0.0002902225010597673 8.893886822672965e-05 0.0018097386361092438 8.87979008916179e-05 1.6490570217066683e-05 1.2540106906713244e-05 1.122429580062921e-07 2.3806638100213898e-07 6.502365524933354e-07 3.68525053448861e-06 0.0 6.345825291671108e-07 1.070415390358911e-05 1.5292127642830708e-06 5.646180635611158e-06 8.805228480204484e-06 4.989259782039905e-07 4.307026144937054e-06 1.5928586435623413e-07 7.82456709830133e-07 2.650253863219366e-06 1.3925392956476233e-06 5.26476728205707e-08 0.0 0.0 3.166308818060426e-06 6.433869108561048e-07 3.593998104058161e-07 1.7388678115967786e-06 1.7636314656089553e-05 5.983059069087927e-08 1.1673537343023516e-07 2.713318498747262e-06 2.1859215569832572e-05 2.400704694863399e-07 2.1472530354720897e-06 0.0 1.2686309020888584e-07 0.0 2.747770309959277e-07 1.6965035046612987e-06 2.9902610504370615e-05 3.2421879224810013e-06 2.413548167976465e-06 1.317104306490093e-06 2.748387835803692e-05 1.0389079543378228e-06 1.5977990029714506e-06 5.1559280167594933e-08
0.001517780270486687 1.0996557055111695e-06 0.00020165305962109703 0.00011382667159028638 1.5791584319877968e-06 0.0013123049414316907 0.0 0.002847058051555112 2.294690792147692e-05 0.005057905325212124 1.5571866499659453e-05 2.1307003941481308e-05 9.559199361295928e-07 0.0034439643657008024 2.741912567275679e-06 6.094569073116807e-05 1.3763226820381906e-05 6.667709941847241e-06 8.287156708853632e-06 9.421141312869672e-05 0.0003061735820176298 1.207969788543435e-05 0.00021260337989327397 0.0014099314331130475 5.719001717393659e-07 4.020303280191219e-05 0.00018820061338934262 0.009434243623589706 0.0007220330823997697 0.0033716017019958296 3.9809117222481493e-07 1.561874515465551e-05 0.0001197638370792948 0.0003080296157152293 9.417794783229787e-05 0.0009330173651692322 8.98964440397935e-05 0.0006408721938921568 0.0002123415986343657 0.00012148760587961926 7.266182920491854e-05 4.53214998464122e-06 2.0592126128598314e-05 1.032452440035586e-06 7.688447280212998e-07 4.0885859090543e-06 3.1287295968734273e-06 2.979170271005994e-07 4.4780673703062914e-07 1.998838631194359e-05 3.108396194360671e-06 1.1519496543295793e-05 6.206761994923441e-06 2.621654389921574e-07 2.1438775548343554e-06 0.0 3.2072148687092293e-06 5.494511815879381e-07 1.4713454672072132e-05 0.0 0.0 6.194794003681985e-08 1.4380112583323118e-06 6.278619253672609e-06 5.67992833739853e-06 1.4827918800505699e-05 5.610401353216893e-05 9.217118758906063e-08 4.655044604370608e-07 1.869170585327483e-05 6.54839778685664e-05 3.9961792715578456e-06 9.376966937943529e-06 5.923423421414579e-08 0.0 2.8416976515204673e-07 1.5861011057965037e-06 1.7007181310299085e-05 3.248082882984123e-05 3.770917791768858e-06 7.560202755706566e-06 3.1255993978724147e-06 1.848267346014778e-05 1.0986635796397389e-06 3.047086685486146e-07 2.1511673592391638e-07
0.0004244471420230425 4.417580698374197e-07 0.0008249060548623544 1.2287982951610648e-05 1.1567229056960185e-05 0.003596210170221563 0.002847058051555112 0.0 1.4465706773072349e-05 0.0020708068991948467 3.033392117976109e-05 0.0003911143006950694 9.344939285443707e-07 0.003696074965770925 8.054196537353515e-05 5.911287267581557e-06 0.0005005526542213558 2.0815087544830268e-05 5.238130769836581e-05 0.00012701634196592 0.00015694907904673504 2.908340491921215e-06 0.0004926226025114666 0.00010637220110425265 1.0007983808729139e-07 0.00011585155062972212 0.0001909414078006018 0.0003185645512323735 0.0006889710126818437 0.0011826361049914575 1.6748761879828642e-06 0.0001848359699206944 1.3814631272472911e-05 0.00031623679942552715 1.9687224178794756e-05 0.00033547625250576296 8.699696999364195e-05 0.00025074707794567807 9.204407523171334e-05 0.00044469173738806493 7.075907758438814e-05 9.06477861318281e-06 7.1003420462178635e-06 1.2986496018120403e-06 3.236903341149385e-07 4.54924550946906e-06 6.521269139028658e-07 0.0 3.8365114261574873e-07 1.620437995108496e-05 1.6508325350676056e-06 8.459042394368579e-06 1.535192757898994e-06 6.839524816631817e-07 2.6608168124607066e-07 6.13837605038685e-08 2.6417307564556633e-06 6.139365081924666e-07 4.920721299233597e-06 3.1258207252412044e-07 5.174814591391045e-08 6.997118402313221e-08 1.5878120742463486e-07 3.580898548021181e-06 1.4657836863939609e-06 4.947967476040816e-06 5.2483108881234993e-05 2.457357611224109e-07 8.944004251472958e-07 1.554914925141279e-05 5.370172054886895e-05 4.1256965903716135e-06 8.405013435778474e-06 8.596675164184505e-08 4.786665508934412e-07 8.132069636542052e-08 1.9438960957726864e-06 3.2969598594516898e-06 1.521558078946831e-05 4.858146092390153e-06 4.406488675846172e-06 1.6856068748606208e-06 9.912971899111315e-06 9.126401561549074e-07 1.2436189991803156e-06 1.6142868501873168e-06
4.5681462272681055e-07 0.0002090257352887178 2.620558558490596e-06 0.0005220498258727115 3.514174889402589e-05 5.275067939903538e-05 2.294690792147692e-05 1.4465706773072349e-05 0.0 0.00019745143227568827 1.3373186571989006e-05 0.0003753140987427245 4.9277410615567016e-05 9.319946080561737e-06 0.000551785212697102 3.753323429006921e-05 8.588335687554647e-07 6.967400092245494e-07 8.393231022038148e-07 0.0005532250904203368 1.3886735690087859e-05 0.001470609605484502 1.2213103642883082e-05 0.008050094947800384 0.00011388986764835139 8.156194736443741e-06 0.00030068391025936695 0.0005468219333650199 1.0262110560947373e-05 8.995049137872527e-06 6.898019814546163e-06 8.659836660605999e-07 6.520061812568988e-07 1.2217521550879438e-05 3.9113054220444935e-06 0.0001415025080024933 1.3138411196317004e-05 2.1583557974006354e-05 9.061884078629659e-06 0.00025690845544441355 8.373409290279843e-06 2.7012117410835515e-06 4.7446048262644545e-06 4.806234936981585e-06 6.530652231241244e-07 2.337435325846428e-06 8.952955839275989e-05 1.2603725630120737e-06 8.088449232323403e-06 0.00016913506707718617 1.557392006447521e-05 0.00014997405616265613 0.00021766765204038677 1.329380485107704e-06 7.3209951432107e-05 1.3706427884480953e-06 1.709075411217634e-05 2.4812883329273017e-05 9.296377334416999e-05 1.571645831437178e-07 4.2963530415449197e-07 7.836598733796511e-08 7.528537649360324e-05 4.87748098315206e-05 6.623910563435393e-05 4.22022958502544e-05 0.0007323740891765592 4.3612686125463565e-07 1.915502865998772e-06 2.648446960113117e-05 0.0004575125449818894 1.9849350476375277e-05 4.3588619945799615e-05 1.2374186477534673e-07 2.6576353836724212e-06 1.2209362383132016e-06 9.008213683166902e-06 2.4016358252306795e-06 8.56950287800104e-05 5.333169275870661e-06 2.3563872094831854e-05 6.3529450438779605e-06 0.00013909903408121068 3.7080946504133436e-06 5.56723187385813e-07 1.4783925595099306e-07
2.485253213154655e-05 9.50384618882542e-07 2.6014398151830128e-05 0.0010115564200136114 1.9280723544365346e-06 0.00260466435138864 0.005057905325212124 0.0020708068991948467 0.00019745143227568827 0.0 4.033366703900905e-05 0.0012624497624552302 1.5629651653317522e-06 0.0008580974525011226 2.4582267695155494e-05 6.271618171222649e-06 6.950152433474202e-06 1.32415379875796e-05 1.5099576858742957e-05 0.002331598951859231 2.334132754309827e-05 5.015597693542345e-06 1.6758064251191747e-05 0.0006169801240340788 8.070371264825447e-07 2.5511967013592526e-05 3.300053435570387e-05 0.0035816122364217334 0.0004248365114240342 1.7388439959549932e-05 1.1626025170666937e-06 3.1504809917913296e-05 1.7984251420989987e-05 0.00025049030444901653 5.230465904967915e-05 0.00042611524698392764 2.779916892965169e-05 0.0005227899508816309 0.00010525846639947514 0.00014852842403510297 6.438409802190575e-05 4.320148289609398e-06 2.369464658775688e-05 0.0 1.2721310472391358e-07 1.8889470185171809e-06 3.0499944456337346e-05 1.7856242569182968e-06 2.421224978623182e-06 5.87473093736849e-05 3.5119748083028982e-06 1.8856224598836698e-05 6.970872955275183e-05 4.2718358524426373e-07 2.241521809517181e-05 4.94894432828154e-08 3.551459643901243e-06 8.8262774494278e-06 1.553104840234922e-06 5.2312733898898546e-08 5.269495011237727e-08 6.53974330087646e-08 2.1735023739440763e-05 1.6306506270026932e-06 1.087185462666776e-06 2.2510117309159494e-06 9.123811104271887e-05 0.0 1.392602201387058e-07 2.5037576718291368e-06 9.364839954065021e-05 2.411639649017301e-06 2.1907857215215157e-06 5.5131449027014726e-08 6.092144189505387e-07 0.0 1.0945231137207752e-06 7.008037707390604e-06 4.893429613443086e-05 1.710355458230376e-06 4.794765141703148e-06 1.5737537575058266e-06 6.93037132949106e-05 1.1506624367144146e-06 4.334772287666117e-07 5.125635728435711e-08
9.64049489041464e-07 7.489019088413658e-05 2.3493263354311395e-05 9.750106460123883e-07 2.0596098964151097e-05 5.009510815867389e-05 1.5571866499659453e-05 3.033392117976109e-05 1.3373186571989006e-05 4.033366703900905e-05 0.0 3.074808368126876e-05 0.0013013422760308913 6.647929252504803e-05 6.309415753343948e-07 2.2300113633592217e-06 0.00022915573660042693 0.0027286173185961616 0.000987858884085656 1.2259868257245338e-05 4.217089515925362e-06 4.114193921305465e-05 1.2917827181353487e-05 2.4134737966995546e-05 0.00036687127077612814 0.0021033384156970893 0.0005772543465977768 2.0166275045922754e-05 0.00018017965678807104 7.371183311777676e-06 0.00036971084105266174 7.894796518491992e-05 2.812961532450389e-06 0.0030039635661225513 1.0704003923301846e-05 0.0003946730076024769 0.002898132850300091 0.0022936436351001467 0.000451607346793498 2.0274187149851632e-05 1.1698173094612459e-05 0.0009498653186236156 1.053766251209831e-05 0.0 1.2042613505952732e-05 6.459731466370952e-07 3.133272128124543e-07 7.856107888350706e-08 2.1212980044334104e-07 1.0154710094766725e-06 3.165912685597252e-07 1.3385516195936755e-07 4.2689400925333714e-07 9.331165019452013e-05 4.8764766854099345e-08 0.0003947930558643646 2.623472001485008e-07 0.0 3.8242555546199246e-07 2.3684218010984065e-07 2.3792185321950353e-05 1.5633047086218387e-06 0.0 6.48395370359338e-08 1.3495811984694186e-06 3.491873171377648e-07 2.5289388471635668e-06 0.00013653836516567356 8.15111313473291e-05 0.00018988217823935093 3.945778113819719e-06 1.2776118464537287e-06 1.5452115582602954e-07 6.923247493176418e-05 3.636603818524681e-07 0.0 2.1428260755184764e-06 2.8817754687090204e-06 8.118903878268892e-06 0.0001923081981684581 2.856535654927496e-05 3.3937803121725747e-06 6.224029638964092e-07 7.231366140469335e-07 0.00014687698890125637 1.3776685884349433e-06
6.535958023198323e-07 2.744699901735196e-06 8.324360067525503e-07 0.001366039165665342 4.386364597988416e-05 0.002262014984026481 2.1307003941481308e-05 0.0003911143006950694 0.0003753140987427245 0.0012624497624552302 3.074808368126876e-05 0.0 1.9928984373099257e-06 0.000220226129532357 0.0008844275892758226 1.4242994822016163e-07 2.146345294141135e-06 8.866809366262519e-06 8.297736417005815e-06 0.0029225796867489023 5.186114932709356e-07 1.7994426703864917e-05 7.393948905892683e-07 0.0005858557176112543 1.2174726186768752e-06 1.2222032565311275e-05 1.382562498183343e-05 0.000315708356384462 0.00016807301947330906 9.28985123547704e-07 9.81720646562396e-07 4.514713169668826e-05 6.561898853308615e-07 0.0001952360060579329 1.4533204322051728e-05 0.0002994331086146177 1.3692026690821605e-05 0.00024290537904458163 4.651050900219374e-05 0.0010409447772409491 3.180763666226869e-05 6.0935342219246005e-06 5.2937810247387786e-06 0.0 7.60576062121809e-08 1.4324388173334786e-07 1.4328061955984228e-05 2.8146254092684434e-07 2.949177163484668e-06 2.1462521650138727e-05 1.4751918055767965e-06 9.444489790320292e-06 6.304307277551993e-05 1.1333730828291465e-07 3.9268124385317656e-05 0.0 4.910119394394976e-07 1.112534567898883e-05 2.023498537564052e-07 0.0 0.0 0.0 1.82339885804273e-05 3.1565472104573615e-07 2.8497381742656666e-07 2.8290983089520207e-07 2.4764191869245066e-05 6.483090178226843e-08 0.0 9.472560248092297e-07 2.7243748271056326e-05 4.1977481402653606e-07 6.168433581933968e-07 4.911412124462325e-08 1.703516469352326e-07 1.8802119127690824e-07 2.261889712199395e-07 6.315288592249791e-07 7.967889537738677e-05 8.781627114832545e-07 1.962397846698969e-06 1.9912791395247675e-07 8.751678714243239e-05 2.390828984739853e-07 2.8800375176700833e-07 7.209095932662426e-08
4.144437393009613e-08 0.0005356683151806515 1.5242493170194407e-06 2.651971350398686e-07 4.385247346342445e-07 2.0442614500852058e-06 9.559199361295928e-07 9.344939285443707e-07 4.9277410615567016e-05 1.5629651653317522e-06 0.0013013422760308913 1.9928984373099257e-06 0.0 2.082433933415327e-06 7.739024575671853e-07 9.204338723757817e-06 1.199586710277523e-06 3.159727943639451e-05 5.019629375068861e-06 9.835837076979165e-07 1.7314488290781333e-06 0.00023352599560124438 1.370792925514929e-06 6.779679840590271e-05 0.0025162145058326606 0.00026663549266965376 0.0020457968100980255 4.484329315475122e-06 5.040750355623989e-06 7.224720378285104e-07 0.0007186900841412992 1.7000687793454323e-06 1.2573044445948655e-07 0.0003041113563312471 7.460158279663787e-07 3.5746564796137376e-05 0.0010942834855058262 0.000425438010629595 2.448718741314219e-05 1.6603134989894355e-06 9.295478549325253e-07 0.00038789050656427783 1.0838457483998134e-06 0.0 3.616460014083861e-05 3.95947463282282e-07 0.0 6.49996543601088e-08 1.396085884682521e-07 9.339016524622265e-08 2.0156486257693243e-07 1.9433768335864404e-07 0.0 0.00019137663665736189 4.277940972658256e-08 0.0009401408514404774 2.789021531459561e-07 6.128883460022198e-08 3.3953765427321026e-07 3.1687234544766537e-07 4.70663290732459e-05 2.3590046010778655e-06 0.0 2.1055452058525268e-07 2.000272143539167e-06 2.759881779261634e-07 1.4201817080624707e-06 0.0003862231609693641 0.0001305355360319471 0.0003662994380979935 3.937695227584488e-07 2.733497428000351e-07 0.0 0.00014915657934455443 4.994936522710339e-07 0.0 5.610918245143597e-06 0.0 2.6275699471343707e-06 0.00026147232702307995 4.2037949190899116e-05 4.841695513328305e-06 0.0 2.650411930031801e-07 0.00022714656196006863 2.2804078548422622e-07
0.0022263008356549186 3.7938502199748665e-07 0.0006026700727170192 1.9626285820796716e-05 1.5020703561598041e-05 0.000389137202057205 0.0034439643657008024 0.003696074965770925 9.319946080561737e-06 0.0008580974525011226 6.647929252504803e-05 0.000220226129532357 2.082433933415327e-06 0.0 7.642500201168258e-06 3.868493773487456e-06 0.0005663951361815149 3.0737161851215157e-05 5.862243971507524e-05 0.00011906040920432005 0.00013955774792751845 1.8655044048368542e-06 0.0005451515975381288 0.00011889745187600167 4.863170432013481e-07 0.00010670648963413168 0.00019150960751653594 0.0003797202587178256 0.003325752937942188 0.0020893202114467954 2.1567374402928963e-06 5.752880843781067e-05 3.09736463634915e-05 0.000596652831068498 1.0827467376441937e-05 0.0002631942691310033 7.167412355604555e-05 0.00040783642677808744 8.201924307765105e-05 0.0001410071201307243 6.86786454579017e-05 7.139687983369054e-06 6.710113748982714e-06 3.330988823787017e-07 6.89260353012448e-07 2.1919496778012858e-06 9.05184008626698e-08 0.0 2.4619604118424217e-07 8.74739483627583e-06 2.1028249813003777e-06 5.548651596996338e-06 8.302527687295736e-07 1.0123462276223691e-07 5.00018855577814e-08 0.0 1.9667654944659155e-06 0.0 3.532192742662606e-06 1.466309764365708e-07 0.0 0.0 1.2418690627558561e-06 3.7293304472485746e-06 3.2834557089805527e-06 4.042383361826586e-06 3.012345739741466e-05 0.0 4.303696431556324e-07 1.1263107849710613e-05 4.4782135115569875e-05 1.2390543950161042e-06 6.032042782736825e-06 5.4321051305702006e-08 0.0 4.396452629732209e-07 1.9561058782425497e-06 3.073251512343689e-06 1.7000006998801996e-05 3.0904728569019525e-06 3.965175216365175e-06 1.4851692326348224e-06 7.685932399765088e-06 4.862029943159821e-07 2.2153111704316512e-06 3.4987837260034665e-07
0.0 3.4988398118316203e-06 6.250505211180245e-08 2.9069661510740386e-05 0.0005914984060892217 0.001382917223499484 2.741912567275679e-06 8.054196537353515e-05 0.000551785212697102 2.4582267695155494e-05 6.309415753343948e-07 0.0008844275892758226 7.739024575671853e-07 7.642500201168258e-06 0.0 4.810617961523692e-07 0.0 5.0797888439133114e-08 2.795959728798976e-07 0.0001151479026774893 0.0 3.464851648141563e-05 6.76802425615828e-08 0.0005341189225588154 1.7267880984088333e-06 3.2302591880186313e-07 7.788222491470677e-06 1.8689992269081636e-05 3.389247748801466e-06 0.0 1.6201879217930327e-07 7.176042999537972e-05 0.0 1.2455900645236364e-05 1.9209674632825754e-06 0.00016583489731695122 1.7768554848205043e-06 4.152143393536733e-06 1.856205796183421e-06 0.000820235135860344 1.6348553362383666e-05 5.821082545505756e-07 7.104706814191662e-07 0.0 0.0 0.0 2.3271766197373324e-06 8.609272815183908e-08 1.3476679142364934e-06 6.796037332607793e-06 1.1673894882957886e-06 3.4873845888016047e-06 9.417574467914378e-06 7.506263355382739e-08 8.351676333051907e-06 0.0 5.768284921278369e-07 2.9560780596638414e-06 5.564002338496626e-07 0.0 0.0 0.0 4.877186954621355e-06 6.562056251744988e-07 6.112066293194495e-07 3.107147288308818e-07 9.445498328537201e-06 0.0 1.2679141719088572e-07 5.905914237817986e-07 1.0474529215370462e-05 4.940502986189189e-07 0.0 0.0 3.721578304018638e-07 0.0 0.0 0.0 3.643550964676901e-05 8.44125627616531e-08 3.6360316143532303e-07 4.326108772420456e-07 3.118853050867228e-05 0.0 0.0 8.122701644677488e-08
2.5510980550351603e-07 5.099243485798564e-05 9.752454514732345e-06 1.2273506103557383e-06 1.310535399301216e-07 3.7569227190815793e-06 6.094569073116807e-05 5.911287267581557e-06 3.753323429006921e-05 6.271618171222649e-06 2.2300113633592217e-06 1.4242994822016163e-07 9.204338723757817e-06 3.868493773487456e-06 4.810617961523692e-07 0.0 1.1825637715023881e-05 4.6801637445047934e-07 2.0711898140758487e-06 2.442603333470786e-07 0.0010675298174868618 0.0010084247540509202 0.0016356413697956884 0.0017274830116472673 1.994357837674883e-05 4.567780068583181e-06 0.0030327346066081626 0.0010575614826990722 5.971058319167974e-06 8.567059474184095e-05 1.3542529697210445e-06 9.210549694937618e-08 1.693757390851266e-06 6.108802468078225e-05 5.005785784039513e-05 0.0007362015621573819 0.0003825084573628334 0.00026352865877545315 0.000259719572650887 1.6782081457869075e-05 5.440755806394263e-06 6.3006629892653746e-06 8.916285326502345e-06 2.477803119380723e-06 4.564525749672342e-06 3.472777590188592e-05 4.7168886160558605e-07 2.011890825773658e-07 2.91254600898425e-07 2.113022703044923e-05 4.034608543319945e-06 1.9866467583148615e-05 1.479707515144167e-06 1.3328468648896115e-06 4.268950984587684e-07 8.881124298152338e-07 8.364824903333297e-06 4.979883579876828e-07 0.0008576202300138388 3.2580459737882376e-06 1.1100323593659818e-07 6.306969496963988e-07 0.0 0.00016381038467136975 0.00029894145068559035 0.0009082029648119627 0.00011928756647916834 8.588663439370784e-07 4.931843761752803e-06 0.00033484981127972387 0.00012758539392321744 9.11818013580939e-06 3.747584951842581e-05 5.31751840876472e-07 3.805426080757952e-07 4.516881205849636e-07 5.555168729795226e-06 1.0038172209959134e-05 0.00010647090681892129 2.3912104170554836e-05 1.7169564124010232e-05 1.1508695148832124e-05 1.2855086225498697e-05 1.721833352411319e-06 2.964074057011259e-06 2.090719820312811e-06
8.585103215876835e-05 1.2307441594262973e-05 0.0036245828228172365 4.271204195808063e-07 1.435404670087714e-06 1.4274129709759707e-05 1.3763226820381906e-05 0.0005005526542213558 8.588335687554647e-07 6.950152433474202e-06 0.00022915573660042693 2.146345294141135e-06 1.199586710277523e-06 0.0005663951361815149 0.0 1.1825637715023881e-05 0.0 0.00019354970901877777 0.002433238830166191 1.49190232103935e-06 0.0004801528326132734 9.638996568696362e-06 0.002020814761060243 1.0576322687160285e-05 1.7935701260612074e-06 0.001448946431907472 0.003791174721981064 1.675758270274356e-05 0.0005433450577066463 0.0007677347670213929 2.516966074145237e-06 5.016567111130846e-06 6.850398164666405e-05 0.0015327182468535196 5.084742876151206e-06 0.0002010421866434565 0.00015579182815902068 0.0008574657821524617 0.00020171454886949662 3.107230831190552e-06 1.3707561937120704e-06 1.3484340134778226e-06 1.1550879485198975e-06 6.597594136922662e-08 4.69005365143095e-06 1.1196494801553882e-05 0.0 0.0 0.0 4.861427579550103e-07 7.621665495981535e-08 1.073546122823038e-07 0.0 7.65959377450303e-08 0.0 6.225307516230108e-07 3.634930650454235e-07 0.0 2.7556557405780865e-06 9.347312391777092e-07 5.375006836458334e-07 5.10297988414524e-07 0.0 1.0513714886669467e-06 2.9415662208860953e-06 2.1636068031496776e-06 1.1862550668423413e-06 2.7258966224386896e-06 1.677281399058911e-05 8.240332704327507e-05 2.215666284408471e-06 6.236502320143373e-08 0.0 2.881388875044926e-07 0.0 0.0 2.25522055685306e-07 9.895388723809406e-07 3.7822237606485653e-06 1.9459970245215948e-05 1.1645252782120264e-06 1.8522574553755109e-07 0.0 0.0 3.179456336268385e-07 0.0
1.7014066701803977e-06 2.8570627878607163e-06 0.0001033644360427071 3.727595256355218e-07 3.818738122621149e-06 1.3790125115701403e-05 6.667709941847241e-06 2.0815087544830268e-05 6.967400092245494e-07 1.32415379875796e-05 0.0027286173185961616 8.866809366262519e-06 3.159727943639451e-05 3.0737161851215157e-05 5.0797888439133114e-08 4.6801637445047934e-07 0.00019354970901877777 0.0 0.001347603739329311 4.087747146608214e-06 2.8270973395561e-06 2.681222502732408e-06 3.5547700354377476e-05 4.058198587556639e-06 8.80818077565172e-06 0.0026095055133357093 0.0007373534041169371 9.550503978539845e-06 5.134609903223795e-05 1.4505103680086791e-05 6.086797341104798e-05 1.4386685426504348e-05 1.775890052733696e-06 0.0006961081099240819 5.960685910738875e-06 0.0002944653557342952 0.0006482492413250709 0.0007222909308720532 0.00024037635075054776 5.323674441082695e-06 4.0946998625609345e-06 3.058964273914539e-05 3.621605125548048e-06 6.220333808156218e-08 7.67543299988458e-06 5.710871706520408e-07 0.0 0.0 0.0 1.8540423495182245e-07 0.0 3.102219458887946e-07 0.0 4.5093912681983875e-06 5.255226420088076e-08 2.5685868577002733e-05 0.0 0.0 1.9438578580608033e-07 6.407307060034897e-08 1.2496742936109658e-05 1.7955446285903035e-06 0.0 0.0 5.655698624266098e-07 4.365751435536104e-07 1.1407542567168374e-06 2.137687869781755e-05 7.503866432169835e-05 0.00014490421982610082 7.787702362871021e-07 1.0037960475024541e-07 7.272075110947532e-08 1.0141201665863645e-05 0.0 0.0 9.653596175152667e-07 1.5795497991772097e-06 4.579579431020141e-06 1.929249746725424e-05 4.1123610769565285e-06 1.3167980169718856e-06 8.906102749251652e-08 2.301379102656816e-07 2.5640829928293895e-06 1.1335975664182203e-07
5.071478029064253e-06 1.0490202815514003e-05 0.00026382439260578855 2.964518271292979e-07 4.268473768206552e-06 1.6129170670872614e-05 8.287156708853632e-06 5.238130769836581e-05 8.393231022038148e-07 1.5099576858742957e-05 0.000987858884085656 8.297736417005815e-06 5.019629375068861e-06 5.862243971507524e-05 2.795959728798976e-07 2.0711898140758487e-06 0.002433238830166191 0.001347603739329311 0.0 3.8127247679631147e-06 1.6332020354400188e-05 5.575719012087931e-06 0.0001287113267138838 7.570594918361438e-06 8.959707495332497e-06 0.003860239408042499 0.0015181622802297244 8.005204334916075e-06 0.0001088440111224203 3.767474276224296e-05 5.371776471815426e-06 1.857756208326295e-05 7.987412816069211e-06 0.0018251849244427896 4.967896374886534e-06 0.00034503655416771 0.0002764027702636159 0.0008507387632791871 0.0002296167908769052 4.476730597557204e-06 3.3702330275006147e-06 2.750723727618172e-06 2.2462259685398517e-06 0.0 6.203579212879922e-06 2.326085021354735e-06 0.0 0.0 0.0 7.061465729890232e-07 1.1073362458613338e-07 5.404935643727211e-07 0.0 5.071876096517379e-07 0.0 2.0801210840718073e-06 0.0 0.0 1.2180297183745234e-07 7.601088961362475e-07 1.2389619693340153e-06 9.369229556747811e-07 0.0 0.0 1.0596269685794743e-06 2.6585362885889834e-07 1.1558639743834533e-06 4.882612786093673e-06 3.99079398534513e-05 8.500227192490978e-05 1.1439428808622146e-06 0.0 1.8308061320155678e-07 8.213377212932959e-07 0.0 0.0 5.916589069911165e-08 1.1838012231563666e-06 3.4574865350830494e-06 1.42979441014348e-05 1.093694232513356e-06 3.4576285526184856e-07 0.0 8.597619142224937e-08 1.1411501003755414e-06 1.9671299285755733e-07
3.107645806082532e-07 1.5526566610804012e-06 1.496492509153863e-06 0.0019085442122137627 3.943756041068568e-06 0.00032875054937202026 9.421141312869672e-05 0.00012701634196592 0.0005532250904203368 0.002331598951859231 1.2259868257245338e-05 0.0029225796867489023 9.835837076979165e-07 0.00011906040920432005 0.0001151479026774893 2.442603333470786e-07 1.49190232103935e-06 4.087747146608214e-06 3.8127247679631147e-06 0.0 9.562963102412132e-07 1.2197737875298779e-05 1.3076535803963152e-06 0.0004964148694847057 7.93522789465158e-07 5.275445043452734e-06 8.073114420452551e-06 0.0016488264346353131 9.706823037087094e-05 1.2445735144581427e-06 5.735702496019779e-07 8.947955604098917e-06 2.2284538119698385e-06 7.345248438465878e-05 3.560715810674861e-06 0.0001548824760087552 4.64015028945536e-06 0.00014939749664650892 2.989954579384616e-05 0.0002804775805542484 1.976453775439098e-05 2.020006920397208e-06 6.8691580531541215e-06 0.0 2.2299989323896592e-07 3.081268509901884e-07 3.12878728597897e-05 1.669079919393683e-07 2.360708993037341e-06 4.5322933583199345e-05 3.301767830891562e-06 2.3810630883904028e-05 6.794696876363976e-05 4.039671425962738e-07 3.086450405153734e-05 0.0 1.8651245444426984e-06 1.4755449395926825e-05 2.6574975001666897e-07 0.0 0.0 0.0 2.404507698947353e-05 6.68203784105778e-07 1.1745657182797183e-06 7.027203782862845e-07 5.435435774726481e-05 1.0879200038310454e-07 0.0 5.68537105568081e-07 6.0369806394489104e-05 1.1226816692335877e-06 8.443383527378806e-08 0.0 7.489865862708328e-08 0.0 1.207255731455096e-06 8.18135634733819e-07 6.265827268620528e-05 4.6032070074606544e-07 3.952285650058633e-06 2.952490307740353e-07 9.512909633900468e-05 9.835650674322405e-07 0.0 8.672803197429687e-08
3.153943939338395e-05 1.525750910479792e-06 0.00015031320403403872 3.061639464360461e-06 3.2854276906592e-07 2.416634186082171e-05 0.0003061735820176298 0.00015694907904673504 1.3886735690087859e-05 2.334132754309827e-05 4.217089515925362e-06 5.186114932709356e-07 1.7314488290781333e-06 0.00013955774792751845 0.0 0.0010675298174868618 0.0004801528326132734 2.8270973395561e-06 1.6332020354400188e-05 9.562963102412132e-07 0.0 1.9544760036125298e-05 0.004908714950228366 0.00036156427524704736 3.986999266648855e-07 1.4928194769834626e-05 0.0002141312384492695 0.003246916567724684 8.648992851492649e-05 0.007158026319442974 8.148449800948232e-08 1.8387787444524383e-06 2.3630615051365157e-05 0.001652736215784495 0.00021051803838372077 0.0017504978048624796 0.0007024358567119042 0.002737503310842191 0.0014350644162396116 3.737114931215684e-05 1.8604410167862386e-05 3.2623570612625432e-06 1.7154052704079936e-05 2.288660970683911e-06 1.304913531480161e-07 2.6721005227673007e-06 1.1185729676805914e-07 0.0 8.427744352728138e-08 1.3915704276127729e-05 1.6445030715393702e-06 9.436533920291147e-06 8.257146726899679e-07 5.655147874141022e-07 3.4510761567937604e-07 6.923235617536594e-08 7.437399868528537e-06 2.2606208703875274e-07 0.00012658597138208693 4.304518369079119e-07 1.7467405141899995e-07 0.0 7.996573306047559e-08 8.096110509415388e-05 4.191106212991918e-05 0.00010246600348219769 7.028829658788685e-05 0.0 1.2345730284260434e-06 2.1227406801314868e-05 7.943344002065043e-05 1.2083867941434198e-05 4.3775395362490285e-05 6.917111725030401e-08 1.0976563451687274e-07 5.213437650952791e-07 3.692308602186359e-06 4.8344801276468546e-05 8.704445423448046e-05 8.226055910718316e-06 1.0297159079327261e-05 7.775819139867408e-06 1.0022020708555291e-05 2.9138672729332758e-06 1.9077647091567608e-06 8.352009506140536e-07
4.990957539748118e-08 0.0008709331230621999 9.197345797971256e-06 1.0829079920328267e-05 8.590355544762928e-07 2.1578882931012657e-06 1.207969788543435e-05 2.908340491921215e-06 0.001470609605484502 5.015597693542345e-06 4.114193921305465e-05 1.7994426703864917e-05 0.00023352599560124438 1.8655044048368542e-06 3.464851648141563e-05 0.0010084247540509202 9.638996568696362e-06 2.681222502732408e-06 5.575719012087931e-06 1.2197737875298779e-05 1.9544760036125298e-05 0.0 7.65350985088523e-05 0.003326101930369943 0.0005825903511537746 1.9801121606844924e-05 0.003434792744220356 0.0001191060829505624 1.5453212049403767e-06 2.7044002662102533e-06 2.5397758470926606e-05 1.3737571733414638e-07 4.0587373069126343e-07 1.1375113261914217e-05 5.180473137379843e-07 2.049125265170055e-05 1.3154439844424913e-05 1.487854133512195e-05 4.121704557573108e-06 3.1738382134161554e-05 5.344706090289347e-07 1.3459077863148508e-05 7.638115138491745e-07 8.872166161089073e-07 3.3250466429278266e-05 2.3610830158679944e-05 1.9123763554434248e-07 0.0 1.3497274449274575e-07 4.001843754541399e-06 1.0783366917306791e-06 1.5411624477965685e-05 5.172076601238187e-07 9.99949427754801e-07 3.529442383426858e-07 3.985122260383192e-06 2.3405595218402343e-06 0.0 0.0002863229405893976 1.0186766937146946e-06 8.723945724494914e-07 4.189593003403189e-07 2.3827390351724318e-07 2.911806240459066e-05 0.00011291794945459576 0.00015027335001143434 6.607060645355591e-05 4.5015887698461466e-06 1.206521017008144e-05 0.0006599583778004486 4.022933238080985e-05 2.179791529444954e-06 6.784523292484487e-06 1.4278898127364473e-06 0.0 3.87241823841722e-07 1.7364207795705276e-06 1.549567744615545e-06 1.1232055906610972e-05 1.0519613536443408e-05 5.65201163087502e-06 1.977247516568869e-06 2.2873526080431563e-06 2.8747686101696535e-07 3.2760252361697625e-06 0.0
0.0001556654598114985 4.481967996489911e-06 0.005534126725289748 2.053843507949015e-06 1.2413134400867856e-06 2.4484874671068902e-05 0.00021260337989327397 0.0004926226025114666 1.2213103642883082e-05 1.6758064251191747e-05 1.2917827181353487e-05 7.393948905892683e-07 1.370792925514929e-06 0.0005451515975381288 6.76802425615828e-08 0.0016356413697956884 0.002020814761060243 3.5547700354377476e-05 0.0001287113267138838 1.3076535803963152e-06 0.004908714950228366 7.65350985088523e-05 0.0 0.0006221756796094802 1.6938880171132342e-06 0.0003556233861978761 0.003876336114124463 0.002671060189335984 0.00021831475103761662 0.003530654538132042 1.2781696475336619e-06 3.715691850044903e-06 1.6540162119924043e-05 0.0019246642339674643 0.00033774685717340993 0.003919254940545447 0.00259706235581641 0.004129620482346314 0.0027558239228001047 9.220174093187104e-05 3.090228021261849e-05 2.4702684611823867e-05 3.0268651963559852e-05 2.0664015473524144e-06 5.391981434728633e-06 7.309144123143273e-05 7.357217309323234e-07 0.0 5.168780764621836e-07 2.1047675012098426e-05 4.1298464094296405e-06 1.389499272129297e-05 1.2297449108114702e-06 3.3049934508895996e-07 1.2279976808974763e-07 5.299940861024206e-07 8.883061132326934e-06 5.714068070625596e-07 0.0006464692014862853 3.278560114264357e-06 2.4876687543540306e-07 7.133315124906248e-07 2.8048397236241024e-07 0.00010579621649053585 0.00013193454215890645 0.0008206646973295728 7.813415117902361e-05 1.4033737417200428e-07 6.1730175442492514e-06 0.0003832510236276896 9.118206336563524e-05 9.033794662907063e-06 2.9672279792366267e-05 6.433027986169864e-08 0.0 1.2332938927976941e-06 4.771070331581923e-06 6.89009631289691e-05 0.00016230314103210744 3.393616155299015e-05 2.0883364581201064e-05 1.9127270102792212e-05 9.431743206981272e-06 3.1384163628608736e-06 3.726051175631491e-06 9.166021574142689e-07
