0.0 0.0 1.0522463078784845e-05 1.0128209097823817e-06 4.5186729606518686e-08 5.209841265726037e-06 0.0011443094822774244 0.0002946882526712175 6.545883884871647e-07 9.450724222043222e-06 1.502234719145796e-06 1.245864513987938e-07 5.524348464056485e-08 0.00241624356678128 2.663903879371807e-07 7.292423085936952e-08 4.783141608995851e-05 2.15442503813058e-06 1.3727853672414616e-05 3.4961294319732014e-07 1.6476597516185384e-05 0.0 1.3167015596975823e-05 1.8377984968874827e-05 0.0 1.3884344017074355e-05 1.2123648103449216e-05 1.7033474966670294e-05 0.0026376378507409625 0.001059228350830015 5.36512300769426e-08 8.023854189985974e-06 6.298332714156677e-05 6.181306288177124e-05 1.2191005577052313e-06 4.2483490206188345e-05 1.0282018161008625e-05 6.66181502675105e-05 1.4438812501496779e-05 6.991139443097088e-06 2.6129545361133115e-06 0.0 2.542680516744053e-07 0.0 0.0 1.146997737809035e-07 0.0 0.0 0.0 2.8063461965880484e-06 0.0 6.72537605102162e-07 6.191779436875532e-08 0.0 0.0 0.0 9.121268682661817e-08 0.0 6.295016480124609e-07 6.426254537346094e-08 0.0 0.0 0.0 1.2572322458581062e-06 1.6855880844203218e-07 1.430904207618145e-07 4.044787012344149e-06 0.0 0.0 3.535916617930183e-07 7.252977594696691e-06 7.154996899931385e-07 2.1169244772366184e-06 0.0 0.0 0.0 0.0 0.0 4.7557289637298094e-07 0.0 3.3969856174436935e-07 5.594643248391423e-08 0.0 0.0 0.0 0.0
0.0 0.0 7.486226325589884e-05 0.0 1.7369111125551896e-06 1.4868197109603242e-07 4.5821270901842456e-07 6.01157634177399e-08 0.0005045187903062206 3.098165554920382e-07 9.487169379026372e-05 3.0815732065137685e-07 0.0004162123545363364 4.1107503506582467e-07 1.77081142792528e-05 5.020220070442844e-05 4.6197104710382e-05 1.3837454823189242e-07 4.14845998372417e-06 0.0 4.802917890481486e-06 0.0016360751955166051 3.928720999594858e-06 0.000706889790003028 0.0011438590358674452 0.0001061946256436873 0.0033318188537713018 1.724873133319955e-05 1.8125097235782657e-07 5.057300020360965e-07 3.3871750889877554e-06 6.023941895267598e-08 0.0 7.003429546949402e-06 0.0 1.3935662195512288e-05 2.5177696784860736e-05 2.2028143986747706e-05 2.341270997393928e-06 3.7268878040538595e-05 0.0 0.00010031990522834711 0.0 0.0 2.4057154787019282e-05 0.00010811543450351916 5.965264365109154e-07 0.0 6.352640081468834e-08 1.6079690652410376e-06 4.857005048689374e-07 8.808307974281508e-07 9.170746858852687e-08 1.4815987328702734e-06 0.0 1.483006011636079e-05 4.866152337662739e-07 0.0 1.0093626035734239e-05 1.3058986377107476e-05 8.108703417165239e-07 5.233294512781472e-06 1.1062396265633128e-07 6.164817422350207e-07 8.705683528974921e-05 5.555681027338157e-06 8.861077728513769e-06 1.26028096065429e-05 0.00015346451932043016 0.0013801376453574006 3.3495891912678504e-06 1.4159829624295923e-07 1.6058488791477784e-07 2.2679714290993076e-06 0.0 6.224209496432765e-08 4.285992717524465e-07 1.9279593177816148e-07 5.431559865159016e-06 7.277071222401804e-06 2.707922348441476e-06 1.703953802209904e-06 1.884200638479258e-07 0.0 2.3913350714339563e-06 1.9350260726852624e-07
1.0522463078784845e-05 7.486226325589884e-05 0.0 1.5369095452008233e-06 7.076784339818131e-08 8.298105103803782e-05 0.0008548430712099146 0.00013224926364227503 4.887525435619559e-06 2.874247805717852e-05 5.349698356452152e-06 1.3200674122794494e-07 6.807899771056529e-07 7.776226332557935e-05 1.221800698069409e-06 5.112770417297747e-06 0.0004177351623177615 2.3916390502500944e-05 7.796783082860532e-05 2.0953717010599314e-07 0.0002243964140835121 3.628582350013998e-06 0.004406514748300189 5.721156475462702e-05 5.827447762068574e-07 0.002391999768046236 0.005955085464941429 0.00021424760625240912 4.811867320505199e-05 0.0010337971194995777 3.385954270505896e-07 5.143542993163357e-06 3.0688103205896106e-06 4.685612687208691e-05 3.4329739836790127e-06 0.0002954729954514416 0.0016048927658475504 0.0002099520669182036 7.682392252145084e-05 1.3090045765833877e-05 9.956271989557435e-07 6.669098393157062e-07 1.8798473242218965e-06 1.6980218388310491e-06 8.286349251579857e-05 0.0010070823780305754 1.6272232728609926e-07 0.0 9.052436600725018e-07 2.7911213167099645e-05 2.082962960381317e-06 6.459604067517901e-07 2.1603859917113486e-06 2.694955272905679e-07 0.0 1.0981298816584725e-07 5.914313101689916e-06 0.0 5.333020467466597e-05 9.690975825641443e-06 6.112951908900126e-07 2.94719602919696e-06 4.7534357565998924e-07 9.137732779354112e-06 1.8592400042091905e-05 0.00019450216848248219 4.100467034496745e-05 1.3567609986265762e-06 6.809798112857291e-05 0.0025130615003829634 3.652676365507076e-05 2.572151364469536e-06 7.240349171666953e-06 0.0 1.206772623399954e-07 8.661966233127111e-08 8.58566444421698e-07 0.0 1.1231616952074565e-05 2.84619677601814e-06 6.0111012123173795e-06 2.868002553325383e-06 5.720398096475383e-07 0.0 0.0 0.0
1.0128209097823817e-06 0.0 1.5369095452008233e-06 0.0 5.297571020399547e-06 3.9752892383771724e-05 2.0501914849766732e-05 1.328090407702191e-05 0.0004460786115504489 0.002738993609948969 1.1706359212262226e-06 0.0025995180252378677 2.65230639017508e-07 1.3650935615191164e-05 6.969396598236582e-05 0.0 1.5566688677704462e-07 4.6382024504292903e-07 5.672928530484864e-07 0.0023701782505522904 1.5602626199585655e-07 1.5408354758078039e-07 2.2646375793529693e-07 0.001148394389593098 0.0 8.789175051337868e-07 4.0512631135970947e-07 0.003322235697145014 4.826364897953463e-05 1.0250815023133657e-06 0.0 3.6405646131327536e-06 1.1530589716671962e-06 1.8609420008887374e-05 8.023832241938372e-06 0.0001604262846186647 2.852059026764083e-06 5.093925156968185e-05 1.6507613022900887e-05 0.00020295948604940402 4.622091837020032e-06 9.667848775868478e-08 3.0167877107611537e-06 9.319327864234973e-08 0.0 0.0 0.00022531666158854847 4.462119672867567e-07 8.722157037741191e-06 3.747414920501638e-05 8.83092452420414e-06 6.844964108049064e-05 0.0002482111056290766 6.13469775277941e-07 7.430671630779661e-05 0.0 3.955668155174587e-06 1.2784710405426719e-06 0.0 7.486204393504501e-08 4.0317964394868e-07 5.819390786373372e-08 9.923258738216208e-05 0.0 3.2046588903229824e-07 1.9457716490011102e-07 0.0001250037444636309 9.658614164181653e-08 4.2030067974282614e-07 0.0 0.00015319018096934648 3.567229303557619e-06 8.461714406387597e-07 6.851428359703689e-08 7.561546994049746e-07 0.0 3.9542156216472695e-06 1.5145302125935463e-07 4.851074676837395e-06 1.9753509505977567e-07 3.779940020503979e-06 5.560203968313798e-07 2.7375322125183564e-05 1.3051167027172586e-06 2.1177680991544896e-07 0.0
4.5186729606518686e-08 1.7369111125551896e-06 7.076784339818131e-08 5.297571020399547e-06 0.0 0.00034521984706848075 4.7887200012994766e-06 8.486555241875907e-06 8.0120209519978e-05 6.560818707333712e-06 6.388901072971389e-08 0.00012636604809778787 0.0 1.537301046727603e-06 0.0010058007460955964 0.0 0.0 0.0 0.0 8.798513412736774e-06 0.0 2.133730184139785e-06 0.0 2.0041779782853963e-05 1.3111451905578723e-07 8.391076152713053e-08 2.5758644952575398e-06 9.80659080249141e-06 4.692789850416062e-07 3.1684568181781644e-07 0.0 7.196139693551127e-05 7.388303425315535e-08 1.3887176517076193e-06 7.516235895303321e-08 2.5212303870086058e-06 0.0 5.527104843064992e-06 2.5050535163168173e-06 0.0008051299964456652 0.0 3.040618666110458e-07 1.2377527785008125e-06 0.0 0.0 0.0 3.956135768305163e-07 0.0 0.0 3.346033987832431e-07 0.0 1.4561954006115827e-07 7.819425990158329e-08 0.0 1.439160382384964e-07 0.0 0.0 0.0 0.0 0.0 0.0 0.0 0.0 0.0 0.0 0.0 1.1487663983381541e-07 0.0 0.0 0.0 4.563065386894543e-07 7.572101305454495e-08 0.0 0.0 0.0 0.0 0.0 0.0 0.0 0.0 0.0 0.0 0.0 0.0 0.0 0.0
5.209841265726037e-06 1.4868197109603242e-07 8.298105103803782e-05 3.9752892383771724e-05 0.00034521984706848075 0.0 0.0024672740611946407 0.002721079671151531 4.952892850404145e-05 0.00510846017296648 1.703293624656025e-05 0.0026909148580758708 3.894977146339778e-06 0.00036625495733147293 0.0011387519678862429 7.583757479270489e-08 2.884211585535911e-05 3.967041558326361e-06 8.113364757599559e-06 0.00020551403466655585 3.1084824518294553e-06 5.504078984354707e-07 2.2651727056169275e-05 0.00013203697332316198 6.887311797839774e-07 3.7545862389556685e-05 1.88440044880987e-05 0.00036791635295389976 0.00022658829034989832 0.00010514554738789095 8.881438728052975e-07 0.00045763111700532026 2.4539028613404103e-06 0.0002781771286766524 3.8458037029450336e-06 0.00016136700086350652 8.504040908683366e-06 0.00020760012374252087 6.384701053268022e-05 0.001545004906322387 4.39301782102237e-05 3.849264100204345e-06 1.3276891556085523e-05 9.283859678464777e-07 0.0 4.829819375343123e-07 2.308740911076858e-05 0.0 3.044104499631142e-06 6.659417606065818e-05 7.4799911946510714e-06 6.781498049107284e-06 3.915780018057645e-05 4.2738742497517907e-07 1.1902674620279602e-05 1.1046492733813545e-07 4.894825440758305e-06 1.0122295331371705e-06 6.516084492478927e-07 3.924124059661714e-08 1.3842647238301407e-07 7.687362592451564e-08 1.3801528305847856e-05 9.0948157219978e-07 2.9092568078161805e-07 7.844192589603275e-07 4.3365211948811335e-05 4.50801461315409e-07 2.687318150450514e-07 3.7764352952306625e-06 6.0739943333213195e-05 4.259101950821691e-06 2.7959387751326885e-06 1.0658577541485934e-07 4.795598824578406e-07 2.4329758650801293e-07 2.495342962978251e-06 0.0 5.926156066301625e-06 2.8622675167496885e-07 3.855810275587458e-06 5.512671351568345e-07 2.138884975838326e-05 8.53548472861362e-07 1.7515915207610674e-07 6.485498303658857e-08
0.0011443094822774244 4.5821270901842456e-07 0.0008548430712099146 2.0501914849766732e-05 4.7887200012994766e-06 0.0024672740611946407 0.0 0.002923720508023398 0.0002690360825801265 0.002624508550967106 3.2009117318453466e-05 8.372639997418145e-05 1.8249891041067767e-05 0.0036440896238738095 2.6706517777346428e-05 4.09499450689888e-06 0.00015916502448119475 1.0741275639345896e-05 3.334983278256616e-05 1.0300180534245085e-05 0.00012132843187054417 1.8696636695671613e-06 0.0006955522069945074 0.0008426284768994522 0.0 0.00024101339928858239 0.0002993278836367331 0.008650832496270277 0.0012706811041065483 0.002832852969073773 8.113439547625729e-07 8.218997040813415e-05 3.897463886423954e-05 0.0005380644025325238 8.721613248219001e-05 0.0016993805766187284 0.00010170012569459872 0.0010541976993544168 0.00029915673863937316 0.0004598437069329441 9.532614281052094e-05 2.3614249585353383e-05 3.557183806580932e-05 1.0046494643383282e-05 5.717719918243118e-07 1.2819885482650171e-05 5.454818568945787e-05 0.0 1.655738286164948e-05 0.0005449610504711364 6.315484958431344e-05 2.934034455931763e-05 0.00021377762054492942 5.085468107097023e-06 1.730196316073433e-05 3.371710950039039e-07 5.199054150558769e-05 1.305840119755806e-06 1.5391134751847205e-05 1.6152853471457813e-06 2.476758440759449e-06 1.7893142757078574e-07 5.359938044120311e-05 1.1156898403770541e-05 3.169177268122362e-06 1.6741111986888517e-05 0.000465185712228762 3.4913542410301306e-07 2.864125368510545e-06 3.1485230478314196e-05 0.0005809522762952775 4.372437193591366e-05 4.873091979803161e-05 4.18693373748056e-07 9.276341986251962e-06 4.91094734039354e-07 3.47108285666035e-05 2.004690635851808e-06 5.823698794696233e-05 3.537429347792553e-06 4.26320178085671e-05 8.132345154522967e-06 6.627161977384535e-05 1.2076054802112681e-05 4.61110439087221e-06 6.560987005432212e-07
0.0002946882526712175 6.01157634177399e-08 0.00013224926364227503 1.328090407702191e-05 8.486555241875907e-06 0.002721079671151531 0.002923720508023398 0.0 7.526619683288811e-06 0.001298623624661228 1.0196420068792514e-05 0.00024489461375087657 1.9787903763215293e-06 0.0046228924651492325 8.730719780020075e-05 4.4770950018012305e-07 0.00013385375149599596 7.802451616617249e-06 3.40443867371264e-05 5.077379927146591e-05 2.159719948512406e-05 5.1181743740306513e-08 4.5369023460898004e-05 4.447025395844386e-05 0.0 8.345334517778503e-05 5.419239840601461e-05 8.736898267625422e-05 0.000317983239125242 0.0006609863395946113 2.96553906655489e-07 0.00024108836067618822 3.6508812424399633e-06 0.000607202069410717 6.379762802650311e-06 0.0001162527730783051 1.218470879721675e-05 0.00016945004770550187 5.870957766470506e-05 0.00030179070468698804 1.2540052716014114e-05 3.0895264559707342e-06 8.97267889806049e-06 1.0295792887138073e-06 6.029913172646588e-08 1.1801926081878573e-06 2.1691564456179794e-06 0.0 1.5449405635152329e-06 2.3295539352338578e-05 2.5746254094273963e-06 1.3160668864792342e-06 3.165928656611807e-06 4.790599176703587e-07 6.310204810752343e-07 0.0 1.0876916765992335e-06 0.0 1.168965268706038e-06 0.0 4.797663255588597e-07 0.0 2.7699550989372073e-06 1.9735629851762857e-06 2.69259286487273e-07 3.7760297140900296e-07 1.5833772943190242e-05 0.0 0.0 2.7222093819075263e-06 2.6436958701655354e-05 1.970315279756252e-06 3.0551622030051425e-06 0.0 0.0 8.431964778552011e-08 7.298951303826571e-07 6.768000051473655e-07 1.7012910416008106e-06 0.0 7.225493606304272e-07 5.257443773505644e-07 2.7020811772107716e-06 0.0 0.0 0.0
6.545883884871647e-07 0.0005045187903062206 4.887525435619559e-06 0.0004460786115504489 8.0120209519978e-05 4.952892850404145e-05 0.0002690360825801265 7.526619683288811e-06 0.0 0.0003941623667587324 8.13697784982094e-06 0.0002311318411572542 1.7770186616045304e-05 8.734779193253588e-06 0.0003275337432397081 6.686389041585181e-06 1.0314359480031994e-06 1.817453268957071e-07 7.24203257518121e-07 0.00035473617023256326 3.0926953784631036e-05 0.0013682686669431595 7.569153361069646e-06 0.004703031460301273 9.991902101684909e-05 6.245633926999746e-06 0.00040840473069915815 0.001253137845976633 3.023517246002407e-05 2.8924728625782667e-05 1.675551136618968e-07 6.3825108719167264e-06 4.53348481771012e-07 1.877499696731893e-05 8.645048255505141e-07 0.0002533032942001812 1.79668858120831e-05 2.6510433211147373e-05 5.70111238225704e-06 0.00042179785690411485 1.94638522721148e-06 2.023755738154659e-06 5.629282056174533e-07 1.785074396472142e-06 5.10405932405719e-06 2.7300907450532836e-06 5.93277635941991e-05 0.0 5.4438265937537895e-06 7.821293124417517e-05 1.1034912779581053e-05 2.0063024014081655e-05 7.607247686368606e-05 8.542936783253483e-07 1.2468052246788677e-05 3.9880254129405506e-07 8.165139387353487e-06 2.1528591540874684e-07 6.824904271872702e-05 5.002757690161784e-07 4.6852039478965887e-07 2.071573773414347e-07 2.937323015236341e-05 4.233755662360306e-05 1.6782220046255813e-05 2.1388270513022545e-06 0.0004926147992772564 0.0 2.224328738773227e-06 1.1914614522492791e-05 0.0002823465906860963 1.1346979899611273e-05 1.6493146344078355e-05 3.1556726790322956e-07 1.1023822255073194e-06 5.950336594190939e-07 4.578807136955748e-06 1.9344732166241343e-07 7.26919352587106e-06 1.4924731524413993e-07 7.319011725440693e-06 7.317848877973125e-07 4.332013533971917e-06 1.5064157729191647e-06 4.329381167300831e-07 8.980207759130037e-08
9.450724222043222e-06 3.098165554920382e-07 2.874247805717852e-05 0.002738993609948969 6.560818707333712e-06 0.00510846017296648 0.002624508550967106 0.001298623624661228 0.0003941623667587324 0.0 3.709516965206169e-05 0.003819520226898015 9.246122975357683e-06 0.0007000444035441218 5.782662405211271e-05 2.8939052400515146e-07 1.0065032842311025e-05 9.71463479749816e-06 6.097435183837782e-06 0.00219319687974854 2.1762459701539005e-06 0.0 1.6656768048365394e-05 0.000367384070795414 3.4165449193570293e-07 2.3847726638851564e-05 1.4599392248638908e-05 0.0032244756064924948 0.0009163350480635022 2.0501815806561115e-05 1.1133960985128863e-06 9.031779591740968e-05 7.879813773218035e-06 0.0003916444234897342 5.287615423095321e-05 0.0010313975109484568 1.92968627044761e-05 0.0008812930073766308 0.0001484938926423954 0.0006477560413938559 0.00011540482638802819 7.3212931205304435e-06 3.331751131302841e-05 1.2948009325528748e-06 0.0 5.691419866223051e-07 0.00021260313869196922 2.2433224617999784e-06 3.1926242068159644e-05 0.0001618210548799389 2.8368352309082868e-05 0.00011056954287839623 0.0005195778974398983 1.5500387968556391e-06 8.363816704819283e-05 2.971119551317301e-07 1.955700075326619e-05 1.695527587585085e-06 9.404722201105626e-07 2.9713014266893125e-07 1.3075653818352896e-06 7.375850079631513e-08 0.00015721485680022826 1.2540178686070429e-06 9.952381856568202e-07 8.382655097639959e-07 0.00026461067743697303 8.995323978097623e-08 7.799733685423901e-07 3.3935349759154877e-06 0.00031977590401102344 1.2809915590242173e-05 4.331129152064893e-06 0.0 1.6816807169321046e-06 2.967588802936419e-07 1.3516140007149494e-05 1.1542454291307868e-06 1.4200393437809427e-05 1.2400330468458745e-07 1.4269560491552959e-05 5.254962559634695e-06 6.966718216251318e-05 1.4710233043921255e-06 2.401069549318102e-06 3.1521903337253803e-07
1.502234719145796e-06 9.487169379026372e-05 5.349698356452152e-06 1.1706359212262226e-06 6.388901072971389e-08 1.703293624656025e-05 3.2009117318453466e-05 1.0196420068792514e-05 8.13697784982094e-06 3.709516965206169e-05 0.0 2.1603181095690804e-05 0.0014848234419992553 6.348939809654601e-06 2.3659539266561166e-06 4.919524027076911e-07 0.00012405139126066492 0.0020629975327153024 0.0007069773766939896 5.53029534741294e-06 8.47548866304009e-06 1.6040300216732522e-05 2.3771131600551603e-05 1.2501415354233993e-05 0.00030155741409565174 0.0016468807710153528 0.00032121778743016366 9.451578503435336e-06 1.83846029765793e-05 2.0181745811012502e-05 0.00015415351838376414 2.7408205164274712e-06 2.8240233606976934e-06 0.004853376644012913 1.8217212459190122e-05 0.0004926581465186932 0.0023777658419916322 0.003182746657571822 0.0006485404344184439 3.4524632109927054e-05 1.5990281198395773e-05 0.0007209543664528189 3.7731345436095867e-06 5.265543659394449e-08 1.83599109699802e-06 5.161149355453557e-07 3.5059346928977146e-07 0.0 1.6183956507456628e-07 3.155266018094668e-06 3.105803193800196e-07 1.4299376015173822e-07 0.0 0.0001900516509841913 0.0 0.0009460705928040662 1.4711828420506615e-07 0.0 2.923878996184983e-07 6.216325194361277e-07 1.4089846178297856e-05 1.7157431243848387e-06 0.0 0.0 1.9395187793450616e-07 0.0 2.823552686577377e-06 6.254257940246428e-05 0.00012107034210745179 0.00015847375436534836 4.2627454769564815e-06 4.059613042911644e-07 5.718750983529677e-07 8.941868581412015e-05 0.0 0.0 1.3045228988761946e-06 1.8053057264766309e-06 2.3052169677644262e-05 0.000161838520601018 1.4938469542140397e-05 3.353946402183931e-06 4.413595962103426e-06 2.1698943131571736e-07 0.00010432056239760372 6.810986112552675e-07
1.245864513987938e-07 3.0815732065137685e-07 1.3200674122794494e-07 0.0025995180252378677 0.00012636604809778787 0.0026909148580758708 8.372639997418145e-05 0.00024489461375087657 0.0002311318411572542 0.003819520226898015 2.1603181095690804e-05 0.0 2.4014370699620673e-06 0.000177351918184417 0.001209920715162312 0.0 1.8447193167578613e-07 5.414211175295065e-06 2.48807655361034e-06 0.003140509983742944 5.7837649971896915e-08 2.1606048665621125e-07 1.2946767371194415e-07 0.00024858575518199957 9.079577251231372e-08 8.731278857589797e-06 1.668056946422475e-06 0.0008062528439556276 0.0002757085289214229 7.999508570525757e-07 7.067274520740823e-07 9.255190923664764e-05 1.950086799476874e-07 0.00029935808141318474 2.8971303025980533e-06 0.00031470505629889326 6.3363092176413315e-06 0.0002809254061866173 3.91922934974515e-05 0.002124085338927166 2.79912388425148e-05 7.135536944036301e-06 5.5798283538172786e-06 0.0 1.3135617762313224e-07 8.02687377185925e-08 0.0003158499411556705 3.1847551331684353e-07 1.4362295241443797e-05 2.0030045070238326e-05 5.9703911895960645e-06 6.806532933974503e-05 0.00022786476358760012 3.9770481966955586e-07 0.0004753410582259713 7.581882012734315e-07 3.0098913806866077e-06 8.099764482064095e-06 0.0 0.0 1.0952559784840499e-07 0.0 0.00017287575567182623 7.355132531124761e-08 8.395770922253892e-08 0.0 8.413392170249871e-05 0.0 6.833868794876272e-07 9.014238265623745e-08 0.00010083492374741388 2.0929858238740474e-06 1.1174276332659189e-06 0.0 2.7336920980732887e-07 0.0 1.5214605562734155e-06 2.54004524870539e-07 1.0809400515283366e-05 0.0 2.6020024087167454e-06 1.0830277423047418e-06 7.202010031976557e-05 4.33152691171947e-07 1.0738859696855874e-06 0.0
5.524348464056485e-08 0.0004162123545363364 6.807899771056529e-07 2.65230639017508e-07 0.0 3.894977146339778e-06 1.8249891041067767e-05 1.9787903763215293e-06 1.7770186616045304e-05 9.246122975357683e-06 0.0014848234419992553 2.4014370699620673e-06 0.0 2.393179303668375e-06 7.731533087548505e-06 1.0752109369349412e-06 3.07551235293194e-07 2.6681148369492437e-05 3.471553534067005e-06 1.6719904074397993e-06 1.6408512827475184e-06 4.057649384190692e-05 8.38138511553147e-06 1.7922009742419256e-05 0.0027731076647539064 0.00022088309984199535 0.002700866285485791 9.058343695909615e-06 3.541055108919402e-06 3.0881774092484056e-06 0.0004495693501381805 4.295352355618931e-06 0.0 0.0004486779307481404 5.8902819266260965e-05 0.0007730756349477102 0.0019825916633746292 0.001411805528882217 0.0005144382640442387 9.73732929702687e-05 0.00011200139480036249 0.001316332657185761 1.8766050182563118e-05 0.0 9.616545742757081e-06 9.736688838913495e-07 0.0 0.0 0.0 5.573966356588892e-07 1.2683480939528694e-06 3.6810149963193825e-07 1.2422437574854203e-06 0.0004072053615066699 7.605187224316583e-08 0.0016234879311417649 3.16345815620495e-07 0.0 1.787462893339429e-07 1.162095830271422e-06 3.10544758472551e-05 2.692053459326335e-06 0.0 0.0 4.6244519399211354e-07 9.503739350752923e-08 7.18497244007728e-07 0.0002649308087673383 0.00032104340694317406 0.00036459703309676093 1.7467436641750442e-06 4.227648046526466e-07 0.0 0.00020952074017783353 7.009998520133403e-07 0.0 7.039295877345276e-06 2.8223840204124385e-05 9.296373139733817e-05 0.0003104436825584803 4.9551154486696446e-05 2.2587592044210392e-05 2.120540830045307e-07 6.663523354327323e-06 0.00029417770661965896 1.3836738683043485e-06
0.00241624356678128 4.1107503506582467e-07 7.776226332557935e-05 1.3650935615191164e-05 1.537301046727603e-06 0.00036625495733147293 0.0036440896238738095 0.0046228924651492325 8.734779193253588e-06 0.0007000444035441218 6.348939809654601e-06 0.000177351918184417 2.393179303668375e-06 0.0 2.390307862431099e-05 3.3886997247856813e-07 0.00015585863068608502 7.117901415490334e-06 4.5888238003010846e-05 4.224417030073196e-05 3.252914852277009e-05 0.0 3.933560403248323e-05 5.9131025342373484e-05 0.0 7.463583426038466e-05 6.280150460918596e-05 9.660293200621286e-05 0.001817947762370929 0.0011363768864332464 4.8245245203595766e-08 6.538221213011166e-05 3.94562206008426e-05 0.00017891226421165118 6.470211303059686e-06 0.00014230532507341655 1.1192425926732959e-05 0.0001968897977587055 4.113824660399013e-05 0.00018384214141681617 6.080173999783303e-06 2.374834890742969e-06 7.274394086408375e-06 6.775110092152472e-07 1.6008599353475138e-07 4.579798953968945e-07 1.3363911306677062e-06 0.0 7.733333681900042e-07 2.041461971338347e-05 1.3759268084308466e-06 5.552271638749906e-07 2.520032051778077e-06 2.3304238826024514e-07 2.229851027172409e-07 0.0 1.8183261181627185e-06 0.0 5.212474313138706e-07 4.2960422942558826e-08 0.0 0.0 4.4988914552961654e-07 2.113929449008042e-06 6.037191473865746e-08 2.2147290336382903e-07 1.9545104174386324e-05 0.0 1.4984925042604867e-07 1.9334329355049673e-06 3.2250792183690924e-05 3.2178611738127753e-06 7.83844355322481e-06 0.0 1.684088011656634e-07 0.0 1.1766152266611268e-06 0.0 1.5638463863718717e-06 6.647301094603609e-07 2.288754563536549e-06 5.016983663455187e-07 9.893404753165362e-07 5.518283854659023e-07 0.0 6.76438705073042e-07
2.663903879371807e-07 1.77081142792528e-05 1.221800698069409e-06 6.969396598236582e-05 0.0010058007460955964 0.0011387519678862429 2.6706517777346428e-05 8.730719780020075e-05 0.0003275337432397081 5.782662405211271e-05 2.3659539266561166e-06 0.001209920715162312 7.731533087548505e-06 2.390307862431099e-05 0.0 0.0 2.787757768320988e-07 4.067669408286805e-07 2.4765892882128924e-07 0.00014348067109964832 9.546544381518448e-08 2.6236174032657267e-05 3.5446966820300636e-07 0.000294296100515106 4.06839090985938e-06 8.832952368875303e-07 2.080752791987653e-05 0.00012968279293017082 1.1839142214854669e-05 1.4573109435812592e-06 1.2373133668508682e-07 0.0005494811946551932 0.0 6.469909953783967e-05 1.3447705384402025e-06 3.642480713838257e-05 5.65462336113805e-06 1.7829458536891005e-05 7.689383225956711e-06 0.0007972474068664822 8.003080125843487e-06 1.3822111180195561e-05 2.1419189795741533e-06 0.0 0.0 8.785464962760529e-08 1.5530508577081093e-06 0.0 1.9081631647449437e-07 1.5808207810394098e-06 0.0 1.0642430163336402e-06 1.668439645256365e-06 0.0 2.5908707533329383e-06 6.714047666014976e-08 0.0 0.0 3.098284661223633e-07 0.0 0.0 0.0 6.848388026949043e-07 8.497657092515284e-07 0.0 9.781435908047279e-08 1.897870779227643e-06 0.0 2.443983832065614e-07 7.286699927128196e-07 1.7116987118789557e-06 0.0 1.0541936931197772e-07 0.0 0.0 0.0 0.0 0.0 3.1008457049558545e-06 8.127221466142116e-07 2.566288728752491e-07 0.0 3.272390706070187e-07 0.0 6.332154548472784e-07 0.0
7.292423085936952e-08 5.020220070442844e-05 5.112770417297747e-06 0.0 0.0 7.583757479270489e-08 4.09499450689888e-06 4.4770950018012305e-07 6.686389041585181e-06 2.8939052400515146e-07 4.919524027076911e-07 0.0 1.0752109369349412e-06 3.3886997247856813e-07 0.0 0.0 6.9706215161912045e-06 1.3076532679210938e-07 6.345393563839467e-07 0.0 0.0009885283575416888 0.0012841937427334482 0.004276699022050294 0.000585459136882436 3.8407532107160885e-06 3.860245161465592e-06 0.00285278477094825 0.00038616404904466935 7.727000015260191e-07 2.2025856741975105e-06 0.0 0.0 0.0 8.531673998261633e-06 1.0114662523409745e-05 0.0009574096042760302 0.0002902986719341678 0.00011055165951061881 0.00021290148383630052 2.180390927722178e-05 1.0328836646969684e-07 3.9190216902293425e-07 7.088464579022784e-06 1.1126317008310172e-06 2.6299411184025773e-06 1.0385108290834456e-05 9.824359247005238e-08 0.0 2.08442565808469e-07 8.876033405142133e-06 4.142677788188438e-07 1.9157139081353264e-06 4.6409600641621865e-07 0.0 0.0 1.933987026290485e-07 1.0731029102947934e-06 0.0 0.002457872385713524 9.102960912412678e-07 0.0 1.604750303075223e-07 0.0 0.0004130558013814453 0.0006890676192930433 0.0013335418035320323 0.00012829267756106505 2.690267780257631e-07 9.083469027389946e-07 0.0002891601631237151 7.682382082804782e-05 7.0318209357039026e-06 7.05226948893923e-05 0.0 0.0 7.817684324554068e-07 6.513075473837117e-07 3.856506232918961e-07 1.2224248484313075e-05 1.4921742458542733e-06 3.237033767559033e-06 1.9829224448695096e-06 2.5367737924462497e-07 3.1245766382400914e-07 0.0 2.476263987631408e-07
4.783141608995851e-05 4.6197104710382e-05 0.0004177351623177615 1.5566688677704462e-07 0.0 2.884211585535911e-05 0.00015916502448119475 0.00013385375149599596 1.0314359480031994e-06 1.0065032842311025e-05 0.00012405139126066492 1.8447193167578613e-07 3.07551235293194e-07 0.00015585863068608502 2.787757768320988e-07 6.9706215161912045e-06 0.0 6.727347140623802e-05 0.0017049721827596719 6.313031578440573e-07 0.00044877280931289963 1.7599939188200052e-06 0.0027777801410031762 3.810214546109127e-05 1.976427555148861e-07 0.000529824208676716 0.002072021002442423 4.879846803420546e-05 0.0002482309704642443 0.001442237601169255 3.070546272659339e-07 6.504563790932808e-06 2.517225211508637e-05 0.002247049758036306 8.589437057735062e-06 0.0006466927533312045 0.0006564692768342798 0.0015141756336170236 0.0002677013190838057 1.5982355643384334e-05 2.4181564306638393e-06 5.14583389046666e-07 1.7586634493007493e-06 2.0590657806128696e-07 2.3843056535629902e-05 0.0001646079730168961 7.49723757140242e-08 0.0 2.585150059278191e-07 6.276471469086262e-06 1.218993174241524e-06 6.697077764241886e-07 3.449445019240691e-07 0.0 0.0 3.412476807654504e-07 1.0842757669760908e-06 0.0 5.801784006248683e-06 7.963557011283636e-06 4.085525776444593e-07 2.7770366846178355e-06 0.0 1.3496190851573485e-06 4.032203419668755e-06 5.222246950109681e-06 1.032799047579195e-05 3.083620407719746e-07 6.444063512744323e-05 0.0004687867617084431 9.494584085366107e-06 8.155611394823287e-07 9.870406720354144e-07 1.680069101138896e-07 9.999412179920484e-08 0.0 3.284727856208073e-07 0.0 5.467193034520414e-06 1.0588833641408916e-06 2.800026947585462e-06 1.2264803880104793e-06 8.819789361827491e-08 0.0 0.0 0.0
2.15442503813058e-06 1.3837454823189242e-07 2.3916390502500944e-05 4.6382024504292903e-07 0.0 3.967041558326361e-06 1.0741275639345896e-05 7.802451616617249e-06 1.817453268957071e-07 9.71463479749816e-06 0.0020629975327153024 5.414211175295065e-06 2.6681148369492437e-05 7.117901415490334e-06 4.067669408286805e-07 1.3076532679210938e-07 6.727347140623802e-05 0.0 0.0010015139836799952 1.2389408791337423e-06 6.825076468038353e-06 0.0 4.131312185865733e-05 1.6870016231918324e-06 4.734183811858856e-06 0.0008791306056504061 0.0002108509986437245 2.8811807667317407e-06 1.0863668452634578e-05 2.0664681359528976e-05 7.5664928633394725e-06 5.63850795906386e-07 1.2741203835248707e-06 0.0007376445370728622 3.752111727102978e-06 0.00032339775501924884 0.0005820230450037147 0.0012110592921290813 0.0002370845918348064 1.1098046542734733e-05 5.211115365147416e-07 2.049203279649684e-05 1.2777812615278845e-06 0.0 1.8678272071763334e-07 1.7654387857746892e-06 5.9164180579507845e-08 0.0 0.0 5.013594204163638e-07 0.0 5.6812190240170263e-08 0.0 1.1080727354802579e-05 0.0 4.833504642204424e-05 9.612541573815706e-08 0.0 0.0 6.854588221290847e-07 1.1887825989091538e-05 2.7688599359621086e-06 0.0 9.23614969332607e-08 0.0 1.5298194807664053e-07 1.2047624498413457e-06 5.371893062552466e-06 9.520119842050285e-05 6.465790304309857e-05 1.3066507562228828e-06 3.7460972719285215e-07 1.0089489784146592e-07 1.693605287436403e-05 0.0 0.0 1.4762705638020661e-07 1.0134124836079141e-07 4.140442228133713e-06 3.944037323724581e-06 5.013123600464865e-07 7.447428413958916e-08 0.0 0.0 0.0 0.0
1.3727853672414616e-05 4.14845998372417e-06 7.796783082860532e-05 5.672928530484864e-07 0.0 8.113364757599559e-06 3.334983278256616e-05 3.40443867371264e-05 7.24203257518121e-07 6.097435183837782e-06 0.0007069773766939896 2.48807655361034e-06 3.471553534067005e-06 4.5888238003010846e-05 2.4765892882128924e-07 6.345393563839467e-07 0.0017049721827596719 0.0010015139836799952 0.0 5.596091443951684e-07 7.842581302913406e-05 6.764689628627325e-07 0.0005137235068038798 8.507239107758592e-06 1.7816309614151812e-06 0.0029271233334858 0.0010762918197520647 9.440727510764216e-06 8.324895651495908e-05 0.0002402160440146815 1.854229192172404e-06 1.7209036807908991e-06 1.0051902431048131e-05 0.0017845703237143642 9.152994503314078e-06 0.0009457515398012324 0.0007169593709831425 0.0023647766582273896 0.0004239347274242953 1.7918770818565647e-05 1.381522227255166e-06 1.322909625759472e-06 2.9308176449121702e-06 3.5483708086727223e-07 2.0833083733555144e-06 1.0047234736243237e-05 0.0 0.0 0.0 8.945782375570252e-07 2.30849733704354e-07 2.2218460695237203e-07 0.0 1.5205342125162351e-06 0.0 2.5525551663623786e-06 1.6043475387963148e-07 0.0 4.618457376485224e-07 9.17913118204889e-06 2.0088042117025675e-06 5.747468841863275e-06 0.0 1.1918950865158262e-07 2.907732275303185e-07 1.625591089282426e-07 1.6679656519339834e-06 1.0246561796668132e-06 0.00010718649811619694 0.00010880395653132006 1.4823175020869754e-06 4.253728054698155e-07 4.7081474274857406e-07 2.025620650848904e-06 0.0 0.0 3.3214429258206184e-07 8.754132822008112e-07 8.273663032181256e-06 4.9321810553374626e-06 8.699817390020841e-07 1.7568561883764652e-07 0.0 7.823294480259975e-08 0.0 0.0
3.4961294319732014e-07 0.0 2.0953717010599314e-07 0.0023701782505522904 8.798513412736774e-06 0.00020551403466655585 1.0300180534245085e-05 5.077379927146591e-05 0.00035473617023256326 0.00219319687974854 5.53029534741294e-06 0.003140509983742944 1.6719904074397993e-06 4.224417030073196e-05 0.00014348067109964832 0.0 6.313031578440573e-07 1.2389408791337423e-06 5.596091443951684e-07 0.0 0.0 0.0 9.652985135502192e-08 0.00046391459469025695 6.421478548292201e-08 2.7910033329261114e-06 5.481106584985184e-07 0.0017338525897375575 8.755593492040522e-05 4.93907797695297e-07 2.547849786642381e-07 1.528223268981537e-05 4.485538497872729e-07 5.8576727850847284e-05 2.2144424742950568e-06 0.00018071495128957332 2.0174612071137046e-06 9.032001237914193e-05 1.651003865070047e-05 0.0005636638602253819 1.034967401538466e-05 4.386597675788627e-06 2.8506423659708265e-06 0.0 0.0 1.5300043607909228e-07 9.84004617530356e-05 0.0 1.2363407354828773e-05 4.476402219072891e-05 9.836508751899348e-06 6.898822887784208e-05 0.00020097998351410127 1.0558019521527639e-06 7.024528912142852e-05 4.85214727675008e-07 3.6946218938272834e-06 4.234215484520829e-06 0.0 7.509777770322945e-08 1.988951040689823e-07 0.0 7.65664039991371e-05 0.0 2.3475123742541406e-07 0.0 0.00010315170050302824 1.8663652089936215e-07 1.1617075775251643e-07 0.0 0.00013040180640634246 5.06223344381664e-06 1.5192229915520964e-06 0.0 3.5557635214255905e-07 0.0 2.9415425125995725e-06 0.0 7.847872434475235e-06 1.47819560710459e-07 4.850429047435368e-06 2.747042567268869e-07 4.568657913271348e-05 3.647142609663814e-07 3.703586884899378e-07 0.0
1.6476597516185384e-05 4.802917890481486e-06 0.0002243964140835121 1.5602626199585655e-07 0.0 3.1084824518294553e-06 0.00012132843187054417 2.159719948512406e-05 3.0926953784631036e-05 2.1762459701539005e-06 8.47548866304009e-06 5.7837649971896915e-08 1.6408512827475184e-06 3.252914852277009e-05 9.546544381518448e-08 0.0009885283575416888 0.00044877280931289963 6.825076468038353e-06 7.842581302913406e-05 0.0 0.0 0.00011327900417698792 0.0074192528262721925 0.00010832816576008225 4.0403771167242813e-07 2.830437692867791e-05 0.0008971588113474408 0.0014701653288971247 8.441131219368238e-05 0.005583925786693582 1.7810352843610698e-07 9.606475415144297e-07 1.4740529532597265e-05 0.001308077149137249 0.0001010022996570276 0.005603199241225485 0.0005794642962109931 0.002541904975303683 0.0020217347415607315 0.00015119749490146356 4.398468583668644e-06 2.7878509454120653e-06 4.2630718944236396e-05 5.812454879391596e-06 9.550701459103772e-07 7.008203132281293e-06 0.0 0.0 1.5411335467259518e-07 3.1226702824677236e-05 1.4898453960340025e-07 5.132559030534535e-06 2.969892667193194e-07 0.0 0.0 0.0 1.828880539894556e-06 0.0 0.0007374728607074014 1.279147176557174e-06 1.3160181735504785e-07 1.279977883164038e-07 0.0 0.0007345482248251661 0.0001022906805908236 0.0002349298281066116 0.00021240653444764535 0.0 4.5107240116038024e-07 3.318404281774577e-05 0.0002467148564124615 3.83080803157495e-05 0.0002768465548513544 0.0 9.196312226387312e-08 5.484409425778705e-06 1.2968962880100317e-06 3.852767318456638e-06 3.201379076435105e-05 1.2063034985535858e-06 3.878831303379885e-06 2.0269531156452143e-06 1.2968175520300626e-07 1.8042457554940094e-07 9.90168491820453e-07 5.299686089194006e-07
0.0 0.0016360751955166051 3.628582350013998e-06 1.5408354758078039e-07 2.133730184139785e-06 5.504078984354707e-07 1.8696636695671613e-06 5.1181743740306513e-08 0.0013682686669431595 0.0 1.6040300216732522e-05 2.1606048665621125e-07 4.057649384190692e-05 0.0 2.6236174032657267e-05 0.0012841937427334482 1.7599939188200052e-06 0.0 6.764689628627325e-07 0.0 0.00011327900417698792 0.0 0.00018523715497982703 0.0036866185181750866 0.00024370952679849469 6.525396323735161e-06 0.001015075664975136 0.00011827546165074282 0.0 1.0506486632499526e-06 6.973789734468144e-07 0.0 0.0 1.36271351570648e-06 0.0 3.928399046384056e-06 8.722674978801247e-06 2.9224758469384653e-06 1.5936912710814427e-06 6.46859694786845e-05 0.0 4.34071402172808e-06 0.0 1.696351876441987e-07 5.4613333541607955e-05 5.379801052553151e-05 2.4454963084104284e-06 0.0 9.345023276885873e-08 2.514231687484222e-06 4.0226461458609287e-07 1.9335350138790928e-06 7.813211054240168e-08 5.462259385715802e-07 0.0 9.903296820378683e-07 2.631260912015897e-07 0.0 0.000469308528935251 2.5733529954282826e-07 7.603094765532239e-08 2.624801003023098e-07 0.0 6.0600331459689735e-05 8.515264836945639e-05 0.00016619138474265494 6.061613576286031e-05 2.29794463124997e-06 3.7224243941644268e-06 0.0006195966175357548 2.672566746531209e-05 1.7430831054163585e-06 7.30315665772708e-06 0.0 0.0 0.0 1.0962706590249107e-07 1.130355437054507e-07 2.431458590680844e-06 1.8617048521135202e-07 9.148115816176477e-07 4.524513723437623e-07 2.594575184712983e-07 0.0 3.9198634624080145e-07 6.909236934967819e-08
1.3167015596975823e-05 3.928720999594858e-06 0.004406514748300189 2.2646375793529693e-07 0.0 2.2651727056169275e-05 0.0006955522069945074 4.5369023460898004e-05 7.569153361069646e-06 1.6656768048365394e-05 2.3771131600551603e-05 1.2946767371194415e-07 8.38138511553147e-06 3.933560403248323e-05 3.5446966820300636e-07 0.004276699022050294 0.0027777801410031762 4.131312185865733e-05 0.0005137235068038798 9.652985135502192e-08 0.0074192528262721925 0.00018523715497982703 0.0 0.00047590639405494715 4.424748603107081e-07 0.001673826256505934 0.007656111877533245 0.0024919926028213195 5.910165901430229e-05 0.004387448561552523 5.536778805369756e-08 1.3164545711583774e-06 9.004682198371684e-06 0.0010486706617780102 0.00013432167435225542 0.007775662949138073 0.0040120018444234845 0.003760785797010659 0.003620434131782626 0.00032592729636429004 1.365736572178692e-05 5.36419420387784e-06 8.896080696894284e-05 2.3841779140480303e-06 1.625575920482039e-06 8.999644609247345e-05 0.0 1.0169046409831696e-07 4.0193239391430515e-07 3.426679588316899e-05 1.6579916234340161e-06 3.3218074746754642e-06 1.048990611491216e-06 6.300872266172894e-08 0.0 1.7655323572264072e-07 4.361223483964477e-06 0.0 0.0016160122579332308 2.7627687353899683e-06 1.6199069440085536e-07 2.5999173629735e-07 8.558621210178592e-08 0.00022277941529571656 0.0002916111577912844 0.0012082435832169774 9.130664182222896e-05 1.4383873885800655e-07 4.615561891455221e-06 0.0006904593745310658 8.222631569422384e-05 9.319414111846209e-06 3.9413844629760186e-05 7.654871970367255e-08 1.7616562146504072e-07 1.321430407162084e-06 1.0692323497997766e-06 4.260931009560952e-06 3.298758601265936e-05 1.675738288911944e-06 3.288779437627045e-06 3.9171036468282034e-06 1.6942382911947025e-07 0.0 2.832742815322802e-07 1.141707662100882e-06
1.8377984968874827e-05 0.000706889790003028 5.721156475462702e-05 0.001148394389593098 2.0041779782853963e-05 0.00013203697332316198 0.0008426284768994522 4.447025395844386e-05 0.004703031460301273 0.000367384070795414 1.2501415354233993e-05 0.00024858575518199957 1.7922009742419256e-05 5.9131025342373484e-05 0.000294296100515106 0.000585459136882436 3.810214546109127e-05 1.6870016231918324e-06 8.507239107758592e-06 0.00046391459469025695 0.00010832816576008225 0.0036866185181750866 0.00047590639405494715 0.0 0.00010235901201314699 4.0211572292781e-05 0.0030370531165672733 0.0060008324504437945 0.00027082700715709215 0.00015492820204748514 3.924345840574823e-07 1.2390071899366448e-05 1.8439205007815348e-05 0.00010266998344438791 2.940749477762458e-05 0.0010416336334367947 8.561998570579559e-05 0.0002519280114765732 0.00012075602079382655 0.0005153824017150578 1.54775111265261e-05 7.576704987076706e-06 8.794885247887919e-06 2.21147599918535e-05 6.7253971446211714e-06 3.375050802517713e-05 8.806686828575603e-05 1.047594255576224e-07 1.233818691201231e-05 0.000496201164433294 3.733752078241981e-05 0.0002104622957019313 0.0001736055101609978 5.560952586875241e-06 2.3391027847472206e-05 1.4538073685264803e-06 4.1738819936540016e-05 4.09177324711567e-07 0.00034970513572480283 3.5212072007433126e-06 1.4450772145215881e-06 7.195076100553806e-07 5.334157779613157e-05 0.0003566652241405581 0.00011907007196331471 6.78177545318044e-05 0.00138485321144563 1.128588062892242e-06 6.880811349511988e-06 0.000126700312886318 0.0012518546354019222 8.649680573343644e-05 0.00023341190308268927 6.282289100742489e-07 4.7748680133476966e-06 2.7406861732496757e-06 2.6675489815407335e-05 8.84371550362923e-07 5.289761462345487e-05 2.779980262867014e-06 3.4326671194575156e-05 1.0594481707378866e-05 3.629955339122032e-05 8.672803643829947e-06 2.98340431721665e-06 1.6024924381704101e-06
