0.0 0.0 1.574795067314231e-05 6.078162557499405e-07 2.1903676005127753e-07 1.8672458885146922e-05 0.001362233693781249 0.0005894071814846638 2.637385338105783e-06 5.632939889747252e-06 3.688983671013157e-06 5.966680209492313e-08 1.3970525369441888e-07 0.0034508356836417814 0.0 2.8544629116434826e-07 1.132218444242851e-05 3.8473770678630823e-07 3.255774106779274e-06 3.3582375076792467e-07 3.003537516088241e-06 0.0 6.5697487684018585e-06 1.7092970926803154e-05 0.0 1.0208034934499556e-05 5.141624724852383e-06 3.870473308860052e-05 0.002930617714193055 0.0010114982857904044 1.1149971842312184e-07 7.9943274854878e-06 0.00010081234059756104 0.00033802959877272015 1.5445891230155556e-06 3.792483592872235e-05 4.1376026847560955e-06 4.550446597496199e-05 7.581941048126364e-06 2.789009753898918e-05 2.405015899885843e-06 0.0 2.4216030022221652e-06 2.0718909286631306e-07 0.0 0.0 0.0 0.0 0.0 2.735318350366465e-06 0.0 5.771475034162567e-07 0.0 0.0 0.0 0.0 7.491694095095422e-08 0.0 2.0560120359884217e-07 0.0 0.0 0.0 0.0 4.176743418644509e-07 0.0 4.0738019139226905e-07 4.573247274419565e-06 0.0 0.0 2.161368396815772e-07 8.39992720309905e-06 2.1985294863826124e-07 2.0538982098064843e-06 0.0 0.0 0.0 0.0 0.0 4.650936134801743e-07 0.0 0.0 0.0 0.0 0.0 0.0 0.0
0.0 0.0 3.2866072274418853e-06 0.0 0.0 9.49292315342179e-08 2.2748241775327686e-06 0.0 0.0004915074201070718 9.422706162149995e-08 0.00011938043977251773 4.2902807543854594e-07 0.0003313778726398745 0.0 2.7516763780396593e-06 8.374806534638317e-05 4.439000971653426e-06 4.347880206902749e-06 3.6445090838816593e-06 0.0 6.495429903764523e-07 0.001971735252159274 2.9038329362209728e-06 0.000535338010971895 0.0007759111577264154 7.179504625060957e-05 0.0016901439132705298 7.39725957669251e-06 0.0 7.234357826466031e-08 7.493591140940488e-06 9.420894851277052e-08 0.0 2.8566484923747178e-05 1.6924869155330453e-07 2.1047264286370595e-06 3.819978443044186e-05 5.183362377675373e-05 6.561096993834284e-06 1.5748314979256316e-05 7.897463514919528e-07 7.268661715224488e-05 0.0 0.0 0.00018572442499560169 8.114525845456814e-05 0.0 0.0 0.0 2.553362831209896e-07 3.5542538139200735e-07 3.129970029983826e-05 7.884120027810006e-08 3.389314157891825e-06 0.0 1.6522892096292832e-05 0.0 1.0902487975447663e-06 1.7373530140417847e-05 7.501724804487743e-07 1.1803415896679324e-06 3.3527196078196766e-07 0.0 5.37767223511447e-07 0.000147157377576693 5.7014867554144844e-06 1.2106345112610643e-05 9.147015848527692e-05 0.0001113709400940796 0.0011311968014563192 1.0128143799986682e-06 0.0 1.5253310951792312e-07 2.422670595356911e-06 0.0 0.0 6.424220466355668e-07 0.0 2.857753881202323e-06 6.331490832803247e-06 4.357167806214536e-06 1.1784316970805506e-06 2.0262127497014883e-06 0.0 1.8640880279014726e-06 0.0
1.574795067314231e-05 3.2866072274418853e-06 0.0 8.721035265270647e-08 0.0 5.2461656609613975e-05 0.0008966113834546055 0.00015976617571585331 1.2710374709735396e-05 9.663214340006964e-06 1.1245786019818669e-05 4.1675393078128766e-07 9.010554311336355e-07 6.519515844470053e-05 2.545413134485697e-07 9.062056140169469e-06 0.0008241971307613498 6.91822136150088e-06 0.00015714135485693967 1.0263613526319423e-07 0.0003109382413912615 1.7700894271474819e-06 0.00415360302175537 3.3643790674676505e-05 2.253783736321263e-07 0.005630635874732891 0.0055059566942823905 0.00022858727410090564 3.537800280262292e-05 0.0009082141395829755 4.856986342172112e-07 3.0060208104053396e-06 3.333790752436097e-06 0.0003923721929899927 2.1985548238657826e-06 0.00042937413262926136 0.004212777147384921 0.0007935847711764094 0.0001676134295522018 6.402051183799735e-05 3.6986296471732624e-06 1.7341880548822265e-06 2.8140805244585633e-06 1.672753650300419e-06 5.091479844684921e-05 5.748723683082769e-05 0.0 0.0 0.0 7.025716695716695e-06 4.4596656962903654e-07 4.81680701699197e-06 0.0 0.0 0.0 2.3592176195353463e-07 8.706198106521239e-07 0.0 8.581227882123112e-06 1.0338120826211925e-06 7.188475376322241e-08 2.7716417500857735e-07 0.0 2.2243058027308824e-06 1.561699206226641e-05 7.338712779740277e-07 2.5246578602637968e-05 6.37336314133682e-07 9.472044422804182e-06 0.0005521678655719622 1.6238525827624524e-05 1.1014215780322968e-06 3.2780851233368726e-06 0.0 0.0 0.0 1.8694859307174448e-07 0.0 1.5683749615495696e-06 1.6147034078663512e-06 5.361245038812923e-07 3.109408078057814e-07 1.666266057707401e-07 0.0 0.0 0.0
6.078162557499405e-07 0.0 8.721035265270647e-08 0.0 4.468869745742436e-07 4.9690159933191826e-05 2.2433376609987455e-05 1.8109968219603e-05 0.0006782716109782513 0.0017781022849140302 1.40744407222935e-06 0.0014682023655178068 0.0 1.2326609924247494e-05 1.3685804787252267e-05 1.2732118437967652e-07 7.053244539244578e-08 2.592265934124247e-07 6.294388759685216e-08 0.0014519336307198714 0.0 3.671227238918168e-07 5.522238964943258e-07 0.0009348695929049481 8.023960469989606e-08 5.524980667216138e-07 2.8181574777219556e-06 0.002247265974071542 3.4144764545852616e-05 2.297033985330679e-07 0.0 1.5847649250088422e-06 1.13795581654688e-06 2.4745761009964512e-05 2.410652698094854e-06 0.00014654372359673807 5.549396720402404e-07 3.2958018324207594e-05 8.921742964879695e-06 0.00020456914672617435 4.859214899031234e-06 0.0 7.883617188024699e-06 0.0 0.0 0.0 5.9378940831032086e-05 0.0 3.84101683172314e-06 1.653437300218132e-05 5.976060541046285e-06 4.3288509658594065e-05 8.249490947700391e-05 2.0312732490654585e-07 1.0389263394331038e-05 0.0 2.249682427647691e-06 1.9533764470033285e-07 5.345715948261729e-07 0.0 0.0 0.0 4.282733119571405e-05 1.6104530082368197e-07 0.0 0.0 8.135525137196198e-05 0.0 0.0 0.0 9.951685056299645e-05 2.7862371040509063e-06 1.6506504833534285e-07 0.0 7.967943640373372e-07 0.0 6.853970389994491e-07 0.0 9.44424988507966e-06 0.0 5.613417076618661e-07 1.7854155723150675e-07 1.8562349524285026e-05 4.360154633905992e-07 0.0 0.0
2.1903676005127753e-07 0.0 0.0 4.468869745742436e-07 0.0 0.0004039580621308318 3.727479397774891e-07 1.0608903478648482e-05 1.9306454493862726e-05 3.897280830697362e-06 2.5106353887572866e-06 3.7828979988561916e-05 0.0 1.23194074193447e-06 0.0006397420789808447 0.0 7.391474773945785e-08 0.0 0.0 9.821773731744213e-07 0.0 0.0 0.0 1.4224524308529302e-06 0.0 0.0 0.0 6.29533965185884e-07 3.284318579991621e-06 0.0 0.0 0.00036311706163927147 0.0 2.4446105528211037e-05 0.0 0.0 0.0 1.5239792189205702e-05 9.560286301961037e-07 0.0006989195362746048 3.589305214287451e-06 0.0 0.0 0.0 0.0 0.0 0.0 0.0 0.0 0.0 0.0 0.0 0.0 0.0 0.0 0.0 0.0 0.0 0.0 0.0 0.0 0.0 0.0 0.0 0.0 0.0 0.0 0.0 0.0 0.0 0.0 0.0 0.0 0.0 0.0 0.0 0.0 0.0 0.0 0.0 0.0 0.0 0.0 0.0 0.0 0.0
1.8672458885146922e-05 9.49292315342179e-08 5.2461656609613975e-05 4.9690159933191826e-05 0.0004039580621308318 0.0 0.0018302946954164715 0.0024888084606024775 7.110165546891227e-05 0.004013938030503265 7.833856065461317e-05 0.0018602922624060309 2.7706812888384422e-06 0.00035887682063413974 0.0007761850005060162 1.5968389600182534e-07 2.7955435674503638e-05 4.226515000592144e-06 1.1201198245705976e-05 0.00015644836376974287 3.5110710087733203e-06 0.0 2.5849098962265933e-05 0.00017337537420019532 1.4169531167247156e-06 3.741780608910178e-05 3.807887344516554e-05 0.000739909656048793 0.0003057127587089119 0.00010142729582116025 1.4540295638756368e-06 0.00045273030424935627 4.49776004982064e-06 0.00047829513552773736 3.047965540684049e-06 9.004466342043485e-05 1.621326235899914e-05 0.00011004074197958932 1.5884903786969345e-05 0.002114303753785726 0.0001285849271370727 1.6534874221546191e-06 7.021392014541301e-06 0.0 0.0 0.0 8.670616883913123e-06 0.0 1.1651671379497336e-06 2.5856220047179813e-05 4.243719470838403e-06 2.542382521069933e-05 3.354289951125571e-05 1.3716418279566336e-07 4.9392644419175725e-06 7.202087460394825e-07 1.2085738127727617e-06 1.2231376176430564e-06 0.0 0.0 0.0 0.0 1.081129722572046e-05 2.471435171935394e-07 0.0 0.0 8.84444694596987e-05 6.693563989031076e-08 0.0 1.1077568572423534e-06 5.320692980104924e-05 3.259686022676513e-06 7.119423614654377e-07 0.0 0.0 0.0 1.0254374429137485e-06 2.5043155894727526e-07 1.1924683055277678e-05 0.0 4.093386413511035e-07 0.0 2.4036166349225883e-05 0.0 0.0 0.0
0.001362233693781249 2.2748241775327686e-06 0.0008966113834546055 2.2433376609987455e-05 3.727479397774891e-07 0.0018302946954164715 0.0 0.003302664739481627 0.0004259063542336711 0.0030021557262146525 3.4970618124384684e-05 3.709965774020014e-05 3.254475204765344e-06 0.0026599424934922846 3.5950828601772537e-06 8.609762123362483e-06 0.00017347744301030542 3.6630308393206503e-06 3.8580653806957866e-05 7.127602527214696e-06 0.00019545202804898998 6.152788682085872e-06 0.0008127667351639782 0.001672255850335702 6.02317665900557e-07 0.0002561689154245839 0.0006870156198923474 0.00981889488515096 0.0011665356728394027 0.002896085201935802 6.716263010351543e-07 4.511321753855679e-05 6.02831542958693e-05 0.0007217745030767838 4.027908356533372e-05 0.0013187680771592348 0.0002108317727042138 0.0007716598180167205 0.0002234175402619358 0.0010848509785794144 9.71767773331764e-05 3.3403404795596707e-06 8.188979876482688e-05 3.1134199014680274e-06 1.432614443404161e-07 5.075158515851814e-06 1.0646739694293048e-05 0.0 4.640435589414571e-06 0.0002378018607480996 2.3726754880723438e-05 5.433288299770703e-05 4.727404983707161e-05 3.7402851999217887e-07 4.753193509064098e-06 6.353456153530026e-08 9.212182888513232e-06 4.869151280312761e-07 4.37395470516294e-06 1.478951040926768e-07 0.0 3.1741384730466294e-07 2.512034916425066e-05 5.87279923653083e-06 7.623145792544242e-07 3.929191150396165e-06 0.00045389276125254186 1.624129970506378e-07 3.8385562110162235e-07 1.2353841666630604e-05 0.0003410065898308205 1.6681833158422158e-05 3.4572497463430516e-05 0.0 6.238844184418574e-07 2.4482549962288546e-07 7.3653920078586e-06 3.9313409879670944e-06 4.600855384614396e-05 8.748322899882867e-07 5.173560179481801e-06 1.0780291456626015e-06 6.316818391018678e-05 1.999404029121333e-06 5.151193804697286e-07 1.7805654820894383e-07
0.0005894071814846638 0.0 0.00015976617571585331 1.8109968219603e-05 1.0608903478648482e-05 0.0024888084606024775 0.003302664739481627 0.0 9.733737228601618e-06 0.0014337889955876148 2.9245932171737405e-05 0.00031570284177018644 1.1002850310976634e-06 0.003610437822987792 2.8901739158111657e-05 9.76066583574216e-07 0.00010830511158786384 1.8625906765568465e-06 3.8885110045114044e-05 4.23817273087096e-05 1.4807270352273616e-05 0.0 5.0358636314901494e-05 0.00012709139168615673 3.2235552811262315e-07 0.00010089322164937306 8.037241540836382e-05 0.00022509444856588714 0.0005743587043354282 0.0009193236208382113 5.907075007925756e-07 9.223953895080515e-05 1.2258209694353748e-05 0.0005268238589083059 2.3892904868057733e-06 6.155943101147053e-05 3.6694701022603896e-05 0.00012120462640496448 3.238608675775798e-05 0.00037810772022936755 9.484546323077781e-05 4.0440704520517047e-07 3.6337696308255357e-06 6.355887766255968e-07 0.0 0.0 1.6099903904784535e-07 0.0 0.0 2.699877310084689e-05 2.047586972970842e-06 2.28015909878023e-06 1.5625010295409475e-06 6.248778834796454e-08 1.974250776706348e-07 2.014971880865894e-07 5.035428022580425e-07 0.0 2.9875610544618674e-07 0.0 0.0 0.0 1.6857792342447675e-07 3.649898148040711e-07 0.0 2.044035410343815e-07 5.3700602070019814e-05 0.0 5.247591634320338e-08 8.68695119452358e-08 3.8704146324540166e-05 5.552639218521178e-07 2.180143981295222e-06 0.0 0.0 5.35880894537896e-07 0.0 2.749771966647159e-07 2.3804995893230986e-06 4.866985072812661e-07 6.487308835303378e-07 3.102978937221634e-07 4.701006291490494e-06 2.1137154532077303e-07 0.0 0.0
2.637385338105783e-06 0.0004915074201070718 1.2710374709735396e-05 0.0006782716109782513 1.9306454493862726e-05 7.110165546891227e-05 0.0004259063542336711 9.733737228601618e-06 0.0 0.0006320971635210654 2.9512283796769537e-05 0.00012621614070162463 5.3635355828916513e-05 2.5902325642721044e-06 0.00023313232461119336 6.224341967800733e-06 2.4528847767928005e-06 5.84784888653376e-07 3.9699637151804444e-07 0.0005402122773793819 4.8106725287428985e-06 0.0011707487155018395 1.5994989163767412e-05 0.004806587656681254 0.0001726367793721006 9.486056382446914e-06 0.0004550895822602426 0.0012684396862065869 2.155285890303914e-05 4.704185644464227e-05 2.4188374785412954e-06 1.9657838344136533e-07 5.024047349516593e-06 1.7210168528375337e-05 1.7219770391044271e-06 7.077240046679416e-05 1.0775006166892342e-05 3.722364822403053e-05 1.2829715722438376e-05 0.0003235708367855543 1.5073433848948395e-06 6.50816433989475e-06 2.262516709911331e-06 6.670888476082834e-07 9.557978123534165e-06 8.053069481722926e-07 3.0401205347820866e-05 0.0 5.808580538398111e-06 3.401833506533499e-05 6.487624338527679e-06 5.152498090926389e-05 0.00013340016912868403 2.764322973878789e-07 1.740976067899789e-05 8.84012646929447e-07 4.737194533414404e-06 2.253984079211445e-07 4.861959066307321e-05 0.0 0.0 0.0 7.556304645261951e-05 4.5495181641042895e-05 7.956508526707075e-05 3.863663551518875e-06 0.0005213058933971555 2.3939094093252117e-06 9.487223692817992e-07 4.636042901525931e-05 0.00023276099126162813 5.349334162955069e-06 9.068630621670377e-06 0.0 0.0 0.0 1.6684711430220354e-06 7.098992445388587e-07 5.15039258658546e-06 4.3296933076639387e-07 1.0662317544768248e-06 7.892188371227442e-08 1.4590889007107031e-05 1.9092810014259545e-07 8.142930633517274e-08 0.0
5.632939889747252e-06 9.422706162149995e-08 9.663214340006964e-06 0.0017781022849140302 3.897280830697362e-06 0.004013938030503265 0.0030021557262146525 0.0014337889955876148 0.0006320971635210654 0.0 5.706913766567014e-05 0.002260455127471406 2.1793367357104137e-06 0.0006897671936713803 7.116078067002852e-05 1.2748285814583495e-07 2.269238373463819e-06 6.264099339182297e-06 4.5200417576374114e-06 0.002742177899213395 5.34392882093619e-07 0.0 7.930321222018967e-06 0.0005871720583290058 1.0355040839016314e-06 1.3741580717432759e-05 1.4838658737005391e-05 0.003561218263937 0.0006185946298164657 1.1598044832679008e-05 1.3079177508858768e-06 6.916563974610603e-05 4.33124273035994e-06 0.0005006195376757562 8.892535316190334e-06 0.0006301006904212684 8.674815663331062e-06 0.0004641823501123012 5.1211403735720455e-05 0.0017914020911969136 0.00011347096244219293 2.706606795848552e-06 8.696952868314128e-05 0.0 1.2988537695941613e-07 0.0 4.328478863313447e-05 0.0 5.7720762224199756e-06 4.338756966099159e-05 8.490288414184542e-06 8.203073191665796e-05 0.00012812716905642 3.826952834487793e-07 2.6400360457918767e-05 3.456920498393445e-07 1.4553826517668498e-06 7.639679850663132e-07 0.0 0.0 1.9347128863623804e-07 0.0 7.104585916992414e-05 9.060616955166721e-07 0.0 1.6229464497929888e-07 0.00017591004310015698 0.0 0.0 3.100088880547538e-07 0.0001582448020802063 4.160923352141966e-06 1.3546231720582444e-06 0.0 0.0 0.0 7.362739195467328e-07 6.479425428506079e-07 1.6646428899229076e-05 2.3551913657901195e-07 1.1884533100217929e-06 0.0 5.4825730196468006e-05 2.2991963872979381e-07 2.3394605206188176e-07 0.0
3.688983671013157e-06 0.00011938043977251773 1.1245786019818669e-05 1.40744407222935e-06 2.5106353887572866e-06 7.833856065461317e-05 3.4970618124384684e-05 2.9245932171737405e-05 2.9512283796769537e-05 5.706913766567014e-05 0.0 1.684813572307153e-05 0.0010291963303499909 2.1522016934512672e-05 6.296099530835696e-07 3.6059712507404327e-07 5.119367400373492e-05 0.0007665587501658027 0.001323154036635641 4.0002295628625994e-06 3.7972082680803315e-06 4.912754810439263e-05 9.973193661526729e-06 1.302203947719839e-05 0.0012406721414579488 0.0014330987143681814 0.0009131843609205115 1.3054309195715217e-05 6.30567809781259e-05 1.5459020422800467e-05 0.0005044492848393534 5.594024718383432e-05 9.201030130038815e-07 0.0049249081631231465 1.3421321378084954e-05 0.0003161319000842662 0.0023681422222139137 0.004822386878617043 0.0011128816133168186 0.0002887908341521343 8.326844988096324e-05 0.0007273254247478508 1.105598212931876e-05 0.0 7.693194738851349e-06 4.0557280881128934e-07 0.0 0.0 0.0 2.1656877379692773e-07 0.0 5.497075247312963e-07 1.2027715536786214e-07 0.0007147494058236063 0.0 0.0013073652705148835 0.0 0.0 7.913228671265955e-08 5.163888325698381e-07 6.125500072152415e-05 2.1889960803391104e-06 0.0 0.0 1.3625376185000198e-06 0.0 2.2994197291099807e-06 0.0003188400574659535 0.00022811162822975739 0.0002266959398082167 4.129409955656382e-07 0.0 6.618347632439007e-08 0.00015580315870011326 0.0 0.0 1.0084993182282203e-05 2.568216501061467e-07 7.975444664775679e-06 0.00011044347264461259 1.4779666299881622e-05 1.0381180982718002e-06 0.0 0.0 0.0001664771518344646 0.0
5.966680209492313e-08 4.2902807543854594e-07 4.1675393078128766e-07 0.0014682023655178068 3.7828979988561916e-05 0.0018602922624060309 3.709965774020014e-05 0.00031570284177018644 0.00012621614070162463 0.002260455127471406 1.684813572307153e-05 0.0 6.149831114031595e-07 6.468943685520116e-05 0.0007152441893143042 0.0 7.144058056322037e-08 1.1321615245198789e-06 1.21920203685571e-06 0.003954529458820671 0.0 5.220826462539381e-07 0.0 0.00020807945638899928 1.4854254185000996e-07 2.802576770028145e-06 6.575068105378543e-07 0.0005915385558224977 0.00010825657562253284 8.179483513004819e-07 1.801604370398027e-07 2.392035991235617e-05 0.0 0.0001026742672546719 1.8068728973733351e-06 0.00018256129476898882 7.936018166060726e-07 5.883297360494283e-05 4.217712919753284e-06 0.0019345623978183468 2.0999707616605465e-05 1.7227175773813155e-07 7.171912856500478e-06 0.0 0.0 0.0 9.415820320545226e-06 0.0 1.8046099311317881e-06 2.7873480066045607e-06 1.990906219046937e-06 9.086504859558602e-06 3.130248480207969e-05 8.077087549829552e-08 3.682507962117127e-05 1.410283944973601e-07 1.3994439460570587e-07 0.0 0.0 0.0 0.0 0.0 1.7983014508522717e-05 1.1889201506940198e-07 0.0 0.0 1.5638978786046436e-05 0.0 0.0 7.392354956864051e-08 2.609721366371627e-05 1.2142629125065048e-07 2.1254885442249342e-07 0.0 1.1254965265789763e-07 0.0 8.226382899730883e-08 6.083840658015647e-07 5.538783598760671e-06 9.980188488681693e-08 8.93551693754691e-08 0.0 1.4748756528422058e-05 0.0 0.0 0.0
1.3970525369441888e-07 0.0003313778726398745 9.010554311336355e-07 0.0 0.0 2.7706812888384422e-06 3.254475204765344e-06 1.1002850310976634e-06 5.3635355828916513e-05 2.1793367357104137e-06 0.0010291963303499909 6.149831114031595e-07 0.0 4.694335597526244e-07 7.925862426500726e-07 5.367965118772714e-07 1.680663309136363e-06 7.217670086199947e-06 6.333388203959992e-06 1.825732369300094e-07 3.2687287973295776e-07 8.207117727927344e-05 8.557860523304474e-07 1.6635415656498948e-05 0.003628404838827563 0.00013886227175629736 0.0021949305420666757 4.459329514291646e-06 1.4855579185604665e-06 3.3118087917100758e-06 0.0004509496170577335 9.211372893124051e-07 0.0 0.00036323975872683457 6.018689748578982e-05 0.0006788171123396034 0.0010882320984675795 0.0008286850475795118 0.00022171793804344367 5.837840626102424e-05 6.315941604231575e-05 0.0003672028754905007 1.552662010975757e-05 0.0 1.3415282703332076e-05 3.0054416574106683e-07 0.0 0.0 0.0 1.9941552479511018e-07 0.0 2.2653752052146754e-07 0.0 0.0003606735099501838 0.0 0.000551748230957166 6.843287768274771e-08 0.0 0.0 1.9951580672341305e-07 3.537479799155518e-05 1.0103703379114318e-06 0.0 6.14966925612675e-08 8.455734384683505e-07 0.0 1.3498890339630828e-07 0.0002244905782916913 0.00014191082973251336 0.0001712958747408271 0.0 0.0 0.0 8.86184456051129e-05 4.7208371440886545e-07 0.0 1.5020131186733553e-05 5.4908324425509295e-06 0.00021109316006075914 8.555387856244729e-05 3.6563579313956e-05 9.825840845863823e-06 1.0219774450896375e-05 2.7508532376034893e-05 0.00011267194037447238 1.2068405275989599e-05
0.0034508356836417814 0.0 6.519515844470053e-05 1.2326609924247494e-05 1.23194074193447e-06 0.00035887682063413974 0.0026599424934922846 0.003610437822987792 2.5902325642721044e-06 0.0006897671936713803 2.1522016934512672e-05 6.468943685520116e-05 4.694335597526244e-07 0.0 4.556697638167853e-07 4.2817306427863323e-07 4.929702628799009e-05 1.3571845841438284e-06 1.685360095006002e-05 1.826010693696134e-05 6.232509310313627e-06 0.0 1.707434296937711e-05 2.2114974468873102e-05 1.0716008886921137e-06 4.8570692125600794e-05 3.2984345153846925e-05 0.00010306130941414568 0.0023617269911680263 0.0010152826757011478 4.2912798295152094e-07 5.6950779152546215e-05 3.6717888103511157e-05 0.0005675593366758741 1.5968565084350134e-06 4.205689377719811e-05 1.58881826340647e-05 0.00012105849136901745 2.1747472124666575e-05 0.0002751796577697192 0.00013096035993255783 5.43196620180652e-07 5.409088394098024e-06 0.0 0.0 7.519997438698675e-08 2.7511758399879246e-07 0.0 0.0 6.561915950639512e-06 5.490551336433143e-07 1.018056372589348e-06 1.253883665259096e-07 6.258409901860963e-08 0.0 9.17774033043464e-08 0.0 0.0 1.6285466596451251e-07 0.0 0.0 7.376833293239852e-08 0.0 6.978355581235914e-07 0.0 0.0 1.0399153710251323e-05 0.0 0.0 3.7137079723595014e-07 9.9258685216072e-06 1.5371805423714917e-07 2.2475964555109636e-06 1.4559973558037988e-07 2.2044619438035467e-07 0.0 0.0 5.088518949858387e-07 1.0735529183487695e-06 0.0 2.8822803746343937e-07 1.2328280203300964e-07 0.0 0.0 0.0 0.0
0.0 2.7516763780396593e-06 2.545413134485697e-07 1.3685804787252267e-05 0.0006397420789808447 0.0007761850005060162 3.5950828601772537e-06 2.8901739158111657e-05 0.00023313232461119336 7.116078067002852e-05 6.296099530835696e-07 0.0007152441893143042 7.925862426500726e-07 4.556697638167853e-07 0.0 0.0 0.0 0.0 0.0 0.00014864267999668894 0.0 7.427272132405371e-06 1.35102480137728e-07 7.177782490712172e-05 1.2340219632931038e-06 0.0 4.8117281344491975e-06 1.729546282593264e-05 5.122011751285254e-07 0.0 0.0 0.00011705852843590296 2.1102069974470558e-07 8.364210337796997e-07 0.0 1.0850008572745348e-06 1.833111174718659e-06 4.949487226373083e-06 1.5020203651444378e-07 0.0007561147253441738 1.203308260251026e-05 1.1550197275962888e-06 0.0 0.0 0.0 0.0 0.0 0.0 0.0 0.0 0.0 0.0 0.0 0.0 1.0495751152347778e-06 0.0 0.0 0.0 0.0 0.0 0.0 0.0 7.83029015198581e-08 0.0 0.0 0.0 1.8091278474440928e-07 0.0 0.0 2.3754528819466968e-07 2.5985594875080944e-07 0.0 0.0 0.0 0.0 0.0 0.0 0.0 0.0 0.0 0.0 0.0 0.0 0.0 0.0 0.0
2.8544629116434826e-07 8.374806534638317e-05 9.062056140169469e-06 1.2732118437967652e-07 0.0 1.5968389600182534e-07 8.609762123362483e-06 9.76066583574216e-07 6.224341967800733e-06 1.2748285814583495e-07 3.6059712507404327e-07 0.0 5.367965118772714e-07 4.2817306427863323e-07 0.0 0.0 1.737122787284279e-05 7.862702243465543e-08 2.0075884474283583e-06 0.0 0.001149565469184623 0.0005944335148760682 0.0061238718794625665 0.0008540704847968567 2.9885670716200723e-06 4.893289670774665e-06 0.0029685981031367338 0.0004164156033520501 2.984910684977159e-07 2.5136477239532995e-05 0.0 0.0 1.0211422484799112e-07 7.776953297058397e-05 1.062576146126757e-05 0.0015071063088595335 0.0006723593676945887 0.00022132682017057364 0.0004750016355197312 5.7823530018623315e-05 1.7706630007399725e-06 7.078720187808669e-07 1.1703939047262773e-05 1.4129770775991153e-06 2.8637931206471705e-06 1.0350346444187514e-05 0.0 0.0 0.0 5.984050993799614e-06 3.3363107640071497e-07 3.0416680362977994e-05 5.913311171419186e-07 0.0 0.0 0.0 6.703284670256022e-07 0.0 0.0022098704591273647 1.3957458274499798e-07 0.0 3.5715498993004894e-07 0.0 0.000306392240584182 0.000722490804547221 0.00034162496226025456 0.00024209397898560325 0.0 8.281996956661643e-07 0.0004349778372249645 8.998852711550124e-05 6.90673189930146e-06 2.9961212562471825e-05 0.0 0.0 8.923249986574308e-07 3.4132194778811176e-07 4.3837759445242173e-07 9.525844118297775e-06 1.6261975042226977e-06 9.021445009771059e-07 1.2206386162960566e-06 0.0 0.0 0.0 0.0
1.132218444242851e-05 4.439000971653426e-06 0.0008241971307613498 7.053244539244578e-08 7.391474773945785e-08 2.7955435674503638e-05 0.00017347744301030542 0.00010830511158786384 2.4528847767928005e-06 2.269238373463819e-06 5.119367400373492e-05 7.144058056322037e-08 1.680663309136363e-06 4.929702628799009e-05 0.0 1.737122787284279e-05 0.0 2.5494004103677034e-05 0.0019404774359743277 9.72049831385178e-08 0.00036337387572127756 2.296767088581481e-06 0.0028451449074930637 2.418616146909906e-05 2.1156661202381105e-06 0.0016222146088373717 0.002891657783563695 2.988579146821294e-05 3.2982718828697775e-05 0.0006912352530563513 8.476639956583557e-07 1.092161832765719e-06 2.692429565597332e-06 0.000868154486877446 1.835424509028737e-06 0.00023460497924458667 0.001609324545021183 0.0009046224165540878 0.00017492757117260275 3.751287270957847e-05 2.2926692969568098e-06 2.7821134961824812e-06 1.1749436991278725e-06 0.0 1.7476549394630777e-06 4.989308917397607e-06 0.0 0.0 0.0 1.549136710208103e-06 0.0 0.0 0.0 0.0 0.0 9.634701348371941e-08 1.5078909519669343e-07 0.0 2.862019349514311e-07 2.0605106668423642e-07 8.020590118243304e-08 0.0 0.0 0.0 2.2810404294963044e-06 3.639625725933457e-07 1.4995715538652398e-06 7.786037820248109e-07 3.7441171934914213e-06 3.220688058876769e-05 2.2066943921268965e-06 1.1188178164439356e-07 3.865602255672632e-07 0.0 0.0 0.0 0.0 0.0 5.622992288281801e-07 0.0 6.559529439615685e-08 0.0 6.667405983876861e-07 0.0 0.0 0.0
3.8473770678630823e-07 4.347880206902749e-06 6.91822136150088e-06 2.592265934124247e-07 0.0 4.226515000592144e-06 3.6630308393206503e-06 1.8625906765568465e-06 5.84784888653376e-07 6.264099339182297e-06 0.0007665587501658027 1.1321615245198789e-06 7.217670086199947e-06 1.3571845841438284e-06 0.0 7.862702243465543e-08 2.5494004103677034e-05 0.0 0.0009770310621016007 6.685752580459935e-07 1.345829494081414e-06 8.136457176637371e-07 4.903108227849086e-06 6.016574182286463e-07 1.3252381321382969e-05 0.0008096260877982826 0.00023826283331323912 1.879481659897415e-06 5.993453995894788e-06 2.217930055975637e-06 1.477284709192929e-05 2.4768936747928725e-06 0.0 0.0004924040816638498 6.068071818895503e-07 7.451372842874892e-05 0.00021803004207657874 0.0011509033702929636 0.00017381392868747624 2.126630413381384e-05 3.152968833995189e-06 3.4948004715277207e-06 3.3564660935215665e-07 0.0 1.3120770693834406e-06 7.24863753603387e-07 0.0 0.0 0.0 0.0 0.0 0.0 0.0 1.430321118217481e-05 0.0 1.9365719100240053e-05 0.0 0.0 0.0 2.6390367920476024e-07 8.046569030111681e-06 2.3038064834363695e-07 0.0 0.0 6.652573244455913e-07 0.0 1.3162398374123848e-07 4.7040295172621825e-06 4.376827588449399e-05 4.483308737728701e-05 2.1240743591177617e-07 0.0 0.0 8.788785000704882e-06 0.0 0.0 3.4657581118607146e-07 0.0 4.63810142288117e-07 1.9185377881976465e-06 3.382092674428476e-07 0.0 0.0 0.0 0.0 0.0
3.255774106779274e-06 3.6445090838816593e-06 0.00015714135485693967 6.294388759685216e-08 0.0 1.1201198245705976e-05 3.8580653806957866e-05 3.8885110045114044e-05 3.9699637151804444e-07 4.5200417576374114e-06 0.001323154036635641 1.21920203685571e-06 6.333388203959992e-06 1.685360095006002e-05 0.0 2.0075884474283583e-06 0.0019404774359743277 0.0009770310621016007 0.0 1.837677261711177e-07 4.4502939977717816e-05 6.608900274403393e-07 0.00025217623473149217 2.377922936692284e-06 1.3017833049887035e-05 0.004150957469025648 0.001382707451737922 7.401339175415022e-06 1.6939791395359654e-05 7.508560456024716e-05 2.673223673560922e-06 1.6802807180508582e-06 6.670512342127246e-07 0.0012690671329168032 2.011882893031541e-06 0.000378347956373006 0.0003984761356478903 0.0028363880443207255 0.00036778318882589394 4.86981689470667e-05 2.6035195576328126e-06 1.5907583200588746e-06 1.2711561686118126e-06 0.0 2.3832324590770144e-06 1.5851429494549386e-06 0.0 0.0 0.0 4.177864332204716e-07 0.0 0.0 0.0 2.5142652778433098e-06 0.0 4.700954487140215e-06 0.0 0.0 3.3603731481574994e-07 1.9628497072140823e-07 2.0703711707094167e-06 4.0814255624138476e-07 0.0 0.0 3.7379342399402396e-07 0.0 7.66774706709159e-07 5.660575798131891e-06 4.622001719687553e-05 7.339439897375946e-05 5.553109570104349e-07 0.0 0.0 8.488207180549998e-07 0.0 0.0 1.6442549171376314e-07 1.800042751583068e-07 7.106357501785277e-08 9.068109803811377e-07 9.792707624324687e-07 4.7525182663652046e-07 0.0 0.0 8.163281641075164e-08 0.0
3.3582375076792467e-07 0.0 1.0263613526319423e-07 0.0014519336307198714 9.821773731744213e-07 0.00015644836376974287 7.127602527214696e-06 4.23817273087096e-05 0.0005402122773793819 0.002742177899213395 4.0002295628625994e-06 0.003954529458820671 1.825732369300094e-07 1.826010693696134e-05 0.00014864267999668894 0.0 9.72049831385178e-08 6.685752580459935e-07 1.837677261711177e-07 0.0 0.0 0.0 0.0 0.0005221555896087303 0.0 6.767621069836724e-07 1.2879485487550978e-06 0.002483123456708489 3.7317731209406285e-05 4.976518865246304e-07 0.0 3.2967803742456524e-06 1.0138582253808992e-06 3.031543828646361e-05 1.8802217930691947e-06 0.00016810410423978163 6.417650275286143e-07 3.315963468685165e-05 6.180839055962533e-06 0.0007498232412065328 7.765756318906162e-06 0.0 5.56276022952503e-06 0.0 0.0 1.526119331513706e-07 4.28754681601337e-05 0.0 2.142509796478792e-06 1.3470129282496212e-05 4.59333023743045e-06 3.243887400351526e-05 5.731860205151499e-05 2.615910630355572e-07 2.0165469411911235e-05 0.0 9.41366703958087e-07 7.239821835070215e-08 3.2601631567012776e-07 0.0 0.0 0.0 3.460463229115304e-05 0.0 0.0 3.8505937865658405e-07 6.763758900233053e-05 0.0 0.0 0.0 6.283457653243493e-05 8.719704679126843e-07 8.56469292786262e-08 5.575351129549653e-08 0.0 0.0 0.0 6.123390271855946e-07 6.223493622461247e-06 1.2670894780111772e-07 2.963778990770913e-07 1.7898731402420692e-07 2.6550127792099617e-05 3.659827581155826e-07 0.0 0.0
3.003537516088241e-06 6.495429903764523e-07 0.0003109382413912615 0.0 0.0 3.5110710087733203e-06 0.00019545202804898998 1.4807270352273616e-05 4.8106725287428985e-06 5.34392882093619e-07 3.7972082680803315e-06 0.0 3.2687287973295776e-07 6.232509310313627e-06 0.0 0.001149565469184623 0.00036337387572127756 1.345829494081414e-06 4.4502939977717816e-05 0.0 0.0 4.1455255721152284e-05 0.00865911886815257 0.0004241555146463264 3.640728962179825e-07 4.7605349772951334e-05 0.0008831973368374431 0.0018579859939300539 7.4104207235373655e-06 0.003512143627998049 6.776942599770353e-08 7.216406821159681e-07 1.0517007201546516e-06 0.0014452735493187077 7.202120303984626e-05 0.004668189007595649 0.0004161978466566252 0.0022680448729983506 0.002519913973749986 0.00015916169744026863 1.2131755017525931e-05 3.930874472606545e-06 4.81707872221605e-05 2.2899292764839275e-06 3.7165781420555287e-07 1.187468296949684e-06 0.0 0.0 0.0 1.4809287352196582e-05 8.90518806839953e-08 1.2289595851007424e-05 6.04660413296718e-07 1.1029248064699796e-07 0.0 1.349758418255268e-07 2.309137022183108e-06 0.0 0.0002531791172354691 0.0 0.0 0.0 0.0 0.00023812795114276313 3.174625726105977e-05 2.362781931311184e-05 0.0001800488374506944 0.0 0.0 1.4485624697208731e-05 0.0001218709331511255 1.4495548379058892e-05 6.0051347610025086e-05 0.0 0.0 3.7591011660150423e-07 2.77226487539862e-07 4.605487779333885e-06 4.979576322399687e-06 0.0 1.241696992615563e-06 7.903331216902612e-08 1.124793313213705e-06 0.0 0.0 0.0
0.0 0.001971735252159274 1.7700894271474819e-06 3.671227238918168e-07 0.0 0.0 6.152788682085872e-06 0.0 0.0011707487155018395 0.0 4.912754810439263e-05 5.220826462539381e-07 8.207117727927344e-05 0.0 7.427272132405371e-06 0.0005944335148760682 2.296767088581481e-06 8.136457176637371e-07 6.608900274403393e-07 0.0 4.1455255721152284e-05 0.0 1.3553806412734996e-05 0.003571320021000895 0.0003151489624362167 1.1875459322748123e-05 0.0009861261478055047 7.904080278345473e-05 9.866638877028355e-07 3.5897128727860536e-06 3.566485121781052e-06 0.0 0.0 1.2145992209471219e-05 0.0 5.167554385760257e-06 1.7594277291066327e-05 2.2403530000058264e-05 4.764051547433896e-06 2.447848973495578e-05 4.4727149297799305e-07 1.9834585482150544e-05 0.0 0.0 0.000457153226243239 3.640053286141224e-05 0.0 0.0 0.0 1.8233349143003733e-06 0.0 4.810403374453412e-05 1.8353354472843568e-07 9.116527444691883e-06 0.0 2.950413940407486e-05 8.173028101716128e-08 0.0 0.001587655759693438 2.890663533825035e-07 8.475337175381311e-08 3.1841813969717767e-07 4.081456681851753e-07 6.22640728939764e-05 0.0007702846873100144 0.0002593270047902236 0.00014125269809644873 0.00024693319558245335 8.075866912895057e-06 0.0012839223290141478 2.929034117480697e-05 3.671842753165334e-07 3.140809229738473e-06 2.522467060428409e-06 2.107119114444817e-07 0.0 1.6328361703315263e-06 0.0 5.9163271544025656e-06 4.376255769698584e-06 2.3238112243335134e-06 1.0593668064749363e-06 9.468847634045188e-08 0.0 3.222124167535877e-06 0.0
6.5697487684018585e-06 2.9038329362209728e-06 0.00415360302175537 5.522238964943258e-07 0.0 2.5849098962265933e-05 0.0008127667351639782 5.0358636314901494e-05 1.5994989163767412e-05 7.930321222018967e-06 9.973193661526729e-06 0.0 8.557860523304474e-07 1.707434296937711e-05 1.35102480137728e-07 0.0061238718794625665 0.0028451449074930637 4.903108227849086e-06 0.00025217623473149217 0.0 0.00865911886815257 1.3553806412734996e-05 0.0 0.0005767210344879978 2.2972442778478527e-06 0.0012625271148675793 0.008597195751912062 0.002478707822211789 1.8350705760607032e-05 0.0031590598878013234 0.0 1.6437491556851763e-06 4.09632109926462e-06 0.0014092164514149172 4.406180715907502e-05 0.0048808614641596216 0.0049410896645050596 0.003664667753012006 0.003709762504699629 0.0004047015856640951 1.7960864570349524e-05 9.7384578140895e-06 6.68100298085312e-05 1.022289837597739e-06 1.8676422114357947e-06 1.2208022910359347e-06 0.0 0.0 7.295783791358071e-07 1.3940652071679164e-05 5.279747281990271e-07 5.40559740696068e-06 1.857432457861285e-07 0.0 0.0 0.0 8.22470932459494e-07 0.0 0.000261775132767587 1.3783709920915912e-07 1.0004467174408328e-07 9.528636237742827e-08 0.0 1.198057427775835e-05 7.945426993076329e-05 3.418854316240716e-05 5.982011924241349e-05 8.245508157436768e-08 3.1083636434317883e-07 0.00015694653883723962 4.15616273797276e-05 3.7018114163534497e-06 1.0440776578383119e-05 0.0 0.0 0.0 2.922624240006238e-07 1.4140036630485271e-06 3.343763476556251e-06 5.038666899305045e-07 8.695090983751121e-07 6.971574735509799e-08 2.291730650005793e-06 0.0 0.0 0.0
1.7092970926803154e-05 0.000535338010971895 3.3643790674676505e-05 0.0009348695929049481 1.4224524308529302e-06 0.00017337537420019532 0.001672255850335702 0.00012709139168615673 0.004806587656681254 0.0005871720583290058 1.302203947719839e-05 0.00020807945638899928 1.6635415656498948e-05 2.2114974468873102e-05 7.177782490712172e-05 0.0008540704847968567 2.418616146909906e-05 6.016574182286463e-07 2.377922936692284e-06 0.0005221555896087303 0.0004241555146463264 0.003571320021000895 0.0005767210344879978 0.0 5.928037165030164e-05 1.4279599035525184e-05 0.0024242501126178584 0.006195603802127705 0.00013477910286701343 9.736675467004247e-05 1.008376152771634e-06 2.768904418037704e-06 1.943226374618283e-05 0.00013738118061873617 1.93088194054187e-05 0.001088729265406461 9.12696513618004e-05 0.00022911912512644215 0.000134560632339559 0.0007528306878396102 1.6253161256305653e-05 2.8286688934295476e-06 2.2260975059027643e-05 3.1450583735421666e-05 6.856256183295125e-06 1.4294571603726195e-05 4.688132605389475e-05 0.0 1.756962538691329e-05 0.0005692608636530835 5.501634296524907e-05 0.0006162883060620557 0.00013539241273473026 1.2114217998951026e-06 2.8575949541715614e-05 7.847448808527036e-07 3.399153874956431e-05 1.638152254191428e-06 0.00036762587738192726 1.8046787928623325e-06 4.226055881468809e-07 5.592542501397393e-07 7.348717060320817e-05 0.0004640352994620838 0.00013454215943611335 5.3137700799758315e-05 0.002494476522129224 4.845251736140247e-07 2.7148921160174567e-06 0.00010189808259463222 0.0016681577816191355 8.327179387018767e-05 0.00032372441061623476 0.0 2.480727055540605e-06 2.265877314583196e-06 2.0656796877270313e-05 2.1484338694515664e-06 8.512130880035318e-05 3.121309489187216e-06 1.8965159503978217e-05 3.774003816757044e-06 0.00011096700376873497 5.280342571671778e-06 7.796842771434782e-07 7.334023872244311e-07
0.0 0.0007759111577264154 2.253783736321263e-07 8.023960469989606e-08 0.0 1.4169531167247156e-06 6.02317665900557e-07 3.2235552811262315e-07 0.0001726367793721006 1.0355040839016314e-06 0.0012406721414579488 1.4854254185000996e-07 0.003628404838827563 1.0716008886921137e-06 1.2340219632931038e-06 2.9885670716200723e-06 2.1156661202381105e-06 1.3252381321382969e-05 1.3017833049887035e-05 0.0 3.640728962179825e-07 0.0003151489624362167 2.2972442778478527e-06 5.928037165030164e-05 0.0 0.00029360070984833504 0.002546403269461283 8.830454830339514e-07 1.4397904875778028e-06 8.098104525634528e-08 0.0003209135457179227 9.460937281620197e-07 0.0 0.00046113037294462155 7.096283182214195e-06 7.188148238601974e-05 0.0003223253075108852 0.000501321488481852 6.416846387777168e-05 1.2276567529534612e-05 1.3208442240239644e-05 0.00042899110356989267 6.643174707723869e-06 0.0 9.277479743203309e-05 2.517770179727347e-06 0.0 0.0 0.0 9.534698697075965e-08 0.0 2.0342860648634412e-06 0.0 0.0003302084913285127 0.0 0.001178321096640228 0.0 0.0 2.223281163013584e-07 1.1497041163590148e-06 2.7836631140654895e-05 2.8767972647105327e-06 0.0 0.0 6.633240155553288e-06 3.2722081591778903e-07 1.1908456030003539e-06 0.00017987914695519219 0.00031957350632364417 0.0009317323644115425 0.0 0.0 0.0 9.574988646026802e-05 0.0 0.0 2.1882670986061446e-05 1.1716066948975752e-07 1.3114344394871948e-05 4.757115577754678e-05 2.3199410305797096e-05 3.803794908872458e-06 0.0 0.0 4.179311951986869e-05 0.0
1.0208034934499556e-05 7.179504625060957e-05 0.005630635874732891 5.524980667216138e-07 0.0 3.741780608910178e-05 0.0002561689154245839 0.00010089322164937306 9.486056382446914e-06 1.3741580717432759e-05 0.0014330987143681814 2.802576770028145e-06 0.00013886227175629736 4.8570692125600794e-05 0.0 4.893289670774665e-06 0.0016222146088373717 0.0008096260877982826 0.004150957469025648 6.767621069836724e-07 4.7605349772951334e-05 1.1875459322748123e-05 0.0012625271148675793 1.4279599035525184e-05 0.00029360070984833504 0.0 0.010234427103897895 3.1931107569254654e-05 3.569819658859858e-05 0.00019167159632819491 0.00023122414658821965 5.445886813316189e-06 2.4545191794923122e-06 0.0006345525606553978 6.341065731430622e-06 0.0014383972616790611 0.004082061185636684 0.003940827730769459 0.0008273622609918849 0.00018460480006247002 9.63373179067353e-06 4.564218502899762e-05 6.377693935916584e-06 0.0 0.00012543897764522954 2.1718490613628297e-05 0.0 0.0 0.0 1.5092878894172e-06 1.6214190807735937e-07 2.008211449982082e-06 0.0 0.00016405054164716595 8.771432795990977e-08 0.0003857725260645753 1.912147611107388e-07 0.0 4.14728473982271e-06 6.3731634674838624e-06 0.00013169611601422323 1.864800699857239e-05 9.708094118178671e-08 6.539358887969907e-08 1.0886681369483058e-05 5.556106120318416e-07 9.105220150894361e-06 0.00022003263637288055 0.0013010669909477317 0.0016760197510520111 2.960229275668701e-06 0.0 1.096161036537998e-06 0.00013242625492993255 0.0 0.0 5.563836397384581e-06 4.0544844154287996e-07 1.3149454351341414e-05 3.253339322571366e-05 2.300593956343896e-05 9.693865942891046e-06 7.211996454115813e-07 0.0 1.761985808895798e-06 3.4377153244979097e-07
