0.0 1.2091284122505339e-06 2.2954994438545494e-05 1.4498805424665633e-06 0.0 5.01578401696812e-06 0.0005395434893806167 0.000538428537955258 1.1495608300741539e-05 2.1203059164888707e-05 1.2606035741983889e-05 4.195056318033449e-06 7.716486271938548e-07 0.0038015519231611354 7.59278126848276e-08 2.485316896642786e-05 9.082160871664006e-05 5.459049504055029e-06 3.0179762407586767e-05 1.759660563924915e-06 2.8804722483239217e-05 8.090411160566345e-06 0.00011044667128657484 8.713445241097211e-05 5.472564564234566e-07 1.7691533919975242e-05 3.0992391734544546e-05 0.00016578247747507427 0.0022900314362944577 0.0016450031086429945 3.4454274574036513e-07 8.72781175146409e-07 7.215675846654146e-05 0.00024340498469919392 1.1025453843731256e-06 7.735988174391699e-05 1.8699455750191338e-05 9.502506885062464e-05 4.1801395772942876e-05 4.594007110271716e-06 3.071155433866871e-06 6.511630434011263e-07 9.230162115243739e-07 5.015828061767389e-07 4.7352251138994996e-07 5.224479188222733e-07 2.2660777385928764e-07 0.0 5.190423965036647e-07 3.703896396782279e-06 4.3594291317766786e-07 7.536549395795549e-06 4.3800510014147293e-07 4.763432631859759e-08 4.34518386947507e-07 0.0 1.4260553928427374e-06 8.895784492692063e-08 5.484965498070607e-06 0.0 0.0 1.2839909015324204e-07 5.297405827529315e-07 1.0956721542806266e-06 9.595119191124701e-07 9.309007773727418e-07 2.690547297994604e-05 1.3198994730998221e-07 5.016940350002515e-07 3.930873770026881e-06 1.5714303351636137e-05 1.4006421757561745e-06 1.527633468792132e-06 1.3767405313524228e-07 0.0 6.063845170292679e-07 4.2887755810409685e-07 0.0 1.1141880899756926e-05 2.849847345244605e-07 2.2710060251148717e-06 6.007345752013282e-07 1.106498453580913e-06 4.145175381211367e-07 2.0359006180982035e-07 1.083056572819196e-07
1.2091284122505339e-06 0.0 8.698928011273094e-06 0.0 0.0 2.3743908336213183e-07 1.5228443557698685e-05 3.182675349372524e-06 0.00026703619336843575 4.138212518129758e-07 3.9210482358081977e-05 1.2218029217600107e-06 0.0005186983228245664 3.392138721955762e-06 2.106652286593301e-06 0.00017616896633093764 2.6197898840536003e-06 5.104753801843707e-06 5.093059787423733e-06 1.7260769047263657e-07 7.914843064718167e-06 0.0011067002580173889 1.94014778755174e-05 0.0005292187461563784 0.0010749473350585772 3.931590692785455e-05 0.0036329380056543893 3.1159353799253835e-05 3.928416568145589e-06 1.6986736565119277e-05 2.0258401410559033e-05 6.2071668618036e-07 8.193057165844466e-07 7.231104781719313e-06 8.01699527420437e-07 1.3563766437140256e-05 6.189188790354704e-05 4.4985546479609906e-05 8.655371074660595e-06 1.2165683187439916e-06 6.434564599574147e-07 0.00015771950426613082 1.7916960162428442e-07 1.3760028061707806e-07 2.9642422022301608e-05 5.303335673707609e-06 0.0 0.0 0.0 8.371592631715082e-07 4.226857000480574e-08 1.5175651797892637e-06 5.553108029904048e-08 1.9658307133040063e-06 4.6046619497375486e-08 1.0204261793639358e-05 4.0070125696318243e-07 0.0 1.344391557465893e-06 2.6459208514352905e-06 1.1966719241096562e-06 8.346748557352096e-06 8.648205255718853e-08 6.51889476237683e-08 1.6213040040896934e-05 1.6285355978392612e-06 3.632536419119453e-06 2.6857823704454946e-05 0.0001062388709715554 0.0006568133601527607 2.198780837433637e-06 2.160352808728078e-07 2.6850932325950707e-07 7.157458011108028e-06 0.0 1.0008890569706173e-07 1.5817973299611706e-06 0.0 2.259695841847542e-06 1.8320868623777548e-05 3.919363690535501e-06 1.0597536049646319e-06 1.0223437758373325e-07 5.281235515108539e-08 2.2828018179995075e-06 1.3448405871755115e-07
2.2954994438545494e-05 8.698928011273094e-06 0.0 3.876676958632504e-07 0.0 2.1865868691709216e-06 0.0002627217627504775 8.228037158801336e-05 5.918651904431378e-07 1.2460974676444115e-05 2.91981525635259e-05 1.4941905024411181e-06 3.485922574695333e-07 0.00010787945751809038 4.201609379895439e-08 3.2974178333682287e-06 0.0057455196298245 2.7982026387401945e-05 0.00033561002098543243 4.900073070900357e-07 0.0007445385571556747 1.3917381682491442e-05 0.005967118442918977 3.2312789443592577e-06 2.0251444655115993e-07 0.002141504036365732 0.005531523622029425 0.00011784784072420482 2.608969882407304e-05 0.0008545032813683263 1.5208186005792786e-07 4.275844798895064e-07 3.8267281940604635e-06 0.0007189048582683688 2.2082650589709848e-05 0.0011768950825293454 0.001319718912263445 0.001505072657693785 0.0005155817524251218 1.773739850082038e-05 4.7556019489560864e-06 9.781971787135295e-06 6.215429608754202e-06 6.573668763066237e-07 3.50263199034039e-05 0.0001454262958035402 0.0 0.0 4.9242407446507806e-08 1.2308243770238683e-06 4.055518775897933e-07 1.4313761038678939e-06 1.380716119326662e-07 3.6050261802009877e-07 0.0 2.0078232413127543e-07 8.724468294386927e-07 0.0 5.091332640305615e-06 1.7871440595299715e-05 1.6261976635971968e-07 2.4297974150402252e-06 0.0 1.672727701717725e-06 9.26862528090314e-05 5.088380356344332e-05 4.450718097535529e-06 1.042308672970268e-06 3.737491904024076e-05 0.0010362883436389671 2.329068475355676e-06 8.157320887852656e-07 1.7878854392123034e-06 1.2408775656174778e-07 0.0 0.0 6.2143346313118164e-06 2.929192930425967e-06 4.423437282462136e-05 9.243004574731374e-05 2.2463898203483648e-05 1.5859498975239818e-05 8.155274072748712e-07 4.891295405423054e-07 3.5099099664667065e-07 2.629879210478201e-07
1.4498805424665633e-06 0.0 3.876676958632504e-07 0.0 3.2015305641961227e-07 3.5680546643012876e-05 0.0003368264671630387 4.325054531832489e-05 0.0001828370809798634 0.0025410723240711862 4.507391891804426e-06 0.0010077400593052827 5.252681393506903e-07 2.3526852065637707e-05 8.788920238112081e-06 7.991713024278026e-07 3.1492332788085006e-07 1.0571269791284093e-06 7.132187452946935e-07 0.0012758251985291534 3.7777119243555843e-07 1.3448699813979508e-07 2.9933393138409237e-07 0.0013134758034843064 7.069555577759174e-08 2.3744827467954946e-06 7.152957999958115e-07 0.001809914428384277 1.9251560196109487e-05 9.916538149675671e-07 2.13525692903002e-07 3.645089458361952e-07 2.6405593568959654e-07 8.661190095313413e-06 3.2631059536370086e-07 7.568451910609672e-05 2.1536994652576076e-06 2.775784440083345e-05 6.186493063665195e-06 3.193427911443224e-05 3.6125179337596186e-06 7.541575602305779e-07 8.396361840001757e-07 1.9972870955620163e-06 0.0 0.0 2.197488164843805e-05 9.611300361569596e-08 4.5590689319535196e-06 3.170222522324708e-05 8.15427617379769e-06 4.557717194814767e-05 4.7362577945918565e-05 8.081670009073009e-07 3.386423608328121e-05 0.0 1.1939706272537733e-05 4.097475107907703e-06 6.519763016519864e-07 0.0 2.2567178891294522e-07 0.0 3.134364342847247e-05 1.9462694903627933e-07 6.382682788723746e-08 0.0 7.832582701129765e-05 0.0 2.4555964448688334e-07 2.4898265598005645e-07 3.332667775418477e-05 4.6626954827334015e-06 2.2070036927791967e-06 0.0 1.0866149799952801e-07 0.0 1.1111552933777729e-06 2.2457185943598734e-07 3.9559954774742414e-05 3.537148716003513e-07 4.038235256187845e-06 4.850205733753486e-07 3.430295709560944e-05 2.3159432919214993e-07 1.9914037760170795e-07 0.0
0.0 0.0 0.0 3.2015305641961227e-07 0.0 0.00032184921667582455 6.858619767914342e-07 3.3482080172522574e-05 5.360308646870812e-05 1.6318329897490972e-06 6.974212819107358e-08 5.328461777879161e-05 1.6666435707724193e-07 3.061852825579888e-07 0.00030069571371527944 0.0 0.0 0.0 0.0 1.2459344887023698e-06 0.0 2.4252812293122427e-07 0.0 5.9562635609598755e-06 0.0 0.0 6.906203585031455e-08 1.2296753033541698e-07 1.651778972979589e-05 0.0 0.0 2.473623188574207e-05 0.0 4.8897411102931964e-06 0.0 6.09414174107071e-06 0.0 1.5145678687653142e-07 1.169334587591706e-07 0.0005305394802974262 3.1027540244423544e-05 0.0 0.0 0.0 0.0 0.0 1.3101010757979206e-07 0.0 7.917443169830478e-08 0.0 0.0 3.2442791868366043e-07 2.4929264093508644e-07 0.0 1.1027631885812416e-07 0.0 0.0 0.0 0.0 0.0 0.0 0.0 3.3785633958644945e-07 0.0 0.0 0.0 3.3204621863554476e-07 0.0 0.0 0.0 0.0 0.0 0.0 0.0 0.0 0.0 0.0 0.0 2.496587967756089e-06 0.0 0.0 7.267074670100066e-08 1.660233357851326e-06 0.0 0.0 0.0
5.01578401696812e-06 2.3743908336213183e-07 2.1865868691709216e-06 3.5680546643012876e-05 0.00032184921667582455 0.0 0.0013242079054253324 0.006107798598773766 0.00013667121886325057 0.0037662062471221142 7.083661976014739e-05 0.001366578570353853 2.7011409738227823e-05 0.0003650644975205729 0.0008584780515743572 1.2938481958594416e-06 2.1233935178001763e-06 1.371623522676557e-05 9.979677897308058e-06 5.728286714738541e-05 7.261566665914571e-07 6.441825592975166e-07 1.950389365966125e-06 0.00014254127580094647 7.095257141309838e-07 2.074805732872135e-05 8.482856600325028e-06 0.0005674774409064549 0.00010666124837352002 4.417220069368629e-06 2.132222064754078e-06 0.00018289751279832605 2.6131286530041804e-07 0.00010117371705842615 2.1927025077755045e-07 0.00013379732823067756 9.555784044305494e-06 0.00015642268211951075 2.3228927088913822e-05 0.001028177302329519 0.0003619460137162399 1.3921602095642393e-05 2.7278567384843285e-06 3.5374373843304755e-07 1.0675720609575721e-07 8.759054823960396e-08 2.294867041119085e-06 9.914893042685515e-08 7.943004936320596e-07 7.891566090197772e-06 2.0870475346089645e-06 6.46560762073177e-06 2.536957566288943e-06 1.0355401917876023e-07 4.078024159835027e-06 9.352071628075304e-08 2.1291291876064097e-06 1.6699907118220538e-07 1.10029205740615e-07 0.0 6.470634723028991e-08 0.0 3.227860229541344e-06 4.810043414901083e-08 1.1130463191027881e-07 0.0 1.4975111964462888e-05 5.193243638785993e-08 2.912875848542013e-07 1.1169377224893054e-06 6.488414276059537e-06 8.501491362358199e-07 3.43394451521684e-07 4.6594573562459325e-08 8.174675965819558e-08 0.0 4.997635519911569e-07 4.677625932891374e-08 7.265785074208925e-06 7.973331901810436e-07 3.883656830033324e-06 8.030983317670309e-07 7.245459710064534e-06 8.355504723941644e-08 5.039783189695664e-07 5.51811424686876e-07
0.0005395434893806167 1.5228443557698685e-05 0.0002627217627504775 0.0003368264671630387 6.858619767914342e-07 0.0013242079054253324 0.0 0.003179546872581525 0.0004017131148116306 0.00514294710459917 6.377583096657419e-05 4.732811168641262e-05 9.328705423863835e-06 0.004337894706363342 1.2803500683807349e-05 0.0001410441718191834 6.335016701909022e-05 1.68149321900497e-05 2.153396394537223e-05 0.00034618105047507023 0.0002869348167867258 0.00011596069087947912 0.00034831013271917273 0.0013774417447275167 5.1842864164905375e-06 4.9736618965025663e-05 0.0003078937247828714 0.011065859510648339 0.0006377723310006851 0.0026013258685408666 2.2647082082548835e-06 9.468849483593101e-06 1.8600972587269135e-05 0.00027489553925315736 4.964883275131355e-06 0.0012229584620965998 6.359626215030376e-05 0.0006344283721276911 0.00023688418886741978 0.0001873898762152819 7.211091213493258e-05 4.368273380209031e-06 2.54063133803237e-05 9.332994040917723e-06 8.803104858348978e-07 1.6031410681877818e-06 3.339975551004205e-05 0.0 4.993929160523252e-06 0.00015779835257707464 4.185174402748949e-05 0.00016208376882893393 5.2339743465048716e-05 4.882917485859463e-06 2.558508629954822e-05 4.3481529961706966e-07 5.694404214795577e-05 4.531132511710477e-06 1.7306765122658756e-05 1.5152395926717691e-07 1.0491019143257936e-06 7.705944914336227e-07 4.7286786129985836e-05 5.017524554356697e-06 4.161157946761512e-06 3.932117607102087e-06 0.00034869898823246243 0.0 2.276478329668207e-06 1.542440740483261e-05 0.0001729007786668978 2.2108916925629387e-05 2.0638627780629955e-05 7.891642177801793e-08 2.7098840405940126e-07 8.116394823339381e-07 9.039776135924789e-06 1.9454006041276476e-06 0.00011457263943194275 1.2513829637706275e-06 2.804894007786706e-05 4.9990183862299e-06 4.2043217542626434e-05 2.2324366365688664e-06 1.1311596439169217e-06 1.2323516085286073e-06
0.000538428537955258 3.182675349372524e-06 8.228037158801336e-05 4.325054531832489e-05 3.3482080172522574e-05 0.006107798598773766 0.003179546872581525 0.0 6.17601484043191e-05 0.002163063055321975 0.00025770405243859533 0.0007407326685230022 0.00010710837362254784 0.0049311769488692035 0.00015138819025049566 1.8055541961891586e-05 8.193891470823938e-05 3.74744747626634e-05 4.791913605473509e-05 9.188043005165375e-05 2.8922363311246883e-05 1.3208399858422226e-05 0.00010066772087455943 0.00022127481505078618 4.417653308408885e-06 6.448478584141533e-05 7.189469498991149e-05 0.0004540605533002052 0.0005063649697494584 0.0006561648875338434 5.9691226975969835e-06 9.363921949569282e-05 5.699177743838721e-06 0.0003164841096078903 4.2137545219504056e-06 0.0007495809616895534 6.40231749741495e-05 0.0005374001040920737 0.00013702063473675037 0.0007489563250550167 0.000343602161839128 7.376959086803548e-05 1.2915253348815748e-05 1.2518330249925373e-06 2.5386256612673107e-07 6.833820622504021e-07 3.6008445573412053e-06 7.120539430014844e-08 1.4757645014331195e-06 2.9238668233506097e-05 5.911915291549507e-06 2.640063331331236e-05 5.324262161334478e-06 9.934011929113405e-07 3.1951385229539674e-06 5.815176291820361e-07 1.3257912940898584e-05 7.10807220794155e-07 5.541015211891742e-06 1.6162923147577125e-07 1.2400024088734028e-07 3.180204008792681e-07 6.545149522867091e-06 1.9631656074058757e-06 1.250844355362018e-06 7.545292730527304e-07 7.69312348296345e-05 2.9841384956522e-07 1.6910629567891404e-06 8.852622819180458e-06 3.9644619705940184e-05 4.72220060761611e-06 4.1656744737416805e-06 1.3076250585119746e-07 3.0652001993014677e-07 1.1812640272417967e-07 1.5859869412244134e-06 0.0 3.991304973460069e-05 2.8847034136332584e-06 1.9360070436016226e-05 5.0538989855711035e-06 6.202090859619186e-06 2.0568132811336522e-06 2.2826547344292044e-06 7.222809995841821e-07
1.1495608300741539e-05 0.00026703619336843575 5.918651904431378e-07 0.0001828370809798634 5.360308646870812e-05 0.00013667121886325057 0.0004017131148116306 6.17601484043191e-05 0.0 0.00015986087394475546 6.635049588348493e-06 0.0009265637248022022 1.432923351752312e-05 4.886868162424079e-05 0.0007250911221579238 5.159015231278555e-05 2.88856508154515e-07 1.2881052201541222e-06 1.4097297331197283e-06 0.0002023270730647093 1.3051151393724333e-05 0.0011196206605514716 1.2094008501581566e-05 0.005530579602048286 0.00012580166081871738 3.1601659557222367e-06 0.00019737089582699688 0.0007280664158544863 4.8100073228289084e-05 8.666021480562506e-05 1.5629535160628984e-06 9.044839725060921e-07 2.2438840575053423e-06 1.711300633081886e-05 1.5412316626577694e-06 0.00012418189054698659 1.1320884047871451e-05 4.093041465266869e-05 1.7123960498864623e-05 0.0003475377226885489 8.498219036972619e-06 3.085875401227276e-06 1.8724624204147043e-06 7.912491302006812e-06 2.016412209842313e-06 6.371993529321451e-07 4.692587768943639e-05 6.323304598020863e-07 2.023796299499422e-05 0.00014868608505737372 2.9832056320000057e-05 5.786757731874294e-05 5.4448808365822845e-05 3.456482306478067e-06 9.449707620035026e-05 2.0757897800866711e-07 4.374589815865879e-05 2.0646270460723853e-05 0.00025432779188228776 1.33370432618739e-07 3.2790824891059004e-07 3.546780016069938e-07 6.756103252329582e-05 2.7780944253835385e-05 1.9440189255995966e-05 4.104467695993701e-05 0.00099599994911968 4.132845358028562e-07 2.6970602526422142e-06 1.4978235674521188e-05 0.00030891221120686146 2.1597362315627685e-05 2.723480508033815e-05 1.1795632340993643e-07 3.318149776225796e-07 3.106024845991595e-06 7.867030379841933e-06 2.6940123393479996e-06 9.205929061064436e-05 2.1745029314712e-06 2.674673315787952e-05 7.487806023137598e-06 0.00013068330754347968 1.2996268518075929e-06 0.0 6.517488764589262e-07
2.1203059164888707e-05 4.138212518129758e-07 1.2460974676444115e-05 0.0025410723240711862 1.6318329897490972e-06 0.0037662062471221142 0.00514294710459917 0.002163063055321975 0.00015986087394475546 0.0 0.00010055648648630949 0.0016242911916833273 1.4654889374032384e-05 0.0004807454633331289 2.1462104680859567e-05 3.1699712168465285e-06 6.881322678699508e-06 2.2842331677222545e-05 1.9944288393751064e-05 0.0026211491255761204 6.052848221631886e-06 2.3907915455581915e-06 9.134406743919632e-06 0.0011936246534359656 1.0254149757154188e-06 4.090315256807469e-05 2.547926419424541e-05 0.0027365957300839916 0.00024635958070802646 3.259658737669139e-05 3.576640908630152e-06 1.0033615314384074e-05 1.543224435824521e-06 0.00016527486611746318 1.198442584759435e-06 0.0004034072154519041 1.9447475345005235e-05 0.0003719208115851264 4.0749461795086646e-05 0.00010628502207238987 4.395907896581495e-05 4.470674874417569e-06 8.50126221927061e-06 9.231036302521378e-07 5.286138688571891e-08 1.5433802562263753e-07 2.0045973905971262e-05 1.0167443703559403e-07 4.752163728473414e-06 4.5768454955373565e-05 1.195139549003777e-05 5.368741344390516e-05 2.296175706415087e-05 1.257967002024286e-06 2.715101252157684e-05 3.65045243036813e-07 1.6107710048392302e-05 5.529681044024705e-06 7.722327966472442e-07 4.687838680149428e-08 1.1795539660002045e-07 7.564595389013427e-08 3.1224702410244414e-05 7.14570045785762e-07 6.723569602842098e-07 2.831360628492446e-07 9.56479163464812e-05 1.0484161409117004e-07 1.4004553673290545e-06 3.4187021644381534e-06 4.102293362315559e-05 5.826545907258286e-06 4.520853747665773e-06 1.4807967768032583e-07 5.534043666268701e-08 1.001060536194399e-07 3.2907075938513693e-06 3.9591935987351995e-07 5.664683398114453e-05 6.741439816496183e-07 5.779555543205186e-06 1.4808945184096674e-06 4.261501774822145e-05 2.942160715166926e-07 6.181002823982731e-07 1.0817500151432335e-06
1.2606035741983889e-05 3.9210482358081977e-05 2.91981525635259e-05 4.507391891804426e-06 6.974212819107358e-08 7.083661976014739e-05 6.377583096657419e-05 0.00025770405243859533 6.635049588348493e-06 0.00010055648648630949 0.0 6.799089611020388e-05 0.0019795823998748213 0.0003009284988711219 1.2803839977671776e-06 8.149388868561014e-07 0.00022758182176041967 0.002199580862894166 0.0008472217363917412 1.0196046123979045e-05 1.2385359179311638e-05 1.0477396480059373e-05 3.8122814238937964e-05 1.6989445781740392e-05 0.0003222633303187156 0.001192840542480565 0.0009704716888206317 2.856822672368437e-05 0.0006709312643171714 3.316494640687002e-05 0.00048533775416400123 0.0002327892276984473 7.235796398216281e-06 0.0027849913907289766 6.8060619481158245e-06 0.0004183698383114972 0.004070053817907319 0.0030011775557597362 0.0004953376685118087 1.4406361409445948e-05 1.19214731449389e-05 0.0007894370337797135 4.716713923936547e-06 4.472417420540609e-08 6.642904709562163e-06 4.3919671787639303e-07 1.9207509232972057e-07 8.322761576634492e-08 4.608967156301147e-07 2.8858613792491378e-06 8.443500478129941e-07 1.6689136927759895e-06 9.325967193051121e-07 4.3654328784427044e-05 7.058804776627311e-07 0.00016035620127261048 1.7878706218872453e-06 0.0 6.341954340249452e-08 3.04809826841119e-07 1.6987456072087595e-05 3.6687315804777714e-06 1.0658143329900933e-06 7.290186750012736e-08 5.086637192477277e-07 2.219222921459454e-07 8.122114609407472e-06 8.424068013128825e-05 0.00012328717358045912 0.00017031332015509802 3.956859204984571e-06 1.6725213469082563e-06 8.309287544274669e-08 0.0001103356582895588 6.735735592303374e-07 1.7982587999142874e-07 3.5417036183432136e-06 2.280145138703667e-06 1.5897039934397694e-05 0.00014862555044056766 2.0722872331790325e-05 1.7809140991161487e-06 1.4373416031439567e-06 3.493644336105618e-07 1.403482857067686e-05 5.51487925369682e-08
4.195056318033449e-06 1.2218029217600107e-06 1.4941905024411181e-06 0.0010077400593052827 5.328461777879161e-05 0.001366578570353853 4.732811168641262e-05 0.0007407326685230022 0.0009265637248022022 0.0016242911916833273 6.799089611020388e-05 0.0 1.264075766724027e-05 0.00023691579324260762 0.0007879577637070255 2.5057322078834154e-07 2.0333432199214777e-06 1.416407651788861e-05 1.0504466724695433e-05 0.001909004065665903 5.208921268362323e-07 5.941295127106809e-06 1.4628069309905647e-06 0.0007774336846917747 1.425179867701415e-06 2.1037130210151515e-05 9.498378236951213e-06 0.00017040713384025886 0.00012168623467079961 3.575957900134343e-06 2.107696010283975e-06 1.0310429785178371e-05 4.963344910274027e-07 7.722201924201738e-05 1.239187661522092e-06 0.00023574009936428898 7.149357013816018e-06 0.00016157882986954751 1.204451858935311e-05 0.0007302317955716185 1.1026047242505144e-05 4.608288727564797e-06 1.6655584082082647e-06 6.398088773803788e-08 5.860463791950712e-08 5.272795728074656e-08 1.8110305938298005e-05 2.0792484873341394e-07 1.40988471008578e-05 1.5153054601605876e-05 3.261425329274379e-06 5.7366916083485544e-05 2.5829356704907612e-05 7.845436592953436e-07 6.331096854377178e-05 1.6249150207193585e-07 4.376242999287051e-06 1.175965633334072e-05 8.460957078622371e-08 4.717758741185364e-08 1.6911156957634383e-07 0.0 3.630043459050227e-05 0.0 0.0 0.0 8.00564154715803e-05 8.705853220278204e-08 7.357358481421063e-07 1.4053608209774715e-06 2.0137725927680178e-05 1.9315121830330126e-06 1.501599967688382e-06 1.3595997830259162e-07 0.0 0.0 1.527369103049869e-06 0.0 0.00011503528874512395 5.77016059130093e-07 3.420695209055508e-06 4.125494708371237e-07 0.00017298656414618476 1.797688963052736e-06 7.761036434673831e-08 1.375295948800566e-07
7.716486271938548e-07 0.0005186983228245664 3.485922574695333e-07 5.252681393506903e-07 1.6666435707724193e-07 2.7011409738227823e-05 9.328705423863835e-06 0.00010710837362254784 1.432923351752312e-05 1.4654889374032384e-05 0.0019795823998748213 1.264075766724027e-05 0.0 0.00010621152398302958 3.0535035867114364e-07 3.718755211126119e-06 9.343682912533441e-07 5.482113409241395e-05 7.426932310238276e-06 2.1881695192551964e-06 1.282758806634727e-06 8.383674330335112e-05 3.576138973198008e-06 2.5357029873316963e-05 0.00207594357186449 0.0001301676517414319 0.0023102376052536668 7.116499139850449e-06 0.00017301900371089325 2.41385331016266e-06 0.0005789158409053623 0.00011955786087593127 1.8101233240916034e-07 0.0005381037286562329 7.439762779752776e-07 0.00021364191291589702 0.0030148364311085893 0.001464891254161609 7.796479093079681e-05 3.7584708463776856e-06 9.924246920235672e-06 0.0013959689868927936 7.178321258500132e-07 0.0 1.8484489519350465e-05 2.535026769172722e-07 3.0750343893043075e-07 0.0 5.911741237422859e-07 1.1678209751515058e-06 1.6546263052186605e-06 9.386445883277226e-07 5.543490030917169e-07 0.00011157684808153773 2.778390261945354e-07 0.000314417288030276 2.2206578364919785e-06 6.1243347185429e-08 2.6709079608767254e-07 6.466940512994087e-07 1.3143663702037862e-05 4.151755258515068e-06 4.3816024579468535e-08 1.0599903680584355e-07 1.1074764745920627e-06 8.91605215807186e-08 1.3401550162712568e-06 0.0002874709821825644 0.00014875043419112198 0.00024383977896526713 8.955961291068973e-07 1.1665148866973e-06 1.7536104108393736e-07 0.00016251882764688698 9.961501227556785e-07 0.0 7.337768953937687e-06 1.8564550055007876e-06 3.8644433170885864e-05 0.0003375682273803369 5.843272979213922e-05 5.449592250359519e-06 2.3374670872109474e-06 5.330805435463295e-06 4.918935849501114e-05 2.875186561018924e-06
0.0038015519231611354 3.392138721955762e-06 0.00010787945751809038 2.3526852065637707e-05 3.061852825579888e-07 0.0003650644975205729 0.004337894706363342 0.0049311769488692035 4.886868162424079e-05 0.0004807454633331289 0.0003009284988711219 0.00023691579324260762 0.00010621152398302958 0.0 7.925658486605005e-06 3.1598855650875184e-05 0.00015641876841839613 4.2100180955299403e-05 6.872268891729899e-05 4.44586906218044e-05 3.953528221838187e-05 1.826547200459577e-05 0.00018837831354613077 0.0002431172476126086 7.031080894450688e-06 8.012302364245279e-05 9.84684259736685e-05 0.0004973094901030812 0.0025820498953882417 0.001497706519960839 6.436082636659174e-06 4.650667694590911e-06 2.517987363438767e-05 0.000483861518664749 6.207040908723806e-06 0.0006948090031986537 7.892308056988982e-05 0.0005712945099263504 0.00013090134733387997 0.00017210752217616273 0.00010241552365209879 6.774457496921824e-05 8.501537551617233e-06 3.0873918445094792e-06 6.216496037348886e-07 1.1990860390245207e-06 2.636791335564244e-06 0.0 4.849943163463068e-07 2.6519807503730527e-05 8.007122208597315e-06 2.1063316041577933e-05 3.17253133340715e-06 9.462238730722241e-07 1.4428994805609556e-06 3.9485108929260356e-07 1.0083269116853027e-05 4.3388397586536733e-07 6.120776916313877e-06 1.0655525848072164e-07 0.0 3.808724767961888e-07 2.5557514138869345e-06 2.490467873483752e-06 1.7637804744290386e-06 1.6105512896188686e-06 8.207597157965002e-05 8.262131145521315e-08 2.6727390929651222e-06 1.3080706241241122e-05 4.356697537155635e-05 4.287743483191835e-06 6.785830308108921e-06 3.386522094872542e-07 3.1172192478210134e-07 1.622099845294291e-07 2.708561548767654e-06 3.048764951092161e-07 3.737877524811766e-05 3.1719173392882216e-06 2.022462194240694e-05 5.634074388467942e-06 7.957570797295812e-06 1.6394008541789436e-06 1.927072775169156e-06 1.4671585866302014e-06
7.59278126848276e-08 2.106652286593301e-06 4.201609379895439e-08 8.788920238112081e-06 0.00030069571371527944 0.0008584780515743572 1.2803500683807349e-05 0.00015138819025049566 0.0007250911221579238 2.1462104680859567e-05 1.2803839977671776e-06 0.0007879577637070255 3.0535035867114364e-07 7.925658486605005e-06 0.0 1.1080137412591197e-07 0.0 2.513160725085145e-07 1.4825681083238134e-07 3.467296686770162e-05 4.748310506553142e-08 1.214113745667896e-05 0.0 0.00042281570690523145 5.715824905778056e-07 1.629456156635622e-07 2.134800194001142e-06 1.0787108929706906e-05 2.108289866646026e-06 0.0 0.0 6.050907753118465e-05 0.0 7.009796968425514e-07 5.032487566953433e-07 0.0001261812050411787 7.514309630151357e-07 2.7648873433635037e-06 1.9654029963445887e-07 0.0005764751943775374 5.2774338187783645e-05 1.245018040443712e-07 0.0 0.0 0.0 0.0 3.3505127802306353e-06 1.1041095835721271e-07 2.024376617068755e-06 1.4036659803589764e-06 1.1273435176604826e-06 1.097443982167999e-05 4.453727550157164e-06 0.0 1.0372063959186273e-05 7.712293213252642e-08 4.2303765514417716e-07 2.6981439726403073e-06 1.4136933346109122e-07 0.0 4.962038689972385e-08 0.0 6.210545301107761e-06 7.335660930600633e-08 0.0 1.412571700719312e-07 1.4131736079184615e-05 0.0 0.0 5.655969582472416e-08 2.8628199967070888e-06 2.2769560439508314e-07 0.0 0.0 0.0 0.0 7.50168322168873e-08 1.559332759010024e-05 3.801312660724684e-05 0.0 3.487823000366944e-07 0.0 3.732413843856301e-05 0.0 0.0 0.0
2.485316896642786e-05 0.00017616896633093764 3.2974178333682287e-06 7.991713024278026e-07 0.0 1.2938481958594416e-06 0.0001410441718191834 1.8055541961891586e-05 5.159015231278555e-05 3.1699712168465285e-06 8.149388868561014e-07 2.5057322078834154e-07 3.718755211126119e-06 3.1598855650875184e-05 1.1080137412591197e-07 0.0 3.1713400801916113e-06 8.70403077848697e-07 7.769014135224086e-07 1.9681850935747472e-07 0.0005665017377208743 0.0011746308722468096 0.0024235904918751393 0.0012889124321026173 2.1727199841915555e-05 2.3669894420905605e-06 0.0018140454722371116 0.0014645279070398646 8.942202755985583e-05 0.0003604226505919982 2.1757371553171944e-07 1.2024053757766762e-07 1.4851669096976554e-05 6.77868242119401e-05 2.6163653962569335e-05 0.0012881673261325452 0.0002773017885533034 0.0002599622484925941 0.00031294318571007594 3.324097441972815e-05 3.235871919584963e-06 1.779649891612121e-06 1.3245436392558143e-05 2.345151182911133e-06 8.189252165184883e-07 6.1440029938462055e-06 7.26705276015854e-07 0.0 2.0907736207003883e-07 4.8968086990174435e-06 1.5975321696910163e-06 4.716474175661684e-05 1.1166102289703822e-06 8.382080513548606e-08 3.0246774328269375e-07 2.189866973555212e-07 3.5053211483130932e-06 3.4934277185244233e-07 0.0010030542220440016 1.5945175944087159e-07 1.333500777013797e-07 1.4176050153574737e-07 6.607155607468296e-07 4.325814923527268e-05 0.0004883863652724031 0.0003996438596076198 0.00017652766796339773 0.0 1.9722143899897236e-06 0.00020786799538620476 7.25173150877201e-05 4.692432570551452e-06 1.9961900039072196e-05 1.1660585666000582e-07 0.0 1.4456756756794315e-06 5.944026815959995e-06 3.851767534475782e-06 0.0006091827874492238 1.2401301527516013e-05 1.1575912443925817e-05 1.0816995148608381e-05 1.6851389402064418e-05 9.607090395388996e-07 0.0 1.4565107118112683e-07
9.082160871664006e-05 2.6197898840536003e-06 0.0057455196298245 3.1492332788085006e-07 0.0 2.1233935178001763e-06 6.335016701909022e-05 8.193891470823938e-05 2.88856508154515e-07 6.881322678699508e-06 0.00022758182176041967 2.0333432199214777e-06 9.343682912533441e-07 0.00015641876841839613 0.0 3.1713400801916113e-06 0.0 0.00024308190186478256 0.0036378064670228747 4.898506025347889e-07 0.00024048804689485155 1.2518190142635572e-06 0.0013775416781211026 2.4928927494760924e-06 4.947968203080451e-07 0.0038217240141573535 0.0029703083470640386 2.0244602378147967e-05 0.0001359250012641807 0.00112203369088933 7.562223453644401e-07 7.603956424464425e-07 1.853194558405807e-05 0.0011380400703200203 5.173878554416912e-06 0.0001840410790493966 0.00048191407512726103 0.0007819634444390071 0.00031356897274451245 3.895171710322512e-06 2.1628982553225398e-06 1.1104755876602296e-05 1.9800966446301006e-06 0.0 7.798059151974055e-06 1.7415085108654646e-05 0.0 0.0 0.0 5.785916670101529e-07 0.0 5.624123501850872e-07 0.0 3.6501159867350394e-07 0.0 5.164388672358918e-07 5.548051680743288e-08 0.0 7.129754247298952e-07 9.290904368493895e-06 1.1928561895176583e-06 9.095022445151954e-06 0.0 2.0069226069906542e-07 3.959532043347021e-06 2.970717434938618e-06 1.4636344403980818e-06 7.757328341879521e-07 9.530766801908193e-05 0.00029579902823544644 5.360089433446281e-07 1.9978973010061e-07 5.595465337110973e-07 7.644869110340837e-07 0.0 0.0 2.6883316848232634e-06 4.6271355002746425e-07 5.541836508958315e-06 8.095316318721391e-05 5.883337623546995e-06 2.3389162650337265e-06 0.0 0.0 0.0 0.0
5.459049504055029e-06 5.104753801843707e-06 2.7982026387401945e-05 1.0571269791284093e-06 0.0 1.371623522676557e-05 1.68149321900497e-05 3.74744747626634e-05 1.2881052201541222e-06 2.2842331677222545e-05 0.002199580862894166 1.416407651788861e-05 5.482113409241395e-05 4.2100180955299403e-05 2.513160725085145e-07 8.70403077848697e-07 0.00024308190186478256 0.0 0.0017442899491221394 2.5497386473051585e-06 2.5407854851351497e-06 6.643371655011581e-07 1.6707064541582915e-05 4.1113196606459605e-06 4.443674378238377e-05 0.002006216865162204 0.00048259208885053907 6.519195824362758e-06 6.472323803077903e-05 1.886312796156182e-05 8.629461220082086e-05 1.024520634781656e-05 2.7317275542815404e-06 0.0006391092411235933 4.706636029460198e-06 0.0002876874661945512 0.001183133307877235 0.0009476642946004443 0.00024065505958122046 5.843567481014345e-06 3.121706372823011e-06 5.7201834291179486e-05 2.9791019972862513e-06 5.713005619815289e-08 5.190906871781521e-06 7.210999955678394e-07 0.0 0.0 1.0056810520227111e-07 3.724640539405518e-07 2.0457172025905063e-07 5.979252553535545e-07 2.6546194898863274e-07 1.1020818471799224e-05 3.2481359957827023e-07 4.610529297129005e-05 3.5760664338411545e-07 0.0 1.0172012604994491e-07 9.314298656209172e-07 1.8410883443062433e-05 1.143272756351881e-05 6.609285486456756e-08 4.4493328734748174e-08 4.1676504441161065e-07 7.649345369562986e-08 1.0575748958905562e-06 2.398155013500777e-05 0.0001775813917663163 0.00021198813722828798 1.1094984131871742e-06 4.471951611305859e-07 4.348461325277048e-07 4.631092224758693e-05 4.699600634777467e-08 0.0 2.2302057120323704e-06 1.0451093102766116e-06 5.859930787058125e-06 3.2935235704435024e-05 7.676245821846867e-06 1.0654858700047302e-06 2.1281296444403073e-07 0.0 1.7139096045464624e-06 0.0
3.0179762407586767e-05 5.093059787423733e-06 0.00033561002098543243 7.132187452946935e-07 0.0 9.979677897308058e-06 2.153396394537223e-05 4.791913605473509e-05 1.4097297331197283e-06 1.9944288393751064e-05 0.0008472217363917412 1.0504466724695433e-05 7.426932310238276e-06 6.872268891729899e-05 1.4825681083238134e-07 7.769014135224086e-07 0.0036378064670228747 0.0017442899491221394 0.0 1.9996145207878796e-06 1.971631828687263e-05 1.1007086177457836e-06 0.00013119746270067042 3.4417400297559607e-06 2.480008249658e-06 0.00374025301952641 0.0007921572087143163 8.351653766694974e-06 9.561577845258357e-05 0.000166683557507431 5.007324386895159e-06 3.6149447603184353e-06 1.272749700455685e-05 0.0027329289238793744 2.0360162793222765e-06 0.00016030837574812075 0.0007595696657382207 0.0007311831962985299 0.00018628430356724973 3.1625681306884343e-06 2.1047688498515728e-06 2.0636285247239102e-05 7.401596165733636e-07 0.0 9.268935215833698e-06 3.3275286504986253e-06 0.0 0.0 4.36289369460144e-08 1.1654985174716776e-06 0.0 5.012185194675115e-07 9.524343875404214e-08 2.9854316708134347e-06 0.0 5.694326898295893e-06 5.124514672825561e-08 0.0 2.2545703270731374e-07 1.295186645878964e-05 9.288172109594448e-06 4.222819591182648e-05 0.0 2.7317004479998985e-07 5.506085146068711e-07 6.313772454981851e-07 1.972217767610798e-06 4.316799466546164e-06 0.00025205326695381525 0.00030910677095636203 2.9950211054411457e-07 1.0555449378690586e-07 3.5607240457595305e-07 8.181526184656653e-06 0.0 0.0 4.659494560490007e-06 1.2146905708313288e-07 5.790894732908383e-06 3.599204977860895e-05 5.6564042291779436e-06 1.6466303011420287e-06 0.0 9.857188073499536e-08 2.56269041646054e-07 0.0
1.759660563924915e-06 1.7260769047263657e-07 4.900073070900357e-07 0.0012758251985291534 1.2459344887023698e-06 5.728286714738541e-05 0.00034618105047507023 9.188043005165375e-05 0.0002023270730647093 0.0026211491255761204 1.0196046123979045e-05 0.001909004065665903 2.1881695192551964e-06 4.44586906218044e-05 3.467296686770162e-05 1.9681850935747472e-07 4.898506025347889e-07 2.5497386473051585e-06 1.9996145207878796e-06 0.0 5.831737958453354e-07 2.8327935774470314e-07 4.3023870061845694e-07 0.0006318663747827879 3.6009019924109343e-08 4.0707622900363465e-06 1.9815504952811166e-06 0.0006876794673702042 2.7396154740960026e-05 1.4204034500360673e-06 4.6379963940153483e-07 5.639615381657434e-07 5.5322152525642005e-08 1.4189360190991693e-05 9.732009868842607e-07 8.767268831179657e-05 3.5618111007221747e-06 3.9499000910235756e-05 4.5252600230446006e-06 7.758605637180477e-05 4.029866938219869e-06 3.957337652183823e-07 5.98607592978587e-07 2.5938190919170095e-07 4.104273010457869e-08 4.229767338731322e-08 1.7776201077067957e-05 6.171297611794976e-08 4.469790996353406e-06 1.804688706188842e-05 6.4016988651746815e-06 2.684574369115538e-05 1.5743520421534014e-05 8.613839842050858e-07 2.0131785320424407e-05 0.0 7.059587973662821e-06 2.6444658102794863e-06 8.55856606202267e-08 7.157341927196587e-08 1.9383561623841047e-07 1.5664572026752834e-07 2.0163299335523304e-05 0.0 0.0 1.2797095826218865e-07 5.283790223597576e-05 0.0 1.0480877244607269e-07 2.958671659315813e-07 2.049345898797945e-05 2.558665284873387e-06 2.5467410531970083e-06 4.318749621968244e-08 5.0493992497496635e-08 0.0 1.016119056746867e-06 1.5314907973722408e-07 3.465728686487145e-05 9.223603364552686e-08 2.8127830262005364e-06 3.2616467515312473e-07 3.445824027733094e-05 9.476937742096099e-08 0.0 7.586814008655642e-08
2.8804722483239217e-05 7.914843064718167e-06 0.0007445385571556747 3.7777119243555843e-07 0.0 7.261566665914571e-07 0.0002869348167867258 2.8922363311246883e-05 1.3051151393724333e-05 6.052848221631886e-06 1.2385359179311638e-05 5.208921268362323e-07 1.282758806634727e-06 3.953528221838187e-05 4.748310506553142e-08 0.0005665017377208743 0.00024048804689485155 2.5407854851351497e-06 1.971631828687263e-05 5.831737958453354e-07 0.0 4.424719120295042e-05 0.008017680776555647 6.065706331410137e-05 2.087345087126377e-06 2.8062976381372342e-05 0.0005487488703980371 0.0010463097750210049 0.0001263346652110627 0.005316241018465686 0.0 2.89268310352865e-07 8.874944487676164e-05 0.002087291766770812 5.4415345564188463e-05 0.0019783463091815954 0.0002033728398322243 0.002185022832470006 0.0012842527186249714 4.6595828397161825e-05 8.554813986474942e-06 2.1344807974659195e-06 2.2964383775300136e-05 8.043675494736176e-07 3.645101208295196e-07 1.8601826815171718e-06 1.014455886658011e-07 0.0 0.0 2.007389595096594e-06 3.715112429346891e-07 2.2474539617778235e-05 2.1514991370819352e-07 2.1499666045347062e-07 7.61947572078189e-08 0.0 1.2274671535232653e-06 0.0 9.395411379387064e-05 8.231042295746169e-08 9.41336245972693e-08 0.0 4.3651802005878336e-07 1.482721016448484e-05 2.5332629684674676e-05 1.6685318544585583e-05 8.634760735080798e-05 6.529003582832599e-08 7.946777479243796e-07 2.554646863932927e-05 3.739572377451645e-05 3.425798538559916e-06 8.897205575377432e-06 0.0 0.0 7.487627354350704e-07 2.293738745054114e-06 5.128806438706445e-06 6.0248967866804155e-05 1.4820520574603141e-06 3.358637777633813e-06 2.347703070640618e-06 4.766786419571301e-06 0.0 0.0 2.566392343448297e-07
8.090411160566345e-06 0.0011067002580173889 1.3917381682491442e-05 1.3448699813979508e-07 2.4252812293122427e-07 6.441825592975166e-07 0.00011596069087947912 1.3208399858422226e-05 0.0011196206605514716 2.3907915455581915e-06 1.0477396480059373e-05 5.941295127106809e-06 8.383674330335112e-05 1.826547200459577e-05 1.214113745667896e-05 0.0011746308722468096 1.2518190142635572e-06 6.643371655011581e-07 1.1007086177457836e-06 2.8327935774470314e-07 4.424719120295042e-05 0.0 0.0001831648497147976 0.0037391293507945543 0.0006913232768691715 8.929912332792318e-06 0.0019499155830056372 0.00022220015717322984 2.336225448497839e-05 0.00010537028817552671 4.85285672422026e-06 3.5246860698118127e-07 2.561782542163072e-06 1.2201516128991455e-05 5.748680123405587e-07 5.193943827778252e-05 1.616542893523849e-05 2.6737338458036542e-05 1.1695648599138049e-05 5.1300386964745e-06 6.042238245194994e-07 2.3952059888856627e-05 7.188319365888529e-07 1.285974631516227e-06 1.08934822387263e-05 1.3821015721814542e-05 1.3070453951385945e-07 0.0 5.8426911453990766e-08 5.454844866061979e-06 1.2387895792127902e-06 2.0833095954330675e-05 4.495535627481173e-07 5.156313947607416e-07 0.0 8.854967667657171e-07 2.7543966811002315e-06 0.0 0.0007278955766336695 7.906527908411856e-07 2.4982860076138337e-07 1.371837202774441e-06 6.600152337025497e-07 1.076220926226043e-05 0.00022515145904562084 0.0003150931385016528 6.722935721864207e-05 1.7408137330470833e-06 8.093568235781623e-06 0.0003737073647854967 2.5688457015890506e-05 3.0091763198220075e-06 4.527523215302062e-06 6.055811473360886e-07 0.0 1.1733140146530448e-07 2.476094222802655e-06 2.0919422155463082e-07 0.00010924702597787295 9.335485457208593e-06 6.297598353886226e-06 6.049600489670934e-06 4.675466120657133e-06 2.5540829117326623e-07 1.804772838813163e-07 0.0
