0.0 4.816355772939019e-07 1.2327670930555212e-05 1.8810297372464748e-06 4.4305797453526215e-07 7.18233438524304e-06 0.0016344359024421384 0.00036288051548344287 1.3307497374918447e-05 5.31539915285806e-06 6.351663259188637e-06 4.2581521970819086e-07 2.2521251291158122e-07 0.0020889724311013175 3.985841233501098e-07 0.0 3.308578749841448e-05 3.6172821248547363e-06 1.293730055862849e-05 6.270839743393611e-07 1.3408351840565863e-06 1.3544748896946898e-06 5.0375187510133945e-06 7.090032943327569e-05 1.0335986579569161e-07 2.364076622010666e-05 1.4204881727541198e-05 2.0689212980882755e-05 0.0019057823418611706 0.0018180870470661942 9.15139639833975e-08 4.404568382838696e-06 5.6064489233978366e-05 8.595579984165366e-05 1.366576674398487e-06 6.737437210761998e-06 1.6850617438430807e-06 8.054074807280666e-05 1.3015130392199355e-05 1.997946772877492e-06 3.0545992461309415e-06 1.5750120498293745e-07 2.6901910684173306e-07 1.2225714968576891e-06 1.5353943407308965e-07 1.8258877502516183e-07 1.7335561180593737e-07 0.0 2.1633244332284296e-07 5.981165863827374e-06 1.3110333455159874e-06 5.051396641055697e-06 1.0618621327439145e-06 1.8779073041219396e-07 1.2913173449352487e-07 5.48487120611693e-08 2.496882633414824e-06 1.870823719082269e-07 9.344611979373756e-07 0.0 0.0 7.811329505759875e-08 1.281585662419883e-06 6.123452769181885e-07 8.468688463914227e-07 1.389363345861232e-07 1.1455328651863256e-05 0.0 1.2091297742979015e-06 1.2818719569978028e-06 7.085834180768717e-06 2.3830469820358526e-06 4.482370713998298e-06 0.0 2.462137179311559e-07 5.314929873919878e-07 1.113942695685483e-06 6.52156574232518e-07 1.2164751826737242e-05 3.716786134497532e-07 6.695380400610541e-06 3.2594771970447327e-06 2.3956955104854594e-06 1.2519102368842436e-06 0.0 0.0
4.816355772939019e-07 0.0 0.0006192677148502068 0.0 0.0 8.481147494274586e-08 2.1582273307843417e-06 6.629071506150452e-07 0.0002006495702054632 1.2071419680059326e-07 4.091769422638427e-05 3.424062963174389e-07 0.0003645421332167681 5.670144180294069e-07 3.3538955556456376e-06 7.213466138210624e-05 6.242501593084395e-05 1.187699582134486e-06 3.3701029941996522e-06 0.0 4.67256591032851e-06 0.000839803450197145 5.863298647503876e-05 0.00025173184115711563 0.0007736032354719734 6.832980201335447e-05 0.0027245500213930788 1.1220024344358073e-05 1.6222358231205683e-06 5.904568701090172e-06 1.0982063940060897e-05 0.0 1.689235715663661e-07 4.3404371136847756e-05 2.079131219728374e-06 0.00020300555779551296 0.0003674966376608944 0.0001325292250611846 4.0686937249264774e-05 3.1307030510356128e-06 2.902812228944827e-07 9.406481360899628e-05 4.946881950153792e-07 0.0 3.516295295282418e-05 0.0002131978671980785 0.0 0.0 0.0 1.1636992334527815e-06 5.081459971532202e-08 1.4598616489177492e-06 0.0 6.526422160578724e-06 9.23238519048474e-08 3.789975846089838e-05 0.0 0.0 7.373959578398539e-06 2.469131638635502e-06 3.4265017071150333e-07 6.1933165693267336e-06 0.0 2.0352160969789808e-07 1.429787168441858e-05 5.539595957344505e-07 1.632796291942133e-06 1.2597291719304312e-05 8.600803272967121e-05 0.00023285134973654204 9.19963275175203e-07 0.0 4.431270257762853e-07 1.480807277735061e-06 0.0 0.0 1.078247513232026e-06 6.904726422017716e-07 5.4351306526977295e-06 4.2633960012730605e-06 2.103729293512779e-06 2.7931806944289757e-07 0.0 0.0 2.110808669388398e-06 0.0
1.2327670930555212e-05 0.0006192677148502068 0.0 4.2568507368896e-07 0.0 3.984252574046288e-06 0.00047283798307977377 4.4688670343530525e-05 1.5742911352557222e-06 2.5162866082835583e-06 1.7894220431789833e-06 2.622749975488553e-07 5.067686244015663e-07 4.379785071553272e-05 0.0 9.6305625771702e-06 0.0032231154356354443 9.32284480648839e-06 3.8145170542583766e-05 2.2314730371145666e-07 0.0009952113815357789 0.00011632690323650779 0.008067160695791812 0.00011140185367747467 2.830506361333873e-07 0.004374351761354503 0.0043482841707559354 0.0004270252721941004 8.21984328327607e-05 0.0006680102570650166 0.0 5.375440225888204e-07 1.0060074842795334e-05 0.00044286016270421414 1.8964042046138794e-05 0.0004972573818070274 8.504035560880576e-05 0.0007198146927834671 0.0001705827052215302 6.212872555012574e-06 1.5919682053426671e-06 3.015064110927225e-07 1.9800541355008735e-06 7.526125977444467e-07 0.00016822464114229206 0.0014667267401274025 0.0 0.0 5.957210835081683e-08 1.6097971638762238e-05 2.287936239756083e-06 6.540800098357962e-07 1.4507820487639113e-07 5.272383177067781e-07 0.0 2.1744429114995855e-07 3.442246447120819e-06 0.0 3.237146758016212e-06 6.933775704403364e-05 5.929972496485455e-07 4.2091371968875115e-05 7.566375013535585e-07 8.96464588378184e-07 7.717465260274916e-05 2.302975563863539e-05 1.8855365091939392e-06 7.77365101186837e-07 0.0006846919705397292 0.001354783775436973 3.0088788729150397e-06 1.1328317002831944e-06 9.215755535636742e-06 5.294350966139742e-07 4.7229101407226556e-08 7.734373226097476e-08 9.11439040887381e-06 5.149169460568688e-06 5.973002618685683e-05 8.508460574101704e-06 3.777377019582665e-05 1.0525290842523959e-05 1.949348055198519e-07 5.771876342353032e-07 8.176335451429668e-08 1.5259924300298175e-07
1.8810297372464748e-06 0.0 4.2568507368896e-07 0.0 1.2330122330556998e-07 7.396138165167834e-05 0.00023200312526315935 3.4952509739480104e-05 0.00040019106165690494 0.0024555454628507546 1.5160067882680572e-06 0.0025735825469079786 5.310110619156622e-07 2.2904846624176872e-05 5.11942205928008e-05 6.99493737832202e-08 1.2620899382501365e-07 2.389358780659429e-07 5.660169842328075e-07 0.0034562090212108608 5.260182457962799e-07 0.0 3.552252292501331e-07 0.0010087978536571032 5.176041411432586e-08 8.30405139264583e-07 4.5249739631597054e-07 0.0017792321048928053 4.734970205658923e-05 2.2850567192030573e-06 6.084862781767481e-08 1.2794041298286265e-06 5.370346451731075e-06 2.559928080612426e-05 5.316229924708838e-06 0.00016749108061616029 3.6121505634511054e-06 7.546863287400199e-05 3.6212897028018215e-05 4.173739059521697e-05 1.2640895601988837e-05 8.071071876916061e-07 2.295897959265099e-06 1.0659504404576642e-06 5.430242637144816e-07 8.767282085868831e-08 0.00014897646134817377 1.940569757863651e-07 9.144108783119563e-06 3.695678994246565e-05 2.466516305502284e-05 0.00014594631014103174 9.492020566023971e-05 1.2317716200437139e-06 0.00017468615096999843 0.0 3.0308756785545628e-06 1.8134392861310143e-05 0.0 0.0 0.0 5.904340592015307e-08 0.00012936961076691746 0.0 1.9683408033101883e-06 0.0 0.00032675981049954756 0.0 1.1144396532103475e-07 6.631402259321104e-08 0.0003133403901526299 4.1040561867700625e-06 1.2446146652012417e-06 0.0 2.4829992057505855e-07 3.122697054358601e-07 2.844379423217412e-06 2.628868514439625e-06 2.2443988851949e-05 2.895126647738935e-07 2.1313144091365173e-05 8.852664559627154e-06 3.477309634067346e-05 2.6818391489255123e-06 0.0 1.2898878480672326e-07
4.4305797453526215e-07 0.0 0.0 1.2330122330556998e-07 0.0 0.00031070069317798833 1.411976475013843e-06 1.394121579649497e-05 1.7150328307751028e-05 2.139783064365177e-06 1.2726222980456173e-05 1.0597783832236756e-05 1.7813356009967248e-06 2.460732332717628e-06 0.000407248892969184 0.0 1.321442008264851e-07 1.8830902992247514e-06 1.3758714799681657e-06 5.930306944090577e-07 6.184688059189502e-08 0.0 1.615553299040172e-07 2.3744969604282733e-06 0.0 3.090700298656444e-06 9.921037235912602e-07 3.9346317532506404e-07 2.5035660717027975e-06 2.1707098972283035e-07 2.52187164521419e-07 0.0003123095976738755 1.0826123258842299e-07 0.00017847019574159073 0.0 1.5877199817731725e-05 3.8510516873446425e-06 0.00013240292989377252 1.615411981594814e-05 0.0005582444122715694 6.702442602715908e-05 2.796943296647557e-06 0.0 0.0 0.0 8.863081516905171e-08 0.0 1.247157881165007e-07 0.0 6.697868673651247e-07 0.0 3.4059412739463423e-07 0.0 0.0 0.0 0.0 0.0 2.2612615863148197e-07 0.0 0.0 0.0 0.0 0.0 0.0 0.0 0.0 5.771403858926835e-07 0.0 0.0 0.0 0.0 0.0 6.739845847752079e-08 0.0 0.0 0.0 2.3617449979620657e-07 0.0 0.0 0.0 4.7475568912990185e-07 0.0 0.0 0.0 0.0 0.0
7.18233438524304e-06 8.481147494274586e-08 3.984252574046288e-06 7.396138165167834e-05 0.00031070069317798833 0.0 0.0008130170118197034 0.0035511665341491005 0.00028412834615922523 0.004389362814749696 5.392621958311835e-05 0.0035723817424920213 1.1892807250888767e-05 0.00046121516397909274 0.0008982393344090605 9.900728066982555e-08 3.338292017856963e-06 9.56790428497756e-06 8.21729896454942e-06 0.0005819320430718581 1.335575943089582e-06 1.0614104237325956e-07 1.5757286647705186e-06 9.504516327530618e-05 1.8457918585642462e-07 2.2168122358927212e-05 4.378396129314276e-06 0.000164923522466264 0.00020804497584371655 1.3017855787830255e-05 8.309846802072039e-07 0.0006131815193871059 3.4416534454239307e-06 0.0004513847285303657 4.891813975880661e-06 0.00017644940524022242 1.7398515323690375e-05 0.0005253320531073167 0.00012587905227761542 0.000907626018049697 0.00025722845471199085 2.1260101677300026e-05 3.1222826850129913e-06 2.461518436957592e-06 7.357378305129648e-08 1.6381184180105146e-07 3.121617559004404e-05 0.0 2.0685728459658395e-06 4.357079219373351e-05 1.571859846392175e-05 4.393282514588706e-05 2.2588778243415134e-05 2.2383951169105288e-06 5.5303771181390965e-05 0.0 1.0539836346933594e-05 1.3197663495792295e-05 5.1625973224083946e-08 0.0 3.002179450278968e-07 0.0 4.2454517211675076e-05 0.0 4.1832160304740165e-07 0.0 3.637364845996501e-05 0.0 0.0 0.0 5.867362428742484e-05 6.738619233543614e-06 5.680939067175077e-07 0.0 2.0358642796738145e-07 2.2036240364261304e-07 3.3397670203594062e-06 5.283031124126835e-07 2.0455192977893326e-05 4.3476780214684914e-07 1.513735344790088e-05 5.368009289584389e-06 2.982777682364462e-05 8.37497881140663e-06 1.7513291704188705e-07 0.0
0.0016344359024421384 2.1582273307843417e-06 0.00047283798307977377 0.00023200312526315935 1.411976475013843e-06 0.0008130170118197034 0.0 0.002778413914853233 0.0002297941495889015 0.0023345057606236064 1.567931347876619e-05 1.7003585668943918e-05 2.6092077972290358e-06 0.0024461826184225717 5.6841718861029946e-06 1.6769867244940334e-06 0.00010382938618466542 8.033237989163262e-06 1.9560818106144416e-05 4.496101538515105e-05 0.00018389763573732593 9.047605840784002e-06 0.00019846196130497964 0.0025201573640058397 2.0476068950759394e-07 0.0002195396282274237 0.00011931635897428702 0.010085391910360416 0.0009115674127011111 0.0029722596082146484 4.2590657856638357e-07 1.7315879891331924e-05 7.879067198100098e-05 0.00021775518038766922 2.4567662721744165e-05 0.0004464750466864199 1.8724689284656407e-05 0.0005094399759825822 0.00018329739392592022 7.838208865038194e-05 6.19865831562293e-05 2.28922727226822e-06 9.17166839425651e-06 2.8031134930882062e-06 1.7047326435167054e-06 2.32515095757241e-05 7.749878286588756e-05 0.0 1.3265201523293188e-05 0.00014006830061753827 4.91039963021535e-05 0.00013905533222963824 5.8826896349112246e-05 2.950641183844268e-06 6.223563263654875e-05 3.3085250287187256e-07 2.785641101221628e-05 8.502812690161673e-07 1.9478700767599545e-06 3.207899629207233e-07 9.293432210869539e-07 4.142414279718855e-07 9.21526536467469e-05 1.786841087583695e-07 8.995278179914363e-06 4.961770968060353e-06 0.00015103740863161346 1.6150148688695128e-07 4.178070427413389e-06 1.2158522406787018e-05 0.0002152161678503503 2.35577801272431e-05 1.2937404863999183e-05 6.938796938570036e-08 6.082755104768523e-07 3.995188315555068e-06 1.4637601457118485e-05 5.839884110657389e-06 7.75416910842212e-05 2.5544603265147323e-06 6.337956844966426e-05 2.5965653225477256e-05 2.2434317540464174e-05 1.3030616311469497e-05 3.886778748025837e-07 4.5330553200623185e-07
0.00036288051548344287 6.629071506150452e-07 4.4688670343530525e-05 3.4952509739480104e-05 1.394121579649497e-05 0.0035511665341491005 0.002778413914853233 0.0 0.00011570689786191995 0.0024442224228778454 5.6794777273144074e-05 0.00033215883689523176 8.326167699976265e-06 0.006181482995163173 8.531579250997346e-05 6.208010684844052e-07 6.076490146903355e-05 1.3966811115996812e-05 2.5448195812269297e-05 0.00014171250730089688 5.2683099252100594e-06 1.1638235513987113e-06 9.22812880189882e-06 0.00029148178521771036 1.4148591667244e-07 6.960537030674766e-05 2.7885465133712137e-05 0.00013229422218029736 0.0009806055739278955 0.00044107671041746465 1.124636300746893e-06 0.00025406968441701535 9.422006116850386e-06 0.00038216810585198257 5.434254918023272e-06 0.00016592065988819474 1.3781216828806216e-05 0.00048201454968871144 9.859893640924925e-05 0.00016892000840424418 0.00018943470152997212 1.585202865483421e-05 2.234748380979291e-06 3.741852001632807e-06 5.947874918740042e-07 1.062209831597399e-06 2.1557419532104424e-05 0.0 4.977272052700973e-06 8.766552484894753e-05 3.7513492575180336e-05 8.334759510393092e-05 3.3151812602844485e-05 2.4819593946236102e-06 3.412596018020154e-05 3.1251389885027686e-07 2.2438206008115468e-05 5.750883803259444e-07 3.4745704558049284e-07 7.763648819140269e-08 2.7934703839548236e-07 4.6944041961834425e-07 3.713021341513816e-05 2.5219026901798125e-07 1.3193354740253637e-06 1.0375558911593656e-07 6.826632423882227e-05 0.0 1.9904544465826045e-06 2.7046172734997145e-06 6.13129822910384e-05 2.1916725441148838e-05 1.5097873127059778e-05 0.0 1.5812096582128309e-06 3.094089799430804e-06 6.581464237065352e-06 3.006302231236754e-06 7.734744119159017e-05 2.58212292408749e-07 4.2154283967954765e-05 1.704021940451224e-05 2.0260192278005488e-05 8.5616745544554e-06 1.514772341395716e-07 6.527488569432381e-07
1.3307497374918447e-05 0.0002006495702054632 1.5742911352557222e-06 0.00040019106165690494 1.7150328307751028e-05 0.00028412834615922523 0.0002297941495889015 0.00011570689786191995 0.0 9.782287283015424e-05 1.1712081330930432e-05 0.0005014180776385012 4.371153110282438e-05 6.09215995664679e-05 0.0009762369334076236 0.0001221196259875871 2.426920846406852e-06 1.3664023416797186e-06 2.408187490410562e-06 0.0003392883698696206 3.8928038887692116e-05 0.0015179932714778726 1.2672499591260885e-05 0.003911296336948835 0.00010835439602571102 2.8864021596144984e-05 0.0003864898662648287 0.0003504955523306266 0.00011410727911047216 0.00017469784411343843 4.471531845162158e-06 3.2936548806279264e-06 2.413650288265201e-05 3.957635939931806e-05 2.2381143023404204e-05 0.0004898586769340941 1.3164628662148363e-05 0.00011590240146644337 7.546916962812541e-05 0.00025038033161397177 2.708245897169489e-05 7.506842992234701e-06 5.570074890394548e-06 1.9395027004939937e-05 5.307711209949261e-06 2.206926554158771e-06 7.482470453459458e-05 8.471908188723208e-07 1.9734053156826188e-05 0.00025189697775711777 7.394021203724322e-05 0.00036952589290068324 4.3262181142257864e-05 3.7698615600268908e-06 0.00021211714370123153 6.21589500620641e-06 5.275344633474864e-05 6.858129346591007e-05 0.0002583489365963886 8.610061714025842e-07 6.105293726003637e-07 5.881754760529555e-07 6.318402489141281e-05 0.00017589583746814152 6.331622121635566e-05 3.693244340908676e-05 0.0006560618300441598 2.7279881093194393e-06 3.407003892647755e-06 1.5996563072854924e-05 0.0004849360353978178 6.684488605345658e-05 0.000213257223896269 4.498941140575217e-07 1.3411270210179398e-06 1.2331184520723609e-05 2.383924169443287e-05 7.672877667858883e-06 0.00017312807943892363 7.564135519231673e-06 6.411893768884705e-05 3.77383487994964e-05 0.0001337680841945037 8.550780561759282e-06 7.342495862851537e-07 7.933180900601847e-07
5.31539915285806e-06 1.2071419680059326e-07 2.5162866082835583e-06 0.0024555454628507546 2.139783064365177e-06 0.004389362814749696 0.0023345057606236064 0.0024442224228778454 9.782287283015424e-05 0.0 2.2082136022495526e-05 0.002954001330046621 3.2889339793631235e-06 0.0005508433302113389 9.55683524057651e-06 1.5131957142458346e-07 1.7361926022419472e-06 6.7100548844724485e-06 7.360020879267897e-06 0.0029220198806409916 8.575719363564403e-07 0.0 2.1287925323012704e-06 0.0003320821347033762 3.51162519348529e-07 1.5404778852861637e-05 6.024770013155776e-06 0.0018078894557960246 0.0004300352053054808 2.8263224665518885e-06 4.792529333202779e-07 2.6016351463709464e-05 1.4358090523207401e-05 0.00019988194068645845 1.3142146669406525e-05 0.00046953455200138755 1.758782344345838e-05 0.0005938279310832427 0.00013232935474893285 0.00015911587905236382 0.00012332221062130047 4.964393781982757e-06 1.0339309366997915e-05 2.488573467411707e-06 9.17077807511431e-08 5.118408242121868e-07 0.0001123620663601378 0.0 1.592469704860278e-05 9.009102684995688e-05 4.3406984708702935e-05 8.486955924968816e-05 8.20880791456818e-05 1.2073958653528555e-06 0.00010794633810256614 0.0 1.8695861648564666e-05 6.339912782553652e-06 1.0935424393026151e-07 0.0 1.1427797547813606e-07 1.405050862186517e-07 0.00012274849665683604 8.958894280135342e-08 2.222741326274125e-06 0.0 0.00018105045605820925 1.5164159628195728e-07 5.730746810089663e-07 5.240222735355926e-07 0.00023688316959737641 1.3822290480131465e-05 2.0673929706197274e-06 4.929935303351597e-08 1.6122975487388732e-06 1.6462729448497438e-06 7.340618299518016e-06 3.0794414561917896e-06 3.9085806441338705e-05 0.0 3.7960855638900955e-05 1.2151314622838864e-05 2.93178758669646e-05 9.448871492085828e-06 1.491793543496943e-07 2.026551551826436e-07
6.351663259188637e-06 4.091769422638427e-05 1.7894220431789833e-06 1.5160067882680572e-06 1.2726222980456173e-05 5.392621958311835e-05 1.567931347876619e-05 5.6794777273144074e-05 1.1712081330930432e-05 2.2082136022495526e-05 0.0 2.367896502666972e-05 0.001321357466862063 4.826887067587443e-05 7.05831129506426e-07 5.550966271234038e-07 0.00011032390804320288 0.0016534234460319729 0.0005429227937014451 7.124188207398398e-06 4.220089602686274e-06 2.7569328201666643e-05 7.4024883114662005e-06 1.1362771803206053e-05 0.00019830033101957733 0.0018933488337527463 0.00026680642661743774 4.782927263418891e-06 7.599942377854409e-05 1.944007806631454e-05 0.0002716104130856808 7.373126330568906e-05 2.4438198353776173e-06 0.0031416814067735674 5.052440351849366e-06 0.00034533680483631485 0.002069146186657446 0.002646958138655899 0.0005076490094023678 7.807127212550408e-06 2.7591209921904465e-05 0.0010405928239345034 1.5618687255749022e-06 4.755679244697647e-08 6.850653696013697e-06 1.5019475327747432e-07 3.146671624291244e-07 0.0 0.0 1.0743452324756293e-06 2.614945766326595e-06 3.5071064939858494e-06 1.0292266030665667e-07 0.00014736382020975403 0.0 0.0007293302065891349 5.914514436738912e-07 0.0 0.0 0.0 3.5130338968924354e-06 4.8864702088048e-07 1.6121175450762307e-07 7.092023842212356e-08 2.2427364125251224e-06 0.0 2.8554167060474186e-06 8.549278053988678e-05 2.928077609979959e-05 7.809691463859132e-05 2.5174834964612923e-06 9.750870399179984e-08 5.561208919600781e-07 4.3501663345057813e-05 1.5789780441877664e-07 0.0 3.2694320033467725e-06 2.921972162767074e-06 1.753938220279598e-05 0.00023394061583182144 8.268518053502423e-06 2.1306708431899454e-06 4.349657566561786e-07 1.3783975307323798e-06 0.00015060095743525166 0.0
4.2581521970819086e-07 3.424062963174389e-07 2.622749975488553e-07 0.0025735825469079786 1.0597783832236756e-05 0.0035723817424920213 1.7003585668943918e-05 0.00033215883689523176 0.0005014180776385012 0.002954001330046621 2.367896502666972e-05 0.0 2.072728486019909e-06 0.0002653463984732266 0.0005317516483603337 0.0 2.2003574108638684e-07 6.877489221419463e-06 5.955946862161515e-06 0.0030226949904656308 2.5385648851037355e-07 6.7839434691889625e-06 1.7829852266693015e-07 0.0003537423915554623 5.843143822524852e-07 1.1311124396099647e-05 4.3390032724261705e-06 0.0005802565066995925 0.0002301410287457791 8.095277331876783e-07 5.48513646915909e-07 3.399296848038253e-05 3.3076002030020023e-07 0.0001235236403764566 9.582688116636331e-06 6.233934107255202e-05 4.87825509190613e-06 0.0002563659761854786 2.729485187554109e-05 0.00025929905718448376 4.3741572958945825e-05 5.6605945631698914e-06 2.3784958091214502e-06 0.0 9.2660004126179e-08 0.0 0.00016934968452253144 2.0574961450763373e-07 7.808048643319208e-06 6.051112675924781e-06 4.6868347860007525e-06 0.00013152557707666639 2.5582366661306016e-05 7.658301013730676e-07 0.00024032728038038986 0.0 5.969534067524931e-07 3.747205909746672e-05 0.0 0.0 0.0 0.0 3.830999110769269e-05 0.0 5.81889656161349e-07 0.0 7.67364135591953e-05 0.0 0.0 1.5546006991566448e-07 6.012054292353886e-05 3.2518862506075164e-07 7.076343753823632e-08 0.0 7.0086976307998e-08 0.0 1.2173109083868094e-07 3.4132508396713635e-07 1.957671924706828e-06 9.872225741181672e-08 1.5944118298185514e-06 1.6885530121098134e-07 0.00010222630353880175 2.9367866013336717e-06 0.0 0.0
2.2521251291158122e-07 0.0003645421332167681 5.067686244015663e-07 5.310110619156622e-07 1.7813356009967248e-06 1.1892807250888767e-05 2.6092077972290358e-06 8.326167699976265e-06 4.371153110282438e-05 3.2889339793631235e-06 0.001321357466862063 2.072728486019909e-06 0.0 4.375953266678039e-06 7.166837638326915e-07 2.180225255375846e-06 1.3580876761466478e-06 3.0448919734340216e-05 3.6541668675408207e-06 7.961210790591516e-07 1.5171513047315443e-06 0.00014429900886978768 4.306859657847523e-06 3.766448917420948e-05 0.0020404787651721063 0.0005115119714669663 0.0025865406644397545 2.611010974063254e-06 6.173794595019644e-06 1.4591132414558284e-06 0.0005571673132696975 1.160248651232408e-05 6.246200135063941e-07 0.00025988356421217555 7.0801142934590345e-06 0.0008701816982670556 0.0018558140002539634 0.0017958883510251723 0.0002797840414542001 9.566152615169592e-05 9.715439470807304e-05 0.0007863382879644351 2.559298555846702e-06 0.0 1.7439411756829188e-05 4.919575712599009e-08 1.0455498745774403e-07 0.0 1.3048535213267953e-07 5.122603312139177e-07 9.679424696145697e-07 1.9678766715511224e-06 4.1327105852875285e-08 0.00021507279067627664 9.699434795399242e-08 0.001075148318549864 2.076868241717334e-06 6.805996384318504e-08 6.78805696522605e-08 0.0 3.925518294085983e-06 6.006373061740201e-07 1.7298426687825307e-06 0.0 1.3650196598580235e-06 3.427364776205356e-07 6.971697174194302e-07 0.0001675167466653311 3.716789360650363e-05 9.308210642989807e-05 1.5833683641836579e-06 1.0731543437851168e-06 3.2077802108425343e-07 6.21048582757844e-05 2.3098350061560074e-07 0.0 7.304543963756641e-06 5.926737782481416e-06 8.307320666553166e-05 0.00034313249678692297 1.742606543563922e-05 5.498892969576607e-06 1.880423355740784e-06 2.1848215863353365e-06 0.00027076350838521097 1.1964050190300949e-06
0.0020889724311013175 5.670144180294069e-07 4.379785071553272e-05 2.2904846624176872e-05 2.460732332717628e-06 0.00046121516397909274 0.0024461826184225717 0.006181482995163173 6.09215995664679e-05 0.0005508433302113389 4.826887067587443e-05 0.0002653463984732266 4.375953266678039e-06 0.0 1.6550619036543247e-05 4.310085472612184e-07 7.758791480013049e-05 1.8069043670538122e-05 3.34359018644919e-05 9.009903727006534e-05 5.824454381822725e-06 3.0549256229973e-06 1.3775646581087736e-05 0.00022443998038306693 2.562814002999238e-07 8.161120789451259e-05 3.72758685088029e-05 0.00010118104747482651 0.004712454807505591 0.001787542171992715 1.0001088917676557e-06 7.106107785595587e-05 0.0001142173620325982 0.00034082463000778004 2.5960451293897706e-06 0.0001326191652453938 1.3016509350529772e-05 0.00035869366288045467 5.668438144680965e-05 5.413882422600999e-05 5.88293512773839e-05 6.288293837300314e-06 1.780094916562272e-06 3.7595363710958715e-06 1.3247826275028466e-07 9.548656491998002e-07 6.809907669067227e-06 0.0 2.378187011704951e-06 2.6676053835857108e-05 1.6175405844242815e-05 3.228331692395371e-05 7.4444592622894204e-06 1.291121337878517e-06 1.0415775012404526e-05 0.0 9.728164811263189e-06 4.5284047175509614e-07 5.035122122520746e-07 0.0 1.070459935981867e-07 2.0519638560182792e-07 1.153089106970714e-05 3.796555459442242e-07 7.521003272426733e-07 1.7881401194121276e-07 3.6435758110954966e-05 5.4265385727801265e-08 1.7264554392426194e-06 1.8757586211039704e-06 3.4023406040778226e-05 1.3099397982675716e-05 1.1874344386059209e-05 0.0 3.086881306019477e-07 2.672809249285658e-06 4.890664183677617e-06 2.1237254225317933e-06 5.2237452441691196e-05 4.016511945397831e-07 2.4750691759139945e-05 1.0641463589388645e-05 1.0738815316321138e-05 4.4876437156939295e-06 9.805250513197157e-08 0.0
3.985841233501098e-07 3.3538955556456376e-06 0.0 5.11942205928008e-05 0.000407248892969184 0.0008982393344090605 5.6841718861029946e-06 8.531579250997346e-05 0.0009762369334076236 9.55683524057651e-06 7.05831129506426e-07 0.0005317516483603337 7.166837638326915e-07 1.6550619036543247e-05 0.0 0.0 0.0 5.676340412604662e-07 1.1137287139745754e-07 6.941500098482383e-05 6.28417146106984e-08 1.9462098558024847e-05 0.0 0.0005483169691022218 1.2771767392521065e-06 1.6135019743676172e-06 6.197827593291729e-06 1.802124299417409e-05 1.1138771303369952e-05 4.780662680783094e-07 5.285736321484088e-08 0.00030555976368457533 2.734778352764453e-07 3.7952664077131875e-06 2.4151644321841176e-07 4.096444143088416e-05 3.367008982455455e-07 7.3670933509717145e-06 2.6544376671303337e-06 0.0009939496310685141 1.5024778122134764e-05 3.0528187411684736e-07 1.9106216508722876e-07 0.0 0.0 0.0 2.8459032929717245e-06 0.0 2.667963682485586e-06 0.0 0.0 3.199346821171144e-05 7.951538950580436e-07 0.0 4.324940972431167e-05 1.9087970925322206e-07 0.0 1.3429915254676084e-05 0.0 0.0 0.0 0.0 3.905204373181134e-06 0.0 9.22276886953795e-08 0.0 3.0000173588832086e-06 0.0 7.851187527652066e-08 1.0153440753254114e-07 3.4273379784957655e-06 2.1081581006953476e-07 9.136296260382453e-08 0.0 1.262492951423506e-07 0.0 0.0 0.0 1.7877077754123413e-06 7.756678938667949e-08 2.184449484805653e-07 0.0 3.8474113089652624e-05 0.0 0.0 0.0
0.0 7.213466138210624e-05 9.6305625771702e-06 6.99493737832202e-08 0.0 9.900728066982555e-08 1.6769867244940334e-06 6.208010684844052e-07 0.0001221196259875871 1.5131957142458346e-07 5.550966271234038e-07 0.0 2.180225255375846e-06 4.310085472612184e-07 0.0 0.0 3.1934049823555436e-06 1.0309514080278281e-07 5.271767229713021e-07 1.0415563111468152e-07 0.002117641610241192 0.002877132525160102 0.0022345270222084274 0.0016049892034428752 6.277247252884365e-06 3.5440975752021904e-06 0.0018121675697631576 0.0010223423391194234 3.479979107811242e-06 0.0004185668625421287 3.852392306094817e-07 2.4545741590589096e-07 7.353164998575783e-07 3.365636524997975e-05 5.799209614263847e-05 0.0015396812304717703 0.00044773518560571005 0.000276568117120391 0.0005624051944861363 4.755947374161479e-05 2.453003407597307e-06 9.689576304674597e-07 1.1589698062500269e-05 2.591718232544509e-06 1.1406597407416155e-06 5.489926985902405e-05 0.0 0.0 1.0205571059563147e-07 7.320048814742022e-06 2.993569719489039e-06 2.993587656051233e-06 0.0 2.3512552278597614e-07 0.0 4.0505118489378525e-07 4.713780768632366e-06 0.0 0.0006589153314400998 6.617372410838177e-07 0.0 4.5747351862408344e-08 0.0 0.00015813434911550342 0.0004852293296727095 0.00042370605489830117 4.362944988500178e-05 1.2885568189736175e-07 6.630742363341699e-07 0.0001475174928276819 7.9573551925118e-05 6.489856652512309e-06 9.148314875528118e-05 1.664097626129832e-07 0.0 1.0538689064039888e-06 1.4870479300585835e-06 1.0050531377526303e-05 4.794816348206988e-05 2.3758427073115724e-06 6.750982214970453e-06 6.886081110877155e-06 7.491170774601833e-07 6.70468790033334e-08 0.0 4.228784278596866e-07
3.308578749841448e-05 6.242501593084395e-05 0.0032231154356354443 1.2620899382501365e-07 1.321442008264851e-07 3.338292017856963e-06 0.00010382938618466542 6.076490146903355e-05 2.426920846406852e-06 1.7361926022419472e-06 0.00011032390804320288 2.2003574108638684e-07 1.3580876761466478e-06 7.758791480013049e-05 0.0 3.1934049823555436e-06 0.0 0.00022704831981880088 0.0016288210980605034 4.9625115666658905e-08 0.000716334566769164 9.020197473863015e-06 0.003035019506232526 2.1808603082405103e-05 1.5418283765258665e-06 0.0024463789789943265 0.004273746051998181 8.55596944540642e-05 0.0002918633920921119 0.0013373808208069977 3.0921110018926636e-07 7.219384290003147e-07 2.4758940915986346e-05 0.0010863961194011067 2.2807757612885218e-06 9.642116047786214e-05 5.337099720959967e-05 0.00024505514001474426 5.454553975436604e-05 6.433827146135954e-07 1.2434160676457995e-06 4.4092852796838526e-07 3.675461761744391e-07 3.3945567707933796e-07 4.9891967739670165e-05 6.174581993434709e-05 0.0 0.0 0.0 5.111486881312073e-07 6.131172633171903e-08 4.3791527122679105e-07 0.0 1.364664694958904e-07 0.0 1.658707920123245e-06 7.515799479101554e-07 0.0 2.8042524624067625e-07 1.2818518296704737e-05 9.87013244390605e-07 1.8424219823030484e-05 0.0 6.91894858739659e-07 3.393257310430145e-06 3.13018663326926e-06 1.6343638341542213e-06 1.5696385757687707e-06 0.0003393945483849815 0.00046369718882288425 2.034092312076893e-06 3.9987607483132134e-07 3.3417447703680317e-06 6.337152551804885e-07 0.0 1.0778591130953902e-07 2.496419768214172e-06 5.561959284038295e-07 1.1141718837157485e-05 3.8475499818747436e-06 7.64614771438223e-06 1.7167158335949227e-06 6.74331459889574e-08 0.0 0.0 2.4899498021568415e-07
3.6172821248547363e-06 1.187699582134486e-06 9.32284480648839e-06 2.389358780659429e-07 1.8830902992247514e-06 9.56790428497756e-06 8.033237989163262e-06 1.3966811115996812e-05 1.3664023416797186e-06 6.7100548844724485e-06 0.0016534234460319729 6.877489221419463e-06 3.0448919734340216e-05 1.8069043670538122e-05 5.676340412604662e-07 1.0309514080278281e-07 0.00022704831981880088 0.0 0.0020295121363437525 2.117041984243819e-06 5.736200458250139e-06 1.0434765232160865e-06 1.6631409764664454e-05 3.2076329853307135e-06 8.122298355713645e-07 0.001447380414331382 0.0003231293160896658 2.951861403361198e-06 3.30120701966774e-05 3.507682039555672e-05 1.4096968479496129e-05 1.4121899558151822e-05 2.9789892752085814e-06 0.0009134421479382555 4.3324604840215644e-06 0.00023598654424654812 0.00031854659465267927 0.0007390886886758365 0.00023102800325956304 1.4601931682017266e-06 1.5184344760108222e-06 1.586110639324241e-05 9.347603676053333e-07 5.699979487402669e-08 6.119000006903911e-07 3.2851023639955024e-07 0.0 0.0 0.0 5.793243182788286e-07 0.0 9.680040262580635e-08 0.0 4.1352090479335185e-06 1.0716917354614341e-07 3.423664986237237e-05 0.0 0.0 0.0 0.0 2.3666124676519942e-06 4.928761022765393e-07 0.0 0.0 6.651021534835637e-08 6.075433111534257e-08 2.7801683304098575e-07 4.2181568726393e-06 4.045119696949848e-05 5.03831646997493e-05 6.125225046276163e-08 2.910380010695271e-07 4.4834963177925434e-08 1.7477829035195574e-05 0.0 0.0 1.2608383309397424e-07 0.0 4.629707378224322e-06 2.875755750995382e-06 0.0 3.901743088066017e-07 5.642271657806526e-07 4.712872998600745e-07 0.0 0.0
1.293730055862849e-05 3.3701029941996522e-06 3.8145170542583766e-05 5.660169842328075e-07 1.3758714799681657e-06 8.21729896454942e-06 1.9560818106144416e-05 2.5448195812269297e-05 2.408187490410562e-06 7.360020879267897e-06 0.0005429227937014451 5.955946862161515e-06 3.6541668675408207e-06 3.34359018644919e-05 1.1137287139745754e-07 5.271767229713021e-07 0.0016288210980605034 0.0020295121363437525 0.0 2.6441141066315604e-06 3.391340420934035e-05 2.4279553817942705e-06 0.00010649215949648816 6.688738192131973e-06 1.4808758052113266e-06 0.0020552861740823877 0.0008226830120156268 9.228100113874609e-06 0.00011797899271040722 0.00017836084044060794 2.4757617195791853e-06 8.351776980189642e-06 1.4944882469892057e-05 0.002734814686935149 3.1825880687857363e-06 0.0002891473698814915 0.00016076377377288557 0.0010063481990799472 0.00029060638586697406 2.564135713841668e-06 1.7983922717284695e-06 1.837434587148906e-06 1.2650743022231107e-06 0.0 2.595272228783193e-06 1.9890971721131438e-06 0.0 0.0 0.0 6.199832717151178e-07 3.017985480284371e-07 4.2517829795564223e-07 0.0 3.9517573847549504e-07 0.0 5.586304974632076e-06 0.0 0.0 0.0 0.0 7.51544722349468e-07 2.36965197929243e-06 0.0 0.0 8.236042729179886e-08 0.0 6.117365622785776e-07 1.9242316638101416e-06 5.0984201400358364e-05 5.912732007179035e-05 1.6818334911915492e-07 2.0317648205322289e-07 9.710182924371898e-08 4.2132639051286785e-06 0.0 0.0 0.0 0.0 4.8366324351236215e-06 9.217601406440943e-07 1.9745619953922234e-07 5.112379328843791e-07 2.867061046515803e-07 1.2222618185640973e-07 0.0 6.489614377981505e-08
6.270839743393611e-07 0.0 2.2314730371145666e-07 0.0034562090212108608 5.930306944090577e-07 0.0005819320430718581 4.496101538515105e-05 0.00014171250730089688 0.0003392883698696206 0.0029220198806409916 7.124188207398398e-06 0.0030226949904656308 7.961210790591516e-07 9.009903727006534e-05 6.941500098482383e-05 1.0415563111468152e-07 4.9625115666658905e-08 2.117041984243819e-06 2.6441141066315604e-06 0.0 1.5137162411847847e-07 0.0 1.0652793787659257e-07 0.00022266246359377027 0.0 4.58266509894458e-06 9.458869642302293e-07 0.0011759020815900803 0.00010228692821909363 4.6605984189085233e-07 5.025711403048746e-08 8.740911144564419e-06 1.1663467785947328e-06 4.9161117519982805e-05 2.363456461206506e-06 5.66339286256968e-05 4.145899519929379e-06 0.00013015914345194618 1.791237668949187e-05 4.301618276782598e-05 2.0923748111272637e-05 1.051580897199041e-06 1.3487160009565671e-06 6.092010742257339e-08 3.1473905152283333e-07 0.0 5.727898593051591e-05 0.0 6.5905228294909195e-06 1.4503544591196737e-05 5.148059522102189e-06 8.752925573877371e-05 2.1460729177215656e-05 5.577227121947929e-07 0.00010366267446690828 5.944894268735348e-08 1.603268272855231e-06 1.621580560078514e-05 0.0 0.0 6.50093055364111e-08 0.0 4.0705946500727794e-05 0.0 1.0592866052561129e-07 0.0 0.00011955260406328802 0.0 6.949996457533666e-08 2.452320542152535e-07 0.00011424408262258947 3.0693236066822536e-06 1.3068277335425592e-07 0.0 0.0 3.4279558685416274e-07 1.2882813282341939e-06 1.0997374717157646e-06 6.609285911517939e-06 4.102083393480642e-07 7.870534459777214e-06 4.153122235934619e-06 4.070174136014266e-05 2.487625224648828e-06 0.0 0.0
1.3408351840565863e-06 4.67256591032851e-06 0.0009952113815357789 5.260182457962799e-07 6.184688059189502e-08 1.335575943089582e-06 0.00018389763573732593 5.2683099252100594e-06 3.8928038887692116e-05 8.575719363564403e-07 4.220089602686274e-06 2.5385648851037355e-07 1.5171513047315443e-06 5.824454381822725e-06 6.28417146106984e-08 0.002117641610241192 0.000716334566769164 5.736200458250139e-06 3.391340420934035e-05 1.5137162411847847e-07 0.0 0.00016151835734026578 0.010132363460066395 0.0003262609423665549 8.849908214260586e-07 0.00013365650705008932 0.00032120601043242385 0.002528898117687672 2.737795745819181e-05 0.004720173385834064 6.449469237772271e-08 7.001295930092446e-07 1.5611020668157835e-05 0.0012195187610999038 0.00011398441296902758 0.0018653409653046986 0.0001614718352736661 0.0021562373585394027 0.0014191005628393445 7.056844862781702e-05 1.4261749695587273e-05 1.0060762531637371e-06 1.293856700276601e-05 2.736579713087263e-06 7.689490776502039e-07 1.7462822394008978e-05 9.34833813708821e-08 0.0 0.0 3.163114952207521e-06 2.056098907355883e-06 7.86750960878849e-07 1.1775185951641887e-07 0.0 0.0 6.83442062155555e-08 3.1417714145424763e-06 0.0 0.00011753619020689394 3.2991332600079496e-07 1.6384978617697985e-07 6.517340579641803e-08 0.0 8.427504516777905e-05 7.946016738280159e-05 3.88189706526499e-05 2.798378414939869e-05 0.0 3.581462553032883e-06 1.7033010392097652e-05 5.6864599795864536e-05 6.511782202337329e-06 6.377284386960826e-05 0.0 0.0 7.589049885030105e-07 1.1530201128676638e-06 2.3525822715797224e-05 2.211433542754384e-05 1.0282778079699428e-06 3.538967004190101e-06 5.001977969648936e-06 3.424505782469324e-07 4.799294088350096e-08 0.0 0.0
1.3544748896946898e-06 0.000839803450197145 0.00011632690323650779 0.0 0.0 1.0614104237325956e-07 9.047605840784002e-06 1.1638235513987113e-06 0.0015179932714778726 0.0 2.7569328201666643e-05 6.7839434691889625e-06 0.00014429900886978768 3.0549256229973e-06 1.9462098558024847e-05 0.002877132525160102 9.020197473863015e-06 1.0434765232160865e-06 2.4279553817942705e-06 0.0 0.00016151835734026578 0.0 0.0006542197463115175 0.004111226764326833 0.0004431215861364513 4.3909810184412535e-05 0.00387151705458151 0.0002602592880560685 1.274567338230916e-05 6.2337341519645e-05 5.983625658349771e-06 5.643829048505315e-08 2.699603330614616e-06 1.5705188462460274e-05 5.712767956272471e-06 0.00018828586688318072 4.95478467041978e-05 6.192055808036828e-05 3.900892742173952e-05 6.354664602662748e-06 9.192615780066506e-07 3.5129274455146816e-05 3.3745038656746577e-07 1.5859071424314784e-06 5.6421722710630504e-06 0.0003260010090736216 4.3873510115563694e-07 0.0 6.601270072824987e-08 8.250717132096337e-06 1.3145322940786626e-06 6.532362633796759e-06 7.302911722312517e-07 2.3409346718660967e-06 0.0 2.282299119181821e-05 3.4066371763720777e-06 0.0 0.0007266700839269505 7.374474177272739e-07 5.22118564817679e-08 1.4869066754649973e-07 3.6685626371292994e-07 0.00010658723982708151 4.144612456601804e-05 0.000510284380618162 4.073156477779126e-05 4.090734296825282e-06 6.268813097564129e-06 0.0005579593022876397 5.35829098021173e-05 5.129852025922378e-06 7.111201583560204e-05 1.2607348159776791e-06 0.0 5.701614061980716e-07 1.3571358384529338e-06 3.491531958480245e-07 2.8134159830069378e-05 7.493591724825217e-06 5.5334965215225855e-06 5.089123507003304e-06 1.6697256403395606e-06 6.856364936443386e-08 1.3702445228109472e-06 1.9618260363201045e-07
5.0375187510133945e-06 5.863298647503876e-05 0.008067160695791812 3.552252292501331e-07 1.615553299040172e-07 1.5757286647705186e-06 0.00019846196130497964 9.22812880189882e-06 1.2672499591260885e-05 2.1287925323012704e-06 7.4024883114662005e-06 1.7829852266693015e-07 4.306859657847523e-06 1.3775646581087736e-05 0.0 0.0022345270222084274 0.003035019506232526 1.6631409764664454e-05 0.00010649215949648816 1.0652793787659257e-07 0.010132363460066395 0.0006542197463115175 0.0 0.00022494011263658623 1.0565308884072548e-07 0.0007585140024254904 0.006650598996197782 0.0018968953851658376 6.560595751178415e-05 0.0033316408407544715 8.432447847126856e-08 1.6980880209587564e-06 1.3873643295750044e-05 0.001105228157586805 0.0002146982445888633 0.0036690410609525317 0.0007604365928867176 0.003793130956921398 0.003743703879380732 0.00016878755090638575 2.3582306769037587e-05 4.687162148497154e-06 2.4295822379843915e-05 8.629572665465534e-07 7.591730941593537e-06 0.0007406266147239905 0.0 0.0 6.128256691922242e-08 1.1384512390268478e-05 1.5451138909498808e-06 5.678653453003519e-07 0.0 0.0 0.0 0.0 8.980377634421642e-07 0.0 0.0004316853581568088 1.7359302627594337e-06 7.573977411374998e-08 8.604301730143226e-07 1.263583810568341e-07 2.9498906056155025e-05 0.00042917306749270476 0.0005897164815474324 1.1610518230612178e-05 4.4126137571024717e-07 1.5300844507595483e-05 0.000497326181231478 1.2330472114946516e-05 8.149144584966453e-07 1.3024170024340702e-05 8.434160081733938e-08 0.0 0.0 1.3785505319410268e-06 6.151470560205657e-05 7.730835948429846e-05 4.964451405629072e-06 1.2227134771035393e-05 1.1926820886588427e-05 7.338631145551243e-07 0.0 0.0 1.480103971180254e-07
