0.0 5.8282369351539426e-08 0.00023415119574906603 3.0532939073840486e-06 3.5742451963255654e-07 7.96583508172713e-06 0.0008954657025019674 0.0006067368895989811 1.4635753218991551e-06 4.964853886310938e-05 3.1992040262055006e-06 3.085000759860498e-06 5.932813054081428e-08 0.0022450575776630246 1.6224616046385746e-07 2.3524513747936226e-07 0.00019484141754000316 1.9504744504323253e-06 1.5374225283786254e-05 1.914735189622979e-05 1.979865113471529e-05 0.0 0.00012089760251541682 1.1521345224323609e-05 0.0 7.001705434551594e-05 1.23064644254754e-05 5.109864934725798e-05 0.0021706119217894332 0.001162922935078329 0.0 2.1376878504598394e-06 8.97623589850727e-05 8.95995684302229e-05 7.265634362165172e-07 3.505472918358348e-05 1.6937915568262868e-05 5.5319659385394624e-05 8.280895129452677e-06 2.8225932707303815e-06 7.58525998318975e-07 0.0 1.254566577025489e-07 2.1016534889760602e-07 0.0 6.366418006721696e-07 9.775585376353582e-08 0.0 7.340829854622111e-08 1.5497570144333074e-06 0.0 4.666307993960677e-07 7.763127058082374e-07 0.0 0.0 0.0 2.434215895057207e-07 0.0 1.1984507319559177e-06 3.8818255316035003e-07 0.0 4.8179721167043214e-08 0.0 3.939553173449469e-06 1.4591582825779454e-06 1.190995367706108e-06 1.0284357702661457e-05 0.0 5.939808923189816e-07 2.845565745504221e-06 2.0788051619439437e-05 2.242657207738693e-06 1.2814827179125995e-05 0.0 0.0 1.0608419304597802e-07 1.551096604784122e-07 0.0 4.579051734542894e-06 6.941066311805603e-07 7.811337191415189e-07 4.646487386560689e-08 2.4466740993533232e-06 0.0 0.0 0.0
5.8282369351539426e-08 0.0 6.361682568458879e-06 3.2215631945091715e-07 4.5546789484917544e-07 6.232662310298118e-07 4.3141843794502516e-07 2.7824799158277684e-07 0.0003579550938920899 0.0 4.304339059550205e-05 3.596993714211866e-06 0.00032552107502823216 3.568295490947567e-07 1.0401702791317662e-05 0.00013735717255495883 2.1147880362034928e-06 1.3334614178832034e-05 3.6015805852595277e-06 1.5895683453236412e-07 3.5828208029497477e-06 0.0012579023808340338 1.2061576880946585e-06 0.00042548184385550263 0.0008796702104461107 0.00010772708198718654 0.002504765740807007 3.6414680259646017e-06 3.3701258672301614e-07 0.0 4.0458876292600966e-05 6.996764300734245e-08 4.784256159372519e-08 5.56065207301403e-06 1.0169872550438958e-07 7.87781765399423e-06 3.232656990502267e-05 1.2067542990798215e-05 3.1302478803833008e-06 1.9025747468349858e-05 8.334695738996655e-08 0.00016201319585842805 1.5097748066868417e-06 0.0 6.497528657191459e-06 3.1228633689090107e-05 8.479127010400268e-07 0.0 0.0 1.051486694024828e-06 1.1586413251382455e-07 4.282544167839783e-07 0.0 2.0812585735844157e-06 0.0 2.092160446837919e-05 2.841629454756616e-07 0.0 7.118447608207222e-06 3.1707669967282513e-06 1.3275334061474854e-06 1.2635016233196617e-06 0.0 1.1732872923763608e-06 6.638811211382414e-06 8.731858659410295e-06 3.816997851133672e-06 2.3981416724013007e-05 7.065848694677968e-05 0.0006670247285530976 2.481540810937288e-06 6.12263334728989e-08 9.335883883154856e-07 3.931078844692211e-06 0.0 0.0 2.0850110322995046e-06 6.086859998634313e-08 1.0551784303362149e-05 1.1148620279463252e-05 1.1928676373885895e-05 3.2949616326446323e-06 1.3153143888265387e-07 0.0 5.205326934544328e-06 0.0
0.00023415119574906603 6.361682568458879e-06 0.0 6.394349740003496e-06 1.7755656427962205e-07 7.773346382993248e-05 0.0005099124788347336 0.0008994494416827925 1.951031637501029e-06 4.640273601655953e-05 1.1053880311731025e-05 2.870375236960904e-06 2.481940209275603e-07 0.0009695716431905823 4.3204916078116547e-07 3.785825277812838e-06 0.003737119836732954 1.426611296145556e-05 0.00016991894709222295 6.528862368827909e-06 0.00014847369576080608 8.445275647839807e-06 0.004856504108585806 7.81167147743584e-05 4.418971850927477e-07 0.0034209774029583754 0.0021907327243798685 0.0005447627700760841 0.00025772361082221243 0.0008887518887925876 0.0 3.4846165774744553e-06 1.4561665408887633e-05 0.00044104559661522813 1.664309216710367e-05 0.0012486682061867687 0.0031570650874336286 0.0009470974405098097 0.00014390198179311232 5.15213855162629e-05 1.3900192242896257e-06 3.2167644021839587e-06 1.8793094396504923e-06 1.2671807198400872e-06 2.5248126437513037e-05 0.0008535193693936128 3.2123819333890137e-07 0.0 7.797052078280514e-07 1.1560940497734121e-05 5.500065340439989e-06 1.598666634964942e-06 8.167575071547879e-07 2.707376675453518e-07 1.6461237098935112e-07 3.0490948237640537e-07 7.899940002559918e-06 0.0 7.7280350711964e-06 5.648571447640557e-05 7.749375736622335e-07 4.372151784385278e-06 4.40513895026381e-07 4.402832437693349e-06 1.6684880968288094e-05 3.493729953913523e-05 1.6059726509221123e-05 2.596346603775303e-07 0.000105491352319972 0.001141773629909097 1.869004891246347e-05 2.265168905887014e-06 6.395927745484598e-06 8.752242218710897e-07 9.96953780948696e-08 7.117426922744188e-08 2.8986549910400094e-06 4.291013691954945e-06 3.303929743813584e-05 0.0004289009658748317 1.7043427218589233e-05 4.730057200312949e-06 1.4524410383947316e-06 0.0 6.06016930699129e-08 9.606775144139725e-08
3.0532939073840486e-06 3.2215631945091715e-07 6.394349740003496e-06 0.0 5.687809692196121e-07 2.043197973396699e-05 4.016815922072594e-05 6.872596033107311e-06 0.0008161552236636595 0.0009826047269279352 1.2941264194319477e-06 0.0006199655525858281 0.0 1.1011073258795431e-05 8.905559187822608e-05 7.588277416603866e-08 7.12193324125271e-07 3.995786545752011e-07 5.18082677562161e-07 0.004031360374491098 9.110482980930356e-07 5.325020806280945e-07 2.3674973866516566e-06 0.0008999645861462933 0.0 8.329791111595949e-06 1.1766150879433622e-05 0.0012417842317271252 4.363974863343127e-05 4.0164517878130306e-07 0.0 4.791834014298019e-07 1.6142521996364812e-06 2.190689108632915e-05 7.17187263950629e-07 0.00012495339086826773 1.9017002609806145e-06 4.571705026849408e-05 1.6616275531794678e-05 0.00021610896820850088 1.4580350377638918e-06 0.0 3.3306626937795295e-07 9.518784088389308e-08 4.869099602128556e-07 5.738258027980358e-07 0.0002722238211914931 0.0 7.484352387615646e-06 7.373506887685406e-05 9.77535478307723e-07 0.0003521794329810173 0.0001750914009572897 0.0 9.143848765901068e-05 0.0 9.456378324226212e-07 4.6423434289150074e-07 8.138314025639292e-07 0.0 0.0 0.0 0.00018574193809426913 6.192875442089759e-07 1.6243306288794923e-06 3.725707679208721e-07 0.00022737352557274546 7.85786178539405e-08 5.850229344186826e-08 2.531703102483538e-06 0.00030241401068112713 2.183836677848876e-06 0.0 0.0 0.0 9.120299407611053e-08 4.846221196411977e-07 0.0 7.757605969618662e-05 2.852659228986095e-07 2.7260925216933303e-06 1.3209871348393845e-06 8.860963074515025e-05 0.0 0.0 0.0
3.5742451963255654e-07 4.5546789484917544e-07 1.7755656427962205e-07 5.687809692196121e-07 0.0 0.00040176548354057016 9.7005887909092e-07 0.0002991046211218855 1.0369521420422274e-05 1.692255778277293e-06 1.0871397789064722e-05 2.460232718473501e-05 2.1050199883171624e-07 1.4579210299958859e-06 0.00042330711230680095 0.0 0.0 5.29382675055959e-07 1.1546904542776513e-06 1.6959914816801646e-06 0.0 3.919671191455316e-07 1.1327287565465958e-07 4.269251828188924e-06 3.344072926274095e-07 8.955954242674188e-07 9.704526898631372e-07 1.0214551659599445e-06 0.0003306953433935306 1.9123013621616314e-07 0.0 0.00014664063072066823 0.0 0.00020385989938754152 1.7593283160525482e-07 1.1509307132614478e-05 1.5675069392667003e-06 3.7012154566240995e-05 2.3340152772703664e-05 0.00040466969245782683 4.428804738215979e-05 5.03232910775088e-06 2.2895582330541814e-06 0.0 0.0 0.0 0.0 0.0 0.0 6.56900047816248e-08 0.0 0.0 0.0 0.0 0.0 0.0 0.0 0.0 8.509307733496726e-08 0.0 0.0 0.0 0.0 0.0 0.0 0.0 6.075286387667552e-08 0.0 0.0 0.0 0.0 0.0 0.0 0.0 0.0 0.0 1.9599607158462174e-07 0.0 5.958341989912867e-07 1.2526009946198764e-07 0.0 0.0 2.2978099270314117e-07 0.0 0.0 0.0
7.96583508172713e-06 6.232662310298118e-07 7.773346382993248e-05 2.043197973396699e-05 0.00040176548354057016 0.0 0.0017713484337100775 0.003718268600040325 5.241965961159271e-05 0.0057058270594585745 9.193121992218563e-05 0.002745575941641258 2.6806327154341645e-06 0.0007949493586095801 0.00141419212025633 3.6324312955693537e-07 7.659631869142538e-06 1.3853087435758392e-05 2.2189137408000492e-05 0.00030527900787279366 1.7153461787628746e-05 4.496564494180081e-07 1.4061361251350068e-05 3.628105660040068e-05 1.5176754921992369e-06 5.619932128697484e-05 4.108174250116909e-05 0.00027521193277599336 0.0006789350728907695 1.2175469359700756e-05 4.3819598574146113e-07 0.00020670692635359441 9.923598229616153e-07 0.00023723034747206423 4.064140630403954e-06 0.0004132547292612589 2.3881725976987463e-05 0.000172239414559156 0.00013702573257383738 0.002176293368263122 0.0001763672335449832 1.6260197131803655e-05 2.1324831378916666e-05 0.0 0.0 2.1515674052692486e-06 1.009636367939602e-05 0.0 9.833818007872862e-07 1.5358248183253748e-05 9.177691540671573e-07 3.3239178367531495e-06 1.0443079759705706e-05 5.476307057403249e-08 1.738303633952234e-05 1.5768022155409404e-07 1.402210569678802e-07 6.727708036340573e-08 6.082045016031658e-07 1.2286622439079948e-07 0.0 0.0 9.632494190167836e-06 4.7599230291606084e-07 1.8249215780175915e-07 8.661113004142711e-07 2.850889915656189e-05 1.6292014723709708e-07 6.323026512098899e-07 4.9603118103338225e-06 3.030966014309069e-05 4.3455444741483017e-07 2.344256483429839e-06 0.0 0.0 0.0 9.383163186325834e-08 3.542404120392533e-07 1.575632063238755e-05 1.1015412633533017e-06 1.5793976972352772e-06 6.339001189998654e-07 1.5972841182206775e-05 0.0 6.283252643383381e-07 0.0
0.0008954657025019674 4.3141843794502516e-07 0.0005099124788347336 4.016815922072594e-05 9.7005887909092e-07 0.0017713484337100775 0.0 0.002060643340882557 9.480797095244657e-05 0.003742957766163828 2.230044931754671e-05 3.5333400356667606e-05 1.2983699192168165e-06 0.0049437403309915634 9.838393452661767e-06 5.118206146829884e-06 2.278628481797403e-05 4.947118898337981e-06 8.767806046162309e-06 0.00016308713439384555 0.000340843147037353 6.441625649272797e-07 0.00034363271029927406 0.0007479439677004728 1.8317413630866356e-07 0.00017306299953289832 0.0004635844987209631 0.008837651333829025 0.0010322299275541203 0.0032113269038383237 1.1147729485523536e-07 1.0021430580963394e-05 0.0001058788498958788 0.0004054137423317132 2.830911349646077e-05 0.0015086077282070644 6.109007582465475e-05 0.0007774558819875854 0.00019015524370262325 0.00019685011421866747 3.328287706380548e-05 2.0052494052017982e-06 1.2582432387261335e-05 2.0852683003874388e-06 4.4399409930639473e-07 8.551733701868144e-06 4.094352154173752e-05 0.0 6.112367086454491e-06 0.00017852201432886288 4.51233251338106e-06 5.32385574261546e-05 4.681118332399645e-05 9.303067697537509e-07 8.23802614058119e-06 5.7515934764607293e-08 4.454828259694818e-06 1.488631825877974e-07 7.695445582700594e-06 1.1199253123105915e-06 0.0 1.8688789937433436e-07 3.950338162058569e-05 9.401096359691782e-06 2.8209787854225095e-06 7.107041384175934e-06 0.0003474641884184286 0.0 1.8959491560930467e-06 2.7005556617108185e-05 0.0004057291141715359 1.1909771192987336e-05 0.00011429263536176622 0.0 5.561833749071173e-08 1.0079393347443017e-06 2.4905646452447556e-06 1.5803028607848331e-06 6.527054058127406e-05 7.016225065923129e-06 1.1941848423911555e-05 3.1527197121892414e-06 1.4828867447042601e-05 4.973769265701945e-07 4.720561081874372e-07 4.0298572562889146e-07
0.0006067368895989811 2.7824799158277684e-07 0.0008994494416827925 6.872596033107311e-06 0.0002991046211218855 0.003718268600040325 0.002060643340882557 0.0 9.56023670126934e-06 0.001846201142296651 9.09430619526223e-05 0.00036994044700961696 2.600468857438199e-06 0.003319096842143569 0.00014508483156781542 6.865950552033421e-07 0.00023634885293005085 1.414444149016853e-05 4.397466172081422e-05 0.00028696542179487174 7.308861121822899e-05 5.589317335916515e-08 0.00015727136955988875 7.752180501288065e-05 9.053254117068228e-07 0.0003508029867561675 8.90542353109808e-05 0.0001890654272542808 0.0006628615734151938 0.0004505279385716788 4.7003863860160756e-07 0.0008928215320935374 2.8771714198257647e-06 0.000348908139067045 4.868742389360321e-06 0.0003951385875609174 7.887251179874793e-05 0.00020762309637800463 0.0001834335871591668 0.0008244079781853094 0.0001115122338247957 1.946131439160483e-05 2.529066192661161e-05 8.05682308561133e-07 3.342732538227129e-07 9.003094794724318e-06 7.839380701870201e-06 0.0 1.8135480521424319e-06 7.30768455434486e-05 8.925676688128243e-07 8.187510525035442e-06 1.1062977334660377e-05 7.942495131233182e-08 3.2576870789207546e-06 2.0206695291687557e-07 1.7317162225730367e-06 0.0 2.0859123292385486e-06 8.35461794186481e-07 0.0 4.7688628394734636e-08 4.939796250785357e-06 1.7819461484124184e-06 8.307912204384899e-07 2.8656673819969486e-06 0.00010804809975418193 0.0 3.5778692665836957e-06 1.8484147009447555e-05 0.0001150746013365063 3.6557491580045907e-06 1.816174735574009e-05 0.0 0.0 4.463348094063083e-07 9.83069827731341e-07 5.098028906468585e-07 1.602188232658441e-05 6.18886783878344e-06 5.584004240076812e-06 1.858325373948523e-06 4.457904811257043e-06 0.0 2.2465736077850412e-07 0.0
1.4635753218991551e-06 0.0003579550938920899 1.951031637501029e-06 0.0008161552236636595 1.0369521420422274e-05 5.241965961159271e-05 9.480797095244657e-05 9.56023670126934e-06 0.0 3.6756667102303247e-05 4.472255557058391e-06 0.0003268695773512408 3.2381834623070865e-05 3.799567348213342e-06 0.00021886704266966566 1.26531092744732e-05 5.522942553305381e-07 5.48488677807147e-06 1.5731594326605917e-06 0.0003119794969099776 9.097619502672881e-07 0.0016573128272049538 5.235221742659115e-06 0.004292152728368245 0.00015261863577668424 2.0714377817331134e-05 0.000498266121062654 0.0004690240879722397 2.1638776609340284e-05 1.124079475666062e-05 6.969282564100806e-06 2.6810476060657896e-07 7.728426559047874e-06 1.180503177162412e-05 1.1150021975629709e-06 7.061525192985889e-05 7.120224561324298e-06 2.7138441148087617e-05 7.189350671822307e-06 0.00014782401549836237 1.5763182651036164e-06 3.126431801707102e-06 2.9738591879869003e-07 2.1800259540773965e-07 1.2609132027134795e-06 1.0307829225010893e-06 0.00010499530186608255 0.0 2.4550590085878345e-06 5.084831178751535e-05 8.902226046214179e-07 3.410620580351044e-05 5.466445008411553e-05 3.7959029462900755e-07 3.0072565384590687e-05 1.910004521657006e-06 1.549062438974679e-06 2.7928207169368673e-07 3.122532346056503e-05 5.736170316816751e-07 2.57146021957988e-07 0.0 6.817798738413955e-05 2.2301293416717273e-05 2.0153798911354588e-05 1.1804717172818344e-05 0.0006437627616252193 5.996219594541113e-07 6.511128338828939e-06 1.7708123346623948e-05 0.00034122861573957343 6.443172891749538e-06 2.668776874398792e-05 5.498072898570912e-07 0.0 1.0486476749568662e-06 1.7297367469594546e-06 5.356306375477444e-07 1.4360315906105135e-05 9.539111195915048e-07 4.415431313489939e-06 1.9321694435617392e-06 1.9517969017643022e-05 1.2380092116314513e-07 0.0 0.0
4.964853886310938e-05 0.0 4.640273601655953e-05 0.0009826047269279352 1.692255778277293e-06 0.0057058270594585745 0.003742957766163828 0.001846201142296651 3.6756667102303247e-05 0.0 4.230616817343101e-05 0.004617356604573955 1.3492548754667288e-06 0.0008635068658214958 1.0907489089804342e-05 7.383912611290023e-07 4.341213645100045e-06 8.3015079968525e-06 1.3530523873957007e-05 0.004373735353815495 1.738405339103624e-05 2.483963255348417e-07 1.476075102783428e-05 9.770495750289735e-05 3.903356680222922e-07 3.57248863911731e-05 4.6722219182346403e-05 0.0024838031919246703 0.0005600614657952196 8.792949270053291e-06 4.276889942411193e-07 1.4546592304904755e-05 3.328556063183594e-06 0.00023981467952724595 5.805242859802377e-06 0.0002512018677105768 1.9696145679889205e-05 0.00038030049945912106 8.983929710016793e-05 0.00013503611157993095 3.1222811123922315e-05 6.452772455868194e-07 5.787585766858597e-06 1.1679233323278932e-07 1.4564857788885468e-07 7.711840661244275e-07 8.778006863783867e-05 0.0 3.7571212971027066e-06 6.120791158877e-05 5.776977423630577e-07 4.034370870024185e-05 5.9300398009988084e-05 7.247221393029356e-07 3.096839068568514e-05 0.0 1.321008399350679e-06 1.0496354074441655e-07 4.635745484622878e-07 1.2465383561478536e-07 6.495485391737032e-08 0.0 6.0210116910514474e-05 5.05705147675429e-07 9.105772769808326e-07 5.653517620977207e-07 0.00010642854701872711 0.0 6.584258595949954e-07 3.39654544558677e-06 0.00014985883188810503 2.7576272490668916e-06 2.847560879597812e-06 5.324384348157195e-08 5.23659013131821e-08 1.272259662315058e-07 4.665362650160533e-07 4.740040674169643e-07 2.56931383971086e-05 8.563029430210315e-07 2.215819987437345e-06 3.0125074557302904e-07 1.7316530815989208e-05 9.703012014551292e-08 7.356061419468251e-08 8.542128498480863e-08
3.1992040262055006e-06 4.304339059550205e-05 1.1053880311731025e-05 1.2941264194319477e-06 1.0871397789064722e-05 9.193121992218563e-05 2.230044931754671e-05 9.09430619526223e-05 4.472255557058391e-06 4.230616817343101e-05 0.0 6.905389180447339e-05 0.0010578387354714149 0.00011772851931492871 4.154478323579852e-06 8.722520835648275e-07 0.00015864161480876588 0.0008665657316734274 0.0012774446262309772 4.3792497478912316e-05 8.180926658603171e-06 1.4597085182417146e-05 9.501851521440217e-06 7.0061013969678284e-06 0.0004342806584671798 0.0018909758517180143 0.0006449241587985224 1.409347808271795e-05 0.00028544471597686367 6.182948737609172e-06 0.00029587813963942905 7.206708066259668e-05 7.869137848310272e-07 0.002065248751954625 2.5091135672867273e-05 0.0005082882517586326 0.0029904707297090617 0.0021957332594572943 0.000699772788987654 6.24501219078061e-05 2.3275752982358296e-05 0.0009118354368392606 2.3046025738126395e-05 0.0 1.165716785488048e-05 7.573860868256102e-07 2.043663711618418e-07 0.0 4.434876028736814e-07 2.0213757044589184e-06 0.0 1.2380335635222953e-06 5.998002556230588e-07 9.726444888152891e-05 5.095168205576064e-08 0.0005631096885709032 1.8512188134200191e-07 0.0 8.439716868971554e-08 2.5284692348997547e-07 2.07590535288969e-06 7.151863871833555e-07 3.826854221710542e-07 0.0 2.8155651761746943e-06 9.989448453147e-08 4.248255353880155e-06 8.043886700510747e-05 3.8362916910168034e-05 7.981714259148197e-05 4.334957458213217e-06 1.6312340834115257e-07 9.423442410325408e-07 3.665558083387035e-05 9.445079179824135e-08 2.024416042093086e-07 3.1384567757461866e-06 1.0334687610111515e-05 1.8257625565712626e-05 0.00014718280319049273 2.6153216418064074e-05 6.331802909184889e-06 1.1679874803934e-07 3.065050556380212e-07 0.0001953886277047641 0.0
3.085000759860498e-06 3.596993714211866e-06 2.870375236960904e-06 0.0006199655525858281 2.460232718473501e-05 0.002745575941641258 3.5333400356667606e-05 0.00036994044700961696 0.0003268695773512408 0.004617356604573955 6.905389180447339e-05 0.0 2.2913983186513855e-06 0.0003166843410141256 0.0005223379553897933 1.476247371545483e-07 1.8883872624766497e-06 1.2533153865497026e-05 1.9893078183973914e-05 0.003366230620638077 1.7847724966679018e-07 1.0130521191091917e-05 6.835446171109617e-07 0.0001334423225541026 1.193334183277662e-06 2.036391818960642e-05 1.1404995058499177e-05 0.00016897237691549305 0.0004480860671312612 1.7912179554318338e-06 8.230196029019966e-07 2.6651853911363568e-05 0.0 0.00022039699183245133 1.8428613951584288e-06 0.00042587631614310464 1.4063208693478445e-05 0.00021678997679443904 3.488777132370338e-05 0.0013583751203614098 4.1623743222580536e-05 1.2274805715438905e-06 1.6882683315709428e-06 0.0 1.58097719470362e-07 0.0 7.839219158797649e-05 0.0 3.227811733114844e-06 1.3595909890030274e-05 9.988040408648676e-07 3.6540896697081495e-05 5.53812283293645e-05 1.7418821841965114e-07 9.019367344923329e-05 1.559930868078428e-07 6.2613429953262e-07 1.2915590712990976e-06 2.389502440645755e-07 0.0 0.0 0.0 5.629310541529365e-05 2.1481701798541676e-07 1.554489324693163e-07 4.880788915967645e-07 3.6772905913648086e-05 0.0 5.03045805972528e-07 7.14272515450814e-07 5.042864839948111e-05 6.57442728632717e-07 2.6116176102644794e-07 1.4118685650405442e-07 1.359300462525137e-07 0.0 3.562808153894352e-07 6.513131464656198e-08 7.543867668752686e-05 8.127175085214281e-08 1.1705323342333881e-06 2.1296585327499962e-07 8.831722511670945e-05 5.8053197894714924e-08 0.0 0.0
5.932813054081428e-08 0.00032552107502823216 2.481940209275603e-07 0.0 2.1050199883171624e-07 2.6806327154341645e-06 1.2983699192168165e-06 2.600468857438199e-06 3.2381834623070865e-05 1.3492548754667288e-06 0.0010578387354714149 2.2913983186513855e-06 0.0 2.5005633454960434e-06 1.0039492253577427e-06 1.2418467985594357e-06 3.1063727680977186e-07 1.404045527493107e-05 8.013444752975026e-06 1.9829417178441934e-06 2.6626019904763717e-07 8.753913657308153e-05 2.6165656160864537e-07 2.2025828095832655e-05 0.002481815186309787 0.0004073550505701542 0.0027785611969562618 3.5791490334161946e-07 3.5995549688324482e-06 5.815819834367848e-08 0.0007055896322034024 1.842863071797562e-06 0.0 0.00021686112839580085 2.1552748015378595e-06 0.00020322055865580187 0.0014890885762614244 0.00046417448315925667 0.00014149635040160835 1.0545123847020233e-05 1.2506665024217644e-05 0.0010992541511594767 2.8552718020590833e-05 0.0 4.738156428704385e-05 8.37573107554268e-07 0.0 6.19723049377254e-08 0.0 0.0 2.7912676837769545e-07 2.076159064582283e-06 0.0 0.00016246188414107272 0.0 0.0015113831350582155 4.865211608928487e-08 0.0 1.1431152036021358e-07 3.004239815216108e-07 7.791834772453655e-06 2.212810878130289e-06 0.0 0.0 6.816893306011254e-06 6.436455876534666e-08 1.454995933604329e-06 0.0003379037003099222 0.0001343338835340654 0.00030047679857180015 2.295867056807888e-07 1.0884004490408277e-07 5.294523922223749e-08 0.00013752239278888071 0.0 0.0 4.6171194382887e-06 3.311191314800187e-06 1.0434388649633239e-05 0.0002347080828064628 2.0679360651389724e-05 2.679658621335231e-06 1.1609594523123917e-06 0.0 0.0002458301717857918 0.0
0.0022450575776630246 3.568295490947567e-07 0.0009695716431905823 1.1011073258795431e-05 1.4579210299958859e-06 0.0007949493586095801 0.0049437403309915634 0.003319096842143569 3.799567348213342e-06 0.0008635068658214958 0.00011772851931492871 0.0003166843410141256 2.5005633454960434e-06 0.0 1.922076881432609e-05 1.0273813171432506e-06 0.0003201545588732385 2.0517696927293585e-05 5.626223490660854e-05 0.00021004356970779427 8.044152921260767e-05 3.913368985625236e-07 0.0002488238786843826 4.496566070737891e-05 1.2526116010242594e-06 0.0002976750560037929 6.50671305000762e-05 0.00016066607020017609 0.002039911429064923 0.001135341209348424 6.870622946449015e-07 5.1631644629382935e-05 6.084800834652419e-06 0.0003102442501654854 6.014723427177434e-06 0.0002145261141935537 7.857431908784592e-05 0.00018748706045006486 0.00010582259696524841 0.00020619168958261564 3.704969744131476e-05 9.69849734977748e-06 1.0272758775921004e-05 0.0 4.492916437641843e-07 6.06061953260799e-06 2.67359978299904e-06 0.0 5.512203014911725e-08 2.5826761598417256e-05 3.933911988137132e-07 3.5526839937650327e-06 4.00836573396442e-06 2.0875804300682988e-07 5.822786602338863e-07 6.37355679639054e-08 5.271504405535204e-07 1.711871156184111e-07 2.1060188553132414e-06 5.70193995625844e-07 0.0 4.911150043957596e-08 1.7745730576573333e-06 3.07346239155287e-06 5.578216876944733e-07 1.6940780154231092e-06 4.5689701828364754e-05 0.0 3.153683942184377e-06 1.4393133184861649e-05 5.336342094875909e-05 1.5866804452081803e-06 1.2899780345726262e-05 1.7582425260272325e-07 0.0 1.57730986050839e-07 6.751274307266216e-07 3.070430869199783e-07 8.07107768686821e-06 3.6812006766859293e-06 1.3604813778165053e-06 1.142859612153334e-06 1.0594190990383536e-06 0.0 1.4973148223465362e-07 6.238414512017897e-08
1.6224616046385746e-07 1.0401702791317662e-05 4.3204916078116547e-07 8.905559187822608e-05 0.00042330711230680095 0.00141419212025633 9.838393452661767e-06 0.00014508483156781542 0.00021886704266966566 1.0907489089804342e-05 4.154478323579852e-06 0.0005223379553897933 1.0039492253577427e-06 1.922076881432609e-05 0.0 1.523966220068027e-07 5.423114388345607e-08 6.046586388052103e-07 6.43911826130066e-07 2.738725608683613e-05 0.0 2.882984243129312e-05 7.548960598238785e-08 0.0004315453614219216 3.192838362907971e-06 1.2300593791728407e-06 1.6480429210400716e-05 3.1173691277217456e-05 2.382070195181488e-05 0.0 2.0054339758418622e-07 0.00010594843761762887 4.890536910659058e-07 1.9901590067231928e-05 0.0 0.00011694702960910749 5.094369216861474e-07 1.0245735651792968e-05 3.7847396281229567e-06 0.0006911989605242121 5.5400048367278036e-05 0.0 1.4426367396499656e-07 0.0 0.0 0.0 1.6155193805963684e-06 0.0 0.0 1.8653396159196558e-06 0.0 4.870499152640083e-07 2.8680118663814303e-06 0.0 3.387289452154948e-06 1.4138619560203225e-07 0.0 0.0 4.212099657641498e-07 0.0 0.0 0.0 2.111481341915518e-06 8.825859713072815e-07 3.2005159076941673e-07 6.359751704301038e-07 8.268159607566751e-07 0.0 2.2556741760306266e-07 5.542914316739984e-08 4.495273101664784e-06 0.0 2.5660676089446416e-07 0.0 0.0 0.0 0.0 0.0 1.2285273704767694e-05 0.0 0.0 7.147245986654972e-08 9.582144355086143e-06 0.0 0.0 0.0
2.3524513747936226e-07 0.00013735717255495883 3.785825277812838e-06 7.588277416603866e-08 0.0 3.6324312955693537e-07 5.118206146829884e-06 6.865950552033421e-07 1.26531092744732e-05 7.383912611290023e-07 8.722520835648275e-07 1.476247371545483e-07 1.2418467985594357e-06 1.0273813171432506e-06 1.523966220068027e-07 0.0 2.494024763092513e-06 1.9182204522567823e-07 2.0017633179126683e-07 1.9188139972820152e-07 0.0013246711439383206 0.0008474831336855458 0.002202403757826183 0.0012222436202704114 2.4188815529708254e-06 9.45574473189975e-06 0.002585718704032704 0.00028465619608992044 1.4564245261646261e-06 2.8094063359161185e-05 4.6400115340961743e-07 0.0 5.429448982116652e-07 1.695688757098626e-05 1.3904097146516129e-05 0.00048331890723363305 0.000286047998419928 0.00013009488747149978 0.00010599645993414142 2.2824691431793043e-05 3.5931446123922147e-07 8.746257170961744e-07 3.0610802712202297e-06 5.28532604243377e-07 1.988332452416261e-06 2.260008826634334e-05 6.214705505183686e-07 0.0 1.6653926143858363e-07 7.113024951016949e-06 4.771452582187156e-07 3.408672107419967e-06 3.473263363306854e-07 8.566780263988801e-07 0.0 2.589503257125491e-07 1.1361414040872703e-06 0.0 0.0013096063475583172 1.3457399935623564e-06 5.919520703351459e-08 1.3032821025727328e-07 3.2033046682115546e-07 0.0003863609779804691 0.0004145572827939607 0.0015303347885306236 8.980166895285279e-05 2.0064471238148738e-07 3.3909258682382367e-06 0.00041222986778870414 8.67439276863077e-05 3.1183029160068075e-06 2.5729851745738715e-05 1.8818911537001426e-07 4.210944179994068e-08 9.156606030915984e-07 1.1605499276646e-06 1.206720643688309e-06 0.00012415752387478295 3.589243356385718e-05 7.470821632834501e-06 4.200650431878788e-06 4.74362055723124e-07 0.0 0.0 0.0
0.00019484141754000316 2.1147880362034928e-06 0.003737119836732954 7.12193324125271e-07 0.0 7.659631869142538e-06 2.278628481797403e-05 0.00023634885293005085 5.522942553305381e-07 4.341213645100045e-06 0.00015864161480876588 1.8883872624766497e-06 3.1063727680977186e-07 0.0003201545588732385 5.423114388345607e-08 2.494024763092513e-06 0.0 0.00011739409736463454 0.0008554491679918866 1.2697737862877438e-06 0.0002618561455402531 5.72587079279045e-06 0.001349862651346986 2.65738692632342e-05 1.167512467107402e-06 0.0010766300628601531 0.0018347991927312665 3.1122854341537244e-05 0.0005951433070238935 0.0003387933832583251 0.0 8.560455161324746e-07 4.2105586168830316e-05 0.0013934814576349627 4.730017215793361e-06 0.0004960664460464724 0.002108799506625127 0.0008309279305614108 8.469846400656105e-05 1.9637334644799415e-05 1.3279916050326626e-06 3.464123021044832e-06 2.4615851343750746e-06 6.148859454785485e-08 5.195520796666766e-06 4.4197453358927545e-05 7.267512715019411e-08 0.0 5.876015241584065e-08 1.3112199622029978e-06 3.1243331923891334e-07 2.678191041375535e-07 0.0 3.7263926269179664e-07 0.0 7.503678231363813e-07 1.0292453927135996e-06 0.0 1.990471862415158e-06 1.0643170305923362e-05 6.892506854033163e-07 2.5809208257675687e-06 4.7528097214521574e-07 2.4555249813174497e-06 1.0113830481184278e-06 3.338753341767086e-06 3.1578556456225834e-06 2.2964661044593503e-07 7.28198304470645e-05 0.00015050178785635653 4.424323945245693e-06 5.073104299332573e-07 2.1411630876040954e-06 5.973245169843349e-08 0.0 7.203691852655918e-08 9.688538482631234e-07 4.3154818913290806e-07 9.105305703939536e-06 9.112485947218379e-05 5.5126684890812424e-06 9.530910251662415e-07 0.0 0.0 0.0 0.0
1.9504744504323253e-06 1.3334614178832034e-05 1.426611296145556e-05 3.995786545752011e-07 5.29382675055959e-07 1.3853087435758392e-05 4.947118898337981e-06 1.414444149016853e-05 5.48488677807147e-06 8.3015079968525e-06 0.0008665657316734274 1.2533153865497026e-05 1.404045527493107e-05 2.0517696927293585e-05 6.046586388052103e-07 1.9182204522567823e-07 0.00011739409736463454 0.0 0.0005230268714231959 8.653688040979561e-06 3.1134480707548095e-06 9.821800272187747e-06 3.5993307238879664e-06 5.320853715446872e-06 1.0150419226721113e-05 0.001777137369444723 0.0002586117186457036 5.491958616659165e-06 3.333341592702379e-05 1.2468756929869827e-06 2.9855648830334825e-05 3.885485121498594e-06 4.200167009545861e-07 0.00036460778297794954 9.18951407715402e-06 0.000328344695971653 0.0010869464906440175 0.0007501927594722869 0.00030683270551729394 1.4870694242199273e-05 1.6717128237748876e-06 3.142337943104605e-05 2.2969620498832462e-06 5.638346104924687e-08 6.060316755216011e-06 3.681767103735053e-07 0.0 0.0 0.0 4.086797841625223e-07 0.0 3.2076802531841564e-07 0.0 5.757663622878474e-06 4.4248641295686506e-08 0.00015070628873903191 4.704137552167955e-08 0.0 1.16132727148501e-07 1.1360926707612813e-07 6.25686968518898e-06 8.904085416854452e-07 0.0 2.1914514742308676e-07 4.834983504157855e-07 1.1749186105502416e-07 8.272462624347801e-07 1.545524240337941e-05 0.0001368428845992356 0.00022710424242288534 3.684557193746026e-07 0.0 0.0 3.461971778553023e-05 6.123930342143436e-08 0.0 7.435031344214819e-07 2.4421751816924263e-06 5.506543759565733e-06 3.1144488769650044e-05 2.4174394365063324e-06 1.090355775880642e-06 6.832842173270255e-08 0.0 1.14429248494437e-06 0.0
1.5374225283786254e-05 3.6015805852595277e-06 0.00016991894709222295 5.18082677562161e-07 1.1546904542776513e-06 2.2189137408000492e-05 8.767806046162309e-06 4.397466172081422e-05 1.5731594326605917e-06 1.3530523873957007e-05 0.0012774446262309772 1.9893078183973914e-05 8.013444752975026e-06 5.626223490660854e-05 6.43911826130066e-07 2.0017633179126683e-07 0.0008554491679918866 0.0005230268714231959 0.0 1.2959804672969267e-05 1.6007394757427912e-05 2.3386968293116408e-06 6.308737968870778e-05 3.6264248577456257e-06 1.5841292467293587e-06 0.002038154511656232 0.0003066388599569796 7.086499101806397e-06 9.228832127516485e-05 1.2777714864242976e-05 1.5857673157762242e-06 4.324760430756292e-06 2.9939280303045156e-06 0.0014572181088406972 7.722039387498559e-06 0.0007402360425270949 0.001026669661056404 0.001647444356611518 0.0003244317274848913 2.9702475307672142e-05 1.5158512829712686e-06 8.856434062289605e-06 2.437205505125007e-06 0.0 6.267368496610731e-06 1.012595450249549e-06 4.518424655531571e-08 0.0 0.0 4.7382856318454675e-07 0.0 2.3509500441620398e-07 0.0 8.013161777651402e-07 4.366939940561234e-08 1.579820329581912e-05 0.0 0.0 4.097041294259552e-07 2.0898203128518927e-06 1.9146020545046172e-06 5.6782288813230975e-06 3.49363940358262e-07 7.252803345709416e-08 3.4840234349903354e-07 0.0 8.995407371062171e-07 3.46635447262327e-06 0.0001404683198041143 0.00017592620551632208 1.2335860492536724e-06 0.0 5.005580058725524e-07 5.366747575510485e-06 0.0 0.0 4.5627040302873123e-07 2.5382771823658055e-06 6.770052949919721e-06 4.0299643030500884e-05 3.3825295622892665e-06 4.6631690596049836e-07 0.0 0.0 0.0 0.0
1.914735189622979e-05 1.5895683453236412e-07 6.528862368827909e-06 0.004031360374491098 1.6959914816801646e-06 0.00030527900787279366 0.00016308713439384555 0.00028696542179487174 0.0003119794969099776 0.004373735353815495 4.3792497478912316e-05 0.003366230620638077 1.9829417178441934e-06 0.00021004356970779427 2.738725608683613e-05 1.9188139972820152e-07 1.2697737862877438e-06 8.653688040979561e-06 1.2959804672969267e-05 0.0 1.3092288165901637e-06 5.08799433204871e-07 3.0242209257292223e-06 0.00030886699438983304 2.7131194599270623e-07 1.370508140722956e-05 1.0182823668174984e-05 0.0014437489886140345 0.0004685470576376623 2.4307598506300743e-06 2.581310252903991e-07 1.4686620884438775e-05 7.648160540548966e-07 0.00024722905407537706 8.400213448795657e-06 0.0004216785660014829 2.1001548136386115e-05 0.000428727794131812 0.00010881894420486299 0.0003308878076543259 4.1942558303068476e-05 1.4653222506194202e-06 1.2398226179854289e-05 7.230570519919796e-08 3.1169887374486675e-07 1.5322824240284625e-07 0.00023963018370074034 0.0 1.482112648541237e-05 0.0002690079489570589 6.329086247843262e-06 0.00016764597871960188 0.00023509182030122464 7.52416738938549e-07 8.909498013840625e-05 2.899718574829407e-07 3.940477913792074e-06 1.985398511199322e-06 1.6297876350137655e-06 0.0 1.0622127860680834e-07 0.0 0.00023085358804380307 2.4027969850401435e-06 1.5173165732475673e-06 1.2199113398615084e-06 0.0003888680521921205 2.9731619424619873e-07 1.1064511828770849e-06 7.60689932304274e-06 0.0005471961741195762 8.09677766204944e-06 3.805517659249529e-06 0.0 1.0929007478978383e-07 1.0310631723628666e-06 3.1451367128621728e-06 4.815695875964198e-07 0.00014851232940412006 4.162190542297369e-07 9.044777934406024e-06 3.492505061190164e-06 0.00010064539730664107 9.936925331831241e-08 0.0 1.3156231267814262e-07
1.979865113471529e-05 3.5828208029497477e-06 0.00014847369576080608 9.110482980930356e-07 0.0 1.7153461787628746e-05 0.000340843147037353 7.308861121822899e-05 9.097619502672881e-07 1.738405339103624e-05 8.180926658603171e-06 1.7847724966679018e-07 2.6626019904763717e-07 8.044152921260767e-05 0.0 0.0013246711439383206 0.0002618561455402531 3.1134480707548095e-06 1.6007394757427912e-05 1.3092288165901637e-06 0.0 5.282596769368263e-05 0.007929163033685996 0.00028645220819922205 1.2931959179504723e-06 2.2576284322588008e-05 0.0003933728805673023 0.0031306451460440246 5.33763439477058e-05 0.0034479134055379304 5.055421886922069e-08 2.05238884564757e-07 1.1087431855022736e-05 0.0009752215564178064 0.00011193375828226756 0.0043720337600546555 0.0012390814486994434 0.0034871477404627834 0.001607736864403257 0.0002179201920177987 4.693220371273029e-06 1.222644305964751e-06 2.5765074602803005e-05 7.204300539135873e-07 1.4412001479699278e-07 8.510220722593248e-06 0.0 0.0 6.655899871957577e-08 5.578878931513042e-06 1.407204849263632e-07 6.177823802042213e-07 2.864622159991183e-07 0.0 0.0 0.0 7.704022167979774e-07 0.0 0.00036285743673533373 8.220582867136359e-07 4.2628719836264807e-08 6.163803701295616e-08 5.481859244199137e-07 0.00044587522001856195 3.6323931258085096e-05 0.0004382957051686178 5.4759313233121504e-05 4.908984815931874e-08 1.1722699934289318e-06 2.9335594314361124e-05 8.968662802799503e-05 3.109460819779459e-06 4.027733626270968e-05 0.0 0.0 3.1756712917555596e-07 7.209044098388679e-07 9.79246088956266e-06 0.0002254776923632652 1.6154551191546027e-05 2.9094069158822414e-06 9.879560084085452e-07 1.7573383448257149e-06 0.0 0.0 0.0
0.0 0.0012579023808340338 8.445275647839807e-06 5.325020806280945e-07 3.919671191455316e-07 4.496564494180081e-07 6.441625649272797e-07 5.589317335916515e-08 0.0016573128272049538 2.483963255348417e-07 1.4597085182417146e-05 1.0130521191091917e-05 8.753913657308153e-05 3.913368985625236e-07 2.882984243129312e-05 0.0008474831336855458 5.72587079279045e-06 9.821800272187747e-06 2.3386968293116408e-06 5.08799433204871e-07 5.282596769368263e-05 0.0 6.172844630305468e-05 0.0031839511876524057 0.0005092138547246845 4.690356416814261e-05 0.0027298787960149877 3.3713197602254445e-05 1.6352234135671222e-06 4.733959341540591e-06 1.7237708313616098e-05 4.1521229521201185e-08 1.1581676708901353e-06 6.652092881847247e-06 0.0 1.9065870628267665e-05 1.5371375610304425e-05 1.7554568720931905e-05 2.9250576072742877e-06 7.07064697699467e-05 1.7284627929683562e-07 1.473067674916454e-05 0.0 2.1840943521709608e-07 2.7732437540085987e-06 3.7172448804845836e-05 2.913122891077517e-06 0.0 8.202470215829391e-08 2.6851211817982625e-06 2.538863658916808e-07 4.757994321736809e-06 5.200539952553803e-07 5.053655950136566e-07 2.6392509867204744e-07 4.3456781030258096e-06 1.7668431308238626e-07 8.947930564232974e-08 0.0006716961898968575 7.997202093484862e-07 3.020013407211034e-07 0.0 8.465074743294975e-08 0.00011563803612765414 9.03411474587456e-05 0.00029812008981878584 9.101681886654494e-05 9.672009922931552e-07 1.5536486936543423e-05 0.0005739407954105739 5.7192244793058515e-05 2.1976341844388624e-06 5.973492034643979e-06 1.0929543043311128e-06 0.0 0.0 2.9459528591116986e-07 3.711253277224145e-07 4.6741539634259475e-06 5.828721805157662e-06 2.9591808401938993e-06 1.5986718643063786e-06 5.364633363108074e-07 0.0 3.086905436687737e-07 0.0
0.00012089760251541682 1.2061576880946585e-06 0.004856504108585806 2.3674973866516566e-06 1.1327287565465958e-07 1.4061361251350068e-05 0.00034363271029927406 0.00015727136955988875 5.235221742659115e-06 1.476075102783428e-05 9.501851521440217e-06 6.835446171109617e-07 2.6165656160864537e-07 0.0002488238786843826 7.548960598238785e-08 0.002202403757826183 0.001349862651346986 3.5993307238879664e-06 6.308737968870778e-05 3.0242209257292223e-06 0.007929163033685996 6.172844630305468e-05 0.0 0.000452108304590795 3.964520808168164e-07 0.0004180820490178196 0.004471824788063291 0.0018385250457758268 0.00019000738290649645 0.0029410513409348607 5.7261606334712335e-08 5.162203118682845e-07 2.1382174900521447e-05 0.0014120201548556753 0.0001666218219820525 0.006820669129375869 0.006101419335095423 0.004756590656438942 0.0027863234886418213 0.0003382819224670187 5.507364496579563e-06 6.462641981045486e-06 3.194106201228576e-05 5.669595113047581e-08 8.682745120413889e-07 0.00010875163572629272 4.1961258291404244e-07 0.0 4.504200625241085e-07 1.4537445529370991e-05 5.746721768798419e-07 2.3188345902972336e-06 9.212530403057957e-07 0.0 8.570871558916342e-07 5.105484337193076e-08 9.59542126891837e-07 1.7910405788292833e-07 0.0009569860733609526 9.99904318677229e-07 6.35575930892412e-08 8.46875522470455e-08 5.104150559683659e-07 0.0001420381849621729 0.00013067061477141958 0.001387599777679723 3.761254892453799e-05 0.0 2.984336476384716e-06 0.0007156701303858668 4.528214866445278e-05 2.0553557435332813e-06 9.98041551180847e-06 0.0 0.0 2.4522315302628033e-07 4.373956158307556e-07 2.9089464790161947e-05 0.00014363466371232556 0.00013079426809294348 5.06746898595024e-06 3.407016256396394e-06 6.30197974230918e-07 0.0 0.0 0.0
