0.0 1.6452186803606445e-06 0.00014452170157458675 5.325177404761453e-06 1.022949549994836e-06 3.40172938076246e-05 0.0010416644499247583 0.00043594131293016645 3.545809004370041e-05 7.462284498033607e-05 1.886136920205844e-05 5.053191230794742e-06 1.5850206998718215e-06 0.0022628026719796845 0.0 6.210010191412312e-07 0.00011541537641065757 5.693371545895342e-06 1.5729041509536525e-05 1.592148639936418e-05 9.150931079565175e-05 2.2348139689768776e-06 0.00014032397457623848 5.707243403794622e-05 9.977313925710494e-08 2.6307351376085943e-05 1.637946023078548e-05 9.453794410069434e-05 0.0022305394033052648 0.0019887985927466924 8.085552272339647e-07 2.0897198363815675e-05 2.4613351000727835e-05 0.00013650132251091435 6.743808887392179e-06 0.00016570744167194746 1.274562031888266e-05 0.00014934824601508826 4.2237684661072285e-05 1.573162911000151e-05 7.306955927181692e-06 1.1922157292975637e-06 7.772894452624612e-07 8.99203123708572e-07 0.0 1.241435256982056e-07 7.75739566513936e-07 0.0 5.831108947315124e-08 1.652592158062624e-05 1.7387166471569115e-06 4.9047759876461975e-06 2.116272054313262e-06 0.0 2.7263636417336523e-07 1.0341258398582911e-07 3.28875145410097e-06 0.0 1.0521117333627562e-06 7.099931469880045e-08 0.0 4.878162530644648e-08 5.689073575015153e-07 8.374954424662771e-07 7.553618638350603e-08 5.569225844038944e-07 2.5321369324622138e-05 0.0 2.397502705647388e-07 1.6856966705108316e-06 2.4832102216999285e-05 4.216412850437583e-06 5.313061801393011e-06 0.0 0.0 0.0 1.344788760970683e-06 4.3960660665939564e-07 9.504429152776108e-06 6.181362507593845e-08 5.20141075009563e-06 1.7491236695956068e-06 7.886479928707105e-07 3.397559664957628e-07 0.0 0.0
1.6452186803606445e-06 0.0 0.00018210174464146996 1.8131122388912322e-07 0.0 1.2219590458190913e-07 3.052052463062975e-05 1.080343186461204e-06 0.00028281804329556267 6.175062709475119e-07 5.6635313768456755e-05 1.2059573229969245e-06 0.00021791135042619297 2.005449314468286e-06 4.262839198150843e-06 0.00013913563866722599 0.00020293455976452314 3.0458195143657386e-06 1.8565905185739263e-05 4.856159952691118e-08 1.2872043977273496e-05 0.0014266875264812415 1.4720071276042576e-05 0.0004232333717967233 0.0012198264503392314 0.00048811589444573987 0.0027503146270979927 1.981537725570452e-05 2.376514334312499e-06 8.116737860184048e-06 5.444208078260371e-06 2.4139790108032465e-07 6.768849503579325e-07 5.702045181898616e-05 1.4534091073278657e-06 9.543907838495077e-05 5.302233803400126e-05 0.00012620047543290792 4.67259778540478e-05 4.287581577253172e-06 2.7891058793714017e-07 6.227623558107629e-05 2.05017940532123e-07 0.0 3.764556797688534e-05 3.210856405308313e-05 0.0 0.0 0.0 4.6815803594360426e-08 0.0 3.177052747636896e-07 0.0 1.5479784318724863e-06 0.0 1.1052653683860681e-05 1.908026097836585e-07 0.0 4.425910363150276e-06 8.456312967251544e-06 2.0443279587368264e-06 1.1560769666597058e-05 4.80050650540262e-08 1.0325493301490785e-06 9.795890323933239e-06 6.3954936905650495e-06 1.843498587677592e-06 1.6400766352689792e-05 7.512940746938349e-05 0.0004688257599468983 2.2242262894386695e-07 1.8589964444505596e-07 2.826613629406533e-07 1.497285361831592e-06 0.0 0.0 1.8490768769507292e-06 1.2965792044895064e-06 5.632481227871572e-06 4.331221754562598e-06 4.616226862357258e-06 1.0633813282568004e-06 2.514552949297925e-07 0.0 1.0440703072838825e-06 5.341934214010574e-08
0.00014452170157458675 0.00018210174464146996 0.0 1.3410304548411947e-06 0.0 1.2570818074070393e-05 0.0007228881142379951 0.00015181088542255065 5.214732282317165e-06 2.9917530700054386e-05 6.633364924966101e-06 2.974060351769891e-07 1.02350576838524e-05 0.00020335009097557374 4.57877442001205e-08 6.298333649692576e-06 0.0033473074633444417 3.315036348084288e-05 6.845543773909818e-05 7.6243067759165e-07 0.0005916978411801395 9.960593310828001e-06 0.009187243071054004 1.7355805509653864e-05 3.037165472778584e-06 0.004904842589918615 0.006844050078687441 0.00034746823555963877 8.261212482806263e-05 0.0007068917886838093 1.1670818215684178e-06 1.6505828316210911e-06 5.7201087022030585e-06 0.000703166830407116 3.086842582684939e-05 0.0012161002372825308 0.0026832033093783596 0.0012621916383209148 0.0005930585137017706 1.4385418652294498e-05 1.976910065375281e-06 2.3524809183239342e-05 2.5692508698036654e-06 2.1659935551490226e-07 0.00010956043662924719 0.0004956670006015488 4.858799263890338e-07 0.0 0.0 3.7794147560443154e-06 6.387453635825534e-07 1.9455184753823384e-06 3.6721151578620334e-07 7.148854653377656e-07 1.0970044920405697e-07 1.2537494707550967e-06 2.8732425396794545e-07 0.0 8.056472340107862e-05 0.0001496155739381005 1.3614037692341286e-06 3.0751406391124336e-05 4.193190661710757e-08 5.342146438892457e-06 4.4612327719653e-05 0.00019736569168268947 7.618192068145171e-06 2.8051739120717078e-06 0.0002650420055156348 0.001732414925768457 4.295596444310472e-06 5.388355400092419e-07 1.0989758800415852e-06 4.451548658487197e-07 0.0 0.0 2.6784238803094103e-05 5.312124003105608e-06 8.876960130177992e-05 1.5165264305591163e-05 6.33721775324061e-05 3.851647958732784e-05 2.9729062325673127e-06 1.41401867471522e-07 2.8801581366122495e-07 5.677001157595959e-07
5.325177404761453e-06 1.8131122388912322e-07 1.3410304548411947e-06 0.0 1.9406271506915866e-07 3.1828893689188056e-05 0.00013976682780707502 1.664155757773492e-05 0.00045977668986356684 0.002502674684117532 8.65931614049703e-07 0.000678056170602915 2.649958008213236e-06 1.5162872401996668e-05 8.980929449166984e-06 2.391894197450263e-07 1.9454810175850252e-07 4.230454852883754e-07 4.910140815583933e-07 0.004863820000320496 5.424409530409474e-07 7.861856428990317e-07 8.861692625145104e-07 0.0011351847558166647 1.2803319714567423e-07 4.651968556606917e-07 1.2005633956876587e-06 0.0025564686822442404 1.9590817459568095e-05 3.060153616591075e-06 8.884931521731114e-08 9.937371621178776e-07 1.0828477961660413e-06 8.24428777036326e-06 4.651629138875654e-07 7.195206393935242e-05 1.0069081437590227e-06 3.117736977632629e-05 1.0618969725523567e-05 2.1774455053552838e-05 4.77208825340282e-06 6.03301515248775e-07 9.942959446880686e-07 1.0586088559744235e-06 7.470015496495217e-08 0.0 8.881829649224113e-05 4.6057446185827036e-07 1.1209734631725207e-05 6.96750158520376e-05 1.6227242785159448e-05 0.00010700655770927875 8.306662823570301e-05 2.96704017335042e-07 9.258255293963339e-05 6.452949522891485e-07 1.4700784381649944e-05 1.1348061322395623e-05 8.383029859957691e-07 1.7616998271705506e-07 1.1517836093248089e-07 0.0 7.500339949317689e-05 9.388845994946505e-07 0.0 7.469740554194692e-07 0.00017011058372372843 0.0 0.0 1.3278403823577267e-07 0.00011154891436473835 5.488612361363142e-06 1.6026474463430654e-06 0.0 4.7398146224318576e-08 4.818968779718621e-08 1.1847104609375936e-06 1.7524297979291557e-07 2.7423545188351764e-05 0.0 1.402850588158834e-05 1.8667719386029087e-06 6.030717799819369e-05 1.4698569920375815e-06 1.5990598157610505e-06 3.8599781286311656e-07
1.022949549994836e-06 0.0 0.0 1.9406271506915866e-07 0.0 5.15334487041252e-05 1.2898819157899049e-06 1.3965053987073998e-05 1.1336897244196732e-05 1.299661431323764e-06 4.771174253473499e-06 2.8058749758211582e-05 1.572468943145037e-06 2.4107068615612393e-05 0.0003910480988328008 0.0 1.5435037740326274e-07 8.230925394709872e-08 5.750965402403979e-07 5.413879172856375e-07 0.0 1.0118229161046765e-07 0.0 1.0294093946569747e-06 0.0 5.866428714166193e-07 4.980039556261791e-08 3.171134046973485e-07 4.261999839548276e-05 1.1648914104392655e-07 2.78125646777963e-07 5.5432351198827914e-05 0.0 0.000242097212622269 0.0 1.0010245035219575e-05 2.7419251871033e-06 5.503846581966555e-05 1.732932172290493e-05 0.0004875930779523906 0.00025941576543751956 2.3552774313242333e-06 0.0 0.0 0.0 0.0 2.069714561595559e-07 0.0 0.0 7.014999612592907e-07 0.0 0.0 0.0 0.0 0.0 0.0 0.0 0.0 7.094430375772205e-08 0.0 0.0 0.0 0.0 0.0 0.0 0.0 1.9277734744966027e-07 0.0 0.0 0.0 5.5179809155675613e-08 0.0 0.0 0.0 0.0 0.0 0.0 0.0 3.783620199735583e-07 0.0 0.0 0.0 4.3013514789938094e-07 0.0 0.0 0.0
3.40172938076246e-05 1.2219590458190913e-07 1.2570818074070393e-05 3.1828893689188056e-05 5.15334487041252e-05 0.0 0.0008948276315181242 0.003258810875518414 0.0002319733407414803 0.0040170422212669876 8.774220680929541e-05 0.0019048589936389185 2.2528187626850138e-05 0.0007728407373671729 0.0004455417554907765 4.769301476012714e-07 5.150379631414731e-06 1.0453612425411688e-05 1.2939997587726873e-05 0.00013876044186934302 5.013827838296493e-06 1.5265926149186701e-06 1.0183701249754634e-05 7.602451469019013e-05 4.800271039690787e-07 1.5618726632857757e-05 7.378682649733411e-06 0.00030600991292318593 0.0005458256245506417 2.976632026488752e-05 2.2161885367507943e-06 0.0004804407194774985 1.6682708949463572e-06 0.00038713083681082134 1.1873229514367131e-05 0.0005631935812487962 5.2886386467127046e-05 0.0004822943654728417 0.0001479192177253729 0.0014748146301359847 0.0001864131325485577 3.310181206070058e-05 1.4684329199616376e-05 7.535538675462467e-07 0.0 4.6505359341176795e-08 6.601850876616704e-06 0.0 4.344216148160355e-06 1.3165265039933289e-05 4.798959571661565e-06 1.1523925136740569e-05 9.294389996987086e-06 1.28944353681523e-06 1.3893920838646376e-05 5.698353585808586e-07 3.4606882201326396e-06 6.7185735320240045e-06 9.620705443967097e-08 4.629313445929341e-08 4.0755301945274724e-08 0.0 1.0749714982297282e-05 2.936696165228722e-07 7.428188297258238e-08 9.672303773334989e-08 2.9802483565057852e-05 0.0 1.25323160805207e-07 3.694437100518857e-07 1.7843056636017543e-05 3.6709401403468987e-06 1.9417841969168565e-06 0.0 0.0 0.0 9.276580107020707e-07 4.738145634991865e-07 1.4638197190787197e-05 8.126465709945621e-07 3.4611265136796166e-06 6.197964571313007e-07 3.413207032790792e-05 2.7178949692579637e-07 1.16949070279377e-07 0.0
0.0010416644499247583 3.052052463062975e-05 0.0007228881142379951 0.00013976682780707502 1.2898819157899049e-06 0.0008948276315181242 0.0 0.002137539673261844 0.0004320930375283449 0.004092686829096442 1.629703303715751e-05 2.3351628486517715e-05 3.264807329390065e-06 0.0031164854423106625 9.881170924059265e-06 5.358791547829972e-05 8.446830276997384e-05 4.36529262018057e-06 9.678464360276137e-06 8.462393861840914e-05 0.0003936240100550653 5.15302924924086e-05 0.0007096980969408196 0.001322134878365718 1.6541069961680595e-06 6.423566586934172e-05 0.00027588089362908544 0.011592194517738182 0.0006214006692601129 0.002917171628610868 7.760842627776744e-07 1.760560324647037e-05 3.51776549850105e-05 0.00017990673671085467 2.1935252492936958e-05 0.0009646736574390107 6.296536120994437e-05 0.0005306226456273493 0.00021660045929021372 0.00014013314803770711 4.9000662197434994e-05 1.7971904718978509e-06 8.367352739905544e-06 8.511066847395424e-06 4.289888120592959e-06 6.578675511260572e-06 4.0199716367285444e-05 0.0 4.484349194008551e-06 0.0001760880181054174 3.0948934161518e-05 0.00010540068168047068 5.081470834090909e-05 2.956497855919653e-07 2.0711975702400966e-05 2.0866096423175832e-07 4.819892032366834e-05 1.831772530114143e-06 8.325207389937813e-06 3.134915994393263e-06 0.0 1.1743971976451429e-06 2.8087861022175518e-05 4.9334888707827295e-06 2.7629844904043895e-06 1.0212320427699256e-05 0.0002417329854646489 6.047465832046987e-08 6.480905390733577e-06 3.0251915085328105e-05 0.000246051126494181 3.1175465030921816e-05 2.159028363391179e-05 0.0 7.589657436644036e-07 8.789846267847149e-07 7.9224242889289e-06 3.1984943263962915e-06 0.00010219010427168158 1.8645603459009391e-06 5.347841893152132e-05 1.2272995232660478e-05 1.754805768358806e-05 7.107337179002723e-06 8.998050832356224e-08 9.029713034814284e-07
0.00043594131293016645 1.080343186461204e-06 0.00015181088542255065 1.664155757773492e-05 1.3965053987073998e-05 0.003258810875518414 0.002137539673261844 0.0 4.130441402815502e-05 0.0010879883494720394 6.836668611045305e-05 0.00034197675102915745 1.4426843675915822e-05 0.004202933880701967 2.404368975728333e-05 3.8563357613759436e-07 6.72686076101574e-05 7.738561501574606e-06 1.4384442368829308e-05 0.00016796975864080463 5.824689411037682e-05 2.0541420455110576e-06 0.00010362867866597978 7.459978701062126e-05 2.6154343825421224e-07 3.246837446609804e-05 2.160978681549813e-05 0.0001356936308048328 0.0006235023363951588 0.00042950912506024467 2.027344073675019e-06 0.000598472482330915 1.4630322411665427e-05 0.0005353691925773255 1.2955775480988867e-05 0.00028963523989871255 3.840020448762842e-05 0.0005055957346102356 0.00015805758944261656 0.0005301955283882203 0.0002891484424159043 2.35408271867822e-05 8.249473991466231e-06 1.4355055211619682e-06 2.686753830793495e-07 1.7987821472714899e-07 2.217210742099649e-06 0.0 5.035408574279131e-07 1.835928637511552e-05 2.271733495359498e-06 7.183092181689416e-06 3.8732108475205285e-06 6.247746123324007e-08 2.0472571620836577e-06 7.332765469082798e-07 5.703757231642506e-06 0.0 5.670400024514332e-07 3.775148919467019e-07 0.0 0.0 1.6338047845967209e-06 8.149755188721013e-07 2.197649687744355e-07 1.109653906114328e-07 2.7571814246724893e-05 0.0 4.1148281044473915e-07 1.9079413760415107e-06 3.054607947659467e-05 3.941014772910978e-06 3.5655331298588616e-06 6.226670211080014e-08 0.0 3.1668208474821453e-07 1.5500311672745205e-06 0.0 1.1353300697511295e-05 3.4985942835522574e-07 4.877508469214433e-06 1.2718395410887231e-06 1.9116154054991903e-06 3.848291529671632e-07 1.569486833076206e-07 0.0
3.545809004370041e-05 0.00028281804329556267 5.214732282317165e-06 0.00045977668986356684 1.1336897244196732e-05 0.0002319733407414803 0.0004320930375283449 4.130441402815502e-05 0.0 0.00015327604519286701 1.0479237461470698e-05 0.0007120528647869353 1.597393857856987e-05 5.711551639037491e-05 0.0007066960045781519 7.793943357576423e-05 3.200790582442806e-06 1.761801171397106e-06 2.4788824073280024e-06 0.00037750875971726016 8.524044532234765e-05 0.0013198959875981699 2.6926686274111245e-05 0.005114772559355574 0.00014262301306131563 1.5379958587479382e-05 0.00011273438302346954 0.0009797784374014778 8.469635801571037e-05 0.00024594349394379536 1.4336736995379054e-06 3.836158989138086e-06 1.066975351528315e-05 2.8675150005750276e-05 5.035558468415107e-06 0.0002676802387611887 5.954215764739134e-05 7.622548493601892e-05 3.026555224591521e-05 0.00034761060730574626 8.365156285890828e-06 5.617233993482474e-06 2.2481445160686095e-06 1.2647177023602155e-05 3.970872205099857e-06 2.0783399624230345e-06 0.00011315892621366415 4.5974029636048047e-07 1.1699494967400805e-05 0.0001714029292124549 2.9409522243812153e-05 7.966693124168982e-05 8.788902836277513e-05 2.2785370830921173e-07 7.999808969725329e-05 5.750118723996584e-07 4.613384286292778e-05 1.5794825894929755e-05 7.871207446836403e-05 1.270666313059044e-06 1.7093449680972367e-07 9.32245041933868e-07 9.038657936579752e-05 5.595794313915683e-05 2.454639763171264e-05 1.4437284545707557e-05 0.0008654821364884003 3.0839326455320204e-07 1.2486019124295985e-06 1.1926673023553279e-05 0.00043465254421371196 4.318243518489799e-05 4.845811053909031e-05 1.6359920708706182e-07 5.568344679818875e-07 1.9484408490095542e-06 1.0052666676346216e-05 2.9257368437324664e-06 6.594843190424343e-05 2.5764365891163625e-06 3.586118624621352e-05 9.632698696887758e-06 5.7227060364797605e-05 3.601196194657144e-06 2.681474938623379e-07 5.406919153520814e-07
7.462284498033607e-05 6.175062709475119e-07 2.9917530700054386e-05 0.002502674684117532 1.299661431323764e-06 0.0040170422212669876 0.004092686829096442 0.0010879883494720394 0.00015327604519286701 0.0 3.103028034406778e-05 0.003159614118612044 4.976756237123508e-06 0.0006492205578927253 1.6032576303093e-05 1.0236630646064062e-06 7.210269299632312e-06 5.8899460825654955e-06 9.967447898896101e-06 0.0035583883895517763 1.1010231372801042e-05 3.3469472971138256e-06 1.9544062413051525e-05 0.00037400486978871663 9.741419276911426e-08 1.171377070227579e-05 1.0965195172026524e-05 0.0038556671421218517 0.00033899079352837865 5.390549310160218e-05 1.2453444194331683e-06 3.0265418257067675e-05 7.284656155260496e-06 0.00014264642942719917 6.6243253346909655e-06 0.0007322557471305594 2.2701316453222616e-05 0.00041683720387030284 9.936376090403691e-05 0.00018672951120761254 5.668025948331471e-05 2.667350997526599e-06 9.478056327614e-06 2.9344028137239266e-06 0.0 2.668844363605046e-07 5.5723213355465465e-05 5.003276609408005e-07 5.586500345135696e-06 0.00010292389217979545 2.5086045566645353e-05 5.1431984901273875e-05 5.710940019436316e-05 1.1629241004867628e-06 3.5374788232311735e-05 9.623770724643862e-07 1.8064330257932105e-05 7.372381462290547e-06 5.050271869617916e-07 6.404492459889301e-08 0.0 5.7860008748697285e-08 5.1425918226349586e-05 1.1238717007774392e-06 0.0 1.0804897579093622e-06 0.00014040269637045894 0.0 1.384952934721728e-07 6.556591574665536e-07 0.0001189925646840985 7.283057645671048e-06 3.8521576770288904e-06 0.0 2.3685132211145165e-07 6.276559536875866e-08 1.6683700000679956e-06 1.8486480928553569e-06 3.452285292363426e-05 6.36504864845422e-07 1.833404194193042e-05 2.856435683288107e-06 3.316479511901794e-05 2.303902158171047e-06 2.1235417445565345e-07 2.4721822050942924e-07
1.886136920205844e-05 5.6635313768456755e-05 6.633364924966101e-06 8.65931614049703e-07 4.771174253473499e-06 8.774220680929541e-05 1.629703303715751e-05 6.836668611045305e-05 1.0479237461470698e-05 3.103028034406778e-05 0.0 3.3786671340425185e-05 0.0011112286018608011 2.473437811952034e-05 4.0818271600435947e-07 1.014885831783076e-06 0.00013582848914222 0.0015583889518335278 0.0004321857092429459 1.528919057066952e-05 6.76598111576081e-06 1.443153755921257e-05 3.494125676241488e-05 1.0598472941130393e-05 0.0003435376911448119 0.0019453928984922784 0.0006549575565432438 7.443729713164607e-06 0.00015492856485698546 2.3399017680818565e-05 0.00031670269429716856 8.97338044946936e-05 1.04223685803737e-06 0.0028509124450081494 9.78765662258797e-06 0.0009045204130704376 0.004382132919658611 0.002522339017803092 0.000529390360985176 4.501131654497553e-05 2.105717338176234e-05 0.0004795652467923557 9.060534021741403e-06 0.0 1.3282834463671872e-06 0.0 1.6115192386352817e-07 0.0 0.0 2.5779024609647565e-06 3.453001071708222e-07 4.6078833684357635e-07 1.032822123268581e-07 0.0002572899378411108 0.0 0.001100113449592585 1.1027075372256085e-06 0.0 5.0618559103783486e-08 7.881790487650629e-08 2.089949757386205e-05 2.7738960623138656e-07 5.54716211783869e-08 0.0 1.1432118391066652e-07 0.0 3.301296646383621e-06 3.602111673384874e-05 7.219152434025055e-05 8.281140696413578e-05 2.518318062666057e-06 4.243578930222706e-07 4.184192157661984e-07 0.00014601452379782911 6.988121900745424e-08 0.0 3.8238492940406305e-06 4.855667799228883e-06 1.3988881372587997e-05 0.0003193682255588422 9.63914954466448e-06 1.1803267296413744e-06 3.147730724550517e-07 6.801589264038103e-07 0.00021266288180188126 0.0
5.053191230794742e-06 1.2059573229969245e-06 2.974060351769891e-07 0.000678056170602915 2.8058749758211582e-05 0.0019048589936389185 2.3351628486517715e-05 0.00034197675102915745 0.0007120528647869353 0.003159614118612044 3.3786671340425185e-05 0.0 1.2903449415545846e-05 0.00017656540004863802 0.0008933067080650675 1.542086168833394e-07 1.3310519647109735e-06 5.744695611888092e-06 7.132878671269646e-06 0.002059399700850125 2.936079467175734e-07 5.189390506518714e-06 7.055377373572801e-07 0.0003730348042009847 1.156871503147805e-06 9.23986165495733e-06 2.0807240920970475e-06 0.0002124738614791456 0.00020102930378792372 3.855276296062339e-06 1.056149075577966e-06 5.38373694248357e-05 3.532927989962958e-07 0.00010967905920564214 1.24302843858089e-06 0.0005171547869013462 1.2000015467127425e-05 0.00023008351242931164 2.7888762780462015e-05 0.0008140021300480154 3.4091219814545536e-05 4.350315510419472e-06 3.244684237219681e-06 4.835526645844742e-07 1.891593855387925e-07 0.0 3.8018178792933374e-05 1.9121620393515396e-06 1.40249308718246e-05 3.1115552922982623e-05 1.0930296091624326e-05 6.588338680564931e-05 7.828935390507547e-05 3.584302480778282e-06 0.0001300860659093369 2.0264601218142893e-06 5.061271647873291e-06 2.8971743708950514e-05 1.5972321845903659e-06 0.0 0.0 0.0 5.128518262298046e-05 5.575160371307389e-07 1.3227917852756396e-07 8.030629816371178e-07 9.759087715246446e-05 0.0 0.0 0.0 4.209846429327219e-05 2.033777665056818e-06 2.459213803997588e-06 0.0 6.998913667053268e-08 0.0 5.730265506915398e-07 0.0 3.116871624730532e-05 0.0 3.964190783471041e-06 1.1920516361790025e-06 0.0001611000050858741 5.689603811245752e-07 7.069987668040766e-07 0.0
1.5850206998718215e-06 0.00021791135042619297 1.02350576838524e-05 2.649958008213236e-06 1.572468943145037e-06 2.2528187626850138e-05 3.264807329390065e-06 1.4426843675915822e-05 1.597393857856987e-05 4.976756237123508e-06 0.0011112286018608011 1.2903449415545846e-05 0.0 3.276945548617406e-06 4.233802998155952e-06 6.010390858728044e-06 4.172753159643541e-06 3.071669358806492e-05 2.275808090795166e-06 4.884230071086398e-06 5.048909216909231e-06 4.7956867403468354e-05 9.908378867912421e-06 2.188362128289787e-05 0.0018200517115571214 8.388425008883033e-05 0.0011663227708916374 4.095490605384404e-06 9.36508691112486e-06 2.8359338316836037e-06 0.00026649986512724514 1.3462931697030964e-05 1.490885348031156e-07 0.00047529868084686535 2.939274157325823e-06 0.0009309181731656773 0.0018582726214270914 0.0011977547818764716 0.0001450791383527989 9.633753536516347e-05 0.00023028303564234754 0.0003848675596413871 3.2660666640427596e-06 0.0 2.8944465170345757e-06 0.0 0.0 0.0 0.0 9.324856198189753e-07 8.670054874189427e-07 0.0 4.5664625802297644e-07 0.00037462883551315736 0.0 0.0016883038061860467 7.34245036220105e-07 0.0 0.0 6.958818851600308e-08 3.884186684888453e-05 6.698900585369596e-08 0.0 0.0 7.773406119571463e-08 0.0 1.8385257739556912e-06 9.357261399954792e-05 0.00014558440521840685 0.0001458079280571799 1.2909985996761427e-06 2.709333225553805e-07 1.525894607682317e-07 0.0002265392447307959 9.770204814056697e-08 0.0 5.540451466448703e-06 4.289013669191445e-06 0.00020445040602020336 0.0003616816926718693 2.9437993150747056e-05 7.040975972306511e-07 3.50747817960037e-06 4.972564758612706e-06 0.000292609833490171 0.0
0.0022628026719796845 2.005449314468286e-06 0.00020335009097557374 1.5162872401996668e-05 2.4107068615612393e-05 0.0007728407373671729 0.0031164854423106625 0.004202933880701967 5.711551639037491e-05 0.0006492205578927253 2.473437811952034e-05 0.00017656540004863802 3.276945548617406e-06 0.0 6.265899972178204e-06 1.6383772436617807e-06 0.0001168051273650395 5.22882898097079e-06 1.5051262873056524e-05 0.00013376093006081758 9.20871060328298e-05 3.7536191928122547e-06 0.0001626841508262744 9.177781746802067e-05 1.9320825374889e-07 3.401001767208635e-05 2.479524085114207e-05 0.00016952900651694857 0.0026675253857640596 0.001185089102360092 5.969790922787589e-07 0.00027368092400608567 2.7088160291868197e-05 0.00025626762951591055 5.431254923759596e-06 0.00022774666647786652 2.0983278926887083e-05 0.00022538657075803683 5.775351794848279e-05 0.00011925770473633155 1.356560947242754e-05 2.6325915734252514e-06 2.6639691847491454e-06 2.3616883169232415e-06 2.941489873038252e-07 5.601576773587676e-07 2.6751938221932633e-06 0.0 5.374671906219835e-08 2.429123015711388e-05 2.6364595911994684e-06 7.511394339701682e-06 3.7231050846559938e-06 4.964231970130583e-07 1.9271429461489875e-06 1.2322136517566335e-07 7.261878689638943e-06 5.9445438908020035e-08 1.1463873979486804e-06 4.935211731626564e-07 0.0 0.0 1.7726592026211416e-06 8.022401420535555e-07 1.9358195496407052e-07 5.009467464731284e-07 4.109136680576567e-05 0.0 3.852825672166208e-07 1.909689411078978e-06 3.7578174715925984e-05 5.091739739725796e-06 6.148397123593236e-06 0.0 4.0596613252637015e-08 0.0 2.0364189051235257e-06 3.2800325099445904e-07 1.3077158995143493e-05 7.146556243653924e-07 1.0464899744304896e-05 2.218532137726574e-06 1.5131425185083981e-06 5.967287216817868e-07 0.0 1.0435861930176137e-07
0.0 4.262839198150843e-06 4.57877442001205e-08 8.980929449166984e-06 0.0003910480988328008 0.0004455417554907765 9.881170924059265e-06 2.404368975728333e-05 0.0007066960045781519 1.6032576303093e-05 4.0818271600435947e-07 0.0008933067080650675 4.233802998155952e-06 6.265899972178204e-06 0.0 0.0 0.0 2.615864578442603e-07 2.548621020530946e-07 1.8110623662163075e-05 0.0 1.0840397247683503e-05 0.0 0.00022405392249136798 1.8141763757510396e-06 3.010093619743946e-07 8.025188701499455e-07 2.1931866925837006e-05 1.0689195128228576e-05 8.791633460243492e-07 0.0 9.364231064976654e-06 0.0 4.629302664054661e-06 0.0 8.705956249891491e-05 1.0734843719701648e-06 4.71914338119154e-06 5.792896643584283e-07 0.0008271197243554297 3.3129663396514135e-05 6.287774503005372e-06 0.0 0.0 0.0 0.0 8.365763573408498e-07 0.0 1.8449898630255434e-06 2.989495446162269e-06 5.382098900327805e-07 4.504850245290413e-06 2.8347280646935174e-06 1.4295301864312243e-06 3.950794263715767e-06 4.9751635770832495e-06 3.134898854899402e-07 3.1838592489036237e-06 5.766460772781327e-07 0.0 0.0 0.0 4.213540114798885e-06 1.91483437060399e-07 1.3617371935379746e-07 0.0 1.6947409683017283e-05 0.0 0.0 0.0 2.8367192988975506e-06 3.7237410039409493e-07 3.2426087937867585e-07 0.0 0.0 5.782191249174938e-08 1.2070900403131485e-07 0.0 6.039367169410704e-06 0.0 1.103446981391506e-06 0.0 2.8738094612611323e-05 0.0 0.0 0.0
6.210010191412312e-07 0.00013913563866722599 6.298333649692576e-06 2.391894197450263e-07 0.0 4.769301476012714e-07 5.358791547829972e-05 3.8563357613759436e-07 7.793943357576423e-05 1.0236630646064062e-06 1.014885831783076e-06 1.542086168833394e-07 6.010390858728044e-06 1.6383772436617807e-06 0.0 0.0 3.806356035091224e-06 2.1543479165224047e-07 7.52709248395984e-07 0.0 0.0014664751457589813 0.0015434321130938997 0.0031439455710000445 0.0014700389221806436 3.817136569904926e-05 4.9880180041427335e-06 0.0018334124539678193 0.0008269900320984415 2.856467430918263e-06 3.075175145157984e-05 1.1570239241451531e-07 1.352719131042639e-07 1.4486213344952238e-06 3.993786138321037e-05 1.9487080187384553e-05 0.0007364484000181692 0.00026981605175837876 0.0001410548831168266 0.00018664897407032132 6.616035412928271e-06 5.325451883953935e-07 3.894123849145137e-06 9.192215984227231e-07 2.543989166735061e-06 3.5695835807294625e-06 9.68370071394903e-06 3.532385524083014e-07 0.0 0.0 7.618573251028188e-06 3.547061058334801e-07 1.8779551292258545e-05 2.6964979387947846e-07 2.342293590295231e-06 0.0 7.159561351683445e-08 3.1805712132571937e-06 0.0 0.0018116559413205767 4.958788733055007e-06 1.38462480243894e-07 9.170157248802999e-07 7.685484832410662e-08 0.000436718617995209 0.0002640302915693028 0.0009211773529662322 9.45911778264323e-05 8.682536670128047e-08 3.975984567213932e-06 0.00011620667286448358 0.00011127210088739593 1.1992429100905238e-05 0.00012077944380808278 9.792829665344534e-08 0.0 1.0765066825150228e-06 1.3410647671007568e-05 3.6894644936219084e-06 3.19944559663161e-05 2.4917688787664865e-06 1.676489173444862e-05 1.3610661045691442e-05 9.051385052539936e-07 2.682364960346835e-07 1.0293409895521468e-07 2.649814759452896e-07
0.00011541537641065757 0.00020293455976452314 0.0033473074633444417 1.9454810175850252e-07 1.5435037740326274e-07 5.150379631414731e-06 8.446830276997384e-05 6.72686076101574e-05 3.200790582442806e-06 7.210269299632312e-06 0.00013582848914222 1.3310519647109735e-06 4.172753159643541e-06 0.0001168051273650395 0.0 3.806356035091224e-06 0.0 0.00019562802811624983 0.0015221470741293782 1.1893498953175942e-06 0.00030620900832330444 3.853028553955688e-06 0.0022008666170351813 7.637061054737197e-06 5.499036213058271e-06 0.0017516001688039733 0.0029839528236453054 3.6174716485050105e-05 0.00013473763711474498 0.000865494873115161 3.2826913346284267e-07 3.5014581481989867e-06 1.0842940353806611e-05 0.0017796273786831974 1.0145180412653321e-05 0.00039574927429627394 0.000675658341302683 0.0013575989827486375 0.0002941872038519637 6.563068806112239e-06 9.026274165327203e-07 1.004555627728566e-05 7.87813103485588e-07 2.5036644698439767e-07 5.4880529344882634e-05 2.493667826777629e-05 1.8837909794103878e-07 0.0 0.0 9.490289992060562e-07 1.7256347261386413e-07 6.551002445067184e-07 1.1696556232121398e-07 0.0 0.0 1.290416801085733e-06 3.4200067591914783e-07 6.475865952399913e-08 1.7777048861691204e-06 2.2891046390120998e-05 8.646485687147222e-07 4.035309773381831e-05 0.0 1.4229445966943702e-06 2.492909981485662e-06 2.2037729562702244e-06 2.5424639900797344e-06 2.9836274715664714e-06 0.00017449531912811314 0.0004026204462319972 2.0332743880091123e-06 3.925474375392688e-07 9.713098151707634e-07 6.424887648269024e-08 0.0 0.0 2.53173458599116e-06 5.549335218618587e-07 7.754088232909373e-06 4.481603808586043e-06 5.134586763576585e-06 2.3809993199113807e-06 4.3930994324269795e-07 0.0 1.4681371211631636e-07 0.0
5.693371545895342e-06 3.0458195143657386e-06 3.315036348084288e-05 4.230454852883754e-07 8.230925394709872e-08 1.0453612425411688e-05 4.36529262018057e-06 7.738561501574606e-06 1.761801171397106e-06 5.8899460825654955e-06 0.0015583889518335278 5.744695611888092e-06 3.071669358806492e-05 5.22882898097079e-06 2.615864578442603e-07 2.1543479165224047e-07 0.00019562802811624983 0.0 0.00142395698806436 3.223144812273139e-06 3.67028171760791e-06 3.942048877438874e-07 2.6099514777895816e-05 1.0141215214128758e-06 2.7607080670723085e-06 0.0013765328344520883 0.00041893230816860474 2.8893296632220833e-06 2.6245755735517186e-05 2.344716562819307e-05 2.836450470072838e-05 8.004274072252398e-06 3.988292868491057e-07 0.00038864542249989153 4.035152159279705e-06 0.00046579885968658035 0.0007304170514296726 0.0007610018066552575 0.00021984781411865854 7.26537050181758e-06 1.567360960324514e-06 3.187946020034301e-06 1.0114591110138367e-06 1.08636937315301e-07 1.4837689645355708e-06 3.7869994047201617e-07 0.0 0.0 0.0 2.600535837037578e-07 0.0 1.457384696558176e-07 0.0 6.78182640698004e-06 0.0 2.34843611107681e-05 0.0 0.0 0.0 0.0 9.228101331894744e-06 2.5866724953805126e-06 0.0 0.0 0.0 0.0 7.206735965096428e-07 3.5919760596873598e-06 4.7987211870201904e-05 5.3386725714761356e-05 2.6633122007924333e-07 1.4512521568790154e-07 0.0 1.5208821020040005e-05 0.0 0.0 6.792550024466149e-08 2.3492918452697733e-06 2.0268046517188276e-06 1.0941891462795185e-05 8.698554678167099e-07 1.6604904864532965e-07 1.9019105537730585e-07 0.0 2.008461283765536e-07 5.9184434810790514e-08
1.5729041509536525e-05 1.8565905185739263e-05 6.845543773909818e-05 4.910140815583933e-07 5.750965402403979e-07 1.2939997587726873e-05 9.678464360276137e-06 1.4384442368829308e-05 2.4788824073280024e-06 9.967447898896101e-06 0.0004321857092429459 7.132878671269646e-06 2.275808090795166e-06 1.5051262873056524e-05 2.548621020530946e-07 7.52709248395984e-07 0.0015221470741293782 0.00142395698806436 0.0 5.012437025920953e-06 1.832579624473793e-05 7.020183904828389e-07 0.00014643233704795888 2.3382170210301287e-06 2.8449466291350485e-06 0.0019391623355928043 0.0004445768310497965 4.5275922898908135e-06 4.587730818547139e-05 8.902147653229408e-05 1.7581427032689784e-06 1.0757245730592122e-05 1.542723468450096e-06 0.001896915637356439 3.6954467704771335e-06 0.0005715091030352171 0.00045286829881102154 0.0015265088465461587 0.00036784904031604765 1.069469083139908e-05 1.516045329192857e-06 3.240743250703105e-06 8.526543131426641e-07 0.0 5.338615217568045e-06 5.172836561074295e-07 0.0 0.0 0.0 4.491651701976296e-07 0.0 5.100472826662327e-08 0.0 4.705006207794017e-07 0.0 1.4540024701308181e-06 0.0 0.0 2.868834380557908e-07 1.1763430922227084e-06 1.747234741803776e-06 9.404270469327212e-06 0.0 6.171866094953735e-08 0.0 2.3138239377986268e-07 4.1206071982680984e-07 1.4790611475317151e-06 5.5411246317602046e-05 8.23016224795484e-05 2.737812886579616e-07 0.0 1.2418288538583952e-07 9.127973321485491e-07 0.0 0.0 3.6800659586423064e-07 1.1780115311269586e-06 2.870852182775904e-06 1.3451367439526826e-06 1.0761245824083065e-06 4.33710306037542e-08 6.751236290653859e-08 0.0 0.0 0.0
1.592148639936418e-05 4.856159952691118e-08 7.6243067759165e-07 0.004863820000320496 5.413879172856375e-07 0.00013876044186934302 8.462393861840914e-05 0.00016796975864080463 0.00037750875971726016 0.0035583883895517763 1.528919057066952e-05 0.002059399700850125 4.884230071086398e-06 0.00013376093006081758 1.8110623662163075e-05 0.0 1.1893498953175942e-06 3.223144812273139e-06 5.012437025920953e-06 0.0 6.323276347753454e-07 8.223837593523438e-08 1.478103476064127e-06 0.0006319398329273412 1.099007906435807e-07 3.606271674486817e-06 1.962635744553507e-06 0.001241567000308606 0.00013494450716373127 5.228240028934753e-06 7.010221236807003e-07 1.3970264404448268e-05 1.8599529873733006e-06 6.903678769920982e-05 1.9134558688092985e-06 0.00037022147080625217 1.1732243432492357e-05 0.00019479146492376684 3.643217696045048e-05 0.00013926543402195638 2.6430692598569475e-05 2.5780246990076737e-06 3.7232698791809145e-06 2.965246942564712e-06 0.0 6.328717912244633e-07 0.00010167262114190013 1.541391236994156e-07 1.4916746612899735e-05 0.00014064857109654495 3.824894644000871e-05 0.00011674386648864061 0.00011932919654170717 8.254314252874773e-06 9.724554848546551e-05 2.0902751200131117e-06 2.674541801136164e-05 1.938273902231028e-05 6.624113851681192e-07 0.0 1.4636138594595487e-07 5.024640457954947e-08 0.00011588292488850523 6.967688764483179e-07 3.1828799057780055e-07 2.034954179804758e-06 0.0002510825591689925 0.0 1.1367289559433346e-07 1.8377784974187788e-07 0.0001699518011325624 1.1181627678255566e-05 8.895216922105553e-06 0.0 1.4428147329558804e-07 1.6868143120865217e-07 3.357984623090406e-06 1.5811718628638199e-06 5.799324930805299e-05 1.0571172524042652e-06 2.09329667070108e-05 5.3685156221369284e-06 0.00010457015731797871 1.5118503976045929e-06 6.37004216715231e-08 4.2266274222583e-07
9.150931079565175e-05 1.2872043977273496e-05 0.0005916978411801395 5.424409530409474e-07 0.0 5.013827838296493e-06 0.0003936240100550653 5.824689411037682e-05 8.524044532234765e-05 1.1010231372801042e-05 6.76598111576081e-06 2.936079467175734e-07 5.048909216909231e-06 9.20871060328298e-05 0.0 0.0014664751457589813 0.00030620900832330444 3.67028171760791e-06 1.832579624473793e-05 6.323276347753454e-07 0.0 0.00014351078844997324 0.010431687119674744 0.00035562879537378423 8.27263657863728e-06 2.336608094207383e-05 0.0004464165882595173 0.004332680931599695 6.918975268664827e-05 0.005906881774185183 3.494088601969576e-07 1.119109969903991e-06 9.67098811485239e-06 0.002114757841502604 0.00015890598726227433 0.003993985104864714 0.0008362748631497143 0.003312727913739468 0.002053521405976971 3.1012216261739006e-05 1.2240602587418136e-05 2.041837084906529e-06 7.630029842656148e-06 4.772874741252944e-06 8.977275131026486e-07 7.68058460525458e-06 2.2684142606186548e-07 0.0 0.0 8.482739396045814e-06 6.362827663201707e-07 1.5203442083043577e-05 0.0 2.109779612240186e-06 7.506677916981339e-08 8.343443699001192e-07 5.2000726870752785e-06 0.0 0.0004701353692807403 3.853742666561141e-06 0.0 1.3350652725178842e-06 0.0 0.000409791707855568 0.00013645343294410754 8.353581572036501e-05 0.00014212428091100248 0.0 1.5411587927251021e-06 1.1605492918738e-05 0.00014882288062002103 2.3950175370384338e-05 0.00015684542836471403 5.877520016959091e-08 0.0 2.18253599483143e-06 1.4836754540288879e-05 4.823186686861353e-06 2.7681483330475335e-05 7.276957847281054e-07 1.2677079109747825e-05 6.2734345062689045e-06 0.0 2.170523021601202e-07 6.629799379692021e-07 0.0
2.2348139689768776e-06 0.0014266875264812415 9.960593310828001e-06 7.861856428990317e-07 1.0118229161046765e-07 1.5265926149186701e-06 5.15302924924086e-05 2.0541420455110576e-06 0.0013198959875981699 3.3469472971138256e-06 1.443153755921257e-05 5.189390506518714e-06 4.7956867403468354e-05 3.7536191928122547e-06 1.0840397247683503e-05 0.0015434321130938997 3.853028553955688e-06 3.942048877438874e-07 7.020183904828389e-07 8.223837593523438e-08 0.00014351078844997324 0.0 0.0002674941880446047 0.003944315922788081 0.0005421621880937461 3.043300635088061e-05 0.0023754944776498152 0.00013263402411434674 5.732425712609148e-06 1.9058495794991643e-05 3.2108057300476986e-06 0.0 1.0799351837773277e-06 5.88660589555776e-06 3.483909217367894e-07 1.2512483082826688e-05 1.1540990546803084e-05 1.0233484896992323e-05 4.445669178129387e-06 1.2814514456813566e-05 5.71135051076391e-07 1.0431579700473285e-05 7.011819993687159e-08 8.491421421948231e-08 2.6393977896332408e-05 2.092116573834892e-05 0.0 0.0 0.0 1.247791985916962e-06 2.22415187741784e-07 4.423651025357721e-06 0.0 6.94950003864737e-08 5.960518420639157e-08 2.6217714271370167e-06 3.705808111578571e-07 0.0 0.0004692815856988627 4.079905324603398e-06 1.275804798063815e-07 2.924062721638226e-06 0.0 6.57496555585908e-05 3.8533065464746395e-05 0.00016570586361554728 2.9093166245578177e-05 3.641422631711177e-06 1.6470270965940352e-05 0.0002408794516823516 1.5079624126797228e-05 5.867567555299479e-07 1.728185791875069e-05 4.092886764664478e-07 0.0 0.0 2.777784034199771e-06 4.2721546299654304e-07 6.895720065729825e-06 1.2253230896354388e-06 4.810039656448907e-06 4.210409913568117e-06 7.893781119289829e-07 0.0 1.3642538035862312e-07 0.0
0.00014032397457623848 1.4720071276042576e-05 0.009187243071054004 8.861692625145104e-07 0.0 1.0183701249754634e-05 0.0007096980969408196 0.00010362867866597978 2.6926686274111245e-05 1.9544062413051525e-05 3.494125676241488e-05 7.055377373572801e-07 9.908378867912421e-06 0.0001626841508262744 0.0 0.0031439455710000445 0.0022008666170351813 2.6099514777895816e-05 0.00014643233704795888 1.478103476064127e-06 0.010431687119674744 0.0002674941880446047 0.0 0.0003014950112460001 2.0390693758777727e-06 0.0004280172110840506 0.005891754381400997 0.0015786237991106409 0.00012163710663473258 0.002558444804891053 4.255752646906509e-07 2.576266808311617e-06 1.0111064618810689e-05 0.001877334887793831 0.00020172494832571445 0.005739647260509551 0.004321926800081866 0.0043690118019262736 0.0033770896817016094 5.320733526071431e-05 1.299310009202506e-05 1.6983422996879653e-05 9.152269893899652e-06 3.8227789973942054e-07 6.232291780722494e-06 6.803230798163413e-05 5.006966546402223e-07 0.0 3.66022874801394e-07 5.667510347214334e-06 4.90326761776633e-07 1.2760542064751402e-06 2.7614885435102355e-07 2.621632162005103e-07 0.0 1.5832795395159157e-07 2.3200168838523995e-06 0.0 0.0013684789428040423 1.1991790263589974e-05 0.0 1.678910586463837e-06 0.0 0.00020190598762874587 0.00012872736165984403 0.0008901346975299165 2.3487775921117814e-05 0.0 5.945844549979377e-06 0.0004640711671870536 2.9403537646920507e-05 3.447553482316262e-06 5.116055179071781e-05 0.0 0.0 5.8192039232213366e-08 1.4884066939585748e-05 1.1516093723415828e-05 4.9645338360940655e-05 4.841108801845247e-06 3.0743888857145466e-05 3.436925618038709e-05 1.628961650119821e-06 7.877442667460773e-08 1.4776367800557852e-06 3.5740521642104005e-07
