0.0 0.0 5.402809516129236e-05 8.45577086409354e-06 1.3744917084003024e-07 1.2596696986962551e-05 0.0007246666816616786 0.0002445695328438943 1.279631089139172e-05 2.9052895392182286e-05 2.8315609888478517e-06 1.2894020396677067e-06 1.1006688723311003e-07 0.0027793296561225184 1.8804244090683879e-07 2.800422220335071e-06 7.399876016432434e-05 2.112036846259373e-06 1.9849646714679787e-05 2.697387036706719e-06 2.5334114730589024e-05 1.6211059016169307e-06 5.052232232679862e-05 9.213971490754135e-05 0.0 3.803299851816078e-05 3.771901268716821e-05 6.0324145953491745e-05 0.0026249299375500352 0.001595495180996405 5.325478510630249e-08 2.2189371081692569e-07 2.094955878978906e-05 6.198184117779859e-05 4.168859386050548e-07 1.7223743414979642e-05 2.6502626723847113e-06 3.483821419634732e-05 9.393342395329062e-06 1.2782620297672205e-06 6.120372368451263e-07 0.0 8.216570878871873e-08 5.905563767896808e-08 0.0 1.097993136210831e-06 9.675342183083343e-07 0.0 0.0 2.3746169527662025e-06 5.646279464763777e-07 2.923802153904503e-06 7.326951090751618e-08 0.0 0.0 0.0 1.669502305722034e-07 1.0088750941331113e-07 4.863451679848461e-06 4.671253986588316e-08 0.0 0.0 4.61311256263068e-07 1.1943522169783643e-05 2.2494319071481323e-06 8.623594798678129e-07 1.6641668651794112e-05 0.0 1.450590787555597e-07 1.5430910071566517e-06 1.8783381183150985e-05 1.1503045960927962e-06 2.3627721263132844e-06 0.0 0.0 0.0 2.36074592302148e-07 6.626900637505552e-07 5.12838315378596e-06 1.6309224342985715e-07 2.957825866544737e-06 7.833044966902022e-07 9.582966417340275e-07 1.029087362969046e-06 0.0 0.0
0.0 0.0 0.00011298728879775084 3.085020377067929e-07 7.175666341012497e-08 2.90119326433516e-07 6.887913752611617e-06 2.577300389205178e-07 0.00023286840157010966 1.7589420876265363e-07 4.596557264602254e-05 7.654344621692823e-07 0.0005394702633290333 1.159659404427789e-06 8.894584865301288e-07 0.00016290254393717165 0.00011907585361401858 7.091089421786762e-06 7.705233957976334e-05 5.355914630674877e-08 7.03245914575234e-06 0.0006842944415899579 2.7923708351668873e-05 0.00016892690666086752 0.0008094656069190597 0.0005064515437140485 0.0037209355120023544 2.0345630304555076e-05 1.9222787231426846e-06 2.2878720608182525e-06 1.837941785625089e-05 1.752401312027138e-07 0.0 5.4246454836530705e-05 3.0595501109807786e-06 0.00011572778469328143 5.782021224126201e-05 0.0001470393438870592 3.602838027328936e-05 1.7713488456323803e-06 2.0507862633376587e-07 0.0001483463209465763 7.73381019735026e-07 0.0 1.782574978436842e-05 4.1836360847423865e-05 0.0 0.0 0.0 2.2930272414015722e-07 6.517433043689355e-08 3.168250435776584e-06 0.0 6.476460950754949e-06 0.0 1.0966335470504118e-05 6.970456921478126e-08 0.0 4.315977276667506e-06 6.8565333712346785e-06 8.265788089613194e-07 1.1339119926607715e-05 0.0 4.771830494739932e-07 3.810490207049339e-05 2.625613033472662e-06 4.470347530455654e-06 9.25855691246311e-06 8.773906179462177e-05 0.0006128312579107913 5.339382963795034e-07 1.5263828426955256e-07 2.741103618769577e-07 3.979676057483448e-06 0.0 0.0 3.876611519837072e-06 1.3018417748659755e-06 6.639580302513745e-06 1.2435554792257902e-05 8.447224649338358e-06 9.84580574815202e-07 1.2515826710955763e-07 0.0 2.3200005719302055e-06 0.0
5.402809516129236e-05 0.00011298728879775084 0.0 8.389685365923969e-06 1.0864768933585606e-07 7.6345296972262e-05 0.0009517791484835591 0.00017320271039320833 5.9256126737649455e-06 3.319119545813287e-05 4.641170333023509e-06 5.823309948551009e-07 4.313794748193786e-06 0.00039449435708336804 7.598607200625808e-08 9.60159044075909e-06 0.0017053248330233814 1.5447127686345712e-05 0.00010379443247816843 1.5108324449400538e-06 0.00028133852363519543 8.534278907996768e-06 0.00425148674242506 6.472222080192794e-05 3.5175887919586673e-06 0.003114598163830674 0.00469494809384513 0.00017344111104892392 0.0001261649452164715 0.0008098828550441464 5.697115075239808e-07 7.728327417777275e-07 5.1927279809980205e-06 0.0005343619325102779 2.364478830617093e-05 0.0009669423620122349 0.0005078935051332988 0.0011242560276897053 0.00030128091884180284 2.6971183703220126e-05 2.697479556186864e-06 3.223120409718733e-06 6.733430123051606e-06 0.0 8.982769114450054e-05 0.0005695465532841792 1.8095692806943476e-07 0.0 1.9630174099212087e-07 2.6988331925736006e-06 1.4829196451759025e-06 2.6060842786697996e-06 3.5695878924948253e-07 9.349112142202269e-08 0.0 2.401778251836565e-07 1.0737343490559734e-06 0.0 7.200777228941752e-06 3.531424315564337e-05 6.352020629961008e-07 6.4811261054887836e-06 1.5438508115647263e-07 4.684128439660601e-06 4.91228170129442e-05 3.0153408024211726e-05 4.709515915970211e-06 7.099738186443322e-07 0.00011016916702610368 0.0011983579193064206 4.550389093836576e-06 5.630180541685687e-07 1.6514281075063472e-06 6.649888927272845e-08 0.0 8.801343466445702e-08 2.459992101449845e-05 1.1084364237401939e-05 5.190041072695808e-05 1.8052304454409335e-05 6.552936184287161e-05 1.3134317025118737e-05 1.4756425842750729e-06 1.8741551047824185e-07 0.0 0.0
8.45577086409354e-06 3.085020377067929e-07 8.389685365923969e-06 0.0 2.7996542140690187e-07 4.150819363051484e-05 0.00027191439722232486 3.3117170639045755e-05 0.0009504985103352782 0.0014755082501854133 8.78461434383654e-07 0.001538267015832959 1.1035255586084188e-06 5.365797695897175e-05 1.4409842340789053e-05 4.538153158560545e-07 1.1630178736827652e-06 3.1980014314884066e-07 3.4836948927583584e-07 0.0011397377167347905 3.7779584274111686e-06 1.0413436113031556e-06 5.74424444992213e-06 0.0006443579259047664 0.0 2.6702059775125242e-06 2.6601430447202262e-06 0.0019166142356453664 6.004174142757023e-05 7.5829127343975326e-06 0.0 1.1780627828310735e-06 3.118148578745176e-06 1.3701705282403473e-05 2.816810264969749e-06 8.701612436468317e-05 1.9049669775990909e-06 3.7238127367021096e-05 1.6875735544700482e-05 3.3886023985811805e-05 2.905511389775923e-06 0.0 1.9575614137070356e-06 6.045777706971263e-07 1.579954701639624e-07 2.6975980247741506e-07 0.00016899571183402867 0.0 7.90293769382025e-06 9.676244191508748e-05 3.600062557876738e-06 0.00017315885047991834 6.721092801461265e-05 1.178108380505141e-07 6.715386297417024e-05 0.0 2.829661960432554e-06 1.002678673371144e-05 7.032409662987653e-07 0.0 5.784209736900556e-08 9.740941719955168e-08 0.00013335229003318404 5.834935633581522e-08 8.182402452668883e-08 2.454546221992247e-07 0.00015189602764203994 0.0 0.0 5.440785575110902e-07 0.00014324619052585806 4.441808639364875e-06 6.946678905799589e-07 0.0 0.0 4.959669630455173e-07 1.0601937217745492e-06 2.6046524457400014e-07 2.885802441947902e-05 5.022863418328235e-07 6.6824484603299056e-06 1.7588408909589748e-06 6.062249209754876e-05 6.413184567116364e-07 0.0 0.0
1.3744917084003024e-07 7.175666341012497e-08 1.0864768933585606e-07 2.7996542140690187e-07 0.0 0.0002576217147656199 2.5445707997657646e-06 1.0266881589656441e-05 1.3602396914393428e-05 4.035297973496724e-06 2.7661354695987142e-05 4.456413349799714e-06 1.0822814465658335e-05 6.0930872072595665e-06 0.0005307290035214366 0.0 2.071262388515393e-07 2.214491444079457e-06 2.4917034712063734e-06 9.68090824231421e-07 1.4503216928893647e-07 0.0 2.7841703575847445e-07 2.2772609276734624e-06 3.655278537698574e-07 3.908116258065989e-06 1.0123700799431666e-06 1.276584601876632e-06 1.1293314776090505e-05 6.55045869061493e-07 1.197437070117074e-07 3.690090630776724e-05 0.0 0.0003119486113007637 2.6844768369204806e-06 3.664671422831833e-05 5.7298428506668716e-06 0.00019049608364397414 0.00013108426506693485 0.0005640457997686863 0.00020378034795819712 3.400883541082097e-06 9.627502312146819e-07 0.0 0.0 0.0 0.0 0.0 0.0 8.791054039175587e-08 0.0 4.3235930873986233e-07 0.0 1.9253595321009208e-07 0.0 0.0 0.0 0.0 0.0 0.0 0.0 0.0 0.0 3.1676706599684834e-07 0.0 0.0 4.78599909526454e-07 0.0 5.973060063243342e-08 7.383851419842714e-08 3.4810269365199326e-07 0.0 0.0 0.0 0.0 0.0 0.0 1.3173720099226815e-06 1.1208299219948029e-07 1.1846957674913899e-07 3.398429279378726e-07 0.0 0.0 0.0 0.0 0.0
1.2596696986962551e-05 2.90119326433516e-07 7.6345296972262e-05 4.150819363051484e-05 0.0002576217147656199 0.0 0.002550143366251805 0.006200314384169754 0.00038918753602927727 0.004106573508031292 5.007624606780687e-05 0.00431620659769183 6.029208964880186e-05 0.0017699235315790762 0.00044222958400132043 1.2341917977512443e-06 8.09318532380428e-06 1.0444409685162988e-05 1.1411014236692916e-05 0.00044240992420399334 2.8370789360089236e-05 1.1300418210787886e-06 5.592233062129071e-05 5.08593064779797e-05 4.4340320023730705e-07 2.9450395652570847e-05 1.557648085216405e-05 0.00010495585891978665 0.00044590333228408267 8.855563210571213e-05 9.901862512997424e-07 0.0007073869880696301 4.34778286447938e-06 0.000196965282205987 2.5491133287198373e-05 0.001034000501548176 4.78592018572732e-05 0.0003800786616425704 0.00031879147450774415 0.0009333840501735975 0.00012338972732510288 2.4519643614961142e-05 1.2936894486410618e-05 1.0831728687255828e-07 0.0 9.714041614411687e-07 8.604727901317054e-06 0.0 5.762204603024495e-07 8.355505090437098e-06 8.35381109877064e-07 8.932998080402987e-06 2.4890111228072323e-06 0.0 1.5513755884627126e-05 1.2034858312438222e-07 5.772065409248193e-07 5.992051530869614e-06 1.6008647152900065e-06 0.0 5.0804975978699626e-08 1.3360167974775106e-07 8.734330658743714e-06 9.609061033496207e-07 5.088421000101593e-07 1.9302715283227487e-07 2.5770574517239767e-05 0.0 9.19372141916191e-07 2.200997248723768e-06 2.8855918540302542e-05 9.268407799822486e-07 3.974268913494912e-06 8.013324860939721e-08 0.0 1.0800843089873068e-06 5.363567580156163e-07 2.0036116256519967e-06 2.2920667315629154e-05 1.179336078841973e-06 5.241538009020698e-06 1.708191512617131e-06 1.527987497163932e-05 3.11679605307723e-07 9.347749110783653e-07 0.0
0.0007246666816616786 6.887913752611617e-06 0.0009517791484835591 0.00027191439722232486 2.5445707997657646e-06 0.002550143366251805 0.0 0.0013306443972820618 0.0003665318205394461 0.007459124464518864 1.1068545351267788e-05 8.327883676834791e-05 1.4450221305038352e-05 0.005738053703043996 1.0565133186807748e-05 5.540341559201913e-05 6.43234855750274e-05 6.235164966418711e-06 1.23873968240702e-05 9.109234841146408e-05 0.0008015102296786248 3.241458418683397e-05 0.000988106470187974 0.0022939250822306087 3.470773794347119e-06 0.00023176976611831744 0.00022308479055465477 0.010185410288335979 0.0008677555318522981 0.00397265734953107 2.5722876037410225e-07 7.017860566097208e-06 6.515569948239552e-05 0.00019782308146737017 5.165915307454591e-05 0.0010456892047517347 3.48834293951262e-05 0.00047180806615890967 0.00019632708093548663 0.0001374819347986983 3.6232772058283985e-05 5.173522716980385e-06 1.6599462332018533e-05 3.306667256097461e-06 7.898087543778827e-07 1.3387076665350298e-05 7.331059543041387e-05 0.0 3.4046604991059487e-06 0.0002413806411205108 8.746218012630546e-06 0.00014380814333280113 4.744557907466995e-05 8.028905771935012e-07 2.048821932902916e-05 3.270546792546094e-07 2.0102883309201256e-05 4.514739725412231e-06 6.6038542120376615e-06 1.733064861934563e-07 2.2627907597214391e-07 5.38618341535568e-08 9.944660174607439e-05 1.116499054329857e-05 1.1700114544114036e-05 3.834443211865733e-06 0.0003535882779839409 0.0 1.7524055560399888e-06 3.445493951053703e-05 0.0004282007465173111 2.8101268197241838e-05 1.976924273200262e-05 7.850280557879022e-08 0.0 3.2082909266627234e-06 1.0796075778112187e-05 9.565757221698051e-06 0.00010339623684718745 3.972294511411387e-07 5.944367361366375e-05 1.0638781787493983e-05 4.67317948018272e-05 4.748062907207257e-06 0.0 7.969374542900547e-07
0.0002445695328438943 2.577300389205178e-07 0.00017320271039320833 3.3117170639045755e-05 1.0266881589656441e-05 0.006200314384169754 0.0013306443972820618 0.0 1.80447320490165e-05 0.0016166042944824282 4.869285303960814e-05 0.0006276128592329218 2.7965700302717638e-05 0.0065859827809309456 3.4128709707320665e-05 1.5395729145154871e-06 7.790288769782585e-05 1.1066294482061417e-05 2.4357716741082816e-05 0.0002085818622768386 6.505446910524685e-05 1.2079571728239434e-06 0.00013785327728959456 7.529074271173942e-05 4.6789921558476424e-07 7.482953262061695e-05 5.125640747861533e-05 0.00010393147370964294 0.00047609717514315403 0.0007316040920556878 6.928053655254772e-07 0.0001361564743987256 3.6250215780501483e-06 0.00023339576778705107 1.5664780721318673e-05 0.00024425810186983545 1.9179747062557273e-05 0.00030135727894957485 0.00022856609456925334 0.0003011294769520314 0.00012684313776671011 1.208230039568798e-05 4.117335091121218e-06 2.882914179729945e-07 3.407119465600708e-07 9.716482140064319e-07 2.6322651622686596e-06 0.0 8.502037249077063e-08 1.210914471792655e-05 9.44781735595628e-07 6.326181886552415e-06 2.0888043826693104e-06 0.0 1.9176536027883576e-06 0.0 9.042832502438488e-07 1.5042633387360156e-07 3.2845089739862474e-06 0.0 6.28478110951769e-08 0.0 4.33522873979646e-06 5.338969262272654e-06 1.6567550808795603e-06 4.1468634677452486e-07 2.8123110511383744e-05 0.0 6.429388596204138e-07 3.4083330107609707e-06 3.0750456836081864e-05 3.117865874136019e-06 1.8611136510170355e-06 0.0 0.0 7.448944245831675e-07 9.769598701309806e-07 6.684770929670791e-07 6.706850966735935e-06 6.365183569200529e-07 3.4137664967309846e-06 2.643811142312687e-06 1.2029803862893623e-06 1.2569252769869812e-07 3.545789020524566e-07 5.719748177508751e-07
1.279631089139172e-05 0.00023286840157010966 5.9256126737649455e-06 0.0009504985103352782 1.3602396914393428e-05 0.00038918753602927727 0.0003665318205394461 1.80447320490165e-05 0.0 0.00023609566217684926 4.3882329632343605e-06 0.000766348301078801 2.245758127624585e-05 3.905383703101676e-05 0.00042940564808333765 4.260471458414684e-05 4.887032613270815e-06 5.584016910316154e-07 3.919646692897232e-06 0.0005683624289354283 2.0335279365775282e-05 0.0016506333536233453 8.983573089088787e-06 0.005599955967303875 4.4544655525839474e-05 1.9673956111827354e-05 0.0003386724407713332 0.0010601341978791691 9.432386881393186e-05 4.7077638152798024e-05 6.723627025702077e-07 4.745506992908088e-07 1.0381431313681627e-05 2.9434864592963073e-05 9.209953143464974e-06 0.00026571050476175193 2.4614715211619043e-05 6.307033878875919e-05 3.235871964424375e-05 0.00013916337628376693 4.304324575463762e-06 5.385127320647025e-06 2.114160569691035e-06 2.0362336936321274e-06 2.8390232002658783e-06 6.708719384905407e-07 0.00015516347454939627 4.886647387862086e-07 7.285311974805504e-06 8.981677205608265e-05 5.062052414727524e-06 9.663063311008048e-05 3.354802941035064e-05 1.2569083057858786e-06 0.00013292719016905395 1.2904259477829013e-06 9.161137081668595e-06 6.216243252902622e-05 1.5111251625093584e-05 7.834072309029898e-08 9.665330387008176e-08 0.0 0.0001507828284308991 1.3131339149235607e-05 1.2944110026101162e-05 2.48322592215396e-06 0.00044036615547168265 2.416162593722997e-07 1.1216911655854588e-06 5.7235180104413146e-06 0.00024454913206085796 1.4713870529310414e-05 1.5080250828225999e-05 6.732401558648023e-07 0.0 1.2700070512995953e-06 4.3828310915223585e-06 2.8511695601941086e-06 9.750860109915286e-05 3.2568943415889304e-06 1.9979772567304065e-05 3.4050282052296282e-06 0.00017432174844932483 9.501717143710468e-07 1.8585033308982716e-07 8.39552504030104e-07
2.9052895392182286e-05 1.7589420876265363e-07 3.319119545813287e-05 0.0014755082501854133 4.035297973496724e-06 0.004106573508031292 0.007459124464518864 0.0016166042944824282 0.00023609566217684926 0.0 2.1885953834584536e-05 0.003991638415387414 6.852602086352677e-06 0.0011773882159846658 1.1770927697988411e-05 1.9985522821542952e-06 4.333163823832007e-06 7.769523878332767e-06 9.400684605464874e-06 0.00193912542872278 1.5600374528105943e-05 1.7990155314535978e-06 2.6518145022314533e-05 0.0002539796309075267 4.3846995484942304e-07 1.7502458273733624e-05 1.1375614217361868e-05 0.0014588957699429883 0.0005245117937899156 2.6439768225115004e-05 3.21537950003968e-07 1.4896642725957528e-05 1.0236565485444933e-05 0.00017606300286402495 3.6033385501985496e-05 0.0006591642345358805 2.7425123046107722e-05 0.0004694271531378999 0.00015632289919928466 0.0001517257353653299 5.3319468586338835e-05 2.5988182667532816e-06 1.4908617205790457e-05 5.254841645774242e-07 0.0 6.913157655179068e-07 8.957747936706946e-05 0.0 1.1383976954953497e-06 7.410111264877009e-05 1.4363582746226086e-06 9.556371273949456e-05 6.830791112911836e-05 3.946543975565882e-07 7.51565709737604e-05 0.0 3.796999474808137e-06 6.70053773812954e-06 5.677148037592134e-07 0.0 0.0 2.1248734378867298e-07 7.576910347477948e-05 7.56359069939775e-07 6.215478271283898e-07 4.3305986672854233e-07 0.00010776026913229089 0.0 1.928963547813684e-07 1.670376058237424e-06 9.298994414017888e-05 3.6228017022633424e-06 7.959080216827037e-07 0.0 0.0 4.5928350087513513e-07 9.567946686101348e-07 2.0980574268515957e-06 2.0108967559976033e-05 0.0 6.854525657288001e-06 7.082285205002358e-07 1.942807459043836e-05 6.681735514674003e-07 0.0 0.0
2.8315609888478517e-06 4.596557264602254e-05 4.641170333023509e-06 8.78461434383654e-07 2.7661354695987142e-05 5.007624606780687e-05 1.1068545351267788e-05 4.869285303960814e-05 4.3882329632343605e-06 2.1885953834584536e-05 0.0 1.830711261416485e-05 0.0019329602140223932 8.553322543028999e-05 2.3146978985619988e-07 6.061804312070379e-07 9.711008337427317e-05 0.0018846220833470225 0.0006016071138847038 7.266030881191399e-06 7.469030576617703e-06 1.1479208606674323e-05 2.9815088114851185e-05 6.263146781107264e-06 0.0006318064419484984 0.0015158621647672803 0.0007118318789972952 4.379429163575791e-06 0.000272764986296324 1.0949884779389465e-05 0.0006144688028725026 8.783354025774425e-05 7.188161224126323e-06 0.0025150423782037013 7.713411904943053e-06 0.0002221176491233735 0.0024165980448363263 0.002289035035107136 0.00039702545457802194 5.671279794945701e-06 9.493585851783302e-05 0.0007779087457856891 6.65596552912389e-06 0.0 6.24490644070165e-06 1.8559150165924252e-07 0.0 0.0 0.0 2.1062335879377082e-07 0.0 6.174070723229813e-07 2.536037622618055e-07 0.0002566878067681334 3.5678373220741934e-07 0.000444634541969441 3.8864111152697136e-07 0.0 0.0 0.0 1.4603001533349132e-05 3.452023090782439e-06 4.130150157115397e-07 1.431546277044142e-07 9.258607670856799e-07 7.94306292430469e-08 1.2911738350028923e-06 0.00013779801470323617 9.126781700151626e-05 0.00023096562888296282 8.204256063160423e-07 4.0885426311757894e-07 0.0 8.434838513839759e-05 8.129036052449762e-08 0.0 6.6245702524744165e-06 1.2007769724221167e-06 3.7892669173463743e-06 0.0002947490167214791 2.364858057174284e-05 8.458640883846666e-07 1.0701549534680444e-07 3.153357423485925e-07 0.00018447355622544693 0.0
1.2894020396677067e-06 7.654344621692823e-07 5.823309948551009e-07 0.001538267015832959 4.456413349799714e-06 0.00431620659769183 8.327883676834791e-05 0.0006276128592329218 0.000766348301078801 0.003991638415387414 1.830711261416485e-05 0.0 5.604919401150615e-06 0.00024528196469292545 0.0002103171243151541 0.0 5.53223076221909e-07 5.0345437904957655e-06 6.4724542048993124e-06 0.002185737732529139 2.9678319295648366e-07 1.8844806182875108e-06 6.922607010419768e-07 6.150734129510507e-05 1.4990801622187822e-07 5.9783899128446935e-06 2.7512975484750985e-06 0.00024316963533474952 0.00017633548689592604 1.277801348235159e-06 3.947967635739504e-07 1.7985410876791796e-05 3.2803883430772016e-07 8.319190308330715e-05 3.4727308677624024e-05 0.00021277646972993173 6.407943705976464e-06 0.00017446773719970914 5.762094659325192e-05 0.00027419189755112556 2.2054698926095476e-05 2.0559807410548257e-06 1.8251347240816617e-06 0.0 0.0 0.0 2.8885751452737833e-05 0.0 4.353763052059062e-06 5.251692971412799e-06 2.065982637666881e-06 3.006960724035552e-05 2.5107958983205165e-05 5.414663894278733e-08 0.00012442804076943426 6.249193485417444e-08 7.748967822629581e-07 1.638919338952534e-05 0.0 0.0 5.545011352278021e-08 0.0 3.711414203350654e-05 0.0 0.0 0.0 2.0618822713129093e-05 0.0 1.761661602558222e-07 3.435410588796116e-07 1.5210837886214782e-05 8.137704169804919e-07 0.0 0.0 6.328515298171002e-08 0.0 2.0349419325276024e-07 0.0 2.799405444101585e-05 3.819338493663183e-07 1.226863697139298e-06 8.190019364418191e-08 5.424424597092581e-05 3.205832920527443e-07 1.056446549445458e-07 0.0
1.1006688723311003e-07 0.0005394702633290333 4.313794748193786e-06 1.1035255586084188e-06 1.0822814465658335e-05 6.029208964880186e-05 1.4450221305038352e-05 2.7965700302717638e-05 2.245758127624585e-05 6.852602086352677e-06 0.0019329602140223932 5.604919401150615e-06 0.0 2.4754570320619548e-05 4.012549598988457e-06 3.791944797299421e-06 2.6468167134111068e-06 4.765549885373789e-05 9.064771696480599e-06 1.0952106013260384e-06 3.072072315836762e-06 9.516800237818744e-05 6.838322617661507e-06 2.8973109034632402e-05 0.0036898033106847593 0.000346271913546868 0.0018473300770145869 2.1061911187074002e-05 2.9904660571872853e-05 8.898149637233513e-06 0.0010504371451015514 2.6325558388315552e-05 1.0040352461297443e-06 0.0001811391611260905 4.724592313753751e-05 0.0011642213211044803 0.0018248174826853876 0.0019843114557967197 0.00027232591611437486 0.00013168776156016366 0.00010541802256299192 0.000990298094560994 1.838674749925837e-05 6.951899672144929e-08 2.006939171816769e-05 5.891006076274053e-07 9.89942625560914e-08 0.0 1.1908206783344287e-06 1.3641569453723457e-06 3.619032883043563e-06 4.4258048258273425e-07 3.432469803160149e-07 0.0003587599826822233 4.043340232339674e-06 0.0004823141723587629 3.894527084127854e-06 0.0 6.454072599494527e-08 1.049028694024596e-07 1.0529738924783276e-05 4.108264946916744e-06 0.0 7.157342294122567e-07 1.5083746376670902e-06 1.3141216975163406e-06 1.469276215777484e-06 0.00016543318237999442 7.579012235342232e-05 0.00017535119530685898 3.662978971620783e-06 1.6166774851953553e-06 0.0 7.495522427041125e-05 8.180869757742251e-07 0.0 1.3158587079521422e-05 2.1000000924495376e-05 0.0004090362378666366 0.0004031203501421811 0.00020811190087358341 8.422677944956501e-05 8.658434658756015e-05 7.638921715053446e-05 0.00040000470867886275 1.0192545041762572e-06
0.0027793296561225184 1.159659404427789e-06 0.00039449435708336804 5.365797695897175e-05 6.0930872072595665e-06 0.0017699235315790762 0.005738053703043996 0.0065859827809309456 3.905383703101676e-05 0.0011773882159846658 8.553322543028999e-05 0.00024528196469292545 2.4754570320619548e-05 0.0 8.371124920242805e-06 4.749564356498707e-06 0.00019550955643934923 2.653727794410169e-05 6.864259383458563e-05 0.00012018839020622052 0.00016292569949682376 2.6383796595167384e-06 0.00033406831109842797 0.0002158010330307984 1.3716503248207473e-06 0.00017927481331416744 0.00013593002020265745 0.00021075176533858573 0.004340006473565141 0.0032660871689206925 1.566592735173461e-06 2.516172459709938e-05 1.3171811763085047e-05 0.0004772866105999455 1.3951425874763247e-05 0.0002986292983520725 2.9221486593362114e-05 0.0005047962223577159 0.00019474826578767457 0.00012117534533290227 7.799199062394239e-05 8.141694492543402e-06 4.095329937843957e-06 5.905435622960221e-07 2.680048279840194e-07 3.473092834525618e-06 6.707560958558895e-06 1.2371197543426517e-07 1.3060047876999231e-07 2.3788599674250198e-05 7.88885645205616e-07 1.502735182720499e-05 3.297311948181527e-06 5.1259798347876986e-08 2.7775174042376784e-06 2.6019765835119224e-07 1.830956651209569e-06 2.729332327721035e-07 7.160536949331806e-06 0.0 0.0 6.308349689224922e-08 5.889714029001805e-06 1.2065433024966498e-05 3.63738206419017e-06 1.7786040801814067e-06 4.868912153859965e-05 7.869778765489965e-08 1.066161618693016e-06 8.744493405867956e-06 5.925068709664823e-05 4.515047903799092e-06 4.076553086309815e-06 0.0 4.6827875159112145e-08 6.474498863584142e-07 1.6579615543018388e-06 2.457714307255894e-06 1.533503546887487e-05 5.659959543032023e-07 7.351263973306844e-06 1.857309841730165e-06 3.2824488379928392e-06 5.904226540076326e-07 4.774525661163606e-07 7.796791445059763e-08
1.8804244090683879e-07 8.894584865301288e-07 7.598607200625808e-08 1.4409842340789053e-05 0.0005307290035214366 0.00044222958400132043 1.0565133186807748e-05 3.4128709707320665e-05 0.00042940564808333765 1.1770927697988411e-05 2.3146978985619988e-07 0.0002103171243151541 4.012549598988457e-06 8.371124920242805e-06 0.0 0.0 6.776409983285997e-08 0.0 1.3673301428526151e-07 2.1666715840272972e-05 0.0 1.3111116602613123e-05 8.579870019607596e-08 7.125985411481006e-05 5.55758410696478e-07 1.713543663899725e-07 1.9575107280678476e-06 8.464936467060202e-06 4.244510573915938e-06 9.426520996477773e-08 0.0 3.5794833405340456e-05 7.937074743429941e-08 7.379356006221703e-06 2.388232458985214e-06 0.00019018917834456045 2.8067264758857277e-06 1.0886945127856204e-05 1.3177182360060062e-05 0.0006491179418971315 7.098898126054639e-05 7.153512108902117e-07 1.4222344084185971e-06 0.0 0.0 0.0 4.815138244982012e-07 0.0 0.0 0.0 0.0 3.8766852444031634e-07 0.0 0.0 7.713986408474623e-06 0.0 0.0 0.0 0.0 0.0 0.0 0.0 6.126827293733568e-07 0.0 0.0 1.2454204614424551e-07 5.169453271291468e-07 0.0 0.0 0.0 2.1801106959764243e-07 0.0 0.0 0.0 0.0 0.0 0.0 1.2692024543673198e-07 4.862855868947235e-06 0.0 0.0 1.3780705510539858e-07 9.098685350954443e-06 0.0 0.0 0.0
2.800422220335071e-06 0.00016290254393717165 9.60159044075909e-06 4.538153158560545e-07 0.0 1.2341917977512443e-06 5.540341559201913e-05 1.5395729145154871e-06 4.260471458414684e-05 1.9985522821542952e-06 6.061804312070379e-07 0.0 3.791944797299421e-06 4.749564356498707e-06 0.0 0.0 9.596057140457123e-06 2.498836449083499e-07 1.4308991160125743e-06 0.0 0.0007442369407785136 0.001748503045516611 0.001436241677863252 0.0019029128970311227 8.869167661500524e-06 4.572504979471987e-06 0.0014637454321266416 0.0011607908948929385 2.452059465216312e-05 0.0001943719915161812 6.822808441949429e-08 0.0 4.677815987102267e-06 5.1748723838812734e-05 4.399385438406877e-05 0.0010010217343426218 0.0003599899328486214 0.00027660791530517795 0.0002454785964532072 3.88724561963929e-05 1.1258389533264484e-06 2.512302502996262e-06 7.668705459023512e-06 5.438912437599144e-07 4.0425876742803976e-06 5.362371154616194e-05 2.2927079461261926e-07 0.0 6.144759727369142e-08 4.693475109191522e-06 6.891362781825374e-07 9.527681301336526e-06 1.8974442586835646e-07 1.4900099549604024e-07 1.6700985046472923e-07 8.58573403279208e-08 5.933283913729042e-07 8.033284817148811e-08 0.0010312881391556286 2.05435745221731e-06 1.640594806351701e-07 7.953421177337484e-07 8.526871757188885e-08 0.000244186092772541 0.0007658529865490633 0.0005108130910132207 9.875824485781295e-05 7.742319661379307e-08 5.433509222353931e-06 0.0005309082112274689 0.00012424359844459868 5.88000226280882e-06 1.25791473196334e-05 0.0 0.0 9.704506166338871e-07 1.6181174908813286e-06 8.024383584655792e-06 2.9808191235046665e-05 1.4484392282499355e-06 9.972094033398639e-06 4.563000296854612e-06 2.586831602965746e-06 5.103971936240409e-07 0.0 0.0
7.399876016432434e-05 0.00011907585361401858 0.0017053248330233814 1.1630178736827652e-06 2.071262388515393e-07 8.09318532380428e-06 6.43234855750274e-05 7.790288769782585e-05 4.887032613270815e-06 4.333163823832007e-06 9.711008337427317e-05 5.53223076221909e-07 2.6468167134111068e-06 0.00019550955643934923 6.776409983285997e-08 9.596057140457123e-06 0.0 8.362884852568673e-05 0.0009070482415629899 1.3969526735080242e-07 0.0001871498074670196 6.793847463166878e-06 0.002383218028468923 1.2963108240495291e-05 8.533674250147608e-06 0.0014896769959328656 0.0032214280856777094 1.3224590452404612e-05 0.00032401291111124514 0.00048552540729166106 1.0259699051409823e-06 1.6869865910017837e-06 5.016157834371521e-05 0.0013525004277824858 6.222799295307561e-06 0.00012561117511366977 2.785404621773229e-05 0.0005857291022394433 0.00010804857943975882 4.898889051342892e-06 1.2900999784941703e-06 1.9361836419363073e-06 8.944364274362059e-07 0.0 2.335867722433587e-05 5.3542304991841044e-05 5.232052509341407e-08 0.0 8.142618348661924e-08 1.1141069206093498e-07 4.290598627904626e-07 8.030953423255187e-07 0.0 4.557052160059978e-07 0.0 1.389026894629197e-07 6.287035044113909e-08 0.0 1.2570661976148238e-06 1.0244819683014193e-05 5.756053937086328e-07 4.993345479550668e-06 4.9537670088795004e-08 1.5202594354456107e-06 5.995342445140609e-06 3.991071552107244e-06 9.864757763434829e-07 3.693736666581979e-07 7.212259626397825e-05 0.0002584377034529378 1.5844871376035938e-06 6.001604566131685e-08 2.79107723385839e-07 1.6585621621501613e-07 0.0 0.0 2.5485545503472015e-06 2.001322696138386e-06 7.481993533121404e-06 2.2806936113748695e-06 1.0980698912446123e-05 4.487138377987711e-07 5.7722668422238354e-08 0.0 0.0 0.0
2.112036846259373e-06 7.091089421786762e-06 1.5447127686345712e-05 3.1980014314884066e-07 2.214491444079457e-06 1.0444409685162988e-05 6.235164966418711e-06 1.1066294482061417e-05 5.584016910316154e-07 7.769523878332767e-06 0.0018846220833470225 5.0345437904957655e-06 4.765549885373789e-05 2.653727794410169e-05 0.0 2.498836449083499e-07 8.362884852568673e-05 0.0 0.0005341202897052116 2.630913019774446e-06 3.633747387303423e-06 1.2942214970081895e-06 2.8213123659424367e-05 2.026609300750562e-06 4.558311958654922e-05 0.0010827018074973103 0.00037312286910477294 1.124917895831251e-06 7.482507218251214e-05 9.312620165041406e-06 2.899085320870822e-05 1.6551384194925126e-05 1.1978610227493515e-06 0.0005466233447409605 4.301796075062458e-06 0.00026763957268318 0.0006160383014129456 0.0009069877932779586 0.00031018947791728934 3.5191885907913427e-06 1.2200127259131018e-05 1.8323849211086922e-05 2.445186417847841e-06 0.0 6.3412858190062995e-06 6.679127120124501e-07 0.0 0.0 5.372345508312394e-08 4.5358811323438305e-08 0.0 3.7609585319318395e-07 0.0 1.7016538072578868e-05 4.4550372953245245e-08 3.896352770180731e-05 1.9201981819354906e-07 0.0 1.233001655290415e-07 1.216634641558275e-06 7.195630187162508e-06 1.0075895394729794e-05 0.0 1.4292968532272952e-07 3.624728726612553e-07 1.1230474793380175e-07 4.374407259546883e-07 2.5351380873608245e-05 4.3672969223869976e-05 0.0001466409622955609 7.579039342701111e-07 6.275065957815025e-08 1.1307230797221739e-07 1.4939675774586111e-05 0.0 0.0 1.1266934549995473e-06 1.1559688787570783e-06 4.260504468589151e-06 3.7387083540891123e-05 2.087934500693641e-06 3.085711156851001e-07 0.0 0.0 1.7459304971607203e-06 0.0
1.9849646714679787e-05 7.705233957976334e-05 0.00010379443247816843 3.4836948927583584e-07 2.4917034712063734e-06 1.1411014236692916e-05 1.23873968240702e-05 2.4357716741082816e-05 3.919646692897232e-06 9.400684605464874e-06 0.0006016071138847038 6.4724542048993124e-06 9.064771696480599e-06 6.864259383458563e-05 1.3673301428526151e-07 1.4308991160125743e-06 0.0009070482415629899 0.0005341202897052116 0.0 2.3071758829400313e-06 4.203893637437952e-05 5.900986670366749e-06 0.000289404779577043 6.32367370890979e-06 3.19642327857636e-05 0.0011234698022742095 0.002122948497774656 3.974116373972459e-06 0.00020449010679212645 8.109371032094864e-05 4.159516766520462e-06 1.651050682835754e-05 2.9648215314474578e-05 0.0033643242865053946 7.225832100751683e-06 0.0003038102910458019 0.0002836784258239215 0.0011150144121004945 0.0003015417482275298 3.3463318535528443e-06 8.153502204497646e-06 3.1177907187313096e-06 1.1504166331817524e-06 8.132980316735637e-08 3.423894203830045e-05 1.0753838809288376e-05 1.6223600049891445e-07 5.158511284605442e-08 0.0 1.4260727615449214e-07 0.0 1.193600870524128e-07 0.0 2.1928305748252385e-06 0.0 3.5990123271812686e-06 3.394153788078486e-07 0.0 1.190946136204594e-06 8.291521096473047e-06 4.31310887206442e-06 7.535353707009903e-05 0.0 6.13021464652743e-08 1.5103627369989463e-06 3.592042940236058e-07 9.990455917481996e-07 3.2451782615098496e-06 0.00016097462078364425 0.0003931656443435634 1.414981817283289e-06 2.3998686885687975e-07 0.0 2.05490949885802e-06 0.0 0.0 1.4971887196733112e-06 1.1869661300550667e-06 6.9785423140425365e-06 5.184961743050275e-06 5.071491239966059e-06 1.0141132682065884e-06 1.477990959070395e-07 0.0 3.661093999376047e-07 0.0
2.697387036706719e-06 5.355914630674877e-08 1.5108324449400538e-06 0.0011397377167347905 9.68090824231421e-07 0.00044240992420399334 9.109234841146408e-05 0.0002085818622768386 0.0005683624289354283 0.00193912542872278 7.266030881191399e-06 0.002185737732529139 1.0952106013260384e-06 0.00012018839020622052 2.1666715840272972e-05 0.0 1.3969526735080242e-07 2.630913019774446e-06 2.3071758829400313e-06 0.0 7.863744070234376e-07 2.1580995962308708e-07 1.1697744221709403e-06 0.00010433438808147658 6.97154581391809e-08 2.772849344173904e-06 1.964159219138545e-06 0.0011122107236927192 9.787548165320149e-05 1.5865124096377214e-06 0.0 5.089600079027208e-06 8.222431254331061e-07 3.9743756666666114e-05 3.5225547671736556e-06 0.00012679843109282646 4.316110752084234e-06 9.898251089905884e-05 3.180703032031395e-05 7.477240867327619e-05 1.1937093601033716e-05 2.8107340947954367e-07 3.072069425057723e-06 7.280842195022107e-08 0.0 0.0 6.087938519773393e-05 0.0 1.2051219345749965e-06 3.5030944336184264e-05 9.141989473171819e-07 6.44252989097812e-05 1.5013590685866151e-05 0.0 5.217229542178956e-05 0.0 1.6790302018771275e-06 7.242773836278907e-06 0.0 0.0 0.0 5.518660640260929e-08 7.329683373614079e-05 6.10513034794497e-08 0.0 0.0 5.7876319638393295e-05 0.0 0.0 1.812666585524246e-07 4.9968372665876084e-05 8.602640336874876e-07 0.0 0.0 0.0 2.7286832605214086e-07 1.108564482341434e-07 6.498571195490994e-07 1.785614450224883e-05 5.580519431451693e-08 2.914725519998093e-06 2.907623356079413e-07 2.9493830223617505e-05 0.0 0.0 0.0
2.5334114730589024e-05 7.03245914575234e-06 0.00028133852363519543 3.7779584274111686e-06 1.4503216928893647e-07 2.8370789360089236e-05 0.0008015102296786248 6.505446910524685e-05 2.0335279365775282e-05 1.5600374528105943e-05 7.469030576617703e-06 2.9678319295648366e-07 3.072072315836762e-06 0.00016292569949682376 0.0 0.0007442369407785136 0.0001871498074670196 3.633747387303423e-06 4.203893637437952e-05 7.863744070234376e-07 0.0 0.00015014038420006323 0.005322858265526087 0.000910933613777866 9.489059314754682e-07 2.956527592456834e-05 0.0006220860982708718 0.0028860073172690447 0.0001196899774112937 0.00683864505395262 0.0 5.834499106545456e-08 1.570918996508116e-05 0.0016517915703738225 0.0001693346558121406 0.0029088325596727336 0.0005398011342149427 0.0023402191009179087 0.0013261131213741398 0.00010888834999389372 6.943341404393241e-06 2.7236415381650623e-06 2.3564105033496085e-05 9.557936830146332e-07 3.85240798730438e-07 1.5374139890586073e-05 0.0 0.0 7.347685154904664e-08 2.8565483105240997e-06 4.341579116853627e-07 9.69248683577813e-06 1.5270518931328026e-07 1.8972875454776178e-07 0.0 8.849946386641265e-08 8.756269576318703e-07 0.0 0.00033828778509829225 1.1549543947755617e-06 0.0 0.0 1.7082295777746764e-07 0.00020451439310473611 0.0001416335890924608 0.00010520347648979693 7.209531221350538e-05 0.0 2.7958528444832503e-06 2.5463416604480626e-05 9.911700834198523e-05 4.274993863131963e-06 1.0942640016639007e-05 0.0 0.0 4.406623779359607e-07 2.1038924691917856e-06 2.840740469979049e-05 3.233078528974461e-05 1.564060553394152e-06 7.6012871468068244e-06 5.482270383600071e-06 3.0448467357351885e-06 9.569223624687845e-08 9.639109663041823e-08 0.0
1.6211059016169307e-06 0.0006842944415899579 8.534278907996768e-06 1.0413436113031556e-06 0.0 1.1300418210787886e-06 3.241458418683397e-05 1.2079571728239434e-06 0.0016506333536233453 1.7990155314535978e-06 1.1479208606674323e-05 1.8844806182875108e-06 9.516800237818744e-05 2.6383796595167384e-06 1.3111116602613123e-05 0.001748503045516611 6.793847463166878e-06 1.2942214970081895e-06 5.900986670366749e-06 2.1580995962308708e-07 0.00015014038420006323 0.0 0.00023295305597288436 0.003023690547134794 0.00017722265606491853 3.711525533750843e-05 0.0020854448493602827 0.00031322602087083425 8.82942884959871e-06 3.481492331573923e-05 4.523816897701985e-06 7.577416238175013e-08 2.905322805246042e-06 1.4096089823796665e-05 2.116386154281412e-06 7.341564522511605e-05 2.9528022231981043e-05 3.0384657508573425e-05 1.5493275399029328e-05 4.987431319110341e-06 7.257836347167372e-07 2.3267561760648923e-05 6.737114207523386e-07 2.387585884839994e-07 1.786663089051761e-05 3.7401362151079134e-05 5.82330184854934e-07 0.0 0.0 1.57463788964575e-06 7.52007685989164e-07 1.055444133496369e-05 1.1733523699441998e-07 2.221449995453571e-06 1.1346529871188626e-07 2.2653547352198743e-06 5.152927909802144e-07 0.0 0.00039004392081210546 8.290887472629898e-07 1.775751434204322e-07 4.2684467239384394e-07 2.0170744444143934e-07 8.463380445583857e-05 0.00013518462579940839 0.00016425634841106928 4.777898044960372e-05 8.498629428015508e-07 3.824734399505692e-06 0.0003384884572412628 5.5484367285168444e-05 1.9985702767687815e-06 2.3427993459099365e-06 7.087756246848377e-07 0.0 2.9498033629753193e-07 1.3867206058904524e-06 7.922305821224738e-07 8.576512015981458e-06 4.6063316826105445e-06 4.420503074016212e-06 1.2270743165838993e-06 7.370072007422265e-07 5.827400594902978e-07 4.629969248140377e-07 0.0
5.052232232679862e-05 2.7923708351668873e-05 0.00425148674242506 5.74424444992213e-06 2.7841703575847445e-07 5.592233062129071e-05 0.000988106470187974 0.00013785327728959456 8.983573089088787e-06 2.6518145022314533e-05 2.9815088114851185e-05 6.922607010419768e-07 6.838322617661507e-06 0.00033406831109842797 8.579870019607596e-08 0.001436241677863252 0.002383218028468923 2.8213123659424367e-05 0.000289404779577043 1.1697744221709403e-06 0.005322858265526087 0.00023295305597288436 0.0 0.0003059631977358129 1.5699466451460601e-06 0.0011181173722497018 0.005156423263948862 0.0014269685282642486 0.00016200484411849411 0.0028436785734473977 4.88598740748656e-07 1.069928085517101e-06 2.0113838677866086e-05 0.001858803372353276 0.0002727411337000014 0.00463487203308396 0.0014871654573327812 0.0038839417269150816 0.0026400535634894754 0.00036248743725000523 1.391120710138528e-05 8.667322691641522e-06 5.170615470686658e-05 3.518698686199367e-07 1.74035047585512e-05 0.0002506540235921369 2.8140229864911644e-07 0.0 1.415358108438678e-07 3.0573729711908044e-06 2.905639340700494e-07 3.082985467486905e-06 3.068037923268841e-07 2.2589159032342994e-07 7.187726127928874e-08 6.088543096622533e-07 4.6460394574400953e-07 0.0 0.0006100113939015397 2.367375536723018e-06 0.0 8.317274658906005e-07 0.0 8.279203315772968e-05 0.00043065321257641955 0.00034254493190277627 3.6318409510243234e-05 1.699247548977582e-07 4.627977729346738e-06 0.0009595275347115181 4.314490763876141e-05 1.6632022796333275e-06 4.811128598646735e-06 0.0 0.0 2.47725581349851e-07 3.292115903817331e-06 8.533413510608846e-05 4.594017600264517e-05 7.517919625734509e-06 1.7558235316904617e-05 1.107732926954501e-05 3.168066798553112e-06 1.164300613228545e-06 2.4445059546537217e-07 1.5759860694445367e-06
