0.0 1.762820784324225e-07 3.764380784753634e-05 1.4336257526166653e-06 0.0 4.181634487111089e-06 0.00044221926696751324 0.0002621385992421845 3.843552394644393e-07 0.00024603753895847383 2.501639794967204e-06 9.234869405958351e-07 0.0 0.002824820344315618 0.0 1.0457357689035392e-07 5.370499357649454e-05 3.1600822050137064e-06 3.3170118512916876e-05 8.99034305471796e-07 1.1163741069957801e-05 0.0 4.363312294169873e-05 2.208004232594865e-05 0.0 7.200180861281007e-05 1.7509601872152853e-05 2.1527768200633235e-05 0.0022134999250873724 0.00129759049129674 2.8317464161924516e-07 4.2235411012305753e-07 3.984474462684242e-05 5.256556164199541e-05 4.038822022509754e-07 1.525387668643866e-05 3.2099097875891046e-06 3.4916479649212955e-05 7.220724352989612e-06 1.0937016862511522e-06 5.4425662452428175e-08 1.0996508285496192e-07 3.3212140044643023e-07 5.71658020704964e-08 0.0 2.4746450927374386e-07 0.0 0.0 0.0 4.256197887450782e-06 0.0 0.0 0.0 0.0 0.0 0.0 0.0 0.0 0.0 3.849403030065039e-07 0.0 0.0 0.0 2.2240122269939346e-07 0.0 4.7057453867039583e-07 3.191511471035742e-06 0.0 7.675380913605568e-07 1.9179952032672954e-06 5.127636198033467e-06 3.2576760442893275e-07 5.104001796361993e-06 0.0 0.0 0.0 1.340333429284213e-07 0.0 1.2281285273125105e-06 0.0 1.2514889042027663e-07 3.451776209691552e-07 0.0 0.0 0.0 0.0
1.762820784324225e-07 0.0 3.931781911916761e-05 1.4490304925652353e-07 6.620675350221437e-08 6.904886259619847e-07 4.847732337934405e-06 1.2118719209978474e-06 0.00046741711879797507 9.80781659818678e-07 5.6537916480039514e-05 2.0438557713929588e-07 0.00041794547217176064 1.0836692980447228e-06 9.490690063603827e-07 6.542020905496523e-05 7.921448304541475e-06 1.7981050955448704e-06 3.3530149675050604e-06 0.0 5.464231962250264e-06 0.0013608725363644712 2.154482693106953e-06 0.0004322248365063864 0.0007340052124580373 0.00015051544002216073 0.003536930885851933 5.038793906387684e-06 1.7450827378152232e-06 5.644326785846323e-07 2.4971547563017438e-05 5.997571530064735e-08 0.0 7.444244708568188e-06 3.4169037780112024e-07 2.422250988867832e-05 5.1613405127217853e-05 2.8716275858558477e-05 7.350985411489404e-06 3.014847359182519e-06 4.6844710232675234e-07 8.467596120467584e-05 7.61315078843893e-08 2.1847799588782432e-07 3.9752930022599556e-05 6.427666743655322e-05 1.8307342304404906e-07 0.0 0.0 1.649113309529038e-06 1.4901095569460215e-07 1.9174859219747832e-06 6.147839631824696e-08 3.1487280440784565e-06 0.0 1.3135977843390499e-05 3.399603770833924e-07 0.0 3.8039037492044742e-06 1.7282386115656732e-05 1.89407843041143e-06 1.3962780521045038e-05 0.0 4.1389295549843874e-07 1.6296209464477303e-05 4.010327177960021e-06 5.2060472400030324e-06 1.507212944116955e-05 0.00021304435765867732 0.0009440975791991117 1.406670919918354e-06 1.242926692410467e-07 2.038981085532248e-07 3.0399082616222593e-06 0.0 5.857745706052595e-08 1.1314015817927695e-06 7.439924281839312e-08 7.54854730170478e-06 8.364451976406015e-06 4.35076101635564e-06 1.0576559782651055e-06 0.0 0.0 3.942670916983756e-07 0.0
3.764380784753634e-05 3.931781911916761e-05 0.0 6.6247276564765245e-06 0.0 6.311716705476944e-05 0.001565685196330433 0.0006078283785051616 2.7080655653525295e-06 0.00010647182397433502 7.852322033306328e-06 8.563686014400085e-07 1.3601750669266815e-06 0.0004254435051480641 4.3494964396730103e-07 5.518773740172761e-06 0.0030989513081853253 1.2142929440051466e-05 0.00016266319967642748 2.615209654575997e-06 0.0006201074456250419 1.2303723179260944e-05 0.005843826128917826 4.02221976613679e-05 9.452921816429929e-07 0.003268528691774935 0.004160448844506814 0.00039158874067301804 7.212298626141611e-05 0.00024037109123274436 3.0623532544726437e-06 4.6444278016175907e-07 5.793092071346044e-06 0.0002879628417836542 1.810368553828196e-05 0.0020019966280327246 0.0007007406680797713 0.0009155488399456822 0.000328454858860089 2.6275157734125418e-05 9.259889179178012e-08 3.6259568260961323e-06 6.026709673639042e-06 1.2319970735910682e-06 0.00012695906693032316 0.000791582652908011 1.8562351197060282e-07 0.0 3.449653557073431e-07 1.5896066446983852e-05 1.710508678456089e-06 3.1350546765944322e-06 0.0 2.41801977050539e-07 0.0 3.0123324294793323e-06 3.5244586051053666e-06 7.489106235352584e-08 1.0599528767329545e-05 0.00010203071782302484 1.422708359732285e-06 5.001289440717145e-05 0.0 3.452066888638362e-06 2.4139238090840375e-05 0.00016491750307940967 1.2729695976809785e-05 2.873086757769239e-06 0.0004664853198831191 0.001930492333346573 5.61064139044468e-06 6.625437552843087e-07 5.0213077898759454e-06 9.167936082603608e-07 6.075455836712559e-08 0.0 1.8042089090591793e-06 6.544625212039837e-06 1.998558772182226e-05 1.2390155331068195e-05 1.6560881158105632e-05 5.753264279635794e-06 4.487328748471684e-07 0.0 5.755068331497231e-08 6.750071647935052e-08
1.4336257526166653e-06 1.4490304925652353e-07 6.6247276564765245e-06 0.0 2.7945318021701474e-06 9.618634647069849e-05 0.0001124563065822057 3.4391215744254686e-05 0.0005993607675899219 0.0022990734360544733 2.639187997611567e-06 0.0020697655585235402 0.0 2.5190147130449996e-05 8.079758436244119e-05 3.2303934684315968e-06 8.137624234919634e-07 4.7619912953584247e-07 3.9577816935213054e-07 0.0024175927110988856 3.2437277130537273e-06 2.1891335432393556e-06 1.8216234060899487e-05 0.0007574039979307457 0.0 2.4949752886352815e-06 4.465478233597017e-05 0.0021085240115051988 4.809673655636862e-05 1.093690345189433e-06 0.0 4.035016603633345e-07 4.0983932347903176e-06 2.692935934058368e-05 2.2620973283623734e-06 0.0001965121950287265 2.0201309658100772e-06 5.992150839123958e-05 1.0920938154370789e-05 0.00019756005654923673 1.4832653092761337e-06 0.0 2.196174684878545e-06 5.64797957373878e-07 3.4489684178388744e-07 1.8274908799925884e-07 0.00012594165772161534 0.0 9.41009907636807e-06 8.362283804205184e-05 2.1670622528629007e-06 3.257637716137607e-05 0.00016995730953201673 4.015435400818409e-07 8.482792448024064e-05 0.0 3.115922015668546e-06 4.882867399237197e-06 6.268389785475105e-07 6.742553702558294e-08 0.0 2.379488561615494e-07 0.00010970962279671018 1.3454881446995362e-06 3.9955330933258377e-07 1.10998162771802e-06 0.0002704983147082072 0.0 6.755183124345046e-07 1.6585559702542226e-06 0.00021486067814930344 1.9039512941231362e-06 6.0729786938041085e-06 0.0 0.0 0.0 1.1056496280828916e-06 1.1795448408874357e-07 1.5590365825354918e-05 2.379052268845916e-07 2.4946110376901306e-06 1.7022863159718867e-06 4.6655667593460276e-05 0.0 0.0 0.0
0.0 6.620675350221437e-08 0.0 2.7945318021701474e-06 0.0 2.4989471857967617e-05 4.631612054108143e-07 1.7864733046459208e-06 3.6192660892602006e-05 1.5092335391582377e-06 8.586545576187347e-06 5.309874326185798e-05 0.0 3.368571418787606e-07 0.0008167490262441283 0.0 0.0 0.0 0.0 3.855619303633955e-06 0.0 2.274323611147713e-07 0.0 9.25366182730451e-06 7.064103521697e-08 0.0 6.760248077285504e-08 1.707906339500041e-06 1.626399312877196e-05 0.0 0.0 1.58832191956665e-05 0.0 2.652546347109751e-05 0.0 2.2265292317056873e-06 1.327180270698337e-07 2.955741981301875e-05 8.358912599998524e-06 0.0005262456183394366 5.196184808522477e-05 4.2230112205513423e-07 0.0 0.0 0.0 0.0 0.0 0.0 0.0 0.0 0.0 0.0 0.0 0.0 0.0 0.0 0.0 0.0 0.0 0.0 0.0 0.0 0.0 0.0 0.0 0.0 0.0 0.0 0.0 0.0 6.288862082751047e-07 0.0 0.0 0.0 0.0 0.0 0.0 0.0 0.0 0.0 0.0 0.0 0.0 0.0 0.0 0.0
4.181634487111089e-06 6.904886259619847e-07 6.311716705476944e-05 9.618634647069849e-05 2.4989471857967617e-05 0.0 0.001577913480135021 0.0036104177819329384 5.6431275931859585e-05 0.002920863032208958 0.0001315089544706349 0.0025518761272628537 9.659929644106548e-06 0.0007347613769985318 0.000588375696705276 5.96722806540625e-07 7.411041140202323e-06 8.261558820280097e-06 1.0822955994823457e-05 0.00023820244842614948 6.9941429772317084e-06 5.98008025114807e-07 1.7079962847456818e-05 0.00013065413717573915 1.1183854471897292e-06 4.1588408093574716e-05 6.481700770845635e-05 0.0005153674292062944 0.0005006983851640862 1.1404393090398544e-05 1.8415891219029607e-06 0.00012420733522859625 9.541756588584705e-06 0.0002500731046820185 4.825995220539073e-06 0.0002852632254174765 1.451576862319079e-05 0.00042092471860896474 0.00012032814958125337 0.0011112011903394842 0.0003983542952620625 1.8824352424216656e-05 1.481074560441123e-05 7.317793218961938e-08 1.4546697244129148e-07 5.830633188159519e-07 9.964205932713598e-06 0.0 8.617251066083466e-07 6.463284810150527e-05 1.5187464178641922e-06 3.5760252148789614e-06 1.2962246618971583e-05 0.0 1.5056007065111106e-05 0.0 1.158795466210596e-06 1.4611766653364144e-06 1.4200255939078814e-06 1.0962468175687836e-06 0.0 0.0 1.4683344325036475e-05 9.809597589245375e-07 5.678176319448889e-07 1.2775208140498212e-06 8.40059364368488e-05 0.0 1.0514781908885984e-06 5.168851559950887e-06 6.916420312592006e-05 1.4925566875797282e-06 1.5290822260337192e-05 5.245736419595394e-08 0.0 3.401228575959065e-07 7.505926788036465e-07 0.0 7.778979483770422e-06 9.974379158745422e-07 2.90914494671929e-06 1.4118830168554937e-06 9.652944141291102e-06 1.6345981609160884e-07 0.0 0.0
0.00044221926696751324 4.847732337934405e-06 0.001565685196330433 0.0001124563065822057 4.631612054108143e-07 0.001577913480135021 0.0 0.0030134091773602544 7.10106095251134e-05 0.0040741325975891095 1.2333711400134368e-05 1.5057760841485648e-05 4.491679813455542e-07 0.0034680837725480137 5.302616612386197e-06 3.7635882222869397e-06 0.00010151515468358175 7.1018860350378065e-06 3.432408271388365e-05 2.9148473623846206e-05 0.0005098509423767271 2.637118000750873e-06 0.0008437693790226692 0.0003796728531872088 1.146073484358278e-07 0.0003517822239405917 0.0004218572828117102 0.009461365566613002 0.0004883754306585945 0.003756255642301902 8.878469064447625e-07 2.4837747247028722e-06 7.819993611202481e-05 0.00020694887834092724 3.255683041065868e-05 0.0007905971222259324 3.111547509270405e-05 0.0005809606130310657 0.0001779991777399502 7.651672000578988e-05 4.22285124395978e-06 3.660637182309383e-07 1.6039148276291304e-05 1.3477902449858818e-07 2.9383744679520425e-06 1.1135816528181555e-05 1.3197723614415954e-05 0.0 4.0750925810516566e-06 0.00020040967771520272 2.3673529764113028e-06 2.0317411874393456e-05 2.1636021540527413e-05 2.832379235844154e-07 3.1531934586498635e-06 1.5565261374783803e-07 3.5005475549453804e-06 6.645206820214707e-08 1.1662969552624344e-05 1.7026023046135037e-06 5.992444674634076e-08 1.4824822118624823e-06 1.1680738295349459e-05 6.06455046496719e-06 5.464900006814618e-06 1.4550765694491858e-05 0.00020852162094470354 1.1955055594814572e-07 1.6321497416131886e-05 6.174742035200413e-05 0.00019700045275176134 4.9527958680114045e-06 3.644807550932533e-05 1.2602581145219118e-07 4.5483838855471604e-07 7.653420290352671e-07 2.245838925252583e-06 2.0171440663278235e-06 2.0654923347232467e-05 1.940258399091526e-07 6.2056096014267444e-06 2.391313463553788e-06 1.6596714090771892e-06 4.3543806698003127e-07 0.0 0.0
0.0002621385992421845 1.2118719209978474e-06 0.0006078283785051616 3.4391215744254686e-05 1.7864733046459208e-06 0.0036104177819329384 0.0030134091773602544 0.0 2.3753344110805373e-05 0.0018484526951091055 0.00011030650923912191 0.0002665667250750079 8.977629805676368e-06 0.003687837712011533 0.00024155998482959317 1.1277195814892088e-06 0.00018275525505609763 1.5114244263271527e-05 0.00010992847533357635 9.509210600480212e-05 3.4107960625534106e-05 9.989846318970322e-07 0.00021512481438252745 0.00031586852039892037 2.93564436333816e-06 0.00047610110628571584 0.0001489758585012397 0.0002918830269224702 0.000497134830089936 0.0006387101319089701 2.0574815527866698e-06 0.0003088989230071499 1.2555130540985938e-05 0.00015527088247456044 4.961409000591211e-06 0.0001823253820732197 2.418782377499251e-05 0.0003126478684349524 0.00010552473572787474 0.0006818051494132246 0.00013018284201402847 1.4049783358169258e-05 1.0049750371125946e-05 6.101202133415843e-07 1.6546539224407053e-06 6.681261759477226e-06 4.197829983071037e-06 0.0 1.9617189607361584e-06 0.00021681894277720295 2.002527767809381e-06 1.4584128984420299e-05 7.985465116414058e-06 2.6893411671922316e-07 2.554053429420236e-07 1.2491872289647308e-07 1.929838873020503e-06 0.0 2.2073694256491103e-06 1.6259262209705907e-06 3.1441048361181695e-07 1.1478678335260262e-06 3.298407106162621e-06 6.30093500424215e-06 4.264501036162366e-07 3.503553013582468e-06 0.00018924130385051323 2.204555486052244e-07 7.44800279638327e-06 2.6452269696198164e-05 0.00017924217559703992 5.17792690938309e-06 8.11864052135449e-05 9.426756963063808e-08 1.4236998544681295e-07 6.677738626775549e-07 3.797431121271798e-06 9.115128853415751e-07 2.0749689946763205e-05 5.242410687056912e-07 6.7663084933673846e-06 4.419557562160614e-06 1.45906395112059e-06 1.404587286735068e-07 1.3736408949132832e-06 2.2398297815890815e-07
3.843552394644393e-07 0.00046741711879797507 2.7080655653525295e-06 0.0005993607675899219 3.6192660892602006e-05 5.6431275931859585e-05 7.10106095251134e-05 2.3753344110805373e-05 0.0 0.0003071663691556039 3.259907706342596e-06 0.00042328321428572674 2.362069814488034e-05 7.959117190876862e-06 0.0002790524041055202 3.869547124356572e-06 3.819820170036469e-07 2.824262745165758e-07 6.37440116169061e-07 0.00034059122713464487 2.709043168736797e-06 0.0017255155116938379 3.926207563307157e-06 0.006658225471200345 9.03943522450395e-05 1.2981757387417517e-05 0.00043124284699451405 0.0007439394165760601 1.3148863059250059e-05 8.640155084059849e-06 4.285496111946692e-06 5.105016139376525e-07 1.1600316535302111e-06 6.386235804963349e-06 1.21913810639667e-06 4.3228105431548346e-05 2.6476873177103258e-06 1.9903711307352235e-05 4.922671121620889e-06 0.0002994230626935975 2.191162376103289e-06 1.2826712403412921e-06 7.323730255111731e-07 8.841534414290649e-07 1.2228580287376115e-06 8.246733170012802e-07 0.00016180093576698948 3.255486234038266e-07 6.28170490678737e-06 0.00016992175113805374 4.204603475653654e-06 4.9002125399760416e-05 0.00016734052023176647 5.950933567966811e-07 0.00021505766193131274 3.176902491076378e-07 4.710668083703293e-06 1.8505871218165708e-05 2.140264800870202e-05 1.185253297648471e-06 7.741441960547203e-08 9.461534029359757e-07 0.00016377460253431473 2.6820196571190048e-05 1.3576760170283468e-05 6.984531077725885e-06 0.0010838130351014555 2.0439482000799518e-07 2.6987022495545488e-06 1.1962531808175468e-05 0.0004875568732573921 1.656572138027657e-05 8.846523799824153e-05 5.032611014567385e-08 4.472319790324697e-07 3.055118503328365e-06 6.653922006893686e-06 1.6996277083477787e-06 4.2048638355181216e-05 3.4301321315071486e-07 1.307933273322759e-05 7.054438375230194e-06 4.64895064562535e-05 6.716214618025931e-08 7.201912684683168e-08 7.783673833225532e-07
0.00024603753895847383 9.80781659818678e-07 0.00010647182397433502 0.0022990734360544733 1.5092335391582377e-06 0.002920863032208958 0.0040741325975891095 0.0018484526951091055 0.0003071663691556039 0.0 5.7174346828259456e-05 0.0020981446921294056 3.5409159115037407e-06 0.0009760032870455396 3.845581131292846e-05 8.615292713957444e-07 7.6168645707638305e-06 7.688960515432462e-06 1.5156577792049245e-05 0.0027554443488443637 1.6623707483080048e-05 1.2534512285984502e-06 3.386394241954802e-05 0.0006540422490384428 5.00235796927661e-07 5.294520932459453e-05 0.00012723402143902977 0.0035592139227457863 0.0008923582292862417 1.831053376031827e-05 1.5021935876543157e-06 1.1839134228849535e-05 2.6742996634825746e-05 0.0004803623220230262 1.4323612277126474e-05 0.0007076897215420333 1.696513765789817e-05 0.0008234743583068257 0.00011826820373747349 0.0003302169176796287 1.2339428906560325e-05 1.7699499573324385e-06 1.3540574617539442e-05 2.4225510946133363e-07 1.3044879847413412e-06 1.4666304061017204e-06 0.00013604720995342659 6.916859831864663e-08 1.3177723808569275e-05 0.0002795656700984218 4.356413892254063e-06 4.207048666907846e-05 0.0001560399962122771 5.928210910376049e-07 7.874862466117776e-05 5.389633047192253e-08 4.382189745271176e-06 4.860647612437618e-06 2.2157559186060847e-06 4.651028376819652e-07 0.0 0.0 0.00011115543331648458 2.6945216869040322e-06 1.032545546105053e-06 3.043932008495008e-06 0.00048051342462599676 5.1922599325234654e-08 3.1916558097135808e-06 9.661988292177373e-06 0.0003834215264140738 4.884900629419098e-06 1.8583106669248322e-05 0.0 5.563337849062598e-07 3.47604329963616e-07 2.9753421752752903e-06 6.903207202874081e-07 2.2923829976565517e-05 0.0 6.927943055415053e-06 5.225952801047207e-06 5.479871743867527e-05 0.0 0.0 0.0
2.501639794967204e-06 5.6537916480039514e-05 7.852322033306328e-06 2.639187997611567e-06 8.586545576187347e-06 0.0001315089544706349 1.2333711400134368e-05 0.00011030650923912191 3.259907706342596e-06 5.7174346828259456e-05 0.0 3.263110378508033e-05 0.0010388363964517386 9.598872459457442e-05 3.2553077836879396e-05 8.058748406487438e-07 0.000183142119127754 0.0008842821236185697 0.000607199662748987 1.2290353006464413e-05 7.018400182871076e-06 8.516566198217857e-06 1.3980235006234386e-05 7.3138791152327275e-06 0.000327431444460667 0.0013940916709847789 0.00038499222145194794 1.2462746221309068e-05 0.00024842056811454836 1.2368806986041412e-05 0.000402856896232012 0.00018206101010047492 2.958838411096661e-07 0.003683879986107534 0.00020327020612699077 0.001932969616331626 0.003800594147666667 0.005389645248972935 0.0013629557668956296 0.000351362630086464 0.00010289494526631418 0.0005621770846731564 6.144726123588828e-05 0.0 4.447394841518867e-06 7.783873064960538e-07 0.0 0.0 0.0 5.521689876839595e-07 7.605560198441956e-08 3.946752655902257e-07 0.0 0.0001028780295646341 0.0 0.0006324586022404483 0.0 0.0 1.1681230972709363e-07 4.286867464628807e-07 1.4774160200994075e-05 3.5202287870839013e-06 0.0 5.395804362242226e-07 5.9095107940664636e-08 1.5515185119626826e-06 8.090038105964933e-07 8.465952569552761e-05 6.095469884382462e-05 0.000212034485356365 1.726754731980444e-06 5.068481227834488e-08 1.4932524723424062e-06 7.27622814777486e-05 0.0 0.0 9.506917210206552e-08 8.178447060858929e-05 6.351201984371829e-05 0.00028854005823065906 4.296263860004698e-05 6.285134259921248e-05 7.77675111004544e-08 0.0 7.089007520644454e-05 0.0
9.234869405958351e-07 2.0438557713929588e-07 8.563686014400085e-07 0.0020697655585235402 5.309874326185798e-05 0.0025518761272628537 1.5057760841485648e-05 0.0002665667250750079 0.00042328321428572674 0.0020981446921294056 3.263110378508033e-05 0.0 1.2140179590011557e-06 0.00023351159274835717 0.0007633726071635857 5.528835209411729e-08 5.065256309026927e-07 3.888284830393041e-06 5.663726087305063e-06 0.0026890692500826105 2.475245222310046e-07 3.1760329195161463e-07 1.0489029159176547e-06 0.0001432283569261215 2.4171493874892946e-07 4.527924471099079e-06 2.7740273751060637e-06 0.000559178076132577 0.00026815712377984313 1.937551204581538e-06 9.126673088226969e-07 1.2472978865230526e-05 1.2677145438160263e-07 0.00010690576609538111 1.5240158924590715e-07 0.00043467635678014275 6.054497021413126e-06 0.00015291479553884165 1.6464631696400755e-05 0.0014857690091450155 8.814650726951238e-06 1.6653299535744337e-06 2.310961191176931e-06 0.0 0.0 0.0 8.623324824818203e-05 7.018959681689346e-07 1.7594920455349702e-06 7.428136189084641e-06 2.29844286156204e-07 9.021348497342194e-06 4.9138583245296165e-05 0.0 0.00013604455334352954 0.0 0.0 5.867206941388913e-06 0.0 0.0 0.0 0.0 5.371029789732269e-05 0.0 0.0 0.0 6.995199716496693e-05 5.494800818435181e-08 0.0 1.589772875296214e-07 4.225348566616347e-05 7.527811907253256e-08 2.237313650158401e-07 0.0 1.2862033724749117e-07 0.0 6.264019245550505e-08 0.0 3.868748265765188e-05 0.0 9.970685102526172e-08 8.397190263707583e-08 8.985895340703802e-05 0.0 0.0 0.0
0.0 0.00041794547217176064 1.3601750669266815e-06 0.0 0.0 9.659929644106548e-06 4.491679813455542e-07 8.977629805676368e-06 2.362069814488034e-05 3.5409159115037407e-06 0.0010388363964517386 1.2140179590011557e-06 0.0 4.708388881928617e-06 1.7053984308221162e-06 8.284808495270117e-07 1.2516575517798468e-06 6.620193488408978e-06 1.7514562135694623e-06 7.800541836757088e-07 5.170513224492634e-07 6.182022542408825e-05 8.615322969668944e-07 1.6706088572864537e-05 0.0019953936574825058 8.07080858618944e-05 0.0014609722192014834 5.715102406814464e-06 1.2511497967971741e-05 1.0987782816512195e-07 0.0004382830719861108 9.997394674621605e-06 4.557438303282146e-08 0.00024014908516973042 3.9723067279851245e-05 0.0005372192947685673 0.0015921320576848894 0.0021484984370111902 0.0003633264085265552 1.638127961852933e-05 6.711884114560853e-05 0.0008032322544246725 3.1961666190580614e-05 5.361435342323638e-08 1.4028582265333275e-05 2.868425032703938e-07 0.0 0.0 0.0 1.260271136456492e-07 6.82532761039842e-08 5.775945854375385e-07 0.0 0.00024485267774857075 0.0 0.0013855226200685743 5.986507522562022e-08 0.0 1.4033761308968218e-07 7.087885399675651e-07 2.5336390040172956e-05 4.8423980975693465e-06 0.0 0.0 1.0419439052041348e-06 1.6432989770981206e-07 2.5777326002709534e-07 0.00026570578665940345 0.00013690944023381511 0.0005022364339337538 0.0 0.0 0.0 0.00023913021934364963 5.5977281986781875e-08 0.0 3.580684204178778e-07 5.1182189126923744e-06 2.9588048585559047e-05 0.0004251369005646026 1.5771156681014488e-05 3.01224448311997e-06 1.0078828984752432e-07 0.0 0.00012404670895842078 0.0
0.002824820344315618 1.0836692980447228e-06 0.0004254435051480641 2.5190147130449996e-05 3.368571418787606e-07 0.0007347613769985318 0.0034680837725480137 0.003687837712011533 7.959117190876862e-06 0.0009760032870455396 9.598872459457442e-05 0.00023351159274835717 4.708388881928617e-06 0.0 0.00013939222990519607 3.4772207607356704e-07 0.0002132964421088355 1.8395709782312022e-05 0.00013407950765525543 9.266938695041715e-05 3.9324980549478464e-05 5.887688620640274e-07 0.00023566621330395134 0.000144369526771101 8.875940954382758e-07 0.0004113728277480938 8.663556815445794e-05 0.00017488132089664755 0.0013849507612279995 0.0018974206297348879 2.6488720548640835e-06 3.525382316228033e-06 1.5978552832826892e-05 0.00021114478216734966 2.4904717974634725e-06 0.0001341528577687192 2.097281947042097e-05 0.00021560418062430074 4.812939150328887e-05 0.00020981875982871307 1.3160546628761288e-05 5.803296113380324e-06 3.4469497745421484e-06 0.0 1.177376951536931e-06 3.0893779264723214e-06 3.34723785771385e-07 0.0 3.008574163916776e-07 3.6492854793125865e-05 0.0 2.5335247011850616e-06 1.1145366695216503e-06 1.3299492672325613e-07 1.7971448264034907e-07 0.0 5.384495990602158e-07 0.0 1.3713549387345568e-06 1.2181130676210356e-06 0.0 3.206950856285632e-07 8.009748914621314e-07 2.1504240497679735e-06 2.749040129674327e-07 1.288329970314162e-06 4.019700507123365e-05 5.935073972229757e-08 5.740960927863744e-06 1.4296117540336969e-05 4.775401811422071e-05 1.723784618042349e-06 3.097737380560683e-05 0.0 9.037717200488368e-08 1.3659503180975558e-07 7.360721166208615e-07 1.0423063245774786e-07 9.964985602692242e-06 0.0 2.1322441771332164e-06 1.3299698009299976e-06 6.649222367519156e-08 0.0 0.0 0.0
0.0 9.490690063603827e-07 4.3494964396730103e-07 8.079758436244119e-05 0.0008167490262441283 0.000588375696705276 5.302616612386197e-06 0.00024155998482959317 0.0002790524041055202 3.845581131292846e-05 3.2553077836879396e-05 0.0007633726071635857 1.7053984308221162e-06 0.00013939222990519607 0.0 0.0 2.466555225539535e-07 2.4654528511559795e-06 2.442792582928935e-06 0.00010440898974181481 0.0 8.189320735592615e-06 2.752041588993228e-07 0.00033940552829362996 5.965665278693576e-07 2.536414500312992e-06 2.681268158955923e-06 4.585092529403285e-05 0.000122593468489862 2.7510912968949e-07 4.6592554186993377e-07 7.795441379144907e-05 6.701684921168564e-08 4.152134298978765e-05 0.0 9.56018084660923e-05 2.9039854746269726e-06 6.004482788532695e-05 1.4241931945169888e-05 0.0003996373720178117 0.00012507316933131195 2.1986767665305505e-06 9.06493783521514e-07 0.0 0.0 0.0 9.294491666540915e-07 0.0 0.0 5.861365069691601e-07 0.0 8.935960635134933e-08 1.0712651750465847e-06 5.2829370340720077e-08 9.748193417954237e-06 0.0 0.0 0.0 1.6064573352394682e-07 0.0 0.0 0.0 5.106114155082867e-07 0.0 0.0 0.0 2.0576435966586475e-06 0.0 7.471459775162108e-08 0.0 1.1525251303607552e-06 1.349192672563514e-07 8.084884858898313e-08 0.0 0.0 0.0 0.0 0.0 3.886485573849353e-06 0.0 1.391492243845361e-07 1.9890457145695733e-07 1.9435807853405877e-06 0.0 0.0 0.0
1.0457357689035392e-07 6.542020905496523e-05 5.518773740172761e-06 3.2303934684315968e-06 0.0 5.96722806540625e-07 3.7635882222869397e-06 1.1277195814892088e-06 3.869547124356572e-06 8.615292713957444e-07 8.058748406487438e-07 5.528835209411729e-08 8.284808495270117e-07 3.4772207607356704e-07 0.0 0.0 2.215220067930138e-06 9.721988563678093e-08 1.4205974654960418e-07 0.0 0.0018544580227622994 0.001144765260998758 0.0031195371253467876 0.0010920489325535487 7.253953412661832e-06 4.10877772528839e-06 0.004930235094033949 0.000474229041659829 3.525023741609855e-06 2.932777798896471e-06 7.087226922562344e-07 0.0 3.57900414277337e-07 1.2884568727375201e-05 1.7602281697006886e-05 0.0017127876037059276 0.0002868631396826862 0.00012183144447680633 0.00021615257209173366 6.865264746559169e-05 4.757654604735587e-08 1.1985578854908076e-06 1.5307090018373873e-05 1.72506196549465e-07 3.019527836606431e-06 1.8693089043841347e-05 1.4092897121080655e-07 0.0 9.779590453722165e-07 1.7653739633519906e-05 2.482185867072509e-06 1.6860619940083865e-06 7.427679876539675e-07 4.726382254957284e-08 0.0 2.496555753493565e-07 3.825409439387375e-06 0.0 0.002193539323219915 1.2689272800611696e-06 7.502543944461457e-08 6.423324338064754e-07 1.1368570072950126e-07 0.0005308712108593821 0.000504278062111965 0.0007500241104591056 0.00015736613892073097 0.0 3.684688641382381e-06 0.00028207819996339524 9.579756532297102e-05 3.085849608181263e-06 0.00011261476730852447 0.0 5.02595050755365e-08 3.9140009448022564e-07 2.576020092223209e-06 8.069618050990333e-07 1.9684455681717654e-05 1.644905458777036e-06 8.273658202960524e-06 4.622949094274207e-06 2.839733112573353e-07 0.0 0.0 0.0
5.370499357649454e-05 7.921448304541475e-06 0.0030989513081853253 8.137624234919634e-07 0.0 7.411041140202323e-06 0.00010151515468358175 0.00018275525505609763 3.819820170036469e-07 7.6168645707638305e-06 0.000183142119127754 5.065256309026927e-07 1.2516575517798468e-06 0.0002132964421088355 2.466555225539535e-07 2.215220067930138e-06 0.0 0.00010924448304937864 0.0020507678744435 6.108070489053041e-07 0.0003142966124972866 1.1504993269320474e-06 0.0014743961221616452 7.857970855789506e-06 1.4906570423534292e-06 0.0013471826050376213 0.0013017048634151433 5.050939195058379e-05 0.00016880957782600798 0.0005835211069895433 1.1935537453712498e-06 2.4842950031543803e-07 1.1725757379814123e-05 0.0008435771493441791 2.5920503255362517e-06 0.0005159818559704696 0.0018966397423058258 0.0006640081749020936 0.0001107022466347489 5.522792386465792e-06 2.7159560307961046e-07 4.46803333268392e-07 9.32186412079578e-07 7.609006181011343e-08 5.250280554659401e-05 8.664894797585107e-05 0.0 0.0 1.7201485615969962e-07 2.0875214556704837e-06 4.7537870901651994e-07 2.6999511071778695e-07 0.0 6.73738712443105e-07 0.0 1.3339065017729858e-06 9.105820063587757e-07 0.0 1.217894105916307e-06 6.469664760549745e-05 3.5175555230212585e-06 5.3320413733775116e-05 0.0 1.6690573413093243e-06 5.4883263743869964e-06 4.966381262087538e-06 4.154200412443539e-06 2.0202728005669644e-06 0.00046051025747796654 0.0005919070641151616 2.2497033910673674e-06 2.515034806041326e-07 3.0725038602062405e-06 2.8199813765124713e-06 0.0 0.0 3.090969206878051e-06 7.885663170489681e-07 7.807796967035778e-06 4.985049182919698e-06 8.699304864805373e-06 1.8672195504370066e-06 3.799520906063349e-07 0.0 0.0 6.622108922247948e-08
3.1600822050137064e-06 1.7981050955448704e-06 1.2142929440051466e-05 4.7619912953584247e-07 0.0 8.261558820280097e-06 7.1018860350378065e-06 1.5114244263271527e-05 2.824262745165758e-07 7.688960515432462e-06 0.0008842821236185697 3.888284830393041e-06 6.620193488408978e-06 1.8395709782312022e-05 2.4654528511559795e-06 9.721988563678093e-08 0.00010924448304937864 0.0 0.0006952988197372596 2.2521749156099776e-06 3.4236468989600507e-06 7.867515230575212e-07 1.3799713604154657e-05 1.0440075186120322e-06 9.942090101138358e-06 0.0008562947839878602 0.00017050117408811603 2.19147785855101e-06 3.573169340402262e-05 1.134148103318005e-05 4.3557647171298095e-05 6.792515975214899e-06 1.411693201872587e-06 0.00041331152960868273 1.9630127421017443e-06 0.0002056122297597703 0.0005953501847724521 0.0009508605268664062 0.0003409634911137157 9.599246219506095e-06 1.4210177416724932e-06 4.743678239631922e-06 3.024413264597152e-06 0.0 4.132214634058854e-06 0.0 0.0 0.0 0.0 1.3853964328315025e-07 0.0 2.646631231087702e-07 0.0 6.54573784554396e-06 0.0 2.5660550761059123e-05 0.0 0.0 1.1887412247578771e-07 3.9980710954240927e-07 1.1185142109382767e-05 6.0603126521734266e-06 0.0 0.0 3.3352960481699974e-07 0.0 5.767214589278073e-07 1.356004129688343e-05 8.919722097237513e-05 0.00016462680384620368 5.070180261850813e-08 0.0 4.461567884203603e-08 1.752125953303756e-05 0.0 0.0 1.4491564614279426e-07 2.32888795140731e-06 1.747699914821357e-06 4.589861710931774e-06 1.308476487381061e-06 5.249974112602817e-07 0.0 0.0 0.0 0.0
3.3170118512916876e-05 3.3530149675050604e-06 0.00016266319967642748 3.9577816935213054e-07 0.0 1.0822955994823457e-05 3.432408271388365e-05 0.00010992847533357635 6.37440116169061e-07 1.5156577792049245e-05 0.000607199662748987 5.663726087305063e-06 1.7514562135694623e-06 0.00013407950765525543 2.442792582928935e-06 1.4205974654960418e-07 0.0020507678744435 0.0006952988197372596 0.0 1.774730456351785e-06 4.68680792341821e-05 3.911548493336527e-07 0.000266319541371968 2.6301834457714656e-06 4.8805838619697605e-06 0.0016495781341107762 0.00021538701810656263 7.536376205646345e-06 0.00016898037060451997 0.00013829675563611468 9.83533606505976e-06 4.346201612010722e-06 8.16337850707484e-06 0.0015521057424126225 6.862755807332295e-06 0.0005843854654249934 0.0007769045350272244 0.0018696755752104584 0.0004822496672206581 8.800134832571705e-06 7.467596472434058e-08 1.6912836158917397e-06 1.6551789266566028e-06 0.0 1.5019664074473147e-05 8.807798897965132e-06 0.0 0.0 0.0 3.770354245611532e-07 0.0 6.717256372792364e-08 0.0 3.210627833290987e-07 0.0 2.827873495780379e-06 0.0 0.0 4.2329109048113934e-07 1.3939744405782138e-05 7.192219728464678e-06 2.263137618644177e-05 0.0 8.032899904986041e-08 8.798900948241114e-07 1.1362873575502896e-06 4.165657790564697e-07 6.797538516062191e-06 0.00025867854475683565 0.00026374326513790516 3.0664859528194073e-07 2.0582840749080763e-07 6.213882208485238e-07 6.365334896700009e-06 0.0 0.0 7.843299764679863e-08 3.3390221994007142e-06 3.0666248972477885e-06 2.5192053723284124e-06 2.609368857091684e-06 9.6971837489809e-07 9.11449869997617e-08 0.0 6.554945106787055e-08 0.0
8.99034305471796e-07 0.0 2.615209654575997e-06 0.0024175927110988856 3.855619303633955e-06 0.00023820244842614948 2.9148473623846206e-05 9.509210600480212e-05 0.00034059122713464487 0.0027554443488443637 1.2290353006464413e-05 0.0026890692500826105 7.800541836757088e-07 9.266938695041715e-05 0.00010440898974181481 0.0 6.108070489053041e-07 2.2521749156099776e-06 1.774730456351785e-06 0.0 4.4455756347531497e-08 0.0 1.0819863694952614e-06 0.00024106996004935618 6.163166101059066e-08 2.652227846046216e-06 2.543299533300238e-06 0.0010184259460271742 0.00014078199983010587 1.2322811526968498e-06 3.516580272858997e-07 2.674830384984645e-06 1.1398451626018182e-06 7.705721906801335e-05 5.099663312808103e-07 0.0001801193455681573 3.960820054761643e-06 0.00011359845713728624 1.421358417892755e-05 0.0003522104589727595 2.385566988153484e-06 2.1516930817297056e-06 1.1680901792113842e-06 3.5339088355545397e-07 8.835240414842182e-08 0.0 6.278436083967083e-05 9.199158276681358e-08 2.453529863524098e-06 5.208138274050202e-05 1.5212630864013732e-06 1.444415420029597e-05 5.190821643619937e-05 0.0 6.809903509112933e-05 5.318121760337756e-08 6.071147778889495e-07 5.223977184231656e-06 1.0129534156844818e-07 0.0 0.0 0.0 4.8808832760457425e-05 9.85788655490062e-08 0.0 0.0 0.00012474275723173056 6.939611508662757e-08 0.0 5.538186310866917e-07 8.98368968851583e-05 1.4961436161686254e-06 2.073519089202489e-06 0.0 1.6805604121237808e-07 3.8367528195518597e-07 6.758261169641214e-07 0.0 1.600477496724886e-05 0.0 1.1674414357043686e-06 8.614918400959576e-07 3.051227557003883e-05 0.0 0.0 0.0
1.1163741069957801e-05 5.464231962250264e-06 0.0006201074456250419 3.2437277130537273e-06 0.0 6.9941429772317084e-06 0.0005098509423767271 3.4107960625534106e-05 2.709043168736797e-06 1.6623707483080048e-05 7.018400182871076e-06 2.475245222310046e-07 5.170513224492634e-07 3.9324980549478464e-05 0.0 0.0018544580227622994 0.0003142966124972866 3.4236468989600507e-06 4.68680792341821e-05 4.4455756347531497e-08 0.0 5.393807157609425e-05 0.010604476423888209 0.0004986537851987922 8.681664509854253e-07 5.1709651292866287e-05 0.00033696636014787123 0.003699887285452151 5.682749917702503e-05 0.0035410463860137734 4.210272252222937e-07 1.0078509812112571e-07 6.980111112411015e-06 0.0017342828938763392 0.0001019361226145648 0.004688467835532145 0.00036255372653146275 0.0036358456148764713 0.0019534581751328504 0.00025174989412736346 2.3353006707127647e-06 1.2416645075905978e-06 4.709582417195979e-05 1.188678263510977e-06 4.2647319533168246e-07 7.3595161658427085e-06 0.0 0.0 9.078518515119111e-07 1.1503465294064373e-05 1.4107617973755146e-06 1.4247760458758047e-06 5.597392178668953e-07 1.8922903835508927e-07 0.0 0.0 3.6135189001651432e-06 6.299827247201366e-08 0.00022431810834496073 1.9657224173482305e-06 7.045551322199206e-08 6.534314343773087e-07 0.0 0.00021780680828442373 6.036029020894237e-05 5.107035300072966e-05 0.00011404250822865196 0.0 4.856713863748345e-06 3.398016010987423e-05 7.534462189923101e-05 4.3037011513054626e-06 0.00010044589800090543 0.0 0.0 1.5664025754599637e-06 1.746817491345869e-06 3.72103085147708e-06 1.5314610892719897e-05 9.91845632544712e-07 4.988377318913167e-06 2.433493658085805e-06 1.4533814416268273e-07 0.0 0.0 7.505370129313721e-08
0.0 0.0013608725363644712 1.2303723179260944e-05 2.1891335432393556e-06 2.274323611147713e-07 5.98008025114807e-07 2.637118000750873e-06 9.989846318970322e-07 0.0017255155116938379 1.2534512285984502e-06 8.516566198217857e-06 3.1760329195161463e-07 6.182022542408825e-05 5.887688620640274e-07 8.189320735592615e-06 0.001144765260998758 1.1504993269320474e-06 7.867515230575212e-07 3.911548493336527e-07 0.0 5.393807157609425e-05 0.0 5.581010206287365e-05 0.0032935373814657817 0.00024390725492639767 2.666034434876334e-05 0.0022991959137017423 5.386694446335845e-05 1.488267304833765e-06 6.466450033241429e-06 7.633119063429171e-06 0.0 3.853344193915279e-07 2.6462851683461323e-06 4.33708475854311e-07 1.409648729162893e-05 9.13364273287638e-06 8.477531840323333e-06 1.6537391102840143e-06 1.252187661212352e-05 8.898958247733688e-08 3.8125113097873474e-06 0.0 2.541736959111719e-07 1.0417319989149409e-05 6.770970941787632e-05 5.520467167415473e-07 0.0 6.767965795367849e-07 8.974857261920797e-06 6.960099919133716e-07 2.708870351822205e-06 6.037773642501003e-07 4.873606778974926e-07 0.0 1.339179438579552e-06 1.6628905163151336e-06 0.0 0.0007152677870732393 7.03927212216007e-07 0.0 5.741382935146038e-07 0.0 0.0001771070539433157 5.583450452297679e-05 0.00018315035697358896 0.00013344925546343115 6.15028903067075e-07 8.96715661146013e-06 0.0006497779640079677 5.4548790002426995e-05 8.38794948160915e-07 3.738368318161897e-05 4.3031436463501715e-07 0.0 0.0 4.975924292174956e-07 1.3817145870909633e-07 8.030801159403304e-06 5.76544708384312e-07 2.9303269317017144e-06 1.6271464535222883e-06 5.450461324392588e-08 0.0 0.0 1.225255231651225e-07
4.363312294169873e-05 2.154482693106953e-06 0.005843826128917826 1.8216234060899487e-05 0.0 1.7079962847456818e-05 0.0008437693790226692 0.00021512481438252745 3.926207563307157e-06 3.386394241954802e-05 1.3980235006234386e-05 1.0489029159176547e-06 8.615322969668944e-07 0.00023566621330395134 2.752041588993228e-07 0.0031195371253467876 0.0014743961221616452 1.3799713604154657e-05 0.000266319541371968 1.0819863694952614e-06 0.010604476423888209 5.581010206287365e-05 0.0 0.00048499782381786725 7.182717734859528e-07 0.0007923181735244502 0.0045278097561322755 0.0020121252819995297 8.992279381226985e-05 0.0032882169843793368 1.365406372183346e-06 3.224277409661892e-07 1.4580615643286046e-05 0.0015927770843299123 0.00020590659973336364 0.008806453889924092 0.002854283159816415 0.0038825193412371437 0.0034752315821819113 0.00047421545302765754 7.70820883200343e-06 3.1534223046598312e-06 0.00011693922015295212 0.0 4.7455099312257185e-06 0.00015705638204762578 1.5991275703416584e-07 0.0 5.892751332416916e-07 1.7458251994512403e-05 1.0491270245710063e-06 9.97176603901861e-07 4.602933619601204e-07 1.541524868841724e-07 0.0 2.1889790111302336e-07 3.7358585226558844e-07 0.0 0.0012690704351765339 5.407328635239186e-06 0.0 2.2510106503284476e-06 2.457414638919937e-07 0.00011436042557334337 0.00014187617969956955 0.0007284422470324399 4.839905687312018e-05 7.242056565501e-08 2.373769519992323e-05 0.0009067623720044039 3.3605239706381996e-05 1.6922620925570796e-06 2.3494479763359383e-05 0.0 7.947321451116692e-08 8.060454627684275e-08 9.137300764319347e-07 2.992485826499791e-05 4.163687539018036e-05 3.3967533195872496e-06 4.717456680957209e-06 6.49128194283633e-06 1.2962046046402367e-07 0.0 0.0 0.0
2.208004232594865e-05 0.0004322248365063864 4.02221976613679e-05 0.0007574039979307457 9.25366182730451e-06 0.00013065413717573915 0.0003796728531872088 0.00031586852039892037 0.006658225471200345 0.0006540422490384428 7.3138791152327275e-06 0.0001432283569261215 1.6706088572864537e-05 0.000144369526771101 0.00033940552829362996 0.0010920489325535487 7.857970855789506e-06 1.0440075186120322e-06 2.6301834457714656e-06 0.00024106996004935618 0.0004986537851987922 0.0032935373814657817 0.00048499782381786725 0.0 6.856085878543161e-05 3.904803098379222e-05 0.003265356718584563 0.0038727037104465006 0.00042143484686819524 8.621428106242716e-05 2.8581387863265504e-06 7.800073433519746e-07 0.00011226843363343433 0.00020382513017348848 7.63098844192806e-05 0.001700322386593784 5.990383377739467e-05 0.0005811058889790684 0.0001632875811724829 0.0004297687530646755 5.681192137672511e-06 5.960528361210206e-06 2.096659295705186e-05 6.00774192372919e-06 6.492340525651755e-06 2.4074620639337216e-05 0.0002004749870101115 8.482056182046776e-08 2.7331583487339466e-05 0.0011875494069523073 1.6304275181203066e-05 0.0004732917261782035 0.0001884786410014403 8.15022028655e-06 8.736078207583171e-05 6.376561052404739e-06 2.2464383724294493e-05 6.239471349372105e-06 0.0002406326196400251 9.694673166362702e-06 3.5140489942521876e-07 3.7353185721957862e-06 0.00013951845858061428 0.00022379362967811395 0.00021460466744483052 0.00010516943135024626 0.0025139797875535124 4.6032747015493977e-07 1.2387490595020277e-05 0.0001184464664907963 0.001957731080668562 7.240058433876485e-05 0.000791904048589176 2.0379714412335772e-07 2.0794014873240993e-06 1.1498654612750955e-05 2.350256598673405e-05 6.365078967384561e-06 0.0002020787937981885 1.8944839226348533e-06 6.074879767965542e-05 3.309673382950125e-05 5.380258107482223e-05 4.054619595970268e-06 1.1494072928146455e-06 5.348622005997329e-06
