0.0 0.0 3.870644108542802e-05 9.965998379258367e-06 0.0 3.0464672631153573e-05 0.002847251858954965 0.0006869211410870484 4.067584075059053e-07 0.00010184509731736442 1.660994731885568e-06 2.47332159123201e-06 4.652025227029226e-08 0.0024061196460493715 0.0 2.487971169772252e-07 7.93861087382255e-05 9.697178389606134e-07 5.962486208107776e-06 5.665471376917594e-06 1.9918670671050076e-05 1.1755077781218293e-07 5.789011194618417e-05 2.430955874578147e-05 6.581332829126957e-08 1.676545280542324e-05 1.1765245814104703e-05 4.4780916272636616e-05 0.003695521139444293 0.0022016388010685085 0.0 4.0445522856472355e-06 9.469629248355887e-05 7.893870290437291e-05 8.552731425340989e-07 3.677461893853772e-05 7.569053581480643e-06 5.6657998827256476e-05 1.5218442385297788e-05 2.4967805899876186e-06 9.682724216254664e-07 0.0 2.982289601532961e-07 0.0 0.0 7.689908416723066e-08 0.0 0.0 0.0 2.835250632177266e-07 0.0 5.13698441391539e-07 2.593766237969063e-07 0.0 0.0 0.0 0.0 0.0 2.6345343696222796e-07 0.0 0.0 0.0 0.0 0.0 0.0 0.0 1.7713277997954531e-06 0.0 0.0 2.1428514680147127e-07 1.2853518031733612e-06 6.193032864067288e-08 1.2548681625625892e-07 0.0 0.0 0.0 0.0 0.0 3.4549776262448817e-07 0.0 6.387325089872723e-08 4.3165229034106774e-08 0.0 0.0 0.0 0.0
0.0 0.0 4.192679847223604e-06 2.700571918446905e-07 0.0 2.6212132425372747e-06 6.103376351230548e-06 4.662318184165778e-06 0.00036933179082524647 1.025443838283995e-06 6.10474989098346e-05 1.018122983873892e-06 0.0005292518525995216 8.205714810779239e-07 3.5131985645631714e-07 9.43474840510051e-05 2.3148822021151335e-06 1.4112900625144714e-06 1.31126327344848e-06 1.720685554994229e-07 1.708820382529519e-06 0.0015476578105957854 4.83023303051041e-06 0.0004948190088885372 0.0015047813634689346 6.0096879591942205e-05 0.002958444192330865 4.507037503625853e-05 1.3994061324733331e-06 2.626324107902442e-06 2.469602481221098e-05 2.915304301478278e-07 1.5894068182106088e-07 3.835404748364477e-06 0.0 1.1779438969030667e-05 2.1148109084495287e-05 2.1033219106172818e-05 3.7169617627021477e-06 2.54104173697257e-06 1.5952059516406142e-07 7.85680868086953e-05 0.0 0.0 0.0002731837184164685 1.7427189340191482e-05 6.496725481116119e-08 0.0 0.0 7.495964787681719e-07 8.047540248016916e-08 1.0937229448927638e-05 5.631549132050169e-07 3.855877931819503e-06 0.0 3.5821677247324e-05 5.361398486776364e-08 0.0 3.0551946355557634e-06 3.979346831777986e-06 4.805573579099833e-07 1.741540369501536e-05 1.6986759265667817e-07 3.1841537229969366e-07 2.8682210890068857e-05 1.0371389756353776e-06 6.939983952362335e-06 0.00015757349750576018 0.00014216907573674697 0.001136594836189123 2.7985622109390924e-06 5.267056943840144e-08 5.7487776986214595e-08 3.4612083330262547e-06 0.0 0.0 1.2962229167671307e-06 0.0 4.1505601465607e-06 2.2081661026644826e-05 8.149057412158164e-06 1.915401254746387e-06 1.444580638440262e-07 0.0 2.389286983957075e-06 0.0
3.870644108542802e-05 4.192679847223604e-06 0.0 5.950265028528166e-06 7.085992629092582e-08 4.14368146323043e-06 0.0005704118890935638 6.609754795298236e-05 1.8795039116278291e-06 3.272888437755609e-05 1.3451484149835235e-05 9.885405571676842e-08 5.3282877579292305e-06 8.23014986193833e-05 1.9549935946184768e-07 2.1695083438263607e-05 0.004209727023341401 2.07147466048635e-05 0.00011848989596339134 7.159595183037469e-07 0.0009210286699519936 7.0229963543278005e-06 0.007473351570831681 4.5935407618877264e-05 6.411524136469132e-07 0.004527151271458466 0.005320077532394793 0.00017139580953660102 7.14944916118983e-05 0.00039125979777236843 5.181597989770801e-07 1.482555547352593e-06 1.1974728825907155e-05 0.0007068132569311589 5.123597292397794e-05 0.0012618825098931201 0.0016367639245980917 0.0014087993706499106 0.0003843344244005174 1.566876091818366e-05 7.1764640991892e-06 5.0771080822039295e-06 3.673769185081313e-06 0.0 2.724049873033025e-05 7.868950092193186e-05 0.0 0.0 0.0 1.7710725194556288e-06 0.0 1.2494302021364154e-06 1.1609098302640322e-07 1.5130932202603207e-07 0.0 4.005056227951553e-07 8.404111500553315e-08 0.0 1.800274964809189e-05 1.39900054974881e-06 0.0 2.104404416195809e-06 0.0 2.044841982754206e-06 1.5754182510223218e-05 8.79076108901523e-06 1.2234024643031898e-05 0.0 3.170706812963712e-05 0.0004925067131406304 1.6620953394319977e-05 2.0942490361106876e-07 9.974322367096252e-07 0.0 0.0 0.0 5.028617764596137e-07 5.067603906340899e-06 7.643956327614713e-06 8.045191647936852e-05 3.635707483593539e-06 1.3312743032626625e-06 9.187551196565087e-08 0.0 0.0 2.1457988856899917e-07
9.965998379258367e-06 2.700571918446905e-07 5.950265028528166e-06 0.0 2.880596337798788e-07 6.773114270117175e-05 0.00013859439022953366 3.232008081396365e-05 8.833406120689982e-05 0.0006659900371107645 3.444828951338531e-07 3.149619172809309e-05 2.9437313581858164e-07 2.457298669178162e-05 1.2482788947346428e-05 6.03794139408193e-07 3.0523219338809433e-06 1.4940862144054804e-07 4.503267612362596e-07 0.0003745370690322881 7.253782047492747e-06 6.596705660324639e-07 2.9867362673626145e-06 0.0008047505439354665 5.561217246646525e-08 2.282546066479953e-06 2.1433975371290518e-06 0.0015806960879755565 7.911431674457088e-05 4.818732843008136e-06 0.0 1.4441888609696256e-06 1.6972638413039128e-05 2.6145754580666412e-05 4.978789501902589e-07 9.754130431270656e-05 3.056531061499454e-06 7.370836845165464e-05 1.734641898237739e-05 8.743409920031311e-05 4.904658673356255e-06 0.0 1.0094298727210438e-06 6.389921734824464e-08 0.0 0.0 7.847618641825982e-06 0.0 6.913122861143851e-06 2.5542232968091514e-05 4.305354670612196e-06 8.817987644713146e-06 6.826591386329196e-05 0.0 1.690457897477594e-05 0.0 2.290370989957325e-06 6.186265388383476e-07 1.1698270088271632e-06 0.0 0.0 0.0 1.204324470591761e-05 7.823135161062586e-08 8.338837552315832e-08 0.0 6.699004242131429e-05 0.0 2.988478030228e-07 1.2271983397460043e-07 6.799208438380795e-05 1.816929704495236e-06 6.567179059067163e-07 0.0 0.0 6.631085336194974e-08 1.3610797779018523e-06 1.2685202933765126e-07 4.722175794566801e-06 0.0 6.326407146517082e-06 1.4434075625789014e-06 2.534112478703148e-06 4.272794741576442e-07 0.0 0.0
0.0 0.0 7.085992629092582e-08 2.880596337798788e-07 0.0 2.2207189955775687e-05 2.523092638280509e-06 1.0036964165976864e-05 1.6992946944865707e-05 3.4805965105641566e-06 2.5857579991754348e-05 3.447638150457294e-05 1.5169399994539376e-05 1.831617616993818e-05 0.0005417252831280524 1.1183566865364495e-07 2.2084058329533004e-07 3.1055691003389505e-06 3.614376734368828e-06 2.540445278278589e-06 6.471638884834624e-07 0.0 8.424781664752941e-07 5.850552742165216e-06 3.8523359493408816e-07 5.634438556376372e-06 1.1859535158191291e-06 1.4888014213772907e-06 0.0003059245597154168 8.169510592904406e-07 3.499484096540366e-07 4.702143835246288e-05 1.5439590439723465e-07 0.000147911486215338 2.100823415540484e-07 1.9107203557462324e-05 3.3609789863121654e-06 0.00028602038528223814 0.0001480344206795061 0.0007838576936004422 0.00013840940606721561 1.155653518127398e-06 3.208978801188165e-07 0.0 0.0 0.0 0.0 0.0 0.0 0.0 0.0 0.0 0.0 0.0 0.0 0.0 0.0 0.0 9.938724637476674e-08 0.0 0.0 0.0 0.0 0.0 0.0 0.0 5.036563602916878e-07 0.0 0.0 7.217958928768992e-08 0.0 0.0 0.0 5.866739684416318e-08 0.0 0.0 0.0 0.0 8.32967676300285e-08 0.0 0.0 0.0 0.0 0.0 0.0 0.0
3.0464672631153573e-05 2.6212132425372747e-06 4.14368146323043e-06 6.773114270117175e-05 2.2207189955775687e-05 0.0 0.0016403189843956 0.004969735446983238 3.776218557251854e-05 0.004264390372579294 7.16677735267159e-05 0.0037194522356611575 4.7977931834090994e-05 0.0003732085114426141 0.0008447786820501601 1.1618430509203838e-06 4.043029641899146e-06 1.1213417628167264e-05 8.380660548818144e-06 0.0003936460571061896 6.805227266751443e-06 1.0812839553981312e-05 5.889491290841194e-06 9.44564064323105e-05 6.393932028103282e-07 2.427828339038146e-05 9.070485633534437e-06 0.0004850798514861358 0.00048516284135886173 3.7675858454951054e-05 1.741944062364975e-06 0.0002426148204260633 8.902624283556001e-06 0.00024240746517017133 4.426974726322693e-07 0.0003089002354559445 1.6023581530745995e-05 0.0007447219886524676 0.00039498176728010526 0.0011165886328867302 0.00011897902419994645 2.9064695676012306e-06 6.339740193024444e-06 2.610884833379795e-07 0.0 3.7690690729465016e-07 7.526566796457383e-07 0.0 3.4279014212863206e-06 2.4930923830335023e-05 6.398947324523198e-06 1.1612021220623938e-05 1.590043570435308e-05 1.7394958379959602e-07 4.175829394490818e-07 2.677287580733248e-07 2.9471318589746485e-06 2.8056827682812005e-07 8.632630279156205e-07 3.360361267688381e-07 0.0 0.0 3.064037408394137e-06 8.961492380423613e-08 7.63946121445071e-07 0.0 7.750260779458287e-05 0.0 7.237538534325329e-08 1.3577068312070304e-06 6.105368157223708e-05 3.97704367540231e-06 3.9831273115017326e-07 0.0 0.0 6.911974704047822e-08 2.731852903134618e-06 1.8676564651735817e-07 8.240575011029614e-06 1.9502716820062064e-07 7.580861256231488e-06 2.5945755337047976e-07 1.4541094227929258e-06 5.639584910028455e-07 0.0 1.3985005867976273e-07
0.002847251858954965 6.103376351230548e-06 0.0005704118890935638 0.00013859439022953366 2.523092638280509e-06 0.0016403189843956 0.0 0.002828785634856624 9.923722368144928e-05 0.005160191430088395 1.5878254952832574e-05 0.00029974775825973506 5.958651293131619e-06 0.0024426309828835774 3.336776805125273e-05 3.6956768951944053e-05 0.00020261679670576435 3.6997765305478286e-06 1.4499292914459977e-05 0.00021432041306396316 0.0012898511546973863 2.0132361555264795e-05 0.0004693099941235571 0.0013854578061776933 5.887045133633661e-07 0.00013386369705470266 0.00012455319674250912 0.008342464534508251 0.0012756540850450714 0.0033135854625957564 1.5911832876293296e-07 2.7278623857006634e-05 0.0003096032644842699 0.00040504898872042175 1.4528454208390656e-05 0.001173719759798292 7.92006609655827e-05 0.0010679967242450026 0.00028619337029141744 0.0001121864712361837 4.840030035311423e-05 7.647998752561507e-07 1.0047102041677019e-05 8.428457787072964e-07 7.404783866151992e-07 3.078679943273026e-06 4.359948872831023e-06 0.0 1.2216998368745453e-05 0.00011319898650255739 2.25628244617955e-05 4.905391146440413e-05 7.301715898526599e-05 1.6981541073117219e-06 3.347190451047184e-06 6.262182840825996e-08 1.3264206004422488e-05 1.6415121177072427e-06 1.1883947952508776e-05 4.723344313001965e-08 2.119156357510273e-07 1.720721619507448e-07 6.83010720732786e-06 3.854097154806969e-06 2.8064786335116206e-06 2.2971861634783395e-06 0.0003158727948068025 0.0 1.2021782109668039e-06 1.1163084381697569e-05 0.000269385405298659 1.4878906529959335e-05 4.287977011109918e-06 0.0 1.75445249679976e-07 5.218637695485941e-07 4.696856374652986e-06 1.047864952733381e-06 3.327949972398787e-05 1.6387251286872454e-06 2.6955746889377682e-05 5.650168031358564e-06 1.2315162093265456e-05 1.4045167600947818e-06 1.4273658172668855e-07 3.275984168424505e-07
0.0006869211410870484 4.662318184165778e-06 6.609754795298236e-05 3.232008081396365e-05 1.0036964165976864e-05 0.004969735446983238 0.002828785634856624 0.0 3.313770112182145e-05 0.0009473095690447635 8.901588945122346e-05 0.0003754712196695344 3.266322876200033e-05 0.0033833298723067538 0.00022823638279815582 8.373638558409873e-07 0.00010015661615776367 1.815210802098721e-05 2.6428926243891033e-05 0.00015846020843503813 5.4063054440216875e-05 1.3204876265667463e-05 8.27551107489758e-05 0.00015897451165615385 2.0072717297688506e-06 6.128806794640179e-05 2.9824589298624205e-05 0.00022743270351599588 0.0015272391601159115 0.0007281640125416216 1.3945391357495053e-06 0.00028710469741080835 3.455976413395131e-05 0.00043436648809345557 2.9728986883892102e-06 0.00032975722121215853 2.1044203345481018e-05 0.0008188750757771388 0.0002188081681283832 0.0004766175524603305 5.221779601223377e-05 2.8632945991337776e-06 2.2773969082579014e-06 1.4994742123847943e-07 8.039750313161694e-08 2.6307054868892833e-07 6.034492941593958e-07 6.757925639528886e-08 3.7994663924397137e-06 3.5504120589217036e-05 7.70794605681725e-06 1.009180550480577e-05 9.684134459608148e-06 6.85871124610077e-08 3.549597530809386e-07 6.730744682270255e-08 4.300444597950233e-06 4.824994742571277e-07 2.4389837421378978e-06 0.0 0.0 0.0 1.2366177055744295e-06 0.0 8.763008531384636e-07 6.663510758699866e-07 0.00011238756970601729 7.853852455393915e-08 1.7209583961327804e-07 1.623853404834241e-06 9.520468936091615e-05 5.6681037962546204e-06 2.1653615671172167e-06 4.889868878406352e-08 0.0 4.3971579971376457e-07 2.645130260610759e-06 1.6737097736707726e-07 7.831377046726526e-06 2.481329375894841e-07 9.105057285442623e-06 3.0754389806079204e-06 3.1673713133222744e-06 3.520575147712695e-07 0.0 8.292119702779096e-08
4.067584075059053e-07 0.00036933179082524647 1.8795039116278291e-06 8.833406120689982e-05 1.6992946944865707e-05 3.776218557251854e-05 9.923722368144928e-05 3.313770112182145e-05 0.0 0.00014979489916156839 6.110806620135334e-07 0.00010201603631619161 4.865324994620256e-06 9.731658792251551e-06 0.0002446409321688874 1.6777566585285435e-05 8.418234081860901e-07 0.0 6.571536579061512e-08 0.00037213466696042925 8.83228416980197e-06 0.0021320958487679757 2.6949699914165553e-06 0.007168586230911054 9.216597015551036e-06 2.964075434713075e-06 0.00014507707260223173 0.0003491256135566307 1.231855061418861e-05 4.374079464893053e-06 5.182984478900215e-07 1.065977038847863e-06 2.8876957560977287e-06 7.349747670153735e-06 8.372109342458315e-07 0.00012082620995984104 2.4307504233069282e-06 2.527978011384904e-05 7.022488146908012e-06 0.000120687169785212 1.5026666954791138e-06 5.478051552366884e-07 1.3051271846374854e-07 9.85571126035901e-07 7.064948683412934e-07 5.832727697339516e-06 2.7383423020796525e-05 0.0 8.190569766270693e-06 5.1826316966378215e-05 9.452376712969662e-06 5.4405794839106396e-05 0.00018436645078623182 5.84365964511832e-07 8.161189042544064e-05 1.1369583192036031e-07 7.014834153105075e-06 8.557044829772132e-06 0.00013576255017404634 4.0813556821653716e-07 1.3059813293153565e-07 4.2544019204260463e-07 6.343631346881627e-05 2.127018751815401e-05 2.6725839216001314e-05 5.281255204211725e-06 0.0014760298631795196 0.0 3.143247546863961e-06 1.8531864012737464e-05 0.00042930920833300347 1.21690079737933e-05 7.325499882065497e-06 1.362629935448406e-07 2.8241203577826416e-07 1.8128165044523314e-06 5.570022657455119e-06 3.167412575960862e-07 2.5220086252456253e-05 1.295332199852168e-06 1.6348759321638542e-05 6.578711563596923e-06 1.45973188443326e-05 1.4106514022956933e-06 0.0 2.3352270361986472e-07
0.00010184509731736442 1.025443838283995e-06 3.272888437755609e-05 0.0006659900371107645 3.4805965105641566e-06 0.004264390372579294 0.005160191430088395 0.0009473095690447635 0.00014979489916156839 0.0 1.1692775311126307e-05 0.000978610999492798 4.290607596999628e-06 0.0005140948524832174 5.285334133699096e-05 7.387296163544524e-07 1.3640848774416418e-05 2.822238716990177e-06 5.038057689211874e-06 0.0013174355800891844 4.664383479965948e-05 2.3595159458910653e-06 2.5875122613160773e-05 0.0006781436736435564 8.231656236762878e-08 1.3901913763436593e-05 8.733988850104265e-06 0.0028345402335006546 0.0006139265751915758 5.278953579066777e-05 2.1794075062972696e-07 2.1490287092559777e-05 5.636507913161616e-05 0.00016915357967514289 3.4200928658595296e-06 0.0005992005969639659 1.7791652410840324e-05 0.0005655940386383813 9.308623031782072e-05 0.0001561813190321593 4.083926967518509e-05 4.16671305116452e-07 4.717721589440585e-06 5.8563518151519e-07 0.0 5.63400558879913e-07 1.5802989522611723e-05 1.1540844901768888e-07 6.699598768251045e-06 0.00012374555646464062 1.7159626172632815e-05 3.669857972101582e-05 0.00019297552943120283 1.2904102037382935e-07 1.642195412495856e-05 0.0 1.0670234222905407e-05 3.2636715421339473e-06 1.0403134385617519e-06 0.0 1.0010171057373181e-07 1.3711070302409613e-07 3.103184869728692e-05 5.321191067638719e-07 7.578640085172674e-07 7.418482457729873e-07 0.0002955035614440973 0.0 1.1103935614266913e-07 2.0313640898790053e-06 0.00026472588248095723 9.938862964025251e-06 5.950492041542826e-07 7.960762178970223e-08 0.0 3.8851772218752863e-07 5.817801530174992e-06 0.0 1.7785424706077093e-05 4.474492643915248e-07 1.789976611293184e-05 4.410772717567132e-06 1.0616707316711464e-05 1.276855443080505e-06 1.5759262900067327e-06 1.2860990639168054e-07
1.660994731885568e-06 6.10474989098346e-05 1.3451484149835235e-05 3.444828951338531e-07 2.5857579991754348e-05 7.16677735267159e-05 1.5878254952832574e-05 8.901588945122346e-05 6.110806620135334e-07 1.1692775311126307e-05 0.0 4.247541104140649e-06 0.0017910366517867623 2.700014402174002e-05 1.079998400162896e-05 5.637755653445135e-07 0.00015012358042851628 0.002614034682912567 0.001339866085415448 1.5333497587445442e-06 5.851824654940569e-06 1.1498935435055497e-05 1.9781329461387526e-05 4.252691426903965e-06 0.0005662908598236179 0.0023379053756744476 0.00043415224942756583 4.811458876494771e-06 5.421589454972076e-05 8.20456359122176e-06 0.0002176047041671507 9.690379928662613e-05 2.082413146418889e-06 0.0017955440589443956 1.0961304695519621e-05 0.00025309116847734573 0.0024708200495581105 0.00295666587891545 0.0004777426810792381 1.3652985293054941e-05 0.00015582038181771173 0.00047365659927357595 5.518763217872196e-06 0.0 7.569714327687907e-06 0.0 4.877845090585907e-08 1.1235659334759442e-07 5.282497390963164e-08 3.5294730891824065e-07 2.877807483095034e-07 7.168184581515319e-07 1.315501393711975e-07 0.00012612744611324223 0.0 0.0007935183668007149 1.9920737167657502e-07 0.0 0.0 6.856136360743601e-08 7.3174179334511765e-06 1.555543110682125e-06 0.0 7.505223454874704e-08 4.796767229405032e-07 4.399871821535686e-08 2.2386764269854827e-06 0.00013353098896121363 0.00028058895520858136 0.00028439841450543724 1.6142657204827263e-06 2.4419362491405727e-07 4.017974012744364e-08 0.00011968746999727067 5.084279170160089e-08 0.0 3.006400110756807e-06 2.716789312041737e-06 1.0370331869338772e-05 0.00017375821985108172 1.2285478452208073e-05 1.0715634319454241e-06 4.327365145246099e-07 2.419918319830752e-07 6.927661921091459e-05 5.2296775869720195e-08
2.47332159123201e-06 1.018122983873892e-06 9.885405571676842e-08 3.149619172809309e-05 3.447638150457294e-05 0.0037194522356611575 0.00029974775825973506 0.0003754712196695344 0.00010201603631619161 0.000978610999492798 4.247541104140649e-06 0.0 1.0090340818140764e-06 5.026398398777764e-05 0.0013554577940619187 0.0 2.5495649661351634e-07 7.969294760728929e-07 5.26232181428895e-07 0.0005927119501796134 0.0 2.7817816870959595e-06 3.9335749524081934e-07 0.0002335428432327646 8.534450666102615e-08 1.2197793012097465e-06 9.114025848885371e-07 5.811259817940976e-05 6.145088386695139e-05 2.8774812463291468e-06 1.2905439849493392e-07 9.526150357771164e-06 2.6828516702463773e-06 2.622823711232683e-05 0.0 0.00010914996438920094 1.1305612159966605e-06 0.00010108458873234403 1.2293791233854756e-05 0.0007983028495583269 7.695916079601016e-06 0.0 6.267846379745411e-08 3.9128236732754833e-07 0.0 1.6671453472407137e-07 2.5239691913112304e-06 0.0 2.5440194770458346e-06 1.286618325613592e-05 1.667080112782111e-06 5.784867839806993e-06 2.4325322048874112e-05 4.0143726386612364e-07 2.2861049057941222e-05 0.0 1.460643837100699e-06 1.036460906373104e-06 1.4653444494876206e-07 0.0 0.0 0.0 1.1878973439210461e-05 0.0 0.0 0.0 3.414461748333067e-05 0.0 0.0 0.0 3.220694584365238e-05 9.470820499925995e-07 0.0 0.0 0.0 0.0 1.0846137165509345e-06 0.0 2.0975082083328026e-06 0.0 1.2987093090768398e-06 6.206733188353627e-07 2.1818200006060937e-06 0.0 0.0 3.2724109206321333e-07
4.652025227029226e-08 0.0005292518525995216 5.3282877579292305e-06 2.9437313581858164e-07 1.5169399994539376e-05 4.7977931834090994e-05 5.958651293131619e-06 3.266322876200033e-05 4.865324994620256e-06 4.290607596999628e-06 0.0017910366517867623 1.0090340818140764e-06 0.0 5.238018885776254e-06 3.6056026452877523e-06 9.587776648461966e-06 2.2257576227153703e-06 2.000681782558008e-05 6.85912512567811e-06 3.0779064662476823e-06 9.6041501953547e-06 7.396737043164684e-05 1.9137749897941893e-05 1.4874600229632861e-05 0.0023263320180780815 0.0006871420051424993 0.002020095706572044 1.0688854443907702e-05 7.699926538091568e-06 5.2319577184729995e-06 0.0017024981022714415 3.1957016703915546e-05 1.2516112025659215e-06 0.00026413354033154925 0.00015014879529357819 0.0012146836218615983 0.0026126115857031734 0.0017933844591809147 0.00024137337612810853 5.7412216914965074e-05 0.00012277045262635978 0.0004324153202586653 5.087439461143112e-06 0.0 1.2739028881261308e-05 1.4796206777101814e-07 0.0 7.867877722959127e-08 8.561624934300695e-07 1.1305562032308011e-07 4.81829351276426e-08 4.474817426011943e-07 1.6759345471513508e-06 0.0001896114549330266 0.0 0.001320092287554174 1.090175996794071e-07 0.0 1.3113076751100612e-07 0.0 8.395292901012682e-07 1.0351218209234114e-06 0.0 0.0 6.551219202362701e-07 3.062005956822629e-07 1.1373441127857328e-06 0.0003218761839673996 9.358228939223062e-05 0.00012407220584885467 6.63081414717379e-07 5.470528817273849e-07 4.193964404741132e-08 0.00011785670153717214 0.0 0.0 1.5809620202977686e-06 2.4096347386617256e-05 0.00015297237987372874 0.0002837734898977541 1.4640524973345384e-05 3.422714647172549e-06 1.1852371536999708e-06 7.756380915665772e-07 0.0003128555877732559 4.5379443872898725e-07
0.0024061196460493715 8.205714810779239e-07 8.23014986193833e-05 2.457298669178162e-05 1.831617616993818e-05 0.0003732085114426141 0.0024426309828835774 0.0033833298723067538 9.731658792251551e-06 0.0005140948524832174 2.700014402174002e-05 5.026398398777764e-05 5.238018885776254e-06 0.0 1.3023157857848933e-05 3.0237817635476433e-07 0.0001571842991112181 6.2330492420237415e-06 1.8241690579409304e-05 4.662717944183977e-05 5.452048782459563e-05 4.445625640441988e-06 0.00010321975060947089 5.867524165752179e-05 1.4197780048678742e-07 4.591937863717929e-05 2.7079907256867312e-05 0.00011506616800010665 0.0028374932388061038 0.001301902954842711 4.568581694963393e-07 0.00014147284625532993 5.04788057664767e-05 0.000274623562112058 1.6910704566597334e-06 0.00017003782216579147 1.4073330524384186e-05 0.0003757193168690046 6.594957199130728e-05 5.8456236109191e-05 1.4269432753561305e-05 4.760594079395775e-07 1.0210547185228642e-06 0.0 0.0 3.6167552152077e-07 1.1332661995520195e-07 4.7327404283006394e-08 1.2081236373747312e-06 9.38683137423326e-06 3.378147403135349e-06 3.418766558127313e-06 3.962412419246605e-06 0.0 4.878650517949274e-07 5.597239046586899e-08 1.0484267008444718e-06 2.9166425165441884e-07 7.418860550833258e-07 0.0 0.0 6.53165567472902e-08 2.1424657993487737e-07 0.0 0.0 0.0 3.617898312392077e-05 0.0 0.0 5.507812794585787e-07 2.9486973171427824e-05 8.527720020547389e-07 0.0 0.0 0.0 0.0 5.397652993491977e-07 0.0 3.36611219555731e-06 6.0639952446375e-08 2.462752919884513e-06 4.5553160387263176e-07 1.0698095280321806e-06 5.675201417372234e-07 0.0 0.0
0.0 3.5131985645631714e-07 1.9549935946184768e-07 1.2482788947346428e-05 0.0005417252831280524 0.0008447786820501601 3.336776805125273e-05 0.00022823638279815582 0.0002446409321688874 5.285334133699096e-05 1.079998400162896e-05 0.0013554577940619187 3.6056026452877523e-06 1.3023157857848933e-05 0.0 0.0 5.05245822113318e-07 4.307982907271604e-07 2.738346332843068e-07 0.00015849435953039712 1.2045035258629482e-07 2.6023576633128534e-06 2.791163799692574e-07 0.00032441996348850155 0.0 8.096993359181901e-07 7.462979821232074e-07 2.0977808987660135e-05 1.6969464030703845e-05 5.072088369392228e-06 2.7591724408037634e-07 5.362735631592586e-05 6.470968165479852e-07 8.661112367490227e-06 0.0 1.9457526139463174e-05 3.999246255019809e-06 4.645867922210572e-05 7.6281065019267816e-06 0.000799072886826961 1.815570123925193e-05 9.74220551864497e-07 2.435353488237313e-07 0.0 0.0 0.0 0.0 0.0 1.0440887564261204e-06 3.8527390015051475e-06 5.562902406359156e-07 1.5293274412749507e-06 7.955473710988288e-07 0.0 9.258803391932305e-08 0.0 1.5959782560655839e-07 0.0 7.266510225625785e-08 0.0 0.0 0.0 0.0 2.5298080198831034e-07 0.0 0.0 1.2057732437399371e-05 0.0 0.0 2.5941295426072515e-07 1.2031022998466354e-05 2.90926677960112e-07 2.2688832412282547e-07 0.0 0.0 0.0 0.0 0.0 1.2755147135725557e-06 0.0 5.186263005072832e-07 9.598871200855509e-08 7.970904164816024e-07 0.0 0.0 0.0
2.487971169772252e-07 9.43474840510051e-05 2.1695083438263607e-05 6.03794139408193e-07 1.1183566865364495e-07 1.1618430509203838e-06 3.6956768951944053e-05 8.373638558409873e-07 1.6777566585285435e-05 7.387296163544524e-07 5.637755653445135e-07 0.0 9.587776648461966e-06 3.0237817635476433e-07 0.0 0.0 1.163534163896903e-05 4.68369700194671e-07 9.068349397426418e-07 4.5837142438232814e-07 0.0011229064997832466 0.0009987811190097873 0.0025250848459920524 0.0022033547049606556 6.982435748763443e-06 9.006610601572598e-06 0.0021683049060854396 0.0009919132237439917 1.1963678350796052e-06 2.071666913556076e-05 1.7599428857601776e-07 5.4203101713355394e-08 1.657287449020214e-06 2.8333920138417653e-05 4.5567734959675035e-05 0.001166878219640609 0.0007647907359161565 0.00026953285873187744 0.00021918778411729014 8.305967432200409e-06 5.4765049247101165e-06 3.1334412632076868e-06 8.515914525785554e-06 1.479359240211006e-07 2.1081695384812565e-05 9.66866871897122e-06 0.0 0.0 7.889565269091432e-07 4.767521222149058e-06 3.0079510137709516e-07 7.514034337818376e-06 5.817035249934076e-07 1.3387384244552205e-07 0.0 2.144840294958196e-07 2.9252245812327596e-07 0.0 0.0018828411221335076 8.777496311221044e-07 0.0 9.80667536927209e-07 0.0 7.430774721069469e-05 0.00037658313363427687 0.00043557249911597106 0.00016512910200165105 8.316384592296842e-07 1.1668490668732157e-05 0.00035554738001082435 0.00020215592569026636 9.738189785467512e-07 6.126516487305091e-06 1.765401521830745e-07 0.0 2.0425917586070922e-07 1.2613388615538248e-06 2.771713031083854e-06 4.042559096307997e-05 7.945937274511536e-06 5.534811644185657e-06 3.6859830066943154e-06 8.771456573088887e-07 4.6693431242079796e-07 1.396745232244746e-06 0.0
7.93861087382255e-05 2.3148822021151335e-06 0.004209727023341401 3.0523219338809433e-06 2.2084058329533004e-07 4.043029641899146e-06 0.00020261679670576435 0.00010015661615776367 8.418234081860901e-07 1.3640848774416418e-05 0.00015012358042851628 2.5495649661351634e-07 2.2257576227153703e-06 0.0001571842991112181 5.05245822113318e-07 1.163534163896903e-05 0.0 0.0001841401374674545 0.0023091744759507664 4.0296117289434156e-07 0.0006298517815852078 7.774268213079707e-06 0.0026283605924077307 3.654459829257e-05 0.0 0.004440493197634237 0.0029849911706452724 5.5817103723670174e-05 0.00030541956375993676 0.0010373583446293812 1.0813448613092366e-06 2.1423855709176924e-06 5.1364937842184546e-05 0.001359655068830343 1.4277566502099353e-05 0.0005098091899475019 0.000714943957379158 0.001490460382626709 0.00036246403594308694 7.141699024633076e-06 4.348811454036182e-06 1.0824495516003362e-06 1.065654581804143e-06 0.0 3.2723584800092254e-06 8.916963191499582e-06 0.0 0.0 0.0 4.216769910487665e-07 0.0 3.3047281495973673e-07 5.108606396886719e-08 0.0 0.0 3.5229135385133526e-07 0.0 0.0 2.863089523014087e-06 3.563306075387004e-07 0.0 3.3025085500648305e-07 0.0 3.783296180899103e-07 1.3278464901530937e-06 6.76187673865137e-07 2.4466183658721115e-06 4.0854852502588563e-07 6.804543842211173e-06 5.921308756721149e-05 2.459789815153373e-06 0.0 0.0 1.6420260712718214e-07 0.0 0.0 0.0 1.029076465592209e-06 4.686941760452201e-06 7.782086096925284e-06 8.445995133792487e-07 4.1745001653315533e-07 0.0 0.0 0.0 0.0
9.697178389606134e-07 1.4112900625144714e-06 2.07147466048635e-05 1.4940862144054804e-07 3.1055691003389505e-06 1.1213417628167264e-05 3.6997765305478286e-06 1.815210802098721e-05 0.0 2.822238716990177e-06 0.002614034682912567 7.969294760728929e-07 2.000681782558008e-05 6.2330492420237415e-06 4.307982907271604e-07 4.68369700194671e-07 0.0001841401374674545 0.0 0.001391266943629656 4.560704923207632e-07 1.5765984035873815e-06 1.9289173800351543e-07 8.143733056963408e-06 1.1200065594398867e-06 3.655891026697097e-06 0.0020260822915593424 0.00045626086173088955 1.321057005042332e-06 1.149381949648115e-05 3.408808916343048e-06 5.587052813008507e-05 1.8306456336345214e-05 6.769719984513283e-07 0.00031023565577997184 7.696071870239012e-06 0.00016126722986163625 0.00034860429766143687 0.0006723788700156243 0.0002386677411348134 2.3398979709163116e-06 1.0644738812196641e-05 4.591505214274018e-06 8.720371854991239e-07 0.0 2.0272879214424114e-06 0.0 0.0 0.0 0.0 0.0 0.0 0.0 0.0 4.327794171918991e-06 0.0 1.9365855256336653e-05 0.0 0.0 6.399595083476145e-08 0.0 2.2848430777849416e-06 1.3227634569212e-07 0.0 0.0 1.771437512477174e-07 0.0 4.6044114060383906e-07 1.5236599683014312e-05 6.671800362751739e-05 7.11734044192772e-05 5.32597435036678e-07 0.0 0.0 9.909051529674882e-06 0.0 0.0 4.6113538852762896e-07 1.2408437694107124e-06 4.00792054815291e-06 1.2897319757115705e-05 1.5294755797888566e-06 1.9783084763556195e-07 1.3659478706645173e-07 0.0 2.869322732148835e-07 0.0
5.962486208107776e-06 1.31126327344848e-06 0.00011848989596339134 4.503267612362596e-07 3.614376734368828e-06 8.380660548818144e-06 1.4499292914459977e-05 2.6428926243891033e-05 6.571536579061512e-08 5.038057689211874e-06 0.001339866085415448 5.26232181428895e-07 6.85912512567811e-06 1.8241690579409304e-05 2.738346332843068e-07 9.068349397426418e-07 0.0023091744759507664 0.001391266943629656 0.0 7.819200341340482e-07 1.714787365442465e-05 6.615924338679968e-07 0.00010881944473469913 3.3447851736705583e-06 1.3822896203423024e-06 0.004554054460424603 0.0008937212223326637 5.6560790614888576e-06 4.345586533027738e-05 4.468594479749677e-05 1.2906435697486551e-05 2.267971028654547e-05 5.064199339731527e-06 0.0015280279101624013 1.0426799741891165e-05 0.0005338704192302889 0.0005195815433844203 0.0014853934404779933 0.0004296806819098301 6.156214812059257e-06 1.0254673789416734e-05 1.7679990694027038e-06 1.4314504719453612e-06 0.0 2.926887155292137e-06 1.018894373589979e-06 0.0 0.0 5.2481950019490874e-08 1.2051501484815168e-07 0.0 6.139682770697421e-08 0.0 2.0534853208492577e-06 0.0 6.314757821171373e-06 0.0 0.0 1.4942158048797945e-07 0.0 1.9747163380115197e-06 1.7484182791573325e-07 0.0 0.0 2.898401287235947e-07 0.0 3.337051503485516e-07 1.113431526013387e-05 3.354057602195289e-05 4.551031934395169e-05 5.062520623276624e-07 7.758827500006087e-08 0.0 3.702711263185386e-06 0.0 0.0 5.0614203131113204e-08 1.8892428896344619e-06 7.5921768861058335e-06 5.6750202324814675e-06 6.930910145013863e-07 1.479749623455767e-07 2.2319338378305694e-07 0.0 6.36066491224408e-07 0.0
5.665471376917594e-06 1.720685554994229e-07 7.159595183037469e-07 0.0003745370690322881 2.540445278278589e-06 0.0003936460571061896 0.00021432041306396316 0.00015846020843503813 0.00037213466696042925 0.0013174355800891844 1.5333497587445442e-06 0.0005927119501796134 3.0779064662476823e-06 4.662717944183977e-05 0.00015849435953039712 4.5837142438232814e-07 4.0296117289434156e-07 4.560704923207632e-07 7.819200341340482e-07 0.0 1.0070081587914102e-06 2.146532022844739e-06 7.294224333246869e-07 0.0003726363682010013 0.0 1.340692295012986e-06 8.081601992033291e-07 0.0006932607252456471 7.617197196617946e-05 3.0644854102394027e-06 0.0 4.243002556408157e-06 6.318061423261954e-06 2.3459053009530508e-05 1.1181763357634742e-06 0.00017757906297399313 2.7366655734040084e-06 9.563339518858643e-05 1.675404031714618e-05 0.0004867337418111339 6.819910935323169e-06 2.6256180936793675e-07 9.2805057265298e-07 6.395823742782119e-07 0.0 1.2596984298966971e-07 2.3161882939751305e-05 0.0 7.155222262085627e-06 9.923262939691828e-05 1.8897864426949402e-05 4.279289128707053e-05 0.00024158126820931673 1.843884265261055e-06 4.091998402622049e-05 0.0 1.0514404756122512e-05 2.2123288219032465e-06 1.2082400189692319e-06 0.0 3.0165072087193145e-07 0.0 5.1519037953100514e-05 1.369230224913956e-07 7.738997497930048e-07 0.0 0.00024751924837518514 0.0 6.108708793741288e-07 1.034760740599334e-06 0.00023775190725281627 1.0354571149190596e-05 2.2247786384079992e-07 1.0034975383358483e-07 0.0 0.0 5.742924073525277e-06 2.8961675439669417e-07 1.1246739844155382e-05 1.3482372128038173e-07 1.3947315796186388e-05 3.167610173227309e-06 1.0701498791187886e-05 5.355773309216263e-07 5.193028546570459e-07 0.0
1.9918670671050076e-05 1.708820382529519e-06 0.0009210286699519936 7.253782047492747e-06 6.471638884834624e-07 6.805227266751443e-06 0.0012898511546973863 5.4063054440216875e-05 8.83228416980197e-06 4.664383479965948e-05 5.851824654940569e-06 0.0 9.6041501953547e-06 5.452048782459563e-05 1.2045035258629482e-07 0.0011229064997832466 0.0006298517815852078 1.5765984035873815e-06 1.714787365442465e-05 1.0070081587914102e-06 0.0 2.2374445131804117e-05 0.009078749409140973 0.00033173252891953664 3.516692188357644e-07 4.5626866134070525e-05 0.00023560491379762095 0.002737686913138969 5.900783165282606e-05 0.005875883107807885 2.1260345653531064e-07 3.499778358790902e-06 1.3641164477926713e-05 0.0013696325500861376 0.0001541475520826364 0.0029300555039094424 0.0004254925963390784 0.002471085008291589 0.001246985547787519 2.292639300760034e-05 3.0979297370426754e-05 2.632898499420902e-06 1.923660345399389e-05 1.3150872763909163e-07 3.658396833400625e-07 4.0377693405035084e-06 0.0 0.0 0.0 4.6924985202056055e-06 2.711027645409933e-07 4.913866604427909e-06 3.9336089618485916e-07 0.0 0.0 0.0 3.6618719212441697e-07 0.0 0.0002487027923020043 2.616205779571404e-07 0.0 5.0292761535139904e-08 0.0 3.779442183564421e-05 3.125615515283454e-05 1.1528126817669998e-05 7.930435164727063e-05 8.02169549104692e-08 1.632884861564398e-06 1.5715453840895953e-05 0.00013158184459141777 9.155383625255822e-07 6.965144051748371e-06 0.0 0.0 1.608765644473171e-07 1.4716069937794898e-06 4.8727114662966435e-06 2.7338563505108733e-05 1.1469200630743996e-06 3.0812262590884407e-06 2.6606630167694006e-06 1.8204759744198982e-06 3.089623878976615e-07 1.5872961455966556e-06 0.0
1.1755077781218293e-07 0.0015476578105957854 7.0229963543278005e-06 6.596705660324639e-07 0.0 1.0812839553981312e-05 2.0132361555264795e-05 1.3204876265667463e-05 0.0021320958487679757 2.3595159458910653e-06 1.1498935435055497e-05 2.7817816870959595e-06 7.396737043164684e-05 4.445625640441988e-06 2.6023576633128534e-06 0.0009987811190097873 7.774268213079707e-06 1.9289173800351543e-07 6.615924338679968e-07 2.146532022844739e-06 2.2374445131804117e-05 0.0 0.00010671771181243079 0.004757510392581881 0.0001961178817762576 2.3518250832758245e-05 0.0024417921530516134 0.00020036811530383205 4.087975462586278e-06 1.0213159364113166e-05 3.89690204898459e-06 6.710288930668212e-07 3.9347288556490064e-07 7.0141743296658035e-06 5.451392865673422e-07 3.306588205677931e-05 1.3247521049524608e-05 2.35345952983558e-05 5.200414889301101e-06 1.4184187599597249e-05 3.730520258757003e-07 6.9983610359194195e-06 4.5417564264848517e-07 5.579297857910421e-08 0.00011024095767233743 4.50691915762351e-05 3.4022953106549684e-07 0.0 2.729817579161188e-07 4.25217824701386e-06 2.3650603671484383e-07 0.0002564378110298607 1.9742737559171225e-06 1.2182840302257126e-06 5.452134706665996e-07 4.196820093636645e-06 4.929706344140801e-07 3.4845326358619344e-07 0.0008556572485750491 1.7817933709602452e-06 0.0 1.7976665559758983e-06 7.411021294230353e-07 1.7211817063897638e-05 0.0003112596593990461 0.00021407743357204173 0.00014345116999966778 2.3207978170725923e-05 1.9971476843058175e-05 0.0010614184370337952 6.67788035613385e-05 4.443942414915544e-07 1.153215766570657e-06 7.638970857957573e-07 0.0 0.0 7.842857090485612e-07 2.5500942481252486e-07 5.707196995204658e-06 8.11009149877724e-06 5.01526351054318e-06 1.0157611934499653e-06 8.823224663342595e-07 0.0 1.203256193370349e-06 0.0
5.789011194618417e-05 4.83023303051041e-06 0.007473351570831681 2.9867362673626145e-06 8.424781664752941e-07 5.889491290841194e-06 0.0004693099941235571 8.27551107489758e-05 2.6949699914165553e-06 2.5875122613160773e-05 1.9781329461387526e-05 3.9335749524081934e-07 1.9137749897941893e-05 0.00010321975060947089 2.791163799692574e-07 0.0025250848459920524 0.0026283605924077307 8.143733056963408e-06 0.00010881944473469913 7.294224333246869e-07 0.009078749409140973 0.00010671771181243079 0.0 0.000686200482717273 1.5183908514493056e-06 0.0005683658919463182 0.006383488707550397 0.0017731964858682277 0.00013781559787519763 0.002245006202275466 2.529901223479835e-07 5.632798338285633e-06 2.35586759606691e-05 0.001634371449390279 0.0003255182585138709 0.005681037437070578 0.0029847898484787476 0.004489221622772816 0.0024326113622588643 5.406327435315641e-05 3.4836771892349886e-05 4.919172613060803e-06 4.289455382948082e-05 0.0 2.875049780877504e-06 5.266872910054311e-06 0.0 0.0 3.331645412806275e-07 1.871189759932595e-06 0.0 2.0232803642311325e-06 2.617550079264684e-07 0.0 0.0 0.0 3.498170985599299e-07 2.284661848569075e-07 0.0003992277244872391 4.0167528562381184e-07 0.0 9.855336552081445e-07 0.0 1.1816158607227939e-05 6.495738880144743e-05 0.00012516558952419327 3.856828459815601e-05 4.039567509073479e-07 1.7415531190121308e-06 0.0001406178994704484 4.123718882765374e-05 5.7020832205011094e-08 6.959917296394359e-07 0.0 0.0 0.0 4.300611038700903e-07 1.9403211838162474e-05 3.12163574588035e-05 4.4052438463607655e-06 1.3167674434854572e-06 2.722659188331414e-06 5.008001314358656e-07 0.0 2.79260734731441e-07 0.0
2.430955874578147e-05 0.0004948190088885372 4.5935407618877264e-05 0.0008047505439354665 5.850552742165216e-06 9.44564064323105e-05 0.0013854578061776933 0.00015897451165615385 0.007168586230911054 0.0006781436736435564 4.252691426903965e-06 0.0002335428432327646 1.4874600229632861e-05 5.867524165752179e-05 0.00032441996348850155 0.0022033547049606556 3.654459829257e-05 1.1200065594398867e-06 3.3447851736705583e-06 0.0003726363682010013 0.00033173252891953664 0.004757510392581881 0.000686200482717273 0.0 1.1015050527412248e-05 4.4272516510118244e-05 0.001379654141183173 0.007070628970853468 0.00021779237273005945 4.3309244471531304e-05 6.836270213563248e-07 6.5583952265231835e-06 0.00010621623472791931 0.00016806620373521422 1.9069124694101727e-05 0.0011220267903399885 8.219808304344352e-05 0.000497794433809442 0.00016483854600241399 0.0006562234949039985 2.319527868302128e-05 4.356363927241794e-06 5.367261021217652e-06 3.4378336970246966e-06 3.3864149691504355e-06 3.438374570431399e-05 9.850748633440702e-05 4.6889874847059243e-07 4.567152413576484e-05 0.00048337762133933323 7.567399036308705e-05 0.0006195962932092502 0.0008355659070590404 2.152314445712028e-06 0.00015382490925227457 2.482578537805206e-07 5.2333238591578496e-05 1.5000895813753204e-05 0.0004258913116227281 2.3383687428760877e-06 9.767214747479113e-07 2.4926135792732595e-06 0.0001783614612437202 9.342766123639784e-05 8.92926053207791e-05 3.402736295836897e-05 0.003275196298051936 3.5421146883063907e-07 1.8077164556204414e-05 9.230114670861669e-05 0.002030988433644704 5.832739968139034e-05 3.7119093444139e-05 1.5973344832403306e-07 7.043256543588445e-07 3.983453169489492e-06 2.9840970582261682e-05 1.5906074804024153e-06 0.0001473134298795396 7.162373440012757e-06 0.00011562474158379851 3.4831275346230116e-05 5.681064036031214e-05 7.446178339675729e-06 1.6077115613576596e-06 2.0073531670662974e-06
