0.0 7.364774900562321e-07 9.987880463229498e-05 4.557791010941445e-06 2.243850449577662e-06 1.3194550594958506e-05 0.0012589967915171414 0.00032300644864715505 5.319457415829246e-06 2.3351979056167268e-05 4.019078453465323e-06 1.2496719752035121e-06 4.308825212767895e-06 0.0024123234175157803 9.310644722356238e-08 1.0042202805342996e-06 7.030805515276978e-05 3.3626204113427754e-06 1.277776489557256e-05 1.680861035987888e-05 7.708922432394254e-05 2.0977641540669713e-06 0.0002546902872965773 3.749618697765693e-05 3.7710053742862604e-07 9.798176195311173e-06 2.994589258942345e-05 6.0324849435230915e-05 0.0014139880670259283 0.0016655564932374694 5.173859567203569e-07 1.0169120911967328e-05 6.148983352138705e-06 0.0001368129053041164 4.794676488953221e-06 3.223301560192357e-05 1.4315224948457887e-06 0.00021740758996975662 5.35363636333186e-05 1.984845353424772e-06 1.6526558011120995e-06 3.765024415235008e-07 9.872189437448427e-08 3.079278681335636e-07 0.0 0.0 1.0721698334659082e-06 0.0 0.0 5.897019737584093e-07 1.1228795392440682e-06 1.5909346185095e-06 1.5747273683525413e-07 0.0 4.6736187723891475e-07 0.0 3.936426098177516e-07 0.0 2.107700707632787e-06 0.0 0.0 0.0 0.0 0.0 1.0242263838112856e-06 0.0 8.819378880984327e-06 0.0 6.254254072487676e-08 1.1492128783989293e-06 2.2106030967346193e-06 3.6066288726104956e-07 0.0 0.0 0.0 0.0 0.0 9.509818166242928e-08 1.5845770000876423e-06 1.2210350170039513e-06 1.2266414665538663e-06 0.0 7.309926332445797e-07 0.0 0.0 0.0
7.364774900562321e-07 0.0 1.74485903820665e-05 3.8197212753810744e-06 6.244977727848855e-07 2.823593409892646e-06 2.552293470750025e-05 1.0018715876035434e-05 0.000739654849259965 3.761981417474426e-06 0.00013149857739673383 1.5583770165271767e-05 0.0005062644127319211 1.3824376750472293e-05 7.32036800860216e-06 0.00018556431529480498 4.355955917427273e-05 1.090805697659256e-05 4.646020181139441e-05 2.3348530051614334e-06 2.9696244503506785e-05 0.0014600223990046915 3.4999853447097364e-05 0.00022851546047684146 0.0012126898358223533 0.00013376229967944662 0.003166677434493574 3.1832211732076936e-05 1.1036625790377638e-05 2.868375681539325e-06 5.1521833453801006e-06 1.1549447824893087e-06 1.0521969052879581e-06 4.1961238014460084e-05 5.57323478635982e-06 0.0002101220011015378 6.675326749967016e-05 0.00012717021261938246 3.606991116482041e-05 3.948945949442244e-05 2.161505030783881e-06 6.71557994947211e-05 2.518817659603686e-07 4.101169272000518e-07 0.0002866524783102406 0.00010066053537461698 1.617068736445602e-06 0.0 1.9097725044255524e-06 8.744277236249385e-06 8.285884340593903e-07 0.0004359302691374059 2.061391778557074e-06 1.1656548283050409e-06 3.078442159810044e-05 3.7070318674959294e-05 2.410999958421462e-06 3.507697819843751e-05 0.00015549680110313362 9.878415663595655e-06 8.964527975681639e-06 6.594796402095692e-05 0.0 2.8323117098945416e-07 0.00013484222172536553 6.5397571604813655e-06 8.721945036987638e-05 0.0001573339972515903 0.00023888251328888123 0.0018956885803511853 1.836350306280978e-05 1.93916255386693e-06 2.3903372065829864e-07 9.800062916030068e-07 0.0 0.0 1.6369876420488576e-05 2.2254404706694712e-07 5.045428470745006e-05 4.130827499433026e-05 8.628175635488154e-05 3.162783553062635e-05 6.50027087451248e-05 0.0 6.462067351835496e-06 1.6364409012880392e-07
9.987880463229498e-05 1.74485903820665e-05 0.0 4.4940621461925046e-07 1.5674763370630468e-07 5.408795250289642e-06 0.00022240206646720703 4.996215002883248e-05 3.612964275716592e-07 1.3605354837638266e-06 3.016326579140391e-06 5.494942826632139e-07 6.4420184672975894e-06 0.00018241970995223108 0.0 9.858591457458622e-07 0.0037922996801466736 3.269430480941828e-05 0.00020388035135993963 3.275441682624936e-07 0.00031635994840731335 2.8287779561301026e-06 0.008026458488641182 1.0929889808998413e-05 4.542788910383351e-06 0.0030006162478548554 0.00416569756159266 0.00017547045725070515 6.909060098759218e-05 0.0004439767328946231 3.41945050486289e-07 2.034045577978095e-06 1.3427217921405847e-06 0.00034943248778744883 1.6627845285342164e-05 0.00023085705449377744 1.167172410783275e-05 0.0005788971605110083 0.0003262082022070258 1.1535108140006109e-05 1.4657963249516407e-06 8.180414086214512e-07 3.0445824644811156e-07 0.0 4.8223653695934116e-05 5.898438696800315e-06 0.0 0.0 0.0 0.0 0.0 5.331853141149966e-06 0.0 0.0 0.0 1.6220739505987632e-06 0.0 0.0 3.8239522180988977e-07 1.3132812480713553e-05 0.0 2.168538950302323e-05 0.0 0.0 1.6785480587556431e-06 0.0 3.183627306830953e-06 9.801885072421128e-06 0.00011277313794487143 0.0005874915606009182 1.7068739172222784e-07 1.0105057816484644e-07 0.0 0.0 0.0 0.0 4.241905276590724e-06 3.825848550667162e-06 2.2631099925516653e-05 1.2740421140309183e-05 3.061873311311069e-05 1.4677191828116734e-05 0.0 0.0 0.0 0.0
4.557791010941445e-06 3.8197212753810744e-06 4.4940621461925046e-07 0.0 6.212465505170524e-07 3.48621550542196e-05 0.00028770546555410863 5.80027424532686e-05 0.0007286630881187644 0.0024528451549786063 4.128592367374449e-06 0.0004361852817102052 1.467421501561716e-05 0.00010135858835932297 4.0675977097720086e-06 1.9956334070762393e-05 2.3462051111400557e-07 0.0 6.291137980383527e-08 0.001461478127554427 2.3341995472789358e-06 4.4008618304442506e-05 2.0649595662307574e-06 0.0012152124954518994 3.7934452888232767e-07 1.6692849602690002e-06 2.4437985726923548e-05 0.0013411720436539362 8.874617752747566e-05 6.302768119058251e-06 2.1968105820135587e-07 3.2775311564906725e-06 1.2747328283515682e-05 3.990108237091925e-05 2.5956559863638563e-05 0.000191948143864896 5.112666052381398e-06 9.23226629636538e-05 3.880542776939002e-05 0.00010958398086716112 1.0003222371100214e-05 3.3222147047756054e-07 2.1193599264174666e-06 2.761494163110687e-06 0.0 3.606046701662905e-07 7.131903253497318e-05 0.0 3.0142746199246187e-06 7.349826471661106e-05 1.5952980494802814e-05 3.5037950973256995e-06 5.862753962094263e-05 0.0 2.099913148598991e-05 7.24284984256109e-08 8.863242629517824e-06 0.0 3.6037212483639293e-06 0.0 0.0 0.0 7.012979718979763e-05 0.0 8.05410616140057e-06 2.3422928040725634e-06 0.0001284684443628471 0.0 5.466321582953174e-07 2.160220307584707e-06 0.0001519047062340169 5.4969482792844245e-06 0.0 0.0 1.9471122528558666e-07 4.835719370133809e-07 4.046055075592315e-06 2.4511550175320054e-06 1.0942595502242574e-05 0.0 9.987587867728478e-06 4.161481954671505e-06 8.449012609973186e-07 6.947394674167989e-07 0.0 1.8293381146608466e-06
2.243850449577662e-06 6.244977727848855e-07 1.5674763370630468e-07 6.212465505170524e-07 0.0 0.0003819643042889688 4.641635417550544e-06 3.562134793214078e-05 1.4246056317277058e-05 2.351034439824731e-05 9.574129217295673e-05 2.3605252413166837e-05 0.00028003719009423193 3.474937035309482e-05 0.001420394393608214 0.0 6.032906717729644e-07 3.1632694553669344e-06 3.781766601778012e-06 8.361237707720095e-06 3.3263663980797544e-07 6.088421404069905e-07 4.4431286720110427e-07 1.2661710194948763e-05 1.5917640244228165e-06 2.66029059956629e-05 1.777814878445786e-05 5.329719373152345e-06 6.285980588473662e-05 1.3312258553579995e-06 5.115423475840988e-06 2.2287893203207224e-05 0.0 0.0005193048409053605 0.0 0.0001059212199772315 6.980540823905898e-06 0.00044103708627138394 5.0391757790246025e-05 0.0020438809249011623 0.00015504797287347311 1.508104075459345e-05 1.413048440733461e-07 0.0 0.0 0.0 0.0 0.0 0.0 1.1347488878434181e-06 0.0 4.371618626173797e-05 0.0 0.0 0.0 7.557327372729412e-08 0.0 0.0 0.0 0.0 0.0 0.0 0.0 0.0 0.0 0.0 1.9975053022284184e-06 0.0 0.0 0.0 0.0 0.0 0.0 0.0 0.0 0.0 0.0 0.0 0.0 0.0 6.618187923276416e-07 0.0 0.0 0.0 0.0 0.0
1.3194550594958506e-05 2.823593409892646e-06 5.408795250289642e-06 3.48621550542196e-05 0.0003819643042889688 0.0 0.0004858617252381489 0.0083437889180315 0.0001399807709866021 0.0026311346875069396 0.0002544795992438953 0.003938718072415518 0.0002239905496005973 0.0007183824979356021 0.00020596538557501458 2.123199740803268e-06 3.398137218509121e-06 6.131212254089383e-06 1.1746051520944736e-05 0.0001637993602733876 3.3127344751804624e-06 9.363873693854057e-06 4.6693766310136865e-06 0.0001383604828209289 4.557313341840192e-06 0.00013017709420289625 0.00010359654452711824 0.00020244257598739268 0.0001745534300541004 8.180542065998241e-06 2.1650301031714687e-05 0.00018849841056884728 7.492373110935599e-07 0.0003547186668650177 6.849840116718199e-05 0.0002785926198153042 2.210837244228994e-05 0.0005770546666751784 3.143380019466345e-05 0.001254886925705456 3.346188444110045e-05 2.986637075091286e-05 1.3392744653956811e-06 0.0 1.1424309736084684e-07 0.0 3.891537339752295e-06 0.0 0.0 9.543509961900827e-06 2.0469859084090786e-06 9.315153987831893e-07 2.406460259214464e-06 0.0 3.5206864097210463e-06 9.492134695272448e-07 1.4348534272135685e-06 0.0 1.6815894981453804e-06 0.0 9.8665156025782e-08 0.0 2.7092217526246156e-06 0.0 2.692025801479115e-07 0.0 5.426222554668219e-05 1.1969741806642639e-07 4.5495114833320255e-07 4.864176899561831e-06 1.895654634859579e-05 6.374372842180531e-07 7.386017599541818e-07 8.415298109875832e-08 0.0 8.262764316620455e-07 2.4414910708017587e-07 1.0445282590495699e-06 8.36134398974919e-06 1.6067034318355873e-07 5.037707163515794e-06 1.2526620224802918e-06 2.43643032404668e-06 0.0 0.0 0.0
0.0012589967915171414 2.552293470750025e-05 0.00022240206646720703 0.00028770546555410863 4.641635417550544e-06 0.0004858617252381489 0.0 0.0013780815172263654 0.0001281054933663125 0.0035134130634255564 5.367566428167381e-06 4.4536827055677946e-05 2.7438125354540354e-05 0.004106998296696667 3.428759922226019e-06 0.00012403662747254718 2.7128452173623318e-05 1.4339826903479641e-06 5.1446124271936115e-06 0.00022452872638562717 0.0006616873085072547 9.02112418674417e-05 0.00042637290068595995 0.0018726439473505155 4.305156978424561e-06 1.0108817545396502e-05 0.00033108275802419253 0.012520449641139816 0.0007715097570822705 0.003535628771600189 1.0725242092709344e-06 6.28034223554632e-06 5.3624541038873385e-05 0.00018048526480872226 2.680043644461828e-05 0.00047395992118859435 1.8562571976412708e-05 0.0004242276384236758 0.0001712768377193563 3.21791123051614e-05 2.5917391981270623e-05 2.1646335569413943e-06 6.591623257050909e-06 4.293136917164598e-06 1.4498717769158325e-06 5.688775210386233e-07 2.2014420249009135e-05 0.0 1.4752564265379574e-06 5.8669887973267064e-05 1.4054867055599849e-05 1.5500814968479007e-05 3.044253130103064e-05 1.0324571981131034e-07 4.26868169356408e-06 0.0 1.7264916039600107e-05 8.839724618105646e-07 6.158534303332763e-05 9.310240910933036e-08 0.0 0.0 1.7446666851945763e-05 0.0 2.841485389744626e-05 4.845229550024086e-06 0.00028905408624626926 0.0 8.409468494796007e-07 5.925422729151296e-05 0.00011006458318634327 1.0665164547723844e-05 2.124815304995225e-06 0.0 0.0 2.6644417275344464e-07 1.928570938547893e-06 3.991730910639925e-06 3.417421893909857e-05 0.0 1.5014052545848336e-05 1.048087718539212e-05 4.292837112776554e-06 1.1984312232789334e-06 8.983079152088315e-08 6.678744280547624e-07
0.00032300644864715505 1.0018715876035434e-05 4.996215002883248e-05 5.80027424532686e-05 3.562134793214078e-05 0.0083437889180315 0.0013780815172263654 0.0 5.1478578402644354e-05 0.0008081784486467038 0.0002641237283427364 0.0007921753184017545 0.00011799132290806502 0.00391880742689436 2.3522970347266625e-05 8.561586453285248e-06 3.360635211255234e-05 1.0233019730138071e-05 3.213989633510919e-05 0.00025264684751221214 5.5644976414456766e-05 3.423586196428458e-05 9.025328252683666e-05 0.00038704166035956984 3.6083242037772477e-06 0.0002486569742364937 0.00028475015008077675 0.00035715730606598666 0.0007933529826272854 0.00020183760948683845 3.163701306659115e-05 0.0005820377676199939 6.290219354895622e-06 0.0009967521638636822 1.1983774469723326e-05 0.00015885994096384123 2.319793334175606e-05 0.0011156273551611163 3.8581161654290115e-05 0.0003838990953851176 3.3435132616811515e-05 1.3165559022079555e-05 8.003435824392431e-07 1.326821353352987e-06 0.0 0.0 5.721603560534082e-06 0.0 3.892149711244352e-07 1.2655161880847914e-05 4.045787280368913e-06 7.704978801504038e-06 4.691228050119977e-06 1.9735943197391315e-07 1.4318238177922849e-06 1.0283004770723617e-06 2.9484015677058405e-06 0.0 1.1351665539796753e-05 6.522337821994046e-07 8.830618727387294e-08 0.0 5.147588779006911e-06 4.2989359165135637e-07 7.956006659866428e-06 4.640576396499516e-06 9.513599733390302e-05 6.332449424597969e-07 1.1045874050216346e-06 1.236405180868073e-05 2.9043932313641463e-05 3.624364850440968e-06 2.7469099106883647e-06 1.4004667574086133e-07 0.0 5.223643031951632e-07 2.099960711897159e-06 5.124164485969825e-07 1.3142965863951175e-05 6.407951525140053e-08 9.921182404366917e-06 2.8409434691272047e-06 1.0996934153218841e-06 6.287208895235775e-07 0.0 0.0
5.319457415829246e-06 0.000739654849259965 3.612964275716592e-07 0.0007286630881187644 1.4246056317277058e-05 0.0001399807709866021 0.0001281054933663125 5.1478578402644354e-05 0.0 6.244802781384115e-05 1.8399215183892807e-05 0.00018111155895652947 5.8361568942676566e-05 5.512048727261517e-05 0.00023370376133584857 8.43830239353291e-05 2.5658642042749833e-06 5.790986046832149e-06 2.9628080475522095e-05 0.0007019119648123359 5.818770877616482e-06 0.0019373137114899036 2.5438650584376196e-06 0.003931532884859258 0.00011706072240377971 4.621531524796822e-05 0.0007662573342736878 0.0004290752281206564 6.0425796239547486e-05 1.5539991893947835e-05 7.395272502362815e-07 9.679180430873727e-07 7.929312791047947e-06 2.907323371225673e-05 1.492463897683989e-05 0.0003259683690079994 2.1209991397401117e-05 9.218597860950951e-05 3.6599744739473114e-05 0.00029641518527988357 9.134899222871894e-06 4.2149730680328e-06 3.215735524711598e-06 0.0 3.3185030351105955e-05 0.0 4.6286292658575796e-05 0.0 8.436219409087373e-07 2.4006808270883224e-05 4.285767324566259e-06 1.791912503409493e-05 1.3670380966490442e-05 0.0 1.8854631295486138e-05 1.169958172704798e-07 3.0464778188019888e-06 0.0 2.0402950466008438e-05 5.988617818329845e-08 1.1210816342883382e-07 7.997488307752006e-07 5.466740698260566e-05 0.0 0.0001357693750052807 0.0 9.702685973044156e-05 4.143982257710969e-06 1.2426052241101186e-06 1.6067725199888578e-05 2.5895669577070308e-05 1.8509008484119424e-06 0.0 0.0 0.0 5.28551024072734e-07 5.884900674275629e-07 4.360697167446817e-07 6.178390225160221e-06 0.0 2.071724903377898e-06 4.0317337840312844e-07 0.0 0.0 0.0 1.4573994247177057e-06
2.3351979056167268e-05 3.761981417474426e-06 1.3605354837638266e-06 0.0024528451549786063 2.351034439824731e-05 0.0026311346875069396 0.0035134130634255564 0.0008081784486467038 6.244802781384115e-05 0.0 5.183140557095628e-05 0.0013806449776720504 8.043157211078148e-05 0.0009639538789550357 2.7625142817654525e-06 4.260277115225619e-06 7.328486358578874e-07 1.4708521486198476e-05 7.004275107616367e-06 0.002761055900800289 1.5648104024844936e-06 2.2113579522342315e-05 1.4747906784049153e-06 0.0009282879469771574 1.0778557997412844e-06 4.791421774569699e-05 4.3341796436456e-05 0.00517613612625899 0.0006456303779829561 2.8227627043890445e-06 8.924529970777295e-06 4.6631399103194443e-05 8.644441794906772e-06 0.00029271917036569127 2.5998332045311908e-05 0.000556822519921332 1.6675318357251093e-05 0.0006825971014393173 0.00010841234634242641 5.823827916131449e-05 7.242481246337735e-05 7.178268457960468e-06 1.0768044488323033e-05 4.989270995675047e-07 1.700642299339429e-06 0.0 2.9230211745973653e-05 0.0 1.7587399910418819e-06 5.525174833128364e-05 1.640190068540559e-05 4.183911472486245e-06 3.114532803483705e-05 0.0 1.7089035928724716e-05 0.0 7.271830643343766e-06 1.2148348167873245e-07 2.537434617459949e-06 5.564246592452621e-07 3.3310784792645803e-07 0.0 1.4230362601500721e-05 0.0 7.857253814199477e-06 1.5538251108402284e-06 0.00016050314828289854 0.0 7.549112426510279e-07 3.2421167752386996e-06 0.0001127555242877773 6.616469227921967e-06 4.939068704543821e-07 6.646845225609228e-08 0.0 4.676098174527606e-07 4.1458098342750766e-06 2.7842858599596458e-06 1.9121760861349425e-05 1.4498848012561022e-07 1.573297394184442e-05 3.543301595478187e-06 4.864515708720867e-06 3.8817070340906585e-07 2.2662606868188152e-07 0.0
4.019078453465323e-06 0.00013149857739673383 3.016326579140391e-06 4.128592367374449e-06 9.574129217295673e-05 0.0002544795992438953 5.367566428167381e-06 0.0002641237283427364 1.8399215183892807e-05 5.183140557095628e-05 0.0 4.959612857536051e-05 0.002897308643971377 5.639279332171295e-05 1.9771597357316404e-06 3.904615586003013e-06 6.895063352714008e-06 0.0012675121448384617 0.00031616649926334984 1.5697563382582254e-05 1.5698231508488135e-05 2.5463957946766904e-05 7.963657333652734e-06 1.6682074656984832e-05 0.0005556551875295628 0.003233444298198739 0.0010958936309672144 1.1996537521252038e-05 0.00010247710774756875 2.0741806984730565e-05 0.0004436562215061071 0.0001563411882382519 3.736188696502959e-06 0.00305322273696289 1.5736399724396774e-06 0.00017381668454700884 0.001579402957309489 0.0011835893133076143 0.0002440683192246038 1.5869521102479543e-05 2.474050419410675e-05 0.00033885639132246717 1.0883387840999956e-07 0.0 5.11531680706293e-06 0.0 0.0 0.0 5.3663967400364564e-08 7.285964390092401e-08 5.658634498259062e-07 5.079312980570265e-07 8.575362133051198e-08 9.496984299271801e-05 1.7176300999149816e-06 0.00027830470053019093 4.668738796652027e-07 2.1587192210874844e-07 1.697846536544574e-06 0.0 1.042920407087047e-05 2.805871673524197e-06 9.76369838924924e-08 0.0 0.0 0.0 3.977754877845731e-06 1.4894378247407755e-05 9.253409267573309e-05 0.00015161945143317364 1.501435890790639e-06 7.143672448901235e-07 8.86357201451449e-08 6.237273329512053e-05 1.6468660609884448e-07 0.0 3.5745196821699443e-06 0.0 2.3935570680594456e-06 2.0179182995453857e-05 2.0051762678231213e-05 9.70357132333329e-07 0.0 1.2024064111787487e-07 1.748735257045375e-05 0.0
1.2496719752035121e-06 1.5583770165271767e-05 5.494942826632139e-07 0.0004361852817102052 2.3605252413166837e-05 0.003938718072415518 4.4536827055677946e-05 0.0007921753184017545 0.00018111155895652947 0.0013806449776720504 4.959612857536051e-05 0.0 5.8717122193562906e-05 0.00021311721785271948 1.8606126940019617e-05 3.905878219011092e-07 4.7626319765901986e-07 1.1929990894516903e-06 3.7863681239451528e-06 0.002270177726104033 4.363826478477237e-07 1.5894916000949334e-05 3.06672810855283e-07 0.0015781013863981792 1.3003385300342384e-06 3.862380929059773e-05 6.571844108590602e-05 0.00015075628095283027 0.00034747438387865316 3.95263554370362e-07 8.916780858003477e-06 4.332978345042717e-05 8.89782079693713e-07 0.00019337420390593286 0.0002880620435191374 0.0002166894787389126 8.168788361028017e-06 0.0004636438959331102 4.0380177734119803e-05 0.00010338104037484129 4.117456842524545e-05 6.733848068858581e-06 4.424507664665578e-06 0.0 0.0 0.0 7.640220496312689e-06 0.0 1.5100895070275192e-06 8.88366895829924e-06 1.8688389253285002e-06 0.0 5.506365423297791e-06 8.84718125197188e-08 7.96400398187212e-05 0.0 0.0 0.0 0.0 0.0 0.0 0.0 1.564329080880479e-05 0.0 0.0 0.0 1.9814154599583817e-05 0.0 2.944365398593636e-07 9.484908290792283e-07 5.553976712463148e-06 7.422095988960655e-07 0.0 0.0 0.0 0.0 0.0 5.541883402086012e-07 1.136386997225257e-07 0.0 1.1314411661012462e-06 0.0 0.0 0.0 2.1151089523780586e-07 0.0
4.308825212767895e-06 0.0005062644127319211 6.4420184672975894e-06 1.467421501561716e-05 0.00028003719009423193 0.0002239905496005973 2.7438125354540354e-05 0.00011799132290806502 5.8361568942676566e-05 8.043157211078148e-05 0.002897308643971377 5.8717122193562906e-05 0.0 2.314401438734814e-05 2.327889049100178e-05 1.7189015576245295e-05 4.354528856957654e-06 1.7946322671882564e-05 6.589674286810507e-06 3.079620986022852e-05 2.5146836771273094e-05 7.664822521290498e-05 3.3427817709379846e-05 8.757488219864904e-05 0.003170779321139412 0.0003479865820415822 0.00274596646394171 5.266232932894458e-05 2.5099854779554665e-05 2.736521922682588e-05 0.0007272888791024622 8.713095411823433e-05 2.686443478239865e-07 0.0006731085076043216 1.943660482479062e-05 0.0020543228273170464 0.005312725439756208 0.0034648958549774117 0.0007026395732499172 0.00036382535614605136 3.5797285645862564e-05 0.0006654813036393617 5.4711651474123874e-06 8.741806149213756e-07 9.014698075648705e-06 1.1720137207235008e-06 2.1388685908959163e-07 0.0 5.09099319754895e-07 5.00030955061478e-07 3.920458973630243e-06 8.156093752691792e-06 1.5355547596847085e-06 0.0008588125664148634 1.134956856413852e-06 0.002180842210189486 1.8718848293938326e-06 2.3455654965956435e-06 6.1227707070995024e-06 0.0 3.474019434137595e-05 2.075287651940019e-06 0.0 0.0 3.881432942821546e-06 1.4336069011625383e-06 8.240815857647934e-06 0.0001610335379229434 0.0004024943856019718 0.0004909929736741662 2.014988266608573e-06 2.5956429876172684e-06 0.0 0.00044028912171702146 1.2555431146101091e-06 0.0 3.3669000525807404e-05 7.949980826559831e-06 1.2495108015520464e-05 0.0001768783279531205 8.70487329766717e-05 1.1509274929830107e-05 6.03660329849739e-07 5.850010798562516e-07 0.0002108063335125185 1.917951562615382e-06
0.0024123234175157803 1.3824376750472293e-05 0.00018241970995223108 0.00010135858835932297 3.474937035309482e-05 0.0007183824979356021 0.004106998296696667 0.00391880742689436 5.512048727261517e-05 0.0009639538789550357 5.639279332171295e-05 0.00021311721785271948 2.314401438734814e-05 0.0 2.6980354254539295e-07 2.118065215426176e-05 0.0001603774379165224 1.2146764982532449e-05 4.134225765365004e-05 0.00028891602069780806 0.00016961382079962303 4.867830091645277e-05 0.0004084661147412118 0.0006038335982732662 2.351711790831016e-06 9.152037478464999e-05 0.0002003139308950474 0.0007333638228339091 0.0036471074906118035 0.0017175179318339 6.5766441054941184e-06 0.0001449420535338483 1.1445133193494623e-05 0.0005810397207288727 1.372283111087757e-05 0.000135513486548442 1.0141153225701844e-05 0.0007001146502630314 0.00011780017461334103 4.0247796076002e-05 7.466803066370346e-06 2.3621310582971332e-06 1.4239287072827842e-06 2.951702106154668e-06 8.958815090540543e-07 0.0 5.5478788187237125e-06 0.0 7.092089748325992e-07 1.884970009826061e-05 7.895142148979438e-06 7.514546145934272e-06 6.916912610576062e-06 7.343704304873897e-08 1.7176847566442343e-06 6.028282337560957e-08 5.376219629217868e-06 2.737791626940561e-07 1.5911290986409014e-05 1.078940454286459e-06 0.0 0.0 2.629298303747442e-06 1.1858853597335692e-06 5.423116308663794e-06 1.5912568827751541e-06 0.000117457414369966 9.26754894352488e-08 1.337172592813007e-06 1.2479617439639928e-05 4.030496605361579e-05 4.101303439767748e-06 4.57988856732889e-07 0.0 0.0 1.5736439366166063e-06 1.6339031341802163e-06 1.4042007049517172e-06 3.2023056588110034e-05 0.0 1.656316909605685e-05 2.782242005409762e-06 1.7517444984459715e-06 0.0 0.0 0.0
9.310644722356238e-08 7.32036800860216e-06 0.0 4.0675977097720086e-06 0.001420394393608214 0.00020596538557501458 3.428759922226019e-06 2.3522970347266625e-05 0.00023370376133584857 2.7625142817654525e-06 1.9771597357316404e-06 1.8606126940019617e-05 2.327889049100178e-05 2.6980354254539295e-07 0.0 2.5741494250567225e-06 1.4411181121332413e-07 0.0 0.0 5.991197183701743e-06 8.48888074116135e-06 5.290076836050116e-06 6.012744299619485e-06 2.0819439099530284e-05 0.0 7.637231415908329e-07 7.305712497682355e-06 1.0229017964621627e-05 2.939519570515459e-06 3.29126643805185e-06 1.933081796519298e-07 1.5344749349516555e-05 2.83337890954876e-07 2.729622047512955e-05 1.6411779846561948e-06 2.6743903579055587e-05 1.3373729629037027e-05 0.00010181884908756022 0.00010562659137100931 0.0006969245895804806 4.6307580482059964e-05 2.1838052606933792e-06 0.0 0.0 0.0 0.0 3.3904345611114264e-06 0.0 0.0 0.0 0.0 9.1749597184471e-05 0.0 0.0 0.0 0.0 0.0 0.0 0.0 0.0 0.0 0.0 1.2588493291688004e-06 0.0 0.0 0.0 5.034565214894072e-06 0.0 4.4545091016641373e-07 0.0 0.0 0.0 0.0 0.0 0.0 0.0 0.0 0.0 7.745700055417269e-07 0.0 0.0 0.0 0.0 0.0 0.0 0.0
1.0042202805342996e-06 0.00018556431529480498 9.858591457458622e-07 1.9956334070762393e-05 0.0 2.123199740803268e-06 0.00012403662747254718 8.561586453285248e-06 8.43830239353291e-05 4.260277115225619e-06 3.904615586003013e-06 3.905878219011092e-07 1.7189015576245295e-05 2.118065215426176e-05 2.5741494250567225e-06 0.0 3.8039162612140187e-06 2.869198234033417e-07 4.869463820526297e-06 1.6569972232228196e-06 0.0015311815132582885 0.0009888524061103235 0.0014129351967793104 0.0017251834450814551 1.7699225451351294e-05 4.334927475101443e-06 0.0038486282862407037 0.0006341939697893206 2.4132169582096394e-05 0.00012246696124338624 2.976223389891532e-07 6.996502010719005e-07 7.653853670458648e-06 6.789719024936318e-05 0.00014997413737873413 0.003290311174901392 0.0005213012388144793 0.00031629487524864917 0.00036611363700533894 4.903829899929908e-05 2.7530445000799487e-06 1.6635258984385394e-06 1.2633119766062628e-05 0.0 2.3359585270884635e-05 3.272060984764861e-07 0.0 0.0 0.0 4.6121329663463957e-07 1.2658479157564608e-07 7.330809366259372e-06 1.031540261808194e-07 0.0 0.0 0.0 0.0 9.975585409234075e-07 0.0004789103939087909 4.0552044414447356e-07 0.0 5.687144494734678e-07 0.0 5.305681701938385e-06 0.00012947598203953524 4.351924620214578e-06 1.991297383526123e-05 0.0 6.929027396895931e-07 0.00015658031136048427 1.988940814566369e-06 4.954939972221706e-07 3.9761393022788044e-07 1.0169526594573041e-07 0.0 0.0 0.0 4.430140612207333e-06 8.68276435777883e-06 0.0 2.327027208029602e-06 2.0549883701948186e-06 0.0 1.1875463783043192e-07 0.0 0.0
7.030805515276978e-05 4.355955917427273e-05 0.0037922996801466736 2.3462051111400557e-07 6.032906717729644e-07 3.398137218509121e-06 2.7128452173623318e-05 3.360635211255234e-05 2.5658642042749833e-06 7.328486358578874e-07 6.895063352714008e-06 4.7626319765901986e-07 4.354528856957654e-06 0.0001603774379165224 1.4411181121332413e-07 3.8039162612140187e-06 0.0 0.00039485778320766737 0.0016973601381579406 1.2776487074136232e-07 0.0007086234374286105 8.96286303843384e-06 0.002019518763044236 3.4121171074180313e-06 5.878053232597428e-06 0.002223203133658337 0.006233140214132552 1.6672466720605233e-05 0.00023714532626617903 0.0009153333249176899 5.294567162201271e-07 3.997798029398924e-06 1.6760586802000375e-05 0.0002984597534612397 1.8347036423532e-06 6.325476009680687e-05 5.344666713753336e-05 0.00019581197523084115 3.603969286971262e-05 2.8946992097828473e-06 1.3870868014624293e-06 4.298082736913641e-07 1.0107804189161202e-06 0.0 4.182610511517871e-06 0.0 0.0 0.0 0.0 0.0 0.0 2.993708424516167e-07 0.0 3.939817033510292e-07 0.0 1.8151505472432287e-07 7.292098911234167e-08 0.0 2.424036577970682e-07 9.297606845872866e-07 1.5150290819182132e-07 2.2400781854492323e-06 0.0 0.0 8.449720701835e-07 0.0 2.3155511603814815e-07 7.77152772029556e-07 1.1312557211082508e-05 8.202813666246584e-05 0.0 6.424772261536097e-08 0.0 0.0 0.0 0.0 3.3186126500057984e-07 0.0 2.2107077748929856e-06 1.5541685382369493e-06 4.859296628075499e-06 1.9359106718508563e-06 0.0 0.0 0.0 0.0
3.3626204113427754e-06 1.090805697659256e-05 3.269430480941828e-05 0.0 3.1632694553669344e-06 6.131212254089383e-06 1.4339826903479641e-06 1.0233019730138071e-05 5.790986046832149e-06 1.4708521486198476e-05 0.0012675121448384617 1.1929990894516903e-06 1.7946322671882564e-05 1.2146764982532449e-05 0.0 2.869198234033417e-07 0.00039485778320766737 0.0 0.0005150775494561132 2.3156201495725156e-07 1.1983097789840253e-05 2.5012630784145034e-06 1.0297088922604504e-05 4.102637098086432e-07 2.81103046569283e-05 0.0036088813179985294 0.0015622648764984847 2.4747073472276696e-07 1.9123676883990183e-05 3.858468190027807e-05 2.327104879734984e-05 5.891344156656023e-06 1.30299256639452e-06 0.0006867098805911716 1.595447046226719e-07 1.3938781417902298e-05 7.324120079315688e-06 7.722143643813743e-05 8.051333887918081e-06 0.0 7.154644346518716e-08 6.141687713905658e-07 0.0 0.0 8.139178501672781e-06 0.0 0.0 0.0 0.0 5.49444136109434e-08 7.85704360476002e-08 5.129946155552501e-07 0.0 4.063979997356452e-06 0.0 2.10870696304327e-05 1.9178561721197493e-07 0.0 0.0 0.0 2.8946540966531453e-06 2.38295154683999e-06 0.0 8.076544688191286e-08 0.0 0.0 7.017482232273421e-07 1.9498340294355125e-05 0.00011832103340517584 0.0002169339588917351 0.0 1.3883570784501254e-07 0.0 7.817058203322065e-06 1.537593211124001e-07 0.0 1.1027073614099345e-06 0.0 2.8951305315701907e-06 5.5656238680924955e-06 9.29984074204099e-06 1.7913327541929453e-06 0.0 0.0 0.0 0.0
1.277776489557256e-05 4.646020181139441e-05 0.00020388035135993963 6.291137980383527e-08 3.781766601778012e-06 1.1746051520944736e-05 5.1446124271936115e-06 3.213989633510919e-05 2.9628080475522095e-05 7.004275107616367e-06 0.00031616649926334984 3.7863681239451528e-06 6.589674286810507e-06 4.134225765365004e-05 0.0 4.869463820526297e-06 0.0016973601381579406 0.0005150775494561132 0.0 7.650767629812837e-07 4.122257090530516e-05 1.946595593202334e-05 8.709863187176815e-05 4.258436628070937e-06 8.333499212874707e-06 0.0016850848201898938 0.0018634043161542956 3.4568240085156922e-06 6.066084123609206e-05 0.00014035205781684593 2.6516728747712028e-06 2.4601479741390047e-05 3.0298839846133903e-06 0.0007807007470540723 1.3757269548169484e-06 7.67568380301545e-05 1.3873471329994827e-05 0.00032666544289219125 4.0477165190181824e-05 3.3583169702557756e-06 4.942609618851665e-07 0.0 0.0 0.0 6.347069030426019e-06 0.0 0.0 0.0 0.0 5.497206047472063e-08 0.0 4.165891086289172e-07 1.4186756951028974e-07 2.714886248644744e-07 6.105472312977175e-08 2.503740632120391e-06 1.5697254529405842e-07 0.0 1.0112847395713055e-07 7.725399943299289e-08 1.1796577970274068e-06 2.8815037842820976e-06 0.0 6.71287419453724e-07 1.4863298628221762e-07 0.0 0.0 3.3200934151197088e-06 5.622477255844243e-05 0.00014801272978631056 0.0 1.4855901485446894e-07 0.0 1.4175964721057399e-06 0.0 0.0 1.929655217719068e-06 0.0 3.737347140476368e-06 2.917056934476531e-06 9.179643263245516e-06 2.8568367530588808e-06 0.0 0.0 0.0 0.0
1.680861035987888e-05 2.3348530051614334e-06 3.275441682624936e-07 0.001461478127554427 8.361237707720095e-06 0.0001637993602733876 0.00022452872638562717 0.00025264684751221214 0.0007019119648123359 0.002761055900800289 1.5697563382582254e-05 0.002270177726104033 3.079620986022852e-05 0.00028891602069780806 5.991197183701743e-06 1.6569972232228196e-06 1.2776487074136232e-07 2.3156201495725156e-07 7.650767629812837e-07 0.0 2.935718260401982e-07 1.4181599647843872e-05 1.3240479025611353e-06 0.0007143036852394234 5.13835146188902e-07 1.8910745095791317e-05 1.2688079120696229e-05 0.0015741535534349192 0.00028453060826926657 4.920294373982206e-07 3.9340291076943e-06 1.4860886924215286e-05 8.634917834240748e-06 0.00012918496127794243 0.00016031265776854554 0.0003462706981815108 1.1189281807682095e-05 0.0002995311436571283 8.2475543515729e-05 6.907551781762526e-05 2.9300474188550246e-05 3.3171339892612753e-06 6.905947765439775e-06 1.1189283297803115e-06 0.0 0.0 4.628053980179128e-05 0.0 2.011351586431097e-06 6.167074581646868e-05 1.4263851922698528e-05 5.8311214443076214e-06 5.8144594615382476e-05 2.2124349559748067e-07 1.1169100780121557e-05 3.668198057180911e-07 9.580265452076615e-06 1.806796769519304e-07 7.136548840021957e-06 1.1178857228105143e-07 1.3937704833898106e-07 0.0 3.6444155640739966e-05 0.0 6.327882977149798e-06 3.7449151978579845e-06 0.00019194277076716126 7.205020105937373e-08 8.317228922635853e-07 1.0352083255269833e-06 0.000135375884251308 6.331487756224842e-06 3.0455776037024906e-07 1.9591357664191213e-07 1.191849574829471e-06 5.62708647488461e-07 3.951949371408359e-06 1.154445239321384e-06 1.6567135201043384e-05 0.0 1.636126185452257e-05 2.246751282967337e-06 1.4065403314628998e-06 7.406878952663206e-07 0.0 8.881566306531144e-07
7.708922432394254e-05 2.9696244503506785e-05 0.00031635994840731335 2.3341995472789358e-06 3.3263663980797544e-07 3.3127344751804624e-06 0.0006616873085072547 5.5644976414456766e-05 5.818770877616482e-06 1.5648104024844936e-06 1.5698231508488135e-05 4.363826478477237e-07 2.5146836771273094e-05 0.00016961382079962303 8.48888074116135e-06 0.0015311815132582885 0.0007086234374286105 1.1983097789840253e-05 4.122257090530516e-05 2.935718260401982e-07 0.0 0.000100447396055784 0.009689336603845407 0.0006661947457864062 5.598681054192634e-06 2.570620814484819e-05 0.0006931180982024459 0.0025462011891021234 0.00014708542186937028 0.0054281340433996305 5.355718544135794e-07 2.2895165393050625e-06 2.2344119820461558e-05 0.001929977483326969 0.0002632990385771559 0.002010213455707897 3.0886667048579054e-05 0.0023831771995638925 0.0008034190138612752 9.133267577316566e-05 4.208236282059525e-06 1.8060887800322187e-06 1.6089096538400047e-05 0.0 8.680048799895102e-06 1.1117225594951254e-06 9.736853460833577e-07 0.0 0.0 1.2535803522189854e-06 0.0 3.9844371151519644e-07 0.0 0.0 0.0 0.0 1.4661141529791243e-07 0.0 6.685414094111987e-05 0.0 0.0 4.35475744266061e-07 0.0 5.152762524710668e-06 3.435423398794778e-05 1.3824460185874806e-06 9.295153970163679e-06 0.0 1.341440026433524e-06 8.368999679897122e-06 2.7477936150193903e-06 6.801680857726551e-07 0.0 0.0 0.0 0.0 0.0 7.349864658571779e-06 5.804906666461606e-06 0.0 3.16985164981494e-07 3.392225026836994e-07 2.732180809402294e-07 0.0 2.1048601047075021e-07 0.0
2.0977641540669713e-06 0.0014600223990046915 2.8287779561301026e-06 4.4008618304442506e-05 6.088421404069905e-07 9.363873693854057e-06 9.02112418674417e-05 3.423586196428458e-05 0.0019373137114899036 2.2113579522342315e-05 2.5463957946766904e-05 1.5894916000949334e-05 7.664822521290498e-05 4.867830091645277e-05 5.290076836050116e-06 0.0009888524061103235 8.96286303843384e-06 2.5012630784145034e-06 1.946595593202334e-05 1.4181599647843872e-05 0.000100447396055784 0.0 4.5351802341225475e-05 0.002749104471318441 0.00021258495320248695 3.079442140787258e-05 0.002205941406290047 9.718084739269501e-05 4.658409221390488e-05 2.7942768296741065e-05 3.6754515340888845e-07 1.090351448483051e-06 8.341768457511547e-06 3.2260653337287645e-05 1.0664190145072171e-05 0.0003840707838822328 2.2604710052762544e-05 9.019138519714124e-05 4.474227400577329e-05 3.102337004061114e-05 8.957651908892268e-06 8.446568640865245e-06 3.5287676033593405e-06 0.0 2.902656758638352e-05 2.1831118607423906e-05 1.6813478710396998e-06 0.0 0.0 3.5852034233683194e-06 1.1936676305439675e-06 6.311773798568824e-05 2.580758299496084e-06 0.0 1.4083741995227313e-05 0.0 6.394740749117736e-07 9.437188382041564e-06 0.0003211793590625609 2.184198470644851e-07 4.414798172556783e-07 2.027623787664858e-06 5.951325776522317e-06 4.527432121208565e-06 6.400258564904001e-05 6.748542664174165e-06 8.907442866716549e-05 1.6048824584413715e-06 5.626766860986888e-06 0.00020462481357251636 1.0362496721501416e-05 7.355381166236531e-07 0.0 0.0 0.0 6.851029571133915e-07 1.0244843169359845e-06 6.34384606358284e-07 5.191651805634019e-06 3.679277772448387e-06 6.578940598120322e-06 4.193630542319501e-06 3.9316339144562905e-06 0.0 0.0 0.0
0.0002546902872965773 3.4999853447097364e-05 0.008026458488641182 2.0649595662307574e-06 4.4431286720110427e-07 4.6693766310136865e-06 0.00042637290068595995 9.025328252683666e-05 2.5438650584376196e-06 1.4747906784049153e-06 7.963657333652734e-06 3.06672810855283e-07 3.3427817709379846e-05 0.0004084661147412118 6.012744299619485e-06 0.0014129351967793104 0.002019518763044236 1.0297088922604504e-05 8.709863187176815e-05 1.3240479025611353e-06 0.009689336603845407 4.5351802341225475e-05 0.0 0.0009306842815113728 3.873199853525795e-06 0.0003351036552357768 0.008574149644356033 0.0020259784310509696 0.00034475686375009433 0.005009160282523721 7.738449592876262e-07 1.1982095194326258e-06 1.3653770149472129e-05 0.0006629254860130466 0.00034899120186792607 0.004159404122000914 0.0002876725124660434 0.0029263938147076154 0.002264161402957426 8.837461559927786e-05 2.5207831747374695e-06 4.741790870914819e-06 2.212273445624238e-05 0.0 1.0998593977417772e-05 6.518677140630571e-06 0.0 0.0 0.0 0.0 0.0 4.726318142361695e-06 6.124396395014464e-07 0.0 8.983978343440539e-07 0.0 0.0 0.0 8.720259095858351e-05 2.4182837723735388e-06 0.0 1.7133030102660423e-06 0.0 2.303297588056698e-06 3.702424107864171e-05 3.5635372570180357e-06 5.321945360569925e-06 2.2462690183783375e-06 9.43093415071902e-06 0.0003642817193262442 2.3422947378174066e-06 4.87559227880923e-07 0.0 0.0 8.862494236138477e-08 0.0 7.59531931642059e-07 1.0160702251416419e-05 2.2836567134432976e-05 5.7213578555017765e-06 8.20460773101255e-06 9.38283565454034e-06 0.0 0.0 2.6416211496375017e-07 1.833191590385218e-07
3.749618697765693e-05 0.00022851546047684146 1.0929889808998413e-05 0.0012152124954518994 1.2661710194948763e-05 0.0001383604828209289 0.0018726439473505155 0.00038704166035956984 0.003931532884859258 0.0009282879469771574 1.6682074656984832e-05 0.0015781013863981792 8.757488219864904e-05 0.0006038335982732662 2.0819439099530284e-05 0.0017251834450814551 3.4121171074180313e-06 4.102637098086432e-07 4.258436628070937e-06 0.0007143036852394234 0.0006661947457864062 0.002749104471318441 0.0009306842815113728 0.0 3.966217760260458e-05 1.2570846064214615e-05 0.0014232364702347563 0.004348202955158971 0.0007413048537148972 0.0005876098508669869 2.2228295738816543e-06 1.3082854444306002e-05 0.00017287801281355865 0.00033371551742124203 0.0002677993740816824 0.002869098138605768 6.0337185714960156e-05 0.0009352183204538386 0.0004095189536611627 0.0003114421095650958 8.666815985437799e-05 1.0295407548525532e-05 4.251413418086438e-05 3.3863198478336674e-06 7.183142672275452e-06 9.529557719855696e-08 0.00014370473366095678 0.0 7.520472271944242e-06 0.00020716030562953136 4.598214242924382e-05 3.269137750647419e-05 0.00013783341822101746 5.087946980671953e-07 8.863707991470647e-05 0.0 4.7316542401637757e-05 1.1459457937358947e-06 7.589687165126711e-05 1.1388073973960492e-06 0.0 1.1732834175877439e-07 0.0001992237243124906 1.6582433966497902e-06 5.228296045193968e-05 1.0251094511440096e-06 0.0005886918355418432 2.209849755243469e-06 1.4607926577943545e-06 5.7193828940244327e-05 0.00036896015021698896 2.1095466058605395e-05 1.007807434093843e-06 5.344362172543547e-07 7.623346331684116e-07 4.462884031144159e-06 5.902900852839088e-06 1.0168950935795583e-05 6.366381858307935e-05 0.0 4.224356104768367e-05 1.642649321057748e-05 7.3825882964363526e-06 4.904857391271263e-06 0.0 1.965384640130956e-06
3.7710053742862604e-07 0.0012126898358223533 4.542788910383351e-06 3.7934452888232767e-07 1.5917640244228165e-06 4.557313341840192e-06 4.305156978424561e-06 3.6083242037772477e-06 0.00011706072240377971 1.0778557997412844e-06 0.0005556551875295628 1.3003385300342384e-06 0.003170779321139412 2.351711790831016e-06 0.0 1.7699225451351294e-05 5.878053232597428e-06 2.81103046569283e-05 8.333499212874707e-06 5.13835146188902e-07 5.598681054192634e-06 0.00021258495320248695 3.873199853525795e-06 3.966217760260458e-05 0.0 0.00010954782259701774 0.0038076503217731343 4.314584234785963e-06 1.5165860707038673e-06 9.074555463783777e-07 0.000390312966507035 1.5796657204339964e-06 0.0 5.492846565322002e-05 1.7498218100729868e-06 0.0006099169701349261 0.00023461884283820417 0.0003160706921765153 4.336667314818259e-05 2.366257025969882e-05 1.5475169280365467e-06 0.0002217840281842285 3.7063874703455206e-07 0.0 5.780459806876283e-05 0.0 9.201704362855178e-08 0.0 4.9688839787888e-07 3.4216473243173787e-06 9.403749019710531e-07 0.00016169166334224473 1.2464244270508824e-06 0.00022236001138150677 9.658047341101948e-06 0.0007503542592572454 1.021045692042877e-06 8.3097699682758e-06 1.740111596791115e-05 3.095516678035607e-07 1.2212048999009439e-05 7.494365175248586e-06 0.0 0.0 3.119890587665457e-05 6.024939688974419e-07 5.9220956699606884e-05 2.2858898065385607e-05 9.57655354410599e-05 0.00084281168881772 4.588536678080451e-06 1.1020945633565141e-06 0.0 4.9524125642987587e-05 3.8260267850668846e-07 0.0 1.3714558664186766e-05 0.0 1.70198547680148e-05 1.3762115842621414e-05 3.8874271218625474e-05 5.819960255819901e-06 2.0071517235428965e-05 2.803340230899509e-07 1.661939900067742e-05 0.0
