0.0 0.0 1.5052957122159326e-05 9.203646562464698e-07 5.607205137306855e-07 1.930216253360108e-05 0.0007391911273637726 0.0009264109237095865 1.4029726620138205e-06 2.8900373143698056e-06 1.4621160626295797e-06 2.304256752688333e-07 1.3228316728033288e-06 0.003283545729698302 0.0 2.16466491816931e-07 2.0899414376432067e-05 4.707533530407399e-07 2.053892051138817e-06 8.168654944479043e-08 6.025792235313351e-05 5.585901616816869e-08 0.00013314913017040762 1.8401011410728654e-05 0.0 4.019970979567508e-06 7.12425475812672e-06 9.802350851218106e-05 0.0008382221032681331 0.001232130888176772 2.3386737154356474e-07 3.2136694048039984e-06 2.911650430783402e-05 6.20959074400054e-05 1.719124170790108e-06 2.4347599045181074e-05 4.317541211489255e-07 7.423738513429905e-05 1.465207576316305e-05 1.957442700539461e-06 5.198547911684356e-06 0.0 2.5680777717796476e-07 0.0 0.0 0.0 1.0048789737803148e-07 0.0 0.0 0.0 5.057120666018787e-07 0.0 0.0 0.0 0.0 0.0 0.0 0.0 0.0 0.0 0.0 0.0 0.0 0.0 0.0 0.0 1.722239801855321e-06 0.0 0.0 3.183880406424421e-07 2.1733243459280627e-07 0.0 0.0 0.0 0.0 0.0 1.021066781044918e-07 0.0 8.657325680179636e-08 0.0 0.0 0.0 0.0 0.0 0.0 0.0
0.0 0.0 1.5025995045357557e-06 3.921640495291555e-06 7.357133939747657e-07 3.6340078029611554e-06 1.3254963645967214e-07 4.932484353227716e-06 0.0009321219106997574 5.86350329286883e-07 2.3461244562067637e-05 2.5809766643961493e-06 0.00024412839342016272 6.778533890601887e-07 0.00018097465352810525 1.9091773812310768e-05 2.0704545095355474e-05 2.4274658873853485e-05 3.5875561924354966e-05 3.5981642120790285e-07 1.762626580369163e-06 0.0010674499862856103 6.242197679469848e-06 0.0001316321885152706 0.0010591831529175816 0.000197578009231552 0.0044772535507287756 8.700111690021252e-06 3.766841899967909e-07 1.529345775583235e-07 2.2041199051627338e-05 1.621620798999939e-06 0.0 1.9321655077082053e-05 1.50752698642804e-06 7.264807707315748e-05 0.00015585067437735834 8.998810596141463e-05 2.7879164279836393e-05 1.0188415432772043e-05 3.92689620509306e-07 0.00033139414471116335 3.342778322572895e-07 0.0 3.267436569346942e-05 2.7283780457662864e-06 2.2247520340990687e-06 0.0 1.4679743655580992e-07 4.4889565713637233e-07 4.425351136237996e-07 6.922403746108335e-05 1.1671595324866752e-06 2.3318116112786994e-06 1.1382091482231107e-06 1.5795725073257644e-05 8.422636499133642e-07 0.0 1.4513350696085697e-05 1.7223136820801187e-05 2.2382178161827425e-06 5.261336376621309e-05 3.5064925054199204e-07 0.0 0.00021480600167909404 0.0 6.559443004203727e-05 0.0001230507063706926 0.0001871856724397988 0.001549183988403776 2.3321504724614506e-06 9.418407558035321e-08 3.1298563317255897e-07 1.9237598378066833e-06 2.0168269172208292e-07 0.0 7.722788820022046e-06 6.467209172570425e-07 3.911383822598596e-05 8.01623962565765e-05 6.014957223405937e-05 3.390250524194893e-05 2.0500302559084615e-07 0.0 3.403688127284503e-06 2.2004128150510151e-07
1.5052957122159326e-05 1.5025995045357557e-06 0.0 0.0 4.21316397176649e-07 9.28415879873983e-06 7.900202270777093e-05 8.132485037164705e-05 4.576925037079671e-07 1.5988907322955837e-06 1.2281938327881362e-05 6.964296742290545e-07 3.5027176113957465e-06 9.518769034146949e-05 0.0 2.740750162625986e-06 0.0025011768040027367 5.652488101919122e-05 0.000107021132205073 5.513897916305415e-08 0.00014677444426722808 2.6356381620637755e-07 0.010343014699273213 1.4436711030309883e-05 0.0 0.003766859354510988 0.00247538245730388 0.00011801246706703466 3.21371394112603e-05 0.00013748928739349884 5.4580085131141704e-08 2.295584086585954e-06 2.530304703236693e-06 0.00033488796023006334 6.6594617235424565e-06 0.0001800441498079771 0.00012058900705675936 0.0006904128595846635 0.00018376782991810756 2.7789085521657316e-06 6.990927713044855e-07 1.5750757330865036e-07 2.367379654557967e-06 0.0 1.2461692386056597e-06 1.1774029247835145e-06 0.0 0.0 0.0 9.668042086290214e-08 0.0 0.0 2.7356606748651636e-07 0.0 3.773241197311494e-07 0.0 0.0 0.0 4.3466065301346755e-07 4.2119800465981614e-06 0.0 2.8751317914190387e-06 0.0 1.030667092401016e-06 9.514107456729077e-07 0.0 1.492577073519767e-06 0.0 8.182668992782455e-06 0.000142145293828008 8.366978876183122e-08 0.0 0.0 0.0 0.0 0.0 2.2651221008424916e-07 1.0209326718179828e-06 3.70025830720344e-06 1.1042864388166359e-05 6.577611589895255e-06 2.1532832522364742e-06 1.2012552742533466e-07 0.0 0.0 0.0
9.203646562464698e-07 3.921640495291555e-06 0.0 0.0 2.2951840690616472e-06 3.1035795685837304e-05 3.4556256446032865e-05 8.31684506679935e-05 0.0005782974723951087 0.0017243930037387119 3.357275674184572e-07 0.0011540101266960133 1.8741279604399635e-06 3.471046248894517e-05 9.21566070337155e-05 2.334187999910086e-05 7.594338023787267e-08 0.0 2.679549868022674e-07 0.002937417925670373 2.182579892368133e-06 5.034933584396268e-06 2.8282230970421807e-06 0.001178334377726741 0.0 1.1562899949353922e-06 1.9674932783274715e-05 0.0012928704895906144 3.7781102245984414e-05 2.2060176752429413e-06 1.488391616079561e-07 1.7087350747929347e-06 1.4016923055610806e-06 2.3939739380609803e-05 3.634202467233592e-05 0.0001376262180151126 3.1242518975199687e-06 6.161072937694068e-05 2.3261626150826406e-05 0.00010561330652684974 1.8776356327089936e-05 0.0 2.1922729595114224e-06 1.1634341347943023e-07 0.0 0.0 3.578482085031506e-05 0.0 2.1005299929894272e-06 7.189706412436136e-06 1.675598659099925e-05 3.3489209358610167e-06 4.5061550846578476e-05 2.83553305480092e-07 1.0618992712140298e-05 1.094675357652934e-07 4.543810663993391e-06 0.0 3.932168757737693e-06 0.0 0.0 6.475946479363878e-08 1.4301942212733932e-05 1.65639531717515e-07 3.9055983316522945e-06 1.0374254634313796e-06 0.00012440342998856587 0.0 1.3037979875703531e-07 3.705035929298237e-06 5.111844151247399e-05 2.3398274938808657e-06 0.0 0.0 8.577315403228366e-07 3.9904031718460214e-07 4.406482400548151e-06 1.5190223797815346e-06 8.241445610997727e-06 5.279394640051937e-07 1.1588306772002276e-05 5.292706122250099e-06 3.4867320165532198e-06 3.269857550006263e-07 0.0 2.387506218578662e-07
5.607205137306855e-07 7.357133939747657e-07 4.21316397176649e-07 2.2951840690616472e-06 0.0 0.0004194627026651328 1.1656590470647884e-05 5.573667134493846e-05 7.121402927272805e-06 5.526124920111176e-05 0.00019238209965512378 4.194421729979177e-05 5.078266462894871e-05 4.931017797068871e-06 0.0011971847803805198 6.987892451395817e-08 5.136371087168167e-06 2.6146132060335052e-05 3.0041995032049895e-05 6.999121701613336e-06 6.451413108865361e-07 3.5452183196404e-07 2.0391304569454476e-06 8.21463596629537e-06 1.9933320521811772e-06 0.0001375117776572204 6.059956217901508e-05 2.3090561317605807e-05 7.518134974859117e-05 2.3433373534257297e-06 8.428377461949961e-06 2.2145570043550966e-05 8.965238411750442e-08 0.0005984560187248233 6.325129796485819e-07 0.00029334282726057963 2.1190125966700933e-05 0.00043219545652673543 4.248406244749835e-05 0.0021987214491745823 0.00012568442508761917 3.100118817613903e-06 1.6241558762680487e-06 0.0 0.0 0.0 0.0 0.0 0.0 0.0 0.0 0.0 0.0 7.07893337064203e-08 0.0 3.157833036907702e-07 0.0 0.0 6.110313040400164e-07 0.0 8.474223112964523e-08 1.9184509507147953e-07 0.0 0.0 0.0 0.0 1.6937414928270556e-06 2.432272300146851e-07 1.0875252703698452e-06 2.5213510390912984e-06 5.751834860630189e-07 0.0 0.0 3.9271937401428817e-07 0.0 0.0 6.998006895453644e-08 0.0 1.7295980489846646e-06 6.403769544421801e-07 2.241461565359808e-07 0.0 0.0 0.0 0.0 0.0
1.930216253360108e-05 3.6340078029611554e-06 9.28415879873983e-06 3.1035795685837304e-05 0.0004194627026651328 0.0 0.0002324324157888254 0.005451211458488652 2.5536549235342737e-05 0.005293305120104583 0.00024009658152046554 0.0018563840212962798 5.3705857609769545e-05 0.0003567745594990908 0.0003487585066689739 8.587928852012736e-07 2.208283188650434e-05 5.744105668995706e-05 0.00010030564829622349 7.608878131316677e-05 1.0425192400004729e-05 5.962496229539666e-07 2.7689471393188168e-05 6.461882446482818e-05 3.3129679648030856e-06 0.00032641636768902766 0.0001925306230461912 0.00034147335910356396 0.0001432414000545441 1.7333409435183713e-05 1.568355595419269e-05 0.00013650013737965785 8.100181742002779e-07 0.0004964679303087484 6.779658659925884e-05 0.0003833402837306121 4.2094616013645734e-05 0.0005302864905993588 2.1252366066567476e-05 0.0011491211502901865 3.647450828911039e-05 4.106062849999415e-06 1.2616788756730035e-06 9.072546000341282e-08 1.1301864771468812e-06 0.0 1.022255037074012e-06 0.0 2.1198201383619878e-07 2.4128518575786475e-07 2.567457939860696e-06 5.805150432722312e-07 1.165232168373282e-06 1.253693041489415e-07 1.256083288875251e-06 3.985695477041568e-07 5.488973020701875e-07 0.0 7.453538627321356e-07 2.0194623524932622e-07 0.0 5.243035125141054e-07 6.311901403462546e-06 6.886711419686228e-08 7.14805003089307e-07 3.488949078660699e-07 5.062098868680431e-05 5.307850579826961e-07 4.347874696825462e-06 1.7250023039272522e-05 1.75240011665885e-05 2.0990049074045745e-06 0.0 3.7431893926886625e-07 0.0 1.2851981693888275e-07 1.126184417733622e-06 4.420225155650395e-07 8.465140041825637e-06 1.3511435363641583e-06 6.776867159109321e-06 1.5076232702556535e-06 0.0 8.081434903932472e-07 1.2887455430353298e-07 0.0
0.0007391911273637726 1.3254963645967214e-07 7.900202270777093e-05 3.4556256446032865e-05 1.1656590470647884e-05 0.0002324324157888254 0.0 0.002088003760125576 6.406494459755968e-05 0.0018517282248757493 8.734741730572102e-06 5.212536051282259e-06 6.8070622917396335e-06 0.0036707055313699192 5.531913199356296e-06 2.4956891778961175e-05 1.878173987647379e-05 2.5866292077474e-06 2.940301672171912e-06 7.1645963001718085e-06 0.0002498441945580234 2.705558085028891e-06 0.0004191198847959707 0.001154834798293923 1.263320932728068e-07 1.8396661214007793e-05 0.00011755832852064613 0.008661441081982009 0.0006586925025307309 0.0035350535851631473 6.662256013477044e-07 1.5880024387857545e-05 2.553680292657134e-05 0.00021247118726850728 4.2698035204564195e-05 0.0005682776320366784 1.3573294325915301e-05 0.0004828061169216262 0.00017322880964113513 4.6157740667465455e-05 7.20304080341318e-05 1.6740975385215349e-06 1.2843791675730616e-05 1.6581731000205627e-07 0.0 0.0 1.930452186421164e-06 0.0 0.0 4.438255561215097e-06 3.92347632150168e-06 3.3155825158238567e-06 5.564553618987571e-06 0.0 0.0 6.644560706216067e-07 4.324712690930753e-06 0.0 1.249333281376006e-05 0.0 0.0 0.0 3.4691679021514e-06 7.770069717202048e-07 2.965172074296614e-06 7.174049340416425e-07 9.842288425535117e-05 0.0 3.962131935363672e-07 1.0669123441315403e-05 1.2352513909305937e-05 2.3615525769717275e-06 0.0 0.0 0.0 0.0 1.9801160346061955e-06 1.7783962875369566e-06 1.7572789514612613e-05 5.603252475920865e-07 4.870838897474515e-06 5.424371056152396e-06 1.3144138721225726e-06 2.5587832967449537e-07 0.0 4.843951002364774e-07
0.0009264109237095865 4.932484353227716e-06 8.132485037164705e-05 8.31684506679935e-05 5.573667134493846e-05 0.005451211458488652 0.002088003760125576 0.0 6.615976976557099e-05 0.00204459142093243 0.0001999251185680955 0.0006919306752353559 4.032812783738596e-05 0.004738278510930951 7.928523723398869e-05 6.1257271800761495e-06 9.278773102494233e-05 6.31569646247689e-05 0.00013908125626067413 8.896327759568688e-05 0.00018797198142323448 4.5914429944135025e-06 0.00042194825254813156 0.0004273395341978181 2.8039773437584924e-06 0.0003699163071974171 0.00030650896311176546 0.0012106206093436664 0.000980847995372251 0.0004202412233737258 1.3490450202378086e-05 0.00026057488328228484 7.844321675125767e-06 0.0010306331955102026 3.525061378973219e-05 0.0002647346524211998 3.997275368055439e-05 0.001057586629874513 7.215385456171218e-05 0.000463262148259246 2.8914359328128048e-05 4.13652520165419e-06 2.5790113219652733e-06 8.118980572247737e-08 8.200484586560915e-07 0.0 2.7941895601987373e-06 0.0 1.121912911059844e-06 2.8962304124964105e-06 3.5750698233181657e-06 4.686968397101812e-06 2.9894461174400324e-06 3.288686909269726e-07 1.0261786221640165e-06 7.294826889033539e-07 1.343186308799347e-06 0.0 3.4013922030970043e-06 2.349818336373943e-07 3.7587777607633157e-07 1.2773037966494274e-06 1.6629825727836892e-06 0.0 5.570986678476494e-06 8.678563282019635e-07 0.00016189877831112632 7.911001387876961e-07 8.389402757038851e-06 2.3310948248767717e-05 2.3393712680097758e-05 3.144513149672064e-06 0.0 3.888724883046009e-07 0.0 6.524085061739081e-07 2.3790358085892616e-06 1.865764942690279e-06 1.2658952132973545e-05 4.171549418801738e-06 9.022800286326645e-06 3.4888411566687835e-06 2.4205564206510767e-07 5.038532808221974e-07 0.0 0.0
1.4029726620138205e-06 0.0009321219106997574 4.576925037079671e-07 0.0005782974723951087 7.121402927272805e-06 2.5536549235342737e-05 6.406494459755968e-05 6.615976976557099e-05 0.0 0.0002520244134322198 2.5871385071429794e-06 0.00017671680813681806 1.090138005487458e-05 2.9206586047917234e-05 0.0002839354091006268 8.557184714240284e-05 3.811605802452309e-06 7.243226578104553e-06 8.067577367366533e-06 0.0002995756802095535 1.850113621485683e-06 0.0015705345621231071 2.711637286432587e-06 0.003937546693430328 6.345145647758166e-05 6.67526224535804e-05 0.0015245112277534104 0.0009149877106497727 3.141951180106986e-05 4.356544577632771e-06 3.0281555311877773e-06 1.1690652259121515e-06 3.9476791430117515e-06 1.7507388711052993e-05 1.5926621172877475e-05 0.00021476752746986153 2.499101490400133e-05 5.956180006079156e-05 3.610671423941663e-05 0.000392093288938602 9.126382313384224e-06 8.079856160457297e-06 2.695095790385007e-06 3.6429326966468866e-07 5.222939483356998e-06 6.059180702733827e-07 1.7700343292916714e-05 0.0 1.8851268940620146e-06 4.4048202238322284e-06 7.277081277159056e-06 8.53111839215596e-05 1.7725349814049893e-05 4.23087484391168e-07 2.3915489706067567e-06 9.662812285194225e-08 2.325572381019828e-06 0.0 0.00027907030752870093 5.657250063009718e-07 7.151571135384108e-08 8.407930195778093e-07 2.5645086575397848e-05 9.628641127467512e-06 7.820339941054024e-05 6.32448672100644e-07 0.0004940204903675393 1.1131497829426839e-06 3.8105875258815605e-06 4.3906443973991065e-05 5.915509076677506e-05 3.5159109861602187e-06 0.0 1.499164154364694e-07 1.4927883954951312e-07 9.098716523590992e-07 4.6997568882676495e-06 1.2957513138042568e-06 3.2324865240609714e-05 2.2864754726528663e-06 1.283371606742424e-05 5.270028703083928e-06 6.663466513637157e-06 4.337680915549044e-07 4.67832534250898e-07 1.540456765448903e-06
2.8900373143698056e-06 5.86350329286883e-07 1.5988907322955837e-06 0.0017243930037387119 5.526124920111176e-05 0.005293305120104583 0.0018517282248757493 0.00204459142093243 0.0002520244134322198 0.0 4.579189446472658e-05 0.00222895404893335 3.087650820794375e-05 0.0005332794749863534 5.662735016248883e-05 6.543107502025882e-06 1.7145955240370665e-06 6.8659332659214216e-06 5.673248415595937e-06 0.0019832823538692 2.3998963579358718e-06 5.214666239490372e-07 4.095127929011706e-06 0.0006905522196553258 9.657061197011129e-07 7.413976458350693e-05 5.6142377886308195e-05 0.005631286350245487 0.0006313184551709377 6.026992833476422e-06 4.417530470052053e-06 8.321884620773201e-05 4.13436375260494e-06 0.0004119107403308018 5.06480857138829e-05 0.0009154433442579038 1.6768953417508638e-05 0.0012535703318198377 0.00025349595152274494 0.00016954489221227516 0.00019884499338435602 2.967058936942873e-06 2.8435159644246852e-05 7.407207701446534e-07 1.0605714402260282e-07 7.785310414915621e-08 2.5801147095074503e-05 0.0 3.8053611545214592e-06 1.0693722861536615e-05 2.959069547412048e-05 6.860517674721541e-06 2.0252185743574688e-05 1.1477819179261935e-06 1.461130358173197e-05 0.0 1.0184445387867994e-05 0.0 9.489575342344029e-07 0.0 0.0 1.8221177523812168e-07 2.0850596307671154e-05 0.0 1.8628684630102585e-05 7.283290142240301e-07 0.0004069283441152471 1.3346506464462302e-07 1.0811304185756463e-06 4.9246800329008806e-06 9.644735773165661e-05 1.1289823951804276e-05 7.907608133890995e-07 2.1964399466223607e-07 1.8965038086091432e-07 4.631985405385399e-07 1.1092477915353793e-05 5.527092896710575e-06 4.715966916725548e-05 1.4396862425417178e-06 2.3968188439067595e-05 1.02821516547506e-05 5.372502990985384e-06 1.733959886600514e-06 0.0 1.21279131106941e-07
1.4621160626295797e-06 2.3461244562067637e-05 1.2281938327881362e-05 3.357275674184572e-07 0.00019238209965512378 0.00024009658152046554 8.734741730572102e-06 0.0001999251185680955 2.5871385071429794e-06 4.579189446472658e-05 0.0 5.961677902748352e-05 0.002295795108322893 2.122136634684259e-05 1.8604078044573266e-06 6.423981611539779e-07 0.0003660825831702055 0.0019064075672462185 0.000611717130912388 4.0515437710223495e-06 2.551983529130079e-05 4.36541195770599e-06 2.3704923943776704e-05 3.0542386425938778e-06 0.00022332657553721924 0.00284745505932106 0.0006440422018798069 1.3138566724784943e-05 1.930821990047597e-05 1.3272197306954438e-05 0.00015843410897181055 0.00011933389098617327 2.1045602111897073e-06 0.002799380380019798 5.411894807486621e-06 0.00033183362183840707 0.0013194097119934988 0.0016132519790819449 0.0003619499983172947 1.716536121032723e-05 4.13670316398666e-05 0.00042451916938756007 9.787036592769459e-06 0.0 1.0922861096965053e-06 0.0 0.0 0.0 2.2959724659459588e-07 0.0 8.220223535812404e-07 9.527369393443177e-08 0.0 6.36164549490627e-05 5.801433756826463e-08 0.0004192560689148149 1.5839567447214756e-06 0.0 8.105214770194126e-07 7.071675219371592e-08 8.318511694526019e-06 1.8165890945855858e-06 1.1147063259777394e-07 0.0 5.589697919383542e-07 0.0 1.6899575984768512e-06 1.5328033742544067e-05 0.00014803663197808086 0.00017739444734214872 0.0 6.452926452520018e-07 0.0 7.770523913084558e-05 1.1150913793677483e-06 0.0 1.0721811617500985e-06 2.0008203835130118e-06 6.921806831160309e-06 5.092706665713076e-05 1.2097218132287362e-05 6.080968001670644e-06 5.599781779809229e-07 0.0 1.3576017760127855e-05 0.0
2.304256752688333e-07 2.5809766643961493e-06 6.964296742290545e-07 0.0011540101266960133 4.194421729979177e-05 0.0018563840212962798 5.212536051282259e-06 0.0006919306752353559 0.00017671680813681806 0.00222895404893335 5.961677902748352e-05 0.0 2.918249588613138e-05 0.00012249558787724515 0.00013404680582939862 7.767587964681124e-07 1.5269249117970807e-06 8.138810707144592e-06 9.604822081388535e-06 0.0034836273323529954 6.276816996634673e-07 6.8787717995553495e-06 1.2694694661335537e-06 0.0003639139655278446 1.620571671190269e-06 8.818676110623642e-05 5.304828884203322e-05 0.000273149016779662 0.00026147169613878365 3.9017158815475186e-07 5.716723073259506e-06 6.760184657771894e-05 0.0 0.0002795779188088212 0.0002443978994176394 0.00012121927403453856 1.104559066228761e-05 0.0007846310903427955 7.376052158115894e-05 0.0006678202537074147 8.800772696764698e-05 8.575976113208768e-07 4.7724193492926796e-06 0.0 8.120199548443041e-08 0.0 3.4478432440025145e-05 1.7359813554577306e-07 2.4714540070952854e-06 6.568593039297458e-08 5.478868434404049e-06 2.6489432544673663e-06 4.8065087340329565e-06 4.076050558337036e-07 0.00012646163756496327 4.328252254828334e-07 4.293117379546067e-06 0.0 2.721693785430234e-07 6.973981267862286e-08 5.509514626456165e-08 1.4848240900040241e-07 4.537574528142729e-05 0.0 4.157511864792476e-07 0.0 1.507755867777343e-05 1.315691798268829e-07 8.546283666263581e-07 1.6858816413624338e-06 9.027840594514709e-07 2.446494131462484e-06 0.0 5.233329136413186e-07 4.5823044795186347e-07 0.0 1.372735962950612e-06 1.5234859516651537e-07 1.2077266615869766e-06 6.633569822642905e-07 7.528889007316123e-06 1.2843175410081624e-06 2.0474313353082594e-06 5.629539107745453e-07 0.0 0.0
1.3228316728033288e-06 0.00024412839342016272 3.5027176113957465e-06 1.8741279604399635e-06 5.078266462894871e-05 5.3705857609769545e-05 6.8070622917396335e-06 4.032812783738596e-05 1.090138005487458e-05 3.087650820794375e-05 0.002295795108322893 2.918249588613138e-05 0.0 4.046712952522398e-06 5.063224596473614e-06 2.084319602989307e-06 1.6647202801482719e-06 3.184672957767476e-05 1.1008429785216937e-06 3.923324550227184e-06 1.2408754166832825e-05 2.114902350934956e-05 2.363575092226072e-05 1.112330712313745e-05 0.0031177522260774243 0.0016547824014008278 0.0021588776710180085 2.1045352931754215e-05 2.597538490367058e-06 3.88578231710917e-06 0.0009748829751055886 1.72772382174757e-05 5.95690182785766e-08 0.00040329801683395953 1.656848370540542e-05 0.0015127819632709553 0.003757754027750373 0.0025000564948700395 0.0005417962702613039 1.8221364122197767e-05 5.569765521012853e-05 0.0008045914037981098 3.373679480535711e-05 2.476744178096577e-07 3.487081325323165e-06 0.0 0.0 4.828017203087822e-07 8.504453613380863e-07 0.0 1.5988914968863875e-06 8.572084946768825e-07 1.3064830666313846e-07 0.0006726329652225708 1.761699459406282e-07 0.0028150561391248083 3.4924028172405855e-06 0.0 0.0 3.363924883493646e-07 2.3613650053712664e-05 2.708529279429958e-06 0.0 0.0 1.730531876501166e-06 8.496015043137066e-08 2.1122752600788708e-06 9.432188119968258e-05 0.00036963134758826415 0.00038357058888452487 1.9585359070089525e-07 1.4729926371469371e-06 0.0 0.0004207396187650926 2.0272341995564e-06 0.0 5.4324464621486145e-06 1.2993377176267326e-05 5.692314736295088e-05 0.00037164326914211236 5.936405349891002e-05 3.2712014188325036e-05 0.0 6.949933139455853e-07 0.00029636148239604523 5.012418231173626e-06
0.003283545729698302 6.778533890601887e-07 9.518769034146949e-05 3.471046248894517e-05 4.931017797068871e-06 0.0003567745594990908 0.0036707055313699192 0.004738278510930951 2.9206586047917234e-05 0.0005332794749863534 2.122136634684259e-05 0.00012249558787724515 4.046712952522398e-06 0.0 3.751472871149331e-06 8.186950073225364e-06 0.00012684671227886394 7.921985985421446e-06 2.3191274015602796e-05 4.408721342513745e-05 0.00023500427660298265 1.6385403087407733e-06 0.0006939168487296802 0.0004454290443000772 2.7675647007094923e-07 4.822795674318188e-05 8.79267228673773e-05 0.0011474225400524248 0.004960527365821472 0.0015273966896089553 1.7166694465540844e-06 9.782803922393274e-05 1.7787106326617305e-05 0.0010942708037212784 1.0173630649631874e-05 0.0001313893978065297 8.616347943972396e-06 0.0007775332854429763 7.636274625129134e-05 1.8924968738372388e-05 1.0094415552577619e-05 2.5294444184327636e-07 2.808008053481431e-06 1.256837311941582e-07 0.0 0.0 3.3901151877997178e-06 0.0 5.387286266789395e-07 7.335071835953329e-07 3.111022958360408e-06 3.7248603051879338e-06 3.4631227304998223e-06 0.0 4.6108233888076917e-07 1.1441160927801394e-07 4.0318757239144736e-07 0.0 4.5756295908812885e-06 7.156864288289533e-08 0.0 1.4444642906228198e-07 1.170780345079854e-06 0.0 2.482930493210482e-06 7.183076263283521e-07 6.911885127882911e-05 8.084348977939148e-08 1.306832211560444e-06 5.627277803137265e-06 1.3146971666686794e-05 1.4489636726628574e-06 0.0 5.547985558870933e-08 0.0 7.023540951473065e-08 2.3835569814671997e-06 1.1752457519814014e-07 6.961986667711819e-06 7.782430638267838e-08 5.597959459549513e-06 1.2410503577898064e-06 0.0 0.0 0.0 0.0
0.0 0.00018097465352810525 0.0 9.21566070337155e-05 0.0011971847803805198 0.0003487585066689739 5.531913199356296e-06 7.928523723398869e-05 0.0002839354091006268 5.662735016248883e-05 1.8604078044573266e-06 0.00013404680582939862 5.063224596473614e-06 3.751472871149331e-06 0.0 2.4468919371348236e-06 5.227985957423761e-07 1.2382741340436333e-06 1.6414800729984539e-06 3.6594798801577715e-05 2.8811269315252525e-06 0.00013818330069864331 1.0248639792751034e-06 0.0002860656329386703 7.1307066593175856e-06 1.5803046374267095e-05 0.0002607481374448122 0.00021765309811575494 2.8460606509607856e-06 1.762408529994729e-06 7.24869595826746e-07 4.296159631739595e-06 1.0477574444955304e-07 2.842633908443762e-05 2.387524792673824e-06 9.400984865625337e-06 3.5911520788223437e-06 1.539619786464937e-05 1.2707386682987424e-05 0.0017476073362673828 7.326253148299298e-05 1.0008379147747142e-06 9.865368827745635e-07 0.0 8.768562391682441e-07 1.2241443922289199e-07 1.6177347553183866e-05 0.0 1.2866599577778766e-07 3.5921016405253086e-06 2.9681670365489448e-06 5.995511085671508e-06 1.3487819644102708e-05 5.558222119002807e-07 2.9127669496264933e-06 7.30870328368551e-08 1.8591923672251683e-06 0.0 6.876079151045362e-06 0.0 0.0 0.0 1.9856509063405136e-05 3.621039785874654e-07 2.433132456062617e-05 0.0 5.1677269702195534e-05 9.19522590549115e-07 9.477644885900615e-07 9.296352017735596e-06 1.5196140124993804e-05 3.6718811421266274e-07 0.0 0.0 0.0 0.0 5.175539288166195e-07 0.0 9.398172389352353e-07 0.0 8.41737081688352e-07 2.639450466423693e-07 0.0 0.0 0.0 0.0
2.16466491816931e-07 1.9091773812310768e-05 2.740750162625986e-06 2.334187999910086e-05 6.987892451395817e-08 8.587928852012736e-07 2.4956891778961175e-05 6.1257271800761495e-06 8.557184714240284e-05 6.543107502025882e-06 6.423981611539779e-07 7.767587964681124e-07 2.084319602989307e-06 8.186950073225364e-06 2.4468919371348236e-06 0.0 4.5168338797413794e-06 1.841209748585686e-07 8.30722981861577e-07 9.50718158569912e-06 0.0015054801683382477 0.0010419716083091752 0.0015608217416671819 0.002896704094510758 2.1962926918949686e-06 5.794546055261686e-06 0.0032427094342426816 0.000896925030746055 4.312538761468686e-06 2.73583729588691e-05 0.0 8.105315150043901e-08 8.541189361580695e-07 3.9102386283235554e-05 0.00010309708869919051 0.002558177216171827 0.0014544731565090722 0.00031550814290532217 0.0005109994209762611 1.1176066875944963e-05 1.8998039572806932e-06 7.20086506907704e-07 2.183430759597909e-05 0.0 1.2331425337136269e-06 1.9979895188312032e-06 1.8164893810220832e-07 0.0 1.1451823692692597e-07 0.0 1.7720294088434406e-07 3.9358955022021526e-05 1.3599972575688087e-06 0.0 6.38568456891918e-07 0.0 8.898313887946691e-07 0.0 0.0012037371637015645 1.1828759094459242e-06 0.0 4.160835431788066e-07 3.6716366915240207e-07 0.0 0.00018466722351979088 2.4828676853527914e-05 4.126466932082696e-05 0.0 2.087797338797698e-06 0.0005383875144644032 4.872627553893426e-06 3.862163490054818e-07 0.0 0.0 0.0 0.0 7.912604407110144e-07 4.623757430755703e-06 7.369378187533644e-05 3.3071046925804804e-05 9.954346405865416e-06 4.1245169437274265e-05 2.0028125794651796e-06 1.1659630953359837e-06 0.0 0.0
2.0899414376432067e-05 2.0704545095355474e-05 0.0025011768040027367 7.594338023787267e-08 5.136371087168167e-06 2.208283188650434e-05 1.878173987647379e-05 9.278773102494233e-05 3.811605802452309e-06 1.7145955240370665e-06 0.0003660825831702055 1.5269249117970807e-06 1.6647202801482719e-06 0.00012684671227886394 5.227985957423761e-07 4.5168338797413794e-06 0.0 0.0004737740615885742 0.0008129759888548422 3.4167710514460457e-07 0.0004869166960647758 3.997660329148416e-06 0.003272176891922511 8.631213205755999e-06 1.756937396734336e-06 0.00215553943865744 0.005430784362088382 5.958905271213615e-05 0.0001805214794747859 0.0004170020992610437 4.7005657324945917e-07 9.471971578447684e-06 1.2300356195297103e-05 0.0008415064873825813 7.783895889160954e-06 0.0002479168349775615 8.426826470936407e-05 0.0006826121901406847 0.00030221745469341543 2.93371304576129e-06 2.6984901857958154e-06 6.56308307028561e-08 1.9278234686250764e-06 0.0 4.280793896122834e-06 9.458665557612405e-07 0.0 0.0 0.0 0.0 6.382992990836318e-08 8.147012109513185e-07 0.0 7.37130808790396e-07 0.0 3.6525022605299567e-07 0.0 0.0 0.0 6.059692219442737e-06 3.2037859818574507e-07 2.507479407293897e-05 0.0 6.395362431628205e-08 4.5424731762235406e-07 1.211240065556351e-07 3.7819189752495314e-07 4.597449313929536e-06 7.349362151667235e-05 0.000245141485939652 0.0 7.54627420746992e-08 0.0 1.2912136421490518e-07 0.0 0.0 2.9240494809002908e-06 2.6921201067436504e-06 2.181743203382537e-05 3.776146154118981e-05 2.8289673191466828e-05 1.5161284734957035e-05 0.0 0.0 3.410539745624716e-07 0.0
4.707533530407399e-07 2.4274658873853485e-05 5.652488101919122e-05 0.0 2.6146132060335052e-05 5.744105668995706e-05 2.5866292077474e-06 6.31569646247689e-05 7.243226578104553e-06 6.8659332659214216e-06 0.0019064075672462185 8.138810707144592e-06 3.184672957767476e-05 7.921985985421446e-06 1.2382741340436333e-06 1.841209748585686e-07 0.0004737740615885742 0.0 0.0006910192131658585 5.557224928754146e-07 7.671279872232716e-06 8.392931988037857e-06 3.555478869901008e-05 2.1433946136883743e-06 3.26956184396687e-05 0.004238506395662147 0.0014993635595260987 1.990897212767408e-06 8.021601402772234e-06 4.123494138594577e-06 2.5594236093208496e-05 3.29616395851812e-05 1.3639838449410218e-07 0.0008166111692151442 1.027546955711425e-06 4.401024205802562e-05 1.0391488849629353e-05 0.00031500036546596675 7.918651186586953e-05 8.801717506535819e-07 1.1152601081739938e-07 1.0493495191574971e-06 6.646987626653658e-08 0.0 3.3945502786759064e-06 0.0 0.0 0.0 0.0 0.0 1.7872472234465371e-07 0.0 0.0 2.5280555938518205e-06 0.0 2.7316155859198927e-05 1.2767761470745639e-07 0.0 0.0 1.4307886229022205e-06 2.0569476618259547e-06 6.849869513514688e-06 0.0 0.0 2.2702745690400713e-07 0.0 7.546920505153398e-07 2.485738605854524e-05 0.00015799302261576393 0.00022736212221449956 0.0 0.0 0.0 1.3660878939741077e-05 0.0 0.0 1.1862414688607151e-06 0.0 6.929960629559339e-06 3.621730008753658e-05 1.509998771961708e-05 7.562356320978659e-06 0.0 0.0 2.995279448286772e-07 0.0
2.053892051138817e-06 3.5875561924354966e-05 0.000107021132205073 2.679549868022674e-07 3.0041995032049895e-05 0.00010030564829622349 2.940301672171912e-06 0.00013908125626067413 8.067577367366533e-06 5.673248415595937e-06 0.000611717130912388 9.604822081388535e-06 1.1008429785216937e-06 2.3191274015602796e-05 1.6414800729984539e-06 8.30722981861577e-07 0.0008129759888548422 0.0006910192131658585 0.0 4.947985705407568e-07 3.235522071885424e-05 9.01089038645312e-06 0.00022547940081048715 3.122456403474729e-06 8.33948097414625e-06 0.0011475885744679857 0.0013393508909113221 7.905419006654658e-06 3.0150451634046836e-05 2.7976162038650928e-05 9.591698622991676e-07 6.342844138780984e-05 1.4828770322160774e-06 0.0013403180039736758 7.367557278490097e-07 7.002404746934748e-05 1.7387999894173652e-05 0.00048040758407212364 8.669321758174898e-05 1.6713453065425039e-06 2.3229322653594056e-07 1.145522066040532e-07 9.988642383040801e-07 0.0 5.5969432746807475e-06 1.7695730516599155e-07 0.0 0.0 0.0 0.0 1.9536541858762584e-07 1.4601167750977097e-07 0.0 4.4355219415607677e-07 1.4848450616374918e-07 8.91540598767733e-07 4.0402673810511125e-07 0.0 0.0 1.7906588822254162e-06 7.551572603283711e-07 1.5507334201763766e-05 0.0 6.579751695938362e-08 6.110319375581107e-07 1.582996566129068e-07 5.242516022599101e-07 1.1059059355277699e-05 0.00010300267815181419 0.00020631190000805865 0.0 0.0 1.6201631066330525e-07 6.893999881520664e-07 0.0 0.0 3.09021999908539e-06 4.63729543390213e-07 1.5831586872323624e-05 4.1652756481533184e-05 2.7198238311634596e-05 1.2699555219687065e-05 0.0 0.0 0.0 1.9547718537901e-07
8.168654944479043e-08 3.5981642120790285e-07 5.513897916305415e-08 0.002937417925670373 6.999121701613336e-06 7.608878131316677e-05 7.1645963001718085e-06 8.896327759568688e-05 0.0002995756802095535 0.0019832823538692 4.0515437710223495e-06 0.0034836273323529954 3.923324550227184e-06 4.408721342513745e-05 3.6594798801577715e-05 9.50718158569912e-06 3.4167710514460457e-07 5.557224928754146e-07 4.947985705407568e-07 0.0 4.655863466951681e-07 9.858235796298823e-07 7.825473714460327e-07 0.00035972939845909047 0.0 8.448135632468121e-06 1.1394539981712074e-05 0.0014082975601122723 6.422343830185715e-05 9.143017297041618e-07 5.235120244984031e-07 1.058421300567035e-05 2.5760374897259337e-07 4.951250738608058e-05 0.00014865404498295317 0.00014210077324016272 2.0138266902146802e-06 0.0001535211549820018 3.803225190922099e-05 6.278014698637008e-05 2.2483822688482095e-05 0.0 1.8231501465750161e-06 0.0 0.0 0.0 1.1698654783230071e-05 0.0 1.4489060389003612e-06 1.0049902108194993e-06 5.922979959501069e-06 2.960698535425735e-06 6.07400358434146e-06 0.0 2.7151344494010224e-05 7.890989425094984e-08 2.428024386560725e-06 0.0 1.5504614470355244e-06 0.0 0.0 0.0 4.828692435071851e-06 0.0 1.3480151366325273e-06 0.0 5.34198456861017e-05 0.0 0.0 1.5918177376109401e-06 2.552402932854208e-05 2.5556357713205084e-06 0.0 0.0 1.6285287130687434e-07 0.0 1.9233836645927203e-06 6.728421680908316e-07 7.901818341029153e-06 1.3699153765537467e-07 7.0561835447267686e-06 1.6757533035974335e-06 7.269728595158489e-07 7.605358617174506e-07 7.412116920541337e-08 0.0
6.025792235313351e-05 1.762626580369163e-06 0.00014677444426722808 2.182579892368133e-06 6.451413108865361e-07 1.0425192400004729e-05 0.0002498441945580234 0.00018797198142323448 1.850113621485683e-06 2.3998963579358718e-06 2.551983529130079e-05 6.276816996634673e-07 1.2408754166832825e-05 0.00023500427660298265 2.8811269315252525e-06 0.0015054801683382477 0.0004869166960647758 7.671279872232716e-06 3.235522071885424e-05 4.655863466951681e-07 0.0 9.369175841826755e-05 0.013278201494021254 0.0004974172392052253 1.4895861253691547e-07 1.1024707759582722e-05 0.0008751730169703054 0.002507471849204577 0.00019922574538311385 0.0036375689498262414 5.2700955774724205e-08 1.3932136598364543e-06 2.621263235639284e-05 0.0018401869558555906 0.0002349519305620669 0.0023354844309396525 7.860042347446922e-05 0.0027611314028866936 0.0013209772477689905 2.1224876607797627e-05 9.403634899120756e-06 1.4861426104605837e-06 3.3554428489933515e-05 0.0 0.0 0.0 0.0 0.0 0.0 0.0 0.0 2.2935763694404754e-06 0.0 0.0 0.0 0.0 0.0 0.0 6.6127829361588496e-06 5.251746053551787e-07 0.0 4.1338822952373345e-07 0.0 0.0 0.0 1.2106011079445853e-06 3.5129986597896587e-06 0.0 1.9449835077099678e-07 5.528701808754307e-06 5.294982571217559e-07 0.0 0.0 0.0 0.0 0.0 3.6180522019235775e-07 1.185905712462762e-05 7.847831572900171e-06 7.617696818970708e-08 5.809589646927477e-07 5.327238035763357e-07 0.0 0.0 0.0 0.0
5.585901616816869e-08 0.0010674499862856103 2.6356381620637755e-07 5.034933584396268e-06 3.5452183196404e-07 5.962496229539666e-07 2.705558085028891e-06 4.5914429944135025e-06 0.0015705345621231071 5.214666239490372e-07 4.36541195770599e-06 6.8787717995553495e-06 2.114902350934956e-05 1.6385403087407733e-06 0.00013818330069864331 0.0010419716083091752 3.997660329148416e-06 8.392931988037857e-06 9.01089038645312e-06 9.858235796298823e-07 9.369175841826755e-05 0.0 2.1222413391142323e-05 0.002195270473159573 0.00017965628943582594 5.772796675659634e-05 0.00312765424097233 9.751199035054907e-05 3.979057556369572e-06 1.5120957441607706e-06 6.098554786189787e-06 3.02759564318782e-07 8.798358440681499e-07 7.115097903975293e-06 3.826740839178199e-06 0.0001258731783522449 3.46969127493299e-05 3.606256110845016e-05 1.6511128679948385e-05 1.2408158861894573e-05 1.2031969853670314e-06 2.5809173550875205e-05 3.5042417685489097e-07 0.0 2.894333670244698e-06 2.1383780241993044e-06 9.864892542288676e-07 0.0 0.0 1.6804219933481819e-06 3.213795622361569e-07 4.140680902312596e-05 1.8608983003805025e-06 7.806573139024875e-08 1.4272128720141831e-06 2.14289707260708e-06 4.492283688245186e-07 0.0 0.00031036134910746824 4.46149312506528e-07 0.0 1.5743406718721002e-06 3.2522822288878088e-06 2.1585410264331486e-06 7.553969666450425e-05 8.608709851147612e-06 9.650467336976455e-05 9.59506844773088e-08 5.510225848821587e-06 0.0002574859182606989 4.793900910212625e-06 1.5695139138954518e-06 0.0 3.2033780180501507e-07 0.0 1.0710943942274438e-07 2.7284621616773984e-07 4.960129045776132e-07 1.9329603096789042e-05 1.2803580064969854e-05 8.430325524628675e-06 7.237023917131541e-06 1.0199253452798134e-06 0.0 0.0 0.0
0.00013314913017040762 6.242197679469848e-06 0.010343014699273213 2.8282230970421807e-06 2.0391304569454476e-06 2.7689471393188168e-05 0.0004191198847959707 0.00042194825254813156 2.711637286432587e-06 4.095127929011706e-06 2.3704923943776704e-05 1.2694694661335537e-06 2.363575092226072e-05 0.0006939168487296802 1.0248639792751034e-06 0.0015608217416671819 0.003272176891922511 3.555478869901008e-05 0.00022547940081048715 7.825473714460327e-07 0.013278201494021254 2.1222413391142323e-05 0.0 0.00042215959679766377 1.3255648500872637e-07 0.0010764883641347048 0.007872250429921337 0.0024519064046113464 0.0006364291293142078 0.00345490816987849 3.8807144836521765e-07 6.240932210692326e-06 3.668242662024525e-05 0.0016947007021149332 0.00026439126330440285 0.0031962557509987357 0.0013876890316910423 0.0038495150339977486 0.002949540985863163 4.488127032940547e-05 1.3477897609320583e-05 3.4872756897667794e-06 4.049288287134721e-05 0.0 2.1397960561489408e-07 1.4551051663715878e-06 1.2386579640883565e-07 0.0 0.0 0.0 3.2906611919516404e-07 2.6258439832480857e-06 0.0 0.0 0.0 0.0 2.082675224855018e-07 0.0 2.9759701630218552e-05 5.6295482063760155e-06 0.0 9.643678673404588e-07 9.359871141482332e-07 3.489809090396484e-06 3.1460046314911033e-06 2.439844066903983e-05 6.642234837375887e-06 1.6822137354371219e-06 3.067935967348987e-06 0.00023173758555936755 7.086221122499292e-07 2.999268973872217e-07 0.0 0.0 0.0 0.0 6.433909276987036e-07 1.1082137796858945e-05 3.465131643683773e-05 1.907353463522717e-05 7.937788520841526e-06 1.4115489798445042e-05 8.94578230648262e-08 5.31528496927761e-07 0.0 9.033175472232555e-07
1.8401011410728654e-05 0.0001316321885152706 1.4436711030309883e-05 0.001178334377726741 8.21463596629537e-06 6.461882446482818e-05 0.001154834798293923 0.0004273395341978181 0.003937546693430328 0.0006905522196553258 3.0542386425938778e-06 0.0003639139655278446 1.112330712313745e-05 0.0004454290443000772 0.0002860656329386703 0.002896704094510758 8.631213205755999e-06 2.1433946136883743e-06 3.122456403474729e-06 0.00035972939845909047 0.0004974172392052253 0.002195270473159573 0.00042215959679766377 0.0 1.3084926045952488e-05 2.2322288506934032e-05 0.0021219410283758776 0.003068449048787514 0.0004105326062448205 0.00022115901404871132 6.681959846165205e-07 8.210089878679958e-06 5.604289223913154e-05 0.0002228704032502911 0.0001852466767976597 0.0027862161352255853 0.00012439294909251999 0.0006972030711197596 0.0004560915572859145 0.0003093397788269951 0.00010806505910425658 3.741121813544632e-06 4.392494144623218e-05 5.341168017307928e-06 7.056044443814159e-06 8.55281299865739e-07 0.00011245845947084532 0.0 1.1099395643491693e-05 4.9935309017277135e-05 9.701687988157412e-05 0.00013173195744607064 9.388841130946372e-05 2.009742076840094e-06 1.9744942736806943e-05 8.276758199028184e-07 3.3881015598211914e-05 5.131784159481128e-07 0.0005423150100759181 8.858837190943538e-07 1.212545003603423e-07 5.601940601942933e-07 0.0001062418528203325 1.2439399528757782e-05 0.00010702121925373595 7.854727761422868e-06 0.001805264984771051 5.368124217683236e-06 2.9201036626019924e-06 0.00012934682423881654 0.0003396230221478352 4.462962269910131e-05 4.567605002866688e-07 8.046757324948419e-08 1.1088762774100915e-06 5.999458586069574e-06 3.7623765170963587e-05 1.5582501462261087e-05 0.00021939543064302652 9.668918307351032e-06 0.00011257615537445842 4.9833812204104335e-05 2.1730638902553933e-05 6.667343977517621e-06 0.0 3.7833567773328017e-06
