0.0 1.6728648129565716e-06 8.948482491988892e-05 2.9097020619616475e-06 0.0 1.0532061258859513e-05 0.00043426475270827333 0.0008246747073909835 1.2224720381469506e-06 2.6881562974881898e-05 3.775048081392014e-06 5.178757085000715e-06 1.040269253055848e-06 0.0033097963432482474 0.0 5.91054609512691e-08 5.303804344653891e-05 1.2708122921312606e-06 3.324555619565424e-05 3.0526835871789487e-06 1.3248310558330963e-05 0.0 8.743008473289623e-05 2.763940379084442e-06 2.013433209707543e-07 6.319755627920357e-05 2.233941980902653e-05 1.357555141991151e-05 0.0014849578416745687 0.0015077858436275198 5.970033529682573e-08 1.3955435018508073e-06 9.100451204224522e-06 5.9243673313273756e-05 1.73958570250046e-07 1.4000210538004741e-05 6.313280575244756e-06 2.1891811461966443e-05 3.692922600193673e-06 1.2074386003410838e-06 1.2613035745878852e-07 0.0 1.5707440168746805e-07 1.188659470650407e-07 6.632764209789403e-07 6.01892001850823e-08 0.0 0.0 0.0 2.086730867876907e-06 0.0 1.6137689130543131e-06 0.0 1.1364607900243006e-07 0.0 1.5514806802427008e-07 0.0 0.0 4.25610671159214e-07 0.0 6.014155959644342e-08 1.8099625974108691e-07 0.0 3.9148440758393076e-07 0.0 3.488369002423651e-07 3.869664346804517e-06 1.0672398928995049e-07 2.1504862771392794e-06 3.3538022358412525e-06 4.897813091327256e-06 0.0 1.1673962757785696e-06 0.0 0.0 0.0 0.0 0.0 1.295872295556363e-06 1.9681290223792075e-07 2.3322127075704318e-07 5.214290235166618e-08 2.4760712221121414e-07 3.2355113823980986e-07 6.548652628309209e-08 0.0
1.6728648129565716e-06 0.0 1.3137449280299267e-05 6.125925537332015e-07 3.224825034875559e-07 4.149569109701934e-07 9.612292098239648e-07 3.494524188429986e-06 0.00039123198523861977 4.849142320696928e-07 4.273406631009636e-05 1.0995335964679373e-06 0.00047574691162415587 4.780103160342986e-06 2.8738920658220866e-06 4.3192241548281345e-05 2.959231249404878e-05 1.9989132510940634e-06 3.181768904472214e-05 6.980287338471844e-08 1.1986991429200655e-06 0.0015783690495721325 3.091182503030818e-06 0.0005213904957054389 0.0013945350169568332 0.00016384288018364971 0.002630733388547654 1.0204374445510798e-05 9.624671157589487e-06 3.1894887442572244e-06 1.023601388865429e-05 1.7094383208801834e-07 7.91888428658175e-07 2.420777636873577e-05 5.113074694426589e-07 2.2689866909938454e-05 3.843599545186421e-05 3.685538881593055e-05 1.1939602446536914e-05 8.88615554516161e-06 0.0 3.887947581144033e-05 7.140823681478239e-08 4.5260765602884646e-08 9.37122625900163e-05 3.5454142186764956e-05 4.670381183936691e-07 0.0 0.0 3.3636322931799315e-07 0.0 1.0023956839629137e-06 0.0 4.564401017182905e-06 3.59602699972409e-07 1.3430058620955665e-05 1.091063004673124e-07 0.0 4.361508689183486e-06 6.9478437792730185e-06 1.7941064666473236e-06 9.924980739526993e-06 0.0 3.636106236595221e-07 7.968714889662584e-06 2.141099116277561e-06 5.551561500690324e-06 3.554558695013378e-05 0.00015845028711638102 0.0008744664519097711 3.275695765195123e-06 1.0181067853584647e-07 8.005178370512432e-08 3.795454682380386e-06 0.0 0.0 1.4075500901007608e-06 1.2521865490362624e-06 3.937086065265791e-06 1.7417883347462193e-05 4.394451592736455e-06 1.997045088711832e-06 2.6058128642558575e-07 0.0 2.414404413577819e-06 0.0
8.948482491988892e-05 1.3137449280299267e-05 0.0 8.250866733255416e-06 4.732825737887153e-08 4.983887810471933e-05 0.0012477819347985295 0.0004912650670403816 5.701767399179954e-07 5.703304130524226e-05 6.513634812464607e-06 1.2621038120699516e-06 2.44730226713637e-06 0.0005470014625454689 1.2803621518235336e-07 2.112504869073352e-06 0.0009664134527007931 1.2192927932269602e-05 0.00015430940445937145 2.131196643048732e-06 0.00021644056530986997 2.978963373088096e-06 0.006908108782907402 1.0249687458422834e-05 1.780698798689558e-06 0.0033172013939469576 0.003357999102340745 0.0003261983419134189 9.94791337515242e-05 0.0007005226105819616 1.3416296356266337e-06 1.621763336799777e-06 2.2549925494606804e-06 0.00022061225447909553 1.4006642387033168e-05 0.0006421943936241488 0.001983617023655582 0.0009167760449805683 0.0002963433044015906 8.225557055823729e-06 1.1539491305311854e-06 1.188337761292933e-06 2.5573574678719093e-06 5.3536733518304366e-08 7.663028830923752e-05 0.00014938083233541946 0.0 0.0 0.0 1.5000060011797443e-06 8.124339850224415e-08 2.125022583758511e-06 8.111451278072214e-08 3.6151875541644513e-07 0.0 1.6120342833634628e-07 1.952716011293537e-07 0.0 8.018016195558351e-06 1.5767586214315724e-05 3.2272851480372705e-07 4.4816158053077e-06 0.0 5.240611440847731e-07 2.1113318681347935e-05 1.7662172105087016e-05 7.008271994706261e-06 3.560932607670649e-07 7.391235565774104e-05 0.0007597819758050114 5.709314319727942e-06 1.7790530761433116e-07 8.686731254427409e-07 3.5062600925151355e-07 0.0 0.0 3.3084180181784536e-06 3.2311783757265744e-06 1.0152653250185338e-05 7.366522098600327e-05 8.37187846805003e-06 6.444974639945448e-06 5.881646479799394e-07 0.0 1.2412944322247293e-06 1.1974862252422197e-07
2.9097020619616475e-06 6.125925537332015e-07 8.250866733255416e-06 0.0 1.9452228382575692e-06 4.014335235469495e-05 0.00010501064370167757 3.437310491345191e-05 0.0003619470892156011 0.001862300621079928 4.519175575869016e-06 0.002101668653951729 4.516589862795967e-06 3.713736932903779e-05 3.6886002552078e-05 5.417785362973575e-07 1.2470237033187635e-06 9.616690656458444e-07 2.0410407844625335e-06 0.0030935086058804626 6.11910160113645e-06 1.5141415090245838e-06 3.9735632857784945e-06 0.0012900518028230352 1.3439489090112863e-07 4.16590241474846e-06 5.225910737060904e-06 0.0029356714140175008 6.638699561190097e-05 2.529146987197472e-06 0.0 1.188118936579956e-06 1.898046544111168e-06 3.6967198503920265e-05 7.612622993714224e-06 0.0001875677508577781 4.7283887269075275e-06 0.00013122611189397392 3.557866039329046e-05 0.00015977730368568153 1.4041664074132975e-05 1.32025125078775e-06 2.938185985710553e-06 6.157331003713558e-07 2.3484148619550084e-07 1.838543401333768e-07 5.127033764143923e-05 1.638694864205577e-07 6.80760179280821e-06 4.354266672061818e-05 1.2664426548965357e-06 5.486715315144981e-05 5.7216263664792774e-05 2.1190309893863898e-07 7.246582463660692e-05 0.0 2.235562024366636e-06 4.956214865657627e-06 1.3175667072769789e-06 0.0 1.4748406579000857e-07 9.157221475004609e-08 4.858813606443438e-05 6.896330570609571e-07 7.138920619254652e-07 5.967030708985768e-07 0.00014278842248873012 0.0 7.575152170546858e-08 1.428231484346182e-06 0.00016403184238889502 1.5935940531597087e-06 8.374224331615765e-06 0.0 0.0 3.840360393872781e-07 1.2769931572198583e-06 1.657362927657579e-06 2.3040742695649433e-05 4.9852462134330826e-08 5.276650455761709e-06 2.6838374421205494e-06 5.509873413332221e-05 6.17986910025491e-07 2.674763139419383e-07 0.0
0.0 3.224825034875559e-07 4.732825737887153e-08 1.9452228382575692e-06 0.0 0.00015800027163893367 8.369723386380741e-07 1.761821519872803e-05 4.0012813318136556e-05 2.7068659732746233e-06 3.1603612239644455e-05 6.604731997855872e-05 2.2563960880375844e-06 6.555906987343743e-07 0.00044634329103172685 3.2230089112376917e-07 1.733356055205431e-07 2.853210159312271e-06 1.5705062091068757e-06 3.797109596413472e-06 0.0 5.897872381297663e-07 1.1046856517018806e-07 1.4945382264227049e-05 1.6840855144455523e-07 3.2444742127081052e-06 9.529982553126492e-07 1.3195763607438555e-06 3.367339418873939e-06 3.887455567293366e-08 1.266413009424251e-07 0.0001920517395339622 0.0 0.00018744964048971713 3.712968135282989e-06 2.7306986643924094e-06 3.9621996259332835e-06 7.45055846173823e-05 1.1801078755846855e-05 0.0007338160039111256 2.089972222293344e-05 1.017623976167151e-06 0.0 0.0 0.0 0.0 1.8026308132722204e-07 0.0 0.0 0.0 0.0 2.875366241999887e-07 4.469517082647461e-07 6.136527141687665e-08 1.2432301183721486e-07 3.0977107236278704e-07 0.0 0.0 0.0 0.0 0.0 0.0 2.1284128922200067e-07 0.0 0.0 0.0 0.0 0.0 5.680788562273206e-08 1.2973070895793615e-07 7.404491287696849e-08 0.0 0.0 0.0 0.0 0.0 0.0 0.0 9.611028744473184e-07 0.0 0.0 0.0 1.2371108128275796e-06 0.0 0.0 0.0
1.0532061258859513e-05 4.149569109701934e-07 4.983887810471933e-05 4.014335235469495e-05 0.00015800027163893367 0.0 0.0020659670048599633 0.003542479005024432 1.2059375054011867e-05 0.003941369867690887 5.385184372119876e-05 0.0021767646486878125 5.884072563969223e-06 0.000687859414623796 0.000635795520522038 1.1156259872290118e-06 7.737940138765654e-06 1.1570866043147828e-05 1.6273119571234724e-05 8.9006127477278e-05 2.5788398321374803e-05 1.099792048490819e-06 2.358248770790124e-05 5.725370569504219e-05 4.700566034038355e-07 2.8895609189435513e-05 1.8307294139394034e-05 0.0003518079014350923 0.00041889399149202665 2.1206336634283854e-05 7.111476932515421e-07 0.0004877262115571605 3.9712149596846406e-06 0.0002289599542872922 4.173042751046957e-06 9.336793885251476e-05 1.2156470119259368e-05 0.00027428135683505545 5.2873450902585276e-05 0.0006010210562839384 9.341559493715156e-05 1.5359261707543225e-06 1.3533496448794446e-06 5.236966350371834e-08 1.2595907454060298e-07 2.852527190127078e-07 6.464975447035106e-07 0.0 2.7017469590940906e-07 2.8780397645081245e-06 0.0 4.168845578597556e-06 3.7382308270926585e-07 0.0 5.447893878362478e-06 1.5321812655612604e-07 0.0 0.0 7.3419279249973e-07 4.771166166453592e-08 5.385543881101078e-08 6.658567735710097e-08 2.539696754055486e-06 2.175963834589967e-07 4.6974215356463036e-07 3.0791707043201717e-07 9.150111713572372e-06 2.3623553324499078e-07 5.715376178479762e-07 2.8921729525270656e-06 1.0972207673693606e-05 0.0 1.9381310207152427e-06 8.539309867845035e-08 0.0 0.0 1.2079153428583605e-07 7.619775119411847e-07 1.575180793676297e-06 1.6489240889371295e-07 6.733917290863682e-07 7.861394463620672e-07 1.7107641782207735e-06 2.1664876019272326e-07 0.0 0.0
0.00043426475270827333 9.612292098239648e-07 0.0012477819347985295 0.00010501064370167757 8.369723386380741e-07 0.0020659670048599633 0.0 0.0016945200702604994 3.9357834874146815e-05 0.004445055959812106 2.091734832231296e-05 9.727217317167652e-05 6.107854847344005e-06 0.0030423645617343965 8.3258444795938e-06 1.6743421340718482e-05 8.39144809049039e-05 1.127797006860881e-05 4.8582679186272805e-05 3.576813340663521e-05 0.0006028568944682343 7.74736795878413e-06 0.0006443857598513153 0.0004406676632222052 5.185850523493944e-07 0.00023739830383183634 0.0001795612737872561 0.0068564503699742605 0.000933579656439889 0.0036868950160937907 5.626759195064321e-07 1.0192169288945619e-05 6.490798803808198e-05 0.00032822725979268275 5.8334946018983914e-05 0.0009152347768508515 7.785405898884962e-05 0.0008832616305462937 0.00028863703199028104 0.00014830820034385 5.2055648781889474e-05 1.828823575974608e-06 1.0087187690152086e-05 4.339864867230806e-07 3.1956690239008006e-06 4.800029176831127e-06 6.127417229293058e-06 0.0 2.0689903835172495e-06 3.3419819248542e-05 8.285274295845555e-07 3.1012114792199306e-05 6.314985742414888e-06 9.773870716336197e-08 1.7763531427465337e-06 1.1274218116121303e-07 9.3302383349831e-07 0.0 7.492977233880313e-06 5.405399249011228e-07 0.0 2.6780451442109e-07 5.502468057049504e-06 2.919858625647947e-06 3.536207383663129e-06 7.680222277650571e-06 6.404138642203171e-05 0.0 3.958993220389222e-06 3.836677804179632e-05 8.248221326378441e-05 1.8162290765158247e-06 1.577573790688917e-05 0.0 0.0 7.998738475273996e-08 1.1152344342804519e-06 1.0372551596151503e-05 1.815315225377433e-05 1.8014773914447023e-06 7.2105280317838735e-06 4.323039107786234e-06 1.815042009528814e-05 3.877352249831788e-07 0.0 1.1663094849125808e-07
0.0008246747073909835 3.494524188429986e-06 0.0004912650670403816 3.437310491345191e-05 1.761821519872803e-05 0.003542479005024432 0.0016945200702604994 0.0 6.424350820558877e-06 0.0015896150113233261 2.8053651285150567e-05 0.00038573827658437134 3.837220619290248e-06 0.004348705722915444 0.0002435254940511632 7.623125621270899e-07 0.0001408211923037517 8.347466010727277e-06 8.998766290256423e-05 9.119590185381737e-05 3.446458013825702e-05 6.408335031619858e-07 0.00018442812537711588 2.2255377917458113e-05 6.787997006344436e-07 0.0002847293177493202 7.096206583404438e-05 9.969918445955722e-05 0.0008350154306318602 0.000611181874838294 8.607874847003669e-07 7.638201348697907e-05 4.123389095064894e-06 0.0001335601404873452 2.947592938273036e-06 0.0002731913466032335 2.5012018155707325e-05 0.00020423491172382057 4.617417956386555e-05 0.00035699518778811517 5.083338259718925e-05 2.142940768977405e-06 1.7128842393006758e-06 0.0 2.2995710118220844e-06 1.1953195078531214e-06 5.173667668725056e-07 0.0 1.9744270569708312e-07 9.311378820031919e-06 0.0 7.352889186524925e-06 1.1511751237030398e-06 1.8173528528710577e-07 7.803257614139703e-07 2.2869314257785695e-07 1.8620690704460619e-07 0.0 1.010355614019507e-06 5.207994871667904e-08 2.385260027345772e-07 4.3393159759326706e-07 2.2829925150824176e-06 6.794588312301602e-07 2.68669977796634e-07 8.214264059192632e-07 1.2934951209272602e-05 0.0 4.3569980072659455e-06 9.966130429688975e-06 1.8653086901157185e-05 3.37636572240139e-07 5.08403232930763e-06 9.687720651880847e-08 0.0 0.0 7.75155436636319e-07 1.3670079784413038e-07 5.561595395349425e-06 6.677647388966525e-07 1.6638964684862663e-06 1.2781200071614553e-07 9.348154562620206e-07 1.2624735498733913e-07 6.272602128075873e-08 0.0
1.2224720381469506e-06 0.00039123198523861977 5.701767399179954e-07 0.0003619470892156011 4.0012813318136556e-05 1.2059375054011867e-05 3.9357834874146815e-05 6.424350820558877e-06 0.0 0.00015950862306010358 5.514607303482337e-06 0.00011110534501908869 6.202915311482739e-05 4.667037092700625e-06 0.0004953511480477002 4.500914647716632e-05 4.049702397701532e-07 6.490181855624004e-07 4.958502096904437e-07 0.0002278176439940616 3.0291007533852223e-05 0.0014581484299760054 1.386219615887032e-05 0.006729232858322303 0.00017008706519457177 1.0278059368243937e-05 0.00020339052343966297 0.0008285567311993659 9.114438400550215e-06 5.3101655480315464e-05 3.070400683009991e-06 3.196113083949742e-06 3.507877238026261e-07 5.780442413781794e-06 9.76999836342095e-07 0.00036534965294775587 4.30780345141543e-05 1.7938486578821594e-05 5.998312013455308e-06 0.000313192923116484 5.039446958694971e-06 4.313897230093442e-06 5.838826701601171e-07 2.3168831516726015e-06 1.0507660982452243e-05 4.007612186453194e-06 0.00010949111734033829 2.264010235969219e-06 1.316960391872086e-05 6.252496919307306e-05 1.5252035256404393e-06 9.045491526090455e-05 7.446778927106233e-05 9.268744799880039e-07 8.745647539431113e-05 1.0302874300723936e-06 1.3271591544355478e-06 2.233607989274528e-05 7.571573661269661e-05 8.41724831303755e-07 4.711203423720957e-08 5.118443664359127e-07 0.00013084717149487471 5.060082132421833e-05 1.8930799381013217e-05 8.283864734502987e-06 0.0007297440204052931 1.3201784433812416e-06 5.6912773074648085e-06 4.287273531555886e-05 0.00042349216183427317 7.913308819212971e-06 4.766747367204978e-05 6.540045744913351e-07 0.0 7.903792172548583e-07 3.601959350719049e-06 1.4999699780157548e-06 4.6126073930632705e-05 4.083982841882305e-06 1.3441741304429314e-05 5.106584780229109e-06 0.00011391718879308227 2.255575323389446e-06 1.3761259919314006e-07 4.088355636861115e-07
2.6881562974881898e-05 4.849142320696928e-07 5.703304130524226e-05 0.001862300621079928 2.7068659732746233e-06 0.003941369867690887 0.004445055959812106 0.0015896150113233261 0.00015950862306010358 0.0 5.4014015991524357e-05 0.0032677184614940203 1.01280456567188e-05 0.0007658734230287225 3.0130797689875387e-05 4.12086575018181e-06 1.387339517328028e-05 1.527591121922734e-05 2.84805719846806e-05 0.0013931196874769434 3.847378517059391e-05 2.744505097249596e-06 2.4863788902562446e-05 0.00038572567495346043 1.7652295775637437e-06 3.633736270989754e-05 2.921321085607251e-05 0.0024772301248613166 0.00047837428811537357 1.9861193494268004e-05 1.1874932605081964e-06 2.2722291288494756e-05 7.995471223697025e-06 0.00032409776811384675 2.2860607684079734e-05 0.0006074947777783105 2.409954032131608e-05 0.0010213471326484668 0.00019068539513183977 0.0003979914724262502 0.00011734462568022446 2.4565455036575717e-06 1.4123752547887885e-05 3.946947795180143e-07 2.139516808404257e-07 9.722274641588967e-07 3.0181319048560203e-05 2.0767106323819683e-07 8.223487284471187e-06 6.19408169327985e-05 1.5539032188111146e-06 5.857045921552503e-05 3.029236152182611e-05 1.9768533094561014e-06 4.8964445243087226e-05 2.5722305303321505e-07 4.0915493675204574e-06 2.486745535080454e-06 1.329341752020859e-06 1.4198310727733423e-07 0.0 1.2502700215771778e-07 3.923669213505151e-05 1.6374084768365423e-06 5.991103037387051e-07 2.3556380314060104e-06 0.000134675025912235 0.0 1.203049669033864e-06 5.1616182002862995e-06 0.00019526732141281525 3.117296717306453e-06 1.260224705890749e-05 0.0 0.0 0.0 2.0174665307315032e-06 2.4572261493578353e-06 3.036634994657655e-05 6.972032087992128e-07 1.113937443404365e-05 4.57229685198672e-06 4.499617181532368e-05 7.702891517535815e-07 6.558638124960177e-08 0.0
3.775048081392014e-06 4.273406631009636e-05 6.513634812464607e-06 4.519175575869016e-06 3.1603612239644455e-05 5.385184372119876e-05 2.091734832231296e-05 2.8053651285150567e-05 5.514607303482337e-06 5.4014015991524357e-05 0.0 3.872531526841959e-05 0.001567282874680888 5.520467342503636e-05 3.3095694934012745e-06 4.564719078486088e-07 0.00012976410176867025 0.00222250374333471 0.0008987722480651428 9.274215977536267e-06 2.8596260256916015e-06 1.2571133246599618e-05 7.717876348768756e-06 7.774931599549272e-06 0.0006979501734407637 0.0018341363532217874 0.00045070986231648594 1.0948995561616859e-05 0.0002347865672775128 5.263415439199868e-06 0.00021132572173355972 0.00016797337093539237 1.1187963183826444e-06 0.0030343858169274416 3.979425460210511e-06 0.00021796541046265844 0.002050053548523716 0.002088890690820275 0.00019538607249922608 8.95006900555287e-05 9.716433287411435e-05 0.0006238975528544308 3.3050019647721294e-06 0.0 3.994785704404572e-06 2.3689968769080004e-07 0.0 0.0 0.0 5.612618904865458e-07 1.0391829159097511e-07 8.031380804034771e-07 1.1936137259657145e-07 0.0002512710794396273 6.467168194773481e-08 0.0006205095037679758 1.5634360164400375e-07 0.0 8.483604774032538e-08 1.7114565694117847e-07 1.1655143290933023e-05 6.837282479611398e-06 0.0 0.0 5.831494441788444e-07 9.625034492088001e-08 9.556384623401225e-07 0.00015590123727070505 7.967588282314766e-05 0.0001196573991249339 1.2262152126181677e-06 1.0483408128419495e-07 5.0130863196326216e-08 6.0720865385490184e-05 0.0 0.0 5.35914576258024e-07 3.6540067816238055e-06 3.912360076520711e-06 0.0002538411741713855 9.234258114395222e-06 3.8615342571523736e-07 0.0 0.0 0.0001941997190526077 0.0
5.178757085000715e-06 1.0995335964679373e-06 1.2621038120699516e-06 0.002101668653951729 6.604731997855872e-05 0.0021767646486878125 9.727217317167652e-05 0.00038573827658437134 0.00011110534501908869 0.0032677184614940203 3.872531526841959e-05 0.0 3.855090677269329e-06 0.0002778562820507592 0.0010649869382439153 6.40422407326796e-08 4.053045087528577e-06 8.228831566918967e-06 1.2932902627370816e-05 0.002949670830571308 1.3979176058207718e-06 1.7561680375640503e-06 1.4632403575180813e-06 0.0002541703166901216 6.517099885914402e-07 1.0123823621151135e-05 6.76014264089959e-06 0.00033391345058548383 0.00018105363480950572 1.009770121430423e-06 5.279705593289261e-07 2.5822223984544678e-05 2.303992245058375e-07 0.0001401256412500759 1.5026205291249544e-06 0.00016859861946031163 6.536217461372111e-06 0.00021262507029188386 2.5516521253795238e-05 0.0009178035951185338 1.5979300704822575e-05 8.195687961835472e-07 1.2991168245484297e-06 0.0 0.0 5.311104180691804e-08 3.9941334063181614e-05 3.312949073582748e-07 3.881679058104146e-06 1.2481025489640014e-05 1.993461045515569e-06 2.3140696869477043e-05 3.692013029756099e-05 1.6067247873270647e-06 0.0001401518906948335 1.7495304375417915e-07 7.230295341444699e-07 7.008991210256358e-06 4.602980398793973e-07 5.338774873738194e-08 1.3902983352451978e-07 1.7920814964750672e-07 8.44586168599881e-05 0.0 2.8382756653740993e-07 6.066474949222404e-07 4.307719715945786e-05 0.0 3.2457749288440464e-07 9.101829630869027e-07 4.8218084305124776e-05 5.922355984826678e-07 1.8127484887729554e-06 4.148264006387362e-08 4.929777858951227e-08 0.0 6.242890098009844e-07 6.312768925568061e-07 1.7252322374989852e-05 3.287025202119785e-07 1.980552553596504e-06 3.2312138134455424e-07 7.626041285303712e-05 6.866437198948074e-07 1.7806005902871712e-06 0.0
1.040269253055848e-06 0.00047574691162415587 2.44730226713637e-06 4.516589862795967e-06 2.2563960880375844e-06 5.884072563969223e-06 6.107854847344005e-06 3.837220619290248e-06 6.202915311482739e-05 1.01280456567188e-05 0.001567282874680888 3.855090677269329e-06 0.0 2.839723094032472e-06 2.382455888394167e-06 6.498960025597083e-06 4.9882715554680674e-06 5.403028487932334e-05 1.789688974404721e-05 2.0485310741817693e-06 5.978431873902683e-06 0.00013719006707365024 8.988610462035434e-06 9.580651056831249e-05 0.0026454795844679576 0.0008255291227127755 0.002802891369215335 2.1803519718873763e-05 1.0325848458671622e-05 1.2215811598712095e-05 0.000846552063618943 1.600373146096128e-05 0.0 0.0002173280863328392 3.3527982305603604e-05 0.0009313122499824637 0.0024663060843328325 0.001891092372746966 0.000271055301271584 0.0001264285891463238 0.0001545061922240638 0.0005392884986768542 8.394749455948774e-06 0.0 1.1180719033489475e-05 3.3132598717086305e-07 0.0 0.0 0.0 7.160713883367178e-07 6.246288716131616e-07 5.4142797181837786e-08 7.303250755772456e-07 0.00032880785927618425 2.4367540517076637e-07 0.0007954881861318724 1.2483676545695547e-07 0.0 1.1341200564205717e-06 6.21107917436047e-08 2.250769000517634e-05 1.5076702957706138e-05 1.628802014229292e-07 2.9169072106830762e-06 2.7083967363728e-07 0.0 7.70226208729785e-06 0.00029047631067397175 0.00017154266398703604 0.00021567656829800844 7.009348818370756e-06 1.512561063598255e-07 1.1021005431008164e-05 9.83530995946337e-05 0.0 0.0 1.470645278376063e-06 2.1589164798138538e-05 0.00028548258528465623 0.0002832971124837087 2.479271331194995e-05 3.634686579985064e-06 7.094596279550197e-05 1.0311276607675033e-06 0.000284063956320782 0.0
0.0033097963432482474 4.780103160342986e-06 0.0005470014625454689 3.713736932903779e-05 6.555906987343743e-07 0.000687859414623796 0.0030423645617343965 0.004348705722915444 4.667037092700625e-06 0.0007658734230287225 5.520467342503636e-05 0.0002778562820507592 2.839723094032472e-06 0.0 3.861225781047808e-05 2.3217326562374056e-07 0.0001876927279068394 1.5617957023080825e-05 0.0001290426126098994 7.874525737861063e-05 3.892769972286271e-05 6.532496797261977e-07 0.0002478102359508617 2.3023377283960973e-05 1.0467361665820372e-06 0.00028338447029197157 8.682488158206896e-05 0.00010652143225363304 0.0038451127030563336 0.001455217021584858 1.279540948091628e-06 1.76342269480964e-05 1.028637587456808e-05 0.0002233603787133114 3.0201031399569623e-06 0.0002951847849579074 3.171254640463927e-05 0.0002033884779606198 3.973161597312997e-05 0.00013354778162950767 1.4662397734861821e-05 1.563186024097719e-06 2.359723233835985e-06 1.272245651813956e-07 2.808969604840285e-06 7.558185205422091e-07 2.482015830862242e-07 0.0 9.184630547306938e-08 5.3104621963171595e-06 2.2715562490774248e-07 6.4963491640013205e-06 3.0326814664970216e-07 4.2034262463035076e-07 1.5203722430519346e-06 3.223174336046629e-07 6.581826138656222e-08 0.0 3.08508823623802e-07 0.0 1.6476394761983166e-07 8.087336687858425e-07 7.042229324461508e-07 1.1393907008617188e-06 2.476414695388296e-07 4.884371328515041e-07 1.1913729318521202e-05 1.0197043550516777e-07 5.045101340393638e-06 1.1818246828654632e-05 1.7422131995165127e-05 1.1307557380590071e-07 5.729263186867085e-06 1.241050872459586e-07 0.0 0.0 1.667331907440871e-07 1.0022373832880834e-06 3.200141370146515e-06 1.236689566839327e-06 8.887829387364055e-07 3.637834470299209e-07 2.592386377899676e-06 2.8858652471154903e-07 7.398844670462779e-08 0.0
0.0 2.8738920658220866e-06 1.2803621518235336e-07 3.6886002552078e-05 0.00044634329103172685 0.000635795520522038 8.3258444795938e-06 0.0002435254940511632 0.0004953511480477002 3.0130797689875387e-05 3.3095694934012745e-06 0.0010649869382439153 2.382455888394167e-06 3.861225781047808e-05 0.0 8.583663914493503e-08 2.4322041193604514e-07 5.782142963254318e-07 2.7361699554786106e-07 7.520502731804582e-05 1.700919839682597e-07 7.135633590613046e-06 0.0 0.00033196958038501754 2.1711773897720605e-06 5.675476819591539e-07 4.169176962434014e-06 2.2927272583125362e-05 2.372084519806771e-05 0.0 1.6356269493404247e-07 0.00025406229878317604 0.0 1.1609190141457192e-05 0.0 1.5707835044095862e-05 1.0926144266625036e-06 9.027202309966431e-06 1.5930629520721697e-06 0.0006308257169871171 3.8523353278422185e-05 2.503159411998088e-06 2.1661373594430145e-07 0.0 3.30670149703393e-07 6.47160513623151e-08 1.510655403462385e-06 4.401870666727836e-07 6.326040671486949e-07 1.1672017616701174e-06 0.0 2.2994234394272764e-06 1.3443846484228575e-06 8.701420179792204e-07 2.9759049717045456e-06 0.0 0.0 5.210427615274856e-07 0.0 1.002169325304314e-07 9.290436562461932e-08 0.0 1.6141733531114123e-06 0.0 0.0 7.82480788197792e-08 6.91239558449782e-06 0.0 0.0 6.606518526516086e-07 6.556453288047657e-06 0.0 0.0 0.0 0.0 0.0 0.0 0.0 1.4665945184085198e-06 0.0 2.3712554872113132e-07 0.0 7.818813751897052e-06 0.0 0.0 0.0
5.91054609512691e-08 4.3192241548281345e-05 2.112504869073352e-06 5.417785362973575e-07 3.2230089112376917e-07 1.1156259872290118e-06 1.6743421340718482e-05 7.623125621270899e-07 4.500914647716632e-05 4.12086575018181e-06 4.564719078486088e-07 6.40422407326796e-08 6.498960025597083e-06 2.3217326562374056e-07 8.583663914493503e-08 0.0 3.567317405214485e-06 5.487930897329481e-08 3.061996198935219e-07 0.0 0.0012517777902463728 0.001529323191301507 0.0015882497520179378 0.0024750886443459024 1.19615605902627e-05 3.2325356970780475e-06 0.0027450933465821984 0.00047817847494832687 2.2108086697258243e-06 6.315660145807606e-06 2.196966784513544e-07 0.0 3.38985503432646e-07 2.577840631896604e-05 4.1957683883147484e-05 0.001001045277203797 0.0003533294555050324 0.0001741764825103665 0.00022529376729272016 4.088376697513964e-05 1.918874273998788e-06 2.6762867783834525e-06 8.061088651827933e-06 5.672511686918006e-07 1.373105898045134e-05 5.22473491793637e-05 1.2255043067283458e-07 0.0 0.0 1.1404397158876837e-05 6.270667927495197e-07 1.2920732151105105e-05 6.066258773648148e-07 1.8899094218007014e-06 9.171690748715339e-08 0.0 9.160809521181209e-07 1.463012180320883e-07 0.0016861161847373997 5.429477570905918e-06 2.61150148717023e-07 2.4400257965751755e-06 0.0 0.00023801375888241267 0.0004945636108110993 0.0005928728347847567 0.00017023531312707188 2.446378328780255e-07 1.5191735030229977e-05 0.0006721731421565198 0.00014396955760042002 1.6761025251731673e-06 3.2020163895535634e-05 0.0 0.0 8.367874002147575e-08 2.7216099158353337e-06 9.58709271133198e-06 1.7548079057105692e-05 1.0602954289419097e-05 1.2470178766771849e-05 6.345144119424476e-06 2.5797154925016895e-06 5.471746635608382e-08 2.2916766772211384e-07 1.8324950224535752e-07
5.303804344653891e-05 2.959231249404878e-05 0.0009664134527007931 1.2470237033187635e-06 1.733356055205431e-07 7.737940138765654e-06 8.39144809049039e-05 0.0001408211923037517 4.049702397701532e-07 1.387339517328028e-05 0.00012976410176867025 4.053045087528577e-06 4.9882715554680674e-06 0.0001876927279068394 2.4322041193604514e-07 3.567317405214485e-06 0.0 4.788152371131288e-05 0.0025350748798090494 2.3653674983128714e-06 0.00032669476683619197 4.531223134293392e-06 0.0015183911418192638 2.7606774780957888e-06 8.187536931546707e-06 0.0024366281280159565 0.0030166443511021363 2.262743212194276e-05 0.00025570633011413836 0.0005189279403305475 1.7354585273214627e-06 3.924856173648445e-06 1.4759247297398515e-05 0.001642319035867319 1.0995395288555226e-05 0.0006857943091729435 0.0017587994794879512 0.0016414351616545707 0.00035201021592519633 8.716009667320073e-06 4.408850122734377e-07 3.6927712114291305e-06 2.2341140212403357e-06 5.00662703152784e-08 6.132393097774952e-05 2.3502940413148385e-05 0.0 0.0 0.0 2.131053395629022e-07 0.0 3.1082038011126294e-07 0.0 1.1902592668642177e-05 0.0 1.2993150562327694e-05 2.2042885429061962e-07 0.0 3.1628526167218587e-06 9.571782939816851e-06 9.566316786010712e-06 2.4379924783228133e-05 0.0 6.161799193299619e-07 3.1330515514451233e-06 2.001220636285745e-06 3.689916394892836e-06 3.837071272265219e-06 0.0002200915633431661 0.00039644448122383815 1.661084996835765e-06 0.0 2.685128589889416e-07 1.0928465574431138e-05 0.0 0.0 1.3876356910372689e-06 5.249835895560831e-06 6.620701513952183e-06 3.892034315976352e-05 3.6323658320107627e-06 2.644056427284428e-06 3.0067387876127376e-07 1.57611898761869e-07 5.176788237051846e-07 1.3068401835898267e-07
1.2708122921312606e-06 1.9989132510940634e-06 1.2192927932269602e-05 9.616690656458444e-07 2.853210159312271e-06 1.1570866043147828e-05 1.127797006860881e-05 8.347466010727277e-06 6.490181855624004e-07 1.527591121922734e-05 0.00222250374333471 8.228831566918967e-06 5.403028487932334e-05 1.5617957023080825e-05 5.782142963254318e-07 5.487930897329481e-08 4.788152371131288e-05 0.0 0.0007092537534871687 2.448034944262935e-06 9.326456616275272e-07 7.356394234892605e-07 4.5367476020827185e-06 1.1152939154946545e-06 2.0743618979402118e-05 0.002667828605659497 0.000388845364337003 3.649773062768926e-06 4.281402212472631e-05 3.5627595547233547e-06 5.851536449937406e-05 2.0427565412354e-05 6.129136264192139e-07 0.00038157074013768196 4.270200700407848e-06 0.00017444260805994118 0.0005424642030229411 0.0006868613652763557 0.00020426434692254905 1.638709300548005e-05 1.0986622039979365e-05 2.0952632120467036e-05 1.447536336348261e-06 5.890606935398036e-08 2.894098803198121e-06 6.348915618457648e-08 0.0 0.0 0.0 2.8159595988572164e-07 0.0 5.2349879121017046e-08 0.0 3.419705611054582e-05 6.12366235323947e-08 4.649055909938367e-05 0.0 0.0 0.0 1.5383636381707895e-07 1.0104203349666534e-05 9.348707354445799e-06 0.0 4.345700949110013e-08 5.538967798900383e-08 0.0 5.387605525744911e-07 1.3981151078942532e-05 5.881717788466649e-05 6.000115461842558e-05 1.4425106274680581e-07 0.0 1.4804183389828506e-07 2.3126230508355298e-05 0.0 0.0 5.8440735696563757e-08 1.8140687331594003e-06 1.327375871546447e-06 1.5608219162355965e-05 8.515866014674517e-07 3.755426079185567e-07 0.0 0.0 5.009151946135385e-07 0.0
3.324555619565424e-05 3.181768904472214e-05 0.00015430940445937145 2.0410407844625335e-06 1.5705062091068757e-06 1.6273119571234724e-05 4.8582679186272805e-05 8.998766290256423e-05 4.958502096904437e-07 2.84805719846806e-05 0.0008987722480651428 1.2932902627370816e-05 1.789688974404721e-05 0.0001290426126098994 2.7361699554786106e-07 3.061996198935219e-07 0.0025350748798090494 0.0007092537534871687 0.0 3.4920308402862004e-06 3.689929071607071e-05 8.245126196003748e-07 0.00016907887423790667 1.485080131578548e-06 1.799767873686251e-05 0.004012949507154679 0.0008466007190216411 1.6714685620724782e-05 0.00019941457521552254 9.821371516803667e-05 1.6197615158554847e-05 1.868497919434651e-05 9.730670892843123e-06 0.0018098399810042016 1.2058870411380274e-05 0.0006170693410038531 0.00081375849014237 0.0013012061611003731 0.00041642233128713515 1.8241234155076087e-05 3.1119191266959713e-06 4.561099414619288e-06 2.7325111070447033e-06 0.0 3.893967433483738e-05 1.9471553300705885e-06 0.0 0.0 0.0 3.2761600377334375e-07 0.0 2.962652838193882e-07 0.0 2.2233107427836167e-05 5.9175827783843225e-08 3.0259346301176838e-05 0.0 4.992629041059557e-08 2.469796495550443e-07 1.744430003922634e-06 1.6595732222809633e-05 3.511396262796126e-05 0.0 1.093253117908901e-07 4.947871695971782e-07 2.56472900372753e-07 9.212065342599903e-07 1.3856495644103946e-05 0.00017506478248989124 0.0002563463123436485 4.44117470120964e-07 8.988742472569756e-08 4.082562512010373e-07 1.9241442290784225e-05 0.0 0.0 7.186093693453435e-07 4.114145602411495e-06 2.4694044888819915e-06 9.55093540725137e-06 2.206244375680424e-06 1.1397412104552275e-06 0.0 0.0 5.619774945726665e-08 0.0
3.0526835871789487e-06 6.980287338471844e-08 2.131196643048732e-06 0.0030935086058804626 3.797109596413472e-06 8.9006127477278e-05 3.576813340663521e-05 9.119590185381737e-05 0.0002278176439940616 0.0013931196874769434 9.274215977536267e-06 0.002949670830571308 2.0485310741817693e-06 7.874525737861063e-05 7.520502731804582e-05 0.0 2.3653674983128714e-06 2.448034944262935e-06 3.4920308402862004e-06 0.0 1.0709305895425914e-06 1.7490463476894928e-07 1.637905252550654e-06 0.0005514276217271494 1.0173672658432087e-06 3.3842610120095274e-06 2.2422021381434563e-06 0.0008959682743188048 6.178605516701277e-05 1.336162658538436e-06 0.0 4.196670020483732e-06 5.151868806294513e-07 4.533689439633917e-05 5.750343726551192e-06 0.00012104635849618809 3.320942992381881e-06 0.00013464441351529306 2.6653544433284453e-05 0.00026265191559778474 1.8235341555798097e-05 1.8964602186214025e-06 2.9490273188254877e-06 4.023052903724516e-07 0.0 0.0 1.7032902224176424e-05 0.0 3.626748161373986e-06 1.991207055105284e-05 9.929636341041587e-07 2.822679319252666e-05 1.67883154201501e-05 2.2110940046522947e-06 7.31580946661116e-05 4.7703073917874204e-08 9.645023048740585e-07 2.0938984895724464e-06 1.1665761185296406e-07 0.0 2.3220320015950513e-07 0.0 3.2331417658642256e-05 2.7105000939744275e-07 3.805699121364439e-07 7.172889603024861e-07 6.055777087459902e-05 0.0 5.460327164557447e-08 1.1206952678549533e-07 7.832585275033498e-05 7.936361064549456e-07 2.5043717369128496e-06 0.0 0.0 0.0 1.921523837169514e-06 3.483431542062403e-07 1.3143091894552998e-05 0.0 3.7138819198270094e-06 9.620889468153905e-07 2.9798806622523774e-05 7.279685386169627e-08 2.4496185474333493e-07 1.1922970601119646e-07
1.3248310558330963e-05 1.1986991429200655e-06 0.00021644056530986997 6.11910160113645e-06 0.0 2.5788398321374803e-05 0.0006028568944682343 3.446458013825702e-05 3.0291007533852223e-05 3.847378517059391e-05 2.8596260256916015e-06 1.3979176058207718e-06 5.978431873902683e-06 3.892769972286271e-05 1.700919839682597e-07 0.0012517777902463728 0.00032669476683619197 9.326456616275272e-07 3.689929071607071e-05 1.0709305895425914e-06 0.0 3.8650746865240366e-05 0.006873532524217181 0.0011758912608098135 1.9347934754863255e-06 2.0003974054504523e-05 0.0005372341754255106 0.0047165300707644395 0.00011349432043056233 0.00571385220258842 5.708571953486272e-08 6.262415421289021e-07 1.0712303180008236e-05 0.0019114296055768357 0.00024266720690701562 0.0037175429835665835 0.00044585711786965964 0.0029334353576360404 0.002235425666917661 0.00019728164369762788 1.3735020675935929e-05 3.7861099955549904e-06 4.224807209295906e-05 1.3726433661080492e-06 1.1521465343323503e-06 7.913518682958087e-07 4.464353128243452e-07 0.0 3.202889580803393e-07 1.613066712366061e-05 0.0 1.8391186468054573e-05 5.999862758523884e-07 1.5242665977229054e-06 0.0 0.0 4.476997679592557e-07 0.0 0.00019103275757415892 5.451978499006459e-07 0.0 1.8903402471331213e-07 4.9422178338555695e-08 0.00015079889314319528 6.148131125982471e-05 2.7883079514350918e-05 0.00022073777838137437 0.0 2.2609359580484867e-06 2.3618780063171253e-05 0.00016742452415303288 3.5507244443237516e-06 8.41534906864731e-05 0.0 0.0 7.700399936704188e-07 1.4072008611682363e-06 5.618293018988581e-05 1.922100989728361e-05 1.4861344814722733e-06 4.615691409130132e-06 8.134507614205785e-06 5.708742149672133e-06 1.0674840966541717e-07 1.143432086390852e-06 1.655866537500238e-06
0.0 0.0015783690495721325 2.978963373088096e-06 1.5141415090245838e-06 5.897872381297663e-07 1.099792048490819e-06 7.74736795878413e-06 6.408335031619858e-07 0.0014581484299760054 2.744505097249596e-06 1.2571133246599618e-05 1.7561680375640503e-06 0.00013719006707365024 6.532496797261977e-07 7.135633590613046e-06 0.001529323191301507 4.531223134293392e-06 7.356394234892605e-07 8.245126196003748e-07 1.7490463476894928e-07 3.8650746865240366e-05 0.0 0.00017559020819655062 0.0041421934665469935 0.00042269633540235863 1.850986246016427e-05 0.0020690851567111996 0.0001279908186776632 5.323212354630111e-07 1.0964051831778573e-06 6.420765039322705e-06 0.0 1.2446175133025798e-07 3.3135908676877606e-06 1.9934110265565298e-07 2.5571822935738454e-05 3.990497598804888e-05 1.2604347383172099e-05 6.357148519573665e-06 4.1296083752262984e-05 3.1528977717768093e-07 9.693120207656737e-06 0.0 1.1182545109692712e-07 5.4232878758427826e-05 7.837303634790804e-05 1.2750231786302942e-06 0.0 1.2697394348567878e-07 4.727891168160699e-06 1.8162801712300917e-07 6.137900463983387e-06 7.035461872733443e-08 1.300368590162496e-06 1.6606881163375078e-06 4.725192156839831e-06 3.196831249357832e-07 0.0 0.000825289912954164 6.233370253352025e-06 3.121691283522007e-07 2.3505425960237264e-06 2.545239209643103e-07 6.205825949835944e-05 7.88730403192995e-05 0.00023423015849207793 6.592948361340395e-05 9.255386342235378e-06 2.5724573672261526e-05 0.0011727856932895876 4.109536949196802e-05 2.439676739617127e-07 3.125622759066383e-06 1.291191391839739e-06 0.0 5.624630846278332e-08 1.3060394887288373e-06 9.117706863266571e-08 1.4298645696957314e-05 1.2907677722378262e-05 7.90775167261434e-06 6.807606812999271e-06 9.714676516555768e-07 0.0 3.5795731771608204e-07 4.709900808547727e-07
8.743008473289623e-05 3.091182503030818e-06 0.006908108782907402 3.9735632857784945e-06 1.1046856517018806e-07 2.358248770790124e-05 0.0006443857598513153 0.00018442812537711588 1.386219615887032e-05 2.4863788902562446e-05 7.717876348768756e-06 1.4632403575180813e-06 8.988610462035434e-06 0.0002478102359508617 0.0 0.0015882497520179378 0.0015183911418192638 4.5367476020827185e-06 0.00016907887423790667 1.637905252550654e-06 0.006873532524217181 0.00017559020819655062 0.0 0.00035755450287997594 1.2310912524785793e-06 0.0007458869858517759 0.005688198043129533 0.0009048495762576278 0.00034694217496445225 0.0028678325922537867 5.582574342027116e-07 1.41658634619358e-06 1.9922389297646264e-05 0.0022002792762301575 0.00040103948701985967 0.006180586024482967 0.005041710510699463 0.004274071343205258 0.003747332251346758 0.00041757485261971136 1.4475809801901955e-05 3.5379413108199535e-06 7.91817407115115e-05 6.658046067605466e-07 1.4477607813334464e-05 0.00012079417983139032 1.3046993575068123e-07 0.0 8.841558300992103e-08 1.0526643847010463e-05 3.7824627352734807e-07 4.589345011017932e-06 5.214993135095768e-08 4.5348124977212895e-08 0.0 4.201946534011221e-07 1.1762978173128703e-06 0.0 0.0008439662745295166 4.106354050002167e-06 0.0 1.5418283164451948e-06 0.0 9.43624276184678e-05 0.00019376701506370329 0.0003551266054954417 6.0149526592089625e-05 0.0 1.2819514008793762e-05 0.0006645812981470774 5.302544485628305e-05 5.513630579939455e-07 1.373610945365596e-05 1.4240624498481344e-07 0.0 1.2755649787256047e-07 1.8284918774614517e-06 0.00010281809617818243 3.4714745047813754e-05 1.0587584169499326e-05 1.55785591710343e-05 2.200451115811424e-05 7.096452803285399e-07 2.531303276347122e-07 4.932460953485573e-07 3.7767246422547764e-07
