0.0 0.0 4.973489050121844e-05 3.6426286209076967e-06 2.633232256950668e-07 1.8501990943878428e-05 0.0014471627843315406 0.0007294293386626843 1.0281401107769803e-05 0.00012902746177581595 3.2214355636107113e-06 4.6537741511635106e-06 1.0738779881425885e-07 0.005094869225154449 1.1253582687155823e-07 1.5544348562300267e-07 0.0001376743734426252 5.062174338661345e-06 1.6915056611999387e-05 1.208971175756231e-05 3.104536304233651e-05 4.3414979501630565e-07 4.449941746877692e-05 3.503549764546078e-05 0.0 3.460503376231103e-05 7.3151404427160575e-06 5.110943338130462e-05 0.0026165883538695266 0.0016843621662680707 2.6609878618868895e-07 3.566007140931007e-06 6.649026842589065e-05 0.00010695196933411879 2.659651428825562e-06 3.4630648807924946e-05 4.622368491285488e-06 4.5152210121837895e-05 1.0412125797822298e-05 4.715279468864843e-06 1.2495674219364552e-06 1.1227854142930427e-07 3.2207924711579534e-07 0.0 0.0 0.0 0.0 0.0 0.0 1.1251751201803884e-06 4.3219044145627163e-07 4.1462134620309965e-06 4.310216277274167e-07 0.0 0.0 0.0 4.194167094848267e-07 7.696559308988867e-08 8.484186811056577e-06 0.0 0.0 1.5895812193633145e-07 3.696957547447474e-07 7.21825379452992e-06 2.9435075576079914e-06 4.1135612731802946e-07 1.0226629133811938e-05 0.0 0.0 7.470408511953569e-07 1.8803768521153626e-05 7.308768073970159e-07 3.381593631238445e-06 0.0 0.0 6.51014812472291e-08 8.710718793985492e-08 3.618948248281977e-07 4.74693279118516e-06 7.003807157251174e-08 3.760446674282478e-07 0.0 9.814922429009337e-07 1.025134291451871e-07 0.0 0.0
0.0 0.0 1.0479435359486422e-06 0.0 3.8642903533653677e-07 3.6978833285046985e-07 3.8696554354559193e-07 1.956337113005424e-07 0.00036022320756014367 1.5212515158581967e-07 5.061747420152724e-05 1.6748921947460405e-06 0.00045430866711388464 3.2285147988185413e-07 6.869779320540031e-06 1.8101899849059827e-05 9.921449990472927e-07 2.612142963601727e-06 5.505442653056237e-06 0.0 1.0911615797176547e-06 0.00111402516368992 7.465842216743617e-07 0.0003631105915406615 0.000838739211907248 8.341099435216279e-05 0.0027976516338925035 4.329537867934114e-06 2.6166841585316547e-07 0.0 2.1273710783121597e-05 5.731835647673695e-08 9.839127605610798e-08 3.1128170938700173e-06 0.0 3.780327242683309e-06 1.7108872203706475e-05 9.300471823347144e-06 1.2352683709143762e-06 2.448151679516332e-06 7.772015917032102e-08 8.027242070179142e-05 0.0 0.0 5.927389977445663e-05 1.5100557577085647e-05 0.0 0.0 2.1648791614508516e-07 2.766256039192154e-07 1.479835837481718e-07 1.5378033959777338e-06 0.0 3.4462560717663136e-06 0.0 2.842687727994469e-05 2.546397879328901e-07 0.0 1.6420706255192579e-06 2.1968880241968185e-06 2.391992275789625e-06 6.243190347327438e-06 0.0 4.5796035073544817e-07 8.138624674831758e-06 1.1719407495184355e-06 3.2143564582095347e-06 1.7524845462847095e-05 0.0001721101891347696 0.0007130243894728145 1.1729948055112663e-06 8.28881687985788e-08 3.274181947999827e-07 4.84215251856857e-06 0.0 0.0 1.2166807979415134e-06 7.498237933607098e-07 5.843008543618929e-06 1.248223924364321e-05 6.252166338999788e-06 3.1754980747646547e-06 2.1196029899117926e-07 0.0 7.320708036167713e-07 0.0
4.973489050121844e-05 1.0479435359486422e-06 0.0 4.241537549637435e-06 2.1920604584803365e-07 4.6325866101868834e-05 0.0011424247655716646 0.00027042030595584725 1.0397063345213533e-06 3.9332741422160925e-05 2.816717350510927e-06 3.699666785394615e-07 2.1494096524822984e-06 0.00023895022637574045 2.2428849558366878e-07 8.826885468740932e-06 0.0011132244003840169 1.5641876035649605e-05 4.2735780363131695e-05 1.665406460996709e-06 0.00018511698945561616 4.257857279209846e-06 0.005280595736364252 3.158735175323216e-05 3.9451569998703635e-07 0.0028461435631439505 0.002705115506607918 0.0003753308601569263 3.6904893013433916e-05 0.00023896585029837785 0.0 8.180593567533679e-07 6.271929921317038e-06 0.00022654687802613487 1.2185131534307281e-05 0.0007326727869079317 0.002222356050941386 0.0007974229141455476 0.00021878746045065 1.902466289724855e-05 8.752829673532586e-07 5.288785996914566e-06 2.182558165728827e-06 0.0 0.00012652136252370145 0.0001744751872211679 0.0 0.0 0.0 1.117935188661639e-06 1.8585094098457565e-07 1.2188910331488644e-06 1.3065605694757226e-07 1.534638129947095e-07 1.156996736827779e-07 2.460133958683131e-07 2.612207213568631e-07 1.8263951138084205e-07 9.79418063240038e-06 2.126533480540038e-05 6.099877925258191e-07 8.751193789500858e-06 0.0 3.929183936275349e-06 1.8017628763437075e-05 1.2923434584713713e-05 7.2215066843789815e-06 0.0 0.000341749619437179 0.0009357623556714215 5.559670135695816e-06 6.910705065334951e-08 5.947117041256902e-07 8.118851508456553e-08 1.481361844507619e-07 0.0 2.7802457479767862e-06 3.7116624779156732e-06 2.0006846970673976e-05 0.00022304990019897893 7.942142612143179e-06 6.149006689061484e-06 2.0578537049309192e-07 0.0 3.7710631278345665e-07 0.0
3.6426286209076967e-06 0.0 4.241537549637435e-06 0.0 3.511490146183844e-07 5.3445732055892096e-05 0.00013596337858614422 1.2759975845407533e-05 0.00035370670778814376 0.0030541943616947923 1.4121587715453243e-06 0.000677629386998314 1.6423152245245153e-06 1.890154229830229e-05 2.753716875633113e-05 1.931455427391545e-07 2.832192352464394e-06 1.1740348986350016e-06 6.916766343780466e-07 0.002262035282266871 1.9948628885335497e-06 5.335116310984226e-07 6.972981322062692e-07 0.0012339612687093282 0.0 4.193863637179141e-06 1.7747488667743496e-06 0.0023448637742475476 3.244509646133562e-05 1.2035759162147285e-06 1.5277621416714064e-07 7.814874353100299e-07 1.853366340402645e-06 2.781704136553109e-05 5.831975709262405e-06 8.993567637843331e-05 2.732677030830994e-06 4.052883164824554e-05 1.1681724606184127e-05 4.171549851267813e-05 4.651456410085213e-06 6.895433052863761e-07 3.1993021661124216e-06 2.0000934217002114e-07 4.0039996109831705e-07 4.984154339100659e-07 3.1040880160882505e-05 3.508730543254902e-07 3.328405415286904e-06 6.8233723556411095e-06 1.050617095671519e-05 8.609530887219665e-05 1.5710369200347375e-05 2.127161804457067e-07 2.7534026046370092e-05 5.8102605012079296e-08 5.268156915750273e-06 8.291024670373247e-06 4.7133012457441875e-06 0.0 0.0 2.0814863476499168e-07 1.709368356604923e-05 2.147545083741107e-07 9.839493011342162e-07 6.455400264514496e-07 0.0002762880920282208 9.418396980192243e-08 1.8407291866657825e-07 7.255382274983488e-07 0.00020448888384593048 2.9094052596820557e-06 1.2980802055701485e-06 0.0 2.002740785142219e-07 3.4529318116435715e-07 2.329183586781771e-06 6.044216831969117e-07 1.4748538805961965e-05 7.797532443722425e-08 3.832015361017113e-06 1.5540576467469149e-06 3.3840701981137764e-05 1.2443602020448743e-06 0.0 3.093645209224274e-07
2.633232256950668e-07 3.8642903533653677e-07 2.1920604584803365e-07 3.511490146183844e-07 0.0 6.754930220535209e-05 1.3202836121238959e-06 3.4879411136615234e-05 3.875431294164962e-05 5.805468801069986e-06 2.1937405070626883e-05 3.426551805032361e-05 4.357740951022213e-05 3.8426129623161335e-06 0.0010756393280166067 0.0 2.8215092367050793e-07 3.412278673802978e-06 9.181250391292616e-07 2.4925775092986567e-06 1.2559888922127228e-07 6.707076242017062e-07 3.985137146458866e-07 9.230541197069145e-06 3.274700525583059e-07 4.387792333750854e-06 1.2706224203673757e-06 2.316816733767683e-06 0.00013531701930662973 3.7162438739663834e-07 1.5157580290253842e-06 9.9735409525079e-05 0.0 0.0003109102672178593 1.2036875845523846e-06 1.7062094389850493e-05 4.9613056809768065e-06 0.0001609742021854589 7.225294759274605e-05 0.001324687460372502 0.0001265388208220523 8.53362598151188e-06 3.089133709729922e-06 0.0 0.0 0.0 6.934041792151427e-07 0.0 0.0 0.0 0.0 9.406642468434555e-07 0.0 0.0 4.219013256707801e-07 0.0 0.0 0.0 0.0 0.0 0.0 0.0 0.0 0.0 2.0519842807202048e-07 0.0 2.0536263565293363e-06 0.0 7.761441001609334e-08 5.893461806925145e-08 1.6483721414664486e-06 0.0 0.0 0.0 0.0 0.0 0.0 0.0 3.378902254686912e-07 1.1416066868391051e-07 1.3664777719940432e-06 1.1467268410808752e-06 7.287962403833596e-07 4.942149901009952e-07 0.0 0.0
1.8501990943878428e-05 3.6978833285046985e-07 4.6325866101868834e-05 5.3445732055892096e-05 6.754930220535209e-05 0.0 0.0020400395743101142 0.005139881638535475 7.586252462270896e-05 0.003967832472775249 0.0001358231757170897 0.0021751016329316177 9.67957001231514e-05 0.0007899302412438739 0.0010000571126380672 5.41118487086389e-07 3.427041323232622e-05 5.242790082958865e-05 2.3593991589183938e-05 0.00014232741329052697 1.8415695298486384e-05 1.0176099665345976e-06 1.6586007117506014e-05 0.00014696164592827027 2.0886935246229426e-06 7.717161307292843e-05 2.3114820701357703e-05 0.001086509544326623 0.0005029817713071754 5.062725189207614e-05 1.0178236698254177e-05 0.00018774336986400196 3.6956620878565217e-06 0.0003449595949467731 1.4708873072724194e-05 0.00023251438824659665 3.38071834367161e-05 0.0004172784902952479 0.000194195463286695 0.0011128648379013521 8.212364835641443e-05 2.7569935023596367e-05 2.0344228237232506e-05 5.052351034054184e-07 1.8464928184533847e-07 2.2428753068753976e-07 3.0643314311732596e-06 2.6339632414889346e-07 8.267325744049763e-07 2.7509990410239586e-06 3.6045736021914234e-06 1.6812306303017975e-05 3.252226026485947e-06 9.546495595094012e-08 2.688690908108855e-06 3.725666755333787e-07 2.4626599658841958e-06 1.241198060027712e-06 3.5412528389137094e-06 1.2242840496313837e-07 5.803781418411675e-08 0.0 3.459670429864088e-06 1.5429191541008171e-06 1.053248175734144e-06 6.281410627221961e-07 6.416577296219063e-05 0.0 4.011500531760705e-07 1.739601711820472e-06 7.104042284906476e-05 2.333321753685081e-06 8.460393065299143e-07 1.1543862384755431e-07 8.990007329491439e-08 5.807102738001903e-08 3.2211582403479483e-06 8.619788453930561e-07 1.0033962534357625e-05 2.378604476133285e-06 4.273265320400782e-06 3.1590773210002268e-06 1.5448391987444716e-05 2.8686525558108584e-06 1.0445438737157608e-06 1.5687540878599338e-07
0.0014471627843315406 3.8696554354559193e-07 0.0011424247655716646 0.00013596337858614422 1.3202836121238959e-06 0.0020400395743101142 0.0 0.00319794718693404 7.857711363714856e-05 0.0030021585668734054 2.305883391235621e-05 0.0001317747333235752 3.1113059497060143e-06 0.0037025957987715124 4.6848787331610655e-06 2.282457154293692e-05 0.0003271808827530314 2.1926213833210324e-05 3.737325162138965e-05 1.880089017975127e-05 0.001182660140188588 9.643513192232834e-06 0.000907901791489078 0.0010903511118910503 6.40168038646899e-08 0.0003683026074146599 0.00016878679598276042 0.011255843512416734 0.0008165823355222214 0.0036451454700091716 1.151020429818058e-06 1.3179159638485975e-05 9.19635751729409e-05 0.00047907696190340387 9.277879991149992e-05 0.001478502595686694 0.00014664202193940211 0.0006168817483832858 0.00027700490218610243 0.00023499130538787627 4.73437774448392e-05 1.7710675890053432e-06 2.084292074777269e-05 3.9333048302398834e-07 5.632042282350603e-07 8.617549990102827e-06 8.520610047631388e-06 2.826233376806443e-07 2.1192205751818497e-06 1.0780832746052359e-05 8.818166455301746e-06 6.347773726600037e-05 8.556775289154243e-06 6.789369939608631e-07 2.585903759999002e-06 1.633023439224002e-07 6.144649841214857e-06 9.351478664437439e-07 2.8452506340350366e-05 2.4480030508973585e-07 2.2008009462670016e-07 4.5315934778728825e-07 3.654703928176619e-06 7.8289551601948e-06 1.3932017757578417e-05 2.3694819985171252e-05 0.00017414172782901177 0.0 2.9456831301118024e-06 5.438640266758849e-05 0.00018905011492334828 3.9671938039104295e-06 6.973198008310422e-06 0.0 0.0 5.490127696216974e-07 1.6911465580143215e-06 7.536706767282948e-06 4.235026967525799e-05 3.310006814841118e-06 6.907345379224653e-06 3.553845849734392e-06 1.4886900142629547e-05 1.4206451368452074e-06 8.57343077661821e-07 7.375104379956756e-08
0.0007294293386626843 1.956337113005424e-07 0.00027042030595584725 1.2759975845407533e-05 3.4879411136615234e-05 0.005139881638535475 0.00319794718693404 0.0 6.623806359444473e-05 0.002269060641058485 7.197197676300263e-05 0.00037268898448593183 2.9562827049046553e-05 0.0035043585111451023 0.00016952051427079694 1.6020337837111216e-06 0.00032165201216234976 3.783852769125886e-05 5.296716923219301e-05 9.28968691429139e-05 0.00012472767167284648 9.406650092412039e-06 0.00012728705091854387 0.0002597184231139376 6.050506397050353e-07 0.00020499316754877202 3.505090792365305e-05 0.0002865108718928188 0.001182030288949159 0.0008919275558719474 4.373390698693464e-06 0.00039379883608919993 1.5724307540312082e-05 0.0002418791142880154 1.576965006901273e-05 0.0002257046937868494 2.87701661901198e-05 0.00023589281544354455 9.513469229909017e-05 0.00039451058812743975 2.136732435219707e-05 7.880380225344012e-06 8.587961575786792e-06 5.002814088900103e-07 2.705479871428376e-07 1.3025308084361618e-06 6.063138224387503e-06 0.0 1.1246707174837869e-06 1.30619079099087e-05 9.39644203655516e-06 5.096796087769295e-05 5.5936481697117565e-06 3.89558574249071e-07 3.301144005917382e-06 0.0 7.412515856223871e-06 2.1001451455338984e-07 1.4914352527875506e-05 1.8337213148295016e-07 1.9798897082877117e-07 1.3309996576679182e-07 3.4900461042298424e-06 4.089149440058576e-06 4.064502894871757e-06 2.847634920061883e-06 0.00014734893629566017 9.750952108907491e-08 1.5911529616003527e-06 4.224792322506578e-06 0.00019746500880927657 3.639305782579616e-06 7.001644959159627e-06 5.9273348533192314e-08 2.3159553714260125e-07 7.340867269166736e-07 3.843674296135372e-06 1.0006826163411131e-06 2.0326656721517924e-05 1.3453546640117023e-06 5.896112813607249e-06 3.3905585806914244e-06 1.6731220867397454e-05 2.407125948982624e-06 1.109729287945548e-07 1.8563862056731086e-07
1.0281401107769803e-05 0.00036022320756014367 1.0397063345213533e-06 0.00035370670778814376 3.875431294164962e-05 7.586252462270896e-05 7.857711363714856e-05 6.623806359444473e-05 0.0 0.00018153245100424305 5.868840020194158e-06 0.000515893280775246 2.975342635638104e-05 3.245515227129477e-05 0.0006396496624889794 0.00011493890787212277 1.3832160112000206e-06 1.034590455245392e-06 1.7125943946495118e-06 0.00033482623634631864 2.894651638737894e-05 0.0013406371767436683 8.989540475532984e-06 0.004975456669665768 7.292626082591599e-05 1.685332977924279e-05 0.0006027445731992303 0.0006941236625896247 4.908256237857681e-05 2.1838269985135075e-05 3.7351412564806478e-06 1.7180520678264507e-06 6.354417692837189e-06 1.740574702692424e-05 4.659542256953791e-06 0.00013330443969200454 7.676212583258628e-06 2.696753681411974e-05 9.402312841043299e-06 0.0001569869397622478 1.4194112294061966e-06 1.1916890665731545e-06 1.01000234901426e-06 8.041383373232104e-07 4.313818546059696e-06 1.0451744744415033e-06 4.75717705184863e-05 2.0176122142787763e-06 6.606519903469241e-06 1.479274675527534e-05 1.2693823968715122e-05 3.89136263790134e-05 2.6007181243996503e-05 8.734942489669612e-07 9.308635234451142e-05 8.762570840815906e-07 1.0700837608442493e-05 4.2972873670726694e-05 0.00012476875866779404 3.6370772619415867e-07 4.298287911137715e-07 6.883764559648868e-07 3.728177932989996e-05 7.470240019455003e-05 2.469893238754278e-05 2.3536874770518395e-05 0.0007333612480194694 6.586673214605135e-07 6.83668811260441e-06 1.0773841333699818e-05 0.000352394450411346 9.164200642078067e-06 2.169189991540524e-05 2.638384715741762e-07 4.904030056850608e-08 1.209891022918606e-06 2.5475920745855257e-06 3.679142795697503e-07 3.229233322783389e-05 1.415950995061612e-06 7.362024174474922e-06 3.6124041323520024e-06 7.649579187568231e-05 2.0883111574887733e-06 5.381779553160386e-08 9.278521483519391e-07
0.00012902746177581595 1.5212515158581967e-07 3.9332741422160925e-05 0.0030541943616947923 5.805468801069986e-06 0.003967832472775249 0.0030021585668734054 0.002269060641058485 0.00018153245100424305 0.0 5.765177633194965e-05 0.0022651974117360568 9.71454911568039e-06 0.0011917014608781125 5.5081823683077e-05 9.600754300560795e-07 1.9317529001085383e-05 3.938677958179546e-05 2.709930463044479e-05 0.00218080892702389 1.743736323319525e-05 1.4303959357822634e-06 1.5859342568487037e-05 0.0006493343462889522 2.985442276544768e-07 5.84107431565121e-05 1.9277373031383867e-05 0.004221404209020273 0.0005521286215021128 2.0678584271015424e-05 3.8057005991244647e-06 2.9456187987993957e-05 1.0235809774328302e-05 0.0003798876742542408 2.801763562081149e-05 0.0006030919199865666 3.1032295363196795e-05 0.0005577678401215389 0.00010287804720111976 0.0003524203491926714 6.298427843427476e-05 2.8390212706838526e-06 2.447643891029502e-05 4.930113968426115e-07 1.6640610756031357e-07 3.4261943235645427e-07 2.5630896875600747e-05 3.668655456497384e-07 3.12198681331988e-06 1.3284398756408266e-05 1.196975847991871e-05 6.846229647205525e-05 1.5075032513444376e-05 2.975779858631618e-07 2.6414561268018903e-05 5.5185624495675814e-08 7.194835073176923e-06 7.955019523097102e-06 5.295803470116363e-06 6.560651999643574e-08 1.1654863083520188e-07 2.2337732642881082e-07 1.608035003646592e-05 7.65051987432355e-07 1.431640699384447e-06 1.8774556948535185e-06 0.00026355857166231005 4.352472497004993e-08 5.807624604020371e-07 4.27024949644415e-06 0.0002385137618338526 3.667650203479616e-06 1.7751947439774943e-06 5.1032053869409834e-08 5.506612881677622e-08 1.7212915313405876e-07 2.168355067785478e-06 1.8129708817511554e-06 2.7024012474451672e-05 9.012734224646832e-07 6.625281919277696e-06 2.4857663854080343e-06 2.689633089804139e-05 8.324797510357238e-07 0.0 3.567298872907542e-07
3.2214355636107113e-06 5.061747420152724e-05 2.816717350510927e-06 1.4121587715453243e-06 2.1937405070626883e-05 0.0001358231757170897 2.305883391235621e-05 7.197197676300263e-05 5.868840020194158e-06 5.765177633194965e-05 0.0 2.9739587898309794e-05 0.001882348457848559 0.00017600822353267616 1.2184995657028633e-05 6.776129314736741e-08 0.00010417436124004632 0.0014182942733750885 0.00040835914229197563 1.1648221833270934e-05 3.6279298432749032e-06 1.108340836165646e-05 5.042636295405644e-06 9.849114120451084e-06 0.0004598152553193173 0.002078522704341334 0.0005440857843700751 1.1334492066011356e-05 0.00023093897792663613 9.88195434289406e-06 0.00034653460391970316 0.00015635754659319365 4.525211282763264e-06 0.00237841240437715 4.389918134056585e-06 0.0002512305012851571 0.0021990602761988217 0.0015367905177017204 0.0003582480773166748 7.163950048750289e-05 1.98305868592328e-05 0.00050257627618827 7.063309372223146e-06 0.0 6.823480458622663e-06 1.6505022946219816e-07 0.0 0.0 0.0 1.3914006409323883e-07 4.3828386868312194e-07 7.058131198733867e-07 0.0 0.0002148700710714852 0.0 0.0006120015566304901 1.234109418164346e-07 0.0 1.1569803768624706e-06 5.576809291406836e-08 1.2371251291891884e-05 9.425475207235061e-07 0.0 1.4154157373233253e-07 6.909364422211142e-07 0.0 2.883723445852145e-06 9.981392041446359e-05 4.125663035478016e-05 2.5062332744560636e-05 5.111922011937732e-06 6.460696549078362e-08 0.0 1.9864027766294636e-05 0.0 0.0 6.562347906272169e-06 2.4411682978687963e-06 5.861453649462001e-06 0.00016852667656269156 1.7047135358529955e-05 1.9394660729385e-06 4.024141363352768e-07 0.0 0.00015280540755384684 2.4634270669605286e-07
4.6537741511635106e-06 1.6748921947460405e-06 3.699666785394615e-07 0.000677629386998314 3.426551805032361e-05 0.0021751016329316177 0.0001317747333235752 0.00037268898448593183 0.000515893280775246 0.0022651974117360568 2.9739587898309794e-05 0.0 9.761279612847497e-06 0.00028086837305058926 0.0005916502039247574 1.171324622234628e-07 1.8275250115023685e-06 1.980140434167044e-05 1.0850661015456692e-05 0.0028457446302187143 5.298527579579179e-07 7.129907537173108e-06 1.4158227460873359e-06 0.0003045842230269395 1.2800689784684923e-07 1.5949339747976456e-05 9.446797378048393e-06 0.0003745278334232126 0.00012994458948013335 3.454073145303748e-06 2.2901666791239845e-06 2.3328303930957083e-05 1.091326988010119e-07 0.00010680350592656403 1.8522977287569983e-06 0.00010773041846295973 3.822236727206524e-06 0.00011750617622539687 1.3523247426406345e-05 0.0005605680896720271 1.0438323156086623e-05 1.5906952114152437e-06 3.091744705674332e-06 0.0 1.5383824028853497e-07 1.3863010567184089e-07 5.7533272789105425e-05 1.652465403921208e-06 4.3839737551568905e-06 3.6683142899952342e-06 4.092800546434276e-06 2.8716518666303304e-05 1.7623989552593804e-05 1.0755699746102315e-07 0.0001338456151469045 1.1225478248471082e-07 1.8485606990300445e-06 1.773788970797666e-05 2.2440431557081238e-06 0.0 7.526108460701105e-08 1.354722559280418e-07 3.2421501246201894e-05 3.952598252855885e-07 1.8563943834923184e-06 7.252698608947209e-07 0.00018740704253661025 3.489180016925962e-07 2.951089032068188e-07 6.912464551262738e-07 0.00010462720951484077 9.263731659499398e-07 6.450381290232729e-07 0.0 1.1608239562180192e-07 5.99629290756809e-08 9.722175444829916e-07 2.409790265173661e-07 3.4705451926002426e-05 2.1471170246646856e-07 1.9184856441034858e-06 1.4790654869121443e-06 8.107235663522507e-05 1.159441844195105e-06 0.0 1.1007243407355444e-07
1.0738779881425885e-07 0.00045430866711388464 2.1494096524822984e-06 1.6423152245245153e-06 4.357740951022213e-05 9.67957001231514e-05 3.1113059497060143e-06 2.9562827049046553e-05 2.975342635638104e-05 9.71454911568039e-06 0.001882348457848559 9.761279612847497e-06 0.0 2.6540289003325062e-05 8.206510638616636e-06 9.594752607696418e-06 4.215710759082421e-06 3.272634958160976e-05 6.062645443713336e-06 2.193679039285071e-06 1.2033795801888525e-05 9.120544924453764e-05 1.782311354847936e-05 2.3380877767687758e-05 0.0030721706707718737 0.00036193741466401027 0.0021662358953339496 1.587890538750612e-05 2.427050844192395e-05 9.573481455225047e-06 0.0002925449146090443 7.65948744240943e-05 7.178593720862269e-07 0.0002711864575138123 4.0468914514957434e-05 0.001191952583807875 0.0028006486067253854 0.0020515857602512863 0.00017120271581766032 0.00011843585204474016 9.942011643138048e-05 0.0004048656051329746 7.326868642664963e-06 0.0 1.5453997428189822e-05 1.555168739783568e-07 1.5910775439343053e-07 0.0 5.207367005788711e-08 3.0135205808231454e-07 3.8981864188061174e-07 6.94488038815761e-07 2.330090017993753e-07 0.00022094855857359127 0.0 0.0007573524192397389 1.3422921442746935e-07 0.0 1.2772106878673073e-06 0.0 1.7583410893484457e-05 2.0801105701917244e-06 5.746511155300292e-08 2.290981107706411e-06 1.8039340972957834e-06 7.309411222672468e-07 1.5103998656294971e-06 0.00018177689165403628 0.00010283316468124 7.575979972554354e-05 6.224449650098478e-07 9.800957093587462e-08 1.7872521768701432e-07 4.7183831438015427e-05 2.798373061169227e-07 0.0 1.105046525878631e-05 4.422731533252557e-05 0.0003179858187464977 0.0001559783176170986 4.0480672704570324e-05 2.062275012165851e-05 1.5151752404172445e-06 3.935394362566452e-06 9.477927189267247e-05 1.8798789341265126e-06
0.005094869225154449 3.2285147988185413e-07 0.00023895022637574045 1.890154229830229e-05 3.8426129623161335e-06 0.0007899302412438739 0.0037025957987715124 0.0035043585111451023 3.245515227129477e-05 0.0011917014608781125 0.00017600822353267616 0.00028086837305058926 2.6540289003325062e-05 0.0 7.333718491774712e-05 1.085816167662092e-06 0.00038253035220607833 8.093395057583824e-05 8.542413033974201e-05 0.00011739154943832557 0.00012115228189061088 2.0194861117915112e-06 0.00013634219715254092 0.00011074674972130331 6.448074409644492e-07 0.00022331423568508764 4.354469336563294e-05 0.000200293850832527 0.0035417896013317887 0.001555475128456657 8.110334681861831e-06 0.00010903654453927584 4.427325814344444e-05 0.0005636164192722873 1.6426892623983783e-05 0.0002863707580646387 3.479001236796478e-05 0.000327922482392697 7.829228020272103e-05 0.0002027470156233912 1.6803727796628104e-05 8.268627423542896e-06 7.260223232419786e-06 9.96824412102533e-08 1.6623084694280161e-07 1.1300813444023824e-06 2.5590673073268673e-06 0.0 6.675767655881885e-07 5.5840217688182385e-06 2.949743209658879e-06 1.8270821349963784e-05 2.490861971577067e-06 2.241989246654336e-07 1.0144016393098975e-06 6.825659639751456e-08 2.6489496144177206e-06 6.895257467729615e-07 1.756372776965833e-05 4.992590213938976e-08 3.273578952822529e-07 1.8329622920539446e-07 1.191652798593992e-06 6.770251885782358e-06 4.911902691962897e-06 1.786911559882829e-06 6.901280110522593e-05 7.106218549712442e-08 1.0979219968022874e-06 4.4201523710920045e-06 9.40091278325045e-05 2.4408555200819036e-06 6.2499092911860745e-06 0.0 1.1078862065325027e-07 1.1094653477488253e-07 1.1420093643877566e-06 1.3554900367960475e-06 1.1308294015444877e-05 1.0361390269946685e-06 4.196479721544392e-06 7.347750829497246e-07 6.298248190152789e-06 4.5867435223646627e-07 1.7409480231681782e-07 6.978480321351414e-07
1.1253582687155823e-07 6.869779320540031e-06 2.2428849558366878e-07 2.753716875633113e-05 0.0010756393280166067 0.0010000571126380672 4.6848787331610655e-06 0.00016952051427079694 0.0006396496624889794 5.5081823683077e-05 1.2184995657028633e-05 0.0005916502039247574 8.206510638616636e-06 7.333718491774712e-05 0.0 8.242637729963839e-08 1.816149604404938e-07 4.110511500456721e-06 1.8845432766292093e-06 7.043988021705511e-05 6.069843088551064e-08 5.034066833943433e-05 0.0 0.0004322432175144619 1.5433913907085266e-06 4.455065882722233e-06 2.6031672540424988e-05 3.229644776127237e-05 3.2649022234682376e-05 4.359285875204509e-07 1.1059133487535512e-06 0.00010352240338223177 6.458000248527751e-07 4.268631768469133e-05 1.2911662445212388e-06 6.578865235321889e-05 2.6425413757663962e-06 3.512093123620899e-05 9.846120125646787e-06 0.0007722237568452976 4.365275053842053e-05 1.1340883762968057e-06 1.30891354007995e-06 1.85287870007198e-07 9.208984231979833e-08 0.0 1.8133782124356685e-05 1.1415581391504618e-07 1.5172966402774e-06 7.227960402955021e-07 1.6795815207027678e-06 1.6037624388277995e-05 9.561004673282468e-06 0.0 3.3891362723073045e-05 1.4325894605463396e-07 8.631104738423926e-07 1.1900906161843415e-05 2.832751968421328e-06 0.0 0.0 0.0 1.0545147009892034e-05 8.599609576857885e-07 7.557458671503376e-07 1.034316883394934e-06 9.997474334311998e-05 6.973172786877526e-08 1.771304001537613e-07 1.235881278993161e-07 5.163744649339894e-05 4.811270481425737e-07 1.2778396876443152e-06 0.0 0.0 0.0 0.0 0.0 2.3456384546002805e-05 5.371195724347368e-07 1.3714241410872704e-06 1.6507589050696338e-06 6.237948698384289e-05 6.574262660017491e-08 5.523761379140852e-07 0.0
1.5544348562300267e-07 1.8101899849059827e-05 8.826885468740932e-06 1.931455427391545e-07 0.0 5.41118487086389e-07 2.282457154293692e-05 1.6020337837111216e-06 0.00011493890787212277 9.600754300560795e-07 6.776129314736741e-08 1.171324622234628e-07 9.594752607696418e-06 1.085816167662092e-06 8.242637729963839e-08 0.0 2.42410841508145e-06 1.0139511020478695e-07 7.022821841711887e-07 2.159465012445041e-07 0.0019352468013405892 0.0018722844134139286 0.002453393380654731 0.0016340492218261345 1.1877135906763489e-06 2.7691608957670623e-06 0.0019936565017970274 0.0008402123099962136 1.6952116178100278e-06 2.201776200967001e-06 2.000897790266943e-07 5.5820495860338884e-08 7.430809607508233e-07 2.6185690368219505e-05 8.746932141854363e-06 0.00047257443239082493 0.00015974373344154215 9.97054376229647e-05 0.00010423362480981154 2.7953193077082597e-06 1.0310792112126246e-06 2.9328538106041724e-06 1.6994148827503814e-06 1.7224800843346466e-07 5.201610543655306e-06 3.8013763067866926e-05 2.3322108856466278e-07 0.0 1.9419520694018752e-07 1.1878876185633354e-05 1.4115637205352584e-06 2.0700165027500994e-05 1.1592119522837599e-06 9.079167193321865e-08 0.0 7.767867296366247e-08 1.1357776454784888e-06 1.9958487873791878e-07 0.0010667902170092775 2.4912355161856443e-06 4.231986566409964e-07 5.406089483731728e-07 7.242580439871424e-08 0.0003706630152240689 0.000810697287272044 0.0011412749748911457 9.142345053319428e-05 2.823680512608639e-07 4.838540665725078e-06 0.0005224020633036792 0.00015149248707706402 5.476121177470633e-06 4.1318577153565953e-05 1.0530712795527901e-07 0.0 1.1408930747580492e-06 5.731231272218974e-06 6.74900162785541e-07 0.0001584360765596808 1.863860360318563e-05 6.955855579705927e-06 4.784532781329173e-06 3.2858224938420855e-06 3.267973598615191e-07 2.9567968902634003e-06 0.0
0.0001376743734426252 9.921449990472927e-07 0.0011132244003840169 2.832192352464394e-06 2.8215092367050793e-07 3.427041323232622e-05 0.0003271808827530314 0.00032165201216234976 1.3832160112000206e-06 1.9317529001085383e-05 0.00010417436124004632 1.8275250115023685e-06 4.215710759082421e-06 0.00038253035220607833 1.816149604404938e-07 2.42410841508145e-06 0.0 5.523261804170062e-05 0.0017839535554466943 1.8314196567956501e-06 0.0002538928906521811 1.7066262481514463e-06 0.002858392870023642 7.87098674518377e-06 2.91029244489412e-07 0.0003750826329734752 0.0012730514655372044 5.333409943237372e-05 0.0004047417348270437 0.0011282736215993303 2.5596232735533757e-07 2.7328512724662717e-06 6.89980790402794e-05 0.00197181732102134 2.3073355977700412e-05 0.0009691067051319578 0.001007574383641084 0.0024672433633458227 0.0004173006502728221 2.13430094759922e-05 2.2544937552982357e-06 3.582549951892309e-06 2.739919091178872e-06 0.0 2.08869896352175e-05 1.0978409524504727e-05 0.0 0.0 0.0 2.0925030383855599e-07 0.0 8.495245935587452e-07 1.0112688206159021e-07 5.492020450309665e-08 0.0 4.5114018364792163e-07 1.0479543012471576e-07 0.0 2.8691904140091163e-06 2.515249401047809e-06 8.384677146829852e-07 7.49131545724168e-06 2.3018477246423304e-07 1.3228829600845425e-06 3.017670157731353e-06 3.210158394189123e-06 1.6255152016780631e-06 6.198921440809285e-07 0.00015364216174713826 0.00018281507860599798 4.706038048546131e-06 3.160273017687151e-07 9.765869576137375e-07 2.9058822205513165e-07 0.0 0.0 4.813578097585013e-07 3.481024844650304e-06 4.165080759689723e-06 5.946360765622835e-05 1.0000890191655736e-06 1.485663117798726e-06 1.9072618468511854e-07 0.0 8.526642573903012e-08 0.0
5.062174338661345e-06 2.612142963601727e-06 1.5641876035649605e-05 1.1740348986350016e-06 3.412278673802978e-06 5.242790082958865e-05 2.1926213833210324e-05 3.783852769125886e-05 1.034590455245392e-06 3.938677958179546e-05 0.0014182942733750885 1.980140434167044e-05 3.272634958160976e-05 8.093395057583824e-05 4.110511500456721e-06 1.0139511020478695e-07 5.523261804170062e-05 0.0 0.0004420788941885383 7.288010700562706e-06 1.328924174748215e-06 2.6270178066532886e-07 6.510014748385796e-06 5.190044329430088e-06 2.7795362031708927e-05 0.0022246695703611414 0.00045917232515516553 7.855102858760141e-06 9.481193501557034e-05 1.0238004540909374e-05 4.431885107783468e-05 3.9170224469072425e-05 1.7938065042569087e-06 0.0008690879771350942 2.3324970444156475e-06 0.0003105520908214645 0.0012087567013446554 0.0009309783852341524 0.0003704875291410525 2.4488978440774206e-05 3.228708305924735e-06 9.863936690363024e-06 2.1782744552780235e-06 0.0 2.5319091634775904e-06 1.2393061410244964e-07 0.0 0.0 0.0 1.6156540541043354e-07 6.77743603505494e-08 3.9978672417600824e-07 0.0 6.304382536331221e-05 1.1792015063513952e-07 0.00023060475107210845 2.575078789364614e-07 0.0 8.091826412100863e-07 1.2655402388988264e-07 3.298620096391847e-05 4.428758643125192e-06 0.0 1.0083540987352809e-07 3.4968072395779613e-07 0.0 2.3910685153893168e-06 2.9262503020722917e-05 0.00011147975183574077 7.524728724139964e-05 3.6951486571071257e-06 6.461300150020046e-08 2.661150812506702e-07 4.186560320205804e-05 0.0 6.984391543304755e-08 3.808440867352274e-07 6.667638124747308e-07 2.444770744056753e-06 6.563191056740267e-05 1.8557692865687113e-06 6.288930889190967e-07 3.4971080015955704e-07 7.928914085251449e-08 9.41052256240191e-07 0.0
1.6915056611999387e-05 5.505442653056237e-06 4.2735780363131695e-05 6.916766343780466e-07 9.181250391292616e-07 2.3593991589183938e-05 3.737325162138965e-05 5.296716923219301e-05 1.7125943946495118e-06 2.709930463044479e-05 0.00040835914229197563 1.0850661015456692e-05 6.062645443713336e-06 8.542413033974201e-05 1.8845432766292093e-06 7.022821841711887e-07 0.0017839535554466943 0.0004420788941885383 0.0 4.218494384896153e-06 1.3211169241129868e-05 2.9775675255840164e-06 7.410194238686189e-05 4.7288044871352595e-06 3.1619406351189263e-06 0.0025797272114576214 0.0009193882783505064 7.657203484810937e-06 0.00011956617672253294 7.888286138988224e-05 1.6833026404608138e-06 1.325308436791565e-05 9.213178462377058e-06 0.002039779456542917 5.014570041511657e-06 0.0005031212075121694 0.0010235504775161892 0.002340193311088515 0.0005293224196884584 1.2095866120359496e-05 2.1588687239448724e-07 2.9186487915223423e-06 1.385335425018368e-06 0.0 2.5284104250178816e-05 1.447140397053861e-06 0.0 0.0 1.1052787370021962e-07 1.7603428247810517e-07 2.9064442833636804e-07 1.2821328912884244e-06 0.0 5.135841825917652e-06 0.0 1.6090134727920362e-05 0.0 0.0 4.563402641735254e-07 7.587629459046261e-07 5.651122969168046e-06 1.2615504994141764e-05 0.0 2.766561690593735e-07 1.869504924789223e-06 2.0877219997008044e-07 1.8544434543841371e-06 6.149511623965369e-06 0.00015741093910094653 0.00014453828233511635 1.910172358669325e-06 0.0 4.906036002345696e-08 3.86096164777652e-06 6.060059128340763e-08 0.0 4.3502354956655614e-07 1.0866464542907642e-06 2.4256193212665873e-06 5.636622144086661e-05 1.0221686204595046e-06 6.37938968494034e-07 2.6163451035510787e-07 0.0 9.755709955470038e-08 0.0
1.208971175756231e-05 0.0 1.665406460996709e-06 0.002262035282266871 2.4925775092986567e-06 0.00014232741329052697 1.880089017975127e-05 9.28968691429139e-05 0.00033482623634631864 0.00218080892702389 1.1648221833270934e-05 0.0028457446302187143 2.193679039285071e-06 0.00011739154943832557 7.043988021705511e-05 2.159465012445041e-07 1.8314196567956501e-06 7.288010700562706e-06 4.218494384896153e-06 0.0 2.3052651876943804e-07 1.0726514017988706e-06 8.854565206014704e-07 0.0004585679543042544 4.668390306860953e-08 7.822675404169727e-06 2.893601416368248e-06 0.0010839623179260366 9.034744044046946e-05 2.6081912682839576e-06 6.325696763410007e-07 5.906748954501881e-06 1.3868441115097203e-06 7.531174427155113e-05 8.659615268572321e-06 0.0001766186283247515 5.552772140865363e-06 0.00013411690088583917 2.3270028341270827e-05 0.00019168652834764474 1.4877473743501815e-05 5.39547956378123e-07 5.213946874798121e-06 3.263230420204556e-07 2.4094351574368575e-07 0.0 1.9509111810169297e-05 2.1826757835381308e-07 2.556169330504628e-06 5.7295886988176685e-06 6.1568622372911985e-06 5.542000957781557e-05 1.1058415674045748e-05 2.1744759837347835e-07 2.437006669278131e-05 1.2565272004073825e-07 4.41831766220815e-06 6.018776860916508e-06 1.714814888909427e-06 8.598092483222231e-08 1.2782140846499212e-07 1.990435071062224e-07 1.4023686048462056e-05 4.187540897844e-07 3.7113141633937695e-07 2.957743137503091e-07 0.00021487021411841802 1.2507293862008602e-07 5.689515216917961e-08 8.520889240109972e-07 0.00015446430653900513 2.4857473644063167e-06 1.6262442218089639e-06 0.0 0.0 0.0 1.1846455152145432e-06 8.717882736688921e-07 1.9120414113650387e-05 7.279452452664655e-08 1.4674652330553253e-06 1.2927407126980136e-06 3.272964484467761e-05 1.2789334817808627e-06 0.0 1.0057583983416149e-07
3.104536304233651e-05 1.0911615797176547e-06 0.00018511698945561616 1.9948628885335497e-06 1.2559888922127228e-07 1.8415695298486384e-05 0.001182660140188588 0.00012472767167284648 2.894651638737894e-05 1.743736323319525e-05 3.6279298432749032e-06 5.298527579579179e-07 1.2033795801888525e-05 0.00012115228189061088 6.069843088551064e-08 0.0019352468013405892 0.0002538928906521811 1.328924174748215e-06 1.3211169241129868e-05 2.3052651876943804e-07 0.0 0.00022212763702756145 0.004424764821671266 0.00032219136196238 2.951533316976375e-07 1.8475595522294352e-05 0.0004792521654968527 0.0037488410196813544 6.787524844894379e-05 0.004074211288237872 0.0 8.694233219104887e-07 2.549574962091953e-05 0.001654255669403786 0.00014094611138228735 0.0039677019323003096 0.0005980976606970341 0.0024091572756117356 0.0016708660589207546 3.1593390090515e-05 4.639516357023001e-06 1.1541069988338769e-05 1.1387405429353451e-05 4.255896605948828e-07 7.692497269361316e-07 4.513605114049906e-06 0.0 0.0 7.232934074714497e-08 5.184776420600815e-06 5.759073367328839e-07 1.955478277566621e-06 2.605629910404085e-07 9.716778343764679e-08 0.0 0.0 6.505552190326937e-07 0.0 0.00043846059231681745 1.302658369435171e-06 4.303559792050604e-07 7.182187201737317e-07 0.0 0.00040637204832303774 0.00023784631399656017 0.0002914332578567067 3.125120708543727e-05 0.0 1.3574283443705596e-06 1.6897267674466035e-05 0.00011705754192459171 4.4632108911368734e-06 4.46026551541488e-05 0.0 0.0 1.507826478999676e-06 5.741775168178295e-06 1.8156099012214362e-05 0.00010508789210582323 2.5833573644994615e-06 4.099875433119192e-06 3.893184302081832e-06 4.299632344615825e-06 1.0663188274462361e-07 2.666254230343867e-06 0.0
4.3414979501630565e-07 0.00111402516368992 4.257857279209846e-06 5.335116310984226e-07 6.707076242017062e-07 1.0176099665345976e-06 9.643513192232834e-06 9.406650092412039e-06 0.0013406371767436683 1.4303959357822634e-06 1.108340836165646e-05 7.129907537173108e-06 9.120544924453764e-05 2.0194861117915112e-06 5.034066833943433e-05 0.0018722844134139286 1.7066262481514463e-06 2.6270178066532886e-07 2.9775675255840164e-06 1.0726514017988706e-06 0.00022212763702756145 0.0 0.0002779247747213515 0.004114466371913991 0.0002808058540143129 3.5552009632713146e-05 0.0025685514817304967 0.00015628176909877452 2.9059186442984638e-06 3.7428680754514687e-06 9.521317102238586e-06 0.0 7.488357397246136e-07 3.86735289473682e-06 3.0754186155758694e-06 3.888163908147957e-05 1.7195522506838913e-05 1.9078513356461218e-05 1.0006873248611475e-05 1.4621016878755593e-05 0.0 4.535772269932045e-06 0.0 0.0 3.593312557352411e-05 8.598466957246454e-05 4.104771978091678e-07 0.0 0.0 2.581421237676739e-06 7.677629171928878e-08 7.556271278115426e-06 0.0 1.265927196861663e-06 0.0 4.2788754471661025e-06 3.477949794244283e-07 0.0 0.00043545201979690095 1.7885810162422045e-06 5.067367067803436e-07 7.529377468209725e-07 0.0 0.00010057434449612106 0.00023324075375353616 0.00037743758858538464 2.2509454912730896e-05 2.5409784601729325e-06 1.9832156732254016e-05 0.0009478009036040525 3.880453644717803e-05 8.545596162698514e-07 8.520510118142156e-06 2.8593716742692914e-07 0.0 7.179011957901864e-08 1.3916002619319911e-06 0.0 1.583671922442652e-05 1.3585293938336945e-05 4.593281173923262e-06 2.042272821853127e-06 2.2794524854882276e-07 3.091194199981074e-07 0.0 0.0
4.449941746877692e-05 7.465842216743617e-07 0.005280595736364252 6.972981322062692e-07 3.985137146458866e-07 1.6586007117506014e-05 0.000907901791489078 0.00012728705091854387 8.989540475532984e-06 1.5859342568487037e-05 5.042636295405644e-06 1.4158227460873359e-06 1.782311354847936e-05 0.00013634219715254092 0.0 0.002453393380654731 0.002858392870023642 6.510014748385796e-06 7.410194238686189e-05 8.854565206014704e-07 0.004424764821671266 0.0002779247747213515 0.0 0.0003225934698458762 4.2529556198551883e-07 0.0005165321275162873 0.005023501897714409 0.0015620055102714755 7.146418472379733e-05 0.002777942548160073 6.236130172063322e-08 2.645199638640462e-06 2.2140991261112664e-05 0.0017464312737338209 0.00012585376562077434 0.005553855249750832 0.0036424289895798114 0.0036173014552298042 0.002885968629865556 7.157701200554941e-05 8.678938667871652e-06 1.5327645660374623e-05 1.941819701229775e-05 5.4561617947963053e-08 1.9467851354589825e-05 0.00021453686100762341 0.0 0.0 4.91175260085562e-07 1.031498619973615e-05 1.2950826237753099e-06 1.466973893235018e-06 5.399336292550841e-07 0.0 1.5768496961889023e-07 0.0 2.9153995578940387e-07 0.0 0.0007912323936702405 3.673259343714366e-06 5.825669849119187e-08 5.340205034708143e-07 0.0 8.76889511186956e-05 0.0004118279008448268 0.0010044646851217914 1.2224841587863655e-05 0.0 1.3562265593188674e-05 0.00109690079652216 4.370519289399124e-05 1.2745300766142893e-06 4.144056196592306e-06 9.076211063118576e-08 0.0 0.0 6.360115525631812e-06 2.9667033862244357e-05 0.00017562152600525624 5.270760135410723e-05 6.913880365419955e-06 8.24266874077351e-06 2.3417091716994123e-06 1.049451318120304e-07 1.690057004228476e-06 9.295066812729789e-07
