0.0 9.28813733223154e-08 4.5299849014321433e-05 1.1677766490207891e-05 1.4521691288578293e-07 1.455184342667882e-05 0.0014017460240539177 0.00017480217434682566 9.529372149802631e-06 5.351855666001573e-05 2.4035243137160934e-05 2.2774518172887377e-06 7.644746536287816e-07 0.003172645112654309 1.7197418836886413e-07 4.041377914219792e-07 0.0002065537519086473 1.8464640141088996e-05 7.758335644911872e-05 1.083108545267559e-05 7.260020284054802e-06 5.301641889345725e-07 6.840683479263631e-05 8.501888331426259e-05 3.594026576527871e-07 4.9920487196498154e-05 2.1623787584477534e-05 0.00012923926811672269 0.0017917590764043954 0.0017615498750108763 0.0 2.362338005248747e-06 1.5708786024083074e-05 0.0001641198745152145 6.231970453988579e-07 1.979622502718442e-05 9.585124273493687e-06 9.682583368739826e-05 1.6555025197683885e-05 3.913185856427839e-07 4.135187201390028e-07 0.0 1.3803337556977875e-07 9.48846876635219e-07 8.916950565502261e-08 4.4038753829135176e-07 6.480886836035242e-07 0.0 3.511812967089122e-07 1.419658576058475e-06 1.575213988861428e-06 3.1454282624976444e-06 1.998864595350054e-07 0.0 1.301763693837293e-07 4.846032173109105e-08 1.7245242082768115e-06 0.0 8.777538067943952e-07 3.3203375081810845e-07 0.0 1.9726322692891592e-07 1.615069106356816e-07 2.007824822381134e-06 1.6159196375799875e-07 1.3504215502713267e-07 2.2255316745620434e-05 0.0 7.610147897698346e-07 1.1824917225747762e-06 1.2406712909523285e-05 4.1028561072088735e-06 4.122217541189132e-06 0.0 0.0 1.425002585996249e-07 4.820496682564387e-07 0.0 6.79175895363407e-06 2.1078281159410639e-07 4.2234857116365095e-06 1.3568693770587312e-06 1.1344222410662375e-06 0.0 0.0 4.816915307246889e-08
9.28813733223154e-08 0.0 4.195005004348105e-05 0.0 0.0 8.301659092499977e-08 3.7188136110486006e-07 8.413979833527445e-08 0.00045455666071919485 4.926787122520671e-08 5.776572952946306e-05 2.109937588499014e-06 0.00036887263313117576 6.236659050729933e-07 6.296346143755715e-06 0.00012625158637996959 2.1249142950096506e-05 1.0959164065482223e-05 3.475164784612537e-05 1.436663701767128e-07 1.7476988543834e-05 0.001678544398824635 6.578380721621172e-06 0.00046233145910072707 0.000551768267410276 0.0003862758181109577 0.004221173903958615 8.666005983881198e-06 1.018577773878621e-06 1.9967000005309735e-06 1.0582977636596641e-05 0.0 1.4342031008548223e-07 2.1163414807664465e-05 1.9250149307503703e-07 3.48803548967969e-05 8.043525520529032e-05 5.417518092553669e-05 6.807340950987084e-06 7.61279478678842e-06 1.5678384360083744e-07 6.516083984077758e-05 0.0 3.1719156662810247e-07 1.6163505729915052e-05 3.403125919969323e-05 0.0 0.0 7.090637344072523e-08 2.0886826111619067e-07 0.0 7.059044201560558e-08 0.0 5.972837557021197e-06 0.0 1.5134857707176314e-05 2.640930595311061e-07 0.0 4.351846940843963e-06 1.4833332713403423e-05 2.1598850927514385e-06 1.3344647562415241e-05 0.0 1.5380438802572275e-07 6.802075572834387e-06 3.0020463293933427e-06 1.1232931532927356e-06 1.4492673669728782e-05 8.13608234607752e-05 0.00043681566199312705 5.274090229538649e-07 2.5252029940118865e-07 1.2203390148722185e-07 1.5396431157257413e-06 0.0 0.0 1.4135899551572366e-06 8.359151492474337e-08 7.483881873678434e-06 1.022316816906378e-05 1.0724952219138333e-05 1.7500183826395784e-06 4.2524284094419143e-07 0.0 1.8475350756070469e-06 0.0
4.5299849014321433e-05 4.195005004348105e-05 0.0 1.0714769133544162e-06 6.281845629408694e-08 0.00011988332468410616 0.0009809561927894366 0.00042881351583185423 5.695441274741667e-07 0.0001145898389095294 6.4764076451021675e-06 9.987079398094066e-07 7.425910996311863e-07 0.0004147523149166954 2.781133860343531e-07 2.0304227736195144e-06 0.0030657840510636297 1.5279281060347207e-05 5.4245878701449344e-05 1.2374070517240453e-06 0.0001727164344185715 3.0898226665377e-05 0.005165137441598462 1.7209883060692465e-05 4.458075714735178e-07 0.004272834413087325 0.005559182474964784 0.00024431751671675513 4.1002129827451197e-05 0.0004231045119090738 6.467775306328236e-07 1.2035628569858669e-06 2.0605520512695996e-06 0.0003331250505546486 6.237288113174996e-06 0.000558487945747104 0.00231901496459365 0.0005379262119166637 0.00012245964235940783 1.8246516295922008e-05 4.807088987557444e-07 1.9432324237082477e-06 1.0370567495673316e-06 5.753652227660123e-07 0.00014182189313131476 0.000603815131071707 0.0 0.0 4.154310539696702e-07 3.0060191205268774e-06 1.9274832960513795e-06 3.760666033852507e-07 0.0 1.0044750476981977e-06 0.0 7.689452147418152e-08 2.57500729387118e-06 1.0631208390418606e-07 9.164465650923464e-06 0.0002573342583990665 8.474362774171367e-07 3.468704271499803e-05 0.0 2.9954287188569436e-06 4.86574472156416e-05 5.262487128284104e-05 1.032131814549519e-05 5.993324455881212e-07 0.00024083165770483832 0.001444136225883213 6.00991821594859e-06 3.7471465226673363e-06 4.827929166103489e-06 0.0 0.0 4.306751289606841e-07 2.839666040147161e-05 4.4549908602368524e-07 6.220222682414516e-05 0.0002684133777510038 0.00010802226476371263 1.5008437460842603e-05 1.1450331804015605e-06 0.0 0.0 4.513145560118324e-07
1.1677766490207891e-05 0.0 1.0714769133544162e-06 0.0 6.449132323236488e-07 3.116346780530491e-05 8.85990632710528e-05 5.642045326241736e-05 0.0004421752614640381 0.0024902901542027344 7.4832789905313525e-06 0.0015155102600368456 1.8559620336448688e-06 9.579689635749471e-05 2.820025479658773e-05 8.363775018576392e-08 4.770300072882154e-07 2.0105551766086646e-06 1.587826723950892e-06 0.00248386222973165 0.0 2.867503050628222e-07 5.315569904533639e-07 0.0008581461018189208 7.486813195758696e-07 1.3417905504666328e-06 1.2470250310654904e-06 0.0017005294889783904 7.664135555075537e-05 1.9325578506762285e-06 2.017678419486626e-07 2.900618441959613e-06 5.015702762873526e-07 2.6038372320965532e-05 4.967990835138806e-06 0.00012911085790083575 3.308766446256057e-06 9.763086735220263e-05 4.414789522852397e-05 5.8581004394392463e-05 6.038384999998008e-06 4.868064503734627e-07 4.208347566257735e-06 1.5970312475527397e-06 0.0 0.0 7.234408879669275e-05 1.5242576406842918e-07 2.9229283290701855e-05 4.388016819422823e-05 1.7141479318735074e-05 9.201380004156113e-05 5.966932431612192e-05 6.563659873354112e-07 3.947540857317381e-05 0.0 8.2617049770075e-06 3.404439166304129e-06 7.272346083751198e-08 0.0 0.0 0.0 4.643460100513864e-05 5.134690019472448e-07 0.0 9.746799612580232e-08 0.00018175910381463674 0.0 4.866219583739426e-08 5.153256787455305e-07 0.00017280555215755288 6.8150426489879425e-06 3.662437837940569e-06 0.0 7.689099116747744e-07 2.851313687846951e-07 1.5939653876393979e-06 2.5700204172382256e-07 3.166688407929441e-05 3.71811142781991e-07 1.1571392327934083e-05 3.4171094280842427e-06 5.398326191673893e-05 1.146852970230167e-06 0.0 1.1552670366068284e-06
1.4521691288578293e-07 0.0 6.281845629408694e-08 6.449132323236488e-07 0.0 0.00020511835841515125 9.082961605373122e-07 1.708114434421485e-05 6.711765228238466e-05 3.1840743642491313e-06 9.055472979175918e-06 3.796082578944811e-05 3.556319639231701e-06 7.481287388088776e-06 0.0007122741009796956 0.0 1.5960110019783698e-07 5.479007184262498e-07 6.422967353859938e-07 2.1207333300828266e-06 0.0 4.589355280470598e-07 0.0 5.114870560038674e-06 1.0624936462550692e-06 3.2062430411326516e-07 2.867820974178309e-07 2.2936401758430782e-06 7.189196432757952e-06 3.2058434322944646e-07 8.539903359013046e-08 6.122885943647155e-05 0.0 0.00013314684828453517 0.0 1.9250261780919882e-05 1.8425917726255262e-06 5.410946181690594e-05 1.2917588087201048e-05 0.0007677734294050387 3.9980049571302446e-05 5.793326212825764e-07 3.320521902207245e-07 0.0 0.0 0.0 3.8475225599539593e-07 0.0 0.0 0.0 0.0 0.0 0.0 0.0 5.8940295178715927e-08 0.0 0.0 0.0 0.0 0.0 0.0 0.0 0.0 0.0 0.0 0.0 0.0 0.0 0.0 0.0 4.84825788289311e-07 0.0 0.0 0.0 0.0 0.0 0.0 0.0 4.0542450412182284e-07 0.0 0.0 0.0 0.0 0.0 1.221174564335903e-07 0.0
1.455184342667882e-05 8.301659092499977e-08 0.00011988332468410616 3.116346780530491e-05 0.00020511835841515125 0.0 0.002037609334842423 0.0035089459311387293 3.376356037356045e-05 0.005019782467749445 2.9730674141028796e-05 0.002233113848155111 1.4444295441508119e-05 0.0005246500737931313 0.0007660495900468703 0.0 2.4747838651954888e-05 8.91315986193873e-06 1.099867175311756e-05 0.0002466715063263533 3.301137632269883e-06 8.947485024225331e-07 2.3234186933553494e-05 7.265895387569042e-05 3.1616205848908026e-07 2.9620225572919235e-05 1.670158577028445e-05 0.00021499820639632653 0.000385327317739559 4.038351028108677e-05 4.3498077641711243e-07 0.0004102092417080999 5.533663500426027e-07 0.0001465710305585863 5.908740360609355e-06 0.00013652008222159582 1.0023953961896274e-05 0.00015994886340407792 5.2951714429590515e-05 0.0007878491851621026 5.900792774787095e-05 6.092864653866294e-07 2.012228594238865e-06 9.838027750784308e-07 1.4618941277651335e-07 4.365715576011852e-07 3.9309458831967925e-06 0.0 1.1097624119112843e-06 1.2268746788582264e-05 2.0325644916592587e-06 7.96167152557042e-06 1.3847492557830404e-06 2.499403710197951e-07 4.438770913438668e-06 6.636612061162753e-08 1.8280966345665818e-06 0.0 9.923405654786673e-07 4.1271619994398453e-07 0.0 0.0 2.01309984274525e-06 0.0 1.0690256933912391e-07 1.637310691748356e-06 3.203198591255817e-05 0.0 2.6001891087542087e-07 5.100008013718881e-06 2.1532519918105306e-05 2.008157233741689e-06 1.2751917798672934e-06 0.0 0.0 0.0 6.508858066752411e-08 0.0 6.30869730222321e-06 8.22882006392103e-07 4.2135745388536885e-06 1.505033071404389e-06 5.361143551460627e-06 2.427519554469554e-07 0.0 0.0
0.0014017460240539177 3.7188136110486006e-07 0.0009809561927894366 8.85990632710528e-05 9.082961605373122e-07 0.002037609334842423 0.0 0.002190993272638992 0.00012478311361057164 0.0017720633759584386 1.2962345428264955e-05 1.8656544213031717e-05 3.920149031248244e-06 0.004605377030776211 6.439201135312859e-06 1.7165360320919002e-06 0.00011854311917113538 7.5334867487654e-06 1.6078345102247483e-05 1.7765590104502575e-05 8.875511416370797e-05 3.323302810688041e-06 0.0005621118889174481 0.0013539838358104749 8.161649447318308e-08 0.00010395483376977454 0.0002521131708750086 0.011551533244791806 0.0005408414524007577 0.0025340215905877658 2.1628088055674826e-07 6.6262228804433965e-06 9.194800125609616e-06 6.69941312391983e-05 1.892204754191509e-05 0.0006350777919717149 2.3384997431262535e-05 0.0002542356732283911 0.00013835835963121822 2.9324321204616696e-05 6.322266702259245e-06 2.059453565803589e-07 4.754242835339996e-06 3.2909152838520793e-06 6.824471976544329e-07 6.212558812744035e-06 1.3102129257100702e-05 0.0 1.1819386347956507e-05 7.172465329961865e-05 1.1022850802506357e-05 6.870750161734626e-05 9.456096637662486e-06 3.1268593921697905e-07 5.135482726002669e-06 5.158467173978018e-08 1.5823331352283147e-05 0.0 6.555524173783828e-06 1.4419457884597648e-06 0.0 3.2523368939383585e-07 8.122446522145162e-06 1.7141380810604781e-06 2.8078092627562416e-06 2.0656032600676566e-05 0.000215162790490963 3.0047004113608604e-07 2.686151954532278e-07 5.237171214815222e-05 0.0001309559035387051 1.622625833178297e-05 1.3936158553899975e-05 0.0 1.0367933155337644e-07 1.2315065041202408e-06 1.5893453110160215e-06 1.3031521355416072e-06 5.898918218259006e-05 4.355494525741055e-06 2.145013743525336e-05 6.757337720304482e-06 1.9124406947005636e-05 1.0634655011545189e-06 1.1965149147987751e-07 2.4420429619248045e-07
0.00017480217434682566 8.413979833527445e-08 0.00042881351583185423 5.642045326241736e-05 1.708114434421485e-05 0.0035089459311387293 0.002190993272638992 0.0 2.1643247236750234e-05 0.001191207090484307 3.341989990378494e-05 0.0007268792787516756 2.023454370695737e-05 0.0031025614365116187 0.00012620958661339817 1.3291765988746276e-07 0.0002949562185471772 2.9080579163061062e-05 0.0001071948233221242 0.00026459256285935544 1.0457643506592358e-05 6.993660414915571e-07 0.00011261419666188155 0.00016325973982092315 1.9498608929586072e-07 0.00019567502351781064 5.958651728204741e-05 0.00020854586904610245 0.0005130853541408436 0.000491281238583812 3.245172592058513e-07 0.00032308655681966393 7.569636893468637e-07 0.00012672920189238032 4.201723995675327e-06 0.00014085882767091986 2.150925858517064e-05 0.00015649986581936878 7.529312789341973e-05 0.00036427286138032304 3.988465692443009e-05 1.9139944382809186e-06 1.7712590599484892e-06 3.3727456909080573e-06 2.0329409951136052e-07 2.1750839652839253e-06 4.344663113690105e-06 0.0 3.951170029754531e-06 3.188057949189275e-05 4.002155557663768e-06 2.7401713793629147e-05 5.035457147585781e-06 8.338206012978436e-07 3.9122193696520196e-06 1.4256712541717012e-07 7.044222530542596e-06 0.0 9.412146254170317e-07 7.158249779702282e-07 0.0 3.1008827765759915e-07 2.6328086201754857e-06 1.0847755313549604e-06 1.335130562370225e-07 2.587298349765127e-06 8.50399441533065e-05 0.0 1.4182111543920185e-06 9.514188675416405e-06 5.395242319358492e-05 9.015652323809574e-06 8.48677681520647e-06 0.0 1.1448052004772957e-06 7.473342879446431e-07 3.4189866384656944e-07 8.234878654799638e-07 1.5327273755235597e-05 2.417507656909192e-06 6.750704442195084e-06 2.7524957372180445e-06 6.271637042165607e-06 7.206779535969369e-07 9.829498108501764e-08 8.288245723202658e-07
9.529372149802631e-06 0.00045455666071919485 5.695441274741667e-07 0.0004421752614640381 6.711765228238466e-05 3.376356037356045e-05 0.00012478311361057164 2.1643247236750234e-05 0.0 0.00013999713321625928 1.0118244126806022e-05 0.00047781680639636856 4.38526795802777e-05 2.7605421438689018e-05 0.001138074650645067 0.00010789269264910301 1.636558742135496e-06 6.280366505196139e-06 6.901491397722395e-06 0.00044463433438791803 2.2188673544102777e-05 0.0011418027475053937 1.2509955088030847e-05 0.0043382910236158395 0.00011066549336906446 2.483138327029844e-05 0.0002024785955479777 0.0005981268643493079 5.508333004439099e-05 5.392897771563971e-05 1.37150028578219e-06 1.3310537970094093e-06 7.23629133244188e-06 1.0397190208829978e-05 5.352163448084332e-06 0.0001897503839915095 3.679610001286606e-05 6.183340276661366e-05 2.48716110049716e-05 0.0004550378945755372 2.4161419491063984e-06 1.979808581069934e-05 3.6974736254936323e-06 1.2476574474652084e-05 1.2741286097149942e-06 3.943638425751642e-07 7.251589608336228e-05 4.89633875788686e-07 1.9527257368489823e-05 5.1721528071578884e-05 1.8606370676075545e-05 4.266198585057968e-05 3.439523540887052e-05 8.235208931157407e-06 5.7226871139742804e-05 1.3694907746260236e-06 2.4522268741691894e-05 1.179838243959861e-05 7.621664925274752e-05 3.683736576711381e-07 1.300890955319406e-07 4.767776605731131e-07 5.028176153720205e-05 3.167070505662589e-05 5.1805818797873764e-06 2.425559619057729e-05 0.0006991199071242739 1.686275098658381e-06 1.4814306442202217e-06 2.610265750376003e-06 0.00023179381479077057 3.8493569657748455e-05 4.254876696735877e-05 1.7451081660778499e-07 4.709592023975151e-08 2.9010937556287754e-06 3.909509144867549e-06 8.925047941160272e-07 6.106875440213705e-05 5.4155100134414345e-06 2.5492411973079527e-05 1.1480936672926032e-05 9.141303524587493e-05 3.1140583767775904e-06 8.513643771864999e-06 2.8570389651936547e-07
5.351855666001573e-05 4.926787122520671e-08 0.0001145898389095294 0.0024902901542027344 3.1840743642491313e-06 0.005019782467749445 0.0017720633759584386 0.001191207090484307 0.00013999713321625928 0.0 4.7559673750607215e-05 0.0036467528503679506 1.1421062916157942e-05 0.0007172316730441198 6.887628534818242e-06 2.0063781314326473e-07 1.048139706584729e-05 1.4098258178864509e-05 1.2490190510007027e-05 0.0025348432488558753 5.843097720185338e-06 7.750687211352329e-07 2.687938145622069e-05 0.00034212741941367053 7.069130028184761e-07 2.7189635121072796e-05 2.131194909440514e-05 0.00309122919059297 0.0003826511011613114 3.4204053972095185e-05 5.362970803593414e-07 2.109069282050956e-05 1.711087607046729e-06 0.00015062583527670025 2.1109068720060117e-05 0.00046645321989828076 2.434135477006621e-05 0.0005514224880665824 0.0002046230044056172 0.00011128412536212772 3.599318767947826e-05 1.1736857750086218e-06 1.4672569420562859e-05 2.8309996303211765e-06 2.888859610009761e-07 7.270256475291793e-07 4.6429490837197776e-05 6.221076020574425e-08 2.807870549174544e-05 6.758413347361165e-05 1.7126248588532004e-05 7.267035594173554e-05 3.712740155570316e-05 1.350294846224747e-06 4.042343502090042e-05 4.1728809000360576e-08 1.1463905151561563e-05 2.488972302960847e-06 2.1934778837680956e-06 1.2301892972123959e-07 5.527017640904439e-08 0.0 2.882860886160419e-05 1.443329507031728e-06 2.349728380813432e-07 2.0462802394003647e-06 0.00023566655546065484 0.0 2.3806520387052885e-07 7.814149899633232e-06 0.0001901092983458586 1.235164923646176e-05 4.4978245719582406e-06 0.0 2.8592508362406955e-07 1.5258455439009426e-07 1.7638257762936202e-06 4.1169196603745737e-07 4.276770553448621e-05 5.767992302467269e-07 1.8116396375521975e-05 5.8926918549428246e-06 3.876731756317957e-05 1.8420705461909837e-06 4.0789950711790715e-07 5.300429591494296e-07
2.4035243137160934e-05 5.776572952946306e-05 6.4764076451021675e-06 7.4832789905313525e-06 9.055472979175918e-06 2.9730674141028796e-05 1.2962345428264955e-05 3.341989990378494e-05 1.0118244126806022e-05 4.7559673750607215e-05 0.0 8.242409506856994e-05 0.001992209371836893 7.785697208643287e-05 9.202427298542024e-07 1.732611190594316e-06 0.00015781245299757932 0.0016592682889854974 0.0007491442699460325 3.891082022803777e-05 1.220448091062172e-05 1.9881364770197627e-05 2.146513094337863e-05 1.5188134762555718e-05 0.000604717582141644 0.00152412563293973 0.000948005478794744 1.559700909643163e-05 0.0002859468640243668 2.8625474164747987e-05 0.00026099463377125034 5.769739508732834e-05 1.0069610208529383e-05 0.0039986270576088225 1.3306318065655717e-05 0.0005038375272491292 0.0032424066976520834 0.0025564229506556376 0.000701844093198135 9.822039678351411e-06 1.9752363268759952e-05 0.0006771766449081468 3.5725805184828483e-06 2.474197042739512e-07 3.007159011983752e-06 2.75080877885318e-07 0.0 0.0 0.0 1.4628821564332718e-06 4.26913298962504e-07 5.663027442058808e-07 0.0 0.0001381329597863776 1.8619589094717263e-07 0.0004235113515852981 5.723277261401129e-07 0.0 1.215993284065273e-07 6.77555240877496e-07 2.0279818384097025e-05 9.17080398839992e-06 0.0 0.0 6.774178903925676e-08 5.276775311909856e-08 3.609179875119511e-06 8.226322866285121e-05 6.82455019929063e-05 0.0001554857894069779 1.963158776158959e-06 5.5655464807918256e-08 7.91369275514568e-07 6.312550658933406e-05 0.0 0.0 0.0 7.064829332465187e-06 2.029488171865172e-05 0.0003776376906464205 6.1240315796086495e-06 2.2734650649515397e-06 2.097237497913296e-06 1.9237094847278334e-06 8.741020806042386e-05 1.37808544672563e-06
2.2774518172887377e-06 2.109937588499014e-06 9.987079398094066e-07 0.0015155102600368456 3.796082578944811e-05 0.002233113848155111 1.8656544213031717e-05 0.0007268792787516756 0.00047781680639636856 0.0036467528503679506 8.242409506856994e-05 0.0 2.797611113758119e-05 0.0004114620782534792 0.0005948194498782552 4.8865584448539305e-08 9.666134961947918e-07 1.7859839328794915e-05 9.696799219042816e-06 0.0032358924988452544 0.0 3.460211860318363e-06 6.534399068298576e-07 0.0003072076345751809 3.6088176594466907e-06 1.0189666619819953e-05 6.526143628954645e-06 0.0005550502630239856 0.0003602519200189034 1.238379645505911e-06 8.332995503989024e-07 8.912473755321815e-05 2.1451320439070433e-07 0.00036645401856309165 2.9692592018836402e-06 0.00047162182554731684 1.7269219625450717e-05 0.0005237714321190995 7.067403767806917e-05 0.0007411698417339326 7.268572283857876e-05 6.236567690572626e-07 2.4345686274324977e-06 1.2307253339530467e-07 0.0 0.0 4.5230357992600976e-05 9.233642835399357e-07 1.1405443264377265e-05 9.86180279886266e-06 4.7204458188564195e-06 4.13154648891585e-05 7.310305758023017e-05 1.1635053673529341e-06 0.000155897654879752 2.4372024656547036e-07 2.456277233668633e-06 5.8934573534547925e-06 0.0 0.0 0.0 0.0 4.1712180378106274e-05 5.226656305292431e-07 0.0 7.144359402613135e-08 5.111550774814482e-05 6.199709255634652e-08 1.4356978477359185e-07 1.482472860320356e-07 5.6786325860261166e-05 1.3890640065974128e-06 6.393176921154313e-07 0.0 0.0 7.307964298430418e-08 4.125837113869986e-07 1.4646905731877835e-06 2.643196619091199e-05 0.0 3.787790293045215e-06 6.858966110217489e-07 6.001888790530189e-05 2.06853659427578e-07 4.459233800661271e-07 0.0
7.644746536287816e-07 0.00036887263313117576 7.425910996311863e-07 1.8559620336448688e-06 3.556319639231701e-06 1.4444295441508119e-05 3.920149031248244e-06 2.023454370695737e-05 4.38526795802777e-05 1.1421062916157942e-05 0.001992209371836893 2.797611113758119e-05 0.0 2.2251405534825285e-05 1.1551785135947118e-06 1.2561887708073039e-05 1.4143271271217747e-06 4.9104911745221e-05 9.577808798720846e-06 1.0543033375591194e-05 7.33019485365462e-06 7.054462556211931e-05 1.4813956411965925e-05 3.424949759204584e-05 0.002821478827733718 0.00013616954315250212 0.0024374008659971773 1.0714154640554039e-05 5.3570231491739166e-05 3.258647541694214e-06 0.0002512175055378921 3.593542484037517e-05 1.2269945615096825e-06 0.00032399795257969006 2.8345829438782936e-05 0.0006922517325592735 0.003432665715652107 0.0016801116268294657 0.000291142369385821 8.904244221766904e-05 4.7726451909632684e-05 0.0011064716470165388 1.0838465855209918e-05 3.672474539089661e-07 6.949744334345734e-06 7.312004883046186e-08 2.0365864368434683e-06 0.0 3.061544186876136e-07 3.2588686961411317e-07 9.385246076378629e-07 5.611605765330681e-06 0.0 0.0003749693361403981 6.378118048469675e-07 0.001083994800439075 1.7020706207829783e-06 0.0 1.4748262192650603e-06 1.10124145659991e-07 3.1503792919031926e-05 6.2332500513732225e-06 1.9904228433350174e-07 2.0935158410745455e-07 3.7995839912642156e-07 9.170553707289803e-07 2.3982904152201007e-06 0.0005211547721578569 0.00011717217229603618 0.00033086055594677976 1.962502097473319e-06 8.073855806037634e-07 8.165960397582794e-07 0.00016846394591880264 1.069841746156475e-06 0.0 1.50956620075384e-06 1.6596365130011094e-05 8.054921739197513e-05 0.0006989298558469347 0.000105969466936411 4.11546231645618e-05 7.592096894135266e-06 1.6899817092385162e-05 0.0003334283096278899 3.0722288348352433e-06
0.003172645112654309 6.236659050729933e-07 0.0004147523149166954 9.579689635749471e-05 7.481287388088776e-06 0.0005246500737931313 0.004605377030776211 0.0031025614365116187 2.7605421438689018e-05 0.0007172316730441198 7.785697208643287e-05 0.0004114620782534792 2.2251405534825285e-05 0.0 7.951402880658243e-06 4.752128790691957e-07 0.00043254679132717085 4.673899367096621e-05 0.00016247058711917688 0.000270397139373411 1.774769894447477e-05 1.1292921641223756e-06 0.00015746143670025372 0.000219466652497225 8.461297496054266e-07 0.0001906295721119513 7.554399501485379e-05 0.00040331044597387153 0.0024432834158214455 0.0013305106762274703 8.508237552926455e-07 0.0004489418524619372 6.1209312371551475e-06 0.00041269898454703626 7.970383565671932e-06 0.0002704739457760132 3.4153667367576433e-05 0.00036969235408428953 0.00010362010947865267 7.164550581543775e-05 3.950599377801464e-05 2.341856907228031e-06 3.325489404608449e-06 3.4810659265880525e-06 5.83904821591168e-07 2.0723764233144267e-06 1.4049703406733078e-06 5.8206299183900016e-08 3.0148123356385793e-06 1.639049746222223e-05 3.4182578554700237e-06 1.762274726572417e-05 2.38670405312217e-06 2.551735485951542e-07 1.937006192247876e-06 1.0376711568307687e-07 6.99811904777214e-06 0.0 2.421881942868075e-06 1.1155972071445022e-06 0.0 3.3857651787264714e-07 1.6504867409945171e-06 1.8995887907210107e-06 1.0234898437697248e-06 1.86725016483788e-06 7.652606693542028e-05 0.0 1.9042119820807597e-06 9.61032501764613e-06 4.773558860709452e-05 1.0571530923275351e-05 1.0996386153035615e-05 0.0 0.0 5.78537657282874e-07 8.253131050766673e-07 7.087912868246533e-08 2.3899089335579888e-05 1.7068221776541868e-06 6.275097224437973e-06 3.5809436795350415e-06 4.777202079668732e-06 5.494599317775948e-07 2.3051099251504107e-07 8.25137834819567e-07
1.7197418836886413e-07 6.296346143755715e-06 2.781133860343531e-07 2.820025479658773e-05 0.0007122741009796956 0.0007660495900468703 6.439201135312859e-06 0.00012620958661339817 0.001138074650645067 6.887628534818242e-06 9.202427298542024e-07 0.0005948194498782552 1.1551785135947118e-06 7.951402880658243e-06 0.0 0.0 5.8005755882390427e-08 3.420363204982448e-07 3.100017018659936e-07 6.181913925798656e-05 0.0 1.7948549588411657e-05 2.8852732135576133e-07 0.0005631438658422405 1.4882238066871283e-06 4.943712795917365e-07 5.424369556517206e-06 2.7646120527274744e-05 1.6371409618847094e-05 1.107925452251506e-06 1.1698290945522208e-07 0.00023844193695810015 1.4761943192507033e-07 5.186501258687233e-06 2.3652007827176906e-07 0.00018307661070874264 1.0823772741567917e-06 5.841702918377136e-06 2.574930948131147e-06 0.0009147369216411876 4.199647417672675e-06 0.0 0.0 5.095994461585762e-08 0.0 0.0 8.745189371215952e-06 0.0 7.367991636603252e-07 1.065142307030053e-05 1.1614947784898185e-06 5.374456783820561e-06 1.9472694078030703e-06 0.0 6.395677144125906e-06 0.0 3.924927555286529e-07 7.575971891686439e-07 0.0 0.0 0.0 0.0 6.633834075553837e-06 7.121617336645826e-08 9.674171961523417e-08 1.5314473748152554e-07 1.2948870282682535e-05 0.0 0.0 5.707678473863707e-08 9.049916595653533e-06 1.5477170349287064e-07 6.58548792952604e-08 0.0 0.0 0.0 0.0 0.0 6.646749160511523e-06 1.7674794028811864e-07 7.630034570938645e-08 0.0 1.2594392239593033e-05 0.0 0.0 0.0
4.041377914219792e-07 0.00012625158637996959 2.0304227736195144e-06 8.363775018576392e-08 0.0 0.0 1.7165360320919002e-06 1.3291765988746276e-07 0.00010789269264910301 2.0063781314326473e-07 1.732611190594316e-06 4.8865584448539305e-08 1.2561887708073039e-05 4.752128790691957e-07 0.0 0.0 6.106486465567196e-06 3.051069487661006e-07 1.2588393363476762e-06 0.0 0.0016922478046820855 0.0015664069472145269 0.002681088860467652 0.0022057941629359855 2.468000687846758e-05 4.670929760701646e-06 0.001735488735110048 0.001079842627825033 3.874699010371472e-06 8.722080927749183e-05 0.0 5.682452783244722e-08 7.204644778120343e-07 2.744710324247669e-05 1.1266015768730572e-05 0.0007519815755622107 0.00020615443385130775 0.00015360444244743001 0.0001913787823611171 1.8166144287630914e-05 4.324134229163517e-06 4.662038596724243e-06 7.162715233953976e-06 5.593591807943989e-06 1.1277778184872475e-06 4.113933342582103e-06 0.0 0.0 0.0 4.100835141334146e-06 1.4236904900319669e-06 1.199262600921742e-05 5.385490470035698e-07 4.266833020117105e-06 5.166671707997477e-07 2.805551678972761e-07 8.505015045858679e-06 0.0 0.002047021740403499 2.5345215912614436e-06 5.385113435892323e-08 8.372761829045559e-07 0.0 0.0003889386060360639 0.00037161436895648384 0.001283510448380001 0.00018448459969433467 8.029464869007646e-06 2.0562810700533786e-06 0.0002278324846256812 5.739364285293767e-05 2.5068084252295453e-05 6.325469546482092e-05 0.0 0.0 3.3484704316806784e-06 5.503224435096877e-06 1.0355082193943452e-06 0.0002413149849620255 1.4682873984957788e-05 2.2746449740351367e-05 1.3576892703796415e-05 6.609716410556698e-06 1.2520041351452946e-06 4.348466288445801e-06 3.3139200082305255e-07
0.0002065537519086473 2.1249142950096506e-05 0.0030657840510636297 4.770300072882154e-07 1.5960110019783698e-07 2.4747838651954888e-05 0.00011854311917113538 0.0002949562185471772 1.636558742135496e-06 1.048139706584729e-05 0.00015781245299757932 9.666134961947918e-07 1.4143271271217747e-06 0.00043254679132717085 5.8005755882390427e-08 6.106486465567196e-06 0.0 3.8502396930849095e-05 0.000657416232907502 7.453312879346303e-07 0.0004068771417021325 1.1489803041479154e-05 0.001308493240859123 1.622941911971678e-05 1.9099545109031017e-06 0.0003189286428688084 0.003828173210371122 0.00010789170741675785 0.0003935044405501451 0.0014330644923631667 4.4760520707631174e-07 1.201172466231984e-06 4.218742453517034e-05 0.001276827630731499 9.057816040632935e-06 0.000550820338686893 0.0013560591845291445 0.0009727466100354144 0.0002450733158498519 2.151917920421816e-05 1.3599653352044151e-06 6.825859279308345e-07 1.3133875103339408e-06 5.5023418257630666e-08 5.109080016514178e-05 0.00010536425166006821 0.0 0.0 2.7990289801279326e-07 9.423854519620238e-07 3.850027738744628e-07 1.5417313933803527e-07 2.0921518886277683e-07 2.3535047639376532e-07 0.0 7.169083673744997e-07 1.0389404180260333e-06 0.0 3.2166429785103866e-06 8.349838572372713e-05 1.3370541672194058e-06 4.7324011457669404e-05 0.0 7.994461624938675e-07 4.460759164217068e-06 7.517745034426035e-06 2.7726417826797334e-06 6.708093872963357e-07 0.00021402290452059646 0.00046910373723984286 9.12608874322261e-07 3.1781224826874133e-07 8.715606086849132e-07 1.6179998977480506e-07 0.0 5.93297392809024e-08 6.238823931304645e-06 4.5934234609158287e-07 2.8477552860574817e-05 8.266215759450203e-05 3.1361236268599723e-05 2.643300983170806e-06 1.1912321341281781e-06 0.0 5.419889487906123e-07 1.642895499791535e-07
1.8464640141088996e-05 1.0959164065482223e-05 1.5279281060347207e-05 2.0105551766086646e-06 5.479007184262498e-07 8.91315986193873e-06 7.5334867487654e-06 2.9080579163061062e-05 6.280366505196139e-06 1.4098258178864509e-05 0.0016592682889854974 1.7859839328794915e-05 4.9104911745221e-05 4.673899367096621e-05 3.420363204982448e-07 3.051069487661006e-07 3.8502396930849095e-05 0.0 0.0008942941319590686 1.1395924505514079e-05 3.429009284519987e-06 8.544410892822445e-06 1.4367696068860276e-05 5.813326522915881e-06 3.661922058416567e-05 0.0012571532813665802 0.00047088708610615917 4.853006998594789e-06 7.099999268815447e-05 1.7580725536791397e-05 2.4296552030597055e-05 7.856819505978227e-06 4.322493595868586e-06 0.0007150841928094423 4.625854369538729e-06 0.00036387495455165824 0.000916963658039036 0.0012190261265565602 0.00015350091767293278 4.503797554532161e-06 1.4513113965927679e-06 1.1882155323622056e-05 4.267003783599689e-07 4.9707053135999494e-08 2.820802212041025e-06 2.5049005463291583e-07 0.0 0.0 0.0 2.744530319427993e-07 0.0 0.0 0.0 1.860788842220267e-05 5.1559517079846495e-08 9.507533495362593e-05 0.0 0.0 7.949563251224429e-08 4.1300389871280735e-07 2.7207570781416725e-05 1.650211873878172e-05 2.215376370538498e-07 0.0 1.461052250855344e-07 6.280788741798039e-08 1.7079581338478063e-06 3.948052000252167e-05 0.00011033342111471626 0.00022873305964867031 7.246143721209278e-07 1.6665278170146565e-07 2.2693744281959726e-07 4.019220437732322e-05 0.0 0.0 5.7816699957228335e-08 1.6888738175135938e-06 7.910936486964685e-06 7.145448211577052e-05 2.9123069208732276e-07 3.996227014172618e-07 0.0 0.0 1.2965747267402007e-06 0.0
7.758335644911872e-05 3.475164784612537e-05 5.4245878701449344e-05 1.587826723950892e-06 6.422967353859938e-07 1.099867175311756e-05 1.6078345102247483e-05 0.0001071948233221242 6.901491397722395e-06 1.2490190510007027e-05 0.0007491442699460325 9.696799219042816e-06 9.577808798720846e-06 0.00016247058711917688 3.100017018659936e-07 1.2588393363476762e-06 0.000657416232907502 0.0008942941319590686 0.0 6.439484459979424e-06 2.352391443672195e-05 9.632683032128217e-06 7.789858256402666e-05 1.004943737551844e-05 3.6899690323376086e-05 0.0016244791100969132 0.0012662997395386049 1.0450259148383664e-05 0.00020301168983024331 0.00015164835400445292 4.1317450176401645e-06 4.145855953171631e-06 2.1040948529332686e-05 0.0020309573840313466 4.400229822799179e-06 0.0006640670845105587 0.0007277425060893472 0.0017527718187577538 0.00017479362294629296 7.820347571859446e-06 6.59372059006399e-07 6.945828841298347e-07 1.0221105870678208e-06 0.0 2.8085213123104095e-05 5.178758436368922e-06 0.0 0.0 0.0 3.4928532442920457e-07 6.176117270777672e-08 9.439738042232369e-08 0.0 1.5221368277100329e-06 5.2848699524782583e-08 1.1566076860901577e-05 0.0 0.0 1.0191442721694873e-07 1.5707482308923218e-05 1.7354916061254434e-05 0.00011055498206942957 0.0 0.0 5.956907064347851e-07 7.571084286559533e-07 6.637475083989206e-07 3.692006649601149e-05 0.00032645618858656155 0.0005541980880119607 6.051584028079087e-07 3.344438913682846e-07 1.099856562347638e-07 7.372139322429347e-06 0.0 0.0 1.2674878529725216e-06 1.5602267102089065e-06 2.0815225613258432e-05 3.6252175192145274e-05 5.139257427250893e-06 6.609997026668106e-07 1.0950365588384696e-06 0.0 0.0 0.0
1.083108545267559e-05 1.436663701767128e-07 1.2374070517240453e-06 0.00248386222973165 2.1207333300828266e-06 0.0002466715063263533 1.7765590104502575e-05 0.00026459256285935544 0.00044463433438791803 0.0025348432488558753 3.891082022803777e-05 0.0032358924988452544 1.0543033375591194e-05 0.000270397139373411 6.181913925798656e-05 0.0 7.453312879346303e-07 1.1395924505514079e-05 6.439484459979424e-06 0.0 9.907781271709203e-08 4.27332918859275e-07 9.094894474748636e-07 0.00037050117930992435 1.2551565830969118e-06 5.592873271328784e-06 4.898767652170846e-06 0.0011867370717966934 0.00018938422115779508 2.684812785263115e-06 4.869244960244368e-07 2.3981570102039852e-05 6.459016202274369e-07 0.00013994723068586087 8.801899804989578e-06 0.00025994448883412874 1.241285183039186e-05 0.0003376841545765549 8.800905618287598e-05 0.00020883249166738508 3.1877001059858256e-05 7.638648266198799e-07 5.6139398867186895e-06 1.8270394816114172e-06 0.0 1.4741101809705116e-07 6.39568833472462e-05 6.843370955858802e-08 2.625950186632119e-05 6.0186669291112816e-05 1.4265778873895933e-05 8.751914181752483e-05 2.5740904461141634e-05 6.283928298088495e-07 5.410422118927307e-05 9.781620569050259e-08 6.687726015816801e-06 4.469578313693352e-06 0.0 2.806030401298373e-07 4.955863166149953e-08 9.358450362681018e-08 3.908112160294549e-05 0.0 0.0 3.562177111215314e-07 0.00019654385066569607 1.4945046011440388e-07 4.949466730471588e-08 6.426440917660256e-07 0.00017040156079503694 7.574036530034173e-06 2.88032021529577e-06 0.0 1.76796551403096e-07 1.7644476172856747e-07 3.999233081761382e-07 2.759592090491172e-07 3.651362997199523e-05 1.263234266109754e-06 1.1352488251511259e-05 2.0755612841189927e-06 5.6819444913346866e-05 2.0638795531204827e-07 6.153587072199292e-08 3.3026306605349733e-07
7.260020284054802e-06 1.7476988543834e-05 0.0001727164344185715 0.0 0.0 3.301137632269883e-06 8.875511416370797e-05 1.0457643506592358e-05 2.2188673544102777e-05 5.843097720185338e-06 1.220448091062172e-05 0.0 7.33019485365462e-06 1.774769894447477e-05 0.0 0.0016922478046820855 0.0004068771417021325 3.429009284519987e-06 2.352391443672195e-05 9.907781271709203e-08 0.0 0.00012044849803633346 0.00483955550260148 0.0003304330010447822 3.6680657910017358e-06 1.5564524910712534e-05 0.0004088344227258225 0.001466254199242891 3.5746804455780716e-05 0.004065255927550868 8.022425221898288e-08 6.086250390752998e-08 1.3887048134027193e-05 0.001992541069975887 6.884825332091377e-05 0.003899351493561527 0.0007563663788836239 0.002950071076072513 0.0017213549788400065 0.0001260281819136281 1.8376256908380284e-06 1.5078906930253134e-06 2.112381693555213e-05 8.259112479460585e-06 2.5921685197163475e-07 2.528069567948493e-06 0.0 0.0 0.0 3.7884567527378657e-06 1.9292130769385914e-06 1.112001100716029e-05 1.234487429295741e-07 1.3297123498596478e-07 4.86440952593115e-08 0.0 9.224835997908527e-06 0.0 0.0002850521492166153 2.7769588358680437e-06 0.0 8.854186913055892e-07 0.0 0.00026392372491240094 6.751432747570632e-05 9.997408481138544e-05 0.00020034927229342094 5.238893504414469e-07 1.232880515165213e-06 2.3067427401712906e-05 6.906414024651158e-05 3.42466790332196e-05 6.233663637743967e-05 5.221598757209822e-08 2.4420266330316305e-07 5.982877413728896e-06 6.2984133938781406e-06 2.693250385657062e-06 0.00010330628275805414 7.096645033708882e-06 1.863933179202423e-05 9.75029629401106e-06 7.196800545210976e-06 8.892538747741275e-07 5.377141262022722e-07 5.212631092367902e-07
5.301641889345725e-07 0.001678544398824635 3.0898226665377e-05 2.867503050628222e-07 4.589355280470598e-07 8.947485024225331e-07 3.323302810688041e-06 6.993660414915571e-07 0.0011418027475053937 7.750687211352329e-07 1.9881364770197627e-05 3.460211860318363e-06 7.054462556211931e-05 1.1292921641223756e-06 1.7948549588411657e-05 0.0015664069472145269 1.1489803041479154e-05 8.544410892822445e-06 9.632683032128217e-06 4.27332918859275e-07 0.00012044849803633346 0.0 0.00013896318726371932 0.003470437585306342 0.0002228419016238144 4.508061296333594e-05 0.00416359533345537 3.443086924213606e-05 2.3922246600396143e-06 1.0973234982978743e-05 1.9797077828123744e-06 0.0 1.721086486397008e-07 1.4059589261567035e-05 1.2067712232321566e-06 4.069410410127702e-05 3.662957930741703e-05 3.987132204404003e-05 1.179131927480086e-05 2.004960427535322e-05 0.0 1.2930559710951349e-05 7.155530814877742e-08 8.286761916679988e-07 5.87644687186918e-06 8.101720444189499e-05 2.2684034713856474e-07 0.0 1.8081389183943077e-07 1.8600020794071611e-06 3.335189371322519e-07 1.1870449495259446e-05 1.2134077262979575e-07 8.640693370481627e-07 0.0 2.2048213168400617e-06 1.5863437665306667e-06 0.0 0.00043519843377845925 2.1112966471765073e-05 0.0 1.7225371085265264e-06 0.0 3.7791184420238024e-05 9.969675604907921e-05 0.0002034054051218394 4.18878956097923e-05 1.9754818897524285e-06 9.356411908561704e-06 0.0006924231095387858 9.875948996638935e-06 3.290047807320017e-06 8.314262475215875e-06 6.816624881996437e-07 0.0 2.3622544380557082e-07 4.091955685173149e-06 1.2857685877336602e-06 2.0830527014911155e-05 8.297971522225724e-06 1.9252543976427598e-05 4.507542280014742e-06 5.793230892911862e-07 0.0 2.3188195005698974e-07 0.0
6.840683479263631e-05 6.578380721621172e-06 0.005165137441598462 5.315569904533639e-07 0.0 2.3234186933553494e-05 0.0005621118889174481 0.00011261419666188155 1.2509955088030847e-05 2.687938145622069e-05 2.146513094337863e-05 6.534399068298576e-07 1.4813956411965925e-05 0.00015746143670025372 2.8852732135576133e-07 0.002681088860467652 0.001308493240859123 1.4367696068860276e-05 7.789858256402666e-05 9.094894474748636e-07 0.00483955550260148 0.00013896318726371932 0.0 0.0002608845524195371 5.046537350735345e-06 0.0005220392826769464 0.0069843366033768865 0.0023807043183306396 0.00013457355617440783 0.0023011807681627768 5.0923576088537075e-08 9.926609506094e-07 1.4697179626211456e-05 0.0018224320424042526 0.0001260113405830469 0.006022004275186487 0.0029498654397157433 0.004312775618230222 0.0034087340210765585 0.000341799186257643 9.87814169756539e-06 1.107183724525772e-05 3.3312090052154416e-05 1.7958247244587343e-06 1.0031595545076913e-05 0.0001860213204525425 0.0 0.0 1.885530544445592e-06 2.232277790630162e-05 3.496529274121046e-06 3.137660542699467e-06 5.674754412255849e-06 3.6519497163752505e-06 5.023740742182617e-08 0.0 6.1913019208442035e-06 0.0 0.0010688983336252969 3.140575321161611e-05 2.801071806308395e-07 1.8271639200240687e-06 9.064437210868052e-08 9.499330370934836e-05 0.0001493688813845784 0.0010605993017414883 4.8625870189747194e-05 4.095890413656696e-06 9.736424515531236e-06 0.001319775408675032 2.0378207925802407e-05 7.075867509125947e-06 1.8596413615020678e-05 0.0 0.0 1.0314012864033912e-06 6.706319824446753e-06 7.070453872787681e-06 0.0002898061230416047 0.00013135935990908607 5.318969121658673e-05 2.661092483881351e-05 5.458467469597513e-06 4.4791951785878394e-07 2.8516358487448164e-06 1.7885994627384487e-06
