0.0 0.0 0.000172948824239524 3.900131626928435e-07 5.130525215438348e-07 2.308958950250658e-05 0.0021718746714262027 0.000333193259507517 6.721735529203982e-07 3.757141080146487e-06 3.302915223497881e-05 6.562382300033865e-08 6.055988464469545e-06 0.00418613610116894 0.0 2.7063765275861774e-07 0.00017152005969317484 7.270047948723408e-06 3.427923576539709e-05 3.496752476733213e-07 3.17142602364666e-05 2.49870459307118e-07 0.00017891339786703177 1.3145676274987804e-05 8.287287689680842e-07 4.612377768780552e-05 1.5044863141247375e-05 2.2590923229218138e-05 0.0015662898719529133 0.003060594828959202 2.201960799699675e-06 1.1875508932894772e-05 1.116863521324178e-05 0.00014677039449869224 1.1750953090261608e-06 2.0657992907396607e-05 6.22541022952751e-06 9.904511671105682e-05 7.308445484163735e-06 8.03473815929426e-07 4.897038378516717e-07 9.85087052012963e-07 4.34305510460468e-07 0.0 2.934535925319086e-07 1.1482950044935131e-06 0.0 0.0 0.0 1.5409574566855827e-06 0.0 7.288041660590289e-07 0.0 2.883043200768442e-07 0.0 0.0 0.0 0.0 5.96228575228342e-07 4.033228589093243e-07 4.857447567851989e-08 0.0 2.1831952450975486e-07 5.07825284454354e-07 3.709863357426969e-07 1.1175219259112316e-07 4.0148795177998714e-06 0.0 8.652916552682625e-07 3.922088289699653e-06 2.605767350734582e-06 1.7326132116128842e-07 1.894681261793233e-06 0.0 0.0 0.0 1.4378032465498635e-07 0.0 1.1146059936767424e-06 7.04660544710005e-08 2.693510087638386e-07 2.312407514332913e-07 0.0 0.0 0.0 0.0
0.0 0.0 4.010840411194074e-06 6.034422425915563e-07 7.448205412070443e-07 7.572213821196092e-07 7.68239108003408e-06 3.176142689972835e-07 0.0003094839758423872 7.473297531056669e-07 0.0003112083359797764 3.6510302386651096e-07 0.0009375100522605814 1.00731678468457e-06 1.111243264027465e-05 4.979041101872974e-05 6.798488024346544e-06 1.89816743287714e-07 7.060249487530196e-06 2.4221359208684465e-07 6.8370127755356715e-06 0.0016002765285135763 8.703675038491052e-06 0.0006995876791085002 0.001230525449918217 3.518874090497325e-05 0.0038787362891942625 4.3490068640971046e-05 1.1293954722684508e-06 8.763230135867388e-07 3.880788921171741e-06 0.0 5.747267707178628e-08 2.806564560776166e-05 2.4311242116359563e-07 1.4122860779607199e-05 6.589527527089168e-05 5.429963506589932e-05 1.4463103874759484e-05 5.5158414178919346e-06 9.637841361084893e-08 0.00010737485109909716 9.299688986268424e-08 1.2231844453594815e-07 8.910552742374962e-05 5.266610349819779e-05 0.0 0.0 0.0 2.9399650934818555e-07 0.0 6.392877933305443e-06 0.0 5.596327223472542e-06 0.0 4.770856624444062e-05 3.2087688831023814e-07 0.0 1.3516480480139591e-05 7.232749105006668e-06 2.685215509497591e-06 1.784183949688024e-05 0.0 7.74343278559296e-07 2.5105144638600424e-05 4.7127559659537416e-06 5.527108467764289e-06 6.599443497345684e-05 0.00016740743453563526 0.0013623660601185272 1.1845233021296258e-06 5.937052604220422e-08 1.6075405030545102e-07 5.274017848298267e-06 0.0 0.0 3.8145915799258535e-06 3.3894704169750396e-07 1.2253479461008505e-05 1.4208837651952569e-05 1.6898340084349672e-05 2.9241578475312074e-06 4.109203923764171e-07 0.0 2.54016216613703e-06 0.0
0.000172948824239524 4.010840411194074e-06 0.0 2.930983681172517e-06 1.8317954261794734e-07 6.530603550626655e-05 0.0011380396091255334 0.00036520786894006166 3.144472297906281e-07 3.218872009097871e-05 2.870213620556235e-05 7.339056954706357e-07 6.63134146069992e-06 0.0007770937515772288 3.479637864915439e-07 8.285851536060807e-06 0.002851292436385226 8.16706533210718e-06 0.00010283771581434753 1.4986900796177926e-06 0.000791198054175149 7.510252177328248e-06 0.004369650828169055 8.080097596989939e-06 8.047487075011403e-07 0.0038890866742493715 0.003869156853144936 0.00034903113711654997 0.00011980574283709335 0.001280671395728396 3.880506475658329e-06 3.1609535462598737e-06 2.696436655345652e-06 0.0004627567150099302 1.6024847994430712e-05 0.0006799025291049106 0.0006058801368607741 0.0013201844127686858 0.00036825820510018 3.0579306857172545e-05 1.5492858366754988e-06 2.349767748946971e-06 3.3981740245677854e-06 0.0 4.0363806701918996e-05 0.0003872223306581806 0.0 0.0 0.0 3.047492115105223e-06 4.806157060193563e-07 1.3295489172933057e-06 0.0 3.680873946913774e-07 0.0 1.640307988515108e-07 1.074325588434341e-06 0.0 1.7973321457991013e-05 3.754211429731642e-05 0.0 4.630239420643862e-06 6.404326688801088e-08 1.6173775406530268e-06 1.9008617411141372e-05 5.834276975170936e-05 1.8925845866456806e-05 5.036739299857702e-07 0.0001012108512702645 0.0011222265925734476 1.200640500656976e-05 9.318455029771349e-07 1.2017231293567507e-05 5.614661639024258e-08 1.9489306798271985e-07 3.212402882744951e-07 4.006830811631912e-06 2.41263124555497e-06 1.4105455158990472e-05 1.398922978733834e-05 1.343136519767315e-05 3.6469811998515308e-06 0.0 0.0 3.1151633719167453e-07 3.5494661370111853e-07
3.900131626928435e-07 6.034422425915563e-07 2.930983681172517e-06 0.0 4.784768906315087e-06 5.661112592884092e-06 3.663626777541847e-05 2.5330002207176255e-06 0.0003856995454975416 0.0006359567903420544 5.164585429828291e-07 0.00035837143370680123 3.5218868743562694e-06 2.133615833825688e-06 0.00012941533229452108 4.884267086186056e-07 2.10741938195281e-07 0.0 5.5742374405351757e-08 0.0023710926896293788 0.0 2.709066629019834e-06 9.05202417659275e-07 0.0010650921520651952 1.0183526484119524e-07 6.397244246173231e-07 3.553824473274394e-06 0.0020358073671553896 2.0960658428964812e-05 1.1837354234481546e-06 4.756214264000547e-08 9.767312973390506e-07 5.637313838398252e-06 8.453510652023286e-06 5.176271437599605e-06 8.590273884668128e-05 2.0350486978333804e-06 3.4497536061062325e-05 1.6463811826924175e-05 8.286661690567013e-05 1.623845465062135e-06 2.1202846936679865e-07 9.969261271030428e-07 0.0 0.0 0.0 0.0001893467634267879 0.0 6.427780395906533e-06 4.660579288740651e-05 2.2344487805732076e-06 0.00017001264740893008 5.518740214153399e-05 7.732949360965117e-07 4.5050870915816716e-05 0.0 1.7574895786762986e-06 2.597525788244328e-06 2.729268329720447e-07 0.0 0.0 0.0 0.00021317344929292346 3.659820261354551e-07 1.2965822198000197e-07 3.066671407650077e-07 0.0004676864619801651 0.0 2.0141969809552004e-07 2.631042442725404e-07 0.0002157608084116072 3.3535726651694585e-06 1.9725736968437527e-07 0.0 7.227494982133987e-08 2.6045581223010136e-07 3.1326532075765735e-06 5.716250260933663e-07 1.1094382309934415e-05 9.140755610061805e-08 1.23287927374991e-05 3.8067416457798633e-06 7.560091062545344e-05 6.967729200731505e-08 7.933340622381945e-07 0.0
5.130525215438348e-07 7.448205412070443e-07 1.8317954261794734e-07 4.784768906315087e-06 0.0 0.0004911399537661746 3.104721921302927e-06 1.2364925402378054e-05 6.270482291333254e-05 5.114564086080674e-06 1.9549961561412728e-06 7.321441402718872e-05 4.879762196267039e-06 2.2332717974038304e-05 0.0008834336994421447 0.0 3.771491935744775e-07 7.824685052239248e-08 0.0 7.302075542996395e-06 0.0 1.1037152018596685e-06 8.998790852372682e-08 1.7941630603545608e-05 1.1009832768430037e-07 6.044903744509195e-08 4.27719681982401e-07 7.022651083011284e-06 6.729472121101549e-07 7.526122435070401e-07 0.0 0.0001125935244216568 0.0 4.6501696381152187e-05 0.0 2.803223171270709e-05 9.123245439889492e-08 2.4769447707876956e-05 3.3569013951528294e-06 0.0011130474968060954 0.00026940233529220364 9.286145982829651e-07 0.0 0.0 0.0 0.0 0.0 0.0 0.0 1.9460712870897818e-07 0.0 8.363880957354564e-08 0.0 2.0661635255960522e-07 0.0 0.0 0.0 0.0 0.0 0.0 0.0 0.0 0.0 0.0 0.0 0.0 4.7680453624860446e-07 0.0 0.0 0.0 6.540920382307074e-07 0.0 0.0 0.0 0.0 0.0 0.0 0.0 0.0 0.0 8.120261463324848e-07 0.0 0.0 0.0 0.0 0.0
2.308958950250658e-05 7.572213821196092e-07 6.530603550626655e-05 5.661112592884092e-06 0.0004911399537661746 0.0 0.0042132044099240365 0.003947389463386048 7.049226973051108e-05 0.0030370899167721133 0.00014712237503398 0.003070711669434445 9.566440292108583e-05 0.0013171139928683474 0.0015478328336046342 1.371905511235451e-07 1.5102110506505333e-05 1.7463082692175348e-05 1.027806093314961e-05 0.00021654465062277592 2.683034316188445e-06 1.0550497943932199e-06 1.6450060604395685e-05 4.1971031228386795e-05 2.178313630787101e-06 2.421588069538793e-05 1.982883133711539e-05 0.0002631257058856444 0.00038030725227140963 4.920655385634661e-05 7.0065641143486e-06 0.0004919271368771959 7.350337283876586e-06 0.0003430259672990126 1.0173929771350159e-05 0.00027764029576068813 3.40479789742568e-05 0.0004135784214851384 7.289688381152122e-05 0.002100879225699888 0.0001008164035291092 9.93939696877578e-06 7.949953764888915e-06 0.0 5.357221897194709e-08 1.677014735755922e-07 6.828622963279912e-06 0.0 8.669871632408757e-07 1.1852062702210785e-05 3.663974376232265e-07 2.849034208139184e-06 8.4997687533216e-07 8.067682175551223e-07 2.324166412700498e-05 1.9581642859727885e-07 1.331425051546676e-07 2.4442670685742252e-06 1.4009036843552834e-07 0.0 6.5420568134116e-08 1.131828141105751e-07 1.3649818222187367e-05 0.0 1.304778716918887e-07 4.6664907379860795e-07 3.073329905590824e-05 0.0 5.929713639103849e-07 1.3877441822251797e-06 1.2525475028216142e-05 9.20640972234706e-08 2.3710172956880178e-06 8.449837991609802e-08 0.0 0.0 1.4249506838632272e-07 2.0283933062930973e-07 4.390065233112763e-06 0.0 1.670077184521155e-06 1.1713293851440137e-06 3.7148072400236276e-05 1.1366613391939488e-07 2.887012473536197e-07 0.0
0.0021718746714262027 7.68239108003408e-06 0.0011380396091255334 3.663626777541847e-05 3.104721921302927e-06 0.0042132044099240365 0.0 0.0014071631826627856 0.0001303109595787401 0.0053772904139012916 5.50202318248301e-05 8.262860981230126e-05 4.0104135714620756e-05 0.004592322490541099 3.459093883260797e-05 1.3324683346383402e-05 8.461726053431757e-05 8.78369504947612e-06 1.0882283811169251e-05 1.705143225808204e-05 5.360313837101707e-05 3.3041039609707107e-05 0.0004536296744963886 0.0007408223036280084 7.2682782632171885e-06 0.00012140731083772272 0.0002546429446109323 0.007826740261175235 0.0014043718052743242 0.0028185093750566223 2.6892657291946388e-06 1.8517375310857302e-05 0.00020193878763182988 0.000364384721688267 0.00013560457658758982 0.001703142758707377 4.647251556973677e-05 0.001164473061129129 0.0004969941929645197 8.294839486478144e-05 3.92275902737349e-05 8.58708489043088e-06 2.6483514185603235e-05 7.796282322685436e-07 6.239744665580486e-07 5.366072043400158e-06 4.5492884616799074e-05 0.0 3.0572633842638835e-06 0.00045123426811354245 1.1166772952488791e-05 4.187368228275579e-05 1.9918986193979817e-05 8.807489595654309e-06 6.831967323045766e-06 2.422128888218485e-07 8.371282877851011e-06 5.211637994925767e-07 2.0665845759904293e-05 7.701479643872878e-07 1.995273105231099e-06 2.4206377407800566e-07 5.3787260612156616e-05 7.69209239877066e-06 6.844673136516272e-06 2.0670681583013706e-05 0.000607423403493716 0.0 2.790587606827846e-06 3.672356397289668e-05 0.00047539169753297526 1.4277465352919675e-05 5.228936429307299e-05 5.164554892332198e-07 3.036066157429932e-06 1.304300778779637e-06 3.234629512776869e-05 2.704629083305558e-06 9.097388371669288e-05 2.2398236356179296e-06 9.255130858111327e-05 2.332696070140942e-05 3.290081156680644e-05 1.3202166381797437e-05 1.8330226886592243e-05 1.351342238307416e-06
0.000333193259507517 3.176142689972835e-07 0.00036520786894006166 2.5330002207176255e-06 1.2364925402378054e-05 0.003947389463386048 0.0014071631826627856 0.0 2.007020142865289e-06 0.0007484823689251676 5.422764831181694e-05 0.00014700032523667255 2.2223633250534597e-05 0.004899828060130191 2.4674564413083336e-05 9.743298316550839e-07 0.0002882282906358979 1.1909806508622862e-05 6.871965636663717e-05 4.136181170145936e-05 4.7691857999445825e-05 3.925868606069182e-07 0.0002057990453105975 5.246310837368752e-05 5.513465792495607e-07 0.00012292363271098868 4.3399715944756946e-05 6.323100936749465e-05 0.00024808473013380235 0.0004929249325256531 1.8678532290637039e-06 0.00025273374987761323 7.500537966653665e-06 0.00015841054969687634 5.268745143434435e-06 0.00010376889030473815 1.3273645649328394e-05 0.00014851746780890666 3.196360798936434e-05 0.00010358666599906684 3.5503489361589535e-05 2.356156779810144e-06 3.1823302673811926e-06 7.746202935130594e-08 2.8585540092912413e-07 2.335111210004193e-06 1.6151636699665974e-07 0.0 0.0 7.644090568837804e-06 0.0 5.665154260577925e-07 6.880931257101154e-07 1.6352389898105431e-07 3.658474768746616e-07 1.136887549833095e-07 3.189824691669674e-07 0.0 1.719934844281104e-06 6.717678705585366e-07 0.0 6.739650208376235e-08 1.250076546658396e-07 8.831751801772637e-07 5.940251256504926e-07 1.0017865306403441e-06 1.0888285301651e-05 0.0 1.5728872482340171e-06 8.834062756875516e-06 1.4643786495692754e-05 2.8537158845872955e-07 6.342858646701956e-06 0.0 0.0 0.0 3.7345760141772885e-07 0.0 1.8137926245184992e-06 1.9475374629796827e-07 1.6360225849688556e-06 3.5551970321827444e-07 6.069867395408419e-07 0.0 1.1736284073066119e-07 0.0
6.721735529203982e-07 0.0003094839758423872 3.144472297906281e-07 0.0003856995454975416 6.270482291333254e-05 7.049226973051108e-05 0.0001303109595787401 2.007020142865289e-06 0.0 5.817702705166537e-05 6.9038717011041976e-06 0.0007774505391130435 1.746082426758298e-05 2.3085751864398695e-06 0.0007447740496819396 1.753934668139984e-06 1.2886274502795188e-06 0.0 1.3852641953120403e-06 0.00031552300261192674 6.605275710814622e-07 0.0012681685980967488 1.6121491715701567e-06 0.00397444266932227 4.6900166422008154e-05 1.7858900592864347e-06 0.00042271255479848325 0.0008373601530734588 5.643316829429373e-06 2.509883447119698e-05 1.8527159802902199e-07 4.4405541841496586e-07 1.8246124993942201e-06 5.856830233433672e-06 1.8831308450174946e-06 3.64070496291573e-05 4.434124078097778e-06 1.8136462931245157e-05 4.767855668975845e-06 0.00023370506914350146 1.8915427066993105e-06 8.461581313597915e-07 0.0 6.151756624580926e-07 2.4384975502395073e-06 5.168616040842502e-07 9.159997422488738e-05 1.0790224922619683e-07 3.7258350771281146e-06 0.00015935952423048406 3.5092768064661772e-06 0.0002148477747809417 2.2366406928443445e-05 3.102039898014788e-06 6.440380573709528e-05 3.397092606085528e-07 6.3388833830190235e-06 7.32277309064862e-06 5.119898338290076e-05 6.138191507782921e-07 5.353555366845095e-07 1.0760901630468197e-06 0.00011653061867146144 1.6808184403875435e-05 8.206927614342758e-06 4.581098873055047e-06 0.0012869016907613715 4.764450362084173e-07 6.5941289305389355e-06 1.056154068987853e-05 0.0003527832711642878 1.7612075316120006e-05 5.7851127170215804e-05 0.0 1.8290759493293182e-06 3.90577554288699e-06 1.6977056163055533e-05 3.3859302712428696e-06 8.297380883468553e-05 1.3251452486436587e-06 5.135084374098262e-05 1.1246236000161534e-05 6.112329831108568e-05 5.523856844958552e-06 3.45570759987531e-07 1.338614450626359e-07
3.757141080146487e-06 7.473297531056669e-07 3.218872009097871e-05 0.0006359567903420544 5.114564086080674e-06 0.0030370899167721133 0.0053772904139012916 0.0007484823689251676 5.817702705166537e-05 0.0 0.00012566901158191188 0.0025498726208650693 6.606293674486036e-05 0.000580614673605724 2.6903650452069322e-05 4.4794863326142195e-07 4.757995359699272e-06 1.5740732527513774e-05 9.36759851828651e-06 0.003536160099848633 1.3982688776020485e-06 1.1211458880443104e-06 8.650803692662145e-06 0.00011323741782373614 2.1994913241537248e-06 2.081934892997414e-05 2.3119124616570606e-05 0.002187450118458657 0.000617400359149462 1.4253730930257496e-05 7.656787179690954e-06 3.210537614875966e-05 2.682243317567717e-05 0.0003711183578188463 7.055726254429263e-05 0.0012375310680659303 4.977729752216487e-05 0.0010329800486978463 0.00023708232912009988 0.00014946484189942187 6.389906217489728e-05 1.0202383038203537e-05 2.442466422108606e-05 0.0 0.0 8.905265633741422e-08 0.00013254559661244654 0.0 4.661898233283019e-06 6.797560833006185e-05 2.1847408786496915e-06 7.073934576823624e-05 3.945914413228329e-05 5.845802504263439e-07 3.4806271590678934e-05 2.0170294089331375e-07 6.265130990024741e-07 1.5458354080008102e-06 8.48393754371023e-07 8.20469636135252e-08 0.0 0.0 0.00016695605929821118 3.7441930689806897e-07 4.383031394745925e-07 5.030575915517368e-07 0.0003591630407457691 6.247695659282504e-08 4.1500603105599964e-07 8.049256444612492e-07 0.00018534046697244746 2.7110892830820342e-06 9.490705161169838e-07 0.0 0.0 9.821528160846957e-08 3.680262670483402e-06 5.118244779510372e-07 1.5028937415829134e-05 2.77327113163074e-07 1.4120481547627283e-05 5.863340176986108e-06 5.550162457097627e-05 2.855255057127334e-06 5.703128569639237e-06 1.2323390000065702e-07
3.302915223497881e-05 0.0003112083359797764 2.870213620556235e-05 5.164585429828291e-07 1.9549961561412728e-06 0.00014712237503398 5.50202318248301e-05 5.422764831181694e-05 6.9038717011041976e-06 0.00012566901158191188 0.0 6.160525305246164e-05 0.0010942702782982738 0.00015749467370602518 4.177160608383983e-07 4.4653143018852816e-07 0.0003529199985345547 0.0016263780814017054 0.0014968864559832334 2.928213106667265e-05 1.251380362353563e-05 3.136361354666548e-05 2.6240600908778374e-05 2.955032975881675e-05 0.00031212811841964253 0.000860875553408709 0.0004957798943852102 1.7010248751522054e-05 0.0004420853273676642 4.867244931902782e-05 0.0002813356623369105 2.0166674835689076e-05 3.376850680131444e-06 0.003647468476342043 3.4877851560492256e-06 0.0002562556884175017 0.001073027730025502 0.0018805844136839279 0.0002022347457465735 5.711996094387726e-06 1.1183189500462734e-05 0.00019589506214576902 2.0779118832624003e-06 0.0 9.989900097935861e-06 1.372779522955465e-06 4.224180229089127e-07 0.0 0.0 6.9120713196666294e-06 9.305422664413765e-08 2.4397930245348805e-07 0.0 7.464656090961353e-05 0.0 0.0003063861987193332 0.0 0.0 4.3822086123081464e-07 3.137381995257878e-07 1.245825418818963e-06 1.9214617432788496e-06 0.0 2.675207860563156e-07 1.565729605141648e-06 1.0805048244429046e-06 4.8325434199408376e-06 3.4260409353927756e-05 2.430477527129299e-05 4.506407779243429e-05 5.064800814261232e-06 1.637242204424801e-07 3.2820815888038097e-06 1.231824499232992e-05 0.0 1.5019453767010816e-07 9.635665150803124e-07 1.5098807030128642e-06 6.398449187322869e-06 9.225753293458163e-05 4.943594667934189e-06 5.421050935273934e-06 0.0 0.0 3.4313878632955985e-05 1.048336069466008e-07
6.562382300033865e-08 3.6510302386651096e-07 7.339056954706357e-07 0.00035837143370680123 7.321441402718872e-05 0.003070711669434445 8.262860981230126e-05 0.00014700032523667255 0.0007774505391130435 0.0025498726208650693 6.160525305246164e-05 0.0 3.8322538275808525e-05 0.00014685677551148156 0.0005172864084808515 0.0 5.620768762164895e-07 6.754343689415575e-06 3.1728496572693776e-06 0.003666165681867768 1.8002035214951132e-07 1.2616200962582894e-07 2.1910506022816376e-07 0.00016422303882408958 2.332322700361151e-06 6.560080855931923e-06 4.918338154173748e-06 6.875593309177786e-05 0.00012178859810270714 6.217237741198672e-07 2.8901626531868206e-06 3.579873683269569e-05 1.2122398368467112e-07 0.00014910459463453505 3.915556763057307e-06 0.0001285953276256108 1.3891299726695514e-05 0.00017571736333792424 2.1258729685787083e-05 0.0010600513815525992 1.5695607664421685e-05 4.886548327402655e-06 1.7984460209011256e-06 0.0 0.0 0.0 9.770757690575624e-05 2.721792585203281e-07 1.0599438094844083e-05 4.757117451815964e-06 8.051879999125792e-07 9.787840127079631e-05 3.413432727958264e-05 6.212758808151333e-08 0.00026236620363086417 0.0 1.1814095305454618e-06 1.6219120384044616e-05 0.0 0.0 0.0 0.0 0.00015880680510736925 0.0 0.0 0.0 0.00012793721728914445 0.0 6.78092471817888e-08 6.603944885230666e-08 4.70635771743011e-05 2.3936228877727177e-07 0.0 0.0 0.0 0.0 3.902535815413778e-07 0.0 3.922970552560852e-06 8.27842485838003e-08 1.8204719684371818e-06 1.1020192952448656e-07 0.0003198332343459487 0.0 2.9015837105717907e-06 0.0
6.055988464469545e-06 0.0009375100522605814 6.63134146069992e-06 3.5218868743562694e-06 4.879762196267039e-06 9.566440292108583e-05 4.0104135714620756e-05 2.2223633250534597e-05 1.746082426758298e-05 6.606293674486036e-05 0.0010942702782982738 3.8322538275808525e-05 0.0 4.75948960977739e-05 1.1757701764074439e-06 1.981573649775718e-06 6.374540629478234e-06 1.5680883461608258e-05 1.0669730149520547e-05 2.1457711765864897e-05 4.149102358333486e-06 9.215701599450708e-05 1.2232336268995224e-05 5.18843450875381e-05 0.002348801532984439 0.00012120403999572624 0.0017310959012536563 3.548281989188631e-05 0.00014244020596190172 2.413845556300388e-05 0.00014856235067738538 4.3126583905076254e-05 5.519557947750233e-07 0.0005758472254694119 0.00011365606900513373 0.001163426694637902 0.0036605813276669222 0.003911061094085666 0.000592521945408152 7.795120552604627e-05 9.548139196274589e-05 0.000769036878603473 4.910713272348087e-06 0.0 3.997090029198876e-05 3.1386613734346216e-06 2.168256798432237e-06 0.0 0.0 9.782267015991322e-06 0.0 4.291982421056301e-07 2.477172912961077e-07 0.00034489398626544733 2.7701180975516017e-07 0.0021312793641183147 1.2781584444644867e-07 0.0 6.812619780931928e-08 4.8181764381377176e-06 8.43476694752612e-06 9.914330212458724e-06 6.459039953348954e-07 1.8193053270240238e-07 5.56167470200325e-06 2.1262467260944408e-07 6.86791440870279e-06 0.0004400737328921625 0.0002518919490445427 0.00044977128076320133 9.395792836951058e-06 2.77792463987125e-07 3.5102665297231032e-06 0.00022830902108777473 3.46848521030861e-07 0.0 4.08026212090652e-06 1.588402690357795e-05 3.840800362252972e-05 0.00038270561420625894 4.139420545234495e-05 2.703272463315426e-05 8.633848218054604e-08 1.1216447721981201e-05 0.0001598238876930451 2.3088228034124827e-06
0.00418613610116894 1.00731678468457e-06 0.0007770937515772288 2.133615833825688e-06 2.2332717974038304e-05 0.0013171139928683474 0.004592322490541099 0.004899828060130191 2.3085751864398695e-06 0.000580614673605724 0.00015749467370602518 0.00014685677551148156 4.75948960977739e-05 0.0 2.531949354774561e-06 7.227104011925418e-07 0.0006592740030083756 2.4562657246460326e-05 0.00013287186330864442 7.755787222674182e-05 0.00010075977135524877 5.670926486670919e-07 0.000570421062624986 9.712096626159197e-05 3.1524940505970863e-06 0.0002370637248388284 8.657154778053886e-05 0.00014152334380172638 0.002319366244325346 0.0028015840182727247 4.3862515436225065e-06 0.0004816803588483823 1.7666638867960738e-05 0.0005389682195790424 1.104648697387801e-05 0.00020808919140396544 3.115806079779515e-05 0.00046588646986313645 5.020951426413195e-05 8.233942119102295e-05 2.0651935704788374e-05 5.900924542530528e-06 3.663618618163581e-06 0.0 9.505491589772714e-07 4.922129576112976e-06 7.255128407475936e-08 0.0 0.0 1.3210637968353073e-05 2.1040488246256552e-07 2.672516867825734e-06 1.8442010583198728e-07 1.385980664390583e-07 3.835603829261932e-07 1.7870398298612354e-07 3.182976470132524e-07 0.0 2.2208429684248052e-06 1.1802112121212728e-06 0.0 4.854142109546674e-07 7.845530428450139e-07 4.20536676220865e-06 4.1977211434675406e-07 3.4422739748277107e-06 2.1790434611484164e-05 7.47257117489965e-08 3.871877154661677e-06 1.8463853136523347e-05 1.74449218138428e-05 1.948080669375664e-07 1.783051308692928e-05 5.8318016640298296e-08 0.0 0.0 6.4584832081616e-07 2.565337409541495e-07 6.629313157953098e-06 2.251185099756218e-07 2.6047631748178684e-06 2.1520027723663678e-07 4.5872352550281474e-07 0.0 5.797476691053086e-08 0.0
0.0 1.111243264027465e-05 3.479637864915439e-07 0.00012941533229452108 0.0008834336994421447 0.0015478328336046342 3.459093883260797e-05 2.4674564413083336e-05 0.0007447740496819396 2.6903650452069322e-05 4.177160608383983e-07 0.0005172864084808515 1.1757701764074439e-06 2.531949354774561e-06 0.0 3.69539106639164e-07 0.0 0.0 2.3170876112553643e-07 7.601363133861234e-05 0.0 4.580145856094068e-05 0.0 0.0005434623633569462 1.4181639021134706e-06 4.138390248476298e-07 2.1327236000207218e-05 0.0001352624401413545 3.4733301871453e-06 1.6430605451455109e-06 5.076074603443067e-08 0.00019889597177765621 1.3419664297231332e-07 2.370149060518988e-06 1.512355353385739e-07 2.5426113060422647e-05 8.377088574844889e-07 1.150686656058047e-05 1.0580083501276411e-05 0.0009185486688531457 1.4687579359838972e-05 0.0 0.0 0.0 0.0 6.763183636398195e-08 2.44829641596791e-06 0.0 0.0 1.7722330028126957e-06 0.0 6.179036582166402e-06 4.913209035713948e-07 8.36917462478037e-08 9.550072836544302e-07 0.0 0.0 0.0 3.7583719443208204e-07 0.0 0.0 0.0 3.79582595762977e-07 6.728287401641138e-08 0.0 0.0 2.0555510751582187e-05 5.946757285090192e-08 6.303024938837717e-08 1.6272763753125987e-07 8.891485987272598e-06 0.0 2.2995209918445893e-07 0.0 0.0 0.0 3.425891721364463e-07 0.0 7.286479509712674e-07 9.296572807788019e-08 1.8693894681989462e-06 5.021710414066037e-06 7.086633635941549e-07 0.0 0.0 0.0
2.7063765275861774e-07 4.979041101872974e-05 8.285851536060807e-06 4.884267086186056e-07 0.0 1.371905511235451e-07 1.3324683346383402e-05 9.743298316550839e-07 1.753934668139984e-06 4.4794863326142195e-07 4.4653143018852816e-07 0.0 1.981573649775718e-06 7.227104011925418e-07 3.69539106639164e-07 0.0 1.3099422081135106e-05 1.477867914912554e-07 9.854924071873662e-07 2.2987346889280027e-07 0.0008872942437333651 0.0014637542717858833 0.0019036277574656084 0.0008311241701798644 1.2880148726208662e-06 1.200679307345974e-06 0.002968440119098484 0.0004446577606758879 4.406887993717898e-06 1.62050261637583e-05 1.41504882554025e-07 0.0 1.1096495587400962e-06 2.5280128477623104e-05 4.512906579618412e-05 0.0014722945182384843 0.0006591241827581144 0.00044600965821524493 0.0006045183102501235 2.8101824033755454e-05 9.822664516735977e-07 6.508718555071481e-07 8.212536111318777e-06 1.7736928380353042e-07 2.871327505436275e-06 9.244519562231539e-06 6.773172255809205e-08 0.0 2.1938005188477234e-07 3.626610854700524e-06 1.4334057004425362e-06 3.2752353153483058e-06 6.142755133491831e-07 1.5927505017150233e-07 0.0 0.0 3.1087820130353487e-07 0.0 0.0017170754555601957 2.3330439456244276e-06 2.55136349645961e-07 4.320135698379117e-07 1.971801308796075e-07 0.0003066747120181764 0.0006158337993381116 0.0009534136419692951 7.726216407945539e-05 0.0 4.010165197821456e-06 0.00031879696249039087 4.3689378250737536e-05 9.412678323528763e-07 0.00011256500185875628 0.0 0.0 1.0238237793064193e-06 4.03560604598718e-06 2.9777608409280944e-06 0.0001445709306394811 1.5738424859328576e-05 3.2735100607706645e-05 4.2828455879349614e-05 1.1209148072010462e-06 7.621842517429318e-07 0.0 7.914110123119506e-07
0.00017152005969317484 6.798488024346544e-06 0.002851292436385226 2.10741938195281e-07 3.771491935744775e-07 1.5102110506505333e-05 8.461726053431757e-05 0.0002882282906358979 1.2886274502795188e-06 4.757995359699272e-06 0.0003529199985345547 5.620768762164895e-07 6.374540629478234e-06 0.0006592740030083756 0.0 1.3099422081135106e-05 0.0 0.00021724131157328366 0.001749520365401526 5.966659834913148e-07 0.00021156086454834872 1.0441649848415441e-05 0.0024398975144219997 7.2104069477158304e-06 2.6700815100340367e-07 0.002262058894459379 0.0024731352722942405 2.4709750426865803e-05 0.000502911700800283 0.0012122937398747677 8.391157718280965e-06 3.386386366798709e-06 1.7374027136280114e-05 0.0013599013789180943 3.7260160982902877e-06 0.00015640107866421704 0.000738415010137449 0.0007756160324799587 0.00012126353073871426 5.275228069576535e-06 4.1207109186273646e-07 6.8455431129243e-08 5.180782938961741e-07 0.0 1.4095504572300889e-05 0.00010892681085458986 0.0 0.0 5.814938723300527e-08 2.1454565410922835e-07 6.620288462879899e-08 1.1203322029221772e-07 0.0 5.886736287816599e-07 0.0 1.1655567528872803e-06 1.7770518121742868e-07 0.0 6.533612751970971e-06 6.13466716934183e-05 4.866152785056597e-07 1.8901023737295936e-05 0.0 9.801775929215966e-07 6.904209023851964e-06 8.450772596942753e-06 1.4498793933983896e-06 4.4927494591491617e-07 0.00026090440861555356 0.0004797664751991226 1.2323375709119258e-06 6.13587727704468e-08 2.080585873534327e-06 1.3654054171537366e-06 0.0 1.2859836026222688e-07 3.0194759180450322e-06 0.0 1.632832608793154e-05 1.375400394155527e-05 1.5577512378838664e-05 5.251669530857354e-06 0.0 9.482531567173039e-07 3.052010325690639e-07 0.0
7.270047948723408e-06 1.89816743287714e-07 8.16706533210718e-06 0.0 7.824685052239248e-08 1.7463082692175348e-05 8.78369504947612e-06 1.1909806508622862e-05 0.0 1.5740732527513774e-05 0.0016263780814017054 6.754343689415575e-06 1.5680883461608258e-05 2.4562657246460326e-05 0.0 1.477867914912554e-07 0.00021724131157328366 0.0 0.0016166930632533516 4.276663669741397e-06 2.196416363771489e-06 2.241198887241452e-07 6.384079730929544e-06 1.7110462027788556e-06 3.024952866859013e-06 0.00030527240963752387 0.00019846190618962189 3.552047424169978e-06 4.194423694485553e-05 1.3512431245765694e-05 1.451169586812973e-05 1.3581058687239295e-06 2.500457264829579e-07 0.0004748477994288606 8.745175834148354e-06 0.0002445304858075645 0.00036244251406385077 0.0010533779985945223 0.0002441727787019969 5.538993108408884e-06 6.821647672664197e-07 1.6448911288874706e-05 1.2123226716852454e-06 0.0 4.25769310023017e-07 0.0 0.0 0.0 0.0 7.088600671896647e-07 0.0 2.5574379760699455e-07 0.0 5.898340370857018e-06 0.0 0.00010192108567520928 0.0 0.0 1.4099711770523098e-07 1.4525158511320165e-07 6.455829033415156e-06 2.970485538217166e-06 0.0 0.0 1.4852600950007615e-07 2.098883625286854e-07 1.098624413222549e-06 4.933095906864345e-06 8.669062067216053e-05 6.394202698775946e-05 2.0086145235879155e-07 0.0 0.0 4.167290505296165e-05 0.0 0.0 0.0 4.257578185977638e-06 1.6688423075994908e-06 1.1488128414509316e-05 1.524524169500419e-06 2.741311385506398e-07 0.0 0.0 7.574172282583318e-08 0.0
3.427923576539709e-05 7.060249487530196e-06 0.00010283771581434753 5.5742374405351757e-08 0.0 1.027806093314961e-05 1.0882283811169251e-05 6.871965636663717e-05 1.3852641953120403e-06 9.36759851828651e-06 0.0014968864559832334 3.1728496572693776e-06 1.0669730149520547e-05 0.00013287186330864442 2.3170876112553643e-07 9.854924071873662e-07 0.001749520365401526 0.0016166930632533516 0.0 1.968922412677534e-06 1.7021721335290515e-05 4.302747896316141e-06 0.00010037416628763817 4.79744863880833e-06 2.430591979182536e-06 0.0020364823133813283 0.0008461555485382367 3.951244825309989e-06 0.00015174825794985822 0.00014657238863692693 4.8075948911194195e-06 9.855613309177675e-07 6.408891405134861e-06 0.0018665970127052453 9.128423068590924e-06 0.0003423677822246571 0.00033254315633945454 0.0017372740665619474 0.00025875949903787185 1.1025898921200992e-05 3.3708003860675816e-07 2.741229265215186e-06 1.0601875663971704e-06 6.260804217949303e-08 5.451953892233987e-06 2.8405780482841596e-06 5.544522802097577e-08 0.0 0.0 0.0 0.0 0.0 0.0 1.2319040888984504e-06 0.0 1.0651384718657746e-05 0.0 0.0 1.9576057506563557e-06 3.88892585513013e-06 3.847411708720229e-06 4.0441372806968186e-05 0.0 1.395627128457461e-07 9.897047651934e-07 1.2867292139492367e-06 7.981399194893748e-07 1.7180912557778783e-06 9.754966352328762e-05 8.841795229595809e-05 7.875744347427274e-08 0.0 1.4037588650242733e-07 7.75455759541887e-06 0.0 0.0 4.274913465051648e-07 3.2583018224728636e-06 3.3581107213665577e-06 3.1938024600290133e-06 3.703164085159545e-06 6.935979155442389e-07 0.0 3.700030434116719e-07 4.4498781993353994e-07 8.694441830987658e-08
3.496752476733213e-07 2.4221359208684465e-07 1.4986900796177926e-06 0.0023710926896293788 7.302075542996395e-06 0.00021654465062277592 1.705143225808204e-05 4.136181170145936e-05 0.00031552300261192674 0.003536160099848633 2.928213106667265e-05 0.003666165681867768 2.1457711765864897e-05 7.755787222674182e-05 7.601363133861234e-05 2.2987346889280027e-07 5.966659834913148e-07 4.276663669741397e-06 1.968922412677534e-06 0.0 2.898344291482159e-07 6.332083171540379e-07 6.053659619358178e-07 0.00021098354101112057 7.295710633746514e-07 3.6515054840891867e-06 4.005714587173507e-06 0.001518933704152403 0.00012054319757252994 1.348940704929492e-06 1.821968572760687e-06 1.252257348094748e-05 4.135989444688798e-06 9.170791504838671e-05 1.7223415389471603e-05 0.0003461912603250079 1.3157042462659971e-05 0.00023475416801479868 5.3031757088297674e-05 0.0001973741321812496 2.0296246751634862e-05 4.222345899614888e-06 8.10670245778683e-06 8.059179175238837e-08 0.0 1.2316987656057682e-07 0.00023856239253431112 5.277984089881061e-07 9.746993624353661e-06 4.27665962277101e-05 1.5778965258255367e-06 0.0001501547199568216 5.548586445506269e-05 2.2677512400924782e-07 9.487155484128543e-05 0.0 6.783864365862918e-07 3.4787229133946308e-06 0.0 0.0 0.0 0.0 0.0002298298882492088 2.340899900771802e-07 0.0 3.9416217419836535e-07 0.00043411729622117777 2.537549747279636e-06 7.02397987025498e-08 7.291527448075107e-08 0.00022252532669077632 1.3176311366960592e-06 4.35726489351844e-07 0.0 0.0 3.925530512362462e-07 3.3326448903699803e-06 2.88921087239271e-07 7.442415886410697e-06 9.484560430275392e-08 7.573938287139134e-06 1.8827038954708555e-06 0.00014102227617933806 2.532762475780387e-07 6.470936568302356e-06 0.0
3.17142602364666e-05 6.8370127755356715e-06 0.000791198054175149 0.0 0.0 2.683034316188445e-06 5.360313837101707e-05 4.7691857999445825e-05 6.605275710814622e-07 1.3982688776020485e-06 1.251380362353563e-05 1.8002035214951132e-07 4.149102358333486e-06 0.00010075977135524877 0.0 0.0008872942437333651 0.00021156086454834872 2.196416363771489e-06 1.7021721335290515e-05 2.898344291482159e-07 0.0 0.00019248521760782444 0.00836841281788107 0.0001648900222136442 5.69674413444358e-07 2.1301985319409398e-05 0.0006293555023919795 0.002259733091634778 0.00013910010032122598 0.005957625350233256 2.081137316028391e-07 3.873651217710441e-07 5.395019619048022e-06 0.0023472938957832617 0.00017273323273258532 0.003493583995675363 0.0005833719006904215 0.00383257836730267 0.001974761849629455 5.517783568420256e-05 1.933989100435995e-06 1.980997134192191e-06 2.322632510511077e-05 9.13244880940102e-08 6.585152967593122e-07 3.697530992712535e-06 0.0 0.0 3.1051246589776656e-07 2.4423433943592686e-06 6.690808266352641e-08 1.502150598452828e-06 1.9831322241559462e-07 3.6187205147838443e-07 0.0 0.0 4.295812883604756e-07 0.0 0.0005629639213962468 8.111005292526971e-07 4.123843644519447e-07 3.438445941740152e-07 0.0 0.0002512147581584499 0.0001350354084045979 0.00026746795730878944 5.850439296985613e-05 0.0 1.101904625442734e-06 4.909790414549196e-05 4.9149872871382534e-05 1.4798869699127151e-06 0.00016003994284717658 0.0 0.0 7.213034274286833e-07 5.06070867696179e-06 3.354254298185651e-06 0.0001001409376317072 1.1072341676570495e-05 1.6213842560765486e-05 1.4186113256973598e-05 1.3419314545120933e-07 1.4405653104204293e-07 0.0 0.0
2.49870459307118e-07 0.0016002765285135763 7.510252177328248e-06 2.709066629019834e-06 1.1037152018596685e-06 1.0550497943932199e-06 3.3041039609707107e-05 3.925868606069182e-07 0.0012681685980967488 1.1211458880443104e-06 3.136361354666548e-05 1.2616200962582894e-07 9.215701599450708e-05 5.670926486670919e-07 4.580145856094068e-05 0.0014637542717858833 1.0441649848415441e-05 2.241198887241452e-07 4.302747896316141e-06 6.332083171540379e-07 0.00019248521760782444 0.0 0.00024696877499580475 0.004631491639692973 0.0002994366763084801 5.228471511348492e-06 0.0031336250231606515 0.00025399285090874145 1.6411351259307773e-06 2.717655500996879e-05 4.3531927259362707e-07 0.0 5.680081643042068e-07 6.629903355237462e-06 9.13741280725696e-07 3.9625935306417217e-05 3.0465428826125106e-05 3.3662408077051335e-05 1.9367950059216383e-05 1.9183058401041743e-05 0.0 2.8865756858011617e-06 5.831939684486296e-08 0.0 6.048388934030726e-06 7.24272808442214e-05 4.004368774899665e-07 0.0 1.0961498155005297e-07 3.6420694466871827e-06 7.807405568028786e-07 7.265824902593746e-06 4.974478234336378e-07 3.217644388216226e-07 0.0 2.1100663209674227e-06 7.027262839123521e-07 0.0 0.0008371964099099905 2.111132109667198e-06 4.821901696755674e-07 1.7273076488545508e-06 3.727049085507192e-07 0.00017045286864538967 0.00021814495467192921 0.0003191348165567434 0.00012721396253451944 5.709940469607763e-07 1.4376585052117113e-05 0.0010536398737384242 3.839415362699663e-05 6.867083630856548e-07 4.5876645065453966e-05 6.674825497493429e-07 4.7353859617098865e-08 5.252246320977484e-07 5.988712698318603e-06 1.637377983459144e-06 6.0418140949144015e-05 1.1152591971114446e-05 1.4024985020800096e-05 1.5038043437669938e-05 1.885161859283366e-06 4.0873060569552544e-07 3.117066512298124e-07 0.0
0.00017891339786703177 8.703675038491052e-06 0.004369650828169055 9.05202417659275e-07 8.998790852372682e-08 1.6450060604395685e-05 0.0004536296744963886 0.0002057990453105975 1.6121491715701567e-06 8.650803692662145e-06 2.6240600908778374e-05 2.1910506022816376e-07 1.2232336268995224e-05 0.000570421062624986 0.0 0.0019036277574656084 0.0024398975144219997 6.384079730929544e-06 0.00010037416628763817 6.053659619358178e-07 0.00836841281788107 0.00024696877499580475 0.0 0.00042343160388552166 6.675759335628197e-07 0.0005881601465689639 0.006048680074099548 0.0021369875783769795 0.00046329292274583755 0.00451302001530706 2.832714989032091e-06 2.3304971259719983e-06 1.5509699998930985e-05 0.0015149116286165586 0.00015438471344206308 0.0038304781121865352 0.0021132370988248173 0.004252247824854484 0.002969971118668815 0.00016922166020967808 9.668863989678332e-06 2.472622340903511e-06 3.772862974547716e-05 1.7402471343425602e-07 1.0744291109221666e-05 0.0002551552114275228 0.0 0.0 4.834748279809455e-07 9.605798926792258e-06 1.5998121209295982e-06 2.267828802323929e-06 8.613821562644086e-07 8.880961622843965e-07 0.0 2.0565808066718768e-07 2.4030743518753333e-06 0.0 0.00119941063833064 7.3713074388538254e-06 0.0 1.793340730714138e-06 1.7035569345134205e-07 0.0001409627387613668 0.00038305488765645135 0.0010841752165823234 5.229064251669168e-05 6.278943189765257e-08 1.674345814633132e-05 0.0014842860534363005 3.392244814308466e-05 1.156680454249831e-06 5.385521682667948e-05 7.96208798939164e-08 0.0 4.901973042324685e-07 8.956293270722291e-06 6.2409088135995675e-06 0.00013343898851434397 1.4200489253355305e-05 2.9258860719931665e-05 3.221458224376723e-05 9.18319159773301e-07 5.868344667110568e-07 5.87722724248213e-07 7.201376397115368e-07
1.3145676274987804e-05 0.0006995876791085002 8.080097596989939e-06 0.0010650921520651952 1.7941630603545608e-05 4.1971031228386795e-05 0.0007408223036280084 5.246310837368752e-05 0.00397444266932227 0.00011323741782373614 2.955032975881675e-05 0.00016422303882408958 5.18843450875381e-05 9.712096626159197e-05 0.0005434623633569462 0.0008311241701798644 7.2104069477158304e-06 1.7110462027788556e-06 4.79744863880833e-06 0.00021098354101112057 0.0001648900222136442 0.004631491639692973 0.00042343160388552166 0.0 9.261817659647593e-05 7.2630481002444615e-06 0.001900433083690335 0.0034038492429265357 0.0002937718779789665 0.00044595481293619886 9.12470270274174e-07 8.77922963641627e-06 0.00011760771706830156 0.00015069385939389456 7.986037320810794e-05 0.002143172286960575 0.00012333085306826758 0.0005854410934378498 0.00034964943802847867 0.00027897558173330307 2.5796853448977e-05 5.660186626052196e-06 1.2015715197145204e-05 2.550440045586442e-06 3.052058561395671e-06 7.359585519438406e-06 0.0001638312953173618 0.0 9.547009624824358e-06 0.00044012761068917724 1.5804053345690387e-05 0.0005332437287823104 4.82142180075676e-05 1.2916093378644013e-05 3.521887778822748e-05 1.2257199525995658e-06 1.550680303980829e-05 3.170879289267294e-06 0.0004882937138743157 4.117081251398034e-06 6.535197347156061e-07 2.098663443170643e-06 0.00019830031679212812 0.00030573698407958375 0.00015705686209613207 9.565408307514396e-05 0.0021014903554637796 6.74711124826166e-07 9.7596317927574e-06 5.3175361495162694e-05 0.0010393765805328176 5.1191421046530464e-05 0.0005127677564368177 6.208601308575778e-07 3.0342453780293897e-06 1.2073256865641348e-05 3.3520861589039274e-05 3.032244397315708e-06 0.00020850306764168549 1.1661759641776273e-05 0.00010656920843648417 3.2407538580122865e-05 5.58244766034733e-05 1.070006204778215e-05 3.6598046090074172e-06 4.327563914217022e-06
