0.0 0.0 2.4939752773939635e-05 1.7067623037058972e-06 2.1339528376762242e-07 4.819161174837031e-06 0.000686585202810754 0.0002055855423374317 2.830017065937907e-07 1.5341742755341682e-05 2.3798387318708452e-07 1.9316547042725444e-07 5.985342428651274e-08 0.0028095270793454504 0.0 4.480317943800848e-08 2.9055456246078205e-05 1.0311584054782996e-06 3.741021668166905e-06 2.5373264471608047e-06 2.9117387308436698e-05 0.0 7.523410661373349e-05 2.616326298954093e-06 0.0 8.5689418616436e-06 7.717058464419016e-06 1.719132345591777e-05 0.0017456926023204182 0.0011476037949016754 7.803463714334643e-08 4.153428505536739e-06 1.198320820439373e-05 1.7326918542487487e-05 0.0 7.748235673579237e-06 7.577040306226397e-07 8.131504765121745e-06 4.6317725741620045e-06 0.0 0.0 0.0 0.0 0.0 0.0 0.0 1.186960586840183e-07 0.0 0.0 0.0 0.0 0.0 0.0 0.0 7.933977747868203e-08 0.0 0.0 0.0 1.5208402413635953e-07 0.0 0.0 0.0 0.0 2.472474519948559e-07 0.0 0.0 9.212038292091981e-07 0.0 0.0 1.016662452157754e-07 8.511669104187048e-07 0.0 6.065025486708669e-08 0.0 0.0 0.0 2.746725681968526e-07 0.0 7.423100118287532e-07 0.0 0.0 6.409119923076504e-08 1.0268996131141093e-07 0.0 0.0 0.0
0.0 0.0 1.8351864976178043e-05 1.496397712158634e-07 9.718548916237584e-08 3.4033299312457126e-07 3.596973505547018e-07 2.857285638870501e-07 0.0002528767819299015 3.6104579664244253e-07 4.048883585026873e-05 7.128714820537848e-07 0.00013014308010542389 1.7522516653957405e-07 5.668408892875017e-06 6.843374101658962e-05 6.271492505282406e-06 6.813044895464518e-07 3.580758812748362e-06 0.0 5.532195010046067e-06 0.0010739380130026382 4.980519264782997e-06 0.00030172983448385364 0.0007115457844912025 0.00011643095395286133 0.004290360918664718 1.1559845887884605e-05 2.374052606559977e-07 0.0 1.7037471039882114e-05 1.9511360961695283e-07 0.0 1.1851039876909336e-05 0.0 7.599385719243433e-06 3.685920241874908e-05 1.8462653953886008e-05 4.396515431966313e-06 2.7080071501962343e-06 0.0 1.2189052606076779e-05 0.0 0.0 4.924256060641241e-05 1.3958640611676388e-05 0.0 0.0 0.0 5.8879652290436e-07 6.935521236104544e-08 2.2505552732083083e-07 1.662857848879094e-07 4.1025121934152306e-06 0.0 6.233697646686849e-06 0.0 0.0 2.2360825673250273e-06 5.891628658091683e-06 2.9091226481810163e-06 3.2216738012699805e-06 0.0 3.023131317011447e-07 8.65496854934355e-06 2.9819909666876595e-06 3.986530638123175e-06 2.2683143836492185e-05 7.972060452758672e-05 0.0007320663444751723 1.1109153343397464e-06 0.0 1.263927957425623e-07 1.1441020180334835e-06 0.0 0.0 8.109364466335568e-07 0.0 3.000647800797485e-06 1.0529433839603562e-05 4.312090208514688e-06 1.4171923277595543e-06 0.0 0.0 1.7048115082300728e-06 0.0
2.4939752773939635e-05 1.8351864976178043e-05 0.0 3.0912191572421113e-06 3.2644273224463245e-07 4.016121622144625e-05 0.0004724481543317168 0.0004804319652584767 1.596506734301687e-06 7.814041434459193e-05 4.017804543202842e-06 5.120020201045414e-07 1.3828446654700546e-06 0.00033665145295327015 8.656041570530239e-08 6.461164896303739e-07 0.0016402495879074518 4.63863233046076e-05 6.916295869141949e-05 4.868487232000847e-07 0.00030287035931727906 1.5547347641323036e-06 0.003268056593308602 5.62987332119685e-06 0.0 0.0021030138473659196 0.0045098505801372864 5.820004925674662e-05 0.0001057581038546627 0.00011656139565489486 4.1256755649469125e-07 6.338674145410157e-06 3.0438111557422155e-06 8.680020913295638e-05 2.673612412833008e-06 0.00027173039161613316 0.0017137120684218381 0.00036538180053451337 7.559096918599715e-05 6.764408730669862e-06 4.1319126668591113e-07 5.464521013668042e-07 8.905550986330131e-07 1.4791224191724513e-07 8.300120055316465e-05 0.0001236194229362596 1.9901040899154807e-07 0.0 8.683100955996785e-08 1.3110348631701437e-06 6.465527915336153e-08 3.6368744753915415e-07 1.5354183974644306e-07 1.8024613501508073e-06 0.0 6.778313816231357e-07 4.4771118498636747e-07 0.0 3.822021052168673e-06 8.406083008321998e-05 1.757385046873874e-06 1.5692120749026905e-05 1.0179278389806742e-07 1.5824760494280307e-06 1.6939203656826942e-05 3.6331208786517224e-05 8.495878911961e-06 1.1374001292002605e-06 0.00026746302308683026 0.001212421737044555 6.597694502222955e-06 1.879114430382778e-07 1.3076344222362118e-06 0.0 5.974455602470173e-08 0.0 1.4459681579571784e-05 4.144459652133961e-07 3.4763084749698435e-05 0.00014298178205378407 4.338841392956494e-05 1.3232835171217164e-05 2.5348112441669184e-06 0.0 2.5480223759648684e-07 0.0
1.7067623037058972e-06 1.496397712158634e-07 3.0912191572421113e-06 0.0 1.439763848745789e-06 0.00010326611194678527 0.00016070046492895295 0.0001164017305664748 0.0004214765505172597 0.002117967862076525 4.266453306510349e-06 0.0024537231973009504 1.350273162644629e-06 9.877250116177283e-05 2.601143231905449e-05 1.5593546535322245e-06 1.1369537310415822e-06 1.2748106709022e-06 3.6301485813098566e-06 0.0035357885865882964 1.1737669241691148e-06 3.2827063916210017e-06 4.527529648518925e-06 0.0006901390564091985 1.4727905513911994e-07 2.217678396151787e-06 2.5255284366893908e-05 0.0018513351458523007 0.00013538364775316655 5.768567358251788e-06 6.222169479363383e-08 1.2399996721896723e-05 3.3642705975688306e-06 5.486362125830494e-05 1.1303707435746739e-05 0.00027260494317895325 4.241158113406046e-06 9.140144596145548e-05 6.481434597352253e-05 6.117274719655699e-05 1.6875713839985593e-05 5.696479719474569e-07 4.672416846277394e-06 7.041933716002802e-08 2.287488034733887e-06 7.9124105990574e-07 0.00016608247842355618 2.0502437892227456e-07 6.433393795873701e-06 2.495035585508424e-05 3.870766144429143e-06 7.256981266181611e-05 9.797102852187448e-05 2.0338460573912978e-07 0.00013765993074811412 5.206162415483688e-07 4.5309381648784325e-06 7.974764634525308e-06 1.5924381407073342e-06 9.190378193001452e-08 0.0 0.0 0.00018976908236628171 5.243708605439184e-07 9.071935882660679e-06 7.370498982685952e-07 0.00017544450745212196 2.549303155827743e-07 2.7395991386322933e-07 5.1390926551278755e-06 0.000166393728509545 4.480886440341832e-06 6.455813880922247e-07 0.0 0.0 5.747888525989017e-07 2.411820610221216e-06 9.785184517874947e-07 0.00010883338586745735 2.0340595470146658e-07 7.849907701052328e-06 2.5819890565685625e-06 0.00011959053923281487 4.139830609795667e-07 1.1616375125988959e-06 4.3307350913104163e-07
2.1339528376762242e-07 9.718548916237584e-08 3.2644273224463245e-07 1.439763848745789e-06 0.0 0.0003618171683308527 3.419230738251566e-06 5.13060516892362e-05 1.5140494889054091e-05 1.135941486312953e-05 1.8112077764944036e-05 3.813508912629503e-05 7.382692713481575e-06 7.069633215115453e-06 0.0008565448048700119 0.0 1.2825954443084835e-06 1.5584373901752067e-06 3.0797475178976777e-06 5.3453658279653875e-06 4.0797780193068106e-08 2.821079827471036e-07 6.624725102704784e-07 6.972449281044802e-06 5.780478433364521e-07 1.2074160068892162e-06 1.3300504222087736e-06 4.135911123448339e-06 3.349975817466223e-05 1.524370974513408e-06 8.586303995056724e-08 3.0767320095298065e-05 0.0 0.00012185392393384656 2.104619481833478e-06 2.460085568305134e-05 2.1463715870874535e-06 8.614101394692872e-05 7.603021465685284e-05 0.0006782342195706173 6.240306972434504e-05 4.013701654704857e-06 2.7609102498785264e-07 0.0 0.0 0.0 0.0 0.0 0.0 0.0 0.0 0.0 7.633359571424976e-08 0.0 0.0 0.0 9.774300928179175e-08 0.0 0.0 0.0 0.0 0.0 0.0 0.0 0.0 0.0 4.280528718032406e-07 0.0 0.0 0.0 2.9233288452856196e-07 0.0 0.0 0.0 0.0 0.0 0.0 8.50548911440001e-07 3.266376791752552e-07 0.0 0.0 5.031923267879594e-07 2.4710911198193215e-07 0.0 5.7977620543800125e-08 0.0
4.819161174837031e-06 3.4033299312457126e-07 4.016121622144625e-05 0.00010326611194678527 0.0003618171683308527 0.0 0.0010269839575675174 0.003617543528053372 1.1962681017256109e-05 0.004191567644159391 3.785980659902265e-05 0.0030109404372357395 2.7472109739975425e-05 0.00027298970429023004 0.0004986908579310421 1.3718091425229963e-06 1.42350158513858e-05 9.433443766521757e-06 1.6025849030763568e-05 0.0002978404604275532 7.22356814573913e-06 9.255952582676626e-07 4.2200972037887785e-05 4.4027622768834166e-05 1.7133269063573932e-06 1.9170363395778815e-05 3.8298003732812655e-05 0.0005392607642969449 0.00025439839152724284 8.742211737150297e-05 2.58209459361865e-07 0.0007578123705992664 2.4653123515921653e-06 0.00025255390055900923 3.781706392796601e-05 0.0005314218385115915 2.161841163209996e-05 0.00027182363455701677 0.0002264039383755914 0.0005777613650131115 0.00013766045199591631 1.0935123975299417e-05 6.182777573137885e-06 0.0 5.512926480210054e-08 5.767603536869312e-08 4.96413696940777e-06 0.0 1.8458300206199967e-07 3.37999456025374e-06 3.7353626183212605e-07 3.959406404542154e-06 9.196486427540697e-07 3.4038035632443104e-07 2.7524797266053552e-06 1.429250268261185e-06 9.218760116885416e-07 4.841957998618064e-07 2.2611060574864017e-07 0.0 0.0 0.0 4.558285080490528e-06 5.496837753788356e-07 2.675648872549644e-07 9.270572378924004e-07 1.954656578738811e-05 1.1825614533678752e-07 2.2790023214920791e-07 6.060783520121232e-07 2.4442994745746492e-05 1.945153910892841e-06 1.4750922331862515e-06 5.8375696397821486e-08 0.0 3.312185768208916e-07 1.4892159117558993e-06 1.298948244250998e-06 1.6743454898806004e-05 5.244754266484087e-07 2.2652872215660216e-06 4.292140635334024e-07 7.369543655103974e-06 3.203675177495539e-07 2.0527092411221125e-07 0.0
0.000686585202810754 3.596973505547018e-07 0.0004724481543317168 0.00016070046492895295 3.419230738251566e-06 0.0010269839575675174 0.0 0.0024097425485011988 3.903539872330236e-05 0.005466122783543203 9.587744747582484e-06 1.0330656603591855e-05 4.418992779123493e-06 0.0036847124582802516 6.696094916665734e-06 2.9786520288422127e-05 6.929211324323974e-05 1.286436172758925e-05 1.6824769390176437e-05 5.0736623316764885e-05 0.0003405648699433522 4.74953206503813e-06 0.0009848318645216032 0.0001357727223099932 5.556613348496702e-07 0.00016238575796384745 0.0005512841527048745 0.008661731534391691 0.0010371749363688179 0.003918235604906596 1.5212053721651812e-07 3.782214041834724e-05 5.99394833706414e-05 0.00021215896999634567 6.0278763057511235e-05 0.0011984082105833485 4.303035228685206e-05 0.00040954921104351973 0.00031447500195110035 5.087171869394755e-05 3.664416577513112e-05 3.186194355850498e-06 1.0166281406770023e-05 9.661743112568448e-07 5.879458245778118e-07 1.2649705674910693e-06 2.962987232266568e-05 0.0 3.4993582821784482e-06 3.4923683366787715e-05 4.306499878725108e-06 2.7942311068076795e-05 1.2845754940593944e-05 6.624297176194049e-07 1.976061835001485e-05 5.139413852614658e-07 7.108902407237048e-06 2.3712583987965173e-06 5.496603795368784e-06 3.8404021969329143e-07 2.783875955042527e-07 3.169499747535396e-07 4.3725905738525656e-05 3.1940802931047488e-06 4.445995755019007e-06 4.628579651141325e-06 0.00013239358349224678 1.7881331967534984e-07 1.4479142739488562e-06 1.641789914904594e-05 0.00014961421573434736 9.633062326893367e-06 5.507128746968289e-06 0.0 4.980018647601279e-08 4.818870017459759e-07 4.882224241353773e-06 4.124208821373655e-06 4.6811098153560816e-05 8.538989855578155e-07 1.6087049724951692e-05 4.229633818024168e-06 2.6206609892672853e-05 2.186290997004456e-06 1.471271021531699e-07 8.221136408052623e-07
0.0002055855423374317 2.857285638870501e-07 0.0004804319652584767 0.0001164017305664748 5.13060516892362e-05 0.003617543528053372 0.0024097425485011988 0.0 4.6362142476816535e-06 0.0018150327498073066 4.156544378103886e-05 0.0007824796963179963 3.587513638245988e-05 0.003767531333806783 0.00012268036800780274 1.4078010182956278e-06 0.00032951520206348845 2.2819331768234545e-05 5.9373202839318376e-05 0.0003833365295320081 0.00013120237420535086 3.1727235632031843e-07 0.000717856158003767 3.220069810194943e-05 2.5811624148006102e-06 0.00021537755743390082 0.00010708038598585871 0.00033918881766200254 0.00023943347857987207 0.0010565404741569866 7.156265480794939e-07 0.000295226293845123 3.04233152148473e-06 0.00021715033608119366 2.1905358922164198e-05 0.0003157006400847572 2.6453225685352777e-05 0.0003909911075091094 0.00035903956765246146 0.00032692343060767394 0.0002834711223163899 2.297822679022887e-05 3.7948642840162816e-06 0.0 3.1800562943361395e-07 3.5663235158991037e-07 2.459181962916184e-06 1.6471601056722404e-07 2.0433340904032052e-07 2.7077930685328684e-06 4.2317411883448617e-07 3.6977788851360093e-06 7.678134056657738e-07 5.833256154762921e-07 4.060724790736559e-07 5.061253955595415e-07 9.353731027525777e-07 0.0 5.390301892754467e-07 0.0 0.0 0.0 2.5559072514940554e-06 3.526236921780463e-07 1.2508049567018123e-07 6.090031835338632e-07 1.9195192341596763e-05 0.0 4.685990428909204e-07 2.456958177797168e-06 2.5252880400321827e-05 1.8864383440666924e-06 9.478896532245839e-07 0.0 1.913925277138373e-07 7.05892131701917e-08 5.565114884994197e-07 1.8461874391138718e-06 8.964125481865498e-06 2.6891001910279497e-06 2.307991441598245e-06 9.15273171147025e-07 2.9482573327619417e-06 3.776738083516085e-07 1.928064277703175e-06 0.0
2.830017065937907e-07 0.0002528767819299015 1.596506734301687e-06 0.0004214765505172597 1.5140494889054091e-05 1.1962681017256109e-05 3.903539872330236e-05 4.6362142476816535e-06 0.0 6.098334293255703e-05 1.3135342460658898e-05 0.0002781932946510923 2.421819383509424e-05 4.702166832507707e-06 0.00033616111651849344 2.91067373456181e-05 1.2488509681569313e-06 2.2029714397758663e-07 2.6220592985424516e-06 0.0004050399647979083 2.3492209622237152e-05 0.002575300468565144 1.2281853668040404e-05 0.005462929271146708 0.0002294844050602626 4.162367077672379e-05 0.00043877918147925055 0.0008840982653460464 1.6912952792757466e-05 2.2950980296441273e-05 4.796770920710526e-06 1.1731544035338617e-06 1.0427987643814333e-06 8.464249092169053e-06 2.649258468599517e-06 9.047845221771958e-05 7.758287068171877e-06 1.955766013937633e-05 8.72804532908051e-06 0.0001400428574658894 1.2119813970338322e-06 1.4090197681544195e-06 3.474452169867126e-07 1.0631866445074664e-06 3.381574722902928e-06 6.868513478124284e-07 8.628362613626758e-05 6.3772167031603e-07 4.418544431179754e-06 2.2852480415331862e-05 3.6853149630729137e-06 0.00013308404326464455 2.3937430663309286e-05 1.951556014352551e-06 6.988030032411685e-05 6.017120254495846e-07 7.667232018995614e-06 1.0049661202144121e-05 3.940370348684091e-05 4.1853096226263413e-07 3.1787448073320223e-07 1.0848752878197819e-07 9.96988040854504e-05 4.221493713657043e-05 1.6641262618157918e-05 7.349736656995692e-06 0.0006659468437086973 8.868118231238301e-07 3.5100978561711827e-06 1.5449066740021235e-05 0.00031578926150221053 1.7168862062265077e-05 2.606559769142931e-05 1.4231980446527054e-07 4.918384520930439e-08 5.051117820344361e-06 9.817818863772723e-06 3.1341651032586856e-07 4.4551131003419044e-05 2.348450618328582e-06 1.2633145021565593e-05 5.664110599602144e-06 6.663870735289358e-05 6.3663428229205e-07 7.289977951215032e-08 6.057714661055649e-07
1.5341742755341682e-05 3.6104579664244253e-07 7.814041434459193e-05 0.002117967862076525 1.135941486312953e-05 0.004191567644159391 0.005466122783543203 0.0018150327498073066 6.098334293255703e-05 0.0 2.2243032384784115e-05 0.0016850375198684065 7.029455691546944e-06 0.0006344064642360355 6.129900704774448e-06 6.246671177045768e-06 1.810674915235608e-05 8.495842529129643e-06 2.0917774546095816e-05 0.0032221414286291977 1.5195489216099788e-05 3.759996506694455e-06 9.117268285469041e-05 0.00015631278522427536 1.2621080935688781e-06 3.43956091460713e-05 0.00011455641844271064 0.004164470382083393 0.00043473563504481784 8.73302612685275e-05 4.865121721426812e-07 9.966518920290755e-05 5.790590429171384e-06 0.00016919596000164838 1.649873821256312e-05 0.00038761966786762635 1.7029350615319227e-05 0.00028836074587364175 0.00011847549852824499 5.530621879647978e-05 3.74372965714542e-05 2.670189936170341e-06 5.3739895251969e-06 1.4158849692476922e-07 3.644630317776577e-07 6.318853321194444e-07 3.32455998121393e-05 0.0 1.564099826489641e-06 7.594229117956568e-06 7.255728871479108e-07 1.028033685465418e-05 8.669526733961777e-06 8.008618203913868e-08 1.9970994825778345e-05 5.357565041051397e-07 1.2243866874024342e-06 2.873699387357368e-06 1.0599440335432007e-06 2.6164479908022656e-07 8.757739043882456e-08 0.0 3.34437507921878e-05 1.1008598744057864e-06 5.299917356504754e-07 8.346374102183139e-07 3.473268446278711e-05 8.501807257120248e-08 2.7001770107383523e-07 3.3963407885522737e-06 4.311728985571785e-05 2.3133463249743897e-06 6.919181800478258e-07 0.0 0.0 6.51214593418479e-08 1.0323981648631621e-06 1.958079146575637e-06 3.125171624149528e-05 8.507836552993059e-07 2.286437661050597e-06 1.7626031847981572e-06 3.089269457040284e-05 1.6293883279435277e-07 3.98496403713688e-07 1.928946989605895e-07
2.3798387318708452e-07 4.048883585026873e-05 4.017804543202842e-06 4.266453306510349e-06 1.8112077764944036e-05 3.785980659902265e-05 9.587744747582484e-06 4.156544378103886e-05 1.3135342460658898e-05 2.2243032384784115e-05 0.0 2.6774871062234547e-05 0.0016834495169637705 3.452354281668876e-05 1.1190867011816316e-05 1.3029996726323352e-06 0.0003014416582332141 0.002039762481110785 0.0017134150257762382 1.249091320608486e-05 3.04531713183269e-06 2.43264042141653e-05 1.6846558396109256e-05 1.4528841785798206e-05 0.0005442762544684704 0.0008078513380237566 0.0004052339895196666 1.3737952725246889e-05 0.00018427585366069418 6.545613971073424e-06 0.00014356856686029683 7.637629524532518e-05 3.00665100349411e-06 0.0027784056272018827 1.7689702355430382e-06 0.00014945368678063125 0.002578714769751422 0.0020960621252078663 0.00034890769720495065 2.3217885315648863e-05 1.6833344280429712e-05 0.0008453024470107251 5.289780944968368e-06 0.0 1.127974010152597e-05 7.843744537042044e-08 0.0 0.0 1.1669495164914343e-07 5.16277985575614e-07 8.230536108696789e-07 8.175286778183045e-07 1.1590869884987146e-07 0.00048152695680479135 3.5922785888915863e-07 0.0005960869940446279 1.1812615032498576e-06 0.0 0.0 6.477172947408339e-08 1.8484115131484063e-05 8.933379510693066e-07 0.0 0.0 1.3505313670755983e-06 0.0 1.9748658684206e-06 0.0003853538022071943 0.00010733436130145501 0.00013016519921707202 3.7125503067738724e-06 4.838777441339482e-07 6.740714816308016e-07 6.472052284133448e-05 5.075324299255088e-07 1.5678155366165063e-07 4.148924904633273e-05 1.415560933915851e-06 3.570305205915581e-06 0.0003558502409708576 1.8711174039273364e-05 3.018546847391154e-06 8.918730112445778e-07 2.5094195051266344e-06 0.00020106197923059916 0.0
1.9316547042725444e-07 7.128714820537848e-07 5.120020201045414e-07 0.0024537231973009504 3.813508912629503e-05 0.0030109404372357395 1.0330656603591855e-05 0.0007824796963179963 0.0002781932946510923 0.0016850375198684065 2.6774871062234547e-05 0.0 8.314507209841226e-06 0.0003363170131815452 0.0005426264817139673 4.7182319799497396e-08 2.1868054126650662e-06 6.5740374719529995e-06 1.4411541571924186e-05 0.0027001282491834326 3.367564637074277e-07 1.4367792571013192e-05 8.018176571277566e-07 0.00021431958582502806 3.008357495638124e-06 5.4360662096602944e-06 7.692635523844132e-06 0.0007115187988344503 0.00020007828876869712 2.950086831082925e-06 1.6553353886613674e-07 0.00014348391093069865 2.5094231047298236e-07 0.0001433740387308749 1.3554558819733635e-05 0.0002960372289715073 6.747196628086161e-06 0.00019546646781222723 5.312919408982631e-05 0.0008625330605577762 2.2039505365796872e-05 1.1205048311665525e-06 1.2398736327944454e-06 0.0 0.0 7.503425737089698e-08 4.861457464312115e-05 0.0 6.595876797338735e-06 4.304568020635361e-06 1.09098782451635e-06 9.933057262830445e-06 2.552734379289343e-05 1.3505509083424735e-07 6.205792943747953e-05 8.782537310187694e-07 1.6725447283917452e-06 2.675413082753009e-06 0.0 0.0 0.0 0.0 5.464874747699662e-05 1.9702404375262957e-07 1.38264705435944e-07 6.046388778011855e-07 2.7519667934129005e-05 1.322845449360507e-07 2.1700380702627127e-07 5.83382984152122e-07 3.3650264992402456e-05 1.4410127808036907e-06 9.067016239462713e-07 0.0 0.0 0.0 2.0135655299046806e-07 0.0 9.219310834465248e-05 5.804305990888637e-07 2.3662374299263165e-06 0.0 7.96660040058132e-05 7.173974423345175e-07 0.0 0.0
5.985342428651274e-08 0.00013014308010542389 1.3828446654700546e-06 1.350273162644629e-06 7.382692713481575e-06 2.7472109739975425e-05 4.418992779123493e-06 3.587513638245988e-05 2.421819383509424e-05 7.029455691546944e-06 0.0016834495169637705 8.314507209841226e-06 0.0 6.918328382714651e-06 1.847200632685272e-06 6.987855499809588e-06 1.6744496328738386e-06 5.1690701165450884e-05 2.3763958981101857e-05 3.367874846298692e-06 6.721941117449471e-06 5.725172240961185e-05 4.413351616779663e-06 3.035845206650362e-05 0.0025414301155886015 0.0004781807149382043 0.002478079993635822 1.496424247391356e-05 2.782757533860612e-05 4.731623782620488e-06 0.0006021534393577134 2.3017200278106006e-05 0.0 0.00044531831367406827 6.646816680546043e-06 0.0005865795635723616 0.0027523780398518737 0.0011002798509683921 0.0003014123379377737 6.917992490400417e-05 4.7888583132384346e-05 0.0005138632373828585 8.101492122319677e-06 0.0 4.678685716661206e-05 1.5623985600853448e-06 2.9084787454789225e-07 5.259792595540894e-07 6.213089480318267e-07 5.830695187077167e-07 1.345372887048472e-07 3.4370343736525836e-07 4.857209027911574e-08 0.00038359148349761534 2.8347089434546815e-07 0.0004150232448098431 4.243354960705141e-07 0.0 2.450858871221094e-06 0.0 1.597056575662326e-05 1.8601481409128022e-06 3.9741898959021145e-07 1.00906593168318e-06 6.919926547326718e-07 5.567600189968171e-06 6.280131971311759e-07 0.0004204372140975144 0.00011633007175410912 0.00018591941297515014 2.485415132883576e-06 1.170853428239875e-06 1.5872138297793356e-06 4.498972321339374e-05 2.267004196764938e-07 0.0 3.0065694669561648e-05 1.2341940273200625e-05 7.852495346455096e-05 0.0002719991858270813 3.1664554782591036e-05 1.2986679054179613e-05 9.547135030868323e-06 0.0 0.00017389097780908766 3.381902914355556e-06
0.0028095270793454504 1.7522516653957405e-07 0.00033665145295327015 9.877250116177283e-05 7.069633215115453e-06 0.00027298970429023004 0.0036847124582802516 0.003767531333806783 4.702166832507707e-06 0.0006344064642360355 3.452354281668876e-05 0.0003363170131815452 6.918328382714651e-06 0.0 2.3854069592285177e-05 9.394757346998966e-07 0.0003108693111538927 1.62649662461193e-05 5.506950684623722e-05 0.0002346945537994625 0.00020844210785437073 4.52323646257777e-07 0.0006624092526240959 5.780460859249216e-05 8.776460690584354e-07 0.00013825698470547776 7.636583531945216e-05 0.00037237563799067747 0.003068591310886746 0.002306057496733276 3.9033089727839866e-07 0.0002684666502114941 8.282428943432207e-06 0.00024505537889051867 8.670101190372078e-06 0.0003178946215195146 2.2865776524604226e-05 0.0002035125654239848 0.00010727009235997596 9.335462022636379e-05 2.2358414894271278e-05 6.495593368106066e-06 3.524232613782664e-06 0.0 0.0 5.65207166753139e-07 2.3478591072194e-06 0.0 3.159102025331516e-07 3.904806115637687e-06 8.083157736874495e-07 4.2996484958453945e-06 1.7913243476011164e-06 1.8673509903109416e-07 1.2309321513742537e-06 2.0738385566195506e-07 7.46897429808237e-07 2.689785090526455e-07 5.787416668511982e-07 3.7472906455126097e-07 0.0 0.0 1.7048124673348704e-06 9.36309903429537e-07 3.411232836366313e-07 2.711170246241802e-07 2.3016771609571808e-05 0.0 3.2233134599920587e-07 1.6544922842345305e-06 3.4101181430629205e-05 1.5577575269636203e-06 8.050046873769866e-07 0.0 0.0 4.351920769015687e-07 8.175741820125698e-07 3.1805329654733947e-07 1.0134395592829766e-05 6.836214657081251e-07 1.401740735049305e-06 6.086776483673603e-07 3.3256247683083247e-06 0.0 8.353553889649879e-07 0.0
0.0 5.668408892875017e-06 8.656041570530239e-08 2.601143231905449e-05 0.0008565448048700119 0.0004986908579310421 6.696094916665734e-06 0.00012268036800780274 0.00033616111651849344 6.129900704774448e-06 1.1190867011816316e-05 0.0005426264817139673 1.847200632685272e-06 2.3854069592285177e-05 0.0 0.0 3.263699902635145e-07 6.969878067120151e-07 2.094628238504661e-06 7.40522290928655e-05 2.5868317029912905e-07 4.373362844245852e-05 5.108155522133877e-07 0.0003397464747360578 5.383557909877371e-06 2.412487811670707e-06 1.568055451747849e-05 6.665999804270679e-05 2.5785250640877524e-05 5.591164266011468e-06 2.0191948040853454e-07 0.00011891609199523804 0.0 2.9159755640496318e-05 3.9176090279629784e-07 2.128471194589522e-05 2.2975169120719258e-06 3.0074487730501213e-05 1.5447319105044278e-05 0.0006675169050424804 0.00012030515173083846 2.5001309185493374e-07 3.6963750477860324e-07 0.0 0.0 0.0 3.149755332001858e-07 0.0 0.0 0.0 0.0 4.706118131137607e-07 2.1718130061774568e-07 0.0 4.1733999881442715e-07 1.176919075368582e-07 0.0 0.0 8.974825349709015e-07 0.0 0.0 0.0 3.2615487055668475e-07 0.0 4.189910325983386e-07 1.6253780858114013e-07 1.9389606278343783e-06 3.651270835743582e-07 3.2065832779669286e-07 2.2239650597057062e-07 3.563315542226943e-06 0.0 1.5620793005428235e-07 0.0 0.0 0.0 3.085385980539116e-07 0.0 3.868484864332431e-06 0.0 0.0 0.0 2.492318761319668e-06 0.0 0.0 0.0
4.480317943800848e-08 6.843374101658962e-05 6.461164896303739e-07 1.5593546535322245e-06 0.0 1.3718091425229963e-06 2.9786520288422127e-05 1.4078010182956278e-06 2.91067373456181e-05 6.246671177045768e-06 1.3029996726323352e-06 4.7182319799497396e-08 6.987855499809588e-06 9.394757346998966e-07 0.0 0.0 5.081169762761513e-06 7.877994445633968e-08 8.262161582915152e-07 0.0 0.0013578020348686715 0.0017559556576775069 0.0018809937824777509 0.0014522353422702788 2.5422219903839094e-05 8.832834735270502e-06 0.0015089903161953824 0.0009744450268270541 3.614831326422143e-06 2.5894453125055252e-05 4.550619062414026e-07 5.657224783676135e-08 7.689368528725805e-07 1.6941539913757893e-05 1.2606454563850486e-05 0.0005915476265800258 0.00013134565142137894 8.906901250770056e-05 0.0001366279368400026 2.155880410965325e-05 1.6618488548447485e-07 1.494783874274346e-06 2.325614309426598e-06 8.44795225974104e-07 5.701458448264361e-06 1.567298690434356e-05 1.1445945597896253e-07 0.0 7.525357424662093e-07 8.463786539212287e-06 2.5631956822474082e-06 5.075922753019982e-06 7.246597720178141e-07 3.75941736132737e-07 2.5090674860375436e-07 1.2507287177377714e-06 4.656496180276534e-06 2.4249409704466345e-07 0.0010380325680481566 1.4142734166377973e-06 6.059774881310888e-08 6.62223817948815e-07 6.705865921115202e-07 0.00019516245359962767 0.0004451544454647785 0.0006855305307197305 0.00020034993736630106 4.6468044855052296e-07 3.688059980206386e-06 0.0004643896389533344 0.0001331442772009318 1.0639772748504855e-05 5.281017361305623e-05 5.376471917334084e-08 9.147742235181027e-08 5.005906812180093e-06 7.293630881420484e-06 2.603560673307891e-06 0.00023704904998686998 6.472888239479957e-06 1.619368749975088e-05 1.5361401297446937e-05 1.6913464777107153e-05 4.2780901052796265e-07 0.0 6.76211714118331e-07
2.9055456246078205e-05 6.271492505282406e-06 0.0016402495879074518 1.1369537310415822e-06 1.2825954443084835e-06 1.42350158513858e-05 6.929211324323974e-05 0.00032951520206348845 1.2488509681569313e-06 1.810674915235608e-05 0.0003014416582332141 2.1868054126650662e-06 1.6744496328738386e-06 0.0003108693111538927 3.263699902635145e-07 5.081169762761513e-06 0.0 0.00013910381300075278 0.0021424814612311348 1.2783123585696985e-06 0.00012600006216541206 2.067341900425187e-06 0.003210934842237086 7.900367696371723e-06 2.9195278695582074e-07 0.0011334203571723494 0.003377394850832196 2.521816293800862e-05 0.00034682479377393447 0.00024304991037986227 6.713048629312599e-07 8.73520950247903e-06 4.454854093104698e-05 0.0015911424895417273 3.507348627659856e-06 0.0006352517742802574 0.0007093201261971019 0.0014165680538988932 0.0004610651668355926 1.1532685121488754e-05 8.839049738303033e-07 4.6151865893988477e-07 1.0911996880031895e-06 0.0 6.552581701653592e-06 3.246872097161237e-06 1.2247407904723194e-07 0.0 0.0 1.4378089603001101e-07 1.0318900366673332e-07 2.1957992304211027e-07 6.399987903450212e-08 1.5297862025531072e-07 1.6637781158523694e-07 1.907006697718858e-07 2.1635959646337872e-07 0.0 1.2169659514972066e-06 4.925225377338984e-06 8.713248658910187e-07 2.9340403368477703e-06 0.0 4.076387011543518e-07 1.5435028259954269e-06 9.122992358278307e-07 2.8242822231316876e-06 9.089930634493531e-07 4.466108190509322e-05 0.0001086930350064673 2.2997782206860304e-06 6.609944232108549e-07 1.3859883702322133e-07 3.309935503114245e-07 0.0 2.2840639477224255e-07 3.1803596161619076e-07 7.236468981480133e-07 8.408176778694545e-06 1.1620902215092622e-05 3.1058675884907386e-06 6.779307930327076e-07 2.363209591338749e-07 0.0 0.0 0.0
1.0311584054782996e-06 6.813044895464518e-07 4.63863233046076e-05 1.2748106709022e-06 1.5584373901752067e-06 9.433443766521757e-06 1.286436172758925e-05 2.2819331768234545e-05 2.2029714397758663e-07 8.495842529129643e-06 0.002039762481110785 6.5740374719529995e-06 5.1690701165450884e-05 1.62649662461193e-05 6.969878067120151e-07 7.877994445633968e-08 0.00013910381300075278 0.0 0.0006136480805059634 3.462293772018593e-06 8.57888674034669e-06 6.140112577729013e-07 4.7702012553374896e-05 1.1010326750935414e-06 1.4848856550329072e-05 0.0007717710121345256 0.00037771640440988 6.7555920907506305e-06 3.779895000242844e-05 3.3594048339576377e-06 1.6148518179096354e-05 9.583918507534879e-06 9.496405602092664e-07 0.000410443447853396 1.9811423844089488e-06 0.00013084421775729966 0.000678078004484773 0.0007913388628847264 0.0001839353260916507 6.060295272628545e-06 3.0958901475877475e-06 4.345994611246887e-05 1.2941968272450664e-06 0.0 2.6167601458648086e-06 3.1194997988701085e-07 1.581628855978273e-07 0.0 0.0 2.684405183593051e-07 0.0 0.0 1.0127721967986061e-07 4.120634578414985e-05 0.0 8.620636347981257e-05 0.0 0.0 0.0 3.35873653131375e-07 1.4031773907551579e-05 1.4765302233502604e-06 1.0282436228487966e-07 1.7328554483198373e-07 1.358490322596299e-07 0.0 5.345124662445564e-07 3.607089979544424e-05 7.542423162328044e-05 7.384252506797279e-05 5.382448442708385e-07 1.7752966644501725e-07 8.386396558635302e-08 2.152512876798576e-05 0.0 6.015949712480646e-08 7.046617896999597e-07 1.7135590649753724e-06 3.518374006988278e-06 9.56172971277898e-06 3.753223162580377e-07 1.8686721473016965e-07 1.4754509817966556e-07 0.0 8.235176912896379e-08 0.0
3.741021668166905e-06 3.580758812748362e-06 6.916295869141949e-05 3.6301485813098566e-06 3.0797475178976777e-06 1.6025849030763568e-05 1.6824769390176437e-05 5.9373202839318376e-05 2.6220592985424516e-06 2.0917774546095816e-05 0.0017134150257762382 1.4411541571924186e-05 2.3763958981101857e-05 5.506950684623722e-05 2.094628238504661e-06 8.262161582915152e-07 0.0021424814612311348 0.0006136480805059634 0.0 1.0441068408404669e-05 2.0358904922814044e-05 2.97772302533203e-06 0.00016841410372297883 5.963383803258956e-06 6.384634115747671e-06 0.0021703855335763883 0.0010562370396186432 1.3036409293103297e-05 0.00010816822018894294 2.6714112286435784e-05 6.204008462964354e-06 2.0222130464939288e-05 7.016835541969116e-06 0.0024668454037478464 6.632511356211066e-06 0.0006891789349214842 0.0010069305376820053 0.001936407754811557 0.0008304938414640224 1.3254597570872461e-05 6.755487524646143e-06 9.11947888901484e-06 3.850602907960045e-06 0.0 8.451023913235413e-06 2.0686526019895722e-07 2.99327805532384e-07 0.0 0.0 2.5041698548867116e-07 4.336383942280357e-08 2.650500158034774e-07 0.0 9.3564133673581e-06 4.2134234707990986e-07 2.0214228463666425e-05 0.0 0.0 6.370077253352107e-08 6.490933930434262e-07 1.138646967804729e-05 4.511907595652381e-06 1.3991382890412776e-07 5.198973984232972e-08 4.2327640361151664e-07 3.430072575313197e-07 1.5863156182694618e-06 5.837213350111201e-06 0.0001069716684100681 0.00015023437335008846 8.961552918089646e-07 0.0 2.9887505281105785e-07 1.0764350992962926e-05 0.0 0.0 2.609453748670976e-07 2.99739604084178e-06 2.1184184118604337e-05 6.508140483629714e-06 1.1720316904566528e-06 0.0 7.581659244415388e-07 0.0 6.180856059960376e-07 0.0
2.5373264471608047e-06 0.0 4.868487232000847e-07 0.0035357885865882964 5.3453658279653875e-06 0.0002978404604275532 5.0736623316764885e-05 0.0003833365295320081 0.0004050399647979083 0.0032221414286291977 1.249091320608486e-05 0.0027001282491834326 3.367874846298692e-06 0.0002346945537994625 7.40522290928655e-05 0.0 1.2783123585696985e-06 3.462293772018593e-06 1.0441068408404669e-05 0.0 4.46370313063671e-07 3.222545860399665e-07 1.097679909167202e-06 0.0001819733972444558 6.501168960046624e-07 2.786068109437903e-06 3.349821723268946e-06 0.0013374640298024394 0.0001908095149204553 2.9380681744086445e-06 3.757008745267835e-07 4.199832021978915e-05 1.6765905639685662e-06 8.671822331164419e-05 1.1304270990727204e-05 0.00024602031401074905 6.781527389607174e-06 0.00015994186980708807 5.637137751438061e-05 0.00024116715053423512 2.052193234057987e-05 1.113778183220603e-06 2.9322090466190596e-06 9.09199456486609e-08 1.2683844793084278e-07 0.0 4.4517695931317505e-05 2.6643753258416907e-07 3.9971464283930755e-06 8.544236143030885e-06 1.2136376091942616e-06 1.8642809641371784e-05 1.7743094606453093e-05 5.186673287597394e-07 6.22034972562608e-05 0.0 1.6414682883861598e-06 3.914351651521157e-06 1.3496879113716953e-07 0.0 8.986230960805913e-08 0.0 8.099148067432563e-05 1.0493650050102579e-07 1.3175473623548606e-07 0.0 5.1590104282614606e-05 5.888100253632534e-08 0.0 7.459736342765725e-07 4.5517030888348965e-05 1.745610504078604e-06 1.7147677580480605e-07 0.0 1.597427324923495e-07 0.0 1.6411745891838295e-06 8.623453794498729e-07 7.556662543669243e-05 1.5382348106747585e-07 2.9702817140633963e-06 1.4028497562148211e-06 9.002081850551355e-05 0.0 0.0 1.4237461552830822e-07
2.9117387308436698e-05 5.532195010046067e-06 0.00030287035931727906 1.1737669241691148e-06 4.0797780193068106e-08 7.22356814573913e-06 0.0003405648699433522 0.00013120237420535086 2.3492209622237152e-05 1.5195489216099788e-05 3.04531713183269e-06 3.367564637074277e-07 6.721941117449471e-06 0.00020844210785437073 2.5868317029912905e-07 0.0013578020348686715 0.00012600006216541206 8.57888674034669e-06 2.0358904922814044e-05 4.46370313063671e-07 0.0 0.00010191138196229088 0.007338150551990699 0.00018394181683928585 2.1899158171507897e-06 0.00013121381139191438 0.0006155227436480966 0.0038799967208158026 0.00019244137234726455 0.00456570759507731 6.97645093465002e-08 2.8434510810605305e-06 5.796301219760634e-05 0.002148958041143918 0.00015073770198421866 0.005693779718477323 0.0003843046943764654 0.002769815251704342 0.0022214895355798328 0.00012857559475740828 3.5304669252130047e-06 6.286700923483776e-06 3.2341549386721446e-05 1.3172022227705491e-06 4.0996500786639713e-07 1.1411515748614197e-06 0.0 1.1100714050038448e-07 8.149249293222807e-07 6.409141931176707e-06 6.552344226516431e-07 8.770578678475371e-06 7.000721259154158e-07 2.1947595568740478e-06 1.1799972097274675e-06 3.093536042624318e-06 3.8020984760119287e-06 2.986188534222164e-07 0.0002120522805482955 1.53577566597484e-06 0.0 1.6327693499655172e-07 4.5423809442464185e-07 0.000230232263134172 7.173020661906346e-05 5.377895000325629e-05 0.0002776851695891285 0.0 1.7223198518411657e-06 1.800586548534465e-05 0.0002499683064998466 2.4516881779584253e-05 9.848373478934466e-05 0.0 0.0 1.1458010907322391e-05 1.365912931321388e-05 1.2113242740785775e-05 0.00017031237233264547 4.704959828562637e-06 1.6369524705399842e-05 1.5125520200350159e-05 3.3878875163395166e-05 1.1956453163008683e-06 1.7739307887048838e-06 1.1564227769311362e-06
0.0 0.0010739380130026382 1.5547347641323036e-06 3.2827063916210017e-06 2.821079827471036e-07 9.255952582676626e-07 4.74953206503813e-06 3.1727235632031843e-07 0.002575300468565144 3.759996506694455e-06 2.43264042141653e-05 1.4367792571013192e-05 5.725172240961185e-05 4.52323646257777e-07 4.373362844245852e-05 0.0017559556576775069 2.067341900425187e-06 6.140112577729013e-07 2.97772302533203e-06 3.222545860399665e-07 0.00010191138196229088 0.0 0.00034870820432282985 0.004264050265632273 0.0005838069212921063 5.082063060339402e-05 0.0026533463367112045 0.00013387086924546732 1.205420524234325e-06 2.103652862075273e-06 8.12442313393978e-06 1.8095735305966824e-07 0.0 6.589533811046313e-06 2.75186569429464e-07 6.572811913634229e-06 1.372095358339749e-05 8.990324175370323e-06 3.6273982318694664e-06 1.9893316190179813e-05 8.068173480804194e-08 5.394234403981756e-06 0.0 0.0 4.3671628952117034e-05 1.3395833732953476e-05 3.3362449317803456e-07 0.0 3.267879191921437e-07 4.907233183118924e-06 1.3657224977090185e-06 7.574433609371182e-06 9.268031303782193e-07 1.7530188426662689e-06 0.0 2.249528810047081e-06 2.0388035832552862e-06 8.219623627449102e-08 0.0007729576286750815 2.5120516241793744e-06 8.07258694164446e-07 8.672364231689911e-07 0.0 7.422670444864112e-05 0.00016086826583497582 0.00035196522366980635 0.00014681591350119822 1.9370913239014602e-05 1.2419260239127422e-05 0.0005256773857634301 4.5337920151460096e-05 3.182563050892717e-06 1.438493903214882e-05 2.06906770096701e-07 0.0 3.031585328484815e-06 4.014819805127146e-06 0.0 1.660886406205678e-05 8.8914554770236e-06 6.1535085246797495e-06 4.16879823095603e-06 9.414364290844917e-07 6.30021850702562e-08 2.7746271851285787e-07 0.0
7.523410661373349e-05 4.980519264782997e-06 0.003268056593308602 4.527529648518925e-06 6.624725102704784e-07 4.2200972037887785e-05 0.0009848318645216032 0.000717856158003767 1.2281853668040404e-05 9.117268285469041e-05 1.6846558396109256e-05 8.018176571277566e-07 4.413351616779663e-06 0.0006624092526240959 5.108155522133877e-07 0.0018809937824777509 0.003210934842237086 4.7702012553374896e-05 0.00016841410372297883 1.097679909167202e-06 0.007338150551990699 0.00034870820432282985 0.0 0.00040777649567346196 1.6576931761135865e-06 0.0006269681180339618 0.008458018870902294 0.0014726639007304624 0.0003146455083496664 0.0011799603327597916 6.994636035236178e-08 7.977382268332755e-06 3.335486358429765e-05 0.001892629739287212 0.00017822851251530036 0.007147937234697004 0.0031899076936296737 0.004609613980424193 0.0036104299862944065 0.0004177022641345273 8.587543466315457e-06 4.535886821983247e-06 4.4685585236806e-05 1.7205897570358883e-06 4.007907465809213e-06 4.7450352481236576e-05 7.528126040509897e-07 0.0 3.507535917539835e-07 1.0235209367545932e-05 2.9974326525952716e-06 5.435011521978888e-06 1.1638485412294155e-06 1.7091372208487317e-07 9.934787539194653e-07 2.0833188141728137e-07 4.977066017828155e-06 5.177587249744297e-07 0.0008992651244077318 5.0766366230090685e-06 3.1594941136876887e-07 8.364536626310694e-07 9.303779310385677e-07 0.00011457604788407651 0.0003034395178734415 0.0006654927413177344 0.0001164891779054607 5.405597048762515e-07 7.741076189137502e-06 0.0006706756614624893 8.186089990555192e-05 1.1138430427811842e-05 3.3140588146240096e-05 0.0 2.331442619560808e-07 3.235175802319068e-06 8.950923514846721e-06 2.9270012346617326e-05 0.0002369334534194011 3.417244395510167e-05 3.1826027787500657e-05 2.8742913626259086e-05 1.4080662853690821e-05 2.144619503916641e-07 0.0 8.070805453820406e-07
