0.0 4.0468368596301036e-07 1.581886868249076e-05 1.914525852665934e-05 1.1608069632788681e-07 1.6184220687049072e-05 0.0013930169342549243 0.00022199572021287385 1.690795079887225e-05 6.421971398593785e-05 6.016488829435305e-05 2.6503427763269937e-06 4.468473886887771e-08 0.002994276355031274 5.913009312950467e-07 1.3255860970290182e-06 0.00016216251127333846 1.2188435557799689e-05 5.886905618307585e-05 9.538493149527906e-06 1.0953564225956075e-05 9.878621381268525e-07 5.616692972552325e-05 0.00010818160817135655 2.2543785047354756e-07 3.0512367860984907e-05 2.257904566300985e-05 0.00016097071586371794 0.0019672251699841027 0.0025011765542092097 1.508199645988934e-07 3.3288077558057935e-06 4.7229270278159965e-05 0.00018598282914411972 7.00210297000611e-07 4.7703477923777614e-05 1.1289724281130795e-05 0.00010641897592153966 2.3592395253442308e-05 2.247494425368699e-06 1.472985094155587e-06 0.0 1.0265092732515731e-06 2.3547704890571157e-06 3.3840212577590647e-07 5.489884456285888e-07 8.102024690292645e-08 0.0 1.2736210674374422e-06 1.7231454812101262e-06 2.7276620737820673e-06 5.162025733006772e-06 9.701252056232235e-08 2.459225470939444e-07 9.378076003017875e-08 0.0 5.0559924353967885e-06 0.0 3.3746239098585103e-06 1.6457096656600555e-07 1.0034915173045754e-07 4.30641327797954e-07 5.838394662261373e-07 3.65312087193624e-06 3.553144458668938e-07 1.6865913766712542e-07 3.5926864904147855e-05 0.0 1.5232518728092028e-06 2.8617023964927795e-06 2.891120376188984e-05 5.409047697400996e-06 3.2587053920379207e-06 0.0 0.0 1.61425132245868e-07 5.285417723259784e-07 0.0 1.367051853953205e-05 1.3209675651111903e-06 5.194315068027029e-06 1.6721704104891373e-06 1.7811363405270278e-06 1.0544414659000618e-06 0.0 8.205253212539149e-08
4.0468368596301036e-07 0.0 3.866975865471877e-05 0.0 2.1698045449225114e-07 1.3730364805451103e-07 7.435388049518659e-07 5.369316249100257e-07 0.0002625781817608274 1.646210684372056e-07 4.0208224058801743e-05 1.2880447902507737e-06 0.00039534175268972626 8.292637472843007e-07 4.42695985925487e-06 8.051864774801282e-05 4.515917755341309e-05 7.048682412303176e-06 1.162394684379108e-05 2.666726119849372e-07 6.0531369536870685e-06 0.001743769791151901 4.847132620963268e-06 0.00035959909730536174 0.0007013702969947082 0.0001756323272577904 0.0034590994741644575 5.91150204474525e-06 1.2676175992514101e-06 1.4100601378591919e-06 9.465204430543039e-06 0.0 0.0 8.513187009354194e-06 9.640049306275908e-08 3.096160654221996e-05 6.684476747891713e-05 3.790537755835756e-05 8.029957435785466e-06 1.2646231289014192e-05 1.4322376868499622e-07 3.106711324021307e-05 5.021217125260275e-07 9.349732929938604e-08 1.6400932799114808e-05 3.7113363330217185e-05 5.164661772481961e-07 0.0 1.0769921646734226e-07 9.021048360288543e-08 1.3760913183502043e-07 1.072513651428321e-06 0.0 6.849437632626285e-06 7.679250799846119e-08 2.312379364256145e-05 1.3314474583051919e-07 0.0 3.8650082307573345e-06 1.0857626170633293e-05 1.4134710636003057e-06 1.2747905601224935e-05 0.0 2.418220087248072e-07 2.721485266094065e-06 2.2936434376968357e-06 2.576713706329497e-06 9.445418594909969e-05 0.00017134638537182954 0.0006161161391177117 9.944764117191262e-07 1.9131629698429454e-07 2.2770554943954138e-07 5.835625493713996e-07 0.0 0.0 6.760812761716031e-06 0.0 6.869437779132064e-06 9.933038048713512e-06 1.197344212421886e-05 1.5928324561210855e-06 1.1049470154857971e-07 0.0 6.096500415880325e-07 0.0
1.581886868249076e-05 3.866975865471877e-05 0.0 3.180331997565334e-06 4.888530696065395e-08 0.00013344364033695703 0.0008588075643478557 0.00024411278284162922 1.9952246142758237e-06 6.936918842107512e-05 3.577729555233662e-06 4.552380480917163e-07 3.0985422669190632e-06 0.0001777498182392249 1.3884898703745022e-07 4.560771523954575e-06 0.003223954821551249 1.2987501260451967e-06 3.213680171641593e-05 7.881342558633539e-07 0.00041281668649507697 1.340445258416405e-05 0.005231404682429589 3.204578209629415e-05 5.024825345905463e-07 0.005292033584774467 0.004424941715419382 0.0004616211601930612 1.864456540167657e-05 0.00022904404632367132 1.5730048976683057e-06 1.2058957364829258e-06 2.273379568198199e-06 7.840517257314381e-05 3.575269074012397e-06 0.0003555839134616757 0.0017874154325297827 0.0003594609142444898 9.684242239592632e-05 5.097650045152523e-06 9.169054737796055e-07 9.9436309716973e-07 1.3341511400524937e-06 4.2854801245249643e-07 0.00015505314958229509 0.000663365899973569 0.0 0.0 0.0 1.747113179392662e-06 1.2070429182526145e-06 1.9925309267997975e-06 4.306251479151722e-07 1.297163006499631e-06 9.557373308806658e-08 1.6452928725123958e-06 9.029199999594705e-07 0.0 9.348246018090432e-06 0.0001611903569537966 8.810645852763451e-07 3.456535613328288e-05 0.0 5.187357504861161e-06 3.2759958898960936e-05 5.441213748517048e-05 1.3814129138325849e-05 2.0599211747944507e-06 0.0005120223055869545 0.0015562998251303064 7.747438014841378e-06 1.5212807588859383e-06 4.016993585920913e-06 0.0 1.3791407773626842e-07 6.46658302108257e-08 3.724512556419117e-05 1.7588854342969913e-07 7.281845344053639e-05 0.0005745888077927292 5.9958318283350153e-05 1.5303047307782124e-05 1.6699744590796197e-06 5.733108712290127e-07 9.489682698749463e-06 1.0115219360271973e-06
1.914525852665934e-05 0.0 3.180331997565334e-06 0.0 6.086168032118762e-07 4.292810360501078e-05 0.00010398492115925579 5.6082054608693845e-05 0.0007260119345454246 0.0031260987968802873 3.4915818912167094e-06 0.0018413203290919273 1.2661170110320187e-06 8.661019445014061e-05 1.8700501265590394e-05 1.460119528462593e-07 2.361563682648696e-07 1.4791625069577583e-06 1.6818110815205593e-06 0.00315159166038969 2.08222577798575e-07 8.834514126337513e-07 1.2384763687181733e-06 0.001213893134251902 3.5663462700901994e-07 1.0566716576750607e-06 2.2914462562840075e-06 0.002116562581350432 9.926856947878902e-05 2.240028953890291e-06 8.220622321434278e-08 4.674163943239007e-06 5.179884467478143e-08 4.316781282399687e-05 5.975480180500416e-06 0.00020037155687815375 3.294571991960874e-06 0.0001497551145681264 3.508207417645022e-05 7.794781513838247e-05 2.6219977728148773e-05 2.8116322166641937e-07 7.867407772023803e-06 2.0615102678823065e-06 0.0 0.0 0.0001222372612700165 1.7190649669784917e-07 3.452244655022136e-05 3.6626811786645187e-05 3.134266538056963e-05 5.964767090148143e-05 6.304861256729535e-05 3.731906930542156e-07 5.9025449743546066e-05 5.119896296353951e-08 1.1959214292286527e-05 2.4644565168211668e-06 0.0 2.8665203431917706e-07 0.0 5.592734485552136e-08 6.811816611746005e-05 1.0769145676799787e-07 0.0 1.498702161580888e-07 0.0001313906214503243 0.0 2.91389160704151e-07 6.596817749144126e-07 0.00017024464599931898 8.806692384822353e-06 5.26144839957448e-07 0.0 0.0 2.091626720976367e-07 1.832382945355145e-06 2.1610538030390374e-07 3.8826970270220645e-05 1.0931408820979895e-07 5.69459173208168e-06 1.4519000451795948e-06 5.237575688101008e-05 5.221338663953204e-07 2.3788469693652724e-07 0.0
1.1608069632788681e-07 2.1698045449225114e-07 4.888530696065395e-08 6.086168032118762e-07 0.0 8.615750549492352e-05 3.158692758930355e-07 4.1133751029197295e-06 7.357415280966935e-05 1.7157736600481173e-06 6.429294541287141e-07 5.904336331797215e-05 0.0 7.321471431299061e-07 0.0003763031050836787 0.0 0.0 9.068440269209933e-08 7.409493276277386e-08 1.5993852967827191e-06 0.0 1.4988196090996086e-06 0.0 7.092398750976863e-06 0.0 0.0 2.6503871671860364e-07 3.241374491141729e-07 5.845588504317281e-05 1.4448349378014064e-07 0.0 5.306418656620284e-05 0.0 6.209481301368875e-05 0.0 1.185708990960382e-05 0.0 2.718004408929981e-05 3.8203212296315636e-07 0.0006362412571278373 5.1844770419756156e-05 0.0 0.0 0.0 0.0 0.0 3.50171011024863e-07 0.0 0.0 0.0 0.0 1.7693218739656635e-07 0.0 0.0 0.0 0.0 0.0 0.0 0.0 0.0 0.0 0.0 0.0 0.0 6.824577264484561e-08 0.0 3.0588510962830134e-07 0.0 0.0 0.0 0.0 0.0 0.0 0.0 0.0 0.0 0.0 0.0 0.0 0.0 0.0 0.0 0.0 0.0 0.0 0.0
1.6184220687049072e-05 1.3730364805451103e-07 0.00013344364033695703 4.292810360501078e-05 8.615750549492352e-05 0.0 0.0011203341143104745 0.0026804761551861493 6.784487879683344e-05 0.004455166603265957 2.383176598224072e-05 0.0016843451666877193 5.454496236686024e-06 0.0003400650224637153 0.0008979628319383882 7.186359601684742e-08 4.368617296904427e-05 6.875645947949499e-06 8.533758640710209e-06 0.00011552025753622685 4.8485734215297595e-06 2.0601206805404892e-07 3.237216625917313e-05 0.00017614192517169508 2.3079135010611724e-06 4.7087849571724e-05 2.0668999956606277e-05 0.00025554432539316 0.00018849548523710067 6.99244071933782e-05 9.092419124432149e-07 0.0002501430439346869 0.0 0.00020631411397530416 1.7843039154523109e-06 0.0001106294562817344 1.0746265416238978e-05 0.00016922435471909136 1.7861888437159254e-05 0.0009006650344781712 8.79115278837184e-05 1.7344747648577437e-06 2.5082388722641984e-06 1.379193813839855e-06 4.1796832683552997e-07 2.344079672047755e-06 1.2801359448972069e-05 0.0 3.9691984494832355e-06 3.591198625412923e-05 1.3390303243053937e-05 1.7496002915698573e-05 1.2969596307914069e-05 5.346758107027118e-07 5.7736791850037215e-06 4.864326920302041e-08 9.45199311526983e-06 1.8434857739237312e-07 1.0711129030918295e-06 2.630694853727538e-07 0.0 8.679145407789975e-08 5.888895378843739e-06 1.2598388407882078e-07 4.2413416336859786e-07 1.3981978791434559e-06 7.22573484735462e-05 4.8608524575731764e-08 1.2025097904875095e-06 8.476183649072237e-06 7.138010749396432e-05 7.876889594653354e-06 3.804319685464898e-06 0.0 0.0 2.386133018560063e-07 4.7296205171809907e-07 0.0 1.07792395308839e-05 1.6156694134463558e-06 7.380063548665316e-06 1.6985342025813552e-06 6.1500190227085305e-06 0.0 3.640251988002803e-07 3.850472288928103e-07
0.0013930169342549243 7.435388049518659e-07 0.0008588075643478557 0.00010398492115925579 3.158692758930355e-07 0.0011203341143104745 0.0 0.0019569567022688365 0.00013947570132233556 0.0018282254801369028 1.109631135847059e-05 1.178300510558214e-05 7.388774167128884e-07 0.004496330558317761 5.462013253608646e-06 4.014056080939698e-06 0.00021740420938746056 4.381193951430654e-06 1.2676623262849905e-05 1.3541882639777479e-05 0.00013379098549645233 2.586017249668863e-06 0.000472873880417831 0.0016665392975154219 1.1559068001527763e-06 0.00011549111534067495 0.0001978137498453866 0.013039630340865048 0.0005220900013666483 0.0032350811316344905 4.141108742975871e-07 7.356098939333537e-06 4.093736589252354e-06 8.451792412894304e-05 1.121761514718612e-05 0.0005247671022935086 6.670969649253171e-05 0.00023433722484576399 7.772902439191106e-05 3.711908341117737e-05 1.881343077649049e-05 2.8531177366962415e-07 6.86370871637922e-06 6.633456067382357e-06 1.0712733769964667e-06 1.3055189018958083e-05 1.4694850584318395e-05 0.0 1.2981344678606195e-05 5.506966502595807e-05 2.9372850008581814e-05 4.806653934972635e-05 1.0227582666239586e-05 2.630402184129432e-07 5.547801950453537e-06 9.509324079787899e-08 2.8680965002833904e-05 2.1055150008049693e-07 1.254274500395165e-05 1.112181669526164e-06 3.1942674604791443e-07 5.712503665184997e-07 8.04518651414288e-06 3.8842624692423975e-06 4.9875341292537945e-06 2.1825756609947033e-05 0.00018892014342933967 1.834749190920815e-07 4.081825640598478e-06 7.719198706977123e-05 0.00015351982870858767 2.3284519080898144e-05 1.1435034958070047e-05 0.0 7.879942253256443e-08 1.2004430803905175e-06 5.498754801160121e-06 8.799093630026972e-07 4.668895630629958e-05 6.142596565751052e-06 1.755337892364979e-05 3.7703128663680917e-06 1.3673144806215658e-05 2.7322347752228297e-06 1.0111237867239365e-07 1.062888926935001e-06
0.00022199572021287385 5.369316249100257e-07 0.00024411278284162922 5.6082054608693845e-05 4.1133751029197295e-06 0.0026804761551861493 0.0019569567022688365 0.0 3.594655302135712e-05 0.0014990044598743016 5.224955932241718e-05 0.0009051217370376009 1.9838626425980933e-06 0.0035347938642326005 0.0001858912023552092 5.860398076796261e-07 0.00033830502200570944 1.1860506111307687e-05 6.910514228538849e-05 0.0001526131083701668 1.4201145317759896e-05 1.3189913413349425e-06 0.0001432762225123666 0.00014342208651282103 1.4890761398493492e-06 0.00013507098428530188 6.504611438438915e-05 0.00017214702651492843 0.00020297657569356967 0.0007427311528531745 8.951566620200928e-07 0.0001021801143265231 6.002598443176596e-07 0.0002497422927690363 1.6005554214759024e-06 0.00011297547639672251 2.7322849387919446e-05 0.00012123350157639517 1.6327533510346776e-05 0.00035869810965642377 6.371813602979518e-05 6.593861390703802e-07 1.455877365692935e-06 4.420311359139596e-06 1.2674310026076444e-06 4.404011521372547e-06 4.022098285546135e-06 0.0 3.5584197925798448e-06 1.686855906878501e-05 7.826327967199626e-06 1.3697481145486974e-05 5.098584270239644e-06 8.062708642981479e-07 4.751535853986831e-06 1.6493367120793916e-07 1.410223693495597e-05 3.389013647403511e-07 1.59911623850219e-06 6.504634617080083e-07 5.405774773285378e-08 5.367471718733164e-07 2.52619146666668e-06 1.3899416183659606e-06 1.9273758360758251e-07 1.5105051626129968e-06 7.018480740941139e-05 2.9919007900192323e-07 5.018675625975264e-06 1.1449635473095604e-05 5.780113146834099e-05 1.4142076504898238e-05 5.708593017970101e-06 0.0 0.0 8.60458624567468e-07 3.251809859006873e-06 6.415948768063572e-07 1.673661238177432e-05 2.8331513342041228e-06 3.836559602828016e-06 2.8764831129358868e-06 5.11510996192655e-06 3.1675460340480302e-06 7.265205582413376e-08 0.0
1.690795079887225e-05 0.0002625781817608274 1.9952246142758237e-06 0.0007260119345454246 7.357415280966935e-05 6.784487879683344e-05 0.00013947570132233556 3.594655302135712e-05 0.0 0.0002478571270712775 3.452240168080798e-06 0.000540557246969708 9.920930967923965e-06 3.957305978168488e-05 0.0006114001511345905 1.1660455189042792e-05 9.008032354512136e-07 8.416552277783089e-07 1.6707999178610992e-06 0.0006662328419864168 5.138986671504032e-06 0.001383781094798577 2.031651668569161e-06 0.005451036344058273 5.346777760977125e-05 8.717601848896559e-06 0.00012412146026427278 0.0006784070769819719 7.177837747597458e-05 3.424984333687033e-05 4.79554292035629e-07 2.348557999408112e-06 1.0304150870676061e-05 1.834349793025768e-05 3.7079409646472412e-06 0.00016880793366325363 5.875987467023901e-06 5.49814276495957e-05 2.5872584717174157e-05 0.00037773490043998105 6.176011966824996e-06 1.1732423283926142e-06 4.273334035623985e-06 1.62435656613615e-05 2.8531124884184485e-06 2.5678395488404977e-07 9.783134698797421e-05 8.316361665964923e-08 3.045134373835829e-05 6.5681603465435e-05 4.725512709531836e-05 3.306051141822196e-05 3.7890341135695584e-05 1.5029285557871996e-06 7.228007046708938e-05 3.501301322009978e-07 4.913133318793052e-05 9.633861606532861e-06 1.2919675440995442e-05 1.1727071859874718e-07 2.664739605177256e-07 3.2548210376269195e-07 6.4531411913239e-05 8.491345235447337e-06 5.288065176849298e-06 1.0443278605730732e-06 0.0008159941672169844 1.5186927449098014e-06 9.635503831017755e-07 3.21687551062875e-06 0.0003364211436982328 6.0201932406899054e-05 3.7569982292347627e-05 0.0 9.205238785358093e-08 3.3327571678999575e-06 7.1243881866689435e-06 1.9185040278536e-06 8.811155457373158e-05 1.5731309196152528e-06 3.632298813488109e-05 7.581935310879834e-06 8.915905111662845e-05 3.5090921550715997e-06 7.401695608985149e-08 7.789167336558637e-07
6.421971398593785e-05 1.646210684372056e-07 6.936918842107512e-05 0.0031260987968802873 1.7157736600481173e-06 0.004455166603265957 0.0018282254801369028 0.0014990044598743016 0.0002478571270712775 0.0 3.684795295079395e-05 0.002896438065153164 3.4605092944556264e-06 0.0006623879828611032 1.23767982331999e-05 3.772366248133386e-07 1.3710481983859214e-05 1.53462214167004e-05 1.2581472342411234e-05 0.0021320617462137975 4.024871594972824e-06 2.962494970349329e-07 1.7510298188198295e-05 0.0005294018558944559 4.911090922420672e-06 1.8798133442836796e-05 2.425007208340992e-05 0.003423024873182951 0.00047882126143569974 3.525841002185568e-05 1.59086162695743e-06 4.102157353282954e-05 4.774772396278391e-08 0.0002585612285989059 2.1439173866277796e-05 0.0004901879675523965 2.028515004299431e-05 0.0007617567741625499 8.692141532204184e-05 0.00010262837617551456 0.00011358175096514076 1.6687838475145685e-06 2.858865669123676e-05 2.721590164415019e-06 3.5624158360374745e-07 1.4905039007987467e-06 7.043672803403375e-05 0.0 4.0653453886351754e-05 4.821909779942295e-05 3.001567146762883e-05 5.860439792892475e-05 2.9969485507741426e-05 4.160059415852791e-07 5.475085922987748e-05 2.6733457920092324e-07 1.179271358104045e-05 2.060447386821856e-06 9.654350210687892e-07 0.0 4.576024822698732e-08 9.384602535055634e-08 5.1195111486998365e-05 5.616411693338574e-07 4.238894441246465e-07 1.4410659070770425e-06 0.00014970844731703985 0.0 9.416758143799526e-07 6.15895395659907e-06 0.0001930725098072816 9.624475985191206e-06 3.800976492960773e-06 0.0 1.4400845542746374e-07 5.418472283349144e-08 2.6551274180167195e-06 3.332100563656607e-07 3.546582726388515e-05 1.1131653478653756e-06 1.616191907778866e-05 2.360204358925321e-06 3.703739753473348e-05 1.2548554250264387e-06 8.746199651311031e-07 4.959551799139154e-07
6.016488829435305e-05 4.0208224058801743e-05 3.577729555233662e-06 3.4915818912167094e-06 6.429294541287141e-07 2.383176598224072e-05 1.109631135847059e-05 5.224955932241718e-05 3.452240168080798e-06 3.684795295079395e-05 0.0 5.672393246931658e-05 0.0020327652685907045 0.00011118481468907573 1.7428105566210274e-06 3.186703098316533e-07 0.0001390946184653039 0.0022691633027013386 0.0005528428522235095 1.4594732683097883e-05 2.0609192793718526e-05 7.879813526093211e-06 3.3095219125636304e-05 6.989063724681613e-06 0.0009085145891278609 0.001094217529612571 0.0013158911261725555 7.637476509840614e-06 0.00020565214698475284 6.56571429472442e-05 0.0006577845725584976 8.38527926167222e-06 1.70929539239108e-05 0.002807284965366028 1.484702168184691e-05 0.000629618548157037 0.0039168630309404885 0.004778000577133085 0.0010398642825620978 8.856360325883295e-06 1.477513750008333e-05 0.0008375358145021256 6.186149155784595e-06 4.51023862953639e-08 5.78228751544275e-06 6.182292869970053e-07 5.993100721468873e-07 0.0 0.0 0.0 0.0 2.0373618620429186e-07 0.0 0.00018678498297178888 4.670131545471299e-08 0.0005421406586920459 6.049376180991365e-08 0.0 3.9252375062604414e-07 2.955176806598638e-07 8.832076348367072e-05 5.089366305072762e-06 0.0 1.0616657697196416e-07 0.0 1.347046471034614e-07 1.5807841505058293e-06 8.509389828955982e-05 0.00016735331113428256 0.00018110688727288984 2.535107210923572e-06 4.4645913873692225e-07 4.1458511769635566e-07 1.1459325767443886e-05 0.0 0.0 5.642204396080013e-06 1.9356986870968788e-07 2.0108350256950933e-05 0.0003319994519668887 1.5394598752068602e-05 3.3475572756814364e-06 0.0 0.0 4.08113500520886e-05 0.0
2.6503427763269937e-06 1.2880447902507737e-06 4.552380480917163e-07 0.0018413203290919273 5.904336331797215e-05 0.0016843451666877193 1.178300510558214e-05 0.0009051217370376009 0.000540557246969708 0.002896438065153164 5.672393246931658e-05 0.0 1.0085102096404026e-05 0.00036820856438412653 0.0007698416764553049 0.0 6.067843474432061e-07 1.9903765431741992e-05 1.1907348204794086e-05 0.002804166397644593 0.0 6.726538280451783e-06 2.2803982953550766e-07 0.00037724259590791656 6.564004800527896e-06 8.962688974577702e-06 1.0274044973462503e-05 0.0005448935875215264 0.0003278611716877163 1.8917687826714617e-06 1.8256131930163753e-06 0.00011190388047014398 7.516180045775022e-08 0.0004432321243525062 3.579698656064691e-06 0.0005391673603494968 9.701772790592165e-06 0.0005676214352397163 2.0331603162764847e-05 0.0006898824424276399 6.948290625335766e-05 1.867648097389008e-06 8.377534500342333e-06 3.1731290428064375e-07 2.857011824348877e-07 1.3469981410009811e-07 7.12946258193928e-05 0.0 2.2949524886932458e-05 1.2152009535759933e-05 1.1276778429048048e-05 1.1440095401306042e-05 5.922112993012286e-05 7.895764604529176e-07 0.00020298448586859237 5.221852892347065e-08 6.170762443208643e-06 3.5784164230954546e-06 6.943364735365505e-08 0.0 1.028910109199743e-07 4.355205610927866e-08 7.172068399269934e-05 0.0 0.0 0.0 2.5904236151120375e-05 0.0 3.4598827204860383e-07 4.215946771758225e-07 4.24612194544765e-05 5.131001925058692e-06 3.9900623588928975e-07 0.0 5.3626926219458267e-08 8.077756843617277e-08 1.77994188866225e-06 2.0337816032093327e-07 2.1997122098982796e-05 5.587162689203336e-08 6.39293832490153e-06 5.272736468223695e-07 3.544103388939643e-05 1.037965939364269e-07 1.81904770428211e-07 0.0
4.468473886887771e-08 0.00039534175268972626 3.0985422669190632e-06 1.2661170110320187e-06 0.0 5.454496236686024e-06 7.388774167128884e-07 1.9838626425980933e-06 9.920930967923965e-06 3.4605092944556264e-06 0.0020327652685907045 1.0085102096404026e-05 0.0 2.5596302654884924e-06 6.284021183676642e-07 2.104019886298061e-06 1.7035059273791784e-06 2.1543161996646204e-05 5.84735059321808e-06 1.5615144321720233e-06 2.608632968552938e-06 5.795858814717135e-05 8.174296062069537e-06 1.664709508215955e-05 0.0032170477104080703 0.00023354576035395868 0.0018210635016746902 3.622166054913422e-06 1.4357125332133e-06 4.609914384116557e-06 0.0004103026620471425 2.1595141869332396e-06 0.0 0.00029521009373189243 8.324990838038838e-05 0.0007443551392326102 0.0037409141960983664 0.002211251824946575 0.0001861482836189 4.083417357825231e-05 8.56431240388176e-05 0.0012269668179130883 1.0399018720288449e-05 6.724691503647775e-08 1.1427475088781267e-05 0.0 1.824497686798189e-07 0.0 1.4625778739867907e-07 0.0 7.359006979605214e-07 2.560019891778457e-07 0.0 0.0002584478917117003 0.0 0.0008922544175952073 2.289928724867883e-07 0.0 6.832830784450823e-07 9.561945282528416e-08 7.923146999935646e-05 2.4191830770106938e-06 0.0 1.6881674420069998e-07 4.621710942462513e-07 5.308861823666322e-07 1.2698635734322365e-06 0.00021780209761362005 0.00013661916496347885 0.00019123943868100645 7.016722844730088e-07 2.0211167614007047e-07 0.0 1.5671134511439452e-05 1.0656544608423672e-07 0.0 2.8845469837935724e-05 4.461802633688742e-06 0.00014965123510123372 0.0003760951860398483 3.376410686230908e-05 2.3016897483786352e-05 1.4686195157804032e-06 1.1077900190357822e-05 0.00023457735556829627 6.876635750597802e-07
0.002994276355031274 8.292637472843007e-07 0.0001777498182392249 8.661019445014061e-05 7.321471431299061e-07 0.0003400650224637153 0.004496330558317761 0.0035347938642326005 3.957305978168488e-05 0.0006623879828611032 0.00011118481468907573 0.00036820856438412653 2.5596302654884924e-06 0.0 1.8863304535468802e-05 6.873800059041781e-07 0.0003682231782057313 2.6052707904928836e-05 0.00010152813044229796 0.0001324365427445918 2.0317690824704277e-05 7.765635791222172e-07 0.00015552120036921736 0.00018579249464487467 4.859868597304214e-06 0.0001230107941723954 7.296326092351661e-05 0.00031211253635050353 0.002434089511837117 0.0014763752698535625 1.811493229605921e-06 0.00014608964015991403 3.0137158004778407e-06 0.0006383759203100781 3.2264629830282244e-06 0.00022133206924495995 3.265249099035096e-05 0.00039600919897919094 5.2396205425025126e-05 0.0001253458163769109 6.736334578739745e-05 1.0437329384250207e-06 4.0065125418234915e-06 4.587716597418577e-06 8.523738760844515e-07 2.8706430493054666e-06 2.4780680379948144e-06 0.0 2.9772103819221134e-06 9.053573990414321e-06 8.22636040157474e-06 1.101577070211909e-05 1.0804529945360082e-06 5.7091161332367576e-08 1.4276451629764198e-06 3.217702780797742e-07 1.3381012130262499e-05 1.2484988430603026e-07 2.0731391660984935e-06 9.916975653000404e-07 0.0 2.1306770717523916e-07 8.512373648901101e-07 2.86754199343384e-06 2.4982190279934575e-07 9.920024835163263e-07 7.57317154243075e-05 5.694682776056659e-07 4.106960687068012e-06 9.542414111368638e-06 5.729759556445191e-05 1.3931809894941531e-05 1.165078764382327e-05 5.506244291320551e-08 0.0 1.7814085469832336e-06 2.6555442981742594e-06 5.919036961973295e-07 2.8036112634300735e-05 3.862963281040461e-06 1.1737836975412052e-05 1.4973492528587034e-06 2.216223011030633e-06 9.732769922101877e-07 1.4999737714347122e-07 2.942680249808921e-07
5.913009312950467e-07 4.42695985925487e-06 1.3884898703745022e-07 1.8700501265590394e-05 0.0003763031050836787 0.0008979628319383882 5.462013253608646e-06 0.0001858912023552092 0.0006114001511345905 1.23767982331999e-05 1.7428105566210274e-06 0.0007698416764553049 6.284021183676642e-07 1.8863304535468802e-05 0.0 0.0 1.2706879841401546e-07 4.163117061704029e-07 5.671051288007438e-08 4.948497618585765e-05 6.07455604941435e-08 2.2459508764163024e-05 6.375354743357322e-08 0.0002498329029404353 1.0527137107026164e-06 4.834861419764092e-07 1.61951010867231e-06 1.3004778519756824e-05 1.2811729622706738e-05 3.1597349790991775e-07 5.506600240831759e-08 0.00016481786626569767 6.313490718309051e-08 2.0659600805228203e-05 0.0 0.00015610518446959487 2.4186620578911583e-07 6.210999913289517e-06 4.320946973371857e-07 0.0006359833223051283 1.6131169030609654e-05 4.10539320407048e-07 0.0 0.0 0.0 0.0 1.7690175608635464e-06 0.0 2.255950797006403e-06 9.59053340707118e-07 2.3327561864221756e-06 1.4436740915254812e-06 2.791536414659767e-07 0.0 6.138169605860156e-07 1.3523532827472953e-07 2.323322800611109e-07 1.0210135670432817e-07 1.427525706320458e-07 0.0 0.0 0.0 1.5588870304049736e-06 9.496688663138866e-08 8.704243803324837e-08 0.0 2.5692649565681262e-06 2.3854826592531365e-07 0.0 0.0 7.505671886234835e-06 0.0 6.639920941054788e-08 0.0 0.0 0.0 0.0 0.0 5.201501486953633e-06 0.0 0.0 0.0 6.548251104005887e-06 0.0 0.0 1.6339422516690785e-07
1.3255860970290182e-06 8.051864774801282e-05 4.560771523954575e-06 1.460119528462593e-07 0.0 7.186359601684742e-08 4.014056080939698e-06 5.860398076796261e-07 1.1660455189042792e-05 3.772366248133386e-07 3.186703098316533e-07 0.0 2.104019886298061e-06 6.873800059041781e-07 0.0 0.0 1.0016271645047063e-05 6.741367540498226e-07 8.738215229175246e-07 7.10963428904401e-08 0.0012909680690057841 0.0013434606375254438 0.0020399951307082365 0.0019352316902448196 1.0976288802110667e-05 4.054718970011383e-06 0.0013994275898639164 0.0010134760722108056 9.551811862678643e-06 7.083871308482254e-05 2.720305736423796e-07 7.041407468733136e-08 8.49521575133234e-06 2.8903445395378637e-05 1.736416664027126e-05 0.0011269338284287014 0.0004920762206612957 0.00025367804723469984 0.00026523809339734937 2.994723152057062e-05 1.1231284696040081e-06 9.335892030944942e-08 1.0575506560090191e-05 5.6224066029163615e-06 3.5201735594346055e-06 1.1033831663372758e-05 0.0 0.0 1.9570916482200456e-07 5.0094536425338995e-06 1.9401165900502105e-06 1.1709440047171742e-05 1.533469253238687e-07 1.1832976726946064e-07 0.0 0.0 1.0045327119433063e-05 8.434627868561676e-08 0.002232881657046201 6.7619786189700805e-06 0.0 1.7161054920024452e-06 0.0 0.0003781948291195416 0.0005157050282880915 0.001050942297340513 0.00023210185507322568 8.461117631185906e-08 5.199205992285808e-06 0.0003131872507586598 7.62547794737855e-05 3.112702356913415e-05 3.821321596465859e-05 0.0 0.0 6.101374444402304e-06 5.778009670712091e-06 1.5416804073031236e-06 0.00023710183668174158 9.953489721129255e-06 1.7290592042413967e-05 1.1479666814706545e-05 1.5973771799302665e-06 5.759952842427745e-08 7.138675023165247e-08 6.996829933947049e-07
0.00016216251127333846 4.515917755341309e-05 0.003223954821551249 2.361563682648696e-07 0.0 4.368617296904427e-05 0.00021740420938746056 0.00033830502200570944 9.008032354512136e-07 1.3710481983859214e-05 0.0001390946184653039 6.067843474432061e-07 1.7035059273791784e-06 0.0003682231782057313 1.2706879841401546e-07 1.0016271645047063e-05 0.0 3.7440478664807126e-05 0.0007974531680031258 3.601025185144083e-07 0.0004106318157503384 1.7047755348192524e-05 0.00099074674329969 1.598264368266979e-05 1.246388434228318e-06 0.0008437222564184731 0.00455374527283185 8.250784057238653e-05 0.0002232894453561644 0.0014434289990763777 1.287293321507691e-06 1.9582465975990684e-06 2.2246176080261652e-05 0.0017974391414669719 7.558322423170072e-06 0.00051698263566179 0.0009464185763197427 0.0010401487364025252 0.00022838552344522047 1.1749002985018881e-05 2.122089584134737e-06 7.241911455400888e-07 5.968133105739424e-06 0.0 7.701213748458578e-05 0.0001273669572677335 0.0 0.0 5.526858988612427e-07 7.204222453305462e-07 6.438639797954227e-08 2.1898168965415325e-07 1.0213489505827326e-07 1.140204348495397e-06 0.0 1.92469260560544e-06 3.3956994075226193e-07 6.662854372562579e-08 5.273999630209119e-06 5.125649959964015e-05 4.948097343868422e-07 3.479303335309633e-05 0.0 1.1604048827110052e-06 4.550436094847196e-06 7.938548739117963e-06 3.013740803953506e-06 5.269212987292142e-06 0.00028249316116044033 0.00046928820861652363 1.0316705846690557e-06 6.252627465086527e-07 1.0354287035634032e-06 0.0 0.0 5.082918283632191e-08 1.8572698914558692e-05 2.470152923183857e-07 2.678210531039969e-05 0.00020797118420861894 2.3122799147312093e-05 4.060430705933022e-06 5.460985390070112e-07 1.3066089296434812e-06 2.6512794851507045e-06 0.0
1.2188435557799689e-05 7.048682412303176e-06 1.2987501260451967e-06 1.4791625069577583e-06 9.068440269209933e-08 6.875645947949499e-06 4.381193951430654e-06 1.1860506111307687e-05 8.416552277783089e-07 1.53462214167004e-05 0.0022691633027013386 1.9903765431741992e-05 2.1543161996646204e-05 2.6052707904928836e-05 4.163117061704029e-07 6.741367540498226e-07 3.7440478664807126e-05 0.0 0.00025669558067674023 5.042496036205056e-06 2.4919768521552187e-06 2.6775959873728605e-06 5.5410051617718905e-06 2.090754601168963e-06 4.313261551989484e-05 0.0012635622589398869 0.0004765848636869055 3.2254544554581355e-06 4.299686805541838e-05 1.2014563697740677e-05 2.2913080185453355e-05 2.091548273659091e-06 3.1406620019702063e-06 0.0006000302626730412 3.870575063587955e-06 0.00035672983291970306 0.0006971014444346197 0.0011189462427323113 0.00022011645361099435 2.4037541567327008e-06 2.318590610059357e-06 1.072727824667218e-05 1.2934856248644146e-06 0.0 2.2260334778888914e-06 7.313867835590326e-08 0.0 0.0 3.641854551802161e-07 2.744344074764329e-07 4.673023042000693e-08 1.1747900047773434e-07 0.0 5.194764519937842e-05 0.0 0.0001254635352319893 0.0 0.0 7.168807335787528e-08 1.255021617853222e-07 7.321528398645333e-05 5.152343862796925e-06 0.0 0.0 5.3918144334557295e-08 1.2088982338898936e-07 8.231288981336811e-07 2.0195111427635415e-05 0.0001695058702496965 0.0001697277996917228 5.626602013695219e-07 0.0 4.1969979181788075e-08 8.784089863755154e-06 0.0 0.0 1.5714255734170352e-07 9.314164081781781e-08 2.5137240542319417e-06 9.71627343884086e-05 9.40930270218734e-07 9.157140039807331e-07 8.15655678820912e-07 0.0 7.917882120657384e-07 0.0
5.886905618307585e-05 1.162394684379108e-05 3.213680171641593e-05 1.6818110815205593e-06 7.409493276277386e-08 8.533758640710209e-06 1.2676623262849905e-05 6.910514228538849e-05 1.6707999178610992e-06 1.2581472342411234e-05 0.0005528428522235095 1.1907348204794086e-05 5.84735059321808e-06 0.00010152813044229796 5.671051288007438e-08 8.738215229175246e-07 0.0007974531680031258 0.00025669558067674023 0.0 2.4487540335238308e-06 1.775411846188408e-05 5.159909051553401e-06 3.41989375497442e-05 5.684141517166925e-06 3.503208756565688e-06 0.0022064944049703184 0.0015719251026148017 6.4363975533332785e-06 0.00012954715304278172 8.176618445954439e-05 1.0758927813860967e-05 2.339525701461271e-06 1.249030292291516e-05 0.0020570692182639346 6.894019450671492e-06 0.0008103465688846168 0.0006365741958834401 0.0021322908501959247 0.0003959214911390289 4.97918113721913e-06 7.724515633588409e-07 9.39921038659612e-07 2.272989079719418e-06 4.022971987351367e-07 7.563019854856553e-05 3.4531660797693347e-06 0.0 0.0 7.169459118892501e-08 1.2290015899339475e-07 1.5467869855507657e-07 3.796643270396158e-07 0.0 1.212765018633021e-05 0.0 2.283974330649962e-05 3.4428588814131885e-07 0.0 1.4815206368745724e-07 9.900946495061662e-06 2.4383805897996527e-05 4.321559167772191e-05 0.0 1.3617738425109747e-07 9.514270512395452e-07 7.131590006344396e-07 8.891463477384617e-07 1.4607758815637884e-05 0.0004127888785802228 0.0003856809076146421 5.478297983296441e-07 3.296497465246813e-07 7.284616537558231e-07 1.9315578354681e-06 0.0 0.0 8.649958659224244e-06 2.171279045997725e-07 2.04490270227083e-05 0.00011821636918662396 1.3892420229361452e-05 1.2911623898646829e-06 3.678884295852884e-07 0.0 3.231440889482559e-06 0.0
9.538493149527906e-06 2.666726119849372e-07 7.881342558633539e-07 0.00315159166038969 1.5993852967827191e-06 0.00011552025753622685 1.3541882639777479e-05 0.0001526131083701668 0.0006662328419864168 0.0021320617462137975 1.4594732683097883e-05 0.002804166397644593 1.5615144321720233e-06 0.0001324365427445918 4.948497618585765e-05 7.10963428904401e-08 3.601025185144083e-07 5.042496036205056e-06 2.4487540335238308e-06 0.0 2.883187679054171e-07 7.526677866959407e-07 2.1096558405687642e-07 0.000346555168602856 1.267770143391936e-06 2.6653895571197413e-06 2.6268618549210155e-06 0.0008474736286536958 0.00012025717424716368 1.4393018035020114e-06 4.376160121353114e-07 1.7399059397926496e-05 6.399664117475667e-08 0.0001023877901994899 4.973538483187628e-06 0.0001765594487554364 3.769742401906454e-06 0.00023063697817869342 2.130687155406545e-05 0.00014766529132467345 3.40640341246137e-05 8.022421842253344e-07 7.536228522314437e-06 6.696593165632441e-07 0.0 0.0 7.987277359476782e-05 0.0 3.565782977615713e-05 3.537896743981613e-05 2.8554232821917644e-05 5.2216277780111924e-05 2.2534535287986538e-05 1.7580656825726755e-07 5.42781985566555e-05 4.6149649082261726e-08 8.050593747122665e-06 3.87639062602702e-06 0.0 0.0 4.5753963740617186e-08 0.0 5.6054761254453086e-05 3.959191292835072e-07 0.0 0.0 0.00011492057972868492 0.0 1.0022322470338067e-07 3.5636389181079373e-07 0.00014872480149183816 6.579465016677916e-06 8.586308791973296e-07 0.0 0.0 3.0497488344822473e-07 1.749219024160914e-06 1.2287667423564401e-07 3.200298007721991e-05 6.594142393067928e-07 7.228926749451496e-06 1.1185619260897899e-06 5.428313858217185e-05 7.434511780921954e-07 0.0 0.0
1.0953564225956075e-05 6.0531369536870685e-06 0.00041281668649507697 2.08222577798575e-07 0.0 4.8485734215297595e-06 0.00013379098549645233 1.4201145317759896e-05 5.138986671504032e-06 4.024871594972824e-06 2.0609192793718526e-05 0.0 2.608632968552938e-06 2.0317690824704277e-05 6.07455604941435e-08 0.0012909680690057841 0.0004106318157503384 2.4919768521552187e-06 1.775411846188408e-05 2.883187679054171e-07 0.0 6.894217968459887e-05 0.006626574689589318 0.00011914302149139922 1.6731742355706842e-06 1.9823783220623634e-05 0.0007327450873842285 0.0013581997876400697 7.318543771090327e-05 0.004013559908531707 1.1647068252235745e-07 2.8240077110701544e-07 2.5525424631649688e-05 0.0013999917203898868 8.709413068631896e-05 0.0041490207340688385 0.0007111223148589433 0.003373923701823767 0.0016650880038856042 0.00017065784801981962 5.909007083881334e-06 1.4452725184005202e-06 5.5473980921156126e-05 6.061206412161083e-06 9.244511485928783e-07 6.54223168137176e-06 0.0 0.0 0.0 2.298746294294589e-06 2.864157570111333e-06 7.214329592216329e-06 8.803716662728619e-08 7.035221857227228e-08 3.5126096797813316e-07 0.0 1.1918600812961995e-05 0.0 0.0003629229984612878 4.032908824196094e-06 2.3019478347132302e-07 1.0090517452942652e-06 0.0 0.00019762939878030264 6.270536268207139e-05 0.00012090782512419937 0.00014044906748780832 0.0 4.457451637378534e-06 2.558027742821078e-05 5.709891469976568e-05 3.1651698452305147e-05 2.699404928496804e-05 4.9858540159209275e-08 0.0 6.745196434020385e-06 4.004929219072712e-06 1.800892424317956e-06 8.234860886826365e-05 6.837490381077261e-06 1.2569191123210815e-05 1.0230893791647745e-05 7.470072165390405e-07 8.74653135670553e-07 0.0 4.828164427460408e-07
9.878621381268525e-07 0.001743769791151901 1.340445258416405e-05 8.834514126337513e-07 1.4988196090996086e-06 2.0601206805404892e-07 2.586017249668863e-06 1.3189913413349425e-06 0.001383781094798577 2.962494970349329e-07 7.879813526093211e-06 6.726538280451783e-06 5.795858814717135e-05 7.765635791222172e-07 2.2459508764163024e-05 0.0013434606375254438 1.7047755348192524e-05 2.6775959873728605e-06 5.159909051553401e-06 7.526677866959407e-07 6.894217968459887e-05 0.0 9.389015464998796e-05 0.0035582133795702612 0.000316038968138564 3.846217769173413e-05 0.0028589714591377045 3.83362495928537e-05 2.893244660723915e-06 8.8788356938751e-06 3.4721923444574517e-06 1.0049573173917374e-07 1.5089459336891313e-06 6.162383676474373e-06 2.0377012401268843e-07 2.975653723744718e-05 2.73818335124824e-05 2.0469037812104468e-05 7.1611900597525775e-06 5.946077731276885e-05 0.0 4.025277045196059e-06 1.0185866241759614e-07 2.823045405521593e-06 1.5003616939130166e-05 7.460517613574722e-05 2.3258676339565414e-06 0.0 1.7660401776720916e-07 4.271975443574604e-06 3.3938496605176936e-06 1.9098279084121545e-05 1.7842984891997622e-07 6.986732753712505e-07 5.856899251300854e-08 1.374984434020179e-06 4.4433460820132946e-06 8.489278774515002e-08 0.0007122396387135332 1.4837018507878278e-05 5.268145035928653e-07 2.519564157412307e-06 0.0 8.946842830848639e-05 0.00013719286173539288 0.00028716264251271446 0.00015966556762826362 7.713976300781032e-06 1.776896407978806e-05 0.000774676165140561 4.0997175112008465e-05 1.3528319292415178e-05 1.0094036595245164e-05 1.822921067763204e-07 0.0 1.292999801241548e-06 4.7909864778982e-06 7.186533819195509e-07 4.2072057421549144e-05 8.369422458441799e-06 1.797062702224434e-05 8.98371522069444e-06 8.68682213134829e-07 8.278314618211161e-08 4.898692105411739e-07 0.0
5.616692972552325e-05 4.847132620963268e-06 0.005231404682429589 1.2384763687181733e-06 0.0 3.237216625917313e-05 0.000472873880417831 0.0001432762225123666 2.031651668569161e-06 1.7510298188198295e-05 3.3095219125636304e-05 2.2803982953550766e-07 8.174296062069537e-06 0.00015552120036921736 6.375354743357322e-08 0.0020399951307082365 0.00099074674329969 5.5410051617718905e-06 3.41989375497442e-05 2.1096558405687642e-07 0.006626574689589318 9.389015464998796e-05 0.0 0.00025500113645664756 2.3269137023350795e-06 0.0003079364731124072 0.007931631426090026 0.0026054236693999703 8.845151877207247e-05 0.00229247243330212 3.6252996564353575e-07 5.237249844403957e-07 1.2089576173423482e-05 0.0018853387921420955 0.00010980606136671097 0.005320134602951199 0.0037097146549194934 0.004201549415327507 0.0027673059712223125 0.0002176164243266168 1.06452587664364e-05 2.4088747910310413e-06 6.572713941405498e-05 1.6893126541893936e-06 2.4611205682850945e-05 0.0002472080101705254 2.783453671358997e-07 0.0 2.2352373988700593e-06 1.5927425444610522e-05 2.5465306511268944e-06 1.3245249957161237e-06 1.4394230339730375e-06 5.886463310303459e-07 0.0 8.329930461332245e-08 3.866615536595181e-06 0.0 0.0010505680956203317 2.8522536316853313e-05 5.583588956110789e-08 1.741263944129837e-06 0.0 9.898832294180881e-05 0.00019646098440870025 0.0008569545658548844 5.283204789894586e-05 2.9672410033820726e-07 1.5818018172773684e-05 0.0014272474215438393 3.422345439496765e-05 7.03636448284317e-06 1.2939006971939367e-05 0.0 0.0 1.0386698928025995e-06 9.180232715216447e-06 7.069139886695955e-06 0.0002684559578306401 0.0001411837632333935 3.714278121657552e-05 2.8329995984644865e-05 1.3295306385473704e-06 3.617097986447898e-07 2.6652660149543894e-07 9.920255529996475e-07
