0.0 0.0 2.111661352260567e-05 3.778929344735046e-05 0.0 6.3298957294806465e-06 0.00102063270349245 0.00022141323216214243 4.954108404246601e-07 5.610404300827842e-05 2.3576731707224536e-06 1.6099272556029355e-06 0.0 0.0019426910237732133 0.0 0.0 0.00011690332569945005 1.4559265522029858e-06 1.5672922761876717e-05 1.3250261898744667e-05 4.047877264148518e-05 0.0 5.673029485814387e-05 6.758737720043009e-05 0.0 1.2807279273758654e-05 5.882692569298758e-06 7.400457017504758e-05 0.0010330135436146894 0.0006904437492943932 0.0 3.152561802370605e-07 1.0888831704522466e-05 2.7824225878372816e-05 0.0 7.786621188302658e-06 2.474966077300591e-06 1.7532515035100567e-05 5.087741112778279e-06 2.2502777090465486e-07 4.018679352210242e-07 0.0 4.826409720731515e-08 0.0 0.0 4.016013815369313e-07 8.295974095362995e-08 0.0 0.0 1.3815824804160552e-06 5.169184656165813e-07 3.1620476386747673e-07 0.0 0.0 4.363499024596872e-08 0.0 3.448069393358937e-07 0.0 4.286656273049109e-07 0.0 0.0 0.0 0.0 1.4037155657931458e-06 0.0 8.005745659042148e-07 6.4416603879030295e-06 0.0 1.1048275853960276e-07 7.141784865168682e-07 8.828376141669468e-06 0.0 2.4982166597758894e-07 0.0 0.0 0.0 4.835691796391285e-07 1.3956630699106806e-07 2.3903204231308783e-06 6.665915679635463e-08 6.79131477418775e-07 1.116534988894606e-07 2.5798732048193873e-07 0.0 0.0 0.0
0.0 0.0 6.076093759592145e-06 1.1125515494699458e-07 6.10504102938485e-07 1.3116491278540476e-07 1.5955578964339472e-07 2.593176696227637e-07 0.00031305068476613116 8.752341276724761e-08 4.867403723140047e-05 6.864483212950079e-07 0.00024524774495262615 2.607204188900696e-07 8.454632236762174e-07 0.0001255209977718472 3.370906122274804e-06 1.5491768837333508e-06 3.305604391451663e-06 2.109565656684216e-07 1.8360858150008086e-05 0.001150085621896652 8.773649152183275e-06 0.0005520788565023728 0.001164242839625936 0.00016739286254978581 0.0022954995703611306 9.192944918993382e-06 1.9129475216045472e-07 8.148623094012524e-07 4.8691819315560585e-05 0.0 0.0 5.1256798231644625e-06 7.930950636713637e-08 1.2665347525649649e-05 3.688801444693598e-05 1.7835202669251293e-05 5.898030264243117e-06 2.6587722612960714e-06 2.0786390819036449e-07 5.9421210461365524e-05 5.497099930396248e-08 6.538069483727605e-08 2.251609139223381e-05 4.5540259371904665e-05 0.0 0.0 0.0 3.0745831671993736e-07 0.0 5.451720964222843e-06 7.343899062435111e-08 1.7536720341567765e-06 4.508424825439039e-07 4.2606684634739795e-06 6.583161672949089e-08 0.0 1.2386100661186529e-05 1.0880807415530642e-05 4.5708996025370795e-07 2.2995615167056874e-06 0.0 1.3083325564955473e-06 6.567754535129283e-06 3.580831902920525e-06 1.3424184688759404e-05 1.7230588713236566e-05 5.984308834125142e-05 0.0008373004044275422 1.359271310591381e-06 0.0 3.9611032343910895e-07 1.2208513601580127e-06 0.0 0.0 6.165371369743304e-07 5.16082868711865e-07 5.103811276466186e-06 1.2205036456902067e-05 2.219964523519049e-06 6.623705075293263e-07 6.518936801692732e-08 0.0 1.0307402023621333e-07 0.0
2.111661352260567e-05 6.076093759592145e-06 0.0 1.270797490184199e-07 0.0 1.5017203643526091e-06 0.0002681388564738927 6.310367434424366e-05 5.163154474333334e-07 3.7175807200264513e-06 1.3820596530839924e-05 2.1104677296635587e-07 9.671628704009223e-07 6.409575943976936e-05 0.0 3.960642110141973e-06 0.005061823093709983 3.213685474500143e-05 0.00022276965941533833 4.736059876294246e-07 0.0006700389206134793 7.38665305926723e-05 0.004868351075331658 7.809468007967426e-05 2.1280798626122487e-07 0.0028588369502559347 0.003990447565869856 0.00022214683615902846 6.998574483841068e-05 0.00010648261161431617 8.157901795413851e-07 6.521219901354828e-07 7.8846123911472e-06 0.0002951995125179262 1.260360284894772e-05 0.0006347668695503134 0.0020205939500583317 0.0012925299917064864 0.0004244450758552945 9.57754604478492e-06 3.0790868408779264e-06 3.9999207544729215e-06 3.910534712844961e-06 5.3364148783157665e-08 1.2925723671497202e-05 0.0006596489847981008 0.0 0.0 1.0848886465885948e-07 4.65636656394532e-06 7.978929344871557e-07 5.1213294267674e-06 5.820953106781107e-07 0.0 0.0 1.0994373030282498e-07 2.687606751275154e-07 0.0 7.39625322181403e-05 2.8899233808104583e-05 4.761403899640937e-07 1.021508501834334e-06 0.0 1.3595469951461561e-05 2.4154121808680316e-05 0.00015922828634383753 3.617380872124033e-05 3.618330463575415e-07 3.2496067023924424e-05 0.001466072374394402 1.7396287722370344e-05 7.452259361480697e-07 3.7111960723443382e-06 5.920231302728719e-08 0.0 0.0 1.858392660681453e-06 3.3833048126475905e-06 3.614226117149171e-05 0.00016162336897250907 1.915894587788865e-05 8.973811083095076e-06 8.940799659069099e-07 8.967406323559327e-08 1.7151085225208004e-06 6.516947262515339e-08
3.778929344735046e-05 1.1125515494699458e-07 1.270797490184199e-07 0.0 1.0201702849414595e-05 8.859059572479727e-05 0.00023255068882641893 0.00020382749868574153 0.0004273157157734214 0.0011983103564246846 8.325937895528101e-06 0.0013139149453108626 1.7741523822814747e-06 0.00017742684358261094 4.309808845731308e-05 1.5674914831747941e-07 6.128166827962942e-07 4.663728240893193e-06 3.573795143186423e-06 0.0029171378231062596 2.4470040750574676e-07 1.0120140484380864e-06 4.502310478141197e-07 0.0017439513097313674 1.8200547596049304e-06 3.0628998100671086e-06 1.5479526645704045e-06 0.0014785177666655006 0.0003452788458878072 2.0501217435690146e-06 0.0 3.368044003046835e-06 1.9466922735366736e-05 8.409788609105772e-05 7.399614454984638e-06 0.00033420693766676165 5.610821856078932e-06 0.00016959954766646208 3.897112602246019e-05 0.00022210329547930603 1.4821571708691975e-05 1.6025323390261193e-06 3.4112051614590534e-06 0.0 4.0847621665646393e-07 0.0 7.127926080006318e-05 9.21359412965367e-08 4.371131594015873e-06 3.5518719993948774e-05 8.936920321883984e-06 5.982546457347762e-05 0.00010516844000862943 1.0307942987281822e-06 5.822890932264569e-05 1.277830909084115e-06 3.662731744730948e-06 1.3112945251241197e-06 8.065490151736266e-07 0.0 9.603741170708861e-08 0.0 0.00011849016942702007 5.233842578477679e-07 1.1803031192545598e-06 2.7004827973534817e-06 0.0003271175986459403 0.0 0.0 1.8720148539830817e-06 0.00021017206506065443 2.464531399521735e-06 1.48544677107963e-06 0.0 5.571121610888349e-07 0.0 4.852105946628068e-06 4.077370503282286e-07 9.95247789621353e-05 3.9315992915365476e-07 1.6143906119862927e-05 3.3112838000192247e-06 6.527176937540706e-05 1.983981662318935e-06 1.1376483224374579e-06 9.443395772756743e-08
0.0 6.10504102938485e-07 0.0 1.0201702849414595e-05 0.0 0.0001874414762291552 6.383032335463902e-07 7.073058074529836e-05 0.00015568625368270452 5.278503037697664e-06 6.59128622452901e-05 0.00019693993964507096 1.4715835433558659e-05 2.597812169714351e-06 0.0006878914911543838 0.0 2.870617457025522e-07 5.439518878519936e-06 1.611428291288867e-06 2.0087667938697014e-05 1.6024553263520093e-07 8.691515684357959e-07 0.0 0.00010595788094776733 9.564703801773033e-07 1.8103302358982091e-06 1.1208335808747536e-06 4.440933563777131e-06 2.072921334120319e-06 1.6011358003043091e-07 1.2061763345563352e-07 3.32114459410822e-05 0.0 0.0003815420660467452 2.282202192112822e-06 5.907966986150302e-05 7.1763969705523835e-06 0.0001918757024197128 5.8348444067435016e-05 0.001730904055145167 0.0001197911302538242 1.144586335134824e-05 2.2534156548028086e-06 0.0 0.0 0.0 2.2140331119611225e-07 0.0 0.0 3.69299363516356e-07 0.0 1.340487195820387e-07 5.036294007548154e-08 0.0 3.8100316356157646e-07 0.0 0.0 0.0 0.0 0.0 0.0 0.0 6.665890850186527e-08 0.0 0.0 0.0 6.442870702574574e-07 0.0 1.37064555381747e-07 1.6971551629119807e-07 4.474120904448809e-07 0.0 0.0 0.0 0.0 0.0 1.2748343129240674e-07 1.4183556582701307e-07 1.318375591099887e-06 7.375746968934265e-08 3.2747940280418903e-07 2.818310148270132e-07 6.576066435087852e-07 7.354683319755379e-08 0.0 0.0
6.3298957294806465e-06 1.3116491278540476e-07 1.5017203643526091e-06 8.859059572479727e-05 0.0001874414762291552 0.0 0.0004572820520375459 0.0022539400754545877 9.54425310765019e-05 0.005420968073509868 4.02325148036118e-05 0.0028570902750140576 1.3934011819194795e-05 0.00025247662458514214 0.00140026492245178 0.0 4.827263611846875e-06 9.542836929470927e-06 5.538869983916058e-06 0.0004314060699266104 3.807423983223478e-06 3.5089053631620897e-07 2.0878064423260785e-06 0.0003150639581686476 1.308341631977459e-06 3.400034074057446e-06 2.3972946365281372e-06 0.00019367878160977443 7.88596981552878e-05 8.222846198634208e-06 2.570101925350366e-07 0.00032301719911526555 1.1425165529083507e-06 5.258390366281061e-05 3.5877397930397663e-06 0.00012991819970470652 5.527387057735418e-06 0.00016243249467966212 5.2706168873449844e-05 0.002071707208726818 2.6047033002738888e-05 1.1364947217288685e-05 3.2804068968695716e-06 0.0 0.0 5.096446721848847e-07 7.3597487788156365e-06 0.0 2.5965720533375617e-06 9.972197116044086e-06 2.9033362150636134e-06 3.1555354344736508e-06 5.942473663147219e-06 1.5757326001043266e-07 1.2821440189703843e-05 0.0 1.4507256071163791e-06 0.0 8.290588014901957e-08 0.0 0.0 0.0 4.589447442818628e-06 1.1320194481650018e-06 1.0399078715610475e-07 1.2029959368089237e-06 3.481953343320028e-05 0.0 0.0 4.733963952477963e-08 4.544844623572711e-05 7.608380187859854e-07 5.452459891806377e-07 6.501509711803854e-08 3.6738345320484113e-07 0.0 6.633409983735327e-07 9.336955108440013e-08 1.8860673683741407e-05 1.838536082429439e-07 4.092532790902977e-06 3.1864300620299275e-06 8.69667296463033e-06 8.421284440551659e-07 3.2133667990278435e-07 0.0
0.00102063270349245 1.5955578964339472e-07 0.0002681388564738927 0.00023255068882641893 6.383032335463902e-07 0.0004572820520375459 0.0 0.0031300940725343487 4.637338396382515e-05 0.005683776369800373 1.157791449719787e-05 3.42978877556497e-05 1.5797301859483538e-06 0.0035907343636802183 4.930104203430485e-06 5.928567949371393e-07 0.00033431224798633196 6.370784063802714e-06 3.088394483548595e-05 5.690315476629828e-05 0.000832524384469057 1.500172264127897e-06 0.00036349504663376627 0.0013823693911897814 1.1173571301479582e-07 5.7681945651287384e-05 6.032487627850686e-05 0.010405037100780312 0.0014277921072755812 0.0022680982524377986 1.1961398893057508e-07 4.613102337853927e-06 0.0001662868955537113 0.00018917264032965427 2.069775469679807e-05 0.0004410203883407009 2.9895395997826355e-05 0.00037020511430052344 0.00014368411978035538 2.3182368584357967e-05 1.9701923149388004e-05 1.499531664345404e-06 6.29076277353295e-06 6.850818421227217e-07 2.676231457572379e-07 4.433065687580539e-06 4.763895897733396e-06 1.2124446562701928e-07 4.8991707496192515e-06 5.1005304636523923e-05 8.170360970960894e-06 1.8836356418590124e-05 2.0361493197487543e-05 2.2090353258822605e-07 3.96684871794218e-06 2.9255510848255764e-07 6.739714143381648e-06 3.064475798856194e-07 4.99720983191782e-06 1.563072541582359e-07 3.614392321978745e-07 1.9895741296160764e-07 8.63940905166542e-06 1.5862318376336737e-06 8.761306649580121e-07 7.301771939156796e-06 0.0001743471585239099 0.0 5.658673335593908e-07 1.3600242216112327e-05 0.00015288407945159628 3.769207740080206e-06 2.5430121179830354e-06 9.752001630208097e-08 1.272541447012059e-06 0.0 2.859202900960805e-06 2.718053824831135e-06 3.42146252386659e-05 1.151934289673918e-06 1.2840223438627386e-05 3.571071121851835e-06 1.1234941225398795e-05 3.062172759236648e-06 5.624461888384639e-07 0.0
0.00022141323216214243 2.593176696227637e-07 6.310367434424366e-05 0.00020382749868574153 7.073058074529836e-05 0.0022539400754545877 0.0031300940725343487 0.0 9.16807554239569e-07 0.0016211659850509914 0.00011889754218158348 0.00034605351918749885 2.5803301637692824e-05 0.00322600523378328 5.5447803407379415e-05 7.449069604940996e-08 0.00025553514328032726 1.890862434417182e-05 3.902187565573672e-05 0.00043262878760503084 0.00010535511687164624 6.98303721042283e-07 0.00013072719444606623 0.00016746926212113622 2.265165586690843e-06 4.3628773340313705e-05 1.837751095899806e-05 0.00029107305645421824 0.00023695825119222992 0.00047358509416383526 5.54606159823831e-07 0.0005280558990366738 7.159561362702788e-06 0.00017055780924626874 5.262814668169532e-06 0.00018956820612099545 1.8692938163206077e-05 0.00033169090187283124 9.351736798807699e-05 0.0005531394119643134 3.756508050892803e-05 2.2663481108425034e-05 5.8215544251020815e-06 0.0 4.3886700376166946e-08 1.4780616016531518e-06 3.1807925356494966e-06 0.0 0.0 4.647003391485416e-06 9.621461343593037e-07 2.3695255113542896e-06 1.209867817860686e-06 2.0507394397764977e-07 7.45364060462531e-06 1.0979436907108965e-06 1.265798519931619e-06 0.0 6.815272518468264e-07 1.5542850176131477e-07 0.0 1.9364238929020092e-07 1.1575141799001957e-06 5.368744667119997e-07 2.4779535374967356e-07 1.345256837462699e-06 2.225598882871436e-05 9.005518254367712e-08 4.5454147198166305e-07 3.989971527436612e-06 1.9325068350090733e-05 7.724351604317214e-07 4.5009247402296757e-07 0.0 5.3178300357887796e-08 0.0 1.325914976870346e-06 1.2293514291403493e-06 8.432211314406687e-06 8.98097428043135e-07 4.244235191378255e-06 2.5946087633442607e-06 2.0472558553580276e-06 2.1851091595675733e-07 2.4749500654892913e-07 8.76293835819922e-08
4.954108404246601e-07 0.00031305068476613116 5.163154474333334e-07 0.0004273157157734214 0.00015568625368270452 9.54425310765019e-05 4.637338396382515e-05 9.16807554239569e-07 0.0 5.0014514193031306e-05 1.1207559506476831e-06 0.00013686353183712459 6.940380312652357e-06 2.8278593665175924e-06 0.0003106838045715332 1.4925823752583066e-05 1.412614847748661e-06 1.2249804083843567e-07 1.127915757809197e-07 0.00024049396413309816 8.871325956905583e-06 0.0011391493875303703 2.3733175125444073e-06 0.005940391687216574 5.212327501267813e-05 1.0071657611079073e-05 0.0003178224615596055 0.00025668084725962706 6.478199713730561e-06 1.2937631674660327e-05 1.7033891117553783e-06 8.479324487074352e-07 1.070926270736996e-06 1.4005266878339445e-06 6.248840464558973e-07 7.636211855550631e-05 4.2955617591835985e-06 8.14372512231838e-06 1.966704077545265e-06 0.0004377102184088605 5.545110744941602e-06 6.144969871035285e-07 3.387946410731708e-07 7.907230745820862e-07 2.3522297342343814e-06 2.213290724171051e-06 1.1756526608770881e-05 5.171113458691198e-07 7.072914314885449e-06 4.348768316091023e-05 1.4987485861817501e-05 8.443371909456162e-05 3.003784285195307e-05 1.453634918213636e-06 4.815708862983604e-05 0.0 1.552165795178953e-05 4.13723771075287e-06 1.2735129338991593e-05 2.0422791552111836e-07 5.501653333004447e-07 1.9169773411665104e-07 2.9289489898189534e-05 5.701238775044213e-06 9.364801017093057e-06 8.880635192162572e-06 0.0006028277775525212 2.466679949036709e-07 3.117094752211593e-06 1.5488960470679218e-05 0.000307129418985795 7.3741810901874605e-06 2.248352796468164e-06 2.0053633671888726e-07 3.21552187423132e-06 6.503157368569003e-08 5.502652018006248e-06 2.6163654279089884e-06 8.362743029201284e-05 4.060777574646653e-06 3.2592095105488584e-05 4.006111859783858e-06 2.013461109330473e-05 5.745267732246454e-06 1.3700626474878585e-06 1.964045107775253e-06
5.610404300827842e-05 8.752341276724761e-08 3.7175807200264513e-06 0.0011983103564246846 5.278503037697664e-06 0.005420968073509868 0.005683776369800373 0.0016211659850509914 5.0014514193031306e-05 0.0 4.5864082270686486e-05 0.0033810372810197365 4.020383330442056e-06 0.0007526307585035697 8.018753020436053e-05 0.0 4.18486880980898e-06 2.137078286329073e-05 1.757283042352196e-05 0.000979267524208198 7.347727295521098e-06 9.688272711277885e-08 3.359742735185629e-06 0.0004586681757286739 4.6065760190660676e-07 1.1067981647425482e-05 7.1794455462087945e-06 0.003676472040255043 0.0005149996324109875 5.194751195940631e-06 3.077010468661045e-07 1.3430140149866905e-05 1.0223490226097697e-05 0.00013886003380000062 6.430426106370622e-06 0.00026451045831816014 8.02851613228968e-06 0.0002696728175784592 3.793457087775521e-05 0.00015927779135642056 1.5795782103029763e-05 3.5061704693938054e-06 3.417357879805285e-06 1.8848647145425726e-07 4.6012941586253024e-08 1.3544017463334236e-07 1.3316900211536968e-05 0.0 6.341867910402742e-07 9.296880422426455e-06 1.3772758315980553e-06 9.57713907420058e-06 1.9263546743704637e-05 2.8623712150430683e-07 2.1519784399075812e-05 7.961403255513213e-07 3.0475092634124113e-06 3.525737755916376e-07 4.882573042906333e-07 0.0 0.0 0.0 1.4330807378125753e-05 4.077983058520535e-07 0.0 1.2688668031673062e-06 6.875523064299349e-05 0.0 2.6705740358001747e-07 1.0505807019543312e-06 5.428157785033668e-05 1.6223653165685955e-06 4.0763181166390126e-07 0.0 1.5733618333879198e-07 0.0 9.291202774203156e-07 2.4350950437004957e-07 2.7432446304233487e-05 5.698564805740435e-08 6.611735717925169e-06 1.458510556136794e-06 1.1677481707931075e-05 2.13147360262473e-07 0.0 3.89867435994095e-07
2.3576731707224536e-06 4.867403723140047e-05 1.3820596530839924e-05 8.325937895528101e-06 6.59128622452901e-05 4.02325148036118e-05 1.157791449719787e-05 0.00011889754218158348 1.1207559506476831e-06 4.5864082270686486e-05 0.0 3.197273572601793e-05 0.0008764127037953267 0.0003033317034699013 2.91600638999439e-07 7.679863057198467e-07 9.473561926882466e-05 0.0015372284828180658 0.0006004456314105367 3.939575768082023e-05 1.7513481495781983e-05 5.031898472486232e-06 2.182723200730008e-05 2.6808584260178546e-05 0.0005997202094301254 0.0005313182202807209 0.00038313971584335134 9.794835905741842e-06 0.0005334085082800378 1.1673623198833702e-05 7.576900700723985e-05 0.00043433568445261865 2.6511736095409647e-07 0.0030322932595072357 3.649317329351218e-06 0.00016259318192819388 0.002533681331012666 0.0030612864197623146 0.0002812755197697343 1.8184065241226257e-05 7.303207227416928e-05 0.0006725052661639544 2.533748626210813e-06 0.0 4.106021704179297e-06 1.013773160779584e-06 1.8437578428707351e-07 0.0 5.246325361100782e-08 1.1542681623758197e-06 4.7325034715586225e-08 3.7904736696863323e-07 0.0 0.0001370017947794926 1.1409081075729412e-06 0.0005296359059531971 2.5404219480694085e-07 0.0 2.926527200494945e-07 4.508745348158676e-07 5.245070751328995e-06 1.8475017322286492e-06 1.3259000219022576e-07 1.822283616470892e-07 1.0586054875351338e-06 7.539517684864687e-07 4.1303885486468814e-06 0.00012501084201728863 0.00010280352339688497 0.00031173116583620657 4.534379022943492e-06 4.0768344418463295e-08 3.5169791359723335e-07 0.00013854330010202234 1.0369515436739503e-07 0.0 1.0409652056311835e-05 1.5173996170164164e-06 1.0373095897391231e-05 0.0001326049062865934 5.5591306869155736e-06 3.443700190245937e-06 5.158661044394096e-07 6.761232114177292e-08 4.2724616794580315e-05 0.0
1.6099272556029355e-06 6.864483212950079e-07 2.1104677296635587e-07 0.0013139149453108626 0.00019693993964507096 0.0028570902750140576 3.42978877556497e-05 0.00034605351918749885 0.00013686353183712459 0.0033810372810197365 3.197273572601793e-05 0.0 3.363149555224478e-06 0.00026617212513170254 0.000687290651783929 5.5745754509003005e-08 1.1227486348886065e-06 1.491476018624513e-05 1.1669750451002345e-05 0.0026274848367487443 1.9066799002084793e-07 4.6728624285352e-06 4.642621757731636e-07 0.0002879208017698481 1.3190190176196437e-07 7.329690165171491e-06 5.257086304205155e-06 0.00016011743694153041 0.00023225941227221006 1.2732340867729077e-06 2.403952771040468e-07 1.2246641458251722e-05 6.123106649935478e-07 8.098984674073671e-05 1.6844095542053854e-06 0.00025733185887362296 4.64698508135846e-06 0.0001517186921049169 1.787016771888507e-05 0.0008293999233254858 1.2375783483999859e-05 2.833294526522687e-06 1.3304671857550393e-06 0.0 0.0 0.0 5.1708599777119714e-05 0.0 5.7653031493793115e-06 2.9186090701303643e-06 3.2588769633727625e-06 2.1076687109784664e-05 4.038704628104838e-05 1.520501910230618e-07 0.00018796547061022853 4.150321652533815e-08 2.177666742344989e-06 2.2842737576030505e-06 0.0 0.0 0.0 0.0 4.361181389081268e-05 1.8195186981689738e-07 1.5397806403574243e-07 0.0 4.0311872857918126e-05 0.0 9.230947367848282e-08 7.683724132005564e-08 2.916878299968172e-05 7.180577982358782e-07 6.351238066940975e-08 0.0 5.7552816336307146e-08 0.0 4.085981388005172e-07 1.7274770132805052e-07 2.0127617961777336e-05 1.3923428632661952e-07 2.9496585570496834e-06 1.511641021606332e-06 1.1227965219824644e-05 6.316334164600097e-07 1.6535487615481757e-07 7.513267418464537e-07
0.0 0.00024524774495262615 9.671628704009223e-07 1.7741523822814747e-06 1.4715835433558659e-05 1.3934011819194795e-05 1.5797301859483538e-06 2.5803301637692824e-05 6.940380312652357e-06 4.020383330442056e-06 0.0008764127037953267 3.363149555224478e-06 0.0 2.2676188231485785e-05 9.988683096603328e-06 2.5895159091253464e-06 3.1610098441076367e-06 1.8174886188679983e-05 2.699376413025303e-06 4.2297941101177365e-06 4.278668200036838e-06 3.04257737723763e-05 8.58374841760058e-06 2.114610329675801e-05 0.0026518794851043237 0.00016465188320134835 0.0018686137527106597 4.158006962248964e-06 2.35993051142291e-05 3.0145814350477714e-06 0.0003012436889090442 3.9099490962855006e-05 0.0 0.00023571060113566865 2.5730988742159184e-05 0.0006919410197058083 0.0018893947334092354 0.0016883195796280335 0.00030390788705113466 3.723034620535618e-05 0.0001270505331162726 0.000545283435246108 3.035317590161742e-06 8.998599751250684e-07 1.1392419407719387e-05 1.978979238226343e-06 0.0 5.824939060983286e-08 0.0 9.58739231555625e-07 2.395465619738103e-07 4.834898018008446e-07 0.0 0.00030166974439146217 7.290531345214488e-08 0.0009411121240872471 4.0319332165532507e-07 0.0 4.6942475299464184e-07 5.488479209391671e-07 1.1202949674171036e-05 5.28963473540682e-06 1.7469001998679045e-07 7.911208041548543e-07 9.52879010484359e-07 1.097446968035187e-06 2.510056047711865e-06 0.00027735002115656564 0.0002580163709849403 0.0007636375674015501 2.234933606194408e-06 2.715939508123063e-07 1.1785709404986302e-06 0.00040488936967629236 7.183875810666597e-08 1.0419226858441489e-07 9.79610552459718e-06 1.827159898049765e-05 0.00016694305888363637 0.0002692776657767966 1.4750332709107568e-05 5.636817276835139e-06 8.635942972008449e-06 2.5147988480832267e-07 8.801470544620432e-05 0.0
0.0019426910237732133 2.607204188900696e-07 6.409575943976936e-05 0.00017742684358261094 2.597812169714351e-06 0.00025247662458514214 0.0035907343636802183 0.00322600523378328 2.8278593665175924e-06 0.0007526307585035697 0.0003033317034699013 0.00026617212513170254 2.2676188231485785e-05 0.0 6.429624595842723e-06 0.0 0.0003876328856017955 7.989058298918997e-05 0.00010674529518631922 0.0003973892929312233 0.0001156196374151315 3.0431954331537964e-07 0.0001896645786665979 0.00022724071218616478 2.0931468334178124e-06 8.175129122199615e-05 3.877081337997662e-05 0.00022719678503288645 0.003638491584428327 0.0010984753125649858 1.6935232702850716e-06 0.00017800256097184097 1.8522225241584675e-05 0.0006020378815118674 3.6253241107913586e-06 0.0001662077599107854 2.602011957359034e-05 0.0006136593746746614 5.9452418312420116e-05 0.00018505542207833842 2.0867840579336004e-05 1.1845334006457963e-05 4.2559208500094396e-06 0.0 0.0 1.3554214758848234e-06 2.2959954125686645e-06 6.226692914436245e-08 0.0 6.461376632019627e-06 1.0276389723576686e-06 2.331905763889026e-06 1.7571170851804588e-06 8.442990535805392e-08 6.064923028715958e-06 3.5024111889608147e-07 2.1193252249298234e-06 1.5311627206240072e-07 1.0557628116756375e-06 2.0957340619967196e-07 0.0 5.154123430768809e-08 9.843147099320564e-07 1.146407267074294e-06 0.0 1.0513817827417673e-06 2.9851195306785582e-05 3.865363776071207e-07 7.335643652656129e-07 3.515036463971436e-06 2.9940963683727972e-05 5.413218157406247e-07 1.196237940162938e-06 0.0 1.0066052776806409e-07 0.0 9.64164071423098e-07 1.0269371584337651e-06 1.3152458339685552e-05 9.044469165889049e-07 2.6205054424752784e-06 2.2483791602497114e-06 2.718224931566916e-06 7.366725156831522e-07 1.2058967485948145e-07 0.0
0.0 8.454632236762174e-07 0.0 4.309808845731308e-05 0.0006878914911543838 0.00140026492245178 4.930104203430485e-06 5.5447803407379415e-05 0.0003106838045715332 8.018753020436053e-05 2.91600638999439e-07 0.000687290651783929 9.988683096603328e-06 6.429624595842723e-06 0.0 0.0 0.0 1.1506056722279933e-07 0.0 0.0001898093171769968 2.2151209601506933e-07 4.671319965868701e-06 6.022957736145962e-08 0.0002852026369510137 3.3970154624526776e-07 1.1428533771161889e-07 1.4789761657552662e-06 1.0989977581168672e-05 1.3604932600880335e-06 4.7301512314310365e-07 0.0 7.68947029486491e-05 0.0 7.299682525112698e-07 6.853929805839641e-06 0.00011595285997770503 3.760527425214923e-06 1.9225591139743394e-05 9.634782183782916e-06 0.00033407180951553655 4.976930258537119e-05 1.0377402020970886e-05 3.825276019581071e-06 0.0 0.0 0.0 5.666049687382753e-07 7.321170566872589e-08 0.0 9.558782678520098e-07 2.514827433782128e-07 6.921591709480979e-07 1.442882958276557e-06 0.0 4.434148280203421e-06 0.0 0.0 0.0 0.0 0.0 0.0 0.0 1.4827822210501327e-06 0.0 6.751001107911469e-08 0.0 2.7067737552482843e-06 1.8902493943680267e-07 0.0 5.787013669368172e-08 2.0036636577123176e-06 3.0576096285776867e-07 0.0 0.0 0.0 0.0 2.733220072430605e-07 8.044198517283971e-07 3.045315683463512e-06 3.029962228185606e-07 2.541682902083726e-07 7.634844624173372e-07 3.7829986940530177e-06 7.148935046143841e-08 0.0 1.665974149945091e-07
0.0 0.0001255209977718472 3.960642110141973e-06 1.5674914831747941e-07 0.0 0.0 5.928567949371393e-07 7.449069604940996e-08 1.4925823752583066e-05 0.0 7.679863057198467e-07 5.5745754509003005e-08 2.5895159091253464e-06 0.0 0.0 0.0 9.596921485615324e-06 2.5900911597082036e-07 2.6737199492629323e-06 4.4700011258834e-08 0.003042491433617651 0.0009218538631162131 0.0030542080693579114 0.0009896167625497265 1.5268167912994676e-05 4.969011774830381e-06 0.0038488228081506887 0.00012156184056143259 2.2887981925208277e-06 2.2504994096044475e-05 6.788924589568975e-07 7.420651345657398e-08 7.226335186987538e-07 2.3785563995755948e-05 1.402739823838816e-05 0.0009278110197440191 0.00036033918910085796 0.0001385106397218386 0.00022985007067355287 8.75354307935189e-06 8.469479928898347e-07 8.528373726472845e-07 6.831668177132115e-06 3.1021037464061303e-07 2.226361601841942e-06 6.70299678085547e-06 0.0 0.0 6.846600184346999e-07 3.4179372749961567e-06 3.055334423407048e-07 6.176592589712267e-05 2.272685904717826e-06 0.0 2.450823799282299e-07 2.3375306463500767e-06 4.046076420824867e-07 1.1439667678055353e-06 0.0012982610543677507 9.627458355828354e-07 1.0578528146233309e-07 1.3751678241166217e-07 1.8990628300954844e-07 0.0001751995578859784 0.00019393010273572293 0.0006907676992005814 0.00022797645710228513 2.6663246666109074e-07 1.5976287902557493e-06 0.0001457888121483643 9.257393745830922e-05 1.9578543653562624e-06 3.635126732028112e-05 0.0 0.0 2.2815101317057818e-07 3.2696586199674185e-06 3.0242683580556714e-06 4.3680817609707024e-05 5.056305715740536e-06 8.631542283244245e-06 4.571058046253904e-06 3.713276156245509e-06 0.0 1.671918727477478e-06 5.491515660000518e-07
0.00011690332569945005 3.370906122274804e-06 0.005061823093709983 6.128166827962942e-07 2.870617457025522e-07 4.827263611846875e-06 0.00033431224798633196 0.00025553514328032726 1.412614847748661e-06 4.18486880980898e-06 9.473561926882466e-05 1.1227486348886065e-06 3.1610098441076367e-06 0.0003876328856017955 0.0 9.596921485615324e-06 0.0 0.00010557626437585313 0.0016115794593150354 1.7258872409639992e-06 0.0015423364243874142 1.2648881211287268e-05 0.0021450831300106332 3.619622489098463e-05 6.223586018224206e-07 0.0025495248509590997 0.005260639520257001 0.00024245835734338093 0.0008730791892028654 0.001091281726030056 1.01611824811592e-06 3.2704710236202207e-06 2.4730434496681607e-05 0.0018337370990474224 4.233255465812885e-06 0.0002215578145144071 0.0018121418831199114 0.0008348083612664509 0.0001595311651233626 2.0970981314391547e-06 8.2638181127013e-07 4.157329064177604e-06 5.783243031053925e-07 0.0 5.322504618840829e-06 0.00020765428018802652 0.0 0.0 0.0 2.0688029243578642e-06 1.1143949768901497e-07 2.262281900858191e-06 1.330356080337586e-07 2.1206140611419886e-07 0.0 4.848557525515253e-07 7.619525045176947e-07 0.0 1.7913002354127492e-05 2.3632597260641382e-05 5.785745298351803e-07 2.847195026114237e-06 0.0 6.7748534034323195e-06 5.214364401027415e-06 3.298850822087418e-05 1.4456623623336446e-05 5.087119762185237e-07 5.41671076860271e-05 0.0004285091101814271 9.076150110260431e-06 9.244173824299585e-08 3.3406551090507827e-06 5.349702135084327e-08 0.0 0.0 5.300235697278493e-07 8.479093000211983e-07 1.5429704522858974e-05 0.00011177273921428431 8.3305598242321e-06 1.432580586444629e-06 3.4095340249483485e-07 0.0 4.3884138486359003e-07 0.0
1.4559265522029858e-06 1.5491768837333508e-06 3.213685474500143e-05 4.663728240893193e-06 5.439518878519936e-06 9.542836929470927e-06 6.370784063802714e-06 1.890862434417182e-05 1.2249804083843567e-07 2.137078286329073e-05 0.0015372284828180658 1.491476018624513e-05 1.8174886188679983e-05 7.989058298918997e-05 1.1506056722279933e-07 2.5900911597082036e-07 0.00010557626437585313 0.0 0.0013048127402798915 2.1042342146988648e-05 1.2113238807297466e-05 2.2523404632656683e-07 2.0269912382187178e-05 1.08910801925694e-05 0.00011942591913228987 0.000983913311359368 0.0003708025387145199 5.848507466771465e-06 0.00013484358208228347 8.680100303828204e-06 1.4839500350266054e-05 5.436636866446803e-05 3.104677127792363e-07 0.0007538168337120852 5.779246422471542e-06 0.00028727114954908174 0.0007719226414197632 0.0012424860685718922 0.00027316980226907265 5.618173820892356e-06 2.4012793651741845e-06 2.0176519561452558e-05 1.7834837412141165e-06 0.0 5.284032126234768e-07 1.7754531971111194e-06 2.0149548559815114e-07 0.0 2.9192851505587316e-07 9.080927200737424e-08 0.0 1.6945153468335368e-07 0.0 4.339557674119184e-06 3.2555685220671566e-07 1.429605396134499e-05 0.0 0.0 4.3297589867584526e-07 2.67891711263347e-07 2.9384156870745558e-06 2.6821118509792723e-06 0.0 6.651672489082946e-08 2.7448697952093523e-07 1.530175527200499e-07 1.1765357724339282e-06 3.27017178419489e-06 4.602066183864264e-05 0.00010032014805953665 1.4874265822062604e-06 0.0 2.426741971422373e-07 1.3067484099591824e-05 0.0 0.0 5.4070753517400155e-08 2.291343332000529e-06 7.802011372065408e-06 2.0340771500752682e-05 1.1398835458287874e-06 6.634157604809248e-07 1.8770620283824833e-07 1.910834408169769e-07 8.991284040615967e-07 0.0
1.5672922761876717e-05 3.305604391451663e-06 0.00022276965941533833 3.573795143186423e-06 1.611428291288867e-06 5.538869983916058e-06 3.088394483548595e-05 3.902187565573672e-05 1.127915757809197e-07 1.757283042352196e-05 0.0006004456314105367 1.1669750451002345e-05 2.699376413025303e-06 0.00010674529518631922 0.0 2.6737199492629323e-06 0.0016115794593150354 0.0013048127402798915 0.0 1.624657741917048e-05 0.0001332426861058065 2.287901642502241e-06 0.0001815454144818227 1.1710411061078539e-05 5.0758925920616625e-06 0.0033058193321156915 0.00117752665079277 2.555587327593144e-05 0.00023272908568258599 0.00011659903364042469 1.993697231507727e-06 2.6784602660527483e-05 5.548207359215172e-06 0.00253423713221705 6.48627279258954e-06 0.0005472171833902623 0.0010063873677901446 0.001453633725136332 0.0003270436557448331 4.005465526945271e-06 9.293510830644694e-07 1.7894323901394764e-06 2.242990109804592e-06 4.2912481931357855e-08 3.93321990966846e-06 2.630028333548712e-05 8.88293462832876e-08 0.0 0.0 4.965807658592709e-07 0.0 2.905263897080533e-07 0.0 7.5381144390084e-07 3.102104096565026e-07 1.2824275022004089e-06 6.864161003101222e-08 0.0 2.313720917417839e-06 1.3025727886898165e-05 2.4970525055965244e-06 7.235459032209084e-06 0.0 1.0327931362158733e-06 7.743467415059865e-07 3.233837186723604e-06 2.2730572195768436e-06 1.9702443113064566e-06 0.00011463602820852484 0.0001838855734144738 1.5609222571892222e-06 1.3102989469867024e-07 4.396233756247111e-07 2.371327744172102e-06 0.0 0.0 3.5033500922894094e-07 1.978531136704866e-06 8.029719536097939e-06 5.597153290279831e-05 3.2299298622929767e-06 6.173862022634621e-07 2.382295220542664e-07 0.0 1.4010859488883406e-07 7.868522398916035e-08
1.3250261898744667e-05 2.109565656684216e-07 4.736059876294246e-07 0.0029171378231062596 2.0087667938697014e-05 0.0004314060699266104 5.690315476629828e-05 0.00043262878760503084 0.00024049396413309816 0.000979267524208198 3.939575768082023e-05 0.0026274848367487443 4.2297941101177365e-06 0.0003973892929312233 0.0001898093171769968 4.4700011258834e-08 1.7258872409639992e-06 2.1042342146988648e-05 1.624657741917048e-05 0.0 5.301039184612518e-07 1.1948439607843265e-06 7.888710173367462e-07 0.0004684526955331718 2.5435140102773434e-07 9.621063561496435e-06 5.637444860256517e-06 0.0011920519017492041 0.0004441810267012367 1.6681497126272007e-06 4.1761123194676733e-07 1.2253072600668591e-05 3.5938629707082925e-06 0.0001369956989556003 5.414565291891207e-06 0.0003594958955731107 8.29791526168064e-06 0.00026005244546459174 3.221076871980062e-05 0.0004111064396990496 1.701366473967579e-05 4.53136315849442e-06 4.40359545547782e-06 4.515528912770538e-07 0.0 4.885869247750181e-08 3.2422119265158366e-05 6.902000446623876e-08 2.100368032983447e-06 2.170489817506719e-05 5.010560531111672e-06 2.4467410172324543e-05 4.279985894116867e-05 0.0 2.9940780636573864e-05 1.7359160336510913e-07 3.4267064060735812e-06 2.860285541332625e-07 9.772723269644232e-07 0.0 0.0 0.0 3.840358898804157e-05 1.8756345897298015e-07 7.412706940642625e-07 3.035789954511395e-06 0.00015881089150690474 0.0 4.1220954076553073e-07 1.6867847233740843e-06 0.00010770496283553618 1.13440443769908e-06 9.814399308683938e-08 0.0 5.36428618940503e-07 0.0 1.8035734679916195e-06 6.72556193684316e-07 5.652989496243015e-05 0.0 8.552506823961558e-06 1.5738250904230345e-06 3.2476566308974363e-05 1.8437852889615948e-06 1.602159028261399e-07 0.0
4.047877264148518e-05 1.8360858150008086e-05 0.0006700389206134793 2.4470040750574676e-07 1.6024553263520093e-07 3.807423983223478e-06 0.000832524384469057 0.00010535511687164624 8.871325956905583e-06 7.347727295521098e-06 1.7513481495781983e-05 1.9066799002084793e-07 4.278668200036838e-06 0.0001156196374151315 2.2151209601506933e-07 0.003042491433617651 0.0015423364243874142 1.2113238807297466e-05 0.0001332426861058065 5.301039184612518e-07 0.0 0.00015980280751706644 0.010151121946345432 0.000448045655691149 3.867318229327298e-06 8.467993993655611e-05 0.0004005402782163832 0.005362790749770747 0.00022518462736394065 0.006386189904127834 2.6168585152987135e-07 1.0890759421555278e-06 2.783471357339167e-05 0.0020922125168683354 7.759885238781785e-05 0.003137471424723973 0.0004339708259506414 0.0026774309164618727 0.001345912084098919 1.554447567102182e-05 6.5835064648634225e-06 3.3219767168000437e-06 2.504379845326478e-05 9.467939651195224e-07 8.965839521666348e-07 1.0238909157905746e-05 0.0 7.039770782274828e-08 1.038274211601919e-06 7.2274099647005324e-06 2.3932575941431436e-06 7.464203181760563e-05 3.7101736561192337e-06 9.404067198950597e-08 6.742529809257271e-08 3.673019362140337e-06 3.4679337546882135e-06 9.758901670401562e-07 0.0003907096430201728 8.694215886929515e-07 3.0308031188561657e-07 4.19023588300853e-07 2.068332059324935e-07 0.00023245324783461297 4.780538180628658e-05 0.0001466846210079 0.0003576749185268084 1.2759005785926422e-07 1.492265574409402e-06 4.3202252627237784e-05 0.00020107427480915978 3.5739280300787906e-06 7.952925481466063e-05 0.0 5.28545383501462e-07 2.4768397775489184e-07 3.5946201734028943e-06 5.77073617023188e-06 9.486235945284608e-05 4.577516262319902e-06 1.4174907734387656e-05 5.3100772090721105e-06 7.13249485363504e-06 5.485740075517492e-07 3.7575965952619236e-06 3.126521726805469e-07
0.0 0.001150085621896652 7.38665305926723e-05 1.0120140484380864e-06 8.691515684357959e-07 3.5089053631620897e-07 1.500172264127897e-06 6.98303721042283e-07 0.0011391493875303703 9.688272711277885e-08 5.031898472486232e-06 4.6728624285352e-06 3.04257737723763e-05 3.0431954331537964e-07 4.671319965868701e-06 0.0009218538631162131 1.2648881211287268e-05 2.2523404632656683e-07 2.287901642502241e-06 1.1948439607843265e-06 0.00015980280751706644 0.0 0.00036242196981442536 0.0024446860067454694 0.0002476721537325648 3.923508871217446e-05 0.003031410271699732 5.88812062521652e-05 1.4859913859424178e-06 1.1542741507295804e-05 9.581958553003472e-06 1.160482317691849e-07 3.130328845310072e-07 1.0291821047826363e-05 3.2493652980751834e-07 8.791736735654788e-05 0.00014414573498725884 8.750035021691581e-05 4.4573689310963555e-05 2.1424455693056335e-05 6.246824504301306e-07 3.198860776025313e-06 2.2762123581348587e-06 0.0 1.2283992035390964e-05 5.4561418730716186e-05 6.315770154117774e-08 8.456474199881546e-08 3.32842831167966e-07 2.06900217113577e-06 5.19853258731622e-07 7.913406354372401e-05 2.0848604759590175e-06 3.3741814098995577e-07 2.2224824301864907e-06 1.947730482246279e-06 9.614396410392552e-07 2.6613605276186137e-06 0.0007102361047888376 2.4654813710546813e-06 9.300443085456518e-08 9.785219135476964e-07 2.6010310785737114e-07 3.76220922724725e-05 9.553810880597788e-05 0.00023790202081109695 0.00026506163486260105 5.614930626921983e-07 1.2155018114561896e-05 0.0008081965778988293 5.495140178917747e-05 1.0475188107101134e-06 5.294029481019595e-06 2.9618694699400136e-07 1.2056915554822151e-07 0.0 4.798118441796376e-07 1.0710535184795197e-06 1.5149665716755581e-05 7.897771677572608e-06 5.5965832717075214e-06 2.5696658501953086e-06 2.2884858316867143e-06 6.748435398188305e-08 0.0 2.362836827069982e-07
5.673029485814387e-05 8.773649152183275e-06 0.004868351075331658 4.502310478141197e-07 0.0 2.0878064423260785e-06 0.00036349504663376627 0.00013072719444606623 2.3733175125444073e-06 3.359742735185629e-06 2.182723200730008e-05 4.642621757731636e-07 8.58374841760058e-06 0.0001896645786665979 6.022957736145962e-08 0.0030542080693579114 0.0021450831300106332 2.0269912382187178e-05 0.0001815454144818227 7.888710173367462e-07 0.010151121946345432 0.00036242196981442536 0.0 0.0008643784610926352 1.7532160795262586e-06 0.00034031923289022984 0.004686151500097734 0.0021394574811377095 0.00047540726826652007 0.0018228123818910603 2.3033949034939576e-07 1.5385738272748336e-06 2.6616663309315983e-05 0.001956029565284692 0.00013089038477681107 0.00570173101213354 0.0027732327700282183 0.0038631023474248118 0.0035967923743272312 0.0001179131746135746 1.6170729519976247e-05 1.0330864512710228e-05 4.7109988895658265e-05 5.8265383321556423e-08 1.671229035417875e-06 7.74167092166467e-05 0.0 0.0 6.110627910055981e-07 2.4134776054957703e-06 4.908843650355031e-07 2.8540105946124698e-05 1.4206259548497108e-06 0.0 0.0 9.102330313048909e-07 1.75841291502074e-07 7.66666770122359e-07 0.0015306523907290637 1.971533526326881e-06 0.0 1.406409191743997e-07 0.0 0.00015303457664335335 0.0001442587762645312 0.0011308345395904277 0.00014725518702817653 2.7620915009898707e-07 3.1354989541310602e-06 0.0005838135401286653 5.46537319383618e-05 1.3316555327308015e-06 3.425973304179085e-05 0.0 4.2178284039519417e-07 0.0 6.313146859172663e-07 1.253158617192313e-05 9.737125135274505e-05 1.5256110366517187e-05 1.4081485051465801e-05 1.4066152806267157e-05 4.565175189001694e-06 4.0663399887607965e-07 1.6103878004982435e-06 1.5658271333801314e-06
