0.0 1.2865447698613954e-06 2.8891244732153253e-05 1.8344887567929358e-06 8.392958078895024e-08 3.876074055044368e-06 0.0006996451386624689 0.00022613949346762593 1.378034593127425e-05 7.592253379388542e-06 8.367577169291647e-06 6.435876485997796e-07 1.8030883889586596e-07 0.003067833561394073 4.824582925550757e-07 3.701286508601571e-07 7.704128533457961e-05 1.690977243009936e-05 3.181232003608266e-05 3.1529615581063855e-06 6.903935982050698e-06 5.031272912581e-07 1.0618163661240141e-05 8.997612761235816e-05 0.0 3.923443486318164e-05 2.5351246789722134e-05 0.000189666154344521 0.0018925587801917644 0.0007842400094707992 0.0 6.641168121108375e-06 1.4895259539825287e-05 8.827425737438968e-05 8.233504656736435e-07 2.8706166272561718e-05 1.9342795699112772e-05 4.8312192997673304e-05 5.447836986990317e-06 2.123514169462269e-06 8.234281683319359e-07 8.854098695060004e-07 4.308797111704189e-07 1.6733504629696643e-06 6.747193933839955e-07 2.3018419393458532e-07 2.0086653636188287e-07 0.0 0.0 1.2394785861056604e-05 5.115362788570908e-07 2.639424051794379e-06 4.2993903904069004e-07 0.0 2.4778100299984393e-07 0.0 2.6233959162264836e-06 0.0 2.5004969127653936e-06 2.9972042825819746e-07 0.0 2.447974055251215e-07 6.729423361253889e-07 2.0818935592865343e-06 6.79685261204264e-08 4.930875871115472e-07 3.0190304798198834e-05 0.0 5.437102419000989e-07 1.0672302040726022e-06 3.048281956964716e-05 1.0522074322545697e-05 1.0485587650589179e-05 0.0 3.0029477477065414e-07 8.226317301763249e-07 2.1656020630481077e-06 0.0 1.0325847469123511e-05 3.2633172507143224e-07 6.166458477429722e-06 1.9103999911491126e-06 7.717689602226836e-07 2.5090125653709635e-07 0.0 0.0
1.2865447698613954e-06 0.0 6.411028340922558e-05 0.0 6.840094162520162e-07 0.0 5.955800542994995e-06 1.3210692488866616e-06 0.00028598674670134096 1.275007228604417e-07 5.866027800512425e-06 5.194472134133371e-07 0.00030528900408233705 9.463211897875039e-07 7.019230915860688e-06 8.971349493839925e-05 3.077890184290422e-05 3.4506001110472425e-06 4.656767317411997e-05 1.4098158801359064e-07 3.5134936629216066e-06 0.001345922846468334 1.0754999828639503e-05 0.0006321809877508165 0.0017392784231319213 0.0005515800675014053 0.004066051894913265 4.21416235437212e-05 2.5236027508201052e-06 1.0996035884374859e-06 2.4353110827975075e-05 8.484298864263065e-08 0.0 4.0096172277519836e-05 1.6453218007598558e-07 4.968862151532464e-05 0.00013820479892944585 8.000506428056781e-05 9.322136866566722e-06 4.574714942447943e-06 5.230363004681309e-08 0.00021104579112181366 1.4234312488160295e-07 1.1264368641587886e-07 1.9938841520887754e-05 4.900861493798637e-05 3.828182531027546e-07 0.0 0.0 6.601400058423467e-07 0.0 2.957181177901946e-07 0.0 2.905678646901972e-07 5.598925708824006e-08 9.901977597440872e-06 2.0841471759390709e-07 0.0 3.984891431599923e-06 4.4480726895198026e-05 3.6741708913793834e-06 2.6922032477571733e-05 0.0 8.506921554967233e-07 8.772804311007236e-06 1.0297772796906569e-05 5.4479571942991455e-06 1.857754704740306e-05 0.00018693249397360123 0.0007337236576365748 2.030141531448499e-06 2.681614738641174e-07 7.14070202376354e-07 1.0491991070432427e-05 5.347073412052204e-08 0.0 7.676749982432305e-06 0.0 3.7822080393232644e-05 1.3047279852749773e-05 2.858423877427648e-05 7.491725642728178e-06 0.0 0.0 4.4139279699065404e-07 1.208977125926875e-07
2.8891244732153253e-05 6.411028340922558e-05 0.0 2.253037856511471e-06 0.0 7.311421499953256e-05 0.0013381114545730859 0.0006016311048015345 1.830656641075663e-06 0.00023457665551643097 8.689368971405925e-06 2.627545793399595e-07 8.585888304737307e-06 0.0005492486305444672 0.0 9.740054012143658e-06 0.002516520892773563 5.580810973986352e-05 0.00017633175661313112 1.872822099923907e-06 0.001197652930303911 8.360240636558508e-05 0.004940778724682153 2.4046362184410013e-05 4.943125595142876e-07 0.005153407966123237 0.005973776562878666 0.000423737991064274 8.289912118367218e-05 0.0007561102812178156 1.1350641724122937e-05 4.64499700039635e-06 5.764747289404601e-07 0.000352054247651409 3.885872942954511e-06 0.0007712882056215065 0.0013622792155916397 0.0006996785084770329 0.00012965534885228466 1.7855555683284344e-05 9.673676466975814e-07 1.540102121401317e-06 2.6866554519898883e-06 1.5914847374990899e-07 0.00015219796816489552 0.00043067602497453574 0.0 0.0 0.0 4.483930842936481e-06 6.448770843341045e-07 7.408359075052532e-07 3.867407436066239e-07 8.613092218192938e-07 0.0 1.575996733344932e-06 2.2773357941223266e-06 0.0 6.763255815951368e-06 8.468005817095527e-05 1.1931490070630301e-06 6.083502406387382e-06 0.0 2.6331799231052237e-06 0.00010461233946454058 0.00028054428701239164 1.0753995873373624e-05 0.0 2.0736309856763944e-05 0.0010923895241091006 6.788553470693445e-06 2.310884635526227e-06 2.530751874507119e-06 1.1488257352478497e-06 0.0 0.0 1.3962208224430817e-05 9.258630092189952e-07 0.00010301409936939638 0.00029863745779464603 5.058119578412189e-05 3.423034188671259e-05 2.5878934603268084e-06 3.299427919450999e-07 0.0 7.319771773710067e-07
1.8344887567929358e-06 0.0 2.253037856511471e-06 0.0 9.959376969650442e-06 9.10771459133947e-06 0.0001273097646390062 2.9536319853281454e-05 0.0008193240685829033 0.0029895077056368144 1.3931860316133335e-06 0.000535224291829686 4.925059480481901e-07 2.8400520590329175e-05 6.931870216999854e-05 0.0 5.146907862457476e-07 8.074270821388302e-07 0.0 0.0032748965382035926 1.8284195048835673e-07 1.3123006645458672e-07 0.0 0.001484936523302975 0.0 1.7275029766169987e-06 6.920708909012755e-07 0.0027622626415231975 3.071373788741836e-05 3.4681536263163574e-07 8.644147352440006e-08 3.749531996128848e-06 0.0 1.5465676290365016e-05 1.2242858037883051e-06 0.0001620677581125493 1.9565651323286583e-06 4.5975811219146646e-05 1.0539632555073586e-05 0.00015477585316630953 6.724886387023835e-06 9.491361672797343e-07 1.7305547964338424e-06 3.3941742802910256e-06 0.0 0.0 0.00014912685362528127 1.2908229395628164e-07 1.3902182906808086e-05 0.0001038414968309079 3.406122184308396e-06 8.823940061926622e-05 7.905461672591864e-05 1.1389005734720378e-06 6.801109740797074e-05 0.0 1.676547526796541e-05 1.240863362607137e-05 6.900525382821428e-07 0.0 5.995216664355057e-08 1.3830912528541093e-07 5.809826319271765e-05 7.195321398064405e-07 4.061344477827219e-07 6.099640039430901e-07 0.0003570951973245719 0.0 7.088615243178369e-08 2.4039977749859908e-06 0.00021389218440192434 1.4811990065242791e-05 4.3344022055957604e-06 0.0 6.053045289497936e-07 5.7453654153666304e-08 5.61848338266028e-06 8.139387276650107e-08 4.120807636657223e-05 5.896147430828886e-07 2.379582967729455e-05 3.0865352691055644e-06 0.00010585309919013507 5.879615217937067e-07 7.324682654991951e-07 0.0
8.392958078895024e-08 6.840094162520162e-07 0.0 9.959376969650442e-06 0.0 0.00031998149170430677 2.6406297077446606e-06 0.00011805680870452347 5.541717965123461e-05 4.558370165729129e-06 1.2060858091663033e-06 0.00016797416205118778 7.538745446212487e-07 4.014213041946591e-06 0.0006836899152726559 0.0 0.0 2.0062800301097344e-07 5.200014014831594e-08 1.4793910626703792e-05 0.0 4.314853110194964e-06 0.0 5.0533866040178345e-05 9.636591168187604e-07 2.853984149187709e-07 1.8723078447354663e-06 8.493968046933346e-06 2.189703633401037e-05 1.487161731879846e-07 4.388325620409728e-08 8.728628395928067e-05 0.0 1.3830000949109594e-05 1.4316272305152342e-07 2.3380634629590544e-05 2.0566839576928656e-07 7.787848630966276e-06 4.2229775236689866e-06 0.0008825663468240548 3.07338856765873e-05 1.0493389873292433e-06 1.774737649652985e-06 0.0 0.0 0.0 8.103292214676952e-07 0.0 7.586263848800108e-08 7.295536407595129e-07 0.0 3.5622425760230886e-07 3.7038139940086565e-07 0.0 1.157522250161699e-06 0.0 4.8306889396672026e-08 8.700955267064792e-08 1.59730761040013e-07 0.0 0.0 0.0 1.2443759782821602e-07 0.0 6.435798769247616e-08 4.904313053912355e-08 1.920850304664059e-06 0.0 0.0 1.2132013448435164e-07 1.0412265458520223e-06 0.0 2.2951136627822658e-07 0.0 0.0 0.0 0.0 0.0 9.786194291713684e-07 0.0 2.556144815057996e-07 0.0 2.6625281565471375e-06 0.0 0.0 0.0
3.876074055044368e-06 0.0 7.311421499953256e-05 9.10771459133947e-06 0.00031998149170430677 0.0 0.0009864232318145833 0.0023705379715208033 1.445953615509933e-05 0.005910451823473501 4.658471336426511e-05 0.002445396898979968 9.561917789740757e-06 0.00014881075295102773 0.0005348134831738433 2.289706958498566e-07 2.811665545009065e-05 1.5275819853589537e-05 8.270403016090613e-06 0.00016812400061489577 3.585121369136788e-06 0.0 5.8628825620616524e-06 5.1039147857471015e-05 5.253158919891655e-07 5.5136097383649486e-05 1.7095414057814943e-05 7.799263218405885e-05 8.523971744714534e-05 2.5501994332908757e-05 5.382030800855137e-07 0.0006191913282275226 1.3310041199717886e-07 0.00010263014854438607 2.2879429362343232e-06 0.00014371059615979237 6.5718781565809745e-06 0.0001648506473873387 2.2467660665073857e-05 0.0006408557489430538 0.00011413535758644391 5.618123778872533e-06 3.8230583831459906e-06 7.183914192659175e-07 3.22847146964691e-07 4.0621960504860163e-07 2.1076069634123525e-06 0.0 7.47713917401392e-07 1.1661787966121563e-05 3.924354578522711e-07 1.4284533714444048e-06 1.3025303514571514e-06 0.0 3.5596752704697076e-06 0.0 1.9742068874636707e-06 2.8482962060931875e-07 1.1036143152842818e-07 9.219924895899506e-08 0.0 5.133467902525826e-08 5.445298717767623e-07 3.0802962064493537e-07 0.0 3.9700070392820536e-07 1.651079336984689e-05 0.0 4.641504668229448e-08 6.186444188774154e-07 1.3021415683060768e-05 3.943947006472338e-06 1.823104686741216e-06 0.0 0.0 3.1248469988066926e-07 3.929109603547664e-07 0.0 6.0425511255573545e-06 8.564188935528474e-07 2.4592066340076303e-06 5.426319801204059e-07 3.213286701737305e-06 0.0 4.6444264093714586e-07 0.0
0.0006996451386624689 5.955800542994995e-06 0.0013381114545730859 0.0001273097646390062 2.6406297077446606e-06 0.0009864232318145833 0.0 0.002183026953290868 0.00015473592831378029 0.006587718174886844 1.718246905681729e-05 2.103761359646588e-05 3.757768513137552e-06 0.006067114659524286 8.380876636644855e-06 1.481148283133645e-05 0.00017023689540344322 1.798328518086478e-05 3.1114745862158366e-05 0.0001057048520900267 0.00041639436667415913 8.082399313523446e-06 0.00030648192775662315 0.0009458984492888711 1.232860709250686e-06 0.0004527435576784769 0.000570201102104859 0.010250694669414492 0.0008020885947119859 0.0015710030877825725 4.3860464727830955e-06 4.337670872760459e-05 8.996490059989665e-06 0.0002914357432215393 2.3457290155078938e-05 0.001648190819002987 6.771096941066855e-05 0.0007152851290718042 0.00018244935074025387 0.00035088832678175334 6.801888906528263e-05 3.9857551338494205e-06 2.2415100020167907e-05 2.407816044720872e-05 6.195838311925539e-06 8.208337901521539e-06 1.2646530442976333e-05 0.0 2.6830500782380838e-06 0.00024212077339898387 3.5731539478575864e-06 5.549133304261849e-05 1.827848110268888e-05 3.1272073614941525e-06 1.867407250530216e-06 5.993655988002888e-08 5.489499515241842e-05 6.295876207589606e-08 3.1108025547510255e-05 2.779548292998967e-06 9.686695044292372e-07 6.757511836472968e-07 4.178544380943207e-06 1.7068292666442547e-05 6.139691081274523e-06 1.532633098871685e-05 0.0003891463681806132 1.0925932486877577e-06 1.8219800626572463e-06 3.76983772081247e-05 0.00033156401049469714 0.00010768259329290804 7.305560755109133e-05 0.0 1.2742146762863152e-06 4.583754552505327e-06 3.112629106940122e-05 1.1576481576383368e-06 0.0001561398696531159 6.679037009775316e-06 0.00010026832624053316 1.7928549344173732e-05 1.0626629664609073e-05 6.391057591990169e-06 1.4380546805467408e-07 7.186102768212812e-07
0.00022613949346762593 1.3210692488866616e-06 0.0006016311048015345 2.9536319853281454e-05 0.00011805680870452347 0.0023705379715208033 0.002183026953290868 0.0 3.5993590041393226e-05 0.001743882161764635 7.214646656189697e-05 0.00043387292335915007 1.856118011119383e-05 0.003898284301063507 9.089462759715563e-05 6.806720842599826e-07 0.0003984729163182657 6.121955664772848e-05 0.00010631026403789898 0.000202638939859756 4.679169278101479e-05 1.4772252578427097e-06 7.031098696938382e-05 0.0002193244371336575 2.1241227205045298e-07 0.00036645982709256823 0.00012821094306802067 0.00046404914960247447 0.0003399240209660188 0.0006045500018980153 1.007815456154773e-06 0.0003975610156093863 2.4900796376767016e-06 0.0002969376088721157 1.7054191561027869e-06 0.00015722646758649605 3.198848899247542e-05 0.00017412195927134357 3.084453564652339e-05 0.000339835819563923 7.274045393259176e-05 8.643087790592768e-06 5.246223119171859e-06 4.203390119476646e-06 8.28360377682975e-07 3.0316909918303296e-06 3.816689340458147e-06 0.0 5.683689176955072e-07 4.367566655937092e-05 1.534925837065278e-06 1.0283360595498032e-05 2.5453729106172448e-06 1.4350411307687536e-07 1.2240845117685891e-06 0.0 9.914194674091848e-06 0.0 2.614156113316476e-06 1.2409680107125619e-06 0.0 4.18086297528116e-07 1.080696406618578e-06 2.270655683624398e-06 1.939441458329081e-06 2.9452973391203864e-06 6.59322745798118e-05 0.0 2.3048531886234838e-06 9.1151700655778e-06 5.203703054927759e-05 2.0264620093642972e-05 1.3088416994984565e-05 0.0 2.5226380802088614e-07 9.681084500880601e-07 3.920309876139255e-06 0.0 2.1959693575528808e-05 2.643349480456437e-06 1.751773495293359e-05 4.9526617504112205e-06 4.0424106905279235e-06 5.5105174448906067e-08 1.2444001317744183e-06 5.479515155215279e-07
1.378034593127425e-05 0.00028598674670134096 1.830656641075663e-06 0.0008193240685829033 5.541717965123461e-05 1.445953615509933e-05 0.00015473592831378029 3.5993590041393226e-05 0.0 5.250170719302437e-05 1.1643063305930487e-06 0.0002716921171265855 3.4555586968855245e-05 3.417148515633455e-05 0.0002761676385485975 4.226356725824402e-05 7.009828002895536e-07 1.24289708771219e-06 7.621250337347218e-07 0.00035259366172474656 7.5389237226597195e-06 0.0018084885198849415 2.057281031598738e-05 0.005740401785006665 0.00017468033065486075 2.3883113222023745e-05 0.0002209570466618535 0.0008251356567652101 4.697457771880078e-05 2.132729706849525e-05 4.4195479513588275e-06 4.230144758952223e-06 3.1547074934352064e-07 1.3204482533000521e-05 1.0823447556382447e-06 5.7497749961306844e-05 7.774823624226823e-06 3.392260992192543e-05 6.722637882202873e-06 0.00030347045213160014 4.469354918475767e-06 2.1390311324417425e-06 8.363065489996602e-07 2.3105542329442314e-05 4.263674988497954e-06 3.119527100539511e-07 0.00013132952508919317 1.1690638322669302e-07 8.507412252045594e-06 0.0001484376453248314 5.374649365384795e-06 2.453551123740571e-05 6.413292849193629e-05 1.6967311385960735e-06 4.259355972056358e-05 3.3117983510491773e-06 4.430040147719852e-05 4.9323623219821775e-06 0.00033777988102823617 7.24259886463459e-07 4.2243323210926156e-07 6.653009722985225e-07 3.959583879421853e-05 7.731951457305788e-05 2.0373070964909706e-05 1.859558314282431e-05 0.0013204671386147873 3.883329766232589e-06 5.246534969081602e-06 1.674296059508885e-05 0.0004584824369828144 9.67928123482819e-05 4.828892352464066e-05 1.0327065423767119e-06 4.0289457174989837e-07 6.213952723002114e-06 1.8909322256580126e-05 1.0526558508571548e-06 6.551096362196456e-05 2.9122260822951086e-06 5.386598332282651e-05 1.3222237319151525e-05 3.255851871289467e-05 1.3388531383048082e-06 0.0 3.4422064131443434e-07
7.592253379388542e-06 1.275007228604417e-07 0.00023457665551643097 0.0029895077056368144 4.558370165729129e-06 0.005910451823473501 0.006587718174886844 0.001743882161764635 5.250170719302437e-05 0.0 3.577561082270268e-05 0.003260943830707429 6.74834506828408e-06 0.0005944645810140891 1.3937312632328393e-05 2.2167088762800056e-07 4.145481051860582e-05 1.6007602348035265e-05 7.38762222391939e-06 0.004226617842285431 2.782541045971892e-05 2.41161304416333e-07 2.7780050986880183e-05 0.0003179028975698395 3.3101060811444477e-07 0.00011792433656516273 3.997709941129347e-05 0.004468656675891992 0.0002864067781969861 2.12454153980559e-05 1.6120557870269007e-06 9.572889748581355e-05 1.249822879670099e-07 0.0001777691825912389 4.901579844587474e-06 0.000592092876891578 1.7937490490702068e-05 0.0005187159110681933 6.836305914491082e-05 0.00020339806008068192 6.291058571611454e-05 4.906380076382068e-06 1.7013629385348503e-05 5.9620532184128875e-06 2.9368005062283004e-07 1.563310766808871e-06 3.4629050780853504e-05 0.0 3.6472580493478917e-06 0.00011824286534179876 1.7414133624492825e-06 1.9213525940799708e-05 2.6533191074164e-05 1.2656829096093345e-06 1.3831944019351822e-05 0.0 1.8925780300354013e-05 1.5908985220958194e-06 2.5615222575408353e-06 7.898067818999458e-07 4.220897036402397e-07 5.8426455783015527e-08 1.0898357685556647e-05 4.0938550220395503e-07 5.040191737562232e-07 1.0767487550526153e-06 0.00017069351738244459 1.550220313828795e-07 2.7480514274537143e-07 4.275876909325755e-06 0.000110301913296747 1.7292126570466317e-05 5.883690517327563e-06 0.0 3.354940331784621e-07 4.856260780231261e-07 7.311690207554632e-06 7.798360540114051e-07 5.304317702941487e-05 2.3266722296494867e-06 2.3896902819256908e-05 2.8705688719689836e-06 1.8092005281132664e-05 9.322562441517835e-08 1.610236175796154e-07 6.693970854043426e-07
8.367577169291647e-06 5.866027800512425e-06 8.689368971405925e-06 1.3931860316133335e-06 1.2060858091663033e-06 4.658471336426511e-05 1.718246905681729e-05 7.214646656189697e-05 1.1643063305930487e-06 3.577561082270268e-05 0.0 5.6150946635497904e-05 0.0009128568807765148 9.20297768894903e-05 4.801353325509025e-06 4.328917471017424e-07 0.0004080991606813625 0.001139615063580904 0.00043322863703837536 2.0596563757222875e-05 2.096574094509175e-05 7.493743149834168e-07 2.9977084980063786e-05 8.78824866202216e-06 0.00019300462716630745 0.0006011608037162536 0.0001221324463601688 1.1915279927788408e-05 0.0001454701356507213 4.006914158152444e-05 4.4684115547958504e-05 0.00012287618048945862 5.811121571784248e-07 0.004788649589200089 7.07526578838326e-07 0.00030838371143330345 0.002195703621842146 0.0032797996369420906 0.0006982492854490614 3.049985636012485e-05 7.207726978348735e-06 0.00046749162039348826 2.3686001838544847e-06 0.0 4.920807299740863e-06 1.5712011589185945e-07 3.2676291563903446e-07 0.0 0.0 2.766785476363703e-06 1.9528858043601832e-07 2.495593214822296e-07 1.0389353426170898e-07 1.5116988158386433e-05 2.4886385168836426e-07 0.00018932692023677737 3.982039114133298e-07 0.0 1.8456479626229703e-07 1.226266495842641e-07 1.0251676476974291e-05 1.6464256287433583e-06 7.188251217121635e-08 0.0 2.2675671262612777e-07 8.159782462966124e-08 3.134507701684697e-06 3.743657658251683e-05 4.943810141611464e-05 6.686832382412886e-05 2.9553371982776828e-06 8.02357399395885e-07 6.502790572671471e-07 5.079786003962698e-05 0.0 0.0 4.943747434833443e-07 4.4104028846740715e-07 7.738899119870458e-06 8.018362467225621e-05 3.4188391776540144e-06 6.819772817685727e-07 0.0 0.0 3.798091292337998e-05 3.354133747471236e-07
6.435876485997796e-07 5.194472134133371e-07 2.627545793399595e-07 0.000535224291829686 0.00016797416205118778 0.002445396898979968 2.103761359646588e-05 0.00043387292335915007 0.0002716921171265855 0.003260943830707429 5.6150946635497904e-05 0.0 8.36171771385507e-06 0.00027133030329077446 0.0008075143495448273 0.0 3.9417268439566866e-07 1.9717638226691346e-05 2.342669613199599e-06 0.0024107439422061693 5.698678997716542e-08 2.334052026938106e-06 3.0738754852933164e-07 0.00030334344933495545 1.2966378470254095e-06 1.3784636794241802e-05 3.326360838896782e-06 0.0002710513416723305 0.0001644435195496815 1.174960197875381e-06 6.821448483826013e-07 0.00018861724640684054 0.0 0.00013520163187676656 2.2334325415322813e-06 0.0005000824087216239 6.392519110787923e-06 0.0003743802502791983 2.0115256313751236e-05 0.0014027513616052558 2.1526020753949947e-05 3.660295301936107e-06 5.166520670796936e-06 1.2335200333574782e-06 0.0 0.0 7.23953592631985e-05 0.0 4.885737397798742e-06 2.2782777810250005e-05 1.1402048197783366e-06 1.297694776156084e-05 7.543369135214092e-05 9.432667982015022e-08 9.798105067487244e-05 1.288105883062028e-07 4.327710811020279e-06 7.353970969735449e-06 2.1983036051575787e-07 0.0 8.52595870624886e-08 0.0 2.7906151487123125e-05 5.708273458162384e-08 7.838806647976032e-08 1.1257693315285186e-07 7.146185069781666e-05 0.0 5.7181381305184025e-08 1.1055346165620292e-07 4.175801876962746e-05 2.2391281259518767e-06 1.4757889599975653e-06 0.0 3.0488423070639007e-07 0.0 1.303004726608783e-06 0.0 1.7088369298634153e-05 1.8287150117287597e-07 3.820981281454964e-06 1.3933069470394268e-06 9.826127260112283e-05 2.1547947668361734e-07 3.564094602114143e-07 0.0
1.8030883889586596e-07 0.00030528900408233705 8.585888304737307e-06 4.925059480481901e-07 7.538745446212487e-07 9.561917789740757e-06 3.757768513137552e-06 1.856118011119383e-05 3.4555586968855245e-05 6.74834506828408e-06 0.0009128568807765148 8.36171771385507e-06 0.0 1.492389623167758e-05 1.6334765103318974e-06 6.191192336958834e-06 5.631590541570972e-06 0.00021048873512776147 3.6294658668549525e-06 9.990588005953077e-06 5.148417279575057e-06 8.731272748514756e-05 8.015045595242577e-06 7.040682768493711e-05 0.0030025601715043477 0.00018493999695981395 0.0022437034938841286 1.5373943768186638e-05 1.6879142934216884e-05 3.7856680196910473e-06 0.0001530475968304318 7.360653165832477e-05 0.0 0.00046641147974970775 3.2378108683689856e-05 0.0016081744417575314 0.004902003192129315 0.002949367737634839 0.00048214393556849527 8.503147328716824e-05 0.00013393790523797352 0.001109872900049932 9.425949259750002e-06 0.0 3.667082434317623e-05 5.443939097396081e-07 1.2468070751903847e-07 0.0 0.0 0.0 0.0 6.642979928957362e-07 0.0 0.0001853153905611556 9.563638673219603e-08 0.0015277759724550931 1.4631089261454247e-07 0.0 4.3572964504622384e-07 1.2453305978558579e-07 4.0793865844946556e-05 5.748177253891298e-06 0.0 6.539227574253525e-08 4.184334479640852e-06 0.0 2.874605091037189e-06 0.0005671612496952024 0.00026749980975388947 0.00039843705695365145 1.5332552510498212e-06 4.1975816238220916e-07 0.0 0.0003645437787142481 7.881174607223197e-07 0.0 8.87265027518673e-07 6.049840463508063e-06 0.00016198501017161424 0.0008715591022854226 3.321394147405789e-05 1.1090943600830251e-05 0.0 5.199546939276806e-07 0.0003133579549244298 1.1714901590718122e-06
0.003067833561394073 9.463211897875039e-07 0.0005492486305444672 2.8400520590329175e-05 4.014213041946591e-06 0.00014881075295102773 0.006067114659524286 0.003898284301063507 3.417148515633455e-05 0.0005944645810140891 9.20297768894903e-05 0.00027133030329077446 1.492389623167758e-05 0.0 1.7851940191558534e-05 9.60990050235058e-07 0.0004566020400433335 8.842450703011324e-05 0.0001344055535962123 0.0001818397797343449 6.656967725041309e-05 1.6134311832645957e-06 9.397615147108087e-05 0.00023850189920839626 9.234018331805342e-07 0.0003046023843873259 0.00013718215865442045 0.0005566199069101156 0.0015382339526358471 0.0017425872201367659 1.8673642244799021e-06 4.1232940107489774e-05 3.917314462618291e-06 0.00038960417058052035 3.971148256561551e-06 0.00030853892965896636 4.2685135417667885e-05 0.000507708535760384 4.236766427581368e-05 0.00016407404332495 2.963274729154591e-05 7.061893289831899e-06 1.0438538285851442e-05 4.771733488583201e-06 1.0687612487119118e-06 1.786334443766774e-06 1.190506644602916e-06 0.0 6.950682314876228e-07 3.646602136886651e-05 1.6115133057912055e-06 7.483076275741243e-06 1.967052567393769e-06 2.198698037041076e-07 6.306781002036407e-07 0.0 7.790823699327121e-06 0.0 3.2588192405485038e-06 8.002924730941887e-07 0.0 2.7326218693959056e-07 1.405182735831224e-06 1.7690205222629756e-06 1.3260920126958409e-06 3.5473100423003605e-06 8.042886858270582e-05 1.5370224172654493e-07 2.3858439982264363e-06 9.205182271475739e-06 6.670904429936398e-05 2.1595317253589385e-05 1.2880641252814355e-05 5.1449098091998344e-08 1.3445453301028975e-07 1.6524880531340572e-06 4.957405434991078e-06 4.888342719737035e-07 2.5664434364682654e-05 2.7512761652782186e-06 1.58034717574875e-05 3.5056214176378196e-06 1.5116760116444502e-06 2.5087036360045484e-07 2.9786737698245146e-07 2.3985398607893e-07
4.824582925550757e-07 7.019230915860688e-06 0.0 6.931870216999854e-05 0.0006836899152726559 0.0005348134831738433 8.380876636644855e-06 9.089462759715563e-05 0.0002761676385485975 1.3937312632328393e-05 4.801353325509025e-06 0.0008075143495448273 1.6334765103318974e-06 1.7851940191558534e-05 0.0 2.917289444827273e-07 5.7695315903223e-08 1.0356916441602439e-06 4.805341582843914e-07 5.709088367257301e-05 0.0 3.013569449554945e-05 1.5986506728058614e-07 0.0004563112761816497 6.6335629769509815e-06 1.957277117812679e-06 1.0930470373557235e-05 4.914398020843798e-05 1.5596649993710187e-05 1.1738333719342555e-07 3.844765967924242e-07 0.00016713078816780628 0.0 1.91507604665524e-05 9.778108860858566e-07 6.112731709245315e-05 6.43293057727164e-07 2.380353415163196e-05 2.0430468487559272e-06 0.000551451148934024 1.7597991959290334e-05 9.830261485780137e-07 6.006241310290574e-07 6.530630819322211e-08 0.0 0.0 1.5610299105410855e-06 0.0 3.36379870257578e-07 1.1851953987536147e-06 0.0 1.596168975458706e-06 2.111612888449062e-06 0.0 1.8235405558149035e-06 0.0 2.8258670674404576e-07 1.8559114917146298e-06 1.0824134218747691e-06 0.0 0.0 0.0 1.5844935556681045e-06 2.547591498364658e-07 3.269023724638668e-07 6.679258643432185e-08 3.3955253750716613e-06 0.0 0.0 1.2667194030395211e-07 2.7678549553755723e-06 3.132614798555913e-07 3.3978630885756713e-07 0.0 4.8803498021121855e-08 0.0 0.0 0.0 2.5671913597840436e-06 0.0 7.823332770937386e-07 6.742496685546776e-08 9.498843135996058e-06 0.0 1.5128945017797228e-07 0.0
3.701286508601571e-07 8.971349493839925e-05 9.740054012143658e-06 0.0 0.0 2.289706958498566e-07 1.481148283133645e-05 6.806720842599826e-07 4.226356725824402e-05 2.2167088762800056e-07 4.328917471017424e-07 0.0 6.191192336958834e-06 9.60990050235058e-07 2.917289444827273e-07 0.0 7.78077634680955e-06 1.9179957747713634e-07 1.922914716611923e-06 3.4631379366338485e-07 0.00044289220354258504 0.0010412462541540262 0.0030629762596497607 0.0008728843896021178 2.1223312461898603e-05 1.8008575204850697e-05 0.002479931943079544 0.0007139287558019078 4.278663054819642e-06 2.1671370505970637e-05 1.8582058268711812e-06 0.0 1.4419210007938177e-07 2.7022915167697527e-05 4.913406688736921e-06 0.0005864177839939531 5.644602178633777e-05 0.000106011157226716 8.246011419579176e-05 1.5156555031217794e-05 8.379053615177745e-08 7.148376817066491e-07 6.0462599971644045e-06 1.2448712763612307e-06 7.831089283086084e-06 6.302417428461101e-06 0.0 0.0 0.0 1.6501575828593473e-06 0.0 5.652613186717018e-07 0.0 0.0 5.083463902661652e-08 1.2827330697636733e-07 1.353394664472288e-06 6.95776362840878e-08 0.0013508913477590825 2.41916488576269e-06 2.2892151869139172e-07 1.4468108182294035e-06 0.0 0.00018480230661627986 0.00039995046866639263 0.0004774229967367356 5.236980292143158e-05 1.8429610627577898e-07 5.622480112741508e-06 0.0003611341640321931 0.00010289258143415702 1.1244076977787915e-05 3.1514212822249864e-05 3.85524360208278e-07 0.0 1.3846441434393782e-06 2.627424310775099e-06 1.4429513290239673e-07 0.00014464728615863373 9.343911866926631e-06 4.801185498195107e-06 1.9903360336689692e-06 2.497255423211646e-07 6.5154778145232e-08 0.0 6.513314710053141e-08
7.704128533457961e-05 3.077890184290422e-05 0.002516520892773563 5.146907862457476e-07 0.0 2.811665545009065e-05 0.00017023689540344322 0.0003984729163182657 7.009828002895536e-07 4.145481051860582e-05 0.0004080991606813625 3.9417268439566866e-07 5.631590541570972e-06 0.0004566020400433335 5.7695315903223e-08 7.78077634680955e-06 0.0 0.0002842299247918356 0.0020243103808398675 4.4745509807735234e-07 0.0004058207713391052 1.2182468751510948e-05 0.001651982801336004 1.283034498019278e-05 1.943048329343752e-06 0.0015466400902073027 0.003238268541296169 3.135838757099133e-05 0.0003105246383577106 0.0015322589861276425 1.7716451958834412e-06 4.203045248755503e-06 6.168917222617882e-06 0.0010761465645626812 1.3073864293951646e-06 0.0005264208204749665 0.0017171107643664326 0.000357001024492915 9.534606575734504e-05 8.13062306431688e-06 5.783525220446963e-07 7.082393999711746e-06 3.2679350877080564e-06 1.6751779621334863e-07 4.1572594565617864e-05 7.242573109599512e-05 0.0 0.0 0.0 4.95662171123943e-07 0.0 1.1507576975610953e-07 0.0 4.096301796170726e-07 0.0 2.901601652962209e-07 4.588857382886641e-08 0.0 1.8013208401999947e-06 4.390067846401909e-05 1.0868366146959125e-06 1.7735834030158788e-05 0.0 6.967784615008019e-07 5.949054228817586e-06 1.6358656870505463e-05 2.9434084310412266e-06 7.075886042736675e-07 5.3869943699365365e-05 0.0002569969246657799 2.120666925074532e-06 1.7352539612234903e-07 8.0880807990113e-07 6.367735876813944e-07 0.0 0.0 5.693101845028168e-06 1.618747745277814e-07 2.399400400819625e-05 0.00017535054905412216 1.7876506244911557e-05 7.344990003060818e-06 7.581539191789052e-07 0.0 1.2532812045935982e-07 9.038555279731254e-08
1.690977243009936e-05 3.4506001110472425e-06 5.580810973986352e-05 8.074270821388302e-07 2.0062800301097344e-07 1.5275819853589537e-05 1.798328518086478e-05 6.121955664772848e-05 1.24289708771219e-06 1.6007602348035265e-05 0.001139615063580904 1.9717638226691346e-05 0.00021048873512776147 8.842450703011324e-05 1.0356916441602439e-06 1.9179957747713634e-07 0.0002842299247918356 0.0 0.0010549163198794018 7.43996249286928e-06 2.039233629552916e-05 1.2315046646951635e-06 5.670093660923664e-05 3.551813900598786e-06 2.3026499821694195e-05 0.0012421490790453821 0.00034201196394640846 7.52547230602492e-06 9.789988921253246e-05 9.533338953534799e-05 0.000129975094019365 2.3810668098357972e-05 7.923883343498686e-07 0.0011301767188517983 1.3645346137403787e-06 0.00048184241776952526 0.0008829988665946932 0.0013191393265711716 0.00026814498439191515 1.3396188265564183e-05 2.148292263420905e-06 1.5845840509403246e-05 1.1741767700533336e-06 0.0 4.970109150257304e-06 5.614477373072254e-07 0.0 0.0 0.0 5.370985686455501e-07 4.513148726434759e-08 1.801856863829023e-07 7.905877683027784e-08 5.1322356164343595e-06 0.0 2.970015285387464e-05 0.0 0.0 4.6362238397156424e-07 8.978357949504526e-07 1.2655895748221258e-05 4.748383064712629e-06 0.0 0.0 4.145890120633561e-07 2.0021639311868808e-07 1.6743982827530613e-06 1.0177326694024004e-05 9.74963015771782e-05 0.000116865092486426 3.5300557928869753e-07 9.695477424589366e-08 0.0 3.050466229208725e-05 0.0 0.0 2.8361963845009674e-07 8.603192104744127e-08 4.7627900345085616e-06 1.465989754667694e-05 2.193307133284328e-06 2.5636826704607015e-07 0.0 0.0 1.4693596216533619e-06 0.0
3.181232003608266e-05 4.656767317411997e-05 0.00017633175661313112 0.0 5.200014014831594e-08 8.270403016090613e-06 3.1114745862158366e-05 0.00010631026403789898 7.621250337347218e-07 7.38762222391939e-06 0.00043322863703837536 2.342669613199599e-06 3.6294658668549525e-06 0.0001344055535962123 4.805341582843914e-07 1.922914716611923e-06 0.0020243103808398675 0.0010549163198794018 0.0 1.1738803718963645e-06 6.334995623237289e-05 2.0816386934399842e-06 0.0003724324916736129 5.023394466867459e-06 1.9250385117665426e-06 0.003083465902597447 0.0006685088731096917 7.633945495315794e-06 0.00013992684422438228 0.00036357317942117893 6.040134198040299e-06 4.10999479000377e-06 2.043247756771755e-06 0.0012701393618456858 4.107956067563715e-07 0.00020323509055334506 0.0005496855824104754 0.0005480654892917224 6.357147311330396e-05 4.268267470666165e-06 6.313639241016768e-07 1.917146400446751e-06 6.523949151670903e-07 0.0 1.7915948446829264e-05 1.8645874483285855e-05 0.0 0.0 0.0 7.135758942522609e-08 1.684820370220753e-07 1.8501577183756016e-07 0.0 4.389201572030956e-07 0.0 1.2308156771687658e-06 1.787325029356001e-07 0.0 1.7062769573751068e-07 2.105013602314428e-05 1.2245468771105488e-06 3.29981948187425e-05 2.7299026638825324e-07 4.158998568951801e-07 7.015308407741962e-07 1.1607194771021543e-06 7.16397685171275e-07 9.602168425531862e-07 0.00013711986412042756 0.0001487665872863863 1.1945905083370057e-06 0.0 8.309063798279996e-08 2.3204744879254084e-06 0.0 0.0 1.8699796996219132e-06 9.190230474145129e-08 1.5895569696356515e-05 0.00010545756320033973 1.1440719545364127e-05 1.7700720940109663e-06 0.0 0.0 0.0 1.1387119535806264e-07
3.1529615581063855e-06 1.4098158801359064e-07 1.872822099923907e-06 0.0032748965382035926 1.4793910626703792e-05 0.00016812400061489577 0.0001057048520900267 0.000202638939859756 0.00035259366172474656 0.004226617842285431 2.0596563757222875e-05 0.0024107439422061693 9.990588005953077e-06 0.0001818397797343449 5.709088367257301e-05 3.4631379366338485e-07 4.4745509807735234e-07 7.43996249286928e-06 1.1738803718963645e-06 0.0 2.067759898092689e-07 0.0 2.936291014097259e-07 0.00034552934386254956 6.583377311541039e-07 6.017000831486681e-06 1.8734776932039342e-06 0.001022496065447889 0.00015812078208693133 1.0133389258041984e-06 2.938332576052302e-07 4.8055396312638156e-05 1.3537418004640742e-07 0.00010065682751161637 3.965174741401325e-06 0.0006810965191352573 1.0672522184165964e-05 0.00031001049637995726 4.128284089485939e-05 0.0004190471631047238 3.796339271428295e-05 3.3076329093882004e-06 1.279021595737612e-05 8.156257571497084e-06 0.0 5.621272973620244e-07 0.00017257611697527302 1.828493346365151e-07 2.0503539044346492e-05 0.0003152377120500198 8.036927176057751e-06 7.585357700733692e-05 0.00010841009745911864 1.8248029069447234e-06 6.91179423796716e-05 4.3827189522665486e-07 4.28404053816895e-05 1.1753193866570904e-05 1.3848104276917994e-06 8.474351402077979e-07 4.2899030282931303e-07 1.7715602957944775e-07 5.828690922105439e-05 1.5114553115750183e-06 4.4687806353767963e-07 1.2306814484335642e-06 0.000534822597541355 0.0 7.531486293081156e-07 1.5819038193555042e-06 0.00033031038147417826 4.6221122855199406e-05 2.6218677403428248e-05 0.0 1.0582596160718595e-06 2.2582002673859413e-06 1.6303617631990205e-05 6.575047456926749e-07 9.805877839910666e-05 1.0163466133576932e-06 5.57285054872718e-05 9.840720863900623e-06 0.0001486200859172744 2.445997034133129e-07 1.6729673327785775e-07 8.111821997921004e-07
6.903935982050698e-06 3.5134936629216066e-06 0.001197652930303911 1.8284195048835673e-07 0.0 3.585121369136788e-06 0.00041639436667415913 4.679169278101479e-05 7.5389237226597195e-06 2.782541045971892e-05 2.096574094509175e-05 5.698678997716542e-08 5.148417279575057e-06 6.656967725041309e-05 0.0 0.00044289220354258504 0.0004058207713391052 2.039233629552916e-05 6.334995623237289e-05 2.067759898092689e-07 0.0 1.5954576008579338e-05 0.007367020009104583 8.191748951879117e-05 4.707089794952106e-06 5.9112168799048435e-05 0.0007143683908440002 0.0017931708145183841 7.561563205255012e-05 0.004513164523456354 4.229538497841404e-07 6.915985344122848e-07 1.1587341262703727e-05 0.0019260805961383279 4.324794229974551e-05 0.004899922042744904 0.0006575441218952456 0.003032915010726755 0.0013671650093076597 0.00016991423424823326 3.609723458964773e-06 2.2136396424152866e-06 6.329478016164654e-05 3.478187690185619e-06 9.972961875196443e-07 1.7100590962193957e-06 0.0 0.0 0.0 2.749272175813686e-06 9.950917691634008e-07 7.639292178734901e-07 3.456615718670348e-07 0.0 0.0 9.294347562083143e-07 3.7891894269413226e-06 0.0 0.0003948090175449824 2.3569198600876254e-06 1.3503398078540547e-07 2.7683798534607625e-07 0.0 0.00023427975008680283 4.274468014561735e-05 7.05190752625351e-05 6.431877929960467e-05 1.3914625376126465e-07 1.2788196332964295e-06 3.329287403691301e-05 0.00016747918705678288 2.4690180689805917e-05 6.984702874054396e-05 0.0 0.0 2.9196587382473576e-06 2.9839475418265063e-06 1.2925455739584694e-06 5.623998460944009e-05 3.750457036834255e-06 3.8637750235085585e-06 2.280676060749578e-06 2.3055121357723314e-07 1.1902590149397236e-07 0.0 4.5692640953319803e-07
5.031272912581e-07 0.001345922846468334 8.360240636558508e-05 1.3123006645458672e-07 4.314853110194964e-06 0.0 8.082399313523446e-06 1.4772252578427097e-06 0.0018084885198849415 2.41161304416333e-07 7.493743149834168e-07 2.334052026938106e-06 8.731272748514756e-05 1.6134311832645957e-06 3.013569449554945e-05 0.0010412462541540262 1.2182468751510948e-05 1.2315046646951635e-06 2.0816386934399842e-06 0.0 1.5954576008579338e-05 0.0 0.00022245104283504156 0.0031989391799214792 0.0005873469708069541 6.899093043739305e-05 0.00263649355826665 0.0002209071298625786 1.5589497403419267e-06 1.9990060276537466e-06 1.108728302211583e-05 0.0 0.0 1.1679086252678068e-05 0.0 2.2398906414153995e-05 2.3959034387636438e-05 1.9959775443520817e-05 4.398723311300131e-06 2.4362730012634545e-05 1.2328298973423875e-07 1.184384753863336e-05 7.455185354669171e-08 3.47069252615094e-07 1.4940662464993882e-05 8.172172140557333e-05 6.416667695547146e-07 0.0 5.34499979105697e-08 1.4484899932492545e-06 7.157797947317012e-08 3.5756107941641365e-06 6.481932080380117e-08 1.5063255692148008e-07 4.1934491430819975e-07 3.958944327640024e-06 1.1653158697686739e-06 0.0 0.0005368331708969895 1.4776731719557828e-05 8.708916160879163e-07 3.1334869171842047e-06 0.0 4.016352096852045e-05 7.257677253602895e-05 0.00025067790401541443 4.974397445330965e-05 1.910319797750005e-06 2.1303129177852493e-05 0.0009207692364712604 5.1927002676208965e-05 2.919923510689624e-06 8.782453447969973e-06 2.3755432101887255e-06 9.501682992712662e-08 1.0235332637365883e-07 2.4108234758020457e-06 8.277453232354178e-08 3.325774014371748e-05 1.1950477097074145e-05 1.0960026057172955e-05 7.161495249485822e-06 5.599142512487012e-07 6.027298956157977e-08 0.0 8.550388399468959e-08
1.0618163661240141e-05 1.0754999828639503e-05 0.004940778724682153 0.0 0.0 5.8628825620616524e-06 0.00030648192775662315 7.031098696938382e-05 2.057281031598738e-05 2.7780050986880183e-05 2.9977084980063786e-05 3.0738754852933164e-07 8.015045595242577e-06 9.397615147108087e-05 1.5986506728058614e-07 0.0030629762596497607 0.001651982801336004 5.670093660923664e-05 0.0003724324916736129 2.936291014097259e-07 0.007367020009104583 0.00022245104283504156 0.0 0.0007505458217075003 2.8978907380317166e-06 0.0006191128867527957 0.005476948558018721 0.001003074010092114 6.502192577860861e-05 0.003071709550002968 2.3852787832559772e-06 8.115629590234016e-07 4.017674664371367e-06 0.001883028473390706 6.143069996660066e-05 0.006469280313487498 0.003472366700823649 0.0045414518332288 0.002805836014960254 0.00033833936978203914 4.642850823804111e-06 3.881175638293789e-06 7.17341852687587e-05 8.715526276980334e-08 5.81758429380591e-06 0.00010441009853598787 0.0 0.0 0.0 1.013412400896751e-06 1.2154203588704756e-07 5.567880579815846e-08 8.987995002675186e-07 1.320669976440393e-07 0.0 0.0 3.637683627563659e-07 0.0 0.0015671279682625506 7.808065724029577e-06 1.6281183561177447e-07 9.345460875197362e-07 0.0 0.00010332314038229994 0.00040632764542323504 0.0008524870557214564 3.7776222057067726e-05 1.0361513496587588e-07 4.953630849397576e-06 0.001099645090337616 4.2487042618894445e-05 3.4721647301210988e-06 1.1037154953766116e-05 1.4842731066694614e-07 0.0 9.342174999726322e-07 1.8656096261642867e-06 2.477084650176967e-06 0.00027701295740110277 2.6936865504965868e-05 1.3196632274581552e-05 1.6666722992657587e-05 3.0790156204193105e-06 0.0 0.0 5.336828751995629e-07
