0.0 1.0515115610397374e-06 0.0002511149868620643 2.1564448845254836e-07 5.9597203602921436e-08 1.0419874226744998e-05 0.0012809532086474752 0.0003760051557197871 8.699860026725838e-06 3.6376272182345807e-05 2.776755648931265e-06 1.6997350347776224e-06 2.0364159807130036e-07 0.002324110237089655 0.0 3.905760658670777e-06 0.0003348579465676952 2.5903125436732297e-06 2.173714450258081e-05 3.624975157123524e-06 0.00021302626585764008 2.7090257186443123e-06 0.0002897753917217388 2.4900838014393774e-05 6.28549949879777e-08 0.00014893881085082378 4.943768483175031e-05 1.865523439288599e-05 0.002420267515100656 0.0023542937316127135 1.393836529275868e-07 6.605094583766377e-06 4.0301091578762524e-05 5.291948375294821e-05 7.187143974466565e-07 2.4905628871423136e-05 8.151222692799162e-06 4.119153230687285e-05 1.1275099625392628e-05 1.0157260752415324e-06 1.8174276901072903e-06 3.1687617625938834e-07 3.6797032083380735e-07 4.2817833251897206e-08 2.7855467997313153e-07 1.0639246661590114e-06 1.3297899921755198e-07 0.0 0.0 7.53490258154891e-06 7.036690835225294e-08 4.576451316205674e-07 2.5352353009185453e-07 0.0 0.0 0.0 2.922098602174187e-07 0.0 4.179150922362202e-06 4.0932570849975846e-07 0.0 2.6978076487196016e-07 0.0 4.163936383555345e-06 1.6498575985507465e-06 3.8471123446469756e-07 2.1449948564412912e-06 0.0 2.004697689595792e-06 5.092226637125065e-06 3.4840069793981953e-06 1.5929096498479308e-06 5.092988661391758e-06 0.0 0.0 1.5557018378618682e-07 0.0 0.0 2.9302334910688036e-06 1.106365089746462e-07 2.626142546215164e-07 3.2953659743187723e-07 0.0 1.9386232797259734e-07 0.0 0.0
1.0515115610397374e-06 0.0 1.9737912002603893e-05 1.3356639125194265e-07 1.724091917701411e-07 6.857325330701842e-07 1.0865931422813003e-05 2.7229706241683124e-06 0.00035559357526541844 8.439265539318768e-07 1.9060512570788545e-05 1.6941092691183547e-06 0.0004186665507496807 4.0498360934405225e-06 1.0630410994046333e-05 0.0002999764171478075 1.3733719320523993e-05 1.296665735475669e-06 2.3627733337082582e-06 0.0 5.459290200493263e-06 0.0013465442692960601 1.858862756144853e-05 0.0004512173906463067 0.0007734035931353681 0.00011759606303476265 0.004129732771210696 1.0257122404526719e-05 1.7455639231109109e-06 2.9491158547814305e-05 6.814495495905021e-05 4.0354747235512735e-08 3.616630832792501e-07 9.757064611665065e-06 9.188360260723602e-07 2.496051363368108e-05 2.6291130622181324e-05 4.845071388569136e-05 1.4915901861361455e-05 1.2719886306227383e-05 4.531790254946569e-07 6.265766792355435e-05 4.976124201994376e-07 1.0711758599521796e-07 0.00018547299022749934 4.9213546815497685e-05 0.0 0.0 0.0 1.077135980667821e-06 4.3211666965852753e-07 1.333459500542719e-06 2.533008698025109e-07 2.3928732958888863e-06 0.0 1.579348639161643e-05 7.502794523715525e-07 0.0 5.929474290286309e-06 1.823371129350038e-05 7.916256223842848e-07 3.73000378370709e-05 0.0 1.001571963993212e-06 3.593919119750961e-05 2.1373404851216132e-06 1.8841269095579122e-06 1.5887248907091833e-05 0.0002200389072485754 0.001315917590410972 1.1211659790726766e-06 3.512133054795729e-07 4.542294624005737e-07 3.610804338878744e-06 0.0 0.0 4.933710198943012e-06 1.549363242784494e-07 2.560206328583778e-05 7.588971709114812e-06 1.7974282715253885e-05 6.745188269458583e-06 1.443199796930355e-07 1.658260627081462e-07 4.1918935585840487e-07 0.0
0.0002511149868620643 1.9737912002603893e-05 0.0 1.0876247730598407e-06 1.2196063295850368e-07 1.3425095828058307e-05 0.001258250818449058 0.00012023457905164673 3.8028110744999624e-06 6.735483351328078e-05 2.3581103825559743e-06 2.6013163578539567e-07 7.691682946942427e-06 0.0005286702567317502 0.0 2.964975386475114e-05 0.0011933398546574484 5.267449069054751e-06 3.5203119995514144e-05 4.575138227230151e-06 0.001544571374048409 1.082642189937391e-05 0.007428419986827354 5.400709116269133e-05 6.630523697074438e-07 0.0031032716056443557 0.00808898479072129 0.00032335559753783426 6.502313999506296e-05 0.000654390714074888 6.065173886414599e-07 2.0727592402714307e-06 5.448714981663643e-06 0.00042187595491373483 5.917586915185162e-05 0.001584642794174933 0.0014647401499732332 0.0021910452587422767 0.0019459443064125262 9.963621655366066e-05 1.1057756135306712e-05 5.945877064080746e-06 1.7679198701065738e-05 2.747396107142599e-07 8.309034471656293e-05 0.0003525247404077532 0.0 0.0 1.6961478070918063e-07 9.429544408690819e-06 2.510158861294139e-06 8.00546742823965e-07 4.775998595338745e-07 2.2958885798168182e-07 5.465938917825075e-08 1.407750846630227e-07 3.7487435695035575e-06 0.0 3.075211491240907e-05 7.043754222251106e-05 3.257419980722028e-07 4.684135886321887e-06 0.0 9.02731139629128e-06 5.5821990699922414e-05 1.910592697465599e-05 4.223215636461794e-06 2.7463560218654356e-07 8.72556438871212e-05 0.0010972872644546788 6.072681092504224e-06 2.2300208451921536e-06 3.404189085041347e-06 7.474415600943605e-08 0.0 2.7965861427146385e-07 6.996692962123005e-06 4.188310392791305e-06 6.491937271972999e-05 7.679062087295814e-06 6.988636059023013e-05 6.119254057297867e-05 1.110346955503156e-06 1.7067170424685231e-07 2.6491784023346877e-07 0.0
2.1564448845254836e-07 1.3356639125194265e-07 1.0876247730598407e-06 0.0 5.499440930580613e-07 1.4745541803490495e-05 8.829543877539237e-05 2.134434151769271e-05 0.00035786885313982193 0.0025579198009683516 1.3027026821222125e-06 0.0005403089636396526 9.594396681758995e-07 1.937902702082752e-05 1.9937109794852727e-05 2.460296363645284e-07 1.339607062674112e-06 6.722301259478177e-07 4.837027700112654e-08 0.004251434460542336 4.761900581240254e-07 1.524781278478902e-07 3.688406452333752e-07 0.0012020906295402887 9.083231175575602e-08 3.4522152132295546e-06 1.7272005858343536e-06 0.0018068866292351132 3.484064433307822e-05 1.5103347947925465e-07 0.0 2.4501409782915066e-06 3.4362488012424608e-06 2.592074519234104e-05 7.865794239635976e-07 0.00012350237024863513 6.463375411600694e-07 8.154116022624339e-05 1.5421419855808124e-05 3.285292419702387e-05 1.4143334841812831e-05 1.8366992251077766e-07 1.7680978327994977e-06 5.3412140061973014e-08 1.8241010850803154e-07 0.0 5.7921478706143515e-05 0.0 4.160566437979087e-06 5.015262255102618e-05 2.4667340886032205e-06 4.7388992603274003e-05 5.921801605444058e-05 7.00364117296751e-07 5.1990146026852355e-05 0.0 1.5569591068005533e-06 6.633558850047495e-07 2.5968440823177427e-07 8.808948746605344e-08 0.0 0.0 3.927875804320902e-05 5.10526399759916e-07 8.612607555406921e-07 1.83632162219348e-07 0.0001689519264862014 0.0 1.6625151866075113e-07 3.5682917528803543e-07 0.00018610818515368553 2.5437043589121323e-06 2.1702870431151278e-06 0.0 0.0 9.199765648092465e-07 1.654122684724281e-06 0.0 1.234921845813945e-05 0.0 5.341928585802731e-06 1.0881489723933077e-06 6.315058853638803e-06 6.015090453140154e-08 8.420097524252038e-07 1.6625316675381082e-07
5.9597203602921436e-08 1.724091917701411e-07 1.2196063295850368e-07 5.499440930580613e-07 0.0 0.00042985477438727806 2.0040450009894696e-06 3.448828201868437e-05 3.1676806080773886e-05 7.411561783685844e-06 1.1647250571276885e-05 2.888757632175657e-05 1.599210682623816e-05 6.631170318364719e-06 0.0009954515481240148 4.894751430283746e-08 5.417950021225877e-07 2.5890467170477943e-06 6.578003747814862e-07 4.211681081622492e-06 1.2685687678810016e-07 1.5205400860085102e-06 0.0 7.625366799741474e-06 2.1653833099422907e-07 2.251224488545916e-06 1.0606008744808725e-06 1.751728389134837e-06 6.0194975487835924e-06 0.0 7.460023227215226e-08 6.345291468350375e-05 7.757843123283372e-08 0.0002447801317016345 2.861984772444182e-07 2.7508669411730523e-05 1.7092709814379346e-06 0.000133153142221452 3.593974222940243e-05 0.0007057997472326286 4.332652595852458e-05 2.2897403686576272e-06 9.941025327799066e-08 0.0 0.0 0.0 6.694836226185198e-08 0.0 0.0 4.5093916493227154e-07 0.0 4.860647207241173e-07 2.8759083876686786e-07 0.0 2.4404493123606184e-07 1.2044299083995215e-07 6.435688906687256e-08 0.0 0.0 0.0 0.0 0.0 0.0 0.0 0.0 0.0 4.349780107995848e-07 0.0 1.4113068626421691e-07 6.283020796005778e-08 8.135180592502924e-08 0.0 3.710633102053413e-07 0.0 0.0 0.0 0.0 0.0 1.6793429459917108e-07 0.0 3.6040943868680714e-07 1.1629944423712315e-07 0.0 0.0 0.0 0.0
1.0419874226744998e-05 6.857325330701842e-07 1.3425095828058307e-05 1.4745541803490495e-05 0.00042985477438727806 0.0 0.0007700323688394381 0.004187990378478133 0.00011696487534475684 0.006191086401489441 6.52423835067346e-05 0.0017925222668573534 6.994310962649778e-05 0.0006061089422963479 0.0008990626169236729 2.2972510277209899e-07 8.574981426774028e-06 2.3168240033175627e-05 3.3980463468637548e-06 0.00038557164999644184 3.239958194103806e-06 4.4963974929518615e-07 3.0137091784764777e-06 2.424357742290535e-05 7.238995534481069e-07 3.74629271729654e-05 9.356929023749851e-06 3.617326689039827e-05 0.0002812894951978229 3.450191974810259e-06 1.2607371281093692e-06 0.000579667432713698 6.5820077315638165e-06 0.0005890085125150867 3.076616310815474e-06 0.000221392486898903 1.458637790538674e-05 0.000453600941398063 0.00012584449245489548 0.0015896433974411574 0.0001926401046608371 2.024303075015308e-05 2.5016660590925764e-06 5.648404332252419e-08 0.0 3.1220305943575423e-07 3.9581849419621955e-06 1.5637346142650314e-07 8.619282077063035e-07 1.3883074698523462e-05 1.8325205070322618e-07 1.4489628607740335e-05 4.727754149513481e-06 3.7420878331913464e-07 1.1584957444758212e-05 0.0 7.636183847057812e-07 2.9518458068080164e-07 1.050098784311444e-06 0.0 0.0 0.0 2.636611350009499e-06 5.73228778413587e-07 1.7756989984246474e-07 4.95215356353478e-08 2.4306099225982276e-05 0.0 4.031111178402317e-07 1.075755998074437e-06 1.9480367074399255e-05 5.360916557641359e-07 1.6279505913753003e-06 0.0 0.0 2.425987040526147e-07 1.3372414876150183e-07 0.0 6.685275518020528e-06 5.117253473523844e-08 1.6712073825457318e-06 1.6610969186665015e-06 4.327706614251583e-06 5.8795621456571406e-08 1.6031411027181048e-06 1.8022896673023314e-07
0.0012809532086474752 1.0865931422813003e-05 0.001258250818449058 8.829543877539237e-05 2.0040450009894696e-06 0.0007700323688394381 0.0 0.001503227340580494 0.00012403657631092027 0.004670809178167348 5.625688071276204e-06 3.107957868278091e-05 9.88168088770739e-06 0.0037616507066848305 7.432557501139763e-06 3.1894569947622954e-05 0.00013883767332967628 3.189669212267296e-06 6.624623421826473e-06 2.2742660706949556e-05 0.0010970417393462713 3.176359552180617e-05 0.00019098679859893148 0.0008067117965060997 3.901405299293766e-06 0.0006903751444533445 0.0005656030840188875 0.01032165248982637 0.0007622895097552917 0.0032683091177399606 4.982593951734048e-07 1.1057151193998217e-05 0.0003585229401239354 0.00024952502419950325 4.9331407576319475e-05 0.0012189574429179225 6.161518090808623e-05 0.0006975376232931454 0.00039025332074027724 3.726652884544342e-05 5.1582228121631884e-05 4.740319411542891e-06 1.12680084278903e-05 1.2736550127753052e-06 6.544741930037884e-06 1.6789300286727644e-05 1.033028411043963e-05 5.1076117645022704e-08 1.6113168147319611e-06 9.906496329553833e-05 3.2518067799492284e-06 2.3649624771237102e-05 1.0795865674297617e-05 1.1231879631910601e-07 1.6476356628234972e-06 1.004145144084473e-07 6.166016766462069e-06 2.6999842254254737e-07 1.2812800298074027e-05 5.887222270717634e-06 8.644721377919789e-08 9.090798511538344e-07 3.881589871706239e-06 9.680672311548801e-06 9.50145283827987e-06 5.6257027363874565e-06 0.00011191168035700806 0.0 9.461579016996336e-06 6.632595585961143e-05 0.0001023764803083753 8.662260778053204e-06 1.6308187917921624e-05 0.0 6.573275507383095e-08 2.1610011909304005e-06 4.1296516505680535e-06 2.002331469155124e-06 4.3717104659517443e-05 5.065686027250958e-07 2.0016141661853024e-05 7.312024663704491e-06 4.635899495004518e-06 1.0181136734910699e-06 1.4607919943812606e-06 5.113857016255909e-08
0.0003760051557197871 2.7229706241683124e-06 0.00012023457905164673 2.134434151769271e-05 3.448828201868437e-05 0.004187990378478133 0.001503227340580494 0.0 0.00010675074105212337 0.0013601424371118267 9.575900004273723e-05 0.00021697744708958858 5.41871860723653e-05 0.004797761711767938 5.5939724674257716e-05 8.072850135947208e-06 0.00033666558684933274 3.4097882868679425e-05 3.199338462674083e-05 0.00021800929918296212 0.00010144268843576691 1.6303253341343495e-05 0.00015236753000347046 0.00019630059702192002 1.9229798976248027e-06 0.00017123876798313866 7.154125751771635e-05 0.00013552535419869807 0.0022256353120096413 0.0001621406288979284 1.731823355602748e-06 0.0009899001988945342 1.978104103009996e-05 0.0005784173884388831 5.4492062446594825e-06 0.00020773428743199354 2.695220098131953e-05 0.00041539135833502987 9.14399554519237e-05 0.0003189639262697253 6.064109353208306e-05 1.4640557630206371e-05 1.3288884269322894e-06 1.5000901170694358e-06 1.0837018776771607e-06 1.499840018947627e-06 2.75625210602908e-06 0.0 8.377685234925758e-07 9.396499327183725e-05 2.0261496662991487e-06 1.2137172354816884e-05 2.3511541354346907e-06 5.179839807465751e-08 2.1294425861750233e-06 3.619408051909266e-07 5.856661414937395e-06 7.77567563603821e-07 1.251246950670587e-05 4.104150651962044e-07 0.0 4.594742450962833e-07 1.0338126058085334e-06 1.4755871529378693e-05 3.7745888700638763e-06 1.9467244155288777e-06 5.8590206313471786e-05 0.0 2.5295813864132135e-06 8.58035865124896e-06 4.951315980764498e-05 7.524471202593436e-06 2.2986816370349624e-05 0.0 0.0 1.5748508524575053e-06 2.3724871613860866e-06 0.0 2.138561532839843e-05 4.586779499741292e-07 7.842894770509591e-06 3.175257790666918e-06 9.500775114702425e-07 0.0 2.9770590636799427e-06 2.486777572890995e-07
8.699860026725838e-06 0.00035559357526541844 3.8028110744999624e-06 0.00035786885313982193 3.1676806080773886e-05 0.00011696487534475684 0.00012403657631092027 0.00010675074105212337 0.0 0.00027461833679646617 2.9936253304936353e-06 0.0004924517239955719 1.600156555682165e-05 9.75035163839353e-05 0.0004280286677589015 0.00030715393057798913 2.896477919925276e-06 1.8383497975995077e-07 2.8935970933653894e-07 0.00021666333876894377 8.462737609573581e-05 0.0019097417381813604 2.785264971442639e-05 0.005154571831599832 4.8531847567229176e-05 1.2177978293051049e-05 0.0003928935481158464 0.0008480968558816255 3.930319258340269e-05 0.0002205379738228484 7.776892533989382e-06 2.506269471059967e-06 6.506706906599904e-06 1.140030916024309e-05 2.8901671127178308e-06 0.00018848340502838331 7.568038940064835e-06 5.5739242058558584e-05 2.3710497959844364e-05 0.00028497040024885495 1.0538804461405996e-05 1.8473513792550033e-06 1.2503343100232225e-06 1.0194377576538087e-05 3.822406292060394e-06 3.1699129628885275e-06 7.618381179736872e-05 4.045762324618409e-07 6.761874460565934e-06 0.0002974033829383053 1.2143965834517402e-05 7.101564603467165e-05 4.7980259125783044e-05 2.1471653548924502e-07 0.0001213475846474295 1.6252848810681629e-06 3.210121468482424e-05 7.721270107884511e-06 0.000219989410190039 8.183980482151538e-07 4.99621223219567e-07 2.573819584184681e-06 4.2286111828456076e-05 0.00011961801376467651 3.059228934505031e-05 5.70336991706693e-05 0.0006881801405064812 5.838106953559263e-07 5.377492982833955e-06 2.6167471195424203e-05 0.00036883000620563285 6.490299027363203e-05 0.00011281582482576834 4.869496628340309e-07 6.916237255752052e-07 7.413865121354593e-06 1.1010608313101495e-05 1.4746692442266712e-06 9.631872684792909e-05 2.5594436950331234e-06 3.6858578532587774e-05 1.1623143746366442e-05 4.414052113706943e-05 1.6548921691644266e-06 2.7645013806037306e-07 5.872059311389588e-08
3.6376272182345807e-05 8.439265539318768e-07 6.735483351328078e-05 0.0025579198009683516 7.411561783685844e-06 0.006191086401489441 0.004670809178167348 0.0013601424371118267 0.00027461833679646617 0.0 2.738640181050099e-05 0.0015529152996685296 1.8665709818222356e-05 0.0008795418819318786 3.120017716682558e-05 8.755815101454452e-07 3.789563678421061e-05 1.2696408848677226e-05 4.265694637094757e-06 0.004137975804023029 1.8469902944627836e-05 5.720225128503866e-07 1.1769690755561074e-05 0.00037798641965911483 5.983946343789288e-07 0.00010487283112514765 3.639783696591439e-05 0.0016061702637243267 0.0006159957782441273 1.4548297398955779e-05 7.459031162702656e-07 5.239529107748564e-05 5.8600593255900475e-05 0.0003183001805232026 2.967770880829101e-05 0.0008303979601239745 2.3974404906466674e-05 0.000819284439436414 0.00015919693665232594 0.00015955540837476765 9.165262507041772e-05 6.832120460144159e-06 1.2846518375100447e-05 1.034657891590754e-06 8.089447869670421e-07 1.4550232675877353e-06 9.444775503175852e-05 0.0 3.7085728982194286e-06 0.00017845562976273827 6.239982898575728e-06 8.090009146722267e-05 5.72306015594319e-05 4.74114004156124e-07 3.702295841186716e-05 0.0 8.122990304460605e-06 1.4028884251705907e-06 1.7224581652390695e-06 4.1853828982157736e-07 0.0 1.8782676324479164e-07 3.434690663070925e-05 2.6454339531341793e-06 2.1604672160715065e-07 2.1454032079590668e-07 0.00033816917044603346 7.976060853812984e-08 1.30295942366339e-06 5.04870393051492e-06 0.0003439038953331965 7.973439590971329e-06 9.784719467357798e-06 1.9353556799994774e-07 0.0 2.1055765761011497e-06 3.5142155698718203e-06 8.73265902934338e-07 3.931300562847045e-05 3.027093797992206e-07 1.5010258944639265e-05 5.447855501133014e-06 1.5908400110458018e-05 7.088607954339827e-07 4.25453489580871e-06 1.2802376678282338e-07
2.776755648931265e-06 1.9060512570788545e-05 2.3581103825559743e-06 1.3027026821222125e-06 1.1647250571276885e-05 6.52423835067346e-05 5.625688071276204e-06 9.575900004273723e-05 2.9936253304936353e-06 2.738640181050099e-05 0.0 2.8112182877303925e-05 0.0012801773243119414 5.400867817421358e-05 1.4109204322205779e-06 3.712393972808542e-07 0.00019117340666663686 0.003837647084296909 0.00012257538664116384 2.084207976133985e-05 3.040416271273179e-06 3.996049537263664e-06 6.916891541404308e-06 3.3311928921555547e-06 0.00026625328035536955 0.0010342894183353627 0.0002009256195402774 1.2312840278697764e-06 8.453436750261829e-05 7.860636546990559e-07 0.000311581237326258 8.061150953748487e-05 1.1297979722133115e-06 0.003915506009679794 3.155355542849647e-06 0.00012833093172751612 0.0018095771388105426 0.0019646458318489384 0.0002570977144556209 2.4470255106808258e-05 1.7194325763104753e-05 0.000867930971619318 9.033663464164797e-07 0.0 3.2524626699398565e-06 0.0 5.3201308121933946e-08 0.0 0.0 2.3946836094358064e-06 0.0 6.177479322970494e-07 2.0607177327362112e-07 0.00013646214115957482 1.413488398212115e-07 0.0006406368141975928 5.265989059146162e-07 0.0 3.9869103434839087e-07 0.0 4.372596136941752e-06 8.457688412133994e-07 0.0 3.902175680704913e-07 7.04200469562679e-07 0.0 5.5917864287697e-07 0.0001294489643972769 2.7125982185038303e-05 7.417943048694703e-05 1.3488941618673046e-06 1.4648888437986572e-06 4.261576902108675e-07 5.372904191129265e-05 2.1537262237594685e-07 0.0 7.0979947339933425e-06 2.4086330216921555e-07 3.262837667340062e-06 0.00010756825701322168 2.4321614177150167e-05 3.7141908317904395e-06 5.706186766623201e-08 1.6568669675034168e-07 0.0001471083549814334 0.0
1.6997350347776224e-06 1.6941092691183547e-06 2.6013163578539567e-07 0.0005403089636396526 2.888757632175657e-05 0.0017925222668573534 3.107957868278091e-05 0.00021697744708958858 0.0004924517239955719 0.0015529152996685296 2.8112182877303925e-05 0.0 1.6277588145997078e-05 0.0002104913001730782 0.0005564561144230434 0.0 1.2799370221088885e-06 1.1530294861488102e-05 1.6694948753002126e-06 0.0037504097676749745 2.0843738844117426e-07 4.234377510788638e-06 4.0508904099283315e-07 0.00017178106209857642 6.117249032859235e-06 9.918831636294373e-06 4.932935792101027e-06 0.0001639690790344189 0.00015181643048049843 2.4995506587259867e-07 9.884188723825815e-07 5.250749273887214e-05 5.546426349987425e-07 0.00014287247618913142 1.3043904971416249e-06 0.0001376274677557198 5.1984836341376835e-06 0.00027064902499850845 2.0522464738820684e-05 0.0010421363817918587 3.341530216773696e-05 1.561012191690145e-05 1.8723971468466258e-06 0.0 0.0 1.1945330001893474e-07 5.316985518838425e-05 0.0 5.97299201980126e-06 1.4028984158232089e-05 1.8958313383077413e-06 8.298862314767899e-05 3.623824683156618e-05 1.4075665300280866e-07 0.00013328649066333555 1.0800810682721419e-07 1.240875295034296e-06 3.3610794554547415e-06 4.239793779025698e-07 7.225455100892951e-08 0.0 0.0 2.330985291792386e-05 0.0 0.0 1.0576768839262051e-07 8.756208038197405e-05 9.974155644522513e-08 3.3642248702289574e-07 2.362115813855688e-07 8.255610998037556e-05 9.998443577358338e-07 0.0 4.8180297813760895e-08 1.2578836919810404e-07 6.406826859290534e-08 1.6506838838618745e-07 0.0 4.163098802243556e-06 0.0 1.7748628865409627e-06 3.917202023327736e-07 6.103620706687015e-05 0.0 5.804618913132498e-06 7.70691850622824e-08
2.0364159807130036e-07 0.0004186665507496807 7.691682946942427e-06 9.594396681758995e-07 1.599210682623816e-05 6.994310962649778e-05 9.88168088770739e-06 5.41871860723653e-05 1.600156555682165e-05 1.8665709818222356e-05 0.0012801773243119414 1.6277588145997078e-05 0.0 1.645381413533607e-05 2.1153446085387688e-06 8.165894469348287e-06 7.15516361467552e-06 6.146884347653072e-05 2.61230549598476e-06 1.2674620828715977e-05 3.553588334402971e-06 7.066868991399911e-05 9.165544439612443e-06 2.4779107768072384e-05 0.0029419346509026193 0.00042161336575242405 0.0015956458347364027 8.433560916782064e-06 1.9684673980656702e-05 2.7775840344671766e-06 0.0007451277942188708 4.6635445481897705e-05 4.6096699080020745e-07 0.0005787396319109507 4.862559977847674e-05 0.0017753834331459832 0.0033484721071703797 0.003498771692370736 0.00061491060136327 0.00012147543117857639 0.00013318203872201542 0.0010331760267576436 1.308934011864966e-05 5.9667575718081e-08 2.022534141365969e-05 9.327365169468914e-08 4.525262749025339e-07 0.0 3.447902237555476e-07 3.993055451706831e-06 1.1183382196508224e-06 1.4411752094083334e-06 2.1827914751964952e-07 0.00028271143138560643 1.8805973541905148e-06 0.001773441721365387 1.9334783306319765e-06 0.0 7.692387576003692e-07 9.479640946492819e-08 1.851862522805371e-05 3.6536054432568407e-06 2.3801233453425308e-07 1.957857036203912e-07 2.61362388292315e-06 4.997276382548483e-07 7.860574415340699e-07 0.00039593255783449495 0.00015326752486195816 0.0002933649856972737 7.319095190765328e-07 1.8713326209327825e-06 3.0629530213699375e-07 0.00022548786252001945 1.027549600592266e-06 0.0 1.3574686879719087e-05 1.0952544864279144e-05 0.00020731037997220495 0.0002618985482965402 6.16419903904874e-05 2.984373038515392e-05 8.889275387600115e-06 1.3454264719754466e-06 0.00015857267863941018 1.994354640406624e-07
0.002324110237089655 4.0498360934405225e-06 0.0005286702567317502 1.937902702082752e-05 6.631170318364719e-06 0.0006061089422963479 0.0037616507066848305 0.004797761711767938 9.75035163839353e-05 0.0008795418819318786 5.400867817421358e-05 0.0002104913001730782 1.645381413533607e-05 0.0 9.55856769651344e-06 1.9803407326536642e-05 0.0008854175644847042 2.3780887536768637e-05 7.220858111019157e-05 0.00027620514577461803 0.0003579960226292352 2.0194177614701474e-05 0.0005059077408971306 0.0002025980324482029 1.6498737804910096e-06 0.0005059859691583308 0.00016636277511889054 0.00016899241770793942 0.0036404183605618394 0.0014855714556178934 1.4387369250047632e-06 0.0003626722226448381 4.4014923855510663e-05 0.0006091257978667864 9.250311535550215e-06 0.0002728963398456944 3.901920501935163e-05 0.0004285525374300017 8.683886392663693e-05 6.96207404399336e-05 3.5529912769591056e-05 3.7612496350930904e-06 4.255037443866539e-06 1.2719208688390422e-06 1.443533958736879e-06 2.924472508854169e-06 4.818524902076478e-07 0.0 7.034256652823255e-07 9.54871487479261e-05 2.0797650723872253e-06 1.3730697749733789e-05 1.6361040942413096e-06 5.803398368957747e-08 1.5670136120864484e-06 5.9253094898462126e-08 4.003654075645629e-06 1.1614398384842154e-07 2.1688595845029535e-05 1.3582612482672467e-06 4.06829153797102e-07 1.0203677762027723e-06 6.863238302100331e-07 2.3429569756044724e-05 7.062230323367448e-06 4.497390859166251e-06 5.5614552147030984e-05 0.0 6.988224396369601e-06 2.100006840501198e-05 5.2211261166966693e-05 9.964433722228329e-06 2.6896122117300265e-05 1.183520201713711e-07 1.8798285078394965e-07 1.6755606927450898e-06 2.1605768725995533e-06 0.0 2.68989145302307e-05 4.563657957367558e-07 1.0523395298122934e-05 2.5519307789573625e-06 1.4050492647754765e-06 2.014274980785316e-07 6.324623623696542e-07 0.0
0.0 1.0630410994046333e-05 0.0 1.9937109794852727e-05 0.0009954515481240148 0.0008990626169236729 7.432557501139763e-06 5.5939724674257716e-05 0.0004280286677589015 3.120017716682558e-05 1.4109204322205779e-06 0.0005564561144230434 2.1153446085387688e-06 9.55856769651344e-06 0.0 5.153532304311552e-08 1.825740026118816e-07 6.079156570461142e-07 4.7193090071003774e-08 3.2882623333492205e-05 1.1670053612374386e-07 4.026965479433707e-05 0.0 0.0004051285900376897 5.419691457609307e-06 1.0238090018038618e-06 1.2068371142163786e-05 3.8549776988603495e-05 5.641809929067104e-06 1.5775107762078156e-07 1.3111517004709855e-07 0.00012390769465700648 2.9243598441916657e-07 3.260009926149326e-05 3.0057425336304464e-07 3.914272992233587e-05 4.580898031714568e-07 1.1619067162659726e-05 4.094379870271843e-06 0.0003785669500257777 3.224369387947987e-05 2.3661721646677436e-07 0.0 0.0 5.291342053890697e-08 0.0 6.666875988328682e-06 0.0 0.0 2.1583699447285735e-06 0.0 3.0109450740966977e-05 5.564936739461101e-06 0.0 3.201255181776103e-05 0.0 0.0 1.8617026053502425e-06 1.4003976533785373e-07 0.0 0.0 0.0 3.572413487773707e-06 0.0 2.4744170207922276e-07 9.548747457446554e-08 1.6233205991672316e-05 0.0 1.1569126872830716e-07 1.475315077932656e-07 1.711873136244902e-05 0.0 6.416396737707509e-08 0.0 0.0 0.0 0.0 0.0 2.3189104709000183e-06 0.0 1.2538213613623076e-07 0.0 1.066968857391084e-05 0.0 7.2600605338293e-06 0.0
3.905760658670777e-06 0.0002999764171478075 2.964975386475114e-05 2.460296363645284e-07 4.894751430283746e-08 2.2972510277209899e-07 3.1894569947622954e-05 8.072850135947208e-06 0.00030715393057798913 8.755815101454452e-07 3.712393972808542e-07 0.0 8.165894469348287e-06 1.9803407326536642e-05 5.153532304311552e-08 0.0 2.204357370863268e-05 3.664263529809837e-07 1.4798057559592953e-06 0.0 0.0012533243006777226 0.001717106340693075 0.0010141781702803468 0.001094440055879335 2.1430926700926082e-05 9.452921011696656e-06 0.003433874973204229 0.0006788715786567959 4.347629752013008e-05 0.00021705191720272597 2.835393086270118e-06 6.696116779907686e-08 8.549356678985825e-06 0.0001263294983888616 2.7427537896049513e-05 0.0005818663718619484 6.290042057116664e-05 0.00022476867041623623 0.00017913688115265647 2.6216073981164573e-05 3.012090324483698e-06 1.0015957373709752e-06 4.9796382827888895e-06 6.45565243293807e-06 9.459765418201965e-06 1.5304044210449244e-05 3.3167735728348955e-07 6.323945280261087e-08 5.60456687997633e-08 6.164720562418714e-05 2.51392697083948e-06 9.721598443897175e-06 6.090464785971506e-07 3.556080586561799e-07 8.566548896648302e-08 2.711291748153356e-07 1.2643429292934963e-05 0.0 0.0004938926471488365 5.4717548413366616e-06 2.0957477684088426e-07 2.6913060236933662e-06 3.508170521316474e-07 0.00030550344171968805 0.00025994502186914764 0.00027064481114177626 6.920832291250005e-05 0.0 9.126003179443283e-06 0.0001480139504940385 7.181833386915362e-05 4.946460851387406e-05 0.0001247901629245442 1.8711110435718434e-07 3.398084067046725e-07 4.961684981585401e-06 1.2250504192372834e-05 2.7174113437498645e-06 7.318480248959406e-05 3.991113797540213e-06 2.8532375462411515e-05 1.1336455067177252e-05 1.1654506187939256e-06 6.191637864380467e-07 0.0 0.0
0.0003348579465676952 1.3733719320523993e-05 0.0011933398546574484 1.339607062674112e-06 5.417950021225877e-07 8.574981426774028e-06 0.00013883767332967628 0.00033666558684933274 2.896477919925276e-06 3.789563678421061e-05 0.00019117340666663686 1.2799370221088885e-06 7.15516361467552e-06 0.0008854175644847042 1.825740026118816e-07 2.204357370863268e-05 0.0 0.0001881253087831076 0.00240617413842246 5.205707309881468e-06 0.0003126666879218271 3.5605914099737363e-06 0.002152014803635511 2.1555147303370032e-05 9.553208320302951e-07 0.002858685811439259 0.0039814318498781025 2.8030540409019726e-05 0.0008152929411263654 0.00029060368239385145 2.1929634581600242e-06 5.118693181259523e-06 0.00011105085203993812 0.0022016967252117352 5.4693915998606645e-06 0.0003220270915924634 0.0010324282917057207 0.001003464062517418 0.00035839180067368545 8.187255786348465e-06 3.7631411828552243e-06 9.361164247352238e-06 1.815387562380356e-06 1.6591557749711857e-07 3.578263097651116e-05 3.0916484068144896e-05 0.0 0.0 0.0 2.3501960756032592e-06 3.2247161992333664e-07 2.449020198440219e-07 0.0 0.0 0.0 3.188060166615956e-07 6.891428678650757e-07 0.0 4.061232784566136e-06 1.92526228081124e-05 7.102581814525301e-07 6.192085706322763e-05 0.0 2.437312458919377e-06 3.2313514474152624e-06 2.5711899350287835e-06 6.996895549951524e-07 2.128170546384602e-06 0.0002155346357941348 0.00037397801021148776 5.691616785344078e-07 3.73505178846694e-08 1.4013571571145076e-06 8.874280139972013e-07 0.0 0.0 3.907695764219839e-06 0.0 2.1875781937620935e-05 1.2002538331068604e-05 1.6561215937167167e-05 7.040681025310427e-06 1.0273579149722639e-07 0.0 0.0 0.0
2.5903125436732297e-06 1.296665735475669e-06 5.267449069054751e-06 6.722301259478177e-07 2.5890467170477943e-06 2.3168240033175627e-05 3.189669212267296e-06 3.4097882868679425e-05 1.8383497975995077e-07 1.2696408848677226e-05 0.003837647084296909 1.1530294861488102e-05 6.146884347653072e-05 2.3780887536768637e-05 6.079156570461142e-07 3.664263529809837e-07 0.0001881253087831076 0.0 0.00043178897781322433 9.481073937884657e-06 3.471492779083848e-06 5.38349856831146e-07 1.4246236405219054e-05 1.1124010519126386e-06 5.863056453555838e-06 0.0023380592287905763 5.832958190150778e-05 9.648915818947107e-07 3.355552235186395e-05 2.022530355492022e-06 2.1868495342642996e-05 2.1969408685961218e-05 2.5497905587468408e-06 0.0013546127252111794 2.3110937733526308e-06 0.00033206429554745584 0.0008395686117706204 0.0009525164432243477 0.00024370128902944776 1.1218800241417262e-05 1.1294207521524912e-06 3.312129827436092e-05 5.411678261426786e-07 0.0 3.762261174085819e-06 1.2576494585780432e-07 0.0 0.0 0.0 6.090163644365754e-07 5.4374903521827076e-08 3.280152398114942e-07 0.0 5.560087189170714e-06 5.235932946450344e-08 4.075796551221786e-05 0.0 0.0 5.285018226018833e-07 0.0 1.2272180524859501e-05 7.615716062670312e-06 0.0 0.0 1.3430123292182225e-07 5.4015243673784526e-08 4.583524041939329e-07 1.3758835926947392e-05 0.00014778251793039432 9.224010301712846e-05 3.5997916971907213e-07 6.42565449938575e-08 1.913585610396929e-07 2.44574751150258e-05 0.0 0.0 3.4759823523047414e-07 0.0 1.885896932334236e-06 1.0499691085574349e-05 2.114460034697437e-06 2.3645480637592277e-07 1.2493557584152522e-07 0.0 2.342801512298792e-06 0.0
2.173714450258081e-05 2.3627733337082582e-06 3.5203119995514144e-05 4.837027700112654e-08 6.578003747814862e-07 3.3980463468637548e-06 6.624623421826473e-06 3.199338462674083e-05 2.8935970933653894e-07 4.265694637094757e-06 0.00012257538664116384 1.6694948753002126e-06 2.61230549598476e-06 7.220858111019157e-05 4.7193090071003774e-08 1.4798057559592953e-06 0.00240617413842246 0.00043178897781322433 0.0 1.7749148342883556e-06 2.119915524632339e-05 5.088721154125767e-07 0.00018260675414066805 1.7963037094463782e-06 5.00154375125798e-06 0.00433331388483187 0.0006667961994911361 1.3600670696667117e-06 0.00010646582595442475 1.9781580434185774e-05 1.7271869088496923e-06 4.015331234289278e-06 2.0810570366017954e-05 0.0017021310995437356 2.545479220227151e-06 0.0003334273831268617 0.0004123026741216666 0.0005868842877368452 0.000182406121931354 5.312764736833785e-06 1.7876731383329407e-06 4.956041152534503e-06 4.3780328349695504e-07 3.947853418485775e-08 1.0389960615759267e-05 1.3932107789693805e-06 0.0 0.0 0.0 3.815747310609194e-07 5.9225369014333946e-08 3.1499075779909764e-07 0.0 1.371196711377078e-06 0.0 9.830921473750376e-06 1.4341050943707634e-07 0.0 4.559783334338899e-07 2.4831727813461773e-06 9.209700083235759e-06 2.9534067616872705e-05 0.0 1.8500862985319767e-07 4.218480362464734e-07 2.335270419798468e-07 2.4280289986573195e-07 6.851933667181522e-06 0.00028410984143510876 0.00017199564463534902 3.91508298403001e-08 2.4062443806226735e-07 1.3085799095909092e-07 1.1879603518324204e-05 0.0 0.0 9.448543691115e-07 4.3139877198964e-07 4.052404854308801e-06 4.275159697522385e-06 3.5072963647359202e-06 1.5173231724360473e-06 0.0 0.0 1.580447947860737e-06 0.0
3.624975157123524e-06 0.0 4.575138227230151e-06 0.004251434460542336 4.211681081622492e-06 0.00038557164999644184 2.2742660706949556e-05 0.00021800929918296212 0.00021666333876894377 0.004137975804023029 2.084207976133985e-05 0.0037504097676749745 1.2674620828715977e-05 0.00027620514577461803 3.2882623333492205e-05 0.0 5.205707309881468e-06 9.481073937884657e-06 1.7749148342883556e-06 0.0 4.883846632950648e-07 1.899935243167772e-07 1.4126004953686514e-06 0.00025570548317263136 1.3732910329251323e-06 1.618389534631659e-05 4.294933827981606e-06 0.0032839503800251874 0.00026972387886165737 1.6747876787605158e-06 5.310914179917172e-07 3.603126129278522e-05 6.555546456222437e-06 0.00019123830957768536 7.68572724909599e-06 0.00033988143807996965 8.89295258220663e-06 0.0005307822893040355 6.58553901195959e-05 0.0002149598348625601 7.115402407736608e-05 5.66783441599298e-06 5.160135491249479e-06 2.4358207961438565e-07 0.0 0.0 4.8286104870429545e-05 0.0 5.644022519523307e-07 4.899204163155419e-05 1.9391523321830293e-06 3.480308062779307e-05 2.6557733903742652e-05 4.8042744029077304e-08 3.211314415120119e-05 1.671384078540583e-07 1.5846163507697336e-06 8.381701331429449e-07 4.126019716534882e-07 0.0 0.0 0.0 1.294896692439622e-05 6.390151512052117e-07 8.995932925919593e-08 0.0 0.00010280524398375104 0.0 4.0644850993233703e-07 1.5883408624196883e-07 0.00011456613352858118 2.2191117744850176e-06 2.465448134823605e-06 0.0 1.6221202798654506e-07 6.425256441157154e-07 2.080407817741835e-06 0.0 1.1427195858721064e-05 1.4280077334456666e-07 3.6881250003353496e-06 1.3269581416908052e-06 6.67506918398462e-06 5.445498553038916e-07 1.0620933576566982e-06 0.0
0.00021302626585764008 5.459290200493263e-06 0.001544571374048409 4.761900581240254e-07 1.2685687678810016e-07 3.239958194103806e-06 0.0010970417393462713 0.00010144268843576691 8.462737609573581e-05 1.8469902944627836e-05 3.040416271273179e-06 2.0843738844117426e-07 3.553588334402971e-06 0.0003579960226292352 1.1670053612374386e-07 0.0012533243006777226 0.0003126666879218271 3.471492779083848e-06 2.119915524632339e-05 4.883846632950648e-07 0.0 0.00015886151813108946 0.00967164115239668 0.0005159564859993348 5.570785457107598e-07 0.0001156487239716781 0.0015485832454978196 0.0037453268160097027 0.0008908050309938446 0.0040799242188673005 0.0 7.773098995680769e-07 0.00014706013449858953 0.00183443949236798 5.679771546367279e-05 0.001273800095504863 0.00015714237813869793 0.0016944292903739357 0.0005981358609942445 5.044612385623595e-05 4.131899510944981e-06 2.5262992783630802e-06 1.1003768522715243e-05 6.557913117856155e-06 1.7393708087082909e-06 8.999049349570096e-06 7.621999417460398e-07 0.0 6.549864564243547e-08 7.697119988809107e-05 3.641752915843724e-06 8.391714765652906e-06 4.21046133232448e-07 2.4938608726730415e-07 4.842011723128797e-08 1.3649456767128348e-07 1.2301589589656876e-05 0.0 0.0005259658762144419 4.407143810050313e-06 1.7358615992684889e-07 1.4457460423680063e-06 1.4571393461519114e-07 0.0003826303495677696 0.0001981481893108134 0.0003085571053009892 6.633358780300981e-05 4.4636263292513793e-08 4.445500805969378e-06 7.172177931630876e-05 7.615613935229341e-05 5.890665196917401e-05 0.00016154791030698577 3.7020370570310866e-08 2.2323540454320504e-07 8.505646538252371e-06 1.7910382001573304e-05 4.715964224113069e-06 8.478030204182552e-05 3.7112442820504616e-06 3.085003530049977e-05 1.341695030677572e-05 1.386337060472683e-06 6.311389801049554e-07 1.5221926055836347e-07 7.007723120269123e-07
2.7090257186443123e-06 0.0013465442692960601 1.082642189937391e-05 1.524781278478902e-07 1.5205400860085102e-06 4.4963974929518615e-07 3.176359552180617e-05 1.6303253341343495e-05 0.0019097417381813604 5.720225128503866e-07 3.996049537263664e-06 4.234377510788638e-06 7.066868991399911e-05 2.0194177614701474e-05 4.026965479433707e-05 0.001717106340693075 3.5605914099737363e-06 5.38349856831146e-07 5.088721154125767e-07 1.899935243167772e-07 0.00015886151813108946 0.0 0.00020916213411903601 0.002643886540114187 0.00020899639700230595 2.7646788736630573e-05 0.0025185053581035124 6.0655531046059416e-05 3.2661436628947575e-05 0.00012352924293102967 2.1600663305611405e-05 2.1713241020267166e-07 3.234902891062831e-06 1.882666949602583e-05 2.0557701318474425e-06 8.0233097504298e-05 1.56845094211973e-05 2.2833784034748172e-05 1.3271434748600808e-05 3.980989006919279e-05 2.45441290113426e-06 5.150766884374307e-06 5.013284397946667e-07 1.095446998282181e-06 7.723161808058788e-05 0.000114744200521731 5.8479147480650614e-08 4.568591261413656e-08 0.0 1.3846059604038675e-05 1.129263880675263e-06 1.3205658041947905e-05 2.9851044706015985e-07 4.211086732593504e-07 1.8691433225528283e-07 2.636183622459602e-06 3.0691978465154176e-06 0.0 0.000331741037411582 1.5789936727325963e-05 5.8480740880356576e-08 2.0879502791672923e-06 2.0118051383166318e-07 0.00010736248834686835 0.0001401223432666756 0.00020000261971647642 3.309381781389596e-05 2.9627677304532836e-06 1.7040710133824218e-05 0.0011097540042649178 1.9500654115483732e-05 1.0833713110470903e-05 3.6071976687995366e-05 1.2634668515177364e-06 0.0 1.956873897646674e-06 8.222925745198656e-06 9.9176059254208e-07 4.9626000429606e-05 6.666462331555593e-06 2.7618774512787684e-05 2.3836028807209443e-05 1.7897900810521064e-06 0.0 6.104294292165315e-07 0.0
0.0002897753917217388 1.858862756144853e-05 0.007428419986827354 3.688406452333752e-07 0.0 3.0137091784764777e-06 0.00019098679859893148 0.00015236753000347046 2.785264971442639e-05 1.1769690755561074e-05 6.916891541404308e-06 4.0508904099283315e-07 9.165544439612443e-06 0.0005059077408971306 0.0 0.0010141781702803468 0.002152014803635511 1.4246236405219054e-05 0.00018260675414066805 1.4126004953686514e-06 0.00967164115239668 0.00020916213411903601 0.0 5.579034311637294e-05 1.1693325707319874e-06 0.0002851590501543661 0.0082793526000384 0.0002690867972991722 0.0005488153913922463 0.0009752178327786883 6.029185550259777e-07 1.6801027497082425e-06 4.590589381882494e-05 0.0022147778884843952 0.00013148266294235502 0.002773362005151435 0.0007010420564936284 0.00352583418673316 0.0020518489472765144 0.00013764391933057064 1.4452020352895447e-05 7.292430456147993e-06 2.3417769329520394e-05 1.2708373278692116e-06 1.8508793364826037e-05 4.7512264265091704e-05 0.0 4.060245708087428e-08 0.0 7.736367278400442e-06 4.43234555944061e-07 1.9385526742525043e-06 1.1324161539960393e-07 5.742558940734642e-08 0.0 0.0 1.7870641351313712e-06 0.0 0.00029962569555745547 1.4539405812927125e-05 4.1340690467931136e-07 1.9199990551520233e-06 2.5715385614042627e-07 0.000112504995502945 0.00015474914026420545 0.00026379553413132873 1.2088420449470624e-05 4.3598793451526645e-07 2.2739042223835184e-05 0.00036927303066982024 9.867373970521136e-06 7.126337653953602e-06 2.7172137833344242e-05 2.4723672597425863e-07 0.0 6.80827239313654e-07 9.54602319243489e-06 6.238022510112338e-06 4.81410642839235e-05 5.722349028217631e-06 2.6978875619080117e-05 1.2534956401987575e-05 9.356283915642359e-07 0.0 0.0 1.4086695491242993e-07
