0.0 2.201006579796657e-07 4.0514939916462206e-05 5.053076291559877e-06 1.4655164044024754e-07 6.577030577831525e-06 0.0006765565455358897 7.432299282596324e-05 1.1018506680805248e-05 1.9289024642455287e-05 4.268812598060352e-06 8.95320523593584e-07 0.0 0.0024177444338623353 3.2803566139929827e-07 3.026656061052407e-07 9.493744505513531e-05 7.228571108600846e-06 1.2902910426908824e-05 4.204472034861189e-06 1.1084795519443225e-05 4.170829508167222e-07 3.288851338740592e-05 7.342183393530749e-05 8.556767636528528e-08 2.6734911187099326e-05 2.2883220429608192e-05 0.00014091160230596283 0.0021468515727149874 0.0008419197143573734 2.546924757075796e-07 1.0448962637950745e-06 1.926749849495272e-05 8.072435520307359e-05 7.526685441635342e-07 2.681775583108437e-05 6.3099068793011435e-06 4.942985278434743e-05 9.262809269542986e-06 2.79190016373077e-06 2.4659670239769303e-07 0.0 3.118609160430827e-07 2.167955547937454e-06 6.821039967486939e-08 1.900884188027591e-07 8.121906575345626e-07 0.0 1.893423962125038e-07 2.1447331396934732e-05 1.8846968319022357e-07 4.049598331138653e-06 1.185054355591604e-06 7.309186799140482e-07 7.576383133998716e-08 6.12334163504953e-08 3.2000651400421825e-06 0.0 6.765147676749995e-07 0.0 0.0 6.419523161462503e-08 1.8856700414926037e-07 3.002204133263886e-07 5.320176808144183e-07 2.819001937569288e-07 2.7458741681717202e-05 0.0 2.817182870132976e-07 4.0478642292504924e-07 2.9424456661862047e-05 9.315103860404616e-06 6.600533653278483e-06 0.0 0.0 5.388599921244307e-07 1.9262482194859225e-06 3.86485947786711e-07 5.717528544265865e-06 4.646177784150155e-07 5.4226227353067136e-06 1.9273533117928056e-06 3.4525658922282014e-06 3.8404554133820207e-07 0.0 1.4951213962722408e-07
2.201006579796657e-07 0.0 6.186391208734391e-05 0.0 6.864690809143218e-07 4.4877358122279474e-07 1.4559457211056598e-06 6.896137457833267e-07 0.00032722641437421063 1.1475117652071167e-07 1.0136797953622057e-05 3.7649024097447972e-06 0.0004131410662407194 7.633049291197029e-07 7.453724893917531e-06 0.00011577007396844205 5.289562933790785e-05 3.408979374661241e-06 4.432815836672721e-05 2.6864983731157123e-07 5.277050040196071e-06 0.0011924530665256884 8.978295579001312e-06 0.0005932376480775444 0.001194186110864011 0.0004195947089348198 0.004598181575092287 3.750313327178687e-05 8.301337260587451e-07 1.4081501923733798e-06 3.16157132477605e-05 3.0323724519887483e-07 5.994464943514826e-08 3.9889057255929345e-05 6.016394913904872e-07 6.533202660285961e-05 0.00011135223856591868 0.00012003926469314716 1.4896297942601052e-05 1.5180822263248486e-05 0.0 2.80331050910705e-05 0.0 0.0 6.932071260446107e-05 9.109047056815879e-05 1.0217437232061915e-06 0.0 0.0 1.1642110589759432e-06 4.3680747054216587e-07 5.090415960525992e-07 5.3903027024605144e-08 1.1521673423029855e-06 1.3302748101819923e-07 1.3630635596503307e-05 7.539522170091041e-07 0.0 4.180998689007833e-06 5.62063696325744e-05 4.098251978186873e-06 4.762533307500575e-05 0.0 1.2053826437171034e-06 1.2359966594996873e-05 8.69789307777089e-06 2.774370114265025e-06 2.253308049616782e-05 0.00025381024059536864 0.0010119407289363792 2.838368238772282e-06 8.72981194280068e-07 1.2692740513911205e-06 5.8701932419511906e-06 0.0 0.0 6.922721414240831e-06 4.474314771706822e-07 6.677471326897015e-05 2.8744955911555892e-05 3.562106882990632e-05 9.712094588706005e-06 1.5049357699147645e-06 2.0824922607167124e-07 5.5599588826856146e-06 0.0
4.0514939916462206e-05 6.186391208734391e-05 0.0 1.3178108622168448e-06 5.558242986531408e-08 4.730816806029591e-05 0.0013488830812701804 0.0005330686551415562 1.4688338616897518e-06 0.000187443861847495 1.5106288122674022e-05 2.2512662240091457e-07 3.4018569287993785e-06 0.0005725965718334573 4.331465040226122e-07 7.3655220153159475e-06 0.0017750583744235867 4.727326912516067e-05 9.980058892232098e-05 1.3921094118855936e-06 0.0005570785699095114 1.2952130704100321e-05 0.004418040160756578 7.173703434017165e-05 2.5722799852220256e-06 0.005274837435568502 0.006489160791819583 0.00045437860683990246 0.00010699213709458343 0.0013202513801226837 1.255187979078459e-05 2.391429907496665e-06 8.052189928642761e-06 0.00035805138047080587 7.429623206342945e-06 0.0007420818352204681 0.001938549684686869 0.00043219033287451175 0.00014641092481626396 3.0311500428620416e-05 1.8883877899212928e-06 1.503620812409304e-06 3.5656522278763073e-06 7.219219503042678e-07 0.0001364730190387865 0.0005588700316290185 0.0 0.0 9.667448360577179e-08 1.0857603232104789e-05 8.123550100351705e-07 9.041656751630841e-07 5.409990561907447e-07 4.3275049247862956e-07 0.0 4.750852340649539e-07 1.5629211536847256e-06 0.0 1.6911314989876492e-05 0.00013754544184523202 2.3264817913571745e-06 2.2639186391333653e-05 1.3802175155158742e-07 2.897821582201321e-06 3.5156995007131186e-05 0.0002048828209319 1.3058440257294875e-05 3.438280372351563e-07 8.197732172936428e-05 0.0014040055173024902 1.551970745190012e-05 2.137126705803761e-06 2.19085475349582e-06 6.722584432086402e-07 0.0 3.7268328417704664e-07 1.582243085736391e-05 1.356977819190742e-06 0.0001423392092978495 0.0002659062914397175 6.492091236639819e-05 3.153279170492907e-05 6.721898906485486e-06 3.7342834753693896e-07 0.0 2.465878565258823e-07
5.053076291559877e-06 0.0 1.3178108622168448e-06 0.0 4.831388929059384e-06 2.285604545634413e-05 0.00010080100562180742 3.567122032989841e-05 0.0010683887539156317 0.002328919392390802 1.807468691216668e-06 0.0006585143408909059 3.5647390831305396e-07 5.858219002693535e-05 5.8385464496822296e-05 0.0 4.6847937795013103e-07 6.055743263632071e-07 1.776950610256139e-07 0.002944207599131733 0.0 5.911015765054968e-07 3.5511409942202496e-07 0.0014609435838225302 2.0452424320223342e-07 6.757350312476212e-07 6.150153302269009e-07 0.002949224318287767 6.939443964926299e-05 1.5674971375772397e-06 0.0 3.7218763511633166e-06 4.0654291449393257e-07 3.0359618471553175e-05 1.943782240099893e-06 0.00012210179793341604 5.0089688889891e-07 7.093185163633425e-05 1.2972794673745477e-05 0.0002042342250026294 8.211265909275134e-06 0.0 3.012459468050674e-06 1.7331988497085074e-06 6.636974464465732e-08 0.0 0.000178105080803148 9.257701619944999e-07 1.3794671907938103e-05 7.35454600159081e-05 3.1208566469925626e-06 9.48981028634706e-05 9.861585713331103e-05 5.088653268334898e-07 0.00012017342917315867 5.765591269398481e-08 9.82910310599798e-06 3.1550060359210185e-05 0.0 0.0 0.0 2.0744984997553169e-07 6.883699958435542e-05 0.0 8.117221307942044e-07 0.0 0.00036479070866500925 0.0 1.2651147172275982e-07 4.916018484677404e-07 0.0003480263114862134 1.1207574206774517e-05 1.1208689880079804e-06 0.0 0.0 2.0894333236467464e-07 4.25377522163951e-06 1.1304052503217397e-07 1.8403357102814123e-05 2.7953017124552526e-07 1.0276911482129507e-05 3.4433044150382623e-06 7.246691476943856e-05 8.607264665702155e-07 0.0 2.557098557281738e-07
1.4655164044024754e-07 6.864690809143218e-07 5.558242986531408e-08 4.831388929059384e-06 0.0 0.0001781184134897134 1.205306055883965e-06 4.944258279596992e-05 5.177554905660438e-05 3.4747157358960727e-06 1.0034899229732585e-06 5.242006210859161e-05 1.0050579405080396e-06 3.5591568796826435e-06 0.0004049244275937884 0.0 0.0 7.411896406616626e-08 0.0 5.086692028553979e-06 0.0 1.9171935595646356e-06 0.0 2.168096472300441e-05 4.672444523404092e-07 1.559650754340235e-07 1.32114469517059e-06 2.440088317958461e-06 4.6133703827256825e-05 3.255564863297743e-07 4.8081631464852494e-08 0.00013017384545617258 4.455859441430617e-08 1.3665733373872497e-05 0.0 5.987055078843236e-06 0.0 6.99983413299577e-06 3.0126368241792728e-06 0.0008862151309212653 3.945256621027545e-06 0.0 0.0 0.0 0.0 0.0 4.7062274382087134e-07 0.0 0.0 7.305138323197261e-08 0.0 1.0836340290211392e-07 0.0 0.0 3.3954901862246416e-07 0.0 0.0 7.770298263196737e-08 5.359895427339106e-08 0.0 0.0 0.0 0.0 8.819801042564749e-08 1.1622000374308685e-07 0.0 5.892664869756839e-07 0.0 0.0 0.0 1.9651530904983803e-06 0.0 0.0 0.0 0.0 4.9622433702682434e-08 0.0 0.0 8.114041901255253e-08 5.8779993178700124e-08 4.774007015771518e-08 4.078923813756907e-08 6.174288618561301e-07 0.0 0.0 0.0
6.577030577831525e-06 4.4877358122279474e-07 4.730816806029591e-05 2.285604545634413e-05 0.0001781184134897134 0.0 0.0010231762098389461 0.002490651815084898 2.8602832081744593e-05 0.005602439011108801 3.16263702185205e-05 0.0026021912003850976 1.7936522618328404e-05 0.00023655745120200664 0.00032848145528690533 0.0 1.79672410311127e-05 7.180380020112262e-06 3.656269417277177e-06 0.0002079925629373918 3.525035166678142e-06 4.2609596769972896e-07 6.0067930638058245e-06 4.220124710416765e-05 4.2296676182653833e-07 2.4329413639245174e-05 8.355186901367935e-06 0.00012321305922100188 0.00019865321340991726 2.1257045566558996e-05 4.2942926374637656e-07 0.0005823616603443407 4.1098113915627524e-07 0.00022111765538520276 2.9175405102357752e-06 0.0001536819911394706 5.307094048558783e-06 0.00019219843269539056 8.349971160912874e-05 0.0007495720293783756 0.00022542816321938916 2.058882792545067e-06 5.129501589169939e-06 6.215189579208642e-07 0.0 5.340146740246638e-08 3.116288242002062e-06 0.0 6.693157077894082e-07 8.386703842328025e-06 5.377304050681437e-07 1.7789758009104648e-06 1.6549873473050782e-06 0.0 5.101775716485792e-06 7.624230068311741e-08 1.5837786292311092e-06 2.112485600109029e-06 3.181169215289973e-07 4.7881587737567997e-08 0.0 1.595372329363271e-07 1.7147225735078582e-06 4.0458107232944305e-07 1.685426741911436e-07 1.3852375313993435e-07 1.3781474705295381e-05 0.0 4.889785138425862e-08 3.2313257340538915e-07 1.4173534613041748e-05 1.745533092049943e-06 9.059500564366145e-07 0.0 1.7669249505755245e-07 0.0 7.277659647124072e-07 0.0 3.4440320878463193e-06 3.3811601357971634e-07 1.8500791182283475e-06 4.7609921913030454e-07 7.645958561039697e-06 1.9586008170571057e-07 0.0 3.192225147309165e-07
0.0006765565455358897 1.4559457211056598e-06 0.0013488830812701804 0.00010080100562180742 1.205306055883965e-06 0.0010231762098389461 0.0 0.0023141312652225866 0.00010089071471469874 0.006733551809379332 1.4781922568310227e-05 2.486063132193694e-05 7.085970596954192e-06 0.005123845793833783 5.805762766456168e-06 1.7829504030204477e-06 0.00011829110547717422 1.1809019720833156e-05 1.0618594935631483e-05 0.00011052293349376198 0.00015442308890681596 2.1195773276825125e-06 0.0003502826834446336 0.0009461947623288145 3.4020965006747915e-07 0.00026043732252037567 0.00025089014223025685 0.009722284977796007 0.0011991452509145302 0.0018710574590299297 6.805343704569147e-06 2.5214768139131833e-05 4.8066381761317596e-05 0.0002989494895559168 3.321954317998372e-05 0.0011466909271958972 5.823780910306911e-05 0.0005745381483478912 0.00016547779195548326 0.00019406743720933267 6.471669194386273e-05 1.805637340393594e-06 2.4582579314859165e-05 1.5950172442175463e-05 7.9860351629094e-07 2.7099624802384056e-06 7.5503275596513904e-06 1.0304461786192832e-07 3.6170880063713612e-06 0.00016322112995264667 3.1160191860698296e-06 2.836486284455285e-05 1.681050938919422e-05 1.835082978891639e-06 1.675598768804996e-06 0.0 2.3660543538155955e-05 9.845190865856782e-07 9.111589703143633e-06 1.5430868724699412e-06 3.450436996658499e-07 3.132499503588543e-07 2.730304151755453e-06 8.40402598761563e-06 5.09396229083262e-06 5.694359601819922e-06 0.00020822275933452355 2.271992638568779e-07 1.1373381548829535e-06 1.6098756213776413e-05 0.00022899656335743248 6.833781852286043e-05 5.01825085180386e-05 4.909209716965682e-08 1.6383386144704655e-07 5.188746403120495e-06 1.4542770174483942e-05 1.01513612869095e-06 5.883085346153713e-05 2.7102040884321997e-06 3.5760457389784145e-05 1.096198933526614e-05 2.1307727573322944e-05 2.076393290735293e-06 5.8336115057461836e-08 1.957072288384567e-06
7.432299282596324e-05 6.896137457833267e-07 0.0005330686551415562 3.567122032989841e-05 4.944258279596992e-05 0.002490651815084898 0.0023141312652225866 0.0 2.631900377145542e-05 0.001941590883848978 0.00010223347145923365 0.0002383364395776742 5.705977742683399e-05 0.004270100049870871 4.755948620912358e-05 2.8584821896559424e-07 0.0003660675615954976 4.421925413141307e-05 5.573106764191183e-05 0.0001493987895523335 4.44800354151531e-05 1.9316301074791617e-07 0.00011140372831012467 0.00015105574085996705 2.4393361896868857e-06 0.00026137489211613534 7.874517058249384e-05 0.0003437868339499796 0.00028388494107224057 0.0005198591018677303 2.8806672563936916e-06 0.00048040446026598687 6.553891856052749e-06 0.0004888652706449459 1.0448276205500644e-05 0.00026520620858500325 2.9767957902735243e-05 0.0005625691919908966 0.00020978851943686654 0.0003580120071418033 0.00021471458854413077 4.374973752097504e-06 1.0379262966024093e-05 2.5032462712516533e-06 3.238477271113722e-07 1.3762565325127505e-06 3.7207193163685915e-06 2.4302269518496266e-07 1.4136420546545049e-06 5.6533997624343306e-05 9.789368012921877e-07 5.756213938133176e-06 6.081656318609475e-06 5.657432382266913e-07 1.493486828447982e-06 0.0 7.587284410583288e-06 7.562980099508292e-08 2.5724356653634824e-06 6.412100977392086e-07 0.0 2.4033422128837294e-07 2.9714969431474446e-07 1.0905155181801365e-06 9.555425935806826e-07 7.933569321600488e-07 5.791093264373587e-05 0.0 4.555614586650802e-07 3.3726243376566087e-06 7.247253521114806e-05 1.7989046281912635e-05 1.254799344441564e-05 0.0 2.56113688437129e-07 1.1169483908948112e-06 3.5042713355867083e-06 2.2902950812751996e-07 1.752021047294783e-05 1.4626153382121133e-06 9.763438166502387e-06 3.6076945875360793e-06 6.0843853650039725e-06 6.154987823298002e-07 3.960219940281018e-07 2.8920069634567595e-07
1.1018506680805248e-05 0.00032722641437421063 1.4688338616897518e-06 0.0010683887539156317 5.177554905660438e-05 2.8602832081744593e-05 0.00010089071471469874 2.631900377145542e-05 0.0 4.483898273987968e-05 1.959510278751138e-06 0.00039534381951035014 6.563856370854302e-05 2.393016220140787e-05 0.0003538410523542221 1.3503881262712252e-05 6.459481188841645e-06 1.2613775295431675e-06 4.6573400368699116e-06 0.00039333977724355043 7.4790643815191045e-06 0.0015304569024948403 3.7520910337803266e-06 0.005171180519165549 0.0002080839181023241 2.643841293133247e-05 0.00032684336694644014 0.0005645840159447725 5.770990679223886e-05 5.3899245957860815e-05 1.1334265287016626e-05 1.2275848381186397e-05 3.046281537787514e-06 1.5163869549329722e-05 1.9122477350753094e-06 6.50972646325949e-05 1.2239988902884945e-05 3.0103907689332876e-05 7.43350351250705e-06 0.00036558962015972315 1.6683124255040287e-06 1.6074931249429318e-06 1.2277850006857267e-06 2.6435779703211897e-05 3.9109512039501664e-06 7.372988844521031e-07 7.857821189882363e-05 3.800643031874493e-07 3.1536457958674e-06 0.00012893772035016182 2.8523613210673643e-06 3.7829663818901194e-05 2.477787726465545e-05 1.7611733693075427e-06 4.695380927130212e-05 1.61541362100231e-06 3.647126830306762e-05 8.416039454157005e-06 0.00010781759340386796 1.4902225937136389e-06 4.668799939098656e-07 9.128934568768159e-07 1.3176484091887853e-05 4.948492412776345e-05 3.8854035496097866e-05 9.487576291867823e-06 0.0009426492999979855 2.4349900806037947e-06 4.510359590993033e-06 9.2540230271583e-06 0.00040958759108872706 0.00010283373326992917 6.103829599581672e-05 5.63424696593979e-07 1.518234297402988e-07 9.00433600863991e-06 2.0282744015190925e-05 1.1942487750493824e-06 5.210469861362267e-05 3.02246581217108e-06 4.09641600014129e-05 1.2137741912897265e-05 1.735785549263594e-05 3.173662821924699e-06 2.6578620074830457e-07 1.5406528074180634e-06
1.9289024642455287e-05 1.1475117652071167e-07 0.000187443861847495 0.002328919392390802 3.4747157358960727e-06 0.005602439011108801 0.006733551809379332 0.001941590883848978 4.483898273987968e-05 0.0 3.2856003672484644e-05 0.0022499238329081656 5.299395517750615e-06 0.0009282926439741243 8.220032708420485e-06 8.857324301019909e-08 2.1557264192377607e-05 1.179451027141105e-05 4.286249202774397e-06 0.0023980999650371764 8.09523945071916e-06 0.0 2.703951750611048e-05 0.0001694300056255223 2.432712537066081e-07 6.260482692651263e-05 2.2711134063812372e-05 0.003261189339304217 0.000657304438609077 2.0213844960139615e-05 1.6308415613243903e-06 4.672622561470183e-05 3.694302838963328e-06 0.00023674980793543795 9.012571489105108e-06 0.0004606868226419075 1.4848238363613076e-05 0.0005835757158317345 7.389414957012298e-05 0.00014071039782481977 5.55687289783376e-05 1.205617425988349e-06 1.2838417041616349e-05 4.685191938673684e-06 0.0 3.5862352718718375e-07 4.1472925784361016e-05 9.27097127885527e-08 6.212225554113475e-06 8.679937558240165e-05 2.9496807937882057e-06 1.9585221022206674e-05 2.8865844744833443e-05 3.07965183621402e-07 1.0551361769076392e-05 4.968791345178917e-08 8.37706937184899e-06 5.9079092500542864e-06 1.3390132645611954e-06 9.546437358018217e-08 9.522929993862128e-08 2.0105457602669024e-07 1.338192266823388e-05 1.2129999083979741e-06 1.373993249751353e-06 6.46095873753053e-07 0.0001472045016413448 0.0 2.781866005203664e-07 1.4073181926234306e-06 0.00016982485415343424 1.4000285198436952e-05 6.651551521622394e-06 0.0 6.59984602915653e-08 8.241412732073161e-07 3.547719082311954e-06 3.825283008100027e-07 2.149765638339573e-05 8.154173873438639e-07 1.6951748481228552e-05 3.853773420121641e-06 3.358431980328062e-05 1.0921919352935727e-07 6.10253779455787e-08 5.392537414561922e-07
4.268812598060352e-06 1.0136797953622057e-05 1.5106288122674022e-05 1.807468691216668e-06 1.0034899229732585e-06 3.16263702185205e-05 1.4781922568310227e-05 0.00010223347145923365 1.959510278751138e-06 3.2856003672484644e-05 0.0 4.538360301182184e-05 0.0013375178839009978 0.0001003643058109597 5.511462166379529e-06 3.2953150421537514e-07 0.00041829628331615024 0.0011582382915024025 0.00024536233145556243 1.8014244117707583e-05 8.97174393086038e-06 3.303176059382982e-06 3.076954842191084e-05 8.063046877653566e-06 0.00024314726023095704 0.0007647425143302902 0.0002350655050252006 1.0143017816093614e-05 0.00018955496201449441 1.737959832471198e-05 0.0003193300518763555 8.969952362888921e-05 2.2951955371148023e-07 0.004686754686249233 2.849316779550538e-06 0.0003299355252150303 0.0027916832527330932 0.0039171700931597535 0.0006189253683941415 6.4378207710229e-05 5.66286249106514e-05 0.0006578125789148997 6.886515185621577e-06 0.0 3.592560901767744e-06 3.1447008155898596e-07 4.496531463582133e-07 0.0 0.0 8.067166441406002e-07 9.307696379076729e-08 1.135437772211988e-07 3.466772722476845e-07 1.676564619166925e-05 0.0 0.00015587358257206362 1.2426724916331744e-07 0.0 0.0 4.88085506386792e-07 4.696819752049465e-06 1.6638442944616008e-06 0.0 0.0 5.930879592529225e-07 0.0 2.2331440445868265e-06 5.6784219284472935e-05 5.052710282319017e-05 7.238940812456542e-05 2.2185607900817815e-06 5.107451924509249e-07 0.0 2.4633180248651416e-05 5.668090904819374e-08 0.0 1.2386421854118446e-07 0.0 6.41029197696385e-06 6.734160172348776e-05 1.674483252643248e-06 7.49382941181483e-07 6.576596642313053e-08 0.0 4.525565453771751e-05 0.0
8.95320523593584e-07 3.7649024097447972e-06 2.2512662240091457e-07 0.0006585143408909059 5.242006210859161e-05 0.0026021912003850976 2.486063132193694e-05 0.0002383364395776742 0.00039534381951035014 0.0022499238329081656 4.538360301182184e-05 0.0 8.484503084100032e-06 0.00037799663440133015 0.0006115382259255557 0.0 4.582669106117107e-07 1.2701241229756301e-05 1.292105171236663e-06 0.002716077338397566 5.2843781345715035e-08 1.4824392433698594e-05 2.6765739400658857e-07 0.0006068629256129438 4.402718567125952e-06 7.283950017938039e-06 8.828595868915347e-06 0.00026276286560497115 0.0003124490195860118 2.533099081758894e-06 1.11734361672109e-06 8.536885971625493e-05 6.094971594980074e-07 0.00010762874947024031 3.593145228892759e-05 0.00042994875136762874 7.63112591646177e-06 0.00029692072295300085 4.848231070562657e-05 0.0011025172473201617 1.0804787680941392e-05 1.0303319123484434e-06 4.386945441373826e-06 4.081565658581624e-07 2.331652707599405e-07 0.0 5.795960014560623e-05 6.897737408245043e-07 4.899845467900137e-06 2.4357009190826744e-05 1.4965323521119371e-06 1.1091986931676504e-05 8.054782968939711e-05 8.572552017686757e-07 0.00011535761345707705 9.349709359442039e-08 4.08559895380405e-06 2.788013811468938e-05 9.645120489646838e-07 6.10363452551886e-08 0.0 4.1964991347048183e-07 2.316485119421698e-05 1.201691721710108e-06 4.710304625586345e-07 3.130248062247701e-07 8.947297062439106e-05 5.719909642123063e-08 4.323277894494978e-07 1.7720726783240333e-07 8.769108625695996e-05 3.030026953691162e-06 4.3913313274156514e-07 0.0 1.2352983018191437e-07 0.0 1.0686130380882372e-06 5.0224077391115e-07 1.745009751023537e-05 4.4460816429471857e-07 3.548980735418886e-06 1.1888870636320013e-06 7.272592981216256e-05 0.0 0.0 0.0
0.0 0.0004131410662407194 3.4018569287993785e-06 3.5647390831305396e-07 1.0050579405080396e-06 1.7936522618328404e-05 7.085970596954192e-06 5.705977742683399e-05 6.563856370854302e-05 5.299395517750615e-06 0.0013375178839009978 8.484503084100032e-06 0.0 1.3031351690061423e-05 4.930264597537395e-06 4.670118828466455e-06 4.83792031877887e-06 7.3611355259084e-05 6.432965056241005e-06 4.224247907786197e-06 1.6975411044274006e-06 0.0001299923922844549 3.2222390856006053e-06 9.963489387569489e-05 0.002404904521099034 0.00038383491579732973 0.0023393880893699498 8.549935641037198e-06 2.9909554787694935e-05 3.1492165840418797e-06 0.0005803037705189123 4.91387870953657e-05 3.5930052775101943e-07 0.00040636237504970127 1.8979496044295313e-05 0.0006507192750181903 0.0057091178481176895 0.0024790758487158856 0.000421928741614081 5.835704825000425e-05 9.226972446101981e-05 0.0011239476589804042 6.72670664763609e-06 1.1573617187663094e-07 4.0781237737293076e-05 4.3201945090591904e-07 3.574625277918801e-07 5.126477685838124e-08 0.0 9.683965325279106e-07 0.0 7.950685265098307e-07 1.6360973874597675e-07 0.00012402536131622354 1.7786972279725498e-07 0.0011533614631402758 2.941754188773684e-07 0.0 6.181738793824894e-08 2.9076539749698423e-07 2.4091192455124188e-05 6.656257666200121e-06 0.0 7.273683424471324e-08 2.6037697730878148e-06 4.274876243483356e-07 2.042127215198088e-06 0.0007592092137525497 0.00024389262522787574 0.00041124314540992693 1.1126271825152703e-06 4.231666189458683e-07 3.7703845193049284e-07 0.0001416924907591856 0.0 0.0 3.5581442401588596e-06 0.0 4.270675632295051e-05 0.0005711240539575284 2.74946835621628e-05 1.725245922823539e-05 3.2974511401357353e-06 8.632639026074465e-07 0.00030104875250922485 0.0
0.0024177444338623353 7.633049291197029e-07 0.0005725965718334573 5.858219002693535e-05 3.5591568796826435e-06 0.00023655745120200664 0.005123845793833783 0.004270100049870871 2.393016220140787e-05 0.0009282926439741243 0.0001003643058109597 0.00037799663440133015 1.3031351690061423e-05 0.0 2.007208975961034e-05 2.3217230364315557e-07 0.0006416463569326635 6.163872585515987e-05 8.27427182946654e-05 0.00025462749533118075 8.03638067559063e-05 7.764421062037101e-07 0.00021939203324732018 0.00019138717559816681 1.3339475428241547e-06 0.00026458528373770235 0.00013981726931284428 0.0004998244246982365 0.0019012679825059322 0.001857983115662984 2.558430535396948e-06 4.492776902369752e-05 1.2152201204065483e-05 0.0006287326480796175 6.80505590926969e-06 0.0003073357084467307 3.141191709641577e-05 0.0006937922953345982 0.00010147135741297255 0.0002421751126395534 1.829283141133991e-05 2.236264954590599e-06 6.115523521280726e-06 5.269853920204218e-06 9.703523770472642e-07 1.2124583622923803e-06 2.885246170358475e-06 0.0 4.817987269574944e-07 4.95797913591629e-05 7.590883325047216e-07 5.918195263843567e-06 4.604373054988305e-06 1.2285331741781955e-07 1.5554316205118363e-06 6.722715908848774e-08 8.330292496654748e-06 3.2241308188291855e-07 1.8215444703000326e-06 3.8550359113274563e-07 0.0 1.817210916331077e-07 2.202786760754298e-06 1.1046508055580623e-06 4.5428703109782034e-07 1.1226608565164592e-06 7.01941587570136e-05 0.0 7.532799012870753e-07 3.3440348368111258e-06 7.372215091333966e-05 1.9683062182018155e-05 1.3317048055985542e-05 0.0 0.0 1.6285359709384892e-06 3.592454463209524e-06 2.4389202634729456e-07 1.5441539540460107e-05 1.3843673588643042e-06 1.2715164481390494e-05 2.267245567920174e-06 6.026577242421721e-06 6.845716577800392e-07 0.0 2.624431126947784e-07
3.2803566139929827e-07 7.453724893917531e-06 4.331465040226122e-07 5.8385464496822296e-05 0.0004049244275937884 0.00032848145528690533 5.805762766456168e-06 4.755948620912358e-05 0.0003538410523542221 8.220032708420485e-06 5.511462166379529e-06 0.0006115382259255557 4.930264597537395e-06 2.007208975961034e-05 0.0 1.2988690188125198e-07 2.1000190363586935e-07 9.259765733090058e-07 3.334641064402877e-07 5.9063087568425317e-05 0.0 2.6125943319784568e-05 0.0 0.00042292889742909934 7.138452604404851e-06 1.7702466114525146e-06 1.4995853924752548e-05 3.3271625260397176e-05 2.1098586380871438e-05 1.1797027439205357e-06 2.8766902152850047e-07 0.0005100737770238836 9.767859481864987e-08 9.735338455882613e-06 5.261520689909072e-07 0.00014169538763488153 1.6101903301275006e-06 1.8974157488633413e-05 7.814162862628045e-06 0.0005799431835061011 6.953851539827892e-06 1.68549070588014e-06 8.335004969533816e-07 6.480655141657487e-07 0.0 0.0 6.267950811088145e-06 2.353136521286874e-07 2.1055323847451824e-07 3.8736056224583345e-06 0.0 1.572223255753754e-06 3.155078879481918e-06 1.6173709780282426e-06 9.842443132476238e-06 0.0 3.616363126134975e-07 3.4099318871377728e-06 9.415074393764072e-07 0.0 0.0 0.0 3.275317623026976e-06 6.601207219601189e-07 1.3337126688858434e-06 0.0 9.722724943278799e-06 0.0 6.363003213233494e-08 5.621706714964168e-08 9.753787398928651e-06 4.5750457783146283e-07 1.5000486057996443e-06 0.0 0.0 0.0 2.593640781707733e-07 0.0 6.46941775140852e-06 4.6976303442658224e-08 0.0 3.2059825404838185e-07 1.3317801667299282e-05 0.0 0.0 0.0
3.026656061052407e-07 0.00011577007396844205 7.3655220153159475e-06 0.0 0.0 0.0 1.7829504030204477e-06 2.8584821896559424e-07 1.3503881262712252e-05 8.857324301019909e-08 3.2953150421537514e-07 0.0 4.670118828466455e-06 2.3217230364315557e-07 1.2988690188125198e-07 0.0 1.4874356579304305e-05 1.2920466647321742e-06 5.442615672568757e-06 0.0 0.0006534551575724841 0.0011252159671457488 0.0029325513225101165 0.0015227218554956924 1.814138997790406e-05 1.4761796189991557e-05 0.002509781005031516 0.0006861814497087315 1.6265898824139528e-06 6.528912951329147e-05 8.230378341814335e-07 0.0 1.6723854649469522e-07 4.68039981398982e-05 1.0767202796027696e-05 0.0005120746514013082 0.00025586703983152936 9.46841833124368e-05 0.00012287448739948712 1.7689992204314284e-05 2.017975277702547e-07 1.4033007263389039e-06 4.196523524691861e-06 1.1950035485705594e-06 6.365033121467865e-06 7.162825364587108e-06 0.0 0.0 0.0 1.8536248919849357e-06 4.4994638602659175e-07 1.1191838068683281e-06 2.230009384523245e-07 7.796581829904821e-08 0.0 1.3432371879937608e-07 1.9256769208699598e-06 0.0 0.0013565982170663507 2.659465516541254e-06 4.918466781041187e-08 6.744055707028856e-07 0.0 0.00022275694946513876 0.0004806195687421326 0.0004103477550491248 5.820516264380302e-05 1.1437314481684178e-07 2.8138245620727707e-06 0.0004009582184155509 0.00010818859655514158 1.1086976979527284e-05 5.6009130616299235e-05 1.3618908465135988e-07 8.575307300504898e-08 2.304367213318891e-06 3.5488453235203535e-06 8.970821223275397e-08 0.00016934366174518547 4.7133389167609655e-06 5.12906136463602e-06 1.7023174397866332e-06 1.8834345567687883e-06 1.2311999982782325e-07 6.770291115789371e-08 0.0
9.493744505513531e-05 5.289562933790785e-05 0.0017750583744235867 4.6847937795013103e-07 0.0 1.79672410311127e-05 0.00011829110547717422 0.0003660675615954976 6.459481188841645e-06 2.1557264192377607e-05 0.00041829628331615024 4.582669106117107e-07 4.83792031877887e-06 0.0006416463569326635 2.1000190363586935e-07 1.4874356579304305e-05 0.0 0.00035994472907278165 0.002861702247294554 4.3566180901119727e-07 0.0007622282294684636 1.1513970875239923e-05 0.001706724567009245 3.908683431139477e-05 2.0317324286142423e-06 0.0015426548088453313 0.004454097990326468 4.420326705800413e-05 0.00036605993394297397 0.0016289533623195164 3.465315189946456e-06 2.6411962998722157e-06 1.4319379781956637e-05 0.0013827022369797617 3.803082328496746e-06 0.0003941513412846689 0.000588361970330244 0.0007513397269611806 0.00012211247950696157 1.4345329880249933e-05 9.125180802440187e-07 0.0 1.5778081208203709e-06 2.682447932878233e-07 3.5486081994829694e-05 8.543411845934084e-05 0.0 0.0 0.0 2.1340475403268055e-06 0.0 5.636348236984571e-07 2.0532779669749603e-07 6.043965158828746e-08 0.0 4.662923229012582e-08 3.5487348974447886e-07 0.0 1.6418280260771305e-06 2.943398978457882e-05 5.335557101235203e-07 1.0447896212776338e-05 0.0 2.746383321100698e-07 3.370154987332201e-06 1.2766066076609598e-05 4.423653128126683e-06 6.157396113535385e-07 4.581241852200569e-05 0.0001935557389642243 3.780763267426154e-06 6.112028740603088e-07 1.231178034194599e-06 6.106344138495495e-07 0.0 5.3034867891180806e-08 3.995508542289774e-06 1.9507326399753023e-07 2.27123033328865e-05 6.589825433099134e-05 1.1535531456820838e-05 5.204648216337143e-06 5.080720105851377e-07 0.0 1.15472046322987e-07 6.48563999667373e-08
7.228571108600846e-06 3.408979374661241e-06 4.727326912516067e-05 6.055743263632071e-07 7.411896406616626e-08 7.180380020112262e-06 1.1809019720833156e-05 4.421925413141307e-05 1.2613775295431675e-06 1.179451027141105e-05 0.0011582382915024025 1.2701241229756301e-05 7.3611355259084e-05 6.163872585515987e-05 9.259765733090058e-07 1.2920466647321742e-06 0.00035994472907278165 0.0 0.0008841939212464583 5.327195333018303e-06 6.745609509620855e-06 1.1262063585456755e-06 4.997846041321696e-05 3.0070688618647507e-06 8.396560104545613e-06 0.0015692926619319777 0.00046364105652901215 4.374589113817278e-06 5.7293015294635874e-05 2.8070357267096516e-05 7.768321333942812e-05 1.6574625607204656e-05 8.367089162663693e-07 0.0011194101558219386 4.934454230939856e-06 0.00048278498353110193 0.0009726081692213173 0.0014329184532226944 0.00024418963510699896 1.394055054515333e-05 2.8393774767931747e-06 5.944749484109887e-06 2.1339126260494852e-06 0.0 3.8389048093158406e-06 1.0709563691144918e-06 0.0 0.0 0.0 3.479424021554544e-07 6.314756217656492e-08 6.249353730790598e-08 0.0 1.8488784662796124e-06 6.880065045660271e-08 2.761745774143877e-05 1.747650575070004e-07 0.0 4.6664029762914945e-08 6.678727339532985e-07 8.796769702205438e-06 4.529563343572316e-06 0.0 3.6642937066451736e-08 5.16537477169767e-07 5.0793886417264975e-08 1.1348027224258662e-06 1.7673396582722596e-05 7.771783721771218e-05 9.570957188512814e-05 5.116157807615825e-07 1.4936376338658533e-07 5.011201767749197e-08 1.6353838781954616e-05 0.0 0.0 4.943129182959504e-07 0.0 2.438222503592621e-06 1.482148778267121e-05 2.221808773554959e-06 5.430412674548202e-07 0.0 6.164586576359771e-08 3.250143705788452e-07 0.0
1.2902910426908824e-05 4.432815836672721e-05 9.980058892232098e-05 1.776950610256139e-07 0.0 3.656269417277177e-06 1.0618594935631483e-05 5.573106764191183e-05 4.6573400368699116e-06 4.286249202774397e-06 0.00024536233145556243 1.292105171236663e-06 6.432965056241005e-06 8.27427182946654e-05 3.334641064402877e-07 5.442615672568757e-06 0.002861702247294554 0.0008841939212464583 0.0 7.383713498313528e-07 2.7300548186471046e-05 7.443730744790645e-06 0.00015192351485421613 2.0597874197835475e-05 3.5587263063811824e-06 0.0026057684758495443 0.0012229045478765847 5.394747186673893e-06 6.277759992118795e-05 6.523866052769222e-05 7.035029234597824e-06 2.2843928353637677e-06 1.8472881703741162e-06 0.0009584104806213662 9.173578295695628e-07 0.00030537977416895094 0.00045826382160839366 0.000546409473587247 6.405863774458196e-05 1.1064359175490568e-05 5.963041538973502e-07 1.1806879095152905e-07 1.3677119507030363e-06 9.275005939262207e-08 1.9505552255726403e-05 9.383593667842462e-06 9.885117045478351e-08 0.0 0.0 6.99145729209426e-07 0.0 0.0 0.0 5.869287018068858e-08 0.0 1.3319085726456056e-06 9.454588595403163e-08 0.0 7.312287699533406e-08 1.0950908309387795e-05 2.9206441213547775e-06 2.0394001504491137e-05 0.0 0.0 3.594663993058538e-07 1.1151213582452816e-06 1.3676545638462747e-06 1.6584945226794876e-06 0.00010270258018396891 0.00012366764101409613 3.6785096315762336e-07 0.0 7.825640518803064e-07 1.434047536270539e-06 0.0 0.0 1.311686840935982e-06 0.0 1.1597952557504142e-05 5.652514646530717e-05 6.827948881467609e-06 1.9429451233634004e-06 8.180446178192977e-08 0.0 6.009377865525273e-08 0.0
4.204472034861189e-06 2.6864983731157123e-07 1.3921094118855936e-06 0.002944207599131733 5.086692028553979e-06 0.0002079925629373918 0.00011052293349376198 0.0001493987895523335 0.00039333977724355043 0.0023980999650371764 1.8014244117707583e-05 0.002716077338397566 4.224247907786197e-06 0.00025462749533118075 5.9063087568425317e-05 0.0 4.3566180901119727e-07 5.327195333018303e-06 7.383713498313528e-07 0.0 1.9134420849132983e-07 3.259762756557559e-07 6.726041459028393e-07 0.0001798713512967101 2.1147605736950878e-07 4.706956865786309e-06 1.2643728949532319e-06 0.0008388014659559523 0.0002751438087444847 2.532696349054723e-06 3.2634896120541904e-07 1.8242711192733884e-05 5.092961751361469e-07 0.00010172295546718446 3.895229306992303e-06 0.0003383818676959386 6.919964854631419e-06 0.0002580675938150121 4.105635143843517e-05 0.00031525213716639274 2.1310435346410628e-05 1.586299666685105e-06 6.182611902979851e-06 4.6469242847186794e-06 7.917524082164733e-08 2.841784837264608e-07 0.00015848227775080198 1.1547628919858533e-06 1.8048100893250142e-05 0.00019838971548430097 4.83775594663532e-06 4.952547429492067e-05 9.144653449879569e-05 1.0206564634173513e-06 0.00010173038966946192 0.0 1.4309243480128088e-05 4.20358081360364e-05 0.0 0.0 1.6313478221574545e-07 6.230918174409927e-08 4.845010650721282e-05 0.0 9.533223681494313e-07 6.214889631475371e-07 0.00036511836159349375 7.213060065536337e-08 3.611170677953848e-07 1.5525497651193222e-07 0.0004303976989493108 2.0411324029542295e-05 6.289162874486422e-06 0.0 6.065970820024218e-07 4.5793964281912777e-07 8.121651999535906e-06 3.0883558859792854e-07 4.470818046377866e-05 5.838719914871285e-07 2.2364321517166753e-05 4.964237885193902e-06 0.00010868818777764688 3.5745510603340683e-07 1.5179088072967082e-06 7.738670637529004e-07
1.1084795519443225e-05 5.277050040196071e-06 0.0005570785699095114 0.0 0.0 3.525035166678142e-06 0.00015442308890681596 4.44800354151531e-05 7.4790643815191045e-06 8.09523945071916e-06 8.97174393086038e-06 5.2843781345715035e-08 1.6975411044274006e-06 8.03638067559063e-05 0.0 0.0006534551575724841 0.0007622282294684636 6.745609509620855e-06 2.7300548186471046e-05 1.9134420849132983e-07 0.0 2.6192121968062284e-05 0.007363560741166426 9.760968308407915e-05 2.4035842106625516e-06 4.175811187901796e-05 0.0008420912639928587 0.0014494479621205572 8.715156744054124e-05 0.004633368686701545 1.4439120779884243e-06 3.6868050753974954e-07 2.665357121215923e-05 0.0019838840756846304 0.0001268955595848178 0.004146076751852611 0.001051622551367078 0.0026319611461110633 0.001634365934497713 0.00012261491852072313 3.4118228051842357e-06 9.947180297581288e-07 4.717930116731572e-05 5.023928741263205e-06 1.0941852552735546e-06 2.4255897965600793e-06 0.0 0.0 2.5116474726757924e-07 1.0377445538773487e-05 9.825467321730819e-07 2.642105250849741e-06 3.608886793019503e-07 1.2190565380166527e-06 0.0 6.577892421758908e-07 5.814377814048581e-06 0.0 0.0002795438094158599 2.2825155102335735e-06 0.0 1.0406411964770405e-06 0.0 0.00026913401792210366 5.8595135639495665e-05 6.22156962300195e-05 0.00011847893146768357 7.738911460005095e-08 6.408407907756704e-07 4.5313489512202276e-05 0.00021543287322712572 4.283216432618297e-05 0.00013944401459255065 2.7066942972726034e-07 0.0 6.054776100794193e-06 6.826499634985165e-06 1.8495366390829805e-06 4.1277671179991364e-05 3.262302651236437e-06 7.64552186241397e-06 2.1753981934063934e-06 8.019790810035886e-06 5.054273699149264e-07 1.0297553363285726e-07 4.4791959119862166e-07
4.170829508167222e-07 0.0011924530665256884 1.2952130704100321e-05 5.911015765054968e-07 1.9171935595646356e-06 4.2609596769972896e-07 2.1195773276825125e-06 1.9316301074791617e-07 0.0015304569024948403 0.0 3.303176059382982e-06 1.4824392433698594e-05 0.0001299923922844549 7.764421062037101e-07 2.6125943319784568e-05 0.0011252159671457488 1.1513970875239923e-05 1.1262063585456755e-06 7.443730744790645e-06 3.259762756557559e-07 2.6192121968062284e-05 0.0 0.00021668272062437275 0.002928784926503399 0.0005004916202024583 3.073959314399361e-05 0.0018262522388613138 0.00015525071922168785 1.1142321516988777e-06 3.872445647769869e-06 1.3464065004997389e-05 2.874861588283302e-07 7.435245023058388e-07 1.1387934071950905e-05 2.454166460742583e-07 1.9212294548578956e-05 2.28390809271954e-05 1.532316949879345e-05 3.2499188890367445e-06 6.899906405209416e-05 0.0 3.6790990966402635e-06 0.0 3.927793370661884e-07 5.725146843475045e-06 2.968483172300178e-05 2.862299772630549e-06 0.0 0.0 2.3529143628800627e-06 1.6073854619746243e-07 6.043798213459716e-06 5.0918596185912665e-08 6.22833660068071e-07 5.595894971736973e-07 2.8162754840432097e-06 6.228905951371532e-07 0.0 0.0004712761096753543 5.209129694759059e-06 5.564366182808679e-07 5.635379414318046e-07 1.2413781854080184e-07 4.784829791300345e-05 4.7245386521437624e-05 0.00012614850394274758 3.566113539436472e-05 2.5162984173110343e-06 5.923467576955423e-06 0.0005234793957300107 3.6155627940822965e-05 3.5551551506689506e-06 1.2434709225763934e-05 6.423084296000192e-07 0.0 5.645057459391383e-07 1.3136538786587854e-06 1.5793233577684265e-07 1.2109337170295912e-05 4.615042351694771e-06 5.74390902597884e-06 3.4255664450252564e-06 1.5063874684912056e-06 0.0 3.7380447714920196e-07 0.0
3.288851338740592e-05 8.978295579001312e-06 0.004418040160756578 3.5511409942202496e-07 0.0 6.0067930638058245e-06 0.0003502826834446336 0.00011140372831012467 3.7520910337803266e-06 2.703951750611048e-05 3.076954842191084e-05 2.6765739400658857e-07 3.2222390856006053e-06 0.00021939203324732018 0.0 0.0029325513225101165 0.001706724567009245 4.997846041321696e-05 0.00015192351485421613 6.726041459028393e-07 0.007363560741166426 0.00021668272062437275 0.0 0.0006403325974339027 6.190916687020312e-06 0.00043260022060563814 0.0057847895767445525 0.000906755014097806 0.0001827851357325722 0.0038583646144252567 3.6387832272284004e-06 1.004095367571081e-06 1.1283196618749363e-05 0.0013512044523083546 9.088432663993512e-05 0.005772452230104492 0.004369513768812783 0.003328967304148695 0.0033586129425833586 0.00025313521753894414 7.631014583537022e-06 2.3589788758663647e-06 4.108190921805769e-05 1.7000901985510553e-07 2.688620930562607e-06 3.824963409566994e-05 0.0 0.0 5.756451801072583e-07 3.6518043832720295e-06 0.0 8.291351148697907e-07 2.8407416660604e-07 2.710823112850996e-07 0.0 2.063252260360715e-07 1.1659229905295727e-06 0.0 0.0012522854418150313 2.6519494031932236e-06 6.76906146758356e-08 7.429804419035937e-07 0.0 0.00010959306779133385 0.00036285658655889287 0.0005114507447291324 3.159794707048194e-05 5.165788779450885e-08 2.747085939335488e-06 0.0008923748831697516 4.765913226726211e-05 3.027025708493617e-06 2.325601872321407e-05 0.0 0.0 2.9026234828503273e-07 1.2910504990895713e-06 9.822711547839109e-07 0.00024004017477630631 3.2046502850757356e-05 7.1786901835952186e-06 7.177441877867771e-06 1.1491759022076135e-06 1.2082232554778365e-07 0.0 1.5245965482915202e-07
