0.0 4.803725402979852e-08 7.507947086059828e-05 1.877937733524664e-06 1.2001956775000131e-06 7.554118500953021e-06 0.0013018014952352118 0.0005362511679926673 1.5907740757637048e-06 5.4408172034450126e-05 1.3567619361287593e-05 2.7377577765264666e-06 2.492969695485839e-06 0.0037242880719212603 1.175186696843666e-07 5.589111178525489e-07 0.0001200104888407992 9.270646797688382e-06 3.334893812534675e-05 7.98687427343098e-06 1.715627705589437e-05 3.8866126581887786e-07 2.264452897854459e-05 3.253467040842592e-05 0.0 0.00010927700281280654 2.3353247714664124e-05 0.00013414846527551972 0.0017661601961742677 0.001351321421300533 5.523184265925465e-07 1.2559996552006702e-05 4.992593096532331e-05 0.0001697181431748045 9.043436133336692e-07 3.488130137283758e-05 4.261445501667885e-06 0.00016443857388590704 2.1981978403359814e-05 2.8262453181050397e-06 7.02450193974181e-06 1.986296089477101e-07 1.0873701978620754e-06 6.707054522768993e-08 8.544106566243571e-08 1.9582744188209406e-07 5.419603124227944e-08 0.0 0.0 1.2646239155986398e-07 1.4119624232190309e-07 1.8763501606247805e-07 5.291720731879963e-08 4.44679974213354e-08 0.0 0.0 1.2181427189405755e-07 0.0 8.972954552153325e-07 1.7881593135315545e-07 8.106701201522863e-08 6.397450975431345e-08 2.2796062675297706e-07 2.053299412162632e-07 2.7979250517118957e-07 6.223515822962889e-08 3.294175119060895e-06 0.0 8.586243383069095e-07 9.744079551211235e-07 4.469728054919973e-06 0.0 6.991155815865803e-07 0.0 0.0 0.0 5.2046314993563416e-08 2.523158110302021e-07 6.995204132317401e-07 0.0 2.8843650405403734e-07 4.688821533798594e-08 0.0 0.0 0.0 0.0
4.803725402979852e-08 0.0 0.00011824170613529266 1.0738727282599759e-07 1.7439624766670293e-07 0.0 6.761731344430004e-07 2.632879818476109e-07 0.00013115339988233355 1.5162772337104028e-07 1.2580430894983726e-05 2.0537472978296864e-07 0.00023879283793149964 3.1706766676624657e-07 7.716479543954826e-07 4.277086338767154e-05 2.5245566356789232e-05 3.1734731984497476e-06 1.1820422454698822e-05 0.0 2.1770087516625883e-06 0.0014571678742784733 2.9769046855938965e-05 0.000244890833935193 0.0005567940176192965 9.113750660390212e-05 0.005085254848328994 1.5748828180242107e-05 7.693137929228892e-07 9.463451515407546e-07 2.7945631525925803e-05 3.273705731927953e-07 0.0 1.1470531393149168e-05 7.357697126318449e-07 2.948245256152e-05 3.452295188091541e-05 3.871190020872951e-05 1.102150400662676e-05 2.709017591520594e-06 0.0 2.1125759037233584e-05 3.1501991555564597e-07 5.053232767654068e-07 2.0308863171356104e-05 3.8546577253832625e-05 0.0 0.0 3.68610102445954e-08 3.8346918099263e-06 3.586430507315444e-07 3.427103715062683e-07 4.1995838421389305e-08 1.812930492063488e-05 0.0 7.311277265467051e-05 2.2684470953171834e-06 5.996454777985714e-08 3.2290706863305837e-06 2.036440141480707e-05 7.04289119881741e-06 1.9674889729995732e-05 0.0 3.6268488943226893e-07 3.738969350956027e-06 2.3530298391427514e-06 1.241803601049665e-06 1.4991248975919194e-05 0.0001295544497299266 0.0011716769158001145 1.1028848081265266e-06 2.861433246756687e-07 1.8947355814742207e-07 2.153514674813875e-05 1.077387146261775e-07 4.284407052619649e-08 5.247226597210156e-06 2.9501338198102374e-07 2.8559542674248145e-05 7.752900162401024e-06 2.311603419632298e-05 8.087610515547008e-06 5.486465698723529e-07 8.376752761032667e-08 8.183162834326579e-07 2.234914708319077e-07
7.507947086059828e-05 0.00011824170613529266 0.0 1.2459972858517616e-07 4.1341478017512816e-07 8.68935268888585e-06 0.0008384849752077693 0.00024940604493043224 2.662847989762572e-06 2.6704736242883354e-05 5.947826270420247e-06 9.231665721194475e-07 2.483562469101566e-06 0.00033750594914856106 2.7002131412888896e-07 1.161889329014662e-05 0.0009229655476399588 5.987359352900407e-06 1.4079348188995467e-05 4.0943003062319156e-07 0.0010564761836484794 1.81980205843704e-05 0.007558855625003157 1.8861388126192072e-05 7.067134117956326e-08 0.002450628175806664 0.005855607183727523 0.00043011605670724375 0.0001348862320366724 0.0010811195144472077 3.8391902427410253e-07 3.8636494203227245e-06 4.326239573922494e-06 0.00019501008095577745 3.9149079622196385e-06 0.0005705550741760552 0.003624342484560318 0.000649011860893451 0.00020926201771096317 1.4422477899609792e-05 2.3659530037362895e-06 1.1834917847226024e-06 5.010674146841022e-06 6.898381761568654e-07 8.364513270253398e-05 0.00021686040491132944 0.0 0.0 9.664465333597929e-08 5.717134850937572e-06 1.1105564616741249e-06 3.8963169799486184e-07 2.3719589901753957e-07 5.287994647811459e-06 0.0 5.522863938763217e-06 3.6279836041660613e-06 6.138628311278642e-08 7.832170912357237e-06 0.00010258069937982188 4.4887328987891175e-06 4.7884901076174285e-05 0.0 1.458466577788281e-06 1.177895191344896e-05 2.3935269558291416e-05 5.922696185194713e-06 3.169487190658211e-06 0.0004750980044596695 0.001666276500738082 9.267546935896476e-06 2.0254647706861197e-07 2.100454314757652e-06 3.7073935344742325e-06 0.0 0.0 2.1377607120515464e-05 2.2098071920221358e-06 0.00011388449248904637 6.076754988225825e-05 9.836931865233056e-05 3.0489124316308582e-05 1.027455523207054e-06 3.007146362843414e-07 1.1852070868033244e-07 5.326134815393182e-07
1.877937733524664e-06 1.0738727282599759e-07 1.2459972858517616e-07 0.0 9.37844560218618e-07 4.23923343720912e-05 2.129914273146678e-05 3.235129276512611e-05 0.00018797835858626078 0.0018711765360905916 2.1578551854604167e-06 0.0009005693571095924 1.2171523057609764e-06 3.666647471510707e-05 3.6458581995839803e-06 1.1771401435916332e-07 3.8434686939938985e-07 6.033626628980432e-07 7.586147791749678e-07 0.002910852403845816 0.0 7.397340604438959e-07 0.0 0.0007355833516052079 0.0 1.7041923688368738e-06 9.80707496400393e-07 0.0031095019409074177 2.7736807564478417e-05 3.9029608025730575e-07 2.620531764640781e-07 5.604795625336069e-06 2.963093211384307e-07 1.0382391172497986e-05 5.915122805319842e-07 3.244610726530268e-05 1.4144928184694826e-06 5.971497602665677e-05 9.455196518959998e-06 3.5307302923081536e-05 1.2454829611646212e-05 0.0 7.068225491963886e-07 0.0 7.873922906325684e-08 0.0 5.252532751577623e-05 0.0 5.854206258375675e-06 1.7016383718693594e-05 4.079205717779655e-06 2.3050812663956458e-05 5.764001432889784e-05 8.640815020662609e-07 2.3691980294643756e-05 7.071911141689158e-07 2.821139846206104e-06 1.9582082759039267e-06 8.696024986623508e-07 0.0 4.1811893317983745e-08 0.0 4.762264265979465e-05 1.0616139022675713e-07 0.0 5.611045589196652e-07 5.535636125321626e-05 0.0 5.459645309502443e-08 0.0 9.348198408925394e-05 1.4262455900208995e-06 4.2917361196747886e-07 4.829645535659423e-08 0.0 1.7915548933831265e-07 6.244347825222429e-07 0.0 5.746615750085215e-06 4.3098215079331914e-08 3.855677984244325e-06 9.271764824941728e-07 2.6646891503354146e-05 2.8731520617157466e-07 0.0 0.0
1.2001956775000131e-06 1.7439624766670293e-07 4.1341478017512816e-07 9.37844560218618e-07 0.0 0.0003169495098912403 5.8778030218649025e-06 0.0002520856201479584 4.371392129101183e-05 1.720779394970713e-05 6.786442367201434e-05 9.4076484863481e-05 3.167894336724297e-05 1.1737868941749554e-05 0.000927340885203586 0.0 7.724537516751706e-07 8.336575531323131e-06 3.575586426876992e-06 9.801681486220547e-06 1.1196899157613455e-07 4.935164088496128e-07 2.7094209942501197e-07 1.2030973177336478e-05 1.896648383510821e-07 1.4698787093478692e-05 4.8705215368676645e-06 4.563565770199803e-06 0.00012574683127491916 7.05577535004493e-07 2.6690718223285e-06 0.00016269389974177771 8.349843263044962e-07 0.00034338389443088494 5.022975360028025e-07 3.9855918040294735e-05 5.54024527250428e-06 0.00022599064035020762 2.683331312792156e-05 0.0016336661587363676 8.95648239773807e-05 2.620838806856845e-06 8.371484150629646e-07 0.0 0.0 0.0 1.0311741888218913e-07 0.0 0.0 0.0 0.0 1.8016253350820754e-07 3.166759970217598e-07 9.040850034191776e-08 1.9735185671095582e-07 5.405361201488168e-08 0.0 0.0 0.0 0.0 0.0 0.0 8.52272530469117e-07 0.0 0.0 0.0 9.258443282638643e-07 0.0 2.9737677668596263e-07 0.0 8.143994232501763e-07 0.0 0.0 0.0 0.0 0.0 0.0 0.0 6.94840686745952e-07 0.0 0.0 1.311574590426671e-07 1.5612160985252391e-06 0.0 0.0 0.0
7.554118500953021e-06 0.0 8.68935268888585e-06 4.23923343720912e-05 0.0003169495098912403 0.0 0.0004177096603100879 0.0032233586070347592 2.694050725898436e-05 0.005669683752983392 7.894379423294897e-05 0.0018033597829711786 2.6710749663652966e-05 0.00024100473628598315 0.0005888280371899733 0.0 2.2611706083881653e-06 1.4150108599249551e-05 4.138647818280835e-06 0.000534258370289425 3.9438574000124787e-07 3.431864782570936e-07 1.2864014114871384e-06 1.983175415925906e-05 2.400434738466358e-07 3.1224614148029034e-05 1.2200743802820188e-05 5.876832446400435e-05 0.0001561348494485 5.1836996992473996e-06 4.1962672257529775e-06 0.00032697446362088084 5.768263937047258e-07 0.00014723588805159277 1.6647230715629342e-07 0.00010303042662937576 1.12011749256803e-05 0.0003488781875944983 3.1758127322482035e-05 0.0008710758863542642 5.0944414184372975e-05 2.5004688828856246e-06 2.7241446044501153e-06 0.0 0.0 0.0 2.6414273298307714e-06 0.0 7.186382406662225e-07 2.895970490889926e-06 3.9369535941268555e-07 1.913704369038867e-06 3.97005669517641e-06 2.9116932505009387e-07 3.2641717766037855e-06 4.275658278497939e-07 5.640101120006106e-07 4.832991500384814e-07 1.361058256368556e-07 0.0 0.0 0.0 3.7630236413236245e-06 0.0 0.0 1.3841851765204844e-07 7.261714096643899e-06 0.0 3.975951242072906e-07 6.11496511115086e-07 1.0813921229083524e-05 2.3177933233903387e-07 1.256576619976916e-07 1.1447017740950107e-07 0.0 0.0 1.6539271376429278e-07 0.0 2.879444851368645e-06 0.0 4.493740493936335e-07 2.5064443222838444e-07 9.559636220646993e-06 0.0 0.0 0.0
0.0013018014952352118 6.761731344430004e-07 0.0008384849752077693 2.129914273146678e-05 5.8778030218649025e-06 0.0004177096603100879 0.0 0.0021689851016891454 0.00025849491739365416 0.003598155745409046 1.596712747574978e-05 1.7794519712155726e-05 1.0336735702523493e-05 0.003931625829664936 3.7749272468278396e-06 1.8870773966472357e-05 5.5289471517416e-05 6.87967269529733e-06 5.983787897349549e-06 5.918567893724303e-05 3.640980377363879e-05 4.489205659495833e-06 0.0002721690377547533 0.0007135378810741656 1.6742617581855346e-07 0.0003350161760365787 0.00022918602656131693 0.009106686199741658 0.0007564739288793944 0.003505458332414966 9.080993593092089e-07 2.864245122907115e-05 3.4937529750786086e-05 0.0002784198913852268 2.9693051355261103e-05 0.0010028144555963533 3.862250455951186e-05 0.0009348178684372444 0.0003083738773221016 0.00012723617998224867 0.00011974191835631327 1.990773342586763e-06 1.577587123421107e-05 4.214713558100527e-06 4.3688552124385464e-07 6.319275485339378e-06 2.0366981893550494e-05 0.0 1.2508480233729419e-05 8.655830765519394e-05 1.7427165793258873e-05 5.386336767185679e-05 5.629797318125761e-05 4.443361618303571e-06 1.3015506460393736e-05 9.02243143074595e-07 1.8300642129835494e-05 6.006674938289421e-07 1.4486857284670575e-05 6.461849543684515e-07 3.7845589082276914e-07 3.916587537440301e-07 3.859937696856342e-05 6.695025946684949e-06 8.456050973953523e-06 9.315985429436296e-06 0.00025177375069368495 1.756210030102766e-07 2.587363616176199e-06 3.3464621837142884e-05 0.0003120124731968982 1.4412149131794874e-05 1.6469824754870398e-05 9.815308415579082e-08 4.338255738286566e-08 7.445389400931711e-07 4.615297680092577e-06 1.3202003706351857e-06 5.249194377966537e-05 1.2504893957148068e-06 2.7833433848310077e-05 5.751850082389868e-06 2.2930360029585293e-05 2.0762509210128576e-06 1.0896732645427888e-06 1.1069971598445782e-06
0.0005362511679926673 2.632879818476109e-07 0.00024940604493043224 3.235129276512611e-05 0.0002520856201479584 0.0032233586070347592 0.0021689851016891454 0.0 1.4160645101628576e-05 0.002313057217021853 0.0001534673359281315 0.00043426928739348844 2.8217514129682683e-05 0.003857849109108405 0.00010793073953303544 7.164898660105184e-07 0.00011425673463306601 3.787212160850511e-05 3.8905604619362356e-05 0.0003066421393437135 9.78836547699633e-06 5.223961671592455e-07 3.278966506316411e-05 0.0001412000687118799 4.799266312975582e-07 0.00031325660294955447 6.527495701353088e-05 0.00025742854766720486 0.0004977286820043788 0.00041430435386353385 6.7719882874036604e-06 0.0004522525799136417 3.1025637999255616e-06 0.0002599182301383054 1.2610225877726137e-06 0.00017423632397074393 2.079275934616172e-05 0.0004039649278919311 5.4602413824530046e-05 0.0001675321543194867 2.8956143789171493e-05 2.2765791891433643e-06 2.241240303493406e-06 3.3902809560957675e-07 7.747313042733975e-08 1.7163614628966744e-07 2.671268224426347e-06 0.0 1.6488295922565512e-06 1.0756518157453766e-05 1.3297961543449937e-06 3.931437991687284e-06 4.082865897083751e-06 8.702465625383215e-07 1.5614812020674448e-06 3.2370884589676254e-07 8.177935622784839e-07 6.844386810509758e-08 2.432355927826098e-06 4.882601545976105e-08 1.0048532453069863e-07 0.0 4.2388914179167834e-06 3.3203634790510165e-07 2.1191637700115701e-07 8.943427360108353e-08 3.0016056281593676e-05 0.0 4.791692821962829e-07 2.5552777165051704e-06 3.481232013322385e-05 1.6851644916415512e-06 3.2450297885874583e-06 5.4137568746798773e-08 0.0 1.4539509503554265e-07 6.292466241660238e-07 0.0 6.925228704805274e-06 1.0489826055999061e-07 2.578931334959788e-06 7.144829976638904e-07 2.1476337867631563e-06 4.7468580536519286e-07 0.0 1.9962249891440838e-07
1.5907740757637048e-06 0.00013115339988233355 2.662847989762572e-06 0.00018797835858626078 4.371392129101183e-05 2.694050725898436e-05 0.00025849491739365416 1.4160645101628576e-05 0.0 9.321372341749265e-05 6.375480722793033e-07 0.00017052572574168537 7.436709679158015e-06 9.435203560083901e-06 0.0006712778595187913 9.411595228728777e-05 5.089728543093406e-07 1.7286162799868843e-07 8.062711239888458e-08 0.0003694139498869058 1.4796217761551248e-05 0.0009843745797802812 2.1163117699101398e-05 0.004994484557134433 3.22813700745239e-05 2.90463702694769e-06 0.0003126903609864407 0.0014500225939393801 6.376882905797036e-06 2.9805994260010474e-05 1.0972335103014572e-06 1.153545142431691e-06 4.553367714427108e-07 3.633121746633284e-06 4.818056236025744e-07 3.3131750677032307e-05 4.334327280072188e-06 1.2145177310500976e-05 3.4498267641182937e-06 0.00035944856971403556 3.8279388260858445e-06 1.1021963764201203e-07 1.2205070503790965e-06 2.416565179615378e-06 1.8190353225508125e-07 1.4116214680719204e-07 6.805134869165196e-05 5.125671606027095e-07 1.5132271057240575e-05 7.509152345834178e-05 1.719902017750024e-05 3.735298003882409e-05 8.022541674326691e-05 3.7090124264263663e-06 3.7610265451722494e-05 2.0708031126816988e-07 1.3859523645124816e-05 5.9742453804392105e-06 9.559165733503817e-05 0.0 6.6604986851151e-07 1.1790291303676672e-07 7.833533145063177e-05 1.6481951803087667e-05 1.5257569581139711e-05 9.549204418091835e-06 0.0005858234369920521 5.111554713405293e-08 1.5031905138457146e-06 6.728481184146453e-06 0.00042518241517201696 1.6095331223285427e-05 2.03318840699372e-05 2.3504962010476532e-07 3.2859130772654334e-07 1.207723268567235e-06 5.1157265556442396e-06 1.7458290572520805e-06 2.8013752792511267e-05 1.6189982872725632e-06 1.7429346937713122e-05 4.400797613257031e-06 3.2472985025486474e-05 1.4977111344174647e-06 1.1986654080862622e-07 3.6895408610036645e-07
5.4408172034450126e-05 1.5162772337104028e-07 2.6704736242883354e-05 0.0018711765360905916 1.720779394970713e-05 0.005669683752983392 0.003598155745409046 0.002313057217021853 9.321372341749265e-05 0.0 3.584062643279939e-05 0.0024855626569421302 1.7758215808332357e-05 0.0010770117239886122 1.4918172789573677e-05 7.469237566249896e-07 4.585039927145256e-06 1.149483849441531e-05 6.384961522455614e-06 0.0021516215545064176 1.0501256110923753e-06 1.0649307329908703e-07 4.221401665201989e-06 0.00016056850719753366 1.0598989653541774e-07 4.107230226817955e-05 1.9807430649278386e-05 0.003492819688009082 0.00040532431932416643 2.4484730109954677e-05 2.249753294627878e-06 7.535107920979904e-05 3.4381845231603758e-06 0.00013595519736455557 5.863102290191892e-06 0.000251868878695967 1.046006308890527e-05 0.0007093203107286997 8.235490438110351e-05 0.00018012267310878616 0.00010889364642009406 1.949183510696722e-06 8.480000219175972e-06 1.496871154300444e-06 0.0 0.0 4.906098953389009e-05 0.0 5.49398362079496e-06 4.073393372430373e-05 8.636837784825382e-06 1.8937920724503067e-05 4.407062283437937e-05 1.209583224540638e-06 2.3355222527670033e-05 8.157924492864925e-07 5.96438018659424e-06 1.285248256724458e-06 2.070964060181817e-06 0.0 8.232393383740741e-08 0.0 4.282433898743563e-05 3.4205112937089666e-07 8.209221135209537e-08 4.740147786450509e-07 8.47997133801256e-05 7.309806066234847e-08 2.7638954655805225e-07 8.698616999891466e-07 0.00012994479164662206 3.1182478081384224e-06 2.1332016396296037e-06 0.0 7.293461652908053e-08 4.4239656703023774e-08 1.1694987116096938e-06 4.588666614254575e-07 1.147881074466985e-05 5.7478635466933894e-08 6.941432326280805e-06 4.3017093554185253e-07 1.8034783731192053e-05 1.1208631110657925e-06 0.0 1.9195885920199073e-07
1.3567619361287593e-05 1.2580430894983726e-05 5.947826270420247e-06 2.1578551854604167e-06 6.786442367201434e-05 7.894379423294897e-05 1.596712747574978e-05 0.0001534673359281315 6.375480722793033e-07 3.584062643279939e-05 0.0 2.6057800996669178e-05 0.0015841378671360672 0.00012529295996164316 2.183475412563673e-06 5.518492540517562e-07 0.00014855269079823316 0.0014620123630722014 0.00034154037120160975 1.6526674032384764e-05 7.421368356667866e-06 3.7146298371202546e-06 1.430948661018937e-05 4.8583959612273386e-06 0.0002668829503917765 0.001347875740602603 0.0002775321605633605 7.99483359548017e-06 0.00022950718540406536 1.5389599480499554e-05 0.00022669420796851214 0.0003142570046463564 1.850576166322465e-06 0.003841985506623922 2.532995186262679e-06 0.00018431135110560834 0.0014180657420922293 0.0022360969023110214 0.0002948513610556657 4.127157153518003e-05 0.00010609296504569316 0.00043610554152054997 8.322522459630437e-06 6.019523430133454e-08 9.398204052191479e-07 4.4052090886170085e-07 4.776603393483691e-08 0.0 0.0 2.1178384904531454e-07 1.461115295191647e-07 1.3302736185656718e-07 1.3818514000612695e-07 0.00017678980653458427 0.0 4.7272482723953194e-05 5.297036694959415e-08 0.0 4.704245487304489e-08 8.817566089540446e-08 7.057328541646975e-06 6.992833918509522e-07 4.4788213445702486e-08 7.380198419575291e-08 1.9057743516678038e-07 2.2443598803518527e-07 4.793350840403468e-07 1.7124323259473707e-06 1.472906356522082e-05 6.14133391540108e-06 5.803516079579812e-07 7.530976009589891e-08 0.0 2.7133491500106882e-05 0.0 0.0 0.0 2.4288878463829422e-06 1.0245993085983454e-05 4.210278104742369e-06 3.7568141971442886e-06 8.95834690639545e-07 2.3858816296551785e-07 0.0 1.5282410838854307e-05 0.0
2.7377577765264666e-06 2.0537472978296864e-07 9.231665721194475e-07 0.0009005693571095924 9.4076484863481e-05 0.0018033597829711786 1.7794519712155726e-05 0.00043426928739348844 0.00017052572574168537 0.0024855626569421302 2.6057800996669178e-05 0.0 1.1807871582166094e-05 0.00019828274816373022 0.0008349851383413743 0.0 7.460728294265287e-07 6.045156096741147e-06 2.696249686549109e-06 0.004613767520086133 6.504111192167508e-08 1.5293018949752646e-06 2.5381037342994376e-07 0.00016057140383179952 3.041636702820968e-06 1.580421183486753e-05 6.29859698831103e-06 0.0002685937203331521 0.0001100383285049224 7.345095043037079e-07 1.592275703357414e-06 7.322844671136312e-05 6.293025423978337e-08 4.683524823174244e-05 9.417308177912718e-07 0.00016982139273265994 4.736937167820127e-06 0.00025562429498494655 1.4952854235109646e-05 0.001176867796161621 3.1546522591980655e-05 2.2505411907700398e-06 3.726118600631452e-06 3.773620003360084e-07 0.0 0.0 4.88762814371665e-05 1.1932863821968295e-06 1.4093609775202053e-05 1.214277982028133e-05 4.138914438061297e-06 3.260205365993248e-05 5.210388410717445e-05 1.3642450954612624e-06 0.00017020050420997557 2.3460405086872246e-06 2.2327982937430534e-06 1.4992728308459802e-05 5.728422871648244e-07 0.0 6.347962467053142e-08 0.0 5.6599203818823416e-05 3.560690418005755e-07 2.688853420767072e-07 0.0 5.8608507121045195e-05 0.0 1.593305193410393e-07 7.288076228651952e-08 7.195270581030134e-05 8.66716601109793e-07 6.40721150120612e-07 1.2189389424855155e-07 4.512880342548421e-08 0.0 1.4041137468704317e-07 1.9751099028206117e-07 1.4702834266797783e-05 6.402710972648464e-08 4.314245430736025e-06 4.150460580473619e-07 0.00012479367087850837 2.3422639799276304e-07 6.096585405963954e-07 0.0
2.492969695485839e-06 0.00023879283793149964 2.483562469101566e-06 1.2171523057609764e-06 3.167894336724297e-05 2.6710749663652966e-05 1.0336735702523493e-05 2.8217514129682683e-05 7.436709679158015e-06 1.7758215808332357e-05 0.0015841378671360672 1.1807871582166094e-05 0.0 1.239358054412639e-05 2.447328990972898e-06 2.100452215045512e-06 6.0363342891537e-06 1.6719279622771908e-05 7.883439321710445e-06 1.07947129870123e-05 4.303265944664412e-06 5.1754254656262114e-05 1.5918730206425994e-05 1.5298282344613613e-05 0.0017816838891226404 0.0003147112407042402 0.0019851378751424673 1.5207949807014482e-05 1.742293464705191e-05 4.721891595143323e-06 0.0006876426132611707 5.729644991436314e-05 9.175748481686855e-07 0.00019628772427740675 7.305119353145448e-05 0.0013279982998230086 0.0034310205146115113 0.0026542347656064095 0.0004190042484555474 8.753048860957661e-05 0.00016487726483411602 0.0012034773154958852 3.586174455159937e-05 0.0 1.133587974716855e-05 1.7254304728888024e-07 8.524032365575257e-07 0.0 2.2418238329462265e-07 1.8711350154817255e-06 1.1441943899686418e-07 1.6926442576963456e-06 6.304204704209266e-08 0.0007060496151107539 0.0 0.00022393948010810248 3.548345182309595e-07 0.0 3.6132527620652737e-07 0.0 2.8410648406946778e-05 5.306725925782477e-06 1.4050182901588487e-06 1.3935524726512072e-07 4.069743545620045e-06 1.0968757693648573e-07 5.897702180368048e-07 6.909402158288714e-06 6.29411945299053e-05 1.6108598522363357e-05 1.4485424014813116e-06 5.7078070722625505e-08 2.7660594392318977e-07 0.0001113541553359231 8.153066338477763e-08 0.0 1.94504845906614e-06 5.12858864044516e-05 0.00022330420725055666 2.3889487002148126e-05 1.4668701540742108e-05 3.883439512870898e-06 6.382197801158973e-06 5.362107687094679e-07 5.611281454346541e-05 2.1533278488577826e-06
0.0037242880719212603 3.1706766676624657e-07 0.00033750594914856106 3.666647471510707e-05 1.1737868941749554e-05 0.00024100473628598315 0.003931625829664936 0.003857849109108405 9.435203560083901e-06 0.0010770117239886122 0.00012529295996164316 0.00019828274816373022 1.239358054412639e-05 0.0 1.1353419944574435e-05 1.249737178802184e-06 0.00020727326680793418 5.095170184462841e-05 7.139724469810922e-05 0.00025677118107489465 1.820866139759071e-05 8.625067894070825e-07 4.725114986294868e-05 0.00014499957075937947 4.290675030740248e-07 0.00041712845968015235 9.66468801581033e-05 0.0003216690075823453 0.003269935756115919 0.001248027060464199 5.1012119442017655e-06 0.0002567893200177202 7.498325211938224e-06 0.00039218218863759424 2.2981622373985476e-06 0.00022593968070173844 2.226816192819532e-05 0.0005945213090605157 7.07319523652518e-05 5.204848694929629e-05 1.4637740578719201e-05 1.9203940320706864e-06 1.2234803300918834e-06 2.0196970321137208e-07 3.6335808334112243e-07 8.472932278514522e-08 1.6290297989589064e-06 0.0 4.1026084583410444e-07 4.246655173015413e-06 8.832797060051549e-07 2.6566044500685245e-06 2.5977457837591235e-06 6.094839588596026e-07 1.5768211115188004e-06 2.9078323601499984e-07 1.1886620103150177e-06 0.0 1.2519463498489044e-06 1.969710427560773e-07 4.8227490331203736e-08 0.0 1.5039396387436743e-06 8.17151995035663e-07 5.63871106293894e-07 1.555498983258384e-07 1.8388522029009925e-05 1.3268902241890896e-07 1.0511740382467147e-06 3.0572661463026607e-06 2.3669294008412034e-05 9.087905615242607e-07 2.2148416428448523e-06 1.3845972599124864e-07 1.1385744250880576e-07 2.539184867744955e-07 6.564578615051068e-07 0.0 6.349077985765712e-06 3.6526132355060547e-07 2.4733958653496595e-06 3.572204620184448e-07 3.138771803663844e-06 3.0200522494654114e-07 0.0 0.0
1.175186696843666e-07 7.716479543954826e-07 2.7002131412888896e-07 3.6458581995839803e-06 0.000927340885203586 0.0005888280371899733 3.7749272468278396e-06 0.00010793073953303544 0.0006712778595187913 1.4918172789573677e-05 2.183475412563673e-06 0.0008349851383413743 2.447328990972898e-06 1.1353419944574435e-05 0.0 0.0 5.083293540612034e-08 3.238370553520223e-07 8.809021174049185e-08 5.2332941736274906e-05 7.737984605170078e-08 8.230891156796312e-06 0.0 0.0002895112570975273 4.1871653745165286e-07 1.3785395784811103e-06 4.050235794893518e-06 2.3185922936286643e-05 4.235115421031342e-06 0.0 0.0 0.00019367564568393512 0.0 3.3300356025785706e-06 0.0 0.00011563008194096187 5.253954610749907e-07 1.526698960822654e-05 1.178541504969148e-06 0.0011059931201682644 5.2230328724611516e-05 5.248931059378111e-07 0.0 0.0 0.0 0.0 7.208168845181065e-06 0.0 2.310206606969551e-06 7.125486983854183e-07 4.639913879625611e-07 8.618133588774836e-06 3.910810241009995e-06 2.708246187446374e-07 1.9280916513968805e-05 2.136432985475099e-06 9.962319383982483e-07 3.353656173389941e-06 2.7800577953634413e-06 0.0 0.0 0.0 1.0914633251079557e-05 0.0 1.0496279197770565e-07 4.41900765058924e-07 8.815183011522648e-06 0.0 0.0 0.0 9.233139862008283e-06 3.569459435098947e-07 1.0780227755662948e-07 0.0 0.0 0.0 1.16683452619459e-07 0.0 9.113687027998584e-06 0.0 1.8604668107425576e-07 0.0 4.8661485128335555e-05 0.0 0.0 0.0
5.589111178525489e-07 4.277086338767154e-05 1.161889329014662e-05 1.1771401435916332e-07 0.0 0.0 1.8870773966472357e-05 7.164898660105184e-07 9.411595228728777e-05 7.469237566249896e-07 5.518492540517562e-07 0.0 2.100452215045512e-06 1.249737178802184e-06 0.0 0.0 8.355874735782088e-06 7.293045322461251e-07 1.0637983094125127e-06 0.0 0.0012180809708996856 0.0017809312621628298 0.0022575788129535947 0.0012472336360756784 3.7854683415829444e-06 5.602725402442518e-06 0.0031637029087078906 0.002164707133790801 4.897317928244519e-06 0.00013538041796791155 4.309765661147163e-07 7.75655177614974e-08 2.197290351496754e-06 4.882894647135555e-05 1.0492345877273825e-05 0.0007945770366569543 0.0002733378433390811 0.00020814876585000571 0.00023667743240409677 3.2317010262912125e-05 5.846313777824479e-06 5.27787332480831e-06 6.044939973251508e-06 5.241028719309034e-07 3.0193260983554778e-06 5.802351520879612e-05 1.5112267314020645e-07 0.0 4.658529316200023e-08 5.605046112262103e-06 1.965717680050496e-07 5.11202290158198e-06 2.1152065866237392e-07 1.063485781748098e-06 4.0271049928541177e-07 5.528763709140197e-06 9.996087121323927e-07 0.0 0.001450571670319137 2.6495474088579963e-06 1.1481524862747941e-07 5.620888039467777e-07 0.0 0.00018932276503779599 0.000931103970613757 0.000715307948204151 0.00011264037026995079 3.400343181529821e-07 4.482887697112516e-06 0.0006438103234687782 0.0001496145072532611 8.563385694437869e-06 4.9948036734732664e-05 2.646779912842555e-07 3.4559316910574236e-08 1.112355875285958e-06 4.5622594674348396e-06 9.796153523660738e-07 0.0001645275592696309 1.6856433589779975e-05 1.015155478158582e-05 5.877630674793392e-06 1.1131344517228182e-06 6.171983965228084e-08 1.8687819089693515e-06 8.778593209465382e-08
0.0001200104888407992 2.5245566356789232e-05 0.0009229655476399588 3.8434686939938985e-07 7.724537516751706e-07 2.2611706083881653e-06 5.5289471517416e-05 0.00011425673463306601 5.089728543093406e-07 4.585039927145256e-06 0.00014855269079823316 7.460728294265287e-07 6.0363342891537e-06 0.00020727326680793418 5.083293540612034e-08 8.355874735782088e-06 0.0 0.00023523413137629877 0.0010183975785629513 1.4630111248858835e-06 0.0005016486201445665 5.666421110910591e-06 0.0018034134735056542 4.523936990064269e-06 1.3173654099557698e-06 0.0022865787606397387 0.0030836320736575005 4.250550104105965e-05 0.00036263368558608715 0.0008910204518945268 1.1837516092153826e-06 3.7282836420003423e-06 1.7313228303690096e-05 0.0009062893089367184 2.5401196325990307e-06 0.0002605689476527571 0.0015094982266171898 0.0004515409310550307 0.00014784058486523382 6.802750399939259e-06 1.7995207844750238e-06 6.4505530447410785e-06 6.660850257899212e-07 3.2061718846212025e-07 1.9994167016329442e-05 7.428666320992704e-06 0.0 0.0 0.0 1.6215398637878507e-06 0.0 4.065068105881159e-07 5.662822823499493e-08 2.797952834197952e-05 0.0 1.4994824555479336e-05 1.3321110175181082e-06 0.0 3.8547142600334e-06 6.3602169546989165e-06 7.530315362354148e-06 1.0685529265574413e-05 5.443931603659657e-08 1.4469304695390776e-06 2.613205706246894e-06 2.2447190621117166e-06 1.1553246504549006e-06 7.456768102216203e-06 0.00028337439624375 0.00037871600821943937 1.6411650594718624e-06 1.5407458262584456e-07 1.0090882932474768e-06 1.4849406308041312e-05 0.0 0.0 3.1078859390959217e-06 1.3458746702875587e-06 1.9690730311639183e-05 5.314034043346737e-06 1.6510249238584347e-05 3.082593362347538e-06 2.2138853172415437e-07 0.0 8.507750189462751e-08 0.0
9.270646797688382e-06 3.1734731984497476e-06 5.987359352900407e-06 6.033626628980432e-07 8.336575531323131e-06 1.4150108599249551e-05 6.87967269529733e-06 3.787212160850511e-05 1.7286162799868843e-07 1.149483849441531e-05 0.0014620123630722014 6.045156096741147e-06 1.6719279622771908e-05 5.095170184462841e-05 3.238370553520223e-07 7.293045322461251e-07 0.00023523413137629877 0.0 0.001626600055815225 5.8465547842922e-06 8.218459130352225e-06 1.4031167209868156e-07 1.3746943673038847e-05 1.466310022717976e-06 4.697546389460275e-06 0.0014491603254335624 0.0002221207131160617 3.9744534368285175e-06 8.185768150005245e-05 2.4850209247878418e-05 8.055857807248141e-06 5.637213636754113e-05 1.8078531567041486e-06 0.000822308179158387 2.024737182722133e-06 0.00015886716574163156 0.0004779983163852381 0.0006881646421335049 0.0001554993349156745 8.712283502274642e-06 5.402815437456227e-06 2.820728012874338e-06 1.2619066419985233e-06 0.0 2.0744902310147055e-07 5.4678036239305085e-08 4.640507514687332e-08 0.0 0.0 2.641483121047858e-07 5.9256206515617546e-08 0.0 0.0 5.326937920754584e-05 0.0 1.180599955582479e-05 0.0 0.0 1.8346362234427166e-07 6.171706914363492e-08 5.710294937426842e-06 1.3351546514798182e-06 5.390512783445965e-08 4.5652108053542235e-08 1.0620111408138204e-07 0.0 1.8197851460297488e-07 1.977051882520616e-06 2.8200960594552863e-05 2.4658423978110697e-05 1.1611604212883184e-07 5.412767350603341e-08 0.0 1.2475919025118795e-05 0.0 0.0 8.1471066092131e-07 3.1674588687310227e-07 4.861007169595312e-06 4.9010752460272556e-06 3.330620620485177e-06 9.235895033626379e-07 0.0 0.0 4.6487849054182293e-07 0.0
3.334893812534675e-05 1.1820422454698822e-05 1.4079348188995467e-05 7.586147791749678e-07 3.575586426876992e-06 4.138647818280835e-06 5.983787897349549e-06 3.8905604619362356e-05 8.062711239888458e-08 6.384961522455614e-06 0.00034154037120160975 2.696249686549109e-06 7.883439321710445e-06 7.139724469810922e-05 8.809021174049185e-08 1.0637983094125127e-06 0.0010183975785629513 0.001626600055815225 0.0 2.69250864252776e-06 3.204014362126994e-05 6.541072794103526e-07 5.717781766690997e-05 1.280069787082676e-06 1.1781558049166433e-05 0.002307096588719193 0.00047653384553967865 6.255572322694747e-06 0.00014417195623216413 8.537742106151681e-05 3.018603404427537e-06 2.987634836604245e-05 7.585935403286736e-06 0.0016128168753299205 1.7470387176896651e-06 0.0003543869543715831 0.00045064696861300824 0.0008576187016228832 0.0001625158019119764 1.1729107886891816e-05 2.1563335570170407e-06 6.280482958232588e-07 1.3986776913703625e-06 0.0 5.138029352673474e-06 1.8707185262665185e-07 0.0 0.0 0.0 5.482732736013929e-07 0.0 0.0 5.149248317066923e-08 0.00011485062072351022 0.0 4.901200640915637e-05 1.0531519432672838e-07 0.0 4.5160336418158297e-07 0.0 1.7673962227130706e-05 4.332591576251581e-06 0.0 1.1832936893852097e-07 9.773024658595867e-07 1.3995473691173097e-07 3.875518676282782e-07 1.905715597832302e-05 0.00020159291299162707 0.0002034960826761851 2.9822400854982604e-07 0.0 1.0424833019150049e-07 5.575043660892656e-05 0.0 0.0 3.225888328476074e-06 8.362432247933022e-07 8.492090044140976e-06 1.1268213467166999e-05 9.249338192526757e-06 1.3801317794799646e-06 1.6652701874823487e-07 0.0 0.0 3.354189246244042e-07
7.98687427343098e-06 0.0 4.0943003062319156e-07 0.002910852403845816 9.801681486220547e-06 0.000534258370289425 5.918567893724303e-05 0.0003066421393437135 0.0003694139498869058 0.0021516215545064176 1.6526674032384764e-05 0.004613767520086133 1.07947129870123e-05 0.00025677118107489465 5.2332941736274906e-05 0.0 1.4630111248858835e-06 5.8465547842922e-06 2.69250864252776e-06 0.0 4.950745738719074e-08 1.1107985279209429e-07 5.5942928235353514e-08 0.000404551643457479 1.1801643641467713e-07 1.345561517869476e-05 6.409452568825158e-06 0.0019383470960889864 0.00014763738908096268 2.27274503539162e-06 1.6601245035159467e-06 4.0666934394643555e-05 6.108285724403971e-07 6.041225226437792e-05 3.2485250948426526e-06 0.00017185098597402633 4.316857417069177e-06 0.0003765950793655141 4.582244667299046e-05 0.0004397961894061566 6.827500727416729e-05 9.678913814031018e-07 6.872325373844963e-06 1.243801304490185e-06 6.07954225289214e-08 1.1149650077570525e-07 7.521066177611284e-05 5.557899374332247e-07 1.650976579276406e-05 5.474839995082549e-05 1.040892312715993e-05 4.02299853700074e-05 7.479391634442482e-05 2.3897827281043756e-06 5.730662492093286e-05 0.0 9.346715454877495e-06 9.419504314073486e-06 1.1780211415257698e-06 0.0 4.2900645265356257e-07 0.0 9.165531422923911e-05 6.982290188198913e-07 1.165977811887811e-07 0.0 0.00012204387027246444 0.0 1.5944066889036947e-07 4.610040612152506e-07 0.00021115784186418263 3.6700032062482857e-06 1.9654547913275223e-06 0.0 0.0 2.2942630124165152e-07 1.0387908846865224e-06 5.489506947189972e-07 1.8887601035746628e-05 2.2676054798856035e-07 1.2251936662228461e-05 1.4547691196629783e-06 7.830246432904538e-05 3.867547827647477e-07 9.80905746536979e-07 3.909285818242713e-07
1.715627705589437e-05 2.1770087516625883e-06 0.0010564761836484794 0.0 1.1196899157613455e-07 3.9438574000124787e-07 3.640980377363879e-05 9.78836547699633e-06 1.4796217761551248e-05 1.0501256110923753e-06 7.421368356667866e-06 6.504111192167508e-08 4.303265944664412e-06 1.820866139759071e-05 7.737984605170078e-08 0.0012180809708996856 0.0005016486201445665 8.218459130352225e-06 3.204014362126994e-05 4.950745738719074e-08 0.0 6.133271660620355e-05 0.007635491696826754 4.1639221584934394e-05 1.7310322587871537e-07 0.0001507239055708755 0.00036569202516556774 0.0011993553189426252 0.00011838353759412125 0.004674004505964669 2.582082343992972e-07 5.830659046505271e-07 2.5103808260870834e-05 0.001633143481370519 4.492383162609477e-05 0.002946173995706931 0.0005748419081267721 0.002097238180199355 0.0011119286080459067 0.00011763796434138482 1.3352788893434575e-05 4.281350002727821e-06 3.0369824479471186e-05 1.3732502964319126e-06 4.1523152335823364e-07 5.932507778826563e-06 0.0 0.0 0.0 6.744578426822243e-06 1.361311412588378e-07 1.9836628877159947e-06 0.0 5.467100637130682e-07 4.089633944076515e-08 1.95861198823184e-06 6.433632826044315e-07 0.0 0.0002797119368070693 4.94592362475957e-07 1.2020241536681577e-07 2.4613731478197214e-07 3.6616890328474436e-07 0.0001224059379457578 7.554031535956768e-05 4.142924578650208e-05 6.890077397276722e-05 1.2723354557384767e-07 2.4328741796497065e-06 3.3216136627421394e-05 0.0001088457828110675 7.4201432321877555e-06 5.921674387470895e-05 0.0 0.0 1.7090621093483022e-06 3.639637264541421e-06 3.874657968950648e-06 9.739648173438005e-05 1.5767463633543027e-06 7.222784584158325e-06 2.6286346966803985e-06 2.654540714848874e-06 6.212916245866257e-07 0.0 6.949426398764369e-08
3.8866126581887786e-07 0.0014571678742784733 1.81980205843704e-05 7.397340604438959e-07 4.935164088496128e-07 3.431864782570936e-07 4.489205659495833e-06 5.223961671592455e-07 0.0009843745797802812 1.0649307329908703e-07 3.7146298371202546e-06 1.5293018949752646e-06 5.1754254656262114e-05 8.625067894070825e-07 8.230891156796312e-06 0.0017809312621628298 5.666421110910591e-06 1.4031167209868156e-07 6.541072794103526e-07 1.1107985279209429e-07 6.133271660620355e-05 0.0 0.00027181579188904746 0.003809459800692371 0.0003509220565048287 1.8880648523683935e-05 0.0037134860566752376 0.00026624593810332177 2.1625853764833447e-06 1.1933998214274859e-05 1.0579486526945006e-05 2.887823810216648e-07 1.607044098154905e-07 5.372127473734407e-06 2.0452221886967965e-07 3.1220866947762835e-05 1.5190918764002664e-05 1.8649675949173432e-05 1.3971640045225438e-05 2.8290082534980825e-05 1.0166089342278228e-07 2.7026701299678545e-06 0.0 2.1278968260613066e-07 1.523273734940887e-05 6.345156847965511e-05 4.798112106372226e-07 0.0 9.782566798431249e-08 2.8308516300809217e-06 4.898947150065924e-07 5.501005768679548e-06 3.301671714566489e-07 4.651035582494907e-06 0.0 4.58698064066724e-06 3.6815278593571567e-07 0.0 0.00027716927133105416 7.37097867089141e-06 1.1417591446225733e-06 4.581297485961953e-06 6.622643713217079e-08 1.8652227790066025e-05 7.065527284067535e-05 0.000163475461818471 2.639236583857309e-05 8.829475696490324e-06 1.9133150403344945e-05 0.000588712280928955 2.49918363598637e-05 8.989079865082902e-07 5.528949734109689e-06 2.2698909232734983e-06 0.0 1.1517571244220387e-07 2.1994565796594626e-06 4.3531847312936875e-07 1.9137913415766143e-05 2.554650196296874e-06 8.156562791834677e-06 5.832194710075541e-06 1.6672844822210638e-07 1.1452970762249716e-07 0.0 9.902569514899791e-08
2.264452897854459e-05 2.9769046855938965e-05 0.007558855625003157 0.0 2.7094209942501197e-07 1.2864014114871384e-06 0.0002721690377547533 3.278966506316411e-05 2.1163117699101398e-05 4.221401665201989e-06 1.430948661018937e-05 2.5381037342994376e-07 1.5918730206425994e-05 4.725114986294868e-05 0.0 0.0022575788129535947 0.0018034134735056542 1.3746943673038847e-05 5.717781766690997e-05 5.5942928235353514e-08 0.007635491696826754 0.00027181579188904746 0.0 0.00030278571307405913 4.0782236161259937e-07 0.0008027766776788958 0.007702655557608225 0.0026242576593462096 7.756071497362182e-05 0.0030776426829938574 3.1926786739815347e-07 1.0702007445250595e-06 1.2788073317847042e-05 0.0017251298049899663 7.544700269933759e-05 0.005748088849537061 0.004972069880809832 0.0038912908524800865 0.0035753021954493727 0.0003736448432988518 2.5869389023607554e-05 7.133661901488075e-06 5.736384905461775e-05 3.5105800137899623e-07 2.628269454333641e-05 0.00040898426868199857 4.929749808082637e-08 0.0 1.278470505013013e-07 6.0248606284869106e-06 3.361742811822121e-07 1.1831178414703972e-06 1.935552437482845e-07 1.9774572857320297e-06 1.9887066701516426e-07 1.3819963953060188e-06 2.596636524490877e-07 0.0 0.0007066676807479287 4.248382836010211e-05 7.805548539089341e-07 4.918252594123149e-06 6.762976723789233e-08 4.938505719637939e-05 0.0004173483132032259 0.0005303122626648257 3.269617415364707e-05 1.54549685960358e-06 5.606654321085264e-05 0.0014914828101584405 4.845024445775324e-05 1.6206424611083937e-06 1.1493661730790987e-05 6.359568834290229e-07 0.0 3.4612125663196417e-07 1.0027879124802727e-05 1.1447327910903726e-05 0.00022442114915912414 5.1477028959874783e-05 5.60210365148109e-05 2.1192033739960502e-05 7.948103513472345e-07 0.0 9.17605815945842e-07 7.897490488182297e-08
