0.0 2.4795530041968005e-07 8.313135229895765e-05 9.453077254310583e-06 1.1431070640365881e-07 2.8577379070090836e-05 0.0005893160172233787 0.00034340991905478755 6.045150610084298e-06 5.818043421005684e-05 8.477580865164735e-06 7.277632719754577e-07 2.0643289555341726e-07 0.0030217092321396938 3.6979131735062473e-07 1.428753735375411e-06 0.00011361216130420615 3.2610384084987564e-05 9.223910662969126e-05 4.8020828118058305e-06 2.7232498474059348e-05 1.7625027265192553e-06 0.0001407094942380094 9.945445815135096e-05 0.0 6.885278563127784e-05 2.990013357456182e-05 0.0001639775455590046 0.00264560900838489 0.0018243613379747517 9.689349550606543e-07 2.5028008593580843e-06 1.6893997240066298e-05 0.00010630043607611932 3.5223336618442184e-06 7.377011702550943e-05 1.413174196849068e-05 5.880517283304476e-05 1.7025732723456535e-05 3.2798627600369486e-06 6.189503038190725e-07 0.0 3.282038093695878e-07 1.1312616296828e-06 7.07567273669246e-08 1.0409222518757169e-06 0.0 0.0 3.8644574703904933e-07 3.594402705460828e-06 8.576311969904282e-07 2.0200590985837772e-06 6.324217874434871e-08 0.0 1.619357426182335e-07 0.0 1.3613455981576513e-06 0.0 3.815364314788791e-06 3.192913382213519e-07 0.0 9.295232269754422e-08 0.0 6.0295774551191656e-06 5.702299791437973e-07 1.1585533975264984e-06 1.827839261167551e-05 0.0 7.809976673748653e-07 1.3571942040969665e-06 1.3550315729985243e-05 6.525229015440521e-06 6.772153437422928e-06 0.0 0.0 3.110337719368895e-07 1.1111683038402266e-06 0.0 6.116065499947572e-06 3.0420884445913875e-07 2.286145312647205e-06 1.117760865322501e-06 1.0454538350244078e-06 8.119293610942625e-08 0.0 0.0
2.4795530041968005e-07 0.0 5.6189613155779324e-05 0.0 6.001680172291096e-07 2.1368083661956665e-07 4.1361629605416824e-06 5.449593178923237e-07 0.0004199719523812841 1.546800246873749e-06 1.5049983011766035e-05 9.498540647793965e-08 0.0007886556032151419 7.77771730658427e-08 5.404405464897427e-06 3.427686182971935e-05 9.163298524260828e-06 6.743975832374685e-07 3.6581069150387504e-06 0.0 9.65298331812704e-06 0.0010943557258638254 3.251398585451997e-06 0.0007712971432975834 0.0010829719239300185 3.208652070179302e-05 0.0023094147008369736 2.6034525173767486e-05 1.8969646318931098e-06 2.3236687703191056e-06 2.6328972239585686e-05 0.0 1.419587374422278e-07 4.051521178144771e-06 0.0 1.0127713147039206e-05 1.726440837097076e-05 2.236655660372556e-05 2.72523680690651e-06 2.3816473000456274e-06 0.0 0.00012880010213138445 8.109337780965635e-08 1.5506960943563813e-07 2.118731263024909e-05 6.842827023260645e-05 1.2319349330392302e-07 0.0 1.9344827062390552e-07 6.664412743296704e-07 4.0053218308346163e-07 3.6300835465516162e-06 2.7836089982775304e-07 2.7579388125883e-06 1.0351447468307922e-07 4.364316925959063e-06 2.232676191893415e-07 0.0 3.980585058798541e-06 6.545688502392096e-06 3.7582585010031954e-07 1.078500748596231e-06 3.2793280115781663e-07 4.802019749987495e-07 1.373560431211529e-05 4.743712400635193e-06 4.616480809970104e-06 2.6395285800422896e-06 4.563558636082834e-05 0.00045978409718815653 1.8496418119898054e-06 1.7425293956768385e-07 3.2604419369323256e-07 2.1455568025598926e-06 0.0 0.0 1.1704704149244512e-06 0.0 7.6270863158597704e-06 4.603318938796147e-06 1.192441655161314e-05 2.6342158259771226e-06 0.0 0.0 2.7102878329201565e-06 1.0728228065982778e-07
8.313135229895765e-05 5.6189613155779324e-05 0.0 2.311520602209137e-07 0.0 5.3426445453179056e-05 0.00018197935372569283 0.0003313157001927364 3.3795053558553407e-06 6.5764513619072524e-06 4.466377147829192e-06 1.3649397325323213e-07 7.1940579609835e-07 0.0001842456221801167 0.0 6.953991245901884e-07 0.0015517815294317028 1.176913516004564e-05 6.543954803692276e-05 1.5405983705409344e-07 0.000962954322320908 9.37182651628155e-06 0.002662285746846665 7.106651403965936e-06 9.576957192881854e-07 0.002207542093069833 0.004631250706559922 1.8880361028627077e-05 7.536510317140934e-05 0.00016870082659985422 1.2625165444194838e-06 1.4127401873189492e-06 1.5188109205651224e-06 0.0001941850311520394 4.321354604826927e-06 0.00035959460756271 0.0009117589415795118 0.00036357100938797063 9.033533015835363e-05 1.6456379765964986e-05 1.1556657273658683e-06 1.5077291779336583e-07 4.882572867837986e-07 4.79255297665948e-07 0.00018349234118355997 0.000963626387817909 0.0 0.0 1.0544208515123515e-07 1.7029957119974487e-06 2.0741552818673653e-07 7.186425221297152e-07 0.0 2.1960691481478198e-07 0.0 4.783345922699212e-07 7.683144992044604e-07 0.0 1.6984816469699577e-05 0.0001460902655679986 8.809108773873437e-07 1.053526393865479e-05 0.0 7.941607519334028e-06 1.9728715985949587e-05 4.0358351290427664e-05 1.3426161441172688e-05 1.9359771251198282e-07 0.0003214817042673364 0.0012569240702074095 3.550496422394873e-06 5.99471033175504e-07 4.7202430600631675e-06 7.905426508396681e-08 0.0 0.0 1.0522929547343251e-05 2.0666400354062395e-07 7.208995602451583e-05 9.718914933411867e-05 7.515475288082793e-05 1.9983461483324358e-05 8.027784095556378e-07 0.0 0.0 2.3787277714189593e-07
9.453077254310583e-06 0.0 2.311520602209137e-07 0.0 1.2012268225187039e-05 3.865231306881395e-05 2.8352595717088145e-05 1.6053911323013113e-05 0.0009321995944762639 0.0006356272881763655 1.2983124908933793e-06 0.000521111589804573 0.0 2.42993825747866e-05 0.0002431879201885038 3.879135056388994e-07 2.9713764643412674e-07 2.2211882027875514e-07 3.230797755337289e-07 0.0013504171391816333 0.0 3.2643067994339075e-06 8.366273390036115e-08 0.0007771092653833222 1.035291340398258e-07 3.3747743332974403e-07 1.6260459523332082e-06 0.0013501817239117786 0.00010928480466596768 7.134584504425694e-07 0.0 1.7064959419887628e-06 4.6069879650140925e-06 2.9391091731489484e-05 5.10907655427074e-06 0.00010325241663048526 2.6152087499245088e-06 6.757845599043792e-05 2.502471775787928e-05 0.00010954926181628782 4.341183440364728e-06 4.135984456288967e-07 1.6939140173744893e-06 5.630289119405093e-07 2.3671344419224848e-07 0.0 0.00011396258487215951 2.272798063273457e-07 4.800910025763216e-05 4.490819523618236e-05 3.682643707434141e-05 0.00019866037853495883 0.00016319637312817143 2.0096924695666103e-07 9.591436433226256e-05 0.0 5.214319394648007e-06 1.6066190969602502e-05 2.5600768318170047e-07 0.0 1.3377115439518705e-07 0.0 0.0001457496860476798 5.0414610213348634e-08 3.3802793347622727e-06 0.0 0.00012102039940291798 0.0 6.159907278046081e-08 9.340995335049328e-07 0.00020090080383467716 4.466216682940349e-06 4.257907627083419e-07 0.0 1.8715754092961878e-07 5.729385231683783e-07 1.9378391102810973e-06 1.5154645521060342e-07 4.469922523702196e-06 0.0 4.881979667093057e-06 8.588902638862833e-07 4.5044980421734904e-05 3.9012752423893204e-07 5.683052150973723e-06 8.968698895984987e-08
1.1431070640365881e-07 6.001680172291096e-07 0.0 1.2012268225187039e-05 0.0 0.00010462272859001714 6.257321219643699e-07 6.17206490258048e-06 6.228778740452659e-05 4.139841144110394e-06 1.9804762956154442e-07 0.00011517409608840688 6.270477185299588e-08 8.171393857293796e-07 0.0009149944961014781 0.0 0.0 5.869170648280314e-08 0.0 1.0714177476053262e-05 0.0 9.270641626060108e-07 2.2679328943091623e-07 1.8276766742798524e-05 0.0 5.124098872512836e-08 8.04739440318967e-08 9.874719119985979e-06 3.0441525275944366e-07 8.028938235068108e-08 0.0 3.050325498694967e-05 0.0 1.5872404574838823e-05 0.0 2.3288542215428675e-05 1.5124322299831542e-07 3.8700050803580715e-05 1.9547182781624015e-05 0.0013008495500570648 3.196806319661927e-05 1.8398442157171802e-06 7.283089152605788e-07 0.0 0.0 0.0 0.0 0.0 0.0 1.7093798428717835e-06 0.0 5.952536008014444e-07 7.454278348327043e-07 0.0 7.112171117006726e-07 0.0 3.0189492576086284e-07 0.0 0.0 0.0 0.0 0.0 0.0 0.0 0.0 0.0 6.580384721772337e-07 0.0 0.0 0.0 4.4485618186147834e-07 0.0 0.0 0.0 2.2380453237178826e-07 0.0 0.0 0.0 0.0 0.0 0.0 0.0 5.720012927656045e-07 0.0 1.6310326923683974e-06 0.0
2.8577379070090836e-05 2.1368083661956665e-07 5.3426445453179056e-05 3.865231306881395e-05 0.00010462272859001714 0.0 0.0025310155118241735 0.0028250645047610207 0.00013644548952905565 0.002962824011143824 5.348032835421527e-05 0.0015046755898455828 8.123302109505439e-06 0.00039235614952551595 0.001448399479853159 1.217326024797871e-06 2.979306783747647e-05 1.6491942710318467e-05 1.5897682912314338e-05 0.00012282547355654306 0.00010733619591778615 4.346656222576246e-06 7.466457451097731e-05 0.0004587285405545588 2.5578259037290492e-06 4.1334515981038564e-05 7.0023978418287e-05 0.0006956339182093221 0.0003969786049063397 9.547545683476757e-05 2.4945717335549265e-06 0.0001522940798744212 1.4123894166356575e-06 0.0003649470257314101 1.2990794083387957e-05 0.00035331533379968065 2.1048778371711512e-05 0.0004974109024278994 0.00013812231769111315 0.002278886533526494 9.033067183443212e-05 1.5841520894310527e-05 1.4031067388137178e-05 1.5186509541323857e-06 6.269310323289125e-08 2.4247398843737246e-06 4.074474579143172e-05 8.50722253549044e-08 6.826792936913699e-05 0.00025436676734374986 0.00010913900481152339 6.847337896270171e-05 0.00011631859628504331 3.0800416996019426e-06 7.224430740142611e-05 0.0 2.6730131361771717e-05 2.3916966897591794e-05 9.317875659062759e-07 3.585985899065385e-07 3.957868477144893e-07 2.79211849852007e-07 9.029760899874807e-05 1.76553689055613e-06 7.570906443632928e-08 1.084756192345344e-06 0.00020263087517920312 0.0 9.160870292962017e-07 6.069337262224692e-06 0.0002001495078612377 1.6490714443262824e-05 2.1667664137332736e-06 0.0 2.2031386371804646e-06 5.612974415768542e-07 1.1041113607104343e-05 5.441415080783833e-07 2.2288042940399226e-05 2.93508001096954e-06 2.505473376874133e-05 7.056196333358306e-06 0.00011435235832166324 4.087244259830226e-06 1.0111201157117358e-05 0.0
0.0005893160172233787 4.1361629605416824e-06 0.00018197935372569283 2.8352595717088145e-05 6.257321219643699e-07 0.0025310155118241735 0.0 0.004269224882947977 0.00013543142443402315 0.0056376421716195155 1.606080682238121e-05 7.06722095814183e-05 1.3569051375325192e-06 0.003681600396794224 5.344531672130492e-06 1.9166455413241195e-05 6.617653650666082e-05 6.293192010488859e-06 1.1413810952041939e-05 3.9893947938706445e-05 0.0005761912443050454 5.591311787272162e-05 0.0005757040012340233 0.0010315575401557543 2.9585287344475396e-07 7.182802947413723e-05 0.000546856895568262 0.011632456138005646 0.0008128802950523302 0.0024393017468940514 6.188871043319068e-07 1.4896607516969236e-05 6.744397640648747e-05 0.00029040580339842513 2.585716710425489e-05 0.0008720070799118026 4.650202976333428e-05 0.0005557109727687046 0.00021462718018141165 0.00031536820852699163 2.710940322408052e-05 1.8487475390090524e-06 7.931318103541437e-06 1.1214715809850746e-05 2.1959679378220948e-07 1.1894553277196673e-05 5.699803485276548e-06 0.0 3.2257990191251245e-05 0.00021397687307676914 7.650027753911605e-05 6.949639743551366e-05 2.3062563403276578e-05 2.2002558613840856e-06 2.567311632630733e-06 0.0 3.392355906535913e-05 6.02360241429264e-07 1.1073496130904758e-05 8.811713800432596e-07 5.129725872296656e-07 7.014782572934565e-07 8.96916539868192e-06 6.979800111574478e-06 4.054825054407539e-06 1.1753108604658389e-05 0.0003323009908646086 0.0 1.6573599428978644e-06 3.39866522531995e-05 0.00027995114954403304 6.25157672236218e-05 3.301285713272443e-05 7.53066442059509e-08 2.257934681321475e-06 3.368444648071591e-06 2.0308918092211466e-05 7.550043587010773e-07 0.00011194479474102757 1.401065528774618e-06 5.472408020991896e-05 1.7477566080279645e-05 3.9177685658420436e-05 3.991051108446648e-06 0.0 7.527501075724093e-07
0.00034340991905478755 5.449593178923237e-07 0.0003313157001927364 1.6053911323013113e-05 6.17206490258048e-06 0.0028250645047610207 0.004269224882947977 0.0 7.696181898373654e-05 0.000561828387973857 4.36976888219971e-05 0.0002816944097143404 2.1411454755074143e-06 0.002715691326039479 7.432854424288941e-05 7.735328979021743e-07 0.0001828393803650646 4.242323092128004e-05 9.866269194742629e-05 5.061925500917744e-05 0.0003968177236072646 1.6447884194010237e-06 0.00033172903656438586 0.0003262306822158698 7.346716077751119e-08 0.00016990756609578932 0.00016540262600042832 0.0005826893486208876 0.0006614139724192803 0.0009222146655384631 1.6564899091255143e-06 0.0008644824673749771 1.7400033055762205e-06 0.0002496129784867598 2.9407155747039975e-06 0.0001577265408890815 3.9346096061036444e-05 0.0002097097202472181 6.37286832695723e-05 0.0005019240338565963 1.914820695890022e-05 6.461460927525691e-06 1.9584239565699742e-06 2.1043583324495616e-06 4.6585815995669154e-07 9.093233739420025e-06 3.5831865553269144e-06 0.0 1.761468845002616e-05 0.00012838669047387399 4.285432013948408e-05 2.798585196037567e-05 1.5462036784644174e-05 1.7636023111968777e-06 2.9542791113033707e-06 0.0 1.409724347952728e-05 9.43409739396141e-07 3.815990741193652e-06 4.758961972137269e-07 1.5525244313568286e-07 1.9829317378704979e-07 5.99955805950279e-06 3.3250877253491554e-06 3.4379961323078145e-07 5.142330996482308e-06 0.00014057740082040954 7.187911759824233e-08 1.7770140702852725e-06 1.6801745167496657e-05 0.00010905133688311211 1.4894160254141539e-05 7.328319648407178e-06 1.0457817052099846e-07 8.024638125441105e-07 5.043633435465166e-07 1.0914714290974698e-05 1.1439934329276443e-06 2.1572457663197744e-05 6.938196026367483e-07 1.6937544145773512e-05 4.994353534469779e-06 1.926720475251635e-05 2.278299347679892e-06 0.0 7.625514826170456e-07
6.045150610084298e-06 0.0004199719523812841 3.3795053558553407e-06 0.0009321995944762639 6.228778740452659e-05 0.00013644548952905565 0.00013543142443402315 7.696181898373654e-05 0.0 0.0001637710793570888 2.189078956360995e-06 0.0003039579282677299 8.038300092405287e-05 1.6817687968016338e-05 0.00039360612027152094 4.406649323423349e-05 8.53462656039663e-07 5.487299626952816e-07 2.474204380280734e-07 0.0004381807099389966 4.755812308699603e-05 0.0010076107431144623 1.00348993524146e-05 0.0047188560342389906 0.00013264829560563428 3.039898598738943e-06 0.000322812047334041 0.0007876716978999544 6.947496120245803e-05 3.619543773346405e-05 5.572269521642556e-06 3.2465534116983944e-06 9.474658585565355e-06 2.9644658593795266e-05 3.2362411950993075e-06 0.00011105760490700448 4.05406040849781e-06 6.198714691239338e-05 2.3439210277045932e-05 0.00015488541615146315 7.390873839043855e-06 5.9499863623023705e-06 1.2851570284407974e-06 1.1439326640074006e-05 1.8463318260793262e-06 7.728980499627062e-07 6.310945971686255e-05 2.05701954770923e-07 3.593315371410154e-05 0.00014967972684545804 6.788133966322704e-05 9.69454615585382e-05 5.540247658369316e-05 1.2145055892452728e-06 3.187404834114805e-05 5.697538491231974e-07 3.0124320389537266e-05 1.1067782841248017e-05 0.00010086511144536597 4.215949585821248e-07 2.89774761389705e-07 2.2637190413246714e-07 5.6393465468111626e-05 5.575527021549128e-05 1.706701083261116e-05 1.8957771755751863e-05 0.0008469747469836283 7.957359938104035e-07 1.7813232328246217e-06 2.497114543297533e-06 0.0003340443097245621 5.5381055347045554e-05 2.854121460789624e-05 2.048900884526582e-07 1.8720579717741682e-06 4.4162279963496235e-06 1.1993946436084723e-05 7.278772997439334e-07 3.765415495192223e-05 1.4313411830491984e-06 2.825583745889527e-05 9.353585282433325e-06 3.6548275789569306e-05 4.6850432101268225e-07 0.0 4.682090878341113e-07
5.818043421005684e-05 1.546800246873749e-06 6.5764513619072524e-06 0.0006356272881763655 4.139841144110394e-06 0.002962824011143824 0.0056376421716195155 0.000561828387973857 0.0001637710793570888 0.0 3.9198295095210596e-05 0.0019463486957074117 4.864347461157956e-06 0.0003559212442117165 4.417487366591623e-05 6.170232354812729e-06 5.754189698806389e-06 1.0224417818826984e-05 7.568769277470187e-06 0.002969522278873997 1.8449966069583257e-05 1.4486469230207849e-05 2.479079562516138e-05 0.0004408464874929708 4.581893515117242e-06 1.0320673272476735e-05 7.342318235123137e-05 0.002896997710458063 0.0007591970627958435 7.160688964064144e-06 1.0683571573245391e-06 3.468265575344582e-05 5.174904623606942e-06 0.00044870062136784244 2.4605324517899344e-05 0.0007912432926211529 2.4105182864966202e-05 0.0008972177174206709 0.00022305107442331353 0.0003019731752661885 7.527470931472337e-05 6.784481476979508e-06 2.257685538242878e-05 9.457759057888318e-07 1.0157959150296221e-07 9.238294340732859e-07 0.00011866363583875758 1.9554076562505344e-07 0.00013671119177051185 0.0002573345516153217 0.00018558705257216125 0.00012933648300068662 0.0002637409187067864 1.6910745123153979e-06 6.915496903969747e-05 0.0 2.3387273177752187e-05 1.1718803763518956e-05 1.933710778122963e-06 7.764604587929665e-08 2.490770592732623e-07 1.5638860024995565e-07 0.00018196310165452114 1.2059631529220635e-06 1.4477971749878291e-06 3.271887106284998e-07 0.00023176905158273786 1.2081239221682662e-07 2.5208599193672086e-07 3.1090390465749386e-06 0.0003856237839938814 1.7766681977639927e-05 6.947103247111396e-07 6.262762983643757e-08 3.105521323147869e-06 5.336178558931121e-07 1.1603442501529797e-05 5.932145308005641e-07 2.1096192380599192e-05 6.769377535363088e-07 2.4075812435465124e-05 7.846248878417575e-06 5.53987282839654e-05 2.975939198623045e-06 1.311036015019646e-06 1.0453382216907919e-07
8.477580865164735e-06 1.5049983011766035e-05 4.466377147829192e-06 1.2983124908933793e-06 1.9804762956154442e-07 5.348032835421527e-05 1.606080682238121e-05 4.36976888219971e-05 2.189078956360995e-06 3.9198295095210596e-05 0.0 2.235031553181866e-05 0.001212710153936771 5.320295566972923e-05 2.0499886106960597e-06 3.5614142441751513e-07 0.00038318988801675034 0.002498205005658734 0.00037161305375732554 5.435654978977843e-06 1.8013574564892295e-05 4.884590138691787e-06 3.596080501596162e-05 1.208839688997424e-05 0.00014100272133962658 0.0010789137951749946 0.0004778019336049828 1.354081532748521e-05 5.5791193572093326e-05 1.753980876907985e-05 0.00023075803212572706 2.3515169784819217e-05 3.2770699911718893e-06 0.003695052827684007 2.1890966634207964e-06 0.00022838178193276154 0.0020555701036257703 0.002300676073842078 0.0002052578384355931 5.685515127036793e-05 1.659516852669639e-05 0.00036248289588012065 5.590162572032046e-06 0.0 2.3232800410164657e-06 7.804482500649344e-08 3.4661920852879934e-07 0.0 3.426806742146045e-07 4.602522410684374e-06 1.4494176368028569e-06 4.291440098617066e-07 1.0458169057055401e-06 0.00012893745737982415 0.0 0.0003715913198177996 2.2662614997744023e-07 0.0 8.477010398765487e-08 3.507655183371926e-07 1.4334839276478527e-05 3.6964525262135235e-06 4.086585842037699e-07 0.0 4.986641008575908e-07 3.2282346940351354e-07 4.754736611937507e-06 5.57365917454404e-06 0.00012472285191649938 6.534389454260386e-05 4.075845446895504e-06 5.491619579880082e-07 3.580010312310743e-07 6.242500548734005e-05 0.0 0.0 2.8423900993027214e-06 2.9437135270914995e-07 5.2601902403948506e-06 0.00020749846596132768 1.5702867324369744e-05 7.641998152492554e-07 8.976500066363487e-07 9.389405344688393e-07 0.00012544557019553593 7.182134890904249e-08
7.277632719754577e-07 9.498540647793965e-08 1.3649397325323213e-07 0.000521111589804573 0.00011517409608840688 0.0015046755898455828 7.06722095814183e-05 0.0002816944097143404 0.0003039579282677299 0.0019463486957074117 2.235031553181866e-05 0.0 5.815184357953114e-06 7.881331162971244e-05 0.0010592312491511805 0.0 7.836022002251205e-07 5.273800698329095e-06 3.2769597374282235e-06 0.0017466676521957541 5.260350425198834e-07 6.081174284538274e-07 1.5016905483494842e-07 0.00011557457464710758 4.020381205727867e-06 3.1399859455791996e-06 2.636525120901606e-06 0.00029952417563227306 0.00014871282988278357 7.668235267916272e-07 5.759927108991508e-07 2.1555497461544488e-05 0.0 0.00015136796941025833 1.8835865399543421e-06 0.0001410047981356339 5.352208769663158e-06 0.00022197860501260076 3.4401259132499256e-05 0.0009288092191836446 2.080804516859564e-05 2.3778916212686016e-05 8.215525736846573e-06 6.848094958051553e-07 0.0 0.0 0.00014569145710784673 4.433885846664629e-07 9.934208441689585e-05 0.0001141148541314501 7.109793640882329e-05 0.0001924481698953904 0.00023275263358030562 1.1437869439249224e-06 0.00022057939286705913 0.0 1.2038237380102043e-05 6.256316032108898e-05 0.0 0.0 1.2320210472657144e-07 0.0 0.00021468544357168255 0.0 0.0 0.0 8.552184005511204e-05 0.0 1.478682051810778e-07 2.3880666076795126e-07 0.00019731583687483846 6.504663281382948e-06 1.3046199734600616e-06 0.0 1.5790816790284637e-06 1.074132559359412e-06 3.0745658506985677e-06 0.0 1.50187129090748e-05 0.0 9.705352574118348e-06 2.7546301843773126e-06 0.0002571840749371135 1.802883386815646e-06 5.4235600412329004e-06 5.170801361417389e-06
2.0643289555341726e-07 0.0007886556032151419 7.1940579609835e-07 0.0 6.270477185299588e-08 8.123302109505439e-06 1.3569051375325192e-06 2.1411454755074143e-06 8.038300092405287e-05 4.864347461157956e-06 0.001212710153936771 5.815184357953114e-06 0.0 3.304642992698354e-06 8.903119162228492e-07 1.0939103672334612e-06 3.348825372975572e-06 0.00011471064574678461 2.7787816692525576e-06 5.582526627985014e-07 1.8898420928890779e-06 0.00021538574369711034 1.5343746523362312e-06 8.911538893849201e-05 0.00252926938057992 9.465579933423527e-05 0.0021035933016557624 4.4175151381923046e-06 2.282196975362906e-06 7.749125199679063e-07 0.0002623193913554373 1.7872974856157776e-06 0.0 0.0004738544424665406 1.2681107040160934e-05 0.00023853467183666886 0.0028578301570356098 0.0017730796584024652 0.00010003471329808982 2.3355104866650553e-05 2.6223436373478316e-05 0.00087271015202285 8.414968478590772e-06 0.0 7.819978803177179e-06 2.52542145735433e-07 9.617419106270882e-08 0.0 2.807376952035252e-07 2.5437601322506726e-07 1.660022424830958e-07 8.893014554971564e-07 2.434933729515403e-07 0.0005447141559209388 9.19552775619314e-08 0.0015035384139582353 6.242232763397006e-08 0.0 0.0 1.978166260127602e-07 3.324591793328945e-05 1.1489855002718171e-05 0.0 6.045592303908706e-08 1.80941011886139e-06 0.0 8.431249184878975e-07 4.602698473451606e-05 0.0002609995562561658 0.0001572791616173504 1.1296983621456492e-06 1.5943886679268643e-07 3.9978747067081133e-07 0.00018948554460654837 1.057299364322216e-07 0.0 1.759972907492237e-05 6.529335220894711e-07 2.3310347063896216e-05 0.0007551632596862584 3.391684588224617e-05 1.0394868217148063e-07 0.0 0.0 0.0003871724079872122 0.0
0.0030217092321396938 7.77771730658427e-08 0.0001842456221801167 2.42993825747866e-05 8.171393857293796e-07 0.00039235614952551595 0.003681600396794224 0.002715691326039479 1.6817687968016338e-05 0.0003559212442117165 5.320295566972923e-05 7.881331162971244e-05 3.304642992698354e-06 0.0 1.5141228644489246e-05 1.8253332042552338e-06 0.0001685732461658695 6.317450715646319e-05 0.0001496016816359282 3.6069157709748814e-05 0.00011251606275264061 2.508065804361789e-06 0.00021398994133788623 0.0002087612316103734 0.0 0.00012433971758902556 7.479856038127464e-05 0.00037165745984945074 0.0036404356232709136 0.001369863394338101 2.096528797544974e-06 8.502262905770823e-05 5.523121037412977e-06 0.00035072320773080516 6.3197224839467475e-06 0.0001838876991406512 2.465741994109427e-05 0.0002522504693450063 4.255829373210608e-05 0.00018916983240629362 9.884538648327313e-06 4.150528826332474e-06 5.170146271412776e-06 1.6037770981964637e-06 6.112995912296694e-08 4.5031864460742e-06 8.966612358721115e-07 0.0 1.1823139836282385e-06 2.2063102455042814e-05 5.93283863196726e-06 7.0372655258372655e-06 3.888173950247567e-06 1.4379816865145632e-07 7.722528721138201e-07 7.219804880430003e-08 3.4931739463547704e-06 1.3805880261951818e-07 8.22264387994246e-06 6.90035831822973e-07 1.4118126459534555e-07 5.835862387050793e-08 2.2503861427396038e-06 9.72109629601609e-06 1.5726101616777717e-06 3.0729481897321414e-06 4.3255486672050904e-05 0.0 1.3126126933996758e-06 6.2888875904033276e-06 3.2041678303916534e-05 9.556531619934362e-06 7.87371312156869e-06 0.0 1.2512196301546338e-07 8.209322284443017e-07 1.7159885970567336e-06 0.0 1.330960700818502e-05 8.24498529979398e-07 5.698480540043781e-06 2.8373252820523733e-06 5.570847469094116e-06 3.0001681910493273e-07 1.8005899902673753e-07 1.8391703030605264e-07
3.6979131735062473e-07 5.404405464897427e-06 0.0 0.0002431879201885038 0.0009149944961014781 0.001448399479853159 5.344531672130492e-06 7.432854424288941e-05 0.00039360612027152094 4.417487366591623e-05 2.0499886106960597e-06 0.0010592312491511805 8.903119162228492e-07 1.5141228644489246e-05 0.0 3.1159260294644085e-07 7.186169062330169e-08 1.9131345432567347e-07 3.32750455387112e-07 0.00015308670603381052 0.0 1.4941232934528748e-05 0.0 0.0003977771028786693 1.8911633433710806e-06 7.75423950175283e-07 7.448786083602545e-06 0.00012921097866961786 1.1916469950731422e-05 5.662883306657339e-07 0.0 0.00011911929930382364 3.7697491960136393e-07 1.6416491523335894e-05 0.0 2.3967800913520766e-05 3.453135478549431e-07 1.4776676475851988e-05 2.4956863003989647e-06 0.000976893512708081 0.00011298493491052427 9.705026802195617e-08 0.0 0.0 0.0 0.0 2.6165226849697417e-06 0.0 7.399713336218028e-06 9.31634910163109e-07 0.0 3.7483264734921147e-06 4.551228528645493e-06 0.0 1.2399880278814034e-05 0.0 3.2339816081166937e-07 1.7945804135534369e-06 0.0 0.0 0.0 0.0 9.840101295883367e-06 8.226928798526208e-08 3.902429002124972e-07 0.0 3.312167011986962e-06 0.0 0.0 0.0 5.260224092685316e-06 2.992630965047484e-07 0.0 0.0 0.0 0.0 0.0 1.7317160787797915e-07 4.2803381044260553e-07 0.0 0.0 0.0 2.1285621058451507e-05 2.8317480946488464e-06 0.0 0.0
1.428753735375411e-06 3.427686182971935e-05 6.953991245901884e-07 3.879135056388994e-07 0.0 1.217326024797871e-06 1.9166455413241195e-05 7.735328979021743e-07 4.406649323423349e-05 6.170232354812729e-06 3.5614142441751513e-07 0.0 1.0939103672334612e-06 1.8253332042552338e-06 3.1159260294644085e-07 0.0 4.062815320044226e-06 2.2040640992719127e-07 5.458615424347836e-07 1.6465681925350467e-07 0.0023761285129748786 0.001931855543472048 0.0012887177890713477 0.0013887629790243325 4.140086427239843e-06 2.2504674670402596e-06 0.0014979079639704294 0.0010045150447898596 2.467547927644106e-05 2.878814528668959e-05 0.0 0.0 1.1779543469487756e-05 4.8189377808299405e-05 1.6623150755939494e-05 0.0010266999308432398 0.00021840395019815314 0.0002745890367885752 0.00045371298216561104 4.2803225198398303e-05 1.0051799772565422e-06 4.258031766390065e-07 9.472501177337471e-06 6.968439399675135e-07 9.89200718233041e-07 6.094687616163831e-05 0.0 0.0 3.788012722717852e-07 1.4270317371019489e-05 3.1425403432394934e-06 3.374997964443042e-06 1.6256111609390813e-06 0.0 0.0 0.0 3.817745629499933e-06 4.435831439530245e-07 0.0019337919089561883 1.2053964890308312e-06 1.664631149996208e-07 1.2217114083967808e-07 0.0 0.00026062039733451645 0.0006614272785863763 0.0018024580246065096 9.343790318483666e-05 5.9148102388767186e-08 2.4983279800971938e-06 0.0005927640725274825 3.9408771471451134e-05 5.972855414558346e-06 3.4757786043881114e-05 0.0 0.0 6.46369059290028e-07 4.776479077436464e-06 5.192426001387054e-07 0.00012280756106161823 2.735286261181996e-06 1.599912254683686e-05 1.2323140269479617e-05 1.3828850401106294e-06 0.0 0.0 4.72084759712413e-07
0.00011361216130420615 9.163298524260828e-06 0.0015517815294317028 2.9713764643412674e-07 0.0 2.979306783747647e-05 6.617653650666082e-05 0.0001828393803650646 8.53462656039663e-07 5.754189698806389e-06 0.00038318988801675034 7.836022002251205e-07 3.348825372975572e-06 0.0001685732461658695 7.186169062330169e-08 4.062815320044226e-06 0.0 0.0003049071152320861 0.0027363054928552797 1.283423550011111e-07 0.0007092361609223153 5.898929887786447e-06 0.001443575477562222 1.1217345749720859e-05 3.933923832565245e-07 0.0016230677372552087 0.0028296581886097295 1.1735181616528815e-05 0.00021059584972743284 0.0006355794027656695 1.009387929944887e-05 9.195345321257982e-07 1.0916691965424803e-05 0.0014169697519959728 2.3149052615916436e-06 0.00024873646163762445 0.001042146695511924 0.0006130447256756414 5.46872701900994e-05 1.2911975749447431e-05 1.6148399896926812e-07 0.0 1.175630233161591e-06 0.0 2.5870892107402526e-05 0.00012144941260840283 0.0 0.0 6.686510964040021e-08 1.6583587255090502e-06 6.511965876974432e-08 4.3982187012487805e-07 0.0 3.4046108240057557e-07 0.0 8.135042545267089e-07 1.0375835548934756e-06 0.0 5.8786661706577e-06 4.406995937932149e-05 3.58561801472242e-06 4.465923776364997e-05 1.7105342577211756e-07 1.8435348037221536e-06 4.905056532820839e-06 6.3480911258583935e-06 5.670154637182909e-06 2.575810195322125e-07 0.0002953417051879292 0.00039843304992871287 2.168217234319888e-06 3.6869472340964407e-07 3.31837724339357e-06 1.8550837753723063e-07 0.0 0.0 1.7248511893638628e-06 0.0 1.5715146538963843e-05 4.514371000737012e-05 1.8287671799355264e-05 2.7575006649230526e-06 0.0 0.0 0.0 0.0
3.2610384084987564e-05 6.743975832374685e-07 1.176913516004564e-05 2.2211882027875514e-07 5.869170648280314e-08 1.6491942710318467e-05 6.293192010488859e-06 4.242323092128004e-05 5.487299626952816e-07 1.0224417818826984e-05 0.002498205005658734 5.273800698329095e-06 0.00011471064574678461 6.317450715646319e-05 1.9131345432567347e-07 2.2040640992719127e-07 0.0003049071152320861 0.0 0.0010338464246128843 1.8030939251808378e-06 3.763876912150931e-05 4.069967885094703e-07 5.0086194849712836e-05 4.282910408528593e-06 2.580898078747504e-05 0.0011748062993823813 0.0007113719647238094 5.476943085737815e-06 9.283086069359276e-05 4.406621896469462e-05 9.250517435815389e-05 4.684289463790633e-06 6.147261375403675e-06 0.0013266862472779977 1.2042624159378056e-06 0.00027106842462797256 0.000534499513467242 0.0015542748567956958 0.00014929424343676788 1.784791278691908e-05 1.715234807995735e-06 8.957206012514874e-06 1.131574541437966e-06 0.0 3.454226086269927e-06 6.300686141399852e-07 0.0 0.0 0.0 6.740197772443738e-07 0.0 4.1579808970424385e-07 0.0 2.3898910434301625e-05 0.0 0.0001028220196206506 0.0 0.0 5.947148836826104e-07 7.113743627344266e-07 1.814081423054632e-05 5.4039206949709724e-06 0.0 1.2856024678068094e-07 7.649074140443393e-07 5.338651708245975e-07 1.3639595494547283e-06 4.94050309479414e-06 0.0001805453442833669 0.0001374852475536175 1.510630064301925e-06 6.296780476705513e-08 0.0 5.561380836283251e-05 0.0 0.0 3.106079005334774e-07 0.0 3.7843707650401166e-06 1.2480014256792159e-05 1.4602477682859127e-06 0.0 1.240066413664629e-07 0.0 0.0 0.0
9.223910662969126e-05 3.6581069150387504e-06 6.543954803692276e-05 3.230797755337289e-07 0.0 1.5897682912314338e-05 1.1413810952041939e-05 9.866269194742629e-05 2.474204380280734e-07 7.568769277470187e-06 0.00037161305375732554 3.2769597374282235e-06 2.7787816692525576e-06 0.0001496016816359282 3.32750455387112e-07 5.458615424347836e-07 0.0027363054928552797 0.0010338464246128843 0.0 1.115375449029678e-06 0.00017246188148234247 4.401199516240604e-07 0.00037035363532174066 3.222684390030979e-06 2.563935276102809e-06 0.002311616611368503 0.0006443073836875595 9.314522891376695e-06 0.00020477659246089346 0.00023270409068701568 4.553308139743076e-06 1.4263117609296476e-06 9.950890623515172e-06 0.0016382167473691918 2.5234235550806857e-06 0.0005269086559856228 0.0005759777372776968 0.001370145529879875 0.0001324640973843703 2.427653481847439e-05 1.1174525203747155e-06 1.074022058761294e-06 1.7590951618918314e-06 0.0 1.5028078424605081e-05 7.005290762868376e-06 1.2710554773083408e-07 0.0 6.241286646233924e-08 9.084944082056673e-07 0.0 9.015887023553779e-08 5.7554547709115336e-08 1.7105716846540091e-06 0.0 1.3600863579889589e-05 0.0 0.0 1.2100838373393568e-06 5.412033671006799e-06 1.5712735801100782e-05 5.163596353087815e-05 0.0 1.1093510705429628e-06 8.127541540409024e-07 1.985806353228326e-06 2.319655391633646e-06 4.902881650146007e-06 0.0003744763005988555 0.00036207800240073624 1.0738938368617714e-06 3.165745008365907e-07 1.0010769381854371e-06 8.200880422320595e-06 0.0 6.859342786257869e-08 3.466538346130317e-07 0.0 7.284356873649097e-06 1.214520372503966e-05 5.199916861476546e-06 1.3677115662408876e-06 0.0 0.0 0.0 0.0
4.8020828118058305e-06 0.0 1.5405983705409344e-07 0.0013504171391816333 1.0714177476053262e-05 0.00012282547355654306 3.9893947938706445e-05 5.061925500917744e-05 0.0004381807099389966 0.002969522278873997 5.435654978977843e-06 0.0017466676521957541 5.582526627985014e-07 3.6069157709748814e-05 0.00015308670603381052 1.6465681925350467e-07 1.283423550011111e-07 1.8030939251808378e-06 1.115375449029678e-06 0.0 3.3584430598239804e-07 8.992866896372578e-08 6.430390306968474e-07 0.00030450304753306616 5.420713372647471e-06 1.0169051412725145e-06 1.5318022390480702e-06 0.0017257300614370928 0.00010033506953732042 1.879218640296785e-07 0.0 5.471712966200785e-06 8.215857328837744e-07 6.741510054988293e-05 7.671933413465271e-06 0.00022741847740971103 3.75391646409679e-06 0.00016608671597246943 4.607088479400148e-05 0.00017988203203639206 1.2360466594882006e-05 5.457443924321977e-06 9.858417725395728e-06 1.2104524717400825e-06 0.0 1.010200199300518e-07 0.00020423628406128903 3.5153781198776317e-07 0.00018034662905017885 0.00024510137641159597 0.00018919923310869562 0.0002187412100245354 0.0004055161616765653 9.058810882863265e-07 0.0001545072647805053 1.7199244112247446e-07 2.135227354095827e-05 3.0413576519215642e-05 0.0 0.0 4.0828241599502646e-07 6.426397578607442e-08 0.0003218162953312386 2.745530132328013e-07 4.4779107243064403e-07 3.045842531157191e-07 0.00023335133536278642 0.0 5.646710684641934e-07 4.6478651730426656e-07 0.00044786771231676174 1.971660572423975e-05 8.249001764160102e-07 0.0 2.5821875851710128e-06 1.4848629550094903e-07 1.1001157569697499e-05 0.0 2.1866315520667072e-05 9.111323755926993e-07 2.0162787267659315e-05 8.109232117765358e-06 0.0001131484432394352 1.172742458562539e-06 7.29535056519606e-06 1.3297113234346464e-07
2.7232498474059348e-05 9.65298331812704e-06 0.000962954322320908 0.0 0.0 0.00010733619591778615 0.0005761912443050454 0.0003968177236072646 4.755812308699603e-05 1.8449966069583257e-05 1.8013574564892295e-05 5.260350425198834e-07 1.8898420928890779e-06 0.00011251606275264061 0.0 0.0023761285129748786 0.0007092361609223153 3.763876912150931e-05 0.00017246188148234247 3.3584430598239804e-07 0.0 0.00021019853534436328 0.011948143914376328 0.00014719626007309467 1.0667216231462763e-06 0.0002045137284142689 0.0007507381611507871 0.0012176301215514197 0.00022819974779903724 0.003642547096328474 1.2908116047153356e-06 8.594166715128747e-07 8.535746176363672e-05 0.002970868998768316 8.36867047115128e-05 0.0036045469211128814 0.000619365144512264 0.0031385742482427587 0.0016228119819522216 0.00017549958394993482 6.783189004030083e-06 3.0430318511026866e-06 2.901185918075232e-05 5.8046740121723e-06 1.3205958524764373e-06 3.342265864355112e-05 7.327226918687829e-08 1.0476670086226592e-07 2.7164482092216634e-07 7.276692740722417e-06 2.797505964034873e-06 9.39314495229109e-06 6.774169312599631e-07 0.0 0.0 1.589329575800945e-07 5.5773223142327225e-06 1.0367300271390682e-07 0.0005555401554022504 4.964603760882477e-06 1.3161519881081753e-07 9.118636581736676e-07 0.0 0.00044964603613980816 0.0001024459924797327 0.00033447549725255205 0.00016067057827972092 9.261339628079464e-08 7.0119040553774994e-06 6.827125428974189e-05 8.713102398740348e-05 2.8441143748085122e-05 0.00011399490940415228 9.598603100312079e-08 1.273156873311399e-07 2.157063362716142e-06 6.118317496155756e-06 2.1145819710248354e-06 5.892847000047174e-05 4.680738799535693e-06 1.909439727394533e-05 9.146975539400348e-06 1.8883299289708964e-06 5.706269495874058e-08 5.271362744762596e-07 3.580006894326009e-07
1.7625027265192553e-06 0.0010943557258638254 9.37182651628155e-06 3.2643067994339075e-06 9.270641626060108e-07 4.346656222576246e-06 5.591311787272162e-05 1.6447884194010237e-06 0.0010076107431144623 1.4486469230207849e-05 4.884590138691787e-06 6.081174284538274e-07 0.00021538574369711034 2.508065804361789e-06 1.4941232934528748e-05 0.001931855543472048 5.898929887786447e-06 4.069967885094703e-07 4.401199516240604e-07 8.992866896372578e-08 0.00021019853534436328 0.0 0.00031888589616491217 0.0049902981363997255 0.0004032450615826579 7.504344143703921e-06 0.0021094496743153212 0.0004012153754215037 1.0126933699356698e-05 2.822722153053535e-05 1.1036324132260297e-05 7.000222622577314e-08 1.0896619308895467e-06 5.01598407046311e-06 9.366236914947359e-07 2.8955130930852572e-05 1.3859941092829417e-05 2.0482081382993265e-05 8.958659956759758e-06 9.518743619738476e-06 0.0 1.9503993207231895e-05 0.0 1.386437024087452e-06 8.385091332852929e-06 4.6222375270217664e-05 7.426919279414501e-07 0.0 1.17500194110673e-07 5.205216119249216e-06 2.148026092400318e-06 1.442822180002681e-05 5.119848418608489e-07 5.969604047086049e-07 4.863528236678111e-07 9.546312538672066e-07 1.7989992981499378e-06 4.449225192485175e-07 0.0006733050952550877 2.4067425189890427e-06 1.5776456697090286e-07 7.014380295120212e-07 5.500031999861783e-07 5.993627949509749e-05 0.00011663833496625825 0.0003472674691815434 0.0001013639863172016 1.9867290239655746e-07 5.528672229143724e-06 0.0006250808023482108 2.7165199493981825e-05 6.199283881590954e-06 8.337065794277189e-06 3.6714001507593046e-07 4.634736978512737e-08 5.347956934323314e-07 1.171088405553101e-06 1.3687284736655638e-07 1.3255163738046131e-05 3.6235657914629992e-06 7.006489469103269e-06 3.15639655902329e-06 6.084021275933373e-07 0.0 2.7250602015342023e-07 6.94248811322477e-08
0.0001407094942380094 3.251398585451997e-06 0.002662285746846665 8.366273390036115e-08 2.2679328943091623e-07 7.466457451097731e-05 0.0005757040012340233 0.00033172903656438586 1.00348993524146e-05 2.479079562516138e-05 3.596080501596162e-05 1.5016905483494842e-07 1.5343746523362312e-06 0.00021398994133788623 0.0 0.0012887177890713477 0.001443575477562222 5.0086194849712836e-05 0.00037035363532174066 6.430390306968474e-07 0.011948143914376328 0.00031888589616491217 0.0 9.90473804420529e-05 3.9763726916879685e-06 0.0011462796533077812 0.008185280622669095 0.0006120539456823094 0.00025606120125559116 0.00379404716150145 2.3152725098096727e-06 1.1802598555057258e-06 2.7868931119424556e-05 0.002638286724949742 0.00012975110597299776 0.00596050829405452 0.0035862392820685957 0.005152994647499345 0.004247739976223169 0.0003968164882478906 3.031537128566898e-05 1.4163133808404847e-05 5.9095802997333275e-05 1.9197327111834116e-06 9.624586501577345e-06 0.0005588790222583332 0.0 1.1185477518690032e-07 3.2143487038065483e-07 2.0497798596520517e-05 4.956345420804249e-06 1.6526604275131268e-06 7.706998585308706e-07 0.0 0.0 8.280068017292383e-08 4.9346040424143255e-06 0.0 0.0014310468748912298 1.1880048052572768e-05 1.2740364347161944e-07 1.1928169997306802e-06 0.0 0.00016177056616560929 0.0003117844909260227 0.0017758298458807917 9.034024222016959e-05 0.0 1.4453127064468651e-05 0.0013333048074712602 4.0484840665707844e-05 8.281550553929006e-06 2.8056309822955245e-05 0.0 0.0 1.3699959620960264e-06 1.0337751128760042e-05 5.739270499264827e-06 0.00024416707077361163 1.6301650098847112e-05 5.265649969702445e-05 2.8043087453451503e-05 2.915244372692678e-06 8.877309579728538e-08 3.275914251853413e-07 6.075205818585161e-07
