0.0 2.1109789249014256e-07 2.929124373090329e-05 2.7661443756233627e-06 3.6521739347713764e-06 2.010250740637053e-05 0.002571570047758368 0.00011769232069231421 1.8879446190500864e-05 1.3691891007838147e-05 4.0406900325387796e-05 3.8985304439262835e-07 3.945225965854573e-07 0.0012569099119152832 1.706537384235521e-07 2.78652712558701e-06 0.0002269647457535255 4.3584756519139754e-05 0.0001278095635802393 4.596224990709895e-06 9.474094384095694e-06 1.2889536001947762e-06 9.71117406069127e-05 5.1787239569088306e-05 1.3251169939594109e-07 3.514564509430671e-05 3.1040321396914e-05 0.00011005458466882452 0.002320164012583368 0.001053797185387186 4.0772306913561767e-07 4.076302772594457e-05 4.692363656886177e-05 0.00013584094862565784 3.691000444268553e-07 8.286177915625354e-06 5.587841721169427e-06 0.00011870864400993607 1.2232561043903668e-05 1.0566347828747148e-06 2.974129974945756e-06 3.599869981908635e-07 3.580379723511028e-07 2.448406430393819e-07 1.41707138400504e-07 1.2091480092707887e-07 1.1618302054013929e-07 0.0 0.0 5.921860180336842e-07 4.720610900281525e-08 3.4714620727107866e-06 2.8459398373825325e-07 0.0 3.7192147658949614e-07 0.0 6.64505853256166e-07 0.0 3.2120048176636744e-06 9.783413763726678e-08 0.0 0.0 1.6995091357558828e-07 1.2309043266308322e-06 0.0 5.4160994058382754e-08 1.911360793165086e-05 1.9554763400072212e-07 5.847023898534467e-07 1.3882955842741767e-06 1.2414676125237585e-05 6.813242081766042e-07 5.077210495168852e-06 5.748715359714077e-08 0.0 1.181534261656613e-07 4.043298061336735e-07 0.0 3.6175334279424515e-06 1.2730507429178193e-07 2.0334116125604665e-06 2.6685255864100563e-07 1.1486055187744261e-06 5.948047515089898e-08 0.0 0.0
2.1109789249014256e-07 0.0 3.929255824816018e-06 0.0 2.7458626071946217e-07 2.228242812789045e-07 1.9893830178731593e-06 1.1187853513067211e-06 0.0001989236902561175 2.61311970393232e-07 6.399733322754056e-05 6.417075733401034e-07 0.00034880351089233393 1.5833524099362314e-06 3.825226063980247e-06 4.3315952778289975e-05 7.849037285377275e-06 3.269198050952243e-05 1.1490692167225876e-05 1.5284357996546877e-07 1.1025653058504542e-06 0.0013544797705049363 1.346828507163934e-06 0.000570971929607522 0.000632124804196017 0.00017617659006019607 0.0033158521158027725 1.119699443343778e-05 3.084718014813021e-06 2.7366710590298017e-06 9.988094419585114e-05 1.974669545952234e-06 3.443286688329554e-07 5.792756839968333e-05 3.107090765233667e-07 2.1825865323531313e-05 6.633462879233637e-05 7.200186056707236e-05 6.413457353407136e-06 2.6030900782623713e-06 4.48247329786908e-07 0.00012955418725162733 2.7721314728898383e-07 5.960648787501731e-07 4.5819874622447156e-05 0.00016352113895982089 0.0 0.0 8.321415765518959e-08 2.3246329404401283e-06 3.461190645233787e-07 5.800174690239312e-07 1.36551036517512e-07 7.622239364112367e-06 1.507347231889428e-07 1.0348206059510965e-05 9.202726954875958e-07 0.0 5.3574828485609895e-06 7.120166182562313e-05 1.0556889035063294e-05 2.7921104842242106e-05 0.0 2.754706785225869e-07 1.0765555845059954e-05 3.5056243343944314e-06 1.2707597562574596e-05 1.3508807904327204e-05 0.00031103084959755285 0.00162484110054225 2.1204726640235986e-06 4.165632445421064e-07 1.8854015842238905e-06 9.487559729437777e-06 7.004879641789095e-08 2.4129621424238017e-07 4.589426694825635e-06 7.216852446750053e-07 5.108779338356105e-05 3.747937549959402e-05 4.6670384280076895e-05 3.510974522470187e-05 5.156668669081682e-07 0.0 1.1698247127395841e-06 0.0
2.929124373090329e-05 3.929255824816018e-06 0.0 2.012074117594892e-06 5.830547544460873e-07 0.00019251788426971573 0.0008250881422663395 0.0006701243286728764 2.5984661812335704e-06 9.89150587930056e-05 1.4738836633353252e-05 2.3364106818227556e-07 2.3266326661935005e-07 0.0004246461869967807 8.244786379944007e-07 3.4840362426652414e-06 0.002758205655978386 4.9562093175994803e-05 0.00038278589362767665 2.245504384479172e-06 0.00035252078609084383 7.2726360183424195e-06 0.00902952294057873 3.1254298377393156e-05 6.126791755332457e-08 0.005158421183718635 0.0026627384935343757 0.00013567654626230795 3.025407677177343e-05 0.0001569741520900252 7.196021363147769e-06 5.6780269150119804e-06 9.649822448254235e-07 0.00023522837411810686 1.0236447843280542e-05 0.000676382810796216 0.0011989084985685587 0.0010182889254705672 0.00028349635759202386 2.7630662028484003e-05 7.393492168195891e-06 5.733157957801549e-06 2.6415281492535622e-06 1.2031947612282865e-06 2.5897467884548484e-05 0.0009771828306742653 0.0 0.0 3.297260371641347e-07 1.233611535782552e-05 3.823695114099527e-06 2.6003779429974234e-07 3.085233693514717e-07 9.514420936719706e-07 0.0 5.972405830626594e-08 5.202359387956782e-06 0.0 2.1478554746130637e-05 0.0002699867283923678 1.0519927081599595e-06 2.107254298298379e-05 0.0 2.852181025595859e-06 3.5585201139116226e-05 8.396570512374002e-05 1.0626155148860333e-05 1.8780322580252788e-07 5.6159251584086106e-05 0.0011736399337705977 8.027558784960956e-06 1.84534812599941e-06 5.248041391206615e-06 9.145466775344419e-08 0.0 0.0 9.656070678923558e-06 3.2957063002922014e-06 0.00012328483458721537 5.310749461441888e-05 8.062153645280179e-05 6.417839622797154e-05 4.975483765287997e-07 1.235203509824583e-07 1.9726591393209016e-07 6.618531299241245e-07
2.7661443756233627e-06 0.0 2.012074117594892e-06 0.0 1.155431075778665e-06 2.1784393024979044e-05 0.00016874284333974425 3.8069880083479927e-05 0.0003278232645382365 0.001697166658825791 3.459442399706252e-07 0.0010727042842409104 1.2499772338690172e-07 2.2740322399966647e-05 3.237321985039539e-05 0.0 2.3101457466329326e-07 6.392188133844434e-08 3.6968700230297225e-07 0.00116847273691107 0.0 1.3246173870582105e-07 1.1841852180642116e-06 0.0008555067306659067 0.0 4.411786980688254e-07 5.0942792160709395e-06 0.004130956996958113 5.302479395024861e-05 1.5404749016161598e-07 6.024992386827149e-08 5.8527950812399665e-06 1.4895003033730878e-06 7.4986238768695415e-06 4.835752704701074e-06 0.00014332279442266636 1.5827987207231996e-06 3.918730637420053e-05 1.4791622502236952e-05 9.111604481899299e-05 1.3913184890949475e-05 4.0932870222478717e-07 2.701660410377798e-06 1.2054346192254096e-07 0.0 8.439399440729195e-08 3.377078798730518e-05 8.142911935179706e-07 3.066681805417208e-06 2.7287906784231793e-05 4.0429650141090564e-07 4.000779451430735e-05 5.764407173011373e-05 0.0 2.617567445806082e-05 0.0 2.1485227374021345e-06 5.035227551846565e-06 3.532081240516042e-07 0.0 0.0 0.0 8.234108977416221e-05 0.0 1.3616457047616045e-07 0.0 0.00013789426527311403 0.0 1.648206232133383e-07 4.360985523010762e-07 0.00010038746089668616 6.549836594385229e-07 7.033115346807237e-07 0.0 0.0 2.4286248458211985e-07 1.8919337704691184e-07 2.175243950178651e-07 3.065523496295565e-05 0.0 2.31253250817064e-06 4.867813664111677e-07 6.743130070921726e-05 1.561437851871421e-06 0.0 2.1039176096929238e-07
3.6521739347713764e-06 2.7458626071946217e-07 5.830547544460873e-07 1.155431075778665e-06 0.0 0.00013691054300240353 6.441327067071653e-06 3.641722644122186e-05 2.9859751410833406e-05 1.5533439517879355e-05 1.7653247230539533e-05 8.747475056281727e-05 3.495561277792826e-06 2.9843870221819665e-05 0.0011340608751858878 0.0 8.544506203314484e-07 1.0849775887558812e-06 1.0311707837170337e-06 8.45193156869981e-06 5.22046084374213e-08 7.125188517447057e-07 5.124611070433487e-07 1.3237847899036297e-05 1.0068146930627487e-06 2.1365726704027516e-06 1.8722538669892445e-06 4.599897420561909e-06 6.791766694574547e-06 3.753311972305387e-07 7.384461276734567e-07 3.84272715850549e-06 5.639106401528466e-07 2.6228709124329986e-05 0.0 2.0490776327274613e-05 1.402540453408925e-06 4.046165622487632e-05 1.9850576192902227e-06 0.00045326645984934124 3.77915986031891e-05 3.2748799513262305e-06 2.739613788752476e-07 0.0 0.0 6.008971069887173e-08 0.0 0.0 0.0 8.755804403735013e-08 0.0 7.278590842193043e-07 3.4688055847478913e-07 0.0 1.2781342927195973e-07 0.0 0.0 0.0 4.120310581038377e-08 0.0 6.397527130437122e-08 0.0 6.587161466917598e-07 1.8776906285931625e-07 0.0 9.445815082921397e-08 2.2281841148378527e-06 8.581018074244944e-08 1.0117231226223768e-07 0.0 1.1371159591624966e-06 0.0 4.659043680151416e-08 0.0 0.0 0.0 4.507302733157792e-08 0.0 1.1906886034410172e-06 6.0123480591544e-08 0.0 6.463778863922334e-08 4.007500460597468e-07 3.4581137446444236e-07 0.0 0.0
2.010250740637053e-05 2.228242812789045e-07 0.00019251788426971573 2.1784393024979044e-05 0.00013691054300240353 0.0 0.002410368386819862 0.0039898820340387485 2.3966955803376913e-05 0.004680428787647463 9.851541425387438e-05 0.001976955113166849 1.9712335828772435e-05 0.0003227478223269608 0.0008960108528066749 5.817608897659465e-07 4.1796462048052235e-05 7.4981032147197225e-06 2.6269534310243773e-05 0.0001679402904347103 1.2136752519265848e-05 3.8019036926385577e-07 0.00018756461845423732 7.926602939333436e-05 2.1964749861435464e-06 3.8632089947071295e-05 4.027916267553864e-05 0.0008881752818618871 0.0001464573193258416 1.181463534916528e-05 4.100267599827229e-06 0.0001813592737095663 2.7925719544051865e-06 0.0002089717506995269 6.66243107071278e-06 0.00020290105124797056 2.0745196628841683e-05 0.00033265652537824326 5.193281680930844e-05 0.001161929589607755 0.0002562480454967058 2.1152376891576454e-05 9.221896985263023e-06 9.696328188073469e-08 2.627959561434481e-07 1.6759276142938875e-06 1.1346085238972635e-06 0.0 4.0496667061038676e-07 1.6925975836207902e-06 0.0 2.2323293917006748e-06 1.118637495790518e-06 7.342189123940629e-08 1.3647339353032132e-06 1.5322081112212907e-07 1.8182871336524892e-07 1.8589800526508238e-07 1.5240786613392038e-06 0.0 0.0 1.4439191879029824e-07 1.8467951758168292e-06 2.3537213487706218e-07 1.1241256244121733e-07 2.166523081837721e-06 1.9430786122428782e-05 0.0 7.401175696832099e-07 4.199432152238831e-06 1.1619625015251888e-05 4.601262762744725e-07 7.910765504777864e-07 9.792623767237004e-08 0.0 0.0 4.6953221728166603e-07 0.0 3.132299364478022e-06 3.452885234918948e-07 1.522448756477736e-06 6.056244880943904e-07 1.6942728587747944e-06 8.68094233925964e-08 5.934223314605367e-07 4.513510119024732e-07
0.002571570047758368 1.9893830178731593e-06 0.0008250881422663395 0.00016874284333974425 6.441327067071653e-06 0.002410368386819862 0.0 0.00272769861393487 0.0003375586189776005 0.0053820941088226215 1.1808995755453207e-05 8.487799552169792e-05 1.2738268734943608e-06 0.005930089070101442 1.992264793750903e-05 9.280080991142912e-05 0.00017310109136671538 1.0781364316117937e-05 4.159170983391743e-05 0.00019129888681779654 0.0003923087660669089 1.4936596233186676e-05 0.0025045769260936823 0.002535510188323379 6.933079044358973e-08 8.355319141760366e-05 0.0007815823690511533 0.012471619768707537 0.0008902047086631716 0.0031511139025548677 9.089219115638129e-07 5.343060629253326e-05 1.799164545907917e-05 0.0001043300501965853 3.7313007822245754e-05 0.0007164795692999462 3.5678178185363857e-05 0.00032705776432003934 0.0001431088271927254 0.00018621096254020742 9.803929722124085e-05 1.4241280871801472e-06 2.089523661897542e-05 7.936586112559774e-07 1.6341386360038304e-06 9.488173522929616e-06 2.5677909225813337e-05 3.572190605672289e-07 7.15575305412295e-06 4.757720280511802e-05 2.4235914334019846e-06 8.661780445379343e-05 4.55950232749636e-05 2.1454179771020618e-07 1.6100475212721592e-05 5.8288641342424935e-08 4.140738142369481e-06 2.7400942912338814e-06 2.2492281182444794e-05 1.2435329286760384e-06 1.8810748297968914e-07 3.643903037178669e-07 4.62179641490715e-05 5.152561727267335e-06 3.032141046882047e-06 2.8903079206386056e-05 0.00034773203846602156 0.0 2.097430645895534e-06 3.4248371047967025e-05 0.00021309682052400637 8.291488565701622e-06 1.993281094433862e-05 8.271282710116505e-08 6.377922923442775e-08 8.008065670636497e-07 1.8742717523987302e-06 0.0 5.3062558574215156e-05 2.09165592573518e-06 1.3427797288962878e-05 3.816775008607742e-06 2.5546286184839182e-05 7.202366226554282e-06 9.319626676029894e-07 1.4393510607791545e-06
0.00011769232069231421 1.1187853513067211e-06 0.0006701243286728764 3.8069880083479927e-05 3.641722644122186e-05 0.0039898820340387485 0.00272769861393487 0.0 3.157572667413692e-05 0.0024692338821802715 0.00021442350568143885 0.0004547530525487284 2.528102871543618e-05 0.0031575205301431057 5.305024942129137e-05 1.5703748583433587e-06 0.0003523771187553139 6.058132335957567e-05 0.0002240921192557542 0.00010483434760786608 4.7166578052996334e-05 1.7984521771437835e-06 0.000731024080250154 0.0001395769821864014 2.58150130861115e-06 0.00016472743891406542 0.00014677411793076556 0.000419002184956062 0.00019004472768485115 0.0001441249766774357 7.838316009754971e-06 0.00015183155435619962 7.34026659114961e-06 0.00026106435060521964 3.094032328166952e-06 0.0001547460458677075 7.629216314448262e-05 0.00047269121775564757 9.613278533247508e-05 0.0003441272987790463 7.085480686231093e-05 1.9312770873360534e-05 3.294614023661174e-06 3.86805651441464e-07 3.8616542620234066e-07 2.541653206672606e-06 1.002776174495971e-06 0.0 1.8378855710976323e-07 3.68705439354564e-06 1.0453926972578954e-07 4.331938046025887e-06 1.0079665691370316e-06 0.0 5.23844701672249e-07 6.159766171408513e-07 3.2395018472974955e-07 1.3220863579427096e-07 3.6556384192522497e-06 6.947036449310707e-07 1.713951904034224e-07 1.5416918437815668e-07 1.0115665586928473e-06 1.586559064081177e-06 3.06096365208081e-07 4.043929188717961e-06 3.572933556292564e-05 1.5987664601869003e-07 2.759338875014537e-06 1.0074683126709412e-05 2.2532863272008928e-05 1.585083231425177e-06 5.168055941798196e-06 5.704972873365723e-07 0.0 9.245868470555572e-08 5.713880444318823e-07 0.0 5.8888041071097365e-06 8.741179894656812e-07 1.712464251014297e-06 1.0031706529987766e-06 2.1401875562134134e-06 6.988497583785271e-07 6.126662661669065e-07 2.0648091531441568e-07
1.8879446190500864e-05 0.0001989236902561175 2.5984661812335704e-06 0.0003278232645382365 2.9859751410833406e-05 2.3966955803376913e-05 0.0003375586189776005 3.157572667413692e-05 0.0 0.00017177629584482553 2.2539306596378544e-06 0.00011454611694143563 3.587854996662827e-06 3.9892828857830905e-05 0.0004377267498736043 7.636131649965246e-05 2.9590407214674074e-06 1.4976163102055342e-06 1.120610724889181e-06 0.00043229186294767313 3.950743972086771e-05 0.0015097155585130425 6.840905534046595e-06 0.006210174713287237 1.3144662820874285e-05 9.234001596849714e-06 0.0006098575588459974 0.0005648602744700611 0.00015501904330996778 0.00021252044346744235 3.6895032606745376e-06 5.58011964473261e-06 1.817237072091779e-05 1.8075329597000414e-05 1.1908313168464943e-05 0.00031545855024981686 1.5825064281486958e-05 9.059117914149999e-05 4.5078452701928134e-05 0.0002850713833488863 1.4919484878921953e-05 6.559352816719447e-07 5.89572905902285e-06 4.127683960345303e-06 3.487282724729522e-06 2.476557135528341e-06 2.936463226333041e-05 1.3762036476658882e-06 3.579441555145151e-06 2.6438925274645446e-05 1.400321953561754e-06 3.322296659332222e-05 4.2267436519213544e-05 4.001450006468819e-07 3.786722823767239e-05 3.524122724346966e-07 5.207087245050259e-06 1.2037229937478526e-05 5.754121997059223e-05 1.40106908494162e-06 3.8289893462023486e-07 8.933296507562031e-07 5.923393624826399e-05 1.9594667239462015e-05 8.882839008772147e-06 1.4157859861383523e-06 0.0006133804276093089 2.3257603824735412e-07 7.690490707959971e-06 1.7500902842788915e-05 0.00018481987017777553 1.720973783652737e-05 5.656102082101235e-05 2.60908873626306e-07 5.643032723999075e-08 1.7369307528104644e-06 3.4420834236017235e-06 1.9460821075789394e-07 4.66603914136473e-05 5.972348748149178e-07 1.2854014780645101e-05 1.9409394992291433e-06 5.040669490899697e-05 1.3763347029760093e-06 0.0 5.93656690549117e-07
1.3691891007838147e-05 2.61311970393232e-07 9.89150587930056e-05 0.001697166658825791 1.5533439517879355e-05 0.004680428787647463 0.0053820941088226215 0.0024692338821802715 0.00017177629584482553 0.0 3.2343323265248505e-05 0.002154135545015643 6.22961585707748e-06 0.0006634915804255124 2.1478510302571938e-05 7.629331221871955e-07 4.626639129661966e-06 3.0133590655563984e-06 4.733034549909239e-06 0.001647604295699801 8.067862212510577e-06 4.7449761392772627e-07 0.00010698743638814239 0.00040580111834426805 1.8840994438466126e-07 1.9066118804623888e-05 3.477232030108275e-05 0.002348956958523785 0.0004631053855831316 3.202509066411217e-06 1.203662123561385e-06 0.00012198769435729994 4.4279301829610885e-06 0.0001544033941508038 4.8873154572805284e-05 0.0007888604689768286 2.012811945937267e-05 0.0006169272569282233 0.00011580981480877505 0.0003192002999734023 0.0002961275659589628 6.394723616330721e-06 4.63962273819971e-05 4.3664222052833784e-07 3.287324847318881e-07 4.4314630185701626e-07 4.6174319662122316e-05 9.379373314909347e-07 9.068348990217591e-06 7.306436876545848e-05 1.365204045384119e-06 5.853508117468825e-05 8.604706821697067e-05 2.1946338905395112e-07 2.76837864617268e-05 1.1920812500154313e-07 2.1947640371456325e-06 4.993643673818698e-06 9.167272678373886e-07 1.1322671795296793e-07 0.0 6.483479710865813e-08 8.905731415998662e-05 1.1533651228123917e-07 9.266522086430379e-07 1.7392787610073768e-06 0.00034087231680213 1.50440880048091e-07 7.101030224969253e-07 3.531703335043319e-06 0.0002158792935388199 3.1834189695223787e-06 1.5547280392361084e-06 0.0 1.2291488006533975e-07 4.634774720507984e-07 1.3699255884271933e-06 1.7018370190439855e-06 4.445028095979152e-05 3.025635981124036e-07 6.9662329727465105e-06 1.2043999299073537e-06 5.92040023954352e-05 1.8024636689785185e-06 1.616774377155814e-07 0.0
4.0406900325387796e-05 6.399733322754056e-05 1.4738836633353252e-05 3.459442399706252e-07 1.7653247230539533e-05 9.851541425387438e-05 1.1808995755453207e-05 0.00021442350568143885 2.2539306596378544e-06 3.2343323265248505e-05 0.0 3.512409367166867e-05 0.0016494264733666886 0.00015846635078271221 1.3537898144489566e-07 9.286190984495146e-07 0.0005756091791473128 0.0014105813126022405 0.00017734415603769472 7.430190568652049e-06 3.0018851360138542e-05 7.798267296984713e-06 9.332932553916812e-05 8.089594640330958e-06 0.0003680899235801656 0.0013941778164897247 0.0006785950666893965 8.379470552608358e-06 0.00024110188499653818 3.0486598428413586e-05 0.0008197274662247127 0.00032063922267760694 1.3627022271356305e-05 0.005021152814187038 4.824922864192633e-06 0.00027507031405550034 0.0027037508071462977 0.002378373621822271 9.57031738124848e-05 2.017550573697319e-05 7.373895870532311e-05 0.00037806206411585946 3.032213173459007e-06 0.0 4.891216805175629e-05 1.049763303864797e-06 0.0 0.0 0.0 4.356856436945388e-07 0.0 3.888564016455905e-07 1.067424153601472e-07 0.00015833690405536266 6.358501899635591e-07 0.0007643439855542896 6.950880267227732e-08 0.0 2.431983408590662e-07 4.6998894200842355e-07 1.0077902304382092e-05 3.5741602792862557e-06 0.0 6.132225228293328e-08 2.961894290019103e-06 1.820799483852449e-07 3.974943575979246e-06 0.00025475731307004096 0.0001699617842356573 0.000257765813645092 1.9480193707502645e-06 0.0 6.469637841136843e-08 0.00011967928563442137 0.0 0.0 4.143880054960446e-07 1.0208645334046323e-06 8.16063830535951e-06 0.00025988366266791753 5.246796517211137e-06 1.0124570164927925e-06 3.6687816578743277e-07 0.0 0.00016094103538580532 2.0749521648797955e-07
3.8985304439262835e-07 6.417075733401034e-07 2.3364106818227556e-07 0.0010727042842409104 8.747475056281727e-05 0.001976955113166849 8.487799552169792e-05 0.0004547530525487284 0.00011454611694143563 0.002154135545015643 3.512409367166867e-05 0.0 5.726513726910821e-06 0.00010167718028914644 0.0009042971589829852 1.0676584694184333e-07 3.8305079276119663e-07 1.7688564198982536e-06 1.1567906988958346e-06 0.00518915859584932 1.3188823830321748e-07 5.2390602909549035e-06 4.960639508504566e-07 0.00030980256081311543 4.3289225875295553e-07 6.472933815115372e-06 9.731928596438921e-06 0.0004884369705359802 0.00013110468839651522 2.3009259348889598e-07 1.9727631174154243e-06 0.0002257825514518342 3.281485125974831e-07 0.00014832256679291284 7.067583715529752e-06 0.000372262880068036 5.613851249233988e-06 0.0003018105212553567 2.1648524767731985e-05 0.0015464907499093644 0.0001405400484036025 5.450432738261723e-06 1.1564540038706731e-05 0.0 0.0 0.0 2.54665403916867e-05 8.944002050344853e-08 1.7535705041234222e-06 4.159023888374244e-06 1.9156857063846965e-07 6.255839363298065e-06 3.836963086408784e-05 1.3707266867279063e-07 3.86448226209662e-05 3.662465263587155e-07 2.411676290205115e-07 4.672778055966814e-06 6.6934892824721e-07 4.9419308076657216e-08 0.0 0.0 2.9128157134884677e-05 0.0 0.0 0.0 3.55292079093178e-05 1.5052596647494574e-07 2.6801284022728187e-07 6.928713623134416e-07 3.2515898757573935e-05 3.9793010676796187e-07 6.433691169670073e-07 8.773783040241726e-08 0.0 0.0 7.154999706053818e-08 0.0 2.2991151380725586e-05 2.0128904943830857e-07 1.8623330478053067e-06 0.0 4.166517592711566e-05 2.40274773251679e-07 0.0 6.404163518346903e-07
3.945225965854573e-07 0.00034880351089233393 2.3266326661935005e-07 1.2499772338690172e-07 3.495561277792826e-06 1.9712335828772435e-05 1.2738268734943608e-06 2.528102871543618e-05 3.587854996662827e-06 6.22961585707748e-06 0.0016494264733666886 5.726513726910821e-06 0.0 7.673631796714608e-06 2.8896406387379033e-07 6.893378487823362e-07 6.810363906087004e-07 5.149296609559132e-06 1.051023413076139e-06 1.2618690644811435e-06 3.9760920804732146e-07 3.2631748034934525e-05 1.2374807400766612e-06 6.607734049473861e-06 0.0015270879617865266 2.2337549510291074e-05 0.001238320189259659 2.481278155706019e-06 6.938882053340259e-06 1.3295970885803234e-06 0.00026903526437080285 2.9997778301642726e-05 7.032233002435856e-07 0.0008496819022808474 1.8882182529024716e-07 0.00013052040189379804 0.0017016153957700982 0.0008557400507596431 3.742767731694376e-05 8.33021897253894e-06 5.825007730053887e-05 0.0004522937287717946 1.4950602556703702e-07 0.0 9.798153745644396e-05 6.629522146232102e-08 0.0 0.0 5.599363006090032e-08 0.0 1.1513710223694912e-07 6.621227012926776e-07 0.0 0.00025009001264211626 0.0 0.0014096265159015465 0.0 2.6917451732327134e-07 6.899917839127506e-08 0.0 3.4326173134082915e-06 5.351187145319646e-07 0.0 0.0 5.088581631177443e-06 0.0 8.979898454614203e-07 0.0008179290612316634 0.0001298498471838572 0.0003232967683935935 1.1770693517680067e-07 0.0 1.1736800661490433e-07 0.00015937995277589615 0.0 0.0 0.0 0.0 3.1704229308514756e-05 0.00020452435194806722 4.749726652669267e-06 0.0 4.189963463778099e-06 0.0 0.00019134604869959878 0.0
0.0012569099119152832 1.5833524099362314e-06 0.0004246461869967807 2.2740322399966647e-05 2.9843870221819665e-05 0.0003227478223269608 0.005930089070101442 0.0031575205301431057 3.9892828857830905e-05 0.0006634915804255124 0.00015846635078271221 0.00010167718028914644 7.673631796714608e-06 0.0 3.963329596038779e-06 2.9330053097627403e-06 0.0005101347712817628 7.723779497757116e-05 0.0002618646605222761 4.500140771769433e-05 5.061867821453748e-05 2.819730834366254e-06 0.0005840161705613992 0.00014653545593402615 1.042038101053508e-06 0.0001350482461260658 0.00011650242338975815 0.00029417868778360186 0.0021156342567781572 0.0005780773913835678 4.570592358446948e-06 0.0004297863639828177 1.707465759512821e-05 0.00028569291816582385 1.2221175447962387e-06 5.9729774490743663e-05 2.989197993958864e-05 0.0004337790418404711 5.019833956090203e-05 3.968725323526982e-05 2.1387843614606713e-05 2.101975651550936e-06 1.3278308023936274e-06 4.5411502262668234e-07 2.2175780895668262e-07 2.9935691259553402e-06 1.063557033917609e-06 0.0 0.0 2.864270499327832e-06 0.0 6.430019641310125e-06 2.2397309228017376e-07 0.0 3.0803916714664024e-07 2.4804935619219913e-07 6.823227079972918e-07 0.0 4.1899020505328124e-06 5.51124215695191e-07 2.3992601482032997e-07 7.001531860864705e-08 1.1010417914762688e-06 1.997381394415284e-06 1.4091676785533815e-07 1.812035754972885e-06 3.598767976735863e-05 0.0 2.872056376160915e-06 6.880642788521095e-06 2.165025516011071e-05 2.8076313793141616e-06 8.82980441462235e-06 5.977472937213149e-08 0.0 0.0 4.3730278703436606e-07 0.0 7.255661799050288e-06 5.244424522113416e-07 2.5377182983915892e-06 5.5311456593111016e-08 1.1606527341644631e-06 1.6157091741344168e-07 4.2341341949159624e-07 1.949607987275257e-07
1.706537384235521e-07 3.825226063980247e-06 8.244786379944007e-07 3.237321985039539e-05 0.0011340608751858878 0.0008960108528066749 1.992264793750903e-05 5.305024942129137e-05 0.0004377267498736043 2.1478510302571938e-05 1.3537898144489566e-07 0.0009042971589829852 2.8896406387379033e-07 3.963329596038779e-06 0.0 3.310428285904167e-07 1.9614742191187685e-07 2.6183401723485955e-07 2.160558500237006e-07 0.00017098200821567973 7.277632195533469e-08 2.740647416112882e-05 8.229630783861774e-07 0.0004714539048156975 2.1029609102562045e-07 5.377692562532136e-07 3.135516519202515e-05 2.5032653974698837e-05 7.478614575401856e-06 0.0 5.43681569344128e-08 1.1016223743611144e-05 4.848234338298268e-07 1.1529223712126078e-06 2.758123043487351e-07 0.00021361955009081482 6.05311742467966e-07 4.306577220831809e-06 1.937237770885089e-06 0.0008756577299505614 2.0983190356726874e-05 3.071975940158887e-06 7.067038601309225e-08 0.0 0.0 5.7943301368978025e-08 5.6604867570326705e-06 0.0 1.927706994863008e-07 9.457104071367262e-07 0.0 1.4423301026021177e-06 3.066677020297339e-06 0.0 5.228544378830474e-06 0.0 0.0 4.706547191385747e-07 7.409156137288145e-07 0.0 0.0 0.0 6.8163230354637235e-06 5.972167115528369e-07 2.3417384999138684e-07 0.0 7.818373865840003e-06 6.214231437067932e-08 2.9061476435416306e-07 7.468530964781219e-07 7.396982341594587e-06 6.866568402353327e-08 8.403791225442481e-07 0.0 0.0 0.0 0.0 0.0 2.0119171173432042e-05 8.583444313923067e-07 1.926415264916072e-07 2.0316111670365271e-07 2.8188128385079682e-05 0.0 0.0 0.0
2.78652712558701e-06 4.3315952778289975e-05 3.4840362426652414e-06 0.0 0.0 5.817608897659465e-07 9.280080991142912e-05 1.5703748583433587e-06 7.636131649965246e-05 7.629331221871955e-07 9.286190984495146e-07 1.0676584694184333e-07 6.893378487823362e-07 2.9330053097627403e-06 3.310428285904167e-07 0.0 5.212037824772777e-06 4.40803504284227e-07 1.6021445997579985e-06 1.6457897285695394e-07 0.0014167262094193266 0.002086063419506567 0.0015106461875673772 0.001423300915933206 2.360972139580881e-06 4.170702094215234e-06 0.002406141290158794 0.0017296285406982214 2.915498182452613e-05 0.000251234267751312 8.265891426984173e-07 2.9951195011870287e-07 1.262305509242456e-05 6.427668228357987e-05 1.358949476865e-05 0.0012568756887920672 0.00028874133107231997 0.0005017076619796869 0.0006611379985808354 2.774795100669871e-05 4.0159594310702835e-06 2.037084608549496e-06 1.2586307445259998e-05 5.815702184251165e-06 1.1188894483981962e-06 1.2105617976370589e-05 6.827255415285353e-08 0.0 1.0765974735967824e-06 2.916735059492303e-05 1.9974230830142358e-06 1.6400484988393178e-05 1.010262481910619e-06 1.3755516164867105e-06 0.0 0.0 5.655136196099797e-06 4.834856628802593e-08 0.0019789118777137726 1.7748719585181172e-05 6.203975738824441e-07 2.637365628650563e-06 0.0 0.0004992243692163964 0.0003381318270768117 0.0012974536053422308 0.00014333458135205607 0.0 3.43065294777959e-06 0.0001558302038198799 8.866101981777852e-05 2.9473259244241858e-05 0.0002022363613388829 0.0 0.0 2.2090486548684142e-06 1.2619846336000126e-05 4.6195226251093805e-06 0.0003617000892240673 4.495062309267663e-05 8.624814376784673e-05 8.539537140841103e-05 9.651123434721672e-06 1.977816431173416e-06 1.0334224692900205e-06 5.294094614464039e-06
0.0002269647457535255 7.849037285377275e-06 0.002758205655978386 2.3101457466329326e-07 8.544506203314484e-07 4.1796462048052235e-05 0.00017310109136671538 0.0003523771187553139 2.9590407214674074e-06 4.626639129661966e-06 0.0005756091791473128 3.8305079276119663e-07 6.810363906087004e-07 0.0005101347712817628 1.9614742191187685e-07 5.212037824772777e-06 0.0 0.0005467771333433695 0.002869317895014002 3.4189236489744496e-07 0.0001995663564039978 6.04851603610468e-06 0.0033030551825980513 1.5771950096405926e-05 1.3726607261636155e-06 0.002584731643073876 0.0034972954022765707 7.745489600306857e-05 0.00037321371180109794 0.0005813445553453318 4.884204279078163e-06 6.920538972440303e-06 1.3032842614443661e-05 0.0007299762266165917 2.1124397855772463e-06 0.00021407945710258386 0.0008282394141623231 0.00033548346039267415 6.221607538159691e-05 2.5806397526467377e-06 1.4719333422317686e-06 9.942220821866577e-07 1.1337511760977999e-06 9.47141190431364e-07 7.369926404815154e-06 8.896176759451835e-05 0.0 0.0 6.524975029919399e-08 1.1475082082117198e-06 7.150072547095093e-07 1.973178687226531e-07 0.0 7.61368546652534e-07 0.0 7.320679775740139e-07 2.038250663290942e-06 0.0 3.992531404858836e-06 5.317794146285411e-05 2.356677701841349e-06 3.1972740392587244e-05 0.0 1.7079363628901833e-06 2.016744232318768e-06 3.3252653199331875e-06 4.102235127890086e-06 4.632581642736984e-07 0.00013093083216884002 0.00022144264940135555 1.7957026876537213e-06 1.3477640684147649e-06 3.317277007648452e-06 1.0700980547850526e-06 0.0 0.0 2.2932177919134676e-06 3.2129013407022183e-07 1.8288257936670346e-05 7.0580505235089436e-06 1.2237557707900432e-05 7.77658157366512e-06 2.1581655075861606e-07 0.0 1.454223415267195e-06 5.46574998268872e-08
4.3584756519139754e-05 3.269198050952243e-05 4.9562093175994803e-05 6.392188133844434e-08 1.0849775887558812e-06 7.4981032147197225e-06 1.0781364316117937e-05 6.058132335957567e-05 1.4976163102055342e-06 3.0133590655563984e-06 0.0014105813126022405 1.7688564198982536e-06 5.149296609559132e-06 7.723779497757116e-05 2.6183401723485955e-07 4.40803504284227e-07 0.0005467771333433695 0.0 0.0008017509714720229 6.492526832790236e-07 1.6565555912680735e-05 8.496389006767358e-06 9.857213413675898e-05 4.207107989344761e-06 3.182846411719876e-05 0.001785591953188711 0.00032121232697181006 3.439194228083707e-06 0.00011290978425765534 3.5338532500955466e-05 4.5812766916457106e-05 1.5915539175212848e-05 5.5420066734150745e-06 0.0004884759261571709 2.874461636315751e-06 0.0002760608534055837 0.0006108822926085773 0.0008272092195827252 5.763515560940992e-05 2.680376283742341e-06 1.6945419325197291e-06 1.4560023764322937e-05 1.0197238646796744e-06 0.0 2.2233883389717624e-05 1.4277625353685716e-06 0.0 0.0 0.0 1.1155605843832495e-07 5.904400154184013e-08 9.129137220238337e-07 1.2397915995886496e-07 3.749579216768112e-05 1.6185672285106166e-07 5.817386059639446e-05 4.6930784672514134e-07 0.0 4.182171615461592e-07 1.0727017621906554e-06 2.732865652247186e-05 1.0158837385529458e-05 0.0 8.173343891220908e-08 9.396657694348665e-07 1.4779530374512347e-07 9.125904505760839e-07 1.3999925851428853e-05 0.000242875125797842 0.00020744386312964924 5.2561062005018316e-08 6.557433071341885e-08 3.540317921076014e-07 6.431212925799628e-05 0.0 0.0 8.59238780031995e-07 5.045198093726718e-07 6.205312665977437e-06 0.00013953218297105703 7.096984919970226e-06 1.721967264686812e-06 1.5452171825826466e-07 0.0 5.350146614333021e-06 0.0
0.0001278095635802393 1.1490692167225876e-05 0.00038278589362767665 3.6968700230297225e-07 1.0311707837170337e-06 2.6269534310243773e-05 4.159170983391743e-05 0.0002240921192557542 1.120610724889181e-06 4.733034549909239e-06 0.00017734415603769472 1.1567906988958346e-06 1.051023413076139e-06 0.0002618646605222761 2.160558500237006e-07 1.6021445997579985e-06 0.002869317895014002 0.0008017509714720229 0.0 4.7122241753826216e-07 3.4700447198449004e-05 3.6154576198649473e-06 0.0005045316900356004 3.7764027791838896e-06 3.0517260629133593e-06 0.003982265599984225 0.0006695943303972013 1.3397619788071323e-05 0.00027172300708515134 0.0001156269121370975 5.553221699846137e-06 1.5188823222594813e-05 1.1169822856862503e-05 0.0007164357805021476 3.986777332472688e-06 0.00026311819840458726 0.0003903690818773474 0.0007133527318631244 7.140952560452007e-05 3.3718797039698574e-06 1.0335027525671645e-06 4.064520129258589e-06 1.336679992720744e-06 0.0 8.019670332755005e-06 9.521181932468378e-06 0.0 0.0 0.0 4.4139838807856004e-08 0.0 8.677519337837527e-07 4.799168721617526e-08 5.310899713845188e-06 0.0 5.344990353787424e-06 2.11829756200433e-07 0.0 5.085840132513027e-07 9.52507373500492e-06 1.1509532060401636e-05 1.8822413064366234e-05 0.0 1.2992932850448022e-07 6.236264588216583e-07 9.448824660083511e-07 1.6248100754693385e-06 9.320224725864352e-07 0.0001552955723690198 0.00016209483319956606 1.220723149327223e-06 4.5400534710232283e-07 3.8458282803835964e-07 8.991289885012112e-06 0.0 8.454422625657248e-08 1.832526932795877e-06 1.1962333060985657e-07 6.270215385104076e-06 2.92069965246456e-05 9.51527857299663e-06 2.5517831359554292e-06 0.0 0.0 2.60766315277464e-07 0.0
4.596224990709895e-06 1.5284357996546877e-07 2.245504384479172e-06 0.00116847273691107 8.45193156869981e-06 0.0001679402904347103 0.00019129888681779654 0.00010483434760786608 0.00043229186294767313 0.001647604295699801 7.430190568652049e-06 0.00518915859584932 1.2618690644811435e-06 4.500140771769433e-05 0.00017098200821567973 1.6457897285695394e-07 3.4189236489744496e-07 6.492526832790236e-07 4.7122241753826216e-07 0.0 1.2052468203988886e-07 5.936884627353779e-07 1.2983473530292805e-06 0.0007246522238634583 2.2092161737294907e-07 1.9283159275096475e-06 4.616381668100003e-06 0.0012886286796908672 0.00011334275998375544 3.4434600632830706e-07 3.5328695772951145e-07 3.414703123126758e-05 1.2604751233641273e-06 3.61466960401705e-05 9.970999405404928e-06 0.00036466762776310354 5.669514770931333e-06 0.00013549835019775297 3.4509857092871615e-05 0.00045032580699850546 5.130144143482827e-05 1.3285771801261284e-06 1.063567733546604e-05 3.3034693441343174e-07 1.843484558001234e-07 1.7976495282767222e-07 5.810666875092648e-05 1.3514173109097142e-06 6.061747938274118e-06 4.23570202267339e-05 5.375441681090072e-07 4.9697117420312956e-05 8.637780300211725e-05 0.0 4.690819762300629e-05 0.0 7.392114331333087e-07 1.085141589273735e-05 2.1253573987658484e-07 0.0 4.889938875629785e-08 0.0 0.00010552745588589957 0.0 2.9719026549002427e-07 0.0 0.0002596741073617677 0.0 2.1863484572887835e-07 4.492251421677382e-07 0.00017108457539579287 3.4853529908199047e-06 2.653496905986391e-06 9.132041034351644e-08 0.0 1.4300295030350064e-07 2.2834131894802972e-07 4.70738377602002e-07 6.101149498740248e-05 0.0 2.926015183579454e-06 4.4386953287931344e-07 0.00010798881909390319 0.0 1.9096154915500313e-07 1.9928924940199024e-06
9.474094384095694e-06 1.1025653058504542e-06 0.00035252078609084383 0.0 5.22046084374213e-08 1.2136752519265848e-05 0.0003923087660669089 4.7166578052996334e-05 3.950743972086771e-05 8.067862212510577e-06 3.0018851360138542e-05 1.3188823830321748e-07 3.9760920804732146e-07 5.061867821453748e-05 7.277632195533469e-08 0.0014167262094193266 0.0001995663564039978 1.6565555912680735e-05 3.4700447198449004e-05 1.2052468203988886e-07 0.0 2.707879481745453e-05 0.010438890252432715 0.00010898205984788997 3.32364044539743e-07 5.723990356511289e-05 0.0006565225883822182 0.002888787892676794 8.299392353729956e-05 0.004624987533603318 8.2782368198889e-07 2.9831003185941758e-06 4.725470890869635e-05 0.0015643991975566424 3.161597728506956e-05 0.0031343306076884524 0.0006406959446037 0.00323251573108072 0.001228130811731829 5.041665980753679e-05 7.823639755032368e-06 4.580275421720213e-06 2.577850694867056e-05 4.9034714939155625e-06 2.0663244170629835e-07 4.748387183308654e-06 0.0 0.0 4.4865044458367527e-07 9.33123798034192e-06 1.877583628697245e-06 8.990060999879856e-06 2.7329791317074537e-07 6.36294567855025e-07 5.870371352991313e-08 2.779239305088779e-07 5.413834872200408e-06 0.0 0.00023135073585370296 4.464764820503743e-06 4.178903237958091e-08 9.403914813633206e-07 0.0 0.00014187452427347148 2.2168689863675403e-05 4.4077008370169925e-05 0.00011283447124882033 0.0 9.353918027770962e-07 1.582911204575633e-05 7.561033826925014e-05 3.198687337213313e-05 0.00014571071567942917 6.948125307483834e-08 0.0 2.027752009330563e-06 4.750108986271003e-06 9.276173965290206e-07 6.563756700643758e-05 2.0551525540718876e-06 1.4370730162994453e-05 6.0509139220544425e-06 2.2710839332834937e-06 5.9487034407147866e-08 0.0 1.0896522253639444e-06
1.2889536001947762e-06 0.0013544797705049363 7.2726360183424195e-06 1.3246173870582105e-07 7.125188517447057e-07 3.8019036926385577e-07 1.4936596233186676e-05 1.7984521771437835e-06 0.0015097155585130425 4.7449761392772627e-07 7.798267296984713e-06 5.2390602909549035e-06 3.2631748034934525e-05 2.819730834366254e-06 2.740647416112882e-05 0.002086063419506567 6.04851603610468e-06 8.496389006767358e-06 3.6154576198649473e-06 5.936884627353779e-07 2.707879481745453e-05 0.0 6.45831527607821e-05 0.004655304839402084 0.0001956821842946032 4.519680763320564e-05 0.002950370101223085 0.0001261397919703707 9.905459875891099e-06 2.4687845852721235e-05 2.0262904314276565e-05 4.410787406289028e-07 2.68435677867399e-06 8.477009343416012e-06 1.263268630908631e-06 3.79365621941561e-05 1.8790358382946354e-05 3.380234784333776e-05 1.000497283334916e-05 2.9729325475593315e-05 7.801936697823393e-07 2.7231351629188856e-06 5.699849080958257e-07 1.1069895007515365e-06 1.525195684287952e-05 0.00015243615558228936 0.0 0.0 7.990152626692268e-07 1.179334611647878e-05 1.8012414620994646e-06 2.0852448495396357e-06 9.749563097365582e-08 1.4998767835231487e-06 2.393795930757118e-06 4.343854721759264e-07 2.3232958978961474e-06 5.0314118280281833e-08 0.0007102041988406603 3.237642994102808e-05 1.2272784678587828e-06 3.7491207914667274e-06 1.2754925603787852e-07 8.439026958993319e-05 4.473368065766288e-05 0.00036666303799463997 5.526235089609319e-05 1.5853172804004878e-07 2.5158075886160967e-05 0.0009239709762231012 1.9176389627464092e-05 3.7171307109680674e-06 2.4779022255116676e-05 6.960033512797789e-07 0.0 1.8828205511466503e-07 4.758534576295717e-06 1.1640659309588998e-06 0.00011570605932149042 2.6188313283026024e-05 3.973373149761097e-05 4.720064016612374e-05 4.240403881096378e-06 2.780687389819087e-07 4.1767110256194705e-07 7.233606784916131e-07
9.71117406069127e-05 1.346828507163934e-06 0.00902952294057873 1.1841852180642116e-06 5.124611070433487e-07 0.00018756461845423732 0.0025045769260936823 0.000731024080250154 6.840905534046595e-06 0.00010698743638814239 9.332932553916812e-05 4.960639508504566e-07 1.2374807400766612e-06 0.0005840161705613992 8.229630783861774e-07 0.0015106461875673772 0.0033030551825980513 9.857213413675898e-05 0.0005045316900356004 1.2983473530292805e-06 0.010438890252432715 6.45831527607821e-05 0.0 0.00012298875670162937 1.1978180462076878e-06 0.0008331108989401087 0.009629613230146997 0.0023053756695181394 0.00014332357820510754 0.003162293890470356 4.541307327485623e-06 6.654633020130882e-06 1.798692309748131e-05 0.0015524092736351228 4.1118450253463414e-05 0.004742176655341612 0.002067039954532053 0.005629434915811257 0.004282360888026849 0.00017512455103697988 3.08040207324242e-05 1.546651104872648e-05 5.241983068134048e-05 2.3872015704073023e-06 1.6739163386242067e-06 0.0001643228492798894 1.0273723757581967e-07 0.0 4.732693775091598e-06 4.968993919240183e-05 7.312633198220402e-06 2.3503794059088288e-06 1.4040058503928065e-06 1.5165012491366901e-06 0.0 7.408233874848224e-08 6.727239764217265e-06 0.0 0.0007693698978696542 2.2338672524195474e-05 2.974424092140195e-07 1.9280148399785794e-06 0.0 0.00017221019761963214 0.00010574292235844245 0.0010358973909458601 3.648409330240717e-05 7.387656777619709e-08 7.448338188042952e-06 0.0005193485128361427 3.228693255317572e-05 1.2918976702558487e-05 7.075745897506851e-05 4.2204010811894524e-07 0.0 1.0450883787792734e-06 9.139697835551177e-06 7.520260155152471e-06 0.0002237840164649038 3.833233332840078e-05 7.991483666741498e-05 8.532022669011427e-05 3.760123700421383e-06 1.9060885084274286e-06 1.0958751349242055e-06 2.66846835969391e-06
