0.0 1.8758152373493103e-07 4.699608260219011e-05 6.49953198134571e-06 0.0 8.124954351807806e-06 0.0010599037892821833 0.0003054620497131582 8.165056980453463e-07 7.187988796119738e-05 8.830056642680604e-06 2.102888598004047e-06 2.8312439048173024e-07 0.0024675896480640842 0.0 2.487221116224403e-07 0.00015137276559851263 1.43948983152052e-05 4.213699621573581e-05 9.164706308948127e-06 9.008005497144895e-06 0.0 2.2891106232451314e-05 2.706832342287736e-05 0.0 3.582188897368871e-05 9.445139369064568e-06 5.930707327349532e-05 0.000889134293395698 0.001976984241460888 4.975024094091325e-07 8.499280633952838e-07 3.979285622104538e-06 3.42308860498238e-05 9.55142842473835e-07 4.5876563885353205e-06 2.5346194299384633e-06 1.3047577487724987e-05 1.4246124681043123e-06 2.1454173579763934e-07 1.909054744484093e-07 1.4012652168337899e-07 0.0 0.0 0.0 0.0 4.357429415312696e-07 0.0 1.6918845782343382e-07 5.799447062094343e-07 3.8251709491743156e-07 0.0 1.7559646907866357e-07 0.0 0.0 1.7897784294582065e-06 4.4512642088815317e-07 0.0 2.385011708918231e-06 6.017675398896282e-08 0.0 1.2578481283521887e-07 1.7328661580549782e-06 3.0811197483392156e-06 1.0034417245273242e-07 1.0391144644497898e-06 9.579863344164443e-07 0.0 4.3367729745734696e-07 1.0980346431107164e-06 3.4334796697574686e-06 8.303792347074422e-07 2.591147178374799e-06 0.0 0.0 1.3496068459242557e-07 2.423897802669443e-07 7.135809330839878e-07 1.5939592638377652e-06 2.10992556874265e-06 2.070292839189206e-06 3.234637770790351e-07 1.777716835854505e-06 1.2877204328231132e-07 0.0 0.0
1.8758152373493103e-07 0.0 0.0002710462384296293 2.6005268206519527e-07 1.2455878876771328e-07 0.0 1.098051246960888e-06 2.1688093590240558e-07 0.00036424406726102764 3.242247347483171e-07 6.922153325645457e-05 7.90106541049311e-07 0.00044508146837575545 3.75758341094119e-07 3.8753218455574005e-06 8.653556722386531e-05 2.9447242399857213e-05 2.3428640092897385e-06 6.063973228452191e-06 7.243620169691034e-08 7.328643807913346e-06 0.0009189025664323595 1.2588015695357076e-05 0.00037816075539135537 0.0010121802925326243 0.00032191643986697693 0.002561173988698774 1.7838713778168164e-05 4.623102560133477e-07 1.319152437515308e-06 7.663159122204259e-05 0.0 1.9433186770152366e-07 1.53827190987239e-05 4.543619413933891e-07 2.959749215550736e-05 3.864556963311918e-05 3.3658976743644294e-05 4.027500568589622e-06 6.6180285541926e-06 0.0 2.620730468361642e-05 0.0 0.0 3.961217105735927e-05 8.901003806336331e-08 0.0 0.0 0.0 2.465702676184817e-07 2.6405584434984404e-07 1.9939492744450645e-07 0.0 9.301997581141452e-07 0.0 2.1064030586247372e-05 0.0 0.0 2.2411606031060656e-06 1.0370446396770574e-06 6.106401422573724e-06 3.1559910507018855e-05 0.0 1.4015554427953978e-06 7.782120079938193e-07 7.576203306404698e-07 1.0310307462907304e-06 2.565061755731369e-05 0.000341272928677763 0.001493244019109497 4.841203493553365e-07 7.244370845220148e-07 8.06345727674605e-07 4.845474766828048e-06 0.0 1.9493168564367025e-07 1.6748406269124063e-06 2.070674657257185e-07 2.32063133584611e-05 9.934286951468398e-05 1.544759470266304e-05 3.1018868256115297e-06 3.219536152751641e-07 0.0 1.220302122581627e-06 0.0
4.699608260219011e-05 0.0002710462384296293 0.0 2.2864648140377642e-06 5.727975879341268e-08 3.971076349057861e-05 0.0007892611849126695 0.0002067207322539575 2.0814500582113586e-06 1.7397770998878493e-05 5.848823639312373e-06 3.5703008358060567e-07 3.4047810138765517e-06 0.00017597383439844005 2.1909745077941215e-07 8.379062265191645e-06 0.0009954168727264857 4.2884433826660276e-05 0.00011883448988125818 4.197994655567481e-07 0.0005291551761266334 6.811720671009481e-05 0.0044769631234750475 3.2427226880918925e-05 1.0856615852430253e-06 0.004624558946088747 0.0044658631005624685 0.00023972617101411802 9.317978123041834e-05 0.0019056364583725054 1.2460730509456397e-05 1.6907226303145498e-06 6.675992559898315e-06 0.0001245375058785532 1.0949550038011309e-05 0.00043912948379944464 0.002434914406922442 0.0006338838944036403 9.01751926364088e-05 1.1259157631191798e-05 2.4946878266765593e-07 6.349081340694815e-06 1.7937247183797051e-06 2.3007767513763837e-07 0.00042475302583301746 2.3660486538439757e-06 0.0 0.0 9.413573427822424e-07 6.582499433829546e-06 1.5383191980253508e-06 1.4013143807944997e-07 4.858525199226442e-07 7.265139887288745e-07 0.0 3.546272148251089e-06 1.9652228074455144e-06 0.0 2.1898292980883748e-05 3.090961873263432e-05 4.655007997026887e-06 0.00019723078368367853 0.0 8.02293013315901e-06 2.1467727237899948e-06 5.6920204510500966e-06 3.378634527038805e-06 2.692201880194104e-06 0.0010129687304197717 0.0029491023472606958 6.457406268932981e-06 1.4833458237145425e-06 3.5407770051362113e-06 6.730720761995382e-07 0.0 2.3663745589200792e-07 1.0097035681554962e-05 1.8366477812466123e-06 9.314730142982693e-05 0.0007290170163183839 5.061780799814847e-05 9.975973670681967e-06 3.1793174116944784e-06 0.0 1.9943449297890823e-06 9.48978144365016e-07
6.49953198134571e-06 2.6005268206519527e-07 2.2864648140377642e-06 0.0 2.1522685233054227e-06 4.0839303124589035e-05 0.00029562826705402585 5.048262842820194e-05 0.00036387651331447037 0.0015656216475420457 5.597009718097385e-06 0.0006273731076066426 1.3434583067229533e-06 5.873182555816871e-05 8.736349881581057e-05 0.0 3.3646057846867663e-07 2.7216444008977465e-06 5.951226076839546e-07 0.00289548329587077 5.4535471441413816e-08 1.8525590451350486e-06 1.0363387976271698e-06 0.0018086681957809904 4.367348596815654e-07 1.2111139642396154e-06 2.7172430017206057e-06 0.002321784413393531 0.00010982441930392713 2.836726708482901e-06 2.2382806346764782e-07 4.749512372021901e-06 7.683666371909061e-06 3.482978079323079e-05 1.5156957988498938e-05 0.00031860338437178287 3.2257122916136822e-06 9.047306015331038e-05 3.8300179570989937e-05 6.576894390759917e-05 4.808709014259735e-06 4.821024463067014e-07 1.6551725888359626e-06 6.241421993804306e-07 5.680581116357704e-07 0.0 0.00016249049813627387 0.0 1.4650425467903209e-05 6.942957117294885e-05 3.5662948298532505e-05 0.00015901657381353548 3.571629769823255e-05 1.555568809772172e-06 4.964852376353413e-05 7.662786283607703e-07 1.9035467649938827e-05 7.87270204313241e-06 4.301493013286568e-06 0.0 0.0 8.504665629531009e-08 0.0001741135487038294 7.509288389305003e-06 3.976508545562614e-06 8.307576782598383e-07 0.00035812468127519 0.0 5.564333724227311e-07 1.443484917875709e-06 0.000495562070147433 7.91314522912418e-06 1.910315828711214e-05 4.415782278872167e-08 1.0098086336541117e-07 5.591692322965187e-07 7.0444862121272155e-06 2.72504741924266e-06 9.928232736145156e-05 4.3829870535866267e-07 2.3180908102033134e-05 6.02204566089831e-06 0.00020184455050548046 4.714130479218611e-06 1.714928951312504e-07 6.62219968893763e-07
0.0 1.2455878876771328e-07 5.727975879341268e-08 2.1522685233054227e-06 0.0 0.00015662767513404083 2.515909736666028e-06 6.988431458879112e-05 3.874009049742467e-05 6.183218146385964e-06 2.5962055772333343e-06 5.586623789987008e-05 1.3191978789359816e-07 9.901514970692023e-05 0.00046176506775594565 6.040369236458892e-08 6.18194338127354e-08 5.470329808395783e-07 0.0 5.009738775559015e-06 0.0 1.2764988028449087e-06 6.490277187334373e-08 2.9166282298557663e-05 3.2681216880093776e-07 9.507939949891046e-08 2.394087129364318e-07 4.699801819084754e-06 8.530971582054223e-06 2.9625162174455496e-07 6.034391586074781e-08 3.1362433194310655e-06 0.0 7.923156713760684e-05 2.0021552857537026e-06 2.1905470562312133e-05 1.0410042063922456e-06 4.853679006295736e-05 3.420711181219774e-05 0.0012811164451480748 0.00020180135954748674 1.7828523816019241e-06 1.1741205023554321e-06 0.0 0.0 0.0 6.712424279477668e-08 0.0 0.0 2.7639220105654294e-07 7.970350294821376e-08 6.052508593703673e-07 0.0 0.0 9.329858921025934e-08 0.0 1.8258749618409127e-07 0.0 1.2163932176539082e-07 0.0 0.0 0.0 3.92979912642919e-07 0.0 0.0 0.0 2.524095981066807e-07 0.0 0.0 1.2167163076967786e-07 6.031291525218938e-07 0.0 0.0 7.421284890824337e-08 0.0 0.0 0.0 0.0 8.399785597111823e-07 0.0 0.0 0.0 0.0 0.0 1.6808576657349296e-07 0.0
8.124954351807806e-06 0.0 3.971076349057861e-05 4.0839303124589035e-05 0.00015662767513404083 0.0 0.0019454782797133521 0.0021776638052292165 3.246722466609677e-05 0.004781973741330763 2.634638732577705e-05 0.0030200967939811793 2.7492596434401974e-06 0.0002549153661728947 0.0006599369779849239 7.388866633291292e-08 2.183697698867191e-05 7.934795195974783e-06 7.310761126470305e-06 0.0004287925886868543 4.10220744481703e-07 3.290728827834818e-07 9.68731835224191e-06 9.826920186973422e-05 3.0534343898829066e-07 2.83465347615429e-05 5.019831193942882e-06 0.00029815532726068283 0.0004435379049338136 5.2723615666671287e-05 3.8445556028331466e-07 0.0006176570610516842 2.8500339256578e-06 0.00020602668880572637 9.24197022656105e-06 0.0001789232652885291 4.46284388553596e-06 0.0001728612405961251 8.909651880067382e-05 0.0010183946589512603 0.00028783328910494076 1.4480596156089778e-06 3.594921023959281e-06 3.3659088499142083e-07 0.0 0.0 7.771402367341142e-06 0.0 1.3249171982577245e-06 1.6160541949298617e-05 6.722198383242804e-06 5.546497100957141e-06 2.6485714862612936e-06 7.509921873106262e-08 6.498895418188845e-06 1.3034206441103252e-06 4.324216283145007e-06 5.894094514787916e-07 2.72297850197673e-06 0.0 0.0 0.0 1.6104194733040582e-05 6.116175253205743e-06 7.33656102500654e-07 3.037342223764849e-07 4.296348097311153e-05 0.0 2.6183102534506526e-07 1.3019425754474726e-06 6.982997285243037e-05 1.704071923205285e-06 1.0432854172529253e-05 0.0 0.0 6.164069065633494e-07 2.311672793465327e-06 8.181365362269694e-07 1.78475978292188e-05 2.635727467606541e-07 7.738640384998924e-06 9.257863763229244e-07 2.61506651796823e-05 1.1242914316732168e-06 2.9157042852865245e-07 2.481597173224287e-07
0.0010599037892821833 1.098051246960888e-06 0.0007892611849126695 0.00029562826705402585 2.515909736666028e-06 0.0019454782797133521 0.0 0.0023774616327502675 9.651528150542241e-05 0.006728800503938463 2.944114650926652e-05 1.051293481944488e-05 2.2823995932661514e-06 0.0038480217596245495 5.829182645819692e-06 9.31358547381619e-07 6.605045819158382e-05 1.8512822821860494e-05 2.3330904927607995e-05 8.358578007788414e-05 1.894830111502477e-05 1.495235625399622e-06 0.0004362720282787578 0.00036492611891878753 6.715637954898631e-07 0.00027299903433674043 0.00015997211272986375 0.009621889062728784 0.0008735360342640463 0.00220376741843238 1.0471357320437043e-06 3.1661767903009566e-05 0.00010954964035920925 0.00019158219356977055 7.61001170532387e-05 0.0007363302825777313 3.215318490661533e-05 0.0004818327992028124 0.0002507977160681018 7.253095849976819e-05 2.487913933789539e-05 8.337999230027502e-07 6.9786356771553875e-06 3.6331831186769176e-06 3.20025209137586e-06 6.963269468019528e-07 1.2866054845043658e-05 0.0 7.49438403945595e-06 6.324229505703493e-05 2.2714696425820488e-05 2.2309488920720512e-05 1.054683541885241e-05 1.4737606884166672e-06 4.841431079518796e-06 9.155247740011466e-07 1.8396518115829667e-05 2.2609941686609776e-06 5.4503707408177294e-05 3.491204701609009e-07 4.6442528431662094e-08 1.332923029425266e-06 1.440793424511626e-05 4.805664036423524e-05 7.410163905993652e-06 5.237375702342934e-06 0.000170739424005409 0.0 7.373280322918431e-06 2.6534035432316834e-05 0.00021486068323936427 1.756166036148844e-05 8.417574338384776e-05 8.728935230300632e-08 0.0 2.4935583992189526e-06 6.652209969685381e-06 7.150309778486986e-06 6.333728941962223e-05 7.0735451129653985e-06 2.887264351665081e-05 4.213713880443798e-06 5.402476130576963e-05 5.523459472504767e-06 4.251420638268687e-07 1.2481922031184135e-06
0.0003054620497131582 2.1688093590240558e-07 0.0002067207322539575 5.048262842820194e-05 6.988431458879112e-05 0.0021776638052292165 0.0023774616327502675 0.0 6.3817937581873985e-06 0.001558827844775197 3.5956096273447736e-05 0.0006059317665166727 1.5959806779685408e-06 0.003883495069592451 0.0002486132278682541 3.354083067106999e-07 0.0003635975680412692 3.933840343645899e-05 0.00010324087839590836 0.00042176939251821266 1.144536422925779e-05 0.0 5.748607043372846e-05 0.00011228355856051957 1.8610531413941017e-07 0.00015217952210077077 1.902887500950857e-05 0.00020403707655694802 0.0007791346068295953 0.0009919406215563081 9.479266611687745e-07 0.0017109625092156524 3.292163873626677e-06 0.00023560828620427724 9.282043074886416e-06 0.00015878625396183765 1.1015279927442993e-05 0.00016154103703969698 8.618707538719023e-05 0.0005003923856871619 0.00021972768543319248 1.985759237018285e-06 4.4636366279701635e-06 2.8251157228438167e-07 4.198781807583571e-07 1.0681281925950375e-07 3.221309284475461e-06 0.0 1.8511820181032744e-06 1.3075407470165718e-05 3.565903106304478e-06 3.961731361205485e-06 2.1854300200982485e-06 2.324251837755496e-07 4.0355266732828965e-06 0.0 4.01405090808985e-06 2.1990571334207203e-07 1.0369405490874481e-05 8.645215525164213e-08 1.0509488685716142e-07 4.7606552603662594e-07 5.552487914595245e-06 5.947529863311745e-06 4.6462703277044267e-07 1.958460621836772e-06 3.2947435573068893e-05 0.0 2.0737367393939204e-06 3.3463559506618774e-06 5.185541791864117e-05 3.022841269499868e-06 1.844560540102513e-05 0.0 0.0 6.467571279050232e-07 1.2167254928991154e-06 3.482564576051605e-07 1.0586807366518631e-05 1.365725906843401e-06 6.430965406272428e-06 1.509187035837118e-06 1.2513590137427422e-05 9.909117076313075e-07 6.488434684204702e-07 5.425870125055827e-07
8.165056980453463e-07 0.00036424406726102764 2.0814500582113586e-06 0.00036387651331447037 3.874009049742467e-05 3.246722466609677e-05 9.651528150542241e-05 6.3817937581873985e-06 0.0 2.7982813004750965e-05 1.859644162193239e-06 0.0002704861344917593 2.5735171551955408e-05 6.000999247746007e-06 0.0006965972296451941 1.1044467672220143e-05 5.909654467815175e-07 1.6323013380990119e-07 1.2739684888563167e-07 0.00015139268889710657 2.579550285523376e-07 0.0011702913977651623 2.5768600344744294e-06 0.004047994340593724 0.00017673706570266306 5.129696438761892e-06 0.0004995607261277615 0.0006986623112587359 4.117826711783984e-06 5.3498225661224385e-06 8.408625206761418e-06 6.116325176853668e-07 4.2775785085898103e-07 2.2510299554370182e-06 4.146376347118403e-06 0.00014454541189991364 2.0081923668198862e-05 4.851074251198248e-06 2.2835513119102446e-06 0.0002975546508391288 1.4384243780059809e-06 4.740984962333557e-07 8.162858391038472e-07 7.576109119533733e-06 8.254528120079506e-07 2.7617397342460064e-06 3.7791678121875253e-05 0.0 1.1539285147865322e-05 7.584787285485467e-05 4.8719395599143164e-05 6.8469677479504e-05 1.3781552825567288e-05 2.578391231933532e-06 1.115919135161986e-05 2.813912595431471e-07 3.493339347478002e-05 6.157235799334247e-06 0.0002876132575124756 1.4908101464546284e-06 1.9567527733328225e-07 1.082444975843763e-06 3.484934418167583e-05 8.775257688533845e-05 1.969440050144129e-05 6.929908135585761e-05 0.00047640978527479437 6.306381815255717e-07 2.236355724642773e-06 2.4055494605433866e-05 0.00033883806380958397 5.5308478836225085e-05 0.00015776276426226007 6.959124320568782e-07 6.487631760953902e-08 1.5993463400735232e-05 2.7623724043749093e-05 1.2252589194456612e-05 0.00012287396318267632 2.0318873451807934e-06 4.850707447962463e-05 1.2813067144073905e-05 9.802680386463625e-05 4.694544134375805e-06 4.867766922496614e-07 1.0888668684287591e-06
7.187988796119738e-05 3.242247347483171e-07 1.7397770998878493e-05 0.0015656216475420457 6.183218146385964e-06 0.004781973741330763 0.006728800503938463 0.001558827844775197 2.7982813004750965e-05 0.0 6.702295214118893e-05 0.0016386249340715738 5.166260627902042e-06 0.000611322892325318 2.125156375220482e-05 1.0204798122980286e-07 3.238685911931527e-06 2.678155606660914e-05 8.328357053962306e-06 0.0020843126625379655 8.905388209585117e-07 9.769859628958811e-08 6.636767054197923e-06 0.00031407465250560604 3.652885584741977e-07 1.4791057413605245e-05 9.89928183037852e-06 0.00370450205966167 0.00047135894547654136 1.4573876167842842e-05 1.439755170649973e-06 7.586362530945817e-05 9.231275849223843e-06 0.00021382383041402528 4.907131150303455e-05 0.0005530048220523815 1.7311470749692544e-05 0.0004317767646510781 0.00013424709530675472 8.884317511815127e-05 2.2693901515402675e-05 1.7424286012774407e-06 6.853136693719694e-06 6.492195903413888e-07 6.780224288842064e-08 0.0 2.5518929262951214e-05 0.0 5.739601843247953e-06 2.7119160332727257e-05 1.2367443488755174e-05 1.557155178798904e-05 3.265529672369021e-06 4.112462932481329e-07 1.98895273847494e-05 3.2783431221417513e-06 6.3200421494946486e-06 2.3784841710875566e-06 4.383698155651666e-06 7.582814052917261e-08 0.0 0.0 4.022384638645774e-05 5.632321384852496e-06 1.996283725557927e-06 8.507544628778581e-07 8.621330484922512e-05 0.0 2.1647993243578022e-07 1.183252271925304e-06 0.0001425170987658657 4.820159375600305e-06 1.3780819388262036e-05 0.0 8.14613260014722e-08 4.6984596341466404e-07 3.279808353548196e-06 7.18295541052756e-07 4.4785847421144527e-05 2.780735204053498e-07 1.1987895808957135e-05 8.322090723902451e-07 5.72861853997466e-05 2.3435875829652414e-06 1.548062107345525e-07 2.9555265207627146e-07
8.830056642680604e-06 6.922153325645457e-05 5.848823639312373e-06 5.597009718097385e-06 2.5962055772333343e-06 2.634638732577705e-05 2.944114650926652e-05 3.5956096273447736e-05 1.859644162193239e-06 6.702295214118893e-05 0.0 6.214583271351175e-05 0.0014730510229040573 5.495285209737351e-05 1.4906000454139338e-06 1.8573071207211567e-07 2.8528501183860972e-05 0.001011965715135334 0.00015163473443713575 4.331330776110258e-05 7.5058885472338925e-06 9.831203185588412e-06 8.757366810454126e-06 1.4819733214411959e-05 0.0005274095010078806 0.0006969686266099229 0.00035039178617918564 2.3754562671547972e-05 0.0003410261258593239 3.301469446608402e-05 0.00021575346400741708 3.52899075438257e-05 2.5667061871313753e-05 0.005573974989393565 6.6644237821362505e-06 0.00033670997144809414 0.0020533377363338833 0.0037361187125204568 0.0009351843118270259 1.4986593340185381e-05 6.9990132269572825e-06 0.001007041042479007 2.431258779768464e-06 9.113544542500859e-08 2.8119804870185713e-07 0.0 5.171591124613017e-07 0.0 1.5841151498877183e-07 1.0948114388683372e-06 1.4042097636235967e-06 5.4449324375851684e-08 3.498020826602601e-07 3.8578194345748684e-05 1.359057780349812e-07 0.0001670220691815333 8.396598309874074e-08 0.0 1.4224612276364305e-06 0.0 4.4467382213555715e-06 8.451355772457432e-07 2.072480904168519e-07 1.3962701319934727e-06 0.0 5.652018000582446e-08 4.0174559485008895e-06 4.068750831658226e-05 2.1760415239027938e-05 2.6113069142092587e-05 6.651811393579186e-06 3.429227405666519e-07 1.8307873842655716e-06 2.7029097115399108e-05 0.0 0.0 1.6336602678592278e-06 6.085361837749295e-07 1.1055850182008487e-05 0.00010716157015412778 4.030834572363884e-06 1.1309784219732358e-06 6.76451010371226e-07 0.0 3.842001920103875e-05 2.705355486424022e-07
2.102888598004047e-06 7.90106541049311e-07 3.5703008358060567e-07 0.0006273731076066426 5.586623789987008e-05 0.0030200967939811793 1.051293481944488e-05 0.0006059317665166727 0.0002704861344917593 0.0016386249340715738 6.214583271351175e-05 0.0 4.950092868995276e-06 0.00023827653271994167 0.000931885244734185 6.391879220487577e-08 7.550406940977466e-07 1.7310581719024542e-05 5.283086987345009e-06 0.0030026201973203737 2.497784451341603e-07 8.85780726673529e-06 6.701006610408818e-07 0.0005344241402155931 4.092303638065226e-07 4.501946106877889e-06 5.125240457015469e-06 0.0002989408943601976 0.00029792556218639535 1.4765055704939973e-06 1.184317491074009e-06 0.00010526386230639813 1.251460998564142e-07 0.00018113799298507787 1.3307110630957e-05 0.0008391481177792091 8.974385793119331e-06 0.00021488063723019068 4.594153484358711e-05 0.0008048021119012398 1.6723678206606508e-05 9.201185602148597e-07 1.6977556450283572e-06 5.918687552628427e-08 1.7242475923921723e-07 0.0 7.866199959986445e-05 0.0 3.746104317759066e-06 5.682053691520646e-06 4.393910065367995e-06 8.730405567974718e-05 4.356785111915778e-05 4.7015311922403185e-07 7.096412205470936e-05 1.7245532547801532e-06 2.692652805345563e-06 5.89657608773159e-06 4.5106404405478855e-07 0.0 6.963267970192769e-08 0.0 9.983544816664421e-05 1.8598743693555e-06 4.971815837278935e-07 1.4467396778036227e-07 8.32906925032195e-05 0.0 6.65832916469831e-07 8.12408529510018e-07 9.02759917076593e-05 5.336909435978832e-07 9.253716501199542e-07 0.0 0.0 0.0 1.051419093661414e-06 6.841551572024458e-07 4.7413251756200544e-05 1.7853915768221287e-06 2.4838171551297056e-06 1.621352004215024e-07 8.243570945512966e-05 4.209804755247439e-07 0.0 4.1792369305151514e-07
2.8312439048173024e-07 0.00044508146837575545 3.4047810138765517e-06 1.3434583067229533e-06 1.3191978789359816e-07 2.7492596434401974e-06 2.2823995932661514e-06 1.5959806779685408e-06 2.5735171551955408e-05 5.166260627902042e-06 0.0014730510229040573 4.950092868995276e-06 0.0 2.0169853345847126e-06 2.0676670211231743e-07 2.6879388449666006e-06 1.007654419559574e-06 0.00010495649985861262 3.985446214405885e-06 3.243583646843193e-06 1.9214761028594205e-06 0.00011177086928029691 3.0401950947461995e-06 2.0606826641927387e-05 0.00274889131688376 0.00037354246239259647 0.0017901230153591749 6.013273678126925e-06 1.6653116662855508e-05 4.56451725148235e-06 0.0005101741925242191 3.865586482640873e-06 8.11708973927149e-08 0.0008253757231686643 3.8147231053110546e-06 0.00022866889131946592 0.002355399743231905 0.001972091132296416 0.00039428149936116056 6.806725685730589e-06 2.014854239005678e-05 0.0009727583014949437 3.0912872430867387e-06 0.0 3.6206747409722098e-06 0.0 5.8615626426897604e-08 0.0 2.4803351220178317e-07 8.764063144549907e-07 2.5642351831176426e-07 5.000604508142753e-07 7.391820876306685e-08 0.00019970406705493193 2.117364736803914e-07 0.0009566232910292209 1.5195822222790202e-06 0.0 9.241476833615567e-07 1.1722034074531157e-07 4.0306783159925226e-05 2.9616934920439102e-06 1.397892375292717e-07 5.162900469429328e-08 4.0844815902411325e-07 5.655075241214448e-07 5.932110327137861e-07 0.0005535961873219898 0.00023105001307096494 0.0002829797356332679 2.8385214045066914e-07 5.831224602203943e-07 2.546458182163265e-07 0.0002410664242403024 1.157565278689158e-07 0.0 7.58249528013976e-06 4.075098428071092e-06 2.7253301018843818e-05 0.0003134954234125634 2.4242766079029483e-05 5.061191349477103e-06 1.1291642365800742e-06 7.922258910233241e-07 7.758416708020443e-05 1.6644184002921134e-07
0.0024675896480640842 3.75758341094119e-07 0.00017597383439844005 5.873182555816871e-05 9.901514970692023e-05 0.0002549153661728947 0.0038480217596245495 0.003883495069592451 6.000999247746007e-06 0.000611322892325318 5.495285209737351e-05 0.00023827653271994167 2.0169853345847126e-06 0.0 9.752416594912802e-06 4.3608341958067384e-07 0.000485864131956762 5.548699740671902e-05 0.0001431604509414671 0.00024767146212097894 2.0916550867353378e-05 6.655825635376481e-07 6.713688736017685e-05 0.0001456652388937273 0.0 0.00014307694820094225 3.42103781053917e-05 0.0003174223198212178 0.0046444241582737095 0.0023142383746440304 1.3748500727397786e-06 0.0003377887460214895 2.356931008339913e-05 0.00023263349412910996 1.3235874307439885e-05 0.00011585193979917159 1.077360394973463e-05 0.00012762354629176963 3.0478598139311876e-05 4.828316837938279e-05 9.207490347059474e-06 1.0910414485618596e-06 2.0901637799271507e-06 9.160695996743389e-07 6.111516668363173e-07 1.5349520702528303e-07 2.6866718641479555e-06 0.0 9.053448032377876e-07 9.829443882329886e-06 6.476228444589719e-06 2.2297749214492898e-06 2.815777447017474e-06 3.6655638071905195e-07 1.3174091169493845e-06 3.793435524428907e-07 3.564606402435393e-06 0.0 8.867858627044444e-06 6.15081766012689e-08 0.0 3.106187848368889e-07 4.154798741529382e-06 1.0480107862258892e-05 5.955616207073006e-07 4.811376595260132e-06 2.4291131535077083e-05 0.0 1.3379308325769245e-06 3.1515362628114976e-06 3.9657470823269786e-05 3.727521741519451e-06 1.4523948619456534e-05 0.0 0.0 6.323083112274071e-07 2.0279855505248117e-06 1.7280732578003925e-06 1.2258361889275486e-05 1.2618741060626898e-06 5.2025103747461745e-06 1.7983340599648571e-06 1.1778875190352544e-05 7.916097643909849e-07 4.1468505678813533e-07 2.544475676285266e-07
0.0 3.8753218455574005e-06 2.1909745077941215e-07 8.736349881581057e-05 0.00046176506775594565 0.0006599369779849239 5.829182645819692e-06 0.0002486132278682541 0.0006965972296451941 2.125156375220482e-05 1.4906000454139338e-06 0.000931885244734185 2.0676670211231743e-07 9.752416594912802e-06 0.0 3.890571880606532e-07 0.0 2.3759661128461593e-07 0.0 0.00010013320592808726 0.0 3.885680539652983e-05 0.0 0.000892218775487575 3.4292019382062273e-06 3.5747320241142297e-07 1.4172590475412952e-05 9.758491145436998e-05 2.3032413416078225e-05 1.7045755762640692e-07 2.2772331614498672e-07 7.439107995767457e-05 6.341135933620923e-08 7.075279464192253e-06 1.2209731313486002e-07 0.00021338685054072344 1.22876332832718e-07 6.575527578906645e-06 1.2507527247484559e-06 0.0005869017082856991 3.054454072454885e-05 0.0 4.1094537104131017e-07 0.0 0.0 1.1328210925070735e-07 7.382274992880665e-06 0.0 5.422112650413541e-07 1.305326707959092e-06 4.3696930040710974e-07 8.92749953351003e-06 6.608003375014133e-07 0.0 4.229744230370398e-06 0.0 1.172323550780756e-06 1.2390960421770733e-06 5.243751660105501e-07 0.0 0.0 0.0 1.1086581705989518e-05 2.6003483149451476e-07 6.559394667495345e-07 3.428580388559942e-07 1.2560597491924899e-05 0.0 0.0 6.70608547662949e-07 1.3496495604191518e-05 2.0862100283040898e-07 8.363836433260804e-08 0.0 0.0 0.0 6.828339330282263e-08 0.0 1.0836884222797108e-05 0.0 1.6178793369257722e-07 0.0 1.486678540238865e-05 4.0355646828396175e-07 2.464337186824467e-07 9.469935327188074e-07
2.487221116224403e-07 8.653556722386531e-05 8.379062265191645e-06 0.0 6.040369236458892e-08 7.388866633291292e-08 9.31358547381619e-07 3.354083067106999e-07 1.1044467672220143e-05 1.0204798122980286e-07 1.8573071207211567e-07 6.391879220487577e-08 2.6879388449666006e-06 4.3608341958067384e-07 3.890571880606532e-07 0.0 2.4300237246866702e-06 7.172368947203035e-07 4.822664451207991e-07 6.237492489353268e-08 0.0009744299799540547 0.0013908682426563535 0.002251174163038815 0.0010547690571718813 7.664242391487036e-06 1.4643070737622852e-05 0.0019142029958950284 0.0007065935276752062 1.8407495225589307e-06 1.8767866022326986e-05 6.520147597494984e-07 7.397900290803013e-08 1.8924340525722901e-06 1.2329736153826443e-05 1.957808137221984e-05 0.00042232208446036095 0.00016585649157375165 0.00013958644098439085 9.50185880716696e-05 6.657837503064351e-06 4.437763415219399e-07 6.422070821975368e-06 7.204521388945285e-06 7.107964907587035e-07 6.158861269128546e-05 8.321841006665568e-05 0.0 0.0 1.0475840888628087e-07 4.444067701971501e-06 8.55935132859108e-07 4.4506074118472865e-07 4.397055215214689e-07 1.4635752065319057e-07 2.144646329624837e-07 8.678260667250028e-06 1.3269186031851362e-06 0.0 0.00012360371762708757 3.730659543204275e-06 2.1276046735021457e-07 1.2765140630563693e-06 0.0 3.3522699253466594e-05 0.00020908189712911092 0.0001947941834025778 1.2779040097250225e-05 0.0 6.668232756467918e-05 0.00139377831420111 8.884484913779734e-06 5.871627655249292e-06 8.677825306280754e-06 3.272983721779682e-07 0.0 2.5449694128498245e-06 4.309591454201603e-06 1.6170543075141461e-06 0.00016978733459291972 7.1235812449810564e-06 9.577426380025984e-06 6.165544504288771e-06 7.752930599444152e-06 1.111540657139645e-06 1.5728672277634297e-05 2.477381121297946e-06
0.00015137276559851263 2.9447242399857213e-05 0.0009954168727264857 3.3646057846867663e-07 6.18194338127354e-08 2.183697698867191e-05 6.605045819158382e-05 0.0003635975680412692 5.909654467815175e-07 3.238685911931527e-06 2.8528501183860972e-05 7.550406940977466e-07 1.007654419559574e-06 0.000485864131956762 0.0 2.4300237246866702e-06 0.0 8.159295400830763e-05 0.0017575967040750265 1.0715089505910743e-06 0.00011387548291216427 2.6211520713515897e-06 0.0018018856132740492 6.641739420530595e-06 9.976704482385016e-07 0.001010598711560237 0.0015406340578064891 3.0893443582508396e-05 0.0007467728537515832 0.0016700862194442907 9.184238221004324e-07 2.3626887464775117e-06 3.969932336732448e-05 0.0004709920926362582 4.4915635946936e-06 0.00021450023932665383 0.0012238116932032402 0.0004009989507569443 6.552433643181534e-05 5.177022411848818e-06 6.206732942795704e-07 1.6714989533840595e-06 8.088171990983946e-08 1.3339268024338297e-07 3.5753273675192e-05 8.624785168158287e-08 0.0 0.0 0.0 3.9741993812897576e-07 6.547134250605375e-08 6.095210841663175e-08 8.702645727439547e-08 8.072379610486524e-08 0.0 9.055077756000171e-07 1.4739199911033348e-07 0.0 8.760242673076245e-07 5.410180742175016e-07 1.5955683570991322e-06 2.4236332054047727e-05 5.045134457179242e-07 7.268567091130457e-07 0.0 6.750323261340332e-07 4.08320848154889e-07 4.3704323577920534e-07 0.00012677625213470487 0.0002349921291748658 3.605755276289003e-07 6.6596554021868e-08 7.312996201183017e-07 4.002365352704984e-07 0.0 0.0 2.631034644206385e-07 0.0 9.36784819540999e-06 0.0001811835098565719 4.711379517726784e-06 1.0922927110102707e-06 2.555385582082485e-07 0.0 2.51811004858179e-07 0.0
1.43948983152052e-05 2.3428640092897385e-06 4.2884433826660276e-05 2.7216444008977465e-06 5.470329808395783e-07 7.934795195974783e-06 1.8512822821860494e-05 3.933840343645899e-05 1.6323013380990119e-07 2.678155606660914e-05 0.001011965715135334 1.7310581719024542e-05 0.00010495649985861262 5.548699740671902e-05 2.3759661128461593e-07 7.172368947203035e-07 8.159295400830763e-05 0.0 0.0005999209586226332 1.5451562080104247e-05 3.590828269607522e-06 7.129878950106164e-07 2.3709340497468992e-05 5.342155389179952e-06 7.035605799914535e-06 0.0012485093353438877 0.0003893652415352198 1.0361591570963247e-05 0.00015501914284844407 6.622832229548571e-05 0.00014736625130092553 6.849776253303124e-06 1.6817856645687808e-05 0.0011530349292537831 6.88259889322374e-06 0.0005326228762787299 0.0014217999989821505 0.001980025136309459 0.0004663308372875176 4.722230003855361e-06 1.1195562153703803e-06 2.3808210812795287e-05 1.8480867150500774e-06 0.0 1.3008402894918314e-06 7.080058809114662e-08 3.278678987765809e-07 0.0 0.0 1.3259682321059378e-07 6.096736862809214e-08 0.0 2.9728806499797713e-07 1.381607312436452e-05 1.0191164815703623e-07 4.375074037016416e-05 2.81042966362354e-07 0.0 4.687056502808111e-07 0.0 1.583562451372754e-05 6.594524577378509e-06 3.1498343879930964e-07 6.194521601758992e-08 0.0 1.0915237179409588e-07 9.128171966208855e-07 8.60446921427921e-06 6.281516661500738e-05 7.636768041137684e-05 1.7343831525920986e-06 5.512842581270153e-08 1.1026414912548505e-06 2.089360671210157e-05 0.0 8.096155407614565e-08 3.830821060089003e-07 1.1985777313625454e-06 1.0194413394893466e-05 2.776870894274333e-05 2.4011966742148147e-06 3.643770515940479e-07 6.672564906708575e-07 7.323277680546973e-08 6.671176333194631e-07 1.540571916256221e-07
4.213699621573581e-05 6.063973228452191e-06 0.00011883448988125818 5.951226076839546e-07 0.0 7.310761126470305e-06 2.3330904927607995e-05 0.00010324087839590836 1.2739684888563167e-07 8.328357053962306e-06 0.00015163473443713575 5.283086987345009e-06 3.985446214405885e-06 0.0001431604509414671 0.0 4.822664451207991e-07 0.0017575967040750265 0.0005999209586226332 0.0 3.593361491142178e-06 1.2398106086273008e-05 0.0 0.00021875299754184062 2.839195748140892e-06 1.7142853968289664e-06 0.0029638627083316276 0.00033075637925872726 6.83565782196577e-06 0.00025853882963821457 0.00024291051452447748 7.891132193472338e-06 1.404972941600781e-06 3.6124374792703744e-05 0.0014991822988440874 5.996166712352132e-06 0.0007158226300059922 0.0013724959447913103 0.0014286818346401276 0.00021038624910868446 4.4469492343084405e-06 6.875928678583438e-07 1.3460797458483978e-06 1.7476935768784132e-06 0.0 7.451623913708289e-06 0.0 0.0 0.0 0.0 5.662484769927356e-07 6.862573482493117e-08 5.796893531790971e-08 0.0 1.655339662600291e-06 0.0 8.195017471677561e-06 4.681331104071871e-08 0.0 2.9908451436015144e-07 0.0 2.2157623899881676e-05 5.085496534970886e-05 0.0 2.246556215632744e-07 8.248944310025811e-08 3.852908277813822e-07 2.6982243332198264e-07 7.936740683504945e-06 0.00019114048177097938 0.00021714972505993717 2.3285073838491986e-07 2.0169331617543644e-07 3.8019448985209116e-07 3.987956990566005e-06 0.0 1.0721882722965649e-07 5.144524513985877e-07 8.750571954600531e-07 1.2350832391745377e-05 0.00014696114158188609 3.8020672753725738e-06 2.728343867213601e-07 0.0 0.0 1.5481318884510488e-07 3.04895588787061e-07
9.164706308948127e-06 7.243620169691034e-08 4.197994655567481e-07 0.00289548329587077 5.009738775559015e-06 0.0004287925886868543 8.358578007788414e-05 0.00042176939251821266 0.00015139268889710657 0.0020843126625379655 4.331330776110258e-05 0.0030026201973203737 3.243583646843193e-06 0.00024767146212097894 0.00010013320592808726 6.237492489353268e-08 1.0715089505910743e-06 1.5451562080104247e-05 3.593361491142178e-06 0.0 3.823283555295574e-07 7.244185379024282e-07 6.533393452231823e-07 0.0005490617655687871 1.4550379904836568e-07 4.6940233488221106e-06 3.7791880112624574e-06 0.0015491596148373183 0.00026685710571454623 3.203557486659006e-06 6.080285174215035e-07 4.200229006477437e-05 2.3349098223078064e-06 0.00015401082483435996 3.460820853175499e-05 0.0005033539880937173 1.2449192917328553e-05 0.0002994038135136265 8.457453072767426e-05 0.00016730001439104974 1.5993995331882172e-05 2.0695373573983432e-06 4.274152384064439e-06 5.852038138538053e-07 1.5892189945723006e-07 0.0 6.815802218533313e-05 0.0 5.587207151218435e-06 4.660975318573874e-05 1.7525859077192358e-05 4.5624113986895934e-05 1.1524924883586831e-05 9.074433290144641e-07 3.8473120005550374e-05 0.0 7.3263992748651785e-06 3.710751716279679e-06 3.482881234250153e-06 0.0 3.0070669598417655e-07 0.0 7.180070420413489e-05 7.497167239466098e-06 1.421366192924456e-06 4.8189624402095516e-08 0.00014506223047265035 5.2634341610209245e-08 5.00495225868965e-07 4.443324008958314e-07 0.00023073025487323635 5.8821298922508035e-06 1.0696942083587878e-05 0.0 0.0 8.282537348329672e-07 5.370470068360207e-06 1.5861261320956485e-06 7.834776753264322e-05 3.707607848396477e-07 1.6198555462043945e-05 3.5465013509883463e-06 0.00012535075182097788 3.839935635488744e-06 7.989169166448488e-08 3.994236382556282e-07
9.008005497144895e-06 7.328643807913346e-06 0.0005291551761266334 5.4535471441413816e-08 0.0 4.10220744481703e-07 1.894830111502477e-05 1.144536422925779e-05 2.579550285523376e-07 8.905388209585117e-07 7.5058885472338925e-06 2.497784451341603e-07 1.9214761028594205e-06 2.0916550867353378e-05 0.0 0.0009744299799540547 0.00011387548291216427 3.590828269607522e-06 1.2398106086273008e-05 3.823283555295574e-07 0.0 0.00013162420081793864 0.005748260736081257 0.00024666218953309 3.5705903084489115e-06 3.9063978943633135e-05 0.0005629401660444239 0.0016629459989123193 0.00010736504479602044 0.00367817239122797 3.797693185101565e-07 1.1248987123169265e-06 4.397646961192212e-05 0.0018043657726040697 0.00018220428030453118 0.003664877396310622 0.0008964501576619935 0.003733755242362164 0.0014472476349865462 3.7918069184496936e-05 8.183973585276667e-06 1.0625433190843433e-05 1.5318309429041426e-05 7.230761679386558e-07 5.3811093080511535e-06 2.222855467995587e-05 0.0 0.0 3.635939172779728e-07 3.3882504558927166e-06 7.210848028559091e-07 4.389139553218098e-07 1.0780162325175067e-06 2.16624270070967e-07 0.0 6.996254080282745e-06 2.814277695109585e-06 0.0 9.9727281386885e-05 1.8762224876345993e-06 6.29310591587622e-08 1.3622997162374363e-06 5.133310461248929e-07 2.768107682159705e-05 4.64272258537313e-05 0.0001724248204034135 1.301010797244276e-05 0.0 1.4672453186662674e-05 0.00033144205785552727 6.691832403882542e-06 5.408082449883099e-06 8.09024744141777e-06 0.0 0.0 2.0914693826493387e-06 7.212419543990274e-06 5.7571271696583006e-06 0.00010662962142975258 1.1410710897012041e-05 7.750721741105117e-06 4.504623353266262e-06 3.679526504193189e-06 0.0 1.658966219254085e-05 1.987478750949471e-06
0.0 0.0009189025664323595 6.811720671009481e-05 1.8525590451350486e-06 1.2764988028449087e-06 3.290728827834818e-07 1.495235625399622e-06 0.0 0.0011702913977651623 9.769859628958811e-08 9.831203185588412e-06 8.85780726673529e-06 0.00011177086928029691 6.655825635376481e-07 3.885680539652983e-05 0.0013908682426563535 2.6211520713515897e-06 7.129878950106164e-07 0.0 7.244185379024282e-07 0.00013162420081793864 0.0 0.0005566319565413073 0.0032787352881441436 0.000616588792653694 2.247780034370614e-05 0.002978762686130094 0.00019523083945013957 6.716618458727936e-07 1.1777773679742516e-05 3.094602761476096e-05 0.0 4.9792506087781217e-08 2.4845429094647553e-06 1.4794049886446e-07 3.1405265546145757e-05 1.5406579844656093e-05 9.205023589384602e-06 1.5143073654268053e-06 6.892821517247317e-05 8.716906800343545e-08 1.8969103563035479e-06 2.7893240070175086e-07 0.0 2.6673617463135357e-05 5.6709020043251464e-05 2.1867049526148403e-07 0.0 0.0 1.2007992859860614e-06 2.988979071727239e-07 2.401204026782057e-06 1.73528551832364e-07 8.980378095773449e-07 0.0 2.2672381546698724e-06 8.734079824683833e-08 6.404111178669101e-08 0.00010140406215761038 1.0666821465872387e-05 2.2361319140818516e-07 1.538255228928194e-05 0.0 1.6867245491869152e-05 3.370939021786915e-05 0.0001213441407417552 1.6145561113366605e-05 2.0473321637893125e-06 0.00011261434816863329 0.001983304086522813 4.075132635791066e-06 7.311080260488379e-07 1.561512234814816e-06 1.0237821722792993e-06 0.0 4.0010442695026943e-07 4.831722593781865e-06 2.1153665566094096e-06 3.225449123011419e-05 7.385882332417128e-06 1.6535209176462572e-05 5.914830520965707e-06 1.5608080712119735e-06 1.2024524153541715e-07 1.486249581157377e-06 1.3249777280803186e-07
2.2891106232451314e-05 1.2588015695357076e-05 0.0044769631234750475 1.0363387976271698e-06 6.490277187334373e-08 9.68731835224191e-06 0.0004362720282787578 5.748607043372846e-05 2.5768600344744294e-06 6.636767054197923e-06 8.757366810454126e-06 6.701006610408818e-07 3.0401950947461995e-06 6.713688736017685e-05 0.0 0.002251174163038815 0.0018018856132740492 2.3709340497468992e-05 0.00021875299754184062 6.533393452231823e-07 0.005748260736081257 0.0005566319565413073 0.0 0.00020481390814357033 2.882604979141847e-06 0.0005725531520167768 0.006885772679324209 0.0009139119338071947 0.0001328463188836572 0.0027062289817121683 3.467668953246118e-06 1.1700370301242126e-06 1.2174394844481892e-05 0.001389470136858369 0.0003237180461938213 0.005955627734365375 0.004758838559324596 0.005248304350640237 0.002315485698499706 0.00019992640877644657 1.0574495164471123e-05 1.5323552003321588e-05 2.533095829104257e-05 4.3161442876830304e-07 0.00014593326692838817 0.00013609511694563745 7.191525314442156e-08 0.0 4.513775303849036e-07 2.397815577005071e-06 1.8391606896071785e-06 2.468465814127127e-07 6.678298147008442e-07 5.368735523296946e-07 1.2064224492351882e-07 1.1274347885331716e-05 1.173849342847405e-07 0.0 8.210906086222701e-05 3.6245290025365014e-05 4.178755335158095e-07 3.7418141740698944e-05 0.0 2.2151235739236388e-05 0.00018479876755287867 0.000137335095300289 7.479377066446979e-06 7.95561520380157e-08 0.0005848112895316036 0.0037716861322961365 6.609032862183869e-06 1.9926550904492353e-06 4.877731360394586e-06 0.0 0.0 7.593791096596309e-07 5.956142583044817e-06 7.278274365389857e-06 0.00038561450588865985 0.000144025139096373 2.715100870682648e-05 1.3665791539895728e-05 8.774401497277015e-06 1.221180360086214e-07 1.253972644344858e-05 4.334305789577437e-06
