0.0 2.45026288622064e-07 8.25323668540265e-05 3.1971662266607803e-06 1.2737211622347962e-07 4.139597081615061e-05 0.0009435738257438942 0.0008109456108818414 1.0704167734424867e-06 9.040466819017485e-05 4.460870478881659e-06 9.402330466808186e-07 4.0518550839519243e-07 0.0036029208240486604 8.097005125927316e-08 6.139561084955622e-08 0.00016247473755606295 7.703282680200457e-06 4.730191576562765e-05 3.987725803000853e-06 1.564569680138694e-05 1.431702247063525e-07 3.641440883326317e-05 1.9916810535101216e-05 0.0 5.230693751014401e-05 8.189567884530091e-06 9.049550048859299e-05 0.0008863747594706975 0.0014708893123903948 2.993467327271563e-07 7.195829528061158e-06 8.777050828760374e-06 4.981203456454355e-05 3.337798245610394e-07 2.349485164850501e-05 5.350614330305032e-06 3.248803744068937e-05 8.208664331286556e-06 7.535014726676803e-07 8.249682314173877e-07 8.680572527656089e-08 0.0 1.6157784606368668e-07 0.0 3.294191664113352e-07 0.0 0.0 1.4152556478349468e-07 3.423352412564273e-06 1.5753950016029533e-07 1.0516844717057785e-06 0.0 0.0 1.4501543748929192e-07 0.0 5.042674869206088e-07 0.0 1.1575978478091988e-06 0.0 0.0 1.1200283080310095e-07 0.0 3.0182664081972986e-06 1.7377034464236877e-07 4.7632746369051035e-07 6.7083732649570486e-06 0.0 2.719378460933012e-07 8.605646325437229e-07 1.0441382994225746e-05 1.1247077389593333e-06 3.491607329312637e-06 0.0 4.8096341094259423e-08 2.3144283016756192e-07 1.4530192217413512e-07 2.2960085553072543e-07 3.049963754630263e-06 4.3949721855582355e-07 4.5814727223030907e-07 6.919397826943393e-07 1.4380678396587972e-06 0.0 0.0 0.0
2.45026288622064e-07 0.0 3.3012640294158204e-05 1.9993648342708042e-07 5.565231099750753e-08 1.0431063383332673e-07 4.206743450662618e-06 2.8690967984829346e-07 0.00029757541590245506 1.5617234469009993e-07 3.74090964885481e-05 6.116227504925563e-07 0.00045601839887578866 4.0565450484040064e-07 5.309953511113301e-06 0.0001527168346475198 8.1293098361041e-05 2.814148973119314e-06 1.1968435750853047e-05 7.547513376479044e-08 1.0798452966068192e-05 0.0012597292265457243 1.2510695328032504e-05 0.00046627641233196144 0.00043916083707396924 0.0001804890911704378 0.0029112456323476944 4.477735854007483e-05 1.06735861394007e-06 9.89088353201264e-07 3.4669807303822794e-05 1.4810935240575552e-07 0.0 6.179649936353655e-06 8.934104513637974e-08 7.609417491702645e-05 0.0001431236145385126 3.9544841855401714e-05 1.1813511815462816e-05 1.0971174130153368e-05 1.9980984347988143e-07 0.00012199717297578473 8.19963016678515e-08 0.0 5.074384055879959e-05 3.652602164358545e-05 0.0 0.0 7.806707661976775e-08 6.522098095541823e-07 1.5655135207899426e-07 6.972666832701345e-06 0.0 3.3194017137363717e-07 0.0 1.0775095500997157e-05 0.0 6.244107369248338e-07 6.857535833931723e-06 1.0594662418231932e-06 3.013863051505075e-06 3.367995316089792e-06 0.0 5.101952592453417e-07 0.0002797759290441026 2.381729777497112e-06 4.443818257208536e-06 2.5585411254091044e-05 0.00024393634497882731 0.0012270842950229894 1.5037433544718882e-06 1.6882418893517218e-07 4.803757701822421e-07 2.2913679227166412e-06 0.0 2.595941350039389e-07 2.756359574817129e-06 0.0 6.1454684904872385e-06 3.807168113148171e-05 9.517707772635976e-06 2.162636413236888e-06 2.661638042243114e-06 0.0 0.0 0.0
8.25323668540265e-05 3.3012640294158204e-05 0.0 1.4008365524634382e-06 4.870383937180139e-08 8.224346570159295e-05 0.000820335182070526 0.0005268577189163993 7.298147055382322e-07 1.6205694938674536e-05 9.21405219634073e-06 8.027896000666471e-07 4.4113081361037246e-06 0.00027027650538916776 2.463313166731224e-07 4.067347185506083e-06 0.0023557331725306565 1.3812352239823578e-05 0.00020517259133036883 1.716463444558273e-06 0.0006360249575603965 3.781565084999991e-06 0.005875288419020019 2.8656156713179947e-05 5.3164600797731196e-06 0.0036965212642886937 0.003502812350483974 0.00027139211917887577 0.00012636343517657064 0.001137935936173644 5.315601610318716e-07 5.99645963159727e-06 6.973636137573348e-06 0.0003490122965176136 1.6076709915882248e-05 0.0015772541788803523 0.002426592916853148 0.0009686360895872123 0.00040097653044971615 3.3006628223935636e-05 2.6428458836091107e-06 4.076667142925868e-06 8.759912344233141e-06 9.224502729342754e-07 0.00011120857418060796 0.0006587544978439271 0.0 0.0 1.6026724992915895e-07 8.049173417336662e-06 1.926775215469153e-06 9.62673012973537e-07 8.220277231420572e-07 2.258605463877897e-07 6.844208413949554e-08 2.9704289150809067e-07 2.1967274116986583e-06 7.843846608958621e-08 2.0030271011218817e-05 2.2663385383043548e-05 1.2175043740436865e-06 6.522704766245983e-06 2.4729371236837786e-07 2.499006283600077e-06 5.0875288024066535e-05 2.1195516417962785e-05 1.2029994024433713e-05 7.116563832351326e-07 0.00020084336788925807 0.001622034993188621 1.5836387253039012e-05 1.5970217603392861e-06 3.775404743335228e-06 9.440087123049913e-08 0.0 2.936394301952196e-07 8.715789255090859e-07 4.304026535050663e-06 2.4744889167169373e-05 0.0003942521315190601 8.614547874487227e-06 2.189005078325899e-06 5.418819108838376e-07 0.0 0.0 0.0
3.1971662266607803e-06 1.9993648342708042e-07 1.4008365524634382e-06 0.0 9.741358379797717e-07 5.605228618028422e-05 0.00019115335601981338 5.1012827027820487e-05 0.0008608684729659599 0.0018219486852914593 3.5673215256855277e-06 0.0004747862334347674 6.342890559831307e-07 3.635085531421145e-05 3.3509178097156835e-05 4.457949925734737e-07 2.2087740876035545e-07 8.562515237897431e-07 3.3092282480585055e-07 0.0027455274024160716 0.0 2.2186998754222205e-07 2.1720923006455758e-07 0.0016128813904745568 0.0 1.97207682427824e-06 2.966749379531935e-06 0.0012758991392654631 0.00010320878258470894 1.2623126727260135e-06 0.0 2.873895357538533e-06 9.475869083104244e-06 2.2378927221701276e-05 3.430457397414267e-06 0.00031698809654001533 2.6878023815862167e-06 8.243289702793086e-05 2.1140266889052034e-05 0.0001924557829101226 6.002745567071598e-06 0.0 3.7624949847848213e-06 1.3091601079763786e-06 3.339990763355767e-07 3.38359305844709e-07 0.0001296681947405674 0.0 1.1627033067239704e-05 7.638260686506044e-05 1.8647037025215128e-05 0.00014512801809363435 3.80330050963847e-05 2.696167242932368e-06 5.722622370908506e-05 1.693568151635022e-07 1.2851627546788383e-05 4.9186137467629864e-06 2.8276897372752636e-07 0.0 5.6862231769184956e-08 0.0 8.810104586214666e-05 0.0 5.863073486560889e-07 1.0743674772027949e-07 0.0003312364331573446 4.005110131993951e-08 5.129412708001569e-08 1.1827140506107576e-06 0.0003685767769034377 1.1701314207837439e-05 1.984223012699287e-06 1.2880034236526325e-07 1.6503042703972402e-07 1.3140135500010514e-06 2.110051399000723e-06 1.2064457952924978e-06 5.600172641635915e-05 8.637876531516654e-08 1.7113120612623808e-05 8.3172242616002e-06 0.00023158548033242344 1.889912898682958e-06 0.0 4.2551036688345246e-07
1.2737211622347962e-07 5.565231099750753e-08 4.870383937180139e-08 9.741358379797717e-07 0.0 7.396572987204864e-05 1.2336162346933314e-06 4.011979573332501e-05 2.9540751661905592e-05 2.8782310569238447e-06 1.716761452459759e-05 4.361311093219098e-05 8.206041993146669e-06 2.3981638145861557e-06 0.0005652782385377426 0.0 0.0 7.765645253252753e-07 1.7517990582142517e-07 4.083625070107953e-06 0.0 8.227058919424127e-07 0.0 7.150959882849449e-06 7.259072223282689e-08 6.210421695008993e-07 1.0891616245868306e-06 2.885737822284605e-06 6.910714417748824e-07 2.363759823627539e-07 7.70747609637968e-08 5.102133968528464e-05 0.0 0.00010453193599518614 1.2433289669279058e-06 2.310032628259549e-05 1.2034142284814062e-06 0.00016331481572837882 8.626957369596882e-05 0.0008098749647984252 0.00022370599596913324 1.9768315983360086e-06 2.5488155021276253e-07 0.0 0.0 0.0 1.6974255772653205e-07 0.0 0.0 3.5561182998391523e-07 0.0 1.1168387977790683e-07 0.0 0.0 2.1380386321092606e-07 0.0 0.0 0.0 0.0 0.0 0.0 0.0 0.0 0.0 9.518783834474188e-08 1.5071269879753316e-07 8.69484995095262e-07 0.0 0.0 0.0 7.783619595383229e-07 0.0 1.0914164225341193e-07 0.0 0.0 0.0 0.0 0.0 4.6657867472029865e-07 0.0 0.0 0.0 8.474285050876978e-07 0.0 0.0 0.0
4.139597081615061e-05 1.0431063383332673e-07 8.224346570159295e-05 5.605228618028422e-05 7.396572987204864e-05 0.0 0.002350978149403008 0.0024770668320206078 4.154326557322308e-05 0.0037549972541402778 6.238518350294429e-05 0.003028285004423811 2.4511370052998857e-05 0.0001813332978304962 0.0010869766292118817 0.0 2.0049108539971977e-05 1.1391529096827049e-05 9.865292501556507e-06 0.0003770011212364988 9.467528098311141e-07 1.0803415384653322e-07 2.3496028776150947e-05 0.00011096175846613683 6.581158315528632e-07 4.814961373285232e-05 1.1470499416743146e-05 0.0004389075050806439 0.000268577660043985 3.829826103860443e-05 1.071329264340855e-06 0.0007760439708504454 6.666698396759159e-06 0.0001394117037459215 4.613002758862113e-06 0.00020908058514886501 9.074672032791422e-06 0.000236144203342571 0.00010507869107829284 0.000963829766102342 6.369629489739128e-05 3.367361950839121e-06 4.605140913593099e-06 3.27949646479798e-07 6.410622348347377e-08 5.157443127708723e-07 1.1168504181825342e-05 0.0 6.967603382260216e-07 2.1029996827151145e-05 2.552163486316174e-06 1.72751167142745e-05 3.866152060576968e-06 6.56481369880445e-07 4.8185652007236786e-06 5.712438070385294e-07 4.387441441789242e-06 1.8124444419637374e-07 1.7576509781336126e-07 1.2303317020413295e-07 4.508872722760459e-08 6.357847781611153e-08 7.356379468569504e-06 0.0 5.6550028650024554e-08 8.31332601750435e-08 5.291178476033553e-05 0.0 6.129960172738769e-07 1.8728443292525775e-06 8.677223377225667e-05 4.938884337657251e-06 2.3855249865849864e-06 0.0 8.707221239333434e-08 4.4096192582984987e-07 2.748092159175657e-07 2.8876687716698673e-06 1.154950892119786e-05 5.852909018091072e-07 3.982083212463382e-06 2.7141616632662713e-06 2.1426831301041602e-05 0.0 0.0 0.0
0.0009435738257438942 4.206743450662618e-06 0.000820335182070526 0.00019115335601981338 1.2336162346933314e-06 0.002350978149403008 0.0 0.003046800763318005 0.00010686073407310368 0.0068059384522347124 2.11104765008642e-05 2.7030962941693885e-05 4.881182725792995e-06 0.003226527870498958 6.558534224768447e-06 3.4551612776933685e-06 4.544471258389523e-05 6.667528253394393e-06 1.2851590098031882e-05 7.137959744373454e-05 5.486833188576429e-05 3.2463533094718498e-06 0.00047026751227471366 0.0003162745136465834 8.526686700315603e-07 0.00033028705640515444 0.00023860853540067366 0.010459179798833887 0.0008494816239875832 0.0034722351490681074 8.231329452710604e-07 3.1585430658637085e-05 0.00010717946491285076 0.00012407220188943323 2.3708626011907853e-05 0.0006920720909080704 3.357067919178279e-05 0.0004314834526173421 0.00013180741989221947 4.809289014721032e-05 2.2385171525990544e-05 8.294255883337451e-07 1.4920404258126778e-05 5.461928335709003e-06 4.233914777052358e-06 1.0691249954778607e-05 2.7442648168987676e-05 0.0 6.299705251381137e-06 0.00011393131429130025 1.4662705983396727e-05 7.424968904908155e-05 1.640741692652607e-05 2.1885267791070892e-06 1.2716846327351094e-05 2.1077365871293943e-07 1.978776755670843e-05 2.4031551727758463e-06 5.603679989296356e-06 4.770567383301478e-07 4.974343705363508e-08 1.2481593727048108e-07 1.738029580361437e-05 4.2883231052065985e-06 2.512651619079718e-06 4.138819397752176e-06 0.00026902644090009905 0.0 7.2903875575987856e-06 4.958083629292014e-05 0.00041862454978171173 3.4175733148585174e-05 2.6534560461797e-05 1.0975818866659157e-07 1.6061960096723698e-07 2.900113633446279e-06 2.895878121367721e-06 8.830689127468916e-06 5.130423817636835e-05 1.0554699396183577e-05 3.143423900704997e-05 1.0705374289731456e-05 6.712618715979718e-05 2.828265838691901e-06 0.0 2.754254610091552e-07
0.0008109456108818414 2.8690967984829346e-07 0.0005268577189163993 5.1012827027820487e-05 4.011979573332501e-05 0.0024770668320206078 0.003046800763318005 0.0 1.1606755202187616e-05 0.001448896860915056 5.76060719974143e-05 0.0009041006880419715 1.1993519898978964e-05 0.0025837310920712136 0.00014605462951162992 3.135089960046758e-07 0.00040196006309909705 2.4004238500119576e-05 0.00012739668409737846 0.0004994808404867592 2.124173401894224e-05 2.3290870877622053e-07 0.00013652144474595894 9.633300699100944e-05 5.746745485652275e-07 0.000326884634721795 4.957861079107056e-05 0.00032260504091366596 0.0008122827851254271 0.0009886782647746878 1.082757866004791e-06 0.0018651154896209682 2.867933293968044e-06 0.00012293158067826164 3.105634009116268e-06 9.709862209663454e-05 2.725519596953773e-05 0.00015210532384012004 6.028075041475119e-05 0.00017298561262982687 3.961582244237557e-05 1.685669689426851e-06 1.1354259473886278e-06 1.7971194295972857e-06 1.7623019405376134e-07 1.6662559085962612e-06 4.818463752959005e-06 0.0 1.107256728771516e-06 3.025611169066088e-05 4.038809034675501e-06 1.0415831984369549e-05 2.059843689036103e-06 3.7788739351944197e-07 2.1189399742464803e-06 1.6971457725830546e-07 4.146397389595304e-06 2.6820693309122e-07 1.9027634708827073e-06 1.4625751903576405e-07 0.0 5.200941785148886e-08 4.786310944088595e-06 5.781209350484049e-06 1.6266744615362696e-07 2.699456690097065e-07 5.636606618322952e-05 1.0551811856848633e-07 2.4851127015697833e-06 6.085112681029884e-06 8.71272507891776e-05 6.5267969638346925e-06 7.442406137484554e-06 0.0 0.0 9.685232225745766e-07 1.4015622579276201e-06 8.777631097751683e-07 1.1829201095924036e-05 3.2382134716940758e-06 5.627192337908714e-06 2.3721368524243813e-06 1.4093671491721234e-05 9.062801086789126e-08 0.0 1.1084612087787061e-07
1.0704167734424867e-06 0.00029757541590245506 7.298147055382322e-07 0.0008608684729659599 2.9540751661905592e-05 4.154326557322308e-05 0.00010686073407310368 1.1606755202187616e-05 0.0 4.2053913027052006e-05 3.292066880066279e-06 0.0002284417216388167 3.457643297159057e-05 4.763618003467035e-06 0.0005837912651241483 3.0140061576161863e-05 7.944114678386295e-07 4.874285542497111e-07 8.460146320391259e-07 0.00022343853497673634 1.607209067712454e-05 0.0008023793920026678 2.445456373972647e-06 0.005473209934778978 8.39735972632407e-05 1.5185287113290262e-05 0.0005357533324021527 0.0010678026949560227 8.214709063071909e-06 1.632059446729134e-05 4.3578187878719566e-06 1.6280418928642585e-06 2.4546707966884446e-06 2.8956041436508535e-06 3.50838488574639e-07 6.488020614536348e-05 4.4531279145226964e-06 1.4198690197339767e-05 3.671123184913371e-06 0.00037842523546747136 4.289896806016951e-06 2.7062437594495835e-06 0.0 7.65016194588471e-06 2.170301673754086e-06 5.16137970330602e-07 6.510139176367093e-05 3.4629810695027047e-07 1.1422243281838836e-05 0.0001262164575243981 2.357299378815246e-05 6.934141194424738e-05 2.73467894741961e-05 3.5120776921772274e-06 2.1925363840235366e-05 5.860793500675045e-07 2.7898137224589032e-05 5.75960654469215e-06 8.053387471074033e-05 2.3816794610355172e-07 5.163333328201936e-07 5.27216177424813e-07 3.17963369625092e-05 5.2374634222280607e-05 1.6827724148581594e-05 1.2406185838925525e-05 0.0009386886786530137 0.0 3.397714774872882e-06 6.791073598154421e-06 0.0006073643937473465 5.6252766243616025e-05 4.305578675664642e-05 1.229767848710738e-07 5.262851913223599e-07 6.016008788579189e-06 5.748293268561905e-06 4.146899811517193e-06 5.7529527014977615e-05 9.438740809697035e-07 2.915863188411057e-05 1.4824109640117493e-05 7.137614571155174e-05 3.4441097906094647e-06 1.0046509470316612e-06 6.261251336979721e-07
9.040466819017485e-05 1.5617234469009993e-07 1.6205694938674536e-05 0.0018219486852914593 2.8782310569238447e-06 0.0037549972541402778 0.0068059384522347124 0.001448896860915056 4.2053913027052006e-05 0.0 6.00771119918783e-05 0.0025458334696958195 1.0981698830706236e-05 0.0005256293639773568 1.54896325080727e-05 5.9304383842111725e-08 1.6066452292357433e-06 1.4750917178669067e-05 5.146421972250242e-06 0.002786173816033706 3.2472932503426874e-07 2.806243448951621e-07 5.759972671644056e-06 0.00026251620909068484 9.182675345736605e-07 1.410798004875277e-05 1.1132434391748926e-05 0.004325208946322121 0.0004874310870189473 4.392843284864086e-06 6.578075074186803e-07 7.011557427019623e-05 1.6602218822152934e-05 0.00015531427703742667 1.0965089203765469e-05 0.0005086379943097158 1.0922525470828262e-05 0.00040297908142452986 8.527094188960718e-05 9.488441843163794e-05 2.0613217698959744e-05 7.122581988421218e-07 1.3072734214595246e-05 4.802480862193926e-07 9.370233988099275e-08 3.4994475176228523e-07 2.3103281776314974e-05 0.0 3.1268983968106577e-06 1.8124416846589887e-05 4.883813424546022e-06 2.621566478216425e-05 4.011690112778657e-06 8.145636945195096e-07 9.58973172593353e-06 0.0 3.1945429378724917e-06 8.805101441258038e-07 8.766840474529524e-08 0.0 0.0 0.0 1.201891593617055e-05 4.3158885093087076e-07 1.0364021451499478e-07 2.689973123541741e-07 7.278924806013162e-05 6.292444445073323e-08 1.9715969887437175e-07 2.346675653377925e-06 0.00010026247761194519 3.4265366178586406e-06 1.8067603114864825e-06 0.0 4.3978310484145244e-08 3.4430889639895094e-07 2.633061581130918e-07 4.1205430210452145e-06 1.607141484674948e-05 3.4179555603935143e-07 5.85775143429192e-06 1.757376194063194e-06 3.809714986781189e-05 8.488219094879679e-07 2.0841933976156867e-07 2.159786072264446e-07
4.460870478881659e-06 3.74090964885481e-05 9.21405219634073e-06 3.5673215256855277e-06 1.716761452459759e-05 6.238518350294429e-05 2.11104765008642e-05 5.76060719974143e-05 3.292066880066279e-06 6.00771119918783e-05 0.0 6.008368484280006e-05 0.0017804237658742331 5.544146778443485e-05 1.6482539085389775e-06 8.081336912513609e-07 5.920122573789702e-05 0.001333639263445337 0.00026265494732466 3.937941476607429e-05 2.754552259377906e-05 1.1623117957622733e-05 2.4206041708993543e-05 8.361195251242898e-06 0.0004640688873072285 0.0009490855620758682 0.0005379054965320615 2.5016402468117965e-05 0.0003232730515308654 1.2260236228115266e-05 0.0004147845743128079 0.00010654737372625415 1.0706642942749424e-05 0.003517984223035927 7.215438802944287e-06 0.00037883616093147335 0.0020975326805651993 0.00406535220030049 0.0012237756846751693 3.126560702733761e-05 0.00012738211760482174 0.0007821589577974081 7.523816546906073e-06 5.476968488829612e-08 4.039269343722186e-06 0.0 3.864498963649585e-07 0.0 5.036713285203763e-07 1.1048940661828734e-06 3.639100228672466e-07 5.558866848248755e-07 4.6345357089726796e-08 3.911033362690252e-05 3.5309845142862117e-07 0.0002574106127265844 6.064887228958622e-07 8.49052433236358e-08 1.3519287990104366e-07 0.0 9.937777536302568e-06 2.461458167362553e-06 6.388654731233053e-08 2.0240388709805788e-07 3.5980273797919365e-07 0.0 2.5889871702793336e-06 2.4057025709630687e-05 5.9810347476751425e-05 5.224174912199914e-05 4.466056893995384e-06 6.716031387123334e-07 9.93580985963503e-07 3.3381729254270975e-05 0.0 0.0 2.904805528902918e-07 3.3503502081142685e-06 1.43151098382075e-05 7.142538013156021e-05 8.43478944651846e-06 6.925256112811842e-07 1.8167843216556172e-07 0.0 2.237501572369941e-05 0.0
9.402330466808186e-07 6.116227504925563e-07 8.027896000666471e-07 0.0004747862334347674 4.361311093219098e-05 0.003028285004423811 2.7030962941693885e-05 0.0009041006880419715 0.0002284417216388167 0.0025458334696958195 6.008368484280006e-05 0.0 9.282249692228318e-06 0.00018728592844372534 0.0007001131487970669 0.0 1.3520284133817721e-06 1.3972513135963299e-05 3.3864466248337367e-06 0.0030226544677515246 1.7458235115635926e-07 1.8386704206698802e-06 3.6480750710163035e-07 0.00019666535668721373 1.0099329405050005e-06 4.483802914995857e-06 1.9288792422782306e-06 0.0003565815245368781 0.00025784284434739467 1.8303180917555008e-06 8.380466579108748e-07 9.969170800445428e-05 6.415049441541768e-07 0.00012902784718537297 3.0177023681322003e-06 0.00047882867032621716 4.230741508458524e-06 0.0002552186803854012 4.81846742229206e-05 0.0010862299155767242 1.4086661138826425e-05 1.0517045626411017e-06 3.322084328926198e-06 2.3784472564850227e-07 0.0 0.0 2.7169034524992545e-05 0.0 5.742165991636704e-06 8.945230983114205e-06 8.366755805916445e-06 1.4269366695657568e-05 1.9973419376632884e-05 1.2528331931100047e-06 3.284421426987471e-05 9.994421237771445e-08 3.5779599517968805e-06 2.4315686401275824e-07 5.1565770615550734e-08 0.0 0.0 5.084990690865961e-08 2.481003245468695e-05 2.027157591878657e-07 1.0157104339915863e-07 0.0 3.9468620326838205e-05 0.0 2.0587829054757033e-07 3.6473719731593177e-07 3.477420455275941e-05 1.9462594461363206e-06 1.1283665809298018e-06 5.1242236107012944e-08 6.980392192021905e-08 6.870805773637583e-08 7.710406597383042e-07 5.30401057509784e-07 8.928929523280876e-06 0.0 3.3351634005025265e-06 1.6457106439746962e-06 6.224180222156183e-05 4.2116771163777035e-07 0.0 9.316440020715698e-08
4.0518550839519243e-07 0.00045601839887578866 4.4113081361037246e-06 6.342890559831307e-07 8.206041993146669e-06 2.4511370052998857e-05 4.881182725792995e-06 1.1993519898978964e-05 3.457643297159057e-05 1.0981698830706236e-05 0.0017804237658742331 9.282249692228318e-06 0.0 8.546086145028847e-06 2.1508933973474755e-06 3.0170883044391656e-06 2.593760736618811e-06 0.00013174480585993422 7.742205234553935e-06 5.71484303682761e-06 3.7512842513624875e-06 0.00013306227494471165 1.0865138392020534e-05 3.768560587970854e-05 0.002974131249771507 0.00032539826605190334 0.0027985832849835557 1.1569097146009336e-05 4.2462001692577245e-05 3.1223235711577546e-06 0.00046090254950041393 3.978062796467797e-05 1.6813367613513759e-06 0.0006007159845270956 3.250515906818342e-05 0.0014502898588367448 0.002757221167889968 0.002512992583234319 0.0008589054010355491 0.00013391035059945178 0.00022327175051852446 0.001017691056538068 1.5324984296860206e-05 5.172572145234641e-08 3.3107080324463525e-05 0.0 9.199629947702436e-08 0.0 0.0 9.813494428970786e-07 1.8008761119612766e-07 3.025730551406929e-07 2.3548439724119203e-07 0.00014927259037411392 1.1279648640785256e-07 0.0010283127226884705 9.501408485713272e-07 0.0 1.7722627835159263e-07 0.0 4.013271729010106e-05 7.493189015193278e-06 6.337894775185016e-08 5.976283827562946e-08 2.2065551681453286e-06 1.3374340846516893e-07 6.997709822844424e-07 0.00014898618346419272 0.0002965808229045891 0.00027679838889280975 1.334850290211545e-06 4.3861713458228144e-07 9.132057520111876e-07 0.00015906913267110708 1.1718813824168528e-07 0.0 1.0307996388719051e-06 4.064491155921535e-05 0.0001284103119535654 0.00019453984989696523 2.9992755644726763e-05 1.0431613736607231e-05 5.557601297569977e-08 0.0 3.205659577898936e-05 0.0
0.0036029208240486604 4.0565450484040064e-07 0.00027027650538916776 3.635085531421145e-05 2.3981638145861557e-06 0.0001813332978304962 0.003226527870498958 0.0025837310920712136 4.763618003467035e-06 0.0005256293639773568 5.544146778443485e-05 0.00018728592844372534 8.546086145028847e-06 0.0 3.05372719338822e-06 3.041237578989717e-07 0.00035552527322878555 2.783452376800466e-05 9.839557500068984e-05 0.00017515298441795262 2.154647874546703e-05 1.9121716179171975e-07 8.815196057866097e-05 6.248122771422421e-05 3.759100575851554e-07 0.00017627188747657883 2.689047996234433e-05 0.00032740586105676946 0.003161065150000798 0.0015071745754012356 6.536256390711079e-07 0.000127412955017632 1.3633214907799611e-05 0.00020783570238108354 4.923743543125519e-06 0.00010127987951680526 1.945249452664128e-05 0.00031787442443164575 6.656260644460923e-05 2.3197760944475296e-05 8.005544979414419e-06 3.03087975542625e-07 1.4431221740608364e-06 1.6661560692947247e-06 1.9991452090272537e-07 4.29740162339729e-07 1.168205848927875e-06 0.0 5.637969367707585e-07 1.0033653678038615e-05 1.6225619947656586e-06 3.3056481274144646e-06 8.811013073779846e-07 0.0 1.4716917387281865e-06 0.0 2.1971213196523852e-06 0.0 4.012264062504503e-06 5.994136919583121e-08 0.0 0.0 1.1495137630135415e-06 5.871025571280216e-06 4.122918598022575e-07 8.453066196694436e-07 2.057219085891526e-05 0.0 1.2275832289862003e-06 3.9373484107852635e-06 3.7630767981553775e-05 6.518319331822428e-06 7.77343897013462e-06 0.0 0.0 5.353060212824124e-07 8.505361916740229e-07 6.330678844574307e-07 7.916059749775152e-06 1.3665646167527113e-06 3.1923264884025116e-06 6.475537077072844e-07 3.6595633598188926e-06 5.563596748421453e-07 0.0 0.0
8.097005125927316e-08 5.309953511113301e-06 2.463313166731224e-07 3.3509178097156835e-05 0.0005652782385377426 0.0010869766292118817 6.558534224768447e-06 0.00014605462951162992 0.0005837912651241483 1.54896325080727e-05 1.6482539085389775e-06 0.0007001131487970669 2.1508933973474755e-06 3.05372719338822e-06 0.0 3.689310760874515e-07 2.2511801784215025e-07 2.5813325578729775e-07 2.4431673569270256e-07 6.0496621089432825e-05 7.778201790752035e-08 2.3666098993521026e-05 0.0 0.00041329335170222557 1.3737757856335002e-06 1.1506798521037622e-06 1.6821478133973996e-05 5.533620629849395e-05 1.8252914797885515e-05 4.400035024868257e-07 5.29717456432873e-08 0.00032235471661484267 0.0 1.0577533351065377e-05 2.4579281255180077e-06 0.00015956300089637964 1.9918164695547342e-06 1.5543982850918673e-05 1.3284890094857888e-05 0.0009006063185061294 7.23569685291885e-05 2.437346036002949e-07 1.1699947952088045e-06 0.0 0.0 0.0 3.6659443580109586e-06 0.0 3.412858047880791e-07 1.6020950525377108e-06 1.345072968919831e-07 3.5833815887294233e-06 1.9390683894106852e-07 6.199644610038564e-08 3.568377275902182e-06 0.0 0.0 0.0 1.2630216357440933e-06 0.0 0.0 0.0 4.600068542335309e-06 5.627983315570882e-07 1.2807882272480539e-06 2.945694783811737e-07 1.0752917387410273e-05 0.0 0.0 9.536384410513853e-08 6.9706180368665575e-06 7.722868621758195e-07 2.662323090512451e-07 0.0 0.0 3.820930238329789e-07 0.0 5.59571542307285e-07 2.2535788595500873e-06 0.0 2.1439234003259184e-07 0.0 1.5472925558502267e-05 1.1488584182626511e-07 0.0 0.0
6.139561084955622e-08 0.0001527168346475198 4.067347185506083e-06 4.457949925734737e-07 0.0 0.0 3.4551612776933685e-06 3.135089960046758e-07 3.0140061576161863e-05 5.9304383842111725e-08 8.081336912513609e-07 0.0 3.0170883044391656e-06 3.041237578989717e-07 3.689310760874515e-07 0.0 5.653158051152325e-06 1.0762277136255828e-06 3.401242202434335e-06 0.0 0.0008235149283125127 0.001028284245782314 0.002834700904026958 0.001063116929878648 4.221653823301144e-06 1.5723738392990518e-05 0.0014188368974121551 0.0008335311174293796 8.527368408583649e-07 1.7279542436667857e-05 2.4601304468249775e-07 0.0 3.6813266724071383e-07 2.723322519491266e-05 7.221177502337126e-06 0.0005606841871201935 0.00018470212311356431 0.00012488968854767235 0.00014455462038469758 2.034326794301072e-05 4.002280255425845e-07 4.942391521500603e-07 2.8094731665380046e-06 3.9038889102290996e-07 6.87060711783033e-06 1.1969504432434288e-05 0.0 0.0 0.0 2.448571296521103e-06 9.774345751861727e-07 1.994213423389133e-06 9.682333978884448e-08 0.0 1.6719657278000712e-07 0.0 5.410979018139379e-07 0.0 0.001210860149492801 0.0 1.3048475127422918e-07 3.063130120344458e-07 5.098391862490299e-08 0.0001388696921479228 0.00040099865845479575 0.0007341443813224654 9.901097331495137e-05 9.546856821160913e-08 1.6960251024175967e-06 0.00018896182327774242 4.8274030673653774e-05 3.990659843471909e-06 2.0004261780347237e-05 0.0 0.0 4.806403899539496e-07 1.5936446370797773e-06 1.3897807492660526e-06 0.00032709390172375137 2.591327106854127e-05 2.5312994786237515e-06 1.2059000212573173e-06 2.883147526088459e-06 0.0 0.0 0.0
0.00016247473755606295 8.1293098361041e-05 0.0023557331725306565 2.2087740876035545e-07 0.0 2.0049108539971977e-05 4.544471258389523e-05 0.00040196006309909705 7.944114678386295e-07 1.6066452292357433e-06 5.920122573789702e-05 1.3520284133817721e-06 2.593760736618811e-06 0.00035552527322878555 2.2511801784215025e-07 5.653158051152325e-06 0.0 0.0003398246845820693 0.001414499996717079 1.0957610130283244e-06 0.00034451283988234813 2.2506022860511876e-06 0.0014182221929481481 7.463696192685671e-06 4.113263554018639e-06 0.0011734269405206438 0.0019055302128112115 2.1222376109924822e-05 0.0007881464655422744 0.0014042534621281043 7.59698499175057e-07 6.421077749178473e-06 6.65339767811385e-05 0.0008389147357086801 1.5147362323845176e-06 0.00012172895173628391 0.0009913972526464487 0.00035757240115732574 5.0529288505592304e-05 3.89291146337706e-06 1.3477734554507318e-06 3.3332551605796457e-06 6.013174163013066e-07 6.710633826210243e-08 8.530964223414176e-06 4.955857303264222e-06 0.0 0.0 0.0 2.5450349347226547e-07 0.0 1.0928890787565742e-07 0.0 2.538522101968933e-07 0.0 0.0 0.0 0.0 1.3375336990230247e-06 2.011681528272235e-06 3.489199103504385e-07 3.982628074045861e-06 0.0 8.727930223433656e-07 1.1130689676082268e-06 2.493337359253211e-07 1.2445476132938005e-06 6.478654057944836e-07 5.3968458731373866e-05 8.13319640717131e-05 1.7410091904180519e-06 1.8636689000969293e-07 9.84966184724242e-07 0.0 0.0 0.0 3.8059765390417666e-07 4.930418402015439e-07 3.7664041952889714e-06 5.553444939702385e-05 1.5821545233717828e-06 1.4942505403145217e-07 4.2535805942952897e-07 0.0 0.0 0.0
7.703282680200457e-06 2.814148973119314e-06 1.3812352239823578e-05 8.562515237897431e-07 7.765645253252753e-07 1.1391529096827049e-05 6.667528253394393e-06 2.4004238500119576e-05 4.874285542497111e-07 1.4750917178669067e-05 0.001333639263445337 1.3972513135963299e-05 0.00013174480585993422 2.783452376800466e-05 2.5813325578729775e-07 1.0762277136255828e-06 0.0003398246845820693 0.0 0.0013388085061907104 9.812662195714558e-06 2.1478846367611917e-05 1.3036735808027943e-06 3.912192689020557e-05 2.3456485244683727e-06 1.56245435674076e-05 0.0012039588520410484 0.00028376403752552304 1.4855292397177879e-05 9.277165386937971e-05 2.2110009619517615e-05 0.00015593745851807047 1.3392286834710133e-05 7.169236034626207e-06 0.0011992555261833033 5.602168110339585e-06 0.0005632830509501404 0.001346807806012798 0.0021672475958181238 0.0006178385801461952 7.467917623284843e-06 5.356283870026976e-06 2.5797542077978077e-05 2.190101791302954e-06 0.0 5.944516230759812e-06 7.404136924729992e-08 1.537456067018993e-07 0.0 0.0 1.3808946737163032e-07 1.5889322347791415e-07 4.55125169463529e-08 0.0 1.5013460912523632e-05 5.326658245333449e-08 4.389780383578391e-05 7.078855302684708e-07 1.2299120162377609e-07 1.280030369497009e-07 7.060495778194719e-08 2.894719814862459e-05 1.5281475033748863e-05 5.131956541257302e-08 0.0 1.0539984772235557e-07 0.0 8.749265744243159e-07 1.253649410487119e-05 0.00012307272698526228 0.00012403730815327936 1.516135332187239e-06 2.4663914001931e-07 4.9296148494818385e-08 2.039363131740642e-05 1.475482194574075e-07 0.0 8.040805975659149e-07 1.7713935725834277e-06 6.166211799784942e-06 1.7033350322081468e-05 1.3542470616505669e-05 1.5208025999088377e-06 5.968114617296084e-07 0.0 6.711056779867678e-07 0.0
4.730191576562765e-05 1.1968435750853047e-05 0.00020517259133036883 3.3092282480585055e-07 1.7517990582142517e-07 9.865292501556507e-06 1.2851590098031882e-05 0.00012739668409737846 8.460146320391259e-07 5.146421972250242e-06 0.00026265494732466 3.3864466248337367e-06 7.742205234553935e-06 9.839557500068984e-05 2.4431673569270256e-07 3.401242202434335e-06 0.001414499996717079 0.0013388085061907104 0.0 2.9177614533161136e-06 6.748456379361765e-05 1.872116934689904e-06 0.0003567109288083455 2.578039579728519e-06 3.970553230938231e-06 0.0028126839964086143 0.00046453914036956697 6.264142398806497e-06 0.00024380195616073585 0.00016768734446759217 7.827319713892206e-06 2.9436654168535676e-06 2.8236186440809675e-05 0.0016316070754437825 3.73120335301916e-06 0.0007199133502364116 0.001272067315818763 0.001440372262292725 0.000246055106383958 7.990231918056389e-06 1.3928640288035719e-06 4.111650358860142e-06 1.7592290756928026e-06 6.480692349963627e-08 2.2334504338796586e-05 1.0514658183304554e-06 0.0 0.0 0.0 6.05882077655498e-07 0.0 1.2581696578877108e-07 0.0 1.0367505747633876e-06 0.0 3.453437319264699e-06 5.4012332169212726e-08 0.0 1.323361772234789e-07 4.441889612296844e-07 8.859279508789783e-06 1.9956866657033004e-05 5.577315368707e-08 0.0 3.702607021657876e-07 0.0 7.458788003498836e-07 3.7474099177714105e-06 0.00015002112674176595 0.00013734463162779466 3.823618748388472e-07 1.9554672440211e-07 2.6574346357677916e-07 1.5879498160520198e-06 0.0 0.0 6.865110965341728e-07 1.200478354617012e-06 9.758194838236404e-06 6.253366657051327e-05 4.40217509992504e-06 2.5743088364850804e-07 1.0816763506701928e-07 0.0 1.072688190760862e-06 0.0
3.987725803000853e-06 7.547513376479044e-08 1.716463444558273e-06 0.0027455274024160716 4.083625070107953e-06 0.0003770011212364988 7.137959744373454e-05 0.0004994808404867592 0.00022343853497673634 0.002786173816033706 3.937941476607429e-05 0.0030226544677515246 5.71484303682761e-06 0.00017515298441795262 6.0496621089432825e-05 0.0 1.0957610130283244e-06 9.812662195714558e-06 2.9177614533161136e-06 0.0 2.2304288395400124e-07 0.0 6.600755720038694e-07 0.0003382342147201913 2.2230916163793406e-07 3.456814985751864e-06 8.510481667635097e-07 0.0014611646434325878 0.00026879443519059107 1.992677370801689e-06 1.9529036338835327e-07 4.058846349609386e-05 6.263362816193197e-06 0.00010302194899848364 8.267233880893496e-06 0.0005800070488038434 8.276929221355159e-06 0.0002942840305651422 5.870837524114922e-05 0.00029258503686788184 1.6780949263931005e-05 2.5541638330344326e-07 1.4726592577392684e-05 2.687623918569472e-07 6.479351681085605e-08 2.731803944760399e-07 7.061042024158929e-05 2.1773871575800397e-07 6.424100972352291e-06 4.826791400239976e-05 1.0515380090419117e-05 5.668714451763053e-05 1.4575446370194127e-05 1.2989820715470669e-06 4.067190791537241e-05 0.0 5.517844986376458e-06 4.659514305418742e-06 0.0 7.794176927791125e-08 0.0 0.0 4.656681165240737e-05 2.8675270827567113e-07 0.0 1.7557285039485703e-07 0.00016671473000656517 0.0 1.1521362878879394e-07 1.4308870660629224e-07 0.0002143657230572927 4.508878036205965e-06 2.2002479682790614e-06 0.0 6.55173201294503e-07 6.002491039451179e-07 1.6385385450454459e-06 2.0326666332921836e-06 3.61337556293988e-05 1.2945268663215013e-07 1.18656402086588e-05 3.876044134329262e-06 0.0001601827509649501 9.780838935052593e-07 0.0 1.1376862624917932e-07
1.564569680138694e-05 1.0798452966068192e-05 0.0006360249575603965 0.0 0.0 9.467528098311141e-07 5.486833188576429e-05 2.124173401894224e-05 1.607209067712454e-05 3.2472932503426874e-07 2.754552259377906e-05 1.7458235115635926e-07 3.7512842513624875e-06 2.154647874546703e-05 7.778201790752035e-08 0.0008235149283125127 0.00034451283988234813 2.1478846367611917e-05 6.748456379361765e-05 2.2304288395400124e-07 0.0 5.334840489668877e-05 0.006409787298761324 0.00016290163044581772 2.144164185984239e-06 7.489802569213532e-05 0.000506477057044682 0.0019145226742560005 0.00010660799184252172 0.004127944299455093 8.437485790938488e-08 3.5472433180166817e-07 3.560797282180264e-05 0.0027771056998505085 7.459689046298758e-05 0.004229106820756718 0.000510208687930598 0.0037731741912424253 0.0019930614524122105 0.00016902477838248522 6.7336945234666755e-06 3.484982731712753e-06 3.095135990378009e-05 6.988690079339682e-07 3.976403436295304e-06 3.023685367187258e-06 0.0 0.0 7.019558481590111e-08 6.765086079413197e-06 1.3829633567760425e-06 2.1402720659314083e-06 1.4301817613435856e-07 6.403872744727225e-08 1.557374697320057e-07 7.846692273080469e-07 1.7166133371955085e-06 0.0 0.00029748346689349183 4.3736789346506787e-07 0.0 2.684191144183031e-07 4.734457258571639e-07 0.00014670955879521913 5.214357017032777e-05 9.57151564155478e-05 9.040039119757205e-05 5.0502635897954125e-08 1.82087691817714e-06 2.4377806431667846e-05 4.423318523976834e-05 5.162719519146864e-06 3.250192674055791e-05 0.0 0.0 1.7350021705150997e-06 2.3205661291004396e-06 1.545222228678036e-05 8.152537941694483e-05 4.429128600512838e-06 2.7709144389068297e-06 4.804539822327425e-07 2.2199795415321105e-06 0.0 9.183970391979492e-07 5.006740105153805e-07
1.431702247063525e-07 0.0012597292265457243 3.781565084999991e-06 2.2186998754222205e-07 8.227058919424127e-07 1.0803415384653322e-07 3.2463533094718498e-06 2.3290870877622053e-07 0.0008023793920026678 2.806243448951621e-07 1.1623117957622733e-05 1.8386704206698802e-06 0.00013306227494471165 1.9121716179171975e-07 2.3666098993521026e-05 0.001028284245782314 2.2506022860511876e-06 1.3036735808027943e-06 1.872116934689904e-06 0.0 5.334840489668877e-05 0.0 0.00026363689889721755 0.0024398820302077547 0.0003387691258658957 4.543210901688607e-05 0.002732989972066824 0.00013973929782868088 4.295515520001373e-07 1.6416741993680991e-06 1.5228529392740805e-05 1.4083666723694213e-07 6.880072897923904e-08 2.976078321427867e-06 0.0 1.1194994631764381e-05 1.5074546374333599e-05 8.468069342431012e-06 2.9713990093305925e-06 6.065079374946341e-05 7.140406688308459e-08 1.2227949059523393e-05 0.0 5.2025086574178494e-08 1.0039822995691594e-05 2.4350481091749828e-05 0.0 0.0 0.0 6.266526798989293e-07 6.27187224399918e-08 2.1631710086654695e-06 0.0 2.0130265005318402e-07 0.0 1.0641718155824402e-06 1.3059112203953063e-07 0.0 0.0005075207856927343 7.479949436820605e-08 2.0506762937082051e-07 6.615400458597626e-07 0.0 2.8159904427241896e-05 0.00011053415439801367 0.00022758440578351095 6.497395068724296e-05 5.931424427285304e-07 9.428417515041422e-06 0.0005126179341750246 1.7630369173700472e-05 5.048452604598739e-07 6.271436134046963e-07 3.360898152869244e-07 0.0 7.259655344219185e-08 4.502003227099144e-07 0.0 1.1833429325356838e-05 4.917696744528697e-06 7.344196888139502e-07 8.948232337130924e-07 1.6089119781914543e-07 0.0 0.0 0.0
3.641440883326317e-05 1.2510695328032504e-05 0.005875288419020019 2.1720923006455758e-07 0.0 2.3496028776150947e-05 0.00047026751227471366 0.00013652144474595894 2.445456373972647e-06 5.759972671644056e-06 2.4206041708993543e-05 3.6480750710163035e-07 1.0865138392020534e-05 8.815196057866097e-05 0.0 0.002834700904026958 0.0014182221929481481 3.912192689020557e-05 0.0003567109288083455 6.600755720038694e-07 0.006409787298761324 0.00026363689889721755 0.0 0.0001652592467678378 2.4181017676646853e-06 0.0008459594253148567 0.006304890948309707 0.0012556829296143613 0.00015457791253419036 0.0025044375350637233 1.1959227711062202e-06 1.959608769227317e-06 2.4242172035001827e-05 0.0019862693996080113 5.898561666128327e-05 0.005587537257239733 0.004730143931537753 0.00458384172326353 0.004006779995583507 0.0002772433549666645 4.62957635453104e-06 9.404996305600183e-06 3.5429298718674e-05 2.945241570676302e-07 1.0110457903142016e-05 0.00012572892517122655 2.3336552503883956e-07 0.0 5.7698628356116275e-08 2.8754909572137496e-06 3.004189283122888e-07 0.0 0.0 6.538836806954239e-08 0.0 1.8545850727046977e-07 1.020079605537205e-06 0.0 0.001053416527159096 1.1947171452281947e-06 7.625098168795877e-08 4.577050552109328e-07 0.0 3.4683175304608415e-05 0.0002520434247072432 0.0008160110863398685 3.572995469371051e-05 0.0 1.0904424650021297e-05 0.0008912750132006703 2.7496594104307897e-05 5.559395434221398e-07 2.9968078930074403e-06 0.0 0.0 0.0 1.3628253516254264e-07 1.2806171504298375e-05 0.00036900077166940613 0.00017721048476717756 3.078446886684857e-06 1.970897718944117e-06 1.4501221716784642e-06 2.581475876606788e-07 1.2799375709351643e-06 1.0261078113187227e-07
