0.0 2.511526739589053e-07 6.976270423728215e-05 8.744101671992535e-07 1.932811823166858e-07 2.7831564374578867e-06 0.0011672007975394873 0.00012174407682376498 5.214413120500446e-07 7.008271159282811e-06 6.351108499410891e-06 4.6761018753660403e-07 2.490161887905099e-07 0.001631232111913555 0.0 3.95722279163297e-07 0.00011890511181209931 4.322329281191041e-06 3.9228288824661796e-05 2.355442010685358e-07 5.901337656973536e-05 2.723197593436988e-07 6.259244524654767e-05 2.7961175542877576e-05 0.0 3.628133563574305e-05 1.9579865489269296e-05 4.341894215004778e-05 0.001959651496424546 0.002104212902747806 5.0633777840211235e-08 4.325979716016258e-06 2.403942374342546e-05 5.7702758263171054e-05 1.0964396565965141e-06 1.7498666381132083e-05 1.2717857634963894e-06 4.5175217434128435e-05 1.6269812412774e-05 7.65061753251203e-07 1.449409211162517e-06 0.0 3.3787031662689393e-07 0.0 0.0 5.596011252904685e-07 0.0 0.0 0.0 6.133217766731911e-07 3.9814309958048646e-07 5.250169787238851e-07 0.0 0.0 0.0 0.0 3.815843772072794e-07 0.0 2.032826192605156e-07 8.577075137784539e-08 0.0 0.0 1.1243991058596932e-07 1.079122071961631e-06 2.571603070750227e-07 5.640114640619491e-07 1.9824453655452342e-06 0.0 8.124966814161373e-07 3.420665624294442e-06 2.2250778730834977e-06 1.3648775981660718e-07 7.696474174595853e-07 0.0 0.0 0.0 7.630744869197824e-07 0.0 2.297194540352648e-06 0.0 6.018520803427134e-07 6.942728171574283e-07 2.98705039660086e-07 0.0 0.0 0.0
2.511526739589053e-07 0.0 2.42168844650778e-05 0.0 2.0204562873352686e-07 5.829956200269479e-07 3.0673981876196033e-06 1.7580372389961798e-07 0.00020024603488178096 1.0298525189801819e-06 3.5570758024192054e-05 1.6587879273626528e-06 0.0004613824964779044 2.4005185302211093e-07 6.496748003974015e-06 0.00011347056330224771 3.369295192907964e-05 4.760301746544149e-06 2.2753533555731542e-05 8.125257840993541e-08 1.3898017278490612e-05 0.0017014261355305018 8.047332313869198e-06 0.00047562740972928967 0.001014967979566056 0.00021196187172657657 0.004596584101300367 1.3387163291440098e-05 5.052223078228733e-07 5.361108798987761e-07 2.5573058917484807e-05 0.0 0.0 1.4392463329492181e-05 1.304555647699944e-06 5.238087670650186e-05 4.642407510476145e-05 7.678203167804503e-05 1.678014942664489e-05 6.436114822955121e-06 0.0 3.779042633992481e-05 0.0 1.4698198301601867e-07 9.828797708895246e-06 1.969694645688169e-05 1.7573859877128079e-07 0.0 0.0 1.1890060258769808e-06 3.3927594596781213e-07 2.5070225003926033e-06 0.0 1.925286569695848e-06 0.0 5.475586849796249e-06 1.4382395249536757e-07 1.214553831468147e-07 2.5211471729543574e-06 8.417934170786022e-06 7.81385327729763e-07 9.758613912180432e-06 0.0 2.930310035529514e-07 9.155724289186444e-06 6.4970195314627845e-06 1.2722842547112292e-05 4.3167439291492934e-05 0.00017692100292266758 0.0011900854449133763 1.3566156703151028e-06 2.626204952571253e-07 2.0957321160969083e-06 1.8801916024220907e-06 0.0 5.0312418144931614e-08 2.3630241847784768e-07 1.020119236451219e-07 6.709984827222914e-06 3.462181497256026e-06 2.2744482859350425e-06 2.340823346490142e-06 4.87364326986352e-07 0.0 8.017173144222757e-07 0.0
6.976270423728215e-05 2.42168844650778e-05 0.0 4.388815930967488e-07 0.0 3.173928147821558e-05 0.00028210953187228347 0.00023753125730209602 0.0 5.924084441658201e-06 5.4673485880270295e-06 9.026656235390101e-07 3.418611372683635e-06 0.0003270701155692498 0.0 2.3444743716032916e-06 0.0023135772350794527 1.0095210184071439e-05 0.00016793186468888111 1.4913183150955235e-07 0.00022802741501998353 8.565093825509462e-06 0.006856261475599527 1.618216929783515e-05 0.0 0.003947172694630771 0.0020838651563099596 0.00029481544200507775 9.826829758372321e-05 0.0007426634465854989 5.4485669504270715e-08 1.5106366087534096e-06 8.589426932623813e-06 0.0005038754368192115 1.635343403491672e-05 0.0009076536812970812 0.00017717516346087327 0.0014703967306505528 0.0004993893445123383 3.312028859494235e-05 3.217079388699456e-06 7.601541192179971e-07 5.8748863531998644e-06 0.0 4.175898995166316e-05 0.00043976078576189986 0.0 0.0 6.28047759182946e-08 8.422901652078984e-07 1.1659104350923138e-07 1.4731109284463014e-06 0.0 2.733406151999655e-07 0.0 0.0 9.421111037390817e-07 0.0 8.105260959272462e-06 6.304879235341154e-05 1.6735704088602793e-07 3.774965509286887e-06 0.0 9.327027027913846e-07 1.902539622806012e-05 0.00010510112213338507 9.807203899899336e-06 0.0 3.0305961819648414e-05 0.001139365550194801 1.1538960468513741e-06 4.533874130887097e-07 1.544237077682699e-06 3.7200028375287387e-07 0.0 1.3912040927488982e-07 2.6268142041241334e-06 3.9932429648888185e-06 4.496133460770232e-05 8.192706268228926e-06 2.434561206658848e-05 1.3566444089047545e-05 2.0249465530770365e-06 0.0 0.0 0.0
8.744101671992535e-07 0.0 4.388815930967488e-07 0.0 1.1602808491546534e-06 6.237667610790789e-05 4.396959931690455e-05 3.388621311601264e-05 0.00044312135712317705 0.002092944219776319 1.1795505804691461e-06 0.001904094091964487 4.164057252752686e-07 1.9729143102056677e-05 2.0664725884158324e-05 0.0 5.606300814845047e-08 9.000339363988705e-08 6.271612359948566e-08 0.0019453516707949262 6.25262691427884e-08 4.298523851805553e-07 2.614119576005868e-07 0.0004352924361759437 9.485433026910972e-08 1.6429403680178143e-07 0.0 0.002813932456823644 1.3161735554095881e-05 3.5935374673973805e-07 9.976048610228165e-08 3.2330009622144464e-06 3.898766676837763e-07 5.07598943452138e-06 2.1948842881624386e-07 1.9125894588959836e-05 3.955051573724182e-07 9.358895760701458e-06 6.060224824466852e-06 8.128508319037179e-05 1.0278817063048428e-06 0.0 2.610015239522605e-07 0.0 0.0 0.0 9.949011830112222e-05 1.6759549141685831e-06 2.3083552259106124e-05 2.0276601940080463e-05 1.0207914885919175e-05 3.0570718522291375e-05 0.00015758928093356417 5.493586574142728e-08 0.00015837076738902574 0.0 1.3786860301682351e-06 3.25903341007188e-05 0.0 0.0 0.0 0.0 2.8867109928008895e-05 0.0 0.0 0.0 9.664719535926193e-05 0.0 9.325029473707015e-08 9.234185648941843e-08 0.0001139695915848589 5.024916556865071e-07 3.2242692594164766e-07 0.0 0.0 0.0 7.309500751303402e-07 0.0 3.2640112328125995e-06 1.1807517420067236e-06 1.0972467885378184e-06 1.0546481042890195e-07 8.491586615964506e-05 9.440567175682057e-08 2.411548154496541e-06 0.0
1.932811823166858e-07 2.0204562873352686e-07 0.0 1.1602808491546534e-06 0.0 0.00022050419061661944 4.8841506530115554e-06 0.00018154787108396242 1.9180541560842296e-05 5.429358782671707e-06 1.7500777315265667e-05 3.5931350889471584e-05 2.3178294598361253e-05 6.337101437999481e-06 0.0010694253131512932 0.0 1.7966808105590922e-07 1.2057910219842293e-06 5.243185688911108e-07 3.351433262598734e-06 2.7290979925654144e-07 4.392342479732821e-07 3.4764308892253353e-07 6.371110951664313e-06 9.89047074907353e-08 4.302345792557517e-07 6.217116382727281e-08 3.1587116633217107e-06 2.8010144227587705e-05 7.498961996870852e-07 2.4498778615328023e-07 2.4260991439163824e-06 0.0 9.356055747060636e-05 2.00374510698206e-06 8.795917074823901e-05 3.700658913469594e-06 0.00014225137386859413 5.691133826379872e-05 0.0017941443214257696 0.0001402935695866918 2.860367919559832e-06 2.25893342576628e-06 0.0 0.0 0.0 0.0 0.0 0.0 0.0 0.0 0.0 0.0 0.0 0.0 0.0 1.4510291299043165e-07 0.0 0.0 0.0 0.0 0.0 6.197555034292687e-07 0.0 0.0 0.0 3.3106404873946513e-07 0.0 0.0 0.0 7.938147280708113e-07 0.0 0.0 0.0 0.0 0.0 0.0 0.0 1.1921604105015747e-06 0.0 0.0 2.768779379601761e-07 0.0 0.0 3.9137351883215295e-07 0.0
2.7831564374578867e-06 5.829956200269479e-07 3.173928147821558e-05 6.237667610790789e-05 0.00022050419061661944 0.0 0.0032223457804671637 0.003000644969021044 0.00020401254404518957 0.0029810334388104343 1.3762680461093654e-05 0.0036327624618052467 3.532259215757001e-05 0.000919221380538781 0.0007692900540149431 6.924157862014736e-07 4.948088727196746e-06 2.5099825661979814e-06 4.0034988754565975e-06 0.0003214081337766382 2.9085610204904526e-05 5.360972377990005e-06 2.296989737226079e-05 0.000353673377329202 6.818292399851829e-08 1.135280838205899e-05 8.690974790745559e-06 0.0008851615096832086 7.414660406680884e-05 3.07798346744506e-05 6.985084505423574e-07 0.0003655907011324056 4.044264993456043e-06 6.98298734583252e-05 2.3161842817311974e-06 0.00022000543561251918 7.91851934878676e-06 0.00015369115146510946 8.572956276745844e-05 0.0012319163714696873 6.064071370304816e-05 7.3268772308007035e-06 2.666902458279194e-06 9.408993815039469e-07 1.4468424507346027e-07 1.886152240682098e-07 2.3518066668935733e-05 3.36955320726743e-07 1.1520167635284666e-05 5.7501154829544975e-05 2.4085619587773425e-05 5.641582602381971e-06 5.8685501881420617e-05 3.0633342982607557e-07 2.5106577588654598e-05 1.289243707688849e-07 7.965460478773941e-06 2.4861229741743402e-05 1.5178884200201702e-06 2.326098995952907e-07 6.197010382065447e-08 0.0 6.6801975439346535e-06 7.782954729851695e-07 5.980016569578821e-08 1.2460471758532029e-06 8.81297521848747e-05 0.0 1.577167113450995e-07 1.3395010901647356e-06 0.00010306871528331164 2.872573719823948e-06 4.662578329217382e-06 0.0 1.7376568784555794e-07 6.890695431174517e-08 1.365823447771628e-07 1.2581863281453217e-07 6.77018040646736e-06 5.000951908470568e-07 6.826649949387539e-06 9.978834174023507e-07 6.683844152801192e-05 4.550166722689779e-07 2.063833442318005e-06 4.2673757960988747e-07
0.0011672007975394873 3.0673981876196033e-06 0.00028210953187228347 4.396959931690455e-05 4.8841506530115554e-06 0.0032223457804671637 0.0 0.0031667200746386087 5.1913084258885245e-05 0.006637837028088814 1.808949662503176e-05 5.211850828403373e-05 6.3985086849146266e-06 0.005459380319794098 9.453602548749737e-06 1.4574651488625271e-05 1.1886845699498865e-05 5.039002632532654e-06 8.276914651458237e-06 1.709004382051091e-05 0.0005407581016840403 2.9385188265536286e-05 0.00036102991450975115 0.0010002386816966844 4.345231897425651e-07 1.7863177433859067e-05 0.00013528398632933227 0.01069947368838 0.0009432105269291491 0.0019378623008678379 4.918919544819954e-07 2.7232474191949747e-05 6.62752820974574e-05 0.00018377589123484692 2.462220358593069e-05 0.000792981602721011 2.7047605574996206e-05 0.0004852149731243438 0.0002393321453378132 5.5439906367214364e-05 3.7531178556461036e-05 9.503809831157359e-07 1.044998051366526e-05 4.305650402980854e-06 4.169212599380827e-07 1.8937402382881024e-06 1.938166413302113e-05 0.0 2.4817412544468035e-05 0.00018745101622689273 7.35225162368629e-05 2.636061258050013e-05 6.918105211259066e-05 8.615305855022561e-07 7.075403554295521e-06 2.0818235137206383e-07 2.9449290330637985e-05 1.1544601885012077e-06 7.776289768958782e-06 6.613712491407906e-08 5.707285687090807e-08 1.652054116078897e-07 4.635207729370374e-06 4.283269328456847e-06 5.082517329564178e-06 8.634087581909775e-06 0.000259515325035754 9.723130568596609e-08 7.156182885476494e-07 1.3934005526594054e-05 0.0002305653857164937 2.9905389129658593e-05 4.429701070359793e-05 0.0 1.536961873156342e-06 1.5154320880793484e-06 6.644608548731632e-06 3.655236539769546e-06 6.716728032517491e-05 1.9591334466341363e-06 3.08943677063637e-05 1.3861225355846622e-05 1.4773349217500241e-05 1.78308207462482e-06 4.3533604797286e-06 8.654045906419904e-07
0.00012174407682376498 1.7580372389961798e-07 0.00023753125730209602 3.388621311601264e-05 0.00018154787108396242 0.003000644969021044 0.0031667200746386087 0.0 2.2181836116187516e-05 0.0014381968803658595 9.654424102853078e-05 0.0008664985196899185 6.750370737788483e-05 0.0033905434462020516 0.00011046613080105275 5.356989283671934e-07 0.00013828371304024426 1.66069472355968e-05 6.702996762557098e-05 0.00017810445256327104 0.00022295927921759846 6.56169001904193e-07 0.00016381876599138144 0.00018624362460693562 2.2747190941654058e-07 0.00012201521348239763 4.604382238240816e-05 0.00036158572369480573 0.0001403985332277844 0.000639959730250213 1.1903715106780531e-06 0.0009495750274595492 2.4048834713861804e-06 0.00041296755692426526 3.0095706352253703e-06 0.00022299878240712465 2.4702473652397985e-05 0.0003937550362815147 0.00014982471854394045 0.00046151132208705354 0.00017426055069936507 1.0821856752625362e-05 4.568583830208905e-06 6.886645510309948e-07 1.7686637610986214e-07 2.0758445070890696e-06 2.243894665058086e-06 2.6381533228113516e-07 7.308720078150619e-06 6.891839250951787e-05 2.1198766763167407e-05 6.612683187985675e-06 1.0279994092226392e-05 3.9619032292972137e-07 2.1058391947391306e-06 0.0 1.15693502968903e-05 2.4893067144626936e-07 3.41147157227246e-06 1.2836814096151464e-07 0.0 4.045978435632199e-07 1.1725239814102276e-06 1.1678554090294774e-06 1.0669699680578062e-06 3.782407403188874e-06 7.167466076614244e-05 8.68840641818673e-08 1.7134806639213303e-06 1.215203794038872e-05 5.5475827927662585e-05 8.266020510664429e-06 9.20789541490347e-06 8.188822922650726e-08 4.991536667127411e-07 5.378875473689976e-07 2.6711660881775162e-06 2.0724139371574786e-06 1.5875498907846998e-05 3.4296843012754953e-07 1.2006957086309531e-05 3.3519599184846218e-06 5.5244655428788136e-06 9.391917628406759e-07 1.4414400363638907e-06 7.009915240146637e-08
5.214413120500446e-07 0.00020024603488178096 0.0 0.00044312135712317705 1.9180541560842296e-05 0.00020401254404518957 5.1913084258885245e-05 2.2181836116187516e-05 0.0 0.00029090607072615747 6.224312627561896e-06 0.00044286393382050605 4.2734894900674216e-05 1.9112874851081775e-05 0.0007631362708696067 6.5985279791842944e-06 3.2645081461233097e-07 2.0312299349847043e-06 9.051268761994077e-07 0.000376417360963694 7.682298757113472e-06 0.0013356181185165768 1.0355176710059052e-06 0.005289677114445387 0.00010066806323888882 1.3076760476128877e-05 0.00017992639476576376 0.0007436384654875211 1.989042042525313e-05 5.70822532726414e-05 7.716161363489032e-06 2.635352986936477e-06 2.627738515660739e-06 9.546460659160375e-06 1.2941925825109193e-06 7.795946278752732e-05 4.377596655611873e-06 2.7815915395039243e-05 1.0641450697563954e-05 0.00026205964950724793 9.2719636798205e-07 1.881102461346308e-06 2.239496474313058e-06 8.21939671748586e-06 1.2883760439521983e-06 0.0 0.00017400104361580537 3.81819970546098e-06 2.6082223837778515e-05 0.00014884207157913937 4.483678369511012e-05 3.338542956510888e-05 0.00022287322479566573 1.223649989940907e-06 0.00012634307899970612 1.0104105277577174e-06 3.4598431231977044e-05 6.879178898224774e-05 2.3589953342168745e-05 2.2724545214759556e-07 3.5787245141453656e-07 6.284818936358422e-07 5.0047396403006743e-05 2.1923165683926234e-05 2.352663541258098e-05 3.53223061903487e-06 0.0014001802188391833 1.1646079424463752e-06 1.937022287467989e-06 2.8880595517155347e-06 0.0004820173605338412 6.341417973569887e-05 0.00012732404671934782 0.0 1.8952234830516034e-06 9.752150839681402e-06 1.9076942005717193e-05 1.488211847961959e-06 9.678223166057619e-05 2.7087262879276965e-06 4.4748891319930656e-05 2.031989376621426e-05 0.00012718727016488034 1.8279214472235958e-06 5.692213155960363e-07 1.1426746682849727e-06
7.008271159282811e-06 1.0298525189801819e-06 5.924084441658201e-06 0.002092944219776319 5.429358782671707e-06 0.0029810334388104343 0.006637837028088814 0.0014381968803658595 0.00029090607072615747 0.0 2.6149017992845224e-05 0.002888469813619835 1.2327059126024107e-05 0.0005932001975489041 1.801693120004226e-05 1.0931610386838392e-06 2.7400474220088086e-06 6.7835253136300445e-06 8.664405191781995e-06 0.0021165980521738 7.404302913016283e-06 2.7811790324072288e-06 5.869196374358137e-06 0.0010623052229006365 0.0 5.5881990500526065e-06 7.896551396449393e-06 0.0028669190024817087 0.00034002136160926573 1.151487451842921e-05 7.406810461115994e-07 4.0440285841309646e-05 8.045594198649524e-06 0.00018356026961362595 6.6068486431647966e-06 0.00046935089705686244 1.760037795238777e-05 0.0003742885305500055 0.00013039167728695733 5.416892060260005e-05 3.0325133716938518e-05 2.518994020832561e-06 4.774800626932596e-06 8.235268761378914e-07 1.5221627941509524e-07 0.0 0.00013424507614956543 1.5051839306211434e-06 5.263216237878059e-05 0.0001597907998894396 6.85203216681249e-05 4.8182235451034274e-05 0.0003181298986235246 3.882305183319803e-07 0.00010903256333564301 0.0 1.7641594990843184e-05 3.9761729375882636e-05 0.0 0.0 0.0 1.8324991847083062e-07 3.598481639261558e-05 3.8864850667376834e-07 8.320523402687217e-07 2.193223247681442e-07 0.00034916503927255344 3.9813621454140257e-07 0.0 9.215379472229245e-07 0.00038746702747877046 3.7252241277516785e-06 4.4719189380372536e-06 0.0 6.007003442586168e-07 7.093360128098056e-07 1.5606826185452595e-06 6.803691652631514e-07 9.911800297570767e-06 0.0 1.1134918889480714e-05 1.6757732542973082e-06 8.336933013864188e-05 0.0 1.4494362354369613e-06 0.0
6.351108499410891e-06 3.5570758024192054e-05 5.4673485880270295e-06 1.1795505804691461e-06 1.7500777315265667e-05 1.3762680461093654e-05 1.808949662503176e-05 9.654424102853078e-05 6.224312627561896e-06 2.6149017992845224e-05 0.0 2.5732265986811014e-05 0.001110122723723669 0.00020897222224260274 8.903535714469578e-07 4.195790100266047e-06 0.0003347456620871831 0.0011024514580879148 0.0009509345721336271 5.503844295257528e-06 2.213470588076446e-05 1.5307227598674063e-05 3.582585655968563e-05 2.0269569581993894e-05 0.00023817367745635642 0.0010826223439554593 0.00021517077419880819 1.4036895322484785e-05 0.0001870195422413938 1.5263830532634493e-05 0.0002335237535313511 0.00012375362348392887 2.9333403009552922e-06 0.0028263602295622867 5.826619699416553e-06 0.0005889702927694735 0.0032605226062720942 0.00260274342998025 0.0005608593543971276 1.051627653516217e-05 1.3398584985952697e-05 0.0006778558316968432 3.0836488590582385e-06 6.178036047697989e-07 2.518526651680917e-06 9.578596385628598e-07 2.1517576533626212e-07 0.0 8.45371785683846e-08 4.794875307611161e-06 1.0916493261686795e-06 1.797583951096556e-07 1.3880705368556534e-06 0.00026605513609704516 6.223745465026759e-08 0.000757760168940656 4.5783468701942546e-07 0.0 0.0 3.326959418936192e-07 3.3580315904008634e-05 7.101353539424755e-06 0.0 0.0 1.1174000271154992e-06 1.3677616755609857e-07 5.701093839495974e-06 4.816036632480185e-05 0.000122143852277817 7.615108889881855e-05 2.8667557576296235e-06 3.257412785960803e-07 1.0563618837725657e-06 0.0001561092155055136 0.0 0.0 1.255697956962827e-06 2.8447031163352865e-06 2.0628037271823407e-05 0.0001797990155108625 4.964076462564258e-06 2.10657815586478e-06 7.328378060192127e-07 2.0852741683231593e-07 0.00029626492626217413 0.0
4.6761018753660403e-07 1.6587879273626528e-06 9.026656235390101e-07 0.001904094091964487 3.5931350889471584e-05 0.0036327624618052467 5.211850828403373e-05 0.0008664985196899185 0.00044286393382050605 0.002888469813619835 2.5732265986811014e-05 0.0 7.815202253878188e-06 0.0003403183671206795 0.0008349131087953719 0.0 1.154746631921191e-06 7.310514290565537e-06 5.248900058053394e-06 0.002522724888232001 6.874416728499666e-07 1.2888099785008616e-05 1.404822035362806e-07 0.0006700384025098123 1.0375347592789487e-06 5.61093640054719e-06 3.913687647821112e-06 0.0006100709929149653 0.00011465851819893012 1.6980763364081193e-06 8.052849948476107e-07 9.835389176956345e-05 3.8443409389201e-07 0.00010786317037039976 1.2241447107535805e-06 0.00017150239861568858 9.819482935550364e-06 0.00019279641929933287 4.773611927911008e-05 0.000593708150826329 1.6554455251185173e-05 3.6574689640884605e-06 1.4965107804178025e-06 0.0 0.0 0.0 4.371647231334472e-05 2.9022382629053728e-06 1.1752730356488943e-05 1.0208932393503549e-05 5.5546496038265e-06 1.0741789958504329e-05 6.19822507806206e-05 0.0 9.993952294231909e-05 9.297491301532681e-08 1.0746869857405907e-06 5.6762617223086494e-05 0.0 0.0 0.0 0.0 1.60471616874907e-05 0.0 0.0 0.0 3.711587328662574e-05 0.0 1.4642377896833466e-07 0.0 3.273165513813067e-05 0.0 4.502459949570297e-07 7.211616626846778e-08 0.0 0.0 1.898952262478615e-07 0.0 1.5842227110246714e-06 9.923825489568999e-08 7.216003855101622e-07 8.117712572297242e-08 0.00014898900086779648 0.0 8.717805733490943e-08 0.0
2.490161887905099e-07 0.0004613824964779044 3.418611372683635e-06 4.164057252752686e-07 2.3178294598361253e-05 3.532259215757001e-05 6.3985086849146266e-06 6.750370737788483e-05 4.2734894900674216e-05 1.2327059126024107e-05 0.001110122723723669 7.815202253878188e-06 0.0 5.3443566486836806e-05 5.337387354182048e-06 1.20402221179204e-05 7.800437520701771e-07 9.952804678597813e-06 2.6644547078352132e-06 2.2663711430091103e-06 6.299316462556904e-06 0.00016565035105322047 1.1058210372380887e-05 6.174001256061955e-05 0.0031239746481678625 2.9893110039443134e-05 0.0011467852035058318 5.446837327416988e-06 1.2980928162764882e-05 3.2328878203870228e-06 0.00014770039860963508 4.458513779341978e-05 7.80425331055427e-08 0.00030999748915155927 0.00012905296538199664 0.0015233083536555744 0.002418416833909075 0.0015062205697350538 0.0004089041301775428 9.625395438766756e-05 0.0001073060154578284 0.000841018965669765 1.566607940721505e-05 0.0 7.977868817244707e-06 1.626631456489926e-07 0.0 1.8638855877694369e-06 0.0 3.4213814401806353e-06 2.0914898655346465e-06 7.957217648473741e-07 6.687541936159242e-07 0.0004248198861222105 8.307132497709382e-08 0.001413456013905141 3.3038412632791955e-07 0.0 1.088596108959154e-06 7.096035174119057e-07 4.889067636411955e-05 1.2951521843371924e-05 0.0 4.628256806216545e-07 6.12438735687866e-07 8.264426257046706e-07 2.5386728613678326e-06 0.00014490403272865454 0.00028102083293913465 0.0002501650378804947 1.5641455154218868e-06 6.340572822125295e-07 5.173309734793948e-07 0.00028039311299809144 7.708649880096187e-07 0.0 1.2050738866308914e-06 2.153766758363401e-05 0.00014017716996512654 0.0001768108820301522 5.899235516145994e-05 3.956342070628033e-05 7.089503494288928e-06 3.5959746809537373e-05 0.0003978240311746257 0.0
0.001631232111913555 2.4005185302211093e-07 0.0003270701155692498 1.9729143102056677e-05 6.337101437999481e-06 0.000919221380538781 0.005459380319794098 0.0033905434462020516 1.9112874851081775e-05 0.0005932001975489041 0.00020897222224260274 0.0003403183671206795 5.3443566486836806e-05 0.0 2.225743355762498e-05 3.54793276417168e-07 0.00032919866437591106 4.232610111190886e-05 0.00014448358022741006 7.748287316971665e-05 0.00032327196007767337 1.446550134197706e-06 0.00025734476254002717 0.00024657745929041434 4.3890959457054447e-07 0.0001827715349431896 7.784450562381362e-05 0.00044352051249711694 0.002967944081624538 0.0019177687735703953 4.334893411032491e-06 6.584745452389704e-05 1.1983085817497706e-05 0.0008397823868710898 7.966957448971985e-06 0.00037357599297914044 4.017379034883222e-05 0.0006663255561842918 0.00016018591765919513 0.00012623558047373393 0.00011377610329580457 7.980420795672283e-06 5.161856457396732e-06 1.3794974875807798e-06 3.46162309479223e-07 3.645188772663581e-06 2.3556613448158843e-06 0.0 4.05668221104782e-06 6.537883590631319e-05 2.238277793128838e-05 4.6907865476412925e-06 8.502663460794373e-06 6.943270938848463e-07 1.307147686340518e-07 4.1444710030960454e-07 1.352739105607525e-05 7.015932307948876e-07 4.390471743183935e-06 5.187480960735963e-07 3.9651535332307164e-07 4.5165915914979833e-07 2.517220091504684e-07 7.639615755937907e-07 1.0762298446249204e-06 6.496985284841865e-06 8.062155849148505e-05 8.587843180178818e-08 4.5131861608877736e-06 1.91291258598278e-05 6.175904683649443e-05 9.746302356128657e-06 1.2159945516905398e-05 7.445232749110079e-08 6.492883180539861e-07 1.25888816561643e-06 3.5782602898890957e-06 5.830184229986112e-07 2.0884901874406423e-05 8.926739387470815e-07 1.2906521907494974e-05 5.27414773943366e-06 4.760621682603826e-06 8.340926233852491e-08 8.148523866257948e-07 3.562899787534607e-07
0.0 6.496748003974015e-06 0.0 2.0664725884158324e-05 0.0010694253131512932 0.0007692900540149431 9.453602548749737e-06 0.00011046613080105275 0.0007631362708696067 1.801693120004226e-05 8.903535714469578e-07 0.0008349131087953719 5.337387354182048e-06 2.225743355762498e-05 0.0 2.0860198160717809e-07 0.0 2.8743508386908237e-07 0.0 5.728995448974406e-05 0.0 3.656616238604836e-05 0.0 0.0005295476889114514 3.7413747032222493e-06 1.0090234552836672e-06 7.421467573393296e-06 5.6874060921097293e-05 4.899864970976832e-06 0.0 0.0 0.00012138619626705223 0.0 1.142291438477672e-05 0.0 7.993228689628039e-06 5.723259672221763e-07 1.1320225529842945e-05 8.530620861411197e-06 0.0009256806179123097 0.00016736078464587136 4.396023346629205e-07 1.090276891843287e-06 0.0 0.0 0.0 2.810549006928888e-06 0.0 8.612463048178933e-07 0.0 9.555030454411014e-08 7.039791150951694e-07 2.189485951242826e-06 0.0 2.735410278740187e-06 0.0 0.0 2.1569459965901757e-06 0.0 0.0 0.0 1.2790069244342606e-07 1.0138209435727395e-06 2.2169483086207945e-07 1.0055446801576836e-07 0.0 1.7056618736543358e-06 0.0 8.130365567754817e-08 7.465009875066397e-08 1.5396153761479876e-06 0.0 0.0 0.0 0.0 0.0 0.0 0.0 4.7172160747506393e-07 0.0 0.0 0.0 4.870437559951173e-06 0.0 0.0 0.0
3.95722279163297e-07 0.00011347056330224771 2.3444743716032916e-06 0.0 0.0 6.924157862014736e-07 1.4574651488625271e-05 5.356989283671934e-07 6.5985279791842944e-06 1.0931610386838392e-06 4.195790100266047e-06 0.0 1.20402221179204e-05 3.54793276417168e-07 2.0860198160717809e-07 0.0 1.3834741606574287e-05 1.3847956590866882e-06 7.47682710713772e-06 5.725854954965767e-08 0.0015670648622926177 0.0010858647202674574 0.00233603240295156 0.0010184885870932643 2.460943034534888e-05 1.0574233435019772e-05 0.0016521635755513031 0.0008108372727439682 1.884988326809132e-06 0.00013725771206073953 2.167260955792864e-06 1.3394141640660998e-07 1.6342461361025808e-06 5.638144745122629e-05 2.6243215684833518e-05 0.0012465741145911786 0.0005594694068339324 0.00029826472661379145 0.0004961603356872563 2.399758680839276e-05 1.3107836119875504e-06 1.1648561312399787e-06 7.554434072233958e-06 7.977982985875512e-08 2.9074135007487345e-06 6.9667171160216955e-06 0.0 0.0 7.60113424073441e-08 2.810186604860856e-06 7.623650401907817e-07 2.3090930883070418e-06 1.4075558621569623e-07 0.0 0.0 1.7807915491079297e-07 1.5297031222860668e-06 0.0 0.001947858036771127 4.997666901559089e-06 2.3699047594998221e-07 4.521603334465117e-07 0.0 0.00037237398869888996 0.000963505366018295 0.0009032274868163138 0.00022706039004021016 1.367984348042596e-07 1.079925553046477e-06 0.00023262777250197928 7.440221492758464e-05 1.844864779388162e-06 6.724693723625233e-05 7.469967301622887e-08 1.6542716145457923e-07 1.1755064731966574e-06 6.158651790603692e-06 2.832213625674741e-06 7.540742686888298e-05 1.53705311232521e-05 1.749536076870738e-05 1.2957165988091798e-05 2.726778081622348e-06 1.4375962599188088e-07 0.0 2.421782735332288e-07
0.00011890511181209931 3.369295192907964e-05 0.0023135772350794527 5.606300814845047e-08 1.7966808105590922e-07 4.948088727196746e-06 1.1886845699498865e-05 0.00013828371304024426 3.2645081461233097e-07 2.7400474220088086e-06 0.0003347456620871831 1.154746631921191e-06 7.800437520701771e-07 0.00032919866437591106 0.0 1.3834741606574287e-05 0.0 6.427084123445806e-05 0.001558873822923105 2.672237540142324e-07 0.00030119294716396904 3.3711429816414243e-06 0.0011848794712882658 2.0647965144420758e-05 9.534294978634091e-08 0.0018691423325656242 0.002518147388315862 0.0001042904909007284 0.0002833110840217398 0.0009058296412410365 4.362403770228337e-07 4.393419249249428e-06 1.4345604626518297e-05 0.0022913730622347423 7.75771791175356e-06 0.0004474675864980806 0.00025895543820614363 0.0017088292220039398 0.00029736717812689777 9.291005302051917e-06 1.7391888641369757e-06 0.0 1.3686020868446632e-06 2.0683827070906543e-07 3.849671360980842e-05 0.00018468725760827044 8.222115658111218e-08 0.0 0.0 2.563176482328372e-06 1.726577322765581e-07 1.6043276005562777e-06 0.0 5.252299387368162e-07 0.0 5.508439012201016e-07 6.965737545597918e-07 0.0 5.24600273638301e-06 9.10896321983667e-05 1.6082789582172464e-06 3.616262315692751e-05 0.0 2.0057748194802242e-06 8.275668687562583e-06 2.6584438896444597e-05 5.899507947420153e-06 5.477799695405319e-07 0.0003541268764406409 0.0009701364798755416 1.787942232642844e-06 9.34538423856918e-07 4.428370406098243e-06 7.27187485597856e-07 0.0 9.088789298363484e-08 2.4695284525741385e-06 3.4135149556407365e-06 3.3098412539027225e-05 5.5253398386740054e-06 2.7064408026760898e-05 6.880541828914446e-06 8.344986323542795e-07 0.0 0.0 1.9333691740252612e-07
4.322329281191041e-06 4.760301746544149e-06 1.0095210184071439e-05 9.000339363988705e-08 1.2057910219842293e-06 2.5099825661979814e-06 5.039002632532654e-06 1.66069472355968e-05 2.0312299349847043e-06 6.7835253136300445e-06 0.0011024514580879148 7.310514290565537e-06 9.952804678597813e-06 4.232610111190886e-05 2.8743508386908237e-07 1.3847956590866882e-06 6.427084123445806e-05 0.0 0.0005768942299952744 1.9135606288776224e-06 7.812447186639248e-06 4.7772329009198465e-06 1.6034092112445725e-05 5.690098749544823e-06 1.4082864382177219e-05 0.0018061955441992126 0.0005983233050906637 3.465216564351713e-06 3.8568399679391865e-05 1.1000510193209706e-05 0.00010546088997455042 1.670564257440623e-05 1.835586584053514e-06 0.0005668040228685049 6.0430287101756905e-06 0.00040350817828904164 0.0007994799149433638 0.0010855336573000857 0.0002802188778676459 4.525665800188362e-06 2.1839734754548277e-06 1.2883826110294633e-05 1.4123171444660114e-06 0.0 2.174709665288295e-06 3.0192054636795954e-07 0.0 0.0 1.3070600360230738e-07 2.9608364535575244e-07 0.0 1.4368577551502167e-07 0.0 2.6580801190012954e-05 0.0 8.070907620744114e-05 1.2923134529604988e-07 0.0 0.0 1.35063756151644e-06 5.128014419331374e-05 4.712414614171006e-05 0.0 1.1533062499982684e-07 3.473532773890503e-07 1.8208256207832265e-07 1.907140121595002e-06 9.218092872084676e-06 0.00025639602736895583 0.00015646418434050663 7.347472337099242e-07 0.0 7.216504111723819e-08 8.019309055968587e-05 0.0 0.0 6.215765069797002e-07 2.274111514268269e-06 4.308812545675425e-06 2.9132330810264505e-05 1.733462699156835e-06 1.9959223335116186e-07 2.6046523496413877e-07 0.0 2.17630289706304e-06 0.0
3.9228288824661796e-05 2.2753533555731542e-05 0.00016793186468888111 6.271612359948566e-08 5.243185688911108e-07 4.0034988754565975e-06 8.276914651458237e-06 6.702996762557098e-05 9.051268761994077e-07 8.664405191781995e-06 0.0009509345721336271 5.248900058053394e-06 2.6644547078352132e-06 0.00014448358022741006 0.0 7.47682710713772e-06 0.001558873822923105 0.0005768942299952744 0.0 1.1903190742600739e-06 8.04136905254819e-05 2.3230859976892686e-06 0.00021770021927741503 8.637930698621284e-06 2.8361299281691347e-06 0.0033788699563159436 0.000518515045769599 1.7833928031848224e-05 0.00014513430185385254 0.00013817271534693026 5.87425011209536e-06 1.4265290615842609e-05 1.2259515082064382e-05 0.0023611980147403523 1.2229360381740857e-05 0.0007927565388540145 0.000844994081948798 0.00263289952626529 0.0006061102468980369 1.2547146414349366e-05 7.931547762409314e-07 1.5980730881928952e-06 4.10262047159928e-06 0.0 1.4661146711792192e-05 8.161049567858919e-06 0.0 0.0 0.0 1.1403002077923353e-06 7.415380549030394e-07 4.860049434807212e-07 1.1983857953797265e-07 1.1695506743056195e-05 0.0 2.6141360460312795e-05 8.554741767454247e-07 0.0 1.4508436703644984e-06 3.1833758817872034e-05 4.3373432190515526e-05 0.00018188882805587412 0.0 4.35165130349885e-07 1.3442071731114452e-06 1.9553695822781334e-06 1.9243493313495504e-06 4.286354282323476e-06 0.0008624071043862895 0.00048660374030512883 9.527530427734198e-07 3.673896786392227e-07 3.1552358892394193e-06 2.811424097876648e-05 0.0 0.0 1.8662049084245694e-06 4.760553958224422e-06 8.968955252633672e-06 1.5955005513759224e-05 6.2990332185967256e-06 1.9155549340206144e-06 8.727718800858924e-07 0.0 9.437341921782685e-08 0.0
2.355442010685358e-07 8.125257840993541e-08 1.4913183150955235e-07 0.0019453516707949262 3.351433262598734e-06 0.0003214081337766382 1.709004382051091e-05 0.00017810445256327104 0.000376417360963694 0.0021165980521738 5.503844295257528e-06 0.002522724888232001 2.2663711430091103e-06 7.748287316971665e-05 5.728995448974406e-05 5.725854954965767e-08 2.672237540142324e-07 1.9135606288776224e-06 1.1903190742600739e-06 0.0 6.02410710985038e-08 9.599252346148665e-07 8.45125848913113e-08 0.00020375715695314438 7.127998620837698e-08 1.1913599354208256e-06 8.008659108859973e-08 0.002339431899744408 2.679406996817668e-05 3.377164697341086e-07 1.7128163717390014e-07 2.082145697834863e-05 3.495369062256395e-07 2.5750052389035163e-05 1.912238850185605e-07 3.9876390500277204e-05 4.8968282867898326e-06 4.3039160899099246e-05 1.2862132840262217e-05 0.00016219454527577017 2.9872468335120707e-06 0.0 6.273915722987898e-07 0.0 0.0 0.0 3.0944396741657174e-05 4.593761272285548e-07 6.722455488194444e-06 1.5876415069441804e-05 1.7695172480040753e-06 1.0464985880941815e-05 6.364081194316934e-05 1.3230090703279555e-07 5.996129844804511e-05 0.0 1.1929082507482334e-06 2.7681176102802955e-05 0.0 0.0 0.0 0.0 1.0561286833320566e-05 0.0 0.0 0.0 4.522206431150205e-05 0.0 0.0 0.0 4.750239068467373e-05 0.0 1.3232892537196068e-06 0.0 1.7305500101585814e-07 0.0 0.0 0.0 8.226768714352018e-07 0.0 9.239741101659683e-07 4.4319460876532923e-07 8.638169988452264e-05 0.0 0.0 0.0
5.901337656973536e-05 1.3898017278490612e-05 0.00022802741501998353 6.25262691427884e-08 2.7290979925654144e-07 2.9085610204904526e-05 0.0005407581016840403 0.00022295927921759846 7.682298757113472e-06 7.404302913016283e-06 2.213470588076446e-05 6.874416728499666e-07 6.299316462556904e-06 0.00032327196007767337 0.0 0.0015670648622926177 0.00030119294716396904 7.812447186639248e-06 8.04136905254819e-05 6.02410710985038e-08 0.0 0.00010711539789772508 0.006027669030196461 0.00014736238272998809 5.1624651385032905e-06 3.153347410321805e-05 0.0004635828851018338 0.002274777650470416 0.00025530843938249896 0.0052814968467244814 3.5259882398167316e-07 2.204823873843778e-06 3.54861485626341e-05 0.0016648110458146216 0.00011732482050303515 0.0032006218384090564 0.0003546816102946957 0.002875489250532795 0.0017795156323160229 5.2423449611537314e-05 8.78356803052798e-06 7.418080446669411e-07 1.8743997512920565e-05 5.653116054769614e-07 8.875502940532237e-07 2.0891287782879527e-06 0.0 0.0 0.0 3.2131384826071835e-06 2.4654647864334167e-07 1.883573059405577e-06 9.604134473790687e-08 1.2522369202372497e-07 0.0 1.0803257285818166e-07 1.0701852763495676e-06 0.0 0.0004062375543369859 4.743906350393475e-06 0.0 4.560486344671098e-07 0.0 0.00032176144735001944 0.00013862828338285143 6.335604403316201e-05 0.00023754410168477474 8.119987413020484e-08 4.901730955459838e-07 1.2718972996414273e-05 8.866156907224963e-05 3.3831840469286124e-06 9.725635839871437e-05 0.0 0.0 7.410361663083232e-07 7.825867303429164e-06 2.5803613365051813e-06 7.510617559990215e-05 4.628218685521041e-06 1.4532643489141677e-05 6.935376557003221e-06 2.801115650194713e-07 0.0 1.6423624810918267e-07 2.1003533959973808e-07
2.723197593436988e-07 0.0017014261355305018 8.565093825509462e-06 4.298523851805553e-07 4.392342479732821e-07 5.360972377990005e-06 2.9385188265536286e-05 6.56169001904193e-07 0.0013356181185165768 2.7811790324072288e-06 1.5307227598674063e-05 1.2888099785008616e-05 0.00016565035105322047 1.446550134197706e-06 3.656616238604836e-05 0.0010858647202674574 3.3711429816414243e-06 4.7772329009198465e-06 2.3230859976892686e-06 9.599252346148665e-07 0.00010711539789772508 0.0 0.0001492508947086873 0.0034169968015784783 0.0005051761422915468 4.406940415892865e-05 0.0030079104659250363 7.026867319485498e-05 3.0684174214241544e-06 1.696974746524031e-05 2.6469838700677603e-05 0.0 5.824608737240965e-07 1.1682272457836312e-05 4.810262615982371e-07 4.8775356235332045e-05 1.2716135393033175e-05 3.0565597233788855e-05 1.8575676794741324e-05 1.9628689414544562e-05 0.0 7.491155116530978e-06 0.0 7.898614556943628e-08 4.163776394746253e-06 4.355305169434683e-05 2.8877801371863166e-07 0.0 8.26434604733346e-08 4.1332702151616596e-06 1.6411673414832468e-06 6.365206380837133e-06 6.247810363161814e-08 1.1510118256047793e-06 0.0 2.8357145986032463e-06 1.8641684745806138e-06 0.0 0.0007212211306720396 3.613752150484522e-06 2.1205638627421442e-07 1.2876956751044009e-06 0.0 0.00011454078921421694 0.0003577212294478623 0.00023813426362352626 0.00017921609357761907 5.810953155090625e-06 8.171028856604257e-06 0.0009349854405800494 3.402263823586271e-05 3.490719051702915e-06 3.7077625371671214e-05 3.9872152222997577e-07 0.0 1.0009717542636871e-06 3.5383409969741456e-06 2.3974075143981786e-07 4.00893949187342e-05 8.421805045911588e-06 1.4143206516522335e-05 8.15355682982825e-06 5.741380718099879e-07 0.0 1.414432131248679e-06 0.0
6.259244524654767e-05 8.047332313869198e-06 0.006856261475599527 2.614119576005868e-07 3.4764308892253353e-07 2.296989737226079e-05 0.00036102991450975115 0.00016381876599138144 1.0355176710059052e-06 5.869196374358137e-06 3.582585655968563e-05 1.404822035362806e-07 1.1058210372380887e-05 0.00025734476254002717 0.0 0.00233603240295156 0.0011848794712882658 1.6034092112445725e-05 0.00021770021927741503 8.45125848913113e-08 0.006027669030196461 0.0001492508947086873 0.0 9.825282818068569e-05 1.4389459309557605e-06 0.0006435388489774896 0.006148520491410856 0.0006084295336438566 0.00015700511592337953 0.0026383758868089523 3.924485770097953e-07 2.080216477144906e-06 1.1547727682835346e-05 0.001671860262559277 0.00011080079711414584 0.004393610229395135 0.0013629716334664843 0.005332002488506097 0.004750567907329021 0.00017717175879912553 1.5332977114084612e-05 1.5423328484941192e-06 4.3029915214244537e-05 4.2432575240297114e-07 1.26319589795999e-05 0.00021257285045202763 0.0 0.0 1.0837726132782105e-07 8.98158355520612e-06 4.8531725754275624e-06 8.869871841671728e-08 1.6968597480178398e-07 3.6807172410316585e-07 0.0 0.0 6.267772065706249e-06 0.0 0.001092475764910389 1.4368945801885095e-05 6.19005341714101e-08 8.714722595131736e-07 0.0 9.78127213234542e-05 0.00040278860887101156 0.0009910019672641588 4.6671493637097914e-05 8.579263667499098e-08 7.117909593101258e-06 0.0010403716961852863 1.3605290526203692e-05 2.2522606770409697e-06 2.16676905348106e-05 0.0 0.0 4.648021233541697e-07 2.1688704576887873e-06 1.2237859074577783e-05 8.651189194575144e-05 1.2010130836346648e-05 2.5612970789637173e-05 2.6291568932368488e-05 2.244222160771627e-06 1.4001853583720471e-06 0.0 2.7051056651232967e-07
2.7961175542877576e-05 0.00047562740972928967 1.618216929783515e-05 0.0004352924361759437 6.371110951664313e-06 0.000353673377329202 0.0010002386816966844 0.00018624362460693562 0.005289677114445387 0.0010623052229006365 2.0269569581993894e-05 0.0006700384025098123 6.174001256061955e-05 0.00024657745929041434 0.0005295476889114514 0.0010184885870932643 2.0647965144420758e-05 5.690098749544823e-06 8.637930698621284e-06 0.00020375715695314438 0.00014736238272998809 0.0034169968015784783 9.825282818068569e-05 0.0 0.00014427368850139215 2.6683185138907536e-05 0.0012967542912596637 0.0032882803794763897 0.0006974107050398828 0.0009640187795930314 1.200407650599859e-05 1.2938070012246723e-05 0.00021637416366161933 0.00025540502430305664 6.896169039230347e-05 0.0017711147330811599 4.93361496827223e-05 0.0008270767978846934 0.0004334949148152096 0.0002570775792430582 2.9858453590045364e-05 7.574650139273477e-06 1.7546169499954282e-05 3.3213003210820846e-05 4.515920999604101e-06 6.991782939114571e-06 0.00019882763597097898 2.503064049355633e-06 0.0001149296095988477 0.0007807086646352024 0.00025669078574845633 0.00043995197083672693 0.0005252459680453196 4.902080103331593e-06 0.00010527342460161322 1.080491202658761e-06 0.00017625348177853866 4.869633234109731e-05 0.00021201334668456288 4.875731386144231e-06 7.772589273748525e-07 1.6196925573524796e-06 6.35697098469261e-05 0.00020044117844236778 0.00016262090383596266 4.9603065445326797e-05 0.00274841819095349 1.8474659997343154e-06 2.996463073415769e-06 4.456714500371641e-05 0.0016521827719182599 0.00026360823897131623 0.0005273401623423014 2.2407956434891218e-07 6.495865215969232e-06 3.197111499540652e-05 9.045420093418311e-05 1.5651958946035273e-05 0.0005297465203083006 1.5575336219101848e-05 0.00021641335824960624 8.51499604796193e-05 0.0001635549162438257 5.098283959937365e-06 4.468197847234579e-06 4.1667177895955e-06
