0.0 5.398294338745772e-07 0.00020465745994460068 3.523063757731357e-06 6.140312520103499e-08 9.85719435829355e-06 0.0023437622990281587 0.0002334856709509439 5.591800010886326e-06 4.134583458619154e-05 2.4607050641338974e-06 8.43037867657583e-07 1.3276510129333133e-07 0.0007324095739219915 1.4787402833390652e-07 8.882251739576853e-07 0.00027413085918876205 4.567623243381172e-06 3.116304863786531e-05 3.0156978013653993e-07 7.485921501584959e-05 4.4488689550363226e-07 0.0001803872274392208 0.00011285878095234748 5.472747961348071e-08 3.9298409202272926e-05 6.763671667184332e-05 0.0001461383624964951 0.0022018441013220004 0.0026927626390619887 1.1424032340306075e-07 4.026920975547548e-06 0.00010954732773493405 5.78355965597485e-05 6.122441929510458e-07 3.127740078468724e-05 4.037256004909086e-06 4.8375902706595384e-05 9.74061922016808e-06 2.780498732872518e-06 8.186614082244187e-07 1.206475402524202e-07 5.966986459629647e-08 0.0 2.3262626545388622e-07 2.7165765792084686e-06 3.4768795013571865e-07 0.0 7.502862373218342e-08 2.1582614471376917e-06 6.576438897233975e-07 1.7528441734652314e-06 0.0 2.7763528945417616e-07 0.0 0.0 9.887328842679062e-07 0.0 1.4907743552914092e-06 6.109567216708896e-07 0.0 8.592174149861743e-07 0.0 5.725199537559001e-07 1.0661862447021688e-06 2.056453304250759e-06 1.2127446001905488e-05 0.0 1.2868498160733907e-06 1.0612883813432046e-05 7.920934404484027e-06 3.675852137587955e-06 5.425452916128286e-06 0.0 0.0 0.0 4.572707696400066e-07 0.0 7.4667515324159975e-06 9.139626268377197e-08 2.0889108789728863e-06 5.600199198494061e-07 3.710585289036001e-07 7.370637185860425e-07 0.0 0.0
5.398294338745772e-07 0.0 0.00021097530715941457 8.339647785919032e-08 0.0 3.9335252251264843e-07 1.5226598420711604e-06 9.401737114737723e-07 0.00017261284763269084 9.482381404067429e-08 0.00021197454754807166 2.3414274240409757e-06 0.0003025287120772892 5.74569199690983e-07 6.818112123804593e-06 3.942265942898441e-05 0.0002708073154122128 2.217985258235788e-06 1.1582121097684569e-05 0.0 3.159479999954672e-06 0.001315118208255786 2.800303063903783e-05 0.0002775742440875041 0.0010427600621535445 0.00018636855115594997 0.003270032249429076 4.715776393284146e-06 1.662513526117822e-06 1.4940173729346483e-06 2.1981075908132097e-05 1.562409029613101e-06 4.0441240545922944e-07 2.8512837665058785e-05 3.998601249381257e-07 7.609174916718171e-05 6.608972935009484e-05 0.00016734666620896668 1.3112338856119572e-05 1.020819344690304e-05 1.0740872103858832e-06 7.382571690794581e-05 0.0 3.13872505285788e-07 8.477895281644942e-06 4.4443744482768044e-05 0.0 0.0 0.0 3.35848832512028e-07 0.0 1.971362955902521e-06 0.0 1.9012678725248488e-06 9.504741312125643e-08 3.558466584127601e-06 6.09526957895946e-07 2.575124085324169e-07 3.329197929651824e-06 2.1789566843971346e-05 1.927107110266149e-06 5.414242824458042e-05 0.0 5.875475551078116e-07 1.623261606311599e-05 1.8997096562836422e-06 8.320587697884752e-06 3.52432476198664e-06 0.00021809342052201387 0.0012805325512954989 1.0231319265387307e-06 7.13552910433216e-07 2.6430088187218135e-06 1.2746329296655864e-06 0.0 0.0 2.326941255302558e-06 0.0 1.0532224036451376e-05 7.613995462170367e-06 1.8553687871207575e-05 9.170314979522658e-07 1.3858922217210628e-07 0.0 8.417120330409399e-07 0.0
0.00020465745994460068 0.00021097530715941457 0.0 9.147076387251784e-08 5.6957772988650496e-08 1.2579991533649287e-05 0.00016743273722219322 0.0001597805750971228 1.1095034231175156e-06 5.420988284345455e-06 5.759557742671814e-06 2.88813543327953e-07 1.0277845830845176e-06 0.0003022540895490479 0.0 1.9255500306456424e-06 0.003279458599678241 1.611534359386387e-05 0.00013011383631495704 1.5174598883311246e-07 6.55513674797971e-05 9.798640440317473e-06 0.005546766646306566 1.2282955633195371e-05 1.263090135744415e-06 0.0022188858629857366 0.001143259709481875 6.147919784908594e-05 0.0001510131489641981 0.0007536365834884481 5.148660578970466e-07 3.827707743458586e-06 3.9808627216967024e-06 0.0002217999020467879 1.1917896622937158e-05 0.001000022530346725 0.0009266964041884233 0.0009383695319314528 0.000217191655139059 4.319337558737638e-05 3.305544093543756e-06 1.7228059006789796e-06 8.978120862604238e-06 1.4343112701960314e-06 0.00016699498446500955 0.0010179287467873806 0.0 0.0 0.0 1.4688612585612587e-06 3.7424265717770963e-07 1.213321541216771e-06 0.0 3.416042355956193e-07 7.123782177153822e-08 0.0 2.098360179938864e-06 0.0 1.105599755676494e-05 8.694409397557178e-05 2.1837700094424565e-07 1.4007603150727263e-05 0.0 2.6775629953910486e-06 9.882434949851402e-05 0.0001548906595679554 1.1630629055687157e-05 3.353487528340057e-07 9.621886121680568e-05 0.0019826367599864807 2.9608843970475646e-06 9.763658827404963e-07 2.9739003087046694e-06 0.0 0.0 0.0 6.7906471316290564e-06 1.855720118967016e-06 8.591849802728106e-05 1.3847211738306172e-05 4.9821801509631576e-05 3.512332473261889e-05 5.338847404629646e-07 0.0 4.0397559925875164e-07 4.552413477071343e-07
3.523063757731357e-06 8.339647785919032e-08 9.147076387251784e-08 0.0 7.657538302776142e-08 7.154602437340599e-05 4.638651055375499e-05 3.130883495186186e-05 0.0005903860037498238 0.0016895974675886069 1.7622539792497395e-06 0.001839196830517707 0.0 2.0265671371030533e-05 3.93534200251895e-05 2.558103572397588e-07 1.0432640723519107e-07 3.3011286182183455e-07 4.857766293852316e-07 0.0017320026976122675 2.744679191718172e-07 1.2896676659390352e-06 9.055693611193466e-07 0.0006354722422530509 4.0346501300282926e-07 2.1603196618697275e-07 1.797970813829396e-06 0.0020639550257672166 4.2186309450581884e-05 2.9105628222221716e-07 0.0 5.498372301365578e-06 3.5354095359714083e-06 1.0955679771953136e-05 2.6316406727796435e-06 4.982661879470162e-05 2.507791486922325e-07 1.901015214160082e-05 8.081564607542195e-06 0.0001826574585329215 1.7863207381964303e-06 0.0 5.544584013338087e-07 8.22501605428346e-07 8.842738553653133e-07 0.0 5.1688455996145e-05 8.461717028535715e-08 5.8039321025068995e-06 2.5871664498319058e-05 7.95457364447114e-06 4.628292415823132e-05 7.043754337881394e-05 3.9509699650143667e-07 0.0001552001165788129 0.0 6.129127933628678e-06 2.0869385698423354e-05 0.0 0.0 1.0639583535127647e-07 0.0 4.9999052999534706e-05 0.0 1.1547441314876536e-06 0.0 0.0001988153688967528 1.6093318888622116e-07 0.0 6.916392358412809e-08 0.00016266105767277997 2.7342524781373036e-06 3.2841770188913546e-07 0.0 5.749755415912678e-07 7.967170974064702e-08 1.2475191628378161e-06 3.6978504569920267e-07 7.85676785349087e-06 0.0 9.107221107151645e-06 1.4689344846335042e-06 6.810818881032486e-05 3.007829234147355e-07 0.0 0.0
6.140312520103499e-08 0.0 5.6957772988650496e-08 7.657538302776142e-08 0.0 0.00038538414371193976 6.949392230153245e-07 1.4527189584840377e-05 1.0845894242355414e-05 1.1176914810423493e-06 5.869725515900688e-06 5.6905282846595095e-05 3.940847966071186e-06 1.4144246535569406e-06 0.0013416212264494368 0.0 5.98955888710448e-08 2.2712804907013667e-07 0.0 1.849072721746861e-06 0.0 6.648827451950018e-07 0.0 4.354292991168311e-06 9.76232248621042e-08 1.5153531284334733e-07 7.433780525110483e-07 4.6036928363138236e-07 1.0452124121576981e-06 6.132370024782776e-08 0.0 5.36690022073582e-05 0.0 3.053405946699311e-05 6.420851713072041e-07 6.630295715839752e-06 1.0040518998850274e-06 3.745028117947795e-05 1.7027989732163553e-05 0.002087516158494019 8.901612813368804e-05 1.5769919257282414e-06 1.8860330862324654e-06 0.0 0.0 0.0 0.0 0.0 0.0 0.0 0.0 0.0 0.0 2.0699454217754667e-07 5.50401257623397e-07 0.0 0.0 6.821290635835245e-07 0.0 0.0 0.0 0.0 0.0 0.0 0.0 0.0 6.480338046855291e-07 0.0 0.0 0.0 9.550841310520775e-08 1.5673313661349969e-07 0.0 0.0 0.0 0.0 0.0 0.0 6.918811306945609e-07 0.0 0.0 1.7797776187619337e-07 1.5475195897605759e-06 0.0 0.0 0.0
9.85719435829355e-06 3.9335252251264843e-07 1.2579991533649287e-05 7.154602437340599e-05 0.00038538414371193976 0.0 0.0015043439709297964 0.0027354282004615656 6.346065093557059e-05 0.0037360987172665155 5.0691737162305325e-05 0.003705588583082622 1.4579676168986447e-05 0.0005355101732621955 0.0008096539074455262 0.0 1.8141280497234585e-05 3.529827711106161e-06 3.0754679369206e-06 0.00031595022851705127 4.607854783138788e-06 2.558097841536915e-07 1.4689268372775088e-05 0.00029320470553904367 6.742286423315742e-07 6.362221311984566e-06 8.070905469355308e-06 0.0009891918577813181 0.00015552306121085734 2.0347315986866386e-05 3.612168979916828e-07 0.0010127217862606881 1.928444034098194e-06 8.612759938666486e-05 5.673187091394978e-06 0.00011585421892432396 1.0214909953527188e-05 0.00014794780949254176 5.13003577368287e-05 0.0009066794346246052 0.00016045236807113556 9.273189554393597e-06 7.732626914292416e-06 2.821308344546196e-07 0.0 1.8894227852546237e-07 9.53262308114361e-06 0.0 1.7509997293877247e-06 1.3392660367121171e-05 3.23427834815359e-06 4.0892180959106644e-06 1.0638980839613563e-05 8.967818408409905e-07 1.3028141948950213e-05 0.0 3.900252750670994e-06 4.6632755154164185e-06 3.7590919623706555e-07 0.0 0.0 6.190387825518632e-08 8.347053977746563e-06 6.471192834908046e-08 1.5602862280812836e-07 3.498914899429811e-07 5.953068104566686e-05 0.0 1.2138823489150554e-07 1.2977289476743532e-06 7.105050970796693e-05 3.0143580216544528e-06 4.092905408078994e-06 0.0 5.7275716363058006e-08 3.5210006813191836e-07 2.6536651010297974e-06 0.0 1.4066357562863975e-05 0.0 5.6525948911898574e-06 2.0384874142204483e-06 2.5684259919553593e-05 1.148564979014484e-06 3.870499607306081e-07 1.8560746873168393e-06
0.0023437622990281587 1.5226598420711604e-06 0.00016743273722219322 4.638651055375499e-05 6.949392230153245e-07 0.0015043439709297964 0.0 0.0017408017683495712 0.00011257480302806802 0.005452343464858316 1.4123841362002341e-05 1.5329951608411626e-05 2.2557163613975543e-06 0.004331372357960079 2.2979755895026884e-06 7.635727998583592e-06 3.1797641272377506e-05 3.4550920967287413e-06 6.304239353006501e-06 1.5358948077587612e-05 0.0002472740668518385 2.5859206485948448e-05 0.0003404454105182466 0.0015350750727358745 6.014098480262412e-07 2.9244195318495904e-05 0.00029297273739607797 0.00977389651216653 0.0007314314773814121 0.004269503122480668 5.143017639251861e-08 2.840417361236183e-05 4.609379859723011e-05 0.00015343958934131387 4.129238734264662e-05 0.0008728055670981836 1.9915696597354826e-05 0.0003458201120784291 0.0001661248554005638 0.00010724028025507072 3.2797954783798456e-05 1.5850700705210882e-06 1.1376258839855873e-05 6.442123163538394e-06 0.0 2.4933909897752473e-06 4.998151734909369e-06 0.0 3.2059786561210672e-06 7.108190588431101e-05 1.616456823419932e-05 5.804725841992372e-05 1.0034606660922878e-05 1.4662173689713354e-06 3.1154579877609e-06 1.95985406002223e-07 2.1450248744212442e-05 9.022548223349113e-07 5.568800228355407e-06 0.0 6.800825732372816e-08 6.994847841022893e-08 6.602868542568935e-06 1.8940836321554557e-06 3.5919543956728698e-06 1.2298728370603392e-05 0.0002912910438636663 0.0 7.18044821112849e-07 1.5053591750654475e-05 0.0002018612281175488 4.125312802429927e-05 8.694222163175426e-05 2.1881959531400288e-07 6.777935910731057e-07 3.744234787263717e-06 1.4875443610290484e-05 2.2297456481609862e-06 0.00014054215158542044 1.3299937887763378e-06 5.022515806609617e-05 1.5223448854303067e-05 3.115633329174044e-05 8.05847219042422e-06 0.0 1.595766970304091e-06
0.0002334856709509439 9.401737114737723e-07 0.0001597805750971228 3.130883495186186e-05 1.4527189584840377e-05 0.0027354282004615656 0.0017408017683495712 0.0 1.1473571495050968e-05 0.0011438022583046532 7.649546922736309e-05 0.0007521042377754819 3.061867063897763e-05 0.0051894294784953065 0.00019637873829479749 6.882839506374621e-07 0.00023575489577714633 1.0296346756415756e-05 2.7034553307504112e-05 0.0001311879464201313 5.3954876955781734e-05 1.322952184753373e-07 0.00013693927869190954 0.00030295720410986515 2.4582202107033607e-07 4.133095516101804e-05 7.18581606762452e-05 0.0004298314162367066 0.0004411583091872265 0.0004417438384502104 9.335409757055054e-07 0.00028680975498088674 4.926087293794391e-06 0.00013321445761543794 4.050639240856729e-06 0.00011704834554468197 1.5166526550566266e-05 0.00022457797413267145 9.154918814581588e-05 0.000350833125487171 0.00029162855072490957 1.3441447952918854e-05 1.1010182683015433e-05 1.3144194680919623e-06 2.8896106045738715e-07 2.9055511272552356e-06 4.897561142026667e-06 0.0 1.0215603430650048e-06 2.8393459687146913e-05 6.316974022676089e-06 5.754865304401523e-06 5.012898161133806e-06 1.0020671500111e-06 2.7978746594508727e-06 0.0 8.97267710849975e-06 9.297282245484831e-08 1.8537621131095606e-06 4.490332830418705e-07 0.0 9.077290025338559e-07 7.847352383705727e-07 2.8854227781372514e-07 1.8994174396979387e-06 4.423389801598244e-06 9.064750634507606e-05 0.0 1.178523573734516e-06 9.919039867732784e-06 7.510983565848704e-05 1.0133756262319433e-05 1.315638093826499e-05 5.754112207224799e-08 6.320451188959266e-07 1.0261831466024042e-06 3.57634249964535e-06 1.1454978032795538e-06 2.5082687816534554e-05 3.837819374319665e-07 1.5257330972941206e-05 6.667599201280982e-06 6.399693771852736e-06 3.854664331880971e-06 9.836453747899872e-07 0.0
5.591800010886326e-06 0.00017261284763269084 1.1095034231175156e-06 0.0005903860037498238 1.0845894242355414e-05 6.346065093557059e-05 0.00011257480302806802 1.1473571495050968e-05 0.0 0.00025429816959042365 1.04502262372237e-05 0.0004044877185390068 1.791560689523388e-05 1.5283862369707412e-05 0.0004876766362773798 0.00021447875914303325 5.271725147917361e-06 3.738910927540219e-07 5.827275717575315e-07 0.00030796399383973443 0.00011238069015213633 0.0013655451220789627 2.910394493472204e-05 0.005559110347787777 0.00017720996904389412 7.820731833850324e-06 0.0004375847563392244 0.0007752277177295165 4.9073061874006647e-05 8.642156327835802e-05 5.0734887076000504e-06 1.4040931630018674e-06 7.166566332993716e-06 1.8326421665413764e-05 5.22225748565936e-06 0.00014513828064556539 7.992294269709307e-06 3.059863476207231e-05 1.4369367556044754e-05 0.00032337691433216326 3.069704085593234e-06 2.303426898791831e-06 5.493852237832889e-07 9.400965965349877e-06 2.226823429771057e-06 3.1035931958813956e-06 0.00010588124882088443 3.3414661884498416e-07 8.845054012393615e-06 9.059512859236201e-05 1.646090937286244e-05 8.836988035173125e-05 0.00011753809572362327 1.2276176793909976e-06 9.590080564169767e-05 1.5409358815053638e-07 2.5000147524484163e-05 1.867196676555675e-05 0.00020999601967912741 6.745065222141614e-07 4.069571750380997e-07 5.557937014219963e-07 8.897369679350979e-05 0.00016238732676616927 2.305989102604012e-05 2.8621066301288962e-05 0.001352889912951226 2.0170242998946054e-06 2.5171557466916354e-06 8.535928183198667e-06 0.0005568583846195427 7.336610643802472e-05 0.00026992121060894696 4.7366543437538445e-07 7.237389803987181e-07 7.826772304270932e-06 1.6340632838978543e-05 1.6683975201634755e-06 0.00012977817355871535 2.1456489785205156e-06 4.636622012634574e-05 1.5448747574440718e-05 9.17300056255669e-05 4.491989388229056e-06 1.0624010876392866e-07 1.8552342088420073e-06
4.134583458619154e-05 9.482381404067429e-08 5.420988284345455e-06 0.0016895974675886069 1.1176914810423493e-06 0.0037360987172665155 0.005452343464858316 0.0011438022583046532 0.00025429816959042365 0.0 4.046710774071289e-05 0.0024863111288044477 4.879940159070229e-06 0.0005971859705790048 1.2281701448664291e-05 3.8236194477447e-07 1.496208882710215e-06 6.526809419349162e-06 3.0466635184371935e-06 0.002379849125332228 3.363237795005699e-06 4.3427518496453e-07 8.179412931060087e-06 0.0006080291595208225 2.239255533875709e-07 7.3928132144782395e-06 1.120004198043573e-05 0.003556122453332412 0.0005803985820968202 3.1266122436556097e-06 4.5549667187725743e-07 5.987776352320892e-05 1.5437094943799037e-05 0.00017196773373972374 2.4140701209371274e-05 0.0004759674764833305 1.1962704890112364e-05 0.00027166724564597666 7.309579530790326e-05 0.00013204857203652913 3.165924588224051e-05 1.8531089478158173e-06 7.6121364903610575e-06 8.58029612924552e-07 3.272662430356128e-07 5.229278363069559e-07 0.00011567044924423026 6.813102191077313e-08 1.5833795778968358e-05 0.0001076712473914505 3.047108099505317e-05 5.9942924476431005e-05 0.00015575435948068258 1.3874592491605535e-06 9.498454870299531e-05 4.504103754315142e-07 2.324540941618379e-05 1.4258954406464741e-05 1.635113216256413e-07 0.0 3.340789946890456e-07 0.0 9.415589894427436e-05 0.0 1.3151388725836486e-06 0.0 0.0005211506412957804 5.680251060101718e-07 2.9245025677225934e-07 6.947666715761853e-07 0.0005331953883133278 1.7109880732026882e-05 7.438973568387687e-06 6.042226451830593e-08 1.612569099233302e-06 9.951816164271228e-07 5.11857859882015e-06 1.5080883360416076e-06 4.216779696538775e-05 1.0238601899858729e-07 2.6103923444258124e-05 6.952660339414799e-06 5.534649667129491e-05 5.260529457899987e-06 1.747204552870099e-07 1.7912576693101724e-06
2.4607050641338974e-06 0.00021197454754807166 5.759557742671814e-06 1.7622539792497395e-06 5.869725515900688e-06 5.0691737162305325e-05 1.4123841362002341e-05 7.649546922736309e-05 1.04502262372237e-05 4.046710774071289e-05 0.0 4.7814349523627285e-05 0.0007409523499965711 3.730057017628828e-05 7.959790232034273e-06 8.398643558028697e-07 0.0002527734030600906 0.0018420139447223188 0.0008610444685186329 9.378747647756011e-06 1.303085898820091e-05 5.276629494790033e-05 2.726629935335226e-05 3.67762770913704e-05 0.0008612053864299998 0.0012089717161526303 0.0003357130459863708 2.029863478972138e-05 0.0007096547423213202 1.055726253923661e-05 0.0001934069181118154 0.00042568122011173675 1.319983637130621e-06 0.003966590634736464 1.1600185214666811e-05 0.00036864684634756997 0.0033497631569881017 0.0036772193339942487 0.0008229314424055707 7.213866627204305e-05 9.706545188855589e-05 0.0005401772217709231 4.465862298907598e-06 8.990333527278015e-08 2.701114249093073e-06 3.774325354153608e-07 2.9601410232311154e-07 0.0 0.0 2.7348373029175244e-06 0.0 3.057847039927072e-07 3.499786945395516e-07 0.00017470661593186132 4.135761471893176e-07 0.0005165091670011424 5.790752942507814e-08 0.0 4.3485224442853916e-07 4.473919311151714e-07 5.309557994391653e-05 9.330889812915293e-06 0.0 1.4305174308792294e-07 4.009034615536223e-07 6.686533745260791e-08 7.329488335889227e-06 1.5384854662493257e-05 0.00013456137752031414 0.0001572629366495881 6.841706903393429e-06 1.2491518277348787e-06 1.9910078400627174e-06 0.00013072704331160397 2.2592712811329086e-07 0.0 5.520292184389908e-07 3.371932169695254e-06 1.776329663153178e-05 8.222163124386917e-05 4.775178044049523e-06 2.2957330273099615e-06 9.396448915294761e-07 8.008419798900338e-07 9.884674637062356e-05 8.798070888368815e-07
8.43037867657583e-07 2.3414274240409757e-06 2.88813543327953e-07 0.001839196830517707 5.6905282846595095e-05 0.003705588583082622 1.5329951608411626e-05 0.0007521042377754819 0.0004044877185390068 0.0024863111288044477 4.7814349523627285e-05 0.0 4.523897397291251e-06 0.00015983130472833098 0.0009241248450900458 0.0 4.128909893658685e-07 6.4910044202537725e-06 3.2562781766843053e-06 0.0017938847501090403 1.8394574168500625e-07 1.1092818718644803e-05 2.205037042370381e-07 0.0006247602781147765 2.590874171505378e-06 6.1060381861366305e-06 5.528905935421232e-06 0.00040035120519729624 0.0002395921895455793 7.858599245533197e-07 3.919265984143556e-07 0.0001455424214798645 3.89073995654448e-07 9.090478450706632e-05 4.573902537868882e-06 0.00017630858465333247 5.287285609470343e-06 0.00015149262104510294 2.7690679089847436e-05 0.0008586031627903822 1.6780144459387004e-05 2.9773134469469796e-06 3.131583430989023e-06 0.0 0.0 0.0 3.4943167223558664e-05 9.93705165240565e-08 4.1323553348523205e-06 4.317599465107065e-06 6.887763843922035e-08 1.6810358192024188e-05 0.00023192010603664847 5.442164841310508e-07 9.79835984639479e-05 0.0 1.2858651109382942e-07 2.0145753216518807e-05 0.0 0.0 0.0 0.0 3.612526798142225e-05 0.0 3.0081621016380975e-07 0.0 7.648788467682423e-05 8.987411743478351e-08 3.3690332520296757e-07 8.501871258982858e-08 4.2217243628817105e-05 3.480566402813835e-07 1.0973989761961107e-06 0.0 5.4099673378214286e-08 0.0 7.089374567246296e-08 1.0888424191543013e-07 4.259528539292772e-06 0.0 1.0922952006253158e-06 1.1110473265341917e-06 9.758983886885017e-05 0.0 3.6892325797410187e-07 2.2750686373632337e-07
1.3276510129333133e-07 0.0003025287120772892 1.0277845830845176e-06 0.0 3.940847966071186e-06 1.4579676168986447e-05 2.2557163613975543e-06 3.061867063897763e-05 1.791560689523388e-05 4.879940159070229e-06 0.0007409523499965711 4.523897397291251e-06 0.0 4.967887799932692e-06 3.636345332022451e-06 2.3709443222260893e-06 9.616127848390927e-07 5.98869630087946e-05 4.30686850013308e-06 1.086856188808033e-06 7.157880640558079e-06 7.464662730170268e-05 1.3734542071887697e-05 2.1986093773325692e-05 0.002552153225625641 0.00014217170430516474 0.0021907082081364412 4.965907386410007e-06 2.3007908413781614e-05 2.2230998173760822e-06 0.0005019369685164704 6.892250994644308e-05 2.2445655105892276e-07 0.00017564307726342703 7.000794882177097e-05 0.0011111137813462155 0.0023174798025479746 0.0026510754619542814 0.00045334837046061315 0.00012501992920027746 0.00010752319833308022 0.00039104065839243687 7.416925242448529e-06 7.807523045301563e-08 5.103036561984231e-06 1.752013127031923e-07 0.0 0.0 7.689694639582718e-07 7.8677608859477e-07 3.470695329605211e-07 6.692349852486057e-07 0.0 0.0004059166065620281 0.0 0.0013261743113176959 6.666002650357595e-07 9.435200183292037e-08 3.9476217574234785e-07 0.0 5.4753168568952304e-05 6.248126222918105e-06 0.0 1.0875673026546125e-07 3.2784028424633425e-07 6.096079254058176e-07 1.3232544494481227e-06 6.842474837768436e-05 0.00021587106325703087 0.0003133491693739954 2.6693132256482043e-06 6.025139222134347e-07 3.6722523738678364e-07 0.0002479361600623953 1.7645054003979225e-07 5.375213965986642e-08 2.032291131249584e-06 3.1158875472880574e-05 9.269662879682638e-05 0.0001913007480486718 2.5357862900034803e-05 1.994741116121501e-05 7.445177229841671e-06 4.2178669396657445e-06 0.00024130100663503912 1.5056697886690548e-07
0.0007324095739219915 5.74569199690983e-07 0.0003022540895490479 2.0265671371030533e-05 1.4144246535569406e-06 0.0005355101732621955 0.004331372357960079 0.0051894294784953065 1.5283862369707412e-05 0.0005971859705790048 3.730057017628828e-05 0.00015983130472833098 4.967887799932692e-06 0.0 8.604099091899722e-06 6.017405664442318e-07 0.00035607658323645575 8.206653306927276e-06 4.541103712839563e-05 4.091489666764973e-05 0.00011243708812032734 2.266911874713391e-06 0.0002836732719648927 0.00027631784421104194 3.617916985414434e-07 6.482027527505059e-05 0.000128101614108576 0.0004552770448753104 0.0018654634150316104 0.0008005367819975198 4.972549081423791e-07 0.00011663007682072652 6.507825227013061e-06 0.00010705708426756034 5.1379491801099615e-06 8.774634834517745e-05 1.5792265387396426e-05 0.00013938729295611226 3.2303072647779006e-05 5.68895817210669e-05 1.1832456887892285e-05 3.3326767626603122e-06 1.4308634793495196e-06 1.2828548330984102e-06 2.439459808476529e-07 6.036647836247322e-06 4.340683209522558e-06 0.0 6.203148732978667e-07 1.9227545411656283e-05 3.809257094251117e-06 4.337760379840822e-06 4.6635172908767677e-07 0.0 9.92009905017804e-07 5.2391953309207364e-08 7.253228909537504e-06 0.0 3.2845376237477533e-06 4.1926217820446515e-07 5.471842485361775e-07 1.081215703808082e-06 7.976914965437909e-07 1.445686641798365e-06 4.108012281561161e-06 1.1081947863361798e-05 6.365254072946013e-05 0.0 2.3356274300856337e-06 1.9391690131882066e-05 5.2778104589797294e-05 8.123158291694536e-06 1.0501399384515043e-05 0.0 1.5717655240662004e-07 5.496749856503381e-07 1.9834189101912e-06 1.644817187119254e-07 1.571989953166437e-05 6.95359686711451e-07 9.999964338840781e-06 3.245430240068272e-06 4.882267289663617e-06 3.3743576036520484e-06 5.212770809930362e-07 2.4759092762845915e-07
1.4787402833390652e-07 6.818112123804593e-06 0.0 3.93534200251895e-05 0.0013416212264494368 0.0008096539074455262 2.2979755895026884e-06 0.00019637873829479749 0.0004876766362773798 1.2281701448664291e-05 7.959790232034273e-06 0.0009241248450900458 3.636345332022451e-06 8.604099091899722e-06 0.0 2.6314904907999974e-07 8.084043758766361e-08 5.846296205362345e-07 1.3460674202482624e-07 8.007319953133184e-05 0.0 4.943995892888129e-05 0.0 0.0005798187844323572 6.283635576462821e-06 6.580666171094897e-07 2.2094412957154507e-05 2.396683736970761e-05 1.559476396339042e-05 7.007534533837217e-08 2.449049162125915e-07 0.00015312051258414258 7.373797660007107e-08 1.1532761409617358e-05 0.0 3.551330021653575e-05 1.334809507411134e-06 1.837218933119848e-05 6.7542645238621805e-06 0.0011523709554250102 4.457701993153144e-05 8.090812382792612e-07 0.0 0.0 0.0 0.0 3.201190641421907e-06 0.0 1.316994095454938e-07 1.1982593159149611e-06 2.7395815911497524e-07 2.8858861468769473e-06 2.9703025555615035e-06 0.0 1.4844863336580391e-05 0.0 0.0 4.323195507282499e-06 8.324897505690792e-08 0.0 0.0 0.0 5.371181082919745e-06 0.0 4.0053573610283737e-07 0.0 1.8685343434893207e-05 0.0 0.0 2.1010404986997968e-07 1.224343926186826e-05 1.4192858513468925e-07 0.0 0.0 0.0 0.0 0.0 0.0 1.358429583974121e-06 0.0 1.7861855567445941e-06 1.514342777696866e-07 5.284446540137914e-05 4.298844669572259e-07 0.0 0.0
8.882251739576853e-07 3.942265942898441e-05 1.9255500306456424e-06 2.558103572397588e-07 0.0 0.0 7.635727998583592e-06 6.882839506374621e-07 0.00021447875914303325 3.8236194477447e-07 8.398643558028697e-07 0.0 2.3709443222260893e-06 6.017405664442318e-07 2.6314904907999974e-07 0.0 1.1663591762796129e-05 7.855304717003942e-07 3.216897421399299e-06 0.0 0.0009363242990315557 0.0022473703705613228 0.0032218727440978946 0.0009289026232685645 1.2258244033030064e-05 2.4072253218332414e-06 0.001846851069597424 0.0006630917412117908 2.0009090575984795e-06 0.00024726457882458144 3.605283589604368e-07 7.649173634052527e-08 8.216014066095855e-07 4.180674345423385e-05 3.15618466767221e-05 0.0015557574820797692 0.0005406719382707419 0.00023076477687980046 0.0003555662895791765 3.8505902983690125e-05 3.628552564988238e-06 1.1816819465656187e-06 7.626056545579353e-06 5.098711448004478e-07 1.938881870324484e-06 1.137413901837161e-05 0.0 0.0 0.0 2.355699201281626e-06 4.558486183583233e-07 4.0594144149509086e-05 0.0 2.8366453216358087e-07 0.0 1.3084623721427103e-07 1.1772789836193435e-06 0.0 0.0014523532590644266 1.3759479845245176e-06 6.185754902236428e-08 1.8498948423646717e-07 0.0 0.00040097410760672075 0.0008665171672423364 0.0008507415576320147 0.0001139948276016828 0.0 1.1276279242683801e-06 0.00020755785549885603 6.743291240906365e-05 4.47608326503888e-06 0.00012263093003551202 0.0 0.0 4.809578447399756e-07 8.505478936066422e-06 2.8834402824018545e-06 9.593257055594455e-05 1.474635855729958e-05 1.982507925892654e-05 2.6043660459460784e-05 1.0314922827896907e-06 1.071956724725047e-07 3.791370270995221e-07 2.827188541896653e-07
0.00027413085918876205 0.0002708073154122128 0.003279458599678241 1.0432640723519107e-07 5.98955888710448e-08 1.8141280497234585e-05 3.1797641272377506e-05 0.00023575489577714633 5.271725147917361e-06 1.496208882710215e-06 0.0002527734030600906 4.128909893658685e-07 9.616127848390927e-07 0.00035607658323645575 8.084043758766361e-08 1.1663591762796129e-05 0.0 0.0001749985859902664 0.0015326464851819661 3.178998580721358e-07 0.00030055574621398366 8.15807501693708e-06 0.0024324785552303713 3.822103521434685e-05 1.3128410983240565e-06 0.002005854088171041 0.004439693376194412 3.8554821963795886e-05 0.0006993106878284683 0.0012751724364329024 1.175743160716216e-06 1.240788074038683e-05 5.0460428593645927e-05 0.0015574332256511525 7.358323471785836e-06 0.0006580998543487031 0.0005632088627485112 0.0017525064400200849 0.0003139113060636457 1.0546423733791914e-05 2.932564494179737e-06 2.604566859602197e-07 1.5466999334128545e-06 6.984132612037173e-07 6.415481467762256e-05 0.000372116300449165 0.0 0.0 0.0 9.61017830762633e-07 4.500356631064258e-07 1.6442627645549022e-06 0.0 3.795960881422791e-07 0.0 1.2929940150721743e-07 3.019077624204332e-07 0.0 5.4102445347764525e-06 8.934404353519069e-05 6.198977239494965e-07 9.335936223048328e-05 0.0 2.4421283550944966e-06 1.574596402566013e-05 1.3379475127634058e-05 1.0227465099210488e-05 1.0599079769936638e-06 0.00038710035134797744 0.0009342147045929077 3.140824181159402e-06 8.730561110857841e-07 3.445023065265329e-06 1.88239254743866e-07 0.0 0.0 4.2097942869477085e-06 3.987564141830133e-06 2.580590157787977e-05 6.1679313142523385e-06 2.784889977163861e-05 6.3948563332559906e-06 2.3487961121611213e-07 0.0 1.5548359885527997e-07 0.0
4.567623243381172e-06 2.217985258235788e-06 1.611534359386387e-05 3.3011286182183455e-07 2.2712804907013667e-07 3.529827711106161e-06 3.4550920967287413e-06 1.0296346756415756e-05 3.738910927540219e-07 6.526809419349162e-06 0.0018420139447223188 6.4910044202537725e-06 5.98869630087946e-05 8.206653306927276e-06 5.846296205362345e-07 7.855304717003942e-07 0.0001749985859902664 0.0 0.0007755850013372487 1.6627012547863092e-06 1.2234816776050133e-05 7.324843072153706e-07 2.354474751321145e-05 3.6352714117138306e-06 2.7977296018158106e-05 0.0017482096148341776 0.0005144104756156624 3.834670992289002e-06 8.833492499571201e-05 1.2248623431862863e-05 8.232560894255962e-05 2.909139000394602e-05 3.8581852628368184e-06 0.0007226591314765257 9.594715858118e-06 0.0004794974470027089 0.0010988676150733992 0.001364140904021404 0.0005256968487760721 7.4643110167442014e-06 1.810354492161364e-06 2.534651297345386e-05 2.3514864264982116e-06 5.7718215218470735e-08 2.7363619124366024e-06 7.446436796606064e-08 0.0 0.0 0.0 2.341842715635345e-07 0.0 2.3163919633876172e-07 1.3804262223257287e-07 3.2159384831689296e-05 4.41194463766435e-08 5.94666285435768e-05 1.0461127876779953e-07 0.0 1.8628565209769425e-07 1.4589671138627094e-06 0.00010944687929605035 4.771941499890985e-05 0.0 7.558644660720101e-08 3.883118437178604e-07 1.389239235382644e-07 1.3647925633548037e-06 1.0531035346106346e-05 0.0003125784508513598 0.0002592918697312582 6.742530510223229e-07 1.5471373891108748e-07 4.605277276018325e-07 5.9051498062804386e-05 0.0 0.0 8.843135941083617e-07 5.6998083623836836e-06 7.657593815713193e-06 9.326586323383145e-06 3.964395437405166e-06 9.860613480509545e-07 6.866036240824713e-08 0.0 7.702254202804451e-07 0.0
3.116304863786531e-05 1.1582121097684569e-05 0.00013011383631495704 4.857766293852316e-07 0.0 3.0754679369206e-06 6.304239353006501e-06 2.7034553307504112e-05 5.827275717575315e-07 3.0466635184371935e-06 0.0008610444685186329 3.2562781766843053e-06 4.30686850013308e-06 4.541103712839563e-05 1.3460674202482624e-07 3.216897421399299e-06 0.0015326464851819661 0.0007755850013372487 0.0 6.787815819016548e-07 5.669375613444169e-05 4.2257453926184494e-07 0.00018121872850170658 5.711122628684093e-06 5.111375437059102e-06 0.0029126008579872624 0.0006181434872771778 5.9490518171171535e-06 0.00012838353668355373 8.887711014762329e-05 4.329165034423693e-06 1.25717839716953e-05 1.659846185846026e-05 0.0015441683258252791 8.805460909617814e-06 0.0006425110063718884 0.0007493073908121727 0.001529841854544588 0.00045450422976983055 7.472496256995868e-06 6.879805732005976e-07 5.2007637971918285e-06 2.2166565486373735e-06 6.017715083161475e-08 7.4813319929153485e-06 4.148597845236837e-06 0.0 0.0 0.0 2.8643536986883986e-07 7.405272024393632e-08 8.416721175963541e-08 0.0 2.1389664702273054e-06 0.0 2.946579629152309e-06 5.338877014076456e-07 0.0 4.6977293351638395e-07 1.598837956583797e-05 1.5627550957535455e-05 0.00010999953810684282 0.0 4.720779000061198e-07 1.7565694812398217e-06 9.437739145598754e-07 1.2574834341681308e-06 4.759829949090205e-06 0.00031040662841130357 0.0002527280886241979 4.603123666334674e-07 3.8273169035364206e-07 2.8634376492641613e-06 2.7705743865382245e-06 0.0 0.0 2.1123667568261646e-06 4.739022894142745e-06 7.10815716223108e-06 5.7850201810995974e-06 6.4844537981675124e-06 1.213096041400732e-06 2.3701898926242584e-07 0.0 8.826619170810169e-07 0.0
3.0156978013653993e-07 0.0 1.5174598883311246e-07 0.0017320026976122675 1.849072721746861e-06 0.00031595022851705127 1.5358948077587612e-05 0.0001311879464201313 0.00030796399383973443 0.002379849125332228 9.378747647756011e-06 0.0017938847501090403 1.086856188808033e-06 4.091489666764973e-05 8.007319953133184e-05 0.0 3.178998580721358e-07 1.6627012547863092e-06 6.787815819016548e-07 0.0 0.0 7.956501448692845e-07 9.064098300427445e-08 0.00011671390481806724 1.3420455977424634e-07 7.186219665397687e-07 8.222601785953539e-07 0.0014108411068687549 6.871554060572534e-05 1.268153312943061e-07 2.020689342893504e-07 2.512069119288688e-05 6.24508640726717e-07 2.037409851472299e-05 1.6202766961264833e-06 5.360753408942142e-05 6.378221750814265e-07 4.37671994981883e-05 8.037865481590158e-06 0.0003307449572672386 4.517304610397591e-06 3.343131624318518e-07 1.413772935305517e-06 0.0 0.0 0.0 2.199337066738501e-05 0.0 1.6985863378838836e-06 1.1310075770917796e-05 5.48736603062059e-06 1.4758714531695911e-05 2.6805183438865282e-05 1.321077811256002e-07 4.666049646456277e-05 0.0 3.2588006245608554e-06 8.604091875790993e-06 0.0 0.0 0.0 0.0 1.6333939747695955e-05 0.0 6.989177631958925e-08 0.0 6.970277928269003e-05 2.3686655791996487e-07 0.0 7.52502790958541e-08 5.77366601845747e-05 2.4793975174560185e-06 0.0 0.0 0.0 0.0 5.11343130691398e-07 0.0 3.1596154154166524e-06 0.0 2.415342818536042e-06 3.0387199103743563e-07 3.839440477205321e-05 7.278704247177519e-07 0.0 0.0
7.485921501584959e-05 3.159479999954672e-06 6.55513674797971e-05 2.744679191718172e-07 0.0 4.607854783138788e-06 0.0002472740668518385 5.3954876955781734e-05 0.00011238069015213633 3.363237795005699e-06 1.303085898820091e-05 1.8394574168500625e-07 7.157880640558079e-06 0.00011243708812032734 0.0 0.0009363242990315557 0.00030055574621398366 1.2234816776050133e-05 5.669375613444169e-05 0.0 0.0 0.0001088837424852497 0.005135166355359238 5.72178014790284e-05 1.1966532804171576e-06 1.6435943131454574e-05 0.0009926769730213606 0.0018009666790991192 0.00011427783766478183 0.006163635762158027 3.1410901313003556e-07 2.4459995323760775e-06 8.45755120860408e-06 0.0021878594566247466 0.00013888756573079712 0.005193963584642445 0.0005057321003954668 0.003030867703526622 0.00230126598680253 0.00010560017874008606 1.8501867704970556e-05 3.1163894388731956e-06 2.972539520136068e-05 6.696097357794322e-07 2.2449703958957579e-07 5.271230092293862e-06 0.0 0.0 1.3581635956274292e-07 1.143698504056996e-06 4.313473646582925e-07 3.038875155569408e-05 0.0 9.939643911716629e-08 0.0 0.0 8.114202986142831e-07 0.0 0.0002908332796669224 6.028674399054683e-07 1.105295911174485e-07 6.735929466114479e-08 0.0 0.0002831721939088569 0.00010659750455803389 6.546515024843617e-05 0.00011092867869371365 5.5644393442536216e-08 1.898363682467452e-06 1.2558482911513987e-05 6.76437845279839e-05 6.001099694327285e-06 0.00012931729201255126 5.2689165295131166e-08 4.371286091478007e-08 1.9501950764156702e-07 7.1372661329777875e-06 9.922950597504442e-06 9.455767511084266e-05 4.794964762235652e-06 1.2512589811516293e-05 8.708446335589179e-06 1.4305871706778997e-06 4.7058856393448286e-07 5.701943036348528e-07 7.836226252009768e-07
4.4488689550363226e-07 0.001315118208255786 9.798640440317473e-06 1.2896676659390352e-06 6.648827451950018e-07 2.558097841536915e-07 2.5859206485948448e-05 1.322952184753373e-07 0.0013655451220789627 4.3427518496453e-07 5.276629494790033e-05 1.1092818718644803e-05 7.464662730170268e-05 2.266911874713391e-06 4.943995892888129e-05 0.0022473703705613228 8.15807501693708e-06 7.324843072153706e-07 4.2257453926184494e-07 7.956501448692845e-07 0.0001088837424852497 0.0 0.00032363244939318344 0.0036696231797520105 0.0006577833343720395 1.5892272750588465e-05 0.002844996699108567 5.3962821824633915e-05 3.4913055199371273e-06 3.5147892397442686e-05 1.1263312310782577e-05 6.252169416758496e-07 5.383599695623231e-07 5.169725369825249e-06 3.238304296879073e-07 3.140578970525651e-05 1.9758893004585073e-05 2.7133007509551624e-05 8.458603241800651e-06 8.63606017207475e-05 2.7689832942596257e-07 8.895041229704489e-06 0.0 1.3898344330206827e-07 5.156427132092818e-06 5.595136991243584e-05 0.0 0.0 1.2110431850234256e-07 1.6068499677220523e-06 2.953113889631349e-07 8.699832995269534e-06 0.0 2.814696793859549e-07 8.064810035205131e-08 1.3054719135293193e-06 3.6102355785545274e-07 0.0 0.0007973753743461664 2.8485295077029737e-06 5.659440585740725e-07 8.828761844101372e-07 7.278246542438454e-08 9.718260219496137e-05 0.00033063246175690027 0.0004160346049155415 1.8755065792644156e-05 9.613598055461277e-08 5.534618314068322e-06 0.0005719015662522337 9.31973692765143e-06 1.1985452906382495e-06 1.059083622295334e-05 3.4367905549645435e-07 0.0 1.5519098588504607e-07 1.2124948550132907e-06 7.632358811266926e-08 3.979407031030504e-05 1.3215966852916007e-05 1.26647907972568e-05 1.4161981462363172e-05 4.2934842135276477e-07 0.0 9.994204570751646e-08 3.23053009783344e-07
0.0001803872274392208 2.800303063903783e-05 0.005546766646306566 9.055693611193466e-07 0.0 1.4689268372775088e-05 0.0003404454105182466 0.00013693927869190954 2.910394493472204e-05 8.179412931060087e-06 2.726629935335226e-05 2.205037042370381e-07 1.3734542071887697e-05 0.0002836732719648927 0.0 0.0032218727440978946 0.0024324785552303713 2.354474751321145e-05 0.00018121872850170658 9.064098300427445e-08 0.005135166355359238 0.00032363244939318344 0.0 0.00017520232464901848 7.185446811078795e-07 0.0003657091111413668 0.007253393430273825 0.0007205245847320125 0.00025106325947218944 0.004128288161366842 4.80514257021035e-07 4.6844186757909006e-06 1.0018778754429452e-05 0.0026524603035325395 0.00019072416092219934 0.0067550581848921714 0.0030548824529355607 0.006648546166087992 0.004494824449287689 0.00045132639317841923 3.118536250800945e-05 7.116142605576827e-06 8.471367003706869e-05 3.9788221866698425e-07 5.5492908886015555e-06 0.00016456419046765786 0.0 0.0 0.0 2.2787785530012e-06 1.3721700149160617e-06 1.2085303411142199e-06 0.0 2.6876045473775345e-07 0.0 7.343252172621298e-08 1.7882098065757093e-06 0.0 0.0010202974561264767 1.0028274317768207e-05 2.618388597129932e-07 2.4603747803061742e-06 0.0 0.0001086243674944657 0.0005355960939740495 0.001030784047286987 1.1400189357141504e-05 0.0 1.3294419632470145e-05 0.0007087053912382197 6.199326019675509e-06 1.1152648197262275e-06 1.2136137597127614e-05 1.0492104611431386e-07 0.0 1.692785732636736e-07 6.7862837593786e-06 2.123086980734534e-05 0.0001185630695726608 2.5321989273882854e-05 4.818700218694136e-05 5.0735901548181074e-05 6.025693014304024e-07 9.876015598382138e-07 1.4455342964188138e-06 2.635712177071759e-07
