0.0 0.0 0.00011770778307202673 1.2957883190033368e-07 0.0 1.717530893320606e-06 0.0012621623293328083 6.041177506258643e-05 3.2347133823411356e-07 3.4359890091914198e-06 1.7923657413186467e-06 8.593512221804604e-07 0.0 0.0021248281857789183 0.0 2.0474672409675502e-07 0.0001746894444571447 2.171700588758086e-06 5.016242772088475e-05 2.2622234133620836e-07 4.604011967176681e-05 2.6475000443198045e-07 2.7376127001369138e-05 1.3895709970171684e-05 0.0 6.536403853309273e-05 1.909199124147038e-05 2.7975214172548517e-05 0.001401172077783123 0.002098015274652939 0.0 9.7462270820369e-07 3.7038967786133635e-05 3.310318758033501e-05 1.6745360311481488e-06 8.374691669156233e-06 9.148618651229531e-07 3.4452291550282765e-05 5.672180378219697e-06 2.302160276814386e-07 8.647221063027998e-07 0.0 0.0 1.819950877917923e-07 6.756858669098258e-08 6.180524053507986e-07 0.0 0.0 1.0929353920716703e-07 1.0624126925515763e-06 0.0 6.179780726090994e-07 7.566297458979864e-08 0.0 0.0 0.0 9.111909049691237e-08 0.0 7.074810184814151e-07 0.0 0.0 2.8643673144579774e-07 0.0 1.3330754416562075e-07 2.6171074091429146e-07 5.079706278656321e-07 1.4340575317829203e-06 5.916882887700812e-08 1.0356086841419628e-06 2.349261408912641e-06 1.0381160843244555e-06 0.0 1.2815823529312395e-06 0.0 0.0 0.0 0.0 0.0 2.2279992784610477e-07 7.509205125416592e-08 1.2866557097813133e-07 7.539884318699161e-08 0.0 0.0 3.744614348916761e-07 1.7040142084182672e-07
0.0 0.0 8.360939880205668e-05 0.0 2.152962853473746e-07 1.8910854683678382e-07 1.965968224476246e-06 1.3126350628544172e-07 0.00020074424235200737 5.094249018730713e-08 4.993724706255112e-05 9.020054656361879e-07 0.00026443937318072736 4.0569446335817986e-07 7.67701259451575e-06 9.343145957741044e-05 0.00011127607060506217 6.237048776988911e-06 2.5261316939364026e-05 1.793129565899389e-07 9.127954330978804e-06 0.0018083701141503893 2.0718866100168337e-05 0.00031576285028399944 0.0012677687333501793 0.00019483768853621177 0.005203981850676 9.209903092875973e-06 6.959880179336541e-07 9.343746000359668e-07 3.591910075358179e-05 0.0 6.350530766294405e-08 1.859802614700483e-05 4.643931645760932e-07 8.941156601154875e-05 3.78329609648447e-05 6.354542364795511e-05 2.9165846319929576e-05 8.325924171748824e-06 2.243536138159209e-07 6.080574318522508e-05 8.782892464986673e-08 8.066892684485484e-08 7.104012136349383e-06 4.664446009700103e-05 0.0 0.0 2.047606330574401e-07 4.1475840875742045e-07 0.0 2.045907043401682e-07 5.745273891371099e-07 3.3863242282118327e-06 0.0 1.0792732500833709e-05 0.0 0.0 6.354913577959016e-06 1.0334404011787566e-05 1.9097554543256057e-06 1.1249460951879606e-05 0.0 3.119784238692414e-07 8.90244071462968e-06 5.7477576439264576e-06 4.894919966489108e-06 6.457125593669476e-06 0.00027656254236116027 0.0008328312353369533 6.208837287092606e-07 5.931838012898719e-08 1.6830437090908128e-07 3.36328017815268e-06 0.0 0.0 1.6368177450778545e-07 6.135499095931604e-07 5.11821303761359e-06 4.0739543492758394e-06 3.759262260843274e-06 4.798606470486687e-07 0.0 0.0 2.7264814431683395e-06 0.0
0.00011770778307202673 8.360939880205668e-05 0.0 6.906467855130438e-08 9.512986978177972e-08 1.3637049251272387e-05 0.00023254745775966152 0.000350354809876744 1.8380733439823405e-06 6.654749766426462e-06 8.168163688383508e-06 8.935751368363355e-07 3.041664553822626e-06 0.0004888690697202106 0.0 4.475984885961514e-06 0.001594999553692898 6.583115229037877e-06 0.0001486337984029565 2.151003964287826e-07 0.0003481096540604617 1.725324732758105e-05 0.007205064035181101 2.3074785529861494e-05 4.6559148019135866e-07 0.004228938925809133 0.001827130589661378 0.00035903625076074065 0.0001935567275930313 0.0007210439867312067 1.1435034798497891e-06 2.4939374241394616e-06 6.394546881336827e-06 0.0004563848495537461 1.5356396099457626e-05 0.000739058919934534 0.0004122150547063542 0.0011708946840256907 0.00045466546909423414 2.944560252728497e-05 8.726107196268706e-06 2.165412871911593e-06 6.555004697608018e-06 1.7239935087642995e-07 8.760055257691291e-05 0.00033125535861568047 0.0 0.0 0.0 3.1217107757794185e-06 4.6893598913781086e-07 2.1841028858151596e-07 0.0 0.0 0.0 1.4750708003661633e-07 5.160367190492505e-07 0.0 9.999039157181157e-06 4.0103450787151895e-05 3.1670018326012387e-07 3.6080584136655325e-06 0.0 1.5030384980214477e-06 1.456446435799443e-05 5.7314890244701735e-05 6.70031559823787e-06 3.0932689238089513e-07 5.3379399374013e-05 0.0005356479273929805 2.082302814737891e-06 1.415220805874771e-07 5.081861942529413e-06 6.746901193870442e-08 0.0 0.0 1.0684761519452066e-06 2.187580303140151e-06 1.54713770773261e-05 1.1838080282338822e-06 1.0685360011736282e-05 6.634400482938263e-06 9.401359070089588e-08 5.83818249294956e-07 0.0 0.0
1.2957883190033368e-07 0.0 6.906467855130438e-08 0.0 6.313855446394148e-07 5.18820484199875e-05 3.537989665675933e-05 2.6880165504221297e-05 0.0005687467814486875 0.002680960512948489 7.597119715858048e-07 0.0019396606143290852 3.0311920113470777e-07 1.6115682322784198e-05 2.5987436262015652e-05 0.0 0.0 4.437244106945241e-07 2.395857499705909e-07 0.0014453751547194092 0.0 8.502728172076336e-08 0.0 0.0007380236450750246 0.0 2.8074304931298355e-07 1.9870197596589818e-07 0.0029167088401322533 1.1529801780862026e-05 2.34203437039592e-07 5.8520240394637694e-08 1.2329530162706615e-06 2.894751570742888e-07 6.4122073448734e-06 1.1905869253040602e-06 1.6776667677477634e-05 8.608084838613828e-08 1.2295900225309163e-05 2.667992343524234e-06 7.500681494542395e-05 2.5788540326670287e-07 0.0 4.0480510861177804e-07 0.0 8.800124254833718e-08 0.0 4.677862763148762e-05 5.959129931370175e-07 1.3691647452030123e-05 3.181810207491056e-05 4.450550242261993e-06 2.3927222016375018e-05 9.398161488126145e-05 0.0 7.55905980177364e-05 1.8754206749590031e-07 3.8502862054308113e-07 6.887094937590891e-06 0.0 0.0 0.0 0.0 2.6183615703126175e-05 0.0 1.2042904068302096e-06 0.0 0.00012453974407208263 3.87432160768541e-07 1.325592612325153e-07 0.0 0.00010526851412536904 1.5902188389768816e-06 1.7435191040795168e-07 0.0 0.0 0.0 0.0 1.3109500437377538e-07 1.5761388148331365e-06 0.0 3.022357987531678e-06 3.3807415735796475e-07 9.080437981691546e-05 0.0 0.0 0.0
0.0 2.152962853473746e-07 9.512986978177972e-08 6.313855446394148e-07 0.0 7.598012100890585e-05 1.3636837973920184e-06 0.00016923416602810014 3.313453774571139e-05 2.27762174843011e-06 1.22120620567863e-05 5.762856181281889e-05 1.4998240361816225e-05 1.412931965498596e-06 0.0005331879449402162 0.0 5.406751669173604e-07 2.2295287326752606e-06 1.676497084482168e-06 2.11533809498969e-06 3.258789912985505e-07 2.0528445265633616e-07 1.2976222430003129e-07 8.424984627637327e-06 3.5443715665350026e-07 1.4749660881561174e-06 8.234292125484965e-07 3.4450844592245013e-06 1.2966459766407789e-05 9.692826296762029e-07 1.30364862938789e-07 1.5417552406299982e-05 0.0 0.00021636054166907396 2.5571258133801314e-06 2.600578442670235e-05 5.276529754919915e-07 0.00018445853473923632 7.243253773646832e-05 0.0012839468131091655 0.00011634960290913361 3.72237578328927e-06 4.2857877534788214e-06 0.0 0.0 0.0 0.0 0.0 0.0 0.0 0.0 0.0 0.0 0.0 0.0 0.0 0.0 0.0 0.0 0.0 0.0 0.0 0.0 0.0 0.0 0.0 4.800344204803744e-07 0.0 0.0 0.0 1.6147216493416362e-07 0.0 1.0144649715715807e-06 0.0 0.0 0.0 0.0 0.0 6.348061530767892e-07 0.0 0.0 0.0 0.0 0.0 0.0 0.0
1.717530893320606e-06 1.8910854683678382e-07 1.3637049251272387e-05 5.18820484199875e-05 7.598012100890585e-05 0.0 0.0028725386870800474 0.003457037434148605 0.00017903427945459603 0.003804045125872784 2.2943606061468634e-05 0.0035266546338629124 4.4220305072935975e-05 0.0009492716261213775 0.0005240684572784888 4.997931883895204e-07 3.0058380108919012e-06 7.789144533654148e-06 9.403797835176929e-06 0.0003262355276214055 1.231578105212872e-05 1.6588967143588686e-06 6.769967565297827e-06 0.00044576763515186975 0.0 8.681805590830837e-06 5.008913882154828e-06 0.0009366644203594684 8.398921344400254e-05 1.1649147864599374e-05 7.811162676967336e-07 0.00017434832483110107 2.8745949107993818e-06 0.0001799714747535554 1.1990910922515878e-05 0.00027910964516201353 3.975000147313509e-06 0.00023159432533894012 0.0001847766060635316 0.0011898695609084836 7.147575247315153e-05 7.508687108798884e-06 1.4889441780516042e-05 6.794061236761214e-07 5.693086704810468e-07 7.45041786170443e-08 1.471123771521823e-05 0.0 1.1142051279653542e-05 7.728293996519794e-05 1.3578399616845899e-05 1.1457810092005864e-05 6.191509766250122e-05 5.444674390632309e-08 1.222944512154311e-05 0.0 6.575345702750936e-06 3.777290543373909e-06 2.488434967473361e-07 0.0 0.0 0.0 1.1176626523644066e-05 0.0 2.5438840806210984e-07 3.449070958874383e-07 0.00012590697382613603 0.0 0.0 5.715334290913668e-07 0.00013162790601647736 2.932580458187304e-06 4.2296050132770343e-07 0.0 1.6255437304629182e-07 0.0 6.380908127948201e-07 0.0 1.3440100240055196e-05 0.0 1.0771606537150502e-05 1.4738068229654125e-06 2.9790456285540036e-05 0.0 1.1854313116744452e-06 0.0
0.0012621623293328083 1.965968224476246e-06 0.00023254745775966152 3.537989665675933e-05 1.3636837973920184e-06 0.0028725386870800474 0.0 0.002687237576967479 5.02183665156315e-05 0.0074795742914329395 1.3149182888941732e-05 6.974455555913383e-05 2.527649661407903e-06 0.005982676153605396 7.230338947906899e-06 2.507478179922678e-05 1.5240227485470209e-05 4.445125287952729e-06 1.431038949285811e-05 3.182190793522525e-05 0.000669650700089826 3.625043518878053e-05 0.00020871522704534669 0.0009479923344234513 3.686182158706977e-07 2.6676619178492956e-05 8.958013508362523e-05 0.01072543610375577 0.0008678939122425426 0.002328462041623863 6.061684504912368e-08 1.8763519323047947e-05 5.5938977205493606e-05 0.0001222471005838694 3.772638099444209e-05 0.0006392429318823171 1.4134744642810787e-05 0.0004524341585829977 0.00018694612400359652 3.2985881459942373e-05 1.5954103123489925e-05 5.372104567805469e-07 1.2578998442307228e-05 3.3588138313290086e-06 5.620553078796979e-07 1.27015935204104e-06 1.700168700144319e-05 0.0 2.8198388632078145e-05 0.00035229884795542454 6.653463002269879e-05 2.3573107169362285e-05 7.638074810512476e-05 1.743454931342834e-06 3.992071124677762e-06 0.0 3.268793102969166e-05 2.596678645879377e-06 4.550303867126131e-06 0.0 5.943011289292376e-07 7.502243941960454e-08 6.099038266090131e-06 1.2214175275586595e-06 5.202696739914201e-06 5.064064443411508e-06 0.00034433609543727174 2.0505577593644591e-07 2.8818753683434217e-07 1.332136817109794e-05 0.0003936637217734705 3.342120870309754e-05 3.054918025648719e-05 3.56681521871051e-07 3.5304435354917557e-06 1.6206068346415836e-06 9.698322217892387e-06 3.923120542695519e-06 8.67803307611225e-05 1.8307559139789507e-07 7.022155498693747e-05 1.9625056641237168e-05 2.111516615462762e-05 1.3471622072170427e-06 1.5614320112658567e-06 0.0
6.041177506258643e-05 1.3126350628544172e-07 0.000350354809876744 2.6880165504221297e-05 0.00016923416602810014 0.003457037434148605 0.002687237576967479 0.0 6.305130745573352e-06 0.001285992535146632 6.974701536720991e-05 0.0009140803928768338 3.366648524328621e-05 0.0028624849472889576 0.00013661307066666024 8.709346668822116e-07 0.00013701726475295339 1.8806912613503854e-05 8.613169045889615e-05 0.00020034924412360095 0.00022003547822000382 1.1453617026335038e-06 8.536747845734092e-05 0.0002533632690428925 8.840284523485873e-08 0.00020160903367753383 3.5788721081549916e-05 0.0003397616919664267 7.895752452210045e-05 0.0006261909078094559 2.67926161808028e-06 0.0005612215051775408 6.764671195858842e-07 0.00038319084170996995 1.2698565814975705e-05 0.00023895072582268446 1.0927894346461596e-05 0.0003006512946632521 0.00018287146295463145 0.0006329119762856508 0.00010154932238806293 7.768540460030717e-06 1.2178004154314189e-05 3.431037189366486e-07 2.900037358838289e-07 1.9383108091607887e-06 9.035869599514979e-07 0.0 6.582874979871182e-06 8.209521064175312e-05 1.0343337265623689e-05 3.591618271108531e-06 6.0361659047152176e-06 5.750225768651292e-08 1.366333835043623e-06 0.0 8.966103808798441e-06 0.0 2.3656816336464236e-06 1.1452053620850524e-07 0.0 1.062055105381605e-07 6.992088640103733e-07 3.5700992655724417e-07 1.921031144718938e-06 4.800188568082219e-06 6.016394468878987e-05 6.982706196262588e-08 2.3448749057476215e-06 1.0630648403872595e-05 6.861412057486047e-05 8.092733503352578e-06 7.205906175503214e-06 0.0 3.330810224136672e-07 1.7078616040974827e-07 8.953863947335238e-07 1.1627388303468536e-06 1.5531245002646322e-05 7.548417382290553e-07 1.6143661659917422e-05 3.4778650020083866e-06 1.696854162733873e-06 1.601726897590514e-07 1.0165961212007116e-06 0.0
3.2347133823411356e-07 0.00020074424235200737 1.8380733439823405e-06 0.0005687467814486875 3.313453774571139e-05 0.00017903427945459603 5.02183665156315e-05 6.305130745573352e-06 0.0 0.0002774714575351282 5.649571704963648e-06 0.0007038281000642225 1.9985629109873973e-05 1.210940624228931e-05 0.0009310458978165658 2.8055585438058835e-05 5.885249793475973e-07 5.393481132177917e-07 2.2616677204580992e-06 0.00039999727211667725 2.264407167590233e-05 0.0009809594435361032 2.0834633104287326e-06 0.005703689915665939 0.00010629773876892231 9.666589295154541e-06 0.0003037619256902242 0.0008917050693157636 2.0450168957727016e-05 9.635250794153394e-05 5.436052601756768e-06 1.0726514160615292e-06 4.322806287158352e-06 9.076338934370637e-06 5.250470922071467e-06 0.00021187221216155985 1.1991745024454602e-05 3.586539143356457e-05 1.6165037381612734e-05 0.0003333174412010184 1.225806089537137e-06 1.7367863914619264e-06 6.440348083405834e-07 5.245226315033158e-06 4.061711169771416e-06 7.170252898482738e-07 0.0001379137248332689 6.299449210439938e-07 1.88132343007724e-05 0.00013698175161409818 2.1993402551863623e-05 6.502815412972836e-05 0.0001787308745476086 1.2137383975463214e-06 0.00019590837268419536 1.2825280760749378e-06 1.899691613133863e-05 5.511262083421417e-05 6.39521637635167e-05 2.0767521387454354e-07 3.542785370464308e-07 5.30049616298399e-07 5.767578523843653e-05 7.693378847694136e-05 2.418399387926152e-05 4.985487773773187e-06 0.001298672375483445 4.100645252219613e-06 2.8570093018897803e-06 5.445175711709257e-06 0.0005142403030808236 3.5142700150230514e-05 0.00013762542867247889 2.2109965435810097e-07 1.159766655420256e-06 4.593668032553515e-06 9.668803922487479e-06 2.5181357072661934e-06 8.888686041903894e-05 9.776140205195675e-07 4.294820348415833e-05 1.5905764419470493e-05 0.00029775720470897167 4.827382171029164e-07 5.871362570030633e-07 5.498007139304305e-07
3.4359890091914198e-06 5.094249018730713e-08 6.654749766426462e-06 0.002680960512948489 2.27762174843011e-06 0.003804045125872784 0.0074795742914329395 0.001285992535146632 0.0002774714575351282 0.0 1.8225693711957994e-05 0.004665173633503082 4.722930812648402e-06 0.0005825840406035696 1.3588339146881068e-05 1.903812038120374e-06 2.336445874479041e-06 8.724645161013322e-06 1.598166467470526e-05 0.0024552071426251873 7.509087150617526e-06 1.6488139914537497e-06 3.87174550058869e-06 0.0008821593049835687 0.0 6.997566496342985e-06 5.671935958758763e-06 0.0028282807833141634 0.0002995294540042404 9.323088742317894e-06 6.766386809901074e-07 3.0275414482890878e-05 4.2389251516774235e-06 9.779594959293642e-05 1.3640925599614342e-05 0.00033143313111537405 7.979700833326439e-06 0.00024956737197768267 7.263374079253816e-05 3.1663752078281107e-05 1.0953826624525592e-05 9.209314195620059e-07 5.964264784499437e-06 1.203602049732537e-06 5.527357583957157e-07 0.0 9.214155974738445e-05 0.0 3.740320082509821e-05 0.0001702173749412221 2.8477220685951764e-05 4.2409906414362445e-05 0.0001833673575116143 0.0 4.8301987049250924e-05 8.482259735956261e-08 1.1183441382918622e-05 9.983403847896213e-06 1.509765350202591e-07 0.0 5.597520701731337e-08 4.893801504108372e-08 3.056617536896949e-05 2.170235484434272e-07 7.623451461188102e-07 2.1116106275883538e-07 0.00038955567291793446 3.6404152143363183e-07 8.688207155273602e-08 4.6958587515145344e-07 0.00039516727269100983 4.0028882167673626e-06 2.2411142601301607e-06 0.0 1.0579883646741948e-06 3.156147815931671e-07 1.5231976812084233e-06 1.5148628765650693e-07 7.605296063684236e-06 0.0 9.868769540698443e-06 5.543268764669556e-07 8.97474500270901e-05 9.810547766011975e-08 1.693833289687093e-06 0.0
1.7923657413186467e-06 4.993724706255112e-05 8.168163688383508e-06 7.597119715858048e-07 1.22120620567863e-05 2.2943606061468634e-05 1.3149182888941732e-05 6.974701536720991e-05 5.649571704963648e-06 1.8225693711957994e-05 0.0 3.138443550420595e-05 0.0007545646024746809 6.526710754147904e-05 1.5453050190237084e-06 2.0099003686572235e-06 0.00037142142727092424 0.0008116310607267778 0.0008377409373590353 7.562698619540248e-06 1.1578499144549596e-05 2.3815469353766967e-05 1.2498487694579121e-05 1.6678436109463075e-05 0.00022701437290139663 0.0011855701224030434 0.00022397787277579794 1.0910998502303515e-05 0.00019606017634034038 1.1575876896091735e-05 0.0001032185320006715 0.0002024575675969554 1.7351474514632084e-06 0.0037427434896722916 3.986371787989845e-06 0.0003788219398918131 0.0031582420559287776 0.0029831672612596403 0.0006659785332893687 1.6918201646515843e-05 1.2336514400085536e-05 0.0007805138775280322 7.458960003226787e-06 0.0 1.848877240514059e-06 1.2822636238802666e-06 3.841244902191667e-07 0.0 0.0 4.5434519875128465e-06 0.0 4.1261825780433516e-07 0.0 0.0002913291339334943 0.0 0.0006089188176417696 3.4669645854290086e-07 3.3708410748172873e-07 1.1801961703901032e-06 9.81654106774608e-07 5.752472801229255e-05 2.6235034698506355e-05 0.0 1.6296942983936246e-07 1.2304606166987801e-06 4.217548888945088e-07 2.621934019594053e-06 0.00010427953033146906 0.00022277376864849422 0.00017233913092273614 3.2418141916532076e-06 4.072377451381272e-07 7.600795224553241e-07 0.0001693589855344459 0.0 0.0 7.218695773675185e-07 2.0225954098362274e-06 5.000004462675432e-06 0.0001552508025824887 3.957624613983604e-06 1.8795249435266027e-07 0.0 0.0 0.000256509404260063 1.221341576493824e-07
8.593512221804604e-07 9.020054656361879e-07 8.935751368363355e-07 0.0019396606143290852 5.762856181281889e-05 0.0035266546338629124 6.974455555913383e-05 0.0009140803928768338 0.0007038281000642225 0.004665173633503082 3.138443550420595e-05 0.0 1.1862064956387414e-05 0.000432695862892443 0.0006651707967886972 4.015989279899914e-08 1.6579134681429196e-06 1.093016668281454e-05 1.9116768611367496e-05 0.0022428895752332773 6.264299375553066e-07 3.4681441897815e-06 1.389135112692607e-07 0.00021621225943619466 5.561785397752356e-07 7.128184578973254e-06 5.191655476554626e-06 0.0006059212804172195 0.00016747426737282245 2.328716873301645e-06 1.2065472206872715e-06 7.900637602867286e-05 6.889551590415624e-08 0.0001304587531730482 4.705849914676045e-06 0.00018286685155721773 3.841973387000011e-06 0.00018437170270642645 8.253252161870586e-05 0.0006838299009453899 1.9286955939549417e-05 8.780484467190673e-07 4.471706968448604e-06 0.0 0.0 0.0 2.7402300218062944e-05 6.387604155382738e-07 5.527003798410175e-06 2.1261262248406727e-06 1.8310779554951785e-06 6.581742172827378e-06 2.8734475541687506e-05 1.953372667078693e-07 0.00010754719378312455 0.0 1.1803199864738607e-06 5.381289039974874e-06 0.0 0.0 1.5377753636563376e-07 0.0 6.49924297997039e-06 0.0 1.860514865525316e-07 0.0 3.165178245284202e-05 1.2501440894906337e-07 2.6945301425658306e-07 1.3522775638616532e-07 3.579233068906271e-05 7.462183980615136e-07 2.19068754580545e-07 0.0 1.5399107841264085e-07 5.2721295438876176e-08 5.282178133580783e-07 0.0 1.2447940089600932e-06 0.0 1.7863435395891203e-06 6.793725123494401e-07 8.738539436134153e-05 0.0 1.7406488308431982e-07 0.0
0.0 0.00026443937318072736 3.041664553822626e-06 3.0311920113470777e-07 1.4998240361816225e-05 4.4220305072935975e-05 2.527649661407903e-06 3.366648524328621e-05 1.9985629109873973e-05 4.722930812648402e-06 0.0007545646024746809 1.1862064956387414e-05 0.0 9.411917230477345e-06 2.23301223068186e-06 3.932451568867544e-06 1.324350204586325e-06 1.0594311921576027e-05 6.939816352728228e-06 1.952471802128681e-06 7.881889823446032e-06 0.00010131887765014603 1.1718829349298791e-05 2.1177735731574043e-05 0.0023676919054824836 3.5850537420047114e-05 0.0007015839190961125 3.6543893723768946e-06 5.490714597004062e-06 2.2970740356224184e-06 0.00010990787656502842 4.992439058645735e-05 0.0 0.00031190891139876306 6.039730327496932e-05 0.0008716151332182118 0.0023196608836220348 0.0014481546518108855 0.0004181069312122823 3.7780231798035296e-05 3.652126994935558e-05 0.0007554874883067065 2.3270962241847206e-05 0.0 7.2140204572855525e-06 5.638642484147616e-07 0.0 0.0 0.0 0.0 3.1396179378355437e-07 7.219358520091026e-07 4.3566825448282355e-07 0.0004926278307557357 2.449039428322283e-07 0.00117398659716817 0.0 0.0 8.80923474378092e-07 2.402969359579517e-07 6.281525722471887e-05 2.5526974746468575e-05 0.0 1.299458608845808e-07 8.436355234118997e-07 6.908550608279497e-07 8.956391069035485e-07 0.0005621693442164967 0.00032225282818207156 0.00030551190548499613 7.285014224894965e-08 0.0 0.0 0.00030141538565924345 6.37819786760899e-08 0.0 4.834346801800856e-07 3.51301819323999e-05 5.102150628434434e-05 0.00019184887109526997 1.4715740905226918e-05 3.683335355944076e-06 0.0 3.858058762482684e-06 0.0002664002739279417 3.8836162407386157e-07
0.0021248281857789183 4.0569446335817986e-07 0.0004888690697202106 1.6115682322784198e-05 1.412931965498596e-06 0.0009492716261213775 0.005982676153605396 0.0028624849472889576 1.210940624228931e-05 0.0005825840406035696 6.526710754147904e-05 0.000432695862892443 9.411917230477345e-06 0.0 2.9422561206350635e-05 3.3409896729707956e-06 0.00043049323193276656 2.3012294173462648e-05 0.00021631665532152264 9.936501497588855e-05 0.0002731057671739011 1.1475801746808704e-06 0.0001271358928775307 0.0003380346148338966 1.5060804092690017e-07 0.0003081693648814156 6.909057912364108e-05 0.00044573449030922647 0.0023374191187063003 0.002034427326615202 8.508122071817957e-07 4.042599974822933e-05 9.151017154543928e-06 0.0003317321679192432 8.261317236096116e-06 0.00019102477570335393 9.258756629534156e-06 0.0002634795547297866 7.752150900126401e-05 0.00011528850516158575 1.4133259898364179e-05 1.89196982929462e-06 3.661283816761432e-06 1.0903552726826763e-06 2.6656058722987197e-07 4.3112129314243744e-06 1.1998834878963905e-06 0.0 4.596888600929814e-06 9.895979653892942e-05 1.2133312877731978e-05 3.6650957194542245e-06 9.582389924568312e-06 7.70296906124391e-07 1.6226983545056228e-07 0.0 8.50975657339789e-06 1.5511651203150402e-07 3.175530812081282e-06 1.6287817652380394e-07 0.0 2.7622896674472295e-07 2.3528999259967273e-07 8.221907883743118e-07 2.8627147719266236e-06 6.79407455680549e-06 6.93738728465227e-05 7.973768721443471e-08 3.741340294482006e-06 1.7347961455894583e-05 8.207216459033577e-05 8.25596459880654e-06 2.1308969145667435e-05 0.0 4.0805254210973096e-07 2.0885745685981805e-06 2.4936795314202257e-06 1.3373239612281175e-06 1.6036072928375802e-05 1.2995578149268392e-07 1.5544804137409396e-05 5.729405936165434e-06 5.3097681107856545e-06 0.0 0.0 2.0582009846276828e-07
0.0 7.67701259451575e-06 0.0 2.5987436262015652e-05 0.0005331879449402162 0.0005240684572784888 7.230338947906899e-06 0.00013661307066666024 0.0009310458978165658 1.3588339146881068e-05 1.5453050190237084e-06 0.0006651707967886972 2.23301223068186e-06 2.9422561206350635e-05 0.0 0.0 5.152124658995563e-08 2.896987059122878e-07 4.666595974011474e-07 3.4198932970288076e-05 0.0 3.0054244388384892e-05 1.541650816653837e-07 0.0006408998096523803 3.2553316282618555e-06 1.296176429279803e-06 1.279088674979839e-05 6.386043499132383e-05 5.301015759621328e-06 3.13914852836719e-07 1.3423565727234816e-07 0.00010816096754319581 0.0 2.9241475587433923e-05 1.2218665260461528e-07 4.4434747075184805e-05 8.50911528173345e-08 2.0260764942431428e-05 1.593070305670455e-05 0.0011645247808302261 6.658512146516097e-05 3.32258555164949e-07 2.0938383752689667e-07 0.0 0.0 0.0 9.022427654329093e-07 0.0 0.0 1.7705450047004866e-07 0.0 3.577617956561166e-07 2.4640712562913345e-07 0.0 4.925519182050754e-06 0.0 0.0 4.021866694376043e-06 2.3145763104663665e-07 0.0 0.0 0.0 6.601680727818702e-07 8.517595678003829e-08 5.249181626053125e-07 0.0 2.3660263268986235e-06 0.0 0.0 8.20600814620319e-08 9.858140925798991e-07 0.0 2.2512060322386169e-07 0.0 0.0 0.0 0.0 0.0 1.3593321216900017e-06 0.0 1.0213279448378455e-07 0.0 6.417048060590693e-06 0.0 0.0 0.0
2.0474672409675502e-07 9.343145957741044e-05 4.475984885961514e-06 0.0 0.0 4.997931883895204e-07 2.507478179922678e-05 8.709346668822116e-07 2.8055585438058835e-05 1.903812038120374e-06 2.0099003686572235e-06 4.015989279899914e-08 3.932451568867544e-06 3.3409896729707956e-06 0.0 0.0 1.4330083331536328e-05 6.577716570085616e-07 6.832176715826879e-06 0.0 0.001648737483685755 0.0012895508059639132 0.0026918793616107477 0.0015976109943664244 1.7062147256971076e-05 4.456089092046912e-06 0.00186282013001403 0.0006206041485160921 2.5085244957343304e-06 0.000126160625509348 3.9779241172775665e-07 1.2395079718919018e-07 5.511271451980236e-07 6.16077241866928e-05 4.6414431924077755e-05 0.001529081544788434 0.0006035370293251673 0.00034516644594017465 0.0005967120911915763 3.8390820133197205e-05 4.6266887622609e-06 1.5522435363800557e-06 8.28694654300203e-06 4.4641111437742894e-07 2.103993506164599e-06 8.02176517405922e-06 9.788695615730802e-08 0.0 0.0 4.422746828344757e-06 8.719229691609777e-07 6.04264580461608e-06 0.0 0.0 0.0 1.2298830668565762e-07 1.2929112277429162e-06 0.0 0.00149687191029648 1.5119624441055653e-06 2.1166290572105517e-07 1.1379435439847122e-07 0.0 0.0004231590839260043 0.0008436865508975674 0.0008801480509259111 0.00015691453241889472 1.0181753747609092e-07 1.5138381380760406e-06 0.000209242919090415 8.354394924193508e-05 1.5467284587086655e-06 5.9422474829058005e-05 1.6701498870785e-07 0.0 6.497329815594983e-07 5.428836451011682e-06 3.969725333172631e-06 7.899928285612232e-05 1.5249280459308891e-05 1.6788171733374868e-05 2.3951692532096107e-05 1.3767455228237127e-06 9.32249310843283e-08 4.6091494766540967e-07 6.91088602093126e-07
0.0001746894444571447 0.00011127607060506217 0.001594999553692898 0.0 5.406751669173604e-07 3.0058380108919012e-06 1.5240227485470209e-05 0.00013701726475295339 5.885249793475973e-07 2.336445874479041e-06 0.00037142142727092424 1.6579134681429196e-06 1.324350204586325e-06 0.00043049323193276656 5.152124658995563e-08 1.4330083331536328e-05 0.0 5.3040792352640735e-05 0.0011434379049988985 6.829706431741888e-07 0.0004636731993820223 1.9412691359335178e-05 0.0015661242283306718 1.5598394797952385e-05 1.6285419374099098e-07 0.0017874686520330842 0.002469562727502284 0.00014156812321654557 0.0005227494687627893 0.001398039447199614 3.4183594948878483e-07 4.898331362933244e-06 1.983910134994392e-05 0.0020692890343890218 6.045905279778791e-06 0.0004637526043458302 0.0001939717519358503 0.001990121241429071 0.00044222605296635395 8.971976555034753e-06 2.2659354875418693e-06 2.605531084105377e-07 1.2337317073997435e-06 1.9274573287403078e-07 7.46359724114332e-05 0.00045434485147733376 0.0 0.0 2.4564637969270156e-07 9.69048073368113e-07 3.9030253455156337e-07 6.889727786544092e-07 0.0 1.1668102153543901e-07 0.0 2.8707720437279426e-07 5.177271676879167e-07 0.0 1.5136521673715824e-05 7.063709413127361e-05 9.927701816697102e-07 2.1682757133101223e-05 0.0 1.3181005030121367e-05 1.3771472782454652e-05 6.985592815041377e-05 8.625590594288899e-06 2.2252789634514614e-07 0.00019994753649983622 0.0006829041528838642 4.0569410665677846e-06 9.600463568026156e-08 4.384585528709812e-06 1.7680655756533883e-06 0.0 0.0 6.669971570210331e-07 3.7797594437447433e-07 2.088772876861982e-05 1.3977396362627333e-06 2.1302984567556868e-05 6.880372868560082e-06 4.887925746258886e-07 0.0 0.0 0.0
2.171700588758086e-06 6.237048776988911e-06 6.583115229037877e-06 4.437244106945241e-07 2.2295287326752606e-06 7.789144533654148e-06 4.445125287952729e-06 1.8806912613503854e-05 5.393481132177917e-07 8.724645161013322e-06 0.0008116310607267778 1.093016668281454e-05 1.0594311921576027e-05 2.3012294173462648e-05 2.896987059122878e-07 6.577716570085616e-07 5.3040792352640735e-05 0.0 0.0008703133703566167 2.411344062112505e-06 3.322483602079828e-06 3.7115000868351987e-06 5.287613099468978e-06 5.809037527455662e-06 2.1345805685025247e-05 0.0016756674923264448 0.0004985625796292236 4.032212744310339e-06 5.272192199805455e-05 7.105080780232382e-06 9.53153800972451e-05 3.906054563938824e-05 7.183609139573522e-07 0.00042306829757327773 9.67181648846135e-07 0.0002649144731615987 0.0006779595814468635 0.0011249340297271489 0.0003599425891812402 6.834423858048631e-06 3.232507818575355e-06 2.947478951651309e-05 5.457600339710439e-07 0.0 1.234070449244669e-06 3.829164933927118e-07 0.0 0.0 0.0 1.3578307391578875e-06 0.0 0.0 0.0 9.313314989857513e-06 0.0 5.199591760986118e-05 2.795820891921295e-07 0.0 3.371134575433465e-07 3.9306686507769973e-07 2.9106907307301768e-05 3.037675697070733e-05 0.0 0.0 1.926734350060979e-07 0.0 1.626292736374703e-06 2.8042898134188084e-05 0.00013454091571951562 0.0001511621285309398 1.4612828021536075e-06 2.818064791312023e-07 8.53988544584322e-08 4.729320493907166e-05 0.0 0.0 4.908299764236202e-07 0.0 2.3992609433845715e-06 1.694160286719434e-05 9.347673450366817e-07 6.985070001388314e-08 0.0 0.0 2.4018735537226914e-06 8.229568632860426e-08
5.016242772088475e-05 2.5261316939364026e-05 0.0001486337984029565 2.395857499705909e-07 1.676497084482168e-06 9.403797835176929e-06 1.431038949285811e-05 8.613169045889615e-05 2.2616677204580992e-06 1.598166467470526e-05 0.0008377409373590353 1.9116768611367496e-05 6.939816352728228e-06 0.00021631665532152264 4.666595974011474e-07 6.832176715826879e-06 0.0011434379049988985 0.0008703133703566167 0.0 4.488046631332993e-06 4.6732156390972776e-05 6.24404297806738e-06 0.00013677874982537765 1.4121568590988993e-05 5.0733639266461856e-06 0.0032614486916504367 0.0006942874276756545 2.030516527994444e-05 0.00029654471700708536 0.0001421984063910648 9.736103786142845e-06 3.921744511738968e-05 1.4827210356498132e-05 0.0022967922252889964 7.692892299321937e-06 0.000870200542007068 0.0009733800082809286 0.0026321227792300977 0.0009364685029574315 1.5933241410907986e-05 1.926887554509861e-06 8.441885216642236e-06 3.1490469012849563e-06 0.0 1.2322491151313838e-05 2.1182080962711146e-05 0.0 0.0 1.1370744374292698e-07 1.1330923570464152e-06 0.0 4.883873235304024e-07 0.0 3.508694646675331e-06 0.0 1.989083507565859e-05 1.7375811030324723e-07 0.0 3.274850539615242e-06 1.999113765200962e-05 1.744482236166778e-05 0.00011487610395538716 0.0 2.444003948851893e-06 2.184367294918386e-06 1.8542389892501723e-06 4.964031092829606e-06 4.270458819576072e-06 0.0005447951919195075 0.0003903981245326374 3.1845753519666992e-06 8.015138375424182e-07 1.6974565763395315e-06 1.902034774106135e-05 0.0 0.0 1.1387546207282774e-06 2.5420633713337576e-07 7.78180616120875e-06 6.8686806083851865e-06 3.2271380021632503e-06 9.765014664546605e-07 1.561041966662328e-07 0.0 1.6621356444784476e-07 0.0
2.2622234133620836e-07 1.793129565899389e-07 2.151003964287826e-07 0.0014453751547194092 2.11533809498969e-06 0.0003262355276214055 3.182190793522525e-05 0.00020034924412360095 0.00039999727211667725 0.0024552071426251873 7.562698619540248e-06 0.0022428895752332773 1.952471802128681e-06 9.936501497588855e-05 3.4198932970288076e-05 0.0 6.829706431741888e-07 2.411344062112505e-06 4.488046631332993e-06 0.0 1.887503372348368e-07 3.2253302681886315e-07 1.198847459448912e-07 0.00011998424753268461 0.0 2.0507603561845724e-06 1.264896009800266e-06 0.0026290219854675874 4.139037513378593e-05 7.359902175916397e-07 1.8413061359650524e-07 1.2270561086614388e-05 0.0 2.720812255170146e-05 1.236142305046219e-06 3.916029907752278e-05 1.465516258871708e-06 3.698783697197021e-05 1.2593255347254617e-05 0.0001647518220323445 2.2518630953717323e-06 3.429043491869317e-07 2.7530691037991176e-07 0.0 0.0 0.0 1.9319642619591386e-05 2.7151508830023904e-07 2.9584399308619116e-06 1.2691694151601472e-05 1.374408209360455e-06 7.2012169357890865e-06 2.9258488731291775e-05 0.0 1.4763671585934594e-05 0.0 9.860851856449562e-07 4.7083179532179895e-06 0.0 0.0 0.0 0.0 2.351058437057279e-06 0.0 3.341579877333857e-07 0.0 4.2598518169511884e-05 0.0 0.0 0.0 3.117523978477382e-05 4.1645458377026196e-07 4.861503221619167e-07 0.0 0.0 0.0 0.0 0.0 2.0297110043016885e-06 0.0 9.109867472811329e-08 7.466491928076899e-08 4.571380102324834e-05 0.0 0.0 0.0
4.604011967176681e-05 9.127954330978804e-06 0.0003481096540604617 0.0 3.258789912985505e-07 1.231578105212872e-05 0.000669650700089826 0.00022003547822000382 2.264407167590233e-05 7.509087150617526e-06 1.1578499144549596e-05 6.264299375553066e-07 7.881889823446032e-06 0.0002731057671739011 0.0 0.001648737483685755 0.0004636731993820223 3.322483602079828e-06 4.6732156390972776e-05 1.887503372348368e-07 0.0 0.0002252655354799691 0.006190760430755819 0.00014812662594834082 3.7340072557998446e-06 3.0840978880307246e-05 0.00036611334727226335 0.0018300573637437297 0.0002012119984112129 0.005102715249928802 1.1193162137690249e-07 3.163495237580407e-06 1.919663898192737e-05 0.001891641465420813 0.0001693394329351588 0.0032737539890185575 0.0002859547623343715 0.0030088270984683202 0.0020584152336951705 6.728913684464553e-05 2.2222727821932746e-05 3.1978574326815647e-06 2.444195655985197e-05 3.120884267510797e-07 3.43060814221778e-07 5.996443272773034e-06 0.0 0.0 0.0 2.9482012408675267e-06 5.4881142533638e-07 5.792531665657916e-06 0.0 0.0 0.0 0.0 9.98844758656012e-07 0.0 0.0004086081750304243 9.208593706668636e-07 7.449862460864681e-08 1.44911280149776e-07 0.0 0.0003558253623172514 0.00014684566243643144 0.000125608990296868 0.00015163087706271833 0.0 3.902183578087734e-07 1.9020597183069533e-05 7.907322634801572e-05 2.022169134903781e-06 5.981226677787206e-05 9.390106457558734e-08 0.0 4.2990293521755825e-07 3.288267745524067e-06 6.6394794704037476e-06 7.086779631663147e-05 1.9050742152563335e-06 1.0022078883732047e-05 4.853911141112583e-06 5.087492663273928e-07 2.699432943478718e-07 0.0 0.0
2.6475000443198045e-07 0.0018083701141503893 1.725324732758105e-05 8.502728172076336e-08 2.0528445265633616e-07 1.6588967143588686e-06 3.625043518878053e-05 1.1453617026335038e-06 0.0009809594435361032 1.6488139914537497e-06 2.3815469353766967e-05 3.4681441897815e-06 0.00010131887765014603 1.1475801746808704e-06 3.0054244388384892e-05 0.0012895508059639132 1.9412691359335178e-05 3.7115000868351987e-06 6.24404297806738e-06 3.2253302681886315e-07 0.0002252655354799691 0.0 0.00022526293587845923 0.0030923560754921174 0.0006791487714480847 2.870925074374665e-05 0.0034337032525826486 8.123614680599163e-05 2.0853263690301036e-06 3.559741513917005e-05 2.0479668857873087e-05 0.0 7.637655071594563e-07 8.54695743176689e-06 2.09115689043878e-06 8.790407846552458e-05 3.7379110208339446e-05 2.914152606407533e-05 2.7405680569515317e-05 1.9694035357144704e-05 7.534662018665267e-07 1.2386820242908532e-05 5.585957830800349e-07 1.1930283907885865e-07 3.414956606610025e-06 0.00011950738784085953 0.0 0.0 1.2037069295204228e-07 4.432202403155095e-06 7.001090394972736e-07 1.813685942081736e-05 3.534075823468149e-07 2.3521730882391508e-06 0.0 5.011039817719178e-06 1.2073113564840016e-06 4.603347261536494e-07 0.0006663306839613114 2.670791027507484e-06 4.0827780024169377e-07 2.040742763603791e-06 0.0 0.00018793698378353113 0.0003044848705331933 0.0003390626051804785 0.00012704459198183566 1.3566437805322074e-06 9.317144713256561e-06 0.0007851737888842663 4.523028441186852e-05 5.224641910260157e-07 2.4559769406903864e-05 5.975358121475677e-07 0.0 1.6286336743072346e-07 2.252961587261929e-06 7.849608432803055e-07 4.085706130705387e-05 9.239470622650157e-06 1.3098241567011361e-05 1.2917840364719132e-05 2.539366048003762e-06 0.0 9.893235555757567e-07 2.1430534012668132e-07
2.7376127001369138e-05 2.0718866100168337e-05 0.007205064035181101 0.0 1.2976222430003129e-07 6.769967565297827e-06 0.00020871522704534669 8.536747845734092e-05 2.0834633104287326e-06 3.87174550058869e-06 1.2498487694579121e-05 1.389135112692607e-07 1.1718829349298791e-05 0.0001271358928775307 1.541650816653837e-07 0.0026918793616107477 0.0015661242283306718 5.287613099468978e-06 0.00013677874982537765 1.198847459448912e-07 0.006190760430755819 0.00022526293587845923 0.0 0.00013909508066624855 8.05786603233746e-07 0.0008252443372085743 0.006579633848554435 0.0006702924594113505 5.641648911027036e-05 0.0018004461925824947 6.138712855859677e-08 2.7005291467344198e-06 3.3253715428083763e-06 0.0016911891647035538 0.00017770015193053527 0.004548726713622692 0.0013230960537202665 0.004350263616750166 0.004054553903839497 0.00018022879794753413 3.7307806862217136e-05 6.406041299114317e-06 5.163034000291883e-05 3.188000341367594e-07 1.2841671683300923e-05 0.00031931590679710374 0.0 0.0 2.444083864329619e-07 1.2004048263856731e-05 1.7744505211624068e-06 3.85599424180257e-07 0.0 0.0 0.0 1.1558249612967396e-07 4.248305948467803e-06 0.0 0.0008458544544884842 7.975234122619462e-06 8.367193130599704e-08 1.020607810193851e-06 0.0 9.532996555530473e-05 0.0004330134341548891 0.0009292003203321389 2.7513047787092702e-05 1.8087595509969737e-07 7.138740168238159e-06 0.001065189259151917 6.821255969661595e-06 6.305255543184456e-07 1.6332449457981313e-05 2.876428370366345e-07 0.0 1.1864675747308987e-07 1.7474219297201265e-06 1.2483406043324391e-05 8.502061066242693e-05 1.8297990469089207e-05 2.742114324010992e-05 5.1514752125146535e-05 2.585585768545211e-06 7.523889444825738e-07 8.276042659955346e-07 1.3957695145736234e-06
1.3895709970171684e-05 0.00031576285028399944 2.3074785529861494e-05 0.0007380236450750246 8.424984627637327e-06 0.00044576763515186975 0.0009479923344234513 0.0002533632690428925 0.005703689915665939 0.0008821593049835687 1.6678436109463075e-05 0.00021621225943619466 2.1177735731574043e-05 0.0003380346148338966 0.0006408998096523803 0.0015976109943664244 1.5598394797952385e-05 5.809037527455662e-06 1.4121568590988993e-05 0.00011998424753268461 0.00014812662594834082 0.0030923560754921174 0.00013909508066624855 0.0 0.00012160893066475844 1.7956520586209078e-05 0.0011342147615761298 0.004291779928816932 0.0005936875917795 0.0012904992254350503 4.541838691711523e-06 2.0442025134365524e-05 0.00015802751166708415 0.0003059153789243359 0.00011160084494718189 0.0021053794399229116 4.615677544650374e-05 0.0009159608769305794 0.00045007941925081466 0.0003782943100995182 2.3000574856648567e-05 3.24376480728179e-06 1.8486378416851984e-05 2.4287889707528205e-05 4.6957017789582315e-06 5.867431658344108e-06 0.00012050488165400399 1.4056532124605812e-06 6.31408580224399e-05 0.0007358728031058403 0.00011265445094068185 0.0004230976068129338 0.0003178385266975011 3.662877994325229e-06 6.840421016945811e-05 1.0404172919451922e-06 0.00011355792715322702 1.1895707955280476e-05 0.00016213381212077668 1.7816495789678555e-06 9.038000854478746e-07 1.7708882328435753e-06 5.643687081767655e-05 0.00018885705123878344 9.589513787803173e-05 3.757392386132976e-05 0.0022945527315496664 2.303373032851485e-06 3.131713951878058e-06 2.3686287944683037e-05 0.0014905401135308781 0.0001772393063026402 0.0006529737858552709 2.772158996731428e-07 6.848204097407211e-06 1.9859848094552032e-05 4.6761615224972267e-05 1.6800505491095554e-05 0.00042686769788195165 3.000897413994281e-06 0.0002528007845968933 9.249218603075191e-05 0.000168553194052303 5.7471551872293545e-06 1.7994516074753668e-07 1.9231301720701907e-06
