0.0 0.0 4.639281053729828e-05 2.0231254418760383e-06 2.130331379616683e-07 1.0406109748617819e-05 0.0015862871448138734 0.00015357263946717787 7.527160925477225e-07 5.414758998163998e-05 2.1229614034352623e-05 1.1303865660237356e-07 1.5040009895432833e-06 0.002462884510402269 0.0 2.501924298386092e-07 9.818484189125537e-05 1.885480668768987e-05 1.5828980028649303e-05 4.5427071652119955e-07 8.762117421334388e-06 5.846371846357851e-08 3.655460791276544e-05 1.2406191980342987e-05 1.6915913381103687e-07 5.930645493522784e-05 7.327235702285104e-06 3.2396818522209335e-05 0.0014969067358307439 0.000908967389359411 6.115632546126785e-07 3.743097807961991e-06 3.268459858597617e-05 7.531336195043455e-05 2.2345811234650834e-07 3.830881522831489e-05 5.669797765075972e-06 8.045902879215476e-05 7.2853827384600605e-06 1.0247484414468052e-06 1.0219853859992237e-06 4.917890561128182e-07 2.6340178297446365e-07 1.985267128888162e-07 8.288903778314265e-08 1.704585754102922e-07 7.380987431457602e-08 0.0 0.0 4.651868143796089e-07 0.0 2.2887646211912399e-07 0.0 0.0 0.0 5.8380367056417985e-08 2.5661800674799685e-07 0.0 3.954467271145094e-06 0.0 0.0 0.0 0.0 1.4836131943946946e-06 6.937717312464244e-07 1.0935902566710235e-06 3.173046955019417e-06 0.0 8.200210830618878e-07 6.628519575658924e-07 5.1622965609705845e-06 0.0 4.908347112073872e-07 0.0 0.0 0.0 1.0236745675590348e-07 3.590129011210602e-07 3.451621700057552e-06 3.534866585779947e-07 4.415164665298427e-07 2.3387990158346807e-07 7.795668087275748e-07 0.0 0.0 1.4710705318388797e-07
0.0 0.0 0.00012397821949275702 5.488508597120403e-07 8.503676910269495e-07 4.872581923952361e-07 9.572586922427054e-06 9.290805318575196e-07 0.0003941720165466031 1.0325781529504724e-06 6.0600979591348145e-05 1.2052820967134184e-06 0.0004634315719824205 1.751321600824946e-06 6.483199580593994e-06 0.0001325398028778571 6.485756095840365e-05 1.2538167694141937e-06 3.3849703669810086e-06 1.7259493198531886e-07 6.929467062704439e-06 0.0013635130554921914 1.8354647454234317e-05 0.0005761660259570661 0.0009778139454806063 0.00016185984973417908 0.006541312802777457 1.9336101127677056e-05 9.404006607877552e-07 5.797517675166654e-07 1.2038580730464731e-05 2.6372168737925473e-07 8.112396120713321e-08 7.292820581695404e-06 1.5186681237939746e-07 2.331451934320694e-05 5.8128324253132757e-05 3.7855967120977055e-05 6.337425140624079e-06 2.3071632801522028e-05 0.0 6.546694281457398e-05 4.749804566170789e-07 1.4019313203444324e-07 2.3046288276316527e-05 6.961865993096716e-05 0.0 0.0 1.3572255208587098e-07 5.976550844201387e-06 1.515060269123974e-06 1.4329497897266208e-06 2.6598532919225076e-07 4.674888019356114e-06 2.51157599127193e-07 1.9397007444993607e-05 1.103169758966384e-06 0.0 2.835332168699413e-06 5.3445426358460575e-05 9.116100860588902e-06 7.278659794901221e-05 0.0 6.859842640921407e-07 1.2200992430184358e-05 2.8954683896648434e-06 4.712939287944342e-06 1.1309023010728093e-05 0.00048030197362288884 0.0010314956830214407 2.3316308094464208e-06 7.307540517725941e-07 8.642863923203685e-07 3.748088532433017e-06 0.0 1.0312918249451314e-07 3.6001635361989635e-06 0.0 2.3630697527235454e-05 2.9744438845182983e-05 2.9425759950722885e-05 3.8226660054454395e-06 2.4866004093151675e-07 0.0 2.4625001323255056e-06 1.9474253048001625e-07
4.639281053729828e-05 0.00012397821949275702 0.0 2.5546041393600313e-06 1.1709886078156252e-07 1.919970537209682e-05 0.0008042968075949939 0.0003206785898993134 1.360054765946514e-06 5.7210938191018224e-05 1.0523859688732229e-05 3.306987137114438e-07 2.3500524395037387e-06 0.0003595325680358919 4.600835455788863e-07 4.081098336055904e-06 0.0014829006279395763 6.537467000567246e-05 7.154536423246195e-05 6.105133113882019e-07 0.0007038361181919658 5.997043125365239e-05 0.006651004911535839 2.745584827349044e-05 7.182141903916085e-07 0.0033920404155846013 0.004058966924424224 0.0004770751555864551 0.00010958139780126779 0.0009664594473054184 7.807874151741269e-07 1.2672753503152484e-06 4.238975873546596e-06 0.000434031240142351 9.727065947355163e-06 0.0008948047211301917 0.0029742590127720707 0.0012798157345687933 0.00033417978408568753 2.2391592955880597e-05 2.797462800944554e-06 1.2822578251767525e-06 3.96123926854111e-06 3.595776121156356e-07 0.00018317290288610773 0.0008484104787756705 2.4068571054929094e-07 0.0 3.6760057177055126e-07 2.366433920542316e-05 4.017490216135623e-06 6.635730772401351e-07 8.6378888758038e-07 9.794686936719656e-07 1.242002778002625e-07 6.005081292547107e-07 4.163332714414605e-06 6.1761524037097e-08 1.8174829213899472e-05 0.00015590046060937561 1.5842548934150133e-06 2.6365637027207896e-05 0.0 6.478947565419833e-06 7.83776348364005e-05 0.00010468654376184559 1.2696526664357767e-05 1.6346822533926387e-07 0.00024614532157594623 0.001996765620453465 9.114808418269838e-06 1.7465800821778027e-07 2.9607510087468415e-06 3.499421411769816e-07 0.0 0.0 2.0887739430273337e-05 4.103816942703213e-06 8.088711356321089e-05 0.0005256451247283647 8.999154365067935e-05 1.4143600101908009e-05 8.100895213613782e-07 0.0 8.182105001940033e-07 2.7816005414303536e-07
2.0231254418760383e-06 5.488508597120403e-07 2.5546041393600313e-06 0.0 4.785085666667777e-06 4.463003418293453e-05 1.6953824923727097e-05 3.287136465776619e-05 0.00036974462770371613 0.0016332566617552832 3.3225782714288712e-06 0.0013274124195173742 1.0263320413882446e-06 2.7138086950288143e-05 2.958431806033363e-05 1.3446345691206217e-07 7.28773032409578e-07 1.2804800080092216e-06 9.55923297966773e-07 0.0024984876976203683 2.223471996868598e-06 1.3777642942109587e-06 9.314276164998315e-07 0.001191102440518092 0.0 4.941933604191924e-06 4.925837863464503e-06 0.0005728097285801981 5.1461656325870775e-05 7.993772071433596e-07 6.202181680856179e-07 2.7027798517119677e-06 5.115258962626866e-06 2.2756771367135148e-05 2.3347657994756494e-06 0.00040463615952869786 3.5245405777063425e-06 8.571431547122568e-05 1.558256180523394e-05 0.00018592836964389777 4.0815682057068776e-06 1.133297253624104e-06 2.829931163538045e-06 3.054161873545836e-07 2.5908903057740463e-07 2.4995629372600554e-07 5.4693276775420616e-05 2.0625639027047816e-07 1.7944707516205239e-06 4.233325681211465e-05 1.9863727555188082e-06 4.612422183059438e-05 1.7899680075293778e-05 0.0 4.635220143405914e-05 1.1267387123324781e-07 5.598833087186803e-07 4.3082990556720024e-06 2.0641637757898113e-06 0.0 0.0 6.772202913020531e-08 1.6147165064284957e-05 5.414406296243943e-07 1.4014543819324336e-06 1.8294121749290363e-07 0.00010174337196456656 0.0 1.4423840880416307e-07 6.70899893753555e-07 0.00012199288247345977 1.839231623812421e-06 7.075880104711489e-07 0.0 1.883694847408941e-07 1.5186861156740793e-07 1.3846922175776636e-06 0.0 0.00011657290068738634 5.918203696299211e-07 6.837826320984413e-06 2.281157859068538e-06 0.0001418055782256071 4.239408424673897e-07 3.788069532555303e-07 0.0
2.130331379616683e-07 8.503676910269495e-07 1.1709886078156252e-07 4.785085666667777e-06 0.0 0.0004110240229377911 2.602831315470892e-06 0.00034974537418698743 4.822615063586199e-05 1.1795248655706507e-05 2.0413166639672966e-05 0.00018841181927640598 4.803349015719693e-06 6.224150903755807e-06 0.0009861023467808156 0.0 2.1987657262960469e-07 6.537307911024304e-07 0.0 3.413905425283642e-05 3.8106598739191416e-07 2.68803531946485e-06 3.834884806845595e-07 5.595127042562509e-05 9.311809522118575e-07 2.8439957489926473e-06 2.3361659626915157e-06 4.376508767145862e-06 9.436838973266522e-07 1.5598559621862695e-07 7.084288748840161e-07 2.4711969939400476e-05 0.0 0.0002939468386965843 9.980965062870214e-07 2.7052819181169517e-05 1.4815102873577406e-06 0.0001341241763348365 6.727427442538926e-06 0.0015838333201394076 0.00018059646644863806 1.6436983648293416e-06 3.04056603873503e-06 0.0 0.0 0.0 0.0 0.0 7.757016262894408e-08 2.9553263691299615e-07 0.0 0.0 1.354214733312384e-07 0.0 1.1788670290434792e-06 0.0 0.0 1.412915655699337e-07 0.0 0.0 0.0 0.0 7.06979592372709e-08 4.740802263136378e-08 7.868636131759496e-08 7.759029744436225e-08 5.361983442947722e-07 0.0 5.306491109081661e-08 0.0 2.3158673772817802e-07 0.0 0.0 0.0 0.0 0.0 0.0 0.0 1.4752035738774038e-06 4.943932052274573e-08 0.0 0.0 1.6036169429551123e-06 2.3095974630472752e-07 0.0 0.0
1.0406109748617819e-05 4.872581923952361e-07 1.919970537209682e-05 4.463003418293453e-05 0.0004110240229377911 0.0 0.00020650118270445594 0.002553936598579548 1.1642391814526138e-05 0.004634048223250222 2.397823467332026e-05 0.002276487845817448 5.283194904572809e-06 0.0001564540991632368 0.0004591639790508354 1.2199655991867416e-06 7.420158705553017e-06 8.12475874744773e-06 3.0938445522056848e-06 0.00031361645992441215 2.3813848097806434e-05 2.6955368985697763e-06 1.0081377807902429e-05 4.0842312829828115e-05 9.907834250381692e-07 2.577174785831861e-05 2.830918253299578e-05 0.0002176451563363602 9.771405960947692e-05 1.0702633946567105e-05 2.532795252635852e-06 0.00013988663511288235 7.591238553016745e-06 9.552900942616146e-05 1.7996632886702787e-06 0.00016810466921977657 9.158126407501273e-06 0.0001686124855121676 2.1410552101007225e-05 0.0011172938705380287 3.8324670627510577e-05 2.9244537034574605e-06 3.2824403177508733e-06 5.8989600640480475e-08 6.804942283793432e-08 9.145817606474847e-07 3.994110572454339e-06 0.0 7.85594161700422e-08 9.184820685746368e-06 4.578382430501841e-07 2.0427471120519186e-06 1.9812904479897853e-06 4.1226923192002485e-08 1.7468495380090196e-05 8.578368262375078e-08 2.789783153422996e-07 4.1469963505752115e-08 2.161806147945156e-06 1.0585033368312648e-07 3.7785683571054644e-08 0.0 1.2154614051402175e-06 1.7164378795237862e-06 1.1090435995134347e-06 1.0540414493011906e-06 1.5495323149983955e-05 5.577434561604463e-08 1.8294762801441254e-07 1.924748039251346e-06 1.9041502978777422e-05 1.6451581426040437e-06 2.7949789670427865e-07 8.895298155930904e-08 0.0 0.0 2.39662115189887e-07 7.469619236015723e-07 9.19804375586236e-06 2.315203908418483e-07 8.150704636618188e-07 7.734840868407705e-07 6.877891360008467e-06 2.864426307768461e-07 1.0840115076942207e-07 0.0
0.0015862871448138734 9.572586922427054e-06 0.0008042968075949939 1.6953824923727097e-05 2.602831315470892e-06 0.00020650118270445594 0.0 0.0015129413974054378 0.00022346777451637316 0.003135671719444905 2.1392378411491162e-05 7.49426679893722e-06 4.438475760647889e-06 0.0032996328733808753 9.705665560417745e-06 7.695134988999045e-05 0.00014584826789461577 1.988841100313386e-05 2.0121757434501563e-05 7.378359757594039e-06 0.0016969516495298665 4.632239595748644e-05 0.0005899057122159492 0.0006982706534380367 2.216580368097429e-06 0.00025258832950148837 0.0007743873978441083 0.0058649090986326174 0.0009622765861860539 0.003409087971617623 1.6085314579177267e-06 8.447654777701411e-06 0.00018615330175564943 0.00021338662558932108 2.7802314599187453e-05 0.0011874614777571404 7.170894495459141e-05 0.0007470515300906373 0.00024928777229663474 7.732789654017012e-05 1.6457606932285756e-05 2.6232890375974e-06 1.6150352278306003e-05 2.5797234735133223e-06 5.033059595296648e-06 1.1681408475473009e-05 4.9926424584701364e-05 3.528096665495293e-07 2.81604673823898e-06 0.00011515281819297415 7.609791746868886e-06 5.2930396086436676e-05 2.3174088049144932e-05 4.61765632779469e-07 5.6072569037363255e-06 9.484203840983838e-08 6.8044527108396125e-06 2.2057932815272757e-06 5.399249315504344e-05 3.5564523512495086e-06 9.197475804866616e-08 7.99037548239315e-07 1.2202254337503653e-05 2.4827788067212586e-05 2.291819570026696e-05 1.9746852923697656e-05 0.00028511767363078835 6.130456685129592e-08 7.72717170883577e-06 5.252248965871512e-05 0.0002678408012926895 1.2003339237702177e-05 1.3849364540588897e-05 0.0 3.9074810191405133e-07 5.922921847443537e-07 3.491587853221866e-06 3.18235886466708e-06 9.704664447960387e-05 1.2038593478370025e-05 2.11072014290282e-05 5.861823243736805e-06 4.384313416179957e-05 2.798050480841352e-06 1.0713071632288374e-06 8.581696577350165e-07
0.00015357263946717787 9.290805318575196e-07 0.0003206785898993134 3.287136465776619e-05 0.00034974537418698743 0.002553936598579548 0.0015129413974054378 0.0 1.449936142049712e-05 0.003999274954581393 8.442503654522186e-05 0.00036329694080690844 1.7177835383135935e-05 0.00393545598177333 6.820125149070622e-05 1.370201985196906e-06 0.0002699116156865086 8.346987177687515e-05 4.8975392401282425e-05 0.00015844524648468334 8.943814272859718e-05 9.470518090655144e-07 0.00013422269054523084 0.00012107074867964847 1.89799191940372e-06 0.000359981735622574 4.373453654847593e-05 0.00023437389232642788 0.00042484760655134605 0.00028375916845939847 5.1091033516843195e-06 0.0007193573563743146 9.67183966293082e-06 0.00024131660528553197 3.299589018633887e-06 0.00019569848308792593 3.622097992350107e-05 0.00023158729554228523 2.9513342488580475e-05 0.0005183441826997552 4.453457484384967e-05 5.196560952024882e-06 5.187430350795025e-06 1.2845999949640109e-06 4.790250970885999e-07 1.3484840086636638e-06 7.606673995401206e-06 0.0 4.2064051729927935e-07 3.04330850701037e-05 2.0206808317356545e-06 5.211148303989346e-06 2.599139326820084e-06 9.745559669267031e-08 3.7137544082157665e-06 3.5241572848361573e-07 2.089185606386348e-06 9.594978237759449e-08 1.7314067269988652e-05 5.002589348009155e-07 0.0 2.0767542667602387e-07 1.910958213941393e-06 1.162470540509625e-05 2.828215114835321e-06 3.343389903344946e-06 7.075890590101287e-05 7.137342268730466e-08 2.7139547400929906e-06 7.093097481917341e-06 6.597621639440024e-05 4.825812825164119e-06 4.453771177202859e-06 5.330035239504231e-08 2.1272834015377014e-07 2.506873235618509e-07 9.776801325727786e-07 1.1547968299428134e-07 3.0455414039183268e-05 3.661661804655396e-06 7.189088338440737e-06 1.9466244211241218e-06 5.92818263661733e-06 1.0776740251733952e-06 7.751070165932928e-08 3.964911941519008e-07
7.527160925477225e-07 0.0003941720165466031 1.360054765946514e-06 0.00036974462770371613 4.822615063586199e-05 1.1642391814526138e-05 0.00022346777451637316 1.449936142049712e-05 0.0 0.0001150271124775181 3.0686625061109466e-06 6.596024906157486e-05 1.4421145704090376e-05 1.3919495810456154e-05 0.0001724429789508766 1.6866134518697255e-05 9.283231395290573e-07 3.4976828915013927e-07 4.0077056283483846e-07 0.00017071640134871916 9.034189451105626e-06 0.0013720559268868132 1.8976510390996846e-06 0.004890358264511385 0.00010583806580997039 3.6186305920966604e-06 0.0004022428092640332 0.0007631555962168311 1.495087668423715e-05 2.3292395817994093e-05 7.157539690040359e-07 4.190470254806682e-07 2.68199060725321e-06 4.261695847869345e-06 1.0346970588645519e-06 0.00018677107553666467 8.517659080479805e-06 2.0380598133250884e-05 3.37481042176664e-06 0.00020167359177323028 1.1133286912232753e-06 1.6935115580834206e-06 5.39040297062122e-07 4.651502063889249e-06 3.589185300530241e-06 9.706170909178633e-07 0.00010781648037660269 1.0647077123512904e-06 5.016992875618107e-06 0.00013220843249654352 1.0407140807681955e-05 5.003613350014306e-05 3.8119247056503326e-05 6.971259772015563e-07 3.706026321213913e-05 1.4986073237525188e-06 1.4885461707816023e-05 1.555522752802118e-05 0.00019307855129493037 3.7398866193950093e-07 4.0910103736409905e-07 7.421202611258376e-07 3.7360607751787963e-05 4.896562142076874e-05 1.6130144412929125e-05 1.192177734608814e-05 0.0008008503001563374 6.277960700624282e-07 3.3925033185126465e-06 8.16423369668698e-06 0.00046517649674214783 2.850570854150317e-05 2.196485946278561e-05 1.9863256145988018e-07 1.5674043238363543e-07 1.5158479989803532e-06 6.8953468443885806e-06 1.2285355119968446e-06 9.091501822718841e-05 3.0924551731472227e-06 3.409332511763022e-05 1.0412896219969412e-05 0.00013655408683490837 3.224279612534727e-06 0.0 1.0494053915951743e-06
5.414758998163998e-05 1.0325781529504724e-06 5.7210938191018224e-05 0.0016332566617552832 1.1795248655706507e-05 0.004634048223250222 0.003135671719444905 0.003999274954581393 0.0001150271124775181 0.0 7.854968752530007e-05 0.001831081483418716 1.5458582977491297e-05 0.0007764470077031699 3.600178846484418e-05 4.9948542182101675e-06 1.6427710121323313e-05 2.9308761888352542e-05 2.2787591497980496e-05 0.0007690120828641429 7.33946255102903e-05 5.234907320358807e-06 2.7449820525573882e-05 0.00023726017580644591 2.2232155760082424e-06 8.413254310986096e-05 8.087343633342703e-05 0.0022696496862444245 0.0004994431187164419 3.2608195525891786e-05 6.401083188011655e-06 5.0299447554417586e-05 2.6988209246304033e-05 0.00027227126773386804 1.1136521245232496e-05 0.001058432724428537 4.013546517425263e-05 0.0009622883070512011 0.00013761963111483122 0.00023919336176685683 5.065779198405501e-05 5.633169738312417e-06 1.7076718142634146e-05 2.7738229661532415e-07 7.033325651377324e-07 1.5784827984127097e-06 5.24484996315588e-05 3.5143306830833654e-07 1.7131012414757078e-06 5.231129468385709e-05 1.8784355648722607e-06 3.3857380757511306e-05 1.1704888979732579e-05 2.753546812083458e-07 2.183153799292368e-05 0.0 2.19393696165794e-06 2.79307619041691e-06 8.45120624684309e-06 2.9760379852084615e-07 0.0 1.825275358983954e-07 1.1865014010226809e-05 5.31462708846148e-06 3.1360772214955488e-06 2.914370783237126e-06 0.0001174790375056527 1.347301865346165e-07 1.126511323491665e-06 6.625197250663433e-06 0.00012131068468098719 3.856817150047892e-06 2.9458051795419495e-06 5.6360899191893615e-08 1.452170829734841e-07 5.111724984371883e-08 1.7558645505514194e-06 1.561178277608707e-06 7.306272086887352e-05 2.219714966839834e-06 7.329520788078776e-06 2.015300762247782e-06 8.014681962784802e-05 1.0764940467325268e-06 4.6980750950669825e-07 0.0
2.1229614034352623e-05 6.0600979591348145e-05 1.0523859688732229e-05 3.3225782714288712e-06 2.0413166639672966e-05 2.397823467332026e-05 2.1392378411491162e-05 8.442503654522186e-05 3.0686625061109466e-06 7.854968752530007e-05 0.0 4.0600336348156755e-05 0.002928918689405045 0.00019759652955344422 5.684527278491465e-07 3.797241990504609e-07 0.0004558945333794609 0.0012490780415087834 0.0003048346173027967 2.4136346544078658e-05 2.397318240345449e-05 6.1151579993183575e-06 3.6887559710859414e-05 9.366769746130532e-06 0.00024765384994419453 0.001044045617577045 0.000653702552232249 1.5509169053643785e-05 0.000429249536817495 5.389637744876827e-05 0.000526505584269728 0.00017884067021237772 4.678904271420062e-06 0.0032709857598298784 3.6081247676148203e-07 0.0001358430267353243 0.002016017592493248 0.0017777894864857062 0.00024246517817927044 1.648391214343735e-05 7.2831529776977095e-06 0.0005418146401289149 3.937679435449199e-06 0.0 5.789820507503313e-06 8.635968608291228e-08 0.0 0.0 0.0 1.5697093286891603e-06 1.7112368621549327e-07 2.268188053920112e-07 3.374007658451092e-07 0.00013058617231622734 2.1790078992762757e-07 0.00028188873905444595 2.97885499435504e-07 0.0 6.149790861883073e-07 2.112628064401892e-07 1.137122655722775e-05 7.393594034668631e-07 0.0 4.860877364860333e-07 7.018301224717331e-07 0.0 4.381872241684159e-06 0.00012461883015874687 2.759488650235269e-05 4.8422215039281214e-05 2.0014108772176205e-06 4.867724372306086e-07 1.2967741201854588e-07 2.7746580376926793e-05 4.0061667740664904e-07 0.0 2.8567083726483876e-06 1.0482571366420926e-06 3.180735558255279e-06 0.00013175868944030757 1.923995201208957e-05 1.2006824359957528e-06 3.134510757722843e-07 1.1118390220607732e-07 0.00011816308743053415 0.0
1.1303865660237356e-07 1.2052820967134184e-06 3.306987137114438e-07 0.0013274124195173742 0.00018841181927640598 0.002276487845817448 7.49426679893722e-06 0.00036329694080690844 6.596024906157486e-05 0.001831081483418716 4.0600336348156755e-05 0.0 1.0082254787723408e-05 9.227091860950854e-05 0.0007570233333297833 3.3040124796037704e-07 1.1650300079602272e-06 1.1249328377055765e-05 5.961918633213907e-06 0.002701369568966793 2.1517672420071266e-07 3.1921562442422466e-06 4.644860964734768e-07 0.0005765327002468763 1.4440251047532995e-06 2.606391329658555e-05 1.1497098211208912e-05 0.0002725534205994345 6.349457285044678e-05 1.008517560489855e-06 3.919332435125454e-06 3.958101534384477e-05 3.118680353344332e-07 0.00013464860540778105 4.574511141063753e-07 0.0003686693622098439 9.69314045822946e-06 0.00032066371760277625 2.1089397684747693e-05 0.0012100446579467827 2.7814368314116983e-05 2.1475579173224673e-06 2.875710610184593e-06 3.160229565230928e-07 0.0 0.0 1.5616971451464994e-05 0.0 7.1976488603670746e-06 3.859828025359486e-06 1.8268005511390045e-06 4.927925978396777e-06 2.3390922257015878e-05 1.33626618730901e-07 0.00013751271768044706 0.0 4.4835539225709434e-07 1.3117418065991692e-06 6.592264364786591e-08 0.0 5.3181880252815314e-08 0.0 1.004344325615105e-05 3.3155660458645936e-07 2.296021492442309e-07 0.0 1.0267806484400965e-05 5.557785746362319e-08 6.251702209850775e-08 2.1083154985060287e-07 1.0389562038697372e-05 3.54305084337138e-07 5.731243634010042e-07 0.0 6.829403926963625e-08 0.0 4.983438893218372e-07 0.0 2.4680234782490125e-05 1.316339046458171e-07 2.9151035574076887e-06 3.2927695658256514e-07 2.7201893266126702e-05 0.0 4.905736095326947e-07 0.0
1.5040009895432833e-06 0.0004634315719824205 2.3500524395037387e-06 1.0263320413882446e-06 4.803349015719693e-06 5.283194904572809e-06 4.438475760647889e-06 1.7177835383135935e-05 1.4421145704090376e-05 1.5458582977491297e-05 0.002928918689405045 1.0082254787723408e-05 0.0 3.293947477760128e-05 2.5762227180694667e-07 1.1250615494948527e-05 3.897189228551083e-06 2.0376212663671733e-05 2.5419300665986128e-06 5.044128327928166e-06 5.727256724800965e-06 2.8282462550497583e-05 8.34073720372208e-06 2.2020984971869684e-05 0.002996969600240945 8.654389754176811e-05 0.0026253907670072906 7.921655832766222e-06 5.926037592012067e-05 9.441565410914975e-06 0.0005444973423296539 4.132534450285978e-05 3.9184577847409835e-08 0.0008598584031745792 1.2818605132676307e-05 0.0007803491660988481 0.002904242914517082 0.0023119287814196785 0.0002603909873354489 4.63423596086891e-05 2.2330186354590547e-05 0.0007512009546575319 7.643153940214967e-06 0.0 2.0773265654279908e-05 7.25923140542288e-08 0.0 0.0 5.938089112078505e-08 3.7223331999455635e-07 3.523274293094264e-07 4.4939541800619566e-07 4.57924651614208e-08 0.0003972441787037782 5.356758849633539e-07 0.0009099558731661901 6.09231225370853e-07 0.0 2.055314535384195e-06 0.0 4.407396107902685e-05 5.011023348986745e-06 0.0 2.4656280206817335e-07 1.0035588374299667e-06 2.2430423536173172e-07 1.0160827365026884e-06 0.0006272417663246242 8.50633645499336e-05 0.00015171489285300342 5.336225726170469e-07 9.351196892590213e-07 6.848125721554026e-08 9.4973470421454e-05 7.473164477480204e-07 0.0 9.425531617839785e-06 2.3802155046935275e-05 7.945275394877505e-05 0.00038328168158312183 5.086880661225635e-05 3.268481675946376e-06 2.0334087192343942e-07 0.0 0.0002571731454882253 0.0
0.002462884510402269 1.751321600824946e-06 0.0003595325680358919 2.7138086950288143e-05 6.224150903755807e-06 0.0001564540991632368 0.0032996328733808753 0.00393545598177333 1.3919495810456154e-05 0.0007764470077031699 0.00019759652955344422 9.227091860950854e-05 3.293947477760128e-05 0.0 1.4114157143434985e-06 2.4393568002873634e-06 0.00046648459232602696 0.00013729924668155934 9.016628452759532e-05 6.931467421144437e-05 8.0616146172711e-05 1.118427246297686e-06 0.00018507784045014867 0.00012020213442833413 4.392662275704589e-06 0.00044732350035906507 5.5460437019926094e-05 0.0002457887555961176 0.0037970300019452194 0.0013795252168860505 1.1265108363944235e-05 0.00012331869249680155 1.9959758268114178e-05 0.0005062080717428639 3.4083569953149347e-06 0.0002621044757095253 5.2729370312371976e-05 0.00044959005960661655 3.3968883251300025e-05 0.00010394599425036309 2.107200077637073e-05 7.622786945435085e-06 4.5440614418198225e-06 6.09961410465986e-07 6.947062192597886e-07 2.1296993380333897e-06 3.7294320571439236e-06 0.0 3.6612030811935605e-07 1.8134281560976035e-05 4.248366771936183e-07 4.669750938985584e-06 2.027990102509086e-06 1.8371253890090254e-07 8.343794079005187e-07 1.6245262027620728e-07 2.0391415356220213e-06 4.513236429031395e-08 1.5937874500680898e-05 3.4775993456277717e-07 1.0491874558051889e-07 1.8836747711037024e-07 6.148086972326965e-07 9.95094841209011e-06 4.2643036867821596e-06 4.9111218037333415e-06 5.775942273678271e-05 5.1451887843010365e-08 2.703712613675046e-06 6.758782349108417e-06 5.591206710989279e-05 3.2788242972539885e-06 3.205240550154486e-06 0.0 0.0 1.6079756112153004e-07 1.1612624314716618e-06 6.317865301080076e-07 2.768051853390572e-05 3.8044533518069167e-06 6.311466503548329e-06 1.768780237440969e-06 7.250580737594815e-06 8.706633948103592e-07 9.398479260954856e-07 4.478059816743805e-07
0.0 6.483199580593994e-06 4.600835455788863e-07 2.958431806033363e-05 0.0009861023467808156 0.0004591639790508354 9.705665560417745e-06 6.820125149070622e-05 0.0001724429789508766 3.600178846484418e-05 5.684527278491465e-07 0.0007570233333297833 2.5762227180694667e-07 1.4114157143434985e-06 0.0 4.18230994981986e-07 4.736150703889759e-08 1.4590955094434866e-07 0.0 0.00016652996783916672 7.186717546205186e-08 1.7670023869957743e-05 5.860024830986195e-08 0.0004231152914848986 1.285847505122338e-06 4.120066528633077e-07 8.085631326731629e-06 2.8658998379950956e-05 9.937412608723163e-07 1.0382401281386301e-07 1.3353168962203076e-07 7.250287165330488e-05 0.0 1.8370211933505235e-06 0.0 4.395200669251397e-05 5.525328687204072e-08 2.4135405696740192e-06 2.1168794871604876e-07 0.00037056084485352685 1.5691070534281597e-05 0.0 0.0 7.155799304759973e-08 0.0 0.0 1.6381386178949103e-06 0.0 0.0 5.028216843068822e-07 1.8772815466665276e-07 1.3112862829127587e-06 6.834769310396515e-08 0.0 6.00028162209561e-06 0.0 5.3232049074595474e-08 0.0 2.9592367872503915e-07 0.0 0.0 4.4818969142959216e-08 1.1500478878166842e-07 1.4362985905782005e-07 1.949433520425849e-07 6.361065779930357e-08 2.0409810042340006e-06 0.0 1.6359858967541377e-07 0.0 2.2678690966488468e-06 0.0 0.0 0.0 0.0 0.0 0.0 0.0 6.013372930944923e-06 0.0 9.612273115354542e-08 0.0 4.349010917413369e-06 8.247083627729099e-08 0.0 0.0
2.501924298386092e-07 0.0001325398028778571 4.081098336055904e-06 1.3446345691206217e-07 0.0 1.2199655991867416e-06 7.695134988999045e-05 1.370201985196906e-06 1.6866134518697255e-05 4.9948542182101675e-06 3.797241990504609e-07 3.3040124796037704e-07 1.1250615494948527e-05 2.4393568002873634e-06 4.18230994981986e-07 0.0 4.312007076111911e-06 1.5627929537690754e-07 5.725036252529558e-07 1.2502632085336073e-07 0.002728519449550607 0.001755984002614814 0.003149663344984282 0.0007899405401571078 3.245556835544922e-05 4.406254577963326e-06 0.0024048181358016837 0.0004888065032349118 9.725102049533333e-06 9.816249780095139e-05 0.0 1.5240385537298227e-07 2.097622741315409e-06 1.6851871064457314e-05 3.3820610178009896e-06 0.0005997353586263674 0.00016371785284235155 0.00014600174068342327 0.00015793508043446616 1.1811214664739093e-05 3.402085962073253e-07 1.5570232401310658e-05 3.254792524713514e-06 9.269834356127385e-07 4.707888367469575e-06 2.277685063079503e-05 2.206819835307616e-07 0.0 9.223009281382075e-08 2.075965178004948e-05 1.939671718696524e-06 2.390389071808992e-06 1.4255179730397348e-06 2.5032858302561405e-07 1.5846118749889875e-07 2.408851388382173e-07 3.184879772081144e-06 0.0 0.0013368285784920002 1.9628200423843295e-06 2.1080660988671774e-07 4.4197606398748033e-07 0.0 0.000157643013044632 0.0006434177540370894 0.0005769558131044839 5.376336789301482e-05 7.394362858423351e-08 3.719784704982005e-06 0.0005327033201826085 8.180231324986096e-05 3.418970346878604e-06 1.4368691518593187e-05 0.0 0.0 4.477226558654234e-07 3.780235750937295e-06 1.2359723459315968e-06 0.0001227102950268568 6.9164571415144e-06 7.480462368023783e-06 3.477071803224535e-06 3.5137174964053204e-06 4.944330031199737e-07 9.977822634734456e-06 3.1653916989288148e-06
9.818484189125537e-05 6.485756095840365e-05 0.0014829006279395763 7.28773032409578e-07 2.1987657262960469e-07 7.420158705553017e-06 0.00014584826789461577 0.0002699116156865086 9.283231395290573e-07 1.6427710121323313e-05 0.0004558945333794609 1.1650300079602272e-06 3.897189228551083e-06 0.00046648459232602696 4.736150703889759e-08 4.312007076111911e-06 0.0 0.0006723091157896326 0.0027153876707901145 1.3101972878005507e-06 0.0002956501299861101 3.4430932819351623e-06 0.0012318430366267496 1.5551007247305465e-05 9.594749097270143e-07 0.0011671155242433432 0.002496317244607757 6.129118629006193e-05 0.0005581339287744956 0.0011426732810299754 5.896953603727737e-07 2.59334173966408e-06 2.3821331761825864e-05 0.0012805758973688684 4.127188607058808e-07 0.00016197661739809124 0.001685477270418985 0.0007360581713032095 6.869464755814592e-05 4.246973651883137e-06 1.2581706105845973e-06 5.354988221904274e-06 5.010693995188012e-07 0.0 2.0887349551351106e-05 3.6122720316494654e-05 0.0 0.0 7.044137016014961e-08 2.6752275290026364e-06 4.2884364808039133e-07 2.137155385248237e-07 5.57922497308807e-08 1.9386360885246352e-07 0.0 8.543168721411012e-07 3.3504204499090866e-07 0.0 2.96972877407485e-06 2.0734231056306227e-05 2.830014277247602e-06 2.621949505920421e-05 0.0 1.6254021330567135e-06 1.3000861071636615e-06 1.8448899677125818e-06 2.526073811691553e-06 1.1365396281166004e-06 0.00017475298239045923 0.00018408812787109653 1.3930008531825367e-06 1.652585563713716e-07 9.89326411869435e-07 7.512760290465256e-07 0.0 0.0 1.3033363841872366e-06 0.0 7.409048595254145e-06 0.00017430050013995813 1.0775159255495487e-05 1.1631734543759204e-06 1.9107132391348436e-07 0.0 8.998167096118979e-08 0.0
1.885480668768987e-05 1.2538167694141937e-06 6.537467000567246e-05 1.2804800080092216e-06 6.537307911024304e-07 8.12475874744773e-06 1.988841100313386e-05 8.346987177687515e-05 3.4976828915013927e-07 2.9308761888352542e-05 0.0012490780415087834 1.1249328377055765e-05 2.0376212663671733e-05 0.00013729924668155934 1.4590955094434866e-07 1.5627929537690754e-07 0.0006723091157896326 0.0 0.0006196311342326201 7.5422311180680125e-06 1.8113573049593926e-05 6.623060466232718e-08 2.4754759033180788e-05 2.3604803979077182e-06 4.78282240151406e-06 0.0016411346254445061 0.00021456266300393125 1.0736337747937572e-05 0.0001508460320653922 0.00010272578042539797 5.7742145766959345e-05 1.7567556243775043e-05 4.127789415177065e-06 0.0005149247688310904 3.288289551110683e-07 0.00030022485090079387 0.0007067907237924827 0.0007288092288396616 0.00015620070158600726 9.556966255099666e-06 1.0381761947971926e-06 2.7548125664470372e-06 1.2579852101111352e-06 2.0572917698699938e-07 3.2226886695657976e-06 1.6127737713727975e-06 0.0 0.0 0.0 4.623917172951419e-07 0.0 2.3713729125070228e-07 0.0 1.167377979763131e-05 1.250087239169655e-07 4.1553115502908135e-05 2.1580645828881331e-07 0.0 1.467503824452404e-07 8.105147696869373e-07 1.605594265206179e-05 4.8224597640401165e-06 0.0 5.8542436595923415e-08 5.114205815970078e-08 1.5542049393722815e-07 8.327414885714617e-07 1.2332672579813063e-05 6.8658052706654e-05 0.00010340682112056665 1.0212644784243808e-06 4.598021335582383e-08 0.0 1.7526533283410854e-05 0.0 0.0 2.50021411898572e-07 2.703814622515599e-07 1.5197424730769507e-06 1.682214102944692e-05 1.4085381252201278e-06 1.4700253206251466e-07 1.1099892227452782e-07 0.0 1.5681295575075724e-07 0.0
1.5828980028649303e-05 3.3849703669810086e-06 7.154536423246195e-05 9.55923297966773e-07 0.0 3.0938445522056848e-06 2.0121757434501563e-05 4.8975392401282425e-05 4.0077056283483846e-07 2.2787591497980496e-05 0.0003048346173027967 5.961918633213907e-06 2.5419300665986128e-06 9.016628452759532e-05 0.0 5.725036252529558e-07 0.0027153876707901145 0.0006196311342326201 0.0 6.352494426307094e-06 2.318550960547082e-05 5.304004792154163e-07 6.187692184972302e-05 3.7839740357673962e-06 6.023284474850373e-06 0.001455377639484119 0.0006268885290400868 9.900370988130373e-06 0.00010441662375109298 8.657932287351373e-05 2.4571564525122114e-06 3.6826799738471706e-06 3.929374899213756e-06 0.0016080577197126655 4.820978176596116e-07 0.000430721565720471 0.000622310459134393 0.001605911252209327 0.0002225654123067875 1.0680651405287935e-05 1.1549168964874239e-06 3.253046087286467e-06 1.1707566368964032e-06 0.0 1.432888589541929e-05 9.727115359201497e-07 0.0 0.0 0.0 1.5914166088302679e-06 0.0 0.0 0.0 2.3068462705385275e-06 0.0 1.3385269281141833e-05 2.2045892810009587e-07 7.665894703935763e-08 2.0299140890749243e-07 1.3042428750798523e-06 2.9453906129809804e-05 4.5370185229126004e-05 0.0 1.2247224548146083e-07 8.462605324289503e-07 1.588575939629974e-07 1.0311605134754555e-06 7.733652446216601e-06 0.0002466913949903635 0.00024129263887251852 9.35755961859648e-07 1.3815066601260595e-07 7.19075917340248e-07 7.713112817152981e-06 0.0 0.0 9.689208369401413e-07 5.381003968571812e-07 3.588642157850474e-06 5.045731527316882e-05 5.973791116520247e-06 3.2596786585823293e-07 0.0 0.0 0.0 0.0
4.5427071652119955e-07 1.7259493198531886e-07 6.105133113882019e-07 0.0024984876976203683 3.413905425283642e-05 0.00031361645992441215 7.378359757594039e-06 0.00015844524648468334 0.00017071640134871916 0.0007690120828641429 2.4136346544078658e-05 0.002701369568966793 5.044128327928166e-06 6.931467421144437e-05 0.00016652996783916672 1.2502632085336073e-07 1.3101972878005507e-06 7.5422311180680125e-06 6.352494426307094e-06 0.0 1.6755938871702345e-07 7.987502230336814e-07 3.0887073438441383e-07 0.00021563371712891944 5.69661705397582e-07 1.4279696512097669e-05 7.936353662919678e-06 0.0006076957899630637 8.495036015469802e-05 4.6801584371112734e-07 2.189115602214389e-06 1.549930751034335e-05 2.2960310771410396e-06 7.328610308254696e-05 1.0464995639965663e-06 0.0004778531295396623 9.23687883412496e-06 0.00026271150856484497 3.0434329746175223e-05 0.000510302202881247 2.0727501690889536e-05 1.3411139860397886e-06 5.14996565041019e-06 7.272243337900331e-08 7.303874672154576e-08 0.0 4.412905297654022e-05 6.457952054294953e-08 9.123552581707377e-07 2.7666424243564513e-05 5.956830580716661e-07 2.6564491239854142e-05 9.20476556249528e-06 9.702103793484524e-08 2.1810077717160964e-05 2.4127773482689536e-07 4.445212311845966e-07 4.203874988058439e-06 2.1334005786062833e-06 0.0 0.0 0.0 7.67661847152136e-06 0.0 4.2171745565768516e-07 9.893742183427299e-08 6.482691513669592e-05 0.0 0.0 1.2170115811417875e-07 7.51782099493905e-05 9.73286566647582e-07 1.241516028164951e-06 0.0 0.0 1.7479948217420633e-07 4.13667815361053e-07 0.0 7.226564747809496e-05 0.0 3.1363131125967767e-06 6.197337696257711e-07 8.653463233055723e-05 3.223740024348347e-07 0.0 0.0
8.762117421334388e-06 6.929467062704439e-06 0.0007038361181919658 2.223471996868598e-06 3.8106598739191416e-07 2.3813848097806434e-05 0.0016969516495298665 8.943814272859718e-05 9.034189451105626e-06 7.33946255102903e-05 2.397318240345449e-05 2.1517672420071266e-07 5.727256724800965e-06 8.0616146172711e-05 7.186717546205186e-08 0.002728519449550607 0.0002956501299861101 1.8113573049593926e-05 2.318550960547082e-05 1.6755938871702345e-07 0.0 9.544999514088765e-05 0.005258503144828222 8.203375311972552e-05 6.0325265014027495e-06 5.864470048600523e-05 0.0009353645137529205 0.0032721268816680517 0.00010475404242105292 0.006619382108204682 2.271678186109556e-07 3.6182624058233677e-06 3.2550570975045874e-05 0.0022277388235399055 2.9240956441991224e-05 0.0028888130404549537 0.00036960358693837245 0.0031611311765062464 0.0013713594807320704 2.904528430178404e-05 5.048331626064364e-06 5.551546085547346e-06 2.3406568025210143e-05 1.481751594307432e-06 7.217953607630057e-07 4.318254811331612e-06 6.450319401417954e-08 5.532129032781912e-08 5.994807051354553e-08 4.626880739126241e-06 6.835380961182359e-07 8.332096833685561e-07 1.0186792610095999e-07 0.0 0.0 0.0 1.501938959180275e-06 7.188341935055306e-08 0.0003478756271387154 6.151561379905749e-07 0.0 6.785658060105448e-08 0.0 0.0001188028353346766 9.355344324841626e-05 0.00010310701698824668 2.9999197811664057e-05 0.0 8.994894621796171e-07 3.07446086998958e-05 5.481403418994245e-05 4.0969514643252615e-06 1.3001811737714528e-05 0.0 0.0 1.0665122101605375e-07 1.7372917850443344e-06 2.463686817495665e-06 4.561967586593394e-05 2.4610679859829324e-06 4.70004313979776e-06 3.0053865996744066e-06 3.307941913532441e-06 7.408425779994733e-08 6.380007667873602e-06 1.7255288291365757e-06
5.846371846357851e-08 0.0013635130554921914 5.997043125365239e-05 1.3777642942109587e-06 2.68803531946485e-06 2.6955368985697763e-06 4.632239595748644e-05 9.470518090655144e-07 0.0013720559268868132 5.234907320358807e-06 6.1151579993183575e-06 3.1921562442422466e-06 2.8282462550497583e-05 1.118427246297686e-06 1.7670023869957743e-05 0.001755984002614814 3.4430932819351623e-06 6.623060466232718e-08 5.304004792154163e-07 7.987502230336814e-07 9.544999514088765e-05 0.0 0.00023132681419616973 0.0036590125369629282 0.00018773904374377908 7.009114080713047e-06 0.0038201411331293075 0.00011219141580868667 2.3160024443735834e-06 2.080971335998493e-05 1.2053959684928058e-06 6.891492735001865e-08 3.202707004541714e-07 6.935501451526335e-06 4.830462018405367e-07 4.2709002699295486e-05 1.755067205278466e-05 2.623557078579346e-05 1.8082500553375015e-05 0.00010499369292562915 4.979274028956135e-08 1.9224334058171746e-06 4.6361350857282273e-07 3.649692300501279e-07 6.164360818039882e-06 0.00017350519910661597 3.8515063785535125e-07 0.0 5.785427278011646e-08 1.4436081641418092e-05 3.2353387385261975e-06 1.9831758909750733e-06 6.996491116593164e-07 4.924343502517004e-07 1.3285025593958654e-06 1.1068453611101285e-06 2.6178421567986506e-06 6.216272833589027e-08 0.0006128648286592974 2.694901537996568e-05 8.203901287034366e-07 3.1496063985846975e-06 0.0 4.707824742769332e-05 0.00014936038876890785 0.00016771312477969601 2.9627715345485432e-05 6.168053753824217e-07 3.884789177608991e-05 0.0013533220760728593 3.4130904205415396e-05 9.2923830455574e-07 3.108190520425846e-06 3.9125783162460706e-07 0.0 0.0 3.944342585627467e-06 9.30822533481606e-07 2.7946884896012483e-05 1.2572397385003078e-05 2.3102050886984757e-05 4.4526824527002295e-06 2.237691151589109e-06 4.900699100274829e-07 0.0 0.0
3.655460791276544e-05 1.8354647454234317e-05 0.006651004911535839 9.314276164998315e-07 3.834884806845595e-07 1.0081377807902429e-05 0.0005899057122159492 0.00013422269054523084 1.8976510390996846e-06 2.7449820525573882e-05 3.6887559710859414e-05 4.644860964734768e-07 8.34073720372208e-06 0.00018507784045014867 5.860024830986195e-08 0.003149663344984282 0.0012318430366267496 2.4754759033180788e-05 6.187692184972302e-05 3.0887073438441383e-07 0.005258503144828222 0.00023132681419616973 0.0 9.203841893379739e-05 1.2403093643284143e-05 0.0003122663547705565 0.007602116597646472 0.0012700269809299335 0.0001417330087414934 0.0033374282179479335 3.6948228473191516e-07 4.057765559028162e-06 7.372047489303563e-06 0.0021872055013610735 5.6220434517774396e-05 0.005207957338200523 0.004728668265665896 0.004576463602427442 0.0035391271182882073 0.00011964436191821281 1.066570319545013e-05 2.2264007114551785e-05 4.375370313379174e-05 7.857119865737916e-08 1.4467851951975493e-05 0.00022275518394774722 6.302192106239311e-08 0.0 6.123865147753784e-08 2.0194033263339596e-05 2.6822302539765657e-06 0.0 1.2375982048499659e-07 1.5579350364341808e-07 6.192309989696541e-08 6.234892966743064e-08 1.8924006866791047e-06 0.0 0.0009334543020776695 1.2283594329263064e-05 5.1242648128408916e-08 1.1189976839760508e-06 4.4913696391711233e-07 5.4411033928512335e-05 0.00034957912234352944 0.0006278174239922834 2.1394834489626674e-05 1.1517768270432637e-07 6.4020290416273275e-06 0.0014036548134727866 3.330413952433572e-05 1.1076779170775489e-06 4.859265676375989e-06 0.0 0.0 1.375324913417841e-07 4.887906317673582e-06 7.000710439204694e-06 0.00013907206340095876 1.8489359901213976e-05 1.7400632827793974e-05 7.498117291663485e-06 9.112954559810656e-07 4.791600654444759e-07 9.035374135959034e-06 6.138410090808982e-06
