0.0 6.91314363314376e-08 0.00014625791363904618 2.608686129886882e-06 0.0 9.526994983698212e-06 0.0030013587984011095 0.0004490688126166107 3.3736178115690402e-06 8.458013344102316e-05 2.814564430118913e-06 5.120913005891642e-07 1.7434958164833796e-07 0.0014280621498345566 1.8737725264845678e-07 1.1555751914497337e-06 0.00018716615138690592 2.9780698537735695e-06 3.1347536907044204e-05 2.2728597250977457e-06 8.997664687852623e-05 5.987173265864385e-07 0.00017867387539972397 6.867483244776564e-05 0.0 5.287054702514995e-05 2.3966216045592204e-05 0.00015342218011240812 0.0027786476271816946 0.0018280419746154854 3.118446961636034e-07 1.492154094977803e-06 7.298237858886421e-05 5.401190365324067e-05 2.548934373585879e-06 2.414696001911329e-05 8.959390576243394e-06 4.9836272731444696e-05 2.3767345042334258e-05 1.043383272300798e-06 3.598875908352573e-06 1.1123807120926938e-07 1.4641485850012027e-07 5.549620445261657e-07 0.0 2.763416328091839e-06 3.7553681864315004e-07 0.0 0.0 2.925882150228492e-06 5.145501780162445e-07 1.248096886847927e-06 0.0 0.0 0.0 0.0 1.0609117783688382e-06 0.0 1.1747090586461154e-06 4.4814290967058445e-07 1.0009197172475287e-07 0.0 0.0 8.861540384047513e-07 4.3683132996994916e-07 3.98225524909842e-06 6.9621661320090094e-06 0.0 3.3438415059759056e-07 9.817942178042e-06 8.19742896446538e-06 1.382864399210224e-06 3.70896681681792e-06 0.0 0.0 1.0029830984213788e-07 4.2625967840157864e-07 0.0 5.4091457631521615e-06 4.6784723273523213e-07 1.827829158625327e-06 7.027070277721743e-07 9.106925348216747e-07 1.4304576214691342e-07 0.0 0.0
6.91314363314376e-08 0.0 3.2601960801094144e-05 0.0 3.0031977740021784e-07 0.0 1.367322044422974e-06 0.0 0.00015702541866146556 0.0 7.035005335768657e-05 1.4117881442182581e-06 0.00028572182004004776 2.795214868871628e-07 2.7120452658465296e-06 6.642743104087527e-05 0.0001334659915128705 2.4778609179943697e-06 7.07462325026079e-06 0.0 3.1502546434280935e-06 0.0007490403079882392 2.008613704705425e-05 0.00029019027149667655 0.001256724757158662 9.685976033835393e-05 0.00352282798185837 5.294266784228839e-06 1.3725513893602103e-07 7.299469105224843e-07 1.9248949902357574e-05 6.3625702668031e-08 0.0 7.590565802447655e-06 2.1135000774621344e-07 3.6687784478293573e-05 2.7288885993146318e-05 5.611580020333238e-05 1.3354295679671717e-05 7.25532462364666e-06 0.0 2.9044104583980323e-05 0.0 0.0 1.697506123949401e-05 1.2017357257990735e-05 0.0 0.0 0.0 7.359118485846659e-08 0.0 1.4731682490756564e-06 0.0 9.576657870147911e-07 8.605532777100397e-08 9.8477804678379e-06 3.2282631230077293e-07 0.0 1.320244217037462e-06 5.4784419068977805e-06 2.0971377295181912e-06 1.6923948123902594e-05 0.0 6.354280754230484e-07 7.985119690020355e-06 2.9335679215760114e-06 3.4747733782542085e-06 1.9644074058314044e-05 0.0001262115316545922 0.0005128205399332071 1.0591827643576616e-07 1.5347759601085018e-07 3.9908547467039376e-07 1.8961194251978593e-06 0.0 0.0 1.2521734719431825e-06 7.978940393162685e-08 3.256889577054933e-06 7.0098600197227e-06 9.236246728693489e-06 2.2067928005545973e-06 3.6729203712706943e-07 0.0 3.1870224790066624e-07 0.0
0.00014625791363904618 3.2601960801094144e-05 0.0 2.790354310506447e-07 0.0 1.8348241968571906e-05 0.00015924515595849696 0.00015103108041044944 4.320781590645711e-07 8.542568661482987e-06 6.588086461142681e-06 5.849287886370545e-07 3.0019016022408344e-06 0.00029763801103559163 0.0 1.8242870506667025e-06 0.0033206221135730664 8.925041345508087e-06 7.687384139893361e-05 2.1357359670639387e-07 0.00016627373302623125 2.435791740231998e-05 0.005024999025925439 7.826673969845613e-06 1.0211124877191885e-06 0.0017853294264132359 0.002253137991665125 7.146966407089521e-05 0.00013343152669565835 0.00048418569369137446 7.928668483912514e-07 2.2879213193422294e-06 4.556789065152131e-06 0.0002335177368938792 1.2312009690093913e-05 0.0006536279948555317 0.001257126517273402 0.0005736299622078579 0.00022533515601082946 1.0079256853681009e-05 4.578712957692325e-06 2.9731956776322314e-06 3.5170378887941795e-06 1.1544552825492968e-06 7.775578550961291e-05 0.0007764980650603499 0.0 0.0 6.550770402613133e-08 3.0387318427190767e-06 1.5080383208802698e-06 1.8049269125502928e-06 0.0 4.3330214472301784e-07 5.0037247255849335e-08 0.0 3.323953667601396e-06 8.996480016320685e-08 9.73496492953473e-06 0.00016917907670744553 3.0726732169429453e-07 1.2561579262436361e-05 0.0 4.460235255066049e-06 5.164437953191163e-05 0.00021684138987859982 1.1035732649177034e-05 0.0 3.404899455313085e-05 0.0014570563007116277 1.7760326803452544e-06 1.2100271223622173e-06 5.172661177191414e-06 0.0 0.0 9.159478120653553e-08 1.144776286725499e-05 2.5789008707659714e-06 9.774191070026753e-05 1.3584285834777512e-05 7.492801507415793e-05 4.0636454797773133e-05 9.06670228773765e-07 0.0 2.445430033172197e-07 8.074274337676395e-07
2.608686129886882e-06 0.0 2.790354310506447e-07 0.0 2.0228844180195857e-06 7.115112455038958e-05 5.962570945610266e-05 4.9710105343160495e-05 0.000437451270769871 0.0018968378491422005 3.5023162816743907e-06 0.0018980898211689147 9.899516777313846e-07 2.8301119677092183e-05 5.210694425642366e-05 0.0 1.1961547285433958e-07 6.611405037113716e-07 3.9813570566166506e-07 0.0015016169348483507 6.686689344134781e-08 0.0 5.822201269907503e-07 0.0005895503051049153 7.778045728006814e-08 4.792660261295538e-07 2.770562944335968e-07 0.002306472931813871 5.2238562125319115e-05 3.9359821966160576e-07 0.0 4.945838092464798e-06 3.5469964155968896e-06 1.248837708961132e-05 3.742815047830721e-06 5.337195258299709e-05 7.554358527214315e-07 2.5802794172692515e-05 1.4153203159559916e-05 0.00018329809421420448 5.036312653821005e-06 1.6550186371864197e-07 1.1145001099750514e-07 3.559288763266823e-07 0.0 0.0 6.53654744434321e-05 8.706121226055842e-07 9.272320094270345e-06 3.849488065045598e-05 9.924041532489215e-06 1.761067919555412e-05 9.393094395976913e-05 0.0 8.243585113049404e-05 0.0 4.0182104354251e-06 1.1849506497078182e-05 0.0 0.0 0.0 0.0 7.209333391453434e-05 7.65838489305056e-08 0.0 1.1378637873988233e-07 0.00015787061837212806 0.0 6.036003830908726e-08 5.134809173658832e-07 0.00019796086807337293 2.90023562959892e-06 2.240052238801082e-06 0.0 1.3832490259356078e-07 2.8849707838720106e-07 9.25928352461596e-07 2.4821259615882124e-07 1.0843200944787412e-05 4.08553423315058e-07 9.354557597557056e-06 7.030069938166355e-08 9.302975155233319e-05 1.5791036048915263e-06 0.0 0.0
0.0 3.0031977740021784e-07 0.0 2.0228844180195857e-06 0.0 0.00035969915808149126 6.030054033362615e-07 2.5886986421320913e-05 4.421464990894395e-05 1.8906009197249128e-06 4.5758418521641426e-07 0.00010727398037705956 0.0 3.0552739242734583e-07 0.0008054951393282593 0.0 5.588244674560152e-08 2.6104911528555126e-07 4.8331302982992483e-08 6.8096312171784665e-06 0.0 9.419863581986257e-07 8.916366520291199e-08 1.5561452652850704e-05 2.409903687901884e-07 5.4356986021158304e-08 7.765956362024545e-07 1.9834950050556765e-06 4.6626541755582544e-05 4.8209794739853633e-08 0.0 3.175739627875104e-05 0.0 3.339385946126835e-06 0.0 5.686920909717247e-06 0.0 5.999003798071008e-06 3.622979202958718e-06 0.0011170048688406613 1.4652121543539793e-05 0.0 1.4836451706739507e-06 0.0 0.0 0.0 9.176074613866267e-08 0.0 0.0 0.0 0.0 0.0 1.0322957137062659e-06 0.0 6.858606954667294e-07 0.0 7.93870530623923e-08 1.9291172174012936e-07 0.0 0.0 0.0 0.0 1.1539970567281235e-06 8.927541510678933e-08 0.0 0.0 4.6139444630186037e-07 0.0 0.0 0.0 2.1163336998099388e-06 0.0 0.0 0.0 0.0 0.0 0.0 0.0 1.8612981313711758e-07 0.0 0.0 0.0 3.863909352644063e-06 0.0 0.0 0.0
9.526994983698212e-06 0.0 1.8348241968571906e-05 7.115112455038958e-05 0.00035969915808149126 0.0 0.0018894340051008832 0.003351804125971923 3.4138958685666345e-05 0.005043826131775048 3.114501127312182e-05 0.0026342277528278646 1.0923654139855664e-05 0.0007194984371170662 0.0006289692750998699 1.083988014626892e-07 9.123949365521576e-06 4.967964911819148e-06 3.2554764286878484e-06 0.00027855130534869905 6.194212460936312e-06 5.653294477433379e-07 2.6352739584871618e-05 0.00017388517634968172 0.0 9.810902135300606e-06 9.836505424749584e-06 0.0007982470724808706 8.808775062726507e-05 1.032060975346307e-05 4.585833403844798e-07 0.0008074491460039041 1.2576075270836623e-07 7.801988400531623e-05 2.4075702101643864e-06 0.0001396858407132331 1.4763138780879357e-05 0.00014356311393772978 7.943950906539353e-05 0.0009355883553059353 9.194422471528208e-05 9.486122627834816e-06 7.562775122264167e-06 3.8486105356414393e-07 0.0 3.9946197554344953e-07 8.928286061904446e-06 2.207028683484527e-07 4.0874217813060205e-06 2.7281770647943916e-05 3.3180908994427388e-06 4.5119384666696544e-06 8.203060600825552e-06 6.480851307340988e-07 1.1136287268613338e-05 5.130182376447846e-07 3.880825461190741e-06 4.3549766679720025e-06 6.226161442017584e-07 0.0 0.0 0.0 6.695200385641577e-06 1.2301574193423153e-07 1.1449217554869433e-07 2.3507787745738495e-06 3.855948680099783e-05 0.0 1.1729279148000825e-07 3.939033433587629e-06 4.756328500931121e-05 4.271382746382348e-06 4.116591848929333e-06 0.0 0.0 3.0025242016623334e-07 4.82949200164973e-07 0.0 7.409400514686707e-06 2.1366834039484766e-07 4.542656909280784e-06 2.7799194265898927e-07 3.043886559224924e-05 2.5092850568128746e-07 2.590414261519386e-07 1.3228544264605696e-06
0.0030013587984011095 1.367322044422974e-06 0.00015924515595849696 5.962570945610266e-05 6.030054033362615e-07 0.0018894340051008832 0.0 0.001422181947147577 0.0001701498070816145 0.0058421333910768465 1.1323540168741698e-05 2.0595364581447248e-05 3.184001632814253e-06 0.004072067246239397 8.512905971493077e-06 5.278310134438263e-06 3.26299168060188e-05 2.68530844514816e-06 5.087697992324597e-06 1.1133239529828049e-05 0.0002742655268295286 2.16899171506685e-05 0.0004366104835936527 0.0022264398804649173 2.0798085194670377e-07 2.751229953516979e-05 0.0002600909691907002 0.010362981135304318 0.0008952281705429299 0.0033269785712051803 1.0938457663980854e-07 1.5902147151967113e-05 5.692930278860779e-05 0.00012262958004923048 3.0769464001074945e-05 0.0006012729370313443 3.281073538465003e-05 0.0002866654275172178 0.00018604897873577273 3.920051790539097e-05 3.702473973179254e-05 1.0357714201445449e-06 8.328131342004923e-06 8.717583364950569e-06 9.147260625024563e-07 5.151314915230968e-06 6.142980338419266e-06 6.32711054711997e-08 2.958729241481268e-06 0.00017299846901938545 1.7135195413010173e-05 8.229448810112506e-05 1.1422840507769035e-05 5.075791478597276e-07 6.125230907025668e-06 2.548775528491723e-06 2.60196845895879e-05 3.1083215643179905e-07 9.497544946852174e-06 1.511278368455454e-06 2.281004806018269e-07 3.245004482287828e-07 5.433933421888525e-06 2.4795871700388574e-06 3.6441308377234508e-06 1.0875222711007409e-05 0.00022396427080531104 1.685686527576117e-07 6.790465280988062e-07 2.4731622287110453e-05 0.0002522749625123787 4.546185671544406e-05 9.344485778734542e-05 5.235348099271169e-08 9.640526109159002e-07 4.944224417999636e-06 1.0237251312397606e-05 3.300642719048301e-06 0.00012845093447911635 1.107676625542346e-06 5.4790809747743015e-05 9.874485516773762e-06 2.6502806472117228e-05 5.537560230831778e-06 1.0505120912363964e-06 5.565900729870836e-07
0.0004490688126166107 0.0 0.00015103108041044944 4.9710105343160495e-05 2.5886986421320913e-05 0.003351804125971923 0.001422181947147577 0.0 1.076692074757215e-05 0.0014774279665551266 6.150743385845049e-05 0.000869986481129281 1.23576254722418e-05 0.0052595468569483425 0.0003260252724342241 7.569786077472274e-07 0.00017733100189345685 1.0410876783203041e-05 3.4159121675826644e-05 0.0002181448340217011 5.746391277858006e-05 7.326806585086151e-07 0.00016824637937366536 0.00022979510063063415 5.074286069568082e-07 6.397584735506591e-05 4.429495593783017e-05 0.0004016507182857975 0.0004479569048844543 0.0004470949152674599 1.2113634935427029e-06 0.00028773092064381263 4.8001954048570805e-06 0.00016360116995530906 1.0152839674901938e-05 0.0002220115375792213 2.3789884112653664e-05 0.0002750027595520999 8.504633556134454e-05 0.0004680197190456806 0.00023725292117648372 9.375713635920996e-06 1.2030355878039906e-05 1.2469169829094814e-06 2.750557342835403e-07 4.381673773967238e-06 2.91470710039446e-06 0.0 1.3238728330851918e-06 4.7508688710765724e-05 4.753671795353556e-06 1.0490476686039387e-05 3.894459379306268e-06 5.979951088796471e-07 1.8558818826848122e-06 5.800868095279282e-08 4.51490456738988e-06 7.449862809952661e-08 3.1088814844722647e-06 2.2613463709266714e-07 0.0 1.1524409354297588e-07 1.2203461591527872e-06 4.7382466823940135e-07 1.1987478448680224e-06 7.832153949541478e-06 4.995208171119463e-05 0.0 6.865752949011636e-07 1.6826863270847067e-05 6.28256545096187e-05 8.431870632498856e-06 1.5584891504697296e-05 5.713231898256734e-08 9.668752768528e-08 5.613346539016918e-07 2.1597545323972727e-06 5.764037360939446e-07 1.999217446472948e-05 1.1222233324934017e-06 8.733383721265223e-06 2.0716350918056136e-06 5.94238124028144e-06 1.5302552745482022e-06 8.067456486924087e-07 4.4491929213896503e-07
3.3736178115690402e-06 0.00015702541866146556 4.320781590645711e-07 0.000437451270769871 4.421464990894395e-05 3.4138958685666345e-05 0.0001701498070816145 1.076692074757215e-05 0.0 0.00027640463651146626 9.767727163476505e-06 0.00014304007651501902 4.0655180986796984e-05 1.3364062716384675e-05 0.0006018612093407059 5.822937000216224e-05 4.254553196225494e-06 7.469387719502344e-07 7.474165007315533e-07 0.0002589679244794939 4.443074326980998e-05 0.0014376844012219255 3.568803025154243e-06 0.005273771286770335 0.00025002082078643334 1.2738472930927805e-05 0.0005103264501059276 0.0006412890085474988 5.182841800124857e-05 9.832960583632865e-05 7.4244336707344385e-06 7.914991581547192e-07 1.0451336993275603e-05 1.679674182001926e-05 4.150802487468608e-06 0.00014686719894524853 1.1175778503948537e-05 3.498849947631684e-05 2.3389189568320188e-05 0.00038102067576985585 4.440084097006423e-06 6.29259227396316e-07 1.935530833293843e-06 1.0673496053687235e-05 6.117205468648931e-07 2.2948515876261228e-07 0.00011860807272641907 1.5227652461577728e-06 1.1398076019372427e-05 9.959889475856336e-05 1.207688404204479e-05 0.00012218023025614553 0.00012353401766692441 7.595609185631023e-07 0.00014563776209740767 9.388694559263072e-07 1.99127236669392e-05 2.82298456313835e-05 0.00010649980419166699 2.862803028878921e-07 1.3056931339239542e-06 6.109970945041182e-07 0.00012083025479838533 7.040631514958219e-05 1.1317674917556696e-05 7.379144120751304e-06 0.0010583810626637522 5.745251277479024e-07 3.6312004483116404e-06 6.98632189940945e-06 0.0004961652498364407 6.172706231261145e-05 0.00017065043692922783 5.661139148748565e-07 4.910146276123951e-07 5.748785593399176e-06 1.223432347806791e-05 4.049399098292212e-06 8.889891256009146e-05 1.5292888742930376e-06 3.306503871639357e-05 1.3135062680608905e-05 0.00012418661493209679 2.0367794060063034e-06 1.433348815274906e-07 3.9145701870445985e-07
8.458013344102316e-05 0.0 8.542568661482987e-06 0.0018968378491422005 1.8906009197249128e-06 0.005043826131775048 0.0058421333910768465 0.0014774279665551266 0.00027640463651146626 0.0 3.6709013745357104e-05 0.0029801373402862344 5.644150698624044e-06 0.0011062238520851426 1.7074420860203722e-05 5.300965431425443e-07 3.4285723518270047e-06 1.0915180842178422e-05 3.4169503115230495e-06 0.002053214966521602 4.886469801399876e-06 8.273938647273826e-07 1.6869225204731915e-05 0.0004485715752003109 6.374022825697474e-08 6.234513199442138e-06 1.3897352724064887e-05 0.003938074476224509 0.0005964543566089413 3.8578816072764654e-06 9.343195365033555e-07 4.046331327931965e-05 1.4773112370630949e-05 0.0001548615987884699 2.4195527808634826e-05 0.00047409186103863633 2.0447681276026904e-05 0.00029871452206800515 0.00013343433349857797 9.63010070967144e-05 5.859041478616184e-05 7.398487691640377e-06 4.902773352377454e-06 3.4678157829621485e-06 8.90277983912252e-08 1.0460604959984504e-07 0.00013148773166934413 4.946707307160297e-07 2.1384614812798376e-05 0.000195662291927939 3.196657132918565e-05 2.9470438387348833e-05 0.00016744283872209342 6.567181240449076e-07 0.00010673836117634847 2.8709928911567022e-06 2.5191120679862767e-05 1.5051322696142852e-05 5.082657023575684e-07 1.0605417068420816e-07 0.0 8.875311074387647e-08 0.00013278578871988417 0.0 1.4249394681012134e-06 1.0922752316576622e-06 0.0004432368458098662 2.292064882129689e-07 6.159165595826859e-08 1.7749862013472837e-06 0.000640350188061608 2.0734236957053813e-05 1.5091609483058666e-05 5.2242810267871766e-08 2.2649176761656078e-07 7.758965339619085e-07 5.122954135857035e-06 1.2422085750701909e-06 4.8606012383115294e-05 1.1859389865633139e-06 2.9616971946397476e-05 2.944979311619225e-06 7.550987601744092e-05 5.724375583306794e-06 3.523183228094509e-07 5.520272765803641e-07
2.814564430118913e-06 7.035005335768657e-05 6.588086461142681e-06 3.5023162816743907e-06 4.5758418521641426e-07 3.114501127312182e-05 1.1323540168741698e-05 6.150743385845049e-05 9.767727163476505e-06 3.6709013745357104e-05 0.0 4.757994613437356e-05 0.0018374900314114357 3.484788689707577e-05 1.0440160329245807e-05 1.1282198959887288e-06 0.00020627486144291442 0.0014471141970190363 0.001090679751680072 1.4165581164779547e-05 5.486345997079117e-06 2.647968557339452e-05 2.2223615476712206e-05 2.6138841347332267e-05 0.0004338528446871197 0.0009634514701418833 0.0006330369361984437 1.8458713132172978e-05 0.00043237871698843355 1.4814153009832287e-05 0.0003713230508968659 0.00019683155216132476 3.0515118878580464e-06 0.0033854944591399675 3.6011323391087127e-06 0.0003127518377055306 0.003071721483947261 0.0033302425988382123 0.0007709456813085715 2.2955195468631352e-05 3.6979198047174824e-05 0.0008515004885048286 1.692395861388866e-06 1.5126572711792722e-07 4.4130037086868084e-06 9.82952209378116e-08 8.607206053343408e-07 0.0 0.0 1.7148150742432451e-06 7.13783890604976e-07 4.837247000503379e-07 2.0460283407526857e-07 0.00026180883740876943 4.897022727382831e-08 0.000761632198184308 3.212541130638684e-07 0.0 0.0 1.4768156318639343e-07 7.390334119044119e-05 5.117270881814774e-06 0.0 0.0 1.914342341821309e-07 0.0 4.256276549119516e-06 0.00010495860207249603 0.0001379469854443479 0.00020961140496406782 3.596918204414119e-06 1.1962651386190617e-06 1.7078053171067813e-06 0.00016961909651760926 0.0 0.0 6.300863220998101e-07 5.724345247401142e-07 2.0594611030966035e-05 0.00024884576807328296 6.236046004071386e-06 1.5712880897015188e-06 1.5522179535146447e-06 4.7492569607947687e-07 0.00024771685306252875 6.983685085479399e-07
5.120913005891642e-07 1.4117881442182581e-06 5.849287886370545e-07 0.0018980898211689147 0.00010727398037705956 0.0026342277528278646 2.0595364581447248e-05 0.000869986481129281 0.00014304007651501902 0.0029801373402862344 4.757994613437356e-05 0.0 1.3149663959266027e-05 0.00026505234256384214 0.0009379013812334098 2.43279961437764e-07 4.945329524770649e-07 1.0497268769105777e-05 3.7457275096945553e-06 0.002485349749831323 9.762344799182793e-07 5.56209635854217e-06 1.5258355242374434e-06 0.0005999652156947395 1.7267093374593752e-06 4.924127026834592e-06 5.862651186624076e-06 0.00047634846340710666 0.0002391700906107051 7.435086974086245e-07 1.061927820859722e-06 9.822421065992172e-05 7.666282563031186e-08 0.00013271978091240289 5.11967882290585e-06 0.0003880078871688685 5.628722174818552e-05 0.00022635600041858648 8.890798369551869e-05 0.0009334343858682432 4.292975580175265e-05 9.92144428236014e-06 3.281113291579594e-06 2.1024589784397194e-07 0.0 0.0 3.7444277857879726e-05 7.935185536372116e-07 1.1821395739708682e-05 1.6212485058118176e-05 3.898706419815916e-06 6.8268482337648694e-06 5.683912383085197e-05 2.3635596108059272e-06 9.863021643876109e-05 8.261414559623992e-06 1.805523158968435e-06 1.784233610610078e-05 0.0 0.0 0.0 0.0 3.838716696306149e-05 0.0 0.0 6.330528709537036e-08 6.10604364927553e-05 5.671164036086774e-08 2.5739425140869257e-07 4.7155311983115383e-07 7.446240008667911e-05 1.034713916143781e-06 1.3731943239900963e-06 1.1561762210088639e-07 7.948900804466776e-08 0.0 6.084094243753968e-07 3.439265552793647e-06 2.514204417174493e-05 5.295570405069216e-08 2.6281964979563192e-06 4.4375488082161466e-07 0.00015033468536825584 9.435996714131783e-08 5.008735180089287e-06 0.0
1.7434958164833796e-07 0.00028572182004004776 3.0019016022408344e-06 9.899516777313846e-07 0.0 1.0923654139855664e-05 3.184001632814253e-06 1.23576254722418e-05 4.0655180986796984e-05 5.644150698624044e-06 0.0018374900314114357 1.3149663959266027e-05 0.0 4.481080645342175e-06 8.251839328693755e-06 4.611558288419977e-06 1.0982396292157668e-05 2.7090080504286963e-05 1.0204657521841506e-05 3.816286452961625e-06 3.852780506305767e-06 9.851171251574243e-05 1.1033388384221953e-05 4.7481315951810045e-05 0.001832616481632927 0.00023133486331016742 0.0017190091631506374 9.523920105389256e-06 2.3368999372330723e-05 3.964057405096418e-06 0.00051508664699271 1.8036995123876627e-05 5.957262721373705e-07 0.00011935714733086801 9.244989185511913e-06 0.0008014286759629424 0.0038729134705271567 0.001436442818799337 0.0002076032612034217 0.00011582705597595103 3.716001369464605e-05 0.0005994478173025944 4.5759078101236124e-06 7.38056396825945e-08 8.590307010458457e-06 4.199956659894796e-07 0.0 3.020674255409592e-07 0.0 1.8265398460527798e-06 6.845431276091318e-07 5.079556030048581e-07 1.0773118015504465e-06 0.0004025751573963379 8.860895803212317e-08 0.0011153794477723265 5.917370868257638e-07 5.137195668352936e-07 1.8067808872629692e-07 6.386157645237502e-07 4.481650604147893e-05 4.635244850724377e-06 0.0 1.207732444769347e-07 3.444043508234544e-07 5.8240951376622215e-08 7.818236138747242e-07 0.00031561924986692294 0.00013884670565037405 0.0002610712411126096 5.124511994816562e-06 9.506922555407595e-08 9.801633043684746e-07 0.00020322704085037137 0.0 5.5949858853096356e-08 8.005894627281952e-07 7.42618307482751e-06 0.00010671065967019211 0.00032588181045650093 4.914629163895747e-05 1.701861479281177e-05 3.113149114437564e-05 7.941440714149046e-06 0.00021124349756751243 3.0768778265106964e-06
0.0014280621498345566 2.795214868871628e-07 0.00029763801103559163 2.8301119677092183e-05 3.0552739242734583e-07 0.0007194984371170662 0.004072067246239397 0.0052595468569483425 1.3364062716384675e-05 0.0011062238520851426 3.484788689707577e-05 0.00026505234256384214 4.481080645342175e-06 0.0 2.995734889250935e-05 1.2476438282823145e-06 0.0002535154434589938 1.0493388279072639e-05 4.726587815105408e-05 9.131783714214901e-05 0.00012814606472741968 1.3306408861268338e-06 0.0003528516477304021 0.0002628134678328362 1.367359120624817e-07 9.6932053545198e-05 8.538693743854823e-05 0.00055682559403993 0.0023969463361895485 0.0005893526778326339 1.1072289811630896e-06 8.591659803908762e-05 1.370091456989893e-05 0.00012206962316171364 5.473648573155601e-06 0.00012247866320331873 3.1350151254844556e-05 0.0001522975802310444 5.127349302835146e-05 9.078727765863625e-05 2.112504056028791e-05 1.939819577671376e-06 2.7126738784902065e-06 1.4689264444134567e-06 1.26918185944314e-07 7.366817125032363e-06 1.1815413822867831e-06 0.0 6.992817912450621e-07 4.8334585790750625e-05 3.835461557601053e-06 1.0952520949023888e-05 4.141426333061215e-06 6.430337222998366e-08 9.877232370383282e-07 0.0 5.4393363728942076e-06 0.0 5.3700909780001005e-06 9.750330930005223e-07 1.7876244533354463e-07 2.427405731219546e-07 7.740176603938994e-08 9.053004853533863e-07 2.3825969600703527e-06 1.365482557688874e-05 4.448305213406596e-05 0.0 1.0800203077218045e-06 2.878150826891463e-05 5.556439291053619e-05 1.0769578591775055e-05 1.5551950115603334e-05 5.675745974203029e-08 0.0 8.488495033123818e-07 2.3356601667520874e-06 6.58596855856348e-07 2.039179983986845e-05 4.577018660322045e-07 1.182235796957706e-05 3.2299331708592163e-06 6.402668279697642e-06 1.2140446452691396e-06 0.0 4.757986513192666e-08
1.8737725264845678e-07 2.7120452658465296e-06 0.0 5.210694425642366e-05 0.0008054951393282593 0.0006289692750998699 8.512905971493077e-06 0.0003260252724342241 0.0006018612093407059 1.7074420860203722e-05 1.0440160329245807e-05 0.0009379013812334098 8.251839328693755e-06 2.995734889250935e-05 0.0 0.0 5.1868376297040114e-08 1.577140189535201e-06 3.2875040160727323e-07 0.00012501674046418968 5.776899803227035e-08 2.8371649089265087e-05 1.9151627008014047e-07 0.0005645895967266464 6.221276579260101e-06 7.339584796535314e-07 1.305538697001798e-05 3.4349367420652354e-05 2.3675021888442176e-05 4.240211364098213e-07 1.8236489586241075e-07 0.00017837280704704084 1.5310695288502688e-07 2.2322895700025198e-05 1.1250562277671933e-06 0.00010705638684301179 5.1215984674920676e-06 5.513275036026093e-05 3.199935374286085e-05 0.0009074178728486623 8.692555074439231e-05 4.343683036482052e-06 4.382360799462709e-06 0.0 0.0 9.998391663724078e-08 1.0433455101800751e-05 0.0 9.541456284603163e-07 3.6055360114809317e-06 3.2098922033812146e-07 1.645564251444403e-06 2.061774609162721e-05 2.4188808570153454e-07 2.6404421519271578e-05 4.82551028828112e-07 8.411974700281564e-08 8.719323527429938e-06 2.3870279274411903e-07 7.019221445165355e-08 0.0 0.0 1.132650449064563e-05 2.3132459199503969e-07 0.0 0.0 1.7644665227669854e-05 0.0 4.2042126493594275e-07 3.1264380994959945e-07 2.1838072313404556e-05 2.961829549089491e-07 5.137455311512857e-07 0.0 0.0 0.0 0.0 2.7740814795490947e-07 2.5029590190428824e-06 0.0 3.5497051961358e-07 7.353580376812134e-08 6.748356817907778e-05 1.392588543129241e-06 0.0 0.0
1.1555751914497337e-06 6.642743104087527e-05 1.8242870506667025e-06 0.0 0.0 1.083988014626892e-07 5.278310134438263e-06 7.569786077472274e-07 5.822937000216224e-05 5.300965431425443e-07 1.1282198959887288e-06 2.43279961437764e-07 4.611558288419977e-06 1.2476438282823145e-06 0.0 0.0 6.057969573646165e-06 4.013437391163382e-07 5.419820083058442e-07 0.0 0.0009472571055378264 0.0022811802386841196 0.003345284714939095 0.0009759827891966754 3.150108871033225e-05 3.6892730248944714e-06 0.002151238470714217 0.0005695261659195526 3.638430920425207e-06 0.00023719714574222902 8.243642570644837e-07 6.14073404097138e-08 8.502384753253533e-07 3.719060274094692e-05 2.4302377206231377e-05 0.0012241848932385085 0.0007135016679329582 0.0002214175122898769 0.0003892923906726945 9.4474457565487e-06 4.640868224048441e-06 1.5932718995422484e-07 7.78969301469833e-06 1.5776780596838898e-06 9.724418103657006e-07 7.407144065639393e-06 0.0 0.0 0.0 1.9935797365297404e-06 8.346319642588913e-07 1.8710362689498964e-05 6.762485209456316e-08 2.7210746288139413e-07 0.0 1.3598929850753633e-07 2.6929105801202845e-06 0.0 0.001709239314975083 1.56685108624454e-06 2.496280675045117e-07 3.6476972134920383e-07 0.0 0.000385408563109188 0.0006000500185940824 0.001080197986547919 8.846073403514116e-05 2.814903667305633e-07 1.4268579969260526e-06 0.00018913166807858344 5.711697099889942e-05 1.012447527844911e-05 9.860415906186816e-05 2.5151774200847936e-07 8.808872971701953e-08 4.3623695839674475e-07 6.626122684195177e-06 6.877342906603198e-06 0.00011702863271489936 1.1397997006090284e-05 2.743481860951889e-05 2.5990695330181274e-05 2.492208104861704e-06 1.7079590452460955e-07 0.0 1.576953615027136e-07
0.00018716615138690592 0.0001334659915128705 0.0033206221135730664 1.1961547285433958e-07 5.588244674560152e-08 9.123949365521576e-06 3.26299168060188e-05 0.00017733100189345685 4.254553196225494e-06 3.4285723518270047e-06 0.00020627486144291442 4.945329524770649e-07 1.0982396292157668e-05 0.0002535154434589938 5.1868376297040114e-08 6.057969573646165e-06 0.0 0.00014795794534603365 0.001484381777788203 3.114377633562526e-07 0.0003418690585304187 1.726809649437294e-05 0.001975638946846897 2.227852927338872e-05 1.2534143769339944e-06 0.0024810311279614443 0.004366631629432732 5.6881028348299924e-05 0.0008102957312902579 0.0018052544298983939 7.917058620955068e-07 2.943994396127101e-06 5.9739970408397015e-05 0.001623862123826488 8.534011347888566e-06 0.000844682015175964 0.0005575140269266228 0.002117878521298971 0.0005582496863113318 1.533531384994404e-05 4.732779840331084e-06 7.634891590676909e-06 4.0487911866803226e-06 8.182147336589884e-07 0.00012045671763447932 0.0002670487416921893 0.0 0.0 8.842055897983802e-08 3.4888328770250282e-06 1.8701795004811085e-07 5.517050949952279e-06 0.0 6.702908627691595e-07 2.1400669960540074e-07 7.819647211066518e-07 1.2816630954541594e-06 1.3428610705578321e-07 8.652837899711464e-06 0.0002120089810389238 4.751364972423723e-07 7.832622882556369e-05 0.0 4.431708849146635e-06 2.061268722039553e-05 1.794758781571486e-05 2.2301779216316653e-05 1.2722945273095753e-06 0.0003056182956605651 0.0010833573809278082 3.5772266302950483e-06 1.8196730069740856e-06 5.4012950420324565e-06 3.230683547822415e-07 8.152624199082444e-08 2.978754597445568e-07 4.976866209158932e-06 1.723728905607357e-06 5.2565656901662544e-05 1.1953464998100477e-05 4.074004060248576e-05 1.4564083695285272e-05 2.11666188455711e-06 3.726782379937106e-07 1.1020541576312027e-07 7.336386219615598e-08
2.9780698537735695e-06 2.4778609179943697e-06 8.925041345508087e-06 6.611405037113716e-07 2.6104911528555126e-07 4.967964911819148e-06 2.68530844514816e-06 1.0410876783203041e-05 7.469387719502344e-07 1.0915180842178422e-05 0.0014471141970190363 1.0497268769105777e-05 2.7090080504286963e-05 1.0493388279072639e-05 1.577140189535201e-06 4.013437391163382e-07 0.00014795794534603365 0.0 0.00046526987382382605 3.847727323628002e-06 2.229128313014486e-06 1.6902259707313792e-06 1.3071832949764528e-05 5.3676104392548e-06 1.8286660432203514e-05 0.001585744967902135 0.0006763028168208533 5.061496220361926e-06 9.288437246335093e-05 1.5323117082783595e-05 3.7175494399044384e-05 2.6118426169950268e-05 2.2365220292486235e-06 0.0006941434439234826 3.816410810054511e-06 0.0003493719221733116 0.0008214646525442733 0.0014498469653346677 0.0004452715534984979 9.181059940875658e-06 1.7948605179742785e-06 2.7176124395503846e-06 1.4421630740816515e-06 0.0 4.425399232274622e-06 4.145308954015675e-07 0.0 0.0 0.0 1.4786313094391621e-06 1.70277898586676e-07 2.7310544741457174e-07 0.0 1.966261478859121e-05 0.0 6.40494557702066e-05 5.039810460565587e-08 0.0 8.127457378107771e-08 5.61467175715642e-08 0.00011549495722932302 2.6191333575995958e-05 0.0 0.0 0.0 5.4262969406716986e-08 8.863774879117882e-07 1.19068170132129e-05 0.00030155867854761496 0.0002600681628132205 6.078971710104675e-07 0.0 6.798098712152273e-07 6.36284809595892e-05 0.0 0.0 7.500310543075656e-07 7.471961058499273e-07 1.231097564451883e-05 1.255407558426023e-05 6.137126226556873e-06 5.205494714687128e-07 0.0 0.0 4.0229974541407944e-07 0.0
3.1347536907044204e-05 7.07462325026079e-06 7.687384139893361e-05 3.9813570566166506e-07 4.8331302982992483e-08 3.2554764286878484e-06 5.087697992324597e-06 3.4159121675826644e-05 7.474165007315533e-07 3.4169503115230495e-06 0.001090679751680072 3.7457275096945553e-06 1.0204657521841506e-05 4.726587815105408e-05 3.2875040160727323e-07 5.419820083058442e-07 0.001484381777788203 0.00046526987382382605 0.0 7.488667298732731e-07 1.6481019020820225e-05 1.259861186727528e-06 0.0001240653527646424 5.326206761481618e-06 6.327403722567522e-06 0.0027592531612900917 0.0010265695239223957 4.48046567791141e-06 0.00024777741417567105 0.00015795491014758582 5.635058308857174e-06 7.574631513612552e-06 2.9834064288665455e-05 0.0012065959354659597 3.844379188955758e-06 0.0004204766941366383 0.0006055786186300067 0.0017225964622756137 0.0004719416477430296 9.351026212796918e-06 1.6874518815695388e-06 3.444588928063702e-06 1.4225198206612577e-06 0.0 7.040637195281103e-06 5.957613417978507e-06 0.0 0.0 0.0 2.8377684530642513e-07 0.0 3.6937551115130154e-07 0.0 1.8402866069695983e-06 0.0 1.8343246366497697e-06 1.6623891099161216e-07 7.738684044456816e-08 3.189847367320732e-07 1.1840522683697173e-05 2.613922794950402e-05 8.256949896259554e-05 0.0 5.243355470544615e-07 2.010433312138555e-06 6.934717565298747e-07 1.6134953443062072e-06 4.546343746123021e-06 0.0004365613775498679 0.0002554030707603276 7.549962656026154e-07 1.6652742676357522e-07 6.485233231511931e-07 4.365821278672145e-06 0.0 5.18387766109857e-08 2.381844946047428e-06 4.387347411426805e-07 5.7650395341505825e-06 5.909882710139354e-06 1.0011480669590423e-05 2.350759184730646e-06 6.946553278479307e-07 0.0 0.0 0.0
2.2728597250977457e-06 0.0 2.1357359670639387e-07 0.0015016169348483507 6.8096312171784665e-06 0.00027855130534869905 1.1133239529828049e-05 0.0002181448340217011 0.0002589679244794939 0.002053214966521602 1.4165581164779547e-05 0.002485349749831323 3.816286452961625e-06 9.131783714214901e-05 0.00012501674046418968 0.0 3.114377633562526e-07 3.847727323628002e-06 7.488667298732731e-07 0.0 7.987038808735426e-08 7.177862135495249e-08 5.435666135288859e-08 0.0001596315727263809 0.0 1.9921311353021616e-06 1.3828607821313318e-06 0.0015293885360655862 8.544459090040439e-05 2.0987661741032294e-07 2.6982683290717967e-07 1.9041534581381582e-05 5.080568217675361e-07 3.677536016812535e-05 1.3062180584969872e-06 8.796345469090664e-05 2.532273865850524e-06 6.06404846158271e-05 2.56824215139869e-05 0.0003642433981830022 1.1296282868224639e-05 9.229074559684695e-07 3.250663038677627e-07 7.381600163047016e-08 0.0 0.0 3.1912923007114216e-05 1.0757276764706204e-07 3.74044257789131e-06 2.3851130984627878e-05 4.507406202798665e-06 1.015845430504668e-05 5.142268482486316e-05 0.0 4.3747580028075056e-05 0.0 1.954914516718996e-06 1.4515592810988526e-05 1.0717323361802669e-07 0.0 0.0 0.0 4.672937457684023e-05 0.0 0.0 0.0 8.062851336855661e-05 0.0 0.0 0.0 0.00011528776182308549 1.2760523704742363e-06 5.837138662534045e-07 5.978061062187478e-08 1.6632327444102016e-07 0.0 9.086963691252405e-08 7.002827892485175e-07 5.969229938921877e-06 0.0 3.2619162969823197e-06 1.02432801598082e-06 7.53185264988132e-05 8.732121026917999e-07 0.0 0.0
8.997664687852623e-05 3.1502546434280935e-06 0.00016627373302623125 6.686689344134781e-08 0.0 6.194212460936312e-06 0.0002742655268295286 5.746391277858006e-05 4.443074326980998e-05 4.886469801399876e-06 5.486345997079117e-06 9.762344799182793e-07 3.852780506305767e-06 0.00012814606472741968 5.776899803227035e-08 0.0009472571055378264 0.0003418690585304187 2.229128313014486e-06 1.6481019020820225e-05 7.987038808735426e-08 0.0 0.00011527338034027419 0.007121042875125212 8.766852776778617e-05 2.0334016990847603e-06 1.062322570375932e-05 0.001197229542955461 0.0017926868882723775 0.00015038220147951432 0.00623981826675535 1.7907788113513884e-07 8.869122622799333e-07 2.7783503940118166e-05 0.0017482581815688862 9.442688377302357e-05 0.003890906211843131 0.0009101696804204121 0.003346509186081779 0.0025263009475931754 3.0397991873693677e-05 2.2399253762751687e-05 2.1394536976925164e-06 2.373275072821044e-05 1.0899406427315794e-06 3.4257008027379467e-07 3.252027765744599e-06 0.0 0.0 0.0 2.3246902432454204e-06 2.1468573185952766e-07 2.0202722427529688e-05 2.3127133725322144e-07 1.2271192102566658e-07 0.0 8.058641423305857e-08 2.3867153359165504e-06 0.0 0.0004186367948772056 1.1594972618853601e-06 0.0 1.5802963263674374e-07 0.0 0.00033834922533470537 7.082215624607259e-05 0.00016229580137076222 8.379027703114846e-05 0.0 7.474506777829318e-07 1.4344511998625256e-05 6.1024284886698234e-05 1.0667788614145282e-05 0.0001120293119955005 0.0 0.0 2.3228176344031795e-06 8.07643272318787e-06 1.0355132571975662e-05 0.00013109439618862295 2.3566929180565943e-06 2.5924531425854122e-05 1.713854040617395e-05 2.634339308502379e-06 3.4975684106355564e-07 0.0 4.1930695313356415e-07
5.987173265864385e-07 0.0007490403079882392 2.435791740231998e-05 0.0 9.419863581986257e-07 5.653294477433379e-07 2.16899171506685e-05 7.326806585086151e-07 0.0014376844012219255 8.273938647273826e-07 2.647968557339452e-05 5.56209635854217e-06 9.851171251574243e-05 1.3306408861268338e-06 2.8371649089265087e-05 0.0022811802386841196 1.726809649437294e-05 1.6902259707313792e-06 1.259861186727528e-06 7.177862135495249e-08 0.00011527338034027419 0.0 0.00026868110790867505 0.003516190704285783 0.0005971138558002294 2.394655028945977e-05 0.0028345971300749017 5.6764602334216996e-05 1.8934549138634433e-06 3.670234598737405e-05 1.4733865711104277e-05 0.0 3.772521279951107e-07 1.6705633035202945e-05 1.0945459981183869e-06 6.7411711815677e-05 4.23593870360385e-05 4.3100531046400604e-05 1.8450301974173448e-05 4.5126048107963456e-05 9.548701417089587e-08 4.2629151464046005e-06 4.390092641694981e-07 1.1011269782175784e-07 3.956261292265121e-06 5.047669602482738e-05 0.0 0.0 6.581334947891624e-08 1.1494509418685582e-06 4.428535148218286e-07 8.380688641506333e-06 0.0 8.479473279283171e-07 3.2179094976144536e-06 1.4031718873281138e-06 1.538234870679814e-06 0.0 0.0004771840768435449 3.383415627748527e-06 4.633607287991031e-07 1.1655452921606261e-06 0.0 9.10061712970469e-05 0.0003071447032960217 0.00023258176832607885 2.6773231238802994e-05 1.583411358367611e-07 9.877765910097447e-06 0.0006069182915130293 1.4741657452345915e-05 1.960407236214859e-06 1.6202087822002534e-05 1.1086749758989254e-06 0.0 0.0 3.5158206571503006e-06 1.1279880371162268e-06 4.357836849556107e-05 1.2045861979727968e-05 2.4800626147103066e-05 1.9057531512901563e-05 8.786176556164332e-07 0.0 0.0 2.1979529706920178e-07
0.00017867387539972397 2.008613704705425e-05 0.005024999025925439 5.822201269907503e-07 8.916366520291199e-08 2.6352739584871618e-05 0.0004366104835936527 0.00016824637937366536 3.568803025154243e-06 1.6869225204731915e-05 2.2223615476712206e-05 1.5258355242374434e-06 1.1033388384221953e-05 0.0003528516477304021 1.9151627008014047e-07 0.003345284714939095 0.001975638946846897 1.3071832949764528e-05 0.0001240653527646424 5.435666135288859e-08 0.007121042875125212 0.00026868110790867505 0.0 0.00017382316577334048 5.038325812014484e-07 0.00039011499146432893 0.008691237080776916 0.0007845619643491001 0.0001875511974648014 0.0038605908416833256 6.042485169858662e-07 2.1400456822680188e-06 1.1353008890018017e-05 0.002459806490484524 0.00011073330235794279 0.005352117327557927 0.00316429186810363 0.006099257235539025 0.004743253091444843 0.0001482536585882666 3.1748471074851905e-05 6.503280763250638e-06 4.220386740464934e-05 1.1831969984050421e-06 2.7739857769460478e-05 0.00023859199624919332 0.0 0.0 2.3491931450452807e-07 4.307290105871945e-06 1.8113026977302318e-06 1.8249983851272693e-06 8.090018096537886e-08 1.1354417255244112e-06 0.0 3.916662834090648e-07 3.965625068123132e-06 0.0 0.0013877645554711256 3.389362442919349e-05 1.585897768578522e-07 2.5516619071469594e-06 0.0 0.00012353144518303973 0.0003188799818609404 0.0016584497925624185 1.0121138328827397e-05 0.0 8.235852827713536e-06 0.0011985890883945856 8.47545716022356e-06 2.4567150312298484e-06 1.207305012133079e-05 5.783869196323826e-08 0.0 0.0 1.1032483501744713e-05 1.5002892177280311e-05 0.00018384445668338773 4.534290879713459e-05 8.678544891406746e-05 8.91297085601339e-05 2.960285614283222e-06 1.7739956476019694e-06 1.0458334111213508e-07 1.747525722512476e-06
