0.0 2.3997769698281457e-07 2.5483644324775974e-05 4.265591674346679e-07 1.833834262180873e-07 9.705728376823297e-06 0.0011771064457214717 7.343847194756445e-05 9.237203916011116e-06 4.556495391429474e-06 1.334373148275303e-05 1.6956306591415146e-07 0.0 0.0008758283695814458 1.3838601792117214e-07 1.5872172661237197e-06 0.0002560346016000771 2.1803759856401817e-05 0.00014143643631933504 5.726146349844093e-07 1.026835211721424e-05 1.0111344833510013e-06 6.596896390110726e-05 4.600023605609177e-05 1.1142978777109269e-07 2.4886556968817125e-05 2.2738333338466545e-05 0.00014402484428276428 0.0027180999781805364 0.0014190193884852905 7.530905058278942e-08 4.333061636733857e-06 4.921663682721248e-05 0.00037928328054192477 0.0 4.676330061768354e-06 6.00236755300573e-06 0.00010255513334956599 4.474182530637333e-06 1.929960601591547e-07 4.842096054726728e-07 7.402139615770718e-08 0.0 0.0 0.0 1.2812794284436397e-07 1.3760600814611342e-07 0.0 0.0 8.672512490639908e-07 5.6557143604426476e-08 2.6188143942645794e-06 6.226253874624664e-08 0.0 1.5563288610219525e-07 0.0 4.771583057463392e-07 0.0 4.10899836886987e-06 0.0 0.0 5.090879337466924e-08 1.98273921504022e-07 3.9550261370096635e-06 4.6399365196089913e-07 4.7336934743016973e-07 1.370978248059301e-05 0.0 4.874415005333775e-07 1.1990026869756385e-06 1.0484563763002657e-05 5.458060822704521e-07 3.555647427685836e-06 9.349147471642997e-08 0.0 5.597399089947027e-08 2.3344092705526208e-07 0.0 5.895590827036619e-06 1.9615068431748308e-07 1.8329871880091663e-06 6.788282541444444e-07 9.296209613154155e-07 0.0 0.0 0.0
2.3997769698281457e-07 0.0 3.8013563391183104e-06 7.38270811898119e-08 4.040840954856798e-07 1.2448994522438777e-07 5.3154187854052526e-06 8.280245859450632e-07 0.00025426773416492094 3.066983972562349e-07 0.00029806896933202824 1.551053815384298e-06 0.00019200141454382754 5.780900183634444e-07 1.0800547773877474e-05 2.4758471192313868e-05 5.605023682208038e-06 1.164281397832506e-06 4.9118907245587454e-06 7.731972874789399e-08 1.4352659708846635e-06 0.001565473138249783 1.6458438887260482e-06 0.0008096267481779261 0.0013511156835143679 3.613169169894758e-05 0.0022967616663907733 1.4763920837680623e-05 1.695096131933818e-06 3.6696813601967072e-06 4.671984222022828e-05 5.002633341730734e-07 6.020151726004764e-08 4.3394352172067914e-05 7.57795472923851e-08 2.117571064105549e-05 8.638178370243297e-05 4.194901100854112e-05 6.514123059366618e-06 1.1900175723497512e-05 0.0 0.0001636901234687866 1.3147086266045682e-07 6.448352565035376e-08 1.7904465365523447e-05 5.96887089077704e-05 3.6063758772646857e-07 0.0 0.0 7.49743783248554e-07 5.2711915128597e-07 1.1713664514118519e-06 0.0 1.620390241854964e-05 0.0 6.549741698813474e-05 8.014134444379291e-07 5.7070592836601555e-08 5.182576576358083e-06 2.3668015175164108e-05 1.4015001034955932e-06 3.1695835154919785e-06 7.805900254725693e-08 3.8383584965649527e-07 1.504280450847191e-05 1.5038456301523584e-06 9.40730877871407e-06 4.619903147220048e-05 8.528704204383403e-05 0.0008748961155321368 1.2008712740954388e-06 5.076842742624425e-07 3.493071680474869e-07 2.018673100789588e-05 8.032753438201789e-08 0.0 3.185244693739288e-06 4.571337856915124e-07 4.115478605769155e-05 1.8659074458791504e-05 2.6659366422421634e-05 1.3774292438564948e-05 1.2595066693747303e-06 0.0 6.5644641985477435e-06 0.0
2.5483644324775974e-05 3.8013563391183104e-06 0.0 1.5220959083274741e-06 2.4805837147196954e-07 0.00028311259806837404 0.0013654771294799902 0.0008309652797657526 5.306938561023547e-07 4.4502123122704796e-05 3.376579424302325e-05 6.711873771905466e-07 2.60281852436455e-06 0.00039334080800295523 1.8501824903049544e-06 6.058021100492915e-06 0.003205190745810961 2.3439546464955234e-05 0.00024663558624971944 1.630491801014952e-06 3.876053501197475e-05 3.549675229566317e-06 0.008682162927718805 1.029202447081584e-05 4.4892586409446446e-07 0.0035195661983642573 0.0019102349590803419 0.00014699810564325724 5.296048203826442e-05 0.00019127323887003017 6.556619936100502e-07 3.3045815657450024e-06 1.4850876103532931e-06 0.00041071550839444484 1.5847804346547683e-05 0.001397170823287843 0.0017089772647513445 0.0014995866718997737 0.00040144858938857136 3.134151931821974e-05 1.562815730937787e-06 8.58346367547588e-06 6.76678730789878e-06 3.5306866888913537e-07 1.1093080850330942e-05 0.00082943328541708 0.0 0.0 2.5583647345809094e-07 6.0460302953035034e-06 1.3943350014035578e-06 2.2775544966520404e-07 1.8484870570570196e-07 5.766531245293581e-07 0.0 2.722417257141084e-07 2.3122899162815556e-06 0.0 2.4558746481997483e-05 0.00017124727868659593 1.929020190015912e-06 2.21287801574677e-05 0.0 1.6023063085967556e-06 1.1489165628988158e-05 9.215529177494096e-05 1.2388068381368926e-05 3.7379158130674036e-07 0.00012872504083282114 0.0010108923382313555 4.788795323269551e-06 9.24990982771215e-07 2.6867363070979747e-06 3.0239665467195547e-07 0.0 0.0 3.3872275908505256e-06 1.8639959169731698e-06 0.00012518791244654678 2.458384383281044e-05 5.108413176431605e-05 3.406466306938206e-05 2.713580192954599e-06 2.5694797474630563e-07 4.900519381882929e-07 7.567624027617719e-07
4.265591674346679e-07 7.38270811898119e-08 1.5220959083274741e-06 0.0 2.66583392711324e-06 1.7221347965015058e-05 7.017306995717052e-05 2.415549883511188e-05 0.00016033169678766985 0.0011509301348351442 1.256523616335258e-06 0.0014501868822918995 5.932627908950092e-08 1.3576530515147566e-05 6.244807138827344e-05 0.0 1.3078627869209296e-07 2.7519939582840823e-07 5.2705214576634854e-08 0.0016199388266355515 1.358235477261602e-07 0.0 7.033899694762642e-07 0.0010009822504866794 0.0 1.331041082612231e-06 6.897635016109742e-07 0.0020762904946713327 3.257868301144968e-05 6.835707986367876e-08 2.065952402542947e-07 1.5769484858181344e-06 9.570678310448955e-07 8.230376346032672e-06 3.6991772993759873e-06 0.00018193479304605563 1.0589789145124688e-06 4.739647116806782e-05 1.8966129619658727e-05 0.00015282913613436723 9.539432646476509e-06 0.0 2.790671177527457e-06 2.2136811655786228e-07 1.9798606825763753e-07 0.0 6.11246566573063e-05 2.606528220349503e-07 2.1020006794282827e-06 1.5361406261216292e-05 2.0069634611090076e-06 4.9234232157343774e-05 9.591720184655783e-05 2.861258359844302e-07 3.449301831860995e-05 0.0 1.1706121258738067e-06 1.1498631530988887e-05 0.0 0.0 0.0 0.0 6.912535003757706e-05 1.2438107467550193e-07 3.2353633331735517e-07 2.0009103971251358e-07 0.00021345575282026577 0.0 6.38683923298921e-08 7.669975227249163e-07 0.00013965960446693062 2.2394654242708187e-06 4.985974412610593e-06 0.0 4.855484621307666e-07 0.0 4.2859335485015696e-07 4.36578499631982e-07 6.909701704089046e-05 0.0 8.24213215915552e-06 1.8817472019578172e-06 8.571111434610254e-05 9.233435412266658e-08 0.0 0.0
1.833834262180873e-07 4.040840954856798e-07 2.4805837147196954e-07 2.66583392711324e-06 0.0 0.00010307894181447627 4.1059938257156904e-06 1.8261756452325265e-05 2.3755444993314138e-05 1.008668428789402e-05 3.841039705098508e-05 9.824511432814731e-05 3.466642184984848e-06 2.9127665663733314e-06 0.001109131483516499 0.0 5.958084326504785e-07 2.1008993326954786e-06 1.988552698012808e-06 1.06535769936822e-05 0.0 2.4120511189763784e-06 5.8754887936445996e-08 3.0305367664175938e-05 3.8909998226410217e-07 4.9136490557878605e-06 4.93428092354222e-06 6.2642561518786215e-06 2.453048283552151e-06 2.1893409871811126e-07 9.221509697361821e-08 3.0261953330980083e-06 0.0 0.0003622407637145519 5.232822220465425e-07 1.9875979460715074e-05 4.198254012101618e-06 0.00018963109805881858 3.215204551332616e-05 0.0014468095492208767 2.2883735873644752e-05 1.335211103434596e-06 1.0424062575530656e-06 0.0 0.0 0.0 2.4886994972334745e-07 0.0 0.0 2.321998408948631e-07 0.0 9.084168296426651e-08 1.5856945053413745e-07 8.380466611191458e-08 0.0 8.896697609705466e-08 0.0 4.2194286221405617e-07 5.353663438597574e-08 0.0 1.7805925636012458e-07 0.0 2.8425682979873467e-07 2.163133229499963e-07 0.0 0.0 2.0140240114552257e-06 0.0 1.5810023526570883e-07 3.77115459599761e-07 1.714092624470726e-06 0.0 6.333201569088949e-08 0.0 0.0 0.0 0.0 0.0 2.005637675150818e-06 1.014455421256047e-06 0.0 0.0 2.4128320984906987e-06 0.0 0.0 0.0
9.705728376823297e-06 1.2448994522438777e-07 0.00028311259806837404 1.7221347965015058e-05 0.00010307894181447627 0.0 0.0035169298734123895 0.0029643225645727797 2.9007209109996038e-05 0.004056697197718549 6.293089921919898e-05 0.002874350710594239 5.675815289024579e-06 0.0002426881502342034 0.0009961817045903423 2.5144329589051355e-06 5.70636642920123e-05 1.1697347106386179e-05 4.252353303406921e-05 0.00026417483837168766 4.719026580109359e-06 9.591253337629166e-07 0.0001946588138277677 6.751860242013617e-05 7.457311060847361e-07 0.00011032924669766716 3.5837100389008286e-05 0.0005887340544561841 0.00014063379403169487 7.70062083388331e-06 9.246041988033763e-07 8.166346012094789e-05 2.4503406814865787e-06 0.00029370094677318967 2.181525263467667e-05 0.0001630119215034275 2.36506578987048e-05 0.000495514330074341 8.453347443667953e-05 0.0009435653329809329 0.00010481979661734414 4.852465372750256e-06 8.399900657009903e-06 0.0 1.8630844036275304e-07 2.0204102432158347e-06 8.873809075568879e-06 0.0 1.1334783851994305e-07 3.0435506562253765e-06 0.0 9.303284872366956e-06 9.564744420493622e-06 5.707746240026356e-07 1.881265490906332e-06 4.131172270974399e-07 5.056454251717889e-07 4.143576725372553e-08 8.879723743906706e-07 1.213748517943871e-07 5.466267829975978e-08 0.0 7.733709996435519e-06 4.252580405605586e-07 5.4653119441324125e-08 2.0759986727116063e-06 5.182590670479244e-05 0.0 3.8345800806998985e-07 5.0331596461922255e-06 2.960441950855042e-05 1.3989042153929562e-06 2.827634683937816e-06 0.0 0.0 0.0 5.378385209394523e-08 1.3888899119863841e-06 7.179322552905088e-06 2.790236388002815e-07 3.823622996783211e-06 7.657833191221904e-07 3.779539817101867e-06 0.0 0.0 0.0
0.0011771064457214717 5.3154187854052526e-06 0.0013654771294799902 7.017306995717052e-05 4.1059938257156904e-06 0.0035169298734123895 0.0 0.0028830973293747825 0.0002228086348062921 0.004195258439866813 2.3819910080065104e-05 8.868785786018939e-05 5.340373189724341e-06 0.006000248098557323 3.125873130596955e-05 0.0002046995320971568 0.0002321039280123807 1.5250503914629579e-05 6.818872415431548e-05 5.890295782604704e-05 0.0004517020337425872 3.8833411045627236e-05 0.002524896118787494 0.0012950882975312737 2.378000349118962e-06 0.0003861537327205991 0.0006735073558230979 0.010961320442755522 0.0009866615520401133 0.0010059571915592338 1.4843169377819815e-06 2.9081702460935593e-05 3.528667178479588e-05 0.00015398384838067447 3.758749740543004e-05 0.0007176996403942832 4.496656924461509e-05 0.0006189443617252721 0.00024655267037388426 0.00014790620409018353 3.796729685740771e-05 3.694626029026283e-07 1.3955085576924637e-05 1.2988381301376448e-06 7.625821821128507e-07 1.8907848650226123e-05 1.902471383694848e-05 1.626419813905224e-07 2.298501200647738e-06 3.206809124761637e-05 2.7780970430020067e-06 8.569065178789654e-05 4.009070289979559e-05 1.3695650207118936e-06 9.187627201509772e-06 4.831387154793914e-08 9.641507924117843e-06 9.357981415347073e-07 4.9129674118611366e-05 2.3916209743052014e-06 5.062130689752689e-07 5.159045496450125e-07 2.756057326143451e-05 2.411457780545821e-05 5.726139142603368e-06 5.9036118244642846e-05 0.00040150028564486 0.0 6.102038424488337e-06 5.4882840704860166e-05 0.00022857545152204419 1.3015508981427977e-05 6.192768422928183e-05 4.4876828839116537e-07 1.823449636130427e-07 1.5467467807943338e-06 5.818749224768293e-06 3.936144184532967e-06 9.856867121993705e-05 2.1123621564172123e-06 3.721815872827834e-05 1.3616953033017046e-05 2.9764918968796515e-05 1.7394754388154599e-06 1.4080043386709193e-06 7.095620966613328e-08
7.343847194756445e-05 8.280245859450632e-07 0.0008309652797657526 2.415549883511188e-05 1.8261756452325265e-05 0.0029643225645727797 0.0028830973293747825 0.0 1.5174849474092e-05 0.002218014959295769 8.65420994594294e-05 0.00035768608204378015 4.255665461361959e-06 0.0027544436417178573 3.5034940567430904e-05 4.924608882681315e-06 0.0005262883184182438 5.462578252963682e-05 0.0003708363310001368 0.00010647986318002355 2.006955856275184e-05 9.433298708713583e-07 0.0005520789207810368 9.160150383461213e-05 7.951735220884124e-07 0.0002636871749290075 0.00014402965871264278 0.00033991647470508704 0.00025347963920608555 0.00016188275972552993 1.3827974523450103e-06 0.00020479100536783878 1.1779407848823725e-06 0.00026979474757234123 1.1952696860782169e-06 5.2204408233498896e-05 4.551368258736048e-05 0.00028779867423137605 3.960384291033713e-05 0.00014635153015501518 1.3918716094689024e-05 1.308010339676289e-06 1.3912653021610634e-06 1.2679548300204185e-07 0.0 4.9052067101143885e-06 1.2593336921339438e-06 0.0 1.0337524740870205e-06 3.479494018201273e-06 1.8365214443082796e-07 4.343227818625565e-06 2.195558955326418e-06 1.1229889441882251e-06 1.2417960164651433e-06 4.872274686882811e-07 4.84101434521397e-07 0.0 3.2034547381251113e-06 2.4873012024853544e-07 1.6981841211514572e-07 3.0641595376958825e-07 2.6009884601369168e-06 3.6586227826762303e-06 1.2460365407951803e-07 4.04642516376111e-06 3.406444238443296e-05 0.0 1.6777441440168387e-06 1.0224755116311694e-05 2.448001394011938e-05 1.7584380632086571e-06 8.995107962145538e-06 4.00254363096915e-07 0.0 1.0938802253594518e-07 5.665431113210218e-07 1.4960918443782212e-07 7.776610613720898e-06 1.4465178035865568e-07 3.6313872883989404e-06 9.485422748160685e-07 1.5512700914831138e-06 0.0 1.058383543092817e-07 0.0
9.237203916011116e-06 0.00025426773416492094 5.306938561023547e-07 0.00016033169678766985 2.3755444993314138e-05 2.9007209109996038e-05 0.0002228086348062921 1.5174849474092e-05 0.0 7.37573989092969e-05 2.145044911634951e-05 0.00014642911670405753 3.191601141690155e-05 2.017826386114079e-05 0.00035044381106593916 3.324848318355323e-05 1.3639561631135648e-06 9.764256311138988e-07 1.5990933234516523e-06 0.00013941950747470183 9.491449899326148e-06 0.001676113585535859 4.78915407484602e-06 0.0052058239469821984 0.00013802077786778964 1.1476555004559639e-05 0.000476962174152032 0.0004211821142418063 6.744303907621215e-05 0.00013689432491105843 2.310599844999067e-05 1.8209114336604365e-06 5.652256048581137e-06 1.3642082270934939e-05 1.2949703583410021e-05 0.0002847988489141178 1.9831781166056673e-05 6.338420207418109e-05 4.1227034732382176e-05 0.00014004280716343315 4.653037967174706e-06 4.061169574753995e-06 3.7300045970508566e-06 2.1326734318350455e-06 1.4026229438064593e-06 1.397160236304915e-06 8.93788408331653e-05 4.4512649493465094e-07 4.238705587515403e-06 2.655815579893948e-05 3.800867469313062e-06 5.317471238552405e-05 0.00010190817768543656 5.574770449395904e-06 3.624275408021929e-05 1.3259860365258212e-05 7.4636972406576495e-06 6.069513144536617e-06 7.154402028158779e-05 6.27531554675076e-07 3.959500472402379e-07 7.106963452619405e-07 8.857070717183835e-05 2.7575500932367712e-05 1.5141542286446955e-05 3.445189841621385e-06 0.0011000077359424412 6.0082960747615755e-06 8.064900492134651e-06 1.929965621723903e-05 0.0002892348104670542 2.3888585570351972e-05 5.426570105620671e-05 6.986588769119296e-06 2.922284086209609e-07 2.532843344495694e-06 4.131789444210665e-06 2.6573290297940397e-06 7.389923763883536e-05 4.061242294808551e-06 2.3789391949120246e-05 1.2530531643771967e-05 4.675543519760358e-05 3.147698737684937e-06 1.3815318975850285e-06 0.0
4.556495391429474e-06 3.066983972562349e-07 4.4502123122704796e-05 0.0011509301348351442 1.008668428789402e-05 0.004056697197718549 0.004195258439866813 0.002218014959295769 7.37573989092969e-05 0.0 7.091968604037866e-05 0.001926695914946636 4.3123757233324356e-06 0.0003645915456333412 3.905197643908803e-05 1.0174300410272973e-06 4.824743588866828e-06 1.0606551895222846e-05 7.88441570661667e-06 0.0007172651611619614 1.444111683067349e-06 6.088999750223036e-08 3.5116866138605445e-05 0.00014775871853082797 1.1374774028930778e-06 4.1544674046616266e-05 1.840123258878393e-05 0.0020983498461524188 0.00047342675302289793 1.958166132978913e-06 2.2353002590714703e-06 7.2713595873945e-05 4.14692988632792e-06 0.0002488067995580116 4.404251915136243e-05 0.0008661925607595548 2.3384815468524495e-05 0.0011447720949103316 0.00014247365631780656 0.0005175614083933351 0.00013202722600660975 9.844985615423794e-07 4.1025939392593465e-05 7.836529469302967e-08 8.781674065204855e-08 4.7286507608743493e-07 5.733579564061832e-05 3.6035900241674123e-07 3.915311525337786e-06 2.4712329228473334e-05 1.6842833244391273e-06 4.9795276767394444e-05 9.461424235919199e-05 1.2021071860042065e-06 2.2653583851928713e-05 4.845974977139538e-07 6.145872041770711e-06 9.525925556977673e-06 3.3869325407534784e-07 0.0 6.271669534928461e-08 0.0 6.892156972181775e-05 1.4636688892353717e-07 2.53980641872935e-07 1.045426607457209e-06 0.00039446182458406924 8.396506098578129e-08 4.5069548239591067e-07 2.4110422230287485e-06 0.00023476070274267618 5.008208843761819e-06 1.0221053874375092e-05 7.22259239148761e-08 3.1069343209220096e-07 9.081296482870546e-07 2.2241649474685657e-06 4.252667938427362e-06 7.03711452795371e-05 3.987771765965098e-07 1.7542934436672427e-05 5.959634801049884e-06 5.2739284405332114e-05 9.424144058382285e-07 2.1064214228733772e-07 1.3670944402386263e-06
1.334373148275303e-05 0.00029806896933202824 3.376579424302325e-05 1.256523616335258e-06 3.841039705098508e-05 6.293089921919898e-05 2.3819910080065104e-05 8.65420994594294e-05 2.145044911634951e-05 7.091968604037866e-05 0.0 5.3643240302764e-05 0.0012526102978145874 8.308197578210379e-05 1.106929307005038e-06 3.2403179804225315e-06 0.00018330843968546615 0.0014538480838329271 0.0001976693701376972 1.3348835161609745e-05 2.70169458369494e-05 6.37339230957752e-05 4.870208815314963e-05 3.515864244711765e-05 0.0004343733463430797 0.0011972106904410988 0.0008214927281105227 1.2619162504777598e-05 0.0003248700140544809 1.2606260664185468e-05 0.00021420655555878798 0.0002234726039362157 1.0469275407941176e-05 0.00343268539160685 3.7502867629740696e-06 0.000424012627517085 0.0024422309398804097 0.002835609166561141 0.0004876141543072423 2.910793671674206e-05 2.5541055122925665e-05 0.0003276540669416425 5.537502188569169e-06 0.0 2.9693072417270834e-05 2.9132199194781245e-06 1.066346938008346e-07 0.0 0.0 2.086785137931927e-07 0.0 1.355982045652486e-06 0.0 0.00014965460477019113 5.8333273012343336e-08 0.0006315123900450272 1.4341459393543015e-07 0.0 2.3046455482663165e-07 5.235990704968483e-07 2.2215028192476538e-06 2.186838782817854e-07 1.0133640905444731e-07 5.829133178927966e-08 3.5011386158366994e-06 4.6291345939741574e-07 4.599691169639247e-06 0.00025838558196215287 5.037116561270489e-05 0.00017261220120181036 3.425849618076498e-06 6.090406841891602e-07 2.6331222113251254e-07 0.00011423126457311756 0.0 4.2184239722655565e-08 6.007972864129046e-06 0.0 3.1540921108825367e-06 0.00011885110269239343 6.524791365321269e-06 7.401011705108856e-07 0.0 0.0 0.00015541899858893482 0.0
1.6956306591415146e-07 1.551053815384298e-06 6.711873771905466e-07 0.0014501868822918995 9.824511432814731e-05 0.002874350710594239 8.868785786018939e-05 0.00035768608204378015 0.00014642911670405753 0.001926695914946636 5.3643240302764e-05 0.0 2.188211303281743e-06 6.843760279013195e-05 0.0009704987709751055 8.092327291724774e-08 4.2778845740962054e-07 5.833740680301423e-06 2.7672401192976223e-06 0.00547547650410057 8.325692274342435e-08 6.460349112466557e-06 1.3783185314709296e-06 0.00064812699235235 2.290875285385305e-06 1.497887398356219e-05 1.0170551955887748e-05 0.0002698814692591756 0.00010093297182353608 5.315509428319374e-07 1.6015845974680913e-06 6.662816758683852e-05 3.753387033246786e-07 0.0001381417650282173 2.0534566887535687e-06 0.0003221234137998232 8.604230977708188e-06 0.0003360155284538611 1.2557810696658872e-05 0.0009460651616665587 1.8040216297095686e-05 6.627396979511346e-07 3.3735207766240583e-06 0.0 0.0 0.0 0.00010174946245538454 5.020468924764051e-07 2.3549292026893573e-06 2.8223509175735167e-06 8.248649953363736e-08 1.1286115478405875e-05 3.601890445284134e-05 3.5764779499912864e-07 5.8442242647801585e-05 2.84492362148602e-07 7.669208371294517e-07 4.8282919825790325e-06 4.6804148909965846e-07 0.0 0.0 0.0 2.1018811999318747e-05 0.0 5.540363944543791e-07 0.0 4.62333893238485e-05 6.821958468980357e-08 2.7515563288087453e-07 8.355862109578074e-07 5.028552787963697e-05 4.230647466390789e-07 1.1135346859853479e-06 3.047773853392822e-07 0.0 8.794386654253375e-08 0.0 0.0 2.310816644064413e-05 1.118028672451528e-07 5.837120782691491e-07 0.0 3.304331663590956e-05 2.0393360382972186e-07 1.0772381835558817e-07 1.33325760525238e-06
0.0 0.00019200141454382754 2.60281852436455e-06 5.932627908950092e-08 3.466642184984848e-06 5.675815289024579e-06 5.340373189724341e-06 4.255665461361959e-06 3.191601141690155e-05 4.3123757233324356e-06 0.0012526102978145874 2.188211303281743e-06 0.0 2.7919428728149765e-06 2.1577662906772103e-06 2.6655471717502343e-06 7.38048558049426e-07 1.7699707119669152e-05 1.8787628709405328e-06 3.822864425172542e-06 1.3832545181658327e-06 7.968885542863269e-05 5.221149042981081e-06 5.124043579310775e-05 0.00133990924552641 4.856216688558974e-05 0.0013856793265199607 7.077438255021262e-06 5.205377182850477e-06 7.142530721514219e-06 0.0001961713789273677 1.1051110278801161e-05 0.0 0.0007777597333774995 1.0098126393829099e-05 0.0005820009335619863 0.0018626276726611383 0.0021761954996445303 0.00024356015054925628 7.11405980747084e-05 7.34156256905963e-05 0.0006018066324165256 5.820056592607222e-06 0.0 6.121181359082815e-05 1.3418513514680692e-06 1.5257410681645682e-07 0.0 0.0 0.0 0.0 1.3075550263128464e-06 0.0 0.0002485267266301601 8.340541753120958e-08 0.0010915119426462558 1.4467520648853207e-07 7.051017809276562e-08 1.3852038914928324e-07 1.9873588104476125e-07 2.9651777733226253e-06 1.843571746588515e-06 0.0 0.0 6.359551265427804e-06 5.287612765813532e-07 1.8182210479301123e-06 0.0006202768552002301 0.0001019679027178471 0.0002887704579665429 5.420030835151165e-07 4.7811653974426e-07 5.763047526263416e-08 0.00022242036631310442 4.7865547233888764e-08 0.0 7.44712870509011e-06 7.578697965115429e-07 0.00010170800249313625 0.00015175841412416963 1.0972846256057232e-05 2.196704581046577e-06 2.574847739145579e-07 0.0 0.00016765447676581554 0.0
0.0008758283695814458 5.780900183634444e-07 0.00039334080800295523 1.3576530515147566e-05 2.9127665663733314e-06 0.0002426881502342034 0.006000248098557323 0.0027544436417178573 2.017826386114079e-05 0.0003645915456333412 8.308197578210379e-05 6.843760279013195e-05 2.7919428728149765e-06 0.0 1.9359885527918985e-06 3.4407752179237025e-06 0.0005471704368128443 4.6514202446751646e-05 0.0002994585928933263 3.201428341871918e-05 2.3336068095819786e-05 2.6863005790042615e-06 0.0003621946194129471 0.00011055067884472313 1.28350179376284e-07 0.0001308325189597878 9.303935770017719e-05 0.00033677939845317664 0.0020053376545201146 0.0006445162940043243 9.624054075481497e-07 6.522289412397545e-05 3.798178188392825e-06 0.00036822609070447776 3.1332311560810446e-07 1.7463401253816478e-05 2.482745701994457e-05 0.00030903874238046486 1.0715378005807021e-05 3.6625234092390555e-05 1.1102471535198516e-05 8.63499424834831e-07 2.497064745172297e-07 0.0 0.0 1.4116999768999334e-06 5.614408247328199e-07 4.446590806105653e-08 1.5107497303854916e-07 4.715041949190328e-06 1.9672410499627837e-07 5.103238522358336e-06 2.3151576361526344e-06 7.235072935784257e-08 1.5058349532735813e-07 3.12631753854973e-07 7.411006703777413e-07 0.0 3.5173717116669495e-06 2.461171439547673e-07 0.0 7.128710548231429e-08 7.811624348518492e-07 4.502653084838182e-06 4.0446033353904907e-07 2.2517923687951357e-06 2.8960378271090914e-05 0.0 1.5679561213522607e-06 6.28527475857721e-06 2.1291459439696428e-05 2.2802767764140073e-06 1.0119367510664617e-05 4.1721963631314536e-07 0.0 1.7629898565248918e-07 6.045079808829613e-07 2.2741376203638336e-07 9.80220658612504e-06 4.887237209552402e-08 3.7829498878984703e-06 1.0659961001969215e-06 1.7924177754216805e-06 2.6172168250249113e-07 6.348701465843642e-08 0.0
1.3838601792117214e-07 1.0800547773877474e-05 1.8501824903049544e-06 6.244807138827344e-05 0.001109131483516499 0.0009961817045903423 3.125873130596955e-05 3.5034940567430904e-05 0.00035044381106593916 3.905197643908803e-05 1.106929307005038e-06 0.0009704987709751055 2.1577662906772103e-06 1.9359885527918985e-06 0.0 0.0 6.647606969126661e-08 1.1089963131678227e-07 6.522729488386505e-08 0.00015678807873308918 0.0 4.2420700701766484e-05 9.729490154238236e-07 0.0008789648175600686 6.855436510829878e-06 1.3477292666878802e-06 3.0790248512775417e-05 7.881128873748786e-05 4.299997216386238e-06 2.437812013879079e-07 1.2161660225093394e-06 5.497295031087574e-05 4.302960057288815e-07 3.505570452406275e-06 1.8017816850955684e-06 0.0003849538743045289 1.4232956791439864e-06 4.728600046974323e-06 5.165675087741785e-06 0.0007470490760275976 3.465653674341839e-05 1.071965641923535e-07 8.17285998137429e-07 0.0 0.0 0.0 1.0103962035343816e-05 0.0 8.41770806219096e-07 1.6053591482295167e-06 0.0 8.103608635670407e-06 9.690399361979918e-06 1.5428755297117553e-07 6.890250437779329e-06 3.8771258322925653e-07 0.0 3.4730321987285777e-06 2.203077572402911e-06 0.0 0.0 0.0 1.1863745601387864e-05 1.2288428905194916e-06 1.0213252758398278e-06 6.956624774895343e-08 2.208522192535549e-05 5.6975350587695544e-08 4.829562036236519e-07 1.0019380476475897e-06 1.4652889889814406e-05 2.857874454690989e-07 6.568356274780964e-07 7.515898343205856e-07 0.0 0.0 0.0 3.682700660456899e-07 2.485431311758918e-05 8.419596283067451e-08 2.324805146073574e-07 4.3277053096293087e-07 3.7355671572188245e-05 0.0 7.67098043126089e-08 0.0
1.5872172661237197e-06 2.4758471192313868e-05 6.058021100492915e-06 0.0 0.0 2.5144329589051355e-06 0.0002046995320971568 4.924608882681315e-06 3.324848318355323e-05 1.0174300410272973e-06 3.2403179804225315e-06 8.092327291724774e-08 2.6655471717502343e-06 3.4407752179237025e-06 0.0 0.0 1.8768076029841643e-05 3.176898272595558e-07 2.851592663848853e-06 6.73817091876641e-08 0.0006765880327945658 0.0019396809260854501 0.001136091619364185 0.001388295852655123 4.9520247969482245e-06 8.1478671857705e-06 0.002677648688029409 0.0013067171538723125 7.596682274981281e-06 0.00023130127668192192 1.4209707396543917e-06 0.0 1.7225323691649658e-06 3.67898757419422e-05 3.181583385665476e-05 0.0012717700089259975 0.00030422556529430023 0.0004410060669279222 0.0006056124429100699 4.3682311417880435e-05 9.650006410767854e-07 1.457938277409395e-06 1.1331101516509944e-05 1.9589868440961225e-06 1.6685263359527724e-06 3.881786889248422e-05 2.8345867897277525e-07 0.0 2.0254240861200255e-06 4.450638882215873e-05 2.3324868940739928e-06 6.2204872681553145e-06 1.3283860369512826e-06 1.4083701277837453e-06 0.0 6.036635007637792e-07 4.991180475153205e-06 4.803153126925677e-07 0.0025052330147439525 3.1177078470498974e-06 4.387230433754398e-07 5.139043273471605e-07 0.0 0.00041297103662833154 0.00022507442455090332 0.0019165830087220874 0.0001360052110358028 8.032947386054106e-08 1.210130775406386e-05 0.0002915021846478648 9.644963731281375e-05 1.4924753870915934e-05 0.00011831719562256457 5.501644403108356e-07 6.457284556305503e-08 1.0436051600555854e-06 2.909871198543234e-06 5.815489667895152e-06 0.00017993919811537857 2.6350517714936686e-05 3.625810212619568e-05 5.893718341564986e-05 8.868184653655402e-06 3.8324462733554086e-07 4.950011895309528e-08 1.5500976836425625e-06
0.0002560346016000771 5.605023682208038e-06 0.003205190745810961 1.3078627869209296e-07 5.958084326504785e-07 5.70636642920123e-05 0.0002321039280123807 0.0005262883184182438 1.3639561631135648e-06 4.824743588866828e-06 0.00018330843968546615 4.2778845740962054e-07 7.38048558049426e-07 0.0005471704368128443 6.647606969126661e-08 1.8768076029841643e-05 0.0 0.00012379064618310703 0.0020140851781920697 1.862376978836202e-07 8.312163165874661e-05 2.1965595842468425e-06 0.002448617409739714 9.877819930498053e-06 4.0374656526760765e-06 0.002010788011128038 0.00231560221752596 3.4730414888307034e-05 0.00047126678571155525 0.0006686703535316439 1.555365165313976e-06 5.26542753161306e-06 1.3406524621262963e-05 0.0005905428786614024 2.7362192304959495e-06 0.00025243905879785767 0.0013047661645648803 0.0003106066199009866 4.333243347515699e-05 4.995936339706975e-06 4.443358249544238e-07 1.0054258319632751e-05 1.1944289290651287e-06 2.5596468337853645e-07 6.164534185526991e-06 5.187329392120882e-05 0.0 0.0 0.0 9.45021151557241e-07 1.712327144877914e-07 3.172249377209048e-07 1.09474599471878e-07 6.724894426337271e-07 0.0 8.718949667355147e-07 4.372293609175241e-07 0.0 5.8676065381984295e-06 2.1618440137946704e-05 1.5436866681171108e-06 2.6779825185779075e-05 0.0 1.1075691167263525e-06 2.1470079963824385e-06 6.261620895825318e-06 1.9726128686520354e-06 3.1899116539829e-07 0.0002195945011054705 0.0003185361296192474 1.2374328339719332e-06 3.2971297671669877e-07 1.05194783384974e-06 9.649541871028006e-07 0.0 5.46603093652779e-08 1.5998159558326157e-06 0.0 1.6840626647725133e-05 8.70008814520668e-06 1.1958885618995575e-05 6.649673860998745e-06 6.87811932517218e-07 0.0 9.110817077670553e-07 0.0
2.1803759856401817e-05 1.164281397832506e-06 2.3439546464955234e-05 2.7519939582840823e-07 2.1008993326954786e-06 1.1697347106386179e-05 1.5250503914629579e-05 5.462578252963682e-05 9.764256311138988e-07 1.0606551895222846e-05 0.0014538480838329271 5.833740680301423e-06 1.7699707119669152e-05 4.6514202446751646e-05 1.1089963131678227e-07 3.176898272595558e-07 0.00012379064618310703 0.0 0.0005385258947714776 1.9484684702213765e-06 8.009326300489254e-06 1.6184605888685196e-06 3.4519618706401344e-05 2.402360282490573e-06 2.4634825997350313e-05 0.001158712031127001 0.00022084339512153415 4.165647675801047e-06 0.00010434680460931404 1.3907325412641644e-05 3.125009569472459e-05 2.431967943252168e-05 4.7396736796968375e-06 0.00047593655437548214 1.6440410637816014e-06 0.0005321428367007938 0.0007845801945552063 0.0009721574509734182 0.0002590835958495505 6.739587396125681e-06 5.369423329375008e-07 1.158406008783471e-05 1.6999559317563055e-06 0.0 2.759778768787881e-06 6.262745578640779e-07 0.0 0.0 0.0 0.0 5.53155968178783e-08 3.7676727471788765e-07 5.976463586928399e-08 2.6018429659747214e-05 0.0 6.779212114007015e-05 0.0 0.0 1.9679835931687997e-07 9.584634797901735e-08 8.444391449273084e-06 2.464357102289081e-06 0.0 0.0 1.3793265788967052e-07 2.1537254425878428e-07 1.1363703485520485e-06 7.498598257119501e-06 0.00010457805104412718 0.00012691709186231015 0.0 0.0 0.0 6.422942191739834e-05 0.0 0.0 5.980685554604993e-07 0.0 2.6712878515477582e-06 6.757417004872476e-05 2.0576408504523806e-06 3.956155287552439e-07 0.0 0.0 9.679728122564002e-07 0.0
0.00014143643631933504 4.9118907245587454e-06 0.00024663558624971944 5.2705214576634854e-08 1.988552698012808e-06 4.252353303406921e-05 6.818872415431548e-05 0.0003708363310001368 1.5990933234516523e-06 7.88441570661667e-06 0.0001976693701376972 2.7672401192976223e-06 1.8787628709405328e-06 0.0002994585928933263 6.522729488386505e-08 2.851592663848853e-06 0.0020140851781920697 0.0005385258947714776 0.0 9.337639506558639e-07 2.3994318590197315e-05 1.6005175829685017e-06 0.0003195822789837664 3.624051481026675e-06 1.3728668270466496e-05 0.0035701287662983517 0.00044510124127572243 8.39370299797542e-06 0.0003557778527449041 0.000115167830890145 2.777504736651092e-06 1.700953152389561e-05 1.555239360346899e-05 0.0005225397717311574 1.5143719905225942e-06 0.0005647510815105721 0.0006332422639949764 0.0006959458034458359 0.00012137802459769323 9.239145174698508e-06 3.751802825628801e-07 4.275304534303786e-06 8.351040462068822e-07 0.0 6.020107782962793e-06 3.769902181204623e-06 0.0 0.0 0.0 0.0 5.206522476088605e-08 1.8535003319710718e-07 0.0 7.765269900952326e-06 0.0 1.017969827685146e-05 0.0 0.0 7.413257503237103e-07 6.978398953939602e-07 8.122991673203694e-06 8.770513717012225e-06 0.0 0.0 6.964055124918907e-07 9.89980123545852e-07 3.874954689986504e-07 1.8818060408875142e-06 0.00012650855457174763 0.00015618506869112683 1.28972260185884e-07 0.0 3.2465077845689963e-07 2.3974438575145884e-05 0.0 0.0 7.57725998032467e-07 0.0 3.5416202254607576e-06 1.9562281662099775e-05 3.3177376719715226e-06 5.742685980254932e-07 2.398702637260486e-07 0.0 1.7077573525083135e-07 0.0
5.726146349844093e-07 7.731972874789399e-08 1.630491801014952e-06 0.0016199388266355515 1.06535769936822e-05 0.00026417483837168766 5.890295782604704e-05 0.00010647986318002355 0.00013941950747470183 0.0007172651611619614 1.3348835161609745e-05 0.00547547650410057 3.822864425172542e-06 3.201428341871918e-05 0.00015678807873308918 6.73817091876641e-08 1.862376978836202e-07 1.9484684702213765e-06 9.337639506558639e-07 0.0 3.1517774540924695e-07 0.0 7.740990895785449e-07 0.0007158001543546371 1.4019103516902083e-07 5.660362805593073e-06 3.077218545315482e-06 0.0011709756600034407 7.934404259338683e-05 4.174121572634067e-07 3.978329761110462e-07 1.7724446023680837e-05 1.1319511913233176e-06 4.115190635807724e-05 1.0959760930406744e-05 0.0003364319553248645 4.248962911044283e-06 0.00016962023642822887 3.0331870942970346e-05 0.0003768996436179814 2.042173845868102e-05 3.880458618333375e-07 8.741861225872484e-06 7.348457620932784e-08 0.0 0.0 6.145738357672132e-05 2.2199386159652927e-07 4.672067832595627e-06 1.5195274818553835e-05 9.514210462513747e-07 4.931430711620839e-05 8.508309675810957e-05 2.1514028616426667e-06 3.879074808026468e-05 1.8288494214073123e-07 1.3484992188814545e-06 9.893322594472992e-06 0.0 0.0 0.0 0.0 6.307866650859015e-05 0.0 2.1037771517082956e-07 0.0 0.000262081778705568 6.567087440224263e-08 6.252580910234991e-08 2.0117641345433745e-07 0.00015770922869639935 3.403059699496108e-06 4.292243087740005e-06 0.0 2.90833781565262e-07 0.0 1.3516020658899234e-06 5.784964741848755e-07 5.509045280677744e-05 1.4110019343359606e-07 1.0573040584389946e-05 4.799465069979677e-07 6.552173473092174e-05 7.579038205062065e-07 3.512647183544744e-07 0.0
1.026835211721424e-05 1.4352659708846635e-06 3.876053501197475e-05 1.358235477261602e-07 0.0 4.719026580109359e-06 0.0004517020337425872 2.006955856275184e-05 9.491449899326148e-06 1.444111683067349e-06 2.70169458369494e-05 8.325692274342435e-08 1.3832545181658327e-06 2.3336068095819786e-05 0.0 0.0006765880327945658 8.312163165874661e-05 8.009326300489254e-06 2.3994318590197315e-05 3.1517774540924695e-07 0.0 2.697942722407887e-05 0.00816051382482942 5.726484108297229e-05 2.75834600673572e-06 1.4066409403364627e-05 0.0002022990512282322 0.001455043907828894 6.572921919783543e-05 0.00493068043350433 4.773352416013252e-08 7.503893040414483e-07 3.324918431196607e-05 0.0017102207995206957 9.146704537499106e-05 0.0038382469075217518 0.00045054056067502266 0.0029344917134298738 0.0017037791446261115 6.551076269916703e-05 2.8652943211404617e-06 1.0583131469491342e-06 3.081303072885539e-05 2.8040943153130737e-06 0.0 1.2458768351288603e-06 0.0 0.0 5.009694567431079e-07 1.1103891226550772e-05 4.0879225925784544e-07 5.895013652081538e-06 1.0907095381629264e-06 2.9422060632642323e-07 5.533643928529339e-08 1.3641386611158866e-07 3.7087026983437658e-06 4.221638657917722e-07 0.00032585416346832887 8.933145467653537e-07 4.5998466673298425e-08 3.430212800569708e-07 1.0644256420963241e-07 0.0002476917825182009 2.4461802475758212e-05 8.988407365852476e-05 0.00012612645170502864 3.0207523459370195e-07 9.112114969771556e-07 7.242716908977081e-06 8.099086165537767e-05 1.812024425823967e-05 0.0001216255767721974 0.0 0.0 2.2680387050296604e-06 3.037563250516223e-06 6.708675966643163e-06 5.482047802668175e-05 4.152947076885822e-06 9.045989301509046e-06 7.277252704316244e-06 4.473070610283223e-06 0.0 0.0 8.903094425477444e-08
1.0111344833510013e-06 0.001565473138249783 3.549675229566317e-06 0.0 2.4120511189763784e-06 9.591253337629166e-07 3.8833411045627236e-05 9.433298708713583e-07 0.001676113585535859 6.088999750223036e-08 6.37339230957752e-05 6.460349112466557e-06 7.968885542863269e-05 2.6863005790042615e-06 4.2420700701766484e-05 0.0019396809260854501 2.1965595842468425e-06 1.6184605888685196e-06 1.6005175829685017e-06 0.0 2.697942722407887e-05 0.0 3.141979683765617e-05 0.004633687617359622 0.0006525322397554033 1.9849747251751117e-05 0.002115140570720804 8.537310601540428e-05 6.0495781314156315e-06 3.7207516802694956e-05 4.5725992722738005e-05 1.952278735094465e-07 1.8052035070540097e-07 1.1236087627346623e-05 1.345123009301853e-06 5.699450467671586e-05 3.0639544364567145e-05 3.0922890567638995e-05 1.4406778869070402e-05 5.673389066156816e-05 0.0 1.1468426431877668e-05 2.0714520016966856e-07 2.9336378973849225e-07 6.664893818272098e-06 0.00010131811178894161 2.741011023889363e-06 0.0 2.9022376708275975e-07 9.022725083455811e-06 1.0839352756268561e-06 8.135536119854322e-06 9.331212559602457e-07 7.5082817616838165e-06 4.882906492544326e-07 2.829828744299648e-05 1.9947886028710983e-06 2.3720456132328607e-07 0.0007054545402358679 1.89852874283218e-05 2.2008722260077513e-07 1.738748210563068e-06 0.0 5.025079537961533e-05 3.828626063113522e-05 0.00026783765218735804 6.182842306917387e-05 1.305773904825745e-05 2.7650816750345207e-05 0.0006847201859582259 2.823589067848301e-05 2.1595884827000524e-06 1.275396339664868e-05 1.2384020852468715e-05 6.215246641334736e-08 1.3059678125031506e-07 2.2171008956709427e-06 1.0286473614015418e-06 7.975126364299615e-05 1.778457609886414e-05 3.139094097833986e-05 3.460971164329167e-05 4.74698366083455e-06 1.0860329567204978e-07 1.6357847452686912e-06 9.740629133533563e-08
6.596896390110726e-05 1.6458438887260482e-06 0.008682162927718805 7.033899694762642e-07 5.8754887936445996e-08 0.0001946588138277677 0.002524896118787494 0.0005520789207810368 4.78915407484602e-06 3.5116866138605445e-05 4.870208815314963e-05 1.3783185314709296e-06 5.221149042981081e-06 0.0003621946194129471 9.729490154238236e-07 0.001136091619364185 0.002448617409739714 3.4519618706401344e-05 0.0003195822789837664 7.740990895785449e-07 0.00816051382482942 3.141979683765617e-05 0.0 0.00020010195622323224 1.9963233399333243e-06 0.0010503108741753084 0.008602159843289171 0.0032288163989204655 0.00011752604001076864 0.004417317946508047 1.552116677321835e-06 3.578388741549093e-06 1.6794822184317826e-05 0.0015835936018803605 0.00011854374948562754 0.004895707191565339 0.0019438355065461242 0.004692038063255969 0.004477666208072612 0.0001972658326980867 1.007445945691395e-05 4.765392636839827e-06 5.3080246492554077e-05 1.1003775234357033e-06 8.766607849701363e-07 0.0002604711701162807 0.0 5.454349388115602e-08 6.015007467023305e-07 3.056070892642668e-05 2.0336751160906055e-06 1.435598314383028e-06 1.110704501950402e-06 3.320847580759828e-07 0.0 3.2938679798935443e-07 4.401802982706649e-06 1.7534511548124567e-07 0.0008481087965026563 1.2416314177715773e-05 3.7234192154794624e-07 2.5275178135394107e-07 0.0 0.0001517182631644636 3.7836578841432924e-05 0.0012205422567752211 4.82728399783997e-05 3.2616221407001144e-07 1.0487013594519083e-05 0.0005191253287230956 4.9220359995646486e-05 5.013202716963932e-06 4.689150763583794e-05 3.012260650925195e-07 0.0 9.978803087782987e-07 2.6996011417472133e-06 7.506057633517176e-06 0.00012658811977677933 1.9554491497249908e-05 3.571270853637356e-05 4.722345000502013e-05 5.814307022378684e-06 3.5188535148189105e-07 0.0 1.1186321862176234e-06
