0.0 0.0 4.629115554582442e-05 4.078784119860338e-06 0.0 6.936111915140003e-06 0.0012508766829638998 0.0003068886572541058 1.719800954325044e-06 4.088696728467245e-05 2.3178617131299978e-05 2.97620276094881e-06 2.205680517187071e-07 0.0035352692567028063 2.506184725209492e-07 3.5758753136047384e-06 7.854313056235563e-05 9.75595203334288e-06 5.512618993602489e-05 1.0994117894414146e-05 2.6732762519789617e-05 2.851061862913681e-07 6.48835710970165e-05 3.485157584606403e-05 1.4478538235050493e-07 2.32715340984716e-05 1.2385422028159543e-05 3.0985437452333115e-05 0.0023837658701120197 0.0018050046648264886 5.216068063443746e-08 2.0307707828124242e-06 3.099410159013682e-05 0.00017358072868378673 6.547375064443146e-07 2.9786531534984737e-05 3.1793039335697156e-06 6.645691044351077e-05 1.5901598976022e-05 7.654465237252751e-07 1.111383370877786e-06 0.0 0.0 0.0 1.0124898779866157e-07 8.505937625321374e-08 2.451268289089914e-07 0.0 0.0 5.8220232723039926e-08 0.0 2.779163944623542e-07 7.179667042558317e-08 0.0 0.0 0.0 2.26733048232045e-07 0.0 1.0904128710493839e-06 0.0 0.0 7.785056729833026e-08 0.0 0.0 4.3595820340081577e-07 0.0 1.5849419149556777e-06 0.0 7.097649056992726e-07 1.7387398822098548e-06 2.4628569340198845e-06 0.0 2.6600179069077777e-07 0.0 0.0 0.0 4.858328390786152e-07 0.0 2.0900500736589265e-07 2.568624197477772e-07 0.0 6.541235684107559e-08 0.0 0.0 0.0 0.0
0.0 0.0 5.022370687958793e-06 0.0 0.0 7.958529111144971e-08 1.0881797043110679e-06 5.26005745248605e-07 0.00028162501678721374 0.0 7.981877523936545e-06 7.799640010466015e-07 0.00029568204088368264 3.4218749754262137e-07 3.607487198006886e-06 4.6003999710399464e-05 1.0415585696969873e-05 5.4173356629785295e-06 1.8292237918234776e-05 1.1495041747205544e-07 2.871901099331856e-07 0.0014508899700096064 9.606568371579464e-07 0.0003479622283508071 0.0014656689842585033 0.00010028909702094353 0.0022231195281455667 1.0065337570659039e-05 3.286962546919024e-07 1.0081148664956768e-06 3.4061073790987736e-05 6.574732112641357e-08 4.921662986220618e-08 2.015724285008779e-05 1.0945676528343187e-07 2.1319221912265534e-05 4.79568805890121e-05 4.4634810430861634e-05 9.59362986952645e-06 9.060826722526066e-06 0.0 9.24157760455298e-06 7.285485101555034e-08 0.0 0.00011193822585343866 4.488217233758188e-05 0.0 0.0 0.0 1.6740502892561397e-07 0.0 3.418533522885452e-07 0.0 6.063767509901986e-06 2.2976216905133676e-07 1.7727862371939363e-05 0.0 0.0 2.7470603879546285e-06 7.415209879653456e-06 1.088100418184775e-06 2.977493963733061e-06 0.0 4.2737988057260496e-07 3.0498067743993342e-05 3.841030647186877e-06 8.600335892433115e-07 4.4585029238850505e-05 7.831536071024954e-05 0.0011025101291004381 1.0364739760418241e-06 0.0 6.757254399381473e-08 1.9718793227691363e-06 0.0 0.0 4.430593740972269e-06 2.118320614724481e-07 1.080593454939564e-05 2.2191434991690944e-05 9.460156673953712e-06 1.5964171318561837e-06 0.0 0.0 2.136082423079513e-06 0.0
4.629115554582442e-05 5.022370687958793e-06 0.0 1.7672729968976492e-06 0.0 8.810124400704651e-06 0.00037162606024509424 0.0001597125080170045 1.5367375804320327e-06 3.325619513196714e-05 2.6229085622116536e-05 5.59985893645631e-07 2.9898211252516607e-07 0.0002582703032388443 6.820870507561069e-08 1.706733202118649e-05 0.003014482590136158 2.4813244345306617e-05 0.00018006814462633472 5.46047950754703e-06 0.0003433769293392496 8.447949233047507e-06 0.005973034730884407 5.773737252282476e-05 1.409073551290863e-07 0.003780944047186584 0.0037272613187927144 0.00022549845977862072 7.241020728592942e-05 0.000429985663294096 6.316389761905712e-08 9.91651027683178e-07 1.6632000829118226e-06 0.0008176461383601943 1.8253724837419083e-05 0.0011232068725813642 0.0008826759121107574 0.002070388299987529 0.0006896777113909858 3.926991386064432e-05 3.533640383128812e-06 4.438403262555907e-07 8.705718882023554e-06 0.0 3.7075682948080155e-05 0.00014398561277729439 8.425075058857267e-08 0.0 0.0 0.0 6.340298844497634e-08 9.387647711540473e-07 0.0 2.3840742623438223e-07 0.0 8.61325061137834e-07 2.0374887814334425e-07 0.0 1.9250101940693056e-05 2.0457797089219862e-05 3.1948471929443815e-07 3.3737594823935823e-06 0.0 2.737441337702625e-06 3.584397626005073e-05 4.253237917862232e-05 4.651795715087323e-06 1.9298686157516525e-06 7.837397186659386e-05 0.0010654280733403123 4.132338659097322e-06 4.974635744151443e-07 2.364119248175753e-06 0.0 6.226107555900966e-08 1.5316361974160326e-07 2.3961564165106727e-06 1.3374470482604428e-06 2.3039423696589963e-05 5.9481259778606025e-05 1.836127628637801e-05 8.467352220145115e-06 8.524686420948977e-08 0.0 0.0 1.8540474636145923e-07
4.078784119860338e-06 0.0 1.7672729968976492e-06 0.0 4.1729065957453324e-07 6.0540101120093594e-05 0.0001531345929382717 4.1603745695472006e-05 0.00017300906910636528 0.0010975782361524475 2.012091994856962e-06 0.003438482337318382 3.139342536372866e-07 5.0747204961720895e-05 4.963892907345341e-05 1.4915463722171812e-07 4.688490129185854e-07 7.919647474061766e-07 1.0560922240557798e-06 0.0016468327908921432 1.927852008679259e-06 0.0 1.2439038731869298e-06 0.0007356523289593905 1.0910063099005041e-07 5.893055747560814e-07 1.3217346355293193e-06 0.0017454708388648708 5.379405534293689e-05 1.3078394932620595e-06 7.986338732617569e-08 2.774196555121974e-06 1.3551615244088399e-06 1.8100656143400724e-05 5.92192159174865e-06 8.83586773812872e-05 9.160036895804693e-07 4.113211669544338e-05 9.669876625408487e-06 0.00019593848372199033 2.4765805594404733e-06 0.0 2.4134859284652723e-06 0.0 0.0 0.0 2.327580705476717e-05 0.0 3.6365452376306757e-06 5.640708424850941e-06 4.5088729073299065e-07 2.902811061072137e-05 1.2023053475521037e-05 0.0 0.00015972106069635393 0.0 1.9001761233112704e-07 7.852149898729448e-07 0.0 0.0 0.0 0.0 9.264823899746805e-06 0.0 6.942916305958546e-08 0.0 5.83180868574596e-05 0.0 0.0 9.935427987906757e-08 3.426547819445199e-05 2.617765761174758e-07 0.0 0.0 0.0 0.0 1.72937144382352e-07 2.470135259228151e-07 8.562787053221811e-07 0.0 5.10871685592789e-08 0.0 1.1473978611041285e-05 0.0 0.0 0.0
0.0 0.0 0.0 4.1729065957453324e-07 0.0 0.00024272068537738005 6.814601408274209e-08 1.707612982099197e-05 3.095001478707629e-06 2.9784318325308167e-07 1.4323036335658493e-06 8.11279555648061e-06 0.0 5.910394335161825e-06 0.00042406970198784704 0.0 5.518138493247689e-08 4.422692214876886e-07 0.0 6.129205432218879e-07 0.0 0.0 2.3717653925234033e-07 7.925143212830032e-07 0.0 0.0 1.8947748071470447e-07 7.853899037492775e-08 0.0001721950892861601 0.0 6.367292944842395e-08 0.00014435344380433145 0.0 0.00018339329048868254 3.678514326159612e-07 8.898152328465271e-06 1.1083065512378657e-07 2.1898622395951644e-05 6.967620324692593e-06 0.0008092924408344645 6.672230930238805e-05 3.1635751753146955e-07 1.1377032836893094e-06 0.0 0.0 0.0 0.0 0.0 0.0 0.0 0.0 0.0 0.0 0.0 0.0 0.0 0.0 0.0 0.0 0.0 0.0 0.0 0.0 0.0 0.0 0.0 0.0 0.0 0.0 0.0 0.0 0.0 0.0 0.0 0.0 0.0 0.0 0.0 2.71493449903331e-07 0.0 0.0 0.0 0.0 0.0 0.0 0.0
6.936111915140003e-06 7.958529111144971e-08 8.810124400704651e-06 6.0540101120093594e-05 0.00024272068537738005 0.0 0.0010966462258736073 0.005350602033010438 0.00011708053014787418 0.0024941715337946984 7.005569298116722e-05 0.0026495943056716606 8.592887509033851e-06 0.0009842523906709983 0.001271757254883621 2.1554561161589884e-07 2.992380976259272e-06 2.0556625317019913e-05 3.394832319788134e-05 0.0003347440475430635 1.2273730325470209e-05 4.2137541028643394e-07 5.248899391791165e-06 0.00013469130905632468 2.0190665959723065e-06 1.958511812531199e-05 8.602114559223502e-06 0.0002643836405799899 0.000497514864847762 6.646975900033061e-06 2.119808611220202e-06 0.0005887835351229163 1.7188043960871565e-06 0.00023290258457326471 8.503182337854093e-06 0.0003042117265193479 1.1209575561573271e-05 0.00026135269100429584 4.2450382499569976e-05 0.0015721439737607682 4.126286953328208e-05 2.4417300070207726e-06 8.27191624409907e-06 0.0 0.0 0.0 8.512509898780167e-06 0.0 6.922745594057454e-07 4.6247044581341665e-06 5.911414450298862e-07 1.781302594066953e-05 7.071240544499416e-06 0.0 1.0809263993378045e-05 1.2176308050634338e-07 0.0 2.1268324010130416e-06 0.0 0.0 0.0 0.0 3.7039934058771604e-06 0.0 8.403838904289025e-07 2.6181421645417947e-07 3.622930422853308e-05 1.4051678642136883e-07 1.2178322867538403e-07 3.659117676803913e-07 2.5713199811538323e-05 4.718824083010341e-07 3.7282193833647274e-07 0.0 0.0 0.0 0.0 6.698440154485431e-07 2.6403900996289524e-06 1.6366365122000588e-07 7.358670614991719e-07 0.0 1.2412780581815211e-05 3.867585118851337e-07 5.5851613814615476e-08 0.0
0.0012508766829638998 1.0881797043110679e-06 0.00037162606024509424 0.0001531345929382717 6.814601408274209e-08 0.0010966462258736073 0.0 0.002086728556030966 0.00016282333098780675 0.006520656678784711 2.0657515970841233e-05 4.6089419858223064e-05 1.4078586237179801e-06 0.005567055282882718 2.211658755071971e-06 8.686527130888667e-06 9.53683672974449e-05 7.861896335643708e-06 3.067690979176147e-05 0.00012266632774891973 0.0006873889066305079 5.70992210858584e-06 0.0003588670027933481 0.0015689557583224531 5.085263037713069e-07 4.395433211350969e-05 5.680945633165294e-05 0.006905478606395559 0.0011085099720783884 0.004708078704668331 2.951543309215853e-07 1.297274230623832e-05 7.742812165989401e-05 0.0002548335984699759 7.070686621566592e-05 0.0010720212550993631 3.241557905397581e-05 0.0006141374903074543 0.0002290473373686424 0.00012167759697720055 2.7150802152251892e-05 8.868313599943168e-07 2.3049766341461036e-05 1.6167784635330904e-06 3.623656080261112e-07 1.6924023617411155e-07 3.1569109570164325e-05 0.0 1.534801966971105e-05 0.0001565519938501262 6.320880748223323e-06 7.931589518110715e-05 3.817489336542535e-05 9.954048312630722e-07 9.708993605274559e-06 0.0 9.979176258045735e-06 3.964601696302039e-06 8.436037070769125e-06 2.5467428412826585e-07 1.4781841891925798e-07 2.094789300551697e-07 1.5167702059121784e-05 5.922028627434122e-07 7.279339207970839e-06 3.5358733626599823e-06 0.0005270760330784969 0.0 1.8739987921419828e-07 5.07095996717549e-06 0.000497659011038615 1.3211535250487639e-05 2.055015903790684e-05 0.0 0.0 9.453171655540746e-07 5.699816674668935e-06 1.5584283168513312e-06 2.6645609645029117e-05 1.5177857196535838e-06 8.540746691857589e-06 2.701948302059817e-06 1.9620043580090666e-05 1.5137357231682255e-06 3.72379942265811e-06 1.2327094982059512e-06
0.0003068886572541058 5.26005745248605e-07 0.0001597125080170045 4.1603745695472006e-05 1.707612982099197e-05 0.005350602033010438 0.002086728556030966 0.0 1.8634619693892848e-05 0.0015380311874123502 6.050032903612267e-05 0.0004629064775580245 5.415839074454854e-06 0.0041455556002778495 0.00015855429197445843 1.2529764735813482e-06 0.0001086444030928704 1.8715740313706655e-05 5.8098429939018176e-05 0.0002478804949205778 0.00011190268989275744 1.7255292121683913e-06 0.0001233247207166903 0.00023504235284763043 1.119008056606377e-06 3.751581508299684e-05 2.288467672561302e-05 0.0001739903594587892 0.00037606885488806585 0.0006076142686660293 5.930312777633981e-07 0.00046266445692857684 1.7074482179702724e-05 0.00024097859458086822 9.839278858165892e-06 0.00020389865619596128 1.3946777293630326e-05 0.00019588917369526323 6.080197027794486e-05 0.00041359769802833395 2.366811426554202e-05 3.24853183724738e-06 7.995064094958169e-06 0.0 0.0 0.0 2.6027690491613993e-06 0.0 7.159890791713508e-07 9.995394578586984e-06 3.733313679810239e-07 8.116692920640105e-06 1.7913821805272812e-06 1.0619304270956535e-07 1.2798195679623225e-06 7.201363570698677e-08 9.808585864437118e-07 8.325147160683616e-07 1.2615994999158587e-06 0.0 0.0 0.0 9.556427901754972e-08 1.4010192758651523e-07 6.526345227749898e-07 0.0 4.549709141848647e-05 0.0 1.0089958126207361e-07 1.8821835587484455e-06 4.176469334932441e-05 1.4892012088040357e-06 1.0970499181805428e-06 0.0 0.0 0.0 0.0 2.09280069264801e-07 3.002517307155494e-06 0.0 1.2520807419919386e-06 4.398190855678204e-07 1.693112750456125e-06 0.0 1.084184988535734e-07 0.0
1.719800954325044e-06 0.00028162501678721374 1.5367375804320327e-06 0.00017300906910636528 3.095001478707629e-06 0.00011708053014787418 0.00016282333098780675 1.8634619693892848e-05 0.0 0.0001206003580094893 1.8346439928985265e-06 0.00024833667713921426 1.6412868051682873e-05 2.0731361034552462e-05 0.00016383704107416779 5.0582403395267505e-05 4.02422819010102e-06 1.6341079442864991e-06 1.4354772314997252e-06 0.0002570235295893201 1.0369713748971691e-05 0.0019266209621460271 5.413169547360991e-06 0.007820776518114515 0.00012175646728522166 5.300496734923427e-06 0.00024871354030260134 0.0005882187983955353 2.610317832142839e-05 9.49934712755422e-05 5.275570126893311e-06 2.190830981191312e-06 2.621839146852864e-06 1.286363645684909e-05 4.635905872883848e-06 7.686550177341082e-05 1.3791950771316966e-05 3.078601844925788e-05 1.2959489885103251e-05 0.0002636746130910373 5.943907604538427e-06 3.142917412823245e-07 9.259021971991529e-07 1.6672415965733973e-06 1.009870679193743e-05 1.2424751355530753e-06 4.469997542076089e-05 0.0 1.3419815539991592e-05 5.281470219445463e-05 4.730006098419564e-06 3.561797634620187e-05 4.404478672169489e-05 6.002810460816698e-07 4.583512740646905e-05 8.722086215552515e-08 5.72639061977668e-06 2.112427907104208e-06 4.403651103871822e-05 2.429810021043761e-07 1.1411183866412525e-07 2.6100162823829085e-07 2.30692855334941e-05 2.77731988013697e-06 4.38582277262766e-05 1.368703375591242e-06 0.0008637108126669979 1.1625764986814507e-06 4.06899452779888e-06 2.074206180669299e-05 0.00041825649185853414 1.2843793677264932e-05 3.441295405159592e-05 4.840149289903374e-07 0.0 1.6777189018843588e-06 3.464731328321372e-06 4.159603499976048e-07 1.8997819099144378e-05 1.0826091723880021e-06 7.262329742232163e-06 2.229120482073121e-06 1.7886503352947777e-05 5.993316133425275e-07 3.1100957880462056e-07 5.027249337373217e-07
4.088696728467245e-05 0.0 3.325619513196714e-05 0.0010975782361524475 2.9784318325308167e-07 0.0024941715337946984 0.006520656678784711 0.0015380311874123502 0.0001206003580094893 0.0 2.6270680932078624e-05 0.0016388112276881335 3.641279000414885e-06 0.0009671123323282023 2.1788326377134532e-05 4.958604533252029e-07 8.733273067146334e-06 9.618294403153376e-06 1.8828174160123057e-05 0.001667499970577741 3.283793403735182e-05 3.218158538721135e-07 2.0064630149129786e-05 0.0005967732885216691 4.317266393851603e-07 1.0089898379826883e-05 9.331238676749511e-06 0.0035241147507517998 0.0005140387829106412 1.6594272512856415e-05 9.836137023044376e-07 3.0586804457507785e-05 4.963561844768928e-06 0.00014083113904397496 1.6924891915353442e-05 0.0002696357166664332 7.6286320084175925e-06 0.00033685099867002306 5.54432452993926e-05 9.900832209591595e-05 2.241830360129726e-05 1.1322478997613568e-06 8.312239980726146e-06 0.0 5.003221339242375e-08 0.0 2.3590317177084936e-05 0.0 5.226197296069032e-06 1.5644038020111613e-05 1.07816089270047e-06 3.555648293304397e-05 4.7774126122509856e-05 0.0 2.603388589368789e-05 0.0 4.117784972793926e-07 2.176173909741781e-06 8.34247267498563e-07 0.0 0.0 0.0 9.865579047924597e-06 0.0 4.645192938564247e-07 3.2686242809610327e-07 0.0001159874015953692 0.0 6.454077887359191e-08 4.766117444162809e-07 7.509913642305739e-05 9.75498370048233e-07 6.693374680140036e-07 0.0 0.0 0.0 7.177952381110963e-07 7.567772221244723e-07 2.28698619516441e-06 1.131310409278041e-07 3.92682654705265e-07 2.4510812769518e-07 9.953415443274569e-06 8.257104227535401e-08 0.0 0.0
2.3178617131299978e-05 7.981877523936545e-06 2.6229085622116536e-05 2.012091994856962e-06 1.4323036335658493e-06 7.005569298116722e-05 2.0657515970841233e-05 6.050032903612267e-05 1.8346439928985265e-06 2.6270680932078624e-05 0.0 2.048208037939501e-05 0.0010484804374455382 0.00011081343325204054 2.293618109699662e-06 7.38059771993303e-07 0.0003330300648113157 0.001081462169441151 0.0007670566904887443 1.2745176662026707e-05 5.066867771079405e-06 2.6557115653379185e-06 5.9016855418236515e-05 1.2666844102631097e-05 0.00023551993463707263 0.0013317274266571345 0.000921126539971364 1.0443163146480637e-05 0.00018844590610956794 4.7796433265756945e-05 0.00033169992324500006 7.378215544497163e-05 2.0539095080003783e-06 0.0034806370838420466 3.599160770193321e-06 0.00035701813615488176 0.0022713136157729956 0.001817481251598039 0.0005087208432591347 5.877899740207271e-05 1.5591747152508035e-05 0.0005202318404490476 4.1847965778771195e-06 5.227516950439259e-08 4.5187004985417635e-06 0.0 0.0 0.0 0.0 3.240684160507388e-07 0.0 3.254369041849144e-07 0.0 0.00015825310875051848 0.0 0.0004145499241008959 3.9394779669479504e-08 0.0 0.0 0.0 5.623830975251225e-06 3.3505090959436015e-06 0.0 0.0 3.665422540455876e-07 0.0 2.9570709512018422e-06 2.6392795747510427e-05 5.4689161894489105e-05 0.00010828612441573939 1.9248253800550922e-06 1.7022213375241284e-07 1.6262806419241824e-07 4.97991917987626e-05 0.0 0.0 5.517842900965152e-07 7.425360040477555e-08 1.2199096678959353e-05 0.0003548746230004767 1.058636591472394e-05 1.8595208779307511e-06 0.0 0.0 0.0001240843569390407 5.204566134423658e-07
2.97620276094881e-06 7.799640010466015e-07 5.59985893645631e-07 0.003438482337318382 8.11279555648061e-06 0.0026495943056716606 4.6089419858223064e-05 0.0004629064775580245 0.00024833667713921426 0.0016388112276881335 2.048208037939501e-05 0.0 2.318657853248075e-06 0.0002912210772334135 0.0007334953556658218 5.051387787719938e-08 8.824239655673449e-07 6.576156092093593e-06 1.285392609631184e-05 0.002350531485802055 6.599158978996703e-07 5.9396900303567505e-06 9.656938053152794e-07 0.0013681385518476386 7.042286287836947e-07 7.757214499215763e-06 3.7138748191433654e-06 0.0006494152759699305 0.00019210879867805666 1.9261016218682942e-06 8.403984223835763e-07 3.542148673713944e-05 1.103955740170639e-07 8.463351168967964e-05 1.958082881569223e-06 0.0002931267065565693 3.448961333792394e-06 0.00014919820358891397 1.472472993330476e-05 0.001234031046476767 1.3241015520227641e-05 1.1136668378360237e-06 2.5713947306269647e-06 2.2581457877474797e-07 0.0 0.0 1.043145886603695e-05 0.0 7.514734245024561e-06 3.487373357850822e-06 1.9600880651055893e-07 5.160207645433081e-05 1.9962815561742607e-05 0.0 0.00036564626341609077 0.0 4.3395387009690226e-07 1.55204088704788e-06 0.0 0.0 0.0 0.0 1.086120797004105e-05 0.0 7.757843051107119e-08 1.9014512769829393e-07 5.294601341660643e-05 0.0 5.2802953249506116e-08 1.7975343455508504e-07 1.9145990407433163e-05 3.3121523603954945e-07 0.0 0.0 7.320818890219501e-08 0.0 0.0 0.0 2.358184021132545e-06 4.6494099745253774e-08 2.839710947657676e-07 2.8059695897751074e-07 2.389807902392604e-05 0.0 0.0 0.0
2.205680517187071e-07 0.00029568204088368264 2.9898211252516607e-07 3.139342536372866e-07 0.0 8.592887509033851e-06 1.4078586237179801e-06 5.415839074454854e-06 1.6412868051682873e-05 3.641279000414885e-06 0.0010484804374455382 2.318657853248075e-06 0.0 5.26634583020876e-06 4.514586079397441e-07 1.0012494617482767e-06 3.7486620136447414e-08 1.0843302842915648e-05 1.0561978400870648e-06 1.4791597997309097e-06 1.0569502490059547e-07 7.379427239626665e-05 2.4148054463302894e-07 1.5698402171750903e-05 0.00309545433113127 0.00017467197091369213 0.0015532811247421314 6.361365459594686e-07 7.417345842981594e-06 4.3866585054969636e-07 0.0002952656157724454 7.779056768118941e-06 0.0 0.0014338939676238188 3.866808755218114e-07 5.584353016716871e-05 0.0013014201228267585 0.0007810549930858572 8.73387487727698e-05 7.994730292917192e-06 8.895170001632072e-06 0.0007256865126378834 9.877220996189116e-07 0.0 9.389550734577449e-06 1.170972115135895e-07 0.0 0.0 0.0 0.0 0.0 0.0 0.0 0.0005077548803942496 0.0 0.0013056494287771252 4.5304842172175533e-07 0.0 5.665471686846256e-08 6.165868196609364e-08 6.796199117472437e-06 8.667408468543526e-07 8.347289709848275e-08 1.3335293838261013e-07 4.001980348617435e-07 0.0 1.703679447179091e-07 0.0002639115292758521 7.565201881566765e-05 0.00021816764333650206 2.5321422829901927e-07 8.284817437328034e-07 5.1633333705996886e-08 0.00013684672188473145 2.3537106673879548e-07 0.0 4.815100966027456e-06 6.205022181087869e-08 4.0616427666876185e-06 0.0007503027695162252 1.7139685808376803e-05 1.9227319985522753e-06 0.0 0.0 0.00023063930035888735 7.626012871247074e-07
0.0035352692567028063 3.4218749754262137e-07 0.0002582703032388443 5.0747204961720895e-05 5.910394335161825e-06 0.0009842523906709983 0.005567055282882718 0.0041455556002778495 2.0731361034552462e-05 0.0009671123323282023 0.00011081343325204054 0.0002912210772334135 5.26634583020876e-06 0.0 2.006002880029972e-05 1.550031222240467e-06 0.00022400420416799393 3.848212266253942e-05 0.00015113245448213392 0.00031269236587585315 0.0001857681197718524 4.438922372369943e-07 0.0002476190730395988 0.00023564364689887776 9.353694770581935e-07 7.917799099520678e-05 5.077265242683173e-05 0.00018313209125940197 0.0025781678355823495 0.0020179423689743966 1.415895387475283e-06 0.00040823949866504406 1.976854510618361e-05 0.0004937644361797854 1.0789595238436275e-05 0.0002804933813005277 1.891960926183298e-05 0.0003637061497410928 6.74722454917954e-05 0.00018186193602632013 2.799761254417558e-05 2.6381860670026643e-06 5.942650309648415e-06 0.0 1.5440321965621128e-07 0.0 1.5942274907792103e-06 0.0 1.107632605513858e-06 1.1953339192078618e-05 2.0135428814362249e-07 1.0921052092146746e-05 1.4431553609682244e-06 0.0 1.6063891650812853e-06 0.0 0.0 0.0 2.0794196875049827e-06 0.0 0.0 0.0 0.0 5.006572659159767e-07 1.919065293096851e-06 4.6328220173753736e-07 4.460235529137306e-05 6.955737655339931e-08 7.156671881850109e-07 3.5587324237733664e-06 3.882993341811763e-05 1.974838123904378e-06 3.484899707933442e-06 0.0 0.0 0.0 9.621411714138821e-07 2.3583388960440053e-07 4.1429398994387925e-06 5.24624628432402e-07 8.012614971562094e-07 3.1211216648957353e-07 3.163171392902621e-06 0.0 8.31067199217719e-08 0.0
2.506184725209492e-07 3.607487198006886e-06 6.820870507561069e-08 4.963892907345341e-05 0.00042406970198784704 0.001271757254883621 2.211658755071971e-06 0.00015855429197445843 0.00016383704107416779 2.1788326377134532e-05 2.293618109699662e-06 0.0007334953556658218 4.514586079397441e-07 2.006002880029972e-05 0.0 0.0 0.0 3.159922841907842e-07 1.2307477038257168e-06 0.00010873151675163404 0.0 1.868833952533892e-05 0.0 0.000301962834162397 1.3086238209992669e-06 6.410553396061686e-07 4.119751665761136e-06 2.1914174840176893e-05 2.195999812991783e-05 9.902130076950226e-08 5.416896088900312e-08 0.0003083902203084523 0.0 1.2239806421119976e-05 8.395155456848283e-08 6.273995131254147e-05 1.4143728395607604e-07 9.443861910494693e-06 1.0831043586888955e-06 0.0013191387956289385 3.6523216631151185e-05 2.7486881345845086e-06 0.0 0.0 7.26573864784756e-08 0.0 7.024959057469434e-08 0.0 0.0 0.0 5.874480976575605e-07 8.114227344030878e-07 0.0 0.0 7.129917913671019e-06 0.0 0.0 0.0 0.0 0.0 0.0 0.0 1.7827315255382055e-07 0.0 8.551825996846428e-08 0.0 2.9416818842125854e-06 0.0 0.0 2.5716755569458956e-07 7.803799051213513e-07 0.0 0.0 0.0 0.0 0.0 0.0 0.0 0.0 0.0 0.0 0.0 3.1598329668773785e-06 0.0 0.0 0.0
3.5758753136047384e-06 4.6003999710399464e-05 1.706733202118649e-05 1.4915463722171812e-07 0.0 2.1554561161589884e-07 8.686527130888667e-06 1.2529764735813482e-06 5.0582403395267505e-05 4.958604533252029e-07 7.38059771993303e-07 5.051387787719938e-08 1.0012494617482767e-06 1.550031222240467e-06 0.0 0.0 1.0183249039652235e-05 1.9219556856209872e-07 1.864286122716605e-06 1.3173939609489945e-07 0.0008037663312247655 0.001549130688183251 0.0029011076022680805 0.0011623770871900625 7.532293503048397e-06 3.244135117527854e-06 0.00440488274188993 0.0011046333108997105 3.530796395355911e-05 0.00011836045833108223 1.9152689193920865e-07 7.580759911975227e-08 2.4196746651847563e-06 6.869152439836562e-05 3.913892817221789e-05 0.0017066504516383243 0.00040960272891103 0.0003990556832090294 0.0006563596939112055 4.249129188645089e-05 3.860980649663653e-06 5.089537561868481e-07 1.368297852542728e-05 2.4898706638138857e-06 1.2180348760865243e-06 6.063130038370174e-06 1.463667133087331e-07 0.0 4.962180072727716e-07 1.2323692106074266e-05 9.751932380015694e-07 1.6960858854184782e-05 6.042390809569216e-07 6.049234244778056e-08 0.0 6.03187039201269e-08 2.927872049901467e-06 2.9438776056216407e-07 0.001982926464603135 6.049504759103386e-07 0.0 8.455014941640358e-08 0.0 0.00012846028028088444 0.00100916834189535 0.0004413812096033346 0.0001954832982097974 0.0 1.4151855876827523e-06 0.000257614241499255 0.000273795402662358 3.09460936866108e-05 0.00012268485608473253 1.1726501151839102e-07 0.0 6.526157891899429e-06 7.698198491818595e-06 1.7782436983411748e-06 4.354727283145923e-05 1.0381433996624838e-06 8.79336846804315e-06 5.4941785293136624e-06 1.2301341870082358e-06 8.563294384586274e-07 0.0 1.7380293842906766e-07
7.854313056235563e-05 1.0415585696969873e-05 0.003014482590136158 4.688490129185854e-07 5.518138493247689e-08 2.992380976259272e-06 9.53683672974449e-05 0.0001086444030928704 4.02422819010102e-06 8.733273067146334e-06 0.0003330300648113157 8.824239655673449e-07 3.7486620136447414e-08 0.00022400420416799393 0.0 1.0183249039652235e-05 0.0 5.632483910267326e-05 0.0018303365639905647 2.1904938640238e-06 0.0001749747770987793 2.1354090327367042e-05 0.0024992009012873195 2.505677989787777e-05 7.769175323651546e-08 0.0012790134552767 0.0034474329857441845 4.3366279508378524e-05 0.0001879508767155637 0.0005038223896102973 6.072528273893841e-08 1.7320019538281328e-06 4.507472675884112e-06 0.0009768604873321384 2.8865483658071384e-06 0.00017708650469125305 0.0009713868475561733 0.00047872980241058134 0.00011787150079023609 6.440553969061279e-06 1.3725408919663915e-06 0.0 6.873054460383793e-07 0.0 2.1133894338149682e-05 1.328536023623251e-05 0.0 0.0 0.0 2.6579152586512554e-07 0.0 5.623437052415484e-08 0.0 3.2352558163115214e-07 0.0 4.85345320470392e-07 6.51922753407282e-08 0.0 2.7857512726569595e-06 8.391780490328318e-06 6.084580747927823e-07 5.044612624616995e-06 0.0 1.4195364806531055e-07 6.874233861500657e-06 3.0224924343912637e-06 7.319248456277203e-07 2.2479245155091106e-06 0.00013162975545709778 0.00030455737257530113 1.2729493192300317e-06 0.0 1.3583453680337868e-07 0.0 0.0 0.0 1.1046429464007903e-06 1.2519393381946607e-06 5.073029093652511e-06 5.4289697274821305e-05 4.4980578335265724e-06 5.230229971993277e-07 2.3463576777298013e-07 0.0 0.0 0.0
9.75595203334288e-06 5.4173356629785295e-06 2.4813244345306617e-05 7.919647474061766e-07 4.422692214876886e-07 2.0556625317019913e-05 7.861896335643708e-06 1.8715740313706655e-05 1.6341079442864991e-06 9.618294403153376e-06 0.001081462169441151 6.576156092093593e-06 1.0843302842915648e-05 3.848212266253942e-05 3.159922841907842e-07 1.9219556856209872e-07 5.632483910267326e-05 0.0 0.0009078500402844321 5.469532505793252e-06 2.129753573512026e-06 1.2408397290308234e-06 3.287253471893414e-05 3.4102818999271325e-06 2.6156871573359935e-06 0.0016452589041870567 0.0006336919312268399 3.641708317101584e-06 5.58657704345632e-05 1.924794921842525e-05 7.559288113532627e-05 1.3753349434032593e-05 1.1090403174451767e-06 0.0004911547645379571 2.1160283607308485e-06 0.0003110620544378765 0.000493189981240867 0.0009408669405736923 0.0003724229601706725 1.728291164600064e-05 1.2373275006716755e-06 3.3876579241867827e-06 1.8435327051740724e-06 0.0 3.6926101193855702e-06 2.1908531262365718e-07 0.0 0.0 0.0 0.0 0.0 4.2699650763954485e-07 7.877389634111399e-08 4.251681194113242e-06 0.0 2.1740579752381328e-05 9.771323764170428e-08 0.0 0.0 1.3447312743939445e-07 8.057241118408972e-06 4.256637191279973e-06 0.0 0.0 2.2853320874283465e-07 0.0 5.474624766361051e-07 4.9701321135512075e-06 5.8252776602615654e-05 0.00013025212170394063 4.548574589713635e-07 7.028172000105069e-08 0.0 1.5041466564806728e-05 6.398269097179122e-08 0.0 4.0196374535760165e-07 3.085553633290387e-07 4.774049492823215e-06 1.495542068099925e-05 1.7649371938417817e-06 6.507042181966979e-07 0.0 0.0 7.050148558933994e-08 0.0
5.512618993602489e-05 1.8292237918234776e-05 0.00018006814462633472 1.0560922240557798e-06 0.0 3.394832319788134e-05 3.067690979176147e-05 5.8098429939018176e-05 1.4354772314997252e-06 1.8828174160123057e-05 0.0007670566904887443 1.285392609631184e-05 1.0561978400870648e-06 0.00015113245448213392 1.2307477038257168e-06 1.864286122716605e-06 0.0018303365639905647 0.0009078500402844321 0.0 9.957051684667201e-06 3.093501291516599e-05 5.7420860902611265e-06 0.0003350690949315809 1.1382885478284063e-05 1.3940822487839814e-06 0.0024664738435836355 0.0016965763417319316 1.4845125832226794e-05 0.0002113260613379988 0.000181454318921578 6.035412869926439e-06 1.8585903589635334e-05 4.338186316549514e-06 0.002638072766628973 5.483471969352219e-06 0.0007830308547531295 0.0009402858285369778 0.0021040071943501564 0.000473656427911945 3.4099023573302734e-05 1.8456963205576644e-06 6.428895094150681e-07 3.3661812591384297e-06 6.154216111857944e-08 2.363650988112614e-05 3.882646733241971e-06 0.0 0.0 0.0 4.0090386430272903e-07 5.3125546262641845e-08 3.051126746241679e-07 0.0 1.3775574116432215e-06 0.0 3.0741847539487068e-06 5.166253802070389e-08 0.0 3.893674735672633e-07 1.4710901070167325e-06 5.562180737107424e-06 7.438963974229601e-06 0.0 0.0 8.856301219439529e-07 2.906121863513008e-07 1.092223448857794e-06 4.506517665932092e-06 0.00015258814437943606 0.0002712020340640049 1.9389625538605164e-06 2.239589347461937e-07 1.360185185258244e-07 2.5224718911785196e-06 0.0 0.0 1.9997699269327813e-06 1.8089837551663117e-06 6.677984408004778e-06 3.816082665170933e-05 3.6080341041818885e-06 1.915082507876898e-06 0.0 0.0 0.0 0.0
1.0994117894414146e-05 1.1495041747205544e-07 5.46047950754703e-06 0.0016468327908921432 6.129205432218879e-07 0.0003347440475430635 0.00012266632774891973 0.0002478804949205778 0.0002570235295893201 0.001667499970577741 1.2745176662026707e-05 0.002350531485802055 1.4791597997309097e-06 0.00031269236587585315 0.00010873151675163404 1.3173939609489945e-07 2.1904938640238e-06 5.469532505793252e-06 9.957051684667201e-06 0.0 3.5871661314668695e-06 1.807044780557091e-07 2.4888940938389354e-06 0.000519830405637979 2.2188654384457228e-07 4.710525603663548e-06 3.4394401499758797e-06 0.0016398901896675106 0.00025591643247424556 3.7906744016263857e-06 5.721687379557493e-07 1.4247128042495327e-05 9.277038007650227e-07 7.437949268209026e-05 1.230983130461777e-05 0.00021903862852425975 3.5384795123347795e-06 0.00019193236178189144 2.6401914014747918e-05 0.0003947733965873297 1.4486055717387213e-05 3.76291725275663e-07 7.533015436204053e-06 1.8524381061866144e-07 0.0 0.0 9.691992049037781e-06 0.0 4.119485383097324e-06 4.969878635076122e-06 1.4878599515092407e-07 4.012097990000292e-05 1.4631131185010054e-05 0.0 7.854351907178474e-05 0.0 1.0152665031683366e-06 2.8794007423876614e-06 5.578534638523694e-08 0.0 0.0 0.0 8.327162067291108e-06 0.0 1.7058010111576117e-07 0.0 6.914053166523951e-05 0.0 0.0 2.0600241535918593e-07 3.2390778436354655e-05 0.0 0.0 0.0 0.0 0.0 2.4049641616957646e-07 6.258272473611984e-07 1.948204498718687e-06 2.4718530407945983e-07 7.529162814552346e-07 0.0 1.7851222738912942e-05 0.0 1.837008649255704e-07 0.0
2.6732762519789617e-05 2.871901099331856e-07 0.0003433769293392496 1.927852008679259e-06 0.0 1.2273730325470209e-05 0.0006873889066305079 0.00011190268989275744 1.0369713748971691e-05 3.283793403735182e-05 5.066867771079405e-06 6.599158978996703e-07 1.0569502490059547e-07 0.0001857681197718524 0.0 0.0008037663312247655 0.0001749747770987793 2.129753573512026e-06 3.093501291516599e-05 3.5871661314668695e-06 0.0 2.5358450835433395e-05 0.00906240286404372 0.0007905771215379279 0.0 1.42288791250477e-05 0.0006883572338982404 0.0029428776616411217 7.107670619378319e-05 0.006289878569588691 0.0 1.1283656564790137e-06 7.049780123571089e-06 0.0015718747811841874 7.064902879035433e-05 0.0019892794696334186 0.0001371279006094145 0.0024605194346839707 0.001570925347902924 5.8532194725997874e-05 1.0591196260794662e-05 5.070122854823534e-07 1.8090746816769096e-05 7.800192232543922e-07 5.744251573816031e-08 3.025924881305213e-07 3.1170348549052335e-07 0.0 3.6137623386243425e-07 2.641896181114964e-06 4.684091307286089e-07 3.962808010038367e-06 4.0746144590074794e-07 0.0 2.775516057386395e-07 0.0 1.132949130926829e-06 0.0 4.4667452992003945e-05 1.0802158850380012e-07 0.0 0.0 0.0 8.486791119813476e-06 2.593197415749261e-05 4.66917306626791e-06 3.147071336965444e-05 0.0 3.926340237490575e-07 3.9820222416313155e-06 3.8875158436723e-05 3.596316329223122e-06 1.377794465031373e-05 0.0 0.0 1.3016100584891615e-07 1.2996376362032675e-06 1.8698301063263421e-06 1.020398250403317e-05 1.362142794778745e-06 1.7849212173171141e-06 1.4071602942632636e-06 1.575714451350246e-06 0.0 0.0 0.0
2.851061862913681e-07 0.0014508899700096064 8.447949233047507e-06 0.0 0.0 4.2137541028643394e-07 5.70992210858584e-06 1.7255292121683913e-06 0.0019266209621460271 3.218158538721135e-07 2.6557115653379185e-06 5.9396900303567505e-06 7.379427239626665e-05 4.438922372369943e-07 1.868833952533892e-05 0.001549130688183251 2.1354090327367042e-05 1.2408397290308234e-06 5.7420860902611265e-06 1.807044780557091e-07 2.5358450835433395e-05 0.0 9.315355451928616e-05 0.0030536518864626057 0.0006387133307777315 2.068732814324971e-05 0.002406853790810304 0.00010430791979582389 4.702755886999234e-06 1.0440978158281264e-05 1.7957288991683033e-05 1.7626858524097508e-07 2.0866666555163688e-07 1.1635934968195143e-05 5.846237190531268e-07 4.489110484852919e-05 3.359262519465275e-05 2.8590873162392737e-05 1.5486094935641393e-05 5.629118417988985e-05 8.836839359594793e-07 1.263961063454985e-06 1.2157533319016779e-06 7.787005361210839e-07 0.000131936791435533 6.824612340804066e-05 8.035161576149242e-08 0.0 0.0 3.559986766250687e-06 2.641652417910704e-07 4.9453010513680074e-06 7.743417960512127e-08 2.5995092813384828e-06 1.9084449732271304e-06 2.668870242494852e-06 4.983377615822191e-07 0.0 0.0010592033688746662 3.2817936445258587e-06 4.004285765613489e-07 1.4441458271735837e-06 0.0 4.7746292203109826e-05 0.0002533039591799803 0.00036738866033918715 7.756822929729845e-05 5.265550094536119e-06 1.625328899516881e-05 0.0008474603514357629 9.481260311603884e-05 7.299262907843663e-06 3.6162681877807436e-05 1.1688793459564496e-06 0.0 2.906346445785146e-06 5.44432859327863e-06 0.0 2.1580660875896593e-05 9.051986317494372e-06 7.604173550856437e-06 5.519631349328896e-06 2.8897157703046156e-07 0.0 1.472877490639838e-07 1.391162429636653e-07
6.48835710970165e-05 9.606568371579464e-07 0.005973034730884407 1.2439038731869298e-06 2.3717653925234033e-07 5.248899391791165e-06 0.0003588670027933481 0.0001233247207166903 5.413169547360991e-06 2.0064630149129786e-05 5.9016855418236515e-05 9.656938053152794e-07 2.4148054463302894e-07 0.0002476190730395988 0.0 0.0029011076022680805 0.0024992009012873195 3.287253471893414e-05 0.0003350690949315809 2.4888940938389354e-06 0.00906240286404372 9.315355451928616e-05 0.0 0.00047372723447887903 0.0 0.0007098023032595098 0.00425143432520484 0.002221641098196294 0.00012855931720565027 0.0032794262706619566 2.075993625134727e-07 1.0389868146550076e-06 8.276240877367108e-06 0.0013671245100614169 8.586299134590496e-05 0.0036216428409867646 0.000786615180940498 0.004229226106355421 0.003721867721280503 0.00013249484025784207 2.302148294160467e-05 1.5422071960031966e-06 3.764286693307159e-05 3.61579568123552e-07 7.495310224424126e-07 5.051956018738894e-05 0.0 0.0 0.0 1.2625725129550436e-06 0.0 1.596477708968367e-06 0.0 0.0 0.0 0.0 0.0 0.0 0.0002961271013910116 7.191840616214578e-07 1.1176190146876788e-07 0.0 0.0 1.0799460204774716e-05 0.0001641275045049412 0.0001368019840454213 2.401319685528816e-05 0.0 2.467296691882144e-06 0.0003213653358045735 2.94402784169604e-05 1.5064460836280991e-06 6.678833649819708e-06 0.0 0.0 3.0764314581037357e-07 7.711527262267864e-07 5.383457008155438e-06 1.4299249686539763e-05 8.674937237911061e-07 2.55808083534547e-06 3.0290063070209436e-06 2.572690297677796e-07 0.0 0.0 0.0
3.485157584606403e-05 0.0003479622283508071 5.773737252282476e-05 0.0007356523289593905 7.925143212830032e-07 0.00013469130905632468 0.0015689557583224531 0.00023504235284763043 0.007820776518114515 0.0005967732885216691 1.2666844102631097e-05 0.0013681385518476386 1.5698402171750903e-05 0.00023564364689887776 0.000301962834162397 0.0011623770871900625 2.505677989787777e-05 3.4102818999271325e-06 1.1382885478284063e-05 0.000519830405637979 0.0007905771215379279 0.0030536518864626057 0.00047372723447887903 0.0 0.00011443355726388523 1.6154672783361257e-05 0.0014523569543285085 0.007998674854147068 0.000506972304475208 0.0004949594474708787 5.3971489565669375e-06 8.216004809801151e-06 6.835905259286378e-05 0.00026193686099173043 8.772784807600116e-05 0.0017743628196078163 9.396920531147108e-05 0.0006414497463021796 0.00030230810120968375 0.0009262650435746295 4.509930296969684e-05 2.3266099252727575e-06 2.799589439209499e-05 9.707699418876423e-06 5.799436542985313e-06 4.684859921323516e-06 0.0001731761308987898 9.59553063827738e-07 6.43532478830733e-05 0.0004860320780391183 2.8454202004656152e-05 0.0009083030374893986 0.00019281747070744171 2.3873490769410626e-06 0.00014899523408921892 5.255765962683077e-07 3.885583470065035e-05 1.682130950748987e-05 0.00025514009575594966 9.858473214600217e-07 6.902891067224914e-07 5.341194550428814e-07 8.159670604436377e-05 3.1664784176593e-05 0.00022680952740169812 2.2811818629673607e-05 0.0028904570622430782 7.82018716473563e-07 8.919576731518823e-06 5.696440605186868e-05 0.002277870880795931 7.357640061496258e-05 0.00019649366304097255 7.3485418503843e-07 7.682161013379956e-07 6.875287673923891e-06 2.485785804287832e-05 7.549365144960288e-06 0.00014417801731193256 4.972363302914049e-06 5.203937513499665e-05 1.9415358576516105e-05 0.00011944234207188105 5.399210399750695e-06 3.2162466233447454e-06 3.389637912761476e-06
1.4478538235050493e-07 0.0014656689842585033 1.409073551290863e-07 1.0910063099005041e-07 0.0 2.0190665959723065e-06 5.085263037713069e-07 1.119008056606377e-06 0.00012175646728522166 4.317266393851603e-07 0.00023551993463707263 7.042286287836947e-07 0.00309545433113127 9.353694770581935e-07 1.3086238209992669e-06 7.532293503048397e-06 7.769175323651546e-08 2.6156871573359935e-06 1.3940822487839814e-06 2.2188654384457228e-07 0.0 0.0006387133307777315 0.0 0.00011443355726388523 0.0 1.8364648585196156e-05 0.0014796438580646563 3.5728705726160065e-06 1.2883831950296076e-06 4.033918745682329e-07 0.00012426921725192152 1.3752340617626818e-06 0.0 0.0006909804750862081 1.0452409100691843e-06 2.6432265807853318e-05 0.00016348990484543575 0.0004220352757008067 1.928098651753442e-05 5.407625193237113e-06 2.313190382758787e-06 0.0002574864083635592 0.0 0.0 0.00013488239635858505 5.078620577175284e-07 0.0 0.0 0.0 7.246397029592359e-08 1.537898510443869e-07 2.0005563217488874e-07 0.0 0.00015975552456071404 1.382601524873277e-07 0.0004858268912423907 2.1883477096066798e-07 0.0 6.212835349310699e-08 1.6388690744153003e-07 1.5834730404998312e-05 5.493402664899492e-06 0.0 0.0 2.243900556417581e-06 1.1915351196105028e-06 4.0710707447465384e-07 0.0004651894923525035 0.00019247083525782404 0.0006234399710298341 3.3711503023031166e-07 2.1539291298750558e-07 0.0 0.00011503364214807955 0.0 0.0 1.0305206094062415e-06 0.0 7.779067614432937e-06 0.00013121251817496064 1.4026468231974253e-05 1.2221257461319954e-06 0.0 0.0 3.578011299553735e-05 9.065162186507507e-07
