0.0 2.3048194726149297e-07 1.579506301755855e-05 2.75869933101671e-07 0.0 4.615922625118949e-06 0.0009806429414194562 0.00044300435087818115 4.761493868707463e-07 2.4244162318633283e-05 6.54352708175938e-06 3.070583148943767e-07 3.6297044998282865e-07 0.003801182074936674 0.0 2.8650282444522164e-07 6.0109970921286495e-05 3.0903164226571315e-06 6.552022087097399e-06 5.243707717968177e-07 3.4752393345382594e-05 7.825490365031676e-07 1.2658794078866923e-05 3.22441226444548e-05 1.4076068383732387e-07 1.72804617852578e-05 2.3946271648889022e-05 1.871612918005956e-05 0.002195231620770929 0.0014528180795673447 2.9396686745413623e-07 7.148310085089768e-06 4.445953404981137e-05 0.00022027572878832046 9.879146220676426e-07 4.098268310738333e-05 2.7124245292713424e-05 0.00015953489827708094 4.090265021022976e-05 4.086152316920679e-06 1.0556347876756329e-06 5.984655739619957e-07 4.003635440477075e-07 0.0 0.0 4.1672343100934594e-07 0.0 0.0 2.6068762315647816e-07 3.1328432884833918e-06 6.664436943139446e-08 1.1062238200665614e-06 0.0 8.548172676913316e-08 0.0 1.704277370970113e-07 5.213804302265725e-07 0.0 1.564169796200073e-06 1.4250357564041293e-07 0.0 0.0 0.0 0.0 7.925043202841977e-07 6.841692843185198e-07 6.993515045960177e-06 0.0 2.1141163405279428e-07 6.153410817936579e-06 5.758296116523465e-06 5.295434449269416e-07 1.6264728401305383e-06 0.0 0.0 0.0 0.0 9.344252560583295e-07 1.8405202840984967e-06 2.5989767478181525e-07 6.957815430393614e-07 2.920303574782387e-07 8.311859071017976e-07 0.0 0.0 0.0
2.3048194726149297e-07 0.0 5.931258496759378e-05 0.0 1.1950739458218879e-07 2.50174846493983e-07 1.0999307190649661e-05 2.3055080204368425e-06 0.00013021404747231194 5.702620215781069e-07 0.00011967556180870433 1.1041962173198151e-07 0.0006294885238011906 1.0568817570801376e-06 2.2339117845742188e-06 0.00048190211230566155 8.718577265334144e-05 4.1833670375601355e-06 3.117186215313817e-05 7.594351786043453e-08 5.1719261870162894e-05 0.0017438015188065 7.069679183978671e-05 0.0006713588875546034 0.0016074876334813747 0.0004092667573759707 0.004065775851030826 3.871725934871912e-05 7.741802584609462e-07 4.232674110130405e-06 9.896387403375779e-05 5.241501212157851e-07 0.0 8.769856723364647e-05 6.448338038413041e-07 5.482302716610033e-05 0.00011641615096754435 0.00011267596637232926 3.385632244910051e-05 5.204630700618726e-06 0.0 7.990276593449303e-05 6.434985477844408e-07 0.0 5.687211066582679e-05 2.7180713175365708e-05 0.0 0.0 4.8855295499376415e-08 5.457325629659036e-07 1.441473686284579e-07 1.835348403566748e-07 0.0 6.701287771818918e-06 0.0 1.4203367696854428e-05 0.0 0.0 4.6277382733895394e-06 3.72385290554111e-05 3.4184794026022104e-06 2.2200622303982875e-05 0.0 7.607475814080543e-07 3.077068673216075e-06 3.998599898874943e-06 3.0579260934494514e-06 1.2039281631484246e-05 9.774269558423714e-05 0.0004145744483663645 1.005127464971757e-06 1.2291202492138554e-07 0.0 2.189322441672699e-06 0.0 0.0 1.0719669661186155e-05 4.443032605111675e-07 5.319362017482072e-05 2.7595486722302327e-05 3.472055169840474e-05 5.611111763111282e-06 8.01836197421906e-07 0.0 1.1003506340814756e-07 0.0
1.579506301755855e-05 5.931258496759378e-05 0.0 0.0 0.0 8.354702447795435e-06 0.0004148780286875337 5.691298949946464e-05 1.2079510194197444e-06 7.226044771199785e-06 5.49684544930384e-06 9.178530968409079e-08 4.042703699214177e-06 7.602399464470244e-05 0.0 3.608870771722507e-05 0.0016089748974612232 6.899968278456506e-06 1.624400682146638e-05 0.0 0.0005075661126206294 4.8169866259849706e-05 0.00448730789756356 5.874185966826231e-05 1.7453022948993725e-06 0.0055078336632235795 0.004813673309615618 0.0002630635908347135 2.899911379613652e-05 0.0009172839013685254 5.393484228339551e-06 2.691701670867085e-07 2.3760889217686302e-06 0.00040055162590084956 4.026787311073735e-06 0.0007505746580351502 0.002850893090629697 0.0005713548046790495 0.00036682271956504984 1.9130906838099877e-05 2.9167623493201593e-06 7.8616569691531e-06 3.829653275950959e-06 9.6282544889671e-08 0.00013632826544545464 0.00023228305645202983 0.0 0.0 0.0 2.4001581129000708e-06 9.041142446398721e-08 1.5629606873785663e-06 0.0 2.5462672225527063e-06 0.0 1.2918651947597005e-06 1.116340425638118e-07 0.0 5.7084467677596266e-05 0.00013986791360088806 3.3598870680865557e-06 2.2445014664966452e-05 0.0 5.916101360218951e-06 4.881054995054661e-05 8.306451421691638e-05 8.790750427949909e-06 4.221607199121985e-07 0.00015946804193962344 0.0014538915716004182 3.93688027940309e-06 1.7332737819257288e-07 1.021532810252334e-06 1.039092418948661e-06 0.0 0.0 1.913293262347459e-05 1.4395721066795034e-06 0.0001060995291529308 0.0001300025577553101 6.397625100479129e-05 1.7821305045024828e-05 9.121153090752455e-07 0.0 4.727617597682106e-06 3.0594662361863278e-06
2.75869933101671e-07 0.0 0.0 0.0 4.994557821264108e-07 4.1740394856878026e-05 0.00010414323942022725 2.5296436549243016e-05 0.0003262716432329157 0.0016593018571593318 1.4491136300904988e-06 0.0013952156283640283 1.5957606858676977e-07 8.341155944809204e-06 2.060864837294077e-05 0.0 2.4575543804402117e-07 5.804310187028748e-07 6.036205257132939e-07 0.0020258201816721277 1.0309745783526615e-07 3.8246921865568167e-07 1.3538766745726772e-07 0.0013097976489532162 0.0 5.602137035605105e-07 4.256098638571187e-07 0.00198600128226387 1.0882461885822709e-05 5.126561678100108e-07 0.0 3.000117230418706e-06 1.8007101132519016e-06 9.07261234072043e-06 3.1370099381120777e-06 0.00027243560407733396 1.8381040399453768e-06 2.7518805335384717e-05 8.997794644803742e-06 0.00012543371380442325 1.9012884092359227e-06 0.0 7.354145881641894e-07 3.586596715435247e-07 0.0 0.0 2.698875505982398e-05 0.0 4.794204199501612e-06 4.315128029844577e-05 6.4291379472279456e-06 3.891185750136735e-05 2.0550214345940002e-05 4.4689191882904596e-07 8.128041078894749e-05 1.857213510716232e-07 5.725234408455645e-06 1.4999327962218085e-06 2.0021188675909272e-07 0.0 5.377828813221728e-08 1.0532284990384697e-07 1.6985291981642227e-05 0.0 7.391144774102705e-08 0.0 0.0002642326790745234 0.0 0.0 0.0 9.680901960184597e-05 4.8467678106085845e-06 2.0479666805794377e-07 0.0 7.441331462742624e-08 1.0916034703754947e-07 1.530404885246444e-06 8.797158409681169e-07 7.407693793450593e-05 0.0 4.708329287896025e-06 3.8812838706735065e-07 7.711621120193026e-05 5.026015610446993e-08 0.0 1.402395544085919e-07
0.0 1.1950739458218879e-07 0.0 4.994557821264108e-07 0.0 0.00015400250097576525 1.5302465577164467e-06 0.00013611222391204098 2.345006523188371e-05 3.49988019645483e-06 9.457909850605811e-06 3.5347194769079797e-05 2.001316329711768e-06 2.3811231503795142e-06 0.0008792387663827639 0.0 7.463347283674078e-08 1.6885002920016835e-06 1.0870925128101647e-06 1.4360656234460599e-06 0.0 1.1307153060111487e-06 2.975649758603682e-07 1.2890413825114282e-05 1.0345369477776074e-07 9.944079282149076e-07 1.5903233409225355e-07 1.0585894783310788e-06 0.00016453598410268787 1.8216708776642444e-07 2.193125748994667e-07 0.00013636708956387707 0.0 0.0002855404289609284 0.0 1.0129610733855423e-05 5.106860564666274e-07 1.7873594325024446e-05 2.3383741748706672e-05 0.0010538249387670113 0.00016595467070577348 8.454354008136702e-07 1.354694892289392e-07 0.0 0.0 0.0 0.0 0.0 0.0 0.0 0.0 0.0 0.0 0.0 0.0 0.0 0.0 0.0 0.0 0.0 0.0 0.0 0.0 0.0 0.0 0.0 3.720791746506939e-07 0.0 9.859111975743639e-08 7.175867849933791e-08 4.407117891155731e-07 5.743671807843539e-08 0.0 0.0 0.0 0.0 2.7917727799483396e-07 0.0 0.0 0.0 0.0 0.0 2.2700087921534576e-07 0.0 0.0 0.0
4.615922625118949e-06 2.50174846493983e-07 8.354702447795435e-06 4.1740394856878026e-05 0.00015400250097576525 0.0 0.0010806261270465496 0.0029939771447766634 2.6272031186289027e-05 0.0037758893997630965 6.997839308979716e-05 0.0024759664632832815 1.478306075443062e-05 0.00022044304271863667 0.0007845662936634724 1.2053494833797784e-06 7.967376974891322e-06 1.4553427279726853e-05 1.33339265968428e-05 0.00017702815604951443 7.710915586347448e-07 1.1913972380767726e-06 1.0254307942508353e-05 0.00015226939649365308 9.539463175612428e-07 1.763727331754125e-05 7.282586161346844e-06 0.00026642267633765525 0.00021882791718119742 2.865296528194093e-05 3.8014411931269804e-06 0.0005692287845957435 1.1239027840706522e-05 0.0005164554705927364 4.827062145738626e-06 0.0002966618138666339 2.4204696663880485e-05 0.0003983352458399197 0.0003077351589284685 0.0015892741779007455 0.00027555836228004176 2.151156169493932e-05 6.338944002951489e-06 6.07271582092809e-08 4.131495128656488e-07 9.287299803873415e-07 3.6600447653322313e-07 0.0 3.919828650207905e-07 1.5768531495480577e-05 2.1406480627570157e-06 2.850928691939047e-06 0.0 2.654931190847152e-07 3.1192278534566417e-06 4.165941534107094e-07 7.27742788308418e-07 4.179945306310538e-07 2.5683910410173255e-06 5.185959961069749e-08 0.0 0.0 1.1133462851999023e-07 1.0207963742770694e-06 6.707983899086797e-07 0.0 5.243581972636239e-05 8.338050924661909e-07 6.107105543585793e-07 3.709601358278901e-06 2.442300320326944e-05 1.6488078700500846e-06 9.312170900406522e-07 1.2240981377508605e-07 0.0 0.0 1.5401238346058642e-06 8.589147370921298e-07 7.063107336936649e-06 2.4103915746926955e-07 4.784024806528458e-06 8.500422067401012e-07 3.3958242830297095e-06 0.0 7.805086240857091e-07 2.4995822695620265e-07
0.0009806429414194562 1.0999307190649661e-05 0.0004148780286875337 0.00010414323942022725 1.5302465577164467e-06 0.0010806261270465496 0.0 0.0024948602792767066 9.559735195654475e-05 0.004703486665895312 1.8513820782531338e-05 2.2948121799696015e-05 3.246296052097884e-06 0.0036455590953741635 1.6716609923054967e-05 4.9045756708822944e-05 0.00028723831589941615 6.74848668082273e-06 1.636657973837683e-05 2.639111107012028e-05 0.00011527499779742627 4.6808337320169094e-05 0.0007440682365784297 0.0014038193727390154 2.6559376546810207e-06 0.0002533224949356757 0.00022220802271729666 0.00991691237715025 0.0010652807602609476 0.0027655774413494236 1.513577505349157e-06 2.097112694758035e-05 0.0002788155860020274 0.0004572850829495774 5.2912028578126394e-05 0.001962723081974107 0.0003738597080554596 0.0010061651704236097 0.00040080885406027015 0.00011378024826633105 2.7211860818402532e-05 6.16875174763238e-06 2.6601637623978263e-05 6.680343431806242e-07 8.134642708821485e-06 1.623272863095166e-05 4.207811676137116e-06 0.0 2.2836036956798693e-06 7.760588424654014e-05 4.12278459660572e-06 3.705140886027659e-05 2.5652272925328417e-06 2.418911975202901e-06 1.1660251553221269e-06 3.4679382937885477e-07 7.665729436884445e-06 4.6106006312585463e-07 5.4598990472708837e-05 7.967724689399773e-06 6.925861786863523e-07 8.763159622161499e-07 3.5835431301188843e-07 2.6074428221145675e-05 2.245890489945415e-05 1.543883370482406e-05 0.0002880742077432836 1.7422532009738032e-07 1.2748033518536339e-05 0.0001578538100168221 0.00013822490098198585 1.6405913777766086e-05 1.9417821229259025e-05 5.1216414035192717e-08 0.0 3.14239964709428e-07 8.993340374034335e-06 4.594187143831024e-06 5.864717714731706e-05 1.1704890389487995e-05 1.5263555645957366e-05 3.632957487684388e-06 1.4434372815085923e-05 7.041201623131009e-07 5.075700256067538e-06 1.203860931591694e-06
0.00044300435087818115 2.3055080204368425e-06 5.691298949946464e-05 2.5296436549243016e-05 0.00013611222391204098 0.0029939771447766634 0.0024948602792767066 0.0 1.9485420951938147e-05 0.0015097474302787712 0.0002125350672171236 0.0004057441090306114 2.6125149041030092e-05 0.0028023786488371805 0.00012147606864449113 2.7275644776354913e-06 0.00012640614416058283 6.147894636273322e-05 6.53074422929414e-05 0.00012370648497015473 1.626485058154584e-05 3.5500218591021938e-06 5.2695270415690765e-05 0.00024713440416397023 1.7353625628591911e-06 8.335984435757907e-05 5.775114637732851e-05 0.00021470653735312727 0.0007244666580668805 0.0008121547106044152 1.0312739587710973e-05 0.0007962853634777737 4.2563804605337976e-05 0.0009086136993210543 1.3028595614004624e-05 0.0006065626502138711 0.00012557608192580194 0.0007837399123235981 0.00041699343013826067 0.0008265734627185911 0.0001465642810420838 2.882456445942151e-05 1.1164627191641015e-05 1.598932640547481e-07 3.5315973934786947e-07 2.806704616797874e-06 3.138529044967832e-07 0.0 1.947546652080082e-06 2.6035363673210057e-05 9.117201227277432e-07 1.6359374018389902e-05 6.842072089498707e-07 3.1084406095840365e-07 1.3344588149824572e-07 1.2351253748072728e-06 2.0794512780013085e-06 0.0 9.499276408452953e-06 1.0252174439812021e-06 7.031353147985581e-08 1.2494032019095514e-07 0.0 7.166864540849837e-06 2.618003744324735e-06 2.3660727240003433e-06 0.00010226972731282071 1.3868260298192855e-06 2.477179252315178e-06 2.2752835143259112e-05 5.359756567908352e-05 4.5536351929746635e-06 2.9006647643844773e-06 3.175667322658077e-07 0.0 6.080082182191783e-08 4.887955473398194e-06 1.1840872273551452e-06 1.5678120555382264e-05 3.47861718385902e-06 6.429184066045527e-06 2.528250320621035e-06 3.2078189676701757e-06 5.422072775376685e-07 2.269882440763974e-06 3.4357054794973794e-07
4.761493868707463e-07 0.00013021404747231194 1.2079510194197444e-06 0.0003262716432329157 2.345006523188371e-05 2.6272031186289027e-05 9.559735195654475e-05 1.9485420951938147e-05 0.0 9.378970818870274e-05 1.0168938440463724e-06 6.341036501891873e-05 4.379455927646514e-06 1.388876175184672e-05 0.00020032739168399455 7.895072459510258e-05 4.253688378936103e-07 2.9098812263890727e-07 7.298320055712886e-07 0.00011659168366665275 9.079105626852587e-05 0.0016282677497927165 8.566386591580534e-06 0.0061595745052407894 9.914331343824889e-06 3.558636126477562e-06 3.6110227623763986e-05 0.0009374030409688746 1.3040066397918495e-05 2.8642994382370697e-05 1.2221505754309514e-06 1.6283394573406146e-06 1.8136088912355705e-06 9.300741455701846e-06 4.2023994981918805e-07 4.2922749388127365e-05 1.2904813099903973e-06 1.8405563321130886e-05 7.5927427713113875e-06 0.00034629818397338734 9.950337807047305e-07 1.420811927607803e-07 6.092390194174314e-07 4.288118572147215e-06 3.6124671103926706e-06 3.0939657617401664e-07 4.8870825319675935e-05 0.0 4.932468418622984e-06 0.00011106923558854256 7.432846973343652e-06 5.4594785834400434e-05 2.9686307427698e-05 1.1686805079911703e-06 6.433219567463354e-05 1.3682126976102075e-07 1.2742170476209246e-05 1.8895812308551068e-06 0.0002182743492709049 6.724086335685263e-07 1.1441318108547665e-06 1.1635394987658371e-07 2.328267268221351e-05 0.00012488796445278265 1.4099886917629154e-05 7.5030058760859295e-06 0.0018120857171932776 0.0 1.879777689632724e-06 7.397575873286579e-06 0.0004934713988044536 3.300311368775743e-05 5.8181624688639315e-06 1.1567418068213048e-07 1.6215292999852714e-07 1.8879441189109421e-06 1.781373932125162e-05 3.989642836705283e-06 6.556925045405248e-05 1.0155876299148256e-06 3.0446028073817183e-05 3.328653732355696e-06 7.188012278018002e-05 6.910787566521005e-07 5.144500180844001e-07 7.963210257211258e-08
2.4244162318633283e-05 5.702620215781069e-07 7.226044771199785e-06 0.0016593018571593318 3.49988019645483e-06 0.0037758893997630965 0.004703486665895312 0.0015097474302787712 9.378970818870274e-05 0.0 4.094113598521844e-05 0.0020012705531725883 6.2046414547092805e-06 0.0006490678270139146 7.69386307248438e-05 1.624210520183109e-06 5.849853526153502e-06 1.2982471796645514e-05 1.366741589791517e-05 0.0017233360118267232 1.5659657680761743e-06 5.308308036235027e-06 1.2139796299432031e-05 0.0006614110610834992 2.467560334474951e-07 1.641398992288392e-05 1.2982341458246025e-05 0.0015111442677187442 0.0003183511969485356 1.2326256900603455e-05 2.8853839080412895e-06 7.062317045903297e-05 1.89732163930721e-05 0.00019783088801463396 2.9310199647635652e-05 0.0012395884456523338 2.022740457542164e-05 0.0006051465437666847 0.00015509152835731222 0.00036043388559346836 4.4260022507780314e-05 3.612758702531313e-06 1.5612413373484323e-05 7.151722461276725e-07 5.296409105089699e-07 5.509089348884458e-07 2.6641475463713595e-05 0.0 2.7228405232673792e-06 8.445234984893885e-05 6.13285673254818e-06 2.4023107520435416e-05 1.5192134542311499e-05 1.0408300707958246e-06 1.8439020443718462e-05 2.091905452329682e-07 7.1756787151457275e-06 6.020988849445524e-07 1.661066973108628e-06 1.7157258540478823e-07 5.8872233826751065e-08 3.236388084038046e-07 1.2223199064680909e-05 2.060723607472062e-06 1.2498322658330644e-06 5.833207323036346e-07 0.000408378363647597 1.2243476861484142e-07 3.9883846067996185e-07 4.085651562874423e-06 0.00016683726879870918 1.227676895147971e-05 5.8304512903585275e-06 0.0 1.948004413669012e-07 5.935962978826803e-08 5.702415853496953e-06 2.2109731509616677e-06 8.417037681227493e-05 6.397545612469343e-07 8.264469257890335e-06 2.045837164893112e-06 7.237074366436513e-05 2.3760767886086525e-07 0.0 5.32981416437188e-07
6.54352708175938e-06 0.00011967556180870433 5.49684544930384e-06 1.4491136300904988e-06 9.457909850605811e-06 6.997839308979716e-05 1.8513820782531338e-05 0.0002125350672171236 1.0168938440463724e-06 4.094113598521844e-05 0.0 2.0933826171211085e-05 0.0007949892989286945 0.000132322049909124 6.64735782919454e-06 2.5793017621095483e-06 0.0005035160523275254 0.002440071328764912 0.0011670125334671787 9.515972261053181e-06 6.877463852650865e-06 8.27795697649707e-06 2.049452555146343e-05 1.1717314240923985e-05 0.00034518905330678545 0.0007957886216565629 9.662956827635504e-05 6.3554121756638815e-06 0.00012243031937587078 2.3246772110934634e-05 7.748950255972345e-05 0.00010948368617571603 9.523178441387649e-07 0.003716230179333684 3.2851961718978273e-07 0.00016912620151755622 0.0022614829865706706 0.0017206896389810322 0.0006978005356738698 5.055590731502098e-05 9.704964073172363e-06 0.0006034298157200274 8.004950829422035e-06 0.0 1.0755171703594071e-05 1.443885266916955e-07 0.0 0.0 0.0 1.6167710036905852e-06 0.0 6.703533819481523e-07 0.0 0.0002268890703928311 0.0 0.0004782475233472124 6.167202353911438e-08 0.0 0.0 3.060402743206022e-07 1.1499874531952089e-05 1.6688860281352751e-06 0.0 3.347510576405005e-07 0.0 1.7212587911607308e-07 4.959600666221069e-06 0.00010396926430502305 9.35745763540698e-05 0.00011288155040681262 2.319611095609458e-06 4.853598483452178e-07 0.0 4.817217605964224e-05 0.0 0.0 4.284680952902913e-06 3.5890205853454626e-07 1.6734052759593693e-06 0.00021992987896762476 7.991012550663122e-06 2.9800876209855127e-06 2.7932107855764e-07 1.0628804257989117e-07 3.0037237295595565e-05 0.0
3.070583148943767e-07 1.1041962173198151e-07 9.178530968409079e-08 0.0013952156283640283 3.5347194769079797e-05 0.0024759664632832815 2.2948121799696015e-05 0.0004057441090306114 6.341036501891873e-05 0.0020012705531725883 2.0933826171211085e-05 0.0 3.382533336977199e-06 8.541607188271591e-05 0.0005418448471794297 0.0 4.542561504849832e-07 5.676702304951352e-06 4.4036266914606555e-06 0.0020504151566541743 5.022298003825109e-08 1.893142379358313e-06 3.022343009859169e-07 0.00018917827607488439 4.4708269885918744e-07 3.991845151351472e-06 1.2689176584260041e-06 0.0007291611041355853 6.090781030529824e-05 1.0336121856247471e-06 1.8410938170895061e-06 5.562497601256709e-05 7.199841148670883e-08 6.819240046757355e-05 3.5813872937616646e-05 0.00039896677168886765 4.435391572483744e-06 0.000157220129132922 4.280405956277231e-05 0.001347639117239995 1.8620809794310707e-05 1.4149215046095659e-06 2.2669717593334673e-06 2.1626420552089714e-07 0.0 0.0 6.271144849711468e-06 0.0 5.994279485104829e-07 9.783094209829341e-06 1.3171742459284003e-06 1.8878104940303078e-05 4.680726525080607e-06 2.5681839006358716e-07 4.9414435068014504e-05 0.0 8.160993614542416e-07 1.138627211135346e-06 0.0 0.0 5.5901575116158876e-08 0.0 4.3835703778670495e-06 0.0 0.0 0.0 5.520095148556631e-05 9.126855155548924e-08 1.1433297213140824e-07 1.5168389836151276e-07 2.0954170101942392e-05 1.4262983415978355e-06 1.25247487287975e-06 0.0 4.919475177323859e-08 0.0 1.1691983189145834e-06 1.5585824179866995e-07 2.7101540143370752e-05 0.0 1.5924602141634758e-06 5.579124782413158e-08 3.099079343859297e-05 8.509629178345989e-08 1.4001775496021742e-07 0.0
3.6297044998282865e-07 0.0006294885238011906 4.042703699214177e-06 1.5957606858676977e-07 2.001316329711768e-06 1.478306075443062e-05 3.246296052097884e-06 2.6125149041030092e-05 4.379455927646514e-06 6.2046414547092805e-06 0.0007949892989286945 3.382533336977199e-06 0.0 1.4543059776739295e-05 6.966128026020698e-07 2.0045937820374183e-05 8.912352111623969e-06 2.7521989531306077e-05 1.0599603120474373e-05 8.024210549624291e-07 3.577380229412519e-06 6.889781759303416e-05 7.2536224310636326e-06 2.2345727539756935e-05 0.0014629810634203687 0.0009702255134088041 0.002081257137193878 4.221701370216827e-06 1.1888590614702629e-05 1.4930135805324429e-06 0.0003183108190130528 1.3288735319508494e-05 1.122754748156379e-07 0.00046772238613306975 1.1007645305542615e-06 0.00022439263715264135 0.0019942696689872665 0.0006033497195230852 0.00023827506130389133 1.0510508922455724e-05 1.476691657431772e-05 0.000885389048478659 3.0918586389594546e-06 0.0 4.881763820585311e-05 2.578647960519441e-07 5.4867438390530574e-08 9.855787866193936e-08 8.848950550363477e-07 3.995601695369298e-08 9.382815834079783e-07 2.0758378820536868e-07 0.0 0.0006242007618002669 2.432812061127977e-07 0.001579157927613412 1.1812380003198786e-06 5.053156940902218e-07 6.873468512352837e-07 9.936720086294937e-07 2.5189362809497925e-05 2.381739415631414e-06 5.853917838522266e-08 0.0 5.52605335592895e-07 1.3026223399091553e-07 5.375180734043833e-07 0.0006100473541849743 0.00023421114719979772 0.00033081341033803027 2.69828091789576e-07 1.0686208955893794e-06 0.0 0.00013461720587023253 8.062199189298693e-07 0.0 3.608732255949474e-05 5.0109225358703965e-06 5.235084643944194e-06 0.0005110687239389555 3.377972143085755e-05 3.7561042918532994e-05 8.23408375423367e-07 9.02123259938064e-06 0.00010320983770089207 3.266329048087772e-06
0.003801182074936674 1.0568817570801376e-06 7.602399464470244e-05 8.341155944809204e-06 2.3811231503795142e-06 0.00022044304271863667 0.0036455590953741635 0.0028023786488371805 1.388876175184672e-05 0.0006490678270139146 0.000132322049909124 8.541607188271591e-05 1.4543059776739295e-05 0.0 9.79962099479129e-06 1.8620586085420794e-06 0.0001908710602370108 4.6060734302301496e-05 6.84456099290622e-05 4.293805968269506e-05 6.075161829952316e-05 3.033648436936243e-06 6.536342152268323e-05 0.00016039532206543733 1.954499497158089e-06 0.00010505615250758842 8.860313539297105e-05 0.000139839692627352 0.004903772727725169 0.0024712455677844748 8.086305840710925e-06 0.00012269246718940376 9.721543810510918e-05 0.0010287165547968099 1.710179877891156e-05 0.0004026384297817276 0.00013565506465784626 0.001034389790360531 0.00021819106417048762 0.00012728768329405287 1.8446222112647023e-05 1.0103777947290605e-05 6.48004549208112e-06 2.6777648692233306e-07 9.08353120796262e-07 2.0088390370095204e-06 0.0 0.0 8.935718135896795e-07 2.1202193051853503e-05 6.395517601414343e-07 9.911940947185452e-06 1.1580737323637834e-07 4.4120772352322386e-07 0.0 5.613023574440836e-07 1.5952849907397714e-06 0.0 8.219985526720811e-06 1.491809451470425e-06 3.150015876997295e-07 3.639167203734183e-07 0.0 7.49022217698152e-06 2.303836754708143e-06 3.8025673873517836e-06 6.262036076206733e-05 7.590307012425546e-07 2.7194198768367706e-06 2.616202747454995e-05 4.241628370184597e-05 3.540412124194658e-06 3.8776573888466486e-06 4.758938099219137e-07 0.0 0.0 1.4338251840174146e-06 1.6611049377701997e-07 1.7170730146921616e-05 2.482447877884977e-06 6.11356543250459e-06 8.738939096779661e-07 1.3274619166462685e-06 3.343603626837912e-07 1.2522957616590224e-06 0.0
0.0 2.2339117845742188e-06 0.0 2.060864837294077e-05 0.0008792387663827639 0.0007845662936634724 1.6716609923054967e-05 0.00012147606864449113 0.00020032739168399455 7.69386307248438e-05 6.64735782919454e-06 0.0005418448471794297 6.966128026020698e-07 9.79962099479129e-06 0.0 6.704269174640824e-07 1.616863377428505e-07 6.809968612851509e-07 6.296234287081863e-07 5.8888337916597674e-05 0.0 2.2071421967675827e-05 2.0150633600869493e-07 0.0004866053752286853 1.6899626840403612e-07 7.185768604547807e-07 5.402784853883744e-07 5.52920660208466e-05 1.2633255370317475e-05 4.541600459304681e-07 2.3091347704661816e-07 7.439584453431006e-05 5.0536848994866483e-08 1.8629951972234245e-05 0.0 1.3539897131115709e-05 3.6160981476586753e-07 2.6695081313662923e-05 1.4772322387457821e-05 0.0005414643929379891 4.624270326849525e-05 1.4201069153560035e-06 0.0 0.0 0.0 0.0 2.7626415071782604e-07 0.0 0.0 4.707936155098858e-06 1.9971341443543222e-07 1.6551658180081471e-06 0.0 0.0 1.715676328658493e-06 6.090786663582522e-08 7.694147046871975e-07 0.0 5.870537185364172e-08 0.0 0.0 0.0 0.0 6.116040529088586e-08 1.7347787180832584e-07 7.231014282952422e-08 1.3020541645629208e-05 0.0 0.0 2.1306664350875627e-07 5.354580613901317e-06 5.130909280339686e-07 1.6313765101757147e-06 0.0 0.0 0.0 2.951963716732297e-07 0.0 2.2668714155785515e-06 0.0 9.623011010382117e-07 0.0 3.350831803778802e-07 0.0 0.0 0.0
2.8650282444522164e-07 0.00048190211230566155 3.608870771722507e-05 0.0 0.0 1.2053494833797784e-06 4.9045756708822944e-05 2.7275644776354913e-06 7.895072459510258e-05 1.624210520183109e-06 2.5793017621095483e-06 0.0 2.0045937820374183e-05 1.8620586085420794e-06 6.704269174640824e-07 0.0 2.277575085156411e-05 4.894793343675518e-07 1.820244312673339e-06 2.5415923852657294e-07 0.0021264604960972173 0.0018431300793217656 0.0022583715008221467 0.0011019318028271 4.874017542902208e-05 6.0919986089454866e-05 0.0033048708564871 0.0008679467947839569 3.094945117108392e-06 4.130107848523842e-05 5.411298981658327e-06 1.3014061417355134e-07 9.379561937537662e-07 0.00010270285771033461 6.021432216166988e-06 0.0008401569636285526 0.0005503207178236366 0.0003201838129732821 0.00040837668534055244 2.2349544077066937e-05 5.010688863458481e-06 5.9375069096234885e-05 5.740441613195261e-06 1.703156284601506e-07 1.515233584812926e-05 5.386707552261028e-06 8.228109443904358e-08 0.0 5.718839380503897e-07 2.2693881668098895e-05 7.994889253395249e-07 1.3832177545375309e-05 3.354751963318816e-07 1.534258510556177e-06 0.0 3.7202422876908233e-06 1.4363159124027016e-07 0.0 0.001740550055613449 2.4882373566749838e-06 5.170150425598154e-08 1.1901577743387011e-06 0.0 0.0003621823173709831 0.00044863792160877914 0.0004887761287997154 0.0001997803962956536 0.0 5.504898869265223e-06 0.00022252948906959617 0.00013688050725059881 1.2742716244238985e-06 7.318025232214148e-06 7.106495476985307e-08 0.0 5.5870435607263e-08 6.2541751423635084e-06 2.684221263503836e-07 0.00016278098528736188 1.8791666963609267e-05 1.6115956393287046e-05 2.0012662627134888e-05 1.2111771790217491e-06 5.630424791558812e-07 0.00012431258389494526 1.6252495037678923e-05
6.0109970921286495e-05 8.718577265334144e-05 0.0016089748974612232 2.4575543804402117e-07 7.463347283674078e-08 7.967376974891322e-06 0.00028723831589941615 0.00012640614416058283 4.253688378936103e-07 5.849853526153502e-06 0.0005035160523275254 4.542561504849832e-07 8.912352111623969e-06 0.0001908710602370108 1.616863377428505e-07 2.277575085156411e-05 0.0 0.00035006759518535285 0.00269110659490012 2.530845111568767e-07 0.0006645587251930205 3.445367815716484e-05 0.0024340585233936156 2.997953091793656e-05 3.5755491790537782e-06 0.002842570281680025 0.004013963448876036 9.058487278948943e-05 0.00016681334743117774 0.0016766208024818886 6.005299880996482e-06 4.178245915348582e-06 9.14946747480916e-06 0.0014091524553148875 9.333736461412455e-07 0.00016097141682246222 0.0006524402818701029 0.000568782127081879 0.0001354111306549019 5.763614731833216e-06 4.2781273892640147e-07 1.4699204022457757e-06 7.25151255820674e-07 0.0 7.787367367122986e-05 3.90030447075108e-05 0.0 0.0 5.923426314222065e-08 8.025490435879506e-07 8.869312722866485e-08 8.474955321179804e-07 0.0 1.6924951519370583e-06 0.0 1.4916914543880594e-06 0.0 0.0 5.223166418232357e-06 3.753476026834184e-05 2.589134217160541e-06 2.3032707301856816e-05 0.0 8.102854241992198e-07 3.268519858048453e-06 8.369088212385547e-06 1.1310139915049488e-06 8.904914280403746e-07 0.00012229257835974362 0.00029042135073620827 1.489257044520661e-06 6.739276643668603e-08 2.2448166532481348e-07 8.420087258317828e-07 0.0 0.0 8.325092269473707e-06 4.4147257147123413e-07 3.9004919923212334e-05 4.8588104918786397e-05 2.8034608414968267e-05 3.3574209702962344e-06 3.8346006269732626e-07 0.0 0.0 1.362372688672265e-07
3.0903164226571315e-06 4.1833670375601355e-06 6.899968278456506e-06 5.804310187028748e-07 1.6885002920016835e-06 1.4553427279726853e-05 6.74848668082273e-06 6.147894636273322e-05 2.9098812263890727e-07 1.2982471796645514e-05 0.002440071328764912 5.676702304951352e-06 2.7521989531306077e-05 4.6060734302301496e-05 6.809968612851509e-07 4.894793343675518e-07 0.00035006759518535285 0.0 0.0010626922687369906 1.7303568597837728e-06 4.034346393833286e-06 1.2969850039800056e-06 1.1474728663979189e-05 3.4986461007693907e-06 2.0630024558977318e-06 0.0010090022461692117 8.01939251703145e-05 2.574658292503727e-06 3.9383791269640094e-05 1.5916825274458e-05 3.429524999919775e-05 2.9998414278004245e-05 3.049893849474961e-07 0.0006977600760607241 1.5914030280366106e-06 0.000213163037113491 0.0008147955605525727 0.0006959698022704156 0.00030436613806478663 1.1560631408597419e-05 1.344752462212317e-06 4.042412667498627e-06 1.1566451218285858e-06 0.0 7.38387799601973e-06 1.4683466541383918e-07 0.0 0.0 0.0 1.932110174249835e-07 0.0 4.097860415996578e-07 0.0 6.3526774991089555e-06 0.0 2.854199538877934e-05 0.0 0.0 1.2017016694481625e-07 3.6555187483977706e-07 5.100903979718811e-06 3.8277680286760413e-07 0.0 0.0 1.0116524710510123e-07 7.39064039331843e-08 1.0331535593830447e-06 6.825730928674437e-06 7.378373990749094e-05 6.963191414614254e-05 1.5834149654170097e-06 0.0 0.0 1.4736399995705492e-05 0.0 0.0 1.658063121338804e-07 5.801940437977286e-07 8.232015072474159e-07 5.198402138340897e-06 5.856315608728411e-07 0.0 0.0 0.0 0.0 0.0
6.552022087097399e-06 3.117186215313817e-05 1.624400682146638e-05 6.036205257132939e-07 1.0870925128101647e-06 1.33339265968428e-05 1.636657973837683e-05 6.53074422929414e-05 7.298320055712886e-07 1.366741589791517e-05 0.0011670125334671787 4.4036266914606555e-06 1.0599603120474373e-05 6.84456099290622e-05 6.296234287081863e-07 1.820244312673339e-06 0.00269110659490012 0.0010626922687369906 0.0 1.7064001255521156e-06 3.2038113164779916e-05 5.073131961123069e-06 0.00010109323659247872 4.38959986184993e-06 1.3958550771344172e-05 0.0017965127141767985 0.0009579520138735834 4.994734446608113e-06 5.300164394960702e-05 0.00010123379775368563 1.4927063209656128e-05 2.521921242858641e-05 1.4144022646072635e-06 0.00224193522547079 2.725027246142498e-06 0.0006001381433589049 0.0011266284040082496 0.0017543553374498016 0.0005087859141706542 1.2008997492353133e-05 1.1766025767884732e-06 3.6491482589714763e-06 1.7724839197750298e-06 0.0 2.8827318682733336e-05 5.264791275083359e-07 0.0 0.0 0.0 7.321455722076094e-07 6.631060545495484e-08 0.0 0.0 1.851972077675541e-06 0.0 7.1929994114742115e-06 7.702776041365638e-08 0.0 5.962624306902323e-08 3.578677384705059e-06 6.91660872522789e-06 7.2263833628208736e-06 0.0 1.0713616287167395e-07 1.9674718306727978e-07 8.399238358357998e-07 2.016355023233171e-06 6.656558627373669e-06 0.00013845711924408513 0.00011767188672223979 6.221724875905964e-07 0.0 0.0 7.783595744521526e-06 0.0 0.0 1.4695988234686008e-06 1.7007697628874592e-07 3.746985801813027e-06 1.998249510004049e-05 3.2015573084056446e-06 5.181843493326077e-07 0.0 1.0027419039830143e-07 0.0 0.0
5.243707717968177e-07 7.594351786043453e-08 0.0 0.0020258201816721277 1.4360656234460599e-06 0.00017702815604951443 2.639111107012028e-05 0.00012370648497015473 0.00011659168366665275 0.0017233360118267232 9.515972261053181e-06 0.0020504151566541743 8.024210549624291e-07 4.293805968269506e-05 5.8888337916597674e-05 2.5415923852657294e-07 2.530845111568767e-07 1.7303568597837728e-06 1.7064001255521156e-06 0.0 5.523062057636422e-08 1.4272137206668995e-07 3.543525878936167e-07 0.00032419324240395505 0.0 1.4710577488901425e-06 8.728961524171597e-07 0.0013248236423466075 3.202456530877221e-05 5.408678143045805e-07 4.475239960182304e-07 1.1214893248200053e-05 2.1676844219637799e-07 2.7491008458021757e-05 1.635136989964867e-05 0.0004098756871819462 3.115284092098341e-06 0.00010585730069759637 2.0966574278524768e-05 0.00023033706618695037 9.661128975691422e-06 8.487923351445759e-07 2.249084543308687e-06 0.0 0.0 0.0 1.600553455788385e-05 0.0 1.411523815510686e-06 4.801087736655326e-05 3.1166559277711304e-06 2.0707592875485942e-05 1.0222722248763414e-05 3.5879625065446695e-07 2.476478627775899e-05 0.0 4.091496991904285e-06 1.8027734109466907e-07 2.3486611310490907e-07 0.0 0.0 0.0 7.4611163914531324e-06 0.0 1.3176739832070436e-07 0.0 0.00024297455709490376 0.0 3.63131931894239e-07 2.4818097321142935e-07 0.00010256524540337693 4.791493304900966e-06 3.0288123098829164e-06 0.0 0.0 7.942264043784241e-08 1.6874394230944885e-06 1.0565423448395187e-06 5.8046983400664245e-05 0.0 5.096643022892531e-06 2.0175384686800121e-07 7.438501986618385e-05 3.650559844653694e-07 3.0973476348987396e-07 0.0
3.4752393345382594e-05 5.1719261870162894e-05 0.0005075661126206294 1.0309745783526615e-07 0.0 7.710915586347448e-07 0.00011527499779742627 1.626485058154584e-05 9.079105626852587e-05 1.5659657680761743e-06 6.877463852650865e-06 5.022298003825109e-08 3.577380229412519e-06 6.075161829952316e-05 0.0 0.0021264604960972173 0.0006645587251930205 4.034346393833286e-06 3.2038113164779916e-05 5.523062057636422e-08 0.0 0.00013840665852856752 0.007874294285869545 0.00014513131423410082 4.916248781543551e-06 0.0001368667999302028 0.0005380083404054034 0.0013272481701294867 0.0001903030949973974 0.004428606067467783 6.755652686827428e-07 6.48674071066298e-07 4.413548343050929e-05 0.0018606563907321747 1.946426009646626e-05 0.0025823411960062405 0.0012535936597883705 0.0024109233075705434 0.0015365829309906165 9.367605984543463e-05 5.501857453136038e-06 3.750082409609382e-05 1.614137974674872e-05 1.2786259837647773e-07 3.8990726964181545e-06 7.358814298081428e-06 0.0 0.0 2.6275331465848193e-07 2.114721836049192e-05 8.198053352939106e-07 1.5986370149637726e-05 2.913885289272249e-07 1.6679584318427704e-07 0.0 1.8219699554542098e-06 7.914519097626944e-07 0.0 0.0006158313024757087 2.985593233469524e-06 9.626981527940118e-08 5.883156432314776e-07 0.0 0.0003652383928152776 0.00012357277924048308 7.743188273540826e-05 0.00018796217005081147 8.863951475371396e-07 5.353786066054264e-06 4.086124230116435e-05 0.0001522604789693327 1.414574058303597e-06 9.958655534548719e-06 0.0 0.0 7.668731139031403e-08 4.084320177739928e-06 2.7432268500057188e-06 0.00012710194650332503 1.9319241041754938e-05 7.524258652954237e-06 6.610230864044742e-06 1.2873957605425869e-06 3.7012966285902385e-07 6.45875959260677e-05 6.184455667368956e-06
7.825490365031676e-07 0.0017438015188065 4.8169866259849706e-05 3.8246921865568167e-07 1.1307153060111487e-06 1.1913972380767726e-06 4.6808337320169094e-05 3.5500218591021938e-06 0.0016282677497927165 5.308308036235027e-06 8.27795697649707e-06 1.893142379358313e-06 6.889781759303416e-05 3.033648436936243e-06 2.2071421967675827e-05 0.0018431300793217656 3.445367815716484e-05 1.2969850039800056e-06 5.073131961123069e-06 1.4272137206668995e-07 0.00013840665852856752 0.0 0.000233360257817479 0.0054453095763959 0.00022148020834694712 8.509468459410589e-05 0.0027650503251209334 0.00019232980125533629 1.8354642790474023e-06 1.2981250534648921e-05 1.2825885873480912e-05 1.624562309768053e-07 9.23003293001955e-07 3.961455439717975e-05 5.570706907304912e-07 8.450246802185258e-05 0.00016432124960402523 5.8184494455181e-05 4.9061005184720386e-05 5.067426577821285e-05 5.74560967084091e-07 9.704174064752372e-06 1.0743070844002062e-06 3.1707060171007415e-07 5.3573831853137355e-05 4.610149776083641e-05 0.0 0.0 5.976966334473002e-08 8.784158243153818e-06 7.301385570035096e-07 1.1115439040851212e-05 9.743230890858359e-08 9.584161280624334e-07 0.0 1.4420757488140764e-06 3.996925294625814e-07 0.0 0.0014508993150724682 2.576987563396038e-05 5.723411952585348e-07 4.233194434951696e-06 0.0 0.0001608159431950297 0.0001255108929391175 0.0002809224958860124 0.0001259819522792372 9.762912709725683e-07 1.66514318486088e-05 0.0010624944150825883 5.775962535056302e-05 8.662171981140813e-07 1.7812085704847347e-06 1.498304671062253e-07 0.0 4.52526356570197e-08 5.155688307364554e-06 4.994795560746475e-07 4.286436363757309e-05 3.634759882809746e-05 1.6854929131690895e-05 7.660241870024048e-06 6.333920298285697e-07 2.4219382118722945e-07 1.3218971971391754e-05 1.816019811369301e-07
1.2658794078866923e-05 7.069679183978671e-05 0.00448730789756356 1.3538766745726772e-07 2.975649758603682e-07 1.0254307942508353e-05 0.0007440682365784297 5.2695270415690765e-05 8.566386591580534e-06 1.2139796299432031e-05 2.049452555146343e-05 3.022343009859169e-07 7.2536224310636326e-06 6.536342152268323e-05 2.0150633600869493e-07 0.0022583715008221467 0.0024340585233936156 1.1474728663979189e-05 0.00010109323659247872 3.543525878936167e-07 0.007874294285869545 0.000233360257817479 0.0 0.0005351761415015922 1.1250807721974673e-05 0.0007352750841690946 0.004922653163713306 0.002303052598742482 3.463938805158722e-05 0.0033344043759949513 1.72233306618893e-06 6.391957633802654e-07 5.726956652670757e-06 0.001865598078186745 3.617889632147005e-05 0.0038272556269283065 0.0038372734817796145 0.003664097622588914 0.003888562560493295 0.00015894656878339306 1.8635922767910152e-05 7.317106298061159e-05 2.9876503464951732e-05 2.8096975923566593e-07 1.9709115222816396e-05 4.081766611114663e-05 1.3333140707532546e-07 0.0 6.95388426254283e-08 1.3130756652886683e-05 3.683344675692098e-07 4.301544660225734e-06 6.643121250772834e-08 7.821963062080301e-07 0.0 3.076097163771161e-06 9.394520790783334e-07 0.0 0.0009049695881728698 1.8988966567729014e-05 4.295834437270234e-07 3.4572599401230365e-06 0.0 0.00010155014601806426 0.00014778199782620644 0.0003268977565516524 8.860988306715447e-05 2.910784708476463e-07 1.7791642074847686e-05 0.0005290193444191817 4.665383326872181e-05 1.5684374140551224e-06 3.529226611647535e-06 0.0 2.012290866982268e-07 0.0 5.094707789880682e-06 3.4004839448599147e-06 0.0001097878225807029 2.997376731868441e-05 2.183631077754905e-05 1.8307609778714995e-05 2.638481211870189e-07 1.1780234014456914e-06 8.001134311326538e-05 7.261037429045809e-06
