0.0 0.0 4.9531481169198924e-05 7.361991748552081e-06 7.21786154736174e-08 5.816606194342228e-06 0.000704966671406947 0.0003553898933023783 2.0826029913130783e-05 4.517212233728056e-05 3.1196291347881995e-06 7.176250667975152e-07 7.203530628796182e-08 0.0024550996129550527 6.07727380662689e-08 3.3355964616878133e-06 0.00016208135574148473 8.077366060554945e-06 2.6607321505634708e-05 4.119898994508318e-06 2.3446341002655487e-05 2.1915375872917522e-06 8.853765966157218e-05 4.912205178560218e-05 5.5753654946679445e-08 1.7038198966585637e-05 3.730807683135648e-05 4.197012271012076e-05 0.0015239045319582725 0.002016252526482958 7.429563704202297e-08 6.687957200375624e-07 4.355810716573614e-05 6.30782249308175e-05 5.903627226804442e-07 1.7994943257084268e-05 5.7755918581413445e-06 3.3762467571105816e-05 9.275297176690206e-06 6.431763020104696e-07 1.3181161557288943e-07 5.017278715021108e-07 1.987640383220388e-07 4.897331298715824e-08 0.0 1.1559530516055636e-06 4.870760538435489e-07 0.0 0.0 1.5106802152077686e-06 1.6967990205481567e-07 2.2873145475070145e-06 8.827066820968859e-08 9.836856121048072e-08 6.404785096230021e-08 0.0 7.811365056689855e-07 0.0 1.4099080275353466e-07 1.517861605221053e-07 0.0 1.3945051541046365e-07 9.04627812036448e-08 5.896993533149428e-07 4.726703437329389e-07 4.928978260927821e-07 7.629297030435497e-06 0.0 8.548696915581366e-07 5.528973421636177e-06 9.965006913379556e-06 8.850682545301859e-07 5.755446566625235e-07 0.0 5.183860042820757e-08 0.0 4.0199467879513565e-07 1.334486430182213e-07 1.4322658710917813e-06 2.3882722432798187e-07 1.237599406691905e-06 0.0 9.944214654950586e-07 0.0 0.0 5.074822144410984e-08
0.0 0.0 4.7792668597138515e-05 3.257173437884479e-07 6.552775787165192e-08 0.0 1.5525894083052564e-06 3.4690797156332204e-07 0.00041470248623734366 3.9931830596219676e-07 3.902905026035229e-05 1.8702916167868483e-07 0.0003041134023485892 2.3043399024939728e-07 4.173719714081671e-06 5.736055604295972e-05 1.4690925219751182e-05 2.988708147459889e-06 7.982142993105184e-06 0.0 2.3440384135924697e-06 0.0012529843400242739 5.8882526937659205e-06 0.00020835891962920407 0.0005372339760217146 0.0001642583411455724 0.004667755464258634 7.275617079872276e-06 1.1459341080435256e-06 1.265042997814421e-06 2.5505714998900758e-05 2.1985778110856674e-07 0.0 8.085670924229781e-06 1.4152117680099286e-07 1.2784347058093115e-05 1.8951616229934456e-05 1.6120869338497034e-05 4.905590627726525e-06 1.149821799308525e-06 2.913510045317056e-07 5.5564257901599135e-06 1.0537452449937007e-07 0.0 5.647278875608675e-05 1.922384862933713e-05 5.341492734265472e-08 0.0 0.0 5.074695116377994e-08 1.0633085352950078e-07 5.173822941325829e-07 0.0 1.0250360267432159e-06 0.0 1.052940040237282e-05 0.0 2.4220314424499603e-07 5.9354924312637825e-06 5.765458521960738e-06 1.8888900774999374e-06 4.39841016382905e-06 0.0 6.025914587082978e-07 1.2894010955366689e-05 3.6218753413149068e-06 1.199966149026565e-06 1.8095321341126697e-05 6.116284348050367e-05 0.00045906163731415986 4.4590246761817575e-07 0.0 1.5283479883583942e-07 4.3015041636310025e-06 0.0 0.0 6.036789467095757e-07 2.602105101630793e-07 3.4747758581686566e-06 5.1157607995336435e-06 3.114612295718211e-06 8.224644562252731e-07 0.0 0.0 1.7860985214806526e-06 1.21399174880747e-07
4.9531481169198924e-05 4.7792668597138515e-05 0.0 9.465052258873583e-06 2.11810160993592e-07 0.0001841442581240143 0.0004177247562895587 0.00037766209247665347 1.7881089843874306e-06 0.00029418096787245444 3.9997021281667865e-05 9.83354877605221e-07 7.210927430723979e-06 0.00014000597763595446 1.1223538605847776e-07 1.5718882786800455e-06 0.004346299335021187 4.1967701350275856e-05 0.00016962246840527574 5.6542665751641395e-06 0.0004165688618056261 3.7697464641657593e-06 0.005163588003397107 7.032222443002809e-06 7.350438650034769e-07 0.002583437881789056 0.005111776241707789 0.000126206707438144 5.5512372563615355e-05 0.00011608782151843356 2.573867393243777e-06 1.0791359148475365e-06 1.3209477217759331e-06 0.00025340146283321245 1.1847201174788291e-05 0.0006620255845783256 0.001690609628103331 0.001231029137203797 0.0003573573663107476 8.858509621839341e-06 9.447276441136597e-07 8.713868737631382e-07 3.362210428346582e-06 2.0541354814646594e-07 6.598823633096434e-05 0.0004746324383777609 1.1581263024528699e-07 0.0 8.97787605168116e-08 2.9513913580688905e-06 2.5651100031520985e-06 2.4806363746901777e-06 6.191575450212792e-08 3.3408733207393927e-06 0.0 4.896988403893396e-06 2.3993766295907196e-06 2.0910386412985732e-07 6.717451458608892e-06 0.00013696218150087408 8.271745815608527e-06 6.756917548503394e-05 0.0 1.0002367886287704e-06 8.648772275310898e-06 4.2913646462056596e-05 5.530592810042976e-06 4.818938276440493e-06 0.00028670362350023925 0.001437542354969266 3.367370472149466e-06 2.9324397156213135e-07 3.7010267815971886e-06 4.774052803052227e-06 0.0 0.0 8.042801015086273e-06 1.8160801630273443e-06 5.2469011181135514e-05 0.00011111078432060339 4.205875294516102e-05 1.553349837870184e-05 6.385186254377961e-07 1.1276953725248732e-07 2.2436403554869257e-06 9.770914757205443e-08
7.361991748552081e-06 3.257173437884479e-07 9.465052258873583e-06 0.0 2.391374938364809e-06 4.670390320600419e-05 0.00012301563460738777 5.854819037119343e-05 0.000625499950356895 0.0017775708768232655 1.2437287518837273e-06 0.002730528057864253 1.6888168990521034e-06 4.784035241385748e-05 8.433495582305552e-05 1.025212767550711e-06 2.235406297305067e-06 6.769322193423056e-07 1.4511472673740576e-06 0.0026834993913488992 7.780076114733704e-06 2.0771954969019253e-06 5.750332256283672e-06 0.0027433317376926955 1.0370370153226343e-07 1.798609977433288e-06 1.1898999089182057e-05 0.004268964763621348 0.00017386085029069112 1.8280084905610586e-05 4.8446776736240527e-08 2.6761167855315868e-06 3.973756426338484e-05 5.2779590483040675e-05 1.7538660092304422e-05 0.000387919802710744 8.66419419620767e-06 0.00012112294031322469 5.2059239158794084e-05 8.415779500090731e-05 1.198725703100234e-05 2.1562829413372414e-06 5.3643708637544935e-06 2.345019791068151e-06 0.0 7.547457983594493e-07 9.845758111496291e-05 0.0 1.1119976272701515e-05 3.384542635826459e-05 1.3707583031471485e-05 5.4502449206843266e-05 8.919777931978421e-05 1.232476531224085e-06 6.67075185138314e-05 7.914230032890542e-07 1.1343714392948606e-05 8.413802700286586e-06 3.742799080930104e-07 1.086002143930691e-07 2.615390212215451e-07 1.622981851271145e-07 6.007433704123728e-05 7.663768422212467e-07 5.256704925381583e-07 6.963273109250033e-08 0.0001365273566594438 6.804649801314609e-08 1.0571060900189482e-06 9.685233540285799e-07 0.00017117521404795322 7.603697556146528e-06 4.32697802168395e-06 9.228497643553038e-08 4.848476721560352e-08 1.8128223825504563e-07 5.85820354204233e-06 2.323920653802026e-06 3.409311131809142e-05 1.6620276067522552e-07 1.1646403842207974e-05 2.951985852632737e-06 6.474774906155762e-05 1.52791735321822e-06 0.0 2.3973132023961277e-07
7.21786154736174e-08 6.552775787165192e-08 2.11810160993592e-07 2.391374938364809e-06 0.0 8.03434989564714e-05 3.250650160904296e-07 5.977809023479742e-05 2.2290410371329276e-05 4.278876953255748e-06 1.1568046269851347e-05 3.8855971903540015e-05 1.3998466862613953e-06 1.1951612570719848e-05 0.0005765142781587348 0.0 9.511495277896299e-07 1.8119331458861862e-06 2.4661235196347104e-06 1.5964671821225166e-06 1.118368684570428e-07 7.070616244794169e-07 5.08719137276944e-08 7.2535330406922085e-06 3.500879987540208e-07 2.776321535274245e-06 1.2916433317033887e-06 2.395086515538868e-06 0.0001994861817287976 4.2424187318511345e-07 3.5958869826644585e-07 7.113204127444438e-05 0.0 0.00021067165385073758 0.0 5.740872057486275e-06 2.2682042076237375e-06 0.00012598551754404154 1.9575477680297977e-05 0.0007590001783271812 2.324350214763502e-05 6.600959103717674e-07 0.0 0.0 0.0 9.069038039655051e-08 0.0 0.0 0.0 5.8287571063255723e-08 0.0 0.0 0.0 0.0 0.0 0.0 3.857523421246477e-07 0.0 0.0 0.0 0.0 0.0 0.0 0.0 0.0 0.0 4.928623121546457e-07 0.0 7.653183583925947e-08 0.0 3.265943527410013e-07 0.0 1.8821516547913034e-07 0.0 0.0 0.0 0.0 0.0 1.5574424620793369e-07 0.0 0.0 8.465117119705125e-08 0.0 0.0 0.0 0.0
5.816606194342228e-06 0.0 0.0001841442581240143 4.670390320600419e-05 8.03434989564714e-05 0.0 0.0009640260273207793 0.004232699243085741 5.655744905847663e-05 0.005579938777036684 3.480346795540223e-05 0.0021131577432314005 7.553929209406145e-06 0.000731573907055783 0.0006423777033485914 3.312030517518191e-06 8.02699532228517e-05 1.2701204966450231e-05 1.8279797764975474e-05 0.00031412897123740425 9.739032616573556e-05 7.254361351072856e-07 0.00014994313012866225 5.848414329183374e-05 5.773290063011316e-07 3.681175347028605e-05 5.03213245603658e-05 6.74484666451778e-05 0.0006162763691463551 7.979888451392597e-05 1.5743750057355592e-06 0.000468153318164715 3.856698830731836e-06 0.0001801633784908819 5.115470906062917e-06 0.00034800160141379785 3.243804668389403e-05 0.00027446279859860223 9.271289173367692e-05 0.000691449874888223 0.00015590975666582912 5.121925598013616e-06 4.333742166726905e-06 9.060630367509584e-07 2.0706542136138298e-07 2.939358103695203e-06 4.612839626015719e-06 0.0 1.313391582218103e-06 7.511301576752935e-06 1.3623328652720616e-06 7.5615125808091365e-06 3.4167416389576215e-06 0.0 5.481952751899403e-06 4.9548244560035215e-08 1.4770219746835826e-06 1.2038925484624661e-06 9.595605053595073e-07 3.5379821467276633e-07 6.204586220679513e-08 2.648415142182685e-07 1.9848408605843236e-06 5.8073880934546065e-08 7.38494151915615e-07 7.494618769535687e-07 1.8771314792980193e-05 0.0 1.3435354220526508e-06 1.1180326694784463e-05 1.7418538607160613e-05 1.558810773008511e-06 8.450531471184806e-07 1.8413210712105595e-07 0.0 0.0 9.631414390873278e-07 6.752343902827738e-08 6.806393673824295e-06 1.3698049237281605e-06 1.6384292923356055e-06 1.7643197774991324e-06 1.1684533641335116e-05 0.0 0.0 0.0
0.000704966671406947 1.5525894083052564e-06 0.0004177247562895587 0.00012301563460738777 3.250650160904296e-07 0.0009640260273207793 0.0 0.001994117761804973 0.00028379770988628953 0.008692372592331942 3.2123272555809e-06 8.619221703562637e-06 8.639104047050454e-07 0.0035033318488610844 8.42911743580517e-06 3.5686105459447514e-05 5.743203766538768e-05 1.8492006200970549e-06 4.7619303089582775e-06 3.7926047139360865e-05 0.001425952406310322 7.915818739141679e-06 0.0006384385607501926 0.0012221844279883287 0.0 2.531302588588299e-05 0.00046024855529526264 0.01015701108072403 0.0001597135622096673 0.0025022663903926583 0.0 2.605693845729448e-06 1.9515035609342415e-05 4.139015612339368e-05 5.600738127888871e-06 0.0002925808649189055 3.756356094513965e-05 0.00011112118741108887 6.444442915229078e-05 2.641912337606366e-05 4.654392530751494e-06 8.672569464411666e-07 3.3927487323416167e-06 2.20901014834372e-06 4.015745765364236e-07 1.0536183119790252e-05 1.5992444852980833e-05 0.0 3.957017450829267e-06 3.596644378382147e-05 9.719901849100015e-06 6.042284897252403e-05 1.3917231104585233e-05 1.0085966786910554e-06 4.288184324188624e-06 0.0 9.873875937766822e-06 9.9572836831014e-07 9.877976813743953e-06 1.1001029631760134e-06 4.700390001475574e-08 5.48933715764329e-07 7.633180526742907e-06 3.0176906579312744e-06 2.732598125787899e-06 1.71434117577804e-05 0.00010850575237179248 0.0 1.7376955812088483e-06 3.68202258930339e-05 0.00012540143402256797 1.137546645822249e-05 9.278858267763217e-06 3.832507794078802e-07 7.615274645104019e-08 3.918262195318779e-07 7.57536976567829e-06 8.842634258037006e-07 3.184609978686442e-05 1.495640200554272e-06 1.5730637930648546e-05 4.0739519778363875e-06 2.1400225798268993e-05 9.681963596116632e-07 0.0 6.030486046326522e-07
0.0003553898933023783 3.4690797156332204e-07 0.00037766209247665347 5.854819037119343e-05 5.977809023479742e-05 0.004232699243085741 0.001994117761804973 0.0 7.465023723150327e-05 0.0022051061867992524 0.00011208309170495704 0.000485682990801302 1.500241645489434e-05 0.005252593699013751 0.00035756533320322387 6.344131993636947e-06 0.00044166661560891374 4.3527513687098126e-05 7.881415699565622e-05 0.00018994631295729674 0.00011093606606557963 4.273455588865947e-06 0.00042044427910992193 0.00013872497234605592 2.4626061841594822e-06 0.00011349553906667468 0.00014394293461764699 0.00013735427724895813 0.0009236237683649592 0.001288245444164849 2.827333462871514e-06 0.0004404597617034273 1.084032687829407e-05 0.00043818908119043785 8.07402439777351e-06 0.00030795246248447076 6.133328455003164e-05 0.00048076540917202766 0.00018624577754506507 0.0007163951895866823 0.00029054630201784756 1.0114508179901963e-05 6.1347756301241615e-06 6.98729990573224e-07 7.385172191281846e-07 7.265592162286301e-06 2.422656292333415e-06 0.0 1.432470979247015e-06 1.6445302135730313e-05 2.2236679636123272e-06 1.737011040279885e-05 2.4874948270969356e-06 4.124601039917555e-07 1.215747916417751e-06 2.0461277959981463e-07 4.4824549193699276e-06 4.985753457120827e-07 9.597413905829328e-07 1.0190149687377144e-06 3.349009449405313e-07 6.544518897631835e-07 2.769011102300549e-06 1.73414106392078e-06 1.1422395263442256e-06 2.7529637351287626e-06 4.082470872290706e-05 0.0 3.506955792269318e-06 2.301645482919795e-05 4.774762409610903e-05 6.040106027520539e-06 4.819913754019998e-06 1.637809459554037e-07 0.0 1.727311558406102e-07 2.8135307416926856e-06 6.770963382131538e-07 1.2780005819469787e-05 1.9764363220216367e-06 5.122191086602567e-06 9.367303803369626e-07 6.240173457697173e-06 6.053742689028862e-07 0.0 0.0
2.0826029913130783e-05 0.00041470248623734366 1.7881089843874306e-06 0.000625499950356895 2.2290410371329276e-05 5.655744905847663e-05 0.00028379770988628953 7.465023723150327e-05 0.0 0.0002932954135790189 9.823091616101345e-06 0.0003569823894736284 3.937751369523376e-05 5.03965017113068e-05 0.0004593977856204732 0.0001716096375380798 3.2870281558509376e-06 1.728225570590972e-06 2.103463927094292e-06 0.0002371922991157294 5.38293704014137e-05 0.0017397647951199954 5.024976037982472e-05 0.00397246494537354 6.193446932658426e-05 3.165235411733988e-05 0.0006898171490703325 0.0008207891713597589 0.0001452527232434523 0.00020908472477232362 5.181483432559571e-06 3.8137305001335895e-06 2.5668123108763908e-05 4.86432517496247e-05 9.840142845047598e-06 0.0004343009849654608 2.1398648810943553e-05 0.00012068257541537567 5.8340476261133355e-05 8.403944799293161e-05 9.753666190041467e-06 1.182426124969914e-06 3.937249355073936e-06 8.649918543260067e-06 1.0026273463658107e-05 2.4985332329584455e-06 0.00019809539788282087 0.0 2.1642741882980623e-05 9.808311059069261e-05 2.4426588713923734e-05 0.00012904257221153348 0.00014251775294159134 2.41466721293582e-06 0.00014104844514012082 1.3195202939544823e-06 3.084734294220888e-05 3.7526938571169745e-05 7.698001209182095e-05 5.303423039277654e-07 1.4842177555915331e-06 6.001775251176315e-07 0.00013462112591103238 5.6052777903647285e-05 3.550869137642205e-05 2.0839389680482735e-05 0.0009302005294572753 1.3199834981388718e-06 4.192111853639742e-06 2.879724328960791e-05 0.0004625452406434826 4.7736798898545745e-05 5.1683315700012424e-05 6.020414408032178e-07 3.8389096699972153e-07 3.6760583401211316e-06 1.1046079416077544e-05 3.439659679508995e-06 7.715545863528484e-05 3.5093368232408287e-06 3.5606800827400776e-05 4.966669550524519e-06 0.00016999548501115698 2.2553983296678434e-06 2.924961369782999e-07 3.725846735052399e-07
4.517212233728056e-05 3.9931830596219676e-07 0.00029418096787245444 0.0017775708768232655 4.278876953255748e-06 0.005579938777036684 0.008692372592331942 0.0022051061867992524 0.0002932954135790189 0.0 2.328926823528076e-05 0.0023244347484354536 5.384979534666072e-06 0.0012325623712631096 4.433000012447758e-05 2.751534619215945e-06 5.969836656186677e-05 1.2324983867846475e-05 2.497079823692443e-05 0.0022382069099292604 0.00031451302499908336 1.7390116691278538e-06 0.00024961695054962504 0.0006334306676513294 3.500598302034687e-07 4.0845436500289153e-05 0.00013271519606406472 0.0031471487460863986 0.0007047772566015281 9.704763183869595e-05 7.942276508492078e-07 2.1666322511186528e-05 3.716464638278629e-05 0.00018923503890803226 2.539989983201299e-05 0.0008231277329849798 4.916535575661023e-05 0.00047962051896822917 0.00013882754282275615 0.00013244475454091335 5.163872193285569e-05 3.991523096372377e-06 1.818009539594081e-05 2.246259676896665e-06 1.6825340083042217e-07 5.18607250725554e-06 8.042280926940044e-05 0.0 1.0574304087605071e-05 6.9605018703995e-05 1.4984426637039806e-05 6.489334049283009e-05 6.539524634846446e-05 1.4249099034539503e-06 5.471285408063092e-05 4.7566781108662063e-07 1.3267341034086748e-05 3.5812594216321436e-06 2.6825089675600554e-06 1.0635332131800993e-06 0.0 5.345226179130092e-07 4.7517286384348106e-05 9.87383839542349e-07 6.154967790604167e-07 5.483711035520417e-06 0.00017581197544825592 0.0 1.3832170118041527e-06 2.2751133469112142e-05 0.00020838354946852916 1.1267475449385102e-05 9.673348376338586e-06 0.0 4.6715212804923075e-08 2.861236695657738e-07 4.865033872108253e-06 9.158481476489759e-07 4.4114134039257204e-05 2.428552273213911e-06 1.6182345970229934e-05 4.727845584448735e-06 5.5954995534691034e-05 8.713252533740834e-07 9.048979470884646e-07 3.0356794750609856e-07
3.1196291347881995e-06 3.902905026035229e-05 3.9997021281667865e-05 1.2437287518837273e-06 1.1568046269851347e-05 3.480346795540223e-05 3.2123272555809e-06 0.00011208309170495704 9.823091616101345e-06 2.328926823528076e-05 0.0 8.95592734284372e-06 0.0010517422967957994 0.0001242183193652259 3.0086851184086736e-06 1.0078565668725186e-06 0.0002512501342850424 0.0022154238257964844 0.0009538776215384319 5.252108538992465e-06 9.218995724301943e-06 1.62917886230817e-05 3.22862459976995e-05 6.271287434542727e-06 0.0005276052046091162 0.0030001795696744946 0.0007435968225167819 4.371112816677779e-06 0.00018764922183032355 1.0512336079767782e-05 0.0005061776432474636 8.607419015177161e-05 2.0853477112927656e-06 0.003415344348351679 4.071925439313021e-06 0.00020237538741632623 0.0024595311551904244 0.0030300817535523694 0.00042815538747352277 1.7404735555776286e-05 0.00010047212550993775 0.0005875239693333874 6.647222106833477e-06 5.428200317475028e-08 5.596878349096693e-06 4.4827292190545385e-07 2.685372819618026e-07 0.0 0.0 5.769326788381967e-07 1.211932715367653e-07 1.5379186408945051e-06 0.0 0.00011019839748805625 5.731732623004126e-08 0.00023960653585525834 1.8456015452835677e-07 0.0 0.0 3.4038134872540023e-07 3.6456182739461466e-05 3.7748555080665916e-06 0.0 0.0 7.367092429493285e-07 5.374604932828316e-08 7.959402111172343e-07 4.5085972107255335e-05 7.800889726002218e-05 0.00013756048106983366 1.3781394856810555e-06 1.549407618895426e-07 3.124340055312527e-07 9.663306512808674e-05 0.0 0.0 5.683519331879189e-06 4.639171694894001e-06 6.050091606849612e-06 0.00024304767948163985 6.7405207467556175e-06 4.6464058503979145e-07 3.989248122015361e-07 0.0 4.785960451972114e-05 0.0
7.176250667975152e-07 1.8702916167868483e-07 9.83354877605221e-07 0.002730528057864253 3.8855971903540015e-05 0.0021131577432314005 8.619221703562637e-06 0.000485682990801302 0.0003569823894736284 0.0023244347484354536 8.95592734284372e-06 0.0 1.2508069587442284e-05 0.00015875547547209045 0.0008712149899887305 3.153466505055567e-07 1.0499043350870592e-06 4.3675213028962825e-06 6.179841988735851e-06 0.0029589155034972317 2.7692788450474347e-07 2.001810781481129e-06 4.705951066376668e-07 0.0006848100977057142 1.2065127964692628e-07 5.522374490533323e-06 3.558709614120918e-06 0.0013970663243586163 0.00011680055250510873 4.203275693787304e-06 1.364059600790348e-07 1.4370986832689015e-05 9.146822729060661e-07 4.274228170330105e-05 3.991321613738721e-06 0.0005546798521431666 8.917980770703475e-06 0.00014788898927630412 3.859549015651678e-05 0.0006705536936124643 1.800053785469052e-05 7.2967991728458904e-06 2.836739245150799e-06 1.530751358742604e-06 0.0 0.0 5.426963486288055e-05 0.0 1.3660404493182192e-05 2.8604992686120583e-05 9.25267516873625e-06 2.825519557145378e-05 5.274522509396708e-05 6.448186295909713e-07 7.431876853010308e-05 3.4864114339324275e-06 8.665810781237188e-06 8.758977504063316e-06 3.1003638543991104e-06 0.0 3.828222299534463e-07 1.3341177456365895e-07 4.704492455026311e-05 2.6787991492356834e-06 2.496986203358239e-07 8.53822852527416e-07 8.035166734082323e-05 0.0 2.3350774518119507e-07 5.356934491078164e-07 8.788275891808598e-05 6.2706773327149884e-06 4.386397715771111e-06 0.0 0.0 0.0 9.332728292408368e-06 1.3332943546439567e-06 3.989147759424021e-05 2.6064789766872107e-07 9.560772032887892e-06 2.236302191990377e-06 0.00010531017470917532 8.309016312210521e-07 4.512779732033441e-06 4.81159007200128e-07
7.203530628796182e-08 0.0003041134023485892 7.210927430723979e-06 1.6888168990521034e-06 1.3998466862613953e-06 7.553929209406145e-06 8.639104047050454e-07 1.500241645489434e-05 3.937751369523376e-05 5.384979534666072e-06 0.0010517422967957994 1.2508069587442284e-05 0.0 8.760809784040636e-06 7.312800247228677e-06 1.145306837551612e-05 4.785532427477033e-06 0.0001389365202969294 8.627077379939484e-06 2.2809053531565676e-06 6.746243710064069e-06 9.622012208844744e-05 1.6927280938726495e-05 2.2345182820641906e-05 0.004194657782305459 0.0005651929419304586 0.003938409060489834 5.172217596760982e-06 8.708710368442087e-06 1.7870693525970966e-06 0.0013115689947559986 9.689282712147117e-06 6.671827672685101e-08 0.00036393047449801515 1.9717456181603845e-05 0.0010278389155884598 0.003224413085799438 0.0013090226272640226 0.0002699648317941849 0.00012334245961203785 0.00013851377777908354 0.0004041967228407112 2.7281925483082235e-05 0.0 1.882888657960948e-05 1.3352568771036939e-06 1.484411451440461e-06 0.0 1.9981833056254645e-06 1.434398324713001e-07 1.2977307172109971e-07 8.269320961650356e-07 9.500836446622924e-07 0.00020042095165214392 1.2806912543626554e-06 0.00040431398512026005 4.4027094427681624e-07 2.1727445748909983e-06 2.0112014551742086e-06 1.8825449497547774e-06 5.5074668505463146e-05 8.98807287492271e-06 0.0 0.0 7.821052578385761e-07 1.1204793378899648e-07 3.673230780342825e-07 0.00010399325389060631 0.00018853007146029193 0.00027622590627595836 1.9207768733554453e-06 1.4481768903488977e-07 1.1703923584407615e-07 0.0001783464747852369 6.664418265667873e-08 0.0 1.2783219318715654e-05 6.941258436810421e-06 0.0001685284493200163 0.000536517015604671 1.932918925723141e-05 1.273334849371014e-05 6.50854420826633e-05 7.809930785527952e-06 9.396531764684355e-05 3.0256025602175785e-06
0.0024550996129550527 2.3043399024939728e-07 0.00014000597763595446 4.784035241385748e-05 1.1951612570719848e-05 0.000731573907055783 0.0035033318488610844 0.005252593699013751 5.03965017113068e-05 0.0012325623712631096 0.0001242183193652259 0.00015875547547209045 8.760809784040636e-06 0.0 5.4772292057320375e-05 3.9793415628833604e-06 0.0002863258086648047 5.2849150488057184e-05 8.432615088337229e-05 0.00011841787739036803 4.9388879047856616e-05 4.36203353687661e-06 0.0002015533756785761 0.00011735428346654874 1.2828895671332882e-06 8.413514075748406e-05 8.330744735232927e-05 0.00013171385359243783 0.003148165397794612 0.0018136071549589602 3.4830202908681174e-06 9.776835035145514e-05 2.329645898897849e-05 0.0005672483586901179 6.079506885319127e-06 0.00024677589941033735 3.6156636664582644e-05 0.0006186782312461987 0.00013693305972454966 0.00017881422575443258 5.407631650959403e-05 4.337054714144064e-06 4.3098412560362254e-06 1.0328829594132822e-06 1.4531342856905557e-07 1.8223329882277887e-06 1.7614330334396726e-06 0.0 7.889081278996514e-07 1.0732160466318393e-05 1.9170191482784723e-06 1.4444052740657806e-05 1.8306624050399306e-06 1.0883419531261902e-07 5.315854198013998e-07 2.8842116528545574e-07 3.4940466779234287e-06 3.616388768078356e-07 3.2949463185639074e-07 2.1014412600619042e-07 1.2761943777586418e-07 4.7230925728318866e-07 9.429970269960627e-07 6.479779852436752e-07 1.2253731573136098e-06 8.32416792621364e-07 3.519186460673218e-05 2.4551293882653363e-07 2.75262439170015e-06 1.2354969242736949e-05 3.618377400021511e-05 3.5333408220659743e-06 3.680549104554009e-06 3.5800696676406974e-07 1.2146196783626e-07 0.0 1.8709850045275732e-06 0.0 9.756719401474135e-06 4.872340335877101e-07 3.447565371910291e-06 1.1480895480106625e-06 4.283682902204862e-06 2.0716801081816038e-07 2.609323461181955e-07 2.232050068417889e-07
6.07727380662689e-08 4.173719714081671e-06 1.1223538605847776e-07 8.433495582305552e-05 0.0005765142781587348 0.0006423777033485914 8.42911743580517e-06 0.00035756533320322387 0.0004593977856204732 4.433000012447758e-05 3.0086851184086736e-06 0.0008712149899887305 7.312800247228677e-06 5.4772292057320375e-05 0.0 3.787837392291222e-07 1.6252672439485324e-07 7.746496860712157e-07 1.1846650193222271e-06 5.1184511528629916e-05 4.234631037373323e-07 2.51313813245923e-05 4.3974362294548246e-08 0.00037798303570599825 6.453402936260877e-07 1.4079389245517774e-06 1.2734113030627115e-05 5.878310831959911e-05 3.280949438911511e-05 4.3052807946573955e-06 4.386709941915652e-08 0.00018420585332984554 8.953841606561421e-07 1.7540381315412576e-05 4.6869643176936615e-07 0.00017709320971208046 1.1046500074294495e-06 3.5989462951490996e-05 1.3472092971717402e-05 0.0006154862751696494 6.561895293408659e-05 2.6882914588329323e-06 3.860734636009414e-07 7.833059321975269e-08 1.5269032382261313e-07 1.3302360789371872e-07 3.05945711464856e-06 0.0 1.3982553653218336e-06 1.5601295733298127e-06 7.057132741355862e-07 4.90859487777067e-07 2.8703811775667704e-06 0.0 5.724042561531193e-06 4.031450770085723e-06 1.4082181638410665e-06 0.0 4.876333868112185e-07 0.0 0.0 0.0 3.1736045320507444e-06 1.5863601747761216e-06 9.231385391706766e-07 1.0793434287856768e-06 7.830428857814728e-06 5.575717264605462e-08 0.0 2.1360684279667612e-07 6.630087460565932e-06 1.5318171677421768e-06 8.768616943795545e-07 6.084625259209968e-08 0.0 0.0 1.3187960623247915e-06 4.595024325135744e-07 7.554480874969265e-06 0.0 6.897696588787043e-07 0.0 1.5173636101811766e-05 0.0 1.8908324742715831e-06 0.0
3.3355964616878133e-06 5.736055604295972e-05 1.5718882786800455e-06 1.025212767550711e-06 0.0 3.312030517518191e-06 3.5686105459447514e-05 6.344131993636947e-06 0.0001716096375380798 2.751534619215945e-06 1.0078565668725186e-06 3.153466505055567e-07 1.145306837551612e-05 3.9793415628833604e-06 3.787837392291222e-07 0.0 1.9430526507375684e-06 1.0353253715433342e-07 1.0814515853473233e-06 5.976088734044475e-08 0.0016230911958529646 0.0012806553800961944 0.0024881339919648558 0.0023526995764415657 3.949060030726049e-06 3.1535043472794008e-06 0.0017268992649716504 0.0008133506452482843 9.648117910061848e-06 1.808068891798691e-05 5.853593142136258e-07 1.6410032542922908e-07 8.616071910391567e-07 2.104341077563487e-05 1.0117191854319715e-05 0.0006890293297613647 0.00017511489976363608 0.0001422759025949642 0.0002072738416260065 1.2432666252474796e-05 1.032542996007002e-06 7.320507428845791e-06 1.7554192635412096e-06 5.1894626495950275e-06 1.9358657415752642e-06 9.478133659622205e-06 8.270491978164573e-08 0.0 9.780522018748943e-07 1.1976405578732623e-05 3.7417788301807716e-06 2.4618343099415873e-05 1.1935540131516405e-06 1.0935239016835168e-06 4.71798159823973e-07 4.40005135927642e-06 9.320820984476196e-06 0.0 0.0011789574298223845 1.5180949998573736e-06 1.5727023026187868e-07 1.2345995874664186e-06 3.0806865853720903e-07 0.0002565664016981719 0.0003045819860286591 0.000616092330339134 0.0003971585911715441 1.9223150884905514e-07 2.8067698818574814e-06 0.00015087868854567126 0.0001190800031615348 2.1137894543302057e-05 2.7662346360948335e-05 6.337190683236573e-08 0.0 2.5193130682479542e-06 1.1126842468090229e-05 1.9388288675572682e-06 4.194197603399813e-05 5.718389706240849e-06 1.3068152364973468e-05 5.853595739977463e-06 5.4667323810251655e-06 9.157487827499587e-07 4.2421415546614796e-06 9.949146071880192e-07
0.00016208135574148473 1.4690925219751182e-05 0.004346299335021187 2.235406297305067e-06 9.511495277896299e-07 8.02699532228517e-05 5.743203766538768e-05 0.00044166661560891374 3.2870281558509376e-06 5.969836656186677e-05 0.0002512501342850424 1.0499043350870592e-06 4.785532427477033e-06 0.0002863258086648047 1.6252672439485324e-07 1.9430526507375684e-06 0.0 0.0001827604736372165 0.0018096806750944345 1.7326010158082218e-06 0.00027631402808213893 2.381789884825701e-06 0.004495197877763456 9.05441064035604e-06 2.80765461357533e-06 0.0016110319514325352 0.0032787371119230788 2.9602172068359092e-05 0.0003749187118172003 0.0005156965517971295 1.502009739920096e-06 3.819933740598397e-06 2.183345786989888e-05 0.0020203167081147993 4.387799859285942e-06 0.0003268468890024914 0.0006914030959120628 0.001197416681760812 0.00024097214055832702 5.695533811711767e-06 2.17127981026229e-06 7.350404686040801e-07 9.136671639280427e-07 0.0 1.5348340636460187e-05 6.010288082653383e-05 0.0 0.0 0.0 3.189916137747817e-07 1.0157689172948543e-07 4.278070783490611e-07 0.0 8.429624981870574e-07 4.593368715207599e-08 4.726218170026696e-06 5.527646285310802e-07 0.0 1.2828348473652301e-06 3.812666211764024e-05 8.510603422211668e-06 5.4529057644244696e-05 0.0 2.0238030740747176e-07 2.8130867130132232e-06 4.4810566304988564e-06 2.7602645045375085e-06 2.611706453169784e-06 0.0002804506448485833 0.00041607631450614604 1.3030219334628043e-06 4.701677465969107e-08 4.3569449488693667e-07 2.503660687500452e-06 0.0 9.888593257413748e-08 2.182709502898742e-06 1.0773682136309716e-06 1.0209740277461228e-05 2.9406167904427384e-05 6.024880107172284e-06 2.4797890977101208e-06 0.0 5.634747360009047e-07 1.2227987303736733e-06 0.0
8.077366060554945e-06 2.988708147459889e-06 4.1967701350275856e-05 6.769322193423056e-07 1.8119331458861862e-06 1.2701204966450231e-05 1.8492006200970549e-06 4.3527513687098126e-05 1.728225570590972e-06 1.2324983867846475e-05 0.0022154238257964844 4.3675213028962825e-06 0.0001389365202969294 5.2849150488057184e-05 7.746496860712157e-07 1.0353253715433342e-07 0.0001827604736372165 0.0 0.00120229858575089 2.8325697875136264e-06 5.06334460230248e-06 1.6020841595747937e-06 3.668281775927177e-05 2.188780738661997e-06 1.6390588506798904e-05 0.0010158249011737906 0.0003484773818316978 1.8560020109722816e-06 6.996465054462046e-05 1.1715310495215555e-05 0.00011100795658349609 1.686571066677967e-05 1.1094777196163644e-06 0.0006696662147769399 1.731522386074815e-06 0.0003065472480922128 0.0005469913412377515 0.0006373637320291079 0.00027881740001167124 7.24554092879515e-06 8.168266788591907e-06 9.148938935223653e-06 6.781566684970334e-07 0.0 8.516460873501783e-07 7.071360824495245e-07 0.0 0.0 0.0 4.3717832382892503e-07 5.196789946635174e-08 3.1671625867061147e-07 0.0 4.396696751091731e-06 3.710791419754398e-08 2.2241805948423816e-05 0.0 0.0 9.770436970068089e-08 3.571738246009467e-07 7.937449807138321e-06 1.957003145615148e-06 0.0 6.210418054088073e-08 5.025258299325943e-08 1.1407733297018828e-07 6.9355082180707e-07 5.973526949257849e-06 2.4170291576926646e-05 4.9678150374366064e-05 7.432934125186951e-07 0.0 0.0 1.397236178642868e-05 0.0 0.0 1.8485306702077224e-07 8.147674065258054e-07 3.38759163006321e-06 3.7422164602863703e-06 1.128762846029706e-06 6.952314262696611e-07 4.2960926582338953e-07 0.0 2.3463388407282976e-07 0.0
2.6607321505634708e-05 7.982142993105184e-06 0.00016962246840527574 1.4511472673740576e-06 2.4661235196347104e-06 1.8279797764975474e-05 4.7619303089582775e-06 7.881415699565622e-05 2.103463927094292e-06 2.497079823692443e-05 0.0009538776215384319 6.179841988735851e-06 8.627077379939484e-06 8.432615088337229e-05 1.1846650193222271e-06 1.0814515853473233e-06 0.0018096806750944345 0.00120229858575089 0.0 4.553447504087548e-06 3.079635679085704e-05 1.0547426744998643e-06 0.00017727204911365552 3.6840744828916974e-06 1.1016452924020547e-05 0.0023175469488770114 0.0008561424784813536 4.197175005715392e-06 0.00014036298890173702 6.690354085254322e-05 5.6583275805122425e-06 1.6949271388234297e-05 4.845005490185266e-06 0.0029708207426987028 3.2381709572681543e-06 0.0005295161147973379 0.0003921483614711959 0.0010596636541930409 0.00035416652940508005 7.5431493510792635e-06 3.6256263275041883e-06 1.413292121723131e-06 1.0560930195544516e-06 4.0949922542879676e-08 8.194859595143324e-06 4.446589528023902e-06 0.0 0.0 0.0 1.7880383372583126e-07 0.0 2.9230302741260125e-07 0.0 2.679286124846406e-06 0.0 1.3199884252766073e-05 7.014299966852985e-08 0.0 0.0 4.05109441206316e-06 1.1842958522722455e-05 9.535117896111411e-06 0.0 5.959133692611693e-08 2.9022796215896536e-07 1.983932781990067e-07 9.77145245305438e-07 4.906478135866102e-06 9.450959973081747e-05 0.0001679695409924626 1.1864642450554148e-06 2.1602280142309364e-07 2.4671682426546954e-07 7.860084023838857e-06 0.0 0.0 6.903699151915273e-07 1.1763427827949203e-06 8.227243117780046e-06 5.639047302728598e-06 2.3238506131728e-06 8.510456221318369e-07 0.0 0.0 1.7287919909486941e-07 0.0
4.119898994508318e-06 0.0 5.6542665751641395e-06 0.0026834993913488992 1.5964671821225166e-06 0.00031412897123740425 3.7926047139360865e-05 0.00018994631295729674 0.0002371922991157294 0.0022382069099292604 5.252108538992465e-06 0.0029589155034972317 2.2809053531565676e-06 0.00011841787739036803 5.1184511528629916e-05 5.976088734044475e-08 1.7326010158082218e-06 2.8325697875136264e-06 4.553447504087548e-06 0.0 5.487261179270375e-06 3.555179821811791e-07 3.9814838754972735e-06 0.00036034594508167213 5.443145485653707e-08 2.8743853134416412e-06 5.277381574822751e-06 0.001827851417591517 0.00012963110564293332 1.9109081867722734e-06 2.2884424284011172e-07 4.978170931448236e-06 4.422518281838479e-06 4.06621513433121e-05 6.137605147549342e-06 0.0002526581744276873 9.783406222247742e-06 0.0001127888771357326 2.9570819080014324e-05 0.00013450990563732134 1.5255187960845446e-05 2.293420427891893e-06 2.668021063236267e-06 9.142559439151265e-07 0.0 4.317458773383154e-08 3.9638893840439086e-05 0.0 7.559373041247506e-06 2.2962795630654237e-05 6.520027892870971e-06 2.5640069762866364e-05 3.332240573788352e-05 6.725175942320151e-07 2.9130468751640497e-05 1.2391627208142193e-06 7.017028694104399e-06 4.94530236726156e-06 3.232776339523603e-07 0.0 0.0 4.894483107832849e-08 2.8965784457789994e-05 4.4927298968614877e-07 0.0 4.743094703417866e-07 7.585720388868914e-05 0.0 3.871872736975438e-08 5.133532311121401e-07 9.659499397076032e-05 5.247318490448862e-06 4.1140185400250635e-06 0.0 6.235713142928332e-08 0.0 8.523782735629006e-06 4.813498457606748e-07 1.8992461066262667e-05 1.1674998189378864e-06 9.192867398954134e-06 1.4491653571344305e-06 5.008449800060187e-05 2.143798606038122e-07 8.980131894336018e-08 2.0064751025970671e-07
2.3446341002655487e-05 2.3440384135924697e-06 0.0004165688618056261 7.780076114733704e-06 1.118368684570428e-07 9.739032616573556e-05 0.001425952406310322 0.00011093606606557963 5.38293704014137e-05 0.00031451302499908336 9.218995724301943e-06 2.7692788450474347e-07 6.746243710064069e-06 4.9388879047856616e-05 4.234631037373323e-07 0.0016230911958529646 0.00027631402808213893 5.06334460230248e-06 3.079635679085704e-05 5.487261179270375e-06 0.0 8.933418519225766e-05 0.007346760409491189 0.0006012965886084789 4.6791263848081095e-07 1.1592552558409495e-05 0.0002313608216046787 0.002937177653357231 5.335651595126905e-05 0.004905268649623047 5.557030665980251e-08 1.133521653089972e-06 7.342511908717771e-06 0.0018693972007954483 4.949035915231163e-05 0.0031689272399439937 0.000358657921073407 0.0034486635084390828 0.0019531864895583305 5.3519467751221694e-05 1.5195887248559376e-05 5.9415384770648475e-06 1.1549668858132328e-05 3.3336389024188608e-06 2.2523112081523088e-07 2.66462148645401e-06 5.639743975677072e-07 0.0 1.1892858746125522e-07 5.2230640711876405e-06 3.6086786179812154e-06 1.3875258822021171e-05 6.848743691260146e-07 1.3840667518476614e-07 0.0 1.461336098294808e-06 7.854565009596956e-06 1.0183138582316948e-07 6.590764566306828e-05 4.561696549555636e-07 9.350486336329073e-08 4.933511780233661e-07 2.802862327721011e-07 6.901219278982432e-05 3.987497661906011e-05 2.314961487261188e-05 0.00020249114191355684 0.0 2.0663818801171533e-06 1.4178064665348751e-05 6.834748400974414e-05 1.6657830193799167e-05 2.01408423474604e-05 1.2182117750578822e-07 0.0 1.229573310584218e-06 2.9943323153053324e-06 8.931508851883865e-06 4.355755495432312e-05 2.1948415763215432e-06 6.7383661457800005e-06 2.6910025133513775e-06 2.3693635578718336e-06 6.960323498107294e-08 1.220750206229212e-06 1.413588403659392e-07
2.1915375872917522e-06 0.0012529843400242739 3.7697464641657593e-06 2.0771954969019253e-06 7.070616244794169e-07 7.254361351072856e-07 7.915818739141679e-06 4.273455588865947e-06 0.0017397647951199954 1.7390116691278538e-06 1.62917886230817e-05 2.001810781481129e-06 9.622012208844744e-05 4.36203353687661e-06 2.51313813245923e-05 0.0012806553800961944 2.381789884825701e-06 1.6020841595747937e-06 1.0547426744998643e-06 3.555179821811791e-07 8.933418519225766e-05 0.0 0.0002832140684628041 0.002396424280869202 0.0002119177197701728 4.750099071948985e-05 0.002329255833320549 8.230364896721089e-05 9.852334928265293e-06 2.55582844586547e-05 1.0044793837510068e-05 1.6543339871466228e-07 1.2946995823744066e-06 4.523304290969556e-06 3.4518640140245167e-07 3.179905310165171e-05 9.670990867454563e-06 1.3658327409631693e-05 1.0441118783470633e-05 1.594156930362323e-05 9.36001242797032e-08 1.4048306328205592e-06 0.0 1.1900149211774986e-06 4.271179543699677e-05 2.216819359079098e-05 5.573920407591296e-07 0.0 1.0663393163399944e-07 3.2638610156854774e-06 1.2360480439869124e-06 5.841245073885156e-06 6.405410532396705e-07 8.598017217265225e-07 0.0 2.6594978023196677e-06 2.7107985822295177e-06 0.0 0.0005997346956535595 1.7844906093995939e-06 7.393810131219741e-07 5.833734448774801e-07 0.0 7.492375463233603e-05 7.564761343306513e-05 0.00020952831954154614 9.69516034236254e-05 5.164009880891112e-06 7.250925842541428e-06 0.00048096523523546395 2.24075132559676e-05 1.7173749404655522e-06 3.820417673601326e-06 1.2102231202102114e-06 0.0 4.209480834618441e-07 1.2098317694158368e-06 1.7359937391416957e-07 1.1750376179389743e-05 5.136810308261362e-06 4.1625064037595615e-06 3.159266756666956e-06 1.1160065393316738e-06 1.443077405560256e-07 7.902682814052745e-08 0.0
8.853765966157218e-05 5.8882526937659205e-06 0.005163588003397107 5.750332256283672e-06 5.08719137276944e-08 0.00014994313012866225 0.0006384385607501926 0.00042044427910992193 5.024976037982472e-05 0.00024961695054962504 3.22862459976995e-05 4.705951066376668e-07 1.6927280938726495e-05 0.0002015533756785761 4.3974362294548246e-08 0.0024881339919648558 0.004495197877763456 3.668281775927177e-05 0.00017727204911365552 3.9814838754972735e-06 0.007346760409491189 0.0002832140684628041 0.0 0.00033447847530720357 1.4856535497420534e-06 0.0006563383237789359 0.009811401496959901 0.0013065369054517553 0.0001490343541168099 0.0016618451204398722 3.096497262591475e-07 2.0107693745426245e-06 1.0426731595192841e-05 0.0016726617866791472 7.044261466538252e-05 0.0055395589888210086 0.003321850282260001 0.0047299788169303785 0.004163023189571158 0.00012163519462718206 2.135315264270543e-05 1.4890058522163181e-05 2.5401717451540136e-05 7.01898504374301e-07 6.208490179619401e-06 0.0002885170314752829 1.9839551550972043e-07 0.0 3.989595174731493e-07 1.0427311547237048e-05 3.053118402324483e-06 5.3728347415927504e-06 1.138810247914467e-06 1.0529367806373052e-07 2.6420805540578754e-07 2.58880718715952e-06 4.9916643882236624e-06 0.0 0.0011446022211022066 1.1007092639341517e-05 3.7941489671145644e-07 4.24574501312141e-06 3.75073866993649e-07 0.00015703208102019414 0.0001818568908379722 0.00120512079708968 0.00016819026169150955 6.621730579417e-07 1.6883158873491512e-05 0.0012293991098622915 3.86256609215771e-05 5.640226126244204e-06 1.2383505797206993e-05 6.821506387598213e-07 0.0 4.5225652438952747e-07 6.51880290797467e-06 1.8814806354404943e-05 9.798275551995167e-05 2.571676314669082e-05 3.1072235444025926e-05 2.583104065495045e-05 3.1800305365565386e-06 7.979758168139904e-08 3.1314364342575777e-06 3.2046122703318405e-07
