0.0 0.0 3.7193254710647743e-05 1.455632277063997e-06 2.6130709124668737e-07 8.311050955459338e-06 0.0013092690348184455 0.0002955439650670053 6.090231503787125e-07 2.7255694431790052e-05 1.1634120128785014e-05 4.881009651651849e-06 3.926390298347418e-07 0.003543351166693726 5.7387998046646525e-08 9.117900061477867e-07 6.989702324488277e-05 5.489409715933025e-06 6.171949251910868e-05 1.1895647765373264e-05 6.79431051493202e-06 2.5951225107430674e-07 8.055403388762175e-05 1.7227476897322e-05 0.0 7.367206891473641e-06 1.2722633092570617e-05 2.5690919456758638e-05 0.0027137601491253223 0.002167772781424362 9.762165270712388e-08 3.349271457464731e-06 2.7132229496500024e-05 0.00015964646118326627 6.516203911135189e-07 1.74177780202204e-05 2.219015728255752e-06 6.226912070142657e-05 1.8538827605856148e-05 1.5609680820233193e-06 4.367194527060154e-07 2.1272475799014426e-07 5.018486269325581e-07 0.0 0.0 1.274173240646224e-07 0.0 0.0 0.0 1.1121929951835393e-07 0.0 3.487484059121741e-07 0.0 5.982345303470501e-08 1.202824224720736e-07 1.075351114351021e-07 7.000969245042755e-08 0.0 1.197796881556925e-06 0.0 0.0 0.0 2.806405072692192e-07 1.8398512076439101e-07 1.3492782044283542e-06 0.0 3.44769418857206e-06 0.0 1.9984774925084922e-07 6.613888841852155e-07 2.490708271221172e-06 7.232512814557743e-08 1.3589911879436764e-07 0.0 0.0 0.0 0.0 0.0 2.959439045526344e-07 0.0 4.938570360388291e-08 0.0 0.0 0.0 0.0 0.0
0.0 0.0 1.5407392946346892e-05 0.0 1.515367622661564e-07 1.6570734908667681e-07 1.2752972029458602e-06 1.4783784413490675e-07 0.00039106585880641114 0.0 1.586444299917684e-05 1.8597995125448913e-06 0.00019419866755696706 2.6007733687700384e-07 5.6072985699202885e-06 6.490698486116543e-05 9.436100144760237e-06 4.400994035168835e-06 4.652372442610149e-06 1.0325972572286642e-07 5.805378842041081e-07 0.0014880419680285701 1.1494721311958145e-06 0.00036060323322205444 0.000959122176477137 0.00012901786254376792 0.002590630504816346 2.3768285126005305e-05 4.998411618889854e-07 2.71892038643526e-06 8.10092667966713e-05 5.8093707279250596e-08 4.856849582060972e-08 8.995024998541268e-06 0.0 1.3821276201535181e-05 4.5827457501174376e-05 2.0955748385315086e-05 4.290701836062281e-06 9.401949844008097e-06 0.0 1.3824072661584198e-05 0.0 0.0 9.799260635051216e-05 4.201243428226321e-05 5.684003558368332e-08 0.0 0.0 1.2268900594239728e-07 0.0 1.813629391281908e-06 0.0 6.569333545464728e-06 5.54661871212886e-07 2.1704683401768512e-05 1.1599873429827791e-07 0.0 4.673974574466676e-07 3.793662018252519e-06 1.570975873085671e-06 2.4021985388932467e-06 0.0 0.0 1.861681953821191e-05 2.450610909457835e-06 2.0699250036927417e-06 1.8985139110683163e-05 8.556875940691575e-05 0.00105464233859981 1.0815865124462514e-06 0.0 0.0 2.1703133912977776e-06 0.0 0.0 7.824434589695893e-07 0.0 5.06885225197181e-06 9.198770940592287e-06 3.9453035240618874e-06 5.328574867153129e-07 1.1998676908741183e-07 0.0 7.975386203826183e-07 0.0
3.7193254710647743e-05 1.5407392946346892e-05 0.0 5.096308359823334e-07 8.798189456403923e-08 9.492666877341694e-06 0.00031852840733660466 0.0002086887226169476 2.6491679962336777e-06 2.0233325054170308e-05 3.000374702155956e-05 7.880183085456585e-07 6.741028957249532e-07 0.00034046112013316916 4.0073463926799724e-08 1.1535101128920775e-05 0.0029395621313991617 5.904461013503338e-05 0.0004910324971232823 3.5812949170536257e-06 0.00018396157701809445 6.558478154932354e-06 0.005344671491966732 4.1812562997677665e-05 8.8084256509123e-08 0.003038242959834915 0.0034463037673478645 0.0002378040788768461 7.268905116706999e-05 0.0005074992976980935 1.0356793960148651e-06 8.796382482164483e-07 2.261141003284889e-06 0.0004077180744899011 9.576644069827566e-06 0.001030059604469878 0.0011544658009709757 0.001270237448983419 0.0002763327686144273 4.8856338374167656e-05 9.585736325456265e-07 1.8174668046064394e-06 1.840516800005915e-06 6.244218973403818e-08 4.0528258150151506e-05 0.0001978070364971342 0.0 0.0 0.0 1.7724745882560166e-07 0.0 2.0873797831491753e-07 0.0 1.9207496914685497e-07 0.0 8.00866348320487e-07 3.609104167963779e-07 0.0 8.181916775892963e-06 3.907202068210782e-05 7.883936850506434e-07 9.474595018404273e-06 0.0 2.813531430155286e-07 2.2909541632124727e-05 3.02667738995057e-05 4.3152867344256615e-06 8.238342623887269e-07 0.0002386686422832421 0.0012692213623754437 2.578518827145401e-06 0.0 7.461091002062854e-07 8.407899703565392e-08 0.0 0.0 3.746434175080393e-06 7.173900476281837e-07 2.4173587689972642e-05 2.187065151441195e-05 1.9991637537121256e-05 1.9192517247139147e-06 8.851011821698358e-08 0.0 0.0 1.0988479380971987e-07
1.455632277063997e-06 0.0 5.096308359823334e-07 0.0 7.603985993248398e-08 5.55252460111625e-05 4.937504309901865e-05 2.991133520246006e-05 0.0001074138094898398 0.000988211062221022 3.5575159460398315e-07 0.002981197708465553 4.62032851143662e-07 2.6400156530011417e-05 4.7409694462822514e-05 0.0 8.974197353820736e-08 4.6078549789419273e-07 4.3245668049876013e-07 0.0019719329392590967 4.358568347456649e-07 6.532170947948102e-08 4.296485853099494e-07 0.0005945063721584236 0.0 7.124892604840586e-07 7.009380691027791e-07 0.002032218013459788 2.754224825621614e-05 8.485980651561832e-07 0.0 1.5665340561510449e-06 6.380599923411e-07 1.54185025831986e-05 1.8432903951537549e-06 5.6753013212007765e-05 1.5463953754167046e-06 3.8937229057115394e-05 1.7208403890150127e-05 0.00011605430722231272 1.555596038585733e-06 0.0 1.1896904360470792e-06 0.0 0.0 0.0 9.614996008605219e-06 0.0 4.80722719203885e-06 3.3099823890576305e-06 9.387270854199909e-07 1.2448600062304204e-05 7.4956628963559895e-06 0.0 2.8879827095660518e-05 0.0 1.9264976843979044e-07 3.082706846077686e-06 0.0 0.0 0.0 0.0 7.439640953371905e-06 0.0 0.0 0.0 5.169370112761899e-05 0.0 5.116466775469824e-08 4.0300963067152874e-08 2.5159916829606833e-05 0.0 0.0 0.0 0.0 6.786084389243893e-08 0.0 0.0 4.198181550954409e-07 0.0 6.642904775643739e-07 1.0229210306206241e-07 1.3686301743086445e-05 0.0 1.2965448274895125e-06 0.0
2.6130709124668737e-07 1.515367622661564e-07 8.798189456403923e-08 7.603985993248398e-08 0.0 0.0002826189962503051 3.161837985299825e-06 1.2805688423381003e-05 2.2608843675716905e-06 1.3294999323809746e-06 5.98530506475288e-06 1.621444486629964e-05 4.5820457442471596e-07 3.4107695832598755e-06 0.0009345329107266365 0.0 4.3530316580208015e-08 9.387196093067176e-07 4.15444663911372e-07 1.6666616801993176e-06 0.0 0.0 0.0 3.630452478368725e-06 4.939699962904771e-08 7.117817777209333e-07 2.8995199075966265e-07 0.0 9.265178658818254e-06 1.5783402734255122e-07 5.825764386530346e-08 0.00015955033794556883 0.0 5.6137539664860205e-05 0.0 1.4187466796786026e-05 1.0931500873582236e-06 4.246068149236041e-05 3.915010076477728e-05 0.0011117515939142912 2.4447148407623025e-05 1.0034182599737445e-06 2.3103890068608227e-06 0.0 0.0 0.0 0.0 0.0 6.297933950762693e-08 0.0 0.0 0.0 4.761576613873931e-07 0.0 0.0 1.0063986643718148e-07 0.0 0.0 0.0 0.0 0.0 0.0 9.154121830287104e-08 0.0 0.0 0.0 5.661977712529916e-07 0.0 1.471613416367954e-07 0.0 2.3579921251933325e-07 0.0 0.0 0.0 0.0 0.0 0.0 0.0 1.2040151017422506e-07 0.0 0.0 0.0 0.0 0.0 0.0 0.0
8.311050955459338e-06 1.6570734908667681e-07 9.492666877341694e-06 5.55252460111625e-05 0.0002826189962503051 0.0 0.0017639871094895809 0.00611441394737373 5.864934323579159e-05 0.0032749445933560484 4.41994868743798e-05 0.0020123557284530747 7.471042928862723e-06 0.0012039140566728126 0.000684968772063592 6.772965720405159e-08 4.786238374321584e-06 1.552132236031404e-05 2.200251804187348e-05 0.0002626408312578807 4.9568671380766005e-06 6.8953556974081e-08 7.294016483123002e-06 0.00015573370020191798 6.815932479147429e-07 2.4502006057054062e-05 1.318076921651296e-05 0.0004511369228877396 0.0005549703887121354 1.0131790641085053e-05 1.819309795157999e-06 0.0002972620876803095 2.8239510739833157e-06 0.0002262998782352486 2.3968941024391227e-05 0.00028680204914155797 1.8388620270374957e-05 0.0003288513016640765 0.00014178618749293906 0.00159036650466841 5.832103487047905e-05 3.289153894601598e-06 5.910929318252965e-06 0.0 5.007286677446696e-08 0.0 7.303474491417437e-06 0.0 5.005116055390926e-06 5.062111339210044e-06 1.2488807854602033e-07 7.790451324335882e-06 4.375471356231836e-06 2.55276206556684e-07 1.2135602363801276e-05 1.7699408952685696e-07 4.342397958803555e-07 7.37415935719255e-07 2.0298615767793299e-07 0.0 0.0 0.0 5.927045670744274e-06 0.0 2.9287582538091586e-07 0.0 3.839314775326364e-05 1.0096342466799749e-07 3.8125769590294704e-07 9.637416459137763e-07 2.572045923689597e-05 4.3206962597742154e-07 0.0 8.974659641116994e-08 4.439603724450298e-08 0.0 0.0 1.5983590284158061e-07 1.9241798865939728e-06 0.0 6.444754213246272e-08 6.139625576116344e-07 2.840578176759173e-05 0.0 0.0 0.0
0.0013092690348184455 1.2752972029458602e-06 0.00031852840733660466 4.937504309901865e-05 3.161837985299825e-06 0.0017639871094895809 0.0 0.002593708807417051 0.0002935907563368767 0.005998194251952069 2.27675185124412e-05 3.197006365461195e-05 3.4906293433902297e-06 0.005142885190445877 1.0320430028251143e-05 5.503925591605578e-06 6.662052643344014e-05 8.122256374627983e-06 3.9237703724081684e-05 7.977411452898333e-05 0.0003647515602531777 8.813277874503104e-06 0.0004373326165161526 0.0014523754823641336 4.1688033881709104e-07 2.8439542573756357e-05 0.00010870278974191275 0.007935385281476212 0.0011625221063680065 0.00566683639612184 4.1456109100578827e-07 2.2055098407953852e-05 0.00013947596498746232 0.0003618284862114629 5.464352407117092e-05 0.0013608181968063327 6.520091537201531e-05 0.000924448663745786 0.00041801359787016945 6.0607629166729916e-05 1.3519031208096388e-05 1.6087289588190774e-06 1.5400472871921678e-05 1.1940639077418018e-06 0.0 3.801849009333105e-07 3.599227120402078e-05 1.1725989769859561e-07 7.732439503494404e-06 0.00010687070801287756 8.558030403038731e-06 8.391934046208419e-05 4.282799712962068e-05 3.684645225360621e-07 1.1240596497007201e-05 1.308059834950293e-07 6.180022489133623e-06 2.5977253129527963e-07 6.046017727012148e-06 0.0 0.0 0.0 2.8587841313648186e-05 8.887980305324992e-07 3.6841859316279717e-06 6.57638136086189e-07 0.000697657168521504 4.556528109153005e-08 1.0551621238179225e-06 7.243627456273605e-06 0.0005372691577472307 5.095000570110725e-06 1.2238044367222121e-05 0.0 6.575346866355772e-08 4.035857123634563e-07 2.037727827788587e-06 2.5097353497993536e-06 3.767106723192604e-05 2.5461448867674036e-07 7.4556885669385115e-06 4.3064441412220276e-06 3.386723384852696e-05 0.0 2.053207942771414e-07 0.0
0.0002955439650670053 1.4783784413490675e-07 0.0002086887226169476 2.991133520246006e-05 1.2805688423381003e-05 0.00611441394737373 0.002593708807417051 0.0 1.674473876337015e-05 0.0013253571111759587 4.085674410238832e-05 0.0007177350606513977 6.762263114654831e-06 0.0044380585426511444 0.000117021758602945 8.137663622842546e-07 0.00011382211396349433 1.4814811180084889e-05 8.679291713793391e-05 0.00028310268579178157 6.11907084305197e-05 1.7357265408306038e-06 0.00023674602519276454 0.00015139306248190126 1.2918037321517967e-07 3.230482844279922e-05 4.1294021963846955e-05 0.00024579443329238084 0.0003666027803956312 0.000555076347084776 1.206784272808461e-06 0.0002047462725904559 1.4914360138153902e-05 0.00020157963220802824 1.2723780543430517e-05 0.0002551415157422847 1.84538335216418e-05 0.00025112015558575887 0.00011222566460647981 0.0004465549013180777 1.8675321535604318e-05 4.35932022695084e-06 5.428522090015522e-06 6.344161121240415e-08 0.0 2.3363071480231906e-07 1.215027120355787e-06 0.0 2.2840107222303024e-07 9.160430321227016e-06 4.1876785083153274e-07 5.183725273827147e-06 2.0246738557841153e-06 1.193225799583465e-07 2.303805595302933e-06 1.0763618318545522e-07 8.816682663316578e-07 2.2640554635305312e-07 3.0968134064974616e-07 0.0 0.0 0.0 7.93626461516831e-07 1.7381353733715004e-07 1.8278502138416706e-07 0.0 5.829716136054377e-05 1.329288956308487e-07 8.091939121586788e-07 2.4266867155283865e-06 4.1143438273495596e-05 3.8718035625247397e-07 1.1173839202272998e-06 0.0 0.0 0.0 0.0 5.900134173188133e-07 4.637845641210009e-06 1.8665868879084397e-07 5.666622062752177e-07 2.8672261775726115e-07 2.022311349419576e-06 0.0 0.0 0.0
6.090231503787125e-07 0.00039106585880641114 2.6491679962336777e-06 0.0001074138094898398 2.2608843675716905e-06 5.864934323579159e-05 0.0002935907563368767 1.674473876337015e-05 0.0 9.505407059175755e-05 1.564550722816166e-06 0.0002810243181513539 1.4821353500304862e-05 1.1584381013169523e-05 0.00019877625752600972 2.029687907603479e-05 6.7717371470898686e-06 1.3729781383468184e-06 1.350947057669963e-06 0.00026100935767053705 3.311251398868803e-06 0.002177166206764687 5.198335162208795e-06 0.006600247216886448 8.699495273392486e-05 1.8228982297437393e-05 0.00041585872940389066 0.0006902097083020387 1.687425259540411e-05 0.00011750389335842641 7.775207408537633e-06 1.1018275083512437e-07 2.3853882448366824e-06 1.2033119315816936e-05 2.1862945461932112e-06 0.0002197228507051073 2.8386448721866775e-05 3.789279331215252e-05 1.6403701071789474e-05 0.00024088736991608164 1.3622805452563824e-06 1.1912600807198494e-06 1.776768177017776e-06 2.9454387722060135e-06 1.9866863404987812e-06 1.785537042024035e-06 5.643339704840851e-05 1.492137880918248e-07 4.8961102646248497e-05 4.711411943312891e-05 8.235050421129992e-06 7.019472359949327e-05 5.028319113100746e-05 1.0354974356812756e-06 0.00015797145220431663 1.0343066794937084e-06 6.080123627135348e-06 1.5902202539781768e-05 0.00012951107207745608 7.78942170606423e-07 1.4235827017757554e-07 3.4533512753941356e-07 7.25103017929482e-05 8.738288365608956e-06 4.2725852475157625e-05 7.326335931288503e-07 0.0014088488971635122 8.508225947440546e-07 6.01854146327859e-06 2.236244983622196e-05 0.0004753495607301199 1.2832783962732925e-05 4.560292734836018e-05 6.345054824708249e-07 2.141179967930444e-07 5.116309925210116e-07 2.3756469588925394e-06 1.1755796620306147e-06 4.209424037325539e-05 1.553809543751475e-06 1.1190385439073255e-05 4.48169587148845e-06 7.906873952307826e-05 0.0 5.483115171569382e-08 0.0
2.7255694431790052e-05 0.0 2.0233325054170308e-05 0.000988211062221022 1.3294999323809746e-06 0.0032749445933560484 0.005998194251952069 0.0013253571111759587 9.505407059175755e-05 0.0 1.7107427703858116e-05 0.0013556321863754592 3.0633234905539767e-06 0.000758006997829601 8.410862813117484e-06 4.868094856967783e-07 5.0706784777876095e-06 6.792244768947018e-06 1.2007506514244385e-05 0.001374714558427734 1.0739482384561203e-05 6.211752061047829e-08 1.5599745903734843e-05 0.0005463379096880327 3.0609277509559817e-07 1.0156184072211674e-05 8.861391890459622e-06 0.0029920526919395437 0.0003615788364115992 1.5119452517291413e-05 4.6469118239911114e-07 1.5763122498500114e-05 6.939031821584355e-06 0.0001794264914191532 1.236238953494376e-05 0.00032044987457903267 1.7560977454485825e-05 0.00039259573397889646 0.00014620460605230305 4.9588954559412315e-05 8.821325508961296e-06 5.385450275900501e-07 7.6657528381515e-06 0.0 1.1030804784303411e-07 0.0 2.7645440977566136e-05 0.0 7.74211636155727e-06 1.403808500663049e-05 2.840831089227638e-06 2.0745051068948558e-05 1.5952370970617302e-05 5.7269580778010695e-08 2.19867779740907e-05 0.0 6.051283487248156e-07 1.7727333911845332e-06 1.059841804327309e-07 0.0 0.0 0.0 1.6910733751822257e-05 0.0 1.7689113900351235e-07 0.0 0.00012048367221863964 0.0 2.505222599439624e-07 4.1029300210483916e-07 7.15306120616619e-05 0.0 3.516247138133326e-07 4.3095119475428964e-08 0.0 0.0 8.014172030024535e-08 0.0 2.1036559287914935e-06 2.0481612934610737e-07 0.0 4.646444547422182e-08 2.486415186843697e-05 0.0 0.0 0.0
1.1634120128785014e-05 1.586444299917684e-05 3.000374702155956e-05 3.5575159460398315e-07 5.98530506475288e-06 4.41994868743798e-05 2.27675185124412e-05 4.085674410238832e-05 1.564550722816166e-06 1.7107427703858116e-05 0.0 2.1710870704054735e-05 0.0010313442926221754 6.131587897206072e-05 8.394084836295094e-07 6.417352971802693e-08 0.0001722640031050513 0.0014261410524620708 0.0009649344433102414 1.1272397583129034e-05 2.266141868222702e-06 4.404903796845018e-06 5.869523639005519e-05 6.125053762121796e-06 0.0008721298171320675 0.001607472113626464 0.0003138048019916969 8.25377118954891e-06 0.00014854748992314045 1.7758304732321816e-05 0.00020243892193371778 9.348277399419202e-05 1.894281790925482e-06 0.0035859406411344824 2.2751914071019913e-06 0.00035686497655453865 0.0021361182208393227 0.0019461203307090057 0.0008565745984756525 1.8129872180980933e-05 5.88003919146626e-06 0.0005667962761083692 7.848183005312427e-06 0.0 2.073727846814655e-06 7.664385816417355e-08 0.0 0.0 0.0 1.541614315225292e-07 4.4016056966115235e-07 3.885674403197857e-07 0.0 0.00012893561601693464 0.0 0.0004723230940960122 1.6506125386679543e-07 0.0 6.001862675535693e-07 5.1430366013966166e-08 6.36699708074002e-06 2.6209405078479705e-06 0.0 0.0 6.009529823382282e-08 0.0 3.0038103157094606e-06 1.2668768269423132e-05 8.219137646945072e-05 9.600434304904e-05 3.2678269055415966e-06 1.7161429712514815e-07 0.0 5.640835802488717e-05 0.0 0.0 2.357387951557525e-06 8.950495424193207e-07 8.646350620962406e-06 0.00021975472211268877 1.54795176772372e-05 2.585020106699755e-06 1.529105429056257e-07 0.0 9.799468159170676e-05 1.4652806261109683e-07
4.881009651651849e-06 1.8597995125448913e-06 7.880183085456585e-07 0.002981197708465553 1.621444486629964e-05 0.0020123557284530747 3.197006365461195e-05 0.0007177350606513977 0.0002810243181513539 0.0013556321863754592 2.1710870704054735e-05 0.0 5.024399469546372e-06 0.00038186936664984917 0.0011274381851406835 3.5083943347730745e-07 1.932970688808523e-06 7.414544958593188e-06 1.2646500650447068e-05 0.0028924166165077794 2.2827649632093676e-07 1.1648000187918975e-05 1.7776640788838828e-06 0.0018174971619100877 8.052309328732579e-07 1.156815251897912e-05 7.785754516588894e-06 0.0008343475011171398 0.00024850176470149005 2.635508696824093e-06 8.775155114847466e-07 2.9091396186082323e-05 2.5534411913309754e-07 0.00012815356070778767 4.366086382314044e-06 0.00031603019381163945 1.1824110470668092e-05 0.0001932702534112036 5.263031823793129e-05 0.0016529106585465854 1.797622203686934e-05 7.885820417877166e-07 1.539608452205992e-06 0.0 0.0 1.0430309177946149e-07 9.632695281912051e-06 1.7844960848506532e-07 2.473201681676095e-05 2.5562816778134776e-06 1.9366950054559816e-06 1.8982272188851226e-05 2.26079259262935e-05 4.7403488957486766e-08 6.79507674871961e-05 0.0 8.602282039817994e-07 6.661004586201739e-06 1.8612188592762092e-07 0.0 4.703162053485142e-08 4.649924954899631e-08 2.1466490156917927e-05 9.241162030816772e-08 2.7074083920274303e-07 0.0 6.813178130508716e-05 1.0723762215401083e-07 3.6236868375242654e-07 8.3854758462951e-07 2.739816531530891e-05 2.904683765836127e-07 0.0 3.661638129910408e-08 0.0 0.0 1.2221568767608898e-07 3.021132766401809e-07 2.0607768876994365e-06 6.109424807000623e-08 4.1308716241098455e-07 3.44707250960533e-07 5.914283582105298e-05 0.0 9.336798280420427e-07 0.0
3.926390298347418e-07 0.00019419866755696706 6.741028957249532e-07 4.62032851143662e-07 4.5820457442471596e-07 7.471042928862723e-06 3.4906293433902297e-06 6.762263114654831e-06 1.4821353500304862e-05 3.0633234905539767e-06 0.0010313442926221754 5.024399469546372e-06 0.0 5.3331589017461944e-06 5.806835670683366e-07 9.074824747076234e-07 5.957038231274692e-07 4.693831901149797e-05 6.776268470796702e-06 2.174048025605213e-06 1.0474408891372476e-07 5.5987909498576465e-05 1.2380409279368948e-06 1.2678053033019678e-05 0.0029235543940837857 0.0002926255861608516 0.002013734304769745 2.6697326945906503e-06 1.2113187370285717e-05 1.4829540019743265e-06 0.0005799999309900103 1.232216561716074e-05 2.6653962214711047e-07 0.0013644416312334345 5.062913965064352e-06 0.00020206793295614452 0.0016318436130836683 0.0014190259683424405 0.0003401905445753174 2.0896291511294404e-05 4.0874625000811984e-05 0.0009808259541700002 9.394264130610148e-06 0.0 1.2709238290876566e-05 3.0758968162978993e-07 0.0 0.0 1.9728919955102248e-07 0.0 0.0 2.3835618747997202e-07 0.0 0.0003790460897942126 0.0 0.0015001235311824504 1.0379745627897747e-07 0.0 5.0290348390778175e-08 0.0 1.392896564130857e-05 4.22423990627041e-06 0.0 0.0 6.896594830051263e-07 0.0 5.355675660832835e-07 0.00010123021247527716 0.00015752764451920694 0.00022964622113777236 8.273397682464511e-07 3.2755435758173484e-07 1.2294698252262744e-07 0.00019455742579642512 0.0 0.0 4.993197337813386e-06 2.909236274462482e-06 9.514315140481109e-05 0.0006013064837201837 4.7495021736902654e-05 1.8669678375869164e-05 1.4892232526744405e-05 0.0 0.00023961263599812292 5.341249646638596e-07
0.003543351166693726 2.6007733687700384e-07 0.00034046112013316916 2.6400156530011417e-05 3.4107695832598755e-06 0.0012039140566728126 0.005142885190445877 0.0044380585426511444 1.1584381013169523e-05 0.000758006997829601 6.131587897206072e-05 0.00038186936664984917 5.3331589017461944e-06 0.0 1.6578420680533675e-05 5.619806041162777e-07 0.00024438065497135925 2.8321030809075664e-05 0.0002231889655787852 0.0002802761160902393 8.762468545476794e-05 2.034680368345344e-06 0.0004895266822427301 0.00012636739203553666 3.7761024133976183e-07 5.348746879737015e-05 6.59532584125137e-05 0.00020188830414865424 0.0021290284313187063 0.0020715832436794574 1.1921450958370655e-06 4.817938207442141e-05 1.8765320499561827e-05 0.0003964221491924119 1.0841227647746657e-05 0.00029175705056450513 2.198547281154198e-05 0.0003153279193619529 0.00010255029475790223 0.00020235767272351347 6.2946756516723865e-06 9.61218009429064e-07 5.3515038220179436e-06 0.0 1.8741512489421923e-07 3.991792958776044e-07 1.4966294190733716e-06 0.0 0.0 7.639960223971327e-06 5.425527193339479e-07 5.339299402316005e-06 8.147349789017243e-07 0.0 1.7229741664614417e-06 2.1821637636354142e-07 0.0 0.0 2.9047426977217264e-06 0.0 5.9150010363976086e-08 1.672336533509558e-07 6.464318749529719e-07 5.908224824531672e-07 6.580757030954887e-07 1.7749862972607413e-07 6.344194453089965e-05 0.0 1.3393192029957432e-06 4.71667803213928e-06 4.83659798590048e-05 3.7234522559678406e-07 2.0722065746996125e-06 5.5202817449126766e-08 0.0 0.0 5.332002185651025e-08 8.473352178763377e-07 4.9609046095417745e-06 1.7219860332125017e-07 2.342588907375602e-06 6.643114130202606e-07 1.5707289742499259e-06 0.0 0.0 1.2560153284487784e-07
5.7387998046646525e-08 5.6072985699202885e-06 4.0073463926799724e-08 4.7409694462822514e-05 0.0009345329107266365 0.000684968772063592 1.0320430028251143e-05 0.000117021758602945 0.00019877625752600972 8.410862813117484e-06 8.394084836295094e-07 0.0011274381851406835 5.806835670683366e-07 1.6578420680533675e-05 0.0 0.0 1.163082640975659e-07 2.8324795573912613e-07 3.9737447326200533e-07 0.00010824395799252564 0.0 2.026168017438762e-05 1.3668622723108378e-07 0.0004043811980072737 8.37058173697938e-07 5.280455631949651e-07 5.8799718947531905e-06 2.5828287035437215e-05 1.4103128158779959e-05 4.623339147708803e-08 6.615982153568683e-08 0.00024609800730332834 6.407841780979839e-08 7.840490630455877e-06 9.28417610969206e-07 9.452981405763578e-05 7.9953460620117e-07 6.447076937956973e-06 1.941580076391182e-06 0.0011783671586368908 3.459020447949692e-05 0.0 0.0 0.0 0.0 0.0 1.5165901659730854e-06 0.0 2.4496071535488327e-06 9.34665053480502e-07 1.3886087422666929e-06 1.6141420935945816e-06 1.359405367737314e-06 0.0 5.769697582968752e-06 0.0 0.0 0.0 6.881553342298178e-08 0.0 0.0 0.0 5.17543617416298e-06 7.740609429703294e-08 0.0 0.0 1.4608613443177804e-05 0.0 1.3667041357542684e-07 2.3509056819116352e-07 4.441579000889381e-06 0.0 0.0 0.0 0.0 0.0 2.2392538670225647e-07 0.0 1.7131448081609845e-07 0.0 1.4772865312284969e-07 0.0 1.7948011375585303e-05 0.0 0.0 0.0
9.117900061477867e-07 6.490698486116543e-05 1.1535101128920775e-05 0.0 0.0 6.772965720405159e-08 5.503925591605578e-06 8.137663622842546e-07 2.029687907603479e-05 4.868094856967783e-07 6.417352971802693e-08 3.5083943347730745e-07 9.074824747076234e-07 5.619806041162777e-07 0.0 0.0 6.765608047787691e-06 1.3192579456388527e-07 6.141968975125688e-07 3.003363978494288e-07 0.0008662322714364195 0.001381696147677216 0.0029916029987446767 0.0009260912253134195 2.56242368296083e-06 1.977088804075705e-06 0.0043950112079172154 0.0009937886030848316 1.0424037556951729e-05 0.00015375944415485 1.278463430465974e-07 0.0 2.2502091950253357e-06 3.358088672810863e-05 2.777388458332631e-05 0.0017770618615029125 0.00028538013975998197 0.0002488605354881892 0.000438715469333326 9.074354398206738e-05 1.7506405175860292e-06 5.168259869402971e-07 4.4533264928653206e-06 1.339473582006329e-06 3.968038977002185e-06 1.0991836409193211e-05 0.0 0.0 1.432977190392453e-07 7.756834599011207e-06 9.410772472325296e-07 1.2394225475812666e-05 0.0 0.0 1.5719425446663714e-07 0.0 2.091011416260965e-06 0.0 0.002323250398151507 2.5697566976572533e-07 0.0 0.0 0.0 0.00011751854537108133 0.0007404656737516353 0.0004907261865274557 0.000145340812424417 0.0 1.9720179178142e-06 0.00029244229646674066 0.00019261641283272864 1.017222230360693e-05 7.82099053374732e-05 8.351718154528023e-08 0.0 9.086169807436535e-07 1.721007558883631e-06 3.3438322225565475e-06 3.4667081558873545e-05 1.8564674813593415e-06 6.589430070742841e-06 4.588392223821045e-06 1.368132654171995e-06 0.0 0.0 2.4538520735147995e-07
6.989702324488277e-05 9.436100144760237e-06 0.0029395621313991617 8.974197353820736e-08 4.3530316580208015e-08 4.786238374321584e-06 6.662052643344014e-05 0.00011382211396349433 6.7717371470898686e-06 5.0706784777876095e-06 0.0001722640031050513 1.932970688808523e-06 5.957038231274692e-07 0.00024438065497135925 1.163082640975659e-07 6.765608047787691e-06 0.0 7.890465309513466e-05 0.0025614917029779883 1.8880969053182128e-06 0.00025315512567103393 1.108435028620399e-05 0.0015025205736822296 1.7616335602025643e-05 1.4902221561259793e-07 0.0014094783639678156 0.003467352766919449 3.749319038804615e-05 0.00021262642335283146 0.0007350899629296804 3.4970789761766624e-07 1.916030256590407e-06 1.043587425166607e-05 0.0013088579615486646 3.3614580327211187e-06 0.0001888851993460435 0.0007776656731053055 0.0005613169351188886 8.079616506015191e-05 1.2469380788372251e-05 6.734743993848579e-08 4.951402668362718e-06 4.1868972583761347e-07 5.580000220532013e-08 1.1695278594251363e-05 3.947741269048146e-05 0.0 0.0 0.0 5.617002576642666e-07 5.932172319923656e-08 1.0351558498050532e-06 0.0 0.0 0.0 0.0 3.3586206957169915e-07 0.0 2.838111113169573e-06 1.1345664514449325e-05 4.471803476846044e-07 6.8178421076721475e-06 0.0 3.5576857762042314e-07 3.855902021609289e-06 2.0277363532070294e-06 2.0730468539711363e-06 4.748696494634953e-07 0.00012113151164926934 0.0003198316513969398 2.7963561435174913e-06 0.0 8.488342916258477e-07 0.0 0.0 0.0 8.184746843370889e-07 6.189403159803731e-07 7.851852373696686e-06 2.104774773188769e-05 5.433718565625131e-06 6.855277883459186e-07 1.6192129408773942e-07 0.0 0.0 0.0
5.489409715933025e-06 4.400994035168835e-06 5.904461013503338e-05 4.6078549789419273e-07 9.387196093067176e-07 1.552132236031404e-05 8.122256374627983e-06 1.4814811180084889e-05 1.3729781383468184e-06 6.792244768947018e-06 0.0014261410524620708 7.414544958593188e-06 4.693831901149797e-05 2.8321030809075664e-05 2.8324795573912613e-07 1.3192579456388527e-07 7.890465309513466e-05 0.0 0.0012053058580506644 3.7330055554724915e-06 9.336700171050727e-07 2.3795539452857967e-06 5.546508020047344e-05 3.56736923725765e-06 8.684613805256615e-06 0.0020455765434299403 0.00036621116361709515 4.5086913408424235e-06 4.8842656264427056e-05 1.1044253302533972e-05 9.355605062730897e-05 2.200852725051244e-05 1.1183967932525404e-06 0.0006157266653884065 1.7764468600617942e-06 0.000308683485596413 0.000632905932440656 0.0005730719674527829 0.00026332182120138446 6.967032722931121e-06 2.855400431973067e-07 1.07389787564634e-05 7.729093408796504e-07 0.0 3.1110319371100894e-06 1.9633729699701263e-07 0.0 0.0 0.0 4.546492187168081e-07 0.0 0.0 0.0 5.9518016933646515e-06 0.0 3.787869205283496e-05 0.0 0.0 0.0 5.0633828631469e-08 1.495605897069266e-05 9.605062772088527e-06 0.0 0.0 1.673062628598481e-07 0.0 1.4436690614107906e-06 9.65282965160297e-06 0.00014596780394530385 0.00017781658586900353 6.750453966182672e-07 8.992508764110314e-08 0.0 2.6625773358107744e-05 0.0 0.0 8.535238025615511e-07 4.601309014214182e-07 2.396460715504836e-06 1.0233740975071035e-05 2.478442865456526e-06 0.0 8.952354084179257e-08 0.0 1.1112340413840075e-07 0.0
6.171949251910868e-05 4.652372442610149e-06 0.0004910324971232823 4.3245668049876013e-07 4.15444663911372e-07 2.200251804187348e-05 3.9237703724081684e-05 8.679291713793391e-05 1.350947057669963e-06 1.2007506514244385e-05 0.0009649344433102414 1.2646500650447068e-05 6.776268470796702e-06 0.0002231889655787852 3.9737447326200533e-07 6.141968975125688e-07 0.0025614917029779883 0.0012053058580506644 0.0 7.4422466244134235e-06 1.577895840709268e-05 1.835535884363062e-06 0.00046920276994647734 7.721509975488377e-06 6.5426566450689e-07 0.0025097010392494 0.0008281166587150954 1.6565553149463525e-05 0.0002799310483409408 0.00016537154635047128 2.97565201840129e-06 2.694611638857401e-05 1.0703578549357414e-05 0.0026570804462591035 2.019036375244503e-06 0.0005701259670248991 0.0009552497248119896 0.001376514435165637 0.00030889940809229846 1.0445346151966612e-05 6.065549727780735e-07 7.648088396204519e-06 5.42478636430469e-07 0.0 1.539508945839941e-05 3.0955792943099265e-06 0.0 0.0 4.538897656626125e-08 5.501060961720774e-08 5.523670552462118e-08 2.3737985308133382e-07 0.0 1.9101603422079367e-06 0.0 3.949496543898431e-06 6.716871483639594e-08 0.0 7.526580468040276e-07 4.298056179899388e-06 1.0437787633838905e-05 2.2883524138172362e-05 0.0 1.1657812917909095e-07 7.131470726989867e-07 1.8601054718959216e-07 2.9902714643584053e-06 3.0374461016149e-06 0.0003273892045252508 0.0003679142245672749 2.1507220298779697e-06 1.2772830387128147e-07 4.524446306281581e-08 3.971801282283617e-06 0.0 0.0 6.239066457963915e-07 1.3850227960806987e-06 5.449858839340191e-06 3.547335789638903e-05 5.980587181226711e-06 5.011367473728884e-07 6.650608485504147e-08 0.0 8.687743330439618e-08 7.726809413314938e-08
1.1895647765373264e-05 1.0325972572286642e-07 3.5812949170536257e-06 0.0019719329392590967 1.6666616801993176e-06 0.0002626408312578807 7.977411452898333e-05 0.00028310268579178157 0.00026100935767053705 0.001374714558427734 1.1272397583129034e-05 0.0028924166165077794 2.174048025605213e-06 0.0002802761160902393 0.00010824395799252564 3.003363978494288e-07 1.8880969053182128e-06 3.7330055554724915e-06 7.4422466244134235e-06 0.0 1.923324705768203e-06 0.0 3.3457928819858414e-06 0.0005854378660913175 3.472406438120458e-07 7.461451040452231e-06 4.19215139516596e-06 0.0021247213723119933 0.00020369138056948954 4.060358003425677e-06 3.377029708653263e-07 9.632213785916005e-06 1.9978240225199387e-06 0.00010865881569579195 7.4682997137080326e-06 0.0002720508115662328 1.1390396290766135e-05 0.00023470283949045693 9.310067173136136e-05 0.00028611270259508984 9.67536477744965e-06 7.18520230927186e-07 3.0885039170791072e-06 0.0 0.0 0.0 1.1309282897918907e-05 0.0 1.6868474795468395e-05 9.212276215697388e-06 1.3450443037388337e-06 2.303887144964799e-05 1.1485712462936242e-05 0.0 3.270071195767555e-05 4.966091656205604e-08 5.108009568499478e-07 1.5522330700117312e-06 8.532154421230459e-08 0.0 0.0 0.0 1.6332440272441465e-05 0.0 0.0 0.0 7.900768749672827e-05 0.0 5.0871150402400234e-08 9.710383636514911e-08 3.6123833709372304e-05 0.0 2.8422420828250953e-07 4.206663548373357e-08 0.0 0.0 1.4216068718392354e-07 3.4332242375953257e-07 1.2073708319730056e-06 0.0 8.050338332153963e-07 2.562815917750438e-07 3.879844188613974e-05 0.0 0.0 0.0
6.79431051493202e-06 5.805378842041081e-07 0.00018396157701809445 4.358568347456649e-07 0.0 4.9568671380766005e-06 0.0003647515602531777 6.11907084305197e-05 3.311251398868803e-06 1.0739482384561203e-05 2.266141868222702e-06 2.2827649632093676e-07 1.0474408891372476e-07 8.762468545476794e-05 0.0 0.0008662322714364195 0.00025315512567103393 9.336700171050727e-07 1.577895840709268e-05 1.923324705768203e-06 0.0 2.439417198294329e-05 0.007018364731008259 0.0003567328248394715 6.953819059120237e-08 3.906257897080483e-06 0.0008965727220580382 0.002073470887948603 2.3681021591208607e-05 0.006771223732861128 1.1510649642929137e-07 3.813794731348996e-07 5.417637777293112e-06 0.0016787624838206297 7.160602310173113e-05 0.002403475729790228 5.637937385093441e-05 0.002696455802944362 0.00165842256960943 0.00010288255969440311 2.8094562390091176e-06 1.265965388169268e-06 1.1057596734208826e-05 4.6836688092307757e-07 8.097037612558513e-08 1.0396140027098188e-06 0.0 0.0 0.0 1.2186499403851412e-06 4.946781066105558e-07 1.5090717842053248e-06 0.0 0.0 0.0 0.0 5.670002489882669e-07 0.0 9.631461184926212e-05 0.0 0.0 0.0 0.0 1.1885057184385962e-05 5.1933387049815604e-05 6.5385672734743034e-06 2.541896413893591e-05 0.0 0.0 5.763535788339076e-06 2.9313075901153752e-05 1.3130448277644098e-06 1.2804995245798126e-05 0.0 0.0 1.0709619966090206e-07 3.8863702897998836e-07 7.323754497198154e-06 1.6139460592243933e-05 5.577380072804002e-08 1.5695258891018356e-06 1.0941847221876381e-07 3.4669636483554945e-07 0.0 0.0 0.0
2.5951225107430674e-07 0.0014880419680285701 6.558478154932354e-06 6.532170947948102e-08 0.0 6.8953556974081e-08 8.813277874503104e-06 1.7357265408306038e-06 0.002177166206764687 6.211752061047829e-08 4.404903796845018e-06 1.1648000187918975e-05 5.5987909498576465e-05 2.034680368345344e-06 2.026168017438762e-05 0.001381696147677216 1.108435028620399e-05 2.3795539452857967e-06 1.835535884363062e-06 0.0 2.439417198294329e-05 0.0 7.185983285970415e-05 0.003077084056135736 0.00044633245675919885 4.087519809673605e-05 0.0021137317717089235 0.00022106280858177977 3.6760794705266488e-06 4.194843884619245e-05 3.0602837640935925e-05 2.751507442815979e-07 3.465513563027058e-07 6.1184357959527665e-06 5.34577292904111e-07 4.0985474677080406e-05 2.574767491247688e-05 2.3534868174252007e-05 7.676544938980424e-06 4.440643316589859e-05 1.3102166039786525e-06 3.1374776353897558e-06 0.0 9.635813499376282e-07 1.6268643499074143e-05 4.096916828007463e-05 6.864761945111871e-07 0.0 0.0 2.0917257826612333e-06 2.185597162809383e-07 1.194527547208908e-05 6.971569955807775e-08 8.036450418813411e-07 3.8891890183760815e-06 3.810399371481302e-06 5.744232732820344e-07 0.0 0.001051544402957769 9.844188991439917e-07 2.43274838558994e-07 7.21295673665063e-07 0.0 3.7180012066178785e-05 9.61577699621781e-05 0.0002492145012389032 6.889519583399065e-05 2.6975987491497764e-06 1.3027738864799366e-05 0.0006957903290009937 6.673408531985168e-05 4.038296589530107e-06 2.247310461902653e-05 1.7835787096226991e-06 0.0 1.1326824958464192e-07 3.5914953096326935e-07 8.483310767021847e-07 1.6396388676821526e-05 3.2199509402575654e-06 4.690519493787122e-06 2.412627751990352e-06 1.986770663104851e-06 0.0 0.0 0.0
8.055403388762175e-05 1.1494721311958145e-06 0.005344671491966732 4.296485853099494e-07 0.0 7.294016483123002e-06 0.0004373326165161526 0.00023674602519276454 5.198335162208795e-06 1.5599745903734843e-05 5.869523639005519e-05 1.7776640788838828e-06 1.2380409279368948e-06 0.0004895266822427301 1.3668622723108378e-07 0.0029916029987446767 0.0015025205736822296 5.546508020047344e-05 0.00046920276994647734 3.3457928819858414e-06 0.007018364731008259 7.185983285970415e-05 0.0 0.0002762832903130409 1.0338643375945444e-07 0.00044342587883548117 0.005631203549182304 0.0016637108077037905 0.00016233498581747104 0.004722291937110392 1.6063041333205372e-07 1.6877228813490577e-06 7.944977787418336e-06 0.0015935829128157926 7.731412556432566e-05 0.004472021210190651 0.0008583876581660548 0.004023598774627026 0.0033283350252122862 0.0003880560908859541 6.037319581048179e-06 5.843667974451072e-06 1.976606220963912e-05 0.0 1.872570261469826e-06 5.9367388706240836e-05 0.0 0.0 0.0 1.0086378343566906e-06 5.934339613199063e-07 1.6387747174693892e-06 1.0006914665423137e-06 0.0 0.0 1.5324805161058415e-07 6.748240833964567e-07 0.0 0.0005095143545982698 2.1055417647221463e-06 5.4519692471113706e-08 2.366997918285725e-07 0.0 1.162065644004723e-05 0.00015477233409294576 0.00022293323963802023 2.8498017913620783e-05 0.0 2.114553275988769e-06 0.0005743854562985298 2.5576788137060813e-05 2.555298876849709e-07 4.953708367180414e-06 7.081121910559934e-08 0.0 5.2460654719136813e-08 5.416242468721625e-07 8.65247385786919e-06 3.1255835500073245e-05 2.015940515958447e-06 4.489500310086711e-06 3.843133763422823e-06 5.426767495343426e-07 0.0 0.0 0.0
1.7227476897322e-05 0.00036060323322205444 4.1812562997677665e-05 0.0005945063721584236 3.630452478368725e-06 0.00015573370020191798 0.0014523754823641336 0.00015139306248190126 0.006600247216886448 0.0005463379096880327 6.125053762121796e-06 0.0018174971619100877 1.2678053033019678e-05 0.00012636739203553666 0.0004043811980072737 0.0009260912253134195 1.7616335602025643e-05 3.56736923725765e-06 7.721509975488377e-06 0.0005854378660913175 0.0003567328248394715 0.003077084056135736 0.0002762832903130409 0.0 6.084518976400959e-05 1.6069859645957373e-05 0.001349359114204306 0.007663529235465245 0.0002871119842880678 0.0004429776118397995 5.87677207539565e-06 6.545975614494503e-06 5.297448410603221e-05 0.00017803854356062242 3.893484634809439e-05 0.001385273418387254 9.917168590936662e-05 0.0004971457939138101 0.0003053596600259626 0.0008321424941907423 1.4677211315682489e-05 5.170313968554574e-06 1.0562185851561403e-05 3.945472707179987e-06 3.9748835496995046e-06 4.196492600298808e-06 0.0001651831455752708 0.0 8.0449221784787e-05 0.0002776732560984964 2.8998778002089692e-05 0.0006292479654136814 0.0001487580325603605 2.2753480351831496e-06 0.00021474868545073625 1.3691601286155481e-06 2.2406015701369968e-05 1.2809267817248746e-05 0.00032854508740019127 1.3187248067727496e-06 4.475458976611417e-07 5.992615838207208e-07 0.00016412740002617527 3.803875427766037e-05 0.00014338861273181027 2.7034152642822992e-05 0.0031411194680638784 3.3562951099702445e-07 6.979251993515003e-06 5.731504498735188e-05 0.0019321095296179534 3.893575864439868e-05 0.0001270873872474833 5.217889489972601e-07 4.4429334403014974e-07 2.3764644824032243e-06 1.242090317916957e-05 5.390304526383327e-06 0.00014572572188982443 2.3122013913428194e-06 4.4033657217950956e-05 1.8452347653873404e-05 0.00022574510100659443 8.104998620769896e-07 1.2229435759213319e-06 3.652208482512832e-07
0.0 0.000959122176477137 8.8084256509123e-08 0.0 4.939699962904771e-08 6.815932479147429e-07 4.1688033881709104e-07 1.2918037321517967e-07 8.699495273392486e-05 3.0609277509559817e-07 0.0008721298171320675 8.052309328732579e-07 0.0029235543940837857 3.7761024133976183e-07 8.37058173697938e-07 2.56242368296083e-06 1.4902221561259793e-07 8.684613805256615e-06 6.5426566450689e-07 3.472406438120458e-07 6.953819059120237e-08 0.00044633245675919885 1.0338643375945444e-07 6.084518976400959e-05 0.0 0.00010373169354507861 0.0018908931405654166 4.274725767886254e-06 1.5965507250029423e-06 2.885042402549234e-07 0.00032289421603860926 7.661451383489539e-07 7.242991846322079e-08 0.00029041290454033265 0.0 1.0463681499071414e-05 0.0002497836657408288 0.0003653566111824229 6.942012682033129e-05 1.8605939801588026e-06 6.3633016862826e-07 0.00037070559389377545 8.152279463270583e-07 0.0 6.97807740413005e-05 5.094511169235779e-07 0.0 0.0 0.0 0.0 0.0 4.2687757444944024e-07 0.0 8.120030064103641e-05 0.0 0.00024360102284670776 2.0528794303487477e-07 0.0 0.0 7.029170329261984e-08 5.282386998891327e-06 3.180478839602824e-06 0.0 0.0 5.80612964962122e-07 0.0 1.5552757233821557e-07 0.0001746608272228067 0.00010652834206387272 0.00021065517321976708 1.4590958769291234e-07 0.0 0.0 3.710371208583797e-05 4.994666935875423e-08 0.0 3.7453195053011137e-06 0.0 1.274616011311009e-06 7.685942572008267e-05 1.42083417460481e-05 3.4259725987158e-06 2.718241311343426e-07 0.0 3.67422139872907e-05 0.0
