0.0 1.3633028625118085e-07 5.455166013532247e-05 6.37371689958813e-06 4.2937494761765196e-07 1.3645430452862152e-05 0.0013409503734828766 0.0005589408598791194 9.319568390611775e-06 3.133986325650489e-05 1.8558841362292974e-05 1.6587732497142615e-06 9.868235631430247e-07 0.0037122305723370137 1.2377802300619432e-06 5.030402869475544e-06 0.00012287355501628628 9.330455775951177e-06 4.2293463401958546e-05 2.183269774467949e-06 3.465544601952161e-05 1.825332669501373e-06 0.0001323597836217349 0.000191470865969117 1.2475821634729214e-07 5.094237621626388e-05 3.180625343467372e-05 0.0001446944117076918 0.0013832755461495112 0.0017036359314304497 4.55286941669273e-07 2.14325242039873e-06 2.0759132061389922e-05 0.00014905017912258495 6.686442019721812e-07 3.546903614019002e-05 5.52229750510412e-06 0.00012393534083098595 2.290658159829352e-05 4.843204966593955e-06 1.3271328510496385e-06 1.9542009367930285e-07 0.0 3.946124118848099e-06 6.822939887969794e-08 1.4867573214062798e-06 6.741395608779069e-08 0.0 7.543904856317499e-07 2.2732295270936765e-05 6.143785325889579e-06 2.729559205617249e-06 3.8999066586460067e-07 5.166262216801807e-07 0.0 0.0 9.221712730619351e-06 0.0 4.72975888595082e-06 3.739528241649135e-07 3.532910100750202e-07 1.280990379773183e-07 0.0 1.1438533161724295e-05 3.908056020026381e-07 6.341949407093139e-07 3.788871888705676e-05 0.0 1.650646666993527e-06 1.6840677655913643e-06 3.966486450250819e-05 1.2767856078114029e-05 1.48130552518169e-05 7.322660075015312e-08 1.1620904692300475e-07 9.59860146030267e-07 1.8698368879483986e-06 3.775982319816263e-07 2.1384374880885304e-05 1.6895852553042402e-07 9.005370581335778e-06 3.6799683258762095e-06 6.337974051325941e-06 2.5017463005921563e-07 1.3184901998334648e-07 4.299692650656775e-07
1.3633028625118085e-07 0.0 0.00010335563027894479 0.0 1.8546806572054398e-06 6.769590564403688e-07 1.905589782077069e-07 2.428765925316945e-07 0.0006077804438237715 2.0841662509115096e-07 3.954272067826989e-05 7.579449158556218e-07 0.0004625809100103914 5.891365841273015e-07 1.5348455511879544e-05 0.00018985230525564597 2.9313568588708867e-05 1.0462832984954408e-06 4.944467533323215e-06 0.0 1.8676190230918697e-05 0.001193454346339257 9.052377815251338e-06 0.0006444082145697557 0.0008072913889693084 0.0003155144449482419 0.004151932493849773 8.299712436211596e-06 1.0655658844704098e-06 9.062330141803653e-07 4.056348523332762e-05 9.755388531942487e-08 0.0 1.17441107039182e-05 0.0 1.6385264578195283e-05 0.00010836504347528894 4.038128737290048e-05 5.83219273081231e-06 8.587821616115916e-06 3.0337766770265715e-07 8.686794805040789e-06 0.0 6.499259495031044e-08 1.355040407266594e-05 2.5612922547286466e-05 0.0 0.0 6.761670069373864e-08 0.0 5.677370570855159e-08 2.2641024001578788e-06 0.0 1.6204909351446343e-05 0.0 4.094099310234569e-05 0.0 0.0 5.778853922390453e-07 1.9526764572429717e-05 3.262786755311292e-06 1.0617709294582123e-05 0.0 6.572094767960256e-07 1.1688077111538073e-06 4.1177106372368873e-07 1.9055973278974096e-06 7.27580301413735e-06 0.0001191639547315177 0.0006892703939220204 5.156679689433872e-07 2.023734030832038e-07 5.002534776196278e-07 4.419760635085227e-06 0.0 0.0 2.2690903410600568e-06 2.957598443723541e-07 1.0774236182848172e-05 1.1582287040146003e-05 1.1855336552551479e-05 2.2118958385480997e-06 1.2573056818152908e-07 0.0 1.2419223912335322e-06 0.0
5.455166013532247e-05 0.00010335563027894479 0.0 5.100183011263809e-06 0.0 3.8425000255575176e-05 0.000675582179411199 0.00014550652036413896 9.199174237372358e-07 4.937362820377273e-05 3.6292205079686155e-06 4.7292168576739025e-07 2.2922383887472734e-06 0.00020694166709467367 0.0 5.251958458009476e-06 0.00130085884077291 1.646302678176436e-05 3.616298488729419e-05 7.781391465642595e-07 8.339786693324455e-05 0.00018740258055477792 0.004571969941462618 5.64418819925499e-05 0.0 0.004429324900729052 0.003678909275913502 8.009794465031121e-05 3.5517025373127846e-05 0.0004880611205109678 6.425106091460132e-07 5.317044609503883e-07 8.711728031026792e-07 0.00021465059074433552 9.872299713918175e-06 0.0009444334858938619 0.0035595708887805025 0.0008952211132412162 0.0002679247159208061 9.757246033004738e-06 2.143992795359889e-06 5.306349437014574e-07 7.1072519878226995e-06 7.979923867597922e-08 0.0001287535069051918 0.0008335020057005351 0.0 0.0 1.7995438463278312e-07 3.3122073394191296e-06 8.549425035317621e-07 1.8491147778950934e-07 2.100796250550924e-07 4.4609962923721876e-07 9.357817240278008e-08 4.207538001206425e-07 4.7020399440956144e-07 0.0 1.966153310643291e-05 0.00022097181750565116 9.349066871126785e-07 1.3900919308915724e-05 0.0 6.415248575627895e-06 1.7528219017311562e-05 0.0001161362983792511 5.410268560252335e-06 5.207134939649037e-07 0.00036736584796779405 0.0026058416018117907 5.499128925476474e-06 7.249441655479285e-07 4.0519301789073714e-06 3.3858503681212863e-07 0.0 0.0 2.8788023738957868e-05 2.1796733833366932e-06 0.00011208035607894776 1.1988652746625175e-05 0.00010672654831165166 3.2075337724389396e-05 1.636448697293163e-06 1.2947904268464946e-07 0.0 4.859752655744023e-07
6.37371689958813e-06 0.0 5.100183011263809e-06 0.0 9.21557394621633e-06 4.416947663314275e-05 0.0002381609545376094 3.086556866333724e-05 0.0007285535391654868 0.001532623325839813 4.1971187308195476e-06 0.00109313703253874 7.124911657630053e-07 2.0841946609043256e-05 9.51978275342919e-05 0.0 1.103031862543927e-06 7.051263412884776e-07 9.418007014022057e-07 0.0023074880432245684 1.4769637394783524e-06 0.0 2.7560299350647906e-06 0.0010832803522908593 6.411964694417613e-08 3.5907344570803836e-06 8.506359124149062e-07 0.0011251164663418193 7.237759683214645e-05 2.696201006851482e-06 4.5423330095923055e-08 9.118146454425826e-07 3.1306173515074812e-06 1.978308254677678e-05 4.293839535978334e-06 0.00011719388034559414 1.509480415236617e-06 7.431975158729466e-05 2.8792019103400022e-05 0.00010415875050536832 4.215206419324402e-06 2.340501671593879e-07 2.767846149840434e-06 7.64656572128111e-07 0.0 3.5410039378499225e-07 0.00013572060759769875 1.433044141456516e-07 1.0031529804071951e-05 8.898680624148013e-05 1.445922823932369e-05 9.598911868855961e-05 0.00021188642585430242 6.50108681281194e-07 9.799443439770773e-05 0.0 1.142203002904447e-05 4.462009404925543e-06 1.3334207910296194e-07 5.744210259698888e-08 9.566496631847082e-07 0.0 0.00012543333267038472 2.3636478214055335e-07 7.692791491437251e-08 7.918410273738389e-08 0.00019362387504385178 0.0 3.7137736549879124e-07 1.0461884130231609e-07 0.00022399423503613908 6.135950019309197e-06 6.74651264674844e-07 7.162780047616138e-08 9.497564296404886e-07 4.078630763095798e-07 2.915839770138485e-06 2.0184820235940586e-07 3.7701802858148638e-06 2.2686481028309957e-07 1.294298237114057e-05 1.728663410144492e-06 1.7031556835214186e-05 1.6825732903326536e-06 8.328486779606683e-08 1.1668614044657121e-07
4.2937494761765196e-07 1.8546806572054398e-06 0.0 9.21557394621633e-06 0.0 0.0003259362899798169 4.223375282725866e-06 0.00011053274343579882 0.00010677102627130837 1.1292207661916593e-05 2.717314216316199e-06 0.00011094418122925156 4.02920429848075e-06 8.15696128809181e-06 0.000987740224090543 0.0 0.0 0.0 2.0699897018722984e-07 1.4759626159336595e-05 0.0 4.94694022015887e-06 5.8980922528012366e-08 3.961664724210573e-05 1.6625734195237076e-07 0.0 2.1618265506063394e-06 4.1834132328335695e-06 1.8555017853182308e-06 5.173185849578217e-07 0.0 5.1106847694688866e-05 0.0 3.197512836646852e-05 0.0 5.689649100227103e-05 4.638503015548165e-07 2.9329046573729475e-05 1.8678745473264837e-05 0.0007629780416864862 6.092063094647904e-05 3.6734372377206107e-07 3.1974202622637408e-06 0.0 0.0 0.0 1.8315216790839172e-07 0.0 0.0 6.385195595675548e-07 0.0 1.8297289549647933e-07 7.811403979731767e-07 0.0 2.104736688730107e-07 0.0 0.0 1.6891452637943882e-06 6.493481979754624e-08 0.0 0.0 0.0 0.0 0.0 0.0 6.079778330526331e-08 0.0 0.0 0.0 0.0 7.937868606312681e-07 0.0 0.0 0.0 0.0 0.0 3.1973719308068784e-07 0.0 5.391792625378761e-07 4.6547683074593056e-07 2.0195603657567063e-07 0.0 0.0 0.0 8.93619699974643e-07 0.0
1.3645430452862152e-05 6.769590564403688e-07 3.8425000255575176e-05 4.416947663314275e-05 0.0003259362899798169 0.0 0.0017758787724572334 0.0029622861610403197 0.00017095334143613734 0.0025474194301907827 5.3639487119477885e-05 0.0022047890792313302 1.9482011508027486e-05 0.00036503099659567336 0.0013871941873773725 7.172038524152406e-08 7.64222978161591e-06 4.884997914067436e-06 9.5444493312211e-06 0.0003014273408199276 2.1652394707432044e-05 1.1513657945350708e-06 3.924308148488578e-05 0.00014809784657812 2.327155702669161e-07 2.825554553449022e-05 6.847966869839122e-06 0.0001913394134639274 0.00016960599967387553 8.17323136414441e-06 1.4807494821112103e-06 0.00020695340763944795 3.0494845084822666e-06 0.000252548409201341 5.054674887243997e-06 0.0003606856788877754 1.1383240567240412e-05 0.00021237323591518538 8.157365868649059e-05 0.0021539048566133544 0.00045538280723024077 4.327066187465567e-06 1.0439322974606196e-05 8.751448573139192e-07 6.066748604980212e-08 9.611443806974965e-07 4.7306264534589726e-05 0.0 1.1744359711836526e-05 9.585145290008363e-05 1.801130955356131e-05 7.021883717784837e-06 0.00010100911183931959 1.1599270489000244e-06 8.6809068076587e-05 8.101721796747544e-08 1.96327071134134e-05 8.98572141467438e-06 1.2544663021648876e-07 2.2744978785773768e-07 5.411373551577956e-07 3.01551454593317e-07 6.890771477596626e-05 3.4185152982770873e-07 1.0019246392134808e-07 2.698691131716642e-07 6.23632540355032e-05 5.906700800397913e-08 1.5523195738810167e-06 1.2732028813841905e-06 0.00011535377536024323 8.376662120630766e-06 1.8823044851788339e-06 3.912353773770819e-07 4.689647605729353e-07 2.262729347406106e-07 3.789127238518466e-06 5.174778653063782e-07 7.355215381054702e-06 1.433092227892245e-06 1.611684518031996e-05 3.659409021984047e-06 5.44453847268992e-05 1.171194308360595e-06 9.230037805375849e-07 5.8162024522828786e-08
0.0013409503734828766 1.905589782077069e-07 0.000675582179411199 0.0002381609545376094 4.223375282725866e-06 0.0017758787724572334 0.0 0.002072810976009947 0.00016980800767154317 0.006352440966069264 2.988959880135708e-05 8.057801171298108e-05 3.7945263331889213e-06 0.002842604188670244 2.593562293874813e-05 1.3015048614094668e-06 0.00013933235469760358 1.1550244035921234e-05 2.947204952882257e-05 0.00012478842198786956 0.0010990848137983776 4.953363565462016e-06 0.0013099330572553683 0.0018161704357091187 5.928723632133722e-08 0.0002249453264613505 5.360880015357124e-05 0.010298568561800473 0.0004973389357430465 0.002415837318539215 8.097662377966965e-07 5.246340742194185e-06 1.9056087492045644e-05 0.00015716798370787505 2.0694898238750306e-05 0.0006422645146203324 3.201703697637584e-05 0.0005026921442634017 0.00019036371475313147 0.00011964512160269327 2.3557618776778902e-05 3.0664349210124507e-07 8.624347556074553e-06 8.368397790350947e-06 2.9639037096047103e-07 2.234987709949272e-06 4.33930728383762e-05 0.0 2.238884460445012e-05 0.0003205576005240309 8.102382323058818e-05 4.853661608102504e-05 8.354773304242302e-05 5.8508014380700855e-06 1.736570631258218e-05 4.889712344937912e-07 7.749140399437984e-05 3.286310258433464e-06 7.62863199741208e-06 7.28410205436016e-07 1.7377704470084807e-06 1.0459986047024963e-06 3.404916861652578e-05 4.9836339995941405e-06 1.5762363608403022e-06 1.2348926730272885e-05 0.00034894660668632383 1.5939346941519851e-07 4.43140556347676e-06 1.2577723885192357e-05 0.0003977282093199215 4.171871101605198e-05 1.0396878864781655e-05 6.072477032971863e-07 2.384961624273702e-06 1.302377809415601e-06 2.5614179555537548e-05 2.4300473609291882e-06 5.09902007327063e-05 1.4065745582095325e-06 6.414958712304316e-05 1.8242923546186876e-05 4.2375509874803904e-05 7.33549130852567e-06 7.71621218950575e-08 4.69454645030265e-07
0.0005589408598791194 2.428765925316945e-07 0.00014550652036413896 3.086556866333724e-05 0.00011053274343579882 0.0029622861610403197 0.002072810976009947 0.0 2.8050138420927228e-05 0.0012148247684584561 5.692628642348278e-05 0.000991973923766489 1.9937710670760483e-05 0.0025312268682848474 9.133719060794244e-05 1.6111172912002744e-06 0.00012145088994513904 1.2947530586318535e-05 4.506639746132374e-05 0.0002867829880714738 6.888876769036986e-05 6.428754373084046e-07 0.0001923025947426861 0.0003783827625459941 4.1628461879347404e-07 0.00011570282735104661 4.1389825124208765e-05 0.00034864793267686754 0.0004328104242879638 0.0005387610135306654 8.898492732390962e-07 0.000837300585709043 1.9931874566362794e-05 0.0002545899262971151 6.575443887085626e-06 0.0003120896327189551 2.17197162739408e-05 0.00027261867632208576 9.29895777804833e-05 0.0007213961042954327 5.258835375637927e-05 3.931609212234746e-06 6.594251555656928e-06 6.591175842740748e-06 1.5133781823624173e-07 2.486151120717389e-06 1.565078119172659e-05 0.0 2.0022684577207082e-05 0.0002779311598050438 5.031915681866732e-05 9.392352437512421e-06 4.3332368549321525e-05 4.385270779219264e-06 1.2398399159191469e-05 3.2888239094803665e-07 6.762602827038752e-05 2.3596524361988773e-06 2.587791813196673e-06 1.6388624752341976e-07 1.152870531611096e-06 6.526077888702913e-07 1.695655861953852e-05 9.050454660983936e-06 4.160931659241826e-07 1.125461570560421e-06 0.00018589103519278967 1.595642242280367e-07 1.8607762431367047e-06 4.626365665277053e-06 0.0002709470739983695 3.469504867324546e-05 1.9403738908825152e-05 1.625368538462083e-07 2.27437625257831e-06 2.2253337568443925e-06 1.585462189764006e-05 8.453681200018505e-07 3.560208990001783e-05 2.146744989015674e-06 4.2104686121918946e-05 8.736624948203087e-06 2.922249430803664e-05 4.3320939256139315e-06 1.258662401209112e-06 4.4976154068080654e-07
9.319568390611775e-06 0.0006077804438237715 9.199174237372358e-07 0.0007285535391654868 0.00010677102627130837 0.00017095334143613734 0.00016980800767154317 2.8050138420927228e-05 0.0 0.0003308548394392421 2.1760967143302556e-06 0.00046457940607539343 3.065633078139338e-05 2.2409942701509656e-05 0.0004525412194950618 3.207028957888762e-05 3.1240861180003635e-06 1.5998973042069195e-07 7.539333177251301e-07 0.0005626386577658127 1.550775536661004e-05 0.0013560872275558981 1.284246316115508e-06 0.0036494444006242408 9.726253184375848e-05 3.0359099639100415e-05 0.0004901234059801076 0.0005976397355510485 3.910080958564495e-05 3.6212655750107926e-05 3.0235718748839576e-06 1.4486659746471578e-06 4.752642310813558e-06 8.804124562018082e-06 2.2611930690502327e-06 4.876522566188435e-05 5.109289994140089e-06 2.459302765529053e-05 1.655738501424617e-05 0.00018740011036383545 1.3949994089298696e-05 7.57843024440076e-07 6.461256966356468e-07 1.2017006986751252e-05 1.791105314327695e-06 7.339488998592148e-07 0.0001155348344621102 8.868403721873248e-08 4.587085359695635e-06 8.550673041326128e-05 1.8567945409068547e-05 7.303725631678812e-05 0.00015495046992510217 1.480340795165874e-06 7.765691325358756e-05 1.9775195565654575e-06 4.016398956229007e-05 5.986432375864862e-06 4.0357485023269364e-05 2.538238876147591e-07 4.106472556055738e-07 6.211170622810522e-07 0.00010156619295636751 2.6672366508130185e-05 1.740278585910453e-05 3.1076073047062886e-06 0.0006518881756669271 6.851065905444915e-07 2.593936872632458e-06 5.309624759096771e-06 0.00028711816000957433 4.599894328260158e-05 6.469718281999725e-05 4.1768245190296276e-07 5.271509674357976e-07 4.3152852142041815e-06 8.658417512163635e-06 1.2503424386732204e-06 4.264128732192204e-05 1.9287483366027337e-06 2.3016440943299222e-05 1.5605363733832076e-05 2.4295631152802558e-05 2.3028609270055708e-06 1.770768356732182e-07 7.244313113975325e-07
3.133986325650489e-05 2.0841662509115096e-07 4.937362820377273e-05 0.001532623325839813 1.1292207661916593e-05 0.0025474194301907827 0.006352440966069264 0.0012148247684584561 0.0003308548394392421 0.0 8.210247948125889e-05 0.002436494288681728 1.767564823350441e-05 0.0005616607877441753 3.4279155436260646e-05 4.6688067310254765e-07 1.2963160870661838e-05 1.4931675161344736e-05 2.669388005721009e-05 0.0019020953501117793 2.9999386334406095e-05 2.565834568219607e-07 4.329356139200813e-05 0.00036396601071775564 6.7437099787391e-07 4.445932087829464e-05 1.532218084917383e-05 0.0023517718289277046 0.0006926213451451599 1.5244707396781558e-05 1.928021757577276e-06 2.733930841539321e-05 8.041014110620204e-06 0.0003193355562364086 3.636568603729057e-05 0.000959642900845213 3.919628883134279e-05 0.001076563761683108 0.00020840177214673678 0.00010795138304114399 5.5432645303922365e-05 1.3869113962732015e-05 2.00098038701922e-05 3.278935550055574e-06 6.794413198647442e-08 2.2963767375561368e-06 0.00026562312652474493 1.717658780116124e-07 3.600663151136696e-05 0.0003944054600251268 7.718358136921905e-05 0.00010995470279983056 0.0005133122434318291 4.2784397999103085e-06 0.0001525811265293014 1.6149527814290903e-06 5.7255637718434415e-05 1.0196344552952467e-05 3.832184021611565e-07 3.1670170515945137e-07 1.2227720377656912e-06 1.3645529146544258e-06 0.00026418707891007773 1.862246536055382e-06 1.731966353168397e-07 1.1593027599685674e-06 0.0004803187344288888 0.0 2.6438945804416367e-06 2.3495293049989213e-06 0.0006582738541535751 2.826394997948246e-05 2.1261139396132215e-06 3.6319543707212733e-07 2.780479090654262e-06 1.2238184898048427e-06 1.6009872246563634e-05 2.3388213914106553e-06 2.653996170961613e-05 7.792932583978518e-06 5.209329395020328e-05 1.458711444114667e-05 6.947409758878672e-05 4.473116341659514e-06 4.8771632387279405e-06 6.49500700790285e-07
1.8558841362292974e-05 3.954272067826989e-05 3.6292205079686155e-06 4.1971187308195476e-06 2.717314216316199e-06 5.3639487119477885e-05 2.988959880135708e-05 5.692628642348278e-05 2.1760967143302556e-06 8.210247948125889e-05 0.0 6.520181158601499e-05 0.0014938837624982862 0.00022104003788027792 3.085130311763876e-06 2.713593940007966e-07 8.466532138626798e-05 0.001356886014159975 0.00041093110586135404 3.08275243564829e-05 1.9614686116338842e-05 3.2174896900043747e-06 3.943362805422657e-05 2.458815016493197e-05 0.000221184354526562 0.0013673315560118245 0.00016747183431904195 2.6461186796325047e-05 0.0002974671754493881 6.742281431607557e-05 0.0002274722216688199 6.193443430162177e-05 4.2296331557057015e-06 0.003991240024357769 4.03853115252494e-06 0.00020467777569093518 0.0011072988983252079 0.002604401978815516 0.00029376352970974156 7.723410053257405e-05 1.829682527612843e-05 0.00020578526897303508 1.3650919154668262e-06 5.912439818286028e-07 2.0091046329028027e-06 1.0826087696376409e-07 8.226133229285435e-07 0.0 7.823467823662743e-07 1.0672384992297567e-05 1.5235978435832788e-06 8.93706030471743e-08 1.0724010646175272e-06 0.0001459207749703804 1.9327625842837908e-07 0.00029445817794234786 2.876403444235459e-06 0.0 4.120739555269418e-07 5.823184724015374e-07 2.4697873107918373e-05 8.806639874225212e-07 2.9200019441379326e-07 3.5093058444763985e-07 1.1016623605221432e-07 5.4524104385848157e-08 1.2140924315484833e-05 3.637713154754951e-05 3.0382399745242087e-05 3.405733057365359e-05 1.7529173956033698e-05 1.9845842633743142e-06 1.3403239001714007e-06 3.6465704511289534e-05 2.0072009598919847e-07 3.6300879326169886e-07 1.763787536853729e-05 1.5697963748645618e-07 7.160606714312453e-06 6.524260684896073e-05 3.147685645366284e-05 2.9836523299290216e-06 2.664485384084641e-06 6.466053400401645e-07 0.00014647537449262088 0.0
1.6587732497142615e-06 7.579449158556218e-07 4.7292168576739025e-07 0.00109313703253874 0.00011094418122925156 0.0022047890792313302 8.057801171298108e-05 0.000991973923766489 0.00046457940607539343 0.002436494288681728 6.520181158601499e-05 0.0 1.3140042308210224e-05 0.0002697270568162688 0.0006767948214945492 0.0 2.0633813116254433e-06 8.440998910287174e-06 1.6225708850801815e-05 0.002639715694339705 1.1164820277440075e-07 1.5822613806850404e-06 2.8928651475791743e-07 0.00010310175658144055 2.5112464344127324e-07 1.5144294218653483e-05 7.494214441647868e-06 0.0001855107136298112 0.00019859958729424014 2.7369519915713307e-06 1.2623091338011074e-06 2.8300133977913758e-05 5.582250044402969e-08 0.00017950147556307654 4.216644082903282e-06 0.00027725506599297905 7.032164102717871e-06 0.00025717161167285136 2.9379489647640164e-05 0.0009551822546132885 2.0805902683795365e-05 1.943908525059938e-06 2.679640829929392e-06 3.318020710839092e-07 8.122196427149938e-08 5.758632037516905e-08 0.00010431029083564811 0.0 1.3937115712061032e-05 6.048998532341453e-05 1.1615544535225787e-05 2.9936508429650485e-05 0.00026057448717249 8.744197940971706e-08 0.00016889747473995714 9.180820617879344e-08 6.383771607598253e-06 2.7992873763465897e-05 1.268970432001255e-07 3.3431354601091146e-07 3.0585494764634564e-07 0.0 0.00014097936522605448 7.564487212960741e-07 1.101478968432863e-07 7.254813307782756e-08 4.804012377747848e-05 0.0 6.840674019284416e-08 2.644295775554341e-07 0.0001141418263918458 3.822280350442362e-06 2.834753319165565e-07 4.336791840398831e-08 1.8047017488388383e-07 0.0 7.041715425190906e-06 0.0 3.653201216373512e-06 0.0 2.1378395879331807e-06 3.9688484627015083e-07 9.751708297070993e-05 2.1074478683398379e-07 1.183566571605489e-06 0.0
9.868235631430247e-07 0.0004625809100103914 2.2922383887472734e-06 7.124911657630053e-07 4.02920429848075e-06 1.9482011508027486e-05 3.7945263331889213e-06 1.9937710670760483e-05 3.065633078139338e-05 1.767564823350441e-05 0.0014938837624982862 1.3140042308210224e-05 0.0 2.4252539456274347e-05 8.284732442110227e-07 5.890979160547811e-06 9.61714619628003e-07 1.685825549696812e-05 5.478956468425538e-06 5.509123902317664e-06 8.90118489171607e-06 8.031075934246012e-05 2.5644006929166297e-05 3.303026352685227e-05 0.0016845998031564694 3.6561492180454186e-05 0.0007131071035311848 5.653725396052014e-06 1.9888613888310283e-05 3.311318190947862e-06 7.598524430488738e-05 1.9477712329838154e-05 1.9533104718522792e-07 0.0004984755667016597 5.186055423081954e-05 0.0013361037094657263 0.0037977639563443934 0.003468910162340298 0.0005056722778406756 8.744138822770898e-05 6.178380602721284e-05 0.0006963238335254047 1.073977973291441e-05 1.566481571156622e-07 2.267784785401289e-05 8.588059760046344e-07 0.0 1.1349388052872401e-07 1.798149468431618e-07 1.8686777635638151e-06 2.340579106577953e-06 1.574341500284499e-06 2.9371805834719765e-07 0.0008897782967255585 5.750975152003815e-06 0.0025376744138353347 1.4787350097131193e-06 0.0 1.0903688796473578e-07 3.877816591449931e-07 0.00011334798416474408 5.627312229959306e-06 1.3486834979903559e-06 6.359629010823237e-07 2.4521077265803693e-06 8.917481122736478e-07 5.80346691406041e-06 0.0003509841142687235 0.00015959172930797116 0.00020787012725914512 1.9964701430570613e-06 9.316718890342675e-07 2.1636389387096742e-07 0.00026487967614552535 9.211010419293953e-07 0.0 6.504762443777859e-05 2.5896411994912077e-05 0.00012703541722841803 0.000278545530854106 7.764664804335325e-05 1.2295559594916222e-05 9.107386122926535e-07 4.811589657140442e-06 0.00023580274150920765 0.0
0.0037122305723370137 5.891365841273015e-07 0.00020694166709467367 2.0841946609043256e-05 8.15696128809181e-06 0.00036503099659567336 0.002842604188670244 0.0025312268682848474 2.2409942701509656e-05 0.0005616607877441753 0.00022104003788027792 0.0002697270568162688 2.4252539456274347e-05 0.0 1.6446112204613217e-05 3.6259748417494063e-06 0.00019540318822192134 4.14455432290382e-05 0.00011578276469027823 0.00012405067054274175 9.326756294461985e-05 1.989514678297763e-06 0.00029987336434669364 0.00036940261905819464 6.114823080355189e-07 0.00017752059479829216 8.440423113529835e-05 0.0002974570156065471 0.0022602792068213157 0.0012036762936446731 3.720615135085198e-06 0.0005315339350412768 2.3261570878917042e-05 0.0007452913336682804 2.826262801156063e-06 0.0002864262718943581 2.1631374265460315e-05 0.0004819766608772589 7.782165582090324e-05 0.00029609299460785666 1.984708577130631e-05 3.7820080539598995e-06 3.652291336622587e-06 5.995178870359855e-06 1.9401128445360105e-07 3.343147653025195e-06 1.5447508760421656e-05 0.0 7.2666807568927646e-06 0.00015984629802660941 3.720761137364754e-05 1.2888965310997214e-05 3.5018749689488456e-05 9.22767742127747e-07 1.0736071279914107e-05 1.8893538096439703e-07 3.370144466103196e-05 1.7183982455920578e-06 8.669229592956959e-06 2.1284942285640404e-07 4.596717360568089e-07 5.082999093593137e-07 1.3978794728860209e-05 1.3915676969179143e-05 6.29016489646274e-07 1.8185116050633018e-06 0.00014316493540427787 0.0 3.4810282502832834e-06 5.441342339776999e-06 0.00019208762385625416 2.7775577813354947e-05 2.0874883699538073e-05 1.3055510075198207e-07 1.4034038892217617e-06 1.5386806759615197e-06 1.0848151625216277e-05 1.236081477776973e-06 5.138800297132451e-05 2.2252713429016883e-06 3.824013031925009e-05 1.1451117326720902e-05 2.2112048565251885e-05 5.03172872035941e-06 1.6061002093947792e-06 2.9027955218990584e-07
1.2377802300619432e-06 1.5348455511879544e-05 0.0 9.51978275342919e-05 0.000987740224090543 0.0013871941873773725 2.593562293874813e-05 9.133719060794244e-05 0.0004525412194950618 3.4279155436260646e-05 3.085130311763876e-06 0.0006767948214945492 8.284732442110227e-07 1.6446112204613217e-05 0.0 0.0 2.1117022658022988e-07 6.244694580449739e-08 2.8017697369488385e-07 0.00013826269417360282 0.0 3.9729632583347756e-05 2.5466658589312355e-07 0.0005854998405485822 1.275148307657364e-06 1.3280456419838653e-06 1.729151642577974e-05 5.8871781273503356e-05 6.055629006052391e-06 1.0790865326990066e-06 5.649702286081134e-08 8.746395543826343e-05 3.366574389411128e-07 1.3273410791455024e-05 0.0 4.294098830216087e-05 3.159811395340227e-07 9.604522611951192e-06 3.4130832254231866e-06 0.00045060843772022445 0.00021715332562629734 0.0 4.6589101613162525e-07 0.0 1.136628371356144e-07 0.0 3.32067129132367e-06 0.0 1.8334868316348096e-07 2.8288733435262214e-06 9.712802529964081e-07 1.4377001410159373e-06 5.059077863030239e-06 1.7037065707658375e-07 6.4109535295746276e-06 5.7014731751976615e-08 4.7590393350328765e-07 1.340141280521627e-06 6.91251267913424e-07 0.0 0.0 0.0 3.0687676135698087e-06 6.96041850521697e-07 8.675279642333446e-07 6.832881931940288e-08 1.1455910367846312e-06 0.0 0.0 5.847963337513058e-07 1.9557197480490934e-06 8.158625754029654e-07 3.3181437197540485e-07 0.0 0.0 0.0 0.0 0.0 2.3584634233888732e-07 6.997181476128682e-08 0.0 2.3121207490816204e-07 4.1581944907803126e-06 0.0 2.8546910958051514e-06 0.0
5.030402869475544e-06 0.00018985230525564597 5.251958458009476e-06 0.0 0.0 7.172038524152406e-08 1.3015048614094668e-06 1.6111172912002744e-06 3.207028957888762e-05 4.6688067310254765e-07 2.713593940007966e-07 0.0 5.890979160547811e-06 3.6259748417494063e-06 0.0 0.0 8.23858695998086e-06 2.759148269199547e-07 7.348482603129899e-07 1.428745557131964e-07 0.0009204241407228602 0.0019384986064563113 0.0013894652076959161 0.0012257023750417895 1.4690268097598014e-05 2.1942902851881057e-05 0.0018629056123191262 0.00029652001512248246 4.4517082422003664e-05 6.154379981988724e-05 5.302564981780893e-07 2.397301183426588e-07 4.586248641594095e-06 1.696975238881016e-05 1.7833526886753896e-05 0.0009596151035588885 0.000299867260546325 0.0001430883881359241 0.00027773383130404704 5.232813204303539e-06 1.0827089209878462e-06 8.396354892748177e-07 4.365093641849382e-06 1.501701094324142e-05 8.03181224227164e-07 1.0318510819465462e-05 0.0 0.0 1.1708785384126672e-06 1.7740263147065058e-05 3.955322806074821e-06 3.893986808516526e-05 1.0143654128591185e-06 3.5457472147677743e-07 6.248138580894489e-08 3.6800393529347e-07 1.7129236291788224e-05 1.4495939485858766e-07 0.0015223263530715404 1.2770134874327757e-06 4.0580440459069567e-07 9.095275891096165e-07 1.2261181460381458e-07 0.0005383497406115183 0.0005528720404884093 0.0011103769119150829 0.00021295396849037502 1.2880366477034986e-07 4.226011730889795e-06 0.00011875134440396446 0.00014920675854919612 5.754051090422498e-05 0.00023105157587432093 4.5059008587402e-08 4.1877179509922677e-07 4.111534775737556e-06 1.3891985663956438e-05 4.64327206951987e-06 0.0001646918423802364 5.307673780395532e-06 4.152558432018482e-05 3.2475673261427115e-05 3.263021149172503e-06 1.4119290050459332e-06 6.170634243380657e-08 1.1400315570940667e-06
0.00012287355501628628 2.9313568588708867e-05 0.00130085884077291 1.103031862543927e-06 0.0 7.64222978161591e-06 0.00013933235469760358 0.00012145088994513904 3.1240861180003635e-06 1.2963160870661838e-05 8.466532138626798e-05 2.0633813116254433e-06 9.61714619628003e-07 0.00019540318822192134 2.1117022658022988e-07 8.23858695998086e-06 0.0 0.00014462203667996848 0.0020415837253303292 1.4536500533518036e-06 0.00063355472679123 1.7150387404776468e-05 0.002027608915662564 1.9854989347419205e-05 1.6202644077076881e-06 0.0016356000517704758 0.0032080742418415693 1.3227921135384056e-05 0.0003238522993135416 0.0017479556509862047 3.7360808358259165e-07 1.0578732009543876e-06 8.342039683414028e-06 0.0007885800048412899 2.037946311427775e-06 0.00018088608264771485 0.0014611917488691693 0.0008933336898949444 0.00011777313463768441 2.295895665553822e-06 8.627023851319476e-08 1.0157981427921178e-06 1.2188718121227521e-06 1.2171220497600507e-07 2.0012393618989193e-05 5.750483598911034e-05 0.0 0.0 5.863838298299396e-08 7.445979876108723e-07 0.0 6.287104208740825e-07 1.6335656997280463e-07 9.229429986848059e-07 0.0 1.5457249671111626e-06 3.406166316192803e-07 0.0 2.0660823041700704e-06 5.9448482237734646e-05 2.5871322661393557e-06 3.086529440578343e-05 0.0 1.5006620547972224e-06 8.434388775822084e-07 4.566935697915941e-06 1.9663778143717887e-06 1.222938830711383e-06 0.0002174520401639103 0.00041444214977777807 2.906039983777102e-06 6.159251848904614e-07 9.122347071825877e-07 7.481035049718013e-07 0.0 0.0 2.9710488248744515e-06 1.6101423022741744e-07 1.9159936672131954e-05 4.28458606784016e-06 2.3906078377080123e-05 4.1485830426127916e-06 9.634167855972435e-07 0.0 0.0 0.0
9.330455775951177e-06 1.0462832984954408e-06 1.646302678176436e-05 7.051263412884776e-07 0.0 4.884997914067436e-06 1.1550244035921234e-05 1.2947530586318535e-05 1.5998973042069195e-07 1.4931675161344736e-05 0.001356886014159975 8.440998910287174e-06 1.685825549696812e-05 4.14455432290382e-05 6.244694580449739e-08 2.759148269199547e-07 0.00014462203667996848 0.0 0.0007077045038126459 5.141720102685921e-06 7.364884770491007e-06 5.210681724382954e-07 4.7082261791252854e-05 5.744040044763122e-06 4.523273031546722e-06 0.0011832377665083268 0.0004193417485718065 3.0807024933264093e-06 5.29769140386997e-05 4.659165515281943e-05 2.7025225853261003e-05 7.011780358544509e-06 8.644921773032667e-07 0.0005203794518441684 5.852754480762912e-06 0.00026796501415215265 0.00037595293134769263 0.001185597526209794 0.0002268406731847649 8.80593115682512e-06 1.0824717986709596e-06 2.664636524748076e-06 1.7731934347156748e-06 1.6586161620972074e-07 2.990633106617309e-07 1.1176952145882428e-07 0.0 0.0 0.0 1.5424070819509978e-06 3.5943108187721785e-07 0.0 9.65175123699627e-08 3.509800303768999e-05 1.9673970275360853e-07 4.728104813892529e-05 3.2166945881194714e-07 0.0 1.8017578822100321e-07 5.591961560862684e-07 4.024462261619009e-05 4.421887642783032e-06 0.0 4.8109924534265185e-08 0.0 6.501940192350576e-08 1.6222222802238774e-06 4.802303293876834e-06 7.727980989784977e-05 7.91098305774682e-05 1.4993467315163074e-06 2.101954992868655e-07 2.0706721064943663e-07 4.085959551190898e-05 2.3282579240101005e-07 1.0935334729415914e-07 1.2448332090795832e-06 2.757321491295729e-07 2.7211032937282167e-06 5.036673458636933e-06 5.727372017013168e-06 8.894684107275948e-07 2.7286850823402527e-07 0.0 0.0 0.0
4.2293463401958546e-05 4.944467533323215e-06 3.616298488729419e-05 9.418007014022057e-07 2.0699897018722984e-07 9.5444493312211e-06 2.947204952882257e-05 4.506639746132374e-05 7.539333177251301e-07 2.669388005721009e-05 0.00041093110586135404 1.6225708850801815e-05 5.478956468425538e-06 0.00011578276469027823 2.8017697369488385e-07 7.348482603129899e-07 0.0020415837253303292 0.0007077045038126459 0.0 8.998308922755941e-06 8.214439704066694e-05 1.9390164081855686e-06 0.00029597979897618836 8.574140109436548e-06 7.794181452544473e-06 0.0016668225149697022 0.0009116247446326691 7.84511757542272e-06 0.00019486591513659333 0.000295940815557316 3.90983499804461e-06 9.918517045380349e-06 4.8805496550533516e-06 0.0020682907072323564 6.71874790255282e-06 0.000529923679157172 0.0006759268324213061 0.0019464607373584522 0.00023555563507116168 1.208360408390804e-05 4.2588064308826846e-07 2.7829909019662107e-06 1.9019425926660113e-06 1.8121709896924597e-07 4.282260397837671e-06 2.9909743255399456e-06 0.0 0.0 3.075331762966864e-07 1.8234569579701096e-06 4.434055138959399e-07 0.0 1.30851252397606e-07 1.614444737168137e-05 0.0 1.5180610769365256e-05 6.149847397913224e-07 0.0 4.7135642016552124e-07 3.910274520276697e-06 4.082253390591711e-05 3.703230653496669e-05 6.673732815041877e-08 8.611951023278712e-07 4.2822849373271537e-07 4.3067906221992176e-07 2.3172932656497423e-06 5.3147591437318365e-06 0.00025802282426949847 0.00025336016099488913 2.8270942616854778e-06 1.022575796960505e-06 1.1698437435654224e-06 1.6430905910653855e-05 0.0 0.0 2.563033191762342e-06 6.326829152927837e-07 1.0374547538979721e-05 1.3779181501307693e-05 1.7918364274899975e-05 4.756882218805922e-06 1.0106526242306176e-06 0.0 0.0 1.0392492483986096e-07
2.183269774467949e-06 0.0 7.781391465642595e-07 0.0023074880432245684 1.4759626159336595e-05 0.0003014273408199276 0.00012478842198786956 0.0002867829880714738 0.0005626386577658127 0.0019020953501117793 3.08275243564829e-05 0.002639715694339705 5.509123902317664e-06 0.00012405067054274175 0.00013826269417360282 1.428745557131964e-07 1.4536500533518036e-06 5.141720102685921e-06 8.998308922755941e-06 0.0 3.3473908542677126e-07 1.471124578545835e-07 8.845525974025593e-07 0.0001900326293065703 1.914326737359443e-07 9.410576590330089e-06 3.948610763582578e-06 0.0009597393466660602 0.000136836002433449 1.3955824990111973e-06 6.153275617335803e-07 7.731328971846174e-06 6.197046151144487e-07 8.273384651678207e-05 4.640531126071736e-06 0.0001740865647825889 2.8029922844309645e-06 0.00020521435284149105 3.019130738094356e-05 0.0002642914082651398 9.142407903062323e-06 1.9323717132819097e-07 3.6516772098388306e-06 1.9450981524992258e-07 0.0 6.426875891568098e-07 0.00015982307444596655 1.1833067246166697e-07 1.545728994178847e-05 0.00012542034252613395 2.1288746699714234e-05 7.386012775079306e-05 0.00031258285898630515 1.3290121091579906e-06 0.000145794791993055 1.8843541741737796e-07 1.524321411340531e-05 7.889873368280627e-06 0.0 1.4051849063141713e-07 1.930580484206992e-07 2.667385778150255e-07 0.00017879770261055558 6.243527823033902e-07 7.169390634747401e-08 0.0 0.0001977316357590658 0.0 1.13244359311888e-06 3.9696992259127846e-07 0.0002795643811296448 5.755165640479368e-06 7.817875527751854e-07 5.851533420019192e-07 2.2528561585271048e-07 0.0 5.26863385715795e-06 2.2538933454450793e-07 5.536351078451579e-06 2.1255699636259358e-07 1.1704562046207591e-05 1.710671516597143e-06 5.281958209404608e-05 7.39783197745162e-07 1.6185981477167971e-07 2.669637813072694e-07
3.465544601952161e-05 1.8676190230918697e-05 8.339786693324455e-05 1.4769637394783524e-06 0.0 2.1652394707432044e-05 0.0010990848137983776 6.888876769036986e-05 1.550775536661004e-05 2.9999386334406095e-05 1.9614686116338842e-05 1.1164820277440075e-07 8.90118489171607e-06 9.326756294461985e-05 0.0 0.0009204241407228602 0.00063355472679123 7.364884770491007e-06 8.214439704066694e-05 3.3473908542677126e-07 0.0 0.00013040437850573902 0.0035129875871041266 0.00018822342261162455 2.2120214305672124e-06 2.6680749083948013e-05 0.00045360127903620444 0.002141586601026437 0.00019973756734336878 0.004703400303124721 1.1949493813715887e-07 9.667713325636616e-08 2.4746565252501303e-05 0.0015272305315680388 8.694505385481828e-05 0.0033764687382820185 0.0004421945456308597 0.003975270748965174 0.002753251094301718 5.040019462256294e-05 7.863364477829724e-06 2.830990824470112e-06 2.2567119680678412e-05 1.4430175257064694e-05 3.5159137322222835e-07 7.251641368007413e-06 0.0 0.0 6.63746453764636e-07 1.5635779739587966e-05 5.580482781717255e-06 2.3899446381746412e-05 2.66174576541179e-07 3.669944897513198e-07 1.7827915437665563e-07 0.0 1.8386765686204453e-05 4.6272205398598964e-07 0.00040317296957162186 1.2540042587529953e-06 1.6745214390577206e-07 4.3579803544096285e-07 2.2330588246790788e-07 0.0003695382129894924 8.512153263071183e-05 0.00015144272949157915 0.00016812548560723908 0.0 4.389924179062927e-06 2.6409738188904552e-05 0.00013490191698006397 5.378461255145426e-05 0.0002332269297967019 0.0 2.6294982432925283e-07 5.382567492481194e-06 1.0424932742220931e-05 5.331254481417289e-06 0.00012536991852234267 2.7593421099866678e-06 3.359667219147877e-05 1.954095197299812e-05 5.332561017160592e-06 1.8600228903612566e-06 1.1550531881765716e-06 1.386450229123331e-06
1.825332669501373e-06 0.001193454346339257 0.00018740258055477792 0.0 4.94694022015887e-06 1.1513657945350708e-06 4.953363565462016e-06 6.428754373084046e-07 0.0013560872275558981 2.565834568219607e-07 3.2174896900043747e-06 1.5822613806850404e-06 8.031075934246012e-05 1.989514678297763e-06 3.9729632583347756e-05 0.0019384986064563113 1.7150387404776468e-05 5.210681724382954e-07 1.9390164081855686e-06 1.471124578545835e-07 0.00013040437850573902 0.0 0.0004360175823005602 0.0030179086326095903 0.00027858722992941487 8.613785662623317e-05 0.004328321426398272 8.531936820917432e-05 1.2386303408525393e-05 1.5163009605621168e-05 8.065057428154129e-06 6.980806589171434e-08 4.412806864709363e-07 7.097380431033625e-06 2.232326552026936e-06 7.308548069110927e-05 3.358317407688868e-05 3.699863425233062e-05 2.3966081004512774e-05 2.773834949332249e-05 8.557724108763633e-07 1.4534591652769903e-06 1.1829248238800257e-07 1.2487973561681337e-06 6.690235960180401e-06 6.154082552910884e-05 3.050886876559181e-07 0.0 4.2732292053968376e-07 8.90342610833252e-06 9.607554906291887e-07 1.2556127842895478e-05 2.0087454194619854e-06 2.174648024800357e-06 0.0 5.7114307344046894e-06 1.9295463455180375e-06 1.9180382261300643e-07 0.0007056612706552972 8.306361221722316e-06 1.9500546808614745e-07 1.1764165849833768e-06 7.909706126370535e-07 7.054019799308978e-05 7.053793888162478e-05 0.0003535908728522653 6.353527139476958e-05 1.0846364980943597e-06 2.4705365671461615e-05 0.0007645633185837934 3.500103012654905e-05 5.003218040468765e-06 2.745197157876172e-05 2.8070988220214433e-07 5.5971896889223704e-08 4.2361510708606846e-07 3.4929821461716064e-06 4.82347133824071e-07 4.274237635139508e-05 5.297158179326976e-06 1.979458683719042e-05 1.2625762674692715e-05 8.84303813740865e-07 3.2913874119457404e-07 5.900104665360646e-07 1.663194901094378e-07
