0.0 5.802357464604675e-08 2.3969620208021273e-05 1.3996467418028252e-06 0.0 9.061548591076905e-06 0.0010139418820231047 0.0003417448075650816 2.91068737728587e-06 1.2203218254080492e-05 7.285236202068301e-06 5.179853971135683e-07 5.303287505924022e-07 0.003064018904069177 0.0 1.0799862733055033e-06 0.00035711534251424925 8.949591439308209e-06 0.00010836926873499296 1.3712229568961502e-06 5.732138976434035e-05 6.184070438700975e-08 4.155581232431869e-05 1.1385829479072031e-05 0.0 0.0001429126515944296 3.6613297169948565e-06 2.132623447629599e-05 0.0021676985233695834 0.0026334584287483883 1.237330936088001e-07 8.489037352131236e-06 1.6562799658177076e-05 0.0001257682573647818 1.9600932989349403e-06 1.063355676427779e-05 4.439450508071794e-06 7.652124877694624e-05 9.508301300703189e-06 2.0393334428208983e-06 3.2617942894663664e-06 2.617562764378826e-07 1.6226474775056414e-07 1.9839123190099642e-07 0.0 0.0 3.933984120380083e-07 0.0 0.0 5.315990802485734e-07 0.0 6.6114873910779e-08 1.399175087834475e-07 0.0 1.7344787477035547e-07 0.0 5.208233465721069e-08 0.0 5.524874721097543e-08 0.0 0.0 9.324769360719831e-08 9.659811184874761e-08 4.853658612001851e-07 0.0 9.346180954922536e-07 6.022475499969727e-07 0.0 6.439233563923735e-07 4.1839449878763126e-07 9.398050396674901e-07 1.6493551041474848e-07 2.2854929035122897e-07 0.0 0.0 0.0 5.322832646456197e-08 0.0 2.9295909776741185e-07 0.0 0.0 0.0 0.0 0.0 0.0 0.0
5.802357464604675e-08 0.0 8.873133321207248e-06 8.875101916392847e-07 4.5797739347074083e-07 1.5483656704827985e-06 3.799022094279889e-05 7.095211559408051e-07 0.00035383969656539336 9.504289299518746e-07 4.902515919579385e-06 1.648792455871828e-07 0.000508142524273798 0.0 2.4104219040267176e-06 0.00044962609958072475 8.54059180637236e-06 3.214454371025451e-06 9.928430925919436e-06 0.0 6.8649794287469465e-06 0.0018169366709542758 4.8158006005977625e-05 0.0002571590979037216 0.0008524836359633304 0.00023769541551979642 0.00835619955923509 2.459999097343566e-05 2.6971229107401914e-07 3.9456025471424404e-07 2.2116512700437013e-05 6.059130879469478e-08 1.0424919875295447e-07 3.6361217309514836e-06 0.0 1.0905616271803149e-05 2.8818482676312324e-05 1.696932514830659e-05 5.8589436720550825e-06 1.083223098770691e-05 0.0 9.323461227786156e-05 7.733224853025044e-08 0.0 2.075414972252577e-05 5.30785798051174e-06 6.039495333120686e-08 0.0 1.6636045533945443e-07 2.4969053832618313e-06 1.1212301659120353e-07 2.3309777457694115e-06 1.489486148916991e-07 1.63050002865486e-06 0.0 9.604536266885644e-06 2.675273871788992e-07 0.0 3.425354232737096e-06 4.891900741515913e-07 1.072358286793211e-06 8.27740747624372e-06 8.06782701493031e-08 7.091574729569274e-07 2.8024641345717322e-05 3.409062473448496e-06 3.663105807493023e-06 3.383561502622722e-05 0.0002538974757946917 0.0013932370439385926 2.1795812014937776e-06 1.6505516592457588e-07 0.0 7.759867489825133e-07 0.0 0.0 1.4047243205265117e-06 2.391682893397808e-07 4.460657337364293e-06 8.986030723319695e-06 4.046535481436169e-06 8.834340279115986e-07 0.0 0.0 2.3960490934842336e-06 0.0
2.3969620208021273e-05 8.873133321207248e-06 0.0 2.4931471452344262e-06 0.0 5.026770777565491e-05 0.0004972649309351867 7.339273440120758e-05 2.7324660412829484e-07 2.672077997600075e-05 8.726118960084109e-06 0.0 1.1191578897538287e-05 0.00015001789230604588 0.0 4.4111769550308756e-05 0.00410279118948562 7.337309061172468e-06 0.00010959858371141823 5.8953291859278094e-08 0.0006592587917672532 1.8817510391801454e-05 0.0036842850799284296 1.665240951980555e-05 2.2634337605903962e-06 0.003883777531060158 0.0026920645525404536 0.0006362345373327468 5.411809040497861e-06 0.0003964918344578551 6.402157584155473e-07 1.214754087668814e-06 2.3129279003863126e-06 0.0008243525248089319 0.00010282555073380321 0.0029944114298532344 0.002752626747898851 0.0037603116403370925 0.0031162358076522187 0.0001022489553822411 1.5417735371859985e-05 6.992444943552319e-06 3.8206165884048915e-05 0.0 9.416143551561466e-06 8.369873961249172e-05 7.473854829587805e-08 0.0 2.9542467334328725e-07 5.284484524651008e-06 2.287483494603646e-07 0.0 1.0559070337335203e-06 3.8252698465754203e-07 0.0 0.0 0.0 0.0 1.2159939091998612e-05 2.5884333961888897e-06 0.0 8.417464943465903e-07 0.0 1.1692123238626286e-06 7.061565795087105e-05 5.97654592932568e-06 2.255677402082939e-06 0.0 7.995649502650242e-05 0.0011819564116396727 2.736096009661396e-06 1.3992412290710627e-07 1.278818446783753e-06 0.0 0.0 8.586155118319646e-08 1.7713603976103506e-07 2.0591789059321093e-05 2.2603922172328463e-05 7.07485866849099e-06 5.202341364705102e-06 1.1042732245055798e-06 0.0 0.0 1.0739755914148874e-06 0.0
1.3996467418028252e-06 8.875101916392847e-07 2.4931471452344262e-06 0.0 1.4557255423430666e-06 5.281783237230441e-05 0.0003426171788784187 2.09239273663461e-05 0.0006707169597248826 0.001327232749053783 1.0216690119526489e-06 0.001534224325773483 1.8872691321856696e-06 2.8841326533193568e-05 6.62595501045613e-05 9.342272694412656e-08 1.969948812273345e-06 5.214126261838362e-07 9.436531461939187e-07 0.0033189050705865995 1.1197503250402892e-07 4.4650613202589823e-07 3.054464267736271e-07 0.0013002857122657195 0.0 1.3593402671087524e-05 9.121434013814139e-07 0.0013004554176595138 3.763860683479728e-05 5.422848942529126e-07 0.0 4.007962244883188e-06 1.4255555477663858e-06 1.3619334313048632e-05 9.050165492360961e-06 0.00014806000386851653 2.606863879910906e-06 8.420055317022092e-05 4.0945281554595815e-05 0.0003098028619486949 1.2264007931147421e-05 2.075475381248661e-06 2.2510167775441275e-06 2.024963894563779e-06 7.659602961554793e-08 1.4347471327279765e-07 0.00023297316353624236 0.0 1.3902227277511481e-05 7.669318838418573e-05 4.80096927051689e-06 7.969471813156817e-05 0.0001413700144927809 2.9791418087401314e-07 7.51466715680902e-05 0.0 5.509359688499685e-06 1.265522625382649e-06 1.1045263693209463e-06 0.0 0.0 0.0 0.00019134357804422996 1.1254221727533196e-06 9.447620204433553e-08 2.450594295807248e-06 0.00021625833328624101 0.0 3.0794848024362075e-07 7.204729293585734e-07 0.00010175556565086923 3.662776836931184e-06 3.241636427776522e-06 0.0 7.260330192774544e-07 5.954049171078272e-07 1.9747024226060847e-06 6.825616296957865e-07 0.00020786350280784473 1.5156402957975985e-07 1.2653702288946041e-05 5.306900565856107e-06 0.00024757564612403073 6.635048012565574e-06 6.682333312247094e-07 7.215078584731007e-07
0.0 4.5797739347074083e-07 0.0 1.4557255423430666e-06 0.0 0.00011351847780382712 5.786075931407973e-07 2.2791557384991202e-05 1.823403467997944e-05 3.3962421226763964e-06 3.6404267484750745e-05 2.5557006764575322e-05 2.6588547255874746e-06 3.5188243289175872e-06 0.00017962963790336161 0.0 7.41244893879888e-07 6.427381647082276e-06 4.765578109751845e-06 1.6061887574372297e-06 0.0 2.3619436441574603e-07 0.0 9.931219066890332e-06 0.0 3.768165524242889e-06 1.4856531128696147e-07 1.037043182053604e-06 2.3937982078420327e-05 0.0 1.6242112422675267e-07 2.5819724639070067e-05 0.0 0.00028708701012161215 6.052511126769258e-07 9.66624989139836e-06 2.531978110859984e-06 0.00014535887587348976 9.958658520088808e-06 0.0008510797215339307 0.0001477350327661878 0.0 0.0 0.0 0.0 0.0 2.2691488111962626e-07 0.0 0.0 3.903747553859858e-07 0.0 0.0 0.0 0.0 0.0 0.0 0.0 0.0 0.0 0.0 0.0 0.0 3.0541452460786857e-07 0.0 0.0 0.0 4.033284760597164e-07 0.0 0.0 0.0 1.566124780141405e-07 0.0 0.0 0.0 0.0 0.0 0.0 0.0 8.01216415364172e-07 0.0 0.0 0.0 0.0 0.0 0.0 0.0
9.061548591076905e-06 1.5483656704827985e-06 5.026770777565491e-05 5.281783237230441e-05 0.00011351847780382712 0.0 0.0017825652875447591 0.004217486841135451 1.2859443599026173e-05 0.006482416279594302 8.219435160842805e-05 0.0027656561287164936 1.334149247081483e-05 0.00027910945467705375 0.0008677337662646797 6.088500232458268e-07 0.00010126129223675536 3.709250011140671e-05 9.671605452016539e-05 0.00030650031837385963 2.3767636948333835e-06 7.484421478491232e-07 6.958000276249683e-06 2.7836130684917863e-05 5.091048849207823e-07 0.0003589541917217717 1.5174864653026855e-05 0.00022228825768818206 0.00012886822683314165 0.00015801068311579357 3.863105405780242e-07 0.0005802456845181546 1.456158471065159e-06 0.0003739578060031679 4.176896408831153e-06 0.00010180772280913294 1.1745936964075547e-05 0.0005541454361589618 8.100873655640137e-05 0.0010455414989956422 0.0006271296979718225 1.7400056817156355e-06 1.667733681284604e-06 0.0 0.0 0.0 3.065985120183066e-06 0.0 0.0 1.090632875066214e-05 5.137634923864221e-07 1.9916841317947516e-06 2.281145680118502e-06 0.0 5.868539767608488e-07 0.0 8.251706902168142e-07 0.0 6.84763830099972e-07 0.0 0.0 9.38687943606052e-08 4.18541698646991e-06 7.787447788462807e-07 8.859877321009702e-07 8.666297827822875e-07 9.496928645564833e-06 0.0 8.995141139209896e-07 2.1349691421075477e-06 1.0594404585080033e-05 1.300233554872912e-06 1.8574568845128317e-06 0.0 0.0 3.522623752764655e-07 2.8058100201556177e-07 0.0 8.793740336053684e-06 1.3494654069255923e-07 1.307582690614057e-06 6.127449616910313e-07 5.119684452384166e-06 1.1126322998289241e-06 0.0 0.0
0.0010139418820231047 3.799022094279889e-05 0.0004972649309351867 0.0003426171788784187 5.786075931407973e-07 0.0017825652875447591 0.0 0.0010950589325389132 0.00010672870939184961 0.005554119241180379 9.610814311185622e-06 2.327861453006338e-05 4.803012390799239e-06 0.0033118509652065795 1.1729835521824195e-05 1.1178089287857736e-05 0.00017926979494279244 8.64717840486959e-06 4.375658378994484e-05 0.00011716721706521842 8.801600474041975e-05 1.0050128336403633e-05 5.8917026934824385e-05 0.0010817532249270045 5.082253130847939e-07 0.0010644797381678336 0.00039949909704276135 0.008989253365826552 0.0006833827278598306 0.001355235870250087 6.55910012015991e-07 2.593588135850613e-05 5.782144093743431e-05 0.00023855956882713175 0.00010746336051617274 0.0011914191934923072 5.622313640303309e-05 0.0010180152334326599 0.0005137026802742136 0.00034710606040426294 0.00012287662423723719 1.8018024923729092e-06 1.9514362643770685e-05 6.211374206414871e-06 9.448716332315728e-07 1.4029586650770836e-06 4.165414449648973e-05 0.0 2.294449104989938e-06 0.00014472575218699312 1.0064591292632786e-05 3.623652166688233e-05 4.241795504467236e-05 0.0 3.4878526181178383e-06 0.0 1.2777884567266221e-05 1.4182036614709148e-06 8.825935335633989e-06 1.7549957507643196e-07 0.0 4.303184929457151e-07 4.6806216073607776e-05 1.742928520103761e-05 9.51914550399246e-06 1.1197668373215392e-05 0.000123760828168759 0.0 5.795517825342096e-06 2.5472945116441234e-05 0.00013069639933760446 1.4071463418209058e-05 1.1906477191023239e-05 0.0 0.0 3.0061936256777506e-06 2.8040149188494104e-06 5.263331998550431e-06 6.861222450004342e-05 1.700947400898825e-06 3.197614771251649e-05 8.39740723180451e-06 3.695936889179298e-05 7.2478262538317395e-06 1.120424018951068e-07 4.6918849085615307e-07
0.0003417448075650816 7.095211559408051e-07 7.339273440120758e-05 2.09239273663461e-05 2.2791557384991202e-05 0.004217486841135451 0.0010950589325389132 0.0 1.1289321359390641e-05 0.0016098740283458203 0.00023296713848323852 0.00026496289787837976 1.6669879753029102e-05 0.00500722445032051 0.00011493246483140059 3.747434928911526e-06 0.0006103002048988024 0.0001375793434703509 0.00040159295028685586 0.00010412214950362932 5.058135401852418e-05 3.4439545727837116e-07 3.3843055834319306e-05 6.352624068788439e-05 5.52601784294666e-07 0.0007505001546602741 2.9527678362784474e-05 8.650878126239643e-05 0.000633762402524895 0.0008395117041210073 1.234099085927825e-06 0.0013084239996444648 9.622781260899868e-07 0.0005718542524946186 3.23935867028466e-06 0.00011937726115907704 2.6589214444404707e-05 0.0007468292645025857 6.864946890755376e-05 0.00018985866883476947 0.00021606235213694937 1.4449133179792055e-06 1.4628402583603896e-06 4.077192392359391e-07 7.771035806495814e-08 0.0 2.987180369857031e-06 0.0 2.2498975748565854e-07 1.7226275924884538e-05 4.472490546171911e-07 1.6301904612281914e-06 1.6179647248638857e-06 5.50895818006329e-08 0.0 6.209633109790817e-08 1.32114918361856e-06 0.0 9.488871781534493e-07 0.0 0.0 1.4899223143378959e-07 3.161590977021382e-06 2.557683682842029e-06 5.099679534308134e-07 1.0083511264149806e-06 1.0612826429076366e-05 0.0 2.669159304233352e-06 3.287924751728791e-06 1.4152665585801207e-05 1.3622703929732936e-06 1.0867784111345303e-06 0.0 0.0 2.5289366203813076e-07 5.164563746246994e-07 1.9106493215739687e-07 7.961797606244336e-06 5.942852581267772e-07 1.7762725166319343e-06 3.6645103940512894e-07 1.1133725870053738e-06 6.096429078440742e-07 0.0 0.0
2.91068737728587e-06 0.00035383969656539336 2.7324660412829484e-07 0.0006707169597248826 1.823403467997944e-05 1.2859443599026173e-05 0.00010672870939184961 1.1289321359390641e-05 0.0 0.00012741392302887544 9.839531039932298e-07 6.93366084575239e-05 4.544535960628418e-06 1.9137375753141733e-05 0.0004765990381085995 0.00017910851404700218 5.831663533521836e-07 4.27412632514084e-07 7.067125713149645e-07 0.00022688440237639257 1.4415676413521611e-05 0.0014351328423044172 2.737790511468725e-05 0.0042833622256776465 2.301297697839899e-05 4.450115712108601e-06 0.00020172080722651603 0.0007252369059847211 4.730761755991905e-05 5.425638303125661e-06 3.337679337036208e-07 2.240774736695449e-06 9.936967239287598e-06 1.5442781834265818e-05 1.0075059612417366e-05 0.0001356807049133291 5.895741048388866e-06 6.855971773139929e-05 3.518724245840614e-05 0.00024939787687677366 6.002515029998726e-06 1.157838223084093e-06 1.078904281993233e-06 9.738239045291729e-06 5.625499422729725e-07 5.32970894698318e-07 0.00016470034122244209 1.0737021223484841e-07 1.3837154326372741e-05 0.00017422272069601415 1.3478271985174795e-05 9.323551443835843e-05 7.26994952006416e-05 5.367364760661104e-08 5.138384656742737e-05 0.0 2.5468491619304247e-05 6.861694192246297e-06 3.8015651054227905e-05 0.0 0.0 1.6771378776989708e-07 0.0001199348013440465 1.8808088864762618e-05 3.401939780397185e-05 4.472695145195969e-05 0.00047910899618131773 0.0 2.7660493458456786e-06 5.683669281236575e-05 0.00023093955487971034 2.3095648010232135e-05 6.7771435893703655e-06 0.0 1.9231149617130474e-07 4.411908597790775e-06 4.8888833620979495e-06 2.8704417653227342e-06 8.891817978324018e-05 1.521653169602824e-06 2.808253827972488e-05 9.529251884943118e-06 8.918448151914685e-05 5.957445060886923e-06 0.0 8.739899804426913e-07
1.2203218254080492e-05 9.504289299518746e-07 2.672077997600075e-05 0.001327232749053783 3.3962421226763964e-06 0.006482416279594302 0.005554119241180379 0.0016098740283458203 0.00012741392302887544 0.0 2.3874619413432765e-05 0.0016969835971916963 1.2368043367052766e-05 0.0007424792628229138 3.9169995160730715e-05 1.4206591772674793e-07 1.5142939809054489e-05 1.3350368855043915e-05 1.773346033865937e-05 0.0033069212760085684 4.897009224529835e-07 1.0263428647387791e-07 1.7935815631075454e-06 0.00011599223419778334 4.110666467932182e-07 0.0001095542432170325 7.870978852535158e-06 0.003111074481351058 0.0004326227063821014 2.9352610420044843e-05 1.1413153532657136e-07 7.246371489913036e-05 3.596096713445309e-06 0.00017082866418512743 5.7108088336076765e-05 0.0005357204456350889 1.3206756200405552e-05 0.0011096119751642967 0.0003404480234420093 0.00034059288233656527 0.00014858189629798546 2.0884085004837093e-06 1.8340463362542943e-05 1.7278617157066863e-06 0.0 8.809249722552432e-07 0.00022237206181620044 0.0 1.0436331865492882e-05 0.00011788486196843621 8.028787659633036e-06 4.374297474863679e-05 0.00012652319532833832 4.6766956226199746e-07 3.855099991614849e-05 0.0 1.0138365876115754e-05 5.883617709405149e-07 2.3533885886400557e-06 0.0 0.0 0.0 0.0001884208202366852 3.5044685590186504e-06 7.542161967791795e-07 2.4219075834935396e-06 0.00018531149719063945 0.0 7.818280436353135e-07 1.92359949424584e-06 0.00011031505790195507 6.896617080732263e-06 2.7945756688589792e-06 0.0 1.479209054492249e-07 8.052615553977134e-07 2.957803989095326e-06 1.3273009753427477e-06 0.00010219876455475313 7.52072875295276e-07 2.2269261114445207e-05 6.6622995837136545e-06 0.00011199854936824846 3.819286764045424e-06 0.0 6.339561193752211e-07
7.285236202068301e-06 4.902515919579385e-06 8.726118960084109e-06 1.0216690119526489e-06 3.6404267484750745e-05 8.219435160842805e-05 9.610814311185622e-06 0.00023296713848323852 9.839531039932298e-07 2.3874619413432765e-05 0.0 1.2478125873189913e-05 0.0008326443683883189 9.619821909649338e-05 2.6051038065942113e-06 1.3107752568882593e-07 0.00015840272650668872 0.0023426566217627054 0.0008448106329578198 5.871699207826867e-06 2.336008159949148e-06 3.627753606517627e-07 9.702367428784489e-06 2.1077672771009034e-06 9.880360812064575e-05 0.0009632863037992822 0.0001588111571245619 4.544410667548328e-06 0.0003042246460431169 5.086319648445569e-06 0.0001878180435695888 0.00021350968977226786 1.0327317730093556e-05 0.004065296182040965 2.704703719915258e-06 0.0002035702138440645 0.0018133817562523615 0.002399147909677148 0.0003918630864556051 1.7633827909095317e-05 9.22451117279705e-05 0.0004066632754341759 1.2036645093470905e-06 1.5014666253883315e-07 2.3889473157333077e-06 0.0 3.0624475704299785e-07 0.0 0.0 1.4528350082560066e-06 4.955477139500109e-08 7.077700805615183e-08 3.968837950762549e-08 7.252920250592873e-05 0.0 0.00023587890818019738 3.896345321759154e-07 0.0 1.9002613520911163e-07 0.0 5.042095975859048e-07 9.870755332643273e-07 1.0713268459785885e-06 3.039999550299465e-07 6.883596148451191e-07 2.3835811676131884e-07 1.4608395349944917e-06 2.9739485480981233e-05 2.9430146700004135e-05 5.5806408671936326e-05 1.4031265341794874e-06 6.637224178653227e-07 0.0 2.5979935042570864e-05 0.0 0.0 2.657740644474732e-07 2.6041671298388706e-06 7.868555008625387e-06 8.470016465121418e-05 5.155863568071799e-06 2.7360776683681293e-07 0.0 6.503645192249525e-08 9.077786054849545e-05 0.0
5.179853971135683e-07 1.648792455871828e-07 0.0 0.001534224325773483 2.5557006764575322e-05 0.0027656561287164936 2.327861453006338e-05 0.00026496289787837976 6.93366084575239e-05 0.0016969835971916963 1.2478125873189913e-05 0.0 4.550261237326182e-06 7.336895714691407e-05 0.0013026857025581343 0.0 7.674020514447652e-07 7.482368899713538e-06 3.3321846932525894e-06 0.0036494251466117605 0.0 1.063170254097906e-06 0.0 0.00013832695186974622 1.4324805053861786e-07 3.6493171080787907e-06 5.100946068625778e-07 0.0007043265293479317 6.993404374001794e-05 1.5078301543581068e-06 7.902899513106298e-08 7.120518527453778e-05 0.0 4.197166062004107e-05 7.773500601681859e-07 0.00022849031911466796 2.165026048389382e-06 0.0002515166478807859 1.3074726906160206e-05 0.001534160451377458 4.692366125503643e-05 6.7319696834204395e-06 4.674706353500465e-07 7.5147434188062e-07 1.4735167290088702e-07 0.0 7.718310492877576e-05 0.0 7.827433317390595e-06 1.827971354932383e-05 3.8089367692699735e-06 5.688603987639708e-06 3.210864375664107e-05 3.949124962450096e-06 5.7960548627586585e-05 1.2814029017440494e-06 2.208157993980645e-06 2.580040320602533e-06 1.5561648736713643e-07 0.0 0.0 0.0 5.2623196218491665e-05 1.0339166973140348e-06 5.291155983508133e-07 7.296141386639536e-07 3.4489882108689845e-05 0.0 0.0 4.7218835201493504e-07 2.121051539350757e-05 1.4639617126644958e-06 1.1718530735014677e-06 0.0 0.0 5.143460853792623e-07 2.897190172663835e-07 1.0156498182691106e-07 0.0001314005776547739 0.0 2.5893473734082946e-06 2.7767806356815443e-06 0.00011495958041855429 4.2191383091578616e-07 0.0 7.668646443025303e-07
5.303287505924022e-07 0.000508142524273798 1.1191578897538287e-05 1.8872691321856696e-06 2.6588547255874746e-06 1.334149247081483e-05 4.803012390799239e-06 1.6669879753029102e-05 4.544535960628418e-06 1.2368043367052766e-05 0.0008326443683883189 4.550261237326182e-06 0.0 7.154782672677667e-06 8.450806864498276e-07 6.4441460880657215e-06 9.931616852483428e-06 0.00011959813683782955 1.1377504612968542e-05 4.090022333824018e-06 5.7243309974846215e-06 2.8475367736402196e-05 1.3868597699669694e-05 4.411548599270368e-06 0.0036954203897425057 0.0006241339078210779 0.0016620555895019496 5.822333956021578e-06 1.3248449243608064e-05 2.4613438032680455e-06 0.0006492857758781064 1.3764822368121824e-05 0.0 0.0006014555154692675 2.5719530520726053e-05 0.0011630821266764902 0.004632953855919063 0.003326518796400091 0.0003161135272302209 5.757274719274642e-05 0.00011730840162431496 0.001667979420290017 8.908389457473637e-06 6.607934698350528e-08 1.839873744232509e-05 1.2427418265584932e-06 2.1493806352520358e-07 0.0 5.8232578395009805e-08 1.4728627111564803e-06 5.3598623572098227e-08 8.896898332335691e-07 9.100936584465555e-07 0.0004912734722167278 0.0 0.001674198310584424 2.7175611072211916e-07 0.0 9.735382686309114e-07 0.0 4.969178801993724e-06 2.3123930860146674e-06 3.7886044883204457e-07 2.30663856815254e-06 2.7325341654773067e-06 3.5150982361281833e-07 1.13446891650919e-06 0.0003211953177434177 0.00036830424186014277 0.0007038438891624003 8.536789917687461e-07 8.352413096968032e-07 0.0 0.0002125161410631301 1.0371438011688389e-07 0.0 2.3658699645085353e-06 3.60086272728551e-05 0.00021621457655969728 0.0004171678765441894 2.2211922687956328e-05 2.2377733915166585e-06 8.417588330347878e-06 0.0 0.000459097940356314 0.0
0.003064018904069177 0.0 0.00015001789230604588 2.8841326533193568e-05 3.5188243289175872e-06 0.00027910945467705375 0.0033118509652065795 0.00500722445032051 1.9137375753141733e-05 0.0007424792628229138 9.619821909649338e-05 7.336895714691407e-05 7.154782672677667e-06 0.0 6.1004782227696525e-06 9.039871975634341e-06 0.0008745829321084129 8.010434734506714e-05 0.0004061508945388386 7.76319336971055e-05 0.00010895867874858385 4.518812994055526e-07 6.501376173844453e-05 0.0001259767006147396 1.7088568011018773e-07 0.0008206353212183554 2.868604974141793e-05 0.00017161779559869147 0.002416670931709905 0.0019864342748343406 5.622399057595192e-07 0.0004834610362776109 6.7100180466606575e-06 0.0009109673351004809 3.6411685418465443e-06 6.921394615258207e-05 2.3191253191159043e-05 0.0009036602551217617 4.7687299366917147e-05 3.223663644396793e-05 2.553706706662001e-05 8.616886699330081e-07 8.117483561099805e-07 1.39896961502967e-06 0.0 0.0 3.5763621215542254e-06 0.0 0.0 1.629146639507561e-05 7.821181354315828e-07 2.978674675062612e-06 2.5717210494250503e-06 0.0 0.0 0.0 1.2898370991836883e-06 0.0 2.281198341506679e-06 0.0 9.520166607840126e-08 4.251259325223429e-08 3.4677786547315806e-06 2.2913375926476384e-06 1.3697863146528133e-06 5.340803118090965e-06 1.0695016045671624e-05 0.0 2.7040915957771326e-06 4.169597230832537e-06 1.068741647728961e-05 3.245273620091448e-06 1.4232540843342151e-06 0.0 0.0 8.745810766996039e-07 1.309664160873236e-07 2.4450391270351767e-07 5.526883602309063e-06 0.0 1.9469245232927287e-06 5.572563789360873e-08 1.1342336908089841e-06 1.3690128928916893e-07 0.0 0.0
0.0 2.4104219040267176e-06 0.0 6.62595501045613e-05 0.00017962963790336161 0.0008677337662646797 1.1729835521824195e-05 0.00011493246483140059 0.0004765990381085995 3.9169995160730715e-05 2.6051038065942113e-06 0.0013026857025581343 8.450806864498276e-07 6.1004782227696525e-06 0.0 4.122305236003277e-07 1.1868883284007571e-07 8.243975584366111e-07 7.259581061179998e-07 9.374770752200837e-05 4.4459761406409517e-07 2.8852339164224965e-05 0.0 0.00044331732613472874 1.278890148830948e-07 5.106915155311901e-07 3.2155757528343273e-06 4.467409300895341e-05 1.0239627657302983e-05 2.297347289456007e-06 8.614370261953512e-08 7.362624007105076e-05 4.980122660638114e-07 9.576678900006605e-06 1.1619416961914768e-06 0.00010588816861258692 7.396906515797242e-07 2.8997850967882725e-05 1.6143164279854472e-06 0.0007882954009093278 3.0253473017744694e-05 5.023079538777046e-06 9.699583773989021e-08 2.8239728898671836e-07 0.0 0.0 9.04584385551904e-06 0.0 1.2195484445854083e-06 5.310895509339302e-06 0.0 1.7551504299992342e-06 9.185027060114751e-06 0.0 5.3529735619166755e-06 0.0 3.550270491148691e-07 0.0 4.1062942805926177e-07 0.0 0.0 0.0 7.789317901010249e-06 4.511952429257944e-07 5.347650322444045e-07 8.043290535147529e-07 8.059332330882044e-06 0.0 0.0 1.6088856226487486e-07 5.651104593082226e-06 2.8021913994129247e-07 5.085159592563538e-07 0.0 0.0 0.0 0.0 0.0 4.0630328866652405e-05 0.0 7.03180450175299e-07 2.825592006869618e-07 2.8696537080539396e-05 1.403650431622334e-06 0.0 0.0
1.0799862733055033e-06 0.00044962609958072475 4.4111769550308756e-05 9.342272694412656e-08 0.0 6.088500232458268e-07 1.1178089287857736e-05 3.747434928911526e-06 0.00017910851404700218 1.4206591772674793e-07 1.3107752568882593e-07 0.0 6.4441460880657215e-06 9.039871975634341e-06 4.122305236003277e-07 0.0 7.3253797322183185e-06 5.921179620437706e-07 1.51087542311761e-06 0.0 0.00020968770933280103 0.0021916638591905177 0.0008889351194807026 0.001047224791351653 1.8528359937568635e-05 2.5136291497302134e-05 0.0023105070477747324 0.001255282645343089 3.4131651175516e-05 1.7617864894354016e-05 1.8909684443841142e-07 1.9521213694635397e-07 3.3681727972280924e-05 6.356847851142051e-05 2.7421189436723754e-05 0.0004898262554651519 5.87224187769638e-05 0.00018156419616468275 0.00011251417754456889 2.9123230769325723e-05 3.985645462441649e-06 7.485849489537737e-06 5.362729893251176e-06 2.1056224093363813e-05 2.546789069781142e-06 4.333463304403134e-06 4.937753420307165e-06 7.704538916836742e-08 6.167044635354583e-07 0.00016291790836817769 7.072242567230452e-06 8.664638348887749e-05 6.8980478551263675e-06 4.0692358276123896e-07 2.4840276290606073e-06 1.1323755015947123e-06 2.3086262202019708e-05 5.308192584379415e-06 0.0001928636723361023 1.135819502649732e-06 1.0344417760026926e-07 2.678123787224955e-07 6.11513633189435e-06 0.0001434742508726322 0.00024052798023732044 0.00040332438642040467 0.0002798198678377626 1.5927840908444633e-07 5.582705377406903e-06 0.00030405986186862765 0.0002630348662133879 5.609476371276669e-05 7.56216517625972e-05 5.557338085227153e-08 2.923282186867647e-07 8.215237643511135e-06 6.038402070932319e-06 2.7760342546413235e-06 9.436949651101635e-05 5.269813050817378e-06 2.8689618511028726e-05 9.214986426196427e-06 2.6977448259988325e-05 4.713550871469664e-06 0.0 1.0386582563808424e-06
0.00035711534251424925 8.54059180637236e-06 0.00410279118948562 1.969948812273345e-06 7.41244893879888e-07 0.00010126129223675536 0.00017926979494279244 0.0006103002048988024 5.831663533521836e-07 1.5142939809054489e-05 0.00015840272650668872 7.674020514447652e-07 9.931616852483428e-06 0.0008745829321084129 1.1868883284007571e-07 7.3253797322183185e-06 0.0 9.92496150377225e-05 0.0014093095822222197 3.266485609338574e-07 0.001378119007260345 5.56755360135039e-07 0.0021783751943010633 5.586642056047061e-06 1.3911605652830582e-06 0.0020262125106298074 0.0020373296330004217 7.993002710320736e-05 0.0004519051848333908 0.0008157234816658846 1.300084897006538e-07 1.5102150305890429e-05 6.699340907776728e-05 0.004626587630587277 2.985609977751769e-05 0.0011546778437369135 0.0016535265636102065 0.003672824946527025 0.0013064544926799592 2.4690132681395766e-05 4.637603337275727e-06 5.945276211956282e-06 9.354225695191711e-06 7.589835257681471e-08 8.157190490857537e-06 5.280029244984241e-07 5.11515385443754e-08 0.0 5.78186093078541e-08 9.519507242398398e-07 5.749396713770733e-08 2.447362727099141e-07 0.0 0.0 0.0 0.0 0.0 6.755872303289278e-08 6.679470475602436e-07 3.546743086463421e-07 4.52494191140234e-07 3.8137666147340142e-06 0.0 2.754158831690719e-07 9.746034623718782e-07 9.289533778983441e-07 5.90156151558844e-07 8.074951163856422e-08 7.295134302516527e-05 0.00015831411200457226 9.267209299254218e-07 0.0 1.1312106269120799e-07 0.0 0.0 0.0 3.437534096678321e-07 1.292518677283349e-05 6.3440328871920056e-06 1.1440471125637897e-05 1.6269633872243643e-06 3.443777897643038e-07 0.0 0.0 0.0 0.0
8.949591439308209e-06 3.214454371025451e-06 7.337309061172468e-06 5.214126261838362e-07 6.427381647082276e-06 3.709250011140671e-05 8.64717840486959e-06 0.0001375793434703509 4.27412632514084e-07 1.3350368855043915e-05 0.0023426566217627054 7.482368899713538e-06 0.00011959813683782955 8.010434734506714e-05 8.243975584366111e-07 5.921179620437706e-07 9.92496150377225e-05 0.0 0.0010987522185777355 4.0128037706081585e-06 2.6479178861871485e-06 0.0 1.004184514226429e-05 1.2806055011193965e-06 5.464280495435935e-06 0.0008346085410493006 0.0003937281614630145 2.712442474875027e-06 0.00014633930139155963 6.832290817672362e-06 0.0001135950339269506 7.588907729824195e-05 4.833716688016527e-06 0.0009709187490667481 6.1898926585793545e-06 0.000367964422139753 0.0010300977760581474 0.00182258213753786 0.0004197883444355187 6.4475970913071075e-06 7.207718826306411e-06 9.663872491344659e-06 4.156904620920656e-06 0.0 3.134625783355125e-07 8.536929151173896e-08 0.0 0.0 0.0 5.832850067220629e-07 0.0 9.132659132629973e-08 0.0 2.8347950665468372e-05 0.0 5.6917441863446376e-05 0.0 0.0 0.0 0.0 2.2748239979543126e-06 1.4332737140807494e-06 0.0 2.7689999273055556e-07 5.993842527943803e-08 0.0 6.550520267009315e-07 7.553984664791017e-06 6.780398928411601e-05 9.306042761274351e-05 4.4091144482446163e-07 2.508812754690049e-07 0.0 1.5648987182050694e-05 0.0 0.0 4.891910251184358e-07 5.183034183369757e-06 9.465836835755026e-06 2.910975663950905e-05 3.742985401954505e-06 0.0 0.0 9.666296522889145e-08 2.026985743892672e-06 0.0
0.00010836926873499296 9.928430925919436e-06 0.00010959858371141823 9.436531461939187e-07 4.765578109751845e-06 9.671605452016539e-05 4.375658378994484e-05 0.00040159295028685586 7.067125713149645e-07 1.773346033865937e-05 0.0008448106329578198 3.3321846932525894e-06 1.1377504612968542e-05 0.0004061508945388386 7.259581061179998e-07 1.51087542311761e-06 0.0014093095822222197 0.0010987522185777355 0.0 2.5135272389205512e-06 4.3729740138796606e-05 9.487471813348843e-07 0.0001033893392698792 2.0192106645580954e-06 2.8722527132334007e-06 0.0030570209995354172 0.0009505867353431676 1.1216629820533e-05 0.0003481970164319355 9.282526215180933e-05 2.6645481384993077e-06 6.169916166096343e-05 5.144220264784384e-05 0.00291294003096307 9.325610412001977e-06 0.0007941034193132458 0.0010943432476828406 0.002451398742239069 0.0005621073537789278 8.126912840863858e-06 3.1355515005374135e-06 6.716521005280433e-06 3.254757279807078e-06 0.0 2.489511594723245e-06 0.0 0.0 0.0 0.0 4.870937978077291e-07 0.0 2.300069817979053e-07 0.0 1.88116851782965e-06 0.0 3.362713112776738e-06 0.0 0.0 3.199056388373554e-07 1.4186892686388857e-07 2.093788670034255e-06 7.0461501777572114e-06 3.757302241914769e-07 0.0 4.0675721047211924e-07 0.0 3.1015613911220517e-07 8.202146518789426e-07 9.441825892660179e-05 0.00011228224848820112 7.042161724729344e-07 0.0 7.027593381757458e-08 1.0813068720072515e-06 0.0 0.0 1.4310687247424104e-07 5.986253923399269e-06 7.229349471244108e-06 1.0135610660772693e-05 1.763990732925754e-06 4.007682686217439e-07 2.2969434824943692e-07 0.0 0.0 0.0
1.3712229568961502e-06 0.0 5.8953291859278094e-08 0.0033189050705865995 1.6061887574372297e-06 0.00030650031837385963 0.00011716721706521842 0.00010412214950362932 0.00022688440237639257 0.0033069212760085684 5.871699207826867e-06 0.0036494251466117605 4.090022333824018e-06 7.76319336971055e-05 9.374770752200837e-05 0.0 3.266485609338574e-07 4.0128037706081585e-06 2.5135272389205512e-06 0.0 2.230836190731795e-07 8.331587690668707e-08 2.2320936844677775e-07 0.00018490824181535844 5.965405975347744e-07 2.4567375970606387e-06 3.1665851350571174e-07 0.0015124647022133246 7.032182683782929e-05 5.034571354751893e-07 6.400267846722744e-08 2.2478472321303068e-05 1.1538399704068568e-07 3.609896173283931e-05 1.0061693688128558e-05 0.00014877370836598639 1.5722099274268174e-06 0.00022777493495388512 5.564213268474704e-05 0.00042285866474915174 3.726604386538357e-05 2.4191733875028405e-06 3.55484493165195e-06 2.218402375998819e-06 0.0 1.1455488188498808e-07 0.00014850286951182673 0.0 8.327409146618134e-06 7.131898162177042e-05 7.180951608585259e-06 3.286927035268863e-05 9.05496757300468e-05 0.0 3.47670814129042e-05 0.0 7.915329715871033e-06 5.186864856925511e-07 8.715655992153292e-07 0.0 0.0 0.0 0.00014828194794359344 1.6369385432793209e-06 2.392150359700502e-07 2.6332315081870537e-06 0.00012986728286419947 0.0 0.0 1.2635794120565076e-06 7.358290340745795e-05 4.188671881584472e-06 4.260061082009555e-06 0.0 4.3548956066551504e-07 7.658985813923653e-07 1.9691789001342533e-06 0.0 0.00014844909640502856 0.0 1.9879535809751264e-05 5.1836577702831215e-06 0.00014796296271699327 3.47601838158372e-06 3.1488374583227716e-06 1.652682686391488e-06
5.732138976434035e-05 6.8649794287469465e-06 0.0006592587917672532 1.1197503250402892e-07 0.0 2.3767636948333835e-06 8.801600474041975e-05 5.058135401852418e-05 1.4415676413521611e-05 4.897009224529835e-07 2.336008159949148e-06 0.0 5.7243309974846215e-06 0.00010895867874858385 4.4459761406409517e-07 0.00020968770933280103 0.001378119007260345 2.6479178861871485e-06 4.3729740138796606e-05 2.230836190731795e-07 0.0 3.887699454878289e-05 0.005996407285894589 0.00012058993666350259 5.616384000404206e-07 0.00017991041624165847 0.0005216006004609555 0.0010964906395649684 0.00027202056736486173 0.0027568244709250786 5.5321225383577016e-08 9.935458349150627e-07 0.00021692658375192667 0.0015253115886874951 0.0001137113725028041 0.0017970206755789065 0.0003005313434689851 0.0015115879695847998 0.0006241529111450521 8.017321364111467e-05 7.97374242359122e-06 4.350001372633325e-06 2.2025948149120682e-05 1.0646087308970113e-05 1.2042421939863967e-06 0.0 1.269066627211233e-06 0.0 7.10196380780271e-07 7.579601718391093e-05 4.775054136146166e-06 2.212073932588298e-05 5.914666145745113e-06 2.6078343266502914e-06 6.125595913871468e-07 5.3338391281862925e-08 1.097851990185368e-05 2.291500638685015e-06 0.00010844791230709996 2.1370628853827745e-07 3.860253315487369e-07 6.071489781042994e-07 2.892041889768477e-06 9.747091089034015e-05 7.299570779052765e-05 0.0002900832526724447 0.00010299940316180965 0.0 7.075235967784888e-07 8.861925290796519e-05 9.944152827494949e-05 2.942820982787844e-05 6.110011879034077e-05 0.0 4.958748806599422e-07 4.8736705919662005e-06 3.1011595244739316e-06 7.423641711948728e-06 6.210776045710991e-05 1.743941878475733e-06 1.3804182365558302e-05 4.852742024954156e-06 1.2889328098857073e-05 1.7586523419499898e-06 1.7611231840911253e-06 3.371315375482346e-07
6.184070438700975e-08 0.0018169366709542758 1.8817510391801454e-05 4.4650613202589823e-07 2.3619436441574603e-07 7.484421478491232e-07 1.0050128336403633e-05 3.4439545727837116e-07 0.0014351328423044172 1.0263428647387791e-07 3.627753606517627e-07 1.063170254097906e-06 2.8475367736402196e-05 4.518812994055526e-07 2.8852339164224965e-05 0.0021916638591905177 5.56755360135039e-07 0.0 9.487471813348843e-07 8.331587690668707e-08 3.887699454878289e-05 0.0 0.00035340030829653064 0.0021097545807894306 0.0001463197507989597 1.1228511596880492e-05 0.0033130347215128845 0.0001303550450253863 1.5824271834355832e-06 5.724192203233994e-06 1.848868007838278e-06 0.0 2.4678450603821196e-07 9.6570637862233e-07 2.8797197603344205e-07 6.674086182352608e-06 2.3565837647425493e-06 4.450982972548714e-06 1.5431767689363436e-06 7.125720086241002e-05 5.12840504436333e-07 3.6215519124884397e-06 0.0 4.03396238630808e-06 2.3594457015934676e-06 1.9466444435142066e-05 4.47203570256814e-07 9.234053520386707e-08 8.995538242494945e-08 2.7757527287961783e-05 8.907761870529335e-07 4.5937037307354936e-05 4.3861385349047383e-07 1.3518449136053974e-07 9.558054917986059e-07 2.97708908497198e-07 5.000018332666504e-06 3.2779039492652956e-06 8.097993680696593e-05 2.826183781170154e-07 1.5902013842985458e-07 6.1748715615721e-07 0.0 2.6694357200176463e-05 0.00011128108805706923 0.00010766517243551553 0.0001033866492448059 5.904065884641381e-07 1.056013041376579e-05 0.000948618442249459 6.188760336813785e-05 8.998918537300226e-06 8.28924216480692e-06 5.4616320143940054e-08 0.0 1.2709345478440665e-06 1.0053188470949774e-06 7.223154553386742e-07 1.6367739198310212e-05 1.2037753161743955e-06 4.841667713275049e-06 1.8890158365290111e-06 8.594339092075256e-06 1.1247598947091008e-06 0.0 1.3309661593454214e-07
4.155581232431869e-05 4.8158006005977625e-05 0.0036842850799284296 3.054464267736271e-07 0.0 6.958000276249683e-06 5.8917026934824385e-05 3.3843055834319306e-05 2.737790511468725e-05 1.7935815631075454e-06 9.702367428784489e-06 0.0 1.3868597699669694e-05 6.501376173844453e-05 0.0 0.0008889351194807026 0.0021783751943010633 1.004184514226429e-05 0.0001033893392698792 2.2320936844677775e-07 0.005996407285894589 0.00035340030829653064 0.0 2.7180483510755973e-05 1.2594999306059298e-06 0.00042949646632246336 0.004394758726606181 0.0004270111378986922 4.92750544295201e-05 0.0018333648681554454 6.96297795654601e-08 1.4745445365331266e-06 2.4329631679488888e-05 0.0032463585668764737 0.00019923150185513643 0.003847316323092295 0.0009780435746121674 0.004055468981441832 0.002196694074477458 9.852389176497755e-05 1.2214954784101864e-05 6.89757707962963e-06 5.067285747689029e-05 3.533392454403782e-06 2.3924312787179256e-06 6.246863184567722e-06 6.921780537646529e-07 8.498986000518455e-08 2.0751350289356648e-07 2.5146192396919136e-05 1.291622865662888e-06 2.323674661983653e-05 4.823905844533265e-07 3.977281905207302e-06 7.725564665837218e-07 0.0 4.0855439622941865e-06 1.8798613989763132e-06 0.00021644475106091473 1.50582274437332e-06 0.0 2.846622148228167e-07 1.127969041068916e-06 0.00010187557606749326 0.00021283286970511005 0.000621595325394737 0.00010023204172052631 2.9227956159395556e-07 3.7636109303750335e-06 0.0008321098341297147 5.6707139558595994e-05 1.2955082044602727e-05 5.239296989597784e-05 0.0 0.0 2.7674366273660296e-06 1.177191720342751e-06 1.3723429126812016e-05 5.006270931140641e-05 1.3307669381881236e-06 6.436216491544397e-06 3.5454029780158704e-06 7.479180069075911e-06 8.320459672817223e-07 3.6427774498147817e-06 6.063915820534981e-07
1.1385829479072031e-05 0.0002571590979037216 1.665240951980555e-05 0.0013002857122657195 9.931219066890332e-06 2.7836130684917863e-05 0.0010817532249270045 6.352624068788439e-05 0.0042833622256776465 0.00011599223419778334 2.1077672771009034e-06 0.00013832695186974622 4.411548599270368e-06 0.0001259767006147396 0.00044331732613472874 0.001047224791351653 5.586642056047061e-06 1.2806055011193965e-06 2.0192106645580954e-06 0.00018490824181535844 0.00012058993666350259 0.0021097545807894306 2.7180483510755973e-05 0.0 1.7996498838235616e-05 2.38315811060925e-05 0.0002936452342946976 0.002132335698397293 0.0002812973049297204 8.108427614714111e-06 3.06354126758973e-07 5.837064922852737e-06 6.311561034297369e-05 9.211690051443298e-05 5.625516744825342e-05 0.0006510285400502436 2.204284586192398e-05 0.0003536712597997493 0.00019712825578998205 0.0005815546835246287 3.4050582471642825e-05 3.0263480161253916e-06 6.352278145003774e-06 2.1018845497182146e-05 8.777500734951074e-07 1.8250453502084636e-06 0.00026078603021603957 5.20556845576663e-07 1.625401586656778e-05 0.0003879988047848622 2.3056352751036315e-05 0.0003255118102043879 0.00017811208172067528 6.320154774975434e-07 6.2128232905455e-05 0.0 4.786664471587936e-05 3.1872846384635315e-06 5.4200114352914924e-05 4.893551031467377e-07 2.690033943322902e-07 1.7687727443310705e-07 0.00024874099015357746 5.135951907007143e-05 0.00013601785315889569 5.959068515662789e-05 0.000622288257667556 8.573449689545274e-08 4.3369368792476915e-06 3.0288666390199345e-05 0.00048085387377278866 5.053365746619443e-05 3.078750549848016e-05 1.22772894283439e-07 1.8900346717024112e-06 6.818270594079099e-06 1.0968411648820314e-05 4.254754060146385e-06 0.00024702068553684114 1.6590433923117068e-06 7.677668175073831e-05 2.3032239536787868e-05 0.00017864955524721902 1.825778737118316e-05 4.344181835078466e-07 1.604101137876751e-06
