0.0 8.205003399947471e-07 4.4553046914845025e-06 2.6228382942791997e-06 6.548230194309587e-07 4.20147291814353e-06 0.0010542374373601123 0.0004388589944817979 8.83562113642166e-06 9.62375646102833e-05 2.5819336302235173e-05 1.3837895757148378e-06 3.987292161831106e-06 0.0025909497084156677 0.0 1.6559902033561719e-06 5.092901253570609e-06 6.321047097340891e-07 1.4876363327142244e-06 5.259684207037539e-06 8.437745474870923e-06 9.392588046825822e-06 4.379629900755121e-06 5.373799737001485e-05 1.6790690441597609e-06 1.0669373380630792e-05 3.837343408437608e-06 3.937054271288737e-05 0.002514690949863469 0.000960115465252852 2.3186467264893179e-07 2.4576350246276944e-05 0.0001295348759559491 0.0003954950076437961 1.1055585294228656e-06 5.8316743364918654e-05 1.105727748311348e-05 0.00018746792507597248 2.7239656590215955e-05 7.89214258047412e-06 1.1024809357466414e-05 1.0401495086116836e-06 1.937761560331642e-06 7.522906742098845e-08 0.0 3.637049222601787e-07 0.0 0.0 0.0 2.615852354776172e-06 1.2949393799127702e-06 3.558939593022816e-07 0.0 5.233782753206584e-08 0.0 0.0 2.1040230432093467e-06 0.0 4.581315433942205e-06 0.0 0.0 0.0 0.0 2.0691004909043357e-06 1.6877550962590313e-07 1.8985512689911274e-06 7.675838573742808e-06 8.672643085646138e-08 0.0 4.018122338657467e-07 7.818063189443135e-06 1.7481977933572565e-06 4.170623811208178e-06 0.0 0.0 0.0 2.0479263966830155e-06 1.1028350947755485e-06 6.684720593204105e-06 6.316905246762924e-07 1.7066663914678898e-06 7.417319819954016e-07 1.9697894256017905e-06 0.0 0.0 0.0
8.205003399947471e-07 0.0 0.00015379848831884456 0.0 0.0 1.4813215731780899e-06 1.135061367363635e-05 3.7929748659709133e-06 4.889154415849296e-05 2.0989145580019318e-07 8.706011591436011e-05 6.11622023090805e-08 0.000819209570804649 2.880221648675815e-06 3.779086738491727e-07 0.0004876841529314456 0.0008143843013112348 5.479705146261736e-05 0.0005917690862266414 4.2597702580706737e-08 1.1335669240706542e-05 0.001254615441741027 6.11673105571582e-05 0.00022853559624647898 0.0008632777712224225 0.0010434940848450993 0.00468788030686361 2.5284727492559623e-05 3.8499638539431005e-06 1.2264958568140904e-05 3.354529551393531e-05 6.24357078303669e-07 2.532808091855782e-07 0.00018794074029642078 7.695375247092576e-07 0.00010747926989496298 0.00016966547824903792 0.00037732627077815775 0.00018284044086006843 2.886692886971538e-06 5.213421946756871e-07 0.00015249170324090986 4.4136400987621113e-07 0.0 1.0220141272960524e-05 7.288359677032752e-05 0.0 0.0 0.0 2.737113586130595e-07 7.579564634366596e-08 1.4989921118199901e-07 0.0 8.995575174990881e-07 0.0 3.3266889090093777e-06 8.919582353061492e-08 0.0 9.128544179888455e-07 2.1557246830653272e-06 2.472351811252264e-06 3.8552581101397325e-06 0.0 5.755353697511752e-07 6.309641458359306e-06 3.7783680252045988e-06 4.89862304831837e-07 4.7953081777185905e-06 0.00010772302314584296 0.00029600289564685406 1.60342577825854e-07 0.0 0.0 5.761815168748169e-07 0.0 0.0 6.200050100062747e-07 6.166835431944454e-07 5.9226858075793535e-06 3.5326934510338387e-06 8.57405660370942e-06 1.2113824962626643e-06 0.0 0.0 1.752417198770778e-06 0.0
4.4553046914845025e-06 0.00015379848831884456 0.0 0.0 3.1439323662760253e-07 5.022496160454015e-08 3.981535006529484e-05 6.9189010387464864e-06 1.2168251285416497e-06 2.0601189751942205e-07 2.450721613257917e-05 1.59538851302867e-07 8.855549248274253e-06 9.929172146933428e-06 0.0 6.213960934724432e-05 0.002483740736160103 2.5310286857711003e-05 6.540799136402618e-05 0.0 0.0007925672941917248 5.998656800153563e-06 0.006157131552178826 4.793344208216523e-05 2.428133702974785e-06 0.003749817941183932 0.0039115462847081235 5.756940419157817e-05 1.2499896338844813e-05 0.0005191441387432935 0.0 9.822892524182554e-07 4.4791094176302207e-07 0.0012849837799064343 1.355565706674246e-05 0.0009790652475835146 0.001705680058728979 0.001743091661653203 0.0009286107505821898 1.4051326722760053e-05 1.0019128718346765e-06 8.219204704178955e-06 5.5125757700515195e-06 0.0 9.37480304433369e-05 0.000562383258680942 0.0 0.0 0.0 2.522313129367712e-06 1.9860263227964037e-07 1.963505354228635e-07 6.134033145803382e-08 9.941642426698426e-07 0.0 5.301504759518657e-07 6.724739344713394e-08 0.0 1.1084361126948717e-05 9.242781826280852e-06 1.2371615777440588e-06 3.361545485567008e-06 0.0 2.8646678997869156e-06 3.04809496926194e-05 6.11757202905146e-05 7.95024498188822e-07 6.870696659347413e-07 7.679332721089378e-05 0.0006172930300658911 1.7651078346685742e-06 3.800297185144043e-07 1.007472628290722e-06 2.604615171841287e-07 5.468748760241814e-08 0.0 8.432839516327076e-06 6.357739362047258e-06 4.56387666408307e-05 3.586924556571389e-05 3.4384166453147105e-05 2.1563620367036916e-05 1.086153373575758e-06 0.0 0.0 2.3799283795310426e-07
2.6228382942791997e-06 0.0 0.0 0.0 8.017549639921733e-07 7.632708446522804e-05 0.00042665406596927756 4.74183665275924e-05 0.00019837187470294013 0.0006958751694333031 1.4278009784769914e-06 0.0015463845587466178 1.771219150341346e-06 2.0035885016645767e-05 9.883028643892873e-06 0.0 0.0 0.0 5.7024418729240134e-08 0.0008330410850524868 4.921103391646331e-07 2.877412359653312e-07 5.098751614715646e-07 0.0010623526539064018 0.0 4.2065166087779373e-07 0.0 0.0012549848783074589 1.2968814471310892e-05 2.3291972269910742e-05 0.0 1.5590645733902244e-06 3.9759897145379514e-07 1.1483180327590588e-05 1.5214513192853015e-06 3.13967204301359e-05 1.626246559306438e-07 1.5693075354576556e-05 7.441828848164676e-06 4.3304310038527584e-05 7.715483389605894e-06 9.027932373152202e-07 9.360138247278127e-07 3.397691528712058e-07 0.0 7.600145702992055e-08 3.220345897461965e-05 1.7658256218076134e-07 6.227518363803283e-06 4.2823421929704066e-05 7.416052536179255e-06 2.4425984372786294e-05 4.5194516382157765e-05 2.724766555647647e-07 3.238029306430389e-05 5.6357055208332856e-08 4.539536813151338e-06 3.6772954978247263e-06 5.317850333703904e-07 3.8323438776178385e-07 0.0 0.0 2.292080946634737e-05 7.277582909604772e-07 7.067849471670165e-08 1.6337804384426012e-07 8.659671221078354e-05 0.0 0.0 0.0 7.631626141813534e-05 5.411059286650669e-06 2.233003875473552e-06 0.0 0.0 1.9887232928739562e-07 6.814305300866653e-06 3.2933869413669527e-07 1.3207513195176399e-05 3.223337350417701e-07 1.012751994979032e-05 3.361821853525485e-06 2.946597716185233e-05 1.1786617469465127e-06 0.0 6.608403512064378e-08
6.548230194309587e-07 0.0 3.1439323662760253e-07 8.017549639921733e-07 0.0 0.0006731050136756394 2.7048071068810024e-06 3.702049681461052e-05 5.932333726658783e-05 1.0635558049550527e-05 1.2235611297576317e-05 0.0001035259777435099 6.9942338347533465e-06 3.0224418439205333e-06 0.0017692591309369343 3.139028345037114e-07 8.159568319659733e-07 2.7259526963222765e-07 8.897024159604383e-08 3.688077150124604e-06 0.0 4.796972971411413e-07 0.0 7.338874329705802e-06 3.1252953138066015e-07 0.0 0.0 5.400063291469348e-07 1.3186057355073885e-05 3.811366041782443e-07 0.0 0.0002822212578918101 0.0 0.00022578334687269597 2.0771589188417268e-06 1.5290234277564366e-05 2.7231921217943807e-06 0.00015990614723682578 7.2956832570200425e-06 0.0006259335376338555 4.8793047150515024e-05 5.383826170567467e-07 9.08850326346309e-08 0.0 0.0 0.0 0.0 0.0 0.0 0.0 0.0 0.0 0.0 0.0 0.0 0.0 0.0 0.0 0.0 0.0 0.0 0.0 0.0 0.0 0.0 0.0 5.146341219698294e-07 0.0 1.8328930606544896e-07 9.272277889023311e-08 3.262139107546e-07 2.8239371954241313e-07 3.022522852796301e-07 0.0 0.0 0.0 0.0 0.0 2.597033956247285e-07 0.0 0.0 0.0 1.507286774632039e-07 0.0 0.0 0.0
4.20147291814353e-06 1.4813215731780899e-06 5.022496160454015e-08 7.632708446522804e-05 0.0006731050136756394 0.0 0.0005772186944234292 0.0037273338680786543 0.0002206332007905736 0.004389952682703141 4.195533664231198e-05 0.002470234390336052 2.86347681115494e-05 0.0006034184951141109 0.0015937416046245179 2.2876586123319826e-06 1.5043287381731183e-07 2.277091535569107e-07 6.513489708401444e-07 0.00046047524800575337 5.05182919428809e-07 1.243444170412175e-05 6.813772689655497e-07 0.00024951939845760813 8.440766194106242e-06 1.3626078709722715e-06 6.838987720106341e-07 0.0002808291174938107 0.00035958850173561447 1.5332023712364552e-05 2.510979363057085e-07 0.0007579477880486857 8.853517301739585e-07 0.00039917546459509827 1.3797230527428696e-05 0.0002878844651743102 5.468226520099588e-06 0.00014907502243710958 4.13695348315208e-05 0.0018383080496814357 0.0002767911289386275 5.137444104266125e-06 5.562703660598473e-06 0.0 0.0 0.0 4.358377866921746e-06 0.0 3.359060312582193e-06 1.687514983642596e-05 1.3290374501344993e-06 1.5808773120408437e-05 1.363992322770714e-05 0.0 2.942496809853639e-05 0.0 1.5184539864077423e-06 3.965214232084517e-06 2.2755822273756048e-06 0.0 0.0 0.0 6.141813702469463e-06 2.499830123923266e-06 1.3098592945260402e-07 8.638451219441216e-07 3.595017872999417e-05 0.0 5.582686450981426e-08 8.816866355765556e-07 3.271550498246838e-05 3.1272729128976594e-06 1.2883186295491886e-05 0.0 0.0 6.549134955982944e-08 3.666488226568556e-06 1.5949626280807743e-06 9.713205097036964e-06 9.254467927063908e-07 5.541913040901244e-06 6.408444650000353e-07 4.170434592442552e-05 0.0 0.0 7.139556957180108e-07
0.0010542374373601123 1.135061367363635e-05 3.981535006529484e-05 0.00042665406596927756 2.7048071068810024e-06 0.0005772186944234292 0.0 0.002669433181026027 0.00036020030641568934 0.0059161235118420415 2.089193467854564e-05 3.3989853616179284e-05 3.044375178685007e-05 0.004043355516098689 4.3865439541647575e-06 1.7928532775301417e-05 1.4822259129395399e-05 7.353160396621004e-07 2.900241341809643e-06 0.00011348796832824909 0.0006603701126462985 0.00012133387792277563 0.0001012372252786995 0.002793010896779336 1.0325429738291266e-05 5.6463393008395756e-05 2.61712483750783e-05 0.009730779217166427 0.0009127620134648627 0.00347633008154023 2.0569111919416747e-07 2.571399447824694e-05 0.00017652341069069306 0.0004137489107923838 8.077382628678312e-05 0.001245095130222057 3.1824988424174566e-05 0.0006967891447410303 0.00035224035180015035 0.00018995527386899165 0.00013897482753366704 9.721919049906657e-06 4.035136298705834e-05 4.481354373751014e-06 1.3566825186769665e-06 4.418333651729456e-06 5.1240411217900395e-06 1.0121282405054694e-06 1.3009787558024051e-06 8.670685011277987e-05 1.5271378148567716e-05 4.369745565598148e-05 1.5099362440506182e-05 2.1719130671018743e-06 4.3107054097154435e-06 0.0 2.7688912370589293e-05 1.6809843720957906e-07 5.819927183758387e-05 3.073351152901742e-06 3.6104329793091796e-07 4.5804159249154926e-07 2.9740398907368012e-06 6.283184425292025e-05 9.146050356326654e-06 3.0360821037471436e-05 0.00036102291321463544 7.418393391131553e-08 7.875642992783377e-07 6.4072078485778865e-06 0.0002787537121043866 4.5636825492601834e-05 0.00018300467844539897 0.0 6.194123512903326e-07 3.715110987773767e-06 3.97982287906331e-05 1.107859869170816e-05 0.0001320294991142516 8.928242571445496e-06 5.767460007341912e-05 2.331708517799389e-05 1.6566788141459482e-05 2.8137197910172026e-06 2.2118737978942172e-07 2.177618045367799e-06
0.0004388589944817979 3.7929748659709133e-06 6.9189010387464864e-06 4.74183665275924e-05 3.702049681461052e-05 0.0037273338680786543 0.002669433181026027 0.0 7.192521604422717e-05 0.0017945134816178163 5.5107571319758923e-05 0.0004058282335154905 2.5811902469463252e-05 0.0038277401317988752 8.967833622846113e-05 3.6549130264263705e-06 3.92200251121795e-06 6.624316704842677e-07 1.8108900773167154e-06 0.00015901280989990426 3.222897087356297e-05 3.141866071727483e-05 1.4237314886992392e-05 0.000331247363560127 3.425952557319468e-06 1.1432772275009894e-05 4.52835176295811e-06 0.00024630614966963363 0.0009092896991020026 0.0006168764821269241 1.0560529298565296e-07 0.0003286929363889755 2.9170064029149297e-06 0.0005896881391563085 2.0834447100763565e-05 0.00028358566263324606 2.0926854094474757e-05 0.0002815494364890678 7.276137510998321e-05 0.0007466778345426394 0.00022168603065349707 5.805660415174334e-06 5.694208644601811e-06 1.0956236717691467e-06 5.567775466762281e-08 1.2062287819198726e-06 3.2553957651523223e-07 0.0 1.7821370582638138e-07 1.894824608364004e-05 4.084679711511624e-06 1.2175086660980092e-05 1.8444265125463834e-06 4.049224941720249e-07 4.794400874730673e-07 0.0 1.0827689689612438e-05 0.0 7.895118209272572e-06 3.1579080304090507e-07 0.0 0.0 6.877956810270856e-07 6.717762335604491e-06 1.624193467960833e-06 3.755947044837187e-06 8.242497193029217e-05 0.0 1.60822671518851e-07 1.3208311024775808e-06 6.985600392339624e-05 1.3187962736984795e-05 2.2512645261478585e-05 0.0 0.0 1.7355832403011949e-06 1.2343738804996165e-05 3.21605730296987e-06 3.470599915102148e-05 9.512620029115142e-07 1.8554214361698912e-05 5.191732484680588e-06 5.636332889968879e-06 4.230072760356114e-07 0.0 4.5964017330728756e-07
8.83562113642166e-06 4.889154415849296e-05 1.2168251285416497e-06 0.00019837187470294013 5.932333726658783e-05 0.0002206332007905736 0.00036020030641568934 7.192521604422717e-05 0.0 0.00029446473477718493 1.684505824256624e-06 0.0003027652352393319 7.798104568393379e-06 4.862560128530181e-05 0.0005559080683949992 2.3301382507176906e-05 4.668380441274136e-07 6.916555620165927e-07 7.6707960374379e-07 0.0002930583317344213 1.4299975543218348e-05 0.0011946356354974672 1.7500163258430536e-05 0.006308428427404458 5.842105192530483e-06 5.245115468093053e-06 3.101732242067808e-05 0.0008557089221303841 3.372945928723593e-05 4.122332789089508e-05 1.9056628872371316e-07 3.0275551925239476e-06 1.3888299268471534e-05 3.4586668016756905e-05 8.077318213065421e-06 0.0003041167326351657 2.0599369454853477e-05 5.244608228865368e-05 3.2314976349585486e-05 0.0008848402323831402 1.1950579666675016e-05 5.470143888245899e-07 6.391075905884975e-06 5.601510035044777e-06 9.88201168855064e-06 5.044700806945301e-06 7.888765418606107e-05 3.239255912170423e-07 2.685963022731057e-05 0.00022585952723737617 2.6049084153812083e-05 7.979186517713342e-05 0.0001913402126915786 1.4443794095571533e-06 0.00017911775726048217 1.6027361334937726e-07 4.260690402750584e-05 2.1450951803419947e-05 0.00035319746044171793 4.02761307474683e-06 1.7249698292890398e-07 6.24971982470308e-07 0.00011008579785342574 0.00016500455967105633 6.196237536292253e-05 0.00011856922861621497 0.001351499384712206 5.187229002356145e-07 1.0533918782178744e-06 3.4269792636140886e-05 0.00048583805053380006 7.527366582714682e-05 0.0002343160280745421 6.33492898338731e-08 9.014523851684172e-07 1.0721831746112822e-05 5.645515067518776e-05 1.4035494954953039e-05 0.0002013402462899805 1.4678360816452993e-05 8.472991409453784e-05 3.066453515131408e-05 0.00014267023130261848 2.1607949456489885e-06 1.1705264129246425e-06 2.761885063233541e-06
9.62375646102833e-05 2.0989145580019318e-07 2.0601189751942205e-07 0.0006958751694333031 1.0635558049550527e-05 0.004389952682703141 0.0059161235118420415 0.0017945134816178163 0.00029446473477718493 0.0 3.500025363527033e-05 0.0010224780714741504 1.0604326951270266e-05 0.0007757640443274901 4.24105677198652e-05 7.359101390528467e-07 6.417911091480448e-07 5.418436548328738e-07 4.356081203103104e-07 0.0012271124423309976 7.1610419821327595e-06 5.7027317706980385e-06 2.5329483160453017e-06 0.0009300287514687454 2.0170656994741258e-06 2.130423221074549e-06 1.392570258225404e-06 0.0017517197760443498 0.000284383241604457 0.0001685507362857252 2.428839199636539e-07 4.1983549359097866e-05 6.157692860424053e-06 0.00027849093189269213 1.2727545843095873e-05 0.00037167986548635866 7.974555040380875e-06 0.0004250704485389488 0.00014539819480513858 0.0002780601039582256 0.00011201265753669768 3.282551863297411e-06 1.3595918733025415e-05 6.898339584774251e-07 1.5189305589483457e-07 1.0432079135733164e-06 2.886597776484445e-05 2.701528113131013e-07 1.4936774973671716e-05 9.289786159808952e-05 1.0949464919733342e-05 4.5405459109995053e-05 7.71022257675095e-05 3.544281040084508e-07 5.050137831330501e-05 1.1673343652413049e-07 1.97594922490327e-05 7.849401888682068e-06 2.360186154995449e-06 0.0 1.2247338471013723e-07 0.0 4.3957284050279086e-05 2.8755260733947714e-06 1.7566300450872123e-07 6.696359124873768e-07 0.00020417143890715642 3.246710106777843e-07 1.941461553262802e-07 4.6122746138015395e-07 0.00018122997850392975 1.571089602316579e-05 7.301820200597399e-06 0.0 6.672667898847376e-08 6.353237857295064e-07 1.3655362067120933e-05 1.6865383211111672e-06 3.151556824037453e-05 6.36000066222103e-07 2.6112295154524306e-05 5.97731230810646e-06 6.009536684104331e-05 1.8846879103806175e-06 9.72842613505495e-07 7.496038872871565e-07
2.5819336302235173e-05 8.706011591436011e-05 2.450721613257917e-05 1.4278009784769914e-06 1.2235611297576317e-05 4.195533664231198e-05 2.089193467854564e-05 5.5107571319758923e-05 1.684505824256624e-06 3.500025363527033e-05 0.0 1.8330144777740166e-05 0.0018367446254739682 3.9270456868782276e-05 0.0 5.120307416173643e-06 0.0005844995089634813 0.0013376041116962775 0.0006723890456077727 7.666058870501648e-06 1.8402610568249467e-05 1.0827885138178049e-05 4.623250715142961e-05 2.2025420881428067e-05 0.0006425611386855706 0.00178883048997328 0.0011145933850393221 8.260007129091754e-06 0.0001462807824127874 3.473511714848158e-05 0.00026738875659808737 5.5997833925562474e-05 3.0461462642015744e-06 0.001992480870632921 3.801091332521829e-06 0.0003211696899787097 0.0034091232841659503 0.004042951591848984 0.0008548349432660769 7.139122603569885e-05 6.419713823521929e-05 0.0007919888427753688 5.1792766787758085e-06 0.0 2.9332919868644495e-05 2.7489803081615694e-06 0.0 0.0 0.0 1.1425189520309891e-06 3.1253186688453464e-07 6.012124049253501e-07 0.0 2.148706507345028e-05 0.0 0.00013631055901134736 2.846705226298313e-07 0.0 6.672954020442722e-07 7.804609403046558e-07 1.1504469071786584e-05 8.986480186006314e-06 4.745758190156204e-08 6.824258117739821e-07 4.075986192063759e-07 6.164509592223967e-07 3.681395904394285e-06 0.00011859076728617039 0.00015648332718078915 0.00020763364664544854 4.05570596497186e-06 2.7601081429840175e-07 8.7001393485883e-07 2.844439553989705e-05 0.0 0.0 9.84115254042305e-07 2.0963436961853095e-06 7.886340602736933e-06 0.00011298700973131959 9.033521855829977e-06 1.3069393733113847e-06 9.928316453212165e-08 0.0 2.837550485102552e-05 0.0
1.3837895757148378e-06 6.11622023090805e-08 1.59538851302867e-07 0.0015463845587466178 0.0001035259777435099 0.002470234390336052 3.3989853616179284e-05 0.0004058282335154905 0.0003027652352393319 0.0010224780714741504 1.8330144777740166e-05 0.0 1.844816347962923e-05 0.00016837497533322643 0.0006279522680979402 0.0 0.0 1.0167422386942857e-07 1.3173804670894002e-07 0.0019342765506887216 0.0 7.354399824366792e-07 9.722655203412375e-08 0.0007443604754617601 9.204395708307586e-06 4.387970360919007e-07 2.0878594369897665e-07 0.0004699930980065447 7.159872003860806e-05 5.285863071302837e-06 0.0 2.9097917750782115e-05 0.0 0.00011003919283781787 1.2142313680491085e-06 0.00026627556523038144 3.989354894959946e-06 7.234694139708446e-05 1.562148580753813e-05 0.0016567401642847324 1.4550065320351585e-05 3.1626894153238267e-06 1.19460911324702e-06 6.996237195973348e-08 7.195123694879079e-08 8.357735733924272e-07 1.8016694391185314e-05 0.0 2.065028829376429e-05 3.989762230996036e-05 5.0120152691530816e-06 8.226022469953856e-05 7.774194356664906e-05 9.411935651741252e-08 7.672436026021466e-05 0.0 7.0575099141468035e-06 1.3157932541821758e-05 3.1846749047532696e-06 0.0 0.0 0.0 3.123483310888534e-05 1.831512545209129e-06 1.0424084867040137e-07 8.218789539283325e-07 8.448462172870807e-05 0.0 4.0066837833885187e-07 8.110954403839884e-08 7.02061115242028e-05 7.4373875654089355e-06 7.85346771458219e-06 0.0 0.0 5.9594457303117564e-08 5.4637727992197655e-06 7.244143415682471e-07 1.834379560997225e-05 1.2808819552475573e-07 5.749914165815497e-06 2.384884032407332e-06 0.00013936132172109522 6.50896339451326e-07 2.287506674829928e-06 1.2874171380286707e-06
3.987292161831106e-06 0.000819209570804649 8.855549248274253e-06 1.771219150341346e-06 6.9942338347533465e-06 2.86347681115494e-05 3.044375178685007e-05 2.5811902469463252e-05 7.798104568393379e-06 1.0604326951270266e-05 0.0018367446254739682 1.844816347962923e-05 0.0 1.0087511497763643e-05 1.6871718645673485e-06 7.605146440041407e-05 8.066956253496267e-06 0.00012152507976384676 3.956899693776564e-05 3.784878515177507e-06 5.238075091663511e-06 9.534414983037975e-05 1.5383452594897356e-05 6.541135456119173e-05 0.00358626108348541 0.0006459169359771017 0.0029266839312171865 1.7194962726122016e-05 1.9252977618136036e-05 2.0549565112127753e-05 0.0004853110746563647 2.471795380586077e-05 1.7690249489254408e-07 0.00023990087933180445 2.8033966052865132e-05 0.0011965549047439313 0.003058605979784581 0.0021695422087366486 0.00018638091862605043 0.00022662245431970534 0.00013148398193553145 0.0010955751744764002 5.444996931916609e-06 0.0 1.6274001116485573e-05 4.929910254618432e-07 0.0 0.0 0.0 2.953529473340617e-07 0.0 4.559211742066671e-07 5.772222880927703e-08 5.101445899858572e-05 5.1256874014693904e-08 0.0003175279427782108 4.159622241241747e-07 0.0 2.764395716476143e-07 8.208973980241311e-08 5.114101096498438e-06 1.5427792927877603e-06 0.0 1.1316474633665622e-07 1.5873162599821368e-07 4.907919382792129e-07 9.164070325720655e-07 0.00037260914528386343 0.00010240190950474266 0.00013814474029477685 1.098312888152802e-06 1.3969954228725086e-07 7.724948408307766e-07 4.943484659052172e-05 0.0 5.178003135671701e-08 6.913256206416542e-07 5.706152532217695e-06 7.162147976994259e-05 0.000257504657215151 5.589794319893624e-06 7.888470085640303e-06 2.613651594263179e-06 1.511063060689764e-06 0.0001374724763990591 0.0
0.0025909497084156677 2.880221648675815e-06 9.929172146933428e-06 2.0035885016645767e-05 3.0224418439205333e-06 0.0006034184951141109 0.004043355516098689 0.0038277401317988752 4.862560128530181e-05 0.0007757640443274901 3.9270456868782276e-05 0.00016837497533322643 1.0087511497763643e-05 0.0 1.6495960187917249e-06 2.2960536302243075e-06 1.0007421973857047e-05 8.305759229422652e-07 4.270512032313016e-06 7.058580438431353e-05 2.5311304287312644e-05 2.995536059443285e-05 1.7318966742802407e-05 0.0002991824700885426 4.1521947930752494e-06 2.6555246642624563e-05 9.206687173169327e-06 0.00016715770296016696 0.003536229965467642 0.0013283656669230623 8.889089710234737e-08 4.699389235826124e-05 1.7105397132374525e-05 0.0005360807402100173 1.1641377933021862e-05 0.00027933385826660144 2.847363844654713e-05 0.0003023806544828021 4.90303868482553e-05 0.00021241397914280617 6.503723617300109e-05 2.3289884987146346e-06 3.3517764218435035e-06 2.765692502765361e-07 7.643084075948252e-08 1.5882043509899067e-06 0.0 0.0 5.872476845518597e-07 1.6694991617813408e-05 2.8333961785039212e-06 8.276846411794311e-06 1.7756340982775363e-06 0.0 5.100392820714166e-08 4.671107522349917e-08 7.3419303857411246e-06 3.3392298847451035e-07 7.480583197248811e-06 5.003286864793896e-07 0.0 6.020681568105066e-08 5.514234308889139e-07 8.423434182724215e-06 1.7210806113284506e-06 3.2549723499326613e-06 7.063313662303305e-05 0.0 1.66511672611719e-07 1.0974242468251532e-06 6.394225790564746e-05 1.243079961110561e-05 2.4765411741219815e-05 0.0 3.9866728998468916e-07 2.524496686791821e-06 9.743595778565266e-06 3.619870835474611e-06 4.062271464114473e-05 1.3871506879286426e-06 1.867081179762674e-05 4.898185051859002e-06 4.685020279999273e-06 1.4035866443241725e-06 3.458152489271616e-07 3.7856677141505315e-07
0.0 3.779086738491727e-07 0.0 9.883028643892873e-06 0.0017692591309369343 0.0015937416046245179 4.3865439541647575e-06 8.967833622846113e-05 0.0005559080683949992 4.24105677198652e-05 0.0 0.0006279522680979402 1.6871718645673485e-06 1.6495960187917249e-06 0.0 0.0 0.0 0.0 0.0 3.81545311360919e-05 0.0 5.3663999292101515e-06 0.0 0.0001949155732168168 6.621705593614458e-08 0.0 0.0 1.0028627673441144e-05 9.545911384084782e-07 2.2279604980293186e-07 0.0 0.00020626977272109149 0.0 6.683716469710745e-06 0.0 2.1985852421329585e-05 0.0 3.6362973424751544e-07 1.5096405330195354e-07 0.0005500420559289116 2.2388953065884452e-05 0.0 0.0 1.6887205273433792e-07 0.0 0.0 0.0 0.0 0.0 6.264718010015161e-07 0.0 1.4076378755621526e-06 6.500766402294277e-07 0.0 2.2309411110256925e-06 0.0 5.813561299505543e-07 2.473024248454002e-07 0.0 2.597166569915559e-07 0.0 0.0 3.5644678470214285e-07 0.0 1.1887269096095031e-07 6.405799624750352e-07 2.700046848880585e-06 0.0 0.0 1.1058643059387506e-07 2.9486269285696723e-06 3.802769016227414e-07 1.393644466968656e-06 0.0 0.0 0.0 0.0 0.0 1.0133252444050168e-06 0.0 8.542502501216594e-07 0.0 1.449612329695136e-06 0.0 0.0 0.0
1.6559902033561719e-06 0.0004876841529314456 6.213960934724432e-05 0.0 3.139028345037114e-07 2.2876586123319826e-06 1.7928532775301417e-05 3.6549130264263705e-06 2.3301382507176906e-05 7.359101390528467e-07 5.120307416173643e-06 0.0 7.605146440041407e-05 2.2960536302243075e-06 0.0 0.0 2.432678275850153e-06 5.440293665579702e-06 1.2011532850335625e-05 0.0 0.0018423482079599853 0.0021923302667623645 0.001625762659645903 0.0007939460482376465 7.520605792496367e-05 4.2825677659566866e-05 0.0021709192884589476 0.0006595052468912645 9.85494459905321e-06 8.221265821246492e-05 2.5932815218584395e-06 1.556748254651046e-06 8.095645131201387e-07 3.999017146516601e-05 2.036065507595338e-05 0.0016599642212432666 0.0007830950203097052 0.00021726807635112966 0.00017974908953139176 8.763400439147406e-05 9.690256243578328e-06 1.8362202610835893e-05 1.5973820794496644e-05 9.912013830822308e-07 2.1156628929622295e-05 2.1664824917497874e-05 0.0 0.0 7.319186823967881e-08 8.48050729805148e-06 7.444601726592296e-07 4.06114846750063e-06 5.455226908671981e-07 1.1059017276904859e-06 1.3388871021641088e-07 2.321581721099669e-07 2.7311010685355163e-06 0.0 0.000588169425320487 3.0740834989097617e-06 0.0 1.2244001161253192e-06 0.0 0.00019023284719354598 0.00025361477258453355 0.0005113455377147834 5.06642150437254e-05 7.396590164961367e-07 2.6959028865060115e-06 0.0002970993427627049 5.84424691490588e-05 1.1299336764398761e-05 0.00015172165715352073 1.2941366108568886e-07 8.767463648119907e-08 2.798589694477667e-06 1.9013519206760263e-05 1.1165949650617916e-05 0.00010185397079328121 2.105727534651646e-05 3.661355098215949e-05 1.868987426973294e-05 2.1719583812460133e-06 8.327627285959003e-07 2.0028973585085305e-06 2.508273471533698e-06
5.092901253570609e-06 0.0008143843013112348 0.002483740736160103 0.0 8.159568319659733e-07 1.5043287381731183e-07 1.4822259129395399e-05 3.92200251121795e-06 4.668380441274136e-07 6.417911091480448e-07 0.0005844995089634813 0.0 8.066956253496267e-06 1.0007421973857047e-05 0.0 2.432678275850153e-06 0.0 0.00019334679403452617 0.0022741093513826355 1.028935940215974e-07 0.0011314230003754762 4.274934711572377e-06 0.002996579860525626 1.8796303364731783e-06 7.334598040008255e-06 0.002018908691955974 0.0026138812669580626 1.5952968552395468e-05 2.2587562861270805e-05 0.0009496624730848045 3.293584653850118e-07 4.01940829751493e-07 1.0486160278209e-06 0.0009104778169864729 2.164580918231403e-06 0.0002623414773545974 0.0006058391996486104 0.0005405024293768046 0.0002954118941051352 3.932845938042721e-06 1.1474609453415145e-06 3.375054044450997e-06 6.717433244317167e-07 0.0 0.00014913189515994063 0.00022573056543812622 0.0 0.0 0.0 8.111017444547913e-07 0.0 0.0 0.0 9.385891741122248e-07 0.0 1.058129412034042e-06 1.0060322979961324e-07 0.0 2.0665331860332693e-06 6.123160314895351e-06 1.6665815210385718e-06 9.781123724140737e-06 0.0 7.475537354550487e-07 1.950093875350523e-06 5.105284198018308e-06 3.304363138455085e-07 3.112126490201729e-06 0.00039502710960304815 0.0006568044778840049 5.119869893973683e-07 0.0 3.226350732054643e-07 8.298568606717998e-07 0.0 0.0 4.857791957556292e-06 3.1579626149823616e-07 1.2433251187732967e-05 1.160197185308068e-05 1.816839466957931e-05 2.6107990402551093e-06 1.6940485185959756e-07 0.0 6.836862322097683e-08 0.0
6.321047097340891e-07 5.479705146261736e-05 2.5310286857711003e-05 0.0 2.7259526963222765e-07 2.277091535569107e-07 7.353160396621004e-07 6.624316704842677e-07 6.916555620165927e-07 5.418436548328738e-07 0.0013376041116962775 1.0167422386942857e-07 0.00012152507976384676 8.305759229422652e-07 0.0 5.440293665579702e-06 0.00019334679403452617 0.0 0.001232768891656308 5.3133075549608224e-08 6.19323640620753e-06 8.140024935091931e-06 2.8430288076390207e-05 2.52721760696945e-06 0.00023109140273847907 0.001601053241918789 0.0008549889254436102 1.1843987287741503e-06 1.503739578238842e-06 1.441789202878267e-05 1.6084105144218697e-05 2.0781720622121234e-07 3.136358488280403e-07 0.0002619382196451699 3.4543712190159672e-06 0.0002233656145465109 0.0006752087796881465 0.0009400398055314297 0.0004372790254664527 2.2002924413280257e-06 4.280778634422251e-06 9.043691597166456e-06 6.178001869693015e-07 0.0 2.1499304872091546e-05 9.393406605140656e-07 0.0 0.0 0.0 0.0 0.0 0.0 0.0 6.2811157795800995e-06 0.0 2.380662829729622e-05 0.0 0.0 1.5266499808923134e-07 7.631770438817572e-07 6.423097771326205e-06 4.950090171371509e-06 0.0 0.0 7.018428956926016e-08 7.056057861591385e-08 0.0 1.7837129283177387e-05 8.644874453736615e-05 0.00010745640175956066 1.3151580248680253e-07 0.0 0.0 7.856283280830624e-06 0.0 0.0 1.8206635212285214e-07 2.9121161575695614e-07 2.8579528966299056e-06 1.2587945599990592e-05 4.030180504893966e-06 7.663905182471922e-07 0.0 0.0 2.4658943399017934e-07 0.0
1.4876363327142244e-06 0.0005917690862266414 6.540799136402618e-05 5.7024418729240134e-08 8.897024159604383e-08 6.513489708401444e-07 2.900241341809643e-06 1.8108900773167154e-06 7.6707960374379e-07 4.356081203103104e-07 0.0006723890456077727 1.3173804670894002e-07 3.956899693776564e-05 4.270512032313016e-06 0.0 1.2011532850335625e-05 0.0022741093513826355 0.001232768891656308 0.0 2.1908643745926272e-07 7.85448048346662e-05 1.8008102099276073e-05 0.0003368688007987728 7.920722700653989e-06 0.00041389034020033387 0.00315870315329817 0.0011904200050367078 2.2627325758778053e-06 7.405296350714729e-06 0.00011099883093298683 1.2020281992358523e-06 4.05409299083052e-07 2.0524166892269564e-07 0.0007808549421840472 4.724288958936649e-06 0.000447142390532337 0.0007726588269691379 0.0015253119461685286 0.0007792556584711261 4.2867578643758995e-06 5.283810794251687e-06 8.43460091576637e-06 1.7644944696079363e-06 0.0 0.0001485474940071972 1.3746022229210104e-05 0.0 0.0 0.0 0.0 0.0 0.0 0.0 1.2655133035415846e-05 0.0 2.668255689165185e-05 0.0 0.0 7.310345912749642e-08 3.488035127120898e-06 3.133096864504919e-05 3.76166431089591e-05 0.0 2.712798351051768e-07 7.023443400072249e-07 8.292896732653542e-07 0.0 1.3182949792677255e-05 0.0005163568536929143 0.0004886171985947236 2.551346220971443e-07 0.0 6.669251441455551e-08 1.1505508335217557e-05 0.0 0.0 3.374656847723107e-06 7.773152134481616e-07 9.146673452653436e-06 2.730417629857769e-05 2.9397371784755834e-05 5.899556435778144e-06 3.956389423315402e-07 0.0 1.1044801888063803e-06 0.0
5.259684207037539e-06 4.2597702580706737e-08 0.0 0.0008330410850524868 3.688077150124604e-06 0.00046047524800575337 0.00011348796832824909 0.00015901280989990426 0.0002930583317344213 0.0012271124423309976 7.666058870501648e-06 0.0019342765506887216 3.784878515177507e-06 7.058580438431353e-05 3.81545311360919e-05 0.0 1.028935940215974e-07 5.3133075549608224e-08 2.1908643745926272e-07 0.0 5.714658392587004e-07 3.90085051480053e-07 2.3113352571186704e-07 0.0006114953650066268 1.0701703438626398e-06 2.6492524672710673e-07 2.2168908360447548e-07 0.0007864601649543896 3.437294212443182e-05 1.3690253255667015e-05 0.0 9.575797404387958e-06 2.0957991211094798e-07 3.774070986657979e-05 1.2239085462494911e-06 6.222805881174364e-05 1.0361962208896344e-06 4.394907483916914e-05 1.4252265060250683e-05 0.0001567479447718594 9.773568928375047e-06 4.7122888536844006e-07 1.745947624857127e-06 3.931498678919772e-07 1.6264541596508338e-07 0.0 2.2521964924146217e-05 2.3714778822363366e-07 8.472841597170769e-06 6.517135058595397e-05 1.0225721467312544e-05 5.0096963849389566e-05 6.768967773054545e-05 5.931622183636998e-07 6.141189133254027e-05 0.0 1.0159496071569458e-05 7.370852339574278e-06 4.4694728244023384e-07 0.0 0.0 0.0 3.766764993641243e-05 2.0225600551104683e-06 5.967862939965035e-08 6.277361049954688e-07 0.00013107672622377325 0.0 1.376312925371889e-07 0.0 0.00010461511410585318 1.0554147055494798e-05 6.2193958168888325e-06 0.0 2.1181173214098344e-07 3.8858599802770026e-07 8.371642344097914e-06 5.081938805531148e-07 1.4781337177689487e-05 5.887384787318901e-07 1.1018140326152908e-05 2.9827549845135597e-06 7.523191033768743e-05 8.226846669718568e-07 0.0 4.1346668901872146e-07
8.437745474870923e-06 1.1335669240706542e-05 0.0007925672941917248 4.921103391646331e-07 0.0 5.05182919428809e-07 0.0006603701126462985 3.222897087356297e-05 1.4299975543218348e-05 7.1610419821327595e-06 1.8402610568249467e-05 0.0 5.238075091663511e-06 2.5311304287312644e-05 0.0 0.0018423482079599853 0.0011314230003754762 6.19323640620753e-06 7.85448048346662e-05 5.714658392587004e-07 0.0 3.425680520781108e-05 0.008061038435268016 0.0003033271888531811 2.3590980786386747e-06 0.00040239136605016304 0.0007572017788665039 0.0030967328298128895 1.6933007636313587e-05 0.006504612932930677 4.988158437110578e-08 7.833328091982163e-07 8.769574934674124e-06 0.0016795527108112804 5.721689551829704e-05 0.0019419751199521212 0.0012295193148124815 0.0015259772804094923 0.0005529142340709248 0.00020010901067301547 1.2907162998836695e-05 1.3469404519465242e-06 2.8822334078666457e-05 6.693896376305465e-08 1.5755049770862362e-06 1.0840193485200277e-05 0.0 0.0 0.0 1.7678092699431889e-06 2.682324902308575e-07 3.3632372091407124e-07 0.0 0.0 0.0 0.0 5.744393786312706e-07 0.0 4.03802994729156e-05 3.569615082801749e-07 0.0 0.0 0.0 1.6200925593921662e-05 1.459445824691045e-05 2.8809665173692645e-05 5.763634145964014e-06 2.6301775301959106e-07 3.1374514369814673e-06 2.308769509250187e-05 6.9482127264330765e-06 1.0006203225611083e-06 1.333470620369885e-05 0.0 0.0 0.0 2.0868347861175214e-06 1.1464663544622406e-05 1.570049422580641e-05 2.2450507892344867e-06 7.734321545960662e-06 2.9217462811832628e-06 3.563032585933524e-07 0.0 0.0 0.0
9.392588046825822e-06 0.001254615441741027 5.998656800153563e-06 2.877412359653312e-07 4.796972971411413e-07 1.243444170412175e-05 0.00012133387792277563 3.141866071727483e-05 0.0011946356354974672 5.7027317706980385e-06 1.0827885138178049e-05 7.354399824366792e-07 9.534414983037975e-05 2.995536059443285e-05 5.3663999292101515e-06 0.0021923302667623645 4.274934711572377e-06 8.140024935091931e-06 1.8008102099276073e-05 3.90085051480053e-07 3.425680520781108e-05 0.0 0.00019593704851070777 0.00309538003925035 0.00016861208392793676 7.083782864767322e-05 0.0015646791316796054 0.00022603210990466272 3.142741294645802e-05 8.146024987718057e-05 5.809540841439304e-06 6.125395987164533e-07 4.204299853195307e-06 2.3204819359045053e-05 2.845777946251393e-06 6.360279585811333e-05 3.1814138576951215e-05 3.0075421220200717e-05 1.6233699683998716e-05 3.130850916913516e-05 3.979225492517973e-06 1.6684928808550875e-05 9.749045636588996e-07 6.879661056977402e-07 6.702941279022458e-05 6.964735931794899e-05 0.0 0.0 7.003688437644837e-08 1.4772525715295957e-05 1.0608198677559594e-06 9.736988468086913e-06 6.225323652334808e-07 2.574702915149766e-07 6.689737219733271e-06 1.3360562343385663e-06 7.2865641792368884e-06 0.0 0.0006475301025290623 2.2719482638815704e-06 2.579792389713575e-07 1.0821336671659384e-06 0.0 0.00013590825008470933 0.0004192278614227999 0.0007006204475208181 5.5283049354150445e-05 3.0292905479631375e-06 7.468035550562363e-06 0.001159013673905223 4.8868328610178104e-05 5.548882721360058e-06 5.6915697659326976e-05 0.0 0.0 8.699827187466994e-07 1.1336481955787546e-05 3.44648934980251e-06 8.374454528339875e-05 3.828551922208257e-05 2.997418392794406e-05 2.0820777311577623e-05 3.869048526758547e-06 5.257269063375795e-07 1.9401660421050087e-06 1.9914552507681718e-07
4.379629900755121e-06 6.11673105571582e-05 0.006157131552178826 5.098751614715646e-07 0.0 6.813772689655497e-07 0.0001012372252786995 1.4237314886992392e-05 1.7500163258430536e-05 2.5329483160453017e-06 4.623250715142961e-05 9.722655203412375e-08 1.5383452594897356e-05 1.7318966742802407e-05 0.0 0.001625762659645903 0.002996579860525626 2.8430288076390207e-05 0.0003368688007987728 2.3113352571186704e-07 0.008061038435268016 0.00019593704851070777 0.0 0.0009578827078893651 1.0632967340425116e-05 0.0017457701128717835 0.003749963266315249 0.0014727837578094422 2.10797923957329e-05 0.0024939244568921524 7.857953072143807e-07 3.4088198467422045e-07 5.090225759390753e-06 0.0016598188544979227 0.00015089696225751577 0.006029792207090807 0.0028576098550155368 0.003226562523630759 0.0017988157660416995 0.0004569826922603313 1.8601925945306337e-05 7.281810350583349e-06 5.97855613393713e-05 0.0 2.022527749991359e-05 0.00013850908497508107 0.0 0.0 7.670662707906367e-08 3.3165324872036154e-06 7.92844417175653e-08 8.011551600661015e-07 2.8122384238614314e-07 2.3186539746047904e-07 2.002991655595998e-07 1.0892809309279725e-07 8.924364677546793e-07 0.0 0.00019889485140581876 1.8650821249075747e-06 5.9375890828460545e-08 6.601227922488111e-07 8.130335506681575e-08 4.132931549960118e-05 0.00010432970837376234 0.0003359415408183947 1.185874101469977e-05 3.138603927608894e-07 1.1861154297117047e-05 0.00035957824071723867 1.1842836090142083e-05 1.4059203585404857e-06 2.2675032675851868e-05 0.0 0.0 6.98024167892055e-08 6.071581763252186e-06 3.1499557806521125e-05 4.9382771086605864e-05 3.1564141114859054e-05 1.7254996186567205e-05 2.367237059089008e-05 2.2256603488514467e-06 1.8606001900671533e-07 9.011054286186999e-07 6.458946476193507e-08
5.373799737001485e-05 0.00022853559624647898 4.793344208216523e-05 0.0010623526539064018 7.338874329705802e-06 0.00024951939845760813 0.002793010896779336 0.000331247363560127 0.006308428427404458 0.0009300287514687454 2.2025420881428067e-05 0.0007443604754617601 6.541135456119173e-05 0.0002991824700885426 0.0001949155732168168 0.0007939460482376465 1.8796303364731783e-06 2.52721760696945e-06 7.920722700653989e-06 0.0006114953650066268 0.0003033271888531811 0.00309538003925035 0.0009578827078893651 0.0 5.022038061212161e-05 2.964961424771024e-05 0.0005741624620396679 0.006549771500087344 0.00027611666499378586 0.00030717735899206985 1.4372563464473357e-06 1.4859993588097944e-05 4.809658285760726e-05 0.00028279373529506587 6.142169071307268e-05 0.0017793775521484066 6.16791844446352e-05 0.0004594786705164594 0.00023543135185124248 0.0007265191313725909 8.911166351427462e-05 1.5801079487438285e-05 3.225944745868206e-05 8.669025394618755e-06 4.241501888600803e-06 1.8902771501122976e-05 6.59511687705372e-05 1.2032505536429714e-06 2.350163314168186e-05 0.00035765444867803846 6.42553109925691e-05 0.0003732470316229217 0.0001817746585566318 6.126514089510778e-06 0.00013831258174155147 6.276098222428704e-07 0.0001161612267687239 1.041417247407024e-05 0.00026371006934129004 8.698136725602276e-06 5.742114925118425e-07 1.3224798250402938e-06 8.741808733567777e-05 0.00016541211969181075 9.003426413757837e-05 0.00012276273285330276 0.0012068840438171692 8.932192865964302e-07 2.359912650489998e-06 3.13366718068121e-05 0.0008791003815097946 0.00015431043091129762 0.00031820650871794355 1.30125604990897e-07 2.217983807116546e-06 1.3698590096247309e-05 0.00012352872002287222 3.22068577859822e-05 0.0003857598470072587 1.4980378831007776e-05 0.00021619166856543678 5.7379927648067445e-05 0.00013435942743851676 7.1031334812299834e-06 6.022763804033499e-06 7.548790415676163e-06
