0.0 0.0 0.0001023547845214833 7.40946995337853e-07 0.0 1.6241144658993575e-06 0.0013618808694126786 0.0003632222323888893 1.0376726411432595e-06 0.00017373849091673694 1.1688068721501424e-06 7.219077883823692e-07 9.567294100302809e-08 0.0022426530283031023 1.8507422621169006e-07 0.0 0.0001119983024894462 1.0246393104603169e-06 5.983088784223964e-06 5.972538608830517e-07 7.250599280376035e-06 1.9375372754476365e-07 0.00011692350124662352 1.2233435944997445e-05 0.0 1.8531785759868514e-05 4.317372552775391e-06 3.184703977008375e-05 0.000538504619183075 0.0010552841402809196 4.293014356191515e-08 3.565123581544073e-07 1.3161474029656963e-06 2.685979488507584e-05 8.387217633825821e-08 4.9535827749759495e-06 4.916201294562175e-07 1.049181265691916e-05 2.1828973121576573e-06 6.354364399952215e-07 1.547831983002635e-07 0.0 0.0 0.0 0.0 7.308307781539245e-08 0.0 0.0 1.5927732661810633e-07 5.689743335291682e-07 1.3388783028689044e-07 3.562964083265395e-07 0.0 0.0 6.627781235636393e-08 0.0 0.0 0.0 8.027905995536095e-08 0.0 0.0 0.0 0.0 0.0 2.1957757872399092e-07 1.0464353136020664e-07 1.4955536809686654e-06 0.0 2.8967458347186287e-07 4.6183580722042904e-07 1.7181957362912172e-06 1.1876595201901376e-07 9.502630126683023e-08 0.0 0.0 0.0 0.0 0.0 3.7584653325846373e-07 5.389707891979387e-08 2.693846880854317e-07 7.969465279881684e-08 0.0 0.0 0.0 0.0
0.0 0.0 8.870323317901799e-05 0.0 2.0278619350695161e-07 0.0 2.385046432848878e-06 2.8122260191151686e-07 0.0003374660506519717 1.3191109905970117e-07 1.221504650328949e-05 1.6500902256552678e-07 0.0002679322409331631 3.854897471395591e-07 3.6536503304372404e-06 5.451835252960059e-05 3.308234658404586e-05 5.0143086519166e-06 3.162836048235464e-05 4.5761809230242605e-08 6.542378712964471e-06 0.0016253233866627733 6.664724490010458e-06 0.0003303831274548546 0.001221032791736708 0.00024260400526260244 0.00426985353704857 1.5700376669049828e-05 7.431628916439429e-07 6.314573824588478e-07 1.6724638276538185e-05 0.0 5.190806379845633e-08 1.301409222860615e-05 0.0 5.199388580599914e-05 0.00016175435423554835 7.78047905302727e-05 1.3957867810173152e-05 1.2619741684610837e-05 6.886765943426774e-08 9.567416178888301e-05 0.0 2.2886783590874183e-07 1.533958649731286e-05 0.00014820659237053957 0.0 0.0 1.042227058512137e-07 4.101471828753077e-06 2.540104168448906e-07 1.8678382062012892e-06 0.0 4.119289210660796e-06 2.064164947486286e-07 3.454709691502639e-05 5.133634788379351e-07 0.0 1.4928456237204995e-06 6.795273594755212e-05 6.750266482675909e-06 4.617057956270818e-05 0.0 1.6828214608400989e-06 1.816852209495575e-05 9.630954967239385e-06 2.1558755611646024e-06 1.3107855537715957e-05 0.0004278100281828106 0.0005995269427026199 5.662420139043449e-07 3.467711428343008e-07 2.0745526914838125e-06 3.9601181950581425e-06 0.0 0.0 1.4218000385797766e-05 0.0 3.795251548259742e-05 1.805712947801276e-05 5.324943762776932e-05 1.4296395658824155e-05 6.004156130721802e-07 2.4420516423998436e-07 4.374872735435352e-06 2.1530996271710178e-07
0.0001023547845214833 8.870323317901799e-05 0.0 2.461730052119769e-06 1.6543796329809977e-07 3.827978139997728e-05 0.0016587694096259833 0.0005701520512023886 2.8779430362045155e-06 0.00010725733011593575 1.1453063031827765e-05 1.0260392420572699e-06 1.6702606931912606e-06 0.0004696685440799894 0.0 1.671873529622366e-05 0.004629790776603281 3.140739842110302e-05 0.0001954055045470081 1.6314324818046675e-06 0.000670751413295339 3.364952192402323e-05 0.008457286729264744 9.584148014388458e-05 3.6317309251273465e-07 0.004161918870930909 0.0031976529153077294 0.0006215017209436045 0.00019826373565357363 0.00061835737617877 2.7000701784835375e-06 2.6509487499852247e-06 1.900059792652859e-06 0.0005328861421190121 7.147817562172255e-06 0.0011757571210443433 0.0007769049249907969 0.0012756975102960093 0.0003721308203000345 2.364578455108206e-05 3.386322839630205e-06 3.683419175839007e-06 2.519229251116266e-06 2.0453016933329709e-07 0.00010401043935118777 0.0008022999105290512 1.372439631026016e-07 0.0 0.0 1.0474454931428964e-05 2.131708468973352e-06 1.2346322588087245e-06 1.9665392044563908e-07 6.983874945827138e-08 0.0 4.436941376466866e-07 6.322506316814538e-07 0.0 1.9446848423065157e-05 8.251495590472089e-05 2.8297676738076416e-07 6.868249870913335e-06 1.7630190750471736e-07 5.829486763458637e-06 6.356748894589524e-05 0.00037576084792857945 8.051342804865608e-06 4.217202738716144e-07 0.00016020377574119557 0.0011670069027724548 4.353600501357237e-06 6.486452594132945e-07 4.326270574153771e-06 2.970938532518317e-07 0.0 0.0 3.260155115141731e-05 8.066828844867272e-06 0.00020446134555001297 5.6573421418074985e-05 0.00010092334183264572 6.435429973415281e-05 2.6235638248882286e-06 2.815883026026623e-07 2.3935554470582263e-07 6.620736301367577e-07
7.40946995337853e-07 0.0 2.461730052119769e-06 0.0 9.41453148161521e-07 8.785642121994431e-05 3.278600766473815e-05 8.202420694808577e-05 0.0003673175507006233 0.002514477625112144 5.9119251075078875e-06 0.0023526159089357224 4.58246486667916e-07 4.864124270698194e-05 1.6152702390133168e-05 0.0 7.031417622230022e-07 8.203888307608169e-07 7.368452456162384e-07 0.0030424744399318152 1.0773698636711305e-07 2.740461819820552e-07 4.885859362066473e-07 0.0013357413949687334 0.0 1.7929155111195776e-06 9.998380052168744e-07 0.001964068866119379 5.424265748966934e-05 2.077348457402079e-07 1.8332507028661755e-07 4.826352148964793e-06 3.4772732718371313e-07 3.4260627111087445e-05 7.796218107534119e-07 0.00023895884018772882 2.4780404933313327e-06 8.949495869501848e-05 7.04947167436052e-06 0.00017158365730109688 1.0896254715453015e-05 0.0 3.1516569025574353e-06 1.05505141227193e-06 7.632578788745945e-08 0.0 6.818824100112289e-05 0.0 3.4688887941820195e-06 1.991412828003103e-05 1.5287520277881447e-05 8.541578940056184e-05 3.3206162136761143e-05 1.3553380864060974e-07 3.2300967244328765e-05 9.12847119898819e-07 4.626740626162708e-06 4.789011641307412e-06 8.110368724919941e-08 0.0 0.0 0.0 1.8704919826783225e-05 0.0 7.336785790761739e-07 8.597612142951588e-08 0.00017038616179675134 1.212482624685191e-07 4.6368090999711553e-08 1.8396607378982066e-07 0.00019132328408317438 9.01475163886004e-06 2.1997942904744762e-07 0.0 1.921171733216535e-07 6.377550498056277e-07 7.976673946520678e-07 5.152286118585509e-07 3.593714995264838e-05 1.295470582762325e-07 7.4080158012994915e-06 2.8036121812847184e-07 3.7786322644850975e-05 3.4607846130176006e-07 0.0 6.764066618693086e-07
0.0 2.0278619350695161e-07 1.6543796329809977e-07 9.41453148161521e-07 0.0 2.122214584725454e-05 6.653141071341056e-07 1.3106119439130098e-05 3.462317738993829e-05 2.243774419423167e-06 4.641858891053907e-06 1.5999842273737444e-05 2.56592481082272e-06 6.810049474555838e-07 8.884178401439419e-05 0.0 5.356346628278476e-08 2.940715115604518e-07 0.0 3.2486633421761156e-06 0.0 4.0283701723906415e-07 0.0 8.608015316186515e-06 0.0 4.3962616565919136e-07 2.2396957262971886e-07 2.9546946750106825e-06 1.1594433717011538e-07 1.6680779399976997e-07 0.0 4.848466212548216e-05 0.0 2.8063361945062076e-05 0.0 4.737824741651726e-06 8.420912946466089e-07 5.048743233660318e-05 2.067045613874119e-06 0.0002453904556102162 4.1563688745657656e-05 1.8037800264856255e-07 0.0 0.0 0.0 0.0 0.0 0.0 0.0 0.0 0.0 0.0 1.0080482435481107e-07 0.0 0.0 0.0 0.0 0.0 0.0 0.0 0.0 0.0 0.0 0.0 0.0 0.0 0.0 0.0 0.0 0.0 5.97924041113848e-08 0.0 0.0 0.0 0.0 0.0 0.0 0.0 0.0 0.0 0.0 0.0 1.3141996144493893e-07 0.0 0.0 0.0
1.6241144658993575e-06 0.0 3.827978139997728e-05 8.785642121994431e-05 2.122214584725454e-05 0.0 0.0006338426008503493 0.0034687694423632142 2.8043550796303866e-05 0.006071259758593834 2.709311601933589e-05 0.0019016860704644308 4.647154657498497e-06 0.0003136572335438035 0.00012530094482346196 2.647476747166363e-07 9.261873317674909e-06 3.2231559172879675e-06 2.887747812843229e-06 0.0005737825694806833 3.3514925856042074e-06 5.166948098486384e-07 9.27563532880008e-06 3.096837425351757e-05 5.186530061590193e-07 1.2976364189274931e-05 8.075037385585756e-06 0.0002171663903557228 0.00016506616785986095 6.300915046564053e-06 6.119690736361587e-07 0.00017967219390894023 7.975910100109604e-07 0.00010986698991725256 7.376105913208158e-07 0.000114428666770093 7.326370416926744e-06 0.00015136837288758884 1.2345046855901804e-05 0.00043172737853877847 0.0001665960771534358 1.5765861359107907e-06 4.918552488224835e-06 3.0392711345574206e-07 3.755598270897136e-07 4.073712377758452e-07 3.6531871717018203e-06 0.0 2.896216124010359e-07 6.91353538870763e-06 5.403143584649447e-06 7.942363987005112e-06 4.8012342191110244e-06 6.897947975839756e-08 6.026530563677994e-06 6.790032161041398e-08 1.3215725806516091e-06 0.0 5.050202317542383e-07 6.799276217774407e-08 0.0 0.0 1.4408635352799728e-06 0.0 5.776252649915437e-07 1.1489178592892435e-06 3.1747793025026085e-05 0.0 2.0988588768620158e-07 2.7840187751603674e-06 4.384587462046937e-05 3.87697711072415e-06 6.503821671416829e-07 0.0 5.64537233893942e-08 8.697963268399052e-08 5.55067021824622e-07 2.572510247329413e-07 8.362266561853567e-06 1.0782117685377522e-07 2.407330269606738e-06 3.9101967308525975e-08 1.5114519076929337e-06 0.0 0.0 2.404206777166707e-07
0.0013618808694126786 2.385046432848878e-06 0.0016587694096259833 3.278600766473815e-05 6.653141071341056e-07 0.0006338426008503493 0.0 0.0029180204665081684 0.00015756291886272355 0.003927871897869762 1.8285000458260954e-05 2.8651910741261138e-05 1.4526392125600197e-06 0.0038347266535088166 6.927093975848559e-06 3.943728188164752e-06 0.0002400971905504216 5.341088893393757e-06 1.562775807077604e-05 1.684717230217964e-05 0.0009007823758560274 2.8564321931346676e-05 0.0010429178457468284 0.000971535452812014 1.365966578070114e-06 0.00016237324803422502 0.0003754756913034661 0.008182017994078047 0.0012393710278831673 0.002623287287602322 7.351455743096338e-07 1.4083794165859257e-05 2.555127708531691e-05 0.00020173046026517635 8.193629554415161e-06 0.0006622997171877843 4.4256089486530515e-05 0.0005109361514397468 0.00014067557192409317 6.638142307281776e-05 2.7183201192601686e-05 8.117913741001549e-07 8.085357871593916e-06 4.234870330096736e-06 2.3270548031961294e-06 1.3119641682285853e-05 1.002885329580415e-05 0.0 2.5601047438189142e-06 4.960778495334512e-05 2.560245031284372e-05 7.680147276795441e-05 2.3953789151882763e-05 5.593044576085294e-07 3.974407806774793e-06 7.204547944877355e-08 1.2362962992861676e-05 7.228783826082557e-07 2.0324242376116475e-05 3.4372373240020674e-06 4.933867533405504e-08 5.585986513082337e-07 9.820843567688693e-06 5.763981844837384e-07 2.0157543562509223e-05 3.9728440884681875e-05 0.00019758045847524666 0.0 4.471667885728465e-06 6.895448946284466e-05 0.0002421770039058433 2.279232571619899e-05 3.917358034889066e-06 0.0 1.4372278833850165e-06 9.551132866559788e-07 3.83131853459465e-06 2.4836607497275774e-06 6.809287574846493e-05 3.7839347595050932e-06 1.855551660127975e-05 4.858293665009612e-06 7.605679218274474e-06 1.151102508414804e-06 1.609631830059772e-07 1.153391279111333e-06
0.0003632222323888893 2.8122260191151686e-07 0.0005701520512023886 8.202420694808577e-05 1.3106119439130098e-05 0.0034687694423632142 0.0029180204665081684 0.0 2.1102916240701987e-05 0.002689139440973345 3.477934538807698e-05 0.0005166884103403919 7.683708651786248e-06 0.0032830924670110683 3.163713744569837e-05 2.4021921828289143e-06 0.00045066861792024556 7.106428390889251e-06 3.7645272372175144e-05 0.0004991147641752557 4.189452494097595e-05 2.460978430107072e-06 0.0003899806557801272 0.00017508464689340995 2.4116396238823135e-07 0.0001416852462684569 3.950995652097408e-05 0.0004983296149016817 0.00038328061018008935 0.0005724139594974392 7.549830083008183e-07 0.0003479997131400868 9.972887858198754e-07 0.00017169661491867866 3.1992261101091583e-06 0.00013017870099992664 1.3446656813078941e-05 0.0002294019110564412 2.5337611395408003e-05 0.0004039746135364511 0.00014766133411157054 2.1627153421053485e-06 6.234205465442658e-06 6.917470205186421e-07 7.049926995519303e-07 2.440648541661326e-06 2.2181196631665528e-06 0.0 5.885009774622679e-07 1.4344170713821313e-05 7.975730097628415e-06 1.1803407681237834e-05 4.874592913082885e-06 1.6820373144709223e-07 4.930520336855055e-06 1.3330008978044568e-06 4.221094920523253e-06 0.0 2.0207965183888873e-06 2.0690289649977676e-07 1.3170360556451802e-07 7.31734003331665e-08 1.1712147057896947e-06 7.725806286847454e-08 2.303484064912852e-06 5.247080671913269e-06 5.017115136990158e-05 0.0 2.072066394817446e-06 1.1270417974440199e-05 6.176238216364835e-05 7.130056760745651e-06 9.499436512523702e-07 0.0 0.0 4.789952174301865e-07 5.919396864459722e-07 9.222314597342638e-08 1.7878010675657218e-05 5.320554486241527e-07 4.196334108103628e-06 3.25403719484095e-07 2.5446793776076216e-06 1.9446959259725825e-07 0.0 0.0
1.0376726411432595e-06 0.0003374660506519717 2.8779430362045155e-06 0.0003673175507006233 3.462317738993829e-05 2.8043550796303866e-05 0.00015756291886272355 2.1102916240701987e-05 0.0 7.958387486841296e-05 7.791859328135853e-07 9.792593277748087e-05 4.4366382613636336e-06 2.376990845056232e-05 0.0005965775747953184 5.034281953630508e-05 5.0669354246655505e-06 4.952853864483399e-07 3.601759825824898e-06 0.00010831509672494874 1.3847536899284424e-05 0.0017214122534637843 6.2011325896577035e-06 0.004900555777165467 4.083733367196355e-05 2.1769113273055728e-05 0.0007083295843186198 0.0013093484088530845 7.012654972257514e-05 2.0663822395632356e-05 1.4183427585851616e-06 1.6557369021415743e-06 5.618563618514918e-06 1.7968772910831672e-05 1.1536232650334987e-06 0.00018135444588813026 7.292994596593116e-06 6.668875451859898e-05 1.4112579181208603e-05 0.00038429591074034267 6.9312340130839675e-06 9.516644673570712e-07 1.56925940982416e-06 8.333831024680974e-06 1.746794827346665e-06 1.6221845181824942e-06 1.60520163352089e-05 0.0 3.0370559244359237e-06 8.227957728760275e-05 2.675065349699595e-05 5.1104750877569585e-05 3.551778162605256e-05 2.329147634476795e-06 2.038107099824368e-05 1.8155160161179975e-06 1.9636839526800386e-05 4.1663536520991135e-06 2.2090217189319172e-05 6.596145151063612e-07 1.1331700775456169e-07 6.370145693682172e-07 1.8673264029277305e-05 7.038351957821272e-06 1.1311528776895592e-05 1.4314961477737469e-06 0.0005977551354234938 3.8241325239464116e-07 3.910721479613311e-06 1.203793832492042e-05 0.0004238539476446599 4.373736631898835e-05 1.560465613936033e-05 6.049876967195645e-07 3.1437757789826906e-07 2.6426028612891605e-06 6.449599781268201e-06 1.0668062224008255e-06 0.00010088392369686111 2.923069089458826e-06 2.4695299413545447e-05 3.3951126976913666e-06 3.391262852680431e-05 4.166598060738902e-06 0.0 8.266792237576231e-07
0.00017373849091673694 1.3191109905970117e-07 0.00010725733011593575 0.002514477625112144 2.243774419423167e-06 0.006071259758593834 0.003927871897869762 0.002689139440973345 7.958387486841296e-05 0.0 7.036477353073426e-05 0.0032997706609706207 7.181070531665249e-06 0.0012903079244598699 5.44156547559676e-06 7.234831135212148e-07 2.242865602832582e-05 1.3544803643896258e-05 1.1023066459483798e-05 0.003436508154802059 1.1005807385919739e-05 2.665522767367362e-06 2.7039354202075198e-05 0.00017758020084043683 2.0773020110344724e-07 3.8593582923925683e-05 3.1614116706182315e-05 0.0021139933557597097 0.0005014445666321209 1.7059197007413462e-05 1.5860529884520692e-06 4.855863836575671e-05 2.2409577704882088e-06 0.00026349092307928837 2.651413804652645e-06 0.0006409897773058924 1.955848315607745e-05 0.00045602668119595815 3.335319974682633e-05 0.000208459704641941 4.93122792326891e-05 2.5694732379465376e-06 9.295394339428295e-06 3.0370561624190205e-06 5.046739028871228e-07 1.4710926161914615e-06 1.599677970497004e-05 0.0 1.3792218359230236e-06 3.62042675106335e-05 2.4320870684414467e-05 5.4977102973239384e-05 2.5358122448485725e-05 1.6814076508622525e-07 2.950780202913506e-05 1.462767479621385e-06 8.636242947359892e-06 2.175541274486346e-06 1.5467100037628765e-06 7.569719520272268e-08 6.405514939757192e-08 0.0 1.6019336734423172e-05 0.0 1.9531313121783547e-06 4.339318917603698e-06 0.0001598650267983155 0.0 1.3768581084839654e-06 7.831746556367719e-06 0.00020546085809748025 1.6680944040649326e-05 1.2375777954221935e-06 0.0 5.024474044340971e-07 5.322438915724859e-07 2.150126250501679e-06 2.0694529318836298e-07 4.807733354220992e-05 1.5347200068391715e-06 1.2744821820003505e-05 1.0030348480135355e-06 1.2251335696821142e-05 9.6608600103671e-07 2.736663768260755e-07 2.2543919757639137e-07
1.1688068721501424e-06 1.221504650328949e-05 1.1453063031827765e-05 5.9119251075078875e-06 4.641858891053907e-06 2.709311601933589e-05 1.8285000458260954e-05 3.477934538807698e-05 7.791859328135853e-07 7.036477353073426e-05 0.0 3.777966789576752e-05 0.0017417840492969382 0.00010903860048746991 0.0 4.0085037004953365e-06 2.9730867523814285e-05 0.0013173068136781844 0.0004580449465578671 5.076316673893853e-05 9.271445275450622e-06 3.983273069779983e-06 2.730988581002887e-05 9.863932148496895e-06 0.00018032024067656403 0.0009202227099955655 0.0003960473986252154 1.8398102741800587e-05 0.0003160526405429803 4.070414614263466e-06 0.00014054246459903411 0.00010545420178236074 1.5580507867665603e-06 0.004814891147582389 3.561981038557192e-06 0.0002764124736294796 0.0022613524489196245 0.0030043879398827687 0.0005378286858814833 7.93656006715438e-05 2.2623205626873635e-05 0.000700495520239231 6.89026298603374e-06 0.0 3.733796250749438e-06 9.367365135815103e-07 0.0 0.0 0.0 1.6649854289904084e-07 6.153360584810563e-07 5.293774883048846e-07 6.202967526589798e-08 8.590356674953533e-05 1.5930409178365786e-07 0.0008502913028936828 2.8067583971440505e-07 0.0 1.4666404403270915e-07 7.31473475303496e-07 2.6024744379825788e-05 7.006484640939456e-06 1.8158945956610322e-07 0.0 3.447781375297171e-07 2.2433300851506557e-07 1.9061843233307753e-06 6.12509103132824e-05 6.890396844385853e-05 5.909511367921168e-05 2.0658489515723914e-06 5.84439129573115e-07 1.3235834862514114e-07 0.00013364505439756317 2.534105725181736e-07 0.0 1.6378883047844054e-06 4.4091607370439107e-07 1.1591088352930932e-05 5.680303339936081e-05 7.391090701313476e-06 3.045444574727989e-07 4.716946020555932e-07 0.0 4.022303481124423e-05 0.0
7.219077883823692e-07 1.6500902256552678e-07 1.0260392420572699e-06 0.0023526159089357224 1.5999842273737444e-05 0.0019016860704644308 2.8651910741261138e-05 0.0005166884103403919 9.792593277748087e-05 0.0032997706609706207 3.777966789576752e-05 0.0 5.6021698237239165e-06 0.00022599920723344333 0.00037785645298949155 1.7512284405295315e-07 5.052978628342537e-07 4.892663572467109e-06 3.3225039519177606e-06 0.004703759786281048 1.0683698189394133e-07 2.051682139133375e-06 5.46946614179428e-07 0.0006372721447004477 0.0 8.946840052716405e-06 2.4292312748569116e-06 0.0009206288360185216 0.00013275412984021666 4.869003336674124e-07 7.304441508158545e-07 6.404745243324975e-05 2.747572675407013e-07 0.00011399390710490228 2.6766336975706986e-05 0.00038401277837564723 3.7921603160149543e-06 0.0001623641913495165 6.743665557436034e-06 0.0009822099939869923 1.9697463884118582e-05 3.672778432011921e-06 2.0973316560396804e-06 7.567575133920198e-07 5.951275414143677e-08 0.0 2.382622200587444e-05 0.0 2.8068943687860585e-06 1.4949209592772102e-05 6.279035558952158e-06 2.2781520446724736e-05 1.4756982776671647e-05 2.1885573632939698e-07 2.1072550204485028e-05 0.0 2.114931691952034e-06 1.2965006449975645e-06 5.9340232262238696e-08 0.0 1.0253315279258197e-07 5.5350501184000835e-08 1.209526193205578e-05 0.0 0.0 8.610786093879683e-08 7.172483390381893e-05 0.0 1.1564700108973547e-07 2.3095486040186037e-07 8.515996962996772e-05 3.755960969034884e-06 8.916239777670635e-08 0.0 0.0 1.8072362549915944e-07 8.279699131806552e-07 2.673058398982213e-06 2.1680707590129982e-05 7.634485231665673e-07 3.6775466216633365e-06 7.299525729323639e-07 2.3745149383352063e-05 1.1831688981565787e-06 0.0 0.0
9.567294100302809e-08 0.0002679322409331631 1.6702606931912606e-06 4.58246486667916e-07 2.56592481082272e-06 4.647154657498497e-06 1.4526392125600197e-06 7.683708651786248e-06 4.4366382613636336e-06 7.181070531665249e-06 0.0017417840492969382 5.6021698237239165e-06 0.0 1.214258645332077e-05 0.0 1.5269532539740704e-06 2.8960328294296734e-06 5.316284335318025e-05 1.0225033130123871e-05 4.6554922604164285e-06 1.7223614400035475e-06 2.0853038225801507e-05 7.315163241599647e-06 4.936818254084085e-06 0.0022548650977052866 0.00015538631403384757 0.0019264303322385728 6.5278184549716804e-06 1.964664780972338e-05 1.3146240255703648e-06 0.000502186189840561 1.2860081408410953e-05 1.232460512333362e-07 0.0002958153409716637 1.4718421875831465e-06 0.00107478241898102 0.004698460966350713 0.0029059480462531808 0.0006068270111563607 0.00010334358310565757 5.9852408804350766e-05 0.001150012750456086 1.2908245010476492e-05 1.91041755474665e-07 2.3706369292147524e-05 8.931174248216645e-07 0.0 0.0 1.1989601475127243e-07 1.2309751884351106e-06 1.4383912121877374e-07 1.0666204250312447e-06 1.3429033109747674e-07 0.00032490435455174787 1.1866579683298218e-07 0.0031730990540674076 4.1695436489153753e-07 0.0 0.0 1.529570588099584e-06 5.767194979163536e-05 2.5110405526350657e-05 6.314848933047672e-08 1.6419196313414722e-07 1.4985734048459875e-06 4.0214527177336843e-07 1.3328610827354449e-06 0.0004248398974640804 0.00017906695916990124 0.00019525422994142775 2.077332353879237e-07 5.031979277581669e-07 3.94148682766737e-07 0.00032424525219213005 4.906446367449343e-07 0.0 7.775416001129761e-06 5.1766345816607514e-06 0.00010870507682044127 0.00030046011554831804 4.173480165783389e-05 3.2501569478861146e-06 7.124858321454636e-06 2.422433212352928e-06 0.00027517830261364237 2.1931798676266675e-06
0.0022426530283031023 3.854897471395591e-07 0.0004696685440799894 4.864124270698194e-05 6.810049474555838e-07 0.0003136572335438035 0.0038347266535088166 0.0032830924670110683 2.376990845056232e-05 0.0012903079244598699 0.00010903860048746991 0.00022599920723344333 1.214258645332077e-05 0.0 4.279655095759185e-06 1.3341674155806668e-06 0.0004903323975086175 1.4210181391676669e-05 3.9413763618636955e-05 0.00028316102563036755 3.621984812511759e-05 1.1595720967578832e-06 0.00044294092165494226 0.0001965147661485931 4.6572911151447556e-07 0.00011679405544222199 3.3642756036833847e-05 0.00044447804731787563 0.003743774592898588 0.0012010742033792855 2.1008071651428258e-06 6.353183642854082e-05 1.1464254012405166e-05 0.00047047733335682686 1.227860080932836e-06 0.0001635207937821413 9.91938361797584e-06 0.00043595448022801085 2.467548324334391e-05 0.0001914352558002509 8.153601291054274e-05 1.5027113914603818e-06 7.5996302908598355e-06 3.300696636646172e-07 4.629273960188036e-07 1.7420277086191827e-06 1.4718880389930122e-06 0.0 3.9175254202997714e-07 5.3923472712723805e-06 3.204282124449876e-06 7.24561559703102e-06 9.76350465824025e-07 1.8016606283586555e-07 2.4429419926920795e-06 0.0 1.496768140439603e-06 2.088845222459776e-07 1.6374040409147378e-06 5.155398778828278e-07 0.0 6.808705901322448e-08 1.0892582259472235e-06 1.906916307771652e-07 6.430477502346608e-07 2.6512562162127322e-06 2.8882799878664605e-05 0.0 1.0605314529942841e-06 5.1829427519948425e-06 3.678533842578238e-05 3.839480656710221e-06 6.796887184799454e-07 0.0 0.0 6.74164543792403e-08 8.873750315340701e-07 9.46587451008115e-07 1.4350493528048591e-05 8.570524629296288e-07 2.819640370577816e-06 2.6806872485758414e-07 6.374456797133504e-07 0.0 0.0 1.461552084083602e-07
1.8507422621169006e-07 3.6536503304372404e-06 0.0 1.6152702390133168e-05 8.884178401439419e-05 0.00012530094482346196 6.927093975848559e-06 3.163713744569837e-05 0.0005965775747953184 5.44156547559676e-06 0.0 0.00037785645298949155 0.0 4.279655095759185e-06 0.0 2.835535987420796e-07 0.0 0.0 0.0 3.0082224454155926e-05 0.0 1.5498445719362036e-05 0.0 0.00025274254577658313 3.4828552446859686e-07 1.2629600689664404e-07 8.070161028650738e-06 7.740583130876257e-05 4.4891574578203365e-06 0.0 0.0 6.631789841153991e-05 1.5745931028415125e-07 1.7643818971466613e-06 5.121235353437806e-07 9.573028512033996e-05 3.245869773635103e-07 3.3169845051610622e-06 4.888765611637147e-07 0.00031598076895381354 1.4838917972892547e-05 0.0 0.0 0.0 5.8986319667124495e-08 0.0 8.779692454552738e-07 0.0 0.0 0.0 0.0 2.011373649090169e-06 4.569945924559477e-07 0.0 1.2644347708858315e-06 0.0 0.0 4.27362071704449e-07 0.0 0.0 0.0 0.0 4.7407730468018814e-07 1.3668275136516612e-07 1.760868739117699e-07 0.0 3.7774676878576755e-06 4.7199417517707724e-08 0.0 3.797110495306411e-07 2.667351683327123e-06 5.5646135685242965e-08 0.0 0.0 4.1767294691771365e-08 0.0 0.0 0.0 1.649003578972524e-06 0.0 5.9096493941505725e-08 0.0 2.4489774185323977e-06 0.0 0.0 0.0
0.0 5.451835252960059e-05 1.671873529622366e-05 0.0 0.0 2.647476747166363e-07 3.943728188164752e-06 2.4021921828289143e-06 5.034281953630508e-05 7.234831135212148e-07 4.0085037004953365e-06 1.7512284405295315e-07 1.5269532539740704e-06 1.3341674155806668e-06 2.835535987420796e-07 0.0 2.2201728202852523e-05 1.3875442317211095e-06 4.451874891114108e-06 2.5861170101817806e-07 0.002278150724235164 0.0023989042135084205 0.0025528167240368295 0.0013635542149577874 2.6192025109699847e-06 4.673565902522125e-06 0.0020519530442201007 0.001029455086398537 5.481792793572242e-06 6.883396255887178e-05 0.0 0.0 2.740260351264087e-06 7.018926141376451e-05 1.0744318949201201e-05 0.0020162076777726075 0.0006043846714988848 0.0004926857050442297 0.0005413620787008462 5.3192731900113014e-05 2.2078571577733965e-06 3.100351122412432e-06 8.819498280666558e-06 5.7307010630532176e-06 1.69499161890039e-06 7.072728068704806e-06 0.0 0.0 1.63061309410533e-07 6.222244980009434e-05 1.6280700880503337e-05 0.00017735439594613572 3.2184801404391876e-06 2.966064757699892e-07 0.0 4.833477537385662e-08 1.4233094253455226e-05 0.0 0.001256763813943465 1.0392422586541808e-06 1.914200692699085e-07 8.862968848142454e-08 3.8463430896753395e-07 9.940573202904479e-05 0.0006524396839401507 0.0006547580569692752 0.0003990114288773251 5.445769252638097e-07 1.4457219641550789e-06 0.00016845131674474314 0.00019101314994616678 1.6740475627186445e-05 7.066123925536836e-05 1.4067242691401484e-07 1.2430166492033674e-07 5.049862676000271e-07 4.3718215581254836e-06 1.0968342417069434e-05 0.00010836558107867253 1.6385569635099398e-05 1.5397796075851485e-05 7.3767657253087294e-06 3.1577119342384946e-06 1.1941611469831222e-06 0.0 1.440017342751235e-06
0.0001119983024894462 3.308234658404586e-05 0.004629790776603281 7.031417622230022e-07 5.356346628278476e-08 9.261873317674909e-06 0.0002400971905504216 0.00045066861792024556 5.0669354246655505e-06 2.242865602832582e-05 2.9730867523814285e-05 5.052978628342537e-07 2.8960328294296734e-06 0.0004903323975086175 0.0 2.2201728202852523e-05 0.0 7.066690806031623e-05 0.0010599087139797642 8.91138393091212e-07 0.0003303746237595675 4.60313887788872e-05 0.0021621349338105003 2.454261189042385e-05 1.3364939819592556e-06 0.0017480622047190391 0.0053981332008742455 6.658669007351432e-05 0.0007355264731288307 0.0007587378779388699 2.390626640656419e-06 2.094849837421907e-06 2.9768021401161246e-05 0.0003879628289457033 1.2489842101974217e-06 0.00019179213456511291 6.96398054026928e-05 0.0003323779517753013 0.00012235677390772104 5.2706727731458155e-06 4.072277807721848e-06 0.0 1.6012818202897589e-06 7.412951884058886e-07 1.9394006168521766e-05 7.919454523625171e-05 0.0 0.0 3.2880777416260895e-07 2.6633491209936152e-06 6.038676689411954e-08 5.715784556264583e-07 0.0 5.904275497855503e-07 0.0 1.033368296411858e-06 3.1258187247958177e-07 0.0 1.8503090614869055e-06 4.713866679929822e-05 7.864181637454882e-07 8.188239852076126e-06 0.0 3.573735039543561e-07 2.134074540545908e-06 1.4260162236631099e-05 6.079636594718822e-07 2.7574448885224176e-07 0.0001232613348052524 0.00011505665135645605 1.0517283353082796e-06 9.599059290705278e-08 6.367531330378976e-07 4.940624111489437e-07 0.0 0.0 2.246726873411966e-06 9.931427434776747e-07 2.5809587995533427e-05 3.967275485113055e-06 2.0565922722159592e-05 7.08985366548298e-06 0.0 0.0 0.0 0.0
1.0246393104603169e-06 5.0143086519166e-06 3.140739842110302e-05 8.203888307608169e-07 2.940715115604518e-07 3.2231559172879675e-06 5.341088893393757e-06 7.106428390889251e-06 4.952853864483399e-07 1.3544803643896258e-05 0.0013173068136781844 4.892663572467109e-06 5.316284335318025e-05 1.4210181391676669e-05 0.0 1.3875442317211095e-06 7.066690806031623e-05 0.0 0.0005720221951514476 8.93061844662826e-06 3.1576252925259417e-06 1.6109457387002229e-06 1.8644737757082906e-05 2.36332651290298e-06 8.635334185108783e-06 0.0013378934630462747 0.00044663623716152467 3.700532441126413e-06 3.668237891437382e-05 1.4320877856500303e-06 4.2628445231550154e-05 6.025472831941439e-06 3.1746408379876676e-07 0.0005218768073159095 1.2586343573193862e-06 0.00040820913282164906 0.000662058162032749 0.0007081397681364267 0.00031802758663120035 8.098763062763813e-06 1.4576425929726295e-06 2.0126833890600513e-06 3.356454763210097e-06 0.0 2.0731204814462455e-06 8.433488885537313e-07 0.0 0.0 0.0 7.331869496296795e-07 6.333255338984004e-08 0.0 0.0 1.0136586153164545e-05 0.0 3.73288342731679e-05 5.947348256754197e-07 0.0 6.663077698547829e-08 4.640757187973944e-06 2.5571455049320432e-05 2.3712789584250995e-05 0.0 7.847460072511882e-08 0.0 4.074844463347028e-07 2.677180924628125e-07 6.421885090927585e-06 6.734266030709307e-05 5.695709962598717e-05 4.367203841219405e-07 0.0 5.496608034587063e-07 1.86454489893978e-05 0.0 0.0 2.2700299957371926e-06 4.407212052124607e-07 1.0913315223854381e-05 5.645726814761197e-06 7.351173994908754e-06 1.6563491017573686e-06 0.0 0.0 0.0 0.0
5.983088784223964e-06 3.162836048235464e-05 0.0001954055045470081 7.368452456162384e-07 0.0 2.887747812843229e-06 1.562775807077604e-05 3.7645272372175144e-05 3.601759825824898e-06 1.1023066459483798e-05 0.0004580449465578671 3.3225039519177606e-06 1.0225033130123871e-05 3.9413763618636955e-05 0.0 4.451874891114108e-06 0.0010599087139797642 0.0005720221951514476 0.0 5.93689588051413e-06 1.4768918747466133e-05 1.4678658728019564e-05 0.0001079011684420496 6.2245991151431595e-06 5.5085171608882964e-06 0.0023732876851191016 0.0017427092736677875 7.5511684047479165e-06 7.749090068683092e-05 1.2488067208177293e-05 1.698996958893268e-05 3.023550387693521e-06 2.000104510897594e-06 0.0012928291270747527 1.4672096482965593e-06 0.0006733252984662084 0.00031452477917327587 0.0011022734781292384 0.0005219791582807429 9.257271057770928e-06 1.7035633813194332e-06 6.305250638475985e-07 2.0610524815963785e-06 2.0063554026668173e-07 1.3794410108184834e-05 9.57303538300262e-06 0.0 0.0 0.0 3.817500137341225e-06 3.242626143361731e-07 1.0163407645348542e-07 0.0 1.5385021016323684e-06 1.2887874224635664e-07 7.532722719701559e-06 3.062527517002556e-07 0.0 2.022592632345223e-07 4.2925245124115186e-05 6.684423683587454e-06 2.5077973086875865e-05 0.0 7.816730584544032e-07 4.467186727489364e-07 2.322385737470662e-06 7.631955788663968e-07 3.7211510665299963e-06 0.0001642292011345523 7.350158888721196e-05 7.290236931768547e-07 0.0 2.3692697242599097e-06 3.0849801432713883e-06 0.0 0.0 4.751278707457185e-06 8.19016858211281e-07 1.7386408454428984e-05 3.820029588275701e-06 1.7776020108458407e-05 4.096807653580236e-06 6.458631576911337e-08 0.0 3.0547288109404063e-07 0.0
5.972538608830517e-07 4.5761809230242605e-08 1.6314324818046675e-06 0.0030424744399318152 3.2486633421761156e-06 0.0005737825694806833 1.684717230217964e-05 0.0004991147641752557 0.00010831509672494874 0.003436508154802059 5.076316673893853e-05 0.004703759786281048 4.6554922604164285e-06 0.00028316102563036755 3.0082224454155926e-05 2.5861170101817806e-07 8.91138393091212e-07 8.93061844662826e-06 5.93689588051413e-06 0.0 6.890618889754092e-08 1.8301838543694234e-07 1.6660624452905262e-06 0.0002989919618369444 7.090934021479216e-08 1.3443462064533531e-05 4.9234705556638455e-06 0.0027750943265682977 0.000251412664983926 6.674252670795625e-07 7.614189477928694e-07 3.243155244039997e-05 2.7737067097874297e-07 0.00017570671657253896 6.688583298898905e-07 0.000521987376451844 1.222802216670184e-05 0.0003318095105516723 1.4370252594206198e-05 0.00046293198157229423 3.8971961168958034e-05 2.2302916536966848e-06 8.111728429440868e-06 2.8698275270447177e-07 0.0 0.0 3.3887293905408694e-05 0.0 3.449087315470284e-06 1.7375286227168075e-05 1.0193477114963803e-05 3.666690366293918e-05 1.7599877701191148e-05 4.301740006413325e-08 1.035083442172654e-05 1.2728214895484325e-06 3.4593583049608193e-06 1.5007985110979004e-06 0.0 0.0 0.0 0.0 1.126750053569762e-05 0.0 1.7727854253486225e-07 0.0 0.00010488390247397712 0.0 0.0 0.0 0.00012074601830164912 4.560985801492146e-06 2.1197345557405638e-07 0.0 2.4822550787716207e-07 7.619878424179267e-08 1.5802386806391914e-06 1.5894083438563332e-07 3.246385688066648e-05 0.0 5.891518370353999e-06 5.9154296069185376e-08 1.3145153577289824e-05 1.22010082850165e-06 0.0 2.0984238834260297e-07
7.250599280376035e-06 6.542378712964471e-06 0.000670751413295339 1.0773698636711305e-07 0.0 3.3514925856042074e-06 0.0009007823758560274 4.189452494097595e-05 1.3847536899284424e-05 1.1005807385919739e-05 9.271445275450622e-06 1.0683698189394133e-07 1.7223614400035475e-06 3.621984812511759e-05 0.0 0.002278150724235164 0.0003303746237595675 3.1576252925259417e-06 1.4768918747466133e-05 6.890618889754092e-08 0.0 0.0003011954779053964 0.006447375528582328 0.0002026336715407373 9.551636518119028e-07 3.0173409426636915e-05 0.0002655993834833258 0.002660605844547716 7.279993823980924e-05 0.006162874728174699 2.689678051630657e-07 1.3995577889713379e-06 4.656766993072861e-06 0.0022009813356095725 2.7850542523043226e-05 0.004040945874160983 0.00038917612113731874 0.0034564692009457732 0.0011328252618226235 8.253899521188865e-05 8.68281677474626e-06 2.530244013143709e-06 2.9966033245220976e-05 5.2516190254231545e-06 6.777706302540423e-07 2.066294166382359e-06 3.8696252139587123e-07 0.0 4.5758020539351256e-07 4.874877630109589e-05 1.2515089577926399e-05 0.00012295092200193837 2.788746781365991e-06 2.1602259516587315e-07 0.0 5.192758237872885e-08 1.4869167671072936e-05 0.0 0.00015878918728891073 8.225042902675455e-07 3.2335704105855054e-07 9.852638212465694e-08 0.0 4.843243967808086e-05 3.102665358886807e-05 1.8809018606903482e-05 0.00030621085700527963 0.0 4.435862202453343e-07 1.0577548550278611e-05 0.0001547217948299186 1.4026447034094838e-05 3.6939168299496775e-05 0.0 3.469197156812523e-07 1.1094934248853798e-06 2.580507736705425e-06 1.7627212622073244e-05 4.303865429479013e-05 2.18464522263786e-06 6.027734040229043e-06 2.3274224275839687e-06 2.263874626416395e-06 3.7903259938725254e-07 0.0 3.817317719331611e-07
1.9375372754476365e-07 0.0016253233866627733 3.364952192402323e-05 2.740461819820552e-07 4.0283701723906415e-07 5.166948098486384e-07 2.8564321931346676e-05 2.460978430107072e-06 0.0017214122534637843 2.665522767367362e-06 3.983273069779983e-06 2.051682139133375e-06 2.0853038225801507e-05 1.1595720967578832e-06 1.5498445719362036e-05 0.0023989042135084205 4.60313887788872e-05 1.6109457387002229e-06 1.4678658728019564e-05 1.8301838543694234e-07 0.0003011954779053964 0.0 0.0005194529706577427 0.0033425137497475354 0.00023176560956072185 7.007152089124312e-05 0.004215571907209085 0.0001824880560043535 4.157573499781892e-06 1.1600247747177473e-05 4.681966927935192e-06 6.982513682516934e-08 6.647336941271923e-07 0.00010264560181252258 1.4555982269495032e-06 0.00045237165048026896 0.00026266170479801197 0.0003287560786732448 0.00012837928796325613 8.10529342244591e-05 3.40109750056074e-07 2.768051838749844e-06 2.091734170659356e-06 2.0781224656913577e-06 1.1015110811502481e-05 7.205081997190577e-05 1.849019978449773e-07 0.0 6.259439051114786e-07 2.870902479238115e-05 9.421223709069932e-06 2.518774651046262e-05 9.929651208274487e-07 7.435923162754784e-07 4.557458047166617e-06 4.226415338050223e-06 5.651866873836138e-06 0.0 0.0008838373700515748 4.456158150543187e-06 2.9831422263632465e-07 2.661263548197383e-06 0.0 3.684699311505e-05 0.00027563058540257517 0.0004708107251336236 0.00016987626348665097 8.849327458749592e-07 1.656586553357977e-05 0.0008378544227398503 5.3335651831454694e-05 6.087794298281575e-06 3.562467113478222e-05 1.1938539028731709e-06 1.2699304748623001e-07 2.63744084134463e-07 3.306875364007861e-06 5.211168292883356e-06 6.887995542192375e-05 2.3600481251984096e-05 1.5927687171341793e-05 1.1591130547333887e-05 5.994507264742168e-07 0.0 7.695888638548409e-08 1.4611141317244533e-06
0.00011692350124662352 6.664724490010458e-06 0.008457286729264744 4.885859362066473e-07 0.0 9.27563532880008e-06 0.0010429178457468284 0.0003899806557801272 6.2011325896577035e-06 2.7039354202075198e-05 2.730988581002887e-05 5.46946614179428e-07 7.315163241599647e-06 0.00044294092165494226 0.0 0.0025528167240368295 0.0021621349338105003 1.8644737757082906e-05 0.0001079011684420496 1.6660624452905262e-06 0.006447375528582328 0.0005194529706577427 0.0 0.0002926017923843723 8.956156047773007e-07 0.0005591017715464101 0.004521445413100898 0.002522155138806121 0.0007158832362475314 0.0036624812280844164 7.122893802726667e-07 2.5932711707589784e-06 2.4856484571318015e-05 0.0018484024636639786 4.2561758080335574e-05 0.006599128575157156 0.0017384022176267025 0.005370869478081219 0.003513447831160288 0.00027892863321596584 1.5896887648915127e-05 1.1265727450572226e-05 4.473995183905074e-05 1.2303583917791753e-06 5.636833069145778e-06 4.263876851782608e-05 0.0 0.0 0.0 2.1134923880350083e-05 6.174211576909269e-06 3.144737289393796e-05 1.827071947739792e-06 1.1445224265277759e-07 0.0 1.6024082498134152e-07 4.469049873351126e-06 0.0 0.0008800906927634583 5.417576668442022e-06 7.135562991507746e-08 5.346903578013201e-07 0.0 2.9846774037537643e-05 0.00040492906979540876 0.0008107568430342004 9.606018640303126e-05 6.927534034358111e-08 1.4109054064529055e-05 0.0004130277731839112 4.0389807098166046e-05 5.1680605028729045e-06 3.039003008522267e-05 0.0 2.1222345681660408e-07 1.4688565785826636e-07 3.5458095239444146e-06 6.872223981574416e-05 5.7894902752041135e-05 1.577540748778491e-05 1.3937549912109073e-05 7.416992595082712e-06 1.3330839618377966e-06 5.076134859568026e-07 0.0 0.0
1.2233435944997445e-05 0.0003303831274548546 9.584148014388458e-05 0.0013357413949687334 8.608015316186515e-06 3.096837425351757e-05 0.000971535452812014 0.00017508464689340995 0.004900555777165467 0.00017758020084043683 9.863932148496895e-06 0.0006372721447004477 4.936818254084085e-06 0.0001965147661485931 0.00025274254577658313 0.0013635542149577874 2.454261189042385e-05 2.36332651290298e-06 6.2245991151431595e-06 0.0002989919618369444 0.0002026336715407373 0.0033425137497475354 0.0002926017923843723 0.0 3.6042690287609115e-05 2.5591734679702653e-05 0.0019233488818566177 0.0037530290722520188 0.0006953089691439017 0.00023523216104755484 1.2117107701429324e-06 3.841407050546181e-06 6.980683235135951e-05 0.0002289135401538275 2.4742130060390075e-05 0.0026634326183584763 8.599284920978406e-05 0.0008833420587249691 0.0002111327603913781 0.0007698167479360586 6.351990807717183e-05 1.4403473063141026e-06 2.2279642333554193e-05 1.3717997301778257e-05 2.707280590331905e-06 6.145703026522764e-06 2.8311553361860708e-05 8.334087907601386e-08 4.266924011541174e-06 0.00018240825064578473 5.173276976126313e-05 0.0005440824936734501 5.0569507121809155e-05 2.172619663106814e-06 0.00011221977033220581 1.2737384027205887e-06 3.8232212422475886e-05 6.331559923608433e-06 0.00010664868615401872 9.74097503650703e-07 5.146952520761395e-07 8.551095451340231e-07 2.959065982235774e-05 2.0705664254394547e-05 5.5264146074490657e-05 3.801419881709705e-05 0.0010988128561816332 8.027128822071637e-07 5.20600038682358e-06 4.49880658359818e-05 0.000900911325584665 8.887057865615978e-05 3.728594250834663e-05 4.144197616230293e-07 3.383717119079785e-07 4.257585903888549e-06 1.2161528836853566e-05 5.627857136068089e-06 0.0002934154206587651 1.0140608987691463e-05 5.435830386407025e-05 9.42906204725037e-06 5.4857556623084945e-05 4.799785092441704e-06 1.0565228220918243e-07 1.3973712240818528e-06
