0.0 1.3907696874056213e-07 3.2261783083517946e-06 9.637846830105053e-07 1.7341555117439335e-07 1.9155580544396605e-06 0.0010388305668171225 0.0004863171750527772 1.4817101808283963e-06 2.4116859934835e-05 1.715616115480004e-05 9.468906415757947e-07 4.998145125694372e-07 0.0032569223536145367 0.0 1.5520784235661048e-07 8.912305793143007e-05 3.689248382313738e-05 6.416288666685616e-05 5.038561799635833e-07 7.482855878550217e-06 1.1090106023054124e-06 6.659255415025437e-05 1.810313126768663e-05 6.141890399313012e-08 7.003861981843559e-05 4.383673643908449e-06 5.006460757489115e-05 0.0017324738499664457 0.0013215607193986425 4.6897795242880756e-07 9.32519092674605e-06 4.629885474337622e-06 6.461453743325875e-05 1.3705953201517563e-07 1.0356528034327685e-05 1.2009347517685773e-06 6.698583905235641e-05 8.80481302136757e-06 1.57087434130513e-06 9.070886353006421e-07 1.4836279981403694e-07 9.557963564693957e-08 8.701096372837466e-08 0.0 0.0 0.0 0.0 3.3542155588356114e-07 5.573026588084315e-08 0.0 0.0 0.0 4.811834757150376e-08 0.0 0.0 3.0188462311441386e-07 0.0 1.0415717930671966e-06 0.0 0.0 0.0 0.0 6.353320293975089e-08 2.5210783633143683e-07 0.0 1.7968643815672482e-06 0.0 0.0 0.0 1.1453051867860112e-06 4.5859017147058976e-07 7.518111025348071e-07 6.016268207527907e-08 0.0 0.0 0.0 0.0 1.6548827504804953e-07 0.0 2.1906029725117086e-07 0.0 0.0 0.0 0.0 0.0
1.3907696874056213e-07 0.0 2.315099796897518e-05 0.0 2.5114548514670907e-07 0.0 7.201720132802642e-07 5.388116564171794e-07 0.0003484350678886764 2.6222558279984093e-07 9.769234090875022e-05 2.323760328872712e-06 0.00033513752198418396 7.911676875825599e-07 9.010791495481866e-06 1.4788469825326416e-05 2.630603058958581e-05 1.0681613581874567e-05 2.1165466687115308e-05 0.0 1.4175858929307332e-06 0.001485578180748779 1.4220548656904447e-06 0.000471405621565867 0.00084820375228745 0.0001974148619008764 0.0051656544311627795 1.557962289503665e-05 2.6277652129656867e-06 5.33362676142936e-07 4.860907505210193e-05 1.1376424505725379e-07 3.828292490552679e-07 1.2602764858146579e-05 3.3695551341420975e-07 2.3554480584041758e-05 4.380403953878898e-05 5.4237283898275496e-05 5.2956546711195294e-06 1.5871106699952236e-05 4.798255664896382e-07 6.981280446372858e-05 7.364911128003541e-08 8.551278631233027e-08 2.6446679771898514e-05 6.882437971685094e-06 0.0 0.0 0.0 1.436568757014786e-06 1.1703837907845328e-07 2.536695123587512e-07 0.0 4.726710021868401e-06 7.954960039262904e-07 1.3015872438924703e-05 4.386439618695719e-07 0.0 1.5628283236868525e-06 3.3915262581638436e-05 4.56833372597302e-06 5.418740578071847e-05 0.0 5.65584673854446e-07 5.2805450559406624e-06 1.154762142041346e-06 2.528375312032038e-06 7.22510942575254e-06 0.00015037224269057498 0.0006458330297146409 1.0826482084287285e-06 2.2593025752191763e-07 1.2073444788269263e-06 4.14188935308812e-06 0.0 1.106960606151114e-07 7.155381746895619e-06 2.544097194218506e-07 3.3843407221945266e-05 1.6528329809230258e-05 3.769048959293685e-05 7.029245758686251e-06 1.5731112441896258e-07 0.0 4.082269980485575e-07 0.0
3.2261783083517946e-06 2.315099796897518e-05 0.0 4.99537862402986e-07 0.0 4.075611365333754e-06 0.0009658401273250507 7.652676929383426e-05 1.5720775427342897e-06 2.9572227696370833e-05 3.992205300839479e-05 1.2885165612381342e-07 4.122609690734994e-06 5.85949159610864e-05 7.445751527326231e-08 2.045376435225451e-06 0.0038085887327523695 0.0001245488316895659 0.0002909967212070694 3.368821507102288e-07 0.00024734078343805556 6.414604626390151e-06 0.0029444706198451976 1.4766359120827479e-05 4.124236505427547e-07 0.004519239023108906 0.0027269555289300054 0.0001489275919615221 1.9228894965822506e-05 0.00032194038707268 6.015242298309661e-06 9.415456264618343e-07 3.842283323505466e-06 0.00027721193882342614 1.0650053254825359e-05 0.0011208125729652867 0.0007600346822400316 0.0012705737154713906 0.0002534769643777015 3.281593200965849e-05 2.768321284581569e-06 9.175369279119357e-07 4.683360586781713e-06 6.158481288259888e-07 5.9674677159537256e-05 8.054428177901536e-05 4.5544436573022383e-07 0.0 0.0 4.112309517973683e-06 1.9080761044651232e-07 4.854889739165937e-07 1.4389502342219657e-07 9.394950994688113e-07 0.0 6.889085993831331e-07 2.358457805821898e-06 7.679005231925718e-08 1.4311780608517186e-05 0.00011460962312437419 1.9783832452887862e-06 7.570945512508386e-05 0.0 3.508940492451038e-06 2.3040357808846916e-05 7.119656946478755e-06 1.0715746951565182e-05 1.054972293743844e-06 0.00010459120079232414 0.0008388449307349004 4.9987593457131e-06 2.053184957975412e-06 2.830599774928498e-06 5.697822889890163e-07 0.0 6.981657057432557e-07 9.1494165422014e-06 4.942458067708788e-06 7.50111373855454e-05 2.061289026769664e-05 6.0383704459414916e-05 1.0915339499211094e-05 3.080133811975274e-06 4.2318799819206346e-07 0.0 1.1570561734724213e-07
9.637846830105053e-07 0.0 4.99537862402986e-07 0.0 3.5736504222289496e-07 2.1703388138876456e-05 1.1681792318242732e-05 7.447512572909313e-06 0.0005259741537957424 0.0012393089133676122 5.917626765426477e-07 0.0014282236430394463 0.0 1.0119156914817293e-05 1.280341300236446e-05 5.7111175476635757e-08 3.687473218005186e-07 2.0165289911681235e-07 1.0301340210354794e-07 0.0015622642350274442 6.411570574085676e-07 7.664123009833478e-07 4.170487493096258e-07 0.0004254010110719634 0.0 1.2989089969388961e-07 1.1085023757262707e-06 0.0005988368958058058 1.77952327647428e-05 1.6558234046227426e-07 0.0 1.1011653249160254e-06 2.789598021637377e-07 6.106455595298876e-06 9.006673605193e-07 0.00015074038283983512 4.850153984293969e-07 1.8438632679144835e-05 7.037763549316955e-06 0.000126404069442444 2.044488555959949e-06 0.0 7.134588128539597e-08 1.189946505060664e-07 0.0 6.338262300881407e-08 4.8609643461531055e-05 0.0 2.6106004992423965e-06 2.0100549894439812e-05 1.323619274131001e-06 4.952105630115606e-05 0.0001382494485991551 3.751042581361911e-07 4.2008735731956764e-05 0.0 1.758963689065823e-06 7.184848414324723e-07 6.897273111551688e-08 0.0 0.0 0.0 2.1806050010861576e-05 1.597901293765232e-07 1.6972352823275862e-07 1.5535806575407577e-07 0.00016124600261854365 0.0 0.0 1.3986776394178108e-07 0.00010543602364571539 7.368120721543433e-07 2.0180357016185852e-07 0.0 2.9529387608962977e-07 8.834428799017417e-08 5.69323806752112e-07 0.0 9.858375221666392e-05 0.0 4.431022750707827e-06 3.7630763387060323e-07 3.947932705123396e-05 1.4965205653876183e-07 0.0 0.0
1.7341555117439335e-07 2.5114548514670907e-07 0.0 3.5736504222289496e-07 0.0 8.084375258733671e-05 8.79387660274196e-07 2.115516720365204e-05 2.6340541579722e-05 1.5501224650956498e-06 1.5546832056094363e-05 5.5679235138110595e-05 9.657348220624092e-07 4.172642349706001e-06 0.0004564774174548076 8.355075884989428e-08 0.0 5.085350835927833e-07 5.275111893868104e-07 2.904259197948825e-06 0.0 3.6908436160636843e-06 0.0 1.635690342167696e-05 7.119040099996786e-08 5.429145049550308e-07 2.322686541170733e-06 2.661565726968814e-06 8.944571099767595e-07 0.0 9.711129551743866e-08 0.00031824862434105724 0.0 4.501755279143126e-05 0.0 5.972488036431361e-07 1.0330310931802106e-06 8.942173095253268e-06 8.865120349072229e-06 0.0011445622088081555 2.709477606006985e-06 7.152970994328948e-08 0.0 0.0 0.0 0.0 0.0 0.0 0.0 0.0 1.6449296036314232e-07 1.6255024909189435e-07 0.0 8.302578312055952e-08 1.294564636588949e-07 0.0 0.0 0.0 7.742928514175128e-08 0.0 0.0 0.0 0.0 0.0 0.0 0.0 2.6530903479752856e-07 0.0 0.0 5.50379848392763e-08 5.203405406706691e-07 0.0 0.0 0.0 0.0 0.0 0.0 0.0 0.0 0.0 0.0 0.0 0.0 0.0 0.0 0.0
1.9155580544396605e-06 0.0 4.075611365333754e-06 2.1703388138876456e-05 8.084375258733671e-05 0.0 0.0012513054666182903 0.003012547119324228 3.5848063335556044e-05 0.004454939492077416 3.171721803062561e-05 0.003181254986176353 9.905156817897136e-06 0.00037366792430304214 0.00037151700330387017 0.0 8.705601593166781e-06 7.914684140581914e-06 5.63596859910611e-06 0.00014648015067450238 1.8110355174580444e-06 8.524968837927836e-08 5.379138512598312e-06 8.933025838836452e-05 2.0720824124856313e-07 1.2051086693117434e-05 2.2598820530318507e-06 0.000276808449699643 0.00014984835872615214 1.3430482198216716e-05 3.4824221825257945e-07 0.000962288407042925 6.160352613607183e-07 7.339512167192595e-05 4.2397896215245895e-06 0.0001832463704228 3.388735569268628e-06 0.0002527583862829588 0.00012300191324420354 0.0008253374415258238 0.00019351971442068357 3.5866330815229583e-06 4.022894163820363e-06 0.0 0.0 2.81989587951002e-07 3.4903765433115216e-06 0.0 0.0 1.0715142338142771e-05 4.908405175545652e-07 3.0914460683791e-06 1.034706058906532e-05 0.0 5.956402006803055e-06 0.0 1.2563132260731145e-06 6.143484975456775e-07 1.3501131852823463e-07 0.0 0.0 9.777564414225681e-08 1.709390379896501e-07 0.0 3.509752889619146e-07 1.36167928955638e-07 2.9440866706175483e-05 0.0 0.0 2.0429409115054788e-07 2.418249175717159e-05 1.7458605848421835e-07 1.351092463884003e-06 0.0 0.0 0.0 4.17263639955851e-07 8.338251149700092e-07 2.1041777992191954e-05 0.0 1.8414037708838892e-06 7.085783608533336e-07 3.7176833527979137e-06 0.0 1.0662104941841611e-07 0.0
0.0010388305668171225 7.201720132802642e-07 0.0009658401273250507 1.1681792318242732e-05 8.79387660274196e-07 0.0012513054666182903 0.0 0.002041587515538258 0.00017560498395651392 0.004928069916260008 2.534570893599118e-05 1.586215522200683e-05 3.719899378666913e-06 0.004052393252129473 1.2677623695418307e-05 4.298052274931233e-05 0.0006352193475405333 5.6455043221128574e-05 0.00011991569880140997 3.6647516330177003e-06 0.0014666636368247058 1.3590121624856334e-05 0.001157263253096201 0.0007332654949546965 1.7139515125971057e-07 0.0005087975695599003 0.0004255901151852906 0.009328632003750363 0.0010405635568328329 0.0035896729542125843 1.1999499072832826e-06 1.566593420144208e-05 3.3822172135921886e-05 0.00022945857079930304 1.69153535002722e-05 0.0006561369920187198 4.931956984770967e-05 0.0006021585618196293 0.00021745580704454753 6.645699487147236e-05 1.5057925641508451e-05 3.8545183796475834e-07 6.934065642563001e-06 1.4649327377233075e-06 1.8174867331280246e-07 5.85346753724861e-06 3.145558829448627e-05 0.0 2.7157271425765996e-06 0.00013423981493720154 8.36734741450568e-06 5.431786238811004e-05 7.983982425183277e-05 2.0332837547829437e-06 1.7260314228029617e-05 1.185131140225998e-06 1.7476621223277687e-05 9.608540214512773e-07 1.334227225600008e-05 3.470967752457993e-06 6.022746579163962e-07 8.042360297927303e-07 7.712328014845964e-06 2.6885386408390888e-06 2.922081842694447e-06 5.628642549334203e-06 0.00041226151555612 0.0 1.7959227093238664e-06 3.730571557660065e-05 0.0003586927021502805 1.350441066931759e-05 1.778406192535969e-05 1.0010866448917967e-07 1.023756080916854e-06 5.592740908315484e-07 1.3173488930300507e-05 2.1184044216218604e-06 0.00021057559645630322 5.89187581853041e-07 5.894707595531325e-05 5.954647188671275e-06 4.330130533400679e-05 1.91015941669159e-06 1.5156445137278185e-06 4.0634882725861294e-07
0.0004863171750527772 5.388116564171794e-07 7.652676929383426e-05 7.447512572909313e-06 2.115516720365204e-05 0.003012547119324228 0.002041587515538258 0.0 2.5723139273956047e-05 0.0012922618054839576 0.00011479318455250788 0.0005213882229007527 1.707737957385433e-05 0.004715680329459641 5.6102777372114006e-05 1.0041114273260112e-06 0.00035560329357957674 0.00017060094760444646 0.00024244798829222336 4.31069457073514e-05 3.356571206381227e-05 2.1519494199704295e-06 0.0002265286764050304 0.00017582638457512518 6.41231723440461e-07 0.0003842649156994087 1.7773823325928905e-05 0.00023665991715033716 0.00035143522015480843 0.0006756571861803878 2.0284165618659736e-06 0.0004871904242960804 2.266012194464834e-06 0.00013718984562491475 1.2373198600975848e-06 0.00013813983466912517 1.3417680214240124e-05 0.0002425015706420127 7.861314733577595e-05 0.00021897321242955316 6.043080288356901e-05 1.8688234964621017e-06 2.2675425470459373e-06 4.6207733820247984e-07 1.1630752111527266e-07 0.0 6.187142962532647e-06 0.0 7.926180538600792e-07 4.298300463426804e-05 1.8105813928524581e-06 1.149616940565399e-05 1.591591478081595e-05 6.229838808382388e-07 1.8643116327257719e-06 4.96257294933368e-07 5.333767817955123e-06 2.3546496480441544e-07 2.1698182318391243e-06 0.0 5.499909099902117e-07 2.1143069488164622e-07 3.041826952581659e-07 6.453049995075952e-07 1.0548190279274224e-06 0.0 0.00010416758295737888 0.0 4.4815293139691206e-07 2.7523752220712022e-06 7.98879016297469e-05 3.892404478045577e-06 9.46783934276968e-06 1.3364255483937031e-07 0.0 0.0 2.2997286537213183e-06 6.576334198814433e-07 3.1435560272338e-05 1.202031523995018e-07 1.2751937341512861e-05 1.3412558915956547e-06 8.847171424132493e-06 1.6042193837984456e-07 0.0 0.0
1.4817101808283963e-06 0.0003484350678886764 1.5720775427342897e-06 0.0005259741537957424 2.6340541579722e-05 3.5848063335556044e-05 0.00017560498395651392 2.5723139273956047e-05 0.0 0.00020760591178570664 8.548517299303855e-06 0.00025865306190734147 2.2643119338771558e-05 1.4167705088044315e-05 0.00041980243726417007 1.389448756643439e-05 4.123934608729832e-06 1.5599154412634024e-06 1.7834919281903576e-06 0.00025351289286965214 7.50454098508277e-06 0.0016052116330481797 2.303747839699347e-06 0.0032470823286481275 0.00013217578956317997 1.6244238729807226e-05 0.0009084215532252056 0.0007642169950966578 2.839044414794561e-05 3.3211864327284055e-06 4.713274212493628e-06 1.2649275342760282e-06 2.304381261026256e-06 1.5903964689993134e-05 1.7360185734376536e-06 0.00014243054052671573 6.750533022333798e-06 5.3757195408158066e-05 2.0780972593130535e-05 0.0003507988092987026 4.708910904370414e-06 1.1114664484332592e-06 8.234741956112592e-07 2.271408249325978e-06 4.1076313234499436e-06 1.6745857606776529e-06 4.611375628756254e-05 8.625622198408805e-08 2.6315385849610634e-06 6.338425759197481e-05 3.736000026167546e-06 9.672286536523551e-05 9.764195204114936e-05 1.8554821882646856e-06 2.9386906248678155e-05 7.35209279894802e-07 1.6869352739678216e-05 8.072770899606595e-06 4.625512238737969e-05 8.551523371653782e-07 4.810477156920652e-07 3.526932407404468e-06 1.7382329006227353e-05 8.742268026212199e-06 2.3973933874312685e-05 4.265278963966701e-06 0.0006605978698246131 2.0519203654439475e-07 8.069263592695048e-06 2.2373193294555482e-05 0.00022993517765688035 1.8272595508933002e-05 4.464181875653254e-05 4.4031400030331727e-07 6.400942667834421e-07 1.3490098132252007e-06 4.106663560879416e-06 7.632602955220608e-07 3.9535885041260704e-05 1.02038295735804e-06 2.0364943478050047e-05 4.629141472173793e-06 4.7920849943229555e-05 1.953438325496136e-06 0.0 2.6838213940157726e-07
2.4116859934835e-05 2.6222558279984093e-07 2.9572227696370833e-05 0.0012393089133676122 1.5501224650956498e-06 0.004454939492077416 0.004928069916260008 0.0012922618054839576 0.00020760591178570664 0.0 5.726310659812274e-05 0.004048445981444415 8.688506859040974e-06 0.0007184725453576073 1.7451863982704424e-05 6.710274514563248e-07 2.4378743855570608e-05 1.2503113939058465e-05 1.1570487080576774e-05 0.0025215654087153466 1.4588475072271336e-05 2.7731333455393997e-07 2.142367063177913e-05 0.00045464130970341573 1.984878437381731e-06 3.380274920653548e-05 8.339192695176014e-06 0.0036650283998379417 0.0007882111491171225 1.548672440694115e-05 1.1165285780065005e-06 7.210975519879136e-05 7.4539278539668526e-06 0.0002768629698711142 1.987409871378569e-05 0.0009905618063743822 1.633138526736887e-05 0.000833113409176774 0.0002294494643006042 0.00020465324292064826 5.7638152582843807e-05 1.57584436639824e-06 2.3665440990457067e-05 0.0 0.0 3.2166041763903174e-07 8.279648615311983e-05 0.0 2.923414350890745e-06 6.135661474735679e-05 1.6952279513453749e-06 5.550510724890615e-05 0.0001678449857408241 1.211896753651507e-06 4.744640046968814e-05 8.280479416737888e-07 6.489203511146336e-06 2.1972481938894516e-06 1.2495870240595502e-06 0.0 2.7404811386952737e-07 8.167990888056406e-07 2.6852820268726775e-05 6.51500085493149e-07 0.0 2.9004918553305995e-07 0.0004249827989895897 0.0 2.3613939540351037e-07 2.4662368640712224e-06 0.00030806310876684543 1.4781275582017432e-06 2.326109203074667e-06 4.484700243434777e-08 3.673798376706686e-07 0.0 2.324139985520556e-06 2.644442826698762e-07 0.00024672850226815235 7.526461197709382e-08 1.0371348362209274e-05 1.921726491528963e-06 7.966585421584207e-05 1.5655661402528415e-06 1.5636272953890177e-07 1.0770504586212868e-07
1.715616115480004e-05 9.769234090875022e-05 3.992205300839479e-05 5.917626765426477e-07 1.5546832056094363e-05 3.171721803062561e-05 2.534570893599118e-05 0.00011479318455250788 8.548517299303855e-06 5.726310659812274e-05 0.0 4.242476453804157e-05 0.0013844285893048528 0.0001539577202550399 3.026807536409593e-06 1.170412479844538e-06 0.00023056706255825484 0.001533220899616246 0.0005555540389952074 4.482477130472661e-06 2.124944438687433e-05 2.8898025928380872e-05 2.587264191523988e-05 1.4550221633476198e-05 0.0003873562587771523 0.0012183750216036694 0.0006620485209525689 1.9261415516740072e-05 0.0008430544748535115 3.5413435568744824e-05 0.00024733693822456566 0.00035478551018900897 2.6320277270957735e-05 0.004826388824349914 1.5710540143673395e-06 0.00029268423937959046 0.0023356814286794023 0.0038743417382884914 0.00043270285252223193 2.734315474247934e-05 7.278836345903082e-05 0.00044461244193102215 2.5329607444694664e-06 0.0 5.469409135088945e-06 1.3591176361786487e-07 6.489188465433838e-08 0.0 1.4688462392574242e-07 1.2779198556271138e-06 3.166623452461656e-07 1.7912131477776027e-07 2.1967440634837494e-07 0.00012688164836872388 1.3536882652453368e-07 0.0003961939892306135 1.1543451325701409e-07 0.0 8.824962122282758e-07 2.0466863946604204e-06 7.3053809323451755e-06 4.9346815260112194e-06 0.0 3.0113720219074157e-07 8.077875666621544e-07 0.0 3.373104004933451e-06 5.0053231598033005e-05 4.077936679803913e-05 6.907302412761822e-05 2.297701341018772e-06 7.041826676064596e-07 7.129589053891528e-07 4.723819708013696e-05 1.0511185115662003e-07 0.0 1.177856222899975e-05 1.5660240559976742e-06 7.704179386894597e-06 0.0001967434576965393 9.063795441020436e-06 5.869604677930789e-07 2.436540632662799e-07 0.0 8.59147210412919e-05 0.0
9.468906415757947e-07 2.323760328872712e-06 1.2885165612381342e-07 0.0014282236430394463 5.5679235138110595e-05 0.003181254986176353 1.586215522200683e-05 0.0005213882229007527 0.00025865306190734147 0.004048445981444415 4.242476453804157e-05 0.0 1.0276837166262241e-05 0.00032407486120262016 0.0007898515097918546 0.0 9.214495975346187e-07 4.887821753478478e-06 3.832029539710278e-06 0.003853393319279065 3.2492225917843137e-07 1.0213700222545659e-05 7.917557657748631e-07 0.00020781338640895767 9.299174893252461e-07 5.947107214855001e-06 1.2495237358030281e-05 0.0006564390860299806 0.0002526348164998712 9.68298491834996e-07 6.722079456648342e-07 0.00012854086746547417 7.865312985890925e-08 0.00011025214328550972 2.542078097631736e-06 0.0005285156899585361 6.233467423826864e-06 0.00038669837502323614 8.317653593853814e-05 0.0015192914881978767 4.729206117455991e-05 1.8497381725813124e-06 4.777793654360696e-06 0.0 9.556121475091326e-08 0.0 1.877546054565329e-05 0.0 0.0 4.247278939857537e-06 2.0305649216435695e-07 8.050110931525946e-06 2.951338029400221e-05 0.0 0.00011425119472503411 1.66190598449063e-07 6.498993769736742e-07 1.5257670377447404e-06 6.476451267550496e-07 0.0 0.0 0.0 1.6035041760700693e-05 6.415695032513382e-08 5.871593104716045e-07 0.0 4.0224855538815966e-05 0.0 6.507363353364832e-08 3.817822092866154e-07 2.7092631895502775e-05 1.1419282998183326e-07 3.4858569071455134e-07 0.0 5.981940372597495e-08 0.0 0.0 0.0 8.110074571660101e-05 0.0 3.304627061340404e-07 2.287949920807862e-07 3.3244927403300716e-05 0.0 5.261735233396249e-07 0.0
4.998145125694372e-07 0.00033513752198418396 4.122609690734994e-06 0.0 9.657348220624092e-07 9.905156817897136e-06 3.719899378666913e-06 1.707737957385433e-05 2.2643119338771558e-05 8.688506859040974e-06 0.0013844285893048528 1.0276837166262241e-05 0.0 1.363979203393587e-05 2.2301807826170303e-06 5.602513530383499e-07 3.315518841975385e-06 2.86418654830392e-05 5.431688666295864e-06 8.746800596620252e-07 4.6688438828044295e-06 7.959496557288793e-05 6.190181542812208e-06 2.3007117488157134e-05 0.002721316443614329 0.00028820893967989285 0.002965929558126215 4.795477793775615e-06 4.402278405434446e-05 1.8003306316688121e-06 0.0006466680514470553 2.6772442380469215e-05 2.055471399205028e-07 0.0005961107554218192 2.347003963638176e-05 0.0005474516070619693 0.003364887363290352 0.0030171388539978338 0.0003923272407783694 2.7956540548152752e-05 0.00011650610464942534 0.0006650512764557659 5.287029120227815e-06 0.0 1.2980904166880968e-05 1.7679151115504672e-07 0.0 0.0 0.0 4.015719125781039e-07 3.724654627996805e-07 1.047872163386878e-06 1.7770369808033758e-07 0.00045270044589750284 0.0 0.0015424817622149503 1.539184311340479e-07 5.344069904112731e-08 6.298373336092565e-08 5.063215613810505e-07 2.0971296462924427e-05 4.502515579244233e-06 0.0 4.519118004029657e-08 1.422468452440324e-06 7.874519472421063e-08 6.434363204309581e-07 0.00028325401019811924 0.00015730179853333434 0.0002848098428557563 4.6899470554048393e-07 2.489436057335615e-07 2.0056504815012482e-07 0.0003073397031534382 1.252915743355233e-07 0.0 3.052308614348994e-05 1.1340184011333883e-05 3.466330852829364e-05 0.0004501261624800031 3.961810526869433e-05 8.677179568809099e-06 4.478700577406422e-07 0.0 0.00011359159312154563 3.6386511169373e-06
0.0032569223536145367 7.911676875825599e-07 5.85949159610864e-05 1.0119156914817293e-05 4.172642349706001e-06 0.00037366792430304214 0.004052393252129473 0.004715680329459641 1.4167705088044315e-05 0.0007184725453576073 0.0001539577202550399 0.00032407486120262016 1.363979203393587e-05 0.0 2.0181858548978014e-05 1.9761319226061105e-06 0.0004411791705813479 0.00017750803966761012 0.0002913191796337702 3.985899771480466e-05 5.247511292917586e-05 6.391154489022602e-06 0.00030039102501823857 0.0001410489001284207 9.270303882332667e-07 0.00040644656020192974 2.7021355518436902e-05 0.0003311714147563783 0.003261954657808062 0.0015932023090617033 4.11170649310596e-06 0.0005356465877358797 7.803255902829783e-06 0.000255821121614098 2.285283395090236e-06 0.00017725186859162873 2.0156214593815257e-05 0.00037253667266344656 6.891700842399157e-05 9.734931048093777e-05 5.420795385051118e-05 2.9301893821439695e-06 2.7494076236443296e-06 6.543565207450981e-07 3.79357571721972e-07 3.6027653416580624e-07 2.1888243735973818e-06 0.0 5.401024541587972e-07 1.7321065416137363e-05 5.450313115204008e-07 5.43275180949298e-06 4.273856576952434e-06 1.4775474386288198e-07 1.7405590786961922e-06 4.177379087025757e-08 2.9344004425518974e-06 0.0 6.037549714209262e-06 0.0 0.0 2.3955801659476744e-07 1.038138950151911e-07 4.723563705096726e-06 1.1499283563106533e-06 9.88808864155347e-07 3.930972921293435e-05 0.0 5.725849708779155e-07 2.6461834785672747e-06 2.872839513450405e-05 3.7901852423652946e-06 7.297503424329971e-06 1.5261408115903048e-07 0.0 0.0 1.931646393612561e-06 0.0 1.9647388317451867e-05 1.94667156581945e-07 4.835737735603015e-06 1.5728974350282641e-06 4.304117050309851e-06 2.933072200872808e-07 1.8561992959203168e-06 3.3357147993116895e-07
0.0 9.010791495481866e-06 7.445751527326231e-08 1.280341300236446e-05 0.0004564774174548076 0.00037151700330387017 1.2677623695418307e-05 5.6102777372114006e-05 0.00041980243726417007 1.7451863982704424e-05 3.026807536409593e-06 0.0007898515097918546 2.2301807826170303e-06 2.0181858548978014e-05 0.0 3.744859221366085e-07 6.20810421104251e-08 8.083022148052653e-07 3.726851072255254e-07 4.9360318276046335e-05 6.409237419048333e-08 7.948073741440054e-05 7.454241777727004e-08 0.0005169730847263773 4.512985295555679e-06 8.645178534697283e-07 5.9038752852775455e-05 5.6729197340322115e-05 1.2708879633996984e-05 0.0 3.395253670617857e-07 0.00027142705071333623 6.368394133000831e-08 8.631778327170378e-06 2.0235223555963148e-07 1.4178425589999596e-05 6.199802764922298e-07 2.201467025934761e-05 4.033327283951703e-06 0.0005746062648121627 5.671975888915395e-05 0.0 2.1010544412223422e-07 0.0 5.263853992972746e-07 0.0 0.0 0.0 0.0 6.250860774542445e-07 9.285765312856734e-08 1.106658376688826e-06 0.0 0.0 1.1643009415358e-06 0.0 4.7207162901416054e-07 0.0 3.794191030607761e-06 0.0 0.0 2.505842499633251e-07 0.0 6.745370639509859e-07 3.5830195593287764e-06 3.1472090561096587e-07 3.7413166414097617e-06 0.0 4.9917552535889e-07 7.258097899121033e-07 1.4542222345511582e-06 3.691118693521378e-07 4.1696171156627224e-07 0.0 0.0 0.0 0.0 0.0 1.300806024387999e-06 0.0 1.3137851975769525e-07 1.270400778633747e-07 4.616764044293549e-07 0.0 0.0 0.0
1.5520784235661048e-07 1.4788469825326416e-05 2.045376435225451e-06 5.7111175476635757e-08 8.355075884989428e-08 0.0 4.298052274931233e-05 1.0041114273260112e-06 1.389448756643439e-05 6.710274514563248e-07 1.170412479844538e-06 0.0 5.602513530383499e-07 1.9761319226061105e-06 3.744859221366085e-07 0.0 1.0365185075047896e-05 1.2283009735571709e-06 4.171833731792691e-06 0.0 0.0012807910473716072 0.001960310826345171 0.0026686829948478837 0.0013536702172278607 1.414902380373933e-06 3.129374919101807e-06 0.0019463415252331 0.001799220005102316 1.1422417596888233e-05 4.405827858563803e-05 3.4070158683012036e-07 4.466597058346382e-08 5.699073023008616e-06 3.119606848777778e-05 2.8822190942079076e-05 0.0009463692475579454 0.0001498031771447852 0.00027845049533175404 0.0003192679580322932 3.352586021811929e-05 6.492768695324752e-07 4.113099073230719e-06 4.549352553442215e-06 4.8520122525932384e-06 2.3636906713516636e-06 3.4193662661905305e-05 2.675247120560223e-07 0.0 4.35679940661863e-08 1.1453837750822393e-05 2.7390866847890478e-06 2.24475140633965e-06 4.306733629649606e-07 2.613042606947142e-07 0.0 1.2626172853257802e-05 1.2211043806926067e-05 2.599583824932357e-07 0.0019566768214932047 1.899394419359066e-06 0.0 1.3109043833585208e-06 1.0082586722040279e-07 0.00010220550055313494 0.0004275091482684782 0.0007302876186582118 0.000108672665399351 5.7869058676954395e-08 3.6347597085939665e-06 0.00037796760340296577 6.539319021365447e-05 2.7820422422961595e-05 3.302709196094486e-05 0.0 3.557430169633085e-07 2.556299702816161e-06 1.0250340600917276e-05 2.0173616711292754e-06 0.0001188594942131057 3.0063660463559317e-06 2.2661057290403343e-05 6.382937866176738e-06 5.49238892953944e-06 9.921930045984294e-07 1.0084621371409369e-05 2.1023418122811512e-06
8.912305793143007e-05 2.630603058958581e-05 0.0038085887327523695 3.687473218005186e-07 0.0 8.705601593166781e-06 0.0006352193475405333 0.00035560329357957674 4.123934608729832e-06 2.4378743855570608e-05 0.00023056706255825484 9.214495975346187e-07 3.315518841975385e-06 0.0004411791705813479 6.20810421104251e-08 1.0365185075047896e-05 0.0 0.0002312673140382862 0.0013863248656567758 2.6134920371953534e-07 0.0003683801269482589 6.952835905738012e-06 0.0021410120058795983 1.2979578139670885e-05 1.6585905361630522e-06 0.0013248606560086306 0.0034840488016637007 7.424850214865962e-05 0.00031570301027122286 0.0009596519221106547 2.420782388023723e-06 3.589952697330669e-06 3.605503977458739e-05 0.0008674600239650686 2.369643599803391e-06 0.00030252399857406547 0.0016955401384626794 0.0009343113756327556 0.00025741453701957104 1.1003252492622301e-05 1.823291613036462e-06 3.4218486392009513e-06 1.3373577328852611e-06 2.9579108578450254e-07 4.4609492750084434e-05 1.3590900698029305e-05 5.3770088430975836e-08 0.0 9.994529292958291e-08 1.8760760290321926e-06 2.3493003782974344e-07 1.7822954929741895e-07 0.0 7.988000392212982e-07 6.151886409408322e-08 1.722403253421475e-06 6.436293951902118e-07 0.0 3.3534559999279766e-06 5.9179871823397584e-05 4.052021383654241e-06 0.0001279050097314345 0.0 4.892046786037005e-07 3.3443969835646066e-06 2.1633705141586483e-06 2.8426032863497894e-06 8.97919228251537e-07 0.00014117345252171723 0.0003903709161401164 1.4026382588309245e-06 5.423344051895224e-07 2.697976996931661e-06 1.3227340054828065e-06 0.0 0.0 5.833944441764125e-06 1.939550245489829e-06 4.743153358645813e-05 3.085858739252733e-05 5.33172456384877e-05 8.93344552825092e-06 1.6639287097958433e-06 0.0 4.296843787299136e-07 0.0
3.689248382313738e-05 1.0681613581874567e-05 0.0001245488316895659 2.0165289911681235e-07 5.085350835927833e-07 7.914684140581914e-06 5.6455043221128574e-05 0.00017060094760444646 1.5599154412634024e-06 1.2503113939058465e-05 0.001533220899616246 4.887821753478478e-06 2.86418654830392e-05 0.00017750803966761012 8.083022148052653e-07 1.2283009735571709e-06 0.0002312673140382862 0.0 0.0009059883558584042 4.0456899236158473e-07 1.4233738977138173e-05 2.7784046731077717e-06 4.4787420113495875e-05 3.6108968599642832e-06 1.6173918801316384e-05 0.0015816552135222179 0.0006805232012969578 8.741074922603249e-06 0.00023373048849573835 8.39601571673567e-05 5.81073529685825e-05 2.2129704702434798e-05 2.1754634314978393e-05 0.0006909236648796687 1.671969874597426e-06 0.0004445443284693418 0.0008201638585911046 0.0010725338401704275 0.0002520343018218989 6.444159674505353e-06 1.8818769038813006e-06 2.1110321777887938e-05 1.3546943512025657e-06 4.5153070573678696e-08 5.336920191834333e-06 3.714749335862571e-07 0.0 0.0 0.0 8.594369860818189e-07 2.690656695271609e-07 1.971830746382525e-07 0.0 2.008816684125369e-05 0.0 4.985827684174555e-05 0.0 0.0 2.1338138061820617e-07 1.8802595452487072e-06 2.2768771352600817e-05 1.724185056383266e-05 0.0 0.0 8.714329033401673e-07 4.331546140833915e-08 5.367818796721965e-07 9.04622210824697e-06 0.00011579911729541959 0.00014877726001546063 3.859965339565488e-07 0.0 4.636111372738078e-07 4.610634129853543e-05 9.155664664521578e-08 0.0 1.7420162349556016e-06 1.660547330506424e-06 8.055668935774282e-06 2.0637724788880588e-05 5.128749551863245e-06 1.0193805001192545e-06 1.1280633073350446e-07 0.0 0.0 0.0
6.416288666685616e-05 2.1165466687115308e-05 0.0002909967212070694 1.0301340210354794e-07 5.275111893868104e-07 5.63596859910611e-06 0.00011991569880140997 0.00024244798829222336 1.7834919281903576e-06 1.1570487080576774e-05 0.0005555540389952074 3.832029539710278e-06 5.431688666295864e-06 0.0002913191796337702 3.726851072255254e-07 4.171833731792691e-06 0.0013863248656567758 0.0009059883558584042 0.0 7.176825262386419e-07 5.446684368238299e-05 3.4996679759219815e-06 0.00017222920497998102 5.4815523284013945e-06 2.825941562125093e-06 0.0017301346676238051 0.0011539574113134388 2.2438279973252702e-05 0.0003093531239333398 0.0003268223336774643 1.1724868989377809e-05 1.6269384195716097e-05 2.970143047061884e-05 0.0015988319794811895 2.8705039359661942e-06 0.0003386333912781956 0.0006574869929949959 0.001030898127792962 0.00016563748197651062 6.061116006220339e-06 1.3642054520077682e-06 2.592233808188199e-06 7.550814018404467e-07 3.214617849191059e-07 2.9112273221841255e-05 3.4154728303601886e-06 0.0 0.0 0.0 2.05263719975725e-06 1.3362124998370807e-07 1.1599832340435876e-07 2.4417951437357667e-07 4.180145481730226e-06 0.0 6.0061514989680505e-06 7.303653210757232e-07 0.0 7.577138033433687e-07 9.67461120685657e-06 3.0253786025474892e-05 0.0001235412612854211 0.0 3.355339114648726e-07 1.1478245790629243e-06 9.837869555191715e-07 1.415495263845135e-06 3.3360511609116467e-06 0.0003477676849817878 0.00036506838719866036 7.49297406870472e-07 3.4486161145234783e-07 2.538110105898729e-06 4.509020825581074e-06 0.0 0.0 8.036279219461479e-06 1.544570216882135e-06 2.4559679886103356e-05 2.450625208961241e-05 3.3587759863922396e-05 4.6947436903478044e-06 4.3864689336700406e-07 0.0 0.0 0.0
5.038561799635833e-07 0.0 3.368821507102288e-07 0.0015622642350274442 2.904259197948825e-06 0.00014648015067450238 3.6647516330177003e-06 4.31069457073514e-05 0.00025351289286965214 0.0025215654087153466 4.482477130472661e-06 0.003853393319279065 8.746800596620252e-07 3.985899771480466e-05 4.9360318276046335e-05 0.0 2.6134920371953534e-07 4.0456899236158473e-07 7.176825262386419e-07 0.0 1.9767988818482367e-07 1.2764966294697394e-07 1.665892504079705e-07 9.62784056927629e-05 8.694280245159434e-08 9.489521418767722e-07 5.886787689744131e-07 0.0010656850513444795 4.897140382858291e-05 5.8133681780967624e-08 7.791224538221401e-08 8.638014390736252e-06 3.580487704226294e-07 1.5554059896740813e-05 7.333880831535992e-07 0.00018723289558171983 9.61586959193042e-07 5.582671634949416e-05 1.251599881706718e-05 0.00030202084617136714 6.002721757893966e-06 9.804525475338773e-08 1.403240126945608e-06 0.0 0.0 0.0 1.3651802822601463e-05 5.995429459957355e-07 2.0070152837070964e-06 8.591638485623584e-06 3.004183514825836e-07 1.8875443884665764e-05 3.5075407820529976e-05 0.0 2.0719206421574698e-05 0.0 9.032669450969145e-07 6.909395883419186e-07 0.0 0.0 0.0 0.0 8.88199999447766e-06 3.666863285693667e-07 2.299378918154698e-07 0.0 7.189137732641196e-05 0.0 0.0 1.3279818454183742e-07 4.47387205133673e-05 1.0181717684598041e-07 1.1466256203820757e-06 0.0 0.0 0.0 3.005744814512264e-07 8.861480974239882e-08 6.315762749094029e-05 0.0 8.359000130065489e-07 0.0 1.9200665144697823e-05 0.0 2.6134749632035534e-07 0.0
7.482855878550217e-06 1.4175858929307332e-06 0.00024734078343805556 6.411570574085676e-07 0.0 1.8110355174580444e-06 0.0014666636368247058 3.356571206381227e-05 7.50454098508277e-06 1.4588475072271336e-05 2.124944438687433e-05 3.2492225917843137e-07 4.6688438828044295e-06 5.247511292917586e-05 6.409237419048333e-08 0.0012807910473716072 0.0003683801269482589 1.4233738977138173e-05 5.446684368238299e-05 1.9767988818482367e-07 0.0 8.788686424172441e-05 0.006884238248527746 0.0001485700401829128 5.56664075669152e-07 6.956276512367714e-05 0.00023039008086422316 0.0016278435295253731 0.00011074283014902247 0.004763086828719596 4.952295040106921e-07 1.4129025564020378e-06 3.557685309739054e-05 0.0016911472065675424 0.00011160330906852135 0.003295927547484956 0.00038799074612329515 0.0034501408920223804 0.0018411506340959203 8.707044407273074e-05 6.5466824271299e-06 4.662995184932347e-06 2.144499749347955e-05 5.595314303528878e-06 5.246598010642241e-08 3.2640370249791786e-06 2.611676529143763e-07 1.2059258202594705e-07 3.7453500094969883e-07 1.2323356029805901e-05 2.3480968956029806e-06 1.3236141598564265e-06 1.3166637260196841e-06 1.1195896515866282e-06 3.88816040263819e-07 5.69994871675236e-06 1.4946728294832444e-05 4.421999593688721e-07 0.00033869527526029483 6.501007312324321e-07 2.3608098333643333e-07 2.85641124536209e-07 0.0 6.765455445555689e-05 4.3636141089550776e-05 5.7593482702276576e-05 7.122246255761721e-05 0.0 5.257877382775548e-07 1.1565696320513118e-05 3.343793950773916e-05 2.7758216697134714e-05 3.5874330087348265e-05 0.0 1.1125905469695467e-07 2.674005742319234e-06 7.5170492884774295e-06 4.31623000958392e-06 0.00010400966397904435 5.674031094419858e-07 1.6118523019292552e-05 4.898789004326404e-06 6.6372097814503805e-06 1.7768537225990367e-06 7.189935370512033e-06 5.8152064646757e-07
1.1090106023054124e-06 0.001485578180748779 6.414604626390151e-06 7.664123009833478e-07 3.6908436160636843e-06 8.524968837927836e-08 1.3590121624856334e-05 2.1519494199704295e-06 0.0016052116330481797 2.7731333455393997e-07 2.8898025928380872e-05 1.0213700222545659e-05 7.959496557288793e-05 6.391154489022602e-06 7.948073741440054e-05 0.001960310826345171 6.952835905738012e-06 2.7784046731077717e-06 3.4996679759219815e-06 1.2764966294697394e-07 8.788686424172441e-05 0.0 0.00023507593267713754 0.0036641124918995772 0.0006038165077036615 3.755056330204499e-05 0.0034081816475731255 0.00028043070331534983 3.173156169702474e-05 2.349044162252679e-05 1.0443964374179391e-05 0.0 6.416910498693961e-06 1.4546395114224671e-05 0.0 0.00014848570123947896 1.840108679290829e-05 5.4729525461644036e-05 2.146505127715188e-05 0.0001483708235918896 2.6822283628503835e-06 7.147674848069479e-06 2.0551953630684445e-07 2.7005908626555494e-06 1.3693336904134396e-05 2.7494346417507982e-05 2.782184660779786e-07 0.0 5.008518031283863e-08 6.350156602138905e-06 1.4854784662795802e-06 6.402067229864221e-06 4.41268658288027e-07 1.5944644140987526e-06 7.701622471450552e-06 2.7047941466723164e-06 7.074296496230649e-06 1.1375787657715656e-06 0.0010577359981576594 2.617764985475557e-05 1.4161605473799451e-06 1.6292741115426785e-05 0.0 5.637000128084165e-05 4.529861409298999e-05 0.0002425063206899154 0.00010604404771485505 5.970725889555998e-07 3.0154239091354475e-05 0.0008763414028425852 3.9288927247733606e-05 1.4655547123450411e-05 2.344262164593311e-05 1.484864571102459e-06 0.0 2.232757402477598e-06 4.772295179317645e-06 7.46930658457147e-07 4.3096568329247584e-05 6.569538037010799e-06 2.2009039653000032e-05 5.593466287547651e-06 5.29041280510035e-06 2.8790882795115725e-07 8.929639715671119e-07 3.8513499855310577e-07
6.659255415025437e-05 1.4220548656904447e-06 0.0029444706198451976 4.170487493096258e-07 0.0 5.379138512598312e-06 0.001157263253096201 0.0002265286764050304 2.303747839699347e-06 2.142367063177913e-05 2.587264191523988e-05 7.917557657748631e-07 6.190181542812208e-06 0.00030039102501823857 7.454241777727004e-08 0.0026686829948478837 0.0021410120058795983 4.4787420113495875e-05 0.00017222920497998102 1.665892504079705e-07 0.006884238248527746 0.00023507593267713754 0.0 0.00021413954296442558 1.0151572304206703e-06 0.0006846411769637049 0.004527677543533501 0.0024752428755541443 0.000291561224942745 0.003524612470259278 1.398547500739239e-06 3.3592456835875632e-06 4.6529775586088105e-05 0.001899428348759919 0.0001534370281763278 0.005767070277005155 0.004187024062207824 0.005124691052167377 0.0033628217140846345 0.0002351265516237105 1.3077251411169027e-05 5.991262154129347e-06 3.964598275948102e-05 1.2996871668937418e-06 6.41157167933944e-06 0.0001592581839922361 6.97549021682091e-08 0.0 1.431917968030554e-07 6.953494732055505e-06 1.251897404531034e-07 1.4714990978586428e-06 8.349495898471833e-07 1.6317879383321024e-07 6.167229629279181e-07 2.8963524224970914e-06 5.055016738408556e-06 1.8858724675361015e-07 0.0011946484519868878 1.895787895916929e-05 2.3007203159188847e-07 5.22037496193066e-06 0.0 2.7677923033967564e-05 0.0002168073117874986 0.0005442413681687593 4.5465252509363685e-05 5.6098006387773595e-08 1.6719013060801915e-05 0.0012905804186531984 3.6046070778964084e-05 5.92378302887847e-06 1.1806059991831901e-05 0.0 6.667446882057998e-08 2.4213192283946926e-07 9.903602197271077e-06 1.7167396645585978e-05 0.00014068499052610346 4.825033558919243e-06 1.851036519324967e-05 6.663182472358288e-06 4.221380839713343e-06 0.0 6.934383872455191e-06 2.615190285349659e-07
