0.0 0.0 3.517018343605809e-05 2.846188275755074e-07 0.0 1.7269368835147056e-05 0.002016229632229833 0.0010574229684615372 0.0 2.010286708157377e-06 2.572535905150859e-06 6.937478672242756e-08 3.354189040931298e-07 0.0029377335063618527 7.43584213910399e-08 6.152856350672733e-07 9.695727361071831e-05 8.496707919095051e-07 1.6284376007962696e-05 4.2676290749998677e-07 5.686502474374543e-06 0.0 3.3827104736254425e-05 1.0036361558465254e-05 0.0 1.9430523794186778e-05 1.0870460534589574e-05 3.231986495877291e-05 0.0013936586981505993 0.0011347191031612135 7.950241169883397e-08 3.621134599803067e-06 6.417293250742209e-05 0.00020370838504443116 1.7520648755385926e-06 6.743150667832116e-05 5.9034412064732e-06 6.599910586044354e-05 1.4892125637153793e-05 7.594632901336259e-06 4.545503508339259e-06 5.854034385408831e-07 6.626557324792065e-07 0.0 0.0 0.0 0.0 0.0 0.0 1.9899004777934035e-07 0.0 2.022685801669782e-07 0.0 0.0 0.0 0.0 0.0 0.0 1.1833616667144249e-07 9.12856976556986e-08 0.0 0.0 0.0 0.0 0.0 0.0 2.8205487663880406e-06 0.0 2.6734363891722024e-07 3.230164654117817e-07 1.156012612958766e-06 0.0 0.0 0.0 0.0 0.0 0.0 0.0 0.0 5.712001476763615e-08 0.0 0.0 0.0 0.0 0.0 0.0
0.0 0.0 7.336204379770783e-07 3.006762166210399e-07 0.0 1.2933973179453178e-07 1.1838518061056735e-05 6.430681031418191e-07 0.00024993389296287875 0.0 0.00014485655083805484 0.0 0.0003851078840506096 0.0 4.966170514967476e-07 3.141456219886514e-05 4.378799212854508e-06 8.911737382173078e-06 6.187666588816357e-05 3.897135111006053e-07 1.3537143111664496e-06 0.0018982665477443254 1.414833887993443e-06 0.0005859696705444442 0.0009672694037301759 6.888705891139964e-05 0.0026793523393933527 1.2008861747175978e-05 2.3701518598319256e-07 6.019094014006033e-07 4.185461572638965e-05 0.0 0.0 1.1249435089854045e-05 0.0 2.778930805068446e-05 4.5701443311063905e-05 4.426967157271195e-05 1.4234942828359892e-05 2.3385399886092635e-06 0.0 1.345268066924394e-05 0.0 0.0 3.752309696338409e-05 1.7705152185879435e-05 0.0 0.0 0.0 1.200742166429868e-07 2.264772466359222e-07 9.37295868719661e-06 0.0 1.967624735916337e-06 0.0 7.07952007969238e-06 1.8735567866386652e-07 0.0 1.3504320457283881e-05 2.1984375458320465e-05 7.595754259283666e-07 1.0766497975811184e-05 0.0 3.6141713218241695e-07 7.928484636767464e-05 2.3505055492148125e-06 2.944594410094869e-06 8.679138426958753e-06 5.3613434490072925e-05 0.0007146397589191608 0.0 1.7599055858961091e-07 7.318280944806419e-08 7.134495386579968e-07 0.0 0.0 3.929214085412975e-06 1.9852108671690857e-07 1.3507604326130097e-05 1.295753106973938e-05 2.4951273829287725e-05 4.370154342659384e-06 4.86917474733655e-07 0.0 8.581912485022214e-07 0.0
3.517018343605809e-05 7.336204379770783e-07 0.0 1.9466225398795317e-06 0.0 7.272626332546215e-05 0.0007285469566016902 0.00017267933278377216 0.0 1.0878215169846652e-05 1.1523950390516566e-05 3.1288598444180157e-07 3.1554644572605154e-06 0.00011785367976673959 0.0 7.49165438057897e-06 0.004939228561675795 2.6838855970485402e-05 0.0004199075553391854 8.457493595566999e-07 0.00039432863979910356 8.7635556626575e-06 0.005892951472364285 1.0689097837264354e-05 5.783657663764399e-07 0.003061930455128462 0.003943855418847616 0.00019531536580520134 3.315609758691979e-05 0.000729181472288782 1.3461924295032973e-06 7.979974088863323e-07 2.5537750810118895e-06 0.0004907785257592661 5.570080154455553e-06 0.0005527728506471542 0.005166680472250378 0.0008479048546677692 0.0003215669380256172 3.5827364688384906e-05 3.432981382463164e-06 5.843548264062611e-06 3.44622281125669e-06 0.0 3.0827529391284636e-05 0.00010032989901910687 0.0 0.0 0.0 2.0839354398511817e-06 3.0691143364992123e-07 3.1987892917747475e-07 0.0 1.1828256490969958e-07 1.0006181014374884e-07 0.0 1.273136415299341e-07 0.0 0.00010797631986932613 4.5548135043554225e-05 5.947203912237466e-07 5.962019606194599e-06 0.0 1.438560751311205e-06 0.00010496529360094574 6.028430597444724e-05 8.686523131989394e-06 4.840948142614302e-07 4.556561081882e-05 0.0012220830579365706 4.091205833383843e-06 0.0 5.433506329291489e-07 0.0 0.0 0.0 1.8977996158307398e-05 1.0244328779692001e-06 4.9298953601436105e-05 2.428998840054871e-05 6.190983710717163e-05 1.3333334310963191e-05 1.544758105296346e-07 0.0 1.1151396637510454e-06 3.0816117295551377e-07
2.846188275755074e-07 3.006762166210399e-07 1.9466225398795317e-06 0.0 9.391400232995164e-08 5.81445782702526e-05 8.269199529320495e-05 1.941130955883274e-05 0.0003076270522959338 0.001170045849817928 9.482016511451252e-07 0.0009129027131496027 1.6606417739567742e-07 5.62578040441782e-06 5.1642861000085735e-06 0.0 6.040035117474421e-07 1.6145321035910907e-07 3.749286796622628e-07 0.0020083844609042364 6.674428817075806e-08 4.105794001499994e-07 4.41236450462293e-07 0.0008289881405122761 5.081239978401134e-08 1.893629589002006e-06 1.9000656347554707e-06 0.0027689200452095503 2.24260686602256e-05 6.679254952098811e-07 0.0 9.123928281896073e-07 2.2966208958731312e-07 1.1641152035976107e-05 2.5817780683549486e-07 7.274281741033126e-05 1.3844159060843953e-06 2.5690725257438537e-05 8.124349159297238e-06 2.6771345016039736e-05 6.661121072902085e-06 3.500093303218472e-07 8.302064298241638e-07 1.3100242405328642e-07 0.0 0.0 7.181616212082202e-06 0.0 6.326213431187967e-07 6.3070955732641295e-06 1.2631083992752744e-06 3.646876820186047e-05 1.4974453550494929e-05 0.0 1.2523408899269152e-05 3.871824436193223e-07 2.0969321475482984e-07 2.4613255017397626e-07 1.032008830804804e-07 0.0 0.0 0.0 1.0307668234347545e-05 0.0 8.092255203276967e-08 0.0 6.678709924266356e-05 0.0 0.0 4.515730916742716e-07 4.088792856789783e-05 1.5844863297857093e-06 0.0 0.0 0.0 2.8036197903625003e-07 3.1784325305209347e-07 2.9886828374791653e-07 3.2014617704672507e-06 2.161990989393854e-07 1.5785203568568807e-06 5.195219371346397e-07 1.4387940276804242e-05 0.0 0.0 0.0
0.0 0.0 0.0 9.391400232995164e-08 0.0 6.395642285129914e-05 7.545881891502128e-08 1.7534675933234956e-07 1.2199144493135963e-05 2.517282124066339e-07 0.0 1.4939045851342722e-05 0.0 0.0 0.0005525937758378574 0.0 6.364734360982115e-08 0.0 0.0 8.737184010937871e-08 0.0 0.0 0.0 0.0 0.0 0.0 0.0 0.0 9.474632186890341e-08 0.0 0.0 0.00015336293447796667 0.0 8.461712461368188e-07 0.0 7.351352955096547e-07 0.0 1.6578059403377196e-06 8.890134523252538e-07 0.0004181987976582007 2.329934511360794e-05 0.0 0.0 0.0 0.0 0.0 0.0 0.0 0.0 0.0 0.0 0.0 0.0 0.0 0.0 0.0 0.0 0.0 0.0 0.0 0.0 0.0 0.0 0.0 0.0 0.0 0.0 0.0 0.0 0.0 0.0 0.0 0.0 0.0 0.0 0.0 0.0 0.0 0.0 0.0 0.0 0.0 0.0 0.0 0.0 0.0
1.7269368835147056e-05 1.2933973179453178e-07 7.272626332546215e-05 5.81445782702526e-05 6.395642285129914e-05 0.0 0.0016722422684734108 0.002476662109273723 4.195914433518848e-05 0.0028243077709943264 4.9572501550392925e-05 0.001712971482135847 1.4814104196475549e-05 0.00024191606611824725 0.0014366992616162372 3.6987934231795946e-07 7.636381894455135e-05 1.4227178948182438e-05 1.988630108134231e-05 0.0007719057167866443 8.21701873901551e-06 0.0 3.573656061105726e-05 0.00011927013402096933 3.2075395026740205e-07 6.991175179348963e-05 3.351507261977368e-05 0.0009925102978000206 0.0003962391139097329 4.9635100403420795e-05 1.837247522456256e-06 0.00020237485408926165 4.201697005707409e-06 0.0003701028320322588 1.3658345272828309e-05 0.0002085196418578543 2.7263872161209823e-05 0.00027682104887409565 2.5934753464112228e-05 0.002284302931048295 0.00022649615240420557 1.0892601530887479e-05 1.0312967233953614e-05 0.0 0.0 0.0 1.11347093338823e-06 0.0 3.2254158483325776e-07 2.731635880569718e-06 0.0 8.685081161586931e-06 7.067886303516745e-07 0.0 3.995181024509326e-07 1.1346271504902355e-07 3.793018679397425e-07 0.0 2.574639270300403e-07 0.0 0.0 6.545524683595244e-08 1.9255094344452254e-07 0.0 2.2088392651564155e-07 3.0379814371399853e-07 2.909621046294767e-05 9.209531748102137e-08 3.156383321310615e-07 1.194939563251086e-06 1.5406114244856693e-05 1.2444091717035885e-07 1.7622885617106155e-07 0.0 0.0 0.0 1.193143098822746e-07 4.6645792735818155e-07 2.084050638180208e-06 4.967444545041941e-07 2.1386154231679879e-07 2.7898960000661074e-07 3.7336521885081432e-06 0.0 3.1058851055255366e-07 0.0
0.002016229632229833 1.1838518061056735e-05 0.0007285469566016902 8.269199529320495e-05 7.545881891502128e-08 0.0016722422684734108 0.0 0.0031187354712719395 0.00012007775216044322 0.0008244038740855107 1.9452306761054997e-05 1.1903760654959417e-05 3.754090100991121e-06 0.002271417787952145 3.5802226499772194e-07 5.906207469472325e-05 0.00022714049794188482 6.919720287024659e-06 4.256133443925159e-05 5.808315981715694e-05 0.00026383895866597003 2.177596112092331e-05 0.0005615854793798623 0.002683633840271257 1.3164969052627557e-06 0.0002474065011453251 0.0005625845617671083 0.008961243651932974 0.001347146196028274 0.0030752913057812757 7.917575817501774e-07 2.0578580246459566e-05 9.667081999009478e-05 0.0003427944229291445 2.354578504379616e-05 0.0022989669323260483 0.00017148890993482857 0.0008517444211753697 0.0002654771470928023 0.00033661351157548107 0.00010253311792114502 7.59594627791043e-06 1.788269685956035e-05 1.5325995477132965e-06 1.0333841152396707e-06 1.1401546345233602e-07 7.31419086553897e-06 0.0 1.4103053297126224e-06 3.648827220197427e-05 6.160250611917164e-06 9.610305889844489e-05 1.1910283003106927e-05 4.483371076614833e-07 4.119086521943263e-06 0.0 6.976377270128287e-06 0.0 2.971007415415566e-05 6.850356983570513e-07 7.476523247566908e-08 6.259133504478317e-07 9.987733104355355e-06 5.468434256111475e-06 6.375055338699926e-06 2.7459395215613825e-06 0.0005498554788513348 0.0 8.845723971416591e-07 2.110809851192487e-05 0.00024908179081126365 1.1555388367306984e-05 1.2570547211555567e-05 0.0 0.0 3.560319339467797e-07 5.774869465185897e-06 2.730454472639784e-07 3.6746487882842196e-05 6.220291893052797e-07 5.278125109505009e-06 2.9090319931731445e-06 2.7072521199535795e-05 0.0 6.663193101180961e-08 3.0949864759310367e-07
0.0010574229684615372 6.430681031418191e-07 0.00017267933278377216 1.941130955883274e-05 1.7534675933234956e-07 0.002476662109273723 0.0031187354712719395 0.0 1.7334344240474467e-06 0.0012867205619085372 5.1434103681577974e-05 6.865475463246342e-05 1.1041237531263227e-05 0.003986674836178858 1.6876409008056907e-05 2.1434667630754543e-06 0.0005496760745774852 1.4643502744583369e-05 7.92322078663525e-05 0.00012844815719291052 3.539202927405638e-05 4.69633594565513e-07 0.00016746209856407935 0.00012915114889839395 4.247891540588019e-07 0.00013430105993286566 7.773754380433887e-05 0.0002243990773976846 0.0007983780742713219 0.0010114048156478108 1.876551972840335e-06 0.0002299670708683649 1.0712793116653179e-05 0.0006054341741151138 4.147047603262968e-06 0.00015049142501506944 3.700589620043831e-05 0.0002480124368997836 3.266288438811693e-05 0.0004596039428773615 9.484057646576109e-05 7.907160112702994e-06 7.245086854677853e-06 1.2658596599081562e-07 0.0 1.0815843333719735e-07 0.0 0.0 0.0 2.9892614281772706e-06 0.0 2.1129121134739237e-06 1.8087137748957032e-07 0.0 0.0 0.0 3.4423019767848925e-07 0.0 2.216114113257774e-06 0.0 0.0 6.064972635479837e-08 3.3787865079371617e-07 3.647265122653499e-07 3.157154637222126e-07 3.0497302930566744e-07 2.823487988456812e-05 1.2488533546448515e-07 7.850111221069436e-07 1.96325347963451e-06 1.0371349034587968e-05 7.004297557186838e-07 1.3253997438185994e-06 0.0 0.0 0.0 1.5489779593306096e-07 0.0 3.077428924378686e-06 2.3824354486630524e-07 4.3048889205727736e-07 0.0 3.553186075518447e-07 0.0 1.556832534598105e-07 0.0
0.0 0.00024993389296287875 0.0 0.0003076270522959338 1.2199144493135963e-05 4.195914433518848e-05 0.00012007775216044322 1.7334344240474467e-06 0.0 4.9412399180523685e-05 3.6190311506537118e-06 0.00021262485059808292 9.422239790190913e-06 4.65663397851845e-07 0.00039811221528398454 2.996548380157277e-05 5.116272643103095e-07 1.1840163760647842e-06 1.2890842537678456e-06 0.000503705714288809 1.13780679039451e-07 0.0011809258570002132 1.5321448221482457e-06 0.007567939633299603 4.298412612227552e-05 2.8530225399066198e-06 0.00016003041359538594 0.0005299022214168871 8.349599297164879e-07 1.3525188060917653e-07 3.1106642204190475e-06 1.0365365095581923e-06 0.0 2.5087600813595447e-06 0.0 3.097513976385052e-05 8.063446726922818e-07 2.225912636857049e-06 3.8503420774721315e-07 0.00013676868438772618 0.0 1.9627527271142012e-07 0.0 1.548775164022216e-06 0.00014816099459797743 0.0 3.998732233624588e-05 0.0 4.932882985868174e-06 3.995108368131635e-05 1.018224410927187e-05 0.0001922776162124808 2.8333877797576347e-05 6.351558496511651e-07 5.486788004319352e-05 6.133340773408514e-07 5.283810231536372e-06 2.115459205154445e-06 0.00016099732014161945 3.6824465658442216e-07 1.4710881957678412e-07 1.408136513886821e-07 4.223937667286938e-05 5.629835984468778e-06 9.380410436923444e-05 3.159782561426647e-06 0.001107295075873312 8.630845843622517e-06 7.212775502205576e-07 7.532543457750402e-06 0.00030401696145763394 6.486084490283566e-06 7.6772917887562e-06 0.0 0.0 1.729438063863238e-07 8.02302847857432e-06 5.819422707994894e-07 3.817540924572547e-05 5.139739472653021e-07 1.028144755993526e-05 2.7324448580435453e-06 0.00010665625015563207 2.6692979358959544e-06 0.0 0.0
2.010286708157377e-06 0.0 1.0878215169846652e-05 0.001170045849817928 2.517282124066339e-07 0.0028243077709943264 0.0008244038740855107 0.0012867205619085372 4.9412399180523685e-05 0.0 2.0856519196594966e-05 0.0015582314096238908 3.7823221286423423e-06 0.0002910688235901706 1.498604032136456e-05 1.4947393801970653e-07 6.247722634154063e-06 6.90001345701431e-06 5.252871984445039e-06 0.00183342668520863 1.1377382860780641e-06 4.960055279315681e-07 4.845264171490986e-06 0.0004883781016967265 2.887974278202439e-07 1.2303445689740614e-05 1.6314461039326802e-05 0.004323409672609579 0.0003001292204210196 4.7161692694985e-06 5.202383814049121e-07 1.7348194539427384e-05 1.389917557705058e-06 0.00018521041989823508 5.56913137659041e-06 0.0003375939712639243 1.2892973830294575e-05 0.00033642203151597983 4.378375919030496e-05 0.00046224175860315486 7.442364056875997e-05 5.572976966996221e-06 7.1271391031324395e-06 0.0 0.0 0.0 2.2573763719424463e-06 0.0 0.0 3.5947297434522687e-06 2.1277138288742755e-07 1.2666347829875715e-05 1.908861724375041e-06 0.0 1.3824125698862453e-06 0.0 8.722175715296464e-08 8.589570648966954e-08 9.304406075800662e-08 5.943020227533581e-08 0.0 0.0 3.73198629437424e-06 0.0 0.0 0.0 3.715790887215735e-05 0.0 3.1326477911888257e-07 6.625814618227945e-07 2.0275228492564667e-05 4.3179745593639034e-07 0.0 0.0 0.0 7.371409837025125e-08 6.782525456199104e-07 2.6212476524851046e-07 2.3897447564515786e-06 0.0 7.362037039291443e-07 0.0 7.067200242472225e-06 3.296098823405551e-07 6.144707726655117e-08 0.0
2.572535905150859e-06 0.00014485655083805484 1.1523950390516566e-05 9.482016511451252e-07 0.0 4.9572501550392925e-05 1.9452306761054997e-05 5.1434103681577974e-05 3.6190311506537118e-06 2.0856519196594966e-05 0.0 6.116176029678185e-06 0.0010314364273425409 1.2535003220239447e-05 1.0695089850134587e-06 9.326187276202264e-07 7.730106870775126e-05 0.0010417751062491106 0.0008375807802623374 1.2167033702565343e-05 4.096953021393197e-06 2.7694573948317468e-05 1.410161077825441e-05 1.2142233860250138e-05 0.0005388890159160556 0.000712959229320307 0.0004051675276360294 6.560186060017257e-06 6.105879580399299e-05 7.514708049646789e-06 0.00013395421879870917 4.909820741407886e-06 2.766050785955825e-06 0.0032155235216749585 7.060144757406691e-06 0.00020297484703003332 0.0030471699006978463 0.0027456328729581992 0.0004950610171629416 8.011403939907314e-05 8.340827792313521e-05 0.0008915383392338556 3.7784561114589644e-06 0.0 1.385123803126841e-05 0.0 0.0 0.0 0.0 0.0 0.0 1.4113185749621184e-07 0.0 9.858870717792626e-05 0.0 0.00039080071891991206 0.0 0.0 6.47068332258499e-08 2.0511165753443905e-07 3.703332908847593e-05 2.4283292839849775e-06 0.0 0.0 3.153676649753873e-07 9.811642393285213e-08 6.457020950973928e-07 8.444168347315019e-05 8.125624092616725e-05 0.00017860702365850447 0.0 0.0 0.0 3.238602142120751e-05 0.0 0.0 8.838716163655536e-07 2.8682579068017947e-06 8.797676252470557e-06 0.00019211458310402964 2.1361510811836235e-06 2.940978257761031e-07 1.898595153828925e-07 5.183772618279355e-07 7.080231603550193e-05 2.1184582849944124e-07
6.937478672242756e-08 0.0 3.1288598444180157e-07 0.0009129027131496027 1.4939045851342722e-05 0.001712971482135847 1.1903760654959417e-05 6.865475463246342e-05 0.00021262485059808292 0.0015582314096238908 6.116176029678185e-06 0.0 1.5911687272201486e-06 1.4950934685532678e-05 0.0005179668126373748 0.0 1.73109804836338e-07 1.540009586098697e-06 1.1117543527801418e-06 0.004903987782125409 0.0 0.0 5.4857138918185796e-08 0.00012835862519389705 6.343922666634306e-08 1.5827098820182114e-06 1.569640237779327e-06 0.00018581475535252973 6.199035226506226e-05 4.3777287143220736e-08 1.078452128655082e-07 4.8473150219351645e-06 0.0 4.8888895439877964e-05 2.0493849933582926e-07 0.0008964831886746804 1.963056292548791e-06 6.933736526121829e-05 3.423931900001992e-06 0.0008403726693407424 2.4417329722486954e-05 3.0846615304574472e-06 1.012685227696857e-06 2.1171784737564844e-07 0.0 0.0 2.0430508373990937e-05 0.0 2.35842352951611e-06 1.7665316663984444e-05 2.4961500840864034e-06 4.937379457703546e-05 2.6891148081292844e-05 3.383720310953195e-07 4.116242947000452e-05 1.5611116233226138e-06 1.9257855961767716e-06 9.773305670135406e-07 0.0 0.0 0.0 0.0 2.1141689729987896e-05 0.0 0.0 0.0 0.00011668368446124341 0.0 5.9215691463891705e-08 2.3779348870251183e-07 8.543218415805886e-05 2.005773052431259e-06 6.994091481328137e-07 0.0 0.0 0.0 1.97064324441847e-06 0.0 6.4961180404128275e-06 0.0 2.3916613751977937e-06 0.0 0.00011811117285158635 0.0 5.812074898645942e-08 3.0860259690343654e-07
3.354189040931298e-07 0.0003851078840506096 3.1554644572605154e-06 1.6606417739567742e-07 0.0 1.4814104196475549e-05 3.754090100991121e-06 1.1041237531263227e-05 9.422239790190913e-06 3.7823221286423423e-06 0.0010314364273425409 1.5911687272201486e-06 0.0 1.3248447175380594e-06 5.053749903786316e-07 2.0766069109294345e-06 1.4181618616815977e-06 1.2646998379531813e-05 4.82870673651179e-06 1.711559692326886e-06 7.965316418315325e-07 0.00010846549288721986 3.473187066819364e-06 4.5751221198822743e-05 0.0029161511124832637 8.66363219575541e-05 0.00096208073724832 2.1202513696656518e-06 5.1449814413285876e-06 2.5975964433500537e-07 0.0001883346533740041 6.691946350129967e-06 2.7189433855998533e-07 0.0001514949429505702 3.597104669120183e-05 0.0012437499494633833 0.0032974780999808465 0.0018968210548196709 0.0002544122493940712 0.00016656025930414302 0.00015498147238430894 0.0005996967493296731 2.856275141058488e-06 0.0 2.937996958210468e-05 0.0 0.0 0.0 0.0 5.7689375368863464e-08 2.5544423063340865e-07 1.8836328604369508e-07 0.0 0.00018084063283239633 0.0 0.0008672602626093281 0.0 0.0 0.0 5.8705214730169046e-08 0.00011184714695105766 3.728655336222213e-06 0.0 0.0 7.754010150248873e-07 0.0 1.203352534673892e-07 0.00018271969579182197 0.00020889998739873978 0.0004443854183544068 4.331505397153285e-07 0.0 0.0 9.461061083544505e-05 0.0 0.0 2.4688773911001e-06 1.7096303120329157e-05 9.248078213344711e-05 0.000358457867368391 9.509030870430598e-06 2.5333641448211537e-06 6.1074326721752555e-06 1.060604006933018e-06 7.779203256455658e-05 1.1566188939475061e-07
0.0029377335063618527 0.0 0.00011785367976673959 5.62578040441782e-06 0.0 0.00024191606611824725 0.002271417787952145 0.003986674836178858 4.65663397851845e-07 0.0002910688235901706 1.2535003220239447e-05 1.4950934685532678e-05 1.3248447175380594e-06 0.0 1.9644882472090844e-06 8.051257316703307e-07 0.0002673769333812452 6.064460859219627e-06 3.858328527501717e-05 3.49235879975139e-05 2.008372503170437e-05 0.0 8.639736237853424e-05 5.453740264045204e-05 1.9172315989536425e-07 6.849272394316837e-05 3.6327447448554004e-05 8.07769660902368e-05 0.002665634352567313 0.0008758699485892684 5.148862148596559e-07 2.6038651078683802e-05 1.611859473698927e-05 0.00029729808203069467 1.3483856744506018e-06 8.415028811894026e-05 1.735293054759436e-05 0.0001289738078797842 1.8277029796972603e-05 9.076902253392294e-05 2.0555948379972057e-05 1.8038025282995041e-06 1.8130000233688075e-06 0.0 7.2904557603574e-08 1.3830952314090035e-07 0.0 0.0 0.0 1.4279692151433565e-07 0.0 2.078982138996668e-06 0.0 0.0 6.12077469815419e-08 0.0 0.0 0.0 5.910261240068531e-07 0.0 0.0 0.0 6.463909973119909e-08 3.6991255683145836e-07 7.640356478923639e-08 0.0 6.507092017837787e-06 0.0 3.861970319542568e-07 1.1681849218049906e-06 3.5668964752567345e-06 0.0 1.0349802302364665e-06 0.0 0.0 0.0 0.0 0.0 2.5394379142133107e-07 1.2914765387378754e-07 7.595750602821307e-08 0.0 1.4169895504370772e-07 0.0 9.157009136872177e-08 0.0
7.43584213910399e-08 4.966170514967476e-07 0.0 5.1642861000085735e-06 0.0005525937758378574 0.0014366992616162372 3.5802226499772194e-07 1.6876409008056907e-05 0.00039811221528398454 1.498604032136456e-05 1.0695089850134587e-06 0.0005179668126373748 5.053749903786316e-07 1.9644882472090844e-06 0.0 0.0 9.877281822059678e-08 2.9356468885807434e-07 0.0 1.8029100624252996e-05 0.0 3.0544963435089936e-06 0.0 7.096712371407781e-05 1.0327992196145754e-07 1.9045135828647323e-07 2.7993811598998976e-07 4.215085809698735e-06 6.1302628869223425e-06 6.689294807155058e-08 0.0 0.00028512158816565105 0.0 6.702458022242221e-06 0.0 0.00030009000786148754 0.0 3.5720022703563546e-06 2.2096789667964038e-07 0.001125976466712662 3.5697425914408873e-06 1.4239576806403506e-07 0.0 0.0 0.0 0.0 2.696441615054906e-07 0.0 0.0 0.0 0.0 1.5332816558255352e-07 2.399672308701701e-07 2.0812346581635398e-07 1.344034469417775e-06 0.0 6.76837124098886e-08 0.0 5.121925632736171e-07 0.0 0.0 0.0 4.4694087762668787e-07 0.0 0.0 0.0 6.148435944619146e-06 0.0 0.0 0.0 2.9336966847336277e-06 0.0 0.0 0.0 0.0 0.0 3.2991518706534975e-07 0.0 0.0 0.0 0.0 0.0 7.406915736897543e-06 0.0 0.0 0.0
6.152856350672733e-07 3.141456219886514e-05 7.49165438057897e-06 0.0 0.0 3.6987934231795946e-07 5.906207469472325e-05 2.1434667630754543e-06 2.996548380157277e-05 1.4947393801970653e-07 9.326187276202264e-07 0.0 2.0766069109294345e-06 8.051257316703307e-07 0.0 0.0 1.5164162355393406e-05 2.325826839568225e-07 2.0723655232965643e-06 1.0729956985797244e-07 0.0011330339856853886 0.000491615713783969 0.002129641428688488 0.0022565775681946676 2.492354972625832e-06 1.6011068733287865e-06 0.002082453942364247 0.0010849410191392866 1.556632022602221e-05 5.6757939991051155e-05 1.7369437434451993e-07 0.0 1.6216698867302728e-05 0.00017628931550937413 2.9024180664552263e-05 0.0021621372361628997 0.0005859449294624673 0.0006526448157383111 0.0006655501575821877 0.00013782599842841495 5.58300829854224e-06 2.1073330634391814e-06 2.34648964029812e-05 7.022170246383039e-07 5.1843609974260226e-06 1.8647438313393982e-05 0.0 0.0 0.0 1.3514159656556337e-05 3.35815424706796e-06 0.00011175721416424009 1.3975992020675499e-06 2.3844680464424195e-07 0.0 1.1863302200348447e-07 1.4518318962731595e-06 0.0 0.0035117118985727325 7.587944544856408e-06 2.007425704242018e-07 2.7311367191046525e-06 0.0 0.00021429584948944098 0.00040530617064830226 0.0003875331574461766 0.000255336518451538 0.0 1.4454151704762235e-06 0.00022662202759838397 0.000158445632376852 2.478480046904805e-06 0.00011322085776311205 0.0 0.0 5.677051230699732e-07 1.890259305597289e-05 2.0459143336382567e-06 0.000436116707342293 6.301267671318743e-06 1.272139251072485e-05 3.984742071527561e-06 3.1090102937876284e-07 1.9255171920748287e-07 0.0 1.5072947825342285e-07
9.695727361071831e-05 4.378799212854508e-06 0.004939228561675795 6.040035117474421e-07 6.364734360982115e-08 7.636381894455135e-05 0.00022714049794188482 0.0005496760745774852 5.116272643103095e-07 6.247722634154063e-06 7.730106870775126e-05 1.73109804836338e-07 1.4181618616815977e-06 0.0002673769333812452 9.877281822059678e-08 1.5164162355393406e-05 0.0 9.714193781932061e-05 0.0012568604952558808 1.048579068343428e-06 0.0005681096189863999 1.2930609975256056e-06 0.0028402388732367244 7.962834703193586e-06 5.5625892934284825e-06 0.0019835610773677693 0.0031501530220605506 4.177706634982568e-05 0.0002270205290560636 0.0010403743115212922 8.426230694147346e-07 2.780777027526002e-06 1.0359160662013182e-05 0.0008339802446001841 2.48211901754024e-06 0.00017166309710641719 0.001437819725197891 0.0002924434032394465 9.234329603574752e-05 1.5080509730444787e-05 4.055217072950852e-06 6.158772422772668e-06 1.325812118655415e-06 0.0 6.000176629042872e-06 1.2427811288727509e-05 0.0 0.0 0.0 0.0 0.0 8.161429541744541e-08 0.0 0.0 0.0 2.0436362439406863e-07 0.0 0.0 2.4620121013713067e-06 9.670550949580421e-06 2.8868015420176986e-07 5.4992276727051645e-06 0.0 1.9660811949188904e-07 3.4264855634324315e-06 9.185230405135846e-07 6.919066160731814e-07 8.366330675987978e-07 2.4461456942960427e-05 0.00012059846369795998 5.2667937820606e-07 0.0 4.1835657206224935e-07 6.187245230940929e-08 0.0 0.0 1.2444329387089335e-06 7.180681842655224e-08 4.0914883346305355e-06 8.563931564540137e-06 8.397611088897635e-06 1.5297736656012623e-06 0.0 0.0 0.0 0.0
8.496707919095051e-07 8.911737382173078e-06 2.6838855970485402e-05 1.6145321035910907e-07 0.0 1.4227178948182438e-05 6.919720287024659e-06 1.4643502744583369e-05 1.1840163760647842e-06 6.90001345701431e-06 0.0010417751062491106 1.540009586098697e-06 1.2646998379531813e-05 6.064460859219627e-06 2.9356468885807434e-07 2.325826839568225e-07 9.714193781932061e-05 0.0 0.0017539365790670486 4.464236734963379e-06 1.6458920494982602e-06 2.9522895438387722e-06 1.3446188081735351e-05 3.140737220045521e-06 3.619006714614578e-05 0.0014195873204783899 0.0004200938679329022 2.8419858047405196e-06 1.8581057193464876e-05 5.010422564101252e-06 6.510225208317167e-05 9.407980510981783e-07 6.727782581729694e-07 0.0006389858955213648 1.250057442523753e-06 0.0002207399969703228 0.0005288923590028386 0.0006844482666442505 0.00029141876749699255 2.3328344763649572e-05 2.3246751280420585e-06 6.38214707215449e-06 1.28851014964788e-06 0.0 5.342857631849527e-06 2.9672000834648455e-07 0.0 0.0 0.0 0.0 0.0 1.6990230664180627e-07 0.0 3.6223426653200773e-06 0.0 2.665630587653785e-05 0.0 0.0 1.3481724088128265e-07 5.519906607822285e-07 3.1181598817882574e-05 1.4251146372135385e-05 0.0 0.0 2.884284808857103e-07 2.4257275677214854e-07 2.1490904960684792e-07 1.5050193452542185e-05 0.00011846644519006583 0.0001796342958931436 0.0 0.0 0.0 9.944533098501422e-06 0.0 0.0 4.770970914188614e-07 5.017883170372869e-07 3.2987173050430838e-06 7.963404554452528e-05 2.933808913422277e-06 8.794614039360884e-07 8.186382920890741e-08 0.0 4.846049747605704e-07 0.0
1.6284376007962696e-05 6.187666588816357e-05 0.0004199075553391854 3.749286796622628e-07 0.0 1.988630108134231e-05 4.256133443925159e-05 7.92322078663525e-05 1.2890842537678456e-06 5.252871984445039e-06 0.0008375807802623374 1.1117543527801418e-06 4.82870673651179e-06 3.858328527501717e-05 0.0 2.0723655232965643e-06 0.0012568604952558808 0.0017539365790670486 0.0 1.4817981766103517e-06 2.2973903539064692e-05 6.049933961553845e-06 0.0004378539896395646 5.838614930457286e-06 0.00015387833667895938 0.004898690357500977 0.0018485968474333462 4.733403654013307e-06 4.821163540637773e-05 8.404345770285014e-05 2.5317837486595764e-05 1.001352996019187e-06 1.474234685393767e-06 0.0017144216989677542 2.0714216964791052e-06 0.00023530116058511965 0.001175213517572445 0.0007659765850483302 0.0002536417603174057 2.100385385213418e-05 9.162992739878985e-07 5.088205267434329e-06 1.1893484864198756e-06 9.800617665150924e-08 3.3229771288792704e-05 5.245498446448097e-06 0.0 0.0 0.0 2.0144399355180288e-07 1.8008829172218991e-07 0.0 0.0 1.064369219402041e-06 0.0 3.739249678971981e-06 2.418986879359384e-07 0.0 8.453264205083602e-07 1.9501331296508963e-05 1.4779275715549445e-05 5.0349895460933575e-05 0.0 5.37069181416065e-07 7.019693833131716e-07 1.090583490064032e-06 7.159421935198299e-07 1.0786757593754169e-05 0.00021607616238965359 0.0004057628587454084 0.0 1.0865700680358606e-07 6.689363489353458e-08 2.3061155081562405e-06 0.0 0.0 2.6693833834683937e-06 0.0 1.4719185566288477e-05 6.039554236344693e-05 2.6422957400892376e-05 5.340617712654303e-06 1.1352417326367677e-07 0.0 5.59141979749777e-07 0.0
4.2676290749998677e-07 3.897135111006053e-07 8.457493595566999e-07 0.0020083844609042364 8.737184010937871e-08 0.0007719057167866443 5.808315981715694e-05 0.00012844815719291052 0.000503705714288809 0.00183342668520863 1.2167033702565343e-05 0.004903987782125409 1.711559692326886e-06 3.49235879975139e-05 1.8029100624252996e-05 1.0729956985797244e-07 1.048579068343428e-06 4.464236734963379e-06 1.4817981766103517e-06 0.0 2.7571797536813555e-07 4.180400113627819e-07 8.903026320126893e-07 0.0006850297668191036 3.032684754940471e-07 3.478243974028988e-06 3.7890755256817306e-06 0.001029543666274526 0.00014981231009527233 1.096721440252951e-06 6.845563410827176e-07 6.119831790393487e-06 7.683333697514164e-07 8.360609154862044e-05 3.0732091246972412e-06 0.0002548098487827219 7.65701056309713e-06 0.00018223660445412614 3.1916305971296765e-05 0.0003264214688635512 3.862696573508415e-05 3.5563741845801353e-06 3.940640382055459e-06 0.0 5.157521689111615e-08 0.0 7.119790177080115e-06 7.573407147214252e-07 1.6508285059200877e-06 6.187835878082495e-06 1.48794487760311e-06 3.785487531072771e-05 4.906444786533578e-06 5.056196472398908e-07 8.783371183482107e-06 0.0 1.803436200182607e-06 9.199346425137911e-07 0.0 0.0 0.0 0.0 8.608296791066312e-06 0.0 4.740453239327415e-07 0.0 7.53001781616279e-05 0.0 0.0 1.8861501371257345e-07 4.5401170772828666e-05 4.942246677034105e-07 1.288755438978304e-07 7.387650459305414e-08 1.6231572041836405e-07 0.0 6.63039567144947e-07 0.0 5.36647038389464e-06 0.0 7.017418327663629e-07 0.0 2.7199729727655186e-05 3.1893684659138455e-07 2.311964054290469e-07 7.130182638637076e-08
5.686502474374543e-06 1.3537143111664496e-06 0.00039432863979910356 6.674428817075806e-08 0.0 8.21701873901551e-06 0.00026383895866597003 3.539202927405638e-05 1.13780679039451e-07 1.1377382860780641e-06 4.096953021393197e-06 0.0 7.965316418315325e-07 2.008372503170437e-05 0.0 0.0011330339856853886 0.0005681096189863999 1.6458920494982602e-06 2.2973903539064692e-05 2.7571797536813555e-07 0.0 2.9326476506234844e-06 0.01026710847736287 0.00010508409458798305 0.0 1.7576526477184154e-05 0.00045552581238043904 0.0024630797557640225 3.414101467839221e-05 0.005341680232074339 0.0 4.2681339138639236e-07 3.510432215390046e-05 0.0018993661410985866 4.175316942147882e-05 0.002724806553818357 0.0008931103048285201 0.002254366077001126 0.0010977071503001682 0.00016177486426358678 1.0900180226069856e-05 1.6024038254693214e-06 3.521841649811649e-05 0.0 8.613723065209525e-08 1.6611545680970476e-06 0.0 0.0 0.0 2.656290090812133e-06 1.005584506262517e-06 4.263393429001138e-06 8.737620809955026e-08 0.0 0.0 0.0 2.7883600882279653e-07 0.0 0.0001495619655919875 7.320553782045218e-07 2.698476732828602e-07 4.929432752925705e-07 0.0 2.9385303411985312e-05 3.189726967224824e-06 8.175888666386347e-06 4.9223215428796715e-05 0.0 3.5189335220023233e-07 5.333096349813513e-06 2.411739875218902e-05 1.197806432329719e-06 1.451728695587726e-05 0.0 0.0 1.2719898079969845e-06 2.897897294462767e-06 1.4693603048322614e-06 6.086509742313033e-06 4.1244224419368414e-07 9.933173813943444e-07 4.65512306897699e-07 9.980756742170604e-08 0.0 0.0 0.0
0.0 0.0018982665477443254 8.7635556626575e-06 4.105794001499994e-07 0.0 0.0 2.177596112092331e-05 4.69633594565513e-07 0.0011809258570002132 4.960055279315681e-07 2.7694573948317468e-05 0.0 0.00010846549288721986 0.0 3.0544963435089936e-06 0.000491615713783969 1.2930609975256056e-06 2.9522895438387722e-06 6.049933961553845e-06 4.180400113627819e-07 2.9326476506234844e-06 0.0 8.510661157345743e-06 0.004884637285069741 0.0003511861334364956 2.6223728660238355e-05 0.0015647355845358215 5.237114693618369e-05 1.3645357696404762e-07 1.7677049683466186e-07 2.083488261916206e-05 0.0 2.4005543067171056e-07 4.124744274859739e-06 0.0 1.0742904771016203e-05 1.1050036723934638e-05 1.0620104197213713e-05 4.830255470674022e-06 2.6818939941416367e-06 0.0 1.9944441165108797e-06 0.0 0.0 9.399818815111229e-05 3.5998780622209116e-06 0.0 0.0 0.0 6.259426169702139e-07 1.3453920644806798e-07 6.407833959391388e-05 0.0 3.650109010372078e-07 0.0 2.3967945740004583e-06 3.4123590088658325e-07 0.0 0.0007081934517636091 2.056680895765218e-06 4.825366968261939e-07 5.935070040716517e-07 0.0 1.0657664030817492e-05 0.00024337641056030736 7.903854123247724e-05 4.2855950375861886e-05 6.623156439267971e-06 4.830373109938732e-06 0.0003342611919317599 1.2781458423569765e-05 3.6384027967123805e-07 6.212058656519685e-06 6.865004623552841e-08 0.0 0.0 1.1533756019511616e-06 4.241284066043818e-07 4.3914040204216794e-05 4.545491634718917e-06 4.827007178218341e-06 4.861588773817611e-07 1.3782321364691634e-07 0.0 9.584523506681294e-07 0.0
3.3827104736254425e-05 1.414833887993443e-06 0.005892951472364285 4.41236450462293e-07 0.0 3.573656061105726e-05 0.0005615854793798623 0.00016746209856407935 1.5321448221482457e-06 4.845264171490986e-06 1.410161077825441e-05 5.4857138918185796e-08 3.473187066819364e-06 8.639736237853424e-05 0.0 0.002129641428688488 0.0028402388732367244 1.3446188081735351e-05 0.0004378539896395646 8.903026320126893e-07 0.01026710847736287 8.510661157345743e-06 0.0 0.00019961038070610945 4.745747698002521e-07 0.0006611265262619756 0.006777626443424318 0.0017933124519358304 6.461268448604815e-05 0.003600846447252759 3.199555122992717e-07 7.815473157832522e-07 9.143211990034964e-06 0.002207855825209031 6.383313538000398e-05 0.003875987812687744 0.004674587556340638 0.0038732342598136664 0.0026781581852876285 0.0003830145950292168 2.392636386698025e-05 7.804506765096378e-06 5.4262608327005566e-05 0.0 2.403666153832746e-07 3.0452276462469616e-06 0.0 0.0 0.0 1.7825157260795647e-06 6.232924822274339e-07 1.8199400877528789e-06 1.5538930353299575e-07 0.0 0.0 2.327042731891154e-06 0.0 0.0 0.0004408621734482232 1.2862677153994927e-06 2.2084358684170447e-07 6.136049372019744e-07 0.0 9.915387782905202e-06 6.173359442561992e-05 7.376055586901069e-05 1.2009472440625381e-05 0.0 1.6236096617537954e-06 0.00017681551019384727 6.695467884088469e-06 0.0 4.2851237946935976e-06 0.0 0.0 0.0 1.3698783157367916e-06 1.3774621546722975e-06 5.1507107106959085e-05 2.5102066371634544e-06 6.1112545845166976e-06 1.9835155434543433e-06 5.064124868676768e-07 0.0 0.0 0.0
1.0036361558465254e-05 0.0005859696705444442 1.0689097837264354e-05 0.0008289881405122761 0.0 0.00011927013402096933 0.002683633840271257 0.00012915114889839395 0.007567939633299603 0.0004883781016967265 1.2142233860250138e-05 0.00012835862519389705 4.5751221198822743e-05 5.453740264045204e-05 7.096712371407781e-05 0.0022565775681946676 7.962834703193586e-06 3.140737220045521e-06 5.838614930457286e-06 0.0006850297668191036 0.00010508409458798305 0.004884637285069741 0.00019961038070610945 0.0 0.00011158882122549616 2.172683185499911e-05 0.002467438244341402 0.005201770603624444 0.0002291570602561567 5.056437077504578e-05 1.0918915326501996e-05 2.989651740710788e-06 6.576554144598984e-05 0.00015426235571440266 1.277329230288564e-05 0.001865708160015432 9.278821873391532e-05 0.0003503073872711854 0.0001397779335511641 0.00016884090453290435 2.7860861901209625e-05 9.33304032172332e-06 1.1902006017495788e-05 1.2451426985707169e-05 2.34340108040067e-05 5.536303919397071e-06 8.200593474774211e-05 0.0 1.0821937836241709e-05 0.00017772913532396994 2.4451166877173064e-05 0.001190278018604088 8.0169905425133e-05 2.169363193276151e-06 0.00010812555402741482 7.886089960819095e-06 4.0057867013041805e-05 1.0417522337281062e-05 0.0004432751882177264 6.748613936974441e-06 1.4715185465642092e-06 1.5755687270277926e-06 8.802214898634563e-05 7.228440862156746e-05 5.7557641138456824e-05 2.5805187441768054e-05 0.0035341769990594853 1.1536280510301818e-06 4.7927744535987765e-06 4.909400525929889e-05 0.0014218069495637383 6.0572656854331095e-05 0.00012006834250161605 1.7206436789457143e-07 4.808823007840659e-07 4.5655015409884864e-06 3.0376805755110757e-05 1.877272696159803e-06 0.0001961361223205242 3.5386660559548356e-06 3.9364613375999567e-05 9.632799329584653e-06 0.000303607552802379 5.235768486459252e-06 2.706915106782485e-06 1.8696874391098402e-06
0.0 0.0009672694037301759 5.783657663764399e-07 5.081239978401134e-08 0.0 3.2075395026740205e-07 1.3164969052627557e-06 4.247891540588019e-07 4.298412612227552e-05 2.887974278202439e-07 0.0005388890159160556 6.343922666634306e-08 0.0029161511124832637 1.9172315989536425e-07 1.0327992196145754e-07 2.492354972625832e-06 5.5625892934284825e-06 3.619006714614578e-05 0.00015387833667895938 3.032684754940471e-07 0.0 0.0003511861334364956 4.745747698002521e-07 0.00011158882122549616 0.0 0.00023853461477560037 0.002163450085223194 2.2427700648082856e-06 7.220778707726874e-07 1.420158023307655e-07 0.0001332436891083047 2.4981099577941134e-07 0.0 4.018412411483142e-05 1.3132195439313063e-07 6.571107998571074e-05 0.0002676928822236187 0.0002548172528818265 4.683549817084186e-05 3.3824420018295347e-06 2.71402220232013e-06 0.00015497101981347546 1.4319227403651256e-07 0.0 0.00011485562424517355 5.688109558758421e-07 0.0 0.0 0.0 2.0238853189707326e-07 0.0 7.736236827887913e-08 0.0 9.526352173008653e-05 0.0 0.0004200355243966523 0.0 0.0 7.413395610787684e-07 1.910388603762919e-06 1.535184139874143e-05 7.558061014215372e-06 0.0 0.0 3.7923793963652958e-06 2.841588396693556e-07 5.036254620799738e-08 0.00010588623230802385 0.0001306299516516267 0.0003683132459630295 7.630811135695855e-08 2.005929519373309e-07 0.0 1.2762441459301263e-05 5.4020001743015416e-08 0.0 1.1726479799979004e-06 0.0 5.527723042234425e-06 5.487431686470994e-05 6.798285490854893e-06 1.3370151339179544e-06 0.0 0.0 8.209384905368971e-06 0.0
1.9430523794186778e-05 6.888705891139964e-05 0.003061930455128462 1.893629589002006e-06 0.0 6.991175179348963e-05 0.0002474065011453251 0.00013430105993286566 2.8530225399066198e-06 1.2303445689740614e-05 0.000712959229320307 1.5827098820182114e-06 8.66363219575541e-05 6.849272394316837e-05 1.9045135828647323e-07 1.6011068733287865e-06 0.0019835610773677693 0.0014195873204783899 0.004898690357500977 3.478243974028988e-06 1.7576526477184154e-05 2.6223728660238355e-05 0.0006611265262619756 2.172683185499911e-05 0.00023853461477560037 0.0 0.006707979102263168 2.2392709923992407e-05 3.956474513932756e-05 0.00014426126783092058 0.000735857969413439 2.5462527200556984e-06 1.1730528195575538e-06 0.0009456712983243516 5.440861446623997e-06 0.0008175221551845083 0.003674507123942039 0.0016798239400309704 0.0006449794260903032 5.5255348585227915e-05 4.740188284158888e-06 1.8329347142311496e-05 2.2441282478698676e-06 2.9481656274709906e-07 9.227285411542628e-05 4.8227624137930694e-05 0.0 0.0 0.0 5.354257152316965e-07 3.461196251917699e-07 4.147304435155656e-07 6.601466087132536e-08 1.4496712788289106e-05 0.0 9.513229980958595e-05 6.398501445002364e-07 0.0 1.7919646770536526e-06 0.00012175320945541637 8.726048793899248e-05 0.0001369222799000013 0.0 5.845909528396558e-07 3.671712353526823e-06 2.666450712890763e-06 2.0006237948412e-06 8.339216264833756e-05 0.0007522061497557169 0.001538783926500099 4.630112965252547e-07 2.2188118709522203e-07 4.495504997547435e-07 2.2226020664473825e-05 0.0 0.0 2.0300678236476342e-05 9.935801130384628e-07 7.40949291039273e-05 0.00029319429444373885 0.00011664545177433014 2.6371052954153827e-05 1.9553991711899438e-06 1.762399046167895e-07 2.1160765938828977e-06 0.0
