0.0 1.643612416482993e-07 8.636988989555575e-05 2.6030183800263646e-07 4.0272731792874914e-07 8.100644860093926e-06 0.0016276000025933312 0.0004732372862020403 3.2000770115117843e-07 1.8578670870367214e-05 7.297212616149998e-06 2.574800397934981e-06 9.597037333536595e-08 0.0030282467359843634 0.0 1.605677241716279e-07 7.01711396428683e-05 1.6597027078368062e-06 5.81884543513037e-06 3.930944519985062e-06 8.282514269486879e-05 5.810697436729092e-08 0.00012796087730412156 6.098590895552961e-06 0.0 1.690839649578123e-05 2.1307482507336733e-05 5.575992525881821e-05 0.0015705744279202417 0.0012454746645595043 1.6740534689601966e-07 5.454605890213204e-06 3.0669113074958326e-05 7.06375695137461e-05 3.0986119800749104e-06 4.621975772146246e-05 3.1266740905493e-06 5.5358440735151216e-05 1.4994618675239705e-05 1.299649880286005e-06 1.9049319344566156e-07 2.1875294656978362e-07 9.282519836899941e-07 1.408391664407274e-07 1.54788189669054e-07 3.387521418337873e-07 0.0 0.0 0.0 3.7965655917183425e-07 0.0 7.396693201491122e-08 0.0 0.0 0.0 0.0 0.0 0.0 3.2848521000645967e-07 0.0 0.0 0.0 0.0 2.4116971532249764e-07 4.764119420133927e-08 3.1757347811631967e-07 1.3935278571329088e-06 0.0 0.0 1.4738789943024763e-06 2.582628484265478e-06 0.0 1.0289508057272684e-07 0.0 0.0 0.0 0.0 4.37192901016108e-07 6.859807046537258e-07 0.0 1.857942075387521e-07 0.0 1.0700884158643846e-06 0.0 0.0 0.0
1.643612416482993e-07 0.0 8.075985210347982e-05 0.0 6.32189346399081e-07 4.475713963754963e-07 2.0505912958474456e-06 6.573556003041826e-07 0.0004097015429149243 2.0334167799214125e-07 0.00017587579236234976 2.552314842078242e-07 0.0008471768592029575 4.0329178062359477e-07 9.830016772800106e-06 9.369820081386721e-05 2.728281003077299e-05 1.6381358323256152e-05 2.566691739944767e-05 8.014408857555102e-08 1.6450133869162697e-05 0.0019379222945757268 1.7406920919340578e-05 0.0007164783865433782 0.0010772853857859215 0.00029111407615555477 0.005568532910121692 2.915087561206498e-05 1.2449422573836536e-06 2.2572847221935998e-06 2.9818204710153415e-05 1.676040106503509e-07 6.963446374906059e-08 0.00010541048026462257 1.3640369739034146e-06 2.7320795934801635e-05 4.1313232599413026e-05 3.645327250979173e-05 1.198316438206035e-05 2.4869773286497632e-05 1.5533529358572147e-07 5.920172340569975e-05 4.64627204964603e-07 0.0 3.361078264884692e-05 4.3089617247858633e-05 0.0 0.0 0.0 1.82256783095439e-07 0.0 5.5063665541884275e-06 0.0 1.2168736157671574e-06 0.0 1.0651617503377736e-05 9.712857300843737e-08 0.0 3.9216524367181305e-06 2.2618909870901552e-05 1.5885027847001266e-06 1.6326729977343915e-05 0.0 2.1381938544527102e-07 5.332703238157432e-06 4.602990245526019e-06 1.6472517628745594e-06 1.0060922116911423e-05 0.00010328263797585914 0.0009457098067049997 1.4741981994546862e-06 1.969249231647378e-07 4.0955569572919714e-07 4.594840778305052e-06 0.0 0.0 2.81397011888055e-06 5.06185965766135e-07 2.8734158411014645e-05 1.0496242638061487e-05 7.601339972907513e-06 5.867040712105572e-06 1.4930798333947838e-06 0.0 1.8437853241378865e-07 0.0
8.636988989555575e-05 8.075985210347982e-05 0.0 1.9430265979069988e-07 3.315486062764451e-07 1.028610912210423e-05 0.00016634186288258933 0.00016455554049465707 5.61531975408954e-07 5.7873567686081355e-06 1.5723791788269486e-05 4.0869153490730257e-07 2.2866081913968087e-06 0.0002808937191357682 3.391865511486847e-07 4.677697537284881e-06 0.0025649443639432674 1.9767960594289488e-05 0.0001321693421758615 1.2942147054546976e-06 0.0004472655973369816 1.8012708404578257e-05 0.008435071595876543 1.1590310976726211e-05 4.863437944393258e-07 0.0056616781211010015 0.004657298856269923 0.0001225975601090597 0.00013303957274393125 0.0004407814905091566 1.039590652808698e-06 2.6119349717137454e-06 7.658178134482414e-06 0.000593027262942281 3.301063495602016e-05 0.0012580857956061152 0.0011256725600872896 0.0016270808828415108 0.0004981773896269228 4.4569873547005076e-05 1.473423719107837e-06 2.0482199532192413e-06 7.70063883304867e-06 0.0 7.756997414783084e-05 0.0002671224382182311 0.0 0.0 0.0 2.807218249305824e-06 1.519933321265552e-07 2.2432616296086118e-07 0.0 6.888011094478193e-07 0.0 1.0806854236805728e-07 7.332822009190238e-07 0.0 3.257762374539392e-05 1.6677319144636594e-05 2.2609865916052108e-07 3.894944892185796e-06 2.345646138245353e-07 3.2108110162191918e-06 2.831179863307971e-05 0.000131669563625743 4.204707356055045e-06 2.2479426087286558e-07 2.2416873298115633e-05 0.0010127185040942953 6.677075108126105e-06 3.8919051069959935e-07 1.611228547559063e-06 2.1828185603583993e-07 0.0 0.0 3.853099742962927e-06 4.790940319058694e-06 5.3566531345915754e-05 6.638183802431758e-06 1.7895753605184045e-05 2.0001361718333665e-05 3.1071561317145594e-06 4.0224864372949727e-07 0.0 1.0154442231942405e-07
2.6030183800263646e-07 0.0 1.9430265979069988e-07 0.0 1.103909418819152e-06 1.0751857028639182e-05 9.904798298863292e-06 4.702964939455137e-06 3.0867513352884494e-05 0.0010058940508347529 5.195042880297623e-07 0.0013609536883459796 0.0 5.205002451786086e-06 1.3106754311711706e-05 0.0 1.1756936297891945e-07 1.4627225586225791e-07 9.65991656199308e-08 0.0011645698910449638 2.0985436952391967e-07 0.0 2.4018185946044456e-07 0.0004134307694271216 0.0 4.4699120866983035e-08 1.455862738655142e-07 0.002207777632199331 9.294138228154952e-06 3.282912354786318e-07 0.0 6.245027026921334e-07 6.917335490530193e-07 5.035943563448832e-06 2.627901599446003e-07 4.7917172296344884e-05 6.244049829820364e-07 8.096026191918358e-06 1.5462992788183372e-06 3.864928381225741e-05 9.916411753470297e-08 0.0 1.0804293620658177e-07 0.0 0.0 0.0 3.533505812639043e-05 0.0 1.5808640072349061e-06 4.084166574766532e-06 8.129446894379155e-07 6.898451445212309e-06 2.608509375896956e-05 0.0 8.260618745176874e-06 0.0 0.0 1.8329457489969475e-07 6.819830055305648e-07 0.0 0.0 0.0 7.228017781131266e-06 1.179978059011001e-06 0.0 0.0 2.104460494083848e-05 0.0 0.0 0.0 6.041472337477051e-05 0.0 9.857119351283077e-08 0.0 0.0 1.072080928686465e-07 4.163998495956954e-07 0.0 1.127445652034718e-05 6.013954198091877e-08 1.3216055417658904e-06 2.922006351142709e-07 8.334546769179246e-06 4.2150996755997693e-07 0.0 0.0
4.0272731792874914e-07 6.32189346399081e-07 3.315486062764451e-07 1.103909418819152e-06 0.0 0.0008293924012823156 4.5559928891927746e-06 9.912764638043664e-05 8.231492312244357e-05 1.7799215124595885e-05 2.283561451699223e-05 0.0001254978143677063 1.5393821120457056e-06 4.074973090930582e-06 0.0009364899269263678 0.0 4.784685919862487e-07 9.044506206653718e-07 2.713627807659268e-07 1.0786345696545122e-05 7.293310641655641e-07 3.516982062775807e-06 5.902152159560924e-07 1.2013143058738627e-05 1.548027718281888e-07 8.838956005088963e-07 7.105037922633725e-07 6.693133690254801e-06 5.623911616841564e-05 6.60664807869682e-07 6.140932089535235e-08 0.0005470016793981596 3.1036782180327245e-07 0.0001475695727895213 1.0497796115179375e-06 2.2081460081918493e-05 2.7991044657632563e-06 0.00013683258464618827 7.514804261637861e-05 0.0013978814609286623 5.0415338479960095e-05 3.995350472618945e-06 5.109516690765946e-06 0.0 0.0 0.0 0.0 0.0 0.0 0.0 0.0 7.673670180288463e-08 0.0 0.0 2.622839551944369e-07 0.0 0.0 0.0 6.677821425622659e-08 0.0 0.0 0.0 0.0 1.2572913550168286e-07 0.0 0.0 7.109625313589971e-07 3.1114511804241925e-07 0.0 5.2510959852384266e-08 8.608859352255875e-07 0.0 0.0 0.0 0.0 0.0 0.0 0.0 4.913644597134343e-07 1.6000016281705765e-07 0.0 9.245873571049588e-08 4.7119958791482716e-07 0.0 0.0 0.0
8.100644860093926e-06 4.475713963754963e-07 1.028610912210423e-05 1.0751857028639182e-05 0.0008293924012823156 0.0 0.000542561430498237 0.0035615135592414666 2.845854902117032e-05 0.005321755990144304 0.00011374313679638727 0.0018418787043607287 5.422890758400277e-06 0.0003729345058396084 0.0013259112654721667 6.710155095473584e-08 4.281693525493372e-06 1.241829487171727e-05 7.118454286648133e-06 0.0001433102388587778 1.573225433990606e-05 1.8586471088396814e-06 9.073182173794255e-06 9.373250214835257e-05 3.316438282076009e-07 8.527250296694522e-06 3.4576621536016282e-06 0.0004904218991029312 0.0004172343047999907 1.6719120135012893e-05 6.510191082255638e-07 0.0014556279938517014 2.2547754793893384e-06 0.00035509458328838816 5.5461324124076265e-06 0.0002486411964201737 1.3718866935130329e-05 0.0002738262268129328 0.00013200967977480902 0.0012070380424926634 3.2508008592303756e-05 4.7029429150144074e-06 8.674803591113076e-06 0.0 0.0 9.310536197960985e-08 5.885484865562329e-07 1.8763895081609659e-07 1.199206291197831e-07 4.217261361889905e-06 2.763220344530732e-07 3.273189070829324e-06 1.912104801530068e-06 0.0 2.969276126400915e-06 2.6274159463895517e-07 0.0 0.0 0.0 0.0 0.0 0.0 7.64585764741463e-08 6.176137419703782e-08 0.0 0.0 1.035539539703978e-05 0.0 4.4277628525259366e-08 5.851603750965297e-07 1.8800544186916266e-05 2.4084784744368037e-07 5.52442031579314e-07 1.4678537270508957e-07 0.0 0.0 0.0 0.0 6.158258184511619e-06 0.0 1.4827320536471903e-06 1.4274026683727037e-07 3.2795871512245467e-06 0.0 0.0 0.0
0.0016276000025933312 2.0505912958474456e-06 0.00016634186288258933 9.904798298863292e-06 4.5559928891927746e-06 0.000542561430498237 0.0 0.0012498406807594127 7.850957186821134e-05 0.0039729022262551305 3.187315413148342e-05 1.6706069412845987e-05 3.0373686711506824e-06 0.0037915247006674734 8.706958441984814e-06 2.8222871945304088e-05 4.240275585816148e-05 7.234839437314326e-06 7.1502513856690604e-06 5.596333236605117e-05 0.0005979304552103387 7.231976368020973e-06 0.00022299671167943727 0.0005779524967931115 4.956512688944206e-07 3.0170980946040164e-05 6.185342927046384e-05 0.010939750985695591 0.0009962142609714888 0.0026452499751859018 2.5969828663828687e-07 2.2313052668698007e-05 5.662903332856626e-05 0.0003092748015734958 3.0295308136346405e-05 0.0010958464818516507 2.58377644775768e-05 0.000430372500190823 0.00013362589800104498 3.429060917179347e-05 1.1700731912377512e-05 1.7084707105994574e-06 1.1768715171443942e-05 3.1514046469767795e-07 5.565159875793722e-07 8.226639557410461e-07 5.556033678823504e-06 0.0 6.905588978139325e-07 2.0970375875563778e-05 3.4908520275132304e-06 2.1653052073660482e-05 1.7248935812193282e-05 4.541898704163764e-07 2.484669293721214e-06 9.840937199788635e-08 1.4270957871675352e-06 5.34874476783933e-07 9.446979501249582e-06 4.086650293883151e-08 0.0 1.093279924167423e-07 3.863481552984936e-06 2.322565910706948e-06 7.992776049712707e-07 3.5204701639396766e-06 0.00011060441512468353 0.0 1.5134973775263434e-07 5.704186958594964e-06 0.00014014424734380313 1.7054819924215665e-06 9.232983362598272e-06 0.0 5.5126291497127035e-08 1.707893817919785e-07 1.3634056249300276e-06 9.796716380024993e-07 4.463576918913803e-05 1.6385929411884745e-07 5.623374863390931e-06 3.013262563385898e-06 1.8089430657751064e-05 1.408188562775264e-06 0.0 0.0
0.0004732372862020403 6.573556003041826e-07 0.00016455554049465707 4.702964939455137e-06 9.912764638043664e-05 0.0035615135592414666 0.0012498406807594127 0.0 5.005479478386474e-05 0.0008944088462901135 0.00016425849327689345 0.00014466680615406486 9.629760456608798e-06 0.005090560031297023 7.528528379116403e-05 1.4955748396445436e-06 0.00010309624337452561 1.5484613348661576e-05 1.4424765164702926e-05 9.627795817193132e-05 0.00018413359024716287 9.838139333914898e-07 0.00018434999742191995 7.92511756042582e-05 1.168869238224007e-06 4.3226792355212844e-05 4.642840706777646e-05 0.00028153533668064085 0.0011037377128231803 0.0004589257495511381 9.384812210483276e-07 0.0013579901036170454 6.329445581094205e-06 0.0004862811071314059 1.1503335890824181e-05 0.00040491555678133934 2.6238695283711195e-05 0.00041512012758490325 0.0001940133010978321 0.00031755268391419294 1.692556987867389e-05 7.417969781284956e-06 1.7003677150269752e-05 7.145365584748488e-08 4.9788965977654694e-08 7.911591557661523e-07 2.7922864835930884e-06 2.2569080641984108e-07 8.311491032441907e-07 8.804837200905306e-06 9.576836742713658e-08 6.2520988949679954e-06 6.260118033896239e-06 0.0 1.6318088204177304e-06 7.677133374354775e-07 2.3060398472563305e-07 1.7270806521697878e-06 1.5537307563407165e-06 0.0 4.051399406740196e-08 0.0 1.0207330266086467e-06 6.687870037432129e-07 4.5091751294491427e-08 9.281886241496438e-07 3.156767667022548e-05 3.4830071872126637e-07 1.45410604601281e-07 3.594791894456714e-06 3.899169556940905e-05 2.729509990041212e-07 2.938829630650735e-06 0.0 0.0 2.7469300737685855e-07 9.842844701725548e-07 5.6979513869966263e-08 1.4787245346396497e-05 6.162045390776408e-08 1.8046921617736715e-06 5.884340010940897e-07 7.363228461930845e-06 4.998764151396207e-07 0.0 0.0
3.2000770115117843e-07 0.0004097015429149243 5.61531975408954e-07 3.0867513352884494e-05 8.231492312244357e-05 2.845854902117032e-05 7.850957186821134e-05 5.005479478386474e-05 0.0 0.00011032624674853166 3.2836312242057913e-06 0.0001374703469811935 1.8716306760989906e-05 1.9773350966192864e-05 0.0006033986071409233 3.8512785836672203e-05 6.469089697767823e-07 8.9779463673979e-07 9.146654486668873e-07 0.0001281412032255487 2.6273129448195514e-05 0.0015231136346679538 6.67095256887952e-06 0.005847834194395316 3.0216795203457427e-05 9.726130627740492e-06 0.00017746116013600161 0.0008283113148080221 9.701252992977539e-06 1.654348324765012e-05 1.0707580601875489e-06 1.19009921244756e-06 4.906068511564158e-07 6.08468797126994e-06 1.0299562402977207e-07 9.247481060673418e-05 9.486404255550257e-06 1.324023720498375e-05 2.1603825437839993e-06 0.0004646673411460416 3.42721226464232e-06 4.3697141557399545e-07 1.5526325858360733e-07 3.098082808325926e-06 5.363249048111813e-07 1.6884687560395752e-07 5.005779468313798e-05 1.359469529832772e-06 4.701566937294382e-06 8.115665027544567e-05 6.830492060356867e-06 0.00024026521947082588 9.01542057784643e-05 8.087207685182334e-07 4.288706911345074e-05 1.75098596364256e-07 3.988743038289707e-06 1.1613605620521045e-05 0.00012559906567409602 2.6442947661330977e-07 0.0 9.63606277310196e-08 2.8159745637025992e-05 3.573620217451097e-05 2.3247775812453884e-05 8.478216975611197e-06 0.0008363551261682761 1.1367200309188384e-07 9.984146452113448e-07 3.3583263962385314e-06 0.0006153746092518338 7.026606788077753e-06 4.686274230349894e-05 3.2776564937771965e-07 4.076503459665934e-07 1.1355128928442106e-06 5.981596414463119e-06 2.230350838044984e-06 0.00011661174983155721 0.0 2.236965462521527e-05 9.730458072957182e-06 8.21010055577911e-05 3.393385417827387e-06 0.0 3.8149622049013744e-07
1.8578670870367214e-05 2.0334167799214125e-07 5.7873567686081355e-06 0.0010058940508347529 1.7799215124595885e-05 0.005321755990144304 0.0039729022262551305 0.0008944088462901135 0.00011032624674853166 0.0 6.609720831426791e-05 0.003792344929732534 3.248136348046298e-06 0.000610618377515193 9.39866568384878e-05 6.401588203705721e-07 2.4789267330234272e-06 1.1654520323524258e-05 7.279064920776856e-06 0.0018794431860482963 1.5017256788050817e-05 8.816319922705068e-07 8.221031870884524e-06 0.0007901207646991713 1.705606111612866e-07 8.393962921389181e-06 3.5605848197078217e-06 0.0045732503282770775 0.0005254490960425786 1.505220122206707e-05 3.2271073782630026e-07 4.263243185713681e-05 1.5397999370509895e-05 0.0002575470029023059 1.1131659542931428e-05 0.0007806141562907141 2.1244304429055486e-05 0.00028248075195792463 6.692596566850123e-05 0.00014185261855561407 6.5428095813797225e-06 1.8338943983697353e-06 5.87138273162675e-06 0.0 8.186184571406885e-08 7.948756544648029e-08 1.2373600322257032e-05 4.352831997769836e-07 1.4244051647679387e-06 2.4473165420937718e-05 2.2419953303044657e-06 1.8232589781694732e-05 2.284697306069082e-05 0.0 1.751918741908023e-05 1.148485590837799e-07 9.536525575365491e-07 2.088805727012608e-06 1.1920858657001738e-06 0.0 0.0 0.0 4.8752356180518475e-06 9.485013754580975e-07 0.0 3.7090333243827235e-07 9.714095508774912e-05 5.335262495450405e-08 4.775644156460605e-08 2.6483950509225013e-07 0.00011956536021047791 1.0793281282473787e-06 2.499415073085944e-06 0.0 3.9128871177497245e-07 0.0 3.8706085174793506e-07 3.734501558190919e-07 3.9588078096121056e-05 7.514800443099392e-08 4.846563857076794e-06 1.4308977130478444e-06 3.492328164990611e-05 1.9077061578315696e-07 1.0290330831939725e-07 0.0
7.297212616149998e-06 0.00017587579236234976 1.5723791788269486e-05 5.195042880297623e-07 2.283561451699223e-05 0.00011374313679638727 3.187315413148342e-05 0.00016425849327689345 3.2836312242057913e-06 6.609720831426791e-05 0.0 4.022314224469807e-05 0.0014212603376408538 8.267233675984794e-05 1.071867592444515e-06 1.0522288487177225e-06 0.00010748157409585015 0.0024330257254578202 0.00053309468615077 1.9654929047638546e-05 7.765796772273288e-06 1.813038165316812e-05 2.339167828090879e-05 1.8177732076052992e-05 0.0005379710868256051 0.0012118584059898254 0.0005596405124725265 2.559367712473846e-05 0.00017892418041337923 2.5180260082695956e-05 0.0001960702744780785 0.00014370561319070917 2.159451649849253e-06 0.004144564027847729 1.0314548813495273e-05 0.0004830289333436309 0.003097940011788371 0.0033579162190710524 0.000913172293644848 2.3617307605049814e-05 4.511938839374055e-06 0.0008293931501957743 7.577730860314875e-06 0.0 1.0941899510442293e-05 1.1419359471015233e-06 1.2556122663239995e-07 0.0 0.0 8.25049503505149e-07 1.7478513688907662e-07 6.313109450953599e-07 0.0 4.91025568567846e-05 0.0 0.00058758819118702 1.6304332550668693e-07 0.0 1.3614538031262063e-07 7.677416455968144e-07 3.502422450808783e-05 1.6034499596667217e-05 2.1866277910639146e-07 4.6587292508376065e-08 1.167204433213583e-06 1.5545257137620954e-07 2.0317131258083333e-06 0.0001486130694855335 0.0001454186156656282 0.00041280639639685885 2.7516975640120926e-06 0.0 0.0 0.00014056989797298474 5.063231982968773e-08 0.0 3.8701218040450465e-07 3.4026936895295344e-06 5.280863415011857e-06 0.00011105245419874717 3.4009568612989732e-06 1.436607836001658e-06 3.4168601098542534e-07 0.0 2.4757500098522856e-05 0.0
2.574800397934981e-06 2.552314842078242e-07 4.0869153490730257e-07 0.0013609536883459796 0.0001254978143677063 0.0018418787043607287 1.6706069412845987e-05 0.00014466680615406486 0.0001374703469811935 0.003792344929732534 4.022314224469807e-05 0.0 3.869373310810234e-06 0.00010837887204374917 0.0010486257488688292 4.330090191786723e-07 4.072917418861746e-07 5.980016227605324e-06 3.3989392410857398e-06 0.0022128499623852945 1.3863053290300305e-07 2.1709592551826255e-06 5.128100205363797e-07 0.0007449124713161278 2.055421466204013e-07 3.2479099102468817e-06 1.079768024035831e-06 0.0004944168683716758 0.0002265218036259215 3.342880979566713e-06 4.1579768850453013e-07 4.3183343248995324e-05 6.037947171394448e-07 0.00014466731852078854 8.35014975799995e-06 0.0009507330236841545 6.95521928017164e-06 0.00012343843765676645 2.718497355343754e-05 0.0013216470647762488 4.369431753553878e-06 2.7156007624009573e-06 3.1344486827808003e-06 7.36766178391245e-07 0.0 0.0 1.600357243163649e-05 2.9004810734692066e-07 4.107405540869459e-06 1.1603243286105592e-05 1.7296339831287616e-06 2.7170487814068178e-05 6.159073777671476e-05 0.0 4.5585915434502926e-05 1.7053315522955725e-07 3.792587957300546e-07 5.872646376058937e-06 1.290625911595418e-06 0.0 0.0 4.890283177026077e-08 1.2486774619330875e-05 1.1129758301151168e-06 0.0 0.0 7.241171127452201e-05 0.0 0.0 1.0327819116351486e-07 7.099583349956903e-05 3.9756963219946887e-07 3.4212793720109952e-06 4.570693932394104e-08 3.147933441166693e-07 0.0 4.3501223003508703e-07 0.0 7.797794915400455e-05 4.9300100369042564e-08 6.719105941292927e-07 5.793916721573532e-07 8.981235928125454e-05 0.0 0.0 0.0
9.597037333536595e-08 0.0008471768592029575 2.2866081913968087e-06 0.0 1.5393821120457056e-06 5.422890758400277e-06 3.0373686711506824e-06 9.629760456608798e-06 1.8716306760989906e-05 3.248136348046298e-06 0.0014212603376408538 3.869373310810234e-06 0.0 4.020439731309978e-06 3.946991540067842e-07 2.8919052428448473e-05 4.532320063600503e-06 2.299459374408557e-05 8.251947901947796e-06 2.9635347733556826e-06 1.0997823673436234e-05 8.197038266853499e-05 2.4477074338943346e-05 3.5511326618002744e-05 0.0034296294976709266 0.00010615939476399162 0.001964805197147467 1.1137245008650365e-05 7.592038303039326e-06 4.6265923164242495e-06 0.00046532751865530547 7.363847655832186e-06 4.550991247882805e-07 0.0009752765286690579 2.6866876778851003e-05 0.0010682226044971686 0.0015784580499816163 0.0009410985246934721 0.0002456891273240256 0.00012031554288641257 0.00010550550077504163 0.000654355796653454 2.521167329351567e-05 0.0 2.2245590165122268e-05 4.106272154038136e-07 0.0 0.0 0.0 0.0 0.0 7.818545678952115e-07 3.2009165951314525e-07 0.00010631711079044051 9.649768313938724e-07 0.0015441744404504282 0.0 0.0 3.0087958198653162e-06 9.112314149915194e-07 5.252366350895272e-05 1.8317594881913062e-05 0.0 5.591334399798204e-07 2.4267849319384196e-06 2.4149631798479267e-06 1.1189940242536884e-06 0.0006543290389294855 0.00022782571281232888 0.0007756392412114914 7.688843480439375e-07 0.0 0.0 0.0003370644987547082 0.0 0.0 9.156203896149327e-07 1.0315783812016145e-05 0.0002156988898801383 0.0001990537676362463 7.110281557878938e-06 3.002033578224262e-06 1.5540083208473908e-05 3.5979336879959286e-07 4.09077375067776e-05 0.0
0.0030282467359843634 4.0329178062359477e-07 0.0002808937191357682 5.205002451786086e-06 4.074973090930582e-06 0.0003729345058396084 0.0037915247006674734 0.005090560031297023 1.9773350966192864e-05 0.000610618377515193 8.267233675984794e-05 0.00010837887204374917 4.020439731309978e-06 0.0 3.7585752458846943e-06 9.624441542390704e-07 0.00020369343396584063 1.0255633355998e-05 1.997118716826574e-05 0.00010711102093945198 0.0002945130302183665 1.5601229771664728e-06 0.00036354848006790985 7.767592190700258e-05 4.780600441089765e-08 6.1542931043785e-05 8.408483567415617e-05 0.0003583015672968635 0.00490602885288854 0.0014096607780720615 3.0612933050643227e-07 0.0003450206641358478 1.669649965982006e-05 0.0003558139972374163 7.391736681222441e-06 0.0002738388032752142 1.9560036736901877e-05 0.0002590067033958308 8.538623196338302e-05 5.544562853677779e-05 4.253166635696924e-06 2.063767327185242e-06 3.3167075552133413e-06 6.032044636988309e-08 2.639861954703796e-07 8.643280827551897e-07 1.0532806375096315e-06 6.737755552776918e-08 5.649657066802671e-08 5.4973283057427636e-06 1.23985870384824e-07 5.023048430131492e-06 2.303083765152345e-06 1.3029835079607152e-07 1.2703712218653776e-06 5.065486660469248e-08 1.6942101522853872e-07 0.0 2.9233336967925576e-06 2.0644261163810572e-07 0.0 6.236069583195355e-08 4.447104969294127e-07 8.99932574493355e-07 5.567737536533425e-07 1.3176317914728942e-06 2.325751294023284e-05 9.725919192324024e-08 2.5944032812537313e-07 5.534870567314542e-06 3.29404287326057e-05 4.120562395077426e-07 2.413364793764324e-06 6.071639931466265e-08 1.1454237694252906e-07 0.0 3.2827285952318023e-07 2.531262846386246e-07 1.0162686846475346e-05 1.9204469119155593e-07 2.012493675121052e-06 3.405197720773017e-07 5.053390239096351e-06 3.878288637898843e-07 0.0 0.0
0.0 9.830016772800106e-06 3.391865511486847e-07 1.3106754311711706e-05 0.0009364899269263678 0.0013259112654721667 8.706958441984814e-06 7.528528379116403e-05 0.0006033986071409233 9.39866568384878e-05 1.071867592444515e-06 0.0010486257488688292 3.946991540067842e-07 3.7585752458846943e-06 0.0 0.0 1.4225677380977766e-07 2.1469405578988167e-07 0.0 9.936186317068895e-05 5.171088276964011e-07 3.631461444633781e-05 1.951664671533103e-07 0.00018372834162168626 1.0080846117989845e-06 5.092513374807864e-07 4.7800198370876084e-06 2.9652614011440355e-05 1.0242914759883802e-05 4.727971256961476e-07 0.0 0.00025737927794574315 0.0 1.4268323461083914e-05 9.49173277993355e-08 6.679614647496546e-05 1.1776073369002061e-07 3.652280271876126e-06 2.6232575882397584e-06 0.0007416721551133603 9.050707773112521e-05 6.81284208671107e-08 1.5000562242341412e-07 0.0 0.0 6.331628086136177e-08 1.1290812259623405e-07 0.0 5.6473313047128214e-08 8.197669681020483e-07 7.178266360384241e-08 2.5678826067176137e-06 2.466165464555317e-07 0.0 1.768372013168194e-06 0.0 4.4188902390281576e-08 0.0 2.6015231490711855e-06 0.0 0.0 0.0 2.678389645050543e-07 1.1916592089255756e-06 9.256403044578547e-07 1.5562549936732775e-07 4.563282680597431e-06 0.0 0.0 1.7889726649182555e-07 9.307754021752136e-06 0.0 6.853329276782756e-07 0.0 0.0 0.0 1.8118544407779006e-07 0.0 6.804921810344611e-06 0.0 0.0 7.38886682747449e-08 3.3711441101906615e-06 3.512994751428275e-07 0.0 0.0
1.605677241716279e-07 9.369820081386721e-05 4.677697537284881e-06 0.0 0.0 6.710155095473584e-08 2.8222871945304088e-05 1.4955748396445436e-06 3.8512785836672203e-05 6.401588203705721e-07 1.0522288487177225e-06 4.330090191786723e-07 2.8919052428448473e-05 9.624441542390704e-07 0.0 0.0 8.537886020084303e-06 1.2877353961886466e-06 1.717618602115074e-06 4.710041563492834e-07 0.0023010144453293373 0.002164964974532218 0.0031846698990615706 0.0009619435628700546 4.6846459027303295e-06 6.313556247052745e-06 0.0025417941297720507 0.0007353655938608873 3.94691259297306e-06 1.4078004856888009e-05 1.143345350287855e-07 1.238901104100912e-07 3.522382001643808e-07 3.79389590510488e-05 2.7966738487985617e-05 0.0008758036683101922 0.00021381818501114085 0.0002477379043133674 0.00024301593380536522 2.867427776617741e-05 1.8891186137978793e-06 1.845821083881583e-05 9.89411578139161e-06 3.5564780194856134e-07 8.022931860547581e-07 4.438930485010491e-06 9.879640991405405e-08 0.0 3.5452473612833656e-07 7.247006128356582e-06 1.581285841253938e-07 2.8847774744269274e-05 1.0462656449891176e-06 6.655120699463018e-08 2.3065067276974672e-07 5.546790989527872e-08 7.632975745256495e-07 4.135747280838207e-07 0.0009227202290862 1.6688471707973665e-07 0.0 5.87397018318862e-08 0.0 0.0002281201826049923 0.0003695377324202864 0.0005214961228462438 0.00016893139881742446 7.61734369422798e-08 5.629811231281281e-07 8.991192555690816e-05 0.00029019218133345687 1.925495743967291e-06 3.855228507662603e-05 0.0 0.0 6.49270144559579e-08 3.571619826414305e-06 1.0718718693018535e-06 0.00010377389265111891 3.294031461238481e-06 4.9659399900239615e-06 3.7979324109155826e-06 3.073226167473528e-05 2.4858911160654364e-06 6.946287073438549e-06 2.1908010298495716e-06
7.01711396428683e-05 2.728281003077299e-05 0.0025649443639432674 1.1756936297891945e-07 4.784685919862487e-07 4.281693525493372e-06 4.240275585816148e-05 0.00010309624337452561 6.469089697767823e-07 2.4789267330234272e-06 0.00010748157409585015 4.072917418861746e-07 4.532320063600503e-06 0.00020369343396584063 1.4225677380977766e-07 8.537886020084303e-06 0.0 0.0002686352853916949 0.0039035725090802924 6.062976880050745e-07 0.0004347014292570792 4.053101462431846e-06 0.0032974654974253733 4.374058131069168e-06 1.9720962990534744e-06 0.002667151819463768 0.003463714834656519 3.5436761754626104e-05 0.00025633100036730796 0.0008689957088825413 2.3809553893707756e-06 2.211155842812842e-06 2.1369695190129782e-05 0.00228644535587787 1.6871857361476243e-05 0.00036317581856811854 0.000775481854946845 0.0008970869759854971 0.00026137812493578426 8.616433615547082e-06 1.2056831026849403e-06 1.0561528790714119e-06 1.987121739331166e-06 0.0 2.7645957233336376e-05 6.924853333079532e-05 0.0 0.0 0.0 4.532703578705805e-07 5.1186901373878085e-08 5.235891934129792e-07 0.0 7.954773207129699e-08 0.0 5.607429835948263e-07 1.4772228330231744e-07 0.0 2.3635856107541903e-06 2.782993247656157e-05 5.28966510886793e-07 1.5422141004860066e-05 0.0 6.051886741550586e-07 1.6540667642047644e-06 9.862534500682277e-06 1.0823620892136433e-06 8.570168402993096e-07 7.71454985076383e-05 0.0003133137490887883 1.087064519384911e-06 1.3507466573970698e-07 6.139836601393824e-07 1.972955291515169e-07 0.0 0.0 2.141292596651113e-06 1.27481609411092e-06 2.4677413329261223e-05 6.286796225598688e-06 9.254918562712933e-06 4.676333424014828e-06 6.610001543292028e-07 0.0 3.899316480539754e-07 0.0
1.6597027078368062e-06 1.6381358323256152e-05 1.9767960594289488e-05 1.4627225586225791e-07 9.044506206653718e-07 1.241829487171727e-05 7.234839437314326e-06 1.5484613348661576e-05 8.9779463673979e-07 1.1654520323524258e-05 0.0024330257254578202 5.980016227605324e-06 2.299459374408557e-05 1.0255633355998e-05 2.1469405578988167e-07 1.2877353961886466e-06 0.0002686352853916949 0.0 0.00196023983176302 3.7250407530983505e-06 3.1047172901450543e-06 1.964457395913842e-06 2.8297008172534142e-05 3.375972470050229e-06 3.804545858372709e-05 0.0012938179689711954 0.00020089699551778344 5.493086456582724e-06 1.9562489799316584e-05 9.357997909465146e-06 1.772692709668951e-05 1.0941667295547245e-05 5.991587726595298e-07 0.00042437610558291065 9.645012338613231e-06 0.0005085716814901625 0.0010138607374106199 0.0010164735082153573 0.0003142651734468521 5.6376915785306085e-06 4.898262991645293e-07 1.012331526030566e-05 2.803955537345494e-06 0.0 5.677979802443906e-06 1.2131027785945536e-06 0.0 0.0 1.2211752780927297e-07 0.0 0.0 3.64778354322627e-07 0.0 9.418567729214665e-07 0.0 3.381559105326663e-05 0.0 0.0 6.228522049280681e-08 8.078112274515769e-07 9.93579347338762e-06 1.3005268579342761e-05 0.0 0.0 5.063671882684551e-07 3.469301646375901e-07 3.2173707531816934e-07 2.88146629887868e-05 8.69802307454026e-05 0.0002936034480483222 1.624551182025957e-07 0.0 0.0 1.7803367839179105e-05 0.0 0.0 2.621918083590534e-07 2.4691732695345527e-06 2.8182302811588352e-06 3.296343992169125e-06 1.7832266422831466e-06 9.386824729100841e-07 6.682941086987613e-08 0.0 1.306620839634362e-07 0.0
5.81884543513037e-06 2.566691739944767e-05 0.0001321693421758615 9.65991656199308e-08 2.713627807659268e-07 7.118454286648133e-06 7.1502513856690604e-06 1.4424765164702926e-05 9.146654486668873e-07 7.279064920776856e-06 0.00053309468615077 3.3989392410857398e-06 8.251947901947796e-06 1.997118716826574e-05 0.0 1.717618602115074e-06 0.0039035725090802924 0.00196023983176302 0.0 2.5276980799036388e-06 2.3643989504147416e-05 2.914044983170802e-06 0.0004273796376321335 2.778187047730045e-06 1.4794923986214322e-05 0.003188547780911034 0.0009789306243274541 4.542013293700029e-06 4.0884461830000685e-05 7.280119756780529e-05 7.776518144738612e-06 5.462694051884995e-06 2.4772069474213507e-06 0.0018794408436579105 1.0710348333381588e-05 0.0006139965608102283 0.0007404265116870126 0.00131501760553893 0.00037021340211674007 6.604989820537806e-06 4.3234758689287697e-07 1.20212537789674e-06 3.1988988649531087e-06 6.335030720845136e-08 1.6327882780871916e-05 1.5108506736210027e-05 0.0 0.0 0.0 6.044570841286802e-08 0.0 9.163704891258255e-08 0.0 2.647880374931494e-07 0.0 5.579174936998312e-06 0.0 0.0 3.0042848782249114e-07 1.0775424468382212e-05 2.0225595671621936e-06 1.9889709145952015e-05 0.0 1.420408651697042e-07 5.260357168309271e-07 7.552654479323763e-07 2.1179356104932015e-07 1.1299142262064753e-05 9.116214120688141e-05 0.00024102704693749677 2.892527532656781e-07 0.0 0.0 4.075826160985605e-06 0.0 0.0 4.722843348213224e-07 1.872078357417276e-06 9.795714790306085e-06 5.383249023299705e-06 3.6764475752249766e-06 2.9930126728474715e-06 7.631368173158828e-08 0.0 9.031564923335841e-08 0.0
3.930944519985062e-06 8.014408857555102e-08 1.2942147054546976e-06 0.0011645698910449638 1.0786345696545122e-05 0.0001433102388587778 5.596333236605117e-05 9.627795817193132e-05 0.0001281412032255487 0.0018794431860482963 1.9654929047638546e-05 0.0022128499623852945 2.9635347733556826e-06 0.00010711102093945198 9.936186317068895e-05 4.710041563492834e-07 6.062976880050745e-07 3.7250407530983505e-06 2.5276980799036388e-06 0.0 2.0407015247129563e-06 6.136518207814262e-07 1.5298607633050837e-06 0.0008853690507295954 1.7560297098079254e-07 2.255425667742572e-06 1.1168141662290212e-06 0.0016493424282137035 0.0001712647622691088 4.106537464504161e-06 2.3611879000633864e-07 1.0638184715288594e-05 4.436669991141128e-06 0.00010505871715693672 4.8244800705337214e-06 0.0005465223972332294 9.052924562134127e-06 0.0001294391855281326 3.0436755472686133e-05 0.0002773891392680647 3.476221479802466e-06 2.1655799504821697e-06 2.7727468537769026e-06 4.220421672768285e-07 0.0 0.0 7.317387129532415e-06 3.6105636522309575e-07 8.688432384157268e-07 1.835736585743722e-05 1.1220812986619827e-06 1.4165305899014573e-05 1.5853096052501794e-05 3.4122280652084405e-07 7.378709632972925e-06 0.0 0.0 9.595740530696226e-07 2.1746946364617017e-06 0.0 0.0 0.0 2.8587242655034278e-06 2.723463794072683e-07 0.0 0.0 5.943692190947719e-05 0.0 0.0 4.2818073393828756e-08 7.537278293936468e-05 8.60677284282816e-07 5.067190758370096e-06 0.0 1.2508408016272078e-07 9.172877159682502e-08 3.509210380692413e-07 1.1680273178457372e-06 3.733993410985623e-05 0.0 3.6326110835229897e-06 1.0411184844918545e-06 2.6886986157542e-05 3.048061006935812e-07 5.814718782278367e-07 0.0
8.282514269486879e-05 1.6450133869162697e-05 0.0004472655973369816 2.0985436952391967e-07 7.293310641655641e-07 1.573225433990606e-05 0.0005979304552103387 0.00018413359024716287 2.6273129448195514e-05 1.5017256788050817e-05 7.765796772273288e-06 1.3863053290300305e-07 1.0997823673436234e-05 0.0002945130302183665 5.171088276964011e-07 0.0023010144453293373 0.0004347014292570792 3.1047172901450543e-06 2.3643989504147416e-05 2.0407015247129563e-06 0.0 0.00019713168689413556 0.006691219669861045 0.000489918747920906 1.3724526862938466e-06 2.6068396680135285e-05 0.0006721174806897192 0.003415642408994523 6.965926467334058e-05 0.006241333485528865 5.257437044796462e-08 2.340313395914599e-06 9.914676001326892e-06 0.0020134571685859405 0.0001651717516473506 0.0035539969588462357 0.00023179804395844408 0.0025860666666299207 0.0014583457093924179 0.00010243997060852048 6.746355641311949e-06 4.826613700011345e-06 2.6170568960035835e-05 1.1148762393023929e-06 1.1575305432278892e-06 5.468063985987096e-06 1.1808349935541963e-06 0.0 2.3110258224653605e-07 7.604046866216159e-06 2.4787803085876337e-07 3.1661928881907814e-05 1.882749658447672e-06 0.0 1.4427883739894497e-06 0.0 1.1008765457220175e-06 5.816536898289637e-07 0.00035731304658771524 1.218824498940213e-07 0.0 0.0 4.6445684151695775e-07 0.00017445822526016672 6.663014258627653e-05 7.230538406502675e-05 0.000172356059636224 1.7231072946093303e-07 2.873620995546451e-07 2.295663503678518e-05 0.000295225429542079 1.7700571774333855e-06 4.9890585600400486e-05 0.0 0.0 4.394404936215989e-08 1.3599631435777685e-06 8.701750152668016e-06 5.604636508099002e-05 9.536190024685052e-07 5.18890996113006e-06 3.96603231315965e-06 2.0755931554467463e-05 6.271790335546732e-07 2.5197224164673498e-06 0.0
5.810697436729092e-08 0.0019379222945757268 1.8012708404578257e-05 0.0 3.516982062775807e-06 1.8586471088396814e-06 7.231976368020973e-06 9.838139333914898e-07 0.0015231136346679538 8.816319922705068e-07 1.813038165316812e-05 2.1709592551826255e-06 8.197038266853499e-05 1.5601229771664728e-06 3.631461444633781e-05 0.002164964974532218 4.053101462431846e-06 1.964457395913842e-06 2.914044983170802e-06 6.136518207814262e-07 0.00019713168689413556 0.0 0.0005968986113207341 0.0037130754329001035 0.00016651874641299274 3.2589560356042474e-05 0.004168774708440597 0.00018221578732065794 9.119867653364447e-07 8.740681780212043e-06 4.907402129152639e-06 0.0 0.0 1.3747767757358154e-05 1.5569891246791758e-06 3.833253181279076e-05 1.0146590872281705e-05 2.1589133777019e-05 1.1747948008952433e-05 9.24913326603856e-05 7.340392635778146e-08 1.0658745987747075e-05 3.4457108311922087e-07 6.869228857216129e-07 1.4707154661591458e-05 6.788389744369878e-05 0.0 0.0 8.827540369861333e-08 4.736605462172081e-06 1.8520988435946139e-07 7.177344475341183e-05 1.0497634348646985e-06 1.1277821452732494e-07 6.073068928078918e-07 6.745560640689993e-07 1.028430132710406e-06 3.518093440875702e-07 0.001041579883879145 1.2744964216069907e-06 3.111158044857853e-07 5.032064885848627e-07 0.0 0.0001310617386323164 0.00010019505663137756 0.0006273319912494014 0.0001620614609405209 2.517120783333531e-06 4.847918042068288e-06 0.0007629693561302743 0.00019976118925176973 1.0851421407394608e-06 2.5344192248337224e-05 3.351870336738728e-07 0.0 1.2203142905497422e-07 1.5129426388891381e-06 1.7151239100513446e-06 5.9466836680716886e-05 3.509155303881288e-06 1.0761279577655229e-05 1.6860282210073664e-05 8.422072387552995e-06 4.3207489698246404e-07 7.496183664055575e-07 2.5700699266605027e-07
0.00012796087730412156 1.7406920919340578e-05 0.008435071595876543 2.4018185946044456e-07 5.902152159560924e-07 9.073182173794255e-06 0.00022299671167943727 0.00018434999742191995 6.67095256887952e-06 8.221031870884524e-06 2.339167828090879e-05 5.128100205363797e-07 2.4477074338943346e-05 0.00036354848006790985 1.951664671533103e-07 0.0031846698990615706 0.0032974654974253733 2.8297008172534142e-05 0.0004273796376321335 1.5298607633050837e-06 0.006691219669861045 0.0005968986113207341 0.0 0.00017313707013156662 8.164673903383801e-07 0.0006027982039284525 0.005867712734453713 0.0007672041748594777 0.00027269727010674895 0.0032286677912358387 8.959224885859463e-07 3.6473687391196678e-06 2.3404816578504337e-05 0.002313248618998782 0.00022064988877312444 0.0048172359861115895 0.0017200431496340346 0.00463476232942045 0.0031404838111418944 0.0002138314903850127 1.1332988663032751e-05 2.4234595217993337e-05 4.4441350516155614e-05 0.0 4.4382450803305785e-06 2.8370807714086717e-05 0.0 3.785190761401406e-07 0.0 2.599921495452867e-06 9.059118252734619e-08 5.473904134829581e-06 3.88582038396549e-07 6.19250886828153e-08 0.0 0.0 1.8619707650352532e-07 1.1838339856152804e-06 0.0006159327017974224 1.3272503100980605e-06 8.41175993016987e-08 3.273853428972527e-07 0.0 8.8160726080294e-05 0.00022239838615562154 0.00041642226281807325 4.8430342103086625e-05 2.2607736520231244e-07 2.707821213884828e-06 0.00023648131507343395 9.444100525110245e-05 6.671466227693254e-08 7.699188169381898e-06 0.0 0.0 9.892152664599998e-08 1.3610366033511221e-06 1.2164075608498155e-05 6.0623697343982125e-05 4.1565103510566715e-06 7.083111150559335e-06 7.245132291452824e-06 9.674780718799404e-06 2.5898903680959864e-06 5.38171645526214e-06 2.3420903378465891e-07
6.098590895552961e-06 0.0007164783865433782 1.1590310976726211e-05 0.0004134307694271216 1.2013143058738627e-05 9.373250214835257e-05 0.0005779524967931115 7.92511756042582e-05 0.005847834194395316 0.0007901207646991713 1.8177732076052992e-05 0.0007449124713161278 3.5511326618002744e-05 7.767592190700258e-05 0.00018372834162168626 0.0009619435628700546 4.374058131069168e-06 3.375972470050229e-06 2.778187047730045e-06 0.0008853690507295954 0.000489918747920906 0.0037130754329001035 0.00017313707013156662 0.0 4.7969136395774775e-05 1.3212713903914828e-05 0.0006308828353124815 0.005683021918659274 0.00022570962735304003 0.00015488188162813434 1.4380569562295546e-06 4.648644908221832e-06 2.814545362869028e-05 0.00019778756139792866 3.2888654381901525e-05 0.002010116571840925 3.681286338176742e-05 0.0003543199213930683 0.00012735786150127928 0.0007610045570570526 9.811377136722576e-06 4.221043757181101e-06 1.4031463836127252e-05 9.11556793899226e-06 1.8617292031057996e-06 2.3863596914972733e-06 0.00011268067354195103 1.7646179613842627e-06 1.3247770502343926e-05 0.000248940615082676 2.123255738254836e-05 0.0005740124872599578 0.00019075220413224508 9.525813402659868e-07 7.753559511121287e-05 3.9704377904043085e-07 1.1455759968770654e-05 2.722957048137082e-05 0.0002892661451035455 3.5579145958362474e-07 4.580161535686905e-08 2.229025585659562e-07 5.684741076391986e-05 0.00012331078284366601 6.477593407774374e-05 3.422427896717994e-05 0.0017066429280815731 3.2451691476841625e-07 1.0407401534560532e-06 1.6503044442227114e-05 0.001802738160410302 2.33800533310204e-05 0.0001628555878778933 1.0157807164327715e-07 9.735345558700339e-07 4.037600104937319e-06 1.776602459874827e-05 9.069096129486675e-06 0.0005036176039825205 9.124375201795721e-07 6.88732948398733e-05 2.3105702173753888e-05 0.0002909022667948754 1.2161691125039232e-05 1.3075733731319505e-07 9.483896980336008e-07
