0.0 7.507070139037191e-08 3.489561901833345e-05 1.6340325829265805e-06 7.672933061285177e-08 1.1563464354867682e-05 0.0006369498201267906 0.0002812138774672827 5.258696236423776e-06 4.311437424554563e-05 6.1327534690002e-06 2.316512211504056e-06 7.401683932939829e-07 0.002886637351410426 1.955724404817157e-07 1.6466045662047396e-06 0.0001415589122868396 8.660076939945871e-06 3.75836269507775e-05 1.916315790356611e-06 4.4934666725555164e-05 2.6052486197922618e-05 4.1189244640449976e-05 2.26680813845475e-05 0.0 4.5596146488882475e-05 3.177595911416546e-05 5.3259976442992074e-05 0.003021438139641337 0.0014321070617462966 4.438459641123533e-07 1.0423813876190297e-05 0.00012381617257232357 0.00015682655136814734 1.4681661271802427e-06 5.0840910077602276e-05 5.700225975378897e-06 7.166879005902405e-05 1.5776774934187315e-05 2.8557759072015843e-06 1.1181519102494527e-06 0.0 9.161845639877698e-08 1.2259582102169967e-07 0.0 3.136757496152409e-07 1.4865579606166647e-07 0.0 7.250161875136234e-08 3.673195845640596e-06 0.0 4.225382912340546e-06 1.7200394702081322e-07 3.338248104685215e-07 0.0 0.0 5.021067436034257e-07 0.0 4.239854703091632e-06 6.731393777950002e-08 0.0 0.0 0.0 6.287584040689736e-06 4.010090654609352e-06 8.714455653364896e-07 1.2167443257446094e-05 7.020473440121077e-08 4.865186136989434e-07 2.6579667707574987e-07 2.1558718057650438e-05 2.70569799696934e-06 8.557364322249453e-06 0.0 0.0 6.589122733107538e-07 9.940879588857371e-07 0.0 7.074047543688368e-06 0.0 3.808983719443198e-06 1.8775408442710687e-06 6.651840035466319e-07 1.8787204721172906e-07 0.0 0.0
7.507070139037191e-08 0.0 6.749286016340086e-05 0.0 6.760006620608903e-08 8.067054880633611e-08 7.655703179709232e-07 1.84612722001156e-07 0.0003488073666310409 8.335889550868762e-08 1.840351465109705e-05 2.759837315875067e-07 0.0004210637526889235 4.116317264217223e-07 7.744665456132238e-07 2.6525710274647492e-05 7.158139444743256e-06 3.167054021046737e-06 9.685481445320308e-06 0.0 2.248229598278102e-06 0.0013511566819124343 1.1474010671601248e-06 0.0007109524641107202 0.0017133749362072486 0.00020985755795038756 0.003039101491500924 1.2928779514300677e-05 3.629606533533402e-07 5.197437971594548e-07 1.7247712220190525e-05 2.1900526374450347e-07 3.6613116968888503e-07 8.292791208164694e-06 0.0 2.1245251561637675e-05 0.000142851735340786 4.308735864606935e-05 8.472367858357619e-06 2.4827474761408093e-06 1.684038175930571e-07 5.2789476464158396e-05 1.8808603621164162e-07 6.45030525820412e-08 8.075802098696823e-05 3.129044310938872e-06 6.196246854157318e-07 0.0 0.0 8.668603161045672e-07 0.0 3.1374400729012274e-07 0.0 4.898507196321676e-07 0.0 7.412032976266629e-06 1.2822351172515303e-07 0.0 2.224868935676956e-06 7.83840279690172e-07 2.207908827356748e-06 9.047698141606329e-06 0.0 4.2154297694738533e-07 3.951936561286529e-05 1.714044486790841e-06 2.4439931407133177e-06 3.17414970194143e-06 0.0002290220391575802 0.001280833407025103 1.5507367637610581e-06 8.217603994762576e-08 2.5060385729931635e-07 1.806754059450336e-06 0.0 0.0 2.0384735467696095e-06 0.0 6.7860723800536234e-06 5.09053440188638e-05 6.355632245372422e-06 2.2963114732373886e-06 1.0555030142103172e-07 0.0 1.9621261355152136e-06 0.0
3.489561901833345e-05 6.749286016340086e-05 0.0 1.1489843717110205e-06 9.057120733093176e-08 8.416118548284967e-06 0.0005589865985829355 0.0001360676271398814 3.6287230740057193e-06 7.252781267656815e-06 2.007749553514642e-06 7.121225199817158e-07 1.3345455025070299e-06 0.00019773695111165973 0.0 2.441049256676474e-06 0.001898483516393367 8.291106914362237e-06 0.00010913479944626952 3.377522259340712e-07 0.0003728246976066342 1.935502564090624e-05 0.004122769029171241 1.1211141149656089e-05 2.641707157250464e-07 0.004604476196809257 0.004311053733516174 0.000469163066617756 2.4391640856162487e-05 0.0004899779191810887 0.0 1.2196087217824248e-06 3.901046160759211e-06 0.0002489833676005388 5.211444058305118e-06 0.001156906648113526 0.0028770840958857024 0.0006045314271324303 0.0003121100714537015 6.387492091440489e-05 7.325414942415072e-07 1.0501462451495624e-05 2.1289860649013635e-06 4.916290121353512e-07 0.0002332898685373899 0.00024488737012205497 0.0 0.0 0.0 5.6369493270263e-06 1.0958367427079563e-06 3.724017787185554e-07 1.481132936429224e-07 7.00280807186131e-08 0.0 2.9534762107697905e-07 2.050542053249637e-06 0.0 1.5666884694109202e-05 1.1944710399266603e-05 3.1022191636261263e-07 5.699962373004297e-06 0.0 6.9586669181973015e-06 6.080676508684339e-05 2.6004678623513822e-05 9.183564733428092e-06 5.610224561645081e-07 0.00042988720340538455 0.002715633096884595 8.289099271484702e-06 6.146347486947514e-07 2.9301710054059898e-06 1.494440422485593e-07 0.0 4.807243474277813e-07 6.069231454861851e-06 3.4462803999024786e-07 2.0127590557086454e-05 0.000486229587391748 1.9263303838174674e-05 8.333416161480774e-06 2.8152410835754195e-07 3.8155877174399057e-07 0.0 0.0
1.6340325829265805e-06 0.0 1.1489843717110205e-06 0.0 1.893430833464992e-06 3.11042623252953e-05 0.0001381623332168535 1.0385544462447603e-05 0.0006406465721071423 0.0027931812561083225 1.2526530385430735e-06 0.0006610491936763232 2.7162739953663226e-07 1.1241468044798866e-05 3.908925374527732e-05 2.1270881345994353e-06 1.1179531169912476e-06 5.861485938433275e-07 1.5886328285775983e-07 0.00233072277038652 1.113917624042473e-06 7.746667658611472e-08 1.349742887801165e-06 0.0017277794183972485 2.2263113504750814e-06 2.447484627807752e-06 4.7798216838768734e-06 0.0029716376754071318 3.9293211958793356e-05 1.2499329073435334e-06 1.486126763395986e-07 1.5176775443012328e-06 2.073788289112708e-06 1.8281519656451855e-05 2.1643932812746305e-07 0.00016295609495967894 4.258351038042996e-06 6.784324120162925e-05 1.9646204668267226e-05 0.00011621915101515663 4.283054914174852e-06 9.5424060454457e-07 1.4413615523026095e-06 8.764559555767726e-07 0.0 1.9439990086716258e-07 0.00013841796118218116 0.0 8.88704809349393e-06 0.00018026524957308934 1.1157902324967811e-05 0.00012649560225375404 0.0001518760734610872 2.1446095977412502e-07 6.557279558611319e-05 0.0 7.806312558671862e-06 1.2201934282715006e-05 3.079355178386982e-07 0.0 0.0 0.0 5.211360903452152e-05 8.649787876904187e-07 8.908847242866347e-07 4.1737938194239734e-07 0.0002933135163611613 0.0 1.4360488950615369e-07 6.694533529295586e-07 0.00033621577497673454 6.555574922560782e-06 4.4919382383075044e-06 0.0 6.10996048074656e-07 4.704394336984643e-07 3.399482633069389e-06 2.6968521981244234e-07 7.308790618366069e-06 0.0 8.77723658842295e-06 2.49074187600979e-06 3.838884748615874e-05 8.736388825102056e-07 0.0 0.0
7.672933061285177e-08 6.760006620608903e-08 9.057120733093176e-08 1.893430833464992e-06 0.0 0.00037047974569813746 6.159209760705608e-07 2.807302536338851e-05 4.630358097390258e-05 1.0314394755069046e-05 1.770603449385474e-06 0.00010390912603682072 2.8340953253856257e-06 3.140466607672944e-07 0.000782666208728783 0.0 0.0 4.853606412711028e-07 4.04484949951712e-08 3.0435566525532703e-06 0.0 0.0 4.4685707380472896e-08 1.1882707139629339e-05 6.75535106665137e-08 4.751174160271417e-08 2.3740215534983928e-07 1.517565997024555e-06 4.341075050536621e-06 0.0 4.9819561960383215e-08 0.00013238298383831895 0.0 1.776970386166953e-05 0.0 1.2590322907554643e-05 6.251934066184547e-07 2.591260319913957e-05 3.371269457953574e-06 0.0011089459186228324 3.2650598486348256e-05 0.0 0.0 0.0 0.0 0.0 2.1164696153064272e-07 0.0 0.0 6.357554493957477e-07 0.0 0.0 6.003577292992998e-07 0.0 1.2845656802578423e-06 0.0 0.0 0.0 0.0 0.0 0.0 0.0 1.419178648870673e-07 0.0 0.0 0.0 7.142745648754106e-07 0.0 0.0 0.0 3.599352440348242e-07 0.0 0.0 0.0 0.0 0.0 0.0 0.0 8.265541505928647e-08 0.0 0.0 0.0 1.4334206518071023e-06 0.0 0.0 0.0
1.1563464354867682e-05 8.067054880633611e-08 8.416118548284967e-06 3.11042623252953e-05 0.00037047974569813746 0.0 0.0006628354270672614 0.0037134987424773318 6.755458032696472e-05 0.0022246280941960826 5.113070211767353e-05 0.0019983153261073057 1.59821951283992e-05 0.00040552384060140616 0.0010110143208527133 9.939001313640025e-07 7.728167505613216e-06 1.6831658133714483e-05 5.824883588441572e-06 6.015306256188126e-05 9.3544344572071e-06 1.115290664206502e-06 5.941104349882577e-06 1.579587604521887e-05 4.576985432533241e-08 3.0143865073413384e-05 1.2440708628830228e-05 0.0001760615929869286 0.00025569197539777395 1.5318319755117567e-05 4.951996818700022e-06 0.0003642577419641046 4.587232951487338e-06 9.859081486712068e-05 1.7276582192806368e-06 0.00027476897464775616 2.0074090614514605e-05 0.00024155688417890894 3.947520002200235e-05 0.0019726489237292303 0.00021691671596482567 4.056738235021533e-06 1.2123402774509151e-06 0.0 1.5458103960344544e-07 2.742929398854425e-07 8.385999709092591e-06 0.0 1.5719457127339786e-07 1.2064743669524853e-05 1.022437156700104e-06 4.0801791318184135e-06 1.2740269674883537e-05 0.0 1.1776418141691204e-05 5.17946771169219e-08 1.0761363724403891e-06 3.7991726554873747e-06 2.0522136273074236e-07 0.0 0.0 0.0 5.8678711058578105e-06 3.9975691680804684e-07 2.0332174212551646e-07 1.236396682479832e-07 2.5058278074610975e-05 0.0 8.593161357388549e-08 3.751128383405975e-07 2.290593027686618e-05 7.288691149652511e-07 1.5707532249923148e-06 5.535986228454068e-08 0.0 0.0 5.464411736814579e-07 2.0932957269727005e-07 3.3040247079404687e-06 1.0802390315867908e-07 1.665634918082412e-06 2.0749606078836144e-07 1.7244053630901226e-05 1.744490684219899e-07 2.151415523277152e-06 0.0
0.0006369498201267906 7.655703179709232e-07 0.0005589865985829355 0.0001381623332168535 6.159209760705608e-07 0.0006628354270672614 0.0 0.003011855966811258 0.00012448278929902987 0.0037902218517101758 6.669870012340211e-06 2.1867838486594907e-05 8.028730561762688e-06 0.0034078851788941506 3.970413490027116e-06 6.771565671373755e-05 0.00015447659107399115 9.78026187310429e-06 4.007931655264275e-05 1.7755756315513373e-05 0.0008147096380986626 3.577422693386405e-05 0.000512418203783867 0.0010847121178596767 5.266315749955059e-08 0.000643675876623433 0.00036050081206905705 0.008881911756716368 0.0011552306272287578 0.00321393949136445 8.335753052506967e-07 1.1458946966788912e-05 0.000212484640641728 0.00040855256820189245 2.9078030744949425e-05 0.001773535621582575 9.771228710084593e-05 0.0008718377303622104 0.00045433184818504085 0.0001257105332170002 3.7662212170706486e-05 3.1882918325855175e-06 7.798607094491981e-06 2.347134238699029e-06 4.0821503737171446e-07 7.940590409791415e-06 1.9298026643098058e-05 0.0 4.4000952561186585e-06 0.00020094546308277697 1.4531429348608394e-05 6.727879981824933e-05 3.864608911354477e-05 2.2936922718315e-06 3.805987788504558e-06 2.741649779800051e-07 1.610197060616956e-05 2.3351691932206064e-06 1.6104197126336203e-05 1.5034891808890543e-06 5.113410786222204e-07 6.281682597297911e-07 7.73660291325719e-06 1.839498465866728e-05 9.706688703989927e-06 5.348997415679381e-06 0.0003422602896998161 2.846801594342113e-07 3.479949593762186e-06 3.310059899341283e-05 0.00047055194867802745 2.4737406041325868e-05 2.7301360049557184e-05 1.2587146318018812e-07 2.4305935840911353e-07 1.5941698247410384e-06 9.124910181220514e-06 9.717433639282848e-07 3.937706683091016e-05 1.0002908071387317e-06 2.7401647302864834e-05 1.0251786371098147e-05 2.3277386628179116e-05 5.06641614577184e-06 3.3690394849814557e-06 0.0
0.0002812138774672827 1.84612722001156e-07 0.0001360676271398814 1.0385544462447603e-05 2.807302536338851e-05 0.0037134987424773318 0.003011855966811258 0.0 5.049904341560963e-06 0.0009084086491173705 7.927073681599445e-05 0.0002597711928446968 2.8168934136575698e-05 0.00321160802924844 9.853303782440332e-05 3.6421060121434684e-06 0.00021303154200897628 2.4669851422194128e-05 6.58055889808767e-05 5.968570738808623e-05 0.00017510416988528068 7.139779612400677e-06 0.00010291162755551917 3.80664178766076e-05 4.145213253913476e-07 0.00019484189943594525 6.699190799038375e-05 0.00011514096312415188 0.0005472065559722985 0.000673143397081423 6.395780760372649e-06 0.00022835401376268387 5.097610737514649e-05 0.00027465937718689604 5.999661374138064e-06 0.000612344326376231 4.50976060983698e-05 0.00039923875882965824 0.0001328161339538859 0.0005912741136863209 0.0001539608365412593 3.666491864929723e-06 4.58887790539168e-06 5.126785035011843e-08 0.0 1.3002713754283824e-07 1.7317392952075417e-06 0.0 7.095806733101664e-07 1.692469164153413e-05 1.6202242617018585e-06 6.7287351517061415e-06 4.110738783424102e-06 5.643615229196046e-08 9.683349395270645e-07 6.656137482956324e-08 1.652342912316297e-06 5.72431132791354e-07 1.2953823939830123e-06 0.0 0.0 1.6455423677207928e-07 2.128092531505785e-07 2.4833183569681863e-06 1.7709356152184663e-06 3.387237298780042e-07 3.659927787819797e-05 0.0 7.957121758665051e-07 3.0693099012495764e-06 4.940202844231622e-05 2.849302814276609e-06 5.114035072989205e-06 0.0 0.0 6.292994548654383e-07 7.602210898713138e-07 9.139755329391739e-08 8.173800434588886e-06 4.33242640561053e-07 3.7026984376241217e-06 3.151303872598261e-06 1.1352368971580274e-06 4.6446818247923414e-07 0.0 0.0
5.258696236423776e-06 0.0003488073666310409 3.6287230740057193e-06 0.0006406465721071423 4.630358097390258e-05 6.755458032696472e-05 0.00012448278929902987 5.049904341560963e-06 0.0 0.0002352497705777716 1.9263172045481364e-07 0.0003804055446260621 2.84890254366049e-06 4.840132780033266e-06 0.0004052100107326543 0.00018162019862052984 1.3755735379487354e-06 4.5025991765687e-07 1.483460777112888e-06 0.0003603485580122447 4.199036524750145e-05 0.0010578291689141224 5.84059503276682e-05 0.0045040608109095095 4.527651853581255e-05 2.2724358631341493e-05 0.00031562644453108935 0.0008049117286946703 1.841753744547891e-05 2.3432814080788466e-05 5.193866420184107e-07 9.779928229317657e-07 7.635807333085159e-07 4.384420958968925e-06 3.495805691950288e-07 6.67420524193122e-05 3.679032038228734e-06 2.1692633835610806e-05 3.3531479456350107e-06 0.00015497930377858589 9.240522548143112e-07 3.302611966883907e-07 0.0 2.7926213429158208e-06 3.879406091011489e-06 3.278089394892215e-06 7.728279023160939e-05 0.0 4.9816185430901005e-06 0.00011432739002297624 7.4707507746971006e-06 3.476603426034441e-05 7.942297061040229e-05 7.771647708217833e-07 4.9558960477210314e-05 0.0 1.113550704214639e-05 7.96496575551647e-06 0.0005422662005824412 1.1103076543314478e-06 5.662753454701269e-08 3.5189461989173785e-07 3.422883673533785e-05 0.0001609677474166648 5.6846958173564394e-05 0.0001464630439928668 0.0010851719694331262 5.606268614879142e-07 5.206309651616091e-06 1.694162909639255e-05 0.0005736757768373592 3.512761348147514e-05 3.2190101939027886e-05 1.0739934033711858e-07 2.1675302378698245e-07 6.094228386266222e-06 8.269688503684168e-06 1.558461967965381e-06 3.695057668316519e-05 2.078827066255611e-06 3.1222360614482855e-05 1.3943611839325029e-05 3.206572071603636e-05 1.8087173594717625e-06 1.411928012181696e-07 5.4945593578799484e-08
4.311437424554563e-05 8.335889550868762e-08 7.252781267656815e-06 0.0027931812561083225 1.0314394755069046e-05 0.0022246280941960826 0.0037902218517101758 0.0009084086491173705 0.0002352497705777716 0.0 6.616711342004196e-05 0.0023199070325057207 1.7917730336153738e-05 0.0005086641645198084 6.142820892933098e-05 5.3277262142799785e-06 5.493383509857684e-06 3.1345084711687486e-05 9.78153880381196e-06 0.002680530493606378 9.158425608444034e-06 1.6588281134189153e-06 9.05850269618994e-06 0.00034002704645373947 0.0 4.514974236539765e-05 2.6878508446591788e-05 0.0036954063206373956 0.0009792081157953426 1.4305003475012632e-05 7.326257766711715e-06 5.765768330055087e-05 1.3719837189463965e-05 0.00032263087662342545 4.8377618408625e-06 0.000892347673322415 4.255506254619828e-05 0.0008859083999178712 0.00016051734409078825 0.000435374881525798 4.603584009978087e-05 2.5677088811036903e-06 8.075722365221582e-06 3.5168886835985667e-06 1.0406611744467995e-07 1.5896838744573743e-07 9.667337301199625e-05 0.0 6.794044270858585e-06 0.0001991156258932378 1.3231282053333652e-05 7.853770279795037e-05 0.00011606465303399944 2.54342999308844e-07 6.112907347022034e-05 4.209922650907651e-07 1.186069708032709e-05 1.325776275250904e-05 1.4120047341140464e-06 6.630645330908627e-08 0.0 0.0 4.2355760294351114e-05 1.2732094582441415e-06 1.5542673146990437e-06 8.386764749708577e-07 0.00030462970943607916 2.6642900340089944e-07 1.677655921943378e-07 1.424845611520345e-06 0.00032891148480788696 8.353499703969792e-06 9.318768365362673e-06 0.0 8.779898251266963e-08 2.5574200558936267e-07 5.880431274000852e-06 6.894384628569345e-07 1.3182197870988678e-05 5.587047827825903e-08 8.091463259471854e-06 1.6880192818842894e-06 2.401562887414828e-05 5.816900111839125e-07 1.6146098513461743e-06 0.0
6.1327534690002e-06 1.840351465109705e-05 2.007749553514642e-06 1.2526530385430735e-06 1.770603449385474e-06 5.113070211767353e-05 6.669870012340211e-06 7.927073681599445e-05 1.9263172045481364e-07 6.616711342004196e-05 0.0 3.844967209900521e-05 0.002002870085690812 0.00018208628117856226 6.244219487957237e-07 1.4102010148625107e-07 4.499281242002421e-05 0.0010888387504121187 0.00016772052734088548 1.4201610493250864e-05 5.590789394868554e-06 8.961275609593235e-07 1.231240169766443e-05 5.242077187140344e-06 0.00013408448241836995 0.0013190038468928959 0.0001593030094720425 8.085315431015907e-06 0.0004448410089570323 7.543676188159976e-06 0.0006087098201439646 0.00016046195707747606 2.099373191245136e-06 0.0034908103190949857 4.400807383446237e-06 0.0003673198513049622 0.0021643381601145996 0.0022915155253508024 0.0007154274440117034 6.162303689313784e-05 9.786048629417354e-05 0.0006336494212850568 8.215119091776e-06 0.0 1.6416916019887094e-06 0.0 0.0 0.0 1.4329553002670235e-07 6.548982361716791e-07 2.0620453316502503e-07 3.1145667018070876e-07 1.52270186892624e-07 5.53923410037335e-05 6.788014266735278e-08 0.00040572314772030754 1.5068362914492914e-07 0.0 1.593050041276148e-07 0.0 1.4519741427930956e-07 2.108718427997641e-07 0.0 5.671885764202164e-08 9.122513386355078e-08 7.670432431682737e-08 2.852403900767145e-06 2.2745681081207972e-05 1.314997448952166e-05 3.993784721270866e-05 3.605644284343966e-06 3.002908153906829e-07 2.8585201952985066e-07 2.7340927662949545e-05 2.1041038150546603e-07 9.46339574821325e-08 1.926824762706743e-06 1.8762051479183415e-06 1.634107902926473e-05 9.860779611272609e-05 1.023443688145241e-05 1.0739285645258381e-06 1.0987955889018816e-07 9.219363603268251e-07 6.850106345015657e-05 0.0
2.316512211504056e-06 2.759837315875067e-07 7.121225199817158e-07 0.0006610491936763232 0.00010390912603682072 0.0019983153261073057 2.1867838486594907e-05 0.0002597711928446968 0.0003804055446260621 0.0023199070325057207 3.844967209900521e-05 0.0 1.3746080023043613e-05 0.00018526716796227966 0.001052616130351945 6.427757546549373e-08 1.2671548088192332e-06 1.594055127894195e-05 3.7478563681796886e-06 0.0033621192653750533 2.8894766562208466e-07 1.3336587727945747e-06 4.944029102689383e-07 0.00010162169562096592 1.5589082929758763e-07 1.733994687708123e-05 7.995503611553e-06 0.000424011684929967 0.00018637642108394991 2.4440273247616705e-06 4.541922880893986e-06 6.0670700368541354e-05 0.0 6.600737772408586e-05 1.5851523327015934e-07 0.0004521616171695195 1.2882578161218152e-05 0.00020292310133975916 1.5597923067361733e-05 0.0015352175541940552 1.5443342511915515e-05 4.6082651830727635e-06 5.560243482285903e-07 0.0 0.0 0.0 5.360675510088629e-05 0.0 3.0064877024054865e-06 3.1663336103836005e-05 1.9321472814660506e-06 5.4658402635202066e-05 7.706363506174553e-05 1.4686391318020876e-07 0.00011145648404107591 4.964006279233442e-08 9.435446965412773e-07 1.7723588879687922e-05 7.209346571584449e-08 1.4003065399600294e-07 0.0 0.0 3.455535179946589e-05 3.701533185849918e-07 0.0 0.0 8.397956375253408e-05 0.0 1.32435590404634e-07 0.0 6.122926516193373e-05 1.386231346175935e-06 5.725258662219111e-07 0.0 6.609288051450831e-08 0.0 1.4314823495877138e-06 0.0 9.727640157764485e-06 6.863198787543695e-08 7.818577068135553e-07 1.123398199727622e-06 8.241382130001142e-05 0.0 3.569282496788697e-07 0.0
7.401683932939829e-07 0.0004210637526889235 1.3345455025070299e-06 2.7162739953663226e-07 2.8340953253856257e-06 1.59821951283992e-05 8.028730561762688e-06 2.8168934136575698e-05 2.84890254366049e-06 1.7917730336153738e-05 0.002002870085690812 1.3746080023043613e-05 0.0 3.180721444874101e-05 3.0903564834250597e-06 1.5473427154318562e-06 5.947451366567103e-07 8.903362774364333e-05 1.920064263010222e-06 2.781281607729764e-06 6.827097931004297e-06 1.679066677105915e-05 5.074628976995633e-06 9.333131420346589e-06 0.0032763307073336084 0.0003900936991671321 0.0015058395391689442 1.2232881315312418e-05 5.2853059900436055e-05 2.3673767716258833e-06 0.00016495410213161193 5.261596806226264e-05 4.04060505450238e-08 0.000615121161847115 0.00012734701996317647 0.0016100725960000062 0.0029295371861565514 0.001960297697102617 0.0005837019133199793 0.00024475533416521745 7.557745182183385e-05 0.0011041472127006325 1.2216743666956408e-05 8.118862252013243e-08 3.058733372827841e-05 0.0 0.0 0.0 8.966640241537219e-08 6.256484804349642e-08 6.512696349014389e-07 1.3096784653900072e-07 5.1734887946502144e-08 0.0002620107650407488 2.5876478601908124e-07 0.002048029753780488 3.621238725280359e-07 8.81667721247133e-08 0.0 2.626447285945221e-07 5.200292295038566e-06 2.131595995121073e-06 1.2666084586246407e-06 0.0 2.3574877795916374e-06 1.1590933792285448e-07 6.934609769944576e-07 0.00028619355242064684 0.00013398770087109002 0.00038711261217051654 1.1271338846846763e-06 1.379939875915614e-06 0.0 0.0001888907780769121 1.3845499063529207e-06 0.0 1.22049834114906e-05 3.839012745771354e-05 0.00025483484056021806 0.0003964128479953107 3.8139748279096056e-05 2.5930716272682624e-06 2.2765430899217484e-05 3.964998195701121e-06 0.0003809670224873086 0.0
0.002886637351410426 4.116317264217223e-07 0.00019773695111165973 1.1241468044798866e-05 3.140466607672944e-07 0.00040552384060140616 0.0034078851788941506 0.00321160802924844 4.840132780033266e-06 0.0005086641645198084 0.00018208628117856226 0.00018526716796227966 3.180721444874101e-05 0.0 1.997039600704802e-06 2.3915273197533007e-06 0.0004250612821263825 8.229326052346748e-05 0.00012300871286498292 6.137013237166443e-05 0.000244129462055108 8.626629150336221e-06 0.00015108687234626492 3.1016835048122415e-05 4.3822978700749407e-07 0.0003120092732361467 0.00011966504624250387 0.00010000551738475601 0.0022241435997312005 0.0018985045307599753 1.6514563875212644e-05 0.00012413212434081135 4.334857448229213e-05 0.0005580794164808783 4.600951707872241e-06 0.0005058867739138244 6.17462290089943e-05 0.0005713793768206838 0.00012076909178603908 0.00016776121941368226 5.1941498500712094e-05 2.9018223554537477e-06 1.9686524729940714e-06 3.434289694091077e-07 1.5845127355240678e-07 5.664083952734307e-07 6.151920518848345e-07 0.0 7.858873219237265e-08 8.399225924686879e-06 3.4312768346374984e-07 3.858580505374715e-06 1.0126863873068924e-06 1.1202261289925624e-07 4.777507047095102e-07 2.452945891588259e-07 4.2370154097565876e-07 2.5781802081060035e-07 2.3138233424215403e-06 0.0 0.0 1.3715913447647544e-07 2.1652387726830093e-07 6.726740636284613e-06 1.1791487726465643e-06 5.205672976369893e-07 2.28523202607243e-05 4.816297129464447e-08 1.0512863870011076e-06 2.8106367738379677e-06 3.074614786068374e-05 3.837082340411142e-06 6.096686821991115e-06 1.528648678699543e-07 0.0 5.828351237163112e-07 9.202329040910067e-07 0.0 6.73134212177158e-06 6.444131021944388e-07 2.888918240318542e-06 1.6148531700812e-06 5.357753174021239e-07 1.4029316064635421e-07 2.0128552123066272e-07 0.0
1.955724404817157e-07 7.744665456132238e-07 0.0 3.908925374527732e-05 0.000782666208728783 0.0010110143208527133 3.970413490027116e-06 9.853303782440332e-05 0.0004052100107326543 6.142820892933098e-05 6.244219487957237e-07 0.001052616130351945 3.0903564834250597e-06 1.997039600704802e-06 0.0 0.0 7.900627108288607e-08 8.052892857073326e-08 1.279685817106896e-07 4.749953378636285e-05 0.0 4.205507264416182e-06 0.0 0.0003344730581511569 8.087868544960439e-08 5.339564831017512e-07 2.9147750561912835e-06 2.3216889670858844e-05 1.3305199390283818e-06 6.367113456396315e-08 1.1106342948262733e-07 0.00016073713501854774 0.0 5.516123848136493e-07 0.0 0.00021860143100105217 5.86924982425176e-07 1.7728474204472142e-06 6.399708279889532e-08 0.0005938073395265028 1.0997652815032102e-05 0.0 0.0 0.0 0.0 0.0 6.37238290472846e-06 0.0 8.874118050465177e-07 2.731996572334875e-06 0.0 5.007080439558168e-06 1.2152318317362147e-05 0.0 2.3586356390792448e-05 0.0 1.0521986836126905e-06 6.105042003933337e-06 0.0 0.0 0.0 0.0 7.352267185544503e-06 1.8108139386341266e-07 5.809891468823297e-07 0.0 7.70749078558246e-06 0.0 0.0 7.564251655625595e-08 8.35121075300296e-06 0.0 0.0 0.0 0.0 0.0 2.0368887939940294e-06 0.0 8.285446143828668e-07 0.0 0.0 0.0 1.7915183076689344e-05 0.0 2.9942998214402936e-06 0.0
1.6466045662047396e-06 2.6525710274647492e-05 2.441049256676474e-06 2.1270881345994353e-06 0.0 9.939001313640025e-07 6.771565671373755e-05 3.6421060121434684e-06 0.00018162019862052984 5.3277262142799785e-06 1.4102010148625107e-07 6.427757546549373e-08 1.5473427154318562e-06 2.3915273197533007e-06 0.0 0.0 5.274270657034175e-06 5.770695458842872e-08 1.3587161134303744e-06 2.425663037323213e-07 0.002048056283056772 0.001769799575503688 0.002168515526619381 0.001121686077731495 7.689022922473579e-07 9.704126667112655e-06 0.0022707448222524995 0.0009112512713900917 1.0623732995307322e-05 4.075330259401625e-05 4.777371313192089e-08 5.2980599007081815e-08 2.973781811545823e-06 1.7092173606780876e-05 8.571132607069178e-06 0.000759996121485095 0.0002960453766432371 0.00011891827524847394 0.0002212464104665714 4.5046756610826876e-05 2.2950643436810768e-07 1.719065566713035e-06 1.3172190103295305e-06 7.790034895443683e-07 2.479193337402531e-06 3.070646741742275e-05 0.0 0.0 2.6038651736454687e-07 5.021163413833825e-06 4.5666557682364633e-07 2.8822144706832315e-05 3.918169294160804e-07 7.145507468439004e-08 0.0 0.0 9.88661945148879e-07 0.0 0.001660840566559881 1.9041641022675588e-06 0.0 8.642313890842257e-07 0.0 0.0004733361655611388 0.0006743865647536724 0.000983851139216003 0.00010070419053937915 8.947383524921419e-08 2.3794343391254982e-05 0.0003292768183752629 0.00017526822169001494 1.9275119975577146e-05 5.833651237939718e-05 0.0 7.252703275873496e-08 8.789509749011814e-06 9.490324666558102e-06 2.0822106669815148e-06 3.575019277458557e-05 3.499724303398912e-06 2.0093619818214798e-05 1.2378044146326012e-05 2.3105045762939906e-06 4.768015441968584e-07 6.244395738175479e-08 0.0
0.0001415589122868396 7.158139444743256e-06 0.001898483516393367 1.1179531169912476e-06 0.0 7.728167505613216e-06 0.00015447659107399115 0.00021303154200897628 1.3755735379487354e-06 5.493383509857684e-06 4.499281242002421e-05 1.2671548088192332e-06 5.947451366567103e-07 0.0004250612821263825 7.900627108288607e-08 5.274270657034175e-06 0.0 7.606461371910042e-05 0.002284929428957105 2.583171062177517e-07 0.0007416374501940134 7.263428530599876e-06 0.001996992110890425 8.747978296229883e-06 2.6661952351632995e-07 0.0009651778083678231 0.003906853508075246 0.00016203775466016037 0.00017110823956817525 0.0015847750377751292 0.0 3.1993877393973634e-06 3.191058757156253e-05 0.0010277192583369552 3.077877704659903e-06 0.00023962990002654707 0.00051287390826188 0.00041188129387252745 0.00011819752216726325 1.064306185559679e-05 7.674203124604826e-07 4.257123223811806e-06 1.337127122269997e-06 0.0 5.480741017998242e-06 1.3393652622100593e-06 0.0 0.0 0.0 7.007455131832423e-07 0.0 5.354566570075411e-07 2.0971459660776256e-07 0.0 0.0 5.659981357292804e-07 9.405486296988536e-08 0.0 1.1970112990721479e-06 4.608407491321266e-07 6.962139289575296e-08 2.4334452234354437e-06 0.0 2.291754768046835e-06 1.082359207043433e-06 4.941540449607798e-07 3.270325521814708e-06 7.739926830987501e-08 6.316010238189808e-05 7.971376988012439e-05 5.1247809808435665e-06 1.0071482444552857e-06 2.3799558601236834e-06 6.254137491202108e-07 0.0 1.0913168037376274e-07 3.1503480867762006e-07 0.0 2.4856843016749373e-06 4.012042703921064e-05 1.6797939177835326e-06 6.297546560917437e-07 1.039080570983586e-07 0.0 6.266422343763278e-08 0.0
8.660076939945871e-06 3.167054021046737e-06 8.291106914362237e-06 5.861485938433275e-07 4.853606412711028e-07 1.6831658133714483e-05 9.78026187310429e-06 2.4669851422194128e-05 4.5025991765687e-07 3.1345084711687486e-05 0.0010888387504121187 1.594055127894195e-05 8.903362774364333e-05 8.229326052346748e-05 8.052892857073326e-08 5.770695458842872e-08 7.606461371910042e-05 0.0 0.0005166476792729921 6.1469801827610685e-06 6.505285214204988e-06 1.4743104051498685e-06 1.6708097854510583e-05 1.961156657387042e-06 4.912313619140434e-06 0.0026980582716321262 0.0003076503312295706 5.67761294496857e-06 0.0001739468542655577 3.155564073957811e-05 0.00011029734974206775 2.9719457034499647e-05 1.5596948106365327e-06 0.0009769668756606591 4.185489219056457e-06 0.0004909994580562548 0.000979479381788498 0.0010542420682422581 0.0002778352785272112 2.231769303724381e-05 2.1426743830859253e-06 1.115814720659634e-05 1.716298727082164e-06 0.0 1.1014467149557346e-06 0.0 0.0 0.0 6.332685630633369e-08 6.748012347323205e-07 6.21614686283474e-08 0.0 4.688939995860283e-08 1.7225914854555256e-05 0.0 0.00011869710826093822 0.0 0.0 4.961985984563128e-08 0.0 6.222455372031819e-06 3.8561098850263025e-06 7.407754202805768e-08 5.789938585080403e-08 0.0 0.0 1.7548451594510132e-06 1.0575198433341706e-05 5.859962262091755e-05 0.0001534765987158063 2.035121539426201e-06 9.169501269839245e-08 0.0 5.328797891628072e-05 1.7941802074951647e-07 0.0 1.6210185301251237e-07 2.7308230813938427e-06 3.320625006748876e-06 4.1837048253228276e-05 8.504510980146941e-07 1.0426902603930592e-07 3.2662503577023527e-07 0.0 4.795220109088622e-07 0.0
3.75836269507775e-05 9.685481445320308e-06 0.00010913479944626952 1.5886328285775983e-07 4.04484949951712e-08 5.824883588441572e-06 4.007931655264275e-05 6.58055889808767e-05 1.483460777112888e-06 9.78153880381196e-06 0.00016772052734088548 3.7478563681796886e-06 1.920064263010222e-06 0.00012300871286498292 1.279685817106896e-07 1.3587161134303744e-06 0.002284929428957105 0.0005166476792729921 0.0 1.3787576361685681e-06 4.479274875874026e-05 3.7028928182563805e-06 0.00019812179408750053 4.710071564616906e-06 7.182907000291316e-07 0.002606341125303917 0.0011047539926778542 2.3166369015259245e-05 9.78713706497596e-05 0.0001928919583274158 2.3588151645786507e-06 4.858758699241473e-06 1.2130016222065751e-05 0.0010227243290588585 3.2483047643365624e-06 0.00047487643413217856 0.0009276544290801114 0.0006298057271873923 0.00015134865882973048 1.0500670867172071e-05 2.14887018133019e-07 5.072089648791057e-06 1.23759789354555e-06 0.0 6.103195508966189e-06 5.844529520750167e-07 0.0 0.0 0.0 5.671840873483927e-07 0.0 5.86154756230476e-08 0.0 3.959404489437339e-06 0.0 2.3278729429751484e-05 5.084439624746121e-07 0.0 7.140844057544034e-07 1.5405709994262662e-06 9.432531701863174e-06 1.4929980645971767e-05 0.0 5.487099386895618e-07 6.193721889283779e-08 3.8910489298559983e-07 1.2661947760039626e-06 8.431897461618461e-07 0.00014342915909015106 0.00020928678247392343 1.3055095616435058e-06 3.332440426409494e-07 3.5891203719554455e-07 2.0958766243221232e-05 5.303025909869413e-08 0.0 1.3163585695050501e-06 2.403683394986339e-06 3.893733428782501e-06 0.00011841102379922296 2.3117398270102923e-06 1.1064274059724958e-06 2.3247206725718353e-07 1.8200975260331846e-07 7.79750671553907e-08 0.0
1.916315790356611e-06 0.0 3.377522259340712e-07 0.00233072277038652 3.0435566525532703e-06 6.015306256188126e-05 1.7755756315513373e-05 5.968570738808623e-05 0.0003603485580122447 0.002680530493606378 1.4201610493250864e-05 0.0033621192653750533 2.781281607729764e-06 6.137013237166443e-05 4.749953378636285e-05 2.425663037323213e-07 2.583171062177517e-07 6.1469801827610685e-06 1.3787576361685681e-06 0.0 2.4092920251842624e-07 0.0 4.6082410941272723e-07 0.0004612245751314672 0.0 5.452420049947747e-06 3.26089038470992e-06 0.0009410906305052297 0.00010459110744637767 9.286386379934211e-07 1.642779486287594e-06 1.0557151234910346e-05 5.853840543725364e-07 4.397982595716503e-05 1.3396273696430483e-07 0.00015252325105432523 7.4971824168539165e-06 0.00015474272029063525 1.9207954911897654e-05 0.00025391963318265113 5.612571594491064e-06 2.0110269241993675e-07 1.0392494484216148e-06 4.6140223561052234e-07 5.9225059299554074e-08 0.0 7.134569420666004e-05 0.0 5.6894788953544084e-06 7.668279188712258e-05 7.358201020753545e-06 7.119686476378696e-05 8.647531124091679e-05 1.967310711935039e-07 5.609804847444645e-05 0.0 4.952714624257523e-06 1.4931074034373853e-05 1.7041748270696897e-07 0.0 0.0 0.0 3.693658826819337e-05 3.0699300811741436e-07 2.062908320670658e-07 0.0 0.00011946310603028184 0.0 6.116654676385073e-08 2.1812086138432801e-07 0.00015387155183735877 3.1182549605909583e-06 5.240780363516474e-07 0.0 1.2924003804411233e-07 0.0 9.413702105354569e-07 0.0 2.7512980352711433e-06 0.0 3.95815553792094e-06 1.8707011551391417e-06 2.7416571942007985e-05 3.042808570181171e-07 0.0 0.0
4.4934666725555164e-05 2.248229598278102e-06 0.0003728246976066342 1.113917624042473e-06 0.0 9.3544344572071e-06 0.0008147096380986626 0.00017510416988528068 4.199036524750145e-05 9.158425608444034e-06 5.590789394868554e-06 2.8894766562208466e-07 6.827097931004297e-06 0.000244129462055108 0.0 0.002048056283056772 0.0007416374501940134 6.505285214204988e-06 4.479274875874026e-05 2.4092920251842624e-07 0.0 0.00014418991141941512 0.005963612771363011 0.0002655251864124066 0.0 0.000124489770226168 0.000583903115001317 0.0035089552674135624 7.41116679732962e-05 0.005554415831203793 3.135204073445744e-07 1.005382871305449e-06 2.6481257824875127e-05 0.0016510817023041757 4.5869245832561024e-05 0.0038881498457154413 0.00045983425579950636 0.002368786723580076 0.0017021034906207213 0.00019930443032533895 4.683073590162444e-06 2.5084738838400233e-06 6.984823491097845e-06 1.887524705639654e-06 1.4717447455873866e-07 2.7449390790146073e-05 4.026126799827628e-07 0.0 3.55895869334255e-07 7.522214882850477e-06 2.1155778741419839e-07 9.24645564437534e-06 7.715051342353992e-07 1.6482689798319722e-07 0.0 5.693255784639593e-08 1.3975280210978294e-06 0.0 0.0004892845213611303 3.717863312185229e-06 1.528469158296528e-07 8.959718407062617e-07 1.779205436844153e-07 0.0005774915174677897 0.0001560433740950613 0.0002581711613878783 8.136077964345736e-05 6.397084912183304e-08 2.995152798174207e-05 1.99113663434121e-05 0.00018729752626098851 3.441153695135638e-05 0.00011453251979505141 0.0 0.0 1.9496313528055404e-05 1.6127127976236453e-05 3.957827241098762e-06 5.930770106053022e-05 4.651292651954131e-06 2.7405829249127484e-05 1.6332279577856717e-05 2.1332403629403517e-06 3.185906971771007e-07 6.207592144410491e-07 3.6221534851480046e-07
2.6052486197922618e-05 0.0013511566819124343 1.935502564090624e-05 7.746667658611472e-08 0.0 1.115290664206502e-06 3.577422693386405e-05 7.139779612400677e-06 0.0010578291689141224 1.6588281134189153e-06 8.961275609593235e-07 1.3336587727945747e-06 1.679066677105915e-05 8.626629150336221e-06 4.205507264416182e-06 0.001769799575503688 7.263428530599876e-06 1.4743104051498685e-06 3.7028928182563805e-06 0.0 0.00014418991141941512 0.0 0.0002906951230943758 0.0028037354544513237 0.000224577985733747 5.792292278485839e-05 0.0030658367083969216 0.00011875328705818261 0.00012483807003811447 0.00012300864867168055 1.8771242142371018e-06 0.0 1.8363882954824127e-05 1.7069932986711206e-05 2.5475864658858134e-06 0.0003266428646010167 1.9772708330362765e-05 5.678083354677564e-05 3.0179957174776282e-05 4.0744416266115126e-05 2.938370590257958e-07 9.844206046861764e-07 1.6990160214046668e-06 4.242381825437721e-07 8.91472856400434e-06 6.287869267904364e-05 7.367076501834013e-07 0.0 4.778930384399724e-08 3.589738623745095e-06 2.880024505661256e-07 4.9234496005802155e-06 4.3166144251879e-07 0.0 0.0 4.741731777796212e-07 6.304502158988072e-08 0.0 0.0007056524739558449 1.086212321362762e-06 1.8497172458424677e-07 5.096081397595334e-07 0.0 6.327318907894631e-05 2.0507053306024188e-05 0.0002952820645577311 3.113895792822717e-05 5.7870442592073314e-08 8.422809010816453e-06 0.0008283051527330996 3.4782489787648244e-05 5.027315158017515e-06 1.0423533706295185e-05 1.8345011610372264e-07 0.0 1.0119128187285355e-06 1.7410640826877373e-06 0.0 1.1320954073222803e-05 4.485273584753762e-06 5.099158730652844e-06 5.616310090957624e-06 5.87276293703562e-07 0.0 2.455249154922213e-06 0.0
4.1189244640449976e-05 1.1474010671601248e-06 0.004122769029171241 1.349742887801165e-06 4.4685707380472896e-08 5.941104349882577e-06 0.000512418203783867 0.00010291162755551917 5.84059503276682e-05 9.05850269618994e-06 1.231240169766443e-05 4.944029102689383e-07 5.074628976995633e-06 0.00015108687234626492 0.0 0.002168515526619381 0.001996992110890425 1.6708097854510583e-05 0.00019812179408750053 4.6082410941272723e-07 0.005963612771363011 0.0002906951230943758 0.0 5.6907143176492366e-05 2.0681280452062943e-07 0.0016415144270386587 0.005593796485966767 0.0023627017105022994 6.285587451036726e-05 0.0023800296625539853 7.212378372627748e-07 1.1338921589567546e-06 1.09930248920124e-05 0.0018271181291425024 9.894779845512111e-05 0.00801313882572353 0.0060142917961162985 0.00422684701247712 0.005176311918747768 0.0005187264638565746 4.03402802491256e-06 1.2679588962908024e-05 1.9529043915571912e-05 3.668273538039502e-07 3.954641533268503e-06 0.0001835795172429602 3.438021866784746e-07 0.0 3.777050585986188e-07 3.3857265923310895e-06 0.0 4.425520921487647e-07 6.310888362678948e-08 5.30539241942626e-07 0.0 1.0622777243461204e-06 6.883166026123642e-07 0.0 0.0010803339097591234 1.5424715968399305e-06 7.894195461770376e-08 5.949393516562337e-07 7.737492454479152e-08 0.0002137608907942192 0.0003399337513990899 0.0006589861664738187 3.087519619370132e-05 0.0 1.823789707339985e-05 0.0008788825996610334 4.809420632491762e-05 3.3989151370956003e-06 1.5639531352497836e-05 5.307332785684349e-08 0.0 2.3474700866751353e-06 3.171447051365945e-06 5.731954471715047e-06 1.7729241844247972e-05 1.2572263622180603e-05 1.112472534488024e-05 1.0403341767798451e-05 6.139844363533545e-07 1.248488670585321e-06 2.98281282601165e-07 0.0
