0.0 0.0 1.8557865758295206e-05 7.1345012092583074e-06 2.1007021888117457e-07 2.2858515984873607e-06 0.0008952481201379491 9.00788123012373e-05 1.5640272963233626e-05 1.847680394060248e-05 1.5526638465511878e-05 2.79537543640479e-07 1.4100758736245553e-07 0.0023463690926205172 0.0 1.1559926101958693e-06 0.0001480278931802615 6.479984232549733e-06 5.860684093172003e-05 2.8024847700444827e-06 1.7611132333029837e-05 0.0 3.560221853308607e-05 7.231879028210294e-05 0.0 2.620804483099045e-05 4.4840920799712475e-06 0.00011306479624556742 0.002377818474187128 0.001403152078873313 4.747263878964e-07 4.1603958045265004e-07 2.933296992725463e-05 5.566058683796206e-05 6.206842780349879e-07 3.561083530132128e-06 3.151305040335632e-07 2.2983370266233157e-05 2.8038513748706452e-06 1.2977681629196542e-06 6.39279853972783e-08 0.0 0.0 2.999768995094783e-07 7.598505719562939e-08 1.6713353239863243e-07 3.124565591243805e-07 0.0 0.0 4.345451546219531e-06 9.021933637158631e-08 3.1161626068037686e-06 4.208634730636367e-07 4.75302119043027e-08 2.6329499914000173e-07 2.384778208614664e-07 4.6332440432206986e-07 0.0 2.0543037069319443e-06 0.0 0.0 3.305943593351404e-07 8.716110306574872e-08 2.1389242489750796e-06 1.1868254129682566e-07 4.2430271341449997e-07 1.9830114173622164e-05 0.0 1.238263147389991e-07 8.002432903813524e-07 1.7680252734680186e-05 2.5351456510857377e-06 3.344926169596437e-06 0.0 0.0 4.331839667434543e-08 4.990857360983909e-07 0.0 4.505435373483529e-06 0.0 7.422408723408714e-07 6.918908584284126e-07 6.696140407586748e-07 3.80077899400506e-07 0.0 0.0
0.0 0.0 9.488390176531929e-06 8.774155039105256e-07 3.0605936914429415e-06 5.74361195908929e-07 3.0974660732554427e-06 3.957684532994256e-07 0.0003534966438597062 3.4093213875353835e-07 7.135305606454516e-05 1.3700670427685192e-06 0.00028529758958002505 1.6200941309779114e-07 1.5916591918737666e-05 2.632211269471583e-05 3.998613551996881e-06 1.3866280176476518e-06 1.1015983810133411e-05 4.3140079330890526e-08 5.341013987202402e-06 0.0010354111928354637 2.0519078243033193e-06 0.0007838799432637258 0.0013266746268451456 3.405439099155476e-05 0.0031664585792190976 1.0245201619034937e-05 1.057345866073466e-06 1.0836215236269383e-06 1.2858312544897133e-05 1.783541448664492e-07 2.2911386236489015e-07 1.3950197201485925e-05 0.0 8.621841096130235e-06 5.17073685404417e-05 1.627266299444144e-05 8.289289560009396e-06 4.229056453826099e-05 1.6267631894325915e-07 5.140964412917404e-05 0.0 0.0 3.521705025184268e-05 3.417544822256839e-05 0.0 0.0 0.0 2.8427112774793025e-07 5.636926283921791e-08 2.011191848583803e-06 0.0 3.859234557873745e-06 7.237594405633226e-08 1.4208410242956991e-05 9.017823455511232e-08 0.0 5.892553936215532e-06 3.471518619260232e-05 3.874134635523916e-06 5.110824564351597e-05 6.782712110604263e-08 3.294304781789919e-07 2.1762646038413144e-05 1.5661260872097713e-06 1.2454668497812546e-05 1.0200808776718981e-05 0.00019263754283272352 0.0013207835810840377 2.033311820363138e-06 3.3365356413845837e-07 3.4742402120446105e-07 3.463256937090598e-06 0.0 0.0 3.978067657502106e-06 0.0 2.264127243240859e-05 1.4273018691005483e-05 1.8662226425991165e-05 8.329531380418489e-06 5.45428727129108e-07 0.0 1.2486630754723727e-06 1.0410064945251713e-07
1.8557865758295206e-05 9.488390176531929e-06 0.0 1.5116530427465213e-05 8.36085949404783e-08 6.6726541910467546e-06 0.0014787709195363526 0.00023268183098598306 1.4271728229841972e-06 0.0003616122969990904 9.251886910711789e-06 3.187356870239628e-07 5.905201624132395e-06 0.0003292204296217871 0.0 4.192430546698985e-06 0.0018353713510102124 1.0001236610562545e-05 0.00016481571667836635 3.822306026224358e-06 0.0003323880213384248 5.034826487730992e-06 0.008392756621992124 2.0015047635712765e-05 1.8523357668458995e-07 0.0028077674440997943 0.00533309979168499 0.001047526080089543 3.1957130876062055e-05 0.0005107538172382814 9.804566300586062e-06 9.095000777894288e-08 2.8010614820768733e-07 0.000181032105783167 1.1609398578502055e-05 0.0009090492901218967 0.0006396447032891146 0.0008668094770128341 0.00042053404473905705 2.2355562744480916e-05 2.2185018087411994e-06 4.826744193870449e-07 3.2501011165287657e-06 2.603865068849521e-06 7.627016557077572e-05 0.0012128604693368693 8.588458119265759e-07 6.968589470814921e-08 4.863745271924335e-07 1.570648854325892e-05 1.2824714687056768e-05 5.968743612520315e-06 4.05109407686785e-06 5.913276826681314e-07 0.0 5.614073809836003e-07 2.7027489544878112e-05 2.4533240136643997e-07 3.178184567814848e-05 0.0003141931496521802 2.0806535923278624e-06 4.120674724090755e-05 1.4617133424932871e-07 9.462509065845008e-06 7.367682882053398e-05 0.00015217709661028713 6.148944453169145e-05 9.989471925537317e-07 0.00020665001210894526 0.003413488302872674 2.259718266673489e-05 5.781168706527146e-06 1.1008147300439187e-05 4.837119005685808e-07 1.70061095896526e-07 8.974605405015433e-08 1.5376285843472644e-05 6.303584839122122e-07 6.868586428231757e-05 1.427743702418058e-05 4.834697965008972e-05 3.442987956742995e-05 1.049599396532072e-06 9.53932330293376e-08 8.596320047546158e-07 2.049916437898308e-06
7.1345012092583074e-06 8.774155039105256e-07 1.5116530427465213e-05 0.0 7.069123929653178e-06 9.957665220318849e-06 0.00010890013782940074 3.0164511218240277e-05 0.0009036224417880738 0.0021889921570408476 4.534201617685734e-06 0.000490827509256563 1.2694084224760663e-06 6.697166238611265e-05 4.31581961555875e-05 3.441877762711588e-07 2.3709697816226664e-06 9.121970702874359e-08 7.394694108244707e-07 0.0040184143487679265 2.1460432228589996e-06 1.0514750354663103e-06 3.1246924633797806e-06 0.0010697329019466854 2.2952358293509386e-07 6.946664963649253e-06 8.255038764147475e-06 0.0031332812405816188 0.00015522607047852843 1.7475804639654371e-06 3.260519598174915e-07 1.1667575835517388e-06 2.0707420455399893e-06 2.0330902360546287e-05 2.3280884704965007e-06 0.00016112210048368112 4.604075789284932e-06 9.585968215000284e-05 3.0268638685778834e-05 0.000176461706441113 7.88519517628687e-06 3.6585203760481534e-07 1.56534189851989e-06 1.1295836978359125e-06 0.0 1.2222254563809263e-06 0.0002528386711586413 2.257563276695952e-06 1.0930102797665415e-05 9.407007614869871e-05 5.636834440044615e-06 0.00012369592682497598 0.00017830571174614547 4.5039141884621366e-07 0.00012138723396878283 6.210619663630968e-08 7.0806177129457075e-06 1.0716754661364616e-05 2.752851089459435e-07 1.2708124571299746e-07 0.0 0.0 0.00028976592653548336 7.666306121091428e-07 7.307697120316241e-07 1.6418740786391428e-06 0.00032029185977640567 5.1678115508065014e-08 4.138193452478312e-07 1.497734193176932e-06 0.00020623168842582055 6.411521779266333e-06 1.6418744115298876e-06 0.0 2.3822587012332496e-07 1.3123401020100558e-07 2.4116458681991365e-06 3.324778925356172e-07 9.547300854020745e-05 3.3781726646523065e-07 5.883501784251156e-06 1.8302617747515066e-06 0.0001366256190874224 1.0685916355704403e-06 0.0 8.750678768525476e-07
2.1007021888117457e-07 3.0605936914429415e-06 8.36085949404783e-08 7.069123929653178e-06 0.0 0.00015549639177544835 2.3930255088850613e-07 6.251933117094554e-06 0.00010300213908460423 3.808618744288784e-06 1.2669974894492384e-05 0.00019847517961968852 1.914007097092434e-05 1.4843197084131935e-06 0.0007590637942561991 0.0 0.0 0.0 0.0 9.354581487403795e-06 0.0 3.9338594370726965e-06 7.011697463554207e-08 2.9317405392883756e-05 8.506507619157666e-07 2.2293869828307674e-07 2.4340811860224687e-06 2.9942819467544758e-06 3.6219293854236602e-06 2.13916329849843e-07 1.425549178947077e-07 7.652939800183539e-05 0.0 8.255094468997752e-05 1.3207682163044947e-07 2.2093715745351076e-05 3.3781387301773827e-06 9.59161492113874e-05 2.9647159787345006e-05 0.0010510226883381152 9.283586702972237e-05 2.9178962147851115e-06 2.747610913574986e-07 0.0 6.979662503983685e-08 0.0 5.7743384881897584e-08 0.0 0.0 6.315571283733028e-08 0.0 8.454282835903121e-07 0.0 1.372189238252093e-07 2.1130901064548023e-07 1.1648558466624617e-06 0.0 0.0 2.67225419785107e-07 0.0 0.0 0.0 0.0 1.0304506309066687e-07 2.8920866518304547e-07 0.0 1.3674156630962653e-06 0.0 0.0 6.525908640643372e-08 0.0 8.78151110932703e-08 6.285824438507705e-08 0.0 0.0 0.0 0.0 0.0 3.128402123111444e-07 0.0 8.456787057485019e-07 8.076472425209001e-07 2.3928444910503585e-07 1.5648850161629157e-07 3.2484718065552916e-07 0.0
2.2858515984873607e-06 5.74361195908929e-07 6.6726541910467546e-06 9.957665220318849e-06 0.00015549639177544835 0.0 0.000139136726762352 0.0031306246132536296 5.874246149082371e-05 0.003745527941997853 5.295236017747491e-05 0.003442110492834052 2.7369631938506686e-05 0.00029939522912319626 0.00023524376933509246 1.284545762909467e-07 4.4923341660855866e-06 2.1599507459908325e-06 2.8770582210201767e-06 0.00015001020493261147 7.202680314771363e-07 1.0333469230555984e-06 1.5663880688292394e-06 3.3828065523975286e-05 1.851599956013062e-06 5.395169710016991e-06 6.1628199359064605e-06 1.8388208204109034e-05 0.00020231452383326226 9.839166587571256e-06 2.372484614545149e-06 0.00030169236048000506 1.0238995448558019e-07 7.186258592506758e-05 3.2246780594307463e-05 0.0003677184128044492 1.498640750126883e-05 0.00022331123570097327 6.783311841814864e-05 0.001163410725178956 8.554939821973761e-05 5.34244119512838e-06 4.139533921984148e-06 0.0 7.257531164414165e-08 0.0 2.683466104206852e-06 2.3632959196289691e-07 1.3121657182123432e-06 2.3109250109247466e-06 1.292720812300822e-07 9.809014196497418e-07 3.4497994143091143e-06 1.8962845804638482e-07 1.724582688164724e-05 6.710965017546295e-07 6.4957472445352e-07 7.257302726632525e-07 0.0 0.0 0.0 9.136380795919493e-08 5.18882157992091e-06 1.1326419413322832e-07 7.280670468035748e-08 0.0 5.558390709552794e-06 0.0 1.9984529961586336e-07 5.533223785387667e-07 7.151853638677355e-06 1.7578729226866952e-07 3.878427594571389e-07 1.1825854039303045e-07 4.9867437824921704e-08 0.0 1.4473430604637778e-07 6.080852601037829e-07 3.582414057284339e-05 4.4458268255353276e-07 1.2675579813331176e-06 2.0769108880944917e-06 2.2831477243224122e-05 2.4916279853320684e-07 7.59937551552379e-07 0.0
0.0008952481201379491 3.0974660732554427e-06 0.0014787709195363526 0.00010890013782940074 2.3930255088850613e-07 0.000139136726762352 0.0 0.0013928113078982662 0.00015284372164542758 0.006673806279313876 2.9447639952972418e-05 7.443757771175301e-06 7.140240942055134e-06 0.005000160007143357 9.803575305219272e-07 2.141957026329458e-05 0.0003175855392245465 6.079828489835606e-06 5.1801256951048825e-05 5.362123547932091e-05 0.0002957979901254394 6.7074156277241255e-06 0.0003494158624333416 0.0004742497929417992 6.009982946840477e-07 0.000351801855200633 0.00045583470244789733 0.011304552845159516 0.0005752579076796364 0.0015179663393368411 4.123233322017112e-06 7.580112405324327e-06 9.299800456499485e-06 0.00011261671939229323 1.0150530609461091e-05 0.0008915813504371112 4.184353304345038e-05 0.0006090572391852716 0.0002239906974584179 8.242502090198802e-05 4.5656292051840005e-05 3.1536827430533675e-06 9.632237308361828e-06 4.253560184556937e-06 2.668391544250482e-06 2.3145203488412043e-05 3.279971861311585e-05 2.90011753914816e-07 6.122603527289852e-06 0.00017923808223675565 8.967293422436306e-06 7.493206871315308e-05 4.534502669808762e-05 7.518477765412526e-07 9.931975966796907e-06 1.4437001147548872e-07 1.3215728135748352e-05 9.376712220385989e-07 3.295660184502828e-05 4.7540700204687345e-06 4.5029213248309634e-07 3.453036090641647e-06 4.852138560202148e-05 1.3166882624954749e-05 1.1787152120527645e-05 3.961816656897337e-05 0.0004100789253651021 5.577405758400886e-08 6.579793183184027e-06 0.00011646427090829542 0.0005307173726745702 4.592029496692714e-05 3.007744889540784e-05 6.786343337200191e-08 2.1862372089061399e-07 1.7934700442140916e-06 1.3091038628513891e-05 1.3282240178759975e-06 0.000164539154766968 1.5571890984589408e-06 3.5531329459129644e-05 1.3343542009451046e-05 7.838386022041081e-05 8.593069654756193e-06 2.2435870829590083e-07 3.41282070787203e-06
9.00788123012373e-05 3.957684532994256e-07 0.00023268183098598306 3.0164511218240277e-05 6.251933117094554e-06 0.0031306246132536296 0.0013928113078982662 0.0 1.6227675989701487e-05 0.004180136125922478 8.614853374273378e-05 0.0005976903549656932 4.771400124128381e-05 0.00485567593235931 1.798128328774709e-05 7.091590698858224e-07 0.000438940257125108 1.1188953307928932e-05 0.00011761690072412218 0.00015573707018077013 2.2990228032978115e-05 1.930582110110157e-07 6.468160889457761e-05 6.438299205417527e-05 2.810652828730193e-06 0.00018526207177908984 2.161245991609592e-05 0.00016609682838790628 0.00017686399678118938 0.0007720123326967741 1.6416657773507277e-06 0.00014546450011558075 1.4219741837122977e-06 9.766828926290282e-05 5.2250271985554035e-06 0.00032218082388897325 2.2426783615398466e-05 0.00023972062986975847 9.411882228141437e-05 0.00045324505529902145 6.510560107867341e-05 1.2013982977401216e-05 4.049911835768061e-06 2.4294407331961966e-07 8.032405707124125e-08 7.669716892489904e-07 2.239114067383781e-06 1.9327591476455462e-07 3.8408683130876536e-07 6.416137954846129e-06 2.497452384473986e-07 4.0950876608941565e-06 2.5440557198452003e-06 5.690931828851405e-07 4.0962229440178335e-06 6.359878702207598e-07 6.698043727405487e-07 3.0522943311362407e-07 5.347465518539454e-07 0.0 6.541273246947117e-08 1.2851487333508299e-06 3.7568259343316905e-06 1.120914438165167e-07 1.0192857266859735e-06 3.6356618555794457e-07 1.6097081921195608e-05 1.5566111186013632e-07 1.0517066459005636e-06 5.382492778667236e-06 1.5208195107514686e-05 1.3202563424345534e-06 2.3033844037375333e-06 9.474679996468682e-08 1.0841723015550679e-07 0.0 8.578052022514062e-07 1.6726153908061655e-07 1.1167639597533976e-05 5.365850225174513e-07 2.198028915828064e-06 4.067411195688895e-06 5.610715645365766e-06 1.7735436526020655e-07 6.509017424557825e-07 1.3762760496104598e-07
1.5640272963233626e-05 0.0003534966438597062 1.4271728229841972e-06 0.0009036224417880738 0.00010300213908460423 5.874246149082371e-05 0.00015284372164542758 1.6227675989701487e-05 0.0 7.849323520101759e-05 3.404969547588179e-06 0.00032478203530566163 1.9937541023239706e-05 3.21315637174136e-05 0.000568024795790552 4.29978472049226e-05 2.864039947576715e-06 1.580163818178718e-07 7.842977116001664e-07 0.00038837628685778244 1.9077330522307176e-05 0.0008422550619132987 4.778546410339191e-06 0.004291821126804273 7.878366962087636e-05 1.8166824241478868e-06 0.000270111928614726 0.0006023352151805081 0.00012349262107851008 3.7967575600112195e-05 1.0261501954048113e-06 4.209629598405699e-06 1.6087500557867793e-05 1.5916000894997833e-05 2.5338968556148605e-06 0.0001264233860274604 1.6319988301901665e-05 6.349968262451294e-05 3.0146319136457016e-05 0.0007984775443547676 5.844203790628392e-06 1.4121112797353253e-06 1.3160168667011628e-06 4.800198032015067e-06 1.574207879636707e-06 6.422463622909967e-07 0.00013273388964065176 2.927972518713848e-06 7.3503394532527856e-06 7.841649433236969e-05 4.908762420260931e-06 6.373706646448103e-05 8.21741752150556e-05 7.288878840470046e-07 8.424209698642608e-05 1.1427468636745562e-06 1.3972056995370135e-05 7.55369508917148e-06 3.0240568981492088e-05 3.0561785207299237e-07 0.0 8.029244807595056e-07 0.00011825548459865885 7.288648581979836e-06 2.4581694239255212e-05 2.328800010876553e-06 0.0009187482080484641 1.2679968807961734e-07 1.7259997921772179e-06 8.19556438136004e-06 0.00034970869854103595 4.076540200237337e-05 1.990181017134762e-05 8.107530893938051e-07 2.8991693440200145e-07 1.7380910328327518e-06 9.65605053231243e-06 3.6080622915331227e-07 5.186193208434086e-05 1.1309325609441044e-06 1.544582904014705e-05 7.095358801296702e-06 6.111891133008103e-05 3.1408599546046384e-06 9.665952904223749e-08 5.464226845441575e-07
1.847680394060248e-05 3.4093213875353835e-07 0.0003616122969990904 0.0021889921570408476 3.808618744288784e-06 0.003745527941997853 0.006673806279313876 0.004180136125922478 7.849323520101759e-05 0.0 0.00012774641932750548 0.0024581694957144296 3.010327423670444e-05 0.0016136143007990458 4.987936893493835e-06 1.2643088861376896e-06 6.698436806495602e-05 1.1187571875877238e-05 1.6004332282271307e-05 0.003993177075864869 3.067540986436294e-05 6.19159719947169e-07 3.482405689468309e-05 0.0003466133197199264 4.054876028240687e-06 0.00012639346064409671 6.464364780717098e-05 0.005687743228630837 0.0012897338105761524 4.141601407213466e-05 6.537907741896274e-06 4.10765958933146e-05 3.2121601893932696e-06 0.00027463076867307733 2.3008211898394072e-05 0.0010321817209380214 4.532853981517716e-05 0.001014040178593698 0.0002239708535863453 7.865014097778588e-05 6.435406428662802e-05 9.521081165252356e-06 1.4031219598800126e-05 7.399977933578883e-07 5.310985618312145e-07 6.669151123990804e-06 7.981955694869974e-05 1.4682085708358813e-06 4.673317573770816e-06 8.060952047097028e-05 4.722177307151657e-06 3.306518108427759e-05 7.160989139350907e-05 1.3922797517950905e-06 5.421192079155022e-05 1.9374310484566874e-06 3.562062738449067e-06 2.7491677994303576e-06 3.441410696615292e-06 1.4816112243907952e-06 7.168097008611007e-07 8.229971812508017e-07 0.00010198956451686166 3.737506348198283e-07 6.671189634817297e-08 4.528717905046565e-06 0.0001573999229832063 4.514065827604572e-07 3.0219641254519114e-06 2.0784660826610676e-05 0.00013498718049562107 5.143894594023541e-06 2.847352970153757e-06 8.623322786042527e-08 5.84252198582254e-08 3.80716849217083e-07 6.354117586275676e-07 2.0174199083256276e-06 7.779051984632996e-05 1.8035493203816224e-06 8.967139698245844e-06 8.361632248959675e-06 6.425468957838318e-05 6.956431893186335e-07 2.510654131670606e-06 6.589112772099876e-07
1.5526638465511878e-05 7.135305606454516e-05 9.251886910711789e-06 4.534201617685734e-06 1.2669974894492384e-05 5.295236017747491e-05 2.9447639952972418e-05 8.614853374273378e-05 3.404969547588179e-06 0.00012774641932750548 0.0 8.658530070767725e-05 0.0011131804094710444 0.00014178269900150332 9.842296816992808e-07 2.973358509995898e-06 0.00011732953016953714 0.0011811488531368408 0.0007125502699580323 3.0926040663525764e-05 2.5147746618042807e-05 9.240205815231999e-06 2.4151276645555347e-05 1.3126242565309314e-05 0.00037207446958062597 0.0008588248993563225 0.0007336156356436493 2.250600685712551e-05 0.0006038390406832672 4.454724790319365e-05 0.0003143841674671161 0.00014930167659557578 1.8007510761063647e-05 0.0033809739413516466 3.686901017274945e-06 0.0002377346483026609 0.0020806007098306233 0.0030998926348301727 0.0007385140900340548 1.9609836631129343e-05 1.1399323542895609e-05 0.00020549094542935523 1.052616049066384e-06 9.758365752825757e-08 2.208036488348176e-05 9.826529175108512e-07 1.4090724118390513e-07 0.0 0.0 1.5244317795591546e-06 6.923338069299178e-08 1.3057284298435999e-06 8.418514812343455e-07 0.00037761512398338127 1.497857376339958e-06 0.00113175220993402 3.339561006824619e-07 1.0168414797876825e-07 1.57348747688978e-06 1.1445000769420553e-06 6.989978622405118e-05 2.4953169467324508e-05 3.6333985381979043e-07 3.5141725629504053e-07 1.989340757414784e-06 8.784384024393234e-07 5.114926410822367e-06 0.00017641109720381866 0.00015812589236993295 0.0002750278643889518 3.2736832395717654e-06 1.43409472554708e-06 1.1349093621017829e-06 0.00016263864681181287 5.735698025122094e-07 3.8258576239953466e-07 3.9672377378412566e-05 1.350122386324495e-07 1.0023838662490143e-05 0.0003326330841050815 5.956294465739035e-05 8.37995923981261e-06 1.02507110967384e-06 8.009108789925324e-08 0.000190953144865713 0.0
2.79537543640479e-07 1.3700670427685192e-06 3.187356870239628e-07 0.000490827509256563 0.00019847517961968852 0.003442110492834052 7.443757771175301e-06 0.0005976903549656932 0.00032478203530566163 0.0024581694957144296 8.658530070767725e-05 0.0 2.56205743160193e-05 0.0002181614324694651 0.0006631908181210888 0.0 1.8320998140157818e-07 4.881229998239769e-06 3.0714073449750005e-06 0.003795998635334108 1.8306734451103598e-07 2.5636850506262935e-06 4.6870909555197915e-07 0.00021583126139030893 1.1062136397848528e-06 8.026168869936535e-06 1.0773916757862554e-05 0.00010758295269961423 0.0003266475125019393 5.281840150408193e-07 4.110657124086161e-06 5.597704194484154e-05 6.876324384941556e-08 0.00010976516638037201 8.068573308276801e-06 0.0005246607408780416 1.6735425703377685e-05 0.00035602814972414827 7.47779770520755e-05 0.001532246363271985 3.687426585862514e-05 5.633115989279808e-06 6.367768450643116e-07 5.159608511417808e-08 0.0 0.0 8.552322770810374e-05 3.111877895294346e-06 1.9750199144164886e-05 1.4261147406211287e-05 4.8503219519684785e-06 3.2051326262888724e-05 7.6526134721418e-05 6.253738254524586e-07 0.0003932906522606809 5.424519943094406e-07 3.4314582484247606e-06 1.9588527319647806e-05 7.311302530895213e-08 6.472991240828572e-08 2.499414062078428e-07 5.341956890047074e-08 0.00018641129862946647 7.566260155643541e-08 0.0 8.55677045306022e-08 5.712911398863773e-05 1.653847554098368e-07 4.0018546170522977e-07 5.649412302429289e-07 3.018349533202699e-05 2.19451908565504e-06 0.0 1.1024958649920688e-07 2.5959159639560656e-07 1.486944286983631e-07 2.021265574307688e-06 2.2893791262193792e-07 0.00022290687764739964 2.7137758982535624e-07 2.6283820578034897e-06 1.4723252098843688e-06 0.0002622963424489725 4.049993845780882e-07 3.597688396865737e-07 0.0
1.4100758736245553e-07 0.00028529758958002505 5.905201624132395e-06 1.2694084224760663e-06 1.914007097092434e-05 2.7369631938506686e-05 7.140240942055134e-06 4.771400124128381e-05 1.9937541023239706e-05 3.010327423670444e-05 0.0011131804094710444 2.56205743160193e-05 0.0 3.2818951491400714e-05 5.920967486070256e-07 2.5423251431483604e-06 9.71864390436351e-07 1.8230098877836423e-05 3.497966578685524e-06 9.208610797955742e-06 7.748449398909319e-06 4.8342326775003695e-05 4.04152979966705e-06 2.9435129793092217e-05 0.0013858463917681236 4.6766752935941235e-05 0.0017116143061679829 1.8508879227508964e-05 8.58355702385606e-05 1.264740760926657e-06 0.00011484026521934898 0.00011380444032552452 0.0 0.0003878734333011837 2.9727122627386325e-05 0.0013161078950741402 0.0024660214508972207 0.0015236443001695286 0.0006765375663711471 6.404619823652763e-05 6.529265578513117e-05 0.0003337374450516156 7.558897563480638e-06 0.0 2.216744870833885e-05 7.380560790076126e-08 0.0 0.0 6.738233219427572e-07 1.5687484510377014e-07 8.548846260623131e-07 2.2009355513679993e-06 5.56397558701e-07 0.0005676984374727407 2.7762450545009367e-07 0.0016361960225929084 7.060140675882481e-07 0.0 1.8606206905641698e-06 3.1850135911424013e-07 7.068080384764818e-05 1.2492139043531671e-05 0.0 1.1856397648335983e-06 3.567151792125821e-06 1.1490010009903534e-06 3.1930083122584537e-06 0.0004639966507609346 0.00012019609780069959 0.00033231644484847683 1.9044411917841439e-06 6.910522421017247e-07 2.001261486675149e-06 0.00022198718449236373 1.7126993190967967e-06 0.0 3.288092014980983e-05 1.1466569412982978e-05 8.755395319496684e-05 0.0003398772888275403 0.00010842150024360135 6.63633819671112e-05 1.0872483288902789e-05 4.788785942828838e-06 0.00013893989042481483 1.271522098674043e-06
0.0023463690926205172 1.6200941309779114e-07 0.0003292204296217871 6.697166238611265e-05 1.4843197084131935e-06 0.00029939522912319626 0.005000160007143357 0.00485567593235931 3.21315637174136e-05 0.0016136143007990458 0.00014178269900150332 0.0002181614324694651 3.2818951491400714e-05 0.0 3.2034560814964745e-06 1.3393946797478434e-06 0.0007006257181506081 2.2131561625385184e-05 0.00019741983636319374 0.00015009350221016534 6.020759369260179e-05 3.4248459172705026e-07 0.00013671165805994573 0.00018903354960743394 1.9750115262490834e-06 0.000259310236869585 3.023043179931915e-05 0.00041320475601930437 0.001577670165358255 0.002350518099383447 2.6619869980643e-06 0.00016690068434452608 6.016558449408434e-06 0.00019678479005066728 3.640413181404867e-06 0.00015733318227142764 1.9958371301542353e-05 0.0002890678447040596 6.95537392291913e-05 7.637208537822723e-05 3.84569049946373e-05 8.211076662074478e-06 2.516092513422101e-06 3.583082951302798e-07 5.525321061006783e-07 1.843482625800676e-06 1.4070668707836894e-06 4.629127407569056e-08 1.189172734310244e-07 1.0526387834661607e-05 3.744161615464957e-07 8.746118980561666e-06 1.797612166388793e-06 5.355553438873572e-08 2.895976565106844e-06 8.306744944383448e-07 1.4949936531345284e-06 2.4795464970166253e-07 2.581168200805952e-06 3.147309705995253e-07 5.1257311034790625e-08 1.0051762815393905e-06 1.8612758195503223e-06 3.1671185769837625e-06 1.2481920418618918e-06 1.149462078450084e-06 4.997304786894894e-05 1.9095522128532227e-07 1.796836666826725e-06 9.102084903552156e-06 4.2950779014800754e-05 6.19799519314515e-06 4.002585009918418e-06 2.9332030067982484e-07 0.0 8.714235927869878e-08 9.652803006459088e-07 8.807274814883143e-08 1.0567511577765836e-05 7.885932080903582e-07 4.411012333546262e-06 2.665613166759012e-06 5.272787499107699e-06 5.10706136763571e-07 3.973605338589695e-07 2.675801352549666e-07
0.0 1.5916591918737666e-05 0.0 4.31581961555875e-05 0.0007590637942561991 0.00023524376933509246 9.803575305219272e-07 1.798128328774709e-05 0.000568024795790552 4.987936893493835e-06 9.842296816992808e-07 0.0006631908181210888 5.920967486070256e-07 3.2034560814964745e-06 0.0 1.2969233201772968e-07 2.1517959248075025e-07 0.0 0.0 5.285316791373941e-05 0.0 3.9355199015436894e-05 0.0 0.0002057470817149294 4.2146783383338644e-06 5.1951204808513726e-08 1.894824816502383e-05 1.741747057751077e-05 4.436822518123432e-06 4.421518871588151e-07 1.0005573816904346e-07 0.00010962112600206779 0.0 8.245171196303227e-07 8.978113665846378e-07 5.492263104398978e-06 1.718037449781383e-07 2.59316841962064e-06 9.716504843547803e-07 0.00040110042490398796 2.6103270641655473e-05 1.5324195405411618e-07 0.0 0.0 1.6400464473059148e-07 6.864598478291279e-08 0.0 0.0 0.0 5.022878393492653e-08 0.0 1.3433116726672857e-06 1.7428251060857877e-07 0.0 6.993944468060439e-07 0.0 5.022367508104413e-08 0.0 1.5961828740997512e-06 0.0 0.0 7.98221937015603e-08 3.1520791471915223e-07 4.6109842505347766e-07 1.73736256597737e-06 1.0478215153809996e-07 3.8383272017762575e-06 0.0 0.0 5.96515173496918e-07 1.3482077074582952e-06 7.211380957886937e-08 2.7491793045421256e-07 0.0 0.0 0.0 2.3900607091795486e-07 0.0 1.3178451230537483e-06 0.0 4.8486603617832726e-08 1.1038044313358946e-07 3.6800158787583186e-07 0.0 0.0 0.0
1.1559926101958693e-06 2.632211269471583e-05 4.192430546698985e-06 3.441877762711588e-07 0.0 1.284545762909467e-07 2.141957026329458e-05 7.091590698858224e-07 4.29978472049226e-05 1.2643088861376896e-06 2.973358509995898e-06 0.0 2.5423251431483604e-06 1.3393946797478434e-06 1.2969233201772968e-07 0.0 1.0178742264475819e-05 1.966115139978609e-07 4.772072133732464e-06 7.004746161303588e-08 0.0017174687824540783 0.0011911639987074003 0.0011320714088894682 0.00113888185989588 1.8734832968222137e-06 3.6550197683075037e-06 0.003119847741499354 0.00048790057201787555 7.4469241871795765e-06 8.85503967196243e-05 2.3464653372148334e-07 0.0 3.30955214940823e-06 4.7781702923722195e-05 7.704593876224232e-06 0.0005976651407812327 0.0001515965796326902 0.00014559070631720833 0.00025563966063101506 7.036667707035396e-06 2.0472975728200447e-06 2.465753406776807e-06 4.834958857260461e-06 3.554651370998333e-06 4.53170184936676e-06 1.8013908710578127e-05 7.583352363008488e-07 3.6471150635663734e-07 2.7917611940305443e-07 1.2839414527526976e-05 9.362478083877494e-07 4.527679352500326e-05 6.4350643426601885e-06 1.3685369512212761e-07 5.539970156019449e-08 5.651360494561718e-08 3.184906818134366e-06 1.3296777381720191e-06 0.0024108361516466015 2.1233322477209003e-06 3.726097740777496e-08 2.0591006523768083e-06 0.0 0.0002713279644500556 0.0008114812725753196 0.001309513335723704 0.00027672201140790763 1.3516534459723746e-07 6.95249066378255e-06 0.0006466928822562063 0.00011849707117748882 2.5838251720236685e-05 7.47189136772623e-05 4.3281710076140236e-07 0.0 2.0566881082267115e-06 3.708192512307937e-06 6.878521327984761e-07 8.275484307368432e-05 4.554487837018347e-06 1.346299507732983e-05 1.5221987053017963e-05 1.1079612666021557e-05 4.5318744634085733e-07 9.016308462937065e-07 5.93719692894213e-07
0.0001480278931802615 3.998613551996881e-06 0.0018353713510102124 2.3709697816226664e-06 0.0 4.4923341660855866e-06 0.0003175855392245465 0.000438940257125108 2.864039947576715e-06 6.698436806495602e-05 0.00011732953016953714 1.8320998140157818e-07 9.71864390436351e-07 0.0007006257181506081 2.1517959248075025e-07 1.0178742264475819e-05 0.0 6.382892214908757e-05 0.0011296580078072607 8.61612300462868e-07 0.0005664631659669199 3.462135944491045e-06 0.001266229217040356 2.9238969994851094e-05 1.10065750982127e-06 0.0005634998850448598 0.005042653643772746 0.00020042517521150322 0.000425607331915266 0.0016098682487547863 1.6794735244103147e-06 7.267773329458178e-07 3.5397804552567926e-05 0.0008443639951280997 3.0821664519807e-06 0.00014816348546742972 0.00021715513968935122 0.0006020223639420399 0.00010354406281866666 2.287364457843284e-06 4.848620754578307e-07 4.11822238556957e-07 9.332179591131888e-07 0.0 2.4218113542378263e-05 0.0001559244618677735 0.0 0.0 1.0970085007452382e-07 1.5200370782301097e-06 4.11440885033809e-07 9.712310114444863e-07 4.1191769667650685e-07 3.1231422115613986e-07 0.0 4.082087434884655e-07 8.406132839177988e-07 0.0 6.340099047477232e-06 9.823300718459905e-05 7.90907508708549e-07 3.510660931430829e-05 0.0 2.966668289201e-06 4.590025415261363e-06 1.1511673972314888e-05 9.124227899142406e-06 1.6813638954584412e-07 0.00010544781201890991 0.0005133443790146698 4.85626809061458e-06 5.212762467472217e-07 1.5055296248325952e-06 6.169202755876262e-07 0.0 6.189165874169258e-08 3.537923278171524e-06 8.49311827783571e-07 1.8131095240866944e-05 4.110693385399455e-06 1.4677415526350909e-05 6.567577995075491e-06 6.546296500352224e-07 0.0 0.0 0.0
6.479984232549733e-06 1.3866280176476518e-06 1.0001236610562545e-05 9.121970702874359e-08 0.0 2.1599507459908325e-06 6.079828489835606e-06 1.1188953307928932e-05 1.580163818178718e-07 1.1187571875877238e-05 0.0011811488531368408 4.881229998239769e-06 1.8230098877836423e-05 2.2131561625385184e-05 0.0 1.966115139978609e-07 6.382892214908757e-05 0.0 0.0005430403250276843 2.377568182318299e-06 4.113500707401519e-06 7.422439125165525e-08 8.624835774478532e-06 1.1434360799936275e-06 9.270084298365903e-06 0.0008143027672581836 0.0004840085804841833 3.7093424222433286e-06 4.143837098060016e-05 2.456315327438382e-05 0.00011631273757033951 2.2410914112343044e-06 4.9212712961339725e-06 0.000275192054963354 2.203989681285878e-06 0.00015645344113502621 0.0004205183831534466 0.00047188809963634416 0.00017463121682302765 1.9820579978874814e-06 1.4416966219966599e-07 7.298691929724819e-06 9.954583344976425e-07 0.0 4.664445801034403e-06 7.221335681963173e-07 0.0 0.0 6.752991760764766e-08 0.0 0.0 1.4043729796045613e-07 1.1995294749137295e-07 5.5856977091710345e-05 4.909958795630006e-08 0.00010205366561563685 1.0585865906421992e-07 0.0 1.8483150920467682e-07 1.2356749252444887e-06 6.232104799511902e-05 3.7543290944322185e-05 0.0 2.845546317731153e-07 6.709304979718949e-07 1.6549431043338393e-07 2.592764269875148e-07 1.3629822574434793e-05 0.00017345974566278154 0.00018330434343419118 2.4100295341710286e-07 3.227428084141907e-07 1.4576368575417043e-07 6.476719486054339e-05 0.0 0.0 6.7500675703333e-06 9.068122567711305e-08 3.6012999421455793e-06 1.7750155466946572e-05 2.1536312119484963e-05 3.5283894434896696e-06 0.0 0.0 2.7895478102607525e-07 0.0
5.860684093172003e-05 1.1015983810133411e-05 0.00016481571667836635 7.394694108244707e-07 0.0 2.8770582210201767e-06 5.1801256951048825e-05 0.00011761690072412218 7.842977116001664e-07 1.6004332282271307e-05 0.0007125502699580323 3.0714073449750005e-06 3.497966578685524e-06 0.00019741983636319374 0.0 4.772072133732464e-06 0.0011296580078072607 0.0005430403250276843 0.0 2.686528569980733e-06 5.193220766103529e-05 1.8059934653745832e-06 9.106646350874423e-05 7.919539025302556e-06 1.033009532171225e-05 0.0013454000346267518 0.0025715852274996063 3.146209318653446e-05 0.00021363554297742707 0.0002493084859767899 2.2332558866249352e-05 9.21914140943345e-07 2.5688998422326984e-05 0.0023256479750357302 4.330119172571695e-06 0.0002324121505343189 0.00019428718071160385 0.0015152378638528805 0.0003475120249151456 3.3464334207623605e-06 3.412106596080815e-07 3.2025346501048573e-07 3.259369324777179e-07 0.0 9.302397855559648e-05 1.1758234135892074e-05 6.15254177789986e-08 0.0 0.0 6.617082150589136e-07 5.3533332614151066e-08 4.3092630510773375e-07 1.2637510971228492e-07 1.1817994339352534e-05 0.0 1.3559666991266519e-05 1.339705759355354e-07 0.0 1.8057839514127406e-06 4.363514121274348e-05 3.257611360003822e-05 0.00026046932100555806 0.0 1.0001791940262088e-06 1.7434086601649217e-06 2.437552557123913e-06 3.2419857327081847e-06 2.1592812779056812e-05 0.0005528858095487049 0.0006386805117925712 1.500127721792432e-06 5.2898166882165116e-08 1.186770193866719e-06 1.0478624792855936e-05 0.0 0.0 5.02730619027607e-06 9.412099797379944e-07 1.802427139226236e-05 3.133870180714117e-05 1.751399520427702e-05 4.825135991887687e-06 1.631711882104509e-07 0.0 9.476319992914438e-08 0.0
2.8024847700444827e-06 4.3140079330890526e-08 3.822306026224358e-06 0.0040184143487679265 9.354581487403795e-06 0.00015001020493261147 5.362123547932091e-05 0.00015573707018077013 0.00038837628685778244 0.003993177075864869 3.0926040663525764e-05 0.003795998635334108 9.208610797955742e-06 0.00015009350221016534 5.285316791373941e-05 7.004746161303588e-08 8.61612300462868e-07 2.377568182318299e-06 2.686528569980733e-06 0.0 3.208545026474209e-07 3.1290883196359e-07 1.2076837492051214e-06 0.0003459827952526125 1.2302829409897889e-07 4.531152997449369e-06 5.5389875814297705e-06 0.0012269226924876162 0.0003193626169743775 8.180903954474668e-07 1.439138998624943e-06 1.1786909120474328e-05 6.548840770728858e-07 7.46286351271002e-05 4.959297290442194e-06 0.0005359726213186483 1.754594827951796e-05 0.0003181440706129229 7.674744796514595e-05 0.0002114406672095293 3.073933532590488e-05 1.092242419028018e-06 5.088172015615459e-06 5.674863770053973e-07 0.0 1.1776880171952492e-06 0.00026293073511353697 3.2418311185445114e-06 1.250411238651397e-05 0.00012957092371945698 7.594796810533871e-06 8.428580341481953e-05 0.00020064399463138975 6.247298177346642e-07 0.00015581778394420473 4.68821028366562e-07 6.40821735966719e-06 1.2333437022271816e-05 6.025739005485583e-07 1.8142963414151726e-07 3.8839544641178545e-07 5.0959618390811187e-08 0.00030208525483953327 0.0 1.7588442842932167e-07 2.0485665998957914e-06 0.0003010864391286333 1.8850298500915143e-07 4.860870182877756e-07 1.5287307442274137e-06 0.00022693302181429653 7.4525607612107374e-06 1.3200661055643213e-06 3.308805298831298e-07 1.5781046511418126e-07 1.9823079988369733e-07 3.9826088545368596e-06 0.0 0.00021197550034354856 3.7813989780109027e-07 1.0720894252890287e-05 2.8912008125737974e-06 0.00022411792997579976 2.5150860420325153e-06 1.2215741658288745e-06 0.0
1.7611132333029837e-05 5.341013987202402e-06 0.0003323880213384248 2.1460432228589996e-06 0.0 7.202680314771363e-07 0.0002957979901254394 2.2990228032978115e-05 1.9077330522307176e-05 3.067540986436294e-05 2.5147746618042807e-05 1.8306734451103598e-07 7.748449398909319e-06 6.020759369260179e-05 0.0 0.0017174687824540783 0.0005664631659669199 4.113500707401519e-06 5.193220766103529e-05 3.208545026474209e-07 0.0 0.00013112458760683172 0.006231662140397755 5.463902088100657e-05 7.330830343586459e-07 2.939672832180155e-05 0.0006403059225182406 0.002779343263939607 0.00010307228307773963 0.004884902287292934 4.653315351005817e-07 1.2892998503693344e-07 7.255188019492289e-05 0.00236854620572125 4.291307525194e-05 0.003643829820247298 0.0003445728896492072 0.003527011444377182 0.002191821563867542 2.0836636339237263e-05 8.768684448475757e-06 1.1531635660536418e-05 3.482480552520646e-05 5.326153751139458e-06 8.931938356639496e-07 3.756557396802653e-06 6.269634602840797e-07 5.545008899034731e-07 7.26284117941818e-07 1.4833936875451937e-05 1.3440093301445336e-06 3.867461284816732e-05 4.543721270542483e-06 5.063796984183164e-07 1.470712751655649e-06 1.6927934614087855e-07 6.808482164862438e-06 7.559739403412599e-07 0.0005851195117386301 1.566836564377546e-06 4.039619441586846e-07 8.893047410270448e-07 9.40922824105147e-08 0.00034377060375480193 0.0001638840178254058 0.00017118659646178595 0.0003583327910146399 5.480605817401147e-07 1.504166793900491e-06 3.070094840669535e-05 0.0001968759395856857 5.0755413584570465e-05 0.00016579175726472295 1.1363646449461995e-07 4.990459250827652e-08 3.85503466556741e-06 7.829231506851984e-06 1.1817371847246768e-06 0.00010648310547983474 3.0454973407301517e-06 1.528728099104729e-05 1.1224893877593522e-05 2.4091934396615766e-05 1.2402598226816338e-06 1.0259960567993449e-06 2.1639662677771054e-06
0.0 0.0010354111928354637 5.034826487730992e-06 1.0514750354663103e-06 3.9338594370726965e-06 1.0333469230555984e-06 6.7074156277241255e-06 1.930582110110157e-07 0.0008422550619132987 6.19159719947169e-07 9.240205815231999e-06 2.5636850506262935e-06 4.8342326775003695e-05 3.4248459172705026e-07 3.9355199015436894e-05 0.0011911639987074003 3.462135944491045e-06 7.422439125165525e-08 1.8059934653745832e-06 3.1290883196359e-07 0.00013112458760683172 0.0 6.637952791215241e-05 0.0036040047266682074 0.00022879182349471838 2.0437303155966644e-06 0.0020889522453436354 5.3498330225717493e-05 2.4276811950045424e-06 1.7959786426299192e-05 2.251496529694833e-06 2.2100030604656233e-07 8.105913486507131e-07 3.7877924029287265e-06 4.5856412781182093e-07 3.63994227449668e-05 1.4614323327708986e-05 1.1698784064319557e-05 1.2290956379125697e-05 8.747222947498032e-05 4.756539981478653e-08 5.1691009793293345e-06 5.604708166504633e-07 3.1650127678772696e-07 1.1272380885034707e-05 1.7253362335821593e-05 1.9732096871549039e-07 0.0 5.383075690742789e-08 2.4938172005544045e-06 2.965929292128174e-07 2.440528233524991e-05 1.2064506539487682e-06 3.886266288436524e-07 1.2794230499021808e-07 2.3662607600966135e-06 8.44926107710952e-07 4.307727303784273e-07 0.00046805219707827785 2.478606304853737e-06 3.6531292104329385e-07 1.7926479976940778e-06 0.0 2.3065805957998928e-05 0.00014398154811257123 0.00010038274176838928 0.00011793092860908724 2.147211027370357e-06 6.970172624467546e-06 0.0009591602381314216 2.1388782237724233e-05 3.361090039785232e-06 7.204466735589099e-06 4.792511577919415e-07 0.0 1.863317662681111e-07 3.9458771700167847e-07 3.525146747948972e-07 1.7265572992539787e-05 3.5563011571494687e-06 2.6740372014434026e-06 2.286248451811217e-06 2.213097687561684e-06 1.4407894607481013e-07 0.0 0.0
