0.0 8.238868259994092e-07 4.981665655254655e-05 2.5967780874324506e-06 7.992141708039003e-06 6.863451198523652e-05 0.002193117986018504 0.0018160852061916502 7.465766811621689e-07 3.810706342265065e-05 6.5884809242651e-06 2.407351496700144e-06 2.6424695596909004e-07 0.0031088280864712743 3.5389721059056763e-07 0.0 4.293913393188762e-05 8.611726877309935e-06 1.3042191884574155e-05 4.387205285904761e-06 6.281142785786571e-06 0.0 0.0001156593762628706 8.918848843991336e-06 0.0 3.631338822117947e-05 4.4666768684985505e-05 1.9837066931986195e-05 0.0020920934541292222 0.0011985479022945643 5.981038259884091e-07 1.2821634448096303e-05 2.3188834671558444e-05 7.48117474558978e-05 3.0801001579661766e-06 4.841016549969682e-05 8.692555999253114e-06 4.688278729623845e-05 1.4875543626890071e-05 2.8377365786189264e-06 7.874659922773824e-07 7.135987743980434e-07 1.3626607200851375e-07 5.770036175843031e-08 0.0 1.2108346209426032e-06 8.308323235949731e-08 0.0 0.0 4.721231193884385e-07 0.0 2.3248155209492428e-07 0.0 0.0 0.0 0.0 1.6536352460359443e-07 0.0 6.27085599078355e-07 2.1196307099514756e-07 0.0 1.2604912036055803e-07 0.0 6.206429836214531e-07 1.2939892046832571e-07 1.1694988628023332e-06 6.4315213937840435e-06 0.0 4.6369836584287343e-07 3.6869520540164442e-06 4.575220963146184e-06 1.7070426140143926e-07 1.1502660113802787e-06 0.0 0.0 0.0 0.0 4.017041261662313e-07 1.7465296105960196e-06 1.2830540547171474e-07 3.372576613734485e-07 0.0 2.6031870129447174e-07 2.3039404469370645e-07 0.0 0.0
8.238868259994092e-07 0.0 0.00030042060612169377 0.0 0.0 2.689442148244014e-07 5.791729662389625e-06 1.2799314567439412e-06 0.00023721991565596196 9.527260370573803e-08 4.4081613672996886e-05 4.17709694796638e-07 0.0003625471810024709 1.0471980179454976e-06 1.664999555985678e-06 0.0003039539084095614 0.000164522580355417 5.181799111462194e-06 1.1901719754003756e-05 0.0 9.081112219889594e-06 0.0011476129516699153 0.00016993211963163893 0.0003308388057446532 0.0010971125841224515 0.0003012792644928494 0.002400347709211571 1.4433223188677452e-05 1.3661376008031136e-06 6.9976286779225776e-06 9.859040759964262e-06 0.0 7.593779617250442e-07 3.2705327611049244e-05 3.1577086780654593e-06 0.00025095241164692367 0.00014443566492591098 0.00013637034311799997 9.966230304220131e-05 8.640766789618622e-06 1.2647101115930266e-07 0.00021669757090420763 1.7267075808660079e-06 6.33335950121058e-08 6.587774196570954e-05 4.608744456994983e-05 0.0 0.0 0.0 2.5394512419903573e-06 1.3348901521983953e-07 1.1361937036807633e-06 9.963076346434333e-08 4.123008907633506e-06 0.0 2.2388915232244975e-05 1.7104769206245553e-07 6.165027425459985e-08 9.508416625534532e-06 2.054475135282429e-05 1.6039621642127797e-06 2.0106851513067665e-05 0.0 2.2100895874155224e-06 2.6422846421801835e-05 1.6455237455171788e-05 9.070342721063957e-06 3.17379916104267e-05 4.9310477569378134e-05 0.0006949245626361266 4.752871805925533e-06 2.792142183312055e-07 6.88805242533242e-07 2.4456259725664437e-06 0.0 0.0 5.864887523333104e-07 9.025358627125571e-08 2.6297417752574035e-05 1.2672850800509478e-05 1.1650124185081965e-05 3.1903434892854783e-06 5.001947006916183e-07 0.0 6.287149025551069e-06 0.0
4.981665655254655e-05 0.00030042060612169377 0.0 1.4529817147662519e-06 1.8175232009755434e-06 3.155759372164746e-05 0.000839532736427997 0.0001364035338097414 1.914324697149712e-06 3.0631425888624726e-05 8.660644798132832e-06 1.1446896980902062e-06 2.863756492204848e-06 0.00010595318825409187 1.890692277640276e-07 7.436199731893614e-06 0.000830285593226877 1.750115777216304e-05 3.274995929390645e-05 6.3722974123009e-07 0.00039404320042514524 7.773203920105833e-06 0.01001308891955151 6.282452339959579e-05 5.390024580783694e-07 0.0036064551968171066 0.00421719493876357 0.00019451446287349313 5.4263482986948415e-05 0.0005093881092367517 1.659531998827991e-06 2.5529785640331e-06 5.257643750837942e-06 0.00014931971612131538 9.225622866628658e-06 0.0004408582485547004 0.0005843467540099331 0.0005684309260586722 0.00022880055899710246 1.6740987815098266e-05 6.640493756700351e-07 6.95867715181653e-06 3.6716128903162902e-06 2.711978653462369e-07 1.9897353947087472e-05 0.00031532859828114807 0.0 0.0 0.0 6.291880184690354e-06 7.106812893639529e-08 3.690111472068824e-07 1.5012401896823806e-07 4.3276257596408257e-07 7.422604252775578e-08 9.694672550407543e-07 5.542474111460438e-07 0.0 6.975886631509748e-06 9.531880119383478e-05 8.812900210557152e-07 3.437010553711025e-05 0.0 6.45357695989117e-06 5.117341655547789e-06 4.7306881969948616e-05 1.5462673311703435e-05 2.1203154108389633e-06 0.00013562828613364203 0.0010140424480640446 1.2738394684054359e-05 8.376640311743608e-07 4.474615291115714e-06 7.88934349797674e-07 0.0 0.0 2.573718183077404e-06 1.3399376117893117e-06 7.145023593549364e-05 1.389813216882197e-05 3.321238025469618e-05 1.1528907903322168e-05 1.0226116239815635e-06 1.0667834765277736e-06 1.0969584298092746e-07 2.2934823751075786e-07
2.5967780874324506e-06 0.0 1.4529817147662519e-06 0.0 7.972423083266044e-06 0.00010151492538650265 6.862788579344958e-05 7.68586400887461e-05 0.0005838679112688765 0.0009234303001790605 5.19590952266734e-06 0.00247118528393165 1.8826459851680008e-06 3.695195788102664e-05 6.112026877288544e-05 0.0 4.3231018239641736e-07 1.5635694785322253e-06 5.592820079517486e-07 0.0031466381478768065 8.367568340493402e-08 2.0589665635493275e-07 1.0078199771403723e-06 0.0009593525878828987 6.790402637742776e-08 2.353504669240712e-06 2.123326197411789e-06 0.0032254151763973 4.623261069110378e-05 2.8633218241826565e-06 5.91491006792166e-07 1.594429884575216e-05 8.555472241985178e-07 5.6427158889514556e-05 1.7607865391921364e-06 0.0002031635623379388 3.610301750809132e-06 7.264969200758294e-05 2.2027066257106156e-05 0.0001223623347348681 3.6077150867710656e-06 1.773424567909008e-07 8.445836392061218e-07 0.0 0.0 0.0 6.590052960183582e-05 1.7777830841749637e-07 1.6431594379657644e-06 2.9515913835893053e-05 3.2522858286220145e-07 6.126322113312501e-05 3.9167162015586324e-05 1.113870211604414e-07 0.00011768979474452201 5.3422013300412246e-08 1.102519131642463e-06 7.499788461391203e-06 0.0 0.0 0.0 0.0 3.166487674426971e-05 0.0 0.0 3.114425541303213e-07 0.00010775302228760374 0.0 0.0 4.758214482123366e-08 0.0001499207618958723 3.462805308662519e-07 1.7559076505368955e-07 0.0 2.1968087046439815e-07 0.0 4.3854133908336185e-07 0.0 5.359922707230986e-05 0.0 2.223704806345565e-06 3.5053780973984723e-07 4.991304406168991e-05 8.106765245531469e-07 0.0 0.0
7.992141708039003e-06 0.0 1.8175232009755434e-06 7.972423083266044e-06 0.0 0.00041822859028648634 3.1821246739935455e-05 0.00016985325403810075 2.901843948949599e-05 3.76757780135035e-05 2.3381284911648783e-05 0.00011604749712386063 5.689708189152494e-06 5.558341471816699e-05 0.00044380772816985026 0.0 9.899075112976547e-07 3.8206959006905195e-06 5.29751213541821e-07 2.218550649452213e-05 0.0 0.0 2.2837900596768214e-06 1.0478545248056674e-05 1.733369612336933e-07 3.7631498032277836e-06 3.0122318251046944e-06 1.007827348286354e-05 1.2751004238529135e-05 1.3475947768448728e-05 9.86958682137296e-07 0.00025412363274858967 1.2664018459240074e-07 0.00031901090115132543 2.2558741294829302e-07 2.4714464042468528e-05 4.027799712325153e-06 8.770313224628978e-05 2.8278925154778628e-05 0.0005030449861863767 0.000115229103031568 1.2125094211744289e-06 2.963535516381101e-07 0.0 0.0 0.0 5.210660456369091e-08 0.0 0.0 5.259165990879209e-07 0.0 4.39802394709405e-07 5.043179720171822e-08 0.0 5.463060530473549e-08 0.0 0.0 0.0 0.0 0.0 0.0 0.0 0.0 0.0 0.0 1.7543861841165794e-07 3.009384158470153e-06 0.0 0.0 1.0163802106093269e-07 3.30071063917273e-06 1.2173016215022883e-07 0.0 0.0 0.0 0.0 5.51957621474074e-08 0.0 9.249859006380887e-07 0.0 0.0 8.031341267004104e-08 2.1339799882117018e-07 0.0 0.0 0.0
6.863451198523652e-05 2.689442148244014e-07 3.155759372164746e-05 0.00010151492538650265 0.00041822859028648634 0.0 0.001529970029205915 0.004503947198345691 5.049912538316261e-05 0.0035785864710449334 2.040130434576585e-05 0.0038309515513183386 1.595216285958113e-05 0.000553950379257174 0.00048193859995551816 1.6492817921743677e-07 1.2449256737806027e-05 7.5460914970541555e-06 6.797422142699258e-06 0.0003007460733933574 3.8713689571116345e-06 6.136880457112442e-08 3.992268554461384e-05 4.9164720223564014e-05 3.1561021062103987e-07 2.195285217540001e-05 2.9931682651196715e-05 0.0003429462561723196 0.00011015672763033078 0.00010438399814127575 2.2275824761922015e-06 0.00020604708391138948 3.5257249309041378e-06 0.0001697742563407637 4.061620587850007e-06 0.0003788081877164561 1.4956410798862785e-05 0.0001728218851675206 6.136123356355681e-05 0.000796810378701544 0.00017084825918383382 3.4312970285848537e-06 4.4881021103583505e-06 0.0 0.0 2.4376219333453664e-07 7.213831480499519e-06 0.0 8.661040913450125e-07 1.2365244810928261e-05 6.853361835865388e-08 1.0950718863146258e-05 4.558969490005601e-06 1.5688094556575596e-07 5.960500448955764e-06 0.0 2.914031012623759e-07 1.6418790881619043e-06 1.0086526071879336e-06 0.0 0.0 0.0 4.534705457118262e-06 1.5069520078513567e-07 0.0 1.1335773247550212e-06 3.7364424775159725e-05 8.423367444985807e-08 2.3431125477060208e-07 4.472987895666302e-06 4.853131008426331e-05 2.581621883304644e-07 2.209186490125034e-06 1.7565314670990415e-07 7.287519339530756e-08 0.0 4.3368978741176806e-07 4.2342882849644957e-07 2.3512178920558553e-05 0.0 1.4006945142739482e-06 9.80772826839397e-08 1.990902005476981e-05 0.0 1.6635517118983416e-07 0.0
0.002193117986018504 5.791729662389625e-06 0.000839532736427997 6.862788579344958e-05 3.1821246739935455e-05 0.001529970029205915 0.0 0.003055359773768009 0.0003856839633869256 0.0032339610609872825 2.8459462922781972e-05 9.884815679203275e-05 1.1515125585831806e-05 0.0031463921975019597 2.1009741384014332e-05 7.859704856528173e-06 9.485299135973166e-05 2.2298484878934058e-05 2.2286147325307518e-05 3.857113447414773e-05 0.00020332482838095862 1.1153003672230409e-05 0.0008753033637016591 0.001962142227753131 7.943827696407789e-07 0.00016493837563069622 0.0004906098481378767 0.011030802096638584 0.0012418153672289717 0.006978536433766103 1.5895815489564323e-06 7.380033986685633e-05 5.639674312621293e-05 0.0003809455043924352 3.266011851819172e-05 0.0013652664051415234 0.0001431439871045499 0.0006815893616167611 0.00027126786830964126 0.00010164671746594929 2.700519685106924e-05 5.980639460066449e-06 9.806895563479863e-06 5.125414985537537e-07 1.1244656314558064e-06 1.0580494660463024e-05 3.342170783084145e-05 1.1856806316257188e-07 3.4805463729011974e-06 0.00018790275352741342 4.143632291021208e-06 7.86683948127325e-05 2.053696704690878e-05 1.559425964719292e-06 4.8551028591388835e-06 4.587674199842926e-08 5.26416677296271e-06 2.6869745540959876e-06 1.2806359762315586e-05 2.147516525969459e-06 0.0 5.55942796112295e-07 1.513204836263639e-05 8.095050424684737e-06 2.7774783586163615e-06 2.771862090477981e-05 0.0005176303701632976 1.6017118399045255e-07 2.411861325380931e-06 8.9114330704194e-05 0.000627095527758159 1.1114900540926974e-05 3.730557806045025e-05 0.0 1.42379406581146e-07 3.335684520075797e-07 2.5845152720069053e-06 1.209510481340865e-06 0.0001376753721645979 1.0498535520735597e-06 1.7152450114298133e-05 7.492628660097025e-06 6.213271385535843e-05 1.4616548362877858e-06 2.3787809512740855e-06 2.2748433865000698e-07
0.0018160852061916502 1.2799314567439412e-06 0.0001364035338097414 7.68586400887461e-05 0.00016985325403810075 0.004503947198345691 0.003055359773768009 0.0 1.7589164071568666e-05 0.002540890831766747 6.183770312074213e-05 0.0005882585981984372 3.0177672573403623e-05 0.004322700064240686 8.963829985692352e-05 2.881496757867061e-07 0.00011041948041051722 3.296800248724945e-05 3.939732113619625e-05 0.00021437662436858595 1.5232818819494475e-05 2.0276393143392426e-06 0.00024794888344254433 6.653024387934352e-05 2.9878627223709746e-07 0.00010179805123200566 0.0001126747560247647 0.0002008227274479596 0.001000002625998813 0.001017753476631647 2.486166558886484e-06 0.00025087049518112607 2.169529131871309e-05 0.0003331929523053787 5.790161857143872e-06 0.0003214594217532397 3.8917606659800615e-05 0.00022486310281072297 8.876751398627239e-05 0.00042262336928228445 0.00016681651529878086 7.999759079387576e-06 7.525883690720016e-06 0.0 3.2026046754724314e-07 2.4628395307037514e-06 1.5065194646129753e-06 0.0 7.968552479395096e-08 2.1262341237707942e-05 4.7055911807611753e-07 6.770325174061107e-06 9.481837697727591e-07 0.0 1.4245012480524785e-06 3.275928754403074e-07 6.745655439373813e-07 8.324482216823267e-07 1.1747846689475915e-06 5.922111052944986e-07 0.0 6.345870770173856e-08 1.0030361547352526e-06 1.2035022914811562e-06 3.1721720315477425e-07 1.5474505512595363e-06 7.240129578910186e-05 1.805801282067459e-07 1.1739152437763714e-06 1.3787703282556808e-05 7.7440137278276e-05 1.506815376409225e-06 7.669546584369708e-06 7.745403833410454e-08 0.0 1.7792640157095127e-07 8.483965887083232e-07 0.0 1.3400249090312472e-05 2.2028607734284064e-07 1.5513234688631887e-06 9.392228434321286e-07 7.738714322352941e-06 2.225152429398344e-07 0.0 0.0
7.465766811621689e-07 0.00023721991565596196 1.914324697149712e-06 0.0005838679112688765 2.901843948949599e-05 5.049912538316261e-05 0.0003856839633869256 1.7589164071568666e-05 0.0 0.00022279510136338312 9.483939868276141e-06 0.00044555891721030665 4.425605392109367e-05 1.1057028413927005e-05 0.000452263120434849 2.392684469142412e-05 2.1738527613974542e-06 6.524174392172515e-07 6.126757252637408e-07 0.0003122882774130102 5.518473273689779e-06 0.002369134053036656 6.006907752323558e-06 0.006655403493984678 0.00021350045862376 5.29641186817238e-06 0.00037002521405911886 0.0011934108194651542 1.7437724205359672e-05 5.600899386709475e-05 5.435186101300346e-06 1.1583457050262354e-06 2.7846876146102216e-06 1.657056960093468e-05 2.3701763754208586e-06 7.560324430210024e-05 1.4646885694562352e-05 2.922195629172696e-05 1.4299041743490761e-05 0.00037965098215578664 8.268977302196604e-07 2.3606879198058792e-05 1.214996252459096e-06 7.444903680605758e-07 1.2458113610346225e-06 8.102795999641678e-07 7.765691258887718e-05 2.6486764596177076e-07 2.973520510086438e-06 7.78735457813881e-05 2.858337387961186e-06 0.00012568091901979812 5.772966352538804e-05 6.631062960801728e-07 2.794101852524945e-05 3.398297627992558e-06 3.978965510123406e-06 9.832573864592258e-06 0.00010573619351678144 3.8007431183245875e-07 5.301549509862714e-08 5.940354068838142e-07 5.5704619698643767e-05 2.3115998380245235e-05 1.2223841186356253e-05 3.7782072476893165e-06 0.0010779427843408758 5.976195428382294e-07 2.7369101750623088e-06 8.531967266723449e-06 0.0005679207616120948 9.346561774974441e-06 2.3673304599504235e-05 1.2149768976750297e-06 1.5552567930723334e-07 4.76479724774995e-07 2.7604371076117644e-06 1.846453387451852e-07 2.8976335418799288e-05 1.3752991266998008e-06 9.05091748758028e-06 3.8038313739447065e-06 4.1147652373621016e-05 8.537252363419081e-07 3.270769023517295e-07 0.0
3.810706342265065e-05 9.527260370573803e-08 3.0631425888624726e-05 0.0009234303001790605 3.76757780135035e-05 0.0035785864710449334 0.0032339610609872825 0.002540890831766747 0.00022279510136338312 0.0 2.4549326165627447e-05 0.0034817362515245243 5.8646519147552194e-06 0.00039812595224110394 4.5124724002615486e-05 2.413111197371385e-07 3.512965646907168e-06 9.850634865657545e-06 5.199592086736196e-06 0.0017773789789575305 3.204304798421373e-06 4.7383262204577523e-07 1.983481080730334e-05 0.0002888221185753605 1.2002555433881637e-07 1.734927270313964e-05 2.5969193502615747e-05 0.0029831853624903747 0.00039471699995599857 4.286358003138646e-05 2.4436399877634673e-06 7.074633498813e-05 1.3792617697169538e-05 0.0003183500728088732 1.2152341515967134e-05 0.0009388934759450938 2.3604551465309503e-05 0.0005109461163770823 0.00014237547559206 0.00012143018862295238 2.1803604073601854e-05 7.708733130816516e-07 1.2100658741602175e-05 0.0 4.5215313910791184e-08 6.103884418384461e-07 3.052186706211387e-05 0.0 5.409051485039431e-07 4.9836345009667464e-05 1.0458520030527243e-06 4.3921850828960775e-05 1.9901154810990485e-05 0.0 1.4012353918965199e-05 5.4659510920725214e-08 7.397566884143229e-07 6.310115186298268e-06 4.438089633537379e-07 0.0 0.0 0.0 1.6395253834956053e-05 5.793607942756899e-07 1.470564122538676e-07 8.540837615241503e-07 0.00013455571923087886 0.0 1.9451428930788947e-07 3.2868428347847605e-06 0.00014950673134267394 7.872428899773532e-07 1.653377305837611e-06 0.0 4.1538606544694576e-07 4.617437002106502e-07 9.456829527047262e-07 1.1466132406307189e-06 4.888527565513835e-05 3.3802233042475773e-07 6.22425588111038e-07 1.698401874055517e-07 5.0645359956846414e-05 9.989192791515588e-07 6.950058322799429e-07 0.0
6.5884809242651e-06 4.4081613672996886e-05 8.660644798132832e-06 5.19590952266734e-06 2.3381284911648783e-05 2.040130434576585e-05 2.8459462922781972e-05 6.183770312074213e-05 9.483939868276141e-06 2.4549326165627447e-05 0.0 4.323259298252053e-05 0.001539200037187823 2.7827831159793653e-05 3.5987299714066948e-06 4.184678700665553e-06 0.00032527948883200486 0.0021537587923238476 0.0008727299182502699 1.3759450288923181e-05 1.5350430155965803e-05 2.7863220574969403e-05 3.939802649668471e-05 1.3559767748203836e-05 0.0003577406201592393 0.0014141823503575459 0.0007429556370534389 1.1955714706702303e-05 0.00016567468552048284 5.232762070748161e-05 0.0003932297806834811 0.00011800289233055157 1.4327055374524097e-05 0.0029792584745722468 4.635520152973484e-06 0.0003502257074581694 0.0029750389901480653 0.0029033443672543654 0.000794869228045514 2.7898394021557206e-05 3.0255093435163677e-05 0.0008531940003465523 4.479521391977028e-06 0.0 1.4295091438836505e-05 7.342032236803528e-07 0.0 0.0 0.0 5.967322994296239e-07 5.063309551218227e-08 1.4527608121165763e-06 0.0 5.7764626835848125e-05 0.0 0.000396572550017095 1.4718764260963736e-07 0.0 5.196010998919631e-07 1.5664812273630438e-06 1.6551397922608924e-05 1.01595170089511e-05 0.0 2.730172007881581e-07 2.2604184039039357e-06 7.199737960612642e-07 5.589477163566663e-06 7.413069826250745e-05 0.00010017522175405264 0.00023101869773974428 4.00139848917221e-06 1.1437559376024898e-07 3.99242328827726e-07 8.233904536136676e-05 0.0 0.0 1.0984050047304423e-06 2.5752584909112013e-06 1.2411520377699853e-05 9.756021871138943e-05 1.174672989454931e-05 1.445575602543517e-06 0.0 1.980373769435816e-06 4.855956698878257e-05 2.298695368191543e-07
2.407351496700144e-06 4.17709694796638e-07 1.1446896980902062e-06 0.00247118528393165 0.00011604749712386063 0.0038309515513183386 9.884815679203275e-05 0.0005882585981984372 0.00044555891721030665 0.0034817362515245243 4.323259298252053e-05 0.0 1.1550388783145136e-05 0.00019345892738213162 0.0007830787291517249 0.0 9.40281698784111e-07 1.1813094229850656e-05 4.3267625769133145e-06 0.003619814889777379 4.1423402620365416e-07 1.995232796166278e-06 2.1118092737953948e-06 0.0005690179605631532 2.905325067470452e-07 1.7237952245466637e-05 9.866648024329445e-06 0.0013244903274739058 0.00015370300641105394 7.969181312015665e-06 3.338117950124412e-06 0.0001198072538968993 8.267674267830026e-07 0.00026104774367852846 1.7391635377138347e-06 0.0005970398448913873 1.4638711583509655e-05 0.000268063861647622 4.5126045511192974e-05 0.0011396205675725285 2.07389659798786e-05 1.8543126846885707e-06 3.2175416561001837e-06 1.5027875741870878e-07 9.824652385343442e-08 0.0 4.695405334023055e-05 9.554389866942634e-08 1.2669230596706396e-06 3.409354902403687e-05 1.0915279743715683e-06 6.715162799896607e-05 3.648296535963636e-05 5.975958386644854e-08 4.562804033514539e-05 1.4963607448756726e-07 9.125834626737394e-07 1.4194396479540068e-05 3.867088993675318e-07 4.8524935640142e-08 0.0 0.0 2.5519044223589374e-05 0.0 0.0 0.0 9.95406899535e-05 0.0 0.0 2.948670158080092e-07 0.00013400819728099156 7.470861194710094e-07 1.8464176440248772e-06 0.0 0.0 0.0 0.0 0.0 0.00010586570947148284 5.764960224184652e-08 1.6071076570880442e-06 3.4523319070169555e-07 0.00011202329133718175 9.622447120179361e-08 6.280313346479796e-08 0.0
2.6424695596909004e-07 0.0003625471810024709 2.863756492204848e-06 1.8826459851680008e-06 5.689708189152494e-06 1.595216285958113e-05 1.1515125585831806e-05 3.0177672573403623e-05 4.425605392109367e-05 5.8646519147552194e-06 0.001539200037187823 1.1550388783145136e-05 0.0 2.3553629281551757e-06 1.1006376783597662e-06 1.3917309651087397e-05 2.5964629741502956e-06 4.58718268066305e-05 6.138758095766488e-06 3.2796501991635875e-06 3.9842454581398784e-05 0.00015206330935821724 8.525949861148727e-06 4.429355336780505e-05 0.0024824950861891183 0.00022029737261870702 0.0021976753601238553 2.860334790268574e-05 1.7000260345572286e-05 4.274101866521807e-05 0.0006902779621313081 3.034752465389439e-05 5.796875503749023e-06 0.00043508181432681933 9.014009486563608e-06 0.0008426084364118135 0.0024215941786849874 0.0022346115458915248 0.00033815689458058533 6.865264933591606e-05 3.709048950733743e-05 0.0010163902392252716 9.847451579438042e-06 1.970322009033852e-07 2.4030854580844365e-05 1.8918942421729504e-07 0.0 0.0 1.3666341014601995e-07 1.9025329063659756e-06 4.146361308444384e-07 3.5094838214322385e-06 5.380044941818766e-08 0.00010839525772358864 0.0 0.0007104685641978896 1.7027718342074282e-07 9.046535163753445e-08 2.1234944367956284e-06 1.4863239221316999e-06 1.9564016547493838e-05 4.352602280311577e-05 0.0 1.866136896250774e-06 5.707162703477953e-06 1.9365203813408576e-06 1.3777279103881148e-05 0.00015355861588946663 0.00015559594313776127 0.0003326561859469653 9.19799242039101e-06 2.436290606555439e-06 2.0135820694317985e-05 0.00013282249919120088 2.2541968693503847e-07 0.0 2.240120340603837e-06 7.994622806685468e-06 0.0001723627039993655 0.00014964873114379322 2.6521833682368137e-05 6.343382944233682e-06 2.0127420308049837e-06 3.656916944308304e-06 9.232729654923291e-05 2.3940358437666952e-06
0.0031088280864712743 1.0471980179454976e-06 0.00010595318825409187 3.695195788102664e-05 5.558341471816699e-05 0.000553950379257174 0.0031463921975019597 0.004322700064240686 1.1057028413927005e-05 0.00039812595224110394 2.7827831159793653e-05 0.00019345892738213162 2.3553629281551757e-06 0.0 1.1086545514889597e-05 3.5790131933418114e-07 7.667313419116751e-05 2.051705198302054e-05 2.6660553066840205e-05 0.00010494425749630388 1.1977538960145115e-05 1.3855251265043156e-06 0.00019662398937011615 5.449554288353946e-05 2.3487851857171618e-07 7.210772286645608e-05 9.172086059030867e-05 0.0001102550947356654 0.00530315309256763 0.0011066736186910425 9.234710759497147e-07 0.000969806981839953 9.776619496514055e-05 0.0001683790843749063 3.982802224405601e-06 0.00012158167095631695 2.2752483186006517e-05 0.00013250475639995429 3.876733086139291e-05 3.452811221167682e-05 4.545585266448331e-06 1.3224027906180503e-06 7.236560392735013e-07 0.0 5.480215664186236e-08 1.760512919800522e-06 1.6654599816639529e-06 0.0 0.0 9.553324911749879e-06 8.618590157180294e-08 1.8472658213579998e-06 1.6406357545162618e-06 3.88608185147907e-07 3.0141204156645507e-07 6.023976005194893e-08 5.848961520013216e-07 1.6417867955389714e-07 2.4904722229377078e-06 6.058415791740748e-07 0.0 1.0764376528021594e-07 3.6660485093272434e-07 4.232707267556329e-06 3.2085880452903886e-07 7.082837453452527e-07 4.743204724441562e-05 0.0 7.253614884422614e-07 1.2861185790689646e-05 4.3847123009467144e-05 2.6279362523362755e-06 1.1095897144765937e-05 0.0 0.0 0.0 4.0717955857129403e-07 3.160081726464097e-07 1.0548222388698016e-05 2.0472948693968008e-07 2.7773334241180334e-06 1.016880169387714e-06 2.8502836801360175e-06 0.0 6.809211822959481e-07 9.968178679636661e-08
3.5389721059056763e-07 1.664999555985678e-06 1.890692277640276e-07 6.112026877288544e-05 0.00044380772816985026 0.00048193859995551816 2.1009741384014332e-05 8.963829985692352e-05 0.000452263120434849 4.5124724002615486e-05 3.5987299714066948e-06 0.0007830787291517249 1.1006376783597662e-06 1.1086545514889597e-05 0.0 1.6736476435610502e-07 1.209427372347284e-07 4.2299171483383276e-07 3.3116451581208286e-07 0.0001462800247417716 3.3928259816955594e-07 1.54409368232402e-05 1.5004291211993856e-06 0.0003762846591194864 2.092874444693106e-06 4.567534671796583e-07 4.176136723938025e-06 7.759706701543778e-05 4.184635467019142e-06 4.464839442447629e-06 3.132171764203255e-07 0.00016341345449372385 7.872014566930623e-08 2.6654260861834537e-05 1.5629912556951525e-07 0.000150572936225597 1.5653296052333525e-06 1.4416544309569409e-05 3.218897027528375e-05 0.0006834613374759624 6.203763474958233e-06 3.3791276858575973e-07 0.0 0.0 0.0 0.0 3.249382796395919e-06 0.0 2.969508440533685e-07 3.389116308807764e-06 1.085465844949708e-07 4.2818995885219385e-06 1.9057022852337325e-06 1.7756002609684792e-07 1.9528250774638166e-06 0.0 0.0 1.6044306933031348e-06 9.39535478988197e-07 0.0 0.0 0.0 4.24678875175505e-06 1.6456419234258274e-07 8.035441814551138e-08 6.633949386915434e-08 1.0618119597761828e-05 0.0 0.0 1.89264875432984e-07 8.938396437927899e-06 1.7742321283596722e-07 0.0 0.0 0.0 0.0 0.0 0.0 1.2488810362046412e-05 0.0 5.636490162227967e-07 5.384096291351411e-08 1.1233100228609204e-05 0.0 0.0 0.0
0.0 0.0003039539084095614 7.436199731893614e-06 0.0 0.0 1.6492817921743677e-07 7.859704856528173e-06 2.881496757867061e-07 2.392684469142412e-05 2.413111197371385e-07 4.184678700665553e-06 0.0 1.3917309651087397e-05 3.5790131933418114e-07 1.6736476435610502e-07 0.0 4.329420909624079e-06 1.6489141118833612e-06 1.0812720778606288e-06 0.0 0.0016419783242788621 0.001330654189797693 0.0034534018317688765 0.0012819703885890402 5.937461709016095e-05 5.403976289176636e-06 0.002231941176686896 0.00021908528481382066 2.4563638741455926e-06 2.8531303178903452e-05 9.428457139101911e-07 0.0 6.107802148962092e-07 2.3059268082118032e-05 1.9771115581929974e-05 0.0005755056355117328 0.00016696062661807138 0.00014199180480555375 0.00017811580334164184 2.2449038179098417e-05 3.666835392351571e-07 1.255843272176825e-05 2.585355285321698e-06 7.115359194801218e-07 3.832926270382084e-06 7.653734920087315e-06 0.0 0.0 0.0 1.5046822228763534e-05 6.092281672753549e-07 3.6130967955326895e-05 0.0 9.496739491079833e-07 1.712242416326383e-07 6.705673104349062e-07 2.754549702442452e-06 9.370121983920009e-07 0.0022337477649767654 3.346944105991281e-06 5.107337496007279e-08 1.0569497631516062e-06 0.0 0.00042481825370998275 0.0003957162615178575 0.0015368879434926436 0.0002371507408056571 4.182243701984595e-07 5.945296362325693e-06 0.0005819666003306705 0.00025819846889280426 1.324021524364871e-05 0.00013199735622224673 2.159930229566088e-07 1.6971097488138658e-07 1.2211313446753377e-06 3.7405901357268573e-06 1.7778626637457728e-06 5.291409242945876e-05 3.544763621292888e-06 1.5424787949350058e-05 1.0556444143393052e-05 3.8620789031848955e-06 6.161931586928522e-07 3.635541448058183e-06 8.003065242995629e-08
4.293913393188762e-05 0.000164522580355417 0.000830285593226877 4.3231018239641736e-07 9.899075112976547e-07 1.2449256737806027e-05 9.485299135973166e-05 0.00011041948041051722 2.1738527613974542e-06 3.512965646907168e-06 0.00032527948883200486 9.40281698784111e-07 2.5964629741502956e-06 7.667313419116751e-05 1.209427372347284e-07 4.329420909624079e-06 0.0 0.000539444660423522 0.0010749923821880894 2.833727339734537e-07 0.00037225328840137257 3.865555719731548e-06 0.0029464329313278344 1.1772983213497696e-05 5.720052419254227e-07 0.0008266548348489936 0.0010996602961210406 1.6287482108492476e-05 0.00015520265437473702 0.0008424484290892967 2.4601470552840157e-06 3.7447637173697436e-06 3.0440667682331536e-05 0.0014899101048482912 7.022427710695796e-06 0.0003478399416615834 0.0011476669387010207 0.0011087685211812759 0.0002667426976558761 9.119664878441598e-06 3.133979577327604e-07 2.926889006375974e-06 1.7531298379526382e-06 4.6589985577423715e-07 4.096389361874584e-05 4.49512377147129e-05 0.0 0.0 0.0 1.6523575914276553e-06 8.770288312964836e-08 1.2974185201905109e-07 0.0 1.396096389417629e-06 0.0 8.623951386020656e-07 6.746886637509242e-08 1.4566749170144475e-07 1.613593481235843e-06 6.177314237751811e-05 4.636606530692936e-06 0.00011287712235281966 0.0 2.5595536897071603e-06 7.937444610548298e-07 1.1305653859504383e-05 3.32607125658497e-06 3.715862871448392e-06 0.00017118345820064116 0.0005072063488713713 3.1241640137406578e-06 0.0 3.0153075637517334e-06 1.1454946025611085e-06 0.0 1.5401083322841828e-07 2.397472339331991e-06 1.0634337192008881e-06 4.213869933232234e-05 1.5886561004375963e-05 2.555779677581288e-05 2.4555780428179492e-06 7.760146838388725e-08 2.2553087088248182e-07 6.19207734938815e-07 1.9031410508649874e-07
8.611726877309935e-06 5.181799111462194e-06 1.750115777216304e-05 1.5635694785322253e-06 3.8206959006905195e-06 7.5460914970541555e-06 2.2298484878934058e-05 3.296800248724945e-05 6.524174392172515e-07 9.850634865657545e-06 0.0021537587923238476 1.1813094229850656e-05 4.58718268066305e-05 2.051705198302054e-05 4.2299171483383276e-07 1.6489141118833612e-06 0.000539444660423522 0.0 0.0014563508954763482 5.747649268239149e-06 1.2047265690958927e-05 2.8865247592867794e-07 6.82660278236303e-05 2.697286226181934e-06 4.108695126810183e-06 0.002305852248189625 0.0007838369163396828 4.445744951528357e-06 6.746994083477113e-05 6.099517751647457e-05 0.00011671338010596182 1.9747750992132775e-05 1.2844595207757136e-05 0.0005675402978409375 4.606172318135904e-06 0.00021395518973882182 0.0005471144618500415 0.0007993097069128839 0.00034594419867657025 6.875541705390462e-06 1.8061605345246966e-07 8.365831515112711e-06 9.82059051884395e-07 1.3558430874159528e-07 3.736016199894279e-06 1.164729863972853e-06 0.0 0.0 0.0 1.13732393893449e-07 0.0 3.9244043952314564e-07 0.0 3.431296686337797e-06 0.0 1.9024533513941734e-05 4.425389914788553e-08 0.0 4.1591064818804157e-07 1.9463219413190707e-06 8.749675824441766e-06 1.6721110847585517e-05 0.0 2.3247574815525596e-07 2.142105860254786e-07 2.566630107497099e-07 1.9046943605218627e-06 6.66687461615343e-06 5.3968395474909096e-05 0.00010281516210086502 8.636889929043671e-07 8.926975432614196e-08 6.206226769627608e-07 8.820624355857242e-06 0.0 0.0 7.173882051103232e-07 1.9283082594744332e-07 6.939398756580431e-06 2.805065011491057e-06 4.285267976922968e-06 4.0416758482899064e-07 2.1749883157408519e-07 0.0 2.772091425596021e-07 7.641797093197537e-08
1.3042191884574155e-05 1.1901719754003756e-05 3.274995929390645e-05 5.592820079517486e-07 5.29751213541821e-07 6.797422142699258e-06 2.2286147325307518e-05 3.939732113619625e-05 6.126757252637408e-07 5.199592086736196e-06 0.0008727299182502699 4.3267625769133145e-06 6.138758095766488e-06 2.6660553066840205e-05 3.3116451581208286e-07 1.0812720778606288e-06 0.0010749923821880894 0.0014563508954763482 0.0 1.9222983013382654e-06 3.386852490696288e-05 7.613497183196568e-07 0.00017079285337112053 2.6541816532564017e-06 3.5727700116619296e-06 0.0012593203253267115 0.0003596998133849046 4.482000925556228e-06 7.658994740055279e-05 0.00010233923674502027 4.792849360186714e-06 5.9810516538652535e-06 1.80690188585623e-05 0.0014332103941640745 4.038940613378535e-06 0.00045166516150414314 0.0006419985527933889 0.001231786398220721 0.0004632372135027957 7.759853671699079e-06 1.0582775605187622e-07 1.1978238816160078e-06 2.1552167424961755e-06 1.1878483389205363e-07 2.627383368972164e-05 4.831656208479717e-06 0.0 0.0 0.0 1.3822488453423963e-06 4.2977934740946106e-07 0.0 0.0 2.1566818272789892e-06 0.0 5.784511711181484e-06 1.1595626179121226e-07 0.0 6.262599494447191e-07 1.2274820628759578e-05 1.5521068823579796e-05 8.534406416219491e-05 0.0 1.3007126053295208e-06 7.171952169862026e-07 2.1498607935296793e-06 1.1841236356828378e-06 6.32853222768956e-06 0.0002049257779546713 0.0003384686334101494 1.5130732461919524e-06 9.848492031880585e-08 2.541682029695796e-06 4.843917291279541e-06 0.0 0.0 2.946188977436932e-06 4.3862973864602595e-07 1.9812230726191522e-05 1.6063517110585904e-05 2.0474037175080828e-05 1.4221557077610164e-06 1.1100900215626626e-07 0.0 3.330577516627177e-07 1.6056245437285092e-07
4.387205285904761e-06 0.0 6.3722974123009e-07 0.0031466381478768065 2.218550649452213e-05 0.0003007460733933574 3.857113447414773e-05 0.00021437662436858595 0.0003122882774130102 0.0017773789789575305 1.3759450288923181e-05 0.003619814889777379 3.2796501991635875e-06 0.00010494425749630388 0.0001462800247417716 0.0 2.833727339734537e-07 5.747649268239149e-06 1.9222983013382654e-06 0.0 2.1297071050113687e-07 0.0 1.2733414504530656e-06 0.00025768392165537526 5.9095499799048204e-08 5.8671765037333886e-06 4.29447381668334e-06 0.0016340266386007298 0.0001299087921831526 6.96768972537705e-06 8.549750976371409e-07 3.718933239312194e-05 1.7679426969811927e-06 0.00014066692857763212 3.2676329174805728e-06 0.00041695252432842806 9.176206723218174e-06 0.00019544745645329236 4.9683214407348096e-05 0.0003127442774625105 1.1129081651104829e-05 7.550097413290038e-07 3.710716908876495e-06 4.04434459101531e-07 0.0 0.0 3.085088819869274e-05 0.0 2.2993970530892148e-06 2.2433460700929585e-05 3.2325281199482047e-07 3.6795880046699816e-05 1.9674497793993592e-05 0.0 2.2944208892643084e-05 0.0 6.643309843913775e-08 8.24352361854048e-06 0.0 0.0 6.374561055723772e-08 0.0 1.620938211805482e-05 0.0 0.0 0.0 7.344151115782079e-05 0.0 1.2218695501860087e-07 6.933836240124833e-08 9.297554451733705e-05 3.975244767682373e-07 4.091014540478467e-07 0.0 2.977752744318651e-07 0.0 2.2587554931922534e-07 4.492899002322945e-07 4.8984486296080435e-05 1.3908170289252699e-07 1.1490022142127098e-06 1.0996284559611403e-07 5.364198825735526e-05 0.0 6.81870005219229e-08 0.0
6.281142785786571e-06 9.081112219889594e-06 0.00039404320042514524 8.367568340493402e-08 0.0 3.8713689571116345e-06 0.00020332482838095862 1.5232818819494475e-05 5.518473273689779e-06 3.204304798421373e-06 1.5350430155965803e-05 4.1423402620365416e-07 3.9842454581398784e-05 1.1977538960145115e-05 3.3928259816955594e-07 0.0016419783242788621 0.00037225328840137257 1.2047265690958927e-05 3.386852490696288e-05 2.1297071050113687e-07 0.0 7.540047424373096e-05 0.008866019994861578 0.0004932504151426144 3.233617413897784e-06 3.3164945646876935e-05 0.001439628481166587 0.0028561683330650183 7.510483545011507e-05 0.0077920928304446 0.0 8.412842848884692e-07 7.761925317731759e-05 0.0020899929610725346 0.0001299725272553525 0.00299716802096201 0.0010034028184134633 0.0031611706440096503 0.0013959066523696005 0.00010012410560177557 6.699806704592849e-07 3.110338589520503e-05 2.3640363705333253e-05 1.112576706679316e-06 4.834702742044595e-07 1.123506561085239e-05 0.0 0.0 4.696633897925669e-08 6.058259801949476e-06 1.0296209221325979e-06 1.3594485086417383e-05 0.0 6.607246915051202e-06 4.604373360654145e-08 0.0 3.1630148122598515e-06 7.674566535853452e-08 0.0006264487222437512 2.0196416744251088e-06 0.0 1.2232004277766745e-06 9.579612048985544e-08 0.00044467944559420863 2.6442141358979005e-05 0.00036124911156759453 0.00015806355869761948 6.293719448893175e-08 5.138618324395239e-06 4.6738289572890845e-05 0.00025784213029492105 1.7381458846293804e-05 0.0002288065528125858 0.0 0.0 2.446150601653495e-06 3.7036831971020892e-06 4.16024551930063e-06 8.925643818122835e-05 2.3408479524085197e-06 1.614495301160494e-05 9.275106183154153e-06 2.337754263616377e-06 2.921340447183148e-07 1.1251585862014761e-05 1.389492532816181e-06
0.0 0.0011476129516699153 7.773203920105833e-06 2.0589665635493275e-07 0.0 6.136880457112442e-08 1.1153003672230409e-05 2.0276393143392426e-06 0.002369134053036656 4.7383262204577523e-07 2.7863220574969403e-05 1.995232796166278e-06 0.00015206330935821724 1.3855251265043156e-06 1.54409368232402e-05 0.001330654189797693 3.865555719731548e-06 2.8865247592867794e-07 7.613497183196568e-07 0.0 7.540047424373096e-05 0.0 0.0001357524197970488 0.0026922198695944755 0.0006190611464638493 7.749732296106754e-06 0.0010207973069189288 4.830954305756055e-05 1.0547880665707206e-06 4.262683054441322e-06 1.0040038450970515e-05 1.8194004688619436e-07 1.0268409918946774e-07 1.3272714289739459e-05 9.219492351966801e-07 3.1273097625882e-05 3.9260301475384885e-05 4.84316853742938e-05 1.8510868236482378e-05 2.259264919023337e-05 0.0 9.150355613723734e-05 3.705709952085685e-07 1.1433318721089062e-07 1.978139147493821e-05 0.00011532656608417248 0.0 8.743144556301983e-08 2.2379950719440403e-07 1.4632366151956536e-05 1.2857801238245337e-07 3.4077960105547155e-05 0.0 1.8292621858905033e-06 7.772347945956948e-07 6.441572298568366e-06 4.4427206283714274e-07 4.61751978311332e-07 0.0008329163137837966 1.7570201417067666e-05 5.207380481791017e-07 1.9982124525172462e-06 0.0 7.947201629211138e-05 0.0002493109248487552 0.0003739892260395433 0.00014114749521711308 2.1538884424536552e-06 9.248878949848614e-06 0.002021188149622168 0.00010763878587787825 1.5347808326042668e-06 1.566753766893893e-05 1.451562337790864e-06 8.407798768983462e-08 1.2720027903069357e-07 1.1867199004638568e-06 3.5173730153753817e-06 9.849545240869147e-05 5.603818259983189e-06 2.149715587729257e-05 1.9214300897180662e-05 1.4142435048334628e-06 4.447830483878852e-07 8.347741718948714e-07 5.245148193153608e-07
0.0001156593762628706 0.00016993211963163893 0.01001308891955151 1.0078199771403723e-06 2.2837900596768214e-06 3.992268554461384e-05 0.0008753033637016591 0.00024794888344254433 6.006907752323558e-06 1.983481080730334e-05 3.939802649668471e-05 2.1118092737953948e-06 8.525949861148727e-06 0.00019662398937011615 1.5004291211993856e-06 0.0034534018317688765 0.0029464329313278344 6.82660278236303e-05 0.00017079285337112053 1.2733414504530656e-06 0.008866019994861578 0.0001357524197970488 0.0 0.000265417896868475 1.4841125569467236e-06 0.0017455086431090725 0.007620812163434571 0.0005483481644068261 0.0002883167818265477 0.0035321299900264503 3.420231475360028e-06 4.887542764225236e-06 4.515735788691639e-05 0.0019252191738267698 0.00023866612401627195 0.004445325015045867 0.003213317155375154 0.00498388912172514 0.003418760237303124 0.0003490139111657786 3.185826377159518e-06 1.9506492881473603e-05 2.9629376007909938e-05 1.242928403737441e-07 9.932908451998376e-06 0.0001351152412966202 2.6544689554001336e-07 0.0 1.7983390841083216e-07 1.99514127395573e-05 2.724535198859179e-07 3.609589523989101e-06 0.0 7.879312985412877e-08 0.0 4.694331644756721e-07 3.688642376578317e-07 7.139521017031135e-08 0.001032686795779175 2.7595363971379887e-05 4.671827546056538e-07 8.456180107027838e-06 0.0 0.0001759236135747533 9.990330897738603e-05 0.0012080549666092864 7.294750273667079e-05 8.042788432827197e-07 2.463711740910395e-05 0.0010371166023530134 6.861633117274596e-05 2.2289871614996695e-06 3.1686989422854406e-05 1.6661082261097646e-07 0.0 1.448939135314431e-07 6.789990336991765e-07 1.0633598619295634e-05 9.100999850893707e-05 8.097536140101396e-06 1.883759205751911e-05 1.3404688751216507e-05 2.3753120064097345e-06 2.5010351435790163e-07 5.401540695128402e-07 4.7107408224889315e-07
