0.0 7.980555589806995e-08 1.9551130178296402e-05 7.650070543604592e-07 0.0 9.39922327769195e-06 0.0010033137831303943 0.00033422041526359004 1.1924839563041217e-07 2.9671774489092197e-05 1.5579416170396882e-05 1.5011047549911302e-06 3.606868148110707e-07 0.0030642514257821487 0.0 8.945725474453091e-08 8.757220211084857e-05 8.14935599883183e-06 2.917708590166389e-05 2.9826298503533988e-06 2.919318348441355e-05 0.0 1.8759738187176195e-05 5.0657562525241905e-06 0.0 2.656361603142189e-05 2.3768854053424787e-05 3.543974125998952e-05 0.0025952925357882527 0.0014784475585386844 5.350410337598998e-07 6.971861328392534e-06 0.00012131181844689113 0.00017888652742320478 7.937973578624916e-07 5.673339659989917e-05 8.300997931703883e-06 8.65193367152083e-05 1.5611921112828464e-05 6.608000905483612e-06 2.7291668739836806e-06 0.0 1.379199598291608e-06 0.0 0.0 7.83834561191114e-07 0.0 0.0 0.0 3.917857243601084e-07 0.0 1.2126322411039483e-06 0.0 0.0 0.0 0.0 0.0 0.0 5.085180119024108e-06 2.2253084332061926e-07 0.0 0.0 0.0 4.451902120439175e-06 1.2262645157676009e-06 7.425808668349421e-07 5.627518817069868e-06 0.0 3.76423403122333e-07 1.3818078388540504e-07 5.191611506823482e-06 3.1110134163447736e-07 4.3989982846209445e-06 0.0 0.0 7.054948521020026e-07 5.702391998437241e-07 1.3266869038442188e-07 2.016619623150659e-06 2.695640843312529e-07 1.2987041499338503e-06 2.0979194738928473e-06 0.0 1.754442059680896e-07 0.0 0.0
7.980555589806995e-08 0.0 6.493988522350806e-05 0.0 6.021497235961973e-08 1.952011200459394e-07 1.60495236634907e-06 1.3540649310161614e-07 9.883051941949136e-05 2.2149894584702474e-07 2.3222385616379573e-05 3.4793289977822386e-07 0.0005130631858584044 4.4841522495131305e-07 2.150139881555588e-06 8.219182626604006e-05 3.959403945499081e-05 7.882744508802433e-07 1.266631310136279e-05 0.0 2.085018472579679e-06 0.001533654525618204 1.81774318090576e-06 0.0002770854394377746 0.001417675006197718 0.00020949342637785226 0.003239856874763312 1.0240899672582037e-05 2.720165147757783e-07 1.681214574637086e-07 1.634884771818976e-05 8.40930969725153e-08 0.0 3.0557860403228894e-05 1.6289474897712404e-07 6.187047963666005e-05 3.898655083197809e-05 6.338072385597504e-05 1.7175126658646063e-05 2.9816967904770254e-06 4.955537975940674e-07 6.706366801323051e-05 2.627069016408454e-07 0.0 7.121809769438774e-05 8.742831959829914e-06 0.0 0.0 0.0 4.80350909372685e-07 0.0 1.59047693745375e-07 0.0 4.295661213135547e-06 0.0 1.7119085961878417e-05 5.693842807483083e-08 0.0 6.811761906794918e-07 2.0416216702562284e-06 7.993110865521187e-07 2.7717738462142257e-06 0.0 1.936745036808361e-07 6.903421306187639e-06 2.174217987615999e-06 1.4076902885144192e-06 1.7334007529171826e-05 0.00012110116538877523 0.0009754972188401415 4.779167165905921e-07 2.021479875244058e-07 0.0 4.0629746676032564e-06 0.0 0.0 4.84449864353202e-07 0.0 3.052209866619355e-06 3.1400354171584236e-05 3.5579638350617193e-06 7.832749826482297e-07 0.0 0.0 3.931626767929736e-06 0.0
1.9551130178296402e-05 6.493988522350806e-05 0.0 9.640737093934443e-07 8.817973494766328e-08 1.0018335951351566e-05 0.0006250344604516454 8.289233588666938e-05 1.0383570208792097e-07 7.327432882379395e-06 4.204849746123132e-06 2.0098863877594527e-07 0.0 0.00012073743874978082 9.904865123160268e-08 8.469665427499052e-06 0.0013496494267126455 4.2724605246673925e-05 0.00014823199012705093 6.216722620508486e-08 0.0004016640281797338 2.1369560826485968e-05 0.0048295266031438775 1.658560750589205e-05 2.1325141534332676e-07 0.004837959492099977 0.0051096415275946015 0.0003854762888455018 1.0275094155629046e-05 0.00040001392973721707 3.1388102641716925e-07 4.6102628395809623e-07 1.910379114956558e-06 0.0003218730193488107 9.24402009507963e-06 0.001243412147145431 0.0025961216794008284 0.0008927930745209769 0.00040496227545695437 4.615414915934222e-05 1.8378709897459712e-06 1.400823791619607e-06 8.818592509230984e-06 1.295462819542687e-06 6.928803586893981e-05 0.00022869318870265485 0.0 0.0 1.0870574407696661e-07 6.660548435819978e-06 3.331856982830603e-07 4.0762675662965617e-07 0.0 2.3679667076250482e-07 7.20683104323212e-08 2.9865793830698177e-07 3.535486493738732e-06 0.0 7.529537356896899e-06 1.0575420428066006e-05 3.7329627260715593e-07 7.386492995326646e-06 0.0 4.5553386920917375e-06 3.188710982606217e-05 8.000165161071036e-05 4.9820631906498435e-06 1.250572028176631e-06 0.00017301663910629324 0.0024835984350990168 7.605721505101583e-06 2.850763247605846e-07 2.223942511288722e-06 7.316316351815107e-07 7.596231893798532e-08 0.0 3.221674370348494e-06 6.948546838439807e-07 2.8899586905166938e-05 0.00039279793597175714 1.7524465931086285e-05 7.681800364146572e-06 4.711227541156732e-07 1.7679421771241827e-07 3.4376318572548384e-07 1.5483223263579748e-07
7.650070543604592e-07 0.0 9.640737093934443e-07 0.0 3.860608494946848e-06 1.4775500086822284e-05 0.00023042133555283646 8.024598848033614e-06 0.000686390491804855 0.0015138998662276486 1.2873456326864949e-06 0.0007890326557494661 2.1172691410535238e-07 1.0420440994474323e-05 6.630081508418629e-05 1.2795129006984345e-07 8.276680523218126e-07 3.0809309145732684e-07 4.4293850673919814e-07 0.0023871259879371175 1.1485587926755322e-06 0.0 1.0306020474202158e-06 0.001458819292039712 9.180327050991171e-08 2.1137590705941826e-06 2.699342413474655e-06 0.0031591377299870264 3.985114129097635e-05 1.2921031736968464e-06 2.71038663472294e-07 2.3810850743522766e-06 8.237486877740611e-07 1.1252228804773998e-05 1.5110678787002366e-06 0.0001249157027112591 4.068768446769784e-06 5.007964499344329e-05 1.6052915923917306e-05 9.856899803386446e-05 9.313710293329477e-06 1.6333619554623913e-06 1.7732320421176076e-06 6.96735371641009e-07 8.757090961951931e-08 7.980940007791804e-07 0.00012686922893735683 3.567043914430737e-07 4.675451516395159e-06 0.00013359918226710986 1.0988735122560881e-05 9.404682345210651e-05 0.00012659642463965935 2.63924721337414e-06 7.614011217526147e-05 0.0 4.631578691544901e-06 3.441820225199848e-06 5.31909783418789e-07 6.990624701850408e-08 0.0 1.1274900920424297e-07 6.529611914357125e-05 5.580192015101617e-07 5.09261452330578e-07 1.1553503512107828e-07 0.0003257181370179286 0.0 2.474236768137548e-07 1.8232027190190066e-07 0.0002587396040056493 4.125297308932638e-06 1.468377477870912e-06 0.0 4.896020252266018e-08 5.144406893795734e-07 1.5081040674290087e-06 0.0 6.430461632116425e-06 0.0 3.2317559369295746e-06 1.3308419479188404e-06 1.6486660839464904e-05 1.0115326218623855e-06 1.191093357903481e-06 0.0
0.0 6.021497235961973e-08 8.817973494766328e-08 3.860608494946848e-06 0.0 0.00019794713076454459 1.8024582656758633e-06 2.413298078273151e-06 3.779821455502883e-05 5.500362080027403e-06 5.1548908272115146e-06 8.63037434039255e-05 8.767589000462479e-07 1.2793447948113642e-07 0.0009861794723177997 0.0 0.0 7.584695107011059e-07 3.636964028698389e-07 5.412351907771237e-06 7.161116265443098e-08 1.1322637470935985e-06 0.0 1.7863654372902823e-05 8.879002982196513e-08 1.235001320196986e-06 6.76624488065072e-07 2.2010051170734746e-06 7.717159441287434e-06 2.2884729248635688e-07 6.337140248222361e-07 0.0002500666988877202 0.0 4.519676184249439e-05 1.0134863962209273e-06 2.2470140839873882e-05 1.5427905044121848e-06 2.1558731595917435e-05 7.394280782986843e-06 0.0010294547403453347 3.9574613605028303e-05 1.1907202460801523e-07 1.2476109733662596e-06 0.0 0.0 0.0 0.0 0.0 0.0 0.0 0.0 1.1553550656507686e-07 0.0 0.0 6.482501425760781e-07 0.0 0.0 0.0 2.0736883056808885e-07 0.0 0.0 0.0 3.1196548574219005e-07 0.0 2.4782934375644607e-07 0.0 3.673386178078158e-07 0.0 1.225802347748212e-07 0.0 5.608883884494535e-07 0.0 0.0 0.0 0.0 0.0 0.0 1.4099608689927802e-06 8.042249855747642e-07 0.0 0.0 0.0 1.4937426345420006e-06 0.0 0.0 0.0
9.39922327769195e-06 1.952011200459394e-07 1.0018335951351566e-05 1.4775500086822284e-05 0.00019794713076454459 0.0 0.0010406507318484522 0.0033187496674196436 2.488611761622743e-05 0.0028337877444285626 0.00012264510238128339 0.001798545193941369 1.8745136691607304e-05 0.00044438016724145167 0.0013887273840971321 0.0 7.77260137019891e-06 2.6812650955169366e-05 1.2198963504693895e-05 0.00010257107652226086 1.4235665733275061e-05 6.315988254902263e-07 6.065566967255648e-06 3.501930874647614e-05 8.68128348900765e-07 5.048290377895344e-05 3.0216889499609525e-05 0.00012086304613496516 0.00042437827768910196 1.902444097459222e-05 1.658972134321285e-05 0.0003190587796450223 5.028699985482839e-06 0.0002750819874451254 5.0308489419040465e-06 0.0003143681507281124 2.4436194819549664e-05 0.0003725791268108629 5.127129632867896e-05 0.0015694626414368507 0.00015312892743982805 6.756896345778821e-06 1.1267733455379674e-05 1.2367725098162842e-07 0.0 7.731411452447089e-08 1.2762402188566396e-05 1.7453155834268264e-07 7.782486506027818e-07 1.0435564582417344e-05 4.7296330546417167e-07 3.77060706641063e-06 8.433025237393552e-06 0.0 1.4911211077532841e-05 0.0 6.177618931642602e-07 2.2317502185196674e-06 4.586974482915835e-07 2.08480741856906e-07 0.0 0.0 5.822008201084185e-06 7.202013904904756e-07 2.2946302383199398e-07 7.872952532006551e-08 3.0824899862475185e-05 0.0 5.178406288219429e-08 1.3348672132293048e-06 2.176908185532167e-05 2.754048889748307e-07 2.9108062236035965e-06 0.0 0.0 1.7694460834797319e-07 5.816404655941956e-08 0.0 4.193885313586178e-06 2.7923081841875043e-07 1.0400835677249107e-06 6.387147757217053e-07 9.040400093749097e-06 0.0 1.4275120410074285e-07 0.0
0.0010033137831303943 1.60495236634907e-06 0.0006250344604516454 0.00023042133555283646 1.8024582656758633e-06 0.0010406507318484522 0.0 0.003188292220690615 0.0001174625584754283 0.0032007384598769324 1.849524321737146e-05 1.2640145865549314e-05 3.828313557456809e-06 0.004545452253297801 8.6460044936379e-06 4.39027907227302e-06 0.0002804167100037323 2.2736460973264897e-05 6.761951193815321e-05 2.2077626513679276e-05 0.0010690669789105317 6.501935787198721e-06 0.0005450533909476531 0.0011700384241189435 1.9283800742765782e-06 0.00046268637948103174 0.0004002293074074665 0.008425992700101267 0.00126526131246227 0.004024803918344556 2.547295187417317e-06 2.0864979581361e-05 0.000132209248063107 0.0002842576493496355 4.6416726685707015e-05 0.0018146311924285502 0.00015311406326075981 0.001006903688307205 0.00033885785584309396 0.0002567670124143582 7.420699043616975e-05 5.1902784373324e-06 3.4942541031298814e-05 7.935217287657939e-07 1.321708824729115e-06 9.314553158748605e-06 2.9788398479152425e-05 2.105058614072366e-07 1.6965930566353545e-06 0.0001544538039095255 9.325146947110546e-06 5.1556189486827974e-05 2.4075902709546496e-05 1.7637752365212722e-06 5.225717078080701e-06 0.0 6.402225717026052e-06 0.0 2.1493596430120697e-05 2.571744748876197e-06 1.0438504817241398e-06 5.291321373128479e-07 8.641549708866763e-06 1.955712053262138e-05 1.1891847614711834e-05 1.2691751705611066e-05 0.00033660014070194483 2.3699147057327962e-07 5.533869410086609e-06 6.258341826246231e-05 0.0003666235061352288 1.0150303077851901e-05 4.070497154188116e-05 2.034366733237268e-07 6.411487179164477e-08 1.9763116327139584e-06 3.904944222589573e-06 1.8017827501345111e-06 4.576654898700486e-05 7.120961230976866e-06 1.6122794275042272e-05 5.8840640560772775e-06 7.716642275715453e-06 8.845141453288083e-07 0.0 0.0
0.00033422041526359004 1.3540649310161614e-07 8.289233588666938e-05 8.024598848033614e-06 2.413298078273151e-06 0.0033187496674196436 0.003188292220690615 0.0 3.5446606240618495e-06 0.0012246199504020903 7.320208373460385e-05 0.00032694761242834237 9.25179712022548e-06 0.003971357642826712 0.00010911819502659459 5.306123865236019e-07 0.00017892674727909726 2.954159570682657e-05 5.965511099280862e-05 9.9874206747614e-05 8.977334206090564e-05 2.624054408108187e-07 6.19915681928926e-05 2.847354627647762e-05 2.344541462310596e-07 0.00011535750853847386 6.799879127681594e-05 0.00011177377486091151 0.0006233523860374816 0.0008566004545536986 7.215265358998616e-06 0.0002591527364381953 3.821737361760435e-05 0.0002509175457687988 1.086200243028257e-05 0.0004673193323893601 2.941457593913105e-05 0.00034673936204689625 7.752865967133853e-05 0.00034805745217367316 3.8367312503627495e-05 2.9006580984738483e-06 1.073455324081297e-05 1.3323964729192123e-07 0.0 8.736574695998595e-07 1.2759533073830235e-06 0.0 7.612007004605895e-08 1.1038427749436945e-05 4.6228921022722324e-07 3.101711278357927e-06 2.2814744024129313e-07 2.454861948802459e-07 5.9529959982403895e-08 6.13229507012053e-08 3.9889864630716444e-07 0.0 5.071693647973321e-06 2.399392994682306e-07 0.0 0.0 9.018189305164023e-07 7.752574849615266e-06 2.043856866951234e-06 1.234296677061558e-06 3.868122064444545e-05 0.0 5.544329864741812e-07 3.818273813479821e-06 3.746131308380228e-05 1.4341530645008546e-06 9.074611714422543e-06 0.0 0.0 9.798629295428207e-07 4.310441742748342e-07 0.0 8.674138045919175e-06 7.168595490882584e-07 9.534352612689309e-07 4.05549905656776e-07 7.500753228886524e-07 5.411012509887743e-07 1.1285462115441687e-07 0.0
1.1924839563041217e-07 9.883051941949136e-05 1.0383570208792097e-07 0.000686390491804855 3.779821455502883e-05 2.488611761622743e-05 0.0001174625584754283 3.5446606240618495e-06 0.0 0.0001691337582037565 6.220994837529359e-07 0.0001606368964419037 2.8558694979035444e-05 2.0808502662982857e-06 0.00039096772289746784 4.5341888962952856e-05 5.965138781692022e-07 1.4740853990155314e-07 6.007742538759438e-08 0.00038762674307827065 2.0675137806960495e-05 0.0009351748997550247 2.78165598348941e-06 0.00468722486893503 5.513465903769084e-05 1.441945570848277e-06 7.483846379384766e-05 0.0005005024690391353 3.0503419587772076e-06 6.63552821476063e-06 2.7402881019989815e-06 4.167097950530326e-06 2.2118984422642602e-07 2.063538065424011e-06 3.802472938895019e-07 1.7758006626962967e-05 1.0169933789344396e-06 7.776275103928902e-06 1.466571469351608e-06 0.00014582224067146392 2.251226173210565e-06 2.2684421103170163e-06 0.0 1.2017610143196913e-06 1.292758739936744e-06 3.29429575254707e-06 6.969244273950938e-05 0.0 3.3638023976862165e-06 5.862445779583822e-05 5.494770571572492e-06 9.222488608028528e-05 5.723457381973379e-05 4.769176163292249e-07 5.4093131097218746e-05 2.35113760093756e-07 2.651624262020643e-06 5.372250163465818e-06 0.00011985795665328688 1.1593320015805117e-06 1.1665543664911356e-07 5.071045323283132e-07 4.05835129785601e-05 7.189443659357077e-05 9.238209794136935e-05 1.391279409991477e-05 0.0008424821494735864 6.232610580568494e-07 2.205471985251605e-06 4.338259079276606e-06 0.00031322563881207473 1.0889065613561065e-05 2.0453900232214646e-05 9.861567026769499e-08 0.0 2.289030613383216e-06 3.794433880078056e-06 3.0640251451454663e-07 2.0254116489623563e-05 5.047121833865289e-07 6.06797766428819e-06 5.0458235960159425e-06 1.6019422524815896e-05 8.517888007042601e-07 1.518560194143359e-07 0.0
2.9671774489092197e-05 2.2149894584702474e-07 7.327432882379395e-06 0.0015138998662276486 5.500362080027403e-06 0.0028337877444285626 0.0032007384598769324 0.0012246199504020903 0.0001691337582037565 0.0 6.609968293106156e-05 0.0023589082616191567 1.6455493005652714e-05 0.000576291515216727 7.236921754075343e-05 1.57266106874648e-07 7.209268807945774e-06 2.174626295919256e-05 1.5169603714444833e-05 0.0018204263514734371 6.737201042211272e-06 6.013264209793908e-07 6.647823614403264e-06 0.00035767029098711785 3.3033192968614443e-06 4.2065539516199915e-05 3.393514374630245e-05 0.002866118714086107 0.0009450970703216954 2.0493606464735936e-05 1.4779002176711597e-05 5.5828516417857344e-05 8.037952550261009e-06 0.00023843751204534054 7.834087810033794e-06 0.0008558271622703036 4.4746832224743995e-05 0.0007632803629131151 7.756565976858813e-05 0.0004504309484953341 0.00011085099556419513 4.1735190262858085e-06 2.562549867796828e-05 3.3566787217193e-07 0.0 1.4143023500562549e-07 7.687105053717768e-05 1.1510382525759777e-06 5.32683143976619e-06 0.00010219012895989643 7.804590718538504e-06 4.671622076604709e-05 6.169295191579446e-05 2.9651119045225437e-07 4.8373911470134664e-05 0.0 2.981357885950677e-06 7.051417074185507e-06 7.456381004682718e-07 7.145283477072662e-07 0.0 2.531093126731433e-07 4.5345855068412363e-05 5.810457156301182e-07 3.0519864191529893e-07 2.530759718137825e-07 0.00022134150361971498 1.4395934093219418e-07 2.3309870650988208e-07 1.2971273948624086e-06 0.00020176940056284003 4.111425048037479e-06 5.477549028104976e-06 0.0 5.412657891915305e-07 3.6961996929500965e-07 8.354403885111327e-07 6.311981575528172e-07 1.425068345868056e-05 5.522173568287388e-07 5.396941605426685e-06 9.604430427098113e-07 1.5378033837656914e-05 6.822248690110913e-07 3.4165086177714113e-07 0.0
1.5579416170396882e-05 2.3222385616379573e-05 4.204849746123132e-06 1.2873456326864949e-06 5.1548908272115146e-06 0.00012264510238128339 1.849524321737146e-05 7.320208373460385e-05 6.220994837529359e-07 6.609968293106156e-05 0.0 4.7569254306324965e-05 0.0016377947057140342 0.00011041805037056991 1.9525433078330624e-06 3.6739663939759e-07 0.00029153415675359896 0.0011578792004212288 0.0001925031966491698 2.1614159254091654e-05 1.8202480720244976e-05 6.678654586613093e-06 3.064321888987161e-05 2.5688603737951126e-06 0.0001857476924775189 0.001131645072187546 0.00022913925509167126 1.092051854357511e-05 0.0003561572984276752 3.2700787654555343e-05 0.00039799060505063956 0.00013268916172303635 2.9222886371832337e-06 0.003601068504138364 2.421718824097526e-06 0.0004249623402980492 0.0015063158298001067 0.002552229604910235 0.0005306117038132305 8.328458745716153e-05 4.742516607430245e-05 0.00059633084042749 6.5736271293108625e-06 0.0 6.707085964084191e-08 0.0 8.542625565570467e-08 0.0 0.0 1.1833796803904188e-06 0.0 4.1550915588005643e-07 2.0766501632202298e-07 7.145143914783725e-05 0.0 0.00019983094962078808 0.0 0.0 6.997742486890964e-07 1.0591731846770594e-07 6.562253271020956e-07 1.522192521499095e-07 0.0 5.185350658318876e-07 1.7519113398018997e-07 5.411637279366974e-07 2.302927083564789e-06 1.6147483793001957e-05 7.851631281796467e-06 1.809772133619373e-05 3.865121284318788e-06 2.4441131530515697e-07 1.067506955454556e-06 2.1202751465626272e-05 9.58133816565295e-08 0.0 1.1967586367260647e-07 2.0182781249125616e-06 4.695197013883204e-06 9.709814287144078e-05 4.029715355312505e-06 1.7883821456001188e-06 0.0 0.0 3.4869634476448e-05 1.5326827875545333e-07
1.5011047549911302e-06 3.4793289977822386e-07 2.0098863877594527e-07 0.0007890326557494661 8.63037434039255e-05 0.001798545193941369 1.2640145865549314e-05 0.00032694761242834237 0.0001606368964419037 0.0023589082616191567 4.7569254306324965e-05 0.0 1.1125475768200606e-05 0.00015995681886439448 0.0012507981372204397 0.0 7.290545226647053e-07 9.29701710691986e-06 4.863639839005962e-06 0.003604986165915337 1.0503453320945386e-07 2.030336855420655e-06 2.5754193108186185e-07 0.00018475182909118463 4.032196811417268e-07 2.0443705259992056e-05 1.1479446285626474e-05 0.0005178101059532515 0.00020265788022750874 1.5162531171039166e-06 8.09743576933166e-06 5.909307618846637e-05 1.272624169485309e-07 0.00010464873163419636 7.437820254457652e-07 0.0002938562436015851 7.840254747743328e-06 0.00018740840049540064 1.082808608220576e-05 0.0014437338750612112 4.970556557165683e-05 2.7257307989959038e-06 3.098929669574051e-06 1.7021758242636964e-07 0.0 6.861225641238795e-08 6.758736616384541e-05 0.0 1.0984239538771273e-05 2.7338119144400622e-05 7.544958961155693e-06 4.307533572062333e-05 9.73718054478031e-05 1.710258192219883e-06 0.0001261013612967246 2.2424903329053933e-06 3.110999192327194e-06 1.5314816425348885e-05 2.964331983248096e-07 0.0 3.842828035506391e-07 0.0 5.096811873320773e-05 2.662411516558986e-07 1.4581915777598692e-07 2.588149997678237e-07 0.00010576781878910529 0.0 2.3021495577355228e-07 3.1229231960327676e-07 6.53745513448762e-05 3.160196692576395e-06 2.1131886021196545e-07 0.0 1.6837193013875107e-07 0.0 4.7678162384822194e-07 0.0 3.6183744227028143e-06 1.379138786263031e-07 2.8272640110670727e-06 1.618275144398503e-06 6.309663953008512e-05 1.6330084489138158e-07 1.5130617130569298e-06 0.0
3.606868148110707e-07 0.0005130631858584044 0.0 2.1172691410535238e-07 8.767589000462479e-07 1.8745136691607304e-05 3.828313557456809e-06 9.25179712022548e-06 2.8558694979035444e-05 1.6455493005652714e-05 0.0016377947057140342 1.1125475768200606e-05 0.0 1.2512227100868133e-05 1.3742993796394087e-06 1.0059187104736067e-05 3.480475413675062e-07 3.333540608310388e-05 1.0280218471575823e-06 5.005914336773738e-06 2.2905470066338627e-06 0.0002623010988543267 5.0336511795482935e-06 7.539455422876746e-05 0.0031217072593557327 0.0005606671243846516 0.001747068008211615 7.512321147966882e-06 2.516156964535488e-05 1.639565869671489e-06 0.0002587929543031814 2.1798287203679445e-05 4.3791504158293094e-07 0.0007910609050041409 1.4157073308966482e-05 0.0006348475769068552 0.002247770480410174 0.0018957412692757792 0.00037251623063030216 6.701539181648846e-05 6.856908490083442e-05 0.0011692475363010786 1.0796100688049616e-05 0.0 4.376883530452559e-06 9.501496278836281e-07 0.0 0.0 0.0 2.682109805938523e-07 2.1529359606971495e-07 6.372547009162972e-07 7.123211743230964e-08 0.0006047242771744392 0.0 0.0015754713336846799 5.305286563705524e-07 2.8295041982728746e-06 1.65915269439968e-07 0.0 2.9597027132305537e-06 6.418133265371836e-08 6.124433847624882e-08 0.0 5.405341760615877e-07 1.0426797036441454e-06 4.324481090192195e-07 0.0001744810131199532 7.36714221496352e-05 0.00021909785997339379 7.540037128282689e-07 1.2966298133289622e-06 0.0 0.0002521473519757516 2.317071524795142e-07 0.0 8.855115135643862e-06 4.511007475021323e-06 0.00010135640697626574 0.0005219992082083901 1.6683390397943288e-05 5.57323924395506e-06 2.118450464189011e-05 1.0366362332953297e-06 0.00021190506246312953 0.0
0.0030642514257821487 4.4841522495131305e-07 0.00012073743874978082 1.0420440994474323e-05 1.2793447948113642e-07 0.00044438016724145167 0.004545452253297801 0.003971357642826712 2.0808502662982857e-06 0.000576291515216727 0.00011041805037056991 0.00015995681886439448 1.2512227100868133e-05 0.0 5.652752334684266e-06 4.76951479599503e-07 0.00032317645331799837 5.3069212600938424e-05 0.00012094488158431495 8.669316848501453e-05 0.00012033294659456722 4.7271664256630714e-08 8.414344247712625e-05 1.841653057059599e-05 3.907487641725829e-07 0.00017388496750884465 0.00011959489695013983 0.00010876914741659429 0.0023293942735199873 0.0021672301735358515 1.1220526051913123e-05 4.385364211462146e-05 4.781000155887296e-05 0.0004222027659742089 8.50757965041473e-06 0.0005115922239712528 4.8029398068353884e-05 0.00042078445361918714 7.456696208317668e-05 0.00020280489201118392 3.00693276299801e-05 2.3008484020300765e-06 1.1921081067078069e-05 0.0 1.9411371110331996e-07 1.1710702308671757e-06 7.422733536833118e-07 0.0 0.0 4.270645137385587e-06 1.0225216841628342e-07 3.6930824627588902e-06 6.57143963340458e-08 3.7148730375932074e-07 2.053687357748734e-07 1.3595845209014464e-07 7.059215131679832e-08 0.0 8.955158024043332e-06 5.745265073197912e-07 4.631109923309531e-08 2.7652712955918496e-07 6.701285928728385e-08 1.0332211566780859e-05 2.6151480239983312e-06 1.675790895998436e-06 2.528397157236439e-05 0.0 1.6904094230126834e-06 3.851251949774216e-06 2.8985363256834902e-05 1.0990614965156507e-06 1.3353041526239035e-05 6.124956683266577e-08 0.0 3.380820986635955e-07 1.2114060237580643e-06 8.879604561727706e-07 1.1222380309115524e-05 1.580062624849006e-06 1.2354552782952099e-06 7.163069615077315e-07 5.619866448512841e-08 3.522661581788041e-07 0.0 0.0
0.0 2.150139881555588e-06 9.904865123160268e-08 6.630081508418629e-05 0.0009861794723177997 0.0013887273840971321 8.6460044936379e-06 0.00010911819502659459 0.00039096772289746784 7.236921754075343e-05 1.9525433078330624e-06 0.0012507981372204397 1.3742993796394087e-06 5.652752334684266e-06 0.0 9.122669874686143e-08 0.0 0.0 0.0 0.00010369907130572189 7.288639743444046e-08 1.7480748610552432e-05 8.254293813818433e-08 0.0005283216636343786 5.793526073303725e-07 3.7686859066328565e-07 1.804401184080707e-06 2.8872495906692522e-05 4.1500614424613975e-06 9.713969590725266e-07 2.0483760526714807e-07 0.00044144610755865693 0.0 3.1463798964305854e-06 2.0877625654640976e-06 0.000311669280574107 1.5454293760928076e-06 7.46275614225542e-06 1.1262438531919561e-06 0.0008213702881254228 3.540528754220468e-05 6.217517075849273e-06 2.194745245434812e-06 0.0 0.0 1.815963717656648e-07 6.204793405435474e-06 0.0 3.895086286106317e-07 6.048028290630587e-06 8.21294605151919e-08 5.553960582206713e-06 6.230318012111926e-06 3.411305167188758e-06 1.8818651974099672e-05 0.0 0.0 4.803989949616454e-06 1.326797221739892e-06 0.0 0.0 0.0 5.517266974523099e-06 7.874045772414127e-07 1.7119889693198415e-06 1.0048563802280913e-07 1.0670960040918377e-05 0.0 0.0 0.0 1.0664578230926558e-05 4.311001147154254e-07 1.1370417598163217e-06 0.0 0.0 0.0 0.0 0.0 4.1705354356028546e-06 0.0 3.903608634483256e-07 0.0 9.711134428451493e-06 5.160384895412227e-07 0.0 0.0
8.945725474453091e-08 8.219182626604006e-05 8.469665427499052e-06 1.2795129006984345e-07 0.0 0.0 4.39027907227302e-06 5.306123865236019e-07 4.5341888962952856e-05 1.57266106874648e-07 3.6739663939759e-07 0.0 1.0059187104736067e-05 4.76951479599503e-07 9.122669874686143e-08 0.0 4.127869885393673e-06 2.852961960481501e-07 5.103150744532974e-07 0.0 0.0019201377260806864 0.0011690436745806407 0.0022337929065240456 0.00084239901040513 2.3805731553998555e-05 2.90683715781556e-06 0.002958451815035333 0.00045060455103292877 5.457870896141812e-06 5.832210098436854e-05 9.934138822403357e-07 1.9368523221723674e-07 1.804027163347328e-06 2.2915608410067217e-05 1.4733053265392239e-05 0.0008724056157027092 0.000390731188392041 0.00020786807867305908 0.0002344627881393335 4.474274356083382e-05 2.3378235127477764e-07 7.756370547181867e-07 6.864624489139651e-06 5.434555828564007e-07 1.8195192675965033e-06 6.551340165144274e-05 1.2539297585157742e-07 0.0 5.053603594232051e-08 5.1183804243646554e-06 3.359327047763354e-07 8.74204167103474e-06 1.9692546257240343e-07 4.077814752060631e-07 6.397741401172731e-08 7.247813372723803e-07 4.4116798818433023e-07 0.0 0.0022200993290628604 8.005848483881757e-06 2.907244617094895e-07 3.5821819387535007e-06 0.0 0.00048319647160337855 0.0005967284353909822 0.0012934298202561274 9.444828797697216e-05 5.843868350009865e-07 2.743744480933022e-05 0.0005264897273643185 0.0001424281615837984 1.233233782357417e-05 0.00010722614236269027 1.5264428652173262e-07 0.0 7.074848864501775e-06 9.338678982586715e-06 5.175035591046703e-07 0.00029420611007158583 1.4148821951696631e-05 1.747822701799914e-05 9.600313451064573e-06 5.543486234818903e-07 7.866880673083984e-08 0.0 5.569333767892673e-07
8.757220211084857e-05 3.959403945499081e-05 0.0013496494267126455 8.276680523218126e-07 0.0 7.77260137019891e-06 0.0002804167100037323 0.00017892674727909726 5.965138781692022e-07 7.209268807945774e-06 0.00029153415675359896 7.290545226647053e-07 3.480475413675062e-07 0.00032317645331799837 0.0 4.127869885393673e-06 0.0 9.094683646955538e-05 0.0017646969197701533 6.891864999070274e-07 0.00033399269284497884 2.4647952186388974e-06 0.0031408508667244302 7.456319657501496e-06 2.6505561865292095e-07 0.0009007657165197796 0.0031304306515771148 0.00026815227809878507 7.027675842893901e-05 0.001048442167325698 6.309216620185002e-07 1.8531088370263851e-06 1.3269066409188984e-05 0.001615301422631157 7.797060747036899e-06 0.00038612039148286 0.000762853743631514 0.0007451236878616644 0.0001478349800854021 1.277641134235812e-05 1.7775305410795877e-06 1.1990024893027746e-06 3.5246093293084385e-06 6.036038522610828e-08 6.952151949460923e-06 2.5151476377618695e-06 0.0 0.0 0.0 7.062791777676812e-07 0.0 1.7397581506043555e-07 0.0 9.404082867215409e-08 0.0 6.30412748840115e-07 0.0 0.0 5.165429953553079e-06 1.2647527366169307e-06 1.2407050323235638e-07 1.2830946391400495e-06 0.0 4.133689551507691e-06 1.0619613469572397e-06 1.1497560778005291e-06 7.611049782162783e-06 3.72477675935849e-07 2.3095929347432437e-05 9.52258656990562e-05 8.204879313418094e-06 3.0434615649025444e-07 5.734253802062615e-06 0.0 0.0 7.56416435795831e-08 3.2896330142528705e-07 0.0 6.215983893246135e-06 2.6599483410138115e-05 1.6099969233152203e-06 2.713031053303222e-07 5.195129043936422e-07 0.0 0.0 0.0
8.14935599883183e-06 7.882744508802433e-07 4.2724605246673925e-05 3.0809309145732684e-07 7.584695107011059e-07 2.6812650955169366e-05 2.2736460973264897e-05 2.954159570682657e-05 1.4740853990155314e-07 2.174626295919256e-05 0.0011578792004212288 9.29701710691986e-06 3.333540608310388e-05 5.3069212600938424e-05 0.0 2.852961960481501e-07 9.094683646955538e-05 0.0 0.001242028181774972 4.624866913226495e-06 9.338493832512556e-06 3.267643676929844e-07 4.80798542094038e-05 1.1234240149717613e-06 1.3132538885967334e-06 0.002192249565953803 0.000578542986549311 8.722753066489993e-06 8.79784118639664e-05 2.7557610881322023e-05 0.00011524828371756546 2.2210206797695863e-05 1.299558287536511e-06 0.0005174085243361374 3.412826317351823e-06 0.0006086065682113413 0.0007498217039365226 0.0010530561242985178 0.00025423436830058 1.7470089597276196e-05 1.705636363372481e-06 1.585340027581343e-05 1.3782568122282358e-06 0.0 1.3744926631843496e-06 9.212449800993393e-08 0.0 0.0 0.0 7.807206905693033e-08 0.0 0.0 0.0 5.743337139067192e-06 0.0 3.957070636211273e-05 0.0 0.0 1.8205466629922734e-07 0.0 5.240560658019255e-07 0.0 0.0 9.022753987353757e-07 0.0 2.495830517226069e-07 8.097828728522606e-07 5.469451459265267e-06 2.024051651524468e-05 5.937507470170019e-05 4.7321300938818937e-07 0.0 1.667101410105884e-07 2.0234760935783767e-05 7.571072923797318e-08 0.0 2.2576699632228447e-07 5.771746422378996e-07 4.478451710077246e-06 1.1821416102628508e-05 4.924777146952798e-07 0.0 0.0 0.0 2.3656959615042018e-07 1.66209187166017e-07
2.917708590166389e-05 1.266631310136279e-05 0.00014823199012705093 4.4293850673919814e-07 3.636964028698389e-07 1.2198963504693895e-05 6.761951193815321e-05 5.965511099280862e-05 6.007742538759438e-08 1.5169603714444833e-05 0.0001925031966491698 4.863639839005962e-06 1.0280218471575823e-06 0.00012094488158431495 0.0 5.103150744532974e-07 0.0017646969197701533 0.001242028181774972 0.0 3.594463857646123e-06 3.39430306985976e-05 4.520870686580671e-07 0.0002242603881424158 1.1083658558107075e-06 7.760745080292162e-07 0.0023494130516170703 0.0005588102739514429 3.133427991907298e-05 8.443394951396028e-05 0.00010881260037172048 1.1838139525162687e-06 8.436119111994236e-06 5.443534156726948e-06 0.0013555239660751903 1.84721539629745e-06 0.00047650692568777895 0.0007491773554092647 0.0010045505122673625 0.00016875988857030223 8.392572415962688e-06 8.439506110086481e-07 3.878085034403447e-06 2.250073310002517e-06 0.0 1.8917561426181633e-06 8.233126742784867e-07 0.0 0.0 0.0 2.8183170275591746e-07 0.0 0.0 0.0 3.6764811866927815e-07 0.0 5.7759953475179865e-06 0.0 0.0 6.182844484879028e-07 4.2485718957725393e-07 2.835942067628091e-07 1.5330629073291924e-06 0.0 1.5209724116889763e-06 3.35984491413047e-07 3.956033801742147e-07 1.3151132085130677e-06 1.002468172348457e-06 3.780841478533853e-05 5.4885077892980444e-05 1.6188010423025685e-06 4.6242487567049734e-07 2.7174665343538776e-07 6.023914282623143e-06 0.0 0.0 1.7254553891353362e-07 2.487498997487485e-07 3.846214736291611e-06 1.8731544655326022e-05 1.8162022513309687e-06 5.43846116871461e-07 0.0 0.0 1.9668584160381537e-07 0.0
2.9826298503533988e-06 0.0 6.216722620508486e-08 0.0023871259879371175 5.412351907771237e-06 0.00010257107652226086 2.2077626513679276e-05 9.9874206747614e-05 0.00038762674307827065 0.0018204263514734371 2.1614159254091654e-05 0.003604986165915337 5.005914336773738e-06 8.669316848501453e-05 0.00010369907130572189 0.0 6.891864999070274e-07 4.624866913226495e-06 3.594463857646123e-06 0.0 3.7682526028784634e-07 0.0 5.5844512355582e-07 0.0003377209708235418 1.7048296462404902e-06 8.420309093094753e-06 7.2286130768603e-06 0.0010324695796446663 0.0001592311228153365 1.7007280452274403e-06 3.324178175184465e-06 1.4853204149242251e-05 4.324310351014322e-07 5.2977317577233e-05 1.6849558862541216e-06 0.0001889668933468492 9.002127199637075e-06 0.000152421642090139 1.1101356918335879e-05 0.00030312211578857 3.087576801160193e-05 2.5880768941277513e-06 3.7161262589115523e-06 3.1573866867242794e-07 0.0 1.6243337094497608e-07 9.581551515298531e-05 5.152468034030253e-07 5.288436131609775e-06 6.438856000861444e-05 5.564012804584313e-06 5.368713579165886e-05 8.360658350434083e-05 2.3087610289105495e-07 7.997758787732098e-05 0.0 3.014597962476837e-06 7.536206437679107e-06 9.153821407578806e-07 0.0 0.0 0.0 4.947421564631096e-05 6.318325597796967e-07 0.0 8.93408293130917e-08 0.00018464698854231526 0.0 0.0 3.615015252548216e-07 0.00014263721353315018 1.6350845608663742e-06 2.4316937678845437e-06 0.0 6.43205963614575e-07 5.334597383854449e-08 2.1166235176100294e-07 0.0 5.3390974314966975e-06 0.0 1.8969219583785496e-06 1.1048703279121882e-06 2.577866594453797e-05 3.507527040204727e-07 0.0 0.0
2.919318348441355e-05 2.085018472579679e-06 0.0004016640281797338 1.1485587926755322e-06 7.161116265443098e-08 1.4235665733275061e-05 0.0010690669789105317 8.977334206090564e-05 2.0675137806960495e-05 6.737201042211272e-06 1.8202480720244976e-05 1.0503453320945386e-07 2.2905470066338627e-06 0.00012033294659456722 7.288639743444046e-08 0.0019201377260806864 0.00033399269284497884 9.338493832512556e-06 3.39430306985976e-05 3.7682526028784634e-07 0.0 8.196528619075217e-05 0.0071292631725823055 0.00014931625139099242 7.65758128358885e-07 6.756426494496425e-05 0.00046919771133400133 0.003524060083921836 6.049216720253444e-05 0.005309845372654417 6.63440752017281e-07 3.090310441579021e-07 1.9496138198085545e-05 0.0013036583981282028 8.449122339779996e-05 0.0033853329650817454 0.0006205223312711929 0.0028976551796784937 0.001228748139648321 0.00014951009112517666 4.2516073028229074e-06 2.6555548860101984e-06 3.276922129740091e-05 6.623708969309336e-07 0.0 3.956201741562007e-05 0.0 0.0 5.2259664931921793e-08 2.516072368794268e-06 4.6025650510048267e-08 3.2707484032369793e-06 1.481734641601541e-07 1.7352105848048416e-07 6.343870642207843e-08 0.0 2.7573951228000255e-07 0.0 0.0004517579383762742 6.777109074000184e-06 3.7799028335326306e-07 3.7633542317770692e-06 7.820853298193179e-07 0.0003767512149409043 9.955164841639787e-05 0.00018101765772285972 6.170321968151876e-05 1.2044701014254027e-07 2.2174717300457114e-05 1.486589614796328e-05 0.00010258723266600014 8.056333187642395e-06 0.00010499420972082665 5.97596891215078e-08 0.0 7.419601827789734e-06 9.944457482843307e-06 5.380956230595943e-06 6.646773762558358e-05 6.884006422607151e-06 1.0824357172538963e-05 8.411387605787969e-06 1.2263895291248525e-06 5.372532910942171e-08 9.620816631261507e-07 0.0
0.0 0.001533654525618204 2.1369560826485968e-05 0.0 1.1322637470935985e-06 6.315988254902263e-07 6.501935787198721e-06 2.624054408108187e-07 0.0009351748997550247 6.013264209793908e-07 6.678654586613093e-06 2.030336855420655e-06 0.0002623010988543267 4.7271664256630714e-08 1.7480748610552432e-05 0.0011690436745806407 2.4647952186388974e-06 3.267643676929844e-07 4.520870686580671e-07 0.0 8.196528619075217e-05 0.0 8.364929733296379e-05 0.0034756937521414314 0.0006361693586482557 1.5188845820170694e-05 0.001781336358616346 0.00010438569316301823 1.0852903667290578e-06 4.5878988954049904e-07 2.3873440604407238e-05 2.709382204171318e-07 6.712243306594331e-07 5.2935506321774476e-06 3.127713746617508e-07 1.0018457337563099e-05 1.11325824849253e-05 7.549075461497991e-06 4.6840166727366195e-06 1.587406524624676e-05 0.0 1.6225925877641897e-05 0.0 7.281039726407085e-08 1.850914720517355e-05 2.081909164771271e-05 0.0 0.0 0.0 1.4533524089818678e-06 1.235703903419447e-07 7.4489105455532595e-06 0.0 1.3109959224307673e-06 0.0 3.5278025554227715e-06 4.567795673855841e-07 0.0 0.0007223745311605991 3.681727126696715e-07 5.97190642400064e-08 2.9840398289249015e-07 0.0 7.089866587358927e-05 8.807950112019713e-05 0.0003205049731981216 2.4347705379872858e-05 4.979638023259616e-07 1.1672070836802738e-05 0.0004929270650060425 2.098822706654184e-05 7.892583927305203e-07 6.525979337688212e-06 4.924097715453187e-07 0.0 5.916837687610113e-07 4.970044605084766e-07 0.0 1.3626780085782693e-05 1.1495373146187224e-05 3.1814086187457226e-06 2.7362497806628256e-06 0.0 0.0 0.0 1.6705175527811786e-07
1.8759738187176195e-05 1.81774318090576e-06 0.0048295266031438775 1.0306020474202158e-06 0.0 6.065566967255648e-06 0.0005450533909476531 6.19915681928926e-05 2.78165598348941e-06 6.647823614403264e-06 3.064321888987161e-05 2.5754193108186185e-07 5.0336511795482935e-06 8.414344247712625e-05 8.254293813818433e-08 0.0022337929065240456 0.0031408508667244302 4.80798542094038e-05 0.0002242603881424158 5.5844512355582e-07 0.0071292631725823055 8.364929733296379e-05 0.0 0.000214875166220577 9.716049678097486e-08 0.001508635705830574 0.006017890944767875 0.0027418055377482213 1.7730921935644754e-05 0.0025580010055602956 8.821842860766771e-07 1.9394151936826203e-07 5.380443622315947e-06 0.0016458428226648614 0.00014412046928244233 0.0076437506339761966 0.005262462040014677 0.005849048613851147 0.0041240032652402284 0.0005643381714444875 2.3190640178724234e-05 6.238560789950448e-06 8.312213368246008e-05 6.241785263033229e-07 1.6569479929110703e-06 0.00013332174311002278 6.441873231409678e-08 0.0 0.0 4.018208435139427e-06 5.718530758210013e-08 5.477509218694175e-07 0.0 0.0 0.0 1.3290525333788393e-07 7.6215926078532e-07 0.0 0.0007360221821359085 4.122644824837462e-06 7.494638685169487e-08 7.39583837874407e-07 6.351901754432726e-08 9.689583026501601e-05 0.00014218600891421814 0.0005007774599450652 1.7596726828515657e-05 2.2358181516356274e-07 1.3573164934409917e-05 0.0009833039845846808 2.4919763627272604e-05 9.760473506306542e-07 1.2438309099019878e-05 1.3427069956411284e-07 0.0 7.382684071844623e-07 2.2309498170383607e-06 4.888738617076109e-06 0.0001633254003918284 4.549245201109945e-05 9.751010873492497e-06 8.18542739812388e-06 1.23137601353431e-06 0.0 0.0 1.1554704377658868e-06
5.0657562525241905e-06 0.0002770854394377746 1.658560750589205e-05 0.001458819292039712 1.7863654372902823e-05 3.501930874647614e-05 0.0011700384241189435 2.847354627647762e-05 0.00468722486893503 0.00035767029098711785 2.5688603737951126e-06 0.00018475182909118463 7.539455422876746e-05 1.841653057059599e-05 0.0005283216636343786 0.00084239901040513 7.456319657501496e-06 1.1234240149717613e-06 1.1083658558107075e-06 0.0003377209708235418 0.00014931625139099242 0.0034756937521414314 0.000214875166220577 0.0 0.00015004462488519402 1.039656151923808e-05 0.001550278648926543 0.005370052103310751 7.503232794543326e-05 5.5711978820971666e-05 9.21097197271128e-06 3.8081479778825472e-06 1.4409834628012762e-05 5.406698398059646e-05 1.0358254409334592e-05 0.0004985916350104508 2.8650867759706422e-05 0.00016290589488586978 6.226652907506007e-05 0.0002779648278698136 1.4967143822119295e-05 8.879987259579002e-06 8.132057682195677e-06 6.332650636056729e-06 4.333068722944832e-06 1.408385178280492e-05 0.00015841572631013928 7.585702977829698e-08 1.2418661857256732e-05 0.000602022365442139 3.924500943707194e-05 0.001075701888888073 0.00014551359863656076 5.64721895400021e-06 8.096161113450903e-05 1.5711843957145264e-06 4.097518259178477e-05 6.92973904731223e-06 0.0003095745061668375 1.0597636016035933e-05 2.0143754435362202e-06 5.095803141161207e-06 7.022864708044846e-05 0.00020975560718621583 0.0002234509020924039 9.862316997334133e-05 0.0031214567886768945 1.9848655848277764e-06 1.7288511089415558e-05 5.1711770814246856e-05 0.0023343746140712554 9.612322358011773e-05 0.0002449194535188011 8.247473718055918e-07 2.3536575498077235e-06 2.1279313486813935e-05 3.3823490784933565e-05 4.194238038641999e-06 0.00020974312287344148 6.862081299354529e-06 8.520524081913554e-05 3.215247777424055e-05 5.543478752450504e-05 1.5607373313430568e-05 3.8323020501353826e-07 2.1873509393764808e-06
