0.0 0.0 1.4283701095045376e-06 2.7337174856172024e-06 0.0 4.815885230749831e-06 0.0010594962595818374 0.00043764637517610424 6.193097482655206e-07 7.686023635438326e-05 4.585946585424621e-06 1.9217255680182694e-06 1.2453706495077094e-07 0.0036681567923814128 0.0 6.9962719027549e-08 5.377586739416811e-05 4.181984122542309e-06 3.006599226412327e-05 7.070527310372455e-06 1.234285886688995e-05 0.0 1.2457672253351721e-05 3.5168479843295817e-06 0.0 2.4542168709911492e-05 1.945931369022996e-06 2.3492949858822556e-05 0.002464753706162991 0.0007689063062139535 4.171981029275344e-07 7.427964275242749e-07 2.5513261413900934e-05 5.0030277954628966e-05 0.0 3.4165925380845024e-06 1.3148404286104774e-06 1.605544983833478e-05 2.107100747569195e-06 9.671241740433618e-07 6.638627619316689e-08 0.0 2.7670107007045117e-07 0.0 0.0 6.902672926405852e-08 0.0 0.0 0.0 7.546252580301711e-08 0.0 8.995726208496745e-08 0.0 0.0 0.0 0.0 0.0 0.0 7.06956766928554e-08 0.0 0.0 1.5682827782195352e-07 0.0 0.0 0.0 8.720323598948074e-08 3.3596517415350405e-07 0.0 0.0 3.780017803517389e-07 6.954393502907891e-07 5.741281997582363e-08 0.0 0.0 0.0 8.790240137098308e-08 0.0 0.0 1.9757397701956973e-07 2.6462780843876883e-07 5.3230097552881515e-08 7.181864988085504e-08 0.0 0.0 0.0 0.0
0.0 0.0 7.122049206750829e-06 0.0 6.956873882741027e-07 1.2384863416681327e-07 1.8253077731478276e-06 5.689083686455041e-08 0.0003091518251811837 1.584891272210237e-07 7.029562955365311e-05 4.1990648037213487e-07 0.0005911305814767823 1.684835288210988e-07 6.1896116370401466e-06 8.938835514923925e-05 8.883495847874834e-06 5.845820241194081e-06 2.2834573462902154e-06 0.0 1.7734372930267598e-06 0.0016021610147976906 1.6896434954082576e-06 0.0007061365265904178 0.0010483681346879587 0.00011966338598559443 0.0036553125129260636 2.7649058889031193e-05 6.18545426087708e-07 1.939851717935988e-06 7.160370540899296e-05 0.0 1.6959646339995278e-07 5.96890347071642e-05 0.0 2.1850798503337717e-05 6.242495951589532e-05 6.924276740390297e-05 8.040704372023958e-06 5.948683465901738e-06 1.5087365490978081e-06 7.083890594690087e-05 8.101488379667147e-08 1.219232395772214e-07 1.7536260610315323e-05 3.1735579453644755e-05 9.09324564655778e-08 0.0 0.0 8.109135736435172e-07 1.2698940463951714e-07 1.712534340966149e-06 0.0 1.3737008717041636e-06 0.0 1.3332051326460579e-05 6.561110478442655e-07 0.0 2.141912445581501e-06 3.2056809169599285e-05 2.107576103551774e-06 1.0562555877572213e-05 1.347493641424262e-07 3.1039047450695874e-07 5.178420376148782e-07 7.75249008990448e-06 6.513604103509445e-06 1.5983572860532027e-05 0.000142400461344527 0.0006656402246414587 1.682794261289949e-06 1.0139861783523257e-06 1.8045494237628223e-06 3.417900529553296e-06 0.0 2.4682061772223884e-07 3.7445666927746743e-06 1.7314468595177352e-07 2.01514103433432e-05 1.1205558647154254e-05 2.5342940610809675e-05 8.046762492505134e-06 3.7677455628964357e-07 0.0 2.2524526393165387e-07 0.0
1.4283701095045376e-06 7.122049206750829e-06 0.0 0.0 5.201459475423794e-08 4.000634458011153e-06 0.0004164516595044223 6.153662087654893e-05 1.0011981530109013e-06 7.688164070382417e-06 5.174049880149795e-06 5.1144715700569156e-08 2.914651866152727e-07 4.727395445875325e-05 0.0 6.352936876499193e-06 0.002360723910894871 5.533699842486463e-06 5.8072169715614266e-05 4.997583593657067e-08 0.00029536991686462933 3.533666539491894e-05 0.0028023742050947566 8.985755679298762e-06 2.8992148843997924e-07 0.005463778338491746 0.0039028725695377194 0.00024374944088182042 1.1564443398904388e-05 0.0002264716439072068 4.0321348765810585e-06 1.0921448731446123e-07 1.151567134450301e-06 0.00017398462577482673 8.645617391456274e-06 0.0006092974711491384 0.0017793347947708483 0.0007210034131711941 0.00015658989458561934 1.3613513911094815e-05 2.3669592299979113e-07 1.7074888099128634e-07 5.536718602098742e-06 1.3023840130829072e-07 6.933948862924519e-05 0.0009435742450472174 0.0 0.0 2.3093850635349642e-07 8.681890865715247e-06 1.691997385490917e-06 1.8115901693242834e-07 1.5203830552074203e-07 4.838818650327504e-07 0.0 4.329751609884973e-07 1.7925323734294957e-06 0.0 9.83903221587958e-05 0.0001352353802681671 9.233780688569555e-07 7.433680039030377e-06 0.0 6.376890136066263e-06 3.834815439304665e-05 0.0004677895236497059 1.1919252999379742e-05 5.971906596791639e-07 7.00098243821547e-05 0.002460484138762041 1.1577053926733778e-05 8.118974392207711e-07 2.4285793653514644e-06 2.1299637986256643e-07 0.0 0.0 1.8056589586430487e-05 2.0996572294270886e-06 0.00010736812249827181 0.0002599278297916474 0.00011703512080152977 5.4680578628378384e-05 4.061374847651966e-06 1.378634455070469e-07 1.448907175519103e-07 7.568820863894938e-07
2.7337174856172024e-06 0.0 0.0 0.0 3.830037994385233e-06 3.910903670141868e-05 4.4203680454486224e-05 1.8252857140002188e-05 0.0005600137718686375 0.0011025689188806332 4.775308644451063e-07 0.00031571787987114494 3.896835566969911e-07 1.7965701484896183e-05 7.297037745700755e-05 0.0 3.401240528327007e-07 9.165800062621836e-07 5.401063912622883e-07 0.0011314666906004998 2.7555458066265864e-07 9.810091589828554e-08 2.2385005283429713e-07 0.0006934528881806326 0.0 1.3770206585812316e-06 2.4163361269765085e-07 0.0018052430676554633 6.024332932960556e-05 6.560249417971406e-07 7.755472629461657e-07 1.458211656101237e-06 2.5655275451731176e-06 2.976903490204062e-05 8.959968920175092e-06 0.0001440620682655589 8.796786182293744e-06 7.499717118601656e-05 3.556905989262729e-05 0.00013556682903030677 6.087334291272858e-06 1.6352310650450261e-06 4.742378420066313e-06 1.649612543544186e-07 0.0 6.91740880219787e-07 6.996797834167418e-05 0.0 1.050353190176902e-05 9.075409352062823e-05 1.777057534001696e-06 9.073833994603468e-05 2.1582595865120027e-05 5.240397651808291e-07 8.28630753285777e-05 6.423226169659829e-08 1.3962004858066888e-06 5.031608722427084e-06 0.0 0.0 0.0 0.0 4.51559871092043e-05 0.0 0.0 3.301374299264986e-07 0.0004545955443523815 0.0 0.0 0.0 0.0002725008775608207 4.533535567960368e-06 3.558988264140946e-06 0.0 1.3937541070538788e-07 5.218111611981173e-07 2.47369960956293e-06 5.751767840685133e-07 1.2436888447167502e-05 1.0814899867418307e-07 7.602120805505424e-06 3.2812709527505317e-06 5.0904982856753916e-05 0.0 8.307181282441617e-07 0.0
0.0 6.956873882741027e-07 5.201459475423794e-08 3.830037994385233e-06 0.0 0.00044775786572946453 5.494740053615146e-06 6.42034695162753e-05 3.8717625525470846e-05 1.1259800859225299e-05 7.444421252558953e-06 0.00012708012937210391 2.3554309600351684e-06 2.6035401920903583e-06 0.0008855906442564996 0.0 1.5365653586548698e-07 9.146526096824317e-07 0.0 5.940318213476174e-06 0.0 1.2328022781050601e-06 0.0 3.1473826887916315e-05 3.4886676842547455e-07 1.3115277653793779e-06 1.0743897628305871e-06 3.913961503771093e-06 2.449593928536448e-06 2.3249520313565658e-07 1.2258820040414446e-06 0.00010541063800021804 0.0 0.00010906075987375405 0.0 1.0424314248345262e-05 5.584532472894798e-07 4.877165648843488e-05 3.158690393070795e-05 0.0010273181026568099 3.150674589051164e-05 1.8157972799995419e-06 1.938191351634748e-06 6.966157712937948e-08 0.0 0.0 0.0 0.0 0.0 0.0 0.0 0.0 0.0 0.0 0.0 0.0 0.0 0.0 0.0 0.0 0.0 0.0 0.0 0.0 0.0 0.0 6.110705639033429e-07 0.0 0.0 1.450728372457242e-07 0.0 0.0 0.0 0.0 0.0 0.0 0.0 0.0 0.0 2.7546668960999265e-07 2.931274525554376e-07 0.0 0.0 0.0 0.0 0.0
4.815885230749831e-06 1.2384863416681327e-07 4.000634458011153e-06 3.910903670141868e-05 0.00044775786572946453 0.0 0.0018950979352475338 0.003358512317236497 3.271125021375001e-05 0.004403409225394243 5.382240211607344e-05 0.0015143828473641462 1.2939787802178631e-05 0.0003085218858927753 0.0005512507133210138 5.20921131233268e-07 1.2708030383592529e-05 3.923328606523549e-05 2.044966013950689e-05 0.00013602107698664655 2.986450500226032e-06 5.529519830324225e-07 1.0792651124381286e-05 4.116572755374509e-05 6.798073239300636e-07 4.587875923812007e-05 8.588327126849444e-06 0.0004377527877287571 0.0003073860359327253 1.4747226224657786e-05 1.8654417804235678e-05 0.0004330669061751809 6.625437693427143e-06 0.00019981922142985764 4.7862706910046425e-06 0.00015867452481549513 1.0028009614809357e-05 0.00025675660857370106 5.9092354956192676e-05 0.0011694858781096619 4.720795091476888e-05 7.725213788691069e-06 1.9096336047688965e-06 3.805301670082172e-07 0.0 6.595301522658934e-08 2.5657832062764266e-06 0.0 0.0 8.227474553875718e-06 0.0 3.790087642071835e-06 0.0 7.398662917995035e-08 3.780857771446092e-06 8.631027181942158e-07 1.2702449064293373e-07 1.2413932068160758e-06 3.6605016930413147e-07 0.0 3.212481923995034e-07 0.0 2.4478697646633012e-06 5.5090024198408653e-08 0.0 1.824247987518373e-07 2.5603970965752508e-05 2.4483156475842e-07 9.834688638664846e-07 1.1475042612296943e-06 9.943870324455457e-06 3.5203037959981914e-07 6.432492477325292e-07 4.6721051510150576e-07 0.0 2.000936761032066e-07 1.4327357131144832e-06 0.0 1.148876062552543e-06 3.890341135455347e-07 9.885819549230816e-07 8.526504053560843e-07 3.5947292008292704e-06 0.0 0.0 0.0
0.0010594962595818374 1.8253077731478276e-06 0.0004164516595044223 4.4203680454486224e-05 5.494740053615146e-06 0.0018950979352475338 0.0 0.00283452284965523 4.0508636406849026e-05 0.003746368513723304 2.6270678514760962e-05 1.2764651754219174e-05 6.919635215864145e-06 0.0037132105873829585 4.296704565894448e-06 4.570054918544563e-06 0.0005270152599516197 3.217111169648203e-05 0.0001390295108249687 1.5507619908233106e-05 0.0005179805494759303 1.928056760776074e-05 0.0008905100597308627 0.0009394113237521566 5.911516870670621e-07 0.0010978752434033204 0.00023398972971826703 0.008937297942404554 0.0019527998620901285 0.004054881726261872 1.5992758605493258e-05 1.312950382862274e-05 0.0003362358585021209 0.000511923309293162 0.00012424589174357125 0.0016997377343211234 9.969667025568712e-05 0.0011794571036931672 0.0005869988619844216 0.00026040884504013195 2.5482817280548238e-05 2.765789896111886e-06 4.133951403106998e-05 6.618602682036476e-07 8.784435102563363e-07 5.746216661777706e-06 7.761636572931904e-06 0.0 0.0 8.833523489833241e-05 3.0483318318376915e-06 4.460533687034724e-05 2.031744245363667e-06 1.037994339121937e-06 1.0362207887307956e-06 1.049695165079079e-06 3.690327972927775e-06 8.017041077600178e-07 1.490896333322333e-05 1.9494112168556726e-06 7.408733460725978e-08 1.0818047495423767e-06 3.326862573528553e-06 4.100211647185051e-06 1.2444886930082902e-06 1.3278315703875035e-05 0.0005267052178807173 4.6411328075019424e-07 3.123844341889917e-06 2.0223694466171367e-05 0.00032917179246965095 9.936753621995354e-06 3.6362625951327624e-05 4.895921837346689e-07 0.0 2.207448981350031e-06 8.586472551126493e-06 3.057807787585181e-06 7.280255753265478e-05 2.9784242473735044e-06 3.0901420452918265e-05 1.702307303196629e-05 1.0156571158985397e-05 1.4594699212459345e-06 2.76691236163776e-06 5.795639674128826e-07
0.00043764637517610424 5.689083686455041e-08 6.153662087654893e-05 1.8252857140002188e-05 6.42034695162753e-05 0.003358512317236497 0.00283452284965523 0.0 2.3970189443934512e-06 0.0010662070797155324 0.00014252012782124966 0.00018418133444968827 1.66756320121527e-05 0.002929293527125103 0.0001534148825112831 2.3094619497828245e-07 0.00035751821749144524 8.164687504720693e-05 0.00024920757614204026 7.587888249281656e-05 7.31968452900671e-05 2.583246550065425e-07 0.00021796865902524851 2.9337470096038238e-05 1.675062833217356e-06 0.00043768402310053606 3.716834384056181e-05 0.0002265621074762879 0.0009848698873185368 0.0009133387964753814 3.642726747467318e-05 0.00020995863871015464 2.4469580599820817e-05 0.0005087409941429545 9.504476459584276e-06 0.00017085331432897607 2.221459243791969e-05 0.0003521017199664721 8.708099582953893e-05 0.0002625703122459836 3.823661406398202e-05 8.351590406647317e-06 6.424563826610623e-06 0.0 7.191806977665072e-08 6.137015924725003e-07 3.241141498057732e-07 0.0 0.0 1.3204355530442352e-06 2.4001070694848326e-07 1.1497763481111565e-06 1.386869717333314e-07 4.956018470470672e-07 0.0 2.474980027608969e-06 7.284009064356501e-08 0.0 8.427976947119309e-07 4.12639632744082e-07 1.695440841318417e-07 8.828235372023423e-08 5.749126196245863e-07 6.804079619185411e-08 4.2089553720403676e-07 8.747066953185896e-07 1.5407184065889012e-05 1.4177338960611003e-07 2.472643127831347e-06 4.795022511763297e-06 1.0344181644477911e-05 1.7528363844057437e-07 7.980235982837635e-07 1.3070607030370319e-06 1.6201160639017422e-07 0.0 1.205450580877773e-06 1.35245294360894e-06 1.570821350870938e-06 1.0703225621997573e-06 2.0891811874785955e-06 9.52194142052279e-07 1.0190920229414729e-06 0.0 0.0 0.0
6.193097482655206e-07 0.0003091518251811837 1.0011981530109013e-06 0.0005600137718686375 3.8717625525470846e-05 3.271125021375001e-05 4.0508636406849026e-05 2.3970189443934512e-06 0.0 7.746879893227831e-05 1.516098452364989e-06 0.0003113366331440588 1.367806779721876e-05 8.334206757624069e-07 0.0004562436842540719 1.0967180409654355e-05 2.746439203734434e-06 1.3054905286442244e-06 5.689109315204324e-07 0.00042956779586051486 1.7327234205598273e-05 0.0016445596230838097 2.1013705645395548e-06 0.003972403517808111 0.0001056743385023721 4.605179307768415e-06 0.00031976171745694585 0.0008048594387767536 1.80613591908359e-05 2.6944225169209492e-05 4.337207610783721e-06 2.162090827833484e-07 2.5041547702377012e-05 3.9248222668175864e-05 1.271189998902279e-05 0.0002916389558402734 2.0650160931977167e-05 0.00010698178802956349 5.946878688148747e-05 0.0002666117666774367 2.3237789060633323e-06 1.4118206558003318e-07 5.325331621716351e-06 2.4336615872755332e-06 1.3494618638646987e-06 9.445346750861099e-07 0.00014993883290019078 1.2191197930373281e-06 5.046455882670074e-06 5.415986445543668e-05 3.5968958454682596e-06 9.308675157648084e-05 3.982057999095722e-05 5.581660988521829e-07 0.00011790422573596051 0.0 3.379111654962568e-06 2.911955862563054e-05 5.369188762844935e-05 3.133156769021949e-07 2.5212176484428957e-07 7.098813142758855e-07 9.441954561539085e-05 4.1208826058102275e-05 3.5772962553571185e-06 3.840697891904489e-06 0.0017974373883102425 6.308063835084964e-07 2.1000095919773875e-06 5.195242567236372e-06 0.0004607791923022841 1.557794345630513e-05 2.3475069396903796e-05 3.605341500930122e-07 0.0 5.393662587753964e-06 6.891485363234751e-06 3.76755289693135e-06 4.710487185587055e-05 1.3639194343661342e-06 2.3094186171356878e-05 1.2198003538301107e-05 0.00010785609200552408 0.0 1.885615004173298e-07 1.4864104039627004e-06
7.686023635438326e-05 1.584891272210237e-07 7.688164070382417e-06 0.0011025689188806332 1.1259800859225299e-05 0.004403409225394243 0.003746368513723304 0.0010662070797155324 7.746879893227831e-05 0.0 5.801378566429769e-05 0.002623493787636508 1.0834166893802082e-05 0.0005936462648424598 1.3456811136357427e-05 5.210633134751181e-07 1.5130848803227111e-05 5.6964070430188413e-05 3.1332473539591244e-05 0.0014726937114909306 6.760713695615018e-06 1.7780413832027524e-06 1.988609686760383e-05 0.00027614884070760925 1.6160125081121801e-06 6.395976925814249e-05 1.4152241426516875e-05 0.004046856885598464 0.0009719816031532761 2.493508740082597e-05 2.5256143934396537e-05 3.747161191778594e-05 1.268547531559079e-05 0.0003809862557310513 4.004732195747103e-05 0.000627016451694133 3.687942903793048e-05 0.0009502589009790922 0.00018600853882397617 0.0002072881267928059 3.069781459008612e-05 2.548771685874017e-06 1.413396018991358e-05 1.1175666682339111e-07 4.5199779309292976e-08 1.8715739295061203e-07 2.292539666965931e-05 0.0 5.93548486881555e-07 4.050595369500016e-05 1.4881559346797016e-06 1.6518833416188946e-05 8.698947428849226e-06 2.2751055469110043e-07 1.264749290322842e-05 1.1361965295203997e-06 5.586033105764378e-07 3.1241911119687255e-06 2.5952765867234693e-07 1.1978385311918336e-07 1.2865212911321559e-07 1.040706990754118e-07 1.32138393958933e-05 2.6510406101816766e-07 2.8537679473278085e-07 1.6100209568743574e-07 0.00017585193621859726 2.9035727134099144e-07 1.946142540091401e-06 1.3387517077949248e-06 0.00010659737177448207 1.1255469653818465e-06 1.6556238690406436e-06 1.0517804773325517e-06 0.0 1.3958160340971394e-07 1.4982745620209285e-06 0.0 1.0261887624072663e-05 3.655871364102673e-07 3.98257011186328e-06 2.0860194431907805e-06 1.3885409459664406e-05 7.362512461732643e-08 0.0 0.0
4.585946585424621e-06 7.029562955365311e-05 5.174049880149795e-06 4.775308644451063e-07 7.444421252558953e-06 5.382240211607344e-05 2.6270678514760962e-05 0.00014252012782124966 1.516098452364989e-06 5.801378566429769e-05 0.0 4.4721857119229366e-05 0.00045810959718998334 8.041267920790642e-05 6.600016496069058e-06 1.5021516063389582e-06 0.00028731307067930657 0.0009536828166866421 0.0003994933655272033 1.623618213249753e-05 1.366536466199179e-05 3.73162088276911e-06 2.799517664247766e-05 5.869609857512309e-06 0.00019993473674518426 0.00046313921457496706 6.466893147515733e-05 1.2126595885946157e-05 0.00018113109004172964 1.774683090153394e-05 0.00041433643735829234 0.00010713447902072277 7.488398294884302e-06 0.004133747337187646 2.1426331391124043e-05 0.00019229277808774912 0.001163754955002804 0.002399404124988674 0.0005270266962160102 6.317517881527055e-05 4.9447542679228855e-05 0.00021760837071872833 5.502379066710478e-06 0.0 4.597604743198845e-06 1.0141241805697315e-06 0.0 0.0 0.0 7.681861907710144e-07 8.200136137744705e-08 1.9903748095508198e-07 0.0 7.479034326536071e-05 0.0 0.000616762162981942 0.0 0.0 5.256534838831277e-07 0.0 1.3587049423032333e-05 1.5519316361745477e-07 0.0 1.0390486960418778e-07 1.1625581668736804e-06 2.487493489620973e-07 3.4894555635928444e-06 4.5203594840518666e-05 9.430621422159172e-05 9.265873821914123e-05 1.5243113897764186e-06 0.0 3.084554097726679e-07 0.0001407055503509888 0.0 0.0 1.7750880628761902e-06 4.499590219931143e-07 6.228316939800332e-06 0.0002088106205351851 1.3832160287935337e-05 1.1345281593525693e-06 1.0200159516354105e-07 0.0 8.225467438784724e-05 0.0
1.9217255680182694e-06 4.1990648037213487e-07 5.1144715700569156e-08 0.00031571787987114494 0.00012708012937210391 0.0015143828473641462 1.2764651754219174e-05 0.00018418133444968827 0.0003113366331440588 0.002623493787636508 4.4721857119229366e-05 0.0 1.0992109371264155e-05 0.00013220073034823026 0.0007439153596030205 0.0 7.742510950920591e-07 4.3282381380764504e-05 1.839422127614744e-05 0.0013105688966881072 6.317809310293006e-08 1.5691527719065879e-06 2.796999039442693e-07 6.813717314448765e-05 1.7196255825329947e-06 2.3903838028572045e-05 7.370179171072214e-06 8.249008841894322e-05 0.0002880638641261236 8.61598114096708e-07 2.323406222289398e-05 3.5940520094391496e-05 2.107655118705326e-07 0.0001809607020757579 4.505966587248911e-06 0.00021047691127800515 6.572371423355325e-06 0.00043288953143550096 4.126358005910157e-05 0.0012273696311805148 1.4978944074256368e-05 3.528288981441119e-06 3.069835711713732e-06 0.0 0.0 0.0 3.515020141930446e-05 0.0 2.721164454617681e-06 3.0505560916245777e-05 1.0190892963045677e-06 2.5058258977478073e-05 9.34940775506879e-06 0.0 5.411006926943019e-05 8.351108221790324e-07 6.603900541211577e-07 8.286535220549695e-06 0.0 7.998078587081534e-07 1.3357075691703706e-07 0.0 2.0111869285431148e-05 0.0 0.0 0.0 0.0001625877718626102 5.6315094790516006e-08 2.6127419980074176e-06 1.2047378600986844e-06 9.33520095614746e-05 2.3801430148133467e-06 1.6871145273967634e-07 5.275170255742811e-07 0.0 0.0 3.4934831870480577e-07 3.2702853162842703e-07 4.6375527946564776e-06 0.0 2.1367559453190436e-06 5.340266623883414e-07 5.976879711889607e-05 0.0 0.0 0.0
1.2453706495077094e-07 0.0005911305814767823 2.914651866152727e-07 3.896835566969911e-07 2.3554309600351684e-06 1.2939787802178631e-05 6.919635215864145e-06 1.66756320121527e-05 1.367806779721876e-05 1.0834166893802082e-05 0.00045810959718998334 1.0992109371264155e-05 0.0 8.597825808665195e-06 2.0250255991392885e-06 4.232797068761097e-07 6.910093104372293e-07 9.440279902092553e-06 2.3533872556058177e-06 2.9126543344125866e-06 6.043069036057367e-07 7.711235458606288e-05 5.076466018127297e-07 2.3778588603118535e-05 0.0014856812346195675 2.6490213218441782e-05 0.0011302301449446956 4.08544622054442e-06 1.786396963436591e-05 6.081940929781965e-07 0.00010897566003752837 2.365509957796947e-05 8.2963761853661e-08 0.0011586980558919912 1.2736526482262412e-05 0.00024326096114547275 0.0016674229858816701 0.0013479583523666268 0.0002728803424602673 2.621654767720998e-05 5.248163053940481e-05 0.0005437947015648469 1.6702136118331287e-06 1.617797521841661e-07 3.550497679762083e-05 4.4863967363126624e-07 0.0 0.0 1.1726817029801462e-07 1.495469994885514e-06 0.0 1.1143585711187115e-06 0.0 0.0002501377437906216 0.0 0.002021025992852658 8.776038698515865e-08 0.0 9.937653162436971e-08 6.807482920576328e-07 5.598391685793274e-05 6.128085894089715e-06 7.896410894399512e-08 7.811949017516658e-08 2.185600472583022e-06 0.0 1.9253242292587822e-06 0.00035723398671530456 0.00046254375757735566 0.000573852185080113 5.55190805762454e-07 1.0562284736868098e-07 2.653409836573415e-07 0.0004823675381574448 0.0 0.0 2.6074295881554487e-06 6.634662458773278e-06 2.4942483104565052e-05 0.0005716163000884562 1.6691269143793037e-05 1.1042016275690865e-06 0.0 0.0 0.0001834197387573011 0.0
0.0036681567923814128 1.684835288210988e-07 4.727395445875325e-05 1.7965701484896183e-05 2.6035401920903583e-06 0.0003085218858927753 0.0037132105873829585 0.002929293527125103 8.334206757624069e-07 0.0005936462648424598 8.041267920790642e-05 0.00013220073034823026 8.597825808665195e-06 0.0 2.669909394459879e-05 0.0 0.00035013936390171244 4.947842860554709e-05 0.00020256792773392138 7.486693522476171e-05 6.319808609843676e-05 0.0 0.00015658761403633775 2.757504361378754e-05 1.4367112643552913e-06 0.00028973120881441167 2.7024026519445284e-05 0.0001701691661458707 0.0027656098759489592 0.0015636721235955952 1.6423841017842135e-05 2.1228553247954604e-05 1.8939944003113464e-05 0.0005183191428087243 3.6325257597247683e-06 0.0001006688598046412 1.895400046731236e-05 0.00020583497805927987 4.6977366998128564e-05 8.993685105426391e-05 2.0423532796413065e-05 3.486774718630505e-06 3.413843789218701e-06 0.0 1.6222954082819913e-07 4.077340526757201e-07 9.375272182403761e-07 0.0 0.0 1.4377715576468717e-06 0.0 1.640127695521385e-06 1.3737565180237017e-07 3.4085874637495565e-07 0.0 1.7354735945642274e-06 0.0 0.0 3.809511908611177e-07 1.5458685127649953e-07 0.0 1.3571836013223456e-07 0.0 0.0 1.4152627687796263e-07 6.773115995997529e-07 1.0836052752156551e-05 0.0 1.251328371615283e-06 3.668787299829716e-06 7.648996840121702e-06 1.6607084000085784e-07 6.430007225573367e-07 4.049076355986216e-07 0.0 3.334314693268463e-07 9.327779735426632e-07 0.0 2.8900317801004237e-06 5.044817787997606e-07 5.646337389074279e-07 1.1096840510107728e-06 3.2869596425894337e-07 4.6294141642417815e-07 1.0572474825841721e-07 0.0
0.0 6.1896116370401466e-06 0.0 7.297037745700755e-05 0.0008855906442564996 0.0005512507133210138 4.296704565894448e-06 0.0001534148825112831 0.0004562436842540719 1.3456811136357427e-05 6.600016496069058e-06 0.0007439153596030205 2.0250255991392885e-06 2.669909394459879e-05 0.0 2.9008495155064614e-07 2.037866273956085e-07 4.049076703980416e-06 1.7572870009516226e-06 7.29005564289359e-05 0.0 2.8375273867855147e-05 0.0 0.0005799662188906366 2.27681115245819e-06 2.4362272215935147e-06 9.005780784435005e-06 5.389020949003836e-05 3.4425681577543357e-05 3.331366322647634e-07 2.164610522823072e-06 0.00019314842396167038 7.33739972643307e-07 2.7420824002836885e-05 1.1737366166908063e-07 0.00010086329038280837 8.845690679193438e-07 2.519938880708173e-05 3.6827820093873617e-06 0.0007534364184979709 3.5194951180702957e-05 4.057772771974249e-06 1.3695642523715925e-07 1.3090300472470064e-07 0.0 0.0 1.922226941684829e-06 0.0 0.0 7.002601630661825e-06 0.0 9.803238969931388e-08 0.0 0.0 0.0 2.779697750411366e-07 4.886436293335489e-07 0.0 0.0 0.0 7.539183794595867e-08 0.0 1.2394321571501995e-06 3.043691144954051e-07 0.0 0.0 1.2845693630083585e-05 1.7076035251772433e-07 2.6676332192606797e-07 2.186680261737878e-07 8.552397794289564e-06 3.121892483364959e-07 2.1943284373157832e-07 8.444771147191104e-08 0.0 0.0 0.0 0.0 6.009031060160313e-06 0.0 0.0 9.084896242197469e-08 0.0 0.0 0.0 0.0
6.9962719027549e-08 8.938835514923925e-05 6.352936876499193e-06 0.0 0.0 5.20921131233268e-07 4.570054918544563e-06 2.3094619497828245e-07 1.0967180409654355e-05 5.210633134751181e-07 1.5021516063389582e-06 0.0 4.232797068761097e-07 0.0 2.9008495155064614e-07 0.0 9.044289331274746e-06 1.5460458997376946e-06 2.052238033181953e-06 9.265004938942671e-08 0.0005437065807336579 0.001297300346508 0.0019140934115140624 0.000739681113858971 3.2563180737040947e-06 7.37065040844109e-06 0.001930762836087564 0.001305565331770148 7.265234367884143e-07 1.7674665731311295e-05 4.098433314944202e-07 0.0 1.2346204208823415e-06 6.334075194987308e-05 4.640563109882452e-05 0.001566696591106995 0.00016974948514526962 0.0004593282977687376 0.0005650454496044557 4.555833835075445e-05 3.125392404321878e-07 8.209727267290111e-07 1.793972932674512e-05 1.110404988547021e-06 3.639024309853035e-07 3.891764761712017e-05 8.280704573641657e-08 0.0 0.0 5.464899829396406e-06 3.1704550329760417e-07 7.63051057352411e-06 1.292751533638496e-07 0.0 0.0 0.0 0.0 0.0 0.002381078011413674 6.697876411654961e-06 1.4326574021374293e-07 1.5160557800880212e-06 0.0 0.0009485302248780497 0.000793450058297473 0.0014332076003727618 0.00011696636690790628 0.0 3.603975378053801e-06 7.612387716450335e-05 9.935696040602099e-05 1.8813593380720744e-06 3.824943920597537e-05 1.5524703311955002e-07 0.0 7.501563288012959e-07 1.955722185828217e-06 2.577324384776949e-06 3.323347730989761e-05 2.5674811600452708e-06 1.5724447409461503e-05 1.5314310821208072e-05 9.100128562420557e-08 3.2880818215318486e-07 3.129519697409901e-07 1.6959629144987773e-07
5.377586739416811e-05 8.883495847874834e-06 0.002360723910894871 3.401240528327007e-07 1.5365653586548698e-07 1.2708030383592529e-05 0.0005270152599516197 0.00035751821749144524 2.746439203734434e-06 1.5130848803227111e-05 0.00028731307067930657 7.742510950920591e-07 6.910093104372293e-07 0.00035013936390171244 2.037866273956085e-07 9.044289331274746e-06 0.0 0.00033598691739197866 0.0014172115261522275 1.010799550432216e-06 0.0002427295280715717 1.7262460747416536e-05 0.0030659835140710127 6.507150583830606e-06 2.7177763994667544e-07 0.0021165757022233475 0.0030846273822304803 0.00013295180968047034 0.00032976728502817545 0.0012342029480891688 2.047622729404635e-06 7.548935820282957e-07 3.7816239727925816e-05 0.002136910219630588 6.650514044909645e-06 0.0005580173076723503 0.002182502015621642 0.0010879924158181484 0.0001302109289635215 1.7079189585830823e-05 3.3941796850770074e-07 2.5782722718480158e-06 3.266490591017664e-06 2.1104486523775887e-07 1.883498406422474e-05 0.00014334881307791924 0.0 0.0 0.0 1.774233503755402e-06 5.486405518842283e-07 6.348159235474796e-07 0.0 0.0 0.0 6.501146901924393e-07 5.666554214450192e-07 0.0 1.2381341944648333e-05 5.161821155179987e-05 8.495612444702031e-07 7.512607064074846e-06 0.0 1.3694688254021828e-05 4.725692225111919e-06 3.2018554048511874e-05 7.45201366308989e-06 6.07596893991221e-07 6.759640146610268e-05 0.00040717663055571423 6.9761257898003405e-06 1.3937955388338762e-07 4.867616292112399e-06 6.66867360227052e-07 0.0 3.9809329506340786e-07 5.1782545999002e-06 1.2280268233030455e-07 2.6935320546244826e-05 5.9431165027962305e-05 2.578596926281334e-05 9.255148883460153e-06 6.779564123813303e-07 0.0 1.0180701318333279e-07 3.890602663331456e-07
4.181984122542309e-06 5.845820241194081e-06 5.533699842486463e-06 9.165800062621836e-07 9.146526096824317e-07 3.923328606523549e-05 3.217111169648203e-05 8.164687504720693e-05 1.3054905286442244e-06 5.6964070430188413e-05 0.0009536828166866421 4.3282381380764504e-05 9.440279902092553e-06 4.947842860554709e-05 4.049076703980416e-06 1.5460458997376946e-06 0.00033598691739197866 0.0 0.0007638391363982405 1.5424010952851273e-05 6.743590935796179e-06 2.467933284265126e-06 1.8787500521805075e-05 6.334911243682517e-06 3.9807269266045875e-05 0.00034409803949568123 0.0002541998670264111 1.3237202502332415e-05 0.0001080021026175388 1.9757879043439785e-05 0.00017754957636688086 2.9528638580672562e-05 3.025255697791745e-06 0.0011737982943884943 8.3269290034484e-06 0.0005157727370044036 0.0008789237932963666 0.001503126889273857 0.00045906507391628573 2.9411187799394796e-05 9.001543115774975e-07 3.575894829492762e-06 3.696417228654692e-06 0.0 1.9390916904160036e-06 1.225522816710785e-06 0.0 0.0 0.0 1.342034799707159e-07 0.0 5.260912769623987e-07 0.0 6.816980844992932e-06 4.9075959782897974e-08 4.679942571160959e-05 6.794943747934046e-08 0.0 2.1521441710375917e-07 1.8165207722226202e-06 2.3850990278387317e-05 7.915101671047127e-06 0.0 5.465275515746175e-08 7.546540678558473e-07 5.099948584834058e-07 3.7939337108120525e-06 1.973253071606709e-05 0.00018550266076143815 0.00016295739684941106 1.7563121300009154e-06 1.4540891776153163e-07 3.079940308747641e-07 5.7219965647618564e-05 0.0 0.0 3.591188945297595e-07 1.408858201649543e-07 5.603951081457861e-06 2.217342779874032e-05 1.4978073122561753e-06 3.139135063727792e-07 0.0 0.0 0.0 0.0
3.006599226412327e-05 2.2834573462902154e-06 5.8072169715614266e-05 5.401063912622883e-07 0.0 2.044966013950689e-05 0.0001390295108249687 0.00024920757614204026 5.689109315204324e-07 3.1332473539591244e-05 0.0003994933655272033 1.839422127614744e-05 2.3533872556058177e-06 0.00020256792773392138 1.7572870009516226e-06 2.052238033181953e-06 0.0014172115261522275 0.0007638391363982405 0.0 7.984470048734184e-06 3.5238438451897765e-05 2.261454258499752e-06 0.0001669667681930887 3.860618107494927e-06 5.433306934438498e-06 0.0007714837077674677 0.00039451371470513425 2.6474288541241357e-05 0.00024197411059451103 0.00019571619891888917 1.4921018372241103e-05 5.758040767750588e-06 2.62761084811476e-05 0.0023692726727638823 7.204578393448049e-06 0.0011656702342525767 0.0011889838998784175 0.00275885227674002 0.00027468985519019513 2.595585237927061e-05 4.186676824323664e-07 1.998809525712668e-06 3.354882824929928e-06 0.0 6.546372883149888e-06 1.3251015698115563e-05 8.072567195847353e-08 0.0 5.122567962163881e-08 1.0392889635194172e-06 1.1389104625900452e-07 7.039774371061104e-07 0.0 3.419457967358399e-06 0.0 1.4435352074833883e-05 5.003931990429288e-07 0.0 1.0750998470418573e-06 1.8033112915154875e-05 1.6190244969855527e-05 3.216018887501581e-05 0.0 1.127321576131785e-06 5.143735794276509e-07 2.977481825858396e-06 2.4442524918741848e-06 3.7566755276016524e-06 0.00031476727381495165 0.0002699779851882453 3.1033474835345756e-06 5.313012004755661e-07 1.6245060721402022e-06 2.0466829174366182e-05 0.0 2.031291680954136e-07 1.767562762003133e-06 5.024465367705339e-07 1.3041010414373434e-05 2.8848142592597722e-05 1.4256581579548052e-05 2.8937971182803883e-06 0.0 0.0 0.0 0.0
7.070527310372455e-06 0.0 4.997583593657067e-08 0.0011314666906004998 5.940318213476174e-06 0.00013602107698664655 1.5507619908233106e-05 7.587888249281656e-05 0.00042956779586051486 0.0014726937114909306 1.623618213249753e-05 0.0013105688966881072 2.9126543344125866e-06 7.486693522476171e-05 7.29005564289359e-05 9.265004938942671e-08 1.010799550432216e-06 1.5424010952851273e-05 7.984470048734184e-06 0.0 8.813867715035064e-08 1.586008210769411e-07 8.414634644804887e-07 0.00025698216358931684 8.982998054533845e-07 8.763186634053622e-06 3.1299449790741845e-06 0.0011482877324966096 0.00023131561219207598 1.9794210493532408e-06 7.038031935445455e-06 7.282072939263416e-06 1.4069070104546388e-06 0.00011164022940122254 1.0082480802969674e-05 0.00027386878094741706 1.641059891738695e-05 0.00034727396692986603 6.840213588301433e-05 0.0003196436867904161 1.0929439619899877e-05 4.837673913172858e-07 6.673943937576736e-06 3.3166735162553804e-07 0.0 0.0 4.1251444715304684e-05 5.249211648895286e-07 3.3314340464129214e-06 5.553711570725669e-05 1.5838910099651088e-06 3.9276394469004134e-05 1.62532626335384e-05 0.0 4.383397336152447e-05 3.7620729708598014e-07 2.5199034585833e-07 5.305169934997849e-06 0.0 0.0 0.0 0.0 2.3611264230694092e-05 0.0 0.0 4.057252622997109e-07 0.0002768501959511049 0.0 4.3250191753541255e-07 8.657090883037955e-07 0.0001649541709038278 3.0672557441287768e-06 2.8243720748554886e-06 2.370082211825942e-07 0.0 2.7402811434131866e-07 1.2032425126468857e-06 4.4838711991145715e-07 6.366717377203777e-06 1.294221051732587e-07 5.468296887361978e-06 1.6610162970882689e-06 4.60039639852124e-05 0.0 0.0 0.0
1.234285886688995e-05 1.7734372930267598e-06 0.00029536991686462933 2.7555458066265864e-07 0.0 2.986450500226032e-06 0.0005179805494759303 7.31968452900671e-05 1.7327234205598273e-05 6.760713695615018e-06 1.366536466199179e-05 6.317809310293006e-08 6.043069036057367e-07 6.319808609843676e-05 0.0 0.0005437065807336579 0.0002427295280715717 6.743590935796179e-06 3.5238438451897765e-05 8.813867715035064e-08 0.0 0.00014747014370701934 0.00702310701645536 9.230641299019716e-05 3.320407166492936e-07 0.000243904444716123 0.0008155196798809181 0.0010763361070803984 0.00016838922653209619 0.004451976280228302 1.7359315958713704e-06 1.5122042908263888e-07 3.489734756882739e-05 0.0016912345472831934 0.00010194220310403781 0.0036296363925317084 0.00033282439494409876 0.0032961071068990902 0.0018266990608848854 0.00015288505628217546 1.5101707314514685e-06 1.8583980503000891e-06 3.884287124580964e-05 6.136397068216666e-07 5.513815097740086e-07 1.5298099974048163e-05 9.077311606266359e-08 0.0 0.0 2.1540266395191526e-06 4.6440868688514473e-07 1.2964163502139694e-05 0.0 1.041324741869116e-07 0.0 0.0 8.442587053713541e-07 0.0 0.0003390047640271481 8.523933887130172e-06 7.203922088669788e-08 1.4870651448140892e-06 0.0 0.0004586318833223234 6.334235799632679e-05 0.00012030177230506528 0.00015308426175425984 7.404567356049577e-08 3.38873571294735e-06 2.102723619619574e-05 0.0001417122726908393 4.236248278718172e-06 5.904744530988269e-05 0.0 0.0 1.5225613269467242e-06 2.7133032533669903e-06 1.340832590286939e-06 2.5307763351031782e-05 2.5127127275218182e-06 4.999147061996946e-06 3.3285346160587017e-06 7.626813810671714e-07 0.0 0.0 5.626692420519514e-08
0.0 0.0016021610147976906 3.533666539491894e-05 9.810091589828554e-08 1.2328022781050601e-06 5.529519830324225e-07 1.928056760776074e-05 2.583246550065425e-07 0.0016445596230838097 1.7780413832027524e-06 3.73162088276911e-06 1.5691527719065879e-06 7.711235458606288e-05 0.0 2.8375273867855147e-05 0.001297300346508 1.7262460747416536e-05 2.467933284265126e-06 2.261454258499752e-06 1.586008210769411e-07 0.00014747014370701934 0.0 0.00010556314744075641 0.004735074347785314 0.0004229736875158032 2.0733801260059604e-05 0.0022884302040157714 0.00042800451075800507 7.596401164653007e-07 8.139041106805696e-05 1.94733867721754e-05 0.0 6.788085846713145e-07 6.6212841533883765e-06 4.6530156221433175e-07 6.528478216107901e-05 1.1158032678100588e-05 2.8965138762441243e-05 9.503094779320211e-06 3.9506968850603386e-05 2.281355318033015e-07 1.0637355683221547e-06 1.4153737993995403e-07 8.864122171504016e-08 2.265346458988686e-05 6.32731617242887e-05 1.1049510187487118e-07 0.0 1.4961076758330247e-07 4.914609256873788e-06 5.352753392693286e-07 3.128695436711152e-05 0.0 8.393043651745573e-08 0.0 1.6269639756420924e-06 8.130703229650896e-07 0.0 0.0008899429528667777 7.697177382170732e-06 7.064252119297677e-07 7.693804904877799e-07 0.0 0.00014198946147273345 0.00015716703394643415 0.0003499657917806264 0.00011754297400954578 1.0052947325402737e-07 1.2043435323137513e-05 0.000991651056964765 6.891871144691547e-05 9.560482310352846e-07 1.4372502566042299e-05 2.7799807311063666e-07 0.0 7.235880402101552e-07 1.7242060172915145e-06 2.6868738594960265e-07 3.7436854949026104e-05 4.097836517174068e-06 1.8484644371456066e-05 1.2913186818508925e-05 1.124424544890517e-06 0.0 0.0 0.0
1.2457672253351721e-05 1.6896434954082576e-06 0.0028023742050947566 2.2385005283429713e-07 0.0 1.0792651124381286e-05 0.0008905100597308627 0.00021796865902524851 2.1013705645395548e-06 1.988609686760383e-05 2.799517664247766e-05 2.796999039442693e-07 5.076466018127297e-07 0.00015658761403633775 0.0 0.0019140934115140624 0.0030659835140710127 1.8787500521805075e-05 0.0001669667681930887 8.414634644804887e-07 0.00702310701645536 0.00010556314744075641 0.0 8.465765854645868e-05 7.799847375934484e-07 0.0013901320724718034 0.006992891909773917 0.001522684499317622 8.326009104527295e-05 0.003712419649671225 5.938977539210968e-06 3.0772825746942036e-07 2.086620453328349e-05 0.00237456696246781 0.00018420729453039354 0.004690034502159917 0.0029030821804300025 0.004991565301779362 0.0032051161632530916 0.00025368539142736624 4.80609061466676e-06 7.253691727807987e-06 4.204905522809735e-05 0.0 2.274697263739858e-06 0.00015934869828528403 6.683999512463046e-08 0.0 3.188107100160547e-07 9.61775010681653e-06 4.869726348800486e-07 1.5517439608556893e-06 1.788471809252755e-07 2.2845827390614145e-07 0.0 0.0 2.6055991591358973e-07 0.0 0.001294340238149264 8.817271311197535e-06 5.8285196399630566e-08 6.79535352133918e-07 1.7618834966659652e-07 0.0002684217905985616 0.00018367326625085567 0.0013506098928152065 4.5944462262501775e-05 0.0 7.81324789972552e-06 0.00045953478279228536 3.947525725277697e-05 4.4464784035596745e-07 1.3058870700816721e-05 0.0 0.0 1.5807911636102756e-07 3.241768481254142e-06 7.808735401622855e-06 3.665147262897683e-05 1.0056691472782975e-05 2.634064424291483e-05 2.2597593965570197e-05 3.4416021729378663e-06 0.0 0.0 4.0705138631332726e-07
3.5168479843295817e-06 0.0007061365265904178 8.985755679298762e-06 0.0006934528881806326 3.1473826887916315e-05 4.116572755374509e-05 0.0009394113237521566 2.9337470096038238e-05 0.003972403517808111 0.00027614884070760925 5.869609857512309e-06 6.813717314448765e-05 2.3778588603118535e-05 2.757504361378754e-05 0.0005799662188906366 0.000739681113858971 6.507150583830606e-06 6.334911243682517e-06 3.860618107494927e-06 0.00025698216358931684 9.230641299019716e-05 0.004735074347785314 8.465765854645868e-05 0.0 0.00017511534427791455 4.042572892589256e-05 0.0018821563335481072 0.004441414321963216 0.0001815357027092566 4.957624649162178e-05 9.969449539838497e-06 2.6472573646296068e-06 7.685518860844921e-05 0.0001695507538705519 5.493093376996313e-05 0.001016860550061827 7.33469603749385e-05 0.0005664764233942788 0.000252338522746678 0.0007294217079207334 2.4641098736319458e-05 1.2694543716907929e-05 2.9133430661091756e-05 8.920675216540106e-06 1.8900506405923977e-06 1.3354282166219544e-05 0.00013655716871211997 0.0 1.0163492751332917e-05 0.00042932641657835444 1.7896033807633186e-05 0.0011471652105056066 5.126135196252932e-05 2.9318436884910137e-06 6.384293736817244e-05 6.151985120392713e-07 1.8787804468127088e-05 1.642752546169987e-05 0.00021643832790079812 7.383693632258242e-06 2.4009781276247308e-06 3.357573290908374e-06 8.446378971690472e-05 0.00024078742090087704 7.815283307154344e-05 7.411916762230948e-05 0.0044580379972745665 1.1876814075040344e-06 7.5313192362246595e-06 5.4004538317094494e-05 0.0023546420350359105 9.442294548187432e-05 0.00030135735251425106 1.081747494261422e-06 1.2569868964981556e-06 2.4873630577103253e-05 4.2526413397350374e-05 1.5984882735263546e-05 0.00034916191238159504 4.260061714215847e-06 0.0001399204367274961 7.55884361144902e-05 9.895186541034528e-05 2.0690057529421854e-06 1.286016576721281e-07 3.992503798710652e-06
