0.0 1.0432216992189217e-06 1.329392945927249e-05 8.297528173797081e-07 1.3496978063395484e-07 3.7040008327109877e-06 0.0017383993344841353 0.00031263930124961344 4.5372063597535944e-06 5.611596404641368e-06 8.122769145071341e-06 6.548230525335847e-07 8.971527805392726e-08 0.003586674668574695 1.0558416733874948e-07 4.8992323185282885e-08 0.00022335122172551194 1.9245454891581742e-05 5.509255843717354e-05 7.739231456166333e-07 1.4129766419409803e-06 1.0548706291068705e-06 2.37957937703435e-05 1.864744435504255e-05 6.122026516703434e-08 3.190386462068791e-05 3.764020197519531e-05 3.852493891723217e-05 0.001566365087648083 0.0007781862100732692 1.5704452968989293e-07 1.778580883202918e-05 5.8475163511636466e-05 0.00013284945289624152 0.0 3.971082554986602e-06 4.466787709306307e-06 8.396347627810079e-05 5.945341606074388e-06 6.495101740457887e-07 2.1936621640986354e-07 8.009673795117005e-08 0.0 0.0 1.77922037416298e-07 0.0 2.804586104888037e-07 0.0 0.0 0.0 0.0 0.0 0.0 0.0 9.708072141616163e-08 0.0 1.9708150016836847e-07 0.0 1.2314345003203568e-07 0.0 0.0 6.322184775696612e-08 0.0 3.3062618091656684e-07 0.0 0.0 3.151465939342017e-06 0.0 1.1909682112031954e-07 1.9633164613751537e-06 3.295667537289583e-06 0.0 0.0 0.0 0.0 0.0 0.0 0.0 8.695636836309122e-08 0.0 2.1170198947803992e-07 0.0 0.0 0.0 0.0 0.0
1.0432216992189217e-06 0.0 0.0002756143367713028 0.0 6.382501668197985e-08 5.782462688807451e-08 1.6798706370954298e-06 1.0146663847550975e-06 0.00026026164841258005 1.3400351202659018e-07 9.016369577488944e-05 4.532569259916902e-07 0.00039602769542315344 2.7513949949214404e-06 3.4731354541256026e-06 0.00010062885074798806 0.00017694855449776158 6.645563781940616e-06 3.497764762788225e-05 8.157686250375455e-08 8.152113861152976e-06 0.0013439222940885612 3.741607861272472e-05 0.0005916883908785353 0.0008035830219703995 0.00033308991539079854 0.005927151225539165 2.5007530618774244e-05 3.1945359914236815e-06 3.472777297195459e-06 1.9705510239076917e-05 4.976365892774866e-07 1.3355326674968553e-07 4.246609007929661e-05 4.50163366450458e-07 0.00015240934449904433 0.00010814657255512789 0.0001533520734694723 5.9355103633324114e-05 1.2334859244168669e-05 8.586079271689726e-07 8.504846654009053e-05 5.690209583639359e-07 0.0 4.8028298049054893e-05 0.00013453591426410556 0.0 0.0 0.0 1.1412839630429312e-06 9.156669843947152e-08 6.102894167151736e-07 0.0 9.877586914890858e-07 0.0 5.939060008487992e-06 6.788454316025424e-08 0.0 6.834248107679402e-06 1.3657525895181903e-05 1.9557174741313873e-06 3.0400823494089275e-05 0.0 3.5799406993904464e-07 3.348849715494093e-05 6.018362527378354e-06 1.2797306616870053e-05 2.0728076311412188e-05 0.00025176928240003564 0.0017262345127939873 7.478321852996533e-07 6.002688057654775e-08 2.2856792702528776e-07 2.056104279510456e-06 0.0 0.0 1.1407700653279746e-06 3.8225658322581107e-07 1.5115660871845172e-05 1.1096734220537038e-05 2.058818838558692e-05 4.5550443579784e-06 1.7731402784287824e-07 0.0 8.390744674742849e-08 0.0
1.329392945927249e-05 0.0002756143367713028 0.0 2.3101828831024858e-07 0.0 7.081660043121041e-06 0.0008070084339035106 0.00014598462265367942 2.2639258232958343e-07 4.9968276793042927e-05 5.042386995147494e-06 4.4274346463338564e-07 0.0 9.833516968171245e-05 0.0 6.049958864336473e-06 0.0025395460640523786 1.9786047114028645e-05 0.00021970101710934423 1.1855180959240616e-07 0.0005600753514510556 3.973429440566288e-05 0.006828304716418372 1.676344658672813e-05 4.159792179262739e-07 0.0025612134185645278 0.004802395201643223 0.0010228725418984675 2.784463495120278e-05 0.0003202717886485385 5.01513535594407e-07 3.0141540552991493e-06 5.549615057738185e-06 9.760001101474307e-05 4.197733868349107e-06 0.00045440202136897383 0.0009068077741125172 0.000518398492661865 0.0002567190358930205 2.632711243548019e-05 1.1177874278337025e-06 4.0881517431243694e-07 2.990252734210079e-06 0.0 0.00026625150821359345 0.00023275139922957318 2.6379601266218114e-07 0.0 0.0 2.6863673625371047e-06 4.138839922271495e-07 9.554720028827444e-07 0.0 3.9052286986407796e-07 0.0 1.1197496494081682e-07 4.83477836563467e-07 0.0 4.217907059411899e-06 1.0990644862152946e-05 8.20154911527011e-08 1.6961338048507059e-06 0.0 1.3613741975090106e-06 4.6984665465574534e-05 9.755546307046921e-05 1.3613713153971598e-06 0.0 1.6593357558468563e-05 0.0010348121509735086 1.7325740250489012e-06 0.0 8.334151322237769e-08 1.571376065870956e-07 0.0 0.0 2.668723612153512e-06 1.098802395503196e-06 4.66057078004812e-05 6.642862695488989e-06 5.6753741755738676e-05 2.3943112889738072e-05 5.143079680310355e-07 0.0 0.0 0.0
8.297528173797081e-07 0.0 2.3101828831024858e-07 0.0 2.0120544207855684e-06 2.097119320403422e-05 3.3628493515003356e-05 4.761317117974004e-05 0.0009115137265385113 0.0012695535922973632 1.1117740337283554e-06 0.0020058994460682936 0.0 3.206242772861435e-05 9.63908776786584e-05 0.0 1.62840164233198e-07 2.822522447637985e-07 2.2324096285397057e-07 0.002069165461586028 0.0 5.952865115403461e-07 5.440254836561612e-08 0.0012087896313814036 9.148057109828335e-06 1.0201217676621712e-06 3.9126896554682063e-07 0.001894729347837243 4.041161293988961e-05 1.0071182034347247e-07 3.956908444932625e-08 9.146123718654538e-06 2.611399604845122e-06 2.611821305612001e-05 5.072539988126967e-06 0.00016292658100153468 2.1715684098123785e-06 0.00010160280102347027 4.697429917756388e-05 0.00017298401186297907 1.4622012313179527e-05 1.5145524395906398e-05 3.412585880983926e-06 0.0 8.899206754595933e-08 0.0 0.00030489616339018347 6.680033073894729e-07 5.068552607266594e-06 6.4339796160725e-05 2.285337668061818e-06 0.00010269431548631981 0.00012541470390085594 5.024262321935737e-07 0.00017930651578731255 2.9696711697111494e-06 1.9666832135604615e-06 1.8456080352162872e-05 6.660987651806736e-07 0.0 0.0 0.0 5.52599674193262e-05 0.0 6.786412239996043e-08 0.0 0.0003342024519867682 0.0 0.0 5.773218581909008e-08 0.0002634452094891558 1.7038629187483634e-06 0.0 0.0 7.318184153616288e-07 6.739633847461258e-07 3.0053070997008468e-06 8.37535995240243e-07 4.78410917965105e-05 0.0 1.8396128225492247e-05 7.012037414794867e-06 0.00019406924842291776 5.739740991690989e-06 6.118704411725859e-06 0.0
1.3496978063395484e-07 6.382501668197985e-08 0.0 2.0120544207855684e-06 0.0 0.0002742428725693878 4.276446004495049e-07 4.017007744950906e-06 2.0318072672056064e-05 4.65844765309292e-06 5.863653919176303e-06 2.58562231111912e-05 6.232966009864902e-08 1.453753419436244e-06 0.0007854528553791986 0.0 0.0 4.870710132106959e-07 1.3664043552116217e-07 2.8718643603162515e-06 0.0 0.0 0.0 6.024393125974249e-06 0.0 4.731081141522212e-07 2.0599243308045489e-07 1.6463453319145512e-06 2.8667564951232086e-05 1.2420331533777416e-07 5.296335351417504e-08 9.23959272230134e-06 0.0 0.00010423999044739323 0.0 5.836518074965909e-06 2.6770102824234176e-07 7.878009420848002e-05 1.3649527009117525e-05 0.0009913186108257658 1.863394814925518e-05 0.0 4.1803988148860105e-07 0.0 0.0 0.0 1.9987080894555092e-07 0.0 0.0 0.0 0.0 8.181099580268647e-08 0.0 0.0 2.2392003203213076e-07 0.0 0.0 0.0 0.0 0.0 0.0 0.0 0.0 0.0 0.0 0.0 7.888176768883655e-08 0.0 0.0 0.0 7.40211765539742e-08 0.0 0.0 0.0 0.0 0.0 0.0 0.0 0.0 0.0 0.0 0.0 5.087837903671811e-07 0.0 0.0 0.0
3.7040008327109877e-06 5.782462688807451e-08 7.081660043121041e-06 2.097119320403422e-05 0.0002742428725693878 0.0 0.0001564305092888861 0.0030300822047879877 4.553203540144422e-05 0.0033356037799499062 3.431813239515216e-05 0.0014685106315049472 2.7636167781875307e-06 0.0001744891860656201 0.0011241805370333473 0.0 7.236543615469073e-06 1.1340960772632349e-05 7.2408662564821066e-06 0.00018290754500585834 1.8788183162897364e-07 6.324136814737424e-07 1.5446255382018961e-06 2.4602712604081716e-05 2.2957341138225574e-06 1.2075756991991376e-05 8.177756121673318e-06 7.293640807768499e-05 0.00019938970330053024 4.422436414633532e-06 1.3935558305858043e-06 0.0003401555333881902 8.129087300459743e-07 0.00020161599929919858 2.104946561159481e-06 0.0001902105583631627 7.480552853546204e-06 0.00034717183037633634 3.3495634800081e-05 0.0016696582713312718 4.9919210142931255e-05 4.142300136563802e-06 6.521426003320144e-07 0.0 0.0 0.0 7.655434003059577e-06 0.0 1.593217916155743e-06 3.6969356627056277e-06 0.0 4.114769466235291e-06 3.2215856136148168e-06 6.040416804622098e-08 1.750084900794019e-05 0.0 0.0 2.934683519962388e-06 6.453152393624388e-08 0.0 0.0 5.9216663706482615e-08 3.4736615718091624e-06 0.0 0.0 0.0 1.676077185233944e-05 0.0 6.650952518911825e-08 1.732254667563316e-07 1.3156241313439047e-05 0.0 0.0 0.0 0.0 0.0 2.578426481663669e-06 0.0 5.272424093772118e-06 4.834401881072163e-07 6.588566167997951e-08 0.0 3.010030405313012e-05 0.0 0.0 0.0
0.0017383993344841353 1.6798706370954298e-06 0.0008070084339035106 3.3628493515003356e-05 4.276446004495049e-07 0.0001564305092888861 0.0 0.0032766248123431217 4.734300500372585e-05 0.0019235027019756062 9.614672215832133e-06 7.564356270443177e-06 3.9009568612305965e-07 0.00578730593030193 1.80764513499338e-06 5.01005903339995e-07 0.0007257229199376019 2.597355721692404e-05 0.00012361351987817568 1.0980387026943785e-05 2.144079944554313e-05 1.4458018956124963e-07 0.0002987574939677638 0.0005656924632988447 1.2315215484521905e-06 0.0003171899613910249 0.00010843500429367655 0.011294267421657643 0.0003126618488668999 0.0015492868247165973 4.175919567526389e-07 5.046186809004028e-05 2.5979960062774685e-05 0.00013473501334467308 6.823657093842798e-06 0.0001279788228460025 1.9895841893625352e-05 0.00035935403625972275 9.5737767162135e-05 2.0007195905015375e-05 2.0460842352368587e-05 9.928679935610809e-07 1.6397780246862355e-06 0.0 7.32190973568861e-07 3.792755699202889e-07 9.515258612836769e-06 0.0 0.0 1.423773906848874e-05 4.1231907046744513e-07 7.87326760892182e-06 3.8926948629519916e-06 0.0 2.394511470902318e-06 4.926614701649493e-08 7.383303730473847e-07 3.591520894855679e-07 1.2493979377063479e-06 1.9186202809458862e-07 0.0 2.4490457238896647e-07 1.249909310672759e-06 9.494975938652309e-08 6.936500094251801e-07 1.5970729472840027e-06 5.1178771516241224e-05 0.0 1.0550812414028094e-06 7.20189552583534e-06 3.955334771020702e-05 7.947387227463655e-07 3.693023583398838e-07 0.0 0.0 8.720228072784718e-08 4.992693311667758e-07 2.72075535665984e-07 1.0280939210948973e-05 6.081409253192556e-07 5.732782594415474e-06 2.9304290216341266e-06 2.190586621237281e-06 1.1774522019194224e-06 0.0 0.0
0.00031263930124961344 1.0146663847550975e-06 0.00014598462265367942 4.761317117974004e-05 4.017007744950906e-06 0.0030300822047879877 0.0032766248123431217 0.0 2.3706404681447694e-05 0.0032345496403728643 3.657580390114092e-05 0.00046342684827302644 2.4897438304058974e-06 0.002232101915252425 5.830764511829891e-05 0.0 0.0003659698347669851 3.534725138272083e-05 9.31039653984713e-05 0.0002066937022287014 1.4844680390167777e-06 1.3708814723146581e-06 3.940384473437256e-05 0.00016547499079879385 5.200663254046407e-07 0.0001198648027134579 8.103267291840453e-05 0.0004180395021312089 0.00018211828927581526 0.0002973987953330767 8.916396904200416e-07 0.0002451778379722851 4.998558270051178e-06 0.00022678119310619855 2.8774096038507815e-06 6.340353436618366e-05 1.5934121906831764e-05 0.00030654566174085984 4.479785019675913e-05 0.00026132913015138905 2.2867085856371085e-05 1.1811817985275777e-06 1.6304880314111955e-06 0.0 1.542027056788577e-06 4.5078885897933834e-07 4.361536319141413e-06 4.963393883263156e-08 0.0 3.5935144530150317e-06 9.948693116093449e-07 3.864031156020744e-06 2.428945680918463e-06 0.0 5.405205896685477e-07 5.720145490013663e-08 3.266574896929447e-07 2.467076419834333e-07 4.1245306778362737e-07 0.0 0.0 6.698807178335731e-08 8.532030531560525e-07 7.453524784539341e-07 1.0531277079336327e-06 0.0 3.817825839636029e-05 0.0 8.895457131719442e-07 3.648937668108786e-06 3.0086215519985016e-05 2.1661681629580977e-07 8.34946020930019e-07 0.0 0.0 0.0 6.271051748850811e-07 0.0 9.527729598994668e-06 0.0 3.0059443202436504e-06 3.963812889631227e-07 2.1854973361514556e-06 5.134044050810184e-07 0.0 4.6112826120262975e-07
4.5372063597535944e-06 0.00026026164841258005 2.2639258232958343e-07 0.0009115137265385113 2.0318072672056064e-05 4.553203540144422e-05 4.734300500372585e-05 2.3706404681447694e-05 0.0 0.00011380330675770417 3.5287740479063917e-06 0.00033752355397549563 1.834799733351563e-05 2.4556447635871533e-05 0.0004578594294404013 8.66597082741076e-06 4.7208481128957236e-07 3.9130218176987125e-07 3.274857371661329e-07 0.0003888150728951412 5.432330750813968e-06 0.0009987717985517337 1.2227333535916338e-06 0.004186591343599597 7.421306461389705e-05 3.4135499404363138e-06 0.00017004645057521874 0.0006410987773363592 3.340154403069407e-05 4.12564436112755e-06 3.0518342797553654e-06 5.473194502183756e-06 6.5161600832988575e-06 1.78275247742136e-05 6.644486507936731e-06 0.00017163496855128907 1.0605598028010328e-05 6.66369626284443e-05 3.443305717140498e-05 0.0004991793702780274 8.626680848343833e-06 3.099051249887198e-06 1.6130193890471225e-06 3.8203332723049285e-06 8.714139158994939e-07 1.23141821012294e-07 0.0003380739417512289 5.597503880165847e-07 6.61326058036493e-06 0.00016113167617932205 1.099428261639168e-05 8.365167540204059e-05 0.00011398683495285472 1.7185577396255038e-06 0.00013773247683498618 1.7577600115269712e-07 9.464827600677967e-06 2.1484834466729233e-05 7.672451981985268e-05 7.394570792144301e-08 1.3412009600354014e-07 1.8610565246294829e-07 5.413427675812576e-05 3.289230580879413e-05 3.4547955901906275e-05 1.8161873153853796e-06 0.0012160882862847868 3.337735027503543e-07 9.867045625605567e-07 2.214412009585631e-06 0.0005953797364138036 1.328860539113627e-05 1.9859473197140086e-05 5.7878774390426224e-08 7.627534909727793e-07 2.1823383048680723e-06 1.0002561930760134e-05 9.121369190353903e-06 0.00019569890969200194 3.2123550679576416e-06 7.218335074194789e-05 2.677782997031312e-05 0.00011014172662010296 2.100780202545513e-05 3.734185524279734e-07 4.6208571639549493e-07
5.611596404641368e-06 1.3400351202659018e-07 4.9968276793042927e-05 0.0012695535922973632 4.65844765309292e-06 0.0033356037799499062 0.0019235027019756062 0.0032345496403728643 0.00011380330675770417 0.0 3.139699979237094e-05 0.0023068257680958653 1.9355421713763386e-06 0.0007652127592735797 3.855405394385079e-05 1.472330969418334e-07 2.345379918509244e-05 1.0374142735429796e-05 7.939564563278444e-06 0.0020751129908356653 7.625497057082932e-07 2.866061689892809e-07 9.279225050773514e-06 0.00031114633047940073 5.510781180993499e-08 3.3713869657639224e-05 1.1954312959951527e-05 0.003378847918641789 0.0004490158831297997 1.2266805640318596e-05 1.8663349709307747e-06 0.00017251068086783093 1.000857479114106e-05 0.00027011638262170514 1.979158352094327e-05 0.0005333823380829436 1.9716806219328598e-05 0.0008690952746075279 0.00019347870143060915 0.0001920870413845106 9.866660290499906e-05 5.1011318279052255e-06 9.375339967690502e-06 0.0 2.0644145311174195e-07 0.0 8.989424927751992e-05 0.0 5.547666364917414e-07 4.03784255193932e-05 1.1794945007207309e-06 2.5071807621138837e-05 3.541132189871127e-05 9.216737417529664e-07 2.261870123370584e-05 0.0 2.0805879496312046e-06 2.6634210043799275e-06 2.692560227278943e-07 0.0 0.0 0.0 1.6048994366489044e-05 0.0 8.901775129311058e-08 9.85098957077049e-07 0.00014891355571074855 0.0 5.736814863819838e-08 3.015678056639874e-07 0.00014732562769972528 7.531965241033897e-07 1.2600363926819777e-06 0.0 8.08431538685628e-08 0.0 5.808511429202524e-06 1.0199938455221765e-06 2.5775655776819057e-05 1.9718991027190264e-06 1.3039689100053525e-05 3.476386058595657e-06 3.5599270594406964e-05 3.0638478269594417e-06 1.1588903991281686e-06 4.0318953331641376e-07
8.122769145071341e-06 9.016369577488944e-05 5.042386995147494e-06 1.1117740337283554e-06 5.863653919176303e-06 3.431813239515216e-05 9.614672215832133e-06 3.657580390114092e-05 3.5287740479063917e-06 3.139699979237094e-05 0.0 2.123910806084225e-05 0.0009887857471862398 3.0784281560593466e-05 1.3657312776701745e-06 1.6965012996376016e-06 6.437318816475198e-05 0.0012173036535684698 0.0001329029078006614 7.028329677492481e-06 1.8742978203866458e-05 2.4371661020650015e-05 1.801208491856237e-05 1.0410127781522122e-05 0.0004401754493886107 0.001040368015266569 0.0003691498526351217 1.2234881067485244e-05 0.00014334457699657856 3.086335306035084e-05 0.00039625622829608727 0.0001266732118460407 1.992240008557894e-06 0.0047040432855086165 6.533693519807125e-06 0.00053860737801625 0.002677541016103815 0.002784211341358987 0.0007849862006662016 6.286076033633455e-05 3.5727294689688686e-05 0.0006009056382906301 7.696652230981574e-06 0.0 2.4292683289311044e-06 1.5416090948772643e-06 6.299805014739191e-08 0.0 0.0 0.0 0.0 0.0 0.0 0.00012655280280078716 0.0 0.00043267581934941204 0.0 0.0 0.0 1.4454887154069002e-07 3.9785217497810695e-06 1.3831049495756364e-06 0.0 0.0 0.0 7.610034410977668e-08 2.2287422920450364e-07 3.078753384977624e-05 3.7367539472621173e-05 6.0394048334249795e-05 5.610857850716688e-07 0.0 0.0 3.214872554602229e-05 6.885420903955871e-08 0.0 3.931605651705674e-06 5.222610094885596e-07 1.6473715493766236e-06 9.87180210659926e-05 1.31966793198032e-06 3.3953848387602574e-06 0.0 0.0 0.000105083992875947 0.0
6.548230525335847e-07 4.532569259916902e-07 4.4274346463338564e-07 0.0020058994460682936 2.58562231111912e-05 0.0014685106315049472 7.564356270443177e-06 0.00046342684827302644 0.00033752355397549563 0.0023068257680958653 2.123910806084225e-05 0.0 1.7619327896854024e-06 0.00014996490657584143 0.0009512318524776949 0.0 1.0758064752325694e-06 6.218527840815997e-06 2.5792150710921504e-06 0.00398326871136353 5.8900782391229155e-08 1.9025927594822363e-06 1.4585529896264829e-07 0.00025952361786270463 5.951326824171612e-06 5.658641877515389e-06 3.6089182826895724e-06 0.0002796688671110048 0.00022543475451817705 1.343373445824664e-06 5.639768124405238e-07 0.00013606902023793595 2.612731808835869e-07 0.0001712848539430954 6.69094160270741e-06 0.00036638088798004786 6.552191006485617e-06 0.000416846284782108 4.234428456963253e-05 0.0012483029331313569 3.729866838860788e-05 2.2218024590970613e-06 2.310063435578012e-06 2.8116500171602066e-07 0.0 0.0 0.0001477012126859717 0.0 3.927079288082756e-06 1.689807534066518e-05 8.830146759985592e-07 4.1661197917837e-05 9.609716911818709e-05 5.6814824932628995e-08 0.00016661823424981396 4.538283629116402e-06 2.9192959201511985e-07 1.1097414760938155e-05 0.0 0.0 1.9532859138691426e-07 0.0 5.5387676125247346e-05 0.0 1.338702990532465e-07 0.0 9.047233482573495e-05 0.0 6.155969533177204e-08 1.3827568359466917e-07 9.785994360520093e-05 7.909342979749794e-07 6.362327813460484e-08 0.0 0.0 0.0 3.7794566326507463e-07 0.0 2.46848498447355e-05 1.7992410360696213e-06 7.51968234400155e-06 1.8510890679906143e-06 0.0001595185321261744 6.550324767125615e-07 0.0 0.0
8.971527805392726e-08 0.00039602769542315344 0.0 0.0 6.232966009864902e-08 2.7636167781875307e-06 3.9009568612305965e-07 2.4897438304058974e-06 1.834799733351563e-05 1.9355421713763386e-06 0.0009887857471862398 1.7619327896854024e-06 0.0 1.1779618669677001e-06 2.828760479388727e-07 4.050148921707413e-06 2.8258806416682966e-07 1.8138885958817114e-05 3.0745863947124116e-06 3.4462004527337795e-07 5.908926554463256e-07 0.00010361966206889058 4.000170428955642e-07 3.921433025367594e-05 0.002027859653622444 0.0002788776809275927 0.001161578879881599 3.7994238432173184e-06 4.860733862053592e-06 1.6335672128807487e-07 0.0010324885755246184 7.43095915289351e-06 5.618544317712905e-08 0.0007370447661406669 1.526307053410624e-06 0.00028923269585708994 0.0018241165613802517 0.0014019484755979352 0.0003690181401467568 8.708291094149582e-06 6.124600889088685e-05 0.0004711251740595714 4.25495641232533e-06 0.0 8.27646298536033e-06 1.0828747686860378e-07 0.0 0.0 0.0 6.633555887574278e-08 4.5771885747479915e-08 0.0 0.0 0.00031846320875788376 0.0 0.0011191773049153732 0.0 0.0 0.0 0.0 1.564188767188118e-05 1.5497841842564913e-06 0.0 0.0 1.8018658834691286e-07 0.0 3.1240744689824814e-07 0.00016781776294119512 0.00011406010897555933 0.00017250810141717385 7.716296621815475e-08 6.251369291863293e-08 0.0 9.05076471330848e-05 4.872491797031773e-08 0.0 8.352599669141264e-07 5.303274789873519e-07 6.225726497618532e-06 0.0002767213929410875 3.955813404867281e-06 4.6711107986051867e-07 6.137479462947563e-08 8.544648519346051e-08 0.0002421455118768925 0.0
0.003586674668574695 2.7513949949214404e-06 9.833516968171245e-05 3.206242772861435e-05 1.453753419436244e-06 0.0001744891860656201 0.00578730593030193 0.002232101915252425 2.4556447635871533e-05 0.0007652127592735797 3.0784281560593466e-05 0.00014996490657584143 1.1779618669677001e-06 0.0 6.376339861576124e-06 9.208764131672959e-08 0.0004957526252451965 4.922278566690876e-05 0.00012319274444788192 8.788384176320552e-05 2.1131517061849953e-06 1.773284374739146e-06 5.233944437391921e-05 0.00021115640976567668 2.8600684288006785e-07 0.00011584254580047077 0.00010555228319438038 0.0005542282117914467 0.0012478201859124677 0.0009223230691194378 6.439904796670349e-07 0.00012735065176080253 2.987335164958032e-05 0.0002700033589393372 9.78708433298813e-07 4.018894576791232e-05 1.28068291608351e-05 0.000298653502478175 2.5485730287501333e-05 6.403347888999077e-05 5.816355753316893e-06 5.867464567638498e-07 4.724264970201062e-07 0.0 1.936764377085331e-06 3.1936334727170883e-07 3.6539612540394475e-06 0.0 0.0 3.624514011817892e-06 0.0 4.602368982645636e-06 2.742111759061625e-07 0.0 1.8609063392196854e-07 5.9457118158941873e-08 8.770888915959545e-07 0.0 1.4596795565610718e-06 0.0 0.0 3.96313264625935e-07 1.4991146529763802e-07 4.7208053221207444e-07 1.5573213754949604e-06 1.2581384500916192e-07 3.932456704062921e-05 0.0 6.11784425217363e-07 4.9781290165775495e-06 3.355705969518943e-05 7.860355339416135e-07 7.213631160415065e-07 5.7444025685935426e-08 0.0 2.2865251538372286e-07 3.776732178351824e-07 2.788663481157151e-07 1.1195401969185922e-05 4.111417857900174e-07 3.0741279347205708e-06 9.129591730154321e-07 2.4117254014103814e-06 2.857923645629187e-07 0.0 3.527572355779331e-07
1.0558416733874948e-07 3.4731354541256026e-06 0.0 9.63908776786584e-05 0.0007854528553791986 0.0011241805370333473 1.80764513499338e-06 5.830764511829891e-05 0.0004578594294404013 3.855405394385079e-05 1.3657312776701745e-06 0.0009512318524776949 2.828760479388727e-07 6.376339861576124e-06 0.0 0.0 4.9799388760748136e-08 5.41910602975254e-07 1.7559428423257376e-07 0.00013213872630912668 0.0 2.1082026875887623e-05 0.0 0.0003057213322573963 5.348376090340524e-06 3.6585409019234866e-07 4.123552620880921e-06 3.0293305949499977e-05 9.905228497794251e-06 0.0 5.688181430855636e-08 6.971315503241432e-05 1.4002242437829832e-07 1.2067827357830338e-05 4.406418017536868e-07 0.00018032769141007943 1.109610444893066e-06 1.0989396833464344e-05 3.523518259366862e-06 0.001248092662906358 3.9264455529924485e-06 4.375327892662105e-06 3.1803565348433727e-06 0.0 0.0 0.0 1.0410151358218097e-05 0.0 5.889816203639691e-07 3.318067227052614e-06 0.0 7.5897375954167026e-06 6.166169257400086e-06 9.965837829506281e-08 2.7715294199554626e-05 0.0 0.0 8.585354427520931e-07 3.5134446240566304e-07 0.0 0.0 0.0 2.557072362674171e-06 0.0 1.0750463774057799e-06 0.0 1.5235783107520398e-05 0.0 0.0 6.808565516157476e-08 7.065156685454973e-06 0.0 0.0 0.0 0.0 1.2528249682631777e-07 8.300666287724404e-07 0.0 1.9581314261289606e-05 0.0 0.0 6.612320153301498e-07 5.384807326332406e-05 0.0 0.0 0.0
4.8992323185282885e-08 0.00010062885074798806 6.049958864336473e-06 0.0 0.0 0.0 5.01005903339995e-07 0.0 8.66597082741076e-06 1.472330969418334e-07 1.6965012996376016e-06 0.0 4.050148921707413e-06 9.208764131672959e-08 0.0 0.0 3.499100483326716e-06 3.616730787546538e-07 1.6358397928830242e-06 0.0 0.0015557007275967477 0.002382175245694929 0.0024217483233821605 0.0007064517934793879 2.0259393287835076e-05 5.021263412618467e-06 0.0030675671099605066 0.00117889052309184 5.489740000873339e-07 7.169058627689372e-07 4.706962831290693e-07 6.187736346355121e-08 6.412395758424505e-07 2.269468043629625e-05 1.9999832415548613e-05 0.0011908430870972118 0.0004293071481092323 0.0003747819469719664 0.0005126046552475695 6.194164274932808e-05 5.552037567890754e-07 2.971327543989397e-06 7.115005715227561e-06 1.6055496048819507e-07 2.6966847196214428e-06 4.6432433110410395e-06 0.0 0.0 0.0 1.665808372473798e-06 2.6696100819989473e-06 1.0287182162246518e-06 0.0 2.0046733648238727e-07 2.7754861501828506e-07 9.444378863942588e-08 1.942808174918106e-06 0.0 0.0011887802020299882 7.058635083601061e-07 0.0 1.158874805093035e-07 0.0 0.0001972015684282614 0.0007464519572128645 0.000541722806214656 0.00011780458712923908 7.01777481304268e-08 2.3306489403554618e-07 0.0001345024074954057 0.00012348622293600098 5.171605718829648e-07 4.037698588363898e-06 0.0 0.0 0.0 1.395202059459051e-06 2.219552151646752e-06 7.154147683231557e-05 6.450630429728104e-06 2.45082039145532e-05 2.9430449376406997e-05 2.3875452812503184e-06 0.0 1.507644831530625e-06 1.0071658302170283e-06
0.00022335122172551194 0.00017694855449776158 0.0025395460640523786 1.62840164233198e-07 0.0 7.236543615469073e-06 0.0007257229199376019 0.0003659698347669851 4.7208481128957236e-07 2.345379918509244e-05 6.437318816475198e-05 1.0758064752325694e-06 2.8258806416682966e-07 0.0004957526252451965 4.9799388760748136e-08 3.499100483326716e-06 0.0 0.00015748425587348632 0.0018019856979082536 3.497768302541379e-07 0.0003966395966226321 1.1596111855990677e-05 0.0013597317029755574 7.456252603622628e-06 1.1808531356728134e-06 0.000768148919235396 0.0027665479630186317 0.00039638671431823 0.0003892532816375632 0.002390174209819989 5.542845209055329e-07 1.281790130170747e-05 1.0641099180982089e-05 0.0012297656792591934 1.307149049857365e-06 0.0001733936741600447 0.001166234556544265 0.000558200880605567 0.00010080647635950436 7.0889664426395355e-06 1.5297985625180812e-06 3.159926687311263e-07 2.4315151045181005e-07 0.0 0.00011457144677185212 5.639652302029825e-05 0.0 0.0 0.0 5.746164091222975e-07 3.470910176029898e-07 4.5832802731869016e-07 0.0 8.129709808772974e-08 0.0 2.8508365743584116e-07 0.0 0.0 1.6020543782679038e-06 7.103937407888827e-06 5.512482926488254e-07 5.664177699653692e-06 0.0 6.939950367346714e-08 1.0361766673319685e-05 5.351254396503932e-06 2.9413588205250846e-06 8.128992111870283e-07 5.816295150069639e-05 0.00037856095439430155 2.1495232012426384e-07 0.0 4.754325582445614e-07 4.716190555170082e-07 0.0 0.0 5.675438226680854e-07 2.411377775095035e-07 7.0084450503369694e-06 6.4885912447129265e-06 9.310271493785575e-06 2.093065465791319e-06 0.0 0.0 0.0 0.0
1.9245454891581742e-05 6.645563781940616e-06 1.9786047114028645e-05 2.822522447637985e-07 4.870710132106959e-07 1.1340960772632349e-05 2.597355721692404e-05 3.534725138272083e-05 3.9130218176987125e-07 1.0374142735429796e-05 0.0012173036535684698 6.218527840815997e-06 1.8138885958817114e-05 4.922278566690876e-05 5.41910602975254e-07 3.616730787546538e-07 0.00015748425587348632 0.0 0.0006879443172550275 2.9554490662294003e-06 2.6518663306880883e-05 3.8869742097276196e-07 2.4822704136659343e-05 1.861824410191675e-06 5.927901961189932e-06 0.001681026568294337 0.00035036415824774405 1.1775759345548002e-05 8.358519636179781e-05 7.446541722002091e-05 5.692273154375379e-05 3.683690869893264e-05 3.088012845039051e-06 0.0013015954802404973 3.7939766378965266e-06 0.0007810149611126974 0.0006477475242414393 0.0014416265477102308 0.00036414709773407175 3.698163494798189e-05 1.2793894906524523e-06 2.4178778284057557e-06 1.597594901917112e-06 0.0 5.163435873872951e-06 1.463164702745265e-06 0.0 0.0 0.0 0.0 0.0 1.518247466636267e-07 0.0 8.709491528543454e-06 0.0 2.3029351705285347e-05 0.0 0.0 7.9922029064693e-08 5.008205338884283e-07 7.515950538238415e-06 1.0501418539797043e-05 0.0 0.0 3.649525786005247e-07 1.3272193295704387e-07 1.334851867195152e-07 6.316895705958882e-06 5.276142435756702e-05 0.00010762594363777714 1.5783768130186703e-07 0.0 0.0 1.2493105475267789e-05 0.0 0.0 2.2590443797800632e-07 4.2670007531077124e-07 1.398422051352993e-06 4.640592909844674e-06 7.733034451579456e-07 7.721369788423917e-08 0.0 0.0 0.0 0.0
5.509255843717354e-05 3.497764762788225e-05 0.00021970101710934423 2.2324096285397057e-07 1.3664043552116217e-07 7.2408662564821066e-06 0.00012361351987817568 9.31039653984713e-05 3.274857371661329e-07 7.939564563278444e-06 0.0001329029078006614 2.5792150710921504e-06 3.0745863947124116e-06 0.00012319274444788192 1.7559428423257376e-07 1.6358397928830242e-06 0.0018019856979082536 0.0006879443172550275 0.0 6.021228715676961e-07 5.601531071762521e-05 2.249488898056877e-06 9.338146928738343e-05 2.1703828036751314e-06 1.16314777956828e-05 0.0017974335039728183 0.0007337130498723594 4.7952176251544105e-05 0.00012233201160137194 0.00027622755039216065 4.281016560499675e-06 1.3755624832834967e-05 5.667200710109192e-06 0.0011060444277386798 1.9349638368804914e-06 0.0005413080114240322 0.0004347326844043473 0.0009610723548602716 0.00018909055224060786 2.5321137743570016e-05 1.2403729502069392e-06 8.177719944440027e-08 1.276856745522952e-06 0.0 2.9839663275346335e-05 1.0926975906490432e-05 0.0 0.0 0.0 4.663223372763352e-07 0.0 3.456494465176236e-07 8.258931451695634e-08 3.3939633496362073e-06 0.0 1.110858279584443e-05 0.0 0.0 3.573074265152482e-07 2.9152312884828508e-06 4.8774582883730864e-06 4.660309969810513e-05 0.0 0.0 1.4717057135846294e-06 2.4980312293256593e-07 3.078814313564718e-07 8.82871780336079e-06 0.00017265249684990638 0.0003749415872866011 3.2647879411712847e-07 0.0 0.0 7.872225806706782e-06 0.0 0.0 1.9440337082828097e-06 0.0 3.056429990423808e-06 4.77753049063352e-06 2.703784331095471e-06 1.916121021222185e-06 3.391297196607924e-07 0.0 0.0 0.0
7.739231456166333e-07 8.157686250375455e-08 1.1855180959240616e-07 0.002069165461586028 2.8718643603162515e-06 0.00018290754500585834 1.0980387026943785e-05 0.0002066937022287014 0.0003888150728951412 0.0020751129908356653 7.028329677492481e-06 0.00398326871136353 3.4462004527337795e-07 8.788384176320552e-05 0.00013213872630912668 0.0 3.497768302541379e-07 2.9554490662294003e-06 6.021228715676961e-07 0.0 1.7969694028480497e-07 0.0 1.0516603370740677e-07 0.0004546254669339227 1.5808455502032467e-05 1.5555163520050204e-06 1.5395742728588722e-06 0.0011728639451162345 0.0001061288338764821 6.602772473236964e-07 2.473691957185597e-07 4.231403908917325e-05 1.3983827738770002e-06 7.689347557481436e-05 9.165433682409975e-06 0.00031665725614191435 7.024916472718592e-06 0.00026640984453737407 8.032574514731356e-05 0.00028220248631402107 4.071976196210432e-05 2.4446704720364888e-05 5.998346789659592e-06 2.64751667115275e-07 0.0 0.0 0.00022134038702049493 6.381148328720335e-08 3.0360747343597528e-06 7.259501063027301e-05 1.2017553942889105e-06 5.1570621252851886e-05 9.392143114184492e-05 1.1999989675673874e-07 0.00013110335953425315 1.4217913884310006e-06 1.0551314347033952e-06 1.4874020493014023e-05 6.682192569295797e-07 0.0 0.0 0.0 4.304664135541876e-05 0.0 0.0 0.0 0.00029985829180570564 9.747862921264965e-08 3.925543270981032e-07 6.760411878238544e-07 0.00026760676180800555 2.601823934415736e-06 8.463114085612891e-07 0.0 1.2637325317308246e-07 3.166488202469386e-07 2.2670622385871923e-06 2.837423207241606e-06 5.7432625828988995e-05 2.1370860300073492e-07 2.3435455958693634e-05 8.19797126811635e-06 0.00016767529433250552 8.422959872123839e-06 6.804734247368466e-06 1.9184628554483484e-07
1.4129766419409803e-06 8.152113861152976e-06 0.0005600753514510556 0.0 0.0 1.8788183162897364e-07 2.144079944554313e-05 1.4844680390167777e-06 5.432330750813968e-06 7.625497057082932e-07 1.8742978203866458e-05 5.8900782391229155e-08 5.908926554463256e-07 2.1131517061849953e-06 0.0 0.0015557007275967477 0.0003966395966226321 2.6518663306880883e-05 5.601531071762521e-05 1.7969694028480497e-07 0.0 0.0002071280388051208 0.007464614195141944 7.190634510102253e-05 1.1616984300296744e-06 5.38880614885195e-05 0.00021746232315426203 0.0027583362932190837 8.52227633727535e-06 0.004159505609264021 4.057077704239419e-07 1.0718563854651417e-06 6.113138547864514e-06 0.0015131423813584514 9.257361750800577e-05 0.0029058970722924257 0.00048744985913246074 0.003856542651443808 0.001532232257849713 0.00012488923315626436 5.199414603452834e-06 1.7354705056889709e-06 1.6763841788773878e-05 6.16958433252998e-07 8.646067157896271e-07 2.3664447231285223e-07 0.0 0.0 0.0 4.960151809101605e-07 4.3949166740528603e-07 6.162636725769847e-07 0.0 0.0 0.0 0.0 6.837826423582432e-07 1.4376921619483726e-07 0.0002320241053121195 1.575447733419441e-07 1.466353720058707e-07 2.3622600452361385e-07 0.0 8.91422891190663e-05 0.00011978486822540886 3.0331360983088132e-05 4.2374147040168166e-05 0.0 3.1495398068202885e-07 9.932313415413127e-06 5.060519076918264e-05 3.7864293476638764e-07 3.7692058286806383e-07 0.0 0.0 0.0 3.4902860431481e-07 7.915895027100874e-07 1.5782748048234883e-05 5.244618940578768e-07 1.5921477337249742e-06 8.949973971367554e-07 2.3842629967553166e-07 0.0 0.0 0.0
1.0548706291068705e-06 0.0013439222940885612 3.973429440566288e-05 5.952865115403461e-07 0.0 6.324136814737424e-07 1.4458018956124963e-07 1.3708814723146581e-06 0.0009987717985517337 2.866061689892809e-07 2.4371661020650015e-05 1.9025927594822363e-06 0.00010361966206889058 1.773284374739146e-06 2.1082026875887623e-05 0.002382175245694929 1.1596111855990677e-05 3.8869742097276196e-07 2.249488898056877e-06 0.0 0.0002071280388051208 0.0 0.0005813446018767998 0.0036682817144565918 0.0003779249591342442 1.6655228275902855e-05 0.004033409432946945 0.00029377631646583237 1.3663519991668774e-06 1.5132924062796365e-06 1.1275879257287326e-05 1.1345637971416529e-07 6.57995821419348e-07 8.429847400078966e-06 4.195610898262476e-06 0.00017335148679996785 6.967176445791652e-05 5.677812034712447e-05 5.285777552875736e-05 6.577713153486237e-05 8.158067329609025e-07 1.1570243324164118e-05 6.333106958572194e-07 3.287059054401775e-07 7.903595621740257e-06 4.20305931442254e-05 0.0 0.0 4.0337906117734947e-07 1.494915364958222e-06 1.063860659977522e-06 3.0949436928524966e-06 6.328428887264622e-08 3.9308938814645526e-07 8.511503768956492e-08 6.79520240267532e-07 2.7536396680983423e-06 0.0 0.0008944814461282745 2.9333878552093207e-06 0.0 1.0599614457497174e-06 0.0 0.0001226412205074567 0.00013036600635956094 0.0004461180713624702 9.335512809385446e-05 9.395211706561618e-07 2.0349292366654896e-06 0.0004103744809478368 6.459348500626033e-05 3.8963007422403395e-07 3.355367370107862e-06 6.746307259103631e-08 0.0 0.0 2.299549630779648e-06 1.726650431236946e-06 7.481348933216739e-05 8.556097335065285e-06 3.8865650231739344e-05 3.151222504386771e-05 2.0230344036949477e-06 1.3352417644843068e-07 0.0 4.260960849142638e-07
2.37957937703435e-05 3.741607861272472e-05 0.006828304716418372 5.440254836561612e-08 0.0 1.5446255382018961e-06 0.0002987574939677638 3.940384473437256e-05 1.2227333535916338e-06 9.279225050773514e-06 1.801208491856237e-05 1.4585529896264829e-07 4.000170428955642e-07 5.233944437391921e-05 0.0 0.0024217483233821605 0.0013597317029755574 2.4822704136659343e-05 9.338146928738343e-05 1.0516603370740677e-07 0.007464614195141944 0.0005813446018767998 0.0 0.00025540106468952543 5.524772464908782e-07 0.00043860603462537995 0.007037381332704097 0.00335723120483516 4.387515385758796e-05 0.002912110261171873 6.296028241533682e-07 1.799964070216478e-06 2.341082110997157e-06 0.0015897751476856006 8.178298479430609e-05 0.004792451045699832 0.002653847311297402 0.0050779678042793 0.004452438860087435 0.00035816042165721793 7.654533020551089e-06 3.887968236645738e-06 5.170671622201911e-05 0.0 2.928404078622635e-05 6.925295363239276e-05 0.0 0.0 7.889209873711242e-08 2.9635306424497284e-06 0.0 2.0976569762806563e-07 9.558850220418496e-08 4.533222213727296e-07 0.0 5.6953593280988993e-08 2.448818682163853e-07 0.0 0.0007530624166728991 3.6256614032868987e-06 0.0 9.055424596216151e-07 0.0 4.6228686260158894e-05 0.0005084873588468391 0.0007134485859519466 2.5482539580834086e-05 2.9685496337093237e-07 1.8906912990467633e-06 0.000526961429044144 2.1411784399431038e-05 0.0 4.1062018387913167e-07 0.0 0.0 0.0 3.95807282276133e-06 6.174037529496981e-06 0.00010450360558317108 1.5043860968133238e-05 6.740478719753865e-05 5.874836021665881e-05 1.124943943612722e-06 0.0 2.3436910302036352e-07 7.815851169826611e-07
1.864744435504255e-05 0.0005916883908785353 1.676344658672813e-05 0.0012087896313814036 6.024393125974249e-06 2.4602712604081716e-05 0.0005656924632988447 0.00016547499079879385 0.004186591343599597 0.00031114633047940073 1.0410127781522122e-05 0.00025952361786270463 3.921433025367594e-05 0.00021115640976567668 0.0003057213322573963 0.0007064517934793879 7.456252603622628e-06 1.861824410191675e-06 2.1703828036751314e-06 0.0004546254669339227 7.190634510102253e-05 0.0036682817144565918 0.00025540106468952543 0.0 0.00018770237756114501 2.3528228484464126e-05 0.001608691696239659 0.003440376118826111 0.0003820589841753963 3.55212471808895e-05 5.856440884302088e-06 1.9879692265297313e-05 0.000129396842450391 0.0001924239813025056 6.629749679235123e-05 0.001718164276593137 0.00016864536621829436 0.0007076946849173209 0.0004275654295006449 0.0004505594630276118 7.229466037995396e-05 3.191991167878576e-05 1.9690783849560797e-05 4.564199091562984e-06 4.190229684485004e-06 3.1969748845953045e-06 0.00027617453126444494 4.872125151562862e-07 5.4010658335132536e-06 0.00016957046936683808 2.1431684555646532e-05 0.000286147193289703 0.00010127181163612651 2.387292402621653e-06 0.00013869843909845888 7.902894776605892e-06 2.396866715998696e-05 1.5712860056769782e-05 0.0002401633475642852 4.580856607404943e-07 5.227709437195866e-07 8.612627466752929e-07 5.07029691241045e-05 0.00013105211123685655 0.00022010674397317904 2.579720228257593e-05 0.0016555898174835065 2.7875350949184636e-07 1.7447093867292119e-06 2.3574433053634668e-05 0.0012422542770465516 2.2391294050542138e-05 4.320937127075178e-05 0.0 1.493931075029898e-07 3.0516130857927285e-06 1.8437850437778298e-05 2.0137501092043554e-05 0.0004155660781547324 6.830604649551032e-06 0.00013221462922161304 5.7793781250752364e-05 0.00018156164477869444 2.5313346281378317e-05 2.3216106784336455e-05 1.43867042775241e-06
6.122026516703434e-08 0.0008035830219703995 4.159792179262739e-07 9.148057109828335e-06 0.0 2.2957341138225574e-06 1.2315215484521905e-06 5.200663254046407e-07 7.421306461389705e-05 5.510781180993499e-08 0.0004401754493886107 5.951326824171612e-06 0.002027859653622444 2.8600684288006785e-07 5.348376090340524e-06 2.0259393287835076e-05 1.1808531356728134e-06 5.927901961189932e-06 1.16314777956828e-05 1.5808455502032467e-05 1.1616984300296744e-06 0.0003779249591342442 5.524772464908782e-07 0.00018770237756114501 0.0 0.00016217203456307208 0.003552319894322901 1.8901169725892314e-05 4.64912232726149e-07 1.0589071543833229e-07 0.0002097028329440473 1.759609389836486e-07 1.7281248472588117e-07 0.0001242149330795918 6.567383620523578e-07 0.00039208246719364177 0.0001920468397762934 0.0004016255966170573 0.00010931705469673297 5.2797702733957725e-05 3.832586971362925e-05 0.00020743032949641706 1.727986088192616e-06 0.0 1.2542120493343487e-05 0.0 0.0 0.0 0.0 6.773825161815875e-08 8.104255331066777e-08 1.3412560775238668e-06 0.0 0.0001262581127860885 7.639175485668355e-07 0.0006086846793645967 0.0 0.0 0.0 1.0463799925702848e-07 7.911805806980696e-06 2.934969953613081e-06 0.0 0.0 3.6033573244517795e-07 0.0 1.049592154959087e-06 9.651039978995832e-05 0.00012844131442500884 0.00041233104619911397 1.1701713376334599e-06 0.0 0.0 8.125596716319909e-05 0.0 0.0 4.360826131509214e-06 0.0 8.008244903931459e-05 3.7856045392323646e-05 1.5808279289435463e-05 7.818842425999854e-06 3.7592408619822015e-05 9.114057843442117e-07 1.6410545505458252e-05 2.080541613069665e-06
