0.0 0.0 2.893151580617945e-06 2.1745553586772744e-06 5.10669685271127e-08 4.4264935473642855e-06 0.0010592714916504065 0.0002783589331390098 1.225323672380868e-06 0.0001449330808687678 9.854262276479368e-06 3.038726806855027e-06 3.024134794590211e-07 0.003173720943909167 5.679551414614148e-08 5.728839747026712e-07 5.286649241733341e-05 1.3515811698988939e-05 4.503568778818377e-05 9.315435394051131e-06 3.2430812265398473e-06 1.403656529491011e-07 1.3994413704911315e-05 1.511062474482628e-05 0.0 5.523224986022257e-05 9.174887998647081e-06 3.955968394741817e-05 0.002768085628243004 0.000707806174425089 3.041574961222375e-06 2.1738461268755115e-06 1.3130140247870083e-05 8.326010102771355e-05 0.0 4.406015943522718e-06 3.906917830714965e-06 4.114742199818874e-05 1.71378962369418e-06 4.5757865384735e-07 6.462100357554431e-08 0.0 0.0 0.0 1.2494743725412564e-07 0.0 7.987361560416938e-08 0.0 0.0 3.730620804876832e-07 0.0 8.774380369959982e-07 0.0 0.0 0.0 0.0 0.0 0.0 1.0178163454248111e-07 1.462399685341216e-07 0.0 2.533466382878445e-07 0.0 0.0 0.0 0.0 3.080791794307443e-06 0.0 4.6907565664328953e-07 1.505421663078433e-06 1.6098003933142122e-06 6.417992958794415e-07 2.553627497995066e-07 0.0 0.0 1.4115599783031523e-07 0.0 0.0 1.1995253508405908e-06 1.2876855385414236e-07 1.3399248358341687e-07 0.0 0.0 0.0 0.0 0.0
0.0 0.0 1.0480184052274589e-05 0.0 2.3448315746314717e-07 3.140402558573682e-07 3.1071579277503116e-06 3.2398290531039525e-07 0.0003400087429534334 5.490386052847939e-07 1.9494351491244913e-05 3.828659143846308e-07 0.0005306985594591802 8.382196819979355e-07 7.755664223996954e-06 0.00010152224241815857 7.167641471474483e-06 9.15326354790932e-06 5.428580970824696e-06 2.649483438146469e-07 1.9985249199088772e-06 0.001594168598937794 1.807021952684182e-06 0.0007666320026197171 0.0008248500405850262 0.00010885480894149003 0.0027823661748078805 3.81902473793077e-05 8.835235241129039e-07 4.000973022251253e-07 6.501031045360072e-05 7.488327103451352e-08 1.682759868661096e-07 4.142291492025351e-05 9.570241575385486e-07 2.7069663788249082e-05 4.732240096852633e-05 3.689294401393609e-05 1.0449632983640349e-05 4.252643086188744e-06 2.486804856016857e-07 6.324491441647015e-05 5.011563454996401e-07 3.475377358406647e-07 3.787257169244347e-05 3.3052775272853424e-05 0.0 0.0 0.0 1.2139429535039772e-06 9.571083754832799e-08 2.38360402133007e-06 0.0 1.3847079721022184e-06 0.0 2.6351673495213723e-05 5.270713782340044e-07 0.0 4.4337676688761495e-06 4.245978433861081e-05 2.6347596501904936e-06 2.0370997982920305e-05 0.0 8.687413581788112e-07 3.6228207938834924e-06 1.047531615252311e-05 7.811637294733274e-06 1.830302220343997e-05 0.00017552167103081684 0.0010644678760566566 3.079494229193383e-06 5.659245107370161e-07 1.5570316737637627e-06 5.161099545256091e-06 0.0 0.0 2.5229503018387492e-06 6.591086471719605e-07 4.539839287637109e-05 1.2479851660269287e-05 3.800249301807434e-05 7.704043010567043e-06 5.985481237422865e-07 0.0 6.899089839943735e-06 9.001820744824964e-08
2.893151580617945e-06 1.0480184052274589e-05 0.0 0.0 0.0 1.0851257147111628e-06 0.0004063022470397194 3.6900981745119616e-05 1.1113291092650813e-07 4.187530268697456e-06 4.958344192229641e-07 1.761431050921205e-07 0.0 4.046170062290669e-05 1.1507554454747414e-07 8.112304846999262e-06 0.003108494312917648 1.5688454761781044e-05 6.257909898765175e-05 1.6097508945183234e-07 0.00024822797677777304 3.957030877198981e-06 0.0021248404163021904 5.475387531111497e-06 6.329772871202472e-08 0.004843896478787337 0.0035605230122928745 0.00018377475064864922 7.478340021463604e-06 0.00021140629107820703 5.105959839893432e-06 1.4717409350043396e-07 6.215849463623092e-07 7.962506625945025e-05 3.0952458374276845e-06 0.0007312652863943048 0.0014710159109218284 0.0006348075860159845 6.955869660074249e-05 2.426162278281861e-05 7.443375978915304e-07 0.0 3.2725644819521557e-06 3.9703746359584657e-07 2.1541967033232824e-05 0.0006719833144452792 0.0 0.0 0.0 1.187948186771214e-05 3.83181653140152e-06 3.9873132427347217e-07 1.2912975996383171e-07 5.688427178642473e-07 0.0 1.5806855710636732e-07 3.393002458449956e-06 0.0 0.00011478996971277877 0.00016150339611475692 1.1200633842163702e-06 9.657271954290944e-06 0.0 7.678891082912866e-06 2.9632823283692315e-05 0.00044088335131765746 9.181479814823179e-06 7.639735797779772e-07 4.604180815900043e-05 0.00228829204823271 7.932324458033526e-06 1.1897504088748179e-06 6.472936846041572e-06 2.2805510970537535e-07 5.2764695026515217e-08 3.348176358659463e-07 1.9985398248899342e-05 1.918740258898437e-06 0.0002141039122988195 0.00013456762186936125 0.00019452110154769323 5.6333816320835084e-05 2.7617192883723576e-06 0.0 0.0 0.0
2.1745553586772744e-06 0.0 0.0 0.0 6.724047822625826e-06 2.5058356019974118e-05 4.368455573155406e-05 1.416693360720125e-05 0.00042790079322722673 0.0015353044325747472 1.8518924646629619e-06 0.0004064095101653844 5.065054790230533e-07 1.9461190512735513e-05 5.6713498645531446e-05 0.0 6.250770123512485e-08 2.311823589070853e-06 1.4970863734888092e-06 0.0010877410079344098 0.0 0.0 2.446556198475959e-07 0.0005623871568575632 0.0 1.7529329491954823e-06 4.63600131094202e-07 0.002488471436652287 5.390289933284261e-05 4.793934983422663e-07 5.721528786267953e-07 4.421029830883404e-06 1.973875540947126e-06 1.9384097277539007e-05 4.297307431857518e-06 0.00012846847605943877 4.869820185937455e-06 7.653470628767207e-05 4.097892655472428e-05 0.00017925557345855296 1.2322057234689048e-05 0.0 2.7123326501466514e-06 1.382938084952743e-07 0.0 0.0 7.010107559961434e-05 3.483230754999993e-07 1.722733654065798e-06 7.659248153127368e-05 5.2370204191326696e-06 9.774503347192533e-05 1.9538492681356553e-05 0.0 3.3271838094523543e-05 2.0782358373169577e-07 8.473244451004651e-07 7.10899605173737e-06 3.127036622205056e-07 0.0 0.0 0.0 2.152508634867464e-05 0.0 0.0 6.892395620183406e-08 0.00038066592078333074 0.0 7.7947020247716e-08 3.10758103990915e-07 0.00023014553222030113 2.61814632993569e-06 8.782626208502973e-08 0.0 4.625110965453601e-07 2.9953099659429446e-07 1.3472615429659583e-06 8.984377139646066e-07 2.7739377348975886e-06 0.0 5.931688608178015e-06 1.2392278369422762e-06 3.804848501715846e-05 0.0 0.0 6.78735269700421e-08
5.10669685271127e-08 2.3448315746314717e-07 0.0 6.724047822625826e-06 0.0 0.00024631887470434306 5.3214852962819635e-06 1.8142953356206232e-05 7.69685049004203e-05 1.1705837861765915e-05 4.876206995550082e-07 0.0001897066411788718 1.6075767563509932e-07 1.428981499466493e-06 0.0011278162970129301 0.0 0.0 5.977399960808986e-08 1.7117424635297204e-07 1.8871751909091182e-05 0.0 2.2283681593732293e-06 5.7823798323080936e-08 5.860888132440383e-05 2.283816210819386e-07 3.4316694821540547e-07 1.9725907981535068e-06 9.402696477061663e-06 9.886971405531627e-07 0.0 2.037843127048794e-07 0.00024599567951922436 5.898201480458508e-08 5.203099311411988e-05 0.0 1.0250649394912329e-05 4.290192321768553e-07 1.3231093746071514e-05 1.5950010696422875e-05 0.0010992995144532532 1.7567278254111348e-05 7.9199191661686e-07 8.86668553246287e-07 0.0 0.0 0.0 0.0 0.0 0.0 0.0 0.0 2.1361780762807108e-07 0.0 0.0 6.844621387735847e-08 0.0 0.0 0.0 0.0 0.0 0.0 0.0 0.0 0.0 0.0 0.0 8.438236057307353e-07 0.0 0.0 0.0 4.627978998283454e-07 0.0 0.0 0.0 0.0 0.0 3.303604328814721e-07 0.0 5.7696641271623414e-08 0.0 6.301540164372843e-08 0.0 0.0 0.0 0.0 0.0
4.4264935473642855e-06 3.140402558573682e-07 1.0851257147111628e-06 2.5058356019974118e-05 0.00024631887470434306 0.0 0.001982111205920889 0.0029474592576685466 2.702819518315683e-05 0.003801617468392052 4.5854580949363145e-05 0.0016293177395313124 6.82179812124935e-06 0.00025752085974888066 0.0005218943170483823 5.699093428546413e-07 2.1635517242643612e-06 2.8256042964515848e-05 1.807909889625761e-05 0.00018742103786375353 9.110804242566374e-07 1.6960995744116437e-06 2.9809264191347696e-06 7.520881424653233e-05 4.76597048323863e-07 2.223875968667031e-05 5.802785234806726e-06 0.0004976865832473644 0.0002496220047985579 2.500575401500512e-06 7.932160628575909e-06 0.00040726015810629786 4.1507039580670715e-06 0.00018812221466428254 3.00910262799645e-06 0.00010115930701244831 5.317847671929909e-06 0.00017335044285472578 6.482752932151978e-05 0.000780483633283798 3.532961444039128e-05 3.328930230656716e-06 2.0534352111301505e-06 0.0 0.0 0.0 2.3227810289481744e-06 0.0 0.0 3.36523955476766e-06 2.3429714632710093e-07 1.2403620893980498e-06 1.1585207623708653e-06 0.0 3.105775497675033e-07 1.1875384548319382e-07 5.3459550040553826e-08 0.0 6.196651874064721e-08 0.0 0.0 1.096535138332068e-07 0.0 0.0 0.0 9.875224638094614e-08 1.765726186042005e-05 0.0 3.302733705057702e-07 6.960113586485145e-07 1.181165775408298e-05 2.0645551416699706e-07 4.65643132448287e-07 1.5502623268438094e-07 0.0 5.1707535195545354e-08 7.436257169845297e-07 0.0 8.232921815114618e-07 2.1656777553316422e-07 1.5321481358730554e-06 1.5693454718004426e-06 3.2519988797990886e-06 0.0 3.777899235508292e-07 0.0
0.0010592714916504065 3.1071579277503116e-06 0.0004063022470397194 4.368455573155406e-05 5.3214852962819635e-06 0.001982111205920889 0.0 0.0023113892393424834 0.00010224311263447768 0.003265851199043344 3.2544569951302204e-05 1.3946030829344623e-05 2.6803596712235774e-06 0.004094263789656409 2.5791208265435757e-06 1.0440251985190787e-05 0.0006116280177966322 5.06144106520256e-05 0.00013339361916627542 2.3802446991154492e-05 0.0005332281585919622 9.855966705092943e-06 0.0010220100261630549 0.0005348713423095773 2.0075302011745853e-07 0.0013083779442836902 0.00021454727694859399 0.010259419528685206 0.002058499923119652 0.004517067719761866 2.567194637772393e-05 4.299304000215848e-05 0.0003420431217181929 0.00045361717245300356 6.361363959834701e-05 0.0017579292942163842 7.262139394011669e-05 0.0014845163449921813 0.0007502429159836449 0.00012362053997317605 7.043649919693986e-05 4.60190486053261e-06 2.3944171740892486e-05 2.396537429211866e-07 1.846927483953448e-07 3.074099365032992e-06 6.30572812304377e-06 0.0 1.9385019654476408e-07 7.532808006110523e-05 3.4582599065071326e-06 5.338083421008684e-05 5.771524340254954e-06 7.706001191722054e-07 2.0586502820236264e-06 2.1591268151342258e-07 1.567834814451467e-06 4.3101503795097347e-07 9.584955743549164e-06 7.86290883441025e-07 2.2524973981188268e-07 3.9900905711778305e-07 6.31020513938217e-07 1.929007275214263e-06 1.9045384667530677e-06 8.679442957201346e-06 0.00042149385227851816 1.304238336304345e-07 4.496508499510852e-06 1.7474280613057492e-05 0.00034831853183689345 9.89452224256628e-06 1.8943190439933877e-05 3.5476458445612686e-07 5.189192350030255e-07 2.707644091971331e-06 6.417392332168865e-06 3.138783271632776e-06 7.061113009428503e-05 1.957708544058967e-06 3.151738599130975e-05 1.7024365377113515e-05 1.2000177808462471e-05 1.7327821944812237e-06 2.588914271553159e-07 1.324040735714358e-06
0.0002783589331390098 3.2398290531039525e-07 3.6900981745119616e-05 1.416693360720125e-05 1.8142953356206232e-05 0.0029474592576685466 0.0023113892393424834 0.0 1.2158561963120133e-05 0.0009411054709245515 7.638489585021409e-05 0.00024414379752483447 7.138194184481847e-06 0.003057023262622428 8.561532393128133e-05 1.4628014052631272e-07 0.00019622803743561272 6.64835851635683e-05 0.00016267205851467018 9.362170395942197e-05 1.409510290298179e-05 2.2915131433629192e-07 0.00011207347323889699 0.00015244826440987267 2.3260385534952662e-07 0.0003629156320603135 3.761319932857411e-05 0.00026010250464777876 0.0010363837700732685 0.00047396500422221434 1.8338019821667727e-05 0.0003236923055950993 2.4623253546926274e-05 0.0003692058869712609 3.2211412799829448e-06 0.0001744591629290122 1.4247458483557674e-05 0.0003025297040316021 7.390789051872023e-05 0.00019559346684394318 3.0253277847489916e-05 3.2864488372289225e-06 3.184550206642328e-06 0.0 8.41744603402692e-08 4.982348788742579e-07 6.018249814675485e-07 0.0 1.682568897065317e-07 7.853694115128526e-06 7.009774177188396e-08 1.7248494142550104e-06 7.377337488364894e-07 7.579353777653327e-08 0.0 8.834405432311408e-08 3.0766699696739025e-07 0.0 1.6917859114243887e-07 4.4245308899945825e-07 3.174097671574072e-07 2.3757711298692864e-07 0.0 0.0 0.0 3.533487984428429e-07 3.888204100431903e-05 5.940452470908397e-08 2.5091490535916138e-06 4.688139421367077e-06 3.0474720985845235e-05 8.942097257264999e-07 1.378851284664501e-06 3.96006359403653e-07 0.0 0.0 7.401533788945107e-07 0.0 3.8753278977599764e-06 6.803587480059906e-07 2.271951059711703e-06 8.938994548706862e-07 1.9597022053193203e-06 6.579845475849591e-07 2.4672545407409867e-07 0.0
1.225323672380868e-06 0.0003400087429534334 1.1113291092650813e-07 0.00042790079322722673 7.69685049004203e-05 2.702819518315683e-05 0.00010224311263447768 1.2158561963120133e-05 0.0 7.39708736061632e-05 2.3248656631681543e-06 0.0001427770868871166 2.0600945111258304e-05 6.906184318752271e-06 0.0004335124133594935 6.595075633557619e-06 1.1743918082209283e-06 1.6148478014825808e-06 7.058893797000041e-07 0.00024225856178985354 8.597127440336434e-06 0.001447727230509493 1.2053111391069205e-06 0.0041147957264510955 6.4324750555729e-05 7.970292826010388e-06 0.0004021237660575473 0.0008714784496228834 2.8147338619799596e-05 2.77760408678166e-05 5.359699400306681e-06 5.361947823291419e-06 5.188191513187932e-06 2.2553528145341154e-05 1.5803643090661543e-06 0.0001853547536783585 6.846109432062069e-06 0.00010352417695218178 4.3719859148492224e-05 0.0002548517550026934 1.245969290940788e-05 4.971754443123688e-07 2.584445137421895e-06 2.919479401732361e-06 3.0119284460524987e-06 9.951138879034878e-07 0.00016514706871182216 0.0 2.74261069816986e-06 6.895153016449436e-05 7.363305129084081e-06 6.682727033536611e-05 4.113914476510363e-05 8.612214110947962e-07 4.2335229416553483e-05 9.440217549112506e-07 7.303035291036312e-06 1.4448894545551678e-05 6.534070786408483e-05 3.764362877438596e-07 3.105524097180952e-07 6.083866157487855e-07 6.870664338478165e-05 4.074031871191948e-05 9.481125020000623e-06 4.6900021940406365e-06 0.0020900546101038134 2.407402097505114e-07 2.479115321435419e-06 6.070357617057813e-06 0.0006910603481928381 3.316983074889001e-05 2.966982467128705e-05 5.841780706867559e-07 5.020518203867555e-07 7.833681944021038e-06 1.5800275483787384e-05 6.675574429859553e-06 9.911715148389099e-05 2.438964892391229e-06 4.505603895116823e-05 2.9944279062712524e-05 6.556551327854953e-05 8.605737435221524e-07 2.591510964387134e-07 2.2921290867812764e-06
0.0001449330808687678 5.490386052847939e-07 4.187530268697456e-06 0.0015353044325747472 1.1705837861765915e-05 0.003801617468392052 0.003265851199043344 0.0009411054709245515 7.39708736061632e-05 0.0 8.398079772153567e-05 0.0033230763565362076 9.677175035977175e-06 0.0005489400098117288 1.3504151403881142e-05 4.912933156980728e-07 1.1049333411191465e-05 7.750379482042625e-05 5.876726761136737e-05 0.0010479317146868416 3.7977074906209755e-06 5.912229855908254e-07 1.205139319199153e-05 0.000363600159572168 3.694741177029606e-07 6.674880556357317e-05 1.5574913688044695e-05 0.003834097420473129 0.0009795637639522204 1.370981332587663e-05 1.712984981783249e-05 0.00011242030822937785 1.672312127211843e-05 0.0004159402502000841 1.698261280909996e-05 0.0006272868878272139 2.6239243145321023e-05 0.0009704657835642161 0.00022768668129653238 0.00010886070237865038 6.891458447728752e-05 1.7331063375332875e-06 1.0705182558433118e-05 1.1390660956643273e-07 9.782550716887067e-08 0.0 7.014476937985994e-05 0.0 6.418122117934621e-07 3.1306629575436646e-05 2.715271081625705e-06 2.9078176416815762e-05 8.73765666637813e-06 0.0 1.5049319855378821e-05 2.8219319692278317e-07 4.3702173555077944e-07 1.958309003843786e-06 8.567280402956343e-08 4.935911764394077e-08 0.0 1.9602382198204753e-07 6.2567713926846546e-06 2.496124741928056e-07 1.7155446009794557e-07 4.799028549503047e-07 0.00017168103443170559 0.0 8.137534860184044e-07 1.738634788217144e-06 0.0001180547027153124 1.2504530154972948e-06 7.236781905557254e-07 3.134613388730619e-07 3.323801335034576e-07 1.2582499100534067e-07 1.202128896352327e-06 2.641503161213119e-07 6.163081110308391e-06 0.0 3.1619452166612154e-06 1.274542761821477e-06 9.215290495548271e-06 0.0 3.016947377356873e-07 7.15138696051987e-08
9.854262276479368e-06 1.9494351491244913e-05 4.958344192229641e-07 1.8518924646629619e-06 4.876206995550082e-07 4.5854580949363145e-05 3.2544569951302204e-05 7.638489585021409e-05 2.3248656631681543e-06 8.398079772153567e-05 0.0 7.715853018372114e-05 0.00035666811438694835 8.125345700310741e-05 3.264947759106564e-06 1.1095429571791394e-06 0.0001334322771846494 0.0008654823302095614 0.00017531080465469525 3.3778174348215634e-05 1.22204597149953e-05 1.5165471563323268e-06 1.8454239673876875e-05 8.18241915483478e-06 6.813824648162327e-05 0.0005847616293347847 6.888035842418567e-05 1.748147968879545e-05 0.00020926828045997897 1.807281576798504e-05 0.00016937091532821832 8.048331973674188e-05 4.1782797071439326e-06 0.0043937080246603515 1.5689214643986658e-05 0.0004048594316685393 0.0017512186893169502 0.0026911554108809453 0.0005948041121580496 3.437786209180204e-05 8.187709251155734e-06 0.00015950959137951476 6.943767907245176e-06 0.0 4.518990833070912e-06 0.0 6.677930815073306e-08 0.0 1.705652736216719e-07 2.92467358904967e-07 3.0077155507964666e-07 5.538645303503489e-07 2.500340766465084e-07 0.00011069879449844772 6.574035674726097e-07 0.0006153208471294673 8.141307495309694e-07 1.4942659390982446e-07 0.0 7.197474066958273e-08 9.594611199067742e-06 1.5254979824116994e-06 1.3722391179887106e-07 0.0 1.9206488232482654e-06 0.0 4.468809801024342e-06 7.418888931506968e-05 5.589848481208948e-05 8.965146522134146e-05 1.7415908234277839e-06 8.003203209744357e-07 0.0 9.65762333877175e-05 5.454386828682795e-07 0.0 1.0510151068485484e-05 1.6653442194775698e-06 1.4373776118613116e-05 0.0001779430219451595 1.9534919888870337e-05 2.356777468513573e-06 4.2708205667659147e-07 3.36104767330495e-07 0.0002886298574344161 1.5436810704650898e-07
3.038726806855027e-06 3.828659143846308e-07 1.761431050921205e-07 0.0004064095101653844 0.0001897066411788718 0.0016293177395313124 1.3946030829344623e-05 0.00024414379752483447 0.0001427770868871166 0.0033230763565362076 7.715853018372114e-05 0.0 9.137395199995929e-06 0.00018534539509353667 0.0010266150857213446 0.0 1.1063482217162773e-06 5.877097248881049e-05 3.8948102181139344e-05 0.001344332024940661 2.6213217810518147e-07 2.927651683860154e-06 5.312729405283013e-07 0.0001536052715280386 4.4170648080504213e-07 3.6770515607191087e-05 1.0560100684301922e-05 0.00012738558388226384 0.0003401329269437873 1.023652836995709e-06 1.7800050284916028e-05 0.00013920365574679984 4.2629808836666616e-07 0.00029280149686832527 1.3929384368823978e-06 0.00043213317585481776 6.734632324641687e-06 0.0005049377742914699 5.345398678526612e-05 0.0012438699901714306 1.7650286269873656e-05 1.09245606968738e-06 1.7533439267432281e-06 0.0 0.0 0.0 6.848486532383542e-05 0.0 2.868417344833548e-06 3.432091139136191e-05 3.0367754173384824e-06 6.0370003524650074e-05 1.6049483955188788e-05 5.458142047264017e-07 7.780283198880822e-05 0.0 6.482053735616624e-07 1.5170334938028622e-05 0.0 1.500352777218129e-07 2.756522956541284e-07 1.5318958482746088e-07 3.294693073287057e-05 0.0 0.0 0.0 0.00018491890847921515 5.420575944493402e-08 6.617568571677213e-07 1.0585398805127842e-06 9.127147374433264e-05 1.3289094981544872e-06 0.0 4.085323869865987e-07 6.317210171213361e-08 1.2025524113704875e-07 4.376825546491084e-06 0.0 7.870642960228564e-07 3.636184353789047e-07 3.2476640280392102e-06 5.571025019778217e-07 7.114556529330397e-05 2.365414145707497e-07 1.459262103001361e-07 7.772316068183086e-08
3.024134794590211e-07 0.0005306985594591802 0.0 5.065054790230533e-07 1.6075767563509932e-07 6.82179812124935e-06 2.6803596712235774e-06 7.138194184481847e-06 2.0600945111258304e-05 9.677175035977175e-06 0.00035666811438694835 9.137395199995929e-06 0.0 8.169391457525204e-06 1.0646590531798676e-06 4.577466339767716e-07 7.091776680498673e-07 3.4576257717522794e-05 3.4621130036264593e-06 4.978446428845956e-06 5.661485981829216e-07 0.0001247193610492412 1.7808876179843428e-06 3.3780310479250964e-05 0.0012006198567073405 3.5557261258277726e-05 0.0011385584558799477 3.339210976743779e-06 1.0343361774942622e-05 4.6254566919990383e-07 6.77728689182873e-05 1.1651508347192688e-05 3.9713298194802466e-08 0.0010994185998641662 2.0372134815303453e-05 0.0002811818167067183 0.0016069572629362914 0.001557445570523749 0.0006387618329114575 1.165022889040169e-05 3.191123263409595e-05 0.0004395119353063722 1.3471710949442376e-05 0.0 2.9911533131036942e-05 8.684192741855038e-07 1.0587227623678342e-07 0.0 6.091561421624095e-07 5.855587102761592e-07 4.939422418881834e-07 7.854635284029044e-07 8.917621193266724e-07 0.00031134866250685095 1.562495447214648e-06 0.0022592859148310458 9.056259328473021e-07 0.0 1.6462850263388092e-07 1.3415508655821113e-06 5.1687301333801466e-05 7.718298342309377e-06 2.521610599267321e-07 0.0 8.216833042112795e-06 1.7751495502358847e-07 2.200843748409566e-06 0.0005092430674205499 0.000374175263254421 0.0006646515195847364 1.3097348349538932e-06 1.6008609042658608e-06 1.8119013074759794e-07 0.000496037186018823 1.0723176937413791e-06 1.8485472632779702e-07 1.913738238326229e-05 5.0323626178933696e-06 1.861021528728109e-05 0.00037181988507910426 5.685422653005036e-05 1.2506901584337337e-05 5.389780401289992e-07 1.2584105247750215e-06 0.0003790021187744464 0.0
0.003173720943909167 8.382196819979355e-07 4.046170062290669e-05 1.9461190512735513e-05 1.428981499466493e-06 0.00025752085974888066 0.004094263789656409 0.003057023262622428 6.906184318752271e-06 0.0005489400098117288 8.125345700310741e-05 0.00018534539509353667 8.169391457525204e-06 0.0 1.4013635734601892e-05 3.9844734507502703e-07 0.00028159923734230293 8.044470883663142e-05 0.0001946898302263587 9.382384116754627e-05 1.578813649414217e-05 5.408748198263375e-07 0.00012680591046243728 7.354452502202556e-05 3.4065641844490804e-07 0.0003968473332924106 5.182399192089728e-05 0.00018702840041746492 0.0021034616846596402 0.0012219789733004117 2.1299116674838608e-05 6.815224165576786e-05 2.314771773814785e-05 0.0004039222132512946 2.8122941337179845e-06 0.00014691866575192785 2.0569459425274136e-05 0.00024187757324467166 4.529942779005097e-05 5.994515394342608e-05 6.507551377608378e-06 2.099556365285191e-06 1.3873403444365517e-06 0.0 9.698807250912778e-08 3.040869855676698e-07 1.7616691448498015e-07 0.0 0.0 2.6873736310684285e-06 1.5030774897922108e-07 2.778833106399401e-06 0.0 0.0 3.8565652904679395e-07 3.77120574821946e-07 1.431934242624693e-07 0.0 6.335893036775354e-07 4.175365003672017e-07 0.0 1.1100008047639656e-06 1.667601737316698e-07 2.7706980704471065e-07 2.53051981282723e-07 5.153600095166066e-07 2.0183783860107058e-05 0.0 4.181919419039746e-06 5.39697384106673e-06 1.651296317151638e-05 7.877718472094672e-07 1.1423368575990404e-06 1.3571066231466227e-07 0.0 3.1759099281302227e-07 4.970075618458132e-07 0.0 4.577544156725442e-06 4.2487490846057314e-07 1.5576709219835048e-06 4.5000104904885424e-07 2.1414466623554376e-07 0.0 8.673816754127252e-08 1.0256558250597604e-07
5.679551414614148e-08 7.755664223996954e-06 1.1507554454747414e-07 5.6713498645531446e-05 0.0011278162970129301 0.0005218943170483823 2.5791208265435757e-06 8.561532393128133e-05 0.0004335124133594935 1.3504151403881142e-05 3.264947759106564e-06 0.0010266150857213446 1.0646590531798676e-06 1.4013635734601892e-05 0.0 0.0 0.0 1.7821711888235705e-06 1.0801178233799258e-06 0.00012389606830209902 6.889387603912373e-08 3.465983153496037e-05 0.0 0.0007447928352043148 5.155809595429439e-07 1.7046996605851276e-06 1.3649494269813713e-05 7.431528752198954e-05 1.0615459703837909e-05 0.0 3.243880434326146e-07 0.0003826458853516737 2.2745751469795757e-07 4.2035574945611634e-05 0.0 3.0703170275085414e-05 2.584703008080845e-07 1.0152333021971367e-05 3.0549851714235614e-06 0.00045716670304438324 2.4147741109837278e-05 1.9304230083268277e-07 0.0 0.0 0.0 0.0 7.873740582179103e-07 0.0 2.2093967407352347e-07 2.661005320557507e-06 0.0 4.192747846271158e-06 6.813868490650563e-07 0.0 2.48054381989842e-06 0.0 0.0 0.0 0.0 0.0 0.0 0.0 2.1526646748976674e-06 0.0 2.795672784761743e-07 1.0055040693011252e-07 1.1536258686032382e-05 0.0 0.0 6.858036196230305e-08 7.6215617028486205e-06 2.437999222319216e-07 0.0 0.0 0.0 3.57259313188772e-07 0.0 0.0 2.9922331787371387e-07 0.0 7.220645395760412e-08 2.731906909101822e-07 0.0 0.0 0.0 0.0
5.728839747026712e-07 0.00010152224241815857 8.112304846999262e-06 0.0 0.0 5.699093428546413e-07 1.0440251985190787e-05 1.4628014052631272e-07 6.595075633557619e-06 4.912933156980728e-07 1.1095429571791394e-06 0.0 4.577466339767716e-07 3.9844734507502703e-07 0.0 0.0 1.0368228347979658e-05 9.46327778640464e-07 2.67162751230105e-06 1.372642953939384e-07 0.00030904392453775284 0.0016559013835585367 0.0018422887478177564 0.0010813730882977286 1.2753833094850716e-06 8.3275523019706e-06 0.002200343425730567 0.001198934859789349 1.859122739617304e-06 4.2610418745460894e-05 5.983618074097844e-07 7.519227634235647e-08 8.682294867519743e-07 5.208432314285376e-05 1.893191956329617e-05 0.0017931533342360024 0.00043209488170386655 0.0005263264762057871 0.0002345753424962557 9.647519383225404e-05 1.3978296984052683e-06 1.9152103078560846e-07 1.2947670802756496e-05 0.0 1.2238106222916767e-06 1.3387597076702566e-05 0.0 0.0 0.0 4.141543791634551e-06 6.292010303299864e-08 4.92222184774483e-06 1.030544421200248e-07 8.682271347046195e-07 0.0 0.0 2.7575750704575136e-07 0.0 0.002386310789414619 6.1162678560459885e-06 2.3310292480235252e-07 2.130088528016297e-06 0.0 0.0007073082556687038 0.0008203458051257094 0.0011745657990724738 0.00010712737033409532 0.0 3.080377292757952e-06 9.370210252920772e-05 0.00010819277214185565 4.276616007378828e-06 3.649658658908366e-05 7.72035128492936e-08 0.0 3.487801316086824e-06 6.422521927708211e-06 3.1770367704160427e-06 0.0001152456103284372 1.916822179743894e-05 5.171245643956807e-05 4.757029223643905e-05 3.2710238665190525e-06 0.0 8.776663402222838e-07 6.007655021435126e-07
5.286649241733341e-05 7.167641471474483e-06 0.003108494312917648 6.250770123512485e-08 0.0 2.1635517242643612e-06 0.0006116280177966322 0.00019622803743561272 1.1743918082209283e-06 1.1049333411191465e-05 0.0001334322771846494 1.1063482217162773e-06 7.091776680498673e-07 0.00028159923734230293 0.0 1.0368228347979658e-05 0.0 0.0002143445203137424 0.0009348750235075061 6.347267627307407e-07 0.0002635737706681021 3.526200291847485e-06 0.0018304468366144848 1.0863931622250802e-05 2.8726928948873686e-07 0.0014580929644786992 0.0029356301219156788 0.00017556687414589347 0.00024631112177842305 0.0015773997358625768 3.3338023095650014e-06 1.1540932448283514e-06 9.556339246072103e-06 0.0007787714935724914 1.6601869772085898e-06 0.00037656883943973607 0.003148112362521385 0.0007768640480159009 4.388107315386844e-05 1.4362808676430611e-05 0.0 4.237990714203489e-06 8.513629388936395e-07 0.0 1.6436419196347227e-05 0.00013702836210975673 0.0 0.0 0.0 2.255676116871675e-06 1.088149247170027e-06 8.937291633867705e-07 0.0 0.0 0.0 4.949121480870055e-07 1.1552689592400033e-06 0.0 1.2913132086058667e-05 9.836056480995786e-05 1.903179439142041e-06 1.8913809681699376e-05 0.0 8.006175558722893e-06 7.97665590354659e-06 3.3400220656246474e-05 9.317410161616211e-06 4.7110271453450937e-07 0.00014438590724170965 0.0005260795860432896 4.824639093837119e-06 7.474200129199864e-07 4.8173718738344475e-06 7.776641108894222e-07 0.0 5.690346620193994e-07 3.042758513079019e-06 9.01633670213293e-08 6.492433028011633e-05 0.00014569908761443543 4.938326476312941e-05 8.399852247775917e-06 8.461748026047329e-07 0.0 0.0 0.0
1.3515811698988939e-05 9.15326354790932e-06 1.5688454761781044e-05 2.311823589070853e-06 5.977399960808986e-08 2.8256042964515848e-05 5.06144106520256e-05 6.64835851635683e-05 1.6148478014825808e-06 7.750379482042625e-05 0.0008654823302095614 5.877097248881049e-05 3.4576257717522794e-05 8.044470883663142e-05 1.7821711888235705e-06 9.46327778640464e-07 0.0002143445203137424 0.0 0.000748488852655954 2.808277356076909e-05 1.36002939519898e-05 3.339411739041869e-06 5.101209175867016e-05 7.581336895393443e-06 1.9827314847037353e-05 0.0004889153896492744 0.0003629515990557329 2.028670582254943e-05 0.00018803052129452618 6.759986841296476e-05 0.00028614219266500317 3.75956203382473e-05 4.229864142366243e-06 0.0011929872617253295 6.052369614648424e-06 0.0009247689901918247 0.0006673841327713386 0.001623684003476212 0.00020572531925893981 2.4010792359093918e-05 4.2252621419751505e-07 1.1147802545131902e-06 3.1219439106747477e-06 0.0 2.69018676922905e-06 1.2502940162822536e-06 1.956009865346622e-07 0.0 0.0 2.803233599685869e-07 1.7820071111395008e-07 3.2019663807637585e-07 0.0 3.103332682859565e-05 1.3636752240456303e-07 0.00013710675398842807 1.1940027599286911e-07 0.0 5.52006421078638e-07 2.777173643397018e-06 2.613337366061449e-05 8.768168665796707e-06 0.0 5.18753623198103e-07 3.0994391309326647e-07 9.27214293086811e-07 3.469906516605838e-06 2.3326575028570966e-05 0.00017477782462017096 0.00019780196767844697 1.8747569123245955e-06 1.0163049149114805e-06 8.04627550420396e-07 0.00010958810284284719 4.359605959580224e-07 0.0 1.8639895040379675e-06 1.7607284886793293e-07 1.3622020895836076e-05 7.561618865712535e-05 1.308710795449265e-05 1.4126002343197418e-06 0.0 0.0 4.751946551449287e-06 0.0
4.503568778818377e-05 5.428580970824696e-06 6.257909898765175e-05 1.4970863734888092e-06 1.7117424635297204e-07 1.807909889625761e-05 0.00013339361916627542 0.00016267205851467018 7.058893797000041e-07 5.876726761136737e-05 0.00017531080465469525 3.8948102181139344e-05 3.4621130036264593e-06 0.0001946898302263587 1.0801178233799258e-06 2.67162751230105e-06 0.0009348750235075061 0.000748488852655954 0.0 2.0432544844325994e-05 4.255911594145896e-05 1.3357078143220503e-06 0.0002840523336973682 5.987495310222202e-06 2.872830054244013e-06 0.0007961985822557318 0.000480118447199955 3.103590077818972e-05 0.00031141529328199044 0.0004072036281089992 8.422471708138333e-06 1.2283819939802955e-05 1.3270204899797064e-05 0.0023890573848431742 3.4711108258907812e-06 0.0009945272734535615 0.0007962659037230056 0.0025138171933915517 0.00014461934115410325 2.1313624131407947e-05 7.555219899921596e-07 6.220834225132247e-06 1.6409975750538108e-06 0.0 5.456066243394833e-06 1.0645364883177525e-05 0.0 0.0 0.0 1.4494869657098558e-06 2.798806257122657e-07 3.723828189779068e-07 0.0 4.44260165354428e-06 1.6696335725497773e-07 2.1458748985338733e-05 7.554157205861554e-07 0.0 1.7750672000934646e-06 2.651303434484746e-05 1.2607152992334082e-05 5.503654386576058e-05 0.0 1.1714758921017606e-06 1.1028861300886108e-06 4.865932581272162e-06 4.255450502933135e-06 5.330611606254291e-06 0.00028759373159263505 0.00027797508899266694 2.953947455277397e-06 2.2277808393131658e-07 3.263783178261629e-06 2.2329100165299028e-05 0.0 0.0 1.9175470017944898e-06 3.535378411970195e-07 1.7767629395604737e-05 4.547498116606566e-05 1.1206891325795395e-05 2.2159952508869375e-06 1.487744175682029e-07 0.0 0.0 0.0
9.315435394051131e-06 2.649483438146469e-07 1.6097508945183234e-07 0.0010877410079344098 1.8871751909091182e-05 0.00018742103786375353 2.3802446991154492e-05 9.362170395942197e-05 0.00024225856178985354 0.0010479317146868416 3.3778174348215634e-05 0.001344332024940661 4.978446428845956e-06 9.382384116754627e-05 0.00012389606830209902 1.372642953939384e-07 6.347267627307407e-07 2.808277356076909e-05 2.0432544844325994e-05 0.0 1.5135206207403344e-07 5.965289358503475e-08 3.3969137097366653e-07 0.00038425808000711644 5.143267526720763e-08 1.6966884025491285e-05 4.99461239213545e-06 0.0009280538771149771 0.0002581140784059591 8.949385633486005e-07 6.788105364365602e-06 3.8627221418756324e-05 2.2246039476697687e-06 0.00015698271693489105 6.081935875358214e-06 0.0003217029490168187 1.1974513317602823e-05 0.0004251917285027224 8.863843466968284e-05 0.0003901511968373004 3.299584919566337e-05 6.771290817914094e-07 6.018171440225565e-06 8.548564128555626e-08 0.0 0.0 5.300848560159701e-05 0.0 3.3974768989302683e-06 5.6090474128178735e-05 3.969671829559425e-06 5.277429562805743e-05 1.746351741241267e-05 0.0 3.281207101931472e-05 0.0 8.936237607387016e-07 5.959487337854968e-06 7.217381828323491e-08 0.0 2.8418374517928477e-07 0.0 2.1812929757459398e-05 0.0 0.0 0.0 0.0002798946910449716 0.0 3.775090939798107e-07 6.61862825446555e-07 0.00016896932618909233 2.0931850799989618e-06 0.0 2.130984934769925e-07 1.5611441675243196e-07 0.0 4.989710412113042e-07 4.371384182598646e-07 2.8530384221649697e-06 1.5239226112061791e-07 2.9224007991798795e-06 9.036665227678919e-07 2.8895817912648604e-05 1.8133415905914714e-07 3.0770006968308452e-06 0.0
3.2430812265398473e-06 1.9985249199088772e-06 0.00024822797677777304 0.0 0.0 9.110804242566374e-07 0.0005332281585919622 1.409510290298179e-05 8.597127440336434e-06 3.7977074906209755e-06 1.22204597149953e-05 2.6213217810518147e-07 5.661485981829216e-07 1.578813649414217e-05 6.889387603912373e-08 0.00030904392453775284 0.0002635737706681021 1.36002939519898e-05 4.255911594145896e-05 1.5135206207403344e-07 0.0 0.00011570553871828487 0.007330424864199523 0.000287040662713515 2.771719054324817e-07 0.00028830310290580167 0.0007873441993185608 0.0014087443978262032 2.8110694775957076e-05 0.004395383429217105 2.488770256085379e-06 1.5822075247508087e-07 4.6989665382883704e-06 0.0017158522280282416 4.035135541589473e-05 0.004168826460562785 0.00042416249690238974 0.0038276333889300635 0.0009238150729789709 0.00024999554749021677 2.0541031640939076e-06 9.730601559691895e-07 3.161338815718718e-05 2.2125000596862883e-07 2.4381934900367214e-07 3.1077451013160758e-06 0.0 0.0 0.0 1.7720970363215515e-06 1.1897871423202709e-07 6.556590201744884e-06 0.0 0.0 0.0 0.0 1.0675004281166043e-06 0.0 0.000316855338737946 2.2227075260696053e-06 4.877014586065708e-07 7.892592689349201e-07 0.0 0.00033684475801933197 0.000148818470703033 6.160714874573824e-05 0.00010138370601917353 0.0 2.146779722198831e-06 1.6114718261216022e-05 0.0001138088698845766 7.116061374111139e-06 5.3258689176216655e-05 2.3507188142690857e-07 0.0 2.913108759393333e-06 7.727922382939409e-06 2.398451800432932e-06 7.576616683055557e-05 7.407631878641006e-06 2.5819021469563298e-05 2.0008623495742055e-05 0.0 4.935907939265161e-07 0.0 0.0
1.403656529491011e-07 0.001594168598937794 3.957030877198981e-06 0.0 2.2283681593732293e-06 1.6960995744116437e-06 9.855966705092943e-06 2.2915131433629192e-07 0.001447727230509493 5.912229855908254e-07 1.5165471563323268e-06 2.927651683860154e-06 0.0001247193610492412 5.408748198263375e-07 3.465983153496037e-05 0.0016559013835585367 3.526200291847485e-06 3.339411739041869e-06 1.3357078143220503e-06 5.965289358503475e-08 0.00011570553871828487 0.0 9.14197208190483e-05 0.004290064642879987 0.00035158373118368124 2.4855739307524442e-05 0.0017960821652518698 0.00046775220158364365 1.223621901011101e-06 6.252726530458764e-06 2.764730483976611e-05 0.0 4.4970597697655247e-07 6.4361334780461106e-06 0.0 3.0127157031594347e-05 6.809399649507899e-06 1.8890588312886292e-05 4.9024306348022535e-06 3.2198534856316936e-05 9.444673010442537e-08 5.17372564472234e-06 0.0 1.8261582954177512e-07 2.70900159278622e-05 2.3110123565441852e-05 0.0 0.0 0.0 5.154427279294171e-06 2.6596791158080095e-07 9.564627583018137e-05 1.2818466827153125e-07 2.797643133082139e-07 0.0 3.737451528838744e-06 7.296020985302143e-07 0.0 0.0010650670320991847 2.095902292878797e-06 6.654400331081658e-07 2.0144582258359787e-06 0.0 0.00016331934931618515 0.00021380586176140216 0.0003315801156403097 0.000149205183228095 4.569425186314595e-07 1.0192165350853327e-05 0.00047981614502767817 0.00013683467022064836 7.448608848866098e-06 2.4106118856641186e-05 1.1740570687479094e-06 6.083010549396479e-08 3.272257853107384e-06 8.986315666149307e-06 2.501903006084421e-06 7.663588991213995e-05 7.0135982033279614e-06 2.430342231853211e-05 2.2578523669984806e-05 2.0544833086610173e-06 0.0 9.463676250897686e-07 2.3275308502254442e-06
1.3994413704911315e-05 1.807021952684182e-06 0.0021248404163021904 2.446556198475959e-07 5.7823798323080936e-08 2.9809264191347696e-06 0.0010220100261630549 0.00011207347323889699 1.2053111391069205e-06 1.205139319199153e-05 1.8454239673876875e-05 5.312729405283013e-07 1.7808876179843428e-06 0.00012680591046243728 0.0 0.0018422887478177564 0.0018304468366144848 5.101209175867016e-05 0.0002840523336973682 3.3969137097366653e-07 0.007330424864199523 9.14197208190483e-05 0.0 7.59306352718907e-05 7.803317517262188e-08 0.001357555416374593 0.007214885721095772 0.0016320405961691216 5.1352559032628734e-05 0.004054366770137254 9.578044146595681e-06 5.131736431446037e-07 1.0475647538904396e-05 0.001092211471826979 7.41007190599551e-05 0.0057017774406175675 0.0035959873602460527 0.004773887724411698 0.0010757896637807489 0.00045231130636564325 6.983614421658406e-06 2.274815910359841e-06 5.2855710363686176e-05 1.012641841244276e-07 4.160799034838119e-07 7.410578187444055e-05 5.203975578048015e-07 0.0 0.0 9.695125047531708e-06 7.602536093527885e-07 1.5439909221844375e-06 1.403430631212799e-06 0.0 0.0 6.126955583641869e-08 9.939467108540334e-07 0.0 0.0012503516749408086 4.034324256162086e-06 3.349461113660941e-07 3.4657693548330585e-06 0.0 0.0002419815409770133 0.00016918535064575579 0.0009483482539365095 3.421599870161445e-05 7.91854830507365e-08 9.577281057792635e-06 0.0006027779397083752 3.978228197764826e-05 5.361121477436246e-07 1.2776043128063384e-05 4.4128257106613136e-07 0.0 8.069357349405185e-07 6.914874348356001e-06 3.6626919356160887e-06 6.549354918313237e-05 1.163878111375947e-05 5.085163970676617e-05 3.070774078327152e-05 1.6081061867472693e-06 0.0 2.9828141243241475e-07 2.0094222564307837e-07
1.511062474482628e-05 0.0007666320026197171 5.475387531111497e-06 0.0005623871568575632 5.860888132440383e-05 7.520881424653233e-05 0.0005348713423095773 0.00015244826440987267 0.0041147957264510955 0.000363600159572168 8.18241915483478e-06 0.0001536052715280386 3.3780310479250964e-05 7.354452502202556e-05 0.0007447928352043148 0.0010813730882977286 1.0863931622250802e-05 7.581336895393443e-06 5.987495310222202e-06 0.00038425808000711644 0.000287040662713515 0.004290064642879987 7.59306352718907e-05 0.0 0.00010629050750670966 3.6562068560000355e-05 0.0018444018834232478 0.0039624033558341275 0.0002549186983519046 9.681211323403433e-05 1.0744319845113879e-05 1.1629563716887506e-05 7.715989589309992e-05 0.00015480477048548965 2.898523254323889e-05 0.001214837836952915 5.300746351901206e-05 0.0005976134962801828 0.00032388588949756295 0.0006539456006889872 3.851503731764153e-05 1.6093204576445387e-06 1.0306669913524352e-05 6.674797411890255e-06 9.900431948732352e-06 1.0767981303147328e-05 0.00015911855825740214 0.0 7.274420872964433e-06 0.00045122893177724214 2.3615711843659403e-05 0.0013042458187407496 5.3855673664574474e-05 2.5797732673887927e-06 2.7870762360186497e-05 1.5447710368804441e-06 2.368986917033422e-05 1.1292126767026263e-05 0.00019460795845293306 1.9592205239259186e-06 2.2272245556980414e-06 1.9046599349425839e-06 5.7342612198418574e-05 0.00015370799882804268 0.00023865411880750098 4.7992022359923406e-05 0.004106255855697097 2.4017302451797655e-07 8.352587709687136e-06 4.711540436138915e-05 0.002547066323384454 0.00010128752783632668 0.0001747966502851201 5.396376998877237e-07 1.7979207583455457e-06 2.2293987951905948e-05 4.447572135114718e-05 1.8338390720816856e-05 0.0004461202407464712 4.496138507812514e-06 0.0001965478470154049 0.00010846460730881016 0.00011572385349657442 1.0984120208481849e-05 1.8620844677591709e-06 4.983326898622141e-06
