0.0 0.0 6.986804377578916e-05 1.2637339442892577e-06 8.976968319503967e-07 4.738767961455668e-06 0.0023037620044081284 0.0004750038671578913 3.868201944842052e-06 0.00014600821488156885 4.146013359089166e-06 3.8459851295000853e-07 1.6742656118310343e-07 0.0037988050396864106 0.0 1.3344563676542537e-06 0.00031023994368394985 2.0299079430154037e-06 4.203322630051172e-05 1.6213338437088439e-06 2.9526148687551764e-05 8.828423015477072e-07 9.162263922143286e-05 2.529082628254035e-05 6.07980933662176e-08 6.122792210517625e-05 5.266107194416477e-05 0.00012132735663245154 0.0008217220851360183 0.0010065396940957339 0.0 2.551503617261594e-06 4.3504592765425155e-06 4.2697517366716e-05 1.177123454812449e-07 3.865424988645256e-05 4.248728970451411e-05 3.79902064217654e-05 1.0031058876791278e-05 2.0776180237072438e-06 2.454669063893934e-07 5.363292694222924e-07 8.840377473342803e-08 3.036573054932258e-07 1.9605747122515277e-07 1.8005793366333909e-06 1.3922327725990695e-07 0.0 0.0 1.3093031943186505e-06 1.037958969844979e-07 1.5462343917082075e-06 3.1882288525478743e-07 0.0 8.994527299119287e-08 0.0 3.5469864607286657e-07 0.0 1.3655751799364567e-06 1.0262165688661923e-07 6.585919066888338e-08 2.1068031847927286e-07 0.0 2.6537793344932414e-06 5.718361362453052e-07 4.3607650870658976e-07 6.043166218682455e-06 0.0 1.0294117197459047e-06 2.9301100885091374e-06 5.837302430745032e-06 9.877740923971315e-07 1.0323454190373054e-06 0.0 0.0 0.0 2.934671503973661e-07 0.0 2.6926453456129337e-06 0.0 1.380300866695583e-06 4.897803647101319e-07 2.36977854417334e-07 2.959189777711166e-07 0.0 0.0
0.0 0.0 4.585620538624423e-05 5.852442160550207e-08 4.2841346324764354e-08 0.0 2.2813870400840353e-06 4.7485400798113184e-07 0.00019858700146191044 1.453519431645285e-07 2.2531492080739374e-06 1.4939178894014108e-06 0.00016865020228125366 6.551744589700013e-07 1.5498931006726313e-06 6.837104747773182e-05 5.387851626925879e-06 1.474694824296235e-05 7.435979156210546e-06 0.0 6.7164545325609575e-06 0.0012023111918035925 4.070176822319498e-06 0.0002707078830805293 0.0009843086530459287 0.0001731700985905003 0.004979832228280515 1.8698838714637163e-05 2.1115396797480394e-06 2.476124403600248e-06 1.2244071740552552e-05 5.8526858435839724e-08 1.1230501896197724e-07 5.894147789755454e-06 0.0 1.6800802816171348e-05 1.2487264268199591e-05 1.3647604768564126e-05 4.1893233815944594e-06 4.651063880435644e-06 6.459062493001778e-08 1.786350803876986e-05 0.0 1.2466756317737314e-07 4.79817901475423e-05 5.266207078136539e-05 9.753230664209105e-08 0.0 0.0 1.371686423256272e-06 4.020194769631313e-07 2.527952562098946e-07 0.0 1.0736567668375962e-06 0.0 1.2053792937953694e-05 7.594823234789272e-08 0.0 3.421355672670601e-07 1.9176664613960485e-05 1.5206248730048489e-06 1.4471990924882274e-05 0.0 1.5999539818138068e-07 4.355443715224142e-06 3.882174880419821e-07 9.710252761371917e-07 1.7987255375088273e-05 0.00013229740893639259 0.0006565233043093659 5.046722410419622e-07 0.0 1.1075907386490026e-06 3.9496992535282676e-06 0.0 0.0 4.037855313928359e-06 2.0425147869932311e-07 3.383935564609164e-05 1.0183222915235543e-05 1.5928221947006872e-05 1.082425117171758e-05 2.63472344159004e-06 0.0 6.534332271169831e-07 0.0
6.986804377578916e-05 4.585620538624423e-05 0.0 0.0 6.780730415281192e-07 6.3931552614261654e-06 0.0008240944593557662 0.0001254818246834529 6.724213964437167e-07 3.0136435629863658e-05 7.833893382570957e-06 3.8166592301809785e-07 2.0480019685930853e-06 9.362806209628466e-05 6.383785494595694e-08 1.2624244104685023e-05 0.005295505989679994 5.144699667991313e-06 0.00014897750519693177 1.3289504698436114e-07 0.0004276615267084452 2.1365012918953182e-05 0.0063416924967466815 3.71463143749689e-05 7.49375043177792e-08 0.005061488161941169 0.003571875504452064 0.0006259322969481784 4.9723807897147e-05 0.0004812355255876783 1.235583992353482e-07 6.072141142982671e-07 1.60607355849169e-06 0.0005018106478385327 1.3647468460247387e-05 0.001342916999784136 0.001917394304830866 0.001227113414232887 0.0006220577274152424 4.1138736976577595e-05 3.2411096164573024e-06 1.300235447788966e-05 7.645794828621579e-06 3.9172765565094656e-07 9.560686548027164e-05 0.0006308688214720939 0.0 0.0 1.4367259100781625e-07 1.098425102237908e-05 1.2955383821023131e-06 3.2117981162483235e-07 2.0650244055508627e-07 8.474805201433013e-07 0.0 3.134088536915505e-07 2.346452696508271e-06 0.0 2.563121487936937e-06 0.00014801295100648812 1.7829729591637892e-06 3.358137229536098e-05 0.0 5.247305812647777e-07 2.1482886711965377e-05 1.6595990069259744e-05 1.8031959471376445e-06 1.7180399106843017e-06 0.00045612237563726776 0.001361088978078906 3.546643755138648e-06 3.650596124458824e-07 1.1752905597812208e-06 1.51536981829736e-06 0.0 8.509073842559086e-08 2.35134537235736e-05 6.2588112066811884e-06 0.00010836943822583669 1.4378398190703726e-05 7.286541033273067e-05 2.5210607715615987e-05 3.924659264944983e-06 0.0 0.0 4.130175842164698e-07
1.2637339442892577e-06 5.852442160550207e-08 0.0 0.0 3.690131556939732e-06 0.00012030723748691831 0.00014029667585058712 8.085839198458711e-05 0.000490164245121522 0.0022428901694102007 3.301711443446741e-06 0.003591408334514736 2.820864043729053e-07 4.503894217525604e-05 2.86890485193685e-05 5.7695214872300334e-08 1.276693696203872e-07 1.4504857358176053e-06 2.178373061034134e-06 0.0014960960826108278 0.0 9.160952281667663e-08 1.3276535345861235e-07 0.0008647024949789945 1.8079548398730335e-06 1.375328965656465e-06 6.740311109087732e-07 0.0017434251757136097 5.7092697868815174e-05 9.613047411175622e-07 0.0 2.6959628945695445e-06 1.1867240849936272e-06 1.993827963781298e-05 0.0 6.675395672348246e-05 1.9042994812871453e-06 5.408784136410058e-05 1.0635378333731116e-05 0.00017376719748975664 2.715726039872845e-06 1.1819637707738742e-06 4.950766311825445e-07 2.26463755068732e-07 0.0 0.0 0.00010069401505641471 1.004973331173312e-06 6.625649460838424e-06 8.394659988366572e-05 6.645264241531673e-06 8.088072058199976e-05 0.00016168684113435967 1.2449482349497446e-06 0.00011268089010997348 7.021059498057149e-08 2.8013303967002073e-06 1.2733875901963883e-05 6.515794460430147e-07 0.0 2.1438074688160708e-07 9.010902197301856e-08 8.541573559586881e-05 4.87281199650748e-07 8.860135353889202e-08 0.0 0.00012471901845570368 0.0 1.2182849789129209e-07 9.706503314322277e-08 0.00011471682985112703 2.6043141041874574e-06 3.609686406159911e-07 0.0 1.079118497098368e-06 0.0 2.317899054294845e-06 0.0 2.5628786841175734e-05 0.0 8.27173951521243e-06 1.9700066821847985e-06 9.240925676008114e-05 2.221642405771275e-06 0.0 0.0
8.976968319503967e-07 4.2841346324764354e-08 6.780730415281192e-07 3.690131556939732e-06 0.0 0.00031309651657690046 2.4080691737717154e-06 0.00024544302353044807 4.115969546989341e-05 5.384895653952243e-06 3.620581109827146e-06 0.00013709552822849662 3.342559785961795e-07 2.5690344605118102e-05 0.0007234306319227985 0.0 8.345915566457801e-07 5.603644152215716e-07 1.0160547908100367e-06 5.967816371083006e-06 0.0 5.518002614923003e-07 2.216045273484056e-07 8.042082297746738e-06 3.2543710840689094e-07 8.320307976911796e-07 5.047757649653659e-07 3.9805608598725465e-06 8.074228348336696e-05 6.806340110729962e-07 0.0 0.00017161172926882025 0.0 0.00011300968626114244 6.748477461546004e-08 1.217279384772895e-05 3.1613517420856766e-07 7.02138392591542e-05 2.331571511393493e-05 0.0011288099292338042 5.2874868216537824e-05 1.8819157242643456e-06 1.186280130607296e-06 6.364955715480366e-08 0.0 0.0 7.683879004538572e-07 0.0 0.0 7.293348362819648e-07 0.0 7.134797877170116e-07 1.600551791199528e-06 0.0 1.1236526545548116e-06 0.0 0.0 3.3068720296126987e-07 0.0 0.0 0.0 0.0 6.368306357194649e-07 1.5586317322061877e-07 0.0 0.0 1.8824098743472005e-06 0.0 0.0 0.0 1.1217942329736881e-06 0.0 0.0 0.0 0.0 0.0 0.0 0.0 1.3280110755089843e-06 0.0 6.577779752717302e-07 0.0 2.5020990745607324e-06 0.0 0.0 0.0
4.738767961455668e-06 0.0 6.3931552614261654e-06 0.00012030723748691831 0.00031309651657690046 0.0 0.0007204195946273255 0.0029494750650087584 4.5878157102273455e-05 0.0057898759936636 2.6918377172380044e-05 0.003960523330500461 3.88803193751585e-06 0.0003572555244578865 0.0007898237903468747 0.0 8.842058570390377e-06 6.047497887676845e-06 1.0625279431914533e-05 0.0003197101525469061 1.331853919346068e-06 3.893243129277261e-07 2.243135271912681e-06 7.279168851342925e-05 3.800433888699839e-07 1.2135770163076424e-05 5.47182553742761e-06 0.0002963408587428025 0.00025145094271310285 4.329736411182404e-06 1.3619874210923732e-07 0.00033323785492137063 1.0671848049380753e-06 0.0001428917506787045 2.0374123463067194e-06 0.0001633378535972974 7.405361202815706e-06 0.00017360001426187704 3.5663806052375454e-05 0.001305964118846581 1.4180197357972272e-05 1.631002223790274e-06 1.0742947726422667e-06 7.357385706925714e-08 0.0 1.5050777224657085e-07 1.496726460087351e-05 3.4935927252304566e-07 2.3392997834299187e-06 2.446183984180958e-05 1.211612591478668e-06 3.303989458631901e-06 1.887128234095253e-05 0.0 1.2715722301901309e-05 0.0 7.479963800904763e-07 1.4707498340217862e-06 4.4873795573457606e-07 0.0 0.0 0.0 8.092443548311352e-06 5.743769906582746e-07 0.0 1.5733773385491082e-07 2.1653492426688294e-05 5.875731564815885e-08 1.1066903712051845e-07 5.315018182704125e-07 1.664378135130572e-05 1.8000945841416065e-06 1.9019580746683404e-07 0.0 5.80728107584183e-08 4.91549007143908e-07 4.313881486715292e-07 1.4091377565908964e-07 8.807426495574259e-06 2.0584746719102727e-07 2.3285783729966646e-06 1.4269211502297174e-06 1.9321302370287967e-05 3.235172508732573e-07 0.0 0.0
0.0023037620044081284 2.2813870400840353e-06 0.0008240944593557662 0.00014029667585058712 2.4080691737717154e-06 0.0007204195946273255 0.0 0.003581918031687955 3.7749465142368857e-05 0.004385529960572661 1.8085578692652236e-05 1.4098979194218101e-05 1.5540540862482427e-06 0.002766305962491455 1.2401634020049893e-06 2.0655810219743634e-06 0.00036437629159620863 8.944647303743653e-06 3.9638581252776646e-05 3.457456688369072e-05 0.00025194848630031414 7.802293514408424e-06 0.00030095607515672786 0.0009520157185550361 5.014309896944885e-07 0.0002546079214428103 0.0003053197606420529 0.00844898773648781 0.0014798130030145688 0.0018764891312393354 9.581475115297096e-08 1.3087104315784741e-05 8.528023229806205e-05 0.00026926461380716635 7.10537000327035e-06 0.0009152017595851822 9.723295946145486e-05 0.0008871583993504175 0.0003775318413543219 0.00033596075705429436 3.1837983362384306e-05 1.0511775823354009e-06 1.0700521923599668e-05 2.562687051478977e-06 1.035947795102874e-06 1.1876456979878712e-05 2.1875786870344422e-05 0.0 4.3908203883695006e-06 0.0001443468439567782 1.356004514119188e-05 3.361063257324584e-05 3.582272215658915e-05 1.5566167517969506e-06 1.3306886436249772e-05 0.0 1.0058723895729316e-05 1.888785803320281e-06 1.2067502526630664e-05 4.070879547028661e-06 6.046494218181519e-07 1.3402376460957548e-06 1.5110282850288096e-05 9.191704444997564e-06 8.604475667546578e-06 1.044645392745079e-05 0.00019498722277168078 0.0 1.4498880230777785e-05 3.55644689193775e-05 0.00010454221059410019 1.387505752325913e-05 6.65953017963376e-06 1.8763207016404276e-07 3.101967751141809e-06 8.304238171391712e-07 8.115728375999073e-06 9.885910209651288e-07 3.180641374401072e-05 1.0823854028541192e-06 2.2058905438092298e-05 6.0318766432053825e-06 2.369941303380868e-05 3.805338622722505e-06 0.0 2.7895965772751716e-07
0.0004750038671578913 4.7485400798113184e-07 0.0001254818246834529 8.085839198458711e-05 0.00024544302353044807 0.0029494750650087584 0.003581918031687955 0.0 1.9539711547448e-05 0.002368396248960322 2.3146879199892314e-05 0.0008902673435211836 2.076928024667621e-06 0.0029465912212579375 0.00015373941304731758 5.804902951304171e-06 0.0005141249579907849 6.553325024595606e-06 8.050737389998035e-05 0.0001698198218442083 4.197787864826326e-05 2.03820409053402e-06 8.046959370360587e-05 0.0001805981707399381 2.640603204830481e-07 0.00012454331438236114 0.00010393448963413387 0.00044221391675885037 0.00024037783283416427 0.00020831758456717057 2.543297485804386e-07 0.00044005768536627447 4.690875110967422e-06 0.0001265750338849804 7.653709239898831e-07 0.00018482231600963771 7.258008225959029e-05 0.00019558705737024253 8.134591212522988e-05 0.0007513459390999812 3.90093265495921e-05 5.526334209297733e-06 2.1524546251984486e-06 1.5812510156500953e-06 5.556127953717888e-07 5.267757509182552e-06 5.198743070730733e-06 6.073041491623784e-08 6.90193609995202e-07 4.644728415255952e-05 6.052514478980983e-06 1.1840279386786879e-05 7.025476012369557e-06 2.62018298026036e-07 3.2209839663174906e-06 0.0 4.293526372145891e-06 2.1125953951258834e-07 8.831868445378845e-06 1.729946421656816e-06 1.0096524402783868e-07 6.65279088089982e-07 1.8206569270637654e-06 7.662585492177817e-06 4.216649252413931e-06 1.6816931083056282e-06 7.184694530612642e-05 0.0 3.365015437000637e-06 1.135258855144372e-05 4.4729277996488044e-05 9.128852562442657e-06 3.6242576174304406e-06 0.0 3.955256926462504e-07 4.185078494596528e-07 4.25016402923861e-06 7.793323974397669e-07 1.5305698965066866e-05 7.987277430653288e-07 7.488640078913894e-06 4.6500220903398066e-06 4.1910988268462615e-06 1.1115198004014435e-06 0.0 4.474179194759087e-07
3.868201944842052e-06 0.00019858700146191044 6.724213964437167e-07 0.000490164245121522 4.115969546989341e-05 4.5878157102273455e-05 3.7749465142368857e-05 1.9539711547448e-05 0.0 0.00020296903529817698 9.653194341410196e-07 0.00016410679870457968 4.469099738496995e-06 1.83329654039277e-05 0.00036585982823112025 1.472603983252684e-05 1.3962318255339865e-06 1.3254110753127575e-06 7.597004160336074e-07 0.0002366546684362467 1.5939285314682559e-06 0.001120078275609047 0.0 0.004520604432960229 4.68090185558275e-05 7.770408766489361e-06 0.00024209791117222872 0.0007054915314702764 7.53529591347112e-05 2.300039448787213e-05 6.492248512081694e-08 1.2147737583525757e-06 1.1621023963883979e-05 1.858522062017725e-05 6.305295866316976e-07 0.00010132096960235076 5.149681677363683e-06 5.86227175275274e-05 2.6105494148881636e-05 0.00030532527814489195 3.0894442933922335e-06 9.559063421217845e-08 1.436826293950128e-06 6.65474305651975e-06 9.759558488346262e-07 2.3931233788081235e-07 0.00010460543284478212 1.1806516128478571e-06 4.222959172617079e-06 0.00010379276415705831 6.384198454606032e-06 0.00015056296595356692 0.00010211723895213839 7.18923839676214e-07 6.051938352120508e-05 3.229598861021679e-07 1.3863075244913711e-05 1.2817406298062537e-05 2.003229444379185e-05 5.751401660582985e-07 7.272033279997752e-07 6.548339194513945e-07 6.648023538229601e-05 1.3424740697013861e-05 2.7026303256112277e-05 1.595780729354613e-06 0.0007567042270523632 1.1757626279694108e-07 1.0844277111122198e-06 2.151671101512997e-06 0.00022905735391097012 3.354371007466755e-05 8.829408769756765e-06 1.2459123172337032e-07 1.1962116545203275e-06 3.955360299964281e-06 8.273354611011149e-06 9.136136473954363e-07 5.2918780388092727e-05 2.8857163722036055e-07 2.616017336879107e-05 7.480556375617907e-06 9.478377112231248e-05 3.6911664201197023e-06 4.7486300695489423e-07 5.305584415232423e-07
0.00014600821488156885 1.453519431645285e-07 3.0136435629863658e-05 0.0022428901694102007 5.384895653952243e-06 0.0057898759936636 0.004385529960572661 0.002368396248960322 0.00020296903529817698 0.0 2.9934261812265036e-05 0.002167865192435073 1.967031752325771e-06 0.0006320223966470228 7.45839090293736e-06 1.46698859767723e-06 3.7146154296274745e-05 9.59955329019596e-06 2.529539818239219e-05 0.002733952610868766 5.0847025058531924e-06 1.219828342398845e-06 1.3231184797594108e-05 0.00044209277093070496 4.244332513734639e-06 3.353966533492434e-05 2.356156159425482e-05 0.002450953069948257 0.0005847448372280809 1.329045696134083e-05 1.767916423799297e-07 1.6912912764608467e-05 7.251739356945722e-06 0.00020421056781901712 9.236862179064224e-07 0.000410637220021141 3.60089730403431e-05 0.0005267710938271157 9.588237451479075e-05 0.00016238647120437374 1.625740268114648e-05 5.346812963448806e-06 5.443966030848514e-06 2.8308838538547966e-07 1.671722471009353e-07 1.6430256048449394e-06 0.00017956347415943956 1.6214791585204298e-06 1.0281738125667516e-05 0.00022216768259245836 2.0133849464690597e-05 9.012108788202742e-05 0.0002394331860207998 1.9450747640185574e-06 0.00011037635219265948 1.649311483911746e-06 1.0375382243873433e-05 1.7746717638714654e-05 4.037369869497096e-06 4.790895613171837e-07 4.3989067090017734e-08 6.897637049887181e-08 0.00012051174840155615 3.4111289801618387e-06 1.243931189211348e-06 2.6536284239971765e-06 0.00023943539334910245 8.534683124348383e-08 3.954290956387142e-07 2.892116831183311e-06 0.00020759909305428898 8.544556713372245e-06 1.8782222227778784e-06 0.0 1.103348265918165e-06 2.678456581325953e-07 9.490809074522726e-06 1.036946745119689e-07 4.098964739070051e-05 4.544873899178992e-07 2.3084448922830687e-05 3.798249078514554e-06 0.00012480569002764217 4.5269275951589085e-06 8.749821398297965e-07 0.0
4.146013359089166e-06 2.2531492080739374e-06 7.833893382570957e-06 3.301711443446741e-06 3.620581109827146e-06 2.6918377172380044e-05 1.8085578692652236e-05 2.3146879199892314e-05 9.653194341410196e-07 2.9934261812265036e-05 0.0 3.4954678586542044e-05 0.0006583447165598203 0.00010672430855525494 2.214032199668925e-06 3.481978897136307e-07 0.0001954510593206664 0.002930914256942239 0.0012192345033430496 9.341402317126603e-06 7.852873406566652e-06 4.982863955232014e-07 1.7203980588540022e-05 6.319564192362377e-06 8.552110206761132e-05 0.001087273880777842 0.00013052554939770044 1.2392194502711545e-05 0.00023155832757981376 1.5921929464430693e-05 0.00014175585826534692 2.174952234093478e-05 5.889968212066897e-06 0.0039904856164670564 8.987486916459178e-06 0.00018464338887656305 0.0017704766250393968 0.0022054899107383074 0.00033398898737048676 4.3373459603183026e-05 2.370221916051926e-05 0.0004818193737030191 7.4987428879322e-07 1.0133458928778256e-07 2.031516378896641e-06 3.0346747716203016e-07 4.720714598603975e-08 0.0 0.0 1.5566809893522402e-06 0.0 2.9643932378010115e-07 8.978460125977655e-07 1.1944053002568061e-05 1.010457647241195e-07 0.0003601636826498605 4.232500115497147e-07 0.0 1.9639627713452236e-07 0.0 1.3170185338557996e-06 1.8406943549200567e-07 9.408146908287537e-08 4.011257017470629e-08 1.742551802784333e-07 0.0 5.68086167984736e-06 3.693828302644613e-05 6.700419839208876e-06 7.032476016976599e-05 3.4003393572818335e-06 4.5708450201891076e-08 0.0 3.391612245412434e-05 0.0 0.0 5.501095299395974e-07 8.415498805484807e-08 7.497196350549976e-06 8.667090730806507e-05 4.892934649496398e-06 8.466021631438759e-07 2.9260787814171126e-07 5.998221774960075e-08 1.338020893878235e-05 0.0
3.8459851295000853e-07 1.4939178894014108e-06 3.8166592301809785e-07 0.003591408334514736 0.00013709552822849662 0.003960523330500461 1.4098979194218101e-05 0.0008902673435211836 0.00016410679870457968 0.002167865192435073 3.4954678586542044e-05 0.0 3.1105967629155768e-06 0.00033518262507783645 0.000647483976576428 4.9757303976563595e-08 1.3971776879985225e-06 1.2267914181207046e-05 2.2974190848873425e-05 0.002659388230609 4.4426703392012324e-07 9.60206563218976e-06 7.106808887655548e-07 0.00035795683576784863 3.0582509208706714e-06 1.412753156160825e-05 7.37310249921387e-06 0.0006846578812371107 0.0003234425491360352 8.77852819981076e-07 3.2129470366260423e-07 4.230696331187102e-05 2.9750706912746716e-07 0.00015183142609645118 4.289392658011034e-06 0.00031974025539648564 1.0901593609467268e-05 0.00033687454758247955 3.827915378212264e-05 0.001139780084012478 1.064135906372732e-05 6.935642111550094e-06 1.4499261260037509e-06 4.9069613908897085e-08 0.0 0.0 6.820942445363025e-05 1.05383932684847e-06 7.673769332533588e-06 3.0078658130601515e-05 3.986580658125509e-06 4.079651451449786e-05 9.489106549914561e-05 6.710159432648492e-07 8.171377103900507e-05 2.746035978665111e-07 1.5646778354409581e-06 1.1659052841050791e-05 4.519074785297958e-07 0.0 3.888306629967771e-07 0.0 4.7175561419517105e-05 4.5893859897829336e-07 8.919190132062883e-07 5.727531666447192e-08 4.570630926217295e-05 0.0 1.911033913881492e-07 0.0 4.770832170647475e-05 1.8968022079808913e-06 2.3101442290809283e-07 0.0 2.8514049737304096e-07 4.4894251786401696e-08 7.720154420574188e-07 0.0 2.9423069372868706e-05 0.0 2.046046149009268e-06 4.587611014598712e-07 0.00010558392001505918 4.958585641593037e-07 0.0 0.0
1.6742656118310343e-07 0.00016865020228125366 2.0480019685930853e-06 2.820864043729053e-07 3.342559785961795e-07 3.88803193751585e-06 1.5540540862482427e-06 2.076928024667621e-06 4.469099738496995e-06 1.967031752325771e-06 0.0006583447165598203 3.1105967629155768e-06 0.0 6.252455652317319e-06 1.5731168835040676e-07 2.7020558691829085e-06 1.406640689913192e-06 6.713402859092673e-05 3.893658684060645e-06 6.396148873651111e-07 6.155836299648584e-07 2.5311110003245613e-05 1.0896802124126113e-06 7.070599108096343e-06 0.0011072696136886237 0.00031568162674322064 0.0020479319519066228 2.1453273477256703e-06 1.0542172119201634e-05 3.695133034631019e-07 0.000934680053200631 3.4843265161682566e-06 0.0 0.0006473183756599539 5.022776836937955e-06 0.00017594566407543665 0.0015660939816945847 0.0009731638710115646 8.447770590127271e-05 1.3069940459935486e-05 3.104904650653298e-05 0.0011686668214497006 9.673176026772513e-06 0.0 4.2487406175978954e-05 1.5322350684167362e-07 1.317968292240443e-06 0.0 0.0 1.653100123315979e-07 1.3693930161782537e-07 1.7398784720455376e-07 0.0 8.788111155450911e-05 1.0513136650197047e-07 0.0014684259108446167 0.0 0.0 2.0358376462356037e-07 6.443843096143053e-07 1.1355794852326443e-05 3.7714318997886086e-06 4.612283169659391e-08 3.831676535585467e-08 7.376828642193135e-07 8.71956183194763e-08 7.075105912989625e-07 0.0003256196206889945 6.929603686587209e-05 0.0002992889097878429 1.8790592928015679e-06 2.1574332237604544e-07 5.182511246077525e-08 0.00013417348535331276 0.0 0.0 4.458870109005989e-07 3.2325372722705073e-07 1.1763131756324196e-05 0.00032998700785498187 1.0967793493836925e-05 2.7997493413154027e-06 7.466711392435569e-08 0.0 0.00016602060821710278 0.0
0.0037988050396864106 6.551744589700013e-07 9.362806209628466e-05 4.503894217525604e-05 2.5690344605118102e-05 0.0003572555244578865 0.002766305962491455 0.0029465912212579375 1.83329654039277e-05 0.0006320223966470228 0.00010672430855525494 0.00033518262507783645 6.252455652317319e-06 0.0 3.835808282581512e-05 2.645157497831023e-06 0.00043782262502431647 2.8773156120850687e-05 0.00011457682985299972 8.448820146491651e-05 3.7139521488530775e-05 1.7144375270976518e-06 7.354313101912149e-05 0.00014680959525735726 1.9256174334015515e-06 0.00011449154494657902 0.00010320761729011893 0.000370607376366802 0.0030859350567953585 0.0007591910568690569 5.082605376433577e-07 3.803768347491539e-05 4.252891602015663e-06 0.0004187440021311154 3.2874362468935864e-06 0.00021480864101419174 6.0509399605439775e-05 0.0004630652257387745 9.647221864672546e-05 0.0003224565218486124 4.385736424347337e-05 6.793173231997184e-06 3.978046242751654e-06 1.9387614480472076e-06 1.475904200253518e-07 2.616730732498403e-06 2.361640711655318e-06 0.0 0.0 3.3354846923833784e-05 2.1917455623688113e-06 1.2071060761470147e-05 6.395468388779322e-06 5.149053189487385e-07 2.2446032215165196e-06 2.600867414504573e-07 3.447308923591573e-06 6.027237279254381e-07 7.77042057458699e-06 4.2888882190889757e-07 0.0 1.0739218097422232e-07 2.1625033426001268e-06 7.37447827420597e-06 2.9090687316802187e-06 1.5305670655716895e-06 7.377694167475772e-05 0.0 3.6584394201519444e-06 8.264600478529058e-06 5.368976953348176e-05 1.01673688481717e-05 4.435453290102188e-06 0.0 0.0 1.4192504671127222e-06 3.0050583893391075e-06 3.3175605390758535e-07 1.7918551158676387e-05 6.766469316994915e-07 7.99646285202082e-06 3.3999403338351227e-06 4.977345027148038e-06 2.680726736981166e-06 1.5549999524733197e-07 1.1988336576398652e-07
0.0 1.5498931006726313e-06 6.383785494595694e-08 2.86890485193685e-05 0.0007234306319227985 0.0007898237903468747 1.2401634020049893e-06 0.00015373941304731758 0.00036585982823112025 7.45839090293736e-06 2.214032199668925e-06 0.000647483976576428 1.5731168835040676e-07 3.835808282581512e-05 0.0 0.0 6.094760870170375e-08 4.961856259002404e-07 1.1532170398405137e-06 3.663372140870195e-05 0.0 1.7338447244431084e-05 0.0 0.00033562425794704857 6.519987500854209e-07 1.0974419231764484e-06 2.1405010736230114e-06 2.396636130660619e-05 2.2071781472851087e-05 4.6581087418996563e-08 0.0 8.437445546318763e-05 2.7151992821420615e-07 1.476553322592388e-05 0.0 0.00035627283701566574 3.2323307057729026e-07 1.4518695553582525e-05 3.9832197651774295e-06 0.0007943263686481901 8.72376455425964e-05 7.087144569360389e-06 8.796644265917161e-07 0.0 0.0 0.0 1.4271858426519564e-05 8.384265259107539e-08 2.1084396780677158e-06 1.0430963143655374e-05 1.8124167363899398e-06 1.490507284738389e-05 3.222491596394102e-05 2.980708606625181e-07 2.88244590295954e-05 1.5267289825790618e-06 1.7241304635094912e-06 4.018298494448062e-06 2.7560153253735194e-07 0.0 0.0 0.0 1.5977476541910072e-05 2.356858981156594e-07 2.162387736059632e-07 1.1630464725961278e-07 1.2665701368983404e-05 0.0 0.0 7.608049808344238e-08 1.6400848646932898e-05 3.796537141273157e-07 0.0 0.0 7.021005835142151e-07 0.0 1.6991134969560327e-07 0.0 1.1977156376246225e-05 0.0 1.8899819786517393e-06 1.5370224622896706e-07 5.411269326924355e-05 9.7676231557855e-07 0.0 0.0
1.3344563676542537e-06 6.837104747773182e-05 1.2624244104685023e-05 5.7695214872300334e-08 0.0 0.0 2.0655810219743634e-06 5.804902951304171e-06 1.472603983252684e-05 1.46698859767723e-06 3.481978897136307e-07 4.9757303976563595e-08 2.7020558691829085e-06 2.645157497831023e-06 0.0 0.0 1.522160996697925e-05 8.734549993162125e-07 1.923423406131147e-06 0.0 0.0014094127379501128 0.0019189507501433754 0.0026757313357331555 0.0004977967033807749 1.6787082874725976e-05 1.270439752400326e-05 0.002201318701824589 0.0007260351460238195 1.0856584503248503e-05 4.607264213727296e-05 4.2990863164466764e-07 0.0 2.966357879613181e-06 6.089966776142175e-05 8.948399943492296e-06 0.0008781052855995749 0.00013250804779867177 0.00031905835073257373 0.00022962320570710023 3.974955586390886e-05 5.003032644759503e-06 4.642511373100748e-07 6.4199554575505545e-06 3.824324686146478e-06 3.9597216509059745e-06 7.149564706500217e-05 2.57050078556209e-07 0.0 3.897455724512678e-07 2.2467940925651616e-05 2.0538871770963795e-06 1.2445203636436418e-05 1.5515780109084165e-07 6.549545500741899e-07 3.164520674476015e-07 8.825433536086292e-07 5.927178694054859e-06 2.0851720661350672e-07 0.0016862700222367315 1.0742878919810496e-05 1.2853311315886832e-07 1.931935570386007e-06 9.186724770920935e-08 0.00031082180646322327 0.0008185497648934155 0.000733774138365079 9.73585134442308e-05 7.330680603592601e-08 8.369554633313695e-06 0.0003696114268101566 9.805664643925367e-05 2.0475598745462105e-05 8.52111222629065e-05 0.0 0.0 3.968165617756247e-06 1.2376916129293891e-05 1.3386664658906827e-06 0.00011751160875801414 1.0232603713882777e-05 4.474953499103095e-05 3.4345384547297614e-05 7.6204671398762865e-06 7.095394443426374e-07 0.0 3.0503820610222495e-07
0.00031023994368394985 5.387851626925879e-06 0.005295505989679994 1.276693696203872e-07 8.345915566457801e-07 8.842058570390377e-06 0.00036437629159620863 0.0005141249579907849 1.3962318255339865e-06 3.7146154296274745e-05 0.0001954510593206664 1.3971776879985225e-06 1.406640689913192e-06 0.00043782262502431647 6.094760870170375e-08 1.522160996697925e-05 0.0 7.408400545471217e-05 0.0016342488555500777 5.818180777267583e-07 0.0006017228119431008 1.1894423116990155e-05 0.002641897382976145 1.5836999139387374e-05 5.447703632195124e-07 0.0020536280298583194 0.0034528910975800313 0.0002047746972687293 0.0007333219147115736 0.0018811633408224971 6.907698827646517e-07 1.5929543446115853e-06 1.918768350196142e-05 0.0017811602313178715 3.757119349785232e-06 0.00035665856740998384 0.0008918512986137529 0.0007846587865346821 0.00017545492493080482 8.389359938038163e-06 2.3966339262316933e-06 5.158167074090238e-06 1.8706926013010007e-06 0.0 6.683409763148196e-06 1.704439428077265e-05 4.52699335573316e-08 0.0 0.0 1.183372097005794e-06 6.211902463355833e-08 4.840028016827876e-07 0.0 7.473210358777462e-08 0.0 2.0712986043784276e-07 2.1001571437062317e-07 0.0 8.944011994246627e-07 1.0296030274737901e-05 7.00577602158584e-07 1.4154858496660724e-05 0.0 1.072963116313008e-06 9.701366302985623e-07 6.957669831866292e-07 1.8943603422793082e-06 4.7171848047333867e-07 0.00011564909965347622 0.00010492756185823158 1.8485952808985542e-06 1.59361547774122e-07 3.714587890812281e-07 6.084813713689884e-07 0.0 7.110150466466878e-08 1.1088082324853745e-06 1.5733534967214215e-06 9.263219259402854e-06 4.727559940823552e-06 3.234280316704116e-06 1.8783745434766851e-06 2.2966124876526582e-07 0.0 1.0701260704372532e-07 0.0
2.0299079430154037e-06 1.474694824296235e-05 5.144699667991313e-06 1.4504857358176053e-06 5.603644152215716e-07 6.047497887676845e-06 8.944647303743653e-06 6.553325024595606e-06 1.3254110753127575e-06 9.59955329019596e-06 0.002930914256942239 1.2267914181207046e-05 6.713402859092673e-05 2.8773156120850687e-05 4.961856259002404e-07 8.734549993162125e-07 7.408400545471217e-05 0.0 0.0011386763176270873 2.6099269292107866e-06 1.176356248112854e-06 4.080028408420048e-06 5.9007929320727335e-06 3.6243565271704734e-06 7.508250392084858e-06 0.0006308880892112936 0.00038410399435673384 4.802917899909175e-06 5.854511240097155e-05 6.555626896650618e-06 7.754358621075773e-06 4.940569459206697e-06 1.3939306529395378e-06 0.0004373784499055308 6.484057464153007e-06 0.0003148824141348473 0.0005167087295625786 0.000933105782274893 0.0002510812215532767 1.2472218397728364e-05 1.904925047223364e-06 1.637184523277676e-05 8.744140537573295e-07 0.0 4.795445167891167e-06 0.0 0.0 0.0 0.0 3.3312848201851245e-07 0.0 1.193944879591154e-07 0.0 3.550450133013101e-06 1.2194859451731601e-07 5.143338798278115e-05 4.018027494847054e-08 2.6142907771514676e-07 5.3530081420358066e-08 3.285285022096798e-07 1.2444702495508504e-05 1.9589995082679658e-06 0.0 0.0 0.0 1.2496683828348735e-07 1.4619129621244327e-06 4.135060885996549e-06 4.2432859312058043e-05 8.230830934477064e-05 4.495597504421674e-07 7.115033152439746e-08 1.0646031524196538e-07 2.6096787060763e-05 0.0 0.0 4.1655973146307545e-07 1.373133264945473e-06 3.6753495485633726e-06 2.189860988483829e-05 2.873531562420692e-06 5.64552984362811e-07 2.159904199807167e-07 0.0 8.383687527248318e-07 0.0
4.203322630051172e-05 7.435979156210546e-06 0.00014897750519693177 2.178373061034134e-06 1.0160547908100367e-06 1.0625279431914533e-05 3.9638581252776646e-05 8.050737389998035e-05 7.597004160336074e-07 2.529539818239219e-05 0.0012192345033430496 2.2974190848873425e-05 3.893658684060645e-06 0.00011457682985299972 1.1532170398405137e-06 1.923423406131147e-06 0.0016342488555500777 0.0011386763176270873 0.0 4.917633553282682e-06 5.0213186414244394e-05 2.9972857053176698e-06 0.0001521198304196972 8.04846700006114e-06 1.7318953218458473e-06 0.003782876027999545 0.0010175902164377127 2.292975616147757e-05 0.00028716566737329295 0.00015187623041866864 8.769804760861409e-07 6.0700646175652424e-06 2.037633623663271e-05 0.0028273553828371116 1.0068825061391367e-05 0.0010303928800024854 0.0005137564648693512 0.0019130975114063037 0.0005411549189856423 2.387858017210836e-05 2.0184288926979537e-06 8.72066779190903e-06 3.1819985918772e-06 1.5012936408367362e-07 2.2587980101896126e-06 1.5725265951996349e-06 9.277647498678617e-08 0.0 0.0 1.3806270559910901e-06 4.8304016720697704e-08 5.927867625100935e-07 1.604864458182037e-07 5.068360899736946e-07 3.877631470423904e-08 5.8202261503663045e-06 2.809727954718385e-07 0.0 4.6038167260576866e-07 1.2476104796147197e-06 4.3693520071082314e-06 6.878560819980173e-06 0.0 2.0415274946524145e-07 3.9581173440983645e-07 3.0350951248535483e-07 4.424341039158666e-06 7.280216630099735e-07 5.6319193982207414e-05 5.731496451455489e-05 1.931497730638764e-06 1.3492937537521446e-07 0.0 3.8907247027286956e-06 0.0 5.69549787702077e-08 3.902916969663707e-07 2.1612960661526856e-06 1.1180347054188005e-05 4.332945212824656e-06 2.8251018947554388e-06 9.226277159679609e-07 7.501704727349247e-08 0.0 0.0 3.60820024049719e-07
1.6213338437088439e-06 0.0 1.3289504698436114e-07 0.0014960960826108278 5.967816371083006e-06 0.0003197101525469061 3.457456688369072e-05 0.0001698198218442083 0.0002366546684362467 0.002733952610868766 9.341402317126603e-06 0.002659388230609 6.396148873651111e-07 8.448820146491651e-05 3.663372140870195e-05 0.0 5.818180777267583e-07 2.6099269292107866e-06 4.917633553282682e-06 0.0 3.978814457276143e-08 7.382349679940411e-08 5.532959751677178e-07 0.0002748909192593466 2.3640277749980882e-07 3.527063368350131e-06 2.329786499326291e-06 0.001758649868316093 9.587941230684075e-05 8.231356712587008e-07 1.0008535648837055e-07 6.043935632819413e-06 5.472298244907713e-07 4.6719206154018896e-05 2.1195361497826926e-07 0.00010800983602655097 4.7680179091353774e-06 0.0001013050081342461 1.6610914365212474e-05 0.00021656339025089388 2.6042626787941435e-06 1.7278810612845637e-06 5.459876351839864e-07 1.7746526050450436e-07 4.921912548384259e-08 9.390948451703813e-08 8.35512986388878e-05 8.962575827927571e-07 5.252329439923457e-06 6.617090748987517e-05 5.205887624127232e-06 4.690986930267433e-05 0.00010977573273542034 1.1219276005476466e-06 6.623249334129559e-05 5.629641785037377e-08 4.572514350505002e-06 8.803735697916518e-06 0.0 0.0 0.0 0.0 5.546170195145159e-05 8.673931281345194e-07 0.0 7.698438163276338e-08 9.608005119960665e-05 5.924397097350904e-08 0.0 1.258975833746322e-07 8.274165907417426e-05 1.0937231546173908e-06 4.5952546143019854e-07 0.0 0.0 1.8775112512030817e-07 1.709188203454105e-06 0.0 1.7757479595297137e-05 0.0 4.627927913749339e-06 2.8945650484380427e-06 8.231432885346193e-05 7.32523534073931e-07 1.1131005361402937e-06 0.0
2.9526148687551764e-05 6.7164545325609575e-06 0.0004276615267084452 0.0 0.0 1.331853919346068e-06 0.00025194848630031414 4.197787864826326e-05 1.5939285314682559e-06 5.0847025058531924e-06 7.852873406566652e-06 4.4426703392012324e-07 6.155836299648584e-07 3.7139521488530775e-05 0.0 0.0014094127379501128 0.0006017228119431008 1.176356248112854e-06 5.0213186414244394e-05 3.978814457276143e-08 0.0 0.00011782651078701617 0.00885559450838646 3.724178723656918e-05 2.861703985196307e-06 1.9779014837468024e-05 0.00017514867821479782 0.0029903087854737925 0.00021244062143282056 0.005549219263047647 6.107283470516681e-08 1.1500266159603918e-07 9.148413620428314e-05 0.0019112381955761354 1.56375744424637e-05 0.0032710953408734314 0.00028726162443834606 0.0032132015054845424 0.0009858294603013944 0.0001554425316403974 2.919586421216974e-05 1.5739140993180057e-06 3.192160231169406e-05 3.847412999261735e-06 3.9928864379734067e-07 6.444368627937586e-06 0.0 0.0 0.0 1.6475658014588754e-05 2.0317407177093314e-06 5.399518403432305e-06 6.373606463179063e-08 1.1611514609545326e-07 3.0290286206857806e-07 0.0 4.34133213227335e-06 0.0 0.0002907879823292713 4.97295032773191e-06 3.5786001601596896e-07 1.6636443972427131e-06 1.3188636468835823e-07 0.0002080902221632251 8.543509340001712e-05 9.980465993469334e-05 4.358810382858436e-05 6.153815497922428e-07 1.4804275063991491e-06 1.1080974162209066e-05 5.554280761863234e-05 1.8846428924072237e-05 7.036477287502333e-05 5.126260327008407e-08 0.0 4.5880890846097705e-06 7.577099558535887e-06 1.399778387655309e-06 6.258847177004564e-05 2.356697334316988e-06 1.569636840458044e-05 5.101084109079734e-06 2.0237919990197823e-06 1.4582493644571708e-07 0.0 5.7360346248985576e-08
8.828423015477072e-07 0.0012023111918035925 2.1365012918953182e-05 9.160952281667663e-08 5.518002614923003e-07 3.893243129277261e-07 7.802293514408424e-06 2.03820409053402e-06 0.001120078275609047 1.219828342398845e-06 4.982863955232014e-07 9.60206563218976e-06 2.5311110003245613e-05 1.7144375270976518e-06 1.7338447244431084e-05 0.0019189507501433754 1.1894423116990155e-05 4.080028408420048e-06 2.9972857053176698e-06 7.382349679940411e-08 0.00011782651078701617 0.0 0.00017696460664933677 0.0033524204512108344 0.0003293273064947894 3.854815661125913e-05 0.0036328826780756035 0.00029075723491174364 8.848080184984468e-06 2.5223065269890762e-05 1.3037133123537935e-06 6.217498147834903e-08 1.2054508478585374e-06 8.269130628858663e-06 8.488527752693588e-07 4.2918717316299165e-05 1.0660272086170354e-05 2.5460190996287322e-05 9.40694489283646e-06 4.046398514301213e-05 3.4400505235876014e-07 1.4803044389460158e-06 9.456671495759201e-07 1.900185100091742e-06 1.0797637897026462e-05 0.0001000441577461993 2.966943222806666e-07 0.0 0.0 8.158132232306873e-06 1.1992998631451907e-06 9.117433255834427e-06 1.928639448989989e-07 5.076604456094649e-07 6.368565834499122e-08 1.6926157791136376e-06 2.4397436397790142e-06 2.410118766197045e-07 0.0004667370902363799 4.304932351398077e-06 2.6028377873806845e-07 2.0209487858573704e-06 0.0 7.804875266205117e-05 7.808801911434145e-05 0.00017951354430681605 8.657063588002558e-05 1.5412778900830287e-07 1.696174722815032e-05 0.0004937550123943604 3.908307119913581e-05 7.735513122900548e-06 2.4841154351410215e-05 6.595751338852137e-07 5.5926252792569405e-08 1.0936757003549972e-06 6.246754522278575e-06 1.0838803757030295e-06 4.518610752633017e-05 5.665329116445378e-06 2.523780768729522e-05 1.8515278896331683e-05 3.845508939759349e-06 1.3817413154656882e-07 1.836896697739358e-07 0.0
9.162263922143286e-05 4.070176822319498e-06 0.0063416924967466815 1.3276535345861235e-07 2.216045273484056e-07 2.243135271912681e-06 0.00030095607515672786 8.046959370360587e-05 0.0 1.3231184797594108e-05 1.7203980588540022e-05 7.106808887655548e-07 1.0896802124126113e-06 7.354313101912149e-05 0.0 0.0026757313357331555 0.002641897382976145 5.9007929320727335e-06 0.0001521198304196972 5.532959751677178e-07 0.00885559450838646 0.00017696460664933677 0.0 0.00011423293267927036 1.8258069611526744e-06 0.00025497937349676326 0.0035727323434423734 0.0012864063724644648 7.969652228293275e-05 0.001647475172406779 0.0 6.135946386520158e-07 6.282136321040833e-06 0.002107901392546247 8.733240811327975e-05 0.005703223896436942 0.003486772092086929 0.005065057852218535 0.00298656920296908 0.0003319511916370613 6.422953741119096e-05 1.6506785370819296e-05 6.210295120663762e-05 7.580993808963583e-07 4.805591531491221e-06 0.00038688968050197494 6.593382235851488e-08 0.0 0.0 4.518536843719298e-06 9.797400508008984e-07 1.0870489621236288e-06 2.2674410713432283e-07 3.361531487881046e-07 0.0 7.648133411074364e-08 1.4352409064225002e-06 7.120724354651187e-08 0.0012672465109501683 1.3172466174148637e-05 2.1664704422211872e-07 2.3995619884726677e-06 0.0 0.00012775951815060017 0.00043923277740485757 0.0007854230169393418 1.9363532185014194e-05 8.149572173806361e-08 1.1818055197024708e-05 0.0011045000270797373 2.045964112439053e-05 5.339237455854982e-06 2.953939523709863e-05 0.0 0.0 1.2775464552031303e-06 1.9661291225407007e-05 1.2506749073326544e-05 0.0001218075316098966 1.3768215400325524e-05 8.946823369543776e-05 4.5179241444728945e-05 6.953506815598732e-06 2.576705226360699e-07 0.0 2.1051943126887766e-06
