0.0 0.0 9.707343238105216e-05 2.6195842644485673e-07 5.1852075994996925e-08 2.7477657774614136e-06 7.6117239410862e-05 0.0009851558848095866 0.0 3.5861600022626014e-06 0.0 1.3642229953824036e-07 0.0 0.0016725374276983036 0.0 2.2340606783255558e-07 3.145415214215396e-05 0.0 5.057359846798195e-07 1.529215365419402e-07 9.452857031938583e-05 0.0 0.00015814626974202617 1.143918869221856e-06 0.0 1.3065124105221728e-06 1.9833445844207973e-07 9.958493762645994e-06 0.00036409709440815205 0.0010177903282086352 0.0 8.719327714064205e-07 1.5132896023014398e-05 6.738383189647583e-06 0.0 1.124500084277626e-05 0.0 5.09706163702736e-06 1.4842559919509652e-06 7.5291751016236145e-06 3.889162805641801e-07 0.0 0.0 0.0 0.0 0.0 0.0 0.0 0.0 0.0 0.0 0.0 0.0 0.0 0.0 0.0 0.0 0.0 0.0 0.0 5.514224373896676e-08 0.0 0.0 0.0 0.0 0.0 0.0 0.0 0.0 0.0 7.397350927136216e-08 0.0 0.0 0.0 0.0 0.0 0.0 0.0 0.0 0.0 0.0 0.0 0.0 0.0 0.0 0.0
0.0 0.0 1.9664951374509392e-05 0.0 0.0 1.6515741513054093e-07 2.227737014753928e-07 1.624593844461495e-07 0.00042743360953336834 1.7689089711738825e-07 0.00047438939141722434 8.066253016179853e-07 0.00032995902803976116 4.42428602385382e-07 1.014705017341667e-06 5.9515790799997665e-05 2.0196752786927732e-06 6.0711687618637695e-06 2.246858397689886e-06 7.44280364028685e-07 3.5704837815485895e-05 0.0009388428585956808 4.0806641162296616e-06 0.00017588479372687547 0.00013966167223357435 9.096382934781089e-05 0.0033839634583905914 1.066121527329947e-05 7.317928333066373e-07 0.0 1.4686685862709713e-05 5.807440940886356e-07 5.7680257005421114e-08 1.0189642727156931e-05 7.07312741395622e-08 1.0224769896916028e-05 1.827882251237517e-05 3.0056726503356672e-05 6.300750520171798e-06 1.3500052536372833e-06 0.0 4.520577348042117e-05 0.0 0.0 0.00026846666832826163 2.797030816011796e-05 0.0 0.0 0.0 0.0 2.344467605884601e-07 7.959103304173801e-07 0.0 3.4213850874829185e-05 0.0 1.770277139829095e-05 5.83070550342641e-08 0.0 4.1342096507022735e-06 4.289420141142427e-06 1.0288485298369433e-05 6.882456431492713e-06 0.0 7.667291329257518e-08 4.753307466806721e-06 8.775355554841851e-07 5.292900288632029e-06 9.50818429571838e-05 3.325794100353164e-05 0.0018585590515456257 3.176125143957806e-07 6.509599959613025e-08 0.0 1.0890775204234045e-06 0.0 0.0 1.8260514602616536e-06 0.0 5.490096819126313e-07 8.059988911226938e-06 4.390525730708341e-06 1.8127064109247349e-06 0.0 0.0 6.372948723248072e-07 0.0
9.707343238105216e-05 1.9664951374509392e-05 0.0 7.021588862470219e-05 7.614279659742451e-07 2.575093466400193e-05 0.000615494989716672 0.0006249841369207646 1.4024132027070276e-05 0.00024088839284198743 0.00012281958289600585 2.6875912250783596e-06 9.107031075781295e-05 0.0007885094394797773 8.38366927758673e-07 7.576203817436283e-07 0.005074464318118227 8.432221193628468e-07 0.0007399301818271925 9.505412411478587e-05 0.0001115720893955956 5.385628184198369e-06 0.0024269627512160915 0.00024660275093104197 6.100149478225488e-05 0.000889926946934109 0.0005304326347158714 0.0003297398050651207 0.00026088462352384374 0.0006409361751963084 0.0 4.132741859483675e-06 3.723263618539043e-05 0.0003725594527048419 2.5490433024322435e-05 0.0013981485086547814 0.007067110836706353 0.0009634363311307355 0.0003551472479885724 9.357474477874648e-05 7.139736684714055e-06 0.00012164511812318234 1.0550187344929372e-05 0.0 0.0006819403619317292 0.00016384320912534296 6.929337470186987e-08 0.0 0.0 5.065945924928596e-07 2.5455831148004855e-07 1.1149483881658286e-06 3.6942687098462574e-07 4.19557136792064e-05 1.2014411451363512e-07 2.2758697974743674e-05 8.926024771639932e-08 0.0 9.915419558371998e-06 6.276498256157472e-06 1.1774839985766009e-06 5.609207110937414e-06 1.0415482115001515e-06 8.193888651484334e-08 5.16718250438661e-05 1.1288016628932528e-06 1.2487770834994792e-05 3.6570859705748464e-07 1.4386914828688607e-05 0.0017197245390852135 9.517810209635547e-07 1.7920538403064707e-07 0.0 0.0 0.0 0.0 2.2250441104043964e-06 7.5950808056135475e-06 2.2112782477763932e-06 0.0001899520580645742 2.6453693736206747e-06 1.1184662259516798e-06 1.3613449194514273e-06 2.0548213436722763e-06 0.0001903661247674877 2.4061342887243203e-06
2.6195842644485673e-07 0.0 7.021588862470219e-05 0.0 5.561453466655083e-07 0.00022544236133525928 5.855214827679876e-05 9.064612085374605e-06 0.0001731034470937742 0.0011611852223987365 0.0 0.0013649351837181371 0.0 2.99839932119481e-06 6.685365109648802e-05 6.447655523347507e-07 1.6667587695293758e-06 0.0 1.9619897098730938e-07 0.0017832427507840452 2.2310675005888114e-05 9.464366965077923e-07 4.3412159442665224e-05 0.0009953040905078161 0.0 9.022933653036662e-07 6.185172320435621e-06 0.0014138568519656723 6.413715177062699e-06 2.6646401937561256e-05 0.0 6.967307510308711e-07 2.8819533620131537e-06 1.0693711812430427e-05 1.8853086828434347e-06 5.554943906159173e-05 5.435291090265077e-07 2.9058241071388856e-05 8.470368086383303e-06 7.316300684257827e-05 2.515382633034061e-06 0.0 3.034531986611304e-07 5.8449361142846795e-08 0.0 0.0 1.7266589884110285e-05 0.0 8.381523004702267e-07 6.47692563255922e-07 2.784685053113439e-06 1.4972750501955018e-05 8.351610414586624e-06 1.3861232188248675e-07 6.891504893977643e-06 0.0 1.3838301133452278e-06 6.449811504302606e-07 1.9907850865379968e-06 0.0 0.0 0.0 1.171039433613594e-05 7.112284877400503e-08 1.8045728393843095e-06 3.7632905269235074e-07 5.478603147794559e-05 0.0 5.3023994029129506e-08 3.852336384133671e-07 1.6407667983414195e-05 1.547439663433094e-06 6.060284799199443e-08 0.0 1.907523447774486e-07 9.226991417701715e-07 2.1074089125699008e-06 0.0 1.371893597321603e-05 6.314707679147758e-08 8.016922165592579e-07 0.0 4.030855824701721e-05 0.0 0.0 0.0
5.1852075994996925e-08 0.0 7.614279659742451e-07 5.561453466655083e-07 0.0 0.00022966191199479588 7.098161114514775e-06 6.423564751509652e-05 8.512736790168016e-06 8.556677277945045e-06 8.26267104228295e-07 5.028357244262113e-05 0.0 1.8946251969977185e-05 0.0005927868883710182 0.0 4.5711306949222616e-07 1.257144278575835e-07 6.178194526275307e-07 6.255976523496054e-06 1.9216402650487e-06 0.0 1.1211921574732227e-06 3.969280110824863e-06 0.0 4.271393816735035e-06 2.2411517846127642e-06 2.8635954793689703e-06 1.4871719940778907e-05 3.1803843468451087e-06 0.0 0.0001014619520731403 2.9790902094295325e-06 5.5993093090844445e-05 0.0 3.982405062809633e-05 8.370317582562436e-06 0.00021458625813039443 4.503094797533147e-05 0.0015222586374724404 6.3869874615883365e-06 0.0 8.114916180396881e-07 0.0 1.82812978059804e-07 0.0 0.0 0.0 0.0 0.0 0.0 0.0 0.0 1.5113491215718693e-07 0.0 0.0 0.0 0.0 0.0 0.0 0.0 0.0 1.9008973738561948e-07 0.0 0.0 0.0 3.347292162628548e-07 0.0 5.165043226443285e-08 2.103072719946815e-07 0.0 0.0 0.0 0.0 0.0 0.0 0.0 0.0 2.519907872574106e-07 0.0 0.0 0.0 3.0540812784119235e-07 0.0 0.0 0.0
2.7477657774614136e-06 1.6515741513054093e-07 2.575093466400193e-05 0.00022544236133525928 0.00022966191199479588 0.0 0.0018051061841037133 0.0023692342776926835 1.8918994998905643e-05 0.0053324054643729465 1.6041658065208214e-06 0.0013036744387533283 0.0 0.00023891580266879083 0.00040983345177870366 2.9808402785873357e-07 5.528508173932189e-06 2.896812112666125e-07 1.5909841566410816e-06 0.00035609632065514716 1.3541472670889945e-05 2.344269324461428e-06 9.984521123697786e-06 0.00011095585330561047 0.0 1.3895163142172455e-05 1.5481909299773196e-05 0.0007345939126903959 0.00024968700391231574 4.605886260258558e-05 0.0 0.00018631913558047022 5.6791456800673485e-05 0.00022280988596848887 2.8135428258372104e-06 0.00023284174389717266 2.025193067033577e-05 0.0005059598718160963 8.948621755940286e-05 0.0008517919678170053 2.8734295402401172e-05 9.209036341061496e-08 4.730828389786695e-06 0.0 1.1545458758312155e-07 0.0 7.754355674538106e-07 6.754801356368735e-08 4.3067992687335316e-07 1.145987461755756e-07 8.30828161024066e-07 6.36496150284566e-06 5.9831375164261165e-06 2.567638548982011e-07 5.368369045992496e-06 0.0 1.1614362657848522e-06 8.622225934093217e-07 5.728236699478406e-06 0.0 0.0 4.3577843982353046e-08 9.367090625314902e-06 8.17076363259374e-07 1.412318707085311e-06 4.36786350659477e-07 2.7643641011114295e-05 0.0 1.8572029264742217e-07 9.899278071663952e-07 1.148285030580066e-05 8.510729571583109e-07 1.230243175381373e-07 0.0 0.0 3.969971720091123e-07 8.705649555567013e-07 0.0 1.1286224815070989e-05 4.5619845874000426e-08 2.0567955706025036e-07 0.0 1.8094264650687975e-05 0.0 0.0 0.0
7.6117239410862e-05 2.227737014753928e-07 0.000615494989716672 5.855214827679876e-05 7.098161114514775e-06 0.0018051061841037133 0.0 0.0031937222595957975 8.183257016177395e-05 0.003922767399590196 1.8647615039871175e-06 9.895566787153035e-05 1.9519083915463287e-07 0.0022122466117605504 6.723613745351718e-06 7.312026181293352e-07 4.056121973567169e-05 2.934040353585677e-07 2.3628899564319955e-06 0.00013899178247462742 0.0009630219680514755 4.554954243374449e-06 0.0006781040580059618 0.00014324473115842 0.0 2.3612569547669447e-05 2.9434147294194958e-05 0.00524216689218797 0.0003308098493704374 0.002575676999619029 0.0 2.3318284806798035e-05 0.00013280655636911266 0.0003793917914880592 1.8946375957035402e-05 0.0004048169949301282 1.1732008439847827e-05 0.0006374045139643688 0.0001300332079470547 0.0007151836022130555 3.1754792940376596e-05 0.0 1.143035033448185e-05 2.0674263815127143e-07 0.0 0.0 1.1039330745165324e-06 0.0 9.052188766041706e-07 4.2076096616204034e-07 5.7408378777688105e-06 2.015168566176798e-05 9.11644489124403e-06 3.7949645280648423e-07 9.605543456768398e-06 1.4155793993904288e-06 9.535053795196554e-07 1.9924288760005636e-06 2.7108007120762258e-06 0.0 9.48046136764339e-08 0.0 1.4552656314498082e-05 9.179797763347494e-07 2.5124584240357148e-06 6.1813536745294e-07 4.3209207352264515e-05 0.0 2.1798887759784505e-07 7.498526781823129e-07 1.8225963196427157e-05 3.073080536976384e-06 0.0 0.0 1.2990623068863325e-07 3.0827762199558222e-06 4.756931209382642e-06 0.0 2.571337916244271e-05 1.4899688639711874e-06 2.346777578150377e-06 0.0 5.866079283436413e-05 0.0 6.882609132340337e-07 0.0
0.0009851558848095866 1.624593844461495e-07 0.0006249841369207646 9.064612085374605e-06 6.423564751509652e-05 0.0023692342776926835 0.0031937222595957975 0.0 3.35456504267248e-06 0.0010900493541430413 3.710626256375122e-06 0.0001859775524229287 3.989549859857737e-07 0.003082244031003933 0.0001931418943626303 5.256750413095194e-06 0.0002246919144323875 2.2019404611083077e-07 6.297329680218529e-06 4.013667884933397e-05 0.00024619108474393836 2.26353564361316e-06 0.0002593952325169916 5.757918902870933e-05 6.686900900377281e-08 3.2354734329777916e-05 1.4964998469429677e-05 0.0003294112748031855 0.002056833613441316 0.0013972323303194784 0.0 0.00015442684008880772 0.000333766956346501 0.0003154306915156175 1.633342663005255e-06 0.0002750318150661277 1.643082774220146e-05 0.00035097599096106896 6.839749225832883e-05 0.0005416443582972656 7.983262066839525e-06 0.0 3.633646524640396e-06 0.0 4.9192285637620644e-08 0.0 1.7449324045264916e-07 0.0 0.0 0.0 1.9320392859065645e-07 1.7694963252328067e-06 1.0056630426893086e-06 1.0250999142426966e-06 6.786274132094745e-07 4.296815741459753e-07 1.8898055479819068e-07 5.1462237763431994e-08 6.475349191850095e-06 0.0 0.0 0.0 1.640650448693402e-06 2.058861215197881e-06 3.131933745964924e-06 2.9578327431369075e-07 1.435510680092332e-05 0.0 4.8186280898469554e-08 5.304148552566506e-07 6.89437409057572e-06 4.538833680321084e-07 0.0 0.0 0.0 5.128559034156904e-08 2.7170360874542535e-07 8.002027183315013e-08 5.563159127309281e-06 0.0 3.525096660227393e-07 0.0 3.6243339394922597e-06 0.0 0.0 5.783581660360623e-07
0.0 0.00042743360953336834 1.4024132027070276e-05 0.0001731034470937742 8.512736790168016e-06 1.8918994998905643e-05 8.183257016177395e-05 3.35456504267248e-06 0.0 0.00024041573674098545 2.8821865096168404e-07 0.00016441139889244798 7.942102657160893e-07 3.5215694734905925e-07 0.0002467609581213542 4.574744965025847e-05 8.8944378274247e-07 0.0 3.7998876248606516e-07 0.0007141850865834627 1.1904218653850271e-05 0.00293664213759748 2.0411989185771852e-05 0.003640000865742856 0.0 3.132886660186084e-07 0.0003086431415141518 0.0012119326761803784 3.3316705549421415e-06 1.8727573866720667e-06 0.0 2.8582801252166774e-06 7.388317685801059e-08 8.895369912704067e-06 8.254350988966177e-08 0.0001817799017697842 2.9462274633262675e-05 2.1806475958751948e-05 2.387892279401274e-06 6.156448349392699e-05 1.1521262063136295e-06 7.241100872024926e-07 2.8491031018304915e-07 8.125814791987302e-07 2.2866834962016022e-06 4.493623076980809e-07 9.548338918902335e-06 1.6079102488286065e-07 5.9947831719446745e-06 6.692573018232686e-06 2.3019273506258366e-05 0.00040437862237938614 9.723363509290818e-05 1.8156612555947651e-06 6.554962509649585e-05 0.0 1.213197827833469e-05 1.6705512032502464e-05 9.188026498447643e-05 0.0 0.0 6.18020591222712e-08 0.00016871936881637716 1.0500254483464337e-05 0.00012024189963522683 3.4290815566947164e-06 0.001169212449034104 0.0 3.2656260176493777e-07 4.710920791252223e-06 0.00018312982278815 1.9760474081542344e-05 1.3577819509762318e-06 0.0 4.871330521794953e-07 1.2493128857301439e-05 3.0686886342347835e-05 0.0 0.00011364194758960694 8.369420197716033e-07 2.81937052183874e-05 1.6922844719506384e-07 0.0005849103181306922 0.0 0.0 6.982980322148162e-07
3.5861600022626014e-06 1.7689089711738825e-07 0.00024088839284198743 0.0011611852223987365 8.556677277945045e-06 0.0053324054643729465 0.003922767399590196 0.0010900493541430413 0.00024041573674098545 0.0 1.7800885998382386e-06 0.00219128017788477 3.981672944448144e-07 0.00014574012833892878 6.135100573970307e-05 3.7608251900102326e-07 1.915750052229375e-05 3.7484346531743953e-07 3.912990886164912e-06 0.002551105383838149 0.0002055423613274066 9.927545842314416e-06 0.0001293728627014312 0.000629960541618393 2.0048343459011514e-07 2.4169881950441032e-05 4.038852741730294e-05 0.005112835727871724 0.0004979517531913895 0.00048029403638458657 0.0 2.9449072908197843e-05 0.0003363643826895346 0.0005915599192720561 1.6590777562763758e-05 0.00037022610936399445 2.5452410110733076e-05 0.0010390307353650948 0.00016764146558912563 0.0005877536514222733 3.617978151283481e-05 1.3976425155167281e-07 1.2055449896903478e-05 2.9346128535072546e-07 0.0 0.0 6.085670693564449e-06 7.672577886746629e-08 2.577680806136763e-06 2.2226742519711845e-06 9.509510697175551e-06 3.938223763183397e-05 4.605018827572528e-05 1.1857207006088615e-06 6.588014213481843e-05 3.923365995965874e-08 4.268504213456771e-06 5.3817648377571485e-06 1.829383847457688e-05 0.0 4.373228517923001e-08 8.172410926433019e-08 6.0907176712611224e-05 2.3075332116884284e-06 8.369005694670862e-06 1.6635544787468282e-06 0.00014445151641885454 1.0153182516962119e-07 1.9421782607016157e-07 1.0267309174658896e-06 6.329871599844062e-05 6.184697931223011e-06 1.7230846678073817e-07 0.0 5.507009185838358e-07 4.626141567944406e-06 1.0918207926901423e-05 0.0 5.709632175406986e-05 4.1205612991390306e-07 7.287646552127932e-06 0.0 0.00014273669425050127 3.3505967740873657e-07 5.655518475311162e-07 0.0
0.0 0.00047438939141722434 0.00012281958289600585 0.0 8.26267104228295e-07 1.6041658065208214e-06 1.8647615039871175e-06 3.710626256375122e-06 2.8821865096168404e-07 1.7800885998382386e-06 0.0 5.812192133797254e-07 0.0029102037698858336 2.8135176361563706e-06 0.0 8.822798817109766e-07 6.125696027741847e-05 0.001606839687467896 0.0013366538244759983 9.891711419877677e-07 3.5477583042245477e-06 2.4004750084111016e-06 2.2571349950413934e-05 4.428819712572413e-06 0.0010197829947942438 0.008160175798755791 0.004555530862497486 1.1734298017272528e-06 1.3696012657251548e-05 3.7692499602596484e-06 0.000854236553307035 2.8026169763998265e-06 1.5862671392959144e-06 0.0014041954849046217 1.1128496019537047e-06 0.00012646718584559738 0.005147160539049924 0.0036873825867514668 7.928617779641224e-05 1.652376327998103e-05 3.230060078614893e-06 0.0005906348048984619 2.4900057837495045e-06 0.0 8.128373124324526e-05 1.9748177176285322e-06 0.0 0.0 0.0 0.0 2.209877637590504e-07 0.0 6.325662408122096e-08 0.0006130850194180129 0.0 0.0014312521552308894 0.0 0.0 3.610744613787755e-07 5.39302700475376e-07 4.054385071473461e-05 3.1368992465082854e-06 9.262942179131268e-08 0.0 9.478356373790977e-08 1.4821291707251033e-07 2.3389977395007675e-07 0.0002385829168493941 9.255287244281673e-05 0.0007263764730014677 0.0 1.1004208563618136e-07 0.0 2.9925641566877202e-05 2.3561681198949895e-07 0.0 3.786375667743467e-06 3.527953911162946e-07 1.6052211921899975e-07 0.00014733575376628584 1.3000579137293409e-05 7.840111640250213e-07 0.0 0.0 0.0001124097720030337 0.0
1.3642229953824036e-07 8.066253016179853e-07 2.6875912250783596e-06 0.0013649351837181371 5.028357244262113e-05 0.0013036744387533283 9.895566787153035e-05 0.0001859775524229287 0.00016441139889244798 0.00219128017788477 5.812192133797254e-07 0.0 2.6327049113381118e-06 3.898545543439388e-05 0.0006385956577668749 6.059600972175175e-07 9.080958870151998e-07 2.628811706660135e-07 1.3622620164168606e-06 0.0038253422135808264 3.3330632921195284e-06 8.142284462785639e-06 3.1089197226819244e-06 0.00031133589614234516 0.0 8.120707387865117e-06 1.1220938876678242e-05 0.001134944916151429 9.756653769621726e-05 6.254300977592674e-06 0.0 1.9795275403462293e-05 1.123447436994716e-05 0.0001127917631419085 6.768667022698517e-06 0.0009415715758638777 1.4872130331706355e-05 0.00037726378511790376 6.838351598708212e-05 0.000951927084569038 1.650278008641571e-05 6.780497435429649e-07 8.06507014696848e-06 6.140604482137927e-08 0.0 0.0 3.457490749466839e-06 7.800583928355925e-08 2.7730572312417103e-06 1.4154769358351532e-06 4.285125499850935e-06 2.550494084400741e-05 5.3962978435712384e-05 8.956093034219944e-07 3.4030884209329206e-05 0.0 1.2550283256534408e-06 5.5432346619886755e-06 7.1270534969049994e-06 0.0 0.0 0.0 4.328259235908323e-05 1.568224196723707e-06 4.583171054546813e-06 2.2329549724902527e-06 8.860539717955988e-05 0.0 6.260075235401e-07 6.519813402413313e-07 4.580647503937783e-05 4.8264662834723725e-06 1.76668224758699e-06 0.0 0.0 2.549818880195307e-06 6.1213952924655274e-06 0.0 0.0001025961995808621 9.177669012346616e-08 2.713050458786731e-06 1.310807533270826e-07 0.0002246706160422362 5.942469469298221e-07 6.503875039324649e-07 4.4578890502013744e-07
0.0 0.00032995902803976116 9.107031075781295e-05 0.0 0.0 0.0 1.9519083915463287e-07 3.989549859857737e-07 7.942102657160893e-07 3.981672944448144e-07 0.0029102037698858336 2.6327049113381118e-06 0.0 4.4749562330154675e-07 0.0 3.143873943557287e-05 2.7964718979178193e-06 8.342473506053286e-06 1.0696830210466074e-05 0.0 1.2723479696068671e-05 3.98827194626702e-07 7.542895704121331e-05 5.377819647544833e-06 0.0028821333965098265 0.0009777444621840267 0.003911036558490593 5.566374266663446e-06 6.703618474257391e-07 4.325214610527492e-08 0.00011368662578814659 6.461190625925778e-08 0.0 0.00020310208144957732 5.437339769415064e-06 0.0013504904605451068 0.005284375508897364 0.0034451732704087515 0.00011025099500520007 6.081594213535893e-05 0.0 0.0003516581493988602 6.825914039293165e-07 0.0 5.012600211358164e-05 9.591022219424819e-06 0.0 0.0 0.0 0.0 0.0 6.317639042915237e-08 0.0 0.0003798434234617713 0.0 0.0017180385960473394 0.0 0.0 1.04141056842257e-05 5.254898168467137e-07 6.549488934072423e-06 6.665443775378293e-07 0.0 5.7091912407582815e-08 1.876267927619461e-06 1.3149479701476525e-06 1.1061632196063682e-07 0.00028541749045634 3.030237785734723e-05 0.0003259343600710103 0.0 0.0 0.0 1.3189716043331641e-05 0.0 0.0 7.023592023002672e-07 0.0 1.0374072237100488e-05 0.00014527575440214342 4.220417578405271e-06 3.511242375229204e-07 0.0 0.0 0.0001217722710779505 0.0
0.0016725374276983036 4.42428602385382e-07 0.0007885094394797773 2.99839932119481e-06 1.8946251969977185e-05 0.00023891580266879083 0.0022122466117605504 0.003082244031003933 3.5215694734905925e-07 0.00014574012833892878 2.8135176361563706e-06 3.898545543439388e-05 4.4749562330154675e-07 0.0 2.6514601926698447e-05 2.12640814350977e-06 0.000215088311403862 6.53888214471748e-07 6.489447587468323e-06 1.0432757038688098e-05 0.0002819191621591998 4.4874933775033807e-07 0.00034230229376978324 1.774612573565196e-05 0.0 3.30430487755234e-05 8.982353799389489e-06 0.00018875395236388694 0.004951566687433023 0.0030575419562302135 0.0 0.0002716834498065207 0.00047414859839614863 0.00021682969312891001 1.8001116731104586e-06 0.0001248764075040001 1.1262395791365407e-05 0.0002232732417772859 3.8320443562626e-05 0.00012869962745057673 2.402002316811524e-06 0.0 1.443545880463355e-06 5.586624481163946e-08 1.9775170190441205e-07 0.0 0.0 0.0 7.368547949762352e-08 0.0 2.259652809996008e-07 1.8568027645382736e-07 3.427405332015665e-07 2.0350211574412828e-07 8.849786424738504e-08 0.0 1.7057782560331587e-07 0.0 1.3632715886746518e-06 0.0 0.0 0.0 9.027101769753913e-07 3.4385576557447664e-07 1.495414298377255e-06 0.0 2.768111904542694e-06 0.0 5.368983349813358e-08 5.796158071231795e-07 3.8728971306106566e-07 4.3571719215838336e-08 0.0 0.0 0.0 0.0 1.791803403655038e-07 0.0 1.1834396907538144e-06 0.0 5.180222386837297e-07 0.0 2.4493610438838764e-06 0.0 0.0 0.0
0.0 1.014705017341667e-06 8.38366927758673e-07 6.685365109648802e-05 0.0005927868883710182 0.00040983345177870366 6.723613745351718e-06 0.0001931418943626303 0.0002467609581213542 6.135100573970307e-05 0.0 0.0006385956577668749 0.0 2.6514601926698447e-05 0.0 9.381331074474018e-07 9.036784780938712e-08 0.0 5.676110398112549e-08 0.0003777867843134435 3.647736033032985e-07 1.224200643723052e-05 1.6272563420288123e-06 0.0006252336964460418 0.0 5.914203198268426e-08 2.2998825298419718e-06 0.00011631716112723074 5.748226915272533e-06 2.1920358612380688e-07 0.0 0.00037560215413155214 0.0 5.399872477122042e-06 0.0 0.00023057888607420834 4.3312189338243965e-07 1.7296569527001605e-06 1.3111342137940785e-07 0.0009857277217883312 2.975116059963581e-05 0.0 0.0 0.0 0.0 0.0 7.839102869105571e-08 0.0 5.4744927135916414e-08 4.381162300526845e-08 2.3203456944235904e-07 3.831412149338792e-06 2.117343781099397e-06 3.5407739314651465e-07 1.617195631647112e-06 0.0 0.0 8.789980763254115e-08 4.016157945066557e-07 0.0 0.0 0.0 3.4979736289596573e-06 0.0 4.2635933425157697e-07 0.0 5.605795016140456e-06 0.0 0.0 0.0 1.5539380604370485e-06 0.0 0.0 0.0 0.0 1.0711537069277301e-07 5.509546504543666e-07 2.4749124647995827e-06 1.2276493067699814e-05 0.0 3.9237337976663707e-07 0.0 3.9172207580505116e-05 0.0 0.0 0.0
2.2340606783255558e-07 5.9515790799997665e-05 7.576203817436283e-07 6.447655523347507e-07 0.0 2.9808402785873357e-07 7.312026181293352e-07 5.256750413095194e-06 4.574744965025847e-05 3.7608251900102326e-07 8.822798817109766e-07 6.059600972175175e-07 3.143873943557287e-05 2.12640814350977e-06 9.381331074474018e-07 0.0 1.5959598861759413e-06 0.0 1.102484736929722e-06 2.2479739220941893e-07 0.0023883208200679625 0.0006129880103106525 0.0012698540458470743 0.0012621256004053205 1.2978959879622069e-05 1.1591476433817332e-06 0.002721648035676913 0.0002605219942715426 3.9885859352637836e-06 6.455003072661557e-07 5.3910040954010254e-08 1.5263344362627872e-07 1.44594522617453e-06 8.709443035470619e-06 1.2658809154641324e-05 0.0009582559926259021 0.00016233822620526688 0.00010952550333720866 0.00021878318466802158 1.343941081268822e-05 2.886626318135294e-06 1.764498173211874e-05 7.5405401781153285e-06 0.0 1.367233474400641e-05 3.878884058307821e-06 6.834862946697643e-08 1.1449824396627788e-07 1.4326712075544263e-07 2.4970480497594027e-07 5.354024673121138e-07 5.312940368786529e-05 6.574881407036509e-07 2.9889695627912008e-05 8.451893848960823e-07 1.4171076328200208e-05 9.174903238271765e-07 5.867515744816815e-07 0.0011867695731847512 5.353492086787529e-06 2.4339571929574664e-07 1.2465130967068275e-06 6.301144044313106e-07 6.971174728139072e-05 0.0007851676523200393 0.00018875195389440468 0.00015549172007347842 8.3084920306985e-08 5.313188384339855e-08 0.0003348622212702266 5.5052912685476634e-05 9.83996499610506e-07 1.258014334808758e-07 0.0 0.0 2.2751097159230778e-07 5.075017730193123e-06 1.1417807657182948e-05 0.00025252257333423445 2.4191968845085605e-06 2.5279973371136107e-05 5.146441900115622e-06 3.4636897669364255e-05 3.0517965037197276e-06 1.3185514670552915e-05 1.4249591414984147e-05
3.145415214215396e-05 2.0196752786927732e-06 0.005074464318118227 1.6667587695293758e-06 4.5711306949222616e-07 5.528508173932189e-06 4.056121973567169e-05 0.0002246919144323875 8.8944378274247e-07 1.915750052229375e-05 6.125696027741847e-05 9.080958870151998e-07 2.7964718979178193e-06 0.000215088311403862 9.036784780938712e-08 1.5959598861759413e-06 0.0 5.8769823019384136e-05 0.0010885662364421046 4.682624756698557e-06 0.0001648211321612511 8.666327962587071e-07 0.0011483028159391102 1.2744291771076748e-05 7.016811724937864e-07 0.001696385326409014 0.003839638454086598 1.4116599951554836e-05 0.00012037881844338254 0.00045481110941553637 1.580377331768806e-07 1.2841186500790028e-06 1.8490722050023387e-05 0.0004517871419644945 5.491897741210214e-06 8.038339287026354e-05 2.537675111070549e-05 0.00018165351645899652 2.9017322366612798e-05 9.034753899918224e-06 2.27989978058022e-06 2.079450892514635e-07 9.937301111537155e-07 0.0 3.75453417475908e-06 4.4572868735760657e-07 0.0 0.0 0.0 0.0 0.0 1.1642661012867853e-07 0.0 5.813966500756238e-07 0.0 0.0 0.0 0.0 1.940061861839391e-07 1.2534128277186724e-07 0.0 4.464186825584641e-08 0.0 0.0 3.855700270072547e-07 5.5662276669041144e-08 2.6019258364545557e-07 1.7671097026190825e-07 7.218388327745226e-07 1.16700391809139e-05 0.0 0.0 0.0 0.0 5.4336951387017976e-08 0.0 0.0 5.911423848680169e-07 1.185415172629758e-07 3.7470038572030216e-07 4.742526681990674e-08 0.0 3.3432953578406845e-07 0.0 8.386156595781892e-08 1.0981415908023841e-07
0.0 6.0711687618637695e-06 8.432221193628468e-07 0.0 1.257144278575835e-07 2.896812112666125e-07 2.934040353585677e-07 2.2019404611083077e-07 0.0 3.7484346531743953e-07 0.001606839687467896 2.628811706660135e-07 8.342473506053286e-06 6.53888214471748e-07 0.0 0.0 5.8769823019384136e-05 0.0 0.00026557675015333594 0.0 1.1842618459455294e-07 4.9432074982315616e-08 1.566354457836656e-07 4.796140054566628e-07 3.366636124788859e-06 0.005256956901630515 0.0007918766103515375 9.372872661418844e-08 4.982750699628794e-06 6.405235043186073e-07 8.97150593811954e-07 6.582467553891461e-07 1.586975702168455e-07 0.0001021228399604486 2.964694139108853e-07 8.229981490133005e-06 5.5217391198652855e-05 0.00011224056533980201 1.944570735387675e-05 3.0594541430168063e-07 4.04755723937987e-07 1.9970393216191e-06 2.6217113185102697e-07 0.0 6.8026598399211956e-06 5.7260588161688214e-08 0.0 0.0 0.0 0.0 0.0 0.0 0.0 1.509425636280104e-05 0.0 4.0963318727689175e-06 0.0 0.0 0.0 0.0 2.9644926848040578e-06 2.2998995505365451e-07 0.0 0.0 0.0 0.0 0.0 3.4718981813872578e-06 6.188535476296016e-06 4.4603311402318475e-05 7.931172474609053e-08 0.0 0.0 4.118588153514232e-07 0.0 0.0 1.5915087397359694e-07 0.0 0.0 1.8000783775852754e-06 7.637665336383243e-07 0.0 0.0 6.675534564993481e-08 1.332151081736122e-07 0.0
5.057359846798195e-07 2.246858397689886e-06 0.0007399301818271925 1.9619897098730938e-07 6.178194526275307e-07 1.5909841566410816e-06 2.3628899564319955e-06 6.297329680218529e-06 3.7998876248606516e-07 3.912990886164912e-06 0.0013366538244759983 1.3622620164168606e-06 1.0696830210466074e-05 6.489447587468323e-06 5.676110398112549e-08 1.102484736929722e-06 0.0010885662364421046 0.00026557675015333594 0.0 1.2498726929413214e-06 4.119948660686383e-06 7.427602301292444e-07 2.7968939057751563e-05 6.1349748311719955e-06 1.9882117729903096e-06 0.006571178151277593 0.001866860316801723 3.900354419432385e-06 1.305005837139934e-05 9.88336093610047e-06 6.682551092777082e-07 1.7537503555830122e-06 2.380149181458012e-06 0.00043937746048186896 1.6842695914396573e-07 2.023264618786676e-05 0.0001847349997967795 0.0001666560871456602 1.725912560511277e-05 1.6239810639395203e-06 2.633650943089683e-07 4.469076090148923e-06 2.520596553633694e-07 0.0 2.5965203235291993e-06 5.460500976520185e-07 0.0 0.0 0.0 0.0 0.0 0.0 0.0 2.095383525473801e-06 0.0 9.523459438543927e-07 0.0 0.0 2.8539949433744995e-07 0.0 2.697176966131037e-07 2.3689650933953564e-07 0.0 0.0 4.500670741625109e-07 0.0 5.893824892484725e-07 1.7839678067411978e-07 1.0598499925458986e-06 1.3089242539930612e-05 2.1929301876475809e-07 0.0 0.0 4.7836352308504645e-08 0.0 0.0 8.127082918579983e-08 7.79866678172394e-08 6.905715287581493e-08 1.4458445937350163e-06 2.2061875446927966e-07 5.52390837167402e-08 0.0 0.0 3.5323200961993767e-07 0.0
1.529215365419402e-07 7.44280364028685e-07 9.505412411478587e-05 0.0017832427507840452 6.255976523496054e-06 0.00035609632065514716 0.00013899178247462742 4.013667884933397e-05 0.0007141850865834627 0.002551105383838149 9.891711419877677e-07 0.0038253422135808264 0.0 1.0432757038688098e-05 0.0003777867843134435 2.2479739220941893e-07 4.682624756698557e-06 0.0 1.2498726929413214e-06 0.0 3.918255220459646e-05 2.2844393375512672e-06 3.578575677052123e-05 0.0015647720754844302 0.0 3.880189095300764e-06 9.733537402753101e-06 0.002678198097999556 3.117415912760256e-05 7.79629131905044e-05 0.0 4.488278006661083e-06 1.1789024017617078e-05 5.238107611600882e-05 5.831756023221158e-06 0.0003680390607872631 1.0922901025296945e-05 0.0001568561610150466 3.2364215002671e-05 0.00047608631872265354 8.270330433768386e-06 0.0 4.219894822479774e-06 9.544249705910404e-08 0.0 0.0 4.114306823329346e-06 2.1131521045521936e-07 2.8448720839189928e-06 2.0596456115197425e-06 1.1326685448875117e-05 5.6609830062025157e-05 5.334054583814911e-05 1.716408991962336e-06 5.9134550679045834e-05 5.041490268941717e-07 4.200467469571253e-06 6.300152435932361e-06 7.927431086791784e-06 0.0 4.254428568662614e-08 0.0 8.589335115485698e-05 1.7176189964150467e-06 4.424390050171686e-06 1.6041957949877965e-06 0.0001691322203806103 0.0 2.625876080812866e-07 1.0276853865568993e-07 6.935011509135397e-05 1.1580739307694551e-05 4.7591184061258414e-08 0.0 3.317098050303589e-07 6.450507265150292e-06 1.4925130785637378e-05 3.373518239204234e-07 0.0001043835151131563 2.4766513933543764e-07 7.850350347712378e-06 5.706317651850193e-07 0.00026660972869965927 0.0 3.020018499938748e-07 2.541142517007997e-06
9.452857031938583e-05 3.5704837815485895e-05 0.0001115720893955956 2.2310675005888114e-05 1.9216402650487e-06 1.3541472670889945e-05 0.0009630219680514755 0.00024619108474393836 1.1904218653850271e-05 0.0002055423613274066 3.5477583042245477e-06 3.3330632921195284e-06 1.2723479696068671e-05 0.0002819191621591998 3.647736033032985e-07 0.0023883208200679625 0.0001648211321612511 1.1842618459455294e-07 4.119948660686383e-06 3.918255220459646e-05 0.0 0.0002121014394161419 0.005484043852890335 0.0012209576820368779 1.3526875501437787e-06 9.878147481172519e-06 0.0007317871100162 0.0032346626381190313 0.00022284539184574246 0.007945301727120638 0.0 5.93461248700439e-06 4.903004490181415e-05 0.0016279112484502 0.00019236972717106432 0.004860532056924803 0.00031309844533671395 0.0036893289412761664 0.002559440758175481 0.00011619204215533005 5.732813986116165e-05 6.489546203312677e-06 3.7207520242477385e-05 1.6832632670445217e-07 8.136121369123769e-07 3.181646352617642e-07 3.2202983649696526e-07 0.0 2.8464508253619324e-07 5.276673489293498e-07 3.0674221090791236e-06 3.3490783177898875e-05 3.780573406492365e-06 1.486965029851054e-05 3.6392132349483726e-06 2.5017123909554463e-06 2.49253779458692e-06 1.0553843984447089e-06 0.0005299231177928525 7.555918527597654e-07 0.0 1.8827433606953554e-07 4.2521045512653775e-06 9.023003414995471e-05 0.00015196125443582076 5.095798799754631e-05 0.0002363119953411588 0.0 3.7688070394028326e-07 1.1538273053585434e-05 0.00010535940273761094 2.1257471699151943e-06 2.0164980402777883e-07 0.0 1.3235681212381613e-07 2.3275404008206858e-07 5.112544490338344e-06 3.5757704223061115e-05 0.00016928439032700565 2.9140975494828567e-06 8.989045126538655e-06 7.913296404299778e-06 6.34928933031818e-05 1.4973438168797474e-06 4.503053915111298e-06 3.1074466689786953e-06
0.0 0.0009388428585956808 5.385628184198369e-06 9.464366965077923e-07 0.0 2.344269324461428e-06 4.554954243374449e-06 2.26353564361316e-06 0.00293664213759748 9.927545842314416e-06 2.4004750084111016e-06 8.142284462785639e-06 3.98827194626702e-07 4.4874933775033807e-07 1.224200643723052e-05 0.0006129880103106525 8.666327962587071e-07 4.9432074982315616e-08 7.427602301292444e-07 2.2844393375512672e-06 0.0002121014394161419 0.0 0.00011473963576615417 0.0024984178569554057 6.179757762429818e-07 1.2801916526332e-06 0.0018988828712111767 0.00012242710953889717 2.119454524813158e-06 6.985779245732503e-08 0.0 5.868926572155092e-07 2.252082203946813e-06 5.3090154412118835e-06 4.956694060456657e-07 1.8642138535692702e-05 1.6368467319055584e-06 2.010683507393984e-05 4.454576332898213e-06 2.0659288966209935e-05 0.0 1.395576038237243e-06 0.0 0.0 0.00013833674454045378 1.3948843026871377e-05 9.615950516382312e-08 0.0 1.2130081534436516e-07 3.1810522265874945e-07 2.8393867556568065e-06 0.00014153436081528243 2.551578724512039e-06 2.4190837736465476e-06 9.116135432680229e-07 0.0 2.7052148381946695e-06 1.5517623555238044e-06 0.0010951478501909152 7.492372137339816e-06 5.385528783026348e-07 2.81535834949077e-06 1.973062727347118e-06 5.720300735715761e-05 0.00042882021828200885 0.0001406957940551771 0.00031319879340868526 3.5744098705399775e-07 8.110885989317322e-07 0.0009626060424582466 6.255762910424745e-05 1.9962418983292847e-06 3.598816907246276e-07 0.0 9.390631327215353e-08 1.7480661539421253e-06 1.0687649469599182e-05 6.281622708598823e-06 8.086611131544454e-05 3.0051395162458797e-06 1.6350522798955593e-05 2.5590691639974586e-06 3.863996466792322e-05 1.66388138026681e-06 4.437461927818582e-07 1.316113696326977e-06
0.00015814626974202617 4.0806641162296616e-06 0.0024269627512160915 4.3412159442665224e-05 1.1211921574732227e-06 9.984521123697786e-06 0.0006781040580059618 0.0002593952325169916 2.0411989185771852e-05 0.0001293728627014312 2.2571349950413934e-05 3.1089197226819244e-06 7.542895704121331e-05 0.00034230229376978324 1.6272563420288123e-06 0.0012698540458470743 0.0011483028159391102 1.566354457836656e-07 2.7968939057751563e-05 3.578575677052123e-05 0.005484043852890335 0.00011473963576615417 0.0 0.0007410384923852031 6.478561197786342e-06 6.518194880769716e-05 0.0021002793789963903 0.0016373045627448048 0.00021543992939346277 0.0019535520989638596 0.0 1.7061348618814631e-06 1.5795855521829808e-05 0.0013039035632259916 0.00013466447642997546 0.008084800713452066 0.002791586603086226 0.004415991994549607 0.004546401814652085 0.0002535984091765413 4.964460478290569e-05 1.8606180520834762e-05 6.407287863262285e-05 0.0 3.9611539059736475e-05 1.791253650611161e-05 1.8735619726237542e-07 0.0 9.481335094000577e-08 1.0403097458257242e-07 1.2811967615463211e-06 1.889974378433723e-05 1.3632588063816483e-06 2.1648766015028342e-05 8.566922804734874e-07 3.910437150559673e-06 1.9908022769264884e-07 8.684112082471221e-07 0.0006094802581999208 9.465982656384831e-06 1.5952565285656647e-07 1.2243098788549143e-06 2.5333800700117578e-06 2.208296366524281e-05 0.0005001449733030685 9.974910722961781e-05 4.639300756663647e-05 6.992544113489917e-08 3.936785154188347e-07 0.0008854983871689398 1.8618222372187244e-05 5.780593863499617e-07 1.6035525090243538e-07 0.0 0.0 4.1251048340512166e-07 2.273817358617513e-06 0.00012727610714143798 0.00022770752535775947 2.205155937482485e-05 1.0404772013621709e-05 9.751933490206973e-06 2.0512256980681038e-05 3.1845608259207613e-06 9.351557842528436e-06 6.4100167178602196e-06
1.143918869221856e-06 0.00017588479372687547 0.00024660275093104197 0.0009953040905078161 3.969280110824863e-06 0.00011095585330561047 0.00014324473115842 5.757918902870933e-05 0.003640000865742856 0.000629960541618393 4.428819712572413e-06 0.00031133589614234516 5.377819647544833e-06 1.774612573565196e-05 0.0006252336964460418 0.0012621256004053205 1.2744291771076748e-05 4.796140054566628e-07 6.1349748311719955e-06 0.0015647720754844302 0.0012209576820368779 0.0024984178569554057 0.0007410384923852031 0.0 7.077865741700341e-07 4.407185178502116e-06 0.00273784469372923 0.005125454859849648 3.0734784396154056e-05 3.276240275509881e-05 0.0 2.661860745508612e-06 1.9985267278760264e-05 5.4341022624293755e-05 1.6795625339435434e-05 0.0006767623232727758 1.323314945805826e-05 0.00012234498723298927 4.029942814202606e-05 0.0002774107089111788 5.152500138721885e-06 8.504568537926477e-07 4.016035556288257e-06 5.515998898710466e-07 6.711365281788623e-06 1.872839861862396e-06 7.683328489723565e-06 4.2961996341477195e-07 7.1853754573794226e-06 7.896236869551092e-06 4.077891686996146e-05 0.0003471365235697182 8.720459583544507e-05 3.1230444958384154e-06 4.8910262397146204e-05 5.983826126451042e-07 1.8195204532170156e-05 8.966031209807649e-06 0.00030340958745453454 5.52988672785516e-07 3.2250016489466033e-07 5.4213946974971015e-08 0.0001333222448034011 5.0580859501022614e-05 0.00022929821556507153 1.8914403523488548e-05 0.0010490206224433034 0.0 9.784876667675452e-07 2.7637347635933776e-05 0.0003200166667562333 3.6462970025656e-05 5.559330516818363e-07 0.0 1.346513379020826e-06 1.7259370122208932e-05 4.729601178370738e-05 2.080697921812346e-06 0.00021905896946284198 2.660744644934263e-06 3.727190368942073e-05 9.275178018256167e-07 0.0004215392511824022 1.4880030270239565e-06 1.8819467621969065e-06 2.1039526263197003e-06
0.0 0.00013966167223357435 6.100149478225488e-05 0.0 0.0 0.0 0.0 6.686900900377281e-08 0.0 2.0048343459011514e-07 0.0010197829947942438 0.0 0.0028821333965098265 0.0 0.0 1.2978959879622069e-05 7.016811724937864e-07 3.366636124788859e-06 1.9882117729903096e-06 0.0 1.3526875501437787e-06 6.179757762429818e-07 6.478561197786342e-06 7.077865741700341e-07 0.0 6.955001244656272e-05 0.0024528375657746323 1.0071367001871748e-06 1.236153417213258e-07 0.0 3.780519847540234e-05 0.0 0.0 5.082628389137155e-05 2.785666119950167e-05 0.00012060405729234541 0.00016193656643635735 0.00015757864617248958 0.00012061094949762935 1.5917714373649052e-05 6.4570781609207646e-06 0.0002996260689587992 3.0615430909280792e-06 0.0 7.092632157551732e-05 2.5222300675375944e-05 0.0 0.0 6.410833758556182e-08 0.0 0.0 1.977560508043471e-07 0.0 0.00025114627077993254 0.0 0.000827767599332259 6.351325258746123e-08 0.0 2.5970226609354e-06 8.15702087201675e-07 2.2633766210751444e-05 1.465248039533005e-06 0.0 0.0 1.6143301249051489e-06 0.0 4.952274994059855e-07 8.35781596566668e-05 3.006941980965886e-05 0.0006801689906110446 0.0 0.0 0.0 9.120520347189518e-06 0.0 0.0 1.395600766192772e-06 6.07386433790591e-07 7.35586008945101e-06 3.601262639381785e-05 7.112781271573216e-06 2.0849410827048794e-07 0.0 1.513874798485151e-07 2.436215144960843e-05 0.0
