0.0 1.7407202152351694e-07 2.6648784754423445e-05 1.9274695194168243e-06 0.0 1.108407548498889e-05 0.0010450892624235028 0.00019789683331384057 9.443475676350418e-06 3.413237207652312e-05 2.8969301940524426e-06 6.185130208177882e-07 7.905480686814898e-07 0.0019473021427428474 1.0425949220803785e-07 2.0313472108993303e-06 0.00014644696286759544 2.2613956594701855e-06 1.5619684263457467e-05 1.331866390123306e-06 0.00011051258394043319 3.902094154569477e-06 0.00020205044155890801 0.0001136667143003136 1.309624499690677e-07 2.1544570355146053e-05 2.0598047979758548e-05 0.00010991664892913601 0.0021681176427383164 0.002185928243391874 0.0 2.2981133739352487e-06 5.986743775076013e-06 5.851035833869613e-05 1.1450895678220764e-06 4.503322083342891e-05 1.9438969792978272e-06 3.3871314852563944e-05 8.120942156676017e-06 1.0844697962836816e-06 3.8791658977612714e-07 6.645275996869489e-08 2.3539695576678914e-07 1.5824401734981847e-07 2.1680396065283325e-07 6.439791580999664e-07 2.6303496098032574e-07 0.0 0.0 6.864064348233099e-06 6.918888921180124e-08 4.877363027941275e-06 4.047224478756253e-07 1.3273134092490375e-07 0.0 0.0 6.784636265249365e-07 0.0 1.1466952255663638e-06 0.0 0.0 7.534091999661178e-08 0.0 3.20606833665254e-07 3.231314209752806e-06 6.865796054647758e-07 1.8469867271185723e-05 0.0 3.2246272700114215e-07 8.368730552410775e-07 2.100912759474279e-05 4.85419129469965e-07 9.923815761590716e-07 0.0 0.0 7.807448589546845e-08 7.800756518531374e-07 0.0 3.951609624286824e-06 0.0 5.368047582905714e-07 8.991345960371164e-07 4.0301096390845057e-07 1.0151504470648979e-07 0.0 0.0
1.7407202152351694e-07 0.0 0.0001366015190177882 0.0 0.0 1.3153091168033695e-07 1.4244846217954407e-06 2.5910305686548525e-07 0.00019002392994898652 2.8172852723217763e-07 5.580308276796011e-05 3.7939269655709177e-06 0.0005460927170360336 3.2706216906313487e-07 1.2039489225731025e-06 2.079256949044407e-05 3.188799124502864e-05 5.781549448151766e-07 4.4339312058141274e-05 0.0 1.648891044204213e-06 0.001524351435557848 3.648343346740548e-06 0.00031355306294074707 0.0012067446178239813 0.00022116260397190464 0.006516466912337851 3.505745125185607e-06 1.786040279137104e-07 7.889038644760885e-07 2.074079468268523e-05 0.0 8.605973886416282e-08 1.1940443121753513e-05 0.0 1.9743455493278743e-05 4.466208580730177e-05 0.00011031831665938732 8.197808261915598e-06 6.581492508256316e-06 1.2979328985587573e-07 5.5844304104019475e-05 0.0 0.0 4.174237011041221e-05 4.2166656194196097e-05 0.0 0.0 0.0 9.243919285242868e-07 0.0 7.210467999759916e-07 1.589950634582065e-07 1.48469506990314e-06 0.0 4.734514112235833e-06 0.0 0.0 8.675150247798946e-07 5.268043829107529e-06 9.957579590947943e-07 6.187575936655358e-06 0.0 0.0 1.0556274915884644e-05 1.1193118993801663e-06 2.088865876995119e-06 6.825660705288345e-06 8.14448874347584e-05 0.0005997453211461628 3.7151816584465744e-07 5.7812437269332944e-08 0.0 2.9111979515696966e-06 0.0 0.0 2.49141085793522e-06 5.942622984850217e-07 4.593849615218837e-06 5.109121979163259e-06 2.698712602337463e-06 1.7313287455444614e-06 0.0 0.0 1.1312521128051813e-06 0.0
2.6648784754423445e-05 0.0001366015190177882 0.0 3.903610008138835e-06 0.0 3.821163223205342e-05 0.0011948870096760702 8.72917714149027e-05 5.601178368103408e-06 5.1898041455341855e-05 8.892585015831058e-06 1.0725771721012839e-06 1.9209295551397563e-05 0.00012036664205303757 0.0 2.5818582781957003e-05 0.004035981920936268 2.6343972372177194e-05 0.00018220241248808843 2.6882726468936247e-06 0.0006681802782586987 7.432802038590633e-06 0.006384232921832282 0.00012919794877006544 2.6422150918843787e-06 0.003647626553234863 0.0028736111069299405 0.0004943216702718256 4.121460870682359e-05 0.000232471972658845 3.7252410650306775e-06 2.31065390057271e-07 7.205531594861611e-06 0.0005775766121787878 2.714198505063818e-05 0.0013130070855159515 0.00133054387617034 0.0012288615481592159 0.0003541648832992641 6.293394840942643e-05 4.649244860131027e-06 1.7271515839534354e-05 1.114948027737601e-05 1.4046130039733302e-07 0.0004153018890999998 0.000310367009608699 2.2152509049005605e-07 0.0 2.2396322523215138e-07 6.899829090178266e-06 1.4573061997398445e-06 3.0443217317866064e-06 3.7471778808128836e-07 1.0314384683556609e-06 5.481320527189851e-08 1.2098523685783514e-06 1.5402210224441175e-07 0.0 5.379116227186716e-06 6.179656806045777e-05 3.754158495430443e-06 4.910249116410255e-05 0.0 2.2334838945934907e-06 8.343221988342075e-05 7.142439594726924e-06 1.8811322677823443e-05 2.0499516837425472e-06 0.00032568961957963195 0.0017072518994560816 1.1870104354830254e-05 6.627186765391632e-07 1.0862343859570382e-06 2.268280435277695e-06 0.0 0.0 1.7604871289280195e-05 1.695606608765233e-05 3.3812205743708157e-05 3.7748133965101536e-05 3.676797473990174e-05 9.904365110009763e-06 1.2745531996849123e-06 2.3964535723424616e-07 3.7928677724674775e-07 0.0
1.9274695194168243e-06 0.0 3.903610008138835e-06 0.0 0.0 6.536297507581674e-05 0.0001237471131009642 3.343633584473357e-05 0.0004877467763252539 0.0009833781222994568 1.9596337898631294e-06 0.002187681805640809 5.638311468147821e-07 1.8610397598454235e-05 8.277250161278982e-06 2.8347334384577625e-07 7.601686974822114e-07 3.0927429332302705e-07 2.6814216531202617e-07 0.0022601459386931404 8.940054313197057e-07 9.820320393590888e-08 1.6565325155657554e-06 0.0010752019642798713 0.0 1.1984411578712813e-06 1.8858001758979836e-06 0.002410787967703228 3.431093216073746e-05 1.6325752159017685e-06 1.1841795221153382e-07 3.0397756063678888e-06 5.646666943229828e-06 1.9544390709410857e-05 3.3143652106935423e-06 3.689015289801927e-05 1.4976068458258493e-06 4.0211906285894894e-05 9.61697636558395e-06 6.378898915098752e-05 3.526340986348414e-06 0.0 1.4721315098521428e-06 1.840566600790133e-07 7.583688813141754e-08 2.912446240606632e-07 0.00011942333368029378 0.0 1.2690453565695194e-05 4.2781374410838897e-05 3.778602596636829e-06 7.510492972524134e-05 6.194858576048102e-05 1.4681947633553206e-07 2.764941025662657e-05 0.0 2.8267062869623964e-06 7.196914282647839e-07 1.1588620267005186e-07 0.0 0.0 0.0 5.2551434804726016e-05 0.0 3.559270073426867e-07 0.0 0.00014905331114690917 0.0 1.1898144314432968e-07 3.5635930915984934e-07 0.0002001994211220962 1.4456307857370863e-06 2.4844346087983856e-07 0.0 4.939521264588374e-08 6.401735823764212e-08 1.0473579321019171e-06 0.0 1.2088138748236467e-06 6.050916713177167e-08 9.641037758118187e-07 2.3685301325561782e-07 1.871837039057842e-05 8.24800538402303e-08 0.0 0.0
0.0 0.0 0.0 0.0 0.0 9.196406962670976e-05 7.119638670554006e-08 1.3309471037987428e-05 1.1840397717050467e-05 6.718823983667146e-07 4.641144692302052e-07 5.324996949926651e-06 0.0 1.4994832000598454e-07 0.0009125475215717487 0.0 0.0 0.0 0.0 9.346007106699874e-07 0.0 0.0 0.0 0.0 0.0 1.0546439240187733e-07 0.0 2.3779116973746507e-07 7.573856657342961e-05 9.232680832015696e-08 0.0 3.550197826762876e-05 0.0 5.750447727460047e-06 0.0 4.590828473277172e-06 8.737519760873521e-08 1.591162561732484e-05 4.518810459077392e-06 0.0007954447653367808 1.5509875268516553e-06 0.0 2.4380142328164695e-07 0.0 0.0 0.0 0.0 0.0 0.0 0.0 0.0 0.0 0.0 0.0 0.0 0.0 0.0 0.0 0.0 0.0 0.0 0.0 0.0 0.0 0.0 0.0 0.0 0.0 0.0 0.0 0.0 0.0 0.0 0.0 0.0 0.0 0.0 0.0 0.0 0.0 0.0 2.443486674726242e-07 0.0 0.0 0.0 0.0
1.108407548498889e-05 1.3153091168033695e-07 3.821163223205342e-05 6.536297507581674e-05 9.196406962670976e-05 0.0 0.0024930997585323198 0.004099683929504801 5.209788790788145e-05 0.0035970687278279066 7.418233152780848e-05 0.002578282020633579 1.471413112678859e-05 0.0002867801285803203 0.0006100499561292306 2.161497484273083e-07 1.2608507226265603e-05 9.949623013960043e-06 6.646554555379394e-06 0.0003445375930223211 8.375652265137662e-06 1.5631046247866645e-07 1.596850337398879e-05 0.0001228152047500903 2.526571769521175e-07 1.919670581680457e-05 1.165760423541586e-05 0.00031981828625695307 0.0004204679010518361 6.590075240543453e-06 1.182921351134113e-06 0.00041158339946872696 5.839909886234261e-06 0.00030269650762607846 6.810765033898471e-06 0.0001751803059480341 9.880489209136078e-06 0.0002726784576504898 7.264319010433886e-05 0.0015192761480031848 0.00026727784158205324 2.783838742795242e-06 3.308221071707397e-06 7.384410579277209e-07 4.6003070875011904e-07 3.1029811777852806e-07 1.2721129587817903e-05 0.0 1.6483746105857112e-06 4.1997956561616014e-05 9.877461372234476e-07 1.4296182923125996e-05 5.093483974284088e-06 0.0 2.017348760438318e-06 0.0 1.8393685193671326e-06 0.0 5.855259260385154e-08 0.0 4.744765797152195e-08 8.015799411243198e-08 3.5415825074460826e-06 0.0 2.1421707398924382e-07 1.407522927039447e-07 4.372899038958968e-05 0.0 1.828375308025142e-07 1.5759869245432982e-06 5.955395896756989e-05 1.825810409260796e-06 7.886301919391209e-07 0.0 0.0 1.1123462246115615e-07 6.28710050098888e-07 1.0895215470876337e-07 3.172313407923559e-06 2.3018233859840826e-07 1.1764352235061133e-06 1.1182409992680155e-06 1.3087379906977093e-06 2.4760568294114936e-07 0.0 0.0
0.0010450892624235028 1.4244846217954407e-06 0.0011948870096760702 0.0001237471131009642 7.119638670554006e-08 0.0024930997585323198 0.0 0.0014409560407971434 0.0003101555316537569 0.006088435993106649 1.6576737732870143e-05 2.8261779090309528e-05 3.787013529832173e-06 0.002400231743487908 4.775151125031582e-06 1.2376426107610203e-05 0.0004045400492865728 7.188775284051235e-06 2.533715748956688e-05 0.0002103036687090327 0.0007040276785545745 9.897680426378168e-07 0.001047310232740965 0.000833909448395674 2.467640164229903e-07 0.00013888432595244232 0.0002161935797430574 0.010200401795742556 0.0006912315877954346 0.004339497803734496 9.532007400774653e-07 1.0160358069092623e-05 7.265537511026134e-05 0.00029884751586689524 3.774837327782014e-05 0.0006015605916203828 4.8985821765759653e-05 0.0005704859461307827 0.00013904850805075111 4.2743343470811106e-05 2.4647590038122148e-05 8.437405342068879e-07 7.826323502086785e-06 3.3545835637993965e-06 9.48484564969155e-06 1.0371929597563818e-05 8.155130789036717e-05 6.254725050412466e-08 2.050459051651601e-05 0.000384348178358547 1.807165315436002e-05 0.0002106043730501051 5.832668988999607e-05 4.752126859746532e-07 9.199406968257275e-06 0.0 1.4064636761575859e-05 2.9242326717190217e-07 1.0044000289035639e-06 1.3450331202086953e-06 1.977680526687742e-07 6.35889422485961e-07 2.0293555162623948e-05 1.5686617212549229e-06 3.816117015919929e-06 1.252107617389008e-06 0.00046504247243387597 1.540799677919729e-07 5.466593784313056e-06 3.517372431774191e-05 0.0005993432798188046 2.254240771835566e-05 1.2349405414387526e-05 1.2918906513601388e-07 1.079333904507212e-06 2.0609283227659012e-06 8.853019760652604e-06 3.6865262394309557e-06 5.4715557061798986e-05 1.5326285343442485e-06 1.925645455571286e-05 1.101528223122463e-05 8.877304443857485e-06 4.763930651898868e-06 1.951518824338459e-06 7.195081697860828e-08
0.00019789683331384057 2.5910305686548525e-07 8.72917714149027e-05 3.343633584473357e-05 1.3309471037987428e-05 0.004099683929504801 0.0014409560407971434 0.0 2.3807961268587354e-05 0.001439670181098676 7.375579154907727e-05 0.0007467762712018458 5.464293785853926e-06 0.0032476577091271456 0.0001278019672615327 2.033913911800152e-06 0.00021519012767003934 1.381810097908846e-05 2.8823113895208272e-05 0.0001952072192193767 9.533674964428966e-05 4.003107357001655e-06 0.00023295601258988333 0.0004138705479519179 3.4526154638871205e-07 5.828613038282556e-05 4.176369411725195e-05 0.0003065214541569286 0.001055421840225056 0.00041649151390358126 2.1489589752947798e-06 0.0007624893653049112 4.7696778531302e-06 0.0003065749346455917 4.358432313193665e-06 0.0002345332717173102 1.2574524584065377e-05 0.00020920450735051102 5.627336405649964e-05 0.0006855026756332552 2.8109033210217428e-05 6.362906064961853e-07 1.9605851253277556e-06 1.3852745021424954e-06 1.1361083524366307e-06 5.838270661978511e-07 9.97660917999036e-06 0.0 5.1861993424879595e-06 0.0001697169231307048 2.9862702982043058e-06 3.0748665496612425e-05 1.113186313687105e-05 2.0658474629216305e-07 3.975275349274396e-07 1.2147850729063358e-07 5.689844652051193e-06 5.2891811382768204e-08 1.3589806385327118e-06 0.0 4.344967093363653e-08 1.63798114842872e-07 3.5210625423667758e-06 6.575590864387544e-07 1.217281806890232e-06 2.2125562293819933e-07 0.0001303721676270846 5.9537801814403524e-08 6.210700965673045e-07 2.8427420412456326e-06 0.000188251142508125 5.6894466641965e-06 7.69239880748114e-06 0.0 3.2920773864159233e-07 1.186092964593147e-06 2.9413709643856978e-06 5.523940871425321e-07 1.4179937063539684e-05 1.3453853072004807e-07 5.251787342912303e-06 4.156733218500782e-06 3.124184276399921e-06 7.619318656229784e-07 0.0 1.516406041120262e-07
9.443475676350418e-06 0.00019002392994898652 5.601178368103408e-06 0.0004877467763252539 1.1840397717050467e-05 5.209788790788145e-05 0.0003101555316537569 2.3807961268587354e-05 0.0 0.00018574352821925925 3.75691282946187e-06 0.00024256659835024372 2.6572429593852342e-05 2.3782236412373927e-05 0.00017604182343052252 2.7206955752828432e-05 1.7086977082727255e-06 1.7997002443462568e-07 1.0859799728938608e-06 0.00047969915768162296 1.185716688585239e-05 0.0013978628110850426 3.97400542542857e-06 0.004521070130729651 7.460747422254512e-05 1.0655791216986787e-05 0.0004131756863852411 0.000620119338180711 4.0563592233298106e-05 1.2801037291311667e-05 2.557523348857934e-06 3.2708324443016796e-07 3.6334858045231853e-06 1.1234304988726619e-05 2.9780394227465424e-06 6.113930627609608e-05 3.7758880196620113e-06 3.264870669604381e-05 8.02018865907672e-06 0.00019962841804530525 3.647304440282834e-06 1.196629070667087e-06 6.99383633802808e-07 6.353051634205944e-06 3.3032331568878807e-06 5.712338052869165e-06 0.00016120224894945707 0.0 2.524672717538759e-05 0.00019325747577689535 9.890429014387943e-06 8.321131205448006e-05 0.00010119057765980809 2.0845991285860824e-07 0.0001447720233850902 2.423009360210201e-07 1.1844715324227073e-05 5.552074688863638e-06 1.635758557463222e-05 7.943787642615634e-07 9.787347715903425e-08 1.8690549392850344e-07 6.106745173814406e-05 4.7937495082126095e-06 1.1778025328811586e-05 7.075848450853462e-06 0.0009206747781807718 6.593060766215375e-07 1.1095339379063821e-06 7.105077045565841e-06 0.00048309599605860204 3.0996270532985526e-05 4.941135800950079e-05 1.7263530146349123e-07 4.4245321524763353e-07 4.910305312344863e-06 1.193171668169278e-05 5.280582333500244e-07 5.916612165804194e-05 5.193508876818731e-07 2.022658813343476e-05 1.0306986651943773e-05 5.303895583521041e-05 2.304085282784232e-06 6.432847210877539e-08 6.499732153438081e-08
3.413237207652312e-05 2.8172852723217763e-07 5.1898041455341855e-05 0.0009833781222994568 6.718823983667146e-07 0.0035970687278279066 0.006088435993106649 0.001439670181098676 0.00018574352821925925 0.0 8.928589557942943e-05 0.001097660661580417 1.980931063177573e-05 0.0006815400905667838 1.2523520173600501e-05 5.307157518409443e-07 3.9348654758341434e-05 2.314366642422675e-05 2.0680459832133615e-05 0.0019892102099705604 2.0582195222575434e-05 2.2101689258939361e-07 5.104845333677489e-05 0.0005234020949785388 1.543745231012357e-07 4.034986733516157e-05 2.1789877277737102e-05 0.0030626778383214784 0.0008974786619523782 3.0484796531633157e-05 3.3794761631232844e-06 6.61659142015695e-05 1.253285849172914e-05 0.0006100161163992043 2.913804172910736e-05 0.0006569053841811672 2.779761018784512e-05 0.0010481611277386395 0.00014245658831097793 0.0001938529568653233 8.452496801600831e-05 2.1880303212678897e-06 1.3377777898326716e-05 9.050163705487624e-07 6.913897507556205e-07 6.380283842306729e-07 0.00010261116194468337 0.0 1.864816212034686e-05 0.00011451464599866607 1.407576450034227e-05 7.922130397354965e-05 4.848835606929905e-05 1.9946579362572307e-07 1.6133990778548085e-05 0.0 8.041692677798152e-06 6.012899153898068e-07 6.765360191627145e-08 9.282738038631634e-08 2.294442100942266e-07 9.09164553968676e-08 3.9528070719814246e-05 1.3183961811724644e-07 9.647432499543047e-07 7.037439236418074e-08 0.00021144364453805876 0.0 4.870518513605165e-07 1.7985793108725531e-06 0.0002654149579742971 4.0283063103552976e-06 1.5976827492813227e-06 0.0 2.681886402565171e-07 2.919456551498539e-07 2.092916070963742e-06 1.0621050946065177e-06 9.780653099886055e-06 4.918729286955316e-07 4.194331288098377e-06 3.2377672385994208e-06 8.224718923930273e-06 5.9241182990091776e-08 6.220089179595563e-08 2.1242592458441315e-07
2.8969301940524426e-06 5.580308276796011e-05 8.892585015831058e-06 1.9596337898631294e-06 4.641144692302052e-07 7.418233152780848e-05 1.6576737732870143e-05 7.375579154907727e-05 3.75691282946187e-06 8.928589557942943e-05 0.0 8.228767137612288e-05 0.0007452577923988358 4.4774002004198004e-05 1.2041606199576492e-05 1.1243811121070212e-06 0.00033897850323521064 0.0013309595165066728 0.0008659559554092276 2.544103353940852e-05 1.1852538916841245e-05 1.2994623259301068e-05 3.8484521043712644e-05 1.2186083902737124e-05 0.00045173668124393296 0.0009887063929609817 0.0007970763745387472 1.0011546612896516e-05 0.000122590828826434 1.512340724796242e-05 0.00019483342100009231 6.189472681627953e-05 4.7012748238184575e-06 0.004760472230125507 3.495204039162015e-06 0.0003625877682499611 0.0029348531466233973 0.005066768691051374 0.0010928936810257624 0.00011519569915315388 2.4361968786047528e-05 0.00037870215159105483 5.292381012720847e-06 0.0 2.169510590109349e-06 0.0 1.5988680002263076e-07 0.0 6.033729008496247e-08 2.30880652726118e-06 0.0 4.425061146023102e-07 1.3244489752257776e-07 0.00011069851306616673 0.0 0.0003636303194438648 0.0 0.0 0.0 0.0 3.763296001445695e-06 2.879800652982368e-07 0.0 1.8810104869196574e-07 3.521450061321787e-07 5.301208587946926e-07 1.7857980178847702e-06 7.741446015192404e-05 1.6968930925486062e-05 8.761521569639994e-05 1.5358612782902097e-06 3.264845086603363e-07 4.0479372168541547e-07 6.098806903414905e-05 0.0 0.0 9.607068127526746e-07 1.9299343652148307e-07 8.320295245695354e-06 9.887396175525863e-05 3.842247962723805e-06 5.22445793408154e-07 0.0 0.0 0.00016360626260354197 1.1126768455782906e-07
6.185130208177882e-07 3.7939269655709177e-06 1.0725771721012839e-06 0.002187681805640809 5.324996949926651e-06 0.002578282020633579 2.8261779090309528e-05 0.0007467762712018458 0.00024256659835024372 0.001097660661580417 8.228767137612288e-05 0.0 1.351673020978142e-05 0.0002465532937397768 0.00019543567880492299 2.067147110555339e-07 1.2101852639972232e-06 1.673681219124412e-05 1.1229140459946863e-05 0.0029616430790537648 1.4489346475828111e-07 1.512552390998784e-05 5.541799677056044e-07 0.0003186685627129983 1.3617389207562655e-06 2.066688226766595e-05 1.4581980082980158e-05 0.00041265818445289896 0.0003245355962893697 1.2670183707810993e-06 2.19400567389421e-06 9.910395849902076e-05 1.4970967219778083e-07 0.00037614737667228246 2.46089379066952e-06 7.734968574962761e-05 3.0389844592837168e-06 0.00030762018097586574 1.5456343263053824e-05 0.0007368743700549079 4.591849671107295e-05 1.357169381320126e-06 7.662057537940845e-07 0.0 4.658364129258835e-08 0.0 8.849612291091948e-05 0.0 7.284170603447404e-06 9.204931369475979e-06 1.2455651053586932e-06 3.104622209680214e-05 3.960868354474259e-05 0.0 3.833574291787017e-05 0.0 4.1159799289248206e-07 0.0 0.0 0.0 0.0 0.0 1.499063870873957e-05 8.779925453688011e-08 0.0 0.0 4.24399954734833e-05 0.0 0.0 4.264678061460025e-07 7.442262488838076e-05 6.735889069698271e-08 0.0 0.0 0.0 0.0 1.7203151696017313e-07 0.0 1.338445797802696e-06 0.0 0.0 0.0 3.939806513553013e-05 4.985527561883805e-07 0.0 0.0
7.905480686814898e-07 0.0005460927170360336 1.9209295551397563e-05 5.638311468147821e-07 0.0 1.471413112678859e-05 3.787013529832173e-06 5.464293785853926e-06 2.6572429593852342e-05 1.980931063177573e-05 0.0007452577923988358 1.351673020978142e-05 0.0 2.8842033411772395e-06 2.607191303166219e-06 6.482808670395208e-07 4.161597813075385e-06 2.0975077115631736e-05 7.054397890928565e-06 4.360598632562336e-06 3.2420444696649068e-06 0.00012404389657084893 1.527963506437058e-05 3.1988132300532596e-05 0.003214526136323721 8.917185013306597e-05 0.0026527697307996766 7.29933876429229e-06 4.17505652136902e-06 8.652649083578803e-07 0.0004583287374864369 4.712657823982014e-06 1.7568597459830107e-07 0.00029040268011895523 3.237645361897924e-05 0.0018916297877344115 0.004638177000857005 0.0023984023569680896 0.0005703585747289272 8.955630413541882e-05 3.852252400018358e-05 0.00032446358429604827 3.2684172008198606e-06 6.072021886538762e-08 1.2530988704058588e-05 1.4342753449634048e-07 2.3048365581720694e-06 0.0 4.347603165054831e-07 1.5092303417899763e-06 0.0 3.879786144529091e-07 1.405676833107247e-06 0.0003061276921930463 0.0 0.0010997708360612583 0.0 0.0 2.5865277036827393e-07 1.4687662653120953e-07 1.573569472641818e-05 9.276113513342096e-07 0.0 2.2082040468643415e-07 1.3560384558479961e-07 1.9139927943440165e-07 1.5620246864786e-06 0.0003748174028624998 6.89881380821651e-05 0.00041734716816026554 3.3133554548250858e-06 2.3167739193607282e-07 3.929095533291295e-07 0.0002731865719925496 0.0 0.0 9.3400699520299e-06 7.363125540772774e-06 0.00028983583018260593 0.0002728580953756321 1.4348539206497676e-05 1.5622667597217848e-06 1.9596695735068725e-05 0.0 0.0004779117411984438 0.0
0.0019473021427428474 3.2706216906313487e-07 0.00012036664205303757 1.8610397598454235e-05 1.4994832000598454e-07 0.0002867801285803203 0.002400231743487908 0.0032476577091271456 2.3782236412373927e-05 0.0006815400905667838 4.4774002004198004e-05 0.0002465532937397768 2.8842033411772395e-06 0.0 1.5293477059120588e-05 1.9748384153117228e-06 0.000405755566155285 1.617185530296557e-05 4.613676518504072e-05 7.907310486315153e-05 0.0002171255128377695 3.156966046846236e-06 0.0005354525738755371 0.00031329870953149676 7.339149440193892e-08 7.72000864617282e-05 6.600463530156059e-05 0.00028522447345350453 0.0024004018272919913 0.0020144835944449994 9.449118569188817e-07 4.649307629966021e-05 8.320996565676657e-06 0.00047640042122208996 6.661131757613387e-06 0.00022912166373983888 1.455658010199045e-05 0.0003125393490578322 0.00032055302708847887 0.00011718400647510917 4.918475029802164e-06 1.818521794387033e-07 2.096455847606629e-06 3.282949817372029e-07 4.468701829666435e-07 1.3462079435242999e-06 3.845324631562643e-06 0.0 1.1878189160936087e-06 5.721506533162419e-05 1.292767516859444e-06 1.7672414300546614e-05 3.77105946781693e-06 1.9180626421470842e-07 0.0 0.0 2.0234800643608588e-06 0.0 2.901648994410454e-06 1.3757773529677484e-07 7.134755523243598e-08 0.0 2.2781913788324105e-06 1.7149931671102038e-06 2.2790564822959358e-06 1.7400181982443434e-06 6.901831469696125e-05 0.0 1.955653489442008e-06 5.4093288938835745e-06 8.001064686690198e-05 3.2840515509846007e-06 5.935377552468044e-06 0.0 0.0 5.987144514284105e-07 1.7549005301558277e-06 1.0839261196809448e-07 9.466866774998512e-06 0.0 2.900251348154277e-06 3.5383301188368557e-06 1.7958003109579073e-06 7.916385859433725e-07 0.0 0.0
1.0425949220803785e-07 1.2039489225731025e-06 0.0 8.277250161278982e-06 0.0009125475215717487 0.0006100499561292306 4.775151125031582e-06 0.0001278019672615327 0.00017604182343052252 1.2523520173600501e-05 1.2041606199576492e-05 0.00019543567880492299 2.607191303166219e-06 1.5293477059120588e-05 0.0 0.0 8.179029871438465e-08 1.3463431358591277e-06 1.0075769020331776e-06 2.9933604253997478e-05 0.0 1.0342453825847699e-05 2.9305510630870776e-07 0.00010355439581994829 6.109923522128e-07 1.9403943688537664e-06 3.6330011536220255e-06 4.952451378281486e-06 2.4874817450684016e-05 1.3464735958661106e-06 1.300489822983836e-07 0.0002118634271194737 0.0 4.607995141568565e-05 7.85117841704029e-06 3.613175416452072e-05 3.4091469691106487e-07 2.527544525647687e-05 4.373677278068671e-06 0.00045521312827980496 0.00011437937367740907 0.0 0.0 0.0 0.0 0.0 1.497589975443927e-06 0.0 0.0 0.0 0.0 4.523558231186691e-06 2.8272711810854254e-06 0.0 0.0 0.0 0.0 0.0 0.0 0.0 0.0 0.0 1.5655864097504287e-06 0.0 0.0 0.0 1.664851039971619e-06 0.0 0.0 1.478341983968728e-07 3.7446622266887834e-06 0.0 0.0 0.0 0.0 0.0 0.0 5.248631049906111e-07 0.0 0.0 1.0392037873048506e-06 0.0 0.0 0.0 0.0 0.0
2.0313472108993303e-06 2.079256949044407e-05 2.5818582781957003e-05 2.8347334384577625e-07 0.0 2.161497484273083e-07 1.2376426107610203e-05 2.033913911800152e-06 2.7206955752828432e-05 5.307157518409443e-07 1.1243811121070212e-06 2.067147110555339e-07 6.482808670395208e-07 1.9748384153117228e-06 0.0 0.0 2.3694609112838873e-05 4.5191487654912816e-07 1.5394861267801795e-06 0.0 0.001837699540485414 0.0013094057491474943 0.0025353429700159477 0.0010077317784994361 1.8831396997021604e-06 4.7436685207321305e-06 0.0024027870119261107 0.000804197332432815 2.0282162005380763e-05 7.436471644263457e-05 0.0 2.5571297677542674e-07 1.894582949919557e-06 9.000633754480219e-05 3.6814041942990236e-05 0.0012639019546254434 0.0003551334073169055 0.0004604325976983548 0.0004040032978495111 3.5208651089153646e-05 8.296148840926696e-07 1.125808248286042e-06 8.936085834424374e-06 6.00807740706706e-07 3.611435064367922e-06 4.1600859040296825e-05 2.8111506255048565e-07 0.0 0.0 8.82547594802267e-06 2.996763024606329e-07 4.298709485156002e-05 1.4599332286495188e-07 0.0 0.0 0.0 1.0641617129295991e-06 0.0 0.001517688899417748 4.3260363191785426e-06 0.0 5.671480363188494e-07 0.0 0.00027989207082320267 0.000946491780113021 0.0008565431298464222 0.00016024697721982064 9.235905418198824e-08 1.429564532701427e-06 0.0005879283604799477 0.0001444917186648994 4.066378479413768e-06 6.396469572863723e-05 0.0 0.0 1.6205116226191834e-06 7.400323554415038e-06 7.176108818797544e-06 5.5002964850175904e-05 5.945625307534636e-06 2.5449008992973527e-05 1.58127940868133e-05 8.581479137379421e-07 1.3065195056686005e-07 7.625079256552167e-08 2.010803886829669e-07
0.00014644696286759544 3.188799124502864e-05 0.004035981920936268 7.601686974822114e-07 0.0 1.2608507226265603e-05 0.0004045400492865728 0.00021519012767003934 1.7086977082727255e-06 3.9348654758341434e-05 0.00033897850323521064 1.2101852639972232e-06 4.161597813075385e-06 0.000405755566155285 8.179029871438465e-08 2.3694609112838873e-05 0.0 0.0001861859749000426 0.0034141580467169225 2.003949962864936e-06 0.000796272675142974 6.253130315541172e-06 0.002135610434607487 1.6928701314759217e-05 1.6770187352956288e-06 0.002465952061048386 0.0037065886640193745 6.123413208826668e-05 0.00017447420399530438 0.0009200492173160159 2.1838169812139083e-06 8.699633670430985e-07 8.606975649603119e-06 0.0011471578412771005 7.832511814051748e-06 0.0003203533014570382 0.0002869950848627199 0.0007760968254879413 0.00014816509070207415 1.1028432797108802e-05 1.1158438184212582e-06 4.6518717606442096e-06 3.3753493072777984e-06 0.0 4.908330957195604e-05 9.435356836003046e-06 0.0 0.0 0.0 5.919039071355951e-07 0.0 2.2591926783174775e-07 0.0 8.379333351291099e-07 0.0 4.050453146113595e-07 0.0 0.0 2.055431407567648e-06 3.293131668353546e-06 1.184790010749771e-06 8.228567411595661e-06 0.0 5.958715008896043e-07 6.3759393452362385e-06 1.7592178851250424e-06 2.0583369972521622e-06 2.0842533476621273e-06 0.00015359224316133702 0.00027612897090154243 1.2648268398441185e-06 0.0 3.421701302956583e-07 2.2427402682467395e-06 0.0 0.0 1.5718456332636479e-06 9.182656825064099e-07 3.300763065176061e-06 3.757053850080314e-06 2.377707019609742e-06 1.141203418714254e-06 0.0 0.0 3.832564482725728e-07 0.0
2.2613956594701855e-06 5.781549448151766e-07 2.6343972372177194e-05 3.0927429332302705e-07 0.0 9.949623013960043e-06 7.188775284051235e-06 1.381810097908846e-05 1.7997002443462568e-07 2.314366642422675e-05 0.0013309595165066728 1.673681219124412e-05 2.0975077115631736e-05 1.617185530296557e-05 1.3463431358591277e-06 4.5191487654912816e-07 0.0001861859749000426 0.0 0.0008648489503273557 5.671977243855511e-06 3.169704372865111e-06 7.399452686866139e-08 1.07592657526558e-05 1.7342109212115534e-06 2.499131857166747e-06 0.0011418548601388975 0.00014532332823893575 3.4859731705547706e-06 1.9650364661633328e-05 9.168403817093855e-06 3.890241922547766e-05 4.040273734665424e-06 1.0759409905231534e-06 0.0006238456277544228 3.0226705890277744e-06 0.0002986900022238186 0.0007122704544228506 0.0011773025875182765 0.000324611825483811 1.7039485329731936e-05 2.781024773178901e-06 5.12786871073395e-06 1.626747312889667e-06 0.0 1.277174074734152e-06 8.291338282932842e-08 0.0 0.0 0.0 4.372762641072792e-08 0.0 6.4571228604721e-08 0.0 4.822789607703651e-06 0.0 2.7854519676784933e-05 0.0 0.0 0.0 0.0 9.88126064277315e-06 6.650882888248671e-07 0.0 8.679076429098719e-08 0.0 5.8420289190091894e-08 6.184999702315015e-07 7.048677409924321e-06 3.822717907542331e-05 8.554586076230992e-05 7.511012455100763e-07 5.130252419120232e-08 0.0 3.458269105804693e-05 0.0 0.0 1.7663857109990185e-07 0.0 1.3279863857047408e-06 1.7706148190593273e-05 4.90105087839576e-07 3.225283376085203e-07 0.0 0.0 5.973484273939613e-07 0.0
1.5619684263457467e-05 4.4339312058141274e-05 0.00018220241248808843 2.6814216531202617e-07 0.0 6.646554555379394e-06 2.533715748956688e-05 2.8823113895208272e-05 1.0859799728938608e-06 2.0680459832133615e-05 0.0008659559554092276 1.1229140459946863e-05 7.054397890928565e-06 4.613676518504072e-05 1.0075769020331776e-06 1.5394861267801795e-06 0.0034141580467169225 0.0008648489503273557 0.0 3.368939355454227e-06 4.200488067719153e-05 2.757879352046945e-06 0.00014632796096813864 3.3726560487062312e-06 1.230248314568982e-05 0.003418388892045965 0.0009091285090655855 7.146203730482702e-06 3.8617548813159916e-05 8.977556627442324e-05 1.5666118767639087e-05 2.4045832025807458e-06 2.7180913518829297e-06 0.0016610116123295527 1.9960298665303093e-06 0.0002474027602691587 0.0002686187568937836 0.001362515590571945 0.0002777118003181771 8.384885174332009e-06 1.7299138849871872e-06 1.1281262360108108e-06 1.541361307103392e-06 0.0 3.079938483935168e-05 9.60382295204901e-07 0.0 0.0 0.0 6.293844710151256e-07 0.0 4.7162552644065456e-07 3.5479949354877125e-07 2.557146459298219e-07 0.0 1.6572996937762367e-06 0.0 0.0 2.752521806655097e-07 0.0 4.627243781904607e-06 2.345431695369092e-06 0.0 3.1734544813041403e-07 8.581626609921587e-07 0.0 3.7565380309307376e-07 1.1528217467195806e-06 0.00012791041418980242 0.00018669627381211524 2.516673500534449e-07 5.126362463973542e-08 1.326884106407079e-07 9.967787524759675e-06 0.0 0.0 1.2824125140373757e-07 4.0824068142140063e-07 5.555694928836665e-07 2.1055252713820333e-06 5.872729483204218e-07 9.18633886960564e-08 0.0 0.0 0.0 0.0
1.331866390123306e-06 0.0 2.6882726468936247e-06 0.0022601459386931404 9.346007106699874e-07 0.0003445375930223211 0.0002103036687090327 0.0001952072192193767 0.00047969915768162296 0.0019892102099705604 2.544103353940852e-05 0.0029616430790537648 4.360598632562336e-06 7.907310486315153e-05 2.9933604253997478e-05 0.0 2.003949962864936e-06 5.671977243855511e-06 3.368939355454227e-06 0.0 5.143260359429811e-07 2.302565334283899e-07 2.1734163838804366e-06 0.00040470351905031555 0.0 7.438995353433191e-06 2.559904136224025e-06 0.002729347441721019 0.00013710180930179646 1.5757557879298726e-06 5.348355275370178e-07 2.5900235308942744e-05 1.1619000986367631e-06 0.00012285935352616576 2.5024201784513594e-06 8.602531684228885e-05 3.0952257086812577e-06 0.00017205726639514358 1.4984812158476223e-05 0.00031614103944293127 1.5748111437567116e-05 1.8183668473348028e-06 1.628166603125912e-06 5.490860845099422e-08 5.0433481706727316e-08 2.7037979058961105e-07 6.633366204241886e-05 0.0 3.58659783603118e-06 2.8145735553788172e-05 5.211205004094173e-06 3.2673800937472693e-05 3.204884686536675e-05 0.0 2.5437961112239505e-05 5.5002860647251526e-08 1.5088219308914912e-06 3.249498037346092e-07 0.0 0.0 0.0 0.0 1.7536814522379255e-05 2.9524806336386673e-07 4.050006326321666e-07 0.0 8.730926909622869e-05 0.0 0.0 1.9476295111742287e-07 0.00011473302551267144 1.7183838341556545e-06 3.213536426894082e-07 0.0 0.0 0.0 3.062741075230811e-07 4.219239322514831e-07 1.8875557090330697e-06 0.0 1.2417537380362441e-06 3.407241565170353e-07 2.3254788232027383e-05 2.583745351702536e-07 0.0 0.0
0.00011051258394043319 1.648891044204213e-06 0.0006681802782586987 8.940054313197057e-07 0.0 8.375652265137662e-06 0.0007040276785545745 9.533674964428966e-05 1.185716688585239e-05 2.0582195222575434e-05 1.1852538916841245e-05 1.4489346475828111e-07 3.2420444696649068e-06 0.0002171255128377695 0.0 0.001837699540485414 0.000796272675142974 3.169704372865111e-06 4.200488067719153e-05 5.143260359429811e-07 0.0 0.0004048429660505257 0.009696323469377122 0.00015658820743136702 8.6067954405411e-07 2.7273011506258475e-05 0.000223698997288923 0.0013292525162046094 0.00039016054209808654 0.006127414850400147 7.569960476800647e-08 4.4292294464219485e-07 3.712388946703708e-05 0.002207948759141333 0.0001533773404684232 0.003088543252990174 0.0005827141919243241 0.003269481230380701 0.0013833323364339815 7.960538895062791e-05 3.7389897292878112e-06 2.6134958689834466e-06 2.3286713162241545e-05 5.523572694484702e-07 9.829604652210832e-07 8.267623707665681e-06 1.9592835104763674e-07 0.0 1.2353447446007735e-07 3.4016377965772776e-06 7.19118807424294e-08 2.2792824238955864e-05 1.7537849251365386e-07 0.0 0.0 0.0 6.034885035482549e-07 0.0 0.0004575184655613676 2.1012133640925478e-06 7.093034000307554e-08 2.6468645168664457e-07 0.0 0.0003686920543361016 0.0003343362756560668 8.309787108045829e-05 0.000149935103082042 0.0 1.16116805979477e-06 2.5928727607093743e-05 0.00016826168156489765 4.77809104702092e-06 9.508462208911004e-05 0.0 0.0 1.4748415058235512e-06 4.162534580123766e-06 9.074690645359253e-06 2.4840439042346972e-05 2.1541858955984413e-06 7.70457916361637e-06 3.691127786278298e-06 9.57022402047214e-07 0.0 0.0 0.0
3.902094154569477e-06 0.001524351435557848 7.432802038590633e-06 9.820320393590888e-08 0.0 1.5631046247866645e-07 9.897680426378168e-07 4.003107357001655e-06 0.0013978628110850426 2.2101689258939361e-07 1.2994623259301068e-05 1.512552390998784e-05 0.00012404389657084893 3.156966046846236e-06 1.0342453825847699e-05 0.0013094057491474943 6.253130315541172e-06 7.399452686866139e-08 2.757879352046945e-06 2.302565334283899e-07 0.0004048429660505257 0.0 0.00025022688390654175 0.0032809135967897377 0.0005339417063225649 2.3001237291680505e-05 0.0024188117911569367 0.00012782822653604467 4.342851714386038e-05 0.00011425339535914854 9.021857437803871e-06 5.167314616787564e-07 2.9978721501883637e-06 1.1200983361473203e-05 3.512924717680951e-06 6.433926427413899e-05 1.2888589552268365e-05 2.8225840648545927e-05 7.587636303673598e-06 5.00955789484808e-05 5.339619407338462e-07 7.969611611749655e-06 4.3273436660161785e-07 5.815949206991184e-07 6.54954964747205e-05 1.6605704747243735e-05 0.0 0.0 6.777946257748944e-08 3.365569699577564e-06 3.483874185974941e-07 1.5065578197104148e-05 0.0 3.9404352363235363e-07 0.0 9.625100589412808e-07 5.119060784756724e-07 0.0 0.000910053195897924 3.176240217449023e-06 1.5505026466710457e-07 3.0065997091328166e-07 0.0 0.00023496781019219116 0.00016924517796624723 0.0003177257418892479 0.00010144121738853834 6.895217239512447e-07 2.762978430714942e-06 0.0002778131242722189 7.446694267550988e-05 1.4005120291921468e-06 5.9509034493259596e-05 5.383338183562424e-07 7.2533915889958e-08 1.937118341533257e-06 4.0220218982017135e-06 1.2878020484980713e-07 3.188084715416332e-05 4.566076330544281e-06 1.311105330824065e-05 5.964078410085041e-06 6.496536915024536e-08 7.229323666582837e-08 1.2120315321818055e-06 5.916733116216713e-07
0.00020205044155890801 3.648343346740548e-06 0.006384232921832282 1.6565325155657554e-06 0.0 1.596850337398879e-05 0.001047310232740965 0.00023295601258988333 3.97400542542857e-06 5.104845333677489e-05 3.8484521043712644e-05 5.541799677056044e-07 1.527963506437058e-05 0.0005354525738755371 2.9305510630870776e-07 0.0025353429700159477 0.002135610434607487 1.07592657526558e-05 0.00014632796096813864 2.1734163838804366e-06 0.009696323469377122 0.00025022688390654175 0.0 0.00036415145762447114 4.244205818605416e-06 0.0003972719298564517 0.004853894429065182 0.0014322457697662479 0.00019065706502368435 0.0026248926123039686 1.6224694765264335e-06 1.3967086132810202e-06 1.876628161949848e-05 0.0023416463183121624 0.00019840947658536032 0.005664879302463326 0.0038126343462994003 0.004919374551096337 0.00316160651227524 0.00028588311358796397 5.837233598927574e-06 1.709915578346486e-05 4.697369624798262e-05 2.7943911689804253e-07 5.4356178156040965e-05 0.00021815514350644665 3.171262753186833e-07 0.0 1.5810982925898087e-07 9.037743435921621e-06 9.996020904506309e-08 5.935958280629882e-06 9.617077000920092e-08 2.813126051389146e-07 0.0 0.0 8.82626920447778e-07 0.0 0.0006711762656309264 1.5316639937589855e-05 5.943262674515386e-08 3.149371426447483e-06 0.0 9.936207129564941e-05 0.0005184769407402983 0.0005146328039367816 2.9442955209834238e-05 2.7296822718228177e-07 1.488679905013221e-05 0.0013129131801461326 2.754781858214234e-05 1.797784275208911e-06 1.1783406292806447e-05 6.739081694326095e-07 0.0 6.768212336271894e-07 1.0427785024674277e-05 7.579842110187603e-05 3.681670224493367e-05 8.813631834786273e-06 2.7371493738699298e-05 1.3273200528503773e-05 1.3348221278090982e-06 7.634670474499614e-08 2.792785112289895e-07 1.322477859795146e-06
0.0001136667143003136 0.00031355306294074707 0.00012919794877006544 0.0010752019642798713 0.0 0.0001228152047500903 0.000833909448395674 0.0004138705479519179 0.004521070130729651 0.0005234020949785388 1.2186083902737124e-05 0.0003186685627129983 3.1988132300532596e-05 0.00031329870953149676 0.00010355439581994829 0.0010077317784994361 1.6928701314759217e-05 1.7342109212115534e-06 3.3726560487062312e-06 0.00040470351905031555 0.00015658820743136702 0.0032809135967897377 0.00036415145762447114 0.0 0.00010307881753871963 2.8579679401587034e-05 0.0017723133950566178 0.005264299739547537 0.0007350458410333538 0.00022016734221939527 3.3379309056427197e-06 6.5291970894074e-06 9.041745608685147e-05 0.0002382069871004611 5.011249253582262e-05 0.0013670806738977771 2.4453973791488595e-05 0.0006032235047445881 0.0001979622799176282 0.00030472324979132604 2.8749006585778213e-05 1.863553415569839e-06 1.7805430557872707e-05 1.134512695861947e-05 8.412803395718016e-06 2.709727932726543e-05 0.0001723984312130065 0.0 3.060274378230526e-05 0.0006473504557779861 2.583836472858626e-05 0.0007253829798106279 0.00011233544201910082 1.3378574208784099e-06 4.186259203333541e-05 4.893690366072103e-07 2.8650841387203923e-05 7.50075467593662e-07 9.068999846872587e-05 2.109489485556951e-06 3.1573374657982774e-07 4.803040333395998e-07 5.3717585405029994e-05 3.774462162862321e-05 8.325912149249557e-05 3.3862814917671736e-05 0.001450197040199421 8.291496623320928e-07 5.314318309989897e-06 5.002441320726653e-05 0.0012857953363093761 5.839861562380286e-05 9.948076043500865e-05 3.812403482138745e-07 1.941183103918126e-06 9.428465195568802e-06 2.495132077163564e-05 4.90584247039352e-06 0.00013152241802770167 1.996771392955938e-06 4.9011905416798606e-05 2.7586711576216976e-05 5.0387524025846435e-05 1.0516470531411139e-05 3.11161565844426e-07 8.734223593646131e-07
