0.0 3.7097967425000965e-07 7.890164723212637e-05 3.0314347089622714e-06 0.0 2.873543963287223e-06 0.0019233481644066153 0.00020137076044876993 1.5763231919250834e-05 0.00020146239224025933 1.12848809174342e-05 4.700886140505155e-07 6.610324661676003e-07 0.003072135199333743 5.698892031634831e-07 1.0418169438336006e-06 0.0002730506338352007 6.601640906963556e-06 7.182196753004728e-05 8.527736411256918e-07 2.801054939262062e-05 2.19179716729792e-06 4.3807129871621286e-05 5.438253102503886e-05 4.535664192594838e-07 5.77970756957342e-05 3.298688655017721e-05 0.00011802935337300582 0.0006234166402312986 0.0009633941413586074 2.0982627371331427e-06 7.777662344827027e-07 7.185057168117614e-06 2.7099510803900625e-05 2.984331982675473e-07 1.705253057971782e-05 1.1582223113998173e-05 1.5989527070582348e-05 3.3570726220947555e-06 9.644087005300288e-07 0.0 0.0 0.0 5.615323388771867e-07 0.0 1.6879999937224277e-06 0.0 0.0 6.579949144021519e-08 5.613025682540907e-06 2.289078780130738e-06 4.256776749751112e-06 9.455431422963494e-07 1.225092686259749e-07 0.0 8.266524581223161e-08 1.3627952741864933e-06 0.0 1.455567698694337e-06 4.0018521921106166e-07 4.1274165157279045e-07 2.94908033859471e-07 0.0 1.0708624984346157e-06 9.817609472728003e-07 5.599950355784366e-07 2.1837249665476225e-05 0.0 4.933891814391469e-07 2.583332272661384e-06 1.3837747842173531e-05 2.5094630172666242e-06 3.4957921225038873e-06 6.348707039732151e-08 0.0 1.088384188342423e-06 4.475781531530543e-07 0.0 7.982938530070554e-06 3.810886396566011e-07 4.826122175400745e-06 1.5828732355341209e-06 2.441914409372052e-06 0.0 0.0 0.0
3.7097967425000965e-07 0.0 7.409020796135373e-05 0.0 1.7473238926144284e-06 2.5313962110629745e-07 2.2818325427487043e-06 7.338406728213394e-07 0.0002981285114377513 3.301115266926259e-07 1.2969109401416897e-05 4.283480118421522e-07 0.0003878021826401787 7.450955046331811e-07 6.3347242314299895e-06 8.312380547130246e-05 1.7292341541346765e-05 6.88995167611912e-08 8.200104442811143e-06 9.982772095292067e-08 3.374323970774483e-06 0.0009736272499748826 4.977905186560167e-06 0.00036046416861625145 0.0013832947275754569 0.00017714953447197566 0.006370135084538395 1.6402817160654155e-05 1.7838932135553104e-06 2.6627382837120472e-06 2.682746669715736e-05 1.0786398714303903e-07 2.4172360506804403e-07 1.226292668338183e-05 0.0 1.718257106817134e-05 9.973478152204356e-05 4.147827114086847e-05 1.1246210080940501e-05 1.2778877469809156e-05 7.070453641742839e-08 0.00018978757243315973 0.0 1.3282715247107155e-07 1.256223861636458e-05 0.0001393288181941419 0.0 0.0 0.0 6.190890293329454e-07 7.624608798174974e-08 3.5178072065386974e-07 0.0 3.4275559702346643e-06 0.0 1.908024512377711e-05 5.465513969565436e-07 0.0 1.2845076910573666e-06 2.9250816905518073e-05 9.146300454205676e-07 1.9465372727861587e-05 0.0 2.0916259644471008e-07 2.8137791106672327e-06 3.4188375770430018e-06 1.08124844084027e-06 8.990184681186888e-06 0.00027737697241543905 0.0009463084973494869 1.2365683424651804e-06 2.2988092490105346e-07 3.7201162045384153e-07 2.608562213972704e-06 4.9591209911376794e-08 0.0 2.2977082588975273e-06 0.0 1.5137218787939418e-05 1.1694001613176635e-05 1.1180286950735942e-05 4.273289430408394e-06 7.151984207514212e-07 0.0 3.1722949507940995e-06 0.0
7.890164723212637e-05 7.409020796135373e-05 0.0 2.958830260954689e-07 7.014043455511354e-08 7.941251680469164e-06 0.0011354365086831922 0.00017669729615546413 1.445925706760982e-06 0.00011467361787716276 1.4812598044870082e-05 1.5890943260266454e-07 6.772495156637049e-06 9.423914450485336e-05 8.630305478368133e-08 1.563686874366232e-05 0.003471321158848666 8.128483740696782e-06 0.00011592437032933759 1.2252491972352466e-07 0.0004084638433704174 8.153902450271799e-05 0.007123658332813941 3.886989198504378e-05 1.0608258968669833e-06 0.004984262221987202 0.0030999371506815255 0.0009856729567925763 4.288214404118679e-05 0.0004195027421859545 3.506107455072894e-06 2.3611754792220683e-07 2.008715411803419e-06 0.00035110050536356786 1.272990776956069e-05 0.0014397665863312846 0.0010605736896800472 0.0010259392304240147 0.000740267589474914 2.882621695130083e-05 2.517362303644514e-06 2.6014505482272303e-06 1.949958497225084e-06 3.1684337825073043e-07 9.483774214255584e-05 0.0009242031203216694 1.0910769335089262e-07 0.0 4.0191770330783424e-07 8.860250761661698e-06 1.469098162474947e-06 5.375085256029835e-07 3.051860172184161e-07 9.951731610420892e-07 0.0 2.662133042522787e-07 2.356088590406134e-06 1.0300751044894853e-06 8.803510119759268e-06 0.00023700775869838213 1.900897229061072e-06 3.9285497468558664e-05 0.0 6.195872305890619e-06 4.855515695031441e-05 6.183586209032955e-05 6.322949209142374e-06 4.315409992856437e-07 0.0002671128459037163 0.0010693274893708896 1.2736605077813693e-05 1.144675956930666e-06 4.3676992549156695e-06 5.948291944003685e-07 0.0 1.7273502260439093e-07 2.6662882204385526e-05 1.3964046364991522e-06 0.00012453406520524684 2.5603919327819978e-05 9.172166264285081e-05 2.832665694441442e-05 8.586237090220171e-07 0.0 9.460686152219742e-08 0.0
3.0314347089622714e-06 0.0 2.958830260954689e-07 0.0 6.349770983190277e-06 0.00012219477489123102 2.00342663936571e-05 7.401709975079879e-05 0.0003383414966718087 0.002023087908753498 8.434953462735208e-06 0.003738879395014568 3.984657204554119e-06 6.849936434059683e-05 4.598377519420922e-05 2.0752164755481943e-07 3.616236991737847e-07 1.0849678742922536e-06 2.27346188767034e-06 0.0015147642097749331 1.1027885991069812e-07 0.0 1.6267558629803926e-07 0.000660982882447974 1.5308311528775704e-07 1.6420431951696315e-06 7.572568653506993e-07 0.0021851166154583015 9.985232389360145e-05 4.0282303425855193e-07 3.8353496180836493e-07 5.70049875908102e-06 1.2707407926714523e-06 2.3804538380156308e-05 1.3360628929277315e-06 7.328381028444747e-05 3.904795484077699e-06 6.436399809354807e-05 1.3605299474923791e-05 0.00013585382250839312 1.4662317956110954e-06 9.196843155175224e-07 1.0675300739402266e-06 0.0 0.0 0.0 0.00013262052863147387 7.540229757181041e-07 1.0278040930289049e-05 6.89530193676374e-05 1.0463251680705913e-05 5.645708060764752e-05 0.0001301170884697299 8.130009395621206e-07 6.248995935401453e-05 0.0 6.052554678200141e-06 8.961082969891819e-06 0.0 0.0 2.642688230136428e-07 0.0 9.792588291218148e-05 0.0 0.0 0.0 0.00016458490535488948 0.0 0.0 0.0 0.000122873315387349 4.481979472463421e-06 8.739468204052625e-08 0.0 1.8069563773443528e-06 9.908756468608832e-08 2.408466685118571e-06 0.0 3.1685249718200246e-05 0.0 2.0423609441786652e-05 2.589075354593868e-06 8.299004162435684e-05 0.0 7.711465030125919e-08 0.0
0.0 1.7473238926144284e-06 7.014043455511354e-08 6.349770983190277e-06 0.0 0.0006465206380772895 1.9572276633832567e-06 9.675485867187825e-05 8.88360662100898e-05 5.048699455119164e-06 9.64176349193042e-06 0.00011700025737386732 2.8210449896042908e-05 6.221043886761392e-06 0.0010255373367247802 0.0 1.570060579823059e-07 3.146881060023568e-07 1.4447020959409179e-06 1.2192812947276824e-05 1.2459532933325067e-07 8.000305328081918e-06 0.0 5.088706538410277e-05 1.4634680603696818e-06 7.092672762447484e-07 2.6842969469075755e-06 8.103789571452867e-06 0.0001954468029440815 7.099007491029164e-08 0.0 0.0001527705180833448 1.5858643859656892e-07 7.105108591000381e-05 2.56644522494662e-07 3.8927543101334936e-05 1.6995168015205552e-06 0.00013393376335603646 7.007506232882379e-05 0.001181986209836703 6.471743606427415e-05 3.817766599423688e-06 3.818167820297448e-06 0.0 0.0 0.0 2.1632303326704704e-06 3.297097497715129e-07 2.1819548347741943e-07 0.0 0.0 1.4227480503688345e-06 1.7035308991837225e-06 0.0 1.6207552861491142e-06 0.0 0.0 1.8809421982540406e-07 2.471004071611617e-07 0.0 0.0 0.0 1.3540680946289393e-06 0.0 1.6744284192349573e-07 0.0 1.411063332624476e-06 0.0 0.0 0.0 2.13265911087928e-06 0.0 6.402732355221535e-08 0.0 0.0 9.474844916800423e-08 1.8764889131309465e-07 0.0 1.920722030307196e-06 0.0 3.470539052075838e-07 2.3542580457232503e-07 3.8566503202818655e-06 0.0 3.8997203581164276e-07 1.4261144346375837e-07
2.873543963287223e-06 2.5313962110629745e-07 7.941251680469164e-06 0.00012219477489123102 0.0006465206380772895 0.0 0.0008045403094762407 0.002189267258844701 7.619766565288001e-05 0.004722556260947592 2.385232659834885e-05 0.0029720805435051885 2.408405603725717e-05 0.00023419505350322808 0.0010960125148854652 0.0 6.912372421229349e-06 4.62296887673587e-06 6.591716921339213e-06 0.0003319240026944614 9.926056982504873e-07 8.477769014868412e-07 9.197135815980506e-07 6.71014938242637e-05 3.2782563728563085e-06 6.767283296178559e-06 3.545968887075082e-06 0.0003878153219164694 0.00018809747931774635 1.8829362903645858e-06 2.3537778824797178e-07 0.00047399022551341326 9.736593087214689e-07 8.373029723559047e-05 7.344005389111726e-07 0.0002888767507032488 4.129777750368929e-06 0.00018963822333530126 4.823375794151899e-05 0.0016460136947257884 2.9664170090610093e-05 3.90444241854013e-06 3.088961278823556e-06 7.65567957944971e-08 0.0 0.0 1.5663518789027022e-05 0.0 3.1636388471717093e-06 1.0133460020253026e-05 2.868851520562228e-06 4.845559358490336e-06 1.9803193703912685e-05 3.013222567696961e-07 1.5267963007469576e-05 0.0 1.0673739595573263e-06 6.0131731191520575e-06 2.8545229734640844e-07 0.0 0.0 0.0 1.502649474261683e-05 8.036931239106705e-07 8.056898817776427e-08 1.4841979963145161e-07 2.4805861666147512e-05 0.0 0.0 3.6443731922220037e-07 2.3296110910324665e-05 2.2822401867871064e-06 8.786954157357302e-07 7.043056043863793e-08 0.0 7.011994257472704e-08 1.4421603626051361e-06 0.0 2.5885171378386102e-05 3.1479765060173806e-06 3.5269652778203044e-06 9.571661755817917e-08 4.9885619207558e-05 0.0 1.2195703346834352e-06 0.0
0.0019233481644066153 2.2818325427487043e-06 0.0011354365086831922 2.00342663936571e-05 1.9572276633832567e-06 0.0008045403094762407 0.0 0.0037432775106770616 0.0001243465886518159 0.005702734307824397 2.3848007185714544e-05 2.2150609725970766e-05 1.2367973464788746e-05 0.0024497750051655906 6.445387091100841e-06 2.2936463166305125e-06 0.0004711659115582187 6.4355787183514746e-06 4.3385781710943676e-05 2.681064165689961e-05 0.0004654792449390502 1.2853237772256662e-05 0.00028975721854854186 0.0008431776343615705 5.002132026624085e-06 0.0003757981182210069 0.00018886169774058882 0.007298903372761661 0.0013843914479643846 0.0017743504497316983 1.5000729683411464e-06 1.1421925480558996e-05 0.00011344431200375604 0.00026870925863471196 1.6910126595068266e-05 0.0009031613131985455 6.140649400144139e-05 0.0007579824368061981 0.00034056911496562555 4.57495863783021e-05 1.220677258148784e-05 5.259783276939693e-06 9.595501063585553e-06 3.4164356446420473e-06 1.855248309021257e-06 1.5106324846077228e-05 3.5753636713046485e-05 1.821707242406997e-06 9.799273091676579e-06 0.00017982605506803329 2.8657191541370906e-05 5.520174696310413e-05 6.395313362921848e-05 6.550445275567075e-06 1.1346075412772828e-05 7.399410437981238e-07 2.6375339332535673e-05 2.4331950349203553e-06 1.0446704312506418e-05 4.244142507557233e-06 8.535163200485297e-07 1.2838361943728625e-06 2.3665197950663115e-05 7.979387946938999e-06 6.960334575940167e-06 4.669963022511271e-06 0.0003719548409335988 0.0 8.938302081906024e-06 2.485617974442942e-05 0.00023144211986188246 3.422080714233705e-05 2.1945372541725022e-05 0.0 4.4360191781717515e-06 2.70982953743361e-06 2.3055046507570614e-05 1.2779890947881418e-06 0.00011210037100740142 2.2402079990709175e-06 8.490531150406599e-05 2.0666698057245723e-05 5.608620744508568e-05 3.1492759232636916e-06 4.096017895475651e-06 5.844357126467827e-07
0.00020137076044876993 7.338406728213394e-07 0.00017669729615546413 7.401709975079879e-05 9.675485867187825e-05 0.002189267258844701 0.0037432775106770616 0.0 3.551395966888074e-05 0.0023045253900685343 3.838590365906168e-05 0.0005772342417499054 1.8055958177852944e-05 0.0027089192871605815 0.00010766599721014404 2.46130432843665e-06 0.0005264609377543727 1.2620038929155394e-05 0.00014971486045935878 0.00014458233313700703 5.869274565487114e-05 2.5348352780801934e-06 6.292351854761034e-05 0.00018556297832633982 2.514392667339202e-06 0.00017445270564873865 8.348255371469131e-05 0.0005018451192867311 0.0007124098622478291 0.00021432555530239848 4.377954591610736e-06 0.0006150615224406745 4.828604873679703e-06 0.00011654849308363552 1.934238126805468e-06 0.00017463914752888064 2.954745634817686e-05 0.00014948524951589043 6.395989606451769e-05 0.00040438328111775843 1.838647962592497e-05 2.791004273784985e-06 4.391933454429846e-06 9.630040390564377e-07 2.7256555650274374e-07 2.8350298381096103e-06 6.43881558038426e-06 0.0 9.548588243824094e-07 3.524228713669245e-05 5.862257783089533e-06 1.4724571128812182e-05 6.172058355517705e-06 5.338325415276095e-07 2.539650447815416e-06 0.0 5.7096378716010455e-06 0.0 3.912390089214886e-06 8.756676765706266e-07 1.8267745182879922e-07 8.658027137373561e-07 2.8087914231522e-06 4.407556565625713e-06 2.2844695441680826e-06 4.989645333230722e-07 9.117883044220841e-05 0.0 2.5320039544653224e-06 6.179922083485099e-06 5.6683908951150274e-05 8.329957355231909e-06 1.0001223009832431e-05 0.0 5.943948887091128e-07 1.1836630780649766e-06 2.449592928596521e-06 1.6494073513877244e-07 2.8671591855374826e-05 2.82216019981063e-07 1.4971597037893805e-05 5.0567128252418114e-06 6.496857512104225e-06 0.0 7.193689189983323e-07 1.999694941798729e-07
1.5763231919250834e-05 0.0002981285114377513 1.445925706760982e-06 0.0003383414966718087 8.88360662100898e-05 7.619766565288001e-05 0.0001243465886518159 3.551395966888074e-05 0.0 0.00017876376506168894 3.446468682101583e-06 0.00014026289866966258 8.722354898216831e-06 5.582906545646224e-05 0.00026122595961812213 7.148793407462879e-05 1.7076426976376552e-06 5.029208552131269e-07 1.2911736480522678e-06 0.0001500406573897684 3.3480283675734044e-05 0.0013613070979207726 8.727516628553312e-06 0.004506822507595958 4.263037175687552e-05 3.819930335039859e-06 0.00031020925321277864 0.0008830207143029896 0.0001332221173460134 0.0001302177893485701 4.960886237053852e-07 1.4882624326174515e-06 1.4867694630559175e-05 2.207654022402306e-05 2.4492820490632674e-06 0.00015695449524108756 1.1918863597430555e-05 8.258234260677242e-05 3.410581925231819e-05 0.00034712550230630576 6.951216078058033e-06 4.4332370811019436e-07 1.9239186892986493e-06 8.519375846802575e-06 3.314953036818163e-07 5.965154979467687e-07 0.0001545644619836378 5.202996818370823e-07 8.383789591455171e-06 0.0001243509540651029 2.31938643302352e-05 6.789409638338087e-05 8.932293047430967e-05 3.4943365786089257e-06 4.5254360122712254e-05 7.977606301714503e-07 3.001287815900937e-05 3.137751727395221e-06 0.00011583755757947197 9.99583507861509e-07 6.51788694087733e-07 1.0099238094098097e-06 9.177031809048465e-05 6.228878094338363e-05 1.0741139996405377e-05 6.726153315735313e-06 0.0009044275076131367 0.0 1.3001992410520544e-06 3.0230333731534963e-06 0.0002788553418457177 4.868662390465721e-05 8.146361051915687e-05 1.2386716897033967e-07 1.7823500554050214e-06 5.913797260267842e-06 1.2848061261690912e-05 1.172085468941963e-06 0.00011037522402495579 4.221618398968127e-06 5.4496091512882824e-05 1.972585239480921e-05 9.672003798493883e-05 1.515033594090493e-06 5.415407356909539e-07 1.0032930919158967e-06
0.00020146239224025933 3.301115266926259e-07 0.00011467361787716276 0.002023087908753498 5.048699455119164e-06 0.004722556260947592 0.005702734307824397 0.0023045253900685343 0.00017876376506168894 0.0 4.198871815833138e-05 0.0023392587829827046 1.1916541956631923e-05 0.0006867349448437413 1.656171315817151e-05 3.4348381953284623e-07 9.366088343639077e-05 1.1237563491451858e-05 2.3302164671449817e-05 0.00227850986080087 2.113404782326245e-05 3.549688549487741e-07 1.5007867029549758e-05 0.00041240276143216013 6.819715548267732e-06 6.617970057241433e-05 1.8832477934068195e-05 0.0022108145705870123 0.0007285339142306397 2.4024607125836773e-05 1.2678059910973628e-06 1.9953242272543854e-05 7.022855608099307e-06 0.00020077449653771882 8.022091586365277e-06 0.0005045447281586575 3.237930556271942e-05 0.000505891114966091 0.00012535321174369615 5.1711445190833674e-05 9.84187728448694e-06 3.285897134012368e-06 5.8052617764403e-06 1.4771749424387383e-06 2.100681563561024e-07 1.7180849398377865e-06 0.0002179631972511246 2.5807420528141492e-06 1.5912899063929434e-05 0.00021830877348502346 1.7552462991141645e-05 7.007577811304452e-05 0.00023226151009626134 6.924898532656011e-06 0.0001005143080920537 0.0 2.0841743677384782e-05 9.21964804723461e-06 5.131738450612774e-07 4.187584437261386e-07 5.697424311938277e-07 3.834191731242977e-07 0.0001574024713238047 8.981232032604918e-07 1.2555774099789007e-06 2.3959124524147523e-07 0.00036556125483365264 0.0 1.031425870255683e-06 1.4826297955904309e-06 0.0002775991455305035 1.311319655775791e-05 4.678579626328691e-06 0.0 4.431569863063214e-06 7.033284697326396e-07 8.255897706770376e-06 4.124994643305333e-07 6.0247203382429477e-05 5.026379047936046e-06 3.9744404272898237e-05 5.57754361407255e-06 0.00014272568745645655 3.573348405237993e-06 1.5551415513220068e-06 3.468475543995021e-07
1.12848809174342e-05 1.2969109401416897e-05 1.4812598044870082e-05 8.434953462735208e-06 9.64176349193042e-06 2.385232659834885e-05 2.3848007185714544e-05 3.838590365906168e-05 3.446468682101583e-06 4.198871815833138e-05 0.0 5.412409463994958e-05 0.0009771422932172192 0.00011447829593714992 2.262292544050418e-06 7.314786368179528e-07 0.00013737474223986338 0.0020191376247240675 0.0011611353659169614 1.6195084828392767e-05 1.2370508476493292e-05 6.33113267251483e-07 1.6129945553235242e-05 1.642690457593292e-05 0.00010388573346157221 0.0009668823843655541 0.00017968942902866757 2.329622984312943e-05 0.0005649930762290813 4.113695063991628e-05 0.00014681205291775665 4.6492950833931306e-05 6.659634863245005e-06 0.0047604244757674784 3.153876753098718e-06 0.0003162580760568531 0.002046164552945705 0.0024485486688058306 0.0005224990748769784 9.19777583466082e-06 1.361006546308837e-05 0.0002347715568773882 8.555192721194693e-07 5.823515204221562e-07 1.5714827854083487e-06 1.5200810812274594e-07 1.9709135628419096e-07 0.0 0.0 2.7364765000063712e-06 4.192720679368471e-07 1.2432342299541627e-06 0.0 5.078937516641443e-05 4.830134850236862e-07 0.00043410695098176737 1.4690648405196096e-07 0.0 5.140231951270287e-07 2.9988860315067036e-07 3.845563590579679e-06 7.351179830967903e-07 4.1507704227765766e-07 5.071144498680994e-08 2.451208295219596e-07 7.362775912311066e-08 8.06324494124026e-06 2.0598175377046437e-05 1.0894089570379611e-05 6.396471071500283e-05 6.649119010187955e-06 8.67760282531702e-07 7.973743653360487e-07 5.3590048056988375e-05 7.152899109838853e-08 0.0 1.0666266768894933e-06 3.375530266443522e-07 1.0588578784709868e-05 8.596180456547909e-05 1.0444538708407595e-05 2.469314693450442e-06 5.792595005476278e-07 0.0 0.00011112205131044942 0.0
4.700886140505155e-07 4.283480118421522e-07 1.5890943260266454e-07 0.003738879395014568 0.00011700025737386732 0.0029720805435051885 2.2150609725970766e-05 0.0005772342417499054 0.00014026289866966258 0.0023392587829827046 5.412409463994958e-05 0.0 1.9525119067375595e-05 0.0003487990990299784 0.0007458266590085323 1.4768591525167286e-07 1.2898546260481855e-06 1.0846900742613373e-05 1.7932248308954714e-05 0.002338609886155976 2.3325227271014343e-07 2.877284187186187e-06 2.740504196298183e-07 0.00021429998310985293 1.021250232318333e-06 1.1081439668012209e-05 6.614077801410171e-06 0.0007154737085113346 0.00041337054189344617 1.131043115019794e-06 1.9091011885024974e-06 5.3383523790752674e-05 9.046812748031862e-08 0.0001323703754916368 2.5942819080710054e-06 0.00035429377250296637 8.841948704268563e-06 0.00032337932955920045 4.033065269582678e-05 0.0005977921542328492 9.88064563778515e-06 1.9688870768844765e-06 1.4763756325461616e-06 0.0 0.0 0.0 8.752115141298204e-05 2.126618449575593e-06 8.560214932708603e-06 2.8224507615371533e-05 3.5295975283056823e-06 2.6736150343971755e-05 9.794875901101069e-05 3.1861007070773794e-06 8.610399182249574e-05 6.315964027815343e-08 3.1634435600705156e-06 8.453400623955939e-06 0.0 0.0 0.0 0.0 0.00010338055431816142 0.0 0.0 0.0 5.667816181743157e-05 0.0 1.5655194310410444e-07 1.607293306141743e-07 5.6705825394020154e-05 2.9800113107574533e-06 3.693398088347405e-07 0.0 2.671276955039813e-07 5.84204740389003e-07 1.3227494102722435e-06 0.0 2.8795244880696976e-05 1.39498968406095e-06 9.286134862265966e-06 2.077821753648375e-06 0.00014528305514703886 0.0 4.426124131541258e-06 0.0
6.610324661676003e-07 0.0003878021826401787 6.772495156637049e-06 3.984657204554119e-06 2.8210449896042908e-05 2.408405603725717e-05 1.2367973464788746e-05 1.8055958177852944e-05 8.722354898216831e-06 1.1916541956631923e-05 0.0009771422932172192 1.9525119067375595e-05 0.0 3.760820559761987e-05 1.378334131942651e-06 4.3594962849114456e-06 3.020001827517175e-06 2.8341067941886958e-05 2.2820908668122278e-05 5.6057865143197056e-06 9.86909326748794e-06 3.716133078712803e-05 3.224219141190384e-05 1.859007219791002e-05 0.0015500313729696824 0.0003930387678668719 0.0024558905401097344 1.737615710194307e-05 9.456469718737467e-05 4.052830261803125e-06 0.0005742668222132253 0.00011678628787480313 0.0 0.00043809495644998826 0.00013086741560721125 0.0014926224060441433 0.0034160091385902133 0.0014826545622788796 0.0005702970856071882 8.801848658854933e-05 0.000127479077795786 0.0007333426903535019 1.4850693903869414e-05 0.0 3.817987949609113e-05 1.450438497128e-06 2.995100493837065e-07 1.217578360459131e-07 0.0 4.584983155998235e-06 1.1150655604337263e-06 4.060925926933997e-07 4.062121674057666e-07 0.0002825021781314609 2.1922251111532854e-07 0.0020761809048347422 8.787824657665379e-07 0.0 8.88356468645255e-07 2.837684060642594e-07 2.035805612395758e-05 8.650878674376794e-06 0.0 1.0913410682672877e-06 7.471127871892079e-07 1.155958108657301e-06 5.340793067567858e-06 0.00020150101005600256 0.00011064518869449701 0.0003848723855290628 2.5166946093426437e-06 1.0763147716901348e-06 1.5101799262532508e-06 0.0003313609596076351 6.719007101459459e-07 0.0 8.282363160768259e-06 4.5630592073068424e-05 0.00019801837349461731 0.00038798676203562367 9.66298608133245e-05 8.995181254420397e-05 3.585633901073888e-05 9.34201971867225e-06 0.0003685879593704416 1.519132024511889e-05
0.003072135199333743 7.450955046331811e-07 9.423914450485336e-05 6.849936434059683e-05 6.221043886761392e-06 0.00023419505350322808 0.0024497750051655906 0.0027089192871605815 5.582906545646224e-05 0.0006867349448437413 0.00011447829593714992 0.0003487990990299784 3.760820559761987e-05 0.0 3.195304031618626e-05 2.238549596018164e-06 0.00045797841259644393 2.7684862118019814e-05 0.0001634750466831967 0.00010416573081581803 3.460479026604607e-05 4.187376287476575e-06 5.416358972669507e-05 0.00020943560290587776 1.8047499814481831e-06 0.00011660306868566365 7.795498968098603e-05 0.0005036763842717203 0.0032023684121479778 0.000815144842809077 5.869000053495027e-06 6.136614449069809e-05 6.3978241538578765e-06 0.00021609153398676837 1.5718479081785908e-06 0.00027745310170076797 2.798243967798023e-05 0.00031701446875511156 7.207896762029262e-05 0.00017873042009171542 1.3210348636089012e-05 4.531047940622936e-06 6.877250005006543e-06 1.7557708856348911e-06 2.1261740859689843e-07 1.7256905514416942e-06 5.2527411089361605e-06 0.0 1.614464730623316e-06 3.0304946332291667e-05 6.104757703856677e-06 2.0157245391461573e-05 5.625275262624106e-06 1.3664542006916016e-06 2.056956739082629e-06 0.0 8.316215438091037e-06 0.0 4.1682737712989054e-06 8.497909867705889e-07 1.231550849176601e-07 1.5586890557502014e-06 3.6846644242964558e-06 4.840430156923999e-06 3.6306761554619593e-06 2.420562726626461e-07 0.00010454385601337334 0.0 2.395759788796307e-06 3.7851701468701926e-06 7.739267234634705e-05 1.2467681983090397e-05 1.2775235756240485e-05 0.0 8.553391086885577e-07 2.04359994606237e-06 5.816368049571506e-06 5.642280032922924e-07 4.1730797449921725e-05 2.210830373808488e-07 2.69694041744322e-05 5.99787350076947e-06 1.1783956623430593e-05 2.425391589027748e-07 6.385673558380652e-07 2.4979818537392487e-07
5.698892031634831e-07 6.3347242314299895e-06 8.630305478368133e-08 4.598377519420922e-05 0.0010255373367247802 0.0010960125148854652 6.445387091100841e-06 0.00010766599721014404 0.00026122595961812213 1.656171315817151e-05 2.262292544050418e-06 0.0007458266590085323 1.378334131942651e-06 3.195304031618626e-05 0.0 0.0 4.267493511711637e-07 2.0075646472751632e-07 1.981947750157834e-07 9.611048475884919e-05 0.0 3.812419080583149e-05 9.062788479109698e-08 0.0005208310574711156 7.853887442021207e-07 2.710291526923588e-07 7.376068915251917e-06 4.672292198569253e-05 2.7189117683537272e-05 1.0033333808174786e-06 9.685855074612447e-08 0.00014116949860221116 5.574485799287392e-07 7.863403910353234e-06 1.8374570383618971e-06 0.00020808138946619485 8.848833151075886e-07 1.9568415212053602e-05 6.765753618087993e-06 0.0005930016133681038 6.845578994328173e-05 2.331345100579735e-06 1.167224903664396e-06 0.0 0.0 0.0 5.730115627805602e-06 8.975057290294687e-08 8.051223209737066e-07 3.0917693833728607e-06 0.0 3.1028763679175924e-06 9.92681054932551e-06 0.0 1.0794508149783926e-05 0.0 1.0823664517262915e-06 2.015602597961674e-06 6.90692747471542e-08 0.0 0.0 0.0 5.447739825982261e-06 2.937522199306214e-07 2.782157907930494e-07 0.0 7.74703834351173e-06 0.0 7.423347458805393e-08 1.819576239990143e-07 7.230598791461241e-06 2.3565283543563316e-07 0.0 0.0 0.0 0.0 1.1427904821287694e-07 0.0 5.557008601344976e-06 4.2214248249834103e-07 3.1977817164765246e-07 1.1611765476466058e-06 2.8732375264087754e-05 0.0 0.0 0.0
1.0418169438336006e-06 8.312380547130246e-05 1.563686874366232e-05 2.0752164755481943e-07 0.0 0.0 2.2936463166305125e-06 2.46130432843665e-06 7.148793407462879e-05 3.4348381953284623e-07 7.314786368179528e-07 1.4768591525167286e-07 4.3594962849114456e-06 2.238549596018164e-06 0.0 0.0 2.400838861467208e-05 2.363535941120816e-07 1.9775960009168062e-06 0.0 0.0011555778211469563 0.0027642255313258786 0.001927077837168047 0.0013197217319043761 8.644695873468534e-06 1.0376053512341626e-05 0.0022132834647573866 0.0008445146204566471 2.0840601457995984e-05 0.00015880370816307782 1.3079045732069648e-07 7.826785980243396e-08 8.049162506424513e-06 4.3707026694622356e-05 1.5314733765309546e-05 0.001012778361596203 0.0002405230272584656 0.000293072556803518 0.0003634853462426935 1.9411718582157415e-05 1.380078562880343e-06 4.32159299410529e-07 5.145386412105345e-06 5.922000491941412e-06 4.900750729810176e-06 5.014476615574689e-05 0.0 0.0 6.312284997745278e-07 1.782588688441662e-05 3.935182981281768e-06 6.968596552381131e-06 1.5984531999085555e-06 1.2363035412677123e-06 0.0 4.04131569046016e-07 1.1932893101444613e-05 0.0 0.0012596317890942507 6.115430852897256e-06 4.976838131690019e-07 2.894076154892195e-06 0.0 0.00029145641399966685 0.0005655676620126164 0.0006844065247362238 7.317188970699317e-05 0.0 1.440908409724409e-05 0.0002628714144745339 5.6298436184760086e-05 1.9184105304221595e-05 0.00016224028589939814 1.5352863187490643e-07 4.487974300746331e-08 2.5484169391031014e-06 1.306405967941966e-05 2.1183147450516645e-06 0.00022697947689114047 2.546506157604916e-05 5.0481936270194295e-05 4.799436299734741e-05 7.673956827318309e-06 8.545641544877528e-08 1.2913116295674478e-07 1.0194547840360154e-06
0.0002730506338352007 1.7292341541346765e-05 0.003471321158848666 3.616236991737847e-07 1.570060579823059e-07 6.912372421229349e-06 0.0004711659115582187 0.0005264609377543727 1.7076426976376552e-06 9.366088343639077e-05 0.00013737474223986338 1.2898546260481855e-06 3.020001827517175e-06 0.00045797841259644393 4.267493511711637e-07 2.400838861467208e-05 0.0 3.494723700411424e-05 0.001574111770452496 4.745152743180081e-08 0.0009750758110271869 1.906931723145442e-05 0.0017221487360320929 1.7246711682283117e-05 7.037093744351027e-07 0.00141285955321977 0.003950632367911526 0.0002399977811510979 0.0007808512000379572 0.0021282240548241866 2.9906333893018185e-07 1.3930165786493925e-06 1.2783675050458257e-05 0.0014483262185345444 1.3281182191846641e-06 0.00015487880823090996 0.0014876906079483762 0.0004546835792499552 0.00010633041255064841 2.5016661580819987e-06 3.38954225087738e-07 1.3587938961065228e-06 1.5889538831842126e-07 3.294367959385917e-07 1.2374632602026407e-05 9.41115224339694e-05 6.739315177361141e-08 0.0 0.0 3.145158572513397e-06 6.490728974875869e-07 2.2666130442479315e-07 0.0 3.250317070375235e-07 0.0 7.193563588698915e-07 1.8335084275402803e-06 0.0 6.4425437470505485e-06 6.500195157310855e-05 1.4445247168353538e-06 0.0001039632746615218 0.0 3.4215717927117115e-06 5.118645587921702e-06 7.466275168960533e-06 2.0532528626907755e-06 2.1674798591474077e-07 0.0002989971824440753 0.00029693644574415093 3.5147875137058767e-06 4.231963557753598e-07 3.801453502968834e-06 1.070911205729577e-06 0.0 0.0 4.310605490235505e-06 0.0 1.6881193615524705e-05 2.3427707346017596e-05 1.548191069394087e-05 2.467386897720975e-06 6.024511726039342e-07 0.0 9.785440702360528e-08 0.0
6.601640906963556e-06 6.88995167611912e-08 8.128483740696782e-06 1.0849678742922536e-06 3.146881060023568e-07 4.62296887673587e-06 6.4355787183514746e-06 1.2620038929155394e-05 5.029208552131269e-07 1.1237563491451858e-05 0.0020191376247240675 1.0846900742613373e-05 2.8341067941886958e-05 2.7684862118019814e-05 2.0075646472751632e-07 2.363535941120816e-07 3.494723700411424e-05 0.0 0.001606551591687128 2.8660302998371282e-06 4.1884514500077585e-06 0.0 6.247101402342862e-06 3.7555302185347984e-06 1.0736664040086902e-06 0.0009675900264584869 0.00018238921760201494 5.779608331475272e-06 9.772007353476673e-05 1.8102733224616982e-05 1.561506865370106e-05 4.980779448478713e-06 1.8992033902553234e-06 0.0005387199201567429 3.1710000596096982e-06 0.0003503586660313472 0.0003767951330681218 0.0008951507947156837 0.00011676945081002139 3.4974242972936364e-06 1.0035627667048695e-07 4.201879384380516e-06 1.024739143256719e-06 0.0 1.2731346133227884e-06 5.875603553288737e-08 1.736570267985276e-07 0.0 0.0 1.1417980684385765e-06 0.0 6.616167778980416e-07 4.253624464156134e-07 4.024459106780883e-06 0.0 4.378235190685901e-05 0.0 0.0 0.0 2.795874042463959e-07 6.584270780845239e-06 1.5789425899483017e-06 0.0 1.1642927514923997e-07 3.343977522948522e-07 1.193944794300636e-07 2.0427490750435656e-06 1.1309129181675538e-06 2.8464295484680998e-05 3.4572601674225904e-05 1.2708363428673085e-06 5.082578467689295e-07 5.401692980466969e-08 3.1488258470882475e-05 0.0 2.3097794908808795e-07 1.8705939117022093e-07 1.1802684825702366e-07 4.258536668243015e-06 1.2305857893364432e-05 4.258720646322311e-06 7.973594665378589e-07 0.0 0.0 1.066559252059375e-07 0.0
7.182196753004728e-05 8.200104442811143e-06 0.00011592437032933759 2.27346188767034e-06 1.4447020959409179e-06 6.591716921339213e-06 4.3385781710943676e-05 0.00014971486045935878 1.2911736480522678e-06 2.3302164671449817e-05 0.0011611353659169614 1.7932248308954714e-05 2.2820908668122278e-05 0.0001634750466831967 1.981947750157834e-07 1.9775960009168062e-06 0.001574111770452496 0.001606551591687128 0.0 5.698644337070632e-06 5.331824077735443e-05 2.575926760421422e-06 0.00010298651391282951 9.668372815003691e-06 2.036935775778448e-06 0.0030523605235445563 0.001667614192376958 2.6725456359509775e-05 0.00045553872479283617 0.0003137655127987073 4.642202321622221e-06 5.100830521706507e-06 1.9703394361817678e-05 0.0028547620147825825 8.011497952096159e-06 0.0007480275915513847 0.00041586983862745445 0.0018948602289121682 0.000172240639120336 7.723014415757195e-06 9.14301907976458e-07 3.1630885647215457e-06 1.2070022580359644e-06 1.653636418592943e-07 4.608569171930893e-06 6.275933238508374e-06 0.0 0.0 0.0 2.041604136746764e-06 6.846559539678247e-08 4.021879504984937e-07 0.0 9.033916456257195e-07 5.406430422141711e-08 7.457215624363557e-06 0.0 0.0 6.252968196634191e-07 7.135227499752109e-06 9.41909936252178e-06 4.829459988239298e-05 4.98029699153985e-07 2.502095173146235e-07 3.122521402325401e-07 3.826995987866883e-07 1.5065692940961724e-06 4.835594581068642e-07 0.0001368864397346338 0.00012972405068319254 1.3373435844617177e-06 2.4108818195555726e-07 6.545735877486395e-07 1.0688305370461907e-05 0.0 0.0 9.866146887045446e-07 1.1521578357328112e-07 8.922190139669656e-06 4.827122774435059e-06 3.4877231312916193e-06 1.341981706266638e-06 1.6746805212921456e-07 0.0 3.007926707290937e-07 7.011520799506076e-08
8.527736411256918e-07 9.982772095292067e-08 1.2252491972352466e-07 0.0015147642097749331 1.2192812947276824e-05 0.0003319240026944614 2.681064165689961e-05 0.00014458233313700703 0.0001500406573897684 0.00227850986080087 1.6195084828392767e-05 0.002338609886155976 5.6057865143197056e-06 0.00010416573081581803 9.611048475884919e-05 0.0 4.745152743180081e-08 2.8660302998371282e-06 5.698644337070632e-06 0.0 0.0 0.0 2.656512385045354e-07 0.00019946340230517527 1.7631005546513558e-07 2.721682410439208e-06 1.8735126901176523e-06 0.0012175137149376689 0.00013458267484851415 2.0473262033601766e-07 2.3246995088191328e-07 1.1920062051196485e-05 3.050799062114388e-07 4.110237592215888e-05 2.638505854554516e-06 9.777410674531081e-05 1.99189201106764e-06 8.710319877999619e-05 1.3934248486499249e-05 0.00017894324734277068 2.0862539132879834e-06 2.6972730273887947e-07 2.39750054000887e-07 0.0 0.0 1.3339475824942614e-07 7.243954248741278e-05 1.5451333613209556e-06 4.928586264042605e-06 3.291554298451667e-05 4.3295281496260236e-06 2.4622121910382562e-05 7.268162063399703e-05 1.3390578620962675e-06 3.6918981260815496e-05 0.0 4.225027382188122e-06 5.7428115217497335e-06 0.0 0.0 0.0 0.0 4.947589861031633e-05 0.0 1.2615392188616506e-07 4.422865734939302e-07 7.872121411415981e-05 0.0 7.47755553397619e-08 0.0 6.775538682640673e-05 5.995793474811405e-07 1.3323240427928158e-06 0.0 6.175017226582724e-07 1.0677016022828353e-07 9.410136296229109e-07 0.0 2.3530774394419137e-05 0.0 1.289322950741426e-05 2.2347881687252885e-06 6.626238569283082e-05 7.013039299409412e-08 0.0 0.0
2.801054939262062e-05 3.374323970774483e-06 0.0004084638433704174 1.1027885991069812e-07 1.2459532933325067e-07 9.926056982504873e-07 0.0004654792449390502 5.869274565487114e-05 3.3480283675734044e-05 2.113404782326245e-05 1.2370508476493292e-05 2.3325227271014343e-07 9.86909326748794e-06 3.460479026604607e-05 0.0 0.0011555778211469563 0.0009750758110271869 4.1884514500077585e-06 5.331824077735443e-05 0.0 0.0 0.0001876325008810833 0.006844304685731252 4.449734156044951e-05 1.1205202623078303e-06 3.98692292538768e-05 0.00015012387595993688 0.002960703584380189 0.00010704778368145674 0.0047685578946124185 6.033237826210857e-07 2.4211200823260395e-07 2.6262812078799334e-05 0.002081199432710751 4.581156797093446e-05 0.0028742907932834474 0.0006070628634788555 0.003447588334827806 0.0017441406633808556 5.2781183876682315e-05 3.1378178070813755e-06 4.913112144917222e-06 2.353284509840687e-05 5.028063409405294e-06 2.3056851833870616e-07 5.76919331106393e-06 6.103406954444811e-07 0.0 0.0 1.3368447016387352e-05 4.276974572910756e-06 3.155418795065718e-06 1.7501712271221956e-07 2.0611002731215102e-07 7.660275147277807e-07 0.0 9.942762321304171e-06 0.0 0.0004484160900811301 3.5562022435453767e-06 1.5023668844552237e-07 1.5653004015356005e-06 0.0 0.0002866789694565539 0.00010476196853949201 0.00017357587932485087 4.27773542763144e-05 0.0 1.5977630061318113e-06 1.9968120026794702e-05 3.9426227354083495e-05 1.3193794202817265e-05 0.0001496345062526482 0.0 1.0841512410714847e-07 1.53539020556663e-06 9.920535779820514e-06 2.4761761746843775e-06 0.0001691792432307688 1.5546648224885946e-05 2.640076546452514e-05 1.9777095707266206e-05 6.9144671088477615e-06 9.724748133795288e-08 8.200552097727447e-07 3.788341374872419e-07
2.19179716729792e-06 0.0009736272499748826 8.153902450271799e-05 0.0 8.000305328081918e-06 8.477769014868412e-07 1.2853237772256662e-05 2.5348352780801934e-06 0.0013613070979207726 3.549688549487741e-07 6.33113267251483e-07 2.877284187186187e-06 3.716133078712803e-05 4.187376287476575e-06 3.812419080583149e-05 0.0027642255313258786 1.906931723145442e-05 0.0 2.575926760421422e-06 0.0 0.0001876325008810833 0.0 0.0004294906273778826 0.0033966824455604 0.0002246748157180167 1.9513550600325235e-05 0.004800650776135979 0.00023051807061144213 2.3225980705405413e-05 8.938732473596315e-05 1.1048700683350126e-06 1.3527167973468898e-07 4.683665799642517e-06 1.0971075344441095e-05 1.0511870245228209e-06 9.592547920625988e-05 2.0269828965435312e-05 4.6294967475478536e-05 2.951600441688465e-05 8.011755640793815e-05 5.335147972626983e-07 4.783815177634736e-06 3.5807836169483317e-07 1.3522958163491858e-06 5.05806664926845e-06 0.00017875174922592316 2.074465770735992e-07 0.0 7.36754483607858e-08 6.1656423908709164e-06 6.690784631863937e-07 5.3667213062283734e-06 6.990563538319919e-08 1.1204831216155261e-06 1.6898867809596206e-07 1.7214152709774356e-06 3.302604284054146e-06 0.0 0.0005582951456854971 1.7260559792202638e-05 3.558627991945084e-07 4.5583370765595045e-06 5.059602018667215e-08 7.380511402017189e-05 4.648352771204864e-05 0.000302729815752891 2.8412036592619832e-05 2.4415878174124966e-07 1.668437179092907e-05 0.0006163202336067883 1.8964804586681524e-05 3.212903129859685e-06 3.8832287884510715e-05 4.650288202772832e-07 6.179574607041144e-08 5.571813051382672e-07 1.216697868061894e-05 9.20397642499579e-07 0.00011493553538035035 1.6883891831215903e-05 5.0895291295148884e-05 3.51245252368219e-05 2.831810266696352e-06 0.0 7.693379671745647e-07 9.364613680710062e-07
4.3807129871621286e-05 4.977905186560167e-06 0.007123658332813941 1.6267558629803926e-07 0.0 9.197135815980506e-07 0.00028975721854854186 6.292351854761034e-05 8.727516628553312e-06 1.5007867029549758e-05 1.6129945553235242e-05 2.740504196298183e-07 3.224219141190384e-05 5.416358972669507e-05 9.062788479109698e-08 0.001927077837168047 0.0017221487360320929 6.247101402342862e-06 0.00010298651391282951 2.656512385045354e-07 0.006844304685731252 0.0004294906273778826 0.0 0.00016905370796471431 2.94931133538399e-06 0.00042168710645568033 0.004073410928320239 0.0022195835187740153 9.927448182726225e-05 0.0014959730536780879 2.5888179782639942e-06 5.901869840119711e-07 3.489709778091653e-06 0.0015820901876266167 8.936466269901047e-05 0.0053603281753554005 0.00233814192378932 0.004468629411263148 0.004480280967643551 0.00013978178015313164 9.646728393769732e-06 9.995240982904387e-06 3.6077251374291066e-05 1.6484027455416025e-06 5.417469164139629e-06 0.0005350909847156962 0.0 0.0 9.736678620381027e-08 7.059759399700104e-06 1.738275489407424e-06 6.875576543700845e-07 3.8471982103423475e-07 9.374372066437839e-07 0.0 0.0 3.2321349188697285e-06 0.0 0.0011353750068449448 3.931533152692613e-05 2.2060001212888183e-07 4.025342032294147e-06 0.0 0.00013691344949766143 0.0004642176535907492 0.0010478341939778037 1.5874712107201647e-05 5.43375115465139e-08 1.1097832332390111e-05 0.001236249155944271 1.3158547154304327e-05 2.4335322040453654e-06 4.809978812400353e-05 0.0 1.1136793180286996e-07 3.872810896218695e-07 3.239054893832036e-05 5.086436794410574e-06 0.00027889721156948086 3.1040851048798255e-05 0.0001392796215202703 9.917187436017503e-05 4.462596095132386e-06 0.0 1.96911757077799e-07 5.763579391572066e-07
