0.0 4.793878722726018e-07 1.421550192978422e-05 4.5495348518273176e-07 3.036513471999644e-07 5.4605649990719974e-06 0.0019972888163214647 0.00025207929751644697 0.0 3.359526313484831e-06 4.538698012987604e-06 5.549575468488392e-07 9.959352864454135e-08 0.0027990686598653317 0.0 0.0 0.0001821499489840733 1.0066564725608368e-05 2.7830468101374655e-05 2.319066836516732e-07 8.899924573631029e-07 0.0 2.9559726835343234e-05 1.2034546932676447e-05 0.0 1.9351786251853492e-05 3.067473972932154e-05 2.3182880069287268e-05 0.0011579155930782875 0.0007584199893034245 0.0 8.626741899480184e-06 5.0366931578161815e-06 6.027188493563603e-05 7.389588166107759e-08 2.49968620326873e-06 3.208839774013277e-06 3.6853764457752696e-05 5.7535445074950355e-06 5.264711288616112e-07 0.0 0.0 2.1151757889245785e-07 0.0 1.2969305509499224e-07 6.419464950748064e-08 0.0 0.0 0.0 0.0 0.0 1.5548584729653734e-07 0.0 0.0 0.0 0.0 0.0 0.0 0.0 0.0 0.0 0.0 0.0 0.0 1.204323655468122e-07 0.0 1.388720869860624e-06 0.0 3.234522689019214e-07 1.4865920685581343e-06 1.5373648048535743e-06 0.0 0.0 0.0 0.0 0.0 0.0 0.0 4.4852257016381046e-07 0.0 0.0 0.0 2.4212978581878813e-07 0.0 0.0 0.0
4.793878722726018e-07 0.0 0.0002950953965973647 0.0 0.0 0.0 1.711631224070053e-06 7.049576709347526e-07 0.0001889788245022271 0.0 7.559603315199825e-05 2.404376042559162e-07 0.0004132739119055463 1.9882027364600215e-06 2.3911575579503766e-06 0.00011439481821586708 0.00013682711901581287 7.91650111070865e-06 1.958297090108874e-05 1.4109358591691344e-07 6.178024437686776e-06 0.0015111368418865632 2.2316885156154768e-05 0.0004810235752003893 0.0008509477000614109 0.00027511504982872734 0.006927687286154693 1.5531301731692296e-05 2.0911157079758646e-06 1.2507510279530515e-06 2.380528865009907e-05 6.95656135806257e-08 7.05594204361399e-07 0.00015914793172291968 1.2068061994887352e-06 0.00012991743600679483 7.196621324491307e-05 0.00018036622465024703 4.412817442910687e-05 1.0493562096132658e-05 0.0 0.00014836870411923271 4.603993392014132e-07 5.5371252723021455e-08 2.3394416357504023e-05 0.00014543604267941256 1.3066116331277599e-07 0.0 0.0 1.0127485602332121e-06 4.920540417382241e-07 5.672792426671074e-07 0.0 9.409625150482427e-07 0.0 4.841429300807469e-06 2.693451663089523e-07 1.8934507205065562e-07 3.4839180008956373e-06 7.35929291686426e-06 6.194282175207021e-07 6.208619993362354e-06 0.0 1.2266137931779148e-06 1.3086986283379965e-05 3.2511473475469825e-06 4.258985583639833e-06 1.1723797376010912e-05 0.00015884852383138683 0.001175352481525851 1.0369016134572527e-06 0.0 7.217105330850134e-08 1.9054781548854727e-06 0.0 0.0 1.2818164322439222e-06 0.0 8.52045341455479e-06 5.667137391015678e-06 7.042584050336932e-06 2.1889101213857008e-06 2.3530120313099456e-07 0.0 3.458788583228591e-06 0.0
1.421550192978422e-05 0.0002950953965973647 0.0 5.203303974247139e-07 2.228682804037776e-07 9.46059481091151e-06 0.0007480353358687087 0.00016299292949746306 9.126094985157339e-07 4.291055684388319e-05 9.339152644406097e-06 2.2781050468391018e-07 6.058349002868327e-07 0.0001586303035090376 0.0 5.746293139068825e-06 0.0026534674579814 1.8423868103606872e-05 0.00016869056923256813 5.62646667515653e-07 0.0007128774066430552 1.3165256413674285e-05 0.008202845182155555 2.688284866132997e-05 1.317255013055312e-06 0.003166036763974836 0.003896182687591047 0.0007420093078002834 1.9935572010055097e-05 0.00028732474315064236 1.0670867461942673e-06 1.2197901211492968e-06 2.9268864615536984e-06 0.0003275834063354439 5.792340662972709e-06 0.0005678557865144485 0.0014250029485344668 0.0005240831981045058 0.00016198401113651757 3.147693114178717e-05 4.6847882855538114e-07 8.373036115318975e-07 1.7387082110806246e-06 0.0 0.00018747319385590739 0.0003422455300896145 0.0 0.0 0.0 2.5092374353652487e-06 2.5308679700799485e-07 8.804583503528713e-07 2.1377260049081935e-07 0.0 0.0 8.338567308329064e-08 0.0 0.0 5.747676068759072e-06 1.0010729429951903e-05 2.325318306668391e-07 2.306299629999261e-06 0.0 8.455647857029265e-07 5.463467299633959e-05 6.850639969320258e-05 1.9108535222787365e-06 4.436722077565405e-07 2.9041421453047735e-05 0.0009532638789474785 5.041313638195963e-06 2.233719197147616e-07 1.073185957194178e-06 1.6597174152280892e-07 0.0 0.0 2.3976688000579373e-06 1.0702884098248353e-07 1.3372542478512384e-05 1.3557574177830435e-05 1.1446161705589969e-05 7.479682737723539e-06 0.0 0.0 0.0 3.471847906959964e-07
4.5495348518273176e-07 0.0 5.203303974247139e-07 0.0 1.940149849636057e-06 3.383916305535472e-05 7.435716180310303e-05 5.3255991069354565e-05 0.0007031143236075939 0.0011927541846218001 2.1480155924228798e-06 0.0017622604425604025 1.412599213343883e-07 5.6338903677548876e-05 4.189376752429488e-05 0.0 5.289367631757258e-07 8.10784860215561e-07 1.0258423973791225e-07 0.002320118880564158 0.0 8.984695186615929e-08 1.8528879099213982e-07 0.0013126223061297167 1.8987963319854969e-06 1.1012601765561429e-06 6.731232602887163e-07 0.0019333731100551006 6.106754087337479e-05 7.404083991662083e-07 0.0 6.666811550932328e-06 3.6747628294199883e-06 2.5902683741447172e-05 4.285515261890767e-06 0.00017844640596342088 6.591651495210113e-06 0.00012456319812220983 5.082283492650114e-05 0.00011347624661233855 9.111292386991066e-06 4.757459646965902e-06 6.387670251348792e-06 2.8838130309959546e-07 2.503361530129954e-07 2.3356733839974044e-07 0.0002462370489866847 1.2878134287824744e-06 1.192097066578195e-06 9.647987230655636e-05 6.284142049860484e-06 8.385099291255843e-05 0.00012000500237046908 1.275341493596251e-06 0.00012526830454399887 1.401180724633826e-06 2.8834730372481992e-06 2.436992087038048e-05 6.576807352675768e-07 0.0 1.9116520356649137e-07 0.0 7.139645117583857e-05 2.0065790022273907e-07 4.05699812962463e-07 0.0 0.0002632967006155245 2.081999835011189e-07 0.0 0.0 0.0003309337139967291 3.0463050727262377e-06 1.3372565490646222e-06 0.0 0.0 4.4839977496711564e-07 2.4413959226321363e-06 6.666212555809695e-07 4.941083266935123e-05 0.0 2.766869538984789e-05 6.308225320033082e-06 0.00016144803313900967 7.863132842155603e-07 2.8238246865351564e-07 7.912375506075575e-07
3.036513471999644e-07 0.0 2.228682804037776e-07 1.940149849636057e-06 0.0 0.0004920627407172842 1.493066590804881e-06 2.8954748950379326e-05 9.920660078352109e-05 9.688412107238083e-06 1.022953487696538e-05 3.447293791681586e-05 7.536946996910357e-07 2.153428703927507e-06 0.0008245082345490161 0.0 4.4989780361628603e-07 1.8995527362299333e-06 2.82825251208732e-07 4.106628127769849e-06 0.0 7.364973223748167e-07 0.0 1.4497984171928163e-05 0.0 5.269478504852623e-07 7.940960520143715e-07 3.309241579927737e-06 1.3720226711006603e-06 2.968343567310045e-07 0.0 1.8077623168086638e-06 0.0 0.00017474311171599655 0.0 1.6100166250967747e-05 1.186957496977275e-06 0.00016937717018464786 3.1531010149283297e-05 0.0013572036218528248 6.110527040591948e-05 0.0 1.22708780580245e-06 0.0 0.0 0.0 7.803136026089792e-07 0.0 0.0 0.0 0.0 3.7104080168830666e-07 7.748314594890605e-07 0.0 1.1561637392479739e-06 0.0 0.0 0.0 7.627211421813486e-08 0.0 0.0 0.0 2.0314828406764989e-07 7.199782573779757e-08 1.8577552059662543e-07 0.0 1.1238599729670488e-06 0.0 0.0 0.0 4.956756145904799e-07 0.0 1.912611959450738e-07 0.0 0.0 0.0 0.0 0.0 4.989957036011468e-07 0.0 4.781759445619109e-07 0.0 2.5210144787746035e-06 0.0 0.0 0.0
5.4605649990719974e-06 0.0 9.46059481091151e-06 3.383916305535472e-05 0.0004920627407172842 0.0 0.0002886312764381756 0.0022124246476564915 0.0001841923082168911 0.0033327635131285946 4.714860532957506e-05 0.0018296052486798087 1.0199202142066267e-06 0.00018450325105059246 0.001233931428867696 0.0 1.1893832606635824e-05 1.5309776597938743e-05 3.6697909258050138e-06 0.0002692188415807613 0.0 9.636302326719761e-08 1.7089247233592416e-06 6.27091271728969e-05 5.1357238751425385e-08 1.0033953533396803e-05 4.257660974010067e-06 8.270578164716542e-05 0.00020216929916576563 8.26578166161503e-06 1.6552158819261175e-07 0.00024230556100453274 2.7836606635937707e-07 0.0002507936876622108 6.203247957176484e-07 0.0002178520673415019 1.5441317372307356e-05 0.00036450902317057023 6.768601037336544e-05 0.0018311535543471535 8.864552167063071e-05 6.537623642806838e-07 2.7374081555659365e-06 2.9986058634459184e-07 5.7081937802825925e-08 0.0 1.2035265698106302e-05 0.0 0.0 1.0255609519944248e-05 7.396039795876108e-07 1.4817918451297398e-05 1.0839304277792152e-05 0.0 2.7160270651069733e-05 3.389231379032148e-07 1.9203520389754886e-07 8.263215272635896e-06 0.0 0.0 0.0 0.0 4.686012915885801e-06 6.290887141769857e-07 0.0 0.0 2.7862698858693523e-05 0.0 6.290065731119064e-08 1.5307850911181717e-07 3.3869191989882966e-05 7.485710729806748e-08 2.3669714176046197e-07 0.0 0.0 0.0 0.0 0.0 8.597815058542976e-06 1.6624359102000071e-06 2.0870362185485944e-06 2.508567355340004e-07 4.388379480037708e-05 2.2800732352077035e-07 0.0 0.0
0.0019972888163214647 1.711631224070053e-06 0.0007480353358687087 7.435716180310303e-05 1.493066590804881e-06 0.0002886312764381756 0.0 0.002770235125626043 9.786202483473439e-05 0.0025713388492963653 1.0223957066929668e-05 7.005108058092949e-06 2.2422764754517418e-07 0.00621718430027477 4.448470403669639e-06 1.3977977878009036e-07 0.0006457071930565825 1.1400005843259408e-05 6.083301939294e-05 3.4200123230999045e-05 1.984870414834617e-05 6.84137452418635e-07 0.00024066276178415986 0.0009695169981698589 1.7619319244487947e-07 0.00019472482258055824 8.593676592864805e-05 0.010183740597143184 0.00027266830085204797 0.002139653406844555 1.8846344121102439e-07 3.184230614361687e-05 2.00126070664908e-05 0.000113831090437538 7.741042205397047e-06 0.00013589539805980135 2.8667191221300843e-05 0.0003257984643783082 8.897536841707757e-05 2.2708548649162137e-05 7.602962854832617e-06 9.02871393342362e-07 2.5875431320419616e-06 7.520207392582624e-08 4.0543061215804687e-07 1.430400515586784e-06 1.3559782342359277e-05 0.0 2.2541273414801257e-07 1.9271979324548087e-05 3.638204374219471e-06 2.771616431505845e-05 6.771166767732149e-06 0.0 1.5831558640778638e-06 0.0 5.187916811404055e-07 2.578606660868591e-07 1.7964587595399165e-06 0.0 0.0 0.0 2.1921050173046956e-06 3.9590147324160137e-07 7.915207846017424e-07 1.987309647415648e-06 6.847045611858066e-05 0.0 6.391748491573289e-07 6.19052099796214e-06 6.1044830687643e-05 9.939260945513174e-07 2.2576597135964605e-07 0.0 0.0 0.0 1.891742203583288e-06 3.7562472493866953e-07 1.821841904170137e-05 0.0 4.933081240597231e-06 2.942992696144563e-06 4.7920632912757865e-06 3.6096856109742425e-07 0.0 1.3963372256624803e-07
0.00025207929751644697 7.049576709347526e-07 0.00016299292949746306 5.3255991069354565e-05 2.8954748950379326e-05 0.0022124246476564915 0.002770235125626043 0.0 3.5647445519138596e-05 0.003245331975413854 2.9890084371710055e-05 0.0006212346469190073 3.2258978771858797e-07 0.0023345695634409648 1.8946713859359518e-05 7.661526208323602e-08 0.0003902388525561972 2.1834851907955307e-05 6.252704341263935e-05 0.00025361959944590254 2.0943465531746525e-06 9.359673312712503e-08 4.3654419006329185e-05 0.00029518509669850494 6.687316999067018e-08 8.145689843102714e-05 6.958583215963397e-05 0.00042301677531621034 0.0001560597616629801 0.0002951308054079031 1.20560875487226e-07 0.00027483812260465127 2.3538891439602378e-06 0.000152934476041693 2.53267927102446e-06 5.2443047562816627e-05 3.336986150951116e-05 0.00019932794530217086 4.9176132667789154e-05 0.0001442721865840147 9.243190457283768e-06 7.373203507671316e-07 7.550929357049125e-07 1.0282868622531458e-07 7.402265851212737e-07 6.78599444567822e-08 4.167602811150965e-06 2.2445057041238874e-07 0.0 1.4737365596777708e-05 1.3139123187392976e-06 1.8782542075445692e-05 3.939729760176502e-06 3.0390651002839415e-07 8.225688388541021e-07 1.6451868417345706e-07 9.829581899310347e-07 9.364068783434231e-07 7.59797734878745e-07 0.0 0.0 0.0 7.91043804522345e-07 7.520485663269245e-07 1.404138008784037e-06 7.828226335573479e-08 6.962130928624816e-05 0.0 2.062965957315216e-07 2.067660825087694e-06 5.290947716755457e-05 8.872729764303767e-07 2.2309010244096256e-06 0.0 0.0 0.0 8.917795735504852e-07 0.0 1.7533631238046103e-05 0.0 5.820491251221424e-06 1.7294431469296315e-06 4.2915029731673305e-06 0.0 0.0 0.0
0.0 0.0001889788245022271 9.126094985157339e-07 0.0007031143236075939 9.920660078352109e-05 0.0001841923082168911 9.786202483473439e-05 3.5647445519138596e-05 0.0 7.77426501781582e-05 2.8766822465339447e-06 0.0005066078842083702 9.766683065548032e-06 3.09287480263611e-05 0.0006089258982068146 3.053401157589849e-05 6.047600833494391e-07 5.886130989026086e-07 4.219940693223859e-07 0.0003069120076238819 2.4503182376099478e-05 0.0009705197509684707 2.0430914714499757e-06 0.0045111932771990755 4.39714194109381e-05 2.202025271558228e-06 0.00022788463185953293 0.0006911816098231127 2.8004766822773172e-05 6.477924237511512e-06 1.1886622615060075e-06 4.1193113888182354e-06 4.177454014644336e-06 1.2036220893109218e-05 3.4518073106294723e-06 0.00019894832434884494 1.2579590078815782e-05 5.6760147519240535e-05 2.6296725132615293e-05 0.0005192067440631848 7.075143429350728e-06 1.8054164958777285e-06 2.5534577489375852e-06 2.979495406269624e-06 1.890009133364142e-06 6.855066695956879e-07 0.00027385860819873647 1.8636876842926357e-06 4.422367598586884e-06 0.00011790876410789559 8.133056690880031e-06 0.00012108774190500636 0.0001041402763143891 6.74438575084058e-07 0.00011390930875702767 2.500195542964781e-07 1.3176562636866192e-05 3.734120475331919e-05 0.0001687827146026669 2.0551435548491206e-07 1.4552431191689404e-07 3.303499693569222e-07 8.011841806528752e-05 9.052471210491954e-05 3.237390267966177e-05 1.289272714436685e-05 0.0008907324087167855 8.489612100968212e-07 9.209520479570392e-07 3.563393975618181e-06 0.0005535927846495505 1.945443811605874e-05 3.9838844776804825e-05 0.0 3.68144848129398e-07 3.153752999700996e-06 1.1368200664436873e-05 2.6632596286268447e-06 0.0001486548818525723 1.0721602229174525e-06 4.572810406153312e-05 1.5022735588903726e-05 0.0001217883875720667 6.109219306207914e-06 6.943701174483551e-07 7.853015113353407e-07
3.359526313484831e-06 0.0 4.291055684388319e-05 0.0011927541846218001 9.688412107238083e-06 0.0033327635131285946 0.0025713388492963653 0.003245331975413854 7.77426501781582e-05 0.0 2.6532049615908305e-05 0.0032815036874822025 5.085927876615071e-07 0.0005739032670080759 1.7446364373313615e-05 8.642005841153218e-08 1.759049350282341e-05 9.295885343321484e-06 3.012705002505961e-06 0.0022378145803253506 5.5075017447565e-07 0.0 5.937475922412267e-06 0.0002349971187029023 1.479332199809608e-07 1.6621263855129842e-05 5.395607818961655e-06 0.002756213440923808 0.0003656613824364496 1.516076699114104e-05 2.1440542459888747e-07 0.00010769242704386549 5.043665676423456e-06 0.0001894389802085981 7.945316987978873e-06 0.00037868261214088283 3.422269936913675e-05 0.0005630992732223418 0.0001279600770583958 0.0001702756184285726 2.4581943151124217e-05 1.6829393289784712e-06 7.084507821873921e-06 0.0 0.0 0.0 4.9833167909830885e-05 7.19527443549761e-08 4.3570505092776855e-07 3.7323455304956906e-05 2.718013449717342e-06 2.3548538037082988e-05 2.9726987988652163e-05 3.725665999715285e-07 2.8830453365430108e-05 1.097492849021749e-06 1.4190796896452244e-06 5.230248622343281e-06 0.0 0.0 0.0 0.0 1.2257506380951549e-05 0.0 3.985584413872981e-07 1.143000147767926e-07 0.00011519154821432092 6.541467549821552e-08 5.224119569277133e-08 7.761514121291794e-08 0.00014264025392728545 2.924704487207128e-06 1.848708938962973e-06 0.0 0.0 4.32986220920625e-07 1.6511270689471174e-06 5.321595388117746e-07 3.7706644684975774e-05 1.051135613768358e-06 9.275999303527151e-06 3.4846142711031515e-06 2.4497741964010118e-05 1.2442859393410369e-06 9.561952075070849e-07 0.0
4.538698012987604e-06 7.559603315199825e-05 9.339152644406097e-06 2.1480155924228798e-06 1.022953487696538e-05 4.714860532957506e-05 1.0223957066929668e-05 2.9890084371710055e-05 2.8766822465339447e-06 2.6532049615908305e-05 0.0 3.2723880395798336e-05 0.0008089873897405757 2.8680302485064743e-05 5.381123059142238e-07 1.5963808052940835e-06 7.173100173549842e-05 0.0014786062366791803 0.00015215005615162487 8.34900258830506e-06 2.3707921808645168e-05 1.3933434332022698e-05 1.909586332421937e-05 1.0610744926301269e-05 0.0005579421675091332 0.0008369711495818389 0.0005155598809619947 1.4679060119900485e-05 0.00014111487044160493 2.3323847653241754e-05 0.00018814093869998233 0.00016499863718314958 6.722051766592086e-06 0.005226746525450657 8.480130919951316e-06 0.0009119999530572387 0.0034937964350375316 0.003440858757189176 0.0008533764580245433 6.467525281097513e-05 1.687007520539286e-05 0.0012072387762152431 1.3339051108078209e-05 0.0 8.165510423714512e-06 2.130278056955999e-06 0.0 0.0 0.0 2.136807290455217e-07 0.0 7.503490570650294e-08 0.0 0.00011158654829115393 0.0 0.0007570951956340224 5.377057406669818e-08 0.0 0.0 0.0 9.7814394671428e-06 1.2241874584958574e-06 0.0 0.0 8.251353618473224e-07 0.0 6.384947515788151e-07 7.835198586152573e-05 6.0178169020906434e-05 0.00012770212597108758 7.281424484233967e-07 0.0 0.0 8.431885232320096e-05 0.0 0.0 2.8439894517067704e-06 1.3870326560720758e-06 6.014568844217788e-06 9.069354619118181e-05 3.845829308044206e-06 3.826070696505127e-07 0.0 0.0 7.681313817640147e-05 1.1361440921915674e-06
5.549575468488392e-07 2.404376042559162e-07 2.2781050468391018e-07 0.0017622604425604025 3.447293791681586e-05 0.0018296052486798087 7.005108058092949e-06 0.0006212346469190073 0.0005066078842083702 0.0032815036874822025 3.2723880395798336e-05 0.0 8.500999421829781e-07 0.00019706537118896987 0.0008008222333437982 0.0 6.581093410464983e-07 1.2211275018432717e-05 7.144680813820426e-07 0.003786778025230667 0.0 1.8653203971028204e-06 2.0898932649452823e-07 0.00023139877092330047 1.9737216572418782e-06 5.127569974464786e-06 1.8977812326841012e-06 0.00033211937880336126 0.00026674037597028356 3.6303648945292643e-07 3.0538566183566544e-07 0.00011407158407164935 3.893204432963807e-07 0.00020942583070019533 2.4397299838999265e-06 0.0005378867730460161 2.2898454306939832e-05 0.00037301686443769655 6.0147335011087785e-05 0.0010972818444152917 1.7436307970316513e-05 4.844204373656691e-06 4.682032242705449e-06 0.0 3.7937661213534416e-07 0.0 0.00010416611507342371 1.0353237315549775e-06 2.5973204363368223e-06 4.035406613112397e-05 4.359563024592409e-06 5.2137135474488363e-05 6.422885117173967e-05 6.375036120823248e-07 0.00014157792636605468 6.344142331147778e-08 4.431679414510614e-07 3.0258832503412992e-05 1.9722500485134184e-07 0.0 0.0 0.0 4.393406398829966e-05 1.6643839773101538e-07 8.666553202121432e-07 0.0 0.00013253567738759548 0.0 0.0 2.6996511549189145e-07 0.00015178104142281982 7.347262304436912e-07 4.469664578933035e-06 0.0 0.0 3.6191343701536556e-07 1.7497410933899598e-06 3.808890281543799e-07 2.3853024890344343e-05 0.0 1.1294448981937243e-05 4.312446800537121e-06 0.00018261313140825202 1.0817017198475355e-07 5.068314883314279e-06 1.241194588451872e-06
9.959352864454135e-08 0.0004132739119055463 6.058349002868327e-07 1.412599213343883e-07 7.536946996910357e-07 1.0199202142066267e-06 2.2422764754517418e-07 3.2258978771858797e-07 9.766683065548032e-06 5.085927876615071e-07 0.0008089873897405757 8.500999421829781e-07 0.0 6.06073134263894e-07 6.490675730876863e-08 2.4589536686240936e-06 1.1222556232818878e-06 2.2754498969774406e-05 6.002740736653712e-06 1.8677440897928073e-07 8.627301049341969e-07 8.50729102489396e-05 1.1031767407825733e-06 2.3021143067729432e-05 0.0018963640110088833 0.0007336876579521256 0.001871646261654199 2.3240740672032222e-06 1.9938879970790566e-06 5.9368668092257936e-08 0.0013336974031633705 2.3873849751491447e-06 0.0 0.0006037764847013831 2.841025299334419e-06 0.000325410146398699 0.0013400957769526157 0.00099349856475717 0.00011034944511459721 6.7801627746652476e-06 5.513456675229268e-06 0.0007315592985557589 2.7013919591869508e-05 0.0 8.647109193446159e-06 0.0 5.660746761589623e-07 0.0 0.0 0.0 4.859644318906587e-08 2.1501728028800018e-07 0.0 0.00015355100492658522 0.0 0.0009878748257617365 0.0 0.0 0.0 0.0 1.393174199251465e-05 7.01518768860368e-07 0.0 0.0 2.2195901873040307e-07 0.0 1.117413890424807e-07 0.0001656328474228874 8.6534386636275e-05 0.00018080683577515404 0.0 0.0 0.0 0.00010285409171679443 0.0 0.0 4.3089686610515075e-06 0.0 8.44709208638366e-06 0.00011235349048471816 1.0962479873483025e-05 3.9627144306968496e-07 5.444280310360897e-08 0.0 0.0003355856458227476 0.0
0.0027990686598653317 1.9882027364600215e-06 0.0001586303035090376 5.6338903677548876e-05 2.153428703927507e-06 0.00018450325105059246 0.00621718430027477 0.0023345695634409648 3.09287480263611e-05 0.0005739032670080759 2.8680302485064743e-05 0.00019706537118896987 6.06073134263894e-07 0.0 2.569825454591571e-06 3.4129033408159416e-07 0.0007946955865772255 4.279889736616735e-05 0.0001401911645022043 0.00010354665264162706 4.475754380229301e-06 2.9113734116174003e-07 0.000104646844474605 0.0003545978227031885 1.6715521995656065e-07 0.00011689418856228303 0.00016547133040545925 0.0006728624502500966 0.0018461060821604576 0.0011917320262693773 3.5013529756219877e-07 0.00042677967995007033 8.481368678877961e-06 0.00025505671207875315 8.758558565785307e-07 2.8785156239067666e-05 3.601775710708419e-05 0.00020426102641832644 3.691314930804639e-05 3.8132608146363814e-05 1.0661112911325903e-06 2.1393507821697306e-07 4.4797144200259234e-07 6.513540066316317e-07 6.266192796061603e-07 6.938308399617169e-07 2.3176145162448787e-06 0.0 0.0 3.835748284744175e-06 7.863608544314923e-07 1.580957130312025e-05 1.7377106484802228e-06 0.0 4.364321491623294e-07 0.0 2.3035924209282566e-07 3.35134243672675e-07 6.008598042647724e-07 0.0 0.0 0.0 2.6381405061136843e-07 1.2717656386937466e-06 2.5638274864508624e-06 0.0 5.236317488245493e-05 1.0414949081215199e-07 1.0920454969169836e-06 3.7379516888191496e-06 3.9844363797730744e-05 1.3734838315162731e-06 1.391490984188495e-06 0.0 0.0 3.3363495624829684e-07 6.938221242596128e-07 1.2500984654839304e-07 1.0810309415131547e-05 1.7469655658500735e-07 4.264328706285664e-06 1.99222452324887e-06 3.6357643174517837e-06 1.0974414450455835e-06 0.0 0.0
0.0 2.3911575579503766e-06 0.0 4.189376752429488e-05 0.0008245082345490161 0.001233931428867696 4.448470403669639e-06 1.8946713859359518e-05 0.0006089258982068146 1.7446364373313615e-05 5.381123059142238e-07 0.0008008222333437982 6.490675730876863e-08 2.569825454591571e-06 0.0 0.0 0.0 4.018203969999662e-07 5.947418504370531e-08 6.445105163121285e-05 0.0 1.5593753188130576e-05 7.31843099161519e-08 0.0002766518718765141 6.164382674359169e-07 1.3294581159758678e-07 5.789280412924989e-06 2.085436709165211e-05 5.775494158476669e-06 0.0 0.0 2.268409438012469e-05 0.0 5.135899481463349e-06 5.3300160677738496e-08 0.00010194599339580895 2.4439006268398667e-07 6.3608742344515176e-06 2.7849485390040696e-07 0.0008121206680914515 5.111911198085033e-05 5.6284496720821384e-06 0.0 0.0 0.0 0.0 8.939255469261131e-06 0.0 1.5207946565571425e-06 0.0 0.0 9.038486910977845e-06 7.5245342337313305e-06 0.0 2.7259470886648214e-05 0.0 0.0 8.306393473495156e-06 3.9983124499862677e-07 0.0 0.0 0.0 6.192518808230973e-06 3.486266530825688e-07 2.0719744993520038e-06 0.0 1.234137178618931e-05 0.0 0.0 0.0 7.603644594083739e-06 0.0 0.0 0.0 0.0 0.0 8.635783854101482e-07 8.58789554615316e-07 3.0087350600252897e-06 0.0 0.0 0.0 4.2197011684039325e-05 0.0 0.0 0.0
0.0 0.00011439481821586708 5.746293139068825e-06 0.0 0.0 0.0 1.3977977878009036e-07 7.661526208323602e-08 3.053401157589849e-05 8.642005841153218e-08 1.5963808052940835e-06 0.0 2.4589536686240936e-06 3.4129033408159416e-07 0.0 0.0 2.9517892661798226e-06 1.4568495987208984e-06 1.1116854916272633e-06 6.010428100778695e-08 0.0018542395394816752 0.0028412686010686737 0.0020853391420396993 0.0010672964769393594 1.4249356550197087e-05 4.115047486429917e-06 0.002344324744567708 0.0011363084618951482 2.5813648144388793e-07 6.892750912594072e-06 4.882435425217988e-07 1.8277239884122495e-07 6.798034175849946e-08 4.0697627558922356e-05 4.013974514018836e-05 0.0014464962326991729 0.0002898436899738759 0.0005171131986510298 0.0005616329944017815 9.989888652238431e-05 8.847492948701784e-07 1.1482696296709927e-06 1.1108967124502775e-05 1.5607727062305687e-07 2.5271742354261426e-06 1.1399226568074552e-05 0.0 0.0 0.0 3.95536864455762e-06 5.965293878115772e-07 2.425983952823644e-06 1.587491765536337e-07 0.0 2.1122697890950945e-07 2.552052917515965e-07 1.5201051875647242e-06 2.5956253974020915e-07 0.0012350041992759129 1.3297838180781084e-07 1.2644145207082001e-07 1.217196761834442e-07 0.0 0.000205885276315272 0.0006936399732027438 0.0005862527710995295 0.00011381100246244027 0.0 3.363075322493265e-07 0.00015648279846243763 0.00010796653804798032 2.2579413633526463e-06 1.3100583147201016e-05 0.0 0.0 1.4633768172225404e-07 4.658919880687884e-07 1.7372761125777934e-06 4.006771518457234e-05 2.8776801250247027e-06 7.2880555110073995e-06 8.03224699393608e-06 1.4833285095625968e-06 0.0 0.0 2.3217986180284847e-06
0.0001821499489840733 0.00013682711901581287 0.0026534674579814 5.289367631757258e-07 4.4989780361628603e-07 1.1893832606635824e-05 0.0006457071930565825 0.0003902388525561972 6.047600833494391e-07 1.759049350282341e-05 7.173100173549842e-05 6.581093410464983e-07 1.1222556232818878e-06 0.0007946955865772255 0.0 2.9517892661798226e-06 0.0 8.846610549674242e-05 0.0014579984574118973 4.216030257785615e-07 0.0004975204707200636 7.94443694137724e-06 0.0008735204356627213 8.01099284258094e-06 2.7986778087465972e-06 0.0010890050410423987 0.003975569356845658 0.00038030921037152354 0.0005124926237721699 0.0019904069781619066 1.3828516749022927e-06 9.542017455168686e-06 2.0900741739164843e-05 0.0013571043800992028 3.263625495243546e-06 0.00028136149428447266 0.00047208634042430293 0.0003552177946063022 9.385287540710813e-05 8.701636329702476e-06 8.730250913022455e-07 3.460769153541917e-07 8.821071448539237e-07 0.0 5.650592472786281e-05 6.827198962633922e-05 0.0 0.0 0.0 7.338340890703863e-07 0.0 9.824553834218998e-08 0.0 0.0 0.0 4.5290840144345284e-07 0.0 0.0 9.065735038768279e-07 4.361877553233197e-06 6.07831533146156e-08 2.90697974051346e-06 0.0 3.4455262951570617e-07 3.946672283558579e-06 1.703558971476976e-06 7.652077353419835e-07 1.584085022057469e-06 5.44495507513585e-05 0.00028335546614086885 6.352884405310353e-07 1.1489209860132991e-07 0.0 0.0 0.0 0.0 7.954298368231233e-07 0.0 1.1633846338272346e-06 4.786741936347238e-06 3.571744848291755e-06 4.931358609118497e-07 0.0 0.0 0.0 5.44015229347419e-07
1.0066564725608368e-05 7.91650111070865e-06 1.8423868103606872e-05 8.10784860215561e-07 1.8995527362299333e-06 1.5309776597938743e-05 1.1400005843259408e-05 2.1834851907955307e-05 5.886130989026086e-07 9.295885343321484e-06 0.0014786062366791803 1.2211275018432717e-05 2.2754498969774406e-05 4.279889736616735e-05 4.018203969999662e-07 1.4568495987208984e-06 8.846610549674242e-05 0.0 0.0006760171602492043 3.718513538474126e-06 2.65191846269669e-05 7.225563869486825e-07 1.8079373377750722e-05 2.5858005707534735e-06 6.982374376819348e-06 0.001610947973962664 0.0009166775872063753 1.0912433158523201e-05 8.382754060465526e-05 4.0486756262981626e-05 6.837452316088872e-05 4.07261321501775e-05 5.580768679145701e-06 0.0013389095184970653 7.3374538131486895e-06 0.0010771147778388444 0.00042008252764253834 0.0013599123198155903 0.0002820025687115704 2.9626881521075994e-05 2.1224970887749746e-06 3.846387462372744e-06 4.266796944302109e-06 0.0 5.145238569254508e-06 1.2037908824510937e-06 0.0 0.0 0.0 0.0 0.0 2.7991965342152043e-07 0.0 1.7448151934619226e-05 0.0 6.262542682037031e-05 0.0 0.0 0.0 9.782939587369026e-08 6.775601710389763e-06 4.551391856362928e-06 0.0 0.0 0.0 0.0 4.45058861124019e-07 3.9273489607939445e-05 7.438489157753492e-05 0.00020007425482036631 0.0 0.0 0.0 2.7976075746124784e-05 0.0 0.0 2.2199199576911632e-07 2.7793267436293505e-07 1.5621856455046669e-06 1.1987531209616646e-05 9.973699455746184e-07 2.2985536825718316e-07 8.377682192390051e-08 0.0 1.369455339236679e-07 0.0
2.7830468101374655e-05 1.958297090108874e-05 0.00016869056923256813 1.0258423973791225e-07 2.82825251208732e-07 3.6697909258050138e-06 6.083301939294e-05 6.252704341263935e-05 4.219940693223859e-07 3.012705002505961e-06 0.00015215005615162487 7.144680813820426e-07 6.002740736653712e-06 0.0001401911645022043 5.947418504370531e-08 1.1116854916272633e-06 0.0014579984574118973 0.0006760171602492043 0.0 8.204445432148662e-07 6.118620237194271e-05 1.4846629500831492e-06 4.975870960453524e-05 2.4587624831652545e-06 9.846603450139749e-06 0.0024257483475999767 0.001077044950524462 2.733570440959448e-05 0.00015070611799447955 0.00015792922170508508 7.403037695794892e-06 6.088482324800687e-06 1.0943128334530243e-05 0.0013474675575991838 2.975550309044099e-06 0.00043665842119003986 0.0003828241211546124 0.0007457528138706035 0.00011574197576901842 1.3071461377982873e-05 5.817767338251275e-07 0.0 1.048805884100726e-06 0.0 2.4616446102989912e-05 8.723400285016765e-06 0.0 0.0 0.0 1.2002217234668998e-07 0.0 1.0422811879357166e-07 0.0 1.099484437207806e-06 0.0 8.573359487654362e-06 0.0 0.0 4.752580557681077e-07 8.320977193148017e-07 3.6753344665232797e-06 1.0408621136880007e-05 0.0 0.0 7.954196421798059e-07 2.4142590552541706e-07 2.4192686934080743e-07 1.4827612590276625e-05 0.00016251867600174534 0.00039381261400066157 5.206471445139745e-07 0.0 3.1867086153046305e-07 5.673593323593577e-06 0.0 0.0 1.1199543189601074e-07 4.4742932150274704e-07 1.466449348704417e-06 1.8225605643032096e-06 1.5864611445315238e-06 1.372161370898174e-07 0.0 0.0 0.0 0.0
2.319066836516732e-07 1.4109358591691344e-07 5.62646667515653e-07 0.002320118880564158 4.106628127769849e-06 0.0002692188415807613 3.4200123230999045e-05 0.00025361959944590254 0.0003069120076238819 0.0022378145803253506 8.34900258830506e-06 0.003786778025230667 1.8677440897928073e-07 0.00010354665264162706 6.445105163121285e-05 6.010428100778695e-08 4.216030257785615e-07 3.718513538474126e-06 8.204445432148662e-07 0.0 0.0 0.0 2.2255268200672193e-07 0.00034498662611671775 8.579896666274664e-06 1.750835859281977e-06 9.501278727158579e-07 0.0012923895010399004 0.00010687865780950861 3.6860006049151396e-07 9.791004842512094e-08 3.230499327564802e-05 1.3896296289811592e-06 6.66280411800982e-05 3.6433658503379803e-06 0.00022386696430007558 1.2421845543678258e-05 0.00020169093802330297 5.5340496245140414e-05 0.00024204745686595371 1.1571426269848563e-05 6.203433806002788e-06 4.787577346684278e-06 0.0 2.812969449475296e-07 0.0 0.00015896642408684436 2.0281961068157295e-06 9.343593823505139e-07 9.085786778370407e-05 7.013877356260776e-06 4.889689217384751e-05 9.81880874923131e-05 3.156112624083258e-07 8.775112402652431e-05 0.0 4.1438475356788e-06 1.2819949040731622e-05 0.0 0.0 0.0 0.0 4.541227399240464e-05 0.0 8.695921624273252e-08 0.0 0.00025604330410621885 0.0 0.0 1.0872435853896692e-06 0.0002953947760779104 2.7495985702238462e-06 2.5442864515740275e-06 0.0 7.55913293387852e-07 2.551428890475699e-07 5.8605754448407926e-06 2.2490854442201383e-06 6.648875312773368e-05 9.323058557235298e-07 2.5382442396385633e-05 6.199663348282136e-06 0.00012722881640840302 3.7523180998379474e-06 5.400672584768954e-06 1.0187804770147908e-06
8.899924573631029e-07 6.178024437686776e-06 0.0007128774066430552 0.0 0.0 0.0 1.984870414834617e-05 2.0943465531746525e-06 2.4503182376099478e-05 5.5075017447565e-07 2.3707921808645168e-05 0.0 8.627301049341969e-07 4.475754380229301e-06 0.0 0.0018542395394816752 0.0004975204707200636 2.65191846269669e-05 6.118620237194271e-05 0.0 0.0 0.00028005246882304916 0.008187239137285975 0.00018879424351622668 1.3134726711565565e-06 6.750734444864592e-05 0.000248872296631136 0.0022449298528191097 6.563041319996464e-06 0.004127844948944861 3.018076483490598e-07 3.2094166807420583e-07 1.2846655526643967e-06 0.001695242654662117 0.0001217984704907089 0.002938552321730732 0.00043922619087326844 0.0036947171236771164 0.0015718258122425577 0.00019009552904171196 4.405977278055116e-06 1.0948791291375635e-06 2.9184061068589327e-05 7.008650146230849e-07 6.43251921544752e-07 6.44768602083598e-07 0.0 0.0 0.0 4.1809945711926293e-07 0.0 9.600049313562717e-07 0.0 0.0 0.0 1.5253506761593633e-07 3.7345304574598486e-07 4.510219856011816e-07 0.0002662215095571428 1.2256626233839349e-07 0.0 0.0 0.0 0.00013622462635036516 0.00012173435513446706 4.893038641122598e-05 6.804258417210133e-05 6.663763544029024e-08 1.0471689737777758e-06 9.815228415865076e-06 7.002982535267541e-05 1.4042738847132142e-06 7.25524231887851e-06 0.0 0.0 0.0 5.264293643275311e-07 8.900649398412268e-07 1.9498914391757836e-05 7.930480618261782e-07 1.9897775743279544e-06 1.3698610573234201e-06 6.957815538501521e-07 3.808245865216897e-07 0.0 2.6723463966027804e-06
0.0 0.0015111368418865632 1.3165256413674285e-05 8.984695186615929e-08 7.364973223748167e-07 9.636302326719761e-08 6.84137452418635e-07 9.359673312712503e-08 0.0009705197509684707 0.0 1.3933434332022698e-05 1.8653203971028204e-06 8.50729102489396e-05 2.9113734116174003e-07 1.5593753188130576e-05 0.0028412686010686737 7.94443694137724e-06 7.225563869486825e-07 1.4846629500831492e-06 0.0 0.00028005246882304916 0.0 0.0005166590067583513 0.003501642008286216 0.00040088938402125027 1.4393996766372328e-05 0.0034999648733707416 0.00023038448405361147 8.210867435230565e-07 4.326121875938669e-06 1.0003297118572344e-05 0.0 1.474888675463979e-07 1.0377182603857488e-05 9.59409583331386e-07 6.829607046032713e-05 2.353241339948576e-05 3.262561391296828e-05 1.5282504625212615e-05 3.48431924195451e-05 0.0 1.055943279286375e-05 3.2718676777034563e-07 0.0 8.778317718166968e-06 0.00010647880552908393 1.762429394325395e-06 0.0 2.1520376089501697e-07 2.855746737610203e-06 2.3525566705750862e-07 4.262317729132433e-06 7.127825622339582e-08 9.508119763584358e-08 0.0 1.060575346141529e-06 4.739567598038821e-07 0.0 0.0009026040795807829 7.61990463856083e-07 1.3538029720808071e-07 3.421722185907539e-07 0.0 0.0001071452312963965 8.443496110701324e-05 0.0005247229533686894 5.860336378061883e-05 8.160232269185303e-07 5.4105202033854015e-06 0.0006944835246229707 5.26722437349072e-05 4.043098810359832e-07 6.349122160738965e-06 1.7083051810047913e-07 6.435188632544985e-08 3.8828465317664573e-07 1.3172220072992931e-06 2.7205413670800453e-07 3.0134126418945722e-05 4.156181220971955e-06 1.2647193142192042e-05 8.815450194007103e-06 1.1276320053532659e-06 0.0 5.068719127246024e-07 3.3615558420171696e-07
2.9559726835343234e-05 2.2316885156154768e-05 0.008202845182155555 1.8528879099213982e-07 0.0 1.7089247233592416e-06 0.00024066276178415986 4.3654419006329185e-05 2.0430914714499757e-06 5.937475922412267e-06 1.909586332421937e-05 2.0898932649452823e-07 1.1031767407825733e-06 0.000104646844474605 7.31843099161519e-08 0.0020853391420396993 0.0008735204356627213 1.8079373377750722e-05 4.975870960453524e-05 2.2255268200672193e-07 0.008187239137285975 0.0005166590067583513 0.0 0.0002693465554894427 1.5751938667915785e-06 0.00025536841000288235 0.006960524917514328 0.002686818643761086 7.080279209224618e-05 0.0023613071865245376 9.739653849774526e-07 1.7365016930106113e-06 3.603643030500029e-06 0.0018543109126390198 0.00016937727357651869 0.004915960227577779 0.0024832457089574997 0.005718511577710693 0.00426428656210881 0.0003976245512600719 1.0576756100349138e-05 6.58096362260449e-06 5.078809562642809e-05 0.0 1.7900068717944442e-05 0.00014667442132071758 0.0 0.0 0.0 3.5129705087600514e-06 9.188205155569133e-08 2.0230741265641962e-07 0.0 0.0 1.0273777680973843e-07 6.065767783610955e-08 2.8061962816139504e-07 0.0 0.0008559988384640342 1.597615046350853e-07 1.4850824094003904e-07 0.0 0.0 5.0886113412609586e-05 0.0005841327503661958 0.0008198307000967907 2.2289307846681946e-05 0.0 6.815527561574914e-07 0.0006196440269439208 2.2484849266017086e-05 1.4661724947381866e-07 2.461758731912296e-06 0.0 0.0 0.0 1.676047884109769e-06 2.705907234198045e-06 3.451323877292992e-05 2.3267366543682873e-06 1.7142255947126706e-05 9.758625310407822e-06 6.237385270740953e-07 8.423522573585885e-07 7.806767233597913e-07 9.545700061866755e-06
1.2034546932676447e-05 0.0004810235752003893 2.688284866132997e-05 0.0013126223061297167 1.4497984171928163e-05 6.27091271728969e-05 0.0009695169981698589 0.00029518509669850494 0.0045111932771990755 0.0002349971187029023 1.0610744926301269e-05 0.00023139877092330047 2.3021143067729432e-05 0.0003545978227031885 0.0002766518718765141 0.0010672964769393594 8.01099284258094e-06 2.5858005707534735e-06 2.4587624831652545e-06 0.00034498662611671775 0.00018879424351622668 0.003501642008286216 0.0002693465554894427 0.0 0.00010371387504332585 1.3485518319205204e-05 0.0015121680760632756 0.0033336063855855767 0.0005408456454211451 9.542059575797348e-05 3.1955114744297113e-06 1.928946101515054e-05 0.00012040354974612146 0.00019114046285669404 8.209841627246089e-05 0.0025525173211866205 9.349543199572475e-05 0.0010105015491452378 0.0004405653179240021 0.0004679537763437793 2.4514035172188403e-05 1.2903386060356472e-05 2.825133166133258e-05 8.39749406974391e-06 4.946675907544441e-06 6.178698193527076e-06 0.0002919882034717945 2.11351548357039e-06 4.72619574866204e-06 0.00023930632521024724 1.533808240322163e-05 0.0004593455745231473 0.00015665030888674118 1.0661957343682972e-06 0.0001213172761324266 2.1751511148737223e-07 3.754744491475993e-05 3.335387998939022e-05 0.0002220019149177536 7.299470725944676e-07 7.180982742120517e-07 1.0234974571122118e-06 7.758413935045084e-05 0.00018015937345634657 0.00022882655613148828 3.642186614407439e-05 0.0016819549802248332 1.1617392375406215e-06 1.7246630270506865e-06 2.5625495725950875e-05 0.001366181152033524 5.0327730250226195e-05 9.931550445769939e-05 1.4570866744333194e-07 6.87900213901515e-07 6.729472136358932e-06 2.2723381247339826e-05 9.039909910881169e-06 0.0004175185654288505 3.9184240804035415e-06 0.00010554385889220234 3.782367539957917e-05 0.00021767688533323246 6.74162146612565e-06 5.584782075695237e-06 2.1933261010495027e-06
0.0 0.0008509477000614109 1.317255013055312e-06 1.8987963319854969e-06 0.0 5.1357238751425385e-08 1.7619319244487947e-07 6.687316999067018e-08 4.39714194109381e-05 1.479332199809608e-07 0.0005579421675091332 1.9737216572418782e-06 0.0018963640110088833 1.6715521995656065e-07 6.164382674359169e-07 1.4249356550197087e-05 2.7986778087465972e-06 6.982374376819348e-06 9.846603450139749e-06 8.579896666274664e-06 1.3134726711565565e-06 0.00040088938402125027 1.5751938667915785e-06 0.00010371387504332585 0.0 0.00022269624703742107 0.004389235085436676 4.9052655200573074e-06 8.937081463966731e-07 2.314535006457858e-07 0.0001527775059069778 2.5785540124758704e-07 6.794489024532834e-08 0.00021579342846464623 1.732873218432692e-07 0.0005066936399876521 0.0002988510050446577 0.0003289774241600962 0.00011270078514782354 6.346060717487218e-05 5.269192802127442e-05 0.0003936964418569018 1.0098838769478495e-05 0.0 3.343187693674714e-05 4.429693038515436e-07 1.5196552448280976e-06 0.0 0.0 4.9382770865437516e-08 0.0 0.0 0.0 4.871902774432763e-05 0.0 0.00040091776688463526 0.0 0.0 1.6217897045607794e-07 7.874818727266069e-08 3.3814496115527983e-06 2.1701704620531206e-06 0.0 0.0 7.151440149513136e-07 0.0 4.6705064517848107e-07 0.00017349205101019748 5.5893636771514805e-05 0.00036161646922367634 3.318467057273622e-07 0.0 0.0 2.5237015728092364e-05 0.0 0.0 8.539809270675774e-06 0.0 6.69006436163129e-05 1.7113968295966866e-05 8.693301892899866e-06 5.3551732694336e-06 8.680582754364944e-06 3.3664897047752946e-06 2.5914739682537636e-05 2.997661485294599e-06
