0.0 2.46193124810589e-07 1.3789784684185863e-05 9.359492945135065e-07 4.8603532616292185e-08 1.6096049366903736e-05 0.0013249677977370475 0.001045321324174365 3.651982988589676e-06 4.59188117019118e-05 1.8386887356883725e-05 1.2057960721232396e-06 3.5843618194539967e-07 0.0036879178173019225 0.0 1.943140766633339e-06 0.00013553199136532716 1.2472374729125095e-05 3.9777101298015646e-05 2.6985778676725583e-06 6.15317184932719e-05 8.24930803695541e-07 7.211718088810132e-05 0.00011433808806987072 4.586333175463512e-07 3.891027240121765e-05 4.2630817041765966e-05 0.00010084497593547016 0.0025001968318669344 0.0014358840118784521 1.8773558226000145e-07 2.4614006176758834e-06 3.3656856904958284e-05 0.0002353440366549505 8.427472538818456e-07 1.0986862690808053e-05 5.716648245541869e-06 9.290189456553587e-05 9.292219644441036e-06 8.436186888909637e-07 8.403479144728723e-08 0.0 0.0 4.409062783855605e-07 3.157862655505062e-07 2.156211975775575e-07 0.0 0.0 0.0 6.217274519660849e-07 0.0 5.499239824802192e-06 0.0 0.0 0.0 1.6080183272242907e-07 1.3567306903515326e-07 0.0 3.8608546655135586e-06 0.0 0.0 0.0 0.0 2.5391945236635875e-06 2.157125390075124e-06 1.1569872423958649e-07 4.76180227099716e-05 0.0 2.7031150887873642e-06 4.9483137143163635e-06 1.1915465395190064e-05 1.0192902819547022e-06 9.601512044288117e-07 0.0 0.0 1.7580821327557427e-07 7.923916896566406e-07 0.0 3.1016241219263705e-06 1.5958051809026346e-07 1.1370012797307003e-06 3.320832393409741e-07 0.0 4.0638712741045923e-07 0.0 0.0
2.46193124810589e-07 0.0 0.0002561345289057631 0.0 0.0 3.9377131619658e-07 2.424810333138264e-06 8.150815167405148e-07 0.0006929391764367617 6.853905089554811e-08 2.7961405361526303e-05 1.1597731160331361e-06 0.0006742258348570258 9.59479741845597e-07 1.1113507587149587e-06 9.899447281756712e-05 2.138996041275873e-05 5.043567943016913e-06 1.577357400680954e-05 0.0 6.051468385428798e-06 0.0016566007004607242 1.0850736623769143e-05 0.0007286114876521817 0.0019096192255736836 0.0003107854878697271 0.005964941373030971 9.745844802965897e-06 1.5674118329498523e-06 2.3106522851246703e-06 3.0292611046838512e-05 0.0 6.072530494993349e-07 4.872028739210226e-05 1.0614053518569432e-07 4.688572679375321e-05 3.216239928426572e-05 5.9202743414194835e-05 8.350819648572799e-06 2.6590654766855273e-06 0.0 4.22467352472414e-05 9.917542660136051e-08 0.0 5.113840144319609e-05 7.461133862281298e-05 0.0 0.0 0.0 9.111689391546887e-07 2.200479397174412e-07 1.5806788300820225e-06 0.0 4.7533124425208955e-06 0.0 2.5747032747975433e-05 7.809414899442128e-08 3.664695616757294e-07 5.1163808697809294e-06 1.4283363927048689e-05 2.5316645615952777e-06 2.8094215439657104e-05 0.0 0.0 1.1401118017312631e-05 2.158424975930915e-06 3.2145265910410954e-06 1.0965908443209842e-05 0.0001293382686865284 0.00094823791861025 7.41871909173191e-07 2.2140052102734984e-07 5.259635907232904e-07 3.3909223206828446e-06 0.0 0.0 1.9426659712147944e-06 2.0971524800382382e-07 2.1705432719704778e-05 6.622316512902361e-06 1.7454953122271767e-05 5.466963132844398e-06 9.5300448781266e-08 0.0 4.7587723631641273e-07 0.0
1.3789784684185863e-05 0.0002561345289057631 0.0 1.587098587047913e-06 0.0 2.3346880570319633e-05 0.0013662449377212294 5.72329101779727e-05 1.3669419240179997e-06 3.6800265727271926e-05 9.071410254136593e-06 8.469268102882299e-07 3.6700616383083244e-07 0.0001369214354624892 1.0975857633952354e-07 2.6860180101628134e-05 0.0017754997396324259 9.79460683027663e-05 0.00017241929064618024 7.397076183476763e-07 0.00019858745939671727 1.3990926113398761e-05 0.008371551249096668 0.00015357518943720538 2.2338120088219468e-07 0.005315975506818773 0.00576704164121018 0.0004693484627682381 1.1950287921339635e-05 0.0002980349435750829 3.7788792001806174e-06 2.3581807464939245e-07 2.5099023301125792e-06 0.00028327563147636077 1.3322503669902359e-05 0.0011470218217038317 0.00015082042187304344 0.0012141838305223763 0.000267050572195671 8.215130994942438e-05 2.015295295250687e-06 1.052946619624551e-06 1.4433167824475786e-05 1.1286745889754427e-07 0.0004159377112890442 0.0006777683343848793 0.0 0.0 0.0 1.244141219584569e-06 6.086070650123721e-08 7.697996686321121e-07 0.0 0.0 0.0 7.301573297748127e-07 5.827683955039929e-07 0.0 1.125819193577886e-05 0.00010081708775672059 2.0185171006987327e-06 1.892007135259081e-05 0.0 3.3496468530743e-07 4.011670091158667e-05 1.9727510845719122e-05 5.5066851894922715e-06 8.627689273806618e-07 0.00024396523548371056 0.0021046610790533605 2.9971101544247348e-06 8.697918574302161e-08 1.1476045371615794e-06 4.816364603160354e-07 0.0 0.0 2.0138497961237643e-05 6.817996022654444e-07 5.531283288955099e-05 9.285899103009976e-06 5.8974288682653094e-05 2.563818155239126e-05 1.1756417411558097e-06 0.0 0.0 2.3622189349815645e-07
9.359492945135065e-07 0.0 1.587098587047913e-06 0.0 0.0 3.58478935458243e-05 0.00010693310336888256 1.3808086941833126e-05 0.00044063228208738464 0.0008941191260336604 2.780082011820396e-06 0.0027021263174536736 1.1338593157114305e-07 1.5596817612172367e-05 3.623492189007057e-06 0.0 6.572564097033177e-07 3.502856344134864e-07 1.2130400507906526e-06 0.0011958853971571494 4.375267765337241e-07 0.0 2.376773908342475e-06 0.0008745401927098124 8.057606223640612e-08 1.9712074088831695e-06 1.2444477104416976e-06 0.002890146684248515 4.646564149334926e-05 1.159206745920564e-06 1.5493895869783893e-07 1.401987040141666e-06 2.2188184330651268e-06 1.3670072354854223e-05 1.5350094050631616e-06 7.704792001740099e-05 5.899621708799893e-06 7.310922621904588e-05 2.9718624792251172e-05 8.380171314983261e-05 4.356035637145909e-06 1.3499073865409197e-07 1.6176486303194106e-06 1.0690975437297392e-07 0.0 0.0 0.00026365789264233227 0.0 8.420063507274306e-06 2.5152230914274585e-05 3.873812867996793e-06 4.458879824588067e-05 6.179723122030087e-05 4.5462900592571874e-07 5.549225958907791e-05 0.0 5.67080900345427e-06 3.1190578500622333e-06 0.0 0.0 0.0 0.0 0.00012092401739870784 1.9303600962425713e-07 0.0 6.558354976811244e-08 0.00017156464842888643 0.0 0.0 2.0535599583645976e-07 0.0002125858874557681 1.784738982178901e-06 0.0 0.0 0.0 5.544636549284193e-07 7.343353571887813e-07 0.0 3.2167209506770347e-06 0.0 1.2454786016383314e-06 9.144138896739155e-07 5.214602856275884e-06 2.3966045319722084e-07 0.0 0.0
4.8603532616292185e-08 0.0 0.0 0.0 0.0 2.6998447281451184e-05 1.4687718751534217e-07 2.8374291102347095e-06 3.967347506103799e-05 2.9062296930163175e-06 1.0610156195205192e-06 1.5759765478479331e-06 0.0 6.312490111423666e-08 0.00044447518520324993 0.0 0.0 9.527428693798592e-08 0.0 2.0133356297686978e-07 0.0 0.0 0.0 4.765396403407854e-07 0.0 1.549493896407094e-07 0.0 2.6629921847288184e-07 0.0 2.6504978851386427e-07 0.0 1.9707651772939394e-05 0.0 1.4629361240530583e-05 0.0 1.0937563701555053e-05 7.362365047103528e-07 2.201259025461813e-05 1.4173685134440112e-05 0.0005013488059061134 1.3919543161337054e-05 8.868915151476352e-08 0.0 0.0 0.0 0.0 0.0 0.0 0.0 0.0 0.0 0.0 0.0 0.0 0.0 2.581175924185718e-07 0.0 0.0 0.0 0.0 0.0 0.0 0.0 0.0 0.0 0.0 0.0 0.0 0.0 0.0 0.0 0.0 0.0 0.0 0.0 0.0 0.0 0.0 0.0 0.0 0.0 0.0 0.0 0.0 0.0 0.0
1.6096049366903736e-05 3.9377131619658e-07 2.3346880570319633e-05 3.58478935458243e-05 2.6998447281451184e-05 0.0 0.0012900931502925303 0.0025994288600201163 9.985169115629068e-05 0.004908046817289885 7.84017954730846e-05 0.002936028331943425 3.2135235225609054e-06 0.00047170574267855873 0.00023092307032307054 0.0 1.749042814902583e-05 1.584277452620041e-05 1.326052229850692e-05 0.00021559833011122807 3.357343607196704e-06 5.845896026862288e-08 3.0398688262780318e-05 0.00012263880893015493 3.4193690308830736e-07 2.1328951933879955e-05 1.2753520797780687e-05 0.0004595016961490851 0.0003226647082936317 2.142629081391964e-05 1.7446546614815371e-06 0.0005178553858256305 6.459324956976517e-06 0.00019081013095949726 3.2442079069800716e-06 0.0002331217612236093 1.6751094663994914e-05 0.0002950757335365371 8.562707229654971e-05 0.000985896822252975 0.00016874318973098375 2.6943997495905758e-06 1.4038399028245687e-06 6.645459325626163e-08 0.0 0.0 1.2973369758299104e-06 0.0 9.235299650069958e-08 4.2164896097146066e-07 5.45419619453646e-08 8.344416928950971e-07 1.1634282404046455e-06 0.0 2.0700699442898757e-07 7.238415772633981e-08 0.0 0.0 0.0 0.0 0.0 0.0 3.239696884800006e-07 0.0 2.49276504929067e-07 0.0 2.0765767977741613e-05 1.395291137254386e-07 2.114866784464351e-07 5.046836965893827e-07 6.4491935441324585e-06 1.3536614132304876e-07 0.0 0.0 0.0 0.0 0.0 1.748101232936011e-07 2.764351770814555e-06 0.0 4.254274432971381e-07 0.0 0.0 0.0 0.0 0.0
0.0013249677977370475 2.424810333138264e-06 0.0013662449377212294 0.00010693310336888256 1.4687718751534217e-07 0.0012900931502925303 0.0 0.0008034403585606054 1.887889182822606e-05 0.006215482946016629 4.754991960325065e-05 4.497939740560936e-05 1.1544543077897008e-06 0.0037693509456248504 7.785700927686111e-07 1.8483248473061637e-05 0.0006384663059948648 4.488191729365295e-05 0.00014000388617612703 5.306813034993871e-05 0.00022591075877248723 1.8038358378147858e-06 0.001812790376071734 0.001202468064506366 5.187732875200988e-07 0.00043441665905262657 0.00026845533965700534 0.014346253391644003 0.000740957801135577 0.005068742374464213 1.376771828624421e-06 7.439375960608389e-06 6.54277711906358e-05 0.00022505731110215516 9.977575134936786e-06 0.0004302810111418227 5.130141738057512e-05 0.0006454271657194595 0.00022429606174869198 2.7612780398333916e-05 7.25257269280756e-06 1.200761190765295e-06 4.924035449569544e-06 0.0 2.548963338635015e-06 6.053425747118978e-06 8.386472755548681e-06 0.0 3.392739052162213e-07 1.575292337754093e-05 1.4054465235455714e-06 1.5244421898163122e-05 7.138521769052373e-06 2.233014954554404e-07 3.29829825154826e-06 0.0 1.3568336315174825e-06 0.0 5.3454305936786725e-06 1.1974834678803214e-06 3.129644708946419e-07 1.3998548128228806e-06 3.4657995438168774e-06 9.468738917494254e-07 4.820597608360926e-06 2.355699649264065e-06 0.00014619266050382333 2.8411277140401514e-07 4.974954890536939e-06 4.003146757142125e-05 4.205303086598894e-05 2.7223002344624092e-06 1.8711094682106846e-06 0.0 5.484976748869448e-08 3.6837403094362797e-07 8.179287602593681e-07 1.726309184040563e-06 1.1821968143626458e-05 7.355072289044642e-07 3.721138169852327e-06 4.895478177968926e-06 9.652448757512157e-07 4.246706538703079e-07 0.0 8.813267905228958e-07
0.001045321324174365 8.150815167405148e-07 5.72329101779727e-05 1.3808086941833126e-05 2.8374291102347095e-06 0.0025994288600201163 0.0008034403585606054 0.0 1.0339794616976423e-05 0.001284947768050974 0.00014292171055657846 0.00043554856729983223 7.664044659651617e-06 0.003955878138653955 6.338664728178373e-05 1.5977154611659694e-06 0.00018054639393955753 3.103686844382092e-05 7.754600739755255e-05 7.99791463914147e-05 3.370672670293526e-05 3.6370787991307293e-07 0.00015040608879459574 0.00020874752068730765 1.2733209765558095e-06 9.534248405095218e-05 8.539012901536285e-05 0.00014623250591842534 0.0006445503555807761 0.0005642912136030126 2.1546435757436995e-06 0.0001278392584929778 1.9376926674506094e-05 0.0003650433257843689 4.6125778604593555e-06 0.0003249301295871612 2.686807624295562e-05 0.00046624905563585965 0.00015272079322696088 0.00034527141599505424 2.183553459371603e-05 2.564032980734214e-06 2.765642957515242e-06 6.985916605032013e-07 9.235535222055133e-07 8.217777864211236e-08 1.6741265851525934e-06 0.0 0.0 4.548031668165776e-06 2.51559488427308e-07 8.841907482779822e-06 2.1639793891297113e-06 1.9520547264783697e-07 1.120707673020566e-07 3.4357745837414456e-07 2.082012899930145e-07 0.0 1.2533399841463153e-06 3.697678414722156e-07 1.6180231304295021e-07 2.394330413332962e-07 0.0 5.517066137195643e-07 3.365394156151845e-07 1.626189186313063e-07 6.753609744009721e-05 5.236810564438454e-07 2.429162723385486e-06 6.789997138259901e-06 2.0488313115205795e-05 1.295945390788937e-06 5.718186008027599e-08 1.416851743680564e-07 0.0 6.053441045285687e-07 1.9811130831002877e-07 0.0 3.5404803676690085e-06 0.0 1.9221868611008195e-06 1.424829548039654e-06 4.6629761664105615e-07 0.0 0.0 0.0
3.651982988589676e-06 0.0006929391764367617 1.3669419240179997e-06 0.00044063228208738464 3.967347506103799e-05 9.985169115629068e-05 1.887889182822606e-05 1.0339794616976423e-05 0.0 0.00010369661323039777 8.50878976673439e-06 0.00036780804663994035 0.0001040787966798666 5.741938406536414e-06 0.00041058283378481365 1.0572715490031309e-05 1.2802732391310846e-06 6.132530053183766e-07 6.024565302286283e-07 0.00034524295989247204 4.157055308892949e-06 0.0017292330282207649 2.063896837291947e-06 0.006279225532479138 0.00024445495042285133 1.113289138644306e-05 0.00019361729300133184 0.00044332541239823405 1.736821860416422e-05 2.836305543964062e-05 8.332781354362877e-06 1.4053434504988742e-06 2.3206563753495903e-06 9.072886238734677e-06 7.256844458584068e-07 5.326162199518167e-05 9.249600254317909e-06 2.5993983535922807e-05 8.798965273314517e-06 0.00022363132014631285 4.618388909471462e-06 4.485603855712498e-06 6.426135130965764e-07 2.620307497150599e-07 3.1141396543168896e-07 1.9291505849373045e-07 0.000134258652774449 5.1748488680020276e-08 1.0960711950238413e-05 2.30582259083981e-05 3.819538772334641e-06 0.00015379992204071332 5.8424611878488105e-05 3.3569073827755214e-07 0.00015046975026489486 3.0602903795125363e-06 7.929294737929433e-06 1.0681450284370742e-05 4.90228427958454e-06 1.1716811067902311e-07 5.020570648334125e-08 6.455657790244255e-08 9.068373666955828e-05 1.0312397780557916e-06 5.347066801021116e-06 2.2790407172316644e-07 0.0006988996077936068 6.020341368008374e-07 6.33746173095778e-07 2.6052290478902326e-06 0.00012187941724890066 5.260456654700985e-06 3.1170222377547924e-06 3.3332385801755115e-07 5.5756134410799805e-08 1.491306569265533e-06 1.963973172905976e-06 7.252568060496306e-07 1.544677943683993e-05 1.203305104443686e-06 4.3779412436074775e-06 2.9939835751189123e-06 1.6219508461241293e-05 9.487880995862701e-07 7.434909843822839e-08 8.324556430210665e-07
4.59188117019118e-05 6.853905089554811e-08 3.6800265727271926e-05 0.0008941191260336604 2.9062296930163175e-06 0.004908046817289885 0.006215482946016629 0.001284947768050974 0.00010369661323039777 0.0 0.0001739112752555813 0.003153713159753101 7.216333540760087e-06 0.000999610439079577 5.082414608233244e-06 1.1143952422554788e-07 2.950826411986921e-05 4.231538472765659e-05 3.585635808493085e-05 0.0016854033237004378 4.697457525308965e-06 1.2423443361576954e-07 4.2238995421691124e-05 0.000573510104877152 7.794633210712494e-07 4.741129501011685e-05 2.3709200421850644e-05 0.002571078621489223 0.0009065387350284448 3.833403867202333e-05 3.418729227921799e-06 7.631411084790956e-05 1.2019084794975217e-05 0.0003427101119237169 1.2282136231614074e-05 0.0006154677723707579 3.727750417072339e-05 0.001387636367359698 0.0003720875190410212 0.00019992098311848262 5.4006808677487324e-05 2.570627244777926e-06 1.006208742535794e-05 0.0 2.0515536400681894e-07 3.2542299783206554e-07 6.77805729500527e-05 0.0 6.846918921263611e-06 1.9264045504132086e-05 1.4957336988051122e-06 1.1780993908130234e-05 3.0511874329078664e-05 4.474433927316091e-08 5.616717082086897e-05 2.2770997211179892e-07 5.405318366450517e-06 2.4361666131521237e-06 6.92485116191287e-08 0.0 0.0 0.0 2.2960636450816945e-05 2.2667351307485772e-07 5.509942557408127e-07 0.0 0.00014360533927062846 5.705818890933267e-08 6.68167806500669e-07 2.458985295968826e-06 6.948175799035342e-05 1.1236027521592923e-06 6.398746219755928e-07 6.38198137428616e-08 1.5097536525798886e-07 5.465731638667037e-08 1.7226890492798679e-07 7.898557877336589e-07 3.582592565043719e-06 2.5735672293111663e-07 1.1469643880133429e-06 5.839505580392523e-07 1.2566336316315468e-06 0.0 9.660106495539674e-08 0.0
1.8386887356883725e-05 2.7961405361526303e-05 9.071410254136593e-06 2.780082011820396e-06 1.0610156195205192e-06 7.84017954730846e-05 4.754991960325065e-05 0.00014292171055657846 8.50878976673439e-06 0.0001739112752555813 0.0 6.451770948926674e-05 0.000926878226720701 0.0001907077857461602 7.904402086114137e-06 1.179467820067505e-06 0.0007160463840623043 0.001844086193570752 0.0011742239103871579 2.7811631120782295e-05 1.358367451593116e-05 1.003831409490174e-05 5.549342026329387e-05 2.4359659001333973e-05 0.0004705758883750844 0.0011909373311684535 0.0003088612855204967 1.6698764247395395e-05 0.0004235242642433197 2.5597349146396405e-05 0.00011721715955231727 8.493124157597995e-05 2.4738646547557872e-06 0.004703600317893305 1.9351963557158912e-05 0.0004898297973106594 0.0022391419585446283 0.0029053811163284233 0.0009813673288966305 5.0896026756456394e-05 1.2697771142011607e-05 0.00047137168363895057 1.0995007719954937e-05 0.0 2.8448276943508954e-06 1.0064405884777255e-07 7.442700698979836e-08 0.0 0.0 3.710069146712831e-07 1.1407064816947893e-07 3.352277090944459e-07 2.479723691874881e-07 0.0004094975690008575 8.233397490240137e-08 0.0015102706573507064 2.1294786767316162e-07 0.0 3.5073969982703783e-07 0.0 8.06824094987847e-05 6.816363697551501e-06 0.0 1.6854476159154175e-07 7.78534221205298e-07 0.0 3.3012472410637888e-06 8.223266473038316e-05 0.00024683379555130307 0.0002703591312268341 1.5848318372454312e-07 2.911659680851146e-07 2.4320684189243835e-07 0.00022278634182049196 0.0 7.46915515266836e-08 2.0076109387428012e-05 2.4239957675802205e-06 9.921616139087459e-06 0.00027268810497061856 1.0194852396151832e-05 2.0740253199106485e-06 0.0 3.23864060243821e-07 0.00013353818874555385 0.0
1.2057960721232396e-06 1.1597731160331361e-06 8.469268102882299e-07 0.0027021263174536736 1.5759765478479331e-06 0.002936028331943425 4.497939740560936e-05 0.00043554856729983223 0.00036780804663994035 0.003153713159753101 6.451770948926674e-05 0.0 2.2327665365601706e-06 0.00025033383789411 8.997233560926774e-05 0.0 1.6865568277909573e-06 1.3665015828568598e-05 7.675753840181892e-06 0.0032436915925555115 0.0 4.840643073970841e-06 4.109748712153679e-07 0.00042949887809284 8.841227035820682e-07 9.181608669254034e-06 3.7952319924974537e-06 0.0005696578211702658 0.0001853803358354112 8.849806125720237e-07 1.0761332332416116e-06 7.581741902158523e-05 1.9154328029251766e-07 0.00010826173780151389 9.939532620820724e-07 3.538471542814144e-05 5.363009353545296e-06 0.00027031424321997163 3.584576382423972e-05 0.0006056386904817737 1.3617071637870573e-05 1.5950842053412904e-07 3.7283837146036163e-07 3.6916739667151527e-07 0.0 0.0 3.970087354596584e-05 0.0 8.98833029578611e-06 3.925581114061294e-06 2.0108223907279143e-06 3.86442190950048e-05 3.510318255737478e-05 2.6750112602880197e-07 8.482282259893925e-05 0.0 4.424696076026959e-06 6.883634265841297e-06 0.0 0.0 8.928903170101368e-08 6.780799469956867e-08 4.762028502116268e-05 0.0 0.0 0.0 4.790179896704207e-05 0.0 4.88978822021064e-08 6.502345676699302e-07 2.019826198453435e-05 1.870919976182932e-06 0.0 0.0 1.535772446461677e-07 8.781604326866168e-08 7.047936493848263e-07 0.0 2.3965209195783105e-06 0.0 3.905335074319565e-06 1.3654843120565487e-06 8.721585674816277e-06 5.305676547706989e-07 0.0 7.773685107932861e-08
3.5843618194539967e-07 0.0006742258348570258 3.6700616383083244e-07 1.1338593157114305e-07 0.0 3.2135235225609054e-06 1.1544543077897008e-06 7.664044659651617e-06 0.0001040787966798666 7.216333540760087e-06 0.000926878226720701 2.2327665365601706e-06 0.0 5.0285358869307445e-06 1.9747494249073533e-07 9.281705352938144e-06 2.492971117079871e-06 1.2107589540113555e-05 6.546275104227455e-06 1.2034339601765142e-06 2.650358380035456e-06 0.00016532196216654564 5.803012570269983e-07 0.00012542606959433872 0.002919295485873977 0.00013803013311026687 0.0018398520732978542 2.7400573918889043e-06 1.546399643133114e-05 8.61295139421278e-07 0.0003081948244074767 3.3778030588367584e-06 0.0 0.0011218341781712457 3.825797107265623e-06 0.00011304443877235056 0.0012618016333665351 0.0007298561886148716 0.0001940357664634827 4.4696375028346724e-06 3.248672601926314e-06 0.0009428830463647639 8.67673871995776e-06 0.0 4.439059768727479e-06 1.9884497739331745e-07 0.0 0.0 0.0 0.0 0.0 3.9262974820390235e-07 0.0 0.0005277917695751778 0.0 0.0017827743153956885 0.0 0.0 8.514410635466091e-08 0.0 4.1492897484633156e-05 2.6463659541671896e-06 0.0 0.0 3.4186333011631057e-07 0.0 1.1860851385143843e-06 0.00013746708502838988 0.0002220472276861143 0.00022852086273451004 2.084184852202833e-07 0.0 0.0 0.00022357570359118816 7.860819542043297e-08 0.0 1.0755098733367827e-05 1.7238402857798443e-07 2.2835664606001672e-06 0.0003729457059737733 1.2554043307958667e-05 4.592043941530985e-07 7.443034522121878e-08 1.3382114188130281e-07 0.0001942252566778751 0.0
0.0036879178173019225 9.59479741845597e-07 0.0001369214354624892 1.5596817612172367e-05 6.312490111423666e-08 0.00047170574267855873 0.0037693509456248504 0.003955878138653955 5.741938406536414e-06 0.000999610439079577 0.0001907077857461602 0.00025033383789411 5.0285358869307445e-06 0.0 8.134364334116386e-06 2.470187300235782e-06 0.00041231554076355434 4.904483283071299e-05 0.00013340299780368258 8.971040022581819e-05 7.912193931201e-05 3.8086928666922294e-07 0.0003447692999218289 0.00018022229431557106 4.859447323319543e-07 0.00017224584888867354 0.00016821593837421667 0.00018459252617747455 0.0021064175650663997 0.0013378821962896487 3.7285000004527014e-06 1.80405339571411e-05 2.371532516982698e-05 0.0005844666989623253 3.356659195572596e-06 0.00011712336839214408 1.3343924371461837e-05 0.0004431436655124743 9.60900807137946e-05 4.739954048733708e-05 1.4144752851691507e-05 1.019392691476389e-06 1.098043290678408e-06 0.0 1.6982614295865346e-06 4.533082532099581e-08 2.0005725819428113e-07 0.0 7.919179245564353e-08 9.710227856042458e-07 1.4949403124708582e-07 5.535561080857513e-06 9.684703903452831e-08 0.0 0.0 3.8762053001516167e-07 4.952076033007928e-07 0.0 2.685872113788902e-06 5.630641095090653e-07 7.642195057173715e-08 8.049217948697554e-07 0.0 1.5586996135569963e-06 1.490910877567832e-06 6.65468026263858e-08 5.2394752396687976e-05 5.995112004038419e-07 5.908800085422333e-06 1.3556203372953996e-05 1.4342812549295266e-05 1.954586952225516e-06 2.4067310981987983e-06 1.2978903227186696e-07 0.0 7.765752398546861e-07 8.836227477896697e-07 0.0 4.324935663521267e-06 0.0 1.6260226332928244e-06 2.6726287933721767e-07 0.0 0.0 3.6205224900929015e-07 0.0
0.0 1.1113507587149587e-06 1.0975857633952354e-07 3.623492189007057e-06 0.00044447518520324993 0.00023092307032307054 7.785700927686111e-07 6.338664728178373e-05 0.00041058283378481365 5.082414608233244e-06 7.904402086114137e-06 8.997233560926774e-05 1.9747494249073533e-07 8.134364334116386e-06 0.0 0.0 0.0 7.104539587025703e-07 7.257424733872949e-08 1.285138072628982e-05 0.0 3.3009699494284055e-06 2.0188698816982237e-07 5.576298854997768e-05 1.2453997493151623e-06 5.556266453000146e-07 9.13030312267077e-07 3.2865338459549763e-06 2.806786787119313e-05 0.0 0.0 0.00018380908574518686 0.0 2.7496703431868027e-05 0.0 3.142299078793841e-07 2.5130109283027384e-07 1.7478227399494438e-05 9.885547401693366e-07 0.0002402238999669613 2.519568320137965e-05 6.915688582131214e-07 0.0 0.0 0.0 0.0 0.0 0.0 0.0 0.0 0.0 0.0 0.0 0.0 0.0 0.0 0.0 0.0 0.0 0.0 0.0 0.0 7.286294253749583e-08 0.0 0.0 0.0 4.15372595469534e-07 0.0 6.75011658980248e-08 0.0 2.0975440010073004e-07 0.0 0.0 0.0 0.0 0.0 0.0 0.0 0.0 0.0 0.0 0.0 0.0 0.0 0.0 0.0
1.943140766633339e-06 9.899447281756712e-05 2.6860180101628134e-05 0.0 0.0 0.0 1.8483248473061637e-05 1.5977154611659694e-06 1.0572715490031309e-05 1.1143952422554788e-07 1.179467820067505e-06 0.0 9.281705352938144e-06 2.470187300235782e-06 0.0 0.0 1.895294852644077e-05 1.0783145737750103e-06 1.7677848054110383e-06 0.0 0.0017123271578911648 0.0009212841091043067 0.004955094820190631 0.002328501450753694 2.074340827289631e-05 8.817290581243673e-06 0.003940389600744511 0.0006905078942949751 1.8974509153473314e-05 7.601428772064366e-05 3.7278219026193793e-07 4.6968409168741525e-08 7.073522195476618e-06 4.681945497484913e-05 1.1199655577996566e-05 0.0011184005916828044 0.00012316343340788966 0.00027951931906264793 0.0003284801314109747 2.5898371626028746e-05 2.1586986696946558e-07 4.6665560693007306e-07 7.969276216371405e-06 9.840867564469537e-07 1.028428667388982e-05 0.0001093015545140433 0.0 0.0 5.553007020326335e-08 3.1286926948005945e-06 3.992441405466971e-07 1.6425429191044798e-05 1.4059416615694143e-07 2.173867345992661e-07 0.0 5.773331695307255e-07 1.1220575219262381e-06 0.0 0.00258256962109492 2.4013855923465464e-06 1.593387394674109e-07 6.555851839011466e-07 0.0 0.00015859685730863088 0.0012952187490784305 0.0010340201858501498 0.00026779262492571284 3.2904690767915727e-07 3.856833992437692e-06 0.00047068696621636 7.416135425899215e-05 8.449779540820055e-06 1.3295151231961745e-05 0.0 0.0 1.2327838721609096e-06 5.426688990417413e-06 4.94476633651554e-07 3.6033556939475805e-05 8.284755245114307e-06 1.338059459633879e-05 8.589669336026014e-06 1.9801658496315592e-07 1.0533508341155578e-06 0.0 9.12773688817587e-08
0.00013553199136532716 2.138996041275873e-05 0.0017754997396324259 6.572564097033177e-07 0.0 1.749042814902583e-05 0.0006384663059948648 0.00018054639393955753 1.2802732391310846e-06 2.950826411986921e-05 0.0007160463840623043 1.6865568277909573e-06 2.492971117079871e-06 0.00041231554076355434 0.0 1.895294852644077e-05 0.0 0.0006040994391860449 0.0022053963263411777 1.0506357680758595e-06 0.0005043904562813844 5.77832016700591e-06 0.002462857372647389 4.5704166240529516e-05 7.67388569993865e-06 0.0016574920052579334 0.0028727999100020196 9.05027961768715e-05 0.00011529032470263757 0.0009314976456847503 3.4128672935475346e-06 4.0700786948245037e-07 1.1239816846988804e-05 0.0022542177178086604 1.7825320567804914e-06 0.00014136154135051837 3.887400311441938e-05 0.00160487857447012 0.00011830899231071434 8.074057015716642e-06 2.1786321973988801e-07 1.546716858779903e-07 1.3464023383387619e-06 0.0 3.4933696678284173e-05 8.4623015971863e-06 0.0 0.0 0.0 8.370319379285851e-07 2.0526149915962165e-07 6.415436717454312e-07 0.0 7.782285298752012e-07 0.0 1.1027749575915438e-06 4.750760113202307e-07 0.0 4.7194817008050595e-06 9.861537411235822e-06 4.232349934592737e-06 4.4601264009774114e-05 0.0 1.3676796401917269e-06 3.3213522549524618e-06 1.7242433916483174e-06 6.667135863471922e-06 4.698606754748816e-06 0.0001436250420317522 0.00044225506029356 1.6997315331275362e-06 7.800304412555722e-08 5.92489539706482e-07 1.382089680732437e-06 0.0 1.328079433111972e-07 8.028803798094256e-07 2.4544825410631167e-07 1.2455862361103821e-05 7.0692092046027045e-06 1.116739886597201e-05 1.7743871100590727e-06 0.0 0.0 0.0 0.0
1.2472374729125095e-05 5.043567943016913e-06 9.79460683027663e-05 3.502856344134864e-07 9.527428693798592e-08 1.584277452620041e-05 4.488191729365295e-05 3.103686844382092e-05 6.132530053183766e-07 4.231538472765659e-05 0.001844086193570752 1.3665015828568598e-05 1.2107589540113555e-05 4.904483283071299e-05 7.104539587025703e-07 1.0783145737750103e-06 0.0006040994391860449 0.0 0.0014021714448489784 5.603377923930983e-06 4.057552105057564e-06 1.178825812224984e-06 6.182531023049205e-05 6.352059017432259e-06 3.138605344272872e-05 0.0014000622618073925 0.00037027192211111693 8.873581772332069e-06 5.542749087687188e-05 2.7342391932917758e-05 3.953097611239638e-05 6.4376036002829915e-06 6.258706793478141e-07 0.00045175802714048996 2.7254056757571756e-06 0.00025498806538434355 0.0002610170834793386 0.0010931923726435204 0.00041253697425888984 8.063041630949905e-06 4.878867999767028e-07 8.55372139727533e-06 2.505597721908676e-06 7.874770052361984e-08 3.026542726788882e-06 1.3196107933384257e-07 0.0 0.0 0.0 2.4807264801084826e-07 0.0 1.331833336163339e-07 0.0 4.007956199077574e-05 0.0 0.00012720798186106134 0.0 0.0 1.7311680746622775e-07 1.5355911269189939e-06 8.308037431472678e-05 1.1737058117356015e-05 6.381530506980731e-08 4.942294891307886e-08 1.386059608569439e-07 1.2158744689068147e-07 6.599430554419351e-07 4.3217631575693914e-05 0.00023875938835098915 0.000354456329913178 2.0585537877186177e-07 7.822301296979636e-08 0.0 6.382074003201911e-05 0.0 0.0 3.13481682458593e-07 7.03158620726563e-07 2.1313304307919854e-06 5.342279781285502e-06 3.6281875392593577e-06 4.198756265005577e-07 6.520340763479332e-08 0.0 4.1144194336763887e-07 0.0
3.9777101298015646e-05 1.577357400680954e-05 0.00017241929064618024 1.2130400507906526e-06 0.0 1.326052229850692e-05 0.00014000388617612703 7.754600739755255e-05 6.024565302286283e-07 3.585635808493085e-05 0.0011742239103871579 7.675753840181892e-06 6.546275104227455e-06 0.00013340299780368258 7.257424733872949e-08 1.7677848054110383e-06 0.0022053963263411777 0.0014021714448489784 0.0 4.232837444139592e-06 2.3306050006533965e-05 2.1356856441114583e-06 0.0002073029453438078 7.251300356811212e-06 4.3652112702366755e-05 0.0029410311301567727 0.0006658322861223971 1.5770814088951883e-05 5.842918230882364e-05 0.00010849804034008913 1.317337101250972e-05 2.293000685872708e-06 3.3329640085805445e-06 0.0012332887736214617 8.043175502550189e-07 0.0002731502736854241 0.00018146601273784306 0.001524075794029551 0.00017112666759106036 2.9638128579686087e-06 8.15709030064634e-07 9.217186983361009e-07 1.4823065737178695e-06 1.1375251883638585e-07 1.4681729239021864e-05 8.310973290199159e-07 0.0 0.0 0.0 5.634645901264084e-07 0.0 1.6293816895075287e-07 0.0 6.5602553989887076e-06 0.0 2.3510702397976286e-05 9.966792701025372e-08 0.0 7.20575781343524e-07 2.2474454283684254e-06 2.9992301823622512e-05 4.442229507244294e-05 0.0 0.0 1.258646811848097e-06 5.852287297586725e-08 1.9615725517809886e-06 4.700384138782921e-05 0.00041483318715588625 0.0005296099693776971 2.3990195981603184e-07 3.534156343761964e-07 2.770521193394101e-07 1.401592181353311e-05 0.0 0.0 4.4833042263911615e-07 2.0338002659706376e-07 9.753637574515008e-06 8.144378562673764e-06 1.6694787156785293e-05 3.7999249812601193e-06 0.0 0.0 7.77447968943639e-08 0.0
2.6985778676725583e-06 0.0 7.397076183476763e-07 0.0011958853971571494 2.0133356297686978e-07 0.00021559833011122807 5.306813034993871e-05 7.99791463914147e-05 0.00034524295989247204 0.0016854033237004378 2.7811631120782295e-05 0.0032436915925555115 1.2034339601765142e-06 8.971040022581819e-05 1.285138072628982e-05 0.0 1.0506357680758595e-06 5.603377923930983e-06 4.232837444139592e-06 0.0 5.575869784282883e-08 9.404896642811584e-08 2.12385892074372e-06 0.000349188813368848 7.706854539150644e-08 4.812451157374731e-06 2.4749240651640624e-06 0.0009393367093874062 0.0001186392605783597 2.160775268065648e-06 8.015035818972626e-07 1.2972335829724007e-05 5.777467104633428e-07 4.8294854401571176e-05 9.322116581280857e-07 0.00012395675420977603 6.419017316839677e-06 0.0002246062526520716 6.957857353461695e-05 0.0002117207275180719 1.150806043277697e-05 1.0624406775437113e-06 1.2109225611453978e-06 0.0 0.0 0.0 2.4267222380075563e-05 0.0 2.5820512002216065e-06 8.178562818975753e-06 1.1224406684678357e-07 1.028614140350955e-05 1.6039134334545786e-05 1.0533247711828384e-07 2.2454759517830785e-05 0.0 1.2980965677226244e-06 9.944570630225145e-07 0.0 0.0 0.0 0.0 1.5732157818322166e-05 0.0 5.484363750670098e-07 2.3104962949280493e-07 5.163317153623841e-05 0.0 0.0 1.8572892189790433e-07 2.220764795076715e-05 4.5074670048159273e-07 0.0 0.0 0.0 0.0 1.2858658070786345e-07 0.0 1.4458075630213213e-06 0.0 8.371760176451996e-08 2.1145315600893667e-07 1.96847683037055e-06 2.5275225499891893e-07 0.0 0.0
6.15317184932719e-05 6.051468385428798e-06 0.00019858745939671727 4.375267765337241e-07 0.0 3.357343607196704e-06 0.00022591075877248723 3.370672670293526e-05 4.157055308892949e-06 4.697457525308965e-06 1.358367451593116e-05 0.0 2.650358380035456e-06 7.912193931201e-05 0.0 0.0017123271578911648 0.0005043904562813844 4.057552105057564e-06 2.3306050006533965e-05 5.575869784282883e-08 0.0 6.871232766611843e-05 0.009742592167001322 0.0002496970394276607 4.475059627279933e-06 3.0308936412081148e-05 0.00027973440237223304 0.0011658929924294522 0.0001566272362396825 0.005336993653845484 1.6800311911912122e-07 1.8645468637889135e-07 4.831656846361086e-05 0.0013722808980847117 3.219674617425698e-05 0.003014331090819123 0.00012488784776644197 0.003127088397241384 0.0012174427556737347 6.789017054945485e-05 6.749196721588848e-07 3.244344692042842e-06 1.8231059748617944e-05 6.700736028185891e-07 4.019131966906202e-07 3.2048225583655914e-06 0.0 0.0 4.188100630311584e-08 2.0699463720294928e-06 1.0392470783683085e-07 1.2195791590087525e-05 2.420888970386519e-07 1.3046859315723132e-07 0.0 0.0 1.0632505160012124e-06 0.0 0.000337911061605948 2.5359464739467956e-07 0.0 3.6999626716938644e-07 0.0 9.411564396165442e-05 0.00015116017080859086 2.1903129514461683e-05 0.0001941388932186144 2.700058670039198e-07 1.2512536925403845e-06 1.2948703961975838e-05 4.8341150585721135e-05 7.618436620999427e-06 1.221786511783209e-05 0.0 0.0 2.012319616368888e-06 1.7597206521325403e-06 1.2689891349775535e-06 3.0655999577521575e-05 5.024994658069772e-06 7.938975765657045e-06 3.360166020043572e-06 0.0 2.6612343792159305e-07 0.0 1.9608318023500698e-07
8.24930803695541e-07 0.0016566007004607242 1.3990926113398761e-05 0.0 0.0 5.845896026862288e-08 1.8038358378147858e-06 3.6370787991307293e-07 0.0017292330282207649 1.2423443361576954e-07 1.003831409490174e-05 4.840643073970841e-06 0.00016532196216654564 3.8086928666922294e-07 3.3009699494284055e-06 0.0009212841091043067 5.77832016700591e-06 1.178825812224984e-06 2.1356856441114583e-06 9.404896642811584e-08 6.871232766611843e-05 0.0 6.060185043433063e-05 0.00322296282616951 0.00046532357213370415 1.9037359289292736e-05 0.0020389953989630684 3.9156999824391535e-05 2.2161766226593768e-06 8.721631627014221e-06 1.1669449027672547e-05 0.0 3.202192431769813e-07 1.1113066887025537e-05 0.0 1.6784169147928185e-05 7.27611942329069e-06 1.5129443799176643e-05 5.0237050910295155e-06 3.8370584702327625e-06 0.0 6.006264886848215e-06 1.4837830363836624e-07 0.0 5.702929194177549e-06 2.1629244614304685e-05 0.0 0.0 0.0 4.1795761884967633e-07 0.0 6.282279422043056e-06 9.225872649389617e-08 1.1187372056811036e-06 0.0 4.268910249230492e-06 5.967801232171462e-08 0.0 0.00022681818999283112 3.972089045115138e-06 6.878829314445298e-08 5.631833049771411e-07 0.0 1.85706968080787e-05 0.0001043456697568058 7.756201191342164e-05 2.1451621585941852e-05 7.526661835029658e-07 4.741781185604052e-06 0.0001621342633794679 7.178532492050101e-06 8.015494310633761e-07 3.705870929180679e-07 5.007229591919702e-07 0.0 4.974510060896984e-08 1.2535391900153743e-06 3.1354638645032217e-07 7.485545432087663e-06 1.7758274291575112e-07 5.499001067072712e-06 7.408154990519211e-06 7.262914764539341e-07 0.0 2.308725218914947e-07 0.0
7.211718088810132e-05 1.0850736623769143e-05 0.008371551249096668 2.376773908342475e-06 0.0 3.0398688262780318e-05 0.001812790376071734 0.00015040608879459574 2.063896837291947e-06 4.2238995421691124e-05 5.549342026329387e-05 4.109748712153679e-07 5.803012570269983e-07 0.0003447692999218289 2.0188698816982237e-07 0.004955094820190631 0.002462857372647389 6.182531023049205e-05 0.0002073029453438078 2.12385892074372e-06 0.009742592167001322 6.060185043433063e-05 0.0 0.0010264842133621075 1.1295483772316485e-06 0.0012339798196384511 0.006722078561631881 0.003442856487692011 7.079939759512955e-05 0.002596379232561709 4.440897889615578e-07 6.942583847218163e-07 1.691146691166754e-05 0.0011998402842050872 6.616351019583267e-05 0.0057724485508043955 0.001149936902412485 0.004178742608970134 0.0036521076958363776 0.00023929470481304888 4.50938028948754e-06 5.845796077740796e-06 4.510206753573897e-05 1.813138305978053e-07 1.0884516072116764e-05 0.00017766993182073156 0.0 0.0 0.0 1.2391038530987897e-06 0.0 8.474901471436101e-07 8.062636649902053e-08 0.0 0.0 6.452528507383112e-08 8.38051788233891e-08 0.0 0.0009368039798558048 8.912617505084996e-06 3.2512770035337883e-07 2.871969819590749e-06 0.0 2.5726156433656438e-05 0.0003494896018178514 0.0004490340097280274 5.4062729254826406e-05 2.4644274209536947e-07 1.0885423832029263e-05 0.0006798150726013956 1.7806919288322666e-05 1.0018285538876412e-06 1.2432403257134839e-06 3.575765296568135e-07 0.0 7.90026952458786e-07 3.0596120467666328e-06 2.5644626770583964e-06 2.255589062876407e-05 3.034300570546279e-06 1.2446710212265028e-05 1.1623447811299412e-05 8.960917303976038e-07 0.0 2.4438803180718506e-07 0.0
0.00011433808806987072 0.0007286114876521817 0.00015357518943720538 0.0008745401927098124 4.765396403407854e-07 0.00012263880893015493 0.001202468064506366 0.00020874752068730765 0.006279225532479138 0.000573510104877152 2.4359659001333973e-05 0.00042949887809284 0.00012542606959433872 0.00018022229431557106 5.576298854997768e-05 0.002328501450753694 4.5704166240529516e-05 6.352059017432259e-06 7.251300356811212e-06 0.000349188813368848 0.0002496970394276607 0.00322296282616951 0.0010264842133621075 0.0 0.00027034899750607693 4.3493448504073756e-05 0.001872350352330236 0.0040330691724398 0.0007546751804127514 0.0007535211327839742 9.668966561492995e-06 6.732828898988074e-06 0.0001766428593135663 0.00030997842039158106 2.7293313460638354e-05 0.001575720387864481 0.0001631757185660401 0.0011035464615880457 0.0004994951597732664 0.0001325011822345384 2.0701757439710268e-05 5.726635846552082e-06 1.3794742266940699e-05 1.5547305849818408e-05 8.05487630453173e-06 1.0379330474493957e-05 0.00038145492049542515 9.70087066973281e-07 5.42965297477393e-05 0.00037427605728767313 3.431230743037371e-05 0.0010650656129959307 0.00026550149149400957 1.8225447085341499e-06 0.00015478865581311868 2.9055696422390327e-06 6.333696434234081e-05 7.417800859663809e-06 0.00024788420117923205 1.4942173834259416e-06 2.0735702241787573e-07 8.147553632881926e-07 0.00021325536539858433 7.482956864412431e-05 0.0002325064353496723 3.161093575561266e-05 0.0046314796026671115 4.95807920342019e-07 4.567289884017468e-06 8.13404569456965e-05 0.0012373277184781583 0.00010228306472852682 6.334263438198496e-05 3.9966798466271024e-07 5.124593071562287e-07 2.0433356087456666e-05 3.6881652270884476e-05 8.730774873902559e-06 0.00023497451601157564 1.1516511281013428e-05 8.053563779113975e-05 5.624203214413039e-05 3.198278491431387e-05 9.8244381988937e-06 5.870928641242106e-07 3.799526639583649e-06
4.586333175463512e-07 0.0019096192255736836 2.2338120088219468e-07 8.057606223640612e-08 0.0 3.4193690308830736e-07 5.187732875200988e-07 1.2733209765558095e-06 0.00024445495042285133 7.794633210712494e-07 0.0004705758883750844 8.841227035820682e-07 0.002919295485873977 4.859447323319543e-07 1.2453997493151623e-06 2.074340827289631e-05 7.67388569993865e-06 3.138605344272872e-05 4.3652112702366755e-05 7.706854539150644e-08 4.475059627279933e-06 0.00046532357213370415 1.1295483772316485e-06 0.00027034899750607693 0.0 0.0005314719035890892 0.0030162019880087855 5.136653170276499e-06 1.2221669856790334e-06 1.7783457002730654e-06 0.00025256225079579837 5.981945030210661e-08 1.4116055275460666e-07 0.00031451580939882137 5.362567083216096e-06 0.00012305468793533092 0.0001710707540034009 0.0002680422527898021 6.262328788169502e-05 4.2168476000036235e-06 5.123536459498622e-06 0.00023316291257907063 3.89669617650103e-06 0.0 2.087228079167106e-05 1.9020605567139764e-06 2.560645883375578e-07 0.0 0.0 0.0 0.0 3.845950208171844e-07 0.0 0.00013390435802301015 0.0 0.0013331264250047738 3.766522266752755e-07 0.0 2.912182340738477e-07 3.209296559147077e-07 1.7307727868493653e-05 2.8011369544905733e-06 0.0 1.1472057297812197e-07 7.288500082889276e-07 8.064190369958225e-08 3.1546519033121644e-06 9.052204267182175e-05 0.00012732682228555872 0.00047735953910268037 1.519456119171517e-07 0.0 0.0 0.00010398188933836034 0.0 0.0 2.3657709187174935e-05 0.0 3.6300836955067644e-05 4.284075883204504e-05 1.622477260903617e-05 2.17245879366927e-06 0.0 3.5426016571283007e-07 2.4379571217933663e-05 3.2672683684196263e-07
