0.0 2.2528691687818644e-06 4.01575871812406e-05 9.229029334093182e-07 0.0 9.707017342965579e-06 0.0013873871113294844 0.0005831861527809854 4.727205672278244e-06 2.508839814785219e-05 3.4949218909518686e-05 8.076600719977776e-07 8.422159781353971e-07 0.002403586113423707 0.0 2.6625719621025205e-07 0.00017160199170974258 1.594229500100484e-05 6.568090131510737e-05 1.2301593958164446e-06 6.125897134085653e-05 3.8220482520031334e-07 0.00011179864186826973 5.107254266714483e-05 6.98319630972665e-08 5.1893899880540444e-05 3.280837607344397e-05 4.4778432469299904e-05 0.0024958766916496978 0.0016290881690069132 3.0094090937439244e-07 1.6591900826793576e-07 2.6271214193089595e-05 9.19383718452193e-05 9.462371312159475e-08 4.177661630365742e-05 2.0040843858440388e-05 7.366095870658302e-05 1.834608221987001e-05 2.3222708497051849e-07 3.0587245147046007e-07 0.0 0.0 3.099649035152085e-07 1.3976940205437585e-07 1.2016697703056687e-06 1.4812809314362982e-07 0.0 0.0 1.2670741966446522e-07 0.0 2.6349489758253416e-06 7.25174344279316e-08 8.174754220580631e-08 0.0 0.0 0.0 0.0 3.522760467364459e-06 7.420729544852469e-08 9.212359249527791e-08 6.446652259289548e-07 9.667406586273427e-08 1.9028661486509677e-06 9.852846372777957e-07 1.735902753146359e-07 1.5791982725751763e-05 0.0 2.7361026898910616e-06 8.182648475946902e-06 7.877237125681327e-06 2.317355689187135e-06 3.1750348099251943e-07 9.045995493340113e-08 0.0 4.561640163347443e-07 2.822963091140841e-07 0.0 4.1480154917188975e-06 0.0 9.865084660485579e-07 0.0 0.0 0.0 0.0 0.0
2.2528691687818644e-06 0.0 0.0002349476891355385 0.0 0.0 2.368185102620984e-07 8.137929977180374e-06 2.6865352763660932e-06 0.0005146325264476564 8.903727732901713e-07 4.965017175758935e-05 1.0539202516711107e-05 0.0006281534887684778 5.399605459480967e-06 0.0 9.311913816824264e-05 0.00016240857333139796 1.0328569439533416e-05 9.389806521915928e-05 6.145620331717432e-08 7.1777483641602785e-06 0.0015731542498889927 3.102614164634314e-05 0.0007619806800724833 0.002049707063618563 0.00047065433583483394 0.006690549453651201 1.5696214294796128e-05 5.3883206418583e-06 5.2308834795481574e-06 2.995467224989416e-05 0.0 6.430323346448914e-07 7.110437143966004e-05 3.591158826146753e-06 0.00021180236861960137 0.00011630161658148218 0.00020767871608717183 3.277738290791013e-05 1.7848151711204457e-05 0.0 6.716324357717413e-06 1.0307591784066424e-06 0.0 2.0305468078487933e-05 6.75384759128992e-05 0.0 0.0 0.0 7.275096386654275e-08 1.979289593122466e-07 1.1045147173846494e-06 0.0 7.042668559652222e-06 0.0 4.154225659429007e-05 1.9732293388792452e-07 0.0 6.026756870760748e-06 2.342589648451427e-05 1.3327990358175246e-06 1.394518756601917e-05 0.0 4.282120848991763e-07 1.2340159765804141e-05 2.9522038391900716e-06 1.0261686451491777e-05 1.3860880164790031e-05 0.00018944554173342345 0.0012437040205073 1.1156247254220077e-06 1.0234799294334463e-07 5.934942244608132e-08 2.5615322804721833e-06 0.0 0.0 6.605039997727112e-06 4.5840672024732457e-07 2.029200257090569e-05 1.679913505594262e-05 1.3102185825871032e-05 4.66452864731936e-06 2.5079123644502404e-07 0.0 7.231472563699229e-07 0.0
4.01575871812406e-05 0.0002349476891355385 0.0 2.094815912823654e-06 0.0 1.4130357199971736e-05 0.0013014925825672414 9.468534294619623e-05 2.2994228812234806e-06 4.455397169120473e-05 1.4830741196745248e-05 4.2686781737643725e-07 2.0640288932615982e-06 0.000229122418067649 0.0 1.6477997055307574e-05 0.0016142428926498062 6.699438868537072e-05 0.0002530285089853913 6.60552236305288e-07 0.00026902560498064587 2.2115720901043312e-05 0.008096439739743453 0.00013131706701829712 5.493836184487426e-07 0.007584345058756201 0.0046813222449977486 0.0004942898364289093 2.0646095791776385e-05 0.0002581467300436012 1.5836636074097354e-06 1.739361921596997e-07 1.333988193683714e-06 0.00034886760586912103 2.132840107419965e-05 0.0009609628186745486 0.00013532850114573503 0.0006657134107543062 0.00018551591166119993 5.135944172678652e-05 4.4024194299534617e-07 1.62055524041036e-06 7.3200919939796195e-06 3.909677488039219e-07 0.00012042581034459703 0.0008917444687804014 0.0 0.0 1.0089318109324885e-07 2.072699165764073e-06 3.1224806624741735e-07 5.810129332413354e-07 0.0 1.5006082227443762e-06 0.0 8.031767901805213e-07 6.90999611958151e-07 1.1523179485328478e-07 2.4991136406519284e-05 0.00021968058952108485 2.315289848114645e-06 5.919827886940287e-05 1.2013201673024133e-07 1.735005488890153e-06 3.328782027647579e-05 3.3296253135331294e-05 1.3896038563783706e-05 9.296127194439425e-08 0.0002805561127384264 0.002171720756738344 3.486128312416033e-06 1.1241966680379775e-06 1.7849941793692733e-06 1.609899519035436e-07 0.0 6.926663900298031e-08 2.9899542027557237e-05 1.5246092958783752e-06 0.00017309774539552898 3.0148397489344916e-05 0.00011074925410337336 4.581646550890686e-05 6.480596077242661e-07 0.0 2.825950253501947e-07 5.808461830852324e-07
9.229029334093182e-07 0.0 2.094815912823654e-06 0.0 2.0881318207666895e-07 2.192020992408241e-05 0.00021470309863457756 1.6208531466617102e-05 0.0004245271496953131 0.0007951822757291609 1.3980474228767298e-06 0.0031071555523574422 3.0748741921449904e-06 1.6146723841468617e-05 1.3255062098991721e-05 1.15022451785968e-07 6.86741230250844e-07 6.771218528507489e-07 9.633015659965938e-07 0.0014761968269321622 1.8038792286984828e-07 1.8346310034146685e-07 1.8518098101452676e-06 0.0006104785803325298 4.831498307676159e-07 1.3325809745010636e-06 8.329391386020232e-07 0.0030861270655167237 3.6747000557580416e-05 5.951890852376384e-07 1.0863260973177872e-07 2.7182238566604057e-07 1.7791076151216462e-06 1.2969189399979758e-05 1.4492345149104e-06 9.542593574245198e-05 2.340427478607476e-06 4.411393614881709e-05 3.4923462970449396e-05 3.137449858262381e-05 5.021452312242244e-06 0.0 7.304560431107364e-07 7.289062803524771e-07 0.0 0.0 0.00017867535912025645 5.3868283055645046e-08 9.581115199317967e-06 3.7920526700057174e-05 5.092873753218815e-06 1.8677252152568317e-05 7.397160747327965e-05 1.1059042454330827e-07 5.7475164530739545e-05 0.0 3.912616552502864e-06 9.270112294673477e-08 9.064840977096357e-08 2.345038292606125e-07 0.0 0.0 5.6033325277739406e-05 6.255276990146385e-07 1.9185062995999646e-07 8.94465039410274e-08 0.00021118394311675335 0.0 7.066598872291196e-08 8.091115614552925e-08 0.00015512016734710237 3.006182104757296e-06 6.191961241276585e-08 0.0 7.747583455161474e-08 6.281913929107225e-07 8.999207152079372e-07 0.0 9.274055049085598e-06 6.4603834814833e-07 4.324759493626097e-06 3.591760530843984e-07 4.872463038774288e-05 4.506038630117487e-07 7.560983822215327e-08 0.0
0.0 0.0 0.0 2.0881318207666895e-07 0.0 9.040347235581937e-05 3.7366984117042625e-07 5.07854339693815e-06 3.6717592294562864e-05 2.4314427379134992e-06 1.915060226711324e-06 2.1422701714956554e-06 9.607859044950047e-06 0.0 0.0006001053059061015 0.0 0.0 1.552184628860508e-07 0.0 2.97420094778202e-07 0.0 0.0 0.0 1.5457261240263135e-06 0.0 6.081843893910441e-07 0.0 1.5762038256056174e-06 9.689338823331407e-08 0.0 0.0 0.0 0.0 1.247326531329505e-05 0.0 2.2805205615156103e-05 7.888217342148661e-07 2.7048336291588156e-05 6.492312175373781e-06 0.0008671790983937251 7.658766788741668e-05 0.0 2.2156502599028218e-07 0.0 0.0 0.0 0.0 0.0 0.0 0.0 0.0 0.0 0.0 0.0 0.0 0.0 0.0 0.0 0.0 0.0 0.0 0.0 0.0 0.0 0.0 0.0 2.87893522069165e-07 0.0 0.0 0.0 0.0 0.0 0.0 0.0 0.0 0.0 0.0 0.0 0.0 0.0 0.0 0.0 0.0 0.0 0.0 0.0
9.707017342965579e-06 2.368185102620984e-07 1.4130357199971736e-05 2.192020992408241e-05 9.040347235581937e-05 0.0 0.0010127589667568088 0.0029015950704713842 9.194702628179218e-05 0.005059137276017547 4.1745130344850304e-05 0.0025515685397891124 5.0864109224031376e-05 0.000760186524464284 0.00033387101964999134 1.0206263498883965e-06 8.809580140462894e-06 6.516978608145103e-06 4.986297757038526e-06 0.0002116016500630732 1.3176554653460064e-06 3.943345167475147e-07 9.284223583219492e-06 0.00014898763692284823 6.854440259144941e-08 1.2336481662999579e-05 7.693104446021446e-06 0.000283505444680452 0.00029995039298330166 1.7201301349291785e-06 5.775320237326766e-07 8.884017153894796e-05 4.690601644495233e-06 5.584184491266935e-05 5.424767615859662e-06 0.00026543444670014757 1.688346139723457e-05 0.0001725912449045399 5.526964247548985e-05 0.0005476558599589837 4.050657483454691e-05 9.870004873303778e-07 5.802764614688926e-07 8.110616684777081e-07 6.710965443572287e-08 1.935002746713684e-07 6.80933116099079e-06 0.0 3.510797744232727e-07 9.544985776527685e-06 2.2735509534681922e-07 3.773156201669793e-06 2.945287466623094e-06 0.0 6.659514132407957e-06 9.265476304052704e-08 6.600796683999781e-07 0.0 9.021641870701405e-07 2.066891304227316e-07 0.0 0.0 2.384931961939507e-06 3.38582085458417e-07 1.056162491176261e-07 2.5010419637728184e-07 5.0570926966287134e-05 0.0 2.7327429951676833e-07 7.046236607192086e-07 1.6736579750999033e-05 1.342700234562017e-06 6.480594945527425e-07 0.0 0.0 5.737985800531496e-08 5.714177583798955e-07 0.0 7.069867597318928e-06 0.0 2.4807297043197113e-06 1.266043608250158e-07 1.540265880949312e-06 5.995068496600284e-07 0.0 0.0
0.0013873871113294844 8.137929977180374e-06 0.0013014925825672414 0.00021470309863457756 3.7366984117042625e-07 0.0010127589667568088 0.0 0.0008637157020489788 6.841463263314738e-05 0.005830596318772878 6.054271364752804e-05 4.102339666547754e-05 7.073863041158894e-06 0.003153168708595814 2.1801918108657965e-06 1.6824747966415482e-05 0.0006804732198031149 4.419882511021229e-05 0.00016283258378202515 3.781739291276637e-05 0.0003157222491357774 4.574578970659613e-06 0.0014533318080327785 0.0011462402260305569 7.05324657260895e-07 0.0005382101140407632 0.00023151091352601643 0.013506808218076111 0.00048004676293391226 0.004101894109584997 4.779163470470197e-07 1.3268970923682306e-06 4.083358414956679e-05 0.00015225194622004066 1.2305101770160958e-05 0.0003664142345206764 4.424035293996753e-05 0.00033992496314188593 0.00018975966638562144 1.1842114877104958e-05 1.0899863412517713e-05 1.4704896629110182e-07 3.6480528064672344e-06 3.3594223841905734e-06 2.009522480445536e-06 1.2819508836044987e-05 1.3997790769283758e-05 0.0 1.0457251261721273e-06 3.876116655859487e-05 1.797120261553245e-06 2.914637462207726e-05 5.396400066046114e-06 4.1448705884633216e-07 6.238888864347956e-07 0.0 4.10852671371981e-06 0.0 1.8044586220340522e-05 4.195375583599719e-06 1.6842590706013845e-07 4.149300821128967e-06 3.7687408631849997e-06 8.091683759851613e-06 5.8444272155612225e-06 7.1826856537530015e-06 0.00033057467846668825 2.1437827048645445e-07 1.8901133193367323e-05 7.913172446779208e-05 0.0001365838169706427 1.6547379185850222e-05 5.350992874099232e-06 0.0 0.0 7.457575032164409e-06 5.82195428538266e-06 1.2972203743715693e-06 6.248164237501733e-05 1.9643639101682838e-06 2.614171148125649e-05 6.778032303004791e-06 1.1133691644159969e-06 2.94840997404255e-06 3.139245164424832e-07 5.662582443753854e-07
0.0005831861527809854 2.6865352763660932e-06 9.468534294619623e-05 1.6208531466617102e-05 5.07854339693815e-06 0.0029015950704713842 0.0008637157020489788 0.0 5.0749435542629596e-05 0.0014971284405251367 0.00011279364116124485 0.0004359020322840871 6.866225942403985e-05 0.004205947453222177 9.310422389136132e-05 1.8156195697866617e-06 0.0001733497357085158 2.6101131669143876e-05 9.110779644747421e-05 8.892633959723576e-05 4.1204253672186515e-05 1.4740106674736941e-06 0.0001278189619131039 0.0005631410160194814 1.500301851263073e-06 8.79180726528361e-05 5.263387551610233e-05 0.0002262907760180913 0.0005767036620911855 0.00045687628680937746 1.1442457228622925e-06 1.4989128878597052e-05 2.7788124971835163e-05 0.00020212485693587472 9.083995596952552e-06 0.00042030305819165784 6.80102478182151e-05 0.0003560743672245441 0.00010552137889267541 0.00034281745798036526 3.6174645864283506e-05 3.507594464680259e-07 3.860562154331978e-06 1.1344766518714116e-06 2.028288012562316e-07 1.4298947141071414e-06 1.236339834175715e-05 0.0 4.831781438576756e-07 3.9929122956462025e-05 8.50808994905766e-07 1.9685152283809476e-05 7.861014250516313e-06 5.006501658799783e-08 2.020178036105015e-06 8.553421287790958e-08 2.5129554977102563e-06 0.0 1.0125880405108631e-05 2.1478697327598479e-07 5.340769112261905e-07 2.1896691903387e-06 2.621378238935502e-06 5.4436305159049985e-06 1.6429373504413592e-06 3.880704527161047e-07 0.00020744172144160087 1.6306338355178394e-07 4.032296602586902e-06 1.0153148578450637e-05 8.614479445034274e-05 1.0375269163449465e-05 4.054082892839888e-06 0.0 2.581206810307046e-07 2.6955047460836537e-06 2.5660986099784414e-06 0.0 2.7422271406809515e-05 1.7250954546831518e-06 8.150941578033153e-06 2.3532629966953103e-06 3.4725225166049693e-06 2.152026070129576e-06 6.419753287833551e-08 3.050589826436789e-07
4.727205672278244e-06 0.0005146325264476564 2.2994228812234806e-06 0.0004245271496953131 3.6717592294562864e-05 9.194702628179218e-05 6.841463263314738e-05 5.0749435542629596e-05 0.0 0.00015515047384441775 3.3194799217632297e-06 0.0004818116634001657 5.7205801584579006e-05 2.1246249764291104e-05 0.0004482714769236135 6.902463321935574e-05 3.7774861886167142e-06 6.129120408621208e-07 1.860840222728199e-06 0.0003181816373139312 3.050912366086951e-05 0.0013962949994658473 9.006250203999476e-06 0.006001931226519929 0.0002279497841573375 1.2578234706319432e-05 0.00023716302302444753 0.0005128323798583112 2.692165613413532e-05 5.8040668899178905e-05 3.8284864385070305e-06 0.0 9.846118535885345e-06 1.2911284907084675e-05 3.215236770613938e-06 8.970988723936228e-05 9.325451738822513e-06 2.7453562884395456e-05 2.356915129060352e-05 0.00022537104479746308 3.920459436081176e-06 7.746333799032333e-07 4.828043342739247e-07 4.541693241781189e-06 1.6737424693634845e-06 7.241559662838328e-07 0.00018244836508672887 9.457541313212814e-08 1.3783010343788775e-05 1.9842642551856992e-05 3.517566492631062e-06 4.439914410255143e-05 0.00010598889374604939 5.65949682216736e-07 0.0001859971529188942 2.8036084769935328e-06 4.948704739479564e-06 1.3474596548964584e-06 2.5610960466886576e-05 2.8637900819861636e-07 1.311195125516396e-07 1.213324998324543e-07 8.0403263616509e-05 6.198387152712031e-06 2.478484794774976e-05 1.3152830992022885e-06 0.0009125399338901722 7.611475337814916e-07 1.9808563275674003e-06 6.9500949244266416e-06 0.000192009774003516 1.6789463858110313e-05 3.5085446285399908e-06 3.710332195194845e-07 3.5273909934173855e-07 4.177668706415245e-06 3.348786835639702e-06 3.027253373283371e-07 2.590224014156456e-05 1.2943412018948625e-06 1.030164111623445e-05 2.6562117184435505e-06 0.00010305883872592025 1.5706931282383632e-06 9.478146614158495e-08 0.0
2.508839814785219e-05 8.903727732901713e-07 4.455397169120473e-05 0.0007951822757291609 2.4314427379134992e-06 0.005059137276017547 0.005830596318772878 0.0014971284405251367 0.00015515047384441775 0.0 0.00012063480532864238 0.0026797180746915054 6.950721094786316e-05 0.0011031593776612458 2.0780480238109727e-05 1.1856790382281063e-06 1.7813721283993446e-05 3.0054372635465105e-05 2.5470184969988845e-05 0.0016299005884426593 4.2754812131343076e-06 1.376342207894765e-06 3.188047563510779e-05 0.0006134439425641226 2.2068243765556215e-06 4.8652328601652854e-05 2.766337355219601e-05 0.0024184981159777936 0.0009612612132771897 1.0782546201960222e-05 2.215103225135091e-06 2.2898067110235233e-05 1.5628543010507995e-05 0.00034195103736585987 3.602677408443126e-05 0.0009892361377388395 3.545564337753688e-05 0.0012289680985598178 0.0004054241012212267 0.00021163278074009167 0.00012228742687143206 5.789388791497162e-07 1.6515596329635046e-05 1.1366172265677705e-06 2.2231144877310756e-07 5.288536937795061e-07 9.582571798469763e-05 0.0 7.338656844692466e-06 5.2000813451207784e-05 5.794849333670335e-06 1.528539524223774e-05 4.348967456834642e-05 0.0 4.322573788551295e-05 1.8139703575521827e-06 3.441532915974122e-06 0.0 2.2239342133263664e-06 3.307118143714341e-07 0.0 1.498593708999605e-07 2.416598809259479e-05 1.8489026236746703e-06 7.580244241278577e-07 7.589744343976648e-07 0.0002986464343279226 6.091932165183175e-08 7.666809947923164e-07 4.128664398014337e-06 0.00015678579381362494 7.2997482122153985e-06 1.190640946669016e-06 0.0 3.091681840738959e-07 5.511197221621802e-07 3.0065639939794524e-06 3.841675750986328e-07 2.008444205612906e-05 1.8526259223354897e-07 9.59134643047584e-06 1.701566343178444e-06 1.716858726523786e-05 2.7028720505857636e-06 2.4566347917835826e-07 3.7789863256619465e-07
3.4949218909518686e-05 4.965017175758935e-05 1.4830741196745248e-05 1.3980474228767298e-06 1.915060226711324e-06 4.1745130344850304e-05 6.054271364752804e-05 0.00011279364116124485 3.3194799217632297e-06 0.00012063480532864238 0.0 3.923552803450083e-05 0.0015344034873987233 0.00013138490925221325 1.6230620179473589e-06 9.21201302550288e-07 0.000732698640177273 0.00211172128337904 0.0014643447657978796 1.8341197498449923e-05 1.5204948586484634e-05 7.393307870506279e-06 4.0724110428863636e-05 1.2501561371040505e-05 0.0002171702453148135 0.0010637108059274065 0.00040806276427627556 1.2040043189722782e-05 0.000590871304845938 5.5185736190516366e-05 0.00015447036073482182 0.00015406674473850845 4.436866832892987e-06 0.004748382171829696 2.822875955534739e-05 0.0006354263357255976 0.002145946819367117 0.0032524696257168174 0.0007917659629335945 1.2375217527020604e-05 4.4496072990266545e-06 0.0004527609994390232 5.1995651318090876e-06 0.0 4.06440165004562e-06 4.956418086123781e-07 0.0 0.0 0.0 1.7235149173541985e-07 0.0 9.421698275004425e-07 2.0882925243299698e-07 0.00016797139861385267 3.148973024813821e-07 0.0009258868797550338 4.8601627953161634e-08 7.863886596325055e-08 1.2323669720965178e-06 1.8781999543482118e-06 1.841611291620427e-05 4.971507499979495e-06 0.0 8.419400417102182e-07 1.4063864504137868e-06 1.6275338249805067e-07 2.9529891768095984e-06 8.6998052493183e-05 0.00020073221990401895 0.00033982375238128873 1.186365443726949e-06 1.4057172348609857e-07 9.541462039681083e-08 0.0001782025946400524 0.0 0.0 4.046029918453838e-06 1.1001380108077496e-06 1.999964263765994e-05 0.00017266916791615718 8.675144269797671e-06 1.8085481279815353e-06 6.645533306377422e-08 0.0 6.84490483157256e-05 9.003769904557119e-07
8.076600719977776e-07 1.0539202516711107e-05 4.2686781737643725e-07 0.0031071555523574422 2.1422701714956554e-06 0.0025515685397891124 4.102339666547754e-05 0.0004359020322840871 0.0004818116634001657 0.0026797180746915054 3.923552803450083e-05 0.0 3.3294675625340596e-05 0.0002848047933989117 0.00019889179258256293 0.0 6.196868479787995e-07 6.406446329513804e-06 4.221064896976422e-06 0.002649520122993327 2.453251690764054e-07 3.084410213059498e-05 1.1267317263303151e-07 0.0005301008743826231 4.475372413073019e-06 5.043073691376383e-06 1.0001982913115885e-05 0.0006915519678124452 0.00020554885715776445 2.597079561071426e-07 5.193991385777759e-07 1.4398779343174285e-05 4.723753924646071e-07 7.456152712667063e-05 6.603076023151236e-06 5.585309700351253e-05 3.2099870871981304e-06 0.0002448685503045548 3.8542755909933414e-05 0.00036926581692785205 2.1215034738111096e-05 5.843052221969869e-08 1.4648211761472131e-06 0.0 0.0 9.269025039680461e-08 6.726529567104392e-05 0.0 5.103706782036243e-06 1.0321514488435988e-05 1.1843012274741885e-06 1.365539638384502e-05 3.5252646734827714e-05 9.072531790481892e-08 0.00012277879258295186 0.0 1.651024482418287e-06 1.882760103880922e-06 1.2138478507628195e-07 1.017374487417653e-07 0.0 0.0 3.1003291984330426e-05 0.0 0.0 5.8067629646119364e-08 7.22181150603542e-05 0.0 0.0 5.50991810047816e-07 3.319179079519214e-05 2.6634982710218484e-07 8.572941758847707e-08 0.0 0.0 0.0 0.0 0.0 2.44007992795457e-06 0.0 5.790359884005051e-07 0.0 0.00011314480136828652 1.747692315763552e-07 0.0 0.0
8.422159781353971e-07 0.0006281534887684778 2.0640288932615982e-06 3.0748741921449904e-06 9.607859044950047e-06 5.0864109224031376e-05 7.073863041158894e-06 6.866225942403985e-05 5.7205801584579006e-05 6.950721094786316e-05 0.0015344034873987233 3.3294675625340596e-05 0.0 2.9442363363845442e-05 4.301883757702749e-06 2.9437081095114562e-06 2.0661128256104772e-06 2.8362580354950095e-05 8.2664533269007e-06 1.3382403634869362e-05 1.0339064614976823e-05 0.0001388708935459813 1.756337021606331e-05 6.577089233574975e-05 0.0023228627975377825 6.598632567201449e-05 0.0017282067450787697 1.677666866141954e-05 0.00015827939120195678 1.868633343170919e-06 0.00036773240251964284 8.661038092158496e-05 2.3125241139228226e-07 0.0003752519177735628 0.00012410463805318962 0.0011051389450823744 0.0053317817824975865 0.0028158258119312944 0.0008520452398698706 0.00011856479002151476 7.026390926445599e-05 0.0006753773710090132 3.69901021689409e-06 0.0 9.325177706104033e-06 1.8762062601219127e-07 2.1731666400463953e-07 0.0 0.0 0.0 4.352979722409012e-07 7.96405066987856e-07 7.799882441245549e-08 0.00046353482149075214 3.9777950642300276e-07 0.002584564636342229 7.024360834640628e-08 0.0 0.0 7.248425092052396e-08 1.6576823364659105e-05 1.7426625933290628e-06 0.0 1.1032003756461791e-07 3.1083382881357763e-06 1.4603727754102162e-07 5.663001020758805e-06 0.0003476950654667808 0.00031263734579235514 0.0005786774046992999 1.4238270552128156e-06 3.389514126414717e-07 0.0 0.0003399276424898288 1.7293349246205246e-07 0.0 1.687033971282421e-05 3.929582257254833e-05 0.00014929157780721689 0.00055125917486181 3.0306926688144942e-05 3.811372099126389e-06 4.593728869646545e-06 6.177485229203416e-07 0.00031932443224253246 0.0
0.002403586113423707 5.399605459480967e-06 0.000229122418067649 1.6146723841468617e-05 0.0 0.000760186524464284 0.003153168708595814 0.004205947453222177 2.1246249764291104e-05 0.0011031593776612458 0.00013138490925221325 0.0002848047933989117 2.9442363363845442e-05 0.0 2.2238909579575565e-05 1.563700077922418e-06 0.0004388572607413707 4.7912158860760915e-05 0.0001517161625973624 0.00010874909380187355 9.268013266455922e-05 6.31174428553063e-07 0.00035522285860732227 0.00025779668479836653 9.226447527877984e-07 0.0001873242576971753 0.0001012206413038273 0.0002591710421677067 0.0024986841361603574 0.001320334383625113 1.3142701736491309e-06 1.953300007401205e-06 3.083678096369787e-05 0.00025493659231297985 4.9538694795833525e-06 0.0002687490955922949 6.549609537805457e-05 0.0003442695949568351 0.00010498972200897169 7.482066123444265e-05 1.2347500309282802e-05 5.298370775232068e-07 1.5584313857325126e-06 1.8141694020108667e-06 7.746272120552058e-07 1.0733491956624598e-06 1.8061294100152903e-06 0.0 1.7554204757518197e-07 5.210917189484036e-06 6.018028654438273e-07 9.626922153504026e-06 1.5466204821994713e-06 0.0 1.959768604710186e-06 0.0 1.1157432362162463e-06 0.0 1.3686263730937677e-05 1.724544349782418e-06 2.420085846197764e-07 1.4143543561907742e-06 9.976838872264624e-07 5.35619182837966e-06 3.39777563145822e-06 6.2451244536157e-07 9.533588841897667e-05 3.105432423346899e-07 7.60930922273082e-06 1.887113261484715e-05 4.3079924723964894e-05 7.894828503242453e-06 1.1771054667505672e-06 0.0 0.0 1.8324850409454258e-06 2.571854950179154e-06 0.0 1.9486996039701604e-05 3.861603882037851e-07 4.951707972196998e-06 2.7731511705394887e-07 3.4804961092510097e-07 5.129253879226388e-07 1.2597372059434627e-07 0.0
0.0 0.0 0.0 1.3255062098991721e-05 0.0006001053059061015 0.00033387101964999134 2.1801918108657965e-06 9.310422389136132e-05 0.0004482714769236135 2.0780480238109727e-05 1.6230620179473589e-06 0.00019889179258256293 4.301883757702749e-06 2.2238909579575565e-05 0.0 0.0 0.0 8.45212222511259e-07 3.103152906354481e-07 3.85824910300043e-05 0.0 9.475352651755255e-07 0.0 1.4811016434921335e-05 0.0 0.0 0.0 7.5730413911673806e-06 1.556058242342939e-05 0.0 0.0 9.291999194410801e-06 0.0 6.949047344136273e-06 0.0 8.274763192561271e-06 8.776695365458737e-07 9.704728068971107e-06 2.8100247648076453e-06 6.353288790301483e-05 6.131740102237348e-05 0.0 0.0 0.0 0.0 0.0 0.0 0.0 0.0 5.279749694439433e-07 0.0 0.0 0.0 0.0 6.074404563817347e-07 0.0 0.0 0.0 0.0 0.0 0.0 0.0 0.0 0.0 0.0 0.0 5.631065952886447e-07 0.0 0.0 0.0 0.0 8.485568492546594e-08 0.0 0.0 0.0 0.0 0.0 0.0 0.0 0.0 0.0 0.0 0.0 0.0 0.0 0.0
2.6625719621025205e-07 9.311913816824264e-05 1.6477997055307574e-05 1.15022451785968e-07 0.0 1.0206263498883965e-06 1.6824747966415482e-05 1.8156195697866617e-06 6.902463321935574e-05 1.1856790382281063e-06 9.21201302550288e-07 0.0 2.9437081095114562e-06 1.563700077922418e-06 0.0 0.0 1.3547784670175121e-05 4.780395019155593e-07 1.7299598456474204e-06 0.0 0.0013975537177400633 0.001634098132978715 0.003179468965346227 0.0018599339305855605 6.657144749142247e-06 9.892295290149754e-06 0.0030119413146483284 0.0005734323450556299 5.495088512272898e-06 4.405144684308087e-05 7.993788912765572e-08 0.0 1.180767871048097e-06 4.3372205251219596e-05 1.3774450740910698e-05 0.0011113744942106054 0.0001639047368557309 0.0003003364881604569 0.00035265518801254857 2.1776963682652377e-05 2.223409865407245e-07 7.108869770101959e-07 4.506917293825448e-06 9.974187627236116e-07 5.618773456019102e-06 0.0001434874178078532 1.5787923048988576e-07 0.0 1.1799141778284149e-07 5.94515877559348e-06 3.0823662884608894e-07 5.162129370123781e-06 3.2050376720850393e-07 9.072031410674698e-08 0.0 6.757525825050108e-08 3.266734744822488e-07 0.0 0.0018683182580926292 5.846964282648101e-06 3.192599555801753e-07 1.4644597345942376e-06 0.0 0.0001739265637851635 0.0007993158046151435 0.0013379303932522335 0.00025153567417507725 1.1467669661450903e-07 3.0573691361633643e-06 0.0006884042641558148 0.00012296390451559485 7.227955225085545e-06 8.347054983180672e-06 0.0 0.0 3.6594517292784053e-06 1.1980395673483971e-05 3.0497298845322763e-07 7.434807347561433e-05 8.39210826756457e-06 4.462231944614869e-05 2.202941759470133e-05 2.4891602269916263e-06 7.825343164312273e-07 3.23334437603738e-07 3.3886859533735697e-07
0.00017160199170974258 0.00016240857333139796 0.0016142428926498062 6.86741230250844e-07 0.0 8.809580140462894e-06 0.0006804732198031149 0.0001733497357085158 3.7774861886167142e-06 1.7813721283993446e-05 0.000732698640177273 6.196868479787995e-07 2.0661128256104772e-06 0.0004388572607413707 0.0 1.3547784670175121e-05 0.0 0.0006515871711749178 0.001813904029609836 8.853450879431039e-07 0.0005582258442287388 8.808677209546837e-06 0.002371463447693023 5.005953797879931e-05 4.389934400031871e-06 0.001010116849670488 0.003076445139209918 0.00010077927879703451 0.0002758779347565942 0.0011632372958216015 2.2086423073223436e-06 1.0425780281973652e-07 2.09238747584865e-05 0.0009116409375963442 1.9731032294255756e-06 9.476865223117442e-05 2.3285346550588273e-05 0.0003506703168120157 7.1029944947138e-05 9.055278630060398e-07 4.745179314952659e-08 2.395735457031158e-07 6.408385612488369e-07 4.836075044920732e-07 4.216022315023399e-05 3.978870489969555e-05 1.8660396579876012e-07 0.0 0.0 1.790318543865029e-06 1.6009271998205894e-07 1.0218026183264339e-06 0.0 3.3003177881262457e-06 0.0 1.4363199869318468e-06 3.0694858331945713e-07 0.0 1.0325653647985199e-05 4.905565534771966e-05 7.706527623412087e-06 0.00012880738495840021 0.0 2.7177136268888327e-06 5.13196297511257e-06 6.627212130121897e-06 5.861869093539887e-06 5.373892089071853e-06 0.0005541003122568198 0.0010820411744671722 3.1584049295435035e-06 6.089558917918308e-07 9.195206407578139e-07 9.056058705204081e-07 0.0 2.81429164650473e-07 1.8218348585082065e-05 6.598152188844283e-07 4.453646916945687e-05 1.47084038671654e-05 4.841319906421274e-05 1.4470028533050346e-05 2.529664860877961e-07 2.082994965317908e-07 8.530601058458017e-08 3.240041220099932e-07
1.594229500100484e-05 1.0328569439533416e-05 6.699438868537072e-05 6.771218528507489e-07 1.552184628860508e-07 6.516978608145103e-06 4.419882511021229e-05 2.6101131669143876e-05 6.129120408621208e-07 3.0054372635465105e-05 0.00211172128337904 6.406446329513804e-06 2.8362580354950095e-05 4.7912158860760915e-05 8.45212222511259e-07 4.780395019155593e-07 0.0006515871711749178 0.0 0.0010165533526509704 4.165434076572937e-06 6.409108002489826e-06 5.578610507171225e-07 4.5327808448670816e-05 4.33532989175603e-06 3.970270189399101e-05 0.001070016032187965 0.0002971821988507857 6.57574626429128e-06 6.188786354842612e-05 2.940749231543345e-05 8.298561428373815e-05 5.794285525266093e-06 1.4621147397918315e-06 0.00045161913353949966 6.321561923272427e-06 0.00024990050798576115 0.00028226140899675797 0.0010164148476900963 0.0003300765323177684 2.2952508453467153e-06 2.465871770689666e-07 0.0 1.1294590711246515e-06 0.0 2.72734658891358e-06 7.292628514881047e-07 0.0 0.0 0.0 0.0 1.2231084340152197e-07 4.5670261174029886e-07 5.529144729757983e-08 1.8473747495015962e-05 6.58511022164666e-08 8.973740072814869e-05 1.5692944252128515e-07 0.0 7.306844151613507e-07 1.3609643319513318e-06 3.890277076609848e-05 1.0072744988504037e-05 0.0 1.5806974666591082e-07 7.007875260076833e-07 0.0 7.691963935742975e-07 1.644012002168503e-05 0.0004616558430820381 0.0004489449844902734 2.929157994341478e-07 6.812734936022546e-08 7.389123163460732e-08 4.449667363195982e-05 0.0 0.0 1.2598261668445637e-06 0.0 4.281420644650741e-06 4.82903797088217e-06 6.057985918084148e-06 1.1483683593690772e-06 6.756033577676793e-08 0.0 1.4723468076106105e-07 0.0
6.568090131510737e-05 9.389806521915928e-05 0.0002530285089853913 9.633015659965938e-07 0.0 4.986297757038526e-06 0.00016283258378202515 9.110779644747421e-05 1.860840222728199e-06 2.5470184969988845e-05 0.0014643447657978796 4.221064896976422e-06 8.2664533269007e-06 0.0001517161625973624 3.103152906354481e-07 1.7299598456474204e-06 0.001813904029609836 0.0010165533526509704 0.0 3.1055380487548263e-06 3.8405701670567246e-05 2.9786997300561465e-06 0.00024659165870979683 7.672574177795797e-06 0.00012590859726990412 0.0014377946994648574 0.0005766489027561818 1.598191238227295e-05 9.867625367249484e-05 0.00017452688162600236 5.750847736086372e-06 1.4200532739688632e-06 4.95624315528327e-06 0.0013555489322053286 5.9294465303422135e-06 0.00023615140477214273 0.0001271066628303263 0.0010340474357722776 0.0001913773960806898 1.6628561286748378e-06 4.5107335103488485e-07 1.623581309524487e-07 1.1641391183398008e-06 7.830144506612467e-08 1.6593993190420953e-05 2.1302537403923737e-06 0.0 0.0 0.0 2.2601931164649781e-07 7.150457354421583e-08 2.0499362618495916e-06 0.0 8.749380945382048e-06 1.8317813444545382e-07 2.5328187523776013e-05 5.99808993376563e-08 0.0 1.7060437279509613e-06 4.269998881401036e-06 2.5200256028788542e-05 4.711156845620046e-05 0.0 1.3451047373765508e-06 3.502146084404017e-06 7.811308642435707e-07 2.2854789046493474e-06 3.7282753510775815e-05 0.0010122938959071528 0.0009154161110925449 9.453435773689743e-07 4.312731644324468e-07 1.8536160923287562e-07 1.6699437750253845e-05 0.0 1.9097812601638266e-07 7.590920555828924e-06 1.9559793310930433e-07 1.6643127779454535e-05 1.4628979748461266e-05 2.1076744208981064e-05 4.36687088021642e-06 1.3429351705609912e-07 0.0 1.526402377412023e-07 0.0
1.2301593958164446e-06 6.145620331717432e-08 6.60552236305288e-07 0.0014761968269321622 2.97420094778202e-07 0.0002116016500630732 3.781739291276637e-05 8.892633959723576e-05 0.0003181816373139312 0.0016299005884426593 1.8341197498449923e-05 0.002649520122993327 1.3382403634869362e-05 0.00010874909380187355 3.85824910300043e-05 0.0 8.853450879431039e-07 4.165434076572937e-06 3.1055380487548263e-06 0.0 2.3889573315637386e-07 0.0 5.930570671168189e-07 0.0002074166847398977 5.618915292272692e-07 4.130287738430189e-06 2.7431280951371897e-06 0.0012776271210186135 0.00011721947611891186 1.0932320661882889e-06 4.736265319490783e-07 4.375313265689096e-06 3.5327399646358084e-07 4.134656075568747e-05 2.6662980455911843e-06 0.0001483156344849061 3.887081378741082e-06 0.00018573271738406914 5.6880962321395446e-05 0.00010335214858859902 1.936391069889577e-05 1.1381040902100395e-07 1.401536509027957e-06 8.815160345354739e-08 0.0 0.0 4.279921104181111e-05 0.0 3.6192981292067308e-06 1.2491159525727375e-05 6.339294963288014e-07 8.174202040550424e-06 2.2481473577697654e-05 0.0 5.398710933975628e-05 0.0 1.2607432199500104e-06 0.0 0.0 1.2879449656495987e-07 0.0 0.0 1.318653968805238e-05 1.9199143958619224e-07 0.0 0.0 8.206103089062838e-05 0.0 0.0 6.984888021910023e-07 3.7937269553912136e-05 1.8411856838345834e-06 5.12483016604886e-08 0.0 1.7966761845789604e-07 0.0 2.545677338055384e-07 0.0 1.143395230779987e-06 0.0 1.42502956731877e-06 9.156657842428402e-07 3.7587254565892635e-05 0.0 0.0 0.0
6.125897134085653e-05 7.1777483641602785e-06 0.00026902560498064587 1.8038792286984828e-07 0.0 1.3176554653460064e-06 0.0003157222491357774 4.1204253672186515e-05 3.050912366086951e-05 4.2754812131343076e-06 1.5204948586484634e-05 2.453251690764054e-07 1.0339064614976823e-05 9.268013266455922e-05 0.0 0.0013975537177400633 0.0005582258442287388 6.409108002489826e-06 3.8405701670567246e-05 2.3889573315637386e-07 0.0 0.00010550151153473199 0.009106017285679948 0.00011069679597387627 1.2049522658827026e-06 5.2037729234203144e-05 0.0002198676960735355 0.0020516969871394583 0.0003104921380640022 0.005874158687181764 5.284748803976833e-08 9.301371886182683e-08 6.72258220782382e-05 0.0019311872861194747 6.215871342694022e-05 0.002534966363642769 0.00031439539865390945 0.0034251342054088204 0.001235991396321795 3.2983587591459436e-05 4.5221627429191e-07 4.0796623490020555e-06 1.2594547585180299e-05 6.619765888482189e-07 2.7843014353044695e-07 4.248249929667103e-06 0.0 0.0 4.1136729179447956e-08 1.9592056127576505e-06 2.874842615056977e-07 3.941846691626206e-06 0.0 0.0 0.0 0.0 9.901451278663457e-07 0.0 0.0004127161778753829 5.403140444768628e-07 0.0 4.453708723956475e-07 0.0 0.00010693331992271465 0.0001518688326032561 7.828030587851715e-05 0.00015714286040205636 0.0 3.7632313945371434e-06 2.2991290932030315e-05 7.58453138229509e-05 8.426601274586193e-06 8.387649576302618e-06 0.0 0.0 4.38197004299051e-06 4.485299051159244e-06 4.275779080583993e-07 3.9953079828032444e-05 3.076230189087765e-06 1.0731346576180336e-05 1.8503499864134198e-06 1.4560252105006006e-07 3.65651759990155e-07 0.0 0.0
3.8220482520031334e-07 0.0015731542498889927 2.2115720901043312e-05 1.8346310034146685e-07 0.0 3.943345167475147e-07 4.574578970659613e-06 1.4740106674736941e-06 0.0013962949994658473 1.376342207894765e-06 7.393307870506279e-06 3.084410213059498e-05 0.0001388708935459813 6.31174428553063e-07 9.475352651755255e-07 0.001634098132978715 8.808677209546837e-06 5.578610507171225e-07 2.9786997300561465e-06 0.0 0.00010550151153473199 0.0 0.0002241250258838668 0.0036668647023582637 0.0006674004971284503 2.33445077607072e-05 0.0024414139603093988 4.69552139128927e-05 2.9613183260893956e-06 1.3547927177374171e-05 7.677791243561817e-06 7.477979785086886e-08 5.213419015766885e-07 8.392047130690872e-06 4.97050915334366e-07 4.170800163367544e-05 1.826550050198736e-05 2.6678411247626164e-05 1.393242337024214e-05 5.756483119371203e-05 0.0 5.270676975915938e-07 3.8018931312103176e-07 1.4864611154111956e-07 2.730112703038374e-06 9.293327514449149e-05 3.856799750867972e-07 0.0 6.3199105405698e-08 7.602834934510948e-07 5.7961870857467974e-08 1.1122821155568284e-06 0.0 1.307662686588013e-06 0.0 5.507325082198463e-06 2.1358083563944012e-07 0.0 0.0005651471969732748 4.386688450773226e-06 0.0 2.947810682323872e-07 0.0 3.7240398037460484e-05 9.687236146544772e-05 0.00032303835843388077 6.938919938554915e-05 1.3247902185348148e-06 4.233210970101641e-06 0.0005817941792778131 1.9276365229996227e-05 2.2003944960331763e-07 1.078405925672649e-06 7.224351568934199e-07 0.0 2.311930044261584e-07 3.774854328253437e-06 0.0 2.1437674598519693e-05 4.923889292146596e-06 1.351135048455591e-05 9.847622549055251e-06 3.9804788460715215e-07 0.0 5.839779382348884e-07 0.0
0.00011179864186826973 3.102614164634314e-05 0.008096439739743453 1.8518098101452676e-06 0.0 9.284223583219492e-06 0.0014533318080327785 0.0001278189619131039 9.006250203999476e-06 3.188047563510779e-05 4.0724110428863636e-05 1.1267317263303151e-07 1.756337021606331e-05 0.00035522285860732227 0.0 0.003179468965346227 0.002371463447693023 4.5327808448670816e-05 0.00024659165870979683 5.930570671168189e-07 0.009106017285679948 0.0002241250258838668 0.0 0.0010370864522785857 1.9791048486941363e-06 0.0015125347523618582 0.007817396756359408 0.00285138341172022 0.00018036681425067763 0.0025377962828781837 5.531877134936154e-07 1.2418611575406514e-07 1.8904463681753974e-05 0.0017443254085583574 9.831720838506394e-05 0.005794358759407694 0.0006296952606673497 0.004511903165697834 0.0038160133025528288 0.00026775471729571993 1.5920196551355492e-06 5.8312644862644095e-06 4.403746471153598e-05 2.1537359382587765e-07 1.3705327611483113e-05 0.00042451891189566193 2.849816793987461e-07 0.0 0.0 5.413033216276464e-06 5.77620786583612e-08 9.530746636494911e-07 1.9672190417799405e-07 4.2339164894624245e-07 0.0 4.066731673872212e-07 4.374877522989144e-07 0.0 0.0009039069346997439 3.380172908047684e-05 4.951860264690982e-07 8.773977466444769e-06 0.0 4.356339165729934e-05 0.0002938953183056537 0.0007982520352798106 6.728118928578706e-05 2.940830343595112e-07 4.278921882082705e-05 0.0010705530789665186 4.781655133950241e-05 1.5973319304874983e-06 1.8955870734768964e-06 1.79416244295143e-07 0.0 7.880123840231699e-07 2.275803030003833e-05 1.2950478610545603e-06 0.00010324990471749906 9.162621658366297e-06 6.198077188439042e-05 3.4047191276017094e-05 1.9272278307188768e-06 3.6026023223707983e-07 1.0382373020812375e-06 8.160101580094101e-07
5.107254266714483e-05 0.0007619806800724833 0.00013131706701829712 0.0006104785803325298 1.5457261240263135e-06 0.00014898763692284823 0.0011462402260305569 0.0005631410160194814 0.006001931226519929 0.0006134439425641226 1.2501561371040505e-05 0.0005301008743826231 6.577089233574975e-05 0.00025779668479836653 1.4811016434921335e-05 0.0018599339305855605 5.005953797879931e-05 4.33532989175603e-06 7.672574177795797e-06 0.0002074166847398977 0.00011069679597387627 0.0036668647023582637 0.0010370864522785857 0.0 0.00020784470759392602 5.022194341544855e-05 0.001820244304990157 0.003212969680764207 0.0008009711305491177 0.0006794436575348237 2.806337301101355e-06 1.7757051941063306e-06 0.0002819921469389687 0.0003155293537022712 5.334384908574687e-05 0.001658182220783924 0.00010660809493460272 0.0009319873616812138 0.0007259591012642582 0.00021220518628782103 2.5290702358678887e-05 1.970213006557973e-06 1.2177142552192083e-05 3.272066461021243e-05 5.334049128664651e-06 3.381789928642322e-05 0.0004810199513662883 6.814119670448597e-08 3.9613467970631235e-05 0.00032426690026911276 2.8062505999930656e-05 0.0007775323887490949 0.0002372524566915043 2.111350761460379e-06 0.00010632844909852566 2.2958394140635475e-06 6.055238602153581e-05 4.888521962353297e-07 0.00023242031896472077 4.12646102120615e-06 2.629655741582211e-07 1.3268509507213897e-06 0.00014758824593977078 9.778944634784133e-05 0.00015210782540524487 3.1100048746242066e-05 0.004237107557957062 8.949308048986571e-07 6.763414119205308e-06 0.0001225189017254955 0.001533523859097533 0.00020045183231348442 3.8055084015892565e-05 2.472884242047402e-07 8.570582132584052e-07 4.3054387024053035e-05 4.641495551242881e-05 1.6122907444051662e-06 0.00042110307671221745 1.400255086056366e-05 0.00016182693038036938 3.4163845851137496e-05 0.00011279098422530542 1.607745704887571e-05 1.3474088570497963e-06 1.3739628655349957e-06
