0.0 7.516402650829178e-08 2.7808139817966357e-05 4.729748429932119e-06 0.0 6.905530990871126e-06 0.0011039980351933228 0.00019624444934301856 1.5835412397084752e-06 5.833638677500721e-05 1.5240304880704165e-05 1.5582940123556444e-06 1.0826128363194681e-07 0.002614449867768117 0.0 2.9126608250651967e-06 0.00015290905707041036 4.810558581750697e-06 1.1135622689537065e-05 1.795634721008634e-06 7.955750176998413e-05 3.7076866942837055e-06 0.00014974886111684084 9.066298307679325e-05 0.0 1.7105710162523473e-05 2.8216745849983224e-05 8.92850093313931e-05 0.002043166031185386 0.0016252797966737058 0.0 2.0053724782103837e-06 1.9146731925272234e-05 6.46720493791163e-05 8.552058089048137e-07 2.5249551257376788e-05 9.347120990530851e-07 3.326964539996665e-05 8.908452080252006e-06 1.0626548438510525e-06 4.731930172172568e-07 1.8944364085097073e-07 1.3448767646017103e-07 1.8657694925220148e-07 6.851531833029535e-08 4.982084170696264e-07 3.145824948128851e-07 0.0 0.0 4.128162833860917e-06 0.0 1.1265978039279383e-06 0.0 0.0 0.0 0.0 6.146847701507941e-08 0.0 6.864297529392098e-06 1.9665599161160591e-07 0.0 2.3141664231329095e-07 0.0 4.5862372875390675e-06 2.754446033173593e-06 2.045074573369268e-06 1.605713828082065e-05 0.0 6.643157740834593e-07 1.826191603211981e-06 7.404126876797512e-06 9.21748591294143e-07 2.1259549211630563e-06 6.988051483455851e-08 0.0 0.0 6.35492340928998e-08 0.0 4.437443537383626e-06 0.0 7.679042201150414e-07 1.8710566713593856e-07 2.88477638250787e-07 0.0 0.0 0.0
7.516402650829178e-08 0.0 2.6291246996503958e-05 9.480663353697964e-08 1.6439471197628136e-07 0.0 6.930863607403303e-06 3.7322103616817633e-07 0.0004711014910099428 6.465379923580354e-07 3.659842235995266e-05 7.671995397303025e-06 0.0006393668592615063 3.4851161733077984e-07 7.964330910433714e-06 0.00013519814807374985 1.9382403137774758e-05 1.7048666977854574e-06 1.0264084968327622e-05 0.0 1.5075011367059445e-05 0.001376304247099951 1.1789380090657783e-05 0.0008941212409995732 0.001205554617681132 2.8650923173278238e-05 0.004451802220686146 1.3784660628209073e-05 9.427078927241267e-07 1.0454241626623348e-06 1.932638152279526e-05 0.0 0.0 3.651747316502546e-06 0.0 1.4388387112538089e-05 3.498503533057594e-05 1.5356477144895663e-05 7.186814187982927e-06 3.9853966408687815e-05 3.115960185689351e-07 3.0430999650473098e-05 0.0 7.136340246912933e-08 7.188353903071776e-05 3.512787614074695e-05 2.9106942839766646e-06 0.0 0.0 2.7206488817118414e-06 2.4718514152572517e-07 3.084502146027898e-06 1.6711226288686098e-07 2.2673491125567214e-06 0.0 1.723981840229245e-05 2.3669742820255844e-07 0.0 3.490598091179678e-07 9.971295560565134e-06 6.193400306564855e-07 1.6720201674029072e-05 3.9785420797618815e-07 0.0 2.1553793616913374e-06 3.8313922914323257e-07 7.697142445051523e-06 3.136777301396664e-05 0.00010776410288245555 0.0010593227694037518 2.411448504528259e-06 3.797226175537224e-07 2.6445847983628824e-07 2.803199596783091e-06 9.025528536795652e-08 0.0 2.6771882154669177e-06 1.1693672496368793e-07 1.40665894100427e-05 7.13907152509889e-06 1.2236856361806245e-05 7.282568293896533e-06 2.9226624448421225e-07 1.7725343627156133e-07 5.092887543401636e-07 0.0
2.7808139817966357e-05 2.6291246996503958e-05 0.0 3.3472381970401247e-06 0.0 2.999584928769252e-05 0.0013283290218589487 9.797981932414062e-05 2.77582668374354e-07 5.6336536398913924e-05 8.9913059344035e-05 7.832219954105904e-07 1.1523060110787937e-05 0.0001354554480581444 0.0 1.5612414738189503e-05 0.003944724958514663 1.7755979379136802e-05 9.248412892979915e-05 7.431219450866676e-07 0.0009588448648247949 5.746613462180119e-07 0.007359672188268582 7.217361485447593e-05 1.0968471853521581e-05 0.003078727442733896 0.003156773548231476 0.00021417626688617094 3.731474206916707e-05 0.00032101766683897634 2.5448617427890896e-05 8.757955136318553e-07 2.0292777999973498e-06 0.0006433745221097364 1.0527794335150645e-05 0.000989131619183576 0.0007937382388781231 0.0009730337844442332 0.00046449316338984594 1.5545888305823492e-05 3.0087659904739916e-06 6.944697225841618e-06 4.955258592367342e-06 0.0 0.0001357262695914402 9.706555575572325e-05 6.090843134390049e-08 0.0 4.1355916643630895e-07 1.117157878406611e-06 0.0 7.07546205210599e-08 0.0 0.0 0.0 9.056607678365933e-07 3.312975203393007e-07 0.0 5.649466990903679e-06 1.3643509322008522e-05 2.524359110015205e-07 3.0966632530923094e-05 0.0 2.176895856554116e-06 8.787330212983834e-06 4.430835936096103e-06 7.80539032456811e-06 1.2444860571606062e-06 0.00015006757547939074 0.0008894459853661127 2.813602084848659e-06 5.418459501952432e-07 2.4309735094127295e-06 1.5627877069047824e-06 0.0 1.842898943150238e-07 3.298451422884843e-06 3.052917952190553e-06 1.5182739015155272e-05 1.9932418737045084e-05 2.0865605211722617e-05 6.31888447339388e-06 0.0 0.0 0.0 2.2965760273808073e-07
4.729748429932119e-06 9.480663353697964e-08 3.3472381970401247e-06 0.0 0.0 4.70566469712161e-05 8.784687065685512e-05 3.823620567548019e-05 0.0007117484798385455 0.0012175825553090327 2.4371753107087884e-06 0.002256841866430679 2.7734258390136145e-07 2.8661838361731198e-05 1.5861737639409423e-05 5.112354327965328e-07 7.195301774993494e-07 1.0857937799561766e-06 6.496792997165078e-07 0.0023195861468789875 2.2540573678931477e-06 0.0 1.5204145958773313e-06 0.0011227180808692314 0.0 1.4049557519097369e-06 2.612373276002753e-06 0.002562852559492072 6.4434258588183e-05 5.658385673372898e-07 5.434444729130762e-08 3.102185724267509e-06 4.4265972054310365e-06 2.2890192807781465e-05 1.4901208361775378e-06 5.3506068859894084e-05 6.052966626351862e-07 5.459147146636204e-05 1.1340672247329089e-05 0.00013628356390636101 7.69514089496148e-06 3.101363890884137e-07 1.167246729826904e-06 2.186964599944379e-07 0.0 5.298146092053135e-07 0.00012940711552765906 6.40251457569616e-08 2.7148151343809187e-05 0.00010916222837114468 8.04103721108349e-06 0.00015193631365562201 0.0001333210899228353 4.2689550249833286e-07 0.00012487757647254962 0.0 1.774761455078023e-06 3.7754451437603957e-06 2.521112475909568e-07 5.812777992798307e-08 0.0 1.1832305332277806e-07 0.00010924852620619714 3.3471165905218215e-07 1.6240069104621241e-06 7.053591144377451e-08 0.00018594796681051584 2.0193052505712473e-07 5.183692228894224e-08 3.785049599880144e-07 0.00024972848857678244 4.3058404855612615e-06 1.652557648083052e-07 0.0 1.4472662214127395e-07 4.199106048692743e-07 6.494576540982254e-07 0.0 4.338904410368692e-06 1.450810396905158e-07 3.2045953856046294e-06 5.536849313577228e-07 3.684147591006665e-05 1.4924905264087248e-06 1.7400131125577405e-06 0.0
0.0 1.6439471197628136e-07 0.0 0.0 0.0 5.5169107758100016e-05 4.7565798813430345e-07 3.7341444462645445e-06 1.836289001996875e-05 3.8088156631184783e-06 8.425852563499216e-06 2.2437846505855404e-05 3.2943729889536646e-07 3.3967542028425985e-07 0.0014232307311046702 0.0 0.0 2.4506281857654177e-07 2.1792173303745214e-07 5.334266436171889e-07 0.0 1.8796076726683526e-07 0.0 5.700095280689912e-07 0.0 7.749405236037149e-07 0.0 5.430157566614904e-07 5.957326436684917e-07 5.564625853474237e-07 2.792299695203836e-07 1.5394579302926218e-05 0.0 7.568264728549296e-05 0.0 1.110002948028633e-05 1.724484496428724e-07 7.492733506557465e-05 1.9786058330276624e-05 0.0006058797134073897 5.751713596938096e-06 1.052754630749818e-07 0.0 0.0 0.0 0.0 0.0 0.0 0.0 0.0 0.0 0.0 0.0 0.0 0.0 0.0 0.0 0.0 0.0 0.0 0.0 0.0 0.0 0.0 0.0 0.0 0.0 0.0 0.0 0.0 0.0 0.0 0.0 0.0 0.0 0.0 0.0 0.0 0.0 0.0 0.0 0.0 0.0 0.0 0.0 0.0
6.905530990871126e-06 0.0 2.999584928769252e-05 4.70566469712161e-05 5.5169107758100016e-05 0.0 0.0021503533732681003 0.0036145354890298963 1.2918280779680101e-05 0.0029055519099263497 7.498355301197136e-05 0.003312552739824027 5.5794325394989844e-06 0.000308240132375747 0.0006340338724781042 1.0384302118694063e-07 1.470444305777644e-05 1.3599310230448183e-05 1.0488515214298747e-05 0.0002351256300966257 1.4681911746800202e-05 3.411865211930944e-07 1.9855625033320218e-05 8.86881194189302e-05 2.1673646640879717e-07 2.6131553054393593e-05 1.3817006388428921e-05 0.0004266677227597021 0.00034832716583772387 8.195082302099101e-06 3.377000442819538e-06 0.0006071027001252692 3.5394462610541376e-06 0.0004386573751523992 6.640540505349218e-06 0.0001574924900737012 4.518307745910629e-06 0.0003029541198369178 3.9350794661266126e-05 0.0006575963288058346 0.00021274469069697244 5.913044915903622e-06 1.9215999138602004e-06 2.1535321509505745e-07 7.820270480319511e-08 0.0 6.906519668491279e-06 0.0 1.4565939307900826e-06 6.560821029349812e-05 1.62510250252864e-06 6.628907653440874e-06 4.993562528700537e-06 6.792992099019388e-08 4.25414507925757e-06 8.081459175616121e-08 7.699166171412095e-07 0.0 2.408695925882251e-07 0.0 0.0 8.137007103583824e-08 4.517543186785387e-06 5.443600086500651e-07 2.3314492548543184e-07 2.297564662849654e-07 5.550923639391171e-05 0.0 3.499284304511885e-07 1.1834809728716562e-06 5.663223545982313e-05 2.989013410687504e-06 1.6445085704775318e-06 0.0 0.0 1.9918806272459813e-07 1.2110648672490278e-07 1.832371935442763e-07 4.680575385890566e-06 6.70763102054485e-08 1.3890944636219844e-06 7.714383354957208e-07 2.8517283487428653e-06 4.313448632403363e-07 0.0 4.6576488923685424e-07
0.0011039980351933228 6.930863607403303e-06 0.0013283290218589487 8.784687065685512e-05 4.7565798813430345e-07 0.0021503533732681003 0.0 0.0013605533857034887 9.148979082479155e-05 0.007326176233067806 2.7760620397766755e-05 2.8136897834512343e-05 3.518892230382551e-06 0.0037553914328226543 6.315720446481378e-07 1.597046059224743e-05 0.0005258503853107223 1.1258148518460749e-05 2.46887315523957e-05 7.367143185878984e-05 0.0018489463457479738 4.4444301444823245e-06 0.0014237597402633 0.0006776976504260374 3.86078563366361e-06 0.00012295995048079868 0.00034215179827676854 0.009131814626565773 0.00045318088784521463 0.00437546936055907 3.2220163471563597e-06 1.4539140739192204e-05 2.6338156187560638e-05 0.00021069824694145878 1.7454257477327104e-05 0.0006383179039200039 3.4581222876234226e-05 0.00046322333326036485 0.00013929675984924225 7.540061129883726e-05 6.307781477454538e-05 1.7145351676888437e-06 9.85924909432252e-06 1.5046986031419505e-06 4.187078168793398e-06 5.518110941051997e-06 3.555406267232593e-05 0.0 1.1523325724902033e-05 0.00033733792177837 8.297932678759632e-06 9.310079677840091e-05 3.2496574605268154e-05 5.857450883773921e-08 1.0463004442929304e-05 0.0 2.795730151155684e-06 9.71262686237404e-07 1.4820226508952857e-05 6.663706596262473e-07 3.562779627084192e-07 1.088596509289571e-06 2.2569826872753224e-05 1.316745580475102e-05 9.053810723761485e-06 6.475322681399948e-06 0.00047668508178516254 3.2707557526104627e-07 6.220895856487971e-06 3.7619749651242355e-05 0.00036465604434424186 1.688338751464524e-05 2.7930434704567006e-05 6.568125652598096e-08 0.0 2.2015799471399815e-06 7.3203878602035605e-06 3.3839080162191653e-06 6.406253587171095e-05 1.0538445464404357e-06 2.1113370584711704e-05 5.461584133301083e-06 1.2958395831185541e-05 1.961528694060194e-06 0.0 2.245135125980298e-06
0.00019624444934301856 3.7322103616817633e-07 9.797981932414062e-05 3.823620567548019e-05 3.7341444462645445e-06 0.0036145354890298963 0.0013605533857034887 0.0 9.320055308995027e-06 0.0014948563317132596 8.760308373489899e-05 0.00040603836367853906 6.099642050948001e-06 0.0027657003158974122 0.00010485130548247492 3.012994778114281e-06 0.00020567760085906856 2.1008453351537432e-05 2.305964651718264e-05 9.248422392010936e-05 7.224517752958677e-05 2.2142724454176377e-06 0.00017581651110034363 0.0002789081110919064 7.402498581207088e-08 5.382885103892943e-05 5.158280767875507e-05 0.0003302883723447691 0.0005356552339152501 0.0004124994803979376 2.9862700022923275e-06 0.0007655992222379539 1.0914500482757711e-05 0.0003450766423373972 6.0071238024560826e-06 0.0002207010272468795 7.024971732911809e-06 0.0002394517153674591 5.840305140745572e-05 0.0003950048223080562 7.363647542463793e-05 3.5089898394638305e-06 2.6058655826778125e-06 5.194910283848978e-07 5.753119516287598e-07 8.458111257854429e-07 6.016120717749553e-06 0.0 4.890511212080012e-06 0.00016490600304880208 1.4956075077800584e-06 1.2695829265891952e-05 7.84064418301982e-06 2.7161178598393496e-07 1.4020663454404197e-06 0.0 1.2373395561071672e-06 0.0 6.235452369827116e-06 1.6208090969359906e-07 1.2444511839799678e-07 2.1106346729908788e-07 3.7078120522682574e-06 5.047935629513084e-06 4.6429462029830755e-06 1.6894731578588057e-06 0.0001489025568020393 0.0 8.920447110233412e-07 2.7984620381938402e-06 0.00013041210556747864 7.2007475129942455e-06 8.636510652319904e-06 0.0 0.0 3.445658710279494e-07 1.595469408351334e-06 1.3165024723484135e-06 2.193762337812125e-05 4.4278020817840177e-07 5.596200820859008e-06 3.3529836823460123e-06 6.654352753075309e-06 1.045628559029436e-06 0.0 1.1998323965475629e-06
1.5835412397084752e-06 0.0004711014910099428 2.77582668374354e-07 0.0007117484798385455 1.836289001996875e-05 1.2918280779680101e-05 9.148979082479155e-05 9.320055308995027e-06 0.0 0.00013618487503917265 3.6141285449676797e-06 0.00031429402824169393 4.448651329900372e-05 5.762497601159294e-06 0.0004559317851084034 3.710236278327716e-05 1.1314816322330806e-06 3.1205404402874507e-07 5.859276737852891e-07 0.00046091313018404683 2.44607301119449e-05 0.0013136762841645512 1.703844200767321e-06 0.004090681028162104 0.0001394954775221239 3.3723749739203524e-06 0.0002907584726808557 0.0004943245722875967 1.542390564799808e-05 5.947228955470803e-06 4.430681915223356e-06 1.2105947022130406e-06 1.4810646608310694e-06 4.261068740405719e-06 4.570362529567255e-07 2.4768860876317004e-05 2.375520510869998e-06 1.3366824584175611e-05 4.537442677924317e-06 0.0004768581579942082 5.87622907054957e-06 6.446553417357396e-07 0.0 2.091576774830958e-06 3.5322939899552306e-06 3.77736669067133e-06 0.00017209346615146 4.1622992939703883e-07 3.726964835828456e-05 9.92920543233166e-05 6.032852561647131e-06 5.412120334701389e-05 0.00013323078318008944 3.5354915739909196e-07 0.00023559793932272305 1.0421151071557372e-06 1.9636302176815214e-06 2.2280707972631224e-05 5.340208254300007e-05 5.866561420254915e-07 1.5052842159220613e-07 7.65598716956196e-08 0.00014740891352170942 1.9868381175386716e-05 9.889585276033536e-05 1.0224337579248518e-05 0.0007701296608206709 4.1959073218883086e-06 2.402089312808684e-06 2.34315436534179e-05 0.00029170354432047686 2.2163143820791703e-05 5.731873134019981e-05 1.5521430268009142e-07 0.0 3.1881004273642534e-06 6.320495243407891e-06 1.654026321360486e-06 5.504894926361786e-05 7.43578734108163e-07 1.7332811274491853e-05 5.7202708535173035e-06 8.311890215481218e-05 3.674816862190756e-07 1.4375376062789261e-07 0.0
5.833638677500721e-05 6.465379923580354e-07 5.6336536398913924e-05 0.0012175825553090327 3.8088156631184783e-06 0.0029055519099263497 0.007326176233067806 0.0014948563317132596 0.00013618487503917265 0.0 0.00014036133321447715 0.0010543276954790835 1.257421277646325e-05 0.001068184672597629 1.4975504755164408e-05 5.01165471701869e-07 3.091563099132072e-05 3.4356821667829575e-05 2.609236758906053e-05 0.0018950851970258697 2.9798456987697763e-05 2.876752178856469e-07 4.1786570080262195e-05 0.00044418687100669315 3.653570964663159e-07 5.957036379496721e-05 2.6197511015510665e-05 0.004070955052359845 0.0010198712983428585 2.040264174044519e-05 5.913926182628694e-06 0.00010833683376441965 1.2174189710495865e-05 0.000620579089325514 1.862297419180541e-05 0.0007863115287599401 1.98002271827364e-05 0.0010278793542878458 6.451706430460615e-05 0.00027313553304334425 0.00017927206724642163 6.133876658032151e-06 1.4407716839788023e-05 7.475624259535044e-07 1.0192289055989354e-06 7.798482470159772e-08 6.196051458396215e-05 0.0 1.5640276615747593e-05 0.000189355427515378 5.662008690541769e-06 7.966162548140237e-05 7.29288670462507e-05 3.8363730302738333e-07 5.930175527081403e-05 1.3953529537413646e-07 1.5127214392176397e-06 4.210863818338666e-06 1.6027622540563205e-06 0.0 0.0 0.0 5.738867888966161e-05 6.678108573546242e-07 1.0760523882931154e-06 2.560538231788675e-07 0.00018878683335791808 9.815903885188677e-07 7.888632826876232e-07 1.9778493800669456e-06 0.00021710788344868033 6.448005052140176e-06 2.508465983440859e-06 0.0 0.0 2.09627208376099e-07 8.174443458316018e-07 3.26610351294838e-07 1.1850090916678352e-05 2.0104442029880003e-07 4.607527612543368e-06 1.7363430170633533e-06 6.803521729474806e-06 7.572352140240337e-07 0.0 8.580242138406248e-08
1.5240304880704165e-05 3.659842235995266e-05 8.9913059344035e-05 2.4371753107087884e-06 8.425852563499216e-06 7.498355301197136e-05 2.7760620397766755e-05 8.760308373489899e-05 3.6141285449676797e-06 0.00014036133321447715 0.0 6.354825540513923e-05 0.0006369915720253312 6.259046584531932e-05 4.8478729318689185e-06 4.72381954897656e-06 0.00043494832077936764 0.0013662119864234587 0.00020917647956497854 1.7883601652237428e-05 3.7121310291849695e-05 1.0091012857325607e-05 3.58287593625372e-05 1.953495752911372e-05 0.0003287873936224976 0.0006659589450946389 0.0006003169384646042 2.0004111373999758e-05 0.0002468858988653914 4.647223928289829e-05 0.0001031988386423558 0.00012500635211310705 8.852721018909426e-06 0.005583463026225723 6.667144152367674e-06 0.00022401992292906778 0.0022847656165328888 0.0036350041516024735 0.0005607047389842443 3.0928357594688553e-05 2.938191840301954e-05 0.00027490886779847883 2.9956133872720883e-06 9.746341163101772e-08 2.366977963239657e-06 6.778237736816032e-08 0.0 0.0 0.0 3.272951845028923e-06 0.0 5.530933986608343e-07 2.523812454408953e-07 0.00012000888972682568 0.0 0.0004029696337340133 0.0 0.0 2.220144515779435e-07 0.0 2.5035705354256493e-06 1.5431021336446712e-07 0.0 5.016827103798921e-07 9.68275774429957e-07 4.432067934472867e-07 3.001985891991182e-06 4.570196049705098e-05 1.4575695382268876e-05 6.57298812096301e-05 3.1808985301275486e-06 1.2697730659795059e-07 9.143767727753063e-07 4.7145062965605376e-05 0.0 6.480060802006615e-08 4.825922629813465e-06 0.0 5.759527882401287e-06 0.0001306610346349946 9.040158519861456e-06 3.4473144135858873e-07 0.0 5.846339705797702e-07 0.0002028382495201271 0.0
1.5582940123556444e-06 7.671995397303025e-06 7.832219954105904e-07 0.002256841866430679 2.2437846505855404e-05 0.003312552739824027 2.8136897834512343e-05 0.00040603836367853906 0.00031429402824169393 0.0010543276954790835 6.354825540513923e-05 0.0 6.2967741649801995e-06 0.00012451084453629684 0.0006510281912665686 7.464572468065744e-08 1.5631313571370366e-06 1.251200772879023e-05 7.693385367995114e-06 0.0028084320996203623 0.0 1.6276557921408103e-05 3.580683113371575e-07 0.000258961908755973 2.868250574194856e-06 1.830279677615228e-05 1.1770064160935394e-05 0.00022288612531205104 0.0002106603730374346 6.971888939782899e-07 2.5496664029793296e-06 0.00012222523931367576 1.8315324219281927e-07 0.0002789326023871014 9.412300304619474e-07 6.825627616216463e-05 2.275618678961343e-06 0.00021262701350001324 6.085882070841567e-06 0.0011934617710507851 4.905701654368141e-05 1.8254303880903624e-06 9.403108416117572e-07 0.0 0.0 1.1766784405270068e-07 4.232403926363162e-05 0.0 1.3336170187267174e-05 1.4766234994548117e-05 1.058582423506222e-06 1.8104458254269646e-05 4.12583561715922e-05 0.0 0.00011100018633818554 9.823742201579858e-07 2.0463134658263297e-07 5.445797199917417e-06 5.4724141573816636e-08 0.0 0.0 0.0 4.658718141742093e-05 1.7724526828512105e-07 1.0778019672418294e-07 0.0 1.86625670963474e-05 0.0 0.0 3.018468616985811e-07 3.954638456672554e-05 1.478708519903077e-07 0.0 0.0 0.0 0.0 1.5827880567524208e-07 0.0 7.850476059486799e-07 5.126463400505991e-08 1.0380143002479397e-06 1.4756211240651972e-07 2.3339323873641506e-05 0.0 0.0 0.0
1.0826128363194681e-07 0.0006393668592615063 1.1523060110787937e-05 2.7734258390136145e-07 3.2943729889536646e-07 5.5794325394989844e-06 3.518892230382551e-06 6.099642050948001e-06 4.448651329900372e-05 1.257421277646325e-05 0.0006369915720253312 6.2967741649801995e-06 0.0 2.193903519865362e-06 1.0106800259057118e-06 6.4781164231381695e-06 3.1855552003602573e-06 1.4333165229607092e-05 3.01277413476039e-06 8.680575407667477e-07 5.4479332782428475e-06 0.00010924050462529365 1.8401713639755727e-05 6.0857019133489054e-05 0.0030074314154324164 7.568161163726725e-05 0.0026058398315315944 4.720219729076518e-06 5.927891289724869e-06 2.1107366042161566e-06 0.00019355166307885441 7.980789702853392e-06 1.4760166438214341e-07 0.0004849684990059552 9.176115408667428e-05 0.002192066360309629 0.0036156368129059606 0.002884229736699455 0.0006389403735259056 0.00012185000305634392 0.000146577987637933 0.0007312513465291721 1.5354724849529437e-05 0.0 1.7593561483800798e-05 8.16247773285936e-08 2.8648450530823468e-06 0.0 6.409625032699344e-08 1.24172277676631e-07 0.0 8.343473568165828e-08 0.0 0.00036976501074692324 0.0 0.001492282459992964 0.0 0.0 8.774915604217326e-08 1.204270966555187e-07 2.1017189907579637e-05 1.0639595485474822e-06 1.9446963614487048e-07 0.0 4.3793699968197284e-07 8.254443452663036e-08 7.583305906505398e-07 0.00029014019360325895 0.0001256540132082841 0.0004920206876405555 1.2910879792457399e-06 0.0 0.0 0.0003374607358098244 0.0 0.0 2.5546140005905343e-05 7.91831168332161e-06 0.000165996181014214 0.00037407265510699906 1.881216907438127e-05 4.31707248791488e-06 1.4212117684458646e-05 0.0 0.0004264847283717318 0.0
0.002614449867768117 3.4851161733077984e-07 0.0001354554480581444 2.8661838361731198e-05 3.3967542028425985e-07 0.000308240132375747 0.0037553914328226543 0.0027657003158974122 5.762497601159294e-06 0.001068184672597629 6.259046584531932e-05 0.00012451084453629684 2.193903519865362e-06 0.0 7.19882225208489e-06 4.589128454996286e-06 0.0004110418604528371 1.9062159380649193e-05 3.525991343064202e-05 5.121761565617068e-05 0.00016252990569262364 4.279241699993452e-06 0.0003944028131054084 0.0002557295781153341 1.1248276504583341e-07 7.030641998275142e-05 9.360780150333099e-05 0.0003275621696678414 0.0021772255811633393 0.00152854316645787 1.6757911014670463e-06 4.718578578742754e-05 1.6936245397771384e-05 0.0002707424231015187 3.486501031054651e-06 0.00014335974591214338 7.785721120065228e-06 0.0001740207829579901 3.6535503255102665e-05 3.39578804947542e-05 1.1702988080220395e-05 3.646756175655371e-07 1.0674286572470893e-06 7.042353606152288e-08 5.783709234358453e-07 1.7605568021088784e-06 2.088801757639632e-06 0.0 5.338912915155461e-07 4.218708699093268e-05 2.6957308185923774e-07 7.155805780987875e-06 2.151684167435865e-06 0.0 7.897755774575156e-07 0.0 4.508218858879495e-07 0.0 1.0525002035923788e-05 2.6480534293476856e-07 5.963127486779296e-08 2.4252193315708136e-07 1.4567587330302542e-06 8.167450224095295e-06 5.693677444582771e-06 3.4090159054042307e-06 6.647367276099962e-05 7.252835685168837e-08 2.380813408234572e-06 7.341014690864386e-06 4.157387214923155e-05 2.5480251903553025e-06 6.0144803668855635e-06 1.227161748553926e-07 0.0 4.95912744532076e-07 9.457967591742445e-07 6.37241142420287e-07 1.3789647638228244e-05 0.0 4.1102574975995415e-06 2.1129603478914655e-06 1.3285437376292074e-06 1.4923167880916448e-07 0.0 0.0
0.0 7.964330910433714e-06 0.0 1.5861737639409423e-05 0.0014232307311046702 0.0006340338724781042 6.315720446481378e-07 0.00010485130548247492 0.0004559317851084034 1.4975504755164408e-05 4.8478729318689185e-06 0.0006510281912665686 1.0106800259057118e-06 7.19882225208489e-06 0.0 0.0 0.0 7.99593094379522e-07 2.3644859967527473e-07 9.104108848923356e-05 0.0 1.8453318322398098e-05 0.0 0.00011309785474953216 1.5546562281791769e-06 1.287758574025219e-06 5.099991363915838e-06 9.096746859152423e-06 1.780609452360519e-05 0.0 3.2040464397774087e-07 0.00022520053490606923 0.0 5.305024912173432e-05 1.2461444487836377e-07 1.9536701782947422e-05 2.298879675882181e-06 2.038455358928548e-05 2.790866438390542e-06 0.0006387221494930669 0.00014116187819307 7.178054865551901e-07 0.0 0.0 0.0 0.0 2.019712094978409e-06 0.0 1.9816434331858238e-07 5.2896489039117126e-06 0.0 4.063003668096648e-06 2.4149647805394705e-06 0.0 8.610759009653082e-06 0.0 0.0 0.0 0.0 0.0 0.0 0.0 1.525265808438454e-06 0.0 0.0 0.0 2.4965994587415357e-06 0.0 0.0 8.807627827893021e-07 4.5116575062351755e-06 0.0 0.0 0.0 0.0 0.0 0.0 0.0 0.0 0.0 0.0 0.0 0.0 0.0 0.0 0.0
2.9126608250651967e-06 0.00013519814807374985 1.5612414738189503e-05 5.112354327965328e-07 0.0 1.0384302118694063e-07 1.597046059224743e-05 3.012994778114281e-06 3.710236278327716e-05 5.01165471701869e-07 4.72381954897656e-06 7.464572468065744e-08 6.4781164231381695e-06 4.589128454996286e-06 0.0 0.0 1.5639761709441843e-05 4.290761160204721e-07 1.397048237124252e-06 0.0 0.002106075635856909 0.0010884964342907292 0.001976383503486524 0.0008064737136580704 1.4316599190214072e-05 4.046516287724426e-06 0.0018780684829346446 0.0007506775065397874 2.5761813472574247e-05 0.00011029433652165879 3.0268671242360097e-07 5.717573881811093e-07 4.620288222648318e-06 5.41117718517538e-05 4.049514362134443e-05 0.0019181369595604044 0.0002978069285035015 0.0006087049426911882 0.0007851155053474404 5.2266975781349335e-05 5.354766592790709e-06 2.017919943210462e-06 1.846120683631146e-05 7.211090061902438e-07 6.286044615563095e-06 0.00011729613094204288 8.125630934396148e-08 0.0 1.2492132980468023e-07 7.122676212546298e-06 8.906889657786172e-07 1.1067932867070303e-05 4.4967936536723025e-07 5.253422197997054e-08 0.0 1.868358144738324e-07 1.4187561504353098e-06 0.0 0.0011401505214861712 2.7607301840714747e-06 2.9087542935275413e-07 5.993458957847676e-07 1.3711938857747276e-07 0.00011380837597988188 0.0010684329119292717 0.0005019517326378493 0.00019112994164532528 2.619864415502403e-07 1.907037742879072e-06 0.0024719988061323184 3.8257500941554266e-05 9.141863172501995e-06 6.927727537110452e-05 0.0 0.0 1.525053234717956e-06 4.475932354029166e-06 3.667846918908431e-06 0.00010742847318668888 4.546635657676702e-06 1.9605457902322914e-05 1.1481689348454274e-05 3.0012930556551294e-06 5.477617736128461e-07 1.1167992316763163e-06 1.423542014421432e-06
0.00015290905707041036 1.9382403137774758e-05 0.003944724958514663 7.195301774993494e-07 0.0 1.470444305777644e-05 0.0005258503853107223 0.00020567760085906856 1.1314816322330806e-06 3.091563099132072e-05 0.00043494832077936764 1.5631313571370366e-06 3.1855552003602573e-06 0.0004110418604528371 0.0 1.5639761709441843e-05 0.0 0.00032571816813082433 0.002532255274798096 1.1081717585309978e-06 0.0004002243052625384 1.2354156206222162e-06 0.00164350480429152 1.5505696599826038e-05 2.9077814085967676e-06 0.0025652301026146346 0.0037042576500493527 2.624597720556513e-05 0.0003236917112180064 0.0009816474329587084 3.4479585417459198e-06 1.8994550226415486e-06 9.116265798932283e-06 0.0008508604552321976 2.6025394418417804e-06 0.00021354208039739062 0.00014584164837192572 0.0004587545060944256 0.00013942696356200233 7.365544760577503e-06 2.4015712123706233e-06 1.6980059357530721e-06 1.6296351214672876e-06 6.967424039259351e-08 3.101670478877919e-05 6.742477444471112e-06 0.0 0.0 0.0 7.36281584286469e-07 0.0 6.543647920756803e-08 0.0 5.862392796578967e-07 0.0 1.479179804290417e-06 1.2040138435875438e-07 0.0 2.8250452137279304e-06 1.4678217601643906e-06 4.085513678612832e-06 3.6405483392289644e-05 0.0 1.286530224078179e-07 1.8018645482398173e-06 2.5533806262077986e-06 1.3502100616515096e-06 3.87953440351103e-06 0.00025167975931492245 0.0004790815524834134 4.8906935820479e-07 2.1896491229648345e-07 2.0978737865606997e-07 3.858665624352788e-06 0.0 0.0 9.472420712611029e-07 4.966603728826723e-07 8.330019334900446e-06 5.311199494497705e-06 1.198360565668949e-05 3.5513590257363295e-06 4.292186483205498e-07 0.0 0.0 0.0
4.810558581750697e-06 1.7048666977854574e-06 1.7755979379136802e-05 1.0857937799561766e-06 2.4506281857654177e-07 1.3599310230448183e-05 1.1258148518460749e-05 2.1008453351537432e-05 3.1205404402874507e-07 3.4356821667829575e-05 0.0013662119864234587 1.251200772879023e-05 1.4333165229607092e-05 1.9062159380649193e-05 7.99593094379522e-07 4.290761160204721e-07 0.00032571816813082433 0.0 0.0006532281524536798 4.0470140712329115e-06 6.835901416812642e-06 3.790464309836073e-07 1.4478895450930903e-05 4.751483123373031e-06 6.984009346482767e-06 0.0008027583763377947 0.00040962481153802166 4.448997936344233e-06 4.327154336614579e-05 1.5387841772579165e-05 1.4552075143815975e-05 1.0595908284060102e-05 3.4028022595911385e-06 0.0006163743336061177 3.0115161056103276e-06 0.0002293760252499162 0.0002376840141624951 0.0011434980087224953 0.0002497722414452487 5.062325523422415e-06 2.601614824840051e-06 1.919742675792048e-06 2.5249929813574032e-06 0.0 3.8090653534057995e-07 1.412838345906317e-07 0.0 0.0 0.0 6.107395952323363e-07 0.0 1.0311029098133647e-07 0.0 3.836925287320328e-06 0.0 2.9892983137076528e-05 0.0 0.0 2.2891586620339143e-07 0.0 6.143581045531874e-06 2.5498084762985177e-07 0.0 1.9034092975586605e-07 0.0 5.4272228053401474e-08 1.2977990760403477e-06 4.556387535648043e-06 2.949336686399804e-05 6.67681844570818e-05 7.365826757499262e-07 1.2582069817401338e-07 8.055237316395046e-08 2.885923801478714e-05 0.0 0.0 0.0 2.8514698254151626e-07 4.239401297032064e-06 1.650066498394786e-05 7.793788828548073e-07 2.1157986763446602e-07 0.0 8.600420437018106e-08 3.082133481478495e-07 0.0
1.1135622689537065e-05 1.0264084968327622e-05 9.248412892979915e-05 6.496792997165078e-07 2.1792173303745214e-07 1.0488515214298747e-05 2.46887315523957e-05 2.305964651718264e-05 5.859276737852891e-07 2.609236758906053e-05 0.00020917647956497854 7.693385367995114e-06 3.01277413476039e-06 3.525991343064202e-05 2.3644859967527473e-07 1.397048237124252e-06 0.002532255274798096 0.0006532281524536798 0.0 2.7027447584713877e-06 2.3089364693771444e-05 1.6065631544207117e-06 0.00012028984994657914 4.125832091436633e-06 5.27030650785253e-06 0.003234112114900324 0.0006013676967579755 5.517602811739586e-06 4.800987264051165e-05 5.788899274105708e-05 2.115310831177473e-06 4.759263069572128e-06 4.28979731907086e-06 0.0013573716308180582 1.2281199788805873e-06 0.0001770711451500336 0.0001501714538467896 0.0009584011337065671 0.00015803242028918226 3.1577335398317322e-06 1.251063435961605e-06 4.141167392308592e-07 7.234884708409834e-07 0.0 2.3216968752824334e-05 6.85812514034079e-07 0.0 0.0 0.0 6.359476780721698e-07 0.0 1.1889663893019481e-07 0.0 1.0026143828368667e-06 0.0 5.7937474976708754e-06 0.0 0.0 3.7068131225137484e-07 8.437880316944647e-07 3.1719947739041936e-06 1.2435089444538236e-05 0.0 0.0 3.0778441645625435e-07 2.6104679994960007e-07 6.513019142475564e-07 1.1284863557330974e-05 0.00029635025147843646 0.00043198927836646164 3.5271246802203497e-07 5.555090666000963e-08 1.522608355923517e-07 1.2891844618534977e-05 0.0 0.0 3.314746588617447e-07 1.0071418593161618e-07 4.336446122775413e-06 2.5072553745102385e-06 3.370645651015993e-06 5.887691448525326e-07 0.0 0.0 0.0 0.0
1.795634721008634e-06 0.0 7.431219450866676e-07 0.0023195861468789875 5.334266436171889e-07 0.0002351256300966257 7.367143185878984e-05 9.248422392010936e-05 0.00046091313018404683 0.0018950851970258697 1.7883601652237428e-05 0.0028084320996203623 8.680575407667477e-07 5.121761565617068e-05 9.104108848923356e-05 0.0 1.1081717585309978e-06 4.0470140712329115e-06 2.7027447584713877e-06 0.0 3.959341176270559e-07 3.9076089250417957e-07 3.0652867284368164e-07 0.0001893195113334524 9.126046288273555e-08 5.356584475589334e-06 1.5095878455481965e-06 0.0027673246829111662 8.58050235527976e-05 7.841017212712479e-07 8.037045374669102e-07 2.260185914434212e-05 5.807558724398656e-07 7.111304088947313e-05 1.3523292092022947e-06 5.794941090587543e-05 4.2927201187416216e-07 8.492798454753282e-05 3.893739426474973e-06 0.00040755257627875593 1.696617864203298e-05 8.829243111367033e-07 8.340587796075798e-07 6.267848177697824e-08 0.0 0.0 5.3132124554146794e-05 0.0 1.452474535624612e-05 3.323541052124075e-05 2.0483855444185573e-06 3.902504564381202e-05 4.1855435090511964e-05 0.0 5.590908091162963e-05 0.0 0.0 2.5462198639624382e-06 0.0 0.0 0.0 0.0 3.947298405719787e-05 2.2402315802308248e-07 1.5051678783170291e-07 0.0 5.4217472621508044e-05 0.0 0.0 2.4769146301545e-07 8.583558005563922e-05 4.694114174676128e-07 0.0 0.0 0.0 0.0 2.3718426173839698e-07 4.703985916911784e-07 9.973849512889508e-07 0.0 6.119484150741839e-07 5.9219175597795443e-08 2.6986238725547213e-05 0.0 0.0 0.0
7.955750176998413e-05 1.5075011367059445e-05 0.0009588448648247949 2.2540573678931477e-06 0.0 1.4681911746800202e-05 0.0018489463457479738 7.224517752958677e-05 2.44607301119449e-05 2.9798456987697763e-05 3.7121310291849695e-05 0.0 5.4479332782428475e-06 0.00016252990569262364 0.0 0.002106075635856909 0.0004002243052625384 6.835901416812642e-06 2.3089364693771444e-05 3.959341176270559e-07 0.0 0.00017522976576615432 0.008187982981944038 0.00013436173050704897 2.701154628546961e-06 3.737516734350572e-05 0.00032749080709434795 0.001988043003661389 0.00026740520634005286 0.006973505217043034 6.59411151133939e-07 2.0193517809297814e-06 3.65963063175481e-05 0.0023082112451529835 0.00012150941864314209 0.004774135547346026 0.000616888005276691 0.004281097623217179 0.002177990384051926 9.092575547159834e-05 1.6164625141921708e-05 6.8395686038669e-06 4.15105250166013e-05 1.5937157454093997e-06 1.988959775902261e-06 2.3435679825271576e-05 2.227544880099506e-07 0.0 5.016870144966001e-07 6.483369023854044e-06 4.932357806458605e-07 5.947855782861392e-06 5.853691174602615e-07 1.5649004474570295e-07 0.0 0.0 1.2485720830103735e-06 0.0 0.0007360924896162819 4.529692321942151e-06 1.5320400853575334e-07 1.1237202185582627e-06 2.7132644037507173e-07 0.00019866201093439386 0.0004522759567445887 0.0006318189123575436 0.0002694845332240549 1.947460597272608e-07 2.8665675053238008e-06 8.008210695546156e-05 4.668833311517668e-05 1.4561538725587025e-05 0.00010174489808945437 0.0 0.0 2.740952795899566e-06 6.8745552792392295e-06 7.684272855086208e-06 0.00011436457186923166 4.610130755442044e-06 1.620075720410358e-05 8.090591153061522e-06 3.3033303897393397e-06 1.2110732506754777e-07 0.0 7.962860621356211e-07
3.7076866942837055e-06 0.001376304247099951 5.746613462180119e-07 0.0 1.8796076726683526e-07 3.411865211930944e-07 4.4444301444823245e-06 2.2142724454176377e-06 0.0013136762841645512 2.876752178856469e-07 1.0091012857325607e-05 1.6276557921408103e-05 0.00010924050462529365 4.279241699993452e-06 1.8453318322398098e-05 0.0010884964342907292 1.2354156206222162e-06 3.790464309836073e-07 1.6065631544207117e-06 3.9076089250417957e-07 0.00017522976576615432 0.0 0.00017179422241860967 0.0028601380659596513 0.00047966431809734716 4.416843327614391e-06 0.001668663409103878 7.982276235639253e-05 3.357611158584067e-05 7.039160037262683e-05 6.7690282805864145e-06 0.0 2.0504181412873377e-06 2.2690464056202175e-05 2.6433548700836e-07 7.992463586248212e-05 1.5206976536069645e-05 9.548535002849115e-06 1.1384066136538084e-05 9.984943440209502e-05 6.135261431476392e-07 1.4662628222065308e-06 4.5192494810261427e-07 8.270544314924624e-08 2.934948893498912e-05 4.789784599943337e-05 6.280885703150403e-06 0.0 6.806137218022708e-08 2.5795410616088225e-06 5.8494833502119277e-08 3.0518300578892405e-05 0.0 3.7958445493905114e-07 2.436224662933759e-07 2.2491646316119683e-06 1.9314751359203552e-07 0.0 0.00044510602073578794 1.4028576846955157e-06 6.773810444624549e-08 7.224121231874739e-07 0.0 3.176465052934406e-05 0.00027425269841999984 0.00020025073271950203 6.12149610143251e-05 2.0537617233971677e-06 4.099241759547451e-06 0.0010549207700332839 1.1530442279794178e-05 1.3991939868327097e-06 1.4618457793393166e-05 1.454075483915941e-07 0.0 5.038636376950884e-07 1.298925368308191e-06 2.7011753154713344e-07 3.1058369626725576e-05 5.237457306482213e-06 6.286577459591359e-06 6.057047729865765e-06 1.4120982345386542e-06 0.0 0.0 2.480731196754352e-07
0.00014974886111684084 1.1789380090657783e-05 0.007359672188268582 1.5204145958773313e-06 0.0 1.9855625033320218e-05 0.0014237597402633 0.00017581651110034363 1.703844200767321e-06 4.1786570080262195e-05 3.58287593625372e-05 3.580683113371575e-07 1.8401713639755727e-05 0.0003944028131054084 0.0 0.001976383503486524 0.00164350480429152 1.4478895450930903e-05 0.00012028984994657914 3.0652867284368164e-07 0.008187982981944038 0.00017179422241860967 0.0 0.00019487677229058903 8.090745291021227e-06 0.00028167203339907773 0.004857411717775782 0.0006949555740601351 0.0002167385761659736 0.00248844081974218 3.3336672468079533e-06 2.724338245036626e-06 1.2759056295400481e-05 0.001335547248441412 0.00013436902657967063 0.005592499404986443 0.0032195876395512955 0.0052584293819311 0.00378423294986631 0.00020521615467557506 4.202329964181049e-05 2.579664880602352e-05 6.411898098554701e-05 8.186482433375847e-08 5.9247157484805684e-05 0.00019128150160773258 0.0 0.0 1.4717988904564046e-07 1.4567551689031438e-06 0.0 1.4668030099290246e-06 7.064918605389112e-08 1.657243608790071e-07 0.0 0.0 1.412910658813792e-07 0.0 0.00039395376970021475 2.208626708836064e-06 6.94849154591877e-08 2.4147436875716474e-06 1.8319086925879452e-07 2.3111003211982115e-05 0.00031753210360891527 0.00022430159514058419 2.450769798698673e-05 6.423610836086852e-07 1.3782690888304748e-05 0.001479203005451217 5.177478789154184e-06 1.0126923854640517e-06 7.74458747756269e-06 0.0 0.0 8.124393559386107e-08 1.4623123081226242e-06 1.1575107541383378e-05 4.555586582148358e-05 6.968081196856472e-06 1.1151528953268505e-05 6.85478019533873e-06 3.9591614712019166e-07 1.9474592858986378e-07 2.6662643859961933e-07 9.289723182239663e-07
9.066298307679325e-05 0.0008941212409995732 7.217361485447593e-05 0.0011227180808692314 5.700095280689912e-07 8.86881194189302e-05 0.0006776976504260374 0.0002789081110919064 0.004090681028162104 0.00044418687100669315 1.953495752911372e-05 0.000258961908755973 6.0857019133489054e-05 0.0002557295781153341 0.00011309785474953216 0.0008064737136580704 1.5505696599826038e-05 4.751483123373031e-06 4.125832091436633e-06 0.0001893195113334524 0.00013436173050704897 0.0028601380659596513 0.00019487677229058903 0.0 0.00018941388898846301 1.6137768708836675e-05 0.0016729629505872312 0.004589717035621764 0.000799247351480104 0.0001818585468204888 7.589785957940447e-06 9.81367116796863e-06 9.223106533901396e-05 0.0002604309681346884 5.099539177816976e-05 0.0015699127719255186 2.034352639288145e-05 0.0006429069413188122 0.00026684754440017356 0.0005159607766912954 7.921693318693956e-05 3.3331703016421122e-06 1.1956280131085026e-05 6.96451249867082e-06 1.3636712105411926e-05 3.1456655539012604e-05 0.0001880939416303656 1.626469970519958e-07 3.9990490620822155e-05 0.0009247832830355958 2.7186578792836416e-05 0.0007130110567679665 0.00015888460672040697 1.5913831436441652e-06 8.84977910502636e-05 2.6435624418490997e-06 1.5663642063605122e-05 5.009006795382427e-06 0.0002482169087073394 2.2137969224822886e-06 2.9957186203496833e-07 1.355637346747113e-06 0.0001133166381208364 0.00013347952015941965 0.00021873423791525442 5.846457547267668e-05 0.0022702904513976184 4.731336513176457e-06 7.909098250818775e-06 7.201020405702223e-05 0.0012429085088015868 9.856171602168196e-05 0.00017863247757840938 6.496588610164933e-07 5.48016344084726e-07 1.4462387205662124e-05 3.0111749933550525e-05 7.843482221097352e-06 0.0002967965571094595 4.1481132016263945e-06 8.641194196820385e-05 2.937567498433386e-05 5.5041667798765535e-05 1.1043955143389767e-05 1.2151571923773286e-06 2.837249660765347e-06
