0.0 6.930042509742014e-08 6.8822227124822414e-06 2.3816033182203382e-07 3.0753212188278317e-06 1.9077127209915562e-05 0.0009355318080430073 0.00012647303956665995 1.8753578478855524e-06 1.186967694884128e-06 2.0016639152394155e-06 0.0 3.2072128949981656e-07 0.0016880844659441672 1.1458394797840659e-07 2.908658452707542e-07 3.181053663332606e-05 1.2671517937136467e-06 6.788048871608763e-06 0.0 2.1734763460467757e-05 3.2952480786731777e-07 8.378749343928631e-05 1.6176161325731317e-05 0.0 2.9849245950825717e-06 3.5504547599853547e-06 1.1091453724464019e-05 0.0021913807608832667 0.0020605741164243796 0.0 7.190077952974771e-06 2.7308936361467093e-05 6.141801465498336e-05 8.923817013585088e-07 1.2532798025588565e-05 1.1351843019395705e-06 5.980254693562077e-05 1.8606830951118275e-05 2.2975016199749303e-06 1.679172185932056e-06 1.8095133184008852e-07 1.5216783164946961e-06 0.0 0.0 0.0 0.0 0.0 0.0 1.565103911887728e-07 1.0342486965783185e-07 4.3389988947365236e-07 9.300336255668349e-08 0.0 0.0 0.0 1.7091806234047388e-07 0.0 5.416001332630086e-07 0.0 0.0 0.0 0.0 0.0 1.4366697225762493e-07 5.934986953991107e-08 3.010933662484423e-06 0.0 5.8388227948355865e-08 4.2934219919163595e-07 3.1210073974987147e-06 2.3342093974830528e-07 9.541104970442513e-07 0.0 0.0 1.8060519834593516e-07 1.8337368005059803e-07 0.0 4.578496155388635e-07 0.0 1.470404977432196e-07 0.0 2.965331277687211e-07 1.1385952988465266e-07 0.0 0.0
6.930042509742014e-08 0.0 4.945057832056557e-05 0.0 5.902861414270657e-08 1.6600038458508546e-07 3.5856185879863442e-06 4.511226160317102e-07 0.00030246395077988656 2.6302918984609747e-07 2.4138274124954068e-05 3.147797220158937e-07 0.0003345537900565476 4.99451162439892e-07 4.097087771050484e-06 0.0001446933833354432 0.0002897995726670354 1.32516439149011e-05 0.00011237646313277853 0.0 6.459911383500713e-06 0.0016408898796495422 2.3237007782532046e-05 0.0005809865816421926 0.000956389720826898 0.0007347994218822086 0.0029456495988366047 2.096292897458421e-05 6.644333037957683e-07 9.981292217079296e-07 7.384809930068424e-06 8.359679717967446e-08 0.0 2.768696383156605e-05 6.81931470205374e-07 9.327998452776969e-05 5.0466537208002584e-05 7.995989339100996e-05 1.736988789353136e-05 1.37616856488306e-05 0.0 4.608663378064434e-06 0.0 0.0 6.96628132586609e-05 8.763311309782649e-05 2.8451153235059964e-07 0.0 1.0100958728527579e-07 1.7029736528209955e-06 2.53981712734137e-07 1.481007049091001e-06 4.8329269301147727e-08 3.735272467222084e-06 0.0 7.557526298858706e-06 3.7431297275129753e-07 0.0 1.3214832534488884e-05 0.00012506540968432392 5.707147563398167e-06 3.911626038911213e-05 0.0 1.178140052167832e-06 4.2858247672450164e-05 2.39514576980085e-05 4.999740018301016e-06 2.2365145481760726e-05 0.0003553614263266968 0.0013748280336393073 2.3223896302547065e-06 2.35608387415849e-07 2.2758413311958315e-06 1.1701202776040128e-06 0.0 6.815235205468676e-08 1.392845187239481e-05 1.164552727888038e-06 5.792000279112956e-05 1.7368670590263485e-05 2.59384534493791e-05 1.4797734291591546e-05 2.398274993167827e-07 0.0 9.701401152093764e-07 7.223025298576714e-08
6.8822227124822414e-06 4.945057832056557e-05 0.0 1.6451167512025845e-06 7.057971114765744e-07 9.481340922904088e-06 0.0007251097796288742 0.00012779824399848614 8.275102082861666e-06 1.5832838492324063e-05 1.2429375681648232e-06 1.1309703208155414e-07 1.0715310285341707e-06 8.389668435889752e-05 1.9696561056910757e-07 8.534829957176847e-06 0.0014558674863274076 1.3619822360641184e-05 0.0001824477474541293 0.0 0.00014101247462319953 1.6762005761526442e-05 0.006034394177737554 0.00012159266633692301 5.529596777372217e-07 0.004587476332382045 0.00959521394118248 0.0006669965796329432 3.6136007013770296e-05 0.00012728355218061938 4.4468893916124327e-07 8.134797281380606e-07 4.254534410011442e-06 8.487855544892119e-05 2.6277571800652217e-06 0.00039295526590008055 0.0007945938097805806 0.00022504256063621308 0.00012094334857958428 1.5005536728902255e-05 6.007593397831603e-07 2.373628684795933e-06 3.4220032168348097e-06 8.622534796397971e-07 2.5499742865901132e-05 6.415026996273507e-05 0.0 0.0 1.0663721205144807e-07 5.059132362210559e-06 9.58983734513772e-07 6.618054097861701e-06 2.811635241051248e-07 4.552253730203197e-07 0.0 8.099435605509041e-08 2.394432067713739e-07 1.640256834358326e-07 3.4811190365533554e-05 1.6614253566842515e-05 6.20989521473606e-08 1.6393031930761192e-06 0.0 5.101431725625773e-07 2.0851318567479166e-05 4.743103224610725e-05 3.590839693452349e-05 3.5445588758105705e-07 1.2630783804492044e-05 0.0003978623625477062 3.073368232237225e-05 3.5707205000755323e-06 4.1769986560098436e-06 5.4545342165223576e-08 9.869700860848637e-08 8.007735310418022e-07 6.184497847019888e-06 4.252806294705476e-07 2.4214253424281796e-05 3.1041604386385283e-06 9.424797187213448e-06 5.0675633570827665e-06 3.0840178371940568e-06 0.0 0.0 7.252354917514986e-08
2.3816033182203382e-07 0.0 1.6451167512025845e-06 0.0 1.907678246931274e-06 0.00021711992598277743 0.00012960372870050624 2.627278609053406e-05 0.00037198030844055565 0.003886029715235335 3.266746039944355e-07 0.0023171324733318897 4.663542529280319e-08 1.4113464571193323e-05 6.248655893662387e-05 6.620828569880633e-08 1.4313189481844852e-07 2.6275760689299576e-07 5.187289943581246e-08 0.002174805540310012 1.7706239248556698e-07 2.75615188355238e-07 6.923829949961434e-07 0.0007927129063518726 0.0 6.955513114449819e-07 2.1882911602142224e-07 0.0004396268435946472 2.3791575381396e-05 4.909156742710382e-07 0.0 1.1839656967120564e-06 4.447576677691889e-06 1.2044985431084074e-05 3.6194931672378197e-07 0.00015976860454837037 3.837299469054388e-06 3.6137634475046533e-05 2.6906100412538266e-05 0.00025754252675308655 3.614620802529319e-06 5.136029162580087e-07 1.3424603453424608e-06 8.51502236372747e-08 6.97387450762629e-08 6.127876836715918e-08 0.0001355955902283249 2.353963946457116e-07 1.2319606275756819e-05 2.830545929296535e-05 8.993224783880063e-06 3.564768542768378e-05 0.00018931870078540326 6.795220062396167e-07 6.373952488594507e-05 0.0 1.7302360799813346e-06 2.0931500092104466e-06 4.915046953938538e-07 0.0 1.1332765697709956e-07 4.682150411326625e-08 6.312105667408423e-05 0.0 2.931302413682121e-07 0.0 0.00018201153501242612 6.216587704919859e-08 5.1128601785495953e-08 0.0 0.00012031677973493671 2.7758066688892637e-06 2.554733626983394e-07 0.0 5.6773404075376514e-08 7.90777728555664e-08 2.8488898253777074e-06 0.0 5.548192931802516e-05 6.980524241335885e-08 6.667342460997486e-06 8.214881656243905e-07 4.9430227468644424e-05 2.2347881162409824e-06 0.0 0.0
3.0753212188278317e-06 5.902861414270657e-08 7.057971114765744e-07 1.907678246931274e-06 0.0 0.0005164927285384642 1.4811644460310705e-05 9.128949638350732e-05 4.679909013804405e-05 4.8100003232799835e-05 2.279779912139268e-06 7.31710766616112e-05 1.0099859402273323e-07 6.286032095914596e-05 0.0006766462525611681 1.6371764287467566e-07 1.614987337151268e-06 4.6508434597323886e-07 4.822832435107253e-07 6.053686552018644e-06 4.7360114471419354e-07 5.858596385868264e-07 3.6365762344011705e-06 4.305599861366117e-05 5.698916294155096e-07 6.717228683063382e-07 2.8110577641764673e-07 6.345989001598975e-06 1.2807833070299242e-05 6.393065863244569e-06 4.61706888655171e-08 7.154005435291977e-06 1.105564908711182e-07 3.654419908826199e-05 1.3089927195677228e-07 9.693406939289694e-05 2.307187711311898e-06 0.00010420784903746547 7.635262576757216e-05 0.0008072613216035835 4.594156994996661e-05 5.007551291138778e-07 3.466919346997408e-06 0.0 0.0 0.0 3.1179579616796967e-07 0.0 0.0 5.96745595602805e-07 0.0 2.623968392241666e-07 8.590736850611831e-07 0.0 0.0 0.0 3.792163557390734e-07 0.0 0.0 0.0 0.0 0.0 2.5519911297545486e-07 0.0 0.0 0.0 4.793811513504844e-06 0.0 0.0 0.0 2.487106478707861e-06 3.310447784858249e-07 0.0 0.0 0.0 0.0 1.552019284731699e-07 0.0 2.2498395676576666e-06 0.0 3.681805571164901e-07 3.174812171083434e-07 3.6148985653357024e-07 0.0 0.0 0.0
1.9077127209915562e-05 1.6600038458508546e-07 9.481340922904088e-06 0.00021711992598277743 0.0005164927285384642 0.0 0.0015349542679522529 0.004173733285648437 5.499896094829811e-05 0.005390521841451942 2.8149436325582494e-05 0.001800302116589028 4.17106145233102e-06 0.0006180188063271344 0.0007066533311052722 9.310761650523128e-07 1.0471826258962885e-05 8.655929392351618e-06 4.754462765558631e-06 0.00022913653417555062 3.5077810438030136e-06 2.155403224072002e-06 2.5968579612616013e-05 0.0009430474122933157 2.8981272113357456e-06 1.1581344693547991e-05 3.5025023515372955e-06 0.001832256208256399 0.00022565366498427162 3.9137004164215435e-05 2.0312316436601614e-07 4.518312055464776e-05 4.537447202857555e-06 0.00015274064041647563 3.1301665659817925e-07 0.0002510987238800577 1.1777133297724196e-05 0.0002902423494617363 0.00010290785653367811 0.0012157661843441455 0.00015096254606722354 3.4404532349257434e-06 6.675495988391531e-06 0.0 0.0 7.128102399538266e-08 1.9708470925694692e-05 0.0 1.8416743592185787e-06 2.426338102748246e-05 5.238812804137736e-06 1.5838814097487763e-05 4.0172253979393866e-05 3.333553471675384e-07 4.626051832242811e-06 7.929335364322977e-08 2.2787120317290277e-06 1.7261874738469095e-07 1.5312108107079434e-07 0.0 1.4765861971579708e-07 0.0 1.025943206503914e-05 1.2402818753943782e-07 2.9638820976847555e-07 2.671144872064266e-07 9.446307827892045e-05 0.0 4.70300190629762e-08 3.0861296896520556e-07 6.486250535291293e-05 2.062754652093527e-06 1.0305155538816026e-06 0.0 2.5737886447764204e-07 1.86882395336586e-07 1.7857262476608879e-06 0.0 1.0989028408607495e-05 2.2058395632770753e-07 5.00233592253372e-06 1.6148268791561977e-06 1.3307243380470789e-05 3.948233548079445e-07 0.0 0.0
0.0009355318080430073 3.5856185879863442e-06 0.0007251097796288742 0.00012960372870050624 1.4811644460310705e-05 0.0015349542679522529 0.0 0.0033990608651047107 0.0002872734402473537 0.0023146079624933673 1.204509306720197e-05 1.3044583866626961e-05 1.5237070406694993e-06 0.004296927782760893 1.1872016741793506e-05 3.2283892964166304e-05 8.338271511222116e-05 5.6406742713090955e-06 1.7268704959598375e-05 5.482834263969699e-06 0.00016784883756013215 2.585689763029158e-05 0.001175094211617309 0.0027657352181226585 2.748785194296538e-06 7.431480050697284e-05 6.689474244812312e-05 0.008946044532544137 0.0008042939663093419 0.0026993245968866355 2.5253072990715105e-07 2.2655543802617604e-05 0.0001026989510234118 0.00019726949754596623 8.323209520995725e-06 0.0009211288630685437 7.673018866874345e-05 0.0005634069238082757 0.00033053300723047445 0.00018044041562606444 3.117233935446825e-05 3.0941783534872075e-06 2.1523688724726105e-05 1.684946271457852e-06 2.92620575379941e-07 4.196639031974132e-06 1.8662074056903075e-05 4.348150146660048e-07 6.318338283942496e-06 6.671106110218151e-05 1.5255905409369114e-05 7.934026157272345e-05 5.500841336448385e-05 1.7071468610185943e-06 3.463446498663027e-06 0.0 5.686414393663618e-06 8.727635940238774e-07 8.025400275563742e-06 7.431465314259702e-07 4.222779524843493e-07 2.580827947268499e-07 1.0138676563824438e-05 1.1977103648169187e-06 3.9600245626808605e-06 3.700236476671078e-06 0.0003586098355165625 0.0 4.4238375250581867e-07 1.2937897643313999e-05 0.00029774349866936453 2.208226141068636e-05 1.5413966842350273e-05 1.4892888811707307e-07 1.8509493845230955e-06 1.3663390295422357e-06 7.597265977623538e-06 1.1600192677440312e-06 4.483707051496104e-05 7.089596624132217e-07 3.0141871577640655e-05 9.830727743955895e-06 3.478636951377347e-05 7.076447324503045e-06 0.0 2.6585282740248253e-07
0.00012647303956665995 4.511226160317102e-07 0.00012779824399848614 2.627278609053406e-05 9.128949638350732e-05 0.004173733285648437 0.0033990608651047107 0.0 3.132726452513257e-05 0.003326850913355723 2.7627696173469473e-05 0.0005081997634662709 3.327332519283788e-06 0.0028042516544412094 0.00012109203211165765 8.149237244690044e-07 0.00013844926636329298 8.839597173030418e-06 2.8731367356063293e-05 7.573498056494519e-05 6.134707601337292e-05 6.832819620943302e-07 0.0004574973740134893 0.00029641194249441444 1.5625404893517678e-06 3.176026177254119e-05 1.9144085109172712e-05 0.00036679959721967374 0.0005011528439435759 0.0006891503654092657 4.989337165364695e-08 0.0002779046256237188 2.035712832030907e-05 0.00018372130896786418 7.721863584425917e-07 0.0003126396250101143 1.996638050821429e-05 0.0002399948929673624 7.040561686553223e-05 0.0007943911787432328 4.7462690096118176e-05 3.6673726648776525e-06 6.604383248589151e-06 3.862332353255571e-07 1.1544109186543219e-07 9.334616677609803e-07 1.6805925560050891e-06 1.1981159254023302e-07 2.8692628136919916e-07 1.508126400305792e-05 3.0952816865079653e-06 9.641642067832654e-06 1.2132458781464408e-05 6.994160471087976e-07 1.1914775199544565e-07 5.044486405261027e-08 7.369591362547983e-07 0.0 3.0079201200643166e-07 6.837914649908957e-08 0.0 0.0 1.117745227622044e-06 1.8430030982002984e-07 4.780044664928003e-08 6.676176340869555e-07 5.422837505725051e-05 0.0 2.0514471691365117e-07 2.4883684779188686e-06 5.3272412521651246e-05 3.4957951257974905e-06 1.7897900874422047e-06 0.0 0.0 4.806750094242339e-07 8.552085482799293e-07 7.140809359198445e-07 8.16250352515106e-06 0.0 3.854426817819786e-06 6.128036798824045e-07 6.290212920935637e-06 1.1716845077851461e-06 0.0 1.0606794265656088e-07
1.8753578478855524e-06 0.00030246395077988656 8.275102082861666e-06 0.00037198030844055565 4.679909013804405e-05 5.499896094829811e-05 0.0002872734402473537 3.132726452513257e-05 0.0 0.00021836091971379632 2.4193768868017144e-06 0.0001398783933060579 1.2085044941499604e-05 2.0761006143132894e-05 0.0001663473800673903 7.572967180209528e-05 4.18158225583365e-06 1.4452313803520454e-06 2.400256605879095e-06 0.00013210840470926472 4.57554989094187e-05 0.0013130864193157574 1.1900281213209584e-05 0.005693010836594159 6.338887699574577e-05 1.000374223116058e-05 0.00012948166093257213 0.00069648945450588 2.9970792195563803e-05 8.396256001685859e-05 2.064931503208083e-07 2.3705540094334837e-06 5.023965007902417e-06 1.9275943999502317e-05 2.366520773590352e-07 9.359104682560298e-05 7.162691743617673e-06 4.5628756721620076e-05 2.6004816412133194e-05 0.0003617965965794263 7.733052636357272e-06 8.674479328355673e-07 2.648398718708458e-06 3.1438471081911174e-06 4.53777453672671e-07 2.7555322540834955e-06 0.00012210347812817657 1.8826672655053813e-07 5.2840248575885435e-06 4.744752188426385e-05 6.541393088427692e-06 4.613356917125493e-05 0.00014538746567989468 1.5626204659979474e-06 5.03393667502005e-05 0.0 4.160310059195915e-06 2.8277767004555445e-06 4.771891683670775e-05 2.29067881070249e-07 2.1789696758129946e-07 3.518743133790378e-07 3.979580623318809e-05 1.3167584237013275e-05 2.3222385967562848e-05 2.8584338682468737e-06 0.0007866139435014947 1.1317354853884228e-07 6.87742762679495e-07 4.350997498632022e-06 0.00035062322737017693 3.439442286303664e-05 6.615971309227237e-05 0.0 2.0024383319606836e-07 5.124954993327819e-06 7.327990375448212e-06 3.0067629138860623e-06 6.054125585633897e-05 1.3842543580877796e-06 1.975850803403569e-05 9.965958070434102e-06 3.1401418334590255e-05 1.3733388991046005e-06 9.305985399723906e-08 6.814483308626444e-07
1.186967694884128e-06 2.6302918984609747e-07 1.5832838492324063e-05 0.003886029715235335 4.8100003232799835e-05 0.005390521841451942 0.0023146079624933673 0.003326850913355723 0.00021836091971379632 0.0 4.393024808332129e-05 0.003646925943693603 4.941128059387595e-06 0.0008967193679394699 7.713025369840782e-05 1.8865863062993187e-06 5.223175218762215e-06 1.9935220180471394e-05 5.895119089553461e-06 0.003802803458408707 2.420147464256072e-06 8.211430106804712e-07 3.0387595970537642e-05 0.0012422335734591282 5.982693552383455e-06 2.4905173094375926e-05 3.2655888558055207e-06 0.0029724827982440505 0.00045101436278802555 1.851154065936144e-05 2.8545444925118423e-07 6.46360677002676e-05 2.5988688872826376e-05 0.0003768434147018034 3.217032267521782e-06 0.0011746283056549931 3.6481073910207604e-05 0.0008564372236591517 0.00035171487469831214 0.0006067492249612811 6.866761379872308e-05 5.987590014993449e-06 3.173464396654926e-05 1.099216577289532e-06 6.913381149242937e-08 2.918164583366954e-07 0.00018114271461880805 2.1055230892938228e-07 1.4664531829750771e-05 0.00011490484980160888 2.3729220529546592e-05 5.623128864284956e-05 0.0003543010858752218 2.7511527172466208e-06 6.22996260974635e-05 0.0 7.139388989125412e-06 5.715706602890904e-06 1.4262145304260427e-06 0.0 6.071940965851925e-07 1.1612524393940812e-07 0.00014147831723540733 2.1498452791351295e-06 9.631188453704897e-07 4.590490933240875e-07 0.0004515229512117654 0.0 1.4946634581357624e-07 9.415814660271321e-07 0.0003715606289444688 1.0186855727045942e-05 2.816817316908919e-06 0.0 9.686480685356194e-07 7.543163870227748e-07 5.914056720989322e-06 5.218174928446052e-07 7.7152783662688e-05 9.213260183459508e-07 1.9054047437048106e-05 4.894047993210381e-06 9.809225834413799e-05 3.5042239696223366e-06 0.0 7.785571259934885e-07
2.0016639152394155e-06 2.4138274124954068e-05 1.2429375681648232e-06 3.266746039944355e-07 2.279779912139268e-06 2.8149436325582494e-05 1.204509306720197e-05 2.7627696173469473e-05 2.4193768868017144e-06 4.393024808332129e-05 0.0 1.3940093733019512e-05 0.0011013027590733786 7.820581184023433e-05 7.489181705761806e-08 1.256536643863197e-06 9.881791522077822e-05 0.0023089127305334096 0.0006747095843337754 3.183738925070087e-06 6.463658732807361e-06 3.571345401373607e-06 1.2371976219205243e-05 1.1465941535931734e-05 0.0007382551481176137 0.0008918337228540955 0.0006836078055918084 5.419938767523699e-06 8.673464857393536e-05 8.8964616197446e-06 8.177679868228895e-05 2.5096320196764904e-05 7.558593712033249e-07 0.0034565091514344695 6.223515584921744e-06 0.0003130024965795787 0.0017757432191077994 0.0022920174811315902 0.0007470520357537928 2.8604086888497813e-05 1.1335332985960124e-05 0.0006258800914877051 1.6599836533345328e-06 0.0 1.123045359835239e-06 1.465161050147101e-07 1.4951075083637252e-07 0.0 0.0 6.778083399772008e-07 0.0 1.612025527861005e-07 0.0 0.00010566417732734298 0.0 0.00034696655413389067 0.0 0.0 0.0 7.972933920673872e-07 2.0920121126493617e-05 2.5467868998722033e-06 0.0 0.0 3.6657427572258356e-07 0.0 3.6442128933245926e-06 9.73261236973832e-05 6.303186607823976e-05 0.00011795687797210488 3.3853649825115847e-06 2.033795886062535e-07 5.489002987344508e-08 2.1038743291224e-05 0.0 0.0 2.984434870361239e-07 2.3386483129244628e-07 9.577963316858093e-06 0.00013081542910269538 8.736599460385355e-07 1.2759575248388848e-07 4.0675679695518015e-07 0.0 3.900368981705665e-05 0.0
0.0 3.147797220158937e-07 1.1309703208155414e-07 0.0023171324733318897 7.31710766616112e-05 0.001800302116589028 1.3044583866626961e-05 0.0005081997634662709 0.0001398783933060579 0.003646925943693603 1.3940093733019512e-05 0.0 2.27204841759291e-06 0.0001191208330879043 0.0007264543066061928 0.0 0.0 6.254110914509297e-06 1.6799694972025002e-06 0.0023872642572047007 0.0 1.0333776634490027e-06 4.969835144061468e-07 0.00013711874153180318 9.81422587832925e-07 6.370007768350318e-06 7.529785810237933e-07 0.0005523672835958272 3.122242763834177e-05 6.040275917766524e-07 1.9376356058448776e-07 1.7590409002249873e-05 2.442752437497215e-07 8.475617874562548e-05 4.475044944216387e-06 0.0002806095190315934 4.604455268241811e-06 0.0001720818426968988 4.557748692649626e-05 0.0017437720090176276 2.0320080011727277e-05 1.8891436415475603e-06 3.3764154926595768e-06 6.182396630785834e-08 0.0 0.0 5.525064021167275e-05 5.201143482011505e-08 8.30993891199268e-06 7.523558598651146e-06 3.7301801138419813e-06 4.072629904124845e-06 4.778829085142752e-05 9.306884872520393e-07 7.975144589955583e-05 6.406811699438677e-08 1.3649123209320988e-06 1.3609234041580268e-05 0.0 0.0 9.490019843616303e-08 4.362173300464259e-08 1.7670449694983337e-05 0.0 8.252921650554177e-08 0.0 2.5381284202809673e-05 0.0 0.0 0.0 2.629034332258844e-05 4.878055198507679e-07 4.8125210722099594e-08 0.0 1.583336727089709e-07 0.0 5.079651092799385e-07 1.3712313707807456e-06 3.238059665272379e-05 5.255702065460079e-08 2.0234741381906817e-06 3.3411981529475735e-07 4.037055611767561e-05 5.358774304402833e-07 0.0 0.0
3.2072128949981656e-07 0.0003345537900565476 1.0715310285341707e-06 4.663542529280319e-08 1.0099859402273323e-07 4.17106145233102e-06 1.5237070406694993e-06 3.327332519283788e-06 1.2085044941499604e-05 4.941128059387595e-06 0.0011013027590733786 2.27204841759291e-06 0.0 5.353932296791016e-06 7.901270367286658e-08 2.1451521698427544e-06 2.6501101545816012e-06 1.976487429232132e-05 1.90349290162525e-05 4.896810127562172e-07 4.590917396011923e-07 5.586007119475174e-05 1.7582067130383016e-06 1.6720187355551408e-05 0.0017885401269203895 0.0002665115982548211 0.001646351523976804 5.557795685922589e-07 3.895903163185426e-06 1.387695553407598e-06 0.0001102854802729301 1.3728541773315373e-06 6.805708445912433e-08 0.001122614058935517 1.2975728884648828e-06 0.00015089922757701113 0.0021466003355382216 0.0013411200764030654 0.00019494071447841355 5.0704274325664035e-06 6.822517104669078e-06 0.0014163176067605026 1.7121602603815906e-06 0.0 1.241649362761436e-05 7.327874091062034e-07 0.0 0.0 0.0 2.784784616039978e-07 0.0 2.941013290550475e-07 0.0 0.00029841211360923195 0.0 0.0010482087230269809 5.55177610330084e-08 0.0 2.18706175730494e-07 3.3742233682271745e-06 7.444319967564645e-05 1.2149522321701907e-05 0.0 7.319192543250996e-08 1.7550732673593002e-06 4.3377521247645233e-07 2.2896620000355608e-07 0.00047964341727555555 0.00024016940239722064 0.00041535492922122746 5.724840205647139e-08 5.752125888803137e-08 5.83539174205671e-07 5.6503567675759235e-05 0.0 0.0 4.304421491614709e-06 0.0 9.83409279748856e-06 0.00026935203567623426 4.977125250741762e-06 1.013460719214878e-06 0.0 0.0 8.246173911512302e-05 0.0
0.0016880844659441672 4.99451162439892e-07 8.389668435889752e-05 1.4113464571193323e-05 6.286032095914596e-05 0.0006180188063271344 0.004296927782760893 0.0028042516544412094 2.0761006143132894e-05 0.0008967193679394699 7.820581184023433e-05 0.0001191208330879043 5.353932296791016e-06 0.0 1.4833215496051876e-05 1.100443718954354e-06 0.0002097006542463435 3.340901734213209e-05 5.534172396722153e-05 3.380794934726947e-05 0.0001035818405318399 9.975653122999114e-07 0.0005667399755944366 0.00019390777554928446 3.280422584202948e-06 5.2376494280239386e-05 2.914579462702353e-05 0.00013976639147885914 0.0027342680207421066 0.002035071017309694 4.723819592798806e-07 0.00012716318825818225 5.104232859171498e-05 0.0008560021887175245 4.1902012072848795e-07 0.0002472674986822411 1.5451713782904776e-05 0.000628097713465802 8.977251604260884e-05 0.00015435838225131974 7.637315655372358e-05 1.333340124921864e-06 4.547731959767395e-06 4.1734155003799024e-07 1.428122438909976e-07 5.944795774040575e-07 1.163265414199572e-06 6.55971502222714e-08 6.606917155934262e-07 8.014471694310078e-06 1.74831584022932e-06 4.851551870671921e-06 4.5460233273084375e-06 1.4170230345221604e-07 3.8078504229086865e-07 0.0 1.1142326333981901e-06 0.0 2.4681807705980544e-07 1.7414401627969216e-07 0.0 1.4267014693647268e-07 7.692344250162928e-07 6.768999059526669e-07 1.3005719862493227e-07 1.6239451953709332e-07 3.905198992379767e-05 0.0 5.0706057623269023e-08 2.509968656384698e-06 3.674077134367631e-05 2.4345478800308106e-06 1.3286232659508285e-06 0.0 2.0495642092756703e-07 1.253415341904446e-07 9.737227110380574e-07 7.18503198375735e-08 8.476864643652969e-06 2.6375582069758855e-07 2.2006002774937675e-06 3.5460837391802495e-07 4.159187133131051e-06 5.0340622005349085e-08 0.0 0.0
1.1458394797840659e-07 4.097087771050484e-06 1.9696561056910757e-07 6.248655893662387e-05 0.0006766462525611681 0.0007066533311052722 1.1872016741793506e-05 0.00012109203211165765 0.0001663473800673903 7.713025369840782e-05 7.489181705761806e-08 0.0007264543066061928 7.901270367286658e-08 1.4833215496051876e-05 0.0 0.0 6.178168897063915e-07 0.0 1.4746856057613754e-07 9.393755320029023e-05 5.2003906154348114e-08 1.1734723014317555e-05 8.131180833003282e-07 0.0009783959160809038 6.510589993230696e-07 8.968002523761228e-08 1.4187063480957757e-06 3.6022749010175194e-05 5.002832915855667e-07 1.764815475466689e-06 0.0 7.646678934006728e-06 2.246780165613064e-07 5.169436294555653e-07 0.0 1.5013676909223738e-06 5.978602965562402e-08 6.412104598314325e-07 2.8547500321398934e-07 0.00043378861115211535 3.542737021563192e-05 0.0 0.0 0.0 1.0639280370282701e-07 0.0 5.713576299030739e-07 0.0 0.0 0.0 0.0 3.633470038260677e-07 5.177347564648443e-07 0.0 1.3014340801900116e-06 0.0 0.0 0.0 1.3567565940039648e-07 0.0 0.0 0.0 0.0 0.0 7.153062042339926e-08 8.75496023645807e-08 9.729646343425493e-07 0.0 0.0 0.0 6.545796511587629e-07 0.0 0.0 0.0 0.0 8.781063725141772e-08 0.0 0.0 7.769024151787498e-08 0.0 0.0 0.0 6.697665392173408e-07 0.0 0.0 0.0
2.908658452707542e-07 0.0001446933833354432 8.534829957176847e-06 6.620828569880633e-08 1.6371764287467566e-07 9.310761650523128e-07 3.2283892964166304e-05 8.149237244690044e-07 7.572967180209528e-05 1.8865863062993187e-06 1.256536643863197e-06 0.0 2.1451521698427544e-06 1.100443718954354e-06 0.0 0.0 1.1967264188918462e-05 8.65272699414417e-07 3.376744743958246e-06 0.0 0.0030610070948878156 0.001847509143311795 0.0023023966286664452 0.0008840640684013518 1.675456723257817e-05 4.9388869192857965e-06 0.0021987464402840823 0.0014928885943555044 5.769698927529322e-06 7.198102808506402e-05 7.488483496945951e-08 2.444116016393585e-07 2.0056937041173074e-06 0.00045381384996265274 2.9603279393193037e-05 0.0021726075658266117 0.0005596429584365423 0.001304301101665247 0.0007238235349492365 8.501855017339875e-05 1.8663237354776934e-06 3.7813744107296956e-06 1.6741129123985458e-05 9.340790712484758e-07 1.154724980384939e-07 5.058940420904457e-06 1.2670521887602886e-07 0.0 5.372611489583679e-08 8.577332466739134e-06 2.037559161053854e-07 5.4576981519753495e-05 2.4062584643995285e-07 0.0 0.0 7.496955449875718e-08 3.6870282965282524e-07 1.4533196049455457e-06 0.002062365263646392 3.964620235698775e-06 0.0 7.425479319713565e-07 0.0 0.00047104146347110704 0.0005142860906765507 0.00046811062693108624 0.00022764192232932787 0.0 6.929673084989129e-07 0.00010439226461785835 0.00021368455845414277 8.695554933369751e-06 0.00020082096336873788 0.0 0.0 1.6379996231116885e-06 7.718551015567304e-06 2.4264101504927974e-06 7.417484872850857e-05 2.501529154296489e-06 1.532097236167973e-05 1.7676508212443918e-05 1.7700561409176695e-06 0.0 1.0964293576702469e-06 4.4528298086386475e-07
3.181053663332606e-05 0.0002897995726670354 0.0014558674863274076 1.4313189481844852e-07 1.614987337151268e-06 1.0471826258962885e-05 8.338271511222116e-05 0.00013844926636329298 4.18158225583365e-06 5.223175218762215e-06 9.881791522077822e-05 0.0 2.6501101545816012e-06 0.0002097006542463435 6.178168897063915e-07 1.1967264188918462e-05 0.0 0.0002607489824221108 0.0017970918672746917 0.0 0.0007390711207333287 2.6006185910817693e-05 0.003312194230583191 2.0557105873236413e-05 1.3419411455420192e-05 0.0013438026427900446 0.002715478595420411 3.009741742016212e-05 0.00029548861172637447 0.0003862518602308512 1.120981368181044e-06 2.3473263101849898e-06 2.7644388926917956e-05 0.0014859503484607925 1.3042149185157192e-05 0.0010704352372088845 0.0013568803685442314 0.0016956511989461292 0.0005155256653995326 3.0098921244701755e-05 1.632943220432988e-06 1.209745678451433e-05 4.035416132395772e-06 7.162492269237917e-08 5.4741477718352455e-05 9.713774545577685e-05 0.0 0.0 0.0 1.7509754427928179e-06 1.5143548421329874e-07 7.557004978425299e-07 1.1729917803720856e-07 1.2222108074935198e-06 0.0 4.0537050864075933e-07 4.94089280180603e-07 0.0 1.1322384884193326e-05 8.178053186024873e-05 3.079310270042364e-06 2.107979700867762e-05 0.0 1.2086787933413863e-06 9.12875379738971e-06 3.185651396595473e-05 1.0908831249217867e-05 2.342302832195368e-06 0.00012350160296419255 0.0007156405577508858 1.0208607285469873e-05 1.5119469253344924e-06 4.4812398768690945e-06 3.1710882144168456e-07 0.0 7.703873864023138e-08 9.573621974335545e-06 9.357947342823164e-07 4.591605668575804e-05 2.1779540160445614e-05 2.2759516371690266e-05 1.1954961696688475e-05 4.4520987170086106e-07 6.543744817929619e-08 0.0 0.0
1.2671517937136467e-06 1.32516439149011e-05 1.3619822360641184e-05 2.6275760689299576e-07 4.6508434597323886e-07 8.655929392351618e-06 5.6406742713090955e-06 8.839597173030418e-06 1.4452313803520454e-06 1.9935220180471394e-05 0.0023089127305334096 6.254110914509297e-06 1.976487429232132e-05 3.340901734213209e-05 0.0 8.65272699414417e-07 0.0002607489824221108 0.0 0.0009362361868825637 1.3642810370180807e-06 4.85690112875161e-06 1.5752688272490498e-06 1.9477055864058737e-05 5.306302210448074e-06 2.080299347685199e-05 0.0005779952221624793 0.00010292707489883412 2.8047551733664474e-06 3.405082009373622e-05 6.1183982376995865e-06 1.3674308006834223e-05 8.896333835189228e-06 3.201944944745606e-07 0.0013618507552335857 1.1940938415055628e-06 0.00035443539585316525 0.0007895540731435518 0.0012579150897454483 0.0003098944326335293 1.0431305051356046e-05 5.36121428855698e-07 2.1473286480503293e-05 1.12893116758734e-06 0.0 2.4918770345210347e-06 8.526707091023477e-07 1.0804969201223133e-07 0.0 0.0 5.115925465119256e-07 0.0 3.5424430915200984e-07 1.5805522668057694e-07 8.191120217349008e-06 0.0 3.909727910640163e-05 5.0282345371798396e-08 0.0 6.072422571251043e-08 4.545388358403447e-06 1.663608574987156e-05 1.4750572269628265e-05 0.0 1.8847291413752856e-07 1.307810833647297e-07 6.268140464153103e-07 1.2139360412517434e-06 7.7135760661759e-06 0.00011932947505078993 0.00014277353198971493 1.3231139531974489e-06 2.209549987739972e-07 7.46865286789511e-07 7.904043671216346e-06 0.0 0.0 3.6323739738405336e-07 9.342846769947866e-08 5.1300098091683015e-06 5.5037722380972594e-05 2.395045323382448e-06 1.045296660960572e-06 6.967919456425396e-08 0.0 4.066535290502694e-07 1.1760258150446225e-07
6.788048871608763e-06 0.00011237646313277853 0.0001824477474541293 5.187289943581246e-08 4.822832435107253e-07 4.754462765558631e-06 1.7268704959598375e-05 2.8731367356063293e-05 2.400256605879095e-06 5.895119089553461e-06 0.0006747095843337754 1.6799694972025002e-06 1.90349290162525e-05 5.534172396722153e-05 1.4746856057613754e-07 3.376744743958246e-06 0.0017970918672746917 0.0009362361868825637 0.0 4.3983023448506786e-07 2.6360167382258338e-05 1.0837009082535008e-05 0.00041662735868457773 7.054705481055316e-06 7.792979276188167e-05 0.002286382595910573 0.001071564803252811 4.359972117830363e-06 6.276673029233725e-05 4.567596823089634e-05 4.7394567902805396e-05 2.981938967791448e-06 4.786104597319326e-06 0.001508199059930752 2.845433912133419e-06 0.00035477664335122896 0.0005601419952270369 0.0010995486101525054 0.00018148183485004364 7.327627196666869e-06 1.09981273036856e-06 7.02000718290072e-06 6.907291745739601e-07 0.0 1.830848326503167e-05 1.9933228151930373e-05 0.0 0.0 0.0 7.913212691320028e-07 7.943698894924921e-08 2.2940076446528324e-07 0.0 3.6156144850292236e-06 0.0 4.492702270499243e-06 1.2008597449963577e-07 0.0 1.533508067580163e-06 3.9333510662817165e-05 8.691028336301037e-06 2.681454472248773e-05 0.0 6.116248838886202e-07 2.5032546689509314e-06 4.575160436323581e-06 2.4863616697430078e-06 1.3200680194422202e-05 0.00016021929697256128 0.0002903210562582638 2.260209696463628e-06 3.133842124082736e-07 9.021801584728363e-07 2.599809811819682e-06 0.0 0.0 4.254933993506234e-06 6.450891596715651e-07 1.3500623560941842e-05 5.9550594828638254e-05 7.718631419778227e-06 2.068986575708246e-06 1.1676101948715918e-07 0.0 4.5056487766120603e-07 0.0
0.0 0.0 0.0 0.002174805540310012 6.053686552018644e-06 0.00022913653417555062 5.482834263969699e-06 7.573498056494519e-05 0.00013210840470926472 0.003802803458408707 3.183738925070087e-06 0.0023872642572047007 4.896810127562172e-07 3.380794934726947e-05 9.393755320029023e-05 0.0 0.0 1.3642810370180807e-06 4.3983023448506786e-07 0.0 0.0 0.0 3.1451954666642475e-07 0.0001841923932372968 1.9586288583633335e-07 1.5117345711178723e-06 1.415263098702042e-07 0.0011876215694766195 1.6650797582646556e-05 2.540568318922166e-07 0.0 5.582386507851466e-06 3.3863160628132236e-07 2.5188538136114124e-05 0.0 0.0001235008280449725 2.2992430779455783e-06 5.1312808701071094e-05 1.4966569192390573e-05 0.00046775829135910034 4.655646342966367e-06 3.1184239631696733e-07 1.3101643174870357e-06 0.0 0.0 0.0 0.00010186853877057051 0.0 3.374766018410957e-06 1.8636994096501432e-05 3.8477755457586946e-06 8.425817790482996e-06 8.68012279461593e-05 6.008735700954267e-08 2.495889504822932e-05 0.0 1.4856250965277864e-06 2.3083150805237726e-06 0.0 0.0 2.4378568652797783e-07 0.0 3.040042428805842e-05 0.0 1.5380660399667515e-07 0.0 8.416293746624051e-05 0.0 6.194142319116714e-08 0.0 7.898161549336795e-05 2.252532427705481e-06 0.0 0.0 0.0 1.2264923835177457e-07 9.579329037986057e-07 0.0 2.770145828513673e-05 0.0 3.355566091433453e-06 2.6227038144185546e-07 3.9046014591922775e-05 1.028897313898571e-06 0.0 0.0
2.1734763460467757e-05 6.459911383500713e-06 0.00014101247462319953 1.7706239248556698e-07 4.7360114471419354e-07 3.5077810438030136e-06 0.00016784883756013215 6.134707601337292e-05 4.57554989094187e-05 2.420147464256072e-06 6.463658732807361e-06 0.0 4.590917396011923e-07 0.0001035818405318399 5.2003906154348114e-08 0.0030610070948878156 0.0007390711207333287 4.85690112875161e-06 2.6360167382258338e-05 0.0 0.0 0.00018233817575946402 0.00757464010095373 0.00012149499703527056 3.577951704202757e-06 1.1601727952231852e-05 0.00037712925626023783 0.0028018455489700533 0.00020808870030251763 0.006132127236142905 0.0 1.4032373334257147e-06 3.0044309674080357e-05 0.0027793416881741677 2.7309619446833155e-05 0.002407472882597165 0.0004998777643634283 0.0029848163273678047 0.0008374514409399356 7.339916042088183e-05 3.6331288680438383e-06 3.6707850723074684e-06 1.5507568641269863e-05 2.932038001353775e-07 1.462835538738836e-07 2.4498087500134124e-06 0.0 0.0 0.0 5.456883310109693e-06 2.3104537241003495e-07 2.893552358957615e-05 4.138839044953135e-07 7.56948982481382e-08 0.0 0.0 3.201188992650156e-07 5.104724899795053e-07 0.0003830297700222992 1.858063863475745e-06 0.0 3.653719372206835e-07 0.0 0.00025089047521061644 0.000114969543212203 3.4152825488121456e-05 0.00015115222577623364 0.0 1.0215759420975008e-06 1.607896892185793e-05 0.00017595980174364863 3.896304245360756e-06 0.00021069283998754586 0.0 5.5799667250294087e-08 1.1066426715972129e-06 5.486340122946895e-06 6.144730336875867e-07 4.65232070737661e-05 1.4669057435045602e-06 6.175844518481822e-06 5.6262626771406895e-06 1.9809670664685193e-06 4.893301628262498e-07 8.50724350646819e-07 7.379376908970251e-08
3.2952480786731777e-07 0.0016408898796495422 1.6762005761526442e-05 2.75615188355238e-07 5.858596385868264e-07 2.155403224072002e-06 2.585689763029158e-05 6.832819620943302e-07 0.0013130864193157574 8.211430106804712e-07 3.571345401373607e-06 1.0333776634490027e-06 5.586007119475174e-05 9.975653122999114e-07 1.1734723014317555e-05 0.001847509143311795 2.6006185910817693e-05 1.5752688272490498e-06 1.0837009082535008e-05 0.0 0.00018233817575946402 0.0 0.00012714734441028567 0.003644644998676357 0.000309658507098864 5.585869905574476e-05 0.0022540466739285375 0.0002092885635615999 7.1888534384087745e-06 5.7977296779521725e-05 1.605313506343475e-06 0.0 4.289683436338167e-06 2.0658377597379512e-05 1.9759478222514198e-06 0.00024243350186172098 4.738758817286475e-05 7.298655172602566e-05 5.160324985994803e-05 6.385187486104093e-05 2.854511433382304e-07 4.652858612032545e-07 8.372375701996618e-07 2.065429329620095e-07 1.319408861392541e-05 1.2401756832992626e-05 2.248827310334846e-06 0.0 5.6788505485749755e-08 2.3392706047552458e-06 4.5628281115351e-08 2.8463601451932954e-05 6.804991723984035e-08 3.278656671292209e-07 0.0 2.913073036629612e-07 1.2326483901473918e-07 1.1418589842722582e-07 0.0009164647002662439 1.5446668197173264e-06 0.0 5.339394645957737e-07 0.0 0.0001104324424205363 0.00016956997990666748 0.00015264969731650338 9.098633585236901e-05 2.900515107525392e-07 1.4193822706504385e-06 0.0004197502007667924 5.37593793357935e-05 1.1078899572916333e-06 4.7871644183545736e-05 0.0 0.0 8.851625131229004e-08 1.9191233440248485e-06 2.249832669319303e-07 1.7113514185275514e-05 1.1430030020617682e-06 3.613747821115302e-06 3.840385247876479e-06 1.7091297828713922e-06 1.7770616834266638e-07 0.0 0.0
8.378749343928631e-05 2.3237007782532046e-05 0.006034394177737554 6.923829949961434e-07 3.6365762344011705e-06 2.5968579612616013e-05 0.001175094211617309 0.0004574973740134893 1.1900281213209584e-05 3.0387595970537642e-05 1.2371976219205243e-05 4.969835144061468e-07 1.7582067130383016e-06 0.0005667399755944366 8.131180833003282e-07 0.0023023966286664452 0.003312194230583191 1.9477055864058737e-05 0.00041662735868457773 3.1451954666642475e-07 0.00757464010095373 0.00012714734441028567 0.0 0.0002074414504025473 3.2005495365193157e-06 0.0009115386583747669 0.0077172300012214624 0.0027280514842391674 0.0004478840652439765 0.003136795297023629 6.770875672034642e-07 5.0311236340166535e-06 4.96148780597774e-05 0.00240338499073431 8.665711524426994e-05 0.004515316871488971 0.002698194051618068 0.005448382532131465 0.0025786202577604113 0.00029408142192717085 8.36004203280354e-06 1.4057975955088916e-05 5.868105487882238e-05 1.2532425528540577e-06 8.723025915150755e-06 3.6913140190488996e-05 4.6604369987303e-07 0.0 1.9648713035970136e-07 7.346283217213666e-06 9.597814072306993e-07 1.6325747244212498e-05 8.060799092265374e-07 3.2142837138604046e-07 0.0 0.0 5.326008343224958e-07 0.0 0.0005986064148830172 6.902846209656517e-06 7.045872883877471e-08 7.161187315197928e-07 0.0 7.204255285302593e-05 0.00013560461644180472 0.00014724806086328766 8.907982779724211e-05 1.5836658197045565e-07 4.5864022109547256e-06 0.00042692283119994404 7.967065634701214e-05 9.417923502144587e-06 3.9069458764555426e-05 0.0 9.67711159580843e-08 1.3890804664622295e-06 4.265501688078202e-06 4.9847083582832156e-06 6.369969418437687e-05 3.115890752270227e-06 1.1896673642310509e-05 6.07844143097983e-06 3.157952054689691e-06 2.615122254044364e-07 0.0 4.1275873040964054e-07
1.6176161325731317e-05 0.0005809865816421926 0.00012159266633692301 0.0007927129063518726 4.305599861366117e-05 0.0009430474122933157 0.0027657352181226585 0.00029641194249441444 0.005693010836594159 0.0012422335734591282 1.1465941535931734e-05 0.00013711874153180318 1.6720187355551408e-05 0.00019390777554928446 0.0009783959160809038 0.0008840640684013518 2.0557105873236413e-05 5.306302210448074e-06 7.054705481055316e-06 0.0001841923932372968 0.00012149499703527056 0.003644644998676357 0.0002074414504025473 0.0 9.001078765586882e-05 3.3760540122359146e-05 0.000584391960577648 0.006318804039137553 0.0006937595092819429 0.00034911165568359426 9.381261390314069e-07 2.294633973664515e-05 0.00021170942414213532 0.0004303829256527399 1.3425323181529853e-05 0.0021945350144500432 0.00023316354660669154 0.0009131157438628943 0.0005283417657867499 0.0018190696189605492 4.504688391267428e-05 8.29221171193363e-06 3.0304256474767107e-05 1.2182124790056621e-05 9.307334917470515e-07 1.5741954502075378e-05 0.00028098769792572927 1.8985716116089745e-06 2.9813530819964783e-05 0.0002712455922443396 5.238327251258156e-05 0.0006751210598961117 0.0005553331949334091 7.421911953123892e-06 0.00010036427173227721 1.4648533357693558e-07 2.7019790878034452e-05 5.07741602235377e-06 0.00012174489699458305 1.554735294985958e-06 9.629699294195123e-07 1.1728930437718635e-06 0.00011827973991958422 3.132828123882606e-05 6.249195408959115e-05 2.8572262861262403e-05 0.001962547151690352 2.2975011130682774e-07 3.0242371851568378e-06 2.7311560291025876e-05 0.001230832921138647 0.0001012099911290667 0.00012138900074717528 1.6225683046650693e-07 3.2799991187929778e-06 1.3950287013113976e-05 3.073360488025934e-05 2.822854799947343e-06 0.00021303936815998212 3.4984409889867526e-06 8.553250239241942e-05 3.0507309430357755e-05 0.00017499411266115367 1.1763281725210171e-05 5.390474262929024e-07 1.8091612518949506e-06
