0.0 2.0912757391869485e-07 6.261099763093211e-06 2.0821809184165896e-06 1.592710534351643e-07 2.7514472864033933e-06 0.0010516328536158913 0.00016251998673770063 3.164782184197485e-06 1.4000021029658678e-05 3.225517400525091e-06 8.541890524692103e-07 2.941598813805722e-07 0.001866551100751148 7.213226911935275e-08 4.853380326514398e-08 7.688071231022808e-05 2.2511875505961385e-06 2.4394383677254136e-05 1.0569496190109776e-06 2.681456247146148e-05 3.005056199086366e-07 1.702805947579053e-05 2.0002174888727702e-05 0.0 2.2687565988868296e-05 1.0118241945684706e-05 4.1843688793009885e-05 0.002615885674043158 0.0013451596443245332 1.4206016807836938e-07 1.9063048293290652e-06 2.7276997401083672e-05 8.06201393110748e-05 8.405390228667774e-07 1.7991595567697455e-05 5.04451021703377e-06 6.202702858788954e-05 1.0833269568601635e-05 1.3315816194213635e-06 4.72850219268385e-07 0.0 2.6308680464233024e-07 0.0 0.0 3.780309474289333e-07 4.438008473605394e-08 0.0 0.0 2.1118659580823678e-07 1.3755800755238676e-07 1.5641360579865747e-06 0.0 0.0 0.0 4.79938237084177e-08 1.1684226274891902e-07 0.0 1.259430828990637e-06 0.0 0.0 0.0 6.046102859496718e-08 6.199837723157348e-07 1.7428501331832557e-07 1.6126858001136927e-07 5.387385384588537e-06 0.0 1.1237640587995021e-06 1.4950261272736506e-06 5.601243966501273e-06 3.5197628525653846e-07 3.6059574666520225e-07 0.0 0.0 7.07393344335675e-08 3.640349521509503e-07 7.76925774776306e-08 1.9748066187576458e-06 2.1959748413849848e-07 8.808046996923855e-07 4.535508398674044e-07 8.467074096186984e-08 0.0 0.0 0.0
2.0912757391869485e-07 0.0 1.8876793536598123e-05 5.6263884037002267e-08 2.7400330172823134e-07 0.0 1.3592696670818937e-06 5.7099489193989055e-08 0.0004309368927659014 4.454512958819245e-08 5.930732467124377e-05 1.9397860499594437e-06 0.0004907861357923252 5.865147328279596e-07 5.452387455885231e-06 8.19199565120071e-05 6.752848130883736e-06 5.334171491212953e-06 1.0195701100395794e-05 7.114290406034514e-08 6.549101984517016e-06 0.0013390730838968906 1.0821735307954174e-05 0.0007070376982679709 0.001083312045974208 7.801263228666497e-05 0.004770588170055544 1.269315330949087e-05 8.519746787567844e-07 3.845010798324324e-07 2.7844256172678186e-05 5.1894057337425325e-08 0.0 2.0931246393145822e-05 3.334874529989606e-07 1.4376052099971465e-05 3.605428992949e-05 2.886051915202735e-05 7.592739921964978e-06 1.1398011179204914e-05 1.582515087011294e-07 5.5962414302651014e-05 0.0 5.669767264549515e-08 4.6849618874750456e-05 6.745130464736205e-05 2.255109277122131e-07 0.0 0.0 1.3356792708907265e-06 0.0 1.0395011522400548e-06 0.0 6.09335437247206e-07 0.0 8.468117535456639e-06 7.506328629760879e-08 0.0 6.252057444265983e-07 3.153459821974228e-06 7.905261914771765e-07 3.816061057078489e-06 0.0 2.422537726126137e-07 7.332085592054643e-06 1.0958030505611316e-05 3.2521267626088588e-06 5.880001125201268e-06 5.046858942971029e-05 0.0009975547590688565 1.4156888950804422e-06 4.2932122652438e-07 4.5612650493302185e-07 9.668597986207242e-07 0.0 0.0 2.3114651073636448e-06 4.0539444762819065e-07 9.486852304087108e-06 7.422370782406804e-06 7.71180390091564e-06 2.0702093236973806e-06 4.630710533377048e-07 0.0 1.6834496461978814e-06 0.0
6.261099763093211e-06 1.8876793536598123e-05 0.0 1.1447278563187737e-06 0.0 8.235268736966525e-06 0.0009952127696690092 5.031407544656863e-05 1.0465072352647627e-06 1.4830745062479352e-05 2.3910802040370848e-05 4.395800480377511e-07 3.246559426607838e-05 5.43084343308448e-05 1.3552795076121366e-07 1.552963769484141e-05 0.0017876315610580533 1.4288806998926017e-05 0.00010644592098600002 4.750533669907251e-07 0.0006086460444556577 2.926675243189161e-05 0.0060239792628206485 2.6844894212272506e-05 1.5429085369611365e-05 0.002100279953666691 0.0031029305585208427 0.00037144247664794354 1.9488513903207546e-05 0.00018077934557607427 6.729370953676611e-06 4.510165372295432e-07 1.6943657738009152e-06 8.295813185752311e-05 3.037796555469784e-06 0.0006887017482726846 0.0019925831639843045 0.0009167976956413246 0.00036835330108246086 1.522406669280546e-05 2.1736558868377405e-06 1.0777133690724695e-05 2.528273455744802e-06 1.3568619555633246e-07 2.6135444892315607e-05 0.00019543506897466521 0.0 0.0 0.0 1.762068941735225e-06 0.0 1.0239925216193966e-06 2.8557807184831973e-07 1.3570064823243407e-06 0.0 6.816921192540809e-06 2.7538730986517746e-07 0.0 3.680679586620683e-06 8.409912380575261e-06 8.574335208307234e-07 5.090074989622717e-06 0.0 1.809125792269037e-06 2.8905612519507413e-05 6.357645204643901e-05 2.1428901412314378e-06 1.3208543643847183e-06 4.0775577949543e-05 0.0008194981020998885 3.0627429852280656e-06 7.694285743386933e-08 1.1616874658113504e-06 1.783705143043011e-06 0.0 0.0 5.823669032268623e-06 1.7835528532111206e-06 2.850911360774155e-05 0.00011769131692110592 1.0999369219642625e-05 4.562490796949371e-06 2.8960947582576894e-07 2.6277887211806476e-07 2.058858192909195e-06 4.240268239795847e-07
2.0821809184165896e-06 5.6263884037002267e-08 1.1447278563187737e-06 0.0 1.9212960935305897e-06 2.227634355826738e-05 4.550633698288497e-05 1.7398781002622317e-05 0.0009188783329074911 0.0010761036280743893 1.179722879700461e-06 0.0009937853353538227 5.242667868216268e-08 2.4151225296593793e-05 6.331847742246667e-05 8.239202220122889e-08 8.239364163677345e-07 7.033978823937104e-07 9.263927418406137e-07 0.002384675792966174 0.0 3.626097781196879e-07 1.1116678579487427e-07 0.002110232279350618 5.116792052031536e-07 1.5248168979994127e-06 6.007097142831476e-07 0.0020012193423033157 4.768436912306577e-05 6.346408667787705e-07 1.4084494285958827e-07 1.702134229692244e-06 3.911264087973979e-06 1.7335022252964966e-05 1.2445289914349247e-06 0.0001417575546255261 2.0748673431025215e-06 4.627269673472804e-05 9.456519887201052e-06 0.00039591914336567583 3.473322495987111e-06 1.1871576493255624e-07 9.4320169665952e-07 4.252126674491045e-07 0.0 1.6748907170886995e-07 0.00011414666309658833 0.0 8.890853964107362e-07 3.6305853443981486e-05 2.2756132099761075e-06 8.142487175716526e-05 0.00016160517645436828 1.0698522240802268e-07 5.7522190183729865e-05 5.513830951215464e-08 3.463348600793534e-06 1.5036102912765125e-06 6.233279302992901e-07 0.0 1.72471925514106e-07 1.289989605231407e-07 8.01480703515366e-05 4.787347370504188e-07 0.0 3.8515197500128674e-07 0.0001779767252113269 0.0 1.670320214024334e-07 1.1450198185357152e-07 0.00011180919708680942 5.34606757385389e-06 1.5915888826342554e-06 0.0 0.0 1.8104287853913972e-07 2.013729311836547e-06 1.3016004077923617e-07 3.076399013817217e-05 0.0 7.543889381477461e-06 1.5346780419585338e-06 5.203339555666811e-05 3.4132425535934003e-07 1.9812006612745628e-07 8.879324998070767e-08
1.592710534351643e-07 2.7400330172823134e-07 0.0 1.9212960935305897e-06 0.0 0.0001116318395443748 3.4384413204964756e-06 5.489775251885655e-05 2.9454586146101443e-05 9.321090364317196e-06 5.754657702382484e-06 5.578021213231006e-05 1.2235324907512576e-06 8.171691552762267e-06 0.0008778216892624343 0.0 1.9746913951325158e-07 1.0535710008540741e-06 4.590845769046111e-07 2.920342751408011e-06 4.5761333543504195e-08 2.3176088763368863e-07 9.317200322912381e-08 6.677050009985103e-06 1.0570150921611378e-07 1.3296725250317651e-06 2.3754194235163445e-07 2.612980350998271e-06 1.5580706244909986e-05 3.83962479940454e-07 2.7429690696472994e-07 3.3217549842342186e-05 0.0 8.676719511349604e-05 9.515443996781511e-07 1.2075933489137491e-05 1.8880189296401654e-06 6.407999270363019e-05 2.527617068645503e-05 0.0008131506750547754 8.049073239036783e-05 7.212033953955236e-07 7.359169106784785e-07 0.0 0.0 0.0 0.0 0.0 0.0 0.0 0.0 0.0 2.0041841857874082e-07 7.169203421403204e-08 0.0 0.0 0.0 0.0 0.0 0.0 0.0 0.0 0.0 0.0 0.0 0.0 0.0 0.0 0.0 1.972497020662932e-07 2.8696663563040216e-07 0.0 6.363446584064065e-08 0.0 0.0 0.0 0.0 0.0 1.7693795533250198e-07 5.02952357922942e-07 2.315271936510017e-07 9.726204099302544e-08 0.0 0.0 3.801782246249856e-07 0.0
2.7514472864033933e-06 0.0 8.235268736966525e-06 2.227634355826738e-05 0.0001116318395443748 0.0 0.0012033377255320186 0.003337972518910493 5.469081399335119e-06 0.0066761235165336335 2.0046490125289937e-05 0.0015961191463218997 2.952397182502251e-06 0.0002928530743558266 0.0003553617433667498 0.0 1.936861672859988e-05 6.748675218898908e-06 7.58401878201586e-06 0.0002834386407349368 1.688761626693539e-06 0.0 8.324365438509064e-06 1.1390582655412532e-05 2.8575620189688515e-07 1.7224871607944944e-05 5.075914039897978e-06 0.00010148835406933074 0.00011685473270134306 2.1382941965202138e-05 1.2836931297753814e-06 0.00024323212960567511 1.7252368259549717e-06 7.23977444695726e-05 2.5700102639812525e-06 7.111781121317417e-05 3.6210679008701497e-06 0.00011627697872960571 5.217575270249681e-05 0.0006505260108964461 0.0001563887834994198 4.19052222613489e-06 4.23894372626182e-06 0.0 0.0 2.517409252276583e-07 4.725258997859027e-07 0.0 0.0 2.1110853783578775e-06 0.0 4.059462113299719e-07 1.4788739164587697e-06 0.0 3.6301521717254564e-06 0.0 1.3022744388777585e-07 0.0 0.0 0.0 0.0 0.0 1.0190362391352315e-06 0.0 6.434663227471048e-08 8.932533675448858e-08 3.1160233894503716e-06 0.0 8.035509971086718e-07 2.9130439200326025e-07 1.793500857089329e-06 6.08065752612235e-07 0.0 0.0 0.0 0.0 1.0061154468614558e-07 7.269950550578846e-07 3.101872207437594e-06 1.4818314066913766e-06 5.544520827052641e-07 0.0 1.0641510641362593e-06 0.0 1.0311546246806836e-06 0.0
0.0010516328536158913 1.3592696670818937e-06 0.0009952127696690092 4.550633698288497e-05 3.4384413204964756e-06 0.0012033377255320186 0.0 0.0023649103675576614 0.0001659823373063105 0.003313272979826711 2.7482198374447063e-05 5.324766254914847e-05 3.9932878261622255e-06 0.00547439804226629 8.758957479634788e-06 2.6834028342200718e-06 0.0008484607755821397 2.0731394423247493e-05 0.00016353577524601923 6.834471098081388e-05 0.00041048493522797836 5.536500918416998e-06 0.0010327127997772415 0.0009641934161916514 2.998278354276054e-06 0.0008518514418874677 0.00021357444953301122 0.006973361852873376 0.0015163778453305603 0.0037822941196531336 2.0798195337604687e-06 2.6163848040654464e-05 0.0001956151678244793 0.00042539580288599935 2.6273652458609456e-05 0.0016459723687659833 0.00012202048345800609 0.0011190255243018862 0.00028355928981897076 0.00042862674291141607 7.041339584964754e-05 2.5373854496071372e-06 2.1488593374113762e-05 4.284600448985948e-06 2.2649916545540963e-06 5.820285921357284e-06 2.5760309900499255e-05 0.0 1.029333907448328e-06 6.847935409086076e-05 3.687504229973698e-06 4.943482713252797e-05 2.2323466192474194e-05 5.011510739171214e-07 3.0237408376100917e-06 4.07031594766365e-07 8.346883548252272e-06 3.857975676979332e-07 1.3131443650066796e-05 5.571410414376317e-07 1.4486788017644764e-07 8.708642505596061e-07 1.7557232971501443e-05 9.13722158254478e-06 3.787086996784804e-06 1.297746223127518e-05 0.00022107258256110252 5.0832391556556356e-08 1.0188856115831752e-05 4.212698934102088e-05 0.00018573902468872056 2.0950605090269632e-05 2.2439773019519513e-05 5.055495709149074e-07 0.0 1.387744587467659e-06 7.943897555039052e-06 2.5502486693750353e-06 7.923887453331721e-05 6.17788562579031e-06 2.0475693868054627e-05 4.372294483506764e-06 2.513690582528402e-05 1.7536706826438096e-06 1.5560298200721325e-06 1.8390420889028474e-07
0.00016251998673770063 5.7099489193989055e-08 5.031407544656863e-05 1.7398781002622317e-05 5.489775251885655e-05 0.003337972518910493 0.0023649103675576614 0.0 2.8330665233963575e-06 0.002509979836299031 1.2882686715640783e-05 0.00041921263829340063 3.4028710358749356e-06 0.0029065381098288983 0.00015607996025415947 3.0487061188559264e-07 0.00019992490762241346 6.548323818223165e-06 5.267934188575965e-05 0.00016325707935268847 1.79902197235596e-05 2.730951953852746e-07 5.911440581543457e-05 1.2830994596412829e-05 2.1295109268478156e-07 9.536969424177781e-05 2.793198016282591e-05 9.970620834838113e-05 0.0003540712230838893 0.0005105259998297378 7.125587266078613e-07 0.00024772514135656216 6.625481136877298e-06 0.00013528057036272322 1.7382030017306834e-06 8.640553477270172e-05 1.3697385050152493e-05 0.00020003311861798993 7.61712257668377e-05 0.0005483198428159784 0.000131342708975888 1.836302326276272e-06 6.926459517975553e-06 0.0 1.5699131270063598e-07 3.801927405848548e-07 7.617697762454781e-07 0.0 0.0 2.1983367488200563e-06 1.668237470548599e-07 6.86663747855365e-07 1.339468506363561e-06 0.0 1.6271486369940866e-06 3.8491876056019306e-07 1.1591074534260434e-07 0.0 2.5639448725438327e-07 5.530950193029249e-08 0.0 2.1271541764502068e-07 3.6181939923788527e-07 4.848309016938543e-07 2.2598333907231025e-07 1.6903387171431563e-07 4.7404634811894725e-06 0.0 8.056933255927077e-07 3.555794070994133e-06 5.7970600160837095e-06 3.307351633309272e-07 6.447590646852417e-07 7.052475136257406e-08 0.0 0.0 1.54141530654418e-07 0.0 2.6686179890904484e-06 1.360200752114641e-06 1.5477702664212436e-06 3.295729785568996e-07 5.550692291518227e-07 2.0925151969788662e-07 4.980378584480946e-07 1.4809497498187584e-07
3.164782184197485e-06 0.0004309368927659014 1.0465072352647627e-06 0.0009188783329074911 2.9454586146101443e-05 5.469081399335119e-06 0.0001659823373063105 2.8330665233963575e-06 0.0 0.00012176171493327274 6.277360295278816e-06 0.00017702608980632288 4.386412426604988e-05 9.725944376431077e-06 0.00028289648839490463 3.842004181413885e-05 6.258178203104086e-07 2.0088560372160476e-06 1.5737594357901341e-06 0.0002999122837988414 2.046681644864479e-05 0.000887269523947791 3.753512855144052e-06 0.005370012889025511 0.000174592763196204 1.0990375369892338e-05 0.00027358984442548025 0.0009964062895892556 4.2931880358151985e-05 4.006756901530561e-05 4.461445742732217e-06 1.1160553765885775e-06 8.113697077797769e-06 1.3573548665404016e-05 1.6775665866939717e-06 0.00011307141302655256 9.281144765782439e-06 3.986600558111415e-05 1.0007846435721278e-05 0.0002734356166716751 5.195047379430237e-06 1.7584002087757154e-06 4.1576317457180885e-07 5.4358320095504216e-06 1.672116879494318e-06 6.960614030725592e-07 0.00013195295424897244 0.0 1.3402925514236144e-06 0.00011036549657141305 4.230723687624352e-06 6.43619249936941e-05 7.910349855793438e-05 8.179941491997275e-07 3.6458148472216234e-05 8.304150547385116e-07 1.0222967029603491e-05 1.4516072915226952e-06 5.7625528794982396e-05 1.2561168703354526e-07 2.5805986838653006e-07 5.4607614195128106e-08 9.838121015503002e-05 1.9611604384591665e-05 1.4121798592981722e-05 7.449362795098013e-06 0.0006137130139639067 0.0 1.6822449669634837e-06 5.854884297019946e-06 0.00028379258337656596 2.259555492832185e-05 1.8188237018420674e-05 1.5563291287090562e-07 1.0583857949842042e-07 1.1006118378432054e-06 6.8400798715859404e-06 1.0492953097415287e-06 3.924656329773196e-05 7.989735839285607e-07 1.7956297654839567e-05 4.409860765674346e-06 6.115007411978839e-05 6.407945999974141e-07 2.549752210183235e-07 4.5404568748499777e-07
1.4000021029658678e-05 4.454512958819245e-08 1.4830745062479352e-05 0.0010761036280743893 9.321090364317196e-06 0.0066761235165336335 0.003313272979826711 0.002509979836299031 0.00012176171493327274 0.0 5.098592297666136e-05 0.0023636815188884603 5.167137060310546e-06 0.001144867531186042 1.7575220046025685e-05 1.1842585452472735e-07 2.2182827566489114e-05 2.517079315082255e-05 2.1030967621695985e-05 0.0029715401767900647 1.8141816032178236e-06 0.0 1.2536409424529702e-05 0.0002486803883695995 7.70133799211667e-07 3.697004645451399e-05 1.3664728016086245e-05 0.0025722169160245375 0.0005900080738309962 1.863444669754039e-05 2.856848095525829e-06 7.132544934073075e-05 1.0217735395908723e-05 0.0001594372493089775 4.345890011464734e-06 0.0004304987053263039 1.7053321027266308e-05 0.00040234800318275014 6.679777972743951e-05 0.0002320442764704169 2.9104034783313356e-05 2.105798070670262e-06 5.849957011079497e-06 1.2952592013254214e-06 1.198945960889413e-07 3.6102221243772536e-07 5.3650924608954006e-05 0.0 8.760017958353681e-07 5.988153888312622e-05 2.338052964758421e-06 3.7437701787910195e-05 4.570909089873513e-05 4.971807839781358e-08 3.466173542192152e-05 2.6179315865037e-07 5.890538800151138e-06 1.8569677663804696e-06 1.2632348241248064e-06 0.0 0.0 8.933627580575203e-08 4.407220195047143e-05 2.04678240795217e-06 7.013409005212742e-08 0.0 0.0001582630345540763 4.552065083169526e-08 4.98327544807802e-07 1.314396857289397e-06 0.00012038830823851639 1.0431223225348474e-05 6.403134790613952e-06 1.5238646738298732e-07 0.0 5.464273629310132e-07 2.9881619959225793e-06 6.201266167505051e-07 3.388612798559856e-05 1.848145568936568e-06 1.1645917088460255e-05 1.5094041914200885e-06 4.0767877564973914e-05 7.470253894897876e-07 1.262249397595934e-06 3.4548281647238857e-07
3.225517400525091e-06 5.930732467124377e-05 2.3910802040370848e-05 1.179722879700461e-06 5.754657702382484e-06 2.0046490125289937e-05 2.7482198374447063e-05 1.2882686715640783e-05 6.277360295278816e-06 5.098592297666136e-05 0.0 3.411136445829266e-05 0.0008167201778834948 0.00018132058820605055 2.670114021288123e-06 9.31109631658469e-06 0.0004238669686951235 0.0023526250617515124 0.0004341354787567868 1.2877909270725564e-05 1.7430586044573358e-05 1.3075701137800435e-05 7.611673765283531e-05 1.2073307169543081e-05 0.0003331485073681707 0.0008776424103226165 0.000326655699313723 1.4026540705672493e-05 0.0005013934155205283 1.5832719785602764e-05 0.00018693985998845817 7.064604489154937e-05 4.483909719304745e-06 0.0038381238621842326 9.346379060991687e-06 0.0003180862033247218 0.0016233127532833927 0.002837688241318145 0.0006028945923080155 1.7694918022200037e-05 9.648751980488598e-06 0.0003459676042310617 1.8817978365503384e-06 6.954114080268597e-08 5.56188120753581e-06 3.4243963765999573e-07 3.5766579076752157e-07 0.0 0.0 9.848844464079982e-07 2.986171693915625e-07 6.914895203434462e-07 8.253273739271145e-07 6.206327835936477e-05 1.372901010284863e-07 0.00035066390596044417 3.1399874507401054e-07 0.0 1.6848903778162445e-06 5.844089752864153e-07 3.7997893971695205e-06 4.100671182082079e-06 0.0 1.0509270286260937e-06 2.3359744939196692e-07 1.2801877278964149e-06 1.6955021930409756e-06 6.923364797875482e-05 4.17027115910066e-05 6.299697350162807e-05 2.0063587378942462e-06 4.512060033269206e-07 2.471312412567199e-07 1.6479065779201628e-05 0.0 0.0 1.676160286162007e-05 5.91022875831852e-07 2.1717043931099568e-05 8.439923925175375e-05 2.520505173589034e-05 1.8157090414591907e-06 4.114919526296861e-07 2.1151315577193369e-07 8.032437438039744e-05 1.0494533973098958e-06
8.541890524692103e-07 1.9397860499594437e-06 4.395800480377511e-07 0.0009937853353538227 5.578021213231006e-05 0.0015961191463218997 5.324766254914847e-05 0.00041921263829340063 0.00017702608980632288 0.0023636815188884603 3.411136445829266e-05 0.0 3.630905378272441e-06 0.00036613906245139895 0.0007171550384789268 0.0 1.7150604580809662e-06 1.3584644849083328e-05 6.8499638488001046e-06 0.004168864399187503 1.7749004134912456e-07 7.933297637948776e-06 9.515936863342031e-07 0.00023114202635425346 2.2971357835102957e-06 1.2543474770247872e-05 7.585386650826724e-06 0.0005081075390522485 0.00022368714008509446 2.89945151796541e-06 1.7907366142574822e-06 5.707372088496925e-05 3.741752797227518e-07 7.045264629761342e-05 0.0005279254502527712 0.00045612597684373826 9.611566320703355e-06 0.00016189956389788823 3.7151582238920336e-05 0.0011580893489598074 1.2617077274585578e-05 1.705463686974497e-06 2.2687264148880665e-06 3.3433896164190206e-07 0.0 0.0 4.924104553815509e-05 0.0 1.1245496591672473e-05 1.8991625038208997e-05 1.8936398921486573e-06 1.6212622584334442e-05 6.292155927342823e-05 4.99739779077383e-07 0.00018355442464468056 3.972640125166311e-07 3.6136936989205487e-06 1.7541961737553485e-06 5.934272541432809e-07 0.0 0.0 1.1467126396667375e-07 6.027136112942726e-05 9.87042206697734e-07 9.939683438497692e-08 5.34737404561814e-07 5.080030237048861e-05 0.0 6.272637089662337e-07 4.402152048087402e-07 4.4072401522318284e-05 4.0703422045312176e-06 4.1588850080188236e-06 4.6039683854399635e-08 4.531512795228003e-08 2.6203983563209513e-07 7.379863802856841e-07 0.0001177415403695217 3.2742589561449925e-05 9.554781186746446e-07 3.978271810539283e-06 3.946330783170519e-07 5.2547735317590905e-05 1.7552228565839194e-07 8.94402805160003e-07 0.0
2.941598813805722e-07 0.0004907861357923252 3.246559426607838e-05 5.242667868216268e-08 1.2235324907512576e-06 2.952397182502251e-06 3.9932878261622255e-06 3.4028710358749356e-06 4.386412426604988e-05 5.167137060310546e-06 0.0008167201778834948 3.630905378272441e-06 0.0 1.942893642606756e-05 7.735915142167822e-07 1.1985916307506618e-05 3.135342319997951e-06 8.11297906213546e-05 6.46497619933857e-06 1.863107463180837e-06 7.757901676124196e-06 0.00011304361830054086 2.7333873451409867e-05 5.443745076712143e-05 0.0025831260116689543 0.0003363796116012071 0.002258800719143274 8.624374084308292e-06 3.246300790173229e-05 1.7330709475992315e-06 0.0006788721622461593 9.975591379360943e-06 5.384123990767179e-08 0.0007654168083638315 8.827629636041058e-06 0.0001770879241201903 0.0015263306041584667 0.00135205593150604 0.00015208211303693357 1.371818493878291e-05 2.3878778366759946e-05 0.0009049125552079748 1.1240413674831662e-06 9.666056219229336e-08 7.062308047008686e-05 0.0 0.0 0.0 1.6105117865084795e-07 9.426180866791412e-08 5.9204578521837746e-08 8.825284984242006e-08 0.0 0.00021320212259919182 9.609802845800697e-08 0.0012401053050606038 7.267525956837796e-07 0.0 5.206101709348192e-06 8.927806181472722e-07 1.1214778371782604e-05 5.70270126926191e-06 0.0 2.257234511127567e-06 9.774870495818232e-07 1.7623945465464042e-06 1.2932724487123903e-06 0.00037982318142360785 0.00010944683705880998 0.00021130507239983435 2.487141259052115e-06 8.277861920013885e-07 4.7141318247869174e-07 7.41472487415578e-05 7.964316400705569e-08 0.0 5.371694196020909e-05 1.7893142231397285e-06 5.769507105995637e-05 0.00025788407946788453 7.757703533075447e-05 3.4961401030393453e-06 1.9345680360320595e-06 2.522817192189594e-06 0.0003064275867013344 3.4526694571429707e-06
0.001866551100751148 5.865147328279596e-07 5.43084343308448e-05 2.4151225296593793e-05 8.171691552762267e-06 0.0002928530743558266 0.00547439804226629 0.0029065381098288983 9.725944376431077e-06 0.001144867531186042 0.00018132058820605055 0.00036613906245139895 1.942893642606756e-05 0.0 4.418520233823097e-05 1.8912889316261871e-07 0.0002907716802157992 6.069179372234372e-05 0.00010164373452124079 0.00015962708056548616 3.820678901117851e-05 1.709222711326954e-07 7.914053500560139e-05 5.393138092502316e-05 4.045821348283642e-06 0.0001484513222455179 5.6819078511019334e-05 0.00018297485727068548 0.0027572584703246137 0.0014636555589267843 7.3318747352576695e-06 7.208820756618941e-05 1.666698722593901e-05 0.0006431306971910908 8.758700292044698e-06 0.0002559512836642852 3.915153669490545e-05 0.0007018811878886744 0.00019675049873703196 0.0004324803939919017 0.0003534998706445583 1.3280657572465927e-05 1.0872890199093558e-05 5.694867965196761e-07 4.562542516689408e-07 7.427872912936214e-07 1.5344027300546186e-06 0.0 6.21236189522678e-08 7.402695890492924e-06 1.6735313345917691e-07 4.021597269322284e-06 2.898667518559066e-06 3.6101167824534804e-07 2.3234239627852812e-06 7.292024046651698e-07 7.465716527371474e-07 0.0 1.0968085148534e-06 6.562865134836769e-08 6.724066972091957e-08 3.0347549174795594e-07 1.2469148405736418e-06 9.767494910273216e-07 1.8088128874487426e-07 6.746676650695472e-07 2.262038512034246e-05 1.934687445819459e-07 2.6645212023682214e-06 6.720994670954442e-06 2.204454348579645e-05 1.6308379823807706e-06 2.490599606894907e-06 4.678635251997337e-07 0.0 5.255536091725545e-08 1.3800751136779893e-06 8.131422613481555e-07 8.093320526127511e-06 5.638717661765333e-06 6.232699124486382e-06 1.2641561532375982e-06 2.907248824965712e-06 5.271853084037755e-07 5.062560425960234e-06 9.43876372374599e-08
7.213226911935275e-08 5.452387455885231e-06 1.3552795076121366e-07 6.331847742246667e-05 0.0008778216892624343 0.0003553617433667498 8.758957479634788e-06 0.00015607996025415947 0.00028289648839490463 1.7575220046025685e-05 2.670114021288123e-06 0.0007171550384789268 7.735915142167822e-07 4.418520233823097e-05 0.0 0.0 1.0572547843444095e-07 9.126282472321291e-07 3.3279318289992577e-07 5.376509687058617e-05 0.0 1.1116406050497018e-05 0.0 0.00020836860240915038 2.468033708080459e-06 8.239450677697579e-07 4.572913904695802e-06 3.300886071487451e-05 1.9207329187042226e-05 0.0 1.5689273152719448e-07 0.00010753274981578472 3.766540341491667e-07 4.652752556584833e-06 0.0 0.0001223313753985319 1.732028125444578e-06 1.1208055532751446e-05 4.142928359768625e-06 0.000526677228704593 6.511292878209261e-05 1.7656077464376327e-06 1.9710647635664957e-07 0.0 0.0 0.0 3.05319608251663e-06 0.0 0.0 1.1926801996793713e-06 0.0 7.905562021334456e-07 3.6574008963958263e-06 0.0 2.050001837953443e-06 2.3604773005361268e-07 0.0 0.0 1.2786216000820738e-06 0.0 0.0 0.0 1.787459922273167e-06 7.255125797368924e-07 5.602247965440212e-07 7.17281904709659e-07 5.187815852896649e-06 0.0 1.2218345597507986e-07 1.9952389662714825e-07 5.276622561487316e-06 3.5831534950898476e-07 1.7054536087397e-06 0.0 0.0 0.0 2.9386918876965256e-07 0.0 5.056567586807478e-06 6.166652147780573e-08 7.483304580052728e-07 7.850903398850345e-07 7.010968932497963e-06 8.281180190612738e-07 1.5941989213985074e-07 0.0
4.853380326514398e-08 8.19199565120071e-05 1.552963769484141e-05 8.239202220122889e-08 0.0 0.0 2.6834028342200718e-06 3.0487061188559264e-07 3.842004181413885e-05 1.1842585452472735e-07 9.31109631658469e-06 0.0 1.1985916307506618e-05 1.8912889316261871e-07 0.0 0.0 2.4492767609735343e-06 2.348257908594585e-06 3.775222497067651e-06 7.791651554036214e-08 0.001794156647178997 0.0017451692715299894 0.0021735039894320305 0.0011287212360571812 3.888651772284768e-05 1.6582835034527583e-05 0.0033056169216769326 0.0009118193632450997 7.451253985291238e-07 8.821234312126115e-07 2.092456598568433e-06 2.364910308805955e-07 2.4338981843913786e-07 2.594280674914927e-05 1.4063165879601896e-05 0.0009009879743796672 0.00045930258995188 0.00023878207024789956 0.0003409039649072686 1.589528797105737e-05 1.3633862565135223e-06 1.3256863394681623e-05 6.973586688174152e-06 9.369646136090246e-07 2.0086018723102637e-06 1.8057946554120068e-05 0.0 0.0 0.0 2.144809958485516e-06 8.964228505377491e-07 1.7656305981668214e-05 2.0140540951379478e-07 5.596183061405727e-07 0.0 4.8918770530157135e-06 9.343032914089724e-07 4.245240693051445e-07 0.0012475885573352467 9.953590655690214e-07 1.0064147004690167e-06 1.3236821425470083e-06 0.0 0.0001350749598293938 0.0004704713827572562 0.0005652741265392736 0.00013878368873144418 9.800141315811036e-07 1.1248122412071947e-05 0.00045354490687661477 0.00014963526781126222 5.803844814247123e-06 2.2871861967517625e-05 1.3753745133377645e-06 0.0 2.2800214628938492e-07 4.5325238654401106e-06 5.218279640595258e-07 0.00023821912720127926 1.1188513210504096e-05 1.1231177904208891e-05 4.819505638076051e-06 4.18412354935946e-06 1.4228577667533986e-06 7.6220908194069494e-06 1.415423889390114e-07
7.688071231022808e-05 6.752848130883736e-06 0.0017876315610580533 8.239364163677345e-07 1.9746913951325158e-07 1.936861672859988e-05 0.0008484607755821397 0.00019992490762241346 6.258178203104086e-07 2.2182827566489114e-05 0.0004238669686951235 1.7150604580809662e-06 3.135342319997951e-06 0.0002907716802157992 1.0572547843444095e-07 2.4492767609735343e-06 0.0 0.00014772491648025682 0.0017975023572421563 7.802755968535985e-07 0.0004357714834106991 3.318865387657617e-06 0.0019161050943351618 8.639410421488914e-06 2.477109410077787e-06 0.0010396418684142047 0.0030317198183887895 7.212233119370935e-05 0.00024651317551516926 0.0012312275743103518 2.0373773630776364e-06 2.548340319847174e-06 2.2000154891162453e-05 0.0019940989067329207 2.2083601625791444e-06 0.00036294595289233035 0.0006817738328114026 0.0015764890323353962 0.00029765037691350626 9.471889175612839e-06 1.614925809648016e-06 2.1482010407931765e-06 1.8720637357374215e-06 2.0390585337063427e-07 6.586030401682804e-06 2.32474024510578e-05 0.0 0.0 0.0 2.3249071456266576e-07 0.0 9.267073879471858e-07 8.922886241952258e-08 5.617982275409879e-08 0.0 6.012356181149103e-07 0.0 0.0 1.0308876064879315e-06 4.9142811851558e-06 1.9808194650145804e-07 2.8081249008460148e-06 6.76988992279953e-08 3.9167317072313423e-07 1.882754510236957e-06 5.2057040553779545e-06 1.6421103386355847e-06 7.551947028464228e-07 2.9366850340363312e-05 0.0001413872604016993 1.6594240306347784e-06 4.3579470392702576e-07 3.3695962107324455e-07 5.995505010947309e-07 0.0 0.0 1.033247379569846e-06 1.2340948503011782e-06 6.393426195910867e-06 2.551783497666809e-05 4.43304669604625e-06 2.0868430768159744e-06 1.8467647918093735e-07 0.0 6.976483516395207e-08 1.712546956542381e-07
2.2511875505961385e-06 5.334171491212953e-06 1.4288806998926017e-05 7.033978823937104e-07 1.0535710008540741e-06 6.748675218898908e-06 2.0731394423247493e-05 6.548323818223165e-06 2.0088560372160476e-06 2.517079315082255e-05 0.0023526250617515124 1.3584644849083328e-05 8.11297906213546e-05 6.069179372234372e-05 9.126282472321291e-07 2.348257908594585e-06 0.00014772491648025682 0.0 0.0010208366595514985 7.4793389518869384e-06 4.414277858666213e-06 3.2093193070133367e-06 1.6953296492589054e-05 4.304054602401498e-06 1.687928258087098e-05 0.0010382104725233721 0.0004051084897869151 8.48346368009055e-06 0.00014543219049834778 1.1501012881042784e-05 6.712783721988569e-05 1.5234762286304944e-05 1.3143190261165376e-06 0.0009050550279744261 3.861901357758135e-06 0.00043660080716241404 0.0006795099599666921 0.000985197168577975 0.00041538526506632305 1.376632449989833e-05 1.0693045954420209e-06 1.6428278629642927e-05 1.6885854777020473e-06 0.0 1.3658667589083513e-05 1.6463014299636017e-07 0.0 0.0 0.0 9.947966143787793e-08 4.428257663519419e-08 1.6228821908145527e-07 0.0 1.21570451510073e-05 0.0 0.00010340422536430986 1.192436576827302e-07 0.0 4.963528121799538e-07 1.232701396767112e-06 1.0185801420159781e-05 1.441555299443048e-05 0.0 4.1560142755079146e-07 3.8169382369193467e-07 8.610429950274422e-07 7.535994330536175e-07 1.1498533143949169e-05 0.0001124403512027327 0.0001762748390933105 2.689587089081928e-07 4.4083245738335666e-07 1.1319044738791386e-07 2.2104866217740447e-05 0.0 0.0 1.7226371248496575e-06 2.442992808628298e-07 9.607649700116131e-06 2.3157212685552027e-05 6.838605851133531e-06 2.0160531782589962e-06 1.220852246311614e-07 1.0208336003335923e-07 1.3174210391794919e-06 3.4352274916982387e-07
2.4394383677254136e-05 1.0195701100395794e-05 0.00010644592098600002 9.263927418406137e-07 4.590845769046111e-07 7.58401878201586e-06 0.00016353577524601923 5.267934188575965e-05 1.5737594357901341e-06 2.1030967621695985e-05 0.0004341354787567868 6.8499638488001046e-06 6.46497619933857e-06 0.00010164373452124079 3.3279318289992577e-07 3.775222497067651e-06 0.0017975023572421563 0.0010208366595514985 0.0 5.012826695639269e-06 4.810893747135492e-05 4.433197743786801e-06 0.0002457458512499206 8.125280813773382e-06 7.853709059139307e-06 0.0037643514402818496 0.0014314461305186441 1.8024436521687404e-05 0.00015773914123975047 0.00015934295368869654 3.114334640492224e-06 6.18072549468982e-06 8.954876304414269e-06 0.0016914748682880201 3.900447701091681e-06 0.000625522594467026 0.0008766090232156326 0.0016426032809970868 0.00047417240765066087 1.7447830324892258e-05 1.5279036797207765e-06 1.7976258109841587e-06 1.9392587664629335e-06 0.0 3.2673820596601836e-05 5.231579439746495e-06 1.4235635576426793e-07 0.0 3.9605308744951443e-08 3.174341299496874e-07 0.0 6.503488805741824e-07 0.0 4.152779036356738e-06 0.0 2.5800217347962667e-05 4.1301717397385145e-07 0.0 1.2396212684330843e-07 1.4137724129988387e-05 5.102568478891516e-06 3.397613120942454e-05 0.0 3.0164657120982007e-07 1.154317277074592e-06 1.7303190588594152e-06 1.1589647269113371e-06 1.5653972629897484e-05 0.00020647515704580048 0.0003876313167246493 1.4277464102888962e-06 3.592217145656642e-07 7.588307011961873e-07 9.290939391033498e-06 0.0 0.0 6.330123211231254e-06 9.788848386435736e-07 2.1504414229549014e-05 4.111371420059811e-05 1.7839951367810184e-05 5.551688397674226e-06 3.9882311622583094e-07 0.0 6.01827844121293e-08 0.0
1.0569496190109776e-06 7.114290406034514e-08 4.750533669907251e-07 0.002384675792966174 2.920342751408011e-06 0.0002834386407349368 6.834471098081388e-05 0.00016325707935268847 0.0002999122837988414 0.0029715401767900647 1.2877909270725564e-05 0.004168864399187503 1.863107463180837e-06 0.00015962708056548616 5.376509687058617e-05 7.791651554036214e-08 7.802755968535985e-07 7.4793389518869384e-06 5.012826695639269e-06 0.0 9.386394244156172e-08 0.0 9.509161019242138e-07 0.0002839499954909454 1.0205583984884035e-06 5.198204724517854e-06 4.003443542302369e-06 0.001916175665641366 0.00013582378467316307 1.3486539290497024e-06 6.415609860768769e-07 1.5073170829366542e-05 1.3628726242297462e-06 4.142152134832095e-05 6.155853657233311e-07 0.00020935063403117445 4.872226531248377e-06 0.00010233072311725361 1.4697414964829608e-05 0.0004055068670827553 7.096435083597702e-06 3.752949307297216e-07 1.1239852296713999e-06 1.316804038167678e-06 0.0 6.192173587215906e-08 5.022460069919714e-05 0.0 1.054697058851184e-06 3.7554778019788616e-05 1.4458750203351957e-06 4.133742341979227e-05 4.212759687305156e-05 2.8903169109654824e-07 5.797822171977408e-05 0.0 2.3929031719703937e-06 2.015255197463739e-06 1.6211957688123327e-06 0.0 1.0892045967579355e-07 4.52793863809043e-08 4.42816199575769e-05 6.93350652712378e-07 0.0 0.0 0.00012901117598834413 0.0 3.6049556570956017e-07 5.410696962719222e-07 9.721493456496606e-05 6.196373062660465e-06 4.872861035528345e-06 0.0 0.0 9.480511357044311e-08 3.4113581634571933e-06 2.1957715865014657e-07 4.6302011678342516e-05 6.621931412776966e-07 7.000388432911546e-06 2.3636106488907345e-06 5.763336838025627e-05 0.0 5.1723914407856455e-08 1.4313511558910513e-07
2.681456247146148e-05 6.549101984517016e-06 0.0006086460444556577 0.0 4.5761333543504195e-08 1.688761626693539e-06 0.00041048493522797836 1.79902197235596e-05 2.046681644864479e-05 1.8141816032178236e-06 1.7430586044573358e-05 1.7749004134912456e-07 7.757901676124196e-06 3.820678901117851e-05 0.0 0.001794156647178997 0.0004357714834106991 4.414277858666213e-06 4.810893747135492e-05 9.386394244156172e-08 0.0 9.627016018806733e-05 0.007795945871754891 0.00012854947082669083 1.8896148240162428e-05 0.00013247729870187884 0.0006554431203904046 0.003712323185454299 0.00011873423058565995 0.0038341448991420016 5.029513477410611e-07 7.286490726265382e-07 1.4700861257311201e-05 0.0012528701012041272 7.725554051727546e-05 0.0030976672281565927 0.00044225074000885654 0.0029133121117697618 0.0019826608510359702 3.4199748623918264e-05 7.1761762470392125e-06 7.271104296206969e-06 2.8917500296645187e-05 2.135641359061828e-06 5.540830518652098e-07 5.287841382033111e-06 3.8943954066426944e-07 0.0 5.3078988891784124e-08 2.5764184922818597e-06 7.593933842958875e-07 1.373903589859301e-05 2.4372313915316645e-07 4.7093724137801444e-08 0.0 3.4084534778292124e-06 1.9178386104349334e-06 1.4046240231087724e-07 0.0004447537385056143 3.5175184013753207e-07 6.492487807138116e-07 3.2995787357622025e-07 0.0 0.00013018221917699793 7.158673803145163e-05 9.418444007188146e-05 0.00010965366181110699 6.721920198021513e-07 6.698447757270289e-06 5.306151070915706e-05 0.00014147190445735073 1.039917118017019e-05 3.1926694247883986e-05 2.2694309047259746e-07 0.0 6.989347848542376e-07 7.00357990013499e-06 3.498127284095275e-06 0.0001212841642669602 7.383322614518554e-06 7.617557755962883e-06 3.2298312309169788e-06 3.815360399642658e-06 4.7083044510678615e-07 4.725779229735715e-06 5.793525393612901e-07
3.005056199086366e-07 0.0013390730838968906 2.926675243189161e-05 3.626097781196879e-07 2.3176088763368863e-07 0.0 5.536500918416998e-06 2.730951953852746e-07 0.000887269523947791 0.0 1.3075701137800435e-05 7.933297637948776e-06 0.00011304361830054086 1.709222711326954e-07 1.1116406050497018e-05 0.0017451692715299894 3.318865387657617e-06 3.2093193070133367e-06 4.433197743786801e-06 0.0 9.627016018806733e-05 0.0 0.00024798398429082117 0.0032493227255328103 0.0004645621153343975 2.58363552919106e-05 0.0034438102114436727 0.00010735025892995927 9.083824331331134e-07 7.123902384898562e-07 9.77272145768256e-06 5.723712549260256e-08 5.434238445667871e-08 4.875931772259677e-06 1.9730205857467596e-07 1.7242710865738387e-05 1.7370702163939265e-05 1.7013799657953527e-05 1.0564785794542907e-05 4.640875797897835e-05 0.0 5.570832059700121e-06 0.0 2.0838156442627852e-07 7.4509101028701516e-06 5.299343579035992e-05 2.9264161732017845e-07 0.0 0.0 1.1905675634674318e-06 5.268044265972971e-08 1.465117275719609e-05 2.1324249281608475e-07 2.277672337993707e-07 1.1809090651381659e-07 1.8888899697763618e-06 3.66187386384465e-07 4.261746043012431e-07 0.0004550750179884869 1.5341367063210725e-06 0.0 8.84504186204567e-07 0.0 4.0597894358131625e-05 5.905902823432071e-05 0.0002657646549862923 7.643763419887003e-05 7.089725455544368e-07 9.432254095982416e-06 0.000610435449021289 4.485957659066679e-05 1.1632209887280162e-06 4.764947070766179e-06 5.4059081503098406e-08 0.0 1.1816009807665912e-07 7.698570604749783e-07 7.667039840936761e-07 2.1184836992842865e-05 8.274012450972398e-06 5.686982976767592e-06 3.754724550622253e-06 2.3686114265456872e-06 0.0 0.0 2.4938466223298006e-07
1.702805947579053e-05 1.0821735307954174e-05 0.0060239792628206485 1.1116678579487427e-07 9.317200322912381e-08 8.324365438509064e-06 0.0010327127997772415 5.911440581543457e-05 3.753512855144052e-06 1.2536409424529702e-05 7.611673765283531e-05 9.515936863342031e-07 2.7333873451409867e-05 7.914053500560139e-05 0.0 0.0021735039894320305 0.0019161050943351618 1.6953296492589054e-05 0.0002457458512499206 9.509161019242138e-07 0.007795945871754891 0.00024798398429082117 0.0 9.142240715243817e-05 3.738059209076934e-05 0.0006299157362980582 0.009141225012235408 0.0008699096831729612 5.451376227267172e-05 0.0027127549718588004 4.6494740564928716e-06 7.947177151787609e-07 1.0031242468201744e-05 0.0017629243057196268 6.149196889600104e-05 0.004521270250315392 0.0032069444630161486 0.005284918257893292 0.0041859018699264856 0.00010237510772225879 7.814505177806642e-06 1.983367711700001e-05 2.8157793606600786e-05 6.759539017508241e-07 3.5534420806364376e-06 9.690740197445874e-05 7.54146998801123e-08 0.0 2.844544823112148e-07 2.3006265475786606e-06 1.224777608706244e-07 2.2284819479512898e-06 8.876002796803115e-08 6.80336652489407e-07 0.0 1.1819481366486532e-05 1.1044623524425932e-07 0.0 0.0006556240408600561 2.5369692310881692e-06 5.175062998447247e-07 5.0793016828704405e-06 0.0 3.531349723642433e-05 0.00024026818306875723 0.0005434083956626788 4.2790524872514296e-05 4.104781482443631e-06 2.4290020572555577e-05 0.0008534362805913044 3.226224080924721e-05 1.383323835023141e-06 4.594178304042032e-06 1.3235985450830224e-06 0.0 0.0 3.357272475257005e-06 6.806210245849004e-06 0.0001974494016441622 3.708867247441656e-05 1.3027046855605981e-05 1.5152159823957633e-05 1.5249129556834864e-06 8.169031291842791e-07 1.2479359552167941e-05 1.3595139778010027e-06
