0.0 0.0 6.202886222923078e-06 2.596949843649752e-06 1.951339838629086e-07 3.369244780347887e-06 0.0013118544293923102 0.00026353589524532066 2.9402735693976512e-06 2.215367598230809e-05 5.682404161247142e-06 1.143967254148075e-06 6.806581797263092e-07 0.0019465613348855965 6.661883654082867e-08 4.9050916295702875e-08 4.355553380993928e-05 3.3145172567073404e-06 1.0826296501683578e-05 1.3094204350141559e-06 1.5163917575678311e-05 6.135745509444237e-08 1.5177590585454097e-05 2.0117830706979093e-05 6.001386553990029e-08 1.1833968715344272e-05 1.1015657134789833e-05 8.790925750956277e-05 0.0026283098580295807 0.0013655255028743633 2.1952495976396428e-07 2.0250403787351228e-06 5.0487879133529205e-05 0.0001426699243164529 1.772976285517167e-06 2.11254732299896e-05 4.755761599912159e-06 8.983630712871487e-05 1.2637641379044613e-05 1.141893759706026e-06 2.009526639303104e-06 6.992047793880755e-08 2.1411998419598247e-07 0.0 6.102466517140018e-08 0.0 1.8059615785060412e-07 0.0 0.0 3.039493183048672e-07 0.0 4.4859688786028697e-07 5.988791094422712e-08 0.0 0.0 0.0 5.855851198134756e-08 0.0 1.26416833446572e-07 0.0 0.0 3.760956844246367e-08 5.090915453117411e-08 5.321956980540335e-08 0.0 8.009862138635715e-08 1.7965132633925513e-06 0.0 1.055751211417896e-07 8.149691442272814e-07 1.8383550005312483e-06 3.6577912428601024e-07 1.4924537766186819e-07 4.619490863129749e-08 0.0 0.0 0.0 0.0 4.5522888625726076e-07 1.1698762043276206e-07 1.5993262570910678e-07 0.0 6.584734137411158e-07 0.0 3.751151636961305e-07 5.09309118267384e-08
0.0 0.0 1.064483994352163e-05 0.0 0.0 8.642927721063674e-08 3.7669430014992886e-07 1.45774782805575e-07 0.0002216565832007767 1.139281256470273e-07 6.129043322414684e-05 9.595111586661835e-08 0.0004660126293446969 2.520378696331073e-07 5.78720040344076e-07 3.582172832606407e-05 4.5406276290437894e-06 1.5835117617275098e-05 1.2449257777441322e-05 0.0 1.209921276377293e-06 0.0015988206811862727 2.250033186607556e-06 0.0003978224841415184 0.0008402855194576581 0.00017727389563327824 0.0036356451389807287 1.4261412215566405e-05 5.130246680387005e-07 3.2071115895323784e-07 5.592099759007088e-05 2.0473154999484037e-07 6.324762820484741e-08 9.08819950590893e-06 5.968432712380631e-08 1.2591822932063509e-05 0.00015294257959447621 3.859453232499619e-05 8.298708618137241e-06 1.2842201763589425e-06 0.0 8.944619503186614e-05 0.0 0.0 1.5075187678005582e-05 1.727693934269639e-05 0.0 0.0 0.0 5.687950954090916e-07 0.0 4.21373849407333e-07 0.0 4.117784066262831e-06 0.0 4.438484523849955e-06 0.0 0.0 1.7742435714303392e-06 6.161789564370977e-06 8.131104789041566e-07 2.8418546886894562e-06 0.0 3.4095081868585475e-07 3.173464105194747e-06 3.4103529944414074e-06 1.9535565686002666e-06 1.053193550266003e-05 4.24945141822161e-05 0.0007583978725408854 7.530229649187709e-07 6.211366616393845e-08 1.1896652704691014e-07 8.720585391460675e-07 0.0 0.0 4.09325162764932e-07 9.855555923310342e-07 9.905039974982052e-06 1.1291509754467491e-05 9.500611287554736e-06 2.8195219811526843e-06 2.233885518150806e-07 0.0 1.0608991970631044e-06 0.0
6.202886222923078e-06 1.064483994352163e-05 0.0 1.4278260025736152e-06 0.0 1.0158563992805191e-05 0.001056936562796849 4.646182750798914e-05 9.558467506268298e-07 3.457817333691142e-05 1.618492546836358e-05 3.6349202155106524e-07 1.4543439575870852e-05 3.763137608199242e-05 6.884333870148066e-08 3.228270029235296e-05 0.0024765895439306925 1.1199339887346533e-05 4.918033204598355e-05 4.6304982415773146e-07 0.0006315533506048687 6.43350289885882e-06 0.0038247056773959135 3.822879063131681e-05 2.723403519450146e-06 0.002066222430260414 0.004996975615702923 0.0006998399995431048 1.6281039211956282e-05 5.7511447793242196e-05 7.117246287270919e-06 5.320532764089212e-07 1.0229684103555353e-06 0.0001674955307629285 5.073451089540914e-06 0.0006801525036775167 0.0022698685870614957 0.0008501391298073367 0.00039659822951741583 2.288144536305187e-05 2.583973949711235e-06 8.797492983122224e-06 9.607301715871053e-07 0.0 2.4667862608729366e-05 7.9388019527154e-05 0.0 0.0 0.0 1.394173610757096e-06 5.275214654323511e-08 6.086055915795499e-07 1.3060423852174584e-07 5.852437865257081e-06 0.0 5.4905182192816735e-06 0.0 0.0 3.130556675573668e-06 9.327564697721113e-06 8.346690779812668e-07 3.2809967382767136e-06 0.0 5.666159692970771e-07 8.760238264083025e-06 1.641881052926812e-05 2.050899635654512e-06 2.4177462856765128e-06 3.311495033780559e-05 0.0006433297560513967 2.0334455947060213e-06 1.0468475619949569e-07 2.2368969293133439e-07 1.133272431338677e-06 0.0 0.0 6.982539291641132e-07 2.3057136838229476e-07 2.0709059878776645e-05 0.00016669365876524207 1.4272072718256612e-05 3.906405859900413e-06 4.148283604350001e-07 0.0 4.705602145378327e-06 0.0
2.596949843649752e-06 0.0 1.4278260025736152e-06 0.0 4.985325122014371e-07 1.9911969312712987e-05 2.3028453458156506e-05 2.1886657985018623e-05 0.0008931145708487176 0.0010695278589646416 1.0994240304638966e-06 0.0012182431682319127 1.1080840747299636e-07 1.6892716309154546e-05 3.2792160216882506e-05 0.0 6.544762600991367e-07 7.079479486105843e-07 4.899223163169855e-07 0.0022189479172681 4.4545028733884766e-08 0.0 5.717489424083462e-07 0.0018878237517716524 1.9532818384233508e-07 3.5896451529571386e-06 1.6012684623709021e-06 0.0024943211879538715 3.275726957305501e-05 5.565756462295412e-07 5.346205728194462e-07 8.554549344733811e-07 2.1233145109763177e-06 9.678382627227036e-06 1.1727034238666918e-06 0.00011900131720426515 1.8903568709117217e-06 3.67380014691196e-05 5.479772101633417e-06 0.00018321447490568347 3.3995601026368175e-06 0.0 1.1697862056774322e-06 9.17975683666456e-07 0.0 6.019178783894167e-08 3.2326395013743166e-05 0.0 3.074378508426145e-07 1.560371155845238e-05 7.193926527281205e-07 0.0001112647147394626 4.667400100394136e-05 1.2571173993426558e-07 2.6240759646325278e-05 8.881970292473926e-08 2.7719053017514505e-06 7.146730883782171e-08 2.563922780682523e-07 0.0 2.2621809616147373e-07 0.0 1.8066759293446967e-05 2.0208293770670834e-07 1.4610331796859573e-07 1.26485127179871e-07 0.00010011071246689431 0.0 1.2531030977284687e-07 1.2727820477796208e-07 0.00012173886913039917 4.236791521200175e-06 1.1878011577638274e-06 0.0 0.0 0.0 9.368055431708258e-07 2.471192421453059e-07 3.503385626166495e-05 0.0 7.96944782110554e-06 1.4301953035653764e-06 1.9899439342605316e-05 7.197331705202172e-07 4.48446750433507e-08 1.5874587805168157e-07
1.951339838629086e-07 0.0 0.0 4.985325122014371e-07 0.0 0.00012200531118387115 2.0435788576877764e-06 5.3855046374189724e-05 1.0242762655666777e-05 4.536085463206182e-06 8.185818613644162e-06 3.221206926949057e-05 9.672087681571383e-06 3.2535384361722584e-05 0.0005803855459403374 0.0 2.9680516525769655e-07 1.6617801670663435e-06 1.022069507689297e-06 1.7346031286703597e-06 0.0 0.0 2.797663179746332e-07 1.9126245241347567e-06 1.8023935431986504e-07 1.8199387512446843e-06 8.488923176744848e-07 7.718500201494903e-07 0.00031070598986130066 1.6532239131583761e-07 8.788989804928045e-07 0.0001676943466211041 0.0 0.00014495354360362074 2.1437996776146047e-07 8.940448334694713e-06 2.5442682672975924e-06 5.640687832354253e-05 1.7334941117717283e-05 0.001004842256151316 4.927071931773328e-05 2.260725237376334e-06 0.0 0.0 0.0 0.0 0.0 0.0 0.0 0.0 0.0 0.0 0.0 1.2260128069823584e-07 0.0 0.0 0.0 0.0 0.0 0.0 0.0 0.0 0.0 0.0 0.0 0.0 0.0 0.0 1.2664403602006645e-07 0.0 0.0 0.0 0.0 0.0 0.0 0.0 0.0 0.0 4.998030818545881e-07 1.5660229288488472e-07 0.0 0.0 0.0 1.239043895956419e-07 9.153462661479667e-08 0.0
3.369244780347887e-06 8.642927721063674e-08 1.0158563992805191e-05 1.9911969312712987e-05 0.00012200531118387115 0.0 0.0014728209991970928 0.0029102482016610965 2.9924084977278865e-06 0.007211049223184479 2.0060609648189114e-05 0.0014842330411033778 2.495179922812739e-05 0.00021767787803305603 0.00029255752977951327 6.518518387003688e-08 2.206782839848175e-05 4.810432659341589e-06 5.200173850708764e-06 0.00014305367174357195 3.3063812852544855e-06 0.0 1.96585283513511e-05 4.436996389299418e-06 2.6174406913596584e-07 1.8122687723103577e-05 8.266443999301775e-06 3.189186766639945e-05 0.00012875619526140776 2.216081803617915e-05 2.881896468940893e-06 0.00037760092989349767 6.285144034292103e-07 9.51578288908196e-05 4.742119034233651e-06 0.00010357710765344421 1.377408056863616e-05 0.00018375253471867878 7.702024273467544e-05 0.0004992742120089671 9.754378693767617e-05 1.0550273107381385e-05 3.942628892304368e-06 0.0 0.0 5.560211454355699e-08 0.0 0.0 0.0 3.195088346838401e-07 0.0 4.820250908916603e-07 2.3324976399057701e-07 9.864055531696392e-07 3.1049242525624875e-06 1.3505963707046835e-07 0.0 0.0 0.0 0.0 9.686256926909445e-08 0.0 0.0 1.1079264552109865e-07 0.0 0.0 1.3425246598271908e-06 0.0 6.350277278662676e-08 4.0381154576776586e-07 1.3429642498675518e-06 9.913017907886536e-08 1.5122086354565805e-07 5.108919615196859e-08 0.0 0.0 0.0 7.126172495786052e-07 2.493235390308105e-06 1.6255766517623358e-06 2.1475517756133404e-06 2.5452326997147673e-07 1.3480520161535925e-07 0.0 8.689512911256974e-07 0.0
0.0013118544293923102 3.7669430014992886e-07 0.001056936562796849 2.3028453458156506e-05 2.0435788576877764e-06 0.0014728209991970928 0.0 0.002905813301244749 0.0005882967875564847 0.002973909489660165 3.377911257923922e-05 0.00010145620979176682 8.442883075300618e-06 0.005447513381220929 1.850309702909243e-05 5.348890501913647e-06 0.0006317810218446114 2.0706258582652325e-05 5.5530562542431635e-05 2.834768741645788e-05 0.0003804513979228066 3.6629553248748995e-06 0.0012524067120499253 0.0005412283115820597 3.850468868345091e-06 0.0008257942459593118 0.0004010267557552899 0.006173973671614059 0.0012780477912817292 0.0037554263007441024 4.5401517365528665e-06 2.1687076769651092e-05 7.63000330914697e-05 0.00040933379859614847 7.040290458073448e-05 0.001971421676246042 0.00010936564899325822 0.0011764425885835554 0.00021629414948344267 0.00041549202045358604 0.00010630616652658475 3.3577642975665344e-06 2.5779673921733324e-05 5.4862194289405994e-06 7.573082697657264e-07 2.4222642082460816e-06 1.6207130041546e-05 0.0 8.807704382998957e-07 4.720327223540341e-05 5.422111263434024e-06 7.58963108110507e-05 4.044028930655618e-05 1.8501577975007426e-06 2.4665917969855738e-06 2.495841547665985e-06 1.2570207800280094e-05 2.3283113750740497e-07 1.3374128517295512e-05 1.670937736215905e-07 4.6088014232364385e-07 2.470049518775325e-07 1.366505863658543e-05 1.0270718403280888e-05 2.6056400983236226e-06 2.8011233311007548e-06 0.00030888175648583404 4.2476232256025744e-08 2.5678471601999686e-06 1.9266432283273293e-05 0.00039533929452166 3.4916201594783214e-05 1.833422274315921e-05 8.319312124317759e-08 2.746334939411302e-07 1.8840759707990947e-06 8.064804483336926e-06 3.136287365914505e-06 0.00011889682679309374 4.374705429380533e-06 4.4435962557970596e-05 1.2608767384916855e-05 3.064308193329586e-05 5.947529124744742e-06 4.987766975528581e-07 7.379393813220093e-07
0.00026353589524532066 1.45774782805575e-07 4.646182750798914e-05 2.1886657985018623e-05 5.3855046374189724e-05 0.0029102482016610965 0.002905813301244749 0.0 4.876320096188122e-06 0.002814482889347478 4.393356369376481e-05 0.0007077898728532067 3.4483952296722004e-05 0.002842397659476609 0.000211323773533288 1.759384446570354e-07 0.0001768707505134736 1.4515600068622856e-05 2.840316852417594e-05 0.0001858656682396281 2.7759878225600535e-05 2.860915183585066e-07 9.47396365744805e-05 1.4176356653706408e-05 9.54678964049576e-07 7.940611793055626e-05 4.36815958725506e-05 0.00011062280603922834 0.0004814213204681944 0.0005324368789566266 4.083832733234387e-06 0.0007742838087016136 9.266038768634683e-06 0.00024125246735848626 6.178060205868083e-06 0.00013675684354194986 3.033706116331725e-05 0.0003345494172422312 9.527175704869969e-05 0.0004449520114378309 7.520784937324112e-05 1.457918219107223e-05 7.0456504693697595e-06 4.7497135149494564e-08 1.4696254983258868e-07 1.7522533720752944e-07 8.073590868995032e-08 0.0 0.0 4.664160444322482e-07 6.955545498529977e-08 8.825357930289515e-07 5.26865942291772e-07 3.2997135404267254e-07 8.813513178001738e-07 2.0169182211503863e-07 1.6868226974161022e-07 0.0 4.3645617994503544e-07 6.833737682226198e-08 2.0433289993229932e-07 3.7965413040546394e-08 4.4849868590384465e-08 4.402511760781921e-07 1.7651912270087332e-07 1.9590874907056642e-07 4.1523479759478876e-06 0.0 5.342647282213633e-07 2.418111659164227e-06 6.026106830588578e-06 4.673823745690919e-07 2.0470422847239195e-07 0.0 0.0 0.0 7.780306553917253e-08 1.2687465529479028e-07 2.373041328732844e-06 2.099461754159719e-06 2.4948757775780455e-06 1.4294364211834806e-06 2.7293664246007145e-07 2.153023159282339e-07 1.6136979983847696e-06 0.0
2.9402735693976512e-06 0.0002216565832007767 9.558467506268298e-07 0.0008931145708487176 1.0242762655666777e-05 2.9924084977278865e-06 0.0005882967875564847 4.876320096188122e-06 0.0 0.00017767324248126797 4.896958502682371e-06 0.00012101443799165944 4.074175753166137e-05 7.526542827104795e-06 0.00027716171038085803 2.5787359569546673e-05 1.020023572488296e-06 4.036109322211025e-06 2.017247348595342e-06 0.00022727138501917003 1.5298802908607413e-05 0.0008685154661853342 2.1641760779207145e-06 0.006346851650185288 8.04107313827327e-05 1.721644687306188e-05 0.00018985675287539342 0.0020030345842462 2.739896986275208e-05 5.121125525294874e-05 1.0532850425142411e-05 6.393782522212413e-07 4.754459635287335e-06 7.920010265580272e-06 2.0582897992484536e-06 8.186367209346953e-05 7.361100347604828e-06 2.781044869559322e-05 6.830123336112283e-06 0.00017061314998648164 4.972215037940896e-06 1.0986387290844053e-06 2.1693396804691834e-07 4.935212232122175e-06 4.354818076670905e-07 3.2966874632353256e-07 3.7443788068134466e-05 0.0 1.3788560556504423e-06 3.637739054461802e-05 3.864186742470154e-06 8.901442792382417e-05 6.649527569087172e-05 1.0452405157659038e-06 2.173956754660854e-05 5.240758108833807e-07 9.623740972379653e-06 2.2401850610424283e-07 3.6477593229436084e-05 1.4509741775772666e-07 3.7512520025599173e-07 3.9808438494376506e-07 2.916942921596883e-05 1.5468948602252577e-05 1.84727269791469e-05 2.7327455622621906e-06 0.0005083676082207468 2.8110319097145206e-07 1.1640268279394809e-06 4.977330742206093e-06 0.00041455571757243793 2.9043553176220023e-05 1.4522346715880067e-05 2.3923782702142413e-07 4.033937976346739e-08 1.7948269118211672e-06 4.29224289797676e-06 2.1015216946124576e-06 5.4756210114991075e-05 3.999684780987985e-07 2.8769071681163184e-05 7.3282902290491514e-06 2.791869446029947e-05 3.930409809775539e-06 0.0 8.200566808529802e-07
2.215367598230809e-05 1.139281256470273e-07 3.457817333691142e-05 0.0010695278589646416 4.536085463206182e-06 0.007211049223184479 0.002973909489660165 0.002814482889347478 0.00017767324248126797 0.0 3.430418824664026e-05 0.004102888664480844 8.993033546373168e-06 0.0007067246846303961 2.4338136898582747e-05 6.872257765284125e-08 4.2939940697694975e-05 1.851973564286533e-05 1.859802510886336e-05 0.002497946105411897 7.375286885963734e-06 0.0 4.5469950837073005e-05 0.0005132378443082597 4.823625868371505e-07 5.887379531554334e-05 2.3743414786380535e-05 0.0015623541862807796 0.00044282420188369295 2.8524318810833e-05 5.4769590122490796e-06 4.2862695672539435e-05 4.993098093136379e-06 0.00015501678325989494 1.1912275401838828e-05 0.0006564936672913299 1.7482306830236674e-05 0.0004670799041485598 3.8306159191576176e-05 0.0002444485009308848 4.172300797568607e-05 1.5619755279415007e-06 1.1153925453198417e-05 1.8818511825702974e-06 0.0 1.087977916151277e-07 2.9389374635469575e-05 0.0 1.8808514630430196e-06 2.9697795315731506e-05 1.4575971184926792e-06 8.767492330555345e-05 6.184621070801773e-05 5.788275052676483e-07 2.3817051353993915e-05 8.68385561149738e-08 4.0593945762349875e-06 6.973918325895374e-08 3.164399842610127e-07 0.0 0.0 0.0 2.2447087327758933e-05 1.0769246056352981e-07 1.8069657985701973e-07 4.208803375361317e-08 0.00015638335290627417 6.588476150500489e-08 6.507340979320415e-07 1.2321844733838666e-06 0.0002050017247097937 1.0049089222938585e-05 1.8235839766017827e-06 4.5897550866994616e-08 3.1891965920734565e-07 1.6937364809945356e-07 1.2300131758691269e-06 0.0 6.713125179507687e-05 5.364142805279252e-07 1.3143445634715194e-05 3.029347018796473e-06 2.7045657326348466e-05 1.1406104257728104e-06 2.3342920930030786e-07 8.60641978493256e-08
5.682404161247142e-06 6.129043322414684e-05 1.618492546836358e-05 1.0994240304638966e-06 8.185818613644162e-06 2.0060609648189114e-05 3.377911257923922e-05 4.393356369376481e-05 4.896958502682371e-06 3.430418824664026e-05 0.0 2.8607237669278198e-05 0.0014167821955597274 0.0002331956034942919 1.7925789117813056e-06 4.395282871126785e-06 0.00026409699067557723 0.001960920725251587 0.0007204502404406243 9.227957538286546e-06 1.3843555376579231e-05 2.7762672732642812e-05 3.1685020876158975e-05 1.0596958489920764e-05 0.0004879936494941705 0.0014446189291554509 0.00025187637776275337 1.4056120721424569e-05 0.0003163866682741549 2.078562585269393e-05 0.00040611436218564536 0.0001282485841328503 3.5916549186688287e-06 0.003450932681471468 2.271548944763875e-05 0.0005664692509003632 0.003248101135693558 0.0028881853331987456 0.0011152948971832703 3.0491110571985358e-05 1.1373192004786263e-05 0.0013525298279763113 1.4035554726433264e-05 2.4519505512950203e-07 4.745196462671711e-06 9.570367497912034e-07 0.0 0.0 4.696324334937743e-08 1.373258890638309e-07 4.4075293960519265e-07 2.7958635693641493e-07 1.000534217122342e-07 0.00017200469601297383 0.0 0.00027019076125294264 2.5165175419028856e-07 0.0 1.8344411007778324e-06 2.6231078221935454e-07 5.443908012227605e-06 3.4519563320576513e-06 2.0185867236811505e-07 6.410893909930541e-07 3.5028961402007984e-07 1.0841047347735972e-06 1.5567140618834096e-06 8.298966470696493e-05 4.208442514900781e-05 6.370025936268427e-05 9.728067921795334e-07 1.1275022192733607e-07 1.241146335659827e-07 3.7664196462739175e-05 0.0 0.0 2.898041744095131e-06 5.346218540824071e-06 3.3373725233136315e-05 8.232377259936878e-05 1.508741699049245e-05 4.871918345489481e-06 2.705057481762194e-07 0.0 8.053283343019685e-05 4.82985014713699e-07
1.143967254148075e-06 9.595111586661835e-08 3.6349202155106524e-07 0.0012182431682319127 3.221206926949057e-05 0.0014842330411033778 0.00010145620979176682 0.0007077898728532067 0.00012101443799165944 0.004102888664480844 2.8607237669278198e-05 0.0 1.3078285113142589e-05 0.00035475273867309807 0.0011964577593448135 0.0 1.108565019748412e-06 1.0794090857206479e-05 9.553053106568032e-06 0.003447782159145125 1.4688181817865876e-07 2.2463253969383243e-06 4.369942096604386e-07 0.00018874360756216153 7.25566643936951e-07 1.3048307895197598e-05 8.14006491476301e-06 0.0009176783067718495 0.00019706639232410384 3.263392120726403e-06 3.836134525424987e-06 5.0590388462356935e-05 2.233977704617938e-07 7.830257532462463e-05 8.837400956005941e-07 0.000619971609712435 1.2082927786635529e-05 0.00023043144301616866 2.081710287757562e-05 0.0015281759779488583 2.0548412820034647e-05 1.8214817302965582e-06 2.2658924339076997e-06 1.6526484729819892e-07 6.013050881889774e-08 9.632133639628878e-08 4.6604204808509775e-05 0.0 5.869733440569547e-07 7.864847185057303e-06 9.344791241969702e-07 4.183032353542437e-05 3.055583907022151e-05 0.0 8.08916393331962e-05 6.828522377896862e-08 1.1297849221996468e-06 2.624486831819441e-07 4.967210924427171e-07 0.0 0.0 0.0 2.735607914192817e-05 1.8293173906336939e-07 1.5335821565018863e-07 4.863734153423049e-07 5.191111345630129e-05 1.481582461850969e-07 1.6872734763471642e-07 6.012819891935201e-07 6.608135936403379e-05 1.7881809081724556e-06 5.609901249460876e-07 1.3937943126002212e-07 0.0 0.0 2.15802698269879e-06 0.0 4.8557854264645584e-05 9.14468153786378e-07 2.523277827761113e-06 8.504292006544713e-07 2.093246133186217e-05 4.108954794557691e-07 3.7038429763992003e-07 6.928412539309786e-08
6.806581797263092e-07 0.0004660126293446969 1.4543439575870852e-05 1.1080840747299636e-07 9.672087681571383e-06 2.495179922812739e-05 8.442883075300618e-06 3.4483952296722004e-05 4.074175753166137e-05 8.993033546373168e-06 0.0014167821955597274 1.3078285113142589e-05 0.0 7.046367906521085e-05 2.0708669544835962e-06 1.4092248041873687e-05 4.3005516062398805e-06 2.8325708027255424e-05 7.132736623508252e-06 2.439406700838607e-06 7.094978448707957e-06 0.0001893035578092535 9.167429467269887e-06 6.833077782242995e-05 0.0032935277834042985 0.00014759531514419222 0.002311758386005657 1.590060016293857e-05 5.9633362544579295e-05 8.269088908820532e-06 0.0008765450007629485 5.406345730043744e-05 1.2968111676224125e-07 0.00040718266854116776 3.235460615171592e-05 0.0007421379977543059 0.0027879854802780406 0.00217677842944582 0.0003742561766540913 3.860554399446594e-05 4.208155262997355e-05 0.0008058664593102965 2.8437741265711345e-05 0.0 3.439973197326396e-05 1.6007817798730308e-06 1.5275249254167884e-07 0.0 4.966217018932764e-07 2.3274119123589064e-07 6.746779815548956e-07 9.565823043529265e-07 6.559789559211856e-08 0.00047455142121792423 0.0 0.0006575619108609382 2.91163244682762e-07 0.0 9.93814432872721e-06 4.5587766463621494e-07 1.0097742016987618e-05 6.880641403255691e-06 0.0 3.98446949322874e-06 1.586271883781625e-06 4.27301884865544e-06 1.8596991653440572e-06 0.000351212710835248 0.00011368450073936522 0.0001929358575357951 1.358090884705629e-06 3.8787427841738004e-07 2.6826971263435397e-06 0.00010175879686363622 1.6051431909340444e-07 5.866432093297972e-08 4.693913654793122e-06 4.249923245724478e-06 0.00010659017936904155 0.0002621852107575689 7.802410610408724e-05 1.595007157523321e-05 7.665886842322594e-06 3.6962400989789586e-06 0.000201591077673561 3.7607391101255723e-06
0.0019465613348855965 2.520378696331073e-07 3.763137608199242e-05 1.6892716309154546e-05 3.2535384361722584e-05 0.00021767787803305603 0.005447513381220929 0.002842397659476609 7.526542827104795e-06 0.0007067246846303961 0.0002331956034942919 0.00035475273867309807 7.046367906521085e-05 0.0 7.73468272111002e-05 2.374144729831743e-07 0.0002005575493678616 7.352504019578821e-05 7.301867793196703e-05 0.00012145328404129884 4.228166231796295e-05 2.719841201476534e-07 0.00010136676480028412 3.736304553555676e-05 3.3608993344882944e-06 0.00012962024041735952 7.432134111908614e-05 0.00019367423116050352 0.002984293435853982 0.0012162717500880727 2.3773528877860266e-05 0.00017689469985656601 2.406765247658531e-05 0.001050649531977944 7.816478629929172e-06 0.0001940322950591416 5.90335571988609e-05 0.0009023769873177383 0.0001261930875634103 0.00026279263184168664 0.00011998106201926206 1.597442673620829e-05 6.5143418001393645e-06 1.3588776808919083e-07 4.791874882876507e-07 3.014492640250224e-07 1.470665053849691e-07 0.0 0.0 2.4365901907239077e-06 1.280230174420598e-07 1.7630181768229617e-06 3.109728271481339e-07 8.739759209633142e-07 3.960566170845599e-07 5.279804114075069e-07 0.0 0.0 3.078242845866091e-07 4.800909640150866e-08 1.0180313133412771e-07 5.631293344789986e-08 0.0 2.9725917957919106e-07 0.0 4.7661688799150314e-08 8.430045299897646e-06 5.3890834752236106e-08 1.8593358829741947e-06 3.755544426877477e-06 1.3376878973872527e-05 1.491490170172912e-06 2.682549841539956e-07 2.870233631818809e-07 0.0 0.0 2.6648386374161533e-07 2.2075382390482162e-07 3.7849293024507293e-06 2.312094578854337e-06 2.4466835895052347e-06 1.1436517088963323e-06 6.949125081774107e-07 2.3061241714659274e-07 2.591113110667812e-06 0.0
6.661883654082867e-08 5.78720040344076e-07 6.884333870148066e-08 3.2792160216882506e-05 0.0005803855459403374 0.00029255752977951327 1.850309702909243e-05 0.000211323773533288 0.00027716171038085803 2.4338136898582747e-05 1.7925789117813056e-06 0.0011964577593448135 2.0708669544835962e-06 7.73468272111002e-05 0.0 0.0 2.6685408830041447e-07 5.078526164071209e-07 5.774750596879856e-07 6.733552049487075e-05 0.0 6.4779561762714875e-06 0.0 0.00022861639855647375 8.690355805003653e-07 6.063572047433231e-07 1.3380221929957306e-06 4.687111236334947e-05 1.854981479776917e-05 1.8475262324565977e-07 2.5704990038494047e-07 0.00020210058873579339 0.0 1.9808378368285827e-05 0.0 7.975215056047582e-05 5.846283951197105e-07 2.182258303967908e-05 2.8559531422343557e-06 0.0005144692483071604 3.206476828492548e-05 1.946511290374049e-07 2.3755660453101237e-07 0.0 0.0 0.0 5.5206268754666444e-08 0.0 0.0 2.3057315731548562e-07 0.0 9.301065363326426e-07 9.251241881727398e-07 0.0 5.476192804911008e-06 0.0 1.405950435962293e-07 0.0 2.2796449383948695e-07 0.0 0.0 0.0 5.931790767425359e-07 4.1635875248847684e-07 2.8796493029306946e-07 6.779299317072827e-08 1.5803932720348525e-06 0.0 1.4382910038757936e-07 0.0 3.369063106929926e-06 1.0759270336336759e-07 0.0 0.0 0.0 0.0 0.0 0.0 4.1763079519112015e-06 0.0 5.498451638371086e-07 5.53212399452085e-08 3.692685819117319e-06 0.0 6.433174992239893e-08 0.0
4.9050916295702875e-08 3.582172832606407e-05 3.228270029235296e-05 0.0 0.0 6.518518387003688e-08 5.348890501913647e-06 1.759384446570354e-07 2.5787359569546673e-05 6.872257765284125e-08 4.395282871126785e-06 0.0 1.4092248041873687e-05 2.374144729831743e-07 0.0 0.0 4.196555810920943e-06 5.16940586385649e-07 6.2603159422357755e-06 0.0 0.0021145623646694847 0.001887576902755118 0.0029656550617357374 0.0011278453588800096 1.4952931588888857e-05 4.907489605065951e-05 0.003805362026532672 0.0015086576337586055 5.102287145391814e-07 5.644019769980475e-05 2.6819144318103874e-06 6.776769830007039e-08 4.921296140976263e-07 2.145966643412963e-05 2.4778851400299108e-05 0.0009706584946887308 0.0006067583057732677 0.00026200184021011615 0.00045584281800256144 8.571691635869898e-06 2.7633978808846383e-06 2.316452036534164e-05 4.8154279450340945e-06 7.782308305691743e-07 5.361523013349485e-06 1.5840697126644796e-05 0.0 0.0 0.0 1.1822435749131066e-06 3.7263106879549494e-07 1.0738280106314973e-05 4.885226009981451e-08 6.041272294140983e-06 0.0 8.713170972511303e-06 1.0005521910659556e-06 0.0 0.001433838085296144 1.5194450958447472e-06 3.5489445698542737e-07 7.056633963141751e-07 0.0 0.00014921376399311208 0.000360178456429874 0.0004356816420366502 0.00024600974657811356 1.497945934475815e-06 1.4116022782669175e-05 0.0005860804681615877 0.00016049224457647082 5.091705408140676e-06 4.693102005328702e-05 1.1441303210492007e-06 0.0 6.26560815860493e-07 1.384169880237396e-06 5.767554774284852e-07 0.00027241516368056923 2.078280204985609e-05 1.1153833899304504e-05 7.831941656731447e-06 5.5838192925194335e-06 5.320925563856724e-07 6.828930705926797e-06 2.902587939061546e-07
4.355553380993928e-05 4.5406276290437894e-06 0.0024765895439306925 6.544762600991367e-07 2.9680516525769655e-07 2.206782839848175e-05 0.0006317810218446114 0.0001768707505134736 1.020023572488296e-06 4.2939940697694975e-05 0.00026409699067557723 1.108565019748412e-06 4.3005516062398805e-06 0.0002005575493678616 2.6685408830041447e-07 4.196555810920943e-06 0.0 0.00015262870129807845 0.0015277584602738754 5.513024392901027e-07 0.00020466901130393672 2.6456955977586505e-06 0.0028823372389116253 4.8303011960196815e-06 1.2691304805737787e-06 0.0014180063503178432 0.002356659688975716 0.00011367206843533982 0.00012524542053654605 0.0006555692594218223 2.8685718418166395e-06 4.000369007642194e-06 1.185198737422917e-05 0.0020183404391858535 3.1985353471163937e-06 0.00024960116134861807 0.0012475028214351573 0.0012395102525873181 0.00021640558074185074 8.686778526874776e-06 2.3695625265411685e-06 3.4338579447718954e-06 3.807438566411877e-07 7.038149085704193e-08 5.623697034849701e-06 1.0337978701302758e-05 0.0 0.0 0.0 3.616423693890843e-07 0.0 7.311222162523971e-07 0.0 1.1836448253300227e-06 0.0 1.6981369584884736e-06 3.427005323368771e-07 0.0 1.643576156168881e-06 5.258042668508109e-06 5.324922741673476e-07 2.8816172704601285e-06 0.0 4.749417011360461e-07 1.0387434810966185e-06 1.3116264595900934e-06 3.6260396086753675e-06 7.614524019975003e-07 2.905086235432492e-05 0.0001282993934455696 3.842215504195281e-06 6.454826321716524e-07 5.446192991611665e-07 4.95447940118e-07 0.0 0.0 2.7830363945990714e-07 3.211093819281252e-07 6.144739338828164e-06 3.914184604361091e-05 4.74665362127997e-06 6.047098793135751e-07 1.6490167774394292e-07 0.0 3.681063087943392e-07 0.0
3.3145172567073404e-06 1.5835117617275098e-05 1.1199339887346533e-05 7.079479486105843e-07 1.6617801670663435e-06 4.810432659341589e-06 2.0706258582652325e-05 1.4515600068622856e-05 4.036109322211025e-06 1.851973564286533e-05 0.001960920725251587 1.0794090857206479e-05 2.8325708027255424e-05 7.352504019578821e-05 5.078526164071209e-07 5.16940586385649e-07 0.00015262870129807845 0.0 0.0009749886046043941 4.721849691909104e-06 4.657561541189538e-06 1.5442321983649716e-05 1.5602988809297636e-05 7.596101811606932e-06 5.895565999675627e-05 0.0013011148375366311 0.00040000043693899043 7.315288460045427e-06 0.00012791922047618922 1.1786901190083082e-05 0.0001340756317740871 3.1857019509735234e-05 1.203311007071982e-06 0.000970937110754897 7.019952875200107e-06 0.0005588857198255893 0.0011830424561448864 0.0008669276731966409 0.0002554583978015284 1.9662149111838073e-05 1.570024490357743e-06 5.710297123752858e-05 2.9206980873742935e-06 1.0952503324849284e-07 8.97045693955312e-06 4.6770028491944543e-07 0.0 0.0 0.0 2.9497457490410716e-07 0.0 3.4826584708578125e-07 0.0 3.752682747005535e-05 0.0 9.932423124164329e-05 1.1190564400481852e-07 0.0 3.3982670786488185e-07 8.752871807882995e-07 1.7398750386332344e-05 1.2514708980511791e-05 0.0 0.0 5.953558135811666e-07 5.38678888636734e-08 6.416656450534605e-07 1.119459527793196e-05 0.0001292499174470892 0.0001971270623695323 3.789452615994642e-07 2.0051353159898182e-07 6.893753973301642e-08 4.953711133748372e-05 6.57469693288932e-08 0.0 8.730667279020996e-07 4.778817443400042e-07 1.1064757206456992e-05 1.742892486639465e-05 5.046654530343179e-06 1.00573436789823e-06 0.0 0.0 3.4108258812022395e-06 0.0
1.0826296501683578e-05 1.2449257777441322e-05 4.918033204598355e-05 4.899223163169855e-07 1.022069507689297e-06 5.200173850708764e-06 5.5530562542431635e-05 2.840316852417594e-05 2.017247348595342e-06 1.859802510886336e-05 0.0007204502404406243 9.553053106568032e-06 7.132736623508252e-06 7.301867793196703e-05 5.774750596879856e-07 6.2603159422357755e-06 0.0015277584602738754 0.0009749886046043941 0.0 4.737240174247186e-06 1.5265098311368924e-05 1.2601256170177002e-05 9.613443183549229e-05 9.696502473652828e-06 2.0628741903559715e-05 0.0031258303271620175 0.0011140513596644204 1.7309445080716257e-05 0.00011828812470790834 4.807932883877457e-05 9.179249412211588e-06 1.6191811418720207e-05 3.7071653758687993e-06 0.001997145820492939 4.361222638804913e-06 0.0008997409620078577 0.001264867976856846 0.0015544383978491802 0.0002623993915936973 3.502226067876093e-05 2.4165885558047643e-06 4.424246356234503e-06 1.295780669580169e-06 1.0996512290082623e-07 1.4158551095444175e-05 4.503179185462366e-06 0.0 0.0 0.0 4.959413311153371e-07 1.1024679123754994e-07 5.539566762420512e-07 0.0 1.1004635694682727e-05 5.5961097832981294e-08 2.943142753119085e-05 2.0258024501724701e-07 0.0 5.280084219109815e-07 9.301134515264165e-06 1.1614273956004947e-05 3.6768995683496194e-05 0.0 2.157128881829184e-07 1.0448907390358061e-06 1.734630639561862e-06 1.191768487794369e-06 7.642502693332035e-06 0.00021902737273921637 0.00037914481886166103 8.179100134026452e-07 3.746085571563025e-07 1.0340059629487455e-06 1.8638486949967826e-05 0.0 0.0 2.326073786303028e-06 7.897279093320884e-07 1.1988132603649206e-05 5.63258453592729e-05 1.0233025371435162e-05 2.782216632080884e-06 2.523558001291049e-07 0.0 9.595550801993219e-07 8.281966935220301e-08
1.3094204350141559e-06 0.0 4.6304982415773146e-07 0.0022189479172681 1.7346031286703597e-06 0.00014305367174357195 2.834768741645788e-05 0.0001858656682396281 0.00022727138501917003 0.002497946105411897 9.227957538286546e-06 0.003447782159145125 2.439406700838607e-06 0.00012145328404129884 6.733552049487075e-05 0.0 5.513024392901027e-07 4.721849691909104e-06 4.737240174247186e-06 0.0 1.4045941909141639e-07 0.0 3.320517060619535e-07 0.00028976785464175555 0.0 4.041095743820153e-06 2.7338294220863696e-06 0.0017676566354546167 9.230408522813916e-05 2.483549981109896e-06 1.8098822955454001e-06 8.336939736106173e-06 9.08267671055634e-07 3.172540213871641e-05 1.721073600200565e-06 0.00026625656447305855 3.308464413343515e-06 9.902784428182479e-05 6.673006890129311e-06 0.0002984506182908507 8.070139509199666e-06 3.3437660202511936e-07 2.0265880980570384e-06 1.2857808674610572e-06 0.0 4.49056438204764e-08 3.215047283065e-05 0.0 6.924785960760814e-07 1.4537913661972561e-05 1.0499572879295431e-06 6.702665772650861e-05 3.7548813966641024e-05 1.3664185983693375e-07 4.382670558922401e-05 0.0 2.317088704157746e-06 8.026929689432406e-07 4.4223352356834236e-07 0.0 2.4842273783907753e-07 0.0 1.3774634839769785e-05 8.940774621603859e-08 0.0 1.2828230396825392e-07 8.305666759603463e-05 0.0 7.591954452042982e-08 3.937653522595561e-07 0.00010868531062764559 4.788233485191777e-06 7.681269318781732e-07 0.0 0.0 2.1428940906236738e-07 8.463032921722969e-07 2.807836931443481e-07 5.813180354525248e-05 0.0 8.322374314590665e-06 1.6937440476984373e-06 2.3976047332158113e-05 1.31110340614647e-06 0.0 2.2767530311927822e-07
1.5163917575678311e-05 1.209921276377293e-06 0.0006315533506048687 4.4545028733884766e-08 0.0 3.3063812852544855e-06 0.0003804513979228066 2.7759878225600535e-05 1.5298802908607413e-05 7.375286885963734e-06 1.3843555376579231e-05 1.4688181817865876e-07 7.094978448707957e-06 4.228166231796295e-05 0.0 0.0021145623646694847 0.00020466901130393672 4.657561541189538e-06 1.5265098311368924e-05 1.4045941909141639e-07 0.0 6.489742709662541e-05 0.006864067937393189 0.0001285054726585682 1.0845412098944769e-05 7.853207195915955e-05 0.0006174655387869197 0.002729095265235176 4.636744430745259e-05 0.004631072221045431 1.557807370014644e-06 1.081929915800279e-06 1.2186809094259378e-05 0.0014878573624094898 0.00014201626070745963 0.0029989319876770728 0.0005818311269074031 0.0035170871446676753 0.002327285315101072 1.9034238751370658e-05 1.4844219504901738e-05 8.094318383702e-06 1.518857394223571e-05 1.0005736260312153e-06 5.714681645090891e-07 3.323961095458724e-06 0.0 0.0 0.0 2.2442805455729724e-06 5.661952154338945e-07 1.1513921528614727e-05 3.65992120151327e-07 2.766718576032751e-06 0.0 2.4234205561266483e-06 1.1157467121886885e-06 0.0 0.00021803193077280043 1.8947140594457443e-07 0.0 7.509560218401635e-07 0.0 8.176449955615949e-05 4.903481934591957e-05 3.229133510621443e-05 0.00013924758557841934 4.687541317631321e-07 2.626361319531396e-06 3.431653759896172e-05 0.0001167725920895345 7.100910764712617e-06 4.431785456171927e-05 7.873681291717012e-07 0.0 5.032312217806292e-07 1.3725230911353557e-06 3.889096605695645e-06 4.709101857942692e-05 5.938119038005386e-06 7.03934580948455e-06 5.098722083581484e-06 3.155848282637221e-06 6.714265471309955e-07 3.064761372815592e-06 7.230467461977258e-08
6.135745509444237e-08 0.0015988206811862727 6.43350289885882e-06 0.0 0.0 0.0 3.6629553248748995e-06 2.860915183585066e-07 0.0008685154661853342 0.0 2.7762672732642812e-05 2.2463253969383243e-06 0.0001893035578092535 2.719841201476534e-07 6.4779561762714875e-06 0.001887576902755118 2.6456955977586505e-06 1.5442321983649716e-05 1.2601256170177002e-05 0.0 6.489742709662541e-05 0.0 0.00017046155563075368 0.0034394423868146216 0.0004803203490427535 9.756600678125677e-05 0.0035135274822565986 0.00020884673287569026 7.574414365019663e-07 2.1120275835137816e-05 4.2049791511219594e-05 1.4246059067135854e-07 8.850099883601052e-08 4.57235960107994e-06 1.1802397279916356e-07 1.8209736881781357e-05 4.530242548734825e-05 2.1095088477753048e-05 6.364660216905333e-06 1.1686267553676825e-05 9.961945230656045e-08 1.0588452567889867e-05 4.845781120988177e-07 2.9209350202938597e-07 1.4658747750659002e-05 9.69666212788185e-06 0.0 0.0 0.0 5.576857316531326e-07 1.206458034681075e-07 8.041621093747491e-06 0.0 1.5785459003597767e-06 0.0 1.69250341850146e-06 2.0676412460471367e-07 0.0 0.0005777711832132901 1.3382771643249709e-06 1.91612980576096e-07 1.3259473331325915e-06 0.0 4.017189541415739e-05 5.925224156551075e-05 0.00019086014388183114 0.00010415436595003149 5.914693199619045e-07 1.8797920954870402e-05 0.0006077883942585971 5.19659176462048e-05 9.896660692498727e-07 1.0286971828310596e-05 8.419835261866451e-07 0.0 9.876824646715343e-08 7.051309308256561e-07 2.7951672150322277e-07 2.140026991573485e-05 1.13093798271402e-05 4.905277803525129e-06 4.996146693157817e-06 3.301662994109285e-07 1.1776276437852787e-07 0.0 8.329843461196634e-08
1.5177590585454097e-05 2.250033186607556e-06 0.0038247056773959135 5.717489424083462e-07 2.797663179746332e-07 1.96585283513511e-05 0.0012524067120499253 9.47396365744805e-05 2.1641760779207145e-06 4.5469950837073005e-05 3.1685020876158975e-05 4.369942096604386e-07 9.167429467269887e-06 0.00010136676480028412 0.0 0.0029656550617357374 0.0028823372389116253 1.5602988809297636e-05 9.613443183549229e-05 3.320517060619535e-07 0.006864067937393189 0.00017046155563075368 0.0 0.00013583936168039753 7.063411066583623e-06 0.0008014905983670652 0.007786842693763567 0.0015954861380312324 4.186847084751409e-05 0.0023723341577815784 1.871464161027073e-06 1.2719513985553935e-06 4.08080800177201e-06 0.0015001686911574308 7.252857964949306e-05 0.005057227751369804 0.0038372825384281 0.004623281232574004 0.004663209743285071 7.730638485486263e-05 2.1492823126258e-05 2.249922682109211e-05 2.2147598935967513e-05 3.682429164065813e-07 4.015662013267019e-06 3.355913556331037e-05 0.0 0.0 0.0 7.796410417685601e-07 0.0 1.4224523212490866e-06 1.0935476629418705e-07 6.7830246415106305e-06 0.0 3.4845093760788524e-06 1.1637262226973587e-07 0.0 0.00045611480512441004 9.409531807446626e-07 5.129392142458074e-07 2.076099817756278e-06 0.0 2.9000263321838113e-05 0.00013002210156259943 0.0002799909643882292 5.708436299219609e-05 8.706566843598298e-07 5.7831025860446365e-06 0.0007431790450952841 3.558924883883166e-05 7.20975294523982e-07 8.937333717397752e-06 7.790001443655549e-08 0.0 1.6136620182645124e-07 5.220700541548548e-07 1.264041553898641e-06 0.0001715520492704667 4.830063107948886e-05 9.997057565208831e-06 1.3621667929080325e-05 0.0 1.0308136036114314e-07 2.519524480732447e-07 0.0
