0.0 0.0 0.00012447674417329424 1.8126243505783702e-06 6.34932042384134e-07 1.9089344468087534e-05 0.0013109627993241279 0.0008473545917800475 2.1958532906525645e-06 1.7411172489655466e-05 1.3949332721430139e-06 9.262983309917387e-07 5.658226776788716e-07 0.0017971807777704526 1.0775781678120806e-07 3.9624261649417196e-07 0.00014639104594442798 1.9397060198188684e-06 4.303402320801225e-06 3.2084436523355424e-06 8.46421977660334e-05 1.0801144520002516e-07 0.00030933739782674986 1.913772429827097e-05 0.0 9.789434368658052e-05 4.3677607562232636e-05 9.58735640306604e-05 0.0016601245038744725 0.0024271795592509656 0.0 8.900197945636842e-07 5.527370441534023e-06 4.821679152549107e-05 1.8679863123273306e-07 3.0168442096134742e-05 3.580288508511962e-05 5.5738802682602833e-05 1.3756116944628342e-05 3.2125191887185794e-06 6.113962523131949e-07 2.4640452333160215e-07 2.7767604769068124e-07 6.151469462784353e-08 0.0 6.168542458671785e-08 1.7550574374260266e-07 0.0 0.0 1.0782044657219576e-06 1.5157738098862518e-07 9.679886947503193e-07 0.0 0.0 0.0 0.0 5.73555261303424e-08 0.0 1.7359918358591319e-06 0.0 0.0 0.0 0.0 9.408385354266359e-07 2.2354687759035103e-07 8.813396263603645e-08 2.3862741182865837e-06 0.0 8.480343216496791e-08 1.8188698975056016e-07 1.9658540475751836e-06 1.9591392408131872e-07 5.229766640191336e-07 0.0 0.0 7.300895453071344e-08 8.816970916491388e-08 0.0 1.0848073069019404e-06 5.951042699215907e-08 5.093052685714132e-07 6.766092813783979e-08 0.0 0.0 0.0 0.0
0.0 0.0 3.4681708016575923e-06 0.0 1.1681789199994371e-07 7.118982618877472e-07 1.117989722229858e-06 3.601975847465046e-07 0.00021201641938045087 0.0 2.6298039478047145e-05 1.7268101180202196e-07 0.00016037513917206104 8.204896902429088e-08 1.1485523292778925e-06 0.00010912792870701838 4.7578650505237085e-06 4.874067604422113e-06 5.906373333524643e-06 0.0 2.0358088838523335e-06 0.0014980518222822074 9.094995598610906e-06 0.00017718399522577993 0.0005711616153344899 8.568291047830149e-05 0.0022737834281260586 1.4550818498414671e-05 1.2542769238250443e-07 4.067130772660856e-07 2.37258245056915e-06 0.0 0.0 7.985879427814434e-06 3.827962639446314e-07 1.628001909691411e-05 5.320979872378263e-05 1.3324083329890636e-05 6.779222515641049e-06 3.000540958198406e-06 8.152975766881505e-08 2.7793480660507513e-05 0.0 0.0 0.0007831889784999036 4.092899008626024e-05 8.962200304475754e-08 1.316624955469014e-07 0.0 3.663662914897778e-07 2.5094255012363905e-07 1.8348357087995642e-05 0.0 2.203799304729502e-06 0.0 1.3554953317362823e-05 3.839799952602518e-07 4.663244875271814e-07 9.881784485843903e-06 4.777775876110352e-06 3.855496896167985e-06 5.160873082438993e-06 0.0 2.027907874754274e-07 0.0006066697583795065 3.5439880461659066e-06 3.777432584886015e-06 0.00022150300799476437 0.00014747717037724093 0.0014299513102929116 1.1235975703459722e-07 7.437461956492642e-07 0.0 2.2674824660763816e-06 0.0 0.0 3.242809483912721e-06 0.0 8.83119791795997e-06 0.00016855176620983586 1.2765219990976706e-05 4.367189899640352e-06 0.0 1.1357832568760267e-07 1.9542387526801148e-06 0.0
0.00012447674417329424 3.4681708016575923e-06 0.0 2.710990716583751e-06 7.783801982081922e-07 4.525680611153735e-05 0.0003213188600263982 0.0002490712037231152 1.2779757427328594e-06 5.2452580664210655e-05 1.9101671704930693e-05 5.840624138032915e-07 4.478762184318765e-06 0.00032894439859529 4.6858946357285945e-07 5.485118620522202e-06 0.0018193162452286543 5.3067659403123364e-05 3.9301270548041464e-05 7.422980741482008e-07 4.294818859516163e-05 2.8967290324945457e-06 0.004289317319096908 1.7425840048413528e-05 6.395436596756857e-07 0.004070576082396052 0.0030404779329984734 0.00014897425880764205 0.00013429675944040285 0.0001722414415569311 1.8615595887409578e-07 5.051800552254925e-07 9.94068470581522e-06 0.0004975377278235632 7.227484001267295e-06 0.0009812661260694372 0.004533914085376074 0.0014502772505298473 0.0005738998099562172 9.757124601175846e-06 3.5499556955627986e-06 1.548326745134069e-06 4.002925816414358e-06 0.0 4.948664240447796e-05 3.586528806433657e-05 3.784578902032047e-07 0.0 0.0 1.0009092269208195e-06 7.494022579201681e-08 2.152915853737405e-07 1.290088176334498e-07 6.157808597922986e-07 0.0 2.5959566762958384e-07 7.64972837371024e-08 0.0 6.129651126440804e-06 2.8421565775302575e-06 1.2652152626406925e-07 7.273583025570994e-07 0.0 1.5659900178446748e-06 2.9019396773523374e-05 1.7579733752262416e-05 8.813009632171941e-07 7.541395191746527e-06 1.1411933886994485e-05 0.0003411470512147152 7.494222736358468e-07 8.348716593505309e-08 0.0 0.0 0.0 0.0 2.0913905233694788e-06 6.883353040947855e-07 2.9623879866797924e-05 9.865579612549078e-05 7.722678757404862e-06 3.6632403073888514e-06 2.9074068834466515e-07 0.0 1.8959330584268628e-07 0.0
1.8126243505783702e-06 0.0 2.710990716583751e-06 0.0 1.6222806871965642e-07 0.0003749812632590278 8.104364062711135e-05 5.2160481949840695e-05 0.0005692677821573367 0.0016030112186385247 1.4099797477079372e-07 0.000805273547635981 1.5896877475230777e-06 2.363469309623795e-05 1.2744282359625852e-05 3.484625349288431e-06 1.1954727675865161e-06 3.4458714940126293e-07 0.0 0.0031502860243322705 1.049939363070671e-06 1.0100417629011267e-06 1.8963028428102655e-06 0.0011421563206263999 1.8882873881078534e-07 4.096354919304474e-06 1.3076152967189157e-05 0.0018912817401050429 3.72005020249925e-05 1.2470083834365454e-06 0.0 9.901110296215563e-07 1.6864129171255589e-06 1.3327952929899677e-05 2.176079262377955e-07 0.0001267757328206528 3.3621794359235143e-06 0.00010084043466511013 2.6368407717394594e-05 5.9791087289887785e-05 2.868262759973179e-06 2.493769943887623e-07 1.3541987612046448e-06 6.970464433211735e-07 0.0 1.1418869024162124e-07 3.7774242567819625e-05 6.813506429964943e-07 4.7673497091675345e-06 2.325278327149374e-05 1.1588131219398396e-05 2.9050302118758384e-05 6.973268115118788e-05 6.773926263652818e-08 3.4700053583490255e-05 0.0 2.1732144539965377e-06 9.279995903082894e-07 2.284648843131609e-06 0.0 0.0 0.0 3.831729061524184e-05 6.269027112590919e-07 2.3523498882188174e-07 1.2549149061958837e-06 0.00017631456371248753 0.0 0.0 9.319565312129345e-07 9.553298556056088e-05 5.75150662824373e-07 3.3048725650408636e-06 0.0 1.290461349931731e-07 1.647824422177689e-07 1.1422288439353952e-06 0.0 2.148440288850996e-05 2.3352800429949713e-07 1.010375145417626e-05 2.9124694732213155e-06 7.676740269313042e-05 2.9613093362961525e-07 0.0 1.5400445417494704e-07
6.34932042384134e-07 1.1681789199994371e-07 7.783801982081922e-07 1.6222806871965642e-07 0.0 7.693760057693993e-05 5.501950469119575e-06 0.00016251903548611724 1.2115515400721862e-06 6.570867822804663e-06 2.673426399296563e-05 1.9136721856138187e-06 9.506461334874521e-06 4.8806634074697356e-05 0.00033080266342259344 0.0 4.177531915175156e-07 4.790023432671375e-06 3.1262802377068988e-06 3.2147553406933773e-06 1.1270609823043297e-06 0.0 7.924310100679982e-07 2.7128909133001833e-06 4.427246579683466e-07 7.0189423795602415e-06 3.7669523390531874e-06 2.7165852779014216e-06 0.0001100581809992872 2.0226170734140504e-06 9.723197319465344e-07 7.801006185103994e-05 5.340153424681572e-07 0.00023377013670304163 0.0 1.2702127849109412e-05 5.022414997115704e-06 0.00045734263431044023 2.145275515241376e-05 0.0002608709739545881 4.0059604671677086e-05 4.620304805302084e-06 1.4399070729539213e-06 0.0 0.0 0.0 0.0 0.0 0.0 0.0 9.152082697205462e-08 0.0 0.0 0.0 0.0 0.0 0.0 0.0 0.0 0.0 1.0439922740041635e-07 0.0 9.862772481565581e-08 0.0 0.0 0.0 2.724842402003861e-07 0.0 0.0 8.463523173885979e-08 2.1644905815883068e-07 7.764798709642688e-08 0.0 0.0 0.0 0.0 6.213533034515824e-08 0.0 0.0 0.0 0.0 0.0 0.0 0.0 1.258938375612659e-07 0.0
1.9089344468087534e-05 7.118982618877472e-07 4.525680611153735e-05 0.0003749812632590278 7.693760057693993e-05 0.0 0.001390485198299725 0.002462433893924763 8.3806498634402e-05 0.004582759358500367 3.914782020557265e-05 0.003065569191491215 2.6111096658945792e-05 0.0002335635189125289 0.0006323351300935682 1.833888368172177e-06 8.598762010176122e-06 1.4350847640368325e-05 8.01163620166547e-06 0.0012732748102228773 2.4406188810947098e-05 1.157293737379463e-06 7.059025903988858e-05 0.0002088451067170856 2.356232032369888e-06 5.070252571990183e-05 3.620984081299241e-05 0.00032894921810236693 0.00027064962982614613 2.6157664515494203e-05 1.0493130156503667e-06 0.00015741737507045668 1.8971830436967863e-06 0.0002759062697138385 7.983088385469506e-08 0.00013942549585326723 2.2573798668828926e-05 0.0011840239110279267 0.000115845545203797 0.0009009031492991725 8.35699852188199e-05 1.0868742547392297e-05 2.2941724889868604e-06 3.766988117088701e-07 0.0 1.5207621205163592e-07 9.046476140019152e-06 0.0 5.540565875235432e-07 5.82763468571498e-06 1.2788396411857874e-06 7.065455450569809e-06 8.809175544642483e-06 0.0 4.183750793985591e-06 2.6898297076854724e-07 1.7150468904678085e-07 2.7975463948040166e-07 2.0145389790185653e-06 5.034783818217273e-08 0.0 0.0 3.6190968729684016e-06 2.7214760979982274e-07 4.447288400860194e-07 9.157740703885898e-07 2.9132463372931996e-05 0.0 9.777211260796375e-08 1.8089258496059354e-06 1.5131251703339716e-05 6.375996552325398e-08 7.633432016397198e-07 0.0 0.0 9.188317128844237e-08 1.1954877017319218e-07 1.2870132186917744e-07 6.37403595288704e-06 5.921982238547571e-07 1.248609321123513e-06 9.454920655458015e-07 1.2257397978306309e-05 1.9240059030850743e-06 2.0150616290983e-07 0.0
0.0013109627993241279 1.117989722229858e-06 0.0003213188600263982 8.104364062711135e-05 5.501950469119575e-06 0.001390485198299725 0.0 0.0016159268920247578 0.0003082030779810952 0.006355476691490209 4.7609495636789985e-06 0.00012224145934213292 2.0588080947598163e-05 0.0032382122168270874 1.5232899132160664e-05 1.720534086172302e-05 3.447254018247701e-05 8.766169211716552e-06 2.7278472798864954e-06 6.655325671733433e-05 0.0005375050322706127 8.771918691162836e-06 0.0008735805145894957 0.000903451657850519 3.50196716879507e-07 0.00019980619611250754 0.00041241206018986966 0.004729075109184226 0.0010096310935490964 0.002351653924032939 0.0 6.95824704650504e-06 7.713659528289066e-05 0.000237939388422255 9.912884069489096e-06 0.0016025161308294124 9.586945324735371e-05 0.0009514483117324673 0.0003217226743806398 0.0003787163552597068 4.260825190173206e-05 8.949694920111445e-06 2.425638254398771e-05 3.1381058889068803e-06 6.995860087004235e-07 7.912510730515266e-07 9.662512109042155e-06 1.0037932318453826e-06 3.378491222486242e-06 6.998225363525041e-05 1.752834010531366e-05 6.972442716424618e-05 2.5150969279433278e-05 7.426499447586327e-07 2.1790115984819547e-06 3.1557487588202813e-07 3.406081124427821e-06 4.2576766051231953e-07 2.7628950514427963e-05 7.555205990555167e-07 0.0 1.802411190998827e-07 6.8336997845574e-06 2.4608507214929858e-06 6.423687192852799e-06 7.956787320980837e-06 0.00020582678731141863 1.5103197411589087e-07 7.333537543096803e-07 1.669870204025449e-05 0.00014589990825278297 6.643513843394799e-06 1.1631450665271683e-05 0.0 2.4658993538279564e-07 7.455498380295741e-07 2.96385412727601e-06 0.0 5.6910791461528743e-05 4.135815724977051e-06 2.2644779802263163e-05 9.803197060884553e-06 4.8407563611606597e-05 1.0009289995853073e-06 1.4178116312468806e-06 1.2939959038739007e-06
0.0008473545917800475 3.601975847465046e-07 0.0002490712037231152 5.2160481949840695e-05 0.00016251903548611724 0.002462433893924763 0.0016159268920247578 0.0 2.0959857527094263e-05 0.0013794877230903625 4.7111713245148717e-05 0.00011294477847438909 1.0816223879493397e-05 0.005012937266376022 0.00010753174436769338 1.1441418008393571e-06 0.0001077982191806977 2.0542561969462868e-05 1.623692004896069e-05 0.0002198540501528676 0.0001225552983554103 9.355965198615957e-07 0.00037737714605507887 9.727246780506433e-05 9.752392223449918e-07 0.0002121556428249729 8.043864999343943e-05 0.0002545245880453096 0.0018412930980871993 0.00042304938444430657 2.027682044190197e-06 0.0007289633665016328 1.1935036775598837e-05 0.0007527090571204939 1.0233243304545301e-06 0.0001745768052905528 8.415028361135094e-05 0.0018801213519402111 0.00011921444172396215 0.0003262258438645855 5.85255750637011e-05 3.50975678393151e-06 1.6976836104411876e-06 2.1186677804622935e-07 2.215471739159209e-07 3.628282178062856e-07 2.8425598939761303e-06 6.778208015468627e-08 1.1226367079706563e-07 1.112742325781504e-05 2.211131502025318e-06 8.01779331846769e-06 1.8861633817529893e-06 1.050910933201238e-06 4.257265623562908e-07 0.0 3.727961342331029e-07 0.0 3.1690071517820705e-06 0.0 0.0 0.0 8.885822682941716e-07 2.9526762480087297e-07 7.994895092179429e-07 6.484467238249976e-07 2.632407880790968e-05 0.0 9.724365630533174e-08 2.4833323670416704e-06 1.6992364383953592e-05 4.4016597256206677e-07 1.650829048007237e-06 0.0 0.0 1.732152068133317e-07 6.210962453104029e-07 0.0 5.5650709084468304e-06 7.175640822138772e-07 2.2853012960502125e-06 5.113557789466704e-07 5.915628826401938e-06 0.0 3.0473959077138836e-07 0.0
2.1958532906525645e-06 0.00021201641938045087 1.2779757427328594e-06 0.0005692677821573367 1.2115515400721862e-06 8.3806498634402e-05 0.0003082030779810952 2.0959857527094263e-05 0.0 0.0003249551187214625 2.9862715082893995e-06 0.00018527179322402277 7.337296901386909e-06 1.3189998937247594e-05 0.0002253940512131426 8.415601292655028e-05 7.560214150365877e-07 5.411159299826868e-07 5.306770703665586e-07 0.0007209214372096845 1.7931153624260924e-05 0.0012082691368290991 1.1052928787907422e-05 0.00538695857234186 3.012051751883595e-05 7.413487089944109e-06 0.00018995589136937735 0.0017065399388890997 3.807382558002058e-05 3.410397103252466e-05 3.184217884942669e-07 6.863778688228594e-08 5.005104040609381e-06 9.927054462534902e-06 2.4894455230849427e-07 0.00023018033050972993 8.42679476320612e-06 5.629020697400396e-05 1.7421638489987926e-05 0.00023293054354925745 2.9741986650262156e-06 2.2034268512839454e-06 1.5082480538233937e-06 5.5861059043044414e-06 2.1387958145970585e-05 1.3168418651541894e-06 0.00010935576771561052 8.963478798750196e-07 1.0103837255747647e-05 8.965068784730533e-05 2.022786255947009e-05 5.2037839219022397e-05 0.00018372011779159338 1.6082974795754555e-06 4.7142152575732454e-05 2.2035748334517154e-07 3.6376225948266852e-06 8.437774029141773e-06 0.00030979525852014607 3.409904238646101e-07 8.244006539639118e-08 1.2859525252902052e-07 0.00014861853484562286 2.98195985712624e-05 6.980221553591021e-05 1.529906035793356e-05 0.0013166330303767387 1.4166741876803125e-06 8.485761277640271e-07 3.679065146291432e-05 0.00036824279924437784 1.9851796085943284e-05 4.486318960915119e-05 0.0 1.812603317648448e-07 3.005208976869127e-06 6.224419562919244e-06 4.530166696555959e-07 0.00010856559781077297 2.628866887792615e-06 3.2716569093119055e-05 1.3796567153187388e-05 0.00025209402150672345 1.010667142617615e-06 0.0 1.1696495822479975e-06
1.7411172489655466e-05 0.0 5.2452580664210655e-05 0.0016030112186385247 6.570867822804663e-06 0.004582759358500367 0.006355476691490209 0.0013794877230903625 0.0003249551187214625 0.0 1.3625755025006682e-06 0.0036759769382944405 1.0746970110874011e-05 0.000348177280909592 5.620550192806094e-05 4.0598370854759785e-06 6.547342762993712e-06 1.2779959654921452e-06 1.2364014764265408e-06 0.0032039879976850957 2.854537097945917e-05 1.4180326322937724e-06 6.50418074272716e-05 0.0008583673780802076 3.9435215982917445e-07 4.155372317405667e-05 6.436038094330162e-05 0.002435229511608719 0.00023581069593690517 8.077419145265177e-06 5.931718329147599e-08 5.438426470295254e-06 4.613320526784372e-06 8.59060102587249e-05 4.5278541995014806e-07 0.0005172770344756595 2.2869021482191684e-05 0.0007187776046785624 0.00016154961379305112 0.0003193883572839591 2.0452137352872914e-05 2.645937570192785e-06 7.776576718308273e-06 5.255851614167364e-07 0.0 9.056837146738024e-07 4.1053268767639866e-05 5.731593849245662e-07 4.901161308355251e-06 4.053824920353255e-05 1.4721368716432268e-05 3.359723105225021e-05 6.029143081545104e-05 2.4917013982138e-07 2.3787566228135584e-05 0.0 2.372366792147514e-06 4.296251484703418e-07 6.40680397043515e-06 7.138211388810629e-08 6.698768083955695e-08 0.0 3.1063831391114127e-05 1.6828736641936952e-06 2.296813316693822e-06 2.2600160640145696e-06 0.000214380264266728 0.0 2.7690112397747247e-07 6.0811980028204205e-06 0.00011685744546663241 2.2869823911198014e-06 4.381137261711728e-06 0.0 1.4866786018994906e-07 1.7939787999819475e-07 9.28312748265124e-07 3.872716735483349e-07 2.699806791643141e-05 1.5404305700541426e-06 1.4843834042385837e-05 4.4569894065706975e-06 7.833057116570566e-05 2.4431547133877023e-07 0.0 8.772762785444636e-07
1.3949332721430139e-06 2.6298039478047145e-05 1.9101671704930693e-05 1.4099797477079372e-07 2.673426399296563e-05 3.914782020557265e-05 4.7609495636789985e-06 4.7111713245148717e-05 2.9862715082893995e-06 1.3625755025006682e-06 0.0 1.3576486208086264e-07 0.0015799415593568166 7.324932950311057e-06 2.5259099531656244e-07 5.846845933457643e-07 4.0474859031394594e-05 0.0015257268141998033 0.0005469549894831782 6.745030627699603e-07 1.8113630634280624e-06 8.047522642510976e-06 1.2751432867154454e-05 3.1139645728010043e-06 0.0005667623137005268 0.0034551241394236948 0.0006584861581593036 2.6412405609161085e-06 4.8041159543660404e-05 1.9750280507892535e-06 0.00031868268889219674 1.4554355644902877e-05 3.0185142877126857e-06 0.003468374486256821 8.136261586567244e-07 0.00015464631640345602 0.0019824683441345896 0.0021591709711293525 0.00040686022669996706 6.2432742680674715e-06 0.00023539103112526523 0.00053224942443679 3.7997005479292275e-06 0.0 6.991891718192658e-06 1.2066060334573927e-07 6.492769596879642e-08 0.0 0.0 0.0 0.0 0.0 0.0 0.00010914089361116597 0.0 0.0001549887862754197 0.0 0.0 0.0 0.0 1.737987034984821e-05 1.5596066473892696e-06 0.0 0.0 4.347787834207969e-07 0.0 0.0 1.1597287691420075e-05 3.548008404077341e-05 4.372634645104044e-05 5.173911271021684e-08 0.0 0.0 2.109144554095395e-05 0.0 0.0 6.274746872277668e-07 6.787775590576182e-07 2.0069287851715546e-06 0.00028575359568008336 2.081017098535121e-06 3.845980294296326e-07 0.0 0.0 9.044465498140938e-05 8.722088232450308e-07
9.262983309917387e-07 1.7268101180202196e-07 5.840624138032915e-07 0.000805273547635981 1.9136721856138187e-06 0.003065569191491215 0.00012224145934213292 0.00011294477847438909 0.00018527179322402277 0.0036759769382944405 1.3576486208086264e-07 0.0 8.895907732038832e-07 2.2060208029679527e-05 0.0006088213651370243 5.513947538923471e-08 2.6876940528772296e-07 8.673676936139528e-08 5.471351017311354e-08 0.0029132518883663574 1.4388359103473448e-07 1.41146169383309e-06 1.0263220023194443e-06 0.00019737747407590748 2.469705265423046e-07 7.216686497114018e-07 9.762671443443004e-07 0.00026683510109412823 1.6364919092417097e-05 7.370748185343512e-07 0.0 1.0211799393062526e-06 0.0 6.09835966738311e-06 0.0 7.741924116481999e-05 2.0602069970444066e-06 0.0001283489421070084 2.089792163375421e-05 0.0005293732034021575 1.9704439162860835e-06 2.067152540403781e-07 1.0449984699275595e-06 0.0 0.0 0.0 1.4400422274199419e-05 0.0 2.8649394085141423e-06 1.2199502270903836e-05 3.2415553667725496e-06 9.364016017266666e-06 3.518934627354399e-05 1.6448055463468287e-07 8.188291925014963e-05 7.510641879532471e-07 6.121762575966763e-07 7.698096010825596e-07 4.381804198680938e-07 0.0 0.0 0.0 2.1318946937938925e-05 7.876893918958662e-08 6.949411023975928e-08 3.473752121186298e-07 4.449946559017267e-05 0.0 0.0 7.328709016120076e-07 2.498861560275827e-05 4.1233509436644947e-07 2.3264997196971437e-06 0.0 0.0 0.0 8.502299740945302e-08 1.761326627833011e-07 1.74855778948044e-05 0.0 2.0186026328989284e-06 2.972221929689341e-07 5.4305816330280164e-05 0.0 0.0 0.0
5.658226776788716e-07 0.00016037513917206104 4.478762184318765e-06 1.5896877475230777e-06 9.506461334874521e-06 2.6111096658945792e-05 2.0588080947598163e-05 1.0816223879493397e-05 7.337296901386909e-06 1.0746970110874011e-05 0.0015799415593568166 8.895907732038832e-07 0.0 2.9413085367593377e-06 0.0 4.249364893523623e-06 6.359887033864055e-06 9.278449537139741e-05 2.4907771942594225e-05 4.380183618856975e-06 5.8351549146137145e-06 3.2604651887293896e-05 1.0563174543641876e-05 9.500626530957334e-06 0.0033391699464846835 0.0008361800926256815 0.003231217833397594 2.334989427135918e-05 1.1376442593374267e-05 1.3257295536150982e-05 0.0010074123594958336 2.9729289521012843e-06 1.0614120949393408e-06 0.00039268875793659454 5.1045510774872495e-06 0.0009426885825266349 0.00264381246188883 0.002134517458935545 0.0005001326773272299 0.0004314074204801581 0.00011290754673619918 0.0007053633589213038 3.03966743075427e-05 1.6065718386236836e-07 1.917039475327061e-05 3.634520987070958e-07 8.965819966843323e-08 0.0 0.0 4.100119390671489e-07 0.0 6.390615316306379e-07 2.711667227069322e-07 0.000130720243736313 0.0 0.00021135627470632203 0.0 0.0 3.158764754044433e-07 0.0 2.4821221854551354e-05 5.473143654873847e-07 0.0 1.3951399421715288e-07 9.609804234792915e-06 1.6113533757034728e-07 1.3367066775496073e-06 2.819542582056241e-05 6.260710996813745e-05 9.673111109686934e-05 9.932040000581052e-07 1.8879289326105227e-07 0.0 2.6315846394011672e-05 0.0 0.0 7.999807516826549e-07 4.879659298635918e-06 7.388044606488421e-05 0.0003932977343667486 1.634313239323692e-05 5.575121363257752e-06 1.0128634116923393e-06 0.0 0.00018706351987566076 3.216369074575459e-06
0.0017971807777704526 8.204896902429088e-08 0.00032894439859529 2.363469309623795e-05 4.8806634074697356e-05 0.0002335635189125289 0.0032382122168270874 0.005012937266376022 1.3189998937247594e-05 0.000348177280909592 7.324932950311057e-06 2.2060208029679527e-05 2.9413085367593377e-06 0.0 1.293294334360438e-05 2.0689029815789376e-06 0.0001962651078650927 9.39551330917655e-06 7.734484019310479e-06 8.497091414525813e-05 0.00017882751003527384 1.5003739828990098e-06 0.0005636295996322366 7.919488522266752e-05 5.073507004033521e-07 0.00025108707870952153 0.00010531984296051182 0.00024015758392808965 0.0021404589476390137 0.0010455278363038698 1.453798321706798e-07 0.00021091222209766283 1.2878017555221563e-05 0.0004444484488279554 1.1931992397396708e-07 5.6413438631361034e-05 9.796629913122262e-05 0.0005579494947060066 5.953714521800961e-05 2.7920934580650913e-05 1.4553040481405218e-05 6.257010661705005e-07 9.415561710739227e-07 0.0 3.223818035463839e-07 1.4676583608863633e-07 9.121126437246877e-07 1.2045903289128848e-07 1.9168898773189647e-07 4.2299616443419205e-06 1.3659163221388251e-06 3.7388710236108725e-06 7.311691561930744e-07 0.0 7.466754035944162e-08 0.0 3.144340566044734e-07 0.0 4.725821865638708e-06 0.0 0.0 0.0 2.128441228930576e-07 7.929072643759286e-07 7.062859083227017e-07 4.88451773441199e-07 1.2685266006194688e-05 0.0 2.5877919116460007e-07 2.5016672847130773e-06 9.23876319121423e-06 2.991761940175493e-07 1.7609068379175214e-06 0.0 0.0 2.171407053324662e-07 1.1790702239086682e-07 0.0 5.055981829408916e-06 8.086221532210009e-07 1.571026961217734e-06 6.426712424022209e-07 2.123733583913817e-06 0.0 0.0 0.0
1.0775781678120806e-07 1.1485523292778925e-06 4.6858946357285945e-07 1.2744282359625852e-05 0.00033080266342259344 0.0006323351300935682 1.5232899132160664e-05 0.00010753174436769338 0.0002253940512131426 5.620550192806094e-05 2.5259099531656244e-07 0.0006088213651370243 0.0 1.293294334360438e-05 0.0 8.391219945494187e-08 1.3614194250094527e-07 1.8894092493925063e-07 9.985330594561808e-08 0.00015651643330702512 2.9101250959522774e-07 1.4612037737314093e-05 7.864869861470664e-07 0.0007381228623186782 0.0 3.917463449965693e-07 1.4369498511085262e-06 2.663681832961389e-05 9.90577396922101e-05 4.779500220789105e-07 0.0 4.6328871297713945e-05 2.1044189493959945e-07 3.0329322743062548e-05 2.5963752284506323e-06 1.0551105004074513e-05 4.089999909322307e-07 1.9008596696119308e-05 6.511293158282896e-06 0.0007852824736755515 1.629414295465873e-05 0.0 9.87198682227547e-08 0.0 9.023275468030252e-08 0.0 2.7039888798679588e-06 0.0 5.657522918543205e-07 2.0771060177894704e-06 4.7233498144791966e-07 1.2623841483558723e-06 3.38324422805677e-06 0.0 2.0533268884668025e-07 0.0 6.044917170908895e-08 3.5347539642981653e-07 9.610031649690681e-08 0.0 0.0 0.0 1.9369226425883514e-06 0.0 2.0860921694385403e-07 0.0 7.453657839143872e-06 0.0 7.332286414586091e-08 4.2418305676558067e-07 4.030179313002774e-06 1.3010249398183522e-07 0.0 0.0 0.0 0.0 0.0 0.0 3.184128388092984e-06 0.0 2.375369761628204e-07 2.4691079896257614e-07 8.528221528551271e-06 0.0 0.0 0.0
3.9624261649417196e-07 0.00010912792870701838 5.485118620522202e-06 3.484625349288431e-06 0.0 1.833888368172177e-06 1.720534086172302e-05 1.1441418008393571e-06 8.415601292655028e-05 4.0598370854759785e-06 5.846845933457643e-07 5.513947538923471e-08 4.249364893523623e-06 2.0689029815789376e-06 8.391219945494187e-08 0.0 1.1333047139992398e-05 1.6818386441994188e-06 9.87882205190074e-07 6.92422840005144e-07 0.0016790056164580898 0.0016313407309851797 0.0012492632531481433 0.0013043425742587786 8.487974177717792e-06 1.2635848883038244e-05 0.002071237703418864 0.0007241343875532127 8.104536690719773e-06 0.00023303251117551784 6.917955248810237e-08 0.0 1.0858848608546524e-06 2.995946962118206e-05 1.2157300036835943e-05 0.0012240696842324421 0.0003151358722792826 0.00020913494411468057 0.00021364934173997966 1.898014339082908e-05 4.894462583480396e-06 8.199379190297271e-07 8.35067190432979e-06 2.001646504125862e-06 9.340316752765e-06 1.426016953938989e-06 7.592393903014561e-07 0.0 6.028057880031675e-07 1.896513605550781e-05 7.026814771631028e-07 2.083751902885294e-05 9.159596534758062e-07 3.8595796385687417e-07 7.674610514347412e-08 5.875515117715958e-06 8.620964218870253e-07 3.121817507273662e-07 0.0016908376814459328 1.181725603180457e-06 1.068839397266028e-07 4.081077590117525e-07 0.0 0.00026447645613955243 0.0005680664689731509 0.0002223047213098568 0.00014043366440713603 6.868457963770223e-07 1.3964149707160278e-06 0.00010167771173008343 0.0001629880563655542 1.4675019930024064e-05 0.0001393212435593137 0.0 0.0 5.587618564898627e-06 1.1464244809138297e-05 2.7698400533381284e-06 0.00036259616340785465 1.9729473075463975e-05 2.3154961130848953e-05 1.1951073441716131e-05 5.284233124836323e-06 7.197835446735555e-08 3.981194046803361e-06 4.316403894172077e-07
0.00014639104594442798 4.7578650505237085e-06 0.0018193162452286543 1.1954727675865161e-06 4.177531915175156e-07 8.598762010176122e-06 3.447254018247701e-05 0.0001077982191806977 7.560214150365877e-07 6.547342762993712e-06 4.0474859031394594e-05 2.6876940528772296e-07 6.359887033864055e-06 0.0001962651078650927 1.3614194250094527e-07 1.1333047139992398e-05 0.0 7.868728207309372e-05 0.0012228359840494576 5.130443320870664e-07 0.0002734640241739394 5.929584443211913e-06 0.004000712165403178 1.2077622837850108e-05 2.696318080756363e-06 0.0023418006747516354 0.0028096199244662685 2.5377492399875195e-05 0.0005012353289529741 0.0004898852898476608 7.380923928542479e-07 5.933302977903818e-07 7.140414595646577e-05 0.0007561707097708088 2.6477986446693526e-06 0.0003695955212040409 0.0008529341965555945 0.0008081193234572907 0.00025269919053996955 3.7308950287194235e-06 1.7495318126276575e-06 2.593572263094495e-06 9.601083810110838e-07 0.0 1.046464788761317e-06 2.1680934554199042e-07 8.697932544817523e-08 0.0 0.0 0.0 0.0 0.0 0.0 0.0 0.0 8.785082600224575e-08 0.0 0.0 1.3285968379680013e-06 1.5067259142327572e-07 3.7902202101954644e-07 0.0 0.0 7.471482281799839e-08 5.93245333395315e-07 0.0 4.443499232791599e-07 6.318558739864037e-07 1.8769558284726576e-06 7.171239430624641e-06 5.332302916219876e-07 0.0 2.879779614634921e-07 0.0 0.0 0.0 0.0 3.8738215381751474e-07 1.6555083640573938e-06 1.0324732903940249e-06 6.228025186830062e-08 1.3512278384735905e-07 5.8838093386316706e-08 0.0 6.368002868708377e-08 2.049672478780805e-07
1.9397060198188684e-06 4.874067604422113e-06 5.3067659403123364e-05 3.4458714940126293e-07 4.790023432671375e-06 1.4350847640368325e-05 8.766169211716552e-06 2.0542561969462868e-05 5.411159299826868e-07 1.2779959654921452e-06 0.0015257268141998033 8.673676936139528e-08 9.278449537139741e-05 9.39551330917655e-06 1.8894092493925063e-07 1.6818386441994188e-06 7.868728207309372e-05 0.0 0.0013985442891392113 2.0935585219899245e-07 7.60812723674447e-07 1.9221931327822557e-06 2.145555955807325e-05 1.938979580317328e-06 5.802693342308617e-05 0.003327518608619301 0.000875607525515336 4.136645240688341e-06 1.8287455440486817e-05 3.2876918299615715e-06 5.4979527761818e-05 4.759200630321417e-06 4.142501622150156e-07 0.0005670203968740972 3.676888599470578e-06 0.0002946283117562691 0.0008468998580842546 0.0010088945663699045 0.0004320693594391964 1.4314969436257632e-06 4.130075016078009e-05 3.115491572515273e-05 1.420677236296091e-06 0.0 3.685347573086243e-06 7.98105395698139e-08 0.0 0.0 0.0 5.890614771981296e-08 0.0 0.0 0.0 1.4882205024521497e-05 0.0 2.90188394121328e-05 0.0 0.0 2.2181244628716884e-07 0.0 1.0337168150032146e-05 1.2469133324170498e-06 0.0 0.0 1.8794139491981627e-07 7.495072200271211e-08 5.15070483331842e-08 9.08561346706117e-06 2.4642238255308317e-05 5.568372719719107e-05 4.501848622247865e-08 0.0 0.0 1.0787488121713471e-05 0.0 0.0 7.384165601298471e-07 2.019772636323202e-06 1.0347714699329706e-06 2.1744721597425358e-05 8.417568855059912e-07 3.6837997960958976e-07 5.868584882080673e-08 1.0400854511553043e-07 1.0731682109939398e-06 0.0
4.303402320801225e-06 5.906373333524643e-06 3.9301270548041464e-05 0.0 3.1262802377068988e-06 8.01163620166547e-06 2.7278472798864954e-06 1.623692004896069e-05 5.306770703665586e-07 1.2364014764265408e-06 0.0005469549894831782 5.471351017311354e-08 2.4907771942594225e-05 7.734484019310479e-06 9.985330594561808e-08 9.87882205190074e-07 0.0012228359840494576 0.0013985442891392113 0.0 3.499737399164512e-07 3.3434791177920395e-06 4.12180499405903e-06 4.224631171196084e-05 1.9433855763012444e-06 3.4570411482475666e-05 0.003798914727839541 0.0010672598421336205 2.5746927802276267e-06 3.5265454720384876e-05 1.20283091554802e-05 2.3073807053805396e-06 3.1906314387552454e-06 5.437133608994849e-06 0.0011523363277871831 1.27279128529062e-06 0.0002736234926439368 0.00048182084521156625 0.0012094425313350968 0.0004133801512226743 1.6245953312032294e-06 2.6909056070897063e-05 3.589029271177593e-06 1.902291687171208e-06 0.0 2.1249779384978146e-06 8.058671004561382e-08 0.0 0.0 0.0 0.0 0.0 0.0 0.0 1.1818871872130306e-06 0.0 4.384790910737515e-06 0.0 0.0 1.4426655419383036e-07 1.2198340495212477e-07 3.873908446979743e-06 4.882769971300883e-07 0.0 0.0 1.826956480688982e-07 0.0 6.319359773576496e-08 4.167203369293132e-06 1.1602112662647898e-05 2.5544608709648467e-05 0.0 0.0 0.0 1.4851698661319459e-06 0.0 0.0 7.650117255615936e-08 1.4770408120034017e-06 4.2829078392858916e-07 2.472407724610733e-06 3.287176169854054e-07 1.1672084255954386e-07 0.0 0.0 0.0 0.0
3.2084436523355424e-06 0.0 7.422980741482008e-07 0.0031502860243322705 3.2147553406933773e-06 0.0012732748102228773 6.655325671733433e-05 0.0002198540501528676 0.0007209214372096845 0.0032039879976850957 6.745030627699603e-07 0.0029132518883663574 4.380183618856975e-06 8.497091414525813e-05 0.00015651643330702512 6.92422840005144e-07 5.130443320870664e-07 2.0935585219899245e-07 3.499737399164512e-07 0.0 7.176077369083603e-07 5.657551994667172e-07 2.1219810903063807e-06 0.0003351895911133762 0.0 1.909387337145801e-06 3.027300804314938e-06 0.001387404548105546 6.808741613456817e-05 1.8129792908353266e-06 0.0 3.127210084049667e-06 8.752085655460172e-07 3.2500718323470805e-05 1.1034853183352135e-06 0.00021969625497329602 6.98875060111554e-06 0.0003071764177775443 7.541267449891739e-05 0.00030066602687479313 7.2580754008795714e-06 1.8899143637789004e-06 2.001638060347447e-06 9.681323064975988e-07 0.0 2.5701758763844716e-07 6.729764691312188e-05 8.558820305217291e-07 5.8261871898456856e-06 5.6902768503746044e-05 1.4778686191548367e-05 5.026920426692167e-05 0.00010811211173725229 2.5897568004877857e-07 3.424548275450008e-05 7.885274143988425e-07 2.9519401989832464e-06 2.3047196459123965e-06 3.2622102035616575e-06 5.1955513788270175e-08 0.0 0.0 6.432169877912526e-05 1.2423048567871903e-06 3.398191871805892e-07 1.6062451823238495e-06 0.0002996631326532958 3.922499830720254e-07 0.0 1.995881842982035e-06 0.0001501467713753875 2.326224122151224e-06 9.876069591681918e-06 0.0 1.7926502101564563e-07 2.131747220233244e-07 1.2093575259724012e-06 3.0753161882392784e-07 3.802664928082294e-05 1.4360581007894823e-06 1.590659236186486e-05 3.959284714794451e-06 0.00015315311142698185 2.9325823058543636e-07 6.538498328192817e-07 4.780199127991837e-07
8.46421977660334e-05 2.0358088838523335e-06 4.294818859516163e-05 1.049939363070671e-06 1.1270609823043297e-06 2.4406188810947098e-05 0.0005375050322706127 0.0001225552983554103 1.7931153624260924e-05 2.854537097945917e-05 1.8113630634280624e-06 1.4388359103473448e-07 5.8351549146137145e-06 0.00017882751003527384 2.9101250959522774e-07 0.0016790056164580898 0.0002734640241739394 7.60812723674447e-07 3.3434791177920395e-06 7.176077369083603e-07 0.0 3.233508238899185e-05 0.00858328432003846 0.0009425737715398258 3.936595539536186e-06 1.118770832045974e-05 0.0003174909621600943 0.0040358550389882186 0.00016997859470269997 0.0069760839093424235 0.0 8.079217336997475e-07 3.381250501641261e-05 0.0007498186024454949 4.973852238054077e-05 0.00401537101313454 0.0005071682789035239 0.002835976713517557 0.0015411907604497433 9.857253703159189e-05 4.078175791595303e-05 1.9838535365991388e-06 3.084530363764377e-05 1.0802938282802003e-06 5.348220833826547e-07 4.380346566676787e-07 0.0 0.0 0.0 1.3860051048565184e-05 7.193757497844403e-07 6.451909455481183e-06 6.646024220126382e-07 1.0975875641595428e-06 1.4654666692757374e-07 1.8117452029136773e-06 6.704554907767388e-07 1.1481470459177508e-07 0.000353491395787576 7.155190809989505e-07 1.8997500423539903e-07 0.0 0.0 0.00014433388921282567 5.928424480952494e-05 3.764351828587779e-05 5.789060794993028e-05 1.663770020614452e-07 5.707370107279381e-07 7.911432262870119e-06 0.00010066409871251028 9.494950385456532e-06 9.592395228285455e-05 0.0 7.112347591418467e-08 3.2816598215094765e-06 9.055986175007708e-06 1.4518760388386157e-06 0.00012799617030326814 5.3735747998388306e-06 1.3838960240952589e-05 8.05359405226171e-06 5.1629178901131564e-06 1.7395971312007435e-07 1.8894794911867215e-06 8.265864853402641e-07
1.0801144520002516e-07 0.0014980518222822074 2.8967290324945457e-06 1.0100417629011267e-06 0.0 1.157293737379463e-06 8.771918691162836e-06 9.355965198615957e-07 0.0012082691368290991 1.4180326322937724e-06 8.047522642510976e-06 1.41146169383309e-06 3.2604651887293896e-05 1.5003739828990098e-06 1.4612037737314093e-05 0.0016313407309851797 5.929584443211913e-06 1.9221931327822557e-06 4.12180499405903e-06 5.657551994667172e-07 3.233508238899185e-05 0.0 9.475998492238709e-05 0.003717621928423999 0.0001734261696794974 2.64738836615714e-05 0.001590527308751638 0.00016298560675612138 1.1435182620105942e-06 2.6826784800051915e-06 8.546597530875864e-07 0.0 5.6692802048442794e-08 1.2745850422388755e-05 7.839204600894004e-07 5.8213725037340997e-05 9.528726636957285e-05 5.487045618133396e-05 2.6342869824643952e-05 2.6892495642965885e-05 1.288889753924662e-07 5.288392063785477e-06 6.078528089987595e-07 6.472148728744957e-07 0.00016740144230743207 2.583748766785215e-05 7.635443625079046e-07 1.417070271102778e-07 1.398911511533512e-07 2.281685513499801e-06 1.6531704231439705e-07 7.756907368580896e-06 4.6709574746873233e-07 5.065839099031477e-07 0.0 2.122604687647468e-06 7.946789860331458e-07 2.3000270880732746e-07 0.0007738343634731585 1.4257474236709491e-06 2.505111027528751e-07 6.758415591819611e-07 5.226365318810398e-08 3.9026520580137085e-05 0.0005729676880331697 0.0001338463110026642 3.05937324671211e-05 2.0180753261384115e-05 1.0906428624774408e-05 0.0008349925938230591 1.8731944987673342e-05 5.991782669804179e-07 1.0546854398818748e-05 9.892578659295667e-08 0.0 1.04083737952527e-07 5.252023791957494e-06 0.0 0.00019502927033944456 4.067744486820363e-05 1.8927585555680838e-05 1.4252838197274188e-05 1.7459115876415875e-06 0.0 0.0 0.0
0.00030933739782674986 9.094995598610906e-06 0.004289317319096908 1.8963028428102655e-06 7.924310100679982e-07 7.059025903988858e-05 0.0008735805145894957 0.00037737714605507887 1.1052928787907422e-05 6.50418074272716e-05 1.2751432867154454e-05 1.0263220023194443e-06 1.0563174543641876e-05 0.0005636295996322366 7.864869861470664e-07 0.0012492632531481433 0.004000712165403178 2.145555955807325e-05 4.224631171196084e-05 2.1219810903063807e-06 0.00858328432003846 9.475998492238709e-05 0.0 0.0003186524030034307 3.0199996185507217e-06 0.0012869763411151778 0.006630603970677297 0.0015197965145694599 0.00032034330116923225 0.0022683500096760444 8.392200251964788e-08 6.261941270181979e-07 3.0205386102222967e-05 0.0012880319083285769 6.552330812118745e-05 0.0059487512395607935 0.004797049102203797 0.004016156764944845 0.0033021084506164484 9.506257496392384e-05 1.7177766154981836e-05 3.365724220520449e-06 3.982794722535156e-05 3.302679955236849e-07 5.305333870542063e-06 9.358461991486524e-06 2.4099593218267516e-07 0.0 2.2268435642750577e-07 5.266530504838453e-06 6.462251954301951e-07 4.320096858978493e-06 6.339004746169602e-07 2.5841958792553373e-07 0.0 9.025645667237867e-07 4.6671455318219364e-07 0.0 0.0006824469906440046 2.8243160979966304e-07 0.0 1.0412339580520131e-07 5.61353236332193e-08 8.855333793319926e-05 0.00018789735437706672 0.0001385194941601213 2.877836261929043e-05 5.643040308238692e-07 8.713394966488355e-07 0.00024467501647960004 2.5214377464365055e-05 2.5401899622985982e-06 3.034765113435938e-05 0.0 0.0 6.641568776727929e-07 4.618131103980544e-06 5.985909202743822e-06 0.0005411675436674796 5.172120222743924e-05 1.0868361735686339e-05 1.5185168037112798e-05 1.6629168839281498e-06 0.0 1.6781860078869265e-06 9.721845999852544e-08
1.913772429827097e-05 0.00017718399522577993 1.7425840048413528e-05 0.0011421563206263999 2.7128909133001833e-06 0.0002088451067170856 0.000903451657850519 9.727246780506433e-05 0.00538695857234186 0.0008583673780802076 3.1139645728010043e-06 0.00019737747407590748 9.500626530957334e-06 7.919488522266752e-05 0.0007381228623186782 0.0013043425742587786 1.2077622837850108e-05 1.938979580317328e-06 1.9433855763012444e-06 0.0003351895911133762 0.0009425737715398258 0.003717621928423999 0.0003186524030034307 0.0 8.898096200970697e-06 2.5458364537537122e-05 0.0008298038017878738 0.00519234133279219 0.0002871985291371864 0.00022724542557068627 6.722004227915645e-08 1.2366251780422212e-06 4.854404874238932e-05 9.707878381264773e-05 6.483504098394982e-06 0.0010755168108768384 5.973507741217579e-05 0.0004228661868730234 0.0001695360331815912 0.0007610126481322205 2.698485557716938e-05 2.4665613127486984e-06 1.3059062633650094e-05 8.67895553090882e-06 3.727020306631576e-06 3.1268688536802658e-06 0.0001011275973833684 1.8655988339804115e-06 1.2017598375592655e-05 0.0001963392620993404 4.366812587421448e-05 0.0003514124767744363 0.00015474246009558864 7.171983756893462e-07 2.1293679480146862e-05 1.4669668352383235e-06 9.805197255162313e-06 3.915690504050624e-06 0.00026580799801529965 1.1786122479504947e-06 1.3091134133998854e-07 3.4858020591251983e-07 7.490943021140027e-05 4.571866918290811e-05 8.134656489104149e-05 2.455370261457147e-05 0.0009951898076970243 6.777730194830799e-07 2.618229099778501e-06 4.354576694166933e-05 0.0006304621234688706 2.9106561092434585e-05 0.00010086316954299427 0.0 5.73261867009181e-07 4.826021479023052e-06 1.1711593847402146e-05 5.449540323577482e-07 0.0001740705988661551 8.004743909021675e-06 6.854467832340833e-05 2.5108455512250763e-05 0.000210036922747996 1.7726433523436566e-06 0.0 1.1376370443178106e-06
