0.0 0.0 6.20451092313795e-05 2.4201239413967625e-07 0.0 7.533889408764329e-06 0.0005359506230809822 0.00028894395316451493 2.3677054588938477e-07 3.7999680768193214e-05 5.7059325039193405e-06 7.60466675599053e-07 9.274968970849126e-08 0.003063851154409703 0.0 3.512054035596045e-08 8.56346553243639e-05 8.208750472731388e-06 5.18457332566891e-05 3.4802586843134725e-06 1.0921782154082044e-05 0.0 0.00014692643820476313 6.888801459109497e-06 0.0 0.00011540706574911961 2.9765900315727424e-05 3.7498351492808254e-05 0.0020463487576326735 0.0020081013440060073 1.2868498304720653e-07 2.869622690745586e-07 1.350833527666892e-05 6.205303020213609e-05 1.152960281085538e-07 8.349959075858713e-06 6.17007031357397e-06 3.4756985078141634e-05 1.4153830134013438e-05 3.66624848204835e-07 2.312167709981675e-07 0.0 2.692813829190757e-07 0.0 3.688660460057745e-08 1.5007841023815256e-07 0.0 0.0 0.0 0.0 0.0 0.0 0.0 0.0 0.0 6.858901138198618e-08 3.7254954873399935e-08 0.0 1.0788768286677051e-07 0.0 0.0 0.0 0.0 0.0 0.0 0.0 3.0606300942707384e-07 0.0 3.18217076788477e-07 1.0265844507750586e-06 0.0 0.0 0.0 0.0 0.0 0.0 0.0 8.91973509957794e-08 3.059026701168159e-07 0.0 5.9966287114779e-08 1.1509683000891566e-07 0.0 0.0 0.0 0.0
0.0 0.0 3.540764930516877e-06 7.914301595930426e-08 1.4473009834187662e-07 4.785264080916489e-07 2.2141926318328555e-07 0.0 0.0004321905713279448 2.889535955750748e-07 2.536015101073278e-05 2.203313193646458e-06 0.0006239147470316257 3.424788427623732e-08 5.220688931705185e-06 6.41117695179932e-05 1.5868410452295245e-06 1.2719863328795675e-06 4.530078341041091e-06 3.637026641992796e-07 3.0567277098602563e-06 0.0007848185990906883 2.3837221690679765e-06 0.00037513905725854006 0.0008889227907361103 2.1800763937681544e-05 0.0018664922242771897 1.2231164036679314e-05 1.0188911258569871e-07 6.710350059511029e-08 8.106698685959484e-06 0.0 0.0 2.432104667811445e-06 0.0 3.01771013978324e-06 5.140225519958159e-05 1.509377971600337e-05 2.108269751641151e-06 7.346935264645291e-07 0.0 0.0001207012824175466 0.0 0.0 0.00015637306369046532 1.3063303811677908e-05 0.0 0.0 5.274719163548581e-08 5.194526433635154e-07 1.4257256946581872e-07 7.451387812265856e-07 1.6958344638522957e-07 2.1795567776286794e-06 1.4283530237103096e-07 2.0279475612279595e-05 1.2027867773130406e-07 0.0 4.116061998245739e-06 1.2926858251979378e-05 1.9505261628512885e-06 1.7026974253001908e-05 6.581678607785309e-08 2.771636349179554e-07 7.277042357468551e-06 2.864406562660705e-06 3.405719221795243e-06 3.9529165196148394e-05 8.181790641618781e-05 0.0008997168199640517 1.7436000865442502e-06 8.949727448695773e-08 1.1974488916881024e-07 1.5372182920427135e-06 0.0 0.0 2.8291706392499953e-06 0.0 7.477273309420816e-06 2.2747514870227224e-05 1.33367101410874e-05 4.433733639489489e-06 0.0 0.0 5.40341288031038e-06 0.0
6.20451092313795e-05 3.540764930516877e-06 0.0 3.7525558776326337e-07 1.000213439454941e-06 0.00010036608369399335 0.0010900401660125132 0.0007283231259652533 2.042578239116026e-06 0.00022863342162979564 3.51205475432383e-05 6.668974322567412e-07 8.999515908058937e-06 0.0005000135437113324 1.4892746860496475e-07 6.353056291881843e-07 0.0018508556055446346 2.112594880105921e-05 0.0001557150841570667 1.9875628053016254e-06 0.000781970957451786 3.071225042891704e-06 0.006428733872215711 1.3594501368118031e-05 7.097326493168069e-07 0.0034521409583010204 0.0021576606149003564 0.0004148736953827462 9.681470559247296e-05 0.00033451951751308097 2.5433682525265573e-06 3.509680227800356e-06 2.8589533031135183e-06 0.0009467973245855087 2.1216623681036478e-05 0.0014705520662233436 0.0013165099750871542 0.0020122697157004105 0.0012724978519797652 1.6063019753568842e-05 3.4004052541889615e-06 4.530836216811094e-06 7.000907227794525e-06 1.1886908237643465e-07 1.0086899213395721e-05 0.0001657860356867708 8.032232009469777e-08 0.0 3.7071479895355904e-07 4.480570145939823e-06 1.292244157993901e-06 9.207340582835285e-07 1.084173952899005e-07 1.0140840211577301e-06 0.0 1.7297555294235532e-06 1.5254155824149771e-06 0.0 9.835879266641055e-06 5.6422998877434165e-05 2.180464508598433e-06 9.67959636041353e-06 0.0 2.5705478097732965e-06 7.319531096594352e-06 5.209772815570511e-05 1.0549237211172434e-05 2.0713721667308757e-06 8.481157112675597e-05 0.0009456729093105174 8.743805235102305e-06 8.165132113316763e-07 1.799248755762623e-06 2.394577110844022e-07 0.0 0.0 9.76489445031398e-06 1.0764989672594868e-05 3.8131482886732904e-05 7.452887375535578e-05 4.141209284643894e-05 1.9212653468059315e-05 0.0 3.44489484501324e-07 9.425489442815333e-07 2.9215852179431057e-07
2.4201239413967625e-07 7.914301595930426e-08 3.7525558776326337e-07 0.0 1.1973496305407996e-06 2.547957911477043e-05 1.1948730949006398e-05 1.8925020258530628e-05 0.0001371697962623693 0.00047774887380165224 2.706414649007161e-06 0.0019945158690095432 5.505203261433798e-07 1.9662631031362142e-05 4.306394663718659e-05 0.0 5.546988834555578e-08 3.335849867337141e-07 3.2781085373933487e-07 0.0019436953682556615 0.0 4.478064909286107e-07 0.0 0.0007221454638649454 0.0 5.794770192694384e-07 4.428781309768206e-07 0.0015896926101053796 1.5188329820334808e-05 1.0436118608614235e-07 1.303825322293418e-07 1.6768013770630538e-06 6.551590062996155e-08 7.942099018582892e-06 5.368970342875559e-07 4.436087944830484e-05 2.0970745846494772e-07 1.7899723271137866e-05 3.3440716261282807e-06 8.410450913107337e-05 9.574222745328403e-07 4.27936431783039e-07 2.657568283168748e-07 9.743000790411332e-08 0.0 9.96919029952209e-08 6.941825237653368e-06 2.2274264773398366e-07 9.484268924967691e-07 5.948656651657621e-06 4.469400114633531e-07 3.3421788667050335e-06 2.6913999220780124e-05 4.854458236131085e-08 3.757089792104839e-05 0.0 1.0158116101779856e-06 7.776866292364005e-07 0.0 4.112874542499845e-08 0.0 0.0 7.4353090954578936e-06 0.0 0.0 0.0 4.306478430970129e-05 0.0 5.5214111361513456e-08 6.162083439650028e-08 3.038348507058486e-05 7.801768003085531e-07 1.7128169572573202e-07 0.0 0.0 0.0 6.764140608880332e-07 0.0 2.7780139760681334e-06 0.0 1.607311100521627e-06 2.8129577173038727e-07 7.757858660897663e-06 3.0946030567978403e-07 0.0 0.0
0.0 1.4473009834187662e-07 1.000213439454941e-06 1.1973496305407996e-06 0.0 8.304742200096745e-05 6.432945579247255e-07 5.993341355309676e-06 2.987528465103161e-05 3.7803780858913004e-06 4.349420134203012e-05 1.2731387192743254e-05 7.554480388712449e-05 3.0146286240866417e-06 0.0007936558292208309 0.0 4.25796367291993e-07 1.5086640682111282e-06 1.2172214248614551e-06 5.270725624607024e-06 7.761058847349166e-08 4.673272106231132e-07 5.122278309389458e-07 1.402597511869472e-05 1.8392418747576744e-07 3.7141331681927324e-06 1.8319463585146837e-06 4.032102772484235e-06 2.5299485834668353e-05 0.0 3.3487492197946045e-07 2.6999339015765923e-05 0.0 0.0002130744789383447 0.0 1.973356296746749e-05 4.619289068105851e-06 0.00018223063258752714 2.99886944342339e-05 0.0007946132834560709 0.000136348551691297 1.3176042739662736e-05 2.8666919617637836e-06 0.0 0.0 0.0 0.0 0.0 0.0 8.308317239161387e-08 7.691492329649885e-08 7.591464052310056e-08 0.0 0.0 1.1821091524625618e-07 0.0 1.4859351437297312e-07 0.0 0.0 0.0 0.0 0.0 2.653749497667311e-07 4.561405125035159e-08 0.0 0.0 6.359380426671164e-07 0.0 6.786893198714539e-08 5.442605572171701e-08 9.798160879988561e-07 0.0 0.0 0.0 0.0 0.0 1.7729288407824771e-07 0.0 2.1132233416474953e-07 0.0 1.1834489755140553e-06 7.052792524479974e-07 3.845235110100216e-07 4.6200681678068796e-07 3.1576363054476797e-07 1.222809419231828e-06
7.533889408764329e-06 4.785264080916489e-07 0.00010036608369399335 2.547957911477043e-05 8.304742200096745e-05 0.0 0.0011425839786531288 0.0049906516322898485 3.829687266760606e-05 0.004639041588214233 5.2797710582250155e-05 0.0027453940528975426 4.476726177872833e-05 0.0004268633611820163 0.0003090244273820834 0.0 1.3881453679722943e-05 6.126592564224484e-06 1.0493599184361245e-05 0.00018079692783027704 1.6710311174665287e-05 1.2242999650706143e-07 2.8297671845290257e-05 3.288436384425308e-05 3.709175526400359e-07 4.51421451166411e-05 3.630838570805472e-05 0.0003156825737555019 0.0002518160951597328 3.9089075503708156e-05 7.419866743457386e-07 0.00042622543995903895 1.5892512277744735e-06 0.00010977414991197652 1.687153035872248e-06 0.00027226442654989494 1.1208683618968662e-05 0.00018498605384426959 4.2983848431696906e-05 0.0006346754014575543 0.0001444774404750793 1.273567242983726e-05 7.778226474803152e-06 2.891652473611488e-07 0.0 1.9748314999847927e-07 1.0356614895417481e-06 1.1637489300408759e-07 7.676430157554444e-07 7.469332992984127e-07 1.1946747424705428e-07 7.012209092833029e-07 1.6689348664507692e-07 6.54451258824538e-07 3.216382271323414e-07 0.0 2.714760384535966e-07 0.0 1.382050607194985e-07 0.0 0.0 0.0 0.0 0.0 5.0727819226112634e-08 9.153610521060576e-08 9.439115693601301e-06 0.0 1.4694397778982762e-07 2.652268674897329e-06 4.9652902066986505e-06 4.332597510697725e-07 1.379034507599052e-07 0.0 5.823369348428145e-08 0.0 5.3461955915069434e-08 2.6627317380352466e-07 3.1768802647162913e-06 1.0208166526918195e-07 8.724639867088331e-07 7.156058942943147e-07 4.879895415795187e-07 4.400238227587159e-07 3.9540930541672654e-07 7.150120077905797e-07
0.0005359506230809822 2.2141926318328555e-07 0.0010900401660125132 1.1948730949006398e-05 6.432945579247255e-07 0.0011425839786531288 0.0 0.002066899919644466 0.00015326243838006555 0.0042357573832773185 2.5635969026505624e-05 2.4807086452158798e-05 1.786111294969722e-05 0.005666590461952512 8.135285016618455e-06 1.7431351661675884e-06 5.7698584818848746e-05 6.499349362879343e-06 1.561951064595982e-05 2.1177732075538056e-05 0.0002727849902289089 9.145650511908768e-07 0.0007284186333291483 0.0004278978538941517 2.465870249518513e-07 0.0002432272188037242 0.00023790756049592876 0.012429538385636037 0.0006128116427373148 0.0035460276600437347 8.26497649253936e-07 7.89672282330655e-06 3.182627708282546e-05 0.00015906278591559063 1.4341629220117525e-05 0.0007783811924645809 3.714005935414243e-05 0.0003664607227942947 0.00017359302782409997 9.033274054692976e-05 3.49664993598689e-05 2.232710234634656e-06 1.3451162119151788e-05 3.993837431247781e-06 3.5086154360880026e-07 2.9534495987523517e-06 8.84821161488897e-06 7.860690165336459e-08 3.4809515305919955e-06 4.333202288621485e-05 1.1312169360518277e-06 1.3419545783142874e-05 6.42590807136258e-06 5.884480997218339e-08 2.0788834900476415e-06 8.939034508345064e-08 5.159244263242207e-06 9.620107045531832e-07 2.5832582412382855e-06 6.507398015124607e-07 4.923294458211699e-08 2.015363698304261e-07 1.9831157311672887e-06 9.63017276575219e-07 4.870531284700441e-07 3.869492595975571e-06 0.00022904178114960895 0.0 1.767949481904053e-06 1.953047076964095e-05 0.00019625859992466324 1.0684184928164329e-05 5.057342730455909e-06 0.0 0.0 2.0935286813054097e-06 5.305368242949858e-06 5.9743897882635405e-06 3.870712706253856e-05 9.7097664340783e-07 1.401432586247191e-05 5.583569859603037e-06 1.5044179468341813e-05 2.1766768801443368e-06 4.957243919771e-08 1.783492063096908e-06
0.00028894395316451493 0.0 0.0007283231259652533 1.8925020258530628e-05 5.993341355309676e-06 0.0049906516322898485 0.002066899919644466 0.0 2.9882292441759845e-06 0.002003669299672096 9.045945699515339e-05 0.00041999066775808534 9.028261964019719e-05 0.005033903972913352 0.00011083497500191082 5.530071790737056e-08 0.00014649446563092398 1.83957714772273e-05 8.080482966112216e-05 0.00020908481218914955 5.864532660062898e-05 1.2190062198644788e-07 0.00028751126914379504 1.9826943098034817e-05 2.7000780026922316e-07 0.0004565436930751757 0.00014507649698777196 0.00021328229441364895 0.0008772191945740118 0.0009014637640800176 1.7656770722607698e-06 6.778157831447131e-05 3.333344058380065e-06 0.00022098991887001355 1.9983933572131577e-06 0.00025279470419906 6.080054140457654e-05 0.0002793192070309828 7.837622843966018e-05 0.0005615326569449742 0.00012844693285535527 2.1081867009865496e-05 8.916552267921436e-06 4.9969425947751374e-08 9.49566588977746e-08 3.3464856412792485e-06 1.2851944125586356e-07 0.0 0.0 1.0936543863868782e-06 2.226148475228001e-07 2.1918894523453914e-07 2.1618688533595228e-07 1.1751399282836916e-06 1.093334824975583e-07 2.151227207219631e-07 6.524402609180699e-08 0.0 1.2328026578403472e-07 6.88034464497782e-07 5.997390362014752e-08 1.5030446093325663e-07 0.0 8.180454318141456e-08 5.292388116570155e-08 1.0042071153840068e-06 4.715393496614992e-06 0.0 3.45544096519851e-07 1.5066141969032792e-05 3.9687216699367316e-06 3.5517891492769464e-07 9.896725126182555e-08 0.0 0.0 1.43576992306084e-07 4.797970585406288e-07 9.829363742039966e-07 3.454570860130577e-06 1.14204059901386e-06 3.5804988813260555e-06 1.7716142234322034e-06 1.2602462782931962e-07 1.122350422729492e-07 5.837495621878306e-07 1.604785130047742e-06
2.3677054588938477e-07 0.0004321905713279448 2.042578239116026e-06 0.0001371697962623693 2.987528465103161e-05 3.829687266760606e-05 0.00015326243838006555 2.9882292441759845e-06 0.0 0.0002795451309395832 3.0951809522933016e-06 0.00030609202053163753 5.004534016513527e-05 4.169803524352666e-06 0.00027970508291918827 2.127778112627222e-05 2.1701457907183326e-07 1.5611280123012428e-07 1.9086818160008325e-07 0.00022358558990235076 2.244475290354237e-05 0.0013819179873858414 2.966751347444285e-06 0.008255442689507345 0.00012498345999909394 1.804510327169702e-06 0.0001953119896569777 0.0014275609522147845 4.393910138425143e-06 2.3748895099247786e-06 1.1770978389650908e-06 9.55535916992403e-07 3.2045797930523555e-07 3.381611515015467e-06 4.895837900049892e-07 8.319274095989363e-05 1.1313501883657751e-05 1.0216930451818903e-05 5.541710438038518e-06 0.00014431385141020164 1.6661149877593302e-06 6.866439414568352e-06 7.6416668684391e-07 3.970192593076236e-06 9.446825399180999e-07 4.980174623805493e-07 2.0310171163931455e-05 1.6469475801535893e-07 4.055405613735068e-06 4.106470579002078e-05 1.9969898319269147e-06 3.2286888073017775e-05 7.698861207268927e-06 5.247415574769178e-07 1.606569739965423e-05 2.4984749503877457e-07 3.787164398262987e-06 2.7788059647714535e-06 6.819592682761691e-06 1.6294239252140473e-07 9.893234988930353e-08 1.7007569729154692e-07 5.363380637683433e-06 1.0278720812821104e-05 1.8208211525647284e-06 1.1304752004542727e-06 0.0006404668719560723 0.0 7.495511153292411e-07 5.1062349718882075e-06 0.00022058466925275238 1.2069820361420265e-05 6.208828575433439e-06 7.997281930278732e-08 2.828156724697604e-07 7.671690663800124e-07 3.285733280277269e-06 0.0 1.919837151591829e-05 3.0254636965858927e-07 8.801605527513116e-06 2.8020506228619704e-06 2.0721440642376405e-05 7.352229131618098e-07 0.0 3.2665467005089337e-07
3.7999680768193214e-05 2.889535955750748e-07 0.00022863342162979564 0.00047774887380165224 3.7803780858913004e-06 0.004639041588214233 0.0042357573832773185 0.002003669299672096 0.0002795451309395832 0.0 9.167581866815825e-05 0.0016180848333152867 2.0470507259549254e-05 0.0012675642944419106 7.622226322052726e-05 1.9970220757418085e-07 1.3851634796362667e-05 1.395108732130047e-05 1.955140586707639e-05 0.0009269610388969034 6.28917329602964e-05 3.350871947755645e-07 7.053644057390595e-05 0.00041371803387850296 4.432050744926398e-07 6.1034746101406784e-05 8.520040765288218e-05 0.0021956226880012883 0.0006566647619069252 4.0869664637154616e-05 2.4563671643853765e-06 4.753763000716155e-05 8.04436793359697e-06 0.0002171153169383691 7.893012467982859e-06 0.000600510225772026 1.9092384498175984e-05 0.0004827314030489142 8.983716344087563e-05 0.0003447774696895964 4.337873110234313e-05 6.0336391771378e-06 1.3800738375957563e-05 8.12997521343238e-07 9.223822402124417e-08 1.0279094852641702e-06 1.7882103566647004e-05 0.0 1.7851003451313908e-06 2.5119501617930716e-05 1.2528662925094518e-06 1.519576071980851e-05 2.042681192228841e-05 1.171872410950594e-07 1.0276331887693016e-05 0.0 1.7948030606358529e-06 1.8026082130218356e-06 6.765122961511197e-07 5.2303760032363884e-08 0.0 6.425937815916518e-08 5.160317943921659e-06 1.278899653979066e-07 0.0 5.945592676450204e-07 0.0001738141970515978 3.9694735852281134e-08 7.356278634522367e-07 4.748779629017034e-06 0.00010195378009530262 3.0868985902292294e-06 9.53864243228186e-07 0.0 0.0 1.1601944695438947e-07 1.0387492579569816e-06 1.489219154358627e-06 1.314936875764046e-05 4.720847106241365e-07 4.851138541778797e-06 3.272730788403982e-06 2.3077118321169126e-05 1.3168949958841226e-06 4.2418695891578876e-08 4.712079570958816e-07
5.7059325039193405e-06 2.536015101073278e-05 3.51205475432383e-05 2.706414649007161e-06 4.349420134203012e-05 5.2797710582250155e-05 2.5635969026505624e-05 9.045945699515339e-05 3.0951809522933016e-06 9.167581866815825e-05 0.0 2.3393196745959955e-05 0.002183201125586229 0.0001315998604527076 6.74774451028451e-06 1.1351037495490566e-06 0.0002823590122784076 0.0024881488153708493 0.0017675998573637173 2.3293240405326104e-05 4.9414250006826085e-05 7.267820209358174e-06 7.702817753799781e-05 7.554502640354192e-06 0.0002035448025514633 0.0008978002406112905 0.000603065104564182 2.836052685797314e-05 0.0004948849179214383 2.622825801237997e-05 0.0002574019623698379 0.00027759719099126705 6.838481737842296e-06 0.004283676525566562 7.475111016423694e-06 0.0002313723155782643 0.004114768093619558 0.0032208578672946915 0.0005077136883210648 3.089884703564378e-05 1.0287565371612377e-05 0.000607045358971813 3.5871936373366454e-06 2.430104851129685e-07 6.621144069169833e-06 2.0521154067408115e-07 0.0 0.0 0.0 1.0374482449881992e-07 0.0 2.648842422529884e-07 0.0 5.209808007052132e-05 0.0 0.000375467376299399 0.0 0.0 1.6105065593820712e-07 3.3157914868999573e-07 7.089815702580496e-06 2.164841323956678e-06 0.0 0.0 4.703799954733211e-07 5.1385547996269894e-08 1.0314406274433562e-06 3.58340093425647e-05 3.095659936416227e-05 0.00010135860477353109 2.856671891868966e-07 3.7913167666080644e-08 0.0 3.92657833324106e-05 0.0 0.0 5.374293799149796e-07 2.332317409334944e-06 2.8117261752659517e-06 8.121746468887235e-05 3.802568259818297e-06 4.039331977641518e-07 5.903558790641411e-08 0.0 9.121017247384729e-05 0.0
7.60466675599053e-07 2.203313193646458e-06 6.668974322567412e-07 0.0019945158690095432 1.2731387192743254e-05 0.0027453940528975426 2.4807086452158798e-05 0.00041999066775808534 0.00030609202053163753 0.0016180848333152867 2.3393196745959955e-05 0.0 8.921957426588799e-06 0.00017645758246721114 0.0004894292492480319 8.064344925190215e-08 4.185566414942015e-07 2.7707638087781702e-06 3.175787317505076e-06 0.0018635791065523158 4.429672002536304e-07 7.910380063710686e-06 3.3776689871772094e-07 0.00033454315478954216 6.530879896002435e-07 3.5209877793424674e-06 3.9536462618039805e-06 0.00111371483974641 8.674049230499936e-05 9.799476629768895e-07 4.850956896345008e-07 3.354470626297682e-05 0.0 3.661212840178536e-05 2.2849159938047778e-07 0.00011686590880669185 2.5745203074338373e-06 6.719136500895991e-05 7.622846544556818e-06 0.0005841172386343285 5.757702518007548e-06 2.078300513837768e-06 1.0872964887434208e-06 0.0 0.0 1.0095553359552786e-07 1.5007633758673564e-05 0.0 8.928875167818508e-06 5.925377771043782e-06 1.005084642130632e-06 6.792078702481273e-06 2.460076015890661e-05 4.7281183117681775e-08 6.054086932385908e-05 0.0 6.913746460927284e-07 1.1585983641766678e-06 5.84315217088533e-08 0.0 4.9333277276138255e-08 0.0 5.674792187319293e-06 0.0 0.0 0.0 5.279841581828764e-05 4.988590618704363e-08 0.0 6.873507050571986e-08 2.8819782466377376e-05 6.797065282123378e-07 0.0 0.0 4.886590330102451e-08 0.0 4.721429150936193e-07 0.0 3.806554054399481e-06 0.0 1.2600941491008353e-06 5.136023087854493e-07 1.0896747720731599e-05 3.5785575126471235e-07 0.0 6.226057822912069e-08
9.274968970849126e-08 0.0006239147470316257 8.999515908058937e-06 5.505203261433798e-07 7.554480388712449e-05 4.476726177872833e-05 1.786111294969722e-05 9.028261964019719e-05 5.004534016513527e-05 2.0470507259549254e-05 0.002183201125586229 8.921957426588799e-06 0.0 3.185587845437854e-05 4.7859944404626585e-06 7.534206526318506e-05 5.3479115700749695e-06 5.486032794135993e-05 2.831908843554649e-05 6.685971841979832e-06 4.713368392648343e-05 0.0001882285791553488 4.9670519835387264e-05 0.00011346004147400448 0.002953260497399082 0.000273868715042392 0.0028164959282058304 0.000135067579458961 0.00010266967820525772 1.2380669020258889e-05 0.00044048807069719344 0.00018760038925086738 4.807421657905242e-07 0.00025875265972400834 9.11883368296758e-05 0.0016243576470016258 0.006078003549280459 0.0030758940354686545 0.00026643339964855297 0.0001630859418757203 3.4651527097017425e-05 0.0005317222251841727 1.0536005064310537e-05 4.895122581731948e-07 6.040605469479613e-05 6.220454333732615e-07 1.1346307195120023e-06 7.118710182069377e-07 6.321505177146919e-07 1.4656081551453846e-06 4.071178894065752e-06 5.331163313129611e-07 1.5001995005865734e-07 0.00027566844503526544 5.3520470889567305e-08 0.0013166468542792828 2.569222038595816e-06 0.0 1.7817010092869152e-06 8.72488139128335e-07 3.3082276310053166e-05 9.858960178998647e-06 5.6652857657793295e-08 6.639129493773383e-07 1.7935596463473574e-06 4.2920841557708327e-07 8.025097928437097e-06 0.0001519523699708801 0.00013194071950648492 0.0004905062865597537 6.173505190065999e-06 2.029981650357378e-06 1.3626067040058658e-06 0.00011500633579415045 3.5481961800697687e-06 0.0 1.911589151169503e-05 1.1338253328217008e-05 0.00017476063004831724 0.0003160382123030885 0.00015753952058344885 2.4718379884780933e-05 1.4688691877943347e-05 2.201767004091313e-05 0.0004290997122706021 1.0896970712039052e-05
0.003063851154409703 3.424788427623732e-08 0.0005000135437113324 1.9662631031362142e-05 3.0146286240866417e-06 0.0004268633611820163 0.005666590461952512 0.005033903972913352 4.169803524352666e-06 0.0012675642944419106 0.0001315998604527076 0.00017645758246721114 3.185587845437854e-05 0.0 3.2712983164399226e-05 1.287746368040444e-07 0.00019105004766899447 2.8858145184421875e-05 0.00012441449393379474 0.00017192283753412262 4.053722984014488e-05 7.085332962987764e-08 0.000402141861936457 5.2000797214596804e-05 6.470784816278091e-07 0.0004400173358979898 0.00011984928817258068 0.00030605442999999123 0.002106967789479847 0.002429898727206554 2.1408661784649834e-06 4.7458435164262235e-05 2.5789836453337942e-05 0.00030695604144862783 1.5155504240809887e-06 0.00021436907758280754 4.609062690764218e-05 0.00028956932962262937 5.8299175999533936e-05 0.00020280433278848514 1.7957634693902386e-05 9.672244036973624e-06 4.830288583600814e-06 3.109009302269881e-07 0.0 2.9114127022625793e-06 6.280683569888447e-08 0.0 1.0836760185332459e-07 8.431708461781624e-07 1.2770877050080623e-07 4.4679711218477224e-08 2.2423436862116e-07 4.303556250617573e-07 4.4948158024799276e-08 1.917471665026126e-07 4.7284458641173594e-07 0.0 1.468371914621608e-07 2.442841705962619e-07 0.0 9.312399741576865e-08 0.0 0.0 0.0 6.149373251718384e-07 5.103855556737245e-06 0.0 5.65329037865727e-07 8.500595944587217e-06 4.839466119446531e-06 2.749257796121777e-07 9.158167029947709e-08 0.0 0.0 5.465469091444611e-08 3.359683258156977e-07 9.473638542245011e-07 3.1410979011858087e-06 3.8270723627797514e-07 1.925917596261446e-06 8.475962975956195e-07 1.5145279675965176e-07 6.285483185937343e-07 1.5111624585336786e-07 2.2920810492347897e-07
0.0 5.220688931705185e-06 1.4892746860496475e-07 4.306394663718659e-05 0.0007936558292208309 0.0003090244273820834 8.135285016618455e-06 0.00011083497500191082 0.00027970508291918827 7.622226322052726e-05 6.74774451028451e-06 0.0004894292492480319 4.7859944404626585e-06 3.2712983164399226e-05 0.0 2.14126230980415e-07 8.392853142751626e-08 3.4042852944150295e-07 5.693751891423319e-07 0.0001224591543709072 0.0 1.3373648067296297e-05 0.0 0.00038421929607469307 1.3880369673229659e-06 6.548603644026658e-07 2.732613260028104e-06 9.072131428839994e-05 2.549403606692909e-05 1.8709964920441097e-07 5.614703889998615e-08 0.00012670703491097262 4.5472832351852105e-08 8.299020396329899e-06 0.0 5.140747370211658e-05 7.538487208730125e-07 1.8607018769635917e-05 3.4486930580353485e-06 0.00042715430428368024 4.3459469310419653e-05 4.6675666070217394e-07 9.310427973848127e-07 7.547655447690393e-08 0.0 0.0 2.6668530102163198e-06 0.0 4.5517174294497567e-07 1.1617822156290503e-06 0.0 2.201784769240006e-06 1.4096768167733347e-07 1.003161337537574e-07 1.6091284589770592e-06 0.0 4.0105975391345465e-08 1.2187668874695654e-07 0.0 0.0 0.0 0.0 5.003215648445324e-07 0.0 0.0 0.0 1.612109835588645e-05 0.0 0.0 6.260128137893884e-08 9.489244414710095e-06 1.9581745497788526e-07 0.0 0.0 0.0 0.0 0.0 0.0 1.0026558871239511e-06 6.235039941513334e-08 4.531522670339306e-07 0.0 2.113882044551033e-06 0.0 0.0 0.0
3.512054035596045e-08 6.41117695179932e-05 6.353056291881843e-07 0.0 0.0 0.0 1.7431351661675884e-06 5.530071790737056e-08 2.127778112627222e-05 1.9970220757418085e-07 1.1351037495490566e-06 8.064344925190215e-08 7.534206526318506e-05 1.287746368040444e-07 2.14126230980415e-07 0.0 5.762991063776762e-06 5.438097100236896e-07 1.265189782974886e-06 1.0225160283740433e-07 0.0015335265566606244 0.002178202292113326 0.0024355565036185923 0.0008279116464831513 9.89044764020549e-06 1.0779435909286343e-05 0.0033080756663532163 0.0002685094023674404 7.940602497044654e-07 4.011298695988471e-06 1.36822317960095e-07 1.1720188353743454e-07 6.363623721234808e-08 7.618243045910749e-06 2.835210314915556e-06 0.0006407188098774181 0.0004093764282337544 9.214290558442975e-05 0.0001311420537520285 1.4882234287029491e-06 1.1171300784735741e-06 1.1548663179467607e-05 3.634762646426587e-06 1.895771580647009e-06 6.474779140614689e-06 1.4970816107495489e-05 6.326187166590122e-08 0.0 2.47010562924844e-07 4.2987396755153595e-06 5.522215800765278e-07 9.571989708938693e-06 3.7065648489407087e-07 3.539413789253169e-07 5.388662327395011e-08 1.8810833570471585e-06 9.249065394387455e-07 0.0 0.0012825385810061197 6.301298898909248e-06 3.6749962302466066e-07 2.2997057495003747e-06 0.0 0.00016576181626211316 9.515073688843747e-05 0.0006529859537649056 0.00023956534168738153 8.435288097538155e-07 1.6147837750965228e-05 0.0003429214191494471 0.00011782026362044631 6.12710405730923e-06 6.605044475465858e-06 2.772431881293046e-07 0.0 6.226070395321011e-07 2.1697654038099277e-06 1.3150723497109345e-06 3.241547154832257e-05 9.867834132264676e-06 8.177104580906882e-06 5.961106554194174e-06 1.5577957942466813e-06 7.615774159652959e-07 1.128157338965124e-05 4.033439103876393e-06
8.56346553243639e-05 1.5868410452295245e-06 0.0018508556055446346 5.546988834555578e-08 4.25796367291993e-07 1.3881453679722943e-05 5.7698584818848746e-05 0.00014649446563092398 2.1701457907183326e-07 1.3851634796362667e-05 0.0002823590122784076 4.185566414942015e-07 5.3479115700749695e-06 0.00019105004766899447 8.392853142751626e-08 5.762991063776762e-06 0.0 8.79492270098344e-05 0.0009096492916087003 7.029052924439679e-07 0.00023657196431571897 5.226478437741974e-06 0.0020094947813709208 8.468737408578253e-06 3.153065403739852e-06 0.0024498411211224917 0.002446193315186268 3.3777257891990415e-05 0.00019611992515204847 0.00026826729149146013 1.4089398057226752e-06 2.71855520026791e-06 1.0372490870715631e-05 0.0013634769664115606 2.845083095843247e-06 0.00042087001728787176 0.0007725056807548006 0.0008476388809809357 0.0003068349793789203 3.0346429036791917e-06 5.306909157572751e-07 2.6259685561339746e-06 1.2804703831717314e-06 0.0 6.030810659100946e-06 4.099677832783828e-06 0.0 0.0 0.0 1.4763247699814038e-07 0.0 0.0 0.0 1.1864061765704711e-07 0.0 1.3178336890745408e-06 5.673772902856646e-08 0.0 7.774538052701353e-07 7.632237129461177e-06 4.4551433986353944e-07 8.086855887327732e-06 0.0 1.0396197405015997e-07 1.000736737818594e-06 1.1503380266594945e-06 1.2254737470874076e-06 2.968408856700316e-06 2.8118079452395747e-05 8.497865971709629e-05 4.253644883019296e-07 4.284616692809525e-08 3.798502765905756e-07 7.880705135954877e-07 0.0 0.0 1.257103784891148e-06 9.576928461675986e-07 3.3148820542409548e-06 2.2542129921634752e-05 4.472347023361953e-06 1.26064703676592e-06 0.0 0.0 0.0 1.120146111097837e-07
8.208750472731388e-06 1.2719863328795675e-06 2.112594880105921e-05 3.335849867337141e-07 1.5086640682111282e-06 6.126592564224484e-06 6.499349362879343e-06 1.83957714772273e-05 1.5611280123012428e-07 1.395108732130047e-05 0.0024881488153708493 2.7707638087781702e-06 5.486032794135993e-05 2.8858145184421875e-05 3.4042852944150295e-07 5.438097100236896e-07 8.79492270098344e-05 0.0 0.0008121376438021239 3.2368260128375767e-06 1.3709832398056613e-05 5.386834366106566e-07 4.877017651358534e-05 1.19672176200292e-06 6.18220251468515e-05 0.0007673458450951831 0.00020239990523325126 5.440466055630682e-06 5.99595848731622e-05 1.2154407626192985e-05 1.0963930610153049e-05 1.3499007803430945e-05 2.1327647799413335e-06 0.000412087906056685 3.328860664291471e-06 0.0001818546549233956 0.0006061664710990564 0.0008246313534242546 0.0002557468660543667 2.363396343355353e-06 4.092399902692523e-07 1.9279269168319994e-05 2.8428766654714897e-06 0.0 2.007565590120286e-06 1.1975676141938468e-07 0.0 0.0 0.0 0.0 0.0 1.0483099843887407e-07 0.0 3.993538734555829e-06 0.0 3.2454240163393375e-05 0.0 0.0 0.0 1.8448836899973183e-07 4.444286368560911e-06 1.9115716100714876e-06 0.0 7.00462723008285e-08 1.6366845370403492e-07 0.0 4.886212853417524e-08 1.2333906459664633e-05 2.7592309754974918e-05 5.475775310889025e-05 9.824783549535023e-08 0.0 5.352792909826151e-08 8.794218701486543e-06 0.0 0.0 3.037004620044296e-07 1.217019754898364e-06 2.0437225901280617e-06 1.871213325002101e-05 9.341524137852704e-07 1.6857958367165802e-07 6.156927838733909e-08 0.0 1.5626881477933955e-07 1.8451803136116703e-07
5.18457332566891e-05 4.530078341041091e-06 0.0001557150841570667 3.2781085373933487e-07 1.2172214248614551e-06 1.0493599184361245e-05 1.561951064595982e-05 8.080482966112216e-05 1.9086818160008325e-07 1.955140586707639e-05 0.0017675998573637173 3.175787317505076e-06 2.831908843554649e-05 0.00012441449393379474 5.693751891423319e-07 1.265189782974886e-06 0.0009096492916087003 0.0008121376438021239 0.0 4.534190459412556e-06 0.00010887170342098535 1.839891792195787e-06 0.0003929202228716549 3.923027818897519e-06 0.0001064236193249107 0.0017694948145749465 0.0009797078265014374 1.269306664554163e-05 0.00019010533569198325 8.355389758038307e-05 1.0119353072755158e-05 1.6165395156582235e-05 8.63960444920976e-06 0.0022996284417517035 8.352678220026112e-06 0.000415842536308733 0.0006669424584124084 0.0014048395409166903 0.0004147778439914706 3.7724551151171173e-06 6.206979785955652e-07 5.323756392557895e-06 3.6991717701954977e-06 0.0 1.1896229920876159e-05 7.669214721163661e-07 0.0 0.0 0.0 4.183370748744113e-08 0.0 1.3133882374811157e-07 0.0 1.7653724394435303e-06 0.0 1.057787610850395e-05 1.0179193364849675e-07 0.0 5.817433284024263e-07 2.4358503202493437e-06 4.440498767504317e-06 1.2584676148509695e-05 0.0 6.404369285206269e-08 9.448730377889837e-07 3.2116999774635297e-07 8.106412875225656e-07 1.783372529016291e-05 8.034215169688399e-05 0.00012292840811902858 2.415934345935717e-07 4.804796916394911e-08 8.984684225053807e-08 4.191246142235161e-06 0.0 0.0 7.486843527564699e-07 2.667554623695267e-06 3.9082166566208866e-06 4.6246435076055055e-05 3.855784825446493e-06 1.1398049081106868e-06 6.085856284961805e-08 0.0 1.2890500629201892e-07 0.0
3.4802586843134725e-06 3.637026641992796e-07 1.9875628053016254e-06 0.0019436953682556615 5.270725624607024e-06 0.00018079692783027704 2.1177732075538056e-05 0.00020908481218914955 0.00022358558990235076 0.0009269610388969034 2.3293240405326104e-05 0.0018635791065523158 6.685971841979832e-06 0.00017192283753412262 0.0001224591543709072 1.0225160283740433e-07 7.029052924439679e-07 3.2368260128375767e-06 4.534190459412556e-06 0.0 3.8189382577278526e-07 7.599470302355769e-07 1.1822492450193398e-06 0.00023833934504071633 4.025565402942094e-08 4.061331401031784e-06 3.3827078960468486e-06 0.00206552263200764 0.0001105167700743921 1.8697910293832835e-06 2.5067605940636434e-07 1.2981601369851435e-05 4.662783916540333e-07 4.229119728426658e-05 1.2184504402409206e-06 0.00014454842803420073 2.2083937528064453e-06 9.264758837790444e-05 1.0803538063505851e-05 0.00024671055308282983 8.642588298902462e-06 1.2076814566032007e-06 2.573413506219452e-06 1.195150728393573e-07 0.0 4.894650066159087e-08 1.4593915902522654e-05 6.791358991430616e-08 7.015449669289824e-07 6.1520716742422805e-06 7.519362535138119e-07 7.195523101424273e-06 4.7352614979037975e-06 1.3694854129286891e-07 1.312167636787558e-05 3.5546583678241056e-08 3.3969621858440366e-07 1.8315324553296572e-06 0.0 6.28268115215177e-08 0.0 0.0 5.085215669754529e-06 2.0942053356606498e-07 0.0 5.179755770953817e-08 5.3988828912912816e-05 0.0 0.0 1.0818422124445177e-07 3.441411159568183e-05 1.948840160193879e-07 4.311486640026281e-07 0.0 4.223035937913294e-08 0.0 4.57399001506074e-08 2.1878087771729493e-07 2.7964044209779478e-06 1.1259904851972812e-07 8.647371424699729e-07 2.420227686601782e-07 1.263284705026209e-05 2.252842926227935e-07 0.0 0.0
1.0921782154082044e-05 3.0567277098602563e-06 0.000781970957451786 0.0 7.761058847349166e-08 1.6710311174665287e-05 0.0002727849902289089 5.864532660062898e-05 2.244475290354237e-05 6.28917329602964e-05 4.9414250006826085e-05 4.429672002536304e-07 4.713368392648343e-05 4.053722984014488e-05 0.0 0.0015335265566606244 0.00023657196431571897 1.3709832398056613e-05 0.00010887170342098535 3.8189382577278526e-07 0.0 0.00011519561905465221 0.006099626174822818 0.0003835973275339294 5.363969872700279e-07 0.0001112801935674825 0.00037416829873272863 0.001604003188056865 5.417215708905641e-05 0.00456428168566518 1.0014806225979197e-07 1.081653057051199e-06 1.0604646913295914e-05 0.0016674140284733173 1.9616037038461043e-05 0.0033534908633243063 0.0005701343994111386 0.002873023930676829 0.001695959320643366 1.0226601355780156e-05 3.4980114280265987e-06 9.048533082097278e-06 1.3151545632196622e-05 1.5062579070105402e-06 2.9273781456233943e-07 2.6680576570404394e-06 5.075859575260174e-08 0.0 0.0 2.8161475870740463e-06 4.920398177021567e-07 1.2038239669560577e-05 2.833907612434192e-07 0.0 5.869265033815457e-08 0.0 1.1478841877182663e-06 1.2049707843520462e-07 0.0001038742500515488 2.76601483853256e-07 0.0 2.468901021998489e-07 0.0 5.956421244782644e-05 4.608039946301569e-06 2.223629870724556e-05 0.0001721559684650367 6.499100712289812e-08 1.0143037065000265e-06 1.4490403524513412e-05 0.00011901358115462866 5.0372023797389245e-06 6.370081994190624e-06 0.0 6.362540606682405e-08 2.539500121081066e-07 8.902478052767962e-07 5.016351368279222e-06 1.7463862769636423e-05 1.8410413791747428e-06 4.00727671539637e-06 9.784182461720558e-07 9.12853797169745e-07 8.738033835769724e-07 7.018435120214274e-06 2.886430710773835e-06
0.0 0.0007848185990906883 3.071225042891704e-06 4.478064909286107e-07 4.673272106231132e-07 1.2242999650706143e-07 9.145650511908768e-07 1.2190062198644788e-07 0.0013819179873858414 3.350871947755645e-07 7.267820209358174e-06 7.910380063710686e-06 0.0001882285791553488 7.085332962987764e-08 1.3373648067296297e-05 0.002178202292113326 5.226478437741974e-06 5.386834366106566e-07 1.839891792195787e-06 7.599470302355769e-07 0.00011519561905465221 0.0 0.00025159190005173107 0.0037055458991233155 0.00039899467730287504 1.4749591537044957e-05 0.003120271768118511 0.00010305062347169542 8.91642000191754e-08 1.1986695416971628e-07 3.3957090119567357e-06 4.470123956618555e-08 0.0 2.0464611621680663e-06 0.0 6.9689779057746365e-06 1.9520791421160953e-05 7.393185738542268e-06 9.987248266620815e-07 2.926860405908344e-06 0.0 2.883551644955866e-05 0.0 1.8711790202862742e-07 7.55774930818878e-06 9.341344197152333e-06 0.0 0.0 3.946837160799525e-08 9.78134791623341e-07 4.890016844268243e-08 9.875980401807165e-06 8.70488237209904e-08 2.1996348781784842e-07 6.258946027036687e-07 2.192193607228441e-06 1.311565085976237e-07 3.7734827588618394e-07 0.0003528380120425176 3.455069479433869e-06 5.7921252379164095e-08 2.1240072904092727e-06 0.0 3.647881864745438e-05 1.3586398611895987e-05 8.65293480698141e-05 0.00010402891807903235 1.0296880123277234e-06 1.0442635761844563e-05 0.0004627114645603046 3.177560577246791e-05 6.910790057442576e-07 8.903022075819287e-07 6.323607904931993e-07 0.0 8.78213236683675e-08 8.038566220451255e-07 1.9916188622970427e-07 4.87311432112542e-06 7.311641900850971e-06 2.7245423701442638e-06 2.389634385469037e-06 7.026902433677292e-07 7.661127983347387e-07 6.688292879143802e-07 0.0
0.00014692643820476313 2.3837221690679765e-06 0.006428733872215711 0.0 5.122278309389458e-07 2.8297671845290257e-05 0.0007284186333291483 0.00028751126914379504 2.966751347444285e-06 7.053644057390595e-05 7.702817753799781e-05 3.3776689871772094e-07 4.9670519835387264e-05 0.000402141861936457 0.0 0.0024355565036185923 0.0020094947813709208 4.877017651358534e-05 0.0003929202228716549 1.1822492450193398e-06 0.006099626174822818 0.00025159190005173107 0.0 0.00020827444992995716 9.80513308745091e-07 0.002381033016695658 0.00653576925285003 0.0017796249720563088 0.0003613575679073447 0.002119790930849735 8.835951927115786e-07 2.1871398519572506e-06 2.0595895976151973e-05 0.0018056489851697006 9.427251064402902e-05 0.007206373820173817 0.0035639655519855476 0.005138768143845 0.005360993353604792 6.744637410192345e-05 9.231835964258817e-06 1.6587976548860344e-05 5.059958094714786e-05 9.45706058816789e-07 1.4080552317298752e-06 7.616498790990435e-05 0.0 0.0 2.935482509165521e-07 4.965332904182383e-06 8.897478069659375e-07 2.4080749708504443e-06 3.2020244585453834e-07 1.2508628806666842e-06 0.0 7.312315660203569e-07 9.201655053360195e-07 4.368950463723316e-08 0.0007902590274899753 6.7725870515356745e-06 5.8101273445541e-07 1.958301777686675e-06 0.0 8.845337497364155e-05 3.4542847528949e-05 0.0006086850077602 8.790753163841947e-05 1.1850375800542522e-07 1.2098255719670264e-05 0.0005198599145997812 3.976292307930618e-05 2.424248878754679e-06 4.769535026241275e-06 2.1944720930286847e-07 1.2615496687562602e-07 1.0002412509629534e-07 2.41885255730358e-06 2.1114649267852486e-05 6.321236410094247e-05 1.1953368441863282e-05 1.87290345372321e-05 1.2009521261636048e-05 1.928447043173832e-07 4.55305290543104e-07 1.421970233914814e-06 1.2979269385863602e-06
