0.0 1.3924460405207375e-07 0.00026550209162435066 4.898950337438505e-06 1.41026786646462e-06 2.0146680648047947e-05 0.0013426744260171002 0.000660584150671468 2.997040446272932e-05 4.34837061252401e-05 2.979908391298031e-05 2.59164314486791e-06 3.4686846196885134e-06 0.0038202645622624127 1.4160488170235924e-06 3.707790861986911e-06 0.000165360444790851 1.0328984149869653e-05 1.9790574820575137e-05 1.930757370446494e-06 7.267894167115694e-05 9.469210707301249e-07 0.00021231357480781858 5.27613396403875e-05 2.123658147462042e-07 0.00021818418083227145 2.468064901104964e-05 6.709688981185377e-05 0.003106617310511398 0.00276072855577616 7.915273499531896e-07 1.2767498604802387e-05 0.00027049347137709856 0.00020200658605745462 1.0218152159968688e-06 0.00014154178944913081 1.6718335770335088e-05 0.00021114448412939404 3.305002055475614e-05 1.8961484691779883e-05 6.299537386762221e-06 5.866860688632903e-07 4.2748180057675975e-06 3.1792716202022685e-07 1.5530703646327043e-07 8.175755789424562e-07 1.3476940570921339e-06 0.0 1.4315232406050144e-07 6.40471511204348e-06 1.0906188642268877e-06 3.983726454075354e-06 1.8890803471956614e-07 0.0 7.114512285629476e-08 5.279604384731815e-08 1.1154012037311084e-06 0.0 4.909079524966152e-06 1.1888431807563107e-07 0.0 5.511015389638303e-08 7.235706005464903e-08 3.467772506350577e-06 2.384698962877101e-06 1.0494482316114144e-06 2.737503490465601e-05 3.4086881466930505e-07 4.839039823680161e-07 8.66123190253631e-06 5.27230712019835e-06 6.636631048015653e-07 7.410392774873922e-06 0.0 1.5303345065991263e-07 7.444523813502555e-08 1.1978458865357695e-06 3.121028810751456e-07 1.2187284573904735e-05 1.4535789391713163e-07 2.0807999180168906e-06 4.772112904259611e-07 2.662291627955914e-06 2.0877359249316015e-07 0.0 0.0
1.3924460405207375e-07 0.0 6.104143923231522e-05 7.166846945378521e-07 0.0 3.5740478327336696e-07 4.098645653388123e-06 5.818275992952158e-07 0.00048755210795219935 3.096262550055078e-07 4.338937876086156e-06 0.0 0.0001768985012250979 2.6696357964670406e-07 5.622247635918009e-06 3.220232753249419e-05 1.1009568992247952e-05 2.0203914744189967e-06 1.2052988118206374e-05 3.164253589932496e-07 7.062153759562144e-06 0.0022504049542367522 1.0723398539787591e-05 0.0005266019919452288 0.0013801768539320324 0.0001955318454725753 0.0027859832631960133 1.5529883881374762e-05 1.040055674772493e-06 3.4396945103175608e-06 1.5539440781050485e-05 0.0 2.0867439354662792e-07 5.082606369648329e-06 3.030051196437078e-07 1.1850532546120395e-05 2.0120118523410237e-05 5.269964633289882e-06 1.7961505631529155e-06 1.0286495535256701e-05 0.0 2.462449787322984e-07 1.0532335737652563e-07 0.0 3.754386103467425e-05 2.2961197972557407e-05 0.0 0.0 0.0 1.9100814831323037e-07 0.0 4.256257486904291e-06 1.0673139953107217e-07 2.7424065032750995e-06 0.0 1.3961662416092777e-05 0.0 0.0 7.648626787752754e-07 9.976840733893376e-06 2.3762070170254396e-07 2.1010427604258975e-06 0.0 1.7136163428112949e-07 1.040902227536552e-05 3.838497298911605e-06 2.9897432448305426e-06 0.00048122702950395096 4.585424956935795e-05 0.0008180398897792509 1.1600989241259284e-06 0.0 4.985703316794003e-07 3.092400340370689e-06 0.0 0.0 1.9915995039852e-06 7.922629871928798e-07 4.421997470885453e-06 1.3440769091557191e-06 8.049581264541078e-06 3.0313733405622674e-06 5.313711232170204e-07 0.0 0.0 0.0
0.00026550209162435066 6.104143923231522e-05 0.0 4.34183149650287e-06 4.97801444500918e-08 3.0689173851213487e-06 0.0007626472216571449 0.0001999365614925842 2.1868076986874508e-05 2.4914175233741755e-05 1.929558171053918e-05 7.853292261321484e-07 4.792374099580174e-06 0.0003479061308046304 1.415758711072217e-07 2.7599692556021547e-06 0.0012988003783322385 1.1439562087911521e-05 2.9905316172641503e-05 1.5034632356882473e-06 0.0005859485665572231 8.513209158798749e-05 0.006571475932038886 2.539173266346964e-05 4.557705099750722e-06 0.005310585232239356 0.00451567735970027 0.00011315821810256828 9.718792662979768e-05 0.0010430552708471045 2.111275318444366e-06 5.78100578720504e-07 8.560560810491193e-06 0.0003644215879395476 1.1864631028663484e-05 0.0008094106496805743 0.00045337984048236893 0.0005562407591501763 0.00017381213077666445 6.545166199682451e-05 1.3358973865465506e-06 0.0 1.4042198720967528e-05 1.4203008918923112e-07 0.00018099017538048684 0.00020286119802849923 1.4421031432474578e-07 0.0 0.0 1.2356962797025338e-05 0.0 3.5196155594925585e-06 4.392226326949714e-07 8.306396597505184e-07 1.5310826537633952e-07 2.4124173727340535e-06 1.1999629123044746e-06 0.0 4.0690177779864396e-05 0.00011578053435834648 5.475134600053398e-07 6.599995576160979e-06 3.2938847995459454e-07 5.288915893079322e-06 6.0318196620615535e-05 0.00014354147803419674 2.109275164656779e-05 5.050007361263756e-06 4.8616588982484586e-05 0.002290028040280809 1.1503932307386899e-05 2.504597969080603e-07 5.1358757425237845e-06 3.414422466355138e-07 1.2570200097281408e-07 6.345643469475259e-08 3.0882233660115555e-05 1.8502401247266892e-06 7.977408405474867e-05 8.471362538731116e-06 7.424168096450018e-05 3.847611954155756e-05 2.571334202785906e-06 7.770178761318388e-08 1.2565884667672332e-06 1.751655572277284e-06
4.898950337438505e-06 7.166846945378521e-07 4.34183149650287e-06 0.0 7.917358659598854e-07 0.00017048765003977755 0.00018971445406359378 6.716771149407068e-05 0.00038246956579985166 0.002191662319445632 4.951023009139669e-06 0.002733694236181818 1.1677282313432557e-06 4.932982074009073e-05 9.910625231330879e-05 9.91118370600375e-07 1.5640529390062793e-06 6.736230717047251e-07 6.008406082983709e-07 0.0019077907648954247 2.582003930170953e-06 3.2293934263711915e-06 1.7142111833687931e-06 0.0010711091687586295 5.113164805465289e-07 6.188731654990487e-06 3.87779947047356e-06 0.0015702019257692681 6.687481221825641e-05 1.7261895835217842e-05 0.0 3.5271845864824213e-06 3.781799636998747e-06 3.1622695389650264e-05 7.813344733966501e-07 0.0001472645979136677 3.720343001086571e-06 8.979332562190991e-05 3.384531646652023e-05 0.00021700761199213158 8.143305737187474e-06 6.907480896704891e-07 3.6157757620080397e-06 0.0 0.0 3.587181746888116e-07 6.451503208348108e-05 0.0 2.4816496447856355e-06 4.259780209157831e-05 4.7718843921484045e-06 0.00014016884906004398 2.831621694743478e-05 4.747984428427119e-07 2.8866004459364116e-05 0.0 1.6355019395600506e-06 0.0 4.325688218056698e-07 0.0 0.0 0.0 2.288973568991962e-05 7.559553958943572e-07 2.539372216522359e-07 9.125879334930634e-08 0.0003089658106897044 0.0 0.0 5.838646641873273e-07 6.46203927493417e-05 1.3195966723239222e-06 3.855291700805154e-07 0.0 0.0 0.0 8.79241898517066e-07 2.4361922230846896e-07 2.7795448284274075e-05 0.0 3.723236998166427e-06 9.161161512618335e-07 3.37320845721232e-05 1.1609005668728303e-07 2.2928496276383951e-07 0.0
1.41026786646462e-06 0.0 4.97801444500918e-08 7.917358659598854e-07 0.0 0.0004431479157523484 2.5046159500373073e-06 6.886870028982146e-05 2.0287140310894153e-05 5.000909970548325e-06 3.6075280746702025e-05 1.9200121988467446e-05 1.0404807330065949e-05 6.4551126827146776e-06 0.0008599547055984689 0.0 3.567721351530676e-07 2.0749249335047105e-06 1.9269464858233877e-06 1.3627677770073366e-06 3.022508328702374e-07 0.0 1.5222960443363484e-07 8.038130238927043e-06 0.0 2.2085191149011158e-06 4.3023734287750497e-07 3.1328565089232984e-06 2.943257263439893e-05 1.5490990168031446e-07 1.766014752796995e-07 0.00012347582137091733 5.366331449663196e-07 0.00028615447601072845 3.591385495875815e-07 2.051780206689669e-05 9.445930194365451e-07 9.460393012335989e-05 5.1723763633239514e-05 0.000733663986595685 2.2928857355087717e-05 2.6758709556914434e-06 2.799264614269543e-06 0.0 0.0 0.0 0.0 0.0 0.0 4.49529642891593e-07 0.0 1.689322323528233e-07 0.0 0.0 0.0 0.0 0.0 0.0 0.0 0.0 0.0 0.0 0.0 0.0 0.0 0.0 9.355591306572819e-07 0.0 1.334460444912493e-07 0.0 2.7789937716642745e-07 0.0 0.0 0.0 0.0 0.0 0.0 2.3957692620962688e-06 7.72041402709906e-07 0.0 0.0 0.0 0.0 0.0 0.0 0.0
2.0146680648047947e-05 3.5740478327336696e-07 3.0689173851213487e-06 0.00017048765003977755 0.0004431479157523484 0.0 0.0005766318507758721 0.006681316613434409 0.0001058809760494497 0.0023879673278542537 8.073229893660598e-05 0.0025851414807312755 1.9761015992235533e-05 0.000596566860350213 0.0023287157238248675 1.6799052317939503e-06 2.0217563415609795e-06 1.412401623610059e-05 1.0617866638154633e-05 0.00017290899167819192 2.322942554895687e-06 1.0300579003065318e-06 1.8612948489249672e-06 0.00024996607095874746 1.858245619548031e-07 1.6650688911111264e-05 4.838758051400785e-06 0.0002772532982649188 0.0003738615071363406 1.3211930097952562e-05 8.47252839590243e-07 8.436516375466634e-05 1.0335079039740262e-06 0.00040020138511049854 3.0560365273900485e-07 0.00013178095878354137 6.301269406301118e-06 0.00022586619231947168 6.50699775310089e-05 0.0016886874591502607 0.00014617000709895022 2.220387699856939e-06 5.906698413973927e-06 6.100407043969917e-08 0.0 0.0 2.5266392508651734e-06 0.0 0.0 5.830918780745044e-06 1.7077748154026344e-07 5.6272053326823515e-06 3.5270703210102405e-06 1.102485857780939e-07 1.047162868493288e-05 5.743002077073269e-07 8.504569716840102e-08 0.0 5.5335186581821716e-08 0.0 0.0 0.0 9.588967551418672e-07 6.693212678847854e-08 3.547213361811689e-07 0.0 2.564214612610304e-05 0.0 1.2735028358712645e-07 4.007799546301216e-07 5.0033201485315604e-06 5.849162935527742e-07 4.559350538558319e-07 0.0 0.0 0.0 3.751280129317434e-07 0.0 5.552873479569414e-06 0.0 1.4769280142153952e-06 7.318674537241523e-08 2.198733896154041e-06 2.7655274522876923e-07 1.9908333523227804e-07 0.0
0.0013426744260171002 4.098645653388123e-06 0.0007626472216571449 0.00018971445406359378 2.5046159500373073e-06 0.0005766318507758721 0.0 0.0019505989330782993 0.00018326026121581138 0.003951805942491619 2.5105458901726214e-05 3.220636469749939e-05 8.064572269230465e-06 0.0024559658313071074 1.2461753157223872e-05 3.992244069520091e-05 8.71943130108927e-05 5.651274055615775e-06 9.692569784237658e-06 4.920197815777802e-05 0.00076951155084261 2.5234869094824972e-05 0.000634281263466089 0.0014963256462548204 2.3470298520302637e-06 0.0004814518036148515 0.0003037856696925714 0.009818901476407411 0.0009524908012177103 0.00385928863549373 9.811423295976632e-07 1.4899081170344622e-05 3.9328661480268665e-05 0.0002040984414153298 6.1691989073519055e-06 0.0008381158063415846 2.939408997354163e-05 0.0006043574918165178 0.00024016431030591512 0.00016618467164762312 4.415667885507346e-05 1.3890929805292174e-06 2.268437809312059e-05 9.99507689870919e-07 3.200066274113178e-06 4.651579150038797e-06 2.741796318402885e-05 1.93395599384182e-07 1.9034626877902687e-06 0.00012906284674212853 1.1217619914130059e-05 9.838694907544623e-05 1.7956308824294475e-05 1.0805374658352847e-06 3.92653218535223e-06 1.4537531929570276e-07 6.934863930409181e-06 5.432516060198168e-07 1.528470440262808e-05 1.3290345040724193e-06 4.605384895192687e-07 7.156621011923049e-07 1.1628015000557541e-05 3.43734019147817e-06 5.484574809487974e-06 6.768740960054307e-06 0.00036140508312694605 9.074435342261916e-07 1.3576363726188376e-06 4.66356445725214e-05 0.00010264055264564862 7.403996144869166e-06 1.2961814142701264e-05 0.0 2.868544303502317e-07 2.518370515591005e-07 4.47973431815523e-06 7.031851139225841e-06 6.625872438016685e-05 3.057656885140728e-07 1.5636255261567157e-05 7.097049221911033e-06 2.9158197020959624e-05 1.2618798164503666e-06 3.5627526938689236e-07 4.2361103781409165e-07
0.000660584150671468 5.818275992952158e-07 0.0001999365614925842 6.716771149407068e-05 6.886870028982146e-05 0.006681316613434409 0.0019505989330782993 0.0 0.00014193236755791338 0.0012092873113971213 0.00017014141294668684 0.000589504575695501 3.189603890370799e-05 0.0040939861208546076 0.0005150670610193532 5.04171598382651e-06 0.00012463568643902373 3.1532506781034396e-05 3.366502763800288e-05 8.673806065129838e-05 2.7188855370648628e-05 2.6224076813391718e-06 8.668686057155507e-05 0.000421989322597701 7.264490838132177e-07 0.00023187923120607308 3.643529324894305e-05 0.00040496684383662225 0.0010731776800652051 0.00045506883098450293 1.6053921636896224e-06 0.00012532206725140378 8.511123782621315e-06 0.000489180102234966 2.4099495182073162e-06 0.0002852295111335794 2.163504185758593e-05 0.0003568906740663344 0.00011256773505736835 0.0006702658941023695 5.669135499459681e-05 4.077733263995843e-06 1.12701580002251e-05 1.3655249323679843e-06 3.620417419563733e-07 1.64841298684212e-07 1.2652399435840739e-05 0.0 3.75091515215016e-06 6.559660718093777e-05 4.964852365868348e-06 2.892687858572838e-05 3.6568787694647946e-06 6.457302997714087e-07 1.4745433457433993e-06 8.703741652659775e-08 6.086608338204357e-06 0.0 4.101666491780788e-06 4.910998350589942e-07 8.639712685282063e-08 1.238989239323239e-07 2.2048460419048066e-06 1.7685231127362818e-06 3.2891066392678705e-07 6.860125394102658e-07 0.00018178481519214176 2.2528827021316405e-07 1.195199672595082e-06 8.962703376992741e-06 5.3650075069715075e-05 3.858853837089793e-06 1.108534747194596e-05 0.0 4.5600880449888474e-07 2.4057176795658606e-07 3.023085786255905e-06 1.2698118384177222e-06 3.021643719648982e-05 8.292968556520327e-07 9.451462067005707e-06 4.037615795648117e-06 1.0187447640060687e-05 2.2282831949161734e-06 6.576845991333072e-07 1.0764010595089483e-06
2.997040446272932e-05 0.00048755210795219935 2.1868076986874508e-05 0.00038246956579985166 2.0287140310894153e-05 0.0001058809760494497 0.00018326026121581138 0.00014193236755791338 0.0 0.0001327234843649118 1.0872449352140285e-05 0.0002599418225052519 6.0585566360835715e-05 0.0002505333873939454 0.0005319766006192117 2.6995265855662756e-05 4.337306985892389e-06 1.4552283517750524e-06 3.369859139369109e-06 0.00043186146297976175 6.083931589595296e-05 0.002066853442959982 2.7967182579650558e-05 0.004937778153974884 0.00042959301312899987 2.304694969182602e-05 5.656540065756911e-05 0.0008369403972331314 0.0003315700020495951 0.0005956426745348554 9.564017540317133e-06 4.3157496738696954e-06 2.6814716296210752e-05 4.895384301748698e-05 2.6906225344551094e-06 0.0003032818140142777 5.988135649999608e-06 0.0001082518589565153 4.940170094931687e-05 0.00038075191468855436 1.2644314940633815e-05 1.747863685601363e-07 6.719461085463533e-06 7.314859650572539e-06 6.946045081590817e-06 1.286900734388242e-06 3.4783299476282506e-05 2.695979993227818e-07 3.633708449330965e-06 0.00011120801940062753 1.579360215964636e-05 7.265887391590088e-05 1.5133824542311308e-05 1.4852734239802505e-06 1.4715996310122164e-05 6.543521661570593e-07 2.6698638302160575e-05 1.6581874801062492e-06 7.200435591437929e-05 1.0055237865206716e-06 5.009115285166089e-07 4.23428497439273e-07 1.9374534909647922e-05 2.2475634407680842e-05 4.832649313038961e-05 1.039979506893731e-05 0.0007009045281643265 1.2910041092404082e-05 2.29745756442637e-06 1.810795959635411e-05 0.00010429630725852565 2.1083609608384098e-05 0.00011692607822770263 4.171876411848591e-07 7.399519206813417e-07 2.1571805832036558e-06 1.219909447474315e-05 7.169961417519809e-06 0.00012812764160890797 7.501061045166989e-07 3.1275668302120256e-05 1.1323584446338744e-05 3.8912009487028665e-05 8.136562991422243e-06 1.0283669323417398e-07 1.6172367952238078e-06
4.34837061252401e-05 3.096262550055078e-07 2.4914175233741755e-05 0.002191662319445632 5.000909970548325e-06 0.0023879673278542537 0.003951805942491619 0.0012092873113971213 0.0001327234843649118 0.0 4.802661825094793e-05 0.00486064812900395 1.2434186165949689e-05 0.0004847891798993322 4.474429898731925e-05 1.172725699027023e-06 5.702880988051097e-06 8.68528714092928e-06 7.497486554331318e-06 0.0012893059731170825 8.96170628374185e-06 1.3935216915780167e-06 9.66561141939195e-06 0.0010211149117184738 3.3940781838539085e-07 3.975222148728955e-05 1.405193990779339e-05 0.003289184605011596 0.0004281387955904306 9.833084282174802e-05 7.691348721640251e-07 2.8327558194576304e-05 1.2325678917414952e-05 0.00021586430108545894 1.4341325698075973e-06 0.0005074812584325043 1.577897328831753e-05 0.0004720931964842141 0.00014029116933696021 0.0002524631667208794 4.494402332317698e-05 1.4927265093469532e-06 2.0533213879647464e-05 2.9775889891318327e-07 1.5789817754442085e-07 1.2074085774072956e-07 4.091401721059653e-05 0.0 1.4186141472629898e-06 3.939638067764877e-05 2.8788923652730434e-06 7.593291590812692e-05 1.477253393728289e-05 1.336974200551278e-07 2.933027828900523e-05 1.8818384803936924e-07 7.518648953883588e-07 0.0 1.5174262984154838e-06 8.402680453821643e-08 0.0 0.0 8.464014297549776e-06 8.93381145428613e-07 7.179185582393152e-07 3.677431224267604e-07 0.00019683698337464494 0.0 0.0 2.2699929596105573e-06 3.749437923097346e-05 8.992690730279836e-07 8.632406691580302e-07 0.0 9.649767856515542e-08 0.0 8.250446065766114e-07 1.5001126522568805e-06 3.1625668533072674e-05 1.0543163861305079e-07 1.4093669353136904e-06 8.933981235197037e-07 1.3515633084939475e-05 1.7247957048430059e-07 1.204922930255425e-07 1.0804735696416644e-07
2.979908391298031e-05 4.338937876086156e-06 1.929558171053918e-05 4.951023009139669e-06 3.6075280746702025e-05 8.073229893660598e-05 2.5105458901726214e-05 0.00017014141294668684 1.0872449352140285e-05 4.802661825094793e-05 0.0 2.992410693626646e-05 0.0010038696754538698 0.00010744799341212666 4.506904763182609e-06 8.678629991862891e-07 0.0001568984830955479 0.000910120753546471 0.00039849628055426984 7.468867533487107e-06 9.62123526102909e-06 4.363175570104736e-06 3.19488556969861e-05 1.6068843834646292e-05 0.0003888690039884103 0.00088479081409568 0.00043850094123858683 1.5319978373767598e-05 0.0002332635572249902 4.0309937336949896e-05 0.00026043036296134915 0.00018092087932994886 5.374932345328459e-06 0.0034263063290504666 2.6178201455685843e-06 0.0002523073889826135 0.0013898074443378342 0.002827485299669953 0.000747346418601236 2.9554520871713998e-05 2.3593295905714715e-05 0.0004967683529368388 7.929055307247287e-06 0.0 9.330180104412867e-07 3.93760483871603e-07 3.45916190219285e-07 0.0 0.0 2.7093516194906953e-06 3.3529694040345144e-07 1.3755871350642526e-06 5.995816823731482e-07 0.00028457999777988267 1.1142319565915231e-07 0.00017368743384949285 2.8202542054809067e-07 0.0 0.0 1.3762464179769263e-07 1.129225629468439e-05 7.007810962650232e-07 0.0 0.0 1.3792860895266534e-07 8.666540894179321e-07 5.268820443665768e-06 9.34667798295677e-06 2.7291519180209254e-05 6.289417177471374e-05 1.8113151624675195e-06 5.206565164186952e-08 1.138626963971038e-06 4.712389491795896e-05 0.0 0.0 2.0071767001047066e-06 1.3779102144043684e-06 1.0855993226705585e-05 0.00018084092916000472 3.209581571344959e-06 2.345220277550587e-06 7.559139394073756e-07 0.0 0.0001452823728207746 0.0
2.59164314486791e-06 0.0 7.853292261321484e-07 0.002733694236181818 1.9200121988467446e-05 0.0025851414807312755 3.220636469749939e-05 0.000589504575695501 0.0002599418225052519 0.00486064812900395 2.992410693626646e-05 0.0 5.471474281812709e-06 0.00013413370334050065 0.0009361410423230816 0.0 1.3865838437222022e-07 3.6008349806402444e-06 3.954736603660312e-06 0.001509907324825055 2.7748455334070145e-07 1.359018957053326e-06 0.0 0.0003956592826928371 1.385625094779094e-07 6.160471462287768e-06 1.352942476593745e-06 0.0004946258466505388 0.00010568268492626093 3.91506530692824e-06 2.599761205469008e-07 2.069449659680543e-05 3.914635072871748e-07 0.00011547269880228899 1.1897533401542005e-07 0.0001937330548727572 4.046307344714895e-06 0.00014722835975080264 3.041246785587742e-05 0.0009920504176391543 1.702429048724659e-05 4.142685347983503e-07 5.5195263993532e-06 0.0 0.0 1.8090113682802347e-07 2.2674673452036e-05 0.0 0.0 1.349240013985013e-05 3.5825561351822397e-07 4.610934874030141e-05 7.916710770746205e-06 0.0 3.488545099101305e-05 0.0 0.0 0.0 0.0 0.0 0.0 0.0 5.6174073356382095e-06 0.0 3.583491389761914e-07 0.0 7.635979114168095e-05 0.0 0.0 7.888397313167027e-08 1.0407090713819273e-05 0.0 6.566830424241983e-08 0.0 0.0 0.0 0.0 0.0 1.9291983965462832e-05 0.0 6.82956812594144e-07 6.631355174479338e-08 1.5871972929248103e-05 0.0 2.671876706742897e-07 0.0
3.4686846196885134e-06 0.0001768985012250979 4.792374099580174e-06 1.1677282313432557e-06 1.0404807330065949e-05 1.9761015992235533e-05 8.064572269230465e-06 3.189603890370799e-05 6.0585566360835715e-05 1.2434186165949689e-05 0.0010038696754538698 5.471474281812709e-06 0.0 1.1077286485227338e-05 1.3400518303290624e-06 8.646883711163748e-06 5.955056843397445e-06 3.116354761107276e-05 3.261145840558761e-05 1.9403030643937716e-06 4.44455734248287e-06 0.00011623758308740367 2.005111033767795e-05 6.256156637495174e-05 0.002999504790044944 0.0002676450516814452 0.0018881426298652457 7.882053929205565e-06 6.558054276633679e-06 5.272021115166924e-06 0.0005194494948956236 3.4740397732827965e-05 1.424155803728338e-07 0.0006046993696081602 4.532243712877151e-05 0.0008846337108609868 0.0023001809618379385 0.0023050854441610162 0.0007561988980921366 6.534319971716052e-05 7.823028502733949e-05 0.0013938492442912777 1.2534480053400313e-05 0.0 7.101582240400222e-07 7.94858949562238e-08 0.0 0.0 1.252081579283473e-07 1.1575002309487965e-06 1.8521592610975708e-07 3.365386622396985e-07 5.696224940724395e-07 0.0005594929820871628 0.0 0.00041304995543270606 1.250385088495372e-07 0.0 3.570584650564522e-07 6.916580513202303e-08 2.112168882535082e-05 7.48221569363628e-07 9.69746000180025e-08 3.489277391572301e-07 4.954679975078402e-07 2.937201283813431e-07 9.468600560095352e-07 2.838309771149566e-05 8.245242819004203e-05 0.0001221024509172724 2.498514812266843e-07 0.0 2.0864175568544032e-07 0.00014019937278164423 0.0 0.0 1.1051261270356e-05 1.716109976163417e-05 0.0003660462904948528 0.00030926201144149297 0.00018087184902293885 5.18424775300769e-05 1.9986581966766147e-05 6.2493153316982595e-06 0.0001656658337126415 8.881496051440174e-07
0.0038202645622624127 2.6696357964670406e-07 0.0003479061308046304 4.932982074009073e-05 6.4551126827146776e-06 0.000596566860350213 0.0024559658313071074 0.0040939861208546076 0.0002505333873939454 0.0004847891798993322 0.00010744799341212666 0.00013413370334050065 1.1077286485227338e-05 0.0 3.472922142647599e-05 9.776419477058582e-06 0.0003104601202906925 2.8662286180596637e-05 4.9879527373027065e-05 4.8549301280982495e-05 5.671811266861259e-05 5.196148549724521e-06 0.0001935204707723041 0.00035240849336815977 1.4937317055636645e-06 0.0003985904919158175 6.820952773944817e-05 0.00040901673264044094 0.004296617677064975 0.0017017558028057573 9.511251445897834e-07 7.185191757264937e-05 2.678457507603047e-05 0.0004689431291252117 1.8817183672262435e-06 0.00036006120140933843 2.8949236245718426e-05 0.00038304608071620505 6.27092289576311e-05 8.893263726457144e-05 1.9713598279007233e-05 7.38188595727119e-07 7.685100892409436e-06 2.1140762703117593e-06 8.47817754261171e-07 8.187409276185294e-07 7.289456711460251e-06 0.0 2.477490511547015e-07 5.7080979429972064e-05 5.650327152728458e-06 2.8808191493181788e-05 2.893632983139299e-06 5.194901648770082e-07 1.1659059209411167e-06 5.540465503578771e-07 9.618693137947477e-06 0.0 1.0569595919451836e-05 6.398105394283149e-07 0.0 0.0 8.131368015712081e-07 2.650480262839533e-06 3.357774693475336e-06 1.2605099302720268e-06 0.00017509017723409237 7.212996560934108e-07 1.8687663342861191e-06 1.6771951908714944e-05 5.021739861296097e-05 5.1752636896995765e-06 2.346454199634837e-05 0.0 2.8739428750568907e-07 4.87685863929248e-07 5.04902096524608e-06 2.546982860081038e-06 5.513789574881223e-05 2.8458005355427735e-07 1.340037810926946e-05 4.664878391062508e-06 1.4687768213827367e-05 3.6759833029029793e-06 0.0 1.750952111486433e-06
1.4160488170235924e-06 5.622247635918009e-06 1.415758711072217e-07 9.910625231330879e-05 0.0008599547055984689 0.0023287157238248675 1.2461753157223872e-05 0.0005150670610193532 0.0005319766006192117 4.474429898731925e-05 4.506904763182609e-06 0.0009361410423230816 1.3400518303290624e-06 3.472922142647599e-05 0.0 4.245983189901485e-07 0.0 4.981443397915369e-07 8.636995766961479e-07 0.0001358499977676627 0.0 2.2643263785769595e-05 2.4864362140683383e-07 0.0007035670472261954 1.0133051794853624e-05 1.1458502942381685e-06 4.631445087944977e-07 3.866738814301637e-05 1.5270904048961277e-05 1.0212135691364081e-05 5.140238551647736e-08 1.3981763011666496e-05 3.0011107077266946e-07 2.7053455871066035e-05 0.0 2.3110649959405243e-05 1.3585216769576955e-06 1.6509442883916817e-05 2.8634228524373247e-06 0.000971258362652128 1.0396358738141845e-05 0.0 0.0 0.0 1.2580110104527177e-07 0.0 0.0 0.0 0.0 2.4752278960576455e-07 0.0 3.4453565859891605e-06 0.0 0.0 6.545343957847863e-07 0.0 0.0 0.0 8.316091153434166e-07 0.0 0.0 0.0 0.0 5.622557304811282e-07 3.8228779071037016e-07 0.0 2.717898431037166e-06 0.0 2.51934569646365e-07 3.731986124902632e-07 1.016307854710529e-06 0.0 4.023495099396276e-07 0.0 0.0 0.0 0.0 0.0 5.991088194656479e-07 0.0 2.757011804907869e-07 0.0 0.0 0.0 0.0 0.0
3.707790861986911e-06 3.220232753249419e-05 2.7599692556021547e-06 9.91118370600375e-07 0.0 1.6799052317939503e-06 3.992244069520091e-05 5.04171598382651e-06 2.6995265855662756e-05 1.172725699027023e-06 8.678629991862891e-07 0.0 8.646883711163748e-06 9.776419477058582e-06 4.245983189901485e-07 0.0 4.0947530187385015e-06 1.778363418467762e-07 5.964056493497171e-07 0.0 0.0015890994102283594 0.0018961839244418057 0.0018712900240103409 0.0010039652417998604 1.2019763646550916e-05 2.4307032100016173e-06 0.00308880531346977 0.0003840530131145833 7.738841156360843e-05 7.066499870267382e-05 0.0 5.964873758347856e-07 5.808997696406299e-05 7.542599521827069e-05 9.075957640472066e-06 0.0011657350707918398 0.00021204012143524745 0.00015661762302838415 0.00016599053100383728 4.39489975291904e-05 2.421341370041863e-06 5.17996885736917e-06 1.475255208947273e-05 5.2861556208311806e-06 2.7756179470941563e-06 4.653789527058767e-06 0.0 0.0 0.0 6.517669236207006e-06 1.513347436800549e-06 7.682707843182543e-06 7.539349230136173e-08 9.760633943847372e-07 0.0 1.6923548384782773e-07 5.720725555032132e-06 0.0 0.0014996045176429284 1.4767887288940574e-06 1.850700303502909e-07 5.768326740876521e-07 0.0 0.00018290973634960275 0.00045765989568307655 0.0003568069862021238 7.42740099807451e-05 1.1160433861371702e-06 2.5282239433246676e-06 0.00036549502580424933 1.856859918696878e-05 3.1411305739809164e-06 0.00011447145284497928 7.437583324296467e-08 8.028190658916398e-08 6.449874635574316e-08 7.970161634047972e-06 7.755296084948415e-06 0.00016733369805963392 3.364081931900103e-06 1.2918977561970157e-05 8.616399449735875e-06 1.5993473186964445e-05 3.8870277362668557e-07 6.295994465006075e-07 8.007661576061508e-08
0.000165360444790851 1.1009568992247952e-05 0.0012988003783322385 1.5640529390062793e-06 3.567721351530676e-07 2.0217563415609795e-06 8.71943130108927e-05 0.00012463568643902373 4.337306985892389e-06 5.702880988051097e-06 0.0001568984830955479 1.3865838437222022e-07 5.955056843397445e-06 0.0003104601202906925 0.0 4.0947530187385015e-06 0.0 0.00060327615330118 0.0025381364334067357 3.412780732971194e-07 0.0008945998320114203 1.0946885023031521e-06 0.001856962209482805 7.5752402225839135e-06 5.151359069480208e-06 0.002378439899588057 0.004031911749108934 1.3687908923038977e-05 0.00029872353283650217 0.0011215141776887896 2.5963990961455198e-06 8.188117355807912e-07 4.6362581884376906e-05 0.0011777586790814479 5.417366277869883e-06 0.0003503192568643564 0.0008039099429349089 0.0010999754268582447 0.0002223075032276521 1.5207693810712216e-05 6.87620085905854e-07 1.7341853190011366e-06 2.7849250061083076e-06 2.835003345350733e-07 8.108583376035085e-05 8.302934003872195e-06 0.0 0.0 0.0 1.6612584711961698e-06 0.0 4.559821555816427e-07 0.0 4.305824303476058e-06 0.0 6.562514255431494e-06 3.8927260845989556e-07 0.0 6.301382913738727e-07 1.4023395489792592e-05 2.1455432647082587e-06 2.8225015016094933e-05 0.0 2.844548554344217e-07 3.505775802152893e-07 2.268137107355692e-06 2.041768854459125e-06 3.866852983724718e-05 0.00011782320584364897 0.0007117698146547584 6.635064788508635e-07 4.1302795236810545e-07 8.874011754823931e-07 3.924655470667629e-06 0.0 0.0 3.1210794060279022e-06 1.0246995705003098e-06 6.930375574751968e-06 2.537474936030247e-06 1.8568158679425108e-05 2.474071431923416e-06 5.430015111106185e-07 0.0 2.4198291287375845e-07 0.0
1.0328984149869653e-05 2.0203914744189967e-06 1.1439562087911521e-05 6.736230717047251e-07 2.0749249335047105e-06 1.412401623610059e-05 5.651274055615775e-06 3.1532506781034396e-05 1.4552283517750524e-06 8.68528714092928e-06 0.000910120753546471 3.6008349806402444e-06 3.116354761107276e-05 2.8662286180596637e-05 4.981443397915369e-07 1.778363418467762e-07 0.00060327615330118 0.0 0.0009586521422445258 1.4004623785322574e-06 1.3692128458920583e-05 1.4250733315989286e-06 3.471225287437909e-05 2.392481421327652e-06 7.3820827355127494e-06 0.0006834702374466237 0.00027781601664131974 3.355135852715638e-06 4.028557406814832e-05 4.2681081422237625e-05 4.395617702999276e-05 1.839338609202765e-05 2.343156149411778e-06 0.00043186655520647524 1.7634347656531146e-06 0.00011937898997204845 0.0005383183476544479 0.0006919235419162883 0.00014339348884690758 4.584975694799067e-06 1.2534699643303361e-06 6.760540848096182e-06 7.75838327255341e-07 0.0 1.2749282610297785e-06 2.2263062925442951e-07 0.0 0.0 0.0 8.687844584784159e-08 8.375782938906397e-08 0.0 0.0 5.968188036160697e-06 0.0 1.433445062113264e-05 1.463811935060686e-07 0.0 0.0 0.0 3.305339144503911e-06 5.480021474730611e-07 0.0 0.0 7.147967976662463e-08 0.0 1.0362387023313664e-06 9.022055708933803e-06 2.6608398180151855e-05 7.98661051436715e-05 0.0 6.651662967738759e-08 1.5038983098661032e-07 7.63264850188731e-06 0.0 0.0 2.0624859816789904e-07 4.2656058329070105e-07 1.1957376134768084e-06 9.951995534019175e-07 8.681881866009804e-07 1.1988559699567387e-07 0.0 0.0 3.1728554931716615e-07 0.0
1.9790574820575137e-05 1.2052988118206374e-05 2.9905316172641503e-05 6.008406082983709e-07 1.9269464858233877e-06 1.0617866638154633e-05 9.692569784237658e-06 3.366502763800288e-05 3.369859139369109e-06 7.497486554331318e-06 0.00039849628055426984 3.954736603660312e-06 3.261145840558761e-05 4.9879527373027065e-05 8.636995766961479e-07 5.964056493497171e-07 0.0025381364334067357 0.0009586521422445258 0.0 9.433258540051079e-07 6.409529861379096e-05 5.012836495711848e-06 0.00019998717047015163 4.724876375418824e-06 4.6164563912589856e-05 0.0026107772215782457 0.0013050159455269324 4.015692701340686e-06 7.364012867944616e-05 0.0001887324176251563 3.741223844940772e-05 1.6302602482037994e-05 7.112190971897836e-06 0.0010491102023424599 7.471417246331007e-06 0.00040688970811323706 0.0009929768265957036 0.0019355108402296635 0.0004367235870842977 7.288431636846261e-06 1.0754141597043224e-06 6.261770560079969e-06 1.379478635016161e-06 0.0 1.5150274118515639e-05 4.832522091767208e-07 0.0 2.3785187870547393e-07 0.0 7.343294464307534e-07 1.39825371532958e-07 4.491597502703265e-07 0.0 2.4421807809505288e-05 0.0 0.00010006624706034045 2.8356581271388693e-07 0.0 3.2522117783409884e-07 7.399255778029018e-07 2.129819326278876e-05 6.9536250883112424e-06 0.0 1.3390028140641577e-07 3.459713572446074e-07 0.0 1.080143506793438e-06 9.333925395504072e-05 0.0001922131225638388 0.0007440966695077202 5.413972651258052e-07 9.595305191267222e-08 2.8280379963773204e-07 4.499607103152846e-05 0.0 0.0 2.957741449981257e-06 3.169988615837974e-07 4.709351497809635e-06 4.549744884547246e-06 4.804944360885216e-06 2.555542930170081e-07 4.351506781403889e-07 5.439206445078483e-08 1.346617153629911e-07 0.0
1.930757370446494e-06 3.164253589932496e-07 1.5034632356882473e-06 0.0019077907648954247 1.3627677770073366e-06 0.00017290899167819192 4.920197815777802e-05 8.673806065129838e-05 0.00043186146297976175 0.0012893059731170825 7.468867533487107e-06 0.001509907324825055 1.9403030643937716e-06 4.8549301280982495e-05 0.0001358499977676627 0.0 3.412780732971194e-07 1.4004623785322574e-06 9.433258540051079e-07 0.0 2.8888762502856714e-07 3.38723977035909e-07 5.705522870365661e-07 0.0005019336678559471 2.153303984987272e-07 1.7754334312247608e-06 9.863408506496401e-07 0.0008674593110343786 5.5943301784240734e-05 5.3302963176478825e-06 0.0 4.997882276886488e-06 1.4058157222601478e-06 3.42792242269189e-05 2.1757782975521583e-07 0.00014076713694690163 2.563111133209322e-06 7.643495844305771e-05 2.4668653547114692e-05 0.00040548496069710293 7.84546071424705e-06 7.534930029831692e-08 4.357309470134399e-06 0.0 1.0155631163476885e-07 0.0 3.718152469505854e-05 0.0 2.863705378042983e-06 2.628076824623788e-05 1.6627103946066698e-06 0.0001285989631872929 1.3317241548065535e-05 0.0 1.3696159715022751e-05 0.0 3.870734136269308e-07 0.0 0.0 0.0 0.0 0.0 1.1983517696175454e-05 4.1888562450065674e-07 9.839683295639487e-08 0.0 0.00023627978674862674 0.0 1.153373989818984e-07 2.638970331818501e-07 3.204788224009029e-05 9.184712705104003e-07 5.263562442795501e-07 0.0 2.9953452662725626e-07 0.0 3.211413274784182e-07 1.0486008713757465e-06 2.855290650489418e-05 0.0 1.2638116557856865e-06 4.377612362064697e-07 3.319409404619484e-05 3.075565852102334e-07 0.0 0.0
7.267894167115694e-05 7.062153759562144e-06 0.0005859485665572231 2.582003930170953e-06 3.022508328702374e-07 2.322942554895687e-06 0.00076951155084261 2.7188855370648628e-05 6.083931589595296e-05 8.96170628374185e-06 9.62123526102909e-06 2.7748455334070145e-07 4.44455734248287e-06 5.671811266861259e-05 0.0 0.0015890994102283594 0.0008945998320114203 1.3692128458920583e-05 6.409529861379096e-05 2.8888762502856714e-07 0.0 0.00041876183192756235 0.008794406256236034 0.0013030240559876206 4.9856871861949805e-06 0.00018719757245973373 0.0007733170942646662 0.00295173804265132 0.00013376198944465567 0.008983971595553416 2.821206786565078e-07 7.21545033296765e-07 8.622016948737197e-05 0.0012402837155067238 4.235765527968595e-05 0.003014545633727691 0.00023016814852319344 0.0018312028204706793 0.0009611075291177053 0.00019447364724790246 4.965077299679712e-06 1.4263856918990241e-06 4.8573198909392305e-05 2.166106171913237e-06 3.6104187552311006e-07 1.6009979432138378e-06 5.145546535716844e-07 0.0 1.2609927700444803e-07 5.596340024695942e-06 1.2528621618524901e-06 7.523854099498557e-06 6.820765414165107e-08 1.2917724577905983e-07 5.9984156110744e-08 0.0 3.8066493003311727e-06 0.0 0.0003204221937719273 5.491275086484036e-07 6.309961228448673e-08 1.7861887835583883e-07 1.283979994225358e-06 0.00012857358988215329 0.00011402126238898098 6.72155875263009e-05 5.5314964187512986e-05 9.239435362085556e-07 1.8924009152829608e-06 3.1760493390658706e-05 1.3308258927848082e-05 4.426654072551275e-06 9.310837992581667e-05 0.0 0.0 1.6657729672753834e-07 2.7282417091859987e-06 2.7052092275162156e-05 0.00010498184791906088 4.045094140986728e-06 6.4243676432692645e-06 7.204405095972243e-06 3.158738408177687e-06 4.388183554371999e-07 0.0 1.704838537885175e-07
9.469210707301249e-07 0.0022504049542367522 8.513209158798749e-05 3.2293934263711915e-06 0.0 1.0300579003065318e-06 2.5234869094824972e-05 2.6224076813391718e-06 0.002066853442959982 1.3935216915780167e-06 4.363175570104736e-06 1.359018957053326e-06 0.00011623758308740367 5.196148549724521e-06 2.2643263785769595e-05 0.0018961839244418057 1.0946885023031521e-06 1.4250733315989286e-06 5.012836495711848e-06 3.38723977035909e-07 0.00041876183192756235 0.0 0.00030627533034558515 0.002659584874860102 0.0010340798888757792 2.9084960537219402e-05 0.0015639933102318418 0.00023844600530740473 2.377826841326945e-05 9.739972754870606e-05 1.563969774609669e-05 0.0 7.482997533318534e-06 8.462937073923883e-06 3.9016353920442576e-07 4.477541601928294e-05 1.2743871863107174e-05 1.427848219789436e-05 6.810270722141784e-06 6.81576173577697e-05 3.0012417394169503e-07 1.2355522823252996e-06 4.965553580805219e-07 5.373747297170099e-06 0.0005607471877970235 2.027820139772596e-05 1.9201228516485727e-07 0.0 0.0 7.602701456264616e-06 1.2806551839694305e-06 3.5792137375825897e-05 9.675130892876308e-07 1.1915016127076413e-06 0.0 3.4406383151505414e-06 8.130047514779842e-06 0.0 0.0007488536696933045 5.564603141742173e-06 8.299806216688864e-08 9.126708935499189e-07 0.0 0.0001313829192886782 0.0002632206517117963 0.0001790536579266194 0.00014772757856928748 0.0001809233990933647 6.021995900787722e-06 0.0006741999718391817 2.3311551814866805e-05 5.9975194494204954e-06 0.00013442646976251672 7.369428953864433e-07 0.0 5.468455185487071e-07 5.083844715641173e-06 9.053415043587966e-07 9.119136288776543e-05 4.588595140380643e-06 1.5114778824822628e-05 5.488389554908278e-06 4.685573977858984e-06 2.2045173656477693e-06 1.3177841739966122e-06 7.189170498521127e-07
0.00021231357480781858 1.0723398539787591e-05 0.006571475932038886 1.7142111833687931e-06 1.5222960443363484e-07 1.8612948489249672e-06 0.000634281263466089 8.668686057155507e-05 2.7967182579650558e-05 9.66561141939195e-06 3.19488556969861e-05 0.0 2.005111033767795e-05 0.0001935204707723041 2.4864362140683383e-07 0.0018712900240103409 0.001856962209482805 3.471225287437909e-05 0.00019998717047015163 5.705522870365661e-07 0.008794406256236034 0.00030627533034558515 0.0 0.0003402479287030826 5.308349446479661e-06 0.001966825043812482 0.005666083796427606 0.001978980756255891 0.000107013245627007 0.0034308621369403495 9.863397583265301e-07 2.8930548099258005e-07 3.228377898284516e-05 0.001698865333331592 7.343562809016755e-05 0.005194732769336486 0.0015385473010123823 0.003345492356248633 0.002102065344745654 0.0004516716290814276 7.163276790877263e-06 9.537768568706751e-06 9.740775631189295e-05 7.587778222690911e-07 1.4530645802272044e-05 4.185678263693038e-05 2.653619420541438e-07 0.0 3.6455885460540415e-07 1.1517904367654921e-05 5.96110067657926e-07 4.05061609796979e-06 7.005669821023907e-07 2.549694669907771e-07 7.707537326787178e-08 3.9599149732342324e-07 2.691092953760481e-06 0.0 0.0007144326609144817 1.3962477223216462e-05 8.02189190953718e-07 1.934256203781959e-06 0.0 0.00010890641319773932 0.0002043188143492571 0.00026046655071256105 4.0003185807996284e-05 2.513059800714123e-06 6.634117471291864e-06 0.0010915317383113695 1.8490563200275246e-05 1.3698299754909388e-06 3.818792406330074e-05 1.4904331204789454e-07 0.0 1.0383278832773562e-07 1.85631583349766e-05 3.11276842986576e-05 0.0001825024190436183 7.121179891806328e-06 1.6675281059270603e-05 1.6949297274865412e-05 9.278643852815997e-06 1.2862619325338728e-06 4.6626201684070226e-06 7.816194896873298e-07
