0.0 7.224381908399383e-08 5.1305680403062096e-05 6.317095699000971e-07 4.8192688774038164e-06 3.9836560846007005e-06 0.0015856119999771612 0.0002326217802152593 4.668060763013692e-06 8.896436862062557e-05 7.227457502539241e-06 8.569854806316287e-07 1.5524124532099292e-06 0.0025866105572064355 0.0 5.560035168609568e-08 0.00017209604838274147 2.524958485865908e-06 1.1900008582991146e-05 1.9441984927027404e-06 4.538407465943686e-05 2.966131132998274e-07 9.998698708917766e-05 4.402156193174816e-06 6.941478858455233e-08 8.345145348864506e-05 2.9655400274411482e-05 1.8644269456527677e-05 0.0023859336877150193 0.0013691151050502714 2.0303574182192105e-07 2.5136581532735952e-05 2.2232865499684356e-05 7.821757096265289e-05 2.078686945596978e-06 0.00010854071784380819 1.5302008300593177e-05 9.711643876419252e-05 2.6045489785899066e-05 4.0737394761306134e-06 3.402800968628771e-06 5.213493793044882e-07 8.581941911979321e-07 2.584328448507062e-07 1.2006534741857443e-07 6.958969767392342e-07 1.2989093839603356e-07 8.903506045632323e-08 1.2285986785042513e-07 2.6721649853499653e-07 7.137524723361588e-07 2.4824929356250665e-06 0.0 1.7558080411548754e-07 0.0 2.0292977076282317e-07 3.4998205047987036e-07 0.0 5.249481637531535e-07 1.0917065765541164e-07 5.143972074891443e-08 0.0 0.0 1.5581733905444409e-07 1.1207556274957883e-07 1.1899465037352335e-06 1.220699473010402e-05 0.0 2.0938413791817219e-07 3.1683835568428974e-06 1.182804398746835e-05 1.497774512225674e-06 1.3987144907555916e-06 1.1634831704125363e-07 0.0 0.0 8.902612773950598e-07 0.0 2.8868589219948675e-06 5.452098792926991e-08 3.133682641779589e-06 6.234174311197001e-07 6.434162363402442e-07 1.8340755667165208e-07 9.13263892545535e-08 0.0
7.224381908399383e-08 0.0 1.2689472004939711e-05 0.0 3.8357712759734993e-07 4.943210676182637e-07 2.790113868849345e-06 3.345528403735331e-07 0.00037039646209765457 1.4236978478111336e-07 1.7871058266515943e-05 1.5706645898173172e-06 0.00039754350934385516 3.999842703198774e-07 6.316297590994704e-06 8.158636513705782e-05 2.2658711014287854e-05 2.23795979677803e-05 5.8601168193667175e-05 0.0 3.3550078092118484e-06 0.0016239132473747065 4.740635427726835e-06 0.0005338495910399668 0.001349752701171303 0.0004325791008172821 0.004462708567091587 3.4106877677366035e-05 2.2226948570454266e-06 7.250322118286049e-07 5.653841378355568e-05 7.201541140227545e-08 2.2927939436017328e-07 1.1996368404364827e-05 6.855089634243545e-08 2.9765404523511148e-05 4.916510508465409e-05 2.1156907019784277e-05 8.435365480360804e-06 1.1356521320403155e-05 0.0 5.9572318736378225e-05 0.0 0.0 2.564322158365302e-05 3.10117113694564e-05 0.0 0.0 0.0 1.7214346169364503e-07 4.890546544625666e-08 1.5468825501711726e-06 7.592740935814048e-08 1.178729425891514e-05 5.620989703969913e-08 2.5502791711232046e-05 5.874739938714908e-08 0.0 2.241818568833868e-06 1.8910903723522927e-05 4.970013648904532e-06 3.0023820059458325e-05 0.0 0.0 1.731449352359722e-05 5.116068294542536e-06 3.042797490246809e-06 3.255834553184644e-05 0.0001630874130650858 0.0008431589190041419 9.661281260241878e-07 1.1961331345862445e-07 1.6290692699424162e-07 4.005365982117549e-06 0.0 9.266005160288782e-08 6.788020735212163e-06 1.411838778314391e-07 1.0943751963535474e-05 6.547625692291327e-06 1.5800595977638027e-05 4.900082795676972e-06 3.0682638433576075e-07 0.0 3.9689612044480575e-06 0.0
5.1305680403062096e-05 1.2689472004939711e-05 0.0 0.0 4.849038426780005e-07 1.9070813750774097e-06 0.001308206308127572 0.00011014050748547714 5.242061285695984e-07 1.2483159318764431e-05 2.0163301457079673e-05 4.5161333018868605e-08 1.425439825299051e-05 0.00014517569754763556 5.261130206389921e-08 6.562902681383629e-06 0.0011517018135124844 1.3751227847761269e-05 0.00011533501606768307 0.0 0.0002867319661029992 5.45485240951083e-06 0.006237638061588936 2.0289512743265037e-05 2.568613531895403e-07 0.005731735713402318 0.0037325645008375375 0.0004734916980834097 6.505352114843208e-05 0.0005706302268053963 4.194901592803555e-06 1.5855953376813614e-06 2.506717334969561e-06 0.00020035435798229065 8.90317571640961e-06 0.0005205681309430156 0.001510888837940215 0.0006002364320589562 0.00042223837538226896 1.643827511307326e-05 6.27146624540436e-06 8.457243715230716e-06 1.8327482684273732e-06 1.3876405893829502e-06 0.00016018395069161917 0.0006427458888691979 0.0 0.0 1.508404887341539e-07 6.485756430233612e-06 1.9352448298459856e-06 2.1705896667263685e-06 3.0680727358243027e-07 2.0880572072726902e-06 0.0 2.2599775925309287e-06 3.902023576676042e-06 0.0 9.126290377037775e-06 0.00019269023482366943 3.2553386213338934e-06 3.9263181482250424e-05 0.0 2.4975957248509363e-06 5.690083871029744e-05 0.00010401943274870377 8.166232055124852e-06 1.9687080970067364e-06 0.00018170271932045558 0.0015130952150857308 5.204290115169439e-06 1.2557131483320949e-06 2.6062860056348197e-06 2.42511075139108e-06 0.0 5.929827131008596e-08 3.93671013452585e-05 2.952366650063519e-06 5.609181464098726e-05 1.9687957482688384e-05 0.00010368923623873134 2.5953636535763325e-05 7.220288997293409e-07 0.0 1.9879453661992013e-07 2.2056604996958044e-07
6.317095699000971e-07 0.0 0.0 0.0 9.656730679286994e-07 9.134665664684868e-06 1.257336878405295e-05 1.2894019996573537e-05 0.00019447027133969296 0.0020757913369518024 2.427440160520111e-07 0.00040634257685379815 9.896875499140501e-08 4.4444774356801174e-06 9.984208796052779e-06 0.0 0.0 1.428633095834418e-07 9.594885472852878e-08 0.0013110058152957682 0.0 8.652021311933393e-08 0.0 0.0003621615932146701 0.0 1.113199375318705e-07 1.206323245350743e-07 0.00265781053665997 6.345205986197439e-06 0.0 0.0 1.0260154350365581e-06 7.010352170741882e-07 1.7241065224182779e-06 2.657077595438356e-07 3.061197186092714e-05 5.247408915838178e-07 5.120895212383793e-06 1.887654714752891e-06 2.9912723547586362e-05 2.789911522974511e-07 6.761877900814099e-08 1.6637953737513668e-07 0.0 1.0184429922173653e-07 0.0 2.3114555756532008e-05 5.023248584186853e-07 6.458109593666025e-06 4.217937038771911e-06 2.719233095268447e-06 3.7143225503842745e-05 4.5243837243150176e-05 6.942180279572808e-08 5.991154941288429e-05 0.0 1.246026489262013e-06 3.6938088689985583e-06 0.0 0.0 0.0 0.0 2.932624597293848e-05 5.169479580765585e-08 0.0 4.5418079897011027e-08 4.984388366353999e-05 0.0 6.166032549928681e-08 3.2478621260877005e-07 7.147316661357535e-05 1.1938269786075047e-06 1.0326718471392492e-07 0.0 9.821640282456843e-08 0.0 5.313723564258919e-07 0.0 3.997097973263839e-06 0.0 9.372663782978953e-07 5.114169850733847e-07 1.4702693129407691e-05 3.440037023201443e-07 0.0 0.0
4.8192688774038164e-06 3.8357712759734993e-07 4.849038426780005e-07 9.656730679286994e-07 0.0 0.0007539285404519036 5.308987337047433e-06 0.0005252324689877507 5.4682913698894095e-05 1.7898663155277183e-05 1.2111301608016531e-05 9.787058743472101e-05 9.5253891774998e-06 0.00011098098363806931 0.0009597977459664932 0.0 8.453971307080667e-07 9.113051369231677e-07 4.774657584113339e-07 4.834354001071349e-06 3.0910484383975754e-07 6.688414255422362e-07 4.3915680445018665e-07 1.5311237724487393e-05 2.4010169434327285e-07 1.5651474409030131e-06 1.031399982666284e-06 3.743322141106241e-06 7.236230140048226e-05 2.1595535484721896e-06 7.22401039297694e-08 4.5071077329631226e-05 2.601514157524634e-07 7.195022114528074e-05 8.195757537444266e-07 3.159790036206959e-05 4.695926711947129e-06 0.00011270516459360247 2.8008469148528105e-05 0.0013733461536670594 8.953118501212337e-05 5.944258305799236e-06 1.317659997670633e-06 0.0 0.0 0.0 9.34711032064705e-08 0.0 0.0 1.3552169301136698e-07 0.0 7.206024216830175e-07 3.9682957683143016e-07 0.0 1.0413179026565289e-07 0.0 2.6519210728294635e-07 0.0 0.0 0.0 0.0 0.0 0.0 0.0 0.0 0.0 1.984692860130333e-06 0.0 0.0 1.8209128867539657e-07 1.5697983681735018e-06 4.5890315008056385e-07 2.978772168156176e-07 0.0 0.0 0.0 0.0 1.1508947381232984e-06 8.268454672216422e-08 9.052396795423414e-08 3.8890101418889906e-07 4.584291149772967e-08 0.0 0.0 0.0 0.0
3.9836560846007005e-06 4.943210676182637e-07 1.9070813750774097e-06 9.134665664684868e-06 0.0007539285404519036 0.0 0.00019694795263790608 0.004412952631233759 0.0001451839916257265 0.0042363145711482655 1.8077558226185362e-05 0.002890354761210369 1.0526624203210632e-05 0.0002108409104651637 0.0012016579332371517 0.0 2.7120231511923945e-06 3.897201681723299e-06 2.7937222532565267e-06 0.0001959854534856738 4.1475905600958e-07 2.6718154933617637e-06 1.6323554984661794e-06 8.793274029715032e-05 4.2195371222599883e-07 5.114325664302023e-06 1.7676538735571155e-06 8.861040875080243e-05 7.348089698529978e-05 4.912303684043632e-06 6.95890861595381e-07 0.0002372507656697287 7.708286727530661e-07 7.95405929866883e-05 2.9650507512891906e-06 0.0004750013314682289 1.1493193240023023e-05 0.00012546017272524972 4.0015250472601734e-05 0.0020214467817820997 0.00023445042946486716 8.352438282055626e-06 2.5479278986830783e-06 6.994904262264331e-07 0.0 0.0 3.6912641889731467e-06 7.788446789805781e-07 1.1839033146173133e-05 3.224441091692698e-06 1.5874434114290741e-06 3.7151791274877236e-05 1.3170213091612312e-05 5.534137868754202e-07 2.4862734687620304e-05 1.9871282180275366e-07 5.062699034144076e-06 1.0248134645030488e-05 1.6129021076070166e-07 0.0 0.0 0.0 5.450472825959431e-06 0.0 0.0 0.0 5.608119593517079e-05 5.566736563799613e-08 3.7671679810958826e-07 4.988552164460155e-07 4.762592324300171e-05 3.2542778556391153e-06 6.211661019009423e-06 1.9770008933694312e-07 5.727333467339564e-07 2.267990496604663e-07 1.16033915427733e-06 6.352107163805898e-07 1.6624014646045514e-05 2.0106037574501655e-07 3.835787812124953e-06 2.4720915774762128e-06 5.244415891000965e-05 1.5271250367871968e-06 0.0 0.0
0.0015856119999771612 2.790113868849345e-06 0.001308206308127572 1.257336878405295e-05 5.308987337047433e-06 0.00019694795263790608 0.0 0.0020947143022095817 0.00020846262701853976 0.002487754359791177 2.356064545486227e-05 3.728538702450835e-05 7.611185625149735e-06 0.0037529878505331063 8.195616681087003e-06 7.932366373462541e-06 0.00021532217052455858 8.180241151244052e-06 2.4276439579057e-05 5.959336355813125e-06 0.0001715199377193325 2.3545872374428357e-05 0.001196220156374905 0.0006119458087078257 4.687812361872142e-07 0.000571620982618186 0.00028324772052037067 0.008422124882717616 0.0012620214805172628 0.005749636742430965 1.149072492127754e-06 3.391491391989718e-05 0.00016811966068902307 0.0001546410870438532 2.8710673052812137e-05 0.0022973536651511757 0.00017912408241020213 0.0005616476995817316 0.00024601762330895226 0.00011703167921767002 1.4825445462119086e-05 6.062728585187937e-06 8.915278291974843e-06 4.4450164822671585e-06 3.4249958981053908e-06 3.1849879092395435e-05 3.33241983536557e-05 7.693279770708015e-07 2.1707089194618187e-05 5.1021702819061634e-05 3.606333672885225e-05 7.877231560693517e-05 0.00012034753150444273 4.58386084946523e-06 2.0332707058158548e-05 7.085302620854239e-07 5.6057352692073946e-05 5.453242098203169e-06 9.261683154197552e-06 8.032122306476484e-06 8.212114321251283e-07 1.582660577607847e-06 3.776461985144468e-05 4.862599906257628e-06 1.1086262002818868e-05 1.3692226038327982e-05 0.000577520444073602 0.0 7.772312057051607e-06 8.633107012614638e-05 0.0005487105962865029 4.1811833293594754e-05 3.909422135416915e-05 2.1499083319474815e-07 1.8520908473814843e-06 4.085823085833526e-06 1.864029399259219e-05 2.479992714850259e-06 0.00010604864494091205 3.589954021189412e-06 6.485769368629717e-05 2.0166493900250193e-05 5.389330027759372e-05 1.1745923497751466e-05 0.0 4.388179117969877e-07
0.0002326217802152593 3.345528403735331e-07 0.00011014050748547714 1.2894019996573537e-05 0.0005252324689877507 0.004412952631233759 0.0020947143022095817 0.0 3.45162410662893e-05 0.002725938651735861 6.951666964150994e-05 0.0006334366975041974 4.949762827311719e-05 0.004209560643525887 0.00014829159690155574 3.8155221622370835e-07 0.00015775879078873772 1.0703236018350716e-05 1.555194115493009e-05 0.00012482977313730493 3.825321474071136e-05 2.3443155835012957e-06 0.00011930680865803834 6.152148674568682e-05 1.4730327107826506e-06 0.00012801820009979484 3.253891358485746e-05 0.00013684481321206795 0.00027832517458894573 0.00028429674458910756 1.8936516572595102e-06 0.0009917302711054674 1.3087062497368463e-05 0.00043808065623364515 1.3969537409648932e-05 0.0006194504154412101 5.858334331837138e-05 0.0005067206909475455 0.0001735296490855925 0.0008597133207844403 0.0005379242723894267 3.908634354796363e-05 1.0615678589899232e-05 8.222039021397989e-07 2.634539909548144e-07 1.713510092666561e-06 9.123955495486572e-07 1.9548527785511942e-07 1.2005623377374646e-06 5.713979126285722e-06 3.489818161643862e-06 1.3662374588376919e-05 6.0932933670410175e-06 6.205052889051036e-07 1.9712808078707715e-06 1.5127787755615113e-07 1.0419297907863866e-05 1.1870993024164806e-06 1.9710527531287046e-06 2.3410746018408318e-07 6.330568557189725e-08 1.9386713500235728e-07 5.830109196592066e-07 2.890664462206431e-07 1.0138787134888531e-06 1.6574955830178336e-06 8.551077626281158e-05 1.4775692930364196e-07 8.131944413817474e-07 6.815736643927092e-06 7.206284439978122e-05 7.010139849677958e-06 1.1170207131090618e-05 1.6609598565926489e-07 4.2093166215339337e-07 4.252402305317918e-07 2.234999696752097e-06 8.408637063353886e-07 1.6667670698881807e-05 1.3904025204819443e-06 1.1184058370306823e-05 4.640204648093487e-06 7.645760143236019e-06 1.423063983057977e-06 1.4909150929506977e-07 0.0
4.668060763013692e-06 0.00037039646209765457 5.242061285695984e-07 0.00019447027133969296 5.4682913698894095e-05 0.0001451839916257265 0.00020846262701853976 3.45162410662893e-05 0.0 0.0004029145898255842 4.048016706790398e-06 0.00035540112432324715 1.1178560439885322e-05 1.4237259915904454e-05 0.00035825596677059086 4.414054424112239e-06 1.903230424535761e-06 2.1761430755459033e-06 8.401940141209533e-06 0.00021818663724238748 6.928387420290084e-06 0.0015456208246178618 1.5137918683972821e-06 0.0052034127849209955 4.6323027472552475e-05 3.57685418491814e-05 0.0004035811108029494 0.0010938051263451496 2.6735599124490376e-05 1.842565206067613e-05 3.1405935568072702e-06 3.8115070947575697e-06 1.35566208732315e-06 5.042377107100015e-06 2.487616371070436e-07 4.9546529354681464e-05 5.7319055330313315e-06 1.5414400576525236e-05 3.2008937606298367e-06 0.0002530557893867472 2.4328430870177842e-06 7.696270172646347e-07 5.7858106635599695e-08 3.0405914205228755e-06 2.4733148923137727e-06 1.7122384808240836e-06 7.289931488051891e-05 7.763488792392976e-07 1.1667617914149942e-05 1.729188263802333e-05 7.578050461834312e-06 3.776808274669728e-05 8.152468210453594e-05 1.2048481210750042e-06 5.809251236322555e-05 1.8462944488999e-07 1.511163968917243e-05 4.587908301944118e-06 8.607806904110528e-05 1.2195066150071736e-06 2.776863009701273e-07 7.249746046472007e-07 5.450077541723288e-05 2.4263992738725567e-05 1.335319705011445e-05 6.108586368448026e-06 0.0009153261852028427 3.290730993471146e-07 4.119476476011713e-06 1.3025620608076958e-05 0.00046099687982307624 1.7618887689341097e-05 5.849207511586225e-05 2.2980084226165262e-07 3.2124330036448594e-07 2.579592128416725e-06 7.1252352272418635e-06 1.5279707879312355e-06 3.9419541248682256e-05 4.103253486053782e-06 2.0758619003434725e-05 9.34507060809898e-06 2.3876421185045574e-05 1.7160736270996616e-06 1.1642473033334189e-07 3.438805561030669e-07
8.896436862062557e-05 1.4236978478111336e-07 1.2483159318764431e-05 0.0020757913369518024 1.7898663155277183e-05 0.0042363145711482655 0.002487754359791177 0.002725938651735861 0.0004029145898255842 0.0 4.303537481872015e-05 0.003732202456847849 9.28642549433794e-06 0.000954572545354687 7.330662660524296e-05 1.0839284182152071e-07 8.128606745268315e-06 1.7235211794368698e-05 1.4697789434189234e-05 0.002715989659323232 1.4779700764438435e-06 6.489561480044821e-07 1.1232283585441852e-05 0.0004590274992199973 8.683554389292607e-07 2.0874887985215094e-05 5.6366816720739275e-06 0.0017082242133844563 0.0004761283308322113 1.5663235528485745e-05 1.4961848868967387e-06 9.021220936087126e-05 4.177824427217866e-05 0.00011869923000677214 9.811418210220552e-06 0.0014812696364493172 4.3709353849305974e-05 0.0004253286739205015 9.875546532361448e-05 0.000338774518476015 2.0463564018386327e-05 4.152422928068302e-06 7.450229299014335e-06 9.433760534443004e-07 2.877082638544275e-07 5.082976301319203e-07 0.00012698011108597178 3.712739831155527e-06 5.2400839713922006e-05 3.787366331336491e-05 2.5245263874235257e-05 0.00015068204832160477 0.00030883716648377133 1.9876183286031326e-06 0.00023552786192849063 3.939361181274284e-07 3.502288375125071e-05 3.6411185578643145e-05 3.258850400585777e-07 5.4088607135167194e-08 2.815983583684599e-07 4.0337907422585004e-07 0.00016580017573630237 1.336133174808912e-06 5.195750810893646e-07 0.0 0.0003288572954041208 1.7637857404271784e-07 1.1192951112064607e-06 2.9053210874160256e-06 0.0004869815682382782 1.2326398687191786e-05 2.6187615455326397e-06 8.925515733804155e-08 3.61456679532622e-07 6.803012719963288e-07 5.493807064706493e-06 6.603701606009078e-07 5.058405439694782e-05 1.5831333941405282e-06 1.7537015160162613e-05 5.642535670306609e-06 0.0001382670939180153 4.434444134145124e-06 1.4995398234827288e-07 1.6350548292164917e-07
7.227457502539241e-06 1.7871058266515943e-05 2.0163301457079673e-05 2.427440160520111e-07 1.2111301608016531e-05 1.8077558226185362e-05 2.356064545486227e-05 6.951666964150994e-05 4.048016706790398e-06 4.303537481872015e-05 0.0 1.1061714028402042e-05 0.001122292470105444 9.012390731148883e-05 7.66125116607834e-07 7.894989722593403e-07 0.0002132033494811846 0.002124004371128944 0.001744303845860847 4.477066649651948e-06 1.1782798316733435e-05 3.0411928965615035e-06 2.46034262292159e-05 3.2278415537785547e-06 0.00039393079710150564 0.0013224959501688214 0.00017122564020221828 6.388365657277802e-06 0.0002695024409020138 1.1904408718775714e-05 0.0001424697511478929 0.0001267392082594867 5.4237077552409314e-06 0.004026004894204214 1.200201210257748e-05 0.00048719288722108616 0.004499816969971915 0.0033771960609290893 0.001090150041483427 2.3717477461977873e-05 8.063191728130305e-05 0.0015110617101219798 2.4265033966424273e-05 0.0 8.067745842939891e-06 1.7336623783384256e-06 3.748704741995153e-07 0.0 3.657050884186641e-07 4.257725266836065e-07 3.8623799907113075e-07 1.3286254128247663e-06 5.000746452322569e-07 0.000264513200033409 4.191510556063966e-08 0.00044046440622506775 9.98739991291324e-07 0.0 7.86036504249478e-08 8.658006573995132e-07 4.2194688354962504e-05 1.3912124196446867e-05 4.33345285290909e-08 1.1867149214149574e-07 7.133171417096018e-07 1.4830937793803172e-06 5.240244055158642e-06 7.875624818906042e-05 0.00018220151091488554 0.00020190051693558868 6.433506895027474e-06 1.9837237695811975e-06 5.27672047957735e-07 9.959579987681853e-05 1.4539059971495964e-06 1.5113784224796945e-07 1.8106621669634505e-05 4.527440195441533e-06 1.8723130262497732e-05 0.00013637664847600305 3.6295043805600996e-05 3.965902287635516e-06 4.2627907310149165e-07 5.136441011459998e-07 0.00013927319318772193 0.0
8.569854806316287e-07 1.5706645898173172e-06 4.5161333018868605e-08 0.00040634257685379815 9.787058743472101e-05 0.002890354761210369 3.728538702450835e-05 0.0006334366975041974 0.00035540112432324715 0.003732202456847849 1.1061714028402042e-05 0.0 2.1314620525257875e-06 6.541080165282228e-05 0.0007824111821569749 0.0 3.90981615724365e-07 2.829276814166601e-06 3.0880836933143155e-06 0.0024533166688083616 1.9584216671538156e-07 4.973573680579483e-06 4.613858576183575e-08 0.0005997170178886266 5.566112529344531e-07 2.3329714158042892e-06 2.9653965689898637e-06 0.0003699476742277021 5.3104364485563224e-05 1.5236272116545803e-06 3.384970189952902e-07 3.9983513563306e-05 1.518630923647388e-07 2.314004068169877e-05 7.245852862057135e-07 0.0004502543987396393 8.67787895251742e-06 7.315534675865505e-05 1.182336038913161e-05 0.0006377452716225089 9.17071646617501e-06 2.7714589537967147e-06 9.083664833680259e-07 0.0 0.0 0.0 2.3260251529417396e-05 2.2889514338904814e-06 3.843912488099591e-05 1.597863865470642e-06 3.5275001053113972e-06 0.00012953837316910017 5.4331771149404273e-05 2.046249659142002e-07 0.00010442823694004346 0.0 3.50393871610495e-06 3.217056294997619e-05 1.7977863117676386e-07 0.0 9.977134718881871e-08 0.0 4.42828593239727e-05 1.855351734838283e-07 0.0 3.5330760019594525e-07 5.674310230832838e-05 0.0 2.532580251072584e-07 3.5007780486485097e-07 6.701082935042847e-05 2.1548115367655806e-06 4.608512402381834e-06 0.0 9.207332101137662e-08 1.5619547116656156e-07 7.61699948114102e-07 8.23939473587287e-08 2.9760574652122294e-05 5.032763762883399e-08 2.8924114243167717e-06 1.0361208774362816e-06 0.00012549772153636562 1.3310571781678346e-06 0.0 0.0
1.5524124532099292e-06 0.00039754350934385516 1.425439825299051e-05 9.896875499140501e-08 9.5253891774998e-06 1.0526624203210632e-05 7.611185625149735e-06 4.949762827311719e-05 1.1178560439885322e-05 9.28642549433794e-06 0.001122292470105444 2.1314620525257875e-06 0.0 2.3577574951983902e-05 3.0672961942883106e-07 2.7000652511629734e-06 1.1727690869418912e-05 4.292401613212972e-05 8.69773316393555e-06 1.3017513394813237e-06 1.5104835391640683e-05 4.974463234877889e-05 8.370189883364665e-06 2.7231067658357555e-05 0.0030453666679508794 0.0004530132384439425 0.002088522121063051 3.848761770797761e-05 3.685640006837152e-05 2.3485234645129342e-05 0.0005718806638737412 4.672937746273275e-05 6.985397665574046e-07 0.0005586965056646805 6.720254842784013e-05 0.0011801587697074971 0.0021512095651158272 0.0013601167877301341 0.0005018602159869041 0.00010968892733904596 0.00011838461376136166 0.0011465585762022198 4.3871919316475444e-05 5.16264120783929e-07 2.447448751828398e-05 7.311300282027259e-07 6.738058561019539e-08 2.761724313509824e-07 1.2853697421592434e-06 4.170353607241266e-07 6.353248459183648e-07 7.493144598395279e-07 7.398920634045842e-07 0.0008991431242327398 1.0093980034394651e-07 0.0015312603870063781 3.5195213137837516e-06 1.4132921020651407e-06 1.6238448714658432e-07 1.358332644203994e-07 6.290171729650233e-05 1.1364459717058917e-05 8.718816106886097e-07 1.2567720230133728e-06 1.6994782895247415e-06 1.6649155224712683e-06 6.893690001186904e-06 0.0003252060240330398 0.00021652469698260109 0.0002600160733044979 5.870273925815631e-06 6.737763941859237e-06 1.534773194449484e-06 0.0002158217891791916 2.3278160337477437e-06 0.0 6.286701964705955e-05 2.6170233705050712e-05 0.00044998124068040173 0.0004836825654167748 0.00011094665286753654 2.424951386506984e-05 2.5955040002144383e-06 1.5285620138593584e-07 0.0005018859159191915 2.0114344287832076e-06
0.0025866105572064355 3.999842703198774e-07 0.00014517569754763556 4.4444774356801174e-06 0.00011098098363806931 0.0002108409104651637 0.0037529878505331063 0.004209560643525887 1.4237259915904454e-05 0.000954572545354687 9.012390731148883e-05 6.541080165282228e-05 2.3577574951983902e-05 0.0 5.4731243441750796e-06 3.375819505037317e-07 0.0002889109585420836 2.2698864245109097e-05 2.955950314949037e-05 2.8395869608210597e-05 8.606930855883788e-05 7.453847740344005e-07 0.00020848489264740127 2.6730792053002988e-05 1.0335852586720233e-06 0.00019346496458668553 5.8203883361837087e-05 9.441295644048915e-05 0.003190965374864384 0.0011214218084733844 3.4324330833047347e-06 0.00037731166293096465 4.620572373301447e-05 0.0008392809944626465 8.125139681612679e-06 0.000417371551078167 7.092597242211436e-05 0.0005313117558369894 0.00012597191396898383 0.00011085340795034956 0.00027360428353967513 1.640737364165344e-05 4.349245115316547e-06 4.951594181750875e-07 1.5507070079480473e-07 1.4637703557613875e-06 5.042434235026525e-07 7.305965952137185e-08 1.7102849264176308e-06 3.2498498896342517e-06 3.0601354834360405e-06 8.596714130497459e-06 4.195709267331947e-06 9.306854544138907e-07 4.4746969979723576e-07 5.763188680820408e-07 5.883753950536882e-06 6.973885405724157e-08 5.60899584867791e-07 6.510183892477708e-07 5.89752349351169e-08 4.540130374659516e-07 3.979477713802098e-07 2.5666121411631566e-07 1.2151056693189847e-06 1.7899085910106692e-06 5.791713705172051e-05 8.048438780860164e-08 2.069462072766685e-06 7.784860960099895e-06 5.3305413002535985e-05 5.473936302276293e-06 7.838303557642747e-06 2.7771579557951513e-07 6.440835820632719e-08 1.0362157067478604e-06 1.8108541995701572e-06 4.3890164394289804e-07 1.2932191203761504e-05 1.1976325559706104e-06 7.483440853330917e-06 3.12343955291585e-06 3.251698037685049e-06 1.3549658488457196e-06 9.202535837033913e-08 1.4327062794714648e-07
0.0 6.316297590994704e-06 5.261130206389921e-08 9.984208796052779e-06 0.0009597977459664932 0.0012016579332371517 8.195616681087003e-06 0.00014829159690155574 0.00035825596677059086 7.330662660524296e-05 7.66125116607834e-07 0.0007824111821569749 3.0672961942883106e-07 5.4731243441750796e-06 0.0 0.0 0.0 1.1525654466931819e-07 3.05921309609066e-07 7.80246896809755e-05 4.8257204470480347e-08 2.449936769064609e-05 0.0 0.000549669397411372 8.269729601691618e-07 9.520325782661851e-07 9.499166155212952e-06 3.119657359847979e-05 3.236471426084033e-06 0.0 1.8892621765372584e-07 2.9128001126822458e-05 0.0 3.229441823024343e-06 1.0102027429960208e-07 2.303696403981471e-05 2.98072485321654e-07 6.0988712215753495e-06 5.371508701550394e-07 0.0006021637086817489 4.4216019910017765e-05 0.0 0.0 0.0 0.0 0.0 0.0 0.0 3.099926468144629e-07 1.9982585228716132e-07 0.0 1.899829665237566e-06 2.5814776249129404e-07 0.0 8.38439720525266e-08 0.0 6.39178463940747e-08 0.0 0.0 1.2459195448325085e-07 0.0 0.0 0.0 5.189724570680809e-08 7.292072018368637e-08 0.0 6.229285357710502e-06 5.397727139336926e-08 1.2160041199256974e-07 0.0 4.044423019533329e-06 1.9778961712344363e-07 4.6660406664799253e-07 0.0 0.0 5.070557283777758e-08 2.4326878901652136e-07 0.0 3.596033562719903e-07 0.0 2.5489084653436135e-07 0.0 2.2615675670843614e-06 1.2087298108027068e-07 0.0 0.0
5.560035168609568e-08 8.158636513705782e-05 6.562902681383629e-06 0.0 0.0 0.0 7.932366373462541e-06 3.8155221622370835e-07 4.414054424112239e-06 1.0839284182152071e-07 7.894989722593403e-07 0.0 2.7000652511629734e-06 3.375819505037317e-07 0.0 0.0 7.4712442769335055e-06 8.462460025816543e-08 1.1231957519358613e-06 0.0 0.0021482988076209435 0.0018778970696514787 0.0020501192764166096 0.0005365335122556298 1.2373168786014156e-06 7.425934021957551e-06 0.0018235351149544874 0.0018197520613082916 1.8751732800198632e-05 1.210081648057022e-05 5.2643649911731384e-08 0.0 9.72049933994803e-06 3.422254915646522e-05 1.593902609399461e-05 0.0007983569047235802 0.0002670881671217499 0.00027053427854099323 0.0002760456852051888 1.0901637502799154e-05 6.177802069348003e-06 3.938220034502706e-06 5.751352229182581e-06 2.669191747424148e-07 2.3894841202042054e-06 1.4311598721601068e-05 0.0 0.0 0.0 5.448715702902288e-06 6.806385114058977e-07 8.58863732577106e-07 4.784296143081676e-07 3.6658644188563586e-06 9.573123213952392e-08 4.860714227718856e-08 1.214227678066586e-06 0.0 0.0017625905072292608 5.109974497965289e-06 6.35703754497715e-08 8.757982080054044e-07 0.0 0.00024844250517340677 0.0005809306601408382 0.0008868563536318892 9.883114363188189e-05 0.0 5.536953156898167e-06 0.00042236514840720337 0.0001191008918698427 7.619465340454403e-07 4.4457969901018e-05 0.0 0.0 1.59306036053131e-07 1.2376094674299382e-05 4.649696844845999e-06 6.78489802177128e-05 1.463668028897068e-05 4.838317423077442e-05 4.295962317330837e-05 1.4905421509090313e-06 2.0264941779473873e-07 0.0 2.6104699082980627e-07
0.00017209604838274147 2.2658711014287854e-05 0.0011517018135124844 0.0 8.453971307080667e-07 2.7120231511923945e-06 0.00021532217052455858 0.00015775879078873772 1.903230424535761e-06 8.128606745268315e-06 0.0002132033494811846 3.90981615724365e-07 1.1727690869418912e-05 0.0002889109585420836 0.0 7.4712442769335055e-06 0.0 8.625892153018032e-05 0.0010752743113048558 8.787397073686826e-08 0.00027627434685856516 5.72599425455082e-06 0.0016534421214441696 8.359358243483846e-06 7.924537310080452e-07 0.0010503618724233526 0.0035569386743729507 5.376657047104839e-05 0.0004197611290171609 0.0007588336779638184 6.640064814817949e-06 5.759616519166914e-06 2.0392262737644223e-05 0.001700468611916494 7.7448075851939e-06 0.0006883927189331347 0.0015672199011683963 0.001136946652608566 0.0003430419256502389 2.1590600593353423e-05 3.3697921948600673e-06 4.191816577032587e-06 2.9156318255230367e-06 1.410905754482466e-07 0.00011420343832967707 0.00025362215092448304 0.0 0.0 0.0 1.1649942016538538e-06 1.834969952944512e-07 1.5963947523144386e-06 0.0 1.2360976504335022e-06 0.0 2.110688697091915e-06 1.345726182271305e-06 0.0 3.3363302874457625e-06 8.99124714759351e-05 7.020214816667577e-06 9.193416990990032e-05 0.0 9.788649527186124e-07 1.0996914791389457e-05 1.0397740810925112e-05 5.0595644099187485e-06 1.5010214455632054e-06 0.00037962855660819575 0.000881586219793818 2.751456556022035e-06 1.564496843095229e-07 1.5235889752873022e-06 1.1573049135191476e-06 0.0 0.0 1.2928418453501126e-05 7.476894922484555e-07 3.8508251459061186e-05 1.6768749416272514e-05 3.7862342889218556e-05 1.2817627832567379e-05 1.6535357896028717e-07 2.069502437917334e-07 0.0 1.8004003685830371e-07
2.524958485865908e-06 2.23795979677803e-05 1.3751227847761269e-05 1.428633095834418e-07 9.113051369231677e-07 3.897201681723299e-06 8.180241151244052e-06 1.0703236018350716e-05 2.1761430755459033e-06 1.7235211794368698e-05 0.002124004371128944 2.829276814166601e-06 4.292401613212972e-05 2.2698864245109097e-05 1.1525654466931819e-07 8.462460025816543e-08 8.625892153018032e-05 0.0 0.0013486392372138458 1.7165322183068178e-06 1.3635463541818634e-06 7.4213271081191564e-06 6.4970628854000875e-06 4.110714641428182e-06 0.00014009144588216814 0.0009930251598492168 0.0002863235382567824 3.0256697487806015e-06 6.433917497215995e-05 3.663768529461259e-06 8.048636265827211e-05 1.579373905494669e-05 2.458938092520363e-06 0.0006775941491855708 5.162459351040003e-06 0.0004190089010850815 0.001341114960124595 0.0007547492887120364 0.00027752336646554325 1.7412617471093762e-05 2.9301370284767514e-06 1.3402471564120746e-05 3.5091662204504547e-06 0.0 1.4472907656739065e-05 2.3204276953961425e-06 0.0 0.0 9.522504980675276e-08 1.274168091493441e-07 5.408927214777335e-08 1.11242917183582e-06 2.118209075739807e-07 7.056073033479094e-05 4.3454371974062805e-08 0.00010060964274649944 1.9204333607234712e-07 0.0 5.421669599342483e-07 6.01370595120775e-07 6.311654319914042e-05 2.9583594724641036e-05 1.331074334750043e-07 5.7781496440337554e-08 1.6306591924836896e-06 4.97848573117979e-07 2.970610193519186e-06 2.4685116712122234e-05 0.00030498903976769064 0.0003552012828524516 1.066105597399687e-06 2.2561564300958513e-07 1.3209602360409765e-07 5.725338490449573e-05 8.941679255288419e-08 1.7287440342668625e-07 5.926919094039418e-06 1.1447492043083187e-06 1.2911292417290703e-05 1.4914193166541615e-05 1.1967233644815198e-05 3.0765591920312548e-06 1.7843937752132172e-07 0.0 1.437966454883219e-07 0.0
1.1900008582991146e-05 5.8601168193667175e-05 0.00011533501606768307 9.594885472852878e-08 4.774657584113339e-07 2.7937222532565267e-06 2.4276439579057e-05 1.555194115493009e-05 8.401940141209533e-06 1.4697789434189234e-05 0.001744303845860847 3.0880836933143155e-06 8.69773316393555e-06 2.955950314949037e-05 3.05921309609066e-07 1.1231957519358613e-06 0.0010752743113048558 0.0013486392372138458 0.0 1.2584142809322057e-06 1.105039559557835e-05 1.7933487714388233e-05 6.89390837015039e-05 1.4026864212078896e-05 9.334198621643281e-06 0.003907659683219951 0.001280828819494509 7.055337249414032e-06 7.454539175498537e-05 2.9029183266535024e-05 1.1089469105987963e-05 7.289371989169331e-06 2.9375125123947367e-06 0.0022014700119068376 5.545116524717991e-06 0.0007731443098165327 0.0011361925681061815 0.00159267270058668 0.0004304980355414053 3.604217830139817e-05 8.232608189348003e-07 6.179780173493567e-06 4.32098073466831e-06 3.623933256399161e-07 0.00010330727412211173 6.351954843225732e-05 0.0 0.0 0.0 7.607977897834731e-07 2.9947786500713685e-07 3.4158011514607038e-06 4.129444446559669e-08 4.562902252726573e-06 0.0 6.7574214210005645e-06 1.4078700573838273e-06 4.9211486414877796e-08 1.4847302119373264e-06 3.753843742822177e-05 2.0757896855471742e-05 0.00017908555727141673 0.0 1.9280143186761472e-07 4.933671742789981e-06 2.3747412253983654e-06 6.943848915086632e-06 1.0369652792363061e-05 0.0006974808064201491 0.000867370390711621 1.7437830565856236e-06 7.116652652564819e-07 1.1248094997611763e-06 4.493848383944617e-06 0.0 8.653332761374618e-08 9.051607143108164e-06 3.254718978191108e-06 3.8626449703712114e-05 1.9088128453661496e-05 3.1718265228936894e-05 1.1889167279994189e-05 2.105892262091072e-07 0.0 6.327241116460149e-07 2.4656849983496524e-07
1.9441984927027404e-06 0.0 0.0 0.0013110058152957682 4.834354001071349e-06 0.0001959854534856738 5.959336355813125e-06 0.00012482977313730493 0.00021818663724238748 0.002715989659323232 4.477066649651948e-06 0.0024533166688083616 1.3017513394813237e-06 2.8395869608210597e-05 7.80246896809755e-05 0.0 8.787397073686826e-08 1.7165322183068178e-06 1.2584142809322057e-06 0.0 4.844739436069197e-08 2.1660474077169448e-07 2.8121806775173804e-07 0.0001458822170642304 0.0 1.0083302644002074e-06 3.008419767594947e-07 0.001914191980086758 2.572585469034979e-05 4.230401793577017e-07 2.4305042339667156e-07 1.032655545414028e-05 5.368685778764496e-07 7.861203415342528e-06 6.360404812160013e-07 0.00010618320163004394 3.708678108769263e-06 3.2521136378705505e-05 5.226369016664477e-06 0.00015524076603637676 2.5218212684629317e-06 2.2365260752955153e-07 3.289945572716558e-07 0.0 0.0 0.0 2.2360682029707016e-05 7.633200822895283e-07 1.4050374655375464e-05 3.4697633541885386e-06 1.8974268223701351e-06 5.4512618128905594e-05 4.690453370645378e-05 2.5371573210770913e-07 5.6464669320801576e-05 4.397928982958779e-08 1.4005026576414347e-06 8.473953423828434e-06 5.577501966195762e-08 0.0 5.710104736836076e-08 0.0 2.789662922686552e-05 0.0 2.189325598147171e-07 0.0 4.4589935114041853e-05 5.3251824373426e-08 1.3660794094897063e-07 1.963434970567356e-07 6.728025736138836e-05 9.988808104970473e-07 4.410282353725083e-07 0.0 0.0 1.1020605256199122e-07 1.00961344523294e-07 6.069418106745074e-08 5.453214557764906e-06 0.0 5.609329135163384e-07 2.7178485650284715e-07 3.5122471837311945e-05 1.3823243300030236e-07 0.0 0.0
4.538407465943686e-05 3.3550078092118484e-06 0.0002867319661029992 0.0 3.0910484383975754e-07 4.1475905600958e-07 0.0001715199377193325 3.825321474071136e-05 6.928387420290084e-06 1.4779700764438435e-06 1.1782798316733435e-05 1.9584216671538156e-07 1.5104835391640683e-05 8.606930855883788e-05 4.8257204470480347e-08 0.0021482988076209435 0.00027627434685856516 1.3635463541818634e-06 1.105039559557835e-05 4.844739436069197e-08 0.0 0.00014406512821544092 0.009408490120130083 9.636119790147964e-05 2.623735683790346e-07 2.5171096456033322e-05 0.0010310063979608796 0.0015172938531726042 0.00018794260253453707 0.007069268077810771 2.805147519055098e-07 2.255193213205544e-06 1.8048183233618115e-05 0.0012547184421921027 8.51211963599155e-05 0.003384706637413766 0.0004613074760598521 0.002953131770171467 0.0016585156108502614 4.715093154696429e-05 3.67064554147755e-05 9.937648592298631e-06 1.494443597826899e-05 1.9041159947027775e-07 9.231321372086447e-07 1.1835940090808423e-05 0.0 0.0 6.701450917353627e-08 2.0333957976591985e-06 1.4245110950708631e-07 6.073401866619938e-07 1.7688243811925296e-07 5.606240616001984e-06 0.0 0.0 6.051633440563438e-07 0.0 0.0004029858419696965 3.7246679950905353e-06 2.763020828031068e-07 1.5380817213289027e-06 0.0 0.0002094856192468262 0.000136916650091734 9.694546562066143e-05 0.00011573877208145653 0.0 5.147948363591161e-06 3.719558929118675e-05 0.00012668927904614235 4.066281827861801e-06 9.126154882391083e-05 0.0 0.0 2.698728858176284e-07 1.0453227698086041e-05 9.28161579252136e-06 5.77447690349601e-05 1.2955237798907685e-05 3.091625171880584e-05 1.6774017687005322e-05 2.0824665428865926e-07 1.2706854316203684e-07 1.7196085294714384e-06 0.0
2.966131132998274e-07 0.0016239132473747065 5.45485240951083e-06 8.652021311933393e-08 6.688414255422362e-07 2.6718154933617637e-06 2.3545872374428357e-05 2.3443155835012957e-06 0.0015456208246178618 6.489561480044821e-07 3.0411928965615035e-06 4.973573680579483e-06 4.974463234877889e-05 7.453847740344005e-07 2.449936769064609e-05 0.0018778970696514787 5.72599425455082e-06 7.4213271081191564e-06 1.7933487714388233e-05 2.1660474077169448e-07 0.00014406512821544092 0.0 0.00017820263324157232 0.0043188585270426665 0.00023270797717280957 0.0001229682952729022 0.002388210833417882 0.0005537393625991682 3.2775579753489306e-05 9.979955122793202e-06 1.3622800364341552e-05 1.366307557110629e-07 1.707893500962162e-05 7.297416535211591e-06 8.542764830500244e-07 3.520543988745297e-05 2.1077799453270634e-05 2.0133791949923424e-05 1.2802269050639673e-05 5.096799278985708e-05 3.7683131773855654e-07 2.6092859035073515e-06 1.1733897034550834e-07 1.1789311160416273e-07 1.9102324017086373e-05 4.372979562351016e-05 5.474306498818987e-08 0.0 0.0 3.822584046271829e-06 3.895178709660162e-07 2.1105365652415784e-06 2.824071697340453e-07 3.214337116778894e-06 0.0 2.6306441431010858e-06 1.0983474295909153e-06 0.0 0.0010753240662143095 9.131303138038796e-06 3.036610803668485e-07 3.6748879674792295e-06 1.0497063865314284e-07 0.00010224742352183112 0.0003206932389098734 0.00042613371421879135 6.651875767494754e-05 2.0421889212716073e-07 1.4180249384553615e-05 0.0008853687072802314 6.548591470037442e-05 1.1419366802390961e-06 1.6584348516524948e-05 1.0224614887842276e-06 0.0 5.192381277466704e-08 9.728777502318237e-06 1.2792056474337582e-06 3.5049318752807294e-05 7.323022061714791e-06 3.434259116900011e-05 2.277480555285919e-05 4.757747168023798e-07 7.138690390151047e-08 5.814994240236107e-07 5.616772260894336e-07
9.998698708917766e-05 4.740635427726835e-06 0.006237638061588936 0.0 4.3915680445018665e-07 1.6323554984661794e-06 0.001196220156374905 0.00011930680865803834 1.5137918683972821e-06 1.1232283585441852e-05 2.46034262292159e-05 4.613858576183575e-08 8.370189883364665e-06 0.00020848489264740127 0.0 0.0020501192764166096 0.0016534421214441696 6.4970628854000875e-06 6.89390837015039e-05 2.8121806775173804e-07 0.009408490120130083 0.00017820263324157232 0.0 3.1253031560082205e-05 5.151750641897315e-07 0.00151707123700394 0.006787718414340249 0.0014210795010179882 0.0002542716384361356 0.003204281768036386 7.259726213871283e-07 3.3431713204224824e-06 1.3835300985386976e-05 0.0014761361887524764 8.49222283738903e-05 0.003671909970998124 0.002857772808667222 0.0046568603354249566 0.0024535309402948196 0.000102577631533921 7.512220622835609e-05 2.1914878041597235e-05 2.0264488367191706e-05 3.3739834015165157e-07 8.074094736866805e-06 0.00012867261353071845 0.0 0.0 0.0 8.001920075378699e-06 8.545009118015683e-07 7.434546139540989e-07 7.206051894729144e-07 1.7627225821730796e-06 0.0 3.651768046334118e-07 2.07069262100952e-06 0.0 0.000826865276817773 3.156125727583238e-05 3.994483147411516e-07 2.549861287232401e-06 0.0 7.659492890951873e-05 0.00021027552886251222 0.0006915368466195614 3.135982967195289e-05 0.0 1.2802038933987013e-05 0.0009051927086097121 3.8451137456950046e-05 8.468749484706176e-07 1.1630191684547679e-05 3.9824423325701145e-07 0.0 5.479128769002308e-08 1.3942296981232266e-05 9.531511060642987e-06 5.497848807736367e-05 8.44204193943569e-06 6.0454821207672706e-05 3.9509950964498625e-05 9.615854917841872e-07 3.898017830518477e-07 5.480285370815458e-07 0.0
