0.0 7.285253006367172e-08 2.095887434345345e-05 3.837556422428283e-07 1.3713957813130744e-07 4.4171722156972465e-06 0.0010410443620290839 0.00015948622091352993 3.3001104726352827e-07 0.0001469696585161942 5.923733864143816e-06 4.7186621590688534e-07 7.265687887769953e-07 0.0018910522923583546 5.9144676952530114e-08 3.1284133949940044e-07 9.76639445778294e-05 1.5952694613055469e-06 1.2518237163893692e-05 7.407263365204537e-07 1.199648708683437e-05 2.414014846267872e-07 3.3628353044331566e-05 2.8028277781623193e-06 5.181025798660469e-08 4.990993168065009e-05 1.1523503292642294e-05 9.95910137461858e-06 0.002286162368534036 0.0011847117010279512 0.0 3.0494216596261584e-06 4.342881913939501e-05 7.255624517237271e-05 3.5017182169235754e-07 6.925056549355464e-05 9.07900206960514e-06 6.146897126754258e-05 1.9571375967332485e-05 5.782745868962662e-06 1.4021243193012698e-06 1.3073093263144954e-07 1.099034070240939e-06 0.0 0.0 1.5317800976694434e-07 0.0 0.0 0.0 7.012043005482752e-07 0.0 8.116561538901452e-07 0.0 0.0 0.0 6.309013044241853e-08 1.1483016412644475e-07 0.0 1.8971653798084805e-07 2.0217147609203894e-07 0.0 1.3268459677140597e-07 8.85054808135079e-08 7.620398500148588e-08 0.0 3.502914920580777e-07 2.979135582536577e-06 0.0 6.557709468790599e-07 2.219178757833317e-06 1.0705621634311961e-06 1.1888967034907327e-07 3.619444547064503e-07 1.6208949360481872e-07 0.0 0.0 1.5356620999170152e-07 0.0 9.982010089691962e-07 0.0 2.6942589483927797e-07 0.0 0.0 0.0 0.0 0.0
7.285253006367172e-08 0.0 0.0001708518028133932 1.6064757482157806e-07 1.299421803919686e-07 5.7181707149077645e-08 1.588471734810775e-05 3.994104253369398e-07 0.00017861726299129918 3.612912648207252e-07 1.3977288451696163e-05 1.6360928079523794e-06 0.0003209326552439667 1.353573062618289e-06 2.572477617028525e-06 7.392702673710142e-05 0.000132909655507415 1.1638823556342974e-05 0.0001383904024147689 1.0609816833067671e-07 4.1193079097684184e-06 0.001787627369188972 2.0667756468494538e-05 0.0005068389664195504 0.0013114316088037204 0.000699575205941621 0.005032416157744046 3.6389865929070974e-05 2.0875380798853007e-06 2.5161315794691637e-06 4.363760924141634e-05 0.0 0.0 6.013076462137921e-05 4.1276060951392505e-07 5.983186552333539e-05 4.218446913514944e-05 8.786857040411341e-05 5.932349704873835e-05 2.702207354413724e-06 2.70888766926695e-07 7.25108116280774e-06 1.3630727367492073e-06 0.0 3.21258927114578e-05 3.783743612111551e-05 4.1805714263879607e-07 0.0 0.0 7.629194024993224e-07 2.2644982766281355e-07 1.0584860965393015e-06 1.827808153434057e-07 1.6328014702461727e-06 0.0 4.35309391482521e-06 1.367909195847862e-06 0.0 4.2659763939518445e-06 3.1040838572165755e-05 2.8628229701944907e-06 3.359977856903601e-05 1.9506109330897803e-07 4.7454435629456596e-07 1.0783551761537059e-05 9.242927840606466e-06 4.08166821656125e-06 1.3365562517294074e-05 0.00012486265961140572 0.0006524936776282058 7.701244291709843e-07 0.0 4.899859455486907e-07 3.734572422396926e-06 8.869356258916895e-08 0.0 8.818993354501114e-06 0.0 1.978861944767121e-05 6.654019895906376e-06 2.3237893497185786e-05 1.1835389825161129e-05 4.119723824686632e-07 0.0 3.0941748167558066e-07 0.0
2.095887434345345e-05 0.0001708518028133932 0.0 7.08681206650993e-08 0.0 1.169460490896834e-06 0.0006966677167164334 4.4609164412752814e-05 1.2493754243339106e-07 9.234259307723997e-06 5.137606911060466e-06 9.358792921338352e-08 4.259029976803971e-06 0.00011660934348507747 0.0 3.614873633943655e-06 0.000639859476627615 4.194165370708481e-06 2.8876386106236314e-05 0.0 0.000623826945226132 5.419261926058052e-05 0.006261387451255456 7.026210407425893e-06 7.788014196255434e-07 0.0065449009957434705 0.0030744016257013987 0.00031661770717341433 4.1620466408992284e-05 0.000904725602765077 7.584630828667446e-08 1.9269113688903655e-07 1.730521818201099e-06 0.0001642551940567031 1.6666518638209232e-06 0.00030555820817263944 0.0012495979378192308 0.0005459232549981071 0.00023155085686617135 8.813107969727512e-06 3.6334155691633192e-06 2.315593122830204e-06 1.1963819348944041e-06 8.90731056680324e-07 0.00012374918470365955 0.0005087985799246072 0.0 0.0 0.0 3.375639187029944e-05 1.328790275616262e-06 5.557681281901032e-07 1.1210122111840622e-06 3.7180921429196378e-06 0.0 7.919569123603628e-07 1.493709108356033e-05 6.344447314652089e-08 1.8718055872051112e-05 0.00025539519368811666 1.6823102999326033e-06 3.765018838888728e-05 0.0 4.390026552671417e-06 0.00010720660624461009 0.0002775640357722198 5.639149510308738e-06 1.44046059510764e-06 0.00010597357984399232 0.0012853649874976537 1.6911453310534944e-05 1.1291967134032713e-06 1.3939706996692396e-05 1.3692083435003996e-06 0.0 0.0 7.296318370441323e-05 1.5954943844830927e-06 0.00012058755858645991 2.0350372945943232e-05 0.00016578149839774784 8.18521095869266e-05 6.959525917774185e-07 1.4679755824889617e-06 2.3929855250912135e-07 2.0577155408282433e-07
3.837556422428283e-07 1.6064757482157806e-07 7.08681206650993e-08 0.0 6.703355279229383e-07 9.953235655450734e-06 1.686403231849529e-05 1.001979617981511e-05 0.00029374110070837293 0.0019634014398612416 3.672150977014858e-07 0.0006323127015998502 3.2566443875814613e-07 7.648555706691951e-06 2.824993102993505e-05 0.0 2.721478480958101e-07 2.1857183268017035e-07 1.0486014550458184e-07 0.0010710137546254255 0.0 6.044694464776139e-07 1.6021570956041615e-07 0.000789536694565774 5.029667158926506e-08 2.373025149215064e-07 3.703024810956336e-07 0.0016837103725009363 5.847343003368207e-06 1.2858026619476336e-07 5.21254406536036e-08 1.010745416833348e-07 4.222349148188998e-07 3.125938637040233e-06 1.846385556769981e-07 4.942350536146633e-05 3.717076401738683e-07 7.749947916961587e-06 2.4182216286205047e-06 2.8078682522621426e-05 1.3101524554935092e-07 9.831231186569282e-08 5.054289820046635e-07 1.284211206754083e-07 0.0 0.0 3.1160332017460034e-05 0.0 3.9831100087621974e-06 1.0353035385865459e-05 2.0366846751915484e-06 2.7579339697414486e-05 2.93201327584092e-05 1.2937344951732205e-07 5.9562360242472175e-05 0.0 4.475485090045644e-06 1.7050382820590665e-06 1.5553818979375645e-07 5.3500441912682124e-08 5.0369043352650286e-08 9.602734354137641e-08 2.9872427395976623e-05 0.0 1.278215278323193e-07 3.005782528912651e-07 6.792886427394583e-05 0.0 1.004830897396739e-06 1.1146467677716305e-07 5.1243144130494036e-05 1.9973256750662735e-06 3.0631657939320173e-07 0.0 6.492353677719493e-08 0.0 9.780705868759007e-07 0.0 3.6097982815012277e-06 6.330305584980442e-08 3.443629736668177e-06 3.8117339064856374e-07 1.4618363810751149e-05 0.0 0.0 3.735605798432658e-07
1.3713957813130744e-07 1.299421803919686e-07 0.0 6.703355279229383e-07 0.0 0.0002096692654380242 1.7655897247951093e-06 0.000157500392646365 1.1287996206678035e-05 4.83760798629609e-06 1.0897233792745747e-05 5.15529635569216e-05 1.2518731406666765e-05 9.776091356737324e-06 0.0009462598756876856 0.0 1.8327719390630476e-07 2.730474085348557e-07 4.4446315324913485e-08 2.616827424997942e-06 0.0 1.7824892609819748e-07 0.0 4.80672541078861e-06 6.772668895031983e-08 6.239567079496045e-07 1.9426566915775133e-07 1.109836759009978e-06 2.6671754648611903e-05 3.4157815816355995e-07 6.945627411380872e-08 0.00013844050094030517 0.0 8.720322256788225e-05 0.0 1.1164320258565353e-05 1.802605304424651e-06 8.6868058797342e-05 1.7395246461517473e-05 0.0005757872765088853 9.560199533358185e-05 3.421044945827792e-06 3.0307521450048677e-06 0.0 0.0 0.0 0.0 0.0 0.0 2.538932174559321e-07 3.7064750257492975e-07 6.599231401555322e-07 0.0 0.0 0.0 1.737566403874332e-07 0.0 0.0 0.0 0.0 0.0 0.0 0.0 0.0 0.0 0.0 3.758716833880532e-07 1.704092158289593e-07 4.504202328691252e-07 0.0 7.970908259033779e-07 2.225111978074453e-07 0.0 1.0691718731848522e-07 0.0 0.0 0.0 0.0 8.693242764732698e-07 0.0 0.0 0.0 0.0 0.0 0.0 0.0
4.4171722156972465e-06 5.7181707149077645e-08 1.169460490896834e-06 9.953235655450734e-06 0.0002096692654380242 0.0 0.00017280558814288828 0.003322204179592153 0.00016250996769514396 0.0029513328756078454 2.931693310016201e-05 0.002344113520005223 1.9093509434705234e-05 0.00036848440697355233 0.0009000911200425874 1.188372038356228e-06 2.9482406746907684e-06 4.1429470999746084e-06 6.1241792330251926e-06 0.00020220056984436533 3.7864849026301955e-07 9.432943498091864e-07 1.3030225354854996e-06 4.867205345024951e-05 4.1655613367042083e-07 7.773159416228072e-06 2.9213345469127564e-06 3.358701497622745e-05 0.00018595870350826844 3.109229785258159e-06 3.789607863069775e-07 0.000556764821693257 3.9318709948018356e-07 0.00021840469986318979 9.633330185272501e-07 0.0005515932662045353 9.997845504584482e-06 0.00018426512182068445 3.1775698002968474e-05 0.0019335604898640738 0.00018337556715626116 4.233641636977051e-06 7.594451221401465e-06 1.1941548702053203e-06 0.0 2.2506506557191583e-07 1.0943112869022849e-05 5.729853679762192e-07 7.615191888054674e-06 1.0499483720303242e-05 1.6419429697003538e-06 1.925787976121619e-05 1.026468768117601e-05 5.953539421921123e-07 3.555329798880762e-05 1.6372137786031942e-06 4.20831952219599e-06 2.3522989779222972e-06 6.511256779277778e-07 0.0 0.0 5.00971950442144e-08 1.4262616274358054e-05 0.0 7.265689871837006e-07 5.596631824866004e-07 7.4001546704346e-05 0.0 4.423606218352066e-07 2.0021477788562747e-06 4.657773946238246e-05 3.968513896613539e-06 6.517255679918915e-06 8.633032671006747e-07 0.0 8.420411526138405e-07 3.182061253088483e-06 0.0 1.634849749097273e-05 8.967464211876461e-07 6.123625569389144e-06 1.489980356614482e-07 4.2909114149173036e-05 2.498209159459964e-07 0.0 0.0
0.0010410443620290839 1.588471734810775e-05 0.0006966677167164334 1.686403231849529e-05 1.7655897247951093e-06 0.00017280558814288828 0.0 0.0015674777401852476 0.00023044348082881336 0.0019396666081775385 3.0778104818775454e-05 2.0051882719379635e-05 1.0347756250285385e-05 0.003823620150087019 5.850973301423393e-06 0.00014396639385784522 0.0002352187569717515 1.0408491094733048e-05 5.460877741374273e-05 1.687293974861185e-05 9.997020344714633e-05 0.00013485344361517274 0.0005516302796756073 0.0017807549545247531 5.1809017244439636e-06 0.000914170912470689 0.0006993556382706755 0.008620645157325508 0.0011534241478535674 0.0053873560793799985 1.3057896904578183e-06 5.9509323772693904e-06 3.593181969718616e-05 0.00022124541177551016 1.2246778102180675e-05 0.0026870474531529034 0.00020805412094295796 0.000646357659470985 0.00030043484441987043 0.000226018976080959 3.112151113911225e-05 7.693414011594578e-06 2.888447454459737e-05 4.582134264918656e-06 2.0988597733622608e-06 1.5939590597134773e-05 7.98699864249253e-05 9.807558543436503e-08 1.9033024633280098e-05 0.00013105717109970847 5.04056539452917e-05 0.00014853717593689964 8.017245184458774e-05 3.26099430286526e-06 4.063605089629144e-05 7.39024065346683e-07 6.0190774499397875e-05 1.3342313577515257e-06 4.748994794761811e-05 9.25563050699529e-06 8.308580559461239e-07 3.267265324137761e-06 5.9478055778545894e-05 1.6924368556091996e-05 2.226366174159265e-05 9.291463461284964e-05 0.0009033357740633027 6.125617946178532e-08 9.743713323758881e-06 0.00012556534437610257 0.000539437328005336 6.261324526047669e-05 0.00012302158765462756 6.974546433535769e-07 1.6734930904022122e-06 6.157324835409614e-06 3.4235741547510964e-05 3.2938280449224094e-06 0.00016101840080849056 5.875843978705393e-06 9.048599790824537e-05 2.4469220143671724e-05 5.262762319617232e-05 7.3997848368352316e-06 1.7752117186048083e-06 7.300896791505304e-07
0.00015948622091352993 3.994104253369398e-07 4.4609164412752814e-05 1.001979617981511e-05 0.000157500392646365 0.003322204179592153 0.0015674777401852476 0.0 4.284382650496959e-05 0.0022576402596810314 3.906913801303546e-05 0.0006598553346407652 2.6056118293119508e-05 0.003571484889727748 0.0003415365073209016 1.4794996235727035e-06 9.717141351775321e-05 7.936829682186994e-06 2.6211628351954758e-05 0.0001459743323931478 9.93931933524758e-06 1.3585201976453717e-06 4.06696190816155e-05 7.30752087750931e-05 3.895023173876841e-08 0.0001193924953325527 1.807566170362816e-05 7.034395037636882e-05 0.000367911826079041 0.00019969403885801402 6.680340295968678e-07 0.0009747353790896854 4.7648132237061865e-06 0.0001863689859129984 1.5400614729349383e-06 0.0004720564094068043 2.4558251935228285e-05 0.00027015438779573144 7.207741744873736e-05 0.001069918172333889 0.00011524039279408026 9.062708436372644e-06 1.5575453927293417e-05 6.923774430055643e-07 1.439887059678471e-07 9.249993803629573e-07 3.1986549978590516e-06 0.0 1.3747390198791058e-06 1.4490714857848879e-05 3.3717671860364337e-06 9.282574437086091e-06 4.752382798548878e-06 1.8413850114359846e-06 5.014317875474125e-06 2.0203984763750007e-06 6.431031234308573e-06 1.9825491995518105e-07 2.07519801925629e-06 7.560034038225515e-07 6.692906053950419e-07 5.91760411622591e-07 4.588748066841785e-06 4.3758345132839134e-07 9.245321209017593e-07 1.402301052991472e-06 0.00010102351135432484 0.0 2.1635529132710494e-06 4.285581485664625e-06 6.53145120192764e-05 6.642806544161311e-06 2.0474575403205674e-05 1.287626140166506e-06 0.0 1.5281163466876718e-06 2.9400643771723592e-06 7.157119622097909e-07 2.2266166093268086e-05 4.871613343288081e-07 7.63770763336173e-06 3.109234239683202e-06 9.059050567566128e-06 1.27465066455834e-06 8.194701879975629e-08 0.0
3.3001104726352827e-07 0.00017861726299129918 1.2493754243339106e-07 0.00029374110070837293 1.1287996206678035e-05 0.00016250996769514396 0.00023044348082881336 4.284382650496959e-05 0.0 0.000348409027405216 1.6278835593596344e-06 0.0003864334562086857 1.090630711031931e-05 1.811630660484067e-05 0.0001999903537281772 2.203460709454547e-05 9.67173837767393e-07 9.5558857459902e-07 4.668122408143374e-06 0.000440157305456126 7.527367755317689e-06 0.0013715663645471445 1.6193780506530864e-06 0.005294385536718224 7.247064559117322e-05 2.1123390518344202e-05 0.0001890180751124263 0.0008666403986149593 1.0001947181957734e-05 4.920989466121176e-06 3.212497071160945e-06 1.0163613341789705e-06 0.0 3.6897167901493215e-06 0.0 3.3883144242753566e-05 1.882342208692452e-06 1.1664807396388403e-05 4.3345634988654164e-06 5.2796453405855884e-05 1.4232634255213473e-06 3.219861107190497e-07 2.2590931333387647e-07 1.7518119197043177e-06 7.305784599037274e-08 7.296555730607008e-07 0.00010497589288734408 6.711017357142753e-07 1.6672226826343656e-05 3.2231965226968614e-05 1.047209824192601e-05 0.00013648636526930792 3.5148519658396605e-05 2.9287197307628623e-07 0.00017809177897396849 1.9855915135013085e-07 1.6176414243857677e-05 1.1189920835211682e-05 0.00012315486908599983 8.700290832249091e-07 9.638854489294685e-08 4.3518860848312187e-07 8.575799082449485e-05 2.4168017668273657e-05 2.1378257982747453e-05 9.161275790331767e-06 0.0010183684584648266 8.578588509547016e-08 2.3899752246471123e-06 6.026484841335668e-06 0.0002762740133031029 1.675694624816759e-05 6.0658002655130396e-05 3.621407956474968e-07 3.468746679464657e-07 6.124954264079411e-06 1.4118322446110248e-05 1.023222759340891e-06 4.608291250216155e-05 2.2440049064261997e-06 1.630174749484799e-05 6.406508702438885e-06 5.764519604257071e-05 1.424159290149222e-06 0.0 4.31179738763865e-07
0.0001469696585161942 3.612912648207252e-07 9.234259307723997e-06 0.0019634014398612416 4.83760798629609e-06 0.0029513328756078454 0.0019396666081775385 0.0022576402596810314 0.000348409027405216 0.0 4.903502023246145e-05 0.0017624476282583645 9.891927275573906e-06 0.0009459579323791576 3.619367935233122e-05 1.8370449814744873e-06 1.223353507318569e-05 8.758834737589282e-06 2.2110605242316355e-05 0.002089134800252046 8.796107343379299e-07 2.3858955898697477e-06 6.425735370320038e-06 0.0010904334699507866 2.552993296644161e-07 3.568176375099165e-05 1.3838462276520774e-05 0.001506847638410759 0.0003746737607550688 2.458215988482284e-05 1.7248312221278553e-06 1.8967939780180772e-05 5.4244848308437386e-06 0.00019929682861909316 3.821256230103544e-06 0.0011610375868533964 2.8349413567888654e-05 0.00038624592387176497 6.503641886758209e-05 0.0004119532689704104 4.2911493387914505e-05 4.009296659363385e-06 1.660439978639422e-05 3.0888076819665853e-07 0.0 1.3945447474545464e-07 0.00015696760741401401 1.6256862245536757e-07 2.118499155589152e-05 8.583494554934536e-05 2.5885898843578036e-05 8.84645922455197e-05 9.334568565957818e-05 9.718892337630655e-07 0.00017220246994138457 2.185574221288651e-06 2.339863734594321e-05 9.281531755386861e-06 1.0654043943996537e-06 1.0333786033484371e-07 5.399570667480402e-07 6.653861559575148e-07 0.00013826218069672234 6.512864107007723e-07 1.3640235561440325e-06 1.0192275213293644e-06 0.00042715400669217195 6.658928944626757e-08 2.2693869361418364e-06 4.291679290103028e-06 0.00032931517718170784 1.5080218595499415e-05 1.0703873636228185e-05 1.5569575506206128e-06 5.546606842081745e-07 4.2703097675629065e-07 5.855217310320337e-06 1.4602400979850761e-06 3.7126119622144455e-05 1.477390587531114e-06 2.1307963899363773e-05 3.0742393778792432e-06 6.797037712668604e-05 2.386627216539506e-06 0.0 1.2683080923815658e-07
5.923733864143816e-06 1.3977288451696163e-05 5.137606911060466e-06 3.672150977014858e-07 1.0897233792745747e-05 2.931693310016201e-05 3.0778104818775454e-05 3.906913801303546e-05 1.6278835593596344e-06 4.903502023246145e-05 0.0 1.985216368826771e-05 0.0014925657963243916 0.0001031961890814352 1.7014947227469063e-06 1.079764783821492e-06 0.00043685612415138135 0.0016834200294352825 0.0011424139217224422 5.675297076165326e-06 8.75412127897673e-06 2.6143555342155743e-06 2.33965756007233e-05 6.116633584834692e-06 0.00023238720652404631 0.0011588182671412152 0.00032192703164858096 6.31593722038713e-06 0.0003298384665018747 2.225874653448376e-05 0.00020561532234099653 8.737281847183392e-05 1.9990607767142263e-06 0.0032123931933620495 1.8420470786601428e-05 0.00042690438958659587 0.003627414588632475 0.003511132164170106 0.0007756384855335381 6.128330631896782e-05 3.0062367382700875e-05 0.0006678009044534228 4.547509416058165e-06 5.964552550178244e-08 4.99073756926571e-06 1.065450261361451e-06 0.0 0.0 0.0 1.3286919164648525e-06 1.3593010641909114e-07 1.3060777497611488e-06 2.455622949787793e-07 0.0002704176371069995 1.3065160885273515e-07 0.0005955184839575776 3.9965405709966625e-07 0.0 3.3676042321139624e-07 1.0303092360611663e-06 2.8371127333842556e-05 9.161744076839435e-06 1.7346076541605762e-07 2.0049871694305136e-07 5.006791760618246e-07 7.657881611562261e-07 7.067914224674491e-06 4.672599395919119e-05 0.00014325154563004812 0.00016129443530388506 5.056607171457465e-06 6.492172816391757e-07 8.110573430028932e-07 0.00014555683886560299 8.143130919926864e-08 3.408997239423726e-07 2.950699676817968e-06 1.2562013697085885e-06 1.0975828854755432e-05 0.00011940298051223883 8.032608208159023e-06 5.954730484603378e-07 2.3471186411006457e-07 0.0 7.342991611570626e-05 1.942819774108348e-07
4.7186621590688534e-07 1.6360928079523794e-06 9.358792921338352e-08 0.0006323127015998502 5.15529635569216e-05 0.002344113520005223 2.0051882719379635e-05 0.0006598553346407652 0.0003864334562086857 0.0017624476282583645 1.985216368826771e-05 0.0 3.930126536916128e-06 0.00019261976138018158 0.0011200576289282706 6.886708867497755e-07 1.129717717739552e-06 3.3722633506313175e-06 5.590075665926164e-06 0.0028304226307645274 0.0 8.301628085073374e-06 3.8609341009263334e-07 0.00015624305810204805 3.7808929458119446e-07 3.825808660278208e-06 3.4317546363167836e-06 0.0003214681961976174 8.219287064403387e-05 4.8985981723924e-07 7.54348322321944e-07 1.9239098026206435e-05 0.0 9.480231367402166e-05 6.702969631059495e-07 0.0006464857384957073 5.721258063288966e-06 0.00010428969491842314 1.0852692413376856e-05 0.0009025249454015338 1.794829115034592e-05 9.454413009830639e-07 2.165898329504815e-06 0.0 8.838246087576837e-08 6.656507604760557e-08 4.196495663293902e-05 6.373298606204362e-07 2.6618845022963365e-05 2.385541026195041e-05 4.198462268608449e-06 6.344089968226086e-05 3.409528390123286e-05 3.237135328604216e-07 0.00019605217545814045 2.344236207942409e-06 2.7173001213385376e-06 1.4857347122238355e-05 0.0 4.486896829044042e-07 4.095064594487546e-08 0.0 6.252313643173829e-05 0.0 0.0 0.0 0.00012035521143460826 0.0 8.771290671624324e-07 5.607653511843735e-07 8.325149196835873e-05 4.267667531008171e-06 5.2482036479808965e-06 5.547226182227471e-07 5.269797160019955e-07 3.098805240217164e-07 1.3582907500168872e-06 3.717403111446208e-07 1.3766350208060727e-05 8.679873654112194e-07 3.4073603296430977e-06 3.0673014455357535e-07 0.000123672308913555 7.712992186131052e-08 0.0 0.0
7.265687887769953e-07 0.0003209326552439667 4.259029976803971e-06 3.2566443875814613e-07 1.2518731406666765e-05 1.9093509434705234e-05 1.0347756250285385e-05 2.6056118293119508e-05 1.090630711031931e-05 9.891927275573906e-06 0.0014925657963243916 3.930126536916128e-06 0.0 3.4735070519261504e-05 7.847830666640029e-07 1.1244892318899634e-05 6.425013278843099e-06 7.101538275491173e-05 8.68806687066511e-06 1.5486185168105213e-06 1.0495405202049884e-05 5.752668997796958e-05 1.4761825673001065e-05 3.0952001798838874e-05 0.0027504115193407006 0.0002541365661350841 0.0014503325894847214 8.759183023053392e-06 4.1530619002484514e-05 1.3697742200417237e-05 0.0002877828922203669 4.3882895109171155e-05 6.309014133533562e-07 0.0006476299300837235 6.530729494815062e-05 0.0023749686223891358 0.0038164028757830754 0.0029179688325395208 0.0006109954968265054 0.000133941296651577 7.215227831760438e-05 0.000546101015513033 1.1453633943549384e-05 2.979981798804277e-07 5.005870726738231e-05 1.3023513372735527e-06 0.0 0.0 1.1199518129331775e-07 3.4080414637516035e-07 1.1827330902715188e-06 5.4269123952340183e-08 2.955469117243944e-07 0.0011216086395646973 1.3978993768996405e-07 0.0017022226707540573 9.059317996462467e-07 0.0 1.7956603539302633e-07 3.112366610825121e-07 4.469354876455532e-05 9.372151656455285e-06 0.0 7.162869526214629e-08 2.87165668638467e-06 1.9695304518303218e-07 2.1342120473387577e-06 0.00022037267803931532 0.0002005044308499673 0.0002466464475035393 1.3768305611177097e-06 1.370765540469558e-06 6.12855125315012e-07 0.0002499811241705666 7.115071717048629e-07 0.0 2.5474877615072368e-05 6.72204566545797e-06 0.00021301672844071498 0.0005168096383480089 3.1551805820578176e-05 1.3392842003697246e-05 1.1180927662275946e-05 4.1179313173653727e-07 0.00038468701920053535 0.0
0.0018910522923583546 1.353573062618289e-06 0.00011660934348507747 7.648555706691951e-06 9.776091356737324e-06 0.00036848440697355233 0.003823620150087019 0.003571484889727748 1.811630660484067e-05 0.0009459579323791576 0.0001031961890814352 0.00019261976138018158 3.4735070519261504e-05 0.0 1.710545636702185e-05 1.2080125203787175e-06 0.00039482115427391407 1.6586072208222478e-05 7.02349754275258e-05 6.02121673716839e-05 5.3304174599974734e-05 9.114878215089321e-07 0.00014748921081495026 5.775831404631075e-05 7.006882797215837e-07 0.00026449937660498376 4.902516381918466e-05 8.561648676958371e-05 0.0024752801914775225 0.0015603479477410784 2.077987675883149e-06 4.4874596077175396e-05 2.1075293990377382e-05 0.0005532644504205503 3.1303368079469436e-06 0.0005914195060553767 5.3306314925920805e-05 0.0005651630876154131 0.00014026690641669 0.00024513977018787405 0.00012042552001335238 1.1217360112928583e-05 1.0937222162281165e-05 8.945426945735251e-08 4.1016715377632075e-07 1.2200922402881811e-06 2.007951700171007e-06 0.0 3.725466554452762e-07 1.6245446044332665e-05 3.826134389623192e-06 1.6149455351567122e-05 3.6035333096880647e-06 1.7501228639732288e-06 2.138275716211863e-06 3.4953057783543577e-06 6.2610280753078145e-06 2.3194207538599575e-07 2.5594979398666062e-06 8.04571641785282e-07 6.875309429715069e-07 9.521237749680799e-07 1.972293393577905e-06 1.156984120971178e-06 8.715797989083715e-07 2.6739739441343433e-06 0.00011330988505079097 2.0603079383967542e-07 5.801315382714319e-06 1.1865576942374071e-05 6.79748460509799e-05 5.052949800612873e-06 2.1292116821269267e-05 1.695091838822148e-06 0.0 1.9755010075449403e-06 3.377412942194353e-06 1.1235877480729782e-06 2.4830467012074463e-05 7.518821308694348e-07 8.730182794201252e-06 2.8835995173386832e-06 2.5437914543193753e-06 1.0859095172811135e-06 0.0 2.593412944001283e-07
5.9144676952530114e-08 2.572477617028525e-06 0.0 2.824993102993505e-05 0.0009462598756876856 0.0009000911200425874 5.850973301423393e-06 0.0003415365073209016 0.0001999903537281772 3.619367935233122e-05 1.7014947227469063e-06 0.0011200576289282706 7.847830666640029e-07 1.710545636702185e-05 0.0 1.0122289932439784e-07 6.748779949687506e-08 8.653047822694784e-08 1.0967299420534459e-07 0.00011885345205706189 0.0 1.679028949475279e-05 0.0 0.0002958304139602799 9.020558663096506e-07 4.984445680276238e-07 4.363668183012237e-06 3.563119145358589e-05 5.718663444343421e-06 6.243466860540517e-08 1.2138545163291675e-07 0.00019917050505799313 0.0 9.868141104902605e-06 0.0 0.00020782659734598847 1.6008774112603497e-07 6.5316881532199e-06 3.4714269984357644e-07 0.0005931856658493193 9.367631563461274e-05 6.667579476963658e-08 0.0 0.0 0.0 0.0 1.6849928830743444e-06 1.2866772853870935e-07 1.4560687292841172e-06 2.114240335048132e-06 1.743905459195002e-07 7.735564115548561e-06 3.4126426397304515e-06 0.0 5.362876802377813e-06 0.0 1.7127215817092164e-06 0.0 0.0 0.0 6.551275022638445e-08 0.0 1.816611152735682e-06 0.0 4.770616471994253e-07 0.0 1.542073976722935e-05 0.0 0.0 0.0 5.972295620820848e-06 0.0 2.4249025192422084e-06 0.0 0.0 6.71734291302683e-07 0.0 0.0 3.1589611650223305e-06 0.0 0.0 2.6753548353493307e-07 9.258505171169412e-06 1.308918132368913e-07 1.3052894215673703e-06 0.0
3.1284133949940044e-07 7.392702673710142e-05 3.614873633943655e-06 0.0 0.0 1.188372038356228e-06 0.00014396639385784522 1.4794996235727035e-06 2.203460709454547e-05 1.8370449814744873e-06 1.079764783821492e-06 6.886708867497755e-07 1.1244892318899634e-05 1.2080125203787175e-06 1.0122289932439784e-07 0.0 6.629185838277585e-06 3.3025921903850386e-07 1.6237992172859361e-06 9.033079137665582e-08 0.0015358870525132183 0.0007967572325724815 0.0015257068372297375 0.0007204581606402229 1.1442501164378179e-05 6.378175411890025e-06 0.0014504392673546503 0.0021416547199089924 1.4305017028225657e-06 8.453692317405141e-06 1.538487994944989e-07 0.0 1.0742854753277365e-07 4.309399319711843e-05 4.5923385318331985e-06 0.0008596231557704432 0.00033639797595130577 0.00028254967616819586 0.0003458396936241247 1.157103831018239e-05 2.592768768004488e-06 4.909413259635336e-06 4.320039606757369e-06 6.437583001068614e-07 2.2111188900377806e-06 2.0811771737618886e-05 4.887093267829869e-08 0.0 4.0868465109609384e-07 6.061399994218486e-06 6.633587701105138e-07 4.406949185732938e-06 7.024377016652427e-07 2.4859795102171085e-06 0.0 1.517344663829194e-06 2.139520901130975e-06 0.0 0.002176995604418616 7.479998928680133e-06 4.708287900401751e-07 1.665866064340052e-06 0.0 0.000461169627410844 0.00043775336838277246 0.0014808891037906072 0.00012932230341216423 0.0 8.382773470759136e-06 0.0003019284309233867 0.00010350230628932219 1.5394841366557544e-06 8.741027863809567e-05 2.858962384200073e-07 6.515576209954903e-08 5.239473496200389e-07 1.696139364368207e-05 1.7416465599555878e-06 7.193283002525011e-05 2.340392767010531e-05 5.928892394123427e-05 3.9907170790001644e-05 1.7094778810638413e-06 1.898072137353491e-07 2.162714617710238e-06 8.722692466468492e-08
9.76639445778294e-05 0.000132909655507415 0.000639859476627615 2.721478480958101e-07 1.8327719390630476e-07 2.9482406746907684e-06 0.0002352187569717515 9.717141351775321e-05 9.67173837767393e-07 1.223353507318569e-05 0.00043685612415138135 1.129717717739552e-06 6.425013278843099e-06 0.00039482115427391407 6.748779949687506e-08 6.629185838277585e-06 0.0 0.0001449891536409756 0.000938851154768471 7.398411858546477e-07 0.0002253376416906101 2.230285934369892e-05 0.0018577213048254955 7.678790293681637e-06 3.6473919910367734e-06 0.0003033403256641646 0.0022712925469909264 2.8023013736623678e-05 0.00037053426257051774 0.0011739730404757068 1.091648030518772e-06 1.2698056934230086e-06 2.4005906618363897e-05 0.0020738406127076992 4.9841484320192384e-06 0.0008122535639638144 0.0018016323643900746 0.0017878391907703807 0.0011783958523047349 2.0464776337247285e-05 1.2998453753915472e-05 6.520480862605156e-06 4.919568407274251e-06 5.227742602510562e-07 7.919450675967857e-05 0.00025713044490749263 0.0 0.0 5.984221268198081e-08 4.940020100397159e-06 4.677582906675879e-07 5.254029429046125e-07 8.709016681327328e-07 2.3920048474324536e-06 0.0 1.932426024900227e-06 3.432495164055973e-06 0.0 5.1568331315539506e-06 0.00013794330799568873 2.3866521263067993e-06 8.468519332164783e-05 0.0 1.1757406272067814e-06 2.1914451745031753e-05 3.3045134916681844e-05 5.4681758196234705e-06 1.352185655104658e-06 0.00028243381167490346 0.0008138797419957964 4.9431135488119545e-06 4.855730497522092e-07 2.4432874564033243e-06 2.3935540264365347e-06 0.0 5.319595375611407e-08 4.0477420522439345e-05 7.868279862172649e-07 6.610095402275559e-05 1.8625387771883304e-05 7.343392539780023e-05 3.093336130995142e-05 1.9746196227162014e-07 0.0 0.0 8.047546350125093e-08
1.5952694613055469e-06 1.1638823556342974e-05 4.194165370708481e-06 2.1857183268017035e-07 2.730474085348557e-07 4.1429470999746084e-06 1.0408491094733048e-05 7.936829682186994e-06 9.5558857459902e-07 8.758834737589282e-06 0.0016834200294352825 3.3722633506313175e-06 7.101538275491173e-05 1.6586072208222478e-05 8.653047822694784e-08 3.3025921903850386e-07 0.0001449891536409756 0.0 0.0010078809299311577 1.0804448519802503e-06 2.348228691602032e-06 2.6221497704460977e-06 1.0806043410155275e-05 3.3685468195756945e-06 5.727105772185421e-05 0.0010694631331579151 0.0004035294006781674 1.2068955762169157e-06 4.278319518991865e-05 1.1175031334010953e-05 2.749644289015671e-05 6.610874669507444e-06 2.8311992950696724e-07 0.0003817615107095248 2.1200967135395287e-06 0.000343219162517823 0.0010079553706135271 0.0005011509951386326 0.00023905381669088826 9.766346202938092e-06 2.8024287044720637e-06 4.746034772132882e-06 1.128036123656702e-06 0.0 8.053911299465925e-06 2.3460103918209144e-06 0.0 0.0 0.0 5.103930010533069e-08 3.078703217514973e-07 4.129091110971074e-07 0.0 2.923097778741147e-05 0.0 0.00011551778380389734 2.0211492629079361e-07 0.0 0.0 3.903557587717075e-06 4.16424826634744e-05 2.179777269884755e-05 0.0 6.545664392247957e-08 1.9180845385799464e-06 4.028361349566727e-07 1.149610448600288e-06 3.100859358060882e-05 0.00029499522372116295 0.00038166009749926704 4.437016877670793e-07 6.973357666146762e-08 4.938571093437124e-07 0.0001184625486693302 5.623975770106328e-08 0.0 1.6318889550163901e-06 3.5957946623478823e-07 5.7067959573630415e-06 6.498701610767625e-06 4.467994552235196e-06 1.4943301940917293e-06 1.329612185117439e-07 0.0 0.0 1.3100583095668353e-07
1.2518237163893692e-05 0.0001383904024147689 2.8876386106236314e-05 1.0486014550458184e-07 4.4446315324913485e-08 6.1241792330251926e-06 5.460877741374273e-05 2.6211628351954758e-05 4.668122408143374e-06 2.2110605242316355e-05 0.0011424139217224422 5.590075665926164e-06 8.68806687066511e-06 7.02349754275258e-05 1.0967299420534459e-07 1.6237992172859361e-06 0.000938851154768471 0.0010078809299311577 0.0 1.7550360558924508e-06 1.722502950956629e-05 1.3418079776177056e-05 9.330153702822699e-05 1.1836335023032647e-05 2.11620369116111e-05 0.0019793724079068893 0.000803256128170542 5.325374694494724e-06 0.00011605728180421397 7.865472562910355e-05 3.4848593113176265e-06 7.709383654458502e-06 4.757035747006742e-06 0.002055236294813657 4.889332182456666e-06 0.000886771590911413 0.0014634237367582052 0.0014761260785147582 0.000685863689063936 1.8700211538696472e-05 2.598536209717798e-06 1.1007447087312013e-05 4.152822058442823e-06 2.171550882064962e-07 5.212400627427515e-05 4.95350101163979e-05 0.0 0.0 0.0 2.731705265088494e-06 1.1415004033600302e-06 2.2087659110072612e-06 2.908653537977393e-07 4.469984552034456e-06 5.247117017251353e-08 1.5138693661493637e-05 4.277079906188901e-06 0.0 4.3158593564386165e-07 6.2268451030774e-05 2.738875443762107e-05 0.00018100879845904197 2.6793809353292996e-07 3.5127149669017173e-07 8.166759808545705e-06 3.2055653633415327e-06 5.1542889545954035e-06 1.4627610878133687e-05 0.0006943635348813237 0.0009607143516736905 3.3558339294060713e-06 1.263536909088848e-06 1.0057633855681554e-06 2.0579169843229024e-05 0.0 0.0 1.6449339254907198e-05 4.234756842162439e-07 5.351699931401269e-05 2.2184627893429094e-05 3.840688204963644e-05 1.8284841814876555e-05 8.018105868465593e-07 4.7995811276912915e-08 0.0 0.0
7.407263365204537e-07 1.0609816833067671e-07 0.0 0.0010710137546254255 2.616827424997942e-06 0.00020220056984436533 1.687293974861185e-05 0.0001459743323931478 0.000440157305456126 0.002089134800252046 5.675297076165326e-06 0.0028304226307645274 1.5486185168105213e-06 6.02121673716839e-05 0.00011885345205706189 9.033079137665582e-08 7.398411858546477e-07 1.0804448519802503e-06 1.7550360558924508e-06 0.0 0.0 3.5346408140619335e-07 1.1010172386250233e-07 0.00032478569929767566 5.5317259890791594e-08 1.2483551042374311e-06 9.032185179298204e-07 0.002029989610795545 2.9333366971921965e-05 4.6889001807407443e-07 3.5842973828273464e-07 3.126114510968047e-06 1.394574664073395e-07 2.612707854452161e-05 0.0 0.00011863206940826332 2.4054739744839073e-06 3.7476203265672596e-05 4.534590151792748e-06 0.00021664579542508648 4.540568071897415e-06 1.7466576325159306e-07 1.361865501975331e-06 0.0 0.0 0.0 4.994456820049322e-05 2.3690432822593213e-07 8.099533711383017e-06 1.432894816806273e-05 3.535546536779816e-06 3.9291011208795936e-05 2.5906224089384638e-05 0.0 7.479185672823555e-05 1.618897719691325e-07 4.335306010671656e-06 5.2882609619011355e-06 5.521161726814585e-07 0.0 7.43258360095739e-08 0.0 4.995875977304142e-05 0.0 1.2656494814381793e-07 0.0 9.405532066561492e-05 0.0 3.2345300540515195e-07 3.5991586285790925e-07 7.630582505848228e-05 1.2936196916072637e-06 9.831003213374937e-08 0.0 0.0 0.0 6.929812374024058e-07 0.0 4.155982179291146e-06 0.0 3.578886225091586e-06 1.545413303175584e-06 3.845504784099493e-05 5.000266942157134e-07 0.0 0.0
1.199648708683437e-05 4.1193079097684184e-06 0.000623826945226132 0.0 0.0 3.7864849026301955e-07 9.997020344714633e-05 9.93931933524758e-06 7.527367755317689e-06 8.796107343379299e-07 8.75412127897673e-06 0.0 1.0495405202049884e-05 5.3304174599974734e-05 0.0 0.0015358870525132183 0.0002253376416906101 2.348228691602032e-06 1.722502950956629e-05 0.0 0.0 4.446194156467437e-05 0.007991300292528746 2.994134317521313e-05 5.421144050964719e-06 8.830625163104409e-05 0.0006321245011147344 0.0021629537992300233 5.101894367465847e-05 0.005471064299595623 1.0900357776341472e-07 4.509692825767037e-07 5.1707385121560415e-06 0.001341992108337805 1.6956930445950384e-05 0.003138003086776055 0.0007776022232837582 0.0025687996441646627 0.0021159575097166113 6.0899965366189996e-05 8.332365457995434e-06 1.3281984358069445e-05 1.7882287421331275e-05 5.999178216007519e-07 3.8404572451648416e-07 1.6797272243669637e-05 0.0 0.0 0.0 3.508020617578083e-06 4.81552291191964e-08 8.320763859341681e-07 1.441020584416285e-07 3.318192092628423e-07 0.0 6.992731847467902e-07 1.2298583357206053e-06 0.0 0.0004257621944874455 5.387319967675177e-06 1.1823338376261961e-07 4.681766876147767e-07 0.0 0.00023940338182767046 6.439235855356698e-05 0.00015366502886311734 8.57390819963744e-05 0.0 5.115157814844974e-06 4.646222972805918e-05 6.907852325438229e-05 1.1009130906662219e-06 8.627328086482739e-05 1.566524963134807e-07 0.0 1.5378124629081532e-06 6.740967810169609e-06 1.9138451513921294e-06 1.4870358501679469e-05 5.202051606871351e-06 1.252407370560492e-05 6.3303649863917835e-06 0.0 3.415990064288925e-07 0.0 0.0
2.414014846267872e-07 0.001787627369188972 5.419261926058052e-05 6.044694464776139e-07 1.7824892609819748e-07 9.432943498091864e-07 0.00013485344361517274 1.3585201976453717e-06 0.0013715663645471445 2.3858955898697477e-06 2.6143555342155743e-06 8.301628085073374e-06 5.752668997796958e-05 9.114878215089321e-07 1.679028949475279e-05 0.0007967572325724815 2.230285934369892e-05 2.6221497704460977e-06 1.3418079776177056e-05 3.5346408140619335e-07 4.446194156467437e-05 0.0 7.832184684633927e-05 0.004920888603983597 0.0005333151393906726 9.486636972611043e-05 0.002435065687328229 0.0002801208389366581 6.035224357134591e-07 7.885044400103255e-06 1.607722274130798e-05 0.0 9.850260334740139e-08 1.3101882523424472e-05 1.9899738118716207e-07 3.34561328849191e-05 1.043431639225989e-05 2.7440118949657824e-05 1.8743265101197694e-05 6.502568802538219e-06 3.559764238144109e-07 8.591699924870711e-07 0.0 6.610237682835957e-07 5.5544634441531985e-06 2.8134331997033227e-05 9.660901014415455e-07 0.0 0.0 5.916773220068097e-06 1.1534072993584778e-06 9.998082059841395e-06 5.973278943902342e-07 1.5663421138496985e-06 1.8900785257264328e-07 1.2204385805885157e-06 2.6338459196205862e-06 0.0 0.0009553379842268593 2.103209086423355e-05 5.135477415786299e-07 4.780114535529566e-06 7.14964630287719e-08 6.403329195310324e-05 0.0001601049441505642 0.0006116813105283229 6.006071749598828e-05 1.214314345264748e-06 1.5596503011334023e-05 0.0005223962146176209 2.9635016305903568e-05 7.3363438221899e-07 1.1063697858530365e-05 4.5453544469192103e-07 0.0 5.506068189604918e-07 1.4926311623937081e-05 9.974055070114186e-07 5.346695947406754e-05 2.4457943165619603e-05 6.288313817357686e-05 4.020608018963278e-05 1.5344514299839143e-06 7.509190841751247e-07 3.8323999488758143e-07 2.5960460732992267e-07
3.3628353044331566e-05 2.0667756468494538e-05 0.006261387451255456 1.6021570956041615e-07 0.0 1.3030225354854996e-06 0.0005516302796756073 4.06696190816155e-05 1.6193780506530864e-06 6.425735370320038e-06 2.33965756007233e-05 3.8609341009263334e-07 1.4761825673001065e-05 0.00014748921081495026 0.0 0.0015257068372297375 0.0018577213048254955 1.0806043410155275e-05 9.330153702822699e-05 1.1010172386250233e-07 0.007991300292528746 7.832184684633927e-05 0.0 4.929951905858314e-05 8.060967630038028e-07 0.0017308238670989526 0.0046049430696192065 0.0017747677477219362 0.00012103958774598364 0.0030303489212765776 6.654812238918181e-07 9.298124624833734e-07 8.715757035605614e-06 0.0016544489765692098 1.649774446480368e-05 0.00337674544469928 0.003754540748351937 0.00403782117784248 0.0030171690443693876 0.00011231738184278163 2.7601301747962868e-05 2.1128169618453477e-05 2.3621514588560026e-05 5.963529082806777e-07 8.81484449134502e-06 0.00010834328183262183 0.0 0.0 4.635972624572531e-08 1.9464778720551592e-05 1.593318652666011e-06 1.9954014451445496e-06 8.736648043966938e-07 1.6404842252504656e-06 0.0 8.676197022255906e-07 8.341678046274541e-06 0.0 0.0007883334543529926 4.797392823891704e-05 1.5202657007076943e-06 8.906984199444537e-06 0.0 8.015769611619008e-05 0.00014317300684162646 0.0011619419604095753 2.516902922103832e-05 7.605962194874971e-07 2.2390980234511634e-05 0.0007853100673410894 3.20618732478996e-05 8.955190384073966e-07 2.1640038944346865e-05 4.811972482289029e-07 0.0 2.504003880150044e-07 3.317358150344138e-05 1.475458549722e-06 8.536046154370203e-05 2.1050095980935446e-05 0.00011007764936020478 5.825838821808388e-05 9.338874366483345e-07 8.397048708691591e-07 5.086275859730961e-07 4.3175725010778857e-07
