0.0 1.2719988528456578e-07 3.483474450399814e-05 5.753633236524477e-07 4.463808879567148e-07 1.2199385409145383e-05 0.0008882746950858669 0.0004860989960739247 1.0358520113452178e-06 1.9717937516955766e-05 2.750767621088979e-06 2.3771174453599184e-06 6.58326426894715e-07 0.0015267148089558058 0.0 5.581541794630044e-07 3.6109474131624643e-05 1.718797630272542e-06 1.4940213172577966e-05 1.2325418576426972e-06 5.759784999762237e-05 1.099351402211599e-06 9.834393692100675e-05 8.345154521189928e-06 1.0122047594618131e-07 2.5901454806609167e-05 9.627025437196863e-06 2.668975040209424e-05 0.0016004582222978701 0.0012434886305500979 0.0 3.5083730755606037e-06 1.6258709316891013e-05 7.020407846470048e-05 7.17592075010568e-07 1.4715612124762049e-05 4.18824917969529e-06 5.290588454513794e-05 1.078280359918792e-05 3.58972710451325e-06 3.096669337851559e-07 1.5438100737092315e-07 2.519505720540259e-07 0.0 5.22513252122385e-08 1.0347676972940093e-07 0.0 0.0 0.0 2.560366153436655e-07 4.056221088041108e-07 1.125977883518469e-06 0.0 0.0 0.0 0.0 4.8587324448222275e-08 0.0 6.346986125625659e-07 4.7909464435693596e-08 0.0 0.0 0.0 1.1836037721211915e-07 0.0 6.648525891993224e-08 2.4956762483195173e-06 1.0115140737053668e-07 5.20514242136285e-07 1.2168042451624954e-06 3.5822096628582586e-06 0.0 0.0 0.0 0.0 0.0 0.0 0.0 1.1136590493007685e-06 2.2722551957667504e-07 1.894717375672782e-07 1.160519623594212e-07 6.079718678243326e-08 0.0 0.0 0.0
1.2719988528456578e-07 0.0 0.0003458465647628317 0.0 1.7930864759212428e-07 2.1109520418651064e-07 1.091909868932947e-06 2.4755330308025692e-06 0.0002960609433318104 2.2165103730574917e-07 5.153628772678969e-05 3.7367361165792527e-06 0.00029092166721210927 1.303538470282669e-06 8.69064619860654e-06 9.031272072207903e-05 6.705041063572916e-05 7.7394329924988e-06 9.097817884375141e-06 0.0 2.2587907575190653e-06 0.0013171825836571496 1.2523922865382782e-05 0.00036353700422874294 0.0009517056146119059 0.0003365970001644425 0.004144053317793325 2.0402285129618598e-05 1.8337668745342493e-06 2.3924756903062834e-07 4.9969384509992045e-05 9.566324964302165e-08 2.5716514669466076e-07 2.2532128075138914e-05 1.0193479254345959e-07 3.348626790387447e-05 2.2138475085566387e-05 5.7446114772685346e-05 1.1550622923566783e-05 1.3511110235709175e-05 0.0 8.25464225839337e-06 1.072814066307119e-07 0.0 2.189770290260858e-05 4.833287290527939e-05 0.0 0.0 0.0 8.585347605492697e-07 4.418745411496024e-07 1.630096703166022e-06 0.0 4.478764814589371e-06 0.0 1.934330662556851e-05 3.400151294684418e-07 0.0 5.475610470776889e-06 1.2483862720460892e-05 1.5357820074039306e-06 1.2708605910958445e-05 0.0 8.979891181820285e-07 1.3304492669048688e-05 1.069147310846901e-05 5.272326900143494e-06 2.8369889805182622e-05 0.00019701955477715568 0.001007650984296481 4.659173266369573e-06 2.0650209473110633e-07 2.633366362752604e-07 4.693035742708984e-06 0.0 0.0 2.672396558862661e-06 7.384366492671382e-07 1.1729034336832847e-05 9.324237541316214e-06 1.0591622640131564e-05 1.3474263196689941e-06 8.239999139197177e-07 2.6672899860161365e-07 1.4690285210057669e-07 0.0
3.483474450399814e-05 0.0003458465647628317 0.0 6.168061535077784e-06 6.264027837066623e-07 0.00011313960168864253 0.0009302239822350563 0.000380074094707997 7.59812184287325e-06 0.00010243975626625219 4.595389687148868e-05 1.449946965729491e-06 1.7534211234013745e-05 0.00021749984618410067 1.3456101737661787e-07 3.727350741448132e-05 0.002189243896034293 3.145036794894737e-05 0.00027477057894936374 1.251465230234144e-06 0.0005412091360094537 4.400161196904198e-05 0.007312957058799908 0.00020571484151230625 7.716909734451548e-07 0.005032363927259975 0.007451333512398919 0.0005361965913291576 0.00014830114629294687 0.0001621067811026159 3.857812413240373e-06 4.432856675837007e-06 1.209166852179239e-05 0.0006932845778143007 1.3583563439787851e-05 0.0009239284787125724 0.0024191146067329243 0.001736425088978827 0.0005095141130031621 3.544462880244906e-05 3.392730553505787e-06 4.453557506987993e-06 1.8804882074732847e-06 4.492283506314987e-07 0.00013887860260076388 0.00038840747048887855 2.242290788900234e-07 0.0 2.0305382038691575e-07 7.892140886269676e-06 2.394898061603108e-06 4.049685095199423e-06 7.164236671744758e-07 1.0284791000434596e-05 1.3776071637581532e-07 9.98501305496459e-06 1.5636654786715788e-06 1.8636018705834352e-07 1.6828928533731815e-05 0.00012233454351350936 4.450157893578811e-06 1.607056910970071e-05 3.1858995448294996e-07 6.456766191918463e-06 1.9518444514692445e-05 7.042031324712471e-05 2.0436187097983725e-05 2.8104096996477824e-06 0.0006854646042284403 0.0017831904107772467 2.6574073050701376e-05 9.612676550132913e-07 2.6558610232802167e-06 1.1507412661495048e-05 0.0 4.644413861620649e-07 2.095747804642872e-05 2.3658452258213614e-06 7.262974287968455e-05 0.00010943141450676352 7.52760314230739e-05 1.602201150038662e-05 3.4398067826917285e-06 2.635015514697931e-07 2.0674667348667376e-07 1.7954361486305504e-07
5.753633236524477e-07 0.0 6.168061535077784e-06 0.0 3.7940023344859566e-06 0.0002134992059155477 1.6637042869562816e-05 2.2731218275727713e-05 0.000689834646535097 0.0021727731921956568 5.47875461092443e-07 0.0008146240167048904 4.397099588116481e-07 1.3725929121273611e-05 0.00012070601177462417 0.0 7.066594627526581e-08 3.252083870400688e-07 3.095239998324643e-07 0.0020100690685303127 5.746085717628261e-08 3.832322268704115e-07 2.2321872409547894e-06 0.0005346170218922647 0.0 1.2383720679913687e-06 6.484106560658647e-07 0.0014788374060009308 3.0008517331298227e-05 5.241277669593561e-07 0.0 9.594330192963096e-07 1.390683007446751e-06 5.703431902401036e-06 9.70495605649255e-07 8.895718256866328e-05 8.997927289206945e-07 2.9176174009438426e-05 1.1053763707440316e-05 0.00019331687504750078 1.968646461216305e-06 0.0 5.115559987001412e-07 1.1107988324093947e-07 6.03424607385874e-08 6.600113603856377e-07 5.0444695327429525e-05 4.80166642296436e-07 1.7761376661694383e-05 1.7930392875550888e-05 3.1336042195817315e-05 5.693281690027111e-05 0.00010273345738408912 3.29830943402125e-07 2.819433425905233e-05 0.0 7.542869119236473e-06 3.533544820668827e-06 5.015709849477852e-07 0.0 3.453488194617013e-07 5.1356044476313335e-08 5.8849903978230316e-05 1.8090553988377553e-07 7.931978281682266e-08 2.6927114240838454e-07 0.00015915625002549733 0.0 1.0660625392753016e-06 2.0845856383915875e-07 0.00019913140323972347 3.4638629607770713e-06 5.451403097332525e-07 0.0 6.571630796170455e-07 0.0 3.5102190751817467e-06 8.349520844312488e-08 5.653599972054705e-05 1.1374053888850904e-07 9.414732449794931e-06 1.1836428260420223e-06 7.845868346182668e-05 7.337174907787968e-08 1.3190139887529746e-07 1.3128337594270422e-07
4.463808879567148e-07 1.7930864759212428e-07 6.264027837066623e-07 3.7940023344859566e-06 0.0 0.0008249855920723741 3.0396526474973957e-06 0.00018927544034342246 1.5747732443668664e-05 7.962441372605849e-06 1.5679453274903858e-05 6.751007139013531e-05 1.34994319063572e-05 0.00037485049964432616 0.0007353681220612525 0.0 7.328029244871867e-07 5.475120472819656e-06 6.9749918769763544e-06 2.931212310401489e-06 3.875855811943986e-07 1.9010920520386e-06 9.940137909405928e-07 1.3518894697818746e-05 3.4210144749870614e-07 8.663248232485865e-06 2.8281920057240844e-06 4.89282576667032e-06 9.155510996148455e-05 1.487964285706708e-06 3.7157714837034263e-07 0.0006610776485802202 5.4725345051134e-07 0.0005972957464920573 3.1723614691981238e-06 2.8266970962019317e-05 7.298608418871822e-06 0.00023149710543790336 4.8502712841251085e-05 0.0022056981099494305 0.00040314278217843806 5.16470041439158e-06 4.828520016947506e-07 0.0 0.0 0.0 0.0 0.0 0.0 1.1533026056557558e-07 0.0 0.0 1.2285645537727327e-07 0.0 0.0 0.0 0.0 0.0 0.0 0.0 0.0 0.0 0.0 0.0 0.0 0.0 4.598285262233468e-07 0.0 1.350945844172319e-07 7.159514437581333e-08 1.0402485100590789e-06 1.1320458462333875e-07 0.0 0.0 0.0 0.0 0.0 0.0 3.264401823938168e-06 1.3692003334308418e-07 4.375548404332174e-07 0.0 0.0 0.0 1.6656710028010485e-07 0.0
1.2199385409145383e-05 2.1109520418651064e-07 0.00011313960168864253 0.0002134992059155477 0.0008249855920723741 0.0 0.0014621124559676024 0.004185635174253438 6.739008933194214e-05 0.005274257561100983 4.2798981284052285e-05 0.0019392383636025407 2.361795507685007e-05 0.0005670714259786996 0.001003433024457584 8.953074066774179e-07 1.8614838708645796e-05 1.7552542483270853e-05 2.3810190295068698e-05 0.00037995615836042913 2.3897409627465084e-05 2.4161042780276612e-06 9.367423801946149e-05 0.00016562779531453204 7.519479110916067e-07 6.704814086798564e-05 1.990113559709599e-05 0.0005449890607689699 0.00027827838330890786 4.7490977216119156e-05 1.5285453686254418e-06 0.00029196502911450593 7.777916134196544e-06 0.0005737491426715132 1.0775082210769851e-05 0.0002568676440111271 2.03344440031485e-05 0.000495376109252634 0.00010426542734257243 0.0013070107374496146 0.00035694312292610693 7.344584763401442e-06 4.0896929625858026e-06 5.147465913764527e-07 0.0 6.952380550907082e-07 8.722168890889674e-06 6.533331131008731e-08 1.027137965334577e-05 2.0099688412873065e-05 3.6607090960733835e-05 3.683641883834397e-05 3.1036168747953686e-05 3.322128525838584e-07 6.313505100053497e-06 5.149833468305717e-08 1.2546784964027135e-05 5.981991695323707e-07 7.331383563600891e-07 1.0581548534622311e-07 3.8324857980566764e-07 1.3621676324745104e-07 1.4204006481626145e-05 1.2093942956694054e-06 2.0924360755198873e-07 4.5693530394077665e-07 9.070254009277125e-05 2.2610005048938953e-07 2.1532916777766216e-06 1.941856249386265e-06 0.00015952298170705982 3.7312861812673858e-06 1.7255538557556864e-06 9.734354279857097e-08 4.9249792673958435e-08 6.57856590702929e-08 2.8245871446485604e-06 5.985578433162619e-07 6.465033480029541e-05 1.3329482766038197e-06 1.3805206027928036e-05 2.477704327768395e-06 2.3832186307302903e-05 2.45150893719408e-07 0.0 0.0
0.0008882746950858669 1.091909868932947e-06 0.0009302239822350563 1.6637042869562816e-05 3.0396526474973957e-06 0.0014621124559676024 0.0 0.003304596274520401 5.789509456361846e-05 0.003230716061641718 1.3665656162745089e-05 2.7040280334818674e-05 4.314696579612425e-06 0.0038190006103169054 2.6965418510571885e-06 4.1546531828850436e-06 6.0732537799888384e-05 5.159864040495251e-06 2.2032150871044033e-05 2.920508930263979e-05 0.0004152774767995509 6.845014858261799e-06 0.0010607818130931991 0.00017827946400199724 4.798774036657429e-07 0.0001722350690452787 9.833146695848687e-05 0.006458855765061289 0.0011765292842742543 0.0023892835707137587 6.080491173380636e-07 1.1712934067390703e-05 0.00013244569078598752 0.0002264029805279519 3.7460215836804196e-05 0.0007943201119871507 3.530620657899598e-05 0.0007002569559217926 0.00028635664845158126 0.0001875567370264017 3.480673719657426e-05 7.53254000092275e-07 8.632524518333052e-06 4.846340469441671e-07 5.14274260669119e-07 3.4516007359686516e-06 5.0997683400957204e-06 2.4356837842059e-07 1.0132175086336462e-05 1.5471915991984186e-05 2.250866100953447e-05 3.56515418663814e-05 1.5387734644240366e-05 6.206293124105527e-07 2.6762883473421076e-06 0.0 7.73481165657177e-06 2.1061773245251078e-07 2.9097319297305193e-06 5.473068635431718e-07 2.0034853615742642e-07 3.3965748836034185e-07 7.731225884351782e-06 1.5840624572647663e-06 2.7241941504727234e-06 2.586114310454682e-06 8.554170518056624e-05 0.0 2.810740097785009e-06 1.717522953391849e-05 0.00013289925081369226 3.914932601402241e-06 2.389547509042384e-06 0.0 6.94295606552736e-08 8.105651997470785e-08 2.4703837561415096e-06 3.7437522813115515e-06 3.704357042356132e-05 7.661717192119972e-07 1.1304204802537846e-05 1.9326068629043322e-06 1.5908767016925896e-05 3.6709244305026554e-07 8.74021741273812e-08 1.301441333744116e-07
0.0004860989960739247 2.4755330308025692e-06 0.000380074094707997 2.2731218275727713e-05 0.00018927544034342246 0.004185635174253438 0.003304596274520401 0.0 2.4252588657660537e-05 0.0019143324686254687 0.00011570472010877926 0.0007201614067121691 4.93686327938972e-05 0.004550899140487493 5.689182832616745e-05 1.9053847198956373e-06 0.00015430328186070955 4.9434011306007835e-05 0.0001066027941283453 0.00012493358254829143 0.00016749004280175732 4.809200248847813e-06 0.0004900555373287739 0.0001028517003626045 1.6133920009835144e-06 0.0002696294753556192 8.81544671622986e-05 0.00031658077904870826 0.0006044837129537509 0.0008302363104014643 3.5929603095949365e-06 0.00011574317517600094 1.0261363704024253e-05 0.000633656754844103 1.5921648118524383e-05 0.0002265435802757187 5.547993101076722e-05 0.00096757081565689 0.00018083679646689136 0.0010619782613404568 0.00019169078481794298 1.9061450044240433e-05 4.736084786654926e-06 1.390675537311482e-06 4.972589465963616e-07 1.7911109268985719e-06 1.951924489654658e-06 0.0 4.725243188450837e-06 1.4287119872724469e-05 1.8165717510421394e-05 2.1454030674077117e-05 8.37641929934137e-06 4.4971042693720827e-07 8.872327179659422e-07 2.668273263246753e-07 8.928588532493967e-06 1.1351322504162378e-07 2.582693708245329e-06 7.712438292980273e-07 2.7105625886242684e-07 1.9621055955754324e-07 6.2214521252106e-06 1.5446079789296423e-06 2.3850429280661693e-06 1.0760667223514352e-06 7.272822843673536e-05 0.0 3.3982238388485942e-06 9.048135557010702e-06 0.00011433224555381486 3.7825635814470817e-06 3.990109148125378e-06 2.2071407849016478e-07 0.0 1.4784978003743532e-07 1.8461109221349042e-06 1.0992627843232493e-06 4.561511974594602e-05 1.8154445013714438e-06 1.3542414385183965e-05 2.410621230033607e-06 1.6797730347522303e-05 2.9486656175939083e-07 7.503734604989672e-07 1.8310417370009133e-07
1.0358520113452178e-06 0.0002960609433318104 7.59812184287325e-06 0.000689834646535097 1.5747732443668664e-05 6.739008933194214e-05 5.789509456361846e-05 2.4252588657660537e-05 0.0 0.00025109807440556103 3.040560056585795e-06 0.00032023712372205074 1.6501665027987655e-05 1.538535312398848e-05 0.00048128711682714025 8.468989800327592e-05 3.1611670758623753e-06 9.653255299472584e-07 8.586062074085547e-07 0.00027312432568921916 2.1155108624608315e-05 0.001848970758787005 3.24335636786451e-05 0.004357754936072186 8.037930592994456e-05 2.657286864226725e-05 0.0004440992966386406 0.0013281642562899593 1.68752854975235e-05 1.1777022986490574e-05 5.026418013452436e-06 9.592852527785515e-07 1.1143494802411105e-06 5.5938482948542045e-06 1.5128680402709729e-06 4.3735585498439974e-05 4.475693207622404e-06 1.960617052432476e-05 6.007504370968139e-06 0.000191361691978445 1.8078255982023536e-06 9.981443644620771e-08 3.0572228214020807e-07 1.0341687229828284e-06 7.177818727741646e-07 3.913930532601545e-06 8.99804790261004e-05 5.238784763410877e-07 1.7954131883584143e-05 3.7299178026935394e-05 3.0174900423057807e-05 4.055616444742175e-05 0.0001106102440398837 5.39812377689859e-07 3.743549770459578e-05 1.169143856763088e-06 1.1086788232196814e-05 1.1610462842243074e-05 0.0003009561351375367 8.533675951154127e-07 9.005905044978245e-07 9.835964213160752e-07 6.95645231287169e-05 4.38556147601989e-05 1.4028802617483474e-05 6.321405460574138e-05 0.0006925238533168324 6.81060176455507e-07 5.583322087459937e-06 2.6287318157281795e-05 0.0005455030540926488 7.543335285182267e-06 1.1253404587982837e-05 4.3937794683909315e-07 2.110002248364689e-07 3.3338951288536434e-07 3.5315416173931513e-06 3.223610674199399e-07 2.0879945382831116e-05 1.8068653125370794e-06 1.3694115078068388e-05 3.4359599401967176e-06 6.694509478217712e-05 2.696286091686237e-07 1.223850741952124e-06 1.883642665437821e-07
1.9717937516955766e-05 2.2165103730574917e-07 0.00010243975626625219 0.0021727731921956568 7.962441372605849e-06 0.005274257561100983 0.003230716061641718 0.0019143324686254687 0.00025109807440556103 0.0 2.04345251605286e-05 0.0019181220988386484 8.637626424021454e-06 0.0006446716371233339 2.9713665307468156e-05 1.921990920007222e-06 6.211637869541344e-06 1.0002414440022909e-05 8.0558806901109e-06 0.002661562962563758 9.810068173393064e-06 1.6568681435430442e-06 6.749161899817289e-05 0.0007042752174392324 5.272904684483894e-07 3.4772742839489483e-05 1.4699817943106688e-05 0.0038546644133262446 0.0006406580882106908 2.202783088421834e-05 9.892966978038338e-07 2.9025585684964205e-05 2.199088327330614e-05 0.00013475613596199447 2.3653159146567353e-05 0.0005266253281002811 1.7241566476454337e-05 0.0005961049070691288 0.00017218780420970623 0.0002792470405661248 2.9465407494634275e-05 2.0718267367617268e-06 6.246242352494704e-06 2.1652316496222363e-06 0.0 1.3507539005888966e-06 5.801746927126868e-05 5.300922698654624e-07 3.8332608310729735e-05 4.613376273484408e-05 9.02267938571979e-05 7.156092747709556e-05 0.00013604736690608286 1.0436353871335021e-06 5.155538086502257e-05 8.993501938157343e-08 2.566926645282109e-05 2.2914425399604405e-06 1.9940437051654784e-06 3.103880723012972e-07 1.3676477389072208e-06 4.426514396880101e-07 8.376507209109179e-05 9.646991293764284e-07 1.0777845584130209e-06 1.225108232604195e-06 0.00026723599923493503 4.5006621727570844e-08 3.2850051946349383e-06 2.9630614847006687e-06 0.00043383942627321957 9.424692227812048e-06 1.4756813716188008e-06 2.4150181087363946e-07 6.243413884795839e-07 5.199579383464329e-08 6.5692987415360096e-06 1.181242351048337e-06 0.0001720107916675608 1.6043326000244137e-06 3.607448805037892e-05 5.338993279668102e-06 9.584046002751978e-05 1.1747961875891125e-06 5.03636752282759e-07 2.953198080816485e-07
2.750767621088979e-06 5.153628772678969e-05 4.595389687148868e-05 5.47875461092443e-07 1.5679453274903858e-05 4.2798981284052285e-05 1.3665656162745089e-05 0.00011570472010877926 3.040560056585795e-06 2.04345251605286e-05 0.0 1.549344605285458e-05 0.0013984763602690195 7.965904959833254e-05 2.0446650745789152e-07 1.150328754193229e-06 0.0003117588818341905 0.00280937376557224 0.0015586312800093178 3.622461778186315e-06 3.970562048296967e-06 1.6168107260475656e-05 2.0363979040408777e-05 6.004764355750674e-06 0.0002614644896473099 0.0021445253929245223 0.00047755434977537694 1.0937235078029329e-05 0.00010249728571366512 6.626445039407651e-06 0.00024297232523629045 7.677848023400984e-05 1.4928225156720545e-06 0.003964363180652726 6.119562591583636e-06 0.0001985381160305908 0.003204373953488963 0.0017572907078224136 0.0003038185182966111 3.9268388038553916e-05 3.9456592897507386e-05 0.0011912262234525393 1.629897459324733e-06 0.0 7.517750223882379e-06 6.976345647881734e-07 0.0 2.685787221142459e-07 1.3280316043414247e-06 3.615525531831156e-07 2.4129509421480763e-06 2.0525873519668014e-07 3.260004985469502e-07 0.0004120504999442622 0.0 0.0008470256278120136 7.395517871260536e-07 0.0 9.156065582388358e-07 3.39524452001597e-07 4.7778255197825875e-06 8.20077358407381e-06 0.0 7.312578000988339e-08 7.733273845852655e-07 1.3573004660636806e-07 1.5321814044396237e-06 0.00014067353696283955 0.00011771725649814487 0.00010054151102420151 2.9944674667375665e-06 3.58527590974612e-07 6.617348024015187e-08 7.936218408693817e-05 9.775426478347556e-07 0.0 3.1789447478619456e-05 2.62633501187458e-06 3.081176976483803e-05 0.0002250575414922577 0.00011018530633838764 3.949923718618868e-06 8.543275097326757e-07 1.081299567753796e-06 0.00023302264673029998 6.679610506217992e-07
2.3771174453599184e-06 3.7367361165792527e-06 1.449946965729491e-06 0.0008146240167048904 6.751007139013531e-05 0.0019392383636025407 2.7040280334818674e-05 0.0007201614067121691 0.00032023712372205074 0.0019181220988386484 1.549344605285458e-05 0.0 8.254226219692802e-06 0.00019884305450509988 0.0006585102701111153 4.91182405072598e-07 8.532502411232283e-07 5.344692820765524e-06 3.5500150965058184e-06 0.0024081201713874187 5.651024692319364e-07 3.493305224858317e-05 2.1811534092071595e-06 0.0003551007462490422 1.4565740307409507e-06 1.0891944434695513e-05 1.3019969008024945e-05 0.00031068229028901424 0.00013091650262809232 3.4183262880240803e-06 9.040820841683757e-07 2.6126629932755823e-05 9.93057770092222e-07 6.164462037210683e-05 5.088282629366324e-06 0.0007889568277722382 1.3525357974191083e-05 0.00022823053499256845 3.93583326515383e-05 0.0011420096414219139 1.8198615901206254e-05 1.6194452827144577e-06 2.2615496961851166e-06 6.263648518707823e-08 0.0 3.333672500046711e-07 2.565742658347036e-05 6.848172074498902e-07 1.3713443789319255e-05 1.0145835209940893e-05 2.0269992413675308e-05 1.0816424080696469e-05 5.45892075133427e-05 2.909661005914817e-07 0.00011138290138775789 3.2749659542274e-07 6.416671526120124e-06 5.434624552125261e-06 6.582020632244329e-07 0.0 3.8810326916830136e-07 2.84777328220368e-07 4.2488154494417134e-05 7.498561838071977e-07 5.986226828386664e-07 2.2563507368541728e-07 6.99868882112942e-05 0.0 1.0766471084983747e-06 6.673312390915381e-07 0.00011646477867341674 2.3745233280087823e-06 3.944224537393312e-07 0.0 0.0 0.0 2.186758567760679e-06 2.5483070483565843e-07 0.00014740435809400647 4.065011170730232e-07 9.649653227962834e-06 1.3178299879594812e-06 9.940870150304442e-05 3.01704717325761e-07 0.0 0.0
6.58326426894715e-07 0.00029092166721210927 1.7534211234013745e-05 4.397099588116481e-07 1.34994319063572e-05 2.361795507685007e-05 4.314696579612425e-06 4.93686327938972e-05 1.6501665027987655e-05 8.637626424021454e-06 0.0013984763602690195 8.254226219692802e-06 0.0 1.4041221643605211e-05 5.528132786210385e-07 1.2876151621311043e-05 4.202067530689128e-06 5.108281059031659e-05 9.600570469480487e-06 9.20297472373719e-07 5.121813317256078e-06 8.413744717150527e-05 3.310788493923072e-05 2.1541273248384493e-05 0.0018969616612336743 0.000594636343788684 0.0024890421589400346 1.943123678089927e-05 1.619044882569961e-05 3.99012134800518e-06 0.0007024367809522953 2.2067864899313387e-05 2.3259512075881175e-07 0.000416920611984553 7.784421249137982e-05 0.0021387070449025466 0.0024512902990621584 0.0012193846282787751 0.00028824046707871527 0.00011526987997183045 0.00013513043284982013 0.0003272487960866642 1.9246849494117247e-05 0.0 2.377977993766733e-05 1.3104784673520656e-06 0.0 8.394433747359168e-08 8.618294165462195e-07 1.8388309735595965e-07 1.6745214813773548e-06 1.0696903829752523e-06 1.5108734828610115e-07 0.0005472280138692447 2.551632085585901e-07 0.0013884898865902631 1.4358944789699046e-06 0.0 1.0036140015292658e-05 8.2828937645839e-07 1.2311561918078785e-05 2.6057374241622407e-05 1.3056648436163488e-07 4.741460007202731e-06 2.4789408743248743e-06 5.565366953478494e-06 7.830056578639744e-07 0.0003972612412490186 0.00043446720723653215 0.0002872527663165251 4.35956937371019e-06 8.283381715071385e-07 0.0 0.00021786158326437744 1.7026610294184711e-06 0.0 5.432608350993035e-05 8.009002026556324e-05 0.0003533662561847377 0.00032982966004540306 0.00012437130683010252 2.8478883638620775e-05 5.669842857152933e-06 1.850789800902839e-05 0.00023333630057943965 1.2118731690845197e-06
0.0015267148089558058 1.303538470282669e-06 0.00021749984618410067 1.3725929121273611e-05 0.00037485049964432616 0.0005670714259786996 0.0038190006103169054 0.004550899140487493 1.538535312398848e-05 0.0006446716371233339 7.965904959833254e-05 0.00019884305450509988 1.4041221643605211e-05 0.0 5.343816979816084e-06 1.6879840152099444e-06 0.0001435074867530227 3.5765476727136975e-05 9.111437000021559e-05 6.15414899667553e-05 0.00017785802542630478 4.720108930058101e-06 0.00040248374428486305 6.987761956092276e-05 8.394327529277785e-07 0.00019077720911052715 7.31014949756432e-05 0.0002207715031075735 0.004585427655001674 0.001962195147181516 2.0848492568276514e-06 0.00025472532970383365 8.152867027671024e-05 0.0008400118953083718 5.89949291172809e-06 0.00010242439183419201 3.974296612110728e-05 0.0009432118253161408 0.00021082204628712333 0.00014129447983317212 2.760535166284038e-05 4.1307431306593835e-06 1.732025500825343e-06 1.9312446383629277e-07 2.746471318749612e-07 9.207479425415771e-07 5.11915794568983e-07 0.0 1.7583240650991589e-06 5.056975699266678e-06 6.525061901377753e-06 5.995752001891256e-06 4.653027857440773e-06 1.3582392175329111e-07 5.099011290390702e-07 5.581497313573238e-08 3.3950620582739026e-06 7.930894285033573e-07 1.993015034904628e-06 3.1919604129276184e-07 5.9407290106191234e-08 5.7815619309449565e-08 1.961154080948696e-06 1.3127762603966255e-06 1.4883320971066913e-06 8.798069788153e-07 3.125963129976779e-05 1.0984919298440172e-07 3.5656047055339897e-06 6.857974259931637e-06 5.8716515825736384e-05 8.339351133589083e-07 1.9012657785057927e-06 1.3510476812048874e-07 0.0 8.70038116176277e-08 2.0716518435050038e-07 2.8839510891942695e-07 1.9451818995153692e-05 3.322834232333811e-07 5.494925696891284e-06 1.5593753053300893e-06 3.8135319771759925e-06 1.5396534418882367e-07 2.355138738268516e-07 1.0699266869131165e-07
0.0 8.69064619860654e-06 1.3456101737661787e-07 0.00012070601177462417 0.0007353681220612525 0.001003433024457584 2.6965418510571885e-06 5.689182832616745e-05 0.00048128711682714025 2.9713665307468156e-05 2.0446650745789152e-07 0.0006585102701111153 5.528132786210385e-07 5.343816979816084e-06 0.0 4.204784733159566e-07 1.307846605924284e-07 0.0 1.0949736347166344e-07 7.815456752699672e-05 0.0 5.874744806887169e-05 2.923203677176986e-07 0.0006555688232147043 2.086211646776001e-06 5.774850521802966e-07 1.9232251106323507e-05 8.332688020145685e-05 8.461981790604723e-06 0.0 0.0 0.00011350250541092452 0.0 1.9177900279700445e-05 1.2036857398934853e-07 0.00011333723065745722 1.0318763704856187e-06 3.7911911451071456e-06 8.404979781234534e-07 0.0011332686751269973 7.040133319806712e-05 2.0307370051351069e-07 0.0 0.0 0.0 0.0 1.3088374561107032e-06 0.0 5.537007226441413e-07 5.449215389315489e-07 1.707061086616876e-06 4.6389312919655974e-07 2.4761880646567004e-06 0.0 5.686788221969826e-07 0.0 4.5073367900299767e-07 5.248871278911454e-07 2.8849709794756647e-07 8.212816921848616e-08 1.4775109914819395e-07 0.0 2.497747009156044e-06 7.117479615376078e-08 4.1666176617812523e-07 6.489145571473862e-08 3.56924470887962e-06 0.0 2.904315321682822e-07 4.6798920866434317e-07 4.833191372828769e-06 3.693684336713033e-07 2.3425303480176067e-07 7.363875165062729e-08 0.0 0.0 1.0298852419169208e-07 0.0 1.3008760970851472e-05 6.740159551289855e-08 5.256181148261958e-07 0.0 5.559824738973199e-06 0.0 0.0 0.0
5.581541794630044e-07 9.031272072207903e-05 3.727350741448132e-05 0.0 0.0 8.953074066774179e-07 4.1546531828850436e-06 1.9053847198956373e-06 8.468989800327592e-05 1.921990920007222e-06 1.150328754193229e-06 4.91182405072598e-07 1.2876151621311043e-05 1.6879840152099444e-06 4.204784733159566e-07 0.0 1.7014685365430163e-05 6.261157043071695e-07 1.2234305233733527e-06 0.0 0.000962916872750348 0.0021560380952442347 0.0013687946804088209 0.001236014362973291 7.73760873718523e-06 1.4701543446003693e-05 0.002121484280559864 0.0009554606048735185 8.224138656179657e-06 4.348457487146746e-06 4.551886602480287e-07 3.1501004750381723e-07 3.7882963224006227e-06 1.8562463547277317e-05 1.7754984023028435e-05 0.00047394812917099754 0.00017001893873714658 0.0001154669334451793 0.00012868043109561612 2.255471493886217e-05 2.626788593481185e-06 2.371489572409451e-06 2.663046698837842e-06 1.3304674808917788e-07 4.734499463908502e-06 2.7090786192068607e-05 7.91817976611044e-08 0.0 1.9635209425689007e-07 2.1389733865270247e-06 5.576183011956197e-07 1.9974642179656714e-06 2.0982568800249895e-07 1.2906330628041978e-07 0.0 2.0056830476534903e-06 2.335845672214281e-07 2.9457876708662236e-07 0.0012548967212586781 2.958283714037875e-06 0.0 1.9409331936949682e-07 0.0 7.604177821631489e-05 0.0005279926842401558 0.0005562342671047829 4.6483208755858515e-05 8.009226007229747e-08 1.2627918686575766e-05 0.0004157206601633862 7.949814485835088e-05 6.706193458675601e-07 6.699398188212547e-06 5.246115330981785e-07 0.0 8.542973654345798e-08 3.2943411872991335e-06 3.982034705289091e-06 7.323147464086889e-05 4.162774793523377e-06 4.774849307918252e-06 1.4008332537961555e-06 1.1005034079373975e-06 1.6580232115325525e-07 1.6199018461165291e-06 0.0
3.6109474131624643e-05 6.705041063572916e-05 0.002189243896034293 7.066594627526581e-08 7.328029244871867e-07 1.8614838708645796e-05 6.0732537799888384e-05 0.00015430328186070955 3.1611670758623753e-06 6.211637869541344e-06 0.0003117588818341905 8.532502411232283e-07 4.202067530689128e-06 0.0001435074867530227 1.307846605924284e-07 1.7014685365430163e-05 0.0 0.0003876383765788163 0.0016916465738042194 2.7407757764768446e-07 0.00016423621133992682 2.1863738356772777e-05 0.0011239053687826964 2.8832704610741648e-05 6.67699005786941e-07 0.0027494540500303303 0.003019765126572758 3.968066785735888e-05 0.00019481343155342684 0.00015383168075893932 2.0939259226954346e-06 7.107949242728869e-06 2.043927857613637e-05 0.0017058935197633374 3.6413811631292525e-06 0.00018859622326079036 0.0009327715936667417 0.0008715504292516606 0.00028355820985157795 9.65390284530962e-06 2.12577365303669e-06 1.6615395128356807e-06 1.650422686416179e-06 1.1627654028602846e-07 3.072225833476054e-05 6.761785766793693e-05 0.0 0.0 1.6612096645647833e-07 1.1689385330989598e-06 1.990611068483268e-07 3.088142788659797e-07 7.06399192689614e-08 4.7890301325852556e-06 0.0 8.160101965440252e-06 3.0874941252082737e-07 0.0 3.350665864170833e-06 2.801391674118336e-05 3.185873084188772e-06 1.5798212068271225e-05 0.0 8.252923769644921e-07 2.8981233663456336e-06 8.463267404907884e-06 2.473677920388082e-06 9.318379015086757e-07 0.0002816521122858657 0.00044812476003257783 2.543535652566857e-06 4.2298883216655715e-08 5.204409266255684e-08 9.988355160402439e-06 0.0 0.0 5.759670147438333e-06 8.091397808118025e-07 1.5952591595920566e-05 5.129883193519548e-05 1.9100817187708645e-05 2.7569949422191724e-06 1.4811107383535453e-07 1.8823465902630058e-07 0.0 2.345902280351035e-07
1.718797630272542e-06 7.7394329924988e-06 3.145036794894737e-05 3.252083870400688e-07 5.475120472819656e-06 1.7552542483270853e-05 5.159864040495251e-06 4.9434011306007835e-05 9.653255299472584e-07 1.0002414440022909e-05 0.00280937376557224 5.344692820765524e-06 5.108281059031659e-05 3.5765476727136975e-05 0.0 6.261157043071695e-07 0.0003876383765788163 0.0 0.0009549446119855166 2.1327593001876524e-06 2.9770543936668816e-06 5.696244747121822e-06 1.4215599040771498e-05 2.9093998685829264e-06 1.968976130221838e-05 0.0022336010157552465 0.0003640822229279567 4.233187032367899e-06 4.779335386339495e-05 3.9487854461399545e-06 7.294609111407721e-05 2.6683196996818762e-05 7.573575273430375e-07 0.0011851130337580792 2.525341778247956e-06 0.0002300555272097288 0.0008152869664078906 0.0008129298834361573 0.00017446595136849286 1.3578408617288449e-05 2.8678093517839904e-06 6.0491002424816276e-05 1.9660052654722813e-06 5.6719342312711623e-08 2.965224086625742e-06 5.147531450678375e-07 0.0 0.0 0.0 2.1276601550070454e-07 2.2929367860666311e-07 8.324135259317705e-07 5.1644675124722315e-08 2.485375724396113e-05 0.0 7.23110051139792e-05 2.2910702357501974e-07 0.0 0.0 7.987002555975836e-07 5.79217222765365e-06 1.9548510655771005e-05 0.0 8.121754587080615e-08 1.5623677047227355e-07 4.369035215296597e-07 6.292756698759246e-07 1.0709961577027254e-05 0.00016660721739207264 8.846006802232988e-05 1.1369301389687017e-06 1.358618759414609e-07 0.0 3.876984656227039e-05 5.413681685909293e-08 0.0 1.3285680682388037e-06 8.468015384438761e-07 1.8217347164807337e-05 2.225864334280454e-05 4.8438632545664645e-06 1.1717959604245595e-06 2.3012534919612566e-07 1.5733311899633902e-07 1.8375922141264221e-06 8.631896427929111e-08
1.4940213172577966e-05 9.097817884375141e-06 0.00027477057894936374 3.095239998324643e-07 6.9749918769763544e-06 2.3810190295068698e-05 2.2032150871044033e-05 0.0001066027941283453 8.586062074085547e-07 8.0558806901109e-06 0.0015586312800093178 3.5500150965058184e-06 9.600570469480487e-06 9.111437000021559e-05 1.0949736347166344e-07 1.2234305233733527e-06 0.0016916465738042194 0.0009549446119855166 0.0 1.2898498922132573e-06 2.9527993575407726e-05 3.7462653224369346e-06 0.00013688980804923143 4.2603332938230035e-06 5.282016957549413e-06 0.0025991541542649864 0.0005825592598230885 8.2843394436347e-06 0.00015089255407491964 3.0430406381628996e-05 7.881581029738263e-06 3.402834981684406e-05 9.074525251570248e-06 0.0030678979854349567 4.8309958415102845e-06 0.0004571484392652807 0.0006254925893530701 0.0009994845334715696 0.00021037295376465158 1.703023730190902e-05 1.0667806378800228e-06 3.903408272621665e-06 1.5931813913126608e-06 0.0 5.812129773639708e-06 3.4514560808896415e-06 0.0 0.0 5.9022249561189914e-08 5.596577956491007e-08 6.518724803681635e-08 0.0 4.841700894046121e-08 6.075426144500027e-06 0.0 2.042238672270139e-05 6.70523990999049e-08 0.0 2.14363332485863e-07 5.104915871278172e-06 6.303130253425192e-06 3.558433693525554e-05 0.0 2.9456839562413075e-07 0.0 8.540524469242067e-07 8.829161286883049e-07 2.8695721651232176e-06 0.00020161763932029675 0.00011564778106133914 1.2756546056147192e-06 5.688204016009091e-08 0.0 1.3285987713441454e-05 0.0 0.0 2.093963192903535e-06 1.6658445996249599e-06 2.5386040950205575e-05 2.3200760691368417e-05 9.444723218952102e-06 1.4130946381584764e-06 8.949266756538998e-08 0.0 0.0 1.6703390550138706e-07
1.2325418576426972e-06 0.0 1.251465230234144e-06 0.0020100690685303127 2.931212310401489e-06 0.00037995615836042913 2.920508930263979e-05 0.00012493358254829143 0.00027312432568921916 0.002661562962563758 3.622461778186315e-06 0.0024081201713874187 9.20297472373719e-07 6.15414899667553e-05 7.815456752699672e-05 0.0 2.7407757764768446e-07 2.1327593001876524e-06 1.2898498922132573e-06 0.0 2.368975655074305e-07 1.1883388364989921e-07 1.35182659591984e-06 0.00019665632063438425 0.0 3.358208318038169e-06 7.650711505756075e-07 0.0013403550497247607 7.011675599436827e-05 1.4304709059486897e-06 5.190585269073429e-08 4.661137612424569e-06 8.714721407431459e-07 1.983696462721052e-05 3.294757163413291e-06 0.00017536914169911661 2.9787247579352784e-06 9.081642155390634e-05 2.0198894741862458e-05 0.00023725284699158177 4.672427186280967e-06 4.1903668356359276e-07 1.1398176435355275e-06 6.195379842107882e-07 0.0 5.525060463970142e-07 2.374510577815604e-05 4.319357251099138e-07 1.9921862508898773e-05 2.2388444931807417e-05 4.3187859033241234e-05 3.24526781186102e-05 8.133056502083286e-05 8.04543390040248e-07 3.108201619576865e-05 4.703930767356278e-08 1.330559480234537e-05 2.4455580244802047e-06 1.2677775647910361e-06 0.0 5.949509526528191e-07 4.134547132755662e-07 4.213853022283204e-05 6.269027060805904e-07 0.0 3.7146570432359545e-07 0.00012065882083348672 0.0 2.0906635165822847e-06 7.588651803526809e-07 0.0001898616858257441 5.198539483413057e-06 1.2198226223864087e-06 0.0 3.8325609017505816e-07 1.1691026346701412e-07 3.835948511980112e-06 2.3661553325498607e-07 0.00012201839381662555 6.578668682858032e-07 1.9481891868741944e-05 2.5909647528822436e-06 6.620793150262875e-05 9.173132449782428e-07 1.3742628588549828e-07 3.2092811576298377e-07
5.759784999762237e-05 2.2587907575190653e-06 0.0005412091360094537 5.746085717628261e-08 3.875855811943986e-07 2.3897409627465084e-05 0.0004152774767995509 0.00016749004280175732 2.1155108624608315e-05 9.810068173393064e-06 3.970562048296967e-06 5.651024692319364e-07 5.121813317256078e-06 0.00017785802542630478 0.0 0.000962916872750348 0.00016423621133992682 2.9770543936668816e-06 2.9527993575407726e-05 2.368975655074305e-07 0.0 8.906594953977082e-05 0.005911921172260274 0.00015484022104823904 3.499273507536638e-07 6.987363324460954e-05 0.0006547855619673466 0.0019289467439373214 0.0003260270803996751 0.004578132070507865 1.920505167771176e-07 1.8027759611085416e-06 5.1731392701857005e-05 0.0017812423305014577 0.00016765711362877112 0.0024812136666931064 0.00018952679610763216 0.0029669607497036683 0.001261792091735509 0.00011411887299551763 1.3421291256005143e-05 3.6695702661969715e-06 1.577449803668666e-05 1.426187317591791e-07 6.701149262129142e-07 3.7488229876737788e-06 0.0 0.0 0.0 1.8877323119165845e-06 9.63524355608186e-07 3.513743485895633e-06 1.687976084617505e-07 0.0 1.6134468445618967e-07 4.1184970263224054e-07 3.856931871604377e-07 0.0 0.00018314996234350216 3.098752660674983e-07 0.0 1.331090260391652e-07 0.0 4.0046922885281185e-05 5.4562935521471065e-05 5.6374361961807226e-05 3.824826029984232e-05 0.0 1.8087859062199178e-06 3.627305117950254e-05 5.72265957012562e-05 1.2889503153672226e-06 6.460874350563677e-06 0.0 0.0 8.875533705047943e-08 1.46281327905301e-06 1.3852402816424524e-05 4.10636596162152e-05 1.3622361288315346e-06 3.0996659528860713e-06 6.906343640612876e-07 3.3942889149201904e-06 1.830874988918613e-07 0.0 0.0
1.099351402211599e-06 0.0013171825836571496 4.400161196904198e-05 3.832322268704115e-07 1.9010920520386e-06 2.4161042780276612e-06 6.845014858261799e-06 4.809200248847813e-06 0.001848970758787005 1.6568681435430442e-06 1.6168107260475656e-05 3.493305224858317e-05 8.413744717150527e-05 4.720108930058101e-06 5.874744806887169e-05 0.0021560380952442347 2.1863738356772777e-05 5.696244747121822e-06 3.7462653224369346e-06 1.1883388364989921e-07 8.906594953977082e-05 0.0 0.0004110060145755434 0.0031476214642682373 0.0005057586801080947 0.00011020837651673348 0.002650843091845591 0.0003843576784111494 1.3805983918908112e-05 1.0836532245352471e-05 2.4201374523402042e-05 2.0737658336701063e-07 1.529641480215235e-06 1.1346193601378292e-05 9.419165892373465e-07 3.544862969245528e-05 2.1482537541767837e-05 2.9837074271216458e-05 9.09197262646494e-06 0.00012192065230471758 1.3385141085385727e-06 1.8469848564340199e-06 0.0 2.3024355704578225e-07 8.679824409001714e-06 4.341554462999994e-05 0.0 0.0 1.9944537847455721e-07 3.714351487433669e-06 1.445492918810176e-06 1.4981949591713687e-05 7.311117994119746e-07 1.6242060969301683e-06 5.979982313875116e-08 4.4660116709093766e-06 7.882955016054588e-07 3.4812631052833054e-07 0.0004839160472527988 4.9395003252076104e-06 4.652221114124954e-07 1.006193303335642e-06 2.2697987685211063e-07 2.5983547113813813e-05 0.00014264391628532666 0.0001757854093988951 5.427173003232572e-05 5.889300549194146e-06 2.4982384018961642e-05 0.0008599205541184844 6.671912393239352e-05 1.3765260594957672e-06 4.678090559138179e-06 1.8541790124504147e-06 0.0 2.4022038091913633e-07 1.237943172253677e-06 2.2000957007767382e-07 2.20494465409475e-05 7.397531213534888e-06 8.37586695637728e-06 3.514866147535313e-06 2.6252243265918027e-06 0.0 1.5767632499565224e-07 9.787308642701154e-08
9.834393692100675e-05 1.2523922865382782e-05 0.007312957058799908 2.2321872409547894e-06 9.940137909405928e-07 9.367423801946149e-05 0.0010607818130931991 0.0004900555373287739 3.24335636786451e-05 6.749161899817289e-05 2.0363979040408777e-05 2.1811534092071595e-06 3.310788493923072e-05 0.00040248374428486305 2.923203677176986e-07 0.0013687946804088209 0.0011239053687826964 1.4215599040771498e-05 0.00013688980804923143 1.35182659591984e-06 0.005911921172260274 0.0004110060145755434 0.0 0.00022890650805831617 2.7124730835425514e-07 0.0004586183107850165 0.004957297488028413 0.001383289867161739 0.00045222953300551164 0.0014844175972232678 6.922021581420089e-07 4.238307517279629e-06 5.215475099502253e-05 0.0025631159536461685 0.00036872722684979536 0.005399071840416712 0.0029443099388731814 0.006185532677428265 0.003783650195115282 0.00030162244586048274 3.319280490498134e-05 2.863479078434505e-05 4.0176890212042864e-05 7.218735041362675e-08 7.355793743841545e-06 0.0001576900432709739 1.332282442123232e-07 0.0 0.0 3.0069904980639864e-06 1.007848673688006e-06 2.4175972277010393e-06 2.7235901290144936e-07 1.56460478000714e-06 7.070504937113399e-08 5.4757322415815486e-06 6.113037359134287e-07 8.867855246437767e-08 0.0011048212920161291 1.3413123622002004e-05 1.0309110332028373e-07 7.550437747635225e-07 1.894311681611957e-07 3.4897073904486306e-05 0.00037370403207832756 0.0005914989637961599 4.455204938701092e-05 2.6952693307254207e-07 2.5925787321583498e-05 0.0010810734188590823 5.9331859080883354e-05 1.1459128179281121e-06 4.327013853640294e-06 3.0399765098250705e-07 0.0 7.992333934742323e-08 3.056188706123423e-06 5.537619065836542e-05 9.185330746594825e-05 1.0800498977208984e-05 1.0118674991716008e-05 4.6976547227046634e-06 2.201139297896751e-06 3.9788297266790305e-07 1.5579580360396943e-06 5.992649445943757e-07
