0.0 3.741812888425598e-07 0.00022327686475146424 5.490827614274834e-07 6.253419991836197e-08 2.8762566646734317e-06 0.0015281478361422434 0.0005778387948833173 1.2877976767843675e-05 3.521623937459923e-05 7.215852713450021e-06 1.0788799038319632e-06 4.321377624215577e-07 0.0032172325163780727 5.452376571587431e-08 9.98620126388303e-07 0.0001770604554255409 5.923764434873431e-06 1.5051604342771285e-05 1.5650820133819188e-06 5.706651344082548e-05 1.573527836844774e-06 0.00017536216735335248 6.114578444569735e-05 5.257467014452116e-07 0.00020436532893335473 3.3212622004170066e-05 6.160558350711642e-05 0.003620909427453628 0.002079657331743261 1.5144097390849585e-07 5.428887848971401e-07 3.573469229160777e-05 7.451866596137149e-05 1.3433528303857508e-06 0.00011069406766837971 1.7101243809968448e-05 0.0001319486061519749 3.823555006046237e-05 1.0398278351855438e-05 5.998332207322714e-06 6.891554318898759e-08 1.6736249245150123e-06 0.0 1.6389281618839314e-07 1.1715453296656742e-06 0.0 0.0 0.0 1.8227407232863354e-06 1.6950608914786936e-07 2.213013484676564e-06 6.314533148287082e-07 2.609634444368801e-07 7.84712159378076e-08 1.438527161584925e-07 2.0847949618635174e-07 0.0 1.9073761725412995e-06 1.4200174484269243e-07 0.0 0.0 0.0 2.2261434367821585e-06 5.499394102609412e-07 6.482297893003195e-07 9.66160947678448e-06 0.0 7.269350442401139e-07 3.4421133005328926e-06 4.524092739517233e-06 1.1149757446893878e-06 2.795042460074483e-06 1.1053607848358024e-07 0.0 3.398574082157797e-07 2.776150461361683e-07 0.0 5.554588124879654e-06 0.0 1.017866678376265e-06 8.737922811554419e-07 2.438851833206897e-06 1.7203024483098e-07 0.0 0.0
3.741812888425598e-07 0.0 2.8527988670262517e-05 7.194502786980182e-08 6.48168442538945e-08 3.9228219781324517e-07 2.2337397382663604e-06 6.236260261777957e-07 0.00047056843562333107 2.1750328144063035e-07 2.1465400183045263e-05 2.2928993480729345e-06 0.0001521712899875797 1.0549107497016734e-06 6.020824162444678e-06 6.029341178713377e-05 4.360986169112958e-05 4.3959118588112024e-05 3.0075013324230268e-05 0.0 1.1398545760594296e-05 0.001614464802496201 3.163930666187621e-06 0.00054292595972344 0.0008476185083951885 0.0003197512078965073 0.004751539509187003 1.4667551168523259e-05 1.7221106363499233e-06 2.2495633845849124e-06 4.8720941734778654e-05 2.784311308078449e-07 3.052838706317343e-07 1.4598470706636344e-05 2.5519513470183433e-07 2.8403283859613822e-05 0.00010413664105877171 2.3273592152019268e-05 8.447040454148971e-06 1.4679223707612091e-05 1.4707463920715403e-07 8.90185743744317e-05 1.3658576926891397e-07 0.0 1.291421619555767e-05 3.911996739250757e-05 0.0 0.0 5.2172390860756824e-08 1.5593057795056385e-07 1.3770174880164732e-07 2.1752455127081962e-07 5.6079236104717536e-08 3.476575364185998e-06 0.0 9.596233411399625e-06 1.221676813436298e-07 0.0 5.252330749104623e-06 2.8002834002714207e-06 4.613343250263303e-07 2.074233290815533e-06 0.0 1.4121332601011662e-07 6.876786000762509e-06 4.461231125067891e-06 2.322353491776207e-06 1.1222552284651324e-05 0.000100671525167735 0.0009560695057575177 8.272158311330592e-07 0.0 8.102911499729571e-07 3.5383718128243737e-06 0.0 0.0 3.2135678412307436e-07 0.0 2.8652452044862907e-06 2.6245861029488662e-06 3.4232164693784565e-06 7.26852206180097e-07 0.0 0.0 2.3003529530037472e-06 0.0
0.00022327686475146424 2.8527988670262517e-05 0.0 6.846368331979919e-07 0.0 1.5739701314914939e-06 0.0007376488168359603 0.00022004791049579276 6.4415113680368364e-06 3.554294588865253e-05 1.1414396036279591e-05 4.200794695819595e-07 6.728487185824784e-07 0.00042030029436752387 0.0 8.589541836250138e-06 0.0014811628309162393 1.9740269049204334e-05 0.00010083640630461066 1.2486827784238148e-06 0.0004950184795171153 1.6740511857316364e-05 0.005658327351563573 3.138128481900878e-05 1.043305461723164e-06 0.004952716730079831 0.0030757991911813483 0.0002088354882135991 0.00012459851487164544 0.0006736252888439804 2.9262903125404276e-06 2.758531095676891e-07 1.3347756894186015e-05 0.00043562144903145234 2.1888602379955952e-05 0.0011731155484272049 0.0012184846760076023 0.0014188458056910039 0.000713925998995963 8.149633703012922e-05 4.7663478534584365e-06 1.0549564253553412e-06 1.046733417316231e-05 6.07524826735688e-07 7.327205019230962e-05 0.000461410830612305 0.0 0.0 0.0 1.3701146578527778e-05 7.527638911138675e-07 1.9556719087375564e-06 7.639896220289149e-08 4.0474985294065927e-07 0.0 4.3651104680294257e-07 1.3145857349749226e-06 0.0 6.093052324000107e-05 2.810551987942077e-05 5.141751652588807e-07 6.321614757087402e-06 0.0 1.2400083919879321e-05 3.5742203132845476e-05 0.00013501317296381584 2.0453651287192904e-05 8.135475290834768e-08 0.00012217374599587193 0.0017377990311669039 1.0479578605806963e-05 1.2732475941042613e-06 1.7097924648980978e-05 2.3691247986019392e-07 0.0 2.0418457620224057e-07 2.434048908886174e-06 1.960035014428859e-06 2.5470388999037485e-05 3.671337587218525e-06 2.2402982629431328e-05 1.2085421210199446e-05 3.427589638596246e-07 3.9305395335944614e-07 3.3244505399895137e-07 0.0
5.490827614274834e-07 7.194502786980182e-08 6.846368331979919e-07 0.0 3.3478513396298543e-07 3.904828979222367e-05 5.089680384223515e-05 2.0659527315413892e-05 0.0003387282390761983 0.0011410596014616299 1.2976869257594552e-06 0.002800270553369286 9.702143124642276e-08 1.7610986952982938e-05 7.762352348346575e-05 9.836532839311259e-08 1.5908191014463846e-07 3.171256071889952e-07 2.686149402888434e-07 0.001289143073755283 4.621649468872367e-07 1.5035268236170854e-07 5.586040224081359e-07 0.0009418792744404898 0.0 7.611361338980253e-07 8.754249820230809e-07 0.0022288042529137 1.84440888486273e-05 8.930776078400878e-07 0.0 1.863136976545496e-07 5.462774825493599e-07 6.36547212818279e-06 4.6683132040412944e-06 0.00016492029027897811 6.969720634788486e-07 2.3444351531140498e-05 1.0459045264527506e-05 0.00021125110862623824 5.537492230888203e-06 1.4068766089321999e-06 1.5233043993726238e-06 5.8238655393214395e-08 1.3565075603818236e-07 7.049290351968746e-08 1.991996161969461e-05 0.0 0.0 2.3409403924481244e-05 9.73192934700214e-07 1.5478437448522084e-05 2.5593660585453814e-05 1.8673266724384e-07 1.877499382872423e-06 0.0 2.9892653011200317e-07 0.0 2.7396489168752797e-07 0.0 0.0 0.0 4.629785369382631e-06 8.625304021595588e-07 2.173681148146296e-07 5.933774131238222e-08 0.00014136940249591317 0.0 0.0 8.902370933311529e-08 8.226768225286933e-05 1.3988633266454116e-06 1.9035380046644956e-07 0.0 0.0 0.0 1.285744456491206e-06 0.0 2.2104508758689627e-05 0.0 1.2422164134142295e-06 0.0 5.7670706367708305e-06 6.997798493798556e-08 5.1117679246629e-07 0.0
6.253419991836197e-08 6.48168442538945e-08 0.0 3.3478513396298543e-07 0.0 0.0004890117610126205 5.1773251556713676e-08 1.785211962937133e-05 2.9298073821665218e-06 1.7498654038932118e-06 1.8589270579252463e-05 7.578613693624436e-06 1.1310231671618321e-06 3.299661708969246e-07 0.00029535138403843984 0.0 5.305938530159215e-08 4.1006422764711553e-07 3.463234986044835e-07 4.4638845563161634e-07 0.0 6.442850020810565e-07 0.0 3.616375238667196e-06 5.795383544679034e-07 4.293683082803293e-07 4.5322333971698583e-07 3.1066964676731407e-07 1.4766281689535993e-06 0.0 7.74007526014559e-08 6.835622062547304e-05 0.0 8.811254999104315e-05 0.0 2.974404945124242e-07 5.13909048766217e-07 2.7934872111540923e-05 5.428531577101047e-06 0.0003724380883457146 1.3529090417458475e-05 1.6178851331076195e-06 0.0 0.0 0.0 0.0 0.0 0.0 0.0 0.0 0.0 0.0 0.0 0.0 0.0 0.0 0.0 0.0 0.0 0.0 0.0 0.0 0.0 0.0 0.0 0.0 0.0 0.0 1.417902336117058e-07 0.0 0.0 0.0 0.0 0.0 0.0 0.0 0.0 0.0 0.0 0.0 0.0 0.0 0.0 0.0 0.0 0.0
2.8762566646734317e-06 3.9228219781324517e-07 1.5739701314914939e-06 3.904828979222367e-05 0.0004890117610126205 0.0 0.00011303814522657082 0.0038474069580105683 0.00010959679969072264 0.003402631773365233 0.000131884698400284 0.0015078583291088027 9.43909429782061e-06 0.00021901180875836 0.002377178543082004 0.0 1.3016742880740485e-06 1.5939834134635303e-05 7.747369651405816e-06 0.00012900620257439102 6.291019709791739e-07 9.249601929906192e-07 6.557416802984917e-07 0.00012848308645307916 4.20002651034485e-06 1.5762276413723388e-05 7.976404715445537e-06 0.0005187938293285824 9.979328009502372e-05 5.616296832146472e-06 2.010741346144463e-06 6.380012096841602e-05 1.879438959286746e-07 0.0004620367654648188 3.612564722455512e-05 0.00021373872888904788 1.306263600314043e-05 0.0002873774637250902 0.00013857910755761128 0.0022288239818638424 0.0004270257356445674 1.0821455159622724e-05 2.486024117524828e-06 0.0 0.0 0.0 8.720170786266504e-07 0.0 0.0 3.6877794405757097e-06 7.687611864167462e-07 1.938737031169896e-06 2.3799426997908622e-06 1.325455291465734e-07 4.0191906975553237e-07 0.0 8.984945578750577e-07 0.0 4.3702057927187684e-07 0.0 0.0 8.63943827112263e-08 0.0 3.634106180158417e-07 0.0 1.1370317037274305e-07 1.9988181800665436e-05 0.0 5.361631644875534e-08 8.043330240565428e-08 1.4274758375192506e-05 3.582272064641555e-07 1.2610601895861565e-06 0.0 0.0 0.0 5.341744486529641e-07 0.0 1.0390707147176282e-05 6.034533418440521e-08 3.720388207494262e-07 2.6052863099448944e-07 1.824061897769787e-06 0.0 0.0 0.0
0.0015281478361422434 2.2337397382663604e-06 0.0007376488168359603 5.089680384223515e-05 5.1773251556713676e-08 0.00011303814522657082 0.0 0.0013589444780557347 0.00015258310700071889 0.0018736132237121045 2.689869781882841e-05 1.6203328365520766e-05 1.4055971148115309e-06 0.003165045389298817 7.828463013958281e-06 3.132993641481409e-05 0.0001220055715300891 9.587485613486941e-06 1.5048487426774743e-05 4.98099616647304e-05 0.0008363588870442824 1.6823232667504774e-05 0.00048715718104998907 0.000852898131862204 1.3839012679068117e-06 0.0004568984098892111 0.00023103038165841555 0.009684544564253163 0.0009871946767441746 0.0034217970115453743 6.068793480717997e-07 2.70872765983702e-06 6.125258660593413e-05 0.00020035752240524552 1.624834444627213e-05 0.001045580608439125 4.7870404903518104e-05 0.0006757222324622411 0.00026346510923234664 0.00016735816835083384 8.047859270864373e-05 1.713159674352234e-06 2.2932140968231083e-05 1.6466527954776868e-06 1.5834628939116636e-06 4.120160503809943e-06 7.071980592225712e-06 0.0 9.027532411909521e-07 0.00013214840466949538 6.426967220268318e-06 5.111761324903013e-05 2.1644731711234715e-05 8.039482049026459e-07 4.24921556169158e-06 1.1878377626872473e-07 8.539247803494029e-06 6.752369812230635e-08 1.1922590888912475e-05 4.870633073454304e-07 1.531787845896209e-06 6.622409200851832e-07 3.1947437846098376e-06 7.850583132407043e-06 6.311757696780152e-06 4.5645705994718135e-06 0.00035948804212459503 0.0 3.343354258812826e-06 3.1455321767012086e-05 0.00026085085966447554 1.0801075415573889e-05 4.182817781720287e-05 1.8192683725701929e-07 8.627743496601155e-07 1.161235060746362e-06 6.900094744825833e-06 9.252730127505706e-07 9.995071756647269e-05 4.627282120321447e-07 2.9059309161271468e-05 9.293518025576473e-06 2.984514912659765e-05 7.208271002307476e-06 3.831351255007641e-07 2.9659083522333087e-07
0.0005778387948833173 6.236260261777957e-07 0.00022004791049579276 2.0659527315413892e-05 1.785211962937133e-05 0.0038474069580105683 0.0013589444780557347 0.0 5.620326337692914e-05 0.0014773188891486948 0.0004313957333433134 0.000253691650674781 2.6541365801137836e-05 0.004108014961838998 0.0003999498669216264 1.759489262349223e-06 0.0001928479936826057 5.623313712805085e-05 4.6889398619391386e-05 9.487938466090691e-05 4.3051871955768465e-05 3.162037456408538e-06 0.00011955967935651333 0.00032883140820393476 1.3836972990054472e-05 0.00030307746802023266 5.986641723973974e-05 0.0003469510623441782 0.0005858601004273314 0.0003938073227187333 7.075333726473808e-06 4.3236298547314485e-05 5.813070112751088e-06 0.0005590069424621448 9.64872431818893e-06 0.0005146243883512485 5.7483569033307844e-05 0.0008568994975273955 0.00035647682998194357 0.0009648320299669115 0.0004559501255246647 3.380851088726404e-05 1.1945515478227262e-05 4.428411688498472e-07 4.070123392176347e-07 2.1168518781212097e-06 3.804710017556e-07 0.0 3.072180963682419e-07 2.6006899178014078e-05 1.26940169697846e-06 1.2402710890076873e-05 8.430562554586443e-06 2.003917030533652e-07 6.869654189493346e-07 1.336606981047702e-07 2.889753284378546e-06 0.0 1.920840085785332e-06 0.0 0.0 0.0 4.19155295017299e-07 2.8384164851307728e-06 1.908639672210321e-06 1.8356914985550248e-06 8.342475078332291e-05 0.0 1.0993049160325107e-06 5.893059933439116e-06 4.719067134199671e-05 1.9130930838778624e-06 1.2188945407010321e-05 2.3045371564790263e-07 0.0 0.0 8.358438035394532e-07 3.113729331267042e-07 2.2064516787231983e-05 5.856208570673067e-07 5.838339937815486e-06 1.7178705696721564e-06 9.370860337082655e-07 8.620443542053397e-07 9.843394109148073e-07 0.0
1.2877976767843675e-05 0.00047056843562333107 6.4415113680368364e-06 0.0003387282390761983 2.9298073821665218e-06 0.00010959679969072264 0.00015258310700071889 5.620326337692914e-05 0.0 0.0004902108226813226 6.945817863612181e-06 0.00020262283954956405 2.8050451301311464e-05 4.8975892682794e-05 0.0002904970727868708 4.5611519234069106e-05 3.177502319404482e-06 1.6329197542129724e-05 5.363172387612278e-06 0.00036662250253737525 3.97769166649789e-05 0.0017395255975757753 8.564089290853589e-06 0.005366249567442281 0.0002290315704324585 3.923209675490359e-05 0.00041864044730107255 0.0005234985059605243 6.897245146566846e-05 0.00019697234269966694 1.2793425343719633e-05 3.1393124810394633e-07 1.1769033527035827e-05 1.0446168862794573e-05 2.877106687170787e-06 0.00013065236399338354 9.212660123853464e-06 4.664801369486483e-05 1.757282258791934e-05 0.00023952262997170776 8.306879732259186e-06 5.112436343029111e-06 2.0947389042447257e-06 6.43270621200961e-06 4.4250888644227983e-07 2.09220168635228e-06 1.1649865733329002e-05 0.0 2.891083286594519e-07 0.00010297410581432182 7.876636650167237e-06 1.1880157785865236e-05 2.9779837242770366e-05 1.187553569939481e-06 3.1456766250700585e-06 5.334983896251386e-07 1.4774587075423678e-05 2.753284906677626e-07 8.360689341944022e-05 2.712597076912489e-07 1.3220048616970323e-06 3.948121648285524e-07 7.691415549406198e-06 5.267222463261556e-05 2.9733680479895056e-05 1.3756295895176176e-05 0.0008796656552719347 3.708119386743607e-07 3.967614761101784e-06 1.6710311590825598e-05 0.00026439165967513185 3.462256940164949e-05 0.0001629242304796302 7.24748685529041e-07 5.265947351558628e-07 3.566224185944099e-06 1.4187218761395324e-05 1.4636423130820158e-06 0.00011516632980929907 1.2300069063445539e-06 3.837115735553141e-05 1.22783125917666e-05 1.5402438560220104e-05 4.904398242327561e-06 2.388462493716891e-07 5.819269271643222e-07
3.521623937459923e-05 2.1750328144063035e-07 3.554294588865253e-05 0.0011410596014616299 1.7498654038932118e-06 0.003402631773365233 0.0018736132237121045 0.0014773188891486948 0.0004902108226813226 0.0 7.064730902157958e-05 0.005554553314503706 4.509612184200203e-06 0.0008749556259180238 0.00021550454623593427 2.1475507409687215e-06 1.140629471585352e-05 1.6639785265501724e-05 1.262365607918015e-05 0.0021660440918381215 1.9134311975497875e-05 1.5433447695940367e-06 1.693741769121924e-05 0.0012920530761660462 7.508984508211211e-06 5.382355618226142e-05 1.7262544120879882e-05 0.003946952353784036 0.0005153886835864539 5.693074065124053e-05 1.9713385959343697e-06 5.328258971252741e-06 7.501357484623266e-06 0.000207453717131145 5.525985705880264e-05 0.0012103966996803413 1.9079637952295633e-05 0.0006321384990876269 0.00022138190526530061 0.0006137461138830219 0.0001374034540944544 3.7334012198275054e-06 2.190477154806617e-05 0.0 0.0 3.5698439637797783e-07 1.39321390117573e-05 0.0 1.592271402971261e-07 6.15363609422116e-05 2.84289089643699e-06 4.4440958929640136e-05 5.6542851103010173e-05 2.944698938637916e-07 7.4750343068751605e-06 5.652326263473695e-08 1.5335175056524043e-06 1.1788453019309072e-07 6.513430156324369e-07 1.2639780408787448e-07 0.0 0.0 9.763700666402078e-06 1.790766175575539e-06 5.17174096151972e-07 9.082605149196368e-07 0.00039019424953483026 0.0 4.1897965724626714e-07 2.6216883698505133e-06 0.00022922552297568695 2.384179949389912e-06 2.4126397130290447e-06 6.326201169419479e-08 0.0 0.0 5.87262500831063e-07 1.1634768087174343e-07 8.699487216291581e-05 1.8430571672220416e-06 6.092445593899624e-06 1.191629617081241e-06 2.3397408196479507e-05 6.493856331545236e-07 1.256631312193796e-07 2.1997067032996634e-07
7.215852713450021e-06 2.1465400183045263e-05 1.1414396036279591e-05 1.2976869257594552e-06 1.8589270579252463e-05 0.000131884698400284 2.689869781882841e-05 0.0004313957333433134 6.945817863612181e-06 7.064730902157958e-05 0.0 2.5623607624915856e-05 0.0005074408466005182 0.0001722464108947624 1.3514443056532307e-05 4.645327812777526e-07 0.00012780767441876177 0.0013409350824940033 0.0006572184343766902 9.543378636372032e-06 3.3982918604792587e-06 8.196716606649812e-06 5.7934394281614315e-06 2.357111800933207e-05 0.00044530741501069073 0.000773799194361853 0.00027945537673882965 1.9920398607957198e-05 0.0002804851177716369 1.0401569005423683e-05 0.0002882855780531136 0.00018232744372754985 4.4935317407814743e-07 0.0033949807543127014 1.4423140076913307e-05 0.00030268013228882713 0.001981632523006619 0.0033151444859835775 0.0005826762064442264 6.19765300100226e-05 0.00025613815188217203 0.0009244332305026685 1.8490435693446115e-05 2.1245808835022204e-07 1.498926675811578e-06 2.886520416358956e-07 0.0 0.0 0.0 2.766785309063911e-06 0.0 6.197273575491056e-07 0.0 0.00013897636899078036 5.650428721771679e-08 0.00016021714934915095 3.9753451705927834e-07 0.0 2.2681129044825857e-07 0.0 3.947057386065845e-06 1.6886067692451694e-07 2.7899254447648907e-07 2.1430695128635312e-07 8.99662746380811e-07 7.702758711753559e-08 5.629359772327673e-06 4.813264722639335e-06 4.2719780329984936e-05 3.831101214024079e-05 5.0473817391032255e-06 4.879091308009243e-07 8.526869355859329e-07 3.5882997794892764e-05 6.71333821214154e-08 0.0 2.5695590811800043e-06 5.267296546230704e-06 1.1570643473574686e-05 3.72450822409673e-05 3.455584017287789e-06 8.763785002718394e-06 2.1018472354285407e-07 7.732068466884465e-07 2.9425668591869582e-05 0.0
1.0788799038319632e-06 2.2928993480729345e-06 4.200794695819595e-07 0.002800270553369286 7.578613693624436e-06 0.0015078583291088027 1.6203328365520766e-05 0.000253691650674781 0.00020262283954956405 0.005554553314503706 2.5623607624915856e-05 0.0 2.2848621161876806e-06 9.584373081236951e-05 0.0009678001199340014 1.3259706042612813e-07 5.381446870268017e-07 5.260101855638476e-06 3.086093328396154e-06 0.0014356065326305747 5.2099350565083977e-08 5.1216690704803255e-06 3.3448152729066284e-07 0.0007189545372202268 8.81371906508099e-06 5.706125269249014e-06 4.1946762488903325e-06 0.0012830306103012153 6.512738462509663e-05 1.0774155677113718e-06 3.7374779092277776e-07 1.305692828717402e-06 3.7040584969027444e-07 3.9051965446549945e-05 2.467753129641272e-05 0.0007891656167124125 1.0165674146527044e-05 0.00010491237791676916 2.811745809649473e-05 0.0009995591085551734 3.001975394661967e-05 1.3228086092470873e-05 3.277936783256698e-06 2.9219330447575357e-07 0.0 0.0 1.0744805047765195e-05 0.0 9.849938944859792e-07 1.4089092822682014e-05 2.015537125892904e-06 6.040037799791216e-06 1.9027171433612324e-05 1.5695233240132093e-06 1.6581161965914695e-05 0.0 0.0 0.0 6.873717072550286e-07 0.0 0.0 0.0 4.853447555609448e-06 7.171007641779029e-08 1.3999829692663514e-07 1.2109467112007302e-07 7.268300795770521e-05 5.296458351576523e-08 9.22023397286594e-08 5.334717469702889e-08 5.453235316398324e-05 1.120348587067335e-06 2.339429573199887e-06 5.011876705207476e-08 0.0 0.0 0.0 1.0165869716458813e-07 4.254852870179282e-05 3.1551789504980126e-06 1.3645862423026695e-06 1.3623796635218723e-06 1.9917746217610655e-05 2.388802846434872e-07 8.794196527966113e-07 0.0
4.321377624215577e-07 0.0001521712899875797 6.728487185824784e-07 9.702143124642276e-08 1.1310231671618321e-06 9.43909429782061e-06 1.4055971148115309e-06 2.6541365801137836e-05 2.8050451301311464e-05 4.509612184200203e-06 0.0005074408466005182 2.2848621161876806e-06 0.0 9.5592906308857e-06 1.5650093983056752e-06 3.0587010426986317e-06 1.3655718787923e-06 9.307577516212652e-06 9.591633542644363e-06 6.235972529964322e-07 8.582325543625039e-07 6.383879552149515e-05 1.0492070068793033e-06 2.4225783884475132e-05 0.0030330818792235724 0.00011194892962481184 0.0018224696222297846 2.4057332547691587e-06 1.0135778647203293e-05 8.744035562315078e-07 0.00036120840840454224 8.73894152214276e-06 0.0 0.00033022454959190974 2.1836855771054093e-05 0.00032234555255312135 0.0027289783034623732 0.0014383774679550285 0.00027806011375394854 2.5963906632367416e-05 8.81860600611683e-05 0.001069808619720416 9.142449490735377e-06 0.0 1.2624167210651312e-05 0.0 0.0 0.0 0.0 0.0 6.364258839841345e-07 1.6357675855966448e-07 0.0 0.0005130480157742767 0.0 0.0005646896500691455 3.056686056276193e-07 0.0 0.0 8.105678925219772e-08 4.067920914991292e-06 5.635198336285258e-07 0.0 1.2630630483961296e-06 1.1762561939800128e-06 0.0 5.419313413415276e-07 4.1367966753591994e-05 9.883168037827133e-05 0.00010817146730063 1.241498018477002e-06 6.826283579480596e-08 6.687061467469217e-07 0.00010819054211712107 8.808830897552853e-07 0.0 1.053832349821854e-05 1.006505040244712e-05 2.5606957387462238e-05 8.578705655941012e-05 1.1449485081551424e-05 3.0053136550887874e-05 3.6422130505839116e-06 1.2467847982142618e-06 7.355401190231917e-05 0.0
0.0032172325163780727 1.0549107497016734e-06 0.00042030029436752387 1.7610986952982938e-05 3.299661708969246e-07 0.00021901180875836 0.003165045389298817 0.004108014961838998 4.8975892682794e-05 0.0008749556259180238 0.0001722464108947624 9.584373081236951e-05 9.5592906308857e-06 0.0 2.4246866861730927e-05 3.5389155710279753e-06 0.00046886811076336576 4.378690527745811e-05 6.94359551627756e-05 5.932702048967481e-05 0.00011908897887372246 7.837377894315669e-06 0.0003010914222048787 0.0002727571702656964 5.259336584688568e-06 0.0005358039860630119 9.528149473834405e-05 0.0003309763094646524 0.0042006401485867526 0.002036917842833802 2.9000618036970823e-06 8.929055148488148e-05 2.9750692530359717e-05 0.000516208925854386 5.5867892791111665e-06 0.0004144464540918957 4.6609550267661556e-05 0.0006453203712695034 0.00017329376553507469 0.00013079245436803405 7.775472592161084e-05 7.448020519621899e-06 8.102977311294951e-06 5.111804865600797e-07 4.3972992687506516e-07 3.863870965032028e-06 1.0061989230060103e-06 0.0 1.258699827541232e-07 2.247811930118295e-05 5.978932257425727e-07 1.1800075931747039e-05 2.020943410007196e-06 6.954139088923594e-08 8.2915709956636e-07 1.1219218856666141e-07 1.9036376388919585e-06 0.0 4.596158250654626e-06 8.418179770599436e-08 0.0 1.21217665839918e-07 6.861732705880172e-08 4.449071222502233e-06 3.136091683050541e-06 1.5133957059103334e-06 6.0565214141256993e-05 0.0 2.0672603920198625e-06 1.0758820550337315e-05 3.872408689043981e-05 3.7733889346614942e-06 1.3580426760481236e-05 1.1410906889396004e-07 0.0 0.0 2.1509436465215412e-06 2.769730755325696e-07 1.7847262387697917e-05 3.138343467971886e-07 6.020875755735404e-06 1.2574342859330775e-06 4.607833735273877e-06 4.505099126649003e-07 0.0 4.7653444906338584e-07
5.452376571587431e-08 6.020824162444678e-06 0.0 7.762352348346575e-05 0.00029535138403843984 0.002377178543082004 7.828463013958281e-06 0.0003999498669216264 0.0002904970727868708 0.00021550454623593427 1.3514443056532307e-05 0.0009678001199340014 1.5650093983056752e-06 2.4246866861730927e-05 0.0 0.0 1.6010124970338822e-07 1.6310537137407194e-06 5.620991799455282e-07 0.0001982644152406953 0.0 1.6177213469993612e-05 7.227947180946669e-08 0.0006664564879315807 4.178192050765008e-06 1.3986119820985376e-06 1.172364417449568e-05 4.236819615391502e-05 1.0166316728383572e-05 5.638687970399442e-07 6.37613419973908e-07 2.486612920639944e-05 1.8529548758490818e-07 9.946661947366313e-06 9.737129913500164e-07 1.2809917288811432e-05 1.4267159079454826e-06 2.4850842062977988e-05 7.674556059699806e-06 0.0007368747031778336 4.501600226294762e-05 2.3910240332748032e-06 0.0 0.0 8.030993561880893e-08 0.0 6.311706856482171e-07 0.0 0.0 8.841183629222708e-08 0.0 8.74719330380617e-08 0.0 0.0 0.0 1.1905423797242879e-07 0.0 0.0 4.989702309270344e-07 0.0 0.0 0.0 7.594460638424201e-08 7.437768164702945e-08 3.645776637443793e-07 6.415862672461176e-08 1.8861025906764453e-06 0.0 0.0 2.0378211044203915e-07 1.343922921188368e-06 0.0 9.316136899839273e-08 0.0 0.0 0.0 0.0 1.3066168305366695e-07 7.050843200171109e-07 0.0 0.0 1.5858319419493002e-07 0.0 0.0 0.0 0.0
9.98620126388303e-07 6.029341178713377e-05 8.589541836250138e-06 9.836532839311259e-08 0.0 0.0 3.132993641481409e-05 1.759489262349223e-06 4.5611519234069106e-05 2.1475507409687215e-06 4.645327812777526e-07 1.3259706042612813e-07 3.0587010426986317e-06 3.5389155710279753e-06 0.0 0.0 1.4697024828026572e-05 1.3609308036167493e-06 7.62097218394999e-07 0.0 0.0025584573213860576 0.0016690645732527708 0.002127505962143139 0.0008502265291539713 1.7800751328450856e-05 6.4493405834632836e-06 0.004480513279584592 0.000481588133152392 1.270178370896057e-05 6.389265016457514e-05 3.31697730852443e-07 0.0 1.5367452475631894e-05 2.396239810226155e-05 9.114603712946169e-06 0.0007292768236113132 0.00010440647850491896 0.00010878915740974781 0.0002309369432146655 1.700129337870753e-05 2.629856352280823e-06 1.9762630975768403e-06 6.181159867510747e-06 5.9422652317115295e-08 3.499244006839465e-06 1.1732974511952705e-05 0.0 0.0 0.0 1.069348803007961e-05 7.960596270721569e-07 5.451054422642788e-06 1.827813396182344e-06 1.1661674732419597e-07 0.0 1.369918538236311e-07 2.1954130545444706e-06 0.0 0.0015214696647285182 8.87508996208766e-07 6.638706887105102e-08 5.63877925969561e-07 0.0 0.00033984315740297666 0.000749523359346791 0.000516483420520759 8.607141192260233e-05 1.7419601140532884e-07 3.078822328633892e-06 0.0005862072126016719 5.400880245955616e-05 3.9556795117050905e-06 0.00011333821949479172 7.224321299440435e-08 0.0 6.966209828290228e-07 1.634805725960087e-06 3.7974004069837096e-07 8.93376582942661e-05 1.8803875219574085e-06 1.1431451436979166e-05 4.324894361638992e-06 2.078040652430578e-06 1.5248580448614176e-07 2.456657768345542e-06 1.1805157941753005e-07
0.0001770604554255409 4.360986169112958e-05 0.0014811628309162393 1.5908191014463846e-07 5.305938530159215e-08 1.3016742880740485e-06 0.0001220055715300891 0.0001928479936826057 3.177502319404482e-06 1.140629471585352e-05 0.00012780767441876177 5.381446870268017e-07 1.3655718787923e-06 0.00046886811076336576 1.6010124970338822e-07 1.4697024828026572e-05 0.0 9.913609160118856e-05 0.0018048676727355183 5.562835291140512e-07 0.0009130611225297462 3.8516479129517904e-06 0.0015581936093587419 1.2232204051432166e-05 1.2650318812359802e-05 0.0017345752349026355 0.003553329296038031 2.4191981854392623e-05 0.00043867065537609655 0.0010409270294825135 1.983071861672908e-06 4.405972327704629e-07 6.843871637056116e-05 0.001769810179914674 7.089478092679767e-06 0.0007651374309456468 0.0014656509246590685 0.0007269022321740147 0.00021325224924852122 1.6108654225251192e-05 2.704677568797907e-06 8.3833158612978e-06 3.6768159991784646e-06 1.2913409111363906e-07 3.6985231228138544e-05 1.855336573721795e-05 0.0 0.0 0.0 2.152711115371967e-06 1.490377798648352e-07 2.94863722354341e-07 0.0 8.785918214382083e-07 0.0 3.055090584255438e-06 1.677957945931712e-07 0.0 2.0097553951696297e-06 1.6544996592821884e-05 1.4284763119522693e-06 2.69142915587463e-05 0.0 1.3264776872891298e-06 4.366692018543249e-07 9.362959627210331e-07 2.5049624252910703e-06 1.1776270039730649e-06 0.00037365267101523614 0.0005498948175570014 1.0609023882243374e-06 5.85201524269754e-07 1.981676898330414e-06 3.1778957226756024e-06 0.0 0.0 3.937528626163388e-06 7.79841359405996e-08 1.110566768895116e-05 3.2298532935666905e-06 1.6074133933112524e-05 3.779768878251499e-06 0.0 0.0 1.6637053702398059e-06 1.3200263024056795e-07
5.923764434873431e-06 4.3959118588112024e-05 1.9740269049204334e-05 3.171256071889952e-07 4.1006422764711553e-07 1.5939834134635303e-05 9.587485613486941e-06 5.623313712805085e-05 1.6329197542129724e-05 1.6639785265501724e-05 0.0013409350824940033 5.260101855638476e-06 9.307577516212652e-06 4.378690527745811e-05 1.6310537137407194e-06 1.3609308036167493e-06 9.913609160118856e-05 0.0 0.0006793527165834391 2.469667595962437e-06 2.082922122752706e-06 2.2742112097419573e-05 7.1481579309480654e-06 1.6777969458965866e-05 0.0001893619612345672 0.0010684821371120974 0.0003984355515059554 5.3604178117216965e-06 6.0904921203398995e-05 1.210384361606405e-05 0.0001289563094969803 1.3917481662603922e-05 2.6718947896867644e-06 0.0007876399625327572 4.800399292453546e-06 0.00023399317856492318 0.0006224393178377768 0.000825037000154623 0.00017479300055698343 1.1267671884186814e-05 5.1111697693779675e-06 5.961349952271795e-06 2.07305626571852e-06 0.0 2.0664107061545546e-06 5.165001765093988e-07 0.0 0.0 0.0 7.168796810803938e-07 0.0 0.0 5.3930478307529626e-08 0.0001249083461628735 0.0 0.0001761246696109711 2.078548266982713e-07 0.0 5.551359238862842e-08 7.247882132184634e-07 1.0330871615652329e-05 1.1747984487605708e-06 0.0 1.78335770591537e-07 4.2272460019262723e-07 0.0 1.5043191004301055e-06 7.179015817003299e-06 0.0001850857638258026 0.00014692622765148585 5.194821340602815e-07 1.4214546458033326e-07 5.414627628188511e-07 0.00010255860601557225 0.0 0.0 1.0267325433357211e-06 1.0559379026674312e-06 7.57925997400412e-07 6.136826095626936e-06 1.0665667628145706e-06 5.864750741771548e-07 6.946293347521211e-08 0.0 3.937442058574629e-06 0.0
1.5051604342771285e-05 3.0075013324230268e-05 0.00010083640630461066 2.686149402888434e-07 3.463234986044835e-07 7.747369651405816e-06 1.5048487426774743e-05 4.6889398619391386e-05 5.363172387612278e-06 1.262365607918015e-05 0.0006572184343766902 3.086093328396154e-06 9.591633542644363e-06 6.94359551627756e-05 5.620991799455282e-07 7.62097218394999e-07 0.0018048676727355183 0.0006793527165834391 0.0 1.9254504831508257e-06 2.021671374153324e-05 7.738408532864887e-06 6.41942337403006e-05 8.311163330776e-06 0.00018972434728193945 0.003286897634578218 0.001939322877291385 5.0361029399175625e-06 8.594831843668625e-05 6.088689448193059e-05 3.2530898858657755e-05 9.173085407819282e-06 1.1657052433339461e-05 0.0019032426808591478 6.537622302610227e-06 0.00039830463268916954 0.001019075284099481 0.0014682829881748065 0.00025669432237378795 7.928594128041575e-06 2.10604756180717e-06 4.4675422141159775e-06 2.334991961091755e-06 0.0 1.3178039750032169e-05 1.5398291882359436e-06 0.0 0.0 0.0 7.513710272923045e-07 1.3525491661408315e-07 4.442867775980856e-07 4.588249191421639e-08 4.653485444658234e-05 0.0 0.00010051011128780106 3.544148573795571e-07 7.756404572093892e-08 2.7711139586933554e-07 3.171329949336376e-06 1.7605391291194814e-05 1.4535320558657564e-05 0.0 2.1182221698780828e-07 4.045411322121756e-07 2.495254227218933e-07 9.470559233333827e-07 1.2960841098448114e-05 0.0007029315847971125 0.0006465265266879065 9.322187240789984e-07 9.48640007446304e-08 0.0 7.540129656566962e-05 1.2575996608560154e-07 0.0 1.8992090228323715e-06 7.213779932620186e-07 9.151324847832708e-06 4.77730265315666e-06 7.450079228346252e-06 1.3021323689920716e-06 0.0 0.0 9.933940786159924e-06 0.0
1.5650820133819188e-06 0.0 1.2486827784238148e-06 0.001289143073755283 4.4638845563161634e-07 0.00012900620257439102 4.98099616647304e-05 9.487938466090691e-05 0.00036662250253737525 0.0021660440918381215 9.543378636372032e-06 0.0014356065326305747 6.235972529964322e-07 5.932702048967481e-05 0.0001982644152406953 0.0 5.562835291140512e-07 2.469667595962437e-06 1.9254504831508257e-06 0.0 7.903721134579944e-07 0.0 5.613252008560629e-07 0.0004710678608789115 3.622017236084977e-07 3.4120479260472442e-06 9.203676238355611e-07 0.0012669730856648984 5.183563534411776e-05 2.3552220190428335e-06 3.4655123904367787e-07 6.013356915057186e-07 4.3945956704684935e-07 2.1806131129278698e-05 2.871076880774999e-06 0.0004000601615596323 2.119225049901434e-06 7.182913013752652e-05 2.3732814487440914e-05 0.0005181164198481441 1.7728926779419278e-05 5.179901453886962e-07 3.57240368286701e-06 0.0 0.0 4.692103987479847e-07 9.917756354443957e-06 0.0 5.095645730011485e-07 1.904291519183065e-05 3.8034277595090426e-07 1.5903299759665484e-05 3.103111657048508e-05 7.166864409967478e-08 3.4532023942714133e-06 0.0 1.4789766912950473e-07 2.761254847588237e-07 1.7348299372213068e-07 0.0 0.0 0.0 5.8869679874248935e-06 8.27822566105847e-07 0.0 1.8801507588934549e-07 0.00013119153587324043 0.0 1.8569345310615244e-07 3.128508984158698e-07 7.350941526509956e-05 1.226176653750246e-07 8.703463383375895e-07 0.0 4.1658690765483186e-07 6.203625024949952e-08 0.0 0.0 3.863238104754696e-05 0.0 5.695390272560643e-07 3.595879263545061e-07 1.092355289141841e-05 0.0 0.0 0.0
5.706651344082548e-05 1.1398545760594296e-05 0.0004950184795171153 4.621649468872367e-07 0.0 6.291019709791739e-07 0.0008363588870442824 4.3051871955768465e-05 3.97769166649789e-05 1.9134311975497875e-05 3.3982918604792587e-06 5.2099350565083977e-08 8.582325543625039e-07 0.00011908897887372246 0.0 0.0025584573213860576 0.0009130611225297462 2.082922122752706e-06 2.021671374153324e-05 7.903721134579944e-07 0.0 0.00015874330316059427 0.0074912899771213525 0.0004930254610731572 5.227137033888651e-06 0.00011741017172472667 0.0013316574413336146 0.0028786276758871604 0.00019261684430354255 0.0070977876823753085 6.183739372589536e-08 1.6285560412551724e-07 6.543540261236332e-05 0.0014887116329983599 4.520131685883062e-05 0.0029150599561947365 0.00024507418803608867 0.0023591029603621154 0.001713962322944822 6.714984205988642e-05 1.1500112322453232e-05 3.952423044007189e-06 2.9574069579063236e-05 6.247227733901045e-07 1.305591498041592e-06 7.702430234174006e-06 7.583124111271678e-08 0.0 0.0 1.7177345499496758e-05 9.9190518961687e-07 4.422620793410628e-06 6.315944478148225e-07 2.71623890414731e-07 0.0 2.672957962281656e-06 3.046729667367947e-06 0.0 0.00035890299924260725 6.134384463518638e-07 0.0 2.277216852457974e-07 0.0 0.00029383715123936036 0.0001625902994520428 6.914591597563353e-05 0.00010135752264995345 3.648483912102265e-07 1.8380417306329267e-06 6.904956958908946e-05 6.748153586188854e-05 5.064841293152611e-06 0.00016272577014979963 0.0 0.0 5.031312510846937e-07 2.618330323432136e-06 3.3504828765069e-06 5.987996829196112e-05 9.929842725053979e-07 1.1248117592925199e-05 8.838283508694432e-06 5.715010738595895e-06 9.804653872955248e-07 4.4721304292012585e-06 1.1185320009434882e-07
1.573527836844774e-06 0.001614464802496201 1.6740511857316364e-05 1.5035268236170854e-07 6.442850020810565e-07 9.249601929906192e-07 1.6823232667504774e-05 3.162037456408538e-06 0.0017395255975757753 1.5433447695940367e-06 8.196716606649812e-06 5.1216690704803255e-06 6.383879552149515e-05 7.837377894315669e-06 1.6177213469993612e-05 0.0016690645732527708 3.8516479129517904e-06 2.2742112097419573e-05 7.738408532864887e-06 0.0 0.00015874330316059427 0.0 0.00014957654736101508 0.0033407929101075674 0.0005600695988849432 5.661240198160792e-05 0.0021602485099595846 0.00016115076020177627 1.707655017937722e-05 5.2785997339653054e-05 2.5022159019934257e-05 0.0 1.7084663476817212e-05 1.0937627393186306e-05 3.7752993613980835e-07 6.893092097501738e-05 1.9243380657166837e-05 1.67143951457479e-05 1.0587833089715479e-05 5.482207972182817e-05 8.831442472215451e-07 1.374738732224032e-05 7.639213211581277e-08 0.0 1.1422945241216132e-05 2.7814944481720015e-05 0.0 0.0 0.0 4.609055656455604e-06 1.5731197856501976e-07 1.700569272549642e-06 1.4638327670925276e-07 5.78844701986202e-07 0.0 6.983304712385533e-07 3.9255847084914584e-07 0.0 0.0008814713451080482 5.327034108969963e-07 0.0 0.0 1.2401793067227433e-07 0.00010090852307240672 0.00018467340339109188 0.00030586459793073133 3.222582939606437e-05 2.1140114344821798e-07 5.084196781043046e-06 0.0007410264109325511 2.0581229779465994e-05 1.1116311591235604e-06 2.476480121478704e-05 6.348778682234064e-07 0.0 3.3277562667006453e-07 1.5263756087099107e-06 6.023054088429754e-07 1.9690570726721436e-05 6.673667586979268e-07 3.8266804720538565e-06 1.7897403868554494e-06 5.312699076143779e-08 3.7048653064756255e-07 0.0 1.1010776292558946e-07
0.00017536216735335248 3.163930666187621e-06 0.005658327351563573 5.586040224081359e-07 0.0 6.557416802984917e-07 0.00048715718104998907 0.00011955967935651333 8.564089290853589e-06 1.693741769121924e-05 5.7934394281614315e-06 3.3448152729066284e-07 1.0492070068793033e-06 0.0003010914222048787 7.227947180946669e-08 0.002127505962143139 0.0015581936093587419 7.1481579309480654e-06 6.41942337403006e-05 5.613252008560629e-07 0.0074912899771213525 0.00014957654736101508 0.0 0.00017900380890459438 1.788910486981699e-06 0.0015695436603981648 0.005633471650584619 0.000994745183488908 0.00022478363154780886 0.0028879861357404973 1.0037942628411933e-06 0.0 6.39578113479792e-05 0.0015595744983855015 7.315185296008263e-05 0.004722706066939263 0.0013493941541686885 0.0038523783690476597 0.0038147000521065954 0.00016394187171640974 1.4367621842545914e-05 4.470355146943824e-06 4.0344436564352464e-05 4.099223549563695e-07 1.0174144114480606e-05 2.8951108317022182e-05 0.0 0.0 0.0 8.168708855693104e-06 1.1043920552478444e-06 2.5440962419297823e-06 1.5340341915523578e-07 8.851003540411714e-08 0.0 5.473623811994531e-08 1.1403817949989902e-06 0.0 0.0006104592424644217 1.4755257344314283e-06 7.290954512779092e-08 1.588191732605617e-07 0.0 9.723651031646358e-05 0.00023984004082140502 0.00022679590648325902 2.4531584786497607e-05 0.0 5.22473898677183e-06 0.0005779349779280188 2.0990048145191658e-05 1.4602003079732514e-06 3.69239854032258e-05 2.0668895475253252e-07 0.0 0.0 6.025118351582898e-07 5.006856724085714e-07 2.488520937799769e-05 1.2917122517202617e-06 5.5946600597368035e-06 1.7234364218065585e-06 1.9856290958841014e-07 1.603842288040342e-07 1.1443342273092373e-06 7.838468378400137e-08
6.114578444569735e-05 0.00054292595972344 3.138128481900878e-05 0.0009418792744404898 3.616375238667196e-06 0.00012848308645307916 0.000852898131862204 0.00032883140820393476 0.005366249567442281 0.0012920530761660462 2.357111800933207e-05 0.0007189545372202268 2.4225783884475132e-05 0.0002727571702656964 0.0006664564879315807 0.0008502265291539713 1.2232204051432166e-05 1.6777969458965866e-05 8.311163330776e-06 0.0004710678608789115 0.0004930254610731572 0.0033407929101075674 0.00017900380890459438 0.0 0.00018090708332636532 5.035511572640702e-05 0.0011791765590458431 0.003737635927610978 0.0005651371039164859 0.0006003480509037668 1.2387867671309949e-05 2.2261858347027274e-06 0.00013312006199066824 0.00014277185813387673 1.6539560516771346e-05 0.00137152942536053 5.8133488152959136e-05 0.000488465137379309 0.0002067621857369724 0.0011701932621668415 6.668492549592717e-05 4.917834950386874e-06 1.769613783019705e-05 1.0587858868643362e-05 2.025397260182274e-06 9.817978349661512e-06 3.322813951464657e-05 0.0 3.0094005750027596e-06 0.0004397344248860497 3.345523624692467e-05 0.0004924250394661134 0.0001463805361301684 5.987731482527793e-06 1.4787018214832623e-05 1.610276593276726e-06 4.612953603983013e-05 1.4718183658227386e-06 0.00022758576368256468 9.045648929976746e-07 3.30913542953186e-06 1.5254005362654702e-06 1.8148129800888113e-05 0.0001618798668992222 0.00017901045316635325 5.499756239850267e-05 0.0020817638906535786 2.5519091794249646e-07 9.792335943789907e-06 8.118343005590117e-05 0.0011896298384633654 7.519516429844891e-05 0.00033801220814638636 1.0800113108571058e-06 2.81499438022529e-06 6.036960991731445e-06 3.537526459767873e-05 2.9541916080413357e-06 0.0004783620221087153 3.5096876396315742e-06 0.00012965637043412022 3.981071085064882e-05 0.00010262078364685252 2.043400342993943e-05 2.338676545026039e-06 2.2937416989030913e-06
