0.0 3.0835775760817183e-07 0.0001375274685349912 1.2967046534080032e-05 0.0 5.9699878594860585e-06 0.0011406768342971947 0.0008631517972527853 1.5106837993122443e-05 7.631670606628608e-05 8.891652141864204e-06 2.3393605992306055e-06 8.352433284119651e-07 0.0038427000148080403 0.0 6.935157264693326e-07 0.00018912436074118824 8.223847089735352e-06 3.924516822190881e-05 5.645372995337821e-06 6.332985755455515e-05 9.28547885364031e-06 0.00014503965104174167 0.00011355020310889474 8.245140981712038e-08 0.00022879943523835682 5.180829989740687e-05 0.00010893099152356212 0.002343615807776104 0.0024512475519827878 4.4170305625229195e-07 2.9382034493148246e-06 5.4621758440816496e-05 0.00031192825999208727 1.0196285113438642e-06 9.837125473123887e-05 6.11290617988458e-06 0.00016026751524897843 2.831949627367398e-05 1.057330214270704e-05 4.091511050306888e-06 3.4323315156173423e-07 1.0678449666394e-06 0.0 5.564113913983876e-08 9.106487667388444e-07 0.0 0.0 0.0 4.910333386317035e-06 3.1371117222985884e-06 5.9866170322701065e-06 1.6003949852939575e-07 0.0 0.0 0.0 4.1150987261052925e-07 0.0 2.3070839287722633e-06 0.0 0.0 1.2762073526793798e-07 0.0 3.0410848770120445e-06 1.1068876304674622e-06 6.334504547457606e-08 1.2962060105378002e-05 1.7906988770140793e-07 6.499319490747449e-08 4.807543248179661e-06 4.673052504484562e-06 8.920996194782784e-07 9.08356565017616e-06 0.0 0.0 5.330275854560367e-07 4.707157439111006e-07 0.0 5.551492427152047e-06 8.87032097929217e-08 1.3026646453590742e-06 1.1189923307203016e-07 5.987292007431725e-07 4.247602111152224e-07 0.0 3.366697486289435e-07
3.0835775760817183e-07 0.0 0.00014334522407458996 1.4581596428666127e-07 0.0 5.404016592579439e-07 4.11998288714446e-06 1.660752192125502e-06 0.0004809455540302476 4.866145701629149e-07 2.674333825650381e-05 1.4243453768090748e-06 0.00025558705741505073 1.9183895853453836e-06 8.65350076129183e-06 7.125148870813372e-05 7.877404265857233e-05 1.0789876124046237e-06 1.0111657214197344e-05 0.0 1.2384227051824638e-05 0.0022179911761577814 1.60743558579989e-05 0.00043184610943806684 0.000760354982964741 0.0005702431902772914 0.005269330521250388 1.3151474354298244e-05 6.368086551717252e-07 4.034577307156692e-06 2.5871973216764085e-05 0.0 5.547364772043512e-07 2.10178348936673e-05 4.6930755855095215e-07 4.430102906350004e-05 3.851016833928116e-05 4.248477308966724e-05 4.767903035513745e-06 1.1762940459732822e-05 2.2360150429260612e-07 2.4820889001290924e-06 7.115871480743672e-07 5.415147023756046e-08 2.3657561835510062e-05 3.149856900194245e-05 0.0 0.0 7.398530456598523e-08 7.348575150499571e-07 2.3720125301873862e-07 3.372894082335382e-07 5.732137279795119e-08 3.05235218886151e-06 1.173382584358602e-07 2.2821305074057942e-05 6.120089615943653e-07 0.0 4.2562514438193176e-06 1.1874546315130353e-05 1.133268587334992e-06 2.146010658302656e-05 0.0 1.7649469607269353e-07 7.571544012088823e-06 1.3613477623203134e-06 1.4368877414427937e-06 5.996428615029571e-05 8.628342517374331e-05 0.0010032850024146319 3.1555740107393623e-07 6.678689329246441e-07 2.032917372127646e-06 3.855013576553472e-06 0.0 0.0 3.446198422512639e-06 0.0 9.514996473536068e-06 6.570612734329102e-06 1.221879529112973e-05 2.484665495684161e-06 4.789388282223169e-07 0.0 4.03242691273062e-06 0.0
0.0001375274685349912 0.00014334522407458996 0.0 1.8078638044096314e-06 0.0 4.86286961586817e-06 0.0006319681629999112 0.0002384082305088819 2.8579711018079022e-06 1.5811293646119483e-05 5.635510485686526e-06 3.477586115640781e-07 3.3267954692652526e-06 0.00024291950672913632 0.0 4.032187807328423e-06 0.0015057635307126397 1.0600723739591202e-05 5.532713089636301e-05 1.7175033432759494e-06 0.0010046040504297423 4.167089369928232e-05 0.007261021916640138 1.0752344230949295e-05 5.113783829032105e-06 0.00496168850427421 0.004810382256117614 0.00018087965911543806 5.035848560065817e-05 0.0007886228423376649 6.541685428576729e-06 1.7131106938480424e-07 7.1625595453883425e-06 0.0004566164810475148 1.2086799195765472e-05 0.001185594803070499 0.0007179360889861511 0.0008793446315119805 0.00025008704187968436 8.35517310092546e-05 1.0775731201092632e-06 1.9356368935937934e-06 9.268708249229474e-06 3.1056133808829824e-07 0.0001356570656161146 0.00017125008500500075 0.0 0.0 1.7574798327971965e-07 1.220693408408562e-06 3.661261242425615e-07 3.910990030837622e-07 1.493192371025607e-07 3.787241006746478e-07 0.0 1.8468418318118144e-06 3.054911203137005e-07 0.0 2.875278496386931e-05 3.629532529146007e-05 1.3407239983099808e-06 1.0643783320079925e-05 0.0 2.8929640048266465e-06 2.710589149121538e-05 1.8487498879410575e-05 6.09230940388973e-06 1.7060505585870288e-06 6.049846597718015e-05 0.001103506300127264 1.9622038213296993e-06 1.496047622348545e-07 2.2911786581979487e-06 6.634638241870133e-08 0.0 7.565005210067377e-08 5.755277386447814e-06 1.3136683152952898e-07 3.272295218641103e-05 7.882795755648582e-06 1.8526133399951362e-05 2.4654046994426543e-06 6.948214767258577e-07 0.0 2.0241131825196661e-07 2.994692551385898e-07
1.2967046534080032e-05 1.4581596428666127e-07 1.8078638044096314e-06 0.0 0.0 0.00010137426708758712 0.00010466250584474375 4.5082205565124215e-05 0.00026037505758763136 0.002180560064274816 1.850100121625581e-06 0.00322889624244245 1.6728078751698216e-07 1.9242835764430657e-05 6.74793025575259e-05 7.043521531419348e-07 0.0 1.1904641648969241e-06 9.681315567207067e-07 0.0014275223800511501 3.0425538176071725e-07 7.801058296049485e-07 2.752938536934581e-07 0.0007216345588322102 2.9712440617907875e-07 2.1554492779367495e-06 6.371240478712006e-06 0.0016677028533696736 3.8094222699100905e-05 4.748972677167808e-06 9.741518677021168e-08 1.012323667855295e-06 4.400446457062848e-07 4.010162187218588e-05 1.4305991345537367e-06 0.00023786410052784282 1.3696775493278021e-06 5.685514835183448e-05 2.378235009998483e-05 0.00020028683015261423 7.984585336510739e-06 4.05668401238552e-07 3.799794619964442e-06 0.0 0.0 1.111744464316279e-07 3.5694058281310714e-05 0.0 3.791445899271259e-06 4.958773617598721e-05 2.6453364304847867e-06 4.7813615260645394e-05 1.0677780238244149e-05 0.0 5.331081579487099e-06 6.019524439183177e-08 2.526298429395849e-06 0.0 7.611014495639876e-07 0.0 0.0 0.0 2.219087078549675e-05 7.724622620499727e-08 0.0 9.19741057490777e-07 0.0002661771248384112 0.0 0.0 4.980940337459176e-07 5.7249466214580213e-05 8.466784459542566e-07 9.112862179972975e-07 0.0 9.968820793796172e-08 0.0 1.8219381704038936e-07 0.0 4.3878832095612786e-05 1.2855542392502864e-07 3.412173503101679e-06 0.0 1.413661454320044e-05 0.0 0.0 0.0
0.0 0.0 0.0 0.0 0.0 0.00015823941418574282 0.0 6.393141910158425e-06 2.0753934344553545e-06 1.5179641578099933e-07 6.306744329547504e-07 6.4454660564721405e-06 0.0 5.1523617533087445e-05 0.0006099224190097158 0.0 0.0 1.8116932003015717e-07 3.3726539980487547e-07 0.0 0.0 0.0 0.0 1.2369978620429222e-06 0.0 2.944615657536638e-07 0.0 0.0 6.019995097121385e-05 0.0 0.0 6.018315220670225e-05 0.0 0.00010909897962377383 0.0 3.4530313750120844e-06 0.0 1.2449148483340648e-05 3.6149704159521896e-06 0.0009341945590005356 8.199703969150993e-05 0.0 6.214034185139098e-07 0.0 0.0 0.0 0.0 0.0 0.0 1.5320314140120762e-07 0.0 0.0 0.0 0.0 0.0 0.0 0.0 0.0 0.0 0.0 0.0 0.0 0.0 0.0 0.0 0.0 0.0 0.0 0.0 0.0 0.0 0.0 0.0 0.0 0.0 0.0 0.0 0.0 0.0 0.0 0.0 0.0 0.0 0.0 0.0 0.0
5.9699878594860585e-06 5.404016592579439e-07 4.86286961586817e-06 0.00010137426708758712 0.00015823941418574282 0.0 0.0005159309088368022 0.004789787105530307 7.984463364076027e-05 0.0028016243711055516 4.114577267070489e-05 0.0011576335124408458 5.776791295580299e-06 0.0008855661325159279 0.0025400175578954177 3.1536311097590777e-06 1.0354535820885254e-06 2.044009975646377e-05 1.9632904268397023e-05 0.0001553621048441962 2.1023348155393787e-06 1.0101929756250624e-06 1.3962473149698853e-06 0.0003202122811857454 3.445407221998313e-07 2.8478920491818602e-05 1.9320856086432566e-05 0.0006299949300748238 0.0005136934246107066 9.932061618329897e-06 2.082001745858069e-06 9.055964524599448e-05 1.0946286013561265e-06 0.0007974294928052898 2.1080423042516139e-07 0.0003276123182656963 8.021004353930782e-06 0.0003439946807666209 8.724075819262961e-05 0.0027044490364589164 0.0003317256829753134 9.766492938321958e-07 9.980875175954601e-06 0.0 3.9082853903296854e-07 0.0 4.509056732902309e-06 0.0 0.0 1.5252981110889807e-05 0.0 9.379520495541778e-06 3.205658890224766e-06 0.0 4.759244394857856e-07 5.512691998580348e-08 4.177441857605181e-07 0.0 2.528954924245877e-07 0.0 1.4761992807811271e-07 0.0 5.549638291240182e-06 5.6342204147543e-07 0.0 4.890604460063427e-07 4.793794907802332e-05 5.2331294746067826e-08 0.0 1.6408512827468276e-06 9.882787547100897e-06 1.2641476424701665e-06 1.5772358032749269e-06 5.55232093260855e-08 0.0 0.0 5.653539300058718e-07 0.0 2.01490539242098e-05 8.802902289086844e-07 3.356186457116257e-07 1.0592769457803256e-07 9.441845350238943e-06 0.0 0.0 0.0
0.0011406768342971947 4.11998288714446e-06 0.0006319681629999112 0.00010466250584474375 0.0 0.0005159309088368022 0.0 0.0019084019089040192 0.00015754153898458236 0.0031287302633007776 9.742061077742752e-06 3.264260814733193e-05 3.336284049357467e-06 0.0028001267218565407 1.626593573416082e-05 2.6135011892483637e-05 4.195557746323475e-05 6.200656681818855e-06 8.137004666257732e-06 2.400328897422631e-05 0.00028424985169138 1.6814300025777838e-05 0.0002983698421708862 0.0011348649553400067 2.0541617059333592e-06 0.0002854008974682683 0.0005697753402991242 0.009324254152320964 0.0006277654157518803 0.0035545020731684142 1.1059255974466103e-06 5.942710918536617e-06 6.757467599316177e-05 0.00034626016228312626 7.300918020322223e-06 0.0009036391146902922 2.2666253609944514e-05 0.0005509407231960613 0.0001739767620690753 0.00015952084307112164 3.6623596469276875e-05 1.7262904711000405e-06 1.1337753424952455e-05 3.3364812172898544e-06 4.82360921036127e-06 3.6968513894541675e-06 1.6506412944139953e-05 0.0 6.724208167959166e-06 0.0003918756293441519 3.161108306030387e-05 0.00017667900938490014 2.4619831660527093e-05 6.701832217991728e-07 1.92853804946425e-06 1.4244226915056696e-07 3.337565197843977e-05 0.0 1.3156437229667006e-05 5.353538484914275e-07 7.865396205111117e-07 2.647209186667594e-07 1.1848701082820857e-05 7.805291069607123e-06 3.3709198999868506e-06 4.887677333721848e-06 0.0005760278789677355 2.2729091971099159e-07 3.468163816328555e-06 3.442008747347399e-05 0.00019786196852787056 2.2329549909481902e-05 0.00011814759519712503 6.721480746921455e-08 1.4454604205896185e-07 2.457206271856368e-06 1.4260042759386266e-05 1.3409017388211054e-06 0.00010870530836571459 1.4237732360328851e-06 3.290688985171746e-05 8.071013833554923e-06 3.899163034087009e-05 4.086580740018849e-06 1.1806520892605607e-07 1.7399298517655478e-06
0.0008631517972527853 1.660752192125502e-06 0.0002384082305088819 4.5082205565124215e-05 6.393141910158425e-06 0.004789787105530307 0.0019084019089040192 0.0 8.605887814007787e-05 0.0018227873231648596 5.33489781754082e-05 0.00030988666152936215 1.3630973443589648e-05 0.00345519875067016 0.0005764579382495013 5.462351789112648e-06 0.00019527270003443065 2.8410613062564155e-05 6.889936129637353e-05 6.883128702837435e-05 2.6548032771959687e-05 1.9354428709716423e-05 0.00010935120800645904 0.0010613337318153102 1.1465674235525205e-06 0.00042544370681107415 0.0001797933281095304 0.0004578447142917822 0.0011088736905653259 0.0005859923446660606 3.2922814854541086e-06 0.00012327527853462668 5.932979776893232e-06 0.0007490798591323718 2.2654951865405873e-06 0.00024486886930407954 1.8631311062974737e-05 0.0005181668406530849 0.00017378300750240403 0.0009216082705129491 4.752749260956719e-05 5.717563498127156e-06 6.6673135544260715e-06 1.1929013509943556e-06 7.655780426251583e-07 1.8759631541756396e-06 5.029203577419794e-06 0.0 8.584076710410195e-07 8.653254789101221e-05 4.685346301166589e-06 3.986896794092177e-05 5.4072797038283614e-06 0.0 1.480232971571044e-07 2.608868301402465e-07 1.0201893945197687e-05 0.0 8.954609119769044e-06 1.3087669808450623e-07 0.0 1.94923981510762e-07 2.034288308359204e-06 6.4867263400438716e-06 2.259392159824804e-06 2.771505226834546e-06 0.00013561965188896584 9.339104439684377e-08 2.6056646445026355e-07 9.734850657961545e-06 4.61182279091203e-05 8.024918097031144e-06 5.5623365273340464e-05 4.953181407554906e-08 4.376264619881921e-07 1.4655109017919259e-06 5.259167456988668e-06 0.0 3.2951218203815344e-05 4.6057745074493496e-07 7.584934391174008e-06 3.7896096580537186e-06 7.554039540596488e-06 1.1532483913640797e-06 8.37346328516862e-08 1.6973528011940974e-07
1.5106837993122443e-05 0.0004809455540302476 2.8579711018079022e-06 0.00026037505758763136 2.0753934344553545e-06 7.984463364076027e-05 0.00015754153898458236 8.605887814007787e-05 0.0 0.00012022923158724952 6.062678980048365e-06 0.0001208293014389138 3.8200459729745666e-05 6.264300520173777e-05 0.0003103767331758652 4.331833319624757e-05 1.4281256953855566e-06 1.0159778434341839e-06 1.6173697042819556e-06 0.00023930257881909782 4.22916759984517e-05 0.0018967224503167277 8.809438553736803e-06 0.005139711934594792 0.0001686418913610518 1.851607100467538e-05 0.00018040477739824504 0.0005126556080896166 3.319119985784491e-05 0.00016849009625474347 7.253803539880921e-06 4.6493773687969785e-07 1.8094861585204467e-05 2.425629061121131e-05 2.4804735690847308e-06 8.396503631047133e-05 3.214503918204248e-06 2.8083340731121488e-05 7.98941340489603e-06 0.00013886468695924816 3.8585153080557285e-06 6.270092148725496e-07 1.1384042014589088e-06 4.947554947289408e-06 2.6523056943585135e-05 4.726981205527197e-06 1.2524351794912695e-05 0.0 8.686831883482652e-07 0.00014008130104711358 1.2623985610364476e-05 3.079786390600052e-05 1.267787188020173e-05 6.519994474456273e-07 1.901513222775882e-06 9.743788615561633e-07 2.172151494390061e-05 1.172428515507129e-07 0.00015487929468690557 1.0972829495297723e-06 3.0872943315705123e-07 6.431966188304735e-07 1.6692699386823668e-05 0.00010295967065532288 2.5936058255934555e-05 2.2153472033562414e-05 0.0007258677907997096 8.308823557700952e-06 2.2565883514546978e-06 5.4281003257910113e-05 0.0001477948770255093 2.309101806718562e-05 0.00022617710491469156 2.237343749739821e-07 7.119994902606384e-07 4.28996782143381e-06 1.1899298318145198e-05 1.3161288615251166e-06 6.800146082493376e-05 1.5070873049277548e-06 2.5023483091863453e-05 6.181690100455637e-06 1.2842373692101003e-05 4.085470041071798e-06 0.0 6.48788526192918e-07
7.631670606628608e-05 4.866145701629149e-07 1.5811293646119483e-05 0.002180560064274816 1.5179641578099933e-07 0.0028016243711055516 0.0031287302633007776 0.0018227873231648596 0.00012022923158724952 0.0 3.0362880163640012e-05 0.0029015891382341338 3.3386950932299116e-06 0.0006446472427913002 3.7013118815837987e-05 5.071178498145991e-06 2.2123826046317275e-06 1.4320196892778694e-05 1.5798628371382803e-05 0.0011377506283216472 8.80918269996547e-06 2.8581736450179508e-06 5.386614994112707e-06 0.0012614072071940089 1.1233663813440299e-06 3.371445438565451e-05 4.385209266954948e-05 0.004821395390715654 0.00042641062083091094 4.385564283007093e-05 2.061355748720442e-06 1.924158774688877e-05 6.961671014961886e-06 0.0003441183727234671 2.1531607019519312e-06 0.0005951849499745794 1.1819290435707544e-05 0.0004720069097384424 0.00011857576776501799 0.0003311526145816183 4.832554998178127e-05 1.528961761238752e-06 1.1999823875846358e-05 0.0 3.9163908968820756e-07 7.488189401063791e-08 1.73354701179399e-05 0.0 1.2769780352608415e-06 5.997798651374392e-05 1.8169693530349033e-06 4.893509277714704e-05 1.3204113117502587e-05 2.912867773578263e-07 3.0617056485555e-06 4.0912165649473734e-08 2.306480639721762e-06 0.0 1.9241836967430083e-06 6.774891343325802e-08 0.0 0.0 1.6850007222482828e-05 7.625920243636993e-07 3.445204876282491e-07 6.23153659582211e-07 0.00021983732596618857 0.0 3.370834346346299e-07 2.98261685702434e-06 5.0917010523755784e-05 1.767420077893658e-06 5.28310699451294e-06 6.115230571018166e-08 0.0 3.3308240337919685e-07 1.007495225948314e-06 1.0448238030317104e-07 4.326893129043999e-05 7.420450770210407e-07 2.455641151572595e-06 7.427079535145691e-08 1.0671944395457649e-05 3.091046378419036e-07 0.0 7.714409592941973e-08
8.891652141864204e-06 2.674333825650381e-05 5.635510485686526e-06 1.850100121625581e-06 6.306744329547504e-07 4.114577267070489e-05 9.742061077742752e-06 5.33489781754082e-05 6.062678980048365e-06 3.0362880163640012e-05 0.0 1.2168186983248615e-05 0.0014246737524098178 7.702329990126727e-05 1.4436723550834565e-06 3.062746657800467e-07 2.9014263422313948e-05 0.002123639010527999 0.0003977719713444216 5.059424841735318e-06 1.0540434646801275e-06 8.63632055814714e-06 3.802833206037158e-06 1.4057643140520582e-05 0.00038698389573660455 0.0009491482282463059 0.0006447863393300678 6.149508154239352e-06 7.108561568308165e-05 6.155902175818853e-06 0.0001785116135916855 1.4094005726111882e-05 3.898938606799246e-06 0.0038809674334786036 4.1358368779133464e-06 0.00015243058417019445 0.002477489274209418 0.0022117286438648183 0.0003660307839430223 3.0553243434575554e-05 2.280510643439583e-05 0.0010134321662615597 6.00566088539639e-06 0.0 6.913299591098293e-08 1.7461596354283698e-07 0.0 0.0 0.0 3.432722811788358e-07 2.0906074280075992e-07 5.960333100881718e-07 0.0 6.982216357878613e-05 0.0 0.0001844970531290262 2.6177908759195917e-07 0.0 0.0 0.0 1.935803368347263e-06 9.367757932570792e-07 0.0 0.0 7.844134105411663e-08 0.0 1.1774947533437138e-06 1.7125880434078473e-05 1.723911708088367e-05 3.143989986843117e-05 3.5335290173730715e-07 0.0 2.3689864463579226e-07 1.8300356973308343e-05 0.0 0.0 1.2240950103376296e-06 2.5191079050113576e-07 3.098204943085543e-06 4.56787185929836e-05 2.4492220224661246e-06 3.626670557867321e-07 0.0 0.0 2.8235921860160785e-05 0.0
2.3393605992306055e-06 1.4243453768090748e-06 3.477586115640781e-07 0.00322889624244245 6.4454660564721405e-06 0.0011576335124408458 3.264260814733193e-05 0.00030988666152936215 0.0001208293014389138 0.0029015891382341338 1.2168186983248615e-05 0.0 1.802330003283511e-06 0.00010015443997901943 0.0008041912214417341 5.583087098523645e-08 0.0 5.096653269925437e-06 6.3912132845760885e-06 0.0022086001014299176 8.438808114254265e-08 7.247852519319786e-06 1.8900705446393713e-07 0.0008031423871706575 7.063636876595227e-07 8.219957629838228e-06 3.698839581012772e-06 0.0005749984910430203 0.00010980332723884184 2.227144332110338e-06 9.347679853696909e-07 7.889916839345447e-06 5.126422184446947e-07 0.00014043593535150388 0.0 0.0008321533827676212 2.0369310301335615e-06 0.00015473061046673045 3.7033380706023804e-05 0.0008307592493063522 2.6504199482075795e-05 7.145142529491829e-07 3.97357610599708e-06 0.0 7.380211493153108e-07 0.0 3.283726696708255e-05 0.0 8.876614862711773e-07 2.6593073163733617e-05 1.722201511979977e-06 6.25601836662721e-06 1.0439504449188705e-05 0.0 2.0814563509522652e-05 4.2360884553078e-08 0.0 6.978839080798308e-07 1.5579372899293783e-06 0.0 0.0 0.0 2.213349701232831e-05 8.193497615172881e-07 0.0 3.534024899617447e-07 0.00011622977130823332 0.0 0.0 5.281279511735041e-07 1.9100562717779332e-05 7.245596594282748e-07 1.0700351260987823e-06 0.0 0.0 0.0 6.49837581180967e-08 0.0 3.929001785143268e-05 0.0 2.024889935901938e-07 0.0 2.5874540255315897e-05 1.2368007284573575e-07 0.0 0.0
8.352433284119651e-07 0.00025558705741505073 3.3267954692652526e-06 1.6728078751698216e-07 0.0 5.776791295580299e-06 3.336284049357467e-06 1.3630973443589648e-05 3.8200459729745666e-05 3.3386950932299116e-06 0.0014246737524098178 1.802330003283511e-06 0.0 8.94560290215335e-06 8.507705263417803e-07 3.242800345821246e-06 6.97930037579281e-06 2.9785980341150483e-05 1.1287836200892526e-05 7.397429297481318e-07 3.7884542867711466e-06 7.039769391405072e-05 7.957634535810748e-06 3.445456518274762e-05 0.0027654560904973387 0.00019631227767379804 0.0021208909923278937 2.0889653923090383e-06 6.645660227249242e-06 4.624118312233864e-06 0.0002298085043301485 1.311446645202623e-05 1.0879963416316887e-07 0.0004993560386618897 7.032310528608735e-05 0.0008558716842060135 0.002854428345589753 0.0020305233351142287 0.00047213521607921343 0.00011442597476863226 0.00018103250172254087 0.001112097504503081 2.0388762984685603e-05 0.0 1.0409406715365618e-06 0.0 0.0 0.0 1.560450146369295e-07 0.0 0.0 0.0 5.1466184163889266e-08 0.00029364911770269047 0.0 0.0007876607075600594 0.0 0.0 1.2616289419184655e-05 8.482322961870213e-08 7.897278741492266e-06 9.97874213096705e-07 0.0 3.6569683533425598e-06 6.223326116794611e-07 4.437610208040238e-06 4.252698063283296e-07 0.0001378306044851253 5.484273583072563e-05 0.00012358323710273477 6.976254310699576e-08 0.0 1.0939945375530047e-06 7.371222076714789e-05 0.0 0.0 1.0831095247245009e-05 2.2161133779173e-06 7.046119110306718e-05 0.00020498085049469307 3.2913458028858515e-05 1.3707377786250926e-05 5.75968135315361e-06 6.119443466352501e-07 0.000142984415035906 6.348560812676607e-07
0.0038427000148080403 1.9183895853453836e-06 0.00024291950672913632 1.9242835764430657e-05 5.1523617533087445e-05 0.0008855661325159279 0.0028001267218565407 0.00345519875067016 6.264300520173777e-05 0.0006446472427913002 7.702329990126727e-05 0.00010015443997901943 8.94560290215335e-06 0.0 3.370907559602998e-05 6.1176306110274725e-06 0.0003409401220477459 4.292810818883953e-05 0.00011211430981957951 3.8682584934122934e-05 4.570840550017394e-05 2.7543363147782926e-05 0.0001786183965436011 0.0006122547754632986 4.23823762183498e-07 0.0005302540060289077 0.00017748516011777165 0.0003190289114814649 0.004686915857728841 0.0017401448624040517 3.956678590078505e-06 0.00021592827884491794 2.7103247077860034e-05 0.0012639622075195501 1.2812379513946606e-06 0.0004195083892155866 2.6029556926098518e-05 0.001130900774493786 0.000472214961685024 0.00027489215751078463 3.761458639425512e-05 1.6525666875310389e-06 1.165001036260841e-05 9.654803212278159e-07 6.84459521347391e-07 5.478359773858516e-07 1.2393599960406657e-06 0.0 3.5509767736753817e-07 3.7202269027856525e-05 1.898817808683038e-06 1.882231097157838e-05 1.5138635078903507e-06 0.0 0.0 2.2800058086960218e-07 6.380915562048341e-06 0.0 5.8810652808336004e-06 4.107449302417145e-07 0.0 1.1050794634836541e-07 1.1844974564247874e-06 1.038639999888998e-05 4.691442806279523e-06 2.079520226599985e-06 8.080258285022208e-05 1.2311192488761733e-07 7.920863403357028e-07 1.106356916252103e-05 3.7620337164256586e-05 4.080211203430169e-06 4.8937371959276005e-05 5.82269396432358e-08 0.0 3.6140919788030276e-07 2.3318283325527133e-06 1.4535671292807823e-07 2.5958016823319574e-05 1.115692992160747e-06 7.779716541776176e-06 2.36675633725106e-06 4.523960471610333e-06 8.670436814344829e-07 7.692407018691114e-08 5.734828954377704e-07
0.0 8.65350076129183e-06 0.0 6.74793025575259e-05 0.0006099224190097158 0.0025400175578954177 1.626593573416082e-05 0.0005764579382495013 0.0003103767331758652 3.7013118815837987e-05 1.4436723550834565e-06 0.0008041912214417341 8.507705263417803e-07 3.370907559602998e-05 0.0 9.406753081863804e-08 0.0 8.149557210430854e-07 7.876767708045487e-07 0.00011694178547746706 1.1278466838619897e-07 1.6831113318995214e-05 0.0 0.000745289140222231 3.2525681999241286e-06 1.138227177937696e-06 4.631101678054084e-06 3.700085230341278e-05 2.4453815862175485e-05 1.80610404497825e-06 1.8768011221816374e-07 5.400827113618445e-05 2.350011544477047e-07 2.599934959156604e-05 0.0 3.903980634419587e-06 2.934798992306168e-07 1.5383566947204534e-05 4.639288530761314e-06 0.0009579900157190411 1.3748856567131582e-05 0.0 0.0 0.0 5.242505899444713e-07 1.1559132754254105e-07 0.0 0.0 0.0 4.7043901156526985e-07 0.0 1.31778057444081e-06 0.0 0.0 0.0 0.0 0.0 0.0 9.92987201271302e-07 0.0 0.0 0.0 0.0 1.48438717677308e-06 1.48389339827156e-06 7.766039735954613e-08 1.1270877307202822e-06 9.807350372310383e-08 0.0 1.1011471645126382e-06 3.5702874157424916e-07 0.0 0.0 0.0 0.0 0.0 0.0 0.0 0.0 0.0 0.0 0.0 0.0 0.0 0.0 0.0
6.935157264693326e-07 7.125148870813372e-05 4.032187807328423e-06 7.043521531419348e-07 0.0 3.1536311097590777e-06 2.6135011892483637e-05 5.462351789112648e-06 4.331833319624757e-05 5.071178498145991e-06 3.062746657800467e-07 5.583087098523645e-08 3.242800345821246e-06 6.1176306110274725e-06 9.406753081863804e-08 0.0 1.1302380890802157e-05 2.989705865082699e-07 1.3710565484758528e-06 2.903883417714846e-07 0.0024751987896360953 0.0018677568432723937 0.0024127699137591655 0.001326236790979962 1.606308448893107e-05 5.1140761119016515e-06 0.003162739398423551 0.0006090874800456675 1.9519333817707692e-05 0.00016218665843794795 7.332627234052241e-07 0.0 1.788805697781503e-05 3.9402656532944803e-05 1.2567349284933733e-05 0.0009220803126109169 0.0001438147233012884 0.00013130972320577532 0.0001579573218122391 5.6881503565758834e-05 1.0316926479997783e-06 1.6070950628186742e-06 5.05016151024925e-06 4.6028830631626013e-07 5.866811311013116e-06 1.519983016787399e-05 0.0 0.0 0.0 6.709670287307023e-06 2.7029105873068444e-07 5.283475772048704e-06 2.1691867745929986e-07 0.0 0.0 0.0 6.063316551520693e-07 0.0 0.0016389828197922774 1.0042524222579711e-06 0.0 5.211994458149176e-07 0.0 0.0002481787250924087 0.0004931043444270736 0.00036470998186575944 4.269808754900043e-05 8.189464783053518e-08 3.556652027895056e-07 0.0005685979392567913 3.893983548767197e-05 8.054418101695563e-07 5.754860850085227e-05 6.852616055109775e-08 0.0 3.3326891091666793e-07 2.66649494875543e-06 1.281599185509615e-06 5.040247824691664e-05 6.021259168367939e-06 1.3376730490986426e-05 6.9277860588510665e-06 1.858572834346622e-07 0.0 3.1301193232641504e-07 0.0
0.00018912436074118824 7.877404265857233e-05 0.0015057635307126397 0.0 0.0 1.0354535820885254e-06 4.195557746323475e-05 0.00019527270003443065 1.4281256953855566e-06 2.2123826046317275e-06 2.9014263422313948e-05 0.0 6.97930037579281e-06 0.0003409401220477459 0.0 1.1302380890802157e-05 0.0 0.00032004437060631133 0.0014045126102246027 3.6973974481123093e-07 0.001145273985322254 5.8817764446656805e-06 0.0017467245245600055 4.311954626199966e-06 7.779057786901301e-06 0.002439504091147194 0.00403837429064812 9.17623080883429e-06 0.00020038467579522602 0.0012232307506765024 4.710354308220115e-06 8.89891810045678e-07 7.323612537064834e-05 0.0005421928640207143 1.4069699119806245e-06 0.00041925689749066215 0.001706709334439225 0.0003786700509611641 6.402400132554701e-05 2.135361594832732e-05 2.3476847190124437e-07 5.402167849118647e-06 1.6819637118360318e-06 1.436494912544841e-07 4.61085263272107e-05 1.8630195594112764e-05 0.0 0.0 5.0527545622254674e-08 6.715249202983999e-07 4.437947519593584e-07 6.35190473341128e-07 0.0 7.96712196099107e-07 0.0 4.6089375492320216e-06 8.716933223722062e-07 0.0 2.750339315410441e-06 1.7435056182722223e-05 3.5471263145947758e-06 4.4027651071251156e-05 0.0 2.582449369829727e-07 2.2477028371586405e-06 2.8210059913828974e-06 1.2614699813910063e-06 9.636947862237735e-06 0.0001533703968751167 0.0007368711326422002 0.0 8.646908640122396e-07 1.8658819540145448e-06 2.217026986212314e-06 0.0 1.1283495213378446e-07 4.62870040155918e-06 0.0 2.3306765724091515e-05 7.995101354559832e-06 2.055844329271621e-05 4.062365582127112e-06 8.495402403468089e-07 0.0 5.83712667071303e-07 0.0
8.223847089735352e-06 1.0789876124046237e-06 1.0600723739591202e-05 1.1904641648969241e-06 1.8116932003015717e-07 2.044009975646377e-05 6.200656681818855e-06 2.8410613062564155e-05 1.0159778434341839e-06 1.4320196892778694e-05 0.002123639010527999 5.096653269925437e-06 2.9785980341150483e-05 4.292810818883953e-05 8.149557210430854e-07 2.989705865082699e-07 0.00032004437060631133 0.0 0.0009054737760656417 2.7795713504620214e-06 5.650834895685184e-06 1.4045104648491059e-07 1.5399575537313137e-05 4.1275919017963815e-06 4.595463728835844e-06 0.0012296039881438522 0.00014659601668978443 3.325473511602039e-06 3.46474313731581e-05 1.8324300572344327e-05 1.0594398403069238e-05 6.107926860974725e-06 3.3755329486789564e-06 0.0008263939475867284 6.829858323041049e-07 0.00023522390899800396 0.0007599980542883396 0.0009868504763903068 0.00018469350702532807 1.1956313046808604e-05 1.0037621986525403e-06 4.7592342754253884e-06 1.6681432633110067e-06 1.901465145811618e-07 4.479813633880653e-07 8.406151155781399e-08 0.0 0.0 0.0 5.872320399600718e-07 5.8612182186853087e-08 1.1486520996278161e-07 0.0 1.4016002938162664e-05 0.0 2.8238770984869324e-05 1.5336628021957795e-07 0.0 0.0 0.0 1.8575751450310556e-06 2.597461678842476e-06 0.0 0.0 8.558971330115957e-08 4.7023967978308923e-08 6.453379113486833e-07 2.6861219722811574e-06 9.66339474783033e-06 2.731397589983723e-05 3.5543568015068045e-07 0.0 2.3451488931352334e-07 8.252766469958516e-06 0.0 0.0 0.0 9.636655253073382e-08 1.041906478414494e-06 6.710975131666115e-06 6.310324556418369e-07 1.0607484495070548e-07 0.0 0.0 8.298797415495717e-07 0.0
3.924516822190881e-05 1.0111657214197344e-05 5.532713089636301e-05 9.681315567207067e-07 3.3726539980487547e-07 1.9632904268397023e-05 8.137004666257732e-06 6.889936129637353e-05 1.6173697042819556e-06 1.5798628371382803e-05 0.0003977719713444216 6.3912132845760885e-06 1.1287836200892526e-05 0.00011211430981957951 7.876767708045487e-07 1.3710565484758528e-06 0.0014045126102246027 0.0009054737760656417 0.0 2.663809770015578e-06 5.5239574771681826e-05 1.0408434485631944e-06 0.00019634974901344763 6.600221159030898e-06 5.4071548016097175e-06 0.002670912225876616 0.0015937669242624426 4.065273392674601e-06 0.00011644274227358516 0.00018184305269548795 1.434251081882541e-05 8.009237662901111e-06 5.1634623868998204e-05 0.0020121650679991907 2.6087936099444103e-06 0.0005021656615539925 0.0012986733522649162 0.0018326918775832919 0.0002699777261707735 2.2563800036317106e-05 4.797275085385702e-07 2.0173018384646876e-06 3.311455401409059e-06 2.664848040101481e-07 7.58393853941343e-06 6.661794642647339e-07 0.0 0.0 7.105088811141045e-08 6.380549038522779e-07 1.5056626287996355e-07 2.1761195089040594e-07 4.425252719469938e-08 3.816729861573764e-06 0.0 1.3930453230322571e-05 4.3739383954867055e-07 0.0 3.8023611647806875e-07 1.747526269720457e-06 9.611972682159453e-06 2.3982801983555024e-05 0.0 0.0 1.4319632787012204e-07 1.7247483674804417e-06 6.144916014175216e-07 1.8435673663621698e-05 8.697370959412103e-05 0.0003869398693488867 1.592182359590077e-07 3.3282225625509786e-07 1.2781700717760288e-06 7.307055466847126e-06 0.0 0.0 1.5404940287674136e-06 2.3167463467179394e-07 3.4406769175488375e-06 3.43227901649973e-06 4.858661529088932e-06 1.4756013627149347e-06 0.0 0.0 6.905403686027894e-08 0.0
5.645372995337821e-06 0.0 1.7175033432759494e-06 0.0014275223800511501 0.0 0.0001553621048441962 2.400328897422631e-05 6.883128702837435e-05 0.00023930257881909782 0.0011377506283216472 5.059424841735318e-06 0.0022086001014299176 7.397429297481318e-07 3.8682584934122934e-05 0.00011694178547746706 2.903883417714846e-07 3.6973974481123093e-07 2.7795713504620214e-06 2.663809770015578e-06 0.0 3.914723659202783e-07 1.7813087993143553e-07 3.9746913215512397e-07 0.00036872065651099873 1.5114095820104875e-07 4.865630035615231e-06 2.4072851751922497e-06 0.0008782869464126047 6.634445951615821e-05 3.567608359323683e-06 3.065665708345495e-07 3.7234966408245676e-06 3.946400531106422e-07 6.16611005822265e-05 4.339944057627491e-07 0.0003707717298107939 6.330663113004513e-07 9.927591788158003e-05 2.351975258343531e-05 0.0004705814644948153 1.1588417563197877e-05 4.53589718584953e-07 4.3797833315943645e-06 0.0 0.0 0.0 2.2915099238519315e-05 0.0 1.3461877147455627e-06 3.44741754407308e-05 8.705043727776574e-07 1.929099685264894e-05 1.0924089650246642e-05 0.0 2.193427087238587e-06 0.0 9.68608041597289e-07 0.0 5.92856855871461e-07 0.0 0.0 0.0 2.0006028841008067e-05 5.423503347976975e-07 2.2237219718206507e-07 4.1265555808926337e-07 0.00016780843431640465 0.0 0.0 1.6373730745243707e-07 2.7443080327660398e-05 8.83478236537686e-07 8.948670889105798e-07 0.0 9.798164314734057e-08 7.765317594019516e-08 3.757266191613057e-07 0.0 3.6658423631705474e-05 0.0 9.884531373900166e-07 0.0 1.742601843901717e-05 2.3338608100450902e-07 0.0 0.0
6.332985755455515e-05 1.2384227051824638e-05 0.0010046040504297423 3.0425538176071725e-07 0.0 2.1023348155393787e-06 0.00028424985169138 2.6548032771959687e-05 4.22916759984517e-05 8.80918269996547e-06 1.0540434646801275e-06 8.438808114254265e-08 3.7884542867711466e-06 4.570840550017394e-05 1.1278466838619897e-07 0.0024751987896360953 0.001145273985322254 5.650834895685184e-06 5.5239574771681826e-05 3.914723659202783e-07 0.0 0.0004744296291518904 0.011423212141517676 0.0006746699240531651 3.4164505110728554e-06 0.0002895235802431792 0.0014490614293100332 0.0026122470514333583 7.54468897247558e-05 0.006025202491621279 5.548179736265393e-07 0.0 4.12457694676662e-05 0.0012238138754247258 5.044604610026582e-05 0.0025401059535380046 0.0001314233791628783 0.0017777481533478236 0.0010966419013862393 8.672424452060926e-05 7.792270962144457e-06 1.6043534694234878e-06 1.7560546096959348e-05 9.009189517414605e-07 1.4297273435146558e-06 1.9745873319111076e-06 7.407808391924021e-08 0.0 0.0 4.887747620199966e-06 1.5671552943436271e-06 4.926023169222714e-06 0.0 0.0 0.0 5.880519844711612e-08 1.4599304018677783e-06 0.0 0.0004291404515686724 0.0 0.0 0.0 0.0 0.0002628329477090095 0.00012265553387227367 8.602631056491621e-05 3.612565434723185e-05 1.394224793762571e-07 1.92545863790009e-06 4.592591610217897e-05 4.344622713901872e-05 1.0283454857837724e-06 6.193506857989243e-05 1.3149074627703692e-07 0.0 0.0 3.0367731529904084e-06 1.6889352881095586e-06 2.170936970581096e-05 2.2539778684662536e-06 5.109549505574119e-06 2.3978791219268865e-06 4.49824426743149e-07 2.681164798484866e-07 0.0 1.2330603595283552e-07
9.28547885364031e-06 0.0022179911761577814 4.167089369928232e-05 7.801058296049485e-07 0.0 1.0101929756250624e-06 1.6814300025777838e-05 1.9354428709716423e-05 0.0018967224503167277 2.8581736450179508e-06 8.63632055814714e-06 7.247852519319786e-06 7.039769391405072e-05 2.7543363147782926e-05 1.6831113318995214e-05 0.0018677568432723937 5.8817764446656805e-06 1.4045104648491059e-07 1.0408434485631944e-06 1.7813087993143553e-07 0.0004744296291518904 0.0 0.0003444367792750097 0.0037867543049654403 0.00043409584967290014 4.142747673191778e-05 0.0021503128790952815 0.00037066581444243163 4.4608578829291224e-05 0.00026386349770263754 1.3597139071761115e-05 5.91625178830194e-07 4.230098751638253e-05 3.565552201414795e-05 4.607619000490904e-06 0.0002575099857010984 2.2542611554737513e-05 4.725370481250352e-05 2.4111561564990737e-05 3.9502807092042046e-05 2.123247642404684e-06 1.8181078643211665e-06 2.8352173024503097e-06 5.387754960845558e-07 0.00020343919086787682 4.2853347390990314e-05 0.0 0.0 0.0 5.35511262982556e-06 4.0001881697506055e-07 7.950583948966286e-06 0.0 2.4644597067389267e-07 0.0 2.180901651294821e-06 1.78181455627009e-06 0.0 0.0009407253094442336 2.7008213302241483e-06 0.0 1.1446809973345088e-06 0.0 7.18715521712496e-05 0.00020816796907337725 0.00018760298777290992 3.610973439768443e-05 4.077825485187015e-05 9.166019614538175e-06 0.0008652526948856601 1.8814558344276463e-05 1.1430342346545534e-06 3.873138714870963e-05 7.741676075284081e-07 0.0 3.3173292532475914e-07 1.9652966281544858e-06 4.5317021937962257e-07 2.4136712278796827e-05 1.4338623917766536e-06 1.3801124157109322e-05 2.7986469099984757e-06 1.6236407771183197e-06 4.1354873861182055e-07 0.0 0.0
0.00014503965104174167 1.60743558579989e-05 0.007261021916640138 2.752938536934581e-07 0.0 1.3962473149698853e-06 0.0002983698421708862 0.00010935120800645904 8.809438553736803e-06 5.386614994112707e-06 3.802833206037158e-06 1.8900705446393713e-07 7.957634535810748e-06 0.0001786183965436011 0.0 0.0024127699137591655 0.0017467245245600055 1.5399575537313137e-05 0.00019634974901344763 3.9746913215512397e-07 0.011423212141517676 0.0003444367792750097 0.0 0.00012114226124135095 2.5107571020420833e-06 0.0018301705369223212 0.005797864819368067 0.0016116907579077037 9.835824134716665e-05 0.00364997647233548 3.991208519401819e-06 1.4458548509081533e-07 2.6958156140641532e-05 0.0009322457279469583 9.259492972382233e-05 0.004852148179732791 0.0007758920608867401 0.0022964737881000503 0.0020675944897596984 0.00041653563567965724 6.478906259876663e-06 9.167568664802548e-06 5.66270999773619e-05 0.0 3.3155523933921466e-05 0.0001191334344254311 0.0 0.0 0.0 3.935828240082638e-06 5.448736412582451e-07 8.636016404157203e-07 5.19175666655243e-07 9.371564762600599e-08 0.0 4.810314555869335e-07 1.2662721479790646e-06 0.0 0.000686351161331427 4.718407457335533e-06 4.953537627033831e-07 1.1781538173399868e-06 0.0 6.638307445471707e-05 0.00017853520843738298 0.00018744538983111103 1.4875982126583076e-05 9.260998521108385e-07 7.110579352444701e-06 0.0009729309274860308 1.3071634213153122e-05 1.0931180882261736e-06 7.926952184728337e-06 2.4515299314184445e-07 0.0 0.0 6.49428333643369e-06 4.597383243923616e-06 8.238401820079759e-05 6.32113910845863e-06 1.285393758017278e-05 4.609719343010439e-06 2.2237414636422044e-06 0.0 8.309783675886471e-07 4.5028570456423715e-07
0.00011355020310889474 0.00043184610943806684 1.0752344230949295e-05 0.0007216345588322102 1.2369978620429222e-06 0.0003202122811857454 0.0011348649553400067 0.0010613337318153102 0.005139711934594792 0.0012614072071940089 1.4057643140520582e-05 0.0008031423871706575 3.445456518274762e-05 0.0006122547754632986 0.000745289140222231 0.001326236790979962 4.311954626199966e-06 4.1275919017963815e-06 6.600221159030898e-06 0.00036872065651099873 0.0006746699240531651 0.0037867543049654403 0.00012114226124135095 0.0 0.00016008791345780297 2.698590388636185e-05 0.0009411654764504941 0.005614210352286902 0.00039198891800492583 0.0009932223547453195 7.262345203847367e-06 7.873976689573267e-06 0.00014315554683205274 0.0002790550699542293 1.5367697066737062e-05 0.0014108654627886237 3.4528150411236186e-05 0.0004444448135118731 0.0001515232326597391 0.0007314159275938607 4.564628538259009e-05 2.4151882759218786e-06 1.5457242065619944e-05 7.571663294308694e-06 1.4915088538112997e-05 5.364893900655834e-06 6.346324737097411e-05 0.0 1.1724143762084675e-05 0.00044788006828981456 3.497439819605803e-05 0.0007252926131290282 5.591834036272501e-05 6.630978759707223e-07 9.280690030792648e-06 8.63561974129523e-07 4.418168151597009e-05 0.0 0.00033261137779689676 1.6841758919017466e-06 8.174719220048068e-07 1.7346548195972885e-06 5.197212418818633e-05 0.0003187416648177527 0.0002496234240740054 6.486925624169837e-05 0.001688583188046798 3.749251180350251e-06 4.581894106566064e-06 9.510452899019738e-05 0.0005079659024554396 3.9003818074565405e-05 0.00042380778954163216 4.029672211729442e-07 1.301494719610628e-06 7.285574092741896e-06 2.8347783062714025e-05 2.0731027547276815e-06 0.0002673963473098156 1.192031341696672e-06 5.4409100812936145e-05 1.6985657570706322e-05 7.63553754703181e-05 1.2644330533992767e-05 0.0 2.3842255989573703e-06
