0.0 2.2925207150601805e-07 9.63793149834249e-05 3.8409725640518276e-06 0.0 1.4853221894423466e-05 0.0011081799642100687 0.0002531994581254019 8.475763863863864e-06 8.907707070986283e-05 1.5630110212222332e-06 1.1616707906132878e-06 1.626269173593086e-07 0.001791902986422035 0.0 4.5012106671626155e-07 9.492157748612769e-05 2.716468333282659e-07 2.8493770089533574e-05 1.6867881101308996e-06 2.880836354086543e-05 5.079119126904057e-07 0.00013413950353124675 2.4365541006061416e-05 0.0 3.751726432819486e-05 1.4634370410662055e-05 3.935808392570919e-05 0.0016712444976720896 0.0011056978614153755 0.0 1.6632701066963957e-07 1.990319593824691e-06 3.93737093867384e-05 5.109365841913922e-07 1.5952838832976068e-05 2.705493913515975e-06 2.5180184577696703e-05 4.880448077885036e-06 6.124290071711541e-07 0.0 1.238495687863149e-07 0.0 9.847587526842839e-08 1.596016318274782e-07 1.665607851389066e-06 6.944923146619253e-08 0.0 0.0 2.7429314831445004e-06 2.4449308459207397e-07 7.935936409400934e-07 4.920513424827772e-07 1.9043956562753006e-07 0.0 0.0 2.935346899036033e-07 6.339138898464253e-08 1.919883235062626e-06 5.242202527719743e-07 0.0 5.648098487461394e-08 0.0 6.388877093490539e-07 1.4094997997490954e-06 1.0382016543315824e-07 1.048046418528446e-05 0.0 1.1729479356654053e-06 4.66231141085922e-06 5.833717264615453e-06 1.4812365021326083e-06 1.4972846102869518e-06 0.0 7.483799039099142e-08 0.0 8.400997189923657e-07 0.0 3.645994930757709e-06 5.314475331545843e-08 1.5937205458220387e-06 6.383513695655464e-07 8.682623163655346e-08 1.1401556184428314e-07 0.0 0.0
2.2925207150601805e-07 0.0 4.43969291694848e-05 5.305370344842352e-07 1.0574472190346668e-06 4.2837583092346755e-07 2.718579969196388e-06 6.589714301938429e-07 0.0003324274810218846 9.536282776235198e-07 9.052842940833247e-05 2.281487388729241e-06 0.0006937242328068084 8.219496095529953e-07 1.1264954172614341e-05 0.0001250957882065774 0.00014043999806325218 8.360206987648961e-06 2.9351779642040513e-05 7.525576808994466e-07 7.263305774209942e-06 0.0018073672956298785 2.3511912705014928e-05 0.00046501162934926534 0.0013488249625614938 0.00010209014566140285 0.0013313547961213658 3.814765093401676e-06 5.863146268286909e-07 2.003936927573825e-06 5.022777718511697e-05 4.5785617080522327e-07 0.0 4.8727575964678216e-05 1.4396453410583845e-06 0.00010025904828893922 0.00011373461857993741 9.43636324779792e-05 5.308959933607086e-05 1.747581749525472e-05 9.945885785610295e-08 4.066128376818399e-05 2.839865022004128e-07 4.7956883468555025e-08 2.6801049419411678e-05 2.168512562305249e-05 6.431072687137124e-07 0.0 5.8484716986544216e-08 2.382535576552092e-07 2.196733802047824e-07 2.4347433147599655e-06 2.7248604786524117e-07 1.6016211958582776e-05 0.0 6.492806960381585e-05 1.6108293276245266e-07 0.0 7.242754590067763e-06 9.608928494727743e-06 6.466824071512616e-06 2.3759833984404072e-05 0.0 2.8671707716519403e-07 1.1331459647301949e-05 5.902878624687085e-06 1.9996616045133093e-06 4.8195108065768656e-05 0.00024029880050229217 0.00045420517429026566 2.465739947255449e-07 3.540128216680283e-07 7.57875337476319e-07 2.5899370978962208e-06 0.0 6.439105139701959e-08 5.975394047450412e-06 4.99836522402936e-07 1.0603690456208665e-05 2.1384063391683576e-05 2.0116707308869198e-05 4.27119739535422e-06 7.958626101385615e-07 0.0 2.4943666170214662e-05 0.0
9.63793149834249e-05 4.43969291694848e-05 0.0 3.04137245521741e-05 1.2098706202328743e-07 0.00019787310238011892 0.001273256041415387 0.0004349613350279919 2.633391321463631e-06 0.0002806574773112099 1.7032905930304327e-05 1.3303700973296018e-06 8.360120914259536e-07 0.0005006045898727647 3.466831960786279e-07 9.434303002630117e-06 0.0015347222503835965 7.73482469684837e-06 0.00022728237620236308 6.581567049843831e-06 0.00044062480581600916 0.00011936132782810685 0.005077169842030093 4.159495708965451e-05 5.842853276035267e-07 0.004842693391930186 0.008306510255253073 0.00026553559760885277 9.543162320447705e-05 0.0010108258420193322 4.837443926807231e-06 1.2063852761308706e-06 3.416709552118082e-07 0.00023319095757791842 6.137923253111996e-06 0.00032412427944588745 0.0005262967734049652 0.0004415934727512382 0.0001802903840580123 1.1597177540189457e-05 6.654685632681387e-07 4.393056163033418e-07 9.263747852322713e-07 1.7864049839770878e-07 9.229135328324154e-05 0.0005076035786977751 6.899895174117761e-07 0.0 1.3568569196963496e-07 6.198763533804717e-06 4.4313901490196473e-07 9.815618091744726e-07 2.8196912002123386e-07 2.0548088901567465e-06 5.19015993957084e-08 1.2045205937273651e-06 6.351263705017131e-07 0.0 2.0476192692553203e-05 0.00021168688285154008 1.5972277607331818e-06 2.8740525021374262e-05 0.0 1.9417902962605445e-06 0.00011178978875828503 7.07107460392869e-05 2.4749077210365424e-05 6.053465128377481e-07 0.0002915404062114831 0.0014298992707298583 6.740722519588659e-06 8.272340721072035e-07 3.2801825813367267e-06 4.2873298277180194e-07 0.0 0.0 1.770510692972966e-05 2.6926169070601998e-06 0.00010661732045313657 1.2927809856967173e-05 0.00012788613597558782 3.897212474761549e-05 3.0226762400763398e-06 8.611327719187085e-08 6.939512201790538e-07 0.0
3.8409725640518276e-06 5.305370344842352e-07 3.04137245521741e-05 0.0 2.19532969125342e-07 7.412064526220354e-06 0.0003042612905260418 2.9680353242596443e-05 0.0004218891439438731 0.0016912879592129429 3.448724134641934e-06 0.0004769276024729864 1.3897945804434987e-06 4.629397101866654e-05 1.7358875684590262e-05 2.791792700332938e-05 1.8654790883274654e-06 4.305356844171555e-07 1.987437139138587e-06 0.0012467181676315022 2.8712879534923957e-06 3.872131732935518e-06 4.996532345595798e-05 0.0007576361093022463 0.0 1.311023170273045e-05 7.547070073190757e-05 0.0016310969183048407 0.00010454899930929855 3.74270324754741e-05 9.615685447682256e-08 2.1578286057896318e-07 2.7791682427434516e-06 3.812007354843467e-05 1.016514576147002e-05 0.0002577466819896742 9.321693264403123e-06 0.00011617110295491737 5.5380626602888535e-05 9.418990633908414e-05 5.593827876276091e-06 2.0839497881324044e-07 1.7227144488604836e-06 5.088252148963187e-07 3.14689623912799e-07 1.8652703865150156e-06 0.0001385603283221924 2.9714780493694964e-07 4.754487753834492e-06 8.025345988776489e-05 3.568798302466645e-06 0.0001120723264143123 9.338102505103124e-05 5.437774219696701e-07 2.0853653223243127e-05 0.0 3.253656214575691e-06 1.9436095444212725e-06 1.9668011137083475e-06 3.2046232986085396e-07 0.0 5.535366464183885e-08 5.728537560967648e-05 4.6095312827938156e-07 9.095546706406309e-07 2.6269527071446373e-06 0.00019145836544226917 0.0 4.0332765454642075e-07 5.8277137517445645e-06 0.0001473288535202706 5.52498404690465e-06 1.6765288019962047e-06 0.0 0.0 9.916042674690049e-08 3.967347694215215e-06 1.6820757667758897e-06 2.448792057288821e-05 1.7343811803243985e-07 9.988667467657783e-06 2.140159827857437e-06 6.817662864332412e-05 1.198267618707082e-07 2.8879470304158497e-07 1.4558581629866256e-07
0.0 1.0574472190346668e-06 1.2098706202328743e-07 2.19532969125342e-07 0.0 5.052865318739439e-05 1.743244109605711e-07 3.576396821453879e-05 7.452594347907725e-05 1.295716846523411e-06 2.852330584165932e-05 6.030907883653776e-05 8.679014354917263e-06 2.5419798185393586e-06 0.00047912659265256073 0.0 3.938501086680239e-07 1.2907812544804966e-06 1.8630826067369564e-06 2.2806952929801873e-06 0.0 2.297582664147626e-06 5.3892477256681205e-08 1.7637165402524736e-05 2.2454156216418725e-07 1.2746623792713848e-06 2.4136023539921467e-06 9.317863360124762e-07 1.943632935764687e-05 6.448265106404043e-08 1.4394103773083253e-07 8.78403924401869e-05 0.0 0.000185133871025926 1.3750152660363175e-06 1.6922671251262804e-05 7.682060775965507e-06 0.0002046942906847675 6.203681829164313e-05 0.000840709695576505 4.441875044815001e-05 5.978923424027411e-06 1.084893965515027e-06 0.0 0.0 8.513784072009465e-08 1.3781473081017912e-07 0.0 0.0 0.0 9.562201341333581e-08 0.0 2.6267507515921175e-07 7.005482746541776e-07 0.0 0.0 1.5076008455443658e-07 0.0 0.0 0.0 0.0 0.0 3.6218820203082774e-07 0.0 0.0 0.0 2.238996171548693e-07 0.0 0.0 2.7907261937957436e-07 0.0 0.0 0.0 0.0 0.0 0.0 2.018185751649223e-07 0.0 4.4977874856042114e-07 1.4575119257952253e-07 2.0324752997044777e-07 1.7687227781598577e-06 1.7184770543236138e-07 1.1108436845993896e-07 8.382751424981955e-07 0.0
1.4853221894423466e-05 4.2837583092346755e-07 0.00019787310238011892 7.412064526220354e-06 5.052865318739439e-05 0.0 0.000873434000395748 0.004603261197787906 3.421586300615696e-05 0.005366217420517542 0.00011999176806871503 0.0010804471100094813 3.949117701786849e-05 0.0006337945408106503 0.0005642353045209953 1.50978345453637e-06 3.7936470392160794e-05 1.585214132139995e-05 3.0305299619973928e-05 0.00015239799380166764 5.794195488477343e-06 5.539259823702355e-07 6.84509906079335e-05 1.6600337666444604e-05 1.3370869039780068e-06 8.328912274486219e-05 3.846391840309572e-05 2.3024906975167402e-05 0.0002468498527480279 4.0096711484739644e-05 1.747841047479465e-06 0.0002551007721426567 2.8657014847151895e-06 0.00045519615374095415 4.194069344613204e-06 0.00020477649629794598 4.760726664720674e-05 0.0006899512354487452 0.0002578700456257617 0.0009571349082277598 0.00011956088310981893 3.5175699244684345e-05 6.8089583978294165e-06 1.0177215846563602e-07 1.3272346174993372e-07 2.187342095257609e-06 3.321053710452855e-06 0.0 7.539627369781759e-08 4.000613885701951e-06 3.295436804165281e-07 1.5973581978510841e-06 3.119150132412808e-06 3.691744813666918e-06 1.130980369644148e-06 6.572679470455872e-07 3.0942598993116677e-07 6.335213140739407e-08 2.703427045298383e-07 1.1447980228767766e-06 1.6907390592790542e-07 2.96651631657927e-07 2.216758240638433e-06 0.0 5.984799836553274e-07 1.1199510506724003e-06 5.90851005102523e-06 1.3844184212700317e-07 2.6206261776927276e-06 7.120052305596008e-06 6.9146858319368515e-06 1.033868571974967e-06 1.7855225570194676e-07 1.6737231738797773e-07 0.0 0.0 6.26020846521234e-08 4.5639021256199503e-07 9.929002425841728e-06 1.7164095599561484e-06 3.7781163554635066e-06 6.7533211478899e-06 5.366824365522333e-06 1.6099515745727388e-06 3.1225800279137296e-06 0.0
0.0011081799642100687 2.718579969196388e-06 0.001273256041415387 0.0003042612905260418 1.743244109605711e-07 0.000873434000395748 0.0 0.0011471932188725237 0.0002534836273946909 0.0023992207539513216 1.4341429347195897e-05 1.57659423949847e-05 4.571928078345127e-06 0.0031965893848522804 6.841569826412964e-06 0.00013723954812626664 5.537868138145253e-05 2.676313353995408e-06 1.9545499711172598e-05 0.00010094172826199393 0.00015442088928704082 9.659616902485086e-06 0.001300068021787645 0.0013076666588748248 1.365200427359777e-07 0.00023382822680699435 0.0007164419945732573 0.006039185961313497 0.0005978276820705411 0.0034202033692801773 4.2219900784686725e-07 1.198813698150884e-06 1.319905068663792e-05 0.0001861798537518267 2.9248022257221472e-05 0.0008645307912929826 6.262336963140182e-05 0.0006075414698647945 0.00026485620578308653 4.98336260276293e-05 2.4423951300085858e-05 5.271338210472905e-07 9.53192905113113e-06 9.120942363645899e-06 2.496314671886618e-06 1.7676399388061815e-05 0.00012053641962014656 3.305192542373089e-07 1.0382216923394469e-05 0.0005137897603598571 2.3092865687156608e-05 9.67071788653171e-05 8.825529948838902e-05 2.9219299170878055e-06 1.3148056366290306e-05 5.264095999445561e-07 2.5023295249376723e-05 1.7455158540620072e-06 1.3712076971299077e-05 4.798815888721238e-06 3.2378034247852044e-07 1.525744580374053e-06 4.3042442841091595e-05 3.5465954925047908e-06 6.520449449391846e-06 2.8514845716611656e-05 0.00044804038919544895 4.581786258711963e-08 9.326857582935414e-06 7.011376551491292e-05 0.000462399413733828 4.393786676336432e-05 2.7840452962366486e-05 0.0 3.4331533385165435e-07 2.745889471703767e-06 1.923339731430025e-05 3.1343430410298502e-06 0.0001350325334563301 4.252556824738547e-06 8.587908354960054e-05 2.196922148737796e-05 7.059713613368801e-05 1.803391311062645e-06 1.7453962715551422e-06 1.5489041917795045e-06
0.0002531994581254019 6.589714301938429e-07 0.0004349613350279919 2.9680353242596443e-05 3.576396821453879e-05 0.004603261197787906 0.0011471932188725237 0.0 3.7944864642202056e-05 0.001741367421650945 0.00010308375728457366 0.0004965849665293382 4.0079949387983404e-05 0.0034552395765970793 0.00029728378488704253 1.874111485383954e-06 0.00026012975607127644 1.071328880135168e-05 0.00010417134678489861 0.0001561683472317894 3.596611511845948e-05 1.3368914442254687e-06 0.00027246761915950473 0.00012177792701214878 4.853227036215956e-07 0.00019967286147251756 7.378400274292203e-05 0.00018218267956188108 0.0005548379306502565 0.00034091097762662656 1.3107539650121774e-06 0.00014531114508872973 3.315994936551221e-06 0.0005789647476884215 5.205705940161228e-06 0.00021901756266726476 5.03170730649667e-05 0.0006217413068503174 0.00024268247572413034 0.000983157753461274 0.00016039185004795636 3.0522315212106996e-05 6.688697508072664e-06 1.0840068969689876e-06 9.461245217740564e-07 6.224977080128482e-06 1.4734942962921747e-06 0.0 2.0651899743427018e-07 2.8055887942154928e-05 1.333073501429537e-06 6.447223697973631e-06 1.1445602313530936e-06 3.3563252903189295e-06 3.9195909161272935e-07 1.5637510576588765e-07 2.789465022918335e-06 3.9456388720673393e-07 2.3406208050643864e-06 2.4189384920894875e-06 2.952741221339676e-07 7.410743669121103e-07 5.16115037552129e-07 1.8746275500305806e-06 2.5991360111204562e-06 7.325414711300818e-07 4.819070986382516e-05 4.38555815968344e-08 3.7679338698588117e-06 1.6751345496285877e-05 2.6180421710824684e-05 6.379944063701099e-06 7.153210342820992e-06 0.0 0.0 1.0214676939228995e-06 2.267347906580513e-06 1.952706108399042e-06 1.5332922467002786e-05 1.4824708293589755e-06 8.712960036167685e-06 8.177723864031261e-06 1.7900720206137592e-06 2.6368597272016292e-06 3.1363135185239674e-06 5.425395155898304e-08
8.475763863863864e-06 0.0003324274810218846 2.633391321463631e-06 0.0004218891439438731 7.452594347907725e-05 3.421586300615696e-05 0.0002534836273946909 3.7944864642202056e-05 0.0 0.0001149024039300918 1.3842173112218256e-05 0.00046706689852421416 3.530915563707978e-05 5.8301710130973694e-05 0.0007610231938577028 3.8592684698635204e-05 2.9523131610478924e-06 1.6302892456476312e-06 2.7431119233794214e-06 0.0005227345037329313 2.122407319952216e-05 0.0012398901626917169 1.4734389672655202e-05 0.0041451998832002365 5.6582756645270644e-05 1.5229683316136712e-05 0.00040451561754798035 0.0005240766584354485 9.776027570813961e-05 0.00023221709422488677 1.1742795144703324e-05 9.176471204824042e-07 8.691008174956218e-06 4.127911682041622e-05 9.799428760535943e-06 0.0005062728847557308 8.409893785061861e-05 0.00013982128334756117 5.447368405985494e-05 0.0004872694368459518 1.651180970891912e-05 2.755589737072433e-06 1.9876150384169223e-06 5.592092419087507e-06 3.4016153004830898e-06 1.9733162112245064e-06 8.486604560639691e-05 6.354517381745183e-07 1.9062475046262322e-06 7.098363178083482e-05 5.135893885140748e-06 9.021096075757371e-05 5.3119009123000706e-05 2.182271505301905e-06 2.5610094576802875e-05 4.776461300029976e-06 1.0192839760396671e-05 5.161479092086001e-06 5.975675687239838e-05 6.832254425074145e-07 3.814771124638848e-07 5.391730793686983e-07 4.0967720651927004e-05 1.4740874743255155e-05 4.280543953102825e-05 3.6862360561485644e-06 0.0007214079528571329 1.3069092230016475e-06 5.36789954160949e-06 8.386593003925702e-06 0.00016375520397160056 3.8129186493301074e-05 4.174581022815954e-05 1.8700735943159037e-07 1.69814031237434e-07 6.0087003165687475e-06 9.562164184388167e-06 1.8430272403822589e-06 7.342088947514706e-05 5.333223119218293e-06 2.5361510826807584e-05 9.16487397195644e-06 7.963167843542043e-05 6.72571171151362e-07 1.2193679564869594e-06 2.524119212523893e-07
8.907707070986283e-05 9.536282776235198e-07 0.0002806574773112099 0.0016912879592129429 1.295716846523411e-06 0.005366217420517542 0.0023992207539513216 0.001741367421650945 0.0001149024039300918 0.0 7.755599910143972e-05 0.0018132142814405454 7.441240306803494e-06 0.0010022792405235102 2.065255792389661e-05 1.0767471779832386e-05 1.804572188115948e-05 1.336039333828867e-05 2.427217064981245e-05 0.0020221479970904976 8.818038326562092e-06 1.4654996389416577e-06 0.00011488795167194223 0.0001970179329949634 3.0418780187247013e-07 8.630084630469147e-05 0.00010308235503607019 0.00123791253995901 0.0006003433438484425 0.0001358968494812946 1.4994455181362342e-06 9.388597087561083e-06 5.238764609421083e-06 0.0004284443312187405 3.8689981234755214e-05 0.0011397173382136014 5.91315627941705e-05 0.0009560566970830941 0.0002071622959170363 0.0001652910521750126 5.382492063794257e-05 3.691436424754884e-06 1.3495725203063813e-05 1.077495532114012e-06 5.606724038878332e-07 3.4247296432725045e-06 0.00016605280488700712 2.3136366298330477e-07 7.821318830710895e-06 0.00016722405442547706 7.013091643054241e-06 7.378978284147828e-05 0.00011050604148162188 5.412087895606347e-07 1.7442604223531506e-05 7.079589927117487e-07 6.696168687969983e-06 3.0588180955528067e-06 1.9153877011510133e-06 1.1502653696702513e-06 3.156841882533004e-07 4.2339698202346573e-07 6.595347916973359e-05 1.2755067120786187e-06 6.795761764081287e-07 6.553967482397497e-06 0.00021899245868679514 5.5360923940698195e-08 4.060788799340397e-06 1.4815831391067071e-05 0.00021349662400502832 9.421204787523124e-06 4.25311921639648e-06 5.790047471785363e-08 0.0 2.894274214295369e-07 5.737819684662499e-06 3.3271940633290645e-06 6.254531330741341e-05 1.9155155326775054e-06 2.5719414519553298e-05 7.201303860271361e-06 0.00011182641573852494 6.175909786513421e-07 3.000211905490747e-07 2.5090979174483895e-07
1.5630110212222332e-06 9.052842940833247e-05 1.7032905930304327e-05 3.448724134641934e-06 2.852330584165932e-05 0.00011999176806871503 1.4341429347195897e-05 0.00010308375728457366 1.3842173112218256e-05 7.755599910143972e-05 0.0 7.497363362595998e-05 0.0022489729844237657 9.087043648079652e-05 1.1834399437153903e-05 1.362727620119491e-06 5.792325660333778e-05 0.0025752613603205127 0.0013161390362939494 2.1064165727818584e-05 5.178351976973134e-06 3.46380174159741e-05 1.933683022017533e-05 1.3918495986737371e-05 0.0005479314805958876 0.0014911538823361428 0.0007861789884233332 1.0715127654062973e-05 8.850880366144158e-05 7.0408781303767694e-06 0.00034193604004697495 0.00013314026037266648 1.6858627050538774e-06 0.0033347810142741337 1.4835916408648045e-05 0.00038214021620854764 0.003491594890508246 0.0035522696224097564 0.0006412590083793037 3.603730875903761e-05 2.7483927461850078e-05 0.0012127339665012954 1.4531526905722682e-06 1.9337066205963573e-07 1.7625486612626155e-05 2.9755131571003653e-06 2.24171867119994e-07 0.0 3.21496313365668e-07 8.14139218415112e-06 4.907961462870674e-08 1.5408318554875481e-06 7.478666508782053e-07 0.00024483565753839726 0.0 0.0006618388039269265 6.805790422840538e-07 0.0 1.5727973478612948e-07 9.085622028922878e-07 6.682531574348317e-05 1.3056158252001533e-05 0.0 1.7888874056476937e-07 5.272940467404789e-07 2.3844545845265833e-07 8.594608867168908e-06 0.00011183116132033907 0.00022842880243305422 0.00012360357733315423 8.545218342869962e-06 1.6684351038943609e-06 2.0333455793545463e-06 2.4626186357829414e-05 1.8672526073490234e-07 7.76595913887156e-08 3.7113956710444394e-06 4.038781000726977e-06 2.645063541232181e-05 0.0002264153976144291 2.2316020610056126e-05 2.512194680614103e-05 3.441835257968534e-06 2.8249661856852316e-06 0.00020628425167323953 3.7129979764524434e-07
1.1616707906132878e-06 2.281487388729241e-06 1.3303700973296018e-06 0.0004769276024729864 6.030907883653776e-05 0.0010804471100094813 1.57659423949847e-05 0.0004965849665293382 0.00046706689852421416 0.0018132142814405454 7.497363362595998e-05 0.0 5.586082285186662e-06 0.00021462478921291923 0.0009683595218787403 8.644252457008779e-07 8.467035197274195e-07 1.2241186739419438e-05 1.2796068226497085e-05 0.0019688848147432934 6.368063952479224e-07 9.460426060197928e-06 1.7801410331554684e-06 0.00012334073377520287 6.509706608126225e-07 1.1231590216914086e-05 1.3173819686616753e-05 8.34963925141737e-05 0.0001399387356077218 1.5160290127104063e-06 1.3328769348056088e-06 1.3938360167317377e-05 1.2065373618756998e-07 0.000261330863481645 2.7019083086803093e-06 0.0004067948890730998 2.801032741504691e-05 0.000439001923992043 6.661460046734055e-05 0.0011561751048178419 2.4341860526833845e-05 3.892623040991056e-06 2.880112465449194e-06 5.6484507472613585e-08 1.2295290196866176e-07 7.354645730421861e-08 7.268478499309254e-05 3.20484333979322e-07 1.1308648914487147e-06 1.1408250122467456e-05 7.568801429462667e-07 6.353247573635225e-05 5.8866682095981675e-05 9.39282897197906e-07 3.370912411456076e-05 2.389841008518304e-07 5.051663101286534e-07 8.207449699099988e-07 8.646524613512086e-08 0.0 9.5289305648139e-08 4.842342975935575e-08 3.9324560435100446e-05 6.500338557682211e-08 8.138897397030427e-07 2.582881115960374e-07 6.250139188716725e-05 0.0 1.380367538602019e-06 8.280781463751348e-07 3.980224701882893e-05 1.1895945259484734e-06 5.0255297869798236e-08 0.0 0.0 0.0 1.6508674915833882e-07 1.8135179602573042e-07 1.5951713807279605e-05 1.8100373264182224e-06 1.6602061776181607e-06 1.2592765882154777e-06 8.856260826765276e-05 3.890074291870271e-07 2.142744130172024e-07 0.0
1.626269173593086e-07 0.0006937242328068084 8.360120914259536e-07 1.3897945804434987e-06 8.679014354917263e-06 3.949117701786849e-05 4.571928078345127e-06 4.0079949387983404e-05 3.530915563707978e-05 7.441240306803494e-06 0.0022489729844237657 5.586082285186662e-06 0.0 1.1636948948143375e-05 4.858642675148885e-06 2.184119897709501e-05 4.332581666977938e-06 6.905833979852757e-05 1.838610142043513e-05 1.7347842228989663e-06 1.2228352274797995e-05 0.0001964758465089064 1.3607283070097991e-05 2.9579932481185193e-05 0.0020193682592816306 0.0004911175561190364 0.0014537972103502645 1.031675054240258e-05 5.203917098646307e-06 1.3962239980347342e-05 0.00029551016240936636 3.2347142586353146e-05 0.0 0.00029775956019473753 5.971946838703497e-05 0.0014714512239512123 0.0026791355361006114 0.001657525268017076 0.0002961828320637937 0.0002111533444544889 0.00012931466495476261 0.0010953568666609147 1.2048192009664675e-05 8.580049311169044e-08 4.398431520331079e-05 9.300114111834594e-07 2.5029213165540024e-06 0.0 8.672167309095107e-07 1.5022746773688862e-06 1.0053050003416517e-06 4.5884249016577364e-07 2.1049926736316043e-06 0.00034646045095257063 1.691067444590284e-07 0.0010095440370191807 1.5504444921912965e-06 0.0 2.342991521597508e-06 8.921099533713386e-07 8.773548858302827e-05 5.812458684623599e-06 0.0 1.8567591151218546e-06 8.909572599298068e-07 9.309541343540871e-07 4.566408652040859e-06 0.0003641904782756269 0.00036005992971084003 0.00019756318461611655 4.966444123661826e-06 1.9448242711367527e-06 4.3153472471933536e-07 4.244474402586011e-05 0.0 7.400850420321657e-07 3.333730514575758e-06 3.008261058886602e-05 0.0007985788573965026 0.0002670136291971936 6.679497716622735e-05 0.00012063845139246889 0.0001347579104074217 2.1125646499237044e-05 0.0003436298971669987 3.384014615339751e-06
0.001791902986422035 8.219496095529953e-07 0.0005006045898727647 4.629397101866654e-05 2.5419798185393586e-06 0.0006337945408106503 0.0031965893848522804 0.0034552395765970793 5.8301710130973694e-05 0.0010022792405235102 9.087043648079652e-05 0.00021462478921291923 1.1636948948143375e-05 0.0 3.4450160791290144e-05 3.175210881849222e-06 0.0003954206061431607 1.3836775615472956e-05 0.000140509108830414 0.00010331863722750242 8.69155825166002e-05 3.246710523890517e-06 0.0004687467810778469 0.00018691074697834635 2.8974588529502413e-07 0.0001991204845283796 8.432406944390808e-05 0.00028972774910631033 0.004562693915718849 0.0019473670502659036 1.7796543813942044e-06 3.706197613941073e-05 7.467884559407222e-06 0.0007517679663620062 4.229847314100437e-06 0.0001969345392401811 4.4448722634817144e-05 0.0005894817299523439 0.00014034521147111948 0.00013315261914112963 2.2707756368147742e-05 8.500689638039775e-06 2.0768525085826236e-06 1.4890196541351109e-06 7.210154900784427e-07 7.176060329173373e-06 2.194192296067192e-06 0.0 6.504658709034014e-07 3.057902465685234e-05 1.6107583020304555e-06 8.70352110959763e-06 1.503748670528882e-06 7.240082319755422e-07 4.2421367132369095e-08 9.390700385582297e-07 3.763838332605607e-06 2.909800630533576e-07 9.042946909504558e-06 2.897961925996905e-06 6.736496840113944e-08 6.417083771814825e-07 4.044420154966467e-07 5.094457649704007e-06 4.814279193091844e-06 1.8637738721579462e-06 7.642860034139112e-05 1.551614980408274e-07 4.949343178831952e-06 2.0711757990856065e-05 4.5695005631510024e-05 9.256175862295711e-06 1.1281405000169126e-05 0.0 6.099344907087924e-08 1.3839279318159917e-06 3.2868605182168374e-06 4.4557435414173816e-07 2.9213172694290982e-05 4.186683426130312e-07 1.2072680141435895e-05 4.7005320515992636e-06 2.9089257860489436e-06 5.59715881181922e-07 1.4682128109796244e-06 0.0
0.0 1.1264954172614341e-05 3.466831960786279e-07 1.7358875684590262e-05 0.00047912659265256073 0.0005642353045209953 6.841569826412964e-06 0.00029728378488704253 0.0007610231938577028 2.065255792389661e-05 1.1834399437153903e-05 0.0009683595218787403 4.858642675148885e-06 3.4450160791290144e-05 0.0 1.896552785733545e-06 1.5390174105023036e-07 1.2360076348833561e-06 5.958620671917094e-07 6.93487619216466e-05 7.162816839216303e-08 4.118928180936644e-05 8.398566839684492e-07 0.0005323481975392537 1.0276447553404193e-06 1.9073663536571662e-06 2.2693306453010616e-05 1.3126214404480882e-05 1.0865188337287735e-05 3.275472843573127e-06 5.66205266156489e-07 0.0001510414721751295 0.0 8.026114770743917e-05 2.397524554214755e-07 9.295980849657445e-05 6.424549425434547e-06 8.478305294302544e-05 3.495317494754872e-05 0.0006618716288281808 0.00010571348447392812 2.6914921197046555e-06 3.8557771547155273e-07 8.172780426936378e-08 4.5571329203263e-07 5.884167089072493e-08 2.6848953035704516e-06 0.0 6.908751882297105e-08 5.935028273798228e-07 6.294311819080334e-08 4.052941557868554e-06 2.668995750483584e-06 2.2733387550652436e-07 6.315633474582701e-07 6.188133767126951e-08 0.0 0.0 1.6793295178658807e-07 0.0 0.0 1.3839078869406773e-07 1.2409931088529898e-06 6.515565310709849e-08 1.1687498148644903e-06 0.0 3.6242991244478555e-06 0.0 4.6494432472555333e-07 3.3011356971424075e-07 2.1999080991305872e-06 1.2398348406577435e-07 2.3210437000626443e-07 0.0 0.0 0.0 0.0 9.165539031995297e-08 5.665795260352463e-07 6.02238745188994e-08 8.215890805350195e-07 3.5196415623321943e-07 5.81882191857714e-06 0.0 5.327512579853513e-07 0.0
4.5012106671626155e-07 0.0001250957882065774 9.434303002630117e-06 2.791792700332938e-05 0.0 1.50978345453637e-06 0.00013723954812626664 1.874111485383954e-06 3.8592684698635204e-05 1.0767471779832386e-05 1.362727620119491e-06 8.644252457008779e-07 2.184119897709501e-05 3.175210881849222e-06 1.896552785733545e-06 0.0 2.3507132664759366e-06 1.0187513790165343e-07 7.344916492492584e-07 3.6563775782985105e-06 0.0007454990376569694 0.001138720470017254 0.001247104083229565 0.0027266784326461842 6.253701438970033e-06 3.73028252458402e-06 0.0022610650167894856 0.0013477729445749037 8.160665654940192e-06 6.805209462001155e-05 1.2650582986026856e-06 2.1797120995142357e-07 1.483515328141993e-06 2.1513783984067158e-05 2.8189303000579333e-05 0.0013093392180603272 0.0004855117964438762 0.00031616783765419764 0.0005782786662894865 4.9121164476008327e-05 3.754628019413991e-06 4.423638445899515e-06 9.065235380808823e-06 7.684165382841945e-07 2.2028487332391576e-06 1.8608361353054374e-05 1.5226410907428242e-06 0.0 5.593451964169602e-07 1.601797957967649e-05 6.96027088796122e-07 1.5754314428257487e-05 1.0469853938324053e-06 9.794004731194708e-07 0.0 1.2165742777339302e-06 2.1506071385016566e-06 2.594702663990503e-07 0.0009975056551379297 2.396463767455666e-06 1.7172809868743722e-07 5.443097745923685e-07 1.1862669918130486e-07 0.00012852428580164784 0.0004249049537355605 0.000627590253509909 0.0003422538489718132 7.924299111020764e-08 4.500284381436094e-06 0.0001558336722127604 5.5666501419600595e-05 8.182693950872708e-06 6.731194778304636e-05 0.0 0.0 3.2767291102831375e-06 7.844879796106093e-06 3.7725872056576505e-06 9.662715363122907e-05 1.660991439446301e-05 1.4457704017388056e-05 1.7211584947018464e-05 3.1190692176904076e-06 2.497902276911456e-07 2.3993387245019906e-06 3.742034363954651e-07
9.492157748612769e-05 0.00014043999806325218 0.0015347222503835965 1.8654790883274654e-06 3.938501086680239e-07 3.7936470392160794e-05 5.537868138145253e-05 0.00026012975607127644 2.9523131610478924e-06 1.804572188115948e-05 5.792325660333778e-05 8.467035197274195e-07 4.332581666977938e-06 0.0003954206061431607 1.5390174105023036e-07 2.3507132664759366e-06 0.0 2.194984375657539e-05 0.0015156483853317974 9.136600323873397e-07 0.00012083884623613013 1.0442371784078246e-05 0.0018514750281606188 9.169425701809308e-06 1.1117672944441281e-05 0.0021289253028275884 0.0025577830864473823 1.516719028659422e-05 0.000639493648692513 0.0006186837375803902 9.74045270980295e-06 1.340757184474992e-06 7.211407642068667e-05 0.0008490369646893038 1.4956271107774926e-06 0.00012561726474735627 0.00019709794166637736 0.00034308586155717817 7.357862875950409e-05 4.623599000087653e-06 5.381065037530343e-07 2.491163894350303e-07 4.4676854718103423e-07 4.480206530241412e-07 0.0001536129856774802 7.337698070716802e-05 0.0 0.0 5.301757217689976e-08 8.169100321945891e-07 1.8272728571138729e-07 6.038742890561051e-07 9.148107827444246e-08 1.9878395030474856e-06 4.474842284074253e-08 3.259485641622958e-06 3.4530487457967086e-07 4.92151659771912e-08 3.511494904070057e-06 5.440664723842411e-05 5.171874860496417e-06 0.00012908918023718245 5.81826016922779e-08 8.12034324317669e-07 5.407496201232825e-06 3.892781622535866e-06 3.3082103545032e-06 4.641288760100135e-06 0.0006907451284135632 0.0006039969593221 8.381633565671789e-07 7.564704793417426e-07 1.8432141966155437e-06 8.963433486283698e-07 0.0 0.0 1.3598894439246883e-05 4.0855653115054265e-07 2.541999384309027e-05 1.2354711323008815e-05 3.4922028632915987e-05 6.684495408190289e-06 1.583723994412447e-06 0.0 0.0 6.403338247007975e-08
2.716468333282659e-07 8.360206987648961e-06 7.73482469684837e-06 4.305356844171555e-07 1.2907812544804966e-06 1.585214132139995e-05 2.676313353995408e-06 1.071328880135168e-05 1.6302892456476312e-06 1.336039333828867e-05 0.0025752613603205127 1.2241186739419438e-05 6.905833979852757e-05 1.3836775615472956e-05 1.2360076348833561e-06 1.0187513790165343e-07 2.194984375657539e-05 0.0 0.0007235607632594931 4.2298242435073445e-06 9.27529833805264e-07 3.922707829603881e-06 5.8438595635172805e-06 3.917150260673108e-06 2.435128006699587e-05 0.0019170137064650494 0.0004181738114423502 2.2145067188032216e-06 1.276202042222208e-05 2.4916933424455224e-06 0.00013365857532114556 1.055463403336335e-05 4.7408820139572137e-07 0.0006260855456989636 2.2792247052675695e-06 0.0001330678187588344 0.0006251532667849844 0.0007523928131047997 0.00018837626214580493 6.633762725577363e-06 5.251657996765493e-07 1.7396024938459796e-05 7.803788367265985e-07 0.0 1.4694779476075562e-05 4.445214083949397e-07 5.5914844396790835e-08 0.0 0.0 9.245270129150343e-07 6.481163424740736e-08 2.558704742191476e-07 0.0 1.7529355248508705e-05 0.0 3.569814006030854e-05 5.9376762414161134e-08 0.0 0.0 2.680618788805338e-07 5.0120210813465034e-05 1.0770249816957602e-05 2.8365709081132576e-07 5.7726352537143584e-08 2.7620519633011844e-07 1.2272960884431434e-07 1.3545024830599468e-06 1.630730078992873e-05 0.0001362377420958562 6.399869362568299e-05 1.443023076254981e-06 3.360342934527835e-07 1.6918351447323188e-07 7.366224207070985e-06 0.0 4.262387208090664e-08 1.3680196166705675e-06 1.1506593835676074e-06 6.258523920068007e-06 2.8150443149691032e-05 4.020666896925188e-06 2.933964327797287e-06 1.0418424532687039e-07 0.0 5.93178308039105e-07 0.0
2.8493770089533574e-05 2.9351779642040513e-05 0.00022728237620236308 1.987437139138587e-06 1.8630826067369564e-06 3.0305299619973928e-05 1.9545499711172598e-05 0.00010417134678489861 2.7431119233794214e-06 2.427217064981245e-05 0.0013161390362939494 1.2796068226497085e-05 1.838610142043513e-05 0.000140509108830414 5.958620671917094e-07 7.344916492492584e-07 0.0015156483853317974 0.0007235607632594931 0.0 4.849165605952328e-06 1.7520172397038646e-05 3.15620231285353e-06 0.0003292258289377365 5.593020247970491e-06 5.3885121142932305e-05 0.0031225736918466013 0.0015441290486703874 7.388114095603652e-06 0.00019658845757214736 0.0001456524870284407 6.278995834848066e-05 1.492130975083406e-05 9.891966888868616e-06 0.002842191512820284 6.0916434737034675e-06 0.00037125885987358327 0.0007852955585755993 0.0016258862591717654 0.0004972874355045914 1.005141919001071e-05 1.4095431050823022e-06 5.473656178539103e-06 7.374792849951293e-07 9.161477137168857e-08 7.22565691899181e-05 8.826336622164955e-06 5.4007325262564474e-08 0.0 1.0087892941277375e-07 1.0351604888310178e-06 4.1323413328674825e-07 7.717223591578665e-07 9.133500760807828e-08 9.623963940790398e-06 4.490590559351612e-08 1.5802295440714403e-05 5.836814201891228e-07 0.0 1.1398873960352818e-06 5.694398020888522e-06 5.6500808731142063e-05 8.785867051850178e-05 4.730173679609155e-08 2.530055880865997e-07 1.5281786309569893e-06 7.251480226899976e-07 2.743388913905042e-06 2.3146361322742307e-05 0.0006302967922857789 0.0003609108091452661 2.124638134001181e-06 5.521764105515924e-07 7.5122438563593e-07 4.321246463693651e-06 6.118032451063161e-08 0.0 7.4243780139484204e-06 1.8580792208412556e-06 1.3755430259506832e-05 1.9882340614932476e-05 2.0038310084651417e-05 6.344339137800924e-06 4.1416111787732277e-07 1.0426422284429835e-07 5.198296413808255e-07 5.072129476458066e-08
1.6867881101308996e-06 7.525576808994466e-07 6.581567049843831e-06 0.0012467181676315022 2.2806952929801873e-06 0.00015239799380166764 0.00010094172826199393 0.0001561683472317894 0.0005227345037329313 0.0020221479970904976 2.1064165727818584e-05 0.0019688848147432934 1.7347842228989663e-06 0.00010331863722750242 6.93487619216466e-05 3.6563775782985105e-06 9.136600323873397e-07 4.2298242435073445e-06 4.849165605952328e-06 0.0 5.937029327604572e-07 1.5510820662705277e-06 4.74979059562384e-06 0.00018095714144374423 1.453934307400208e-07 6.3013244754845885e-06 1.0214296288581852e-05 0.00045673609054549467 9.389278033628184e-05 8.725549381292088e-06 2.9577750623573035e-07 2.5889956593427533e-06 6.103520438017264e-07 9.189406587838505e-05 4.646087976700538e-06 0.0003382654104128597 1.5462176949380647e-05 0.0001912775619192316 3.7632449966209104e-05 0.00042119084719913344 7.654329119173538e-06 5.20605081543236e-07 1.8100022054698173e-06 7.016376825220134e-07 1.149718987250704e-07 4.6028921550868496e-07 0.00016184085414012328 6.262903535459433e-07 5.377483860180236e-06 7.902224079261668e-05 3.6349078767279214e-06 0.00010779039805434167 0.00012076373984154616 3.2031642482123063e-07 2.6505586070746175e-05 3.8086514993432994e-07 2.6121321153219044e-06 2.8235376146489835e-06 1.6663337287592085e-06 0.0 8.562305435648759e-08 4.263842299603824e-08 7.383586367489335e-05 6.926965168238901e-08 3.2847776326815065e-07 7.876037337000115e-07 0.00017645342084471333 0.0 7.930584524644181e-07 1.559816667145126e-06 0.00015632837088055246 6.188863284245715e-06 1.252299787980768e-06 0.0 0.0 1.0731693374060084e-07 1.7228331709162312e-06 1.3605016128817182e-06 3.744414895286052e-05 7.094734634313282e-07 1.103547232026335e-05 1.7506236655979504e-06 0.0001257055794947902 2.3228155426184116e-07 1.5077375482006821e-07 5.090163319965065e-07
2.880836354086543e-05 7.263305774209942e-06 0.00044062480581600916 2.8712879534923957e-06 0.0 5.794195488477343e-06 0.00015442088928704082 3.596611511845948e-05 2.122407319952216e-05 8.818038326562092e-06 5.178351976973134e-06 6.368063952479224e-07 1.2228352274797995e-05 8.69155825166002e-05 7.162816839216303e-08 0.0007454990376569694 0.00012083884623613013 9.27529833805264e-07 1.7520172397038646e-05 5.937029327604572e-07 0.0 0.00011310509398050787 0.006343403097091611 0.00019212039062963551 6.383932084961459e-07 5.3318619671528425e-05 0.0006900317784643427 0.0015908343412172534 0.00013638210121587755 0.004311131205223591 1.4357995931683797e-07 4.345019802967334e-07 2.1379388641559052e-05 0.0009958986185899554 6.669312542613255e-05 0.0030585511181170314 0.001200357803744134 0.0025616973777198506 0.0018467389741540366 9.431860993884272e-05 4.711397767708181e-06 5.812119767875461e-06 1.6270603632426767e-05 1.3859617958757198e-06 1.3691677614362423e-06 1.5094168526725532e-05 1.723647315220195e-07 0.0 2.261673178948838e-07 8.298587344267842e-06 6.420400588688216e-07 6.6542337625356925e-06 4.699673394098788e-07 5.494408183084678e-07 1.307235673307783e-07 1.2604307278612345e-07 3.137366553143651e-06 5.922841337019171e-08 0.00029990943558217927 3.0758930935398457e-06 2.939504614991544e-07 4.307880510940299e-07 1.0159163743718344e-07 7.17805969439489e-05 0.00012341339735310564 0.00013988431501546318 0.0002074495431896369 0.0 4.073172181553087e-06 5.979225070315227e-05 4.8974653270791346e-05 1.253536292188858e-05 5.8285483376200817e-05 5.782775649928506e-08 0.0 5.693296085983538e-06 5.644217372202713e-06 4.713891153061093e-06 8.339629701136398e-05 8.079189239745966e-06 1.362080232857851e-05 9.948704445723451e-06 3.0466088516795324e-06 9.195098719204927e-07 2.9215186012555496e-07 4.5147023386915946e-07
5.079119126904057e-07 0.0018073672956298785 0.00011936132782810685 3.872131732935518e-06 2.297582664147626e-06 5.539259823702355e-07 9.659616902485086e-06 1.3368914442254687e-06 0.0012398901626917169 1.4654996389416577e-06 3.46380174159741e-05 9.460426060197928e-06 0.0001964758465089064 3.246710523890517e-06 4.118928180936644e-05 0.001138720470017254 1.0442371784078246e-05 3.922707829603881e-06 3.15620231285353e-06 1.5510820662705277e-06 0.00011310509398050787 0.0 0.0002925387484171488 0.0046071529781685164 0.0004292686831876135 3.1931110298351686e-05 0.001829797265005726 3.065546010099973e-05 2.9532606429575613e-06 3.243392457545152e-05 3.2232930680067144e-05 1.2976486723917703e-07 0.0 1.3922375663871182e-05 1.343325958272709e-06 0.00011212281143243193 6.351084168053899e-05 7.569213529396156e-05 6.915153978343554e-05 6.996178279395622e-05 2.839843530924589e-07 1.414232100722405e-05 0.0 6.466146734896565e-08 8.374597176167479e-06 3.187852817907476e-05 3.3976603439757425e-06 7.730121551836991e-08 1.07796027266937e-07 4.574036248216329e-06 3.0138732030403744e-07 2.4187638201087915e-05 1.9076063912410426e-07 7.343279603413161e-06 0.0 2.537059079175418e-05 2.5714278248495666e-07 6.513878745727219e-08 0.0006900558951155326 1.3879417019750331e-05 1.1827004461716058e-06 2.5094052318064466e-06 1.8944932778067277e-07 4.4842356572310675e-05 0.00019566142600821327 0.000347732230800402 0.00016888069700641772 9.252414313385185e-06 2.4217423653703978e-05 0.00071820660424965 1.813045729737553e-05 1.274938773944706e-06 2.1103873688611747e-05 1.4978521848499697e-06 0.0 5.616901317339878e-07 5.668437536066011e-06 1.5535862617980353e-06 5.197390628632569e-05 1.5896192548574444e-05 1.8542397962570405e-05 1.0450876587949161e-05 5.292877160179858e-07 2.9006413101797467e-07 9.070087484855343e-06 4.446274499058238e-07
