0.0 5.6529210956178844e-08 2.917116635766887e-05 3.3598413263022614e-06 2.490529353097746e-07 5.214836226029955e-06 0.0013245550914683698 0.0002564223363269831 8.634415624639221e-07 2.6208412031484256e-05 4.806752454766422e-06 1.098870381538796e-06 1.1003985245849423e-07 0.0034021481207842713 0.0 0.0 5.607925242193992e-05 1.7463557537292143e-06 1.7819842431143822e-05 4.181110068987658e-06 3.008710580020746e-05 1.383487289250617e-07 0.00010507819323472614 6.501449954038414e-06 0.0 1.2701144315638662e-05 9.291968966089184e-06 4.400845135046623e-05 0.0024295575284826983 0.0020563945019013083 0.0 1.539540430903909e-06 2.2430883943800186e-05 6.236183449228543e-05 2.994166331419002e-06 3.9878159112059784e-05 2.583780826892235e-06 3.9638759621124454e-05 1.1117394470038898e-05 2.6768626642694702e-06 1.813496837126188e-07 0.0 7.925474340656426e-08 0.0 0.0 2.2434075735362472e-07 0.0 0.0 0.0 1.006593145645138e-06 5.9521787385228285e-08 4.2283826908932996e-07 1.5792402672251732e-07 0.0 0.0 0.0 0.0 0.0 8.861718585762258e-08 0.0 0.0 0.0 0.0 7.055763868146851e-08 0.0 7.474025034816886e-08 1.8417267291440136e-06 0.0 5.086450929011819e-08 1.2406988015284114e-06 4.726966576000722e-06 1.1438787624442529e-07 3.905282574895329e-07 0.0 0.0 0.0 0.0 1.69462899142754e-06 5.51239910990931e-08 1.0177798419205405e-07 5.385165756093125e-08 5.242582105833398e-08 1.7831368633258933e-07 0.0 0.0 0.0
5.6529210956178844e-08 0.0 7.283841338563047e-06 2.7683408519702105e-07 0.0 4.642254168995266e-07 1.8554093551427224e-05 5.045934991968741e-07 0.00025115453108004405 3.185608898688189e-07 0.00016307888832418083 8.554548906012985e-07 0.0013224327234094288 1.260129299537237e-06 2.2384106130016643e-06 0.0001189433465901647 5.106743662772556e-06 2.179735795212671e-06 1.0175556158362655e-05 1.7029808730556415e-07 1.0967270603144215e-05 0.001546545886821581 7.382127511105107e-06 0.0008129616874136741 0.0009992578327194892 0.0004314987554158139 0.004464937872875192 8.922382974135289e-05 1.9170640078596074e-06 2.6035434004637573e-06 0.00010244903697469592 2.2995501770825177e-07 1.1357518430242699e-07 2.184201909918657e-05 7.103262323872661e-07 3.3811553421457084e-05 5.4903470418885614e-05 6.450336691846015e-05 8.437192465820105e-06 7.967693938386813e-06 0.0 0.00015159342298757866 3.2043199068360226e-07 5.6395694660225925e-08 0.00010494894451535555 8.167869178193766e-06 7.496976910246961e-08 0.0 0.0 2.3890119205010386e-06 7.703941623926367e-08 2.330822137560372e-06 2.5246655645468187e-07 4.272407332463556e-06 8.37940817234057e-08 4.274426332467654e-05 3.794125285579413e-07 0.0 1.7640619226262855e-06 1.8318331608266244e-05 1.0245598488779115e-06 1.9246058421547583e-05 5.686337062096514e-08 5.243819708651651e-07 0.00012561292608660816 1.4040789859458266e-06 7.50870200819189e-06 1.6753158042028324e-05 0.0001663879606301769 0.0008446867470683723 8.02854515852955e-06 4.3436772464745604e-07 5.195002098286704e-07 6.7206658655205645e-06 0.0 0.0 3.1622320347134587e-06 1.8387251561252004e-06 1.1549339436794972e-05 1.5720456603032495e-05 7.954647856280421e-06 5.607915355438056e-06 5.232836663238159e-07 0.0 1.5598526378587e-06 9.635036963446472e-08
2.917116635766887e-05 7.283841338563047e-06 0.0 2.484316506692765e-06 0.0 7.388561591634965e-06 8.55199977904449e-05 0.0001343628046303471 6.321767318991929e-07 1.3088903241572624e-06 1.726285766469716e-05 5.916441306692241e-07 1.263171510389333e-06 0.00013610581127085326 1.2967870026748057e-07 4.49365894136151e-06 0.0030941408344076315 7.751452588579628e-06 0.00039166639304913245 6.87740805102172e-07 0.0007894924885342628 4.5645283004437804e-05 0.005164951411251429 8.124574507403705e-06 8.152158931861448e-07 0.006037497986137448 0.003216312634953532 4.06940892266004e-05 5.7409273483068764e-05 0.0004644067709456144 2.7743536590939192e-06 6.400556259109199e-07 4.016285882291672e-06 0.0008381083422013148 7.073470179435992e-05 0.0015719500776814428 0.0006221696017564659 0.0012348886163803625 0.0004321625077096549 4.8208750001968655e-05 1.4232515256209103e-06 8.810591462349261e-07 8.655761058645286e-06 2.2447708265674137e-07 1.955193193218947e-05 9.76438163953738e-05 0.0 0.0 1.8115976289801234e-07 2.627212215642329e-06 9.404857682545711e-07 5.686678198972642e-07 2.770325193313417e-07 1.051402233748954e-07 0.0 1.8496952309157528e-07 1.1596828537793396e-06 0.0 1.9338794824397183e-05 1.6603698580838796e-05 0.0 2.817714568085163e-06 0.0 3.01103623601442e-06 5.030629813962229e-05 3.1613372295806383e-05 2.908252338158726e-06 9.407319253062963e-08 5.2226534513314155e-05 0.0007105570708269406 6.967048764010325e-06 2.575636660772355e-07 1.678313539971153e-06 2.6820174728840245e-07 0.0 0.0 3.4611679794170413e-06 4.7284195356033654e-05 2.4638233099264822e-05 1.211562209893668e-05 7.211437634181334e-06 7.08436846704961e-06 0.0 0.0 6.152199897167253e-07 0.0
3.3598413263022614e-06 2.7683408519702105e-07 2.484316506692765e-06 0.0 1.147858965943456e-06 6.392715605997603e-05 0.0002758336908484301 4.432846039355815e-05 0.0005556454314124743 0.0017838506537286097 5.817641966081113e-06 0.0009067207292776651 9.542721467235583e-07 6.809144634637628e-05 8.726334158516413e-05 5.739438688855279e-07 2.825694478482003e-07 8.162544664123379e-07 9.962432746098387e-07 0.0009212206798321238 3.355955571893388e-06 7.787145192798194e-07 2.077480939984201e-06 0.000654934178744234 7.684452896191472e-08 2.1300803499184094e-06 2.22257119980384e-06 0.002244084465360226 8.860443044087655e-05 3.1181621340400695e-06 5.187595898477393e-08 1.7303829666275055e-06 1.3099560942684823e-06 4.907862212830984e-05 1.0563484112311398e-05 0.0001666291143525583 4.992656850824337e-06 9.161074665166935e-05 3.740056450773074e-05 0.0002584085017082681 3.950329384399557e-07 5.383541088484381e-06 3.7259579048784894e-06 2.229237146399669e-07 3.4425525810706406e-07 3.8641701445338106e-07 0.00013742349776146593 0.0 4.387752346615895e-06 9.276660906585004e-05 2.0102617938035083e-05 9.34650794627992e-05 0.00015310324565879935 2.4357543218087096e-06 7.78873784678659e-05 1.1602200645333853e-07 1.9004987713741945e-05 3.668862983180068e-07 1.9453641034819692e-07 0.0 1.0796159189604713e-06 0.0 0.00014117659981452725 0.0 3.689959274215882e-07 1.1757055902926097e-07 0.00015054310490546246 1.161218440047233e-06 7.456616612049344e-07 2.183622943337847e-06 0.0001992837678049276 1.1020362335811695e-05 6.728247181684295e-07 0.0 6.198914506132158e-07 1.5209917712883845e-07 1.0781044599498074e-05 2.3745293009123776e-06 1.3060649872123185e-05 7.060980509438296e-07 2.4081212920342296e-05 5.1345530278638625e-06 5.409271379220996e-05 1.6252023125350623e-07 1.6839824314159484e-06 0.0
2.490529353097746e-07 0.0 0.0 1.147858965943456e-06 0.0 0.0002945864899593494 3.07599559677219e-06 1.768835228802322e-05 1.1263709353424031e-05 2.1345824419221377e-06 6.355078799896877e-06 1.830920703392258e-05 1.1093391499510456e-06 5.146529538422305e-06 0.0005061591368059176 0.0 5.39895276022423e-08 3.614354738533002e-07 1.4098069096901697e-07 5.4120835224620924e-06 9.727053393165023e-07 7.474791880827835e-07 2.0759938533177195e-07 5.140831754332398e-06 6.219846916842205e-08 9.094178469806316e-07 0.0 1.2593803258883043e-06 8.584256907956121e-05 3.3610975867963607e-06 1.2854280853503657e-07 0.0001406308778939081 0.0 6.986748424019715e-05 6.58799712771776e-05 3.5420717433594334e-05 1.7512516806190395e-06 0.00015453375284992405 0.00020633532460017634 0.0005587827209694784 2.472678041808098e-05 3.2761204599913797e-06 4.216132606337636e-06 0.0 0.0 0.0 0.0 0.0 0.0 0.0 0.0 0.0 0.0 0.0 0.0 0.0 9.655979816241519e-08 0.0 0.0 0.0 0.0 0.0 9.148915102700958e-07 0.0 0.0 0.0 0.0 0.0 0.0 0.0 5.393336212966689e-07 0.0 0.0 0.0 0.0 0.0 2.289509982906096e-07 1.0853588094056562e-05 6.374713910992797e-07 0.0 1.385718529810267e-07 1.794206552155432e-06 0.0 0.0 0.0 0.0
5.214836226029955e-06 4.642254168995266e-07 7.388561591634965e-06 6.392715605997603e-05 0.0002945864899593494 0.0 0.003016337507682094 0.002847762621527358 3.0068463355997923e-05 0.004046088088367631 9.025077525714587e-05 0.0011970892895478483 1.2017585880568166e-05 0.00040379616982577995 0.0014089497742107114 1.6437098294726984e-06 4.640540484769338e-06 1.6409270392777343e-05 1.0742690903270323e-05 0.00036507516592274773 1.4003523028942384e-05 5.770951822662471e-07 1.3680266031404541e-05 5.969518256905591e-05 4.872584730681218e-07 2.040182025514916e-05 9.021479263048878e-06 0.0008382167807384642 0.00028971906234576025 5.912977058694722e-05 9.920287196558376e-07 0.00011180927274998383 1.4491100244497726e-06 0.00027153339177490637 1.4725680337807523e-05 0.0003138537712455368 1.6934954155079146e-05 0.0005237971372435603 0.0005009545459912387 0.00150420172378071 3.2832032654077515e-05 8.033569708606079e-06 1.0055015192917873e-05 0.0 0.0 0.0 5.569395724986825e-06 0.0 3.760235714452114e-07 1.0761224180227571e-05 1.161865184821017e-06 4.238087219500941e-06 5.129483011568468e-06 2.5245888022773236e-07 4.527696220527559e-06 1.7466037618778256e-07 1.1404997684613862e-06 0.0 8.121673005804464e-07 0.0 0.0 0.0 4.388322544865741e-06 1.6958850448059037e-07 2.4194241047263413e-07 0.0 1.2077446397109098e-05 0.0 2.5135389620391094e-07 8.757888835425249e-07 2.74961756272224e-05 4.2120110118296167e-07 9.129293907193518e-07 2.187587854791908e-07 0.0 0.0 1.5337927578111966e-06 2.7142849308299845e-06 4.0955657427960854e-06 1.3723899547852908e-06 4.645824123686328e-06 5.017103942213513e-06 5.6994372359291796e-06 7.530798564672637e-07 7.602894991286075e-07 0.0
0.0013245550914683698 1.8554093551427224e-05 8.55199977904449e-05 0.0002758336908484301 3.07599559677219e-06 0.003016337507682094 0.0 0.003677843951019471 0.0005163655040318377 0.007265795652905227 5.7638170053070034e-05 0.00026294953571184105 7.6051329458474884e-06 0.005067812824304118 4.1153345168949416e-05 7.164757282590586e-05 3.0366331951332806e-05 1.2814096118253766e-05 1.752877895554925e-05 0.00020075259232620873 0.0002457135696910407 4.981919747148503e-05 0.00022288208695743424 0.0014651076302645938 3.4301029965976002e-06 7.032295191061016e-05 0.00021326275086401805 0.009474124684936188 0.001420219181965257 0.003761628024729308 8.438371519608859e-07 1.960154093178002e-05 8.337786178586761e-05 0.0005803498758180797 0.00012572891223614976 0.001573559492968116 3.536823693829672e-05 0.0008281023783316099 0.0003191137237942897 0.00026267930313867154 4.915375005616589e-06 4.067216344998836e-06 1.7328130991335503e-05 2.7322671332236368e-06 2.403249565323632e-06 6.5099954068959576e-06 4.235264726513942e-05 6.937288058016345e-07 1.1122922276833574e-05 0.00037970084227441727 6.0854304165081316e-05 0.0001574953109532884 4.0484370257665e-05 6.047788820424523e-06 2.503039160785814e-05 1.3702169180622467e-06 5.838329144424891e-05 2.8994860826674167e-06 1.1197234000409933e-05 1.4908301798434763e-06 1.7959529649824916e-06 5.654994151534494e-07 2.167827012794233e-05 7.750208841327887e-06 7.71943719048386e-06 5.410121303668392e-06 0.0005840973693409885 6.200646036830635e-07 6.979020476387564e-06 2.283410681230776e-05 0.0010414253745030014 4.7586845990493264e-05 1.3397189344175198e-05 4.944485519222768e-07 2.07517258333234e-06 2.479115248059599e-06 3.52952849769884e-05 2.648283141904393e-05 6.135910308856857e-05 2.8794458402479847e-06 9.114428000087597e-05 2.96379140429409e-05 2.892296172094797e-05 3.4646233689019553e-06 2.348070282952964e-06 1.0846091039477916e-06
0.0002564223363269831 5.045934991968741e-07 0.0001343628046303471 4.432846039355815e-05 1.768835228802322e-05 0.002847762621527358 0.003677843951019471 0.0 2.848573309370035e-05 0.0016250439423594711 9.77222836416046e-05 0.00044454184071716457 1.1930531305267019e-05 0.004134892129670879 0.00024619074276692313 3.139910999294641e-06 0.00012058987442770576 1.7596683666033452e-05 5.1804368809426975e-05 0.00019400863139016933 0.0001305103209048946 1.2367116812266225e-06 0.00029561372252460716 0.00013695074181698655 6.391573606508418e-07 8.331214405358439e-05 5.360120514891114e-05 0.0006804525691474122 0.00046397414521101007 0.0013347127667341383 1.1548582739455068e-06 4.0754144561380095e-05 5.109216145700122e-06 0.0003696978602887915 2.6948174885518265e-05 0.0006421527600414773 3.702875163802387e-05 0.0006043068637018311 0.000556337853391338 0.0009353069257531498 4.358412240901925e-06 8.572497240668962e-06 1.8141115225415612e-05 4.690323616914579e-07 6.264755951233164e-07 1.2509589137818083e-06 6.034265491884445e-06 0.0 9.84804699710516e-07 5.139576330499572e-05 4.992525832861944e-06 1.1615774937289612e-05 6.586097706415083e-06 6.447930100200773e-08 4.377373125554901e-06 2.1269607209303207e-07 5.223369428854725e-06 5.957951226669612e-08 2.672040289355239e-06 1.0553282851131282e-07 2.5534241022200423e-07 2.5817056696138925e-07 3.0484431846403246e-06 1.1877188121151818e-06 1.2993120412202728e-06 1.9343132017756105e-06 5.110039052762795e-05 1.211765863776016e-07 6.179308585410215e-07 6.679100809608424e-06 0.00010158071109676806 4.063535423737531e-06 1.5799914889428192e-06 5.844862583119504e-08 3.2639690229346033e-07 8.155536773763034e-08 4.595487319400976e-06 7.1130083360361786e-06 1.0272623916496381e-05 1.418661215258563e-06 1.1339988969902266e-05 8.493909103572237e-06 5.2826050383872405e-06 5.782874655726111e-07 6.975095395878398e-07 0.0
8.634415624639221e-07 0.00025115453108004405 6.321767318991929e-07 0.0005556454314124743 1.1263709353424031e-05 3.0068463355997923e-05 0.0005163655040318377 2.848573309370035e-05 0.0 9.649466182557628e-05 9.492697002109288e-06 0.00013723845517829862 3.5896590875495684e-05 1.3542108125110521e-05 0.00048641828487256035 1.9792002033672194e-05 4.553536143663888e-07 5.068079461222985e-07 9.673154629718985e-07 0.00048652595436740853 1.0029666500842295e-05 0.0014498229087211458 6.775068312860952e-06 0.00515387177516227 3.823003253521114e-05 1.5413994357282436e-05 0.0001941168961874205 0.0008676517292784085 2.3007049439623302e-05 9.000587795236332e-05 3.2301860344278113e-06 5.205914422306321e-08 2.0216910502206944e-06 1.7123967280659563e-05 5.583161935561061e-06 8.815010995863333e-05 4.764710195569706e-06 2.77303164107974e-05 1.4381266290969857e-05 0.0003629810513540733 6.081789962209627e-06 4.193600019454579e-07 1.6566706920837266e-06 9.520363582475475e-07 1.982582525009571e-06 1.3462472241286483e-06 8.136286978624113e-05 0.0 4.078495121478344e-06 7.859158640649635e-05 1.5312542230866105e-05 4.2752413661119376e-05 5.641305474735868e-05 1.1720812720358719e-06 3.210098549772078e-05 1.6908184718096135e-06 1.2815227244166835e-05 5.074290128597831e-07 9.146508266831746e-05 2.0079041237579906e-07 5.380506256130364e-07 7.269411947718433e-08 6.53327138048098e-05 5.098953913962365e-05 3.235567634341324e-05 2.4539696907825553e-05 0.0006598985133682563 5.600128243901565e-07 3.1774140625665836e-06 7.076791560725076e-06 0.00040967623376048274 1.2025470716212554e-05 7.117249781516513e-06 1.6802591981358306e-07 3.76140307051672e-07 2.2927055198112708e-07 6.261492933432397e-06 8.717367893085227e-07 1.0508350719020893e-05 9.793771455616835e-07 1.8619108893842354e-05 4.466751310718852e-06 1.1494016122689862e-05 8.79320539082151e-07 0.0 4.791115712945675e-07
2.6208412031484256e-05 3.185608898688189e-07 1.3088903241572624e-06 0.0017838506537286097 2.1345824419221377e-06 0.004046088088367631 0.007265795652905227 0.0016250439423594711 9.649466182557628e-05 0.0 6.324659717423103e-05 0.0013413979046049854 5.042128903764574e-06 0.0009104896932202968 3.4238727438410107e-05 5.49081864269249e-07 2.2450117021678806e-06 1.6967873846365882e-05 9.963459336816295e-06 0.0030087340257291284 1.5396807518147576e-06 4.226182301948427e-07 3.336611005340269e-06 9.672392945636256e-05 4.785036564062917e-07 1.6523513926613723e-05 5.78338903197031e-06 0.0016259306953761716 0.0005616256663937304 1.15539607152747e-05 8.925610208809324e-07 1.600213456434605e-05 4.414728372915313e-06 0.00030840544723301184 2.9319836505105057e-05 0.0005694546247066831 2.6420580644522458e-05 0.00048326910758860977 0.00013548360676896482 0.00011961516998142008 4.790361168746438e-06 4.302298452332365e-06 1.016713820681491e-05 1.227999077340648e-07 2.474980570740949e-07 6.292979569370167e-07 0.00010720362312873556 1.7760743893394052e-07 3.9692060031525344e-06 7.603925082691408e-05 1.5629470056309064e-05 4.1226660312014974e-05 0.00010938406743236035 2.2639887073289428e-06 7.843539759972135e-05 6.555085654610813e-07 1.7793799996282127e-05 4.833425833197239e-07 0.0 0.0 1.5687969308992878e-07 3.4346765305853665e-07 8.933468104737389e-05 2.4655993497965324e-07 4.964742818933077e-07 2.5129403112650896e-07 0.00010667667678027991 4.7996927207485183e-08 2.622057618458422e-06 3.2472896475562647e-07 0.0001646171906129026 1.1634156885997653e-05 7.803161625226263e-07 1.5544819542389255e-07 3.135083446487021e-07 8.065605395414112e-08 8.952468252492953e-06 4.705932799397761e-06 1.3473091673451627e-05 5.322550009126286e-07 2.1736433589924937e-05 7.600180105279496e-06 3.341942582057239e-05 1.105987421891784e-06 3.4762969554374825e-06 1.0915607667008385e-07
4.806752454766422e-06 0.00016307888832418083 1.726285766469716e-05 5.817641966081113e-06 6.355078799896877e-06 9.025077525714587e-05 5.7638170053070034e-05 9.77222836416046e-05 9.492697002109288e-06 6.324659717423103e-05 0.0 5.425071619497875e-05 0.0009243805802528142 9.282388924394407e-05 1.4514956784201124e-06 2.502561672717102e-06 0.0002465489949323294 0.0021638316774237037 0.001057429206997833 4.586955306628703e-05 2.9043851240601153e-05 2.895585195433623e-05 7.208406209312658e-05 2.1039447781308685e-05 0.0003231535208939448 0.0012409610328712084 0.00015920387097626663 2.7455042446453122e-05 0.00020713394666109787 4.088645455919522e-05 5.3586062986522205e-05 6.785720120667492e-05 1.7091183250179623e-06 0.0033708504184655264 7.901550069792583e-06 0.0002680539142078414 0.0016555487872005235 0.002338066568826158 0.0002451501057402979 2.5404098240293195e-05 1.7511078905196198e-05 0.0006223849554729544 1.0564823508198774e-05 1.1280156388096172e-07 1.1172757619403823e-05 6.37613774537662e-07 9.436690853313473e-07 0.0 1.1107214317404165e-07 5.329920783514992e-06 9.736755772946911e-07 1.4224827767341422e-06 6.582227395073243e-07 0.00012699600195770973 9.35629913944667e-07 0.0008298063000020049 1.4567776776708628e-06 1.3641036727515203e-07 5.714593689303872e-08 1.2901155890865404e-07 1.5049811639903784e-06 4.229632634357464e-07 2.863672816273233e-07 1.247706571071242e-07 7.646690433405462e-07 0.0 7.617276607434358e-06 0.00013203359120816894 0.00012410779199353652 0.00013358147147346898 1.898440557457495e-05 3.0496972100104444e-06 6.723215995274411e-07 8.356988199892326e-05 1.0107083411399104e-06 0.0 1.541913990178274e-05 2.2026584932134966e-06 1.1803205724539748e-05 0.00021298543356055034 2.5801495184794217e-05 3.886763286880055e-06 1.4258391217483423e-06 9.99939198817239e-07 6.884902270272245e-05 0.0
1.098870381538796e-06 8.554548906012985e-07 5.916441306692241e-07 0.0009067207292776651 1.830920703392258e-05 0.0011970892895478483 0.00026294953571184105 0.00044454184071716457 0.00013723845517829862 0.0013413979046049854 5.425071619497875e-05 0.0 5.760899089354225e-06 0.00019619342956428467 0.0007444170455643769 1.289637798974048e-07 7.051922432190481e-07 1.0749291155343772e-05 5.974789951717001e-06 0.002216889689095006 8.433065818551119e-08 4.040893967331054e-06 4.0732272880809243e-07 0.00010076666244745886 4.769480014866037e-07 1.1943169002606886e-05 2.229078107404218e-06 0.0003597235041702656 0.00018046937691860827 1.915511140372527e-06 5.774773194281959e-07 1.4330484058405694e-05 5.348043022035357e-07 0.0001603264342803926 6.0160245285835715e-06 0.0002754215405366101 1.220232164334777e-05 0.0002531489789246664 6.166294714115619e-05 0.0008541093244082276 3.3016357205823795e-06 3.260076187756521e-06 7.95669148018802e-06 0.0 1.0492770537055602e-07 0.0 4.74592606521143e-05 0.0 1.0495554301988994e-06 1.143898315895655e-05 2.5287099307749376e-06 3.4131890881067046e-05 5.497958529205585e-05 6.4115907814128e-08 9.31189388474109e-05 1.8918728402456627e-07 3.823888308680684e-06 0.0 6.290667553673646e-08 0.0 7.144446079715622e-08 6.550673744250283e-08 5.386724768876676e-05 7.067387807314596e-08 1.8264924002527462e-07 0.0 3.0466684163745926e-05 1.2221355014193283e-07 5.466439265204112e-08 3.890371536407642e-07 3.861385154597138e-05 1.301319937663489e-06 8.08667510659719e-08 1.1114235109348874e-07 4.4503399948812747e-07 0.0 5.774785405480535e-07 2.52819589540872e-07 5.246808112561612e-06 3.634263781763773e-07 1.229322469222539e-06 2.3682758770828706e-06 4.337513118436989e-05 8.164326247791287e-08 6.257394410754338e-08 0.0
1.1003985245849423e-07 0.0013224327234094288 1.263171510389333e-06 9.542721467235583e-07 1.1093391499510456e-06 1.2017585880568166e-05 7.6051329458474884e-06 1.1930531305267019e-05 3.5896590875495684e-05 5.042128903764574e-06 0.0009243805802528142 5.760899089354225e-06 0.0 8.750639763105742e-06 5.529231578335524e-07 6.212849119059057e-06 2.1955730078058047e-06 3.3186631625841657e-06 1.1576238157146087e-05 3.7836748469097607e-06 1.8960318622930644e-06 0.00021960079910654734 2.872913491931421e-06 0.0001016531508867518 0.002686755419834509 0.0002175621066246093 0.0021732002318730634 1.2781937273094015e-05 1.7844869148863724e-05 1.4660002997407665e-06 0.0003652914978770594 5.553046608593586e-06 6.99534216720548e-08 0.0002697735056981661 4.425586324739432e-06 4.636070263562403e-05 0.0009774937415285283 0.0009114186420466226 7.480214693320797e-05 5.4705478804593684e-06 2.7095654622319533e-06 0.0006443817015129052 1.1860007266798735e-05 0.0 3.8921748629128716e-05 8.956015618624104e-07 0.0 7.654838797933897e-08 7.453602128816343e-07 1.0059294260108594e-06 1.1195046146281978e-06 1.2472091998919157e-06 3.403182554983715e-07 0.000248329279061182 3.886359834056987e-07 0.0015615533119414167 8.125484107935391e-07 0.0 2.8028760632540367e-07 4.0060057617952376e-07 5.54826786174607e-06 1.0664000882491346e-06 6.455132895098115e-07 1.433976409899837e-07 3.78082001970451e-06 7.847543593219317e-08 3.0023639118241032e-06 0.0003287627481981204 0.0002729417223938378 0.0002769004953905618 2.0891827935027217e-06 3.622985475609581e-06 5.051636499826978e-08 0.0001475665083529138 9.721000220047437e-07 0.0 3.244080830217529e-05 8.407374406027015e-07 6.981420037316562e-06 0.000386660094995025 4.589581366737176e-05 5.348320941148114e-06 1.1561874348636157e-07 2.7961081078435293e-06 9.638202834042964e-05 0.0
0.0034021481207842713 1.260129299537237e-06 0.00013610581127085326 6.809144634637628e-05 5.146529538422305e-06 0.00040379616982577995 0.005067812824304118 0.004134892129670879 1.3542108125110521e-05 0.0009104896932202968 9.282388924394407e-05 0.00019619342956428467 8.750639763105742e-06 0.0 3.505248194022571e-05 1.84672452245645e-06 0.00020498592103148058 2.0486842550444144e-05 8.514288474276655e-05 0.00025540028566366707 0.00013996217540022477 1.2907253723313473e-06 0.00038939376602774295 8.555583913396597e-05 6.632919359695989e-07 8.392249053668965e-05 5.0839897955950704e-05 0.0005387019440588854 0.0032676893689954777 0.0025834308667951585 9.795752647074893e-07 9.678303007821441e-05 2.402826127989537e-05 0.0004577489740907711 2.1570862461903173e-05 0.000397813345185869 2.6105280071320026e-05 0.0004045998910286472 0.0002091558090089766 0.00010556038438831835 1.2808385430422045e-06 5.04632137931818e-06 3.896000195620802e-06 2.027857265380793e-07 2.4393984757120395e-07 6.978953271646281e-07 4.664795748153176e-06 0.0 6.445349438135577e-07 2.1082283759783038e-05 3.1650331499046185e-06 7.341466316892816e-06 2.733531320209533e-06 2.7237015858248284e-07 1.594080079474381e-06 1.906331028807349e-07 2.873031880148855e-06 0.0 1.9333685210162093e-06 1.4180945164016658e-07 0.0 0.0 1.3298161330532347e-06 1.154290880387913e-06 1.0817425833333032e-06 5.996883936510702e-07 2.909676235540249e-05 0.0 3.101364875288902e-07 6.006928799420994e-06 6.244174117130388e-05 3.2607166413898377e-06 1.3255378252868788e-06 1.2338638614370913e-07 0.0 0.0 2.134105726222523e-06 4.496914809354492e-06 7.125413537333048e-06 1.0905167523716755e-06 6.050943046370271e-06 4.0564056716562716e-06 1.7350653787685142e-06 3.3869675071950573e-07 8.89201271401829e-08 0.0
0.0 2.2384106130016643e-06 1.2967870026748057e-07 8.726334158516413e-05 0.0005061591368059176 0.0014089497742107114 4.1153345168949416e-05 0.00024619074276692313 0.00048641828487256035 3.4238727438410107e-05 1.4514956784201124e-06 0.0007444170455643769 5.529231578335524e-07 3.505248194022571e-05 0.0 0.0 0.0 1.0090177244290312e-07 1.4768352574033267e-07 0.0003226568211061646 0.0 1.7414694326946076e-05 4.29002033379891e-07 0.00038504774856762744 1.5163574704067842e-07 6.794105282342373e-07 1.7499464890324114e-06 5.976871558061562e-05 7.69417385209738e-05 3.68402804048761e-07 7.605321740470285e-08 0.00016345886395727462 0.0 8.43211153711439e-06 1.1963368892424244e-06 0.00015624252643942998 3.7531527187481593e-06 1.1702875302427972e-05 1.0286192737144793e-05 0.000931537058915359 3.6481036539123464e-05 1.0460106754519807e-05 9.552975896750982e-07 0.0 0.0 0.0 2.64757373685376e-05 0.0 4.09894260521284e-07 6.395163388216251e-06 1.7364182846427242e-06 1.5900879236712706e-05 3.1509390423276505e-05 2.1061849414953017e-07 2.4950674495831556e-05 0.0 2.2980770232641657e-06 5.572838933477541e-07 0.0 0.0 0.0 0.0 3.2764771590260895e-05 2.93006613851131e-07 1.6216627046141725e-07 2.633723735882735e-07 1.1497995553819965e-05 0.0 0.0 4.6729738769387786e-07 2.3244913288196893e-05 5.83906834782049e-07 0.0 0.0 0.0 0.0 4.230245006548966e-07 3.3808107158009263e-06 3.2788064576677625e-06 0.0 9.029577604812262e-07 0.0 5.139722126601189e-05 0.0 3.877593462063077e-06 0.0
0.0 0.0001189433465901647 4.49365894136151e-06 5.739438688855279e-07 0.0 1.6437098294726984e-06 7.164757282590586e-05 3.139910999294641e-06 1.9792002033672194e-05 5.49081864269249e-07 2.502561672717102e-06 1.289637798974048e-07 6.212849119059057e-06 1.84672452245645e-06 0.0 0.0 3.977244527302541e-06 8.819163939495386e-07 4.827977632198516e-06 3.7871126056676843e-07 0.002437151270628343 0.001514809554841196 0.0016362145562792327 0.0015667754857946877 1.0279765236854451e-05 1.100770356013082e-05 0.0018132723633530684 0.002248665120336489 4.859899983550083e-06 2.774781478220295e-05 6.547214954615375e-07 0.0 2.4941821066190132e-06 0.00013523501732846686 5.6455842951136695e-05 0.0009817402881442984 0.0003007220815261506 0.0002864102616849961 0.00032168888156896213 5.125237298209506e-05 5.32489024434178e-07 4.077140567308072e-07 6.278881455829681e-06 2.614327217799276e-07 2.8941136860279125e-06 4.382240964099054e-05 6.908707467279268e-07 0.0 1.5580281423993311e-06 1.1196818004140135e-05 3.4329353517455417e-06 3.4973885626372346e-05 4.891598472995876e-07 0.0 0.0 4.370851003577781e-07 4.011177903407912e-06 0.0 0.0013304087426754805 2.147695245499762e-06 0.0 8.68010643463374e-07 4.6934733294632587e-07 0.00032085293551789665 0.0005104716261593284 0.0013211447051519488 0.00011730630040312526 5.025499356980284e-08 6.105488308640159e-06 0.0004204553841657615 0.00016953665278435104 1.949585445791221e-06 2.4649971465561566e-05 2.0650251765583826e-07 0.0 3.4482520177715205e-07 3.509592091458962e-06 2.6325703087828364e-05 2.490823579985732e-05 2.7125556568300437e-06 6.159742957328667e-06 6.982621360361802e-06 5.701349414698184e-07 0.0 0.0 6.972114568952427e-08
5.607925242193992e-05 5.106743662772556e-06 0.0030941408344076315 2.825694478482003e-07 5.39895276022423e-08 4.640540484769338e-06 3.0366331951332806e-05 0.00012058987442770576 4.553536143663888e-07 2.2450117021678806e-06 0.0002465489949323294 7.051922432190481e-07 2.1955730078058047e-06 0.00020498592103148058 0.0 3.977244527302541e-06 0.0 0.00010532479136098444 0.003248135054373662 6.201202660369983e-07 0.0006463094723644003 2.2544928029498124e-05 0.0033675151104468532 5.2248667332308276e-06 3.9096446911811013e-07 0.0019307236951174754 0.0035855978726505324 1.5008672120530018e-05 0.00014095905887388812 0.0005339068088767489 2.184284056765787e-06 3.8147153512382044e-07 7.713312066222715e-06 0.002099388744896339 1.982775643173345e-05 0.0004510195236054973 0.0001780697443620818 0.000914960017027189 0.00017694608626575217 7.720297221316165e-06 9.534598949024979e-07 1.1596100310237308e-06 1.8994261612658073e-06 0.0 7.738925232147883e-06 2.100883372396487e-05 0.0 0.0 0.0 1.0035162127029556e-06 3.8646553562934945e-07 3.6612853519504616e-07 7.266940366607297e-08 1.2620851063729574e-07 5.973317488284434e-08 4.2042665229855417e-07 2.3108124403970251e-07 0.0 1.037228380572916e-06 7.067033376197191e-06 0.0 1.708046242191719e-06 0.0 4.6246597735568237e-07 8.741901041062532e-06 9.380802958972841e-07 1.6479063178936819e-06 5.004537216532363e-07 2.0870299410710914e-05 0.00015291157562667356 3.222969742488373e-06 4.59355560702916e-08 2.962550817714771e-07 2.420678621996333e-07 0.0 0.0 3.0907949826187606e-07 1.1456557697173846e-05 5.792092095587713e-06 3.247095213344587e-06 3.024903730498261e-06 1.3116013526332712e-06 0.0 0.0 2.940492172043454e-07 0.0
1.7463557537292143e-06 2.179735795212671e-06 7.751452588579628e-06 8.162544664123379e-07 3.614354738533002e-07 1.6409270392777343e-05 1.2814096118253766e-05 1.7596683666033452e-05 5.068079461222985e-07 1.6967873846365882e-05 0.0021638316774237037 1.0749291155343772e-05 3.3186631625841657e-06 2.0486842550444144e-05 1.0090177244290312e-07 8.819163939495386e-07 0.00010532479136098444 0.0 0.0007127962911243909 1.0741581971102793e-05 1.7268097054200232e-05 3.173308165705356e-07 4.118694217615549e-05 2.787297270690138e-06 8.923739763861033e-06 0.0008734554245454965 5.176561273047412e-05 6.620524816229676e-06 3.3777380947494644e-05 1.9231471135158975e-05 2.6479871191503834e-06 7.900884740696443e-06 8.999147902047657e-07 0.0009440846528111689 8.161428133397299e-06 0.00042368878238833665 0.0005065771947575317 0.0009765197068815866 0.00016863850709046132 5.511259123326177e-06 8.36715555061715e-08 5.9388093616979486e-06 9.236315267866548e-07 0.0 2.599174768662137e-06 1.9577876388363502e-07 1.7640954624307143e-07 0.0 5.992785935936892e-08 9.821523885455413e-07 6.550372563451472e-08 2.0341441340866834e-07 4.7729980913802495e-08 2.8653567448718175e-06 4.608471133024451e-07 3.223104216694603e-05 0.0 0.0 7.409001049634709e-08 0.0 2.602089167530831e-06 3.9611850536356735e-07 7.842333769487498e-08 0.0 3.099422561180372e-07 7.685552335554452e-08 8.851629029002196e-07 6.203466236873847e-06 9.714343363243454e-05 8.937802291034728e-05 2.733902877209323e-06 0.0 0.0 1.2543001289915247e-05 0.0 0.0 4.2691384506985224e-07 3.2667431483564715e-06 1.0188843098809875e-05 1.8739871969338982e-06 8.189592210075235e-07 6.004991309383139e-07 0.0 0.0 0.0 0.0
1.7819842431143822e-05 1.0175556158362655e-05 0.00039166639304913245 9.962432746098387e-07 1.4098069096901697e-07 1.0742690903270323e-05 1.752877895554925e-05 5.1804368809426975e-05 9.673154629718985e-07 9.963459336816295e-06 0.001057429206997833 5.974789951717001e-06 1.1576238157146087e-05 8.514288474276655e-05 1.4768352574033267e-07 4.827977632198516e-06 0.003248135054373662 0.0007127962911243909 0.0 7.299169961207845e-06 0.00013375501365768988 6.481806075043018e-06 0.0006437360578095205 8.166621521632515e-06 4.664824714151778e-06 0.002702412513602542 0.0017055956606830908 1.6731847045328216e-05 7.955414093457403e-05 0.00015884878189531857 3.8109083914219828e-06 2.6570192033733857e-06 3.963383755450283e-06 0.0025755426239458955 9.702114328550382e-06 0.0007246786110556805 0.0004621024647742109 0.001464548970337448 0.00023262399490258493 7.3007671298877804e-06 0.0 1.8187376419201157e-06 2.1215802165727518e-06 0.0 1.292312410894359e-05 3.157531176327251e-06 8.661032067817317e-08 0.0 0.0 1.8022971443383785e-06 0.0 1.5085297469264763e-07 2.615362149240452e-07 4.880001156829973e-07 0.0 8.653415304658422e-06 5.735120584663315e-08 0.0 8.024235235409144e-07 2.033110583417078e-06 1.6098325946763995e-06 2.310040675387358e-06 2.1231006014086362e-07 4.982601588978153e-07 7.369596763153191e-07 3.2192100611537066e-07 1.9497405927368073e-06 4.656476107541246e-06 0.0002125402286690058 0.00022175882150939004 3.4385951344128827e-06 7.881689211174709e-08 7.051077011647349e-08 4.684739530733677e-06 0.0 0.0 5.744614295341613e-07 5.4890227248897185e-06 9.316464971311249e-06 4.589517001207437e-06 3.6703209053620343e-06 9.995925604293843e-07 2.2879232606260724e-07 1.7854665701581624e-07 1.6639950898073098e-07 0.0
4.181110068987658e-06 1.7029808730556415e-07 6.87740805102172e-07 0.0009212206798321238 5.4120835224620924e-06 0.00036507516592274773 0.00020075259232620873 0.00019400863139016933 0.00048652595436740853 0.0030087340257291284 4.586955306628703e-05 0.002216889689095006 3.7836748469097607e-06 0.00025540028566366707 0.0003226568211061646 3.7871126056676843e-07 6.201202660369983e-07 1.0741581971102793e-05 7.299169961207845e-06 0.0 1.0085318524879402e-06 7.311396378475808e-07 1.682075572932401e-06 0.00018102945109672018 1.6741382377639541e-07 1.2728644646792855e-05 3.477733225395259e-06 0.0011608552900779507 0.00028023171462531144 3.034518672920446e-06 3.901785253103785e-07 1.1659621718221952e-05 1.6199773003159719e-06 0.00019301974328291455 8.980643552254815e-06 0.00037353196201807195 1.9072451077853285e-05 0.000312688623664649 8.096875668330212e-05 0.0007185801872102015 1.7331227798758477e-06 1.1002071375635243e-05 5.897169925347272e-06 3.1084154832697065e-07 4.4172739245484244e-07 3.8017542211026847e-07 0.0001465612861926206 3.5276124678716266e-07 5.4974059802368475e-06 9.0068537029668e-05 2.1267781691209898e-05 9.237670770022805e-05 0.00018655534283026177 1.5476191441364377e-06 0.0001089396096417933 1.6249750030152741e-07 1.523181720305711e-05 8.137904666001076e-07 2.1152041845426984e-07 0.0 4.6957100931091906e-07 0.0 0.00017854262775177717 0.0 1.73363508064778e-06 0.0 0.00014999403021257558 0.0 8.888325449837581e-07 1.2481240905046844e-06 0.0002036747687791155 9.91081091812116e-06 9.406150214183001e-07 2.2942676902468068e-07 4.789825468211298e-07 6.568657430973367e-08 9.271020378777213e-06 1.3929055666520558e-06 2.069125434262218e-05 1.2906620812144867e-06 2.18739357893747e-05 5.19964853269848e-06 7.33057423023802e-05 1.7621802028151428e-07 8.603467399000798e-07 0.0
3.008710580020746e-05 1.0967270603144215e-05 0.0007894924885342628 3.355955571893388e-06 9.727053393165023e-07 1.4003523028942384e-05 0.0002457135696910407 0.0001305103209048946 1.0029666500842295e-05 1.5396807518147576e-06 2.9043851240601153e-05 8.433065818551119e-08 1.8960318622930644e-06 0.00013996217540022477 0.0 0.002437151270628343 0.0006463094723644003 1.7268097054200232e-05 0.00013375501365768988 1.0085318524879402e-06 0.0 4.61303071517848e-05 0.009533069683709275 0.00013211143734451317 1.4142932867874617e-06 0.0002431685008490242 0.00102172680041436 0.0014393195721360058 0.00022673701061412448 0.00728091787755246 3.214629524065131e-07 4.639285596416987e-07 5.696568146648079e-05 0.0019020757658596095 0.00022475139830520696 0.0033998012683677326 0.000709420014974615 0.0017211605562730324 0.0013296858279918339 0.00017003743731729807 1.5617543918023476e-06 1.972066473800855e-06 2.0731592928186857e-05 0.0 1.3842530263293972e-06 3.6465835046706106e-06 9.191429577144953e-08 0.0 6.503094513387596e-08 4.556221364656263e-06 2.1437353695470219e-07 4.6093615391053465e-05 8.443070371561374e-07 0.0 1.0000049105992598e-07 0.0 2.7395757987811393e-07 0.0 0.00042174304380234514 1.4534809517841284e-06 0.0 5.763171304310229e-07 2.991904511083977e-07 0.0003637966684174945 7.497036317080796e-05 0.0002686389182770668 0.00012815240150497605 6.283594551303933e-08 6.091363058623404e-06 2.7033353277039285e-05 0.00022727316903469225 1.9974753718318178e-06 2.799302483606111e-05 0.0 0.0 6.639293907396601e-07 3.989397146644974e-06 0.00011465064569547747 3.7604456465301966e-05 1.0979663817617893e-06 2.36699430531992e-06 4.440911844963107e-06 1.073520908464297e-06 9.283892082378989e-08 1.841754413614002e-07 0.0
1.383487289250617e-07 0.001546545886821581 4.5645283004437804e-05 7.787145192798194e-07 7.474791880827835e-07 5.770951822662471e-07 4.981919747148503e-05 1.2367116812266225e-06 0.0014498229087211458 4.226182301948427e-07 2.895585195433623e-05 4.040893967331054e-06 0.00021960079910654734 1.2907253723313473e-06 1.7414694326946076e-05 0.001514809554841196 2.2544928029498124e-05 3.173308165705356e-07 6.481806075043018e-06 7.311396378475808e-07 4.61303071517848e-05 0.0 0.0001434323008288465 0.0033913783866327003 0.0002015912740482079 7.454734567325389e-05 0.003141987555091784 0.0002304481278998654 3.36578715737498e-06 9.455340248844883e-06 1.8175341290574636e-05 0.0 1.6538103633667498e-06 2.9317207088858686e-05 1.5606641647746861e-06 6.103953988798695e-05 7.172340813598214e-05 5.592641189561016e-05 9.51613130186644e-06 5.9338556076632596e-05 0.0 3.1615297527181637e-06 2.6208303498523905e-07 6.85856595587291e-08 1.1164782123161095e-05 6.350911419003581e-05 1.3273563359644725e-07 0.0 1.4067001305075093e-07 8.570720860783908e-06 2.0969684207097744e-06 6.218004026916568e-06 6.186284933769999e-07 4.926732723395726e-07 1.2781830647324392e-06 4.852599641456203e-06 2.0701766799509905e-06 1.7507879743765653e-07 0.0005726833268690534 6.618733864889646e-06 0.0 1.786909454874744e-06 2.908583058839319e-07 6.74517042375952e-05 6.891274632038866e-05 0.00032537202100959065 4.627515056416693e-05 1.6470923142186918e-06 2.5908219817656753e-05 0.0014406070661231504 5.0576578988017833e-05 1.5407002315590782e-06 4.1115820673513755e-06 7.219456840474089e-07 5.876878360927459e-08 0.0 1.8910173875340916e-06 1.1154097121606e-06 9.968844652299806e-06 3.904001050596401e-06 5.647994627786885e-06 3.9799329068098824e-06 1.8204528622544154e-07 0.0 0.0 1.1924677256669533e-07
0.00010507819323472614 7.382127511105107e-06 0.005164951411251429 2.077480939984201e-06 2.0759938533177195e-07 1.3680266031404541e-05 0.00022288208695743424 0.00029561372252460716 6.775068312860952e-06 3.336611005340269e-06 7.208406209312658e-05 4.0732272880809243e-07 2.872913491931421e-06 0.00038939376602774295 4.29002033379891e-07 0.0016362145562792327 0.0033675151104468532 4.118694217615549e-05 0.0006437360578095205 1.682075572932401e-06 0.009533069683709275 0.0001434323008288465 0.0 0.0001834021263234572 3.8080797039485255e-06 0.0011240910326300072 0.005441215677211769 0.000923869880192104 0.00022775912644985868 0.003289437072378237 2.0013235045303057e-06 1.5961123033867041e-06 1.571903933162855e-05 0.0027431534983191827 0.0003166650852815263 0.006023301110597587 0.0024297234510257146 0.0037204206008823767 0.003025934719750305 0.00031777751300173494 9.762200243105459e-06 5.542699684642608e-06 3.762339633202269e-05 4.79534052875841e-07 3.5231559715341018e-06 6.890018826767892e-05 1.369694934629677e-07 0.0 1.294679988407386e-06 1.1561310786719668e-05 3.2255126663405893e-06 1.1638576321563241e-05 3.3411844875491013e-07 0.0 6.992368761926703e-07 6.284429055121836e-08 3.891231942637222e-06 0.0 0.0008690952050342605 4.821233551191444e-06 1.7008622085280956e-07 9.792169587998642e-07 0.0 0.00015323088565847288 0.00023654677596970336 0.0009590799937634123 4.707824999696614e-05 2.4108417464336624e-07 1.043470780235906e-05 0.0005321205570704285 7.244842260641949e-05 1.1218517666462772e-06 1.0321960899772645e-05 0.0 0.0 6.361675026158218e-08 2.2429646004418864e-06 0.0002498059779285585 6.232719180950943e-05 4.346874828647624e-06 7.011297185503044e-06 1.296845505534755e-05 0.0 5.859604477089809e-07 1.255475378754602e-06 1.1247305243488087e-07
