0.0 0.0 6.245493305901387e-06 8.277091704574999e-07 2.6032426947539127e-06 7.669627206050538e-06 0.0010068833548575345 0.00017408919819044273 1.6875261848098876e-07 1.2960970288522586e-05 1.1558183975382922e-05 4.3054066341190827e-07 1.1503522266629813e-06 0.0018533497549818778 9.976989261281234e-08 9.129464885044507e-07 8.96440939237352e-05 1.3225107669556185e-06 6.1294728187925185e-06 1.473057170581176e-06 1.4820210468455967e-05 5.626200578616452e-08 4.828393797500845e-05 3.914024877685487e-06 8.897760742579437e-08 1.1537025721315067e-05 1.2307661692420351e-05 4.956309613751613e-05 0.0017197321715629247 0.0009933019126373347 4.059211187103555e-08 1.3306215658323833e-05 4.497166392360862e-05 0.00011835799798869004 7.592910220657893e-07 1.78449595952146e-05 1.72979441527547e-06 5.645028541680571e-05 1.6843164573726813e-05 3.442198511579131e-06 4.5856092662437585e-07 4.838502674856359e-07 0.0 0.0 0.0 4.96126639940649e-08 0.0 0.0 0.0 4.519951146103091e-08 0.0 3.169319153572128e-07 4.8165620968863245e-08 0.0 0.0 4.040955849423472e-08 0.0 0.0 6.228045011365874e-07 0.0 0.0 0.0 4.2173182147843806e-08 0.0 0.0 0.0 3.969344175715874e-07 0.0 2.399039579037574e-07 8.206340846204748e-08 6.63821833667699e-07 3.675755823346828e-08 0.0 0.0 0.0 0.0 0.0 0.0 0.0 0.0 0.0 0.0 0.0 0.0 0.0 0.0
0.0 0.0 7.74284690659482e-05 6.184482773975636e-08 3.0519463744243234e-07 3.4171583752204626e-07 1.206003611361613e-07 1.8698453214344614e-07 0.0008460597758778006 5.082660729248584e-08 3.427245060651088e-05 4.6264550344433757e-07 0.0006510326965838549 0.0 2.1969201178702186e-05 6.0087714170912305e-05 1.1832302926618963e-05 5.821509394039764e-07 3.235838467842292e-06 1.1439403101596028e-07 1.0500528038080047e-05 0.001247815772750091 2.670945982939488e-06 0.0003108139017584607 0.001427392538609176 0.000259501789781019 0.007540334167115774 5.158213106372527e-05 2.538044974066615e-07 3.538807269677685e-07 1.1982240825098068e-05 5.3233978017865306e-08 0.0 4.483830158255763e-06 4.2464276581591364e-07 2.5058202556875396e-05 0.00016003110210797988 8.348188682844292e-05 7.650515374522011e-06 1.810860715727139e-05 0.0 0.00029678705893426065 0.0 6.985481129016616e-08 2.6106438774556138e-05 9.129648080331437e-05 4.553251048885566e-08 0.0 1.0934597804066087e-07 1.1644115696823538e-06 1.579822950924472e-07 2.413969781495749e-06 3.4225711520841824e-07 1.4373323056401578e-06 9.745014506447698e-08 1.4363403504248929e-05 6.257047944905656e-08 0.0 3.8317696537676814e-06 4.451073213693423e-05 1.2812597217061326e-06 8.083021580203735e-06 1.6437732479751667e-07 4.86416755351089e-07 3.725748953505113e-06 1.4425905678920453e-06 2.711234617131986e-06 1.2931596069436855e-05 0.0003398912056744328 0.000783527792704029 3.845566473463798e-06 1.0667242640763553e-07 2.516377452285352e-07 2.0652299156524046e-06 0.0 0.0 6.660447122521694e-07 0.0 1.3045973392867995e-05 8.687282059240617e-06 5.6615264491623055e-06 1.033089765636789e-06 8.723065062666696e-08 0.0 1.0730402687788215e-06 7.939207255943228e-08
6.245493305901387e-06 7.74284690659482e-05 0.0 0.0 1.246910352877846e-07 1.680053116726605e-06 0.0001349058112380796 3.103922411417599e-05 4.6473741362561616e-07 1.919789290074273e-05 8.510304323634714e-06 5.041060798102773e-08 9.720440484008879e-06 4.347492140547746e-05 0.0 7.760589040788895e-07 0.003203942215306201 3.2721501306959014e-06 4.4185389431131376e-05 1.0497272087410977e-07 3.844789877876415e-05 0.00011715509285636306 0.003972850063459327 7.235896422379037e-07 1.443396074688246e-05 0.004456429460527401 0.00694195318989493 6.259829201809085e-05 2.4519443406541437e-05 6.205646354757148e-05 9.855734555039243e-07 7.044042191339198e-07 9.992924558154547e-07 0.0002055927407109974 8.211859672650618e-06 0.0006735916448734191 0.0025013064259936046 0.0009336122111993381 0.00033335599704775065 6.693540583583881e-06 1.275843690488373e-06 4.825614660611532e-05 3.4186081960547444e-06 3.460138779726361e-07 0.00015108617030190814 0.0011080377052839362 0.0 0.0 0.0 3.435427728209996e-06 3.6026829080180554e-07 3.8332957217954866e-07 1.4078019508751302e-07 2.9539609512523237e-07 0.0 7.467668340127238e-07 4.782537682844025e-07 0.0 5.299364653803735e-06 0.0002739099455816861 8.620839000310043e-07 1.7581536001142715e-05 0.0 1.4523339450388882e-06 4.9057386862709214e-05 0.000103290923924601 1.5213130214687424e-06 1.022052711481033e-06 0.00047323160969506853 0.0017061583177754183 1.5046569320155045e-06 3.5548909879042004e-07 1.2931760176043384e-06 7.291807487423301e-08 0.0 0.0 2.548692515849988e-06 2.122949134829275e-06 7.201445944151353e-05 3.250667940507823e-05 3.0234025752535963e-05 7.505055385740994e-06 4.6759645529284246e-07 3.708771917131189e-07 1.3451251285854914e-07 2.8449619345994982e-06
8.277091704574999e-07 6.184482773975636e-08 0.0 0.0 1.3699761906401772e-06 9.137410217328743e-05 4.7127836123436944e-05 2.7132182294164383e-05 0.0007019719735477488 0.0011621738402910742 5.305734163915268e-06 0.0011322853296124211 1.0611118474588674e-06 9.363611882505787e-06 8.8744002496188e-05 5.2127192166794945e-08 1.372229580321158e-07 1.2315505756864166e-07 4.807456218777338e-07 0.006781549417755711 9.598780046573746e-07 2.39328959570207e-07 1.241599279669162e-07 0.0011722533153968834 0.0 1.207598584939441e-06 3.352281503701039e-07 0.0016620647873136054 2.2622396463002935e-05 5.444515979934134e-07 4.346511182523855e-08 2.1891898943149808e-06 2.593758700621233e-07 1.859517910335793e-05 2.4544308923793225e-06 9.366379841768331e-05 4.101616051562402e-07 4.5245519604119705e-05 1.606804426771255e-05 0.00016960449529711608 4.841200522136252e-06 5.85241598213665e-07 1.247826866952985e-06 9.795157218773833e-08 0.0 0.0 5.1328376876432625e-06 0.0 2.502194346059655e-06 2.6165601772221586e-05 6.99014004841168e-07 5.706874438591711e-05 2.98011744142586e-05 0.0 2.1951855443158815e-05 0.0 5.202343061141017e-07 4.996051941282854e-07 0.0 0.0 0.0 0.0 9.936023016813605e-06 0.0 1.7595630017899185e-07 0.0 4.670076858689508e-05 0.0 0.0 1.807868857313964e-07 0.0001282349030087526 9.986579748956745e-07 4.836607125636606e-08 0.0 0.0 2.408074341975678e-07 8.837941194260337e-07 1.6463500121050034e-07 5.0602308984534425e-06 0.0 2.9547055914453957e-06 1.0587065804554673e-06 2.379236369972226e-05 3.1617785423686425e-07 0.0 0.0
2.6032426947539127e-06 3.0519463744243234e-07 1.246910352877846e-07 1.3699761906401772e-06 0.0 0.0002799864590264024 9.808574456154071e-06 0.00019071198189813087 2.2263865443325782e-05 1.7878425628901428e-05 6.3020415197026e-05 2.9227506639038604e-05 2.2085075790104006e-05 2.9468409386301104e-05 0.0006658361400337804 0.0 1.0461199914874247e-06 1.5386683897371528e-06 6.89418875943591e-07 5.1167928261596e-06 8.384219764986413e-07 1.0763738799841542e-06 9.356624662191322e-07 9.29967068868573e-06 1.0661082177077444e-06 3.9407818670501545e-06 1.0080678235202934e-06 3.6245354555076617e-06 1.2908472077593566e-05 2.492673364706656e-06 3.9504727916671806e-07 0.0001052897443675599 0.0 0.00044654758668498075 2.2426128000076096e-07 2.6909281448197206e-05 3.109149308050476e-06 0.00022354446102377422 6.904809251386931e-05 0.0010462373466262628 0.00016080336508707412 1.2466654429821366e-05 8.791464416043742e-07 0.0 7.049228181678596e-08 0.0 0.0 0.0 0.0 1.7991727671398263e-07 0.0 0.0 0.0 0.0 1.729272989556044e-07 5.6984354265018864e-08 0.0 0.0 0.0 0.0 0.0 0.0 0.0 0.0 4.945493575853138e-08 0.0 2.428567567369939e-07 0.0 0.0 0.0 1.0536241897683626e-06 0.0 0.0 0.0 0.0 0.0 0.0 0.0 0.0 0.0 4.0130197249075963e-08 0.0 0.0 0.0 0.0 0.0
7.669627206050538e-06 3.4171583752204626e-07 1.680053116726605e-06 9.137410217328743e-05 0.0002799864590264024 0.0 0.00047886013352811544 0.004080307561427588 4.049047869985011e-05 0.006523764954440327 4.726698947752985e-05 0.0017931013992952096 1.6564048580191308e-05 0.0001716638673306935 0.001292228368309494 1.0733013991245032e-07 6.21456023493846e-06 2.590886036692322e-06 7.122440907967032e-06 0.0005311363668294555 5.779611455299868e-06 7.342125258743965e-07 5.499362706249515e-06 2.5840718763273766e-05 6.209847347844993e-07 1.131872258722689e-05 3.5993837180217215e-06 0.0002703121641625936 0.00020354179986561914 1.3008482501183403e-05 4.0124045542412615e-07 0.00047434109174994963 1.5994178218649787e-06 0.00014613521609511664 3.305162583188008e-06 0.0001384605963963455 3.4400580589805224e-06 0.00016733805154063515 5.379936880791093e-05 0.001360592092089862 0.0001948810164065493 8.925717712882513e-06 1.5026309113026894e-06 0.0 5.396254601939644e-08 0.0 6.913880493230734e-07 0.0 2.7749471223209145e-07 3.639539098839043e-06 3.6379523670451945e-08 4.584146252852863e-06 2.6875033909288008e-06 3.351217301418786e-08 4.214085696279007e-06 1.186568682350533e-07 2.041673707713412e-07 3.4808873436121805e-07 0.0 5.887668171500299e-08 0.0 0.0 1.1910693603077988e-06 0.0 0.0 0.0 6.572381642513587e-06 0.0 8.145132108233141e-08 8.887560236625396e-08 1.6550338929528963e-05 6.995266796473842e-08 0.0 0.0 2.504037829687805e-07 1.4561732193226791e-07 1.2321393530934552e-07 1.7922285702818333e-07 2.1137835460441637e-06 0.0 5.740941200374172e-08 9.527849709967249e-08 4.6199584192012515e-06 0.0 0.0 0.0
0.0010068833548575345 1.206003611361613e-07 0.0001349058112380796 4.7127836123436944e-05 9.808574456154071e-06 0.00047886013352811544 0.0 0.0035477758122153635 9.091956470761018e-05 0.0035400968644639917 6.003355743078538e-05 3.356040237202681e-05 1.8215260607414356e-05 0.005652466247109738 1.303631749226898e-05 2.06200667144509e-06 0.00020309909718425035 4.186709725924845e-06 1.3581956939669508e-05 2.471507401811299e-05 0.000699102876284967 6.124860238303473e-07 0.000518128832709764 0.00012202880858280087 3.029185446708161e-07 4.012943168774456e-05 4.730742043574389e-05 0.006501373285196514 0.0015738795890698164 0.003770045028343683 6.316702779736183e-07 4.022800861929279e-05 0.00011507322930792952 0.0004462518824220785 0.00010742077563158805 0.0012582204117636637 2.6086783730650165e-05 0.0009627061973251297 0.0005365456869012076 0.00012210815272186153 6.652853180642292e-05 5.354781627258689e-06 2.1254065843203485e-05 1.5890370088123034e-07 1.798181309241994e-07 9.851434531021173e-07 2.2167196563174684e-06 0.0 1.5016383211014482e-06 0.00010593098354612968 3.0239746393735667e-06 5.2315386980579386e-05 1.5200386217217006e-05 6.03199372260349e-07 1.4944106048380467e-05 7.097092235221794e-08 2.92119415768685e-06 3.4986706166699697e-07 1.5934549715983048e-06 1.1783274278655373e-07 0.0 0.0 3.307561864868177e-06 1.2158559951131715e-07 1.0577535943987897e-06 6.755602764701585e-08 0.00012419869179164833 4.3379121934765116e-08 4.5419329431756065e-07 2.4747844575161733e-06 0.0003112042647473046 5.578240336306045e-06 1.642541069704235e-06 0.0 0.0 1.052793914038761e-06 4.096996742421452e-06 1.7239817927525093e-06 3.211587481383219e-05 3.370841382121492e-07 1.1337611501613241e-05 4.5053031763789324e-06 1.978792011414215e-05 5.522738717061782e-07 9.627947530680754e-07 2.2517301640720313e-07
0.00017408919819044273 1.8698453214344614e-07 3.103922411417599e-05 2.7132182294164383e-05 0.00019071198189813087 0.004080307561427588 0.0035477758122153635 0.0 5.773050278398309e-06 0.0036349060333765726 0.00010596775528463048 0.00023111356752433614 4.2765295045792277e-05 0.005352680013921473 0.0001645330889591091 3.901554596235321e-07 0.00016181505799624756 6.156820072221577e-06 1.6387289340449343e-05 0.00015699323699764305 0.00010809433730700921 1.816427564056609e-07 0.000132417747570154 1.1518278240992365e-05 1.914880404519289e-06 3.764178874181318e-05 2.540879405648761e-05 0.00015530020672466024 0.00063714697325679 0.00037143826280232 1.1380860225369552e-06 0.000666202815927743 1.4092952641757329e-05 0.00029402442569907293 7.97707991716287e-06 0.0002429803677381169 1.4057027338747906e-05 0.00031863707276058107 0.00014978332802190671 0.001060023410486772 5.816108991663811e-05 2.7063463191338605e-05 5.757675561318749e-06 0.0 0.0 2.962195200119111e-07 1.28958065695218e-07 0.0 5.364711398653246e-08 3.9730699467655875e-06 3.802865434276091e-08 2.255590410407074e-06 5.05955558944243e-07 0.0 4.5668347796701675e-07 0.0 2.72505893387957e-07 0.0 3.997834069912915e-07 5.702612730010294e-08 4.0691119177668177e-08 0.0 1.7900014761073368e-07 0.0 3.4361482438236213e-07 0.0 4.793108115987217e-06 0.0 3.7327909642708234e-07 9.523133258969166e-07 1.4185402129704807e-05 3.966887729005732e-08 0.0 0.0 0.0 0.0 4.6606989035490854e-08 0.0 2.544912911511984e-06 0.0 4.1531296452539255e-08 2.84982276242818e-07 1.6205776175761433e-06 0.0 1.6641616334783335e-07 0.0
1.6875261848098876e-07 0.0008460597758778006 4.6473741362561616e-07 0.0007019719735477488 2.2263865443325782e-05 4.049047869985011e-05 9.091956470761018e-05 5.773050278398309e-06 0.0 3.129182341308789e-05 1.0365887949655495e-06 7.19994214706529e-05 1.2902593616515067e-05 1.3275733667712846e-06 0.0003974737269480631 6.348165134115425e-05 9.278397322535429e-07 0.0 0.0 0.0002069599314026694 2.6830068576907725e-05 0.0014202427036282552 5.5727509538218215e-06 0.003946044873001637 5.6368800619458215e-05 1.138396788909553e-06 0.00025920476325859285 0.0022105952187908362 9.08296544854065e-06 1.4822390364314305e-05 8.473023958923344e-08 5.494431425117947e-06 7.461531662958771e-07 1.794380981307801e-06 1.4827446657037064e-06 9.114566570368278e-05 2.0710089466433597e-05 1.3491754010925252e-05 8.16607025555217e-06 0.0001715954969773174 4.4508539394727154e-06 9.58404664089172e-06 2.881704011231333e-06 3.165600595865348e-07 4.4620264138576523e-07 2.949897937073522e-07 4.683387042077456e-06 0.0 1.631547466673506e-06 6.585745166760032e-05 2.2474603171616956e-06 6.006663823693142e-05 2.6833320910722734e-05 2.9998670913180956e-06 1.3323201802001429e-05 0.0 1.7689459969024172e-06 7.691941680381206e-07 0.00013408474020246155 1.3339183796207738e-07 9.484661906578113e-08 1.1457985096590245e-07 7.193001800038882e-06 1.2536606305581021e-05 2.8814333084415158e-05 2.184496895845761e-06 0.00045185417237364315 1.1242152996782919e-07 1.2696639898634309e-06 1.7803643562673651e-06 0.00044768558498658784 5.537361588751408e-06 7.7267167789988e-06 0.0 0.0 7.681452762900814e-07 3.1425130800766285e-06 5.257379055229487e-07 1.3108488988186033e-05 1.8035872841391975e-07 6.441214727798966e-06 3.565979178999844e-06 9.56831247450256e-06 0.0 6.117666283010286e-08 5.0835796056833516e-08
1.2960970288522586e-05 5.082660729248584e-08 1.919789290074273e-05 0.0011621738402910742 1.7878425628901428e-05 0.006523764954440327 0.0035400968644639917 0.0036349060333765726 3.129182341308789e-05 0.0 0.00013692484586084772 0.0025220330961841096 2.434027989972588e-05 0.00046169042017846175 0.00013747079727412928 3.551886147917564e-07 3.735037200482467e-05 9.436062028923595e-06 2.136557302391367e-05 0.0016547609148991694 0.00010056845249136846 6.573373194091199e-08 7.183698472246426e-05 0.0003370749696704146 9.840967648653866e-07 4.336137878923674e-05 1.5682327975089205e-05 0.0024295488611421555 0.0005319636784473717 6.72396141759173e-05 1.9120007573738555e-06 7.819364516369944e-05 5.245257005953715e-06 0.0003707090278924101 2.326960352407269e-05 0.0006034087738298887 1.601316637657873e-05 0.000817109769905769 0.0001968135627196562 0.0004683233503364533 7.226888178149672e-05 9.65597017050847e-06 1.2098559617132497e-05 3.4971886025762e-07 0.0 1.6278760339682787e-07 1.5701511736395376e-06 0.0 5.589260442567981e-07 2.722133173066887e-05 5.536199645876047e-07 1.5124125753749508e-05 1.0623135781726162e-05 4.797758121547717e-08 8.355415603644185e-06 1.1879278944739649e-07 5.102445613327374e-07 3.692595252272398e-07 5.643032390968739e-08 0.0 0.0 0.0 3.274165728515115e-06 0.0 1.7787625094449283e-07 0.0 2.3153744585705098e-05 0.0 3.8660239335478917e-08 1.5174874896011357e-07 7.458421405321187e-05 1.498731449797815e-06 2.3513328667916944e-07 0.0 0.0 8.65310704069897e-08 6.011547988783831e-07 1.0901798477142798e-07 7.001887109753748e-06 1.1180800480716682e-07 2.207780638185889e-06 8.256091325371896e-07 8.230771021307368e-06 0.0 3.843488244603195e-08 0.0
1.1558183975382922e-05 3.427245060651088e-05 8.510304323634714e-06 5.305734163915268e-06 6.3020415197026e-05 4.726698947752985e-05 6.003355743078538e-05 0.00010596775528463048 1.0365887949655495e-06 0.00013692484586084772 0.0 3.786794117215715e-05 0.0011492310575568025 0.00017133780355534442 3.578679338407021e-07 3.268734781847426e-07 0.0003364375307770121 0.00220027177160536 0.000959705689997695 3.660733782732537e-05 5.7166667108806165e-06 1.0997833650250545e-06 1.5963265162575158e-05 2.288024272149781e-06 0.00011679474169968776 0.0018226115989597835 0.00019705211550560532 1.8434345452413115e-05 0.0005852935934049144 1.7647524996224064e-05 0.0002876441517097283 0.00024874769609841937 6.744621173047655e-07 0.0036531100898438006 1.0620739607770812e-05 0.0003495197766644038 0.002627372550404361 0.0029730087349916605 0.0005944842043704148 4.6914194024684914e-05 1.6799875278480397e-05 0.0004886402637854392 4.950915631087951e-06 0.0 6.92153580106721e-06 2.542564127305388e-07 0.0 8.22585271482511e-08 7.499503091176053e-08 1.721625302365885e-06 1.10867199158194e-07 6.897494759544827e-07 1.4104350043326637e-07 9.234282524747777e-05 1.1076768679536492e-07 0.00036401367386789573 2.7935606425970676e-07 0.0 3.4126592205778536e-08 0.0 1.2263706517236267e-05 2.9154494631857904e-06 0.0 5.063528874685692e-08 1.6356103464421907e-06 0.0 3.189632477134619e-06 4.6530865523713264e-05 0.00010094937102301916 0.00016413620815488192 4.912624932003411e-06 1.8698963158181642e-07 6.788631403430178e-08 3.302222720717557e-05 4.3797440838996285e-07 0.0 8.01447159788914e-06 4.817822537939086e-07 1.0196194301508673e-06 8.449231074319255e-05 3.04107716062522e-05 3.639988802505544e-06 4.2612163145452327e-07 9.787800097744928e-08 8.634265890373184e-05 0.0
4.3054066341190827e-07 4.6264550344433757e-07 5.041060798102773e-08 0.0011322853296124211 2.9227506639038604e-05 0.0017931013992952096 3.356040237202681e-05 0.00023111356752433614 7.19994214706529e-05 0.0025220330961841096 3.786794117215715e-05 0.0 6.7340080035968784e-06 5.316309397739797e-05 0.0009888624249549777 0.0 5.637175409034205e-07 2.828331358630247e-06 5.061121705575487e-06 0.003956038554333553 2.0713248238588225e-07 1.3395532997502393e-06 6.601364508215635e-07 0.00015995946837064795 1.8328137865065742e-07 9.44201961275751e-06 2.154769080400071e-06 0.00048515567483201397 9.870333558954204e-05 1.0720716911485965e-06 7.565224567358131e-07 2.586463967473601e-05 1.3726163963451377e-07 8.170026450345437e-05 1.0140173488567535e-06 0.00025478069785005885 3.5651029838867074e-06 0.00016380823390060758 2.9092146766110003e-05 0.000748140181412745 1.4462846922834133e-05 2.9672276289365923e-06 2.051649027845425e-06 6.059006042313653e-08 4.0426017623990454e-08 0.0 4.708300197533065e-06 6.395780772509992e-08 3.40121935559422e-06 3.645942786999454e-05 3.3039454262658854e-07 5.7465196910635746e-05 3.053562481345544e-05 0.0 3.0747612046703516e-05 3.717030726392044e-08 7.398919398255526e-07 1.302130480680247e-06 0.0 0.0 0.0 0.0 7.982294618317817e-06 0.0 2.2532777540106576e-07 0.0 4.933775465635619e-05 0.0 0.0 0.0 0.00011973802602362203 1.0138841891613548e-06 0.0 0.0 0.0 1.8238747194985885e-07 1.369847833051679e-06 1.681249273086238e-07 8.130798743715981e-06 0.0 2.855816989311056e-06 6.1285735417966e-07 4.053263981359868e-05 1.733237599237222e-07 5.947848061123407e-07 0.0
1.1503522266629813e-06 0.0006510326965838549 9.720440484008879e-06 1.0611118474588674e-06 2.2085075790104006e-05 1.6564048580191308e-05 1.8215260607414356e-05 4.2765295045792277e-05 1.2902593616515067e-05 2.434027989972588e-05 0.0011492310575568025 6.7340080035968784e-06 0.0 2.5564634652633094e-05 1.774662760573905e-06 2.4647826345602537e-05 3.3056971607337095e-06 9.024923432471121e-05 8.065813655760406e-06 7.196965627697564e-06 1.0516549650686538e-05 2.358520228250396e-05 3.4000244525071e-05 1.9102477647458777e-05 0.0017749376528211633 0.0004035885565462889 0.0025895395026687465 2.296743830126658e-05 9.259071933696499e-05 7.389488068450429e-06 0.0010530213083452694 6.636648995923041e-05 1.5250657356373213e-07 0.0005181701880755927 3.6787226912535615e-05 0.00106357870982483 0.0032542711813237243 0.004160750531465955 0.0007903858096217534 6.190347200601429e-05 0.00014323373111399212 0.0008832010733288265 1.251641035463476e-05 1.3517701203774475e-07 4.351622810669788e-05 8.846468334990702e-07 0.0 7.97056309967289e-08 1.8968152815926636e-07 1.061533451264892e-06 3.9191519352982203e-07 1.5826926109909241e-06 1.913751037768598e-07 0.00032396120357404905 2.67865502223841e-07 0.001442005049730761 5.625639151631663e-07 0.0 5.117141974766609e-07 4.1346214129025896e-07 3.374368406226456e-05 5.175796606895644e-06 0.0 0.0 3.639196589277197e-06 2.679692546148997e-07 1.310137201730549e-06 0.0002490119714840221 0.00026420062269200416 0.00042084100146116824 1.7439446337894088e-06 1.58180073877053e-06 0.0 0.00011161883649756383 2.1328982327694124e-06 0.0 2.408828097211185e-05 8.810292373405609e-06 1.8757059336640595e-05 0.0002575911721729884 8.028601164492287e-05 6.081798051351062e-06 8.365545393584657e-07 0.0 0.00018932346728581256 0.0
0.0018533497549818778 0.0 4.347492140547746e-05 9.363611882505787e-06 2.9468409386301104e-05 0.0001716638673306935 0.005652466247109738 0.005352680013921473 1.3275733667712846e-06 0.00046169042017846175 0.00017133780355534442 5.316309397739797e-05 2.5564634652633094e-05 0.0 8.70915495968033e-07 7.983171664695029e-07 0.0003871822162580209 1.2081251357573505e-05 3.848840542412956e-05 6.144991238411929e-05 0.00012988477826626866 2.4565306553698483e-07 0.0002465703276614461 9.002306022990024e-06 9.621623086652168e-07 7.976335986899599e-05 5.9946144353045954e-05 8.710123824052134e-05 0.0039780726399351795 0.0015942846306787283 2.503201375165866e-06 0.00015903652753076087 4.4213968400542026e-05 0.0008635007292259969 6.363329347845352e-06 0.00013520901348992265 1.790018430110704e-05 0.00032328467669944313 9.302182766521298e-05 0.00013670381694050397 2.627024527995283e-05 1.1819274387004337e-05 1.7473239179597294e-06 5.223119952977208e-07 6.100992504371076e-08 3.598647549739041e-07 1.6194849732985728e-07 0.0 0.0 2.0109475183584257e-06 5.619935845263994e-08 4.4747107373092516e-07 1.4224203748117974e-07 4.382392166852039e-08 6.735745910114809e-08 1.6278683359343175e-07 0.0 0.0 1.832383857419376e-06 5.490347385938456e-08 0.0 0.0 3.124027343091202e-08 5.193626463241485e-08 6.025367833340257e-07 7.10078138562423e-08 3.0052358712702537e-06 0.0 6.760631169361632e-07 7.086803059321013e-07 6.630727174140869e-06 0.0 3.2098885664255617e-07 8.854852145660169e-08 0.0 0.0 3.6693547859168415e-07 8.846669420671484e-08 7.360441569740665e-07 7.888445035169717e-08 0.0 2.978300098121605e-07 2.3387479253658416e-07 0.0 0.0 0.0
9.976989261281234e-08 2.1969201178702186e-05 0.0 8.8744002496188e-05 0.0006658361400337804 0.001292228368309494 1.303631749226898e-05 0.0001645330889591091 0.0003974737269480631 0.00013747079727412928 3.578679338407021e-07 0.0009888624249549777 1.774662760573905e-06 8.70915495968033e-07 0.0 1.3789453003457816e-06 3.7484264858533595e-08 0.0 7.265583666334622e-08 0.00013339487556554826 2.483373088838456e-07 3.351700344496499e-05 0.0 0.00053396618182732 1.2176713218583712e-06 0.0 6.544379461534862e-06 6.517505178163518e-05 1.81710085691587e-06 1.1502318848050844e-07 0.0 0.0003125095589407295 4.55162916680966e-08 1.2599978089269961e-06 0.0 0.000207755383307949 2.1727673566952802e-07 2.9171334488452027e-06 1.5298329407101094e-06 0.0004730322137368139 3.7151394587454654e-05 0.0 1.2850245816616283e-06 0.0 0.0 7.089598463907492e-08 6.654745486097891e-07 0.0 3.1393569798322e-07 3.6930781837489825e-06 9.494558767859225e-08 5.137601455075488e-06 3.0633753277502943e-06 0.0 8.334312408847806e-06 0.0 3.845107927240826e-07 7.482650628542184e-07 8.149897150524959e-08 0.0 0.0 0.0 1.29138885996119e-06 0.0 0.0 0.0 5.3061218780432095e-06 0.0 7.623526768014884e-08 2.1326107050914003e-07 1.4195842675835295e-05 0.0 1.9458199068026514e-07 0.0 0.0 0.0 6.45413553566847e-08 0.0 2.761286460073104e-06 0.0 4.4194103829592637e-07 0.0 1.8851960385694124e-05 4.56961690616632e-08 1.7525160667262933e-06 0.0
9.129464885044507e-07 6.0087714170912305e-05 7.760589040788895e-07 5.2127192166794945e-08 0.0 1.0733013991245032e-07 2.06200667144509e-06 3.901554596235321e-07 6.348165134115425e-05 3.551886147917564e-07 3.268734781847426e-07 0.0 2.4647826345602537e-05 7.983171664695029e-07 1.3789453003457816e-06 0.0 1.7457475235257722e-06 1.1293100540596242e-07 2.7667017133414003e-07 1.3622323594861766e-07 0.0016247344356916029 0.0023584323117293816 0.002253771465622569 0.0008054439773558441 2.4982053942990237e-05 1.8330752752792336e-06 0.0015359903650820704 0.0011606842775622249 1.5428794342579105e-05 9.88744990917401e-06 0.0 4.6039448426905304e-08 7.103909410446387e-06 1.5630206713259683e-05 1.952847786177447e-05 0.0007930080926194518 0.00027253725300738907 0.00012057013668348015 0.00022304752470543612 1.3412093745379455e-05 1.2960264325858873e-06 1.6608513517962407e-05 5.805876263328095e-06 1.6966454306159438e-06 3.274821930924375e-07 8.407344043978591e-06 0.0 0.0 4.7394571224359496e-07 1.1818339483181403e-05 1.2478725582466248e-06 8.819987175550856e-06 5.934424156186768e-08 1.1118057610110265e-05 0.0 2.8292269943339116e-06 9.99347902025146e-07 0.0 0.0012323815226723603 1.5985839679751471e-06 5.6219572919598034e-08 0.0 0.0 0.00016484562481238328 0.0006746588547001517 0.00042325997524170526 0.00010620177597120277 1.607242484412092e-06 6.346811639716901e-06 7.668662360948526e-05 0.0002178626756138321 3.4351700232857755e-07 1.1188987189132467e-05 3.3110878169506336e-07 1.884970247494558e-07 0.0 1.8361021503789557e-07 6.410462022993671e-07 8.854121579428239e-05 4.613206962377698e-06 1.8643638960291545e-05 7.616959864427744e-06 8.502702413271904e-06 2.3965493261465425e-06 3.060688467071887e-05 1.1765824342687224e-06
8.96440939237352e-05 1.1832302926618963e-05 0.003203942215306201 1.372229580321158e-07 1.0461199914874247e-06 6.21456023493846e-06 0.00020309909718425035 0.00016181505799624756 9.278397322535429e-07 3.735037200482467e-05 0.0003364375307770121 5.637175409034205e-07 3.3056971607337095e-06 0.0003871822162580209 3.7484264858533595e-08 1.7457475235257722e-06 0.0 0.0002278990802644304 0.0035202414141941134 7.826210218512617e-07 0.00040430942292551573 6.264666420297102e-06 0.0029317781206908812 1.1877079017700879e-06 3.918277511954806e-06 0.002405296059523332 0.0035266505726752103 6.41875591268405e-05 0.00031696852206045535 0.0011036447283733369 1.0930169927515712e-06 5.8621010517675294e-06 1.5315597205141905e-05 0.0016257200468185974 6.868571311260467e-06 0.00021296741733443738 0.0004828729493080725 0.0008057484342018997 0.00023410721727205048 5.414029138339842e-06 2.2636482643242294e-06 1.649400206545381e-05 1.9710183904979964e-06 1.5451894554014314e-07 8.299932178642097e-06 4.946431712850338e-05 0.0 0.0 0.0 2.373221798692612e-07 8.214022995334247e-08 1.9405954262934496e-07 0.0 1.452693015556336e-07 0.0 8.59928719342023e-08 1.7679545512236863e-07 0.0 4.2961407061452726e-07 2.870035193276673e-05 1.7978023949036675e-07 3.2776113685162737e-06 4.481778672935367e-08 0.0 9.6537006312483e-07 6.00442804051555e-07 1.2466873135446548e-06 5.722181295261736e-07 9.225391322811592e-05 0.00010682277201680224 2.4993772322027993e-06 0.0 2.0895602444034182e-07 3.155687238797175e-07 0.0 0.0 3.5144102449975085e-07 1.5755210533108336e-06 5.062217655120021e-06 4.685748876284482e-06 2.2483344920500464e-06 8.464040760593684e-07 2.3661019318850105e-07 0.0 0.0 8.364736489063624e-07
1.3225107669556185e-06 5.821509394039764e-07 3.2721501306959014e-06 1.2315505756864166e-07 1.5386683897371528e-06 2.590886036692322e-06 4.186709725924845e-06 6.156820072221577e-06 0.0 9.436062028923595e-06 0.00220027177160536 2.828331358630247e-06 9.024923432471121e-05 1.2081251357573505e-05 0.0 1.1293100540596242e-07 0.0002278990802644304 0.0 0.0016199320603259425 2.616923581651266e-06 1.426073279286077e-06 0.0 2.9758858765533033e-06 1.497749669428391e-07 1.2122796677481563e-06 0.0020979981522408196 9.411582190504736e-05 9.260407180088805e-07 2.532001685861898e-05 2.7228503679360212e-06 2.8136789342289763e-05 7.988969717975934e-06 5.6829530102614715e-08 0.0002987367738487056 7.666482734317728e-07 0.00010548150746854054 0.0002420767604555381 0.0004560715678416604 0.00012338222694592926 4.600413876703414e-06 8.482604589856961e-07 2.464697031200692e-06 5.574245366230605e-07 0.0 2.3428229142641386e-07 0.0 0.0 0.0 0.0 1.0679391278804248e-07 0.0 0.0 0.0 3.2593126733909423e-07 0.0 6.719669816607642e-06 0.0 0.0 0.0 1.4830480741406686e-07 3.314986280562216e-07 1.835630248678015e-07 0.0 0.0 0.0 0.0 5.738537703103974e-08 1.146081532561607e-06 5.8491883675640245e-06 1.3447985140382141e-05 2.941774108154193e-07 0.0 0.0 5.817724934645421e-07 0.0 0.0 4.7409539623729044e-08 0.0 9.995940598984244e-07 3.373845326040683e-07 1.3344620889083493e-07 8.976819958667228e-08 0.0 0.0 2.2374483152869014e-07 1.800014418852948e-07
6.1294728187925185e-06 3.235838467842292e-06 4.4185389431131376e-05 4.807456218777338e-07 6.89418875943591e-07 7.122440907967032e-06 1.3581956939669508e-05 1.6387289340449343e-05 0.0 2.136557302391367e-05 0.000959705689997695 5.061121705575487e-06 8.065813655760406e-06 3.848840542412956e-05 7.265583666334622e-08 2.7667017133414003e-07 0.0035202414141941134 0.0016199320603259425 0.0 5.563510258292663e-06 9.679403515381612e-06 5.231957540347019e-07 4.446963313803807e-05 4.396503966474263e-07 2.937296784972977e-07 0.0026542481889270113 0.0005115862541034851 3.2984576424474474e-06 6.174802210953051e-05 2.0493368557327325e-05 6.058722078540251e-06 1.348963902089771e-05 9.589885070157105e-07 0.0021646925000388707 1.6093822242297777e-06 0.00029709757575207505 0.0004074689992721658 0.0012426129561845106 0.00022265840442772873 9.847486331593343e-06 4.5331109962557496e-07 5.233315298397368e-06 1.0808742809751191e-06 0.0 3.133770418833541e-06 1.9528066831564296e-06 0.0 0.0 0.0 1.4181479455980066e-07 0.0 1.2914682026604333e-07 0.0 1.8322226671050766e-07 0.0 1.7402891734863935e-06 0.0 0.0 0.0 9.189940395463868e-07 1.3177518484701816e-06 1.0569753394574194e-06 0.0 0.0 8.229867096979838e-08 0.0 1.9731337532081375e-07 1.536594303151967e-06 6.83171530168949e-05 6.649328019543005e-05 2.5873838731640204e-07 0.0 0.0 2.784057806609835e-07 0.0 0.0 0.0 0.0 4.0596472053763467e-07 4.552465157005742e-07 2.0797390193607516e-07 3.471589625609233e-07 0.0 0.0 0.0 0.0
1.473057170581176e-06 1.1439403101596028e-07 1.0497272087410977e-07 0.006781549417755711 5.1167928261596e-06 0.0005311363668294555 2.471507401811299e-05 0.00015699323699764305 0.0002069599314026694 0.0016547609148991694 3.660733782732537e-05 0.003956038554333553 7.196965627697564e-06 6.144991238411929e-05 0.00013339487556554826 1.3622323594861766e-07 7.826210218512617e-07 2.616923581651266e-06 5.563510258292663e-06 0.0 1.6006250996435166e-06 0.0 7.095323764657911e-07 0.000547975926169496 1.1001219604013782e-07 9.465830501393097e-06 1.9607823860175084e-06 0.0025127358801785107 0.00011855732443858557 2.44627244674537e-06 5.025954872745549e-07 1.8597894265104684e-05 1.8136649473925595e-07 8.733868301667276e-05 4.483330955008979e-06 0.00019640527452881727 4.157189787943868e-06 0.00021145064280089903 4.6530704516685486e-05 0.0002808711374666441 2.029475653996935e-05 2.1967160829056317e-06 3.3024175457380206e-06 0.0 5.592027824681625e-08 0.0 4.414067087979855e-06 0.0 1.4338761816498892e-06 2.8420628757820768e-05 1.1235064777448266e-06 3.9930444036877016e-05 2.818527319346574e-05 0.0 1.9517665309171053e-05 0.0 1.140046846197061e-06 6.060633341524569e-07 0.0 0.0 0.0 0.0 8.13077013472627e-06 0.0 2.293612356463097e-07 1.369130612522432e-07 3.943906317785114e-05 0.0 0.0 0.0 0.0001048676814695256 1.3071081699594078e-06 1.0940245472791475e-07 0.0 0.0 1.444847130466389e-07 1.2869199720330615e-06 0.0 8.443367564126078e-06 3.4309542703378966e-08 2.989651472371986e-06 1.205490246176161e-06 2.3631563011840326e-05 0.0 0.0 0.0
1.4820210468455967e-05 1.0500528038080047e-05 3.844789877876415e-05 9.598780046573746e-07 8.384219764986413e-07 5.779611455299868e-06 0.000699102876284967 0.00010809433730700921 2.6830068576907725e-05 0.00010056845249136846 5.7166667108806165e-06 2.0713248238588225e-07 1.0516549650686538e-05 0.00012988477826626866 2.483373088838456e-07 0.0016247344356916029 0.00040430942292551573 1.426073279286077e-06 9.679403515381612e-06 1.6006250996435166e-06 0.0 0.00015848207752464308 0.007311469134560248 0.0004435004902002527 1.2272104730153398e-06 1.5242386831030511e-05 0.00015612799888318227 0.0036454458536747955 0.00011836165740187237 0.004965018866060876 1.41650854947658e-07 2.1205202544121754e-06 5.9359262405620946e-05 0.002510535584116765 0.0001424113131260825 0.002339152707937183 0.0002982331564820435 0.002979271889000812 0.0017194304667253163 8.822965114778177e-05 4.677226928672261e-06 9.44927958378321e-06 1.8282846482253367e-05 8.307702610780122e-07 0.0 5.884023743009445e-07 0.0 0.0 0.0 1.1026980325227653e-05 1.5737017635037047e-06 8.295014792665483e-06 0.0 3.073222322878079e-06 7.085344587362849e-08 0.0 1.3893816634705114e-06 0.0 0.00025787270217833097 1.7009856066016299e-07 0.0 0.0 0.0 5.6893107138698066e-05 0.00013539022501794337 1.4398523515518332e-05 9.563835075970222e-05 0.0 9.955786350470331e-07 2.6992759453896873e-06 0.0001899622884223083 9.345223996085382e-07 1.0373408472656072e-05 0.0 0.0 1.7669473306848843e-07 4.886088255075775e-07 3.9584821235321755e-06 4.1390828879091254e-05 0.0 3.586611828415552e-06 1.3289376864791543e-06 6.532545795274211e-06 0.0 2.3178923465888563e-06 1.4933473918957155e-07
5.626200578616452e-08 0.001247815772750091 0.00011715509285636306 2.39328959570207e-07 1.0763738799841542e-06 7.342125258743965e-07 6.124860238303473e-07 1.816427564056609e-07 0.0014202427036282552 6.573373194091199e-08 1.0997833650250545e-06 1.3395532997502393e-06 2.358520228250396e-05 2.4565306553698483e-07 3.351700344496499e-05 0.0023584323117293816 6.264666420297102e-06 0.0 5.231957540347019e-07 0.0 0.00015848207752464308 0.0 0.0003946707639267855 0.001506286447013853 0.0001440772245511915 8.195889697967177e-06 0.005225902520758067 0.0002754727572053648 1.8264721135448353e-06 2.5281481209315694e-06 0.0 7.049556468206264e-08 6.776888032256769e-07 2.6549917260936423e-06 5.350430853238946e-07 3.5798523281647666e-05 1.4771970404647571e-05 1.0960075930045925e-05 6.6987518959746755e-06 3.5673864622905894e-05 5.7638308359597424e-08 4.997990827582687e-06 1.8799200113731186e-07 4.738873415956045e-07 5.028106619867002e-06 9.198740222958843e-05 0.0 0.0 1.3948624111229882e-07 7.613651306453577e-06 4.1714143902383484e-07 1.2677975791277836e-05 3.7463640237067585e-07 5.814063598991092e-06 1.8157155162803413e-07 4.1089253755391665e-07 7.453705695004308e-07 0.0 0.000726656748330243 9.911623715307506e-06 0.0 1.3649226390691913e-07 3.9934463534762245e-08 7.398125757836124e-05 0.0001150557392994179 0.0003119495157814078 6.233872827119671e-05 3.493405120709978e-07 1.0653695550991397e-05 0.0006686012931389251 0.00010673861343973183 5.666541616462365e-07 4.236436086622094e-06 6.584883587728843e-08 0.0 6.582346087645241e-08 5.3486960259346e-07 0.0 1.3159282905308904e-05 1.241825324901328e-06 4.322143153771599e-06 1.188739193938896e-06 2.6884741700338172e-06 0.0 3.7789544447242874e-06 1.996859175338099e-06
4.828393797500845e-05 2.670945982939488e-06 0.003972850063459327 1.241599279669162e-07 9.356624662191322e-07 5.499362706249515e-06 0.000518128832709764 0.000132417747570154 5.5727509538218215e-06 7.183698472246426e-05 1.5963265162575158e-05 6.601364508215635e-07 3.4000244525071e-05 0.0002465703276614461 0.0 0.002253771465622569 0.0029317781206908812 2.9758858765533033e-06 4.446963313803807e-05 7.095323764657911e-07 0.007311469134560248 0.0003946707639267855 0.0 4.889912607392782e-05 1.3250133607318878e-05 0.0003340687312035354 0.004098631047002121 0.0004770287874715729 0.00014795354368058415 0.0032961490099416833 0.0 2.6998534486390502e-06 9.886065195785692e-06 0.0011335274296451266 0.00022151367950462195 0.006966349093533632 0.003437357137362466 0.004929895036061568 0.005091545432032026 8.961330282651298e-05 1.2809807095199739e-05 4.355202746335484e-05 4.6673365708042834e-05 0.0 3.216382460881079e-06 0.00019043886535514417 0.0 0.0 4.950674067596846e-08 5.539019655659967e-06 3.8415674018432824e-07 2.4370484832392346e-06 0.0 8.345745056415471e-06 4.301324130473347e-08 2.432996136336065e-06 8.005068131708548e-07 4.031947927778386e-08 0.0008481957254157264 1.555663591027406e-05 0.0 6.721094637160205e-07 4.571159364082306e-08 5.257674707795407e-05 0.00035284461804950415 0.0006187460587386943 2.4744635778005453e-05 1.3058114809419688e-06 3.182018003091622e-05 0.0005429451033126014 5.7303343864853994e-05 5.951705875857245e-07 2.94143642513745e-06 3.0519040556027045e-07 0.0 8.937701319737993e-08 1.591605712408166e-06 9.16011917313308e-06 4.5210118382447775e-05 6.1675219482764015e-06 1.4286741757341247e-05 1.7159166884278118e-05 2.0295680646179565e-06 1.4911887491279686e-06 1.7307492590428827e-05 3.4974277303930667e-06
3.914024877685487e-06 0.0003108139017584607 7.235896422379037e-07 0.0011722533153968834 9.29967068868573e-06 2.5840718763273766e-05 0.00012202880858280087 1.1518278240992365e-05 0.003946044873001637 0.0003370749696704146 2.288024272149781e-06 0.00015995946837064795 1.9102477647458777e-05 9.002306022990024e-06 0.00053396618182732 0.0008054439773558441 1.1877079017700879e-06 1.497749669428391e-07 4.396503966474263e-07 0.000547975926169496 0.0004435004902002527 0.001506286447013853 4.889912607392782e-05 0.0 2.3179615368439446e-05 2.0265721934518404e-06 0.0003131209894052554 0.006927169537719672 7.735111945286616e-05 9.905690928510924e-05 1.0370097715243626e-07 2.6240528388383896e-06 2.706525789631346e-05 4.0844411879347696e-05 2.6342435898763766e-05 0.0005549228968327778 3.3192411171209334e-05 0.00012894204698668464 0.00012191284927266034 0.00046603657956897964 6.932463889348591e-06 7.160627705994773e-06 5.605005769069867e-06 2.830408874709928e-06 1.8432515344628105e-06 7.878678755353579e-07 2.0174577082077386e-05 1.0098989658559029e-07 9.980791499468295e-06 0.0004519207096133353 1.2746152628706541e-05 0.0007060645309113727 0.0001220277171970908 2.8434822991574925e-06 8.71159193240107e-05 6.167523068360711e-07 1.1964071151465756e-05 2.772523410583761e-06 0.00021650891015897883 2.8426268520787473e-07 5.567038031021246e-07 2.356119435067368e-07 3.427241219780175e-05 2.900483183830359e-05 0.00016572190080375258 1.2281717705048756e-05 0.0013915608053736246 2.601392299187333e-07 2.760982438644549e-06 6.988239933320991e-06 0.0022752214576227895 2.718441848071679e-05 3.538214704349174e-05 0.0 8.993547379162144e-07 4.85270289597026e-06 1.753077262159108e-05 2.749304482431161e-06 0.0001669558414194054 1.586912567309728e-06 4.704254244885724e-05 2.7048741210516503e-05 0.00011204250874087587 1.9916499320485002e-06 5.102155491126804e-06 1.3102240143738588e-06
