0.0 1.933675635969473e-07 0.00014516282424000937 8.895483168412174e-06 4.372802767903411e-07 5.318746479980362e-05 0.0025241550595600172 0.000534714427353519 6.746606243128464e-06 0.00011863811206436023 1.4603551072934618e-05 1.4777358174071808e-05 5.230975972884741e-08 0.0019980343051686296 0.0 5.886665469932638e-06 0.0002999941405536376 2.2089101906829466e-05 5.9836570038947395e-05 9.410096783296077e-06 6.08845887211604e-05 1.8312129591969708e-06 0.00016682495888078487 8.053502774750622e-05 5.1741980479099214e-08 7.63663632549852e-05 6.967870525071391e-06 0.0002294227444713741 0.0027153777370979497 0.0014698151703910827 5.764292297750987e-08 1.2649462229964543e-06 0.00010865682844251596 0.00025109750686525364 3.272891182137691e-06 7.251604115427787e-05 5.471285092627485e-06 0.00013251223072884068 3.5874561401554844e-05 2.0748110755393513e-06 5.98057584427414e-07 1.635068258828575e-07 0.0 7.722381294758854e-08 8.474933616217387e-08 3.1531563959333684e-07 8.067389056312963e-07 0.0 0.0 7.432546274972563e-06 5.716353913604226e-07 2.4138250574971196e-06 0.0 1.2734390187605409e-07 0.0 5.866548071141546e-08 6.292804149313927e-07 0.0 6.611650409567707e-06 0.0 0.0 0.0 7.7588377538692e-08 2.645459132160558e-06 1.1555412573501302e-06 3.2920556522868e-07 1.3029490517412475e-05 0.0 6.836997387708846e-08 3.836556571810783e-07 1.5419283014933496e-05 8.929321004374969e-07 1.0999097266897684e-05 0.0 0.0 0.0 1.1565206971052302e-07 1.4440394777243078e-07 8.944763481681162e-06 3.18407875531627e-07 2.5903847783342563e-07 9.658004089535885e-08 1.019514308858812e-07 0.0 0.0 0.0
1.933675635969473e-07 0.0 8.234939659572587e-05 6.674831065183088e-08 0.0 8.494593699575699e-07 7.859192794612011e-07 5.441192914164364e-07 0.0006945590561000097 8.675315010639337e-08 1.3424555674820663e-05 6.424710768511154e-06 0.0002825581236457859 6.640124593233278e-07 3.42681718095248e-06 0.00012471341123801446 1.5748373712202394e-05 3.7375287103709026e-06 5.78033872104651e-06 4.924321749882704e-07 6.964403338274333e-06 0.0018266977732978693 0.00017544725726170043 0.0002273858956557268 0.0014161925007566405 0.0007128609336390445 0.005971719822773291 7.4590825393974666e-06 1.5968970558479741e-06 1.8138107956309123e-06 3.453419956052056e-05 0.0 5.197769243483238e-07 3.6449843747891795e-05 1.8814250378825274e-06 5.608580803627949e-05 4.2806535788136686e-05 7.355240322732003e-05 2.3756726746161888e-05 2.6778910774524244e-06 0.0 3.741888339880861e-06 1.6274923721099147e-07 0.0 1.505144565862771e-05 2.960725150560987e-05 0.0 0.0 0.0 6.206809709210692e-07 2.496908826001157e-07 6.963886120410652e-07 1.7827988362965238e-07 7.501903269007241e-06 0.0 1.56450766330276e-05 1.297764702854505e-07 0.0 3.882297613424525e-06 5.798451813725351e-06 1.5365795091189966e-06 8.198272681421122e-06 0.0 9.530371422019704e-07 1.1438073509064571e-05 5.038864137969691e-06 2.9656125602665255e-06 1.4160288448038436e-05 0.00027467324998493815 0.0008915988485269015 1.8539301214595478e-06 1.1982766896732827e-07 1.060201840144564e-06 1.6626306682327353e-06 6.34990223720504e-08 0.0 9.045920736022129e-07 1.3865070033420741e-06 6.261038295104869e-06 1.2052763704136471e-05 6.43604443427001e-06 2.090305174676141e-06 0.0 0.0 1.7957421858092375e-06 0.0
0.00014516282424000937 8.234939659572587e-05 0.0 1.705765784126787e-05 6.414852181086085e-08 0.00011432807869747865 0.001258452221113391 0.000383509198736202 1.4110127813597068e-05 0.00020797080548687927 5.809684181155227e-05 5.171304693522027e-06 4.048754885187102e-06 0.0003853256867483459 1.7114245774160273e-07 9.221426172045877e-06 0.0011720632551572852 0.00011162523390922657 0.000180931981849809 2.4760160443805523e-06 0.0004596180574844129 2.5658207484244982e-05 0.008474705057497806 0.0002759910480121063 7.957223655538419e-06 0.0037981074005068193 0.002535919088204404 0.0007383860413923762 9.285424577025395e-05 0.00043736146654403733 1.843244321344588e-06 6.630073253525689e-07 2.394025639846505e-06 0.0005338287885846103 4.9525491787625743e-05 0.0010368364576386336 0.002460780634470027 0.0012391264866436905 0.0003686230681034408 2.2521555161917136e-05 2.1292011788045967e-06 9.616570269147436e-06 6.544493330531955e-06 4.206946504343654e-07 8.481423890866273e-05 0.000339735937943112 3.5869057577772274e-07 0.0 0.0 1.3200119988920701e-05 9.595495603532215e-07 1.3310948548065448e-06 4.3107307385409375e-07 3.71903151352266e-07 0.0 2.2747302227004002e-07 2.242838403918285e-06 1.0205183316460737e-06 2.494699487252876e-05 8.005338541289598e-05 1.1661884349592444e-06 1.9380404154851378e-06 8.644380473903047e-08 7.23217715430805e-06 0.00011358741471515211 7.269646810826664e-05 9.22509947069691e-06 8.17047507151007e-07 0.00022787559696281257 0.001722241651658449 1.0913429129126414e-05 8.79531821108193e-07 6.96629166016941e-06 9.14917337800483e-07 8.619487934008632e-08 0.0 5.090851350050539e-06 2.242171747603323e-05 5.787140334596987e-05 7.222480728639003e-06 4.800888750162308e-05 2.5838975733932056e-05 1.6700144216843392e-07 2.845966623076897e-07 0.0 0.0
8.895483168412174e-06 6.674831065183088e-08 1.705765784126787e-05 0.0 7.71641165169172e-07 0.00014957571902095252 4.8378886388895114e-05 3.8505797968450436e-05 0.0006924403048713544 0.0029284704289804474 1.5060650403357923e-06 0.0013788098953527543 1.3097352949347936e-07 6.155743087795112e-05 1.2518243433352036e-05 3.410070950526941e-07 6.02766298067975e-07 1.1001912589819815e-06 1.5270267609982936e-06 0.0026415717480412514 1.7493008296757547e-06 2.295580693091861e-07 1.6147843088529555e-05 0.0006721282522837123 0.0 4.499952055376654e-06 6.163112839319873e-06 0.0022067032045435283 9.25843674995241e-05 3.777759951151118e-06 1.0477618618299439e-07 8.702196771949486e-07 1.3210330172055513e-06 3.972155896808621e-05 4.578460020978518e-06 0.00020343866688525114 2.498824820931823e-06 0.00012797463343067203 4.992481106792454e-05 4.719193443492153e-05 2.745923901005236e-06 6.170189363219265e-07 3.212753905904007e-06 1.1928714161969442e-07 5.045684653309582e-07 9.012157856743368e-08 0.0001619058026830292 0.0 7.375210972237352e-06 6.366290907047236e-05 6.024598970831847e-06 0.0001149598768258891 8.752349173992578e-05 0.0 0.00014970319666568612 0.0 2.817630728480796e-06 2.0555470149350754e-06 0.0 0.0 0.0 0.0 6.057803056732884e-05 7.469462738681232e-08 2.070745757439212e-06 7.89080124638067e-07 0.00018019661604620963 0.0 6.02139123777052e-08 1.1219445989451852e-06 0.00023331845739301159 1.0424012741666606e-06 1.0832512868639581e-07 0.0 2.598334154629278e-07 7.924599947373993e-08 7.775688724755612e-07 0.0 3.9599996817788335e-06 5.302180002512597e-08 7.499675158361314e-07 5.444544020340202e-07 2.3683206259189236e-05 0.0 7.05750185861291e-08 0.0
4.372802767903411e-07 0.0 6.414852181086085e-08 7.71641165169172e-07 0.0 0.0004377952675429335 1.1465743261838894e-06 0.00013406422966962456 2.2985054965096725e-05 3.2873264756186414e-06 2.355236598545916e-05 3.334624929189411e-05 4.399484759731147e-06 1.9037456938486605e-05 0.0006227525442768144 0.0 5.8976297508980063e-08 3.4690224569739717e-06 4.58991447593524e-07 1.470879095243924e-06 0.0 0.0 1.6662111297858365e-07 2.380506301518297e-06 1.3561995952316277e-06 4.433500278501637e-06 9.47636085134244e-07 6.732421016673339e-07 8.796819299227785e-05 1.9802189520681367e-07 2.864064199777956e-07 6.864447278367654e-05 0.0 0.00020117210064947758 4.992493466298758e-07 0.0001292340454727587 6.491779414591785e-06 0.0001540452745198441 6.515664046615815e-05 0.0008664316667485492 0.00031758476841613675 1.1351830168931874e-05 5.646791294809713e-06 0.0 0.0 0.0 0.0 0.0 0.0 8.308233665023374e-07 9.478730107661985e-08 0.0 0.0 0.0 3.3547943917475466e-07 2.1434616004169253e-07 4.1050302761568734e-07 0.0 0.0 0.0 0.0 0.0 0.0 0.0 0.0 0.0 3.990261003680584e-07 0.0 0.0 0.0 7.408109173168954e-07 0.0 0.0 2.2466386920696168e-07 0.0 0.0 2.0359169081616996e-06 1.5519742613476876e-07 2.571426475851989e-06 4.751749625187675e-07 9.096650879912207e-07 1.7238724811581476e-06 3.030633751812715e-07 1.5918102303106606e-06 1.3380521725640133e-06 6.68863724107047e-07
5.318746479980362e-05 8.494593699575699e-07 0.00011432807869747865 0.00014957571902095252 0.0004377952675429335 0.0 0.0007012540179083336 0.0036240559032129738 0.0003978808891392961 0.0047159909357737595 0.00012880637128597088 0.0038420195632023002 1.6659141718312125e-05 0.001051251326516611 0.0010114787292364114 0.0 2.636056840822314e-05 3.352552197485032e-05 1.3566704052015271e-05 0.0004140531227614003 6.195123595327358e-06 2.2949993969798464e-06 1.491788247286606e-05 9.262431268412528e-05 6.135312124183706e-06 8.920634485184428e-05 1.1036492026604251e-05 0.00022594275556180675 0.00034056221661477623 1.700585208190038e-05 3.455218909365363e-06 0.00011808165650001502 1.2691511950444239e-06 0.000455602222054713 4.05294857796149e-06 0.00038639290171404376 3.111629424372749e-05 0.0006027839899561478 0.00028208412966329485 0.0009135845869067976 0.0001467221809609648 3.4262649623308094e-05 6.766322205317159e-06 1.519319673444617e-07 0.0 8.181429970839428e-08 2.4642228428514797e-05 0.0 1.994081184372305e-06 1.5675449357417312e-05 2.5381883846916015e-06 6.159492623781841e-05 1.0632904411428667e-05 5.976925530377638e-07 9.69346634892404e-05 1.5001619262093597e-06 2.401966953718801e-06 2.5816115837866024e-06 2.4766232833291916e-07 0.0 2.7792573560643836e-07 7.34216829715554e-08 1.5235634745060489e-05 0.0 5.644605657757643e-07 7.499550441966981e-08 3.685589015845164e-05 2.828600702358875e-07 1.3231807471712883e-06 1.114668401967427e-06 4.2832107824350433e-05 2.5803402883879506e-07 1.4698816076363157e-06 4.113096910217276e-07 2.0275468956370964e-07 6.788886186621845e-08 3.5229184438297025e-06 1.068877341874622e-06 5.9235252582090546e-06 1.4227318288952918e-06 7.1504483294726804e-06 8.503540325005153e-06 3.141452159611237e-05 2.82025561281755e-06 4.342923596720623e-06 1.6895988024957237e-06
0.0025241550595600172 7.859192794612011e-07 0.001258452221113391 4.8378886388895114e-05 1.1465743261838894e-06 0.0007012540179083336 0.0 0.0018640607135952387 6.7544516400472e-05 0.0032982691183098887 1.7429133887171564e-05 4.6795927856470315e-05 8.936008756119487e-07 0.005772023565022882 6.312757148760316e-07 2.2509804157961906e-06 0.0001538350735258235 2.0885927640375343e-05 3.7754032872297594e-05 1.2395120257974903e-05 0.00042048021668363554 7.849737749456696e-06 0.00040813272339936386 0.000556413479310418 0.0 0.0003174943706171402 9.659339658527917e-05 0.007649400698207521 0.0020302355466189333 0.00430572668880686 6.024243985758745e-07 4.13103386762708e-06 0.0001008235278622557 0.00043739071078801423 5.2692876898387544e-05 0.0015820956838645138 4.835523452850336e-05 0.0007831977988318585 0.00035190615452427437 8.912450393954482e-05 1.181744897367099e-05 1.5659637723643006e-06 1.0811586543484276e-05 2.442519975988531e-06 1.4636749526809715e-07 1.2777026196912006e-06 5.020529361138837e-05 6.058229253953848e-07 9.801817121087119e-06 0.00023331188362129486 1.9271253604560816e-05 2.9211041164519105e-05 2.2691011989810884e-05 9.037211746570239e-07 4.152619706572192e-05 2.2732691432491171e-07 2.769678087190159e-05 1.7957519175441575e-06 4.66612873047367e-06 3.629392594504757e-07 7.200778213904519e-07 3.746822263524633e-07 2.0076378650620823e-05 2.626102036576358e-06 2.5613184810077385e-06 2.4508166960673996e-06 0.00027343117012722663 0.0 2.236108787447576e-06 1.3711835424140429e-05 0.00037737989059014813 9.319354393104869e-06 2.1015545863416498e-05 1.900660040277269e-07 1.9460307888699155e-06 1.4343773059355732e-07 3.8003029265212006e-06 3.4579560536787105e-06 5.405679763586822e-05 2.740768511894421e-06 1.5149268926122148e-05 4.281272584130024e-06 2.9669596657787258e-05 1.2323279083848033e-06 1.2271290511962728e-07 1.501138580394871e-07
0.000534714427353519 5.441192914164364e-07 0.000383509198736202 3.8505797968450436e-05 0.00013406422966962456 0.0036240559032129738 0.0018640607135952387 0.0 1.4399927387137193e-05 0.002142374664034599 9.507475932057092e-05 0.0008291232918778907 7.907573536342468e-06 0.0030512150836797575 0.00017926849573772215 6.70994801542019e-07 0.0001604735643596605 3.8023759017440166e-05 4.390279803926807e-05 0.0002316516966028631 2.7685856456546894e-05 3.216300976139324e-06 7.0382966897192e-05 7.319560248545876e-05 4.101120914436419e-06 0.0002197457995640059 1.2900711509365143e-05 0.0001733673573615082 0.0002399665934188402 0.0001532207926623381 3.4326073957912666e-06 0.000334770486593572 1.8425301347897743e-06 0.0003005488768761026 7.852930489151655e-06 0.0003080383686922456 2.3922667591588753e-05 0.00046616453587069095 0.0001928984438031077 0.00027638396894561173 5.584992236045238e-05 1.581538485580553e-05 4.940124184681304e-06 2.678339670855837e-07 8.306246320949621e-08 2.1328328512026125e-07 7.923568292142323e-06 0.0 9.338759193470987e-07 2.599849931200275e-05 4.40219063361576e-06 4.341585092479035e-06 4.240903135462694e-06 3.52924193034306e-07 2.6123006605957714e-06 6.114372383644079e-07 2.169917950960184e-06 4.778201069272296e-07 1.09115710882501e-06 0.0 1.1445679144042788e-07 1.3074540707324844e-07 1.3608607715288805e-06 4.5152746567864913e-07 4.0264663048771953e-07 9.518193865670706e-08 2.740816957465337e-05 1.1473628199638876e-07 4.993339944576497e-07 8.48601231863957e-07 4.0074388822149e-05 4.64714636249676e-07 2.6521225799372668e-06 3.7403227026290065e-07 4.0444824455274377e-07 0.0 1.8217513585664158e-06 8.419661116555791e-07 1.0809054090333674e-05 4.29637749505237e-07 3.874337668201538e-06 4.062131773850095e-06 3.161931924473757e-06 1.4695828565664047e-06 1.1973242887166133e-06 1.7859463269758355e-07
6.746606243128464e-06 0.0006945590561000097 1.4110127813597068e-05 0.0006924403048713544 2.2985054965096725e-05 0.0003978808891392961 6.7544516400472e-05 1.4399927387137193e-05 0.0 0.00017419974681176539 2.5558559739704527e-06 0.0006188374224348063 1.6767450503975484e-05 2.882340452755793e-05 0.0006046577015641052 9.916655252437732e-05 2.487946496859719e-07 1.0150762166018236e-06 8.017409443303683e-07 0.0003943417425505409 6.219986491991884e-05 0.001985492470173081 1.437615898439957e-05 0.0051768567489397085 0.00011333487409845876 1.5081275476011975e-05 0.00018581390426739607 0.0011433658693767855 3.2566089697631965e-05 4.050009200281226e-05 2.923939333110368e-06 2.0137833404865904e-07 3.867232451413212e-06 1.2270546191532162e-05 2.621160816668345e-06 0.0002402457846529177 1.830163490019457e-05 3.7666239974093414e-05 1.163424741478552e-05 0.0002875178255543254 4.6423599015286815e-06 8.510805765320747e-07 3.196061068099199e-07 1.1175044253755461e-05 2.1456017296845865e-06 1.6182240362255022e-06 0.0001545999062819716 0.0 6.143945994586851e-06 0.000149096988565529 7.463836745600743e-06 8.431212563624895e-05 4.6693112995416e-05 3.788190610343006e-07 0.00012523785885221742 1.7255810551693511e-07 1.8544968093139982e-05 5.443814997709838e-06 0.00019129654917664885 7.907226923199823e-08 2.041928451472303e-07 2.0124876193465907e-07 3.6344975739390317e-05 5.7841029764091525e-05 7.834453400665599e-05 1.895421100822655e-05 0.0009096844478977438 0.0 9.855240276532292e-07 6.847074934095715e-06 0.0004467243632662707 1.9738145079724733e-05 0.00013120731530141344 0.0 1.4123091712393634e-06 1.9186255028418064e-06 4.057430087557222e-06 3.1110889675522876e-06 5.049776667212697e-05 1.2750170058782953e-06 1.2867993680406788e-05 6.867901557170115e-06 1.4816959668095198e-05 1.276935035441758e-07 0.0 7.280312923205524e-08
0.00011863811206436023 8.675315010639337e-08 0.00020797080548687927 0.0029284704289804474 3.2873264756186414e-06 0.0047159909357737595 0.0032982691183098887 0.002142374664034599 0.00017419974681176539 0.0 2.1092127123090612e-05 0.0026445610657276825 1.1833084999861577e-06 0.0018232949898489628 5.473497819216957e-06 1.8205752190367368e-07 2.579859540175513e-05 1.32511469329672e-05 1.5556506023075084e-05 0.002587953304014397 3.668060729400454e-05 2.2086796490285082e-07 4.1058091812858544e-05 0.0004829184049724271 3.795270929517539e-07 6.939685587797712e-05 1.7324649186237623e-05 0.0039798204994536505 0.0005268587024357542 9.520851559856619e-05 1.0024147423767772e-06 8.554395986965332e-06 4.620327126822386e-06 0.00020432893171401422 1.2699244879356591e-05 0.00040359480408123254 1.1085951603199929e-05 0.0005568680467914845 0.00016380444452740044 0.00012640318373523468 1.5503932593201896e-05 2.8304000636135216e-06 1.3040996837746854e-05 7.366661013946885e-08 3.341836520740912e-07 1.4582237604345462e-07 0.00010204907865234379 0.0 3.939986921970668e-06 4.678006182036972e-05 2.9575058373439733e-06 5.7902995145207764e-05 4.797906841045759e-05 0.0 8.44150785174562e-05 2.661668518887865e-07 2.3949806081951817e-06 8.999138642319015e-07 5.699138281722663e-07 7.777326528048012e-08 0.0 4.739703482777377e-08 3.223605596582072e-05 2.0645968992474101e-07 9.181860032938506e-07 4.11990643549573e-07 0.00011145771283401939 0.0 2.68680973048636e-07 2.881366909884074e-06 0.00015232609326767661 4.968673294587525e-07 1.5548096058683557e-07 1.1734195148426818e-07 6.409909190387932e-08 1.3896298450285587e-07 6.249791961265431e-07 1.2569080687213007e-06 6.028923595524697e-06 1.6322458020069148e-07 1.29698873652681e-06 5.273825238092633e-07 8.928216985220758e-06 3.1335883023321473e-07 5.75257159511012e-08 0.0
1.4603551072934618e-05 1.3424555674820663e-05 5.809684181155227e-05 1.5060650403357923e-06 2.355236598545916e-05 0.00012880637128597088 1.7429133887171564e-05 9.507475932057092e-05 2.5558559739704527e-06 2.1092127123090612e-05 0.0 4.931474923625639e-05 0.0022158569898099926 9.891690848907053e-05 1.6248468116418781e-06 3.263432326485546e-07 5.778831080977139e-05 0.0027700835201259506 0.0006150804888225913 1.3417446170589167e-05 3.3666400188125356e-06 5.1818164944786905e-06 2.7176922876823053e-05 5.230395782882326e-06 0.0005701338263595552 0.0019820554627849275 0.0006025413735983316 8.875487857736641e-06 0.00019545011854072146 8.36987591499343e-06 0.00036646859389318723 7.743738441992463e-05 5.182120887722341e-07 0.004280156466810737 4.272640459147532e-06 0.0002133322883581494 0.002100795153830746 0.00166373439336982 0.0003331637989658915 1.582516519866115e-05 7.735635038413494e-05 0.0006570414378471792 3.781933429518874e-06 0.0 1.2264337507017917e-05 5.640606158252593e-07 0.0 0.0 9.528576074217777e-08 1.2794255477577159e-06 4.533169987943279e-08 6.139911287308805e-07 0.0 0.0002513728128208639 0.0 0.0004960341708665595 2.391457461385385e-07 1.761750280956536e-07 0.0 6.574510831375392e-07 7.117863596449962e-05 1.8816820723840517e-05 0.0 6.052496764844043e-08 1.933268638375692e-06 0.0 2.110780785538984e-06 9.032273236630753e-05 0.00015672125368685312 0.00012652787345609129 3.879959008518248e-06 3.4438105913563104e-07 1.0397896022583383e-07 8.62160910364445e-05 2.7642191364474537e-07 0.0 8.548248828529106e-06 2.721672402362922e-06 9.939084439573371e-06 0.0003321351666302804 6.2708448141963874e-06 2.0455651368807983e-06 0.0 3.8942814889678064e-07 2.148437488742659e-05 0.0
1.4777358174071808e-05 6.424710768511154e-06 5.171304693522027e-06 0.0013788098953527543 3.334624929189411e-05 0.0038420195632023002 4.6795927856470315e-05 0.0008291232918778907 0.0006188374224348063 0.0026445610657276825 4.931474923625639e-05 0.0 5.020399850418994e-06 0.0005963648690342732 0.00031935202936048937 0.0 3.996516895734814e-06 2.2044374660329085e-05 1.2452519238120567e-05 0.002088928750539167 6.547775249044932e-07 2.3076943741484162e-05 1.9448750869983484e-06 0.00027627074063602507 1.6811254752753747e-06 3.149426825224918e-05 6.83801036085085e-06 0.0006831166367624355 0.0003392460889653207 1.7229856958406776e-06 2.3247818140160297e-06 2.3666091866779446e-05 3.2642058928598437e-07 0.0001991380567451152 2.5288179163295018e-06 8.505034394428952e-05 5.8966385143318075e-06 0.00046893582000314326 7.5865342083141e-05 0.0003481219764837957 2.6115961058201015e-05 4.012190646351434e-06 3.5572199578924245e-06 3.033114481654781e-07 3.313832362620725e-07 0.0 5.34068346052141e-05 0.0 3.0208436822960713e-06 1.1092602673204304e-05 1.7092705558177041e-06 0.00012449074786949685 3.1088401584499315e-05 4.297707820171595e-07 0.00017720967587132842 2.2669276849917108e-07 3.1406307702332166e-07 8.409431586650782e-06 2.973598275813631e-07 0.0 1.996683291984317e-07 0.0 1.9922234631515223e-05 0.0 2.127485379563713e-06 1.6565493131699086e-07 5.462116627784756e-05 0.0 3.6483595327601385e-07 3.711009174585225e-07 5.1714766580475265e-05 2.580835500759271e-07 9.79367259255618e-07 1.5902808663502251e-07 6.648300163867578e-08 0.0 1.219811121413656e-07 0.0 2.3496071399936104e-06 4.533507148415351e-07 9.410804424523449e-07 8.995197391154365e-07 5.4758600451444784e-05 6.48421144315283e-07 3.3328181250348934e-07 0.0
5.230975972884741e-08 0.0002825581236457859 4.048754885187102e-06 1.3097352949347936e-07 4.399484759731147e-06 1.6659141718312125e-05 8.936008756119487e-07 7.907573536342468e-06 1.6767450503975484e-05 1.1833084999861577e-06 0.0022158569898099926 5.020399850418994e-06 0.0 5.716684711409149e-06 5.044590213673376e-07 1.8762958097859181e-06 4.90004909308887e-06 0.00014304119241781768 7.94487419555069e-06 6.831909486505315e-07 7.794999673244345e-07 9.624418370960799e-05 1.484744442921002e-06 3.89680360151582e-06 0.002235980415467566 0.0004579196021486072 0.002415859901189757 6.190036419691134e-07 1.2635325093907532e-05 2.3774163640554597e-07 0.000488913209663451 1.2405694878853384e-05 1.653883893468047e-07 0.0008653132082214465 3.797467977764518e-07 3.54625661052415e-05 0.0006721563383700513 0.0009180800051153283 8.258915116386902e-05 3.842558271760727e-06 3.909311335639499e-05 0.00028450312824908537 9.885206104806164e-07 0.0 8.250160673441305e-06 1.1969595059479283e-07 7.239197611642862e-08 0.0 5.170724457854537e-08 0.0 2.3101843841485465e-07 2.4559635407352504e-07 0.0 0.0002591613497392633 0.0 0.0004483748958810504 7.756232307632799e-08 0.0 3.553255519017353e-07 2.0876533479450046e-07 5.5952286273814965e-05 7.711859812806244e-06 0.0 0.0 1.437086137902282e-06 9.315567779106618e-08 2.629110588727352e-07 0.000118482923994492 0.00012502080798021354 0.00010344657350490388 4.426998079179442e-07 0.0 6.66573711914706e-08 6.378808835137874e-05 3.9851017634817585e-07 0.0 9.090460085959659e-06 0.0 4.32686928351488e-06 0.0003789430788138708 8.267116384788587e-06 8.171284358120988e-07 2.62516319814703e-07 3.923172665804737e-07 7.878311662602222e-05 0.0
0.0019980343051686296 6.640124593233278e-07 0.0003853256867483459 6.155743087795112e-05 1.9037456938486605e-05 0.001051251326516611 0.005772023565022882 0.0030512150836797575 2.882340452755793e-05 0.0018232949898489628 9.891690848907053e-05 0.0005963648690342732 5.716684711409149e-06 0.0 0.00010098706781561367 3.427197317334235e-06 0.0003061287673465201 4.848252161287805e-05 7.999921018410529e-05 0.0002813452831763317 6.75129976298372e-05 6.216159136120908e-06 0.0001686012288950204 0.00024016357527420015 2.5075818906340263e-06 0.00021672375785846134 1.7519966521699216e-05 0.00038445411551177175 0.0030110820752271695 0.0007538083880670586 3.712382820639146e-06 0.0002668125278162179 1.046211185471512e-05 0.0005230542872677311 5.697991469319072e-06 0.0004203681585771187 2.154612419662856e-05 0.0006750082436702004 0.0001761977499512711 0.00013589249287806573 2.065753375903087e-05 5.766924782785818e-06 2.5680460273283705e-06 7.532930394220503e-07 1.37554800430374e-07 2.22280938734334e-07 1.0726469527358088e-05 3.3790594935083804e-07 3.0131991305259658e-06 5.2636203338405205e-05 3.4315724577480786e-06 8.650790307999755e-06 3.18853035428773e-06 3.075200632716704e-07 4.459348872558738e-06 7.415279097368869e-07 5.712017679834473e-06 0.0 4.830110006340312e-06 0.0 3.7221828096249067e-07 7.698909446093636e-08 2.1628574656499896e-06 2.315104354574889e-06 9.781254939389452e-07 3.5967609913562155e-07 6.837574967191127e-05 6.462295657295362e-08 1.2411252749789436e-06 1.1168855682169904e-06 0.00010337173422578047 2.482938945892993e-06 9.87859895191941e-06 2.138206463560129e-07 2.8085750954428797e-07 3.4117692346745276e-07 1.0561191135029708e-06 4.213274263078493e-07 1.7341109502553288e-05 1.2538234537766754e-06 3.805722209027838e-06 3.0199999692923328e-06 5.540894710932197e-06 4.69276425047652e-07 6.691686754793939e-07 3.5985933786080435e-07
0.0 3.42681718095248e-06 1.7114245774160273e-07 1.2518243433352036e-05 0.0006227525442768144 0.0010114787292364114 6.312757148760316e-07 0.00017926849573772215 0.0006046577015641052 5.473497819216957e-06 1.6248468116418781e-06 0.00031935202936048937 5.044590213673376e-07 0.00010098706781561367 0.0 0.0 2.99133799054185e-07 6.518976112704065e-07 2.4243975067475787e-07 1.1455955262472327e-05 0.0 1.4076133858889881e-05 3.175842094959116e-07 0.00012004368002527366 5.962896813356997e-07 8.571468671939748e-07 4.218376168238426e-07 1.6970662285720496e-05 0.00015044183205822816 7.57857892853963e-08 1.2553503721186374e-07 0.00020509540344552498 4.0862550297394883e-07 1.425515139077522e-05 2.3887350110784647e-07 3.8429130706217985e-05 5.878789000467161e-07 1.4499277943368087e-05 3.593012462030701e-06 0.0010592855221878722 7.248002454117207e-05 7.546952007784992e-07 8.955462128903956e-08 0.0 0.0 0.0 6.606288807124973e-06 0.0 3.285993867245656e-07 2.0561745241032167e-06 0.0 7.81246409251485e-05 4.633219483667766e-06 0.0 7.881823559567046e-05 0.0 0.0 1.7118392467424463e-06 1.138383138093864e-07 0.0 0.0 0.0 2.73916546987206e-06 0.0 0.0 0.0 7.805519151007547e-06 0.0 0.0 0.0 1.1705517927689003e-05 0.0 0.0 0.0 0.0 0.0 0.0 0.0 4.196279041293346e-07 0.0 1.0083650285259167e-07 0.0 2.4451361403254776e-05 0.0 3.333319223127019e-07 0.0
5.886665469932638e-06 0.00012471341123801446 9.221426172045877e-06 3.410070950526941e-07 0.0 0.0 2.2509804157961906e-06 6.70994801542019e-07 9.916655252437732e-05 1.8205752190367368e-07 3.263432326485546e-07 0.0 1.8762958097859181e-06 3.427197317334235e-06 0.0 0.0 8.37708553229151e-06 1.9367935458278332e-07 9.369843866826826e-07 0.0 0.0013221483590760477 0.0011299699803385527 0.0019811430214024314 0.0006587026937581745 1.1704169214766158e-05 2.398003209967652e-06 0.0009424682007497823 0.000541619655710616 2.683359517397762e-05 0.0002682643754230856 3.353140098289093e-07 0.0 1.9977229675253654e-05 7.58368154962647e-05 7.709237740930734e-05 0.0012844567928047322 0.00037512456038820265 0.00022743944977860766 0.0003182225426314639 2.134788901507706e-05 5.682860001618534e-07 1.7366206885827365e-07 1.7873534303082034e-06 4.227469992500922e-06 7.477578183633151e-07 3.535828615128317e-06 5.327209131720903e-07 0.0 4.4385783363445084e-07 9.06853540048642e-06 1.0762463404330311e-06 1.2495041896562666e-05 0.0 8.708649500773524e-08 4.784704181895996e-07 1.1765332641052996e-07 8.360938909673147e-06 5.818467262699057e-07 0.0013790505033757841 4.0591317001814024e-07 0.0 0.0 0.0 0.0001071292553141143 0.00033062768246147574 0.00042957433111724 7.215411563412784e-05 0.0 9.537408968240445e-07 0.0002913690913288861 4.5923640870580996e-05 1.2767518875393354e-05 4.283317515415365e-05 0.0 2.0425598472457355e-07 1.422523007580189e-06 2.045326364350246e-06 1.4186136676774935e-05 6.888819140507854e-05 2.5461018682374967e-06 8.077312112676455e-06 8.231835319345025e-06 9.415101518249833e-06 0.0 0.0 3.6560059973895064e-07
0.0002999941405536376 1.5748373712202394e-05 0.0011720632551572852 6.02766298067975e-07 5.8976297508980063e-08 2.636056840822314e-05 0.0001538350735258235 0.0001604735643596605 2.487946496859719e-07 2.579859540175513e-05 5.778831080977139e-05 3.996516895734814e-06 4.90004909308887e-06 0.0003061287673465201 2.99133799054185e-07 8.37708553229151e-06 0.0 0.00022454507462152815 0.0008772101473936549 2.559156569499196e-06 0.00013705233584131486 1.0542663444059008e-06 0.0009211345636017272 2.867937775301126e-06 4.692469071430271e-06 0.00198810452195648 0.0012815672693716237 2.270004373494056e-05 0.0003963778474567434 0.00037602611919977425 1.9451456322734622e-06 6.059645835326274e-07 1.7012948906462655e-05 0.0009181644817447354 5.6239034669393326e-06 0.00030626495586819535 0.0014576367302452924 0.0012023032390429322 0.00020704922493977525 2.329468075661272e-06 1.0352312890799762e-06 2.3606864812194615e-05 1.333812616832408e-06 0.0 8.646791386918989e-06 1.3176392568051145e-05 0.0 0.0 2.0504392037587465e-07 6.589068755878908e-07 0.0 3.1739960081847206e-07 0.0 2.3143265616441852e-07 0.0 4.444620485403307e-07 2.3964281555625065e-07 0.0 1.247779812992087e-07 1.1666722812933411e-05 1.5760019554563282e-07 3.391646985237666e-06 0.0 3.557254257437815e-07 1.0188282164730552e-07 6.904391681588694e-07 4.191907929553917e-07 1.4975002307480773e-06 0.00011130980896773872 0.00013715867888755898 3.22012615683055e-07 0.0 4.378723346384168e-07 1.7535781605723653e-07 0.0 0.0 1.5743939866797405e-07 3.247372229036942e-06 7.2294164468158904e-06 3.000600643661345e-07 2.39229797275996e-06 5.874379225630709e-07 0.0 0.0 1.1336442195429908e-07 0.0
2.2089101906829466e-05 3.7375287103709026e-06 0.00011162523390922657 1.1001912589819815e-06 3.4690224569739717e-06 3.352552197485032e-05 2.0885927640375343e-05 3.8023759017440166e-05 1.0150762166018236e-06 1.32511469329672e-05 0.0027700835201259506 2.2044374660329085e-05 0.00014304119241781768 4.848252161287805e-05 6.518976112704065e-07 1.9367935458278332e-07 0.00022454507462152815 0.0 0.0006820910079811867 7.77904627985485e-06 5.4696011777569015e-06 1.400005178444863e-06 3.728756080548012e-05 2.2311920795371634e-06 6.630191642262767e-05 0.0020633618460524092 0.00016596842852762369 7.310601375235851e-06 8.448657749780497e-05 1.7387256770528435e-05 7.446542308484088e-05 1.6686278914831385e-05 7.336940305649016e-07 0.001042864798735533 4.759552310039385e-06 0.0002629559725849594 0.0009578956984550976 0.0010222133368256183 0.0003301895192834363 5.404956228376331e-06 1.155350835508615e-05 8.65278397617904e-05 2.034072399369348e-06 0.0 3.199969689030655e-06 3.282585273814008e-07 1.007727138164007e-07 0.0 1.1168932044323479e-07 5.431414042738946e-07 4.643091456033772e-07 3.1562385855551103e-07 0.0 2.9455540364421403e-05 1.2935024769499996e-07 6.577569614601742e-05 2.837848945610189e-07 1.6524099263177566e-07 5.976560311253789e-08 9.60679390422726e-07 7.3088521542338e-05 4.790556990360782e-05 0.0 1.2661550840894805e-07 1.5062114628625498e-07 5.093245539501158e-08 1.1012091791738036e-06 1.615310530854691e-05 0.00025201325826550527 0.00019182076486300864 1.0426749500363764e-06 2.043814216123171e-07 3.632220074484692e-07 1.8805124249059003e-05 1.8075598607742914e-07 0.0 2.069794036384774e-06 3.0688626855961926e-06 9.355142011080097e-06 5.6601237310589256e-06 5.386351599364726e-06 1.5362419884002204e-06 1.937777983371722e-07 0.0 1.027753516312384e-06 7.463276135767807e-08
5.9836570038947395e-05 5.78033872104651e-06 0.000180931981849809 1.5270267609982936e-06 4.58991447593524e-07 1.3566704052015271e-05 3.7754032872297594e-05 4.390279803926807e-05 8.017409443303683e-07 1.5556506023075084e-05 0.0006150804888225913 1.2452519238120567e-05 7.94487419555069e-06 7.999921018410529e-05 2.4243975067475787e-07 9.369843866826826e-07 0.0008772101473936549 0.0006820910079811867 0.0 5.985189478154187e-06 1.4541180023585684e-05 7.093129902519717e-07 0.00010035945500804712 2.6367258844059303e-06 2.8140282015633467e-05 0.002624698032294172 0.0005433217999777502 8.578314434992344e-06 0.00010852646667281358 4.433470154266292e-05 3.540246523422056e-06 1.7746676521153435e-06 2.9809555435216043e-06 0.0016569654427588817 4.678488049043753e-06 0.0003366539472232172 0.0005608178690218396 0.0012747471116729909 0.0003311055803918389 2.3960334368000635e-06 1.2736944945608312e-06 3.1516806123278634e-06 1.5353162152563041e-06 0.0 5.882540127628066e-06 3.271015392768811e-07 0.0 0.0 0.0 8.488851874494959e-07 6.56639122582773e-08 6.912743062762601e-08 0.0 1.4609009667997132e-06 5.69910844720685e-08 4.263328558781356e-06 7.232772028169101e-08 2.0009333912744019e-07 6.072202766972441e-08 1.1697604586212234e-06 4.737338919812784e-06 8.25519256896702e-06 0.0 0.0 1.2510163505680847e-07 2.3593366474727118e-07 3.2668942973162345e-07 7.74637092449035e-06 0.00011745761649749061 9.123009535608312e-05 1.2406351212831788e-06 0.0 0.0 9.215827491754274e-07 8.701012270637146e-08 0.0 4.5814800858023656e-07 5.283053622110121e-06 6.655327643476179e-06 1.24346985186228e-06 1.5626794792674122e-06 2.7991440904127245e-07 4.453823570969121e-07 0.0 0.0 0.0
9.410096783296077e-06 4.924321749882704e-07 2.4760160443805523e-06 0.0026415717480412514 1.470879095243924e-06 0.0004140531227614003 1.2395120257974903e-05 0.0002316516966028631 0.0003943417425505409 0.002587953304014397 1.3417446170589167e-05 0.002088928750539167 6.831909486505315e-07 0.0002813452831763317 1.1455955262472327e-05 0.0 2.559156569499196e-06 7.77904627985485e-06 5.985189478154187e-06 0.0 3.658431421751579e-07 1.0937729159595896e-06 1.1241387601446313e-06 0.00019388335540121537 3.266228094607687e-07 1.0493788705155621e-05 2.7748554356208698e-06 0.0014975921998493325 0.00019983275362341 4.895814159677656e-07 4.207432786655819e-07 7.694233519977089e-06 4.808389793852234e-07 8.705369939085824e-05 3.7430766415422418e-06 0.0001825031423635467 3.8223689656978476e-06 0.00025889616106880304 6.711240174684322e-05 9.990029236716045e-05 1.1422595621029488e-05 1.5112197393965816e-06 1.2174871734743573e-05 8.41197213266749e-08 3.030134683279487e-07 0.0 6.549887602784283e-05 0.0 2.878325676760912e-06 2.1180228935380877e-05 1.412967281081802e-06 6.765645446872778e-05 3.7134273006534975e-05 4.941919091054168e-08 9.698744600427134e-05 1.7418773476087068e-07 1.9376551899844434e-06 7.632997592772479e-07 0.0 0.0 0.0 6.638399468169255e-08 2.754743195968498e-05 7.873410412827165e-08 1.8252086766333278e-06 0.0 7.33887877692971e-05 6.042795980697256e-08 1.2145061081469215e-07 3.996254747759645e-07 0.00010042871188901518 2.5384054409419363e-07 1.1582441985221348e-07 7.125895963945303e-08 1.9655068825662518e-07 0.0 2.7449563392435913e-07 2.7096687538420683e-07 2.123423998807838e-06 1.4369089269670285e-07 4.01410116654697e-07 2.640078984623387e-07 1.6104148638887725e-05 2.469317936811748e-07 0.0 0.0
6.08845887211604e-05 6.964403338274333e-06 0.0004596180574844129 1.7493008296757547e-06 0.0 6.195123595327358e-06 0.00042048021668363554 2.7685856456546894e-05 6.219986491991884e-05 3.668060729400454e-05 3.3666400188125356e-06 6.547775249044932e-07 7.794999673244345e-07 6.75129976298372e-05 0.0 0.0013221483590760477 0.00013705233584131486 5.4696011777569015e-06 1.4541180023585684e-05 3.658431421751579e-07 0.0 0.00016854663604896891 0.006594277463851211 0.0001254311053779955 5.527370877131028e-07 7.291630622424517e-05 0.00038418968447057457 0.002727905184235883 0.00013427397647880696 0.006430703529644396 0.0 1.6931248566486428e-07 6.68606062065911e-05 0.0024353123467702386 0.00016057086822244155 0.0019675394566945033 0.0006996920077826645 0.0025519131577114553 0.0010202499432136445 4.13586850474213e-05 3.127509007271603e-06 2.8391166588373833e-06 2.724540488742526e-06 2.8074180337668504e-06 1.753352067711033e-07 9.909741848246157e-07 3.289120402729337e-07 0.0 6.578478771239564e-08 3.2748471695264592e-06 1.766756593892332e-07 1.0242003421786783e-05 1.6994073054810658e-07 0.0 4.820624533023208e-07 6.996571456131039e-08 3.7609929481902494e-06 1.0190146314579146e-07 0.00036840702436959717 0.0 0.0 4.712277545987472e-08 0.0 8.531535420637471e-05 0.00011358903790562046 8.366099262070256e-05 6.0290788263370756e-05 0.0 7.284511167265739e-07 6.680478769469895e-06 4.021686987449051e-05 6.906561381529507e-06 3.574334563405899e-05 0.0 1.7822538997321826e-07 6.68909774798462e-07 1.2861509630415046e-06 1.6124134745513646e-05 8.049618053397369e-05 1.3954960617742102e-06 4.677615754776821e-06 5.357369797649065e-06 7.047090459934973e-06 5.343477872898206e-07 0.0 2.252278988466443e-07
1.8312129591969708e-06 0.0018266977732978693 2.5658207484244982e-05 2.295580693091861e-07 0.0 2.2949993969798464e-06 7.849737749456696e-06 3.216300976139324e-06 0.001985492470173081 2.2086796490285082e-07 5.1818164944786905e-06 2.3076943741484162e-05 9.624418370960799e-05 6.216159136120908e-06 1.4076133858889881e-05 0.0011299699803385527 1.0542663444059008e-06 1.400005178444863e-06 7.093129902519717e-07 1.0937729159595896e-06 0.00016854663604896891 0.0 0.000348800634443089 0.0026860112210057075 0.0006235273228660508 5.7684431100049605e-05 0.0011772337564752867 0.00010942500549059591 4.40741234871139e-06 4.2554535181253426e-05 1.2368392113977807e-05 0.0 2.4618884320286675e-06 1.6394124022967456e-05 4.0406377100362205e-06 6.818887119161209e-05 2.7382351170284885e-05 4.342208478598274e-05 2.669631862099838e-05 5.624238953025312e-06 0.0 3.7398929435321746e-07 2.195040455099529e-07 2.158356061303152e-06 6.118907421840989e-05 3.6902696794595744e-05 1.2155668723270974e-06 0.0 1.5882890572468925e-07 1.3086921118085779e-05 6.850941370645457e-07 1.7752325970860898e-05 0.0 1.401495255218914e-07 1.6631092534427766e-07 1.3442895144499084e-06 5.17410639303005e-06 4.972921922447409e-07 0.0009595348983427895 2.0949639002810233e-06 5.655868694866819e-08 6.819749181406951e-08 1.0454522745420232e-07 5.0487323297748584e-05 0.0004158878306463906 0.0004287888138477316 6.974449975493951e-05 1.362761651319647e-06 2.9392977359391807e-06 0.001154837854384653 4.18946281085968e-05 2.4824082314626355e-06 1.5229885537459253e-05 3.23223186679453e-07 0.0 7.22202094729216e-08 3.347954641263192e-06 3.3055397168813463e-06 5.21449580139437e-05 4.532071722588549e-06 1.848489096288426e-05 1.501819776977174e-05 4.034524495972579e-06 0.0 2.3087988042883005e-07 0.0
0.00016682495888078487 0.00017544725726170043 0.008474705057497806 1.6147843088529555e-05 1.6662111297858365e-07 1.491788247286606e-05 0.00040813272339936386 7.0382966897192e-05 1.437615898439957e-05 4.1058091812858544e-05 2.7176922876823053e-05 1.9448750869983484e-06 1.484744442921002e-06 0.0001686012288950204 3.175842094959116e-07 0.0019811430214024314 0.0009211345636017272 3.728756080548012e-05 0.00010035945500804712 1.1241387601446313e-06 0.006594277463851211 0.000348800634443089 0.0 0.0011240543918581516 2.378178483717568e-06 0.0006536535053860077 0.006754382552111789 0.003245900287538649 0.00024207477801039442 0.0018022346692828852 4.950751985076832e-07 7.679589770501637e-07 2.896058361097105e-05 0.0016272471996393646 0.00042685244924917706 0.005336532902591462 0.004476569382586593 0.0034950790642468564 0.002865772295411979 0.00015145258479683793 8.36648923572399e-06 6.165097205015944e-06 1.2733872883485473e-05 5.644620270581714e-07 1.4043236368303898e-05 3.229072625983974e-05 4.0243737281745344e-07 0.0 0.0 3.456140907529728e-06 4.489756099449727e-07 1.6067836867031275e-06 1.9739281820442296e-07 0.0 0.0 0.0 2.453465970628221e-06 4.534588852569466e-07 0.0007281885968905484 3.3542647580573027e-06 0.0 2.2128538428157758e-07 9.788275386576464e-08 2.51316490526788e-05 0.00023588964473101245 0.0004880817439212616 1.6952879792964585e-05 8.863702726748532e-08 1.6071203915392265e-05 0.001089649894242514 8.990781989365868e-06 2.579313174294317e-06 9.679995227841368e-06 7.524506405576984e-08 1.9838467378608609e-07 1.7888448922562028e-07 2.272434603851601e-06 8.489185943948824e-05 0.00010606354973644342 6.560608434100615e-06 1.4397370076963973e-05 2.8114645403929453e-05 3.9572068971082744e-06 1.4144850004480552e-06 0.0 6.579940561036462e-07
