0.0 6.990257073655087e-08 6.089020154309244e-05 2.0374539882412015e-05 1.741765698576441e-06 1.8155385964962703e-05 0.0015356642270221547 0.00028328716514977115 8.393959609540949e-07 0.00010226153292844912 6.689190341025042e-06 5.467535187757893e-06 1.4674074315275432e-07 0.003132487127750144 2.514750079315812e-07 0.0 0.00012638732938611045 4.902407632579111e-06 1.9967642960041894e-05 1.1281049186763838e-05 0.00013403109291307521 6.489081449233142e-08 0.00020659472669369255 4.001561010390112e-05 2.214595863987918e-07 6.47079053521148e-05 1.926444110862306e-05 7.025688577331848e-05 0.003773440013599342 0.0019661165231124214 8.78199426037322e-08 1.3075986931370933e-05 4.589993220651333e-05 8.87798712539349e-05 2.150437627242881e-06 3.0242898428750205e-05 5.150795577639329e-06 5.01970154245613e-05 1.3026501496231304e-05 2.9390111526548686e-06 1.5829862372657584e-06 1.375986435320681e-07 3.0236895554217737e-07 4.9909669082989005e-08 0.0 1.1944523964293545e-07 6.88090047291711e-08 0.0 3.8771396170243594e-07 2.9680679909770455e-06 4.994618223292341e-07 1.2721540223183077e-06 0.0 0.0 7.790050137338015e-08 0.0 1.1555034156394696e-07 6.522327427957583e-08 4.9514924072394846e-08 0.0 0.0 0.0 2.0035701998278595e-07 4.3393949137077463e-07 0.0 3.91676682719322e-07 2.736594757902017e-06 0.0 4.5618784227226895e-08 9.2310448807361e-07 3.190104653044448e-06 8.062890761163943e-07 2.2768912545494235e-07 0.0 0.0 1.1845874683324139e-07 1.684416359155486e-07 0.0 1.1650574802321698e-06 0.0 6.843864334469457e-07 1.793005717178326e-07 6.090412377138757e-07 0.0 0.0 0.0
6.990257073655087e-08 0.0 6.37819068455775e-07 2.1885389478968616e-07 0.0 5.791826042312182e-07 6.491101228138592e-07 1.4186553698300423e-07 0.00026265881501163254 9.726190665411778e-08 0.00011638068221227843 9.907425595381637e-07 0.0004662392988800854 1.5503471245422528e-07 5.79794398315861e-06 5.088000024959649e-05 9.833536022879797e-06 3.1605634013338076e-06 1.8845849477513322e-05 1.6134416257988418e-07 8.456400596182328e-07 0.0009045749367322174 1.1770310920668845e-06 0.00022261172632395983 0.0014431317578825543 0.0001160171878550541 0.0037158178968846366 1.1861167725033537e-05 2.704229332051923e-07 0.0 3.131230061066346e-05 6.702120422254803e-07 0.0 1.4419533274124322e-05 2.4394501015537815e-07 1.3126223265332328e-05 4.687131924007147e-05 3.490455718049873e-05 6.6918064409655605e-06 5.0446139881637716e-06 2.103024257804045e-07 0.00019426823499849594 1.3100637211705604e-07 0.0 3.3701777307174364e-05 1.376345892069145e-05 0.0 0.0 4.450612958116646e-08 8.45637057678634e-07 6.234971079919952e-08 8.143521693376877e-07 5.0018844040259955e-08 7.793800435965e-06 0.0 2.474475926247707e-05 9.650731066443774e-08 0.0 1.3762803199831475e-06 7.087917828372454e-06 2.0426442132104334e-06 1.1402991827163975e-05 0.0 6.794666563105414e-07 1.2478298591185807e-05 2.995949933635081e-06 4.06022166012081e-06 2.9461128057996053e-05 0.0001043850501780909 0.0009339183589997558 1.027604476985244e-06 1.5435631429149753e-07 5.062902985686109e-07 5.686217867505267e-06 0.0 0.0 2.6244159561870254e-06 9.391742203696322e-07 1.1097018980844161e-05 3.979570229121126e-05 1.5167289547370845e-05 3.331947227399785e-06 0.0 0.0 4.729089227234771e-06 8.709203855891881e-08
6.089020154309244e-05 6.37819068455775e-07 0.0 1.3470389712813498e-05 3.908741079386507e-07 4.5123969049735835e-05 0.0004952620861411128 0.00011888385751174814 8.86770486017881e-07 5.382922306843728e-05 1.4263551335194837e-05 4.7519464896355343e-07 3.667056369002617e-07 0.00018155858109982623 5.903198081801975e-08 2.0974464410403982e-06 0.0011815402769937387 1.2738693028763199e-05 5.8512707174891445e-05 3.194388882997967e-07 0.00017299618004927477 1.6253336829317908e-06 0.003867274441675296 6.54190518547659e-05 3.753614343619198e-07 0.003237942960311154 0.0022241442997509753 0.00011177111518605913 7.681474151810765e-05 0.00017132721411865928 1.1220069939755385e-07 3.140801968512887e-06 4.959873356434767e-06 0.0002976169837189043 1.2185095987882091e-05 0.0004122652549033074 0.001371486821176048 0.0007880616229772922 0.0002099208392958305 2.112313168345757e-05 2.009863201574967e-06 1.6787406598713457e-06 1.4794768482351303e-06 8.145211339299673e-08 2.818898899715181e-06 4.7155161691220856e-05 5.754677622482479e-08 0.0 1.1580475092162177e-07 4.073062402502883e-06 4.306934784097832e-07 2.3010974567938283e-07 0.0 0.0 0.0 1.2005872839682744e-07 1.1580236624831798e-06 0.0 1.924371946704325e-05 4.23399328600868e-06 1.3594862562317406e-07 1.3456394742739647e-06 0.0 2.4768136965560147e-06 1.4520007019048201e-05 0.0001590069042127915 2.6294587083618018e-06 1.343338473506149e-07 3.0269114845487417e-06 0.0006942426077433444 4.326140904307568e-06 4.1679062407821524e-07 4.302427574732558e-06 0.0 0.0 4.2523491138597034e-08 1.7418774253833035e-06 4.566422684140307e-06 1.537102516397091e-05 1.5447728542467402e-05 1.6408439537512445e-05 1.421090833781787e-05 4.120740143559455e-07 2.220190965011557e-07 0.0 0.0
2.0374539882412015e-05 2.1885389478968616e-07 1.3470389712813498e-05 0.0 1.1203395310602211e-06 8.587206481331985e-05 0.0003833582935393946 2.9471368393307934e-05 0.00038048407197116714 0.001194222985757848 1.58695043714981e-06 0.001045388389437529 8.901569150050076e-07 4.6905980084769566e-05 2.8868188922890738e-05 1.1709307288426813e-06 6.0155443169994875e-06 5.212305983098375e-07 1.6904757440957675e-06 0.00185258627944718 2.515962304319892e-06 1.6511303264391015e-06 1.71321646734339e-05 0.0012405487167943205 2.0124966420367232e-06 1.0178031104383151e-05 1.6036817189713952e-05 0.0013630022136641854 0.00011860616589418364 1.677269045987025e-05 4.36052583579418e-08 3.354483113479721e-06 1.5966396665846104e-05 3.2108074607686773e-05 3.6640781475396805e-06 0.00022514142832498382 5.458122596099114e-06 9.245201976847188e-05 4.216596874838513e-05 9.725927803604903e-05 7.113755558667525e-06 1.4855456971215372e-07 2.2585818824169575e-06 3.4066256911423566e-07 5.922791866142018e-07 2.847182338733912e-07 0.00013251736473373092 0.0 5.314736707315777e-06 3.597187376989902e-05 5.555124993715034e-06 0.000131758439726123 6.0246380713273196e-05 1.244117055802221e-07 3.349918229098739e-05 0.0 2.281373761206914e-06 4.511495829602392e-07 1.414913434036128e-07 0.0 1.0935642391690484e-07 1.6398817211947825e-07 5.821467865831105e-05 3.4237215161313484e-07 1.7966375738162949e-06 2.696496022189798e-07 0.00016238649604738978 6.785383336155637e-08 1.624916670521843e-07 1.3836061135307363e-06 7.80910830331773e-05 1.547744310294262e-06 1.7880517131081022e-07 0.0 1.1449336948158312e-07 0.0 6.937953118631719e-07 7.965466287625496e-07 4.881361729280031e-06 4.048617158259607e-07 3.900088741991776e-06 7.698449506994512e-07 8.096872729478673e-06 2.134331313077825e-07 8.731083052614595e-08 0.0
1.741765698576441e-06 0.0 3.908741079386507e-07 1.1203395310602211e-06 0.0 0.0001386149337469293 9.047561622585206e-06 0.00015226239850917947 2.473710983813996e-05 1.3928662641247469e-05 3.3450686993582776e-05 4.920610580527606e-05 9.202852154947039e-06 5.722690837663655e-05 0.0007300785234357301 0.0 5.760715097684214e-07 4.042171025443674e-06 3.6449505198121996e-06 6.961587107787052e-06 1.563592341112656e-06 8.303376664852079e-07 1.1672253708991394e-06 1.3370118524467316e-05 2.224931738941066e-06 1.0451201529652223e-05 3.5558927573539124e-06 5.771700058688395e-06 0.00011270500897056245 4.4813147709284444e-06 3.932502857935818e-07 0.0005116449322989799 1.6419004150618234e-07 0.0007717140168174395 1.2753403686153107e-05 8.550636392198653e-05 1.5881762448254424e-05 0.00042306206565802284 9.255483325807213e-05 0.0014484389685343996 0.00032569106636890004 1.4661077347455734e-05 5.380552609481162e-06 6.930076021087066e-08 6.301861688517704e-08 0.0 6.33467292851952e-07 0.0 1.0933677668437651e-07 1.5001708092795293e-06 2.2897791398410464e-07 8.994283150361252e-07 5.161302908754437e-07 8.99485669362704e-08 5.508594206574236e-07 7.223998458964759e-08 6.647158283875288e-08 0.0 0.0 0.0 0.0 0.0 4.43567302407355e-07 0.0 0.0 0.0 1.6713482329094483e-06 0.0 0.0 6.441622271080135e-08 2.846816363315805e-06 0.0 1.0224758178990834e-07 0.0 1.1425601532023685e-07 9.875923152820982e-08 4.216437235950428e-07 1.2192219747277883e-06 2.0445428375308435e-06 2.7957751036571845e-06 3.5198213185185707e-06 7.005694489771491e-06 1.51737102701947e-06 1.4211848194069273e-06 5.902411380731361e-06 4.541297173057043e-07
1.8155385964962703e-05 5.791826042312182e-07 4.5123969049735835e-05 8.587206481331985e-05 0.0001386149337469293 0.0 0.0017391334754916121 0.00378717057951636 4.09057276802358e-05 0.0039863304865202205 4.743265366774606e-05 0.002410890442078869 1.3819578433374132e-05 0.0006970193814072319 0.001215570855840974 7.739454957062726e-07 1.4740226378414633e-05 1.1282141918899104e-05 1.8123181177039763e-05 0.00044171896474659534 7.497031612809751e-06 6.685194385683549e-07 4.9063682472149514e-05 0.00019763722641773956 3.0268426368523464e-06 5.0508961194334824e-05 2.804089763033655e-05 0.00045181695224201914 0.0009379658907820392 3.943142362602879e-05 8.70952591136638e-07 0.000568745642817984 4.431517853410816e-06 0.0002761595371982207 1.38568907382089e-06 0.0003503617324614644 3.0652742930294857e-05 0.0003640451492138864 0.0001190172439678584 0.001893681036776403 9.819950030707406e-05 1.398615359425547e-05 1.5733673167124104e-05 9.27466137526957e-07 9.494867308290354e-08 1.5272099262505722e-07 2.871065236905915e-05 0.0 3.454121535556275e-06 4.482948299468447e-05 4.007831175293633e-06 1.7765104866682636e-05 2.2307973099001665e-05 6.510670177155051e-07 1.2429531909600403e-05 2.5874144184086436e-07 3.5515669342613737e-06 4.957661172088737e-07 4.176454334116383e-07 0.0 5.9205321731883086e-08 0.0 1.8203271643583754e-05 4.381490425511141e-07 1.2931288033589941e-07 5.372770665786339e-07 4.271875062804002e-05 2.153721311129976e-07 9.272391836596956e-08 2.3732204662056405e-06 4.381585263494231e-05 1.9137981043421963e-06 2.825122298257667e-06 4.9876820549815193e-08 3.6349839195976544e-07 4.4658376544622494e-08 2.4323990678620313e-06 8.25812775012525e-07 1.2080573277462437e-05 6.0417483763548164e-06 1.036644456809516e-05 8.099740104221454e-06 7.1644226327840775e-06 1.238545194693843e-06 5.7980974517949444e-06 1.3773669658566727e-07
0.0015356642270221547 6.491101228138592e-07 0.0004952620861411128 0.0003833582935393946 9.047561622585206e-06 0.0017391334754916121 0.0 0.0018230875308510588 0.00022975271770098735 0.007164494444417608 1.7824541811965598e-05 3.8627819021338e-05 1.6426801734940794e-05 0.0036717848681377405 2.0308488683639605e-05 3.072157112011056e-06 8.310697333803445e-05 7.550262753247103e-06 1.9840153719835004e-05 0.00011519813814052082 0.00013098602369653972 4.665296889553286e-06 0.0008161511023263332 0.0013452077045218451 6.783606007073396e-06 0.00019718311694041888 0.0002378828389489841 0.007938731540913109 0.0007349174530381242 0.00482942468907289 3.158358655528872e-07 4.011091198712618e-05 8.466900670399811e-05 0.00028218864584158676 2.9203267739679363e-05 0.0012642582283321562 6.366922788937977e-05 0.000549808411833634 0.0002569610141179893 0.00023377193217899716 5.0558669138702895e-05 6.359150611392568e-06 1.1198147120469961e-05 3.696387062981958e-06 2.5039295940598225e-07 1.4749641453605776e-06 6.068336720146743e-05 9.550677665399621e-08 2.6749408259733963e-05 0.0003653741968373912 4.857344416549894e-05 0.00018403484361897298 5.574837087830155e-05 2.8690803829756604e-06 2.2870057479103413e-05 5.871706276636391e-06 3.06657608554305e-05 2.1562120288543126e-06 3.8894733490884315e-06 1.8535065747708123e-07 8.063439107426674e-07 7.142759704309623e-07 2.930474967818112e-05 1.1700967683213583e-06 2.0025598924344134e-06 5.645173613248615e-06 0.00038773284026160596 2.078324081777193e-07 1.2998179606666276e-06 1.8627029958347905e-05 0.0003704716688092274 2.306859914945437e-05 2.4012336334088862e-05 1.3610734263047768e-07 3.4714218380428143e-06 1.372093213023236e-06 1.6835007354285564e-05 8.246387019682437e-06 7.716739097269316e-05 7.718853758764992e-06 6.080967315102781e-05 1.2350333545561835e-05 7.735844575746069e-05 2.987451048802038e-06 6.0426724995492865e-06 5.532423876378677e-06
0.00028328716514977115 1.4186553698300423e-07 0.00011888385751174814 2.9471368393307934e-05 0.00015226239850917947 0.00378717057951636 0.0018230875308510588 0.0 2.0177399752155586e-05 0.0020872019862536034 1.491941914553852e-05 0.00041466047027151673 3.4306049756874466e-06 0.005740918497890376 0.00015329652291766712 1.5454229389349785e-07 9.75394393014994e-05 4.6501892969826625e-06 1.727769340055294e-05 0.00017556382068752727 7.319219227129544e-05 3.605968184137883e-07 0.00018211147795135654 0.0002862426364074297 7.269706304752077e-07 0.00010695255422809166 3.104298747483652e-05 0.0002693691655828371 0.0007455328528033322 0.00033687442720078427 2.8189537785467225e-07 0.00032643308874662636 4.246660675420907e-06 6.312646110914702e-05 1.0307880560324374e-06 8.221072651836995e-05 1.26141856107393e-05 8.540137619826333e-05 2.189783428681651e-05 0.00022576129553342566 1.236056427627447e-05 1.2204711472990317e-06 1.3996997689143512e-06 1.3860597028481738e-06 0.0 5.926249521872717e-08 8.861527869130951e-06 0.0 2.5616225088837252e-06 7.690868114967524e-05 8.647279218936145e-06 1.8387295805437618e-05 9.041958367698857e-06 4.107586986470083e-07 2.608329265142533e-06 1.3943837598628661e-06 5.2762771029604125e-06 2.858952031664927e-07 1.148852732990095e-07 5.04389066137358e-08 3.5070870264417634e-07 3.4746094960306937e-07 4.049987316632139e-06 3.2054351768028973e-07 3.739483647296338e-07 6.064913853962368e-07 5.352353361003799e-05 0.0 6.700897423221187e-08 2.7510440295391445e-06 7.61301761417337e-05 3.838083856399025e-06 7.101373269125311e-06 0.0 1.767891940584524e-07 4.17939599380359e-07 3.144282259350402e-06 5.532599033727212e-07 1.6268053599090855e-05 1.2511978597329916e-06 1.176051639950868e-05 3.0761194311618654e-06 1.487382793334287e-05 1.8055698229899784e-06 1.2304670475692865e-06 1.6312094432052863e-06
8.393959609540949e-07 0.00026265881501163254 8.86770486017881e-07 0.00038048407197116714 2.473710983813996e-05 4.09057276802358e-05 0.00022975271770098735 2.0177399752155586e-05 0.0 0.00022977620683751506 9.244066904905728e-06 0.00011575442622132862 2.46049637175659e-05 1.680347731558137e-05 0.001084955877352266 2.8540703554513293e-06 2.2848188063801026e-06 5.623666789651961e-07 2.787769963542925e-06 0.00032704963556674294 5.483108462739114e-07 0.0018374375961665813 4.236440007434853e-06 0.005310147808920983 8.709666629997668e-05 1.3187040692927354e-05 0.00040580333803363466 0.0006037332941828832 9.865239281938034e-06 1.8050852536774762e-05 2.8253383494982463e-06 1.8633438826122474e-06 8.619966961629554e-07 9.351012731138163e-06 6.374483188686672e-07 4.393122123257272e-05 5.608002178548653e-06 1.563787209188558e-05 3.0386809644907355e-06 0.00034491519705885453 6.410034624873729e-06 5.0765256549697914e-06 7.904042182906593e-07 2.938851459112997e-06 2.375477289835558e-06 1.3664391341340646e-06 4.9059221672288204e-05 0.0 3.944878448370522e-06 8.049788172892427e-05 8.415849728983648e-06 0.00010801362049995023 1.6496073524626138e-05 4.825119149129779e-07 1.1698028161453908e-05 1.129431509943723e-06 7.146310379981279e-06 4.442393133106472e-06 1.4623018717035166e-06 3.074412890789173e-07 1.586948202774419e-07 3.091274347481774e-07 2.6390083303250152e-05 1.7245273316897642e-06 6.188295122677325e-06 5.432227314563081e-07 0.00037154315285031775 8.313504413363698e-07 4.400752634169312e-06 1.5924093212459576e-05 0.00013314366481340814 7.812775519348129e-06 1.4991022943978219e-05 0.0 3.628255917914971e-07 4.522258245210185e-07 3.071144429589093e-06 6.04681842729224e-07 1.7893387904915067e-05 4.315983056026746e-06 1.0305481628812131e-05 3.9189617152232756e-06 3.321476907748547e-05 1.7627146597216483e-07 4.2814699372987376e-07 3.510417933611624e-07
0.00010226153292844912 9.726190665411778e-08 5.382922306843728e-05 0.001194222985757848 1.3928662641247469e-05 0.0039863304865202205 0.007164494444417608 0.0020872019862536034 0.00022977620683751506 0.0 2.0134970940664848e-05 0.0010008217594167108 5.193437615252124e-06 0.0011120209584525413 5.5517633827712555e-05 4.6569365078638495e-07 1.318750400030943e-05 8.261808168260022e-06 1.861610166849797e-05 0.0012882871813824782 8.539483626789558e-06 1.0536095764642693e-06 6.984139070519416e-05 0.0004221787182953836 2.4504126987107534e-06 4.92195281563761e-05 3.858420224951694e-05 0.002530491692798034 0.0006446976605717659 4.519532854173105e-05 7.940178703953181e-07 5.733702867563086e-05 2.517727191628375e-05 0.0002651323596200775 4.874132307236484e-06 0.0007688862735044193 2.6197812427526868e-05 0.0004819947475886055 0.0001381906842513519 0.00023831927272664996 4.4931986400400644e-05 1.2996762305384197e-06 1.037911627756772e-05 5.206656790900706e-07 7.128176707716551e-07 9.453866037629347e-07 0.00023251407234015932 0.0 1.658985341040928e-05 0.00013216029304838093 1.9226226477809876e-05 0.00019298950361801276 0.00014533625778576816 8.492574450587518e-07 6.776735619417065e-05 5.660681870317156e-07 7.83992246502508e-06 9.67288337135275e-07 4.606607965730974e-07 9.818615844573071e-08 7.713235044090642e-08 2.626928905142769e-07 0.0001414879969080578 1.1555116940806656e-07 3.449347241977243e-06 6.491172961233425e-07 0.00033618112275226014 4.797926077264451e-07 5.010814551440094e-07 4.337197698873103e-06 0.00019176761189824182 4.010526812568203e-06 1.2338491203281332e-06 5.818554637365149e-08 1.0150140650201597e-06 1.6716437692414938e-07 4.326990581811181e-06 1.71619698948962e-06 1.287992299445135e-05 2.211684625562777e-06 1.369964030900582e-05 4.824420087013347e-06 1.5860179631782516e-05 5.035048964683137e-07 4.217854493027241e-06 7.225202449732912e-08
6.689190341025042e-06 0.00011638068221227843 1.4263551335194837e-05 1.58695043714981e-06 3.3450686993582776e-05 4.743265366774606e-05 1.7824541811965598e-05 1.491941914553852e-05 9.244066904905728e-06 2.0134970940664848e-05 0.0 1.9189848905434028e-05 0.0028955847556973394 3.1521754841826074e-05 8.404487777412172e-06 1.7593531866179343e-06 0.00019292372638340133 0.0038067001026535333 0.001780351155407646 8.583040098605692e-06 5.5105969021527296e-06 2.6312198133067632e-05 2.274657715441902e-05 1.8167143417052998e-05 0.0008862591349997053 0.0022690015794685973 0.0007284903687787487 1.3508157749854776e-05 0.0001187817581502236 1.4471156142500907e-05 0.0004371531556878434 9.302902309717019e-05 2.707752347281466e-06 0.0019873406604989665 1.0621665876086255e-05 0.0005529928988329305 0.002382791774353319 0.0029438383682147463 0.0008279668386653291 3.5051396726445295e-05 5.95118236148006e-05 0.0009146120938880886 1.2027031016326553e-05 1.022300363169653e-07 1.0955407853218835e-05 3.6070968330538272e-06 3.023846042072347e-07 7.874686348185441e-08 5.817961683967814e-07 4.774677003475459e-06 9.333741314785272e-07 1.268126520489731e-06 5.144293565345321e-07 0.0001474017279519933 3.1231895868772237e-07 0.0003453976882897205 9.064736583042179e-07 5.789684578358467e-08 1.322485642745337e-07 1.1605029149683252e-06 1.2367516193716866e-05 6.660204102535363e-06 2.8774731550709424e-07 5.737572795693349e-07 9.734941741301751e-07 3.156620665116955e-07 3.651523027453521e-06 0.00017814349469510017 8.913484316491808e-05 0.00023891189144187568 4.4873150453873885e-06 7.19021048346161e-07 4.4164219913109943e-07 8.298015308026812e-05 8.136251735102096e-07 4.8451976241458813e-08 5.421366449803626e-06 5.175445427977297e-06 1.16543845932028e-05 0.0004534894675784095 8.78920165573519e-05 8.786165505679052e-06 7.674393642849696e-07 5.268975007455413e-07 7.359215328254903e-05 0.0
5.467535187757893e-06 9.907425595381637e-07 4.7519464896355343e-07 0.001045388389437529 4.920610580527606e-05 0.002410890442078869 3.8627819021338e-05 0.00041466047027151673 0.00011575442622132862 0.0010008217594167108 1.9189848905434028e-05 0.0 6.278905571080541e-06 0.0002637296239056568 0.0009255244939452842 2.4559482713123347e-07 9.254865653225587e-07 5.688558174794124e-06 1.159166950978461e-05 0.002351428062726019 2.2507756258244468e-07 4.835254010670968e-06 1.213097804957155e-06 0.00021010089046497057 5.350326003305992e-07 1.5075458491037178e-05 5.373454292226735e-06 0.0001928075377217786 0.0001923171677859037 2.2377413407207948e-06 6.732239641776747e-07 8.124212630951797e-05 1.3257681531834858e-06 0.00014629416082598864 0.0 0.00020215817337795755 7.66411294009033e-06 0.00016876382225371628 2.9772522278634205e-05 0.0007586940670202241 2.7798026916710133e-05 2.450702886205307e-06 1.797242747961044e-06 1.3469660382144106e-07 1.4848626855362393e-07 1.0107989158453608e-07 0.00011045001123524272 8.088048300973582e-08 6.841691143188926e-06 3.6037427370056974e-05 2.837692805795934e-06 4.747279253983277e-05 4.645700612437963e-05 0.0 5.7660174529338485e-05 2.2533244373089444e-06 1.0442764096170419e-06 1.8716792802876466e-07 6.17330473032954e-08 0.0 0.0 4.6829707185215274e-08 5.949277580169477e-05 0.0 5.841129866134071e-07 0.0 5.3828954203956796e-05 0.0 1.9713313376802097e-07 7.587428457336799e-08 3.250942228597136e-05 4.1408834395738556e-07 9.999692278561962e-08 0.0 0.0 0.0 7.642370020173152e-07 0.0 1.1598545988926943e-05 3.008614349238335e-06 2.267207250579228e-06 2.2254680332401335e-06 2.2477159139583173e-05 0.0 6.842969338528285e-06 6.233380349313472e-06
1.4674074315275432e-07 0.0004662392988800854 3.667056369002617e-07 8.901569150050076e-07 9.202852154947039e-06 1.3819578433374132e-05 1.6426801734940794e-05 3.4306049756874466e-06 2.46049637175659e-05 5.193437615252124e-06 0.0028955847556973394 6.278905571080541e-06 0.0 3.8893055097211695e-06 3.998253296117181e-06 2.375633069201835e-06 9.587479395364278e-07 5.635426595070008e-05 7.840746812909832e-06 9.384695642774015e-07 1.7092484396849508e-06 7.334097947324252e-05 4.4258838075456075e-06 2.285164579186762e-05 0.002567431908505494 0.0003273450474207703 0.0021806970473545744 8.915370091144391e-06 8.114376597226764e-06 4.158961228341848e-06 0.0005007075761092154 2.10895683551104e-05 4.799505853001661e-08 0.00022158929326059274 9.354221101303677e-06 0.00031413890616579577 0.0013112892728012401 0.0008718347908983572 0.00013068354174429383 0.0001335185543525099 6.0392047979703815e-05 0.0005577316249815061 1.3311042587537736e-05 5.221121879986643e-07 2.5739601073013294e-05 6.453281651772879e-07 8.371998793817894e-07 0.0 3.0202601910629286e-07 1.851970166009488e-05 5.266423515524178e-06 1.9603802459490364e-07 9.093727563551575e-07 0.0001764117384436995 2.1419793871449157e-07 0.000373476835738264 1.0404575767491999e-06 1.0188577774168585e-07 0.0 5.567204324458753e-07 1.5710063756098075e-05 2.217885190074741e-06 0.0 0.0 1.1871016469983542e-06 0.0 3.53944619121837e-06 0.0002582955269172055 0.00014296956015253802 0.0002942561969703011 2.5711150598359452e-06 3.352934172926637e-07 7.564524502116491e-07 0.00011977712917015994 7.119443956919717e-07 0.0 1.0006409192759565e-05 8.934800958976623e-06 0.0001623539764416004 0.00037672989612017114 9.423774099991674e-05 1.093156427884811e-05 1.4145516549036022e-05 2.673754995533286e-06 5.202942511530244e-05 6.811283845969335e-07
0.003132487127750144 1.5503471245422528e-07 0.00018155858109982623 4.6905980084769566e-05 5.722690837663655e-05 0.0006970193814072319 0.0036717848681377405 0.005740918497890376 1.680347731558137e-05 0.0011120209584525413 3.1521754841826074e-05 0.0002637296239056568 3.8893055097211695e-06 0.0 4.409728342748079e-05 4.7325361973464706e-07 0.00022244786597539292 1.1130149374847396e-05 3.995572608461628e-05 0.00015261608913849178 0.00019520821510100406 6.264389967428663e-07 0.00037291620749578205 0.0003207324114663935 1.9883913845323225e-06 0.00017644361559623743 4.683707386059893e-05 0.0002913909241237378 0.003768753969119717 0.0013415826681419535 6.368076237813298e-07 0.00021102972034708743 1.555935293576988e-05 0.00016266535657482318 1.4258828669350777e-06 0.00012025870834386043 1.7229999621021213e-05 0.00014709534924504716 3.381136439820108e-05 0.00014892370090419384 1.395181666366248e-05 3.656742942288557e-06 2.3094813536767887e-06 9.944052312669545e-07 5.126392159617398e-08 1.440111200640124e-07 6.169689671693613e-06 0.0 3.0690618591090345e-06 7.992296873877733e-05 6.821242256153221e-06 1.8511086915262367e-05 6.733934150279081e-06 5.682594502297513e-07 1.4745562151239812e-06 1.8904573166769999e-06 5.715328616161737e-06 8.922221650571261e-07 2.2999990764308396e-07 2.4438122372650816e-07 4.3115423796092616e-08 7.655121190625211e-08 2.9518539686659017e-06 3.588515662818513e-07 9.439668189484939e-08 4.926921069477076e-07 5.1024069234357e-05 0.0 2.3156505947373428e-07 3.37531959030051e-06 6.750216440795735e-05 5.265250267510954e-06 1.0088935425860454e-05 0.0 0.0 2.3080705967837785e-07 2.903267073926248e-06 7.961869345112341e-07 1.6836121813310313e-05 2.1450579143807926e-06 1.1203581422820015e-05 2.591740767945744e-06 1.4010212721552837e-05 6.70374191169086e-07 1.552486780098618e-06 2.156443150072797e-07
2.514750079315812e-07 5.79794398315861e-06 5.903198081801975e-08 2.8868188922890738e-05 0.0007300785234357301 0.001215570855840974 2.0308488683639605e-05 0.00015329652291766712 0.001084955877352266 5.5517633827712555e-05 8.404487777412172e-06 0.0009255244939452842 3.998253296117181e-06 4.409728342748079e-05 0.0 9.32316279309454e-08 4.2860725094841985e-08 1.8653995722703825e-06 2.2791594871572803e-06 0.00013052046381893318 2.0010858436435298e-07 4.293466432593502e-05 2.1226648997287248e-07 0.0005287346697241821 6.802261643092868e-06 4.291050898788005e-06 1.3242877882634618e-05 3.475596076447193e-05 3.1584869621244936e-05 8.998625675007971e-07 3.036204147314019e-07 0.00013967980377564985 6.788964766638205e-08 0.00015050712511118546 4.405829082814685e-07 0.00011859556083325713 4.586373827889757e-06 7.995577221472653e-05 2.2533542690334747e-05 0.0013300470534323575 0.00016992223911804433 2.7319397703240686e-06 9.05279348489873e-07 0.0 7.295840057637152e-08 1.0017621131742975e-07 4.208749314048692e-05 0.0 4.2451313901376725e-06 2.150036912511706e-05 2.268489882520083e-06 2.9045189036359964e-05 3.1024850189795755e-05 0.0 3.4645572083236426e-05 3.728406216907724e-06 9.735775653599146e-07 2.3285422575700938e-07 1.3252559065504954e-07 0.0 0.0 0.0 3.9837404806121497e-05 1.3900729263750177e-07 4.907726940951092e-07 0.0 3.260461799818808e-05 0.0 5.074806218714673e-08 9.978484238375259e-07 2.1372479381158685e-05 2.1269902245073275e-07 0.0 0.0 0.0 0.0 4.554750564292906e-07 2.6402885506675397e-05 1.0096970111168729e-05 4.066021656582717e-07 3.3674864508767457e-06 4.8455873538678285e-06 8.905312532561868e-06 3.329061198033685e-07 7.509982514720984e-07 1.0909436101978426e-06
0.0 5.088000024959649e-05 2.0974464410403982e-06 1.1709307288426813e-06 0.0 7.739454957062726e-07 3.072157112011056e-06 1.5454229389349785e-07 2.8540703554513293e-06 4.6569365078638495e-07 1.7593531866179343e-06 2.4559482713123347e-07 2.375633069201835e-06 4.7325361973464706e-07 9.32316279309454e-08 0.0 5.159537197620495e-06 4.1213979581416937e-07 1.6148359282853094e-06 8.172778548483143e-08 0.0008791416073934185 0.0009739736109497885 0.0014014403112883825 0.0016993822368004945 7.742814135511134e-06 4.5738080101286145e-06 0.0020097344219789535 0.0007761622211831833 7.856566327311368e-07 6.210768896336325e-06 1.759609922780198e-07 2.3111748916725443e-07 9.775354197786022e-07 2.9418134853730103e-05 5.3043096276507444e-05 0.0009252996244247519 0.0005337758409015482 0.0002837820283261465 0.0005293139216744236 3.971945373670394e-05 2.748524088113653e-06 2.9449336660278186e-06 2.461306126678468e-06 1.1679813613641089e-06 1.9967313956302916e-06 2.4254320804417273e-06 5.104099442700949e-08 0.0 1.7641338899609024e-07 1.9122756849408955e-05 2.6455539752283873e-06 8.257889258682902e-06 5.166218293494615e-07 0.0 2.0348285891196563e-07 0.0 5.1410693214697465e-06 0.0 0.0018563870633601447 6.752741844384954e-07 9.311885225362015e-08 9.395120129197248e-08 5.7115051497780225e-08 0.0002989556776975558 0.0007715634652747219 0.000729791558444972 0.0001883409213231941 1.785603344031011e-07 1.5165220085762236e-06 0.0003057462656093183 7.214457950118585e-05 9.082149002145673e-06 8.018650762570197e-05 5.491505976854109e-08 0.0 9.960889657397494e-07 3.5675431040972354e-06 1.0952245733820177e-05 4.689934407826934e-05 9.17690303943127e-06 1.0867163817324866e-05 1.4266917252937364e-05 2.356599232998179e-06 5.012541410161664e-07 0.0 1.0638394431648374e-06
0.00012638732938611045 9.833536022879797e-06 0.0011815402769937387 6.0155443169994875e-06 5.760715097684214e-07 1.4740226378414633e-05 8.310697333803445e-05 9.75394393014994e-05 2.2848188063801026e-06 1.318750400030943e-05 0.00019292372638340133 9.254865653225587e-07 9.587479395364278e-07 0.00022244786597539292 4.2860725094841985e-08 5.159537197620495e-06 0.0 0.00015722130882570883 0.0018570918194768422 1.0747922749761258e-06 0.00018845613972739669 6.318352287119356e-06 0.0028247797850148933 2.5546886139293036e-05 2.114013607185795e-07 0.0010085466007348917 0.0027841164809963843 2.272865907124888e-05 0.00043296910333609853 0.00034690377255833027 8.716103896442338e-08 3.3475882710669777e-06 4.5198441119079676e-05 0.0009800454020464386 1.1723577291625435e-05 0.00040537319503539647 0.0019456655924631346 0.0011704255507325942 0.0004507725493731848 1.1736493231187925e-05 3.050099784130835e-06 2.7277964305986566e-06 1.921285520388829e-06 0.0 1.4022203115314948e-05 0.00014156035647191743 0.0 0.0 0.0 1.8071007157375224e-06 6.513981071394252e-07 3.544096762288126e-07 0.0 3.4811521972650476e-07 0.0 1.1400418192411872e-07 6.221768573676267e-08 0.0 1.5283003134972793e-06 2.329305601782415e-05 6.538998882368751e-07 6.742913321335972e-06 0.0 9.052559116602336e-07 5.825910944604001e-06 1.4815922676502284e-05 4.516479342698686e-06 1.1380410887878096e-07 8.572586642058797e-05 0.0005423672904657661 1.6049757663200472e-06 1.5893903429273084e-07 1.729170982625666e-06 1.7234372739732408e-07 0.0 0.0 7.99507533414341e-06 4.0123702446015306e-06 1.1400043327716131e-05 0.00017440399574072493 2.5404677380549235e-05 3.9409075654536014e-06 4.626620092657683e-07 1.1736981434173502e-07 0.0 0.0
4.902407632579111e-06 3.1605634013338076e-06 1.2738693028763199e-05 5.212305983098375e-07 4.042171025443674e-06 1.1282141918899104e-05 7.550262753247103e-06 4.6501892969826625e-06 5.623666789651961e-07 8.261808168260022e-06 0.0038067001026535333 5.688558174794124e-06 5.635426595070008e-05 1.1130149374847396e-05 1.8653995722703825e-06 4.1213979581416937e-07 0.00015722130882570883 0.0 0.0011229944558249988 3.3000892257897512e-06 1.695792255479849e-06 1.3019335283703082e-06 1.5107480236999145e-05 4.583680248169505e-06 1.4125574555777153e-05 0.0011503651861568792 0.00033091076757996683 3.760451823668041e-06 3.1060502815861116e-05 6.975923173750151e-06 5.219234352796097e-05 1.4133686073860785e-05 1.0417570308040586e-06 0.0005206293522532871 2.860550679033135e-06 0.00020220255966705577 0.000492818995132897 0.0007473554115368506 0.0003038705037474375 8.39540398454067e-06 5.232455692895372e-06 5.202023840050984e-05 1.6491699232465997e-06 4.912134447342541e-08 3.894573600261575e-06 1.4250463786761273e-06 4.225642299948135e-08 0.0 4.889938982016844e-08 1.064942577603522e-06 4.441409421210034e-08 1.8466572899059432e-07 1.2060671298008907e-07 6.4445035182399095e-06 1.172134040457162e-07 1.3990593446847495e-05 9.451521229440427e-08 6.421247259085457e-08 0.0 7.429364723528783e-07 2.8146452959754273e-06 3.4917193582017722e-06 0.0 1.8038188884717053e-07 0.0 3.2821971835414346e-07 1.3712545667434493e-06 6.257833807699374e-06 3.714338006339386e-05 6.850741705754482e-05 9.758019583973789e-07 0.0 5.01711070783591e-07 8.615896681157029e-06 0.0 0.0 9.019365099161716e-07 2.894996597715667e-06 2.6916298740814345e-06 2.2589577706655974e-05 6.41004011838301e-06 7.347236478497734e-07 0.0 7.151475295424952e-08 8.483897719921884e-07 2.466780892923865e-07
1.9967642960041894e-05 1.8845849477513322e-05 5.8512707174891445e-05 1.6904757440957675e-06 3.6449505198121996e-06 1.8123181177039763e-05 1.9840153719835004e-05 1.727769340055294e-05 2.787769963542925e-06 1.861610166849797e-05 0.001780351155407646 1.159166950978461e-05 7.840746812909832e-06 3.995572608461628e-05 2.2791594871572803e-06 1.6148359282853094e-06 0.0018570918194768422 0.0011229944558249988 0.0 6.8750343333175105e-06 7.298968315800114e-06 6.31354846442095e-06 8.966877957505579e-05 1.2290147686675524e-05 3.8097163550342056e-06 0.0036375580257627794 0.0015414602080844296 1.116772856497221e-05 0.00010940600399954306 2.949680882272416e-05 5.694604744225192e-06 1.7129791067521864e-05 8.396983695979308e-06 0.0014946141326889265 9.696508041233743e-06 0.0006308623053122139 0.0008621440772676464 0.0014538148278464102 0.0006477656104091678 2.1959671349116637e-05 4.311712722602187e-06 5.312605792346597e-06 3.3015813826660867e-06 4.1315976004945736e-08 1.3140440234264703e-05 2.53671456327242e-05 2.3238240685141397e-07 0.0 1.278337519577961e-07 3.0664736245623352e-06 1.8214256861782224e-07 1.8966629728321655e-07 0.0 9.805857601278041e-07 0.0 1.2700440807397123e-06 0.0 0.0 3.994326096042884e-07 1.7808808662602775e-05 2.8508241817439065e-06 2.1616068201334948e-05 7.146544398654182e-08 6.65080618300707e-07 1.5780145269761605e-06 2.6093178155065444e-06 3.7937855558784924e-06 3.063458033572853e-06 0.00016713440495237688 0.00028576572940710996 3.066247976759826e-06 2.1313336734460248e-07 1.3890787900725294e-06 2.343291064106738e-06 0.0 0.0 4.7286494531301945e-06 2.367038845660569e-06 1.0852887826321694e-05 0.0001026585020708678 1.443478667576384e-05 2.4627762371817924e-06 5.627304481385373e-07 2.747412333647606e-07 3.0908731645766183e-07 2.876326711525087e-07
1.1281049186763838e-05 1.6134416257988418e-07 3.194388882997967e-07 0.00185258627944718 6.961587107787052e-06 0.00044171896474659534 0.00011519813814052082 0.00017556382068752727 0.00032704963556674294 0.0012882871813824782 8.583040098605692e-06 0.002351428062726019 9.384695642774015e-07 0.00015261608913849178 0.00013052046381893318 8.172778548483143e-08 1.0747922749761258e-06 3.3000892257897512e-06 6.8750343333175105e-06 0.0 7.297139772904963e-07 9.852337632733254e-08 1.5597952733115709e-06 0.0003962994445078257 3.6766158788806675e-07 7.523664354765915e-06 3.076814679569222e-06 0.0007186373669859678 0.00017130584000731603 3.0305210456567322e-06 3.097116676516283e-07 2.584197039611271e-05 4.220283990473333e-06 8.816332972438529e-05 7.44318377270855e-07 0.00020943726103731823 4.995866877456345e-06 0.00015275921853625117 3.4075744294378024e-05 0.0004405954153222972 1.6191674699321303e-05 3.1830314604571857e-06 2.9779014288481544e-06 1.6303602278476618e-07 6.248270034022238e-07 1.1502899266430121e-07 0.0001854422519146685 0.0 8.082588419847696e-06 8.331257492331747e-05 8.631760621853433e-06 0.00012726177779819918 9.231161137377392e-05 1.3232184857242425e-07 6.425383245063513e-05 0.0 6.6072339258914075e-06 1.2350734776690915e-06 1.5788755571964633e-07 0.0 6.033819426030189e-08 0.0 0.00010863645563806476 8.217632428855799e-08 1.934708996713884e-06 0.0 0.00021674740887356528 0.0 3.844239845925674e-07 1.1520777966724667e-06 0.00011788836360920262 1.670077604708328e-06 4.381757063653554e-07 4.461029728711192e-08 1.8451981543651952e-07 3.001806581157931e-07 1.938271153699374e-06 0.0 7.568644718467806e-06 2.7359596326785133e-07 7.07854702274841e-06 8.183640506318327e-07 1.6012505875378315e-05 7.133543066568884e-07 1.4067798655608254e-07 2.8220069560704316e-07
0.00013403109291307521 8.456400596182328e-07 0.00017299618004927477 2.515962304319892e-06 1.563592341112656e-06 7.497031612809751e-06 0.00013098602369653972 7.319219227129544e-05 5.483108462739114e-07 8.539483626789558e-06 5.5105969021527296e-06 2.2507756258244468e-07 1.7092484396849508e-06 0.00019520821510100406 2.0010858436435298e-07 0.0008791416073934185 0.00018845613972739669 1.695792255479849e-06 7.298968315800114e-06 7.297139772904963e-07 0.0 2.6799414256115724e-05 0.005488489762618561 0.0002156951981888981 5.414435377154665e-07 1.4802707298488133e-05 0.0002452374848131922 0.0022111589279336726 0.00024370205668948903 0.007052569408425553 1.4169140037430748e-07 2.9555479236594946e-06 1.8263077582299063e-05 0.0014620007542513686 0.00022516498580687537 0.0030067398502124716 0.0013023704709345405 0.0031683609671705267 0.0023482566543135425 9.447245943217392e-05 1.4763222023399182e-05 4.9433672377652015e-06 1.1921953795018538e-05 1.9287934637546998e-06 0.0 5.120275637358219e-07 0.0 0.0 4.16085244627045e-07 3.0187519591416277e-05 7.335540419488096e-06 4.7662244136145425e-06 3.4117752030592775e-07 4.5118095262624783e-08 7.176319460067366e-08 0.0 8.979881853496456e-06 5.654472316061037e-08 0.0002797991260288644 3.932801966857292e-07 0.0 5.491426809236844e-08 1.859792644328083e-07 0.00021652332847735557 0.00011238999998465057 5.9482267924041796e-05 0.0001539901495944682 0.0 2.8301572421745575e-07 7.684148648518463e-06 7.524033928894749e-05 1.3333815876002948e-05 0.00011811396714616327 1.3436240395408118e-07 8.806668837530934e-08 3.4929755352987465e-06 3.663295830827975e-06 3.2537558187897065e-05 4.74989529444761e-05 4.038809793459606e-06 7.353291141511606e-06 9.720140760492267e-06 2.265536138719927e-06 1.4561130256063721e-07 0.0 6.637894386683838e-07
6.489081449233142e-08 0.0009045749367322174 1.6253336829317908e-06 1.6511303264391015e-06 8.303376664852079e-07 6.685194385683549e-07 4.665296889553286e-06 3.605968184137883e-07 0.0018374375961665813 1.0536095764642693e-06 2.6312198133067632e-05 4.835254010670968e-06 7.334097947324252e-05 6.264389967428663e-07 4.293466432593502e-05 0.0009739736109497885 6.318352287119356e-06 1.3019335283703082e-06 6.31354846442095e-06 9.852337632733254e-08 2.6799414256115724e-05 0.0 6.015532255792907e-05 0.003978732714046123 0.00029390803236927095 3.226811544222281e-05 0.002230409724704393 0.00016634851813075653 8.330759337132767e-07 2.249666579935762e-06 6.307935669233921e-06 3.2490278406779704e-07 1.0582913685095857e-07 7.719189236566477e-06 1.335834793939361e-06 0.00010621922711911305 1.8855486471189776e-05 4.96847673729834e-05 2.72823369906824e-05 3.9459163326179366e-05 2.2312697697821562e-07 1.8336353457076652e-05 0.0 2.0946641453648805e-06 7.419460818440985e-06 4.0956827206457e-06 4.085922426419354e-07 5.988622753893435e-08 7.469624350343783e-07 3.6150801562606055e-05 3.7121084015007632e-06 2.5881951879359502e-05 3.953457682307097e-07 7.478028374689236e-07 2.818390563239124e-07 1.7168915507059845e-06 7.388744892092546e-06 6.19530219623886e-07 0.0004403916608621967 1.8237738419115704e-06 2.2888220154042953e-07 8.055064218371839e-07 0.0 7.628480100705016e-05 0.0001949609704167104 9.75509418137688e-05 0.0002924384319746519 3.2666255200431894e-06 9.807814536366297e-06 0.0006034637177644956 7.074975932280012e-05 9.838912890530057e-06 4.45396321996053e-05 4.0847947902059246e-07 5.43774031434709e-08 1.575254370102851e-06 3.5190695396100937e-06 1.7507889945286393e-06 1.7154341198811367e-05 8.124280634930362e-06 7.744570181765913e-06 4.6553940735225595e-06 5.7470185131729005e-06 0.0 7.623963709905471e-08 4.564876343660744e-07
