0.0 2.3086539392459066e-07 0.0002035820396595115 7.078918077255232e-07 0.0 3.597560280908875e-06 0.0010063899206404553 0.0004097299509150006 2.821420455612063e-07 1.6437518091237704e-06 4.881641064915572e-06 6.980362291398746e-07 5.467894266518139e-08 0.0023453160369030926 0.0 1.2663126402115488e-07 2.333019293348872e-05 3.6315127095459167e-06 6.130477303825851e-06 3.6405748542706917e-07 2.825009196643966e-05 0.0 3.2777891342810645e-05 4.888508684274237e-06 0.0 8.178140524160894e-05 2.581200305084333e-05 4.374419243432482e-05 0.001739496494229318 0.001919332205820937 8.040411550546929e-07 8.616241494307431e-06 2.9065885171741725e-05 3.47910103767928e-05 1.2667005995755045e-06 1.1848861944880117e-05 4.105607901292899e-06 2.9890873999161123e-05 8.846032386633256e-06 2.9310655425785166e-06 2.588866477643111e-06 8.381416671869607e-08 1.4628741004406646e-07 0.0 6.60683448827806e-08 0.0 0.0 0.0 0.0 1.1813154567520619e-06 0.0 1.80621381555355e-07 0.0 0.0 0.0 0.0 0.0 0.0 6.884295582694377e-08 0.0 0.0 0.0 0.0 0.0 1.3911910500120618e-07 8.402042527908056e-08 4.76247602665743e-07 0.0 1.7727128130102795e-07 1.247588275989971e-06 1.0753006345931844e-06 0.0 4.922189437185519e-07 0.0 0.0 0.0 1.0052868467066834e-07 0.0 1.618683536884707e-07 0.0 0.0 1.6427275312406487e-07 0.0 0.0 0.0 0.0
2.3086539392459066e-07 0.0 9.076334900370289e-05 0.0 0.0 1.860304158878644e-07 4.449258627762324e-07 3.7362594549177833e-07 0.000337070819190245 0.0 4.198425372749998e-06 0.0 0.0002928272672122093 7.011159170187481e-07 3.204604466233581e-07 0.0002460110887756227 0.00015752763875555404 9.22792476563378e-07 2.8055767943929464e-05 0.0 1.1259346082933292e-05 0.00229272572944351 1.0062622850184824e-05 0.0005999130557472663 0.0010584927897182032 0.0005009744471928063 0.00339059102264378 2.1612516840625496e-05 2.3429232859562664e-06 1.4015589947206863e-06 2.1562997642247914e-05 0.0 6.629268375915848e-08 1.9675246067618698e-05 3.1093511445674965e-06 0.0001279933182180565 4.8680632451873074e-05 9.940809411894431e-05 2.663175644377702e-05 7.15104930674568e-06 4.834687135349643e-07 3.316630436588716e-06 2.1364288724763084e-07 0.0 2.929467235995496e-05 1.75087989335535e-05 0.0 0.0 0.0 2.199617221943618e-07 0.0 1.3302199523638357e-06 9.179081648063922e-08 2.336842830805536e-06 9.016970531640455e-08 1.023417754892812e-05 0.0 0.0 3.567967341715113e-07 8.739774740788272e-07 5.25240759707394e-07 2.101694618394576e-06 2.394787112893371e-07 1.2295986829552173e-07 4.699235004348002e-06 2.2169215748809322e-07 2.6768101541804165e-06 8.19338215019861e-05 0.0002019013187129927 0.0007260260538604707 7.056943705585978e-07 2.2210977233816476e-07 1.7768528341250686e-07 1.1231293372779171e-06 0.0 0.0 4.703937986549094e-06 7.596527159408194e-07 7.575466721946702e-06 2.475548216286779e-06 1.2147127221663311e-05 3.859859115945811e-06 3.46837300433346e-07 0.0 1.1314820886421775e-06 0.0
0.0002035820396595115 9.076334900370289e-05 0.0 1.8066592462743806e-06 0.0 3.065599143658607e-05 0.00040663423631821934 0.0009525883607131335 2.2508239072455575e-06 1.095325154171611e-05 1.6610630276496638e-05 2.000430093122132e-06 5.814375401903548e-07 0.000963547683187774 0.0 4.1796073931625895e-06 0.0007080937544159053 2.5060639217813725e-05 5.317843217336712e-05 1.1997929080220684e-06 0.0016206500565334261 7.645308844907151e-05 0.005499176291023741 2.00910143372836e-05 4.4775001589180104e-07 0.0018430153393818947 0.0023348987682225006 0.00027169917960813953 0.0003544241001943554 0.00023949873393439182 1.0882774292661875e-05 9.00089228787957e-06 2.138890067265543e-05 0.0008043107682613404 1.0878718727623202e-05 0.000935468524684188 0.002105691660187637 0.001275329241551227 0.00033121593661071124 2.068200128200489e-05 4.615724047243609e-06 4.937523091089663e-06 4.18304230411768e-06 2.258184374519079e-06 0.00013619379293323074 0.0004497651654898896 1.83022888583671e-07 0.0 0.0 4.3851037876063435e-06 1.067640636936074e-06 2.248542579185546e-06 0.0 4.05987101304035e-07 0.0 2.734016008014753e-07 4.201738193088296e-06 0.0 1.1564561027582367e-05 4.247108103565777e-05 1.770837513548197e-07 5.955072669699616e-06 0.0 8.88384780804356e-06 0.0001131939950175912 2.886482850056765e-05 1.0633930930741746e-05 5.772783693446202e-07 4.882296472214573e-05 0.0019624452832432814 1.1822246506256762e-05 1.9537038021041013e-06 9.97455568669618e-06 0.0 0.0 0.0 1.8510550887318636e-05 7.846206227555336e-06 3.405368080032068e-05 5.948843310984163e-06 4.9217050725571414e-05 1.7229539227255038e-05 2.5601089232977763e-06 1.9978734765977694e-07 0.0 4.066522496988105e-07
7.078918077255232e-07 0.0 1.8066592462743806e-06 0.0 9.256650913533805e-07 6.940240276584625e-05 0.00012296233795143336 5.657280897164988e-05 0.0005569632747576057 0.003016893094826076 3.941320198523554e-06 0.0013553296271080252 1.8892443005891691e-07 3.2494545241293254e-05 9.329041819138512e-05 0.0 6.92989532540566e-08 8.903308899428531e-07 7.075127028957254e-07 0.0018270180225169646 1.4781210763236385e-07 2.968942369462876e-07 4.7151990201854435e-07 0.001279465184593395 1.0601987001908852e-07 8.800180339567561e-07 7.291018192139582e-07 0.001026669460942679 0.00010841950477333398 1.0614163759499236e-06 6.880700021233128e-08 1.0292201222608836e-05 5.510220513439885e-06 4.073010106115919e-05 2.5727320618922202e-05 0.00034152354575892367 2.3245455285401833e-06 9.599972065708715e-05 5.233122419461578e-05 0.00033398982084031627 2.0262332850470907e-05 8.657778983980842e-08 6.243571888456514e-06 4.1266031709344693e-07 9.706935448401639e-07 0.0 0.00015916198200154188 0.0 8.324527791518684e-06 8.613153194590646e-05 3.0938955884409016e-06 8.271287998786695e-05 0.0001178819291650632 0.0 5.081124132991995e-05 0.0 5.409106099672367e-06 2.1710001227848874e-05 0.0 0.0 0.0 0.0 0.00010444891207777243 3.7986186476320316e-07 2.0493018355502224e-06 3.5536374030055666e-07 0.00021844883280890825 6.167991308138624e-07 8.462334258929563e-08 1.0786917438633453e-06 0.00015869101078142656 3.1821196179257997e-06 1.1219966218269158e-06 0.0 3.9271684753222186e-07 2.419262142425874e-07 6.328308677686829e-06 5.584134019914666e-07 1.4123854413929936e-05 0.0 1.1105996777404541e-05 2.273956305700001e-06 7.119709096453064e-05 5.391212094603044e-06 0.0 7.948707445333524e-07
0.0 0.0 0.0 9.256650913533805e-07 0.0 0.000357335368749516 7.550821805044191e-07 1.1052730443234117e-06 6.21409429647024e-06 2.893552361105745e-06 8.087272471487635e-06 3.1378380216770954e-05 1.6006897991743902e-06 1.0974112153729954e-06 0.0006069392578179343 0.0 0.0 1.0815995219035143e-07 8.438349996662625e-08 3.268890977412838e-06 0.0 0.0 0.0 4.130098146439168e-06 1.324826261088325e-07 1.8701244356888729e-07 1.2437883232887444e-07 8.229900631700229e-07 3.878802862056121e-05 0.0 1.0524582415259484e-07 1.7806819402968958e-05 0.0 7.415407499193971e-05 0.0 6.2717846673107326e-06 1.420862527483142e-06 3.7182257970001186e-05 2.321675299709135e-05 0.0009922945393220344 2.446409541292167e-05 3.4675485352749526e-06 2.9732153083282158e-06 0.0 0.0 0.0 0.0 0.0 0.0 0.0 0.0 0.0 0.0 0.0 0.0 0.0 0.0 0.0 0.0 0.0 0.0 0.0 8.553705515665585e-08 0.0 0.0 0.0 3.7175102281838347e-07 0.0 0.0 0.0 0.0 0.0 0.0 0.0 0.0 0.0 0.0 0.0 0.0 0.0 0.0 0.0 0.0 0.0 0.0 0.0
3.597560280908875e-06 1.860304158878644e-07 3.065599143658607e-05 6.940240276584625e-05 0.000357335368749516 0.0 0.0010986304064819375 0.003975017560391005 1.5789560192723725e-05 0.0029499146304605645 5.175690758383183e-05 0.0017353906643939473 6.7282950201885645e-06 0.00035023562679714393 0.0013728648932581813 0.0 1.2558994808604166e-06 5.989424394607301e-06 2.846726597874195e-06 0.00036665517761453557 2.864511284355032e-06 0.0 5.729311560092421e-06 6.558578579808855e-05 8.39618939269715e-07 1.3485368104771395e-05 6.035687606787297e-06 0.0006070043849945447 0.00011530275739385914 1.6564128288338414e-05 1.239171459466803e-06 0.0005663845699988606 1.1980163936882512e-06 0.00016576297133920456 1.3479226983871453e-06 0.00011656402620217364 6.114150637188136e-06 0.00019182156999134734 3.844404463557965e-05 0.0016262289446020179 2.9370121119642302e-05 1.1128379261091527e-05 3.859020467442429e-06 0.0 0.0 7.251653471056086e-08 6.5660225107635824e-06 0.0 0.0 1.0771542404465801e-05 4.5215914724466835e-07 2.120648297319612e-06 1.0495186780353762e-05 0.0 5.05997156847999e-06 0.0 4.7248800514115744e-07 5.047745667670932e-06 0.0 0.0 0.0 0.0 5.54644246224439e-06 0.0 2.959289264927706e-07 0.0 1.0016916792112533e-05 0.0 0.0 3.9268789021337996e-07 7.722513100768755e-06 1.5492127347430577e-06 1.589130470799707e-06 0.0 0.0 0.0 0.0 0.0 5.261971253082882e-06 0.0 0.0 0.0 1.991441591746342e-05 4.490863246773229e-07 0.0 0.0
0.0010063899206404553 4.449258627762324e-07 0.00040663423631821934 0.00012296233795143336 7.550821805044191e-07 0.0010986304064819375 0.0 0.0031849933656972217 6.078830464507009e-05 0.003223322664119893 1.618716116361859e-05 1.673608335276731e-05 4.5220453365849037e-07 0.0047236798128678145 2.1008974482305843e-05 7.7377364442436e-06 3.3168829293374704e-06 4.001130338192241e-06 4.089696835348081e-06 2.520305651211603e-05 8.975270108564722e-05 1.944842308437478e-06 0.00019112472813801894 0.0008835939130630049 3.5620133601201734e-07 3.6374005722065516e-05 0.00019431997035842012 0.006237064038234863 0.0015165368031726811 0.0022580643644906314 7.477630270022877e-07 3.847566115720708e-05 0.00020300786464369993 0.00030920045235860303 7.03475549691681e-05 0.0021302933809046443 2.202953029716464e-05 0.0006595397955724526 0.00029046682011052823 0.00017226615962645707 9.76671258581411e-05 1.0591929126585053e-06 2.9451499125855447e-05 2.1503738993774595e-06 2.9900936240800893e-07 4.153938713690891e-06 3.925297645238892e-05 0.0 2.645527029590372e-06 0.00023394328787927645 4.327295709088055e-06 3.2921839693010354e-05 3.280694337413835e-05 1.9093926323762304e-07 6.7107558059966705e-06 4.202779149411853e-07 1.2555385660586122e-05 8.28425605694905e-07 3.3058436358437564e-06 0.0 0.0 0.0 2.1032191165065095e-05 3.713927167241397e-06 3.566630129744943e-06 4.241904781450055e-06 0.00018487907143342606 2.5282073222411234e-07 0.0 1.725649973782409e-05 0.00019766234252161682 2.1729352418839294e-05 2.825358453714597e-05 0.0 3.525994522582309e-07 8.772645398021275e-07 7.253139614296028e-06 8.019002528139335e-07 4.43219131812937e-05 3.7850023356147247e-07 2.1759942523753702e-05 9.881251509533925e-06 4.797372006201281e-05 1.0706972830785001e-05 0.0 5.193371348123462e-07
0.0004097299509150006 3.7362594549177833e-07 0.0009525883607131335 5.657280897164988e-05 1.1052730443234117e-06 0.003975017560391005 0.0031849933656972217 0.0 2.2309848003933756e-05 0.0026500798118908033 6.051800813213784e-05 0.0004976796983824596 6.6239205808270895e-06 0.002831201153352773 3.212262166033798e-05 6.388819345099853e-07 5.42947701909956e-05 1.299149064529985e-05 2.1564284516911728e-05 0.0002823435587118754 9.320814226448342e-05 7.233640589155833e-07 0.00011866465864217587 0.00011536443638879515 3.4431225104358747e-07 0.00030653684107890216 0.00011700266530691061 0.000450564753972334 0.0003774182264899638 0.0009661359117843334 2.9775378392340534e-06 0.00024766878676417767 7.743712950044642e-06 0.00021874459838642295 2.894567573896324e-06 0.00016485687815389737 1.6424329883202607e-05 0.0002377462345267914 6.583886536751799e-05 0.0006950432135970966 2.7669195217754148e-05 9.80070978581285e-06 4.506203544348498e-06 1.0418926988557435e-06 5.458686880836325e-07 9.562222272576267e-07 6.691345752855834e-06 0.0 0.0 0.00010216289845649597 3.246506759389688e-06 1.6821908379760467e-05 7.26094900312675e-06 1.1488727040249054e-07 3.6656699893267753e-06 0.0 4.261863832331713e-06 9.66648186342117e-07 1.9789050973729075e-06 8.098354724432741e-08 0.0 0.0 2.8906254942857426e-06 1.281007482141978e-06 1.496570861330159e-06 1.6343313328161054e-06 6.674247090525368e-05 0.0 1.905321707657529e-07 7.290533968806962e-06 6.857759512945749e-05 6.4613974736788115e-06 2.1917810367879968e-05 0.0 0.0 1.1623407940217339e-07 4.7504313778301246e-06 2.040882353801192e-07 1.394467506363302e-05 0.0 8.44649985840065e-06 1.6932881125995657e-06 1.4147320780145807e-05 3.771176362856825e-06 0.0 5.00430033618306e-07
2.821420455612063e-07 0.000337070819190245 2.2508239072455575e-06 0.0005569632747576057 6.21409429647024e-06 1.5789560192723725e-05 6.078830464507009e-05 2.2309848003933756e-05 0.0 0.00013374288026399834 1.5699053710353769e-06 0.00011749211843880909 2.1342584399762615e-05 2.1540808423452605e-05 0.00021860700449986497 6.698030200272742e-06 2.254324722974913e-07 7.052751709796343e-08 2.939508080470622e-07 0.0003552766957526481 3.309867517386612e-06 0.0013442818721760331 6.273408526815983e-07 0.005800210024473063 8.327944335687559e-05 3.0939143170550778e-06 6.2791894925866e-05 0.0006573541082338296 1.8131382856759557e-05 2.5197261784692705e-05 2.5822271229664904e-06 3.460370760645812e-06 4.8697779645140605e-06 8.776973647249542e-06 2.0118980890271503e-06 9.394678955411118e-05 4.653884274631122e-06 2.643677215450195e-05 1.1607104199508957e-05 0.00017254788627911325 6.74188589896946e-06 9.057230957008451e-08 1.407154810963039e-06 3.476694338170389e-06 2.4298188699030915e-05 6.035694095310137e-07 0.000120222970940085 0.0 4.144890626508768e-06 0.00018338422216947848 8.244653255284103e-06 0.00010205490729455563 7.025521159207714e-05 0.0 3.086430506342377e-05 9.030492314025263e-07 1.4401848304173505e-05 6.223379544426138e-06 2.3055684006144566e-05 9.936743301759412e-08 0.0 0.0 6.375218588360232e-05 1.2826533045490062e-05 4.5174082591580756e-05 6.016849263987728e-06 0.0007844141595323994 2.5449843261641214e-06 4.5814081726713434e-07 6.710286244176805e-06 0.00039607115682648567 2.3798970500947e-05 3.2562408230694946e-05 7.748050956991723e-08 7.841090611872267e-08 1.5964466266153678e-06 1.2170295470453169e-05 1.241249437996738e-06 4.104906235979187e-05 1.252514682800772e-06 2.0972490404936002e-05 4.554353448307364e-06 2.259957531000769e-05 9.302394722507979e-06 0.0 8.009250128702969e-07
1.6437518091237704e-06 0.0 1.095325154171611e-05 0.003016893094826076 2.893552361105745e-06 0.0029499146304605645 0.003223322664119893 0.0026500798118908033 0.00013374288026399834 0.0 4.004372288457114e-05 0.0020660984904550222 2.9110181957007345e-06 0.0006861917077480358 7.824891768026304e-05 5.4482901727442136e-08 8.386372717543488e-07 9.482996602478246e-06 9.225698864297915e-06 0.00300558582180389 1.6639224933456212e-06 6.224693184939294e-07 1.7523930756164332e-06 0.00023598371717792696 4.6029861404772323e-07 1.2302368790456591e-05 8.216714360248173e-06 0.0030192738907776177 0.0006150009113017289 7.505027794518405e-06 1.6096695767838602e-06 9.243292828102514e-05 9.35884135267787e-06 0.00031556602912780334 4.114250988288569e-05 0.0006337960643932292 1.041724825088804e-05 0.0006504427032314605 0.000181438398924939 0.0002683447889552243 0.00013260131657342713 2.184850629473257e-06 1.715985941267098e-05 9.376507228819902e-07 4.0949079835864845e-07 4.996659615700127e-07 0.00011388890141825172 0.0 3.2800097511555888e-06 9.890863707007849e-05 3.0231889304860385e-06 3.986032554006516e-05 9.470763928338435e-05 1.4231167987907796e-07 3.2100518454642635e-05 1.3738759475151314e-07 3.570868803003755e-06 1.655725140164034e-05 0.0 0.0 0.0 0.0 6.365208937555629e-05 5.416989782366661e-07 8.608054624162881e-07 0.0 0.00016710235231561863 1.051139813580056e-07 0.0 8.074347854844546e-07 0.0001421250834434662 7.62743224304238e-06 1.878619524520874e-06 0.0 7.587902909630494e-07 7.061230563468718e-08 5.010404202101511e-06 9.139235634842158e-07 1.295999750534456e-05 2.875785522218477e-07 1.5749056688783155e-05 1.6882789120156806e-06 5.05507358705106e-05 3.0943707466809793e-06 0.0 8.693824473777341e-07
4.881641064915572e-06 4.198425372749998e-06 1.6610630276496638e-05 3.941320198523554e-06 8.087272471487635e-06 5.175690758383183e-05 1.618716116361859e-05 6.051800813213784e-05 1.5699053710353769e-06 4.004372288457114e-05 0.0 1.88683384316722e-05 0.001517460481512695 3.066894486925225e-05 3.7259094575409095e-07 3.668460430936826e-07 0.00011378978764159495 0.001354749351082686 0.000411204105437072 1.2643785063041042e-05 5.02947297888858e-06 3.9834620904978855e-06 1.7696461282198343e-05 5.817038660708514e-06 0.0004155112328556546 0.0006562527106550932 8.395240133995824e-05 1.149645523665861e-05 0.00013986228561838743 1.1425892944181187e-05 8.656891410020482e-05 0.00023186593435865898 3.6071458294487677e-06 0.004288983961953436 2.3966680253986965e-06 0.00015481955347800211 0.0018593675756812293 0.003200893061461586 0.0005797738707687934 0.00010369736580421437 3.481763821065578e-05 0.0007937495500891001 3.373304680371962e-06 1.5595745898815694e-07 1.9394653011434121e-07 0.0 5.188074807378233e-07 0.0 0.0 5.18175588377534e-06 0.0 2.6978076679310813e-07 4.3249839110134413e-07 0.0002464417433291173 1.5257111498669154e-07 0.00024154395812951904 1.0564577426243142e-07 0.0 8.048775428259496e-08 0.0 3.323123614431692e-05 2.620838881726966e-07 3.791535463586502e-07 3.6329779077676384e-07 0.0 0.0 4.674502528403707e-06 6.856539531572404e-05 0.00024139866954195775 5.135449077698294e-05 4.52510922150294e-06 3.240805824644513e-07 1.1655939210581024e-07 4.82102467281322e-05 0.0 0.0 8.634035035322428e-07 6.877958661890643e-07 1.7332657525165277e-06 0.00040808309643942904 6.156039299459369e-06 7.463431985713575e-07 8.053633010183705e-07 8.396626744625233e-08 7.081478337547844e-05 0.0
6.980362291398746e-07 0.0 2.000430093122132e-06 0.0013553296271080252 3.1378380216770954e-05 0.0017353906643939473 1.673608335276731e-05 0.0004976796983824596 0.00011749211843880909 0.0020660984904550222 1.88683384316722e-05 0.0 1.1392702110760922e-06 0.00012745354112255388 0.000991246588005149 0.0 8.655175263329519e-08 2.654811041901015e-06 1.7057673373088937e-06 0.0026990657109350804 2.749410042306082e-07 4.450530344992978e-07 1.7941355217128484e-07 0.00030766922618596216 4.883017321613493e-07 3.1736364478065483e-06 6.677997348677411e-07 0.00014816080075006773 7.730607224377866e-05 1.1787179863601475e-06 7.319815320379133e-07 7.265439212201869e-05 1.1710437261430106e-07 7.066112781832083e-05 4.188144368706425e-05 0.00013502499782379457 1.0130185117885743e-06 0.00010826448155081462 1.63953641586484e-05 0.000994322866378599 2.328078935936913e-05 7.677622557482627e-07 1.6897544331392396e-06 0.0 3.3534350558524904e-07 0.0 3.9290147526356404e-05 0.0 2.1383570830439436e-06 1.0433003564579643e-05 6.661550023774017e-07 1.612465767746003e-05 2.031963630919835e-05 0.0 5.102536001816483e-05 0.0 2.091775645112244e-07 1.0936958085122497e-05 0.0 0.0 0.0 0.0 2.7043814691334795e-05 0.0 8.938860352763505e-07 0.0 3.745296736021987e-05 0.0 0.0 1.7157233577848301e-07 2.4242431885832814e-05 2.540124815968394e-07 0.0 0.0 0.0 0.0 1.1709171251439872e-06 1.9009386024291542e-07 1.0842137992872978e-05 0.0 2.7310708170743126e-06 0.0 6.0614767777402696e-05 0.0 0.0 0.0
5.467894266518139e-08 0.0002928272672122093 5.814375401903548e-07 1.8892443005891691e-07 1.6006897991743902e-06 6.7282950201885645e-06 4.5220453365849037e-07 6.6239205808270895e-06 2.1342584399762615e-05 2.9110181957007345e-06 0.001517460481512695 1.1392702110760922e-06 0.0 1.6849249773823562e-06 1.24091907743289e-07 1.347357867209931e-05 6.365041817920167e-07 4.28313530802891e-05 1.5535147362064326e-06 1.4108436220834518e-06 1.0498062420535288e-06 0.00011366663706835444 1.6299832135255736e-06 5.196845562571475e-05 0.0027374742158864304 0.00020492275140370097 0.0014008522126664656 3.055538040142313e-06 4.043379105169601e-06 2.5716057324553735e-07 0.00033656467529470495 2.3053052707885925e-05 0.0 0.0009327366818437159 3.7419549982601195e-06 9.64352550784487e-05 0.0016349377897402022 0.0008549378896159207 0.00012771174398750642 1.2624827605147116e-05 1.96658109408803e-05 0.001723040711888256 1.4110200644684273e-05 0.0 3.017884881672109e-06 0.0 1.2508066110238498e-06 0.0 0.0 1.0176201378327093e-06 0.0 8.551945690854219e-08 9.103796497782142e-08 0.0003581359469062353 0.0 0.0004497897661729084 8.545603450680778e-08 0.0 0.0 0.0 4.0994650388534866e-05 5.661686994814819e-07 0.0 7.931014556767199e-08 0.0 8.356416188348238e-08 9.631126949714844e-07 0.0002077828571916057 0.00043360572604418614 0.00012259560394756416 8.03856445482631e-08 0.0 0.0 7.959023041903222e-05 0.0 0.0 3.5408999616840397e-06 0.0 5.5177717022814385e-06 0.0008492858057014019 2.5224054646459827e-05 9.894835312444915e-07 0.0 0.0 0.00022728973896882408 0.0
0.0023453160369030926 7.011159170187481e-07 0.000963547683187774 3.2494545241293254e-05 1.0974112153729954e-06 0.00035023562679714393 0.0047236798128678145 0.002831201153352773 2.1540808423452605e-05 0.0006861917077480358 3.066894486925225e-05 0.00012745354112255388 1.6849249773823562e-06 0.0 2.0538652120015593e-06 1.1576250619563757e-07 8.704295804314923e-05 1.8234244212489927e-05 2.73845590915087e-05 0.00011756274906856423 0.00011100116561060808 7.666183086697666e-08 0.0001365295741232047 8.39112877098533e-05 4.155387111569955e-07 0.000387097446894597 0.00012936525239615223 0.0003382915225904539 0.002519322002064791 0.0023360392617445425 3.791134552111411e-06 0.0004160592027391005 9.943235891701215e-06 0.00017746446642431983 3.4351253977235902e-06 0.00018926540761371422 1.6803537288179542e-05 0.00012530638047156305 3.106456640017049e-05 0.00024766823620941297 1.4768828805418549e-05 1.7690920953631245e-06 2.7520909436872416e-06 4.075556116592827e-07 1.4708364211504602e-07 1.2016592421297905e-06 4.025666811985869e-06 0.0 0.0 5.611517833734774e-05 1.4629350958799704e-06 1.0852633674487698e-05 6.512626832794127e-06 0.0 9.486155839868783e-07 0.0 2.1341731549650315e-06 0.0 1.1022584134442557e-06 2.2129728848452872e-07 0.0 0.0 2.767117636713239e-06 5.624398933500852e-07 5.154821266346535e-07 2.3233454621112796e-06 4.150389318817687e-05 0.0 2.594852042995685e-07 4.523323442600216e-06 4.374628096847902e-05 4.1516818547315316e-06 1.410736846264505e-05 0.0 2.8778778630466206e-07 0.0 1.1341023325856486e-06 0.0 1.2147026779773022e-05 0.0 6.499558393692589e-06 1.8676152225060131e-06 6.4912463022605256e-06 3.24720605702978e-06 0.0 0.0
0.0 3.204604466233581e-07 0.0 9.329041819138512e-05 0.0006069392578179343 0.0013728648932581813 2.1008974482305843e-05 3.212262166033798e-05 0.00021860700449986497 7.824891768026304e-05 3.7259094575409095e-07 0.000991246588005149 1.24091907743289e-07 2.0538652120015593e-06 0.0 0.0 0.0 1.1671654623458806e-07 0.0 0.00023473771990325233 0.0 2.332395039825122e-06 0.0 0.0006252786516460183 2.3928423291644926e-07 0.0 2.664712488968365e-07 3.8412606506772753e-05 1.411198606896235e-06 0.0 9.123378427515616e-08 0.00026809596606179543 0.0 2.1622641590400335e-06 5.278806520727201e-07 0.00026431494350682413 2.245917237512773e-07 1.6832431422883116e-06 0.0 0.0007623899665467323 9.421918078496492e-08 5.32282055932886e-06 8.792816725000295e-08 0.0 0.0 0.0 1.270351195457382e-05 0.0 6.570980163330402e-07 6.0859190798506505e-06 0.0 3.3500879754486742e-06 9.820665656154703e-06 0.0 8.813787198621621e-06 0.0 0.0 1.0059349498461552e-05 9.54639576244575e-07 0.0 0.0 0.0 6.565384275054918e-06 0.0 0.0 9.992898114631793e-08 1.7774262505433507e-05 0.0 0.0 0.0 6.433990911795793e-06 0.0 0.0 0.0 0.0 0.0 0.0 0.0 2.893857737255001e-05 0.0 1.0001748437622031e-06 0.0 5.196929931099632e-05 0.0 0.0 0.0
1.2663126402115488e-07 0.0002460110887756227 4.1796073931625895e-06 0.0 0.0 0.0 7.7377364442436e-06 6.388819345099853e-07 6.698030200272742e-06 5.4482901727442136e-08 3.668460430936826e-07 0.0 1.347357867209931e-05 1.1576250619563757e-07 0.0 0.0 9.379671090183378e-07 7.229707746409106e-08 6.683191768606287e-07 0.0 0.0006246297054640229 0.002041932095950381 0.0033807323750865664 0.0011821937979433746 6.529635182200788e-05 7.108361436881038e-06 0.0038750994324821433 0.0004144282972244419 9.824061375545282e-07 1.7310297222141774e-05 1.9593129167707215e-06 6.619160354450537e-07 1.1022890441481506e-06 2.600483338879883e-05 5.695892836008294e-06 0.0009740999374684812 0.00043667286342433716 9.448434016647185e-05 0.0002631571553341532 1.4471255301583723e-05 7.144592400908995e-07 1.723977433178725e-05 6.912585697426721e-06 7.5474932094501e-07 8.265253495232814e-07 2.618062805185629e-05 0.0 0.0 7.523910448775828e-08 2.483423919926514e-06 2.029968425661246e-06 1.1196933774096112e-05 6.384528054409023e-08 2.3779912473719547e-06 0.0 3.702760613368456e-07 2.0744879761563748e-06 0.0 0.0023272959062755768 1.0430537067043733e-06 7.8694888427939e-08 0.0 7.699254605547207e-08 0.0005326494661727113 0.0009790300551214591 0.0010992750476204556 9.306358730111978e-05 1.9869860566501964e-07 1.0345797235798866e-06 0.0008552665113775498 0.00010962149724627088 5.88706368022251e-06 7.745476400338922e-05 0.0 0.0 3.0592283639584867e-07 2.439405442975754e-06 3.4330742044365335e-06 5.184529341635299e-05 1.2488195593616405e-05 1.5194247098817e-05 1.8487191961288822e-05 7.961242595457904e-07 8.7678794089942e-08 6.6077955653998525e-06 1.5316952191467596e-07
2.333019293348872e-05 0.00015752763875555404 0.0007080937544159053 6.92989532540566e-08 0.0 1.2558994808604166e-06 3.3168829293374704e-06 5.42947701909956e-05 2.254324722974913e-07 8.386372717543488e-07 0.00011378978764159495 8.655175263329519e-08 6.365041817920167e-07 8.704295804314923e-05 0.0 9.379671090183378e-07 0.0 0.0001782408840481586 0.0012427425248593043 7.586932235479189e-08 0.00014173008412642592 8.555313627620101e-07 0.0011148978546213376 1.8208727461974476e-06 9.724047639108294e-07 0.0019740970385036193 0.0023245764760236264 1.1718138872073152e-05 0.00020961731023879575 0.0004378988519175644 8.865646188256895e-06 2.011747229485859e-06 2.0738933088561143e-05 0.0011428781112863627 2.4696176399185494e-06 0.00034005467920011386 0.0010565199774545979 0.001460325871332226 0.0001858871470040296 3.986963970101182e-06 1.2604550611105266e-06 2.7196789214021635e-07 5.133645243414123e-07 7.662060575174828e-08 0.0001698228707277577 5.627502005550597e-05 0.0 0.0 0.0 7.06048418940672e-08 6.824231587188448e-08 4.4774339992572814e-07 0.0 1.8919580490782686e-06 0.0 1.5853073400531844e-06 0.0 0.0 6.852242723143705e-07 1.0421700552250686e-05 7.324198481017608e-07 8.975485753596236e-06 0.0 0.0 1.2629465208969903e-06 4.0885124943058734e-07 9.208733200062641e-07 1.7827813326145069e-06 0.00029147572873321507 0.0006153277829131506 9.90183128099129e-07 1.6807937720146535e-07 0.0 1.4288873175409332e-07 0.0 0.0 6.36752779210662e-06 1.6896284028642571e-06 4.937433498497174e-06 9.037884636565912e-06 1.4200007895906266e-05 2.6678186130064796e-06 0.0 0.0 1.6827963484789932e-07 1.0067900119296885e-07
3.6315127095459167e-06 9.22792476563378e-07 2.5060639217813725e-05 8.903308899428531e-07 1.0815995219035143e-07 5.989424394607301e-06 4.001130338192241e-06 1.299149064529985e-05 7.052751709796343e-08 9.482996602478246e-06 0.001354749351082686 2.654811041901015e-06 4.28313530802891e-05 1.8234244212489927e-05 1.1671654623458806e-07 7.229707746409106e-08 0.0001782408840481586 0.0 0.0009397359931374271 2.657936858689065e-06 5.9170230408739245e-06 4.093388361563449e-07 3.538913442789952e-05 1.2863019283853848e-06 2.5660407962623717e-06 0.001241425062656064 2.8805501182356033e-05 2.733621266454422e-06 6.0576282425705887e-05 1.1716460472405377e-05 8.312457993154688e-05 1.8367264554842994e-05 4.275811879083376e-06 0.0008031852610937702 5.042932136777109e-06 0.0002675295089804428 0.0008875312720432687 0.0010429705496792893 0.0002684875448218674 1.1755555977971608e-05 1.8102646762746384e-06 3.87367775018992e-05 9.809733985700382e-07 0.0 5.14904371051354e-07 3.886768471909519e-07 0.0 0.0 0.0 8.688976699441031e-07 0.0 2.850508431472358e-07 0.0 3.3872768255307e-05 0.0 2.7869043943182938e-05 0.0 0.0 5.718339057934589e-08 0.0 1.8865781382949047e-05 1.6407855734269267e-07 0.0 0.0 1.3196834279635846e-07 0.0 5.2811703710508e-07 1.2283754872419063e-05 0.0001561926058762665 5.320288986507898e-05 7.853630250214837e-07 0.0 3.82393253068529e-07 1.100624780705371e-05 0.0 0.0 8.155453171327079e-08 1.0725914463554055e-06 1.2133113048496975e-06 2.7530083354853157e-05 1.3404785452379124e-06 0.0 5.447881578658604e-07 2.900062072768792e-07 5.20265608630643e-07 0.0
6.130477303825851e-06 2.8055767943929464e-05 5.317843217336712e-05 7.075127028957254e-07 8.438349996662625e-08 2.846726597874195e-06 4.089696835348081e-06 2.1564284516911728e-05 2.939508080470622e-07 9.225698864297915e-06 0.000411204105437072 1.7057673373088937e-06 1.5535147362064326e-06 2.73845590915087e-05 0.0 6.683191768606287e-07 0.0012427425248593043 0.0009397359931374271 0.0 2.412033202109365e-06 1.0822830243401829e-05 8.878982258146811e-07 7.25984715664308e-05 1.0821881877357229e-06 4.42140795945989e-06 0.001454412520440655 0.00026120591370205605 4.46895801305764e-06 8.602890511342903e-05 2.1952766783221105e-05 7.867332880087657e-06 8.401483622841155e-06 6.6826538140986175e-06 0.001920001487421385 7.861912741570887e-06 0.0006745762104225924 0.00093865814323923 0.0021723659440375125 0.0004929724397184198 1.0215738740662631e-05 1.6137214127227282e-06 4.751550146558675e-06 1.5457188618993715e-06 2.403261755398061e-07 3.9632319179914794e-05 9.236690809860224e-07 0.0 0.0 0.0 4.5728573412776224e-07 1.6814293812845253e-07 8.117220755659839e-08 0.0 8.533928503589112e-06 0.0 4.257148388398881e-06 1.4277069161569138e-07 0.0 0.0 3.923712214855168e-07 5.490077013413641e-06 3.4886995294646916e-06 0.0 0.0 1.0557933755119645e-07 0.0 8.078828038570069e-07 8.694407892272974e-06 0.00022716499291713208 0.0002532497710966327 6.706105507719717e-07 0.0 1.7262294454165404e-07 1.3099574702274701e-06 0.0 0.0 2.888986862447536e-06 1.8593653954045705e-06 5.158818218580249e-06 1.6936488373447228e-05 9.746798117899803e-06 2.3808250196810763e-06 4.2806929548904567e-07 0.0 3.295865512278486e-07 0.0
3.6405748542706917e-07 0.0 1.1997929080220684e-06 0.0018270180225169646 3.268890977412838e-06 0.00036665517761453557 2.520305651211603e-05 0.0002823435587118754 0.0003552766957526481 0.00300558582180389 1.2643785063041042e-05 0.0026990657109350804 1.4108436220834518e-06 0.00011756274906856423 0.00023473771990325233 0.0 7.586932235479189e-08 2.657936858689065e-06 2.412033202109365e-06 0.0 2.674616545851478e-07 0.0 4.2630353071484434e-07 0.00040775858489936216 1.1272544530755067e-07 2.8757010883064006e-06 7.397919847425769e-07 0.0004841033562698196 0.00010648512419674224 1.6004296376676426e-06 4.1867464582950915e-07 3.2478592739674824e-05 1.1570251811197017e-06 7.609276521104773e-05 5.824880294339377e-05 0.00022072083368105796 2.1899469236540725e-06 0.00014813469578254187 3.926570323280699e-05 0.000593110447741479 3.156360032088115e-05 4.5253786974476844e-07 3.3823076969778387e-06 4.4065410414604545e-07 5.191306269065066e-07 0.0 0.0001326524497295249 0.0 8.061053802434302e-06 6.623244551550758e-05 3.423780234930721e-06 5.853992087123434e-05 9.41997634841828e-05 0.0 4.3396531761952975e-05 0.0 4.75007578904724e-06 1.5926406131572813e-05 9.226942677001645e-08 0.0 0.0 0.0 7.807976890473313e-05 0.0 9.152446566559718e-07 0.0 0.0001659141560657564 0.0 0.0 1.3323854289844389e-06 0.00012317214053634415 2.6452359991162933e-06 6.968571132702014e-07 0.0 0.0 0.0 3.866213164011799e-06 5.753999669168755e-07 2.4752705695685244e-05 0.0 5.936190951872896e-06 1.4412040078006648e-06 7.973588608189047e-05 1.5046660720854548e-06 0.0 0.0
2.825009196643966e-05 1.1259346082933292e-05 0.0016206500565334261 1.4781210763236385e-07 0.0 2.864511284355032e-06 8.975270108564722e-05 9.320814226448342e-05 3.309867517386612e-06 1.6639224933456212e-06 5.02947297888858e-06 2.749410042306082e-07 1.0498062420535288e-06 0.00011100116561060808 0.0 0.0006246297054640229 0.00014173008412642592 5.9170230408739245e-06 1.0822830243401829e-05 2.674616545851478e-07 0.0 9.616681398383422e-05 0.005487019384118707 0.00028554656503443154 5.95921288474976e-06 0.00013795895237424146 0.0008639986708754195 0.0010813231659691062 0.00012355620362821984 0.0042381244469666375 1.7657443999071853e-06 2.3488693051196764e-06 3.3226342922615675e-05 0.0015106038776932153 6.966966013447062e-05 0.0050406018619493925 0.0005100912232740518 0.001950930685420758 0.0025643925094135218 6.024000519896577e-05 1.1666894502361447e-05 6.817203846490093e-06 2.9265280121688437e-05 0.0 1.091248875174839e-06 2.4997508719262483e-06 7.103993863104005e-08 0.0 0.0 4.692073370681315e-06 2.9035373389005237e-07 5.2665025415446635e-06 0.0 7.572362149391417e-07 0.0 0.0 3.366236063642014e-07 0.0 0.0005705593572285403 1.6984299760475364e-07 0.0 0.0 0.0 0.0004304910289552273 0.00016806608586969113 0.00015609345867623677 8.271699842120635e-05 0.0 7.169609396640488e-08 2.1506982418502262e-05 0.00011663995371067556 5.176341729549488e-06 9.025389465383581e-05 0.0 0.0 3.6267996814934933e-07 1.012648400018187e-06 3.1643765333488794e-06 3.579458453052013e-05 9.092947421624535e-07 2.825369034827506e-06 2.266893695425015e-06 2.4539820342093967e-06 5.395752309632115e-07 2.28103146082188e-06 0.0
0.0 0.00229272572944351 7.645308844907151e-05 2.968942369462876e-07 0.0 0.0 1.944842308437478e-06 7.233640589155833e-07 0.0013442818721760331 6.224693184939294e-07 3.9834620904978855e-06 4.450530344992978e-07 0.00011366663706835444 7.666183086697666e-08 2.332395039825122e-06 0.002041932095950381 8.555313627620101e-07 4.093388361563449e-07 8.878982258146811e-07 0.0 9.616681398383422e-05 0.0 0.00014846400855800116 0.004315570360968416 0.0005316936224075263 2.859500549465447e-05 0.0022795160737873314 0.00012880244856371706 7.464846051493986e-08 2.3794152371014785e-06 2.084339597906702e-05 0.0 0.0 1.1934220429903918e-06 0.0 7.515936757913287e-06 2.6813932067586578e-06 3.682301342257986e-06 1.3238556645111616e-06 1.4852327976794438e-05 0.0 6.53559294553513e-07 0.0 3.212545343234246e-07 0.00010854905222664863 4.901401102107568e-06 5.605306108729899e-07 0.0 0.0 1.503759446470027e-06 0.0 1.0568856981074555e-05 4.14846589124998e-07 0.0 0.0 7.559261539185179e-08 6.160479693191285e-07 0.0 0.0006133160552212664 2.8662517156310043e-07 0.0 0.0 0.0 0.0001286928943548574 0.00014089237478547088 0.00020588989805931269 6.25724847447361e-05 4.835542501634632e-05 1.3672517253371237e-06 0.00024467745796582856 3.5235860565993944e-05 1.325650392145215e-06 2.1336435563006097e-05 0.0 0.0 2.314525803070997e-07 1.0814960878677664e-06 4.880954569779343e-07 1.2394934857973425e-05 2.145082999380524e-06 3.1511759189921455e-06 2.5566785559709757e-06 6.786802396346944e-07 8.26716215157577e-08 0.0 7.930413246349914e-07
3.2777891342810645e-05 1.0062622850184824e-05 0.005499176291023741 4.7151990201854435e-07 0.0 5.729311560092421e-06 0.00019112472813801894 0.00011866465864217587 6.273408526815983e-07 1.7523930756164332e-06 1.7696461282198343e-05 1.7941355217128484e-07 1.6299832135255736e-06 0.0001365295741232047 0.0 0.0033807323750865664 0.0011148978546213376 3.538913442789952e-05 7.25984715664308e-05 4.2630353071484434e-07 0.005487019384118707 0.00014846400855800116 0.0 5.604431491313481e-05 3.679758456356679e-06 0.0010039414491463427 0.005763208164238367 0.0005952491102283773 8.544468887857009e-05 0.001449264577030683 3.6168116284381025e-06 2.0035333136709483e-06 1.42208636262902e-05 0.0021085387401357262 8.756395473265395e-05 0.007784993418290648 0.004968777676779164 0.0037010198745553403 0.006922380569547823 0.00018289227757225252 2.9638861118506193e-05 4.80439869632412e-05 4.810816561865864e-05 8.174039547773855e-07 9.564545341065446e-07 0.00010254480092013489 1.9705637771125063e-07 0.0 0.0 2.837773699704776e-06 3.984192284810358e-07 1.1095605837503954e-06 8.576987177850405e-08 5.338393989363554e-07 0.0 2.2840090223433902e-07 1.5411127310140157e-06 0.0 0.0008736554240050583 5.639548941706876e-07 0.0 0.0 1.4915517090921146e-07 0.00011431440064918483 0.00029834633752778443 0.000510055772766839 1.8682944827453405e-05 1.9266662881175277e-07 2.4307433148529364e-06 0.0007779739677094346 1.6604182372030874e-05 9.258131803896158e-07 1.4331485942422924e-05 0.0 0.0 0.0 5.996904209697611e-06 5.182749768109799e-05 3.799209580291477e-05 7.873737966397782e-06 1.9906658470061485e-05 2.3577382608646166e-05 1.6118021453454126e-06 1.5716657388657295e-07 0.0 2.2690526391946963e-06
4.888508684274237e-06 0.0005999130557472663 2.00910143372836e-05 0.001279465184593395 4.130098146439168e-06 6.558578579808855e-05 0.0008835939130630049 0.00011536443638879515 0.005800210024473063 0.00023598371717792696 5.817038660708514e-06 0.00030766922618596216 5.196845562571475e-05 8.39112877098533e-05 0.0006252786516460183 0.0011821937979433746 1.8208727461974476e-06 1.2863019283853848e-06 1.0821881877357229e-06 0.00040775858489936216 0.00028554656503443154 0.004315570360968416 5.604431491313481e-05 0.0 0.00018067569146120572 1.4929024028939863e-05 0.0011565273976165786 0.005175605347081251 0.0002928594384055719 0.0003625905950196465 1.2886134012027044e-05 1.5345701240362415e-05 7.746995302030643e-05 0.00013229848186940957 2.9254067848941067e-05 0.001167925399110623 1.9446750641292874e-05 0.0002645820419925246 0.00011379408869554559 0.0008806076136012703 4.0041164295447186e-05 2.264448780123486e-06 1.212812727530384e-05 1.449949825677901e-05 1.3207115169534609e-05 5.430157377844142e-06 0.0003219434311218306 0.0 1.3820259378045898e-05 0.0008620703108778235 2.5912420283636617e-05 0.0009221327352247939 0.0002529060026015344 4.0612433550146255e-07 9.317601525513548e-05 3.9246670417175544e-07 5.9820134731121096e-05 2.8396615706105987e-05 0.00037580725240148093 3.8091378120476047e-07 6.782621371757331e-08 3.0548316832553394e-07 0.00016891971524194527 0.0003008178800536646 0.0002696473325927099 6.740572731658567e-05 0.0019169136462564296 2.7416585127029423e-06 2.3495121731127944e-06 3.098510356098718e-05 0.0016527226837817362 0.00012423807413767217 0.00040604814461212696 0.0 2.283209509994425e-06 5.061817927246261e-06 6.332527912528069e-05 4.450475145450249e-06 0.00026311343072467363 4.899295102689499e-06 0.00010770009839197241 3.2090601642354236e-05 0.00018352570173924611 4.843254472304284e-05 1.1377291342619055e-06 5.3425461674545284e-06
0.0 0.0010584927897182032 4.4775001589180104e-07 1.0601987001908852e-07 1.324826261088325e-07 8.39618939269715e-07 3.5620133601201734e-07 3.4431225104358747e-07 8.327944335687559e-05 4.6029861404772323e-07 0.0004155112328556546 4.883017321613493e-07 0.0027374742158864304 4.155387111569955e-07 2.3928423291644926e-07 6.529635182200788e-05 9.724047639108294e-07 2.5660407962623717e-06 4.42140795945989e-06 1.1272544530755067e-07 5.95921288474976e-06 0.0005316936224075263 3.679758456356679e-06 0.00018067569146120572 0.0 0.00022392894221005285 0.003140378748845191 6.08824265811276e-06 6.843821495976489e-07 3.410437532451701e-07 0.00015826213899252511 3.3613523835601817e-06 0.0 0.0003045091958103862 9.71811521204269e-07 1.6824611206918634e-05 0.00015517394740300797 0.00026211239494646534 8.039467430024282e-05 3.244696012695403e-06 4.111664319541767e-06 0.00014514070840754138 3.181824675498583e-06 0.0 3.3111015723715395e-05 1.0012650707476698e-07 0.0 0.0 0.0 0.0 0.0 4.152393082166393e-07 7.761825354027505e-08 6.82626610203507e-05 0.0 0.00012967030491717189 0.0 0.0 0.0 0.0 7.886263530574672e-06 1.0799446438236613e-07 0.0 7.710737240800935e-08 2.429096992092696e-07 7.615905069149375e-08 5.913028820358195e-07 3.545784153755207e-05 0.0002552504414978224 0.00018785656165321918 8.408129327515372e-08 0.0 0.0 2.277601627648454e-05 0.0 0.0 1.3786161597631615e-06 0.0 4.2582600092243883e-07 8.846139578582061e-05 1.2787836165732255e-05 2.5841908735729792e-06 0.0 0.0 4.34113707255564e-05 0.0
