0.0 0.0 3.408066581462695e-06 2.914490074322485e-07 4.900901439163368e-08 1.3512449327519916e-06 0.0009372583708052109 8.105521639687037e-05 3.095445238461739e-07 6.03800711479385e-06 3.0288603006571967e-06 5.005554430915714e-07 3.4868629892268103e-07 0.0026944343157632115 0.0 1.3747775702816228e-07 8.50328991481331e-05 7.283933327080351e-06 7.820903570220832e-05 1.6793268504201582e-07 8.293050147368468e-06 0.0 5.949640888201428e-06 2.0928015173849306e-05 8.473073992876317e-08 4.2353891282306815e-05 3.919839222669184e-06 2.0916008689746176e-05 0.0019420577939321395 0.0010418029141085745 3.969453358822662e-08 1.4789680219175005e-06 1.7603274115001318e-05 4.9257672149328064e-05 0.0 7.640028924764086e-06 5.227173201287743e-06 9.158405571491882e-06 2.661525325170433e-06 4.889153659335358e-07 5.635902669610856e-08 1.0691551642483282e-07 0.0 3.7167294511484484e-08 0.0 7.364522721067417e-08 0.0 0.0 0.0 5.853646296530302e-07 0.0 6.462943422227787e-07 0.0 0.0 0.0 0.0 2.474648077394138e-07 0.0 7.665608230866569e-08 0.0 0.0 3.721975311462232e-08 0.0 5.290054411457525e-08 0.0 0.0 3.143130510352468e-06 0.0 0.0 9.154055373562592e-07 2.8519145427881173e-06 0.0 3.40261964476589e-07 0.0 0.0 0.0 0.0 0.0 4.6844186968845825e-07 2.517854549039417e-07 3.003901320787486e-07 0.0 1.7272261638138367e-07 0.0 0.0 0.0
0.0 0.0 0.00011178916625968707 5.104066919958046e-08 5.564526144791945e-07 1.390852137430131e-06 4.6982044594930464e-07 7.784710757759069e-07 0.00019486296675123114 1.0711820398478154e-06 9.195006524888743e-05 1.8870665769341998e-06 0.00038245693795260907 7.05494784606909e-07 4.06905159503095e-06 2.911994655123206e-05 6.549712446888203e-05 1.5453318909911773e-06 2.851986025761569e-06 2.666810687635882e-07 2.3656740108334593e-06 0.0011994119164142204 2.2620837194244546e-05 0.000341720736219468 0.0009179111007520066 5.670343331787684e-05 0.002337774467111507 3.1929179087047896e-06 8.069171499092366e-07 1.3828745433956355e-07 1.580835291652552e-05 1.1688328786355135e-06 0.0 4.082731469566121e-05 2.4386235944910936e-07 3.4943253013721527e-05 0.0002451279069791187 9.032922771254738e-05 1.365526883531649e-05 5.131301672789717e-06 7.417485077048603e-07 0.00016269850453003238 1.8876391688720795e-07 0.0 2.4190557923450973e-05 1.2451854170604034e-05 4.583718029623012e-08 0.0 0.0 2.4585281655549635e-06 6.25986000281174e-07 1.632663832148405e-07 4.4626856444848676e-07 1.7711867650813434e-06 0.0 3.212757761657871e-05 5.406938998433604e-07 0.0 7.822376265970845e-07 6.9674436915961365e-06 7.807733510957831e-07 1.2940833515518053e-05 0.0 4.60958611665168e-07 4.280882526250652e-06 1.5625837615325192e-06 2.6205729091166265e-06 2.0375118486949287e-05 0.00015792135401922815 0.0008843873725779491 4.6748267330419855e-07 2.514468476956073e-07 2.554706017043594e-06 5.766285873717821e-06 1.4943732456069245e-07 0.0 1.6895930929625e-06 4.534381052886385e-07 8.001295022099063e-06 3.359641530288852e-05 1.2232596745297073e-05 2.619690636606381e-06 3.921306821078422e-07 0.0 2.0868634265779822e-06 6.038402173873817e-08
3.408066581462695e-06 0.00011178916625968707 0.0 9.140717180647967e-06 2.085697137902591e-07 2.7660632625357057e-05 0.0007573786122431524 0.00031844514874047636 4.757630796048264e-07 0.00010205205517760718 1.3352060348530808e-05 5.024154249175173e-07 4.527414706421881e-06 0.00012520802486226456 1.623029363979055e-07 1.268446353988551e-06 0.004101361429972605 1.4595836133721727e-05 0.00018624002826097608 3.5544440308096025e-07 0.0013530196533776543 6.095038840219217e-05 0.004044423170143026 9.098698863857052e-05 4.1163748953363176e-07 0.003492001815847115 0.003234052567127696 0.0003716759501967515 3.6779384500354524e-05 0.00012073743211273576 9.84180950520744e-07 2.0012518242077335e-06 3.2797663147463524e-06 0.0003752424866680689 1.2774153613000306e-05 0.0011624176356405261 0.002750060388842307 0.0011103400468268272 0.00047381993076186417 2.2028321152381283e-05 1.844002499117763e-06 7.5399141150667785e-06 2.2311095656631493e-06 4.3346655017971574e-08 1.6965230134212445e-05 0.00030594527742905267 5.8396003935725966e-08 0.0 0.0 1.9543954693279166e-05 3.3766691496203695e-06 5.53457322148292e-07 9.690932523559034e-07 6.259026501921565e-08 0.0 4.4179139098318344e-07 3.3448293751628655e-06 4.921995836648768e-08 3.9493711566583875e-06 2.8663814249524464e-05 1.5183268753458633e-07 3.017028887570624e-06 4.289054689547579e-08 4.975942767362404e-06 5.257872484393391e-06 5.635437782654535e-05 5.885647934167677e-06 8.258179224958673e-07 8.399302837856953e-05 0.001068946010644713 7.15135891946318e-06 5.594407842291701e-07 3.110688743445549e-06 1.0614196657282312e-07 0.0 1.3128718531924202e-07 1.6994478988229695e-06 4.326564841700074e-06 2.601203686838471e-05 5.2173460787177766e-05 1.4850499018856764e-05 5.766560195660243e-06 7.349162217939865e-08 0.0 1.2446752067956093e-07 0.0
2.914490074322485e-07 5.104066919958046e-08 9.140717180647967e-06 0.0 3.179609876236299e-06 3.4169595467710315e-05 9.463457332811348e-05 2.9606723120247798e-05 0.0003771044265334091 0.0010559925192135514 8.72391912840257e-06 0.0015423456939996339 1.1954665405371392e-06 3.200811576197978e-05 4.445665556596429e-05 4.0140861381341997e-07 4.076601478803133e-07 3.15064821970736e-06 2.338247514655845e-06 0.0030242064648954075 1.5966401727486328e-06 9.786203125827669e-08 4.3987026476169905e-06 0.0011658020006449304 0.0 5.812732033238589e-06 7.782725571651517e-06 0.001947398473331461 4.7818442075513385e-05 8.043002009866327e-07 7.247749986062006e-07 7.047912235755738e-06 1.8020407541121157e-06 2.711733685681416e-05 3.6086322826556116e-06 5.707917081797568e-05 3.5189285942867288e-06 7.260512325387897e-05 1.6135865461142277e-05 0.0001457670977469418 9.300199378513678e-06 9.488983747176871e-08 9.327071677215961e-07 1.3671400830982614e-07 1.8364770863954268e-06 5.600168984494635e-08 3.585460733973627e-05 1.4939804489938395e-07 4.7072269809365944e-06 3.020880472183824e-05 7.684891672420789e-07 0.000149867873479234 0.00013443488427322765 2.16679214845094e-06 4.551080426703365e-05 1.8705200094947986e-07 7.487247159822279e-07 4.625034506359956e-06 1.8004183255298916e-07 0.0 5.0394406947979937e-08 0.0 5.0103051952836935e-05 7.598675618649251e-08 9.823294311299956e-06 6.51123076458403e-07 0.00012023586675701636 1.2022718791093812e-06 1.0892147793070848e-07 2.8087396561051568e-06 0.00015383117570493075 1.6703376158456907e-06 7.437702342417864e-07 0.0 3.584516434330126e-08 1.7663884253401505e-07 8.799879561379228e-07 1.1460264496329786e-07 7.173249023372825e-06 9.555870416580094e-08 1.9807881984439735e-06 3.098910742492219e-07 3.19672925376971e-05 6.241971200166391e-07 2.762104319101267e-07 0.0
4.900901439163368e-08 5.564526144791945e-07 2.085697137902591e-07 3.179609876236299e-06 0.0 0.0004766442498371613 5.900466650158674e-06 4.410387408929385e-05 3.522537846736696e-05 1.2654697488250444e-05 2.618417455761605e-05 6.35874025136717e-05 3.0089217480920133e-05 2.349174261722157e-06 0.0006199461492789869 0.0 0.0 3.758385635987573e-06 1.088499533486698e-06 7.188214961522371e-06 9.791727821459701e-08 4.635658519176235e-07 2.479227333480772e-07 8.65317193056272e-06 7.711803817123472e-07 3.6619946705207315e-06 8.889357063739018e-07 4.591835662555942e-06 7.79301432906225e-05 3.038692484738323e-07 1.8889784452452215e-07 0.0001956107951402473 1.7914550269742493e-07 8.870169121981033e-05 1.7515283145847042e-06 6.568448196642939e-05 4.831740219050409e-06 0.0001492133048217453 5.848837491073847e-05 0.0012769398378223145 0.00010567235564344301 4.666906238123802e-06 3.224668949962417e-06 0.0 0.0 0.0 0.0 0.0 1.2027425357896735e-07 8.150508339322479e-08 0.0 1.519098165620475e-07 2.6896075697794383e-07 8.27424770974091e-07 0.0 0.0 0.0 0.0 0.0 0.0 0.0 0.0 0.0 0.0 0.0 0.0 4.182178759069485e-07 0.0 0.0 4.270008070197337e-08 5.694269692010394e-07 3.736914527652991e-08 0.0 0.0 3.2539207859283555e-07 0.0 0.0 0.0 1.6767638019537884e-06 1.5108374164874123e-07 1.5635145109353474e-06 1.8020457009107153e-06 9.667290755953762e-07 7.324918743944204e-07 8.150079424144851e-07 0.0
1.3512449327519916e-06 1.390852137430131e-06 2.7660632625357057e-05 3.4169595467710315e-05 0.0004766442498371613 0.0 0.0018541004397971018 0.003842880023461743 1.937778984727073e-05 0.007156660455304616 8.97487631065079e-05 0.002202109227029991 3.558723144803343e-05 0.00034124296093417984 0.0012372444730303382 2.62935810558578e-07 4.527566277255601e-06 2.8064177357535526e-05 1.600702482891608e-05 0.00019302267250757138 8.92310571011143e-06 3.475960210439927e-07 5.23205869079094e-06 2.8058783009468693e-05 1.5684169357110888e-06 4.245502349128802e-05 1.6001113283231433e-05 0.0002262511267384385 0.0005859867375423575 3.6390638491819207e-06 1.1601483807242977e-06 0.0004676838116955718 2.918289984249872e-06 0.00019955179096812795 4.717672510254343e-06 0.00017544350539040247 1.5719023266232046e-05 0.0003099770873831189 6.98044326256605e-05 0.0018040111052849963 9.13748394036967e-05 6.569105248232135e-06 5.915683196245913e-06 2.2615992859678528e-07 1.1257550353117596e-07 0.0 1.4039641761200024e-06 9.790174434235966e-08 2.3211344116394658e-07 2.494158782735412e-06 6.015075475730738e-07 2.3797640593454876e-06 1.93197005766325e-06 8.294482774338778e-07 1.505039965013915e-06 8.003005322814584e-08 2.7530207312782806e-07 2.3999571397239323e-07 3.932505858779088e-07 5.891537155689959e-08 0.0 0.0 1.339815938264098e-06 0.0 1.309986355518749e-07 5.630541923366984e-07 5.377765796916897e-06 0.0 1.3007512430938046e-07 1.392469266696566e-06 6.516076581455939e-06 3.994667728728008e-07 9.225236222446248e-07 8.264435538234027e-08 9.320625293606575e-08 3.7663297755628494e-08 1.0012305917744836e-07 0.0 4.1803808520533e-06 8.678144742397909e-07 3.875693818599093e-06 2.4356158889319303e-06 1.4594508239030644e-06 2.926697802398771e-07 1.2740078818879585e-06 0.0
0.0009372583708052109 4.6982044594930464e-07 0.0007573786122431524 9.463457332811348e-05 5.900466650158674e-06 0.0018541004397971018 0.0 0.0035845672390035143 4.9121624150011466e-05 0.00534408951372447 5.631673614213874e-05 4.51834662588787e-05 8.578401488708248e-06 0.0058823720893234985 8.575367514839467e-06 3.892030629642043e-06 0.00022671984768616197 3.351309969698689e-05 9.918130154696169e-05 2.0298576822474115e-05 0.000886846145737172 4.2209590884469284e-07 0.00024641229996541064 0.0009591278338654062 8.507283445674098e-07 0.0004349116269909523 0.0001636881240926432 0.009917411750781188 0.0015735708665140713 0.004285494205469904 1.0009282476049474e-06 4.192691842816655e-05 0.0002035298224166812 0.0005085389009287878 7.82561726827314e-05 0.0011241057158081014 8.11151759965809e-05 0.00091845263477544 0.00031745595248744196 0.00010170512053371168 7.161758430551274e-05 2.9842866286541586e-06 1.5167123821567429e-05 2.636753164963949e-06 7.191241682783395e-07 4.320216434753601e-06 1.0558695937706505e-05 0.0 4.695048806514556e-06 0.00011182855377102924 1.0337965435526438e-05 8.252045030861616e-05 6.139011979829689e-05 7.666643735664504e-07 5.2105012273027734e-06 1.8016002723253824e-06 5.399591939182966e-06 2.1929888941905233e-06 4.84472752155527e-06 3.344078328621307e-07 1.0642029912065321e-07 2.466183359503405e-07 1.41788409405721e-05 4.0373620680229604e-07 3.308415216290713e-06 8.385962005108681e-06 0.00020183551118163823 3.3024717649108896e-07 3.0559143739816114e-06 2.3961928184295065e-05 0.0002168005684629662 1.0021593012007866e-05 1.7946169408891904e-05 0.0 8.292354899674894e-08 2.0532196425116286e-07 2.0758854373817864e-06 5.676474687832411e-06 6.715946840781881e-05 4.0876754942597605e-06 1.2700117967222835e-05 4.935876218338387e-06 9.619245052573257e-06 1.6654262018816068e-06 3.578359490449535e-07 4.521024176560696e-07
8.105521639687037e-05 7.784710757759069e-07 0.00031844514874047636 2.9606723120247798e-05 4.410387408929385e-05 0.003842880023461743 0.0035845672390035143 0.0 3.8058754139806163e-06 0.004524863398586753 0.0001824096815659895 0.0001713613820852261 4.239107702329159e-05 0.0030291842779802845 6.594665922645341e-05 2.7113556265984573e-07 0.0002275086031417786 6.272692651980109e-05 0.00024608650850506804 7.371987014821686e-05 0.00015402503177885796 2.0309294315914392e-07 3.6156520146700956e-05 0.00010162559719793869 1.9011927382317982e-06 0.0005890806662287523 3.909493876136269e-05 0.00021985909747717174 0.0012989089942810222 0.00015998316636359682 1.9998089626809764e-06 0.000786873561966503 6.3119911926067645e-06 0.00026723286753570024 7.1403014578670565e-06 0.000255761514778752 4.8668797208398134e-05 0.00037804563039406424 8.771147292697884e-05 0.00043353034659096844 2.8130111834666527e-05 9.47862038614871e-06 4.798033519334109e-06 4.2765000209877495e-07 3.7002280925939103e-07 2.0815843516322476e-06 5.564828702783382e-07 0.0 3.2306133606513145e-07 8.006191959742478e-06 1.023269076526226e-06 3.4029307354070153e-06 2.420024573729541e-06 1.634464411938366e-06 5.182070450103896e-07 8.780756775200082e-08 8.094823683789636e-07 3.978641054796079e-08 7.018442003832707e-07 8.059491117003773e-07 0.0 7.316509012956128e-08 7.288736957468876e-07 5.1248353835170377e-08 2.3112345442578764e-07 8.600576599876446e-07 2.0787637500616508e-05 4.3183558027934924e-08 3.4068284457387206e-06 1.2211146343013173e-05 1.838666861922062e-05 1.412688525810589e-06 2.3838356011046113e-06 0.0 1.4619036674053096e-07 3.391002700826071e-08 1.6720179843844074e-07 9.776765778336153e-07 9.066326344906811e-06 1.929398878185631e-06 3.7894912558337824e-06 1.954036766906066e-06 5.918097361099764e-07 9.005876159736806e-07 9.396326279710425e-07 9.596461037307133e-08
3.095445238461739e-07 0.00019486296675123114 4.757630796048264e-07 0.0003771044265334091 3.522537846736696e-05 1.937778984727073e-05 4.9121624150011466e-05 3.8058754139806163e-06 0.0 0.00015612022223935866 4.118161568034187e-06 0.00022688184155455836 1.2247499926718361e-05 1.6708716562725232e-06 0.00041868828375055735 0.00012841520327887962 7.6044821546641e-07 4.6263454195467375e-07 2.986736305280665e-07 0.0001679522183778049 3.958722170089558e-05 0.0010551569815686265 5.346648582433574e-05 0.0050677144631954135 4.930207303300784e-05 5.7298273612484104e-06 0.0005470460047500575 0.0004568522441665139 4.646396918041669e-06 1.0739838499406019e-05 1.7251564255914387e-06 1.396320317621856e-06 1.1128525276384977e-06 4.205324381845841e-06 1.5211395233196e-06 1.9371022673018524e-05 3.502741707070957e-06 7.5383715229596125e-06 2.760751875344237e-06 0.00027506065200770877 4.01961100135637e-06 1.1302436020170616e-06 0.0 1.2451243584825746e-05 2.0635802036286677e-06 6.122142430072974e-07 2.446862428901833e-05 0.0 1.7128614581791052e-06 6.560137078004508e-05 1.5139137314270335e-05 0.00015813901082867635 4.541182750707323e-05 7.768834019212261e-07 1.2918167723537382e-05 1.2533784603550194e-06 2.5363421917058695e-05 2.120985616923836e-06 0.00020607309607587618 2.2380411111683492e-07 3.09337370875854e-07 2.3491744668756035e-07 1.455287508338827e-05 7.904367632091179e-05 2.9804200424118882e-05 3.196761689396461e-05 0.0006234232926180213 1.7021831750524915e-06 2.793837699825577e-06 1.3589043901357914e-05 0.0002761185772716654 3.214897588099233e-05 7.885528066890861e-05 3.1278067210233987e-07 4.004640815663633e-07 6.597179425398565e-07 2.9834138134288525e-06 7.602107460177581e-07 3.0173099706193813e-05 3.0719596070767426e-06 4.975586522736631e-06 3.3741913900875617e-06 1.0527174047069747e-05 7.128142319373276e-07 4.6229878955768036e-07 0.0
6.03800711479385e-06 1.0711820398478154e-06 0.00010205205517760718 0.0010559925192135514 1.2654697488250444e-05 0.007156660455304616 0.00534408951372447 0.004524863398586753 0.00015612022223935866 0.0 0.000160341046672018 0.0018151813160846085 2.3657297501580514e-05 0.0010961541165199597 2.23665151845637e-05 2.6375109324479973e-07 1.0067150241644574e-05 7.738638364991049e-05 6.12185551344262e-05 0.001275074792072488 3.500154062440033e-05 4.1995631442898956e-07 9.774287952345187e-06 0.00047358588516820355 1.7371818993910566e-06 0.00014369834536198152 3.976607460854642e-05 0.0013911132618860094 0.000881904440667325 5.981982780053679e-06 2.605728959251698e-06 0.00010767643866322974 9.902289090888978e-06 0.0003912795027204197 2.448037558823927e-05 0.00037363182348286396 3.993824233108654e-05 0.0009636206933661253 0.00014780303369123297 0.0001985070757253031 0.00010488457179454943 4.9113946507652764e-06 2.023606760751372e-05 4.6687737239427145e-07 1.1860117029919298e-06 1.2838250435357212e-06 0.00010790195064211557 6.458737314255128e-08 1.4668163981077827e-05 8.045521943168781e-05 3.3446694710539342e-06 0.0001537431818318439 0.00031507190869893136 2.428369874977449e-06 5.9812139097228896e-05 6.967225607703442e-06 1.1921104815361856e-06 9.485359948480698e-06 9.824895297012784e-07 6.141342394400827e-08 6.031158523518198e-07 9.773188884652634e-08 9.944295583328709e-05 2.94557613813311e-07 6.009193209199244e-06 1.296775282614394e-06 0.0002262333704360248 5.186803831329138e-07 1.5222352449883356e-06 6.76643969884624e-06 0.00031129660461587437 2.29391751871559e-06 1.284206782089087e-06 0.0 2.2107148743469276e-07 1.957879837073336e-07 1.0769961607612186e-06 2.692142168374891e-06 2.0470113987114505e-05 2.3684002660903017e-06 5.891223606096958e-06 2.6895753260145026e-06 3.8055372867157676e-05 6.803368521257719e-07 2.707470482637726e-07 0.0
3.0288603006571967e-06 9.195006524888743e-05 1.3352060348530808e-05 8.72391912840257e-06 2.618417455761605e-05 8.97487631065079e-05 5.631673614213874e-05 0.0001824096815659895 4.118161568034187e-06 0.000160341046672018 0.0 7.323861205955056e-05 0.0015856578019804771 0.00018806245219180604 6.877201281834455e-07 2.3574054254166338e-07 0.00032695527723103184 0.0026922046034052096 0.0010967876814548972 3.471548025541223e-05 1.660306207541532e-05 3.369743233988061e-05 2.4828374891838005e-05 2.0015818623588676e-05 0.0003113858634651129 0.0017086879124533268 0.000403378127734859 2.029775981476525e-05 0.0002080390881425452 9.991653750184692e-06 0.00020823756253550898 0.00025337619449949136 1.778120380324766e-05 0.00361528798922423 1.2624183244885163e-06 0.00014015417204085828 0.00151985606344342 0.0015145483548930762 0.00013492416669335093 5.8238200944825944e-05 2.890089588303595e-05 0.0004694746205874318 2.030936528167e-06 0.0 8.807737545175392e-06 4.790628889981081e-07 5.406720842303786e-08 0.0 3.937101238192934e-08 5.241448069939265e-07 1.1224873454355522e-07 4.152099825312493e-07 3.8910723752299457e-07 8.795803662276477e-06 0.0 0.00017290394149497678 5.000211310531337e-08 0.0 4.10235609574944e-08 2.2062901479268213e-07 1.4502388793701585e-06 4.0845705344089727e-07 0.0 0.0 1.6677103976928172e-07 1.0343247321941238e-07 1.019194434349522e-06 2.4564862311146e-05 1.714768002324765e-05 4.785689591907275e-05 1.3383323985652134e-06 5.793624061449879e-08 4.0012867012861943e-07 1.7906413681786893e-05 2.8974742718294916e-07 0.0 2.664452752163307e-07 1.93722479158597e-06 6.501464749713142e-06 7.986797825479039e-05 4.0635334267459015e-06 7.11837175645274e-07 8.833402328027974e-08 0.0 3.5914647437613974e-05 0.0
5.005554430915714e-07 1.8870665769341998e-06 5.024154249175173e-07 0.0015423456939996339 6.35874025136717e-05 0.002202109227029991 4.51834662588787e-05 0.0001713613820852261 0.00022688184155455836 0.0018151813160846085 7.323861205955056e-05 0.0 1.2552345289512083e-05 0.00015113372841579084 0.0008054629850661488 0.0 7.656742394645483e-07 2.639742410758199e-05 1.4593647435395161e-05 0.002123172261311885 5.440768599511835e-07 7.993144463482695e-06 4.789729104301263e-07 0.0002035342447534971 1.2493520003434117e-06 2.795471629425596e-05 1.3191586823205818e-05 0.0005670705613183648 0.00017795778547870494 4.7236927525918637e-07 9.250214925941682e-07 6.155743792451853e-05 3.078135517537945e-07 8.5657275774526e-05 1.9952199025711835e-07 7.302956431511385e-05 6.4578542384680076e-06 0.00020595422659174106 1.5885140224802874e-05 0.0011937178497258797 1.755195442844593e-05 4.800121839835594e-06 1.7007708900577314e-06 4.990812393192492e-08 1.2438618745118722e-07 0.0 2.463231081782333e-05 4.87002104890666e-07 3.968775401808308e-06 1.1155174217884144e-06 1.2870488710271516e-07 8.424348340181441e-05 9.743220816107124e-05 5.90233244562877e-07 7.569460879916479e-05 1.4236989812620788e-07 3.8672086373744347e-07 1.415607549602712e-05 0.0 0.0 4.723100725976774e-08 0.0 3.9520395439069186e-05 0.0 2.1023126224526197e-06 0.0 5.613307439724714e-05 1.1273282444037136e-07 1.318532701365342e-07 7.501471661857924e-07 5.174313398625018e-05 1.9089466369934144e-07 6.020214598462595e-08 0.0 1.9402135536804035e-07 0.0 9.649443504105058e-08 2.5457529906077063e-07 3.326681206550296e-06 3.9275093032451856e-08 1.7247969938635331e-06 5.780408018631041e-07 8.735950675900001e-05 1.6586106287529165e-07 2.3435232984779785e-07 1.48220591253322e-07
3.4868629892268103e-07 0.00038245693795260907 4.527414706421881e-06 1.1954665405371392e-06 3.0089217480920133e-05 3.558723144803343e-05 8.578401488708248e-06 4.239107702329159e-05 1.2247499926718361e-05 2.3657297501580514e-05 0.0015856578019804771 1.2552345289512083e-05 0.0 2.0428763665837843e-05 3.561036593473397e-07 5.128352147014313e-07 5.030310915665187e-06 8.728371047478598e-05 1.2123381164008516e-05 5.303060778785493e-06 3.0654988136048454e-06 8.94657418460037e-05 8.887091970314224e-06 2.4652819060127492e-05 0.002434858156737164 0.00044247824330650884 0.003175928260441651 6.002470296080768e-06 1.97725469962653e-05 5.077735821826832e-07 0.0014123479511460278 9.205994590875496e-05 2.524866867212869e-07 0.000399838640291825 7.538263776947362e-06 0.0006011060130846184 0.002647637078715398 0.0013220434114345422 0.00020530670856122013 8.743979579967282e-05 7.594902767016727e-05 0.0015273178914844187 6.480287256413418e-06 0.0 2.0725027014980123e-05 1.4701317942508798e-06 5.226370562988593e-07 1.2865598256632805e-06 2.0489279277620397e-06 5.121463152067628e-07 2.285131533416987e-06 0.0 8.297638063242139e-07 7.576140887647663e-05 5.448166375006058e-07 0.0006721568646000122 6.003878576249093e-07 7.141691982149053e-08 6.984228679124807e-07 9.77370145042573e-07 5.8377046543677565e-06 1.657932088062558e-06 0.0 8.345801417790027e-08 1.3914689702753447e-07 0.0 2.0548086744243365e-06 0.00014906717126517255 5.122918551937354e-05 0.00016350686282222472 1.9663067604981342e-06 3.0269423730957876e-06 3.95053052501681e-07 5.9989358457558616e-05 4.2213545693917305e-06 0.0 3.0667664798671877e-06 9.852259079804415e-06 0.00011373451182796583 0.00028447870084164216 9.119107349286495e-05 3.662551324636348e-05 1.4127973397765554e-05 2.6134479715252477e-05 0.00021345102732570607 1.6015341371118158e-07
0.0026944343157632115 7.05494784606909e-07 0.00012520802486226456 3.200811576197978e-05 2.349174261722157e-06 0.00034124296093417984 0.0058823720893234985 0.0030291842779802845 1.6708716562725232e-06 0.0010961541165199597 0.00018806245219180604 0.00015113372841579084 2.0428763665837843e-05 0.0 3.956892073341807e-06 7.016667339835174e-07 0.0005804063621235753 8.740924038981243e-05 0.0005542837310398513 8.01212496621133e-05 0.00011691421519060508 5.478714127730779e-07 5.510120455142128e-05 0.00018480597401502325 1.1807634155106092e-06 0.0005758986555667949 4.555774343340245e-05 0.00030016065655839055 0.0032136315397463186 0.0014940929263704546 1.32451315838165e-06 0.00023270962347415894 1.9940036457399164e-05 0.0003813332524648137 2.932442200035187e-06 0.00018073293875614545 4.77736602594466e-05 0.00028738222716037236 4.4098737477524575e-05 0.000165731532433383 6.08166193629396e-06 3.460512872504249e-06 2.048386282210258e-06 6.787181683163196e-07 2.9282226415090935e-07 1.759373246576387e-06 4.817747690662635e-07 0.0 6.19896797490749e-08 8.784415981647444e-06 1.14599203875417e-06 3.5494053928137826e-06 1.761358337330929e-06 4.9912180191197e-07 1.9304620324670927e-07 2.422460103436688e-07 1.7073762878146208e-06 0.0 3.0864240635182777e-07 2.795470735707835e-07 0.0 8.576588065156739e-08 4.3149310693986643e-07 1.288586886189818e-07 6.4391934145083e-08 3.3823521023547895e-07 2.6286447347523156e-05 5.1101562209909676e-08 1.2373490125173344e-06 6.585996652609884e-06 2.4646823962089863e-05 1.5654977177455624e-06 3.854364835371234e-06 0.0 0.0 1.947677989597341e-07 4.235738891741233e-07 2.70138337761353e-07 1.008701225059199e-05 1.2502453944820503e-06 2.3259086877482197e-06 1.1242074328373217e-06 2.860794887114209e-07 5.553018423391297e-07 1.0166592289621848e-07 0.0
0.0 4.06905159503095e-06 1.623029363979055e-07 4.445665556596429e-05 0.0006199461492789869 0.0012372444730303382 8.575367514839467e-06 6.594665922645341e-05 0.00041868828375055735 2.23665151845637e-05 6.877201281834455e-07 0.0008054629850661488 3.561036593473397e-07 3.956892073341807e-06 0.0 6.307464097506296e-08 7.282108536294206e-08 2.6905287376494654e-07 9.485398185037862e-08 0.00011469689174295707 0.0 1.5980585198832653e-05 0.0 0.00031271689642603246 6.559377128959162e-07 1.020921733906259e-06 1.1835953744915888e-05 3.841356198063722e-05 2.3159768198963446e-05 6.018913752242122e-08 0.0 0.00016362691930975437 6.033054892630809e-08 1.846479030330428e-05 3.54210198212602e-06 0.00013343234164714615 5.483454183666743e-06 3.4749332469601344e-06 1.2013439498440723e-06 0.0007810209680291373 0.0001253436597952297 0.0 3.3821872283313773e-07 0.0 5.5824841795018074e-08 3.642826418292544e-07 2.5720281251902825e-06 6.918680361459473e-07 1.0181070921877596e-06 4.749197400176701e-07 0.0 7.681386599780487e-06 1.0990773844659067e-05 0.0 1.5846004930841587e-05 0.0 1.002590210123174e-07 5.466090492939073e-06 0.0 0.0 0.0 0.0 6.7689686629456224e-06 0.0 0.0 0.0 7.4796446758621846e-06 0.0 0.0 4.2299574942473025e-08 6.941848438425032e-06 8.874867595913913e-08 0.0 0.0 0.0 0.0 0.0 1.6081960878723196e-06 9.617167087986603e-07 0.0 0.0 0.0 2.4123312484011946e-05 0.0 0.0 0.0
1.3747775702816228e-07 2.911994655123206e-05 1.268446353988551e-06 4.0140861381341997e-07 0.0 2.62935810558578e-07 3.892030629642043e-06 2.7113556265984573e-07 0.00012841520327887962 2.6375109324479973e-07 2.3574054254166338e-07 0.0 5.128352147014313e-07 7.016667339835174e-07 6.307464097506296e-08 0.0 4.140131366834112e-06 1.383060135027668e-07 3.451136094400724e-07 0.0 0.0013781918251232065 0.0018034375650903235 0.002537575666704723 0.001589018665516228 3.633238326360063e-07 1.557697616116187e-06 0.00159592960020529 0.0006707093364131316 2.316366333476387e-06 3.609811901681855e-05 6.257778244331064e-08 5.99585970591904e-08 1.0215407540917412e-06 1.3449667928836127e-05 2.4655489840158687e-05 0.0007519193796051784 0.00034656148409356076 0.00012949687051778697 0.0002002392493118451 1.4888063207271298e-05 9.826085475951502e-07 1.9256137884276465e-06 1.9533757307168267e-06 7.235364962065591e-06 2.092348830990765e-06 9.157010999041175e-06 1.4604783132691566e-07 0.0 1.5146111130053985e-07 1.2627575864541885e-05 7.039156431129663e-06 4.267563311474578e-06 2.0406009140657295e-06 4.5642890158062716e-07 6.000864063062886e-07 8.758062469779819e-07 2.327306971164724e-05 4.870501859237813e-07 0.0013497935757169899 5.777172662093812e-07 8.215918770755824e-08 3.102752977598276e-07 3.9871483348032677e-07 0.00014502410269511115 0.00031652810615902564 0.0006321689108524752 0.00023128560287875077 0.0 1.4910090960475143e-06 0.0003052601187283344 0.000181003535981714 2.7435686468345347e-05 4.99919153060061e-05 3.146620158920972e-08 1.793023006098058e-07 3.400799529166741e-07 1.0966400800369723e-06 6.143799901532129e-06 5.630037963636493e-05 2.049145035008747e-06 2.637082063502135e-06 1.3100295215376019e-06 2.263197151036704e-06 0.0 0.0 0.0
8.50328991481331e-05 6.549712446888203e-05 0.004101361429972605 4.076601478803133e-07 0.0 4.527566277255601e-06 0.00022671984768616197 0.0002275086031417786 7.6044821546641e-07 1.0067150241644574e-05 0.00032695527723103184 7.656742394645483e-07 5.030310915665187e-06 0.0005804063621235753 7.282108536294206e-08 4.140131366834112e-06 0.0 0.0001871462028612134 0.0027128046165354287 3.6518700734305745e-07 0.001131282430604227 2.3994793497716177e-05 0.002035181048519106 1.9420104043008127e-05 1.4074726323474333e-06 0.002295184061733917 0.002788280559080614 0.00012075675143591673 0.00038499445332730196 0.0009493238115850836 1.148639850267802e-06 2.1908050790938828e-06 4.0683085460064254e-05 0.00144041280757303 2.600709952418077e-06 0.00021684992707038874 0.0016783776973113176 0.0004073108181277186 8.467074087024325e-05 3.305085468941655e-06 6.493020680083384e-07 1.294309899324438e-05 1.8019418065821874e-07 1.5335865065463692e-07 1.1362892339717623e-05 7.913538229536144e-05 0.0 0.0 5.61361375895899e-08 2.7330375228756943e-06 3.229721232107177e-07 1.5687930339894156e-07 1.685231946773925e-07 2.0047987770459934e-07 0.0 5.437714789327408e-07 8.601651343882899e-07 5.228493352158589e-07 1.1392777160750836e-06 7.521894823271456e-06 1.0865231660878642e-07 1.3604448136843412e-06 0.0 1.4644649417277892e-06 1.8519631636586874e-06 6.0111206893986034e-06 3.752212536995435e-06 4.949833685713187e-07 3.2965785743917895e-05 0.0002805252546440581 4.092818913656052e-06 4.248961464796535e-07 1.0354336356941736e-06 4.783448057032912e-07 0.0 0.0 6.39235734497012e-07 5.343111715921176e-08 8.891672636469615e-06 2.0549534905085912e-05 4.812821569219072e-06 1.0850425332110535e-06 2.2412423428858032e-07 0.0 0.0 0.0
7.283933327080351e-06 1.5453318909911773e-06 1.4595836133721727e-05 3.15064821970736e-06 3.758385635987573e-06 2.8064177357535526e-05 3.351309969698689e-05 6.272692651980109e-05 4.6263454195467375e-07 7.738638364991049e-05 0.0026922046034052096 2.639742410758199e-05 8.728371047478598e-05 8.740924038981243e-05 2.6905287376494654e-07 1.383060135027668e-07 0.0001871462028612134 0.0 0.001150694548621683 1.5428270673845373e-05 1.1110529583014984e-05 1.1022026712669194e-06 1.1933330386009026e-05 5.822371280616402e-06 4.531880076340293e-06 0.0029326573373667157 0.0003303770281483948 1.0675957036157292e-05 9.445708068894554e-05 2.2500478287418756e-05 0.00010686819862032821 4.48061351152488e-05 1.1270678289754833e-05 0.0008078723162678598 1.262568196304961e-06 0.00022431912900239688 0.0007823796509965806 0.0011440752470956107 0.0002694255826338347 1.5710689066386135e-05 8.133430144176354e-06 3.356678028651612e-05 7.511250922128798e-07 0.0 2.0475946528495823e-06 4.5329659275277114e-07 0.0 0.0 0.0 1.46701756493169e-07 0.0 4.3465256825980123e-08 0.0 9.497297605047235e-07 1.3131488970298674e-07 1.9302015107058087e-05 0.0 0.0 0.0 3.0633975539888024e-07 2.197820870428501e-06 1.9720501063619505e-06 4.805466367399245e-08 8.154610541408669e-08 6.296089928109889e-08 4.5459469685182214e-08 9.843802700967863e-07 3.9530787966560576e-06 3.043355248968813e-05 5.886858271888589e-05 4.332749657554549e-07 5.722085031985391e-08 1.0255291682522044e-07 7.382033212088804e-06 1.5333969852145152e-07 0.0 1.9500327466362364e-07 5.573612188677322e-07 4.500299979914406e-06 1.4017821293882815e-05 1.2628455406488652e-06 3.770300477179262e-07 0.0 5.957411060543483e-08 9.875581547741217e-07 0.0
7.820903570220832e-05 2.851986025761569e-06 0.00018624002826097608 2.338247514655845e-06 1.088499533486698e-06 1.600702482891608e-05 9.918130154696169e-05 0.00024608650850506804 2.986736305280665e-07 6.12185551344262e-05 0.0010967876814548972 1.4593647435395161e-05 1.2123381164008516e-05 0.0005542837310398513 9.485398185037862e-08 3.451136094400724e-07 0.0027128046165354287 0.001150694548621683 0.0 9.530086037936607e-06 0.0001213124168592845 1.6539762557367947e-06 0.00011659253411248116 6.30923831074414e-06 2.8173281595402807e-06 0.002631561402198183 0.0007764939219054429 2.777894130665376e-05 0.0005074468493222956 0.0002686412939610947 4.8501340430230955e-06 1.3817141671847854e-05 9.310506247217417e-05 0.002682418930707952 1.7344717038927507e-06 0.0003932770412123439 0.0011558368785173684 0.001240621902559537 0.0003239853331312138 8.681319260825026e-06 2.026864217804823e-06 6.746208887570533e-06 3.6892232282962113e-07 7.513303467914476e-08 4.070617337693243e-06 6.866523079613428e-06 5.009915357503417e-08 0.0 0.0 6.958388099994896e-07 3.7754839535083724e-08 1.4595971936634914e-07 4.902515852313748e-07 4.753458812895386e-07 0.0 4.999658291965951e-06 2.4327364418401904e-07 0.0 2.41824515363943e-07 3.0001867835887308e-06 5.056995068430553e-07 4.3370967088345e-06 0.0 6.252082982389849e-07 7.931409659440897e-08 2.7151816805876006e-07 1.73126459785196e-06 1.4365228689335354e-06 4.644397182798423e-05 9.408253884913876e-05 9.31102740631939e-07 4.0659120884955544e-07 6.471625024874871e-07 1.5221816219226774e-06 6.495304326892414e-08 0.0 7.218471266326109e-07 3.1071890308002223e-07 7.064710881880774e-06 1.1745040200214323e-05 1.9237516279298877e-06 7.782516973938616e-07 2.9135098453757226e-07 0.0 1.4994746316625483e-07 0.0
1.6793268504201582e-07 2.666810687635882e-07 3.5544440308096025e-07 0.0030242064648954075 7.188214961522371e-06 0.00019302267250757138 2.0298576822474115e-05 7.371987014821686e-05 0.0001679522183778049 0.001275074792072488 3.471548025541223e-05 0.002123172261311885 5.303060778785493e-06 8.01212496621133e-05 0.00011469689174295707 0.0 3.6518700734305745e-07 1.5428270673845373e-05 9.530086037936607e-06 0.0 1.4523969433750247e-07 1.4204114695176518e-07 1.3958397500074537e-07 0.0001546986308543536 2.9612832927956917e-07 1.7252939740426104e-05 4.690681000062681e-06 0.001269351360436395 0.00010407279584820093 2.3873019459752736e-07 6.588669602644435e-07 2.6334830328948816e-05 4.543928085234697e-07 5.2720259732858705e-05 1.2412507334544465e-06 4.6458610156305975e-05 4.318959557828858e-06 0.00014830221518990843 1.5084938270197241e-05 0.00037972502643898563 1.2744940634830841e-05 8.697222394818802e-07 2.3092611443603047e-06 4.718876876565214e-08 2.1551307151080631e-07 4.442103494929199e-08 2.0941558508652576e-05 9.825147606857232e-08 4.222252433563914e-06 8.095419039091632e-06 4.1527625865243727e-07 5.1333714260374395e-05 6.518801223224267e-05 1.225346342534625e-07 3.310943910223234e-05 3.8336651820119176e-08 5.4799536879709366e-08 7.05106186415766e-06 0.0 0.0 0.0 0.0 2.502510800880531e-05 0.0 1.0054228880080626e-06 0.0 4.508498000925112e-05 5.437093954545242e-08 4.04780406061087e-08 7.820524857247381e-07 5.882155883281211e-05 5.856969897944419e-07 7.548620315901052e-07 0.0 9.65577667768575e-08 9.44138699177463e-08 1.0959215055296773e-07 4.382875348161323e-07 5.176901967313298e-06 7.202022698665499e-08 1.5427807269772842e-06 6.914778082851724e-07 3.9982736276414936e-05 4.5007230872268535e-07 1.5698226153427658e-07 0.0
8.293050147368468e-06 2.3656740108334593e-06 0.0013530196533776543 1.5966401727486328e-06 9.791727821459701e-08 8.92310571011143e-06 0.000886846145737172 0.00015402503177885796 3.958722170089558e-05 3.500154062440033e-05 1.660306207541532e-05 5.440768599511835e-07 3.0654988136048454e-06 0.00011691421519060508 0.0 0.0013781918251232065 0.001131282430604227 1.1110529583014984e-05 0.0001213124168592845 1.4523969433750247e-07 0.0 7.850859176416831e-05 0.007273031923627726 0.00020335660516378217 1.232520154033848e-07 0.0002813970162677208 0.0004148442898293285 0.003750526288816729 8.217198245188235e-05 0.006894367025453976 0.0 1.6868801640112303e-06 9.906706142836493e-06 0.002161821146801449 0.0001358662460391157 0.003408948388323738 0.0005883755787488634 0.002610468893112695 0.0011194207667288782 2.631457201266384e-05 3.6644603809004084e-06 1.5840937016582093e-06 6.694431599028815e-06 7.773948708457573e-06 1.795487072360677e-07 4.90044116729275e-06 6.138971976352347e-07 4.9886100276011026e-08 2.1339656408155707e-07 9.843749427529908e-06 7.72722098016559e-06 4.37287827560936e-06 3.711031848724251e-06 2.39494891066997e-07 6.729506923619056e-08 1.564646564990525e-07 2.7314859814550822e-05 0.0 0.00011370869762983541 4.871176265074906e-07 1.5209334510167314e-07 3.1179867190117203e-07 5.2011276160749844e-08 7.853466174819378e-05 3.383823525575539e-05 2.1697685574184038e-05 0.0002053114873911575 4.1377511332045334e-08 2.8585429206205093e-06 2.4366115913606902e-05 0.00017873045530044483 3.1224253091816396e-05 6.359155404793807e-05 3.4207736443595184e-08 8.153935846623061e-08 8.11698669957294e-07 1.8354981432695616e-06 2.011064165616347e-05 2.30717225954237e-05 2.7761068075443955e-06 2.5973658038749664e-06 3.6407732108147643e-06 1.1644847813619353e-06 9.434905298656552e-08 0.0 0.0
0.0 0.0011994119164142204 6.095038840219217e-05 9.786203125827669e-08 4.635658519176235e-07 3.475960210439927e-07 4.2209590884469284e-07 2.0309294315914392e-07 0.0010551569815686265 4.1995631442898956e-07 3.369743233988061e-05 7.993144463482695e-06 8.94657418460037e-05 5.478714127730779e-07 1.5980585198832653e-05 0.0018034375650903235 2.3994793497716177e-05 1.1022026712669194e-06 1.6539762557367947e-06 1.4204114695176518e-07 7.850859176416831e-05 0.0 0.0003005644131534002 0.0029391410825075877 0.00030505427398686957 1.9606671561090806e-05 0.0036250993704858192 3.87003913456487e-05 4.979232810295833e-07 2.5911774021694035e-06 8.802938283688431e-06 5.48674946812626e-07 8.480915766660716e-08 9.749390359587768e-06 0.0 3.1795350082309777e-05 3.3517544043011255e-05 2.7579815407022812e-05 4.769920833998911e-06 2.772247791464304e-05 0.0 1.5418095793934407e-05 0.0 2.367785392316029e-06 1.0159713849964463e-05 8.945358132344654e-06 1.4139544814977143e-07 0.0 0.0 3.34865155146292e-06 2.1879890446435347e-06 2.4508455532818086e-06 8.498500306518382e-07 5.730672466311004e-07 0.0 6.993676321851961e-06 7.1189347408524505e-06 0.0 0.0005766730165984216 6.443680900546148e-07 3.0300424930589256e-07 2.759711767596437e-07 3.463455269919754e-07 4.8052669521812414e-05 2.4085159814380622e-05 0.00014945626039429208 9.621161005171558e-05 2.708755913454852e-06 8.434565084398193e-06 0.0005691599659633488 5.3279337794236345e-05 7.781375520388203e-06 1.2581286864119144e-05 1.797228695095368e-06 5.5392014254482197e-08 1.5187018727303425e-07 7.32263605066528e-07 1.7801836076702455e-07 5.802940686251275e-06 3.3876294869517033e-06 1.950669268433352e-06 1.1072810339047624e-06 2.19445591470273e-07 7.710692867867928e-08 7.328465326928363e-07 0.0
5.949640888201428e-06 2.2620837194244546e-05 0.004044423170143026 4.3987026476169905e-06 2.479227333480772e-07 5.23205869079094e-06 0.00024641229996541064 3.6156520146700956e-05 5.346648582433574e-05 9.774287952345187e-06 2.4828374891838005e-05 4.789729104301263e-07 8.887091970314224e-06 5.510120455142128e-05 0.0 0.002537575666704723 0.002035181048519106 1.1933330386009026e-05 0.00011659253411248116 1.3958397500074537e-07 0.007273031923627726 0.0003005644131534002 0.0 0.0006404899738101238 3.030609814575868e-07 0.0002553757774582008 0.00666388311227084 0.0014522674447290107 5.682546343935236e-05 0.0007502829852540889 5.183729390220642e-07 1.894558075769176e-06 2.5432859129236502e-05 0.002086123640178067 0.000241957175109615 0.005580736714886918 0.005107903809721708 0.004778690670433034 0.0039037653309580574 0.00023941986477856827 1.1667484077951144e-05 9.816767446860317e-06 2.2157819830179572e-05 4.396182811401236e-06 1.4251072180881256e-06 6.662652963187877e-05 5.758507223626297e-07 0.0 2.0955179778649667e-07 1.4549730124394369e-05 3.2239823418294826e-06 1.2315282284511445e-06 3.4242744232248704e-06 1.7530439622427222e-06 0.0 4.6513539425290555e-08 1.1338781958298064e-05 3.90700869496082e-08 0.0011385674441942303 1.5419648461676335e-06 1.0574243745930796e-07 2.945079406738705e-07 0.0 0.00010115352492419092 0.00015533052051780387 0.0007353922553871923 8.332071584923229e-05 2.1941959188277455e-07 3.6258519643322352e-06 0.0006141611386398919 7.307142139140897e-05 1.2743082854792586e-05 2.657139697529864e-05 3.668353112649178e-08 1.7595063940527072e-07 2.818672897040381e-07 5.123927391699358e-07 7.193365148670813e-05 6.560865650419416e-05 7.477364458872047e-06 4.1569318737875965e-06 1.2985885065024808e-05 1.1570392282305396e-06 3.3544254594113075e-07 5.436938211294946e-07 0.0
