0.0 0.0 7.802532033446346e-05 6.272779286764565e-07 9.351660187405263e-08 5.482732262855806e-06 0.001882836869366264 0.0002336982163083734 2.5539927082377264e-06 4.951291116061126e-06 4.820458047273637e-06 4.237610506460237e-07 2.7084679395834756e-07 0.002181645606346549 5.645448155673409e-07 5.136839760278037e-08 6.108887666527756e-05 4.627519709951288e-06 3.2496616903410776e-05 2.7889902401780463e-07 4.130181021454943e-05 2.2202397717015192e-07 4.644307602181385e-05 1.8843323866928673e-05 3.9279436017011125e-08 5.0123669732766086e-05 1.328435489514394e-05 4.259375143033474e-05 0.0014632123724764544 0.002017913266568449 1.1261404916938729e-07 3.0242323822807026e-06 3.973194924309388e-06 2.2765890021388206e-05 0.0 7.563796112283613e-06 7.740893822518296e-06 1.0227843924083624e-05 2.5690153904288524e-06 8.936527130593802e-07 2.6146913864139163e-07 6.424704680562016e-07 5.9059815426235553e-08 0.0 4.516478591456335e-08 3.463574257366727e-07 1.8360522230482044e-07 0.0 9.153015992456958e-08 6.474354411792789e-07 5.841308412989318e-07 5.591974391089248e-07 6.892749917159834e-07 0.0 4.651132592262647e-08 0.0 3.4090476268604306e-07 7.073172521558005e-08 2.295928517380524e-07 6.11253312719916e-08 0.0 0.0 1.1514159629781006e-07 4.552247485666174e-07 7.787776085622117e-08 6.863920411060633e-07 4.496525155551486e-06 0.0 2.3856520857333763e-07 1.1614198817967923e-06 4.915551495341467e-06 1.1714181857810133e-07 2.283176052629744e-07 0.0 0.0 0.0 3.743357134708071e-07 0.0 1.269680234939477e-06 4.8374903672346226e-08 9.012136417243481e-07 3.702809347448926e-07 5.528085074779556e-07 0.0 0.0 0.0
0.0 0.0 2.7732161228654794e-06 3.239026141833484e-06 4.1563399666728717e-07 7.600154533707569e-07 5.337820652036543e-06 8.222973898681762e-07 0.00023786129098521085 3.3390171478487903e-06 0.00013867335127130931 1.6240086141485545e-06 0.00031532622808968716 4.932070091732045e-07 5.219461316400586e-06 8.28277058140289e-05 2.849719612782673e-05 2.650747613527795e-06 4.752786561910959e-05 5.798524691888019e-08 8.780161436508734e-06 0.0007601336208932418 7.664508783311246e-06 0.00033033410836094055 0.0008637963957213259 0.00014955502252426826 0.003506642402522942 1.614685927790792e-05 6.395281393893349e-07 8.816067444841199e-07 2.1404419056988756e-05 3.2447353406575686e-07 1.4236125638187188e-07 0.00015556549457557695 2.8417004143011624e-06 4.681244113043532e-05 8.733536925725837e-05 0.0001170685556773986 2.578167565547483e-05 7.122130442344573e-06 2.1690410961529542e-07 0.00015541779154067933 5.337231716035445e-07 1.4246513419792776e-07 4.566720293131241e-05 4.471717271263093e-05 5.597852129541517e-08 0.0 0.0 6.852150711260116e-07 2.1763764956333753e-07 2.692152386012681e-07 0.0 3.90440767167589e-06 0.0 1.0188634937009577e-05 3.8265313466227075e-07 0.0 3.2235667052498868e-06 1.3092904918007883e-05 2.9302225499685495e-07 3.347115303335314e-06 0.0 2.458322435589722e-07 4.470885956506499e-06 5.0152172125771175e-06 2.5001338714137546e-06 3.1252285889356297e-06 9.11565859029215e-05 0.0007243317622909021 4.2251690873229694e-07 4.553097987818903e-08 3.2753492627728544e-07 1.8040314267920038e-06 0.0 0.0 5.250879294974076e-06 6.373177729763478e-07 1.773319610612054e-05 2.0136884918539906e-05 1.799563018886272e-05 5.233629901863847e-06 1.870019877008711e-07 0.0 2.6659250887998974e-06 0.0
7.802532033446346e-05 2.7732161228654794e-06 0.0 0.0 4.3464722820229137e-07 8.950826898455044e-05 0.0007239738909612775 0.0005471503723301498 1.3806797692000801e-06 7.625856655384907e-05 1.0688409843061171e-05 6.479030095941337e-07 9.989326026064995e-07 0.0003606037118198583 1.0129526922519933e-07 5.426717278919937e-06 0.0028861810622806605 4.1847739333591955e-05 0.00021221838508528955 2.2615660682598678e-07 0.0004175763339163333 2.446995145556467e-06 0.008255802327241674 6.910384243997108e-06 6.787057752817454e-07 0.004164489869561704 0.004021933344872015 0.0005379144894619525 5.9007027941720104e-05 0.00036811703866480703 2.035986644120225e-06 5.287125338627988e-06 3.307825617373789e-06 0.0004704330749622539 7.478634665180547e-05 0.0014238007048610645 0.0011625227824142907 0.0014530420059675794 0.0005331789228977029 6.293097421708702e-05 2.6399979115840943e-06 6.116738401732017e-06 8.554066363133431e-06 7.68201848244479e-07 9.38228954186944e-06 0.00030910243923366827 3.3625222030411476e-07 0.0 0.0 9.322090083963792e-06 5.870656463578776e-07 4.194343173112019e-07 3.520533813892038e-07 3.934135385750653e-06 1.1682044869615345e-07 6.028528852210343e-08 2.1766392915080783e-06 8.475960873780247e-08 6.629479135906422e-05 3.425327910014047e-05 1.8467103410282182e-07 3.7294811017151863e-06 4.781288847146368e-07 4.026641091069972e-06 1.8518550898673035e-05 0.00044930044887315574 1.442284409363912e-05 5.355424049987192e-08 2.7064303668296984e-05 0.0009770840716124085 1.6782094633102976e-05 1.1250672542603929e-07 2.5180060348013863e-06 1.7782914208602825e-07 0.0 0.0 1.0774152112020075e-05 5.786633398151136e-06 6.452047605519347e-05 6.641261851177023e-05 4.6467915383972406e-05 2.4811790040898343e-05 1.7155772029191515e-06 0.0 1.2939531859749787e-05 1.3384832408660765e-06
6.272779286764565e-07 3.239026141833484e-06 0.0 0.0 7.423330460505118e-06 3.234999610927628e-05 3.095052542828366e-05 3.28522566268725e-05 0.0006416925941724771 0.0015466394320730243 2.6353914669255978e-06 0.002409392008306352 7.716654477381956e-07 2.894332770940123e-05 9.650471268160024e-05 9.579208347509158e-07 2.961035626411157e-07 5.285795237720127e-07 5.439389271133367e-07 0.001637093547971199 0.0 2.173237801813277e-05 4.3880578677181913e-07 0.001091955855002555 5.272708653156415e-07 7.970482360090512e-07 6.103264001700108e-06 0.0015307205515846458 5.267152479855307e-05 3.399395986540153e-06 0.0 2.3103888242375818e-06 6.186197252081306e-06 2.7967451333335656e-05 1.6593419836889968e-06 0.00012823725548807038 3.2947484685698127e-06 5.308446411048321e-05 3.0501646716309945e-05 0.0001338627147046528 2.4831871996377744e-06 9.23617392067596e-07 2.8438675714885946e-06 0.0 0.0 0.0 0.00014515121662355576 1.3607601810849759e-06 7.197203698112168e-06 3.440210414923455e-05 1.9943639380177833e-05 5.846188551436493e-05 9.005804455574387e-05 2.0237806865461686e-06 0.00011789429375472235 0.0 7.092034662694691e-06 1.693563071412723e-05 5.689777753541532e-06 0.0 0.0 8.085838661307143e-08 8.230564618401676e-05 3.49006834367584e-06 8.118424430856321e-07 2.672780896281903e-06 0.0001799562071492752 6.910956507791162e-08 3.2936967648035485e-07 1.9306494542076144e-06 0.00019987058322502643 3.316915571545457e-06 1.0198653494262538e-05 0.0 0.0 1.0915971989575839e-07 1.598400479124597e-06 1.7161738179327343e-07 3.6944961323157746e-05 3.1580298640749674e-07 7.187601841306179e-06 1.925009690818465e-06 7.255166264410582e-05 1.246500819876221e-07 5.165548240005363e-06 7.667647546725563e-07
9.351660187405263e-08 4.1563399666728717e-07 4.3464722820229137e-07 7.423330460505118e-06 0.0 0.0006344408850261765 2.654551079424954e-06 3.544851727521982e-05 5.4125875405436794e-05 1.5815230958248888e-05 2.6380427562895714e-05 0.0001243506566659357 2.932842518893962e-06 1.072877063808932e-05 0.0007313804499010855 1.0405211240966954e-07 4.901401237481692e-07 2.372483579315839e-06 1.681066666762298e-06 1.7194944202275656e-05 4.161551729000544e-07 1.8011956955210654e-06 5.005918678453476e-07 2.764011196681055e-05 4.55394480755913e-07 2.282380580584527e-06 3.0043505946366483e-06 1.1143704500033138e-05 5.891363292026902e-05 9.159908759198354e-07 3.6512652007975293e-07 0.0005865017824170027 9.751592481908519e-08 0.0002493235213352902 1.0382904267126851e-06 6.0612904275645874e-05 3.2505238228362526e-06 0.0001926342856034065 8.044400860622668e-05 0.0018956230094381273 0.00010694632315120266 6.935030836928891e-06 6.342833934564295e-06 0.0 1.3468973034262827e-07 0.0 6.762241738505506e-07 7.168451735512117e-08 0.0 0.0 1.0575785993269165e-07 1.1750958010080887e-07 2.3153967228039662e-07 2.861918494043683e-07 7.056726191668115e-07 8.394626178934767e-08 0.0 2.2952464940454983e-07 7.603879783811914e-08 0.0 0.0 0.0 3.465033945410934e-07 8.76535255045756e-08 0.0 0.0 9.498998443872136e-07 0.0 2.853161277935667e-07 7.664744319198378e-08 1.2356102977488778e-06 5.878249935986492e-08 1.3842006150055267e-07 0.0 0.0 0.0 0.0 0.0 2.7715186523246787e-06 2.7016378076381565e-07 7.864731682551373e-07 4.7246201674248313e-07 2.2925556302335914e-06 0.0 1.2851801645471166e-06 0.0
5.482732262855806e-06 7.600154533707569e-07 8.950826898455044e-05 3.234999610927628e-05 0.0006344408850261765 0.0 0.0008566122541687207 0.002557215030571334 5.276136176494071e-05 0.003907274478486377 9.992474566791244e-05 0.0014891948163356498 1.771385513649482e-05 0.0003658259569387569 0.0014295098836548522 6.665206081356855e-07 2.4676522678547476e-05 2.0012553750366447e-05 1.504297984814052e-05 0.00016191406186761832 1.2890311065386235e-05 2.485713310963159e-06 1.676961992022702e-05 0.00017211969215857276 1.641769629489216e-06 8.984282967347077e-05 3.87331565147302e-05 0.00021664873514298604 0.0004265455857380215 2.424781642156327e-05 1.6828004749442298e-06 0.00029112497982144157 1.980271357886324e-06 0.0006795183077109611 8.594310104741171e-06 0.0004935887572756041 3.1107204816616547e-05 0.0005299065666085929 0.000402126850329533 0.0022347145620105788 0.0005977777844407336 1.987291546235242e-05 3.2336758819447304e-05 2.4493893758390066e-07 2.788501627958189e-07 1.4539716528540344e-06 1.0603201250267372e-05 0.0 1.3571226467220108e-06 1.3469320167518824e-05 4.369108034488641e-06 6.600500627573273e-06 1.2846777777396633e-05 2.4142311269722047e-06 4.040355540478099e-06 9.626507618490717e-07 2.5759777649015457e-06 1.143509019294326e-06 1.3231016011586381e-06 9.404431084172642e-07 0.0 0.0 6.019000285548157e-06 4.999886075974671e-07 2.7411873232742247e-07 1.5388415481569837e-06 2.279506983640189e-05 9.344566982559714e-08 4.5566935426793864e-07 3.497216551602019e-06 3.688740866511335e-05 1.8192703172721878e-06 2.476099977867945e-06 0.0 3.498220792787375e-07 0.0 3.689050840846862e-07 1.4142905737409704e-06 1.2260169564373337e-05 7.837744869179813e-07 8.906432242830987e-06 4.579859559166523e-06 1.0782788220675576e-05 3.856876824245219e-07 5.905511156656386e-06 3.716362753809909e-07
0.001882836869366264 5.337820652036543e-06 0.0007239738909612775 3.095052542828366e-05 2.654551079424954e-06 0.0008566122541687207 0.0 0.0019361908029132968 0.00022431517975027754 0.003845514655525773 1.7243423156060424e-05 1.1499486354482217e-05 3.246753096626729e-06 0.003091345551054233 1.1729418505059216e-05 2.0669203050452067e-05 8.963551281263244e-05 1.0145400586590922e-05 2.1379048076086416e-05 7.132890502340306e-06 0.00024574954190531025 2.9337420295651754e-05 0.00025076811148149673 0.0007818687047784839 6.149830965835059e-07 0.0002851004244882619 0.0003963381292737641 0.009000818083590796 0.0003752626208112814 0.0019761591338734058 5.196148054088914e-07 1.5821852959564124e-05 5.3602479563063407e-05 0.00016510181628700136 1.3036587847869464e-05 0.0005261040252368349 5.088131960096952e-05 0.00029553453852547185 0.00015476301449735049 5.081482810280029e-05 8.47351064717921e-06 2.453980861119023e-06 7.464106912066975e-06 1.787327453026549e-07 1.3836076992962422e-06 1.0388806731796621e-05 3.0429093034740955e-05 0.0 5.192225186811081e-06 4.12475456974891e-05 2.935716902658365e-05 3.1543690389597046e-05 4.560898361809304e-05 8.716201769228522e-07 1.1655490371471101e-05 0.0 1.3550005740878194e-05 1.1675338824836144e-06 1.7006995908886618e-05 1.5372372967061543e-06 3.8178236572736146e-07 2.6956319279876633e-07 1.952932126152243e-05 5.946423617617112e-06 4.611249010867415e-06 3.430017701518659e-05 0.0001408394695859869 1.0083705211107454e-07 3.2338392138308353e-06 3.796930698414151e-05 0.00017584568581295042 7.4558815647014116e-06 1.2248659792219808e-05 6.77906060016255e-08 4.7402743394407517e-08 3.0711620572900283e-07 4.631462499418572e-06 5.416172572488154e-07 4.349820986192648e-05 5.13643878609728e-06 1.6930485522385136e-05 5.9369750336300625e-06 2.6405810155221682e-05 1.0967851033062986e-06 5.272262033952482e-06 9.739138765540523e-07
0.0002336982163083734 8.222973898681762e-07 0.0005471503723301498 3.28522566268725e-05 3.544851727521982e-05 0.002557215030571334 0.0019361908029132968 0.0 3.497994550431013e-05 0.001623586533604014 0.0001158922590551882 0.0003855274284136477 1.940443174164177e-05 0.003258611954392242 5.648396354578767e-05 8.092962034908298e-07 0.0003352252897888803 4.511110752946524e-05 0.0001883692685223335 9.575059956114322e-05 0.00014243013321847987 1.7646817681821559e-06 0.00020418059359294236 0.0002310200293467616 2.4076390309004866e-06 0.0005599553396784735 9.253443424150299e-05 0.0003029359447972269 0.0009745238101779703 0.0008699366207797015 1.5992109206833746e-06 0.00033444107519623665 2.648469811669046e-06 0.0004339114374184607 6.60706727445843e-06 0.0005430722250888444 7.848644073016918e-05 0.0004877686590045544 0.0003621741827069311 0.000793283475223316 8.459671937295097e-05 3.017176369463551e-05 2.3747877952207897e-05 0.0 6.716949112066767e-07 3.917527026332475e-06 4.898562634604679e-06 1.2768286962426627e-07 1.3404602875961483e-06 1.2686016485484663e-05 6.087704900115485e-06 3.9890398858330484e-06 1.1341643540014876e-05 2.665309413078685e-06 4.379271199066908e-06 2.8808994048077037e-07 2.165841907390063e-06 4.970182554336512e-08 2.594069014941032e-06 7.134218914068126e-07 0.0 5.9182591788636464e-08 5.294370559542518e-06 7.463607063421456e-07 7.372315699501507e-07 4.005027001992587e-06 3.052096874347064e-05 1.9687975855379143e-07 2.420560765005229e-06 1.2403365167589985e-05 3.7966054785530444e-05 2.076854990454896e-06 4.124967920283167e-06 0.0 0.0 2.176042274469644e-07 1.4087459787555639e-06 3.1119078164504634e-07 1.155497604396437e-05 2.0242630589349396e-06 9.185048025138824e-06 6.417030181565894e-06 4.301291938760135e-06 4.306135676053012e-07 6.751310561192837e-06 2.721987629910758e-07
2.5539927082377264e-06 0.00023786129098521085 1.3806797692000801e-06 0.0006416925941724771 5.4125875405436794e-05 5.276136176494071e-05 0.00022431517975027754 3.497994550431013e-05 0.0 0.00035622619490521384 2.848884712572514e-05 0.00018709201263245745 5.334669471459712e-05 2.2727891862219033e-05 0.0005617104786672326 1.9476862937387323e-05 2.2528639734750844e-06 1.0226129169852603e-06 2.2318109016310103e-06 0.00019949246112664707 1.1709661118768767e-05 0.0012224548242168703 4.633576819054193e-06 0.005521462391569357 7.414262811955944e-05 7.73594386958418e-06 0.00025538236930377925 0.0010082432074249334 3.744440119723919e-05 0.00014381831096398304 2.54072957733242e-06 4.3528460313036375e-06 9.355246303127653e-06 3.172388965736637e-05 5.429977477487695e-06 0.00020844404401695565 7.3172898115627075e-06 5.2565179063424355e-05 3.490257526097683e-05 0.0002598571372223796 8.34077609882015e-06 7.110908965927704e-06 3.4036911693700917e-06 2.127478442765969e-06 2.6430526416695247e-06 4.5715589351814284e-07 0.00010817801903433068 5.278229265163541e-07 1.2272131388133831e-05 0.00011601347878074539 6.005042123945806e-05 6.005730050289416e-05 9.639985332018206e-05 9.687256411260485e-07 5.0460308146925566e-05 1.3205150171876375e-06 3.2596907306454005e-05 7.180763706025808e-06 6.53520865061337e-05 3.3066106475994416e-07 5.639078156372384e-07 7.650617267294067e-07 4.279698626597304e-05 1.9939270147073074e-05 2.7112392786354214e-05 5.485501984348939e-06 0.0008540825478560401 1.0857524468132369e-06 3.88979535888493e-06 1.0968665508383711e-05 0.0004470917816029979 1.8890166961325604e-05 3.907377128912118e-05 6.62086824704683e-07 8.023993387986471e-07 9.078315788723975e-07 7.637537648908865e-06 5.767913371110006e-07 4.133441307860067e-05 1.0436809042891328e-06 2.252347913768674e-05 8.30500428232883e-06 4.935229192874107e-05 7.562261563158165e-07 6.205766946820216e-07 1.0102055111773815e-06
4.951291116061126e-06 3.3390171478487903e-06 7.625856655384907e-05 0.0015466394320730243 1.5815230958248888e-05 0.003907274478486377 0.003845514655525773 0.001623586533604014 0.00035622619490521384 0.0 8.209742654766001e-05 0.002734852368827412 1.4455868894595473e-05 0.0008981464030613605 9.296422839800351e-05 7.036234363407479e-06 1.594915258126303e-05 2.7858471024630852e-05 1.5322032702406673e-05 0.0017746005140497523 8.508227749785423e-06 1.4250790139884823e-05 1.106048517349786e-05 0.0008795012781113848 1.90963565579959e-06 8.359656018914644e-05 8.34814487244423e-05 0.002872704375497614 0.0007004342523007254 2.5527443521576228e-05 2.6549967797149435e-06 7.549289108044206e-05 2.715034999304237e-05 0.00041892315025736 7.326427306017567e-06 0.0009351712938808893 5.136195328293571e-05 0.0006787126566803052 0.0002637721087895726 0.00024301880337682485 2.4343865290134785e-05 1.0578859490144898e-05 1.770607674279084e-05 1.234395277299129e-06 1.0524183299637403e-06 2.556673940345016e-06 0.0003583651009280107 2.1385846461581967e-06 2.4380931163810162e-05 0.00020637802607256626 9.72273479488079e-05 9.628775026486816e-05 0.000361363223441497 3.18906391229436e-06 0.00012293207900053717 5.375205463174601e-07 4.292910752711147e-05 3.054920268184788e-05 1.5270139794129714e-05 8.446561032930604e-07 1.0799992617407763e-06 1.721678223946507e-06 0.00017663238674348606 1.5899780585015274e-05 3.46822883689979e-06 1.035519039688026e-05 0.0005145042009863229 3.262362441182612e-07 3.509093358930839e-06 1.12447798853135e-05 0.0007225115673907971 1.590523063659356e-05 3.471584793057294e-05 8.000967499119154e-08 6.89051989544784e-07 1.9241914756531201e-07 1.3260477946694483e-05 0.0 0.00010240770227082556 2.4290962458270802e-06 3.982070734370014e-05 1.0736418846687221e-05 0.0001520951054564525 3.746896980410665e-06 1.3924668195823495e-05 4.556406713151002e-06
4.820458047273637e-06 0.00013867335127130931 1.0688409843061171e-05 2.6353914669255978e-06 2.6380427562895714e-05 9.992474566791244e-05 1.7243423156060424e-05 0.0001158922590551882 2.848884712572514e-05 8.209742654766001e-05 0.0 1.7347399093206777e-05 0.0012311867023606967 0.0001344981678728579 1.6118363117977183e-06 3.266838413574422e-06 0.0004301666605346814 0.002651466615851831 0.0009310371347671176 6.116966903873445e-06 9.898175228951682e-06 7.250179211001627e-05 4.57478126402176e-05 4.486056885530254e-05 0.0005755156358579791 0.0019240865892783347 0.0008260114753201244 2.3080014168910798e-05 0.00018688389999889983 2.5479042466018425e-05 0.0002136643216363698 0.00019790468143462349 6.486724665774757e-06 0.004351809295834723 2.768496770034406e-06 0.00012993905317774444 0.0016344672968500644 0.0015314896520935662 0.00027251788609802396 1.4928321337065458e-05 2.0433283709312593e-05 0.00029763336063687686 2.373346841534628e-06 0.0 2.343236037979591e-05 1.8523470774067266e-06 4.3792216317676636e-07 0.0 5.0502138778591635e-08 1.3986451753262035e-06 1.0105061649552556e-06 1.50504911284256e-06 1.5922852453363419e-06 9.07546104877215e-05 2.710958162589621e-07 0.00037303712731126315 3.668624870337826e-07 6.466327833621498e-08 1.1166203743102697e-07 5.527527915633465e-07 6.2829676505307474e-06 1.230700554056556e-06 5.465115212952033e-07 2.067767455189053e-07 1.2033588270657122e-06 2.0079154143216467e-07 2.6137600434825884e-06 8.362447056170768e-05 7.510044662378323e-05 0.00018589193777072271 2.9556932566823948e-06 5.143394859928405e-07 5.0950872835943006e-08 4.716575577526719e-05 2.6978275917775376e-07 0.0 3.284187508847636e-06 9.862889852394682e-08 4.569545415675821e-06 0.00014023525185342443 8.750799044780696e-06 3.3184125668201404e-06 3.995609992158939e-07 0.0 5.151849006393247e-05 2.172415942748739e-07
4.237610506460237e-07 1.6240086141485545e-06 6.479030095941337e-07 0.002409392008306352 0.0001243506566659357 0.0014891948163356498 1.1499486354482217e-05 0.0003855274284136477 0.00018709201263245745 0.002734852368827412 1.7347399093206777e-05 0.0 3.0128558425140513e-06 0.00011496511633760968 0.0011042172576345782 6.132751260995443e-08 2.322316685344086e-07 4.9307725210534936e-06 2.1174262505599485e-06 0.0024966156005639638 2.615070370848844e-07 1.0926486675899862e-05 1.2763081247363514e-07 0.00048314447782382794 7.067317080282332e-07 4.458800721251908e-06 4.525249479787636e-06 0.0006370098299237436 6.582477719393563e-05 3.2555270660224325e-06 2.997941305007775e-07 3.295135298232542e-05 7.521584688759972e-07 4.83113523846121e-05 5.68394257566968e-07 0.00015079187544704718 4.176072765258585e-06 7.913292285894147e-05 3.888465878581815e-05 0.000856837380419638 1.02630692266415e-05 2.2012649183371403e-06 2.91616147068008e-06 2.9673069775975443e-07 0.0 4.6155689334282946e-08 0.00013162571164869607 2.102556064164937e-06 1.0053661498743289e-05 9.154256472228352e-06 7.76032202140155e-06 1.2673211186560432e-05 4.101053217308359e-05 5.464963423233177e-07 0.00011254970817309023 0.0 2.3340994458847126e-06 3.236474949562789e-05 2.092840299191786e-06 0.0 2.76053664420609e-07 0.0 7.403656517681879e-05 1.8651837815663574e-06 5.705642627119563e-07 8.891390111420821e-07 6.81046803082017e-05 0.0 3.826525603410554e-07 2.423133740941786e-07 8.399129488002921e-05 1.7410128726605002e-06 4.087530024973007e-06 6.653141214235252e-07 2.484777089679861e-07 2.301311326079567e-07 1.212397470704329e-06 0.0 5.079243761252039e-05 7.459389552468354e-07 2.929886636246413e-06 1.126325919744148e-06 0.00012833864228720552 2.3619474843239266e-07 1.0460818676433334e-06 6.239334332677229e-07
2.7084679395834756e-07 0.00031532622808968716 9.989326026064995e-07 7.716654477381956e-07 2.932842518893962e-06 1.771385513649482e-05 3.246753096626729e-06 1.940443174164177e-05 5.334669471459712e-05 1.4455868894595473e-05 0.0012311867023606967 3.0128558425140513e-06 0.0 1.65277308918087e-05 1.5347059995980313e-06 5.620748620460652e-06 1.634830190703176e-06 3.7989380645746895e-05 3.983940133034169e-06 7.337670312723289e-07 1.3569889954184793e-06 0.00016966359738322133 9.417648107219436e-07 5.697691496850661e-05 0.0032335408191555967 0.0006215463133048003 0.0019244781906517195 6.4466615042705615e-06 2.0126933158222647e-05 5.737696000902118e-07 0.0007564354160411379 2.5360418030466184e-05 2.753842727739611e-07 0.001258587810621308 2.6264788226049083e-07 4.9764512241184975e-05 0.001345481739552002 0.000516653178809328 0.00013124699163125612 2.812654041132686e-06 7.382146848985182e-06 0.00048680965599322913 2.3675153528319947e-06 1.3338199417856206e-07 3.0060722272088147e-05 1.4285846314979857e-06 0.0 0.0 9.173525003057016e-08 1.2808277962159295e-07 3.329214207671869e-07 1.8676837883033244e-06 4.5291008204256345e-08 0.0002479783503198163 9.717317667448605e-08 0.0011094711979535222 6.809766616373897e-07 0.0 2.2273543615664396e-07 1.9765356517574958e-07 1.674581166397328e-05 8.98396646838471e-07 0.0 0.0 2.10048901792206e-06 1.3154760208166223e-07 1.8022745781942558e-06 0.0003452797366583722 0.00015296152339126643 0.0003937642212138748 6.286055295978539e-07 2.5182315369590527e-07 4.4666937258219505e-08 0.00013348760061363877 2.538044436462506e-07 0.0 7.527558514529931e-06 1.1359342021910267e-06 2.4871813604485893e-06 0.00029495022370543914 1.195618311535065e-05 2.080590895906969e-06 2.746783576763772e-07 1.3400384216365952e-07 8.81497419332687e-05 0.0
0.002181645606346549 4.932070091732045e-07 0.0003606037118198583 2.894332770940123e-05 1.072877063808932e-05 0.0003658259569387569 0.003091345551054233 0.003258611954392242 2.2727891862219033e-05 0.0008981464030613605 0.0001344981678728579 0.00011496511633760968 1.65277308918087e-05 0.0 9.655922979526617e-06 8.605351051729895e-07 0.00028396841054863307 5.1815091188069314e-05 0.00017295174077268163 3.517102896653835e-05 0.00013272334108526955 8.782067595109032e-07 0.00017504431085711995 0.00019055510126745297 2.6585144228350246e-06 0.0003451201582046517 7.175451638497875e-05 0.0002999454258473099 0.003989496381341628 0.0017149619736820082 2.6049713038965702e-06 0.00023006830903925615 9.80293316682348e-06 0.0006139569550842709 1.7006499425087752e-06 0.00017585404042650812 6.492253827059928e-05 0.00033505342495234553 9.940419801958036e-05 8.8552305845283e-05 1.372866355753241e-05 1.5280275688585336e-05 5.065495937024579e-06 2.69953447442955e-07 7.171990601490289e-07 2.3277384330215296e-06 4.077609051651252e-06 0.0 6.326990412222033e-07 8.226877806602763e-06 4.792683038844493e-06 2.4526899052695254e-06 7.924685729623347e-06 7.631022981472057e-07 2.812560561908988e-06 3.7649014437577923e-07 1.8933704972262615e-06 2.39931775500016e-07 1.1504360763906357e-06 4.492104365293391e-07 0.0 0.0 1.8620965144948974e-06 4.750364724007596e-07 3.0130163923206214e-07 2.824874637141013e-06 2.1509093402516573e-05 0.0 1.2007257737516702e-06 7.790949754252883e-06 2.454790499303771e-05 1.4450062824674157e-06 3.4708190222026468e-06 4.515005626456974e-08 0.0 0.0 6.791660531955254e-07 3.0551710289895053e-07 6.596803965152006e-06 1.4331560628325065e-06 3.6650149067715578e-06 1.7820153702959962e-06 2.266293863612807e-06 2.0590481104976485e-07 1.7959216666385693e-06 1.4912613192368732e-07
5.645448155673409e-07 5.219461316400586e-06 1.0129526922519933e-07 9.650471268160024e-05 0.0007313804499010855 0.0014295098836548522 1.1729418505059216e-05 5.648396354578767e-05 0.0005617104786672326 9.296422839800351e-05 1.6118363117977183e-06 0.0011042172576345782 1.5347059995980313e-06 9.655922979526617e-06 0.0 6.640053244543906e-08 6.162173399021682e-08 1.9708496014567493e-07 7.733926377127108e-08 0.0002145947547820821 1.0414799094470366e-06 2.0981762888875178e-05 1.485663991428818e-06 0.00042418529230217616 9.184116364641643e-07 1.323457058693897e-07 5.278489236729211e-06 9.559863522836733e-05 2.472595944133652e-05 3.2379952690355363e-06 1.8398139594415283e-07 0.00017418007611319047 1.974686573929284e-07 1.025724047441054e-05 2.390175682867379e-06 0.0001224634394259405 4.851082253117036e-07 1.049164044877481e-05 8.283526949267899e-06 0.0011641164972295906 6.239966031284678e-05 1.5886526636492697e-06 5.341447909428111e-07 0.0 7.9824081401272e-08 4.2683283807155003e-07 8.178912941251295e-06 3.0329114197578695e-07 7.027382364028771e-07 1.579873055770575e-06 1.0572529862246951e-06 1.0425535252568463e-06 9.861968293194175e-06 4.780310879467437e-07 9.14050026291115e-06 0.0 5.573166790197856e-08 5.511793500808679e-06 1.7747102983541053e-06 4.675153746012558e-08 0.0 3.834126812262878e-07 7.183389060057207e-06 1.8692886039402893e-06 7.687067509166915e-07 8.627433770027207e-07 8.85779420544793e-06 0.0 0.0 2.435928367626493e-07 1.5530006441445886e-05 9.029017204240984e-07 3.2003215202723933e-06 0.0 1.40571955257097e-07 0.0 8.094388615023618e-08 6.2535097897249155e-06 2.8070119574858265e-05 4.971488628347414e-08 2.45490429868774e-06 3.4194498408203253e-06 3.6991516800868395e-05 9.076222489244835e-08 7.219265521252318e-06 8.56558498321204e-07
5.136839760278037e-08 8.28277058140289e-05 5.426717278919937e-06 9.579208347509158e-07 1.0405211240966954e-07 6.665206081356855e-07 2.0669203050452067e-05 8.092962034908298e-07 1.9476862937387323e-05 7.036234363407479e-06 3.266838413574422e-06 6.132751260995443e-08 5.620748620460652e-06 8.605351051729895e-07 6.640053244543906e-08 0.0 7.840155589237953e-06 3.822801907351847e-07 6.73428087635272e-07 1.5940206278340762e-07 0.0007146796794932902 0.0008953552318431238 0.0029790688951057305 0.0008391582238520655 6.605895513909638e-06 3.6500430216027494e-06 0.0022642539947329457 0.00040623786119699164 1.6049387714335178e-06 0.00010211355056586166 6.099967756030181e-07 2.4978752620186784e-07 4.058257254381441e-07 4.208949334584926e-05 4.132322721347751e-05 0.000905626035301546 0.00018505628610855074 0.00017284330752182625 0.00023676994417003302 1.215621180618263e-05 9.588015934966116e-07 3.470479665931578e-06 7.418042235753522e-06 3.024700687178057e-06 4.679806014747318e-06 1.0904150833972788e-05 2.6716523618504653e-07 0.0 2.347204219539147e-07 1.0317618046216869e-05 1.567820982498632e-06 1.1285617562895273e-05 4.898172437392608e-07 3.147366519771895e-06 5.551859473108467e-08 0.0 4.872984033204628e-06 1.0953741717549148e-07 0.0014544392731030678 3.0861800570740694e-06 6.871931110939498e-07 1.8926927981921516e-06 3.5767676648863566e-07 0.0003608617682573791 0.0004347907808508725 0.0009898916572168293 0.0001584841640191671 0.0 5.416155342851695e-06 0.00018602739170638796 0.0002070662318572323 1.1735878929546418e-05 6.556964113587617e-05 5.096094034901202e-08 0.0 1.1242986773398545e-06 4.920988070641346e-06 3.1850545015660973e-06 0.00012264245298053384 5.1469071179425055e-06 9.978318852542093e-06 7.264280997164331e-06 2.0019815646866385e-06 0.0 1.023336106313658e-05 2.4763687297914867e-06
6.108887666527756e-05 2.849719612782673e-05 0.0028861810622806605 2.961035626411157e-07 4.901401237481692e-07 2.4676522678547476e-05 8.963551281263244e-05 0.0003352252897888803 2.2528639734750844e-06 1.594915258126303e-05 0.0004301666605346814 2.322316685344086e-07 1.634830190703176e-06 0.00028396841054863307 6.162173399021682e-08 7.840155589237953e-06 0.0 0.00019935715837597425 0.0017186603297866723 4.1827751276252896e-07 0.00022930437029631255 2.4336146301514633e-06 0.003551639667942318 1.4472288907060257e-05 4.958824784738522e-06 0.0012343814240024997 0.00408807664267616 8.767602225441542e-05 0.00023134575839092278 0.0007372091450850568 1.1859849920615572e-06 4.8754556482034e-06 1.7281433794891775e-05 0.0013480623556026059 4.819360252540661e-06 0.00019290004811069848 0.0018406850094188352 0.00043804226119555784 9.446855895054667e-05 1.916516371930541e-06 6.524404208425453e-07 4.2378330802553766e-05 1.2883018503511762e-06 5.147209602791546e-07 3.555246451995392e-05 0.00018758637288538774 0.0 0.0 1.2307407700550709e-07 1.706710186729841e-06 6.192231884954526e-07 1.3119574925661977e-07 4.746117888888907e-08 4.759451870762028e-07 0.0 5.992489452708078e-07 9.018932664237099e-07 6.288360553769738e-08 3.497757443944273e-06 4.3145294184529474e-05 3.326653444507039e-07 9.096465984390315e-06 0.0 9.108536165672344e-07 4.540034467319531e-06 2.9095052935363333e-05 4.024453778586242e-06 2.1519944992422238e-07 9.976534384837096e-05 0.00047670426046710556 3.597534028823009e-06 1.7838538231817247e-07 1.4304303951549491e-06 6.292666881809617e-07 0.0 0.0 9.487898189772027e-06 4.1359067326896413e-07 3.186017854121445e-05 6.808004651249794e-05 3.060678203569372e-05 9.131981261729818e-06 4.2674377436449003e-07 6.104296009627043e-08 3.4376905799154464e-07 1.3701306911703406e-07
4.627519709951288e-06 2.650747613527795e-06 4.1847739333591955e-05 5.285795237720127e-07 2.372483579315839e-06 2.0012553750366447e-05 1.0145400586590922e-05 4.511110752946524e-05 1.0226129169852603e-06 2.7858471024630852e-05 0.002651466615851831 4.9307725210534936e-06 3.7989380645746895e-05 5.1815091188069314e-05 1.9708496014567493e-07 3.822801907351847e-07 0.00019935715837597425 0.0 0.0008578578836014219 1.5473671270054099e-06 3.4534960788148914e-06 5.591390137495232e-07 3.394069511319943e-05 5.643521672858809e-06 3.015550246847333e-05 0.0018338246849308763 0.0002533817388736704 9.89107291942569e-06 5.0418279222414014e-05 2.4742604232989914e-05 4.0635864998569245e-05 2.9217959962597455e-05 1.3133199784338872e-06 0.0008408593760114502 5.249769757061428e-06 0.0003972826677552821 0.0009274997690477201 0.001037103931054469 0.00040982482895868873 4.479009196316693e-06 4.822920344755274e-06 4.9425410181578185e-05 2.0086905486391206e-06 0.0 5.426105076152898e-06 2.516287588022785e-06 1.5825875140493526e-07 0.0 0.0 0.0 0.0 3.843377572996483e-07 1.313484308625398e-07 1.415495454042908e-05 6.448354957941216e-08 4.212325465971054e-05 1.0000730322438147e-07 0.0 1.689015654137396e-07 4.842029903471534e-07 4.702598938659525e-06 2.0844041151297084e-06 6.378284391308743e-08 3.2570710846912127e-07 1.986240937057647e-07 1.5133676184876125e-07 8.214963435288097e-07 2.0097260389796396e-05 0.0001007974802306947 0.00017147351447747674 8.936084430287573e-07 1.0469299745387568e-07 4.774030609410409e-07 2.8890498262275128e-05 0.0 0.0 6.103356352551532e-07 1.0489310380307108e-06 8.528490751582062e-06 3.315104371552741e-05 2.6674599723829935e-06 6.188382074713646e-07 3.500739596719884e-07 0.0 1.8044209753589334e-06 1.7090169647830845e-07
3.2496616903410776e-05 4.752786561910959e-05 0.00021221838508528955 5.439389271133367e-07 1.681066666762298e-06 1.504297984814052e-05 2.1379048076086416e-05 0.0001883692685223335 2.2318109016310103e-06 1.5322032702406673e-05 0.0009310371347671176 2.1174262505599485e-06 3.983940133034169e-06 0.00017295174077268163 7.733926377127108e-08 6.73428087635272e-07 0.0017186603297866723 0.0008578578836014219 0.0 9.834998719594156e-07 1.926022832969151e-05 2.553317174732434e-06 0.00024907759586250615 6.7722371675052915e-06 1.3435440033354814e-05 0.00158391478527321 0.0007241370733650833 1.910020526689139e-05 0.00015495472412510806 0.00013756494442686103 1.0478655579876703e-05 1.478809483939775e-05 1.0148303439120132e-05 0.0014922482633570803 6.911706520623005e-06 0.0004693815002324532 0.0013456155281926277 0.0012995299686138465 0.0004194364822352933 5.6999614484140665e-06 6.233736660276441e-07 3.43314410047288e-05 1.7492754934729392e-06 0.0 3.74160845599853e-05 2.6856300784145276e-05 5.90611532568313e-08 0.0 0.0 4.2041839982189917e-07 0.0 1.5000653256321402e-07 0.0 3.4674231622071004e-06 0.0 4.117292120618409e-06 0.0 0.0 1.0664035650681832e-06 1.2177099649191407e-05 1.6640041341270215e-06 2.679067712249439e-05 5.9256760306058404e-08 3.9519793837502127e-07 9.160744430350288e-07 1.7271811130765984e-06 1.824086885793219e-06 2.153702050809534e-06 0.00032788481420418066 0.00044729397339360685 1.293432508388161e-06 2.1510090653874902e-07 1.2671076677844911e-07 9.689443693338977e-06 0.0 0.0 4.335557287055076e-06 5.558600314996604e-07 1.6662182538980687e-05 4.973218354456848e-05 1.3126263484049355e-05 2.891564708559629e-06 8.302707757598458e-08 0.0 7.543539096941052e-07 8.17618479385743e-08
2.7889902401780463e-07 5.798524691888019e-08 2.2615660682598678e-07 0.001637093547971199 1.7194944202275656e-05 0.00016191406186761832 7.132890502340306e-06 9.575059956114322e-05 0.00019949246112664707 0.0017746005140497523 6.116966903873445e-06 0.0024966156005639638 7.337670312723289e-07 3.517102896653835e-05 0.0002145947547820821 1.5940206278340762e-07 4.1827751276252896e-07 1.5473671270054099e-06 9.834998719594156e-07 0.0 1.164584236288792e-07 1.5200809334977306e-06 0.0 0.00023752033707414221 2.2048467807041774e-07 1.7322878117838232e-06 1.6603352823660202e-06 0.0007696842678615788 3.459681595668629e-05 5.746163353714388e-07 8.630232335958791e-08 7.576966632203767e-06 8.794884113567126e-07 3.221760559283865e-05 2.055360968295118e-07 8.276139029801516e-05 2.168752503120602e-06 3.9149343021920094e-05 1.7181961411069002e-05 0.00028713465232433553 2.772950674978106e-06 3.231720505705458e-06 1.475860287742517e-06 9.046579001065481e-07 3.50447596162893e-08 2.5060564339477015e-07 0.00011739055161338987 1.6687415611845783e-06 8.811774812673128e-06 4.439110148451128e-05 2.5346045804213396e-05 2.3362681726582427e-05 9.043323160582235e-05 6.544844638315677e-07 6.033579887029704e-05 1.1072348507926635e-07 8.843900479983251e-06 1.782814236917432e-05 3.889745551722119e-06 2.7773004385936637e-07 4.165239682009496e-07 3.8059833159636095e-07 5.940005525333189e-05 5.829631577550959e-06 3.949823990012615e-07 2.2140987238638138e-06 0.00014533889133058796 8.032514895910989e-07 1.638281965936577e-06 4.785775039077452e-07 0.00020863607940984158 5.548421113342987e-06 1.4303649350363319e-05 0.0 1.2259589040488865e-07 1.2406605812209545e-07 3.523550966478185e-06 1.347940703183445e-06 5.1179661502845155e-05 1.0581329341639698e-06 8.851743623336723e-06 3.878557568367187e-06 9.289459702831782e-05 6.526466359424558e-07 6.716148031943802e-06 4.484260319917777e-07
4.130181021454943e-05 8.780161436508734e-06 0.0004175763339163333 0.0 4.161551729000544e-07 1.2890311065386235e-05 0.00024574954190531025 0.00014243013321847987 1.1709661118768767e-05 8.508227749785423e-06 9.898175228951682e-06 2.615070370848844e-07 1.3569889954184793e-06 0.00013272334108526955 1.0414799094470366e-06 0.0007146796794932902 0.00022930437029631255 3.4534960788148914e-06 1.926022832969151e-05 1.164584236288792e-07 0.0 3.5613549081176346e-05 0.006178779926838293 0.00026522469212561766 1.4639943756249882e-06 2.4897112298617378e-05 0.0004591010564005415 0.0035302904649546713 0.0001056168449426707 0.004605670412049187 4.43425606357913e-08 3.1107623598133345e-06 2.0977067765642675e-05 0.001561854321108811 0.00019588257852953548 0.0036330572197852138 0.0004834425896593812 0.002348690872971166 0.0014292990258807496 2.0076107132683844e-05 1.8762657925219783e-06 5.355417725697102e-06 3.2361174319035475e-05 6.094603447230994e-06 1.5846929148143347e-06 3.3913613036830048e-06 1.228424096785123e-06 0.0 3.9764456026584153e-07 8.117664043080638e-06 2.6344722962256752e-06 1.2148170623360666e-05 8.157923406225439e-07 1.5586132823427372e-06 1.9116769488034986e-07 3.9802183187220324e-08 9.142458907713808e-06 3.0340832715223846e-07 0.00029497283904247483 1.7182591579955001e-06 9.363384313128163e-07 1.8293797861951794e-06 7.104198299551898e-07 0.00020089584541821087 4.1666970720931694e-05 6.0841312326365226e-05 0.00020262763422593922 0.0 3.7185902045898724e-06 2.1639969737961736e-05 0.0002726762517272287 1.8290512697302967e-05 0.00012340806480225843 0.0 0.0 2.3167595904263457e-06 8.256341799132158e-06 1.3607687127955475e-05 5.40242025132558e-05 5.250683204819359e-06 1.0895484715344607e-05 7.802217139205018e-06 3.846444350313995e-06 4.2285524473861815e-07 1.55693847485493e-05 1.7099197234096882e-06
2.2202397717015192e-07 0.0007601336208932418 2.446995145556467e-06 2.173237801813277e-05 1.8011956955210654e-06 2.485713310963159e-06 2.9337420295651754e-05 1.7646817681821559e-06 0.0012224548242168703 1.4250790139884823e-05 7.250179211001627e-05 1.0926486675899862e-05 0.00016966359738322133 8.782067595109032e-07 2.0981762888875178e-05 0.0008953552318431238 2.4336146301514633e-06 5.591390137495232e-07 2.553317174732434e-06 1.5200809334977306e-06 3.5613549081176346e-05 0.0 0.00011964537091749635 0.0032308221275585193 0.0002591829982129171 1.671996885116565e-05 0.0022116799037718185 0.0001046475733281488 1.0679155670183878e-06 7.939203941572353e-06 8.227196382580915e-06 1.8508837643821428e-07 4.96558413328323e-07 3.1951415895291634e-05 2.514099633650637e-07 1.3757183284903131e-05 9.814247402873344e-06 1.3165004740547265e-05 5.143005973520055e-06 2.7187772983027808e-05 1.5508841721557552e-07 3.3960719264937696e-05 1.932532916984826e-07 1.9181219476985264e-07 6.375693608036153e-06 6.277271245556324e-06 1.7013870060863913e-07 0.0 0.0 1.967088061008311e-06 1.2031321357252945e-07 4.607153289795564e-06 6.737981092808798e-08 1.9535328033059987e-07 1.6806307670949298e-07 2.2398946044930683e-06 4.305685273085776e-07 0.0 0.0005904335415622382 1.5957278145384965e-06 0.0 2.908048582165202e-07 1.4269676807915764e-07 3.837017983436406e-05 5.462655768833323e-05 0.00028436941033060096 3.7773160012161465e-05 1.107527160021115e-06 3.989769638639429e-06 0.00028255376671666927 2.6309891336621836e-05 6.599857752674974e-07 3.6888356156605907e-06 5.299872560163906e-07 0.0 6.511124212746576e-08 1.209210585928887e-06 5.77854871894301e-07 7.737763815813335e-06 2.4466070868463363e-06 3.4180183620828725e-06 2.695925990585002e-06 5.0707674828124083e-08 0.0 5.927961153370905e-08 0.0
