0.0 0.0 5.358772979931674e-06 1.4776037808932939e-06 2.9053649057242723e-07 7.996873709216884e-06 0.0009848222266576 7.963413542074567e-05 3.6520450105386913e-06 5.4488381768602094e-05 3.0565511033602277e-06 1.033480673662093e-06 4.814606764159044e-07 0.0027440261028278553 0.0 6.772958323839269e-08 5.815664484969521e-05 2.5108905822766176e-06 6.460734510718004e-06 2.6388601432011858e-06 2.8055392419389564e-05 3.661024420858293e-07 0.00010746490843649726 8.884598752728536e-05 8.231299618095978e-08 1.0581105706892295e-05 6.567882284291233e-06 5.84966159513119e-05 0.002817278339795256 0.0020880970576263097 2.3362913020821902e-07 2.0096887867328395e-06 1.4436631701590045e-05 8.714321644478423e-05 9.439300543559306e-07 4.0324730247511056e-05 2.790141678099196e-06 6.734455299838849e-05 1.5552274827289537e-05 2.590722492152291e-06 1.5160244446258209e-06 2.9739000542567065e-07 3.052857066139705e-07 1.1552645094958525e-07 0.0 0.0 8.419874667426557e-07 0.0 1.6811218513241147e-07 1.9470027091862563e-06 3.457527540753647e-07 1.0690686229140055e-06 5.190283078835669e-07 0.0 0.0 3.852499888081709e-08 2.2076415668979104e-07 0.0 4.219070124223111e-08 0.0 0.0 0.0 5.81026388034914e-08 0.0 0.0 0.0 2.9522221009049535e-06 0.0 0.0 2.993158827784778e-07 2.555838311403932e-06 2.6738035512312997e-07 5.617552716219882e-07 0.0 0.0 6.18951310168388e-08 1.641003378326391e-07 6.310672600727688e-07 2.272107692661366e-07 0.0 2.175040250077387e-07 2.3525274772415756e-07 9.24816639423318e-08 9.546058847259919e-08 0.0 0.0
0.0 0.0 0.00011330364132480448 0.0 0.0 3.992551939321608e-08 3.0175770936313904e-07 1.9218280799343704e-07 0.00030901155310365574 8.253289542983938e-08 7.194171070114868e-05 3.339997573272799e-07 0.00021475811093978203 2.6702833643121704e-07 2.6012773360029497e-06 1.596726114320215e-05 4.191219395886684e-05 4.63102728620993e-07 7.997458264530445e-06 0.0 1.6587719469676265e-06 0.0010870432256087955 4.418158756446269e-05 0.00017714579670849526 0.0006632416927341887 0.0004725680696362935 0.00533587373534436 2.2976078014821558e-06 5.612306542023273e-07 8.139992327151807e-07 2.856662865382193e-06 9.572820436684033e-08 0.0 2.4573578863471517e-05 2.0824036982947282e-07 8.45753617171908e-05 0.00015590043690673125 5.392536157214854e-05 2.0120150796259896e-05 1.8178224092067816e-06 2.177376819638541e-07 6.176122209237239e-05 6.244290286904075e-07 0.0 0.0001242194787771523 5.680128518924937e-05 0.0 0.0 0.0 2.2393391611204404e-06 0.0 3.2522276583794097e-07 1.7476898845925457e-07 5.410650787569602e-07 8.311057188978438e-08 6.479718168512828e-06 2.746976500336045e-07 0.0 1.2142534865073888e-06 1.4095921425699736e-05 1.1557967739984795e-06 9.138851871397073e-06 0.0 9.651804112527308e-07 2.522863205552164e-05 2.4193164340646832e-06 5.942591545545286e-07 1.631424975103018e-05 6.89404408118818e-05 0.0007950202045584926 8.799094055854962e-07 1.7406849133233955e-07 7.194965974306137e-07 1.522570594117989e-06 0.0 0.0 1.8422408639097748e-06 3.2684303515430566e-07 1.0771864781043206e-05 2.3455988718107378e-05 8.320949182141173e-06 2.070143122813724e-06 5.37760671456833e-08 0.0 1.8876697542833134e-06 0.0
5.358772979931674e-06 0.00011330364132480448 0.0 6.346686936473329e-07 8.421930609208889e-08 8.566076436207543e-06 0.00011057111346437574 4.947306266123603e-05 1.2171840682853764e-05 8.027223896383544e-06 3.2730751631684525e-05 2.1209125387515982e-07 5.733384192631987e-07 3.323013319101368e-05 0.0 1.3732363644098672e-05 0.0017234205989858017 3.2283271182950186e-06 2.670334265268178e-05 4.05782422575685e-08 0.00015957767251288842 4.7589720829413785e-05 0.00948767352193499 0.00018579324062981017 1.672070112211423e-06 0.005569949455911584 0.005237441275858452 0.0002810515518632172 2.0795884098164852e-05 0.00019684343433056886 0.0 2.0445830632952098e-07 3.0267067664104543e-06 0.00017926186256831582 4.708195943396237e-06 0.0012362883499025226 0.0021616709407781933 0.0008806698592006643 0.0004008651068319134 1.291696140372858e-05 1.7878568296611559e-06 1.7081155356380044e-05 5.088714958216039e-06 1.15986479486835e-07 9.609022986699298e-05 0.00030482389532369644 1.9907333229550784e-07 0.0 4.678312762850066e-07 8.169346136859222e-06 5.483274196614262e-07 2.4788056116064447e-06 8.456022322973587e-07 6.490575781152299e-08 0.0 2.3515867163861548e-07 6.801051894914145e-07 0.0 2.1731208642625682e-06 4.9028176471793733e-05 5.27148197601271e-07 1.1052294113417372e-05 8.692168086099203e-08 3.5176416600659736e-06 1.1286590281163455e-05 2.0796632872104365e-05 5.719495412665648e-06 7.453770021852248e-07 0.00011289402293143532 0.0012216162988690762 7.518860193118696e-06 6.735787322781934e-07 1.1403680975103267e-06 1.4472681644765955e-07 0.0 1.4954236608530472e-07 3.921115393403916e-06 6.58779615259177e-06 2.7784262807360587e-05 9.786496039391828e-05 1.8228407089735953e-05 1.0006641396304694e-05 5.466368317520983e-07 0.0 0.0 7.685894552476227e-08
1.4776037808932939e-06 0.0 6.346686936473329e-07 0.0 1.654754523603172e-07 8.305709385721412e-05 5.537554904335706e-05 2.727016902543394e-05 0.00026300217533499357 0.0015566789510305429 6.345243657595821e-07 0.00263398836471614 1.9883534444644454e-07 2.1927201285609994e-05 1.1332441710482077e-05 0.0 2.1257675241624272e-07 2.2537480035466e-07 9.485815262096762e-08 0.0023543362921264696 3.797953363723176e-08 0.0 3.3797517135023565e-07 0.0006696890777907511 5.4226755294446716e-08 7.486620469048332e-07 3.9261150812143036e-07 0.0014629092824223735 2.8512183929454838e-05 1.3471193955912512e-06 1.2370286634250529e-07 1.0526573618843588e-06 1.0851990609065417e-06 7.232294337542488e-06 2.873941892675403e-07 2.765844562660914e-05 5.292750981676928e-08 1.4630412817143365e-05 3.368381013285352e-06 4.106875904880342e-05 3.6843663941877644e-06 1.6525352370557733e-07 9.008546762016192e-07 0.0 0.0 0.0 4.3272284481267605e-05 0.0 4.04755318503298e-06 2.850135719963515e-05 3.6996047674626593e-06 4.014992931351476e-05 7.911887054359944e-05 8.50299096902689e-08 4.6277267520660996e-05 0.0 1.572006888864905e-06 1.9453601292092507e-06 0.0 0.0 0.0 6.333079802189693e-08 2.924932679981644e-05 1.5725862170179477e-07 4.2521176862660034e-07 0.0 4.2641030746324486e-05 0.0 0.0 0.0 3.749242665116252e-05 9.532004059333443e-07 5.025969896660325e-08 0.0 0.0 0.0 2.2220969864292325e-07 5.396455861806277e-08 4.239897058711082e-06 0.0 4.054312713427438e-06 1.6267445999004455e-06 8.61305489318981e-06 0.0 0.0 0.0
2.9053649057242723e-07 0.0 8.421930609208889e-08 1.654754523603172e-07 0.0 0.00011868619120150795 1.6538294058178442e-06 6.925037792633038e-05 8.72732395115639e-06 5.307460589093683e-06 5.078968797390187e-06 8.419505549229744e-06 1.0056140535413208e-06 4.62231447708164e-06 0.000593974307039147 0.0 4.4617157478217396e-07 1.980377777002957e-06 2.737259871526706e-07 8.115512698986042e-07 1.475489197604081e-07 0.0 2.0407947963432752e-07 1.874119565000079e-06 6.65730299601469e-07 3.0058344679795e-06 1.5754953895243963e-06 8.140464468105102e-07 5.118818154525868e-05 1.2749907198446235e-06 2.9835019608167827e-07 0.00032518557696594846 0.0 0.00023021667567239262 3.3402920803951664e-06 4.0997259556093545e-05 3.1818922219877463e-06 0.00011154434297941374 2.6538422706962812e-05 0.0005678526776227523 0.00033779410951990685 5.358341916841788e-06 1.007977954141903e-05 0.0 0.0 0.0 0.0 0.0 0.0 2.1791717234904252e-07 0.0 0.0 1.7033455740102362e-07 0.0 0.0 0.0 0.0 0.0 0.0 0.0 0.0 0.0 0.0 0.0 0.0 0.0 0.0 0.0 0.0 0.0 6.542591309905585e-08 0.0 0.0 7.798170631457432e-08 0.0 0.0 0.0 2.9965920383379208e-06 9.110785412416263e-07 0.0 0.0 5.970086954044276e-07 0.0 0.0 0.0 0.0
7.996873709216884e-06 3.992551939321608e-08 8.566076436207543e-06 8.305709385721412e-05 0.00011868619120150795 0.0 0.0007284967117135913 0.004316460987092414 0.0002780584783344977 0.0033489620948499044 2.7158543153365973e-05 0.0016499941525313752 6.4155942056989446e-06 0.0009764701529035065 0.0006357288756364252 0.0 6.5651705467271515e-06 1.130977321501317e-05 4.751076200899089e-06 0.00033508124678471873 2.679339107820337e-06 8.071711302485691e-07 1.5659181306426558e-05 0.00021801244091218777 1.7297911714978917e-06 2.7354486978576187e-05 1.2253711169327557e-05 0.0002335333684738421 0.0003729597276903955 4.7163475449812234e-05 2.7967048022589936e-06 0.0002978333141873865 1.9185454199266956e-06 0.00021932246983316208 4.124091042699943e-06 0.0002140955866597079 1.2682085750982629e-05 0.0002387665160678809 6.0862432384647964e-05 0.0011220032498635288 0.00022150945405860245 2.1116911108999084e-05 3.2061416735964344e-05 3.7080025737497756e-07 1.6685275634163632e-07 0.0 4.020203130007922e-05 3.249109703542935e-07 3.913963991219175e-06 6.968531166616124e-05 6.38232465738411e-06 4.241856268575001e-05 8.364370361771306e-05 0.0 2.0980424707850925e-05 1.0271741413053965e-07 1.8687054014518076e-06 4.424965051442465e-06 0.0 0.0 0.0 0.0 2.669397953420967e-05 0.0 0.0 0.0 7.029056849757012e-05 5.145771422293776e-08 1.017776903847381e-07 1.3333055660006503e-07 4.4144067816090115e-05 1.52601627559421e-06 7.914339200505413e-07 4.1171222486311595e-08 1.5044806367291258e-07 0.0 6.69399958344024e-07 2.0237940729351067e-06 7.817087318858864e-06 1.637256499730566e-07 2.278469716784614e-06 3.667826221072611e-06 1.9009270423636125e-05 5.949193164397316e-07 1.1565996152792916e-06 0.0
0.0009848222266576 3.0175770936313904e-07 0.00011057111346437574 5.537554904335706e-05 1.6538294058178442e-06 0.0007284967117135913 0.0 0.0023517127937981957 0.00011449926460623707 0.005829962983900054 6.080157401754733e-06 1.2427492887046296e-05 1.1032266412733234e-06 0.003120878462809889 1.959305703731078e-06 6.07389682551781e-07 3.9908594340398665e-05 3.1301570169224935e-06 3.1402697351806605e-06 4.997754496894628e-05 4.840819610240927e-05 2.0880064941574264e-06 0.0002692903936033888 0.0014374792477087578 4.657149068625603e-08 6.314026029702785e-05 1.907659867426039e-05 0.007852796351721565 0.0006356048906186488 0.0038274747126286674 8.2620778626552e-07 6.321112754338639e-06 3.503444634475764e-05 0.0001007212106529207 1.0348548208609841e-05 0.0005327584963054728 1.4711399763044325e-05 0.00026908818568409143 9.009400914295424e-05 0.00014478199790397112 5.6246747371531256e-05 1.1156439547470002e-06 8.041625277382163e-06 1.1142815960274507e-06 4.9001265673024565e-08 5.582318069243085e-08 2.3540862910909812e-05 7.207293174477322e-07 1.1117799528651055e-05 0.0001930408300455563 2.6845590428234788e-05 7.682802780176302e-05 3.942288639600033e-05 1.3957016337675057e-07 4.690547503418297e-06 3.03889853094859e-07 1.1382010412758033e-05 2.0185236354949303e-07 1.1246926497509016e-06 0.0 4.083056398587837e-08 0.0 9.697283686832066e-06 6.800202553351104e-07 6.795701881717363e-07 7.545356340097432e-07 0.00012829117862054598 0.0 1.3780998669233987e-07 1.3939919809665315e-06 0.00011017141563269818 6.8216021772101715e-06 4.700683809518396e-06 0.0 3.590945195356012e-07 3.6507022352655977e-07 2.3234976650606113e-06 4.364558988973217e-06 1.7484559404914237e-05 7.344799441697032e-07 9.880682589272033e-06 3.995353434882104e-06 1.3161572625338251e-05 2.012322072075736e-06 3.514721735549613e-07 4.056102623788562e-07
7.963413542074567e-05 1.9218280799343704e-07 4.947306266123603e-05 2.727016902543394e-05 6.925037792633038e-05 0.004316460987092414 0.0023517127937981957 0.0 7.500613850482468e-05 0.0030012534407051292 1.964730367374056e-05 0.0004092930126073527 3.919630559720603e-06 0.0037697706958732882 0.00017387623099720105 1.1467893713220194e-07 0.00011619059414497151 6.02550614212846e-06 6.702516887802396e-06 0.00016348960020018798 6.949628872951806e-05 1.130631917264088e-06 0.00019710133674254003 0.00044225871533190494 7.910630669357861e-07 7.057296891439326e-05 2.8583175945862372e-05 0.00026446025689730974 0.000332294609762502 0.001172723682765172 1.9267440339468097e-06 0.00015125109967745775 2.9319639666270055e-06 0.00017516854425172766 3.0844202522359366e-06 0.00017019832374092902 1.780511986686463e-05 0.00014502049880860238 5.0174145566229715e-05 0.0007503392101471513 0.00016357250154801583 1.3352687101591163e-05 1.7950895057094548e-05 2.789538486822039e-07 0.0 4.4574308846156e-08 2.0290571500979408e-05 6.005444069582925e-08 6.409875090310131e-06 8.960795750554956e-05 8.348250577519346e-06 3.2993524281620045e-05 4.0568888729159406e-05 1.2253697907768442e-07 6.658102434679683e-06 8.594040230938891e-08 4.10800895514198e-06 1.5310685807130065e-06 3.462799962786305e-07 0.0 0.0 0.0 1.2205810238549301e-05 1.7861425162688056e-07 2.1686041526402387e-07 1.685737405254898e-07 6.75535689917732e-05 0.0 2.3519465998260151e-07 1.0013389660536336e-06 5.088568539784171e-05 2.620806116539108e-06 1.0108048512057814e-06 4.049413714876895e-08 4.7439778705584544e-07 0.0 1.395272414428056e-06 1.3342776225991248e-06 8.863417057289975e-06 6.707044885994228e-07 6.255893578158976e-06 1.550892569380812e-06 1.1574378098344957e-05 1.3229059877030808e-06 0.0 0.0
3.6520450105386913e-06 0.00030901155310365574 1.2171840682853764e-05 0.00026300217533499357 8.72732395115639e-06 0.0002780584783344977 0.00011449926460623707 7.500613850482468e-05 0.0 0.0004615546384242349 4.8474138224017595e-06 0.0005643468811373533 3.2872203131116694e-06 3.693117659596821e-05 0.0008717995574832226 5.416392059973185e-06 1.2663775580651237e-05 1.0031513535250906e-06 1.7601682114812114e-06 0.00042377744883333976 2.4900466283076394e-06 0.001317029300139758 4.463448514723213e-06 0.004771901065130604 1.4956648026036785e-05 5.806522596383541e-05 0.0004961268474571337 0.0005421477468958831 4.567012581934172e-05 3.44601095506389e-05 1.432420691901476e-07 2.6691116673129067e-06 6.060084615610753e-06 1.5847119848933928e-05 1.1847389600194675e-06 8.784376123712935e-05 6.8167685197666075e-06 3.883190316984381e-05 1.2695882257001438e-05 0.0002609953840244754 1.2228118402444564e-05 9.118449972599562e-07 1.5383607161123424e-06 8.987988144431744e-07 1.2448140436780615e-06 5.307192669108659e-07 6.114962698152904e-05 1.2850864986456727e-07 6.593448540859818e-06 0.00010845695120645783 1.5880960543759245e-05 0.00014320688464452812 7.834773104065874e-05 7.292310811703763e-08 3.40347284322545e-05 0.0 6.830557413912965e-06 7.493059088838504e-06 2.5007308890345054e-05 1.443862731816285e-07 1.0364757662191744e-07 2.2010665479870455e-07 3.5218338722520085e-05 7.194828182769751e-06 1.4717829260110997e-05 1.5854195939034944e-06 0.00040635542308286763 2.7631397897360635e-07 1.6588314591344315e-06 7.003317812326302e-06 0.00021048328002469234 7.536088261198504e-06 1.1427560606545577e-05 6.075117349894036e-08 1.2945054385827625e-07 1.5989891073557798e-07 2.5832143306603704e-06 7.390289566351498e-07 1.8954491308239696e-05 2.3531208735945487e-06 8.502058204158597e-06 1.9000904479661205e-06 4.335078099407286e-05 1.2345701982731017e-06 5.39218687533999e-07 1.5627052191377487e-07
5.4488381768602094e-05 8.253289542983938e-08 8.027223896383544e-06 0.0015566789510305429 5.307460589093683e-06 0.0033489620948499044 0.005829962983900054 0.0030012534407051292 0.0004615546384242349 0.0 2.0122041037373835e-05 0.001478105763760419 4.315340304791918e-06 0.0009672519504787383 7.607320794210039e-06 0.0 7.947218712378487e-06 1.4082100259518864e-05 8.587740337364143e-06 0.0010311822930634995 1.9545663144303943e-06 4.054708095465076e-07 1.5443897041707646e-05 0.0015202127827016762 5.085388435513563e-07 3.352119878034363e-05 1.592102074335999e-05 0.0033364834193003495 0.0009700152518655174 4.9649741647107306e-05 2.4187809301949735e-06 2.167604402974256e-05 1.723796199674701e-05 0.00016555155471516882 8.796576737933061e-06 0.0005067910226356453 1.0376595468258864e-05 0.00040769331839349396 8.850061402563227e-05 0.00019879669839702521 8.808938254909212e-05 3.984673699346191e-06 1.3192022496664689e-05 4.499885062916464e-07 1.1084534144779476e-07 2.0670949039962906e-07 0.00016662788760276166 2.099267292764325e-07 1.6735213473842134e-05 0.00021169990194947502 2.290228336651429e-05 0.00015140874415195234 0.0002945287958044967 8.09979991207936e-07 6.517729810615747e-05 1.8993696631825137e-07 8.75077340937448e-06 4.793957661961252e-06 8.787116752142111e-08 0.0 0.0 5.553616380620362e-08 0.00010129170414285666 8.018327877359638e-08 4.342623553952704e-07 0.0 0.00023997785991454232 1.1086765851034663e-07 5.767587331661665e-07 4.505346181282659e-07 0.0001597951255754818 3.846607892281054e-06 9.987653721310572e-07 7.771345022921005e-08 5.500602281753235e-07 3.754800320782764e-07 3.375802716966096e-06 4.083993359908942e-06 1.556910157555905e-05 9.61804616240465e-07 1.2786661505503445e-05 2.179165263961993e-06 1.898769515694052e-05 5.159326316981765e-07 4.544583111103849e-07 1.5338378298466303e-06
3.0565511033602277e-06 7.194171070114868e-05 3.2730751631684525e-05 6.345243657595821e-07 5.078968797390187e-06 2.7158543153365973e-05 6.080157401754733e-06 1.964730367374056e-05 4.8474138224017595e-06 2.0122041037373835e-05 0.0 9.570117831446325e-06 0.003240854752121413 6.0629466092323806e-05 7.895863540768697e-07 9.396752289172902e-07 0.0006564792092559173 0.002186186572268414 0.0008470769220018814 4.741037219854483e-06 5.88263771408541e-06 8.42292747641434e-06 3.483440346861382e-05 1.0565743728716304e-05 0.0008872257275270999 0.0026067802121763524 0.0011565539994114978 3.39337007033638e-06 0.00015901011707127952 7.846985387049601e-06 0.0006578438656918293 2.7289990078825446e-05 2.4366131882500925e-06 0.002347954731630019 7.499358287805884e-07 0.0001626957155452933 0.0016375044580858311 0.0013330023730468083 0.000331285267716003 1.4871978323082897e-05 2.2560706319857614e-05 0.0011221044365998896 3.85974665313615e-06 0.0 8.059232972396073e-06 1.1350329303456923e-06 6.593280234613548e-07 0.0 4.654636318467369e-08 1.280296902356159e-06 0.0 5.482255620527825e-07 5.937426419544861e-07 2.330045447680334e-05 5.8968682952933375e-08 0.0002451179296794592 2.53218780116363e-07 0.0 4.900695345105786e-07 7.02009085496249e-07 4.14653774075329e-06 1.8849689031692833e-06 1.4887730993896546e-07 5.5623748353757297e-08 4.2097958034607343e-07 2.4247763744792134e-07 9.651977828388566e-07 0.00020802528641831688 5.8182953369459556e-05 0.00012478510188187997 1.0068718626485548e-06 5.0433145947589445e-08 2.0359440041843024e-07 4.821530825193191e-05 0.0 0.0 1.106141956413598e-06 1.6965683187235788e-06 5.103519922100581e-06 0.00012283040329436068 3.532380591437124e-06 8.563950415903914e-07 2.6298964271669673e-07 0.0 5.143532426822461e-05 0.0
1.033480673662093e-06 3.339997573272799e-07 2.1209125387515982e-07 0.00263398836471614 8.419505549229744e-06 0.0016499941525313752 1.2427492887046296e-05 0.0004092930126073527 0.0005643468811373533 0.001478105763760419 9.570117831446325e-06 0.0 2.0491107093819227e-06 0.000197659026384406 0.0005879311113119568 0.0 6.794419258802196e-07 3.687946951129804e-06 1.7784100766207232e-06 0.0013756092228879406 8.643878789778022e-08 3.824623405816685e-06 2.8342982494336954e-07 0.00030788612844657087 2.436789752961848e-07 6.808387083166511e-06 5.336119404116889e-06 0.0002894763206125265 8.627665801380829e-05 1.0099542164566727e-06 1.1788314267802538e-06 1.2314699965766622e-05 1.3826106535768838e-07 5.064450974588949e-05 8.328959621583513e-07 0.00010472913160291778 5.0773054944265305e-06 9.167678198829555e-05 1.6772232125416946e-05 0.00039436265734917774 3.3463803383080535e-05 4.268718261413623e-06 5.484914836812164e-06 0.0 0.0 0.0 7.607667990342217e-05 0.0 8.439913164933982e-06 3.806128112698603e-05 6.085458043412099e-06 7.166614895314665e-05 0.0001297620672222849 5.569202473703778e-08 7.828675460310932e-05 1.1417350303954516e-07 2.11050880561364e-06 1.371306654232806e-05 0.0 0.0 0.0 0.0 7.612400603539959e-05 0.0 0.0 3.254012031087319e-07 7.290895666025156e-05 0.0 5.815786553091823e-07 2.0215549404628912e-07 3.263632829687438e-05 1.4272938525311706e-06 8.867635254193509e-07 0.0 0.0 0.0 4.822271068265893e-07 2.6466847991795977e-07 6.023622728652851e-06 0.0 2.1287447265785738e-06 6.401216367728879e-07 5.37624617975329e-05 4.705568899916791e-07 4.4996138075356855e-06 0.0
4.814606764159044e-07 0.00021475811093978203 5.733384192631987e-07 1.9883534444644454e-07 1.0056140535413208e-06 6.4155942056989446e-06 1.1032266412733234e-06 3.919630559720603e-06 3.2872203131116694e-06 4.315340304791918e-06 0.003240854752121413 2.0491107093819227e-06 0.0 1.1798489151819716e-05 4.2660684751445285e-08 0.0 8.125201063357297e-07 1.1629155203541259e-05 1.0372678170786066e-06 1.050781566683113e-06 3.676756029383994e-07 1.2539982168877234e-05 4.498083212990892e-07 3.2287103270984498e-06 0.0029878154889741745 0.00012219370289336598 0.0017946234649805213 3.965213441666896e-07 1.8539783962010895e-05 6.324055700127788e-07 0.0006101679471544896 4.479160680644504e-06 3.4497205060358993e-07 0.00024944694204351753 0.0 2.845745911186852e-05 0.0006020803882024354 0.0004956786561497789 2.513772887242011e-05 3.9285230224828186e-06 4.6754317107387e-06 0.000683965246950939 1.55162646527862e-06 0.0 1.3687849081089082e-05 0.0 0.0 0.0 0.0 5.095068285342876e-07 5.0631288301149896e-08 4.217711958755418e-08 4.187590966412744e-08 1.7995589654651783e-05 1.1559326769710502e-07 0.00026872862641781 0.0 0.0 3.5533690493464124e-07 1.4419102769290015e-07 4.906146854203228e-06 1.0165994387260987e-06 4.678790729542585e-08 0.0 5.219160083797456e-07 1.1065505423931494e-07 4.307954675880959e-07 0.0004378234571787527 5.495043512474265e-05 0.0001501517287888836 1.773789420366689e-07 5.6524663713675524e-08 3.087176559906007e-07 4.998375840470985e-05 0.0 0.0 3.840811406594056e-07 3.4573602268036206e-07 1.149690944759836e-06 0.00012888615832301346 2.8553370231643055e-06 2.026640234630262e-07 4.301649017385145e-07 0.0 7.705584840108827e-05 0.0
0.0027440261028278553 2.6702833643121704e-07 3.323013319101368e-05 2.1927201285609994e-05 4.62231447708164e-06 0.0009764701529035065 0.003120878462809889 0.0037697706958732882 3.693117659596821e-05 0.0009672519504787383 6.0629466092323806e-05 0.000197659026384406 1.1798489151819716e-05 0.0 2.5054642611788222e-05 5.484719652141591e-08 0.00017390053134624473 2.3361928640544306e-05 1.7700692745516868e-05 0.000117191009926617 9.247518112054555e-05 1.8509115676678983e-06 0.00030965538611722575 0.000318412584471908 2.124302613226865e-06 8.595728426774089e-05 4.41972796667942e-05 0.00022763610447001367 0.0038382128427913533 0.0023827475785739177 5.812689276428625e-06 0.00030908269160859604 5.791918720371914e-06 0.00037606932160839566 2.3373822165645827e-06 0.00023862871913148462 2.5323377489691555e-05 0.0002148725455447711 5.626056952680741e-05 0.0003765679534495034 9.271518709850247e-05 1.4223552123859972e-05 1.490210438573926e-05 5.334490482617498e-08 0.0 2.465061329178504e-07 8.340149397387217e-06 0.0 2.736381830195617e-06 3.906140682843078e-05 5.352846669886818e-06 1.3790168840503499e-05 1.869831519403869e-05 0.0 4.028781622557245e-06 8.5319567364879e-08 2.447069212198987e-06 6.006495647521757e-07 1.724381390057858e-07 5.376722610627304e-08 0.0 0.0 5.839436679217453e-06 2.9156500242509395e-07 4.356406580747416e-07 3.111976699757558e-07 3.134474576289766e-05 2.0151853588834346e-07 3.8841196958818245e-07 1.353826485930815e-06 2.843979673492983e-05 1.942551361077597e-06 1.1681220728020308e-06 8.57304548315182e-08 0.0 0.0 9.6083799166367e-07 2.1419086501457634e-06 7.361594500505946e-06 1.366356969190281e-07 3.0201297661080635e-06 1.876571304944282e-06 3.754134445191787e-06 1.6802854416217623e-07 0.0 7.358746645505268e-08
0.0 2.6012773360029497e-06 0.0 1.1332441710482077e-05 0.000593974307039147 0.0006357288756364252 1.959305703731078e-06 0.00017387623099720105 0.0008717995574832226 7.607320794210039e-06 7.895863540768697e-07 0.0005879311113119568 4.2660684751445285e-08 2.5054642611788222e-05 0.0 0.0 1.695635176142523e-07 3.9526466819774386e-07 1.049272098445382e-07 2.9148710915478114e-05 0.0 1.4139456096171506e-05 0.0 3.479924413372074e-05 1.1821727026871614e-07 1.0442125367602051e-06 4.790591889141018e-06 2.844042579312932e-06 5.520342053278798e-06 2.2214521539204723e-07 1.4002182141506551e-07 0.00030171784111844465 0.0 2.3524147239001123e-05 1.1383776632846646e-06 5.1712294363075516e-05 7.914255399487395e-07 1.3940088077500116e-05 3.74296699285255e-06 0.0005384758711586653 6.0012311961886784e-05 3.093706835859277e-06 3.7226747619953856e-07 0.0 0.0 1.0659946588105558e-07 1.191116498534393e-05 0.0 5.182178323236114e-07 4.575873060427781e-06 1.0317693243546424e-06 4.818414787409038e-06 2.3105356052779802e-05 0.0 1.6547795755622016e-05 0.0 8.772500036457319e-07 4.344168181486913e-06 7.730853894670514e-08 0.0 1.700122531800902e-07 0.0 7.739288655990212e-06 9.501692962236757e-08 1.0773202799696258e-07 5.121860603940903e-07 1.0367236360584143e-05 0.0 1.098960276389689e-07 7.166581116270247e-08 6.9943022023996465e-06 0.0 4.354457102748852e-07 0.0 0.0 0.0 0.0 2.2147866183867103e-06 4.909684838435578e-06 0.0 3.6554327355125364e-07 0.0 1.4621177496824208e-05 0.0 3.8055304994067016e-06 0.0
6.772958323839269e-08 1.596726114320215e-05 1.3732363644098672e-05 0.0 0.0 0.0 6.07389682551781e-07 1.1467893713220194e-07 5.416392059973185e-06 0.0 9.396752289172902e-07 0.0 0.0 5.484719652141591e-08 0.0 0.0 1.0567022974623296e-05 2.2707780156986512e-07 1.5240371375409149e-06 0.0 0.0016737994612093141 0.002010919655342838 0.0028754602181013653 0.0015669502536053853 1.6455503037687766e-07 2.9638732758950976e-05 0.0018929773919780803 0.0009234521907102198 1.3736128313605812e-06 1.626498321576338e-05 0.0 0.0 3.8216174204076436e-07 1.6440558848238717e-05 2.9173553781685222e-06 0.0006963465145594572 0.00032366563647542347 6.464691107603279e-05 7.866945074469011e-05 6.677299871496251e-06 4.4121867854097517e-07 0.0 2.186428862842016e-06 7.268260367666937e-07 4.0705619484857355e-07 2.8072646588061464e-06 0.0 0.0 1.4434135737243055e-07 1.4117306834114915e-05 5.403060329508804e-07 2.7826390693049816e-05 5.574839164485491e-07 6.522956007968452e-08 4.836184021849042e-07 1.1245487795998034e-07 1.205529912565363e-06 7.480895111796065e-08 0.0015776059910072777 2.6483738794388304e-07 9.251610302379991e-08 7.04273761594277e-07 0.0 0.00022077633594819556 0.0004323495103587402 0.0009760645255608285 0.00012081574979345851 6.873383184749325e-08 2.7334981821092475e-06 0.00016016280196265434 0.00024738030194089796 4.758520903445931e-06 6.379311935884073e-05 0.0 3.914627555720198e-08 9.756071208500977e-07 2.9811660730591746e-06 1.6162589863178408e-06 2.770036746358444e-05 1.8966349651638044e-06 7.001271815913066e-06 3.0913334008922984e-06 1.2741417944058137e-06 7.820045962134354e-08 0.0 2.561740655894093e-07
5.815664484969521e-05 4.191219395886684e-05 0.0017234205989858017 2.1257675241624272e-07 4.4617157478217396e-07 6.5651705467271515e-06 3.9908594340398665e-05 0.00011619059414497151 1.2663775580651237e-05 7.947218712378487e-06 0.0006564792092559173 6.794419258802196e-07 8.125201063357297e-07 0.00017390053134624473 1.695635176142523e-07 1.0567022974623296e-05 0.0 0.00018119014041696882 0.001589244696549984 1.0004797431406088e-06 0.0002762929950578531 3.54327732743651e-05 0.002424002517797084 4.407841982389139e-05 9.776650824354265e-07 0.0012611800990071662 0.002572573561192616 5.813691341345807e-05 0.00026081491270963953 0.0005042339898588452 2.120006956398392e-07 9.82638676055636e-07 2.250200081627444e-05 0.0020899221120249598 5.104290305691449e-06 0.0010559355591389203 0.0016025005801821978 0.0015309976348031632 0.0005255814257280713 1.2205943359891443e-05 2.5275308812834266e-06 1.2098208057316887e-05 2.3216528134973015e-06 1.8653969609476044e-07 1.327082141014888e-05 3.131853474104038e-05 0.0 0.0 0.0 1.8423244184542085e-06 2.271045551569002e-07 2.6596330167497646e-07 0.0 0.0 4.856935112894653e-08 2.6288570896824087e-06 0.0 0.0 6.642888196610132e-07 6.35729033882068e-06 1.2876013486307924e-06 8.097773873624386e-06 0.0 8.96176751650666e-07 2.0658508718020265e-06 1.9189029826737346e-06 9.489673245862006e-07 2.5153142901335363e-06 8.398006551063402e-05 0.0002013301235980031 1.5464671234049936e-06 1.4810998326070815e-07 5.113632291454588e-07 6.995732254928556e-07 0.0 0.0 6.634894834265999e-07 2.872515694097056e-06 9.732339947753364e-06 4.773055755971235e-05 3.346452204242961e-06 1.2042351900379702e-06 1.3895411065993035e-07 0.0 4.913409636839567e-07 0.0
2.5108905822766176e-06 4.63102728620993e-07 3.2283271182950186e-06 2.2537480035466e-07 1.980377777002957e-06 1.130977321501317e-05 3.1301570169224935e-06 6.02550614212846e-06 1.0031513535250906e-06 1.4082100259518864e-05 0.002186186572268414 3.687946951129804e-06 1.1629155203541259e-05 2.3361928640544306e-05 3.9526466819774386e-07 2.2707780156986512e-07 0.00018119014041696882 0.0 0.001351350522630154 3.202410705990688e-06 2.863048378117748e-06 8.013636556809434e-07 1.129188131675302e-05 6.2650662237671776e-06 7.767647688716198e-06 0.00285497092959847 0.00027769670225600754 2.8074028184524264e-06 7.06731675253585e-05 6.506786825609145e-06 3.9970470880265286e-05 7.414576320936645e-06 1.4429231745201752e-06 0.0008423051827554221 4.4959483676526336e-07 0.00018431412141409792 0.0005544486305033044 0.0006399734431742644 0.00026239074687550246 6.50857401835895e-06 4.427139236525241e-06 3.301903878193728e-05 1.9251589271278816e-06 0.0 1.7298091160550728e-06 0.0 1.1862457906697712e-07 0.0 0.0 1.0538813849050702e-06 0.0 1.9073727564317167e-07 1.8759144688519634e-07 2.5734661692372624e-06 0.0 2.7399429198858887e-05 0.0 0.0 6.93473151572409e-07 1.966881370175976e-07 2.568279958542199e-06 7.012885119757129e-07 1.0438134448150094e-07 7.558477953433295e-08 4.928611231134439e-08 0.0 7.292574058293589e-07 2.5031984625056603e-05 2.559811954338146e-05 5.1911598775557875e-05 3.642026685260672e-07 0.0 2.5353921177826137e-07 8.67265845367954e-06 0.0 0.0 5.935708050541749e-08 1.4402487761033523e-06 1.0253405743910138e-05 1.552271412061495e-05 1.1092260931539942e-06 0.0 2.0254517838293068e-07 0.0 1.27000771861586e-06 0.0
6.460734510718004e-06 7.997458264530445e-06 2.670334265268178e-05 9.485815262096762e-08 2.737259871526706e-07 4.751076200899089e-06 3.1402697351806605e-06 6.702516887802396e-06 1.7601682114812114e-06 8.587740337364143e-06 0.0008470769220018814 1.7784100766207232e-06 1.0372678170786066e-06 1.7700692745516868e-05 1.049272098445382e-07 1.5240371375409149e-06 0.001589244696549984 0.001351350522630154 0.0 1.878876245862998e-06 1.2686801117111419e-05 1.8760967792790493e-06 7.951668924147904e-05 5.627310061184651e-06 1.8255497145220565e-06 0.0035589913818992085 0.0007600803882182441 7.137960383015998e-06 6.279020322113712e-05 2.4665535112956237e-05 1.4196763624001997e-06 2.598829795712515e-06 4.292088688037561e-06 0.0013079075627825403 1.388631651089803e-06 0.0004928622884533452 0.0007400262952293293 0.0009244865407538243 0.0004894072877533564 2.959536771031823e-06 1.630740650484255e-06 1.007315918737378e-05 1.524606917243356e-06 5.850339844656291e-08 9.137629141562431e-06 1.2252850710845664e-06 9.675215165679922e-08 0.0 0.0 3.8254915689987447e-07 0.0 2.415918594071093e-07 0.0 1.4751405271117419e-06 0.0 8.568022393154927e-06 0.0 0.0 6.77078359459404e-08 5.28243663842549e-07 3.508888832590577e-06 5.587121868172667e-06 0.0 0.0 1.0205111281246594e-07 2.0730838279339416e-07 2.2419668543938762e-07 1.0370923538156785e-05 5.728673818073387e-05 0.0001089553741019868 6.603690030361442e-07 0.0 4.419786558251391e-07 3.307778809059805e-06 0.0 0.0 7.286079927531126e-07 2.4647780574103464e-06 1.3658053382659887e-05 1.7861142755177915e-05 2.6885677797546798e-06 3.1691189430438826e-07 3.796308008517652e-07 0.0 1.0493180641680219e-07 0.0
2.6388601432011858e-06 0.0 4.05782422575685e-08 0.0023543362921264696 8.115512698986042e-07 0.00033508124678471873 4.997754496894628e-05 0.00016348960020018798 0.00042377744883333976 0.0010311822930634995 4.741037219854483e-06 0.0013756092228879406 1.050781566683113e-06 0.000117191009926617 2.9148710915478114e-05 0.0 1.0004797431406088e-06 3.202410705990688e-06 1.878876245862998e-06 0.0 4.3685643543378703e-08 0.0 6.842321495570347e-07 0.0008435519175997373 1.4911598919444166e-07 5.501239992135754e-06 2.7839685135582235e-06 0.0009436409206297407 0.0001055397587473273 1.8229030011703529e-06 6.571900507894591e-07 4.945718120637512e-06 7.88226764183927e-07 2.9266872722788877e-05 5.979251418009922e-07 7.936456312803992e-05 1.9360197375220125e-06 6.100724772992509e-05 1.2217911739340035e-05 0.00011768228387189324 1.4898220595869844e-05 5.693379001453503e-07 1.5290555125301862e-06 8.495526980722467e-08 0.0 1.3105193713937576e-07 6.0745287005582415e-05 0.0 5.1536689576296405e-06 5.48052148777859e-05 6.611316742445545e-06 5.060707465959195e-05 0.00010314792821812435 1.8667144102598681e-07 2.3113767994486918e-05 6.862224653473392e-08 1.9202461228557685e-06 1.7175544111266676e-06 0.0 1.7190111148120315e-07 0.0 0.0 3.4924466448880585e-05 0.0 0.0 0.0 6.73442380979779e-05 0.0 0.0 0.0 4.341934836342451e-05 1.4272572335989288e-06 5.677284020446321e-07 0.0 0.0 0.0 3.169350404144446e-07 8.416426309951441e-07 5.136235132122861e-06 0.0 3.1239319520871696e-06 7.594095562739943e-07 1.195495905805783e-05 1.2853685668545183e-06 0.0 1.0138854700959559e-07
2.8055392419389564e-05 1.6587719469676265e-06 0.00015957767251288842 3.797953363723176e-08 1.475489197604081e-07 2.679339107820337e-06 4.840819610240927e-05 6.949628872951806e-05 2.4900466283076394e-06 1.9545663144303943e-06 5.88263771408541e-06 8.643878789778022e-08 3.676756029383994e-07 9.247518112054555e-05 0.0 0.0016737994612093141 0.0002762929950578531 2.863048378117748e-06 1.2686801117111419e-05 4.3685643543378703e-08 0.0 8.555588229210697e-05 0.00883485190325879 7.486974547875276e-05 1.0144886581721569e-07 3.167307660542305e-05 0.0009070847832462476 0.002386151002548154 8.269199029573482e-05 0.007253556108909373 1.32846440871808e-07 7.664453495447669e-07 1.3198617771222691e-05 0.0020541680469951234 3.0217648657718906e-05 0.005181790598370853 0.0007385521202576756 0.0029391506248859205 0.0018820925745224647 6.806812444112638e-05 5.0286672235222196e-06 3.09526766342986e-06 3.1755220975262174e-05 7.354617476780274e-07 1.1578278027432587e-07 1.407125767536601e-06 0.0 0.0 4.787042567123875e-08 1.2026161489282756e-05 5.891013779481985e-07 8.964322807365027e-06 5.583449927148755e-07 0.0 2.800884177972819e-07 5.224585351460758e-08 1.0298779661071937e-06 0.0 0.00023976465578762925 3.961790435760256e-08 0.0 4.929664985723091e-08 0.0 0.00013663958188044723 4.193036580630322e-05 8.923693521068736e-05 5.3562955363138785e-05 0.0 2.2318738412184786e-06 1.5733003281291915e-05 0.00013756600201297856 8.22389320538021e-06 6.500808642478062e-05 0.0 0.0 9.61899835067162e-07 3.1688698030654546e-06 1.7488189096524974e-05 3.110340320671771e-05 1.4231742034481767e-06 5.098605194054143e-06 3.793347944017872e-06 1.9853690366972085e-06 7.97038518051251e-07 0.0 8.094525505454223e-07
3.661024420858293e-07 0.0010870432256087955 4.7589720829413785e-05 0.0 0.0 8.071711302485691e-07 2.0880064941574264e-06 1.130631917264088e-06 0.001317029300139758 4.054708095465076e-07 8.42292747641434e-06 3.824623405816685e-06 1.2539982168877234e-05 1.8509115676678983e-06 1.4139456096171506e-05 0.002010919655342838 3.54327732743651e-05 8.013636556809434e-07 1.8760967792790493e-06 0.0 8.555588229210697e-05 0.0 0.0004562735879852463 0.0024661192257397027 7.286830593235407e-05 8.349899277723486e-05 0.0034756218640539125 7.00966421834691e-05 3.4464717857606165e-06 1.0980353842717323e-05 5.018419098439603e-07 0.0 8.363697960392115e-07 3.475154216474068e-05 2.129570752380909e-06 0.00034582289074841743 0.00019159300161461737 0.00016316349247255291 0.00012275696178187882 1.956311104121161e-05 0.0 3.914750830922865e-06 1.7698266821279706e-06 2.663064857293904e-07 3.278200320436582e-05 2.1645868048183366e-05 0.0 0.0 2.924511485758018e-07 8.341599110185512e-06 3.948826501498016e-07 1.5154399831002575e-05 1.0286800628843055e-06 9.957495277787195e-08 0.0 6.51481610587624e-07 3.851876149870456e-07 0.0 0.00046985717104908376 1.1208187130630626e-05 1.60641333979146e-07 1.605238076927641e-06 0.0 3.7333577007275825e-05 0.00036520083569400996 0.0002870441273037904 4.646537538091662e-05 1.237873139535557e-06 6.657395890947609e-06 0.0013127190821865962 6.170927825862297e-05 7.968705575081902e-07 7.2255725964290705e-06 2.452045155320618e-07 0.0 2.498503280962792e-07 5.832550344966284e-06 1.2644545183594699e-06 3.236955119704752e-05 1.0851791951358e-05 1.7980732595214595e-05 1.5939336620995246e-05 7.233034363270302e-07 1.3567293909661675e-07 0.0 1.2283461673464415e-07
0.00010746490843649726 4.418158756446269e-05 0.00948767352193499 3.3797517135023565e-07 2.0407947963432752e-07 1.5659181306426558e-05 0.0002692903936033888 0.00019710133674254003 4.463448514723213e-06 1.5443897041707646e-05 3.483440346861382e-05 2.8342982494336954e-07 4.498083212990892e-07 0.00030965538611722575 0.0 0.0028754602181013653 0.002424002517797084 1.129188131675302e-05 7.951668924147904e-05 6.842321495570347e-07 0.00883485190325879 0.0004562735879852463 0.0 0.00020073589637938276 1.113597049262368e-06 0.000721838554753834 0.007317818813684179 0.0018016585348385262 0.00036641453514311463 0.002313091746844718 3.581498727200629e-07 1.302155655283947e-06 3.578909868560913e-05 0.00195074638409285 2.8782513984383466e-05 0.006180016728482609 0.0042204473672454315 0.003308987164324654 0.002522459988804346 6.7091752515951e-05 6.193145933432081e-06 1.2445699791348575e-05 3.137129972553672e-05 4.271038790986187e-07 2.8560916036373014e-06 1.8298924042717716e-05 4.31986117445559e-08 0.0 5.099520110393921e-07 1.5643871487822316e-05 8.130727097103377e-07 3.7410083313123283e-06 1.3467621593416846e-06 0.0 4.3457264963073385e-08 3.49071981799992e-07 1.0253055706609754e-06 0.0 0.000866377424205262 7.2581450502328084e-06 0.0 8.462611554127386e-07 0.0 7.030813772029848e-05 0.00014877198402129038 0.0007521822986849261 2.8992100916216528e-05 0.0 4.2974796798681304e-06 0.0004945614184104222 6.468003130296908e-05 1.5098062330364698e-06 1.3879310483313525e-05 0.0 0.0 5.995221497728985e-08 2.2393316740852554e-06 1.9388458516321473e-05 3.5544310796857126e-05 6.656177235929469e-06 1.1354138139749641e-05 6.688190735662656e-06 1.6307756465320003e-06 1.2535801327125738e-07 0.0 0.0
8.884598752728536e-05 0.00017714579670849526 0.00018579324062981017 0.0006696890777907511 1.874119565000079e-06 0.00021801244091218777 0.0014374792477087578 0.00044225871533190494 0.004771901065130604 0.0015202127827016762 1.0565743728716304e-05 0.00030788612844657087 3.2287103270984498e-06 0.000318412584471908 3.479924413372074e-05 0.0015669502536053853 4.407841982389139e-05 6.2650662237671776e-06 5.627310061184651e-06 0.0008435519175997373 7.486974547875276e-05 0.0024661192257397027 0.00020073589637938276 0.0 6.89943626505462e-06 0.00013175816978017524 0.0009181008591966689 0.005869628281795358 0.0009572692648614092 0.000746302219222583 1.1796463388646924e-06 6.784833849967366e-06 0.00012780732453840105 0.0002239559039531099 2.8229385316954084e-05 0.0015558267352046183 8.339119525128411e-05 0.0005268565982749987 0.00022373105160312793 0.00022508781740496423 6.293860012525541e-05 5.188824937921233e-06 1.674007185866783e-05 2.0858707637549394e-05 2.4162836790638284e-06 2.5067227011944078e-06 0.00015865996393791176 2.184317928642205e-06 6.229044904816764e-05 0.0010845222481783842 0.0001437769519528315 0.001135754432831562 0.00032222346428670317 3.702996387999489e-06 4.070859390564307e-05 6.738254011188863e-07 7.529224717431224e-05 1.2766882835965244e-05 0.00030310072111963275 9.370444147121291e-07 5.668213376489759e-07 1.8548382631463847e-06 9.869029575332886e-05 0.00014546442003796482 0.00011061313954367164 0.00011470535132191308 0.0014753652779978328 6.311758941044509e-07 7.360563239032406e-06 6.364263192021276e-05 0.0014183597945030748 0.000108466281147025 0.00020629921406903885 1.8794486119375765e-07 3.2310072816329053e-06 7.105303977749329e-06 2.4316443675748016e-05 1.427358278164846e-05 0.00019598194665501988 8.721803275810011e-06 9.150768103117444e-05 2.3032888632704197e-05 0.00011586106912833653 1.2028392965069138e-05 2.6205105531013875e-06 2.3440961537482084e-06
