0.0 5.410716515430846e-07 9.82898841978633e-05 1.8892289986574814e-06 6.405871290318997e-08 1.0550926070843756e-05 0.002396790497210891 0.0010427305269915708 1.8630860045626082e-06 3.7906933224728966e-05 7.67363824336117e-06 6.548131608613968e-07 1.799804780491796e-07 0.003105622345367312 0.0 9.224815625096007e-07 0.00014024702898908102 6.938319378822029e-06 3.771650416896453e-05 2.354342447063846e-06 2.1882540379231713e-05 8.20854365663542e-07 0.00011221998129049835 1.972582799008052e-05 1.398300100779823e-07 5.94999746365428e-05 1.7258827934039384e-05 3.5944363734656124e-05 0.0014761107968280442 0.0013025197023504142 0.0 7.072931039455198e-06 2.337911405841288e-05 6.209026681088447e-05 1.1681382183103844e-06 2.0683119495425384e-05 1.351415903028375e-05 3.8715770667705736e-05 9.175184519193701e-06 4.083844021250953e-07 2.2657246456769505e-06 1.2329434894912375e-07 3.1865334953969073e-07 9.511397497070783e-07 6.025590485569921e-08 1.209415785744535e-06 0.0 0.0 0.0 1.548801562706864e-06 6.003470412295817e-07 7.010839522270424e-07 9.7824236218888e-07 0.0 0.0 0.0 2.1443202448370042e-07 0.0 5.078432551386101e-07 9.637587982487941e-07 0.0 5.056522316634e-07 0.0 2.336886552177983e-06 5.251607668885269e-08 7.897527268364119e-07 2.4563619395352236e-06 0.0 1.1172120757885387e-06 4.521497178065119e-06 7.835744347728521e-06 1.539777146311612e-06 2.8030794727977017e-06 0.0 0.0 0.0 2.8589192988004207e-07 0.0 7.031832993624002e-07 1.213078858999131e-07 7.789340480346236e-07 6.724224646647448e-08 3.707002934664989e-07 8.803167566742667e-08 0.0 0.0
5.410716515430846e-07 0.0 0.0003494677481715728 0.0 3.6670017667400013e-07 6.101244507846576e-07 2.620063363966441e-06 1.3585046003127525e-06 0.0005695258466655788 1.614387714301027e-07 3.442794919092651e-05 7.757268521823635e-07 0.0002565837620684511 1.2548195721013565e-06 1.58676388507122e-05 1.6005299343586726e-06 0.00012592017278062608 2.309049198051353e-06 7.072383925623446e-05 0.0 7.139102064620369e-08 0.0014031997702316978 7.159138440541783e-05 0.00029680138835485215 0.0009756389550405743 0.0001911461195399731 0.00413243524502583 1.1798901134097836e-05 2.7386220335332192e-06 7.172624006915355e-06 1.62009043291572e-05 1.3163136071605852e-07 3.2331421927073424e-07 2.9599047695598897e-05 8.498749130164943e-07 6.909116949027267e-05 6.983020316833348e-05 0.00010976601237252077 2.8011814694764995e-05 1.1438309331507465e-05 7.608713462487408e-07 7.959710556421811e-05 4.7427428264494406e-07 1.989106492168253e-07 3.54808701890561e-05 6.5557675395549e-05 0.0 0.0 0.0 1.0636566288066e-06 2.99422745664991e-07 6.877428659573399e-07 9.686302072074317e-08 3.341538632668813e-06 1.2467842078742548e-07 1.8191024348435224e-05 5.046625865905143e-07 5.915926742833475e-08 7.75597333594136e-07 3.861489241319484e-05 4.162865286342675e-06 2.98125961427645e-05 8.568591234871726e-08 6.124215917688981e-07 2.71124942550283e-06 3.260392749432217e-06 2.2260244080014514e-06 4.8776378345970623e-05 0.00028062493911537123 0.0007728834889250992 1.6821908569393238e-06 9.51294170294182e-07 9.73513942779899e-07 3.824509422220977e-06 4.1105774323687975e-07 0.0 7.627355133674069e-06 8.732420349422721e-08 2.1446959760308033e-05 1.745211932655577e-05 3.353899035434123e-05 9.723763107582141e-06 1.0683382502033737e-06 0.0 8.514080568607225e-07 5.466568390252868e-07
9.82898841978633e-05 0.0003494677481715728 0.0 3.734023668246723e-06 5.6883951972246806e-08 1.2345119592629751e-05 0.0008581615947921067 0.00014301555042892452 2.9259562882814867e-06 2.811156473034246e-05 1.9465662416406393e-05 1.8939826393217338e-07 4.130139262681096e-06 0.00023235081417674283 1.1083222114524818e-07 5.460765158944675e-06 0.0033236915270779344 6.693539559053969e-05 0.00036807458214177974 1.3680399015727271e-06 0.0005035783585099938 3.0883397352407165e-05 0.0059675186536999 3.367159916204814e-05 4.866515753174501e-07 0.005354580634418673 0.002873929093878728 0.00025792287879172537 4.9922464973576915e-05 0.0009350983210003117 2.8422452006351855e-07 3.773896416323028e-06 4.532952093401963e-06 0.0007716062468278238 1.5843448163378364e-05 0.0010908721422578224 0.0028212050867762847 0.0016508057427293361 0.0006384841388037616 1.709295690533479e-05 5.739080670178304e-06 8.953219407863497e-06 5.7735817013541806e-06 4.065560539155687e-07 0.00019649139470938933 0.0005606681159128214 0.0 0.0 8.721170914965382e-08 7.977237998739077e-06 1.0301314773629043e-06 1.2207527545009547e-06 4.1712882236881497e-07 2.3371226567943675e-06 1.36816320917289e-07 1.4655226694429895e-06 1.3036491703102287e-06 9.990925744906519e-08 5.111527734949768e-06 0.00031618787899128785 1.2625915149739133e-05 9.625572971607975e-05 0.0 5.219291035577841e-06 2.269373194009392e-05 3.801881688157135e-05 1.0261923377127752e-05 1.1473456674452709e-05 0.0005011289648388403 0.0017269436429646658 1.0554324240067354e-05 2.142939635064813e-06 6.878667133910446e-06 1.923899567418115e-06 0.0 4.644952477845806e-07 1.592401870098159e-05 1.6007347103863943e-06 6.611503610960538e-05 5.632355904386642e-05 9.687352980376472e-05 2.2161611611816185e-05 1.3224779050139212e-06 7.600142298958143e-08 5.230450174375586e-07 6.104795260896452e-07
1.8892289986574814e-06 0.0 3.734023668246723e-06 0.0 8.577520089949944e-07 5.335948488528524e-05 3.934996070292511e-05 2.1355079270502615e-05 0.00042104151065219423 0.0005493272652722766 2.505210299240086e-06 0.0028391823088645737 1.047862434437818e-06 1.4946653331965917e-05 4.0107268389043975e-05 3.1092477412425114e-07 3.1259153298942206e-07 7.943971776670977e-07 1.8996493159624296e-07 0.0013408035847652623 1.0079897527005045e-06 1.238488019464119e-07 1.4679448925954112e-06 0.0008656734008323574 0.0 2.502165886834026e-06 8.250061126593206e-07 0.0017151021244767178 9.256105208919516e-05 1.042012355363175e-06 4.6982235585951574e-08 4.743526041166008e-06 2.5623233106278358e-05 2.1407045919372776e-05 9.996730435672522e-06 0.00012336357187885482 3.0321630439861346e-06 9.29816089872341e-05 2.954593679034415e-05 5.1290579999911155e-05 1.8534436864856518e-05 3.400173365984956e-07 4.03876299481796e-06 1.2876449840105312e-06 0.0 0.0 6.090950932843066e-05 0.0 9.675820055361231e-06 9.087020719888781e-05 2.475599290085343e-05 0.00011574173111164345 0.00017173043331660957 1.0700282774697586e-07 6.569512624477233e-05 1.1365904497664596e-06 5.201684646543925e-06 1.0560139499463916e-06 3.665163015747394e-07 6.882150005587428e-08 0.0 0.0 4.246667352110944e-05 4.666956748118139e-08 1.994754096348937e-07 0.0 0.00012947344035192158 7.039394560628732e-08 5.966285915019606e-08 2.950394797356048e-07 9.001093808349976e-05 2.1981222158031554e-06 7.176391875045344e-07 0.0 1.0412510366599385e-06 1.2301507838030886e-07 1.79577587672324e-06 0.0 4.887058699853111e-06 1.1628334581831589e-07 1.9817560490034804e-06 7.546009682020567e-08 5.500831033092584e-05 1.928275378503349e-07 0.0 0.0
6.405871290318997e-08 3.6670017667400013e-07 5.6883951972246806e-08 8.577520089949944e-07 0.0 0.0002415168306473326 7.775007899804265e-07 6.663211071733039e-06 1.2848333708806117e-05 3.7735410010307095e-06 4.583479770772295e-06 2.4629235134136534e-05 2.449640891697024e-07 1.7016512093257992e-06 0.0012749210379006672 0.0 0.0 5.356654134900357e-07 1.9651012306076056e-07 1.8983077881485147e-06 0.0 9.726499105871253e-07 0.0 1.3884012220438826e-05 1.1731960232499546e-07 6.142175582582744e-07 5.632679234411177e-07 1.7349649010883955e-06 1.00593979909039e-05 5.957314395677573e-08 0.0 0.00032515215103069847 0.0 0.0003258700116950718 6.848317700467621e-07 7.182131184589192e-06 1.8983397428114084e-07 3.180986269987883e-05 1.3310918447540388e-06 0.0011829433172579936 0.0002508938695089756 8.064341927758731e-08 4.0520624616629666e-07 0.0 0.0 0.0 0.0 0.0 0.0 0.0 0.0 0.0 0.0 0.0 1.2626110327344044e-07 0.0 0.0 0.0 0.0 0.0 0.0 0.0 0.0 0.0 0.0 0.0 9.17427468407359e-07 0.0 0.0 0.0 6.23368628226565e-07 0.0 5.020865233171635e-07 0.0 0.0 0.0 0.0 0.0 6.357099527272016e-07 0.0 0.0 0.0 0.0 0.0 0.0 0.0
1.0550926070843756e-05 6.101244507846576e-07 1.2345119592629751e-05 5.335948488528524e-05 0.0002415168306473326 0.0 0.0008663501066564304 0.002663746300962268 8.873710593476494e-05 0.004014699624090509 7.44774376328502e-05 0.0009667624810226113 5.538061871471204e-06 0.00041815657953221577 0.001001408495570677 2.3531723889578105e-07 2.6331183591897807e-06 1.4164124693246699e-05 5.359477004098633e-06 0.0002551370256850497 4.73719581291057e-06 2.3779203569884352e-06 4.458327453254009e-06 0.00011022213391478386 0.0 2.1265742748337302e-05 8.452398549577458e-06 0.00043997640967951375 0.00019477922058950845 7.476115513644143e-06 1.7265389536111885e-06 0.0004968131798436115 1.3316335706158375e-05 0.0005922809546858593 6.687477700627212e-06 0.0001365039823929202 8.670907544575133e-06 0.00035654321632502107 2.9174813448983654e-05 0.0015688037591712208 0.0006801923136631327 3.9317063081023855e-06 3.96968943976447e-06 1.966369200918679e-06 0.0 4.896848842348338e-07 1.6140485520615883e-06 0.0 1.0934995101500788e-07 8.937602479571963e-06 3.856976810886237e-06 1.4655635288716154e-05 8.142381189200133e-06 0.0 6.510506628727597e-06 7.243013802188502e-08 1.6168224382071296e-06 0.0 2.9601240738267155e-07 1.1609682545177532e-07 0.0 4.458104189378637e-08 2.399488303276131e-06 5.475176703617282e-08 1.0383198980815997e-07 1.0817181696601342e-06 2.202991158195171e-05 0.0 8.524838182367476e-08 7.00246895126624e-07 3.166669802772291e-05 4.006109512843416e-06 7.076391020033978e-06 1.622718398986662e-07 0.0 2.1520070266878966e-07 7.148176409398983e-07 1.5464139643617376e-07 6.193530100848822e-06 6.513942897263154e-08 7.030079819930231e-07 0.0 2.1669508090880647e-05 1.507261686754749e-07 0.0 0.0
0.002396790497210891 2.620063363966441e-06 0.0008581615947921067 3.934996070292511e-05 7.775007899804265e-07 0.0008663501066564304 0.0 0.0013083580983222487 0.00026098139449004233 0.0018405294860548533 1.93311390861402e-05 5.323877349471838e-06 1.7501390870978793e-06 0.00404610475598748 2.2455476124360393e-06 7.92698146541112e-06 0.0002072961063797006 1.5266134364077308e-05 5.5387876154757134e-05 2.2430522414240485e-05 0.0005184846372477063 8.29165356790359e-06 0.0008268574946000259 0.0005549370778129433 2.732665169413445e-07 0.0002970961852494812 9.663777462801759e-05 0.009676156918855115 0.001095368113535382 0.0042961061897711416 1.608801763920424e-07 3.793126721257648e-05 0.0001936388502062079 0.00018925715148159186 3.0024124803976303e-05 0.0005299428015117745 6.415569219957778e-05 0.0005027574774511786 0.00016130713108045331 3.088112510098324e-05 5.4762291613495045e-05 1.2997131369833693e-06 1.0386532059050526e-05 1.163470461762802e-05 7.463423027839008e-07 7.674726028679372e-06 1.3470454484020732e-05 2.165003996024744e-07 8.92752817400731e-06 0.00017734685841184022 5.0431675230702114e-05 7.239662049113294e-05 8.040782686040925e-05 9.420799331675699e-08 1.3477815574593615e-05 0.0 2.1941060773150088e-05 7.264935895035305e-07 1.3371320177937627e-05 4.368434525237348e-06 1.1274468719580036e-07 1.5736433506559995e-06 9.410100233051993e-06 1.4470649683032717e-05 6.815242389578044e-06 1.1057186991776058e-05 0.00021817710198588852 5.6555192515888475e-08 5.6420377961596494e-06 2.3590860294931545e-05 0.000298718569822371 2.8695718245498676e-05 3.714637115500406e-05 1.1773229304396615e-07 9.223389253858352e-07 1.7640697735917217e-06 1.0870010773089922e-05 1.5166422357326636e-06 3.768771179871849e-05 2.302294275865698e-06 1.3486207461144956e-05 2.4285898878531983e-06 4.1934427036801105e-05 1.8103360787830774e-06 0.0 2.7449104350546134e-07
0.0010427305269915708 1.3585046003127525e-06 0.00014301555042892452 2.1355079270502615e-05 6.663211071733039e-06 0.002663746300962268 0.0013083580983222487 0.0 9.863368683730795e-05 0.0012504633044746808 7.166402920812338e-05 0.0003515030325971036 1.4463989086600382e-06 0.0038758798275808945 0.00010220501185302429 1.0942665132756366e-06 0.00015106071321528108 2.488613929227154e-05 6.27313882134217e-05 0.00013928365686837423 3.4775849486211854e-05 5.52088552909487e-06 0.00011193160162771195 0.0002078394006403711 4.0497675471811236e-07 0.0001229982775891818 4.970488621293919e-05 0.0002566968153107342 0.0006018250714358685 0.0005877744191187985 1.7390956435010399e-06 0.0001668910597222481 4.888179687421867e-05 0.0003359392455940826 9.955351145687518e-06 0.00013004747960885558 2.895211239776059e-05 0.0002845751452328734 3.6839915269716094e-05 0.0003665570775737909 0.00011782350001057723 5.856035735599669e-07 2.247180567438933e-06 5.347962420985261e-06 3.90945701476552e-07 2.443412630617471e-06 3.2196814060201322e-06 0.0 2.3581957349375635e-06 6.688721770658176e-05 1.677169758192903e-05 3.208228459707475e-05 1.4190109485431961e-05 2.8549266866063174e-07 3.09769842966717e-06 0.0 7.040855332779586e-06 1.2254006217896943e-07 4.453140515321599e-06 1.3757048205797838e-06 2.12722476969112e-07 2.584219984031631e-07 2.13846107317436e-06 4.6866841854299565e-06 4.6252519948954095e-07 2.9928802941679176e-06 0.0001085047024174003 5.219570496871256e-08 2.9205446726239517e-06 5.350829301958108e-06 0.00016671934592419647 2.337389812619506e-05 2.4334125011667526e-05 5.893892661476908e-08 5.582279512516586e-07 1.1739914775104254e-06 4.802466124566938e-06 0.0 1.3406617981861425e-05 9.459471563756563e-07 5.0860261642698365e-06 1.1514014588216375e-06 9.473075037321787e-06 1.381985178498478e-06 0.0 0.0
1.8630860045626082e-06 0.0005695258466655788 2.9259562882814867e-06 0.00042104151065219423 1.2848333708806117e-05 8.873710593476494e-05 0.00026098139449004233 9.863368683730795e-05 0.0 0.0003220489159363751 4.408228893795379e-06 0.0004365829110899205 1.3143218564791458e-05 4.472168448187697e-05 0.0002620772886014473 2.5272157254693426e-05 3.0920479231556144e-06 8.843764127114979e-07 6.787459221968784e-07 0.0007305491383072286 1.180556371240754e-05 0.0017219989717282829 7.975004223930134e-06 0.00659522949429031 0.00012268654441432829 4.51507231309234e-06 0.0005681701828003843 0.0008095670808686157 3.1489505433346444e-05 4.809403427980693e-05 3.046760922446869e-06 6.181559822765342e-06 3.6720361125537557e-06 2.1934041241312706e-05 3.6622305752663507e-06 0.00012731356826148972 9.848278997840772e-06 5.8835004557341614e-05 1.4260370665985633e-05 0.00018412161603053876 1.3014044711278844e-05 2.1749045431863165e-06 1.659931438613904e-06 1.339381804762125e-05 1.3658701065747473e-06 1.8714431211901077e-06 3.879960649753289e-05 0.0 1.3086228661157657e-05 0.00012747016261149206 6.840786554451228e-05 3.481461821664801e-05 0.00015882332700962472 1.063494156324422e-06 6.617802039205853e-05 1.4567926530527662e-06 2.791769377137439e-05 1.7935831698961241e-06 8.402024561406852e-05 1.6076095776145882e-06 3.8724747684891673e-07 2.441134939396255e-06 4.7604073255374437e-05 0.00010166216485397955 3.58478898626048e-05 1.2863729089743679e-05 0.0006027900998214412 9.309356294267636e-07 5.0309827793200845e-06 1.5408201063733668e-05 0.00040179645432654134 5.762170100403258e-05 9.622452308750643e-05 8.164685290982412e-07 2.949572857253283e-07 3.6509651199426008e-06 1.2447308763656242e-05 1.1190679256561643e-06 4.7512087962401254e-05 7.1721523698563885e-06 1.8364295130906095e-05 5.898560301931251e-06 4.26662236243024e-05 2.857762496054093e-06 9.878716657995902e-08 0.0
3.7906933224728966e-05 1.614387714301027e-07 2.811156473034246e-05 0.0005493272652722766 3.7735410010307095e-06 0.004014699624090509 0.0018405294860548533 0.0012504633044746808 0.0003220489159363751 0.0 4.816046879515335e-05 0.0007863978760288351 4.432046892822021e-06 0.0005434909906327346 3.283065368457604e-05 4.2029742965904686e-07 3.95130655283686e-06 1.6102371128967045e-05 7.4214542993311555e-06 0.0005595113712835965 9.40278142529372e-06 5.335182317957307e-07 1.0912193183635082e-05 0.0005443647233771958 6.684483859263487e-08 2.802641833227942e-05 1.1835725248949754e-05 0.0033242549229402663 0.0007305292023581749 1.0055975856719682e-05 1.2783812579963759e-06 0.0001402975478475117 7.444360194444183e-05 0.0002631051609832375 2.8764661419557044e-05 0.0005307004278779692 2.170937706178063e-05 0.0007738561154636305 0.00013170477303601678 0.0001864782572895002 0.00015491266970690408 2.339773028030398e-06 1.6659108314551383e-05 1.2014373196410722e-06 9.730390965722251e-08 5.481714038057512e-07 4.820634035432289e-05 2.5424383605026804e-07 2.0205541531011457e-05 0.00018792375249110442 5.112275168487498e-05 0.00012730101836305407 0.0002611089693955775 8.755681619195435e-07 7.944799115109162e-05 7.086297885984479e-07 1.0340221543067624e-05 3.085571894235761e-07 1.3635121244430697e-06 4.3754855266337507e-07 1.0026806017612891e-07 0.0 5.326868821289711e-05 5.158959753043227e-07 4.5280977542950353e-07 6.745830924433578e-07 0.00020189969833473456 0.0 5.245905708193551e-07 1.27499323449227e-06 0.0001854516566925131 4.673479649681565e-06 4.354181671724413e-06 9.565586253379784e-08 1.1440433700881126e-06 1.5950027561782147e-07 3.6364753906225067e-06 3.5600989698996e-07 6.678074861748205e-06 1.816838850608817e-07 4.057282303735084e-06 8.344376390058971e-07 7.142306324972262e-05 1.0838994288650559e-07 0.0 8.364145077784842e-07
7.67363824336117e-06 3.442794919092651e-05 1.9465662416406393e-05 2.505210299240086e-06 4.583479770772295e-06 7.44774376328502e-05 1.93311390861402e-05 7.166402920812338e-05 4.408228893795379e-06 4.816046879515335e-05 0.0 1.3778040151354622e-05 0.0008380933545656476 3.457716757383719e-05 2.886081433942206e-06 5.824574220183055e-07 9.687825393187026e-05 0.0009532665631750235 0.00047012662039792587 1.1148119980425933e-05 1.009277001951701e-05 6.588506816503093e-06 1.6336207561336585e-05 1.0432686761327505e-05 0.00035257248352633166 0.0010903318825665098 0.0009187229425449884 1.1616895687361153e-05 6.307869274310293e-05 3.82990147285149e-05 0.00012961674192702469 0.00010614657622645662 2.0439799166221786e-06 0.004998340023954115 9.32515378900124e-06 0.0002985035748244758 0.003267403309708796 0.004807879394383077 0.0009431249622139329 3.8570186264255754e-05 6.673146021466286e-05 0.0004824497443692293 2.5555349129579108e-06 1.098077066400367e-07 1.0977149782347566e-05 3.7852522626686724e-07 2.888880640851507e-07 0.0 0.0 7.059426116607812e-07 5.621999320194534e-07 2.673535543075681e-06 0.0 0.00010690926359844727 2.124175995496379e-07 0.000462397942318751 5.834718778739539e-07 6.538932795302841e-08 2.711945346399162e-07 3.8192148409827367e-07 8.48063930696427e-06 3.3732467798705022e-06 0.0 1.2031934371275849e-07 3.2180002308629048e-06 6.186025116857529e-08 4.038031549391763e-06 0.00011141112923635871 5.479979977041766e-05 0.0001226093658598377 6.23572869396169e-06 5.910794343844324e-07 2.8614444510441007e-07 8.340981708193228e-05 0.0 8.131886630271497e-08 1.6404061353794774e-05 6.174715479765539e-07 4.067951877361451e-06 7.583401102220116e-05 1.0146514814564994e-05 1.1936737213843894e-06 3.2431006703931075e-07 0.0 0.00012521762230548685 4.100931825950964e-07
6.548131608613968e-07 7.757268521823635e-07 1.8939826393217338e-07 0.0028391823088645737 2.4629235134136534e-05 0.0009667624810226113 5.323877349471838e-06 0.0003515030325971036 0.0004365829110899205 0.0007863978760288351 1.3778040151354622e-05 0.0 3.351975103518154e-07 8.525724702649082e-05 0.0003530207092650207 0.0 3.3809890833109634e-07 3.4555288510118643e-06 1.1386585014826507e-06 0.002007097738149319 1.8851179672176402e-07 6.859770132238472e-07 1.7618376904270554e-07 0.0008034933401541548 1.0389307558062791e-07 3.6267382861508605e-06 1.904114228605414e-06 0.0003648050400845087 6.919249554126754e-05 9.92608497821911e-07 3.0323626745958395e-07 4.827962507952366e-05 2.501833014360204e-06 4.7492451500723695e-05 5.906787721684486e-06 3.945159550802424e-05 1.7645051149300497e-06 9.336873090924955e-05 9.729130164168428e-06 0.00047444271385702595 1.8076168538933102e-05 1.360269117974044e-07 4.180500221873804e-07 0.0 0.0 4.905590953165921e-07 3.2223836705175244e-05 0.0 5.183380993249103e-06 2.09196633215402e-05 6.0361863399921505e-06 0.00014612771347860358 9.362449676492443e-05 0.0 0.00012421545711622644 5.753531363148175e-06 1.7188962415814845e-06 0.0 4.682697746908236e-07 6.424796975312348e-08 0.0 0.0 3.3668095733576215e-05 6.976378323512659e-08 0.0 0.0 4.262150286834665e-05 0.0 0.0 2.113197721666162e-07 2.52122453672621e-05 2.5865313174138325e-07 0.0 0.0 0.0 0.0 3.429561995231387e-07 0.0 3.5833598167612427e-06 0.0 6.2396585743471e-07 0.0 0.00020014136933843688 0.0 0.0 0.0
1.799804780491796e-07 0.0002565837620684511 4.130139262681096e-06 1.047862434437818e-06 2.449640891697024e-07 5.538061871471204e-06 1.7501390870978793e-06 1.4463989086600382e-06 1.3143218564791458e-05 4.432046892822021e-06 0.0008380933545656476 3.351975103518154e-07 0.0 7.918453488565228e-07 7.970894502685369e-07 1.112992410104183e-06 2.2195826182935063e-07 9.088400066317809e-06 1.6038433555208237e-06 2.032941178947538e-06 3.5306041650975213e-06 3.223832517820069e-05 4.293797815539157e-06 1.182477566258711e-05 0.0017328524996087654 4.7174749609875e-05 0.0013541260451151416 4.707193697256929e-06 6.37102561564452e-07 1.3359844780437207e-06 0.0005336923480313306 2.3668972297076958e-06 0.0 0.00041427586364082544 5.72683243959884e-05 0.0015666979790360713 0.003200976203047031 0.0027978560658008683 0.0005335533213242451 3.7526778663080425e-05 0.00012606867666357664 0.0005789457359340941 7.524760374346868e-06 0.0 1.60855324064486e-05 1.7790608266694102e-07 0.0 0.0 6.143566918540598e-08 1.0600742818120967e-06 0.0 2.7522768410391787e-06 1.1428374599034419e-06 0.0001445232177330033 0.0 0.0007244736077460508 0.0 1.537116057182292e-07 1.3227994459587836e-07 4.909912109214661e-07 3.799801493917816e-06 2.030091832199341e-06 0.0 0.0 3.7437820509498432e-06 1.293371842554938e-07 2.3330941883754425e-06 0.00032125740735740814 5.192841266768341e-05 0.00011660505139997024 1.984054583106539e-06 0.0 1.6755779706803255e-07 0.00010378989197568265 0.0 0.0 3.6167649812859115e-05 7.775073741253175e-07 7.669271226753094e-05 0.00014783351752537232 2.2535753277774392e-05 2.19776270117579e-05 1.2291738650364545e-05 1.1146994848328695e-05 0.0001786048532458619 3.997341102761952e-06
0.003105622345367312 1.2548195721013565e-06 0.00023235081417674283 1.4946653331965917e-05 1.7016512093257992e-06 0.00041815657953221577 0.00404610475598748 0.0038758798275808945 4.472168448187697e-05 0.0005434909906327346 3.457716757383719e-05 8.525724702649082e-05 7.918453488565228e-07 0.0 1.4281539218375933e-05 2.6161833829410812e-06 0.00023466839668363648 1.9206320412286505e-05 8.177502828273944e-05 5.661787338452621e-05 5.3388776170354244e-05 2.9586831950808877e-06 0.00018934797194894692 0.00013903776554668394 1.4308995372073552e-07 0.00014766161542823994 5.0891061016203806e-05 0.00022434021881860008 0.0026961656146270527 0.0012560214066547313 4.35302824397427e-07 7.480927044614571e-05 7.613178756164969e-05 0.00024026433747792998 1.0311018123992653e-05 0.00013066022112870261 3.711108312364293e-05 0.00019317302967536995 3.689178692115065e-05 5.1228891740870014e-05 1.8905105717787307e-05 2.6258559105508405e-07 2.9576667739326203e-06 3.876361710962432e-06 8.061200071666761e-07 1.5915689670624552e-06 2.0106424174540633e-06 0.0 2.1717868344871943e-06 4.123831275401744e-05 1.0871286509209173e-05 1.620890629170216e-05 8.112549054773253e-06 1.5445813497258306e-07 1.7575398939956437e-06 8.354722619149148e-08 7.457713479625156e-06 0.0 2.717635167055463e-06 1.7986472894784325e-06 5.766844786058488e-08 8.423332560015436e-07 2.279443640303224e-06 3.995846344316591e-06 6.109330526039757e-07 1.6471241531842467e-06 5.6427378101717436e-05 0.0 2.223137575576958e-06 1.1508235529178154e-05 8.687040113822447e-05 1.1498302952722325e-05 1.4414363204893646e-05 4.83803878751663e-08 3.80901339674117e-07 2.1233387974256042e-07 2.367698198396822e-06 0.0 1.0884749447767415e-05 7.77793170792406e-07 3.4148256590033406e-06 6.945345109208916e-07 1.0543418557678412e-05 1.6136308610411448e-06 0.0 0.0
0.0 1.58676388507122e-05 1.1083222114524818e-07 4.0107268389043975e-05 0.0012749210379006672 0.001001408495570677 2.2455476124360393e-06 0.00010220501185302429 0.0002620772886014473 3.283065368457604e-05 2.886081433942206e-06 0.0003530207092650207 7.970894502685369e-07 1.4281539218375933e-05 0.0 0.0 6.136891142917802e-08 3.2927287454327437e-07 9.864192150459598e-08 8.920237503932215e-05 0.0 3.235827461155152e-05 3.040215967315008e-07 0.0006274580189462445 4.231749609423353e-06 5.799640544438531e-07 2.8814537109028073e-05 2.2246998011911354e-05 5.066089294762342e-06 0.0 1.1396808185087736e-07 0.00014588764215125533 3.2703815854988964e-07 3.243800910372394e-05 2.1550455183389794e-07 9.705051096333725e-06 5.985722368784447e-07 1.0793417805314517e-05 1.838351644317582e-06 0.0007403598320539466 3.514818627137873e-05 0.0 0.0 0.0 0.0 2.0748114935617297e-07 1.2732170370223145e-06 0.0 1.1216966164805868e-06 6.4083695586864315e-06 0.0 9.939919900232762e-06 1.1579481188655758e-05 0.0 1.8820347805003767e-05 0.0 0.0 1.6219494969074773e-06 0.0 0.0 0.0 5.7396739936783335e-08 5.122848065057921e-06 8.419045734394713e-08 2.363910183944401e-07 0.0 3.3257379204941316e-06 0.0 2.0012714047061548e-07 4.1253547329239985e-07 4.023556630251487e-06 0.0 7.553436829644088e-07 0.0 1.4157147079359473e-07 0.0 0.0 0.0 1.1781574500736606e-06 6.418674301029898e-08 0.0 0.0 5.748425685504737e-05 0.0 0.0 0.0
9.224815625096007e-07 1.6005299343586726e-06 5.460765158944675e-06 3.1092477412425114e-07 0.0 2.3531723889578105e-07 7.92698146541112e-06 1.0942665132756366e-06 2.5272157254693426e-05 4.2029742965904686e-07 5.824574220183055e-07 0.0 1.112992410104183e-06 2.6161833829410812e-06 0.0 0.0 4.7453519597099765e-06 4.590639460313642e-07 3.827432666459346e-07 1.3640803759505577e-07 0.0006658393226617409 0.0005296660648063421 0.0021546247642565807 0.0008241801059432165 1.8368926716118652e-07 3.4950131511243486e-06 0.002995143381117252 0.0006188942407005573 2.04259783412438e-05 9.0944419417819e-05 1.0572370419298202e-07 1.3234460023531802e-07 6.625796158408941e-06 5.4773759974916195e-05 2.41799366276185e-05 0.0008921211401869951 0.0003810063869693695 0.00043055395285984693 0.0004256625735014875 4.081592744972235e-05 3.7147166377078064e-06 5.64186519454273e-07 5.684492619480395e-06 5.338307630763313e-07 3.792027629702222e-07 3.496896647766618e-06 1.2284230676972455e-07 0.0 2.3109634594008584e-07 8.146862889754115e-06 8.59163594929957e-07 5.265138260776122e-06 8.206400326748796e-07 1.6986007517791532e-07 0.0 0.0 4.856801900519321e-07 0.0 0.001461324406923014 2.0663144431243622e-06 0.0 6.102628007511076e-07 0.0 0.0003996624209830053 0.0006767169746832567 0.0010761961300440456 4.0517353461697376e-05 0.0 1.2216415684531828e-06 0.00041298759746679237 3.8491643137444154e-05 1.468399497118351e-06 8.423298264415383e-05 6.106478032335654e-08 0.0 3.927987775451025e-07 8.359110960011367e-06 1.051887585907176e-06 0.00010823908670584559 4.6393095667341414e-05 3.6648812035659735e-05 5.026636450941079e-05 1.6788772409063858e-06 0.0 3.242022993478707e-07 6.193242467420912e-07
0.00014024702898908102 0.00012592017278062608 0.0033236915270779344 3.1259153298942206e-07 0.0 2.6331183591897807e-06 0.0002072961063797006 0.00015106071321528108 3.0920479231556144e-06 3.95130655283686e-06 9.687825393187026e-05 3.3809890833109634e-07 2.2195826182935063e-07 0.00023466839668363648 6.136891142917802e-08 4.7453519597099765e-06 0.0 0.00012798129166589534 0.002005443329701236 2.809151746031481e-07 0.0003074544874224471 1.0504238359648445e-05 0.0015433788527403109 2.3249686093393918e-05 3.4434561413795586e-06 0.0014375739488631703 0.0022941330272122614 2.6489205503093505e-05 0.00016584897156629493 0.0012765404482602423 5.118462825543542e-08 1.8539121015427333e-06 5.402604658200536e-06 0.0003920894914814474 1.4859402727436397e-06 7.421149164433471e-05 0.0005629183615655548 0.0001479901224688824 3.415637615917146e-05 1.704561720624016e-06 1.1230306977427231e-06 9.274602789329266e-07 4.5041742970030897e-07 3.2098300077587724e-07 2.5318058720309513e-05 3.1398192324349256e-05 0.0 0.0 0.0 9.466192491355343e-07 1.7535390143047443e-07 7.416480728325848e-07 0.0 4.6828012771966036e-07 0.0 2.239084668882229e-06 4.376798375272469e-07 0.0 6.590543908641261e-07 4.4844237853316076e-05 2.6296378881550485e-06 4.6299458740793086e-05 0.0 1.310624395993767e-06 2.030140077230797e-06 2.5374140194380573e-06 1.4878248473945183e-06 5.220834287825875e-06 0.00019441478993606734 0.0002780256503206716 3.2920902823952907e-06 8.963688107024069e-07 2.476101678583749e-06 2.8948659726909415e-06 0.0 2.7245441988642e-07 2.4646566021485584e-06 8.588531906432664e-08 9.838865383021859e-06 2.104986341022561e-05 1.3868948074231235e-05 3.135622834737166e-06 2.747633318954372e-07 0.0 9.065981919517031e-08 6.783448781170757e-08
6.938319378822029e-06 2.309049198051353e-06 6.693539559053969e-05 7.943971776670977e-07 5.356654134900357e-07 1.4164124693246699e-05 1.5266134364077308e-05 2.488613929227154e-05 8.843764127114979e-07 1.6102371128967045e-05 0.0009532665631750235 3.4555288510118643e-06 9.088400066317809e-06 1.9206320412286505e-05 3.2927287454327437e-07 4.590639460313642e-07 0.00012798129166589534 0.0 0.0011690776549871731 3.2878371321050542e-06 5.248575363345129e-06 2.49322196036621e-07 2.4865367314371498e-05 2.776761169625825e-06 9.82102043897507e-06 0.0012540848912023124 0.00029562103420931955 4.519963918127655e-06 2.3952504702443775e-05 3.50099966048088e-05 1.313732732651887e-05 2.392532071275052e-05 8.876376541107693e-07 0.0009663313959234828 2.522258060066446e-06 0.0002730983256525172 0.00048315102920421454 0.0010611847014966082 0.00032669701732712306 8.449323459534088e-06 5.6687463882023525e-06 2.4685556100258736e-06 1.0618800125717617e-06 1.4563992503955288e-07 9.227118500256811e-07 0.0 0.0 0.0 0.0 2.809716829852132e-07 0.0 4.874784535288837e-07 0.0 1.757513603853374e-05 0.0 5.315878593173254e-05 0.0 0.0 0.0 2.013870381556801e-07 1.1616647865620423e-05 5.833020297397945e-06 0.0 0.0 1.8228138791736576e-07 0.0 4.788838267276213e-07 1.1731778471955631e-05 7.687982684485552e-05 0.0001246196137054098 1.7712765472321754e-06 3.3333588899194224e-07 4.1041663493214706e-07 5.5621490251997176e-05 0.0 0.0 3.825447347757736e-07 8.565528363641323e-07 1.0042379510449844e-06 4.218041316105621e-06 1.6719591123634605e-06 5.493852497922615e-07 0.0 0.0 3.062284918103902e-07 0.0
3.771650416896453e-05 7.072383925623446e-05 0.00036807458214177974 1.8996493159624296e-07 1.9651012306076056e-07 5.359477004098633e-06 5.5387876154757134e-05 6.27313882134217e-05 6.787459221968784e-07 7.4214542993311555e-06 0.00047012662039792587 1.1386585014826507e-06 1.6038433555208237e-06 8.177502828273944e-05 9.864192150459598e-08 3.827432666459346e-07 0.002005443329701236 0.0011690776549871731 0.0 1.1583369018413033e-06 2.230787054598398e-05 1.3625398062854857e-06 0.00017191331935126358 4.1445152786776505e-06 5.469159864903146e-06 0.0016887781842651454 0.000574077967903926 9.081751079208957e-06 5.284973324809023e-05 0.00020129016986930197 1.9893901494028706e-06 9.300046197298536e-06 3.08007529003794e-06 0.0015952743922776197 2.752498570825376e-06 0.00017723015503240587 0.0005050299898195262 0.0006573036596642149 0.0001326658569880879 3.632676853147584e-06 8.855661486208414e-07 7.399350093514548e-07 1.027669197898271e-06 0.0 5.781240003046851e-06 2.3376676481930147e-06 0.0 0.0 0.0 4.240480869669665e-07 0.0 1.795091478080468e-07 4.089764403071674e-08 1.4798381345251946e-05 0.0 3.125274751057562e-05 1.0995459775162251e-07 0.0 7.370549683811999e-08 3.2270961026442097e-06 1.9682384823589595e-05 3.3302093749908994e-05 0.0 5.834787605443062e-07 3.775498689542424e-07 4.0452671514701435e-07 5.301552429684839e-07 4.883281345247362e-06 0.00017380874097866987 0.00016372763951091895 1.3732525541566571e-06 5.269534413054577e-07 2.469003336024648e-07 4.421319452108123e-05 5.6080172168362157e-08 0.0 1.8208038409053983e-06 3.6278519768451875e-07 3.520257144085636e-06 1.5053432501949758e-05 5.177599861117403e-06 1.3055897765316722e-06 1.7868228618136097e-07 0.0 1.6381253809553365e-07 0.0
2.354342447063846e-06 0.0 1.3680399015727271e-06 0.0013408035847652623 1.8983077881485147e-06 0.0002551370256850497 2.2430522414240485e-05 0.00013928365686837423 0.0007305491383072286 0.0005595113712835965 1.1148119980425933e-05 0.002007097738149319 2.032941178947538e-06 5.661787338452621e-05 8.920237503932215e-05 1.3640803759505577e-07 2.809151746031481e-07 3.2878371321050542e-06 1.1583369018413033e-06 0.0 3.200940417071055e-07 0.0 5.316104550826293e-07 0.00046314723991579845 0.0 2.8853456184349546e-06 1.5609914435826335e-06 0.0007253043145631068 0.00011021773366607267 1.0754052641738113e-06 1.041152946168861e-07 2.722327611244056e-05 1.1391258016300592e-05 4.3989977112026654e-05 8.203287124954903e-06 0.00013721136468507875 3.893813911595713e-06 0.00013734332477208165 2.9753171515224598e-05 0.00014526369515482508 2.8348274889039517e-05 1.4151825697168728e-06 3.2279303196065607e-06 7.272320875937447e-07 6.222087407171401e-08 0.0 5.6490160701198384e-05 0.0 1.4014162227331962e-05 0.00011741022777644694 2.8848893222677354e-05 0.0001432971336661938 0.00020697946923795542 0.0 9.70894192958883e-05 0.0 3.6700488409980887e-06 1.963625851440091e-07 1.1760087467287418e-06 0.0 0.0 0.0 4.807770790990339e-05 4.5166093750832445e-07 6.985825825117589e-08 4.3986932276709523e-07 0.00014081679549255284 0.0 3.283971749803977e-07 0.0 0.0001141806529298297 4.7547621663632096e-07 2.3248327781815186e-06 0.0 1.9665544276748882e-07 0.0 3.981454647440957e-06 0.0 6.345458854467031e-06 8.184388137259373e-08 4.1016754279973245e-06 9.467266726934569e-07 8.506490561662291e-05 1.7401312822258625e-07 1.1352896748241652e-06 0.0
2.1882540379231713e-05 7.139102064620369e-08 0.0005035783585099938 1.0079897527005045e-06 0.0 4.73719581291057e-06 0.0005184846372477063 3.4775849486211854e-05 1.180556371240754e-05 9.40278142529372e-06 1.009277001951701e-05 1.8851179672176402e-07 3.5306041650975213e-06 5.3388776170354244e-05 0.0 0.0006658393226617409 0.0003074544874224471 5.248575363345129e-06 2.230787054598398e-05 3.200940417071055e-07 0.0 4.706138790786688e-05 0.00928163989043072 0.00037162299903090515 1.447489923857886e-07 5.249012857798345e-05 0.0008803062048730815 0.0013765208389076098 6.912490931469236e-05 0.00595368840684374 0.0 2.1691671450346602e-06 1.269532197530039e-05 0.0014140959522551467 7.953433799466492e-05 0.002958177377200763 0.0010663498238641528 0.0027489492124159695 0.0014118619008582159 9.348864196964006e-05 7.974089782396314e-06 1.9635140121930574e-06 2.0049616309245274e-05 2.334135005687777e-07 1.7773135405611202e-07 3.818096369734846e-06 1.2378272001865826e-07 0.0 0.0 2.9780557022042615e-06 1.7926642173108904e-07 3.5589049800024363e-06 1.287884861657048e-07 0.0 0.0 0.0 5.754282005419992e-07 0.0 0.00027772467668133605 1.3719906124014214e-06 1.0853682155953052e-07 9.642789332566217e-07 0.0 0.0002747727929550735 0.00010411311718046552 0.0001722000295560171 2.946674105370519e-05 0.0 3.1113291436807105e-06 4.4634559154386414e-05 2.98293621992103e-05 1.303755756338386e-06 6.109021821689716e-05 4.812801362115487e-08 0.0 8.049383314447811e-08 4.961744973070211e-06 2.208195426774451e-06 3.826717957531428e-05 1.3547150215039922e-05 9.874079952242459e-06 6.146786511491864e-06 0.0 0.0 0.0 1.966590043420867e-07
8.20854365663542e-07 0.0014031997702316978 3.0883397352407165e-05 1.238488019464119e-07 9.726499105871253e-07 2.3779203569884352e-06 8.29165356790359e-06 5.52088552909487e-06 0.0017219989717282829 5.335182317957307e-07 6.588506816503093e-06 6.859770132238472e-07 3.223832517820069e-05 2.9586831950808877e-06 3.235827461155152e-05 0.0005296660648063421 1.0504238359648445e-05 2.49322196036621e-07 1.3625398062854857e-06 0.0 4.706138790786688e-05 0.0 0.00027541297480262246 0.002230941379130788 0.000257993820204004 9.791285872619708e-06 0.0034667577384095084 7.674191002226466e-05 4.124420232137668e-05 5.0719011683826324e-05 5.074160407413405e-06 2.5415120194122857e-07 1.4825253968743125e-05 3.295566262694928e-05 1.2759611547893462e-05 0.000779158892345248 0.0004834123813087955 0.00013421331857365476 0.00023778236770716232 5.2737824722418464e-05 4.415272469370938e-06 5.612617585407151e-06 4.823532904652144e-06 9.431233625776881e-08 7.800513069374475e-06 0.00010450776953991398 0.0 0.0 3.1853827626682876e-07 1.1336461196796918e-05 6.053931000214966e-07 5.431742658737665e-06 1.0424308922057585e-06 2.9295126925841867e-07 2.546852391139303e-07 2.4452364221675292e-06 1.3717629701526213e-07 0.0 0.0008550424259469077 3.6428345924324148e-06 3.5337909990256254e-07 1.5948670390404837e-06 5.145611974827772e-07 0.000149121988894198 0.0003342306701903423 0.0005897632708443623 3.631083698222548e-05 5.353087750725646e-07 9.955932640116154e-06 0.0011403398277891237 3.0129609331228356e-05 1.5349081297028494e-06 2.9405634811512246e-05 7.265520963477098e-07 0.0 1.847218335614725e-07 4.936386794120072e-06 8.61907263664941e-07 5.734238225652524e-05 3.167004145484008e-05 2.7667463125044097e-05 2.798553765859193e-05 7.397741538821909e-07 2.3965628988743573e-07 3.2780998783706774e-07 1.46004764614829e-07
0.00011221998129049835 7.159138440541783e-05 0.0059675186536999 1.4679448925954112e-06 0.0 4.458327453254009e-06 0.0008268574946000259 0.00011193160162771195 7.975004223930134e-06 1.0912193183635082e-05 1.6336207561336585e-05 1.7618376904270554e-07 4.293797815539157e-06 0.00018934797194894692 3.040215967315008e-07 0.0021546247642565807 0.0015433788527403109 2.4865367314371498e-05 0.00017191331935126358 5.316104550826293e-07 0.00928163989043072 0.00027541297480262246 0.0 0.0005211312542109545 1.5216791397437728e-07 0.0006478699794647296 0.005126312102680641 0.0022046780850590417 0.00010528598529837366 0.004148296913197327 2.882316853738478e-07 1.8910356042625948e-06 7.623726005252102e-06 0.001144787441532591 8.918616424023389e-05 0.003777171032351221 0.003918183789003389 0.004447691029428927 0.0035268833642414146 0.0001976651914529368 1.696723105406683e-05 9.588888392117358e-06 2.9731435030583202e-05 4.780004318417486e-07 2.548758698858365e-05 0.000382743797216895 2.5696358957887226e-07 0.0 1.3368058210955638e-06 3.517878785518147e-05 2.4031822366002635e-06 2.6347697232627726e-06 1.999364706001663e-06 1.4712414802385088e-07 0.0 2.782018227872087e-07 9.818168397205348e-07 0.0 0.0008513689426492579 2.3550796793231814e-05 5.076958872155241e-07 2.2023201637602185e-06 6.981235996153904e-08 0.00012874401391975687 0.00041824199851719424 0.0010643053291569577 2.1498206900624244e-05 7.022308290017896e-07 1.944973207369644e-05 0.001675412848523471 5.4436505731938585e-05 4.794742060202911e-06 2.866704458887765e-05 5.520849026064882e-08 0.0 4.044700409174709e-07 9.087994996290466e-06 4.561513794682716e-06 9.056251943999245e-05 4.469710552901154e-05 5.681796044380748e-05 4.251460661418927e-05 1.3232553772615503e-06 0.0 8.75852839116153e-07 2.2655878380920492e-07
