0.0 1.5491198996481737e-07 2.5971525048285993e-05 3.4942157428792012e-06 0.0 6.109882045300969e-06 0.0013460617511701753 0.0005230306772482639 9.860439017535694e-06 3.85996092507104e-05 2.5116900360399265e-06 2.7559634187073716e-06 2.502027102285679e-07 0.0026732539794893963 2.56524298943068e-07 6.349354861409129e-07 3.622395840184927e-05 1.084001435188208e-06 4.249621868741952e-06 4.785613551756372e-06 4.4704449567616855e-06 2.30247284384854e-06 1.8040264977116187e-05 4.41851087011876e-05 0.0 9.880385486106403e-06 7.673578521942334e-06 3.3051567693788394e-05 0.0006779776849611015 0.001979756814828579 0.0 1.8761192727164058e-06 4.443757810818164e-06 2.6127635308204237e-05 7.943535056982562e-07 2.542150695329201e-05 3.5567808137629943e-06 3.55850330488267e-05 8.939480073038231e-06 2.640078509765822e-06 7.43422551708636e-07 1.045588972827668e-07 8.162833379474301e-07 3.221282334365881e-07 0.0 5.751254385003487e-08 3.850554523137466e-07 0.0 3.0269960101597717e-07 2.005639976769381e-06 6.06443483506476e-07 3.1271395700933696e-07 1.025146863042195e-07 0.0 0.0 0.0 1.042019194586299e-06 0.0 9.92719260769828e-07 0.0 0.0 0.0 5.555312084805688e-07 1.105085690837185e-06 1.1776777297319784e-07 3.425783634857057e-07 3.0225284434310303e-06 0.0 0.0 2.9969349774888225e-07 3.7597926425508515e-06 8.184876247587542e-07 1.9238927354962537e-06 0.0 0.0 0.0 2.814872077342351e-07 3.6380526962547254e-07 8.155908489677397e-07 0.0 3.7310292133203997e-07 1.9106178172640722e-07 7.54535710059989e-07 1.4983992392453435e-07 0.0 7.497746529928602e-08
1.5491198996481737e-07 0.0 0.00024129791483666496 0.0 0.0 6.997980025072478e-08 8.545088369130361e-06 5.454395186037289e-07 0.00016752442272915022 0.0 8.536973967822789e-05 1.4726767931199554e-06 0.0003836255938686117 4.44056983910806e-07 2.365255642587496e-06 0.00017435603452754035 0.0002790347740706813 2.8845882263671597e-06 2.9167460066793212e-05 0.0 1.6789775457347093e-05 0.0011880375777214539 5.365783332598309e-05 0.0003552184041898858 0.0005790559714307429 0.0005652899746304507 0.0059986283985000305 1.5451969015324465e-05 2.1560374008523395e-06 8.888150152476695e-06 1.908144292155494e-05 0.0 4.1048107579927637e-07 4.0785301195931426e-05 0.0 0.0001385668998007592 7.944204177870211e-05 0.0001145209733318673 1.7929857905328938e-05 9.967859274338023e-06 2.5673862744257504e-07 1.8864116505222175e-05 0.0 0.0 7.873744188604421e-05 0.000266667263102988 9.204476126033365e-08 0.0 0.0 3.7457596825843217e-06 0.0 1.3350486841347989e-06 0.0 5.392127270148882e-07 8.30167198559781e-08 3.9170078038425585e-06 5.882376803635223e-08 0.0 1.8143575226344546e-06 1.2184900847086467e-05 1.999285607304453e-06 2.178832556867749e-05 0.0 4.858446274360906e-07 8.0225170623685e-06 1.4641763719459622e-05 6.326828037001771e-07 9.42015581402122e-06 8.299463260965582e-05 0.0008279238745859828 8.270813649509304e-07 6.534000630466495e-08 2.129616553317355e-07 1.42497165272416e-06 0.0 0.0 5.711916318330259e-07 0.0 8.201709477795401e-06 4.612657793629749e-06 6.269962560209364e-06 1.5822445156000418e-06 3.6855760964850846e-07 0.0 0.0 0.0
2.5971525048285993e-05 0.00024129791483666496 0.0 2.281391649368893e-06 0.0 1.0664455200433055e-05 0.0006292716569969108 0.00017432067632792893 4.097057579913881e-06 1.2798663910070891e-05 1.3730043004998924e-05 4.651918159079177e-07 3.131722828614998e-06 0.00012178486906974827 5.333177953354398e-07 3.893682643966268e-06 0.002486758420329201 2.402994057618551e-05 0.00014116072832175128 6.470735647996236e-07 0.0005193118839544048 9.159633875741792e-05 0.004381233128541881 9.132835335304044e-06 3.729018753920268e-07 0.00440248234903758 0.003131100754990393 0.00015793719847948947 5.878259794729683e-05 0.000930777734889376 7.530046705925649e-07 1.2794530153653714e-06 3.941945920077549e-06 0.00034342712810425853 1.075263266694711e-05 0.0008491262851438143 0.0019094237059354147 0.000992773785501626 0.00017024734038179688 5.3014839127910147e-05 5.544198524129223e-06 6.873593578358979e-06 6.301803677422849e-06 3.5986845426600806e-07 0.00010398383722501247 0.00035503488186997256 0.0 0.0 6.963901338848552e-08 9.27215307565113e-06 5.848454849281005e-07 1.1370742048116203e-07 1.2148374683098025e-07 3.0587947374665306e-07 0.0 0.0 6.576569076248948e-07 0.0 4.494755410837203e-06 6.059128312607774e-07 7.652217798971845e-08 4.409177868320307e-07 7.71042141491748e-08 1.7780428125617472e-06 1.4082710008853736e-05 7.950402863259959e-05 8.951142265228263e-07 0.0 2.1076176855774457e-05 0.0006615971423688091 1.0667530054647903e-06 1.3486884675125519e-07 1.8353827472771469e-06 1.0915068626292954e-07 0.0 0.0 9.469374443180278e-07 6.751261152942882e-06 8.278977210863999e-06 2.336768610708972e-06 2.4545593045519546e-06 1.170906172449127e-06 8.09576840716744e-08 4.5593255418015087e-07 0.0 0.0
3.4942157428792012e-06 0.0 2.281391649368893e-06 0.0 4.915933401759302e-07 6.705599076024444e-05 0.00026474849017028124 5.410464195418927e-05 0.0010272855461784963 0.004281501414327131 1.2232196029854758e-06 0.0005023965266024974 1.0786263367074252e-07 4.7609788119790056e-05 9.493652099012973e-06 1.3368735200575438e-07 6.830513363372497e-07 3.3623223877017387e-07 4.7514518757742027e-07 0.0025849724523635373 7.202128737164797e-07 6.719375715828295e-08 8.663205179545991e-07 0.0014406123114589966 6.996762554298848e-08 7.98483437111469e-07 7.784672030340194e-07 0.001416271019256939 9.833186746498254e-05 2.6891131527357762e-05 0.0 2.037967644982413e-06 6.6704275366064625e-06 1.4771909607582614e-05 4.780989914953577e-06 0.0002982199220740002 2.5489262163890254e-06 4.232147561455994e-05 1.585003802323298e-05 7.188247844428996e-05 1.2816663375823986e-05 1.424617011884152e-07 4.384673598495194e-06 1.8671400584205672e-06 0.0 4.588460002247182e-07 6.249527461376278e-05 3.7107812982864397e-07 1.1810588880484952e-05 9.310091231689443e-05 2.8944765053320245e-05 0.00015999674719915696 0.00011767306789252713 5.535574831124e-07 8.353275960696344e-05 0.0 6.851467300669986e-06 1.1781236388982581e-05 1.283795969179177e-06 0.0 0.0 1.241772026704792e-07 7.638819708032012e-05 1.3017422230631168e-06 9.518861189957076e-07 7.882817142319033e-08 0.00023786725560453074 0.0 0.0 7.454055713699713e-07 8.1546416746034e-05 3.349501388404044e-06 2.726174462766495e-06 0.0 3.36442019246676e-07 1.4258379811370156e-07 1.90554574539299e-06 1.1766870187207362e-07 2.0430835160642712e-05 2.5891099646168266e-07 8.203223532146141e-06 5.515526795870308e-07 8.688643694344419e-05 1.3777502237289328e-06 0.0 4.3458435576532157e-07
0.0 0.0 0.0 4.915933401759302e-07 0.0 0.0003891411024490668 1.822151627089583e-06 0.00011034553110023518 4.483931941726548e-05 2.966421090004154e-06 1.1793349156144027e-05 0.00012292738830472518 4.813750519971887e-07 4.291105284512998e-06 0.0008212569345667096 0.0 2.575511667371997e-07 1.6862987689148192e-07 4.340884230106267e-07 1.1889690189843582e-06 0.0 2.5622812935266693e-07 1.6976213054175627e-07 3.281288827446265e-06 0.0 5.482660857473045e-07 6.437754551324168e-08 6.340215492564731e-07 1.3647820988024273e-05 3.132522330243676e-07 1.1899659631194367e-07 0.0001357733505986729 0.0 0.00015029232002931861 1.9794958531110515e-06 7.98885328995099e-06 1.0310488383265027e-06 9.525177562439041e-05 2.9753052622807866e-05 0.001188627530455462 8.905040112857664e-05 5.605425059365474e-07 5.416340035022572e-06 0.0 0.0 0.0 0.0 0.0 0.0 0.0 0.0 1.434863124634405e-07 0.0 0.0 0.0 0.0 0.0 0.0 0.0 0.0 0.0 0.0 0.0 0.0 0.0 0.0 6.661616056897525e-07 0.0 0.0 0.0 0.0 0.0 1.1918301860875637e-07 0.0 0.0 0.0 0.0 0.0 1.7807483206622091e-07 0.0 0.0 0.0 0.0 0.0 0.0 0.0
6.109882045300969e-06 6.997980025072478e-08 1.0664455200433055e-05 6.705599076024444e-05 0.0003891411024490668 0.0 0.0003855653906003309 0.002389427769038937 5.140602472664433e-05 0.003608473528574467 5.9457193013268024e-05 0.003270751493754049 3.6457792159218403e-06 0.0003703313333318999 0.0013269648304692066 2.8124421502819946e-07 8.597104186953623e-06 3.4564386480786488e-06 5.618775457287141e-06 0.00022630727775344733 1.3569582835123997e-06 1.576346056287365e-07 5.6465453971307585e-06 9.977451225697838e-05 0.0 9.144316813549215e-06 3.8928609911332375e-06 0.00012076944284495989 0.00024711861000830814 3.2605120397263763e-05 5.84960643202905e-07 0.0009541908980895452 8.605417707705307e-07 0.0008895646775295095 5.118194987506105e-06 9.599965905781703e-05 7.7917651095263e-06 0.0002600090740688867 7.316206347476925e-05 0.000946742579059647 0.000636472956886037 4.150199491148567e-06 1.7256709626699e-05 3.4938393123443606e-06 0.0 8.533684131475894e-08 1.280501215719716e-05 0.0 3.2233705999441894e-06 5.153353927442663e-05 1.8529401131247723e-05 6.35864719542726e-06 1.7846520981330225e-05 3.0659553664558565e-07 1.5738784412763745e-05 0.0 5.690465894352197e-06 0.0 1.5076698710306224e-06 5.3659610361017896e-08 1.25968931318067e-07 0.0 1.1465969113550286e-05 5.357109883638333e-07 1.9723290084902854e-07 0.0 3.452028691390543e-05 0.0 1.0334744680881994e-07 5.989025552473552e-07 4.2720667494363585e-05 6.265344923298457e-06 6.269921616340723e-06 0.0 1.80918404151196e-06 1.2503408518940194e-07 1.1239901490294805e-06 4.042298706561771e-07 9.408684965322126e-06 0.0 6.4254564055788774e-06 6.544768308162636e-07 2.255059638717112e-05 1.6834397766995382e-06 0.0 4.391490315314165e-07
0.0013460617511701753 8.545088369130361e-06 0.0006292716569969108 0.00026474849017028124 1.822151627089583e-06 0.0003855653906003309 0.0 0.0024244597320594243 0.00036257128114947713 0.005613378977089598 9.16129200329821e-06 0.00010118613187624182 6.039607148326808e-07 0.0042077845166604766 2.9935227713352586e-05 3.390814218327613e-06 9.612220748225645e-05 1.9739710721962183e-06 7.188583549750147e-06 0.00012190440652803447 0.0003068938997416512 2.611189236738824e-05 0.0005402524485774063 0.0024662702086426652 2.0847705392452106e-07 8.498166932980261e-05 0.0001810454616226663 0.010178035279654784 0.00048277557343159194 0.0022528438404135057 1.8299793869149477e-07 1.1249184139356251e-05 2.5299674629651692e-05 7.354269035965152e-05 2.0969942262738716e-05 0.0006125678003470684 6.667757332243037e-05 0.00020839783940437444 8.767155083429098e-05 0.00012841222752527843 3.828307901261284e-05 8.034847522400316e-07 1.756168567066052e-05 5.969202411126655e-06 1.7108949321278268e-06 2.962322761520026e-06 2.153138833256877e-05 0.0 9.693393916752672e-06 0.00014157772575826568 4.590036335067556e-05 5.282770698966077e-05 5.048501529617611e-05 1.1665197616924293e-06 2.4160479116125394e-05 2.6520480725106023e-07 1.7504935847760804e-05 2.680733643085689e-06 1.188405077542583e-05 0.0 0.0 0.0 2.6254466439729668e-05 3.197288233190549e-06 2.9608458202031666e-06 2.306222550626182e-05 0.0001141929226366351 7.854506865273033e-08 3.572605158359987e-07 3.1997766559898666e-05 0.00012041414454741077 1.620683879808196e-05 1.3195830138328322e-05 0.0 8.144842041854624e-07 9.64098633630933e-07 4.454345585050466e-06 2.7735243850732087e-06 3.497163316005622e-05 1.1651080728440924e-06 1.541392680285212e-05 3.860154105263574e-06 3.127260769075652e-05 6.004063229029859e-06 0.0 1.2820812478903403e-06
0.0005230306772482639 5.454395186037289e-07 0.00017432067632792893 5.410464195418927e-05 0.00011034553110023518 0.002389427769038937 0.0024244597320594243 0.0 0.00010438671195390635 0.0011756150816891492 0.0001435484645271891 0.0006044833359053097 7.1213879704672635e-06 0.004338379366063847 0.0003809359115821078 2.6534658487128073e-06 0.00021579635086528787 1.2709577136326575e-05 3.940141063386634e-05 0.00020129292636444882 1.7556793578053656e-05 8.154016389660572e-06 8.949080316668457e-05 0.00031236144002318704 8.168599689564689e-07 7.416362183574158e-05 5.296237725689988e-05 0.00025131928250251456 0.0007888690349258749 0.0016415325678097652 8.515320963821567e-07 0.0008470106652654035 1.5111075892609242e-05 0.000371080200214078 1.8153507117351543e-05 0.0002487826617320308 4.03618668141806e-05 0.000598137054055583 0.00015874982742555987 0.0007089993618527081 0.00014757695480035077 3.044319867095486e-06 2.252187503881506e-05 4.075161003625231e-06 8.279787248745974e-08 1.5516843432350993e-07 9.816284372929885e-06 2.3022708183343414e-07 3.962740839832231e-06 5.277601673448428e-05 2.1179615178496792e-05 8.916938234324155e-06 1.6041089828462768e-05 2.60243917050053e-07 1.0739010836598634e-05 0.0 1.0281820835688798e-05 8.565627579206992e-08 7.338569902523044e-06 0.0 2.876824663635749e-07 0.0 6.293983742529372e-06 5.757595629340487e-06 4.78370254829008e-07 1.5254493582402502e-06 4.564834935238509e-05 0.0 2.328822613947076e-07 9.83702770177745e-07 6.056193210102124e-05 1.2711709258257493e-05 1.1737974174360117e-05 0.0 5.098121314230423e-07 8.014523165595083e-07 2.8634482486901735e-06 2.726194666484074e-07 1.7650387203533114e-05 5.190361926189106e-07 9.329738863079338e-06 2.565653075335757e-06 1.6227487373534863e-05 3.4802544084442008e-06 0.0 1.3382543464882327e-06
9.860439017535694e-06 0.00016752442272915022 4.097057579913881e-06 0.0010272855461784963 4.483931941726548e-05 5.140602472664433e-05 0.00036257128114947713 0.00010438671195390635 0.0 0.00010309101064823036 1.0595038270506379e-05 0.00014236402536244085 1.764627249633537e-05 7.963238958495545e-05 0.0004916183873747477 0.00018325651051039467 5.120542551619081e-06 8.143032278546585e-08 2.3831183003101267e-06 0.0003703532588143732 9.713712009530843e-05 0.0007329157415976078 8.597392200714308e-05 0.002813230073967692 0.00012670383418655808 1.65588187472615e-05 0.00017987551768360748 0.0009731574894917011 0.00015330690247890316 0.00021265837651666665 3.281847843612358e-06 3.343598427714752e-06 1.3542147189548236e-05 2.3033450596188686e-05 1.4262108064890053e-05 0.00036638298160888196 3.386175873918116e-05 8.064730515713783e-05 3.104189050113632e-05 0.00033523875805956783 2.8396324119411588e-05 7.093274401247029e-07 1.0512676174423175e-05 3.8824102975212436e-05 1.3181528194870437e-06 1.5010848526605584e-06 6.15566243320708e-05 7.568872245391013e-07 2.1022027831491716e-05 0.00031703770108765207 8.916889687093978e-05 6.96365416837523e-05 9.281528778429421e-05 2.1025060330784636e-06 8.005313883724739e-05 6.075079103905901e-07 5.2837824136804843e-05 4.07373891554737e-06 0.000459209834280997 2.15094520689486e-07 4.161134553583685e-07 2.4740445744359743e-07 6.219679966548529e-05 0.0001164005853404815 2.9261557024310947e-05 7.271952910482172e-05 0.0006851186189088137 7.444942933297497e-07 1.3897411388586408e-06 3.380335449128222e-05 0.0004740745822128001 0.00010364176734216035 0.00013261751390136137 2.6777443441805164e-07 2.3336561478423476e-06 1.625339114583898e-05 1.9323678335113873e-05 7.218537147039202e-06 0.00015214260211745235 3.1513801012305854e-06 4.9121693949477884e-05 1.3263886215225338e-05 9.383588477596826e-05 1.0528533877019668e-05 4.7098202061147925e-07 4.252547197954319e-06
3.85996092507104e-05 0.0 1.2798663910070891e-05 0.004281501414327131 2.966421090004154e-06 0.003608473528574467 0.005613378977089598 0.0011756150816891492 0.00010309101064823036 0.0 1.7124026822189866e-05 0.003953843870824085 1.613292813280187e-06 0.00025603766244651873 8.249819776488273e-05 9.230415600318065e-08 3.1001833736043132e-06 2.433064021323906e-06 3.3899885509896605e-06 0.004142621498041286 1.9393011021660576e-06 6.286347367010533e-08 5.049879466304453e-06 0.00032085052281256697 0.0 5.5723628271291574e-06 2.779506312269624e-06 0.003843815843195139 0.00033115672540425347 1.4162111097067178e-05 2.5109067673548974e-07 1.662624198133437e-05 7.458756439492441e-06 6.539082209746437e-05 1.0154051610279811e-05 0.0003810442993666657 7.765697066129725e-06 0.00018541293534449907 4.3776689608641386e-05 0.00017715826288518946 5.8480245150527376e-05 9.925486632607528e-07 1.487418649350706e-05 5.124486256067238e-06 0.0 3.977029328722053e-07 4.364940730157227e-05 1.6754456117093808e-07 1.5558960860021325e-05 0.00016017615070699007 4.93289854154362e-05 4.0651217722783535e-05 0.0001260225252036648 8.601057144879355e-07 5.9913007202234076e-05 0.0 1.591181837356286e-05 7.929196808056426e-06 7.076150546538356e-06 0.0 2.9545857114304145e-07 0.0 4.510878414775652e-05 1.5782951698541192e-06 1.6927567283498829e-07 5.250934537348428e-07 0.00014180665939984884 0.0 0.0 1.449891611851924e-06 9.549627168526113e-05 1.1271134927496042e-05 1.0821454963273683e-05 0.0 1.943798233959731e-06 3.1069204592051077e-07 3.6602684650425386e-06 1.3683051810922124e-06 2.9085818173476035e-05 2.2664224263896084e-07 1.3420572913736268e-05 2.27559157895389e-06 8.640583678127427e-05 5.7336501249571216e-06 2.7978365592343506e-06 1.4450561887778658e-06
2.5116900360399265e-06 8.536973967822789e-05 1.3730043004998924e-05 1.2232196029854758e-06 1.1793349156144027e-05 5.9457193013268024e-05 9.16129200329821e-06 0.0001435484645271891 1.0595038270506379e-05 1.7124026822189866e-05 0.0 2.5289296775835065e-05 0.0013684795155718518 0.00015549541083984724 9.52067090661873e-06 1.180685862117029e-06 0.0003038747896272955 0.001881624766392773 0.0014900282819484384 1.095511746441528e-05 1.371301231479227e-05 3.731174734313401e-05 5.2307663462423454e-05 1.338712360684204e-05 0.00014720245246983255 0.001204581963244824 0.0003374917122913245 4.616367464394111e-06 0.0002821184761027807 2.7681277537442777e-05 0.0003027274487707451 0.0001198032961345309 4.5377303157679266e-06 0.0031848213458677563 3.0263721613426634e-06 0.0004101717173211629 0.003869394566822815 0.004361868926584197 0.0006741000915957338 7.959468412443264e-05 2.8565235466449888e-05 0.0003561822947456334 8.708336214721376e-06 6.22248274519947e-07 3.512038045643861e-06 2.2522183091573256e-07 6.730566767819804e-08 0.0 2.7573525307030473e-07 2.929682343840421e-06 7.057739706273662e-07 3.317858465869997e-07 5.265841732290885e-07 1.8432831664346547e-05 2.2485803572172732e-07 0.00012413414738798805 7.521825979420262e-08 0.0 5.0960982603050463e-08 3.4594961469210985e-07 3.5175531007864224e-06 3.6590059630103615e-06 3.4275210962609176e-07 1.0121198966103642e-07 5.747680688465376e-08 0.0 1.4932388482659851e-06 4.2442733802773066e-05 6.0398839864871185e-05 8.593637309481985e-05 2.7687023116128303e-06 5.8089308967444475e-08 1.973793646821837e-07 5.5697158095199386e-05 1.0093996540815259e-07 0.0 7.16157859320676e-07 4.502793732466099e-07 1.668011013312716e-05 0.0001150542321545044 5.4439457300123245e-06 1.0629488174531082e-06 1.8349046625973472e-07 6.201942473917475e-08 4.446214685497904e-05 0.0
2.7559634187073716e-06 1.4726767931199554e-06 4.651918159079177e-07 0.0005023965266024974 0.00012292738830472518 0.003270751493754049 0.00010118613187624182 0.0006044833359053097 0.00014236402536244085 0.003953843870824085 2.5289296775835065e-05 0.0 1.2179579893402635e-06 0.00022484961676555765 0.0008168307363520192 9.94982421155871e-08 1.0559006849789692e-06 2.5139303076255776e-06 4.720874380106251e-06 0.0013551575422108848 1.875555825143282e-07 8.454135483239132e-06 6.894698737421383e-07 0.00025240097788013056 1.3315528462520528e-06 4.020286642558189e-06 2.057410204265777e-06 0.00010466243370867765 0.0002938387868111642 6.081046334574131e-06 2.1405263858863935e-07 3.670816349031528e-05 2.628170735995123e-06 9.50253229381026e-05 1.1272809183041732e-05 0.0006904159628314806 4.8392836663012915e-06 0.0002365838192061319 3.9519196782601714e-05 0.0010214687197447226 9.173791863776127e-05 6.78025088713342e-07 2.3786378854163968e-05 9.065950342261408e-08 0.0 0.0 3.159880486836706e-05 0.0 8.802506675287826e-06 2.5978973135652427e-05 5.483003137019758e-06 9.60945969156344e-05 9.466369564380917e-05 0.0 9.01467721542869e-05 0.0 1.9593093888648463e-06 2.1367156837063767e-05 6.755622876097781e-07 0.0 0.0 0.0 2.5503596290441692e-05 0.0 1.231202771089239e-07 3.184058602772059e-07 0.00013069650079036162 1.0755937965989146e-07 5.6814906275070945e-08 0.0 2.9519518364415204e-05 9.639190042146336e-07 7.836731675362067e-07 0.0 7.063612661672718e-08 5.782084150178245e-08 1.1542431082712378e-07 8.595086523601665e-08 1.7788428243853122e-05 1.6502166785572172e-07 2.543006556292187e-06 1.6749825996442837e-06 0.00010233149321452554 8.754950698384994e-08 0.0 0.0
2.502027102285679e-07 0.0003836255938686117 3.131722828614998e-06 1.0786263367074252e-07 4.813750519971887e-07 3.6457792159218403e-06 6.039607148326808e-07 7.1213879704672635e-06 1.764627249633537e-05 1.613292813280187e-06 0.0013684795155718518 1.2179579893402635e-06 0.0 5.698082217754222e-06 7.242382501623679e-07 4.1165342394574244e-05 2.7941908581627933e-06 0.00010135405752675578 1.382868025388249e-05 8.545434123833116e-07 8.319220165022045e-06 0.00013328017566924044 3.107633625946314e-05 3.3800811767420544e-05 0.00123788147191117 0.0002783710973473298 0.0013734759479604084 3.119192512126105e-06 8.757016427926235e-06 8.097845151087473e-06 0.000604551031758377 7.172052089614864e-06 1.2960276788038019e-06 0.0002008761385830488 1.9583973050082412e-05 0.0012604515550200942 0.003515936732669956 0.0016277015205227324 0.00035357981202489727 8.16121004487695e-05 3.315147102481456e-05 0.0003985539960499233 8.737419632355016e-06 0.0 1.8189458166338617e-05 1.4028767330707052e-06 0.0 0.0 5.9041006104422726e-08 1.4362927198656243e-07 3.672380357584178e-07 0.0 0.0 8.696748653839617e-05 0.0 0.0005993450766437755 5.4449281263045864e-08 0.0 0.0 1.0321857216309638e-06 7.406565945516395e-06 1.2360028816800632e-05 0.0 1.5937270258965845e-07 1.4530332345429682e-07 4.226153469464201e-07 2.1941333499657304e-07 0.00036260829389944996 0.00022533993133577306 0.00034170649263044544 0.0 5.939865563657262e-08 6.968942647425565e-08 0.00020987050546882475 1.0581669969117227e-07 6.218643863935378e-07 8.363276298283409e-07 0.0 5.831793842208905e-05 0.0005386482918560616 3.6829879028887944e-05 4.658322912475882e-06 1.2507718435448425e-05 7.73920230739011e-06 0.000295473956125293 1.7024476907535986e-06
0.0026732539794893963 4.44056983910806e-07 0.00012178486906974827 4.7609788119790056e-05 4.291105284512998e-06 0.0003703313333318999 0.0042077845166604766 0.004338379366063847 7.963238958495545e-05 0.00025603766244651873 0.00015549541083984724 0.00022484961676555765 5.698082217754222e-06 0.0 2.8289403690337502e-05 2.8510475537723207e-06 0.00015927782165501363 1.6936299114497197e-05 4.190834827740604e-05 0.00015249892296217377 1.999142294143388e-05 6.164774333158689e-06 6.905055663626772e-05 0.00027320535413788313 4.009657020683443e-07 5.851777897857435e-05 4.334589736821899e-05 0.00020858194052435377 0.003532198538401781 0.002790659354610757 1.0345157671091734e-06 4.314279256443007e-05 1.606191897500596e-05 0.0005232916153714639 9.008493628309158e-06 0.00020366547780851713 3.228617335431837e-05 0.0006329256843878231 0.00010356874224109807 0.00024067346990201853 6.205689285120469e-05 2.1525643730542027e-06 1.1323152340042753e-05 4.286813883706114e-06 2.535434663576441e-07 0.0 4.580528401727337e-06 6.284902495086658e-08 2.694987450384699e-06 3.839320263469709e-05 1.5053058092557354e-05 5.7079257604989535e-06 9.23494650701335e-06 5.122640697485828e-07 4.629665737890583e-06 0.0 6.8313853476601155e-06 2.434446395831657e-07 7.851914066511916e-06 4.802906750352395e-08 0.0 0.0 5.414506587010113e-06 4.314471837229433e-06 5.24763506327432e-07 1.583010286058099e-06 3.0181185068591797e-05 0.0 5.353259807240691e-08 1.3505226968520408e-06 4.460262648984172e-05 7.4526649195186045e-06 8.960800117441419e-06 0.0 4.526743796534066e-08 1.4707607110279754e-06 1.987913468196962e-06 3.3471081545600593e-06 1.482730093601075e-05 5.855148023136606e-07 7.76659927144713e-06 1.0698486756310889e-06 2.1287561944762324e-05 2.814120265816439e-06 0.0 6.914796626004168e-07
2.56524298943068e-07 2.365255642587496e-06 5.333177953354398e-07 9.493652099012973e-06 0.0008212569345667096 0.0013269648304692066 2.9935227713352586e-05 0.0003809359115821078 0.0004916183873747477 8.249819776488273e-05 9.52067090661873e-06 0.0008168307363520192 7.242382501623679e-07 2.8289403690337502e-05 0.0 0.0 5.093428862341083e-07 1.2454780240659567e-07 8.519610915674968e-08 8.511451231801426e-06 5.121279147675721e-07 1.786648447583321e-05 3.55249622041362e-07 0.00018215810159137632 1.7173063501274732e-06 6.674526698894807e-07 2.2420501891708077e-06 2.795678651179159e-05 2.3366549509494395e-05 4.832419244802558e-06 1.4274150955759587e-07 9.75302447783151e-05 7.737150962429325e-08 0.0001201142324588485 2.008278872659057e-05 0.00013969683956852944 1.45623099616413e-06 1.6284184025381002e-05 3.2413027666184123e-06 0.0009442571130292085 0.00018280818790655361 0.0 2.435386192308439e-06 0.0 0.0 0.0 8.862808171798872e-07 0.0 0.0 4.437569135160584e-07 8.876771710275785e-07 4.935191410432244e-06 6.259642425469306e-07 0.0 7.4062395840502e-06 0.0 1.360540265615498e-07 0.0 8.474404733165626e-08 0.0 0.0 0.0 3.0683721275726937e-06 6.897957920676307e-08 0.0 0.0 5.742796461605995e-06 0.0 0.0 7.962451858975762e-08 1.6945243291523498e-06 0.0 2.953887298359221e-07 0.0 0.0 0.0 0.0 0.0 9.787656054967468e-07 0.0 0.0 0.0 1.066331512185089e-05 0.0 0.0 0.0
6.349354861409129e-07 0.00017435603452754035 3.893682643966268e-06 1.3368735200575438e-07 0.0 2.8124421502819946e-07 3.390814218327613e-06 2.6534658487128073e-06 0.00018325651051039467 9.230415600318065e-08 1.180685862117029e-06 9.94982421155871e-08 4.1165342394574244e-05 2.8510475537723207e-06 0.0 0.0 6.9599620978768175e-06 2.633714933469708e-07 1.770673866626398e-06 1.72333909273477e-07 0.0006062231553424828 0.0032011444726491494 0.002574587830316095 0.0010981612131844586 3.477725953130082e-05 9.2018469547498e-06 0.002686995689712734 0.0008892887667868902 1.74204045604438e-05 7.47278986300747e-05 1.5285997970989653e-06 7.03281146741171e-08 4.435702947213287e-06 3.809977054307368e-05 2.6341503518629234e-05 0.0013478748324242619 0.0003446946235624938 0.00017794783086195836 0.0001782007159378472 7.619605469415854e-05 1.4567895866819165e-06 9.85540397706731e-06 1.2940061303906561e-05 5.646702706249541e-06 1.1792293402573017e-06 2.36173553692046e-06 1.2310867965026126e-07 0.0 1.2754922354231503e-07 1.171535957019336e-05 4.400516097284015e-06 2.3866029430593223e-06 8.951964641080335e-08 2.462258046293948e-06 0.0 1.449326100176052e-06 4.782603868378861e-06 0.0 0.0008722172647383671 5.331450287692394e-08 0.0 1.1991742520047558e-07 1.8468668960281313e-07 0.00011376120457907586 0.00022193299962361177 0.0006109313840379166 5.410250440378474e-05 1.6592375655715383e-07 2.747152656186677e-07 0.000236984206239327 6.095799612173423e-05 2.2213683367665094e-05 4.8101889888122344e-05 7.258447051804917e-08 3.0670252597137745e-07 7.578359561318483e-06 3.897758692968469e-06 3.6531528439885643e-06 6.423623970376156e-05 5.720950907721582e-06 1.8737243281160754e-05 1.1311972191644856e-05 3.0360404710933343e-06 2.082026337964415e-06 1.708912572512907e-05 4.524601141265257e-06
3.622395840184927e-05 0.0002790347740706813 0.002486758420329201 6.830513363372497e-07 2.575511667371997e-07 8.597104186953623e-06 9.612220748225645e-05 0.00021579635086528787 5.120542551619081e-06 3.1001833736043132e-06 0.0003038747896272955 1.0559006849789692e-06 2.7941908581627933e-06 0.00015927782165501363 5.093428862341083e-07 6.9599620978768175e-06 0.0 0.0002031929532034567 0.0012635439356479998 6.788101532843778e-07 0.0006694732922493421 0.0001313545235281293 0.0039512706490804645 1.8084091091198676e-05 1.5999802659884387e-07 0.0010679125022801435 0.0030809394467884166 2.2727710612639913e-05 0.0003120902905096433 0.0012280782424400286 2.2423947485598226e-06 2.4301078646786834e-06 3.455206844035595e-05 0.0013719133256393393 6.584275083166152e-06 0.0004762306130044421 0.0005540181897788056 0.0012587418251835904 0.0001175688164532611 1.626354484334485e-05 3.632003079315921e-06 2.6985522607855544e-06 2.3850276886451715e-06 4.6742525671286335e-07 4.219418726678335e-05 0.00011362503297445799 1.0062257171039508e-07 0.0 6.189022007024342e-08 8.07224996797504e-07 1.4872604895183903e-07 5.198468427347485e-08 2.1244260929089753e-07 3.631084775163236e-07 7.483806256338594e-08 0.0 1.6759723660661323e-07 0.0 6.534765106487236e-07 8.840391491179409e-07 2.548502299829374e-07 1.552131996976357e-06 0.0 1.975397466318938e-07 1.4779741495613472e-06 1.3809304754615257e-06 4.0565375170464627e-07 5.425365796584627e-07 2.8984138250555778e-05 0.0002135986429616566 1.9345130280930407e-06 1.0615124759877657e-07 3.523151355595981e-07 0.0 0.0 0.0 1.8116679384453085e-07 5.655061016281627e-07 5.783976046117117e-06 8.232445069739968e-07 1.1911558367227046e-06 3.7678305327006415e-07 3.077564020252e-07 1.242354873345271e-07 0.0 0.0
1.084001435188208e-06 2.8845882263671597e-06 2.402994057618551e-05 3.3623223877017387e-07 1.6862987689148192e-07 3.4564386480786488e-06 1.9739710721962183e-06 1.2709577136326575e-05 8.143032278546585e-08 2.433064021323906e-06 0.001881624766392773 2.5139303076255776e-06 0.00010135405752675578 1.6936299114497197e-05 1.2454780240659567e-07 2.633714933469708e-07 0.0002031929532034567 0.0 0.001303457823461477 1.6058248195669093e-06 6.879266356607033e-06 1.0922481903791004e-06 4.563071439901424e-05 4.2968102720932046e-07 1.6137940229077275e-06 0.0012178767963309856 0.00022600584004222975 7.459732521029685e-07 2.6431545094410844e-05 1.8709469332643014e-05 1.8930642076169847e-05 6.157652327380112e-06 7.296549105764572e-07 0.0004356670641655001 9.173530677811915e-07 0.0002468508851327639 0.00041704467160491896 0.0009489294106548867 0.00018671010222726518 7.4103103270255625e-06 1.9911825638097174e-06 1.5559054572618425e-05 2.1415980866919167e-06 0.0 1.479068503019914e-06 5.131131098432214e-07 0.0 0.0 0.0 2.889435573424609e-07 0.0 0.0 0.0 4.583227385164026e-07 0.0 3.137114643995724e-06 2.434635080478374e-07 0.0 0.0 8.699415197627607e-07 3.0474802474660264e-07 3.3061832943220063e-06 0.0 8.476132398827631e-08 0.0 2.469882142150672e-07 1.9821456246065088e-07 1.0877042780872635e-06 1.7831574107802445e-05 1.8412169791757164e-05 6.74698688010725e-08 1.6010127255185466e-07 9.068110070108882e-08 2.632727831722876e-06 0.0 0.0 1.3228214700559904e-07 4.083760816594279e-07 3.2087045376829763e-06 6.877728652536667e-06 6.99093257188639e-07 0.0 0.0 0.0 9.405442767183885e-08 0.0
4.249621868741952e-06 2.9167460066793212e-05 0.00014116072832175128 4.7514518757742027e-07 4.340884230106267e-07 5.618775457287141e-06 7.188583549750147e-06 3.940141063386634e-05 2.3831183003101267e-06 3.3899885509896605e-06 0.0014900282819484384 4.720874380106251e-06 1.382868025388249e-05 4.190834827740604e-05 8.519610915674968e-08 1.770673866626398e-06 0.0012635439356479998 0.001303457823461477 0.0 2.2876412014805546e-06 4.7173956736932365e-05 4.370274522676767e-06 0.0004298409056229143 3.096642210007684e-06 4.582107475314651e-06 0.0018915830918651403 0.0007640881409074413 2.9885202982100693e-06 8.032218032463602e-05 0.00013251514908407672 5.5686804561644235e-06 1.1835649350200368e-05 8.391669442640878e-06 0.0018423792310288893 3.6877966337324536e-06 0.0007584747745684301 0.0007634985585690915 0.0020929261183239146 0.0003045699504626315 1.99471196260376e-05 3.939745341654214e-06 1.1665269808043297e-05 3.819682362225184e-06 7.072109884653612e-08 1.4622050727731421e-05 1.3378007849817074e-05 0.0 0.0 6.14412835532662e-08 2.870603726168827e-07 7.654314554193096e-08 6.994594663333162e-08 0.0 1.200897177227397e-06 0.0 1.763278571311614e-06 0.0 0.0 7.240445626903448e-08 9.46917809103324e-06 1.945183975753744e-06 2.289437910796412e-05 0.0 4.2159474143011835e-07 7.084637355712727e-07 1.7403091193114992e-06 3.8273926664410475e-07 3.3837708292082355e-06 5.857911439814598e-05 9.535448014109325e-05 5.086699566687385e-07 1.1303513521905128e-07 3.0746340438930496e-07 1.5369754071108663e-06 0.0 0.0 8.494498423573331e-07 9.971113623860802e-08 7.245136265414383e-06 1.6493767864026974e-05 1.5746473405410276e-06 6.509563578089075e-07 1.278264780216545e-07 0.0 1.5814861385947673e-07 0.0
4.785613551756372e-06 0.0 6.470735647996236e-07 0.0025849724523635373 1.1889690189843582e-06 0.00022630727775344733 0.00012190440652803447 0.00020129292636444882 0.0003703532588143732 0.004142621498041286 1.095511746441528e-05 0.0013551575422108848 8.545434123833116e-07 0.00015249892296217377 8.511451231801426e-06 1.72333909273477e-07 6.788101532843778e-07 1.6058248195669093e-06 2.2876412014805546e-06 0.0 6.675009226643235e-07 1.6879045708834861e-07 7.911309223669248e-07 0.0002930992409301262 0.0 1.63451699352155e-06 1.2417323277116773e-06 0.0009132755699771078 0.0002643917210712463 8.615929159697706e-06 0.0 1.0926475872639566e-05 8.640116709282318e-06 5.256790188977651e-05 1.4534450766846213e-05 0.0006631595786815686 7.34394900967795e-06 0.00016042270099323619 3.9823452393480656e-05 0.00025041312506098647 6.078992053806187e-05 1.5481016672669528e-07 2.152615878831654e-05 2.669600826196437e-06 3.5490988472289306e-07 1.4947028627020733e-07 6.0389246614992486e-05 0.0 2.066430299457631e-05 0.00011986640199741937 3.248251962099798e-05 0.00011989178712017692 0.00010112973470004898 6.501754680897584e-07 0.00011169926439812719 1.5884380832977516e-07 7.905839036522875e-06 9.773563550884365e-06 2.933676642129108e-07 6.704212723745803e-08 0.0 0.0 6.547212246049247e-05 1.2668117037919632e-06 9.094736878947205e-07 5.079605263033548e-07 0.00023397781306200413 0.0 5.244261771288363e-08 2.6324164729017984e-07 0.00010098094542774657 8.653647596663095e-06 2.4234825059276456e-06 0.0 2.5249826070152455e-07 5.847095340250451e-07 3.6770813282704538e-06 1.4657832438661946e-06 2.3343197218911646e-05 3.8092308945746606e-07 1.0033180132299673e-05 1.725995802880709e-06 0.00010015508075807307 3.6912725302835614e-06 0.0 1.761319399617061e-07
4.4704449567616855e-06 1.6789775457347093e-05 0.0005193118839544048 7.202128737164797e-07 0.0 1.3569582835123997e-06 0.0003068938997416512 1.7556793578053656e-05 9.713712009530843e-05 1.9393011021660576e-06 1.371301231479227e-05 1.875555825143282e-07 8.319220165022045e-06 1.999142294143388e-05 5.121279147675721e-07 0.0006062231553424828 0.0006694732922493421 6.879266356607033e-06 4.7173956736932365e-05 6.675009226643235e-07 0.0 0.00019403420723882925 0.0045917066099677726 0.00027512417179573163 4.639736191998469e-06 4.2698715417617275e-05 0.0001885297504592305 0.002666138851802626 0.00015238265888805277 0.00405664906177705 1.4466950397137017e-07 5.206569330939088e-07 6.91680356535111e-05 0.0017487123993729149 0.00016977175709132646 0.004187331888790478 0.00046660806267412476 0.0021400635198361574 0.0014549933294803607 0.00020117692544302046 1.0498727656083771e-05 4.2113924876305555e-06 4.4567515679358605e-05 4.480367314412774e-06 3.5806056264435654e-07 1.006635260744747e-06 0.0 0.0 2.61931723371978e-07 7.795312427530982e-06 1.5894201005880957e-06 1.761923190486558e-06 6.721134751187435e-07 1.1137810968359176e-07 4.970640112786024e-07 0.0 3.112605190590545e-06 0.0 0.00018015594358976572 0.0 5.457965792252076e-08 1.9380200057167493e-07 0.0 5.702967149557168e-05 3.909549169144312e-05 4.475893362959429e-05 3.83215521560957e-05 0.0 4.5958841833388464e-07 1.4241869024331748e-05 3.607559199073195e-05 1.3937302996305731e-05 2.9930219115556418e-05 0.0 0.0 6.6585985660805225e-06 3.3274105094941057e-06 2.0193539500639415e-05 6.574631991036883e-05 1.5358115563623052e-06 1.1397724331598757e-05 5.880634578468804e-06 1.8754027783383672e-06 2.794306267161943e-07 2.035913122236321e-06 1.033138270064556e-06
2.30247284384854e-06 0.0011880375777214539 9.159633875741792e-05 6.719375715828295e-08 2.5622812935266693e-07 1.576346056287365e-07 2.611189236738824e-05 8.154016389660572e-06 0.0007329157415976078 6.286347367010533e-08 3.731174734313401e-05 8.454135483239132e-06 0.00013328017566924044 6.164774333158689e-06 1.786648447583321e-05 0.0032011444726491494 0.0001313545235281293 1.0922481903791004e-06 4.370274522676767e-06 1.6879045708834861e-07 0.00019403420723882925 0.0 0.0008414884727062623 0.00318121563723009 0.0006659131357587964 7.635303636694614e-05 0.004356244480686812 0.00016280870694413725 2.687294500375079e-05 6.83038450505301e-05 1.684168143166859e-05 1.371812132477327e-07 3.498323004146974e-06 3.3049849660605885e-05 3.2424986342827686e-06 0.00026125189139454037 3.6107420874929714e-05 0.0001017623839125177 2.929060079834406e-05 8.611797053979651e-05 3.532836329769406e-06 7.701533155250942e-06 4.450329220104006e-06 3.4104957062503017e-06 4.808729735806384e-06 4.0515635413669585e-05 0.0 0.0 4.356291649271279e-07 2.8595230698557232e-05 2.737860036459409e-06 3.1201464657821903e-06 1.878380194075739e-06 7.627523783294647e-08 3.2094127231728326e-07 6.494784077638682e-07 3.4954097621803618e-06 0.0 0.0005867669074602941 7.074994905554398e-07 9.034073365635772e-08 4.7329052128840255e-07 3.114220036128034e-07 5.8806764092019324e-05 4.708292739760827e-05 0.0006067666926912803 3.2360216751900616e-05 8.181753038558873e-07 4.566954640483539e-06 0.000819377581054895 2.0662275975707798e-05 9.80412811967155e-06 2.673699958164628e-05 6.961610068181859e-07 8.008480767185096e-08 2.4055170745467005e-06 2.871282891773433e-06 7.353444873556351e-07 3.5608058980858665e-05 2.6535052532505858e-06 8.524170390368607e-06 6.1314353129069305e-06 2.6672762470920316e-06 6.697070695004408e-07 0.0 3.1935116685878236e-07
1.8040264977116187e-05 5.365783332598309e-05 0.004381233128541881 8.663205179545991e-07 1.6976213054175627e-07 5.6465453971307585e-06 0.0005402524485774063 8.949080316668457e-05 8.597392200714308e-05 5.049879466304453e-06 5.2307663462423454e-05 6.894698737421383e-07 3.107633625946314e-05 6.905055663626772e-05 3.55249622041362e-07 0.002574587830316095 0.0039512706490804645 4.563071439901424e-05 0.0004298409056229143 7.911309223669248e-07 0.0045917066099677726 0.0008414884727062623 0.0 0.00032336284266524644 5.376665286369407e-06 0.0007124518261059296 0.004093349608063513 0.002221285576957476 0.00014776101608431324 0.0026389564521767214 5.519476987082046e-07 4.4908570379337276e-07 1.8313941520926916e-05 0.001438951904570472 0.00017771091992971645 0.00738794054690794 0.0044546214487968475 0.0033758230508341277 0.0023804431595750085 0.0004918039884968529 2.4787307407242882e-05 1.6608393180504906e-05 7.75300102901181e-05 2.204741129668454e-06 1.4400142673839073e-05 2.1767195098117827e-05 0.0 0.0 6.3451107396337e-08 4.2471040802910184e-05 5.3125286198976645e-06 4.997124999983398e-07 4.304800040661124e-07 0.0 0.0 0.0 4.017696864150806e-06 0.0 0.0006614335553923027 4.239265419787439e-07 0.0 6.766644251846415e-08 2.3749121916171404e-07 4.953324597390965e-05 0.00019687143821940647 0.001000140256980105 1.2234044159818404e-05 0.0 1.0670002488230958e-06 0.0007923763849801899 1.26716004095547e-05 5.7270685700815e-06 1.5383392070262014e-05 0.0 1.1910656517588359e-07 2.3025955588384914e-06 3.213881715531862e-06 2.2202085518338987e-05 8.415527435481587e-05 6.2943684586292e-06 1.8028343856647204e-05 1.716309894613328e-05 3.1371629463323557e-06 4.248441032876707e-06 1.0377699312125552e-05 5.615550707814085e-07
