0.0 5.503626632785677e-07 2.071304858055329e-05 1.4700878025022407e-06 5.6342706882855264e-08 9.807131705954903e-06 0.0005683587504178977 0.0005039747847629542 2.3113190514852e-07 1.4506300568461933e-05 1.0741582661800103e-05 4.871938868942397e-06 2.3733958132915025e-07 0.0022374706056238506 0.0 1.0667181012668198e-06 0.00010008555568132343 3.380385687576599e-06 1.028648763715513e-05 3.0894330451911486e-06 1.1615898321956152e-05 9.915819640451064e-07 3.8797146230435694e-05 1.0584345489826025e-05 1.3536531401593411e-07 1.1489362773509432e-05 1.9447243991668004e-05 3.4355446906621063e-05 0.0015840216328903186 0.0013954278064545638 3.9979598040186104e-08 4.81836293138478e-06 1.9347686661639413e-05 0.00010033993663631532 2.7560107149523527e-06 2.9302582112082893e-05 5.854046241016633e-06 6.930590466590966e-05 1.1530853471881848e-05 1.0353141235496483e-06 1.1770136778282357e-06 2.2050981971609665e-07 5.155443149690601e-07 0.0 0.0 2.558429368891307e-07 0.0 0.0 0.0 0.0 5.666579629591077e-08 1.5028368124090762e-06 0.0 1.0924464694336955e-07 0.0 3.90870785993859e-07 0.0 0.0 5.202707805035676e-07 0.0 2.4760988899858217e-07 0.0 0.0 3.7841375168961517e-07 0.0 0.0 4.774816230915207e-06 6.216502684903397e-08 7.011601795836607e-07 1.4323757854431666e-06 5.025077616242965e-06 0.0 2.2624658685862547e-07 6.407024283152611e-08 0.0 0.0 0.0 0.0 5.557678211024463e-07 4.36633959066219e-08 8.630571503049991e-08 0.0 0.0 0.0 0.0 0.0
5.503626632785677e-07 0.0 1.3965163157252707e-05 5.984963932152264e-08 2.4185556244854594e-07 9.193332641022164e-07 1.6901375989073664e-06 1.7748790526375998e-06 0.00015438378875054254 5.288733829843509e-07 5.991778886346106e-05 4.919526705827531e-07 0.00022817476779338233 8.051858868646559e-07 1.2977636760397521e-06 6.548185619664869e-05 0.00010313029771280772 5.592901568081525e-06 2.1455458631143273e-05 0.0 2.1283561903976086e-06 0.0010044024542680793 6.039424123147114e-06 0.00018230027608141986 0.000610219449802227 0.0003329251726134301 0.0031891039774483046 1.4568951082526633e-05 2.235290155660977e-06 2.5460903271723685e-06 1.4732956121844326e-05 2.7477096478501e-07 6.312908806977276e-08 2.286476426633516e-05 1.1418631379573952e-06 0.0001001293229338474 0.0002875901864154133 0.00012141209192647103 5.282401406693941e-05 4.304926950337855e-06 1.0861042988782915e-07 4.174026709531358e-05 3.319723506479979e-07 4.3420008146756556e-07 8.652337271232117e-05 0.00017563564846168023 0.0 0.0 0.0 4.84368303687822e-07 1.9975222685067778e-07 1.435139304527603e-06 3.984512577589402e-08 2.2671955917317245e-06 0.0 1.0610959268545348e-05 5.197013434741703e-07 0.0 8.048465569343233e-06 2.43820263181081e-05 1.3242778286138535e-06 1.6584517855137948e-05 0.0 5.559353411666391e-07 1.6025682252613132e-05 3.6532720470330916e-06 5.393631379211379e-06 3.0411518825628724e-05 0.00017280058946195543 0.0011627893976655628 6.106608874218895e-07 1.5353129310663534e-07 7.039393381487818e-07 3.277655024371346e-06 0.0 0.0 4.656321391279197e-06 9.599131911997395e-07 9.27688768684314e-06 7.77934217433271e-06 2.0832231719482947e-05 5.351702425297172e-06 6.750820899285859e-08 0.0 1.8176778955461316e-06 6.651201387212727e-08
2.071304858055329e-05 1.3965163157252707e-05 0.0 1.2320800239923403e-06 2.014905750281858e-07 9.34363836088565e-05 0.00021645849929007575 0.00022125630768020328 1.4463304879620384e-06 4.8025971290966075e-05 2.2503292840720654e-05 1.4153436060557219e-06 2.5057005059960396e-06 0.00011636699438199166 1.0448642338705779e-07 9.174744521245711e-06 0.003919723515316165 1.327038486233457e-05 5.121384782487733e-05 9.588581932530705e-07 0.0001159729112193956 2.802519751957326e-06 0.004142648011612272 8.963763526826881e-06 6.335415803261026e-08 0.004605979259750977 0.0034516538731855072 0.0004021815510607497 4.5550264349803314e-05 0.00039106378722734866 2.811534980246591e-07 2.685846012661466e-06 1.2244979160516169e-06 0.0005018064988152274 4.7413112208939556e-05 0.0012414187274746597 0.0012541231214656917 0.0017101864415807637 0.0012251975355065078 3.5504528202936045e-05 9.264338632399367e-06 5.563877481536991e-06 6.310514050190817e-06 6.33528958926163e-07 7.082112081270541e-06 0.00027118063250504757 0.0 0.0 6.006257431501663e-08 4.449856193725748e-06 2.183327903700267e-06 1.8963615821612962e-07 2.110011518079323e-07 2.8857612306126793e-07 0.0 2.482397650295594e-07 3.2555195984167408e-06 0.0 3.682929637570137e-05 2.1882350870454617e-05 1.1390649459526571e-07 5.310510546399128e-06 0.0 3.881846484360716e-06 8.819821715438827e-06 0.0001731211965275515 7.4846215963279986e-06 1.0467476304927655e-06 2.4195792896685877e-05 0.0009443810506501193 3.2749915625865187e-06 2.2505588951593255e-07 9.39312704361658e-07 2.866887170717418e-07 0.0 0.0 9.764785177169407e-06 1.582425149380796e-05 4.196264054488128e-05 1.0981564943171812e-05 5.244367997569787e-05 2.3737113140187492e-05 2.51954746782293e-06 5.689924244621195e-08 3.323306215224328e-07 4.1980289661982855e-07
1.4700878025022407e-06 5.984963932152264e-08 1.2320800239923403e-06 0.0 5.166042634525704e-06 4.315988395730627e-05 0.00024689836081616596 1.2623855345559257e-05 0.0009810352901396386 0.002492451822143971 2.73821674840043e-06 0.0005526487897504469 4.863215510066102e-07 2.738306395716772e-05 0.00012942785904520877 4.197473587750135e-07 9.165746645999457e-07 1.160576115623703e-06 1.8906801907200507e-06 0.0039798368013179855 1.1024227740286774e-06 1.9652668382518918e-06 3.6777020398116577e-06 0.002023535034158899 5.5067499594230183e-08 1.1125268477269326e-06 1.8705723475235285e-06 0.003610589291210131 0.00010953692995501023 2.890138685879481e-06 0.0 2.877325134799013e-06 8.724658309300787e-06 3.855534013281967e-05 1.8738574583976202e-05 0.00027849714782198306 3.423139911533169e-06 0.0001284877381032458 3.4832014179119224e-05 0.00014742554510401934 3.143257965566011e-05 2.117268178155615e-07 5.326832389712887e-06 1.2562543680119519e-07 1.0798050226572816e-07 4.238051849191374e-07 0.00017850344089447755 4.2538573058913634e-07 8.35219836492662e-06 0.0001262852645197534 2.2611288109103046e-06 8.588413800357313e-05 0.0002051139040549467 4.140066965026346e-07 0.0001617359959087903 2.127988629435802e-07 3.3081687309151926e-06 6.263567586787117e-06 6.167630413288625e-08 0.0 2.5061391116204555e-07 0.0 0.00017284108183891582 1.7972116967183287e-07 4.7479339277664546e-07 6.460538281880977e-08 0.0002513502031576072 6.527179273562706e-08 3.606675106123254e-07 4.962105671051334e-07 0.0004195468244820016 3.06937750065388e-06 1.2797516043267097e-06 1.1590687409076319e-07 1.0577153985654065e-07 4.3007205822929514e-07 3.0657170514560627e-06 1.5214705829599663e-06 2.4559932618910528e-05 0.0 9.062345452957642e-06 1.8390478787366257e-06 0.0001134840923609429 6.191219422842542e-07 0.0 0.0
5.6342706882855264e-08 2.4185556244854594e-07 2.014905750281858e-07 5.166042634525704e-06 0.0 0.00020668771429736366 2.3507914719272246e-06 7.984491473572634e-05 3.960154039991388e-05 2.276393131997404e-06 1.0421697731904832e-06 6.15575111518307e-05 7.197173925918507e-07 1.320369670899549e-05 0.0004554607286506062 0.0 1.569727011329441e-07 1.7301037685150327e-07 1.547630975197889e-07 4.330966121860152e-06 0.0 8.127124827561254e-07 2.6248290615166714e-07 2.323942263010385e-05 0.0 6.297197098719469e-08 4.039621663314529e-07 5.373330316200828e-06 0.0001780532163335639 1.0794905747574691e-07 5.843249379596962e-08 4.4830725779416854e-05 0.0 6.748535854709328e-06 0.0 1.1512942725136027e-05 6.109730726824132e-07 7.153548817995935e-06 3.2885689128852956e-06 0.0007746781182859646 1.5487240319166157e-05 1.3341907129773137e-06 0.0 0.0 0.0 0.0 0.0 0.0 0.0 0.0 0.0 8.079905535554364e-08 7.248520470981897e-08 0.0 7.311963034090286e-07 0.0 0.0 0.0 0.0 0.0 0.0 0.0 6.128560602606899e-07 0.0 0.0 0.0 3.7323593015294237e-07 0.0 0.0 1.9869464197765569e-07 1.451948367044756e-06 0.0 1.2442504032722012e-07 0.0 0.0 0.0 0.0 0.0 8.673580074932179e-08 1.0085627660433655e-07 0.0 0.0 9.174134846824797e-08 0.0 0.0 0.0
9.807131705954903e-06 9.193332641022164e-07 9.34363836088565e-05 4.315988395730627e-05 0.00020668771429736366 0.0 0.0022113129534789572 0.0031152423552765723 7.577245473247405e-05 0.006187132573975349 7.504441188123364e-05 0.0032861656067752444 2.2513831717040487e-05 0.0003386373925960531 0.0007241812625046561 1.2590071524575492e-06 8.215489050174994e-05 1.554372200885156e-05 2.065303512467325e-05 0.00014795648730949512 0.00010199230051886455 3.940647416167598e-06 0.00026269475529203736 0.00011242226463758117 3.7373625718687403e-07 2.6719184526013548e-05 2.547252945677403e-05 0.0002213873125271725 0.00032774196719658697 5.1176247815833175e-05 1.5610613866058052e-06 0.0005191170387562463 1.1914023092361478e-05 0.0003092640659600937 1.1153045101494626e-05 0.0005271870386486198 3.5809010009510604e-05 0.00037651614540157465 0.00011548487620187347 0.001365804676138672 0.00017502068114522872 2.2967402168699746e-05 6.149175745009236e-06 5.034586188339044e-07 4.689671481999746e-08 4.969542421000633e-07 1.4094350500520105e-05 0.0 2.91279260631377e-06 5.799186795527078e-05 1.1974667725105831e-06 9.504095696405028e-06 2.1546521994857563e-05 1.468430666123819e-06 2.080263509307142e-05 2.0184311376025396e-06 1.7407308509163084e-06 2.3362285211135056e-06 7.694146984038455e-07 0.0 1.9714161648714574e-07 4.1757715604015185e-08 1.5124187795119615e-05 2.3454859955247673e-06 1.3350940809259336e-07 8.34711855547001e-07 7.967701202016815e-05 1.3884608238465342e-07 1.5041855296790143e-06 3.1424680166495675e-06 0.0001414311203252456 3.874049687328288e-06 6.302835382091665e-06 7.416339284632384e-07 0.0 7.653266435462304e-07 9.166219773455884e-07 9.247918371646723e-07 1.5892264916251194e-05 7.051335252624944e-07 4.00824687511821e-06 1.283850865513439e-06 3.224360965605568e-05 0.0 4.4845475689093214e-07 0.0
0.0005683587504178977 1.6901375989073664e-06 0.00021645849929007575 0.00024689836081616596 2.3507914719272246e-06 0.0022113129534789572 0.0 0.0021685176619265067 0.00014501120214538093 0.0043129569310507414 3.378580518944e-05 0.0001137936138095991 1.750114217987967e-05 0.004516730131956706 1.0621739591324753e-05 1.691109944188562e-06 9.25430150150087e-05 9.63103699798552e-06 1.1330431437470337e-05 4.045436726620631e-05 0.0005409250477679963 3.146933065905983e-05 0.0007454964810243977 0.0007044326706571371 4.49532014933507e-06 4.006640333417924e-05 7.37775302244559e-05 0.007056592523585804 0.0006749494516034538 0.001701358051972615 5.521333296100817e-07 2.7018100088850193e-05 6.421938507978848e-05 0.000255502538539789 0.00011426734836457542 0.0016511278067706141 5.405273061498308e-05 0.000717447580265152 0.0002137871480026518 0.000391937033245049 0.00013947789725060042 5.120637562814087e-06 2.5711200991942946e-05 1.2367662558204116e-06 0.0 1.0382233396528927e-06 2.324717579578583e-05 0.0 1.2867734326625175e-06 0.00023806866527821457 7.39852126924659e-06 9.687115245450991e-05 2.5830156182862072e-05 1.2455761440666283e-06 2.8282532571261044e-06 7.186038424047019e-07 1.0987143406635918e-05 1.2965102144098259e-06 3.28483408402722e-06 8.724506410291881e-08 8.435875224761152e-07 1.807660447029886e-07 1.1533472631631617e-05 2.584715197576689e-06 8.41945295932484e-07 2.5375737418353494e-06 0.00047109464545343644 5.3458508789593404e-08 1.3413407231453845e-06 6.314275581140562e-06 0.0008368172505365454 1.4383427595504354e-05 3.150395680832255e-05 2.136676427287449e-07 1.9339202151241103e-07 2.7242060068658253e-06 1.2376876467596376e-05 4.275786968018689e-06 5.5784316202182486e-05 2.2541448246638347e-06 3.6040002360669135e-05 9.691727307299872e-06 4.752767123543933e-05 3.266970801115336e-06 5.49774904767062e-06 0.0
0.0005039747847629542 1.7748790526375998e-06 0.00022125630768020328 1.2623855345559257e-05 7.984491473572634e-05 0.0031152423552765723 0.0021685176619265067 0.0 1.1959735525563541e-05 0.0009431398117386681 4.4785957452725846e-05 0.0005274662385934638 1.5539557411191567e-05 0.0024451571249889947 0.00013769689141297932 3.7135924479895044e-06 0.0004176091898386238 1.348503519804992e-05 4.1140860067171436e-05 0.00014113943923461697 0.00012691320958340717 9.373166684702802e-06 0.00046491083512770085 9.71139010298315e-05 1.6986403467679554e-06 6.25808724558697e-05 9.185954799660604e-05 0.000251512175572977 0.0009103081027969937 0.0005116524061261098 4.5844040684949e-07 0.0006555137587280658 1.4090440070216793e-05 0.00031382652513233943 1.6767429014549293e-05 0.0003739908093322701 5.794821140624331e-05 0.00033916592065016493 0.00013190240085243071 0.0004200545724753136 0.0001496283052172434 1.4813090377663136e-05 5.960471458837645e-06 0.0 5.786191439168734e-07 1.4840318367137182e-06 4.114269081505174e-07 0.0 0.0 1.530634978139626e-05 1.2468698688836324e-07 8.38911730111953e-06 1.5198196301462452e-06 4.28015219618914e-07 1.224305422198405e-07 5.523373798750342e-07 1.1525820857248303e-06 0.0 2.411071488088911e-06 4.952233009339066e-07 4.591940573567228e-08 1.092483651893664e-07 2.3875004948924613e-07 3.24633036800708e-06 7.829319892643103e-07 2.7666791144736643e-07 5.94035176073788e-05 1.0379976395413282e-07 3.1483374024610103e-06 6.3615802232916895e-06 7.599534426647897e-05 2.2874528907289342e-06 8.268976892572079e-06 3.0009440527609735e-07 0.0 3.6914511885528254e-07 6.718247111260991e-07 1.4388876834258475e-06 9.591157195604244e-06 7.494337435764108e-07 2.9328032702583767e-06 1.1199840867225586e-06 2.281840528211388e-06 1.1587050234845517e-07 1.934939655731212e-07 0.0
2.3113190514852e-07 0.00015438378875054254 1.4463304879620384e-06 0.0009810352901396386 3.960154039991388e-05 7.577245473247405e-05 0.00014501120214538093 1.1959735525563541e-05 0.0 9.294713317815832e-05 9.909571561050306e-06 0.0003485567845754326 2.459192229223127e-05 2.7829181835142986e-06 0.00037169659829543926 3.7659235540066895e-05 1.5521700757739097e-05 1.0814150084335925e-06 6.285026981080305e-06 0.0003863291998680437 1.2762567504756578e-05 0.0017332460328204448 3.0199715114928156e-06 0.004744490131244311 0.00014725282704616062 4.906528597819746e-05 0.00041119512018315753 0.0008515048786859275 5.3707582738874475e-06 8.016860393613241e-06 2.6128744731675173e-06 8.357879063572775e-07 0.0 4.7982531645763545e-06 8.815572261435354e-07 4.5406361769779856e-05 1.246809412930683e-05 1.5759632575689302e-05 5.123469495413814e-06 0.00021024706766256332 2.925751017899824e-06 4.765633338843618e-06 0.0 1.1326384497053347e-06 2.5563770592445834e-06 3.846479527095523e-06 9.576265295731323e-05 3.117464706452075e-07 6.414954870709482e-06 2.975286635655668e-05 1.408977699898271e-06 7.51549271438556e-05 9.859911762353851e-05 4.010513766989311e-07 0.0001126236078093984 8.19790663339489e-07 1.777572835262924e-06 4.560748698015408e-06 6.764805265595418e-05 5.446155779112703e-07 6.623817555693873e-08 6.155533916183189e-07 0.00010354873895752584 2.2392842251257502e-05 1.6725437196850686e-05 6.02886325795329e-06 0.0005544485868036739 9.518268684653955e-07 4.375380139138021e-06 4.0496261086565175e-05 0.00023653921073299504 6.532137678049682e-06 1.938054229197383e-05 3.718876071865935e-07 7.285187756727946e-08 1.0574224899597982e-06 3.011282235923979e-06 2.1668423838610438e-07 2.3279345982763806e-05 1.1366307846028227e-06 4.149223965723927e-06 1.678495170023174e-06 6.039630764760517e-05 1.0103478926298766e-07 7.951689063536053e-08 0.0
1.4506300568461933e-05 5.288733829843509e-07 4.8025971290966075e-05 0.002492451822143971 2.276393131997404e-06 0.006187132573975349 0.0043129569310507414 0.0009431398117386681 9.294713317815832e-05 0.0 5.165580165426954e-05 0.003780590565863925 6.798858113285054e-06 0.0002952912088453438 1.13508718444213e-05 4.977267528481402e-07 4.3124478756277985e-05 1.8121038932402093e-05 2.8389986471870484e-05 0.005808651267887948 9.777840379599916e-05 4.56615214596204e-06 0.00018931392675609345 0.00010806960548733843 5.011614392880283e-07 2.084111917498386e-05 2.1149715377369834e-05 0.0030400071375115715 0.0007351487820112625 4.217163848336698e-05 6.127126553618129e-07 3.3391899297630564e-05 2.5271438749806413e-05 0.0002833769642649175 3.186380260130989e-05 0.0005588181748589296 3.5147683148705635e-05 0.0007422638437476905 9.649553202683401e-05 0.0001249275910233462 0.000143317391759627 3.3200979106358554e-06 1.790305949885196e-05 3.2836799942719727e-07 6.610860076433128e-08 2.7609844493732704e-07 3.865733298767779e-05 0.0 1.2280349887618483e-06 7.911491963950897e-05 9.704595519176047e-07 2.0529829149436674e-05 4.956966088118632e-05 8.74086883002454e-07 2.2422240203936196e-05 1.9724755185830108e-06 2.5251808168726386e-06 9.973146038977282e-07 1.0017980457583008e-06 0.0 4.943355982615331e-07 1.0917617446679149e-07 4.018140030667405e-05 3.0119526404678136e-07 4.854669108744583e-08 6.691917618059437e-07 0.000122114428601098 2.1931307884175375e-07 1.0783950151322199e-06 2.44828286488223e-06 0.00023389035087607578 1.9902294246272715e-06 1.518963346468291e-06 6.167381191309676e-07 0.0 3.6787146667053325e-07 2.6784551788123843e-06 3.222331389587565e-06 9.932236035554499e-06 4.7194541902248067e-07 7.064486710826249e-06 1.071343941999355e-06 2.1915982726098024e-05 2.518802926834135e-07 1.05332377785003e-07 0.0
1.0741582661800103e-05 5.991778886346106e-05 2.2503292840720654e-05 2.73821674840043e-06 1.0421697731904832e-06 7.504441188123364e-05 3.378580518944e-05 4.4785957452725846e-05 9.909571561050306e-06 5.165580165426954e-05 0.0 0.00010535448828507465 0.0014245973513794805 0.00018548979549044882 4.87326764624297e-06 2.3463035416388775e-06 0.0003391970535828578 0.002083211404418305 0.0016039234067000744 3.5624667712323905e-05 9.788696896573108e-06 3.87423449005046e-05 3.323291609777169e-05 1.5405283326831562e-05 0.00047848588301043247 0.0017001193580255076 0.000712625650367686 2.8536802281049604e-05 0.0004261010629867872 2.660839136411792e-05 0.0004544757908015389 4.099711119921639e-05 3.3164473595636547e-07 0.0033897463476221324 6.594596402111503e-06 0.00030911362966641235 0.002290739352711913 0.0025204585860260182 0.0003409001873248881 4.8960740317144995e-05 9.258112475541161e-06 0.0005094347914506148 1.8202385509614644e-06 0.0 6.938063907410528e-06 1.9222170192661932e-06 9.891663460192126e-08 0.0 3.300515430908649e-07 1.8111014054764014e-06 7.678808611263242e-07 4.7458787953482407e-07 4.854877352630888e-07 0.00040519145680495373 2.0220693989320254e-07 0.0009835020448084233 1.2518910745086446e-06 0.0 2.4168940954913513e-07 0.0 1.6766764642481868e-05 9.94301343238017e-07 5.7713829440861715e-08 3.623529115564513e-07 8.462055767018016e-07 6.049487108200315e-08 5.519712704663477e-06 0.00010308116939813041 0.0001408990820958245 0.00014118481433557072 6.161668565128021e-06 7.962399786204314e-07 3.54970251215418e-07 0.00010964866955975783 3.9246724384048265e-07 0.0 9.247989065121183e-05 9.173290683375865e-06 8.999205346497845e-06 0.00023656394726917626 7.423095212684422e-05 1.2996665446261094e-06 2.3057852401387825e-07 0.0 0.0003666312877871635 0.0
4.871938868942397e-06 4.919526705827531e-07 1.4153436060557219e-06 0.0005526487897504469 6.15575111518307e-05 0.0032861656067752444 0.0001137936138095991 0.0005274662385934638 0.0003485567845754326 0.003780590565863925 0.00010535448828507465 0.0 9.098093440153045e-06 0.0003044239706620944 0.0005907311954624004 2.6329136485782065e-07 1.0337423133624397e-05 2.542638837503445e-05 3.0406140627852133e-05 0.0020330903069530064 2.0597982826035153e-06 3.2678233923428552e-06 3.516835752877338e-06 0.00028904053022111984 6.163136936954466e-07 1.9281393261469485e-05 1.1146875436917024e-05 0.00017655432340093176 0.00035331912757980083 2.7352209071151755e-06 1.5361931014346463e-06 9.906481135546666e-05 1.7271894301502066e-06 0.0002637796249489907 1.5906459252170147e-05 0.0007466088668035667 2.6067708315936367e-05 0.0004864087533458924 6.744695565486945e-05 0.0010824162281575928 9.036223180664109e-05 4.606659893392229e-06 4.129605899176511e-06 1.49686530933815e-07 0.0 1.3724057766595618e-07 5.497657993759139e-05 1.1003843534495078e-07 1.1001466208138314e-05 7.364697109900109e-05 1.7173970737072803e-06 1.614567751321873e-05 0.00010920018952690129 1.1601699055399785e-06 0.00016425206029769922 2.3298659352133817e-06 1.8859912356176559e-06 9.148553041670593e-06 0.0 1.4511613223400766e-07 2.597134024968648e-07 0.0 9.36678421668907e-05 0.0 1.5604818082354926e-07 3.330816408823497e-07 8.075881883370672e-05 4.891046378673039e-07 1.6482794059045902e-06 2.3019601857752694e-06 0.00017421274134259886 8.174437978562737e-07 2.9998908199677554e-07 8.038057542853783e-07 8.809699570106905e-08 0.0 2.6168433193633367e-06 2.4458304513297964e-07 4.10516156922463e-05 6.19464691600573e-07 4.145737301226769e-06 1.0692509490664016e-06 0.00019289348413771462 9.943927553393028e-07 7.907332710394316e-07 0.0
2.3733958132915025e-07 0.00022817476779338233 2.5057005059960396e-06 4.863215510066102e-07 7.197173925918507e-07 2.2513831717040487e-05 1.750114217987967e-05 1.5539557411191567e-05 2.459192229223127e-05 6.798858113285054e-06 0.0014245973513794805 9.098093440153045e-06 0.0 1.1753243574327299e-05 1.195089607560336e-05 5.773855592414392e-06 1.8299968204118528e-06 5.4927726758377495e-05 8.875105801941102e-06 5.372016983071689e-06 4.726109603658773e-06 0.00010109547790664573 1.0749318946129342e-05 3.3839641271554507e-05 0.002029999123594182 0.0004185220752072175 0.0027009369814662808 4.204826991501854e-05 1.6929446999621755e-05 4.835428685538605e-06 0.0007558941782117236 2.2083031074219985e-05 5.128861707550693e-07 0.0004656954767841629 1.414043500890731e-05 0.001308753201979763 0.001846914826593332 0.0016219687899984333 0.00023813074206213133 0.00017493247537332812 9.884921332028699e-05 0.00023626326870866015 6.478004751663833e-06 0.0 2.2291306232115916e-05 1.3021042104872845e-07 0.0 0.0 0.0 2.0172829992519355e-06 7.497156890682026e-07 5.928333239931049e-07 1.1105373760690475e-07 0.00042097270606890265 3.3486723915913576e-07 0.0016217555209303016 8.204834031548668e-07 0.0 2.992177283639047e-07 1.3017272267752165e-07 1.1165882203923126e-05 1.2405135549901352e-06 0.0 0.0 6.840012555452589e-07 0.0 2.859675652874487e-06 0.0005017614906487716 0.00014108379473620858 0.00021096055122595984 5.5460730898929695e-06 9.505442357400175e-07 8.439513651919251e-07 0.00014879882089128087 2.514391111878855e-07 0.0 6.342614672802933e-05 2.450939249838898e-05 0.00026715840066921637 0.00018499275696319276 4.05514386595072e-05 7.5314696128121675e-06 4.325604560378459e-05 7.116082371001265e-08 0.00014817793295903196 0.0
0.0022374706056238506 8.051858868646559e-07 0.00011636699438199166 2.738306395716772e-05 1.320369670899549e-05 0.0003386373925960531 0.004516730131956706 0.0024451571249889947 2.7829181835142986e-06 0.0002952912088453438 0.00018548979549044882 0.0003044239706620944 1.1753243574327299e-05 0.0 2.0780671078625776e-05 3.688132950649607e-06 0.00036575940651314715 3.83578653703354e-05 5.789903026225515e-05 0.00011564652334257762 8.223694504184447e-05 6.624085309941529e-06 0.0002426239031155635 6.834240423700195e-05 8.869357666325924e-07 6.052940388818251e-05 7.475900036876401e-05 0.0002436556101830434 0.005706383201454732 0.0014627586060907498 1.7990838464755187e-06 0.0001757915773969912 1.0495070952518844e-05 0.0006400345773993936 9.33126074042983e-06 0.00027680982180297705 5.0346459883477025e-05 0.00037973075390578486 8.660664948667534e-05 0.00016922088675182354 4.2952529973666845e-05 8.920475891185677e-06 3.332558740572782e-06 8.744564302225282e-08 3.016667074215225e-07 5.513268645323569e-07 1.5465233874706237e-07 0.0 0.0 8.338534043048289e-06 0.0 7.813495675199436e-06 4.62351419395483e-07 1.1401321009791517e-06 0.0 3.1341222495235865e-06 2.1429869798540985e-07 0.0 2.0024300252504626e-06 1.0238841874493161e-07 1.9743223665790375e-07 2.6883911686291644e-07 0.0 2.681184942561508e-06 1.396816485413052e-07 2.126967014631338e-07 4.341982411753274e-05 3.680464048013182e-07 3.514173978859277e-06 6.633241367258559e-06 4.788811723219128e-05 8.130375805379307e-07 5.383045116444304e-06 2.104205154510732e-06 7.240997748109795e-08 2.0862933096109926e-07 4.828211706406707e-07 7.691955909008917e-07 4.818117667182039e-06 5.786884713320751e-07 1.2372001261166752e-06 6.877620973849909e-07 1.329867255191772e-06 4.611300437595059e-07 3.9217799083450646e-07 0.0
0.0 1.2977636760397521e-06 1.0448642338705779e-07 0.00012942785904520877 0.0004554607286506062 0.0007241812625046561 1.0621739591324753e-05 0.00013769689141297932 0.00037169659829543926 1.13508718444213e-05 4.87326764624297e-06 0.0005907311954624004 1.195089607560336e-05 2.0780671078625776e-05 0.0 0.0 3.3179768521315326e-07 5.841942502728455e-07 3.9951536153896767e-07 6.480516549547873e-05 6.766196528222645e-08 1.2056067437490856e-05 2.9307662684351127e-07 0.0005382820459836916 1.225577382931308e-06 7.376679455747923e-07 3.953055188318734e-06 5.384211124486174e-05 1.3897610089777669e-05 3.516422699599544e-07 1.2089858064817885e-07 0.0001568123062525337 6.783812685966252e-08 3.620260820080221e-05 1.2460342032298135e-07 0.00014233239207491274 2.885534863501585e-06 2.2788693209507516e-05 9.904297772653125e-06 0.0004979666920877743 0.0001160830058964357 2.386921185533009e-06 0.0 0.0 1.713300834286376e-07 4.803521594866814e-07 1.3257907051547738e-06 0.0 0.0 3.657907642173113e-06 1.8017432030809201e-07 1.4463642617227532e-06 2.242945714621729e-06 0.0 1.2894386559157155e-06 6.99424550995395e-08 0.0 1.9443199907188218e-07 9.080075383869635e-08 0.0 0.0 0.0 2.471875257339833e-06 1.1920796163038445e-07 1.1095435467698521e-07 0.0 4.1234266497051174e-06 0.0 1.1076240621565373e-07 7.536104135593829e-08 9.348651511293692e-06 6.044523526175554e-07 0.0 4.517929052828727e-08 0.0 0.0 5.3786974734769214e-08 0.0 2.125730419613828e-06 0.0 0.0 0.0 8.838331081364736e-06 0.0 0.0 0.0
1.0667181012668198e-06 6.548185619664869e-05 9.174744521245711e-06 4.197473587750135e-07 0.0 1.2590071524575492e-06 1.691109944188562e-06 3.7135924479895044e-06 3.7659235540066895e-05 4.977267528481402e-07 2.3463035416388775e-06 2.6329136485782065e-07 5.773855592414392e-06 3.688132950649607e-06 0.0 0.0 1.0290973216362262e-05 4.468414434871335e-07 2.5936196523529067e-06 5.96106287000072e-08 0.0015397749940553223 0.001668925362612835 0.0016409980093289678 0.0010964871876589773 1.38870402477283e-05 4.3142453501812934e-05 0.002041675654598167 0.0008756460941729003 1.3794927756400215e-05 9.347039687399341e-05 1.981266458146457e-07 2.652328862511759e-07 1.3503731644446117e-06 3.208902839145187e-05 3.671429291378019e-05 0.0007544738109015584 0.0002763057308427935 0.0002067309948871314 0.00030606165556539244 2.64681559180279e-05 1.5820975125786818e-06 9.534977280827585e-07 5.385154758569933e-06 1.9513414136957995e-06 1.0545090912904422e-06 1.3747321987914464e-05 0.0 0.0 0.0 3.814508371303162e-06 9.80776409521063e-07 2.3312571897334353e-05 7.619160685865776e-08 4.3213319364327624e-07 0.0 9.142442787957178e-08 4.225189168620688e-06 0.0 0.0014856432209706236 2.5062732853932452e-06 0.0 6.564192956854546e-07 0.0 0.00023117012619308755 0.000326324667015585 0.0009031102606923199 0.000313011672082264 1.1806644168395301e-07 2.5545757404153466e-06 0.0002448810893512153 0.00010157670246466638 1.300798625239418e-05 6.755563604600627e-05 0.0 7.316326685046379e-08 4.7727964199914225e-06 1.3004723659203104e-05 5.260826624798688e-06 5.9313396924049495e-05 9.284566096986675e-06 1.7301677020782368e-05 1.7873423445766576e-05 2.6835097749497623e-06 2.5105296268117496e-07 2.566349748775816e-07 2.367159109733551e-07
0.00010008555568132343 0.00010313029771280772 0.003919723515316165 9.165746645999457e-07 1.569727011329441e-07 8.215489050174994e-05 9.25430150150087e-05 0.0004176091898386238 1.5521700757739097e-05 4.3124478756277985e-05 0.0003391970535828578 1.0337423133624397e-05 1.8299968204118528e-06 0.00036575940651314715 3.3179768521315326e-07 1.0290973216362262e-05 0.0 0.0001853693529163742 0.002348095283766254 6.176267014320026e-06 0.00029580984698051243 1.664548307144077e-05 0.004390467195942689 1.4893064763644396e-05 4.918812905778386e-07 0.0013052837086927008 0.003096934710125287 0.00010157966503704694 0.000314333935284862 0.0009236658988321096 5.518107045171407e-07 4.454795944336375e-06 8.130352696240908e-06 0.0018954032876563475 4.702216169623396e-06 0.0002341236170875922 0.00046097684707905836 0.0011050874449620442 0.0002954294445826229 5.6087475938302544e-06 1.398807928588884e-06 1.173538897714962e-06 8.708758588247381e-07 1.1385125524195289e-07 1.1656595957887797e-05 7.28842091202376e-05 0.0 0.0 0.0 9.77514829727063e-07 1.1457740031001771e-07 2.5956265323300084e-07 0.0 5.155458958684978e-07 0.0 1.7882883374803033e-06 2.1943183423867558e-07 7.115147834643685e-08 2.469079058963523e-06 1.1685048112603591e-05 5.904596827166162e-07 7.883827359532794e-06 0.0 5.723555097922764e-07 3.98115237399202e-06 2.798481066120147e-06 2.2111640309167555e-06 3.011785319397956e-06 6.395159733106816e-05 0.0003422194116923693 1.3914287985547534e-06 6.425218261483236e-08 2.8158834855227576e-07 8.068747923201224e-07 0.0 0.0 2.1531612137956975e-06 1.4844157852275053e-06 5.330319695414008e-06 1.2414214998084561e-06 9.349258104987495e-06 2.1064220545828307e-06 8.877226455086593e-08 0.0 0.0 0.0
3.380385687576599e-06 5.592901568081525e-06 1.327038486233457e-05 1.160576115623703e-06 1.7301037685150327e-07 1.554372200885156e-05 9.63103699798552e-06 1.348503519804992e-05 1.0814150084335925e-06 1.8121038932402093e-05 0.002083211404418305 2.542638837503445e-05 5.4927726758377495e-05 3.83578653703354e-05 5.841942502728455e-07 4.468414434871335e-07 0.0001853693529163742 0.0 0.000994063997384681 1.0558605543136927e-05 4.42341166705835e-06 3.3058009710268217e-06 1.9342057738371117e-05 2.887565939715768e-06 1.3210421519861181e-05 0.002407284357056015 0.0004868493561806351 7.877291088429178e-06 5.754951740856157e-05 1.2793784313561533e-05 8.499922713327508e-05 6.4185883782854135e-06 4.2276337218968965e-07 0.000513798078147579 9.838674382723443e-06 0.0004933591654671867 0.001038550509234734 0.0010005860257156823 0.00037316546349148874 1.2126799793232289e-05 2.2580942357462864e-06 2.6392276459578968e-05 2.0383838131239487e-06 0.0 4.8256462124809745e-06 6.56236290913949e-07 0.0 0.0 5.593262009468244e-08 1.0957095711658485e-07 4.1713852093509345e-08 1.2588550397139836e-07 5.617264411327333e-08 1.7095348517596616e-05 3.8432675042610525e-08 0.00010492783004836074 4.0051690002609684e-07 0.0 7.088595357234733e-08 1.3415601807309644e-07 1.410651117329852e-05 1.5392244153026213e-06 1.7091341877217506e-07 0.0 5.4563959170299304e-08 2.814063903435681e-07 1.198883582693831e-06 5.139245535592006e-05 0.00012456401225141104 0.00017179738286796388 1.7740664776967798e-06 0.0 1.2198662270966863e-07 6.331060221525213e-05 0.0 0.0 1.6108460804114257e-06 6.38622853865111e-06 7.032232002847099e-06 6.653977122338271e-06 3.8069371601448105e-06 1.2866549315361342e-06 5.663885393700881e-07 0.0 8.88939827523284e-08 0.0
1.028648763715513e-05 2.1455458631143273e-05 5.121384782487733e-05 1.8906801907200507e-06 1.547630975197889e-07 2.065303512467325e-05 1.1330431437470337e-05 4.1140860067171436e-05 6.285026981080305e-06 2.8389986471870484e-05 0.0016039234067000744 3.0406140627852133e-05 8.875105801941102e-06 5.789903026225515e-05 3.9951536153896767e-07 2.5936196523529067e-06 0.002348095283766254 0.000994063997384681 0.0 1.6107905429351188e-05 1.636831205809403e-05 7.378083987243701e-06 8.537069002390481e-05 8.58186370762311e-06 2.8936100130725377e-06 0.003109594358508148 0.0006195071758850296 1.3465640207836916e-05 9.495736760644689e-05 5.891818502505051e-05 5.929694840241622e-06 4.511836767566728e-06 1.502509496208946e-06 0.0017797915841324264 6.071554514943212e-06 0.0004995304608623218 0.0005745459017221671 0.0012689136907700642 0.00040207649595945977 1.087362683038448e-05 2.0186485573387275e-06 2.5494433743438582e-06 1.7644088588439255e-06 4.389271108193548e-08 9.900094761716352e-06 9.079960984237599e-06 0.0 0.0 0.0 3.906174293548354e-07 0.0 4.583640851519275e-07 0.0 1.0472630995215446e-06 0.0 6.635951799076564e-06 1.2507464996306656e-07 0.0 3.003957637707749e-07 2.296715535307821e-06 4.600867352559748e-06 8.807640542558841e-06 0.0 0.0 1.0082581609929663e-06 2.390247685386203e-07 1.703207340453589e-06 2.1545463849852338e-05 0.00014196211146858746 0.00018410175863140283 2.528971784243614e-06 4.998872564517197e-08 2.3310748773885132e-07 6.620890654890394e-06 0.0 0.0 2.4189846341608414e-06 4.6783705642449004e-06 4.404142444950028e-06 4.64394422371974e-06 6.035588614210864e-06 2.8464209092432496e-06 1.006299610843663e-07 0.0 0.0 0.0
3.0894330451911486e-06 0.0 9.588581932530705e-07 0.0039798368013179855 4.330966121860152e-06 0.00014795648730949512 4.045436726620631e-05 0.00014113943923461697 0.0003863291998680437 0.005808651267887948 3.5624667712323905e-05 0.0020330903069530064 5.372016983071689e-06 0.00011564652334257762 6.480516549547873e-05 5.96106287000072e-08 6.176267014320026e-06 1.0558605543136927e-05 1.6107905429351188e-05 0.0 1.33412647097289e-06 3.2218045115502565e-07 3.0520710038908113e-06 0.0003310166029757282 1.5784841255410482e-07 9.366939492337037e-06 6.194865824514349e-06 0.002038312819363353 0.00026644205159845373 1.9000505280848754e-06 5.017627743722808e-07 2.508131949599171e-05 4.153671430145782e-06 0.00014415558478521648 2.3913755145223987e-05 0.0005824170113795569 1.8854085566208012e-05 0.0004100973688674701 5.366783741612765e-05 0.00022759269691215915 0.00010974888965515883 2.1606656328740763e-06 1.584718856475529e-05 1.9233252776780684e-07 0.0 4.089076951479504e-07 0.00011494243433857861 8.10005039538224e-08 9.665484870434723e-06 0.0001567926177788426 2.9534077664637967e-06 4.968825667728158e-05 0.00015347497371894043 8.973171352513334e-07 0.00010338619384383061 9.866780803207897e-07 4.702344871051979e-06 4.8097042309269795e-06 0.0 0.0 2.763022114510984e-07 8.773758245174905e-08 0.00012203989502240718 3.0759671648855915e-07 1.0097701457444605e-07 6.378864963340819e-07 0.00021870810462280802 1.0989345691679646e-07 9.075324320424299e-07 1.072684283081829e-06 0.0004218468846330172 5.375091202329296e-06 8.666523035654348e-07 2.9344862095688793e-07 0.0 4.4538687228631395e-07 2.7685988828381603e-06 1.979241727640507e-06 2.971412812939804e-05 7.302667677053804e-07 1.0635822641504498e-05 4.448854891083756e-06 0.0001188051851865373 1.2031016177028832e-06 2.4732897901434713e-07 9.243138711978454e-08
1.1615898321956152e-05 2.1283561903976086e-06 0.0001159729112193956 1.1024227740286774e-06 0.0 0.00010199230051886455 0.0005409250477679963 0.00012691320958340717 1.2762567504756578e-05 9.777840379599916e-05 9.788696896573108e-06 2.0597982826035153e-06 4.726109603658773e-06 8.223694504184447e-05 6.766196528222645e-08 0.0015397749940553223 0.00029580984698051243 4.42341166705835e-06 1.636831205809403e-05 1.33412647097289e-06 0.0 5.529425249269313e-05 0.0068939693484776614 0.00030735190304852233 1.4564312819388493e-07 1.1989298827794146e-05 0.00046672151776433994 0.0033291432447153887 0.0001231850972152863 0.004889121906793689 1.1565516468262225e-07 1.5962336500248625e-06 1.924955902114964e-05 0.002019191713477447 0.0001978123876559319 0.003041194144135817 0.000806092332279089 0.003137386146090704 0.0017360528460115235 0.00010014106833492972 1.621613458609351e-05 2.8510144870979835e-06 2.2590294070431982e-05 3.45376448371707e-06 1.8994405035813365e-07 7.598891159772214e-07 0.0 0.0 0.0 6.917865971371459e-06 1.6441069184877292e-06 1.8919758623649634e-05 2.3167493857775135e-07 4.0917520986538806e-08 0.0 2.2776143123241266e-07 6.367590655550633e-06 0.0 0.0003502104157791987 1.630925515324113e-06 5.7125182087994205e-08 5.489858730670993e-07 0.0 0.0002523343713923995 7.469114780007472e-05 8.824656498011873e-05 0.0003965037145574832 0.0 8.240813718166321e-07 1.1494153606341094e-05 0.00017645256902604358 3.584369985907094e-05 0.00013987699845333755 5.8922465754330296e-08 0.0 1.0610825592258391e-05 1.958718275194513e-05 9.44251241843859e-06 5.247756584023949e-05 1.8063301993822835e-06 1.1288401457080411e-05 7.730746320589322e-06 2.524449906995779e-06 3.3650776319568036e-07 1.545423133053105e-07 1.4145045022220067e-07
9.915819640451064e-07 0.0010044024542680793 2.802519751957326e-06 1.9652668382518918e-06 8.127124827561254e-07 3.940647416167598e-06 3.146933065905983e-05 9.373166684702802e-06 0.0017332460328204448 4.56615214596204e-06 3.87423449005046e-05 3.2678233923428552e-06 0.00010109547790664573 6.624085309941529e-06 1.2056067437490856e-05 0.001668925362612835 1.664548307144077e-05 3.3058009710268217e-06 7.378083987243701e-06 3.2218045115502565e-07 5.529425249269313e-05 0.0 0.00012375954362857098 0.004138984622527428 0.0005321701830141451 9.713613010104602e-05 0.0022433878724608504 0.00028586778332598186 1.1583657967364668e-05 2.2215455027177443e-05 8.945273360169204e-06 3.786105718270693e-07 1.080525419000118e-06 7.2599288604178615e-06 1.1362425982467203e-06 2.895355886552474e-05 2.3867023875767988e-05 2.1920393918274736e-05 1.4797619979516933e-05 3.338499827728139e-05 0.0 1.9137757580755063e-05 0.0 6.447532454367032e-07 1.5980149964560284e-05 5.449582194758422e-05 0.0 0.0 0.0 1.3673560779938683e-06 7.731349859351576e-07 2.6581957638420807e-05 0.0 7.258085612745267e-07 0.0 3.507455071492183e-06 7.688470928593446e-07 0.0 0.0006423887167925458 4.409045775912304e-06 3.989998372339845e-07 3.994263838017109e-06 0.0 5.904516187291532e-05 0.00014894013258717553 0.00022331774983289624 0.00014455815897343276 6.4538271610885e-06 1.549673282431224e-05 0.0010146003662470863 4.0778509200834535e-05 3.1553723902184776e-06 1.5496214801522827e-05 1.8975458232433485e-06 0.0 1.1166454445298616e-06 5.575820753004619e-06 5.958860887133569e-07 2.5156671110912317e-05 5.811335158294841e-06 1.286488716358867e-05 8.360872096826864e-06 1.4766183580463508e-06 0.0 1.0660114281629245e-06 2.5462407816298106e-07
3.8797146230435694e-05 6.039424123147114e-06 0.004142648011612272 3.6777020398116577e-06 2.6248290615166714e-07 0.00026269475529203736 0.0007454964810243977 0.00046491083512770085 3.0199715114928156e-06 0.00018931392675609345 3.323291609777169e-05 3.516835752877338e-06 1.0749318946129342e-05 0.0002426239031155635 2.9307662684351127e-07 0.0016409980093289678 0.004390467195942689 1.9342057738371117e-05 8.537069002390481e-05 3.0520710038908113e-06 0.0068939693484776614 0.00012375954362857098 0.0 0.0002260106406540541 0.0 0.0005787000294315819 0.004514640044009384 0.002329476253307986 7.73906204878345e-05 0.0030532286141727585 4.946414709795467e-08 4.652079090016538e-06 3.04071373388841e-06 0.0013489002280087257 0.00023747802962185958 0.004484993952242054 0.0030552751701636177 0.00452746037804023 0.004386450423059483 0.000220631773593183 2.853628345859777e-05 1.0055549707262095e-05 2.7886708469876068e-05 6.634588271469002e-07 2.208240767287505e-06 3.946368003965182e-05 0.0 0.0 1.5646830208530925e-07 5.145689575032483e-06 5.107327425056165e-07 1.1132997601487593e-06 3.7589303148921584e-07 3.9828890417729225e-07 0.0 4.2139184427285304e-07 1.7107100865055232e-06 0.0 0.001097551221584623 3.123357135070474e-06 1.2730585551679015e-07 2.011420036535411e-06 0.0 0.00012453826066723844 0.00011455238693586601 0.001063468798465157 7.711319892956494e-05 3.621774575144279e-07 7.3703889610732115e-06 0.00040160118651909674 3.1122727946424654e-05 4.4634304706675756e-06 2.9287580050788762e-05 5.275961636418961e-07 0.0 7.241109258638897e-07 8.150944659488312e-06 2.775838120223423e-05 6.804840237862854e-05 1.4918875990841246e-05 2.3056524217385176e-05 2.3008295463968562e-05 5.364222083855602e-06 4.5354973782303707e-07 1.2586690905633392e-06 4.299084369800328e-07
