0.0 2.843561574303819e-07 5.889676670506565e-05 3.170643400804638e-06 2.5426441254110425e-07 2.143161777881429e-06 0.0007077945083417516 8.202351704119916e-05 2.170069512224559e-05 4.0270117539523835e-05 1.6678696257583626e-05 1.5596498179071694e-06 6.280870262407997e-08 0.00209591657126596 0.0 7.340801842101607e-07 0.0002329922050844163 9.50194022420321e-06 8.140189321947195e-05 1.7243160759959652e-06 4.858609087458922e-05 1.3730492926111287e-05 0.00020985035480461468 0.00010722734589066638 7.434377261904483e-08 0.00014147963549209164 1.3885418404192784e-05 0.0001796846195866266 0.002625393523984098 0.0023692334744988713 2.7683693367475944e-07 1.1114900295316623e-06 1.8063117346263955e-05 0.00015609417511490087 3.592275272990045e-07 1.0737908174410716e-05 2.799291249416761e-06 3.7312312092720385e-05 3.4295731120369468e-06 6.163270598674084e-07 6.288501179274864e-07 0.0 1.1962080970712415e-07 1.8118389435866488e-07 0.0 3.0178106482903163e-07 7.517515841161459e-08 0.0 8.348121386493209e-08 7.61568936221052e-06 1.942780969925655e-07 2.1642337972817914e-06 4.4842013296802365e-07 0.0 3.1368635674501176e-07 0.0 2.0399912811528255e-07 0.0 1.1132209064531923e-06 5.000878264084209e-08 0.0 0.0 1.6399268808693968e-07 1.4058183669062588e-06 3.1149031134196743e-07 6.137774896544614e-08 1.7070834703271553e-05 0.0 2.42282727409086e-07 8.447700215516917e-07 2.2607709915538887e-05 2.059815610610737e-06 3.824087774620027e-06 0.0 0.0 2.2101639678268476e-07 6.051164666529731e-07 0.0 6.750587041484109e-06 0.0 7.692683278731713e-07 1.3126680874633436e-07 1.236943322178162e-06 3.0079232168594643e-07 0.0 0.0
2.843561574303819e-07 0.0 4.346324482519611e-05 1.3527994479509772e-07 0.0 0.0 6.565468139174251e-07 0.0 0.0003124424276481818 1.0739949518719679e-07 0.00012838671305693682 2.4081323780679675e-07 0.00022063307945450645 5.458281128215019e-07 4.564083131796548e-06 3.174796223581561e-05 1.5403645727719394e-05 1.6435210385337943e-06 1.0092120439552873e-05 0.0 9.798693364144865e-07 0.001191959148000894 3.027845854772656e-06 0.00022183267670557267 0.0009814205725603511 6.287844331103932e-05 0.005920056805813528 3.826106547491037e-06 3.1971932052669097e-06 4.720087863498541e-06 1.2440858047234914e-05 0.0 4.665553350239545e-07 5.549368880715139e-05 8.647548455293128e-08 9.142595151938679e-06 8.300103400185602e-05 5.796456168362779e-05 1.3701908905635669e-05 1.1680070809080248e-06 9.96494018470457e-08 4.1841748638056964e-05 3.6086808700712685e-07 1.4913421430928394e-07 2.9037028345489723e-05 0.00020352566710679507 6.655755239353074e-08 0.0 0.0 2.2251548454258406e-06 2.1840720687151192e-07 1.768540750127285e-07 2.448595882973158e-07 3.863610811932727e-06 1.0234541224149261e-07 9.397534734527821e-06 6.323574955592148e-07 0.0 2.41737708083652e-06 1.1522754929424547e-05 2.1425896445150233e-06 3.155591766395949e-05 0.0 3.2790022764897255e-07 5.972582789571307e-06 3.832570873385279e-06 2.29502106859258e-06 6.980932336723763e-06 0.00037364592449685703 0.0011293924585234084 1.318995501540973e-06 7.602306602933911e-08 2.471505667773242e-07 1.6246572042126843e-06 0.0 0.0 2.0857943154443033e-06 0.0 1.0358253203617971e-05 1.18883591890785e-05 9.146083054851042e-06 2.5241400992272475e-06 5.617533814331131e-07 0.0 1.0469893589741824e-06 6.533146756901186e-08
5.889676670506565e-05 4.346324482519611e-05 0.0 1.2710393579170994e-06 6.916360513550936e-08 1.4241288733475329e-05 0.001022888805865487 0.0003491233198094809 1.7090855788969892e-05 9.779606980029907e-05 4.202320649762597e-05 6.335497726664281e-07 2.9128368770450813e-06 0.0002602023248311659 8.577893411254992e-08 2.1987703931515672e-05 0.0026949270970377864 1.9464805274859556e-05 0.00020390596144884986 4.156946985840805e-07 0.000651518477921551 3.613524853470095e-05 0.005813217861865203 0.0002797475604880194 3.942514594810964e-07 0.006598430420881535 0.0019290445471025573 0.0005730728991620304 0.00010175569136299546 0.00032653877676930813 4.7880937318495564e-06 1.2688528318899198e-06 1.5384399949790653e-05 0.0005629700124252322 2.797589051075739e-05 0.0014381311974313857 0.0006037913886702663 0.0012148563404060853 0.00043819434718308397 7.277839066716192e-05 3.679530451956029e-06 1.7736122223389099e-06 1.4642187337610185e-05 0.0 6.251716889320386e-05 0.0007057646892822716 0.0 0.0 1.2211112337839364e-06 8.676707867656164e-06 1.4195097148643965e-06 1.3196515833976513e-06 1.263625323714231e-06 2.3810736645359309e-07 7.495379022490353e-08 1.949085421542807e-06 9.349174098330917e-07 2.5707670494327837e-07 1.2278234513270187e-05 3.921846147058176e-05 2.60970444287679e-07 1.120926524801875e-05 6.605565026756837e-08 4.854026205528389e-06 2.2585693387979976e-05 2.819580016998029e-05 1.050795335785648e-05 1.4166337846705005e-06 0.00016407901140080868 0.0010029117484311187 8.843059271009543e-06 8.367054247525612e-07 5.419355555336889e-06 1.457110053989032e-07 0.0 0.0 3.440601520218017e-06 5.417506468262095e-06 2.6217793554185667e-05 4.6326472423265346e-05 1.7291981198191057e-05 4.225770590152236e-06 1.3504129161513843e-06 4.713079665727713e-07 0.0 0.0
3.170643400804638e-06 1.3527994479509772e-07 1.2710393579170994e-06 0.0 1.3016117998259523e-06 4.611919039141266e-05 4.873137639355075e-05 2.847286349221137e-05 0.0008001287988544478 0.0018168664496259852 2.9919507918306808e-06 0.00195265881578098 1.8663494921090493e-06 5.288557887321544e-05 0.0001170985879913537 1.7377043545329894e-07 1.971415234548012e-07 8.057487470350896e-07 6.686804674803828e-07 0.00164435865947261 5.800252481075102e-07 1.4883551984589762e-06 6.555515492378056e-07 0.0012019408090412163 0.0 1.194495146509785e-06 1.2145849690234111e-06 0.0024650742275247497 7.399295433669416e-05 6.484704684646068e-07 5.44482186335958e-08 1.0030069749817214e-06 3.3216844027304285e-06 3.938748959837971e-05 2.585375372170548e-06 0.00013226063271471014 3.90229766331432e-06 5.780790449264558e-05 2.214638684837855e-05 6.42144320401044e-05 8.943973383515e-06 7.229153262482853e-06 4.172895176462288e-06 5.65711203525897e-08 3.7890607726864164e-07 2.4194931104470646e-07 0.0001751868499911922 2.0312456804294214e-07 1.2419741914201826e-05 0.00011533460604695644 2.3409416613331187e-06 0.00017126714974471908 0.00023019253218353516 0.0 0.00019062683976559834 8.585038786018618e-08 1.7515504620138562e-06 1.8826947413811452e-06 0.0 0.0 0.0 0.0 0.0001779072034972 0.0 3.92449781864486e-06 0.0 0.0004594488902647878 1.3958453195212788e-07 1.3013013773836323e-07 3.8203673840989107e-07 0.00028543191748937684 1.0330268031886537e-06 1.3036443483754444e-06 0.0 8.354902705805934e-08 1.4950687675017377e-07 9.777677027250442e-07 1.0181132491696287e-07 8.554952380609292e-06 2.022519855557671e-07 4.867047529654431e-06 5.965907374438702e-07 1.0670988000315517e-05 6.124935424858068e-07 4.3790678684328935e-07 2.9822293517073954e-07
2.5426441254110425e-07 0.0 6.916360513550936e-08 1.3016117998259523e-06 0.0 0.0005581639059173319 1.5939711770031483e-06 0.00010065498792118246 2.1636674708245536e-05 3.6170827125587805e-06 2.642225172026845e-05 1.0322457644671398e-05 1.0184344359675652e-06 2.130602174496945e-05 0.0008065210215306231 0.0 0.0 2.088785822007583e-06 1.5496059999403366e-06 1.1704275912163687e-06 4.603649765873123e-07 2.063642121048537e-07 2.7054461723930423e-07 5.043863244009462e-06 0.0 2.058792614793684e-06 4.44823849399574e-07 2.7826284044616083e-06 6.84009743610019e-06 4.4567276828243994e-07 3.1510312572459536e-07 5.9598366850738346e-05 0.0 0.0002889775171186212 7.187068820907792e-07 4.153543186479372e-05 2.2459496388475922e-06 0.000268874916002481 4.931588807226577e-05 0.0007798014522226617 0.00013087497096550373 2.4235733900067058e-06 1.3439266795124118e-06 0.0 0.0 0.0 0.0 0.0 0.0 6.191632361049665e-07 0.0 2.458302679977196e-07 3.220420855420754e-07 0.0 2.4257672690550916e-07 0.0 3.074251423307946e-07 0.0 0.0 0.0 0.0 0.0 7.580541480383672e-08 0.0 0.0 0.0 1.398265115202256e-06 0.0 0.0 6.249639698134139e-08 5.662065256866726e-07 0.0 7.725511057642476e-08 0.0 0.0 0.0 0.0 0.0 4.1597529544649614e-07 0.0 0.0 0.0 0.0 1.222232218945936e-07 6.359931150944096e-07 0.0
2.143161777881429e-06 0.0 1.4241288733475329e-05 4.611919039141266e-05 0.0005581639059173319 0.0 0.00017238800577939662 0.004917337263648819 0.00033130602284328885 0.003820810594912992 4.011442284823066e-05 0.002276118731897323 2.0679295391707214e-06 0.0008014728547331942 0.0007596957983172911 1.8140710529518917e-07 3.459384300514414e-06 6.232984066870331e-06 5.771248808038355e-06 0.00018975092762277482 5.606869021138818e-06 1.5139298287091038e-06 9.757223929083696e-06 3.40724516245631e-05 6.710894358825792e-08 1.3582312991029072e-05 2.3518539178473026e-06 8.547286917576842e-05 0.00015345942515816846 5.5931489083055475e-06 1.1986907350153622e-06 0.00020171319716522174 1.1566395842887593e-07 0.00025983703593117537 2.066100335815864e-06 0.00018167525725460942 7.306659058946067e-06 0.0003044245795870416 6.58577572977068e-05 0.001600009713390604 0.00030790340807570544 7.5663170159155455e-06 1.9047070306154813e-06 1.6361198496454772e-07 0.0 6.702870307017065e-08 4.2867746294555576e-06 0.0 1.5570323221383017e-06 1.6066504588978814e-05 2.1865650395417295e-07 1.444940370622165e-05 9.146831925902586e-06 4.5353048270619606e-08 2.9358857054086957e-05 0.0 4.2904722328021526e-07 4.791894111196102e-06 0.0 0.0 0.0 0.0 8.658534745404689e-06 0.0 4.3905114346633515e-08 0.0 2.0023476994318404e-05 0.0 0.0 2.0566549980432549e-07 1.9154238657592264e-05 7.165586403145973e-07 6.045830220436219e-07 0.0 2.371726518361297e-07 0.0 2.730832343271417e-07 0.0 3.6161431258905912e-06 1.2944694498687194e-07 2.2846125344816132e-06 2.29262544889025e-07 1.671526071512605e-05 4.6846380358785154e-07 8.747238523482396e-08 0.0
0.0007077945083417516 6.565468139174251e-07 0.001022888805865487 4.873137639355075e-05 1.5939711770031483e-06 0.00017238800577939662 0.0 0.0014466731144110582 0.0001748173726175083 0.006255519848458242 1.3985723753061159e-05 2.6534145178864826e-06 5.450139140418244e-07 0.003555704263968648 4.251678416535669e-06 1.1541586632481235e-06 0.00010052336684153729 5.138534039246447e-06 2.2894959549736988e-05 3.039630356685634e-06 0.0007646706924067207 4.136725602226792e-06 0.0007881573875874849 0.0003966398525074399 1.3402779629700082e-07 0.0002538943162439394 0.00013602928667820623 0.005989665351736643 0.0013433776364416342 0.00481918460545357 1.0913534933102705e-06 4.5826001965589e-06 0.0001305111073493453 0.00035777318271359434 2.554059381161504e-05 0.0007444902784155918 3.515205129100301e-05 0.000520947040857982 0.0001923995682320939 5.7359088289819524e-05 4.3658533522142346e-05 3.90935327368949e-06 1.4987913724687874e-05 7.943842033100371e-07 8.020813737744547e-07 7.629967706885384e-06 1.3665160379859458e-05 1.1746317440140656e-07 3.226556969595211e-06 0.00013382537313796545 1.9800560996643483e-06 4.2001549699550425e-05 3.405608415442496e-05 1.3601398845241096e-07 2.271912815143098e-06 5.868146440578313e-08 3.6110395179200285e-06 7.498871707563205e-07 2.2151546107393474e-06 4.5088583109739767e-07 0.0 6.033344466823583e-08 1.0339146701619015e-05 8.880810917871892e-07 1.8231371662964714e-06 2.1922304300181612e-06 0.0002475304210842071 6.755937906028998e-08 2.170771666871629e-06 2.011149188959276e-05 0.0001937056559948095 2.6947845523260174e-06 8.528305189066646e-06 0.0 4.160456615222915e-07 2.3256167830832204e-07 2.6981935091396723e-06 1.6681156854442177e-06 3.0957535342224023e-05 1.0990805657612915e-06 1.2715879643123532e-05 3.7608418953335464e-06 1.071030598002461e-05 2.0609652213180064e-06 1.2803329519843563e-07 2.1795871302855136e-06
8.202351704119916e-05 0.0 0.0003491233198094809 2.847286349221137e-05 0.00010065498792118246 0.004917337263648819 0.0014466731144110582 0.0 5.067324844735633e-05 0.0024253885907866454 4.957255590698158e-05 0.00028148613397774904 2.30635816882895e-06 0.003692036750975117 5.258243269483025e-05 3.793587105569144e-07 0.0001760455164362837 1.171716702579012e-05 5.365222226915007e-05 0.00011960730671066951 0.00018865387411776417 2.7452087132473228e-06 0.0003982763761934597 9.61485583409788e-05 5.546232160972064e-07 0.0002986956875834952 2.360343099934194e-05 0.00017314207820352877 0.000249092540177875 0.0003936930241100319 1.1418477416476434e-06 0.0006277365112391121 3.5426756976650473e-06 0.0002470416312108378 5.555732354260456e-06 0.00030554109677739366 1.6475567298402716e-05 0.0003212233449414278 0.00010110618279490712 0.0005777657319962187 0.000160562614304273 7.853941640711625e-06 3.770425969694534e-06 3.456556614409532e-07 1.0239958459149013e-07 7.795989631066667e-07 9.539153558899997e-07 2.90128427395982e-07 1.4514772846788065e-06 2.837339214044689e-05 0.0 1.9478705819866607e-06 1.6067916324105246e-06 0.0 4.335748087833644e-06 4.206080044330766e-08 4.93997731539666e-07 5.472810850931481e-07 5.7834289393472125e-08 6.039004405457272e-08 6.730616725790379e-08 4.937002712692033e-08 2.878109223076865e-07 1.7538447754215756e-07 8.843673666269836e-08 6.344636597164902e-08 3.587964760268737e-05 0.0 4.0954092996751045e-07 2.077525883548758e-06 3.7852016253516195e-05 1.2266525262967264e-06 2.0097199355744328e-06 0.0 0.0 6.250503543290493e-08 1.3967258572942323e-06 1.0007683350909205e-06 5.914138864605474e-06 1.5638494492260559e-07 3.201098396627223e-06 8.59743411005506e-07 3.040452605135837e-07 5.268183417042071e-07 2.2120289654731989e-07 3.007055686203484e-07
2.170069512224559e-05 0.0003124424276481818 1.7090855788969892e-05 0.0008001287988544478 2.1636674708245536e-05 0.00033130602284328885 0.0001748173726175083 5.067324844735633e-05 0.0 0.00012372647180607845 6.704816169918639e-06 0.0010687303158337124 2.119633903332402e-06 9.698593276930931e-05 0.0005298744258616124 6.304085562542483e-05 1.047602135760798e-05 1.3363093540490488e-06 4.834051467235111e-06 0.0004080739586041928 3.155039307754684e-05 0.001147396458963486 9.724547359031386e-06 0.0033862593252781035 1.3032867025477284e-05 2.9052283743082634e-05 0.0005379522287542464 0.0011929166516356268 0.00012987522836338755 0.00015140172975256963 8.301609122743728e-07 6.577609163736461e-06 1.510419566499741e-05 6.205555569632172e-05 1.0579702367947037e-05 0.00033916720655818416 1.6830991727175573e-05 0.00016651227166364886 4.648766661710116e-05 0.00031597658969788534 2.782158702815554e-05 1.3173915496309702e-07 5.325875518062149e-06 6.469651728850927e-06 1.3938462640732698e-06 2.971934739985493e-06 6.469935831432505e-05 6.987867745876966e-08 1.621292173610615e-05 0.00010294430529257507 3.2230104267881834e-06 7.112054091396019e-05 6.889496092367987e-05 2.5014591614814094e-07 0.00013211688971217768 1.243115473347747e-07 8.376912532047836e-06 1.899678497171212e-05 5.673246225855383e-05 3.1482263673046146e-07 1.4211027226383136e-07 3.2948870046054454e-07 7.125156539211706e-05 1.8922796467773535e-05 8.925011591310523e-06 1.729021465731887e-06 0.0008857034621636258 1.1100998141274363e-07 4.3700635366466865e-06 1.0484679432209765e-05 0.00035062476104404593 1.96646880999036e-05 4.947530038995533e-05 0.0 8.120366498600165e-08 1.4274637107186384e-06 3.721268910511883e-06 7.932542471026053e-07 4.7690159623652504e-05 4.443896359687637e-06 1.4027056954976986e-05 3.7689943733207215e-06 8.282964166649833e-05 3.6893957883671695e-06 7.813044505313795e-07 1.1168083942621673e-06
4.0270117539523835e-05 1.0739949518719679e-07 9.779606980029907e-05 0.0018168664496259852 3.6170827125587805e-06 0.003820810594912992 0.006255519848458242 0.0024253885907866454 0.00012372647180607845 0.0 4.950356654507719e-05 0.0021609135662108937 1.8681407123451952e-06 0.0014678175258378222 1.593173973770163e-05 7.395139949692096e-07 1.0855417426546472e-05 1.3814375769545275e-05 1.4037776298058279e-05 0.0015679018829168627 4.650081616964713e-05 6.183954701260711e-07 7.479093433367088e-05 0.00022807273342600668 1.5238373461129214e-06 4.651376349388463e-05 1.1252109044093984e-05 0.002552250627936188 0.0007176199586084709 5.7054621430621235e-05 1.1977840301950597e-06 2.387024542353003e-05 8.506281663552961e-06 0.0003237033735742854 1.0861220227730319e-05 0.0007265188557696822 3.865565260700074e-05 0.0005330869115217215 9.84249968148279e-05 0.00012153793291631055 6.754796828152272e-05 7.696047861230958e-06 1.9388387123270257e-05 2.2737316901099778e-07 3.8072577473116966e-07 7.413406544304218e-07 8.1793206670563e-05 1.4680037167081485e-07 8.34953941843059e-06 0.000137930451296471 3.49014855919529e-06 4.293532864955987e-05 0.0001244393166672987 0.0 7.829854857447532e-05 2.608003539854051e-07 1.2388967493429902e-06 1.0860079637508113e-06 1.5440170566140835e-07 0.0 0.0 0.0 8.342659711109729e-05 0.0 8.399728898421411e-07 2.9562499951696266e-07 0.00025523942987680986 0.0 4.665104438406993e-07 1.6255699316787174e-06 0.0001716626324262516 1.1565214595312191e-06 2.4197162899220064e-06 0.0 3.10819289728267e-07 3.502117075407911e-07 1.2874113944791636e-06 1.4463244123650655e-06 1.3469568397755545e-05 6.591487227195798e-07 2.7370738402626314e-06 1.2053360953479636e-06 9.475785392938104e-06 3.484032059070065e-07 1.2519208960224062e-07 8.509748523161359e-08
1.6678696257583626e-05 0.00012838671305693682 4.202320649762597e-05 2.9919507918306808e-06 2.642225172026845e-05 4.011442284823066e-05 1.3985723753061159e-05 4.957255590698158e-05 6.704816169918639e-06 4.950356654507719e-05 0.0 1.7265788478191983e-05 0.0007597421232138346 0.000283552211171324 2.173797659823486e-07 5.833023988698889e-07 0.00011802343061153957 0.0012428130936588996 0.0007306578243804652 1.1483441574568037e-05 1.1577906723420375e-05 5.14020839318834e-06 2.438477023739419e-05 1.3907326524128534e-05 0.0004639597379500315 0.0012282163340458729 0.0008002957484368632 1.4316514311319637e-05 0.0004374996475152193 2.769334665282321e-05 0.00035631764935679613 9.740647180995425e-05 7.876912744135372e-06 0.0050920743251574386 8.513881878410127e-06 0.0006424253908951068 0.0024139196715772773 0.0030303902946982107 0.0006880457873401504 2.029983904687178e-05 6.947289482603534e-06 0.0004172215830068998 7.246356230891797e-06 0.0 5.426821128105875e-06 5.09017450420492e-07 0.0 0.0 1.136486553209283e-07 6.283353664419116e-06 1.2987412136065157e-07 1.237169144426007e-07 5.780142642253444e-07 4.933384947604724e-05 4.187402156949347e-07 0.00024179499935512614 0.0 0.0 0.0 5.85089695397286e-08 2.6933629081495498e-05 4.235601759285132e-06 2.712751192213666e-07 5.989527471874115e-08 0.0 0.0 7.075468206718323e-06 3.0138879197946466e-05 5.0333623440866376e-05 6.765770932294147e-05 8.097855430925528e-06 1.2468167936555515e-07 6.093354738119689e-07 3.106658660193711e-05 9.3960356755328e-08 0.0 2.7043509812339156e-06 9.822948760814671e-07 1.4653792863571179e-05 0.00010512954405563658 9.049000077635964e-06 2.5590546664551793e-06 1.6673576051381209e-07 2.510094152270902e-07 2.0587922745591455e-05 6.40131823306666e-07
1.5596498179071694e-06 2.4081323780679675e-07 6.335497726664281e-07 0.00195265881578098 1.0322457644671398e-05 0.002276118731897323 2.6534145178864826e-06 0.00028148613397774904 0.0010687303158337124 0.0021609135662108937 1.7265788478191983e-05 0.0 9.224763631287265e-07 0.00028325980878616397 0.0003065033677362344 0.0 6.498520139556876e-07 4.1393042114800894e-06 2.8547192895876384e-06 0.0022258253780231803 1.5483794297085498e-07 9.876239826950293e-07 8.314974946700102e-07 0.00013056891937742213 5.2057295696033686e-08 3.7016511847696184e-06 2.7432305842459735e-06 0.0004830459012046816 8.798682768676053e-05 2.422246987680159e-07 4.0339914821375e-07 1.0593400502617905e-05 0.0 5.128144051288723e-05 3.318219363399287e-07 7.527187195344818e-05 6.139923115848238e-06 8.929984613489744e-05 1.1811201339736125e-05 0.0002993159138120772 1.0769182551185009e-05 1.062287481395695e-06 8.471520588395448e-07 0.0 1.756284261558484e-07 0.0 7.225587951943155e-05 0.0 1.5976140754001056e-05 2.5836102605530973e-05 1.0718195677393907e-06 0.0001051358421699922 0.00017635449014915085 0.0 0.00046268793092501474 0.0 2.993412910433717e-07 9.36228059794894e-06 0.0 0.0 0.0 0.0 0.00013215814452081974 0.0 9.328024364328068e-07 0.0 0.00010233621838962987 5.257109479457079e-08 0.0 1.5111815920882428e-07 4.24265601726172e-05 5.615701267059539e-07 1.851637907964068e-06 0.0 0.0 0.0 5.327559108225667e-07 0.0 5.5647976585929225e-06 1.4349410096687532e-07 2.9770573687297377e-06 2.252246935202055e-07 5.672664160067484e-05 7.515810533517213e-07 0.0 0.0
6.280870262407997e-08 0.00022063307945450645 2.9128368770450813e-06 1.8663494921090493e-06 1.0184344359675652e-06 2.0679295391707214e-06 5.450139140418244e-07 2.30635816882895e-06 2.119633903332402e-06 1.8681407123451952e-06 0.0007597421232138346 9.224763631287265e-07 0.0 1.1427608623834537e-05 5.8481287841924334e-08 0.0 4.23256746047558e-07 3.3934386925239255e-05 2.9848323391923683e-06 1.9518766212013873e-06 6.599537886514022e-07 4.78677908716572e-06 2.0849834605813603e-06 1.3227911976062859e-06 0.0022734170378017585 0.0001829270508615648 0.0013504197857923473 1.1599271533293506e-06 1.2802316088347491e-05 2.5665408600440273e-07 0.00039017407493984027 4.400531220475912e-06 1.4985097207444664e-07 0.0010290167550851916 5.716924745797054e-06 0.0001713464416961037 0.002590020379853657 0.0008368256151157854 0.00021945589689979428 5.186573965063659e-06 8.398568213237216e-06 0.0007800734931931998 1.9608268390662497e-05 0.0 5.381593135129898e-06 1.4724008773234797e-06 0.0 0.0 0.0 8.450119925802172e-07 0.0 0.0 1.917199076544556e-06 0.00012030340157385745 1.0045374685918527e-06 0.000560133308702787 5.880269487093565e-08 0.0 0.0 0.0 5.098563948132347e-05 4.035795835336949e-06 0.0 5.478665087307676e-08 6.118505576363381e-08 0.0 2.2767503749857466e-06 8.031867884196539e-05 7.717732810231337e-05 0.00011660944253918262 3.141649858397352e-06 4.408117515830225e-07 0.0 6.327530157384583e-05 0.0 0.0 9.390880416633323e-06 1.8265597729422788e-06 2.7606650892249922e-05 0.0004337873079365762 1.717995989320825e-05 3.977571534687272e-06 2.5402266983377518e-06 7.456673905413053e-07 8.785904834495886e-05 0.0
0.00209591657126596 5.458281128215019e-07 0.0002602023248311659 5.288557887321544e-05 2.130602174496945e-05 0.0008014728547331942 0.003555704263968648 0.003692036750975117 9.698593276930931e-05 0.0014678175258378222 0.000283552211171324 0.00028325980878616397 1.1427608623834537e-05 0.0 5.027431938321089e-06 1.1645671389304372e-06 0.00038140728195086836 5.865424852816458e-05 0.00015629561046340428 0.00017844439251574282 0.00016680544172489756 9.126087417078171e-06 0.000554596810962088 0.00023635998961091142 7.606506814044813e-07 0.00042141000302243933 4.03091767027744e-05 0.00033140809484539217 0.0019766753158255985 0.0026284541545468754 6.59207261937183e-06 0.0005151650682932519 7.182165411973647e-06 0.0008860172097670823 4.487775414855204e-06 0.000554726872589984 4.626506374756462e-05 0.0009047507570448015 0.00012008378900635505 0.0003056258607294035 0.00012924871322071544 1.0754974608542034e-05 4.720981044333019e-06 7.444887992223387e-07 2.2296145966116573e-07 5.097834096056683e-07 3.1983934017038084e-06 0.0 5.413076003314774e-07 7.593034012618918e-05 5.438383655073057e-07 1.2727283055386105e-05 9.034784130267584e-06 0.0 6.219936643114611e-06 7.366738905283903e-08 1.1177274230336596e-06 0.0 8.368338419419857e-07 0.0 0.0 0.0 2.1626410412005316e-06 1.2137991351073223e-06 4.6910845140666395e-07 4.913386165920895e-07 9.840151145835993e-05 0.0 4.827752997813084e-07 2.0067822283166763e-06 8.706740030601118e-05 3.409880835828457e-06 8.041130243205015e-06 0.0 5.665856557299557e-08 1.97184315701074e-07 1.8403942396377408e-06 3.81605997888302e-07 1.7049167740857712e-05 3.6942400135707276e-07 4.6320070831765965e-06 1.441582423820048e-06 4.287015908329274e-06 1.933279428283742e-06 3.1232022293468656e-07 5.541109316491256e-07
0.0 4.564083131796548e-06 8.577893411254992e-08 0.0001170985879913537 0.0008065210215306231 0.0007596957983172911 4.251678416535669e-06 5.258243269483025e-05 0.0005298744258616124 1.593173973770163e-05 2.173797659823486e-07 0.0003065033677362344 5.8481287841924334e-08 5.027431938321089e-06 0.0 1.94412981784383e-07 2.70655020425676e-07 4.968969477988841e-08 6.448930393729052e-08 3.084543337873354e-05 0.0 2.1559140101962073e-05 0.0 0.0005723604625552896 8.407282644521708e-08 3.9140781785953855e-07 8.525571042740086e-06 8.658412932450813e-05 1.5645752409598154e-06 6.119923145366053e-08 8.218542815235532e-08 6.2037508824905e-05 0.0 2.3589670939288336e-06 0.0 4.595126189535144e-06 0.0 2.5473599783702934e-06 0.0 0.0004772254002695483 4.860143379830375e-05 0.0 0.0 7.160765410073599e-07 0.0 0.0 1.159470394079301e-06 4.86297900324299e-07 2.0473530127225804e-06 4.043283903137193e-06 1.051859301773915e-07 1.895828190091556e-05 5.703545681009098e-06 0.0 2.7422632579007787e-05 0.0 0.0 1.8439849949567504e-06 0.0 0.0 0.0 0.0 3.888333525460659e-06 0.0 0.0 0.0 6.944044485578136e-06 0.0 7.429754656580291e-08 1.8626296678964132e-07 2.8813569257983256e-06 0.0 0.0 0.0 0.0 0.0 0.0 0.0 0.0 0.0 1.8473437435797613e-07 0.0 1.4807639843110155e-05 0.0 0.0 0.0
7.340801842101607e-07 3.174796223581561e-05 2.1987703931515672e-05 1.7377043545329894e-07 0.0 1.8140710529518917e-07 1.1541586632481235e-06 3.793587105569144e-07 6.304085562542483e-05 7.395139949692096e-07 5.833023988698889e-07 0.0 0.0 1.1645671389304372e-06 1.94412981784383e-07 0.0 1.4951700706501907e-05 2.28204909869995e-07 2.058505118855748e-06 0.0 0.0014254591013530332 0.000835530191305788 0.002602662215638435 0.001026779378597147 4.073869666778841e-07 1.5591435884653035e-05 0.002321314186424088 0.00032212665451317705 1.0976476978901076e-05 6.422968641744319e-05 1.784822118904026e-07 7.636125107067443e-08 2.1594706305974575e-06 3.0040721138017787e-05 2.893569050390099e-05 0.00104676129741227 0.0002329973403652111 0.00017623662365074948 0.00023175002392567448 4.742211949217889e-05 1.5029876027906406e-06 5.639444064665442e-07 1.0931385412334442e-05 6.216846374150368e-06 3.865282136573707e-06 8.11178732515197e-06 0.0 0.0 5.541764706193126e-07 1.9111973649008068e-05 8.396997943198191e-07 5.557664751604854e-06 3.7650997440629956e-06 2.080605037585472e-07 6.282824476112383e-08 2.4380565226144753e-07 4.89869154855773e-06 0.0 0.0014577654287915957 5.8043101712187405e-06 4.175945017293436e-07 7.401617934407514e-07 0.0 0.0005117591849031317 0.0005493170121041921 0.0007811036678646344 0.0001751741766096925 4.332530794978614e-07 3.927848436696135e-06 0.00010510319467044181 0.00034688865201534233 3.201464988331106e-05 0.00018808458535930019 0.0 5.3454706813554814e-08 7.177851179594425e-06 4.984548111877047e-06 2.733878507591961e-06 3.152139213717323e-05 4.6970858692956075e-06 1.2449881543619173e-05 1.8677107179125551e-06 6.733035672008641e-07 8.023209941733401e-07 3.7510563949344363e-07 1.933880713053291e-07
0.0002329922050844163 1.5403645727719394e-05 0.0026949270970377864 1.971415234548012e-07 0.0 3.459384300514414e-06 0.00010052336684153729 0.0001760455164362837 1.047602135760798e-05 1.0855417426546472e-05 0.00011802343061153957 6.498520139556876e-07 4.23256746047558e-07 0.00038140728195086836 2.70655020425676e-07 1.4951700706501907e-05 0.0 9.915952956041415e-05 0.0012379083979078397 4.0148635817681527e-07 0.0006087720729178182 2.748177516683452e-05 0.0011819616373031304 5.0248350615742776e-05 4.7601942389954144e-07 0.001100067568355266 0.0040944156924455685 7.484069893847792e-05 0.00034289524726638566 0.0008615805858758246 5.315139828441657e-07 6.896253910777725e-07 4.120703685432538e-05 0.0010610528282227595 7.20097315928276e-06 0.0002406137620361974 0.0001554806328994524 0.0008362780513348924 0.00018468390578228985 1.6142756924546498e-05 2.053797198709717e-06 6.397825907554742e-07 3.874922666496657e-06 3.0680500757901004e-07 9.77295869332071e-06 4.505833973350793e-05 0.0 0.0 1.244755835297353e-07 1.1124630553671941e-06 0.0 3.4343926938326367e-07 7.905547714396071e-08 6.952148512728758e-08 7.726690417522949e-08 5.313631605137195e-07 1.7593543726375774e-07 0.0 1.7858347413879837e-06 3.5270794722578933e-06 4.5114128566114194e-07 7.874118110669822e-06 0.0 1.3717327449510218e-06 1.5311105358014059e-06 3.187633760830255e-06 2.603084764184268e-06 1.3855576068748962e-07 7.948769564528474e-05 0.00013606740025461542 5.382980914508762e-06 4.1578838218678093e-07 1.665822931632072e-06 1.887195680272544e-07 0.0 0.0 6.318891809194824e-07 1.2429626509595772e-06 3.099939319748424e-06 5.506712440609028e-06 2.2292011644547777e-06 1.8515379140668846e-06 1.6702252834084622e-07 0.0 0.0 0.0
9.50194022420321e-06 1.6435210385337943e-06 1.9464805274859556e-05 8.057487470350896e-07 2.088785822007583e-06 6.232984066870331e-06 5.138534039246447e-06 1.171716702579012e-05 1.3363093540490488e-06 1.3814375769545275e-05 0.0012428130936588996 4.1393042114800894e-06 3.3934386925239255e-05 5.865424852816458e-05 4.968969477988841e-08 2.28204909869995e-07 9.915952956041415e-05 0.0 0.0014161326962399325 2.6656496755025678e-06 7.30989163314101e-06 1.4289879569574508e-06 1.1470715243225509e-05 3.1725401881325244e-06 1.0574192483082288e-05 0.0020814155641737716 0.00037820301489649763 3.7560381881533207e-06 7.386544403411803e-05 1.546387624806879e-05 0.00010319225346439472 8.484957812165315e-06 3.2023606847438043e-06 0.0006999716278357046 4.417169574836595e-06 0.0003187017226092484 0.0003901550398286658 0.0008666743576209286 0.0002572477223194997 4.506826454579292e-06 1.0728503031056589e-06 2.5858721775201975e-06 1.6633324462704544e-06 0.0 1.0649433962509132e-06 6.242067075084539e-07 1.8501274643708072e-07 0.0 0.0 1.3738059104031054e-06 0.0 9.465361271860427e-08 7.574233882608306e-08 3.6226111867240886e-06 5.920239179993925e-08 1.1125711690492859e-05 0.0 0.0 6.330902717642174e-08 4.069058202071353e-07 3.4159386915645035e-06 2.574595339697232e-06 0.0 0.0 7.28803461130923e-08 0.0 1.484099570018325e-06 2.417689471874982e-06 2.3445275171848815e-05 2.143020536052207e-05 1.3475916437147544e-06 0.0 8.753922761341547e-08 3.6196656635104173e-06 0.0 0.0 0.0 4.492264348905746e-07 1.1251214207031928e-06 3.8569303719359977e-07 2.3557443492310622e-07 4.119175244016467e-07 0.0 2.82061839528151e-07 3.4066628148625245e-07 0.0
8.140189321947195e-05 1.0092120439552873e-05 0.00020390596144884986 6.686804674803828e-07 1.5496059999403366e-06 5.771248808038355e-06 2.2894959549736988e-05 5.365222226915007e-05 4.834051467235111e-06 1.4037776298058279e-05 0.0007306578243804652 2.8547192895876384e-06 2.9848323391923683e-06 0.00015629561046340428 6.448930393729052e-08 2.058505118855748e-06 0.0012379083979078397 0.0014161326962399325 0.0 2.112407402631868e-06 6.232089480602031e-05 8.379086644233592e-06 0.00018849015878150217 1.2696217808243055e-05 9.323582537255066e-06 0.002722037975030409 0.002480021838432316 1.9105609069812862e-05 0.00019063631128165458 0.00015140302865297888 1.7355044025003402e-05 7.094362882378994e-06 1.9013941745529408e-05 0.0022712426814651375 7.311732117720335e-06 0.0007252653113391622 0.0004554713767048075 0.0017044714313225184 0.00036809935842512426 9.80813469730751e-06 1.4275834984455223e-06 2.5825532322931523e-07 3.2366225994275157e-06 3.096028051808239e-07 1.207758020079152e-05 7.977601816438025e-06 0.0 0.0 0.0 1.2505451574404929e-06 0.0 1.5152106521921e-07 1.603956134844239e-07 1.4686976828042797e-06 0.0 3.4439628621743017e-06 2.468885097758345e-07 0.0 1.5325562764036628e-07 3.981056102671922e-06 3.2180618614945904e-06 1.685813838931333e-05 0.0 4.558066607590459e-07 3.748877320807721e-07 2.9952710764222247e-07 2.1125135315375764e-06 1.8937012612900436e-06 0.00019012240319345503 0.00013522522200674192 1.8727024350133606e-06 2.3338466835296216e-07 4.749467142881368e-07 2.317722910312519e-06 0.0 0.0 6.884081110017516e-07 2.136829797379872e-06 1.6049116096114275e-06 1.4211059047526248e-06 2.0955409967455183e-06 7.674280455468758e-07 1.75915531071263e-07 0.0 1.4940246025343914e-07 0.0
1.7243160759959652e-06 0.0 4.156946985840805e-07 0.00164435865947261 1.1704275912163687e-06 0.00018975092762277482 3.039630356685634e-06 0.00011960730671066951 0.0004080739586041928 0.0015679018829168627 1.1483441574568037e-05 0.0022258253780231803 1.9518766212013873e-06 0.00017844439251574282 3.084543337873354e-05 0.0 4.0148635817681527e-07 2.6656496755025678e-06 2.112407402631868e-06 0.0 1.927512259588967e-07 3.0792266680232253e-07 6.454699818668723e-07 0.00019060829856081343 2.1597163904993786e-06 2.5841223652207085e-06 9.273691740041902e-07 0.0014023009466026643 8.889499682348189e-05 9.90250939411109e-07 6.887389250438339e-07 4.2913400960520015e-06 5.06021692049107e-07 4.6692363396812194e-05 8.933254498873897e-07 0.00011359805272789092 8.925336944520841e-06 8.838701553330337e-05 1.3197275900856795e-05 4.76417384958221e-05 1.1602583206400557e-05 4.8118033824313795e-06 5.072645126375395e-06 0.0 2.573665919614598e-07 0.0 8.082811231787603e-05 5.225120870833216e-07 1.1744736441702105e-05 7.930136417764168e-05 1.5643984538350493e-06 5.8395348215533555e-05 0.00010982173065993786 0.0 0.0001618848948174774 0.0 1.4125975018862785e-06 3.776056118704416e-06 0.0 0.0 0.0 0.0 9.555990996759282e-05 0.0 1.238325478922839e-06 0.0 0.00015769133041076787 0.0 0.0 4.5378806317399316e-08 0.00011588830533526438 5.316556138981042e-08 1.8041653108802116e-06 0.0 4.9140802533688434e-08 7.000543617336195e-08 4.1286183030716244e-07 0.0 8.502006088469209e-06 0.0 6.237557039301378e-06 1.3919065991033876e-07 1.7420553565127543e-05 1.286873109280669e-06 6.411054244397002e-08 0.0
4.858609087458922e-05 9.798693364144865e-07 0.000651518477921551 5.800252481075102e-07 4.603649765873123e-07 5.606869021138818e-06 0.0007646706924067207 0.00018865387411776417 3.155039307754684e-05 4.650081616964713e-05 1.1577906723420375e-05 1.5483794297085498e-07 6.599537886514022e-07 0.00016680544172489756 0.0 0.0014254591013530332 0.0006087720729178182 7.30989163314101e-06 6.232089480602031e-05 1.927512259588967e-07 0.0 0.00010011509071661295 0.00994742798816193 0.0007214808103744821 7.704553149400667e-08 8.921048535358819e-05 0.000300062169848821 0.003126885770143779 8.026519416574759e-05 0.006371617739550272 6.422361537031514e-08 1.0888128132415446e-06 2.6514598870914102e-05 0.0016480886476280285 9.719234663228535e-05 0.002586004133342088 0.0002646322220115391 0.0025353799184761935 0.0011620794333119674 0.0001401501492293474 8.330775011698186e-06 1.4145965393562403e-06 3.21785967813124e-05 1.2639395485134827e-05 4.5811036769630087e-07 2.295840939446073e-06 0.0 0.0 6.664324969832107e-07 2.8302930736057545e-05 1.300849757607757e-06 6.416458400367595e-06 4.212368333683703e-06 4.68467075592398e-07 5.3757304310935856e-08 1.0722552162677994e-07 8.389329987060077e-06 1.0088843086537469e-07 0.00029286126662863546 2.1243580936109304e-06 7.926630704899591e-07 6.631678724250506e-07 0.0 0.0002735336666125649 8.707832276956155e-05 6.078530450047777e-05 0.00018232344501379106 0.0 1.0739135832314344e-06 1.9000172763869997e-05 0.00032620463907624496 4.649741712323186e-05 0.0002167955000949971 1.1016110747499507e-07 6.616085779836919e-08 7.781703425490772e-06 7.99596668804385e-06 9.911747287694358e-06 4.152978728840115e-05 2.5564877249543587e-06 1.3788524452657942e-05 8.281011256353853e-06 5.77812321318372e-07 1.337891552522232e-06 1.4527230959153503e-07 1.7753990154809922e-07
1.3730492926111287e-05 0.001191959148000894 3.613524853470095e-05 1.4883551984589762e-06 2.063642121048537e-07 1.5139298287091038e-06 4.136725602226792e-06 2.7452087132473228e-06 0.001147396458963486 6.183954701260711e-07 5.14020839318834e-06 9.876239826950293e-07 4.78677908716572e-06 9.126087417078171e-06 2.1559140101962073e-05 0.000835530191305788 2.748177516683452e-05 1.4289879569574508e-06 8.379086644233592e-06 3.0792266680232253e-07 0.00010011509071661295 0.0 0.000160694212906865 0.0024431607635785877 7.99264615355745e-05 5.4694869914053e-05 0.002793269150784618 6.637814640216994e-05 0.00012752291146139142 0.00036040609105762495 1.8430040542860454e-06 8.313767136560317e-08 6.37205750272328e-05 0.00013832326397734848 4.093052251872524e-06 0.0002430636582802961 4.342585546294704e-05 7.885257855547349e-05 5.0793754289348144e-05 1.4725376066629152e-05 1.128669837721616e-06 4.724083938380741e-07 1.9199789275609935e-06 5.473672763447786e-07 1.946174345166011e-05 9.384988220509876e-05 1.498647297748816e-07 0.0 3.6848597877896904e-07 1.5473710446502605e-05 1.6937417508866942e-06 8.43552381015829e-06 2.189017690103523e-06 3.710301735558753e-07 8.562976126791223e-08 1.459731666730653e-06 2.4623672287457486e-06 8.734490290384165e-08 0.000865865025930036 4.261684570494123e-06 4.886196751987472e-07 8.553956001290761e-07 3.8026524908028213e-07 0.0001419862984835483 0.0003349893710279012 0.00038785049904712033 8.76155390922631e-05 1.1532606553080374e-06 1.165336952608881e-05 0.0010829110276907746 0.00010098866604592576 5.453534101322341e-06 2.9786927260405214e-05 0.0 0.0 1.2105453468169663e-06 1.4474977316217608e-06 0.0 1.9461219459008948e-05 7.3640747744612295e-06 8.067505732523977e-06 6.257751370449227e-06 5.768976297507085e-07 4.679341343683619e-07 1.659508434781182e-07 1.7522689996056677e-07
0.00020985035480461468 3.027845854772656e-06 0.005813217861865203 6.555515492378056e-07 2.7054461723930423e-07 9.757223929083696e-06 0.0007881573875874849 0.0003982763761934597 9.724547359031386e-06 7.479093433367088e-05 2.438477023739419e-05 8.314974946700102e-07 2.0849834605813603e-06 0.000554596810962088 0.0 0.002602662215638435 0.0011819616373031304 1.1470715243225509e-05 0.00018849015878150217 6.454699818668723e-07 0.00994742798816193 0.000160694212906865 0.0 0.00044886349633032794 9.928534369943016e-07 0.000994114715367134 0.0040813763489320485 0.0012915214147083927 0.0001736132073289849 0.002576489369390472 1.2142164280497863e-06 1.3538004206605054e-06 2.2677380863406812e-05 0.0017668417900100597 0.00018613912074338191 0.0056248840344180874 0.0018194190721292722 0.0035525786528675307 0.003060500821657652 0.00048348707658923143 1.391080894823108e-05 6.2056394035123925e-06 7.761160229892238e-05 1.4165014977064688e-06 4.268797908378077e-06 5.79881011540171e-05 0.0 0.0 1.1405271192631935e-07 8.355204579686925e-06 4.240028754469391e-07 2.21159863844669e-06 5.092782534532064e-07 4.871920384897771e-07 0.0 5.433446793488034e-07 2.454461724178665e-06 0.0 0.0010732304904603565 3.7716970310980315e-06 3.090456924726522e-07 7.625541475768125e-07 0.0 0.00018706143591534161 0.00027937099795254556 0.0007256157932567487 4.4058838819266e-05 4.705741026959276e-07 3.2703320756952644e-06 0.0005543271411835809 7.595359793676409e-05 9.342343973115212e-06 5.677920499187629e-05 0.0 0.0 2.3986352095859765e-06 2.6517464877226078e-06 3.107995160339783e-05 5.454658834457681e-05 1.6972096999647355e-05 1.3860678728377545e-05 2.4128350382869095e-05 1.2645399388751946e-06 1.0842764441141028e-06 1.4425980576268713e-06 6.303724584933218e-07
