0.0 6.015599032448811e-08 0.00019716693336468085 8.496223211286527e-06 4.6297630390907405e-07 7.899066241148424e-06 0.0015781189468452668 0.0001707612501427596 2.2708732805927102e-06 1.610130192718881e-05 6.357574923154078e-06 1.0916715002152061e-06 1.6071362174922422e-06 0.0031871007735453103 8.269633626530814e-08 9.288453500761328e-07 8.937732265432048e-05 4.779424720851679e-07 2.3096429682678444e-06 2.6677116032414444e-06 3.944199609625108e-05 0.0 0.00013037849109272378 5.6787321280458526e-05 4.196401273972441e-07 1.0550473375388564e-05 2.4123207460401088e-05 8.233808059470289e-05 0.002386457228105952 0.003057619376439753 1.1639150671547585e-07 4.392328712999567e-06 7.96902152367964e-05 8.965938251194965e-05 4.237701269275467e-06 4.268432431986323e-05 5.090114782852535e-06 7.611079259634002e-05 1.4600008859090088e-05 1.5225158150181523e-06 3.2220781362128563e-06 1.0930539483067104e-06 4.078197150223092e-07 6.035038447159625e-08 7.373570780523392e-08 3.602923684024828e-07 0.0 0.0 0.0 1.4314789898544816e-06 5.805353655739248e-08 1.4391657762481934e-06 6.030884119374583e-07 1.2505759557414042e-07 0.0 1.1394407518132368e-07 5.522964520805301e-07 0.0 8.876457680880863e-07 2.2162414422536783e-07 0.0 1.339396758037135e-07 0.0 3.7509315174288416e-07 4.583509316422153e-07 5.384764099995799e-07 4.540662513715669e-06 0.0 1.056969204228815e-07 3.0390049637659617e-06 5.171093160220956e-06 1.1399789221809319e-07 1.063912447646511e-06 0.0 0.0 5.516430710086927e-08 0.0 4.5543841361303996e-07 4.3148151479389044e-06 2.968836348955048e-07 1.9192573940431943e-06 6.134096195779773e-07 8.411520575584328e-07 1.172010964814976e-07 6.809104147421317e-08 0.0
6.015599032448811e-08 0.0 6.319598650286598e-06 1.6606824394632666e-07 5.938706104405403e-07 6.244464323258082e-07 4.477864950264274e-07 8.499885899930208e-07 0.00018416662763136386 3.255795225319638e-07 0.0001121807720329535 9.929684450515609e-07 0.00026002011669296445 8.888476666029482e-07 3.910486931801033e-06 1.649958027649505e-05 3.93335472632349e-05 4.102629894352721e-05 0.00013960910578552686 3.34671747116505e-07 2.7737067635696715e-06 0.0005761347523472554 2.302622535055942e-06 0.00032550030839216423 0.0016143420136491568 0.0004902178001359498 0.0034022451085188015 1.2410365809954898e-05 2.7874121421475785e-06 3.5919440748380513e-07 2.5366819773220885e-05 2.8288258557881127e-06 5.501458063509006e-08 4.444519334554832e-05 9.67398047642688e-07 4.215089673542302e-05 6.247780624422221e-05 8.409735264267956e-05 2.4145592106583012e-05 3.6971406506475372e-06 3.333497819660688e-07 6.1001511227968745e-05 2.2157969848574337e-07 0.0 2.5402096396939908e-05 7.975860428092794e-06 0.0 0.0 0.0 9.67652821413174e-08 0.0 2.8525459749518006e-07 0.0 5.357244296758012e-06 0.0 1.357074869784141e-05 0.0 8.34826604181645e-08 3.1267406662821344e-06 3.400497822501457e-06 2.327351321868042e-06 8.14474233034525e-06 0.0 0.0 5.157721080684547e-06 1.1748457228893596e-06 2.544684931153659e-06 1.292028520659976e-05 4.3182121532293446e-05 0.00042756501701873194 5.505293866682223e-07 9.351599436157227e-08 6.082404250831195e-08 7.145567078890882e-06 0.0 0.0 1.031157315112498e-06 0.0 2.872486426887194e-06 8.335572208475947e-06 4.0590915013966725e-06 8.995534494718782e-07 6.486008301799807e-08 0.0 2.940884448178014e-06 0.0
0.00019716693336468085 6.319598650286598e-06 0.0 1.1314392627969159e-05 7.536136803505004e-07 4.775050371157841e-05 0.0002772772665464049 0.00034073211498212793 2.1407389254170716e-06 2.2469830538269202e-05 5.664148033279442e-06 9.123873930798196e-07 2.8876406715249787e-06 0.000694921087179447 0.0 3.093812827514786e-05 0.003836370945627666 1.175903259805162e-06 1.69337168783697e-05 2.5389683710166924e-06 0.000345489342031204 7.229024277238325e-06 0.004414425715637927 5.3922305139658844e-05 8.789216299939418e-07 0.003648754064035012 0.005701779745044795 7.943185824810325e-05 0.0002998967953294175 0.0005675654879373294 0.0 4.121194360526793e-06 3.228420823745659e-05 0.00033283690048568963 1.5509939763118266e-05 0.0006784881055203934 0.00037789639988101373 0.0009127939078120584 0.0003791916696383268 1.1632173027165686e-05 6.79178834364457e-06 1.0381395246056648e-06 4.285558471013792e-06 4.6066547366748435e-07 3.310284702596216e-05 0.00031273267423458307 1.1061833231094604e-07 0.0 0.0 2.202141573775697e-06 5.4381064493783e-07 1.144568504434643e-06 0.0 1.1910415475997071e-07 0.0 6.374660952214745e-07 1.1744337378604381e-06 0.0 4.562579722351134e-05 4.690345264632214e-05 4.3544186782511526e-07 9.39155030906366e-06 0.0 1.774782072819985e-06 3.884396031349462e-05 0.00013863152197208218 1.3029171544114297e-05 1.6906987156987434e-07 2.8438230146793222e-05 0.0013070492083986926 8.720158208712974e-06 1.5753253818591633e-06 4.6493953708883544e-06 1.2265745292937946e-07 0.0 7.880332570445394e-08 2.382068925369554e-06 8.069595471263586e-06 8.115019611427813e-05 2.341405778777326e-05 4.5186841739162954e-05 2.55336331252149e-05 2.4745931043459346e-06 8.985829711029713e-07 1.2028313588054835e-07 4.846552787882548e-07
8.496223211286527e-06 1.6606824394632666e-07 1.1314392627969159e-05 0.0 2.6391012856118286e-06 8.59163693005516e-05 0.00038002742030062185 8.67058933476787e-05 0.0005389051822054042 0.001781806907109102 5.6301944538067294e-06 0.0006674857931436902 3.915417795344446e-06 0.00012406638155530378 6.589703199372844e-05 1.424612806127234e-07 7.267415680584397e-07 7.482462842603273e-07 1.7421473934062392e-06 0.0011675359138616705 3.072388765310986e-06 4.594047797338253e-07 1.2480566395851008e-05 0.0005901345121290737 8.465435266703859e-07 1.887840325086359e-06 1.393547465026538e-06 0.0017447488589808758 0.00014649626468372245 2.8859411873617033e-05 4.221525610647584e-08 6.841263779749402e-06 8.949294635753568e-06 3.83718375699998e-05 4.737518361678948e-06 0.0003025500557381159 6.5368139187247245e-06 0.00010996025285184731 2.2860745474071827e-05 0.00011242417562659835 1.3454088301097722e-05 2.1292475875380885e-06 4.06194143951833e-06 7.607994792651893e-08 0.0 0.0 3.7716807073333006e-05 1.153572870716836e-06 3.891095265169342e-06 4.308904919939924e-05 9.26644536720141e-06 1.8233117250144655e-05 0.00012429794235490073 0.0 4.03687000762302e-05 1.2356539730974192e-07 9.892664987469307e-06 1.372889987939582e-05 8.116727424910194e-07 2.9361917089506656e-07 0.0 0.0 8.101264167775916e-05 0.0 6.958938522787874e-08 1.018065655093195e-07 0.0001894576235614762 0.0 0.0 2.356757595155175e-07 0.0001812168170666608 6.964021389612829e-06 3.215356187807491e-06 0.0 1.703579217319083e-07 1.910892591048441e-07 2.185257507839575e-06 0.0 6.354977175477993e-05 1.8768008145988436e-07 1.6890399429145842e-05 9.81744294372194e-07 9.783296552010753e-05 2.2617830037379554e-06 8.62134942893976e-07 4.5279700885570196e-08
4.6297630390907405e-07 5.938706104405403e-07 7.536136803505004e-07 2.6391012856118286e-06 0.0 2.354752080932725e-05 2.9662434346335708e-06 1.7867647984339536e-05 4.8566096177993035e-05 3.4430773997425137e-06 3.607304138263515e-05 4.825012825807346e-05 2.0260131627512257e-05 4.5450645399227205e-06 0.00041612062407689695 0.0 1.7785523610979724e-06 1.1313314037204076e-06 2.023910361913223e-06 8.82717104446155e-06 6.042211143860584e-07 8.004879099325858e-07 7.813307974167812e-07 1.575894403271764e-05 3.4727678502494034e-06 2.7826074409834524e-06 1.9159018956780837e-06 3.5869215991162184e-06 1.5718863962953097e-05 3.44375608599525e-07 1.3967175655367362e-07 2.828890175259404e-05 1.1985751291654083e-07 0.0002146004051305514 0.0 1.939288338499374e-05 1.208955268068354e-05 0.000239968184047808 2.167212988705965e-05 0.0008606599137260614 9.328691566998753e-05 8.631391663510837e-06 1.1029780027467005e-06 0.0 1.5415254970168452e-07 0.0 0.0 0.0 8.334964080552351e-08 4.170324730853205e-07 1.5023827865616797e-07 4.7533114808195715e-07 5.712810087476371e-08 2.7185333645120785e-07 6.713422782645993e-08 7.693051961094191e-07 8.303797342705327e-08 0.0 0.0 0.0 0.0 0.0 0.0 0.0 0.0 0.0 6.249829457838817e-07 0.0 3.692948367004437e-07 3.1812277488842527e-07 2.8558197298911807e-07 0.0 5.79184720198049e-07 1.3234707570407903e-07 0.0 0.0 6.047507514778723e-07 3.8933812800324155e-07 3.224203162981936e-07 5.405652181784277e-07 2.155243734188146e-06 1.584347426946097e-06 2.676462056733901e-07 6.598347922133208e-07 1.3597970004792913e-06 1.7306238089282193e-07
7.899066241148424e-06 6.244464323258082e-07 4.775050371157841e-05 8.59163693005516e-05 2.354752080932725e-05 0.0 0.0016783126591904721 0.003994824911374438 5.5198642485125624e-05 0.00401757595759593 2.2637680962623234e-05 0.0025922002837223397 2.8788717930444636e-05 0.0006818099752325129 0.0007418072611780946 6.62838440271696e-07 5.364858580919385e-06 1.1345028971061308e-06 3.0529533378976896e-06 0.0004927113287784588 1.025427212322315e-05 3.3423268519962957e-07 3.145927786081709e-05 5.191212627656621e-05 3.6259352542967763e-06 5.183619481146663e-06 4.0640417580531645e-06 0.00017361542523104806 0.0001532308109326409 7.782934818732701e-05 1.50332776076747e-07 0.0002325557558016653 2.6314750472110636e-06 0.00016872296074796987 2.3498480218246903e-06 0.0002138923609533805 1.3797403617643041e-05 0.0003557296856555577 5.9220326841063714e-05 0.0011276108417491825 0.0002556632660387403 1.7549755248201277e-05 5.945056063207634e-06 0.0 0.0 0.0 1.7949416730557045e-06 0.0 2.0080898176657638e-07 2.6459317826436187e-06 6.322452265752707e-07 2.815603686393379e-06 7.512602793940312e-06 5.2902548935469304e-08 3.001961867754706e-06 1.7366030638585755e-06 8.614678090896197e-07 1.9341081601860904e-06 3.085754205729162e-07 0.0 7.215126597653177e-08 0.0 5.760106117267934e-06 1.3439107844467752e-07 0.0 1.449961265658149e-07 1.1741060612145663e-05 0.0 1.7797060255579084e-07 7.956405347358902e-07 1.181623113863151e-05 4.997427610653657e-07 6.766515141484398e-07 2.5868374428096296e-07 0.0 5.696262802770561e-08 1.7389589138269567e-06 0.0 9.53600149603979e-06 1.9538270033295014e-06 6.807534587166563e-06 4.4928264538379914e-06 6.4861195443393335e-06 2.7932281206884355e-06 4.236694560836585e-06 1.441324174631157e-07
0.0015781189468452668 4.477864950264274e-07 0.0002772772665464049 0.00038002742030062185 2.9662434346335708e-06 0.0016783126591904721 0.0 0.0011129192468013025 0.00030930896388124934 0.007328741407679147 1.453643412849444e-05 3.1295294720919095e-05 9.70172723036388e-06 0.004042888066527218 2.1036439294861836e-05 2.96104413221586e-05 1.2388586215125356e-05 9.722596959869338e-07 4.018758773961e-06 0.00018321150356458198 0.00021082036861421962 2.5131000704416114e-06 0.0004868417423120104 0.001333039284770935 1.9665197690538694e-06 1.1814903900452299e-05 9.37964775912514e-05 0.008513104304351784 0.0006962837128958288 0.005056111219509713 0.0 1.546679051126721e-05 0.00012058502154574284 0.00017335399366096238 4.847706932578413e-05 0.0011237920506869566 3.6317441682035826e-05 0.0005419060859048572 0.00016810198049404133 8.265826110210494e-05 7.231567750601192e-05 2.5708626682104215e-06 1.667774173361042e-05 2.896971739822834e-07 1.7262264932425172e-07 5.752333160094142e-07 2.1443955933180274e-05 2.991906576888873e-07 3.6395131694578178e-06 9.271314964885259e-05 1.7567226036166255e-05 6.33744410340022e-05 6.317793358094291e-05 4.0555734077735006e-07 1.1577636531921657e-05 7.339650013983722e-07 1.416182039761943e-05 3.6343547735748605e-06 7.307016455758242e-06 1.7602831799433108e-07 1.0562575749392791e-07 0.0 4.2755999601241725e-05 2.284470810808536e-06 2.3118515790481695e-06 6.973268992523452e-06 0.0002526626071065481 4.802247560316566e-08 2.2662733397839267e-07 9.340949161673919e-06 0.0002950421559807327 1.610599718430653e-05 1.1748549556642685e-05 3.445002135602991e-07 1.6299073904589453e-07 1.6600846433086724e-06 7.886437605096921e-06 3.47664563484401e-06 7.500884506892746e-05 2.7257599777409156e-06 3.265170184120198e-05 9.585006878747316e-06 2.8297033784659708e-05 2.4606848366108493e-06 1.4528684226471858e-06 5.721738572655098e-07
0.0001707612501427596 8.499885899930208e-07 0.00034073211498212793 8.67058933476787e-05 1.7867647984339536e-05 0.003994824911374438 0.0011129192468013025 0.0 7.207396655077677e-06 0.0012803102280830004 7.50743061241624e-05 0.00047465759528344826 5.111451825157908e-05 0.004379728967842104 3.226483579556842e-05 9.75762043228826e-07 8.359994735634009e-05 3.667100090928319e-06 8.697755443669482e-06 0.0003278804434208381 3.498003645283249e-05 2.1974435921322246e-07 0.00018306555479916838 9.803195120102572e-05 1.1844895334523196e-05 3.0116676884472556e-05 2.2659316942037032e-05 0.00020968057611541735 0.0004549596077303254 0.0006237805495456142 4.4286060221187984e-07 0.000127235046052928 6.338919261133607e-06 0.00027472851479754966 3.975893844739785e-06 0.0003243607462382386 4.344621793729256e-05 0.0004898329489077227 7.297567264728017e-05 0.00017141955227826643 0.0001896532537095901 3.15386483164551e-05 8.488775789021162e-06 9.907039929730576e-08 1.477527114146462e-07 6.935431835012332e-07 5.46638369756128e-07 0.0 5.366263536960993e-07 1.1711989673641185e-05 5.254476884384449e-06 5.511360042402557e-06 2.21098854129698e-06 8.758943681035198e-07 1.9217210808939137e-06 3.942693596637576e-06 2.0584671521528028e-06 0.0 9.443148169862418e-07 3.7116926067245016e-07 5.1567573409249833e-08 1.065188968319652e-07 8.443686204165014e-07 4.469301061733968e-07 5.18700646462117e-07 3.145484190431531e-07 3.18729562743318e-05 4.295478882548563e-07 3.5797990038417686e-07 3.6901863598901685e-06 3.417169846863695e-05 3.873409105739598e-06 5.87407073353667e-06 3.4465144769903666e-07 1.0355706947857112e-07 3.1882121012628424e-07 3.1283357957518846e-06 2.0256124213655877e-07 1.7050641324516497e-05 4.238242910352231e-06 1.5910477161370476e-05 9.286137255907465e-06 2.4091234125174475e-06 5.094690440177577e-06 5.91793313765654e-06 5.50794702669674e-07
2.2708732805927102e-06 0.00018416662763136386 2.1407389254170716e-06 0.0005389051822054042 4.8566096177993035e-05 5.5198642485125624e-05 0.00030930896388124934 7.207396655077677e-06 0.0 6.077925080366253e-05 4.486442457596759e-06 0.0002675633934146766 8.602129369164654e-06 1.3908501914196377e-05 0.0006217831319937934 4.644742646219702e-05 4.839643432667186e-06 2.256866826612853e-06 4.1943916683694655e-06 0.000340991860617974 1.721865748957826e-05 0.001005332787831943 1.3972991434926003e-05 0.006473148112490901 4.694569684286157e-05 2.2177353888829873e-05 0.00045112604728951073 0.0009407955331088415 2.3753153674909072e-05 1.090634601964635e-05 6.778487671938307e-07 1.6707016112299762e-06 4.500496472153267e-06 1.0330172864703001e-05 2.4437290337586063e-06 0.00011296312093436771 1.3196661753255282e-05 3.319772610591481e-05 4.51566673485959e-06 0.00018811310715168982 4.614709047051528e-06 5.86246641202375e-07 1.013875441630477e-06 2.596816672722684e-06 2.7798027713163584e-06 1.28623768275703e-06 3.7319330932317824e-05 1.190088162568631e-06 3.7087027113986454e-06 5.649273420265705e-05 1.0516470532510608e-05 9.252927486123472e-05 7.256213297029028e-05 5.733727633939413e-07 4.305244298415363e-05 4.241154479389291e-07 9.514144807080571e-06 1.3087188467943607e-05 6.173335367839603e-05 9.971242766829812e-07 1.2994870859295432e-07 4.02774390784652e-07 5.8908872637600756e-05 3.3963295120063695e-05 4.431085974235195e-05 4.9963472979270715e-06 0.0005088231456722228 2.010450435554212e-07 2.353390605566984e-06 1.239666301431924e-05 0.0003328047212115207 2.537597200242386e-05 4.4687610205507665e-05 3.307553637982142e-07 2.1498799542171245e-07 3.3350399662883514e-06 5.458533412836364e-06 1.4823057103742375e-06 5.6445140924044684e-05 3.2798504228850436e-06 2.0496038830133216e-05 7.8812158486839e-06 6.570751178594308e-05 2.501018409720948e-06 0.0 0.0
1.610130192718881e-05 3.255795225319638e-07 2.2469830538269202e-05 0.001781806907109102 3.4430773997425137e-06 0.00401757595759593 0.007328741407679147 0.0012803102280830004 6.077925080366253e-05 0.0 2.6280432345735052e-05 0.0021246235826923375 7.781177955750957e-06 0.0007689298637427844 1.3170375635941663e-05 1.2109546126940762e-06 3.579124159476469e-06 2.761011705723217e-06 9.285165675483196e-06 0.0014813861728612853 9.626134188097885e-06 1.7260500495874091e-07 2.8561477528426432e-05 0.00013851002691969737 3.53192662588275e-06 5.992950264158738e-06 4.562939613835419e-06 0.003001904462490734 0.00041366392633882334 7.387187410736182e-05 2.663365391546503e-07 2.900258246078455e-05 1.0678328236195348e-05 0.0001438676593427511 8.931272988477926e-06 0.0005150071215058703 2.0327548444527308e-05 0.0003060181439283922 4.5270279349241674e-05 7.205514448987662e-05 4.7306868088934284e-05 5.624777358081066e-06 1.1974901246677201e-05 3.663772331449695e-07 0.0 2.152025441715414e-07 7.913994036369116e-06 1.8381143091439383e-07 1.8290028253766567e-06 1.4961914135258175e-05 2.5376517554266516e-06 7.341280650299617e-06 2.5011153485002768e-05 1.7101226710218633e-07 6.630109819620433e-06 1.1129725160247198e-06 2.1791779850043215e-06 3.884740653244476e-06 4.118356621545723e-07 6.386645383335915e-08 0.0 0.0 2.15246259493363e-05 3.737895427020458e-07 2.1295531553462654e-07 4.267930636333369e-07 6.044394456730512e-05 5.475463715352073e-08 1.6741137009031622e-07 9.750768135223877e-07 6.588861910591541e-05 2.582480038364934e-06 3.138602574102656e-06 8.669265686304404e-08 5.1370810608432855e-08 1.2007661529789392e-07 8.836316385818519e-07 7.815148827543715e-07 2.3553372631453393e-05 1.1270895314126673e-06 8.622073284155952e-06 2.669915312171364e-06 1.425184243260491e-05 8.050007998476356e-07 1.0305315389968078e-06 2.30115346847437e-07
6.357574923154078e-06 0.0001121807720329535 5.664148033279442e-06 5.6301944538067294e-06 3.607304138263515e-05 2.2637680962623234e-05 1.453643412849444e-05 7.50743061241624e-05 4.486442457596759e-06 2.6280432345735052e-05 0.0 1.9255004970984874e-05 0.002454206281421441 9.484084942642299e-05 0.0 7.853697116888827e-07 0.00029808238645684555 0.0008466003389826542 0.0022473453235505 1.837431997970914e-05 4.472650885279288e-06 1.841899399785644e-05 1.3490918026946131e-05 1.473440455239159e-05 0.0015804242004188718 0.0026961158141293267 0.0016348994694352357 1.21234597939818e-05 0.0002521839042889693 7.42289877080479e-06 0.0005591587125863589 0.0002271941512726191 2.2570309257172916e-06 0.0027104156614467414 2.7843412227932413e-06 0.0003124431609354764 0.002512298300726497 0.0029081394457942736 0.0003941984493924752 4.0137485318189845e-06 2.0198581961907283e-05 0.0005877135476942152 2.5404310548609684e-06 0.0 1.5292652914653843e-05 6.043659083887832e-07 1.153279429344206e-07 2.5915757834040984e-07 9.055003009133721e-07 2.0627743327203944e-06 4.151255706234616e-06 1.7597841287143311e-06 4.6625046063947087e-07 0.0003681169923614501 4.746533840352692e-07 0.0010807556163656051 2.1310676549253886e-06 2.3178149383605836e-07 3.311305868623859e-07 1.5070279192934047e-06 3.830307936793516e-05 5.186281350459788e-06 2.1409457674325395e-07 6.363208721994735e-08 8.509439724994379e-07 7.574518866166577e-07 4.368037357980788e-06 9.142739072879149e-05 0.00016925845131116643 0.0004003572343643349 4.625152341762449e-06 6.308271863048626e-06 8.84363751560084e-07 0.0002482121597936325 2.3920363234938082e-06 0.0 3.9453564662190076e-05 2.4563767032245606e-07 6.1137546186526534e-06 0.00034237670915442277 0.00017058790524155667 1.1283021137419957e-05 2.032155270468552e-06 8.158472822775003e-07 0.00013419730856983864 5.1430577978832716e-08
1.0916715002152061e-06 9.929684450515609e-07 9.123873930798196e-07 0.0006674857931436902 4.825012825807346e-05 0.0025922002837223397 3.1295294720919095e-05 0.00047465759528344826 0.0002675633934146766 0.0021246235826923375 1.9255004970984874e-05 0.0 1.2812521614769771e-05 0.0001499730881780566 0.0009031479189831064 0.0 9.378024925208134e-07 1.969035038217988e-06 3.920032858801787e-06 0.0021613571709441855 1.0049372675483722e-07 4.651807904002759e-06 9.143207693604487e-07 0.00020143289389338144 4.061532056564565e-06 3.985986743244793e-06 5.148042038406626e-06 0.00010069626465482899 0.00018607754975213874 2.591975523373459e-06 2.066356249889945e-07 4.455555293592416e-05 5.781337114296241e-07 8.197036823679504e-05 9.370537721805519e-07 0.00040769298433832827 1.3737225655089806e-05 0.00016244243678683262 1.5224877321220243e-05 0.0005755479914058985 4.357420181893472e-05 8.368001744876242e-06 2.628708371667838e-06 0.0 0.0 0.0 1.016128832593616e-05 1.8669250898783072e-06 7.291917815170606e-07 7.063730636626903e-06 1.4008994982779262e-06 5.872296654001181e-06 2.3028164539416767e-05 1.9198182445571445e-07 1.5668775642484343e-05 6.942007852920382e-07 7.438616345581088e-07 8.203028377624218e-06 2.9786602158483445e-07 0.0 1.2881200736709132e-07 0.0 2.517504495915021e-05 6.149470824703583e-08 2.316269956236316e-07 1.2219628867999684e-07 3.312809236678525e-05 9.775362299085847e-08 5.801570314993084e-08 4.137525458706057e-07 2.0186482871109653e-05 1.5402235831514404e-06 2.168445209432222e-06 3.8150918029461046e-08 0.0 4.5686320282455645e-07 2.082337139365771e-06 0.0 3.891352497518193e-05 1.195936931083043e-06 4.961980868618107e-06 1.3784049603396073e-06 6.35412953610268e-05 5.600100704610046e-07 2.246989135029625e-06 1.3745670946391686e-07
1.6071362174922422e-06 0.00026002011669296445 2.8876406715249787e-06 3.915417795344446e-06 2.0260131627512257e-05 2.8788717930444636e-05 9.70172723036388e-06 5.111451825157908e-05 8.602129369164654e-06 7.781177955750957e-06 0.002454206281421441 1.2812521614769771e-05 0.0 2.157044360630103e-05 1.0293820799495148e-06 9.780286504378125e-06 3.889124242983726e-06 3.0110314121929922e-05 1.9547137247256963e-05 8.697291011519827e-06 1.586712860586875e-05 2.9176228031771864e-05 7.3798224421100016e-06 2.2807273227566874e-05 0.0034589438144116643 0.0007793557176316968 0.0016540441111997253 2.061781054050585e-05 3.9212497265193035e-05 1.4063959978576297e-05 0.00041911714900427636 7.600680577884299e-05 7.204430461595233e-07 0.0005289829658406919 4.653085303258924e-05 0.0018859250543507965 0.0017772512250693634 0.0012759371584915166 0.0002148326560463989 4.5307108481970015e-05 0.00011870197309129408 0.00044496875274803487 1.6810105064631067e-05 0.0 1.3443423240704995e-05 5.052841479721536e-07 6.250290446065468e-07 3.7550750159893355e-07 1.7762579009703832e-06 2.1359955260823715e-06 5.083898364077973e-06 6.265031775815122e-07 4.786875189075612e-07 0.00030559066102402215 1.6390963471874351e-06 0.0008850287894923933 2.8203868477324213e-06 3.4054986168147054e-06 5.637038424230618e-07 1.1686460989793017e-07 2.2044787695438113e-05 7.0816377658095845e-06 1.924528000590701e-06 2.1915915097985686e-06 3.2631588378054733e-06 5.340262951476847e-07 3.587714179729194e-06 0.0001022313608182716 0.00010536432941368428 0.00024743336223500477 4.307589097217491e-06 4.5210005144346875e-06 4.993724777347525e-06 0.0001574030607628798 3.0491610544314662e-06 0.0 4.426915662820844e-05 2.599726995059617e-05 0.0004121540478117566 0.00037216617962627035 0.00017161894923246952 3.083987467489539e-05 0.0001003697428022588 2.4950222933435763e-05 0.00015347046446914208 2.672469402000871e-06
0.0031871007735453103 8.888476666029482e-07 0.000694921087179447 0.00012406638155530378 4.5450645399227205e-06 0.0006818099752325129 0.004042888066527218 0.004379728967842104 1.3908501914196377e-05 0.0007689298637427844 9.484084942642299e-05 0.0001499730881780566 2.157044360630103e-05 0.0 1.4094560091598468e-06 1.6492270867530678e-06 0.00020471538218526288 5.6295075633640874e-06 1.7840864178059812e-05 0.00020408126450157827 8.445964187416992e-05 3.7486398927978565e-07 0.0003912063270270242 0.0001943143474746614 1.0862941565447728e-05 4.6060876936046785e-05 5.534546221483972e-05 0.00040129270343830585 0.004926485408312057 0.0023935978292506837 5.937436521323818e-07 6.148966881955965e-05 4.947862964315367e-05 0.0004839433432153402 4.932838594988523e-06 0.00020962814654721374 4.277281826325347e-05 0.000380889461679781 4.7353774767924206e-05 3.77366614807655e-05 4.640491021487338e-05 1.326549567570698e-05 3.3111328535854272e-06 1.3556669982703818e-07 3.7495795863217115e-07 1.9901918263587808e-07 4.123461739939848e-07 0.0 5.861879376215247e-07 1.912549936517845e-05 2.7153946190075178e-06 1.1706491951851475e-05 3.9085691411852765e-06 1.1685492022923654e-06 1.0760860343252462e-06 2.666986860258435e-06 3.5374763126439717e-06 4.942271040899798e-07 2.5902719600747176e-06 0.0 5.219608935701689e-08 9.476461160523947e-08 3.3582156203584137e-06 7.701930088465472e-07 3.765722286606471e-07 1.5516339888398886e-06 4.079650767748738e-05 2.9086291895879206e-07 5.989349719192332e-07 6.504946828522705e-06 4.3780222439633855e-05 6.459658353286645e-06 1.023461190330239e-05 4.370688114902366e-07 1.7833776684013904e-07 3.530555037628444e-07 2.321451755489358e-06 3.7323044093566374e-07 2.48888394179827e-05 1.8631474622177453e-06 1.3514828652450516e-05 4.9064127385858296e-06 4.399854457727149e-06 1.3950572808703793e-06 1.5139014538829695e-06 1.233454416008007e-07
8.269633626530814e-08 3.910486931801033e-06 0.0 6.589703199372844e-05 0.00041612062407689695 0.0007418072611780946 2.1036439294861836e-05 3.226483579556842e-05 0.0006217831319937934 1.3170375635941663e-05 0.0 0.0009031479189831064 1.0293820799495148e-06 1.4094560091598468e-06 0.0 1.8664271827970798e-07 7.918680270408576e-08 2.2929933225172698e-07 2.1795108554687375e-07 0.00011950841215757196 0.0 1.672855640805283e-05 2.712928303295574e-07 0.0005129951186607979 8.33509028119745e-07 6.942437616245153e-07 1.1781834705100043e-05 5.577743089014441e-05 3.050806178183454e-06 3.0973710937344535e-07 0.0 0.00014019910739720306 2.4014187330304525e-07 4.0519437807906363e-07 0.0 3.380946252228859e-05 1.1016167845272097e-06 5.426811216128182e-06 7.007196761706558e-07 0.0008809543538943631 2.1778784925994445e-05 2.4766323276867235e-07 0.0 0.0 0.0 0.0 6.231155933337715e-07 0.0 1.0873730748652011e-07 9.96032224005542e-07 9.03668252500608e-08 4.048468058900126e-06 1.5666221139384073e-06 0.0 0.0 0.0 0.0 0.0 5.14633595339093e-07 0.0 0.0 0.0 1.2968555537514765e-06 0.0 1.7169289343154665e-07 0.0 3.2457524703335307e-06 0.0 0.0 2.375338363330104e-07 3.602621728509222e-06 4.170484835006962e-07 5.704368879136539e-07 0.0 0.0 0.0 4.2435760547148645e-07 0.0 1.5802598270824978e-06 8.985671137508405e-08 0.0 0.0 1.5694878252274116e-06 0.0 0.0 0.0
9.288453500761328e-07 1.649958027649505e-05 3.093812827514786e-05 1.424612806127234e-07 0.0 6.62838440271696e-07 2.96104413221586e-05 9.75762043228826e-07 4.644742646219702e-05 1.2109546126940762e-06 7.853697116888827e-07 0.0 9.780286504378125e-06 1.6492270867530678e-06 1.8664271827970798e-07 0.0 1.076022462567904e-05 3.3436654666011534e-07 1.0145994958288857e-06 8.647423561312897e-08 0.0014744481375812003 0.0021611757695284943 0.0019098385373890673 0.0013535774462768713 2.2893005072004907e-06 4.137272720676723e-06 0.0022647487760592286 0.0003756016597854438 8.674725735403056e-06 1.763921914571882e-05 6.31139872701883e-08 4.980658460774932e-07 3.376871925244508e-06 3.982742892271493e-05 5.4433167800027784e-05 0.001081139814377303 0.0004371773396712387 0.0002896536458108908 0.0004755757002813217 3.831947407919884e-05 4.555013964595488e-06 1.444509034264707e-06 5.421128215107571e-06 3.769405118373127e-06 3.5177317931412942e-06 8.304192804557004e-06 0.0 5.538986875114063e-08 5.422956479031615e-07 1.0604258360714701e-05 4.473040236080928e-06 5.510714357350652e-05 2.2739377904236832e-07 1.666730197848703e-07 5.454335630396204e-08 2.151932264465319e-06 8.53590405384358e-06 0.0 0.001340694865889301 6.0278757340087894e-06 3.19455485078626e-07 1.9285625984793085e-06 7.871932459586711e-08 0.0003926686218074921 0.0005173148724517194 0.0008093461175499112 0.00015386828686600243 1.545945810455035e-07 3.8327751345324066e-06 0.00029495933498976105 0.00015317149631566518 3.1288919296219554e-05 0.0001502818508523763 1.6401610206770134e-07 4.309457383353392e-08 5.687276643361302e-06 1.1590698922422027e-05 1.1198888379136553e-05 0.00019791822756288986 3.99741765864269e-05 4.534359655152377e-05 4.109523083793514e-05 9.011699913415607e-06 5.36640049029902e-07 1.5172142705623486e-07 1.1510810776278438e-06
8.937732265432048e-05 3.93335472632349e-05 0.003836370945627666 7.267415680584397e-07 1.7785523610979724e-06 5.364858580919385e-06 1.2388586215125356e-05 8.359994735634009e-05 4.839643432667186e-06 3.579124159476469e-06 0.00029808238645684555 9.378024925208134e-07 3.889124242983726e-06 0.00020471538218526288 7.918680270408576e-08 1.076022462567904e-05 0.0 6.574777167058066e-05 0.0023727109329676494 1.1369043216555645e-06 0.0002424538828892807 1.860134399239201e-05 0.0025432956442997074 2.3461936644134104e-05 9.717866658921784e-06 0.0012450562449051203 0.004228194179895683 7.284122124278425e-06 0.00026919831277689223 0.0004985528547840239 1.1634399397108956e-06 1.0476707357234336e-05 4.616355496331213e-05 0.0020041813161708797 7.072856776199849e-06 0.0004054447965688575 0.0004472416722010397 0.0015323627813170638 0.0003656801388406235 4.343403206346187e-06 2.719118819942584e-06 3.2276489036094278e-06 1.4759554798847447e-06 5.855764652660338e-08 3.9214068719605447e-05 9.157962890884092e-05 0.0 0.0 4.8779346561197266e-08 1.0238606754492976e-06 1.6343391453746616e-07 1.1717179214067815e-06 0.0 7.264716639862337e-07 5.572052745167336e-08 1.8457570822016914e-06 2.3708392988526146e-07 1.6909211165930154e-07 1.5124467591747412e-05 3.561593113573395e-05 1.2964617143701911e-06 3.314790152489608e-05 0.0 7.687276655283978e-07 1.624084000595789e-05 1.0726696435748887e-05 8.952354557513786e-06 1.4041059857479253e-06 0.00012431967217738972 0.0006260104250963726 2.0691773088039447e-06 4.8562930439785303e-08 8.436905540699057e-07 5.130803554527842e-07 0.0 0.0 2.3470612069850684e-06 1.1301912394386374e-06 2.4954920237774378e-05 1.6755675683045547e-05 2.323403875512253e-05 6.3629811131235706e-06 9.74081171556083e-07 0.0 1.6271200322448048e-07 5.964470551569084e-07
4.779424720851679e-07 4.102629894352721e-05 1.175903259805162e-06 7.482462842603273e-07 1.1313314037204076e-06 1.1345028971061308e-06 9.722596959869338e-07 3.667100090928319e-06 2.256866826612853e-06 2.761011705723217e-06 0.0008466003389826542 1.969035038217988e-06 3.0110314121929922e-05 5.6295075633640874e-06 2.2929933225172698e-07 3.3436654666011534e-07 6.574777167058066e-05 0.0 0.0009991937501500306 1.6119295154446525e-06 1.0757323625659012e-06 6.077224158233329e-06 1.502743878061802e-06 2.7748578183012883e-06 0.00020330563740698595 0.0036708964597788156 0.0005486911872865275 1.697186175040101e-06 1.3776205716714776e-05 8.555959586379355e-07 5.9389012213936836e-05 8.74756653598978e-06 3.371846170142661e-07 0.0001767841099789395 2.921980295633248e-06 0.00021742706845907553 0.0005230925752093787 0.0005010033375459441 0.000177762098223742 1.287125112836047e-06 1.8286529036668024e-06 1.694398985578188e-05 1.2767106169745808e-06 5.5060759815958576e-08 1.0274885249852354e-05 5.9188913786190495e-08 0.0 0.0 4.641720569346688e-08 4.969770306876749e-08 5.33180123266225e-08 0.0 2.104550274355641e-07 1.840055605299497e-05 0.0 9.174282283934392e-05 3.671303808395784e-07 0.0 3.413178526842157e-07 2.4885954064852844e-07 2.8718130305001874e-05 5.203790010098039e-06 0.0 0.0 9.087795699561353e-07 2.5172647261690776e-07 9.174479432837245e-07 3.054305980748907e-05 0.00014072815599910763 0.00038900087461873813 3.101260545574873e-07 7.888253134159026e-07 0.0 5.222641474064807e-05 5.710158649423355e-08 0.0 2.5357503540578007e-06 2.211247279405499e-06 2.211878822178925e-06 4.988156882948053e-05 1.1481007862552644e-05 1.0752517745907903e-06 7.641067167893056e-08 6.550569613017685e-08 3.0686510144522e-06 0.0
2.3096429682678444e-06 0.00013960910578552686 1.69337168783697e-05 1.7421473934062392e-06 2.023910361913223e-06 3.0529533378976896e-06 4.018758773961e-06 8.697755443669482e-06 4.1943916683694655e-06 9.285165675483196e-06 0.0022473453235505 3.920032858801787e-06 1.9547137247256963e-05 1.7840864178059812e-05 2.1795108554687375e-07 1.0145994958288857e-06 0.0023727109329676494 0.0009991937501500306 0.0 6.0392783946970676e-06 4.289534763285984e-06 1.3271162601260329e-05 1.943411237425764e-05 9.990765379067182e-06 0.0001689706661190498 0.0028368415401882024 0.0010503626249939691 5.300505324743185e-06 4.388016634025493e-05 6.205101676226879e-06 5.465069829456477e-06 1.8451925968183423e-05 1.0812248457660682e-06 0.001983421031450356 3.954542872913844e-06 0.0006567304234660119 0.0006145035785280233 0.0013924179188338777 0.0004361196796313621 4.074761090845815e-06 3.0554222365518845e-06 4.5436286995449505e-06 4.549988423782184e-06 4.587669345813054e-08 5.3027471640232605e-05 3.810453332292097e-06 0.0 0.0 3.763009738053085e-08 1.3293076593271714e-06 1.6442959094300037e-07 9.804625580689962e-07 5.4179425480654085e-08 6.864751525948439e-06 0.0 2.3858913741573478e-05 1.9965958777116242e-07 7.373723843767903e-08 8.310148778567872e-07 4.258262212818034e-06 1.8353933715767788e-05 4.0490738139607766e-05 0.0 2.2866612491551566e-07 2.752465392679962e-06 1.2029443194799314e-07 2.1910299972860855e-06 2.137395066363732e-05 0.00023891676592321592 0.0007973270978663985 8.94581201453731e-07 3.4399088030786933e-07 7.423645918420212e-07 1.1119000569732095e-05 1.1129662825240869e-07 0.0 2.5914162608906704e-06 3.436243611850967e-06 6.226547099554426e-06 2.8239076234062945e-05 1.2012147813485968e-05 2.6625653108345463e-06 1.050387982170452e-07 1.7793213393586448e-07 1.1119547870322329e-06 5.931388609875135e-08
2.6677116032414444e-06 3.34671747116505e-07 2.5389683710166924e-06 0.0011675359138616705 8.82717104446155e-06 0.0004927113287784588 0.00018321150356458198 0.0003278804434208381 0.000340991860617974 0.0014813861728612853 1.837431997970914e-05 0.0021613571709441855 8.697291011519827e-06 0.00020408126450157827 0.00011950841215757196 8.647423561312897e-08 1.1369043216555645e-06 1.6119295154446525e-06 6.0392783946970676e-06 0.0 6.796955823831085e-07 3.042534617490675e-07 3.0610292914171477e-06 0.00015581066570676767 2.4981734499813175e-06 3.7044267136405423e-06 2.184828540443675e-06 0.0005943418817276447 0.0002292946089802089 1.1560687452372428e-05 2.436389551693268e-07 2.7043134205973857e-05 2.1292968318104286e-06 8.782787360120357e-05 3.514535117025268e-06 0.00033180138586945017 1.301352298172837e-05 0.00017894811353026408 2.42836272076087e-05 0.00021463654928995427 3.224825877450078e-05 5.590829878178646e-06 5.346030994436105e-06 0.0 0.0 0.0 2.3649506213931453e-05 3.663283906636465e-07 1.3966809068896759e-06 2.0097094380199515e-05 3.821207387481764e-06 1.0520853150298256e-05 5.0124221276732665e-05 7.726766742772559e-07 2.704933558245807e-05 1.359902288858608e-06 3.075917259581622e-06 1.0402992462203777e-05 0.0 0.0 5.1508192523542365e-08 0.0 4.160854276659712e-05 0.0 2.5439587264166654e-07 0.0 8.024735243260856e-05 0.0 0.0 3.3540727340508977e-07 8.856702496313966e-05 4.577765824807315e-06 1.3065155473086197e-06 1.3440935802265307e-07 4.875763836654471e-08 6.122395084724187e-08 1.4539172502643756e-06 1.318217167299491e-06 4.976815996289311e-05 1.0813293726557439e-06 7.249988423806159e-06 2.550148718822062e-06 4.528747111821824e-05 6.988609641406983e-07 1.5169006171882809e-06 5.45896254094867e-07
3.944199609625108e-05 2.7737067635696715e-06 0.000345489342031204 3.072388765310986e-06 6.042211143860584e-07 1.025427212322315e-05 0.00021082036861421962 3.498003645283249e-05 1.721865748957826e-05 9.626134188097885e-06 4.472650885279288e-06 1.0049372675483722e-07 1.586712860586875e-05 8.445964187416992e-05 0.0 0.0014744481375812003 0.0002424538828892807 1.0757323625659012e-06 4.289534763285984e-06 6.796955823831085e-07 0.0 8.125771626667088e-05 0.0065385773335021186 0.000638277823074387 1.0198283161106422e-06 6.057435870295882e-06 0.0004238699190353482 0.0016011410150593305 6.151090013419419e-05 0.005941564619552243 4.9362054506463756e-08 4.615293652981027e-06 7.79876279879258e-06 0.002177882903419135 0.00023793547759276933 0.00247952373327018 0.0008557157700482029 0.0028878621678078225 0.0018197295818738197 6.601695403428229e-05 1.8394593768951843e-05 2.9898969865922215e-06 1.7390756616687317e-05 5.18099573606116e-06 4.5585308872848394e-07 2.410463618980048e-06 0.0 0.0 3.096477740107874e-07 1.3222797684913387e-05 4.829930766221026e-06 3.430036371513863e-05 2.1849762082088156e-06 3.3474687055691027e-07 1.5965054317865409e-07 4.819407893929284e-06 1.1787105877981556e-05 4.413650289029399e-07 0.00032935708892130886 3.3141109860009427e-06 9.961482612512045e-08 7.329364240484306e-07 1.2288325948084208e-06 0.0003052569279831716 0.00016660616511175358 7.944455242966266e-05 0.00015887466254627694 4.776524134102413e-08 5.241307870027951e-07 2.3659695251460337e-05 0.00013776614044680127 4.671978427979581e-05 0.00019857667941338268 3.6656446775881575e-08 0.0 5.250317559084472e-06 1.1154638376789187e-05 2.5403391993119893e-05 0.00021184849969679202 1.1368086659288825e-05 3.614323024006015e-05 1.9324516079669508e-05 1.2722851816575717e-05 6.544269682936914e-07 1.7783040848622164e-06 1.4501636994521752e-06
0.0 0.0005761347523472554 7.229024277238325e-06 4.594047797338253e-07 8.004879099325858e-07 3.3423268519962957e-07 2.5131000704416114e-06 2.1974435921322246e-07 0.001005332787831943 1.7260500495874091e-07 1.841899399785644e-05 4.651807904002759e-06 2.9176228031771864e-05 3.7486398927978565e-07 1.672855640805283e-05 0.0021611757695284943 1.860134399239201e-05 6.077224158233329e-06 1.3271162601260329e-05 3.042534617490675e-07 8.125771626667088e-05 0.0 0.00016189356114520363 0.0037746066253875345 0.000296150526944958 6.078811851508e-05 0.002826287639910445 7.524369530479323e-05 2.013732008198805e-06 1.123153288138401e-06 4.93077532158544e-06 3.46154739222081e-07 1.8224681077585566e-07 9.7005089655616e-06 1.682214037397471e-06 3.3856658731885244e-05 1.6527813021539692e-05 2.301825696223504e-05 1.360288224436605e-05 1.5815420573973173e-05 1.0821752766765256e-07 6.118663904105172e-06 0.0 2.580785896108891e-07 9.822094975779411e-06 9.636787087615838e-06 0.0 0.0 1.214597483474172e-07 1.5994676188385598e-06 7.284128005733597e-07 1.657071138742667e-05 6.734850718497855e-07 1.034853172561262e-06 0.0 2.0683969426378807e-06 4.0277740230398775e-07 1.0853375633080915e-07 0.0003979962117001373 3.283688380423429e-06 3.1833337843312695e-07 1.8389227585887885e-06 5.4308913158927993e-08 5.085593978037111e-05 4.6588785297138e-05 0.00014635494393091668 3.980400569267346e-05 2.017316814437096e-07 6.842977441395699e-06 0.00027665064463001146 2.540981465696327e-05 2.3224701005614047e-06 1.490850278113847e-05 1.2507245227531065e-06 0.0 2.5700612520216566e-07 1.4452486894343126e-06 8.47836168729755e-07 2.664317482427847e-05 1.0905061505245266e-05 8.312435252620681e-06 6.9229416102262605e-06 1.3177896999233874e-06 2.608399959519225e-07 7.307448989527739e-08 0.0
