0.0 0.0 0.00011526507647926617 4.0926849268196115e-06 1.465082969987158e-07 7.100664271914058e-06 0.000733777027682631 0.00010307314711419755 2.2889416400600933e-07 3.737408000030982e-05 4.050999281501942e-06 7.826351647906087e-07 5.1008279204290525e-08 0.001695307074311237 0.0 0.0 3.291993742915048e-05 2.430836316666687e-06 8.187337604411664e-06 4.653914749321648e-06 3.5270620952835686e-05 0.0 0.00012252868484384884 2.227289882931674e-06 0.0 1.569635980314867e-05 7.506726084142398e-06 1.2896025233681667e-05 0.002078444964106201 0.0018750923724399275 4.730799969627708e-08 5.127104374353944e-06 1.6578703077488223e-05 4.2419519792740624e-05 9.525430904880604e-07 1.6885030310583906e-05 6.1580964573700676e-06 2.132526045082798e-05 9.071825708529035e-06 3.0667975244286614e-07 2.597325466066971e-07 9.599378329865283e-08 5.28828512845919e-08 0.0 9.881573912979107e-08 1.8354510542010863e-07 0.0 0.0 0.0 1.1892821607591756e-07 0.0 1.1825359230616957e-07 0.0 0.0 0.0 0.0 0.0 0.0 1.2606050667295528e-07 0.0 0.0 0.0 0.0 3.5603004365088504e-07 6.194626630873067e-08 0.0 4.20062099869803e-07 0.0 4.5359473695387644e-08 6.615089472563674e-07 8.407055599314889e-07 0.0 9.913556640049271e-08 0.0 0.0 0.0 0.0 4.372460783268645e-07 3.445589815698057e-07 0.0 0.0 0.0 0.0 0.0 0.0 0.0
0.0 0.0 2.1984795653641532e-05 5.3441380906919074e-08 1.198313485288279e-07 3.331880403569623e-07 1.2095273325481413e-07 1.2268064125435656e-07 0.0006006862645054855 2.3382745296943235e-07 0.00011626374776489178 1.113975888766618e-06 0.0004351916467723273 2.3632814216321418e-07 9.563439920591607e-06 4.9564448084367986e-05 1.2017369827080745e-05 6.088562274485741e-06 2.7790135965868044e-05 0.0 8.926599311473104e-07 0.0009807121849551399 6.220107107656475e-06 9.329867444412777e-05 0.0012880430651457774 0.00018036267827616691 0.004737666547862588 5.54433136110511e-06 2.2194789125034689e-07 1.3371384799903886e-07 2.453819268648544e-05 6.895331724406395e-08 0.0 9.552107550714427e-06 2.791171026193262e-07 1.1411871279243661e-05 4.683516794577407e-05 2.4346922629402826e-05 2.9197134032636583e-06 6.359874802631768e-06 2.139469133516538e-07 4.019773144227428e-05 7.13428135184188e-08 1.581480270169542e-07 0.00012319447311305576 4.905259429559297e-05 0.0 0.0 0.0 8.993849621760758e-07 4.643900126998328e-07 4.6050247528071064e-07 1.4429603473845807e-07 3.22977869518229e-05 0.0 4.84121846735147e-05 3.8146424295099895e-07 0.0 9.405074608260714e-07 3.5205943336981397e-06 6.862379270186091e-07 3.2279131453474357e-06 0.0 3.4109601671633524e-07 1.8293664870806664e-05 3.8061626592109627e-06 7.545210382413501e-07 2.68562854245025e-05 0.00012005825156527071 0.0009809469815521311 4.5631819950830376e-07 5.3286364808878396e-08 1.6286776194769006e-07 1.3911268774317382e-05 0.0 0.0 4.49267752037396e-06 1.326106509624756e-07 6.928139651451812e-06 1.83925523051586e-05 1.253809558773342e-05 1.6329310438996783e-06 6.249544078593823e-07 0.0 3.1809024412976865e-06 0.0
0.00011526507647926617 2.1984795653641532e-05 0.0 3.927875525686873e-06 8.429875318260451e-07 7.503753668731355e-05 0.0005121944658252984 0.00084434336151913 1.4761481897225166e-05 7.376167230416679e-05 9.542102269880694e-05 1.1116802096726881e-06 5.772263127658868e-06 0.0006259846416323751 1.2659502544506978e-06 2.8018796299224955e-06 0.0018501584645183949 9.414912930681986e-05 0.0001228256741341018 1.6842174788646718e-06 0.0002542233164675497 1.142645379438768e-05 0.006111344113065444 0.00013230528579097995 6.106339570949974e-07 0.004997139886999942 0.005363745302221649 0.00017279403094117013 0.00033082324870016636 0.0008460886436079396 3.5558654858067965e-06 6.159905272538349e-06 1.8935858274145477e-05 0.0002847543669247037 9.574465786566349e-06 0.0003983976759512897 0.002581449804902162 0.0006713140148530857 0.00012961022254223372 1.6923271204572313e-05 2.723422765166034e-06 3.965537916072605e-06 1.4776871753125882e-06 0.0 0.00015694919514561056 0.00045679326266464355 6.176843440386917e-08 0.0 2.034972406115716e-07 5.183782093679874e-06 5.405179489926372e-07 1.422783043578731e-06 8.645871734719854e-08 1.9126762307669132e-06 0.0 3.555499816553481e-07 1.0664886768497643e-06 0.0 2.957987428519913e-06 1.4623053831867568e-05 6.220393286963609e-07 2.729334683208755e-06 3.6053539414509435e-07 1.8626078173907014e-06 1.4859718228534766e-05 2.9004109804649e-05 4.86112860071674e-06 8.399330518478454e-07 6.532640096270747e-05 0.001575047833048148 4.777642548270807e-06 2.4099693089573674e-07 7.715383564932022e-07 5.69120592893859e-08 0.0 0.0 3.1078477004402775e-06 7.732607543019352e-07 2.131790341604519e-05 1.3436832074633978e-05 1.561348043636638e-05 3.752988797514235e-06 5.815786840504063e-07 1.1715787333298069e-06 0.0 0.0
4.0926849268196115e-06 5.3441380906919074e-08 3.927875525686873e-06 0.0 1.3237734069978004e-06 3.1264308528991334e-05 8.53468164494015e-05 4.196797007102308e-05 0.0002587584926871764 0.0016005263292002976 2.678029292892123e-06 0.001193569204671898 1.8412072659879088e-07 2.4440833228414007e-05 2.6881394230980847e-05 0.0 1.798524840808356e-07 1.5826340738614155e-06 6.038490004345029e-07 0.0019814727672863245 3.8841513275200803e-07 5.3567755822939e-07 1.1996632126166598e-06 0.000803985164924182 0.0 1.4165359819278275e-06 7.674667351509795e-07 0.0013649088338840809 6.906045192087712e-05 3.385103358741331e-06 9.363057576450896e-08 3.989868397949749e-06 6.0151200819596414e-06 2.740578864936334e-05 4.992054539442053e-07 8.258938384912641e-05 2.916243248958281e-06 4.049765814770818e-05 1.203150151413506e-05 6.382517387949826e-05 2.1538057937638664e-06 7.529398570641902e-08 6.906155281861776e-07 0.0 5.71294257983665e-08 0.0 8.325990780439911e-05 1.3177248192458622e-07 9.297995129313363e-06 8.107181521923773e-05 4.252444738163217e-06 8.034255830620884e-05 5.819960824435818e-05 3.743592929390354e-07 5.439026666269498e-05 0.0 3.8063200299652233e-06 9.140065450527262e-06 2.297890455663722e-06 0.0 2.2978191737981548e-07 2.2969677330615709e-07 7.754202405598927e-05 1.8391142054307727e-07 5.407440033711193e-07 1.4506749060816986e-06 0.00014296386636569194 0.0 0.0 1.7222062917729318e-06 0.00012876736919628675 1.239859641214361e-06 4.706868587217109e-06 1.3272792612869005e-07 4.428099169149281e-07 0.0 2.3880846690230887e-06 3.1077325584892593e-07 2.4404293444370574e-05 1.0039114438691315e-06 7.84065614753539e-06 1.8802283705169053e-06 5.628705415676931e-05 7.688622786271883e-08 0.0 0.0
1.465082969987158e-07 1.198313485288279e-07 8.429875318260451e-07 1.3237734069978004e-06 0.0 0.00032973011979345914 3.6608501215967667e-06 2.8060943505140626e-05 1.8123721780274633e-05 1.1179343814257974e-05 1.345303612489107e-05 2.8529138915402474e-05 6.421235660068562e-06 1.8929533940649313e-06 0.0008764430266632156 2.1817608998232368e-07 1.947329296689887e-07 2.160287601353437e-06 5.635579574686913e-07 5.602424479785721e-06 2.3716535162333366e-07 5.142827606025332e-07 8.027669181778588e-07 6.685170611086153e-06 1.3224157520807667e-06 1.7800344931753773e-06 1.1622785277282152e-06 3.882662638567885e-06 0.00015098247786407825 1.940892434246785e-06 2.0647510937689694e-07 9.53147461133424e-05 0.0 0.0003289924130341949 1.6277028803782548e-06 8.428250279950383e-05 8.797193240596143e-06 0.00019839822249541404 7.284908313852056e-05 0.0013709170034047105 0.00020389016213189992 4.54230756909942e-06 3.662262284221813e-06 0.0 0.0 0.0 1.0308370484646658e-07 0.0 0.0 3.9274554483740044e-07 0.0 3.2845088539901937e-07 2.0078679140797733e-07 0.0 9.690822400651288e-08 1.2614575777644185e-07 0.0 1.3945103800191533e-07 0.0 0.0 0.0 0.0 0.0 0.0 0.0 0.0 5.260825260486858e-07 5.458207529018232e-08 0.0 1.4948692973557334e-07 6.797020066241853e-07 0.0 0.0 0.0 0.0 0.0 0.0 0.0 1.4145721912590297e-06 0.0 0.0 0.0 9.366680351600572e-07 0.0 0.0 0.0
7.100664271914058e-06 3.331880403569623e-07 7.503753668731355e-05 3.1264308528991334e-05 0.00032973011979345914 0.0 0.0006784585659273106 0.004850840936056572 7.120604904351537e-05 0.002519588733391847 6.209374863252608e-05 0.0015899146655198367 1.0710625231123931e-05 0.0002942494751130051 0.0016788100235884367 5.4014418606990114e-08 4.525981693063076e-06 1.4897990519169668e-05 7.18640389275256e-06 0.00020898826390295682 6.4264637977552e-06 8.845025162373405e-07 2.689721150865505e-05 7.600291654418092e-05 9.980393003249727e-07 2.061842982985899e-05 7.540096737117546e-06 0.00016791018113692863 0.00033079250772947207 4.265703900712002e-05 9.752274794425964e-07 0.00028378574370235544 9.2301684117314e-06 0.0004269603107851638 6.1961421916935e-06 0.00045809207105789183 2.645347629304073e-05 0.0003823457750056732 0.00012780905279507416 0.0022291489830309806 0.00016699292314933373 7.818582415420188e-06 7.022981111022768e-06 0.0 5.933605607525177e-08 3.606148840912779e-07 6.831672670829364e-06 0.0 1.2081136715055006e-06 1.764996358326958e-05 2.063190119085233e-06 1.1524107171130032e-05 6.499356798088813e-06 6.35263539363014e-07 6.138256530036057e-06 2.3746046238509333e-07 1.099396547610603e-06 1.634259726949429e-06 1.2335556766017043e-06 0.0 0.0 0.0 8.89506912127922e-06 7.747364889542363e-07 1.5144046030360105e-07 6.321853541232152e-07 3.0422206466005867e-05 0.0 1.4481027615602138e-07 2.642852696100637e-06 2.9351509151180392e-05 3.4505549294272866e-07 3.0275999535477836e-06 2.5928667879592156e-07 0.0 0.0 9.142110292301461e-07 1.1952188912686147e-06 1.648019174595251e-05 8.76453470873744e-07 2.9893368637874212e-06 5.6690533379841206e-08 1.6401465572004246e-05 9.07101118939249e-08 5.230191921202172e-07 0.0
0.000733777027682631 1.2095273325481413e-07 0.0005121944658252984 8.53468164494015e-05 3.6608501215967667e-06 0.0006784585659273106 0.0 0.0021480328388618305 0.00020214767048786425 0.005033011961474339 2.1112300939310852e-05 5.0114430094247775e-05 2.1259293693909425e-06 0.003832518913405799 7.968564033330923e-06 2.5199526658426154e-06 1.0828472538202332e-05 8.199096883057292e-06 4.642352708195933e-06 2.28405458872058e-05 0.00012026228062971719 1.1130362148540937e-06 0.0004746008189562026 0.0009025445342037242 2.6088888210760947e-07 4.3772357706873704e-05 0.0001380511381127541 0.007676472055186271 0.0009320428915823282 0.003908493297041548 3.5024648389762093e-07 2.61656167504706e-05 0.0002085862154029584 0.00033202882476825944 4.493859841240881e-05 0.0015300231113129668 4.3232955366687015e-05 0.0005915527353148955 0.00036542626852363754 0.00011648783803899663 3.1660460471572675e-05 1.113813805009234e-06 1.5720261733903104e-05 0.0 6.392136006552114e-07 2.5966825268170484e-06 2.4536699701577382e-05 0.0 3.8601398314377465e-06 5.450713835229204e-05 4.78869940122615e-06 5.1987285921728834e-05 2.5270364191507105e-05 5.788656993470893e-07 8.386637393509911e-06 0.0 2.4549828585573965e-06 1.7473878932971756e-06 9.53920621951392e-06 1.7272843478056767e-07 3.2973093999993933e-07 0.0 3.152193944158259e-05 4.512836296947483e-06 1.6231215313246703e-06 8.193423051022015e-06 9.345388217723045e-05 0.0 4.899650300376768e-07 2.668141982549422e-05 9.95088865888088e-05 1.346669958597257e-06 1.0993920279993068e-05 5.5804750831147045e-08 2.7776115279817605e-07 0.0 1.4090564201358697e-06 5.129083551483214e-06 4.794757224914122e-05 4.2587195943532935e-07 5.146507822976587e-06 9.964647143996386e-07 1.1233278702321259e-05 1.2159190062596497e-06 1.1378690910540277e-06 6.469361127757687e-08
0.00010307314711419755 1.2268064125435656e-07 0.00084434336151913 4.196797007102308e-05 2.8060943505140626e-05 0.004850840936056572 0.0021480328388618305 0.0 3.364884332124979e-05 0.0026876301604350176 5.68418287741301e-05 0.0002056099814223007 9.719875108670688e-06 0.004061786634885253 9.139191957586324e-05 1.8115447241516478e-07 9.543915074678087e-05 2.0300856821398495e-05 2.275438287851113e-05 0.00018880326705509638 7.923951458433843e-05 2.3364383038179803e-07 0.00036039398707424084 0.00011591827223523372 9.876261505910853e-07 0.00011119841782599345 2.9210840811273023e-05 0.000180518778796736 0.0008929223331617688 0.0005989770531849403 5.214328993460911e-07 6.0059251014418834e-05 1.244649642334502e-05 0.00029642018928341846 5.607731420951366e-06 0.00033920579721469696 5.1629815669947244e-05 0.0002744993611470094 9.64470062841066e-05 0.0004939933490268832 5.068767886083064e-05 5.214283129334194e-06 5.651105856711718e-06 0.0 3.3212696140312943e-07 1.8355269235865303e-06 2.345742111526893e-06 0.0 9.464040588406276e-07 2.1217403274695664e-05 1.847741990600804e-06 1.0615396290358812e-05 5.325290957281351e-06 2.806234404211192e-07 1.6553996533392377e-06 7.695549461496938e-08 4.88777855183514e-07 0.0 5.288168137475623e-06 9.650668499802211e-08 0.0 0.0 5.235625508180027e-06 1.1119812329097837e-06 6.261378034534053e-07 7.212031989503811e-07 3.063801661734809e-05 1.011383897404225e-07 1.0122804456773605e-06 1.0161794456220121e-05 3.914089034556017e-05 0.0 5.025443453920297e-06 0.0 2.5593182145027946e-07 0.0 2.214054419370327e-07 4.673851058861275e-07 1.1634647260274628e-05 2.83701478033569e-07 1.936744633501685e-06 2.738074783266067e-07 6.5339524406636265e-06 0.0 0.0 0.0
2.2889416400600933e-07 0.0006006862645054855 1.4761481897225166e-05 0.0002587584926871764 1.8123721780274633e-05 7.120604904351537e-05 0.00020214767048786425 3.364884332124979e-05 0.0 0.0001920493403536755 7.68423433818483e-06 0.0002995237095944433 1.6911045002765225e-05 7.93345393896957e-06 0.0003886139000750924 8.769713917184522e-05 2.6619494968841807e-06 1.5631341766008464e-06 1.6783539161601856e-06 0.00029899017317530803 2.6105765113259595e-05 0.001993468798827528 2.0013338430869673e-05 0.006452736308616336 5.665819993447756e-05 1.563108122219052e-05 0.0009105165287386546 0.0009599156232933152 1.4508631228324406e-05 2.977141580683284e-05 1.9900813170925423e-06 3.237899998966369e-06 6.348106887786207e-07 1.7139760604110995e-05 1.032307173277697e-06 0.0001388472631989865 8.191422689368133e-06 3.243691807028702e-05 1.21670648670905e-05 0.00014499900945485816 4.886215945869195e-06 7.910903034664193e-07 6.288061161208507e-07 6.583817349738948e-08 2.7606675805224675e-06 1.9669536770219957e-06 6.614418540953931e-05 2.5483116360412263e-07 1.213951534502899e-05 8.891647888093899e-05 1.052534399855161e-05 6.571253987365022e-05 4.640729515227734e-05 1.5169458417719373e-06 4.9285949510816374e-05 1.9255109340540366e-07 6.178633326038347e-06 6.895123983200582e-06 3.7166760599050725e-05 7.217467886849682e-08 3.6410539251742766e-07 1.0416781366677665e-07 7.220492098423401e-05 1.1621431940465081e-05 8.699581199511575e-06 4.44776755719419e-06 0.00038478185175369405 1.67758600666847e-07 1.2531062875474113e-06 2.3269698975197895e-05 0.00022767495796240827 3.056659123954394e-06 1.1780357199640855e-05 3.1910842146871526e-07 2.0425879474590332e-07 1.3327308440386234e-07 5.191842513730729e-06 6.687010785994084e-07 2.273698993723194e-05 7.947815186551912e-07 1.2168605247759022e-05 1.710261264705838e-06 3.340757050067316e-05 1.2864619157490947e-06 0.0 1.8819637816764714e-07
3.737408000030982e-05 2.3382745296943235e-07 7.376167230416679e-05 0.0016005263292002976 1.1179343814257974e-05 0.002519588733391847 0.005033011961474339 0.0026876301604350176 0.0001920493403536755 0.0 4.412895151353645e-05 0.002863674701666417 2.4507706738346207e-06 0.0006741579075768585 8.049941636544836e-05 1.7898583772728309e-07 3.0858467818243913e-06 1.740297326986914e-05 7.154085291318837e-06 0.0017599966544837979 8.331375335577206e-06 4.758722354085126e-07 4.270063433030163e-05 0.00035779430236443404 1.1056659342073909e-06 1.9781820497058157e-05 1.9330486322342514e-05 0.0023293656483368112 0.0007142487647126752 6.307759100188973e-05 6.013596748559271e-07 5.846140209318854e-05 4.924208836982977e-05 0.00032533783472397416 9.919786086066724e-06 0.00073512732981655 2.7557969051157346e-05 0.00045659551779381706 0.0001391321088664808 0.00022868530863813947 3.0229069402744607e-05 1.7259378424441918e-06 6.912662964834979e-06 0.0 6.190059409756803e-08 0.0 9.979337751147369e-05 1.129345268753996e-06 1.4254744898208662e-05 0.0001230556649737062 1.1429578807022654e-05 5.215432790233577e-05 8.360019498194117e-05 9.35125096847711e-07 4.2261645821134744e-05 4.9527621179893056e-08 3.1672168028976505e-06 6.01483587347762e-06 3.1401969124048583e-06 2.2079496225051762e-07 0.0 0.0 9.498883264682164e-05 1.6189446996613478e-06 1.3234652090715328e-06 3.3433126212044413e-06 0.00017301928193161746 0.0 4.300302417222236e-07 6.5355634499466944e-06 0.00014421365640782693 1.4990980569391413e-06 1.2146863603365874e-05 5.044381496252503e-08 6.119256521124027e-07 6.339433559578943e-08 4.29945076611668e-06 1.095329591292615e-06 4.768023835556084e-05 8.808988846641729e-07 7.568131812911986e-06 2.0187382620234877e-06 4.792752482049584e-05 6.190304323529147e-07 2.039746150512161e-06 1.6835817069225532e-07
4.050999281501942e-06 0.00011626374776489178 9.542102269880694e-05 2.678029292892123e-06 1.345303612489107e-05 6.209374863252608e-05 2.1112300939310852e-05 5.68418287741301e-05 7.68423433818483e-06 4.412895151353645e-05 0.0 1.1764440886159427e-05 0.0017529047716918866 3.4411781177797775e-05 1.0240362735337036e-06 1.4228667999553063e-06 0.00014325782907015437 0.002804277583848882 0.0005285511227618447 1.3343519414366001e-05 6.009272355979042e-06 2.113373305713159e-05 6.919723538065767e-05 1.6596934996065043e-05 0.0009519072653631888 0.0016045282302753626 0.0009399193200030091 1.4903214301849506e-05 9.491510065442767e-05 1.4968669338087481e-05 0.00018308854255410378 6.558958149368243e-05 2.3302201143858994e-06 0.0033376931559373456 3.91252296045457e-06 0.0003105718488122823 0.0033674220591937898 0.002042761230887761 0.0002903700812318221 2.018842517564707e-05 2.803357360496558e-05 0.0008260765778244681 6.6001386308740485e-06 0.0 8.131265109238618e-06 7.485115901903723e-07 1.905677052059977e-07 1.654425600707766e-07 8.256808787324714e-07 2.4816092852577002e-06 7.323292485349835e-07 5.551327613099849e-07 3.010205428965275e-07 0.0004626030365583285 3.2815275934865204e-07 0.000609667070959379 6.584480159630076e-07 0.0 7.267235280679484e-08 2.2426785873390634e-07 2.6482773209911877e-05 1.3011760000774204e-06 7.910464839784894e-07 6.210633864348189e-08 9.435173388913895e-07 2.4780627190363705e-07 3.2536652638347626e-06 0.00016287317732852503 0.00029643157552620606 0.00042905364856800826 2.9945173584377847e-06 1.3954857797501868e-06 3.4519303734399e-07 0.000267699975031407 1.1377319120304556e-06 0.0 9.268738577450176e-06 2.3834803417726e-06 1.3855898571970007e-05 0.0005233151163160527 3.4886557353952065e-05 2.055390792764197e-06 8.331475748009457e-07 3.254934667122437e-07 6.121501133703454e-05 0.0
7.826351647906087e-07 1.113975888766618e-06 1.1116802096726881e-06 0.001193569204671898 2.8529138915402474e-05 0.0015899146655198367 5.0114430094247775e-05 0.0002056099814223007 0.0002995237095944433 0.002863674701666417 1.1764440886159427e-05 0.0 6.759124716208384e-07 4.786131467036664e-05 0.0007623571189117102 3.4367180394266147e-07 2.32790315480958e-07 3.979555926377342e-06 1.8345524686705317e-06 0.002345057720148593 1.3053068126053098e-07 3.760668962729671e-06 4.026709965511125e-07 0.00023742809657612403 1.0450875902978311e-07 2.892846056110807e-06 4.0960172968292845e-06 0.0004846250801311914 5.254525118315338e-05 1.5164304488610498e-06 2.7197782555798695e-07 1.758305916386113e-05 4.6964846197194776e-07 6.03609219812719e-05 4.206326463583561e-07 0.00021685359369583325 3.4128810647058367e-06 5.845960271140787e-05 1.2997746751451478e-05 0.0009621257693229034 6.36656488657629e-06 2.4573391645129648e-06 2.2485410908173194e-07 0.0 0.0 0.0 8.09304830323571e-05 8.816089316163647e-07 4.7329922505262504e-06 1.7989882770118245e-05 1.0858601973674577e-06 9.364308642945528e-05 2.803234187617742e-05 2.068570324013611e-07 0.00012871384058237917 0.0 2.805701469480534e-07 2.2984114945825802e-05 5.365928404131406e-07 0.0 0.0 0.0 5.892837223335875e-05 2.9187291016034667e-07 6.60930594971725e-08 0.0 8.4375041833411e-05 0.0 1.337466249612478e-07 5.545719951333173e-07 4.7767848736003345e-05 5.643359462176744e-07 1.267211420132286e-06 4.7775816003196846e-08 0.0 0.0 1.1628800427439494e-06 2.58914395837361e-07 5.864728261529426e-05 0.0 1.4680484934154049e-06 3.8515876499239307e-07 0.00016726190189576696 0.0 3.1374027031340047e-07 4.401741191711469e-07
5.1008279204290525e-08 0.0004351916467723273 5.772263127658868e-06 1.8412072659879088e-07 6.421235660068562e-06 1.0710625231123931e-05 2.1259293693909425e-06 9.719875108670688e-06 1.6911045002765225e-05 2.4507706738346207e-06 0.0017529047716918866 6.759124716208384e-07 0.0 2.318253843743254e-06 6.598070770305424e-08 1.691507700092692e-05 2.6479892716146093e-06 9.1486262158333e-05 1.3374588686140858e-05 1.106629948179116e-06 6.983004477403942e-06 5.549293710143156e-05 2.3451321913480315e-05 6.769138456458291e-06 0.0032220709630838167 0.001162279164134955 0.002414115042683375 6.0744358503464255e-06 4.08377027218459e-06 7.41344562139928e-06 0.0003795687101270029 1.3960964214577177e-05 3.9588167381176546e-07 0.0003187951923248824 8.132215423392335e-06 0.0007051516780861381 0.0025712221031201033 0.0017816914890494303 9.993282436424022e-05 3.128913867039462e-05 4.345925381746524e-05 0.0008248392970448198 4.709698610882882e-06 0.0 4.234895352491385e-06 3.520615215586686e-07 0.0 8.485196342247114e-08 7.302975751203337e-07 4.238985360819952e-07 9.043773795835419e-07 3.7468630228027617e-07 1.8711005493709886e-07 0.0003941153260420511 2.4968268194443616e-07 0.000522962795616229 3.624859869288728e-07 0.0 0.0 0.0 6.414899811639162e-06 1.0711239984622205e-07 0.0 0.0 3.200306753540324e-07 1.5830069953082613e-07 1.3809120964123295e-06 0.00016883807213566857 6.615343287527041e-05 0.0001362413932907695 7.567165743229423e-07 5.012689816501315e-07 1.2866944657309423e-06 0.00011128742836326681 2.784513992321544e-07 0.0 7.066317547503435e-06 1.0010376693621465e-05 6.657825146928092e-05 0.0004135398454608885 2.8405889152263488e-05 6.479537221184891e-06 8.375971406105713e-07 3.6980772179806105e-06 7.654439562103061e-05 0.0
0.001695307074311237 2.3632814216321418e-07 0.0006259846416323751 2.4440833228414007e-05 1.8929533940649313e-06 0.0002942494751130051 0.003832518913405799 0.004061786634885253 7.93345393896957e-06 0.0006741579075768585 3.4411781177797775e-05 4.786131467036664e-05 2.318253843743254e-06 0.0 3.0738779609192883e-06 4.6490719928301294e-08 0.00011814314614861663 1.5063622968609056e-05 2.7663756292556778e-05 8.035402532330055e-05 0.00011975885174184615 7.169804920882904e-08 0.0004520265310876723 3.6719049339730745e-05 3.4591785072178647e-07 8.296941291434863e-05 3.140370614065557e-05 8.185926160362737e-05 0.003171474909425148 0.002297569783470031 4.244932786930842e-07 0.00020113819640487927 2.6563118933385363e-05 0.00019438011252053374 2.5370818118114957e-06 0.00011361986842022581 3.607194754847164e-05 0.0001422582083672112 4.5226550831035004e-05 4.7012629804231326e-05 8.37844463661254e-06 1.98369859328908e-06 8.596023920891569e-07 0.0 3.890090080524204e-07 7.424869918826815e-07 1.190477263201991e-06 0.0 2.3247416044056806e-07 6.6509519644730215e-06 6.680630331961118e-07 2.3755193893389617e-06 8.909583967737052e-07 2.698484339102097e-07 1.155935696525194e-06 0.0 8.513346663331719e-08 0.0 2.0499000961463e-06 0.0 0.0 0.0 1.5929591306653435e-06 1.1722678393425127e-06 1.1561601565283043e-07 4.32181869739476e-07 1.0410241681785835e-05 6.398507381503108e-08 4.7528153040542453e-07 4.571077426808411e-06 1.2516931413551506e-05 2.883766442675776e-07 1.3617693281629248e-06 0.0 0.0 0.0 5.218663701502162e-08 2.874601884464008e-07 3.994939456446141e-06 1.7283226109526886e-07 5.218319360710125e-07 3.816976270273691e-07 1.3679030599885216e-07 0.0 3.7862127974806775e-07 0.0
0.0 9.563439920591607e-06 1.2659502544506978e-06 2.6881394230980847e-05 0.0008764430266632156 0.0016788100235884367 7.968564033330923e-06 9.139191957586324e-05 0.0003886139000750924 8.049941636544836e-05 1.0240362735337036e-06 0.0007623571189117102 6.598070770305424e-08 3.0738779609192883e-06 0.0 7.444473723597127e-07 9.369764655993995e-08 1.4972324052414163e-07 1.0422547690937907e-07 0.00011421719852908062 7.899377066281261e-08 2.8914733439422905e-05 4.013301711518892e-07 0.0003068256986819489 2.2836121820330068e-07 8.19408842224765e-07 2.324832320673635e-05 3.418440766775575e-05 2.3603315725376968e-06 6.365107948576228e-07 0.0 0.00013624072712604686 1.5522697632765705e-07 8.886952008635587e-06 5.5759225066314855e-06 7.115503254146774e-05 6.39570626327231e-07 9.270091146605027e-06 1.0655855100734954e-05 0.0010191070950914293 8.032002008309277e-05 1.305447645405775e-06 0.0 0.0 1.945985481836842e-07 0.0 8.452539397382416e-06 0.0 2.4666573991045795e-07 3.249599126848563e-06 0.0 2.3805187216114654e-05 5.146433721428651e-06 0.0 2.7835439167708598e-05 0.0 3.3205920044984086e-07 3.1077587771064792e-06 0.0 0.0 0.0 0.0 7.01271635630031e-06 0.0 2.500357253687106e-07 0.0 1.3391599029000458e-05 0.0 2.669452941090557e-07 1.427450470448957e-07 5.468556840995637e-06 2.5470010742485917e-07 0.0 0.0 0.0 0.0 4.2868150718776625e-07 1.1153374299736194e-05 1.1124894496552257e-05 0.0 2.7048067386799874e-07 3.136781310095699e-06 3.436960442057748e-05 0.0 0.0 0.0
0.0 4.9564448084367986e-05 2.8018796299224955e-06 0.0 2.1817608998232368e-07 5.4014418606990114e-08 2.5199526658426154e-06 1.8115447241516478e-07 8.769713917184522e-05 1.7898583772728309e-07 1.4228667999553063e-06 3.4367180394266147e-07 1.691507700092692e-05 4.6490719928301294e-08 7.444473723597127e-07 0.0 7.460136553538583e-06 5.670322859373674e-07 4.3793260455164273e-07 5.162373762315778e-08 0.002427841111095382 0.0023227911668520598 0.0031302886886145744 0.0018244485068408436 9.788130174387762e-06 6.900846074616319e-06 0.0023716226673876476 0.0005857637029309103 3.1693942878451177e-07 4.660377169749583e-06 1.7308121616629721e-07 7.41986203007315e-08 3.4399010696098245e-07 3.725095250583213e-05 2.0898984405812388e-05 0.0008410769997090631 0.00023120878578146127 0.00020860794951097538 0.00025675464452556973 1.4753933470965482e-05 2.2509817252054413e-06 3.057738265114403e-05 6.092027080990393e-06 2.31013534709322e-06 4.433517609561105e-06 8.083934437672183e-06 3.294396712399429e-07 0.0 3.94277082627704e-07 7.167567561973283e-06 3.90543632730596e-06 1.2727337318851525e-05 9.545984101133705e-08 3.618830399278513e-07 0.0 5.558898607890543e-08 4.316482426365508e-06 2.1441060347416305e-07 0.0011934779106827658 1.1274193998605268e-06 4.857060843520383e-08 5.6246957483662196e-08 4.7361327861769893e-07 0.00022191650273442934 0.000433224674870709 0.0009251681321276286 0.00010186187384835055 5.31613207534116e-08 1.1188203392819688e-06 0.00045043733960625575 0.00015503540163415793 6.336827877814405e-06 6.969595322884879e-05 0.0 8.849097758056136e-08 4.75463167405212e-07 1.575998032598756e-05 4.915042603200795e-06 0.00010440418111472162 8.661490612308765e-06 1.316193428344771e-05 7.072331579383608e-06 1.4427894355117134e-06 1.441994178053556e-06 2.8821103575960357e-05 2.911840514234509e-06
3.291993742915048e-05 1.2017369827080745e-05 0.0018501584645183949 1.798524840808356e-07 1.947329296689887e-07 4.525981693063076e-06 1.0828472538202332e-05 9.543915074678087e-05 2.6619494968841807e-06 3.0858467818243913e-06 0.00014325782907015437 2.32790315480958e-07 2.6479892716146093e-06 0.00011814314614861663 9.369764655993995e-08 7.460136553538583e-06 0.0 0.00011461738335558776 0.0009819578942968502 2.3510736732437052e-07 0.00017445986065495607 8.963801761471002e-06 0.0024424235227194177 1.5173519169998012e-05 2.1660471052301462e-06 0.001681126004402812 0.0018901787851148427 8.749194994465885e-06 0.0003180664847221478 0.0002538116895563648 1.6237259841246539e-06 1.918516756223555e-06 3.310232642789207e-05 0.0009739805661334204 1.8697948334460917e-06 7.799863814868432e-05 0.0004612040770110935 0.0004834597862410419 4.642566125673322e-05 1.7960158549575487e-06 7.693757523825356e-07 2.971592167132581e-07 2.1741764340369288e-07 0.0 1.8192455402188278e-05 1.5302343707220956e-05 0.0 0.0 0.0 1.8682122571904823e-07 4.7007559587210827e-08 7.588189427844463e-07 0.0 3.4945676578667475e-06 0.0 1.7372285075952175e-06 1.463682872207225e-07 0.0 1.0404757008363785e-06 3.184632947505451e-06 3.824224588585843e-07 4.5291193278364026e-06 0.0 2.4166357171657605e-07 1.2735575950947665e-06 2.03706628600464e-06 4.931097804492359e-07 2.5365185544233097e-06 9.851545700044188e-05 0.00025680096535963523 2.758961801862572e-07 1.6320441135483443e-07 5.254911382691075e-08 1.0185450085505128e-06 0.0 0.0 2.273218795910496e-06 0.0 5.570234096395473e-06 7.725510911808514e-06 5.401779155975808e-06 4.5810340906344307e-07 1.33381365373826e-07 0.0 1.914485533105444e-07 1.468480096733563e-07
2.430836316666687e-06 6.088562274485741e-06 9.414912930681986e-05 1.5826340738614155e-06 2.160287601353437e-06 1.4897990519169668e-05 8.199096883057292e-06 2.0300856821398495e-05 1.5631341766008464e-06 1.740297326986914e-05 0.002804277583848882 3.979555926377342e-06 9.1486262158333e-05 1.5063622968609056e-05 1.4972324052414163e-07 5.670322859373674e-07 0.00011461738335558776 0.0 0.00038041471885253054 5.038824138505067e-06 2.011980376528156e-06 1.3420162057102516e-06 3.739589959563404e-05 4.082584813498362e-06 4.2932073479087555e-05 0.002184697387288097 0.0002684902661136209 5.794878962163113e-06 3.411344102348586e-05 9.593342065306322e-06 6.222462177232996e-05 1.2511345072864738e-05 1.190215387047223e-06 0.0008294785100034808 4.739851401001775e-06 0.0003474790760619993 0.0010405012516686663 0.0008466924523467052 0.0002525730410111712 6.718617712884088e-06 6.394886053101452e-06 4.77704190278016e-05 1.4745809556391737e-06 0.0 3.932135109860797e-06 4.893922691388856e-07 0.0 0.0 0.0 9.40614959371084e-07 1.2688410120079362e-07 3.4517994279811486e-07 0.0 4.04889527696034e-05 0.0 5.114488927944009e-05 0.0 0.0 5.338858567615692e-08 1.8518989553136062e-07 7.881826595548412e-06 8.293508651084262e-07 0.0 1.882886674050074e-07 2.9998450523180475e-07 6.016503161996895e-08 1.2227631836312802e-06 4.9404285874086566e-05 0.00014317695695553246 0.0002069004513947461 1.5392723635785631e-06 6.928455610885967e-08 0.0 5.218617355741222e-05 0.0 0.0 6.227226956958657e-07 1.926903598796936e-06 1.2978536443689811e-05 4.146656124567573e-05 3.4487794411330928e-06 2.744346620476852e-07 5.884385615906259e-07 0.0 4.907687797590973e-07 0.0
8.187337604411664e-06 2.7790135965868044e-05 0.0001228256741341018 6.038490004345029e-07 5.635579574686913e-07 7.18640389275256e-06 4.642352708195933e-06 2.275438287851113e-05 1.6783539161601856e-06 7.154085291318837e-06 0.0005285511227618447 1.8345524686705317e-06 1.3374588686140858e-05 2.7663756292556778e-05 1.0422547690937907e-07 4.3793260455164273e-07 0.0009819578942968502 0.00038041471885253054 0.0 2.092747867647655e-06 2.7133237996474253e-05 3.3441819949732703e-06 0.00019526314364605354 3.363575988064198e-06 2.0993234983227433e-05 0.00241508045070385 0.0006898791341772812 2.6633013500463903e-06 9.653984536691036e-05 3.7198561914252804e-05 1.0591664714184004e-05 3.651546760460585e-06 9.733294766875647e-06 0.001995764529963789 2.741726969474391e-06 0.00021333713949363943 0.0004519791685396705 0.0009594545635912234 0.00016064260232740755 3.336002480249123e-06 3.216624949263826e-06 4.633441803295582e-06 1.2228540002858323e-06 0.0 3.549774380640149e-05 1.1790488875689362e-06 0.0 0.0 0.0 2.8747002042785835e-07 5.394916362795443e-08 4.337700336902538e-07 0.0 1.6767855305835187e-05 0.0 6.074054717128281e-06 9.488305726727974e-08 0.0 2.410898290959125e-07 7.433264342064575e-07 5.416059282329755e-06 8.290345218431663e-06 0.0 1.2269702789011918e-07 1.3679052190385034e-06 5.253811374405256e-07 3.598501264434682e-07 2.0334131664224003e-05 0.0002492341879427665 0.00047338409751410495 5.661621186715363e-07 1.2743880358409246e-07 2.46452278144864e-07 5.563189116303444e-06 4.756787550046346e-08 0.0 3.746069909631852e-06 6.529520010698562e-07 7.955482338416513e-06 2.621144152342661e-05 9.401032051052866e-06 4.781107974810326e-07 1.5386491473424947e-07 0.0 4.182598319744622e-07 1.34543576443237e-07
4.653914749321648e-06 0.0 1.6842174788646718e-06 0.0019814727672863245 5.602424479785721e-06 0.00020898826390295682 2.28405458872058e-05 0.00018880326705509638 0.00029899017317530803 0.0017599966544837979 1.3343519414366001e-05 0.002345057720148593 1.106629948179116e-06 8.035402532330055e-05 0.00011421719852908062 5.162373762315778e-08 2.3510736732437052e-07 5.038824138505067e-06 2.092747867647655e-06 0.0 3.1180330353395437e-07 3.185990886605132e-07 1.1913286172075066e-06 0.0003625963557001693 1.6451871107195121e-06 4.997923490544785e-06 1.6858133083655572e-06 0.0011149020095768858 0.00013877787338826834 3.3444364417816895e-06 2.2099173474428312e-07 1.8319642113620174e-05 3.1037287350071623e-06 8.603842336166995e-05 2.555530764735755e-06 0.00022483747824080829 6.628639360234741e-06 0.00012029652580127425 3.388504438210012e-05 0.0003048878423997449 1.027405098271923e-05 1.9639411638084937e-06 1.4257174803779182e-06 1.954430504348548e-07 0.0 2.0349113252999792e-07 4.941016650989399e-05 6.098411022719487e-07 3.828940418773192e-06 7.130475458251967e-05 7.315653744368586e-06 4.851344822910315e-05 3.581676694355056e-05 4.3295105251707833e-07 3.6149346903165437e-05 4.478094056724218e-08 1.333656024636138e-06 7.0215568724805574e-06 2.9383777777065723e-06 0.0 0.0 0.0 4.735399760289756e-05 2.007491826026287e-06 3.8363693370030027e-07 3.569798263461466e-07 0.00010373797644043214 0.0 2.2026031504260935e-07 2.342865987530645e-06 9.720800138688306e-05 1.2681556003696446e-06 7.222917458178771e-06 0.0 0.0 1.084969487755984e-07 2.9667165081956062e-06 0.0 4.509328013081283e-05 5.9591945941009394e-08 6.622220655955595e-06 4.3091462181110024e-07 7.387484161056607e-05 8.730734873532658e-07 0.0 1.7552553754746595e-07
3.5270620952835686e-05 8.926599311473104e-07 0.0002542233164675497 3.8841513275200803e-07 2.3716535162333366e-07 6.4264637977552e-06 0.00012026228062971719 7.923951458433843e-05 2.6105765113259595e-05 8.331375335577206e-06 6.009272355979042e-06 1.3053068126053098e-07 6.983004477403942e-06 0.00011975885174184615 7.899377066281261e-08 0.002427841111095382 0.00017445986065495607 2.011980376528156e-06 2.7133237996474253e-05 3.1180330353395437e-07 0.0 9.608750045785768e-05 0.004963271214446581 0.0008435608057593998 3.755980377169619e-06 6.830446817609706e-06 0.0001143609679918272 0.0027894636314604654 0.00026249779592748564 0.0067836387512144915 0.0 2.238580308188257e-06 2.7666756405072945e-05 0.002608551575368871 0.00014111310570212647 0.003728846747731847 0.0007294408664494209 0.003631325319952539 0.002195337428643142 4.681442730707567e-05 1.2857796692411704e-05 1.1908752311049044e-05 2.6478290191744918e-05 2.0096977255477933e-06 1.3633057967066919e-07 8.831502497185536e-07 7.980325570674997e-08 0.0 1.8048337324837927e-07 4.765106790365839e-06 2.2206643158294414e-06 6.39365154891913e-06 8.788343826177422e-07 5.116825558126471e-08 3.593711162927944e-07 0.0 4.4991236796493785e-06 0.0 0.0002586307358795194 2.737936234998831e-07 0.0 8.758157096530946e-08 2.20511702274216e-07 0.0001296465782054472 8.009788492654994e-05 8.986207849251894e-05 5.776003998044685e-05 0.0 4.933510293726353e-07 2.57038719836649e-05 9.876348223322985e-05 5.0760862631681956e-06 5.5245074760660706e-05 0.0 0.0 3.9335416441931543e-07 6.2029114777108796e-06 1.7216130136251468e-05 5.341061338913667e-05 1.542174835365962e-06 6.447947765991668e-06 5.446260778401837e-06 1.5094044868622824e-06 1.8725763356928623e-06 1.3006785401987787e-05 2.7163591692652687e-06
0.0 0.0009807121849551399 1.142645379438768e-05 5.3567755822939e-07 5.142827606025332e-07 8.845025162373405e-07 1.1130362148540937e-06 2.3364383038179803e-07 0.001993468798827528 4.758722354085126e-07 2.113373305713159e-05 3.760668962729671e-06 5.549293710143156e-05 7.169804920882904e-08 2.8914733439422905e-05 0.0023227911668520598 8.963801761471002e-06 1.3420162057102516e-06 3.3441819949732703e-06 3.185990886605132e-07 9.608750045785768e-05 0.0 0.0003386510976658432 0.0022900929893771627 0.00021619827710322282 5.269442013834151e-05 0.003664180275978276 7.992932680199455e-05 4.312395274626148e-07 1.3402656173519816e-05 5.532030526291629e-06 1.0240371113189104e-07 0.0 4.565977632648495e-06 0.0 1.3963070849469071e-05 1.8342868579128968e-05 1.6772050236611523e-05 4.02740879647546e-06 1.7892897595355956e-05 2.2553721773337588e-07 4.4057684067470485e-06 0.0 1.108504365250701e-06 9.646464143388699e-05 2.8485412628308687e-05 0.0 0.0 1.4793827455412856e-07 7.0537845502298985e-06 1.9425181804299886e-06 1.4406380112202028e-05 4.6350380572250965e-07 2.6810740848255302e-06 0.0 2.1728504008980964e-06 2.5733989036893236e-06 0.0 0.0005829676544041289 1.3057809621255106e-06 5.649979515397483e-08 4.907855908234889e-07 4.1690550236346965e-07 8.313814099858049e-05 5.86457501917399e-05 0.000327621546366243 5.064082980503759e-05 1.492441224209687e-05 2.8047377839796605e-06 0.00062521095367405 5.702115726231629e-05 3.3445234311972133e-06 2.110114879659228e-05 9.346278510287256e-07 0.0 1.76040535555194e-07 2.1924448350224172e-06 1.3848977358956877e-07 7.868492775265649e-06 2.586095372417328e-06 5.525446630699393e-06 2.4088614026083648e-06 2.597806805039079e-07 9.000236239235552e-07 2.203427191526663e-06 0.0
0.00012252868484384884 6.220107107656475e-06 0.006111344113065444 1.1996632126166598e-06 8.027669181778588e-07 2.689721150865505e-05 0.0004746008189562026 0.00036039398707424084 2.0013338430869673e-05 4.270063433030163e-05 6.919723538065767e-05 4.026709965511125e-07 2.3451321913480315e-05 0.0004520265310876723 4.013301711518892e-07 0.0031302886886145744 0.0024424235227194177 3.739589959563404e-05 0.00019526314364605354 1.1913286172075066e-06 0.004963271214446581 0.0003386510976658432 0.0 0.0006413418644706384 9.00721022902603e-06 0.0003318146140042372 0.007047069300812139 0.001501781962387351 0.0005661926244312658 0.0030009434770422 5.797435321630283e-07 4.677931478793511e-06 4.262607029171408e-05 0.0018393769959155282 0.00017766176808386506 0.005471209429523504 0.0049654292987429665 0.004972254197366795 0.0039441775078492254 0.00017744439519000156 2.2565433360968053e-05 3.893466473747549e-05 3.2127281102144985e-05 7.406806457818186e-07 8.240950343764182e-06 6.831696159816897e-05 3.145944126304746e-07 0.0 3.248130301156205e-07 1.2394533755472172e-05 1.7514089707257116e-06 5.2589932752061215e-06 1.4879229434050284e-06 1.2313726261031716e-06 4.516224355683963e-08 7.716796063409286e-07 3.1168671040609324e-06 7.154439128240114e-08 0.0009846318540536365 2.0922276030342438e-06 0.0 2.823570579083924e-07 4.492953782813909e-07 0.00010073477480721917 0.00022215885574801086 0.000873638575516188 4.157886419728548e-05 2.348189699163163e-07 6.449930858936374e-06 0.0009568031656742385 6.14120287113562e-05 2.8373696321949926e-06 3.1308489109726854e-05 0.0 3.3790010235622286e-07 4.938917256111777e-07 9.350266873495206e-06 3.3855845205606194e-05 9.728934053169622e-05 8.467629178551753e-06 1.3322362444398723e-05 1.9137546238253302e-05 1.467304362998964e-06 2.8957381496955562e-06 3.213443934193933e-05 5.825559955556121e-06
