0.0 0.0 2.5368223222038115e-05 1.6302812202395555e-06 1.0920202907735131e-07 3.0588828217208403e-05 0.000534035362580065 0.0007251632760802928 1.9766732689959948e-06 4.290808034829899e-06 2.772616677736963e-06 1.0617316869350487e-06 2.1072632903082343e-07 0.0035083526338600237 0.0 1.875466202940085e-07 1.264263290635683e-05 1.0062118994568028e-06 3.1805259657722805e-06 8.379965827088852e-07 3.806938118996889e-05 3.1509810715266194e-07 3.5068438316003214e-05 1.5397616360652297e-05 0.0 3.787376609027561e-06 7.845924584293252e-06 4.6580685981724805e-05 0.000533847098950355 0.0013797073604347964 1.5216674859896307e-07 7.310600526449957e-06 3.323327932000157e-06 0.00011000771556957657 1.9550736529897125e-06 3.498482586740222e-05 2.737060512161789e-06 7.696345456779236e-05 1.7876557997667508e-05 4.317254134444437e-06 2.133299786118386e-06 3.3974155529836304e-07 9.746463695517203e-07 0.0 0.0 6.027711335117751e-08 0.0 0.0 0.0 8.477775889940309e-07 0.0 2.7469205802153675e-07 3.9664377109796466e-07 0.0 0.0 0.0 3.378500936799228e-07 0.0 5.425797939291797e-08 5.600876867488268e-08 0.0 5.760491427244068e-08 2.393972928902971e-07 0.0 0.0 0.0 3.892854836402686e-06 0.0 4.912136158770469e-08 2.657514221218289e-07 8.84076297552458e-07 0.0 0.0 0.0 0.0 0.0 0.0 0.0 3.663237566968941e-07 6.181436114741988e-08 0.0 0.0 0.0 0.0 0.0 0.0
0.0 0.0 4.8075970844444174e-05 4.121676605971042e-07 5.093102469955588e-08 2.134524318631453e-07 4.222798042086944e-06 6.996333980182533e-07 0.0005346851606554463 1.4792897149001772e-07 6.1159522963207e-05 4.870285000026112e-07 0.00031899700223386143 2.919610395929899e-07 1.5536889604668018e-06 7.000307749155582e-05 0.000158653777230312 3.3997069419395754e-06 3.8103369927718575e-05 8.977031121235078e-07 1.1893240067260428e-05 0.0016521783169107392 1.7565887912875663e-05 0.0003518850031138267 0.0023326782712631026 0.00029647438804396216 0.004148763679757931 1.10751805181445e-05 1.0659098271236143e-06 2.8455971622861824e-06 2.1163583345728202e-05 3.7633576765386665e-07 1.304516142758148e-07 7.693136188218975e-05 1.0187252850934582e-06 5.1663758062627776e-05 4.68802989931411e-05 7.713484042965395e-05 2.068181603106216e-05 3.727446470126991e-06 1.0986221741685989e-06 8.660034364231436e-05 0.0 0.0 6.146820454204491e-05 1.7543488378270558e-05 0.0 0.0 5.579088836049208e-08 0.0 4.118349051991952e-08 1.1220107299862696e-06 0.0 5.276184347654629e-06 5.028780094042622e-07 2.303229032080778e-05 9.767487597701104e-08 0.0 5.8417885793838235e-06 1.7915186441477976e-05 7.903759324642255e-07 1.7211412446524377e-05 0.0 2.639216070285752e-07 1.455603469890143e-05 9.822382138393957e-06 3.6603831251004194e-06 1.1010061527694692e-05 0.00014602912053060437 0.0013907710023654694 9.945325317768716e-07 4.6544293125378565e-08 1.699806047492538e-07 4.8457811375121e-06 0.0 0.0 2.883382666773058e-06 3.4548066301227236e-07 1.894424009247357e-05 1.7448466316476613e-05 1.387748575090176e-05 6.817507119045204e-06 4.234101969244203e-07 0.0 8.430495122598481e-07 0.0
2.5368223222038115e-05 4.8075970844444174e-05 0.0 1.7672244293603735e-06 1.6448219015976855e-07 1.8527949212229597e-05 6.409660156326042e-05 0.00016272353041838994 2.4183050521083845e-06 1.7379483387350022e-06 6.306183691504677e-05 7.377452775076572e-07 7.521914483103431e-06 0.0001374597103850363 0.0 1.8268405729034535e-05 0.004243001991006794 9.753160459426792e-05 0.00021267623227028815 4.098697154552986e-07 0.0006934615869996219 1.0811886746815662e-05 0.007767373434476162 3.068212236645423e-05 6.340685469775347e-07 0.0036739891063701136 0.005627115197585632 5.7089183374044575e-05 0.00017922851830509673 0.000237711665703407 1.0714365232051599e-05 3.3930421535192747e-06 2.3673310921821555e-05 0.0005528126998274916 3.2807792877697437e-05 0.0011831787584999428 0.00215894299694619 0.001442131253389865 0.0007526212047633377 3.7236679396544944e-05 5.885931382779368e-06 6.956006829015076e-06 1.0163250171074622e-05 0.0 0.00013437558747109355 0.00018321283280122333 0.0 0.0 4.862153331939712e-08 1.545300917946104e-07 4.911155327796179e-08 7.967223004012233e-07 0.0 1.1358241621329162e-06 0.0 9.153105463025212e-07 3.042997733924109e-07 0.0 4.268694327554991e-06 7.635684096601378e-05 1.3559903880079334e-06 1.3691070010742532e-05 0.0 1.6587448072658255e-06 2.465047018432465e-05 3.770424047923175e-05 3.173264808148183e-06 5.271286457316653e-07 0.00019152267600156014 0.0011957198775898509 1.4193069746936702e-06 1.5942320382771785e-07 8.817983166158599e-07 3.8611774078665324e-07 0.0 1.412207628211282e-07 2.0127957575861997e-05 2.1803132800161495e-06 0.00010202893190440131 6.360763876469557e-05 6.956298757073981e-05 3.603079316748038e-05 8.226689073474619e-07 8.938915230526539e-07 3.51212567311735e-07 7.490089566354455e-07
1.6302812202395555e-06 4.121676605971042e-07 1.7672244293603735e-06 0.0 5.112428955244428e-07 3.5295802486843774e-05 0.000561106395669425 5.335669636759548e-05 0.0006449974155648827 0.0024945076430847577 3.5206791504607906e-06 0.0009129933788392765 4.166440133542358e-08 4.770328235370035e-05 3.8932329577301796e-05 3.792725605704185e-06 2.7907514194325164e-07 5.320451698605337e-07 1.1167668320453264e-06 0.002451759136756533 4.037565747411298e-06 6.028261503387182e-06 5.212819430572574e-06 0.002562358489350063 4.5375370732125376e-07 1.1563518357581118e-06 8.558043501161827e-06 0.0014722962977195408 8.397572272845936e-05 1.0792665288348213e-05 1.312532468318162e-07 2.500609855256359e-06 4.640451588206587e-06 8.043988222040756e-05 8.7355336674693e-06 0.0004245582207940543 1.2230398629158235e-05 0.0001418474270650927 4.9355550580226265e-05 8.63710487086973e-05 9.657521583197166e-06 1.4931338704284631e-06 4.3244845567011825e-06 5.028025713168628e-07 2.612924047031798e-07 0.0 3.9314528464862816e-05 0.0 8.851211749915117e-06 3.5320079559662244e-05 9.693493049786376e-06 4.1320935331194404e-05 6.12829066895059e-05 7.926547763722713e-08 2.7205039187143437e-05 0.0 3.64704575355012e-06 2.0426670567986757e-06 2.139805156544649e-06 0.0 0.0 0.0 4.8959191873368e-05 3.8017711725395697e-07 3.5962023164572825e-06 2.1306498964496715e-07 0.0002547750572639917 1.2329975438272973e-07 0.0 7.359812160444439e-07 0.00015057154407176895 2.708248620270596e-06 4.746700457075116e-07 0.0 1.4367872124746043e-07 5.7074917960602116e-08 1.6969803313865625e-06 2.5852968950813545e-07 8.456311420856093e-06 1.7707969553639829e-06 4.433725551336547e-06 2.161488660567091e-07 2.9634789066474136e-05 7.344186144666831e-07 6.941243720761502e-07 1.0465821272823659e-07
1.0920202907735131e-07 5.093102469955588e-08 1.6448219015976855e-07 5.112428955244428e-07 0.0 0.00025987158385682856 1.075595367192342e-06 5.924185300976705e-06 1.3474207619117507e-05 3.516527003291853e-06 1.2789435284602636e-05 3.550797338213544e-05 1.2090550881877304e-06 4.27729888401862e-07 0.0003256881450390888 0.0 2.242892277813983e-07 5.109606239562329e-07 7.487068606953647e-07 1.8238303463104992e-06 1.2621267854779594e-07 0.0 0.0 3.3184512164245585e-06 0.0 1.8032569431890444e-06 6.341838974943974e-07 7.778404411746957e-07 9.793887156786033e-06 3.710583137074123e-07 3.223539431194981e-07 5.2127839904127345e-05 0.0 9.784772657309581e-05 0.0 8.407678617369303e-05 1.2503643088533156e-06 4.941889298813639e-05 1.1511248113061169e-05 0.000920430133046592 0.0001860243460631815 3.255522839042731e-06 1.1539252519372423e-06 0.0 0.0 0.0 0.0 0.0 0.0 8.749202464003193e-08 0.0 0.0 0.0 0.0 0.0 0.0 0.0 0.0 0.0 0.0 0.0 0.0 0.0 0.0 0.0 0.0 0.0 0.0 0.0 6.296624025410188e-08 2.4820086415361003e-07 0.0 0.0 0.0 0.0 0.0 0.0 0.0 0.0 7.425971586827009e-08 0.0 0.0 0.0 0.0 0.0 0.0
3.0588828217208403e-05 2.134524318631453e-07 1.8527949212229597e-05 3.5295802486843774e-05 0.00025987158385682856 0.0 0.00134090141509157 0.003997593155304557 9.134257157007528e-05 0.0027850098039675273 9.168484786428742e-05 0.0026472518484247673 1.0678426230767876e-05 0.0003777869907166447 0.0009890300156918472 4.524704767687806e-07 4.457672106090491e-06 6.678561728270143e-06 1.0068332468897296e-05 0.00015254553574089075 1.4663489450511181e-05 8.586990679808425e-07 1.5697826724100984e-05 5.84834393803049e-05 1.3774439301157143e-06 1.912116221581597e-05 1.3664973862031051e-05 0.00015219295167023645 0.0002063967446165036 9.840256250926307e-05 1.9955776573706453e-06 0.00012306897191806043 6.781753852389439e-07 0.0002955359213768091 6.811281339382332e-07 0.0004771493401480299 1.2269090876922512e-05 0.0003188166180848131 6.381664577094037e-05 0.0021048039895617773 0.00021047750190908917 1.2106313187215098e-05 5.466544578482913e-06 6.469886318804177e-08 1.0690964131186029e-07 0.0 2.416194004208849e-07 0.0 9.180439684111966e-08 2.8090206448405977e-06 4.7418890716343103e-07 1.164769930460433e-06 5.872246789073692e-07 2.938669479927052e-07 1.3995147165468067e-06 1.5089328240861276e-07 5.593356470844096e-07 0.0 8.927928964757325e-07 0.0 0.0 2.919029248583585e-07 6.635729934318166e-07 0.0 0.0 8.490186378217524e-08 1.2281560255010561e-05 0.0 4.94299813522174e-07 1.130021977598551e-06 9.968375524855025e-06 9.261897396883876e-08 0.0 0.0 0.0 0.0 6.490891243606699e-07 0.0 4.186549126182011e-06 1.422401718153274e-07 2.2222293853524335e-07 7.095620523257451e-08 9.634080601864038e-07 2.965904059773489e-07 0.0 0.0
0.000534035362580065 4.222798042086944e-06 6.409660156326042e-05 0.000561106395669425 1.075595367192342e-06 0.00134090141509157 0.0 0.004026734156629185 0.00017393566728998887 0.002630264578832483 5.48469458198833e-06 4.495878366290098e-05 8.194328842751781e-07 0.003246876381336051 4.363068441620177e-06 4.1868273601625113e-05 6.732613349615595e-06 5.095227736907822e-07 2.126891380122859e-06 7.457693565864636e-05 0.00020117100528480912 2.6457644334701192e-05 0.0001674051974070838 0.0014746927209839556 2.407233723722988e-07 5.380824965353903e-06 0.00013061585757070734 0.010512006512427145 0.00013798679761213367 0.0030252190399729516 1.0045307272002027e-07 6.7589898601714344e-06 4.355011388602111e-06 9.367248664379025e-05 7.5287541231228735e-06 0.00026767671042716285 2.082088074362084e-05 0.00015193649175182457 6.451713727420636e-05 1.9529921826375045e-05 6.299351210952061e-06 6.067156121951214e-07 7.384214583860948e-06 4.917366245173008e-07 5.830736064575035e-07 8.078181595490725e-07 8.326132988981621e-06 5.912677241119651e-08 9.098736771586965e-06 5.180585781380663e-05 1.6458983877631592e-05 4.431432929849622e-05 2.053601136367197e-05 0.0 2.1409541942379344e-05 0.0 6.800483644860191e-06 4.133082451654387e-07 2.1670095096175533e-05 0.0 0.0 1.2226748072157648e-07 1.3803489572929854e-05 1.641932517376002e-06 4.661197074227124e-06 4.879240302445195e-06 0.00022225399309416084 1.0527490970391658e-07 4.8771758270371756e-08 1.1154630615738228e-05 0.00020125511760562599 5.698921167159243e-06 5.201430676518182e-07 0.0 6.928143734278411e-07 0.0 4.149302383559551e-06 3.866605418368731e-07 2.9372060661300777e-05 8.577892723414723e-07 1.0236887416848035e-05 3.846706523319486e-06 4.63783955341967e-06 2.6258068124147997e-06 0.0 1.9457045357851956e-06
0.0007251632760802928 6.996333980182533e-07 0.00016272353041838994 5.335669636759548e-05 5.924185300976705e-06 0.003997593155304557 0.004026734156629185 0.0 6.048380764188492e-05 0.0010292546861312923 4.877086392032321e-05 0.00021864684116824467 3.6543259524794054e-06 0.0029363691606788794 8.55298272496307e-06 3.7170266132704322e-06 3.1753053660628105e-05 4.378928122898246e-06 8.913585116798833e-06 9.239463543582296e-05 0.00015982233002807602 3.1236769865214873e-06 0.00015480782752496188 0.00030308125899651425 4.153468354252606e-07 2.5322317431898427e-05 7.156094762060174e-05 0.0007795521431317778 0.0006919481535277352 0.001398381415689216 1.098988573467259e-06 0.0002822505613114384 2.1978746051512757e-06 0.0001770546941788351 1.0863611237804369e-06 0.00017888404984766422 1.3516930622733718e-05 0.00019413948272493584 5.0315697890811264e-05 0.00016968811674973 2.9127651881465214e-05 3.3744113630507357e-06 2.8146204425942524e-06 2.9716329117109787e-07 3.0634275042375936e-07 2.001627914234361e-07 4.95141526707166e-06 0.0 1.647669235937477e-06 1.799397067669493e-05 5.506720050432697e-06 1.3202996947726113e-05 8.132116731671671e-06 6.523559547145936e-08 5.835705577547945e-06 1.294473831914784e-07 1.4483149289035283e-06 0.0 8.371917763356702e-06 8.431199882614224e-08 0.0 0.0 2.3888988685372504e-06 2.386603312547879e-07 1.478206130395021e-06 1.04362888716878e-06 7.756589132383949e-05 4.2508914782858984e-08 4.719430439465983e-07 2.746708888524925e-06 6.477733522735653e-05 2.678723294701562e-06 6.802336959944445e-07 0.0 4.729008743346601e-07 0.0 3.6495194572101376e-06 0.0 1.9613223101854804e-05 0.0 5.361694302669434e-06 2.2761590480570655e-06 1.4507230507287475e-06 5.765101852204196e-07 0.0 0.0
1.9766732689959948e-06 0.0005346851606554463 2.4183050521083845e-06 0.0006449974155648827 1.3474207619117507e-05 9.134257157007528e-05 0.00017393566728998887 6.048380764188492e-05 0.0 0.00025754197717155376 5.085395979112019e-06 0.0005070150650204102 2.2693869311586536e-05 4.283342779264576e-05 0.0005218375135359434 0.00013555518919993766 2.5518768155634183e-06 0.0 2.18513187286664e-06 0.0008000937429627074 8.887063266669266e-05 0.0015514441115890064 2.884400871202944e-05 0.0069447044430569075 0.00012303265495925393 5.180827636719875e-06 0.00012374538508763615 0.0004347645972960303 4.4554393244820456e-05 0.00012056933515500201 2.071111418738802e-06 2.4739945533094694e-06 1.6649946174873324e-05 6.152241505401295e-05 6.694467742325433e-06 0.0006323726950732066 6.666511644836217e-05 0.00011290622021287789 4.3214243916285414e-05 0.000403295749194541 6.0276939158792625e-06 8.723873365065987e-06 3.7595832471781665e-06 3.4703972800519254e-06 6.494819549565873e-06 6.522045391826399e-07 4.4282877676827016e-05 0.0 1.257369125603116e-05 5.630202366425218e-05 1.723150136708739e-05 0.00012332151955341585 4.840345206050677e-05 2.8929737154634847e-06 7.8871051415093e-05 1.9457758747582177e-06 9.419235194250728e-06 2.0365260145395977e-05 0.0005015168466170959 7.999736332262298e-07 1.0916512745938414e-06 1.4391261647411354e-06 4.358358909982599e-05 4.8558048828831445e-05 6.078338069292887e-05 1.3723798282806925e-05 0.0009639878553323691 1.5777039536508461e-06 1.8927528115024082e-06 2.2245729125662097e-05 0.0004844265584658247 2.7687048785038706e-05 2.6451722600654634e-05 1.74850452510413e-07 8.230010434834523e-07 4.0441650299063255e-06 1.683828141523257e-05 1.298879604794149e-06 0.00023756999064604718 2.576871513064585e-06 3.682105549135159e-05 1.1652123367684105e-05 0.0003257113242324399 4.229193595401231e-06 1.4282131916164192e-07 5.4263167289605326e-06
4.290808034829899e-06 1.4792897149001772e-07 1.7379483387350022e-06 0.0024945076430847577 3.516527003291853e-06 0.0027850098039675273 0.002630264578832483 0.0010292546861312923 0.00025754197717155376 0.0 2.89489205185062e-05 0.002105196080802912 2.5206726110045025e-06 0.0005550696598503434 1.600627931586235e-05 1.0291565683312249e-06 1.2761709026773785e-06 3.1909140325186055e-06 6.400982531350784e-06 0.003656680603439092 1.6580664118268622e-06 1.2226575797487133e-06 2.1934622441241455e-06 0.0002889764393646702 3.0407786188269216e-07 1.1479768836353253e-05 7.684967516636038e-06 0.0015161859778777753 0.00025148808514448935 6.562557930036099e-06 1.5061777397960156e-06 3.2160176541960145e-05 1.5700278186270027e-06 0.0003603247234811074 1.772340310680838e-05 0.001119293930721279 3.6650413407001845e-05 0.0005962676281306147 0.00016436495527283554 9.906034446687263e-05 4.061044416225743e-05 2.8162729929644985e-06 2.2628027882192023e-05 1.1349749822472813e-06 1.1862983113698858e-06 0.0 3.791653907032627e-05 8.624682076459862e-08 1.44016410005432e-05 6.475086049786513e-05 1.6238765661722083e-05 3.754403370531987e-05 5.6349010042468395e-05 1.2612166702195349e-07 4.0727120175296965e-05 8.422397573846174e-08 5.4721041401928125e-06 1.0594611251557595e-06 1.0674265633670177e-06 1.1336385271317146e-07 0.0 5.078765557730581e-08 4.416366577424512e-05 0.0 2.8852688347009036e-06 6.050342761337554e-08 0.00029296590077433084 5.307489587791993e-07 0.0 1.1503111794517521e-06 0.00022733971045422766 3.7770495615540274e-06 0.0 0.0 6.679331726530198e-07 1.2590258813610753e-07 3.6026986416642965e-06 5.190132622361054e-07 1.9634320883983205e-05 3.5420243576899615e-07 4.916926277558419e-06 7.467191178319164e-07 1.6615004976335698e-05 1.377799785980806e-06 5.62700276873851e-07 0.0
2.772616677736963e-06 6.1159522963207e-05 6.306183691504677e-05 3.5206791504607906e-06 1.2789435284602636e-05 9.168484786428742e-05 5.48469458198833e-06 4.877086392032321e-05 5.085395979112019e-06 2.89489205185062e-05 0.0 4.650274176531233e-05 0.0013131668580303514 2.369081693687926e-05 6.485582570869073e-07 2.6783143101590933e-07 0.00016019090983984232 0.002025322388396294 0.0016135190712042139 1.4963170253128987e-05 7.972228262381179e-06 7.49972823029357e-06 2.09881972835963e-05 1.138387028722068e-05 0.0006878333481721079 0.0016345768497717738 0.0011398350611157176 5.0905230722694e-06 7.093616153011724e-05 9.718058528861288e-06 0.0004363114344190155 0.0001366554073439133 1.981545585814352e-06 0.0029075530490410874 4.6549376626492115e-06 0.00023177361071333478 0.002528844000112499 0.0026391687432775236 0.00037350371307854014 3.834805615287463e-05 0.00011256119479926622 0.0005566246493487344 1.591062959415914e-06 0.0 1.602412638043243e-05 2.3719219308866064e-07 0.0 0.0 0.0 5.01407186438075e-07 5.239438056557633e-08 6.551865010635344e-08 0.0 0.00027777894283964117 1.363040629017796e-07 0.0009197161071665811 0.0 0.0 0.0 9.657312352573445e-07 9.680092561463238e-06 6.697911501802357e-06 0.0 0.0 0.0 2.6194848673688245e-07 1.7324214460877376e-06 6.739337339075787e-05 7.694572923812972e-05 9.294636482859461e-05 1.1354209307334332e-06 2.2516288249615125e-07 0.0 5.8560303565976584e-05 1.803343603900504e-07 0.0 1.851243269594253e-06 1.49254955086303e-07 6.904563554851697e-06 0.0002418540394809832 2.3339258569716936e-05 9.526190233454076e-07 1.4288550665831372e-07 0.0 0.00020016441761722012 0.0
1.0617316869350487e-06 4.870285000026112e-07 7.377452775076572e-07 0.0009129933788392765 3.550797338213544e-05 0.0026472518484247673 4.495878366290098e-05 0.00021864684116824467 0.0005070150650204102 0.002105196080802912 4.650274176531233e-05 0.0 4.166451116452127e-06 0.00019463569405217686 0.0008328426335644229 0.0 1.3053113070235287e-06 4.6574478708005205e-06 8.257249217671526e-06 0.004215319437475984 2.3288183049237967e-07 7.807417072347393e-07 1.0907001721868823e-06 0.00029203584924939905 3.2343335659599004e-07 1.420403780241027e-05 7.116748904915114e-06 0.00016798374136430685 0.00017295268284236515 2.0305961238147603e-06 1.6274906742153176e-06 5.623411063993523e-05 0.0 0.00030585376103288913 2.1080094889344265e-06 0.0003621536228298121 9.455361971729125e-06 0.0003394742232841059 4.014199253698405e-05 0.000999152054741335 1.9798915200502618e-05 4.834106580098943e-06 4.496904270343014e-06 0.0 3.591891002994314e-07 0.0 2.1863240439504123e-05 0.0 5.872745894203889e-06 9.423664159487751e-06 2.2721586560153275e-06 3.0027121707890086e-05 3.3813379354578366e-05 5.572216610867131e-06 4.558859690166442e-05 8.968095171749762e-08 5.550489283077041e-07 1.8534394480290234e-06 0.0 0.0 0.0 6.164528266745268e-08 9.775683181607978e-06 0.0 1.788586432570872e-06 0.0 0.00010236484711221896 0.0 4.181437218924968e-07 4.1401551419076085e-07 3.902397768442038e-05 1.8164048765255886e-06 0.0 0.0 5.2188198308589866e-08 0.0 9.475299768412572e-07 3.8068863558919233e-07 8.630258398193947e-06 0.0 8.05022044162806e-07 1.6123359007768046e-07 6.270483539942477e-05 9.377162815172856e-08 0.0 0.0
2.1072632903082343e-07 0.00031899700223386143 7.521914483103431e-06 4.166440133542358e-08 1.2090550881877304e-06 1.0678426230767876e-05 8.194328842751781e-07 3.6543259524794054e-06 2.2693869311586536e-05 2.5206726110045025e-06 0.0013131668580303514 4.166451116452127e-06 0.0 2.3309802521578024e-06 2.3237944926687222e-07 1.8083572163124935e-06 1.6294240658585043e-06 3.663979739993138e-05 7.176150058299103e-06 1.0057669937278173e-06 8.266208651166893e-07 4.464607645010649e-05 1.7767790095166525e-06 1.3283582428088063e-05 0.002723199307737618 0.00020375463245399122 0.001768013866587655 9.55892593666149e-07 4.768847612484105e-06 7.838048843174477e-07 0.00026045464323624283 1.0754994099611508e-05 1.2929842473100828e-07 0.0005899781046702347 1.1523935615173146e-06 7.619894673184878e-05 0.001654444580061447 0.0010578581766504018 8.056060684801368e-05 5.280881541197645e-06 3.676971413171906e-05 0.000507352224169608 1.5737372734289088e-06 0.0 5.968209127777212e-05 6.971132097619599e-08 0.0 5.641756943639508e-08 8.745691848210489e-08 0.0 1.3185747466912242e-07 2.811662056613885e-07 0.0 0.0005197168922826273 7.569776989086826e-08 0.0024278177669867468 1.0437479452666774e-07 0.0 0.0 2.4946157754367547e-07 1.2299088735292575e-05 4.436882744364212e-06 0.0 0.0 7.745967792070036e-08 6.157008029910622e-08 1.452669722543659e-07 0.0002979869780491538 0.00019924822805059795 0.00021846171219042852 1.5275262630728797e-07 5.363109455986758e-08 0.0 0.00017737126087561577 3.7536001862254746e-07 0.0 2.5576557917591706e-06 1.1838258302527532e-06 4.734783037123201e-06 0.00034388945973609614 2.8834312029241416e-05 9.498442105691409e-07 1.1373696001674369e-07 2.9715001499461084e-07 0.0001981912082796586 0.0
0.0035083526338600237 2.919610395929899e-07 0.0001374597103850363 4.770328235370035e-05 4.27729888401862e-07 0.0003777869907166447 0.003246876381336051 0.0029363691606788794 4.283342779264576e-05 0.0005550696598503434 2.369081693687926e-05 0.00019463569405217686 2.3309802521578024e-06 0.0 9.663122307846075e-07 3.3463702804529513e-06 5.432850491946478e-05 3.720680662109196e-06 1.0979557081113308e-05 8.99824515440703e-05 0.00013875220005781622 2.903397203991553e-06 0.0001448027734842304 0.00024306770105482622 1.3109287397585296e-07 1.862779293321935e-05 5.3084133072359584e-05 0.00047108827077944323 0.003098340203426818 0.002367827030338981 9.827771906476253e-07 0.0001320262050160199 3.817224657152375e-05 0.0002036755558951868 7.166404757457614e-07 8.251459928567451e-05 1.0008298749451553e-05 0.00013110365556157476 4.043997342568294e-05 3.5740070364067424e-05 2.069421904424873e-06 7.683248066002392e-07 1.3036634630438634e-06 0.0 2.328392652247622e-07 5.535760637748046e-07 5.350190933222006e-07 0.0 1.2272163742457816e-06 6.153974229814287e-06 2.01130995447444e-06 7.287957194420359e-06 2.500028024724314e-06 0.0 2.5295082880018657e-06 6.480514051898714e-08 1.5882067037092569e-06 1.3660256312749482e-07 5.0115640933247335e-06 0.0 0.0 9.586320725559124e-08 1.8220401360133685e-06 0.0 1.1728287254023478e-06 3.905348681329381e-07 4.32044714198576e-05 0.0 9.62045839779785e-07 3.1124023324744063e-06 4.832926177388767e-05 2.111267397921484e-06 8.658006198347083e-07 0.0 0.0 0.0 2.2045435685954793e-06 4.744491409978153e-07 1.7511866687302318e-05 0.0 4.2628312316192645e-06 1.8664186025284642e-06 9.916671789128682e-08 5.824650078296235e-07 0.0 0.0
0.0 1.5536889604668018e-06 0.0 3.8932329577301796e-05 0.0003256881450390888 0.0009890300156918472 4.363068441620177e-06 8.55298272496307e-06 0.0005218375135359434 1.600627931586235e-05 6.485582570869073e-07 0.0008328426335644229 2.3237944926687222e-07 9.663122307846075e-07 0.0 0.0 0.0 1.453083948838626e-07 6.066113964070791e-08 0.00011565648499922504 0.0 3.7331346105873808e-06 0.0 0.00022363282100674553 4.36368264556723e-07 7.438048392811056e-08 3.002822777360051e-07 5.953468263411757e-06 4.419025244231994e-07 1.7656530062967013e-07 0.0 3.393742684974923e-05 0.0 1.2303897000452358e-06 0.0 1.5777994718053605e-06 0.0 4.283139322958602e-07 0.0 0.0005415518396958187 1.205660419001427e-05 0.0 0.0 0.0 0.0 0.0 2.591642531889764e-07 0.0 0.0 0.0 0.0 7.136289171403964e-07 1.211403760868764e-07 0.0 0.0 0.0 0.0 0.0 0.0 0.0 0.0 0.0 3.8227160489121793e-07 0.0 0.0 0.0 2.3304836400562336e-06 0.0 0.0 6.606163094229155e-08 4.186746890472142e-07 0.0 0.0 0.0 0.0 0.0 0.0 0.0 0.0 0.0 0.0 0.0 2.1596664324311494e-07 0.0 0.0 0.0
1.875466202940085e-07 7.000307749155582e-05 1.8268405729034535e-05 3.792725605704185e-06 0.0 4.524704767687806e-07 4.1868273601625113e-05 3.7170266132704322e-06 0.00013555518919993766 1.0291565683312249e-06 2.6783143101590933e-07 0.0 1.8083572163124935e-06 3.3463702804529513e-06 0.0 0.0 1.761810005464669e-05 3.618126054151757e-07 3.6232114050605875e-06 4.7252945302160176e-07 0.0017627607978651168 0.0016977338739916658 0.002807799945051412 0.0012242134144477325 1.403669720311046e-05 2.778125727650496e-06 0.0020492081267396603 0.0011207979278720596 3.601734798442767e-06 5.2377263011522544e-05 6.748587102934302e-07 1.33360031812209e-07 5.709768442587256e-07 6.193474544865179e-05 3.196211945680279e-05 0.00256332136401399 0.0010337316293966136 0.0003588558119806962 0.0006271704503229609 4.200323095763014e-05 9.172799590131789e-07 3.541499898778247e-06 2.4433732152478586e-05 9.081086100940317e-08 3.5870010951422304e-06 3.7100811034343373e-06 0.0 0.0 4.658695427871244e-08 3.7453692764225727e-07 0.0 1.3725888167929792e-06 0.0 2.316665549461863e-07 0.0 0.0 5.6996990839813825e-08 0.0 0.001104164422330044 3.517403942092394e-07 0.0 2.320312171152842e-06 0.0 4.181417584326911e-05 0.0003067974498758732 0.00026700674835270264 3.6996168906444064e-05 0.0 5.398638657699427e-06 0.0004044270821656022 3.6763009886326445e-05 1.929100453738118e-06 4.322839741112061e-06 0.0 1.022149407974705e-07 4.920963317920023e-07 8.790677590929626e-07 2.180975834335711e-06 0.00010911821057833615 1.9318846465345947e-05 4.34770983512473e-06 5.845613620421642e-06 0.0 0.0 0.0 4.5715099818285367e-07
1.264263290635683e-05 0.000158653777230312 0.004243001991006794 2.7907514194325164e-07 2.242892277813983e-07 4.457672106090491e-06 6.732613349615595e-06 3.1753053660628105e-05 2.5518768155634183e-06 1.2761709026773785e-06 0.00016019090983984232 1.3053113070235287e-06 1.6294240658585043e-06 5.432850491946478e-05 0.0 1.761810005464669e-05 0.0 0.00031245991868160866 0.00392739855926474 2.569075868480928e-07 0.0005477182041820238 7.389635031377262e-06 0.00209477542622114 8.001215709033436e-06 4.625657848461852e-06 0.0024274557789184617 0.0029378331952160104 4.7892201625967876e-05 0.00023007287964035492 0.0006990258651041781 2.137466759616226e-06 1.8305935933806183e-06 4.3164210957205916e-05 0.0013809242089941585 4.4419754145493965e-06 0.00016089266910409856 0.00022410474093424406 0.0007707370828499131 0.00017001156919956926 7.303686806724097e-06 1.0804216708525284e-06 2.2004579101804078e-06 1.1683571389643706e-06 0.0 0.00014016536653520134 5.680674208012612e-05 0.0 0.0 0.0 6.062096752076295e-08 4.7163035663008996e-08 7.61577776201911e-07 0.0 2.6388648089445727e-06 0.0 6.000890901661517e-06 8.780744469945842e-08 0.0 2.6995305510996692e-06 7.855587126172895e-05 7.6607711276527e-06 4.465522635258706e-05 0.0 1.346991133973583e-06 6.573327362243319e-06 1.1077670849985837e-05 1.7287172689954738e-06 1.7285816546305398e-06 0.0003513622288382399 0.000915857312758482 4.943507408233116e-07 3.633309717157583e-07 4.831210931343786e-07 4.036129375383975e-06 0.0 0.0 6.376620495797079e-06 1.299968850551813e-06 3.937783515134833e-05 2.6204780112676746e-05 3.502132714252708e-05 1.717275880874192e-05 3.836677568557373e-07 3.9057509219097944e-07 5.6793177759070744e-08 2.4893253609376293e-07
1.0062118994568028e-06 3.3997069419395754e-06 9.753160459426792e-05 5.320451698605337e-07 5.109606239562329e-07 6.678561728270143e-06 5.095227736907822e-07 4.378928122898246e-06 0.0 3.1909140325186055e-06 0.002025322388396294 4.6574478708005205e-06 3.663979739993138e-05 3.720680662109196e-06 1.453083948838626e-07 3.618126054151757e-07 0.00031245991868160866 0.0 0.0019109872636358077 1.403788003332736e-06 9.884536813929927e-06 3.3033270944533964e-07 2.4496198616402476e-05 9.343303491178443e-07 4.29077501898059e-05 0.002824705415393993 0.00015089691432383198 1.9174891888882805e-06 1.2788804604293308e-05 9.17247145322922e-06 7.254263481838216e-05 1.0164611124990739e-05 1.4006653411486991e-06 0.0003483874225727628 3.7859135048615455e-06 0.00011366874996244865 0.0002523320309285073 0.0005020349206387873 0.0001243869376106666 2.478446670951774e-06 3.4945541041915187e-06 5.048869985448515e-06 1.1732528958451559e-06 0.0 7.862103185459399e-06 3.739617611675049e-07 0.0 0.0 7.195396003581385e-08 0.0 0.0 8.599734211140694e-08 0.0 1.644201389968587e-05 0.0 8.111445589442792e-05 0.0 0.0 6.121716892455656e-08 2.749499154882489e-06 1.4565813144238895e-05 1.9317518024678178e-05 0.0 5.571565003500193e-08 6.11464651944058e-08 1.3452748835257227e-07 0.0 8.949241151342901e-06 9.51236912565583e-05 0.00010887380991682459 0.0 0.0 0.0 1.959975849794928e-05 0.0 0.0 3.7432807257092534e-07 3.5478942415353636e-07 3.0142710245062475e-06 7.1614700110473836e-06 1.7186734799139816e-06 5.87371204267785e-07 0.0 0.0 1.3082317941744782e-07 0.0
3.1805259657722805e-06 3.8103369927718575e-05 0.00021267623227028815 1.1167668320453264e-06 7.487068606953647e-07 1.0068332468897296e-05 2.126891380122859e-06 8.913585116798833e-06 2.18513187286664e-06 6.400982531350784e-06 0.0016135190712042139 8.257249217671526e-06 7.176150058299103e-06 1.0979557081113308e-05 6.066113964070791e-08 3.6232114050605875e-06 0.00392739855926474 0.0019109872636358077 0.0 2.3790099029258834e-06 4.751497111273688e-05 1.7965001084762121e-06 9.642740155977468e-05 2.9187406225890423e-06 3.934393566721969e-05 0.0025939772194033383 0.0005301436118636918 5.874155234449656e-06 4.4959597005500104e-05 5.2802611622104546e-05 1.9294610887071264e-05 1.5123134232421166e-05 7.866882848709019e-06 0.0027101709842693314 6.25326262667972e-06 0.0003491461656595538 0.00026819206169403144 0.001310402072926375 0.0002180755779852653 3.758780743660241e-06 4.866741423518387e-07 3.1650734432128305e-06 1.7791954094753894e-06 0.0 7.203125777074996e-05 5.13198654508605e-06 0.0 0.0 0.0 5.637567936403079e-08 6.96132059168615e-08 2.1688631910651497e-07 0.0 3.345512659028557e-05 0.0 0.00010612276692200282 1.582972218549476e-07 0.0 5.892642959434046e-07 3.0595227282337056e-05 9.018939005170225e-05 0.0002389631762620764 0.0 8.203986811681801e-07 4.0921964625506364e-07 4.642686788132705e-07 1.2811125448687128e-06 1.6867082963452104e-05 0.0006991444325428791 0.00091808242228707 4.553247388515841e-07 6.543038330914374e-08 7.194262954032266e-08 4.069327855420294e-05 1.0158956216921562e-07 0.0 4.429245806622197e-06 5.204835058927559e-07 1.3308242076924602e-05 2.0067287127316317e-05 1.3319454369298865e-05 4.619058997452548e-06 7.582158232220525e-08 8.721573793862237e-08 1.8359195774852997e-07 0.0
8.379965827088852e-07 8.977031121235078e-07 4.098697154552986e-07 0.002451759136756533 1.8238303463104992e-06 0.00015254553574089075 7.457693565864636e-05 9.239463543582296e-05 0.0008000937429627074 0.003656680603439092 1.4963170253128987e-05 0.004215319437475984 1.0057669937278173e-06 8.99824515440703e-05 0.00011565648499922504 4.7252945302160176e-07 2.569075868480928e-07 1.403788003332736e-06 2.3790099029258834e-06 0.0 6.213206248784974e-07 1.0726775528557381e-06 9.542377460339464e-07 0.0007323067859575342 4.661753942510991e-07 5.032497015944695e-06 2.9276285712851923e-06 0.000804677214863451 8.190133246968068e-05 3.183579314569055e-06 4.820967420305453e-07 1.2283455943591e-05 8.171922787917964e-07 0.0001488650961285709 7.118262888439408e-06 0.0005605665448948518 1.3649958090919453e-05 0.00022711191756636328 6.476167777704488e-05 0.00021594687280296384 1.7810571692945944e-05 1.3998238680775218e-06 9.654379308388876e-06 1.7019300759209352e-07 6.049832729230925e-07 0.0 4.6201533563160404e-05 0.0 1.9786720622887375e-05 7.350652889529846e-05 1.774065146096508e-05 6.457279000723044e-05 6.429553833194693e-05 1.14745792816421e-06 4.1682647708069245e-05 5.893790072221576e-07 3.07006378263821e-06 1.3311830312204757e-06 1.0587707280212906e-06 0.0 0.0 0.0 5.328878659939762e-05 0.0 2.470491248802644e-06 7.939939003069455e-08 0.000394345010903598 1.6621709037947356e-07 0.0 1.2703969165341188e-06 0.00025577241531211264 3.305445809215008e-06 1.491694450034406e-07 0.0 6.220362599325777e-07 6.43247762520667e-07 5.0764072405445696e-06 9.224212951946877e-07 1.3435789013206966e-05 5.503446991502445e-08 6.892509066268152e-06 8.511367572928747e-07 5.4405651458607035e-05 0.0 0.0 3.7955785533536257e-07
3.806938118996889e-05 1.1893240067260428e-05 0.0006934615869996219 4.037565747411298e-06 1.2621267854779594e-07 1.4663489450511181e-05 0.00020117100528480912 0.00015982233002807602 8.887063266669266e-05 1.6580664118268622e-06 7.972228262381179e-06 2.3288183049237967e-07 8.266208651166893e-07 0.00013875220005781622 0.0 0.0017627607978651168 0.0005477182041820238 9.884536813929927e-06 4.751497111273688e-05 6.213206248784974e-07 0.0 0.00012724558047613464 0.009280508422533565 0.0006739836209285977 4.1964169449976666e-06 6.787814417367196e-05 0.0003526692146294913 0.0054650280324528 0.00024332693239205956 0.007054567249643548 2.835246986378799e-07 1.734570097169066e-06 4.081331433482705e-05 0.0018495824080219019 7.534599458227247e-05 0.003903102956963056 0.0004179970617687018 0.0028845793999074465 0.0017031280813628947 8.752638568204228e-05 6.448655742948993e-06 1.0267500885488996e-05 4.2216870070992695e-05 4.462023915287698e-07 9.74413355275087e-07 2.099061969239327e-06 0.0 0.0 0.0 8.239620780525379e-07 2.6993902303441537e-07 1.8809969789588647e-06 0.0 0.0 0.0 6.511330522587063e-08 4.870421477362494e-07 0.0 9.727780872265125e-05 5.756909176830718e-07 7.537028021688639e-08 2.0556793318226656e-07 0.0 1.1232157577465193e-05 3.281445854906537e-05 9.779291536907624e-06 1.2885354125549944e-05 0.0 4.326620974363189e-06 2.4099514753089326e-05 2.183831540297594e-05 4.681494534237653e-07 1.7365800815234868e-06 5.426864667887054e-08 0.0 3.6085223805086673e-07 6.533748603087819e-07 1.60953953768577e-06 9.335881316266464e-05 3.4733872963329997e-06 2.345015935409414e-06 2.0909949201353225e-07 3.103715326280364e-07 2.4642548418061976e-07 0.0 1.0887652104150897e-07
3.1509810715266194e-07 0.0016521783169107392 1.0811886746815662e-05 6.028261503387182e-06 0.0 8.586990679808425e-07 2.6457644334701192e-05 3.1236769865214873e-06 0.0015514441115890064 1.2226575797487133e-06 7.49972823029357e-06 7.807417072347393e-07 4.464607645010649e-05 2.903397203991553e-06 3.7331346105873808e-06 0.0016977338739916658 7.389635031377262e-06 3.3033270944533964e-07 1.7965001084762121e-06 1.0726775528557381e-06 0.00012724558047613464 0.0 0.00030068838410888583 0.003437144727718903 0.00032289727425392507 9.19761898856713e-06 0.0017533323210576926 7.210440313877905e-05 4.32766570917224e-06 1.4340897602943512e-05 1.987284865323503e-06 1.7605541634685218e-07 8.43761643490041e-07 1.6010266535603786e-05 3.805443939069228e-06 0.00044650756473713885 0.00020754274617247815 6.705312615017201e-05 8.29419613724491e-05 1.367118848299368e-05 3.1500425900770847e-07 4.306689877694177e-06 2.26323465628742e-06 4.4568705374583005e-07 3.809891637179053e-05 8.795195287210538e-05 0.0 0.0 0.0 2.386844864648513e-07 0.0 3.943471192147594e-06 4.3213021177634293e-07 2.5192652923492576e-06 0.0 3.313014943769795e-06 6.321608287349218e-07 0.0 0.0011107981673341466 3.7195823911084733e-06 0.0 1.2910753025293473e-06 0.0 6.293918811281191e-05 0.000514528119954968 0.0005560088122681689 3.755203507670336e-05 1.2597544170392538e-06 8.9288884811359e-06 0.0023870441511164024 2.468540292893828e-05 2.894222822686624e-06 1.0151245830720765e-05 3.749874426856538e-07 0.0 1.814308575050192e-06 8.377079351400565e-06 3.898964937939168e-06 0.00015486529618163598 9.663657084859925e-05 4.035075290918525e-05 3.2151617511235625e-05 3.7652704207909158e-06 1.5877842032760093e-07 7.205619019047829e-08 1.1388955254586647e-06
3.5068438316003214e-05 1.7565887912875663e-05 0.007767373434476162 5.212819430572574e-06 0.0 1.5697826724100984e-05 0.0001674051974070838 0.00015480782752496188 2.884400871202944e-05 2.1934622441241455e-06 2.09881972835963e-05 1.0907001721868823e-06 1.7767790095166525e-06 0.0001448027734842304 0.0 0.002807799945051412 0.00209477542622114 2.4496198616402476e-05 9.642740155977468e-05 9.542377460339464e-07 0.009280508422533565 0.00030068838410888583 0.0 0.0003633854956421762 2.5589270126256612e-06 0.00035253342196506763 0.008300006677847905 0.0011360474959354434 0.00026550115469675293 0.002668011886636943 2.88252310725862e-06 4.176381312921558e-06 4.038165654798031e-05 0.002278787242236043 0.00012251868037954942 0.005382674378105239 0.0021133101036641742 0.0038999033327599525 0.0037211414098924683 0.0002008687929394681 6.465276884663121e-06 3.313161096374488e-05 7.845417445138593e-05 0.0 1.086332790749804e-05 6.24412808029663e-05 0.0 0.0 0.0 1.6353054839565447e-07 8.327869439353743e-08 8.730457365774955e-07 0.0 4.176376530621451e-07 0.0 3.2925728321655585e-07 0.0 0.0 0.00024496980527264223 2.52893594616051e-06 5.718717416549057e-07 2.1563057379513196e-06 0.0 1.202699617500053e-05 0.00011060883320984188 0.00018669437600475283 9.269330992983256e-06 4.323039087516514e-08 1.1476522781237887e-05 0.0005602746126129835 7.967775637343626e-06 2.917187923209122e-07 1.229705483544238e-06 1.502473882322806e-07 0.0 0.0 3.6371094163996e-06 5.668295904575167e-06 0.00014614802961810332 4.090457670569416e-05 2.474541131058345e-05 1.4812857974238115e-05 1.3272029749410966e-06 1.0454010549702695e-07 0.0 1.9397860219006123e-07
1.5397616360652297e-05 0.0003518850031138267 3.068212236645423e-05 0.002562358489350063 3.3184512164245585e-06 5.84834393803049e-05 0.0014746927209839556 0.00030308125899651425 0.0069447044430569075 0.0002889764393646702 1.138387028722068e-05 0.00029203584924939905 1.3283582428088063e-05 0.00024306770105482622 0.00022363282100674553 0.0012242134144477325 8.001215709033436e-06 9.343303491178443e-07 2.9187406225890423e-06 0.0007323067859575342 0.0006739836209285977 0.003437144727718903 0.0003633854956421762 0.0 7.893847939352296e-05 7.289585329890061e-06 0.0005678829800072179 0.0035172600244279366 0.00024671547215984974 0.000640405685742531 8.748132039812615e-07 7.462238796927589e-06 5.900028048947104e-05 0.00025390462416947733 4.071749517107721e-05 0.0024684656433545792 0.0001686169182300549 0.00047934576181689635 0.0002543982070375073 0.00033617325165423846 1.765661103845453e-05 3.03809423826696e-06 2.320810507199687e-05 4.2573539278683455e-06 5.3373275447441994e-06 3.352630267345162e-06 3.531322425830911e-05 0.0 9.88251456419428e-06 7.823682349806428e-05 3.217314744629273e-05 0.00021248731543112068 5.037962213724391e-05 4.677589804179004e-06 5.996720426736931e-05 7.979102884706168e-07 2.4613413487192144e-05 9.812106737364432e-07 0.0005467616716311051 6.037761196961278e-07 6.791574187799271e-07 3.0374918162773135e-07 2.3978321571939365e-05 4.34546645095319e-05 0.00012196304435498579 3.7878593488631055e-05 0.0010232413013087948 3.3341569491896645e-07 2.70496489405439e-06 5.5666894633236706e-05 0.000726951477036303 5.497515327690899e-05 3.2102571328044836e-05 1.6029450934241838e-07 1.7845747739574538e-06 5.2162286831772985e-06 3.1837895935432763e-05 2.565858934656691e-06 0.00038774828990758924 5.371841979929438e-06 6.45398213217083e-05 2.3055033302068174e-05 7.959791562145282e-05 1.3432457296189686e-05 2.613131759465009e-07 3.2465873849669486e-06
