0.0 0.0 6.283727853510955e-05 2.103084959084756e-06 9.295839731188422e-08 3.112307999561279e-06 0.001297211992888041 0.00017805772189541917 1.2495521582166627e-06 1.1839029501307441e-05 1.282094087339609e-06 1.333423416019188e-06 0.0 0.0030618506136961066 0.0 1.1269882849206768e-06 0.00011400126780282471 2.6983466566057542e-06 1.631638688189857e-05 1.2478393653226352e-06 4.186652688651094e-05 8.576623651077581e-07 8.398755796171407e-05 1.997398123692596e-05 0.0 3.012934435817498e-05 2.6584833936688732e-05 5.049927827911965e-05 0.001438743521957288 0.0011237930857385448 0.0 8.456533115133344e-07 1.909560648143073e-05 4.2954399474686954e-05 0.0 2.424259486045786e-05 4.1131821857842084e-06 3.5605959229877734e-05 6.027252407098905e-06 8.505072848524173e-07 0.0 0.0 2.1815541093034344e-07 4.428512993692497e-07 0.0 2.2383461336472761e-07 0.0 0.0 6.44864610391917e-08 3.7201750008473962e-06 1.0352731368451264e-07 7.125052416865084e-07 3.590543270446321e-07 0.0 0.0 0.0 6.936549152877337e-07 0.0 4.065765314987171e-07 0.0 0.0 0.0 0.0 1.9134106085771456e-07 1.1927180547824882e-07 1.7697886662279776e-07 8.451879433646312e-06 0.0 7.229530340363035e-08 1.1709104684586331e-06 7.772339664127663e-06 6.936161097189869e-07 2.6125627870232985e-06 0.0 0.0 3.358863932600564e-07 1.1310142956435887e-07 0.0 2.4915433343978646e-06 4.8912445609654625e-08 6.476015835418594e-07 6.612039893200561e-08 0.0 0.0 0.0 0.0
0.0 0.0 4.3421716701977364e-05 4.856666043346311e-07 0.0 2.715185163782578e-07 2.4443882820172963e-06 5.530835263667828e-07 0.0002242087139067771 4.405787640771207e-08 8.213157224714834e-05 2.399487598559918e-07 0.00048426932752461985 3.6318763777202883e-07 1.4431504108978658e-06 7.295008989781198e-05 2.9651599638837585e-05 2.0678610698504014e-06 7.92603786716109e-06 4.744292862472672e-08 1.910585038068231e-06 0.0010953788699637045 9.19653165537984e-06 0.00022076330686358634 0.0007874567694824227 0.00023585610232282862 0.004061740792059338 1.8744298498184824e-05 1.4909616013906856e-06 1.918205457423961e-06 2.3075618721772867e-05 2.382074176826924e-07 0.0 9.174651090379811e-05 1.0503797499991223e-07 1.5524219263444138e-05 1.6040155853748295e-05 3.215209556691106e-05 5.421832707681712e-06 1.1303961996507952e-06 9.56724781555804e-08 8.407254321120206e-05 6.83175463999367e-08 1.6852994837432314e-07 2.6920305482777485e-05 3.1103045388055954e-05 0.0 0.0 0.0 6.729899406873284e-07 3.688323769882572e-07 1.8618853117753957e-06 1.1903258143659611e-07 1.9562939163914065e-06 0.0 8.248838650225428e-06 4.729316706043552e-07 0.0 4.262351950255453e-06 1.3205795552064055e-05 1.633106716262464e-06 4.403520122644358e-05 0.0 1.633244457410801e-07 1.3473956165226847e-05 1.4529201783477392e-06 5.170796075867745e-06 2.012721065602684e-05 6.135470432167877e-05 0.00061084141681052 9.479570580566025e-07 1.0589038288990796e-07 2.6140295853839286e-07 6.558280661847573e-07 0.0 0.0 2.5788200899617827e-06 1.0351075465563777e-06 1.4451460300983144e-05 6.955708750721083e-06 2.4542329684217802e-05 3.3109938373399064e-06 4.828230871812071e-07 0.0 6.697054477761972e-07 0.0
6.283727853510955e-05 4.3421716701977364e-05 0.0 6.454676857992574e-06 0.0 3.559359493774285e-05 0.0004815555805726772 0.000584223863250955 1.1285478479561546e-06 5.755219864038398e-05 2.3575256064512502e-06 6.387461415814047e-07 2.595945743450761e-07 0.0004185122363116491 8.388435188886977e-08 8.35166864794993e-06 0.0014465447484756184 1.2443516775900854e-05 5.941372022629731e-05 1.508731866769721e-06 0.0007290482334301381 1.7994685211659735e-05 0.005710219028480365 1.9142125156001134e-05 3.388989976723876e-07 0.0025101446889786005 0.004477436319694662 0.00015403334287755809 9.165969292539481e-05 0.00020838762910034688 1.2743936287052318e-06 9.41842436285679e-07 7.447628470251831e-06 0.0003363171367490105 8.620500370279335e-06 0.001052285436370413 0.0015768709670950184 0.0006182458664622202 6.506562705824592e-05 2.852177685291338e-05 4.3344685171459894e-07 5.6697639443394976e-06 3.7284862226372485e-06 3.680442105628376e-07 0.0001143267169281627 0.0004100608395492641 5.952792494063638e-08 0.0 0.0 8.179938275465716e-06 6.263304153092856e-07 1.7469772260200134e-06 0.0 1.5921663049579858e-07 0.0 2.548797871217654e-07 1.1054117444207228e-06 7.574337556635843e-08 1.447009839965196e-05 4.511735467820118e-05 3.8004973366981656e-07 6.739356692667031e-06 0.0 1.6644163041635542e-06 3.251007647680684e-05 3.522207945733132e-05 8.768493067257255e-06 3.255422959444441e-07 8.255942577516323e-05 0.00119162458786137 5.985375463241051e-06 2.8489418144171554e-07 1.4463918452690886e-06 0.0 0.0 0.0 5.4612480638585796e-06 5.792764138214598e-06 3.766463201994661e-05 7.313117092270701e-06 3.2623402803635216e-05 1.010405584694354e-05 1.020489056808874e-06 6.160955024144524e-07 3.4046251202345463e-07 0.0
2.103084959084756e-06 4.856666043346311e-07 6.454676857992574e-06 0.0 4.552741536508293e-07 8.406996107301628e-05 0.0001806420669934038 5.569791023372622e-05 0.0003646591534783682 0.003068966837656151 2.3937830794022763e-06 0.001483256938396383 1.06354840858093e-06 4.302045534167124e-05 4.8245308505839035e-05 3.0331487954611957e-07 3.7370463624126543e-06 8.095017047717873e-07 5.008058707733462e-07 0.0028234606181139804 7.2071339223610885e-06 3.1611325851922507e-06 1.0288908631603359e-05 0.0008193516986533844 0.0 7.91221636260933e-06 1.3674120930899444e-05 0.0013394762329204933 5.628356921767423e-05 2.326142887556544e-06 0.0 1.5584891155696225e-06 1.8682103103772705e-06 1.8751209431081632e-05 2.066099669443583e-06 0.0001631425144943669 4.225989910820811e-06 6.201354631807073e-05 2.915794827480158e-05 5.060237337623051e-05 1.8384758971185856e-06 9.971792964912287e-07 9.234904188241569e-07 5.453943258163132e-07 1.4460881786591447e-07 1.7443164972471303e-07 0.00011816976839941067 0.0 4.845856349964452e-06 9.41186921818393e-05 3.467476611793348e-06 6.711842926962643e-05 9.74381820776282e-05 2.196994182210366e-07 8.665813971429589e-05 0.0 2.679300060429235e-06 2.7280950912623595e-07 0.0 0.0 1.198766993845544e-07 1.543531047302441e-07 7.76801940999352e-05 1.9545860356418294e-07 1.0259982558452041e-06 5.119773609112697e-07 0.00015499606355148587 7.67889510230844e-08 2.809626112579449e-07 8.677484873223472e-07 0.000140100483493174 4.182894099690019e-06 7.51236256817143e-07 0.0 2.85787849110612e-07 2.5996141731473427e-07 1.068751464452305e-06 1.3189711906302927e-07 9.670702847353508e-06 2.6877516749571507e-07 3.873595308339567e-06 1.6741074400607868e-06 1.988813379994879e-05 0.0 2.6968747077555296e-07 0.0
9.295839731188422e-08 0.0 0.0 4.552741536508293e-07 0.0 0.00027032645827883403 2.2808605055235835e-06 6.46491340429647e-05 9.940050344850242e-06 2.442505668208216e-06 1.4114538931176982e-05 1.5845252359748483e-05 1.0488122731600373e-06 2.6262150851435784e-06 0.00041852281593120834 1.2599821081979492e-07 7.777718957612262e-08 2.070958007478114e-06 1.2211964375464959e-06 1.7509370773447693e-06 8.741370719396522e-08 5.189281644816867e-07 0.0 9.245899921180695e-06 0.0 1.7885014712028447e-06 1.1603731141968613e-06 5.806513748188172e-07 1.1572679681858405e-05 1.565493658521712e-07 2.4620665312742013e-07 0.0002981988956247954 0.0 0.0002078631979338026 9.466300453987473e-08 2.8293537278667603e-05 2.8828524814947166e-06 0.00011658407293048948 6.403120793812054e-05 0.000784311438670066 5.640362364432915e-05 1.8831149297459244e-07 4.881379768286017e-06 0.0 0.0 0.0 4.2153880059906055e-07 0.0 0.0 3.445619591196983e-07 0.0 0.0 5.727980810850349e-07 9.229296001487648e-08 0.0 1.2162945977990538e-07 0.0 0.0 0.0 0.0 0.0 0.0 1.0726176871010659e-06 0.0 0.0 0.0 1.544545056924167e-07 0.0 0.0 0.0 2.390781595280567e-07 0.0 4.394111708032718e-08 0.0 0.0 0.0 0.0 1.8376556583747356e-07 0.0 0.0 0.0 0.0 0.0 0.0 0.0 0.0
3.112307999561279e-06 2.715185163782578e-07 3.559359493774285e-05 8.406996107301628e-05 0.00027032645827883403 0.0 0.001234257420942493 0.00591741837617182 0.00010731056927501604 0.005082100828869241 3.860854316546078e-05 0.002523831481897767 1.6756033761152626e-06 0.00029679499293523123 0.0009148006458957272 0.0 8.194690260838679e-06 1.4948577333756958e-05 8.773741777396123e-06 0.00015767023293103636 2.1473800674900973e-05 3.530935756848325e-07 2.151012097414228e-05 6.919700945797983e-05 3.369781220194195e-07 3.4154211705914015e-05 1.821541358821199e-05 0.0003504076543218219 0.00028413884643421685 1.4112801108318696e-05 1.4065350887822224e-06 0.0006777652708469963 8.162152394755609e-07 0.0001703365157966768 1.6332414929930733e-06 0.0002509075117770715 2.0580581858324353e-05 0.0002492816965936593 0.0001119784457944084 0.0011423765526242283 7.158861170165997e-05 2.933931488186878e-06 8.170243877219327e-06 6.322179425718971e-08 7.674901331490388e-08 2.384706549975965e-07 1.5188775257391935e-05 0.0 1.0530792768924667e-06 1.2260957526974834e-05 6.565298175989291e-08 2.6563878061840152e-05 1.550333761821132e-05 5.943440798892795e-08 3.617109051857997e-05 2.466319018297709e-07 2.702032571153129e-07 6.688950891833912e-07 2.870611484557959e-07 1.788810545268242e-07 0.0 0.0 1.5997102434535842e-05 0.0 2.8664861770135985e-07 5.539015120041945e-07 2.2273237008382262e-05 0.0 2.2381823458436782e-07 1.252468839880989e-06 2.180721328018799e-05 7.104788536176346e-07 7.289778034121065e-07 0.0 2.228352656934963e-07 2.6859060642316657e-07 2.3041309202717645e-07 0.0 5.753318381859446e-06 5.54317923315505e-08 8.727628892881551e-07 6.513954907842935e-08 2.043467959350031e-05 0.0 5.4643637078559476e-08 0.0
0.001297211992888041 2.4443882820172963e-06 0.0004815555805726772 0.0001806420669934038 2.2808605055235835e-06 0.001234257420942493 0.0 0.00466054767584065 0.00013184970673568657 0.004023196719467722 2.0220387675422e-05 3.581117046611043e-05 7.009196957576419e-06 0.004061830758707437 1.5847353536054553e-05 2.3293675446641193e-05 8.075677355538542e-05 1.032179132724756e-05 1.6596453289346324e-05 8.160356316620005e-05 0.000886329367358804 3.4440748282777005e-05 0.0005328006535362879 0.0006936856377049243 4.129250666835552e-07 0.00021303422955425881 0.00022357070038603015 0.008313257259697874 0.001691011420700787 0.0026756915152368267 1.4499170481548792e-06 1.6121298085721776e-05 0.0001378740060241072 0.00034783869665598464 2.994528445842961e-05 0.0027270986048687188 6.92511215406977e-05 0.0011557610057152123 0.0005204858884534822 0.00022176613130150122 9.711636141820955e-06 5.9017488332114925e-06 2.215932156684094e-05 6.417226147319865e-06 4.16286658290121e-06 6.9780650112904175e-06 7.521934504682866e-05 0.0 3.738247297937654e-06 0.0005479958307405219 1.2453412140069156e-05 6.5630463197453e-05 7.016378785370708e-05 6.756225037676562e-07 1.8154692432997963e-05 1.0387566256065861e-07 2.2990119689533985e-05 4.6901035298591665e-07 1.3114192161792008e-05 9.024455928230345e-07 5.196706021567571e-07 1.0297429522637015e-06 3.0347555564213865e-05 5.348373699009392e-06 8.64932340384561e-06 6.577972964812153e-06 0.0004832549418612912 5.637886793340269e-08 3.3435795772796217e-06 3.2504900078350156e-05 0.0005139778041876385 3.906621439718973e-05 8.537919618479308e-05 9.389164517124531e-08 1.852170784536772e-06 4.8632555045060955e-06 1.1533565787598895e-05 4.961154521065168e-06 0.00012268990945209758 4.207522593895911e-06 5.0528507031983044e-05 1.7099196645449856e-05 2.7424774744482103e-05 1.3464091484271685e-06 1.4020251927274094e-06 1.9668314233430353e-06
0.00017805772189541917 5.530835263667828e-07 0.000584223863250955 5.569791023372622e-05 6.46491340429647e-05 0.00591741837617182 0.00466054767584065 0.0 1.189431852862192e-05 0.0029282755014968247 0.00012808075064719694 0.000801272962926029 3.3078911496355963e-06 0.00366946593317245 0.00019543825748793682 4.163822853411818e-06 0.0003794498626825916 4.6250031725431e-05 6.891414746682163e-05 0.00017999849712597174 0.00020999115503169248 3.660296414337889e-06 0.00033097332405619266 0.00014937129085803428 1.3805507011904877e-06 0.0003475694770530025 0.00014507433152432825 0.00028587045922839584 0.0011719701522980843 0.0007365312223576677 3.93112300731502e-06 0.0006180400423773123 3.865603234421586e-06 0.000515245841110389 4.654656847501519e-06 0.0004757164810622045 7.203907510064976e-05 0.0004820112017196162 0.0002244857379390144 0.0006376531582961003 7.929614758543074e-05 4.823524456461941e-06 1.3844946221216855e-05 3.9998079515819027e-07 7.883283734966557e-07 3.842184349269447e-06 1.2846695663855501e-05 0.0 4.787721284251825e-07 6.41262360688002e-05 1.0825129954072213e-06 7.920023558902622e-06 1.3068133549211538e-05 1.42947470281548e-07 5.139183744944143e-06 1.467006391250837e-07 1.4684512022719389e-06 0.0 1.8665301707679618e-06 1.3763737881983226e-07 2.050691452854795e-07 3.208613500074292e-07 6.30106069037837e-06 1.2679703313521984e-06 1.8192740823912224e-06 8.67027362916945e-07 4.674937838392275e-05 6.736912638250701e-08 1.552080584443085e-06 9.900039982366393e-06 4.985540403004221e-05 3.3080596112385006e-06 7.440140339899273e-06 0.0 0.0 1.970644204541555e-07 9.168942616554849e-07 1.3459640910088712e-06 1.0889808204745267e-05 0.0 3.9101684880544484e-06 9.729949435644875e-07 3.857715578021505e-06 0.0 1.6775502872510625e-06 0.0
1.2495521582166627e-06 0.0002242087139067771 1.1285478479561546e-06 0.0003646591534783682 9.940050344850242e-06 0.00010731056927501604 0.00013184970673568657 1.189431852862192e-05 0.0 0.00025464070996775596 8.504216932491592e-06 0.0003954939753264192 4.9642359491274676e-05 8.900612979443579e-06 0.00034381036207164367 7.441881541672385e-05 2.8211437096595084e-06 7.86086893831953e-07 5.045113929329521e-07 0.00034443275876049046 1.5556341764700045e-05 0.001694695960331854 7.282260531453658e-06 0.004973853416573956 9.536974953805379e-05 1.1647797196594074e-05 0.0005884345731041161 0.0008608757918874625 2.2455717208651644e-05 2.1401933390961988e-05 5.414297645680652e-06 8.193486290137237e-07 3.051103688947351e-06 1.2888855266433346e-05 7.362897482894424e-07 6.017919480863322e-05 3.22964314646906e-06 1.991521108195661e-05 8.59453772795784e-06 6.361953224688834e-05 8.941809749571074e-07 2.4834458374434073e-06 3.8145479691402457e-07 7.83045713326521e-06 3.653337711860436e-06 2.3024879029186245e-06 0.000162175720937654 0.0 2.9666349594552687e-06 0.00016096000718697075 6.392296831749186e-06 0.00010042522311299538 8.074224401679049e-05 3.8509518009062184e-08 5.126157710979225e-05 5.939764958151896e-07 1.797628961800244e-05 3.311922489606961e-07 8.007346275975817e-05 1.1148246272589832e-07 2.685076623130774e-07 7.90868991213568e-07 7.92698716086244e-05 3.168713377433316e-05 1.6061598116552794e-05 5.770595816515396e-06 0.0008716850633500036 7.044097222519166e-07 1.1038402231624768e-06 1.38949494161363e-05 0.0003797470638043679 4.022380158065442e-05 6.29084685054599e-05 6.570407700012386e-08 8.840074917989804e-07 5.1178911330968985e-06 5.784718570708377e-06 1.5122451188810293e-06 6.187326787767655e-05 1.8263782610617614e-06 2.4535088822055496e-05 9.941679467426317e-06 1.2926665129720675e-05 3.094271960726042e-07 0.0 0.0
1.1839029501307441e-05 4.405787640771207e-08 5.755219864038398e-05 0.003068966837656151 2.442505668208216e-06 0.005082100828869241 0.004023196719467722 0.0029282755014968247 0.00025464070996775596 0.0 2.0048027501963934e-05 0.003023059687314506 2.3482639573309595e-06 0.0005805120063168724 3.405659972021866e-05 3.5143639169219915e-07 1.144400754390338e-05 9.691450676684576e-06 7.93257750673751e-06 0.002511110072068338 4.9511669355744674e-05 1.3467102751716725e-06 3.516413507145798e-05 0.0006485143431483718 1.0885205927602326e-06 3.966383510832453e-05 2.3063294002380163e-05 0.0021741985921741977 0.0006189751610375013 3.144378155382192e-05 6.846436998791464e-07 1.9058126964512894e-05 3.942196507805643e-06 0.00018619710645223158 6.572239360098666e-06 0.0009792358561782055 2.891251828422224e-05 0.0005797497884863073 0.00019770822102851445 0.00010162585290076167 6.268132429846108e-06 3.544391505880144e-06 1.4004998783994577e-05 6.331348079267559e-07 1.8240875631248363e-07 9.056117995082029e-07 0.00020368697694696957 0.0 7.46373555576821e-06 0.00022635404361724237 5.0787794844955466e-06 8.756931153621826e-05 0.00017515893045856232 1.0298471724020298e-07 0.00010057128195940658 0.0 5.5292520821182434e-06 1.8048185201703122e-06 8.952306171778514e-07 2.881219482085907e-07 5.337767801898023e-08 6.938046891416966e-08 0.00014479952577406972 3.151710459031377e-07 5.547138816341519e-07 2.196622438268686e-07 0.0002503424250179456 0.0 1.5369842275785642e-07 4.198405776691989e-06 0.0002758139470332452 5.1781861569867155e-06 4.989179537848127e-06 0.0 5.599288808317238e-07 1.9526641172288566e-07 2.1649754467473563e-06 1.7203068960006068e-06 2.2961316866891083e-05 1.4975579931803582e-07 1.3703647738089476e-05 2.0352705667319504e-06 5.00845515540448e-05 4.239849889492601e-07 1.485529428801418e-06 0.0
1.282094087339609e-06 8.213157224714834e-05 2.3575256064512502e-06 2.3937830794022763e-06 1.4114538931176982e-05 3.860854316546078e-05 2.0220387675422e-05 0.00012808075064719694 8.504216932491592e-06 2.0048027501963934e-05 0.0 3.641259761622844e-05 0.0005807990311735557 0.0001445229547353992 3.0469570234436084e-06 7.973275301306176e-07 5.3644600369533984e-05 0.001793265023008397 0.00021025602755069794 9.395739755782685e-06 3.236183448942908e-06 2.6056823079324277e-05 6.944729709390313e-06 1.2000905054366833e-05 0.0004236382666483765 0.0015558513586320568 0.0004963804730475124 1.113538161951497e-05 0.00024912274633993083 6.529276392868329e-06 0.0003019258032354064 0.00012850676985981166 1.937470597476754e-06 0.003599767079061077 6.939741584976624e-06 0.0006523725790003252 0.002774407930262601 0.0024662184258469537 0.0006042447847465972 2.6496803820538697e-05 7.798471632053208e-06 0.0005913862298514153 7.65803614082987e-06 2.0687560782107328e-07 4.764938814151277e-06 5.104916811462687e-07 2.989317644871651e-07 2.2414017556339446e-07 3.7198303910106955e-07 3.6216287431533976e-06 1.9398202895609453e-06 1.0167878956205734e-06 1.0187482285672913e-06 0.00039592502177812026 7.494214186842258e-07 0.0006053520365937364 4.485136288295148e-06 0.0 0.0 1.5500679608062733e-07 5.940698469680571e-05 9.608125367054947e-06 3.7050636431353787e-07 1.2815469064754214e-07 7.585105692307373e-07 5.585675427489991e-08 4.481840168609964e-06 2.78135373375783e-05 3.391662159470582e-05 0.000173842331397977 3.4980749144745086e-06 4.831857877867464e-06 7.23319363074245e-07 6.015621161095593e-05 3.813973557343364e-06 0.0 5.059548529839851e-05 7.65075127047123e-06 1.1968271191052897e-05 0.00019232366852162393 5.950981812446581e-05 2.230912662539677e-06 2.015491237996691e-06 3.2388568546981343e-07 0.00016644495307055858 0.0
1.333423416019188e-06 2.399487598559918e-07 6.387461415814047e-07 0.001483256938396383 1.5845252359748483e-05 0.002523831481897767 3.581117046611043e-05 0.000801272962926029 0.0003954939753264192 0.003023059687314506 3.641259761622844e-05 0.0 2.7214192784017564e-06 0.00026770730938237953 0.0006626378559939426 7.027462072163976e-08 1.1081216802934003e-06 1.8211114240298698e-05 1.0619421522420982e-05 0.002113703609817602 2.836483513743701e-07 2.8876999375837696e-07 8.690190978363762e-07 0.00022650953336761918 1.1479061809602254e-06 1.7398255358519308e-05 1.365715698714234e-05 0.00029630757660195357 0.0004249547089374434 1.945065741074798e-06 1.600892656954e-06 4.41337554426309e-05 3.010636761443727e-07 0.00014319804889592649 1.675510477371271e-06 0.00034556297220527803 1.638996389748614e-05 0.00035794999919709826 0.00010342939641220521 0.0005638199506712566 6.624812038566434e-06 3.95793461269435e-06 3.8401610932047316e-06 4.851125487026982e-08 6.678305801842942e-08 9.602617788020769e-07 9.984114865873667e-05 0.0 4.4238771918154006e-06 3.526921971369225e-05 4.4220483285604197e-07 9.759813039419857e-05 7.130406537005924e-05 1.8324213010825043e-07 0.00013111475725800358 5.0030187506992526e-08 7.053028536442394e-07 6.221760371056507e-07 6.469802810620513e-07 5.575172227342513e-08 0.0 5.401874080087783e-08 7.714493969530145e-05 4.7252052895521113e-07 0.0 0.0 6.301108785821517e-05 4.98943121542355e-08 6.945939094995494e-08 3.8417185334787704e-07 5.6811112702556294e-05 4.0739839769300336e-07 6.015941667534782e-08 0.0 0.0 1.9522968422586253e-07 2.162781822318584e-07 7.176206573036301e-08 8.533298868470466e-06 2.6823044158651007e-06 1.8973324410301873e-06 1.283555679348501e-06 5.203347491872247e-05 0.0 0.0 0.0
0.0 0.00048426932752461985 2.595945743450761e-07 1.06354840858093e-06 1.0488122731600373e-06 1.6756033761152626e-06 7.009196957576419e-06 3.3078911496355963e-06 4.9642359491274676e-05 2.3482639573309595e-06 0.0005807990311735557 2.7214192784017564e-06 0.0 3.961075480311404e-06 3.6265331637318513e-07 5.763653395990591e-06 8.889316615070947e-07 3.0446774066938046e-05 3.2302340785637315e-06 8.607564463178863e-07 2.4913278145256048e-06 0.00017435690784192416 7.831736309307851e-07 3.801207322564646e-05 0.002643570373207413 6.241574120182281e-05 0.0015188260450427265 5.723079246689478e-06 9.4509011678933e-06 2.2775632090092507e-06 0.0003207320843900658 4.848645237666057e-06 1.1404523425152483e-06 0.00047359442361366225 1.4548096818211371e-06 0.000232888655060778 0.0007088395295342235 0.0009356593414146316 0.000212558635367293 4.9519253673259385e-05 2.8164047773282885e-05 0.00035497483238645683 2.0907212553644434e-06 6.177674489094383e-08 7.513062167031022e-06 0.0 5.922716688627695e-08 0.0 5.156245704417546e-07 2.214564531875784e-06 3.346162851329012e-06 4.6677031828864885e-07 8.271485967456936e-07 0.0004170326783746355 2.646296974418348e-07 0.0007572331781883982 1.9828064023392422e-06 5.9128775031546515e-08 0.0 0.0 4.8199220364529715e-05 9.704157839481439e-06 1.4576678795457705e-07 0.0 7.295253939320104e-07 1.4530196278590457e-07 6.919257808547752e-07 6.659043913711705e-05 4.960399788504814e-05 0.00022510897880911957 1.7222701077097663e-06 5.50787189705132e-06 0.0 8.141429886989185e-05 3.640342378612126e-06 0.0 5.599551968914797e-05 5.071370030385338e-07 6.72307473480821e-05 0.00019775635528095328 6.644345417085598e-05 9.8505026963412e-07 1.7804226746594148e-05 5.599638728781672e-07 0.00017808601224248533 9.75468794847955e-07
0.0030618506136961066 3.6318763777202883e-07 0.0004185122363116491 4.302045534167124e-05 2.6262150851435784e-06 0.00029679499293523123 0.004061830758707437 0.00366946593317245 8.900612979443579e-06 0.0005805120063168724 0.0001445229547353992 0.00026770730938237953 3.961075480311404e-06 0.0 2.32939771729727e-05 4.353281412184738e-06 0.00048275528594252684 6.193399140889372e-05 9.596257396654678e-05 0.00012267023122639308 0.0001982190877382964 2.950558229427459e-06 0.00035962144365155556 0.00011588897243328311 1.3261709754966927e-06 0.00024156213645061875 0.00016593726617175568 0.0002846872473276099 0.0053544370081022785 0.0018469077305860392 3.8042854380018593e-06 0.00012637948525646956 5.372520918507535e-06 0.0007477047461084972 8.149026355264852e-07 0.0002775124107550127 6.329071108893678e-05 0.0005898472415471077 0.00012311006042478565 0.00018762814397670758 2.317129865193834e-05 3.3014652640032656e-06 5.646061800880362e-06 7.104782354099175e-07 3.785390835268456e-07 1.8741422592160822e-06 1.3915587982839585e-06 0.0 1.5777455299556617e-07 3.382816524667972e-05 8.274332813994092e-07 6.784190051069534e-06 2.749108869084341e-06 3.3443716168136304e-07 1.0179259601655748e-06 1.8723384892357863e-07 1.361630048077681e-06 0.0 1.1232086411454504e-06 7.134839538820751e-08 0.0 2.023625015551027e-07 1.7072530825367468e-06 1.8130054151744595e-06 1.0506327943349803e-06 8.291573994119163e-07 3.997958593251443e-05 1.5849691381640262e-07 8.429278608614443e-07 6.582631051960207e-06 3.9866252634090596e-05 3.6401277860514415e-06 1.20261983490413e-05 6.390044481311433e-08 5.747230160537356e-07 5.957007925865549e-07 8.148814786708183e-07 3.5272000691314394e-07 1.0290091195931562e-05 1.2124235374886993e-07 3.0362250864408146e-06 9.95230366869991e-07 2.9372195451027405e-06 0.0 7.747869952477349e-08 0.0
0.0 1.4431504108978658e-06 8.388435188886977e-08 4.8245308505839035e-05 0.00041852281593120834 0.0009148006458957272 1.5847353536054553e-05 0.00019543825748793682 0.00034381036207164367 3.405659972021866e-05 3.0469570234436084e-06 0.0006626378559939426 3.6265331637318513e-07 2.32939771729727e-05 0.0 0.0 1.088196186398623e-07 9.830446585583404e-07 2.3236542923914384e-07 8.593396005559707e-05 0.0 1.2416420746557808e-05 9.96050464096412e-08 0.0007191574205778119 2.3191884492226815e-07 3.7261136531433814e-07 5.215628380337814e-06 4.945357322966994e-05 1.631409328285435e-05 0.0 1.076805597487138e-07 0.00029083520197601667 0.0 1.530166922985336e-05 0.0 0.00010096623011174717 1.1269094634367495e-06 1.1761181199223143e-05 5.519120979706024e-06 0.0009575737997346798 5.9903334410905914e-05 0.0 2.711003807887964e-07 0.0 0.0 0.0 4.795929391973783e-06 0.0 2.392156399863924e-07 3.481840988375989e-06 0.0 5.4316550004426775e-06 4.500120924597592e-06 8.008702960742022e-08 1.497718608014227e-05 0.0 0.0 0.0 2.4340266402646046e-07 0.0 0.0 0.0 5.3089383330128556e-06 0.0 0.0 0.0 5.553440226222428e-06 0.0 0.0 1.4090011528829403e-07 4.62541648276064e-06 0.0 8.611894710305578e-07 0.0 0.0 0.0 0.0 0.0 2.190955015298212e-06 0.0 4.2768733069085176e-07 0.0 1.3797781106202244e-05 0.0 4.860466158734916e-07 0.0
1.1269882849206768e-06 7.295008989781198e-05 8.35166864794993e-06 3.0331487954611957e-07 1.2599821081979492e-07 0.0 2.3293675446641193e-05 4.163822853411818e-06 7.441881541672385e-05 3.5143639169219915e-07 7.973275301306176e-07 7.027462072163976e-08 5.763653395990591e-06 4.353281412184738e-06 0.0 0.0 2.773392457384174e-05 3.1302198456799544e-07 6.5127611375688255e-06 0.0 0.0013858989267840592 0.0016123750022249258 0.002197111271217499 0.000964455602166204 1.4421996595669971e-05 5.17609225393168e-06 0.003386215487039035 0.0009493642722987 6.589149605439668e-06 0.0003007521247865842 3.2103597506678996e-07 2.4972280262188454e-07 3.3706102441910854e-06 0.00012408363013766474 2.2553515736663546e-05 0.0018389296837117792 0.00021230581251365999 0.0004694395626940764 0.0003720715751569256 0.00013661136319086052 6.676924144836697e-08 4.361385255078653e-06 1.4735211516907839e-05 3.778547439702667e-06 1.0442160779148197e-05 4.2764422314122264e-05 8.348654416087167e-07 0.0 7.492880869210517e-08 8.902374607023114e-06 1.341531202780406e-06 3.0645627487421858e-06 8.657662899328164e-07 2.606366937972151e-07 0.0 1.2478547721017053e-07 5.386414663982764e-06 0.0 0.002522558842433459 4.219786404931915e-06 5.426558443885069e-07 2.235695702129439e-06 0.0 0.0004428040296803032 0.0007150357393430919 0.0010297832014033298 0.0001921971287310509 0.0 7.817790883901961e-06 0.0005664822114447942 0.0001514362455174064 1.2536081151448386e-05 0.0001147639298081862 0.0 0.0 3.1800189054319024e-06 9.015380884737042e-06 9.57192480273118e-06 6.930873691344469e-05 6.73484989509909e-06 1.7727595680608204e-05 1.4378081272003186e-05 1.3224247596279027e-06 0.0 2.0299546656073512e-06 2.4773431664469662e-06
0.00011400126780282471 2.9651599638837585e-05 0.0014465447484756184 3.7370463624126543e-06 7.777718957612262e-08 8.194690260838679e-06 8.075677355538542e-05 0.0003794498626825916 2.8211437096595084e-06 1.144400754390338e-05 5.3644600369533984e-05 1.1081216802934003e-06 8.889316615070947e-07 0.00048275528594252684 1.088196186398623e-07 2.773392457384174e-05 0.0 0.00010827157687673901 0.001969711898558892 8.936222082844388e-07 0.00017723609735331575 7.552737632242779e-06 0.002425328726006059 1.7560140393246455e-05 1.6067512141091947e-06 0.001962261622777954 0.004897769242216646 5.5438659550458235e-05 0.0004803515547390242 0.000463554251065578 1.5213755552754415e-06 8.623148772139305e-07 6.472247140995829e-05 0.0007967304244535457 2.809104579887234e-06 0.0003192914352624878 0.0010141861006452214 0.00047738024678467696 6.781052204477182e-05 9.766806283322466e-06 4.14853308691128e-07 2.4713821052384795e-05 1.2335492742179017e-06 2.5554955187279275e-07 5.607712092173067e-05 8.024300790575579e-05 0.0 0.0 0.0 2.233702269000857e-06 3.418245167277537e-07 1.7170734424675635e-06 0.0 1.482184284499441e-07 0.0 4.432180417870502e-07 1.806631976646223e-06 0.0 3.6394695363501804e-06 4.447189571695143e-05 1.5364574326724683e-06 7.189679119442136e-05 0.0 1.4566320687916597e-06 2.6352732284765207e-06 3.5402704848242315e-06 4.495413239314742e-06 1.5412599904950333e-06 0.00012591333209196554 0.0004977126574709906 4.053817277749595e-06 4.149643253902012e-07 2.834551245937682e-06 7.536716637737223e-07 0.0 1.4658281469283687e-07 6.81022741086951e-06 1.5826876909979996e-06 2.6542046950105768e-05 9.104772618280519e-06 2.6393982689998374e-05 4.63316261055908e-06 4.790913842971969e-07 0.0 0.0 2.2437700125703633e-07
2.6983466566057542e-06 2.0678610698504014e-06 1.2443516775900854e-05 8.095017047717873e-07 2.070958007478114e-06 1.4948577333756958e-05 1.032179132724756e-05 4.6250031725431e-05 7.86086893831953e-07 9.691450676684576e-06 0.001793265023008397 1.8211114240298698e-05 3.0446774066938046e-05 6.193399140889372e-05 9.830446585583404e-07 3.1302198456799544e-07 0.00010827157687673901 0.0 0.00092658321000609 4.662559947922098e-06 6.328425677319776e-06 1.8505796631145798e-06 1.42833207284373e-05 3.0775825794023207e-06 3.178059179148059e-05 0.00249904530316631 0.00041961299626644736 6.865369014264175e-06 9.401829479051594e-05 7.766481646973186e-06 0.00015040216040075878 3.3511419882687035e-05 1.8447599487695606e-06 0.0009149490812108097 3.469730798233537e-06 0.0008360273428430107 0.0007998523204749361 0.001013575968635136 0.00026159336100352207 1.3185024029736026e-05 1.1651417450778442e-06 2.0476606128044676e-05 2.2529923384660475e-06 0.0 2.920544218694225e-06 1.2052347500162061e-07 0.0 0.0 9.523133853558647e-08 2.374485043995478e-06 4.188076296637157e-07 5.563369301332022e-07 5.905168527405518e-08 7.638255196933847e-05 1.1917739100810778e-07 9.212904033937982e-05 1.0785928583420735e-06 7.136797693143887e-08 1.3167082524543496e-07 5.505056225314164e-07 9.222694646160353e-05 2.748607782308919e-05 0.0 0.0 5.699323270745103e-07 0.0 1.6028633728110506e-06 2.1858189452122975e-05 7.075505878579331e-05 0.0002468094585790917 1.7360812889374784e-06 1.2377107431895684e-06 3.133441899611661e-07 1.9933551763127223e-05 5.987349486136976e-07 0.0 4.056575675893491e-06 1.5230908656900522e-06 4.411073882821958e-06 1.0709688414643274e-05 7.941042926663057e-06 9.196439899947709e-07 1.1821746338919751e-07 0.0 1.0187990854623786e-06 0.0
1.631638688189857e-05 7.92603786716109e-06 5.941372022629731e-05 5.008058707733462e-07 1.2211964375464959e-06 8.773741777396123e-06 1.6596453289346324e-05 6.891414746682163e-05 5.045113929329521e-07 7.93257750673751e-06 0.00021025602755069794 1.0619421522420982e-05 3.2302340785637315e-06 9.596257396654678e-05 2.3236542923914384e-07 6.5127611375688255e-06 0.001969711898558892 0.00092658321000609 0.0 3.187023366452848e-06 0.00011181684954089218 2.0231435844292796e-06 0.00028410766941462965 3.2347877035041704e-06 5.7177965611951744e-06 0.004520247289675807 0.0014443442149760207 1.142245516191825e-05 0.00013986750098090895 0.0001228463547356047 2.772085873884468e-05 1.0067944628531464e-05 1.634836572806726e-05 0.0015682951176299342 2.3821626885306094e-06 0.0008083502345823727 0.0007807431729839465 0.0009465433187735687 0.00010995421828702327 1.2750256544820311e-05 1.0464815406872169e-07 1.8111680839634118e-05 1.4153662567794251e-06 2.3278013116887542e-07 2.3265169456806062e-05 3.598687929946134e-06 0.0 0.0 1.0210838545638486e-07 1.022222701178853e-06 0.0 5.523861731653452e-07 4.5458007769512066e-07 6.41427414216038e-06 7.37919321486808e-08 5.368160327064681e-06 5.677354179517235e-07 0.0 6.55957416839199e-07 1.735831047019133e-05 2.8995173493927984e-05 0.00011352889007985211 6.317164494924874e-08 3.7253179900183566e-07 8.689290629582551e-07 7.219042967822774e-07 1.229352053474645e-06 1.245867827919667e-05 0.00014327848253895947 0.00037515031161358355 1.6202536899616543e-06 3.1289028770354305e-07 1.583633761081276e-06 1.6400158355016935e-06 0.0 0.0 4.208932409146426e-06 1.6277917834150123e-06 1.649676839731347e-05 6.6186236601458924e-06 1.4910246835295848e-05 4.889681743029113e-06 3.208144407037886e-07 0.0 4.03240016035779e-07 2.8697515054855005e-07
1.2478393653226352e-06 4.744292862472672e-08 1.508731866769721e-06 0.0028234606181139804 1.7509370773447693e-06 0.00015767023293103636 8.160356316620005e-05 0.00017999849712597174 0.00034443275876049046 0.002511110072068338 9.395739755782685e-06 0.002113703609817602 8.607564463178863e-07 0.00012267023122639308 8.593396005559707e-05 0.0 8.936222082844388e-07 4.662559947922098e-06 3.187023366452848e-06 0.0 3.9042387364599316e-07 5.464023693611553e-08 5.444075061617103e-07 0.00039831837046232525 2.35882383148469e-07 4.962719327693813e-06 3.7900660907151596e-06 0.000953313052908624 0.00016061155504406703 1.5680672870410585e-06 2.416009162557452e-07 8.979229784478923e-06 5.310432742168753e-07 5.864923355478982e-05 1.951755739195608e-06 0.0002849372814648519 8.432377460451594e-06 0.0001663706542937372 5.718944533077465e-05 0.00015015799727420573 2.3205689591929215e-06 3.00857567925984e-06 4.8075740977742735e-06 1.962413997755783e-07 4.319460519295297e-08 6.040509465660115e-08 0.00011296070689703023 0.0 5.5299940766203116e-06 0.0001128788811544944 2.027510231328445e-06 7.206331977351865e-05 0.00010698385841007233 8.129075153611815e-07 8.534226266446205e-05 0.0 1.306912375038787e-06 2.968133826410186e-07 1.5113799260085474e-07 0.0 0.0 0.0 9.255242882864081e-05 3.014701700632101e-07 5.179806792241187e-08 9.16529362688407e-08 0.00011647534282907185 0.0 4.927160939670661e-08 1.4135471396063452e-07 0.00014020638646366682 2.9299856806049006e-06 2.830615158368605e-06 0.0 2.9540465856436553e-07 6.719530573800703e-08 8.231364621791306e-07 3.778215342986023e-07 1.8416116015839593e-05 1.1996860080308405e-06 8.599478201963456e-06 1.0176743682454373e-06 3.6248050430105834e-05 0.0 2.3817206960818976e-06 8.481830137674829e-07
4.186652688651094e-05 1.910585038068231e-06 0.0007290482334301381 7.2071339223610885e-06 8.741370719396522e-08 2.1473800674900973e-05 0.000886329367358804 0.00020999115503169248 1.5556341764700045e-05 4.9511669355744674e-05 3.236183448942908e-06 2.836483513743701e-07 2.4913278145256048e-06 0.0001982190877382964 0.0 0.0013858989267840592 0.00017723609735331575 6.328425677319776e-06 0.00011181684954089218 3.9042387364599316e-07 0.0 9.367743570569024e-05 0.007845988292748213 0.0004366479841341231 2.657673437655912e-06 0.00014779138664728242 0.00029110926627177384 0.004472306741262743 0.00011611590902676495 0.0065386282210022455 1.5827635145469143e-07 1.2844240563631406e-06 2.1776587254987273e-05 0.0014328771985564748 3.786260349263915e-05 0.00259890309167527 0.0003026504669693684 0.001746985198061767 0.0009661112913623703 0.00018936799257505908 1.4267908173222065e-06 6.019076762730381e-06 2.2620593489831736e-05 3.40458744308109e-06 1.1539243548789986e-06 1.384626835897169e-05 2.812363841730395e-07 0.0 0.0 5.594264887442243e-06 1.1254894924486169e-06 4.226295554950621e-06 2.4195406555205573e-07 1.345524925184601e-07 3.749260281106575e-07 7.384425635606018e-08 5.79088781448283e-06 0.0 0.00030214415457349334 1.50131589913363e-06 2.81733743453859e-07 7.969421260328752e-07 5.948553153264473e-07 0.00020411895141410927 8.519783999042938e-05 7.22776091517315e-05 0.00012396202371170852 0.0 4.135961270638884e-06 2.2838779457354364e-05 9.832647545456396e-05 1.0718790122999557e-05 8.884859433513684e-05 0.0 0.0 2.2302183929285388e-06 5.412692454446681e-06 1.866339569508086e-05 5.821800097042797e-05 2.4502961170309996e-06 1.0600113901070426e-05 7.528535362464676e-06 4.484608826767478e-07 6.181468645854392e-08 1.138278698112995e-06 1.5414090306928498e-06
8.576623651077581e-07 0.0010953788699637045 1.7994685211659735e-05 3.1611325851922507e-06 5.189281644816867e-07 3.530935756848325e-07 3.4440748282777005e-05 3.660296414337889e-06 0.001694695960331854 1.3467102751716725e-06 2.6056823079324277e-05 2.8876999375837696e-07 0.00017435690784192416 2.950558229427459e-06 1.2416420746557808e-05 0.0016123750022249258 7.552737632242779e-06 1.8505796631145798e-06 2.0231435844292796e-06 5.464023693611553e-08 9.367743570569024e-05 0.0 0.00023403599664678193 0.0035969596905773985 0.0003931713738119768 2.1889807268709023e-05 0.0016945170600533015 0.0003510721367001829 5.257417862700272e-06 4.248707156283064e-05 1.2864747984643384e-05 1.3345081657348055e-07 2.174197571539326e-06 3.0230443378015807e-05 2.1713558866641957e-06 0.000287137946166003 3.2140788450937955e-05 9.263511184279724e-05 4.0056023309553646e-05 1.500235047850773e-05 0.0 1.3649363961212686e-05 5.156735131274045e-07 7.576073267905113e-07 5.74820942763021e-06 2.4740961719304325e-05 3.32988924448817e-07 5.2489901944110355e-08 0.0 3.4866311857683543e-06 5.487532978607818e-07 3.4092265855143448e-06 2.5813720551420314e-07 4.4969784183576737e-07 2.2706039516345092e-07 1.4651614508710695e-06 2.135279291608416e-06 5.3271718705929856e-08 0.0005054207964908722 1.58994030655521e-06 5.13029271135024e-07 8.158419164973019e-07 3.197804994694009e-07 7.3548170704454e-05 8.056740512087007e-05 0.00010267984576948736 9.924842580624058e-05 6.644323258807912e-07 2.1638619354763233e-06 0.00030052810505352555 4.7239942839447804e-05 4.201240668730517e-06 2.4679877694781083e-05 4.619806199314281e-07 0.0 5.328756493385862e-07 2.4225219436154607e-06 6.954561230577324e-08 1.9023243804558364e-05 1.7905526397184022e-06 4.825427754160543e-06 2.8953960985572705e-06 4.5966072099022794e-07 0.0 1.0862548652012771e-07 7.596778496765845e-08
8.398755796171407e-05 9.19653165537984e-06 0.005710219028480365 1.0288908631603359e-05 0.0 2.151012097414228e-05 0.0005328006535362879 0.00033097332405619266 7.282260531453658e-06 3.516413507145798e-05 6.944729709390313e-06 8.690190978363762e-07 7.831736309307851e-07 0.00035962144365155556 9.96050464096412e-08 0.002197111271217499 0.002425328726006059 1.42833207284373e-05 0.00028410766941462965 5.444075061617103e-07 0.007845988292748213 0.00023403599664678193 0.0 0.00030570740152274453 4.908498552142022e-07 0.0008156798963208783 0.0046922050463694106 0.0018145879522015337 0.00023187349014662187 0.00261197466905857 1.7821063432665106e-07 5.561790674409172e-07 3.509291311816864e-05 0.0018781501202616636 6.265171475943708e-05 0.0047535609024195145 0.002662410141839899 0.002889897257673171 0.001323084719935986 0.0003935997412977773 1.5516460737974066e-06 7.444981524531727e-06 4.1536283500740675e-05 6.526643360546002e-07 8.40163181950591e-06 0.000156391867790715 1.4714276564293925e-07 0.0 1.7164739113269964e-07 1.493831280275385e-05 1.1735269879314593e-06 2.7959984608367096e-06 8.16731576988466e-07 0.0 1.3621700562426937e-07 0.0 2.7700609490313293e-06 0.0 0.0011571402074871642 8.293499267984865e-06 1.3347453191530202e-07 1.8898169791930746e-06 6.9328301120791e-08 8.859460678188899e-05 0.00022814999274481303 0.0007124677449528779 4.810529750731705e-05 1.7088816129741078e-07 5.4945307771371615e-06 0.0010916178990036062 3.989607122787481e-05 2.7266639143283195e-06 2.003275598748762e-05 0.0 0.0 4.776084008116368e-07 3.4470484628865843e-06 3.6044511844231125e-05 4.507633264858148e-05 7.5433103109026e-06 1.3810581380019246e-05 1.1123874539414387e-05 3.01663110457225e-07 6.158913597986726e-07 3.08848888822276e-07 3.6627150738239644e-07
