0.0 4.785456576086882e-07 2.6762735720067475e-05 2.0755010741613146e-06 3.7641222631059967e-07 1.1075775552686221e-05 0.0010345412753432273 0.0006948960844288351 4.278960751580998e-06 8.993252034345068e-05 4.897910959912952e-06 4.066786758416753e-06 3.1072466905608577e-07 0.003143616656667646 1.0409053813735908e-07 4.955084038592481e-07 8.794833009440238e-05 1.7503194509263828e-06 6.578927895042931e-06 3.0642574203491353e-06 7.745725774121004e-06 5.727764797973914e-06 4.835773343909976e-05 6.960659228137698e-05 9.207971617811376e-08 2.0344065592391392e-05 3.999634011640467e-05 0.0001194453962457843 0.002265016131636931 0.0011900502785869807 1.5828680856467733e-07 5.344296389177878e-06 5.253563331003063e-05 8.431803072608726e-05 1.494616525458589e-06 5.3324655265479585e-05 6.095362054526214e-06 9.166000388589914e-05 2.876370649324754e-05 2.880485043643959e-06 1.4149184452376625e-06 2.144055930054136e-07 1.973942701211234e-07 1.316241614303566e-07 1.8450644833581247e-07 6.408046174790069e-07 4.4587812275449755e-07 0.0 0.0 5.635697895479504e-06 1.7079055769154223e-07 6.108078251232811e-07 2.9745672172132916e-07 0.0 0.0 0.0 2.0542225721143094e-07 0.0 1.3156499846900053e-06 4.792782871848885e-08 0.0 0.0 5.3695127669566485e-08 0.0 1.0514319667440522e-07 1.1923717751128804e-07 7.535819180829351e-06 0.0 2.306788765492891e-07 8.159251249028047e-07 7.150751756151701e-06 4.742815603223116e-07 1.4752673521622526e-06 0.0 0.0 0.0 3.273403169239499e-07 0.0 5.1308760860463955e-06 0.0 2.939354719968738e-07 0.0 0.0 0.0 0.0 0.0
4.785456576086882e-07 0.0 6.1108781029250495e-06 6.777088505852821e-08 0.0 0.0 1.2695683276230695e-06 2.046040684854389e-07 0.0002228108159782041 0.0 2.003377109641401e-05 0.0 0.00018222596787583782 3.180245505009679e-07 1.487822772159653e-07 2.3425247680513662e-05 6.250158139598781e-06 2.0604865104931413e-06 8.925197243377307e-06 4.5529613907733417e-08 1.2180280824986532e-06 0.001566193159053543 1.037740450939913e-06 0.0002693704302003332 0.0009698165377509315 0.0001100393340515668 0.003937540316363625 1.2621409244803413e-05 1.256246266165546e-06 1.0402635394245537e-06 3.343787637878787e-05 0.0 2.411598064762928e-07 4.462290125043144e-06 3.2748453884821606e-07 1.0212128404953936e-05 4.051735837260113e-05 7.099913692654101e-06 3.7932954075296494e-06 1.0172895274533591e-06 0.0 9.361867922717931e-05 8.013072127279194e-08 1.2753427256021297e-07 0.0005267494568827723 1.2555666531026787e-05 2.480700942543151e-07 0.0 0.0 1.178221916726663e-06 0.0 8.494152199680077e-07 0.0 5.194892256887364e-06 0.0 1.1045142047975096e-05 0.0 0.0 8.178290528946153e-07 5.3786857535098005e-06 1.3656687470196219e-06 6.852228647535094e-06 0.0 5.11213501474544e-07 5.742743835601008e-05 6.587195728747259e-07 2.4386689822291376e-06 5.715343334945285e-05 0.00012836667005869514 0.0005798384254781021 8.312509292400728e-07 5.7266161233323325e-08 3.5067625159744656e-07 2.631919401803106e-06 0.0 0.0 3.8439170763385195e-06 5.535469170882622e-07 7.790253782338895e-06 6.790314666570164e-06 1.1036160360243324e-05 2.4483909135845316e-06 2.1948635456023516e-07 0.0 5.4110967386394374e-06 0.0
2.6762735720067475e-05 6.1108781029250495e-06 0.0 5.188792527307287e-07 1.2136376282824e-07 4.472453848315841e-06 0.0003797604766455018 6.356626934513496e-05 1.8284532522969922e-07 1.932384292621432e-05 4.2728104635723795e-06 3.2596389656514524e-07 9.770075166785878e-07 8.936613977226188e-05 0.0 6.64596787275027e-06 0.004662625438373415 5.429303462849204e-06 0.00013139352882315396 2.8228163267344705e-07 0.0005054921752807024 5.006112535678804e-06 0.0045719678418071775 1.1403032893797895e-05 1.6896672140313202e-07 0.0029814686282604243 0.004479825969020379 0.00028099127901403374 4.8703090899516956e-05 0.0003683597635475944 5.916491266172211e-07 6.004307972785008e-07 5.254213510498837e-06 0.00027384103653794697 2.1956139573578153e-05 0.001236306233238556 0.0013200841276841163 0.0009366047065981763 0.0005703349098424926 4.8187891028080025e-05 1.0340787863149039e-06 2.5672086757432142e-06 5.378587920416677e-06 7.194083267082748e-08 0.0002244241791107353 0.0003339770275612067 1.274676331646273e-07 0.0 0.0 3.6618585772108977e-06 2.693850967591845e-07 7.222655474461492e-07 1.3211612448158155e-07 0.0 0.0 3.1020530697056846e-07 4.5334600766138057e-07 0.0 1.8557713708548525e-05 4.810397584094657e-05 1.4112723424401001e-07 5.934230183802643e-06 0.0 5.628265806483891e-06 8.791178142247826e-05 6.362975379342378e-05 4.1477351822371845e-06 1.5937157135363415e-06 0.00023602099490064774 0.0014714218438818477 3.1353726603744784e-06 1.2393584820247485e-07 2.5119528290377105e-06 8.105774926338203e-07 0.0 0.0 5.256223672580901e-06 6.401613272952998e-06 4.586919932278036e-05 1.2789065493057198e-05 4.084319516648825e-05 1.3143912495697276e-05 1.5429079908640817e-06 0.0 5.484201004348963e-08 2.4098249970309906e-07
2.0755010741613146e-06 6.777088505852821e-08 5.188792527307287e-07 0.0 5.47670817190033e-07 7.087288524603767e-05 0.00017596151094247063 7.557750240113885e-05 0.0006989471132074405 0.0017166812749992415 3.998095743744043e-06 0.0026187256494504723 9.191520866808241e-07 3.490226677167332e-05 2.3715630206429565e-05 1.739326624635687e-07 1.7892334093782367e-07 1.4462434521324606e-06 7.327946090300855e-07 0.00355187088445539 3.1838630427689334e-07 1.8234898657329857e-07 8.425679128874583e-07 0.001000670102222782 0.0 3.1955850006237823e-06 5.168791644289413e-07 0.000793647672107661 7.272428426663965e-05 1.1221077468601236e-06 2.024262531545935e-07 4.3116821657090895e-06 2.118027152367897e-06 2.8275210050244396e-05 1.6345521901217682e-06 0.00018435268615020885 1.2325389489126444e-06 8.710328110625626e-05 1.8411610220494778e-05 0.00031389585852515707 1.407840740707787e-05 3.5132957641995365e-07 2.249179296419962e-06 3.3602296376715707e-07 1.818106099699979e-07 1.370585682950153e-07 5.9523622207170185e-05 8.385921482054144e-08 4.3148658098891965e-06 5.257677654867609e-05 1.5678978383715093e-06 4.392179123487027e-05 5.060725301092486e-05 2.482658057622733e-07 1.4326355190395044e-05 0.0 1.8527434767941919e-06 0.0 0.0 0.0 7.186999895690949e-08 0.0 7.244131769107014e-05 0.0 3.394097604561143e-07 1.7722969332393531e-07 0.0002148878045672873 0.0 5.189914775271281e-08 0.0 0.0001962433871338602 1.6073021200526862e-06 2.364904329750522e-06 0.0 0.0 0.0 8.094528508594624e-07 0.0 3.787940108887265e-05 0.0 4.105172990867358e-06 3.7791462866512726e-07 2.49023891183812e-05 2.0139033934164774e-06 0.0 2.1134410319653964e-07
3.7641222631059967e-07 0.0 1.2136376282824e-07 5.47670817190033e-07 0.0 0.0002806043282209404 2.148375501114605e-06 5.976863208886389e-05 3.098344268029288e-05 5.533915386068448e-06 7.796668468968357e-06 3.9436179830546857e-05 3.991653394390335e-06 1.1726880048097658e-05 0.00044601784326051865 0.0 2.4553282831448707e-07 1.580560320610427e-06 6.260377122397486e-07 1.4580523452690489e-06 0.0 0.0 9.451762044711556e-08 4.982522898308227e-06 0.0 2.4642827696098137e-06 1.680133544942681e-07 1.1570511279057486e-06 7.889953482261505e-05 2.4548370370007086e-07 2.7614724434502913e-07 9.96735772259787e-05 0.0 0.0002690742256144791 0.0 1.3967814604285046e-05 1.752664268521435e-06 0.00015890560799591757 1.3380837050096075e-05 0.000576534377074069 0.00024048433795203806 1.998583431459755e-06 4.6208238957304506e-07 0.0 0.0 0.0 0.0 0.0 0.0 0.0 0.0 0.0 0.0 0.0 0.0 0.0 0.0 0.0 0.0 0.0 0.0 0.0 7.451147187047032e-08 0.0 0.0 0.0 0.0 0.0 0.0 0.0 2.420646214723595e-07 0.0 7.062359422609432e-08 0.0 0.0 0.0 0.0 0.0 0.0 0.0 2.8710364434066035e-07 0.0 0.0 0.0 0.0 0.0
1.1075775552686221e-05 0.0 4.472453848315841e-06 7.087288524603767e-05 0.0002806043282209404 0.0 0.0011615049825685598 0.003631631010889553 1.9164519626602907e-05 0.005944209279053577 7.581432233654837e-05 0.0006346197229985808 2.0909244326571764e-05 0.0003223248477993471 0.000662137463124961 4.954573139306428e-08 3.3346680650219607e-06 2.4020121665226783e-05 1.1321094437804513e-05 0.00015187394616703859 2.0005419061906624e-06 1.9601044996298208e-07 4.841219696341571e-06 0.0001583641555028645 0.0 2.646117905217635e-05 6.184713580877274e-06 0.0005079061766239473 0.0004448384735385032 9.903560274745525e-06 3.4053884417015177e-06 0.0002253087778817952 2.6207820033749235e-06 0.0005514131221913142 1.3555391633556677e-06 0.00015583865310150085 1.6118644247201608e-05 0.0004389264037801595 6.407946318288566e-05 0.0011241278411003599 0.0002985900636325903 1.2217180818452766e-05 3.7086409408889664e-06 4.35258549593819e-07 6.320775100374467e-08 0.0 1.7740982487576213e-06 0.0 6.89625469308428e-07 9.457769820660454e-06 0.0 1.5486085185745967e-06 1.77269864840379e-06 1.9408821612014022e-07 1.6993235236695453e-06 1.035714150208627e-07 4.163897287504166e-07 0.0 0.0 0.0 0.0 0.0 4.081332909842727e-06 0.0 0.0 4.773071553361848e-07 1.1115139963622304e-05 0.0 0.0 0.0 1.2963986065813616e-05 5.606747779194992e-07 5.599740383471222e-07 0.0 0.0 0.0 3.0684709592069704e-07 7.442199198067363e-07 4.120558290250518e-06 1.168608448465667e-07 2.5148810359352584e-06 5.602376335376367e-07 1.1129508412740154e-06 2.221984469396262e-07 0.0 0.0
0.0010345412753432273 1.2695683276230695e-06 0.0003797604766455018 0.00017596151094247063 2.148375501114605e-06 0.0011615049825685598 0.0 0.0034948893977916314 0.00015426552793528173 0.0038799285295198624 1.4761451809636114e-05 3.416862418519274e-05 1.7973813465565667e-06 0.003973340222110037 8.522605721858548e-06 4.108769532314018e-06 0.0001629506950467271 4.74423061295864e-06 1.4550706307356297e-05 1.61638254236761e-05 0.00027272391377550616 1.553852263593918e-05 0.0007283920025881356 0.001207976045633391 4.238734886165671e-07 0.00014287239072391825 0.0001498375587181864 0.00864125530381704 0.001622122685806188 0.0031658454555720233 6.781940565814334e-07 1.962490820375584e-05 0.00016781429897743622 0.0002214246218152859 2.6726710023605284e-05 0.0012959084196591444 6.673512771260897e-05 0.0009873273452652201 0.00046000444734381197 0.00011718114675947632 6.887345460347631e-05 1.909942516573732e-06 1.4700770970621349e-05 5.4731643725646435e-06 1.0133706085571999e-06 2.7176243803798023e-06 2.3885215012964934e-05 0.0 3.970690422094334e-06 0.00025219882793434025 4.801533649583981e-06 5.947628519639462e-05 3.251780965466019e-05 1.2140330808104273e-07 3.020665799879156e-06 0.0 5.701780283118561e-06 2.0750488458900464e-07 1.1155339657809686e-05 5.6781396093813986e-08 3.0398029994136465e-07 4.229044486360568e-07 1.8240639780932833e-05 8.585341294797939e-07 2.7173053649772175e-06 6.497400424563933e-06 0.0002654353768987126 1.1906099966071032e-07 8.374984982409734e-07 1.0065124440427902e-05 0.00028187723890937496 1.2490772103712314e-05 2.1572329587407838e-05 0.0 4.336120571600023e-07 2.562464399050436e-07 4.498953555659311e-06 4.160526324572921e-06 6.386316454733936e-05 5.0815440959619e-07 1.1840292071433875e-05 3.4998714281212255e-06 1.7643744645682843e-05 3.0031295774203127e-06 1.2124532895745295e-07 3.7875803686313484e-07
0.0006948960844288351 2.046040684854389e-07 6.356626934513496e-05 7.557750240113885e-05 5.976863208886389e-05 0.003631631010889553 0.0034948893977916314 0.0 1.6807911052850762e-05 0.0030356442450072824 4.839345538945578e-05 0.0005328098484703504 1.1007653910546884e-05 0.0038061041231156824 2.8587683235025592e-05 1.2779019766918803e-06 9.905312290130755e-05 1.562056292157655e-05 1.5844259926765593e-05 0.0002292952467794148 1.6373364783384967e-05 3.115050726597186e-06 7.314591944780185e-05 0.0003876239976209806 3.9236649033173476e-08 5.500682277464284e-05 7.190850797823534e-05 0.00042363454745616297 0.0019027600476048403 0.00044556202845772217 1.9917564161452035e-06 0.00017952210539175895 3.4912396825035004e-05 0.00038678463247803527 2.679915868192614e-06 0.0002282498146119985 1.818455019603436e-05 0.000372928983529437 9.071760144429536e-05 0.00032785749059297616 0.00016884067655443643 7.467184402159504e-06 3.3026210791530142e-06 1.5442036891356901e-06 9.34251900487124e-08 2.764347693988777e-07 6.861673280062666e-06 0.0 5.525544622638598e-07 9.810921722507784e-05 1.8673357780822866e-06 1.1480556405370539e-05 7.029584759591235e-06 1.0136746966362898e-07 3.20843423715253e-06 0.0 1.91601827508892e-06 0.0 1.713402490659667e-06 3.329311537337181e-07 0.0 1.2137783727953967e-07 1.0794069089604979e-05 4.776460793303036e-07 1.3822594020240247e-07 7.390567469009498e-07 7.285757388557975e-05 0.0 3.231289329074584e-07 9.77264511379939e-07 7.739552363387518e-05 3.324016408210149e-06 7.204613976728895e-06 0.0 0.0 6.31583668195299e-08 8.920201167499302e-07 1.7832903322316676e-07 1.4201393023809842e-05 9.181487258047265e-08 3.884913060625239e-06 1.3015085643823194e-06 3.049680965179219e-06 5.409666937545551e-07 0.0 6.289034081375537e-07
4.278960751580998e-06 0.0002228108159782041 1.8284532522969922e-07 0.0006989471132074405 3.098344268029288e-05 1.9164519626602907e-05 0.00015426552793528173 1.6807911052850762e-05 0.0 0.00014931682760386928 1.78677447171524e-06 7.884727364091582e-05 7.998266228887968e-06 7.520203601833313e-06 0.0003297349462682367 3.358611096784903e-05 1.0612638774110806e-06 3.627012922134352e-07 5.644315563349806e-07 3.5333201312799156e-05 6.8272889258398774e-06 0.0016101603086109747 2.2871953658572e-06 0.00522069393472372 8.868766467575137e-05 6.506936887118027e-06 0.0004114604362056331 0.0010262932678891212 1.6383613979284188e-05 1.334405133738385e-05 3.868023673743939e-06 5.112371305665239e-07 1.6146430835683848e-06 4.6035393529723215e-06 5.376779897285202e-07 3.8775542922694216e-05 2.275614659294478e-06 9.493296191353486e-06 4.1973339853536654e-06 0.00016746826944548886 6.864808594818381e-07 4.179738852911015e-06 6.008496646504208e-07 6.0538570044226585e-06 2.060461352823459e-06 1.6430978623942912e-06 6.126784404627646e-05 8.235328149272233e-08 4.170653773996309e-06 0.0001569316847253598 4.907842310533761e-06 2.6546572637638198e-05 4.9710255404318534e-05 7.960348227392721e-07 4.082668779630779e-06 1.860253807543373e-07 6.6167504819763556e-06 9.748943919097612e-08 0.00018965311906281437 5.105824090112913e-07 3.877894919535838e-07 3.010403382400828e-07 4.0034306867580185e-05 4.6935852627318145e-05 4.7896468422461915e-05 6.874253635241352e-06 0.0008219022075758959 3.204610868783329e-07 3.8495661391862766e-06 7.855053433715647e-06 0.0005214551598829527 2.0684483884518802e-05 3.996080627586966e-05 0.0 4.0307785643752607e-07 1.0278783807343859e-06 5.5372714587575955e-06 1.2649000348386247e-06 3.728234591854146e-05 6.506206119852124e-07 1.072335444406177e-05 3.17945092477489e-06 1.2658136883923402e-05 1.6638010094420904e-06 0.0 6.771010864426556e-08
8.993252034345068e-05 0.0 1.932384292621432e-05 0.0017166812749992415 5.533915386068448e-06 0.005944209279053577 0.0038799285295198624 0.0030356442450072824 0.00014931682760386928 0.0 3.915373865721087e-05 0.004247536863874605 2.631864937467119e-06 0.0008439360291098679 3.092745969205835e-05 4.561835587767419e-07 1.1577352459466763e-05 1.5108117926214068e-05 1.0430645014987067e-05 0.0017916096679749217 7.764843769610555e-06 1.9819531900009942e-07 2.3117061105548666e-05 0.000904875943537495 4.156671235126274e-08 2.3839978202030286e-05 1.1187768948790355e-05 0.002180993659946608 0.0007776696637084741 3.8699074859003914e-05 1.8552557436903252e-06 4.48254664063895e-05 1.4996133524409454e-05 0.00024668824436690996 7.473672007301585e-06 0.0005886231549469696 1.682104322458009e-05 0.0007288473204198314 0.00012606409607222692 0.0002749233688924768 9.616169860987541e-05 1.1289225582739872e-06 1.0614044394011869e-05 6.671756770861241e-07 0.0 4.6455484546634395e-07 4.4334112668485686e-05 0.0 3.211407382586472e-06 8.402051031500172e-05 2.3029353488293904e-06 3.731017352317202e-05 3.3397574463541724e-05 4.174319509334984e-07 1.6095257103114996e-05 0.0 2.0237561108689464e-06 5.3968846082225e-08 4.121227020334562e-07 9.686006895273608e-08 0.0 2.434126910409437e-07 5.829095577652525e-05 1.378025653803302e-07 7.715668588525477e-08 8.325560544275397e-07 0.00018480304938775296 1.3554083896190605e-07 5.96587437914656e-08 1.382573811092724e-07 0.00017327149513101297 2.5630589086527144e-06 2.1060003730462732e-06 0.0 0.0 8.66422892394496e-08 3.1787631554521294e-07 1.2699024557561482e-06 4.84798105038546e-05 2.51722805781352e-07 3.07639577760274e-06 4.874009183679374e-07 2.6808631784728444e-05 2.6874170727972896e-06 1.3461592172699535e-07 5.730997084710239e-08
4.897910959912952e-06 2.003377109641401e-05 4.2728104635723795e-06 3.998095743744043e-06 7.796668468968357e-06 7.581432233654837e-05 1.4761451809636114e-05 4.839345538945578e-05 1.78677447171524e-06 3.915373865721087e-05 0.0 2.361388818578692e-05 0.0010763403407550384 4.768050467727746e-05 1.7878886688953225e-06 1.6870418921274476e-07 0.0001491044137434902 0.002430404236725583 0.0014854960670361336 1.277185040788104e-05 2.347662274036246e-06 7.767285847597114e-06 1.2193001286054105e-05 6.436716042215405e-06 0.00022405254953212594 0.0017887820677520787 0.00021002999264204192 5.415488218774419e-06 9.002568523443326e-05 5.489322205230338e-06 0.0003238711004500695 4.791815118180932e-05 5.783314902067405e-07 0.0037373844657026508 2.886584113999151e-06 0.00017117232986526673 0.0023674665523129228 0.002098920931603031 0.00029491459491676723 5.277722636734181e-05 1.9810066950995432e-05 0.0005108947361653999 1.3413972362688513e-06 0.0 9.770243355654878e-06 6.986836147664178e-08 5.397648897073813e-08 2.965919134354848e-07 6.423201754901507e-08 6.744891921256638e-07 4.1804852396865396e-07 5.218729082989125e-07 0.0 0.0002650902199003428 4.956918331835633e-08 0.0006805347981519387 5.830449769772229e-07 8.743124958209274e-08 0.0 1.324334547405535e-07 1.4003234102263717e-05 3.121598444808487e-06 8.27325624102838e-08 0.0 2.6234995467200845e-06 1.521428985568234e-07 7.076159801163057e-07 0.0001585506037145803 0.00010233708122507595 0.0001332420117542358 3.547467468954978e-07 3.0643738765452664e-07 1.3119096415749437e-07 0.00010058974210513477 3.031683450106936e-07 0.0 2.655297617512679e-05 2.8897034013498373e-06 4.8913300085271235e-06 0.00011343162213738002 2.402867491446533e-05 6.79251420336098e-07 2.700171986605427e-07 1.9326961661464164e-06 0.0001216138399120566 6.655764757975114e-08
4.066786758416753e-06 0.0 3.2596389656514524e-07 0.0026187256494504723 3.9436179830546857e-05 0.0006346197229985808 3.416862418519274e-05 0.0005328098484703504 7.884727364091582e-05 0.004247536863874605 2.361388818578692e-05 0.0 4.807705877420811e-06 0.000139628772966575 0.0005175337036631715 0.0 7.955686147802824e-07 9.434532983967829e-06 5.553650341887776e-06 0.0037264212710184457 1.8314034896661722e-07 2.6665598813744347e-07 5.463373782937453e-07 0.0001639046050518325 4.4223508123249595e-08 8.907519308168917e-06 1.6773410889296252e-06 0.0003912094376422901 0.00019564050268919844 2.23949601624362e-06 1.1627690673935447e-06 3.768825927425689e-05 2.510353825516564e-07 0.00014646122720780158 0.0 0.00044271594560239423 3.794968705695362e-06 0.00022507786408015765 1.2953774025476988e-05 0.0013775565455391074 2.9217589031682542e-05 4.497595292825939e-06 2.9020114554493663e-06 0.0 0.0 0.0 7.590420546184689e-05 2.1817583196902025e-07 4.6453548032332475e-06 1.1491282649357955e-05 3.060874747935866e-06 4.230691155961073e-06 5.832807233360656e-05 1.6738978955517366e-07 0.0003376241414449368 4.831604625340073e-08 1.109426460231355e-06 5.798009168964623e-06 0.0 0.0 1.727629997497054e-07 8.84303914189248e-08 0.00019903988219718735 0.0 0.0 0.0 2.519301015598074e-05 0.0 3.1253651157174027e-07 1.7218457523462696e-07 4.5856209387060326e-05 3.7223090706903017e-07 7.299106443626483e-07 8.413653012898e-08 2.2086730296997028e-07 0.0 9.246801364404296e-07 1.0569537991889589e-07 3.0335736266676404e-05 0.0 4.039813208466092e-06 6.991800111049957e-08 2.4225362573792437e-05 2.5306777287282006e-07 0.0 0.0
3.1072466905608577e-07 0.00018222596787583782 9.770075166785878e-07 9.191520866808241e-07 3.991653394390335e-06 2.0909244326571764e-05 1.7973813465565667e-06 1.1007653910546884e-05 7.998266228887968e-06 2.631864937467119e-06 0.0010763403407550384 4.807705877420811e-06 0.0 3.5853577335631802e-06 3.5816070776988206e-07 1.305344705233671e-06 1.665787579513575e-06 8.379323301825942e-05 1.8034201361522065e-05 1.189605585091345e-06 2.3381127547092724e-06 6.558233453059739e-05 9.273633341690701e-06 1.12314108845997e-05 0.0019058509098953827 0.0002665104990511029 0.0027960584003607117 2.5666687829226776e-06 3.4599627817206708e-06 8.049615434760802e-07 0.0007431075209097378 9.81422797716034e-06 5.516651349324404e-08 0.00022680970607145417 4.3110798830213836e-05 0.0008259008417786464 0.0037426651960644607 0.0015188174107404625 0.00015631271560139382 3.598773494773796e-05 2.104306992830479e-05 0.0005234115580719521 5.09503640636619e-06 0.0 1.4012776295954157e-05 7.10407270125346e-08 0.0 2.866753624133486e-07 4.096941546376691e-07 1.0147046531163508e-07 5.806132034996535e-07 7.487791850354747e-08 3.8677727686324647e-07 0.000455445461309173 3.244103181707617e-06 0.001051486091558622 7.33543731588883e-07 0.0 0.0 7.54599980085989e-07 1.1694987881193005e-05 2.5670318304274406e-06 1.0148692533298815e-07 1.0712483491971728e-07 3.518482508515125e-06 1.4305975199506139e-07 3.4910582959522984e-07 0.00017783108117566185 9.378124108028363e-05 0.00016793814086137163 1.7083527785969398e-07 3.219652526594285e-07 0.0 0.00011176300609581417 2.538023718833649e-07 0.0 5.902820023593374e-05 4.697600959549265e-05 7.219488652876422e-05 0.0002519222093936442 0.00010168491179718414 9.146467971376258e-06 2.7795554435095664e-06 7.902217035385159e-06 0.00027191769729445714 1.6480278015356838e-06
0.003143616656667646 3.180245505009679e-07 8.936613977226188e-05 3.490226677167332e-05 1.1726880048097658e-05 0.0003223248477993471 0.003973340222110037 0.0038061041231156824 7.520203601833313e-06 0.0008439360291098679 4.768050467727746e-05 0.000139628772966575 3.5853577335631802e-06 0.0 7.488580353360128e-06 1.0572750477158424e-06 0.00017748927417275166 1.3518492216912225e-05 2.236609280771587e-05 8.710037166666719e-05 1.6971355336146125e-05 3.421754119733214e-06 0.00010643775287186108 0.00016163867094105125 5.0084544732851386e-08 6.724583341727458e-05 0.0001012520660601121 0.00022253276045086282 0.004761809873433255 0.0012679096079767245 1.384580289755743e-06 0.00033171480901904527 3.930255587746591e-05 0.00036220195545581856 1.5604116805748395e-06 0.00016885159131614026 1.765939180979119e-05 0.00033992425278560204 8.694459145772473e-05 0.00010525462902069017 2.0876713078222288e-05 1.6280977069100158e-06 1.5633432000774344e-06 6.91880673520644e-07 7.433735409765898e-08 5.745481779896289e-07 1.1135687492395636e-06 0.0 4.952781695680815e-07 2.280970400853582e-05 5.804532384610974e-07 5.623482487197287e-06 1.2824177413185042e-06 0.0 5.582660031501134e-07 0.0 6.291056294912531e-07 0.0 1.2698836390058305e-06 0.0 4.586117930407085e-08 7.340017527988299e-08 1.2451077800163037e-06 0.0 5.150638486221727e-07 7.607738683454984e-07 2.502983716020627e-05 0.0 3.516336150571772e-07 3.2004560421418345e-06 2.2767326890432367e-05 1.273504839583353e-06 3.396609346137446e-06 0.0 0.0 0.0 2.2767915199200568e-07 5.936270155209987e-07 5.41751595331983e-06 0.0 2.252796096671376e-06 1.8801401914389938e-07 1.7388395398486126e-06 4.1099590953791044e-07 0.0 0.0
1.0409053813735908e-07 1.487822772159653e-07 0.0 2.3715630206429565e-05 0.00044601784326051865 0.000662137463124961 8.522605721858548e-06 2.8587683235025592e-05 0.0003297349462682367 3.092745969205835e-05 1.7878886688953225e-06 0.0005175337036631715 3.5816070776988206e-07 7.488580353360128e-06 0.0 0.0 0.0 3.8559157438389433e-07 2.3027082046548732e-07 3.1070002879553494e-05 0.0 1.7619943442445815e-06 0.0 0.0001586789917328088 2.823863052247549e-07 6.335228317572247e-07 1.121733237082669e-06 1.2105712029392136e-05 6.034174691830568e-06 6.928692512786903e-08 1.5039842882443936e-07 2.3247796471147664e-05 0.0 1.0960643623984899e-05 5.976557571628819e-06 7.187987950189245e-07 0.0 6.863415108775358e-06 1.9452966194437887e-07 0.000436012157395131 3.751903485772596e-05 1.0680002657845343e-07 0.0 0.0 0.0 0.0 0.0 0.0 0.0 0.0 0.0 0.0 0.0 0.0 0.0 0.0 0.0 0.0 0.0 0.0 0.0 0.0 1.5612718372050868e-07 0.0 1.9405209059642965e-07 0.0 3.3039661533685267e-07 0.0 0.0 0.0 0.0 0.0 0.0 0.0 0.0 0.0 0.0 6.306759979314483e-07 0.0 0.0 0.0 0.0 0.0 0.0 0.0 0.0
4.955084038592481e-07 2.3425247680513662e-05 6.64596787275027e-06 1.739326624635687e-07 0.0 4.954573139306428e-08 4.108769532314018e-06 1.2779019766918803e-06 3.358611096784903e-05 4.561835587767419e-07 1.6870418921274476e-07 0.0 1.305344705233671e-06 1.0572750477158424e-06 0.0 0.0 5.371720465775573e-06 9.658911104428448e-08 3.7077775293358477e-07 6.221480176067825e-08 0.0017412118700500445 0.0013190167898116166 0.002630001736660649 0.0018159445617563525 9.1049688419362e-06 3.6626499354840606e-06 0.0035495240927084152 0.0012880472346264457 5.952955190617178e-06 1.7471667120329264e-05 7.303839554697768e-07 0.0 1.6081106552542646e-06 2.8403131287812235e-05 1.7482931048733857e-06 0.0007619431955386161 0.0006701544180826944 0.00019526768687660968 0.00032999093454331627 2.6876306756686328e-05 4.4406949396015853e-07 3.462150790316304e-07 4.786159252132361e-06 2.947784146173062e-07 1.8862997333169384e-06 2.9669307421342604e-05 0.0 0.0 0.0 3.1539875395517793e-06 1.2369855608488078e-07 1.4729412466655685e-05 0.0 0.0 0.0 0.0 5.922039714821863e-07 8.045305752073613e-08 0.0020047217685658365 2.047135348377091e-06 0.0 1.23521232831065e-07 0.0 0.0003562953602593753 0.0007498839962128426 0.0007814779522960645 0.00011154960223210327 0.0 3.16071230084632e-06 0.00019738823973376095 0.00018621176029130077 3.660264921651632e-06 4.580450458292393e-05 0.0 0.0 7.07087343560684e-07 2.7561288942554395e-06 1.4498122360912968e-06 2.848143240045871e-05 5.97591227286929e-06 6.794357886438591e-06 7.041256723478854e-06 6.786271178891633e-07 7.152198589968562e-08 7.195553338576812e-08 0.0
8.794833009440238e-05 6.250158139598781e-06 0.004662625438373415 1.7892334093782367e-07 2.4553282831448707e-07 3.3346680650219607e-06 0.0001629506950467271 9.905312290130755e-05 1.0612638774110806e-06 1.1577352459466763e-05 0.0001491044137434902 7.955686147802824e-07 1.665787579513575e-06 0.00017748927417275166 0.0 5.371720465775573e-06 0.0 0.00010389422870006953 0.002677944915323466 4.734230352736546e-07 0.00024642634406005584 2.554127429136266e-06 0.003146757137439168 1.9934936418201304e-05 1.5382578803260031e-06 0.00310477431417832 0.0030164100342559325 0.00016448411355923074 0.00020019237935014407 0.0009697310506832609 3.2544302403060967e-06 8.414608641772252e-07 1.729324123460999e-05 0.0013113697579217533 7.719001559502556e-06 0.0004902859918475113 0.000818942952550026 0.0011086522033517967 0.0003766569071154709 9.685969212331108e-06 7.116145704600002e-07 1.212907141187077e-06 2.9369909455380803e-06 0.0 4.116044571281116e-05 1.0658242134682415e-05 0.0 0.0 0.0 5.226464839807966e-07 0.0 6.541665290808421e-08 0.0 2.1688610792293442e-07 0.0 1.2464268519302488e-06 0.0 0.0 1.4734727442571914e-06 7.662336821492495e-06 9.876173539117425e-07 4.789990819611071e-06 0.0 7.928985438671688e-07 3.2487849309200306e-06 1.6747105385483816e-06 7.47446796778848e-07 1.7722640708788245e-06 9.054504784321033e-05 0.00018469072927155538 6.301518523453574e-07 4.7089999211072534e-08 4.498451733075896e-07 8.11402541418774e-07 0.0 0.0 2.293714374824749e-06 1.9674481906884816e-06 5.174674517723338e-06 9.330041113840499e-07 1.0213905967775559e-05 7.934380329124635e-07 0.0 7.100249196919126e-08 0.0 0.0
1.7503194509263828e-06 2.0604865104931413e-06 5.429303462849204e-06 1.4462434521324606e-06 1.580560320610427e-06 2.4020121665226783e-05 4.74423061295864e-06 1.562056292157655e-05 3.627012922134352e-07 1.5108117926214068e-05 0.002430404236725583 9.434532983967829e-06 8.379323301825942e-05 1.3518492216912225e-05 3.8559157438389433e-07 9.658911104428448e-08 0.00010389422870006953 0.0 0.0010200087633130907 5.37855236347443e-06 1.2210370485647969e-06 1.3285515389537068e-06 6.988355253129238e-06 1.5393970044470582e-06 1.1700803101673086e-05 0.0017713586130107695 0.00036434936992241483 2.632310243877092e-06 2.332319250744976e-05 3.915163704003645e-06 0.00018873235043723044 8.862018045051402e-06 2.640399777850747e-07 0.0006499330994552657 2.7380446828704373e-06 0.00018949805003391844 0.00037517902308961123 0.0007169189741518998 0.00021369972276403753 1.8220687968967353e-05 3.9587304634551396e-06 2.0807123437027116e-05 1.522889926797636e-06 0.0 2.2015895800249524e-06 0.0 0.0 0.0 0.0 0.0 0.0 2.5264161694576327e-07 0.0 1.5968250865567696e-05 0.0 4.7706289838407364e-05 1.182228611416291e-07 0.0 0.0 1.4789085684553536e-07 7.835058957539624e-06 2.4167107122014164e-06 8.897591237191912e-08 0.0 1.3926626711393923e-07 0.0 2.588003265522906e-07 2.474664953829243e-05 5.323443930165668e-05 5.900134565959423e-05 1.5160902528352e-07 0.0 0.0 2.1868768853200993e-05 0.0 0.0 6.732830948764249e-07 1.542619835426437e-06 3.0823892607320947e-06 1.5470772298096293e-06 1.0622172731610333e-06 0.0 4.3733522746680354e-08 0.0 1.7110443938033336e-07 0.0
6.578927895042931e-06 8.925197243377307e-06 0.00013139352882315396 7.327946090300855e-07 6.260377122397486e-07 1.1321094437804513e-05 1.4550706307356297e-05 1.5844259926765593e-05 5.644315563349806e-07 1.0430645014987067e-05 0.0014854960670361336 5.553650341887776e-06 1.8034201361522065e-05 2.236609280771587e-05 2.3027082046548732e-07 3.7077775293358477e-07 0.002677944915323466 0.0010200087633130907 0.0 3.522584547723935e-06 1.4330632847113279e-05 1.5690496072498944e-06 0.00012165372793707875 3.0869515583953053e-06 5.189098279929212e-06 0.0032898325249135765 0.0010561598210324975 9.959862805762556e-06 3.298456847844501e-05 6.090531556574653e-05 5.0352948894741036e-05 2.614500488412589e-06 1.3539298182441338e-06 0.0013983803583335847 7.816112710733453e-06 0.0006585698386767762 0.0009097015109813362 0.001365798253964969 0.0007390775941627977 1.3258568406349282e-05 1.9785131444219325e-06 1.6607054953888278e-05 2.486640665883116e-06 0.0 1.6151413162602836e-05 4.510349423804525e-07 0.0 0.0 0.0 2.6634538609245634e-07 0.0 5.454030341429758e-08 0.0 6.398221939972801e-06 0.0 1.449240360975453e-05 0.0 0.0 0.0 1.3348535928913717e-07 7.077108384571348e-06 4.622631239036263e-06 0.0 0.0 4.016072658038663e-07 5.998443796616894e-08 2.273166236268401e-07 1.2631946361291418e-05 7.421707803941072e-05 7.4151790219646e-05 1.2489900460088443e-07 1.7794605240593694e-07 0.0 1.1259737856200982e-05 0.0 0.0 5.750531772129587e-07 2.0319529748942276e-06 2.4705676136578183e-06 1.4357571783637312e-06 2.3570367897569683e-06 0.0 0.0 0.0 1.4010081285739605e-07 1.4296166757245027e-07
3.0642574203491353e-06 4.5529613907733417e-08 2.8228163267344705e-07 0.00355187088445539 1.4580523452690489e-06 0.00015187394616703859 1.61638254236761e-05 0.0002292952467794148 3.5333201312799156e-05 0.0017916096679749217 1.277185040788104e-05 0.0037264212710184457 1.189605585091345e-06 8.710037166666719e-05 3.1070002879553494e-05 6.221480176067825e-08 4.734230352736546e-07 5.37855236347443e-06 3.522584547723935e-06 0.0 0.0 0.0 1.1774542163865684e-07 0.00010914594498017987 5.4881959071534564e-08 5.477739104857252e-06 1.325677223690527e-06 0.0007254737192582354 0.00015392386621317585 1.33793858818756e-06 6.820368720847484e-07 1.559125264189615e-05 6.007446336455815e-08 8.316769336690104e-05 5.380738542721007e-07 0.0001443749959095826 2.799397193760302e-06 0.00018875685817297855 1.4585367972767378e-05 0.00031071576433285936 2.6328605516267836e-05 4.947739614146135e-07 3.47597744310176e-06 0.0 0.0 0.0 6.228989443816876e-06 0.0 3.126044158550745e-07 7.377789362845867e-06 1.2290075388846453e-07 4.021452633528579e-06 4.772256009775708e-06 0.0 3.5060700612108334e-05 0.0 2.695779942009138e-07 0.0 0.0 0.0 0.0 0.0 1.5198301110079549e-05 0.0 0.0 0.0 2.246793307346719e-05 0.0 0.0 0.0 1.9526515354541837e-05 6.130046920533098e-08 5.026496634362774e-08 0.0 5.835674992220335e-08 0.0 0.0 0.0 9.60450031810332e-06 0.0 1.1584358833391959e-06 7.58399500994966e-08 6.311921158064988e-06 0.0 0.0 1.6661546400498265e-07
7.745725774121004e-06 1.2180280824986532e-06 0.0005054921752807024 3.1838630427689334e-07 0.0 2.0005419061906624e-06 0.00027272391377550616 1.6373364783384967e-05 6.8272889258398774e-06 7.764843769610555e-06 2.347662274036246e-06 1.8314034896661722e-07 2.3381127547092724e-06 1.6971355336146125e-05 0.0 0.0017412118700500445 0.00024642634406005584 1.2210370485647969e-06 1.4330632847113279e-05 0.0 0.0 7.962318883363462e-05 0.010507176642875383 0.00036419632306173416 6.36858905211419e-07 9.972081849670017e-05 0.0004923609642356751 0.004846552299033041 3.5459377400808955e-05 0.006574359908821062 2.4369852683102386e-07 2.1715453193573348e-07 8.977797835248994e-06 0.0010317286002601968 9.566182167102739e-06 0.0029221828553518407 0.0013531389284862172 0.0025181388324126766 0.0020912011640448125 0.00011690526452765533 4.875661914028667e-06 1.280084147027124e-06 1.5196582444881266e-05 0.0 5.5054577107732e-07 1.8461505893177856e-06 0.0 0.0 6.753826519730827e-08 2.0073654935358107e-06 0.0 4.7412018907467175e-06 0.0 0.0 0.0 0.0 0.0 0.0 0.0003703513521662854 5.401428974968832e-07 0.0 7.304192775631589e-08 0.0 0.00015850655728662173 7.68124605776555e-05 5.2389969615618755e-05 4.7150942285626494e-05 0.0 9.448931374255931e-07 1.7999201147051023e-05 9.389136315530686e-05 1.6765833264046753e-06 3.021050396621386e-05 0.0 0.0 4.5976413462071246e-07 2.413821053479033e-07 3.601445527704974e-06 5.7666964285968776e-05 1.7409468881593828e-06 1.1093950316849517e-06 7.721885903224303e-07 1.0511463699229931e-06 2.261265620229344e-07 7.37920432725968e-08 0.0
5.727764797973914e-06 0.001566193159053543 5.006112535678804e-06 1.8234898657329857e-07 0.0 1.9601044996298208e-07 1.553852263593918e-05 3.115050726597186e-06 0.0016101603086109747 1.9819531900009942e-07 7.767285847597114e-06 2.6665598813744347e-07 6.558233453059739e-05 3.421754119733214e-06 1.7619943442445815e-06 0.0013190167898116166 2.554127429136266e-06 1.3285515389537068e-06 1.5690496072498944e-06 0.0 7.962318883363462e-05 0.0 0.00017057027109153335 0.003291782295968367 0.0007739352111344558 3.197880610789292e-05 0.0027397637550618044 0.0001799332785380274 2.209901277729116e-05 1.3505583613062405e-05 2.0309380660462026e-05 5.724336853291649e-08 2.1333992631331965e-06 5.026816502637554e-06 6.866998457484001e-07 2.5255330178273412e-05 1.2471475042143156e-05 1.2572360354725727e-05 7.499481069453733e-06 1.2109718645798806e-05 5.716925682325676e-07 3.255418727832736e-05 3.392165910841198e-07 7.343589661633585e-07 2.197481393544088e-05 4.125912073911713e-05 0.0 0.0 0.0 6.001976615738084e-06 5.603095508524596e-08 1.0168885823459908e-05 0.0 3.477890155265165e-07 0.0 3.0346773364038296e-06 8.916608185867028e-07 0.0 0.0007749713680159776 3.0687681707464763e-06 3.9306465068674857e-07 1.053487607102887e-06 0.0 0.00013339714652845365 0.00019643075562351587 0.0002994751096609538 3.4016280346650585e-05 5.95833865587883e-07 1.4809168756433974e-05 0.000463205361518408 4.972610236712913e-05 8.65690085651608e-07 6.427792971936401e-06 4.453574793006096e-07 0.0 0.0 8.443307955949175e-07 7.507782103371349e-07 1.376494183751491e-05 4.043751232523456e-06 7.205868539367665e-06 8.523409490040176e-06 4.978189293998013e-07 9.440113540989547e-08 4.728807445225979e-07 6.309397290870956e-08
4.835773343909976e-05 1.037740450939913e-06 0.0045719678418071775 8.425679128874583e-07 9.451762044711556e-08 4.841219696341571e-06 0.0007283920025881356 7.314591944780185e-05 2.2871953658572e-06 2.3117061105548666e-05 1.2193001286054105e-05 5.463373782937453e-07 9.273633341690701e-06 0.00010643775287186108 0.0 0.002630001736660649 0.003146757137439168 6.988355253129238e-06 0.00012165372793707875 1.1774542163865684e-07 0.010507176642875383 0.00017057027109153335 0.0 0.000251916508317953 7.205995707968185e-07 0.0009626244526974796 0.005042076798401243 0.0032503880274696063 0.00010201826022790975 0.0029848441388463 4.716596705079977e-07 4.0249300859997224e-07 1.0246125036060485e-05 0.0013601492781596186 3.296962016275765e-05 0.003913910640718314 0.00381388361424834 0.003528570788872391 0.003630997344874151 0.00020720773927275867 5.4002979799146424e-06 5.249760899616217e-06 2.669720938449896e-05 2.186349409000276e-07 3.1725263153362356e-06 0.00020619464890894045 0.0 0.0 0.0 5.7146311223878135e-06 5.844588948715306e-07 1.6186666585352296e-06 5.168658769273484e-07 0.0 0.0 0.0 1.7315807734357915e-07 0.0 0.0010438604735467562 3.178899779809593e-06 7.678906912800634e-08 7.053153305885642e-07 0.0 7.143801889747614e-05 0.0003830568892106082 0.0007330887825069867 1.9038526110925075e-05 7.257642434392184e-08 6.224700460791084e-06 0.000695232732638565 2.678000339902901e-05 9.853319077579165e-07 8.553322251823814e-06 0.0 0.0 7.799615933472865e-08 1.549801958706039e-06 1.3435092263468446e-05 5.2009482328877775e-05 1.0547031448644975e-05 2.515005945866511e-05 2.3659688897688394e-05 8.674550325569897e-07 1.562555142048853e-07 0.0 6.256802681465098e-07
6.960659228137698e-05 0.0002693704302003332 1.1403032893797895e-05 0.001000670102222782 4.982522898308227e-06 0.0001583641555028645 0.001207976045633391 0.0003876239976209806 0.00522069393472372 0.000904875943537495 6.436716042215405e-06 0.0001639046050518325 1.12314108845997e-05 0.00016163867094105125 0.0001586789917328088 0.0018159445617563525 1.9934936418201304e-05 1.5393970044470582e-06 3.0869515583953053e-06 0.00010914594498017987 0.00036419632306173416 0.003291782295968367 0.000251916508317953 0.0 8.364401921243355e-05 1.4154534161204e-05 0.0017259728000586507 0.00760624773364958 0.0004661263897989278 0.00033022183942687714 3.8111880316823815e-06 5.9369456464692584e-06 0.00010004605115630166 0.00010971413683354315 1.2762655909995851e-05 0.0013617608195571407 7.27798455569554e-05 0.0004588839153215943 0.00021926232314262232 0.0006093292497147225 3.133572948420743e-05 5.0742807067345715e-06 1.0454760647893571e-05 2.4441035909814173e-05 5.6591004283470345e-06 2.3110010275145264e-05 0.00011163826418450342 1.824721174213929e-07 8.921541668342173e-06 0.0006729837182281477 1.0059044545276557e-05 0.0005083993540415735 8.906496160245875e-05 1.2080690197117307e-06 1.996398389376105e-05 6.130715580574501e-07 2.4394271390529716e-05 1.0606444779492297e-06 0.0004356451200223939 2.6335919583408223e-06 4.2286594578260384e-07 1.2549210263787689e-06 8.012085832087309e-05 0.0001200637905462512 0.0001485245699254743 3.7928964503973264e-05 0.0015386861209569962 7.968559862175592e-07 1.0462850161266448e-05 6.303919884415092e-05 0.001374665198533553 7.793497132516859e-05 0.00019914461393864965 1.264624470596288e-07 8.07933728913783e-07 3.903243319458342e-06 2.1517999494328818e-05 5.307888634813292e-06 0.00026557514915388726 3.4654630945932304e-06 4.7983204832534355e-05 1.2492610653076133e-05 7.674002697026283e-05 1.1463623505526654e-05 0.0 1.57174185696024e-06
