0.0 0.0 0.00012701167404812583 2.1471175669853098e-07 8.77313000377664e-07 3.278577413673427e-05 0.0013393046094606978 0.0008318386389577665 1.8790688285442078e-07 7.836933487094838e-06 4.0097549120458115e-07 1.6109335025408257e-07 3.256560107939683e-07 0.0020885340866535836 0.0 4.984873562655351e-08 3.3546091546747946e-05 3.736209338035218e-07 1.7218167823555057e-06 7.052055874246249e-07 5.734394683738993e-05 0.0 0.00014754048299051462 1.6384016597987047e-06 0.0 4.705660541169414e-05 1.4106892177207477e-05 1.727838974914285e-05 0.0009002727019761543 0.002297179090791982 0.0 1.055451116047842e-05 1.867319701720464e-06 1.2649303829547388e-05 0.0 1.461543335901186e-05 4.8239293509697854e-06 1.2922125686563078e-05 6.806829518702849e-06 1.5231719074433865e-06 2.5973491681221665e-06 0.0 5.715405263386094e-08 0.0 0.0 4.6142944877259165e-07 0.0 0.0 0.0 7.4489048971596e-08 0.0 4.577841955851269e-07 0.0 0.0 0.0 0.0 6.600368717281872e-08 0.0 1.1792360863247819e-07 0.0 0.0 0.0 0.0 1.6990866360077732e-07 2.0146015795675047e-07 1.3564279663083453e-07 5.756205700844444e-07 0.0 9.58475311181964e-08 5.534574663983962e-07 5.678231483585463e-07 0.0 6.668114447898758e-07 0.0 0.0 0.0 0.0 0.0 1.479500275574319e-07 0.0 1.5758502262962542e-07 0.0 2.449892303995877e-07 0.0 0.0 0.0
0.0 0.0 9.451901710653374e-05 0.0 1.1739620341251407e-07 4.510403781230711e-07 2.9658544860594402e-06 4.21488292670301e-07 0.0002795454837063918 0.0 2.8120051011765055e-05 2.1785642601419934e-06 0.00018317894922407755 1.238718376418235e-07 9.311317171274912e-06 8.129472986280233e-05 0.00016948127419936842 2.205533540702065e-06 2.707268675433034e-05 0.0 5.681962915974653e-06 0.0016476959364129457 8.774838489813929e-06 0.0003232852787677788 0.0007560696617832745 0.0002840846957329797 0.0039362431611375485 2.0561287082468006e-05 7.881495413035501e-07 8.305354499628863e-07 1.4173222692726189e-05 8.725253207243687e-08 4.087434466914899e-07 1.0160434179764193e-05 0.0 9.220201699589876e-06 1.7444238257669305e-05 2.5705231669128602e-05 4.304539201345571e-06 7.87667313616845e-06 5.591032250127782e-08 7.398453878867848e-06 0.0 0.0 4.6689106475659784e-05 0.00015936789284284476 0.0 0.0 0.0 9.16954472767673e-07 1.3173541755886682e-07 2.3590532924070717e-06 0.0 2.1724406780851223e-06 0.0 1.565331654683608e-05 0.0 0.0 9.306768828718441e-06 4.2650453966698554e-06 5.379846206626255e-07 4.053536786140462e-06 0.0 1.3368010576948973e-06 3.2372961146456784e-05 6.14165283574549e-06 7.4891429540726066e-06 8.10509460749521e-05 0.00013994021586171058 0.0011107991117561293 3.2543989542263627e-06 0.0 2.449983844820455e-07 4.391181215481603e-06 0.0 0.0 2.4138321309929657e-06 0.0 5.3252591651624885e-06 7.450173136487756e-06 5.246502831568021e-06 1.1258563099084163e-06 2.8355138315409187e-07 0.0 9.439611485675252e-07 1.5653940786443383e-07
0.00012701167404812583 9.451901710653374e-05 0.0 3.0733120972321535e-06 1.3437309022956715e-06 0.00011876180704011064 0.0003915784509211674 0.0006722226680225917 1.5587679748935891e-06 1.848018075354468e-05 4.591638269763237e-06 1.0084420138546135e-06 1.8154744724313413e-06 0.00045981188034873696 7.383982374807016e-08 2.909882062126649e-05 0.0004180125845467355 1.787151278498516e-05 1.808435518805526e-05 9.069516620493663e-07 0.0001023419665586378 1.6514577926012545e-05 0.005107813958205227 4.585248444942483e-05 2.057001141837644e-06 0.005202786186103554 0.005733273851428501 0.0001172103791231205 0.00035541855731791445 0.00037834789052198223 5.432759752502576e-07 1.6117037915446616e-05 9.67734687518425e-06 0.00015860439746889624 5.050334296658158e-06 0.0010722201920423822 0.002823882723795211 0.0004172603222112717 0.00015981474147548554 2.186858567807988e-05 7.75267800388773e-06 4.5141568037937277e-07 2.4227532059424795e-06 1.762114422098488e-06 4.865605970995745e-05 0.0017439356536474574 0.0 0.0 6.284366085347339e-08 1.2145041230341252e-05 1.4056987847828602e-06 1.945372940528095e-06 0.0 1.1099939411381026e-07 5.7099733117715695e-08 8.374664704908163e-07 3.812345781548741e-06 0.0 1.600872582115438e-05 2.3879901146225345e-05 5.557390902567744e-07 3.3782952140980887e-06 0.0 1.9463671472366594e-06 1.878305794746245e-05 2.284360731658962e-05 1.0018709744999124e-05 8.406594492383397e-07 9.83653354349588e-05 0.0012976920141839713 7.779241196342936e-06 4.163500619477208e-07 3.0397851397822316e-06 5.730438301022226e-07 0.0 0.0 2.308199377272577e-06 1.3566408129046734e-06 1.7765260726014184e-05 1.3460968276534419e-05 1.4710218177157149e-05 6.445849786700426e-06 4.3450224069310886e-07 2.9578498818493673e-07 5.8107045175225894e-08 0.0
2.1471175669853098e-07 0.0 3.0733120972321535e-06 0.0 2.8211166150711866e-06 7.85012780268155e-05 5.811781608190061e-05 4.901162768150616e-05 0.0006075549243956745 0.0018128276512061753 1.1635427334511472e-06 0.001331423969366409 5.504337190711782e-07 2.93671340907812e-05 0.00010682415151381903 2.2106019039584528e-07 2.881314379326101e-07 3.194706074862987e-07 2.892015392066808e-07 0.0026946959368218024 1.2534215683777e-06 6.880228642007839e-07 4.9644267152004985e-06 0.0011920458575861602 0.0 2.2278160596017364e-06 1.8412162476286882e-06 0.0018463124201859855 4.2617402193471976e-05 8.729520953162739e-07 0.0 9.485269319008438e-06 1.168942715727721e-06 1.5649623712081642e-05 4.870848103390058e-07 0.0001708873790268828 1.1517462935196814e-06 6.150350896298948e-05 2.4912759109548554e-05 0.0002261700632077956 2.833027713950135e-05 2.571046566418262e-07 2.1170666502081282e-06 2.4902439985768673e-07 1.0242418543053884e-07 5.57712341397713e-08 6.58966648210628e-05 0.0 8.952492312551703e-06 6.211863185282343e-05 2.4247139491508404e-06 0.00027665582691414816 4.114492533000132e-05 8.267760675623259e-07 2.1987513445318917e-05 0.0 4.171793836291163e-06 1.935482183190059e-06 2.803575914665733e-07 0.0 0.0 0.0 5.0005718279552264e-05 1.379415527269725e-07 5.411059170081528e-07 3.4439800586425525e-07 0.00023252026019086506 6.856013768520666e-08 1.8747603221919052e-07 2.843977141869686e-07 0.00017387534460359304 5.870351134928567e-07 3.965131096794257e-06 0.0 5.857695474138902e-08 1.2683686423357293e-07 2.0596503204451143e-06 2.319700909041593e-07 2.2017012353152646e-05 0.0 8.480844979387001e-06 7.815687617933713e-07 1.720337453893854e-05 2.720104703030378e-06 0.0 3.156811614303807e-07
8.77313000377664e-07 1.1739620341251407e-07 1.3437309022956715e-06 2.8211166150711866e-06 0.0 0.00018836453582258517 7.684610239380367e-06 1.154344417226782e-05 1.314082571175366e-05 1.106963640380189e-05 1.6895553762381965e-05 3.937083265299616e-05 4.457546003038063e-06 1.4566669818875472e-05 0.0008770699550682868 0.0 3.29947293027387e-06 2.9510516238754458e-06 3.9535360088656995e-06 9.358180999200437e-06 3.8627487040417057e-07 1.4286746772194712e-06 1.5335099141178587e-06 6.9775492544274084e-06 0.0 2.8360579266080404e-06 1.4391183887800188e-06 4.748654166336121e-06 0.000184455577348108 5.373710041014484e-06 2.3645014650103384e-07 6.850129545869204e-05 4.484598381190111e-07 0.00028098840259343057 1.3041463205808622e-07 2.568663911889725e-05 2.025503339332518e-06 0.00011204770119636473 2.663527534925706e-05 0.0007466500924143698 2.1177193400684804e-05 9.412464659020226e-07 5.304916846666559e-07 0.0 0.0 7.962959751844159e-08 0.0 0.0 0.0 5.500396473537778e-07 0.0 0.0 0.0 0.0 1.2465163010325949e-06 0.0 0.0 0.0 0.0 0.0 0.0 0.0 0.0 6.05153197912957e-07 0.0 0.0 3.0320477848691894e-07 6.7384732323384e-08 5.0632591275519085e-08 5.755680579418699e-08 4.532828485226103e-07 0.0 3.1799284516300064e-07 0.0 0.0 0.0 0.0 0.0 0.0 0.0 0.0 0.0 0.0 0.0 0.0 0.0
3.278577413673427e-05 4.510403781230711e-07 0.00011876180704011064 7.85012780268155e-05 0.00018836453582258517 0.0 0.0016751818533507967 0.00409009996043971 5.7925481216982405e-05 0.004702928056579418 2.304882368080928e-05 0.00176771299256726 1.4485428029007455e-05 0.000600727033093346 0.0009782899519566652 7.306332274833568e-07 1.1359960492146236e-05 4.759305007445216e-06 6.270554624283646e-06 0.0002328796489614857 4.6093387348082246e-05 2.4335001819324043e-06 0.0001400677753275098 0.00012072921871206775 1.59974839348576e-07 4.609238060319218e-05 1.9748015411518153e-05 0.000991570960814327 0.00014140647532795834 0.0001033019229519631 5.657685200335288e-07 0.00039245109145439466 1.8007858264261158e-06 0.00018132146295797268 1.8457253421984153e-06 0.0003423217797389 1.319117190994054e-05 0.00023847696736276384 0.00014104845496788838 0.0010574240259052271 0.00032286443784002283 5.288440345212699e-06 8.78156286099508e-06 0.0 0.0 5.702618738162786e-07 3.7627986844715743e-06 0.0 9.162925845858031e-07 7.060432358802415e-06 7.143569172297131e-08 1.1904484129889987e-05 4.65440567684516e-06 0.0 2.566843575896221e-06 0.0 1.7343906916305793e-07 0.0 7.239851743527373e-07 0.0 0.0 5.7852663016816897e-08 2.0756261491709456e-06 7.229792386215446e-07 2.6350220325820004e-07 6.645491348733373e-07 2.0116559096442088e-05 0.0 8.366333771459546e-08 1.406068559047194e-06 1.3868253138724263e-05 6.0319890528893e-08 2.5157840739086104e-06 0.0 0.0 0.0 3.851590138422763e-07 2.0052392332263568e-07 7.201101431084583e-06 0.0 4.327860525220055e-07 3.867980634606246e-07 3.0765097116282078e-06 3.051711706829675e-07 0.0 0.0
0.0013393046094606978 2.9658544860594402e-06 0.0003915784509211674 5.811781608190061e-05 7.684610239380367e-06 0.0016751818533507967 0.0 0.001371530315696229 0.0003564290736937398 0.0028397221790577255 7.211846032533494e-06 0.00013720702519551722 3.7715319816255424e-06 0.003287065297030576 3.186452196782568e-05 4.709711619674164e-05 1.9270949313381878e-05 1.6756311354418002e-06 3.1489114974603736e-06 3.546628276345642e-05 0.0005212482935852431 2.7398810757664527e-05 0.0010984232839167097 0.000927708285832511 2.6742494878663547e-07 0.00014453826220471784 0.0003082606227660878 0.008355923712476477 0.0007649274931924229 0.002680611938781736 1.4787119506459376e-07 4.5682309186879015e-05 7.997072766433198e-05 0.0002586150694636069 1.896394342976706e-05 0.0018586225955056232 5.3561222638210735e-05 0.0006247541978716416 0.000344035431200699 0.00028700491655081993 0.00012513749041422322 2.5739747876243674e-06 2.1079486290123698e-05 2.851533827485746e-06 5.084343425834265e-07 1.438659274300769e-05 4.02707908002281e-05 0.0 1.2197156563670183e-05 0.00017601511919365314 1.2782023101118504e-05 0.00022115608873004148 3.070406386523571e-05 2.721555199724348e-06 5.192595997794386e-06 2.4004071718519267e-07 1.3320274381224026e-05 7.005697271512726e-07 3.612592367669019e-05 7.789723524443813e-07 0.0 5.093079052155846e-07 2.3821242436188252e-05 9.921477610699966e-06 2.2704738032958998e-05 1.835062373537038e-05 0.0004674773539239133 0.0 1.9694567680880425e-06 3.7267724140913554e-05 0.00033571592423247456 1.020565779726868e-05 4.317193720616235e-05 5.5329970310369684e-08 3.6640452596387686e-07 3.71515090258806e-07 8.10245236005195e-06 1.0056506879625853e-06 6.847911913622354e-05 5.628274165643363e-07 2.7389043211780835e-05 9.870150212844445e-06 3.612553483803769e-05 9.516804422225437e-06 7.315455692438447e-08 2.334440910167818e-07
0.0008318386389577665 4.21488292670301e-07 0.0006722226680225917 4.901162768150616e-05 1.154344417226782e-05 0.00409009996043971 0.001371530315696229 0.0 4.890152815525031e-06 0.0010704382802891987 3.0368212656747173e-05 0.0003432686874244008 1.2137955452506047e-05 0.00474578728831538 5.5284599743562994e-05 4.281903892955792e-07 0.00014447269873400523 6.691732037356431e-06 1.2570940482489951e-05 0.00022739038846139722 0.00019247726218370406 1.18073979844895e-07 0.0006120385995795194 3.0166771869449e-05 1.9253686727311018e-07 0.00030065099570707594 8.985542033388379e-05 0.00017949569457046356 0.00032320298341145814 0.001660956382153827 9.207207557054017e-07 0.00019032127280026122 4.5169765712422395e-06 0.00015563261592807848 1.2651777961377749e-06 0.00023786742461027156 3.0755600668871765e-05 0.0002332847465008566 0.00011859163630356097 0.0003153522099688075 8.831560402073807e-05 3.6612834831702874e-06 1.208427782243767e-05 6.583215305271256e-08 1.0114613410569271e-07 2.0584048169690067e-06 5.667869750406482e-07 0.0 0.0 2.249319494621158e-06 7.279609197877444e-08 1.3237550042139529e-06 9.27442170053636e-07 0.0 2.948468970227398e-07 1.859583980249644e-07 0.0 0.0 7.135901333206474e-07 0.0 0.0 0.0 1.275404543466391e-07 4.915374830919485e-07 4.820292385989156e-07 9.262016009342437e-07 7.141962560875152e-06 0.0 4.482316855640755e-07 3.8950910415494866e-06 6.067596259507995e-06 2.4421460823652127e-07 2.3923763682873098e-06 0.0 0.0 0.0 0.0 4.928841881446694e-07 1.2132399899982205e-06 1.9960367146693842e-07 4.324482400333901e-07 3.32889789081697e-07 1.1499946725081355e-07 0.0 0.0 0.0
1.8790688285442078e-07 0.0002795454837063918 1.5587679748935891e-06 0.0006075549243956745 1.314082571175366e-05 5.7925481216982405e-05 0.0003564290736937398 4.890152815525031e-06 0.0 0.00020676374726862371 8.130859047081514e-07 0.00023043810141469944 3.095578890469312e-06 2.6267287477079526e-06 0.0005168880920874981 8.030229953021787e-05 1.9966952792500642e-06 4.591220792936207e-08 6.6550851372006e-07 0.00041114544011345276 4.588271999810883e-05 0.0016912667448775232 2.5949966581648757e-05 0.005268936536208174 3.0732283833182275e-05 9.359661722137764e-06 0.0001832174855669325 0.0011257982767160037 7.239067237526411e-06 5.682117400285333e-05 3.9264481487186975e-07 2.7059455191723605e-06 9.145600204001918e-07 3.0489571371687796e-06 7.807686700311987e-08 5.719236101321679e-05 7.273396699090676e-06 1.101717925378223e-05 4.140950711379205e-06 0.0002619266426843147 2.666429988202633e-06 4.941297105263583e-07 0.0 3.993288010846127e-06 1.112525227187467e-05 1.2657794356350969e-05 4.5109353407631065e-05 8.081533288987786e-08 6.047128256707689e-06 8.638362220214163e-05 6.102021387094676e-06 0.00015903492923124927 3.183418946753973e-05 1.2994528134090591e-06 1.4304928814196298e-05 4.800087008180695e-08 1.3771907373698024e-05 4.937679643280606e-06 0.00014968450482528138 4.122044120537143e-07 1.62597459395458e-07 3.584672974643835e-07 3.2709170971135586e-05 4.346800163018202e-05 7.016095161237807e-05 6.31410829704696e-05 0.0006466776682330949 5.054165845443595e-07 3.0331062062751426e-06 9.430839862370682e-05 0.00030006982142965236 9.245672871640068e-06 4.691209219950941e-05 9.681786385871506e-08 4.0417276530017225e-07 7.940569229139726e-07 6.339305023957781e-06 4.5722933568002213e-07 5.786299623281705e-05 1.4714143622402592e-06 1.778975678977403e-05 7.481045232312474e-06 6.856959263108493e-05 3.255502688529537e-06 0.0 1.6157626307905284e-07
7.836933487094838e-06 0.0 1.848018075354468e-05 0.0018128276512061753 1.106963640380189e-05 0.004702928056579418 0.0028397221790577255 0.0010704382802891987 0.00020676374726862371 0.0 7.810164004498892e-06 0.00367694831407822 4.177395749081432e-06 0.00041679828534885914 5.1252565534128564e-05 6.362562480997566e-07 1.119604721941788e-06 1.6860087871202251e-06 2.3678605292894414e-06 0.0016089700091526798 1.1860583604367196e-05 2.47439129055859e-07 3.419086607504461e-05 0.00036167290449363375 1.0339311537692622e-07 8.33761486631731e-06 6.36009130600012e-06 0.0032495136259261255 0.00025998666552524296 1.0087127296790286e-05 1.5051865326416677e-07 7.088054533781231e-05 2.8747812910352696e-06 9.84420396924817e-05 2.5268000914446725e-06 0.0006002337058926056 1.0413589876398573e-05 0.0003049993650068729 0.00011597248707941128 0.00034815012671800987 0.00011344203892540975 2.1941839039353178e-06 1.018092782231384e-05 0.0 1.1175968584626346e-07 5.46163806572508e-07 5.464184542409007e-05 0.0 1.0294760244250874e-05 6.301736259300167e-05 2.4480200729379726e-06 0.00018365367427622295 3.723093657945186e-05 1.370872027027383e-06 5.2248920514142936e-05 0.0 1.8341304546690185e-06 3.778468265467302e-07 5.606700061561101e-07 6.359011748154292e-08 0.0 0.0 4.3797174226558346e-05 1.4119043527835276e-07 1.2974203197386087e-06 0.0 0.00022673533159958185 0.0 1.463968281836943e-07 6.94596652427004e-07 0.00013768596877857239 1.9938716475007378e-06 3.4349188857734916e-06 0.0 4.187970869556368e-07 1.0334570396018217e-07 1.6241451462271208e-06 0.0 2.3690526600409148e-05 5.2991340074634e-07 4.8121766056177835e-06 1.4207847580465832e-06 2.152443152774638e-05 3.107988026260147e-07 0.0 0.0
4.0097549120458115e-07 2.8120051011765055e-05 4.591638269763237e-06 1.1635427334511472e-06 1.6895553762381965e-05 2.304882368080928e-05 7.211846032533494e-06 3.0368212656747173e-05 8.130859047081514e-07 7.810164004498892e-06 0.0 9.305204331369328e-06 0.0018583518231913313 5.38009869822654e-06 3.7869141070389633e-07 1.4954664473292303e-06 2.1297944970444725e-05 0.0012282875581805393 0.0003728284681558223 4.504586095260132e-06 2.5885449674761507e-06 4.179731480713445e-06 1.3943357303469637e-05 1.6138106900208132e-06 0.0004797888620076281 0.0017772145046353342 0.0007477067741419673 3.3836940317908555e-06 0.00011520118172664977 4.586203096637661e-06 0.0003425682241243288 0.00016976275199946173 1.70183978018784e-07 0.003998449835968579 3.883530513023516e-07 0.00023935122791336072 0.0023522901396512124 0.0027764665562033425 0.000924679377387474 8.128904750676368e-06 4.806743913660695e-05 0.00047139638194202956 1.474596054355756e-06 0.0 3.7537674996355457e-06 4.670167135184812e-07 0.0 0.0 0.0 1.8131990609469727e-07 0.0 0.0 0.0 0.0001664240426413146 4.485554474246807e-08 0.000576255222284719 0.0 0.0 1.953372224707595e-07 1.8269521529190094e-07 3.6252621989480765e-05 7.479040484473116e-06 0.0 0.0 3.533233421317905e-07 3.261105463414312e-07 7.509772928550009e-07 9.41226260032669e-05 5.157033445780572e-05 0.0001705149803464715 8.214318529694237e-08 0.0 0.0 8.60253283369177e-05 0.0 0.0 4.7412287157031025e-07 2.9536198941572524e-06 4.607348732187934e-06 0.00018040652047766312 5.5331918228031744e-06 7.596980102351827e-07 6.695270197988151e-08 0.0 6.0519623374634655e-05 6.36874661006906e-08
1.6109335025408257e-07 2.1785642601419934e-06 1.0084420138546135e-06 0.001331423969366409 3.937083265299616e-05 0.00176771299256726 0.00013720702519551722 0.0003432686874244008 0.00023043810141469944 0.00367694831407822 9.305204331369328e-06 0.0 4.7109228685056546e-06 0.00012815262083082634 0.0006559836520491426 4.409914226619664e-07 4.737498984816228e-07 2.1159211648192457e-06 1.9736512435362728e-06 0.0026553532713939625 5.867598066370822e-07 1.0987386882172454e-05 1.5293159566825556e-06 0.0002684452933990416 2.420890159215962e-07 2.334035582067321e-06 2.3105096884599954e-06 0.00033406253978607477 8.528852227077598e-05 1.750352242861425e-06 2.645888242291967e-07 0.00012968760477530576 5.796847860776283e-08 5.602342915307384e-05 8.208948248085862e-07 0.0005193075300220501 4.881467224714875e-06 0.00018284079170104148 7.896107936095796e-05 0.000954288112601622 0.00010032425524537827 1.6609661592243424e-06 3.2373396882294226e-06 5.796649352172799e-07 0.0 1.1178065591702367e-07 4.7461222998854115e-05 0.0 8.089746221360262e-06 1.2698096143978488e-05 8.581810209766506e-07 8.557407911640043e-05 2.9175314731910094e-05 7.659893452959027e-08 2.76683233666078e-05 0.0 9.258133521358786e-07 2.31971871053693e-06 1.0162892895983578e-06 0.0 6.335358975409851e-08 0.0 3.178318673901271e-05 9.466664313780133e-08 7.51473866853007e-08 7.61282082423157e-08 5.087034961262267e-05 0.0 0.0 8.676982834319561e-07 4.006755228120564e-05 1.3605722020648716e-06 1.9835681737610388e-06 0.0 5.787406413483041e-08 0.0 2.40451407664765e-06 1.3064677747178904e-07 2.8537758490667855e-05 0.0 2.644073098527307e-06 9.550483342737718e-07 2.25914220320992e-05 3.871794911252622e-07 0.0 0.0
3.256560107939683e-07 0.00018317894922407755 1.8154744724313413e-06 5.504337190711782e-07 4.457546003038063e-06 1.4485428029007455e-05 3.7715319816255424e-06 1.2137955452506047e-05 3.095578890469312e-06 4.177395749081432e-06 0.0018583518231913313 4.7109228685056546e-06 0.0 2.876104050278736e-06 6.316283546383575e-07 3.374034746827828e-06 1.0383153728153803e-05 0.00013885339563723058 3.2804153829025947e-05 2.3266367240249368e-06 2.9496256515015173e-06 1.8797119094538166e-05 9.958934603670463e-06 4.053107943277965e-06 0.002987529450094461 0.00044839607135534025 0.0022826654294212205 4.60810579862822e-06 2.490081821963273e-05 2.97379380929734e-06 0.00036742318645575884 5.044163302428319e-05 1.9673686315107571e-07 0.0005450976371262073 6.522271817924822e-06 0.0010193897705888392 0.0029118017521790845 0.0018761791133564047 0.0004530705866343191 4.2114385237643256e-05 0.00012576502350990394 0.0005019619559246209 9.126901117038915e-06 0.0 1.942866525905245e-05 1.6941301219513784e-06 0.0 0.0 0.0 0.0 4.883968576801168e-07 1.3295057001478103e-07 0.0 0.0004916975154080453 2.1027462055228744e-07 0.0017855006745715785 5.639197886131597e-07 0.0 1.7367597500212803e-07 7.408688188428974e-08 7.823015893500818e-05 1.3647524911430187e-05 0.0 3.831616180053684e-06 3.064961154116306e-07 7.051480842085915e-07 3.441692823607649e-07 0.0003884497366456477 9.387343713241426e-05 0.0005287456580094484 9.8330990962363e-08 1.4075661268574455e-06 0.0 0.0003386452534946993 1.597047927817383e-06 0.0 5.456975170470492e-06 1.762105019218581e-05 0.00012666939360726672 0.0006052605952606987 1.2165662954422985e-05 3.2387294791018895e-06 2.35836202117077e-06 3.0679203237589733e-06 0.00015944665255675716 1.563286802056561e-06
0.0020885340866535836 1.238718376418235e-07 0.00045981188034873696 2.93671340907812e-05 1.4566669818875472e-05 0.000600727033093346 0.003287065297030576 0.00474578728831538 2.6267287477079526e-06 0.00041679828534885914 5.38009869822654e-06 0.00012815262083082634 2.876104050278736e-06 0.0 3.1841589081805366e-06 4.2481134937929095e-07 0.0001400925365344849 1.7189994764136771e-06 1.0411280797855056e-05 0.00012701236389766243 0.0001857817447007127 3.1820620221002333e-07 0.00048402875032579407 3.291032721809208e-05 1.1730934360986278e-07 0.00022790024412936265 6.668782409876729e-05 0.00014980950961769281 0.0032012129810260405 0.0027123825912905076 3.2904264319170017e-07 0.0012184241322027555 1.711283092327618e-05 0.0001091689600557072 2.064547387791719e-06 0.0001817768539073664 2.1017794277878605e-05 0.00016580749319681487 7.511888334537735e-05 4.3968012549432064e-05 4.39672109943779e-05 6.964366570310528e-07 2.537043502152632e-06 1.7049050177037433e-07 0.0 1.0525958023253997e-06 8.419120423074286e-07 0.0 1.96115217389527e-07 2.794109746434405e-06 2.766500746377077e-07 2.616198599829775e-06 1.3734093450915117e-06 7.733033853384148e-08 9.924588119520809e-08 0.0 2.674279623362921e-07 0.0 8.442653258811062e-07 7.319229246462737e-08 0.0 0.0 6.328834961798037e-07 3.564805968929196e-07 5.436627683188637e-07 6.489731554105464e-07 9.857475332640852e-06 0.0 1.775497777617353e-07 3.6261008316282545e-06 6.139252560458973e-06 2.0259281401817373e-07 1.3186975986324784e-06 0.0 0.0 0.0 1.488642712193971e-07 8.845372464713095e-08 2.620825419454157e-06 5.7792944066656936e-08 2.8949724140354417e-07 5.815906123534753e-07 1.364461477152202e-07 0.0 0.0 0.0
0.0 9.311317171274912e-06 7.383982374807016e-08 0.00010682415151381903 0.0008770699550682868 0.0009782899519566652 3.186452196782568e-05 5.5284599743562994e-05 0.0005168880920874981 5.1252565534128564e-05 3.7869141070389633e-07 0.0006559836520491426 6.316283546383575e-07 3.1841589081805366e-06 0.0 1.595799395667154e-07 1.0619395077634022e-07 1.8727747824231318e-07 4.9579327312139944e-08 0.00017728477096913396 1.5511608983411752e-07 6.177597628742048e-05 0.0 0.0005970535623181471 1.1362944216357874e-06 5.180395727084463e-07 8.299095130124975e-06 6.698973663350949e-05 1.3914397189578028e-06 2.687407545573058e-07 0.0 0.0001133152625892852 0.0 4.3003701803719815e-06 1.6027014452823242e-07 0.0002124996317647254 0.0 1.2405217733890202e-05 5.783509757656775e-06 0.0008363680370441742 6.18467710345645e-05 0.0 2.5456176143121887e-07 0.0 5.746392796690136e-07 5.895602336759405e-07 3.71029398313387e-06 0.0 8.210539984596492e-07 3.479400587770533e-06 0.0 1.1681777233115374e-05 1.0674738217572309e-06 0.0 1.8662855777675767e-06 0.0 0.0 0.0 1.9404733058035517e-06 0.0 0.0 0.0 2.617817363759405e-06 5.145782972946886e-07 4.357876946873626e-06 1.1790129777789324e-06 6.102170117302638e-06 0.0 2.126917293683796e-07 4.9636451055345894e-06 7.764440617953162e-06 0.0 5.580398095084729e-06 0.0 0.0 0.0 0.0 0.0 5.251058596455707e-06 0.0 0.0 3.456696481970461e-07 1.1977477463798295e-05 6.945277604888051e-08 0.0 0.0
4.984873562655351e-08 8.129472986280233e-05 2.909882062126649e-05 2.2106019039584528e-07 0.0 7.306332274833568e-07 4.709711619674164e-05 4.281903892955792e-07 8.030229953021787e-05 6.362562480997566e-07 1.4954664473292303e-06 4.409914226619664e-07 3.374034746827828e-06 4.2481134937929095e-07 1.595799395667154e-07 0.0 2.4429835058444118e-05 1.1390246900625009e-06 4.028741076479498e-06 1.1934098274803877e-07 0.0011285354725976524 0.0018924421229815727 0.0019717464951167695 0.0015225975694279363 3.603349582870693e-06 0.00016725524992001407 0.0046291349310293665 0.0009327778661735045 1.2846524883540727e-06 9.3475829916288e-06 7.480974888425636e-07 4.1516319980364e-08 1.567556120919979e-07 5.226563848524319e-05 4.852126859085788e-06 0.0010860329698911555 0.0003707753010847746 0.0002343804818979637 0.0003273480890289039 3.125903018229527e-05 2.066727261811627e-06 6.386198730263964e-07 4.050752330536673e-06 5.684818641838766e-07 8.188980014326796e-06 4.2095061101914065e-05 0.0 0.0 5.310631020798488e-07 1.149577298527468e-05 8.6612994068761e-08 1.1783090621117566e-05 0.0 0.0 0.0 2.0817470579786233e-07 1.368410664026621e-06 0.0 0.0013983195159967333 1.5089530953819992e-06 0.0 4.1542386995838406e-07 0.0 0.00011275939813233786 0.0007985729371495357 0.0007709851893892657 5.05157446119811e-05 1.3026871121950364e-07 4.299778152094073e-06 0.00037766741215685984 4.241140783433355e-05 3.4633013887834745e-06 4.291105176600195e-05 1.325375322182365e-07 0.0 0.0 6.729986214410699e-07 7.390457007040517e-07 1.3922198634411623e-05 6.405413153123844e-07 3.960947563896475e-06 1.3166692188165156e-06 1.4603998911807466e-07 0.0 6.867757915614298e-08 0.0
3.3546091546747946e-05 0.00016948127419936842 0.0004180125845467355 2.881314379326101e-07 3.29947293027387e-06 1.1359960492146236e-05 1.9270949313381878e-05 0.00014447269873400523 1.9966952792500642e-06 1.119604721941788e-06 2.1297944970444725e-05 4.737498984816228e-07 1.0383153728153803e-05 0.0001400925365344849 1.0619395077634022e-07 2.4429835058444118e-05 0.0 0.0001354452502533796 0.0014681171863570167 2.2424190141692334e-07 0.0005774193567704263 1.6990905986176107e-05 0.0011878718773836727 2.3330632392854e-05 5.1085728634250384e-05 0.001475401186187092 0.0036297038874410787 2.485353335684978e-05 0.0003220508334270613 0.0006528818047787695 2.056476349369014e-06 1.4769147531933671e-05 2.483629752784811e-05 0.0017173825398710655 4.565045153553973e-06 0.0007931633773281698 0.0012073250626749809 0.0017957273833365895 0.0005836610394791366 1.6565727259760184e-05 6.770435091241724e-06 4.611804471426161e-07 4.113752041839181e-06 7.797644055533914e-08 5.718685309897663e-06 9.475628920721112e-05 0.0 0.0 0.0 1.3422877674350535e-06 1.70319126457151e-07 4.064127439440982e-07 0.0 1.0565066864921375e-07 0.0 9.500606486949566e-07 9.713313673521202e-07 0.0 3.3040635078989308e-06 3.3139474516654723e-06 6.99745171566919e-08 1.8690737426464143e-06 0.0 4.924405195253285e-07 2.3725617688439906e-06 2.4351444305856058e-06 2.8213111497214833e-06 6.591582991169886e-07 4.495220929718703e-05 7.329811507575726e-05 2.7863459879865418e-06 1.3669705502778923e-07 1.5594869541498206e-06 1.128189428789096e-07 0.0 0.0 6.931192946831456e-07 3.1652871678870135e-06 3.519027529330767e-06 3.2421924068634512e-06 1.2386881879860405e-06 5.617177572519867e-07 0.0 0.0 5.528776019714847e-07 0.0
3.736209338035218e-07 2.205533540702065e-06 1.787151278498516e-05 3.194706074862987e-07 2.9510516238754458e-06 4.759305007445216e-06 1.6756311354418002e-06 6.691732037356431e-06 4.591220792936207e-08 1.6860087871202251e-06 0.0012282875581805393 2.1159211648192457e-06 0.00013885339563723058 1.7189994764136771e-06 1.8727747824231318e-07 1.1390246900625009e-06 0.0001354452502533796 0.0 0.0004663368405554449 1.4237519549990635e-06 3.534457255216744e-06 9.705362137277794e-07 1.659805174661812e-05 1.0190909114699528e-06 3.295068597579824e-05 0.001695607736107855 0.0008098235721779837 8.962009162865339e-07 2.6622454321347907e-05 3.232235098098179e-06 8.204383550689133e-05 2.856582582629448e-05 3.485479057329344e-07 0.0007779624333525857 2.0199163165780688e-07 0.00023671729771212793 0.0005130713673687448 0.0008683272358036535 0.0002818508036917936 3.5974334177272054e-06 7.698111512790816e-06 1.8575856500989098e-05 1.2400529440877714e-06 0.0 3.974551471926599e-07 7.452173067185003e-07 0.0 0.0 0.0 0.0 0.0 0.0 0.0 2.8797357254777224e-06 0.0 1.6077067194796316e-05 5.752328997968665e-08 0.0 6.20149346978883e-08 0.0 9.307706715700359e-06 6.08801758820923e-06 0.0 0.0 2.7615188610305993e-07 0.0 0.0 1.8937076772483316e-06 3.403335381243512e-05 6.198198242851713e-05 1.1144182252701894e-07 0.0 1.0462893919541638e-07 5.990715503259322e-06 0.0 0.0 1.2169017515392624e-07 1.9190157243809764e-06 2.6563631178127036e-06 3.2212889858394737e-06 2.709138679413464e-07 0.0 8.208621899941739e-08 0.0 0.0 0.0
1.7218167823555057e-06 2.707268675433034e-05 1.808435518805526e-05 2.892015392066808e-07 3.9535360088656995e-06 6.270554624283646e-06 3.1489114974603736e-06 1.2570940482489951e-05 6.6550851372006e-07 2.3678605292894414e-06 0.0003728284681558223 1.9736512435362728e-06 3.2804153829025947e-05 1.0411280797855056e-05 4.9579327312139944e-08 4.028741076479498e-06 0.0014681171863570167 0.0004663368405554449 0.0 1.978808587801531e-06 3.339809595673962e-05 4.96155522586271e-06 8.266096418437162e-05 2.1329428200527797e-06 9.866960674156492e-05 0.0016153153098889049 0.002826762656853365 2.117357894468925e-06 6.441570243320538e-05 2.250036931181956e-05 8.230010854104254e-06 4.1427797068851603e-05 4.079767713004603e-06 0.002346606694987618 6.568559698659881e-07 0.0005454740862706918 0.0004218575366973591 0.001895137489648308 0.0005831365353735557 7.892910077439632e-06 9.740486287389102e-06 2.031950724842273e-06 2.6593679444341722e-06 0.0 1.8781741030043604e-06 4.907064326842004e-06 0.0 0.0 0.0 1.782199579315563e-07 0.0 0.0 0.0 8.493778941676516e-07 0.0 1.7776978427980718e-06 0.0 0.0 1.1430118960608821e-07 2.0436509126783055e-07 1.795684556114946e-06 6.647496607023425e-06 0.0 0.0 1.3336152819738433e-07 5.656699652382956e-08 4.594440413428876e-08 1.4234403305216429e-06 4.273757714678385e-05 5.319118115104734e-05 1.0946278249709135e-07 0.0 0.0 7.563670623365648e-07 0.0 0.0 3.496029770698843e-07 2.9261502055472897e-06 4.186009710425219e-06 1.4452772448704494e-06 4.659947345110108e-07 1.0554065707172203e-07 0.0 0.0 7.379079779468443e-08 0.0
7.052055874246249e-07 0.0 9.069516620493663e-07 0.0026946959368218024 9.358180999200437e-06 0.0002328796489614857 3.546628276345642e-05 0.00022739038846139722 0.00041114544011345276 0.0016089700091526798 4.504586095260132e-06 0.0026553532713939625 2.3266367240249368e-06 0.00012701236389766243 0.00017728477096913396 1.1934098274803877e-07 2.2424190141692334e-07 1.4237519549990635e-06 1.978808587801531e-06 0.0 6.489716316206952e-07 1.9416500080882508e-07 2.426359653533801e-06 0.0004480068284069835 0.0 1.597476967297926e-06 1.1010868071642274e-06 0.0005939431286923597 0.00011932867652667024 2.3867129594222413e-06 1.296488350203632e-07 5.116005748866952e-05 3.7759379046570863e-07 5.334298576195046e-05 7.269628185294357e-07 0.0003575605562479216 4.651652441918303e-06 0.00017847524432879368 6.68061506628498e-05 0.0005565886931613891 7.720181472269939e-05 1.5118528447826914e-06 3.994880828756004e-06 2.7230235054758877e-07 6.985685638101265e-08 0.0 6.00252150260891e-05 0.0 8.52667670625684e-06 3.5615670133204364e-05 4.0320132847370663e-07 0.00020775557115553393 4.465551161181668e-05 4.921920170026988e-07 2.7538434347520573e-05 0.0 2.1488208766744428e-06 1.628237584472045e-06 3.1208725580168326e-07 1.5666498629755477e-07 0.0 0.0 3.6087746210922536e-05 2.3392397516763037e-07 1.3247525345237067e-07 1.8571559742565e-07 0.00016775985903583844 0.0 0.0 2.0448110347682179e-07 0.0001185023712799231 5.464634675980926e-07 1.301403211483341e-06 0.0 0.0 0.0 1.9023268073780415e-06 0.0 2.7016777244769055e-05 0.0 8.470877333049883e-06 1.3577448383538001e-06 1.9235012194916983e-05 1.8121661507324042e-06 0.0 0.0
5.734394683738993e-05 5.681962915974653e-06 0.0001023419665586378 1.2534215683777e-06 3.8627487040417057e-07 4.6093387348082246e-05 0.0005212482935852431 0.00019247726218370406 4.588271999810883e-05 1.1860583604367196e-05 2.5885449674761507e-06 5.867598066370822e-07 2.9496256515015173e-06 0.0001857817447007127 1.5511608983411752e-07 0.0011285354725976524 0.0005774193567704263 3.534457255216744e-06 3.339809595673962e-05 6.489716316206952e-07 0.0 0.00010904489638313209 0.005168471515052344 0.00027212333373074945 5.192910579104723e-07 6.644440100861184e-05 0.0002669852742851735 0.002341090783731984 0.0002541595325188808 0.006743408796704249 9.084144284655901e-08 3.2888569548377786e-06 7.215068247250027e-05 0.002269410480663372 2.27822329634835e-05 0.00399914079926321 0.0006190639991097304 0.0022463771392886517 0.0018412259074846 0.0001662835834436714 7.760674652629193e-06 2.3966013649059656e-06 2.0525767495656327e-05 2.4306744630069043e-06 3.1355983421459325e-07 3.2413777162114114e-06 0.0 0.0 1.209937011016554e-07 1.5582268744705427e-06 2.820275857403672e-07 2.0187646770443665e-05 4.5524673005746436e-07 1.5660184165606616e-07 0.0 4.920732597033051e-07 2.6248507617911047e-06 0.0 0.0002857248709896376 2.7419729477084883e-07 5.801454772823572e-08 4.2400906078857346e-07 0.0 0.00013129890577966006 0.0002572733686842218 0.00015681841499241812 7.302067672156461e-05 6.12173838458406e-08 1.2035571789298434e-06 2.659835017785031e-05 6.11055154944942e-05 7.33645559620595e-06 8.281791489828138e-05 0.0 0.0 6.919282733111819e-07 5.701627556347227e-07 4.053507811446587e-06 2.2510089521908834e-05 3.690373361190709e-07 9.78399525185568e-07 1.5264312485623329e-06 0.0 0.0 0.0 2.7390740414967215e-07
0.0 0.0016476959364129457 1.6514577926012545e-05 6.880228642007839e-07 1.4286746772194712e-06 2.4335001819324043e-06 2.7398810757664527e-05 1.18073979844895e-07 0.0016912667448775232 2.47439129055859e-07 4.179731480713445e-06 1.0987386882172454e-05 1.8797119094538166e-05 3.1820620221002333e-07 6.177597628742048e-05 0.0018924421229815727 1.6990905986176107e-05 9.705362137277794e-07 4.96155522586271e-06 1.9416500080882508e-07 0.00010904489638313209 0.0 0.00016275885732975102 0.0036545496391812687 0.00024035275004585596 0.00011168306765450878 0.0033818448470411145 0.00016961559933748166 3.216775580797214e-07 3.834044057488875e-06 2.944216919721925e-06 3.165354328073967e-07 0.0 1.8636822451947205e-06 2.49352993984868e-07 1.8554034249809134e-05 6.959034254890486e-06 7.729109338293307e-06 4.502418721610569e-06 5.715416833601841e-05 0.0 6.948325713947309e-07 0.0 2.425539079464865e-07 5.989801630146751e-05 0.00010880912740094362 0.0 0.0 0.0 4.251993966441594e-06 6.534024495216735e-08 1.2067317024270288e-05 5.787696878833887e-07 6.065540334260105e-07 0.0 6.601072080527962e-07 5.375364752016368e-07 0.0 0.0005430598121612385 2.8031307827544e-06 5.72289338602107e-08 3.78146642598081e-07 0.0 3.057617911000496e-05 0.00016475444537338428 0.0002097211094394116 3.5326668796541246e-05 2.095133374111517e-06 1.2531581640977905e-05 0.0009836662086588823 1.7107990062222734e-05 1.4453952119165456e-06 1.2268498150971752e-05 3.779322608685527e-07 0.0 6.289370014601594e-08 6.795501426736534e-07 0.0 8.956623087534356e-06 2.6003260069211026e-06 5.308700677764834e-06 2.6834482215259544e-06 3.826999270735011e-07 0.0 0.0 8.235288600454474e-08
0.00014754048299051462 8.774838489813929e-06 0.005107813958205227 4.9644267152004985e-06 1.5335099141178587e-06 0.0001400677753275098 0.0010984232839167097 0.0006120385995795194 2.5949966581648757e-05 3.419086607504461e-05 1.3943357303469637e-05 1.5293159566825556e-06 9.958934603670463e-06 0.00048402875032579407 0.0 0.0019717464951167695 0.0011878718773836727 1.659805174661812e-05 8.266096418437162e-05 2.426359653533801e-06 0.005168471515052344 0.00016275885732975102 0.0 0.0004803114073853351 1.0791784561859815e-06 0.0013267888557463021 0.006726572117368366 0.0026436540673060705 0.0002469883080996934 0.0027003374049544135 9.521327949315917e-07 1.2408931705084517e-05 1.627324491025645e-05 0.0021051128482226776 4.238246408133199e-05 0.00641812709286335 0.004063611883328118 0.0037874640799723017 0.0031231389108125262 0.0002304585201873661 1.4419260252732439e-05 8.181476532797589e-06 3.2279012722570854e-05 6.346713365039736e-07 2.4213079687812224e-06 0.00026990388738750576 0.0 0.0 7.044661977028394e-08 1.2910063872768247e-05 1.068316768691058e-06 7.653328792347453e-06 9.260905949231762e-07 2.5025293746515e-07 0.0 1.2636846333279625e-07 1.061801462989982e-06 0.0 0.0010688423416350195 3.914544691853816e-06 0.0 4.334443826734777e-07 0.0 6.0452415780045664e-05 0.00043723099476007454 0.0005376900668626107 3.870962460697524e-05 1.1864309455828791e-07 6.084550039923603e-06 0.0008084799879603123 3.466602437883403e-05 2.758447256114919e-06 2.9758765434157177e-05 0.0 0.0 0.0 1.0872698748253111e-06 1.3298607658699055e-05 3.431892000876004e-05 2.3468203906638504e-06 5.987096422958589e-06 1.920550426533986e-06 1.9538239168556326e-06 6.865983059643358e-08 0.0 0.0
1.6384016597987047e-06 0.0003232852787677788 4.585248444942483e-05 0.0011920458575861602 6.9775492544274084e-06 0.00012072921871206775 0.000927708285832511 3.0166771869449e-05 0.005268936536208174 0.00036167290449363375 1.6138106900208132e-06 0.0002684452933990416 4.053107943277965e-06 3.291032721809208e-05 0.0005970535623181471 0.0015225975694279363 2.3330632392854e-05 1.0190909114699528e-06 2.1329428200527797e-06 0.0004480068284069835 0.00027212333373074945 0.0036545496391812687 0.0004803114073853351 0.0 3.108370888480292e-05 0.00010675049290762983 0.001004821093859326 0.0052138767033210855 6.764438603467477e-05 0.0001872533363254642 8.971535836519006e-07 1.294852992089085e-05 1.2792628852416238e-05 5.101614657805554e-05 5.4960486246708244e-06 0.0008391581261973535 6.042889803852498e-05 0.00015998615425578993 9.450695669553305e-05 0.0005776476394638216 4.683257715468908e-05 7.908438059412656e-07 6.934829068623159e-06 1.117754095047839e-05 1.3782132767387021e-05 2.7470491310695174e-05 5.696278450124223e-05 2.549998113118022e-07 1.223161953266836e-05 0.00024671734745934393 2.0040442159707334e-05 0.0008974268353008389 5.334312447220034e-05 2.118472688537151e-06 1.6819691506513806e-05 1.9872565467982961e-07 3.7211328686072066e-05 1.3990013094378709e-05 0.0003164341915630927 2.227301922318717e-06 4.3987246936585777e-07 1.0783819602653694e-06 4.669488341632158e-05 0.00013266116184513314 0.0003288335227720097 0.00017318052730034577 0.0012541844665545849 3.2579227088051477e-07 6.531585644982167e-06 0.00015391293711741253 0.0009103054312116713 2.6746907706013375e-05 0.00022450058160043045 3.0456745875582483e-07 1.11702904823435e-06 1.640082585279597e-06 1.8944286846953227e-05 2.0624504412135555e-06 0.00013832286100286435 2.4470059397467346e-06 5.214616587805715e-05 1.6162792515107046e-05 5.530325644043164e-05 1.1643823212412917e-05 1.6810127490555985e-07 6.099226677103598e-07
