0.0 0.0 1.2728698320457587e-05 1.4416874986821768e-07 0.0 8.543919351460173e-07 0.0010689266522871253 6.430388493494035e-05 1.9443738163267682e-07 0.00010288750385658961 1.0544842925477838e-05 1.757735481695366e-07 1.737001303678243e-07 0.0013809388234658781 0.0 1.7608552601237368e-07 9.297414262609124e-05 1.0230550100162096e-05 2.653116126124352e-05 3.164540713537765e-07 5.319554919803281e-05 2.852811198991176e-07 8.700575860865307e-05 6.6226732382964326e-06 0.0 2.655977636959467e-05 6.537568376696342e-06 2.1289726330948375e-05 0.0014342061940231458 0.001590680442410487 0.0 1.0505469043312077e-06 5.163004866547556e-06 3.227525709626327e-05 0.0 3.5974484848096714e-06 4.5912215888105973e-07 8.718921082466914e-06 1.2402419314730573e-06 6.399219769709211e-07 0.0 0.0 0.0 0.0 0.0 0.0 0.0 0.0 0.0 2.463446592127827e-07 0.0 2.764356629017435e-07 0.0 0.0 0.0 0.0 0.0 0.0 1.3563202878702588e-07 0.0 0.0 0.0 0.0 0.0 0.0 6.978324469786202e-08 1.06027035158932e-06 0.0 0.0 5.416141633633947e-08 5.500614475872929e-07 0.0 7.842709664416058e-07 0.0 0.0 5.132612684581073e-07 0.0 0.0 4.2806962360819983e-07 0.0 0.0 0.0 0.0 0.0 0.0 0.0
0.0 0.0 9.073484573509859e-06 1.0482528339250874e-07 1.6190151269282887e-07 5.176967959844885e-07 4.67732090729791e-07 5.050123547640462e-07 0.0006168368229062544 0.0 0.00012537131968499743 4.995274879880399e-07 0.0005351268186717004 4.932854996863079e-07 4.152817307802744e-06 0.00011485626580736237 7.320619350185738e-06 5.397356602306185e-07 2.606284687440839e-06 0.0 2.17190986618938e-06 0.0010541557822654657 5.322038878657786e-06 0.0005902670849723567 0.0005874326090984515 7.468164451469506e-05 0.004382982771179114 1.2371625783889879e-05 6.326374500601226e-07 1.3806553454084915e-06 1.2725154837026273e-05 2.3893800876033544e-07 5.037442883182291e-07 3.8047422807637e-05 4.964965992389871e-07 1.3329282356216118e-05 0.00010368418600439322 4.414244076712249e-05 9.690975812179074e-06 1.930484679275545e-05 6.327171981645332e-08 9.449768372478022e-05 2.608207010067016e-07 0.0 3.127018807481073e-05 4.26981410531253e-05 0.0 0.0 8.863264554902516e-08 8.330933492178405e-07 0.0 2.0047495987623527e-07 0.0 2.944166713229973e-06 0.0 1.057957377624071e-05 0.0 0.0 4.160257751637859e-06 3.9741396186968186e-06 4.776070857166518e-06 1.6454689608539708e-05 8.135055419733787e-08 4.4049971346632904e-07 7.029449694272657e-06 1.756551841108536e-06 5.638925237069077e-06 1.187116386814129e-05 0.00019769315454381688 0.0012667881170689973 6.405514291210758e-07 0.0 0.0 3.3843787715316156e-06 0.0 0.0 6.965069103888437e-07 9.104709922398367e-08 5.178183723481613e-06 7.870337721296205e-06 5.001653156639354e-06 1.5162958575112048e-06 0.0 0.0 4.2333353903643543e-07 0.0
1.2728698320457587e-05 9.073484573509859e-06 0.0 1.1408078898249784e-06 0.0 4.953065377448855e-06 0.0003947867469869708 9.203069961880935e-05 3.979954014152095e-07 7.0050533692575935e-06 8.780785181591775e-05 7.165965333208501e-07 1.808584952343815e-05 0.00010643803672576104 2.3831614304768244e-07 8.59995870729483e-06 0.0015690705439585229 3.383213910668898e-05 8.630371690252644e-05 2.616366873631074e-07 0.0004733561264230812 7.350433193830437e-06 0.00774648667891669 5.219158115626563e-05 1.2782229782721117e-06 0.0033414710779141603 0.0034518375256900585 0.00034309537149025384 1.877836957167033e-05 0.0002551979717234568 4.154601387764641e-06 6.576314785603724e-07 2.337282198723958e-06 0.000522851112273667 3.4812467944966824e-05 0.0013882475345200604 0.0013600805561393718 0.0010460213784771039 0.0005822568675372436 3.5387165291012016e-05 8.823840916568027e-07 4.642584041691422e-06 6.813995194239827e-06 1.2938772834978632e-07 4.3130972980592785e-05 0.00014933269149934602 9.860580755607466e-08 0.0 1.6708590470585435e-07 3.7574022989834225e-06 1.134475880460896e-06 4.972181624245136e-07 0.0 1.5394275143436698e-07 0.0 7.741836252588599e-07 1.0818473605966329e-06 0.0 1.5332056667169863e-05 4.289963834716669e-06 1.6637773421555521e-06 1.9133191746244067e-06 0.0 5.65148922919476e-06 2.8702762502597958e-05 4.7732921911340274e-05 6.986618367269662e-06 4.2223278151354757e-07 6.004906949715164e-05 0.000761395986769954 5.603832504186306e-06 9.339768858949181e-07 4.25982089437531e-06 5.008860362776613e-07 0.0 0.0 9.292948197203323e-08 2.2451372588882523e-06 1.0775515613433071e-05 3.909310976769611e-05 3.0698596449245447e-06 1.5431055130464336e-06 3.7869468570097743e-07 0.0 0.0 1.0433686081160334e-06
1.4416874986821768e-07 1.0482528339250874e-07 1.1408078898249784e-06 0.0 1.961546980646746e-06 3.8338084986833256e-05 1.1740592746051882e-05 8.035578181470094e-05 0.00027564585566670907 0.0017573564279827444 1.8957301056732349e-06 0.002847544949440931 1.1403032683075119e-07 6.643320956433582e-05 4.7571752263589754e-05 6.223905098155523e-07 4.318634635911886e-07 5.313690497881579e-07 1.1509616905041466e-06 0.0031548667753790176 6.482741879929605e-07 8.104285092530576e-08 7.174772635855883e-07 0.0007377836104458475 0.0 1.324390260145195e-06 1.7460651587422e-06 0.0018868340313683018 8.78702398885583e-05 9.153762823439059e-07 0.0 1.757593153709807e-06 1.5992065889111367e-06 3.1282925876169126e-05 4.118675413905682e-06 0.0003164324955872335 2.4789661599196415e-06 7.586778465988878e-05 2.8013130521434858e-05 0.0002730020006039396 4.958816394883679e-06 1.8037417903905054e-06 2.1051991821632685e-06 0.0 0.0 3.9841348241594724e-07 6.495976033835448e-05 1.7757355389041881e-07 6.953160585722673e-06 1.9271144554305035e-05 4.472664763029367e-06 6.754268410961913e-05 4.626954483721017e-05 0.0 1.7086719065700225e-05 0.0 2.1169168874378592e-06 1.9120919284784222e-06 3.4634887265420353e-07 0.0 0.0 0.0 3.0074662597206832e-05 2.466949107150983e-07 2.4257326175504983e-07 0.0 0.00011810212067747672 0.0 0.0 1.5719155278382794e-07 8.043116886538751e-05 8.657168448021294e-07 8.707053059585489e-07 0.0 6.976116832929688e-08 0.0 8.875016209896343e-07 1.984408319216712e-07 5.43116977389152e-05 3.08832038484795e-07 5.029159349167418e-06 4.0248682337754404e-07 7.685472474109149e-05 0.0 1.5632526884048024e-06 0.0
0.0 1.6190151269282887e-07 0.0 1.961546980646746e-06 0.0 0.0002113822972507907 1.0245785452193645e-06 6.739517008228463e-05 4.553653619007979e-05 3.0159696041795755e-06 3.158298393637951e-05 4.648848416154964e-05 3.0042895595605652e-06 4.123156163840425e-06 0.0001831597955689247 0.0 1.873712322178601e-07 5.417842526087013e-06 6.562206620202715e-06 6.729058447930208e-06 0.0 4.408861774539428e-07 9.965551707651071e-08 1.8329329866397306e-05 8.856824064419104e-07 5.734657751361422e-06 1.8837245312997116e-06 3.3248370240974045e-06 1.1253044456813274e-05 2.1028629296835552e-07 9.849940818152529e-08 3.4290756932040984e-05 6.742011055728331e-08 0.00026405421641690995 7.095526700947251e-07 2.4062998912411437e-05 3.2584689845655062e-06 0.00014971191249620573 3.9955836445310136e-05 0.0011400900952187377 8.70141413546746e-05 3.2641560192042207e-06 1.2812065093844605e-06 0.0 0.0 0.0 0.0 0.0 0.0 0.0 0.0 0.0 0.0 0.0 0.0 0.0 0.0 0.0 0.0 0.0 0.0 0.0 0.0 0.0 0.0 0.0 1.3975116401968092e-07 0.0 0.0 0.0 0.0 0.0 0.0 0.0 0.0 0.0 0.0 4.898406687413584e-07 1.4143518858025377e-07 0.0 0.0 0.0 0.0 0.0 1.6232169436330001e-06 0.0
8.543919351460173e-07 5.176967959844885e-07 4.953065377448855e-06 3.8338084986833256e-05 0.0002113822972507907 0.0 0.0005796286802164164 0.0028493484959504958 0.00016996896340966386 0.0046625324193920025 4.126346317584748e-05 0.002879539621228745 3.4331628065942097e-06 0.00015381402183358464 0.0008296027215950727 1.5021693842756617e-06 2.5253712255933145e-06 1.1368997818012984e-05 1.3081078484979802e-05 0.0001328095275163976 4.917569938032238e-06 1.2493353012347557e-06 6.5234587466685745e-06 0.00023926568706882594 1.8325041677854797e-06 1.3086660321567044e-05 7.005544632227031e-06 0.000684675819819745 0.00011688232760567638 6.957110161608692e-06 4.058308131242267e-07 5.123995271616316e-05 1.1717291147259611e-06 0.0001715789394691019 7.729771739330232e-06 0.0001396093934809414 9.8430706777626e-06 0.0002574745724729626 8.213363244332954e-05 0.0013173430679006065 0.00017598020151341753 4.667760494391923e-06 4.462361660931035e-06 0.0 0.0 0.0 9.176487207064339e-07 0.0 2.952822126676633e-07 3.2117219449992e-06 9.353696801204206e-07 1.3019977337911698e-06 6.337279922227516e-07 0.0 1.2294306368009946e-06 5.78825886156447e-08 0.0 0.0 3.1076540340937443e-07 0.0 0.0 0.0 5.966813814124846e-07 4.27892683530069e-08 0.0 1.2597433751079548e-07 9.722648900760271e-06 0.0 2.00012993556175e-07 2.3397209298217455e-07 4.850022668250279e-06 2.036063894927862e-07 7.273826907189783e-08 0.0 0.0 0.0 3.3045137767402505e-07 2.6893370474259093e-07 4.283228415304197e-06 2.8028953612552667e-07 9.577467497251538e-07 3.8672939773097885e-07 6.100565916293534e-07 0.0 6.139781215585139e-08 0.0
0.0010689266522871253 4.67732090729791e-07 0.0003947867469869708 1.1740592746051882e-05 1.0245785452193645e-06 0.0005796286802164164 0.0 0.0023233395959664535 2.582204579869397e-05 0.0029747737590816313 1.2756984834034735e-05 3.4961026415748e-05 1.9083198851038306e-06 0.0040155337482160654 5.746080326115069e-06 2.5456358706006523e-05 0.00017688979941119957 9.152872285111954e-06 2.5538747906855288e-05 7.042524853480915e-06 0.0008785655150534671 7.98647000557994e-06 0.0007379914881765607 0.0005864182037190747 9.92845970575352e-07 0.00020309864925010583 9.94108732110121e-05 0.009064419924507116 0.0011661283482368818 0.002751942111939127 2.4387792329933643e-07 7.1299366421125045e-06 0.00010009486384072632 0.00026512284666881184 3.655817442237458e-05 0.0010439353463963755 3.291183829250121e-05 0.0005238575406950321 0.00019775991812719953 9.280084257333447e-05 1.697771706584986e-05 3.0673883299954047e-06 9.61188132626031e-06 5.242539341156702e-07 1.9945557964932552e-07 6.060933938916155e-07 1.1390974205230971e-05 0.0 7.3391032484912966e-06 8.276751880860635e-05 1.3537112062805363e-05 1.7673575039615658e-05 1.0461438145849145e-05 2.876041742814851e-07 3.4961546428188836e-06 0.0 8.591351038212165e-06 2.5130985913404266e-07 9.065782981785989e-06 0.0 1.6477227165856215e-07 0.0 7.869990872171227e-06 6.5994463272408274e-06 3.186246930601574e-06 2.3126575482704623e-06 0.00018393011683352997 0.0 3.290817706295205e-07 7.853191891190303e-06 0.00012913788712456807 7.801145046199242e-06 1.4017114891178668e-05 0.0 0.0 1.5249486502633484e-07 3.0493287538108026e-06 6.726654444120355e-07 4.90853305308273e-05 1.8241664425803832e-06 1.4263873114088298e-05 5.456555092242284e-06 1.7361479319008927e-05 7.559940181937377e-07 1.097182451242256e-06 1.0243355200297426e-07
6.430388493494035e-05 5.050123547640462e-07 9.203069961880935e-05 8.035578181470094e-05 6.739517008228463e-05 0.0028493484959504958 0.0023233395959664535 0.0 2.7102014595610855e-05 0.002703953009420701 0.00018297771896245437 0.0010105362992748012 1.4360132137017148e-05 0.00412793663687606 0.00018410872234451249 1.1457639029160103e-06 0.00030569109461576577 7.227912086652229e-05 0.0001391085687327112 0.00035321292595245305 0.00021677285065766958 1.0288314428394886e-06 0.00023552539687239169 0.0003473301295474699 3.9224534668449345e-06 0.00018996664557327395 4.528964185973422e-05 0.0005705103529884026 0.00019220760806579724 0.0005534898054101458 1.4909952653501961e-06 7.940041684019462e-05 4.369824867610358e-06 0.00029648457602684126 1.640981321002263e-05 0.00045299242000229736 3.474065822457782e-05 0.0005840143256079334 0.00018297705155343198 0.0010469767344992846 0.0001912028535276867 1.5062673132761567e-05 1.5287032872071236e-05 0.0 0.0 2.402950759667135e-07 2.7898790051658843e-06 0.0 1.2100531968606402e-06 1.6111380251944456e-05 1.7132887659977629e-06 3.2891335912239898e-06 2.859434010821837e-06 0.0 5.67504991881572e-07 9.909693475954707e-08 1.0047797658951377e-06 0.0 2.7999637256541143e-06 4.2728609765954255e-08 0.0 9.258978730194621e-08 1.0698479574032899e-06 1.0622083860402357e-06 6.087325566934206e-07 8.607079940663937e-08 3.782031643236563e-05 2.6375559087686896e-07 3.036682828982926e-07 1.7121515779412106e-06 2.9706635290141992e-05 1.3362854938170946e-06 2.226123926806778e-06 0.0 0.0 2.0313499360941043e-07 1.3321884472953647e-06 3.6908559781702344e-06 1.530205689820869e-05 1.3537440669921728e-07 4.0997343257735204e-06 1.3455893913335855e-06 3.534531212898057e-06 0.0 1.0832364932552277e-06 1.6315206532929422e-07
1.9443738163267682e-07 0.0006168368229062544 3.979954014152095e-07 0.00027564585566670907 4.553653619007979e-05 0.00016996896340966386 2.582204579869397e-05 2.7102014595610855e-05 0.0 0.00010709274057998739 3.3657231004827944e-05 0.0001251205659150236 0.00010370327028036208 8.260999304527455e-06 0.0004244350610410099 1.1204076890852121e-05 4.936717456255554e-07 1.215230076490326e-07 4.0979822783508793e-07 0.0002426029532982457 4.243616782250811e-06 0.0010918831705735192 1.9181436922081554e-06 0.005998226853809856 0.00023774067467849963 6.2525138666475685e-06 0.0004533815201946606 0.00046613662871016035 1.5015619611816906e-05 1.8205283121700566e-05 2.6539497929119744e-06 1.4111148138095394e-06 5.846347884385386e-06 1.155307086709758e-05 6.745576352224518e-07 6.039001119407421e-05 1.403508592327004e-05 2.064737489199229e-05 6.774392472370621e-06 0.00038230775033666284 6.387712189005636e-06 5.014353334369256e-06 7.442698990058793e-07 1.1807770934003738e-06 6.879660299322104e-07 4.686914500582668e-07 9.327289253598349e-05 7.786636346519808e-08 1.1614297671736513e-05 8.289712855133427e-05 1.7897939119322057e-05 2.04645468826232e-05 4.5097122406847434e-05 1.0203446054647548e-06 1.447919125572386e-05 2.5521331614492684e-06 1.6016391052190708e-05 2.6496037310417275e-06 0.00011096029801320729 3.745667256806645e-07 7.538805453185348e-07 3.48046091198002e-07 4.398470222972632e-05 4.365759607192089e-05 1.2102897493050771e-05 6.805046065529544e-06 0.0007310670373980062 5.416803307572883e-07 1.0970682185829977e-06 3.6134781417845927e-06 0.00024184273735352807 1.371944576887025e-05 2.9187367324025943e-05 4.6570738411030226e-07 8.099441621195431e-07 1.1558552882788346e-06 5.391321624186542e-06 3.5970280752169462e-06 4.423088505591005e-05 3.385936278670251e-06 1.4323442010601182e-05 2.0392890647713525e-06 4.078588273728685e-05 1.2494272024500013e-06 0.0 0.0
0.00010288750385658961 0.0 7.0050533692575935e-06 0.0017573564279827444 3.0159696041795755e-06 0.0046625324193920025 0.0029747737590816313 0.002703953009420701 0.00010709274057998739 0.0 2.1064013317651073e-05 0.0030821098272966673 1.6822907057894148e-06 0.0006743399313066727 4.339982594572802e-05 3.4067395574489132e-06 3.6150597823518536e-06 7.856203283124108e-06 1.3015933742038574e-05 0.0034201605937636734 6.8372883138305345e-06 1.4257386183416966e-07 1.4140923905558382e-05 0.0007369929045183 1.3382369526419626e-06 1.661236602683619e-05 1.1235157418598278e-05 0.00564460711223089 0.0006124959435643242 9.605779135760262e-06 3.128046164164071e-07 1.4130653950925861e-05 7.0108045265725e-06 0.00014610324869367174 6.000628396441971e-05 0.0007440293515039586 2.1064679249704335e-05 0.000455334899083503 0.00012198432367481018 0.00025862834132636366 3.5460488349346045e-05 2.530154713057104e-06 1.1901421724085849e-05 0.0 0.0 3.145728817005618e-07 3.5541762092920736e-05 0.0 3.3695663963037477e-06 1.2946906627363486e-05 1.5542225444411105e-06 3.613066945352464e-05 3.627061031962306e-05 1.2402954767464219e-07 1.6233867954935756e-05 1.0421627101393534e-06 1.4150394293287904e-06 2.147039454656383e-06 6.216601136141279e-07 0.0 0.0 0.0 2.167064940101363e-05 1.8452599313923257e-07 6.258065460337806e-08 9.863978196002751e-08 8.022192023579584e-05 0.0 0.0 1.1193236418840164e-07 5.432512267238784e-05 6.484870278832607e-07 6.685321031226057e-07 0.0 0.0 0.0 6.397107498157079e-08 7.778762907998518e-07 4.386968270385386e-05 5.772664289248744e-08 2.752200263913265e-06 7.509723848867888e-07 4.2487881234519914e-05 0.0 1.8713452631674275e-07 4.287185684594842e-07
1.0544842925477838e-05 0.00012537131968499743 8.780785181591775e-05 1.8957301056732349e-06 3.158298393637951e-05 4.126346317584748e-05 1.2756984834034735e-05 0.00018297771896245437 3.3657231004827944e-05 2.1064013317651073e-05 0.0 2.3305721008980023e-05 0.0008043775844829278 0.00028519085433872227 1.026930139253006e-06 1.9685129430083953e-06 4.2511019033733716e-05 0.001325327541360719 0.0009018413278491152 8.23216140422943e-06 2.216831543889679e-05 5.461933770286692e-05 4.1821714989085405e-05 2.978351758075915e-05 0.0003813594093006989 0.0013879720933798723 0.0003527743444145798 1.7454604143518388e-05 0.000368132876802383 5.6577862751204094e-05 0.00013789337790081266 0.00022724068838319168 4.163783118952634e-05 0.00465455552676596 3.0549011772912075e-06 0.00035617078001830754 0.0018216146919868494 0.0021456783229091463 0.0003645270309828818 2.5164860895530287e-05 5.140786620081591e-05 0.0003816796241345099 4.1889578330259724e-06 0.0 3.651634289650084e-06 9.028602814294262e-08 6.477799381723171e-08 0.0 6.139467555067173e-07 2.2999216723202772e-07 3.242776138262468e-07 2.420588815446579e-07 0.0 4.9936688903046185e-05 0.0 0.0003819937662513774 0.0 0.0 1.6519660612188263e-07 6.150623156337976e-08 3.247498000320977e-06 4.155655898463257e-06 0.0 1.7950011406031942e-07 3.682679090377118e-07 0.0 2.081199898538648e-06 9.506725158174536e-05 2.2398779178919358e-05 0.0001164598118014974 1.5172393445642568e-06 0.0 7.177877397745813e-08 3.041787402951499e-05 0.0 0.0 4.44889245129766e-06 9.97131032386576e-07 1.4354109743990952e-05 9.572162877894829e-05 3.9881638395908936e-06 1.4711218887999487e-06 4.1446994699757134e-07 3.764083210418421e-07 2.3799239413120453e-05 7.911695724286463e-08
1.757735481695366e-07 4.995274879880399e-07 7.165965333208501e-07 0.002847544949440931 4.648848416154964e-05 0.002879539621228745 3.4961026415748e-05 0.0010105362992748012 0.0001251205659150236 0.0030821098272966673 2.3305721008980023e-05 0.0 2.215663850455259e-06 0.00029471456411767424 0.0008408302615680457 0.0 1.2665714856467356e-06 9.323659643119375e-06 1.4592476503058474e-05 0.0032215468069680376 4.273550173997966e-07 2.584376380682604e-07 9.287286221670264e-07 0.0003511399061054659 5.215716717914854e-07 1.0203112399505798e-05 6.639990643667826e-06 0.00038386845517927604 0.00023278436939442898 2.0236738395726225e-06 2.8258204316600144e-07 2.2671144833296805e-05 5.497301128092901e-07 4.8281192198564946e-05 4.917514105308087e-06 0.0003937962779904361 9.16768605914066e-06 0.0001891986072915211 3.528281445206589e-05 0.001272295697902187 1.3235563802461504e-05 8.899003504974931e-07 2.093235452505488e-06 8.106120812928223e-08 4.6663572297307144e-08 0.0 5.5827430463892565e-05 0.0 9.376911917077426e-07 2.743550058942677e-06 8.771388847201601e-07 1.379409822695285e-05 1.825180434132759e-05 0.0 1.241665314181653e-05 0.0 0.0 3.029856113130866e-06 5.9282228737026874e-08 0.0 0.0 0.0 1.405645920516312e-05 5.880998123078621e-08 7.868117318324954e-08 0.0 2.025679104506071e-05 0.0 0.0 2.0519788749185511e-07 1.6398581727920332e-05 4.076246106378475e-07 0.0 0.0 0.0 0.0 0.0 4.228906375490124e-07 3.0102587845782106e-05 0.0 5.683217311219599e-07 0.0 2.8488320335304275e-05 0.0 6.148077750219594e-08 0.0
1.737001303678243e-07 0.0005351268186717004 1.808584952343815e-05 1.1403032683075119e-07 3.0042895595605652e-06 3.4331628065942097e-06 1.9083198851038306e-06 1.4360132137017148e-05 0.00010370327028036208 1.6822907057894148e-06 0.0008043775844829278 2.215663850455259e-06 0.0 1.4212109439870986e-05 1.0539581393712555e-06 7.431788351728188e-06 3.528548060349569e-06 1.3245380117753091e-05 4.6474450885477184e-06 8.869838096030621e-07 2.6500860787128635e-07 0.0001744217034848368 3.817409069528943e-06 6.332416093403199e-05 0.002055925485293305 0.000474186681845651 0.0019776087754906266 3.731361461417421e-06 2.1524776681330496e-05 7.173881723143849e-07 0.0005109017185513197 1.798241197801752e-05 1.2582406104516391e-07 0.0007069836481287101 8.888025913453487e-06 0.00013884004962019545 0.0012939134561831631 0.0008744316476544699 0.00014019799087139307 5.630943008869445e-06 8.252038454688945e-06 0.0006615576216524238 1.1153889138575104e-06 0.0 2.0810123654240322e-05 2.35480864253866e-07 0.0 0.0 0.0 6.025091066169502e-08 0.0 8.592542614936708e-07 0.0 0.00012395047148832972 0.0 0.0010013645435774069 0.0 0.0 5.4672785010803386e-08 1.8913209208579837e-07 6.377847536916761e-06 8.236558226113726e-06 0.0 0.0 4.941857226521755e-07 8.553946079311186e-08 6.61843066300369e-07 0.00032647686234565064 5.782746009720579e-05 0.00029336740649369087 2.7481577747384495e-07 2.817065337196961e-07 0.0 7.152565348994504e-05 6.357751825086976e-08 0.0 1.1816805130375747e-05 2.971987771713198e-06 1.166322813656243e-05 0.00023838761889899543 1.4437309224911525e-05 2.3250911927283757e-06 1.0135446766487979e-07 0.0 0.00011091093556576873 0.0
0.0013809388234658781 4.932854996863079e-07 0.00010643803672576104 6.643320956433582e-05 4.123156163840425e-06 0.00015381402183358464 0.0040155337482160654 0.00412793663687606 8.260999304527455e-06 0.0006743399313066727 0.00028519085433872227 0.00029471456411767424 1.4212109439870986e-05 0.0 6.771891412353012e-06 2.23554283866535e-06 0.0005245008217646846 0.00014733168094871487 0.0003138589420824711 0.00018733140955512928 0.0002884474488766774 2.044714737587069e-06 0.0003944638542230041 0.00033520894627568203 4.7210226298959025e-06 0.0002911678155972107 9.289927993647047e-05 0.0006520680254169667 0.003521634913642652 0.002319404786254092 2.5530993995865854e-06 0.00012831565138678663 4.0596790486340294e-05 0.000910691759928527 1.217191474617993e-05 0.0003939735564590609 3.9321540638684874e-05 0.0010144769666467046 0.0001084538545912523 0.00018387293728633106 5.526213937467246e-05 8.965365492636132e-06 7.878995212373523e-06 1.2452236989560412e-07 0.0 2.1032854498199027e-07 9.093120610584488e-07 0.0 1.5679197874103904e-06 1.3042196951911194e-05 2.7044747919576053e-06 5.515396682257955e-06 2.921353106681642e-06 1.1975570095486596e-07 2.59194381094935e-07 5.561165560966836e-07 1.593795496537126e-06 0.0 5.297452415467247e-06 5.412093339435642e-08 0.0 5.513851163665349e-08 6.184640758552087e-07 3.097822414275311e-06 4.149866845987922e-07 3.330295033897266e-07 5.161245112143694e-05 1.15965518424664e-07 4.64962798308583e-07 2.1989871822655104e-06 3.362708781352525e-05 2.078116583556903e-06 4.531777333680876e-06 8.190283368227737e-08 2.3501825613106702e-07 7.145435997232166e-07 1.3849700000857397e-06 8.194964825512545e-07 1.417426009428522e-05 6.986768372203364e-07 2.843543369965779e-06 7.144747540371246e-07 4.339833824697958e-06 1.945552758588421e-07 7.298371459838659e-07 0.0
0.0 4.152817307802744e-06 2.3831614304768244e-07 4.7571752263589754e-05 0.0001831597955689247 0.0008296027215950727 5.746080326115069e-06 0.00018410872234451249 0.0004244350610410099 4.339982594572802e-05 1.026930139253006e-06 0.0008408302615680457 1.0539581393712555e-06 6.771891412353012e-06 0.0 2.3937691132300165e-07 0.0 1.0555423142365107e-07 7.128234778727089e-08 0.00020106550594848073 0.0 6.479253784897472e-06 5.358883366860667e-08 0.00045968720978794723 2.301126998434261e-06 6.237777911200936e-08 6.965806164964456e-06 4.540842314368097e-05 3.20633345560113e-06 3.0306029822692525e-07 0.0 3.351596706649769e-05 6.836433403783671e-08 7.232648411488607e-06 2.5534956304953647e-07 4.516347518299368e-05 0.0 1.0235480383545896e-05 8.097643750702896e-07 0.0006275725974235021 3.159263223923363e-05 1.7461387233240693e-07 8.830299756027175e-08 0.0 0.0 0.0 1.2244314789322624e-06 0.0 0.0 1.0603495401733937e-07 0.0 2.3341541138870647e-07 4.009450321777677e-07 0.0 0.0 6.807157325008124e-08 0.0 0.0 1.8377345474332088e-07 0.0 0.0 0.0 0.0 0.0 0.0 0.0 2.564989107995163e-06 0.0 0.0 0.0 1.2673203254486588e-06 0.0 0.0 0.0 0.0 0.0 0.0 0.0 1.8048477769600665e-06 0.0 1.549062989371251e-07 7.643178623575486e-08 6.422574658699397e-06 0.0 0.0 0.0
1.7608552601237368e-07 0.00011485626580736237 8.59995870729483e-06 6.223905098155523e-07 0.0 1.5021693842756617e-06 2.5456358706006523e-05 1.1457639029160103e-06 1.1204076890852121e-05 3.4067395574489132e-06 1.9685129430083953e-06 0.0 7.431788351728188e-06 2.23554283866535e-06 2.3937691132300165e-07 0.0 7.911402276440646e-06 1.747320051775392e-07 9.158898191596732e-07 0.0 0.0011945471110240038 0.0013308244297273683 0.0029527297384277333 0.0010358699133181015 1.8633381219134117e-05 2.9070157230781352e-06 0.0016049007277877895 0.0014116782352286425 4.761086927243756e-06 8.242260510972897e-05 6.803939671662091e-08 5.3287729445247385e-08 3.3133722343572046e-06 0.00012660593397326983 3.0335358084967673e-05 0.0008639883427481265 0.0001778798702226184 0.0002821937023373594 0.00028438485797930294 6.0962235020021846e-05 1.1458683316270215e-06 1.246250542196849e-06 4.7680732545e-06 9.145042575573426e-07 5.352626037005007e-07 3.753525386686966e-06 1.0998461959117795e-06 0.0 9.844348906085112e-07 2.9448501418132807e-05 3.2648512849339387e-06 2.9524310795592057e-06 1.8337628005538607e-06 8.28082034124153e-08 4.054047877575368e-07 8.49483357859972e-08 3.922337880640157e-06 0.0 0.0015773959046857492 2.3701883261322655e-06 0.0 6.703821653429906e-07 0.0 0.00026924147175057196 0.0006713497816200368 0.0007400805874243492 6.105755889521915e-05 3.135873524540013e-07 4.2165480523433715e-07 0.0002563674099274209 0.00011097060254701942 1.4942875455439116e-05 0.00010965802350198505 1.0630158191409118e-07 1.0250295720940251e-07 5.331186957988844e-06 7.735018916930412e-06 2.148032710220529e-06 0.00029337642930629253 2.8695083884120847e-06 8.386953684441549e-06 4.384653115113649e-06 2.0347009729171407e-05 0.0 0.0 1.3940804969294993e-06
9.297414262609124e-05 7.320619350185738e-06 0.0015690705439585229 4.318634635911886e-07 1.873712322178601e-07 2.5253712255933145e-06 0.00017688979941119957 0.00030569109461576577 4.936717456255554e-07 3.6150597823518536e-06 4.2511019033733716e-05 1.2665714856467356e-06 3.528548060349569e-06 0.0005245008217646846 0.0 7.911402276440646e-06 0.0 0.00021622680409351107 0.002445027567420006 3.450664931844881e-07 0.0006940233255160851 2.2548680992202195e-06 0.0025964259351318646 1.9393287177243014e-05 3.4287333227102853e-06 0.0014713807286138294 0.002511463530754188 7.438705853868942e-05 0.00020440730594650116 0.0005147922778696812 2.2442379492570507e-06 2.0317175286127263e-06 3.0183043657021573e-05 0.0004939667968797477 3.2155050347863145e-06 0.0004451372026351471 0.0002947550187997662 0.0003688382586638963 0.00016054428121374848 8.204836393437346e-06 4.60545924202827e-07 3.0461595812562685e-06 1.8806725741415226e-06 0.0 3.890628990985676e-06 2.994774702306669e-06 0.0 0.0 0.0 4.306723476481002e-07 0.0 1.3449922638252155e-07 0.0 3.17854336821417e-07 0.0 6.812928489289174e-07 0.0 0.0 1.6321521501607968e-06 4.752365585022169e-07 8.871111827619838e-08 1.027513282867088e-06 0.0 1.4042543004606922e-06 7.044850244683514e-07 1.505996877761234e-06 1.8382493143708918e-06 2.3362027811421337e-07 1.2152182673199331e-05 3.528903791037061e-05 1.1656845095652375e-06 0.0 8.786498447037552e-07 1.7436909864173382e-07 0.0 0.0 0.0 5.89866612965254e-07 3.453654473686725e-06 3.115067579811513e-06 2.4880646641032505e-07 0.0 7.694438914625489e-08 0.0 0.0 0.0
1.0230550100162096e-05 5.397356602306185e-07 3.383213910668898e-05 5.313690497881579e-07 5.417842526087013e-06 1.1368997818012984e-05 9.152872285111954e-06 7.227912086652229e-05 1.215230076490326e-07 7.856203283124108e-06 0.001325327541360719 9.323659643119375e-06 1.3245380117753091e-05 0.00014733168094871487 1.0555423142365107e-07 1.747320051775392e-07 0.00021622680409351107 0.0 0.0008214503705665755 4.24592106390307e-06 1.0037737331081339e-05 1.3012132945078464e-07 3.093984187050345e-05 4.422224280353366e-06 3.671005903996348e-05 0.0014646690950238603 0.0001282787461248013 6.618432016549212e-06 0.00013476822843102757 4.445137226857531e-05 6.128256417288865e-06 5.032851272109728e-05 2.057494033138179e-05 0.0007084579875844594 3.753751342392209e-06 0.00030140674866555684 0.0004908379262664822 0.0007031152735571799 0.00019663624455205822 7.319132486603688e-06 4.128253883684878e-06 4.398273628097038e-05 1.8015186844423386e-06 0.0 9.179143571002369e-07 0.0 0.0 0.0 0.0 1.9331718900634105e-07 0.0 0.0 0.0 5.418140318443675e-06 0.0 3.3103180749105155e-05 0.0 0.0 0.0 5.653961227067837e-08 1.4050774988696686e-06 4.750664676112623e-06 0.0 0.0 0.0 0.0 1.1029634482703962e-06 1.1658980710722064e-05 1.0214004594235903e-05 4.257226764320929e-05 8.778541409595419e-07 0.0 0.0 3.852028983042774e-06 0.0 0.0 1.1675366041609617e-07 2.5425075561958557e-07 9.549953257504521e-06 1.2345265941563875e-05 6.336260237555717e-07 3.407142066504996e-07 0.0 0.0 2.4752873178222533e-06 0.0
2.653116126124352e-05 2.606284687440839e-06 8.630371690252644e-05 1.1509616905041466e-06 6.562206620202715e-06 1.3081078484979802e-05 2.5538747906855288e-05 0.0001391085687327112 4.0979822783508793e-07 1.3015933742038574e-05 0.0009018413278491152 1.4592476503058474e-05 4.6474450885477184e-06 0.0003138589420824711 7.128234778727089e-08 9.158898191596732e-07 0.002445027567420006 0.0008214503705665755 0.0 5.94812478579009e-06 3.96413266700981e-05 6.608774864222717e-08 0.00010560755492125664 8.423902831746164e-06 7.849703759131087e-06 0.0015061537189720049 0.0003269804125380098 1.4544885048565733e-05 0.00023878292074071261 0.00011241000608368864 3.533716189245759e-06 6.412463369223432e-05 2.644851318761442e-05 0.0024584849193816267 4.675596152948147e-06 0.0005236315730711829 0.0003403955595309592 0.0012034454073405287 0.0002478198384550735 1.0290703411552184e-05 4.61775111802096e-06 1.1323787982402523e-05 4.135616677616843e-06 0.0 3.944521372664994e-06 7.072995310696809e-08 1.318171491937422e-07 0.0 0.0 5.136724253946827e-07 0.0 1.7006804935972267e-07 0.0 1.42204750793811e-06 0.0 6.316630042531659e-06 0.0 0.0 1.8187595260382945e-07 3.044929171351912e-07 2.6571424858912356e-06 1.1361238229537783e-05 0.0 2.8208450204926166e-07 0.0 7.414469749147842e-08 1.031001879821876e-06 2.9002208546299264e-06 3.575329411266266e-05 6.135333619287384e-05 8.973363757675988e-07 0.0 5.695856546488162e-08 1.1971112898889542e-06 0.0 0.0 6.222400153015541e-08 1.3144495297470536e-07 1.2122864844332803e-05 1.3268351052368941e-05 4.162952257583522e-07 1.449762282242149e-07 1.4185565165654114e-07 0.0 2.2332591029289718e-07 0.0
3.164540713537765e-07 0.0 2.616366873631074e-07 0.0031548667753790176 6.729058447930208e-06 0.0001328095275163976 7.042524853480915e-06 0.00035321292595245305 0.0002426029532982457 0.0034201605937636734 8.23216140422943e-06 0.0032215468069680376 8.869838096030621e-07 0.00018733140955512928 0.00020106550594848073 0.0 3.450664931844881e-07 4.24592106390307e-06 5.94812478579009e-06 0.0 9.463137004216816e-08 8.818781865338582e-08 3.661959270639215e-07 0.00039693803424185246 2.710263066864238e-07 4.496413912264797e-06 3.6316851762625437e-06 0.0010246240482436313 0.00020517760788708422 1.9159771800963625e-06 5.0916214841983724e-08 7.280678883739378e-06 4.008151041502507e-07 5.0934050387871295e-05 1.0171787962034193e-05 0.0005104944008211299 1.028150524280866e-05 0.00019457712955476986 5.25025497272689e-05 0.0006310504769184699 1.3604815730863696e-05 7.052575533739271e-07 5.239786390020611e-06 6.692688926666967e-08 0.0 0.0 3.3157244154757875e-05 4.273851327590767e-07 2.4735465801158234e-06 6.098797725063541e-06 1.0864649050253733e-06 3.4105820288001945e-05 2.1951348855725578e-05 5.122646064025015e-08 1.5151445094760225e-05 0.0 5.098194613914462e-07 1.7718373113513891e-06 0.0 0.0 0.0 0.0 2.043029445054675e-05 0.0 0.0 7.961643611018108e-08 5.3016087345289606e-05 0.0 6.175152774730815e-08 0.0 3.362117538270163e-05 0.0 0.0 0.0 0.0 0.0 7.311230594827646e-07 0.0 4.302622109310322e-05 2.6079400859536154e-07 5.772845392816432e-07 8.954449090423237e-08 4.656310919490752e-05 0.0 6.702779793650656e-07 0.0
5.319554919803281e-05 2.17190986618938e-06 0.0004733561264230812 6.482741879929605e-07 0.0 4.917569938032238e-06 0.0008785655150534671 0.00021677285065766958 4.243616782250811e-06 6.8372883138305345e-06 2.216831543889679e-05 4.273550173997966e-07 2.6500860787128635e-07 0.0002884474488766774 0.0 0.0011945471110240038 0.0006940233255160851 1.0037737331081339e-05 3.96413266700981e-05 9.463137004216816e-08 0.0 7.711123871121631e-05 0.007749837892358906 0.00016812356197310998 5.424292569557345e-07 3.673297489885328e-05 0.00016598956255541839 0.002972974195291304 8.992421009635396e-05 0.006831611984148826 3.2534712872094166e-07 6.45314852021039e-07 2.1417704969042857e-05 0.0029829878852282404 9.580392679032462e-05 0.00249973088353427 0.00031252267230459283 0.0024614936294274905 0.001391189571859341 0.0001934354318959582 3.2208413077718187e-06 1.7426087012937904e-06 9.588370232357396e-06 7.543593013628061e-07 4.757915039369943e-07 1.5657285247519542e-06 1.29519666124982e-06 7.038140485038231e-08 0.0 7.758245354862208e-06 9.261582104265502e-07 2.754642380931912e-06 1.6998939355420407e-06 1.7443044428684657e-07 1.7682014330104163e-07 0.0 2.531115569925303e-06 0.0 0.00028563761397393993 7.249531053102176e-07 0.0 1.3735305162983993e-07 7.315006328567987e-07 0.00019242181915530613 6.493186329618673e-05 8.179186974905231e-05 5.226237347120538e-05 0.0 8.588058553135268e-07 1.2965578322910177e-05 9.423804174387264e-05 1.3255001962700716e-05 9.788115492964155e-05 0.0 0.0 3.1613725407144205e-06 5.8913937681949365e-06 3.528080906124037e-06 6.39983123533761e-05 8.34154524791052e-07 5.705590542350263e-06 2.533942706875402e-06 1.6723075477047093e-05 3.662130047765406e-07 1.059135693716641e-06 0.0
2.852811198991176e-07 0.0010541557822654657 7.350433193830437e-06 8.104285092530576e-08 4.408861774539428e-07 1.2493353012347557e-06 7.98647000557994e-06 1.0288314428394886e-06 0.0010918831705735192 1.4257386183416966e-07 5.461933770286692e-05 2.584376380682604e-07 0.0001744217034848368 2.044714737587069e-06 6.479253784897472e-06 0.0013308244297273683 2.2548680992202195e-06 1.3012132945078464e-07 6.608774864222717e-08 8.818781865338582e-08 7.711123871121631e-05 0.0 0.0001496674697629764 0.003176134923516092 0.00036138429777193105 1.0036371554282667e-05 0.0029722443486046757 0.00011466982260956236 1.0433639780852506e-05 3.8580433502434375e-05 2.638016023734696e-06 2.8655428373976375e-07 6.1780048267923615e-06 3.577343003178838e-05 3.0378934581977444e-06 0.0001773960868798972 2.531886682339322e-05 5.112770667500031e-05 1.94951477680792e-05 2.6484399484898943e-05 2.0781248488242253e-07 9.425960560003793e-06 7.811760043858004e-07 5.136676941565445e-07 1.0499787196578834e-05 3.49603153476829e-05 1.2037221831136268e-07 0.0 4.837415679455221e-07 6.756435753303149e-06 9.95600147719238e-07 1.9414997454943384e-06 1.317240795683824e-07 1.3748467878896652e-07 0.0 2.9680888571023387e-06 9.347991092574265e-07 0.0 0.000553247642655296 1.6798774781222519e-06 1.7107035598813347e-07 2.0008131263489153e-07 0.0 8.945339764869475e-05 0.0001196813731954856 0.00019409615112040768 5.095913351998511e-05 1.0548949574355927e-06 1.722273222657519e-06 0.0005210442690003404 3.4442426689706605e-05 6.620857331501286e-06 3.1685928001319966e-05 4.630810367926715e-07 0.0 9.526615162352661e-07 2.7012588418573045e-06 6.348536607429676e-07 1.3076348485191699e-05 4.869395471577258e-06 3.255365744900019e-06 1.2430368507484943e-06 4.235356871513669e-06 0.0 0.0 0.0
8.700575860865307e-05 5.322038878657786e-06 0.00774648667891669 7.174772635855883e-07 9.965551707651071e-08 6.5234587466685745e-06 0.0007379914881765607 0.00023552539687239169 1.9181436922081554e-06 1.4140923905558382e-05 4.1821714989085405e-05 9.287286221670264e-07 3.817409069528943e-06 0.0003944638542230041 5.358883366860667e-08 0.0029527297384277333 0.0025964259351318646 3.093984187050345e-05 0.00010560755492125664 3.661959270639215e-07 0.007749837892358906 0.0001496674697629764 0.0 0.00021141197414771898 1.419274759656001e-06 0.0010704612307678432 0.004883804326551801 0.0016646600992827082 0.00015764390194080924 0.0018909569222948183 1.5284659966895377e-06 1.4958768087529315e-06 2.0101016317078015e-05 0.0019120310275244396 0.00014091134096075528 0.00485514647874195 0.0030015402079669067 0.0038717470555121518 0.003248516043063892 0.00033137985641276425 8.453446369470727e-06 4.027289105477786e-06 2.9534635764238823e-05 4.631944918832271e-07 3.2300100934694414e-06 7.242908140064159e-05 1.0926039127863755e-07 0.0 4.216653209253645e-07 1.8709966054752463e-05 2.1966151575113518e-06 1.102400986338159e-06 1.735281297023099e-06 4.6888084357800145e-07 4.1019005252121836e-07 2.7763203257622544e-07 1.6739439089494532e-06 0.0 0.000975803500455481 1.7119129795448377e-06 0.0 3.8179962861219435e-07 3.8597012863455044e-07 0.00010320662739123987 0.00032112868292783983 0.0006112898478424601 2.4863930464947243e-05 3.1118979135625645e-07 5.47474141623955e-06 0.0007629208837633253 3.21431787621537e-05 3.2827625429740866e-06 4.558174584466897e-05 0.0 9.116569285056935e-08 1.2812554221585694e-06 3.0007809474113918e-06 6.431406683094578e-06 0.0002125466169256908 8.053724576285948e-06 7.686974909224442e-06 6.706652645310555e-06 1.1999862921581794e-05 0.0 1.2186006516812257e-07 1.2810633626889969e-07
6.6226732382964326e-06 0.0005902670849723567 5.219158115626563e-05 0.0007377836104458475 1.8329329866397306e-05 0.00023926568706882594 0.0005864182037190747 0.0003473301295474699 0.005998226853809856 0.0007369929045183 2.978351758075915e-05 0.0003511399061054659 6.332416093403199e-05 0.00033520894627568203 0.00045968720978794723 0.0010358699133181015 1.9393287177243014e-05 4.422224280353366e-06 8.423902831746164e-06 0.00039693803424185246 0.00016812356197310998 0.003176134923516092 0.00021141197414771898 0.0 0.00015629269420830056 2.675716056381762e-05 0.0016326185270973863 0.0055465569088501655 0.0005614147002109386 0.00043476761997198436 1.0407882607754674e-06 9.68356371874571e-06 0.00013237383294300924 0.00037132105398763433 6.738960282202498e-05 0.002002925083508212 8.087875415925799e-05 0.0007387959679849071 0.0003015635235320267 0.0010717403889884717 3.16966692366405e-05 1.8184544566259634e-05 2.4666533772027365e-05 7.970424990594613e-06 1.310848115390328e-06 5.862428404227355e-06 0.00028865663867023723 3.282273542770716e-07 5.911918135548407e-05 0.0004524373024368483 7.38542857387739e-05 0.0005012557628850147 0.00021125580417621632 2.8435008587625765e-06 4.648714324226473e-05 1.1170639902068214e-06 5.8654308364303586e-05 8.35074346190936e-06 0.0003800425984470241 5.969395013088278e-07 4.0990091627328885e-07 5.768295505093069e-07 0.00015055325206848302 0.00023332934543161924 0.00011188156991608001 4.7658969149894766e-05 0.0021964376786110236 7.71349543673998e-07 2.923519688733477e-06 4.533399080336717e-05 0.0013086694872400364 5.798210966270507e-05 0.00016170727404788275 1.3594810840762276e-07 2.845120188784259e-06 4.142890750548417e-06 2.978832091062428e-05 9.254069070894984e-06 0.00038348865327276946 1.2384078690658196e-05 9.906251695629822e-05 2.1209029382900416e-05 0.00023492796312126222 5.059353901145684e-06 2.505334267512967e-06 3.523809815864741e-06
