0.0 0.0 6.802840222832457e-05 3.0886607655405655e-06 2.444225473817848e-07 9.55608423946001e-06 0.0005577931564315406 0.0005205083008793208 9.279303851199895e-07 7.423157904683376e-06 7.341192971016163e-07 1.9895000533740314e-06 0.0 0.0026967699546739964 0.0 2.233530747562319e-06 9.216673174277096e-05 5.414927730824683e-07 8.579686885056988e-06 4.268077856673484e-06 3.016611679531235e-05 0.0 6.369250457491877e-05 5.714055295360567e-05 3.2503622106031675e-07 5.387554296061585e-05 8.47951767415941e-05 0.00013834246343558105 0.0018717808073754104 0.0009091028897398837 4.412450266728994e-08 1.3488376660672348e-05 4.359088620051823e-05 0.00019147498264810537 1.183495630654048e-06 3.926937437049829e-05 3.3805576592830815e-06 2.7259500889604978e-05 6.0606566210218945e-06 3.951285118648092e-07 1.226624225915272e-06 2.039216326038257e-07 6.353638331717951e-08 0.0 0.0 0.0 0.0 0.0 0.0 4.3590941525245546e-07 7.593261495416395e-07 0.0 4.432776677480479e-07 0.0 7.850900763924607e-08 0.0 2.6586664848518656e-07 0.0 0.0 0.0 0.0 0.0 3.8448494619472134e-07 0.0 0.0 0.0 4.757504889260129e-07 0.0 4.904545385440285e-08 5.460887603019708e-08 0.0 0.0 0.0 0.0 0.0 0.0 0.0 0.0 2.9534605607071555e-07 0.0 2.546603949229572e-07 0.0 9.173625988516067e-08 0.0 0.0 0.0
0.0 0.0 1.5088604247194718e-07 1.5779327807560335e-06 0.0 0.0 3.1260989472418583e-07 9.207971043332833e-08 0.0001909855121175294 9.008295721161551e-08 3.125196802110664e-05 0.0 0.00010334718764533282 4.0662584079220045e-08 0.0 0.00019932958464615407 2.109814718142663e-06 7.098741134664663e-06 9.440233652888598e-06 2.602205663685748e-07 1.2042306052215684e-06 0.0014740653135745646 1.0535316578498659e-05 0.0004259747375738528 0.000419819507418259 5.0591182035570513e-05 0.0042588148889461655 7.79757819040102e-06 8.646644459363553e-08 5.532280076844804e-08 1.836724908777816e-05 0.0 0.0 1.2802305217146804e-06 0.0 3.6580972773859624e-06 1.1180060845373954e-05 4.682177562342e-06 1.6317668665393527e-06 3.1421326182021566e-06 0.0 1.1916728060633733e-06 0.0 0.0 6.99367820575378e-05 7.595016578140201e-07 0.0 0.0 0.0 0.0 0.0 1.3238761466490713e-05 0.0 9.528802013902306e-08 0.0 4.246357614869438e-06 0.0 0.0 1.164689076467355e-05 2.8401164169234315e-06 1.1055967632589467e-06 2.3391941481318575e-06 0.0 0.0 2.314560513664889e-05 8.780187456492914e-06 1.4540244623378531e-05 5.644175111584385e-06 2.8217874972990235e-05 0.0001367459489410779 2.243207278126313e-07 0.0 0.0 7.023750393334171e-07 0.0 0.0 1.349277479474415e-06 6.238980093242469e-07 2.09098681143614e-05 2.748642970783763e-05 8.159566120872407e-06 6.0301483054068616e-06 8.444645072830362e-07 0.0 1.1089517245156297e-06 0.0
6.802840222832457e-05 1.5088604247194718e-07 0.0 1.326225315891236e-06 1.582211281725904e-07 2.8313779245369275e-06 0.00048216743791522587 0.00012893900500238062 6.847765468361227e-07 5.45299645551591e-06 1.90468049801256e-05 5.989475050000943e-07 2.4556469298720582e-06 0.00010320510270036401 4.07925925148469e-08 1.6196123505781566e-05 0.002104146823283837 2.795653760684518e-05 0.00011268485496851337 9.89739560984272e-07 0.001003472555069965 1.8038168812978028e-07 0.008659519634745066 1.3631203950900588e-05 5.299318290272353e-06 0.00585750766264472 0.0031501497508437024 0.0007379315482179846 0.00019139947607665233 0.000240215568507307 1.8871217649052564e-06 3.0375476421758597e-06 8.081891091694983e-06 0.0006311783947623184 2.1594917146124936e-05 0.0008995198449361748 0.0001806800784063828 0.0016803249386442617 0.0004679688317396916 3.815401401318949e-05 1.8956535378553965e-05 3.605019453726086e-06 7.513042645247112e-06 0.0 2.9335172583734213e-06 0.0 0.0 0.0 0.0 0.0 0.0 5.196540613770644e-07 0.0 0.0 0.0 1.5313531407549658e-07 1.1790670456529228e-07 0.0 1.6036913797327957e-06 0.0 8.450981919530933e-08 5.0544938830564146e-08 0.0 0.0 0.0 1.088547815525876e-06 5.8929930096651696e-06 1.4926382944946842e-07 1.4807026362794166e-06 9.321261228111336e-06 0.0 0.0 0.0 0.0 0.0 0.0 0.0 3.28450271452178e-05 1.0327936906372969e-06 2.033692795410733e-06 2.2042640083532344e-06 1.5833149721280503e-06 8.543265994958031e-07 0.0 0.0 0.0
3.0886607655405655e-06 1.5779327807560335e-06 1.326225315891236e-06 0.0 2.053388642400845e-06 0.00010795530473600366 0.0002703265670174376 5.506446564635335e-05 0.0010362973698292452 0.002860356242441061 5.816086321202865e-07 0.0014529959612519926 6.33409033063656e-08 1.17694581075617e-05 8.19408324109556e-06 2.6104955293435765e-06 9.174294075881686e-07 7.795570843745502e-08 0.0 0.003657088357026585 2.641713823123484e-07 1.3865551171671451e-05 1.092634575343921e-06 0.002167028168860687 2.2566102619375757e-06 2.652993830872132e-07 2.5701086497647853e-06 0.004358412774252618 8.747824377057716e-05 1.4959726245197506e-06 0.0 6.4610184501637775e-06 3.0675362641806964e-06 2.365766477571868e-05 1.2112427251670163e-05 0.0001784887320831369 2.320367772799662e-06 5.867378324563758e-05 2.5919900737798517e-05 5.7196025199683634e-05 2.2875590094293803e-05 4.019396587924453e-07 1.415087426592854e-06 8.427958129733192e-07 0.0 0.0 6.191844839582039e-05 0.0 8.577766627851618e-07 1.0961654909396334e-05 2.33709325574372e-05 6.233203252841289e-05 3.042078443946745e-05 1.4152233808528454e-06 2.5974771931136822e-05 0.0 1.432866734465149e-05 5.662209569579816e-05 6.551085397788917e-08 0.0 0.0 0.0 6.171612685465669e-05 2.2999674157259475e-07 1.4907229601203183e-07 3.900387667729172e-07 6.818062114027256e-05 0.0 0.0 0.0 5.242904833698909e-05 7.767719247085222e-06 3.14562762049942e-06 0.0 9.469647448691727e-07 1.131524171719067e-06 5.202248532460649e-06 2.7533896464833895e-07 2.1375173794322613e-05 1.6696282974639323e-07 1.4877591016889054e-05 3.8168867121248975e-06 6.628999222697117e-05 2.3064233606638994e-06 0.0 0.0
2.444225473817848e-07 0.0 1.582211281725904e-07 2.053388642400845e-06 0.0 0.0007923994467506486 1.5389103146795622e-06 0.00015731826508699867 2.484425807181665e-05 5.337113886121565e-06 8.731826104783464e-07 0.0002972413890606112 0.0 6.917839054485054e-06 0.0007318455065074024 0.0 0.0 0.0 0.0 1.3247805231520817e-05 1.0856468763791036e-07 0.0 2.7580959352359314e-07 1.554610578082367e-06 0.0 8.634546913746914e-08 2.7906158816157376e-07 1.5958454880013445e-06 1.1901554062405082e-05 3.3099869892602224e-07 0.0 0.00031472262010250865 5.292826930031199e-08 7.721378328037748e-06 3.6672058337266325e-07 2.7682990373528032e-06 2.5702430929026027e-07 2.2230761131876688e-05 9.032432377144538e-06 0.0012283095249079963 4.910295023565176e-07 0.0 1.2350692334497104e-07 0.0 0.0 0.0 0.0 0.0 0.0 0.0 0.0 0.0 0.0 0.0 2.2800165525884797e-07 0.0 0.0 0.0 0.0 0.0 0.0 0.0 0.0 0.0 0.0 0.0 0.0 0.0 0.0 0.0 0.0 0.0 0.0 0.0 0.0 0.0 0.0 0.0 0.0 0.0 0.0 0.0 0.0 0.0 0.0 0.0
9.55608423946001e-06 0.0 2.8313779245369275e-06 0.00010795530473600366 0.0007923994467506486 0.0 0.00018515292858993737 0.0022446299295917904 3.4707726989584903e-05 0.002170740762282312 5.76610869710244e-06 0.00122716063694546 5.299515021762356e-07 0.00010886766656941449 0.00199043674793023 2.927266893558414e-07 2.152899013117726e-06 1.4226100887718362e-07 2.4917372061720395e-07 0.0003544466043393401 5.79706879670485e-07 0.0 1.6442311474870828e-06 0.00012689189977734683 1.7517187892860045e-06 1.5572195824456952e-06 2.4125070063873833e-06 0.00023101221402270738 0.00015923889984442412 6.723296998762872e-06 5.892291173904317e-08 0.00030087830531755225 1.0415377497694065e-06 0.00010039489422138772 6.840394671364378e-07 5.3761908699549576e-05 2.4320869149952452e-06 8.73596068253084e-05 1.1443849389297255e-05 0.0017637528864811738 2.165481347499465e-05 0.0 7.624226310135424e-07 0.0 0.0 0.0 1.6133227635744954e-06 0.0 0.0 6.733130857397411e-07 6.976616882916743e-07 2.652676946994226e-06 1.012363459041687e-06 0.0 4.198319731584003e-06 0.0 7.735021580274795e-08 1.156991150080398e-06 0.0 0.0 0.0 0.0 3.291572174024113e-06 0.0 0.0 0.0 1.8526847653145217e-06 0.0 0.0 0.0 3.8004123750898555e-06 5.308830804362497e-07 0.0 0.0 0.0 0.0 0.0 0.0 4.5868444629878596e-07 0.0 3.407376009279578e-07 0.0 4.472476848098744e-06 0.0 0.0 0.0
0.0005577931564315406 3.1260989472418583e-07 0.00048216743791522587 0.0002703265670174376 1.5389103146795622e-06 0.00018515292858993737 0.0 0.0035251816010537155 8.198770148018537e-05 0.002574411207402424 4.347721595033776e-06 2.7179963784022342e-05 3.9730603891864543e-07 0.0039723566366164555 3.3792459766746577e-07 1.9616964491231588e-05 0.0003197614431007661 1.6751996673115083e-06 2.1291087535922172e-05 8.965571554122892e-05 0.00013387938022922438 1.48930586505627e-06 0.00030482012371274716 0.0014809399199948443 7.117578108623523e-06 0.00024056424973737533 0.0002767807073016264 0.011053014905354026 0.0007559832981921758 0.002032759261327617 4.368387424077866e-07 3.66331881803615e-05 1.765617540606363e-05 0.00017737893730823353 2.4536397016137437e-05 0.0004949535155106988 1.2759382840730262e-05 0.00027143920280588667 8.194566247930857e-05 4.705840181375908e-05 5.7690806335464136e-05 9.969404268400661e-07 5.293819926839398e-06 3.340827954275232e-07 1.364559213963406e-07 0.0 2.0068960300548948e-05 0.0 1.4284378275067218e-07 1.1903831385836768e-05 1.496000002314698e-05 1.4585129729399984e-05 1.159597841544013e-05 0.0 3.816519088814793e-06 0.0 1.4073718948536312e-05 1.0581383179539247e-05 3.9311917115116645e-07 0.0 0.0 4.111114330071898e-08 1.644017461310136e-05 1.5476489368875593e-06 1.3937592041538152e-06 1.2373023500667109e-06 4.30044340375562e-05 0.0 9.547409068804772e-08 7.451877425529391e-07 2.7671016319308087e-05 6.696686983701395e-06 6.653704312990799e-06 0.0 6.046319285963534e-07 2.634316729485078e-06 4.68429918826109e-06 1.5691327633677206e-06 1.3623000805999866e-05 0.0 1.279308397315406e-05 5.4315510302332824e-06 1.710045997703657e-05 4.6026553291095655e-06 0.0 0.0
0.0005205083008793208 9.207971043332833e-08 0.00012893900500238062 5.506446564635335e-05 0.00015731826508699867 0.0022446299295917904 0.0035251816010537155 0.0 9.556963499658473e-06 0.0012943612421960928 7.825524995547605e-06 0.0008226870635276937 1.057364126963057e-06 0.0035378798855224113 0.0003869953920592889 5.393256333059041e-06 0.00011725125493511998 9.211547573527495e-07 9.304257053214663e-06 0.00026219177035183565 3.358965996320385e-05 2.6292557891859806e-07 8.734850585178387e-05 0.00033343568665429466 3.6895726696499674e-06 8.341618942657753e-05 0.00010631961480416287 0.0005507515198742635 0.0006243888684436835 0.0005226955183935672 1.1769607698271278e-07 0.00011334786162721017 1.4436635294816156e-05 0.00026765397992971167 8.878531957505516e-06 0.0002836765158305541 6.739069281936953e-06 0.0004178706879188552 0.00010457890949650461 0.0011412860221312487 2.6757441932384247e-05 2.3859373372494e-07 6.602435281802677e-06 0.0 3.943461296570396e-08 0.0 1.8221737130624225e-06 0.0 0.0 6.055373452291633e-07 1.229560544015229e-06 8.019894593802488e-07 1.0794525736774947e-06 0.0 8.106157340684817e-07 0.0 1.0309691793792082e-06 5.712020893386692e-07 0.0 0.0 0.0 0.0 1.6715227669279943e-06 0.0 6.762814385912306e-08 2.8145413855373153e-07 3.5948981910781976e-06 0.0 0.0 9.650105658802151e-08 1.73054420798712e-06 9.713247924839e-07 0.0 0.0 0.0 0.0 6.239017689546749e-07 0.0 2.685829295407743e-06 0.0 2.0853959185132094e-06 8.864530361598664e-08 3.9273718958397215e-06 5.428130316986988e-07 0.0 0.0
9.279303851199895e-07 0.0001909855121175294 6.847765468361227e-07 0.0010362973698292452 2.484425807181665e-05 3.4707726989584903e-05 8.198770148018537e-05 9.556963499658473e-06 0.0 0.00010495362442767842 1.5783824824066682e-07 0.00021302392004636473 1.70502226839865e-06 2.305115559718106e-06 9.551451266097238e-05 2.7981982897227945e-05 3.7761337515153347e-07 2.533102150490943e-07 9.189641546781706e-07 0.00029793942900199684 3.2036612342421846e-06 0.0020459305055749253 1.3759926291735222e-06 0.006484469688811428 6.793534367162575e-05 2.436977223117226e-06 0.0002151291218485653 0.0009233952322831123 1.3890792026956838e-05 1.485857349239104e-06 1.740855222921566e-07 2.997268755903967e-06 5.309447404524118e-07 3.1714557259033618e-06 2.0810634533452627e-06 5.7125445138373996e-05 7.409198973311873e-07 1.136851378496075e-05 4.016309126449862e-06 0.00024679277183698226 2.2725083888737985e-06 0.0 1.0176021041928205e-06 3.4665299928898675e-06 3.7974660004977895e-05 0.0 0.0002487928724747266 2.5678110378302226e-06 2.777645270882267e-06 5.8445787198667214e-05 8.76337701472905e-05 0.00024814847896475307 0.00010345372294781866 6.73428362032379e-07 0.00013009441886286784 3.3099496525989283e-07 7.573150930552212e-05 0.000342763953450001 1.5592108078682498e-06 6.859728570840046e-07 0.0 2.9836758380560574e-07 0.00032863880811104886 2.407786258116987e-06 2.3017662212899137e-05 1.5585281804954532e-06 0.0006228422399037285 2.3043654563262758e-07 3.129654186711725e-07 1.9739405268550096e-06 0.00020676941063346816 4.667846148701564e-05 3.024977334457202e-05 0.0 8.972021155463426e-07 8.764717600275317e-06 2.422680105718725e-05 2.0900907310457974e-06 0.00013921032854214072 1.1602120524708821e-06 6.809326684389407e-05 1.7591157463521997e-05 0.00038266532182266067 1.8197725471967248e-05 4.5505466644354035e-06 1.861466140336486e-07
7.423157904683376e-06 9.008295721161551e-08 5.45299645551591e-06 0.002860356242441061 5.337113886121565e-06 0.002170740762282312 0.002574411207402424 0.0012943612421960928 0.00010495362442767842 0.0 5.581846229127756e-06 0.0017923876007620207 2.652282175413574e-07 0.0001575434020492715 1.3046126649474614e-05 6.680091507635105e-07 2.8512165803618448e-06 1.179453082843549e-07 1.8938031163045142e-07 0.005895815587027068 8.837400733416311e-07 1.0007010127541897e-06 3.384509874702546e-06 0.0005821778027317504 6.0523198326837525e-06 2.319244567630737e-06 3.227006173852079e-06 0.005996934004011617 0.00040202254528215334 6.252948615825853e-06 5.4194132711110746e-08 5.0266040674679705e-05 5.219556702557438e-06 0.00013755458734841284 1.2737741052650674e-05 0.0002818770203510367 3.9901498671895404e-06 0.00019093440804791558 4.091670781546014e-05 0.00012341364580278192 6.947365564423842e-05 7.370676003217768e-07 6.275992382554885e-06 0.0 0.0 0.0 1.5817487048989116e-05 0.0 1.0449353547900042e-06 4.999968975567681e-06 3.7530682734398673e-06 1.2507110512165107e-05 7.047319931915687e-06 4.387390875926073e-07 1.0747034718738122e-05 0.0 3.79671882899455e-06 1.3166818154879326e-05 0.0 0.0 0.0 0.0 1.783266934553078e-05 1.6572927630869206e-07 0.0 0.0 2.30195448634145e-05 0.0 0.0 0.0 1.447670428829512e-05 2.2893556407429865e-06 1.429261882413641e-06 0.0 0.0 0.0 1.6902684607989203e-07 4.0856998515222067e-07 5.975032424519162e-06 0.0 4.034026369262938e-06 5.785843262054529e-07 2.3303079739309994e-05 0.0 2.30415971522468e-07 0.0
7.341192971016163e-07 3.125196802110664e-05 1.90468049801256e-05 5.816086321202865e-07 8.731826104783464e-07 5.76610869710244e-06 4.347721595033776e-06 7.825524995547605e-06 1.5783824824066682e-07 5.581846229127756e-06 0.0 1.0658349212002282e-05 0.001342844739364929 8.709932488972378e-07 0.0 1.1256051331633832e-05 0.00012345723394016292 0.001473852225402149 0.0005316647292720215 3.2084426792532662e-06 3.2108139103598963e-06 7.802534219355455e-06 2.4945347801481276e-05 7.348066634781817e-06 0.0005242629974180612 0.0005556619749158005 0.0009402629607275726 4.43863837232499e-06 3.159883845685586e-05 2.7494882016532813e-06 0.0002402297759403833 2.073115086758924e-05 7.910056731207311e-07 0.0030636171646194208 1.6648087420554605e-05 0.0005826178013578507 0.0021322478118505303 0.0047006397082821815 0.0011053450921752574 0.00010651150935825625 0.0001172592085812868 0.00013423592688656248 5.963988852865837e-06 0.0 3.195838819429469e-06 0.0 0.0 0.0 0.0 0.0 0.0 1.1966790447783151e-07 0.0 3.3308454811887355e-06 0.0 0.00010715172146335068 0.0 0.0 7.101378764667129e-07 0.0 1.1115244333860356e-06 3.9212625483229205e-07 0.0 0.0 4.993544873245454e-07 5.0794455739490105e-08 0.0 1.062765756247529e-05 1.8145556492227587e-05 5.9636534252859166e-05 7.276510035432817e-07 0.0 0.0 1.0665723114329237e-05 0.0 0.0 0.0 3.5620737302123066e-06 2.5530247696644646e-06 1.832253066216759e-05 4.610448658715061e-07 2.305873618571007e-07 7.918758977433059e-08 0.0 4.942291555650806e-06 0.0
1.9895000533740314e-06 0.0 5.989475050000943e-07 0.0014529959612519926 0.0002972413890606112 0.00122716063694546 2.7179963784022342e-05 0.0008226870635276937 0.00021302392004636473 0.0017923876007620207 1.0658349212002282e-05 0.0 5.692607802800491e-07 8.326868043319102e-05 0.0016911640005294814 0.0 2.944063665638389e-07 2.010565761176297e-07 4.5854171535687674e-07 0.004138810925197802 5.8729903529449825e-08 2.3608302240657707e-07 3.172219071087445e-07 0.0011412271934283704 7.78082459175665e-06 3.736517424809901e-07 8.946443673047524e-07 0.0006782223708507576 0.00040290202060002474 1.6695445989511736e-06 2.0226899980918274e-07 0.0001023227243921662 4.38719980465315e-06 0.0001989827778930399 1.1801097142413653e-05 0.0003465325098507354 5.6018056916409e-06 0.00021096456555593228 2.7605012361758133e-05 0.0019865869485201663 7.965741944251144e-05 9.397803715358086e-07 7.327397697811187e-06 0.0 0.0 0.0 1.72837742859502e-05 0.0 3.7469605253238556e-06 1.2149013918622407e-06 7.318480217936302e-06 2.6514094654883433e-05 1.3798287177099293e-05 8.115633271078327e-08 0.00012792363127891676 0.0 3.4768622673919536e-06 2.856312815489799e-05 0.0 0.0 0.0 0.0 3.6952422671124766e-05 0.0 1.3837565308430579e-06 0.0 1.590763206606709e-05 0.0 0.0 0.0 1.1109998226569826e-05 3.826055095402253e-06 1.012177424842681e-06 0.0 5.711706881160204e-08 6.001094670774437e-07 2.7808282082754326e-06 2.2219573692045176e-07 9.534229964754063e-06 0.0 4.76559101306735e-06 3.384287983807262e-07 3.5075255244392115e-05 4.953539082061988e-07 0.0 0.0
0.0 0.00010334718764533282 2.4556469298720582e-06 6.33409033063656e-08 0.0 5.299515021762356e-07 3.9730603891864543e-07 1.057364126963057e-06 1.70502226839865e-06 2.652282175413574e-07 0.001342844739364929 5.692607802800491e-07 0.0 1.0671445614569301e-07 0.0 1.7320803389742346e-06 6.680389370067904e-06 0.00017904724024769302 1.5160421310000901e-05 1.028043522220231e-07 4.3435870790814336e-07 1.4137970289970827e-05 3.7288795278811573e-06 3.7672781185995582e-06 0.001268894087350232 0.00011158901922624225 0.0010945264384441891 2.8749574002279403e-07 2.429563621377812e-06 7.406195215542903e-07 0.00017532286707827284 2.945685650175041e-06 0.0 0.0001826151988329041 1.1109795964684234e-05 0.0007124101053135627 0.004321643163870695 0.001575485037665015 0.0005815396150422415 2.0515372134351792e-05 4.2731946674694556e-05 0.0008558162364627871 7.746285739415615e-06 0.0 2.653378829490817e-05 1.336493157390077e-07 0.0 0.0 0.0 0.0 0.0 3.9341210556010343e-07 0.0 4.6566907882801796e-05 0.0 0.0012904962676505646 0.0 0.0 5.058268780491891e-07 8.063794977837674e-07 1.6980407027204323e-05 7.904135822183557e-06 0.0 1.1924259888210099e-07 2.4244248608831445e-06 4.361210865998361e-07 6.051504667952652e-07 0.00015701912880417064 0.0001797579377274932 0.000656144178730834 1.1064482260794003e-07 0.0 0.0 0.00013167657811733236 0.0 0.0 9.810095485376702e-07 1.7906166267295052e-06 9.044920436196864e-06 0.00029033376684335703 1.292042047215079e-05 2.120746051326279e-06 1.5434621625915546e-07 0.0 6.22519443877153e-05 0.0
0.0026967699546739964 4.0662584079220045e-08 0.00010320510270036401 1.17694581075617e-05 6.917839054485054e-06 0.00010886766656941449 0.0039723566366164555 0.0035378798855224113 2.305115559718106e-06 0.0001575434020492715 8.709932488972378e-07 8.326868043319102e-05 1.0671445614569301e-07 0.0 1.345719887639101e-06 3.4895338421063322e-06 0.0001109764063318442 5.326345099832501e-07 7.872557964411814e-06 4.5198510652193175e-05 2.80259693892628e-05 0.0 8.59563233712015e-05 0.00014402282445516977 5.989790464299552e-07 6.825706630813553e-05 9.669243591176766e-05 0.0002779451775457928 0.0013311062161612147 0.0008707147084566876 9.693192373649839e-08 9.389674068116519e-05 3.1252816222811196e-06 7.168362995480429e-05 3.815735740735118e-06 8.131194977559858e-05 2.161986348837203e-06 4.045516696138301e-05 9.980847508501342e-06 1.700167775430068e-05 5.230592422606887e-06 0.0 9.974485948981423e-07 0.0 5.011158949514729e-08 0.0 9.551287096434031e-08 0.0 0.0 0.0 0.0 3.9539083436577286e-07 2.20325123453884e-07 0.0 0.0 0.0 0.0 0.0 7.170315742851122e-08 0.0 0.0 0.0 2.632573922681621e-07 0.0 4.628291999740404e-08 6.833072219891402e-08 8.99680631134521e-07 0.0 5.216298717955786e-08 0.0 8.315089454569971e-07 0.0 5.722184098762435e-07 0.0 0.0 0.0 0.0 2.9468996421102256e-07 1.055816805363274e-07 0.0 9.760647621245014e-08 1.0318835381164342e-07 8.237497744826542e-08 0.0 0.0 0.0
0.0 0.0 4.07925925148469e-08 8.19408324109556e-06 0.0007318455065074024 0.00199043674793023 3.3792459766746577e-07 0.0003869953920592889 9.551451266097238e-05 1.3046126649474614e-05 0.0 0.0016911640005294814 0.0 1.345719887639101e-06 0.0 0.0 6.323932058477538e-08 0.0 0.0 0.00010486765066863164 0.0 0.0 0.0 3.0117793751328953e-05 0.0 4.394172439131958e-08 3.947860946957234e-08 4.351608728342531e-06 5.303472188573551e-07 6.277163606097522e-08 0.0 0.00017810903892612976 0.0 2.833923111250886e-07 0.0 0.0 0.0 6.82135453196234e-08 0.0 0.0005207634769537735 9.389466163669566e-08 0.0 0.0 0.0 0.0 0.0 1.2232682520509465e-06 0.0 0.0 0.0 0.0 0.0 0.0 0.0 1.989495743300475e-06 0.0 0.0 0.0 0.0 0.0 0.0 0.0 0.0 0.0 0.0 0.0 0.0 0.0 0.0 0.0 0.0 0.0 0.0 0.0 0.0 0.0 0.0 0.0 0.0 0.0 0.0 0.0 0.0 0.0 0.0 0.0
2.233530747562319e-06 0.00019932958464615407 1.6196123505781566e-05 2.6104955293435765e-06 0.0 2.927266893558414e-07 1.9616964491231588e-05 5.393256333059041e-06 2.7981982897227945e-05 6.680091507635105e-07 1.1256051331633832e-05 0.0 1.7320803389742346e-06 3.4895338421063322e-06 0.0 0.0 6.1671749854379e-05 1.9003571714987693e-05 4.876750094438517e-05 0.0 0.0004886019574230009 0.002065244004449455 0.0022571708577096266 0.0018841486914067574 3.823836409223092e-05 2.2145481590665576e-05 0.0035313857428405726 0.0010544508397048017 2.134543759722814e-05 4.452803072060602e-05 1.5552733843096612e-06 5.186983363194123e-07 1.2952050502584013e-05 0.00014299629762706278 7.489574912680159e-05 0.0025759383554718423 0.0005934168664485172 0.0008187526085815996 0.0005551568123888544 3.76977158235369e-05 1.1570877663509644e-05 2.5429747945946356e-06 9.170479868498225e-06 1.043958847907804e-06 1.4294702479865323e-05 5.021793562694682e-07 0.0 0.0 0.0 6.435549233679913e-06 2.3850720821935644e-06 0.00021815565049429635 0.0 1.1360043425885226e-06 0.0 8.899244628740595e-08 1.6466451573719805e-06 0.0 0.0006910424670908683 2.4435601646321744e-07 0.0 2.550511887730744e-07 0.0 1.3971386876518933e-05 0.00027528119761524215 9.58752345826329e-05 0.0014790309436384687 0.0 1.6234760038524602e-06 7.259137889304438e-05 0.00011529272222279128 8.325094236181764e-06 3.339937833729976e-05 0.0 0.0 4.655807966299241e-06 1.1957406316763547e-05 1.9926096021581015e-05 0.0001481027618837464 2.557362110927676e-06 7.010129999026973e-05 2.7246573839175155e-05 1.0093061763905698e-05 2.9031924324561388e-06 1.4545459370989293e-06 1.3136544618837369e-06
9.216673174277096e-05 2.109814718142663e-06 0.002104146823283837 9.174294075881686e-07 0.0 2.152899013117726e-06 0.0003197614431007661 0.00011725125493511998 3.7761337515153347e-07 2.8512165803618448e-06 0.00012345723394016292 2.944063665638389e-07 6.680389370067904e-06 0.0001109764063318442 6.323932058477538e-08 6.1671749854379e-05 0.0 0.0002667206415213391 0.0019985911973810326 6.398523463703699e-07 0.000705774098692268 9.31003720458319e-06 0.002401520710377226 1.3793858916651895e-05 5.329816292868008e-06 0.002483174511406656 0.0041054643554863145 0.000209584648924146 0.0002497438253773936 0.0009119744587264532 4.602767201482665e-05 3.345464466571889e-06 1.2140322011380336e-05 0.0009201315726413608 3.305340890944546e-06 0.00012109092569049926 0.00011459678882206728 0.0010052385308659628 0.00019554185090027846 4.2514684845146186e-06 3.4518918822044127e-06 4.709658825019415e-06 3.3736148915368793e-07 0.0 9.02820415863521e-06 0.0 0.0 0.0 0.0 0.0 0.0 2.4681904071231814e-06 0.0 0.0 0.0 9.58223965600415e-08 0.0 0.0 2.8180130926659335e-06 1.2366467203715319e-07 2.72739024421629e-07 1.8874514699537794e-07 0.0 1.3738712577045584e-07 3.994631980188525e-06 4.602154041590601e-06 1.7064973053913097e-06 2.759732464972622e-07 6.8127768157052274e-06 2.9219540902163757e-05 0.0 0.0 0.0 7.872207067302822e-08 0.0 0.0 5.163761413869961e-07 1.924359284121748e-06 8.439578399614149e-06 2.715180574372859e-06 2.4483370814695917e-06 7.947171190034463e-07 9.428930962728752e-07 0.0 0.0 0.0
5.414927730824683e-07 7.098741134664663e-06 2.795653760684518e-05 7.795570843745502e-08 0.0 1.4226100887718362e-07 1.6751996673115083e-06 9.211547573527495e-07 2.533102150490943e-07 1.179453082843549e-07 0.001473852225402149 2.010565761176297e-07 0.00017904724024769302 5.326345099832501e-07 0.0 1.9003571714987693e-05 0.0002667206415213391 0.0 0.0009250038694618662 1.2806069261505491e-07 2.578849281609489e-06 5.94902331679727e-06 2.989512249905226e-05 3.08780190289503e-06 2.0425620595832406e-05 0.002162100383553435 0.0007499950779110407 2.474837854341411e-06 3.4588374696734358e-06 3.243485444103843e-06 0.0002498990000313333 4.709639886660063e-07 2.7012529195953704e-07 0.0005794148994573085 3.1567073604206054e-06 0.00015454540164020625 0.000905798120774929 0.001072826878629367 0.00017056869130021375 4.827532009675298e-06 1.8091158415144338e-06 4.735857414999159e-06 4.6450769321002475e-07 0.0 8.70327154551177e-06 4.984439505320644e-07 0.0 0.0 0.0 0.0 0.0 1.0166156997200187e-07 0.0 1.777676093039458e-06 0.0 2.6543816324952872e-05 0.0 0.0 6.892581768991556e-07 9.996353185065201e-07 3.4949478345511943e-06 3.0295913372648867e-06 0.0 0.0 7.191879092784839e-07 2.5239749206267664e-07 7.333129134962808e-07 3.732851774756942e-06 6.385147059544847e-05 7.792609228110196e-05 0.0 0.0 0.0 4.17136871181128e-06 0.0 0.0 4.1916321124030796e-07 8.22118598584321e-07 3.1353423569562623e-06 4.97058604612265e-06 3.2819471254712553e-06 1.4664966026787502e-06 0.0 0.0 0.0 0.0
8.579686885056988e-06 9.440233652888598e-06 0.00011268485496851337 0.0 0.0 2.4917372061720395e-07 2.1291087535922172e-05 9.304257053214663e-06 9.189641546781706e-07 1.8938031163045142e-07 0.0005316647292720215 4.5854171535687674e-07 1.5160421310000901e-05 7.872557964411814e-06 0.0 4.876750094438517e-05 0.0019985911973810326 0.0009250038694618662 0.0 1.3059665161731371e-07 1.968152618652293e-05 1.7561893647892933e-05 0.00012143054711219746 1.1628558310788825e-05 2.635872266188917e-05 0.002797913251856743 0.002076620424578824 1.4050944397829507e-05 2.638541748413896e-05 4.6446996396853686e-05 0.00023956888257566222 1.4516463844456993e-06 1.5757986893772179e-06 0.0011984939072201314 6.721168341711739e-06 0.0003938149202624923 0.0008192818486619955 0.0017914820806069567 0.0003806325736395878 1.0874074287420373e-05 3.7893188065832695e-06 5.801946610806377e-06 1.8228773455527337e-06 0.0 1.3276719198998563e-05 1.2436011019484684e-07 0.0 0.0 0.0 0.0 0.0 1.3873737003577909e-06 0.0 5.733716401599953e-07 0.0 1.2343140566339459e-05 0.0 0.0 1.940332577702231e-06 1.6607009667341804e-06 2.849336557433488e-06 4.47867103655744e-06 0.0 0.0 2.816163510281179e-06 1.276031144348167e-06 1.6981201269903658e-06 2.3066195728679313e-06 8.954457292070371e-05 7.486082331813376e-05 5.610486776963341e-07 0.0 0.0 1.3857556727802358e-06 0.0 0.0 5.766388057376103e-07 2.756111946063378e-06 7.190486378197119e-06 5.992790104130777e-06 5.361925593095037e-06 1.2293275404001716e-06 8.280350261701441e-08 1.0621955480559598e-06 0.0 0.0
4.268077856673484e-06 2.602205663685748e-07 9.89739560984272e-07 0.003657088357026585 1.3247805231520817e-05 0.0003544466043393401 8.965571554122892e-05 0.00026219177035183565 0.00029793942900199684 0.005895815587027068 3.2084426792532662e-06 0.004138810925197802 1.028043522220231e-07 4.5198510652193175e-05 0.00010486765066863164 0.0 6.398523463703699e-07 1.2806069261505491e-07 1.3059665161731371e-07 0.0 3.52433458074811e-07 7.54868557226191e-07 1.0291498661736874e-06 0.0007827369579181744 6.657736132353143e-06 4.3438088401552255e-07 1.2148970194743676e-06 0.0028919447179232283 0.00028160729530393193 1.3910442524703126e-06 0.0 2.877339134412614e-05 4.704306949562369e-06 9.490974274770794e-05 1.7326900991010488e-05 0.0003753981445141292 4.3554599452371226e-06 0.00017433276141029348 4.431691932707688e-05 0.00023855369637674806 7.458891632485151e-05 8.817429877768969e-07 4.861556561190937e-06 1.2830564500029833e-07 0.0 0.0 2.9851983736171732e-05 1.3372058254562784e-07 5.281418528826291e-07 6.497965942972768e-06 8.637332810279739e-06 2.6574927547158482e-05 1.1558293728688538e-05 0.0 9.371084306475444e-05 0.0 5.569351923065199e-06 2.629421173978363e-05 0.0 0.0 0.0 0.0 3.342777874133819e-05 0.0 0.0 5.0732087417264e-07 3.5131346391068545e-05 0.0 0.0 0.0 2.3317248540106563e-05 4.054826934841419e-06 3.682253702585855e-07 0.0 0.0 1.3915403782867285e-07 3.1441272008085117e-06 1.25373029409313e-07 1.1714843322057157e-05 0.0 7.59747859082023e-06 1.7292109360644634e-06 3.930034112994327e-05 8.708959762492048e-07 0.0 0.0
3.016611679531235e-05 1.2042306052215684e-06 0.001003472555069965 2.641713823123484e-07 1.0856468763791036e-07 5.79706879670485e-07 0.00013387938022922438 3.358965996320385e-05 3.2036612342421846e-06 8.837400733416311e-07 3.2108139103598963e-06 5.8729903529449825e-08 4.3435870790814336e-07 2.80259693892628e-05 0.0 0.0004886019574230009 0.000705774098692268 2.578849281609489e-06 1.968152618652293e-05 3.52433458074811e-07 0.0 1.805379111597805e-05 0.0077680558255352646 9.435601335384009e-05 7.1140796115316725e-06 0.00015345698005271417 0.0003547378699345316 0.0015733789554446083 0.00015727030479542302 0.004357778602448181 3.516549341618038e-07 3.54583260450671e-06 0.00018843777715306988 0.0012168573539973683 0.00015837809910420993 0.0018963897503890533 6.773348101308865e-05 0.0018954361049574708 0.0009870245677734704 2.0222025048853885e-05 3.515721491249959e-05 3.5482303191978467e-06 9.484859349603377e-06 0.0 3.0181868566690587e-07 0.0 0.0 0.0 0.0 0.0 0.0 0.0 0.0 0.0 0.0 0.0 0.0 0.0 1.6483394836372114e-06 5.177346038720918e-08 0.0 0.0 0.0 0.0 2.100823177702632e-06 1.9423258205507822e-07 1.2744919885202728e-05 0.0 1.0457535625368927e-07 5.163019198432026e-07 9.153560051607489e-07 7.496052511843083e-07 1.7475944123922402e-07 0.0 0.0 0.0 1.301207010994318e-06 1.260757101522974e-05 7.753456595735164e-06 5.5810504804991e-07 9.900814380959484e-07 6.89876428390163e-07 0.0 0.0 0.0 0.0
0.0 0.0014740653135745646 1.8038168812978028e-07 1.3865551171671451e-05 0.0 0.0 1.48930586505627e-06 2.6292557891859806e-07 0.0020459305055749253 1.0007010127541897e-06 7.802534219355455e-06 2.3608302240657707e-07 1.4137970289970827e-05 0.0 0.0 0.002065244004449455 9.31003720458319e-06 5.94902331679727e-06 1.7561893647892933e-05 7.54868557226191e-07 1.805379111597805e-05 0.0 0.00012035599685772645 0.0033618945573057396 0.0003333210607984923 1.8085789133221554e-05 0.002926013606246411 6.376671781273318e-05 7.41554033780039e-07 7.6673716004406e-08 3.527223212817376e-06 6.040820982248467e-08 1.053689083026888e-07 4.961122749956809e-06 2.968237985432833e-07 3.879959363203799e-05 1.8704729550540594e-05 1.1131101598183546e-05 4.643789123664326e-06 4.270872942490843e-05 0.0 4.143734628465545e-07 0.0 0.0 6.708239838839061e-05 0.0 2.0799373297891816e-07 0.0 0.0 0.0 0.0 5.776978426352779e-05 0.0 1.9993319958433394e-07 0.0 1.2321593729699618e-06 1.4299528443262668e-06 0.0 0.00039038961872479676 0.0 6.70377364818651e-08 8.024242575235236e-08 0.0 2.1217470996634553e-06 0.0002342611139136313 8.46952202185462e-05 0.00024099203002674938 3.1368781815646543e-07 3.100130738483019e-06 0.00012935664767679152 1.960283114208824e-05 1.53563122629606e-07 3.2033449994717416e-06 1.8815006085152384e-07 0.0 5.349927096084455e-07 2.462790097863647e-06 2.7074115681222312e-06 5.982272116348414e-05 4.78639621067669e-06 1.556780617551791e-05 1.2822900285688093e-05 4.8366846378163024e-06 2.993631484829308e-07 0.0 5.490570092962663e-07
6.369250457491877e-05 1.0535316578498659e-05 0.008659519634745066 1.092634575343921e-06 2.7580959352359314e-07 1.6442311474870828e-06 0.00030482012371274716 8.734850585178387e-05 1.3759926291735222e-06 3.384509874702546e-06 2.4945347801481276e-05 3.172219071087445e-07 3.7288795278811573e-06 8.59563233712015e-05 0.0 0.0022571708577096266 0.002401520710377226 2.989512249905226e-05 0.00012143054711219746 1.0291498661736874e-06 0.0077680558255352646 0.00012035599685772645 0.0 0.0004260448092749686 2.994808264212546e-05 0.0007709083569241438 0.005088514370029887 0.0025192766211148488 0.000182213220687232 0.0023430060871573563 1.214710798332411e-06 6.417319289442236e-06 4.0906530516663156e-05 0.0018983219097041659 0.00032346019788101807 0.006797452022438974 0.0008935379794664391 0.0060354747468030845 0.003549365192873127 0.00014405024584936762 4.435312751764224e-05 1.6697686526725256e-05 3.897270941893701e-05 7.394616436611008e-07 2.8909908271238318e-06 0.0 1.3106497486285788e-07 0.0 0.0 1.3819680061027403e-06 1.2646250176158112e-07 1.8817413172955298e-05 5.818039096095718e-07 0.0 0.0 1.3171468469797085e-07 4.1200833335008e-07 0.0 8.281619363379552e-05 0.0 0.0 0.0 0.0 1.3151410737606849e-06 3.865639963244296e-05 1.0943879807740403e-05 0.00011425445789080254 0.0 4.5111227539535555e-07 2.1397588581112483e-05 6.58253050010225e-06 1.088057433012296e-06 3.855251975069698e-06 0.0 0.0 1.612518576548816e-07 1.4708665239437639e-06 8.719861670336131e-05 2.665658048342877e-05 1.3053890909451472e-06 1.0119287647556064e-05 1.1345284280025715e-05 2.7002651545933256e-06 8.309437130635992e-07 6.344192935339521e-07 2.4596046471263826e-07
5.714055295360567e-05 0.0004259747375738528 1.3631203950900588e-05 0.002167028168860687 1.554610578082367e-06 0.00012689189977734683 0.0014809399199948443 0.00033343568665429466 0.006484469688811428 0.0005821778027317504 7.348066634781817e-06 0.0011412271934283704 3.7672781185995582e-06 0.00014402282445516977 3.0117793751328953e-05 0.0018841486914067574 1.3793858916651895e-05 3.08780190289503e-06 1.1628558310788825e-05 0.0007827369579181744 9.435601335384009e-05 0.0033618945573057396 0.0004260448092749686 0.0 0.0001259635655279488 1.1998557047830241e-05 0.0008152454985321529 0.0029987084737080655 0.0006391351667554437 0.0002001030909922229 1.1572313458061492e-06 2.035650955299102e-05 6.597960862544633e-05 0.00017539650099286904 0.0001375681571684208 0.0027021282660107714 0.00011899010730061324 0.0005717828385447186 0.00033953585910980095 0.00021152146115060636 0.00013014854100696486 3.7860485408684097e-06 2.2386058783891375e-05 8.778616382752835e-06 9.52175203177816e-06 0.0 0.0001551548651664528 8.24274377941704e-07 3.439744386470254e-06 9.977845139303056e-05 8.94795577303777e-05 0.00025079767623357904 6.620148337612972e-05 7.674075530393869e-07 8.748260959467584e-05 1.2325091328426734e-06 6.991818952706391e-05 0.0002114814691516583 7.361795127810957e-05 2.129656666240634e-06 0.0 7.826319375857726e-07 0.00020445652140950427 1.5979217703887572e-05 2.2661274849129027e-05 9.048601368835943e-06 0.0013907261478912972 7.411621702008222e-08 1.4353250030933297e-06 1.0912250545850419e-05 0.0004397380546939267 8.495659265466927e-05 9.063344217943834e-05 0.0 1.3708920206191226e-06 2.245601732220839e-05 8.242892526806203e-05 9.083423927874215e-06 0.00027983749233917313 2.385977727312202e-06 0.00021246721190354038 5.912356098724537e-05 0.0003481812485120947 2.914878029550782e-05 0.0 2.827718017786805e-06
3.2503622106031675e-07 0.000419819507418259 5.299318290272353e-06 2.2566102619375757e-06 0.0 1.7517187892860045e-06 7.117578108623523e-06 3.6895726696499674e-06 6.793534367162575e-05 6.0523198326837525e-06 0.0005242629974180612 7.78082459175665e-06 0.001268894087350232 5.989790464299552e-07 0.0 3.823836409223092e-05 5.329816292868008e-06 2.0425620595832406e-05 2.635872266188917e-05 6.657736132353143e-06 7.1140796115316725e-06 0.0003333210607984923 2.994808264212546e-05 0.0001259635655279488 0.0 0.00011221890901673957 0.003242359122336307 1.7545681887808976e-05 8.723065615443245e-06 1.687365039465209e-06 0.00015998506599963877 2.143149408631934e-06 3.413848181904114e-07 0.00020815578667642616 7.894966090839825e-05 0.0031834251049190085 0.001948880046070836 0.0018025249751866723 0.0008626857436298489 0.00013879572540949507 0.00013276126550383052 0.00021291875556537013 4.263480157887422e-05 0.0 5.26603872873959e-05 5.757418067303857e-08 0.0 0.0 0.0 0.0 0.0 5.383592478265593e-06 2.0128454785163095e-07 2.17607905242905e-05 0.0 0.0008160916535151955 0.0 0.0 2.461954639436811e-06 1.8370159031343662e-06 9.487535401574816e-06 9.346789310852843e-06 0.0 3.2427387809815684e-07 3.6317230700837838e-06 8.917129253000608e-07 1.0563397367214977e-06 0.00011266071738560494 0.00014502712750025262 0.00039365882988409327 4.174426091049588e-07 1.7925012245672642e-07 0.0 5.4946118436691964e-05 0.0 0.0 5.660914533721755e-07 9.604862453175306e-06 4.76846167784203e-05 0.0003147851461163055 4.711704358407358e-05 5.086438258578433e-05 3.853383064861115e-06 7.6277884664944186e-06 0.00011768532823047647 9.888311584571311e-06
5.387554296061585e-05 5.0591182035570513e-05 0.00585750766264472 2.652993830872132e-07 8.634546913746914e-08 1.5572195824456952e-06 0.00024056424973737533 8.341618942657753e-05 2.436977223117226e-06 2.319244567630737e-06 0.0005556619749158005 3.736517424809901e-07 0.00011158901922624225 6.825706630813553e-05 4.394172439131958e-08 2.2145481590665576e-05 0.002483174511406656 0.002162100383553435 0.002797913251856743 4.3438088401552255e-07 0.00015345698005271417 1.8085789133221554e-05 0.0007709083569241438 1.1998557047830241e-05 0.00011221890901673957 0.0 0.009981130696883672 0.00019914009863905715 0.0001385373836379435 0.0002394788852798643 0.0003220049470547567 1.5630811526615727e-06 4.119605439814816e-06 0.0004880308661492884 1.070509468078524e-05 0.000562180922543509 0.0023223772969614594 0.0019585330702595973 0.0004553696527855987 1.5444715802607207e-05 5.643188961561709e-06 0.00013898942079540628 2.0595542753240113e-06 0.0 8.026728231005513e-05 2.9027344378085514e-06 1.0365500495636183e-07 0.0 0.0 0.0 0.0 6.817489257996521e-06 0.0 5.796748579011012e-06 0.0 0.00011376608223055647 0.0 0.0 4.186683909088224e-06 6.300198487843595e-06 1.1942585443380705e-05 1.4225617936187029e-05 3.0062561576348113e-07 4.0754807190474184e-07 1.6910223451119037e-05 5.173137397292687e-06 6.0119128723164745e-06 1.3646629304310498e-05 0.0002769922308264661 0.00041435622274965564 1.7893336840031303e-07 0.0 2.17575109581639e-07 1.59667938701241e-05 0.0 0.0 5.685572776112303e-07 8.89188424862032e-06 3.7392986540004166e-05 5.295599770676144e-05 1.3456735943333846e-05 8.975907564368248e-06 9.727175330359224e-07 7.27263533123377e-08 1.5953529971867238e-06 0.0
