0.0 5.258434002896788e-08 2.5914274050678594e-05 4.0325422317373836e-08 2.0802188613746367e-07 4.0971304914075295e-06 0.0012893339146303002 0.0002566817051718207 6.313019032109436e-08 6.216032013828367e-06 5.739282592528779e-06 1.7346274319708116e-07 1.333068399129752e-07 0.0041885627694718455 1.1262392591515364e-07 6.478175372656409e-08 5.583572791549722e-05 2.623200152050153e-06 8.678965000207086e-06 5.178432315666425e-08 8.485419965759847e-06 5.284752264523934e-08 8.660125454596744e-05 5.08001731598583e-06 0.0 7.993538977069674e-06 6.995952174491529e-06 7.934002686789526e-06 0.0012227350966123227 0.001295614993966881 2.3501203901925975e-07 3.1684627694596494e-06 7.075923189161952e-06 2.899397597796989e-05 0.0 1.1349100203946907e-05 4.374250127111069e-06 2.1809700602224636e-05 1.5621911867200505e-06 1.8233383154314245e-07 5.47113005319198e-07 5.284433876696172e-08 2.6584393078329924e-07 0.0 9.732922223786624e-08 0.0 9.778400717120324e-08 0.0 0.0 1.8312298365567381e-07 1.691180684690553e-07 1.6073071376503982e-07 0.0 0.0 0.0 0.0 0.0 0.0 1.5241073016521926e-07 0.0 0.0 7.21600288767199e-08 0.0 2.2567880864259846e-07 0.0 1.3565023428535622e-07 1.2639596558898134e-06 0.0 1.3634943733954125e-07 7.84381688520781e-07 1.8968151957641732e-06 2.1798359070171306e-07 2.6242739854523356e-07 0.0 0.0 0.0 0.0 0.0 1.3336367903563587e-06 9.047766608450648e-08 6.641195336875096e-08 0.0 0.0 0.0 0.0 0.0
5.258434002896788e-08 0.0 4.056914448200403e-06 4.9881512181460894e-08 1.6994726549583334e-06 9.50804613021826e-07 9.148670306673571e-07 1.242554727039488e-07 0.00032080973919129896 1.0166960982282527e-07 1.6089277874565535e-05 1.9428434897131784e-06 0.0006523978316557688 4.222710544417035e-07 1.427255502561658e-05 3.713261559961341e-05 1.932268449672971e-05 2.4355406754932337e-06 1.7729557237671092e-05 2.5433540401450824e-07 9.592850586904355e-07 0.0009404347800225561 2.537436859328142e-06 0.000427060265501689 0.0013277902498690156 4.2449068100240575e-05 0.0021596939420302865 7.783987279391834e-06 3.631052362805803e-07 2.748239155612612e-07 1.5387970576639218e-05 2.2109712385702403e-07 0.0 1.02197024565979e-05 1.476618887720669e-07 2.167525825700736e-05 5.567441919591266e-05 3.026837811303788e-05 7.524985374113079e-06 1.1375358265690991e-05 4.3710403580869134e-08 0.0002938521923679701 5.377001150275509e-07 8.057832895887258e-08 1.84986898191292e-05 5.1160983515437194e-05 1.5452864779430227e-07 0.0 0.0 1.43483277580037e-06 9.90633599162067e-07 1.7384449080216982e-06 0.0 1.2891862519980236e-06 0.0 1.0423725502544736e-05 3.389290561798003e-07 0.0 9.230830705348196e-06 2.9403816712921386e-05 5.010380324768001e-07 1.6697883108736088e-05 0.0 4.986340964491096e-07 1.6424733346526456e-05 8.934412740965322e-06 9.469292737307458e-06 1.2758100286539487e-05 6.839029141105172e-05 0.0012254557433823785 2.4434495010869264e-06 8.44333969586512e-07 9.348978642087032e-07 1.4918718891881242e-06 0.0 0.0 5.982077298213479e-06 9.94885470733705e-07 5.092486391549165e-05 2.359808795082538e-05 3.679817307762711e-05 7.071505695959836e-06 9.849701182806139e-07 0.0 2.6328355390709664e-06 3.169586261769356e-07
2.5914274050678594e-05 4.056914448200403e-06 0.0 4.3650203697804295e-07 2.2952326611318668e-06 0.00011771164528152724 0.0008738306172083272 0.0004603622123599662 1.605624622870787e-06 2.0809867885313844e-05 3.165012771423044e-05 1.203558636861071e-06 4.182770110545072e-06 0.0003632633816701939 1.592283072620716e-06 3.849580348724957e-06 0.0030187807255610015 3.361789410843057e-05 0.000138965149864313 5.656095632949781e-07 0.0004176642475403958 5.5839021043970975e-06 0.005152257445264998 4.995410544563152e-06 5.1417397014618305e-06 0.00390824741145149 0.004752748410089584 5.62082004514508e-05 8.555281534919931e-05 0.0002156224238458362 7.98351662891804e-06 7.236547653730985e-06 2.0781504377629602e-06 0.00033961421252964684 1.076000698705456e-05 0.0008854850366878625 0.0030381674001110433 0.0007765555396596801 0.0001430653589741429 1.5377289312586223e-05 4.325783980736111e-06 1.2373493315919329e-05 1.735001570646457e-06 3.883812004901067e-07 1.7421317455295305e-05 0.00039388519775473475 0.0 0.0 1.2452208623387465e-06 7.666916347941453e-06 6.850257604706815e-06 3.975183795145198e-07 1.0155762364991432e-06 8.612929062263322e-07 0.0 3.070584376186926e-07 4.182993596614943e-06 2.31012896030415e-07 2.3028458609292795e-05 5.1936191140513165e-05 1.2461305731115213e-06 1.2820006758341178e-05 0.0 3.388633627576056e-06 2.2715893534272846e-05 0.00012570049438790596 1.3313814880797957e-05 2.297213926825194e-07 4.1464336020332254e-05 0.0010150534556419887 1.1122239507908828e-05 1.1242485497514538e-06 1.4913560499411114e-06 4.935613449082437e-07 0.0 0.0 7.465656815401534e-06 2.9847454888408367e-06 0.00010604948177357797 6.997044495073936e-05 5.6868996393964744e-05 1.4887223200470342e-05 6.129122060236075e-07 1.745483857297112e-07 5.54697378126789e-07 2.8826807543273535e-07
4.0325422317373836e-08 4.9881512181460894e-08 4.3650203697804295e-07 0.0 4.675572622136472e-06 2.2997560818443612e-05 3.472302390683315e-05 1.3859823739915287e-05 0.00024374556334437464 0.0009894421578023063 5.148588271605054e-06 0.0019640723714795002 9.584324898385379e-07 8.605335701445303e-06 5.0936230948551205e-05 3.1157917901667027e-07 9.58597185086355e-08 1.2690592275578655e-06 1.436457959784969e-06 0.0016271794237730415 6.166217659892947e-08 5.50151243650646e-07 1.1862585425671985e-07 0.0008186855112794005 5.749194961969734e-08 1.2903989528595466e-06 1.5333024410520687e-06 0.002412699915874166 1.3779963558386153e-05 4.42436402343277e-08 2.6851458706979184e-07 3.1577206519591203e-06 0.0 7.384886239555137e-06 1.4319647850167114e-07 0.00013747481957181168 9.66650856155665e-07 4.867366059140479e-05 7.85613793351585e-06 0.00015013492623686602 5.718212603476056e-06 0.0 1.3799352432726266e-06 0.0 0.0 0.0 7.095926894681294e-05 0.0 2.2686080306675525e-06 1.3404336776408104e-05 1.760330413617811e-07 3.391149838784064e-05 4.1929106471364485e-05 9.571008522359319e-08 8.686902406654624e-05 0.0 8.613911567526174e-07 1.5051622395575687e-06 3.4694963829943973e-07 0.0 4.1868562975281844e-08 0.0 4.7821468075718574e-05 1.06553475236569e-07 3.0445416909169146e-07 0.0 9.95011011383972e-05 0.0 0.0 1.2681185414269325e-07 0.00010605805839815339 5.034314844909908e-07 2.6532585802468843e-07 0.0 1.0116936918097085e-07 0.0 4.3846848054876673e-07 2.0282201630766163e-07 3.427311826695665e-05 0.0 1.3365916542481636e-06 2.0446958637427467e-07 7.134566015442548e-05 0.0 0.0 2.2320618238976954e-07
2.0802188613746367e-07 1.6994726549583334e-06 2.2952326611318668e-06 4.675572622136472e-06 0.0 0.00034709187260512905 1.7959852654826246e-05 4.0279690435896896e-05 5.1879943388765546e-05 2.6752973862842626e-05 1.871008655328291e-05 0.00010318744982497805 1.2905212278760179e-05 5.1541038160706804e-06 0.0007669509262794493 0.0 1.30748705842177e-06 1.459579835469537e-06 1.0304788764459622e-06 1.0314775739183949e-05 6.593410780291724e-08 3.841229617615141e-06 1.93802028587483e-06 2.2412793155021613e-05 9.399796877040593e-07 1.3724681942809647e-06 5.798950926815382e-06 1.0339058965949304e-05 9.141121768985614e-06 9.970526095619988e-07 7.988111777731246e-07 0.00014147560765737126 0.0 0.00018612805828526543 2.387779434372539e-07 6.394338377858004e-05 4.815059046002101e-06 0.0002097745963671383 3.006202121236149e-05 0.0015156798108736792 4.975893050834431e-05 1.7506176871356717e-06 3.790025449845499e-06 0.0 0.0 5.926499207206888e-08 3.973725327061862e-08 0.0 1.8746704679126216e-07 0.0 0.0 6.405145239613249e-08 6.08795661270778e-08 0.0 6.50381350751702e-07 0.0 0.0 5.854080666601239e-08 1.677518129356846e-07 0.0 0.0 0.0 2.2465975773360567e-07 0.0 0.0 0.0 1.2769454122393618e-06 0.0 0.0 7.856601595533538e-08 9.770682990179332e-07 0.0 0.0 0.0 0.0 0.0 1.8314002429986408e-07 0.0 7.027800784718894e-07 0.0 0.0 4.0473862397562595e-08 7.954116412092172e-07 0.0 0.0 0.0
4.0971304914075295e-06 9.50804613021826e-07 0.00011771164528152724 2.2997560818443612e-05 0.00034709187260512905 0.0 0.0026655062356965996 0.003502575253195969 3.194528267727181e-05 0.005328403843849028 8.946714501926365e-05 0.0014622728128173732 6.504020992350049e-05 0.0004360986138054563 0.001161197428328604 7.288586138515469e-07 6.379823529488598e-05 1.76973919724612e-05 1.576509292997515e-05 9.910146043419046e-05 5.626167524908278e-06 2.4881522193936617e-06 8.166381016001325e-05 2.536163473806607e-05 1.3855049346549854e-06 4.6262743511856404e-05 2.7407230512112582e-05 0.00018531765020861425 0.00016799694844246983 2.653300042916345e-05 5.9450047591891025e-06 0.0006902963354978534 1.3053709066159502e-06 0.0002860086439838344 1.3715245041518826e-06 0.00037006935562632775 2.4285717016864775e-05 0.0005001452827692467 0.0001445621588173643 0.0017311686102952394 0.0001606731464036742 4.1330400484379496e-06 5.38758988099231e-06 0.0 1.954246558758529e-07 5.653664403110568e-07 2.922357999587044e-06 0.0 2.423591049670896e-07 4.04215796385614e-06 7.476951992345701e-08 6.411389598400238e-07 4.318549900495105e-06 1.0822629447724441e-07 4.955342968418233e-06 9.385827326287272e-08 4.6018802274215515e-08 0.0 1.1191346656211626e-06 6.7648983017678e-08 0.0 9.92349142931306e-08 2.0589391081078577e-06 3.7694312976971743e-07 2.0505264382737326e-07 9.642954757707096e-07 1.664756697318571e-05 0.0 1.439663654524209e-07 1.6724627752224256e-06 1.441436323125713e-05 1.7335304929661005e-07 1.9591492816057627e-07 5.3631632118163414e-08 0.0 9.29362556912941e-08 3.595642179994617e-08 2.768272105743473e-07 7.456489413517504e-06 1.5313162976092522e-07 5.506986998282765e-07 5.742942298716801e-07 6.079311759599556e-06 0.0 4.383751167659774e-07 6.261879711126182e-08
0.0012893339146303002 9.148670306673571e-07 0.0008738306172083272 3.472302390683315e-05 1.7959852654826246e-05 0.0026655062356965996 0.0 0.0013683598296789189 0.00012600281396448062 0.002785810566603922 5.8801193822166116e-05 0.00041165569776332474 1.020623856087831e-05 0.003983028792505743 5.394817586281555e-05 3.317091781345162e-05 0.0001963654916760474 1.733902339369306e-05 3.433149266051961e-05 2.4143300699467204e-05 0.00018729834959432622 2.5786636543747257e-05 0.0010277653079559716 0.0004405005525000288 3.1584861498347306e-06 0.00023716566932957032 0.0005090643631846059 0.009647550151088322 0.0008929728813903545 0.0032868362105263997 6.4390704639941465e-06 4.7162474025431626e-05 4.995326612794912e-05 0.00032450097553876427 1.1865200996667072e-05 0.003421590509804872 0.0001226946840905601 0.0015889336529811126 0.00034610687949816803 0.00023910623923339107 0.00010822549615124532 4.40221366533319e-06 4.063438047502754e-05 7.507753136599746e-07 5.247359173114247e-07 8.184399492468501e-06 4.915005823312874e-05 1.9234645117781465e-07 7.752320363084449e-06 0.00021149946286775048 2.0754139453493707e-06 4.1034647824640585e-05 5.983356462983747e-05 6.705598898627119e-07 1.7925857648947428e-05 5.421508530754508e-08 4.163036972620686e-06 4.6527394750444487e-07 5.998012986741304e-05 2.261155836776518e-06 1.515285650361497e-07 5.146521101158274e-07 3.7210737272676874e-05 5.645910340383588e-06 9.843901901421543e-06 4.371475692282138e-05 0.0008289334161970034 4.230376196060771e-08 1.9507063079659593e-06 3.8189014489077625e-05 0.000655816429517312 1.4407926301798379e-05 1.5570153176962178e-05 2.552379585561637e-07 5.526166057442782e-07 9.307563221139913e-07 6.525603499762805e-06 2.2479443278674745e-06 0.00012757615217587285 3.3277122483130666e-06 3.777703696707155e-05 1.528615036817466e-05 3.5213450153956655e-05 3.2946911134509204e-06 3.855194737321291e-06 1.965383720003658e-06
0.0002566817051718207 1.242554727039488e-07 0.0004603622123599662 1.3859823739915287e-05 4.0279690435896896e-05 0.003502575253195969 0.0013683598296789189 0.0 9.228198339545097e-07 0.0015106561729277314 9.631065079336041e-05 0.00011803217916616777 5.6110981468749815e-05 0.00532760493552699 2.0595318113330564e-05 3.6122824709784893e-07 0.0005695547170500092 2.5718348689470554e-05 7.381296056137445e-05 5.9266289574419075e-05 3.907752049761324e-05 0.0 0.0006470117720240253 1.0835795186134743e-05 2.2492677419501973e-06 0.00013783125023299948 7.388109117043869e-05 3.9184197106793895e-05 0.000365957417036971 0.0006176770199357441 4.917979248435555e-06 0.0003619059329420073 1.3457018512532746e-06 0.0003669466687280305 9.578310006682541e-07 0.00022250725590128236 5.263827585637164e-05 0.0004001627166519766 0.00013044681306718364 0.0004282000092195292 7.72153991044161e-05 8.775037525901958e-06 3.6423203208884997e-06 1.0273042889769752e-07 2.2115841201486737e-07 1.2713119263693664e-06 2.684805117774156e-07 0.0 0.0 2.4371105673242783e-06 0.0 3.949434314484935e-08 9.744441147626853e-08 0.0 4.848721243662843e-07 3.750160709531681e-08 1.8481401875738024e-07 0.0 7.149452846324454e-07 2.7136005386333764e-07 0.0 5.7579125526059896e-08 0.0 6.230608150355621e-08 4.223174994909288e-08 7.211643852513689e-07 8.240964774615292e-06 0.0 1.7252248188305163e-06 6.986036420306153e-06 5.048303492936889e-06 2.0055532881815395e-07 6.085508923836786e-07 0.0 0.0 0.0 1.298802140012888e-06 0.0 2.2792648699970767e-06 7.242057175210298e-07 6.310144037992763e-07 1.7944294801510715e-07 1.7430391064682243e-07 0.0 6.847183867031969e-08 0.0
6.313019032109436e-08 0.00032080973919129896 1.605624622870787e-06 0.00024374556334437464 5.1879943388765546e-05 3.194528267727181e-05 0.00012600281396448062 9.228198339545097e-07 0.0 0.00016120540399957233 2.7884074796196033e-06 8.229289523550833e-05 4.574622367638449e-05 2.310608643645298e-06 0.0005032539331833948 1.6082612158569118e-06 8.779036770822876e-06 3.663483760666072e-07 4.673966691321643e-06 0.0001161714469828441 3.896542781168212e-07 0.001352483585681522 6.745737200640631e-07 0.005890485307889705 0.00013871427990793953 1.299270864456997e-05 0.0006229503824303601 0.0011170432687537615 1.0935968163306932e-05 3.818196398849995e-06 2.8104552790638156e-06 5.052708535436102e-06 1.3888982953344753e-06 4.302806920547138e-06 0.0 5.27684670915098e-05 6.8146184195018085e-06 1.7535071529084926e-05 4.767393405173798e-06 0.00026913705003523173 3.04811530347735e-06 6.767874217630667e-06 2.1086477464916507e-07 3.289475737954026e-07 3.101882469276469e-06 9.234435053426619e-07 6.79097701912619e-05 4.548608127712584e-08 1.649857557239456e-06 2.0467795354931315e-05 6.977222899597272e-07 2.5773615599846535e-05 4.985929783999952e-05 1.5456622775118562e-07 3.3095104659001586e-05 1.0911228715565206e-06 1.3405805680536904e-06 1.0461089786151818e-06 6.629482247425969e-06 6.090744874622402e-07 0.0 1.203020132717844e-07 4.867787867549228e-05 2.3323629656615676e-06 1.1291709742695812e-05 1.6054079332717752e-06 0.0006013082076186917 4.747771556087024e-07 2.995332471722388e-06 1.3145794692706286e-05 0.00022510989677094714 4.292034421292875e-06 7.096097962782267e-06 2.8013678308989777e-07 1.290106878496607e-07 5.559010400118457e-07 1.5509216337002128e-06 5.936977224702489e-08 1.6523479916250245e-05 1.9288810682089586e-06 5.694795433574243e-06 3.365390512684758e-06 4.905887382401467e-06 1.424498260675425e-07 4.965200012727614e-08 2.0521170582916057e-07
6.216032013828367e-06 1.0166960982282527e-07 2.0809867885313844e-05 0.0009894421578023063 2.6752973862842626e-05 0.005328403843849028 0.002785810566603922 0.0015106561729277314 0.00016120540399957233 0.0 8.952527256632404e-05 0.0026704163218199788 1.299341708147076e-05 0.0007638685041089159 0.00010784521554355609 1.0404598041999634e-06 1.2293227726552182e-05 2.3121664508294982e-05 2.2427686899896067e-05 0.0012960288599244423 1.282409570948227e-06 9.779483415614847e-07 1.213744348248167e-05 0.00013899091726703012 5.343628259821731e-07 2.7824509251410958e-05 2.6502128663970887e-05 0.0021572800575911737 0.0003644965227934172 6.006546571997929e-06 6.0220747690762505e-06 6.43238591874546e-05 1.5642410107264217e-06 0.00016211951545275322 5.619774765015126e-06 0.0012717669868790604 1.5703558612171685e-05 0.0008571958054571179 0.00013682326044692347 0.0003471366918677712 9.36387577110631e-05 1.4147929272665747e-06 2.059433561106572e-05 0.0 1.545133190093366e-07 2.949389449948383e-07 7.457783527225865e-05 8.186570046021238e-07 6.7779591700630845e-06 4.323179789257763e-05 8.039439553129313e-07 4.413812215810582e-05 6.893651644710969e-05 1.1306438339624127e-07 4.063123862574195e-05 0.0 1.0046073711024067e-06 1.0961266930320766e-06 1.8999034887394282e-06 0.0 8.177624367381816e-08 5.6900569712645174e-08 6.330602142302765e-05 5.201057638251775e-08 2.7936693511317593e-07 1.2387518452630414e-06 0.00022363295411398484 0.0 1.5110934840025697e-07 1.3894692018848813e-06 0.0002198990141520189 2.136858685846754e-06 5.893936197052467e-07 0.0 0.0 4.9881892927733265e-08 5.993751260736617e-07 1.2465578753591981e-06 5.7378950394879696e-05 2.1688197181565405e-07 5.020827945519858e-06 7.692570045431195e-07 9.209383762795617e-05 1.1609487489014716e-07 8.629912744412848e-07 5.614209435725886e-07
5.739282592528779e-06 1.6089277874565535e-05 3.165012771423044e-05 5.148588271605054e-06 1.871008655328291e-05 8.946714501926365e-05 5.8801193822166116e-05 9.631065079336041e-05 2.7884074796196033e-06 8.952527256632404e-05 0.0 5.382667819832042e-05 0.0012312254485494388 9.933524452151128e-05 2.903829758724599e-06 3.9941946064248567e-07 0.0003855908367811097 0.0025464636189685428 0.0010477168271620394 1.9564778437401105e-05 7.626532167780046e-06 3.964509690321323e-06 4.646251449735748e-05 4.57925423628172e-06 9.365401089241068e-05 0.0006820187598765442 0.0005137957524667674 1.0575643930777782e-05 0.0003838478709787919 2.4912542468163418e-05 0.00034297001357271164 0.00018099046075847671 3.6731481983276672e-06 0.0032262359334403437 4.969931090958057e-06 0.00040191389304379397 0.003392649174133635 0.0022949320265254355 0.0005504653612260862 1.649860965068494e-05 9.26503994246427e-06 0.000635475275981834 5.086421228446964e-06 0.0 1.3892435389656503e-05 1.21935223507725e-06 0.0 0.0 8.713707024276295e-08 7.321845584568093e-07 0.0 8.535943694970727e-07 0.0 9.058737449830599e-05 3.793539012422977e-07 0.0006126197378371103 0.0 0.0 1.7383896548421721e-07 1.183247993783559e-06 3.931719095828097e-06 7.267428937580356e-07 0.0 1.7455860891702455e-07 2.630301759570391e-06 2.800390572139882e-07 4.0437709609620175e-06 0.00021900017905474224 3.887301100783042e-05 0.00027316709721865825 6.901902113035459e-07 1.2502907717735794e-07 3.8442094158907824e-07 3.9756648284867124e-05 1.7008650110983756e-07 0.0 2.412235367047444e-06 2.5952633799911795e-06 1.3231603282242702e-05 0.00016857604979189837 7.419481763251547e-06 7.261404302370549e-07 3.2822367919555414e-07 0.0 0.00012068130467067801 3.38830652755406e-07
1.7346274319708116e-07 1.9428434897131784e-06 1.203558636861071e-06 0.0019640723714795002 0.00010318744982497805 0.0014622728128173732 0.00041165569776332474 0.00011803217916616777 8.229289523550833e-05 0.0026704163218199788 5.382667819832042e-05 0.0 7.890826353306712e-06 7.126352758320672e-05 0.0010566645598706376 0.0 2.4688068910347018e-06 1.2682536035221506e-05 8.090772994751433e-06 0.0022006264634095375 4.493905980980613e-08 5.020159346071568e-06 1.1787511104866483e-06 0.00018570010655040393 1.3579303302490938e-06 1.2071038385543825e-05 1.2695212397749727e-05 0.0009321362730308193 9.455144947531834e-05 5.12855656264708e-07 3.9175571602791516e-06 4.071962343749534e-05 0.0 7.033569352770724e-05 1.1426982309656998e-07 0.0004628101856963892 6.263107168154259e-06 0.0002830667837044801 3.8949512125824606e-05 0.0011412837787134092 2.38197165485106e-05 3.9754386852875375e-07 2.1755387836011214e-06 0.0 5.7547694471575226e-08 5.413926583330652e-08 2.9984897262419755e-05 2.6540503226332684e-07 2.2731978790129665e-06 8.577151498273326e-06 1.3595076001634167e-06 1.5594374222165053e-05 1.894452257715611e-05 1.5118395967963125e-07 8.549580078045511e-05 4.279478074786511e-08 1.1622244587740692e-07 1.4579505022499699e-06 0.0 0.0 9.893331827537954e-08 4.955870230053417e-08 2.7725606542737476e-05 8.128930516747968e-08 0.0 4.1849366167949097e-07 3.1903323406743635e-05 7.373841464744099e-07 2.4093535374858857e-07 1.414403207973783e-07 4.0657604468661174e-05 8.206202942745913e-07 4.188339109388932e-08 1.1477523829012605e-07 2.5009734423875095e-07 0.0 4.40551426482832e-07 0.0 4.98452801743098e-05 0.0 2.370760549681834e-06 3.0883413030496e-07 8.805851885349455e-05 0.0 4.070165659651848e-07 7.318330936713838e-07
1.333068399129752e-07 0.0006523978316557688 4.182770110545072e-06 9.584324898385379e-07 1.2905212278760179e-05 6.504020992350049e-05 1.020623856087831e-05 5.6110981468749815e-05 4.574622367638449e-05 1.299341708147076e-05 0.0012312254485494388 7.890826353306712e-06 0.0 1.9150252982326332e-05 2.640327462486422e-06 2.991878272585377e-06 1.1535406268411644e-05 3.642821625821115e-05 2.6592461916292087e-05 2.3932606936856372e-06 3.7917464140026157e-06 0.00010703940663304102 8.466043781962817e-06 5.552084778921715e-05 0.0016696177807041575 5.622096115377535e-05 0.002999854510649698 1.2977426001855309e-05 4.5351141983073065e-05 8.144406641527036e-06 0.000270113017207036 5.6007502591614696e-05 2.4702458391260743e-07 0.0005276032077348004 1.5151006718303698e-05 0.000967912082829802 0.0025473388734958066 0.0013360341578962601 0.00035573268122857647 4.1974438389375354e-05 1.5718684192551987e-05 0.001059396577676086 1.4819317468548996e-05 9.784405115815656e-08 0.00012110161509767313 2.356594728722109e-06 0.0 0.0 3.304220482121892e-08 1.8706424241831026e-06 2.9723462616308706e-07 2.0840839037275507e-06 1.2479081635331463e-06 0.00020739117312881602 2.0440840614450854e-07 0.001508818517623078 1.4701603216804407e-07 0.0 5.418156464556559e-07 1.2261090603588424e-06 7.922370294564127e-06 4.01188617983878e-06 0.0 1.211883666098501e-07 4.888626666865761e-06 6.522286087471646e-07 4.145902715813446e-06 0.0008129695273967149 0.00012204557150331002 0.0008314480407633426 1.2248620893348037e-06 1.8412562050292458e-07 1.2626978237691437e-07 9.761294822612572e-05 5.788198370271386e-08 0.0 1.0619163313654e-05 2.7975166872840067e-06 0.00016584650998212463 0.0002989692840247796 3.3191010603705286e-05 1.2696753730612341e-05 4.196044118804826e-06 3.4063820820846695e-07 0.0002438689283834596 1.1805530446856879e-07
0.0041885627694718455 4.222710544417035e-07 0.0003632633816701939 8.605335701445303e-06 5.1541038160706804e-06 0.0004360986138054563 0.003983028792505743 0.00532760493552699 2.310608643645298e-06 0.0007638685041089159 9.933524452151128e-05 7.126352758320672e-05 1.9150252982326332e-05 0.0 5.229005748754859e-06 1.914265561917545e-06 0.0005958709978551691 3.299027847370665e-05 9.03078420345004e-05 3.636705706242804e-05 7.128441127340817e-05 4.5324251819558804e-07 0.0007555063579560336 2.926509646447985e-05 9.700413447491001e-07 0.00011213596655610686 7.676681478901481e-05 7.393522843060855e-05 0.004819564631455932 0.0026968652647596804 5.682846614214486e-06 0.0004115618606109869 7.673314474258445e-06 0.00041064172759554875 8.044656436621286e-07 0.00017688096122374486 4.466479855628937e-05 0.0003213903808242894 5.4872743984718734e-05 6.832927746547447e-05 2.225073626001787e-05 2.9767339217136464e-06 4.216189787820322e-06 0.0 2.947297324131751e-07 1.7769181496240877e-06 5.729754536982743e-07 0.0 4.9802514824948975e-08 2.874856373460069e-06 4.374902084649457e-08 7.121092015856125e-07 3.919298606786921e-07 6.145885209347838e-08 2.7926380983540374e-07 0.0 3.809107727500282e-08 5.999489167021312e-08 1.2019158366158702e-06 3.626528017809247e-07 0.0 3.7458706284227093e-07 1.1080862362455092e-07 1.0038268772200691e-06 2.395950159437585e-07 9.437246121030449e-07 1.487969357717792e-05 0.0 1.8495844631149857e-06 6.996779997833726e-06 1.6134265235187893e-05 7.096357838602176e-07 2.736905289450767e-06 0.0 0.0 4.474114070222184e-08 3.388529788773773e-07 6.581404980903201e-08 3.2608319470492763e-06 9.904357130325065e-07 1.0022639317599934e-06 4.5955479971917e-07 6.531573808175754e-07 0.0 6.93570215883481e-07 2.434168121157357e-07
1.1262392591515364e-07 1.427255502561658e-05 1.592283072620716e-06 5.0936230948551205e-05 0.0007669509262794493 0.001161197428328604 5.394817586281555e-05 2.0595318113330564e-05 0.0005032539331833948 0.00010784521554355609 2.903829758724599e-06 0.0010566645598706376 2.640327462486422e-06 5.229005748754859e-06 0.0 7.068923300856479e-08 1.063735051678248e-06 6.992441657884234e-07 9.902611663496417e-07 0.0001572370924348033 1.6155257408096947e-07 5.4834239503934e-05 4.1316540540584593e-07 0.0004081214249810357 6.40552808448712e-06 2.3935104962183367e-06 5.375553383560829e-05 0.00010510671829697849 5.214820335851118e-06 3.555109190998757e-07 3.8308265441771515e-07 0.00023732628754030688 4.933445473811544e-08 9.505975434120957e-06 1.0633345185917208e-07 5.293490706265106e-05 1.2637096015249333e-06 1.21749368600611e-05 1.957209682146242e-06 0.00039822885462205843 2.4884190032101096e-05 3.384500893611645e-07 5.112401318430196e-08 0.0 0.0 5.728738394135832e-08 1.0774850977085419e-06 0.0 1.5972300130015815e-07 1.3611992168775392e-06 0.0 7.650515810187091e-07 1.0798935996934991e-06 0.0 1.6414503707512537e-06 0.0 0.0 5.7023973476923836e-08 4.845711339449661e-07 5.1522375717276334e-08 0.0 2.353835214650051e-07 1.9763947373105482e-06 2.6953287948424203e-07 6.232806165608002e-07 2.960363816679055e-07 3.454418665718334e-06 0.0 2.3926826668801374e-07 7.278589240404041e-07 3.414625319827589e-06 3.2702610625285304e-07 9.860571758702562e-08 0.0 0.0 0.0 0.0 0.0 4.850036850947979e-06 0.0 1.454284491263436e-07 0.0 4.892982161383527e-06 0.0 3.239197173366528e-07 0.0
6.478175372656409e-08 3.713261559961341e-05 3.849580348724957e-06 3.1157917901667027e-07 0.0 7.288586138515469e-07 3.317091781345162e-05 3.6122824709784893e-07 1.6082612158569118e-06 1.0404598041999634e-06 3.9941946064248567e-07 0.0 2.991878272585377e-06 1.914265561917545e-06 7.068923300856479e-08 0.0 5.668122706161523e-06 1.4642441541882247e-07 1.2335426126725417e-06 1.474444676605316e-07 0.0024635737807002247 0.0008880617742493772 0.0017491950027652278 0.0012119880906054726 3.5866449027402845e-06 9.634872056983022e-06 0.0024377555491022817 0.0013690230898892556 6.589861205712486e-06 0.00018426991206766565 3.024760123265884e-07 7.409731387858474e-08 1.6879935745666074e-06 1.4746230067668873e-05 7.3778759841582506e-06 0.001324257614946264 0.0003520900902570483 0.00015275265320322285 0.00021682885766568808 9.133451637727073e-05 1.1321584366379055e-06 1.5465274499647698e-06 1.0448057326924858e-05 1.1650717873269466e-06 8.098863613199173e-07 3.999458594526527e-06 3.168810198934188e-07 4.429974784446508e-08 9.162495353723515e-08 6.5619438067433685e-06 5.944673545908166e-07 3.267152152292526e-06 7.883201969162498e-07 2.6271193593078146e-07 5.150975232944601e-07 7.624091539204107e-08 2.9353909205063326e-06 6.53482262317984e-08 0.002640074848214453 3.186281425186482e-06 1.073667822523799e-07 9.650547557898715e-07 1.821591259661643e-07 0.00043469813836508 0.0003378901003893323 0.0008700873649090618 0.00023326353972343748 6.251100694215257e-08 2.062265532393463e-06 7.424627432800173e-05 0.00020299126370394718 2.8357174368738652e-05 0.00011714631522197219 0.0 1.1805685143767544e-07 5.348733521697851e-06 3.5049405151818696e-06 4.727724911082364e-06 3.836825971285529e-05 5.252199351640737e-06 6.947541868904517e-06 4.629544385149505e-06 2.9570960842814355e-07 0.0 7.499896782039592e-07 3.7597781804916776e-07
5.583572791549722e-05 1.932268449672971e-05 0.0030187807255610015 9.58597185086355e-08 1.30748705842177e-06 6.379823529488598e-05 0.0001963654916760474 0.0005695547170500092 8.779036770822876e-06 1.2293227726552182e-05 0.0003855908367811097 2.4688068910347018e-06 1.1535406268411644e-05 0.0005958709978551691 1.063735051678248e-06 5.668122706161523e-06 0.0 0.00026293308987577314 0.0030859573614836888 1.5767625024598519e-06 0.00038481821800283767 8.862068721698983e-06 0.0032103015643902243 1.3188921397261597e-05 2.9288261952101616e-06 0.0013929032638612074 0.0025749396712755504 1.911428863980472e-05 0.0006474405406934851 0.0005883608012209054 6.98648810230727e-06 1.2733405143273459e-05 8.518730390740342e-05 0.0012066739364602317 1.4258457966834047e-06 0.0003617057554364094 0.001079571484647537 0.000643579798027279 9.665954293918146e-05 7.817286038246586e-06 4.715791804251846e-06 1.0307328312116322e-05 1.8424995514686916e-06 9.841704132005333e-08 1.4973388804094155e-05 0.00011210633494448145 0.0 0.0 2.718405706490823e-07 1.4333161344834188e-06 9.816840740858947e-07 9.358203284826014e-07 1.337447011242055e-07 3.157675259208648e-07 1.2211713568225848e-07 1.8302381514113218e-06 7.046424074241332e-07 1.2815039914224074e-07 5.572618107002929e-06 4.689085084291605e-05 1.2355855682559992e-06 2.608814043289242e-05 0.0 7.642137833233785e-07 6.359437665937674e-06 1.2837296836309885e-05 6.585627028349504e-06 1.452013363732752e-06 0.00011359217310851729 0.0004517401199311299 2.809509286469086e-06 3.80396402524066e-07 1.7204371323235754e-06 1.2534943379312967e-06 0.0 1.1789332840869687e-07 3.245554074156029e-06 7.070664360621973e-07 4.017863253843166e-05 6.588566955595026e-05 3.0327267494415252e-05 2.8437249962717888e-06 1.134772862396173e-06 1.8261605746903684e-07 8.204801856423629e-07 6.317762471102722e-08
2.623200152050153e-06 2.4355406754932337e-06 3.361789410843057e-05 1.2690592275578655e-06 1.459579835469537e-06 1.76973919724612e-05 1.733902339369306e-05 2.5718348689470554e-05 3.663483760666072e-07 2.3121664508294982e-05 0.0025464636189685428 1.2682536035221506e-05 3.642821625821115e-05 3.299027847370665e-05 6.992441657884234e-07 1.4642441541882247e-07 0.00026293308987577314 0.0 0.001051922888343518 4.165577452656052e-06 2.963900937557386e-06 6.855529465562114e-07 3.083417791156095e-05 1.3042212117674992e-06 1.0772214264179212e-06 0.0014745659985209293 0.000300964372561625 2.895729699568105e-06 7.635769980742448e-05 1.375460274771793e-05 6.25348117747177e-05 1.8954395336992735e-05 4.7307549139019214e-06 0.0004827681722286596 3.872154957106029e-06 0.00041646826053183533 0.0005791885290763917 0.0007035115506270886 0.00019244911146845217 2.4396443138468305e-06 9.06693496474301e-07 1.2448788682420958e-05 1.2925488981455413e-06 0.0 1.873436843994131e-06 2.2273412656567757e-06 0.0 0.0 0.0 3.5123253019926833e-07 0.0 1.1250760343194067e-07 0.0 5.049395059521757e-06 0.0 4.709016626400323e-05 1.1110646314561473e-07 0.0 7.241469117089626e-08 1.2932793014080456e-06 2.4651468011024035e-06 1.6241390129633235e-06 0.0 0.0 2.766031069160315e-07 3.365800015793702e-07 9.75243738896708e-07 1.773465010880435e-05 4.242097852900627e-05 0.00013506920964260184 4.343443478525086e-07 0.0 0.0 1.7409527431115142e-05 0.0 0.0 6.252356917073911e-07 2.8638684287776843e-06 8.279961839144408e-06 2.255446191458841e-05 2.801297992439018e-06 3.877257143031952e-07 0.0 0.0 4.893326029231519e-07 0.0
8.678965000207086e-06 1.7729557237671092e-05 0.000138965149864313 1.436457959784969e-06 1.0304788764459622e-06 1.576509292997515e-05 3.433149266051961e-05 7.381296056137445e-05 4.673966691321643e-06 2.2427686899896067e-05 0.0010477168271620394 8.090772994751433e-06 2.6592461916292087e-05 9.03078420345004e-05 9.902611663496417e-07 1.2335426126725417e-06 0.0030859573614836888 0.001051922888343518 0.0 5.217660226360678e-06 1.9367958556297162e-05 5.5100719994516665e-06 0.0002116515491841036 6.425988777571976e-06 4.629508082341538e-06 0.0028994359401068436 0.001046791724235528 5.581262672302942e-06 0.00015657470891224565 8.040209930853012e-05 3.0485976613362114e-05 1.4026388311023665e-05 1.7960305464076167e-05 0.0014795591132733981 4.901356699628374e-06 0.0007113205341031259 0.0005606156125076395 0.0010941997162168824 0.00023101213420209402 7.0805761964185495e-06 1.2026257755157352e-06 8.492351220802224e-06 2.702352538250957e-06 0.0 1.5287532132373126e-05 1.5029802414314447e-05 0.0 0.0 0.0 6.123460752906179e-08 2.3643937584832579e-07 3.312494848121079e-07 0.0 1.5374487499701907e-06 1.0509065105611656e-07 1.1295183195002597e-05 3.7554391120276623e-07 0.0 1.2506269557420735e-06 6.847878330244766e-06 1.6865050065417388e-06 1.1228164790770012e-05 0.0 9.458721350033064e-08 1.239238433003129e-06 2.5679311011006386e-06 1.8437999468909483e-06 4.205658124074339e-06 7.54121228227343e-05 0.00021116011783877309 8.520756955346673e-07 3.1431053885058806e-07 6.712074403379465e-07 5.454726037755133e-06 0.0 0.0 1.9335458875940046e-06 1.8432117688501868e-06 1.602069966977713e-05 3.081857829907354e-05 9.119569779136086e-06 1.1126791095750876e-06 0.0 0.0 1.1001378729995324e-07 1.3424052271089866e-07
5.178432315666425e-08 2.5433540401450824e-07 5.656095632949781e-07 0.0016271794237730415 1.0314775739183949e-05 9.910146043419046e-05 2.4143300699467204e-05 5.9266289574419075e-05 0.0001161714469828441 0.0012960288599244423 1.9564778437401105e-05 0.0022006264634095375 2.3932606936856372e-06 3.636705706242804e-05 0.0001572370924348033 1.474444676605316e-07 1.5767625024598519e-06 4.165577452656052e-06 5.217660226360678e-06 0.0 2.209265225449819e-07 7.978434406688401e-08 5.373314177257981e-07 0.00026522540787622196 1.3615036999713558e-07 3.916611353560555e-06 3.120009658398016e-06 0.0014712630221377456 4.9049241324069896e-05 4.1301091835533166e-07 1.345289416098233e-06 1.2832821259814217e-05 4.2161377844751173e-08 2.9621813243000353e-05 3.1759530589639363e-07 0.0002793883255976519 3.44603640162196e-06 0.00014488136536953332 2.019304261493897e-05 0.00030817838842743956 1.7409385820483837e-05 5.731390876533324e-07 4.509485920577949e-06 0.0 0.0 1.094917751665243e-07 2.4680097459486523e-05 0.0 2.2614454108056688e-06 8.76180057294871e-06 6.597626091227207e-07 1.988285467380754e-05 2.8223387935424592e-05 0.0 3.313109146255526e-05 2.0536525150700168e-07 1.1125018736842991e-07 8.635886983206605e-07 1.4139553064533703e-07 0.0 0.0 0.0 2.0617410295198525e-05 0.0 2.035087986389613e-07 6.754775247726129e-08 6.244145041431429e-05 0.0 0.0 6.448708009576505e-08 6.307061414239566e-05 2.2531642513336217e-07 6.202518069460973e-08 0.0 1.530195404567405e-07 0.0 8.218537203249405e-08 1.7126841548733706e-07 2.686158696555258e-05 0.0 4.753569692234805e-07 2.56057054714116e-07 6.691533855209686e-05 1.7126464999664339e-07 0.0 0.0
8.485419965759847e-06 9.592850586904355e-07 0.0004176642475403958 6.166217659892947e-08 6.593410780291724e-08 5.626167524908278e-06 0.00018729834959432622 3.907752049761324e-05 3.896542781168212e-07 1.282409570948227e-06 7.626532167780046e-06 4.493905980980613e-08 3.7917464140026157e-06 7.128441127340817e-05 1.6155257408096947e-07 0.0024635737807002247 0.00038481821800283767 2.963900937557386e-06 1.9367958556297162e-05 2.209265225449819e-07 0.0 2.5754019209793974e-05 0.011611242418155721 0.0002438695704415949 3.816988473805888e-06 3.737114006196933e-05 0.0011590984728951982 0.0034951599623309214 0.00012000470889110544 0.006302035553733722 7.676811526838113e-07 2.0903679590609405e-06 1.5691330750764307e-05 0.0015709514785724036 1.9496432233008663e-05 0.004255905046841806 0.0009009768923379496 0.002359560860248212 0.0013230977777186498 0.00027197018284409025 6.360404722495473e-06 7.462514129673369e-06 3.808411310789291e-05 9.472533385753705e-07 3.989883869081109e-07 5.288088285414407e-06 4.469759052386758e-07 5.0786648002962865e-08 7.304587915002568e-07 9.987478304742995e-06 4.840183263335073e-07 2.039423942927402e-06 7.380924544611082e-07 1.3805339383049116e-07 8.108758159517378e-08 0.0 3.525008613889874e-06 1.6477037775087187e-07 0.0004098473328976529 2.721338262248669e-06 3.2559644597212486e-07 1.1969177173403935e-06 1.240450009613848e-07 0.00022138508707161467 3.0532176464985845e-05 0.0001232860071345056 0.0001435621783529118 0.0 1.3102975325342833e-06 6.474882356907505e-05 0.00021545193655081365 4.127709074175562e-05 0.0001328511018697864 4.9389000389135446e-08 4.3764283675413036e-08 6.784501059576917e-06 7.430343641943748e-06 1.715195926639803e-05 5.0724052104591994e-05 4.336968900155405e-06 6.6540114512732895e-06 4.356140716142238e-06 1.7687171147573586e-06 0.0 2.801846863673661e-06 6.996330456406138e-07
5.284752264523934e-08 0.0009404347800225561 5.5839021043970975e-06 5.50151243650646e-07 3.841229617615141e-06 2.4881522193936617e-06 2.5786636543747257e-05 0.0 0.001352483585681522 9.779483415614847e-07 3.964509690321323e-06 5.020159346071568e-06 0.00010703940663304102 4.5324251819558804e-07 5.4834239503934e-05 0.0008880617742493772 8.862068721698983e-06 6.855529465562114e-07 5.5100719994516665e-06 7.978434406688401e-08 2.5754019209793974e-05 0.0 3.1866838533101654e-05 0.004141941280379455 0.000354146314404394 2.0599830244466385e-05 0.0017351687810681737 0.00020611395503928757 9.686592477723973e-07 2.519009486247854e-06 3.714684345823151e-06 4.091666221772588e-07 0.0 4.174070232105487e-06 1.2747333633389403e-07 2.960300166095522e-05 1.51252188872e-05 1.68469757940317e-05 4.422295857649277e-06 5.667979336002761e-05 0.0 2.1086677824397838e-05 5.172630162195767e-07 4.868245882530072e-07 4.1075031273289455e-05 6.0844813136316725e-06 5.086468719798935e-07 0.0 1.885425620726476e-07 3.2109976324155786e-06 1.5804281896621542e-07 3.239947051650964e-06 1.45360094377645e-06 5.829376709208904e-07 0.0 3.1292855070136282e-06 1.3079572141121025e-06 0.0 0.0008583965520309256 1.3777861883932688e-06 3.243020465541575e-07 8.11205176467351e-07 0.0 7.372359245588371e-05 8.878631462761778e-05 0.00019905525363660348 0.00019863257535153846 1.0918747195283662e-06 5.188635104573134e-06 0.00018375490057204275 9.676072617412236e-05 7.588673675511427e-06 2.2419284875967556e-05 4.4911907503982343e-07 4.439284780306549e-08 1.2757033609368424e-06 1.3128605635417847e-06 4.7240910266868127e-07 1.811342139030186e-05 4.356542997064017e-06 5.229195726154764e-06 2.3532166818375746e-06 1.3954983580819257e-06 2.598472189654648e-07 1.135718372312557e-07 4.71715221068303e-08
8.660125454596744e-05 2.537436859328142e-06 0.005152257445264998 1.1862585425671985e-07 1.93802028587483e-06 8.166381016001325e-05 0.0010277653079559716 0.0006470117720240253 6.745737200640631e-07 1.213744348248167e-05 4.646251449735748e-05 1.1787511104866483e-06 8.466043781962817e-06 0.0007555063579560336 4.1316540540584593e-07 0.0017491950027652278 0.0032103015643902243 3.083417791156095e-05 0.0002116515491841036 5.373314177257981e-07 0.011611242418155721 3.1866838533101654e-05 0.0 7.916870772321365e-05 5.832629865320097e-06 0.0004780181546892857 0.007108448094334363 0.0010230874177162852 0.00024020326263785862 0.0035059821785640103 4.046681442430073e-06 9.84887493341507e-06 1.869680292443428e-05 0.0014517433370793164 4.344144391339894e-05 0.005767684870577622 0.003981060897644152 0.00337817212410758 0.002107906564500044 0.0005116199266184652 1.0875158492601852e-05 1.5990616238242507e-05 5.8812229818826864e-05 2.1415015028940605e-07 1.0949812283646521e-06 0.00011997026855299407 6.876560090846678e-08 0.0 1.2736231431847285e-06 1.1936004435569334e-05 2.4644311090364226e-06 3.5729251185436385e-07 1.3474513204147828e-06 1.3517829778174964e-07 1.9601474664198284e-07 2.909071687526489e-07 1.2847229373311266e-06 0.0 0.0010914776504174612 5.590494633165158e-06 1.4458680199625915e-07 1.920046141764766e-06 0.0 9.648559481044316e-05 0.00011554880341475704 0.0010461440049967564 5.5697053671398596e-05 1.584823800446618e-07 5.98629467477244e-06 0.0008686358642576596 3.951844908475788e-05 7.644315228227415e-06 3.3342494612433564e-05 5.82696313760232e-08 7.943057981381364e-08 1.93260824743325e-06 5.520663653220558e-06 5.066883081181667e-05 7.32704033231123e-05 2.2374090521285122e-05 2.371325260561008e-05 1.370845544507579e-05 1.1000053253287125e-06 0.0 1.8087612735075269e-06 1.7289827695488205e-06
