0.0 3.4286360830692223e-07 3.918004599843844e-05 3.8249753925441514e-07 1.281974685424544e-07 8.418249603192535e-06 0.0005491748305812533 0.0002209794755915464 7.229883615781941e-06 5.979691499869653e-06 1.791231793697715e-06 0.0 1.5225652279026247e-07 0.0016806835940497676 0.0 5.839753962233481e-07 3.386173962003212e-05 3.479344291219379e-06 2.6969366444337784e-05 1.4060441774222446e-07 4.171308134807568e-06 4.1814585890699354e-07 1.1873760606593228e-05 1.6634946305537122e-05 6.751680087521243e-08 3.6165821254273486e-05 8.618998876355877e-06 1.6951712174709004e-05 0.0007299045641231782 0.0010470154588572377 7.959803491658112e-08 2.292210779364515e-05 2.7015194490281608e-05 3.522117732936718e-05 0.0 2.0077128708454877e-06 4.7818308986479605e-06 1.7384909855958545e-05 1.3096569037798067e-06 0.0 2.1392231617602793e-07 0.0 0.0 0.0 0.0 1.3161313200498553e-07 4.447520187711717e-07 0.0 0.0 5.680684182614572e-07 6.148499314585267e-07 9.059830443091579e-07 0.0 0.0 0.0 0.0 6.225672276697195e-08 0.0 1.033603405710031e-07 0.0 0.0 6.087073778070442e-08 0.0 0.0 1.1794864537170642e-07 2.884138592581578e-07 3.327754529213349e-06 0.0 2.7378339089915075e-07 1.329533207994623e-06 2.735403562162412e-06 8.145462993367279e-08 1.023949124985198e-07 0.0 0.0 0.0 6.47663708776179e-08 2.2976588652278816e-07 2.6730698481843243e-06 0.0 4.2995305368375233e-07 1.283044858963468e-07 0.0 0.0 0.0 0.0
3.4286360830692223e-07 0.0 1.57895297379135e-05 6.402970659837608e-08 2.1323044387614e-06 6.549001571443942e-07 7.84508414815764e-06 1.707729878160024e-06 0.0005131713768753303 6.304748946853611e-07 0.0002905739123393452 5.6532661570873355e-06 0.0010705949914190942 1.7312708847942614e-06 2.7149153818595377e-05 7.243764782726394e-05 1.953202525880958e-05 3.4809657888410256e-06 7.488458244167037e-05 6.730496980279894e-07 5.673785730006469e-06 0.001094292567429895 5.937635412342787e-06 0.0006647356755142948 0.000961073610218391 0.0005648616196454442 0.003014604704344794 3.3071227990336065e-05 3.058810358817668e-06 6.795921535089322e-06 9.903152210207897e-05 1.7671823090598686e-07 7.88891511434641e-07 3.7601075857100916e-05 6.153888651634641e-07 2.1584481058195234e-05 8.070055425264433e-05 5.2654421538369235e-05 1.4683982138154217e-05 1.211551499978465e-05 3.247055573911275e-07 7.54791106978346e-05 1.4394655509929168e-07 1.0728251561355014e-07 7.207704925457761e-05 7.019458402119718e-05 4.386271438405356e-07 0.0 1.3029947990598224e-07 1.7794824986408769e-06 2.98170250823646e-07 1.5077634181830172e-06 1.4546119764472086e-07 1.248169771909653e-05 6.932157681232867e-08 3.321510174957943e-05 1.256912712188419e-07 1.8549947682997356e-07 3.966476122387861e-06 2.5224674823524074e-05 1.817184136808691e-06 2.5895110633899498e-05 1.582579139558507e-07 7.78062984679509e-07 9.625658689640604e-06 3.345629501043453e-06 5.344269832765176e-06 3.7586034358482235e-05 0.0003122384531744902 0.001047117381078733 3.6731673145634358e-06 3.0771082262692276e-07 1.1068738236052327e-06 8.43282537920214e-06 6.604930476728883e-08 0.0 1.0723671250109382e-05 6.243132304511926e-07 1.560961643617999e-05 2.2453985589357205e-05 2.9229606067962737e-05 1.17683443844743e-05 2.345543284325528e-07 0.0 2.317219491635792e-06 3.026618391368229e-07
3.918004599843844e-05 1.57895297379135e-05 0.0 6.066472627209433e-08 4.556361447215356e-07 3.30872343967841e-05 0.0006373779770230347 0.0003315027014116725 7.048618975345813e-07 2.9292527838052607e-06 1.3160962948001095e-05 3.0071879307472855e-07 3.1703093591291506e-06 0.0002807384441037006 9.279816398240236e-08 1.8630690897148895e-06 0.004728931408696037 1.262123942807289e-05 0.0001569295575378276 2.883473779129448e-07 0.0004477751090740586 1.6841364319723475e-05 0.005639433878640774 3.0289342990262317e-06 1.3331009017744109e-06 0.0051631018104474555 0.004460640249211259 0.00013844160940089221 0.00018152803479356029 0.0014624241105668486 1.7719606229335542e-07 1.3524099333520474e-05 6.25332506551878e-06 0.0005279115114276298 2.9170078707732823e-05 0.0008374185092510214 0.0013672687646832111 0.0015052972906300047 0.0005677915901643152 2.9789564740547128e-05 6.526765344138179e-06 5.784380810257226e-06 7.518176005427373e-06 4.0639530381173687e-07 6.635309417375996e-05 0.00024167173992607985 0.0 0.0 9.761906142719813e-08 5.337293587103327e-06 2.3729564701597462e-07 5.132912071828471e-07 3.9263068230714116e-07 9.746037295238712e-08 0.0 3.093990927390229e-07 1.0722169966834916e-07 1.9496447973822862e-07 2.935321212355743e-05 1.2615972185882574e-05 0.0 1.1368219585488031e-06 0.0 4.727951393349693e-06 0.00011000886923136863 7.578440659955732e-05 9.194762401742882e-06 7.408253652051842e-08 1.8654217747442413e-05 0.0009161532359517311 4.522587539714027e-06 2.415110912276375e-07 3.246011512759434e-06 0.0 0.0 0.0 2.1429279085824824e-06 1.3673134840146684e-05 2.681591289459536e-05 5.059143132142317e-06 2.1632662383391066e-05 1.4230633282945382e-05 8.537451304270191e-07 0.0 3.488979561591855e-07 0.0
3.8249753925441514e-07 6.402970659837608e-08 6.066472627209433e-08 0.0 1.0003114972685983e-05 6.558699414656098e-05 5.863391926437613e-05 2.756561177967435e-05 0.0006548433664444242 0.0028337004953973926 4.848116298341109e-06 0.0013988560806132795 4.7188167686965636e-07 9.887598836254746e-06 0.0001212633650039374 0.0 0.0 1.675104476585991e-06 1.2974003955306512e-06 0.0033196506663024684 0.0 0.0 2.1141107869874e-07 0.001659625017517429 0.0 1.31385817733213e-06 5.177463641579516e-07 0.0006755728402002996 3.361365208760548e-05 1.991907345067806e-07 5.8198415846460524e-08 8.572264065719139e-06 3.127780656964886e-06 2.735538247382631e-05 3.966688973423192e-06 0.00010734908582010893 2.8461645713360157e-06 7.349695038472875e-05 2.8279604521746804e-05 8.976412965401145e-05 6.459342525901244e-06 4.774271393611493e-07 1.9774798956261637e-06 5.328113596294247e-07 0.0 7.162715120072087e-08 0.00012933812822483445 3.8526270311033923e-07 1.5098345881970946e-05 4.165821684115359e-05 6.349353781865089e-06 7.73781862683498e-05 3.556897705704113e-05 0.0 7.790413460917876e-05 0.0 1.5557163041409612e-06 4.949425477735382e-06 5.8957832410333726e-08 0.0 0.0 4.921482398017307e-08 0.00010554089722644 0.0 0.0 0.0 0.00013492473468399807 0.0 4.6244536369979424e-08 6.311442710038868e-08 0.0001795040441235601 1.936909717950479e-06 3.22107224531009e-07 0.0 3.663624418371106e-07 7.340273624780029e-08 2.470907064877287e-06 8.271631022077114e-08 1.1505712104484123e-05 2.176147633050282e-07 7.099688470875337e-06 8.335584653855951e-07 5.076106819846254e-05 4.200857262358041e-07 1.9074379873053105e-06 3.224927533313236e-07
1.281974685424544e-07 2.1323044387614e-06 4.556361447215356e-07 1.0003114972685983e-05 0.0 0.0006643428312029741 3.908929700057193e-06 6.929995973640103e-05 0.00012218230963867568 1.6019357891334817e-05 8.353661379792127e-06 0.00012345435594683627 6.622325736659734e-07 2.3761448255552397e-06 0.0009170123939065146 6.175429676607169e-08 3.4531379596824205e-07 5.078723690067036e-07 5.3194617143145955e-08 2.2345386419507663e-05 9.884096459239214e-08 2.4246307936760693e-06 6.422278934914908e-07 2.948944883767284e-05 3.458083228646605e-07 1.0844081261210503e-06 2.125124224380499e-06 8.729532816106081e-06 1.9769087832128172e-07 6.725818562633885e-07 0.0 8.27144402664831e-05 0.0 7.369244671045579e-05 1.3915565516003575e-06 2.2473203547362535e-05 3.2347481009263756e-07 5.851616608246415e-05 4.643331613728074e-05 0.0014866419794364956 1.7760978139865334e-05 5.666783954248019e-07 1.9332660829915907e-06 0.0 0.0 0.0 8.203880474529455e-07 0.0 0.0 5.363421304652419e-08 0.0 1.1658920758123256e-06 6.518087292496971e-07 0.0 6.021931414592361e-07 0.0 0.0 1.5871577564342953e-07 2.2521904266122067e-07 0.0 0.0 0.0 1.9860467822870156e-07 1.0061288407316212e-07 0.0 0.0 5.977164158719543e-07 0.0 6.052784505310055e-08 0.0 8.446188630741603e-07 0.0 0.0 0.0 0.0 0.0 0.0 0.0 0.0 0.0 0.0 5.7346606010950175e-08 3.942327314267075e-06 0.0 0.0 0.0
8.418249603192535e-06 6.549001571443942e-07 3.30872343967841e-05 6.558699414656098e-05 0.0006643428312029741 0.0 0.001502907700755416 0.003128200075152359 0.00010642964332700902 0.005044037849319292 4.588538196598519e-05 0.0019008422303426027 1.4965152026996631e-05 0.00022333297255338138 0.001208318473467076 8.678400347292849e-07 1.9737551351937417e-05 1.171429435397668e-05 2.0994884685473404e-05 0.0005272112739092753 1.1794019452312907e-05 1.0393258749621365e-06 1.878477848963252e-05 0.0002516923024932469 1.0631089569318507e-06 6.075602775623808e-05 3.2289433778936065e-05 0.0006601207979163185 8.59668284852606e-05 3.744153408331807e-05 6.55350472920079e-07 0.00026076543071838174 2.819157404245036e-06 0.00032299841743527256 4.541066098584e-06 0.00018322011674858882 1.2619987565585136e-05 0.0003116280322017079 8.449457850057201e-05 0.0015552399715454272 7.388104338558372e-05 7.112612656300305e-06 4.275864523891816e-06 2.9636822501583633e-06 6.388767067675971e-08 2.316182050458522e-07 3.2505933303237206e-05 4.6869315919648795e-07 1.5941027011190433e-05 0.0001767458389873089 1.188478272106908e-05 1.7023112246940576e-05 3.40652710198413e-05 9.098358647370673e-07 3.1363181627753627e-05 0.0 6.202215754684367e-06 2.024911292729249e-06 1.724763115689096e-06 1.3641259447804234e-07 1.6731611059685458e-07 6.366106422202325e-08 5.019537447533335e-05 1.0467206586125753e-06 2.4153026863054264e-07 5.532979901805012e-07 0.00012721019967994966 1.4713709169765388e-07 2.671199354561643e-07 1.4115362935144666e-06 0.00014081290341740884 1.0420233876417246e-05 9.583934574508382e-06 0.0 1.1212635053044184e-06 5.534257265752128e-07 4.214793497276986e-06 2.2609219201101403e-06 5.052690392828659e-05 1.3487140091852133e-06 1.747797138706198e-05 5.065083659633977e-06 1.6499495001050846e-05 1.37578909902899e-06 1.8416860516048715e-06 1.8733395912738892e-07
0.0005491748305812533 7.84508414815764e-06 0.0006373779770230347 5.863391926437613e-05 3.908929700057193e-06 0.001502907700755416 0.0 0.0024147999977965225 0.00034210368893999117 0.001796567802083814 3.311382693964218e-05 5.264619396478138e-06 4.4912264530528765e-06 0.005202928225656109 8.689185913419916e-06 2.2233455058967964e-05 9.27127555332795e-05 1.526222572222696e-05 2.9283854215637363e-05 3.801375907240522e-05 0.0007015325273115593 1.8197668623747577e-05 0.0006309155701791562 0.0016848753229136851 1.7267770866409787e-06 0.00039778080446098164 0.0005366708080551049 0.00913567270358193 0.0005442265694744745 0.0012999635862724604 8.351884969038053e-07 6.762967694955669e-05 4.860024158255353e-05 0.0002342358990549329 3.267417532251977e-05 0.000994888465097533 0.00012629667269971508 0.0007475715499596973 0.0002693683021673269 4.991516743721211e-05 2.8432063614804388e-05 3.6134550771056676e-06 1.2501444964830869e-05 3.6740996761731706e-06 2.217778806030498e-06 2.4683076438021703e-06 3.095990870391669e-05 3.517074790949007e-07 2.270438823237208e-05 0.00022699702645393843 1.3235896325463944e-05 7.79447136023505e-05 2.1903192708285317e-05 6.462087557779703e-07 2.0713535472640637e-05 6.552821683374565e-08 1.700766982223393e-05 1.2306600742395675e-06 3.352648214295603e-05 4.5288423036050067e-07 1.7830907713851993e-07 4.707969556144425e-07 3.5159081294908725e-05 1.105043738555527e-05 1.5685414285909885e-05 1.3637723283622158e-05 0.0003394683590084145 9.751875473246073e-08 3.981272553079824e-06 3.829424001615063e-05 0.0002884286280682348 2.2038884818522905e-05 4.4663054762066724e-05 0.0 1.9402310599007617e-06 2.6647945888243457e-06 1.496556336272017e-05 1.0945108454506954e-05 0.00017660065662566596 1.536613639650958e-06 6.358395940221627e-05 2.0510711703725456e-05 1.7768850287161603e-05 1.200359894584802e-05 0.0 8.814396675669753e-07
0.0002209794755915464 1.707729878160024e-06 0.0003315027014116725 2.756561177967435e-05 6.929995973640103e-05 0.003128200075152359 0.0024147999977965225 0.0 2.4286201545398546e-05 0.0011080832243589983 9.685796609600255e-05 0.00015033727713089314 1.2516878874732446e-05 0.003026183800218129 3.707645614087291e-05 8.563978501726789e-07 0.00020428425484231882 3.5735926517936025e-05 0.0001675515615810355 0.0001801005795636511 4.5535128564066345e-05 1.9860505385379086e-06 0.00013569653073396094 0.00011357422048041407 4.956683719040797e-07 0.00044783163583654963 0.0001249965463256142 0.0002704857259394206 0.0002622894771596287 0.0006233980140458107 1.5379299645587283e-06 0.00016446212307222224 7.879286955554408e-06 0.00046149182962632534 2.900881190794446e-06 0.00013447460756565703 4.829888552027559e-05 0.000365040142834234 7.900001455939648e-05 0.00019023643076826745 5.588936542253781e-05 1.089013961735835e-05 3.385796709841617e-06 7.751130629175479e-08 5.226316715211658e-07 1.2332735752894403e-06 8.660157616067855e-07 0.0 9.278830370448752e-07 1.877606297571272e-05 1.2767408819810606e-06 4.669007574093896e-06 2.385451832055239e-06 1.003558935101892e-07 1.1199254542796685e-06 0.0 1.5620430524994904e-06 1.0494970721296863e-07 4.1951913516486e-06 2.775339907103303e-07 0.0 1.0396079183344296e-07 1.7586036859048045e-06 1.9025697763724616e-06 2.2364515253659224e-06 1.8389751409940505e-06 2.7438215337600826e-05 9.206972813586548e-08 1.5438761860876367e-06 9.145811990142882e-06 2.107952469491638e-05 1.9934518276139726e-06 6.3389689509110695e-06 0.0 0.0 2.0133842703586463e-07 9.011358292437505e-07 1.1690162790245314e-06 1.019835016976935e-05 0.0 3.520611924024265e-06 1.4521482290542675e-06 3.6707083161789297e-07 1.536084485562385e-07 9.963447569581554e-07 1.1839150114720618e-07
7.229883615781941e-06 0.0005131713768753303 7.048618975345813e-07 0.0006548433664444242 0.00012218230963867568 0.00010642964332700902 0.00034210368893999117 2.4286201545398546e-05 0.0 0.00011186035049231341 4.563560575536584e-05 0.000645579461028586 6.495093171651044e-05 1.8432227734598678e-05 0.0009959872570060827 5.2612905993005434e-05 3.048525734328057e-07 6.662133357221246e-07 1.9107545181998125e-06 0.0004655624548399243 0.00010309215998866212 0.0010534400832629847 1.056601440311656e-05 0.004787571661915809 0.00011560349277088386 4.0886602546959736e-05 0.00042542756552127947 0.0009063551058331701 8.588173279771936e-05 0.00019202943844293037 1.2857619208527523e-05 5.7921474293359205e-06 1.3813668862788001e-05 3.92924952156768e-05 1.1129018989480639e-05 0.0002979045228535857 2.0271313634878894e-05 0.00010735671804940822 4.8980960849633475e-05 0.00027569912389119084 1.1722074494604015e-05 9.120847612609748e-07 4.3417164035486586e-06 8.742531639715873e-06 2.581852502628705e-06 1.7354680011743776e-07 9.400240737505497e-05 3.606962781654115e-07 1.6547485840893286e-05 0.00030193650002561536 1.672140787472441e-05 2.5998241036550553e-05 2.9061962118279088e-05 1.7150479426530973e-06 4.9381338439054654e-05 2.123582443280337e-06 2.0373580748935354e-05 5.723137731123749e-06 0.00026181620150798375 3.009448363304748e-07 2.0046433743013002e-07 1.1007205882644268e-06 8.315799941070144e-05 0.0001821745008859345 4.860125511163808e-05 2.9101122184096507e-05 0.0008119569883994175 2.1824176224054897e-06 3.6829231715671705e-06 4.401763157342269e-06 0.0003862105153398024 3.8131166660143597e-05 0.00016480898669635416 5.85132502867427e-07 2.2290958124522123e-06 3.657692954564891e-06 1.3164776225177867e-05 7.3515362968178054e-06 0.00014861080844820094 4.803672175502508e-06 5.537999703473534e-05 2.058379265766204e-05 4.8188461948435986e-05 5.201930809861723e-06 2.23541124910221e-07 1.6851199778699743e-06
5.979691499869653e-06 6.304748946853611e-07 2.9292527838052607e-06 0.0028337004953973926 1.6019357891334817e-05 0.005044037849319292 0.001796567802083814 0.0011080832243589983 0.00011186035049231341 0.0 9.01470965050753e-05 0.002811515941928309 1.1309849207807504e-05 0.00022600572780720092 3.5002461273392585e-05 9.401253746346914e-07 2.48260269852525e-06 3.360861421297682e-05 2.0731954303780413e-05 0.0032463904273603524 4.9991809536547e-06 5.411570475004209e-07 3.5464633017840573e-06 0.0006298707572568928 1.4028793952455045e-06 3.507504705609492e-05 1.6234637574351815e-05 0.0039318973553520925 0.00033151532764096725 3.4408584509592485e-06 1.2544271575396612e-06 0.00012306823300499702 8.457688395235654e-06 0.0003639416069043985 4.2761914551782056e-05 0.0006900922973275036 1.72010737109803e-05 0.0009640533122772242 0.00021678029431869877 0.00022836718928096654 8.903564289046755e-05 5.843438362298942e-06 1.61995428697609e-05 8.741160951786923e-07 6.420070431213494e-08 0.0 6.329996966194142e-05 5.27243011212862e-07 2.1411950813163695e-05 0.0001100466932412221 9.296158810160425e-06 3.76151940434767e-05 2.8593287072134875e-05 3.4334609324526954e-07 4.417320262727375e-05 0.0 3.62703424863767e-06 3.87706577215521e-06 1.2672796925981714e-06 5.8026902662439404e-08 1.1840306104512466e-07 7.860500054783021e-08 7.1631244979632e-05 1.2543289174988453e-07 2.09768613846889e-07 3.724685021031743e-07 0.00012025219553701594 0.0 6.672559984222359e-07 4.084197178093035e-07 0.00015553736703894353 8.188542633011573e-06 3.299299410928557e-06 0.0 8.563858273060987e-07 4.256029046830919e-07 3.43854754527194e-06 6.253362246197882e-06 3.306111945621549e-05 7.369055002330721e-08 1.634187197463468e-05 4.935939959513436e-06 2.71652556443164e-05 5.088722562662189e-06 3.5895563150179316e-06 1.4167955411428404e-06
1.791231793697715e-06 0.0002905739123393452 1.3160962948001095e-05 4.848116298341109e-06 8.353661379792127e-06 4.588538196598519e-05 3.311382693964218e-05 9.685796609600255e-05 4.563560575536584e-05 9.01470965050753e-05 0.0 5.961585438425393e-05 0.0008138987495755175 0.00012343120462140168 6.6334889563470026e-06 1.642705213725159e-06 0.00013387632930151786 0.001597250230019273 0.0008732671901183403 5.7147749988467015e-05 9.13667859689094e-06 3.420469966423393e-05 1.6631499728177473e-05 2.8010964326073923e-05 0.0004199375573921935 0.001048857626350908 0.0007067846358390785 1.7392251956639033e-05 0.0003748549119939864 2.3017943738431986e-05 0.00031861937445067345 0.0001476960122990418 3.93033870736811e-06 0.0038406432361622824 1.2191401787226283e-05 0.00025017025038735313 0.002457082754135708 0.0031580723160441753 0.0002407614573777233 1.508161786965735e-05 3.441347944861301e-05 0.00034091991206977655 9.109649307534534e-07 0.0 8.567620914830239e-06 9.859503468484285e-07 4.432150869097726e-07 1.1369727574648779e-07 1.5601013905705083e-07 7.389903960747436e-07 2.889735072310416e-07 2.4645117064722765e-06 0.0 0.0003287910321956757 3.941160289593319e-07 0.0006347805122291564 1.3857224782636e-07 0.0 1.449510204983955e-07 7.273398994848389e-08 3.1965185543897893e-06 2.4991465161317976e-06 0.0 0.0 3.3371533610131236e-06 0.0 3.522674606915931e-06 0.00022817857742333028 0.00012784239597803002 0.00011302965598833808 1.4092108687481044e-06 6.771452667664401e-08 6.339562090132382e-08 0.0001312398932757616 1.6400301617076747e-07 0.0 5.731610076720205e-06 2.01091420368212e-06 7.044093957831552e-06 0.00028582569770498284 1.650425772672197e-05 2.0655728852376478e-06 3.594200024332948e-07 0.0 0.00021897588262154488 0.0
0.0 5.6532661570873355e-06 3.0071879307472855e-07 0.0013988560806132795 0.00012345435594683627 0.0019008422303426027 5.264619396478138e-06 0.00015033727713089314 0.000645579461028586 0.002811515941928309 5.961585438425393e-05 0.0 7.232820875112367e-06 2.083855631273607e-05 0.0008694122636746269 5.17582735759794e-08 1.04091972333166e-06 2.0314277923733387e-05 1.2054687246496372e-05 0.0015547778983083006 1.1731033568222732e-07 7.917712605115674e-06 3.113773291922621e-07 0.0002136989060473846 5.719808356428546e-06 1.9412404427907108e-05 1.1476043588293466e-05 0.00035165214690849165 7.424621088144115e-05 2.590279973675107e-07 7.612847187882166e-07 7.500096836734892e-05 5.47078278267355e-07 0.00020215196537128654 2.8007112484084938e-06 0.00011293254776271367 7.636472068210097e-06 0.0003102696059929865 3.675584296394121e-05 0.0008860987375044319 2.5295671793237695e-05 9.511375734672992e-06 1.558437361879352e-06 0.0 7.203527955373727e-08 0.0 4.637623990496809e-05 7.049802695528616e-07 8.747102352714306e-06 4.783718016186599e-06 2.634457226104042e-06 4.9171855223909635e-05 1.0950707382719536e-05 9.730815458394197e-07 9.198211694867152e-05 0.0 0.0 1.056631635891417e-05 0.0 0.0 0.0 9.776427608209843e-08 6.571528696755623e-05 0.0 4.935835094725176e-07 0.0 3.408029938828691e-05 1.5760818278176434e-07 3.387629421403224e-07 2.9239043073199154e-07 4.7238327282024816e-05 3.4933684090451673e-07 1.6765595823161288e-07 1.5558741239529223e-06 1.0513589220797293e-07 0.0 2.856445239114076e-07 0.0 2.8422296861332052e-06 6.963611390263551e-08 3.3803485184977615e-06 1.411684710767015e-07 0.00011337520998390279 0.0 0.0 7.359121699462075e-08
1.5225652279026247e-07 0.0010705949914190942 3.1703093591291506e-06 4.7188167686965636e-07 6.622325736659734e-07 1.4965152026996631e-05 4.4912264530528765e-06 1.2516878874732446e-05 6.495093171651044e-05 1.1309849207807504e-05 0.0008138987495755175 7.232820875112367e-06 0.0 3.1474427451027507e-06 1.0319461974541045e-05 8.221499119225904e-06 3.1744326964415456e-06 1.0444845891843143e-05 2.607267553902986e-06 1.8428136194164867e-05 3.042056902319183e-06 0.0001200933914727715 8.029071951169066e-06 7.60633691110963e-05 0.0026682386032515315 0.00014541175631451622 0.002390727123013005 9.546517709796099e-06 4.635694477915536e-06 1.517490303848864e-06 0.0006180310299873018 6.444399505967017e-06 2.4986762783850515e-07 0.00045762891010981083 3.391307593346971e-05 0.0011957189930506221 0.0032719282334435916 0.0020841622483447025 0.00040030612297260347 0.0001472018763724987 4.936270552547837e-05 0.00048191379126381396 3.0241619798807805e-06 0.0 1.9649283150165496e-05 2.2822586183981553e-07 0.0 0.0 0.0 1.0756839923929728e-06 0.0 1.8078770539427265e-06 0.0 0.00041021604130370284 0.0 0.0009351789747335245 9.552152701835551e-08 1.0426363538539299e-07 3.464387143581666e-07 2.414092428949861e-07 5.123580356165992e-06 9.155713305218033e-07 0.0 0.0 2.7121020296479763e-06 4.0252514353695e-07 1.9374890444779122e-06 0.0006117218850480044 0.00020349916550635883 0.00019826918199343657 4.746224131625967e-07 1.12858777453213e-07 2.6787345752213104e-07 0.00020694514194223026 2.1240072432780392e-07 0.0 2.2436671305986255e-06 7.777270784831082e-06 7.691755183759298e-05 0.0003129922819213987 2.3389347823080843e-05 1.6975865154320616e-05 2.968127669518384e-05 3.1616712182502877e-07 0.00010864724761771854 6.638077887400909e-07
0.0016806835940497676 1.7312708847942614e-06 0.0002807384441037006 9.887598836254746e-06 2.3761448255552397e-06 0.00022333297255338138 0.005202928225656109 0.003026183800218129 1.8432227734598678e-05 0.00022600572780720092 0.00012343120462140168 2.083855631273607e-05 3.1474427451027507e-06 0.0 5.463952849427346e-07 8.235148375622084e-07 0.00019469761484123047 3.757468297305776e-05 0.00016070094767984083 4.154827308621643e-05 3.4295057262666576e-05 1.5581258507903998e-06 0.00010599480237667857 7.986941802497693e-05 6.25728143819493e-07 0.0003264183935129326 8.924243198358182e-05 0.00016222926307636284 0.0011201538567903032 0.001748005447618038 8.477614370737686e-07 0.0002459505898771343 1.0510291852987078e-05 0.0003165541726276587 8.143780507977012e-07 4.4184122817050986e-05 3.341880892952093e-05 0.00022419279911605082 2.547762607083738e-05 9.738459605556883e-06 2.4772240383923257e-06 1.6352284798487665e-06 8.750948109290471e-07 3.351216124789962e-07 6.477755467315978e-07 9.795003390498726e-07 6.270263556749925e-07 0.0 3.584598722496181e-07 1.2614816611330667e-05 1.9937027088997624e-07 2.5404561836274206e-06 4.786614185855102e-07 0.0 1.4616647073956561e-07 2.1236791560018565e-07 8.015720369303595e-07 1.327948857641969e-07 1.7481394773032698e-06 2.2178156716999955e-07 0.0 3.1052812534529985e-07 1.248586707644845e-06 1.2421216032496264e-06 1.1039713680632543e-06 4.919653528618303e-07 1.4422657248253938e-05 7.836785081708141e-08 1.3170403614030948e-06 8.501611520825298e-06 1.2863743429574585e-05 9.571281755539256e-07 1.637368569191482e-06 9.997193498502532e-08 0.0 2.042460659177026e-07 1.6687989388741782e-07 9.462503736600197e-07 6.776529133356073e-06 0.0 2.9870110119121158e-06 1.6174767149570875e-06 2.3370318202636145e-07 6.833282466505273e-07 0.0 7.193513990954787e-08
0.0 2.7149153818595377e-05 9.279816398240236e-08 0.0001212633650039374 0.0009170123939065146 0.001208318473467076 8.689185913419916e-06 3.707645614087291e-05 0.0009959872570060827 3.5002461273392585e-05 6.6334889563470026e-06 0.0008694122636746269 1.0319461974541045e-05 5.463952849427346e-07 0.0 9.214720140713393e-08 0.0 3.3645231327963644e-07 7.263197933815735e-08 0.00020242140018346017 1.6686956061780863e-07 4.021121226552138e-05 0.0 0.0004944292823350956 6.5375844110594255e-06 3.637217225255287e-06 3.562989855432405e-05 7.07414786011363e-05 6.277733995207097e-06 2.4858950023174257e-07 8.056738629050497e-07 0.00017894695839107232 3.767894315765611e-07 0.00014446337071984377 1.1283485581474593e-07 2.9632267014049428e-05 3.4468509550356856e-06 2.9403470579130892e-05 1.0058601437435346e-05 0.0004965072940952791 5.0565857085295315e-05 1.3108926167751567e-05 0.0 0.0 0.0 0.0 8.94533415980135e-06 0.0 8.069876152343819e-07 1.5103784226878215e-06 5.819611054889875e-08 1.4651783254812096e-05 7.759918728944804e-07 0.0 1.9996882503093612e-05 9.054835583979014e-08 0.0 4.640719873868264e-06 6.482822730908903e-07 0.0 0.0 0.0 1.4220801508626912e-05 2.6958945802519167e-07 0.0 2.1789116991454622e-07 6.571931301940233e-06 0.0 2.7500200078211366e-07 3.7148754310260405e-07 1.0830837565361772e-05 0.0 1.9270752660503683e-07 0.0 0.0 0.0 0.0 0.0 6.545597367649001e-07 7.73510399051965e-07 4.1161305608399855e-07 0.0 4.78182308354604e-05 0.0 1.0303011504780696e-07 0.0
5.839753962233481e-07 7.243764782726394e-05 1.8630690897148895e-06 0.0 6.175429676607169e-08 8.678400347292849e-07 2.2233455058967964e-05 8.563978501726789e-07 5.2612905993005434e-05 9.401253746346914e-07 1.642705213725159e-06 5.17582735759794e-08 8.221499119225904e-06 8.235148375622084e-07 9.214720140713393e-08 0.0 3.4111644142177352e-06 3.98353375884268e-07 9.889764866161125e-07 1.1131366488783701e-07 0.0021629295790263335 0.0014079371036425372 0.001891518752510615 0.0018570090511349923 1.2959891310236056e-05 1.1125535913962702e-05 0.002547921975311093 0.0009660310154907957 4.819866571091464e-06 8.599518331594214e-05 9.829150002091156e-07 5.639226054910545e-07 5.150381311287704e-07 3.129334873307838e-05 4.74104436855746e-05 0.0017698995335466104 0.0005361934194566915 0.0004061393235179763 0.0005371135583453428 4.985631710898869e-05 5.413567874541735e-07 3.230613642820361e-06 1.2199407990200851e-05 6.057446074715085e-07 1.619986019420892e-06 4.6265314594421267e-07 0.0 0.0 8.405283488080033e-07 2.601673585659815e-05 4.1798967141752903e-07 4.937964177823217e-07 1.0137372486227847e-06 1.1828841186762713e-07 0.0 3.073874509490656e-07 1.7797796672470695e-06 0.0 0.0016916325315032943 2.881256063783534e-07 7.372872011894024e-07 2.904853624187563e-07 5.762849856046304e-07 0.0001227116926008179 0.0006123489635998162 0.0007000034034452731 5.3908327460016296e-05 9.333247754647068e-08 1.5774193967822406e-06 0.0002994806484534198 4.701572034673462e-05 1.6133701542925817e-06 4.02782925442233e-05 0.0 5.5094511662267405e-08 0.0 9.922430121223028e-07 1.7496763452081735e-05 2.5505731609599783e-05 3.223171693640925e-06 5.526829768831526e-06 5.071659346719068e-06 1.6378196247624502e-06 0.0 0.0 0.0
3.386173962003212e-05 1.953202525880958e-05 0.004728931408696037 0.0 3.4531379596824205e-07 1.9737551351937417e-05 9.27127555332795e-05 0.00020428425484231882 3.048525734328057e-07 2.48260269852525e-06 0.00013387632930151786 1.04091972333166e-06 3.1744326964415456e-06 0.00019469761484123047 0.0 3.4111644142177352e-06 0.0 9.665765560258133e-05 0.0021115661304036562 1.0002961324364845e-06 0.000857542351378097 1.1031117020791173e-06 0.0018226899327609698 3.074078101152757e-06 3.3570907818641264e-06 0.0017575777462770826 0.002437503155252959 1.7019437168295695e-05 0.0002935885581129383 0.001216293752402175 1.1651307500993329e-07 1.6833584021591338e-05 1.6989479673748563e-05 0.0014306787492779417 1.2131250455016775e-06 5.9847779074553674e-05 0.0008392041802422139 0.00043763254602661485 4.990741694089773e-05 2.508470929298894e-06 1.3037619476776294e-06 2.121466668860806e-05 4.3559489479566926e-07 0.0 2.83332434408459e-05 7.45025429502456e-05 0.0 0.0 0.0 2.3885929837387533e-06 3.077229409509587e-07 4.910391196207699e-07 0.0 1.2660904215643024e-07 0.0 3.9449305250031927e-07 2.6022380246424135e-07 0.0 2.0726638421243406e-06 2.3521868827085228e-05 1.1368552827466838e-06 9.78022277710722e-06 0.0 5.523518970157255e-07 1.8868179883696197e-06 1.7441199833843574e-06 1.509884330122828e-06 6.670340216541147e-07 7.990397801985535e-05 0.00021219448410790217 4.577254936535285e-07 1.0498397643966325e-07 7.737111269903867e-07 2.0956534196726536e-07 0.0 0.0 4.607739690340486e-06 2.0242547745300428e-07 3.814595544469334e-06 2.102960010179519e-06 1.4311747630912876e-05 2.6636644202743427e-06 3.1463081043709354e-07 0.0 0.0 0.0
3.479344291219379e-06 3.4809657888410256e-06 1.262123942807289e-05 1.675104476585991e-06 5.078723690067036e-07 1.171429435397668e-05 1.526222572222696e-05 3.5735926517936025e-05 6.662133357221246e-07 3.360861421297682e-05 0.001597250230019273 2.0314277923733387e-05 1.0444845891843143e-05 3.757468297305776e-05 3.3645231327963644e-07 3.98353375884268e-07 9.665765560258133e-05 0.0 0.0008288542140787299 1.8019314963204245e-05 1.582327893625235e-05 0.0 1.7138294439780704e-05 3.981369518763603e-06 3.970941970598034e-06 0.00040961674494522624 0.00012379982403546344 7.794868643666493e-06 9.443848455432832e-05 3.126784704461706e-05 1.2532724077401701e-05 1.740868519632858e-05 5.514310852808771e-06 0.0007001632008779875 5.805315532425262e-06 0.00021722944191467395 0.0005504711207970253 0.0011955184575592043 0.00022654549685556275 2.956785921478656e-06 7.748162045480873e-07 6.8184848950967125e-06 9.347245970092176e-07 0.0 4.156397236307274e-06 2.691447408293004e-07 1.5645646948394798e-07 0.0 0.0 4.1539407341352415e-07 0.0 5.676693106380303e-08 0.0 7.499238649386752e-06 0.0 2.125018585432271e-05 0.0 0.0 9.617507649068081e-08 1.4441143338717187e-06 1.145594684894844e-06 3.132686879056704e-06 0.0 0.0 5.516779435121857e-08 9.352728712262227e-08 6.74149496788374e-07 4.05646103104802e-06 6.103442916169154e-05 7.057583384559032e-05 3.6603773852774257e-07 0.0 1.8132241128848504e-07 1.8002713923625714e-05 0.0 0.0 2.612573489773077e-07 9.514201108319272e-07 1.1989543002506412e-06 7.984358203973192e-07 5.753191757023231e-07 3.7378470768912486e-07 1.415745375486689e-07 0.0 0.0 0.0
2.6969366444337784e-05 7.488458244167037e-05 0.0001569295575378276 1.2974003955306512e-06 5.3194617143145955e-08 2.0994884685473404e-05 2.9283854215637363e-05 0.0001675515615810355 1.9107545181998125e-06 2.0731954303780413e-05 0.0008732671901183403 1.2054687246496372e-05 2.607267553902986e-06 0.00016070094767984083 7.263197933815735e-08 9.889764866161125e-07 0.0021115661304036562 0.0008288542140787299 0.0 1.0941867072494666e-05 8.91386939345626e-05 9.203432487459391e-07 0.0002389033112724295 3.823832289508864e-06 2.308932546374053e-05 0.0016445071563990707 0.00042961429120935354 6.844148016434705e-06 0.00030947789151343345 0.0002559538676095556 7.331518171460645e-07 2.1125407523894186e-05 3.262468395828964e-05 0.0019045610356807248 4.270787781373518e-06 0.0002679165588592551 0.0007575630727650718 0.0016162552135961905 0.0003121082008076116 2.1323861360250957e-06 1.0096432310679935e-06 1.187438078413895e-05 1.1913753696218825e-06 1.5727557559504168e-07 9.364442078564499e-05 1.5364553587794838e-05 5.591232909770544e-08 0.0 7.085495288349277e-08 7.701454425900474e-07 1.6492997488849324e-07 1.697125175274787e-07 5.73633301572368e-08 9.907618417338108e-07 0.0 1.5411662586886115e-06 4.6235839241165643e-07 0.0 6.825488603868648e-07 4.4954271848841374e-05 4.658165726250783e-06 4.8449320667077144e-05 0.0 5.350623705359822e-07 5.214628713387301e-07 8.589401829162502e-07 1.8779764753808042e-06 4.568767938219337e-06 0.00032950860076450314 0.0003926223784964561 8.453186760025236e-07 3.7513351199629056e-07 4.205114712623205e-07 9.036590036759078e-07 1.2976515202329552e-07 0.0 9.101660081668508e-06 1.5643383222555101e-06 1.4109286533510175e-05 1.0470119632672473e-05 2.4349826140099513e-05 9.774782828514682e-06 3.2698192657086445e-07 0.0 9.72789751487999e-08 2.1197160488021875e-07
1.4060441774222446e-07 6.730496980279894e-07 2.883473779129448e-07 0.0033196506663024684 2.2345386419507663e-05 0.0005272112739092753 3.801375907240522e-05 0.0001801005795636511 0.0004655624548399243 0.0032463904273603524 5.7147749988467015e-05 0.0015547778983083006 1.8428136194164867e-05 4.154827308621643e-05 0.00020242140018346017 1.1131366488783701e-07 1.0002961324364845e-06 1.8019314963204245e-05 1.0941867072494666e-05 0.0 1.4278595471232412e-07 6.166692121560782e-07 6.617394404484123e-07 0.0004365159665948107 7.376064013764335e-06 1.806847402093864e-05 8.256289028159897e-06 0.002132812723043648 0.00016434971608536244 7.345167680819084e-07 5.608901798498947e-07 6.673209705373412e-05 4.255572273358338e-06 0.00019656470138446115 3.113084586901122e-05 0.0005745798723394333 1.6189079362771668e-05 0.0005231976186599762 0.00013790928534202981 0.0003487578096317681 5.810409686383529e-05 1.0441223095246894e-05 1.7362771119352563e-05 1.7528725252513328e-06 0.0 9.727335270464302e-08 0.0001867740757182357 1.6241320946992988e-06 4.7091870816306875e-05 0.0002180479217246261 2.027645658668865e-05 9.576822679028719e-05 9.269623893059362e-05 2.3370659081211427e-06 0.0001716059132982246 1.3919074532085176e-07 5.134658480304132e-06 1.115312287532265e-05 3.419532735051543e-07 1.196161248498954e-07 2.2191530306581899e-07 2.5209028310776556e-07 0.00024264979475287386 1.4019139719458935e-07 0.0 0.0 0.0002740435078083558 0.0 4.3722934599409127e-07 2.7599139344891915e-07 0.0003540943717474778 9.651274989096445e-06 4.757867607319985e-06 0.0 1.0147198160814883e-06 6.952745849879865e-07 6.404996567744361e-06 4.502684278313644e-06 5.6487620099139635e-05 7.442605449445892e-08 2.4653607074721448e-05 1.638671219818684e-05 0.00014675866015919094 5.411026787517964e-06 3.2735988082204753e-06 0.0
4.171308134807568e-06 5.673785730006469e-06 0.0004477751090740586 0.0 9.884096459239214e-08 1.1794019452312907e-05 0.0007015325273115593 4.5535128564066345e-05 0.00010309215998866212 4.9991809536547e-06 9.13667859689094e-06 1.1731033568222732e-07 3.042056902319183e-06 3.4295057262666576e-05 1.6686956061780863e-07 0.0021629295790263335 0.000857542351378097 1.582327893625235e-05 8.91386939345626e-05 1.4278595471232412e-07 0.0 0.00014200923765390945 0.006111069741793696 0.0004775293212555619 2.475905336593901e-06 5.9025706737564546e-05 0.0010251250891447012 0.0038369204589205554 5.3272596630076284e-05 0.006562163246719345 7.307905433321117e-08 3.517634391193163e-06 6.093402440350963e-06 0.0018774836272373893 0.00010930721192654276 0.0033709583463836144 0.00034077831216440893 0.0038704529682854647 0.0016370751367280692 8.34775182490392e-05 3.965320791252464e-06 5.247959020544974e-06 2.9777877335331872e-05 7.1163528655674e-07 7.420328065657983e-07 1.5390512507924533e-06 0.0 0.0 6.577721283478077e-07 6.705102213715007e-06 1.138642881114597e-06 1.5109167741022776e-06 8.66678861597581e-07 6.214035535526696e-08 0.0 0.0 1.497099374170274e-06 2.1380979474522412e-06 0.00037813393412211056 1.142978797408572e-06 0.0 2.294301149213999e-07 8.757721388536557e-07 0.00016021278165066213 0.00011058244312022037 9.486812210202859e-05 6.731144378473753e-05 9.185444293540749e-08 9.99540018700588e-07 2.2652904542168204e-05 3.8767316185577e-05 3.300138405600603e-06 8.85973264654191e-05 0.0 6.143079144777612e-08 1.2169044400544517e-07 1.7902675540705581e-06 2.3291206346861457e-05 2.9293671108138438e-05 1.8069477947003113e-06 6.043295824179846e-06 3.813015828576167e-06 3.579912820985623e-06 5.9179518033214726e-08 2.1359517201951066e-06 0.0
4.1814585890699354e-07 0.001094292567429895 1.6841364319723475e-05 0.0 2.4246307936760693e-06 1.0393258749621365e-06 1.8197668623747577e-05 1.9860505385379086e-06 0.0010534400832629847 5.411570475004209e-07 3.420469966423393e-05 7.917712605115674e-06 0.0001200933914727715 1.5581258507903998e-06 4.021121226552138e-05 0.0014079371036425372 1.1031117020791173e-06 0.0 9.203432487459391e-07 6.166692121560782e-07 0.00014200923765390945 0.0 0.00017181121966260737 0.0030206940580239693 0.00023075167686862177 4.6053525528061234e-05 0.0018619379838633533 0.0001440890705705296 4.143177614828943e-06 2.4509393233972557e-05 2.1281983420201296e-05 1.3039864111124793e-07 1.3683752763889573e-06 4.045516743036029e-06 4.12947379495093e-07 4.9932046277079014e-05 2.773095031247441e-05 1.709241535750805e-05 9.16778058337934e-06 1.2711811562364963e-05 2.614813303520048e-07 2.6376433955237932e-06 1.4257289844346316e-07 2.90986237235997e-07 3.361670367633093e-06 4.200185075772011e-05 6.856330860165085e-07 6.659880083972979e-08 6.436411793101668e-08 1.329243840171733e-05 6.230699925445884e-07 4.554768610694866e-06 9.659822984726756e-08 2.0542843394564318e-06 7.502928834174047e-08 3.10485903557948e-06 6.877913790960786e-07 0.0 0.000991145648080698 2.070822300748056e-06 1.4801889426583127e-07 2.634711696590177e-07 6.400313506093119e-07 7.105694973310404e-05 0.00021824686591638844 0.0003626821370158321 3.360107700441564e-05 3.314812550518591e-06 3.4725499492856344e-06 0.0009260517366499315 2.4471127294280873e-05 4.109770135090988e-07 9.626281158165264e-06 1.2313219094190712e-06 3.3511703052110946e-07 0.0 2.5332182174856553e-06 1.5007186054305425e-06 2.7169804144364826e-05 5.078570213569321e-06 1.2525255848784636e-05 6.725565180362747e-06 1.1432504311452916e-06 4.677715079133143e-07 2.2890514186939865e-07 0.0
1.1873760606593228e-05 5.937635412342787e-06 0.005639433878640774 2.1141107869874e-07 6.422278934914908e-07 1.878477848963252e-05 0.0006309155701791562 0.00013569653073396094 1.056601440311656e-05 3.5464633017840573e-06 1.6631499728177473e-05 3.113773291922621e-07 8.029071951169066e-06 0.00010599480237667857 0.0 0.001891518752510615 0.0018226899327609698 1.7138294439780704e-05 0.0002389033112724295 6.617394404484123e-07 0.006111069741793696 0.00017181121966260737 0.0 0.00019496363503042786 2.2798927864906797e-06 0.0011638125301176446 0.00382958835002972 0.0012722438983981536 5.06371990239362e-05 0.003109274388709366 9.802571878081802e-07 5.992200774689355e-06 2.8021926144847706e-06 0.0015251424853792407 0.00022765104031246847 0.005288733781246623 0.0027282743479367442 0.005576382657377545 0.003833270808156426 0.000242908000990413 8.494392436168318e-06 1.2807645053895184e-05 5.230451489281852e-05 2.2367562446568822e-07 3.4119877634127476e-06 1.649885052958259e-05 0.0 0.0 2.5702428809214485e-07 1.7493280734529255e-05 4.955676261050447e-07 1.2678011146328105e-07 1.1233701654460523e-07 0.0 0.0 2.688500063882354e-07 6.156146411383337e-07 0.0 0.0007227728542339172 2.291296854885115e-06 5.884145545288314e-08 1.1896862881214065e-06 0.0 3.3898405835947855e-05 0.0002628662690338703 0.0003722049355381066 2.2282197731279397e-05 1.8986559586301847e-07 1.0684463193055967e-05 0.00043577585696483753 2.3741604793475312e-05 5.952083953109327e-07 9.914325382289526e-06 1.1826229948054552e-07 0.0 7.046381118476689e-08 1.0195032989764145e-06 9.753928166037688e-05 4.224588325741697e-05 3.2571926689026784e-06 1.0053365109142157e-05 1.1755535282558253e-05 1.6147260797259632e-06 1.1887306492110332e-07 8.335591622250237e-07 0.0
