0.0 8.063707116514681e-08 6.825583503577618e-06 9.763841391336496e-07 2.5033085792730547e-06 9.596053350029366e-05 0.002294864415484089 0.001175861390715582 2.386528922753596e-07 7.417429102915084e-05 9.254464063924425e-06 3.186898901202224e-06 1.65008660868306e-06 0.0041372933472828945 7.34399961024827e-08 0.0 5.973150285599878e-05 4.908222244021845e-06 3.57578827108997e-05 1.6591707836263789e-06 1.4463201873185327e-05 8.361927335345424e-08 3.243176421938496e-05 3.626975942165116e-06 0.0 1.7650117691771878e-05 1.959885409576106e-05 4.112337396060362e-05 0.001318930520417075 0.002028545371597224 1.8587315873723318e-07 1.1056028682484307e-05 2.4016368606436296e-05 8.339353426535366e-05 8.326377806184504e-07 2.4189574508181776e-05 7.749159419361697e-06 7.917407039121938e-05 2.1835541551658267e-05 2.635061997222442e-06 1.3557792208442515e-06 3.151784366377123e-07 8.127320165123197e-08 7.978047366414213e-08 6.826524872176822e-08 5.788486141220819e-07 0.0 0.0 0.0 3.337699321682171e-07 2.712742290238421e-07 1.2825272037791166e-07 3.592535063799957e-07 0.0 1.0859174994051023e-07 0.0 0.0 0.0 0.0 2.5214602765291664e-07 0.0 1.8863799805303931e-07 0.0 5.708645833197131e-07 0.0 0.0 5.37312218718397e-07 4.183243236289156e-08 1.8962704651001378e-06 6.656761970858764e-07 1.3657629908410335e-06 5.255298533514913e-08 1.2840130481673204e-07 0.0 0.0 0.0 0.0 0.0 1.1428027548228033e-06 3.7702534715758396e-07 1.425818715260263e-07 0.0 0.0 0.0 0.0 0.0
8.063707116514681e-08 0.0 0.0003057881783912044 0.0 2.1202211297484305e-07 2.9118403734024315e-07 4.243644913352041e-06 4.456483434967952e-07 0.00012050023957220652 6.311103932956817e-07 6.982100378055972e-05 2.711199005785937e-07 0.0003984380051984993 6.351527195935146e-07 3.5301938924624478e-06 0.0003013059808582022 0.00010151995194965161 2.713065059657736e-07 3.92496446304786e-06 0.0 5.5370145420345857e-05 0.002089004304144943 0.00022422376590877985 0.00045610700181498753 0.0005762318612086591 0.0001269334656823975 0.0047254044485988515 0.00012545126308635682 1.0253058764132197e-07 1.7293686694992666e-05 4.984756851405695e-06 0.0 0.0 2.533405122072554e-05 7.460526687802376e-06 0.00031462545711003566 0.00010308381610280289 0.00017891715690774397 8.393441831600236e-05 4.5764061872478855e-06 1.4280616787856445e-06 4.7007418881519585e-05 4.4200302818913456e-06 9.994231992725217e-08 2.1606231755871824e-05 0.00012800050206095937 0.0 0.0 0.0 2.211909554170517e-07 8.315816431640209e-08 6.312726605180171e-07 1.1852154853153792e-07 3.5526944894095672e-06 0.0 1.5112995769713671e-05 1.0355419491105142e-07 0.0 7.5198835197360986e-06 3.071542679692913e-05 8.030851706707999e-07 1.6723970141719196e-05 0.0 8.504668312396192e-07 1.9762249457074346e-05 1.4586048796689493e-05 4.793989169921978e-06 5.3269208451143536e-06 0.00038678650386477783 0.0004693367332115799 1.7034213199110458e-06 1.0738268838709342e-07 4.4107783719841013e-07 2.4787124022547303e-06 0.0 0.0 1.414863709365651e-06 0.0 9.315459319014287e-06 6.4265499593399015e-06 3.4754452654664966e-06 9.920803714856292e-07 0.0 1.5119440483533596e-07 2.491935630722362e-06 9.465446511735816e-08
6.825583503577618e-06 0.0003057881783912044 0.0 0.0 9.790513533622511e-08 3.453400233074607e-06 1.9555117941583083e-05 1.596991095226025e-05 0.0 2.029190591668439e-06 0.000131234258110913 1.2277629946788876e-07 2.7379178306903933e-05 1.5014462929968927e-05 0.0 5.689766055307952e-06 0.0005834702469890503 4.58141775304639e-05 0.00010509210293131116 4.5409386703738005e-08 0.00035022663358340956 2.6623779125543317e-05 0.007790940323140784 2.8422260620834687e-06 1.0337078671382213e-05 0.003893038457999715 0.003953644953663926 0.0001480374531231736 4.799905266322021e-06 0.00010635963709651384 7.089734178518864e-06 1.1013227558162305e-07 9.72993018940643e-07 5.593250123082511e-05 7.472783388385465e-06 0.0005131768265787069 0.0022350153963267274 0.0004287669032069024 0.0001869859575459399 9.865164486762164e-06 1.3705252748182919e-06 2.51331016451489e-06 4.216262570907205e-06 8.66639562882346e-07 0.0003366177798360571 0.0010089371984355504 0.0 0.0 3.784984833632303e-08 2.0843044292694763e-06 4.4525597452330745e-07 2.328044212869986e-06 5.312020692915766e-08 4.463337791987774e-06 4.252304074026823e-08 3.0706138892015673e-06 2.662519472192238e-06 4.9302011992362493e-08 9.782223063722377e-06 0.0003961032903485639 3.776332522023302e-06 6.94422495488595e-05 0.0 4.8986082123038855e-06 2.8167791351698814e-05 0.0001583083807085526 7.467724361438861e-06 1.926504405531015e-06 0.0012815352918294194 0.0006873264070883387 2.8506442967972567e-06 9.160652532709616e-07 2.5176342387405755e-06 3.2861879123422705e-06 0.0 6.048664768569466e-08 1.4381630785135278e-05 1.0761675262016835e-06 3.100146411625871e-05 0.0003314658445217098 3.18682097226318e-05 8.908525064682009e-06 3.915239177177345e-07 0.0 3.6036496586827785e-07 1.3383670039827987e-07
9.763841391336496e-07 0.0 0.0 0.0 1.3666131536735148e-06 1.481061850177402e-05 0.0001782418550105877 1.3887928889635072e-05 0.0005551114723772053 0.0010942994180468916 1.9234072311258697e-06 0.0018388823628874469 1.5153229975454381e-07 1.2158388966248505e-05 3.548701982870893e-05 3.355306140263065e-07 1.7050232799455572e-07 1.8693814050349712e-07 5.351617118255381e-08 0.001472832162382522 3.1492109594091423e-07 1.6769628684773903e-07 2.442381154874998e-07 0.0010483039269860608 0.0 5.14326117014206e-07 5.141000748213707e-07 0.001057096828539549 1.8171881890386986e-05 1.1835004063406535e-06 4.959867438446663e-08 1.5619447533066285e-06 2.6906577558116777e-07 8.994525871399282e-06 1.1215375079469627e-05 0.00011987718035741693 8.243496973395555e-07 4.593188684118603e-05 2.2916336590640304e-05 3.112906398829081e-05 7.825808127960743e-06 0.0 1.2118441657705272e-06 3.531357328110431e-07 0.0 6.407167509903565e-08 9.212765932724518e-05 3.322880360649923e-07 1.079502335179236e-05 3.2782403761250303e-05 3.4733820160553863e-06 2.4851100240470712e-05 0.0001361887161149989 2.7224629371618607e-07 0.0001189378542915933 0.0 2.1877479148836237e-06 9.341407681957284e-06 0.0 0.0 0.0 0.0 4.42993187998161e-05 2.115863972808369e-07 0.0 2.0261489234737048e-07 0.00017090149729993934 0.0 4.4630588450784203e-08 0.0 0.00017765526395542724 7.72842643007868e-07 2.37007419377726e-06 4.378098965901431e-08 3.4864786806940105e-07 7.124128099535548e-08 9.286141883347182e-07 0.0 7.42441944784821e-05 6.708997205585828e-08 4.630158016174449e-06 2.4698987059360717e-07 6.349451940514606e-05 3.533067599309569e-07 9.168027307455436e-07 0.0
2.5033085792730547e-06 2.1202211297484305e-07 9.790513533622511e-08 1.3666131536735148e-06 0.0 0.0003900936931385084 8.37231721081737e-06 0.00014058484351415744 2.8978987320362615e-05 2.0953007248626654e-05 1.813812476749641e-05 9.746895054836074e-05 3.5474874915623016e-05 4.885131808215593e-05 0.0007792704155350426 0.0 3.714972225156866e-07 2.2774312743391377e-06 2.046950184704866e-06 5.015171281027195e-06 1.708401768696239e-07 3.847931738649671e-07 6.226546249340128e-07 1.0878215600283173e-05 1.4587216886632598e-06 2.575523555690702e-06 2.6063693344869597e-06 1.3994004369547962e-05 0.0002054573695188439 5.01658491669331e-06 7.457122886285898e-07 0.0004499709366705193 3.3338958838921506e-07 0.00021877003830193982 9.552638841026289e-07 0.0001335513915547956 1.109526166991822e-05 0.00017345062716144185 5.973904607555568e-05 0.0009053440200003771 0.00011264107625216168 1.2917891701101726e-05 1.3114147061287622e-06 2.0004476602434356e-07 0.0 2.3590096450372845e-07 2.3185316279028273e-07 0.0 1.6852364632003255e-07 6.541997413091322e-07 1.3800770855554657e-07 2.076952761007761e-07 3.715862143266969e-07 6.68899359768283e-07 2.7581606133422723e-07 7.172336313804216e-08 0.0 0.0 0.0 0.0 0.0 0.0 6.92207106647378e-08 3.2184422372039416e-07 4.6810704795080863e-07 1.1764814875655338e-07 3.280297243818378e-06 0.0 1.071935697572881e-07 0.0 2.5848625580881934e-06 2.869048024326054e-07 8.03467314008262e-07 0.0 1.8035391294027515e-07 0.0 8.904867552281746e-08 2.1713787013857512e-07 2.0814845595327023e-06 9.078514507004418e-07 3.044672290910097e-06 2.1096618962566325e-06 5.999195175093645e-07 1.1634620082530975e-06 8.497102185879789e-07 1.3563694952042047e-07
9.596053350029366e-05 2.9118403734024315e-07 3.453400233074607e-06 1.481061850177402e-05 0.0003900936931385084 0.0 0.002268317233474686 0.0030288499368449394 5.3293855207649326e-05 0.0027837844462761828 5.2584299544000664e-05 0.002649451962158018 6.671230399773965e-05 0.0007679697687194377 0.0012790878084927284 2.6836378317395078e-06 1.4935681326360461e-05 1.3015777613009625e-05 1.9780809665611924e-05 0.0001287166667968217 1.0455472919378507e-05 4.809193363086059e-07 1.9062169474014854e-05 7.415223780857613e-05 1.1120316864802248e-06 1.6657964789255187e-05 1.6815737539514895e-05 0.0005034742845141219 0.00018948999578669482 0.00026049893457677823 2.6840145533795197e-06 0.0002826331555646575 3.3616945766332365e-06 0.0003184681487147892 8.338061917194293e-06 0.00048570933916492604 2.6119447763890224e-05 0.000491402622209757 0.00012501069401388 0.0020332592058702114 8.457828595572382e-05 2.2955279814629037e-05 4.0594659755942484e-06 4.717943432354408e-07 8.437289313601398e-08 1.9100079912602015e-07 1.0750284444502925e-05 6.794503475220623e-08 2.913044861237971e-06 1.643758580305673e-05 2.71555693780235e-06 4.075742824547878e-06 1.0524535215180599e-05 6.809077059358372e-07 1.1304758108349904e-05 2.7342075309861634e-07 1.297514947279468e-06 3.6480629916973876e-06 5.224255344306692e-07 0.0 4.369343672736973e-08 4.198320773535951e-08 6.05391794063113e-06 1.9711990605651834e-06 3.98378884822408e-07 6.047797143497005e-07 5.091558130080832e-05 6.957320157623138e-08 1.0165854233144702e-06 5.861605040841059e-07 5.1169656351531086e-05 1.2869012589184482e-06 4.5476499644145556e-06 0.0 6.120668440755994e-07 0.0 1.7191700233972282e-06 8.76575508366024e-07 4.36313462318398e-05 4.3137635614812134e-07 8.762406358608865e-06 4.6175972017226495e-06 2.0418014196484845e-05 2.0656594880038116e-06 1.9623769381689594e-06 4.91460781414432e-07
0.002294864415484089 4.243644913352041e-06 1.9555117941583083e-05 0.0001782418550105877 8.37231721081737e-06 0.002268317233474686 0.0 0.0014286818494059818 6.63406385376115e-05 0.004922214724664188 2.8081078334228628e-05 0.00046658577023734097 1.320401173489126e-05 0.0031216645132676212 1.3546539170342642e-05 9.103311610672177e-05 2.3286690038355662e-05 7.103343460238823e-06 1.6918309818206212e-05 5.010590370288042e-05 8.237305203440786e-05 2.9675081005168264e-05 0.00020026110456437989 0.0005698955472420506 1.3883428642856864e-06 1.802678368360414e-05 7.31369120416506e-05 0.011380485645070606 0.0009786958814955984 0.0029713393578575833 1.5056839715336443e-06 3.0859751588786356e-05 3.900623649130533e-05 0.0001999511636601444 3.9917025964842036e-05 0.0011951579715609522 2.1157278651803045e-05 0.0009195524368068572 0.0004127948989345708 0.00011080714990138697 7.784742033155499e-05 1.8860600006185407e-06 1.0463752027887172e-05 1.1106862421850092e-06 5.550292055775526e-07 5.012694401761089e-06 1.6881768170211603e-05 0.0 4.886461457452385e-06 6.771011893276751e-05 7.3073878159253285e-06 1.3465185848051316e-05 2.4933834111876767e-05 8.325538920329237e-07 8.393669743185142e-06 2.2110505623742475e-07 4.851129812997551e-06 1.1207460157083936e-06 1.5358383530629315e-05 3.129986418349912e-07 0.0 4.2944580594763394e-07 1.0212981710877305e-05 4.174908053692357e-06 1.3090572369671587e-05 2.3827551189718885e-05 0.00020266263299107453 7.77667946064333e-08 1.5267575646660876e-06 8.290262313969395e-06 0.00020535822233132817 7.888372663256966e-06 2.0789470201821472e-05 0.0 8.22694199481605e-07 2.2324758214606817e-07 5.603052385545777e-06 2.044079094699684e-06 0.00011341419527895511 2.1687190230480142e-06 2.3426128622270626e-05 4.1660798649807265e-06 4.1499637975585247e-05 3.6499925519488713e-06 1.1042419159032618e-06 0.0
0.001175861390715582 4.456483434967952e-07 1.596991095226025e-05 1.3887928889635072e-05 0.00014058484351415744 0.0030288499368449394 0.0014286818494059818 0.0 1.1525169026159245e-05 0.0012629730390816838 6.044990419745814e-05 0.0004925133986409005 4.578423976128764e-05 0.0031265706471585836 5.903945325867932e-05 6.471653900731888e-07 0.00012603246573014327 1.849982505946021e-05 9.802998248622419e-05 6.522080414215108e-05 4.172261162963319e-05 1.2288677010266799e-06 7.565328852716e-05 6.809784919707493e-05 4.6336407181613243e-07 4.528480880835689e-05 6.092955057062147e-05 0.000306591065430105 0.00040612017561676646 0.001558297427343475 2.1991209440115616e-06 0.00039250180472224 2.887989992499929e-06 0.00033449515532500056 5.412043943092567e-06 0.00027116400596072796 3.0021956070259795e-05 0.00047880203436196663 0.00014637583687773242 0.0003978494259113423 4.2032080573762716e-05 1.4486693297811718e-05 2.7071726452935463e-06 1.9856569012467554e-07 6.058465647406341e-07 1.8756682181518067e-06 1.1510780953860352e-06 8.728983543031613e-08 7.027288678834814e-07 1.4153368528060168e-05 1.3792556312440888e-06 4.35035959719734e-06 4.9935765718326314e-06 5.913572835856681e-07 8.307357816215904e-07 4.946871595125941e-07 4.238212917362808e-07 5.320093535189597e-07 1.4772946360794877e-06 3.0539968584697915e-07 0.0 5.540228802082582e-07 2.046754098061919e-07 2.1582334409946823e-06 6.402588420210137e-07 1.7221236628708732e-06 5.491317717882132e-05 0.0 4.148519025310338e-06 1.5768452815323593e-06 4.165567785848426e-05 1.6995664469799661e-06 5.090325220348957e-06 1.7681872447115064e-07 3.3871155423260543e-07 0.0 2.6759091233658134e-06 0.0 2.299705067446612e-05 1.0699164510112797e-06 8.237778080208846e-06 2.322633377999958e-06 6.595178260152471e-06 2.328036508150609e-06 1.637207322264984e-06 6.272448419612022e-07
2.386528922753596e-07 0.00012050023957220652 0.0 0.0005551114723772053 2.8978987320362615e-05 5.3293855207649326e-05 6.63406385376115e-05 1.1525169026159245e-05 0.0 0.00018460182026707578 3.819392318485142e-06 0.0003418544661695267 8.186933244205397e-06 2.7713929547125537e-06 0.00039263922325765793 1.9739973755053582e-05 4.2440568779439837e-07 0.0 1.369600547338574e-07 0.00032551783837791196 5.251794137064214e-06 0.0016873979063130695 1.051697736509831e-06 0.004928907671803556 1.8933463475940654e-05 1.0998502258584239e-07 5.015542181920546e-06 0.0012826368609712647 1.0369431037451613e-05 9.090467665433527e-06 7.217737370355683e-08 1.1993307153904352e-06 9.779479439243939e-07 4.066156162233961e-06 2.725889342513926e-06 8.306456458055588e-05 1.826978105917011e-06 2.4995653169529128e-05 1.2223716057838601e-05 0.0002516908024238116 5.727195347983263e-06 7.523147726932037e-07 7.372574066166102e-07 1.5235969529474676e-06 0.0 3.45818753436777e-06 6.785144144719152e-05 1.626923708993446e-07 1.0833307837622414e-05 3.433250204039951e-05 6.359384624538391e-06 4.849684426060099e-05 7.605567149478521e-05 4.1265244918286665e-07 0.00012131482105518926 3.378094574475512e-07 6.5730090735748844e-06 1.288585736190525e-05 1.8248151237482013e-05 5.669605812915707e-07 1.1375715036086503e-07 3.5844448782335043e-07 3.732149971829412e-05 2.730321864885554e-05 2.1115175994058262e-05 5.553059742153971e-06 0.0005281791029601768 1.9024612800227053e-07 1.890074109532759e-06 1.5763223237046518e-06 0.00023153178389247517 8.593883310862648e-06 1.7973747879420074e-05 1.8509715382875464e-07 1.3451581347247862e-06 8.510395359232636e-07 6.01772376281828e-06 2.9867257180722496e-07 3.251044552350911e-05 4.955869540906631e-07 1.7098814519948496e-05 3.622502750155992e-06 5.182875838169828e-05 2.10862612949701e-06 2.0867817267698513e-07 0.0
7.417429102915084e-05 6.311103932956817e-07 2.029190591668439e-06 0.0010942994180468916 2.0953007248626654e-05 0.0027837844462761828 0.004922214724664188 0.0012629730390816838 0.00018460182026707578 0.0 6.51668297512012e-05 0.0035735412786256247 2.4957711701028818e-05 0.0007645874802375195 5.989060185398449e-05 4.8744845172251195e-06 5.533038898394678e-06 1.7392039367855762e-05 1.8560693048547928e-05 0.0019089983859903335 8.132781936322772e-06 8.622718810193512e-07 1.66273245323135e-05 0.0004783358704035704 3.784750468961217e-07 2.0496653991817052e-05 1.6710338390459067e-05 0.0023935707903960587 0.00033751817631846843 0.00016293070928328674 2.857616983419103e-06 6.389536507405695e-05 5.582466622399464e-06 0.00029803102332640605 4.6744279028925275e-05 0.0008040611744815025 2.2257715441631167e-05 0.0010529503350841952 0.0002266472870617237 0.00020579522575330032 0.00013840046442259216 5.862739679716672e-06 2.1261154380615664e-05 1.2948458644261963e-06 0.0 6.041927359827475e-07 9.665369793750867e-05 3.743559036252184e-07 1.5611383370112782e-05 0.00010294484690819606 6.813012797309803e-06 2.1400680206664335e-05 0.0001293216241302773 5.00890571344382e-07 7.395704459076787e-05 3.1580053900923473e-07 6.706630410183729e-06 1.2321281091973929e-05 5.030510583045211e-07 3.002486473611999e-07 0.0 1.4504667571649509e-07 4.7188719623126635e-05 1.069020059862537e-06 8.425196510970592e-07 1.3776789993234263e-06 0.00029432970912452805 0.0 2.697724610373239e-07 5.284705927919966e-07 0.00032457967252080947 3.4732517264880742e-06 6.3127616677925525e-06 0.0 1.664036279379792e-06 0.0 3.965210751538229e-06 1.8681900282682115e-06 0.00011384387014682376 2.642074358544666e-07 1.4932635165025095e-05 1.645830338290099e-06 8.575273721903747e-05 2.372439588670111e-06 9.678519605221443e-08 3.5737658609122703e-07
9.254464063924425e-06 6.982100378055972e-05 0.000131234258110913 1.9234072311258697e-06 1.813812476749641e-05 5.2584299544000664e-05 2.8081078334228628e-05 6.044990419745814e-05 3.819392318485142e-06 6.51668297512012e-05 0.0 4.490543169537181e-05 0.002474303465299166 7.673094446854769e-05 5.550767806849002e-07 1.6098181844725297e-05 0.00018841774413039825 0.0021013956269069186 0.0008627421076171847 9.260607023637796e-06 5.4914611093093984e-05 5.647975865373624e-05 0.00015684377898756173 1.962618762374379e-05 0.00033898545146964675 0.0031888577862909705 0.000980423706029212 3.232890112015176e-05 6.867835137903811e-05 5.187797020089499e-05 0.0004904800573580515 3.621843294476136e-05 2.8501322898007745e-06 0.0025142696308169277 5.207455184520284e-06 0.00041450426988636364 0.0025820374631089654 0.0028894398474417506 0.0004242008885642265 1.5825439068561733e-05 1.3977437711105022e-05 0.0003584288786796517 2.09248124688478e-06 5.528699809942435e-08 5.481750856850498e-06 1.170115094827245e-06 0.0 0.0 5.3828872283321024e-08 1.4428505768316784e-06 0.0 0.0 2.6087314180387635e-07 5.179556988858497e-05 0.0 0.00027061073738329035 0.0 0.0 3.6684062902410425e-07 1.8738504185384164e-06 7.484629229435965e-06 3.230938083374621e-06 0.0 1.0108432893482465e-06 1.5460962031035009e-06 3.26677269866352e-07 7.62004763812131e-06 3.775826460860061e-05 5.95005158180094e-05 7.034153535836991e-05 3.6538858947586727e-06 2.625627890654395e-07 5.624056724455099e-07 2.469209844166394e-05 1.4209942486723363e-07 0.0 7.65820792755854e-07 0.0 7.431884282245383e-06 9.750647654524047e-05 2.65173864744111e-06 0.0 1.084258344875057e-06 5.179702190587853e-07 0.00010664692186669829 4.434051881208316e-07
3.186898901202224e-06 2.711199005785937e-07 1.2277629946788876e-07 0.0018388823628874469 9.746895054836074e-05 0.002649451962158018 0.00046658577023734097 0.0004925133986409005 0.0003418544661695267 0.0035735412786256247 4.490543169537181e-05 0.0 2.2817501363682086e-05 0.00014997223580074474 0.0009399984577273434 0.0 2.280690098207744e-06 1.0855134191046811e-05 8.959363661704528e-06 0.0036194118847610764 3.356775562241442e-07 1.9951083280853546e-06 8.637341815041209e-07 0.00033621660821300727 1.7995920032007659e-06 1.2200919888210684e-05 7.3566510242189585e-06 0.0014235157625250591 5.8938789914383365e-05 5.251517546080008e-06 2.518342911768762e-06 5.3768595228559256e-05 1.8308580383711242e-07 0.0001990172131056616 1.453513885810952e-05 0.0005411082240940828 1.0821796902459059e-05 0.0003681267075049423 3.575417749293369e-05 0.001619237580340828 4.288062950159222e-05 8.21893447382841e-06 4.274927275006936e-06 9.09391289516471e-08 0.0 0.0 7.696548703500489e-05 3.5753955164968123e-07 1.5982404484712912e-05 2.6671330865490177e-05 3.5644040474805676e-06 1.8211578826246562e-05 9.612588066117791e-05 1.1440707874081444e-07 0.00021459114867719196 1.0434594307829662e-07 8.833569314685575e-07 2.5319333687259027e-05 0.0 0.0 0.0 0.0 5.366827380804481e-05 4.6407470939427974e-07 0.0 6.22962867427252e-07 8.158150951563864e-05 0.0 4.2507673508642475e-08 2.6571467541958606e-07 0.00010512686659828067 1.285703562593515e-06 1.2581218183276728e-06 0.0 2.0171225070666318e-07 6.666595924735991e-08 5.666632973035803e-07 2.5322213445073507e-06 0.00017679722975064244 3.1438953937011705e-07 4.113822156876479e-06 2.092617265110473e-06 0.000169738288020295 5.391184996228385e-07 1.7464047022860378e-06 2.2726335248632738e-07
1.65008660868306e-06 0.0003984380051984993 2.7379178306903933e-05 1.5153229975454381e-07 3.5474874915623016e-05 6.671230399773965e-05 1.320401173489126e-05 4.578423976128764e-05 8.186933244205397e-06 2.4957711701028818e-05 0.002474303465299166 2.2817501363682086e-05 0.0 1.3760946039771078e-05 1.3942962103947493e-06 5.0499238674745073e-05 1.9210505934446895e-05 5.602445620093492e-05 2.0478465605055616e-05 4.055408320434906e-06 3.070365273869243e-05 0.00015045993282674353 5.0208058835095566e-05 4.5629366471897194e-05 0.002967604892723099 0.0006679484865881132 0.0021482546863788392 5.492727456295524e-05 1.2693855206340012e-05 2.548417712141792e-05 0.0005329173082082953 3.2262740326509125e-05 6.528664565038094e-07 0.000327615507736489 3.87530644544134e-05 0.0017358369524126055 0.005235601225353259 0.002883305145038826 0.0005660480735888726 0.00012777973074799457 0.00014977554457905838 0.0007702888474975269 7.756004061068042e-06 1.1727245927267296e-07 3.0480077682950777e-05 2.524346419131019e-06 0.0 1.1215763833978147e-07 8.539294004264094e-07 1.7632063009518123e-06 6.365566399461524e-07 2.388238157959591e-07 6.846116346659368e-07 0.0002532531439931882 1.5472428288034807e-07 0.0016095805108048106 4.4239476098609203e-07 0.0 3.19214098046323e-07 8.07010134293542e-07 2.697438517797105e-05 6.7782053615484725e-06 4.4357151490148416e-08 1.166016821062662e-06 3.414817081932367e-06 1.526934470087837e-06 5.349137180890998e-06 0.0002464095861121735 0.00015538136026911528 0.0002775514047760923 3.5901782100950213e-06 3.471103698304736e-07 7.643887432708689e-07 0.00013035823465259693 1.2417172390934964e-06 0.0 3.5774820527315774e-06 1.1816315552873676e-06 0.00019869713713422326 0.00040224246211415985 2.9190210337292915e-05 1.1810024549740123e-05 8.749767269119572e-06 5.780309031992632e-06 0.0004063461004162305 4.611458723638877e-07
0.0041372933472828945 6.351527195935146e-07 1.5014462929968927e-05 1.2158388966248505e-05 4.885131808215593e-05 0.0007679697687194377 0.0031216645132676212 0.0031265706471585836 2.7713929547125537e-06 0.0007645874802375195 7.673094446854769e-05 0.00014997223580074474 1.3760946039771078e-05 0.0 4.442495413339859e-06 2.056054124095152e-06 0.00014058297292110082 2.6744056030160783e-05 0.00011271493556840742 3.84829958988617e-05 4.215268038976893e-05 1.8489220637482302e-06 7.792719057574613e-05 2.9244080975447955e-05 1.4310289780207348e-06 5.625587750806488e-05 6.764043555140199e-05 0.000259791969609672 0.003408946354411696 0.0019359768153747383 3.360248687047259e-06 0.0006192533770216807 1.2298948632876953e-05 0.0006574838301535598 4.0559983952702535e-06 0.0001462461674942862 2.8768910545431127e-05 0.0003811353528116458 7.797573735257403e-05 3.084253924569834e-05 1.0917989871112394e-05 3.568079854752344e-06 1.1629473844146758e-06 2.9338099509603835e-07 4.204018467233338e-07 1.5317304391902992e-06 5.06469647663872e-07 0.0 2.3402456988555463e-07 5.690671927712458e-06 5.144631290259144e-07 1.0054209741393863e-06 1.1336891346521447e-06 2.8900560083964327e-07 5.17098565124098e-07 3.271502928245522e-07 2.6652276925642564e-07 0.0 5.912263724224706e-07 4.563333772522838e-08 0.0 2.8928780153486915e-07 1.6389899595036884e-07 1.4397986407937913e-06 4.902580087230962e-07 1.702424855661671e-06 1.878014757202047e-05 4.604670666343215e-08 5.331719761041758e-06 1.5705533306569354e-06 1.4697620830312491e-05 1.0936660758250781e-06 2.168471616374357e-06 4.4399059331301103e-08 1.0325270172129014e-07 0.0 6.294645301739641e-07 1.5199696953839963e-07 7.013248358738038e-06 4.165576406846183e-07 2.6972676031016324e-06 9.903755258209523e-07 3.5654527986875867e-06 7.094468766946091e-08 0.0 3.1578789989288633e-07
7.34399961024827e-08 3.5301938924624478e-06 0.0 3.548701982870893e-05 0.0007792704155350426 0.0012790878084927284 1.3546539170342642e-05 5.903945325867932e-05 0.00039263922325765793 5.989060185398449e-05 5.550767806849002e-07 0.0009399984577273434 1.3942962103947493e-06 4.442495413339859e-06 0.0 1.9160471406236002e-07 0.0 2.2796028809590152e-07 3.9996414618225356e-08 6.570630448282191e-05 0.0 3.0252408865770225e-05 0.0 0.0004476328396866722 1.3054376779838457e-06 5.579793456965803e-08 1.9082355604724646e-07 7.648942078171703e-05 6.166885879089445e-06 3.0077793702551904e-06 1.1667975608435062e-07 0.00020042215276044268 0.0 6.135373462111238e-05 2.049235631623146e-06 0.00013424072214974036 1.2333734078724568e-06 9.697410740665084e-06 5.705103197088413e-06 0.0007785874868060088 9.599328069102397e-05 2.4594969894461963e-07 9.318211166208673e-08 0.0 0.0 3.3326534595225077e-07 2.136894180850178e-06 0.0 7.843070428940337e-07 2.2884251836947868e-06 0.0 2.2797175462149213e-06 3.009420103292343e-06 5.591873520717958e-08 3.7365159903478607e-06 0.0 0.0 8.050403046048768e-07 6.367834610523512e-07 0.0 0.0 0.0 1.1677749244489278e-06 8.130525566278715e-07 0.0 2.1485368176011324e-07 7.482506583084638e-06 0.0 0.0 0.0 7.756453835572707e-06 1.1567167336372423e-07 9.689840324369664e-08 0.0 0.0 0.0 2.1194998482999883e-07 1.8102571228658328e-07 1.7047812585177393e-05 0.0 1.3484906292169168e-06 8.563907628174354e-08 8.066037962954708e-06 7.221927387068623e-08 0.0 4.90437864806798e-07
0.0 0.0003013059808582022 5.689766055307952e-06 3.355306140263065e-07 0.0 2.6836378317395078e-06 9.103311610672177e-05 6.471653900731888e-07 1.9739973755053582e-05 4.8744845172251195e-06 1.6098181844725297e-05 0.0 5.0499238674745073e-05 2.056054124095152e-06 1.9160471406236002e-07 0.0 6.141266516872674e-06 4.635984211391723e-07 5.332671105871236e-07 1.7275006092540802e-07 0.0033139453323021636 0.0017314541249207553 0.0026589221046118 0.00054762632580349 8.543157516994287e-05 3.3228902869990403e-06 0.0017440357768858726 0.0015901803031912911 1.4280108076852963e-06 5.737061899960296e-05 1.3340437355295593e-06 4.3333030060858926e-07 0.0 9.128571381971115e-06 6.640541510628227e-06 0.00034029605738360256 0.00014532971151044573 6.099811173351804e-05 5.36969967256171e-05 1.9494726973619683e-05 2.0492991878839827e-07 5.576766726257391e-06 1.96859589757192e-06 7.957921626430654e-07 8.203750666707184e-06 6.726405838294705e-05 0.0 0.0 5.220847847748e-07 3.7906803287220195e-06 3.8219202913982715e-07 4.193181409541793e-05 6.799188926876762e-07 4.943859042175546e-07 1.094475362972538e-06 1.7306161706190134e-06 1.5543438212576208e-06 0.0 0.001001543552545114 3.789726255777265e-06 0.0 7.06727801416656e-07 8.449015988581332e-08 0.0005761877872286279 0.0010458573067314196 0.0011194098752455267 0.0001411839522097147 9.833298822597468e-07 8.42087258255135e-06 0.00029152368649512954 5.091834731424968e-05 6.793230523586354e-06 7.890826375030477e-05 4.983486163608298e-07 6.089738443391208e-08 4.534902360399017e-07 4.0987481074732665e-06 4.5397451679025914e-07 0.00013085126455306324 3.1535404399842305e-06 1.250025582561263e-05 6.2662693075749645e-06 5.1326385338698915e-06 4.5036992829156783e-07 1.1538686119837492e-06 6.636540612545092e-08
5.973150285599878e-05 0.00010151995194965161 0.0005834702469890503 1.7050232799455572e-07 3.714972225156866e-07 1.4935681326360461e-05 2.3286690038355662e-05 0.00012603246573014327 4.2440568779439837e-07 5.533038898394678e-06 0.00018841774413039825 2.280690098207744e-06 1.9210505934446895e-05 0.00014058297292110082 0.0 6.141266516872674e-06 0.0 0.00012618548008715553 0.0022603015476025364 3.3138270467912397e-07 0.0007503508313286483 1.2657160686046076e-05 0.0036139387757331194 2.9223190258127377e-06 9.116891837005174e-06 0.001761914588809327 0.002045830761959362 8.87499443444944e-05 0.0001259512471445157 0.0013088544726423932 2.104305474048698e-06 2.8818601937364907e-06 1.5978297435702704e-05 0.002026725046992278 1.0908145112210386e-05 0.00048443457211383103 0.0015147536971813062 0.0022666177962160513 0.00038177652101007787 1.455705997037342e-05 2.2313403499535447e-06 4.2010288289164685e-06 4.45569087719125e-06 4.4482498986465576e-08 4.958757532180693e-05 0.00012764669973946383 0.0 0.0 4.863238055763202e-08 8.699664553374791e-07 9.92058554237433e-08 3.4075487420524786e-07 0.0 1.2521558369392737e-06 0.0 1.2676996708628604e-06 2.721519991550867e-07 0.0 2.3333291822471248e-06 6.313021808356748e-05 1.6999161714060656e-06 2.7369275555407968e-05 0.0 2.3400450845388617e-06 5.015952404509204e-06 2.0922637888543897e-05 3.547509082810512e-06 6.619195478158171e-07 0.00041056691772715524 0.00012984000804058324 8.841424444918845e-07 2.7864094988222893e-07 1.5129163739624956e-06 5.485309846302836e-07 0.0 9.224723912358753e-08 1.49989554018495e-06 1.226556607522585e-06 8.829854542560574e-06 6.324897960648113e-05 4.990887160491681e-06 1.7812777394354105e-06 4.3096332486694204e-08 1.3901427181956278e-07 5.309833212578725e-08 0.0
4.908222244021845e-06 2.713065059657736e-07 4.58141775304639e-05 1.8693814050349712e-07 2.2774312743391377e-06 1.3015777613009625e-05 7.103343460238823e-06 1.849982505946021e-05 0.0 1.7392039367855762e-05 0.0021013956269069186 1.0855134191046811e-05 5.602445620093492e-05 2.6744056030160783e-05 2.2796028809590152e-07 4.635984211391723e-07 0.00012618548008715553 0.0 0.0011002226682366688 2.187676527282027e-06 2.104819872270835e-05 5.712827868925857e-07 7.050623730272453e-05 7.926996310220073e-07 8.831098190936934e-06 0.002306091492766078 0.0005453038495703018 9.620205696074063e-06 2.3757532434350796e-05 2.9659778457884768e-05 0.00010894076811857319 8.108835587922096e-06 1.3361493608972426e-06 0.0005161996831639001 3.117098782594503e-06 0.0002618886101311324 0.00071338765774939 0.0009297265498315341 0.0001350117353171084 5.913745328715045e-06 1.1750483675543005e-06 1.2714820077747586e-05 1.168282868050081e-06 0.0 2.409465872338654e-06 6.596414104047149e-07 6.12313617642336e-08 0.0 0.0 4.823520495966051e-07 0.0 1.355386184230738e-07 0.0 2.073388832554036e-05 5.122151543633287e-08 5.921400923215605e-05 1.4693977284634604e-07 0.0 2.32890583301923e-07 8.515743999980962e-07 1.7747960322188457e-05 7.530678292024544e-06 0.0 2.0514889704280074e-07 3.2948447362769624e-07 1.3224074144997668e-07 1.3075070896356529e-06 9.079333244711552e-06 8.729491238761817e-05 9.223556799318813e-05 8.892686460013057e-07 4.633504274027339e-08 2.545675426780417e-07 1.179309728894308e-05 0.0 0.0 3.6112688894403065e-07 1.9045033376185177e-07 2.631210374240223e-06 8.215939448347194e-06 9.93739034878184e-07 3.087694530701986e-07 3.7454049074427466e-07 0.0 3.8702719331621135e-07 0.0
3.57578827108997e-05 3.92496446304786e-06 0.00010509210293131116 5.351617118255381e-08 2.046950184704866e-06 1.9780809665611924e-05 1.6918309818206212e-05 9.802998248622419e-05 1.369600547338574e-07 1.8560693048547928e-05 0.0008627421076171847 8.959363661704528e-06 2.0478465605055616e-05 0.00011271493556840742 3.9996414618225356e-08 5.332671105871236e-07 0.0022603015476025364 0.0011002226682366688 0.0 1.923323461487704e-06 0.00013630811599002837 2.635189811917245e-06 0.00046180868952685897 1.8021310765885745e-06 3.899685754561665e-06 0.0028986013925861517 0.0006888460014894513 3.7457478722054366e-05 0.00010771391900414212 0.0002979016940326497 1.5856717355310267e-05 5.562178511594255e-06 1.188685729676556e-05 0.0018804627521466861 5.6568415217365374e-06 0.0005018767996284957 0.0009538422693094117 0.0017504386419162515 0.00017327041933120878 1.0590479820076295e-05 1.4799296654544374e-06 3.7693088261686884e-06 1.960284842104325e-06 4.739259221498699e-08 1.0711768506293613e-05 8.503385388368667e-06 0.0 0.0 0.0 4.318681766263551e-07 0.0 0.0 0.0 3.9406041340112266e-06 0.0 7.988420589255635e-06 4.060317278019187e-08 0.0 5.918130361544685e-07 1.2807441590497755e-05 5.134105070415514e-06 2.1107533606935476e-05 0.0 1.1675305605255026e-06 1.0473986642520043e-06 1.7118914578813138e-06 1.186670710350681e-06 2.598913360900771e-06 0.00025478045641275977 8.324069035607256e-05 9.172218897343153e-07 0.0 2.1982822922140055e-07 3.3227635389934746e-06 0.0 0.0 4.4006301284832897e-07 0.0 4.996742240732596e-06 1.8590994109823462e-05 6.574954196745586e-07 1.6486035538023192e-07 3.003981181497096e-07 0.0 1.4107257915967846e-07 6.367525040424245e-08
1.6591707836263789e-06 0.0 4.5409386703738005e-08 0.001472832162382522 5.015171281027195e-06 0.0001287166667968217 5.010590370288042e-05 6.522080414215108e-05 0.00032551783837791196 0.0019089983859903335 9.260607023637796e-06 0.0036194118847610764 4.055408320434906e-06 3.84829958988617e-05 6.570630448282191e-05 1.7275006092540802e-07 3.3138270467912397e-07 2.187676527282027e-06 1.923323461487704e-06 0.0 0.0 0.0 3.6283744791904207e-07 0.00037705650793968794 4.949070164426625e-07 2.4321603458100153e-06 1.1818567610116647e-06 0.0016021331078133942 2.4668000891982504e-05 8.129958571068392e-07 3.245565496948694e-07 8.32014229391332e-06 1.9524072384938674e-07 3.778677195518482e-05 1.693603974922414e-05 0.00015980700831207752 2.5348563930673584e-06 0.0001224686118410659 2.110927905969436e-05 0.00016668445997498942 1.7220024624167388e-05 1.2821851648873354e-06 1.7729758582626515e-06 5.212042366471265e-07 0.0 0.0 5.8048374120848515e-05 4.44111581964103e-07 1.0767571835701643e-05 3.2352629415017845e-05 1.918956351339444e-06 1.6743839312245296e-05 7.28771745670414e-05 2.7176638715910034e-07 7.097542238211819e-05 0.0 6.421674023077816e-07 1.025094345798414e-05 0.0 3.9436556249557626e-08 5.757193853216807e-08 0.0 2.795295459116004e-05 2.7408268365098153e-07 0.0 7.332859998049544e-08 0.0001143665832269069 5.655873340099976e-08 0.0 5.0458679151809323e-08 0.00013260569330618308 6.685527318105781e-07 2.4906098741338807e-06 0.0 2.0612982139502588e-07 0.0 1.312780091373481e-06 3.7172567435183296e-07 8.129680409211618e-05 5.628943657592556e-08 4.543337113447923e-06 2.229434970549428e-06 7.247679923134356e-05 8.629835507536305e-07 1.00650764269545e-06 0.0
1.4463201873185327e-05 5.5370145420345857e-05 0.00035022663358340956 3.1492109594091423e-07 1.708401768696239e-07 1.0455472919378507e-05 8.237305203440786e-05 4.172261162963319e-05 5.251794137064214e-06 8.132781936322772e-06 5.4914611093093984e-05 3.356775562241442e-07 3.070365273869243e-05 4.215268038976893e-05 0.0 0.0033139453323021636 0.0007503508313286483 2.104819872270835e-05 0.00013630811599002837 0.0 0.0 0.00033235038269256034 0.009937013832479503 0.00011249964696521473 2.2807690358971494e-05 0.00013848489537355134 0.0008105990452231064 0.0027540839379358822 0.00010561487470616135 0.004299422666602602 1.316933921229627e-06 1.197220896169027e-06 2.6108265798756992e-05 0.0013858914075891445 0.00012111928104443183 0.00358213692482079 0.0007010977732277225 0.002828079904497431 0.0012899011677835646 0.00011132038870139019 8.998000768904477e-06 1.1333538404594274e-05 3.4055101228027986e-05 1.206924433857556e-06 4.871794449755179e-06 3.754196649531894e-05 0.0 0.0 8.05124220049485e-08 3.205031129461265e-06 3.852710084357662e-07 2.959687078631144e-05 0.0 6.858220468474517e-07 0.0 2.0105654378718114e-06 2.161993432301882e-06 0.0 0.00026960564707130324 4.113738064929335e-06 1.9411660222268642e-07 1.32982430044836e-06 3.8935105639505034e-07 0.0005463357359523768 0.00028903216578349803 0.00019239026185284964 0.00017718443759046678 3.3788353095729784e-07 1.6350676464885885e-05 4.854130889829826e-05 5.090514652078912e-05 1.3284053762290984e-05 0.00013599161676956925 3.150387502288894e-07 5.990311879220816e-07 1.6048062453327924e-06 7.415459343827434e-06 2.178599995665899e-06 0.00016084944120411387 3.275946126334641e-06 1.4987132103242398e-05 4.17444534462145e-06 9.524879435447404e-06 9.944702963939063e-07 6.103957249758525e-06 2.1064579992096802e-07
8.361927335345424e-08 0.002089004304144943 2.6623779125543317e-05 1.6769628684773903e-07 3.847931738649671e-07 4.809193363086059e-07 2.9675081005168264e-05 1.2288677010266799e-06 0.0016873979063130695 8.622718810193512e-07 5.647975865373624e-05 1.9951083280853546e-06 0.00015045993282674353 1.8489220637482302e-06 3.0252408865770225e-05 0.0017314541249207553 1.2657160686046076e-05 5.712827868925857e-07 2.635189811917245e-06 0.0 0.00033235038269256034 0.0 0.0005180647091578349 0.003509641699142972 0.00038709316725889806 5.650472838302297e-06 0.0009019170037116439 0.001069035602583727 7.17796547847368e-07 9.132348282604917e-05 3.922528248431135e-06 2.518947110643963e-07 8.130749686128715e-08 3.838373951383164e-05 8.982259877573997e-06 0.0003343880898039958 8.358502504702936e-05 0.00020160661512094998 0.00011888918353708221 3.3732398054718454e-05 1.8017307227938601e-06 1.6502053822273314e-05 3.693555660738813e-06 3.5663291184284306e-07 1.614724136909293e-05 0.00019407023118110292 1.758181968264471e-07 0.0 1.672582075545615e-07 2.164157410942615e-06 1.229239169797754e-07 3.670796476449813e-05 2.074217969330122e-07 9.327106164967014e-07 4.835151514245754e-08 3.8599834699078605e-06 4.120042397841328e-07 1.222814861205743e-07 0.0004918278591822865 5.182208369274858e-06 1.0238672272682105e-07 6.795079295557721e-07 0.0 0.0001726598079730853 0.0005734694955528661 0.0003430205019262418 0.00017849244976896693 7.322017984473763e-07 1.2006815180724089e-05 0.0009003494460434122 4.321729851476554e-05 3.4369870781194103e-06 1.852276823651516e-05 4.0099461402879875e-07 1.8855531812617993e-07 4.091879614902555e-07 1.722753281948202e-06 5.225441518085668e-07 1.5341596527955827e-05 3.1476181966915364e-06 8.872361909108285e-06 3.644081988519615e-06 3.893378693534395e-06 4.020212678857719e-07 1.5975538866063921e-06 0.0
3.243176421938496e-05 0.00022422376590877985 0.007790940323140784 2.442381154874998e-07 6.226546249340128e-07 1.9062169474014854e-05 0.00020026110456437989 7.565328852716e-05 1.051697736509831e-06 1.66273245323135e-05 0.00015684377898756173 8.637341815041209e-07 5.0208058835095566e-05 7.792719057574613e-05 0.0 0.0026589221046118 0.0036139387757331194 7.050623730272453e-05 0.00046180868952685897 3.6283744791904207e-07 0.009937013832479503 0.0005180647091578349 0.0 9.353538613356472e-05 2.7471829145934083e-05 0.0012848522245246562 0.009288757059705423 0.0035008089907807953 5.957446050776416e-05 0.0030298058584772515 6.241472704253524e-06 1.1939329110119425e-06 5.339260904775364e-06 0.0018427996359263634 0.00018700382284097302 0.00519537501539228 0.0027229452658670784 0.0043001201099716006 0.002239567135459678 0.00026341016659198484 1.53681342175169e-05 1.4094425195523051e-05 5.8883727699936955e-05 6.372852692718887e-07 5.720972424179876e-05 0.0004965944623914616 9.641754894473542e-08 0.0 4.8826030698186415e-08 4.266003203211387e-06 6.091065282016975e-08 1.602129193006341e-05 2.542150824626412e-07 1.8172771965814568e-06 0.0 3.1082906192466313e-06 6.314822764640134e-07 2.7245512307479575e-07 0.0007248363922834733 3.882488231931117e-05 5.88299085544782e-07 8.855365747093187e-06 1.4328699915545585e-07 0.000244180073990831 0.0006374991824291922 0.0013239935310834633 4.756231135902429e-05 8.04964124575739e-07 0.00012955991118267763 0.0007384160391164423 1.7500260347361323e-05 1.7913541272192046e-06 2.759466490757138e-05 1.4154172481761444e-06 7.73248169094276e-08 7.264020172182449e-08 4.2794937639541316e-06 4.448628580999519e-06 0.00010223455708608787 3.68376358170444e-05 1.6433603245889243e-05 1.1558157369234258e-05 3.003492330865873e-06 1.2829067456226853e-06 1.0323146693146162e-06 5.273580205703382e-07
