0.0 0.0 0.00010251160483998294 1.2183095417686486e-06 0.0 4.149164131674812e-06 0.0007984908111438781 0.00015858970719070503 1.429330368449056e-07 8.76416111674336e-06 4.480132245027055e-06 5.040726661425063e-07 3.8568174979518965e-07 0.0025230205966669606 0.0 2.4899535595274277e-07 0.00016692037660389085 5.549800896598459e-06 2.846091623376145e-05 5.322451870749329e-07 1.4800477425877636e-05 0.0 7.519332406822225e-05 9.49383149362158e-06 0.0 0.00010100236542408305 2.008394974360657e-05 3.4228935989198336e-05 0.002218041660027516 0.0010854031701680738 8.550212134241085e-08 1.3089706534121445e-06 4.196152495497846e-05 0.00010550359745252735 4.209651327427916e-07 2.236068254673919e-05 6.153272404612027e-06 3.846867471907518e-05 1.3082229567058357e-05 1.1551058629576671e-06 2.2143289865993694e-07 0.0 3.5908943147726974e-07 0.0 8.673601149052012e-08 5.723588315341047e-08 7.319447884688441e-08 0.0 0.0 5.145497515584027e-07 1.7866827810028936e-07 4.321069591529955e-07 0.0 0.0 0.0 0.0 0.0 0.0 1.2426389069399792e-06 0.0 0.0 0.0 0.0 2.705522098966754e-06 9.83759598255447e-08 3.042582574277847e-07 8.249559059915246e-06 0.0 3.998094700083656e-07 6.812237332204152e-07 5.974823464771804e-06 1.6312153367068177e-07 8.591990719672506e-07 0.0 0.0 0.0 9.484911522791763e-08 0.0 3.91850287521821e-06 5.062480272653698e-08 5.911224296511274e-07 2.633188487965557e-07 2.0063073389898002e-06 0.0 0.0 0.0
0.0 0.0 5.050067792758273e-06 8.611072033895941e-08 1.313091876436493e-07 4.366229512453793e-07 8.67224186476089e-06 1.038147546635258e-06 0.00021272788710590098 2.018447224133452e-07 5.489096542037863e-05 1.173709221958585e-06 0.000639799550044242 1.6425474075160627e-06 8.553678892652682e-06 0.00020868614775367177 1.791634759129767e-05 1.3193745496585251e-05 3.69398442653027e-05 6.235483457051356e-08 1.062216829803061e-05 0.0016427406746757245 8.35669985780521e-06 0.0006313201725543379 0.0014905544608095555 0.00020077644953478145 0.00414254601989455 4.700173248401463e-05 7.941140790301752e-07 3.452868715781241e-06 4.797495941205759e-05 0.0 0.0 2.374322056200035e-05 0.0 1.392357788368329e-05 4.532698967854808e-05 3.632431737170272e-05 3.6846851099607676e-06 8.746098286656209e-06 1.5935120808234838e-07 0.00011188954709926449 0.0 0.0 0.000344929550969817 5.84235131550482e-05 1.8713166635241562e-07 0.0 0.0 3.0096343537682954e-07 0.0 3.320646852523236e-07 4.513421006990899e-08 5.714659258152174e-06 1.7694768467131021e-07 2.6463969460485624e-05 7.313077483326393e-08 0.0 3.550762043874456e-06 1.6088810581802218e-06 2.080387827395107e-06 5.462273814668652e-06 0.0 3.6638487831961554e-07 1.887677687015731e-05 5.243923723014967e-06 1.278632247756732e-06 1.7884451450174875e-05 0.0001889825311579816 0.00043562646080636067 1.0323926575442625e-06 0.0 0.0 6.365174007139881e-06 0.0 0.0 2.3909299488634227e-06 0.0 5.9181384744739e-06 6.973458965109755e-06 8.861651341631054e-06 1.5571614466973012e-06 0.0 0.0 7.980245247924136e-07 0.0
0.00010251160483998294 5.050067792758273e-06 0.0 2.0580380427559864e-06 6.320320916999627e-08 3.985259148086828e-05 0.0006942100654813268 0.00042745713775954207 2.593900551958325e-07 7.79671676272946e-06 4.844102225421373e-06 1.5964584173234835e-06 1.8938998199327788e-06 0.0005922277046474041 3.0034461173883455e-07 2.760585848784071e-06 0.0016001514911209195 1.816544150817715e-05 7.050564946809092e-05 7.681564009034257e-07 0.0007993581810655242 6.590115374698902e-06 0.005172829426348097 4.612775869769712e-06 2.053271341977736e-07 0.004295996101041167 0.00302310904038868 0.00012552813026044568 7.64968584083316e-05 0.0008055960456023699 2.2220826398628124e-06 7.200748911714966e-08 2.112946604087793e-06 0.0005977562555351702 2.6262348920002504e-05 0.0013451485778660456 0.0018232993839032512 0.0014771774493133056 0.00036504093982229764 5.273958246674981e-05 9.844060630514205e-07 2.0406738474142392e-06 6.194344474881516e-06 0.0 9.804541810242686e-06 0.0003449584829957425 0.0 0.0 0.0 1.5343837395206045e-06 7.982847616182653e-08 3.3457978784780167e-07 0.0 0.0 0.0 1.2767934838998877e-07 2.2777284499810127e-07 2.815551196874989e-07 1.574656899928365e-05 2.7797981450822473e-06 1.0734775832407168e-07 5.21726243911239e-07 0.0 3.785979283547324e-06 1.5372236163693027e-05 6.815096898154148e-05 1.0488951158064991e-05 5.014855174359101e-07 2.2271468578071104e-05 0.000907105762678193 4.975334873524479e-06 4.0126292925702544e-07 3.179989162570916e-06 2.94296017931788e-07 0.0 0.0 1.0296221020929674e-06 5.906840333235823e-06 9.280492479238728e-06 4.084069925018411e-06 3.8069463297061232e-06 1.0869679329769952e-06 2.0548290376450344e-07 0.0 0.0 0.0
1.2183095417686486e-06 8.611072033895941e-08 2.0580380427559864e-06 0.0 2.1909035450040366e-06 5.5530011329550205e-05 0.00014902087194624153 3.275515210752714e-05 0.0005908144404303941 0.001739847781054424 5.667028934106616e-06 0.0035651896517386924 6.262187163862912e-07 2.6711261532065694e-05 9.76954946938555e-05 2.346221289246114e-07 4.5801739060064406e-07 1.9138070694686336e-06 1.3288461424813809e-06 0.002135193905625333 2.276183211739845e-07 6.053509117356537e-08 2.629500930630832e-07 0.0006513961602633838 0.0 4.362289964870513e-06 1.4434504788862702e-06 0.0019524012766161155 4.489081226137721e-05 7.003240878037915e-07 1.652863477714227e-07 1.8979161060570191e-06 8.367218992009306e-07 2.3921030583140435e-05 9.109631202433779e-07 0.0001257698675219344 2.047544133844803e-06 6.097092955770508e-05 3.180136522778007e-05 0.00028310345853825065 7.649573219332932e-06 0.0 2.162409690137606e-06 2.8093955965634943e-07 1.6016680731308407e-07 2.9710791770980403e-07 0.00010593010712295987 2.0607240668099759e-07 1.3146525089519504e-05 4.779629780047128e-05 5.535626256066868e-06 2.3165580259388257e-05 9.617405269176048e-05 7.662347095926397e-08 0.00012422113929502597 0.0 3.382300369822723e-06 1.4785992897916048e-06 4.660006704457333e-07 0.0 3.088425982035313e-07 0.0 7.035640058783843e-05 3.115110266406133e-07 2.974456373381777e-07 6.353520554636531e-08 0.00010620505081197975 0.0 1.1007163623746013e-07 7.901081608276814e-07 8.209303227667832e-05 1.1418777121913565e-06 1.804073984681292e-07 0.0 5.76333267870565e-08 6.028363822613774e-08 6.383263754023488e-07 2.342443624522387e-07 8.111866769110909e-05 0.0 1.177260400327253e-06 3.2804911552958575e-07 0.00010377046422716569 1.7940011009532163e-07 0.0 0.0
0.0 1.313091876436493e-07 6.320320916999627e-08 2.1909035450040366e-06 0.0 0.0003843350619280049 2.2690392877953213e-06 3.776504914668646e-05 7.057496435420028e-06 3.3501150532333773e-06 3.879800259138698e-06 6.953336050463535e-05 2.029958570438731e-06 2.1711249412780195e-06 0.0004824757107011 0.0 5.073555839884922e-08 3.335092929624172e-07 1.33220415512488e-07 2.8877281507675945e-06 0.0 1.822812381385454e-07 0.0 1.953201307518836e-06 0.0 2.7537669800813576e-07 2.584603013656552e-07 8.158179242344246e-07 1.9626761826545765e-05 6.400588929363389e-08 8.57706684256937e-08 0.0003229052574869006 0.0 2.4783368862812232e-05 0.0 1.3123296833457771e-05 6.920265783395992e-08 2.7513372625949765e-05 2.1207643227496144e-05 0.0004416227873965557 1.1589097034002986e-05 0.0 1.6547410068523818e-07 0.0 0.0 0.0 0.0 0.0 0.0 0.0 0.0 0.0 3.045024468599769e-07 0.0 0.0 0.0 0.0 0.0 0.0 0.0 0.0 0.0 0.0 0.0 0.0 0.0 1.4781121367697912e-07 0.0 0.0 0.0 2.4952656766696997e-07 0.0 0.0 0.0 0.0 0.0 0.0 0.0 8.249298827069401e-08 0.0 1.7604029052803285e-07 0.0 0.0 0.0 0.0 0.0
4.149164131674812e-06 4.366229512453793e-07 3.985259148086828e-05 5.5530011329550205e-05 0.0003843350619280049 0.0 0.002593586191496448 0.005545594829284472 4.746818114420003e-05 0.0038483407644412386 5.4194048562001544e-05 0.002732644005111715 1.330759185632027e-05 0.00050373767230245 0.0016720014877456258 4.819914763467687e-07 5.985101259229684e-06 1.9267951278233455e-05 1.6291779624733848e-05 7.495622412142033e-05 4.20375558584148e-06 4.77975838963889e-07 7.947741144606124e-06 4.674301514972984e-05 5.111060135150932e-07 4.508115320746116e-05 1.7257773615945577e-05 0.0005410004739352224 0.0005887777698863167 9.958794735091283e-06 2.1635593075889515e-06 0.0008498849805241971 1.7871632356706571e-06 0.0004740690880105607 4.124209152971245e-06 0.0003506074981812249 8.575363761177128e-06 0.00035586519824941604 0.00016939497244948518 0.0021734096380659172 0.0002135216852359484 5.613415626691627e-06 8.445298851503375e-06 3.0478181160595007e-07 1.5368528411795944e-07 2.1803638739568658e-07 1.2702822873545226e-05 1.244172977277722e-07 1.891312102084989e-06 1.2203762243855564e-05 2.500841270364619e-06 1.7775766333425666e-06 1.0710162804080846e-05 1.0644535511126287e-07 1.5679984948142266e-05 0.0 2.228259111338085e-06 2.9270193702817137e-07 9.230531796625196e-07 0.0 0.0 0.0 8.947546349497552e-06 3.126134332329332e-07 1.048372247781773e-07 7.219860832202604e-07 2.285520101976159e-05 2.0749902873336588e-07 4.992750207993492e-07 1.3535333979633934e-06 1.80883036290989e-05 1.1355240029843241e-07 0.0 0.0 0.0 0.0 0.0 0.0 4.215710983270165e-05 2.8103963696626357e-07 6.499955648587069e-07 8.382147525722205e-08 2.9232870271070496e-05 8.950277001385153e-08 0.0 0.0
0.0007984908111438781 8.67224186476089e-06 0.0006942100654813268 0.00014902087194624153 2.2690392877953213e-06 0.002593586191496448 0.0 0.0020149035684661237 0.0001251128209862262 0.005372507451750591 3.428891007033517e-05 0.00010660087935027808 5.459671131989474e-06 0.0033409831868188044 1.4493757839747165e-05 9.729752908211467e-06 4.613505076153237e-05 1.4288018718965239e-05 1.8342057514872752e-05 0.0002212953321787885 0.00022074671542637387 7.433696726747671e-06 0.0004670673204758931 0.0005380142229225212 1.977654048968951e-06 0.00022088798040988 0.00039234847388297685 0.01208901828070229 0.0011690511372399594 0.0024096544967106364 2.0809002813299895e-06 1.1167297870610798e-05 0.0001279083367215764 0.0005228639367401724 6.987045767960347e-05 0.0018272718039157418 9.341825264779467e-05 0.001175090198950892 0.000771582044252701 0.0004865011341245262 0.00013413202571840865 5.033161756077523e-06 4.594409136593122e-05 2.344024157477586e-06 1.200069895830626e-06 1.0429495285955111e-05 6.104941108760167e-05 0.0 1.1297355759549822e-05 0.00036480796565562966 4.864094655493895e-05 3.030073948524754e-05 6.961972992153695e-05 4.199858234306707e-06 3.64290457074325e-05 2.0298722360976433e-07 3.463488010477424e-05 7.73704946461611e-07 4.9147175402544095e-05 1.5136630439385309e-07 1.1908938632037142e-06 5.596562806702503e-07 3.224940291062808e-05 1.7577048942371963e-05 7.228405643465514e-06 4.2349152471154934e-05 0.0005486909428706545 4.915528812420069e-08 4.875225305642657e-06 4.196994478601922e-05 0.0004266819225829927 1.2002276315214797e-05 2.6934785742032196e-05 5.205933345349389e-07 9.720833641843124e-07 6.030519395135135e-08 4.9170733223197095e-06 4.603206890918587e-06 0.00015143230596679268 1.8280579527881447e-07 2.4575010136355633e-05 5.711070910485544e-06 0.00010764386990639164 4.769261798202079e-06 3.1503354894917436e-07 1.2060433032999678e-07
0.00015858970719070503 1.038147546635258e-06 0.00042745713775954207 3.275515210752714e-05 3.776504914668646e-05 0.005545594829284472 0.0020149035684661237 0.0 5.543765520399136e-06 0.000977193585934685 0.00019072311811113758 0.000523502645570497 1.80219280030347e-05 0.0043815077013426 0.00012860312641673166 2.851268468392681e-07 0.0003441871406220364 8.476832639930129e-05 0.00014368786206854663 6.935863475116462e-05 2.598790503247096e-05 5.523233660293148e-07 0.0001485645042571612 0.00010675307045568199 7.676069448309304e-07 0.0004969601037642843 8.879701309525226e-05 0.00027719424828516383 0.0019450311243524134 0.0005499246339666068 4.753088059177338e-06 0.0005586729402026938 6.4717261816951974e-06 0.0005938395603598436 3.5161731962636556e-06 0.0003143683035365688 2.9180508334000278e-05 0.0005115570239577166 0.00019523745110520139 0.0007460376118335028 5.710511176041489e-05 7.1383647763229926e-06 8.162920439229003e-06 7.789219891644626e-07 4.827287569732296e-07 1.375180058407697e-06 5.146500167247108e-06 0.0 1.1108507332516466e-06 4.03006304054789e-05 4.571552766143427e-06 3.5058627657373215e-06 7.098228652776669e-06 4.6111767780355854e-07 3.928964705262108e-06 1.0321029686566347e-07 4.234805831909992e-06 0.0 6.210362639359935e-06 0.0 5.681835241763145e-08 1.2582242375505218e-07 3.3251439077358995e-06 7.624237942871688e-06 6.362801934104407e-08 2.4805216879838883e-06 7.799572575929587e-05 4.118016570422179e-07 2.4643512444060594e-06 5.244114799235753e-06 7.222013407777672e-05 2.5139531372270223e-06 1.0421558162266834e-05 1.2011328486001906e-07 2.1815435882313403e-07 3.1087545910749767e-07 1.3201861776369315e-06 8.39048882721825e-08 4.037151432629934e-05 6.465236204962342e-08 3.4416977358098867e-06 7.450977369774165e-07 1.6262641541836132e-05 1.561991051507494e-07 1.558779662371541e-07 3.561718306375436e-07
1.429330368449056e-07 0.00021272788710590098 2.593900551958325e-07 0.0005908144404303941 7.057496435420028e-06 4.746818114420003e-05 0.0001251128209862262 5.543765520399136e-06 0.0 0.00019887925018046782 4.3350167427443835e-06 0.0003724895143615318 2.2583117261260456e-05 2.2495458914675325e-06 0.0003853241930808473 3.5920802617402447e-06 9.179172057497111e-08 2.641137734759262e-06 1.556183968587021e-06 0.00042262111444162635 2.7710729359609464e-06 0.0014153611948494547 1.0709953555141943e-06 0.005280787775463895 5.75986739846915e-05 2.4812550773561875e-05 0.00011144428794780453 0.0009539723522235629 4.558778459709063e-06 4.590531833952401e-06 3.319086565870504e-06 1.0741603218327742e-06 0.0 2.596612856007437e-06 0.0 5.436488388119208e-05 3.54987018768377e-06 4.186408281655162e-06 2.8174616964023e-06 0.0002060243008772947 1.9180515215114564e-06 7.07824438609927e-06 4.3626985684475674e-07 1.3823121179473342e-06 9.577975023194316e-07 3.147221172759402e-07 0.00010857281672619621 0.0 8.050375024822744e-06 0.00011304204668957548 1.447373462072806e-05 4.564658432900425e-05 7.259724243984906e-05 2.1714746248114874e-06 6.910986065581596e-05 2.009789619433953e-06 9.835923248725883e-06 2.5602406900360913e-06 0.00013241734928824044 3.694287926842868e-07 2.0662990237035592e-07 1.0834646181887225e-07 5.778905389903718e-05 5.47022445924129e-05 6.519384148092735e-05 1.3165258547033304e-05 0.0007354463662023732 5.433119067475989e-07 2.390473461805932e-06 2.9822424955533244e-06 0.0002704184900498153 5.879488183564143e-06 7.363886118658525e-06 5.195758573407601e-07 7.321222172410038e-08 2.598434816269035e-07 1.2058296047117304e-06 1.223979131320726e-07 1.5443144406344488e-05 5.57022864366607e-07 5.4138663104129454e-06 2.9974394489892385e-07 2.6181067072152196e-05 2.077265777506545e-07 0.0 0.0
8.76416111674336e-06 2.018447224133452e-07 7.79671676272946e-06 0.001739847781054424 3.3501150532333773e-06 0.0038483407644412386 0.005372507451750591 0.000977193585934685 0.00019887925018046782 0.0 4.484892008650754e-05 0.0020128263469383497 5.454832564200482e-06 0.00042527797617844705 3.885976612009722e-05 5.515141149118944e-07 4.281614586712293e-06 2.1199517133011497e-05 2.1029848127407363e-05 0.0014489951447681378 4.5288052954397515e-06 1.7886491041272961e-07 4.970756777381831e-06 0.00021988239123397658 4.936957057966243e-07 4.076934067754808e-05 1.6205147272560756e-05 0.0037794721233314053 0.0003745156831958815 3.3650554433911446e-06 2.1012277958673584e-06 9.964893158602846e-06 2.2962972266893936e-06 0.00019401233310245187 3.5973776846916956e-06 0.00027431264394638105 9.103220109466382e-06 0.0005289392195757599 0.0001560601581479853 0.00020653553292971418 4.3792982368217036e-05 1.7747663773079988e-06 9.652613548570118e-06 2.1826489161497877e-07 1.5411040074965014e-07 3.2104257351322365e-07 8.021533080018187e-05 0.0 1.1757447562341586e-05 7.41958963412176e-05 1.0447349746685201e-05 1.4930871116081007e-05 7.29892942487256e-05 7.242617922936058e-07 8.164311226082208e-05 0.0 5.5202454222652635e-06 8.19331579084386e-07 1.834406702904775e-07 0.0 5.84747920920468e-08 1.79468351318459e-07 5.202655455049949e-05 3.0042290248305096e-07 3.0239792192569376e-07 2.306782829323155e-07 0.00013069216234456633 5.191218816685371e-08 4.280115385227688e-07 1.600608590928556e-06 9.095725891853112e-05 1.3527113152990588e-06 8.855339155851122e-07 0.0 6.771575855515891e-08 0.0 3.6894862855713293e-07 1.3534397284669194e-07 8.40491000021295e-05 0.0 1.9070538032435221e-06 2.291871409646154e-07 9.252554710342697e-05 9.727205834208928e-07 0.0 0.0
4.480132245027055e-06 5.489096542037863e-05 4.844102225421373e-06 5.667028934106616e-06 3.879800259138698e-06 5.4194048562001544e-05 3.428891007033517e-05 0.00019072311811113758 4.3350167427443835e-06 4.484892008650754e-05 0.0 4.3722656635607405e-05 0.001546286488117298 0.000199098267480721 2.1610683158840468e-07 1.2452192617723251e-06 0.0002010925513697114 0.0009623208245762706 0.00041636106137017974 9.04559703518083e-06 6.7625886106049664e-06 1.9299963034618755e-05 1.8182140182442954e-05 1.079411173512541e-05 0.0002607895103718977 0.0010738766875010059 0.00027295926312601775 1.6084690138859503e-05 0.00017144269885179228 1.1352874157660773e-05 0.0002821918262910438 8.385812808542208e-05 4.323289146665516e-06 0.004280135273357264 2.47773870694653e-06 0.0002389513434798456 0.0028394671278137327 0.0017569927183014328 0.0003382673381418922 3.566025045548907e-05 4.2899504351989016e-05 0.0007925533183106882 6.308685975515102e-06 0.0 9.331642949527861e-06 5.202138407389431e-07 4.930178267947595e-07 0.0 5.166690502836741e-07 2.6921712007629776e-06 6.545747236635843e-07 2.5417543631806503e-07 1.8068758707583038e-07 0.00015454263674067378 1.6559989282908975e-07 0.0004898922098356554 8.304436668722126e-07 0.0 0.0 0.0 3.2685264382796243e-06 8.037220898231697e-08 3.675157937117332e-07 1.2336995853095726e-07 5.470978260086402e-07 0.0 3.7521561975027243e-06 5.5493677204498626e-05 5.476305563348528e-05 5.6987821061655285e-05 3.727362854898192e-06 1.2928093160934162e-07 1.1295436026403145e-07 0.00010932212111309717 5.963468592494733e-08 0.0 1.391720309237204e-05 1.3099496200455467e-07 4.199739777318241e-06 0.00021576464410613956 1.6082648557757246e-05 1.690275874587478e-07 1.7467295070001015e-07 6.358621253735347e-07 0.00013405456330546964 1.5770407366745097e-07
5.040726661425063e-07 1.173709221958585e-06 1.5964584173234835e-06 0.0035651896517386924 6.953336050463535e-05 0.002732644005111715 0.00010660087935027808 0.000523502645570497 0.0003724895143615318 0.0020128263469383497 4.3722656635607405e-05 0.0 4.250735202402166e-06 0.00017790667876711958 0.0010277364442972021 0.0 2.615854875007957e-06 1.7378856335319006e-05 1.574665700920825e-05 0.003673723579496858 4.4857750332029154e-07 9.433309938456403e-06 8.86326267587086e-07 0.0006848056340058436 7.203911227347984e-07 2.7616020901856575e-05 6.880381112797095e-06 0.001024488548658056 0.0002025324115268469 1.8636147304691977e-06 1.7808902768530001e-06 3.870998752063361e-05 1.875428489748794e-07 8.367780352684771e-05 3.930664204646842e-07 0.00016455337587015941 2.506170250802262e-06 0.00021657101696112278 3.48664435017631e-05 0.00172690700172434 2.1245474834668696e-05 1.0352225230799624e-06 1.7061311054841421e-06 0.0 6.30245107751728e-08 6.06541571033085e-08 0.00010686167655732543 0.0 1.1582717323401418e-05 1.1608640725696269e-05 3.645900836049977e-06 8.44169444450306e-06 7.05882972309263e-05 3.7084113446670196e-07 0.00029524720444522074 0.0 1.8444528608767928e-06 1.5344591527187855e-06 5.39920728694535e-07 0.0 0.0 0.0 7.519311825005055e-05 7.192835222315844e-07 5.327235681583467e-07 4.639448130535313e-07 3.9879545669505236e-05 1.6575338583104434e-07 3.091189699832266e-07 2.1695353856438945e-07 2.5840113611375492e-05 5.644949041793598e-07 9.010943472634289e-08 5.6068248204272804e-08 0.0 0.0 1.129144288402745e-07 2.539169228358278e-07 6.56480883708193e-05 0.0 1.142720268018634e-06 0.0 7.881508484023793e-05 1.5800989750892261e-07 0.0 0.0
3.8568174979518965e-07 0.000639799550044242 1.8938998199327788e-06 6.262187163862912e-07 2.029958570438731e-06 1.330759185632027e-05 5.459671131989474e-06 1.80219280030347e-05 2.2583117261260456e-05 5.454832564200482e-06 0.001546286488117298 4.250735202402166e-06 0.0 8.113836086793591e-06 8.876709532075912e-07 4.524645203653876e-06 2.4295548831399954e-06 2.079380405294019e-05 4.260539351986566e-06 1.1845066264063566e-06 5.482470900352444e-06 0.00011550996809699003 8.848676546256166e-06 4.6995369043687184e-05 0.002679938171961555 0.00014492949291897215 0.0011339878557588244 7.3525913564475325e-06 6.847814551208081e-06 4.440490088276837e-06 0.0005122589275755135 1.093475856363495e-05 1.213660163676485e-07 0.0003154706008497995 1.0500539398131557e-05 0.0006223038889811226 0.0029527631176862394 0.0016175925197357867 0.0001451617146292419 3.9259638203596915e-05 2.433228221098895e-05 0.0010831455510764325 1.1783271448507705e-05 0.0 4.991284803545777e-05 7.340996963288063e-07 0.0 0.0 0.0 3.973094914446105e-06 6.67388762521287e-07 1.7775364432182675e-07 0.0 0.0003607128579217192 1.1257908129687632e-07 0.0010117820773785184 5.489075318245345e-07 0.0 8.2794163462415e-08 0.0 5.816784039580947e-06 1.047399247180885e-06 0.0 3.435735440523853e-07 1.1560614351019989e-06 8.976182358322158e-07 1.6313038918925641e-06 0.00026002698383210303 0.0001126984914495815 0.00014050205529593312 5.626930509199365e-07 1.253059062316463e-07 6.159600379085079e-07 0.0002316537801048803 2.6594237477945395e-07 0.0 2.176935066516874e-05 6.177686253420563e-06 0.0002915578819250529 0.00044261742465612723 2.259982394330306e-05 5.67586585410223e-06 3.3513594386635006e-06 9.64614221817637e-07 0.00018764505900012698 7.290071443070763e-07
0.0025230205966669606 1.6425474075160627e-06 0.0005922277046474041 2.6711261532065694e-05 2.1711249412780195e-06 0.00050373767230245 0.0033409831868188044 0.0043815077013426 2.2495458914675325e-06 0.00042527797617844705 0.000199098267480721 0.00017790667876711958 8.113836086793591e-06 0.0 3.3508024404751856e-06 4.80621951494163e-07 0.0005823792901265572 9.576694543864484e-05 0.0001924398961130738 4.169819362487572e-05 5.244003366564021e-05 1.1824260690823461e-06 0.0002673153206681354 7.651136490991927e-05 6.698182113571051e-07 0.0006190268246448544 0.0001299770574888196 0.00024958363204360365 0.00397896164533379 0.0016661837488940818 4.445725371357948e-06 8.199497431155974e-05 1.6771514949768288e-05 0.0007845892781085344 5.779826493981756e-06 0.00024646864913746466 3.29207322475748e-05 0.0006281677979951289 0.00012469967144363675 0.00017460562811851972 1.6401780576023043e-05 1.6167918740133159e-06 6.427708188846578e-06 5.640229189693616e-07 1.945617735932143e-06 7.160309758293031e-07 4.032877935282187e-06 0.0 5.794440543355016e-07 2.6568669526216105e-05 4.386437383960208e-06 1.4730282969863356e-06 6.282525508002999e-06 4.691617920762492e-07 8.875914445808201e-07 3.4214659961934083e-07 1.8310700231060226e-06 0.0 8.013910849018405e-06 1.4139503425891436e-07 1.8933930136297422e-07 1.4899949292941866e-07 7.307246452695691e-07 8.112958049191888e-06 8.028887994553267e-07 2.905319536925879e-06 5.3020002886057255e-05 3.8463125445175467e-07 2.935781080059576e-06 8.39871268662796e-06 5.018327454634278e-05 1.8562328895856389e-06 8.161280807129843e-06 2.1017923401515008e-07 1.7065304674818123e-07 0.0 3.1956791674010156e-07 4.409417259640957e-07 2.4798964800145024e-05 7.000972392679721e-08 2.582411215099211e-06 1.7439510392922102e-06 1.491242463706915e-05 1.69147648390578e-07 0.0 0.0
0.0 8.553678892652682e-06 3.0034461173883455e-07 9.76954946938555e-05 0.0004824757107011 0.0016720014877456258 1.4493757839747165e-05 0.00012860312641673166 0.0003853241930808473 3.885976612009722e-05 2.1610683158840468e-07 0.0010277364442972021 8.876709532075912e-07 3.3508024404751856e-06 0.0 0.0 7.75109889408507e-08 1.0012544413512313e-07 0.0 0.00014502574973529277 0.0 3.732126467985966e-05 0.0 0.0004133037861732038 1.5513646282183584e-06 7.120808692838757e-07 2.4516843822770624e-06 6.82011292774937e-05 7.3781610633605055e-06 0.0 1.1623986113543527e-07 0.00038234188200577014 6.076644905884317e-08 3.285307025097241e-06 0.0 0.0002055929065227164 5.530346890413294e-07 2.276030506779543e-06 1.9369419704545514e-06 0.0006394210101328667 4.86268489275689e-05 1.3217337720430414e-06 4.480393305714634e-07 7.95001493531545e-08 7.588087304164995e-08 0.0 6.847260733046437e-06 0.0 3.7998923061901674e-06 7.524527669327389e-06 3.728012049979891e-07 1.184901443234493e-06 7.473210082467723e-06 4.7397935338118044e-08 9.266115085141855e-06 6.267956743164723e-08 4.283091874270933e-07 0.0 2.6696918867521666e-06 0.0 0.0 0.0 5.107466064232297e-06 1.3846397064294977e-06 3.7346992600064483e-06 2.4947123759091407e-07 9.7396370241236e-06 0.0 0.0 0.0 7.810789725987782e-06 3.8487329467943887e-07 1.360980889084655e-07 0.0 0.0 0.0 0.0 0.0 3.4910692283355807e-05 0.0 4.801036230669587e-07 0.0 2.9317085030852636e-05 4.6617990614168377e-07 0.0 0.0
2.4899535595274277e-07 0.00020868614775367177 2.760585848784071e-06 2.346221289246114e-07 0.0 4.819914763467687e-07 9.729752908211467e-06 2.851268468392681e-07 3.5920802617402447e-06 5.515141149118944e-07 1.2452192617723251e-06 0.0 4.524645203653876e-06 4.80621951494163e-07 0.0 0.0 1.3087803799590424e-05 6.970336318219939e-07 1.4630697748181365e-06 0.0 0.0016585520473092153 0.0009581210298111567 0.0033063787996634097 0.0009491506835420561 1.8108709223440044e-05 6.9900501831301665e-06 0.0036727691853434574 0.0008487657435352553 3.023148042273527e-06 3.257511203596948e-05 1.1400654631501273e-06 0.0 1.4198751501765462e-06 3.957638014724948e-05 1.877988216595873e-05 0.0007798218615456827 0.0002845207349340162 0.00025218315690853907 0.0002668649844190262 1.834020203498085e-05 4.296321103619506e-07 4.863078857465239e-06 3.5856545183621195e-06 2.5529456252745466e-06 2.321534479525037e-06 1.8113446846277303e-05 1.5658149639282266e-07 0.0 5.967953663902257e-08 2.5286458952453765e-06 7.975048272423373e-07 4.027860175577336e-06 2.27384818064207e-07 1.3649637232387298e-07 1.4719086569578685e-07 1.7490880599472143e-07 2.7122517239422765e-06 0.0 0.0023329974329247306 9.067946983000295e-07 0.0 4.526636346110337e-07 1.1052660691177019e-07 0.0003338765757186801 0.0006200626460437708 0.001731732889381856 8.022998302977522e-05 5.897888402938974e-08 3.514498587851131e-06 0.0004900721030130649 9.545956967251803e-05 1.1010706515737295e-05 5.8716254995640046e-05 5.80365852128991e-08 0.0 5.952010904662002e-07 3.282660486706074e-06 4.6949549189619126e-07 0.00016571084259844906 3.3589831008742846e-06 6.744371447734103e-06 3.634546150833297e-06 2.4956285658708672e-06 0.0 9.440122578446055e-07 1.260704005631885e-06
0.00016692037660389085 1.791634759129767e-05 0.0016001514911209195 4.5801739060064406e-07 5.073555839884922e-08 5.985101259229684e-06 4.613505076153237e-05 0.0003441871406220364 9.179172057497111e-08 4.281614586712293e-06 0.0002010925513697114 2.615854875007957e-06 2.4295548831399954e-06 0.0005823792901265572 7.75109889408507e-08 1.3087803799590424e-05 0.0 0.00017567457351899408 0.0023567618755161047 5.345593509889381e-07 0.0006316641143367228 1.1231486764668291e-06 0.0015422945051419138 6.142628306105817e-06 7.563209863984068e-08 0.0017775248938987022 0.0028438476099032417 6.237749579876591e-05 0.0006150968048672395 0.0013021847289738126 1.8624703387688133e-07 4.013205319178482e-07 4.8426601286985467e-05 0.0018435217172316804 6.218612818564853e-06 0.000339530868781293 0.0011417582837544927 0.0010936469388372237 0.00010733311982948711 8.762375692958397e-06 6.413832884742848e-07 1.6590185845046861e-06 7.585630564411936e-07 6.996377075040948e-08 1.0649482040621731e-05 0.0001613831162280364 4.725159441116502e-08 0.0 5.956891230698582e-08 7.099078523859294e-07 0.0 2.441784394091639e-07 0.0 0.0 0.0 6.913345344880229e-08 6.167398648242105e-08 0.0 3.6552232374639e-06 4.4305341411740384e-06 1.0766567343090498e-07 3.601861160115875e-06 7.014670785412372e-08 2.694023596148414e-06 6.927435569434758e-07 3.824123317395199e-06 2.8357285616174154e-06 4.903113733579192e-07 7.282454216135478e-05 0.00020610905195116177 3.689895223469085e-06 1.2160668349245262e-07 1.1873788153508306e-06 1.9035508705360505e-07 0.0 0.0 1.0409404498334283e-06 2.6501206454410963e-06 7.498286777786596e-06 1.1398260135098773e-05 3.8219367963289265e-06 6.88741383928838e-07 7.094350074941275e-07 0.0 0.0 0.0
5.549800896598459e-06 1.3193745496585251e-05 1.816544150817715e-05 1.9138070694686336e-06 3.335092929624172e-07 1.9267951278233455e-05 1.4288018718965239e-05 8.476832639930129e-05 2.641137734759262e-06 2.1199517133011497e-05 0.0009623208245762706 1.7378856335319006e-05 2.079380405294019e-05 9.576694543864484e-05 1.0012544413512313e-07 6.970336318219939e-07 0.00017567457351899408 0.0 0.0010059041307795475 3.5404630399520884e-06 3.3299843899089073e-06 6.477623411804756e-06 2.6047359515557925e-05 5.786065722228661e-06 3.2034578111368766e-06 0.0017918879790218012 0.00032087910680536895 7.457692837859994e-06 7.501551187399757e-05 1.2708805968354889e-05 2.1353369187439263e-05 1.5687843876606523e-05 2.329671077251713e-06 0.0008020063678527688 2.32993178371855e-06 0.0002787672785067262 0.0008066672094395975 0.0007662844888903527 0.00020425217091721667 1.1260116660200066e-05 2.092103089428104e-06 1.0487191958555034e-05 1.9068885373768735e-06 0.0 1.1665228814730922e-05 8.495256736171038e-07 0.0 0.0 0.0 1.5851100563400693e-06 0.0 1.0434847179300816e-07 2.4424527568935437e-07 5.749217236818223e-06 0.0 3.026989135196297e-05 0.0 0.0 5.17454138770413e-08 0.0 7.73162408041626e-06 1.7964557392618695e-06 2.564626476155365e-07 1.7204111047967267e-07 0.0 0.0 1.7354192625566378e-06 1.3049585435106639e-05 8.133593640255456e-05 8.897880860521194e-05 1.2612974527366525e-06 0.0 0.0 3.7067038128294375e-05 0.0 0.0 1.8463633245840285e-07 5.008299225007866e-07 6.747857154965444e-07 3.5938158558206883e-06 2.7835526461573883e-07 2.0514460305491086e-07 3.964014525399807e-07 0.0 8.706832626755705e-08 0.0
2.846091623376145e-05 3.69398442653027e-05 7.050564946809092e-05 1.3288461424813809e-06 1.33220415512488e-07 1.6291779624733848e-05 1.8342057514872752e-05 0.00014368786206854663 1.556183968587021e-06 2.1029848127407363e-05 0.00041636106137017974 1.574665700920825e-05 4.260539351986566e-06 0.0001924398961130738 0.0 1.4630697748181365e-06 0.0023567618755161047 0.0010059041307795475 0.0 4.7344228229866315e-06 1.7318199169329384e-05 2.764688803570101e-06 9.03743373358814e-05 3.0789766939752417e-06 1.2786990004567467e-06 0.0019498409779930778 0.000649577122561716 1.0669650362785193e-05 0.00017718824004543993 7.012609940671712e-05 7.442809003620852e-06 7.550387686009291e-06 1.0353177264716534e-05 0.002084147790884446 6.634282880541126e-06 0.0004414048870657454 0.0007143135780007672 0.001199393712407838 0.00018654708252325937 1.2632528415841194e-05 6.530869129628715e-07 4.309069651439841e-06 1.0770331475785837e-06 5.612076043441826e-08 1.5712368345767094e-05 9.131468031656965e-06 0.0 0.0 0.0 9.454530606667181e-07 3.9096779390277296e-07 5.5783462686929485e-08 0.0 7.930669189337357e-07 0.0 1.9383293894246904e-06 3.981938254195187e-08 0.0 4.4606868913800356e-07 8.741947444409737e-07 2.0950839724005656e-06 8.410521984318202e-06 0.0 3.486039084436753e-07 6.427946113745629e-07 8.952131685275385e-08 6.475813674148798e-07 2.187871972645253e-06 9.089192673125553e-05 9.898447076838861e-05 1.158749134739503e-06 2.3223267519268438e-07 3.6261173886538e-07 5.258065990158655e-06 0.0 0.0 3.6099219386835194e-07 1.0054448249806447e-06 3.205658345812542e-06 4.65326855032392e-06 1.1413015104627618e-06 7.80673622678549e-08 0.0 0.0 3.5690785358136644e-07 0.0
5.322451870749329e-07 6.235483457051356e-08 7.681564009034257e-07 0.002135193905625333 2.8877281507675945e-06 7.495622412142033e-05 0.0002212953321787885 6.935863475116462e-05 0.00042262111444162635 0.0014489951447681378 9.04559703518083e-06 0.003673723579496858 1.1845066264063566e-06 4.169819362487572e-05 0.00014502574973529277 0.0 5.345593509889381e-07 3.5404630399520884e-06 4.7344228229866315e-06 0.0 4.992720079330296e-07 8.457352171465453e-08 2.0982004622174655e-07 0.0003075778420439399 1.0295458530930333e-07 7.044797164083054e-06 1.7880116898703067e-06 0.0015201712893674058 6.21398252899073e-05 9.39161371929775e-07 2.8981531259341887e-07 4.758575714587805e-06 4.441364587651117e-07 3.212908958656847e-05 2.875472053360185e-07 9.14285246544604e-05 1.6437583927161285e-06 9.010997154190885e-05 2.5215357444576933e-05 0.0003691976247807275 9.012201250792504e-06 4.854143352662838e-07 2.0682800410187826e-06 0.0 0.0 2.690859445731545e-07 6.506116513255609e-05 0.0 9.946357133383165e-06 3.397854596270024e-05 3.3071882712135927e-06 1.560012797910067e-05 5.992134436257911e-05 3.064041147487634e-07 0.00010024033322918528 1.242042876809794e-07 2.697873927864562e-06 6.409916835128855e-07 0.0 0.0 0.0 0.0 4.570611800629733e-05 4.246032742938663e-07 0.0 0.0 7.886232110763697e-05 1.003968050843081e-07 1.7585140729184647e-07 0.0 5.837907866626596e-05 5.288151959804579e-07 6.850053023323322e-07 0.0 5.025208290474969e-08 0.0 0.0 0.0 7.116833846959439e-05 0.0 7.723200309167231e-07 0.0 8.557151812515202e-05 0.0 0.0 0.0
1.4800477425877636e-05 1.062216829803061e-05 0.0007993581810655242 2.276183211739845e-07 0.0 4.20375558584148e-06 0.00022074671542637387 2.598790503247096e-05 2.7710729359609464e-06 4.5288052954397515e-06 6.7625886106049664e-06 4.4857750332029154e-07 5.482470900352444e-06 5.244003366564021e-05 0.0 0.0016585520473092153 0.0006316641143367228 3.3299843899089073e-06 1.7318199169329384e-05 4.992720079330296e-07 0.0 1.526963715232955e-05 0.009488223061287717 0.00019798458566007107 3.5608121141946795e-06 0.00010752918079580891 0.00032557077697966107 0.0028352228777324528 0.0001058289857573558 0.004027845322520502 5.003302603127351e-07 0.0 2.1467273949816777e-05 0.0019410088126746343 0.00012162185652205831 0.0039432699450553145 0.0006572137437393817 0.00252316543902923 0.0014395913332028347 6.90915226917317e-05 1.9989443315057448e-06 1.094045819031003e-05 1.5142824068676568e-05 6.674379932345496e-06 2.0560294877630026e-07 2.2570439207347988e-06 3.184853624294222e-07 0.0 1.58911381339803e-07 4.932476101887348e-06 6.409403055851192e-07 5.386778914876593e-06 4.3810706053832827e-07 9.847916144201221e-08 1.0879186455311337e-07 0.0 4.724143786766147e-06 0.0 0.0003581090620222652 9.217654917415679e-07 6.895690027847851e-08 5.128567634673262e-07 2.1994943014833204e-07 0.00030230328047934144 3.549542463050361e-05 0.0001584266337753353 0.00010589082754497022 0.0 8.682545302412552e-07 1.7532542073157917e-05 0.00013387685227111718 1.7155365187281847e-05 9.118102660152828e-05 0.0 0.0 2.52926219157807e-06 4.149671925019919e-06 1.0750249205382874e-05 0.00011878638235461453 5.733494396919252e-07 5.504739059000353e-06 2.2267692947131647e-06 4.778734647911571e-06 1.109778841383332e-07 6.494489107120891e-07 0.0
0.0 0.0016427406746757245 6.590115374698902e-06 6.053509117356537e-08 1.822812381385454e-07 4.77975838963889e-07 7.433696726747671e-06 5.523233660293148e-07 0.0014153611948494547 1.7886491041272961e-07 1.9299963034618755e-05 9.433309938456403e-06 0.00011550996809699003 1.1824260690823461e-06 3.732126467985966e-05 0.0009581210298111567 1.1231486764668291e-06 6.477623411804756e-06 2.764688803570101e-06 8.457352171465453e-08 1.526963715232955e-05 0.0 3.580442025604812e-05 0.0030824515555007534 0.0004121582767193148 7.910334453074843e-05 0.0021888743518091035 0.00011629093941235303 1.1929155681442806e-06 4.593729050278627e-06 1.828100044560433e-05 1.0144347563972054e-07 0.0 2.112956605848772e-06 0.0 4.8916942020864965e-06 1.0226219272939605e-05 4.900986562397409e-06 1.6104310246713074e-06 5.4441348362757826e-05 0.0 4.251585594069879e-05 5.5813073949039694e-08 0.0 8.480819196188008e-06 4.3535443550224214e-05 2.9491838656321863e-06 0.0 0.0 1.1054318921855194e-06 1.834412911717798e-07 6.422808639369673e-06 0.0 1.8709902988595999e-06 1.4576109903882264e-06 9.13256596869991e-06 2.1891322701487525e-07 0.0 0.0005339001079542825 1.4444458909141668e-06 4.273944143483384e-07 8.370481006851449e-07 0.0 4.56198994118121e-05 0.00010361592673570023 0.00018360849599501528 2.9389833943784935e-05 2.5496686456010156e-06 1.3242736044203906e-05 0.0010421081547511125 2.2788176552836427e-05 5.668008294760842e-07 3.5799068171662013e-06 2.671710184805587e-06 0.0 0.0 6.679033258605941e-07 0.0 4.739634484718196e-06 1.5575285029672089e-06 2.554294828204527e-06 9.142852371915847e-07 1.2092425573904673e-06 0.0 5.2761171707613677e-08 0.0
7.519332406822225e-05 8.35669985780521e-06 0.005172829426348097 2.629500930630832e-07 0.0 7.947741144606124e-06 0.0004670673204758931 0.0001485645042571612 1.0709953555141943e-06 4.970756777381831e-06 1.8182140182442954e-05 8.86326267587086e-07 8.848676546256166e-06 0.0002673153206681354 0.0 0.0033063787996634097 0.0015422945051419138 2.6047359515557925e-05 9.03743373358814e-05 2.0982004622174655e-07 0.009488223061287717 3.580442025604812e-05 0.0 0.0003809392069949912 2.114139348909599e-06 0.001463705550824089 0.004739520091262534 0.0021480711390197684 0.000153031194804074 0.0024489959206152206 5.032424523211162e-07 3.64134911940266e-07 2.010394576324862e-05 0.0018134825071954162 0.00014330310413440914 0.005507972065511852 0.004638816558448998 0.004811045724601721 0.003450515669267219 0.0001929119914140832 2.271635805441569e-06 6.665652629739807e-06 1.864624270730729e-05 1.57342002756e-06 1.3445524971857744e-06 3.372952868088151e-05 0.0 0.0 0.0 4.340036989954453e-06 2.439555072015592e-07 1.0215952928965744e-06 9.862087123125133e-07 9.516756365586955e-08 0.0 7.44781955155058e-07 2.0659338539576087e-06 0.0 0.0011189523687780698 1.098481802607567e-06 0.0 5.56889971887862e-07 0.0 0.00012777687375835017 0.0001491526473361431 0.0010642063787477598 3.0206656063925685e-05 0.0 3.766034251792221e-06 0.0005421837485102446 4.411520957131505e-05 3.226592135021584e-06 2.8709299169909632e-05 0.0 0.0 2.1489763739209566e-07 2.0224063652978295e-06 1.2510929047604085e-05 8.429558921448558e-05 2.269613571159892e-06 5.052976148038606e-06 4.0453697287839745e-06 2.9557572275199445e-06 1.6891029661272787e-07 1.3015887528284605e-06 0.0
9.49383149362158e-06 0.0006313201725543379 4.612775869769712e-06 0.0006513961602633838 1.953201307518836e-06 4.674301514972984e-05 0.0005380142229225212 0.00010675307045568199 0.005280787775463895 0.00021988239123397658 1.079411173512541e-05 0.0006848056340058436 4.6995369043687184e-05 7.651136490991927e-05 0.0004133037861732038 0.0009491506835420561 6.142628306105817e-06 5.786065722228661e-06 3.0789766939752417e-06 0.0003075778420439399 0.00019798458566007107 0.0030824515555007534 0.0003809392069949912 0.0 0.00011337223513123234 5.593139061435129e-05 0.0016675328741104192 0.004315600814847306 0.00011109499392979337 9.457794615493507e-05 7.78043765696371e-06 2.0904296988981335e-06 1.633763070594741e-05 7.51819613433887e-05 1.5125869284853572e-05 0.0006216256758217369 3.519587383540982e-05 0.00020068937415195908 0.00013140215992226047 0.00040709163639865534 1.207368933038503e-05 1.0944297290442618e-05 7.837840131326552e-06 1.2039705782343857e-05 7.11135339496608e-06 2.7735819694416944e-05 0.00021614908467441134 2.8121568069551884e-07 2.7035582028514422e-05 0.0005606268074531698 8.257413889368907e-05 0.00038751674268964396 0.0002027856427420044 6.8514969066718944e-06 0.00013906812823674246 3.636782859804839e-06 6.096040526143018e-05 4.130109149186605e-06 0.0005704233694899547 1.2890674634848056e-06 1.7505118323136052e-06 1.7346018603821201e-06 0.00012376655014431615 0.00037625923979246636 0.00021471418523550106 0.00014178551534157626 0.002269171087646354 1.346271681691798e-06 1.3133767558820328e-05 0.00011372453641569138 0.001386259266801298 5.012605402204159e-05 0.00013967232900964565 1.583170936572727e-06 1.24057448854982e-06 2.4519458767855525e-06 1.2644085826763097e-05 1.2985731124430942e-06 0.00022571000264348814 1.908055077823716e-06 5.843627159716929e-05 1.2892991417607552e-05 0.0001688539041649836 8.861977435655045e-06 1.735166778787048e-06 8.158460907535047e-07
