0.0 0.0 1.7671869430200896e-05 3.832784134361002e-06 0.0 1.9171754384894572e-06 0.0011234265629394902 8.663445374698375e-05 8.559119648168989e-06 1.2145046951107635e-05 1.8580667320437917e-06 3.9028405490370396e-07 0.0 0.0020800666405329446 1.2151358237570404e-07 3.0467997033530053e-07 4.2351338552580164e-05 1.5450512525802403e-06 2.3921558568900646e-05 1.2861900548663092e-07 4.405612916740722e-06 5.0105288417463785e-08 4.175750997155593e-05 3.196788681928687e-05 0.0 1.4728632531525954e-05 2.540447297942325e-06 3.4826214754878866e-05 0.0012528415534967209 0.0009370718166902547 0.0 8.140479469885232e-07 3.92618063363968e-06 2.66601148664843e-05 0.0 7.102191273898239e-06 1.6255742953351232e-07 9.727368432270847e-06 3.8057874829638737e-06 2.402964459704749e-07 0.0 0.0 0.0 0.0 0.0 0.0 1.2955274543840196e-07 0.0 0.0 4.962605849101335e-07 4.52835358915355e-07 1.0733327712553458e-06 0.0 0.0 0.0 0.0 1.2365432739986498e-07 0.0 0.0 0.0 0.0 0.0 0.0 1.107538457646633e-07 2.227860485200521e-07 0.0 2.382642224875922e-06 0.0 6.275984370202991e-08 1.761365421446157e-07 2.9575851057218516e-06 9.519142274284386e-07 4.526315673668815e-07 0.0 0.0 0.0 0.0 9.834251287748369e-08 1.7432817462489573e-06 0.0 4.421256238077955e-07 2.1688832990408883e-07 2.063392420669612e-07 0.0 0.0 0.0
0.0 0.0 1.393467421449196e-05 0.0 2.6162362341118935e-06 3.121365324204186e-07 1.105052533161242e-06 4.706963509440482e-07 0.0005724632916761325 5.482132538453217e-08 4.679329056040458e-05 2.6842701458367155e-06 0.00015769650613836804 3.2789081318317875e-07 1.583059512751976e-05 2.4026642267965327e-05 3.676129002137621e-06 2.6464184669107794e-06 9.213758839866544e-07 0.0 1.7043620454476321e-06 0.0010829048657599496 6.515231538102001e-06 0.0003858226585445389 0.0007058130319219811 2.2726167877033125e-05 0.003237032907602566 7.174591255329015e-06 1.6599260817283626e-06 1.294784595505276e-06 1.838301750253206e-05 5.36538600402394e-07 2.38808204523288e-07 7.887472580079696e-05 1.0469549069408111e-07 1.118884503617003e-05 5.874937867884982e-05 2.4558921770657572e-05 3.169692947229228e-06 8.445481142157022e-06 7.788976723850298e-08 5.5898272872596256e-05 0.0 0.0 2.4291973596776955e-05 0.00010640030860802019 1.2167334996001224e-07 0.0 4.1500739546204843e-08 3.0528802452613137e-07 1.1835518471727692e-07 1.5414760747785486e-06 7.460594220203044e-08 4.573942392353724e-06 0.0 2.7271639718310568e-05 4.3219808469084686e-08 0.0 7.2917199124314415e-06 3.975152421249876e-06 2.977324869362855e-06 1.2827929821388065e-05 5.201710594374813e-08 3.652763089373546e-07 1.4923529400549888e-05 1.5997484138736848e-05 3.4847043912441736e-06 1.3380599316372287e-05 0.00010236201679455864 0.0015598469456183479 1.0723650804665795e-06 1.2583693683086303e-07 5.184635886714041e-07 3.7898448231861594e-06 4.8448060708024945e-08 0.0 5.51689441721202e-07 0.0 1.0309299965105325e-05 8.924759876766229e-06 7.881849982938388e-06 2.6990094634973744e-06 2.183810094398752e-07 0.0 2.7407937323707313e-06 2.316234330029503e-07
1.7671869430200896e-05 1.393467421449196e-05 0.0 9.391433462724636e-06 4.889814850793857e-07 7.66188046585958e-06 0.000749480514022203 0.00026804763589309034 3.665539322554319e-06 0.00010824569962904922 5.5039877741686824e-06 3.0385469856679697e-07 5.665740698294643e-08 0.0002455217168882471 1.950292726013671e-07 9.657238560198208e-06 0.0020635754906273883 1.366880895586123e-05 0.0004814548771430354 6.720990648802014e-07 0.0003566414403390767 9.47439330093701e-06 0.00818584457493938 5.651015031271567e-05 5.168724563951849e-07 0.003609074624325717 0.0036914176467095212 0.0004038285773767379 9.619653274746364e-05 0.0008349176578473558 3.398711611593585e-07 2.3771400585675827e-06 2.7309371990661024e-06 0.0004678695619768373 1.2065489457610547e-05 0.001636007062315774 0.0007122469345238914 0.0015421752711035183 0.0004895744544594359 1.4879174681612575e-05 3.2506425187801564e-06 1.8032991936972895e-06 6.808391960963277e-06 3.5145727635709947e-07 5.226805437199002e-05 0.0011499751679781448 8.194265426333812e-08 6.563626590510528e-08 1.612961038429847e-07 2.7549283920058405e-06 9.318725115254797e-07 2.1608992569664898e-06 3.847857498406047e-07 2.2919802299127256e-07 0.0 0.0 2.567481361236607e-06 0.0 1.6434134412241996e-05 2.2661465264553286e-05 9.526153697164564e-07 8.619794909758477e-06 2.0498752502195378e-07 1.8801415539999733e-05 2.179378166125885e-05 0.00020219793286503407 1.4883185960204817e-05 3.4366167458726195e-07 7.601580045737941e-05 0.0017062379600160708 1.316810759281951e-05 2.473774444519668e-06 9.04892951636575e-06 0.0 0.0 3.1495023011865834e-07 4.178971229177446e-06 3.1147443449626283e-06 5.2531501124703056e-05 1.4416923230929424e-05 2.6012115268042474e-05 1.3728956932146074e-05 8.648613358670327e-07 0.0 2.830721066841435e-07 5.753322825612306e-07
3.832784134361002e-06 0.0 9.391433462724636e-06 0.0 5.482386537005617e-06 4.460012589097708e-05 7.48203094163989e-05 1.3120185220281078e-05 0.0005347127550876897 0.0015714382737567418 3.6169743212761797e-07 0.0031190923668658293 9.768980812638796e-07 2.7233531394563316e-05 5.919478505960848e-05 1.9242027497989265e-07 8.367587711963183e-07 5.474672872229767e-08 7.151183445710665e-07 0.0027005053469077076 1.2256054225791884e-06 0.0 1.6577817855122677e-06 0.000997033673444766 0.0 4.051746937197753e-06 1.0016120156701885e-06 0.001435146146792804 8.859287076011367e-05 2.270084308714042e-06 0.0 6.034405724022903e-07 1.5043713034506877e-06 2.4653781822487636e-05 6.470907564915765e-07 0.00010749324802910073 8.266530343497162e-07 3.888642075023672e-05 1.6229424687771573e-05 8.51470932730023e-05 1.7233616036893466e-06 7.073002350943839e-08 2.189631976139257e-06 5.775089072423706e-07 7.11473822986985e-07 6.408406695040111e-08 0.00027207644922917475 2.1387198713355317e-07 2.253292497294837e-05 9.651701075213057e-05 4.0153287461078195e-05 8.577143935179136e-05 0.0003471485884291797 1.00887982739744e-06 0.00012236816471982134 7.058650488152141e-08 1.3552618934668591e-05 9.594194823036658e-07 0.0 0.0 1.358978998169322e-07 7.844021280404527e-08 0.00015569305184197428 6.253751745535194e-07 1.7816607465322498e-06 0.0 0.0002431123855019323 0.0 6.158852720725631e-08 1.5950786419072347e-06 0.00010309009977295703 1.357102595941112e-05 5.636719780968779e-07 6.341973808455132e-08 1.0430947432824837e-06 7.055831094125723e-07 6.0006396175086795e-06 7.314547576261762e-08 3.418282633049183e-05 3.607856843289391e-07 1.3251509577861897e-05 3.8113762947501246e-06 3.616206596122303e-05 6.549365220020899e-07 0.0 1.3371785733888522e-07
0.0 2.6162362341118935e-06 4.889814850793857e-07 5.482386537005617e-06 0.0 6.152999771643879e-05 1.4033590513459429e-06 8.280227783265608e-05 6.813870109316752e-05 4.488959326530663e-06 4.011283320191316e-05 0.00012398764421079614 1.972738840408927e-06 1.2516085550261157e-06 0.0008944799446992153 0.0 1.9019268258264352e-07 2.2930135005809585e-06 1.4180072421768387e-06 9.539818380882823e-06 7.990917326193107e-08 3.818777342872405e-06 1.8589282007331225e-07 2.9907763798964465e-05 1.0187608224657951e-07 5.4336976982739415e-06 6.856976747968661e-06 2.783954504527212e-06 0.0004367389179003256 2.671936856250845e-07 6.510776490307796e-07 8.122789270359562e-06 0.0 0.0003501078095203543 4.1929921821705264e-07 2.6694555483149677e-05 6.0897262640720875e-06 0.00014367842115639356 3.0769975657227247e-05 0.0014497312563989302 2.9010417709554132e-05 5.353145990009352e-06 1.5250190041189244e-06 0.0 0.0 6.026796691421982e-08 6.791962823943353e-08 0.0 8.702838653442804e-08 0.0 0.0 8.961922801115296e-08 7.299145858555244e-08 0.0 1.2393671746138159e-07 3.256476604362992e-07 0.0 0.0 0.0 0.0 0.0 0.0 0.0 0.0 6.911552547187637e-08 0.0 4.4911920059652914e-07 0.0 8.169416456502245e-08 2.770023012728694e-07 5.892505430151835e-07 6.810215878377343e-07 0.0 0.0 0.0 0.0 0.0 0.0 1.1957165362603842e-07 1.735079931385152e-07 1.833489552777006e-07 1.193939281868856e-07 4.0075629999476493e-07 1.0339524970839337e-07 0.0 0.0
1.9171754384894572e-06 3.121365324204186e-07 7.66188046585958e-06 4.460012589097708e-05 6.152999771643879e-05 0.0 0.0014147754137142916 0.003830151475497384 9.132104284250824e-05 0.005670467560304202 9.459303431240281e-05 0.00227695078938539 5.764709410691891e-06 0.00046054547371785257 0.0009249932563334543 4.0594451569926446e-07 1.3971115601534973e-06 7.879178058916902e-06 6.234157569947662e-06 0.00013326839809273336 2.0204760930973863e-06 5.726275253367592e-07 4.24084229426233e-06 0.00019576730596548476 6.830521305432772e-07 2.4601548191178246e-05 1.3468746202181358e-05 0.00023390983769207933 0.0002980909326843676 1.7334388513239894e-05 1.505479059017754e-06 0.0001395628643006574 6.749100297830241e-07 0.00035245615390090164 5.324529894142851e-06 0.0004830174343982407 3.194917535104012e-05 0.0005664735177180971 0.00021097696829371765 0.001822332929251912 0.00017558098195416056 5.9054725083529216e-05 2.1861038846189167e-05 4.5478331928340147e-07 1.3886644390456683e-07 3.4783588258647493e-07 8.54783084164416e-06 9.485561734673734e-08 9.102491535011515e-06 4.1492086290122395e-05 1.8517824851135138e-05 2.0841586100113296e-05 2.2171317211121033e-05 3.963313057396101e-07 1.0944319528002096e-05 2.1316555591298036e-07 8.389745613784262e-06 0.0 1.1896735973285923e-07 0.0 4.9349174399366e-07 0.0 1.146890871725875e-05 7.604431554076306e-08 3.46901973186967e-07 0.0 5.7055325440743075e-05 1.0159092694220686e-07 1.6049843438977441e-06 1.2598586805213035e-06 7.032103913018059e-05 9.618690461889261e-06 4.561290180495308e-06 0.0 7.972407864885686e-08 5.932587354954473e-07 3.2134446088813145e-06 5.774406522518229e-07 2.975974007127601e-05 1.4706196035993717e-06 1.653684967539259e-05 9.557128707424445e-06 1.3580142911028347e-05 1.7867085477471626e-06 4.451886807957157e-06 2.2636300155718387e-06
0.0011234265629394902 1.105052533161242e-06 0.000749480514022203 7.48203094163989e-05 1.4033590513459429e-06 0.0014147754137142916 0.0 0.0031360107717519313 0.0002457608443575437 0.0045704816611795394 3.336734565962423e-06 2.495733521413599e-05 1.8075095373277222e-07 0.005362011552003293 1.1633439257530794e-05 7.861033714219338e-06 5.083808835577864e-05 1.9930534140368817e-06 2.808113177086452e-05 4.818590887131237e-06 0.0004731548390647702 5.697738473463062e-06 0.0003158776035367938 0.0010093166673262254 1.0145465490899729e-07 0.0002393926422025729 0.00015281010103030554 0.010301622482699429 0.0009200832572323685 0.0027972878083303305 9.157526418623661e-08 8.936483486184045e-06 8.45342951368016e-06 0.00011575306452878596 2.756153333301449e-06 0.00031237565278372604 9.599972889918713e-06 0.0001936480410197497 8.480891180141244e-05 4.680319795687246e-05 3.014756649586112e-06 3.2852844862255405e-07 4.665824894129201e-06 1.3226594945229633e-06 3.2475026522146624e-07 9.719029061897355e-07 1.978659096294957e-05 0.0 1.6912208925048025e-05 0.00012198842637822111 6.618691544967018e-05 6.967920556183299e-05 6.644529596381237e-05 2.1563606353852685e-06 9.479181616377062e-06 3.649342552460802e-07 2.9442691198487915e-05 2.818436754862082e-07 3.5962885489461965e-06 3.796046112830757e-07 7.898184600568542e-07 4.052322042816927e-07 1.6797963619479528e-05 3.5318451410300823e-06 1.48598202385201e-06 1.6430317097229489e-06 0.00013406826535519722 0.0 1.1901777403986982e-06 5.06565807530056e-06 0.00018727791283166907 4.338691882591475e-05 1.843532693105893e-05 0.0 1.1449604171116897e-06 2.4625852660536147e-06 1.2198256031748981e-05 1.1525526671761154e-06 5.9723472713725914e-05 6.687932296642817e-07 3.0901047584548546e-05 1.456399479212603e-05 2.0069337567741596e-05 8.262792326420268e-07 6.131370460956602e-08 6.335475740112459e-07
8.663445374698375e-05 4.706963509440482e-07 0.00026804763589309034 1.3120185220281078e-05 8.280227783265608e-05 0.003830151475497384 0.0031360107717519313 0.0 9.036008364269807e-05 0.001595432035650356 0.00010822565319024121 0.0003023752692599854 6.810304986255346e-06 0.002095479536746333 4.4217569990433366e-05 1.6459918535291563e-06 0.00015131470607650837 1.5844788318729538e-05 0.000128420336328824 3.488391261422987e-05 2.9773018154574535e-05 1.7252453758125314e-06 0.00018760253878714647 0.0002789138987189909 6.169167833685483e-07 0.00021756450845568327 4.586703457798879e-05 0.00017914919936558332 0.0003406656587095653 0.0006085174085049541 2.5161600437534436e-06 9.899821679223368e-05 5.153668981103369e-06 0.0002501597734623799 2.1771590075390833e-06 0.00031853226990835284 2.8316743711568076e-05 0.0004423755078338541 0.00013106616966746223 0.0007173885109898274 3.5972645275319343e-05 3.578173480491248e-05 1.2701729350661318e-05 5.054305484321216e-07 1.5700266592657312e-07 5.800577437066894e-07 3.225702465382079e-06 3.4941934645128e-07 1.7741932821076317e-06 6.203971322318992e-05 2.193917820994418e-05 2.650130285204377e-05 1.4566249121213007e-05 9.86029893808159e-07 1.3730278811968293e-06 7.83949522319274e-08 8.835695532409219e-06 0.0 3.8168868505240775e-07 1.5219292436097707e-07 0.0 1.9609305828333287e-07 3.377155685476436e-06 1.6647675929419994e-06 1.1375398716838487e-06 8.5014583102132e-08 9.685601120789629e-05 0.0 1.132001075822163e-06 2.279088364875211e-06 0.00011827932126736633 1.7283590468394757e-05 8.123204060393235e-06 0.0 8.528628858251679e-07 1.2984734294752029e-06 4.9573396045166105e-06 6.02227496053539e-07 2.9860134506116062e-05 7.686446025337941e-07 1.7876708122425487e-05 8.861926240377398e-06 1.0844228905743837e-05 2.0937918205723767e-06 2.3308397695568957e-06 1.367262468815977e-06
8.559119648168989e-06 0.0005724632916761325 3.665539322554319e-06 0.0005347127550876897 6.813870109316752e-05 9.132104284250824e-05 0.0002457608443575437 9.036008364269807e-05 0.0 0.0004550843346363722 6.466143559818055e-06 0.0002676575300034688 5.156767743974206e-06 0.00010508226850756988 0.0003095398768853913 0.00010848801079779607 3.2181699041843076e-06 1.1945849282203903e-06 1.4056095660562018e-06 0.00035577762863820295 2.145801019796297e-05 0.0018565348331118416 6.2277155527532065e-06 0.005181079029619695 3.5761550821410644e-05 5.864055832910593e-06 0.0006882251946565619 0.0007021209252817265 0.0002181019115748343 0.00014046003665926885 1.0151274952481643e-06 7.859096854480694e-06 1.697013358478702e-05 7.935389551561647e-05 1.4102553398967764e-06 0.0004843645160129299 1.5016422593181336e-05 0.0001573036297638265 6.816059261954085e-05 0.00019049778179552218 6.22356106919163e-06 3.6446024430992755e-06 5.161623427508141e-06 5.502232389351032e-06 2.580405295159655e-06 4.205323052619557e-06 0.00027159840367390535 1.2992861657164433e-07 3.539862863906678e-05 0.00022749334482845322 9.227800451422977e-05 0.00011152217599838182 0.00028743413127964 3.0270168314866706e-06 0.00016339897708883392 2.2111838499318034e-06 4.955442747783393e-05 3.6731092920439726e-07 2.3313556448998853e-05 1.3324015352364856e-06 1.4391671689327595e-06 2.603447634851595e-06 0.00013206164216980642 2.1916660098287084e-05 7.641488931593202e-05 2.7217317164142355e-06 0.0012239960799673908 1.489223948428936e-06 7.219753832575909e-06 2.5633473274931862e-05 0.0006350980877901801 0.00012456764690922515 8.369987381060986e-05 6.476345683584806e-07 2.332041262169928e-06 1.0877427401997297e-05 2.0716438289202213e-05 2.237719170851936e-06 0.00016702836736134943 6.296807355541914e-06 5.4791506822629456e-05 2.643294474353493e-05 6.57536100276237e-05 2.0839181369936067e-06 5.445300008349013e-07 1.5392738202258784e-06
1.2145046951107635e-05 5.482132538453217e-08 0.00010824569962904922 0.0015714382737567418 4.488959326530663e-06 0.005670467560304202 0.0045704816611795394 0.001595432035650356 0.0004550843346363722 0.0 1.5430315541693343e-05 0.0017375813539030646 8.841975002355423e-07 0.0009151657479011338 3.1018343111619154e-05 6.746965616871899e-07 8.53914604304574e-06 3.6425665898295514e-06 9.853640716390618e-06 0.0010759377499370269 2.2027783138223098e-05 4.822302473966437e-07 2.8028865432536625e-05 0.0007866115418104825 1.2683457300054435e-07 4.840460293724887e-05 1.4496984225758378e-05 0.0034144871080963018 0.0013103581027380964 5.056266065300921e-05 4.710171191153461e-07 3.2337096031830226e-05 3.6491975124085236e-06 0.0003204833395630562 5.121600484939039e-06 0.0007900607482672355 1.4305457740722321e-05 0.0005216574902779143 0.00014308061957754454 0.00014592264622623674 1.4122886810136687e-05 4.152640128833036e-06 1.7371668417817064e-05 2.2527280365988143e-06 2.9514428451793165e-07 3.8000849176670707e-07 0.0004884283300589507 7.353745380457388e-07 9.393973843025827e-05 0.0004723024673682764 0.00019100070340341885 0.00014034803608195065 0.0008625468865679641 3.381021210172739e-06 0.00028776780898180334 2.1645788938900985e-07 8.434885918748503e-05 2.4211078706371267e-06 4.897169531525821e-07 1.1994081895522315e-07 1.257362488224108e-07 5.615724413202322e-08 0.0003422888635919579 6.918633443639959e-07 3.2152063822391744e-06 7.809214552074502e-08 0.0005641568425211087 0.0 4.0573907654194445e-07 1.5818391926927337e-06 0.00036103536938369654 7.880282580916413e-05 3.815213698332637e-06 0.0 4.623202183432382e-06 3.6185752130209926e-06 2.736846649594423e-05 1.3847299851731408e-06 0.0001577786977942782 1.266985627100093e-06 6.389707047395385e-05 1.7669484168487064e-05 0.00010723371532082113 3.899758496597282e-06 6.746970909409727e-06 5.703121445906913e-07
1.8580667320437917e-06 4.679329056040458e-05 5.5039877741686824e-06 3.6169743212761797e-07 4.011283320191316e-05 9.459303431240281e-05 3.336734565962423e-06 0.00010822565319024121 6.466143559818055e-06 1.5430315541693343e-05 0.0 7.45322644512681e-06 0.001094995548955852 0.00010447474746421436 1.1897056481877713e-07 7.282811817768446e-08 0.00012823085361423278 0.002932576460647784 0.00019626670789151622 8.756005260386515e-07 4.416659431028085e-06 3.2701824134075326e-06 1.1023592688196603e-05 1.5821503802168793e-05 0.0002866560289372478 0.0017645334621445566 0.001221370270988881 9.410099778557395e-06 0.00015664532649916024 1.3695309795969533e-05 0.0005994436139176161 0.0002220233531482463 5.596126650370148e-06 0.0036253974421382334 1.7073834896766305e-06 0.0001653857488589462 0.0027301431926655692 0.0022108232603634016 0.0004089877379426792 3.0002587949505927e-05 6.291254825039832e-05 0.0010041780174858917 1.1444492650342354e-05 3.254651327761761e-07 1.2118020408408655e-05 9.40254528649614e-07 0.0 0.0 5.789194911522451e-07 1.1673477403527697e-06 3.926285554236285e-07 2.5431336935215995e-06 1.1855626798617622e-06 0.00018945281341813857 0.0 0.000785667243721644 5.136956141703284e-07 5.799180070080501e-08 7.910707978067818e-08 2.488732126234177e-07 3.2780784486536896e-05 8.98537909081277e-06 0.0 0.0 1.2732215273462783e-06 0.0 5.5743000549274965e-06 7.292330521677833e-05 0.00016104674202240395 0.00030041493963977483 5.679248267908045e-06 9.190935599703742e-07 5.805235843777047e-07 6.703035933066856e-05 3.560196170162215e-07 0.0 4.674109049777346e-06 4.071424340466292e-06 9.833201000201025e-06 0.000155235279861191 2.2470789937131505e-05 5.153874121023194e-06 2.685856447049796e-07 1.608894725375813e-07 0.00014698781708216244 2.0683305026722207e-06
3.9028405490370396e-07 2.6842701458367155e-06 3.0385469856679697e-07 0.0031190923668658293 0.00012398764421079614 0.00227695078938539 2.495733521413599e-05 0.0003023752692599854 0.0002676575300034688 0.0017375813539030646 7.45322644512681e-06 0.0 5.844415441354129e-07 0.0002000209996231702 0.0008100211410925677 1.0273890291253474e-07 0.0 9.128783359533664e-07 1.2624471028611887e-06 0.0023148794900338617 3.794712703351881e-07 8.00979678925258e-06 2.3476551320483722e-07 0.00037268816768104037 1.1132505408588722e-07 4.638888526468442e-06 7.395506031200436e-06 0.0002370648518397269 0.00011395872285801704 3.715773694094621e-06 4.892296503033112e-08 1.832869770279089e-05 1.1875836577833458e-07 5.3797722538904243e-05 5.119897261182195e-07 0.0004579946709062836 2.182456827087215e-06 9.981434732401466e-05 1.82571696633617e-05 0.0010256875751095134 5.64701337046077e-06 2.4822031246663384e-06 8.671228322327534e-07 0.0 0.0 6.86567042634955e-08 0.00010150729952317418 0.0 1.2775919688038427e-05 4.3009125755150394e-05 1.9685750916614082e-05 3.90693923526148e-05 0.00013425067219547862 1.547238101809933e-07 0.0003021954066594478 4.915811162068054e-08 8.69775181074825e-06 2.2283037388487297e-06 0.0 0.0 0.0 0.0 8.937577116299338e-05 0.0 1.848658369977013e-07 2.7693941092556775e-07 0.00015867541201307746 7.093014489203526e-08 0.0 5.39650259327594e-07 5.263022297698445e-05 4.628780583195989e-06 2.2180923783776777e-06 0.0 2.7354301490743124e-07 1.13461459445347e-06 2.4858812581919404e-06 0.0 7.409150871146588e-05 0.0 9.255035371214611e-06 3.010276671342956e-06 0.00012787554286199508 6.293560787375941e-08 4.103613706946126e-06 0.0
0.0 0.00015769650613836804 5.665740698294643e-08 9.768980812638796e-07 1.972738840408927e-06 5.764709410691891e-06 1.8075095373277222e-07 6.810304986255346e-06 5.156767743974206e-06 8.841975002355423e-07 0.001094995548955852 5.844415441354129e-07 0.0 4.6387782087811525e-06 0.0 3.16942524504176e-07 2.0174756171245162e-07 2.8181744364257966e-05 1.5387903750165762e-07 1.5949601366495073e-07 1.1768667734233958e-07 1.0573780590566828e-05 2.3058329789873604e-07 4.055764124829159e-06 0.0024544266040051332 3.976597762856395e-05 0.0020621643467468222 4.052135686359003e-07 4.867916193194483e-06 2.698008445583496e-07 0.00011428650146435092 1.1164308333280745e-05 0.0 0.0013853374115565013 0.0 1.348837224115398e-05 0.001498774657248319 0.0004907203600343924 4.253613342342352e-05 1.7035099865156077e-06 8.49503283039682e-06 0.0008767720007615584 4.9265723768402035e-06 0.0 2.530369094910867e-05 3.513293512473061e-06 0.0 0.0 1.2409946299953473e-07 1.2394973609495797e-07 5.066072728333932e-07 1.4303778174753778e-06 1.6549771550705898e-07 0.0003135087038370423 0.0 0.0016022140273835087 6.825538929070673e-07 0.0 1.4462636185241709e-07 1.9513647533451397e-07 3.319967072096105e-05 5.267132822551265e-06 0.0 5.908381565469081e-08 2.670795917769507e-06 3.078411909209197e-07 1.0643354100824214e-06 0.00010396824704440283 0.0001367131551187044 0.0003849001127104552 2.7657624476732486e-07 6.528621139643055e-07 2.0202551368536884e-07 0.00014233731371009165 8.77818449099082e-08 0.0 8.322743801014594e-06 7.961235418482338e-07 4.089982732511706e-06 0.00019744019691177785 4.226974912834819e-05 4.872876732430145e-06 3.784411939370603e-07 0.0 0.00013170160369231304 0.0
0.0020800666405329446 3.2789081318317875e-07 0.0002455217168882471 2.7233531394563316e-05 1.2516085550261157e-06 0.00046054547371785257 0.005362011552003293 0.002095479536746333 0.00010508226850756988 0.0009151657479011338 0.00010447474746421436 0.0002000209996231702 4.6387782087811525e-06 0.0 6.151640332829444e-06 2.170194449576618e-06 0.0002783809581862557 2.0470750917560065e-05 0.00017608872144071945 3.324656901987756e-05 2.950060637636419e-05 2.9488002500374053e-06 0.00030277990157962035 0.00034589768183123287 4.1868177950581217e-07 0.0002281134848610949 5.389403338423165e-05 0.00030146802899103065 0.0027509850568943135 0.0020405782560735173 2.8334804980006016e-06 1.8446430668207587e-05 1.811600901607291e-05 0.00037734196131716157 1.5899879776254183e-06 0.00022061723716779928 1.8416728004951676e-05 0.00044026222702508083 7.647768744761204e-05 0.00019596655747190032 2.0055903066155523e-05 1.347221969331453e-05 4.1555508227422255e-06 5.786125275636012e-07 1.7220609012289708e-07 1.1563278113337516e-06 1.9753529755415746e-06 0.0 4.763712504727879e-06 4.648399922854039e-05 1.9360173598620238e-05 2.125789552477545e-05 1.1422219451954738e-05 3.908097178364011e-07 1.2238743841565926e-06 1.201120729329333e-07 7.891119855730293e-06 0.0 7.700427662850777e-07 2.480955268268262e-07 0.0 7.240632310246041e-08 2.4146291265470098e-06 2.2201322839720042e-06 7.201406565200177e-07 0.0 8.98099080578745e-05 0.0 8.792713805221073e-07 3.3440501835831175e-06 0.00011355071725215109 1.6044992435085264e-05 9.915637526117392e-06 7.198470108024433e-08 4.994783181186578e-07 2.3647195935289634e-06 5.838162625176417e-06 1.0842234585196017e-07 4.045593305269961e-05 1.0464125299717641e-06 1.246573813184342e-05 6.634242222376447e-06 8.273734807007694e-06 1.2777911578633594e-06 3.806967920794274e-06 5.362056175729528e-07
1.2151358237570404e-07 1.583059512751976e-05 1.950292726013671e-07 5.919478505960848e-05 0.0008944799446992153 0.0009249932563334543 1.1633439257530794e-05 4.4217569990433366e-05 0.0003095398768853913 3.1018343111619154e-05 1.1897056481877713e-07 0.0008100211410925677 0.0 6.151640332829444e-06 0.0 9.551579005617988e-07 1.4958115428610457e-07 0.0 4.580633443642414e-08 0.00010337835457207056 6.7921998633009745e-06 3.1438629052850573e-05 2.473687543067515e-06 0.00039259762903765856 5.850361110074375e-07 5.334572041219575e-07 2.57156745280734e-05 2.1383551592370847e-05 6.394072703576757e-06 6.823961770824845e-06 0.0 3.5468575186714406e-05 6.185340646753214e-08 2.4547702571099912e-06 2.7160497985044425e-07 2.1870315936733605e-05 7.551742465276376e-07 7.908696187458325e-05 3.4664359206713926e-05 0.0006567193496883179 3.789563903354156e-05 4.4246323580519946e-07 1.8957844102572472e-06 0.0 6.322064780946007e-08 1.0990891445340367e-07 6.555761475510567e-07 0.0 0.0 8.235203422735099e-07 0.0 1.8140069350899864e-06 2.600879632766647e-07 0.0 1.870694529007005e-06 0.0 4.849918633500359e-07 0.0 0.0 0.0 0.0 0.0 8.864460789152746e-08 0.0 2.8127340814071494e-07 0.0 3.406788392053884e-06 6.135681644016868e-08 1.1321056394969389e-07 4.100051252145788e-07 2.8980899971463557e-06 1.4008776550809263e-07 2.7268395093385664e-07 0.0 0.0 0.0 0.0 0.0 1.521915543579975e-07 0.0 2.779960725920401e-07 5.0846842188106166e-08 1.006040344801017e-06 2.248769326463008e-07 0.0 0.0
3.0467997033530053e-07 2.4026642267965327e-05 9.657238560198208e-06 1.9242027497989265e-07 0.0 4.0594451569926446e-07 7.861033714219338e-06 1.6459918535291563e-06 0.00010848801079779607 6.746965616871899e-07 7.282811817768446e-08 1.0273890291253474e-07 3.16942524504176e-07 2.170194449576618e-06 9.551579005617988e-07 0.0 2.4188251572515782e-06 6.912967255527533e-08 3.2798974542465456e-07 0.0 0.00160155339022503 0.001941962074732117 0.0014517133049756126 0.0013178758045518668 7.662298028346654e-07 3.1331454822976204e-06 0.0020401309485900978 0.0006768339894942943 1.2817046679956009e-05 0.00014808018818274378 0.0 7.893348598208994e-08 2.3752901110969075e-06 2.8128887695251476e-05 6.953014638228737e-06 0.000991043955332378 0.00039674782925247466 9.485481063850922e-05 0.0001985245214044119 2.5781992785066978e-05 3.2513082681227795e-07 2.023889322125816e-07 9.18571405687413e-06 1.6742775443349794e-06 1.9126030751769587e-06 7.1447219420264644e-06 3.4215122467072296e-07 0.0 1.0499304813068933e-07 7.203192872427183e-06 3.078121987736564e-06 6.153220029186056e-05 5.824499888304501e-07 6.545036407185448e-07 0.0 4.389465030516677e-08 7.083660966913909e-06 0.0 0.0016398401511748502 2.1025214362945816e-06 7.806110449797318e-07 2.9352805955556122e-06 0.0 0.0003612416878053235 0.0009712652363200222 0.0005820566469937909 0.00043764413973307483 5.901736690491344e-08 1.0916245931683855e-06 0.00011044485117904972 0.0002589305538732155 6.571770030628958e-05 0.00016104244473766338 0.0 5.0643566193385405e-08 1.3754145724006164e-05 1.2300735272228374e-05 1.5332544345295215e-06 0.00014396921033483462 1.0116643790033444e-05 2.4893832666581864e-05 1.9939829167136478e-05 3.548751507772109e-06 0.0 0.0 1.367825467935137e-07
4.2351338552580164e-05 3.676129002137621e-06 0.0020635754906273883 8.367587711963183e-07 1.9019268258264352e-07 1.3971115601534973e-06 5.083808835577864e-05 0.00015131470607650837 3.2181699041843076e-06 8.53914604304574e-06 0.00012823085361423278 0.0 2.0174756171245162e-07 0.0002783809581862557 1.4958115428610457e-07 2.4188251572515782e-06 0.0 8.705770393121448e-05 0.0018235559465477834 9.029384992570413e-08 8.351523899577245e-05 2.619433392038828e-06 0.0015317602109643244 1.3862344272660876e-05 1.5669023386287839e-06 0.0019536127875135825 0.0018146744983526075 1.9683089595694604e-05 0.0003464656431516583 0.0005069441103753234 5.087143338106134e-07 1.2634074280813043e-06 2.8254548885936967e-05 0.0007448260432188455 2.08528240038169e-07 5.558501322254902e-05 8.982249647085731e-05 0.00019029053200260651 3.0497324676496676e-05 1.3528514002639383e-06 3.9515844618884904e-07 4.6804868318584145e-08 3.250873832967434e-07 5.797928319989747e-08 4.927959955515834e-06 8.331986352702344e-05 0.0 0.0 0.0 6.611900772603559e-07 0.0 4.240655847672631e-07 6.45339038234532e-08 4.885907746507125e-07 0.0 9.884037917078069e-08 3.0102440941142115e-07 0.0 1.424154016518664e-06 2.6912066692118943e-06 3.2822009339930465e-07 3.1154319061947936e-06 0.0 5.781258448209422e-07 1.6491318318580513e-06 5.39834588541635e-06 1.0193474000572862e-06 2.7278909145199227e-07 3.688607193333364e-05 0.00016161913959274063 1.1269482813069172e-06 4.06038555587995e-07 5.222251770100847e-07 7.912375776431827e-08 0.0 0.0 5.233648248044058e-07 0.0 5.4610176847953225e-06 2.110541224630932e-06 2.295604598031924e-06 5.669208536362891e-07 0.0 0.0 0.0 0.0
1.5450512525802403e-06 2.6464184669107794e-06 1.366880895586123e-05 5.474672872229767e-08 2.2930135005809585e-06 7.879178058916902e-06 1.9930534140368817e-06 1.5844788318729538e-05 1.1945849282203903e-06 3.6425665898295514e-06 0.002932576460647784 9.128783359533664e-07 2.8181744364257966e-05 2.0470750917560065e-05 0.0 6.912967255527533e-08 8.705770393121448e-05 0.0 0.0003612729504441037 1.1063690879981984e-07 1.2024951776079872e-06 3.823091161385772e-07 1.3879096319383076e-05 2.2835051859810114e-06 2.1855402661141992e-05 0.002751476373023102 0.00041924390065856257 1.2072831974158163e-06 3.0526879675063016e-05 9.534955252464277e-06 0.00012272801778543782 2.1843126972970865e-05 2.1065305913822018e-06 0.0005761666177502873 5.903138600119193e-07 0.00014034918780019226 0.0004909687997384155 0.0004905344641318128 0.00010863197385828488 4.817111420913661e-06 1.824938473679929e-06 1.7166775394158526e-05 1.858341197719653e-06 0.0 4.418061921104567e-06 2.508917065132831e-06 0.0 0.0 0.0 3.5170719374273063e-07 6.14490825355679e-08 2.4764222889361536e-07 0.0 1.0575761102926722e-05 5.5494263637526926e-08 4.8703329224346486e-05 5.962791233800436e-07 0.0 6.158784220576657e-08 8.942480007251728e-07 3.860561194976434e-05 3.1231879379522576e-05 0.0 0.0 6.615145336238854e-07 7.500711512714181e-08 8.191936313110509e-07 2.9033557196878404e-05 0.0003891759515433551 0.00042880687507496355 7.754168986044391e-07 6.876882098101362e-08 9.633225703185041e-08 2.0861688853254263e-05 0.0 0.0 2.8074787211355698e-06 8.132618176472528e-08 4.057918429277546e-06 1.3191814549798977e-05 9.333631169488609e-06 2.2061050325704894e-06 0.0 0.0 4.616449936273761e-07 0.0
2.3921558568900646e-05 9.213758839866544e-07 0.0004814548771430354 7.151183445710665e-07 1.4180072421768387e-06 6.234157569947662e-06 2.808113177086452e-05 0.000128420336328824 1.4056095660562018e-06 9.853640716390618e-06 0.00019626670789151622 1.2624471028611887e-06 1.5387903750165762e-07 0.00017608872144071945 4.580633443642414e-08 3.2798974542465456e-07 0.0018235559465477834 0.0003612729504441037 0.0 2.201665126914484e-07 1.6641012422401736e-05 2.2511433974156636e-07 0.00038209269490037314 5.799429032069317e-06 1.0517919476184096e-06 0.002253565857317004 0.00040796119781066323 8.785565933649408e-06 0.0002518057609318995 0.00017134698953419022 6.495611278378788e-07 2.2197788621402174e-05 2.0994793349443414e-05 0.0016728970370631215 8.885554256343076e-07 0.0003132326031094933 0.0004951994797723925 0.0006614243224031658 0.0001045792777830229 4.9414385820136595e-06 1.8713705245298068e-06 1.0544646431678893e-06 5.497398697970187e-07 0.0 2.7549239755488667e-06 2.217968812401049e-05 0.0 0.0 7.754914844508606e-08 2.4877043355778624e-07 0.0 4.7428685475275566e-07 0.0 1.9892900122468884e-06 0.0 4.403477803149862e-06 3.247400586992689e-07 0.0 4.2470631713442633e-07 2.743014413463476e-06 1.5182687182277257e-05 3.417259882201198e-05 0.0 1.5359936941974502e-07 6.581077111620205e-07 2.7254883979790865e-07 1.5823017453565983e-06 3.678990285807773e-06 0.00020799085721308843 0.0002268842890356546 1.1395806533590283e-06 4.0743981266179585e-07 2.81945556839361e-07 2.918006437092652e-06 0.0 0.0 1.3558146734453726e-06 2.4929823081091464e-07 5.710136034215025e-06 4.415656603268166e-06 3.59224363317554e-06 1.2744923240837192e-06 1.917587546201508e-07 0.0 0.0 0.0
1.2861900548663092e-07 0.0 6.720990648802014e-07 0.0027005053469077076 9.539818380882823e-06 0.00013326839809273336 4.818590887131237e-06 3.488391261422987e-05 0.00035577762863820295 0.0010759377499370269 8.756005260386515e-07 0.0023148794900338617 1.5949601366495073e-07 3.324656901987756e-05 0.00010337835457207056 0.0 9.029384992570413e-08 1.1063690879981984e-07 2.201665126914484e-07 0.0 0.0 0.0 0.0 0.00022977156044374616 0.0 4.793315842767772e-07 3.889698470981672e-07 0.0006033637389506123 3.9261904219504416e-05 1.8550339672638565e-07 5.153639713513399e-08 2.6747051816135657e-06 0.0 1.2571405495440626e-05 8.76797652668505e-08 8.45618822414565e-05 6.580572481838515e-07 2.1331055540596004e-05 4.750157543827197e-06 0.00017888653185253872 1.1050902551117011e-06 2.6208796284736087e-06 6.419998867093133e-07 0.0 4.3898389692246645e-07 0.0 0.0001604956234501085 4.3132406605316964e-07 1.86820847076606e-05 7.412136437521243e-05 3.7475711027220164e-05 4.4471650184196835e-05 0.0002206150906327099 4.7109943466278887e-07 0.00013327053034734436 0.0 1.3052222134105025e-05 2.4824246325164993e-07 0.0 0.0 1.0932370686489171e-07 0.0 0.00010783118746082207 0.0 1.2778534641567594e-06 0.0 0.00017965424722531475 0.0 0.0 5.339831266341667e-07 6.919735876384923e-05 1.3710711874203158e-05 5.159076462179467e-07 0.0 9.375947507861224e-07 4.622790021641267e-07 4.406720037780093e-06 2.787737728097156e-07 6.349397003036102e-05 2.51463044624263e-07 9.388675030225533e-06 2.247595680963169e-06 5.527533328933974e-05 4.924355438018754e-07 6.393010168923824e-07 0.0
4.405612916740722e-06 1.7043620454476321e-06 0.0003566414403390767 1.2256054225791884e-06 7.990917326193107e-08 2.0204760930973863e-06 0.0004731548390647702 2.9773018154574535e-05 2.145801019796297e-05 2.2027783138223098e-05 4.416659431028085e-06 3.794712703351881e-07 1.1768667734233958e-07 2.950060637636419e-05 6.7921998633009745e-06 0.00160155339022503 8.351523899577245e-05 1.2024951776079872e-06 1.6641012422401736e-05 0.0 0.0 0.0004911269724193338 0.005564984077717348 0.0003899662676750206 4.327128741262119e-07 4.903140110866034e-05 0.0004073809663397629 0.00446299953017301 8.096292998129617e-05 0.004203279619159399 0.0 1.6405343925812016e-06 3.914066324609001e-05 0.002006909321264017 1.9577115841746842e-05 0.0034619935731220763 0.0004411050730007263 0.0027663561155348965 0.0019396836722051542 0.00010867236752005495 7.656302419412533e-06 1.356823889745502e-06 3.790241306014229e-05 1.4201416563451256e-06 6.040852273043005e-07 3.5722477907407686e-06 2.0892162557792313e-07 0.0 0.0 5.3775583038386355e-06 2.6761294150794417e-06 1.8269121681118375e-05 1.2236511493816227e-07 5.763200547094593e-07 0.0 0.0 5.2458162107177376e-06 0.0 0.0003184572253633022 1.085296700827397e-06 4.31081110445837e-07 2.814702069055594e-06 0.0 0.00035437758770523123 0.0003856005848074364 6.746780579222108e-05 0.00038427836828174527 0.0 9.797446193756465e-07 1.093995907891363e-05 0.00022501113501240388 5.6170845240392684e-05 0.00017419521757707992 0.0 3.5788640831300284e-07 1.588712572991114e-05 1.3038239292431676e-05 2.46585068978691e-06 0.00018369757174832685 6.265568994656663e-06 3.322676790533997e-05 2.6711896086757143e-05 3.289417330950585e-06 6.450030990828715e-08 0.0 3.733281841855941e-07
5.0105288417463785e-08 0.0010829048657599496 9.47439330093701e-06 0.0 3.818777342872405e-06 5.726275253367592e-07 5.697738473463062e-06 1.7252453758125314e-06 0.0018565348331118416 4.822302473966437e-07 3.2701824134075326e-06 8.00979678925258e-06 1.0573780590566828e-05 2.9488002500374053e-06 3.1438629052850573e-05 0.001941962074732117 2.619433392038828e-06 3.823091161385772e-07 2.2511433974156636e-07 0.0 0.0004911269724193338 0.0 0.0003669796180958545 0.0023871081258409364 9.923836426480121e-05 5.422341498418333e-06 0.001532630355247997 0.00020091137638844977 1.2635501203811081e-05 0.0003381637556162392 1.2034242667601699e-06 2.53561424108918e-07 1.5558600208768636e-06 3.0205151672467066e-05 2.1836463862532417e-06 0.00025721431627059854 0.00013717617566742863 2.7124192293191258e-05 3.099806173172128e-05 2.9356828774620825e-05 2.192548874719835e-07 2.3821061246836833e-06 1.2549566259917853e-06 7.78465977235643e-08 1.034525590601363e-05 5.807433751815001e-05 2.0845750822644511e-07 0.0 1.8627916451880586e-07 1.7158435248651769e-06 1.036849238594358e-06 1.1695749693387023e-05 9.286238883550391e-07 5.711910916338239e-07 1.1078384882991464e-07 3.2032276818718413e-06 1.2438528311587951e-06 0.0 0.0011254554095488972 1.3854745024765443e-06 1.5381902416061295e-07 8.107513665032571e-07 3.023091982056084e-07 0.00010111075613376282 0.000334237240481951 0.00039051146978850146 0.0001290920294942688 1.1164931432267457e-06 7.911780675979695e-06 0.0011073622992998093 5.3961754051985735e-05 6.219731535915706e-06 2.372547536021768e-05 4.6349111951079275e-07 0.0 1.9681711711592687e-06 1.8689336209141853e-06 1.169966623627323e-06 5.068595052356383e-05 1.3552664591820519e-05 6.918713722209287e-06 7.426643516603139e-06 2.3018620181407002e-06 0.0 0.0 1.34787382612281e-07
4.175750997155593e-05 6.515231538102001e-06 0.00818584457493938 1.6577817855122677e-06 1.8589282007331225e-07 4.24084229426233e-06 0.0003158776035367938 0.00018760253878714647 6.2277155527532065e-06 2.8028865432536625e-05 1.1023592688196603e-05 2.3476551320483722e-07 2.3058329789873604e-07 0.00030277990157962035 2.473687543067515e-06 0.0014517133049756126 0.0015317602109643244 1.3879096319383076e-05 0.00038209269490037314 0.0 0.005564984077717348 0.0003669796180958545 0.0 0.0003839050306481444 6.044453830612594e-07 0.0005946262934991431 0.008313547456004995 0.0019478996554919573 0.00021789234126005615 0.0031456350630888435 3.132918379066869e-07 2.7125303293502224e-06 2.488903616357138e-05 0.00219153880611201 4.9011501739672185e-05 0.006418041168967432 0.0024222492656935895 0.0037664837942663902 0.0034470904493642996 0.0001914086728339957 1.662883896168978e-05 1.785086835562332e-06 6.972409380679904e-05 1.0635056245146272e-07 1.0434234902790287e-05 0.0004335419644535465 1.361080510634475e-07 4.7428075463422585e-08 1.416016043793704e-07 2.2964871323197e-06 1.2198800936012999e-06 2.522371622841471e-06 6.058408068065845e-07 1.28689138823369e-07 0.0 2.118737404456166e-07 1.2074337931907037e-06 0.0 0.0012159663586227272 2.0931655309208343e-06 4.802948441874858e-07 5.711821036932241e-07 0.0 0.00019827957197405885 0.00037781775138244673 0.0009207063770863856 0.00010000112382124665 0.0 8.755651806828345e-06 0.001167938672174257 7.491782551463698e-05 7.683954491050875e-06 6.261317971311444e-05 0.0 0.0 2.688535376112833e-06 4.7496991228038965e-06 6.098370990083357e-06 0.00011736937034656904 3.2419091308629056e-05 1.3637755289403972e-05 1.3326261984198247e-05 1.5244945705836374e-06 2.3265756893622264e-07 1.670961772992187e-07 6.948180658426212e-07
