0.0 4.673760969301858e-07 4.6434001835196305e-05 5.571601824398438e-06 2.3418855913713286e-07 3.300403209444249e-06 0.0009385500476527376 4.7627507685122515e-05 4.091056285689945e-05 4.3380709488670425e-05 5.211309327494701e-06 2.6356910562243796e-06 1.8242204512601016e-06 0.0015478124616030444 1.1943447608732214e-06 5.695015682491999e-07 5.032397179978491e-05 4.6681061780563326e-07 3.111540510885163e-06 5.749712347644754e-06 0.00015275360508001625 1.1760390153925176e-06 0.0001260447907803164 0.00012120219186461444 9.232486417860841e-08 8.70243841213706e-06 8.319303125194582e-06 9.470484873848443e-05 0.0017348507784005248 0.0019786202098030664 1.3179656358153836e-07 2.4009739524743727e-06 3.7649984069480246e-05 0.0002627491006058274 2.208997618505758e-06 5.356677735801962e-05 2.4146946110300912e-06 0.0002566521020204446 3.9349730280352695e-05 3.835739136455512e-06 7.623772888291924e-06 5.983897031533348e-07 3.4139963948247684e-06 5.959178174743145e-06 1.0654846570522103e-07 0.0 4.543591835096672e-07 0.0 5.9047162032140604e-08 4.944310221172415e-06 5.5603494741494465e-08 5.737356208746339e-06 6.835138912256956e-07 4.572256816402976e-08 0.0 0.0 1.5513521613706596e-06 0.0 2.646276935157327e-07 5.46113525383132e-08 0.0 7.325267668445285e-08 1.0330442907517354e-06 3.6904009722308355e-07 9.679478228858782e-07 1.191092748731659e-06 1.0473982713545892e-05 0.0 0.0 2.47079006589523e-06 1.6134191406523767e-05 8.636314267646142e-06 1.0942404709698433e-05 0.0 0.0 1.0732623415938792e-06 2.2426827610694243e-06 4.1962739881885686e-07 8.39104280484188e-06 4.970889275839178e-07 2.528447753098119e-06 1.3384848375434078e-06 6.564726140568224e-07 0.0 5.349571312883566e-08 0.0
4.673760969301858e-07 0.0 0.0002708369197846328 0.0 5.544907912365224e-07 5.473293962210242e-07 2.538020613488966e-06 1.5476334121517223e-06 0.00025155824063270076 1.1995958297971553e-06 4.730640896622559e-05 2.019629073218114e-06 0.00023850666139600793 1.5918802285244938e-06 1.4712417998636659e-05 0.00010862493963136745 4.993790302112944e-05 1.0581337570255296e-06 3.690536528781995e-05 0.0 9.577496066731006e-06 0.0006612229084525075 6.449070570415175e-05 0.0004947171117300901 0.0009689238325115279 0.0002907198749529554 0.004834571652349784 2.8001119246891402e-05 1.102635332594608e-06 2.8668276410495197e-06 2.476907701111301e-06 1.5181327951084625e-07 1.1351187659429333e-07 3.775425962155337e-05 1.4522805001956666e-06 9.872013686187172e-05 0.00010465904120776687 0.00015161308741423954 3.974630166474322e-05 7.735716192856154e-06 2.5754743227523634e-07 4.309139174021171e-05 1.1762845632837652e-06 0.0 9.958234064207324e-06 1.726218021518177e-05 6.678588336059041e-08 0.0 0.0 2.3652740199764222e-07 0.0 3.918919128406888e-07 6.212855608813267e-08 1.327067455281397e-06 0.0 1.1504175110675098e-05 7.751943605041458e-08 0.0 1.973273843049281e-07 8.311683776522181e-05 0.0 7.301919080966859e-05 0.0 5.703582446213259e-07 1.3912395995793842e-06 4.247857396527506e-06 8.621704494923592e-07 4.735767917590588e-06 0.00012148871738399151 0.0006623058026439901 3.9796507377579814e-07 0.0 2.517760121210601e-07 1.9926716942872577e-06 0.0 0.0 2.4257287437121147e-06 3.258411266260817e-07 1.0465340480698654e-05 5.031413729047016e-06 4.862318337564082e-06 3.4946571323448086e-06 5.62428768201518e-07 0.0 8.178503248464801e-07 0.0
4.6434001835196305e-05 0.0002708369197846328 0.0 3.5774980668362045e-06 1.5598887588714708e-07 5.363477965868171e-05 0.0005184635145762612 0.00034346840501781154 7.090796194377484e-05 0.00029768676536876107 7.799775469200985e-06 1.84850170141266e-06 1.9133469710248797e-06 0.00034122613755123443 5.500986202557679e-07 1.5619936863725078e-05 0.004405756405136673 4.581310011321848e-06 0.00018388185825931664 5.100122057133555e-06 0.0004421052716676598 0.0001365407322593463 0.0038377618384115267 3.298729819977357e-05 3.1094398047262933e-06 0.0027674435454577494 0.008231766380251864 6.949706994091732e-05 4.323458638124571e-05 0.0002688402783000259 4.427823981670827e-08 3.5449411966350965e-06 8.527891228142356e-08 0.0002831656228698588 1.288320689515464e-05 0.0004614948004754427 0.00013178531907822121 0.0008860267240566603 0.00042087080081890853 3.219553081563236e-05 4.538094768252628e-06 1.3288813430449631e-06 3.7594109875234385e-06 2.3690725957436637e-06 0.00023996457042147883 0.00030039940670310394 3.82585726696043e-07 0.0 0.0 1.0319717983952395e-05 4.6261619165024247e-07 3.680012780976729e-06 1.3963610959073723e-06 1.4115023777186401e-06 3.299893355315817e-07 1.3245894749257762e-06 2.26451989018081e-06 0.0 2.1566545178719806e-05 0.0003539186708031123 6.416803403437248e-07 3.6832588795247336e-05 4.566982728145538e-07 8.15447560386313e-06 6.348747266822339e-05 0.0003388863389437133 1.942548210653068e-05 1.7087407270279155e-06 0.00015919481111281933 0.002313805845610241 1.9695271602530892e-05 3.3775280880465814e-06 9.954650395080417e-06 3.7438226484684046e-07 0.0 3.3318804782614897e-07 6.206925519196994e-05 3.6472576552032147e-06 0.00017644327677698 4.556356970226352e-05 0.00010825226178297742 7.58354112942775e-05 7.101119292528227e-06 5.832061472022126e-07 1.5630453898956968e-07 2.1673684664473384e-06
5.571601824398438e-06 0.0 3.5774980668362045e-06 0.0 2.7528988091420696e-07 5.558074568961054e-05 5.5046464169510155e-05 3.0799319282888764e-05 0.0008074757989188092 0.002136940752397618 8.172585404633921e-07 0.0027688366758857413 1.0462570667340402e-06 3.071219456293942e-05 1.524392020834114e-05 4.839391377841339e-07 5.237444085809052e-07 5.949259774333694e-08 1.4907831838786488e-07 0.0015948962308972576 1.0192170146437383e-06 8.058696135978174e-08 1.6174391391921555e-06 0.0015656097653208995 0.0 1.100572771739358e-06 1.7891904938743429e-06 0.0032111452164437695 8.495307362281291e-05 9.052818751888916e-07 1.3521521855371577e-07 1.6199261308400082e-06 1.8028599705760474e-06 1.8640928863645035e-05 1.696358704326569e-06 8.008045162084446e-05 1.1608329794281958e-06 5.016212067648978e-05 1.8817927983467836e-05 1.4352895808279942e-05 8.061480861007086e-06 1.9611596732411577e-07 1.5976752466207123e-06 6.5579470593584085e-06 0.0 7.258989846240989e-08 0.00011666473072985749 8.921475042351499e-08 1.8178157512043497e-06 0.0001056179036729568 5.944630656013298e-06 6.70055890158561e-05 7.732100166654002e-05 3.1684743552352994e-07 4.354705107496466e-05 0.0 1.0552733582146546e-05 2.837023411676722e-06 5.996673172368887e-08 0.0 0.0 0.0 4.972545975664236e-05 1.765113206803103e-07 2.899459287475026e-06 1.6907880113318875e-07 0.00012819894918166956 0.0 0.0 4.206480892815727e-07 0.00014965740738886812 1.0739778521265182e-05 5.174075932361308e-06 0.0 1.3325361774503922e-07 5.877074430389111e-08 2.5097103549330605e-06 1.361383456162757e-07 9.065083984957015e-06 1.8753041311200224e-07 5.148370755169878e-06 2.2500609057005994e-06 3.960625655784972e-05 1.063931264567125e-06 0.0 1.1121185408069768e-07
2.3418855913713286e-07 5.544907912365224e-07 1.5598887588714708e-07 2.7528988091420696e-07 0.0 7.86477324538004e-05 2.6208683269865666e-06 0.0003221286591636007 3.423860087082612e-05 3.4133136188915865e-06 2.4112443611744104e-07 2.533454254193662e-05 6.000085534080297e-07 9.536251142886769e-06 0.0004013529646177531 0.0 2.416714783452443e-07 0.0 4.576467086431668e-08 1.7814895428254595e-07 3.848408641880484e-07 2.3066033428046937e-06 5.544055000520251e-07 5.0842983708415e-06 0.0 1.9317585375782082e-07 1.9608684974235306e-06 1.5759920059505007e-06 0.00010347969291227414 1.4793223952613122e-06 0.0 0.0003859764664992896 0.0 2.76104558878449e-06 0.0 3.617682686962817e-06 1.7081835555790387e-07 1.5871239091888234e-06 8.372836104999253e-07 0.0006391300636013234 7.654521371082234e-06 1.3929176214862385e-07 0.0 0.0 0.0 0.0 1.043981027901512e-06 0.0 0.0 9.519831275501066e-08 3.960796314230274e-07 0.0 1.8775997069198535e-07 0.0 0.0 0.0 0.0 0.0 1.1058684613822158e-07 0.0 0.0 0.0 4.370184142041177e-07 0.0 0.0 0.0 1.5761240287035894e-06 0.0 0.0 0.0 1.711990371160461e-07 5.076288071380903e-08 0.0 0.0 0.0 0.0 0.0 0.0 0.0 0.0 0.0 0.0 0.0 0.0 0.0 0.0
3.300403209444249e-06 5.473293962210242e-07 5.363477965868171e-05 5.558074568961054e-05 7.86477324538004e-05 0.0 0.0003494086608861018 0.004296863045532855 0.00011916236007068031 0.005183215837387823 4.5699751629246345e-06 0.0010868415416163389 6.007256229692293e-06 0.00036222660245613223 0.001058924678151824 0.0 1.1523270953257818e-05 2.3100246908067332e-07 1.349698192434262e-06 0.0001676618665713588 3.522663648920004e-05 1.3314321352132787e-06 3.275996380880486e-05 3.57931581234719e-05 3.1588430232371904e-06 6.4983285249666076e-06 1.1833869298705753e-05 0.00017131687274137572 0.00046851031542410345 4.252140944827381e-05 2.0091293569541283e-07 0.0009897486789065778 2.7850495497243335e-07 6.569860717377993e-05 1.7566510926507634e-07 0.00015988667247513038 3.922086942291192e-06 8.321125328134304e-05 3.065331500808546e-05 0.0009677430053747597 2.2832933970903e-05 3.6325322429211803e-06 2.275565259297776e-06 4.5617311413312463e-07 4.9154809721878305e-08 5.4372908674116184e-08 3.5015952201811974e-06 0.0 0.0 7.497857266174504e-06 0.0 1.9108444140930224e-06 4.694545009444056e-06 0.0 1.805715382281356e-06 0.0 6.213685376316713e-07 6.619066804317144e-07 1.0594608064225099e-07 1.6960736360435098e-07 0.0 0.0 3.5584860117701135e-06 0.0 1.530305182936155e-06 9.363392742203391e-07 6.0083233802776195e-06 0.0 0.0 1.5737515372564322e-06 6.1710660321801865e-06 8.985102551718931e-07 3.1508067935421135e-07 0.0 0.0 1.2074269606237833e-06 5.2231035589262e-08 1.021802391173004e-07 2.2717904386255125e-06 3.644716827959721e-07 2.8634827943825196e-07 1.8248250007476029e-07 4.721905185637176e-06 0.0 1.663968969844831e-07 0.0
0.0009385500476527376 2.538020613488966e-06 0.0005184635145762612 5.5046464169510155e-05 2.6208683269865666e-06 0.0003494086608861018 0.0 0.0024776731218878263 0.0003724978188008257 0.003947438432073624 2.8755430035869833e-06 2.106853542779251e-05 2.607125031264712e-06 0.004565298136478042 3.661237955411237e-05 2.2254557458452884e-05 2.8539437150868187e-05 1.878491871282313e-07 1.6838655316393952e-06 6.000824162167024e-05 0.0005353558332701086 5.582960039651445e-05 0.0007342765427605205 0.003265238828676436 7.626475415191857e-07 1.2565411227386979e-05 0.0001663567583815935 0.012245601731757453 0.0005761015717808802 0.0024883557814242958 1.1652119102740704e-07 1.4060204218437492e-05 7.060933154447115e-06 7.249940690866908e-05 5.894380676051888e-06 0.00032849565620838564 1.0688504193463635e-05 0.00014367655202741447 6.247091311330346e-05 2.4784822438814462e-05 1.046480938949388e-05 6.199086761452639e-07 3.32835951315615e-06 5.852284599404067e-05 5.632701328773316e-07 6.351710335789466e-07 4.900513334013323e-05 0.0 4.686651235314041e-06 0.00020906755955878473 1.2134021420606211e-05 0.00012461897038430132 8.138995459604388e-05 3.2884878238138635e-06 4.793053513071964e-06 0.0 5.4222592401331234e-05 0.0 1.6366083321935433e-05 5.087472645854479e-07 3.057814222253916e-07 0.0 4.144504442554439e-05 1.9464672559324226e-06 1.885531539562208e-05 2.5713066297400935e-05 0.00011236928590627615 0.0 1.821912149644091e-06 1.2196846067767219e-05 0.00014536821983803004 6.443732231251245e-05 4.963385314210063e-05 0.0 6.65671264733175e-08 1.7167374077579197e-06 1.7796570924427957e-05 2.995740891136248e-06 9.195840111452232e-05 1.570348104689126e-06 4.048691522524007e-05 1.1330206553076724e-05 1.392165859342862e-05 3.5689594906370593e-06 0.0 1.1125383141580136e-06
4.7627507685122515e-05 1.5476334121517223e-06 0.00034346840501781154 3.0799319282888764e-05 0.0003221286591636007 0.004296863045532855 0.0024776731218878263 0.0 4.5913767858902356e-05 0.003862926455008712 9.984872036938548e-06 0.00044174782331388157 2.3576538044627138e-05 0.0029604812769855734 7.397314847814302e-05 1.1124531015499848e-06 0.00011823305845853978 1.3297603315623796e-06 8.01999157149028e-06 9.914551743324588e-05 0.000289388021480005 2.2959963482317656e-06 0.000292990497677403 9.512323472554159e-05 7.318710283596981e-07 3.4737790615290293e-05 6.161627281461985e-05 0.0001899578592515751 0.0010659667850309773 0.0006887261780408821 8.142063982834903e-08 0.0007431865167473864 2.5693640165777745e-06 0.0001389445758922983 1.2178240274471303e-06 0.00018236835994715837 1.1635046879229957e-05 0.00014914865020221774 6.716293989338196e-05 0.0002554551778655687 0.00010025875615303919 1.5241503474770769e-05 7.689307030656921e-06 4.8177872243863e-06 4.6876250013386523e-07 9.474129630107506e-07 2.763495338758106e-06 0.0 0.0 6.943250085330394e-06 1.1820865639706747e-07 4.234828275181167e-06 3.148893395824977e-06 6.47321730729777e-08 3.528946331507221e-07 0.0 3.995228761865745e-06 1.917481979083734e-07 1.936532986648071e-06 7.550700626749953e-07 0.0 1.8909533847961453e-07 9.950614904118444e-07 5.967486621897082e-07 1.502078158289944e-06 4.677548833667831e-06 8.666489085072583e-06 0.0 2.7852702424500486e-07 1.659226157446866e-05 1.2162349337437502e-05 7.324530535454444e-06 4.190008139895318e-06 0.0 0.0 2.890454167068019e-07 1.5134382868799492e-06 9.971741259072394e-07 5.77669906059983e-06 1.4402683297864913e-06 3.972319806869179e-06 2.020995367989267e-06 1.5921707864453488e-06 6.456446731704862e-07 1.7744511807007644e-06 0.0
4.091056285689945e-05 0.00025155824063270076 7.090796194377484e-05 0.0008074757989188092 3.423860087082612e-05 0.00011916236007068031 0.0003724978188008257 4.5913767858902356e-05 0.0 0.00014022947160357888 1.6445388629666872e-06 0.0008560343095966204 2.4613408634352726e-06 7.665882601171456e-05 0.0007613679430940788 7.036624328954565e-05 2.4895088832257364e-05 2.477402747147148e-07 3.2833907897690675e-06 0.00044720562396456 0.0005924340549835625 0.0017208159953589213 8.819211803982409e-05 0.004822462032594199 6.9379794508658965e-06 1.2273379265564532e-05 0.0004592393702575203 0.0007613087981222023 0.00027427107059707563 0.0009930009338851434 1.4342100555204347e-07 9.046320910145169e-06 0.00011653331443709347 0.0001322888348001351 1.770927159685146e-05 0.0006881290543832134 4.129097739077305e-05 0.00017610658487943187 8.617073212892993e-05 0.0002671959294813907 1.6479444578155295e-05 6.553885409575871e-07 1.2353488564146215e-05 4.988762096053906e-05 2.557455609966422e-06 4.5896201085816176e-07 0.00013246615557630184 1.068103396435513e-07 4.578755818935456e-06 0.00015397809888523435 6.324610808456105e-06 7.192815269229827e-05 6.38293607597474e-05 2.0627776370108107e-06 0.00013911269353893 1.4330115143654226e-07 3.63623813131528e-05 7.308772346220234e-06 0.00014880306068401438 8.052220863539068e-07 1.9236659828421133e-07 4.517517484228025e-07 4.081875321505071e-05 3.591892225730207e-05 7.807839269950068e-05 2.94126563518373e-05 0.0005776749831177463 2.3415971085835638e-07 1.1083494097853376e-06 1.1353984674532192e-05 0.0004176310597429309 0.00012064024414869411 0.00010679192939493962 5.627758440329043e-08 1.42877549268513e-07 1.1880399550814031e-05 3.2524584930468606e-05 6.7162640524181675e-06 0.00010683113133061245 6.553126496616728e-06 4.885439149719688e-05 1.287542303164525e-05 0.00011786685639690757 2.4736595963631985e-06 2.702316600730094e-07 7.802974163637263e-07
4.3380709488670425e-05 1.1995958297971553e-06 0.00029768676536876107 0.002136940752397618 3.4133136188915865e-06 0.005183215837387823 0.003947438432073624 0.003862926455008712 0.00014022947160357888 0.0 1.5294365354391092e-05 0.0019189912838483646 7.94156090556891e-06 0.0016954168584598936 1.890702654429659e-05 4.363790264108081e-06 2.0236066361791138e-05 7.922290244631236e-07 3.599575622081779e-06 0.0013634097529314694 0.0001640786284149492 7.064666061716945e-06 0.00019084716067327472 0.000876515966873847 6.427158746156019e-07 1.8916818415162405e-05 6.078327739343177e-05 0.006008854641657596 0.0007632698706362817 0.00011253627858432866 4.0389923293878613e-07 3.823822010713524e-05 6.580172109777979e-06 0.00023339581004360046 4.68631246715833e-06 0.0005654103864618893 1.7103588636654138e-05 0.0003956454077023487 0.00011712542301240214 9.197849159589692e-05 4.350651405009346e-05 5.059223930531406e-06 1.1426344272509828e-05 1.7842090047401023e-05 8.279717025597366e-07 3.158147407194785e-07 8.828778069664583e-05 0.0 2.5065341583682697e-06 0.00013294076662653662 7.022981723976294e-06 6.078981327332942e-05 8.8815458896809e-05 6.737947321661641e-07 2.7028508674956766e-05 7.488840337867331e-07 1.53344873919325e-05 1.706051254536666e-06 3.7860404739961057e-06 6.045856719648151e-07 0.0 8.345636824839601e-07 3.7139205892497914e-05 4.120115460849583e-07 9.513496122762925e-06 9.283646799068629e-06 0.00011668754018918711 6.657875579060068e-08 1.4815803079313052e-07 9.85649076025603e-06 0.00012164794930001625 1.9701746089205316e-05 1.0856213396042348e-05 0.0 7.873185666702436e-08 6.648558481501324e-07 5.936493809150778e-06 9.818533004379527e-07 2.4846824818953066e-05 1.6336160231367962e-06 1.818173434144602e-05 2.9379084498682387e-06 1.8470828504136327e-05 1.479515025472932e-06 1.554837149168569e-07 0.0
5.211309327494701e-06 4.730640896622559e-05 7.799775469200985e-06 8.172585404633921e-07 2.4112443611744104e-07 4.5699751629246345e-06 2.8755430035869833e-06 9.984872036938548e-06 1.6445388629666872e-06 1.5294365354391092e-05 0.0 4.8679336369910566e-06 0.0023295680673495085 7.489282056554421e-05 0.0 1.9615084670398708e-06 0.000268304036439912 0.0007473796333652177 0.0008610299085965209 3.7534893184472255e-06 9.385253233527412e-06 1.3341630532198093e-06 5.817395673206301e-05 2.8021526216421336e-06 0.00023438579837292722 0.003536127507705685 0.0004931288104525328 3.978929023613183e-06 0.0003647693803461611 3.4252069602510043e-06 0.00021988569300182768 3.3172019382713574e-05 1.8276894951782958e-06 0.004286796682830168 2.17816843411102e-06 0.0001520138595859077 0.0008098320582963395 0.002022290309794862 0.0002352575521227657 5.559595447217959e-06 1.0165514758303496e-06 9.549147587866667e-05 1.9727644032331354e-06 4.4597255276993914e-07 3.1977974787520273e-06 3.897486432376965e-07 0.0 0.0 0.0 1.7861426984017914e-07 0.0 2.690380263755979e-07 6.259527173556157e-08 1.1260563875779315e-05 0.0 0.00012235773955506684 1.1652680924487827e-07 0.0 4.2288469701373006e-07 3.5957754747851744e-07 9.7052850982866e-07 2.59955278132731e-06 0.0 1.503470497588625e-07 1.8988583560728694e-07 1.7921536910639797e-07 3.4604094358441994e-07 4.1374715354224615e-05 1.1832575440723242e-05 9.85641958140521e-05 9.90000194373417e-07 2.1952781886002684e-07 5.204644625049222e-07 6.409816362461214e-06 0.0 0.0 1.0352009647858588e-07 0.0 1.5993074870199083e-06 1.890720717731019e-05 8.339438498734078e-07 2.430738182853234e-07 0.0 1.416716862153344e-07 6.103110577379719e-06 0.0
2.6356910562243796e-06 2.019629073218114e-06 1.84850170141266e-06 0.0027688366758857413 2.533454254193662e-05 0.0010868415416163389 2.106853542779251e-05 0.00044174782331388157 0.0008560343095966204 0.0019189912838483646 4.8679336369910566e-06 0.0 5.982364097503234e-06 0.00017360040715106635 0.0006062863141867256 1.7006888606156807e-07 9.247514024524327e-07 9.260097474430067e-08 9.568020473292728e-07 0.0026973627033797585 1.1013326776193242e-06 6.863264423249659e-06 9.367340566828529e-07 0.0005653625600623662 2.4869686320906196e-06 3.4501689612068615e-06 6.2123669417579685e-06 0.0005269091064046438 0.0004100970985469192 3.639193880884401e-06 2.672950824477803e-07 5.440177612197925e-05 1.1088777008105196e-06 0.00011917675175441558 1.0615467973518934e-06 0.0005056446095122934 6.1832289158268925e-06 0.00017481276166700818 4.6846535979084166e-05 0.0005251777247040922 1.9566684266204024e-05 5.902881599836166e-06 5.736193187726582e-06 4.694965979300403e-06 0.0 0.0 4.8615235015867025e-05 0.0 1.9395696099755175e-06 5.0100624996705876e-05 1.1132582889055395e-06 1.3742142708619863e-05 4.4114266900187516e-05 8.422268739682495e-08 2.1271186971423363e-05 0.0 6.673810893940076e-06 2.5777016941778578e-06 4.840084708022857e-08 0.0 0.0 0.0 1.713100023043067e-05 0.0 7.594807026974181e-07 1.1272992287170123e-07 3.93595563355538e-05 0.0 0.0 2.5322846241786007e-07 5.421677473535388e-05 7.159230712403014e-06 1.9329043896396817e-06 0.0 0.0 0.0 1.52133288606288e-06 0.0 1.1744271334418829e-05 0.0 4.159410720364986e-06 3.537391730301795e-07 5.2872257621640415e-05 0.0 3.4979675589471104e-06 0.0
1.8242204512601016e-06 0.00023850666139600793 1.9133469710248797e-06 1.0462570667340402e-06 6.000085534080297e-07 6.007256229692293e-06 2.607125031264712e-06 2.3576538044627138e-05 2.4613408634352726e-06 7.94156090556891e-06 0.0023295680673495085 5.982364097503234e-06 0.0 0.00013257881720907938 2.0746442802293525e-06 4.684192131169059e-06 3.383112096180953e-06 1.0370647482495216e-05 9.637391097427526e-06 4.156410677955111e-06 5.616033970514612e-06 1.1191090141460046e-06 1.2747051559162959e-05 4.82796511643843e-06 0.003882543535953572 0.0006552430131990598 0.0006299767952891726 3.5685377921625533e-06 0.00020623574494903543 2.3370431093666965e-06 0.0002849113030410245 3.757039595432504e-05 9.137709982163219e-07 0.001242640846884524 1.0045805902118605e-05 0.0006149723009294373 0.00424674560357901 0.0044149697406762785 0.0007359948871106264 5.025418833131491e-05 5.819951833933222e-05 0.00045068196870814086 8.589618369199733e-06 4.089622505161972e-07 1.9808210470946326e-05 0.0 1.2159346705575839e-06 0.0 6.93410258079148e-08 3.005780813625315e-07 3.4529352779122843e-07 0.0 2.8503404872054967e-07 0.0002692610532581586 0.0 0.0012126372250592628 4.0240411919144937e-07 0.0 1.0921729044364077e-07 1.2459894481423274e-06 1.3895496126194282e-06 6.179190349667694e-06 8.251154622298551e-07 0.0 8.536418953645583e-07 1.4504799204284757e-07 3.045084191518539e-07 0.000523266075445523 5.4766334992509905e-05 0.0004589921296219932 5.134250610278531e-07 2.7780762453435924e-07 1.3492517066557188e-06 2.4209697406328913e-05 7.01632714003692e-08 0.0 1.0459156626949898e-06 0.0 2.807224261558259e-05 0.00023245494977942318 2.1293162462980153e-05 1.3201915496473941e-05 9.130210672618184e-06 1.3633629902644555e-06 0.0002503076962424239 0.0
0.0015478124616030444 1.5918802285244938e-06 0.00034122613755123443 3.071219456293942e-05 9.536251142886769e-06 0.00036222660245613223 0.004565298136478042 0.0029604812769855734 7.665882601171456e-05 0.0016954168584598936 7.489282056554421e-05 0.00017360040715106635 0.00013257881720907938 0.0 4.9546208595954755e-05 1.905537723744626e-06 0.00020284410923832917 2.937053809340969e-06 1.3820840013070856e-05 6.831212017188437e-05 0.0004125304018728612 2.285448239578385e-06 0.0004535037607929455 0.00027794351186030474 3.418649053940688e-06 6.247270538539499e-05 6.797947699114647e-05 0.00029900990612934396 0.005400452455896499 0.0022719854690053548 2.943782112294082e-06 8.762160428880069e-05 1.1026618917980017e-05 0.0005301861523374809 4.528940345412859e-06 0.00033206813339248963 4.1228184902817455e-05 0.0005510450083101884 0.0001858690394621816 0.0002088985491870403 0.00015696100186014445 7.691174390778547e-05 2.647646616217091e-05 8.057256800808238e-06 5.096622125520068e-07 9.158343269779652e-07 4.649146887088591e-06 0.0 2.2896257753647852e-07 1.3543957647878671e-05 8.011783948659926e-07 1.1409308926364243e-05 3.812053238772027e-06 2.3729862646067695e-07 2.207225276263887e-07 5.947723104349689e-07 7.147979415793024e-06 0.0 1.6016377007555538e-06 1.0952048988955496e-06 0.0 6.449295344474076e-07 1.699948255973613e-06 9.319049933959823e-07 1.453760820137049e-06 8.087212182732453e-06 1.9122114785563976e-05 4.255186480869308e-08 4.356358648190343e-07 2.1195779556543232e-05 3.3634796931141124e-05 1.65413856150739e-05 1.647927084558426e-05 8.674807079267399e-08 0.0 1.1764356586886637e-06 4.313793368235545e-06 2.2753420521250806e-06 2.1176328384028312e-05 5.861665799288345e-06 1.0645781624849587e-05 4.5051529769357564e-06 2.295503755924718e-06 5.31810697346699e-07 3.1119408829918875e-06 4.2404123190321146e-08
1.1943447608732214e-06 1.4712417998636659e-05 5.500986202557679e-07 1.524392020834114e-05 0.0004013529646177531 0.001058924678151824 3.661237955411237e-05 7.397314847814302e-05 0.0007613679430940788 1.890702654429659e-05 0.0 0.0006062863141867256 2.0746442802293525e-06 4.9546208595954755e-05 0.0 0.0 4.837911247197813e-07 0.0 1.7050826424140318e-07 1.819959413332517e-05 5.123933698595994e-07 3.848921261900595e-05 2.27505806248263e-06 0.0005475496908783516 2.3710497475497146e-06 1.0264557360471905e-06 2.8824090507315618e-05 4.70342744519688e-05 7.025044977733128e-05 2.030606376183895e-05 0.0 0.0002723727467217106 1.5149794821541865e-06 6.84296395697896e-06 8.387017764550176e-07 0.00014081845169252558 4.90305767541077e-07 1.7144698112525606e-05 6.528326509623181e-06 0.0007734301835788202 6.0437469957680706e-05 8.838650301755853e-07 1.1570409969409617e-06 2.182145753484969e-06 0.0 0.0 1.57754968585342e-05 0.0 3.254159279270864e-07 3.896278529907273e-06 0.0 1.565834197329293e-06 6.892740428000104e-06 0.0 1.0178237238554615e-05 1.8044606446650013e-06 1.234383418066968e-07 2.3587107776095878e-07 1.446226719074924e-07 0.0 0.0 0.0 8.484113849020134e-06 0.0 3.486120656280357e-07 1.2685561454736665e-07 4.870075381496237e-06 0.0 7.448294844595864e-08 0.0 1.5429115418111772e-05 7.605616791694773e-07 9.042248966845302e-07 0.0 0.0 5.475372881257496e-07 2.3351031349450436e-06 0.0 4.7389085761618375e-08 0.0 6.340263065896306e-08 1.6792966743267366e-06 2.385759080943375e-05 0.0 0.0 0.0
5.695015682491999e-07 0.00010862493963136745 1.5619936863725078e-05 4.839391377841339e-07 0.0 0.0 2.2254557458452884e-05 1.1124531015499848e-06 7.036624328954565e-05 4.363790264108081e-06 1.9615084670398708e-06 1.7006888606156807e-07 4.684192131169059e-06 1.905537723744626e-06 0.0 0.0 1.7681792809479703e-05 2.1656693253288452e-07 7.183081552808076e-06 1.2655676323746614e-07 0.0009830445017257885 0.0018653166420509533 0.0020186426956239362 0.0009293862937752308 1.0597474712365351e-05 1.0156940561962683e-05 0.0023435165996807893 0.0012101348498997782 1.708984528378576e-06 4.575891843823784e-05 0.0 0.0 2.1325108415428183e-07 8.660400781737735e-05 5.169650876414309e-05 0.0008920947398224947 0.00021679526959530313 0.00043972896442220243 0.0005055551196620837 4.245156226143147e-05 3.346227855583694e-06 2.37077094395416e-06 1.923947364102988e-05 1.2518348230396444e-06 1.9864959767746086e-07 4.938800017771564e-06 4.0142818159899103e-07 0.0 0.0 4.118707516978663e-06 0.0 1.1788102038389649e-06 8.019653381943109e-07 3.4469897537346785e-06 0.0 7.392938887158921e-06 9.508849856914186e-07 0.0 0.0008438990644868176 1.3063499029748732e-05 0.0 1.9142564507835887e-06 3.2972627580291425e-07 0.0001471331310068753 0.0004920275061303034 0.0013005719820251929 3.224767975309906e-05 7.685314331725166e-08 9.012419975170075e-06 0.00020105056963695025 0.00010259704226712687 5.404966804998945e-06 3.739048305476774e-05 0.0 0.0 4.698677888794955e-07 6.942568998791277e-06 1.0769601466124027e-05 6.667355625283927e-05 2.0697837717114344e-05 1.8197621024635568e-05 2.7811444442675908e-05 2.3017583177798205e-06 2.0953902465010834e-06 6.449737151381109e-06 4.890411364330528e-07
5.032397179978491e-05 4.993790302112944e-05 0.004405756405136673 5.237444085809052e-07 2.416714783452443e-07 1.1523270953257818e-05 2.8539437150868187e-05 0.00011823305845853978 2.4895088832257364e-05 2.0236066361791138e-05 0.000268304036439912 9.247514024524327e-07 3.383112096180953e-06 0.00020284410923832917 4.837911247197813e-07 1.7681792809479703e-05 0.0 0.00020106197529703187 0.00284399551719486 9.06255416199072e-07 0.00021778454651828904 1.6739270992308953e-05 0.0012787365326286792 1.3242875730630832e-05 3.7287734011312623e-06 0.001236522255685712 0.003069878300470808 1.1154911706844447e-05 4.750900353477373e-05 0.00018882238121258993 4.0027850072052513e-07 1.5151538076203893e-06 1.946690820270882e-06 0.0027491053415524443 2.5226640321550227e-06 0.00025872914870832557 0.0004860161980728873 0.0009953873538541876 0.000160931649484767 1.1267046087949221e-05 5.509559216679811e-07 1.5555111531105815e-06 1.109925921610342e-06 1.299161597662036e-06 3.676645868608815e-05 0.00018974724874391892 5.550043313156409e-07 0.0 0.0 4.189128783497164e-06 2.2688512286886012e-07 1.4487049494465802e-06 5.389505266933528e-07 2.0536303503430114e-06 3.533834073557496e-07 4.347946958700597e-06 1.700749750235166e-06 8.121688033151594e-08 9.795556477192028e-06 0.00031305028664423113 1.5777147521543513e-06 7.140174437715153e-05 3.026786839433294e-07 8.37014018566596e-06 1.228147597056681e-05 9.260744134475503e-05 9.194468408119914e-06 8.714049667547554e-07 0.0001889099416533417 0.0009920531683245185 1.4184770153991794e-05 2.1069192680660183e-06 7.301771222198114e-06 4.26145422214111e-06 0.0 3.0749400706325005e-07 3.768075079629779e-05 1.0253340462496674e-06 9.593662975035852e-05 3.529540481756331e-05 6.352305625397364e-05 3.6379637973492535e-05 3.496423659928038e-06 4.2184766264564327e-07 1.9715593402312685e-07 2.1844717455212815e-07
4.6681061780563326e-07 1.0581337570255296e-06 4.581310011321848e-06 5.949259774333694e-08 0.0 2.3100246908067332e-07 1.878491871282313e-07 1.3297603315623796e-06 2.477402747147148e-07 7.922290244631236e-07 0.0007473796333652177 9.260097474430067e-08 1.0370647482495216e-05 2.937053809340969e-06 0.0 2.1656693253288452e-07 0.00020106197529703187 0.0 0.0007749084074857724 2.7995722668635124e-07 1.3262638751717813e-06 2.567250295298457e-07 1.6372581442268476e-05 3.279990936002719e-07 3.893688992396853e-06 0.0010383233303017277 3.9694552470771506e-05 3.7134042332757876e-07 1.135528776167805e-05 4.2239001171530466e-07 2.179516963457061e-06 8.083641307283222e-07 0.0 0.0003783535122527876 7.9777348720408e-07 6.96855227453304e-05 0.00013087468040589887 0.00022238576907100173 4.236757780717104e-05 1.8660116601407235e-06 0.0 2.2132725069645135e-06 8.110444812059534e-07 0.0 6.848854470485559e-07 4.4376575409246403e-07 0.0 0.0 0.0 5.0125736278664585e-08 0.0 0.0 0.0 3.2802916410029356e-06 0.0 4.384327304123033e-05 0.0 0.0 0.0 1.1142585994897489e-06 1.7458513714314589e-06 3.734719353907785e-06 0.0 0.0 1.2825921171093586e-07 2.358474119574212e-07 0.0 1.1220633929129226e-06 2.0330678476235616e-05 5.1832300269657386e-05 2.0942071706236625e-07 0.0 0.0 1.0254081960053152e-05 0.0 0.0 1.152186253435643e-07 0.0 2.819320819165382e-07 1.3811791900620811e-05 3.191120414799449e-07 1.2889653830062008e-07 0.0 0.0 9.44567380507273e-07 0.0
3.111540510885163e-06 3.690536528781995e-05 0.00018388185825931664 1.4907831838786488e-07 4.576467086431668e-08 1.349698192434262e-06 1.6838655316393952e-06 8.01999157149028e-06 3.2833907897690675e-06 3.599575622081779e-06 0.0008610299085965209 9.568020473292728e-07 9.637391097427526e-06 1.3820840013070856e-05 1.7050826424140318e-07 7.183081552808076e-06 0.00284399551719486 0.0007749084074857724 0.0 1.1581445320026895e-06 5.5558191800243504e-06 5.533187360659219e-06 0.00013738308648076776 4.993334179644915e-06 1.2422485260727467e-05 0.0015242740323739821 0.0009363291538034016 3.1086420392753195e-06 2.7212751352207467e-05 8.105214333741908e-06 1.4112483007089433e-06 6.18822320756795e-07 7.703896523507379e-07 0.0011664171121169844 2.144527251509615e-06 0.00028764863764123056 0.0003507800423834961 0.000921777541850319 0.00018889782148672035 9.100949785235875e-06 3.68150561600649e-07 4.243657062850375e-06 1.7132909367160242e-06 6.460778652392851e-08 8.53051158191491e-06 4.2988538700801024e-05 0.0 0.0 0.0 2.506849992910259e-07 4.8793933005362356e-08 1.810635054950953e-07 0.0 7.750796281457035e-06 0.0 9.095087461037215e-05 5.6857568029528243e-08 0.0 9.636818349979674e-07 0.00015970874741735045 6.287895982295794e-06 0.00012002448416719977 0.0 7.141845940275312e-07 9.028643058506319e-07 9.916865771736462e-06 7.890605676804437e-07 4.98722793801672e-06 0.0002742754909091469 0.0005540170498027754 1.932672821216446e-06 1.765330899336398e-07 5.093719260771325e-07 2.763391468524886e-05 0.0 0.0 1.0846401302450967e-05 0.0 2.0883784671527227e-05 4.7666062440002266e-05 1.4252355702925222e-05 6.035567234724647e-06 3.4758792137237986e-07 0.0 1.7552546030859024e-06 0.0
5.749712347644754e-06 0.0 5.100122057133555e-06 0.0015948962308972576 1.7814895428254595e-07 0.0001676618665713588 6.000824162167024e-05 9.914551743324588e-05 0.00044720562396456 0.0013634097529314694 3.7534893184472255e-06 0.0026973627033797585 4.156410677955111e-06 6.831212017188437e-05 1.819959413332517e-05 1.2655676323746614e-07 9.06255416199072e-07 2.7995722668635124e-07 1.1581445320026895e-06 0.0 2.5592279593516083e-06 7.711072412309588e-08 2.1599452117801407e-06 0.00044410976390578047 1.2352199360033612e-07 2.5458159955942524e-06 2.5704217594168713e-06 0.0013047313890024604 0.0001867534614673649 1.1801946033427065e-06 1.6383580772718438e-07 5.282185719631577e-06 1.1604886073416448e-06 6.223603569570019e-05 2.7175259476210505e-06 0.00018762099209277886 2.474126715607941e-06 0.00011557816927102945 3.340782735285565e-05 4.29492922658456e-05 1.5602999384570546e-05 1.136091614051531e-06 4.2876377085806735e-06 7.237243647961516e-06 3.2845934811902595e-07 0.0 7.241833080165188e-05 0.0 2.42060292567838e-06 8.277413378922761e-05 3.220735207022559e-06 3.474409169441453e-05 6.621210059990674e-05 0.0 2.380146412399419e-05 2.5975617964912107e-06 8.514526956729498e-06 2.623806636865752e-06 1.0390445327244204e-07 0.0 1.716437799256599e-07 0.0 2.5880661453379475e-05 0.0 2.44180432115939e-06 3.948557815019624e-07 8.216170340342217e-05 0.0 0.0 3.677558791445491e-07 9.16499241979909e-05 9.04584491175953e-06 2.472628298077285e-06 0.0 0.0 0.0 3.3620578029915965e-06 3.463669430640592e-07 1.0470047982617672e-05 5.879017947895142e-07 4.510712190622776e-06 1.3097157852767232e-06 2.036921949094841e-05 2.153374822526365e-07 5.169753851590126e-07 0.0
0.00015275360508001625 9.577496066731006e-06 0.0004421052716676598 1.0192170146437383e-06 3.848408641880484e-07 3.522663648920004e-05 0.0005353558332701086 0.000289388021480005 0.0005924340549835625 0.0001640786284149492 9.385253233527412e-06 1.1013326776193242e-06 5.616033970514612e-06 0.0004125304018728612 5.123933698595994e-07 0.0009830445017257885 0.00021778454651828904 1.3262638751717813e-06 5.5558191800243504e-06 2.5592279593516083e-06 0.0 0.00019971752486973827 0.0059214667995613 0.0002449035103267936 1.275705646869216e-05 1.0072890403488267e-05 0.0006597437330345298 0.0019056522697053994 0.0003137255726113244 0.005063365573837246 1.5721509738888654e-07 3.6340988648261733e-06 5.159770210210688e-05 0.002255449955256163 0.0001266835221958144 0.002387794412941569 0.0005032874424194034 0.002570228330286155 0.0011980745934351401 5.528875101232224e-05 1.0630364689644804e-05 4.6797863093127956e-06 2.9749527714466915e-05 7.247953534847801e-06 5.953108092576924e-07 2.25594240434331e-06 1.352032685015763e-06 0.0 0.0 1.2493046432647473e-05 1.0585205318316094e-07 6.465723044504987e-06 4.196463150320618e-06 6.663129744611178e-06 0.0 4.9580330441526665e-06 3.669147073382484e-06 2.5181243588569584e-07 0.0005020809029978458 5.5947916474086765e-06 0.0 1.101517332319429e-06 6.05722655600363e-07 0.0003164181460621706 0.00018100669820529037 0.00034926436774604337 0.00010623219340301268 7.70019600045739e-08 3.971927513852041e-06 2.1481910075586692e-05 0.0003598175056076901 1.9564771489955312e-05 0.00012975654837584102 0.0 0.0 3.817508367212035e-06 1.4820466392683719e-05 3.9725696471785805e-05 5.065723868481022e-05 6.2320844527832666e-06 1.499155097960228e-05 1.145871325923232e-05 6.007923686785848e-06 9.003863147800376e-07 1.7125640865275369e-06 3.224524092882617e-07
1.1760390153925176e-06 0.0006612229084525075 0.0001365407322593463 8.058696135978174e-08 2.3066033428046937e-06 1.3314321352132787e-06 5.582960039651445e-05 2.2959963482317656e-06 0.0017208159953589213 7.064666061716945e-06 1.3341630532198093e-06 6.863264423249659e-06 1.1191090141460046e-06 2.285448239578385e-06 3.848921261900595e-05 0.0018653166420509533 1.6739270992308953e-05 2.567250295298457e-07 5.533187360659219e-06 7.711072412309588e-08 0.00019971752486973827 0.0 0.0006752144310731445 0.0038389306840191364 1.754943518848577e-05 9.775978389394448e-06 0.002977109714426636 0.00022608829916399956 7.016539046484832e-06 3.699028874516116e-05 5.924534617139412e-08 2.381985770367963e-07 4.922907191330872e-06 2.3403727393434778e-05 8.554012524879054e-06 0.00016545355197523058 3.9029061885483475e-05 0.00011481634144636912 0.00011060290002142036 2.755541642213495e-05 1.3772189789282388e-06 3.6801825311494925e-07 2.7364456967670344e-06 9.076630100475427e-07 4.262629348222951e-05 2.949343630771778e-05 0.0 0.0 0.0 2.1937862964881255e-06 2.3531050966566427e-07 1.2337405475502914e-05 6.700789045631778e-08 4.6580833923806324e-07 8.378607368000493e-08 1.1143226964577966e-06 2.120735725623017e-06 1.3525216020870963e-07 0.0005002148671575828 2.3687003304395896e-05 8.562764179029816e-08 3.1729261371821028e-06 0.0 2.1219071789693044e-05 0.00012479578985688807 0.0007337697366847201 3.090550566108552e-05 1.3946956783803372e-06 4.783019090935666e-06 0.0010834720939786808 1.636201319660931e-05 1.9087255889149338e-06 5.552922033499494e-06 0.0 1.9884349582754367e-07 2.302637967053901e-07 7.683499661768577e-06 2.9795549744694305e-06 6.167809987637144e-05 2.6604902528100904e-05 3.743265784539251e-05 3.881431090513228e-05 1.4297978511119648e-06 0.0 1.0541375364393382e-07 6.491939650925868e-07
0.0001260447907803164 6.449070570415175e-05 0.0038377618384115267 1.6174391391921555e-06 5.544055000520251e-07 3.275996380880486e-05 0.0007342765427605205 0.000292990497677403 8.819211803982409e-05 0.00019084716067327472 5.817395673206301e-05 9.367340566828529e-07 1.2747051559162959e-05 0.0004535037607929455 2.27505806248263e-06 0.0020186426956239362 0.0012787365326286792 1.6372581442268476e-05 0.00013738308648076776 2.1599452117801407e-06 0.0059214667995613 0.0006752144310731445 0.0 0.00017425463339605069 1.0762459611647492e-05 0.0002217901399127551 0.004344506521209953 0.0010808259166606268 0.00011871680991642975 0.001188793950614448 3.355068108273935e-07 3.1501237890228427e-06 7.789648083959575e-06 0.0024988236599177717 0.00020014741667687233 0.0029792663121558658 0.002233536309644479 0.004763667958776193 0.0031095568101948087 0.00020346814162538015 1.6933661888280098e-05 1.2964888701733103e-05 6.392615236040332e-05 4.12626558029191e-06 2.4072441235448687e-05 4.755317294618208e-05 1.6116238697971053e-06 0.0 0.0 7.792757811975646e-06 4.805801187796093e-07 5.399348051779031e-06 1.117530927219981e-06 6.598725017539185e-06 0.0 4.223046855285627e-06 3.421834697539942e-06 1.0117536752628215e-07 0.0007851514130104303 6.278466775046815e-05 8.111200217650871e-08 1.83049565693921e-05 6.906315655799944e-07 9.521611836127172e-05 0.00041466107528227323 0.002262608686186512 2.6824311639347533e-05 0.0 3.800295511110291e-05 0.0016926247493073965 6.737213705324915e-05 8.456812065857807e-06 2.967762474934718e-05 0.0 0.0 6.463677766901069e-07 3.4463593633041356e-05 3.3558216691041e-05 0.00016435952006585124 5.0272605687525284e-05 9.161365656836901e-05 0.0001143818044877435 5.758276596919034e-06 4.026167199696101e-06 7.251592007489571e-06 1.4281369517318473e-06
