0.0 8.753257626381031e-07 1.884673629334049e-05 4.643484743674576e-06 2.042484970304604e-07 1.1789786530215246e-05 0.001742541965399962 0.00037842318615755315 1.2625291333696291e-05 5.276622711547403e-05 2.7464874723510403e-06 5.416255657237314e-07 5.9302429084734336e-08 0.0025660750061728323 1.0631630836258278e-07 2.009784549060572e-06 0.00011411066905082992 1.8324542204677805e-06 1.3115947847520248e-05 3.798172459227591e-06 2.4129525234339463e-05 3.1740742616925413e-06 3.982205987748264e-05 0.00013849178476083544 0.0 5.0371676952364664e-05 2.1811801668719037e-05 0.00016998928694912153 0.0017495875371908941 0.00149111079367208 0.0 1.6710380434243855e-06 4.7096825039972794e-05 0.00014645031026758399 1.5210392864609718e-06 1.4288457036006469e-05 6.065104804954666e-06 6.418316861218154e-05 1.5008215287234921e-05 4.564230324217745e-06 2.7230321886758877e-06 0.0 7.434274441792202e-07 7.565470539001039e-08 1.8956735292933734e-07 8.301923270288966e-08 2.274514674906873e-07 6.818744365243503e-08 0.0 6.660216596452872e-06 1.5747228793862472e-07 2.916940719351112e-06 1.0348048896280475e-06 0.0 0.0 0.0 4.371277138732641e-07 0.0 2.4680120568726574e-07 0.0 0.0 0.0 0.0 1.799143095516183e-07 2.513248465681776e-07 6.064575456960642e-07 1.1160337002502866e-05 0.0 8.98582091029626e-07 8.258613999585395e-07 7.153201374085677e-06 1.8890415143654349e-06 1.969602256367522e-06 0.0 0.0 5.317666647927808e-07 0.0 6.810050059885129e-07 3.941381481903862e-06 4.965074061754041e-07 6.054203061599394e-07 6.7015151743842e-08 1.3226484396758517e-06 0.0 0.0 1.733990723627947e-07
8.753257626381031e-07 0.0 6.619083003866085e-05 0.0 1.8715341324141701e-07 2.236852604637201e-07 7.6829182924762e-07 5.368922579919641e-07 0.00024692181694580646 1.811101235953939e-07 2.6505820865636624e-05 1.7035159372733985e-06 0.0006273789048265457 1.3158670680741634e-06 8.464546600422414e-06 2.9430180880671556e-05 0.00017951554474658965 7.776799276462225e-06 3.0147883988067308e-05 0.0 6.1426655029613765e-06 0.0016930004480291043 1.2568660582709419e-05 0.00023039382013999342 0.0007849719901240036 0.00047876636756630025 0.004457341470120672 7.542685702813535e-06 3.099074555589027e-06 7.13825370686785e-06 8.799931861797113e-06 3.1163648408931963e-07 8.125793009270527e-07 8.790570947123864e-05 2.15258942524942e-06 0.00019099353710667387 0.00031478009673616483 0.00023597353258613616 7.857356144197617e-05 1.9650643239570258e-05 7.371631153185895e-08 7.238801152160747e-05 4.99382803955379e-07 0.0 2.7269134609239126e-05 0.00010364819188581448 0.0 0.0 0.0 1.0372672507085064e-06 0.0 3.363277793381315e-07 0.0 1.3922955611992159e-05 0.0 4.8334768943710214e-05 3.198696090012379e-07 0.0 2.9807331742087456e-05 2.7288110769728764e-05 3.831838842829466e-06 6.970730898666673e-05 6.622196824251646e-08 2.480782271818324e-06 2.3110768826754726e-05 4.139198134267158e-05 1.2693286291207562e-06 8.460266882306414e-06 0.00039357214499120027 0.0012283827795498527 7.470336662588912e-07 0.0 2.4022741692856357e-06 5.5228050102102235e-06 0.0 0.0 2.8328753746693225e-05 2.086364302952894e-07 6.892095538939365e-05 4.6087970601704384e-05 5.571667982526209e-05 1.8787149444103717e-05 1.2677008207359363e-07 5.493458514489672e-07 3.0734952108904807e-06 3.444298055509173e-07
1.884673629334049e-05 6.619083003866085e-05 0.0 4.0973397184126604e-07 1.0052105618925451e-07 7.288516832418117e-07 0.0002686586301086455 1.1557657339641796e-05 5.985342060828599e-06 5.236352514591705e-06 5.768074556183748e-06 7.605630309083063e-08 5.690420635890577e-07 3.7834315941133245e-05 0.0 3.516017553772307e-05 0.0023065139633882225 1.163315248765873e-05 7.213621829801889e-05 1.320809259696196e-07 0.0005345203184868518 5.785066786715778e-05 0.005765438608853368 0.00015745429066767197 3.7142791926248255e-07 0.003882311505461272 0.006412977282829497 0.00026088106188158983 2.9900128458925722e-05 0.0004949882134043195 1.4395108051692059e-07 6.720289569816755e-08 5.506181785117389e-06 0.00047662488533104386 1.6205081091411504e-05 0.0005131658728963608 0.0015206060650318832 0.0009558422476651037 0.00045922272294360024 2.700349539951247e-05 3.5228711215592115e-06 5.569308904498151e-06 2.5128373947131037e-06 4.333098925293653e-07 5.131423239794836e-05 8.501990891592105e-05 0.0 0.0 0.0 3.920369646090936e-06 0.0 2.28151105526075e-06 0.0 7.812246945383363e-08 0.0 0.0 1.4549868819389305e-07 0.0 5.237449069223106e-05 5.910933190113555e-06 1.0767151874498346e-07 4.92617380316921e-07 0.0 6.032485211897536e-06 6.809735707316305e-05 0.00010768582798280414 9.301149681048161e-06 1.3751438926817196e-07 1.4525977465535708e-05 0.0003457688811701282 9.712698522220402e-06 1.3254380727301673e-06 5.604230174021534e-06 5.692029647668317e-08 0.0 1.5719615273126882e-07 3.489362757173788e-06 2.049197730125765e-06 2.498310735955244e-05 4.117805352033096e-05 1.3519731963012607e-05 3.6478395224678066e-06 8.700308944698682e-07 1.8516615931068022e-07 0.0 0.0
4.643484743674576e-06 0.0 4.0973397184126604e-07 0.0 6.010278472718399e-07 2.620033892933792e-05 0.00015479119724403018 2.699653269479335e-05 0.000532578143939679 0.0008976221816595903 1.574780235414174e-06 0.001929101814801838 0.0 4.565232337190798e-05 6.126855040937538e-05 0.0 1.977932979260547e-07 6.525347236857927e-07 4.7399379919751293e-07 0.001513194614702025 3.0927222075204696e-07 0.0 3.242498126125792e-07 0.0005913897572697323 0.0 5.805796708961134e-07 6.578825749637649e-07 0.001383071126335538 3.739957298639541e-05 1.7567464847682812e-06 4.811554369886184e-08 2.1622506369606744e-06 7.830384033107018e-07 1.4338254806627633e-05 1.0284713104020108e-06 7.834062035458801e-05 2.2358301136353163e-06 2.5050567060771328e-05 1.1785421574900224e-05 0.00014212398223554712 5.424631503093157e-06 6.467052905627202e-07 1.0545573194491082e-06 6.72557538673845e-08 0.0 0.0 4.728576938949452e-05 5.679356125579103e-07 2.243372972716701e-06 2.367248859292657e-05 4.648409998915044e-06 0.00013313410419005895 0.0001133351311156705 0.0 1.9934251272681494e-05 0.0 4.619068145428915e-06 0.0 0.0 0.0 0.0 0.0 1.66433327590945e-05 0.0 0.0 0.0 5.8854040487370044e-05 0.0 0.0 0.0 8.058516433093772e-05 1.3842263410351656e-06 1.3646521097127224e-07 0.0 1.9912195983623924e-07 0.0 1.5267061941795133e-06 1.9443614616070807e-07 1.115053936129697e-05 0.0 2.908122428573863e-06 4.4415323590925556e-07 2.846710356601713e-05 1.3259532663515328e-06 0.0 0.0
2.042484970304604e-07 1.8715341324141701e-07 1.0052105618925451e-07 6.010278472718399e-07 0.0 0.00029954846880868026 3.6653666005978944e-06 2.5035224231677673e-05 2.6224304492307336e-05 8.710143051877603e-06 4.874395540398234e-05 5.2239257516948465e-05 1.9747161773457063e-07 4.743186128972321e-06 0.00037526987264565215 0.0 0.0 8.766163943199535e-06 8.124121621632423e-06 4.904164320082635e-06 0.0 9.778262764696628e-07 0.0 1.1656583882706514e-05 7.031147691126846e-08 5.467486728842174e-06 2.311693586304441e-06 2.754953919518884e-06 7.907828453136694e-05 8.85914854836784e-08 2.8233177403148045e-07 8.55943857532959e-06 1.8931995959443315e-07 0.0005486986252341779 0.0 2.2914271434111032e-05 3.4111503472044797e-06 0.0002019193606148066 2.909073647950376e-05 0.00026848049886689786 1.7057536908380056e-05 3.0934251173316005e-06 1.6458361579182468e-06 0.0 0.0 0.0 0.0 0.0 0.0 0.0 0.0 0.0 0.0 0.0 0.0 2.7270632862634336e-07 0.0 0.0 0.0 0.0 0.0 0.0 0.0 0.0 0.0 0.0 8.233931750030211e-08 0.0 0.0 2.0785917809845847e-07 0.0 0.0 0.0 0.0 0.0 0.0 0.0 0.0 1.561775931910728e-07 0.0 0.0 0.0 0.0 0.0 0.0 0.0
1.1789786530215246e-05 2.236852604637201e-07 7.288516832418117e-07 2.620033892933792e-05 0.00029954846880868026 0.0 0.001399772685127822 0.0025990302159117217 1.5219868342520785e-05 0.004703482258861731 8.172673947948341e-05 0.001728716180008831 1.8883588393655899e-06 0.0008548659055704098 0.0005471485138880127 1.681023217573951e-07 2.0408763611129844e-06 2.8521939021687793e-05 2.0195280121700703e-05 0.0003212344563874301 7.863201243195992e-07 0.0 1.5294572289425973e-06 5.836218764030504e-05 3.755352416728931e-07 1.9148013414753e-05 7.2436809940211005e-06 7.567637362999656e-05 0.0012842834074698634 3.922302487037099e-06 7.774167185073933e-07 0.00043046237575389653 7.205812372084198e-07 0.0005363783461159552 2.489804870886359e-06 0.0001216036020671147 1.4890973863310503e-05 0.0005757624856624603 3.931666746229245e-05 0.0009429544372696091 0.00016310233253987374 1.4561130408100161e-05 4.862956626661821e-06 0.0 0.0 0.0 8.148181128766853e-07 0.0 3.266247930699894e-07 4.092019034756591e-06 1.841208791579963e-07 8.254023851477597e-06 3.3965400193899435e-06 0.0 1.9304438984334733e-06 4.930726024888126e-07 6.423234988185503e-07 0.0 4.301329605226e-07 0.0 0.0 0.0 7.584810665106971e-07 1.2272379727175879e-06 0.0 0.0 1.8936005106369767e-05 0.0 7.901234581161207e-08 3.4814455929540064e-07 1.2339020446064351e-05 1.7348647075516144e-06 1.3132654621726853e-06 0.0 0.0 0.0 0.0 1.288307205127123e-06 7.593140088618589e-07 2.178430695253544e-07 4.254335533185214e-07 0.0 2.218580070284327e-06 0.0 4.5532447874205695e-07 0.0
0.001742541965399962 7.6829182924762e-07 0.0002686586301086455 0.00015479119724403018 3.6653666005978944e-06 0.001399772685127822 0.0 0.0028743879442564915 0.00019869209905169774 0.002709530571633374 1.1552284081015014e-05 1.1677613026946107e-05 4.6701702895232303e-07 0.004223037278713562 3.0410516395904684e-06 1.2017940402202075e-05 0.0001838036792613621 7.348375182957195e-06 3.0848289566385186e-05 9.969262286370908e-05 0.0005111908765190761 9.44200425238264e-06 0.0004664239697281064 0.0010860534820140357 1.9882675037620344e-07 0.0002049463260298512 5.8520292096732525e-05 0.009821731879028664 0.0011937203391893573 0.002682930698493075 5.0001479197459516e-08 1.6880279023077068e-05 6.44072643661111e-05 0.0002850508495649069 2.7913500285840883e-05 0.0005527146489923465 2.5417983306532397e-05 0.00041093950012706235 0.00018430168344385812 0.0001295220239492744 6.783055572780384e-05 4.30894031533897e-06 1.3854191426241874e-05 2.4285422971872148e-06 4.5055876421592563e-07 2.852705971721861e-07 1.014923916002661e-05 1.6225221458769888e-06 5.307853902801305e-06 0.00016365788755200278 1.770801966727526e-05 4.9656414149882954e-05 3.7430308615237694e-05 3.77033650549649e-07 2.992627992569934e-06 5.65944349424718e-08 1.2574381253721832e-05 5.335359424951628e-06 1.0918414252113827e-06 1.9616354046912685e-07 0.0 6.22456823386242e-07 5.0667892661134755e-06 2.9872659508253753e-06 1.123493162367683e-06 5.593170933423537e-07 0.00017234012912023492 0.0 1.6198310048226115e-06 3.125176462623147e-06 0.0001537199159419002 2.3434822432775104e-05 2.2271278998196898e-05 0.0 1.2212769216981126e-06 1.6898253049540182e-07 6.3524738086968595e-06 5.64877511757113e-06 6.723458425668325e-05 5.215293495685613e-07 2.7744684042847885e-05 2.9906170832341267e-06 2.0916360610120172e-05 1.0052846466231289e-05 7.847796354757955e-07 9.87842630220043e-07
0.00037842318615755315 5.368922579919641e-07 1.1557657339641796e-05 2.699653269479335e-05 2.5035224231677673e-05 0.0025990302159117217 0.0028743879442564915 0.0 4.35782988610338e-05 0.0019511601250377833 7.625135839500742e-05 0.00039657258382083124 6.205385699398722e-07 0.003545499825370888 5.4334017000996746e-05 1.5374159900260838e-06 4.3957117967139617e-05 2.1799520784707153e-05 1.9991714813314448e-05 0.00013499185886299716 1.2553314382998187e-05 1.6628323276860419e-06 2.138492651836631e-05 0.00023715000881104078 3.773579850330636e-07 3.676312250550612e-05 1.4752103336323633e-05 0.00027637610710436265 0.0007938523506073677 0.0002996492332989782 5.437984312905902e-07 0.00018100387990246141 8.728087320285373e-06 0.0004138396123246115 2.730214252853742e-06 9.860577154064433e-05 1.1872729715788455e-05 0.0002475533699276859 3.238832776083977e-05 0.00015106569948110366 1.6446704284410415e-05 1.007158129161301e-06 4.6577416230881425e-06 1.5257465732471614e-06 3.916404133946884e-07 3.1176565592799226e-07 1.734952843370694e-06 5.63662102597513e-07 1.333880742328877e-06 3.305756004922765e-05 2.827712425920611e-06 1.2479173534686084e-05 1.3817665292966012e-05 5.624008696976028e-08 4.817983864560996e-07 6.349490540048599e-08 3.012551785254954e-06 6.842091139465491e-07 6.221130481579562e-07 0.0 0.0 0.0 3.954190556127622e-06 6.851716446047829e-07 3.032904684766785e-07 6.735287985097244e-08 4.55557680721909e-05 7.670166252211475e-08 6.474031805414139e-08 8.826911673110772e-07 3.746771982160247e-05 2.5629456230906275e-06 5.253987796764798e-06 0.0 8.616602794571184e-07 3.9921723408579355e-07 3.620339358877552e-07 1.9931047564533122e-07 1.5057016809916257e-05 7.361868023328006e-07 6.191651415638201e-06 6.741402240958478e-07 4.740713817073579e-06 2.335642068516573e-06 0.0 0.0
1.2625291333696291e-05 0.00024692181694580646 5.985342060828599e-06 0.000532578143939679 2.6224304492307336e-05 1.5219868342520785e-05 0.00019869209905169774 4.35782988610338e-05 0.0 0.0002630468943411349 4.9250454070298845e-06 0.00011866543631900071 3.425568095033639e-05 5.222597991577569e-05 0.0005424723930813441 0.00045140403912927494 2.446811277676416e-06 1.830741086037348e-06 2.6813541025276283e-07 0.0005365735000426254 0.00011349064204845986 0.0009512964615990418 0.00018801960882287023 0.003880379120248149 4.419455833478381e-05 1.3675582506346297e-05 0.00022525316784330758 0.0008123543251753961 5.580683597141546e-05 8.867101221238625e-05 1.4455031524006482e-06 2.2495749090582314e-06 5.80985453271408e-06 2.7456812345089213e-05 4.93233259338459e-06 0.0001262091325240791 1.715229013822829e-05 6.405658917268233e-05 2.1779077292212682e-05 0.00034305251415281775 1.0928520229863702e-05 2.223574342667898e-06 2.486411008819857e-06 5.054144991211704e-06 8.780718497566061e-07 1.5087517861544512e-06 6.150882626046818e-05 2.0978470030662096e-06 1.2625198033669064e-05 0.00014343909568461784 1.3436641991763896e-05 2.1933261539928574e-05 0.00016275665988711455 3.539235492106798e-06 1.945898779182848e-05 4.49960486259517e-06 2.1621089538560006e-05 2.091200161863263e-06 0.0001475676987362048 2.0280780512091129e-07 2.7154648634642825e-07 2.2218606862637383e-07 2.0676172184073718e-05 0.00011539399210097907 1.3835115629852416e-05 6.185208958245645e-05 0.0007276022597531446 9.896610756263343e-08 1.6728287797998555e-06 1.798102755234004e-05 0.0003267810147477487 5.132332840095997e-05 8.531266022398366e-05 9.242124558835213e-07 2.2920714000340665e-06 7.541169108150018e-07 6.2558603866500035e-06 2.8491424626412027e-06 5.5120318517508275e-05 3.2692274344738257e-06 2.1830423614505862e-05 4.279072867627321e-06 1.646330116093586e-05 5.578272875921414e-06 3.2825898730359596e-07 6.422837455216258e-07
5.276622711547403e-05 1.811101235953939e-07 5.236352514591705e-06 0.0008976221816595903 8.710143051877603e-06 0.004703482258861731 0.002709530571633374 0.0019511601250377833 0.0002630468943411349 0.0 4.0865496174634964e-05 0.001299606349425604 1.1993897137335214e-06 0.0015091781879607036 3.73992207263176e-05 3.6488364589687195e-07 4.620141878702627e-06 1.6649591287938557e-05 1.2828272120355005e-05 0.0012309311320758147 4.932438487416208e-06 3.604745282728075e-07 8.092347281732332e-06 0.0004174947605343093 1.8373812804046453e-07 1.779598779396495e-05 6.104576272160545e-06 0.0035221838942932236 0.0004374540091509838 3.0694962668845106e-05 3.647791734107235e-07 6.406863917216666e-05 5.11923935738131e-06 0.0003750035707652911 9.443821231820165e-06 0.0004971417729010817 1.237616260273747e-05 0.0005459714363660334 9.980607744598552e-05 0.0004010537740167383 0.00012269352498899862 8.095219764233517e-06 2.396090962360952e-05 7.66552934858474e-07 0.0 0.0 7.899603437142155e-05 2.7914778982648994e-07 6.235842633141228e-06 7.909835553730171e-05 1.211874364071984e-05 0.000184350244297781 0.0002451195260766244 1.4042811324669028e-07 2.430294037682956e-05 1.0719242460445403e-07 8.818466993357917e-06 0.0 0.0 0.0 1.992973430084787e-07 0.0 3.2920970797308376e-05 0.0 3.6408759709296043e-07 4.770303896831411e-07 0.00019604484013418868 1.3897842006680806e-07 5.0956541189068944e-08 1.3697631209650248e-07 0.00018742566648574256 4.330022778639476e-06 2.796154538529826e-06 4.848469018202227e-08 9.798449043531341e-07 0.0 3.894420144279248e-06 3.07609536748193e-06 3.0792858013941945e-05 6.075311345940646e-07 9.618558006233866e-06 7.774255420845424e-07 4.0589042063543635e-05 2.0369860825970056e-06 0.0 1.0974448742517216e-07
2.7464874723510403e-06 2.6505820865636624e-05 5.768074556183748e-06 1.574780235414174e-06 4.874395540398234e-05 8.172673947948341e-05 1.1552284081015014e-05 7.625135839500742e-05 4.9250454070298845e-06 4.0865496174634964e-05 0.0 2.0929617237944366e-05 0.0011476684121506653 2.6476242510852452e-05 1.0516724478459902e-05 6.694615070418377e-07 0.00023389789388817027 0.002280550823446997 0.0006340825073516521 4.861220003413677e-06 3.539809652100568e-06 1.104772546332443e-05 7.366262292465414e-06 9.898000974979372e-06 0.000229195210249455 0.0011263677496002004 0.0007216554294469665 5.949108482720837e-06 7.456797069475618e-05 5.754583206769804e-06 0.000231730942489095 0.0001571480614537954 6.152616709948309e-07 0.002879652392992575 1.1417457467736562e-05 0.000380157775390694 0.002224115352654457 0.0021740975633328472 0.0004795665640789511 6.797187160174884e-05 3.5574929508589146e-05 0.0007439275860717973 3.299675455792591e-06 0.0 3.511467805875682e-06 3.327679240735627e-07 0.0 0.0 0.0 1.7461701975846464e-06 3.2799957746714897e-07 6.928997765946582e-07 7.583883995154353e-08 0.0002216317196789642 0.0 0.0006866123797437518 6.704828596967639e-08 0.0 4.818041059554476e-07 4.2224413281269435e-07 2.1772000233600534e-05 7.215140947708614e-06 0.0 1.699930105486548e-07 0.0 3.5461228021634003e-07 2.7569389911552094e-06 2.608696319841166e-05 9.872002206066653e-05 0.00018277036185803292 1.8546481712906072e-06 9.367569282981257e-08 2.1126399606031297e-07 0.0001299446981717792 1.1465685990982735e-07 0.0 8.983384009317268e-06 8.654541510916113e-07 2.3384662701138894e-05 0.00024567571740804394 1.6352701114149002e-05 1.6626702270792781e-06 5.4584680612358266e-08 2.6458920959877337e-07 0.00012028057198135077 5.303599122813044e-07
5.416255657237314e-07 1.7035159372733985e-06 7.605630309083063e-08 0.001929101814801838 5.2239257516948465e-05 0.001728716180008831 1.1677613026946107e-05 0.00039657258382083124 0.00011866543631900071 0.001299606349425604 2.0929617237944366e-05 0.0 2.1879387243346885e-07 0.00017776545367394393 0.0008993306437171715 0.0 3.373671178749879e-07 7.747518116304128e-06 4.9050824385507864e-06 0.0019096427174288447 6.511234094571178e-08 1.2244353924936811e-05 1.7996860037212822e-07 0.00021132051461471318 6.970814136262086e-07 5.898289623208063e-06 4.949815775745411e-06 0.00026952576422662415 5.336401779274986e-05 6.931185280095266e-07 1.2430829294306984e-07 3.220386442804655e-05 8.709088875959916e-08 0.00010451187677364128 1.5232773154500132e-07 0.0002671741513779618 2.87992651287603e-06 0.0001283755824674373 7.650425727833721e-06 0.0010053409102988684 2.4387680901190593e-05 9.8792581839454e-07 9.917825545456535e-07 6.910188942459699e-07 0.0 0.0 2.927270938679935e-05 0.0 2.2995820744375668e-07 1.0569893410843361e-05 3.5820789068120163e-07 6.09273038717038e-05 6.869785126893408e-05 0.0 2.0996741515514603e-05 3.8348276921542745e-07 6.16101249075819e-07 9.858362298487706e-08 8.284828075441683e-08 0.0 5.426175656858873e-08 0.0 1.688289412255467e-05 0.0 0.0 0.0 2.0938484472087883e-05 0.0 6.753437122639913e-08 5.336395787127659e-07 2.7423448150957745e-05 1.8772792862155397e-07 4.223143438318748e-07 0.0 0.0 0.0 0.0 2.764479140415544e-07 6.618745761638754e-06 0.0 2.3775346414432937e-06 0.0 4.193473464373811e-05 1.0385842737151638e-06 2.0388398611822785e-06 3.447430564220031e-07
5.9302429084734336e-08 0.0006273789048265457 5.690420635890577e-07 0.0 1.9747161773457063e-07 1.8883588393655899e-06 4.6701702895232303e-07 6.205385699398722e-07 3.425568095033639e-05 1.1993897137335214e-06 0.0011476684121506653 2.1879387243346885e-07 0.0 2.3269544322054972e-07 1.78886435556853e-06 1.399294928464451e-06 1.4326710446979599e-06 3.043527654170924e-05 6.598633214369426e-06 1.024988329651008e-06 7.014286607048991e-07 0.0002104177574224294 9.320129089991328e-07 2.4910457484767934e-05 0.0020535512626565933 0.00044122214505967094 0.0023270793294291802 1.5304301935224568e-06 1.3549790758518457e-06 3.6611116151518896e-07 0.0006344268046924876 2.919233072478136e-06 0.0 0.0003551375178060873 1.3080897011901435e-05 0.0003285845320386255 0.002172155921382122 0.0006213454940663838 0.0001286437845959276 1.2640991198372057e-05 4.58127284136545e-05 0.0006181667035943754 5.645247185997582e-06 0.0 5.2043950174425905e-06 1.5009529989124361e-07 0.0 1.8102700760875246e-07 3.375440836271441e-07 7.387723492128085e-08 1.6964587025570415e-07 0.0 1.5283563419292618e-07 0.0003847190559081111 0.0 0.0009704522248798825 7.151293271362422e-08 8.456789543313988e-08 3.4184679635168814e-06 1.765037609845918e-07 2.712517210082932e-05 5.716961506170286e-06 0.0 0.0 2.215175879801527e-06 1.9896494902860427e-06 1.0808083499346753e-07 5.442725802853485e-05 0.00014165472903783125 0.00021539224506933745 2.61710729952645e-07 0.0 7.497158060429368e-08 0.0001624097628561323 9.595528536508712e-08 0.0 1.110865510107949e-05 5.365068525825017e-07 3.057348130231327e-05 0.00043435296119042656 2.6462268255223903e-05 5.387692066577998e-06 1.8903756070235444e-06 1.4161321572324043e-07 0.0002338444552508516 1.8096668299407606e-06
0.0025660750061728323 1.3158670680741634e-06 3.7834315941133245e-05 4.565232337190798e-05 4.743186128972321e-06 0.0008548659055704098 0.004223037278713562 0.003545499825370888 5.222597991577569e-05 0.0015091781879607036 2.6476242510852452e-05 0.00017776545367394393 2.3269544322054972e-07 0.0 1.5528118016741827e-05 4.135058628289445e-06 0.00014963058785384608 1.0759590654713473e-05 2.537550078668313e-05 0.00012245497990005542 3.446606569831247e-05 5.959004765855293e-06 6.378687903433045e-05 0.0004579835551475196 0.0 8.430745799978848e-05 3.6925020850226835e-05 0.0006017107516125037 0.003704529108300813 0.0010864981766033348 3.1026827989286626e-07 8.690212891668404e-05 4.304161426529146e-05 0.0005462674563124443 3.913918989268537e-06 0.0003611007701997802 1.488545549043474e-05 0.0002554102858575668 4.3807706358431106e-05 0.0001512865973241249 2.0366071168995764e-05 1.3799995255116778e-06 9.134078829351335e-06 2.0463751238800635e-06 3.2871062229434307e-07 5.773501694715545e-07 3.5852070342753165e-06 7.40009593532929e-08 1.2857096472984842e-06 3.77276334459896e-05 1.8820308463690129e-06 1.1560213905874134e-05 1.327230055734378e-05 0.0 9.718355617943458e-08 0.0 3.891044434682036e-06 8.455144104433604e-07 5.993725408668538e-07 6.900368839724811e-08 0.0 8.392410192303651e-08 1.494701086363012e-06 2.884875234722561e-06 1.2308576050797117e-06 2.6654647225186115e-07 5.703844491325175e-05 0.0 7.974812719584059e-07 1.6373774348509783e-06 3.9632305730146924e-05 6.063405025277565e-06 9.318781215005659e-06 6.23448695631422e-08 0.0 5.968776230634075e-08 2.35767521256113e-06 1.0952721475076628e-06 2.065875395412442e-05 2.565681448427775e-07 3.8565733897097556e-06 1.5012611577632294e-06 9.247647907120116e-06 1.603915737137905e-06 0.0 0.0
1.0631630836258278e-07 8.464546600422414e-06 0.0 6.126855040937538e-05 0.00037526987264565215 0.0005471485138880127 3.0410516395904684e-06 5.4334017000996746e-05 0.0005424723930813441 3.73992207263176e-05 1.0516724478459902e-05 0.0008993306437171715 1.78886435556853e-06 1.5528118016741827e-05 0.0 0.0 0.0 2.4683181833576624e-06 1.7050082018530386e-06 0.0001855787001851321 0.0 3.677325500674011e-05 0.0 0.0005818624449298543 2.3220384836455224e-06 2.1560117348840383e-06 1.1262727862981387e-05 3.478244546316349e-05 1.378050913184886e-05 0.0 6.482125729928334e-08 8.84411667123971e-05 9.245545152620022e-08 6.116480041815859e-05 6.507057971581232e-07 7.337471937539231e-06 2.1836948169481e-06 6.731983212840101e-05 2.8018340957818776e-06 0.0005920930681399318 9.468587360887391e-05 1.0677227351409841e-06 9.276484312345419e-08 0.0 0.0 0.0 2.740564858588347e-07 0.0 0.0 0.0 0.0 0.0 1.3923712468343255e-07 1.8655518692708987e-07 0.0 4.3661133192873303e-07 0.0 0.0 0.0 0.0 0.0 0.0 0.0 0.0 2.0016193695797427e-07 0.0 7.529577459903493e-07 1.906267152668237e-07 8.072398095580795e-08 1.7718194367863892e-07 2.371836009938562e-07 0.0 0.0 1.0001423080625536e-07 0.0 0.0 0.0 0.0 0.0 0.0 0.0 0.0 0.0 0.0 7.976363259198562e-08 0.0
2.009784549060572e-06 2.9430180880671556e-05 3.516017553772307e-05 0.0 0.0 1.681023217573951e-07 1.2017940402202075e-05 1.5374159900260838e-06 0.00045140403912927494 3.6488364589687195e-07 6.694615070418377e-07 0.0 1.399294928464451e-06 4.135058628289445e-06 0.0 0.0 1.961550229129571e-05 3.3348501602191214e-07 2.1329888564654166e-06 0.0 0.001667991847461624 0.002922026203256183 0.003933731409618876 0.0005328225897500294 2.3937419034519943e-06 1.346097132599766e-05 0.0029237976804725565 0.0005369779106820715 2.5404734369491307e-05 5.1251993922178916e-05 7.600476096175494e-08 0.0 9.318604882285474e-06 6.067681649311006e-05 3.9138773924048325e-05 0.001040058225440757 0.0002527594317294025 0.00024826505911478713 0.0003592948899005243 4.324580292414234e-05 1.1786235387469584e-06 1.7985145725140473e-06 3.5017884194834903e-06 2.5178814433997388e-06 4.190844403764879e-06 6.247291221716199e-06 0.0 0.0 1.4710804980508784e-07 1.3990632665292098e-05 9.6335469926698e-07 1.6034722810312257e-05 1.7515862358453794e-07 9.327132977882214e-08 0.0 2.671522172090205e-07 4.113803391685334e-06 0.0 0.000768388280302521 5.198223788704357e-07 1.1321574042605516e-07 3.006587491334877e-07 0.0 0.00021444641750372967 0.0006937561447712973 0.00036771147069707247 0.00020501961509200535 0.0 8.271011430890546e-07 0.0001687191674020875 0.00013096483478340328 3.3684287389554725e-05 7.03509847861418e-05 1.424728620281543e-07 1.2830883840885675e-07 3.289535188811191e-06 3.5312929899496136e-06 6.4644976387762665e-06 0.00010002393595815919 5.115903595432942e-06 1.1024991114212727e-05 7.151016297665356e-06 3.525394925610821e-06 9.5807883871648e-07 8.37092486523839e-08 2.3399454142730838e-07
0.00011411066905082992 0.00017951554474658965 0.0023065139633882225 1.977932979260547e-07 0.0 2.0408763611129844e-06 0.0001838036792613621 4.3957117967139617e-05 2.446811277676416e-06 4.620141878702627e-06 0.00023389789388817027 3.373671178749879e-07 1.4326710446979599e-06 0.00014963058785384608 0.0 1.961550229129571e-05 0.0 0.00018253911212655433 0.001264227929864792 2.1125056356621325e-07 0.0006675991186276561 1.5750802425901678e-05 0.0022614341692642087 1.7596867916470703e-05 1.145173363326261e-06 0.0011007278982180999 0.0030437962173386463 7.165276220629984e-05 0.0002030609172277321 0.0017303686550089827 4.1123766153732277e-07 1.5777169595541486e-06 3.3845114691387584e-05 0.0014116292714373138 4.186469131139385e-06 0.00023110533182271002 0.0011840503389842524 0.0004834569549025746 0.000109487190332914 9.441763383719324e-06 1.1920016198621637e-06 3.1149990133430737e-06 9.745821098045432e-07 0.0 9.593726343365225e-05 6.239065616002404e-05 0.0 0.0 0.0 3.316017958972767e-07 0.0 4.934937519927438e-07 0.0 3.26073322274604e-07 0.0 2.6742949076333403e-07 6.182381761962892e-08 0.0 4.947226836036178e-07 1.4839111020249996e-05 2.263633133045415e-07 1.2363672260108929e-05 0.0 1.9730971147972671e-07 5.183023191898373e-06 4.588528667649702e-06 1.1772162253913716e-06 9.068045765621746e-08 0.0001257517928880236 0.00030438048322151514 9.920592394912955e-07 1.784983780766251e-07 4.531546061947598e-07 0.0 0.0 0.0 3.413279505801078e-06 1.342102172808148e-06 2.3073701062443515e-05 5.058966982279672e-05 2.301529014227268e-05 3.894484280412713e-06 4.203863561307895e-07 0.0 0.0 0.0
1.8324542204677805e-06 7.776799276462225e-06 1.163315248765873e-05 6.525347236857927e-07 8.766163943199535e-06 2.8521939021687793e-05 7.348375182957195e-06 2.1799520784707153e-05 1.830741086037348e-06 1.6649591287938557e-05 0.002280550823446997 7.747518116304128e-06 3.043527654170924e-05 1.0759590654713473e-05 2.4683181833576624e-06 3.3348501602191214e-07 0.00018253911212655433 0.0 0.001440767649597219 3.50659758554593e-06 4.047615362840891e-06 4.113263482052709e-06 8.275755933292882e-06 3.983608509496096e-06 2.0102608128818605e-05 0.001078810366267585 0.00023713700073433363 4.722939173468316e-06 2.233087520964329e-05 9.5144742961124e-06 4.008059161529817e-05 3.4358018763846697e-05 6.631861667567341e-08 0.0010138631208250822 3.65607251966275e-06 0.0003541922775775334 0.0006478102780905955 0.0012000278778513797 0.000370621723294873 2.4819148037664976e-05 5.052663607563105e-06 1.8322958158792364e-05 1.1452575565778277e-06 0.0 4.0314272916960214e-06 8.527413143855211e-08 0.0 0.0 0.0 1.2842847034473338e-07 0.0 1.0380563694782563e-07 1.0273234790707261e-07 1.760481567723554e-05 0.0 6.528752357453484e-05 2.585086654662205e-07 0.0 0.0 5.160808878547285e-07 1.1078255945386224e-05 4.973088929460258e-06 0.0 1.2594751256202586e-07 1.8134664432862498e-07 1.7719963525623376e-07 5.390570440718798e-07 8.90970444140404e-06 7.487911642358979e-05 0.00013124453166182587 1.367146699894362e-07 0.0 0.0 3.0049160192925104e-05 0.0 0.0 5.065880681995208e-07 3.5706761131022134e-07 3.2122969317449076e-06 6.096184036884969e-06 1.9043131218099259e-06 4.592083963973529e-07 8.863454276323592e-08 3.372016688622955e-07 7.059293847180352e-07 0.0
1.3115947847520248e-05 3.0147883988067308e-05 7.213621829801889e-05 4.7399379919751293e-07 8.124121621632423e-06 2.0195280121700703e-05 3.0848289566385186e-05 1.9991714813314448e-05 2.6813541025276283e-07 1.2828272120355005e-05 0.0006340825073516521 4.9050824385507864e-06 6.598633214369426e-06 2.537550078668313e-05 1.7050082018530386e-06 2.1329888564654166e-06 0.001264227929864792 0.001440767649597219 0.0 1.6531807003008803e-06 3.8341068247810646e-05 2.0052690098782506e-06 7.256585979251306e-05 4.24965413685117e-06 1.9519645720047037e-05 0.002741416109728825 0.0008404817608299849 1.2029039951388194e-05 3.908360251997882e-05 9.600211200017272e-05 3.1210348398753845e-06 2.641554172248271e-05 3.353426277823309e-06 0.002065015201790311 4.208138553895793e-06 0.000535722720910773 0.0012097202700297018 0.0018836467463230634 0.0004709640513654232 2.4193450573712726e-05 3.6165195440382497e-06 4.758757160537046e-06 1.8021100052857257e-06 6.57293305496475e-08 1.911712690218616e-05 2.398753573108824e-06 0.0 0.0 0.0 1.792481322532899e-07 0.0 6.578627010917587e-08 0.0 2.9284054724528807e-06 0.0 1.3252223520946617e-05 0.0 0.0 1.4684640214510952e-07 2.1836897637981907e-06 2.325586377937668e-06 8.022769139036981e-06 0.0 7.839890451843687e-08 1.026000331202146e-07 1.8211907104493813e-07 8.031389396313992e-07 5.217977306896166e-06 6.7490171623999e-05 9.723232911572498e-05 2.5585503433232374e-07 0.0 5.536904553415512e-07 7.45995436638559e-06 0.0 0.0 1.1362563973029796e-06 3.922941743818108e-07 6.847362263382065e-06 5.672246354762425e-06 3.669074857435352e-06 0.0 1.839009838432583e-07 0.0 1.0434495797178051e-07 0.0
3.798172459227591e-06 0.0 1.320809259696196e-07 0.001513194614702025 4.904164320082635e-06 0.0003212344563874301 9.969262286370908e-05 0.00013499185886299716 0.0005365735000426254 0.0012309311320758147 4.861220003413677e-06 0.0019096427174288447 1.024988329651008e-06 0.00012245497990005542 0.0001855787001851321 0.0 2.1125056356621325e-07 3.50659758554593e-06 1.6531807003008803e-06 0.0 1.4863573363384618e-07 0.0 6.015971207030599e-07 0.00019491680124700904 2.117888573014503e-07 2.3999155976831514e-06 1.0509722317524642e-06 0.0008212554581335256 6.0205130578534405e-05 1.6867597365971787e-06 0.0 1.0684263354567208e-05 6.753398141197755e-07 5.60013076617658e-05 1.4186650736125864e-06 0.0001353998161501067 2.0590385174578094e-06 8.443035430660051e-05 1.2680602729453472e-05 0.000451480197883592 1.867278252394045e-05 1.419523220631263e-06 4.223385650786768e-06 1.8416293691339595e-07 0.0 0.0 8.140941119952402e-05 0.0 5.202887701695006e-06 3.225794099500032e-05 4.001707173845247e-06 0.00017225454101604668 0.00020444796772982825 7.416922369236339e-08 2.122737511809059e-05 0.0 4.1824899366201925e-06 0.0 0.0 0.0 0.0 0.0 3.454120883057973e-05 0.0 0.0 0.0 0.00010825147586781074 0.0 0.0 0.0 0.0001222968622443561 1.0820258147822932e-06 1.564189271884154e-06 0.0 4.405902265906774e-07 0.0 1.6465054948234965e-06 2.1279003067421074e-07 9.540991949667089e-06 0.0 2.8750607348758688e-06 3.6505370937942667e-07 3.7014123681163864e-05 2.1838655967563014e-06 0.0 0.0
2.4129525234339463e-05 6.1426655029613765e-06 0.0005345203184868518 3.0927222075204696e-07 0.0 7.863201243195992e-07 0.0005111908765190761 1.2553314382998187e-05 0.00011349064204845986 4.932438487416208e-06 3.539809652100568e-06 6.511234094571178e-08 7.014286607048991e-07 3.446606569831247e-05 0.0 0.001667991847461624 0.0006675991186276561 4.047615362840891e-06 3.8341068247810646e-05 1.4863573363384618e-07 0.0 0.00023532042010139322 0.005438302760586284 0.0001126965766447582 7.946216555543015e-07 0.00028822455682909326 0.0003802042881974057 0.0009199954919477791 0.00011178495557784268 0.00557874461222589 0.0 1.889484475707657e-07 5.970894571047538e-05 0.002445497328001087 0.0001758955605130925 0.00277015701644575 0.0003861283434127568 0.002390330891150182 0.0017199423368797842 0.00012695005480533225 4.525064003407905e-06 2.3503346182989207e-06 1.3084122648499254e-05 1.9882500454067436e-06 1.712447074328074e-06 1.854136331628083e-06 0.0 1.1347231272447606e-07 1.2760661160590011e-07 1.2589134996594286e-05 5.835429546141275e-07 1.657617529176931e-05 2.417298977556805e-07 0.0 0.0 0.0 5.265893573242503e-06 1.2357966759652066e-07 8.390814474752501e-05 8.316856438853587e-07 7.32149557671683e-08 2.761813964777623e-07 0.0 9.476762370688316e-05 9.715422267752805e-05 2.133858114860983e-05 0.00014844658706392855 0.0 2.3181168561649135e-06 1.1111300541668205e-05 9.948149349244699e-05 2.2440966559715812e-05 4.838025006379775e-05 0.0 1.614044715049232e-07 2.2368864385299456e-06 3.296272725725644e-06 1.9146316722494964e-05 4.71150953642667e-05 0.0 7.386597339365203e-06 2.9776428376432736e-06 1.6392696284813869e-06 2.0153324078989954e-06 0.0 2.5288705285076745e-07
3.1740742616925413e-06 0.0016930004480291043 5.785066786715778e-05 0.0 9.778262764696628e-07 0.0 9.44200425238264e-06 1.6628323276860419e-06 0.0009512964615990418 3.604745282728075e-07 1.104772546332443e-05 1.2244353924936811e-05 0.0002104177574224294 5.959004765855293e-06 3.677325500674011e-05 0.002922026203256183 1.5750802425901678e-05 4.113263482052709e-06 2.0052690098782506e-06 0.0 0.00023532042010139322 0.0 0.0009341752237944383 0.0028460876578684925 0.00037349438697646626 5.832918197271256e-05 0.0043819960646993145 0.00016230369097029667 1.9023050755555395e-05 4.7400161081198165e-05 2.3723976425628856e-06 6.906291686709807e-07 3.3968034606404942e-06 2.8633252017950666e-05 3.242702384440371e-06 7.460713069635218e-05 6.537088315076642e-05 5.467566732421646e-05 1.9956022580267063e-05 4.784205669744488e-05 2.8169682631017444e-06 1.3685447543245e-05 3.4888195268997935e-07 1.1417271706171813e-06 6.103235407726266e-06 5.333765846937469e-05 0.0 0.0 4.611016839514231e-07 9.81152566260761e-06 1.5806100433588064e-06 1.2521742607774521e-05 4.888454537906057e-07 8.941681507015e-06 0.0 2.18923496168119e-05 2.0977563795425597e-06 1.9513203153817404e-07 0.0004234854103516148 2.8693592158569042e-06 4.440942973014114e-07 8.864903919527264e-07 0.0 5.8970365097760624e-05 9.052242019844959e-05 0.0003632030939049623 7.414373538210398e-05 1.615955588675569e-06 6.174683426898747e-06 0.00044924325847583453 4.012855826876788e-05 1.2172584158937907e-05 1.7551506839234534e-05 4.844495770851774e-06 1.0725419519741227e-07 1.4151200501759384e-06 6.058197348933371e-06 1.897489114949991e-06 3.558593238157755e-05 9.968196604264292e-06 1.4248869710068406e-05 1.0432988114938275e-05 9.086152478916828e-07 1.1418245909051043e-06 1.455310777742298e-06 3.360662982655129e-07
3.982205987748264e-05 1.2568660582709419e-05 0.005765438608853368 3.242498126125792e-07 0.0 1.5294572289425973e-06 0.0004664239697281064 2.138492651836631e-05 0.00018801960882287023 8.092347281732332e-06 7.366262292465414e-06 1.7996860037212822e-07 9.320129089991328e-07 6.378687903433045e-05 0.0 0.003933731409618876 0.0022614341692642087 8.275755933292882e-06 7.256585979251306e-05 6.015971207030599e-07 0.005438302760586284 0.0009341752237944383 0.0 0.0007110232497386756 4.785486335615193e-07 0.00048144115939292165 0.008064145823423161 0.002809290462711685 7.340535204214051e-05 0.0026790451137703062 0.0 4.4529915703881604e-07 1.7002163758688648e-05 0.0016126253187792748 0.0001961402589360678 0.004596171353501138 0.0029997657561545775 0.00413495020332939 0.0043098100074280676 0.00025162237760631623 1.097750551506147e-05 1.3402069189679427e-05 2.42886913325748e-05 3.905733436153623e-07 5.084337978388669e-06 1.6558677966141658e-05 1.0047794338057712e-07 7.03870464905177e-08 7.276199363045595e-08 7.1820910095253e-06 9.87172038356684e-07 3.761810447818451e-06 0.0 1.4771202338332288e-07 0.0 0.0 2.7128035693118413e-06 0.0 0.0005732160811924233 3.4822582060943795e-07 7.176720055357e-08 1.7297271978033044e-07 0.0 7.982985220579343e-05 0.00041747545937298675 0.0003149639613151171 6.879986651378698e-05 0.0 2.2889018922706295e-06 0.00029932479348237606 3.824180071707946e-05 1.1817792702910436e-05 2.551284091446728e-05 0.0 6.319363216055896e-08 1.3926858859334085e-06 2.532371073119296e-06 2.1468183615607133e-05 8.058108447878292e-05 3.261569069270172e-06 1.1512016340112295e-05 7.056282869501269e-06 6.268487769593506e-07 9.688852996549438e-08 0.0 1.0135142754216592e-07
0.00013849178476083544 0.00023039382013999342 0.00015745429066767197 0.0005913897572697323 1.1656583882706514e-05 5.836218764030504e-05 0.0010860534820140357 0.00023715000881104078 0.003880379120248149 0.0004174947605343093 9.898000974979372e-06 0.00021132051461471318 2.4910457484767934e-05 0.0004579835551475196 0.0005818624449298543 0.0005328225897500294 1.7596867916470703e-05 3.983608509496096e-06 4.24965413685117e-06 0.00019491680124700904 0.0001126965766447582 0.0028460876578684925 0.0007110232497386756 0.0 3.60979338004284e-05 2.8709862629374903e-05 0.0012360030704655922 0.005014035930255322 0.00079812061911861 0.0004275356757361968 1.2700519958596524e-06 1.5337296760756403e-05 0.00012275756670074842 0.0002797228507524652 6.876574408062933e-05 0.0013119773309226807 7.600744581136007e-05 0.0005354257464049091 0.0002935362984366358 0.0006324538589889414 9.227569384208418e-05 6.3670176848136314e-06 2.166827698520787e-05 1.6057178930768784e-05 2.499555939819408e-06 3.850143839505824e-06 0.00013195510216483086 3.2077750955603923e-06 3.5869767695376465e-05 0.0005641297340006476 6.728253887699268e-05 0.0007216718946583958 0.0004330552740896624 4.130160621188104e-06 3.3372252261913756e-05 3.241102557179059e-06 6.0876712001350833e-05 1.3124873959189569e-05 3.371511787879251e-05 1.046198065694287e-06 1.971557403361142e-07 9.54151847122891e-07 5.034484048392108e-05 6.080988421041039e-05 4.159519281672948e-05 1.425658862977729e-05 0.0012910008077151969 7.904197059706983e-08 1.8856893213504939e-06 1.476341239687907e-05 0.0008685643838740074 0.00010036341098918946 0.00015020556700208644 1.5782074316113417e-06 5.865141673351698e-06 2.998129367982103e-06 2.6638282643627874e-05 1.4075780917768786e-05 0.00022805697642132254 6.347422868846448e-06 8.060308404436865e-05 1.254688508822821e-05 7.526656631529373e-05 2.537915908397142e-05 4.332133218369762e-07 1.8938129872612988e-06
