0.0 0.0 6.841131164713885e-05 2.2323316570299555e-06 1.2193509668305623e-07 7.0353833098585136e-06 0.003421747426829557 0.0006944901511674819 3.8538744927202574e-07 2.2881273410840463e-05 6.384396185026296e-06 1.4271934066616506e-06 2.1762767065634266e-07 0.002927890824139853 2.992937698226464e-07 0.0 0.00028210970422085834 5.268683174793754e-06 2.591502234056208e-05 2.3427111421117664e-06 2.539268581732418e-05 0.0 6.828215689171579e-05 7.81908069650487e-06 0.0 6.979206941839157e-05 6.607368851306395e-06 2.502770734519566e-05 0.0021558436169195703 0.0018610324810105806 0.0 3.6461380533237207e-06 3.329901232508815e-05 8.16750864235327e-05 2.356654768018508e-06 3.368529299106927e-05 4.2812968754639655e-06 5.2319468244662274e-05 2.563071719972062e-05 2.3777945720432306e-06 1.693019276601274e-06 5.815099558863684e-08 2.49252794740358e-07 0.0 0.0 0.0 6.527434702309375e-08 0.0 0.0 4.5713949900579213e-07 0.0 3.9655493396965874e-07 1.725616470229545e-07 0.0 0.0 0.0 0.0 0.0 7.214872864405271e-08 0.0 0.0 0.0 0.0 0.0 0.0 0.0 1.2968468066622415e-06 0.0 0.0 2.8451956926668645e-07 2.068270067835244e-06 0.0 8.224913147340319e-08 0.0 0.0 0.0 0.0 7.552819618749324e-07 5.872523056913032e-07 0.0 7.884508235995346e-08 0.0 3.5293875967969437e-07 0.0 0.0 0.0
0.0 0.0 9.85707751121221e-07 0.0 0.0 0.0 4.710922325218404e-07 5.966608977658396e-08 0.0004418694836011621 4.8079787540692e-08 2.8642853332348723e-05 7.044475178515452e-07 0.00021990042424265092 5.286947115484564e-08 9.3084724545136e-06 0.0004956624284775451 5.251673784847171e-07 4.887099304214356e-07 9.66277173118114e-07 2.0951105130026646e-07 5.1288948901722425e-06 0.0015302073329146496 1.540554734997367e-05 0.0004814087329776746 0.0010006209461253088 3.9411189059976576e-05 0.0029741330782829985 2.0998425601092676e-05 1.5693210903583123e-07 4.194061693310611e-07 1.6822058958389707e-05 0.0 0.0 2.5814466012595994e-06 0.0 2.1021356210700934e-06 1.1090557149543204e-05 7.3178791221794475e-06 1.0572062793737692e-06 1.1677335094528462e-05 0.0 2.287560325518682e-05 0.0 0.0 1.6894160618943053e-05 2.5436825211160914e-05 0.0 0.0 0.0 4.0393699108528197e-07 5.077340893727213e-08 7.10948127203983e-06 0.0 4.431389759703877e-06 0.0 9.113769273288824e-06 0.0 0.0 3.561875652972722e-06 6.188444013357488e-07 5.718789304348359e-07 1.1479500707821466e-06 0.0 6.202283476592228e-07 1.2747592274594508e-05 3.6905299172705437e-06 5.200873168476372e-06 2.2043276269456238e-05 2.0648031945952027e-05 0.00043286345570480925 1.3366216127328348e-06 0.0 7.552962194932565e-08 1.9210817929546783e-06 0.0 0.0 4.01321752398551e-07 7.945275778073832e-08 1.2056775347578808e-06 3.1124023035301597e-06 1.4724781283127974e-06 2.0100047121293696e-07 0.0 0.0 1.9506650517209896e-06 0.0
6.841131164713885e-05 9.85707751121221e-07 0.0 8.018571398767396e-06 4.0033333104143394e-07 3.8554177542521263e-05 0.0005114747819634201 0.0003092964416702638 7.934360921619339e-07 0.00011240496617365134 0.00017776651570091594 1.1734534411189461e-06 3.093362194509454e-05 0.0001562811516571092 2.875348760397621e-07 1.5572333439249734e-06 0.0022916772874185393 5.1077846595934895e-05 0.0001882335012622577 2.057928836907895e-06 0.0009100149679495883 0.0 0.0055890070542653734 3.917971196797677e-05 7.835160977812286e-07 0.005538242777747202 0.002548420662551041 0.00014911865141834164 5.141725450827288e-05 0.0003048770589450262 2.9193022752367186e-06 2.9478633320058553e-06 8.369052146757628e-06 0.0005779570054169887 2.955012269368926e-05 0.0016100340289480581 0.0031334732259064805 0.0016359095841453702 0.0006087862875682402 2.7578151379394848e-05 3.766735805922572e-06 2.0988419680627923e-05 4.09950334792068e-06 0.0 4.836093606364161e-06 0.00013042264446840035 7.402020345596298e-08 0.0 0.0 3.0551867034381656e-06 5.48794662507756e-08 7.21015737938576e-07 7.182352160164035e-08 1.642000748604134e-06 0.0 1.6966362839299016e-06 5.5971922063898625e-08 0.0 1.658852026863101e-06 3.982769674867271e-06 1.4514281096734894e-07 6.715069746179771e-07 0.0 4.348817028161829e-07 2.2902244555275283e-06 9.343257701059926e-06 4.6563244212863236e-06 4.0036388063848964e-07 2.253633296989478e-05 0.0005665955599001777 1.1491241544518798e-05 2.1482191582692105e-07 7.818945885936889e-07 7.363940751539378e-07 0.0 0.0 1.1865138896287683e-06 2.269499015672272e-06 4.828809967844088e-06 1.9330664229585152e-05 2.213619584351222e-06 1.854171533814263e-06 0.0 0.0 1.5325943032342517e-07 0.0
2.2323316570299555e-06 0.0 8.018571398767396e-06 0.0 1.2542038216695304e-06 4.744371015354101e-05 0.00016484386684995103 3.377100640325536e-05 0.00023832667382286458 0.0013991920440212832 2.074992607530602e-06 0.0027119809447479644 5.58332684352471e-07 4.027707850488438e-05 3.952008626989056e-05 0.0 1.1268492059542316e-06 7.449316147905437e-07 7.217332089872794e-07 0.0018450857638321958 1.2404064261018019e-07 0.0 4.378403312825554e-06 0.0009079110265601282 0.0 4.136156188608219e-06 2.265261844685227e-06 0.0012204791897853947 9.27123124987062e-05 8.394815919500559e-07 0.0 3.996756552302021e-06 3.828989965417157e-06 4.6055917756320395e-05 9.22024438053887e-06 0.00027595040330504004 2.154344138785562e-06 8.351178386990622e-05 3.826055527889404e-05 0.0001873769503479324 1.282372241751226e-05 0.0 5.174764528905573e-06 4.7699221106748734e-08 0.0 0.0 6.248434714826889e-05 2.561521058240514e-07 2.489576107546603e-06 5.4316442634766107e-05 1.3821036160571892e-06 3.4246985925952286e-05 2.5337015326783884e-05 4.801360244555981e-08 2.5209169639544903e-05 0.0 2.4945200392731437e-07 9.271734294631035e-06 0.0 0.0 0.0 0.0 2.8211502595382723e-05 0.0 0.0 1.814332363315626e-07 0.0001594712301063469 0.0 0.0 1.7605875530348467e-07 9.904810432610325e-05 2.56807225435787e-07 1.5716108142842498e-06 0.0 0.0 1.527869971311281e-07 4.6114165007928177e-07 1.6607459993077617e-06 5.333724259317158e-05 3.732373257585202e-07 2.0535068083772783e-06 9.220926600737473e-08 5.8689485574596604e-05 3.3769974196136935e-07 0.0 0.0
1.2193509668305623e-07 0.0 4.0033333104143394e-07 1.2542038216695304e-06 0.0 0.0005026812591070949 3.6096456749503197e-06 2.155022574048078e-05 1.166145207352492e-05 7.59959392815372e-06 2.6727152375661466e-05 4.853277168760918e-05 5.439605845337175e-06 5.915297309438476e-06 0.0007397846527370381 0.0 1.1154665406308904e-06 1.782254414538375e-06 4.690257928996996e-06 3.5560200884467463e-06 8.203937865802819e-08 2.3754153747241252e-07 4.4984727856198073e-07 3.0224104519030332e-06 3.1416891910306857e-07 4.261434530107395e-06 1.4988707534845417e-06 1.4660666961745848e-06 0.000250738454677891 5.438530942293373e-07 1.5692811297074354e-07 0.00042650608009987156 4.922677703435665e-07 0.00042143721425758025 4.130402025836544e-07 2.6410428898226874e-05 4.136428733068802e-06 0.00011400252483183065 5.1815783489848145e-05 0.0007153036016124733 5.656898832079741e-05 2.6387419858896234e-06 1.319882869650151e-06 0.0 6.120781442609442e-08 0.0 1.096859690543023e-07 0.0 0.0 0.0 0.0 0.0 0.0 3.1805861620373645e-07 2.5306669054648473e-07 0.0 0.0 0.0 0.0 0.0 0.0 0.0 0.0 0.0 0.0 0.0 1.3873022488520755e-07 0.0 0.0 1.493798366429363e-07 6.269281632069106e-07 0.0 0.0 0.0 0.0 0.0 0.0 5.004095456772966e-07 2.100661068778854e-07 7.696838488329753e-08 8.273712324895729e-07 1.1257629942599243e-07 1.1585302151153455e-07 7.548118194750279e-08 6.839680133646397e-07 0.0
7.0353833098585136e-06 0.0 3.8554177542521263e-05 4.744371015354101e-05 0.0005026812591070949 0.0 0.0010315406592465905 0.00403089982277763 9.344878432403776e-06 0.0024594664565116965 5.146593718023012e-05 0.0010239567644221477 1.1727213419077017e-05 0.0008303207771264311 0.0011656562573248038 0.0 1.3544020043322168e-05 1.134925544974223e-05 1.3286113814509932e-05 0.00014355044321481405 2.4773368525492427e-06 0.0 2.0219813611150834e-05 2.0397196995785977e-05 5.516230218165883e-07 3.052539336388129e-05 5.963843824559814e-06 0.0001086206366846845 0.0005239290152189146 2.108167517630939e-05 4.777638875637925e-07 0.001051017545664925 1.154947565398739e-06 0.00017043189641673012 5.199178956547434e-06 0.0002118783976152199 1.7481615864906684e-05 0.0002655331749169559 0.00015230345216825592 0.0017167822841115273 8.582943355091969e-05 4.898751522291797e-06 4.506888938902807e-06 5.6073776848038506e-08 0.0 6.039680981113972e-08 1.624101048177604e-06 0.0 2.5750401951882784e-07 4.3387720060933415e-06 5.273375452718694e-08 1.7133251168007193e-06 9.473573990798795e-07 2.3524853121707685e-07 1.3644364267846359e-06 4.246699572192757e-08 4.362913265290124e-08 1.7710050169172438e-07 1.5005011565880679e-07 0.0 0.0 2.900162657784529e-07 1.45765294907837e-06 1.2106640341938053e-07 8.529510751179384e-08 0.0 7.366363379888884e-06 0.0 0.0 5.791807713519225e-07 7.453391758194682e-06 6.707282419682386e-08 2.4012371352864224e-07 5.338630554521371e-08 0.0 0.0 0.0 8.218845795638557e-07 8.740599034411245e-06 4.72430986981959e-07 5.250015097295783e-07 7.204250596844798e-07 4.09297853010677e-06 0.0 4.4877304224133794e-07 2.067941287840518e-07
0.003421747426829557 4.710922325218404e-07 0.0005114747819634201 0.00016484386684995103 3.6096456749503197e-06 0.0010315406592465905 0.0 0.002446034019867431 0.00024009270092226965 0.005353166835730069 1.556590396284756e-05 2.0769637036040696e-05 1.1193746538218927e-06 0.0034680188175141304 2.810790113332993e-05 6.418599412171859e-07 9.246527867830731e-05 6.4896749793726656e-06 1.833447245338616e-05 7.619938819952657e-05 5.711212535862783e-05 2.195202660612482e-06 0.000925231607100807 0.0005126787854588984 1.9280621279976588e-07 0.0001782176914552893 0.00014897508800615608 0.007918665381086742 0.0015132671420001978 0.002521344177665707 2.9142167973287445e-07 2.2902694166020982e-05 0.00015659500585296415 0.0004642959724219331 0.00010722803761950462 0.0016608205531589983 3.7853171611151794e-05 0.000743461463786762 0.00038995876872576884 0.0003173944836915735 8.183047773534802e-05 1.1272149207024204e-06 2.741688540741845e-05 8.445253911128579e-07 6.152873905437001e-08 2.7685655501185116e-06 3.361888343674742e-05 0.0 2.3976670721063762e-06 0.0001717683800946987 2.172469435250226e-06 0.0001223621175574206 2.2256201430551467e-05 2.548977687731445e-07 5.512310710847047e-06 1.1538088748988579e-07 6.391442111096977e-07 2.1096747812408612e-06 6.189329430260399e-07 1.3316209069649838e-07 0.0 0.0 1.5619559680109286e-05 2.2520548794873432e-07 6.717967854988314e-07 9.642189730830136e-07 0.000366839922009807 0.0 5.853798735333182e-07 7.911681700832964e-06 0.0004749684356671814 3.6455699197149057e-06 2.3242996897767964e-05 5.8220680980353875e-08 0.0 6.632654215991795e-07 1.5912321007540356e-06 1.6887866153980583e-05 9.36218933764175e-05 1.3878965342494167e-06 5.549219192853541e-06 2.8783055194748283e-06 2.369381002739859e-05 1.5729090396692592e-06 3.3112611231925916e-07 2.9512992983536097e-07
0.0006944901511674819 5.966608977658396e-08 0.0003092964416702638 3.377100640325536e-05 2.155022574048078e-05 0.00403089982277763 0.002446034019867431 0.0 3.057209293618388e-06 0.0015975604879027421 8.14150762557671e-05 0.00039645908738263573 1.5241075619189503e-05 0.003901854634116942 6.191494746209186e-05 1.5101446660033661e-07 0.00033216025960635173 2.2117703635616774e-05 6.300326325775891e-05 0.00012535117832031148 2.518426624312163e-05 0.0 0.0001467892233034281 2.7837909666843928e-05 5.198855249632128e-07 0.00023090879262053593 2.4201337616368267e-05 0.0001269835211864876 0.0010673359825404773 0.000793404136244864 1.009227384997276e-06 0.0003332854954277385 3.135264129532511e-06 0.0002452712593794775 7.731468820040531e-06 0.0002380617859469324 3.5630299118857534e-05 0.0003727501259987926 0.0002297644896194587 0.0005479638473552533 6.421008125239737e-05 6.077293740743579e-06 4.258681236988083e-06 0.0 5.449142482449176e-08 4.1296794005049573e-07 6.637255161391677e-07 0.0 0.0 3.540732994005242e-06 0.0 1.9308923977247738e-06 3.052394872865488e-07 1.1224669030118398e-07 8.547571255829363e-08 2.0144685946336809e-07 2.3134585438414004e-07 7.05532259335809e-08 0.0 5.8387293388247024e-08 0.0 0.0 3.709184711591731e-07 0.0 0.0 0.0 7.039069177722643e-06 0.0 3.593650862423247e-07 1.3278102464757254e-06 1.1094432926660998e-05 2.7727634015346396e-07 3.632570057535226e-07 1.6656419013236535e-07 0.0 0.0 0.0 1.383358367673138e-06 5.080748434589515e-06 8.258835893455384e-07 1.5393076412952421e-06 9.740888692017314e-07 0.0 4.048970938036063e-07 1.3387671492279007e-06 3.56575802894024e-07
3.8538744927202574e-07 0.0004418694836011621 7.934360921619339e-07 0.00023832667382286458 1.166145207352492e-05 9.344878432403776e-06 0.00024009270092226965 3.057209293618388e-06 0.0 8.395191572270296e-05 7.69632201294416e-06 7.067074435261408e-05 2.861901676990948e-05 3.3087935252207864e-06 0.0002745469442128378 4.6820948997256386e-06 4.5165432056398445e-07 2.8348644754085e-07 4.550054677590856e-07 0.0002057743275202095 1.7450942146222859e-06 0.0014417815018418119 4.4431336821327486e-06 0.0047014034707627255 0.00015366860851074085 6.431216895798238e-06 8.207928616765064e-05 0.0008840796832383216 7.32928602459917e-06 5.469244120730931e-05 4.806128404978924e-06 9.73414773623162e-07 1.0880457215012732e-06 6.3357089827706695e-06 1.3512202984171822e-06 5.058434752468034e-05 1.933488874137991e-06 1.1604743995068401e-05 3.840959018032725e-06 0.0001926123233883476 4.836421437560545e-06 1.0711342458340065e-06 1.6383624531469476e-06 5.122315131805709e-07 6.639590978966783e-06 4.343531366625359e-07 8.635177688242674e-05 1.687187196971187e-06 5.981911398184827e-06 5.691180929155923e-05 3.052029098283169e-06 3.783839561129808e-05 4.5596735071372174e-05 3.621440610248589e-07 6.28181428072953e-05 2.7746793758435484e-07 1.2515696967671607e-06 2.5490438899220426e-05 2.9007274235866174e-06 0.0 0.0 1.0441101782704044e-07 5.590829697627763e-05 2.2152392557762085e-06 1.879470232962841e-05 3.7616684748513495e-07 0.0006170331197736667 8.762368088334361e-07 6.581200155364886e-07 1.350881626131277e-05 0.0002705866277524276 2.1900845346390474e-06 5.16428859853077e-06 1.6751508694245541e-07 4.8746331197325426e-08 2.872664302170611e-07 1.2858747616013969e-06 9.635471127365734e-08 3.458573628684855e-05 6.006659807116828e-08 2.5363481133370066e-06 8.374301018852097e-07 6.754570223023172e-05 1.010717682212347e-06 0.0 0.0
2.2881273410840463e-05 4.8079787540692e-08 0.00011240496617365134 0.0013991920440212832 7.59959392815372e-06 0.0024594664565116965 0.005353166835730069 0.0015975604879027421 8.395191572270296e-05 0.0 3.508305645751105e-05 0.0011368262546713646 2.3427874519964107e-06 0.0009990018231805563 5.582146284947376e-05 1.659078268255062e-07 2.6544627196380747e-05 1.2138309275289636e-05 1.828069013779075e-05 0.0017221995023035178 4.911047034192633e-06 0.0 6.112610740893114e-05 0.00014885031908388904 5.3575112141342764e-08 6.568388180472675e-05 1.344176115229219e-05 0.0025857488199847235 0.0006927524751690221 5.84392996623304e-05 4.110705442388453e-07 5.1821176098480576e-05 6.669244730885561e-06 0.0002691562703896455 2.0374022596290302e-05 0.0007913422976963394 1.8719443918693354e-05 0.0005416633225459929 0.00012875064801155255 0.00030909377124131374 0.00010561006061586662 9.91715161846665e-07 1.8672119152391594e-05 6.35346141430865e-07 5.2457209727650385e-08 9.820974024764504e-08 5.051176713980335e-05 3.4611750649200347e-07 1.608215180779035e-06 2.6179525218060888e-05 4.087589936771826e-07 2.0956300224060155e-05 3.17246088040886e-05 4.181113673130412e-08 2.071570133779085e-05 2.0283497708045264e-07 1.2439907041615077e-07 3.58222428739647e-06 0.0 0.0 0.0 0.0 1.1812506552062533e-05 4.604723583265506e-07 0.0 0.0 8.920060742581448e-05 0.0 1.7083258598735797e-07 8.926164360176578e-07 5.8291832436463485e-05 2.982158366075641e-07 9.224270943937256e-07 0.0 0.0 4.570352636780652e-08 4.854272548399927e-07 3.91106538559057e-06 3.109047636378688e-05 1.0605319885160337e-06 2.0429528457496713e-06 5.554856055087893e-07 3.074615389828002e-05 1.2932341501296135e-07 0.0 0.0
6.384396185026296e-06 2.8642853332348723e-05 0.00017776651570091594 2.074992607530602e-06 2.6727152375661466e-05 5.146593718023012e-05 1.556590396284756e-05 8.14150762557671e-05 7.69632201294416e-06 3.508305645751105e-05 0.0 4.592623699478966e-05 0.0012624565620550528 7.101485412915931e-05 6.574567755785859e-08 4.9712092301075255e-06 0.0003346373272736994 0.0021472762735397044 0.0012466921057728716 1.0046614162789595e-05 1.69916371004795e-05 1.521823349998514e-05 3.3781448621371965e-05 1.0554529231172122e-05 0.00023422077449283276 0.0024509770316655972 0.0009233325673037053 9.29838254402627e-06 0.00018022050918238737 1.1760146299268123e-05 0.0004420478191305763 0.0001952381878600311 6.900784439302055e-06 0.0033644818298260433 9.555456668145121e-06 0.00037711155739065833 0.003440410854852375 0.0032588431899082714 0.0005738685327002895 2.938384359608924e-05 9.914594365034966e-05 0.0010527873842112111 4.536415286864082e-06 0.0 3.7207043586071864e-06 1.4038546043470145e-06 3.0033731978250854e-07 7.3743231269786e-08 6.30140854225988e-07 2.414964965130694e-07 3.149958395965117e-07 3.4282499674396504e-07 1.7320380399788676e-07 0.0002531388074775627 1.5381931537008062e-07 0.000696020030749241 3.783884545283257e-07 0.0 2.3185784221000598e-07 3.9555991376281387e-07 8.62333083316056e-06 1.2460562723422892e-06 1.1612743792560187e-07 5.099086753377353e-08 4.14999710495754e-07 4.585827324040226e-07 1.1989619358215633e-06 2.72508436803585e-05 5.950370748779833e-05 0.00022804888918593567 1.4183164280075067e-06 1.297026864653842e-07 0.0 0.00011635843188692176 2.948921874689062e-07 0.0 7.343148464139699e-06 5.705391365704079e-06 1.1041991799492624e-05 0.00014205942849450322 2.842807649726463e-05 3.7602971663508316e-06 9.954838358723708e-08 8.187920269293948e-08 7.167929415455777e-05 1.784060396621511e-07
1.4271934066616506e-06 7.044475178515452e-07 1.1734534411189461e-06 0.0027119809447479644 4.853277168760918e-05 0.0010239567644221477 2.0769637036040696e-05 0.00039645908738263573 7.067074435261408e-05 0.0011368262546713646 4.592623699478966e-05 0.0 4.284100963485489e-06 0.0002174715113734732 0.0009981531777202592 3.227825164661999e-07 1.1852018981200714e-06 7.793036425635977e-06 7.602158589905424e-06 0.0017129031870243968 1.4615590535521634e-07 1.4904504588249961e-06 4.519204713204265e-07 0.00019549256010991734 6.92608681397574e-07 2.3633464811702676e-05 5.9864388159870965e-06 0.0005408051378009233 0.0002043693548937805 1.7333038480872024e-06 1.8310576437191368e-06 4.6600980760759364e-05 4.1132641207271934e-07 9.493987247364733e-05 4.185004990026447e-06 0.0004226085054257433 1.1264028091560674e-05 0.00020409907471052345 3.0524836440624054e-05 0.0012353302028711517 3.327714045476095e-05 1.0079512170367776e-06 2.5727636518663306e-06 0.0 9.352377054951702e-08 0.0 2.5555070743085406e-05 7.949816333741429e-08 1.8779461722031785e-06 1.5294473293219347e-05 5.233317485903372e-07 6.960031185854816e-06 1.3920959776807803e-05 1.4021686794450337e-07 2.4487877788467297e-05 1.8293850874712675e-06 0.0 1.143627749417802e-05 0.0 0.0 1.7149829196617617e-07 0.0 1.5738912951193153e-05 0.0 0.0 9.114945825971179e-08 5.6636631718980774e-05 0.0 4.104258101224714e-07 2.0211646919175965e-06 2.4688506023011916e-05 2.5006548325867586e-07 3.700124114815273e-07 5.293931895348605e-07 0.0 0.0 5.385222536511105e-08 1.2902260661907608e-06 5.487337623048643e-05 3.3740283218841776e-07 2.924254357226491e-07 0.0 6.532552994108827e-05 1.647114434030374e-07 5.435191300346632e-08 0.0
2.1762767065634266e-07 0.00021990042424265092 3.093362194509454e-05 5.58332684352471e-07 5.439605845337175e-06 1.1727213419077017e-05 1.1193746538218927e-06 1.5241075619189503e-05 2.861901676990948e-05 2.3427874519964107e-06 0.0012624565620550528 4.284100963485489e-06 0.0 5.3055364726372394e-06 4.5567739221352163e-07 2.579097982599842e-05 3.3183730377605515e-06 1.982033351907216e-05 4.168720815374492e-06 1.5539965696687092e-06 7.046753645077281e-06 6.540838047394661e-05 1.2760629216839112e-05 4.6351474525741255e-05 0.002718201325634043 0.0003083677589603532 0.0037737080954205944 1.3457203674433207e-05 7.328974087911941e-06 2.861156331358171e-06 0.0012786441826113182 3.2097667648912225e-05 1.1560792809486494e-07 0.00033386137215845083 5.941882293644106e-05 0.0013743876401097102 0.0025255589650595785 0.0012503605223335413 0.000216494296136806 6.0175108367956704e-05 9.916645712352675e-05 0.0008791869324937145 6.227634205790405e-06 0.0 6.1667417001321344e-06 2.453839985559522e-06 1.230938743550364e-07 2.1183557304646524e-07 1.7226123267955162e-07 5.49926937934165e-07 4.231877290639752e-07 3.382559600306502e-07 5.396544863388555e-08 0.0006919731256315437 5.497489313984388e-08 0.0014120903515533647 7.193651707333551e-07 0.0 9.354778583222769e-07 6.574273713777262e-07 9.333642826549529e-06 3.1381149822002276e-06 1.3828693091405293e-07 9.901123038121116e-07 1.5106213046802053e-06 3.689253920264701e-07 5.999372480250049e-07 8.07261261877876e-05 0.0001153361772955476 0.00035403540314251443 2.0875364652604414e-06 2.217230215071175e-06 3.5556638745035722e-06 0.00019949058814174839 1.332406870996678e-07 0.0 2.4910301619471824e-05 2.238257454002549e-05 0.00029148160205803744 0.00034704418861359807 0.00014233183116101996 2.7928525827779875e-05 2.8417237523308147e-05 6.3485688031698895e-06 0.0002108613329379531 5.144059452863944e-07
0.002927890824139853 5.286947115484564e-08 0.0001562811516571092 4.027707850488438e-05 5.915297309438476e-06 0.0008303207771264311 0.0034680188175141304 0.003901854634116942 3.3087935252207864e-06 0.0009990018231805563 7.101485412915931e-05 0.0002174715113734732 5.3055364726372394e-06 0.0 4.357753413558989e-06 1.5656433001016877e-07 0.0003377011978368644 2.2054492929260712e-05 6.198018298958637e-05 0.00014480601354115828 2.6107897422445085e-05 0.0 0.00010371556999054747 3.743427101029926e-05 3.2129534344747e-07 0.00014812911736010622 1.816525104237738e-05 0.00015662310243448027 0.0029996288724799974 0.0009384963920354423 4.2148630284854694e-07 9.203523274848063e-05 1.2321624438173404e-05 0.00026913674994077957 5.332129717371854e-06 0.00013300567043852466 2.0863646228062514e-05 0.00026115214831347935 7.950115954855229e-05 0.0001590504497479294 1.981252743457513e-05 2.3256057782212164e-06 9.115334106733981e-07 7.177368831936979e-08 0.0 1.906113216954665e-07 6.626411507551479e-07 0.0 0.0 4.37115703217172e-06 0.0 2.5041702885757616e-06 1.4857128950116388e-07 1.6066330980090724e-07 5.4926209527636035e-08 0.0 0.0 0.0 1.1705420448597504e-07 0.0 0.0 0.0 2.660449611530913e-07 6.866283071510017e-08 0.0 0.0 8.22089276395275e-06 0.0 1.9682194622068742e-07 6.732139312165323e-07 1.3853685807362544e-05 4.966701177193929e-08 7.83053866308038e-07 4.7280848050595776e-08 0.0 0.0 1.3279165332593261e-07 9.387442162817894e-07 3.516673810138882e-06 2.6377354647082854e-07 2.139838319944307e-07 4.136602551215452e-07 7.13999092126627e-07 0.0 1.4697651762184717e-07 6.80567408987512e-08
2.992937698226464e-07 9.3084724545136e-06 2.875348760397621e-07 3.952008626989056e-05 0.0007397846527370381 0.0011656562573248038 2.810790113332993e-05 6.191494746209186e-05 0.0002745469442128378 5.582146284947376e-05 6.574567755785859e-08 0.0009981531777202592 4.5567739221352163e-07 4.357753413558989e-06 0.0 2.916475151075277e-07 0.0 8.840524283264124e-08 5.2524826568027904e-08 0.00012029047544318354 5.375074668121472e-08 2.157311549192621e-05 2.2981032684091537e-07 0.00036036638643854646 2.1606944760035294e-06 5.41532713859684e-07 1.2123885606571464e-06 4.842949387263756e-05 2.099371674911382e-05 2.089909730452978e-07 1.3726394252546036e-07 0.0002228824354295892 0.0 4.826252541748204e-06 2.3300158869384325e-07 0.0001730802414256986 1.1596614135274203e-06 1.427717421147577e-06 1.0363127654483092e-07 0.0008749309521266007 5.0246254860537256e-05 0.0 0.0 0.0 9.805377831483066e-08 1.0724077896405325e-07 4.079282702974132e-06 9.144571413110351e-08 5.111359673620379e-07 3.6928615507304383e-06 0.0 1.555248872359208e-06 3.7683065330295e-06 0.0 5.420161484114916e-06 0.0 0.0 2.1882922673932023e-06 0.0 0.0 0.0 0.0 3.5364814713748127e-06 0.0 0.0 0.0 1.4714736154212823e-05 0.0 0.0 0.0 9.822092081037389e-06 0.0 7.134839074486909e-07 5.82787585509177e-08 0.0 0.0 0.0 3.2027261576472803e-07 2.3578006223732562e-05 0.0 6.059694642710572e-08 1.0689923720424484e-07 1.775706638368916e-05 0.0 0.0 0.0
0.0 0.0004956624284775451 1.5572333439249734e-06 0.0 0.0 0.0 6.418599412171859e-07 1.5101446660033661e-07 4.6820948997256386e-06 1.659078268255062e-07 4.9712092301075255e-06 3.227825164661999e-07 2.579097982599842e-05 1.5656433001016877e-07 2.916475151075277e-07 0.0 6.7687487004531314e-06 4.527462891563374e-07 5.621994393382824e-07 0.0 0.0017246411107270396 0.0015882231814409817 0.0014631857084150197 0.0010084049512429749 5.7304805979589444e-05 7.7602918819157e-06 0.0034892112399160825 0.0008833618412863964 0.0 4.2826353666539136e-05 1.4540569178860537e-06 0.0 1.0394567925297402e-07 4.361368195057993e-05 2.7601941702873465e-05 0.0009877881695431886 0.00044726050156035114 0.00023160403595252145 0.00031957535280435176 1.4729280497685841e-05 1.856823249950752e-06 3.792838556105466e-06 2.850151988688911e-06 2.6455339032583175e-07 3.1790720251954916e-06 3.4850260790111355e-05 7.461589495535103e-08 0.0 0.0 9.156768113219932e-06 4.7014758410443295e-07 8.657748886200916e-06 1.131393471337869e-06 4.805839598456675e-07 9.879331106191143e-08 9.152516359800713e-07 1.8835444670671008e-07 6.91916191098002e-08 0.0020109574598740692 2.090394109101874e-06 0.0 3.4909700681234643e-07 0.0 0.0004507073860554375 0.00021456754486346864 0.0008403430876124161 0.00018327091922895616 2.5829856120039433e-07 2.9809117433535935e-06 0.0006193830662980725 0.00017489644127203499 1.2536529373855218e-06 8.841622778905247e-05 8.840985305233122e-07 0.0 8.530692902626729e-08 1.7056063302988588e-06 3.126101306145536e-06 0.00019128306765614606 5.284007498885503e-06 8.21637889003311e-06 5.862403383220064e-06 1.3238646916507038e-05 0.0 2.131517119151205e-06 0.0
0.00028210970422085834 5.251673784847171e-07 0.0022916772874185393 1.1268492059542316e-06 1.1154665406308904e-06 1.3544020043322168e-05 9.246527867830731e-05 0.00033216025960635173 4.5165432056398445e-07 2.6544627196380747e-05 0.0003346373272736994 1.1852018981200714e-06 3.3183730377605515e-06 0.0003377011978368644 0.0 6.7687487004531314e-06 0.0 8.494835798807498e-05 0.0013203670136552337 1.5895325806830239e-06 0.0007237923923321927 3.216014163899917e-07 0.0016909921060842355 1.0314351419042542e-05 4.65784278498207e-07 0.0016550817059157973 0.0017726253551337708 5.879622036196931e-05 0.0005845486404073663 0.0007758256071854654 5.528968733414959e-07 8.739482709054259e-06 6.318126809248626e-05 0.0018630690040123755 2.2716245735514454e-05 0.0006037106930105161 0.0007934856080497899 0.001025796755275781 0.00032979907070628683 9.443182535347754e-06 5.6685676344683765e-06 3.7315751173081233e-06 3.388046445556207e-06 0.0 1.597613273918108e-06 2.4784156362637396e-06 0.0 0.0 0.0 4.847471202881946e-07 1.0497385184151467e-07 1.469166022887296e-07 0.0 2.2224450629151975e-07 0.0 3.03662614359732e-07 6.298246479462224e-08 0.0 3.2344340579758084e-07 3.5136459638417766e-07 8.085836405914806e-08 1.932830352528598e-07 0.0 0.0 1.6373978842382313e-07 3.1460062662240195e-07 1.8615800974493239e-06 0.0 1.1430502462116692e-05 4.2911172742263124e-05 2.422701201829082e-06 3.889485116894252e-08 8.502393838142024e-07 4.5172254429339134e-07 0.0 0.0 3.020514009163591e-07 3.073683950222103e-06 4.652147635757701e-06 2.209785708219657e-06 1.5788986112763333e-07 3.71980373101374e-07 0.0 0.0 0.0 0.0
5.268683174793754e-06 4.887099304214356e-07 5.1077846595934895e-05 7.449316147905437e-07 1.782254414538375e-06 1.134925544974223e-05 6.4896749793726656e-06 2.2117703635616774e-05 2.8348644754085e-07 1.2138309275289636e-05 0.0021472762735397044 7.793036425635977e-06 1.982033351907216e-05 2.2054492929260712e-05 8.840524283264124e-08 4.527462891563374e-07 8.494835798807498e-05 0.0 0.0006620204739079483 3.577788950045872e-06 1.0459679989339273e-05 7.041879146584337e-08 1.4304665083549614e-05 9.413202550658628e-07 5.005419415107594e-06 0.0019862430697946184 0.0001528900437042841 2.8934121499074235e-06 5.244875808845463e-05 6.1617848463705205e-06 3.254717789464346e-06 3.078321853881718e-05 2.452662646485749e-06 0.0006590415784465479 4.582055799345629e-06 0.0003984432617693745 0.0005640342865082214 0.0010557266300309917 0.0003160080244158571 8.645299429632206e-06 9.808978897290004e-06 1.4838565501141856e-05 1.3733308214443763e-06 0.0 4.922115433571556e-07 3.766579574736174e-07 0.0 0.0 0.0 8.370487875246455e-08 0.0 6.223517070615186e-08 5.615278354238266e-08 4.707173298156557e-06 0.0 2.5156535590047055e-05 0.0 0.0 0.0 6.70908342698503e-08 3.1436159910431957e-06 6.475148391677624e-07 0.0 0.0 0.0 6.198856006690883e-08 2.0982968513614952e-07 1.110688332348031e-06 1.722534778771776e-05 6.110864168117315e-05 3.3356517368508486e-07 0.0 0.0 1.7964246203272978e-05 0.0 0.0 0.0 1.10478337902189e-06 5.769629860000705e-06 1.381269776174038e-06 4.861342335466743e-07 1.3021087055015058e-07 0.0 8.595989033546882e-08 1.1080610670012393e-07 0.0
2.591502234056208e-05 9.66277173118114e-07 0.0001882335012622577 7.217332089872794e-07 4.690257928996996e-06 1.3286113814509932e-05 1.833447245338616e-05 6.300326325775891e-05 4.550054677590856e-07 1.828069013779075e-05 0.0012466921057728716 7.602158589905424e-06 4.168720815374492e-06 6.198018298958637e-05 5.2524826568027904e-08 5.621994393382824e-07 0.0013203670136552337 0.0006620204739079483 0.0 4.799823105765122e-06 6.782152618236508e-05 1.2565374937637007e-07 0.00013225942059665437 1.27253154981642e-06 7.383709477852371e-07 0.004804263891709866 0.0008004334307311162 5.643093822191627e-06 0.00013234708979848877 3.9481340576659116e-05 2.22670577008453e-06 4.351665839203565e-05 6.923048988200581e-06 0.002078501345339253 6.7907125913978705e-06 0.0006046597541607952 0.0005630043635747905 0.001591969883600708 0.00046832949766661925 1.0639421654991336e-05 1.1493757800459612e-05 4.69394518159384e-06 1.9204088555939047e-06 0.0 2.7581513429223147e-06 1.7158664988021227e-07 0.0 0.0 0.0 4.1520596728841054e-07 0.0 1.2377642364135274e-07 0.0 9.081656167686535e-07 0.0 2.402200451952283e-06 4.118425028103331e-08 0.0 0.0 4.862864729418508e-07 1.7613000065643918e-07 9.337368817471462e-07 0.0 0.0 0.0 1.5520144957419967e-07 5.440857421470385e-07 2.3231710334604587e-07 3.136148530964768e-05 9.1438262042413e-05 3.8895854245387537e-07 0.0 2.051504211344094e-07 2.2460739581858705e-06 0.0 0.0 0.0 1.8049222497446495e-06 3.656606628374443e-06 3.961850893843632e-06 3.8198431903985283e-07 5.287504641356964e-07 0.0 0.0 2.2568797754867988e-07 0.0
2.3427111421117664e-06 2.0951105130026646e-07 2.057928836907895e-06 0.0018450857638321958 3.5560200884467463e-06 0.00014355044321481405 7.619938819952657e-05 0.00012535117832031148 0.0002057743275202095 0.0017221995023035178 1.0046614162789595e-05 0.0017129031870243968 1.5539965696687092e-06 0.00014480601354115828 0.00012029047544318354 0.0 1.5895325806830239e-06 3.577788950045872e-06 4.799823105765122e-06 0.0 2.505157949184658e-07 1.311185201060987e-07 1.4992787367714663e-06 0.00036022337573131207 0.0 4.064895855751965e-06 1.8806703688400127e-06 0.0008226647035579802 0.0001880854947471063 1.6842797155736178e-06 5.3536895227958286e-08 1.5925388383987623e-05 2.2569523756554035e-06 8.653827244940587e-05 9.989580516148946e-06 0.0004339849018247475 4.456832676200392e-06 0.00018522162883146054 4.647698669047139e-05 0.0004452226376714367 3.8197037097767275e-05 3.58550897596899e-07 9.327794886601217e-06 0.0 9.732578500704068e-08 5.1176524290362844e-08 4.068477123727563e-05 6.87309753779786e-07 3.990504274674827e-06 3.3451581483248666e-05 1.5215432984915926e-06 1.9835931366339902e-05 2.2826381046060876e-05 0.0 2.5834697530258675e-05 1.5726808194771529e-07 2.60897589111855e-07 9.259461489782406e-06 9.930432872010367e-08 0.0 0.0 0.0 2.0115493677964597e-05 0.0 7.759966059436522e-08 0.0 0.0001168225357409841 0.0 1.5893278282913412e-07 1.2366345680456248e-07 5.883112372963532e-05 3.673811714389798e-07 6.996168863233745e-07 0.0 0.0 1.0196453702913743e-07 2.4008462047264496e-07 9.053856632707126e-07 4.1207902785142e-05 6.851777227025561e-07 3.3404454336255557e-07 8.673936706534795e-07 5.964697917441079e-05 0.0 6.196854982440536e-08 0.0
2.539268581732418e-05 5.1288948901722425e-06 0.0009100149679495883 1.2404064261018019e-07 8.203937865802819e-08 2.4773368525492427e-06 5.711212535862783e-05 2.518426624312163e-05 1.7450942146222859e-06 4.911047034192633e-06 1.69916371004795e-05 1.4615590535521634e-07 7.046753645077281e-06 2.6107897422445085e-05 5.375074668121472e-08 0.0017246411107270396 0.0007237923923321927 1.0459679989339273e-05 6.782152618236508e-05 2.505157949184658e-07 0.0 6.168443250289687e-05 0.0057063994658781815 0.0004417787702268609 6.728436818960877e-07 0.00038319770038975856 0.000475804903084933 0.001980763452259892 8.455493925360041e-05 0.00417796012844767 2.4301195397966083e-07 6.300936322760906e-07 1.8809119773460165e-05 0.0019901289760227985 0.00019361477715667218 0.00447354069723551 0.0004156601913993659 0.003240297161037971 0.0025350582860866593 8.131843590490619e-05 8.238764795368182e-06 6.348465683321296e-06 1.497122776316241e-05 5.775219256674773e-07 2.4927328365589875e-07 9.770065053058764e-07 2.0688570064562367e-07 0.0 0.0 1.3063598738284108e-05 1.0105747213811337e-06 4.532805245937693e-06 2.3839558419592183e-07 5.73752119067174e-08 0.0 6.531518381658387e-08 6.060226739077871e-07 9.511607640791864e-08 0.0004569042486111693 1.7031628967677013e-06 0.0 5.745716372240056e-07 0.0 0.00031298525144605793 1.3272145938685215e-05 4.68472114105404e-05 0.0001676989975510913 0.0 1.0548000455757924e-06 5.061462052565012e-06 0.00018952736723515325 5.546935631842958e-06 0.0001306431207735877 4.9956134560302796e-08 0.0 1.1344628083300236e-06 1.1210945260447208e-06 2.0549089844505122e-05 6.573440097417322e-05 1.051414057821766e-06 2.828877408287139e-06 4.050919709995756e-06 1.1482061873550459e-05 2.561866557600613e-07 2.0707177153986755e-06 4.658545152186901e-07
0.0 0.0015302073329146496 0.0 0.0 2.3754153747241252e-07 0.0 2.195202660612482e-06 0.0 0.0014417815018418119 0.0 1.521823349998514e-05 1.4904504588249961e-06 6.540838047394661e-05 0.0 2.157311549192621e-05 0.0015882231814409817 3.216014163899917e-07 7.041879146584337e-08 1.2565374937637007e-07 1.311185201060987e-07 6.168443250289687e-05 0.0 6.519494961188296e-05 0.0031737256111182143 0.0003669099318649137 1.3070050631115564e-05 0.0010417361137024434 0.00016015431192069107 1.8445629162442866e-07 1.388252290888885e-06 7.484038662640685e-06 0.0 0.0 1.3711703435123613e-06 2.625921814149033e-07 4.481749013891137e-06 6.147833764703839e-06 1.823568086041854e-06 8.30046677132337e-07 3.842393093390025e-05 0.0 5.2186180993788135e-06 0.0 0.0 2.8694731309236506e-05 1.6679605276985346e-05 1.4599833644863405e-07 0.0 0.0 3.4922832263976895e-06 6.026763647294555e-08 4.387256215935471e-05 1.6233969115920815e-07 8.088210837872876e-07 2.7058933765725513e-07 7.466677533489055e-07 1.1136518825989545e-07 1.6016510946806048e-07 0.0003927231832361299 4.3953039585153537e-07 1.6789123419853699e-07 8.875636660092737e-08 0.0 8.467242480660094e-05 8.605208957498565e-05 0.00011019236469265939 9.615705015804213e-05 7.892553951907777e-06 1.0777362710445042e-06 0.0003083397984459218 4.841559331448257e-05 6.871542406029437e-07 1.2405593129877387e-05 9.486723993905247e-07 0.0 0.0 5.243285638210717e-07 0.0 1.5050488128573104e-05 7.06095495093725e-07 2.452072784540136e-06 8.658036684090697e-07 1.9168217396869062e-06 6.629850645108105e-08 0.0 0.0
6.828215689171579e-05 1.540554734997367e-05 0.0055890070542653734 4.378403312825554e-06 4.4984727856198073e-07 2.0219813611150834e-05 0.000925231607100807 0.0001467892233034281 4.4431336821327486e-06 6.112610740893114e-05 3.3781448621371965e-05 4.519204713204265e-07 1.2760629216839112e-05 0.00010371556999054747 2.2981032684091537e-07 0.0014631857084150197 0.0016909921060842355 1.4304665083549614e-05 0.00013225942059665437 1.4992787367714663e-06 0.0057063994658781815 6.519494961188296e-05 0.0 0.0007243962616356082 2.2563176808512127e-06 0.0008536735909573419 0.004106888457072685 0.002060656006249602 9.346443996893781e-05 0.0014152882336253526 3.4729863221141006e-07 2.127797214215034e-06 1.669690292212541e-05 0.0014868335040179128 0.0002566771434223089 0.006309011335189862 0.004742717402433548 0.005459529717184746 0.004429242883749163 0.00010976110239908478 1.8039635826180505e-05 1.850549613248817e-05 2.5459174053526533e-05 1.0542712956458898e-07 2.835295537574007e-07 2.486120785285292e-05 1.7506798759371178e-07 0.0 1.1446868199235106e-07 1.0174848949236797e-05 1.0330380435322443e-07 6.093068692761231e-06 1.6690074001621392e-06 5.723052015961034e-08 0.0 2.6974773643271433e-07 4.5056481799254657e-07 0.0 0.0006583427557300799 2.3136346698759084e-07 0.0 1.4637512051080978e-07 0.0 7.392060296112268e-05 8.375637853918809e-05 0.0003331946024356539 4.243509747213714e-05 0.0 1.4575691171888563e-06 0.00033102831638757833 7.336826156647159e-05 2.2558374307572624e-06 2.8589697037745638e-05 0.0 0.0 0.0 6.417127364366332e-07 2.894047887535017e-05 8.836225853667749e-05 2.454312111033438e-06 8.5796564830011e-06 9.86843351615692e-06 5.581659103924279e-06 1.0171772124430699e-07 1.04665234238936e-06 8.876940189345953e-08
7.81908069650487e-06 0.0004814087329776746 3.917971196797677e-05 0.0009079110265601282 3.0224104519030332e-06 2.0397196995785977e-05 0.0005126787854588984 2.7837909666843928e-05 0.0047014034707627255 0.00014885031908388904 1.0554529231172122e-05 0.00019549256010991734 4.6351474525741255e-05 3.743427101029926e-05 0.00036036638643854646 0.0010084049512429749 1.0314351419042542e-05 9.413202550658628e-07 1.27253154981642e-06 0.00036022337573131207 0.0004417787702268609 0.0031737256111182143 0.0007243962616356082 0.0 0.00014242481880922002 1.885888824254667e-05 0.001336933014353358 0.005869827975349998 0.00015904291477187384 0.00021094452064040591 4.530417701757501e-06 4.797897775962655e-06 4.011724668006623e-05 0.00013723641846681385 5.246496330342478e-05 0.0013325172613801188 7.038854531330234e-05 0.000245766466548453 0.00015536154854558514 0.0004716255446246267 2.8503855050562656e-05 2.178380111283482e-06 1.4545513409757722e-05 4.968406911466693e-06 4.5396870085259315e-06 1.3087437561598679e-05 0.00012356946355406232 1.9570544264346905e-06 1.1925430128777048e-05 0.0004121982329860204 1.0260206604783412e-05 0.0005255502896985333 8.307272910837297e-05 7.336026035860385e-07 5.79190042351142e-05 8.321095485034172e-07 4.527929076362989e-06 1.9587519155643873e-05 0.00039266532900927663 1.8383762510141268e-06 0.0 3.518893331535267e-07 7.085119893764712e-05 0.00021852720567430763 2.5341309075214383e-05 6.943855054545549e-05 0.00172915205035959 4.381167717997517e-07 3.342215741745817e-06 6.96394403064331e-05 0.0018819477549934741 3.0642104351251824e-05 0.00029099762492179447 4.344589875117635e-07 2.5944538486804254e-07 2.400331494447684e-06 9.139907671791395e-06 1.2360862228656464e-05 0.00023899093628620947 1.733622520387883e-06 1.4382598601491995e-05 8.066361931029863e-06 0.00015676517578451334 3.4682138579076884e-06 1.2732368147026734e-06 8.360358213527704e-07
