0.0 0.0 1.8713490991200475e-05 7.258587538954371e-08 2.1198732347617163e-07 1.0056449095317051e-05 0.00025908165831423156 0.000624789300585957 0.0 5.631295393703008e-06 9.218406083499882e-06 1.2784040497678437e-06 6.9727928030109e-07 0.0028250303714602507 0.0 6.641685408293962e-08 0.0001948738489738983 1.082087266384485e-05 6.33868299080749e-05 1.7645658287223778e-06 4.1175900197637845e-05 0.0 0.00010936123037847191 1.1732749647867755e-06 8.344919297164852e-08 4.4297258148225716e-05 1.147507467833495e-05 3.675476659755025e-06 0.0012523583266364597 0.0015760711913970224 4.807448287092693e-07 5.616592839672944e-06 1.0520590663645821e-05 8.32680884502644e-05 0.0 1.479510698171947e-05 3.2174909507139587e-06 2.622922853237756e-05 7.407248155140321e-06 7.962433343457218e-07 6.911390144702825e-07 0.0 1.7571836935339025e-07 0.0 6.078613577946478e-08 2.7788353969728263e-07 0.0 0.0 0.0 3.962301779572393e-07 0.0 0.0 0.0 0.0 0.0 0.0 0.0 0.0 1.1248822902122108e-07 0.0 0.0 0.0 2.929365722809973e-07 0.0 0.0 0.0 1.1141216099129298e-06 0.0 4.6689858744163667e-07 7.91922036370955e-07 2.059899666536388e-07 0.0 0.0 0.0 0.0 0.0 0.0 0.0 1.3789720258648326e-07 5.215214497015779e-08 3.989876271203662e-07 0.0 0.0 0.0 0.0 0.0
0.0 0.0 1.3720464775146166e-05 6.5433296065807e-08 2.802264286834554e-07 3.3573148115298185e-07 4.7281746009237997e-07 1.2090453996902412e-07 0.00037304966592433464 0.0 3.9871876209843395e-05 1.3616444078539342e-06 0.000269117306990989 5.932854659703885e-08 3.5430525082967712e-06 4.645250429845536e-05 7.121163034377387e-05 1.8831222653458704e-06 2.670753299128581e-05 5.214752606500031e-08 5.00911975523333e-06 0.0015158974493122202 3.967522444956408e-06 0.0004446237006901514 0.000731468402213273 0.0002979412952851114 0.003745449008336984 1.1780141289498419e-05 4.7227504680122336e-07 2.7074468890096117e-07 1.0474220101917156e-05 1.246733556874968e-07 0.0 1.048330714240136e-05 0.0 1.1920966588497843e-05 6.814960294117076e-05 4.5715967123777464e-05 5.367368543757471e-06 5.8803456061017175e-06 7.200451443151403e-07 0.00017712388803009816 0.0 5.535971202326411e-08 1.56837762085495e-05 5.311258994453141e-05 0.0 0.0 0.0 9.313247787434507e-07 2.3431629364562648e-07 8.828443325655987e-07 1.0280368746205421e-07 2.321661213441044e-06 0.0 7.875171246345617e-06 6.208224522571827e-08 0.0 2.9198067352501762e-06 2.3616437094190573e-06 2.4433184157905104e-06 1.0751681704421546e-06 2.2059580486209772e-07 6.421639360658171e-07 6.660935710704465e-06 1.838250594164638e-06 4.18871465922743e-06 1.1604716764388e-05 0.00010686365719036011 0.0010646313299450074 2.6060592536643553e-06 2.49595507853606e-07 2.740044822496261e-07 1.5570757061811279e-06 0.0 0.0 7.087504201643075e-07 8.547201705450962e-08 4.313208518554071e-06 6.920543458412601e-06 2.393245898752943e-06 5.441957833076957e-07 0.0 0.0 6.401083206509069e-07 0.0
1.8713490991200475e-05 1.3720464775146166e-05 0.0 3.8886722094265e-06 5.394287506474859e-07 7.171341610078373e-05 0.0008491346649219801 0.0002133055808083559 5.729075473905735e-06 2.0202686613841715e-05 2.9998148922601576e-05 8.678544388026979e-07 2.829577452638395e-06 9.918458033848604e-05 4.359043899279065e-07 8.21079657538195e-06 0.0029489655365373462 4.765827176411929e-05 0.0002225721394453886 1.4308339448033136e-06 0.0002813379974654252 2.487753456946439e-05 0.006647876458387387 0.00010741514695268884 2.451293974846706e-06 0.007118011283968836 0.002436899981735007 0.0004461236070328304 4.5860385608451716e-05 0.0005078450779254622 3.1208389378198016e-06 2.5046039432950992e-06 2.006120893687356e-06 0.0005782212087979305 2.3144408362808792e-05 0.0011533926578151418 0.0007041897260099436 0.0009107304827506843 0.00038842191156864014 5.078403937560432e-05 2.4224097858351212e-06 2.988092418208305e-06 3.3634637197167397e-06 5.176469822133884e-07 5.3189484902814396e-05 0.00044498246630397646 4.6444977376923835e-07 0.0 5.900037896798313e-07 1.1291722929336092e-05 2.9687968612785165e-06 4.1006887928604995e-06 7.708870832878524e-08 4.77719946178054e-07 5.426535651969323e-07 1.9783374927387536e-07 8.807170993101557e-06 0.0 8.00763989146501e-06 3.8726114020340995e-05 5.428969157506633e-07 4.7851924874933026e-06 6.203008095663895e-07 1.817270067249559e-06 5.614282833404502e-05 6.226866556110565e-05 1.7646511920442296e-05 9.606951643804662e-07 9.988102911317517e-05 0.0011121988001950274 1.8838421529346572e-05 1.587931551565262e-06 1.632880516009882e-06 0.0 0.0 9.007266988668337e-08 6.483699363188419e-06 3.30340472448904e-06 4.301661788261078e-05 0.0002918492805596424 2.1457092544342125e-05 7.068363839099555e-06 2.565570993774246e-06 2.440567541434187e-07 9.72532603684655e-08 1.9214196383399438e-07
7.258587538954371e-08 6.5433296065807e-08 3.8886722094265e-06 0.0 1.6747218959509052e-06 2.217518391245115e-05 5.632661404510355e-05 7.447133025575038e-06 0.0005042963832859898 0.0014623431807301848 5.89938273177311e-07 0.0010072240697534308 4.354618764842875e-07 7.016779852544555e-06 8.02566922082521e-05 4.892084824011619e-07 5.161898065408244e-07 2.0532666788945295e-07 5.715965842565704e-08 0.003912824470660385 3.0808902090571115e-07 8.284386994414115e-07 1.0739514176734993e-06 0.0009122274070545887 2.164126191812074e-07 1.1442179451933088e-06 2.3623514687635953e-06 0.0018455629818549008 3.529903887938882e-05 2.5764634886122074e-06 8.571976735317136e-08 6.689681373912311e-07 5.4467523765482795e-06 1.7613286605658066e-05 8.937274986210744e-07 0.0001240628012971053 1.8771699397472985e-06 2.138369026816203e-05 1.1551587268183737e-05 0.00015444458317947476 6.190907362225339e-06 1.9628063517825073e-07 3.718594648017214e-06 3.400690548759131e-07 2.737064450166581e-07 0.0 0.00030430956992448033 7.06971112039122e-08 1.538367939874212e-05 2.442598802772271e-05 1.0591361363064755e-05 0.0001264992056253849 6.622981845728305e-05 2.1856992080625853e-07 0.00011099617473047275 1.422445020613664e-07 2.7499714203232913e-06 3.367814120515587e-06 0.0 0.0 0.0 1.0953830755777187e-07 0.00023548148861530634 0.0 1.0422497709476277e-06 7.08450484921073e-08 0.00016554517752119017 0.0 2.2202350141660666e-07 2.077006941682271e-07 0.00019048949772937268 1.625650949420056e-06 3.7826552319348506e-07 0.0 0.0 0.0 1.1699084114619634e-06 1.6607010914950698e-07 2.1979458157886393e-05 3.059859180182598e-07 3.914358540596536e-06 1.4554745756941702e-07 7.248842918960877e-05 5.480192526246164e-07 7.258066681932313e-07 0.0
2.1198732347617163e-07 2.802264286834554e-07 5.394287506474859e-07 1.6747218959509052e-06 0.0 0.0003058700477623748 2.0153407204584184e-06 3.164164537805377e-05 2.123417510490076e-05 3.681497690017152e-06 7.154509534842804e-05 4.1964045627764527e-05 2.376132654178694e-05 4.847482062428681e-06 0.0006202959997023782 0.0 4.986497188926824e-07 8.961962203122647e-06 1.6403502573977e-06 5.579386371856156e-06 0.0 0.0 7.542856216752483e-07 6.210542625776877e-06 1.0485292655489383e-06 1.3245101673912126e-05 4.433303215998949e-06 1.1173406353243094e-06 6.308638038676062e-05 5.515193903103163e-07 3.2201429300517084e-06 0.0002864460555295792 0.0 0.00022818441631722888 1.980324035466331e-07 3.0935926481389065e-05 4.7012539180053856e-06 0.0001119426713638587 4.745894665844767e-05 0.00098872888153499 0.00010100871282518923 9.361263990225498e-06 2.603920014150072e-06 0.0 0.0 0.0 7.158119528866497e-08 0.0 0.0 3.9031099103900094e-07 0.0 0.0 0.0 0.0 1.454462551658144e-07 0.0 0.0 0.0 0.0 0.0 0.0 0.0 0.0 0.0 0.0 0.0 0.0 0.0 0.0 7.962429291060568e-08 2.6415078207615114e-07 0.0 0.0 0.0 0.0 0.0 0.0 0.0 6.057282506316171e-07 9.256471188004523e-08 1.0800473180312227e-07 5.789587551889121e-07 2.345244172942219e-07 7.864553987806839e-08 2.886966406417577e-07 0.0
1.0056449095317051e-05 3.3573148115298185e-07 7.171341610078373e-05 2.217518391245115e-05 0.0003058700477623748 0.0 0.0016338516253415676 0.0019809071242339682 3.689502760858682e-05 0.004026913492713109 0.00013166684428280207 0.002572957218872982 4.389832753998021e-05 0.0002863714106025078 0.0013146161017537359 1.7791648026671284e-07 5.5844522361017765e-05 4.142304187180933e-05 3.3577983095898905e-05 0.0003269764859865602 1.9556687096755123e-05 4.997254565282309e-07 6.431924313161194e-05 7.3066894735045e-05 3.3495352974991518e-06 0.00010448460654760356 2.989845116146857e-05 0.00033426603357124886 0.0003064914789342295 6.75332869483343e-05 6.946392303093463e-06 0.0003382175335138854 3.68160591381821e-06 0.00028371085264705464 2.0183160934538674e-06 0.00038018419446333843 2.2289653498786284e-05 0.00033879941858739487 0.00019024943275960043 0.0016946658426005648 0.00014769934781833587 2.169238209133913e-05 6.413931272185948e-06 4.171725668577545e-07 0.0 7.417625292637391e-07 1.6979512259532777e-05 0.0 5.189044036769622e-06 8.18073710037066e-06 8.407960695055656e-07 1.4096945395426037e-05 5.583633994778828e-06 2.2487027367202337e-06 2.8743573039547917e-05 1.7057935066458825e-06 1.2900518989354478e-07 1.8202550626194947e-06 6.857986958726263e-07 0.0 0.0 0.0 3.196389646251925e-05 6.266423554575778e-08 1.3095377241579944e-07 4.942822938928204e-07 4.065210390613297e-05 2.600526719142491e-07 2.4962303107001433e-07 3.0782445398798545e-06 2.9229752111484875e-05 1.2945675506804084e-07 1.6678925407458254e-06 1.1986532765957772e-07 7.317332403976035e-08 0.0 9.063731264099622e-07 3.901254491639642e-07 2.11196193720561e-05 1.3560333147285055e-06 1.134534561461755e-06 3.072915212374328e-06 4.495289769253484e-05 2.6755653613587126e-07 4.5877905252172283e-07 0.0
0.00025908165831423156 4.7281746009237997e-07 0.0008491346649219801 5.632661404510355e-05 2.0153407204584184e-06 0.0016338516253415676 0.0 0.0019318929862792659 2.8182280980456664e-05 0.0037979403984436176 1.5623033664979674e-05 4.027790791543483e-05 4.761499902392638e-06 0.0015955766637260438 3.465409217081594e-06 2.626448883256969e-06 0.00012629696373693024 1.1449347558552134e-05 2.3475942210246308e-05 0.00015606204292858072 0.0004741008417340297 1.0986192120271842e-06 0.000563600398704063 0.00030016881023550354 8.821739048913934e-07 0.00018853350669000037 0.00015899786588907108 0.0055388895479080245 0.0012627408484950614 0.002124585902184581 1.702854348844139e-06 1.0383719982751118e-05 0.00016517132282499163 0.0003919486153690923 2.2838293574442073e-05 0.0014541189872416213 8.01890584814826e-05 0.0004813752153303649 0.0002773022052493702 0.00018451265643778012 9.814421935239954e-05 2.8244237303659236e-06 3.888380238796716e-05 4.3559572135638895e-07 7.867226626097289e-07 1.1548184036534171e-05 2.1334035383679693e-05 0.0 9.115519768497221e-06 2.9438373452279844e-05 9.44939679851291e-06 2.1860089447300763e-05 1.0984660827091629e-05 8.771049397353162e-07 1.9636699522427413e-05 1.374474899361685e-07 2.3376909066973948e-06 8.979686294389136e-07 3.426532826903387e-06 1.312883349748695e-07 2.1045148995767605e-07 1.1552654648784974e-07 4.543626907386045e-05 1.291348376405478e-07 3.9759730027909744e-06 1.3953017589824122e-05 0.00010181940940019908 0.0 1.0030745206518281e-06 3.720258218453641e-05 0.00012140060606175922 1.9880886300611805e-06 2.0739117335288415e-06 0.0 0.0 0.0 5.794882380266871e-07 1.7122132555221545e-06 2.5082946002740435e-05 1.1573736601398979e-05 5.849611001809092e-06 3.0369364181216452e-06 1.1917214437226801e-05 4.663047335236591e-07 5.091919502021167e-08 0.0
0.000624789300585957 1.2090453996902412e-07 0.0002133055808083559 7.447133025575038e-06 3.164164537805377e-05 0.0019809071242339682 0.0019318929862792659 0.0 4.7276636102470494e-06 0.001993791209965116 0.00028735449220252323 0.000522302783491262 6.174981505430409e-05 0.003622757655886476 7.966091295114161e-05 3.08878473258567e-07 0.0005180963597139601 0.00012686009838769587 0.0002862810942967456 0.0001956456615914994 9.208639964715154e-05 6.73935354310688e-08 0.0003194084917733901 5.9393711293638734e-05 5.387895603352688e-06 0.0003869884315700954 0.00011151967231899376 8.985689851378539e-05 0.0006597105557514381 0.0008395268039782593 1.4078702320337163e-05 0.00015054364303389702 4.322557914505263e-06 0.0006097238876244898 6.9371213665034694e-06 0.0004135790053686258 5.0370538441377294e-05 0.0005668149147159667 0.0002946249997669714 0.0004927652035192949 0.00013109326698217184 3.0337364340123868e-05 7.638236116177671e-06 0.0 1.3566517145918855e-07 2.8254424946126986e-06 2.4481101763404623e-06 0.0 2.3024559918756873e-06 5.468069550112133e-06 9.345959022623316e-07 3.567582111789706e-06 1.1960037121556211e-06 4.352708845492709e-07 3.628330510659174e-06 2.7344644655588673e-07 1.1811163895139665e-06 1.5832172827634315e-07 0.0 1.514682158251306e-07 5.318269424799729e-08 1.494612746560653e-07 8.03053818201234e-06 0.0 3.459391457682474e-07 6.908097282970506e-07 2.6810001045198253e-05 1.418125579298178e-07 8.33209970577706e-07 8.136696753550902e-06 3.591150354061386e-05 5.560855109339225e-07 1.0920004160437862e-06 1.384538819678755e-07 0.0 0.0 0.0 1.1459814655119659e-06 6.187239641397902e-06 2.3284865989514498e-06 3.1307552268459747e-06 5.632554733852339e-06 3.8427878153775745e-06 4.4801837635754007e-07 6.739543509537438e-07 1.7631258302494768e-07
0.0 0.00037304966592433464 5.729075473905735e-06 0.0005042963832859898 2.123417510490076e-05 3.689502760858682e-05 2.8182280980456664e-05 4.7276636102470494e-06 0.0 0.000130115920048569 1.1477670068848098e-05 0.00016314131964855445 4.07263352447756e-05 3.115374421535123e-06 0.0003198318386007244 3.3140851210216134e-05 8.073256963718744e-07 6.325630640921079e-07 3.142169641426336e-07 0.0003686856311264263 2.3741075247783528e-05 0.001103948751559893 5.4177661457080725e-06 0.0031386750484116723 0.0001411054791894318 3.155045240657373e-05 0.00039119327160049103 0.0005417367754304281 2.4458427487689886e-06 4.145888307065546e-06 4.000891487498439e-06 2.67098884096208e-07 1.0325493712852569e-06 7.896171783002913e-06 2.075015808995227e-07 0.00010380500259335096 1.1696755992070636e-05 8.754436671731919e-06 2.564119354998733e-06 0.00011033353215268142 1.4750031661066352e-06 7.63241767680219e-06 8.44994253189147e-08 1.8553259835650692e-06 1.553441752569017e-06 8.923104954315946e-07 0.000105907792003111 0.0 1.4854464651816083e-05 4.329839411731096e-05 1.314283108336404e-05 7.025700533876219e-05 2.836390190122655e-05 6.517211992894893e-07 4.6881165926693745e-05 5.906082046396817e-07 7.297366981745453e-06 4.617603825402429e-06 0.0001742475912160275 2.7350079829213557e-07 7.152558648243601e-08 1.604888259500229e-07 0.00014163891623180145 8.457589923318609e-05 1.6480105255219398e-05 8.298902365762007e-05 0.0008612252047924757 2.5727523781949635e-07 1.5286295192205685e-06 9.920930405591348e-06 0.0003888166565556317 1.0390892017713862e-05 5.342084869055994e-05 1.3195361031619526e-07 0.0 1.0371085201325913e-06 2.428788204400695e-06 1.1672164705311598e-06 3.035822211663644e-05 2.290961310896032e-06 6.817186081245453e-06 3.5119368174505146e-06 2.083583317342976e-05 1.063802913914176e-07 7.48430272409491e-08 0.0
5.631295393703008e-06 0.0 2.0202686613841715e-05 0.0014623431807301848 3.681497690017152e-06 0.004026913492713109 0.0037979403984436176 0.001993791209965116 0.000130115920048569 0.0 4.0062901254594694e-05 0.002914073977293141 9.247852679004445e-06 0.000437123915788803 3.570753055928383e-05 3.125428446561197e-07 7.100467181710577e-06 1.6316309094691886e-05 7.815338631226918e-06 0.004073708901656562 8.20849927999315e-06 1.2428325461887427e-07 1.5147792598776082e-05 0.00021970721098503476 1.251218658511331e-06 2.8083412616729177e-05 1.2227829428610048e-05 0.002071356484675753 0.0005410921853823814 1.649374743350528e-05 2.5726597726613893e-06 1.910662359159277e-05 1.3503654165128172e-05 0.0003245013457456727 2.630197680963027e-06 0.0005341461329637189 1.7171880338829458e-05 0.0004757327493068206 0.0001369714021299558 0.00019160880395901502 6.845872644383308e-05 6.426967823928084e-06 2.0468636436733658e-05 0.0 0.0 5.198431372250642e-07 0.00011187688405372996 3.5533291132762135e-07 1.9794338095196002e-05 3.9316167348502285e-05 1.3471438860586943e-05 6.988317293074525e-05 4.2551760412928296e-05 5.121167344010608e-07 9.229974496182486e-05 1.1410000776095419e-07 3.408485987054579e-06 2.2619265670788255e-06 1.0090607416537796e-07 0.0 2.8719132415107066e-07 0.0 0.00019504323823160203 0.0 9.849490519027788e-07 2.3315493052297337e-07 0.00016088871461926742 3.099634362991346e-07 1.0490605843705002e-07 1.0474751627493644e-06 0.0001562395445964295 2.5204628321678914e-06 1.198598643672822e-06 0.0 0.0 0.0 1.6530382203262494e-06 1.4529201764136329e-06 2.9586811141164146e-05 6.528161527283207e-07 4.1638271629490165e-06 1.8779636843325215e-06 6.290585534155656e-05 1.02617485211768e-06 1.0626140441155094e-06 0.0
9.218406083499882e-06 3.9871876209843395e-05 2.9998148922601576e-05 5.89938273177311e-07 7.154509534842804e-05 0.00013166684428280207 1.5623033664979674e-05 0.00028735449220252323 1.1477670068848098e-05 4.0062901254594694e-05 0.0 6.361766790149062e-05 0.0006020740200506752 0.00012633034468855625 3.344030720379051e-06 4.741635339352474e-06 0.000170228695145253 0.0026854243067517877 0.0006543967120482588 1.570298015650448e-05 3.512820389196548e-05 2.3440506110471487e-05 7.599662158015248e-05 1.4044033459165417e-05 0.00045322227055482006 0.001732643409519555 0.0003914590843944849 1.4769191847272645e-05 0.00033523828077456193 1.895001461289424e-05 0.0002086000983922589 0.0003148783652521718 4.791668548142568e-06 0.003137364816693913 5.468009843423172e-06 0.0004541428919161099 0.002640881693420182 0.002215258553928343 0.0006731206643551587 2.4628518570871654e-05 8.316111393279611e-05 0.0007484388880321922 4.675512040055599e-06 0.0 4.7110240602410655e-06 6.431903750556293e-07 8.097828960242722e-08 0.0 4.3933772096031704e-07 9.571009697415773e-07 6.443571096713884e-07 5.888004304956034e-07 1.8259460830661315e-07 0.00010681938443445758 1.2107786469519091e-06 0.00038713697489420904 2.534894103053049e-07 0.0 2.2156851651555262e-07 8.99616921099453e-08 2.957234641733116e-06 3.2142215432610044e-07 6.332116253648152e-07 0.0 3.5404703625045003e-07 1.0678728764597789e-06 5.178193934962703e-06 8.979207865546464e-05 2.655969381657563e-05 6.945866457488434e-05 5.203369738587035e-06 3.3553705295101275e-07 0.0 3.366598777402051e-05 1.643837497710807e-07 6.948421234716986e-08 4.091087561133211e-06 2.2557885672820618e-06 1.1423832552788082e-05 0.00014038648213548284 2.7464434455671976e-05 6.589693465314507e-06 9.337453951783656e-07 5.601969361133781e-07 5.986657778359541e-05 1.0365793763729032e-06
1.2784040497678437e-06 1.3616444078539342e-06 8.678544388026979e-07 0.0010072240697534308 4.1964045627764527e-05 0.002572957218872982 4.027790791543483e-05 0.000522302783491262 0.00016314131964855445 0.002914073977293141 6.361766790149062e-05 0.0 1.4178372603739841e-05 0.00018813154715923233 0.0008499028583772169 0.0 1.3078620746849914e-06 2.1389147539753934e-05 4.8492408149786315e-06 0.0027220283214111603 6.094867079280487e-07 1.2828656681791494e-06 7.656572834709875e-07 0.00011202429553518997 1.324353865212021e-06 2.576281731179426e-05 1.1716313131203966e-05 0.00014916636843293458 0.00027589077905912753 1.1003642298470711e-05 4.264625881684047e-06 2.787235108807753e-05 3.0293490579887074e-07 0.00023017732693127584 3.2186517638684956e-07 0.00028294831741679737 6.67081624353288e-06 0.0003085285455207238 6.61057905532741e-05 0.0007983622103849107 3.574892895851509e-05 6.7272522886458945e-06 1.4278639929221533e-06 1.3781373148575912e-07 1.1458157307593149e-07 0.0 5.668571222423503e-05 0.0 9.530605847293776e-06 9.49522677879911e-06 4.958278812819386e-06 4.691428118996333e-05 5.343829312924192e-05 1.3400694315666769e-07 0.0001329961237658414 0.0 9.318888392758779e-07 8.08293777128386e-06 0.0 0.0 9.498763156489104e-08 9.614098913661769e-08 0.00010654948644834985 0.0 0.0 0.0 5.228253669583419e-05 0.0 4.5652874012343335e-07 2.0733538301582581e-07 3.567986301552834e-05 6.193987129920524e-07 2.0313012004340838e-07 1.0322476041933343e-07 5.7058422941265465e-08 0.0 2.998501925257364e-07 0.0 5.021463974029836e-05 4.561068070656414e-07 1.2524116964894058e-06 1.778717314699871e-06 0.00011985767959206193 1.7013861614039523e-07 9.343093895492153e-07 0.0
6.9727928030109e-07 0.000269117306990989 2.829577452638395e-06 4.354618764842875e-07 2.376132654178694e-05 4.389832753998021e-05 4.761499902392638e-06 6.174981505430409e-05 4.07263352447756e-05 9.247852679004445e-06 0.0006020740200506752 1.4178372603739841e-05 0.0 1.1562907332218905e-05 2.6558448858299294e-06 2.2695846291279522e-06 1.7831792267031785e-06 7.327327015905154e-06 1.0113979696899432e-06 4.5125598614264334e-06 2.750217971443353e-06 0.00011572908548727533 9.307722981411959e-06 3.507300578786645e-05 0.0031626035808997675 0.00018416232967119036 0.0013837485466246067 8.807639102805626e-06 2.056347224815276e-05 4.941938569521646e-06 0.0002752333507786683 4.969886851738545e-05 0.0 0.0003017913640911652 1.0712099630718308e-05 0.0006310062250707016 0.0027345148544481654 0.001763898255432317 0.00038136476907223133 5.552792354285466e-05 3.7812831173084294e-05 0.0005660616072973563 1.9035061719619951e-06 0.0 2.226022936927251e-05 3.701635872532939e-07 0.0 0.0 3.6801609408216707e-07 6.599317684055015e-07 2.0234492560160055e-06 2.633171048435646e-07 1.0203904156581411e-07 0.00037590351370151234 2.398014072700372e-06 0.0013214623714804749 1.756096472729489e-06 0.0 8.38868683498832e-08 0.0 5.737109569417979e-06 2.633350511715713e-07 3.0256651399799825e-07 0.0 9.82011391006735e-07 2.563694982232756e-07 1.6854813026398122e-06 0.00036140865470467065 7.306099020291628e-05 0.00023125714179887327 3.0101517055160227e-06 5.678957578295923e-07 1.7491277316201584e-06 0.00014361833428783586 3.831290277044773e-07 0.0 1.4682405269961845e-05 4.849465644425648e-06 3.2629495445608634e-05 0.00037137819038266185 8.155500187431918e-05 3.861617059717152e-05 8.515663589470177e-06 1.1373698100243399e-05 0.00011645488106513408 5.202811682217802e-06
0.0028250303714602507 5.932854659703885e-08 9.918458033848604e-05 7.016779852544555e-06 4.847482062428681e-06 0.0002863714106025078 0.0015955766637260438 0.003622757655886476 3.115374421535123e-06 0.000437123915788803 0.00012633034468855625 0.00018813154715923233 1.1562907332218905e-05 0.0 5.447175355786023e-06 3.5080247246999906e-07 0.0005408275502892848 7.382525759290431e-05 0.0002434860632201916 0.00010112352144412504 9.426278544702624e-05 1.0530206856159914e-07 0.0002847563407915401 4.186637920074734e-05 1.2127999534535768e-06 0.00022291849580606714 6.425996451219561e-05 7.861580477259808e-05 0.0030612425814407823 0.0018498064180605166 4.044810150771137e-06 8.03280088027152e-05 7.452076730323747e-06 0.0005902784777600443 2.4690182232469462e-06 0.00014063671276140356 1.7764705146543486e-05 0.0003163123248022385 8.301134201712648e-05 4.499560513166574e-05 2.5561587678941065e-05 3.336988953428108e-06 1.7320231773691664e-06 0.0 5.790981907143469e-08 1.438933556818081e-06 7.487497211831084e-07 0.0 4.05545488290514e-07 3.1562702780961113e-06 1.1173671040905703e-06 1.266415575986594e-06 0.0 7.218519260355506e-08 1.541272934731695e-06 1.2639366009048689e-07 6.156233100614796e-07 0.0 2.3886517917818836e-07 0.0 1.4015379206447645e-07 1.1590280738139431e-07 2.4505282083387403e-06 8.367805413981842e-08 2.973308836920805e-07 4.854373592976597e-07 1.747215096337219e-05 0.0 9.425739134320084e-07 3.449841803040261e-06 1.8592065829910012e-05 5.400286955657293e-07 2.6266735266245475e-06 1.213657854093874e-07 0.0 0.0 6.285547558669158e-08 5.414737636695368e-07 1.7658704564717864e-06 1.2399388207155264e-06 5.573479234615291e-07 7.516771559802673e-07 2.4229542501351934e-06 0.0 7.900645128553901e-08 0.0
0.0 3.5430525082967712e-06 4.359043899279065e-07 8.02566922082521e-05 0.0006202959997023782 0.0013146161017537359 3.465409217081594e-06 7.966091295114161e-05 0.0003198318386007244 3.570753055928383e-05 3.344030720379051e-06 0.0008499028583772169 2.6558448858299294e-06 5.447175355786023e-06 0.0 6.74846639074157e-07 6.680065739636531e-08 1.1861420974033896e-06 5.067160599039608e-08 0.00016091453248378941 2.2835121126781536e-07 1.0381954246019602e-05 6.892487905948385e-07 0.00040453109287467217 1.131397584677174e-06 1.6894297263668033e-06 4.492905183586877e-06 3.9838262820188864e-05 9.070524586055333e-06 3.8922773992926164e-07 5.3382977749610955e-08 0.00011219390302685844 0.0 1.649399807837297e-05 0.0 7.153160594963085e-05 1.7533795558030265e-06 1.1544569389697516e-05 4.338193607294993e-06 0.001000632618201317 7.760280134673422e-05 2.4664574765900284e-07 1.202229723391393e-07 0.0 0.0 0.0 2.382411018244042e-06 0.0 6.871885604098698e-07 1.4339609973512083e-06 3.9964047235524315e-07 7.483931206159482e-06 7.874433978937333e-07 0.0 7.956283666141952e-06 0.0 7.311485374528699e-08 1.2100223084687945e-06 7.865213122526716e-08 0.0 0.0 0.0 8.079751020317204e-06 0.0 0.0 0.0 5.198934874263794e-06 0.0 0.0 0.0 2.6555690582116445e-06 0.0 0.0 0.0 0.0 0.0 0.0 0.0 6.150617694581509e-06 0.0 0.0 0.0 1.4408799518731658e-05 0.0 0.0 0.0
6.641685408293962e-08 4.645250429845536e-05 8.21079657538195e-06 4.892084824011619e-07 0.0 1.7791648026671284e-07 2.626448883256969e-06 3.08878473258567e-07 3.3140851210216134e-05 3.125428446561197e-07 4.741635339352474e-06 0.0 2.2695846291279522e-06 3.5080247246999906e-07 6.74846639074157e-07 0.0 1.702629264261538e-05 6.981891132314336e-06 1.5993557398647198e-05 1.702213677339597e-07 0.0029019365390114426 0.0009786192077038776 0.001985575962071854 0.0010670960104498027 8.649086553324371e-06 7.67505970694313e-06 0.002212384118698455 0.0010270096425188152 2.1925711134324558e-06 1.7567089887610443e-05 2.2389752397566117e-07 2.153371875429567e-07 2.822918736412929e-06 5.636157701102949e-05 7.469322593299846e-06 0.0006380970436159145 0.00023381719350698164 0.00013828926518875688 0.00023305464483765385 2.051694635971466e-05 8.595412241336652e-07 1.6188607825445885e-06 3.720456393468469e-06 1.4046802068959718e-06 1.1855643414243356e-06 9.404086099776197e-06 1.8817088803676818e-07 0.0 1.4838606424559069e-06 1.9295843314313473e-05 1.2629860740555047e-06 9.424465424703054e-06 1.528193841094967e-06 3.30138797486605e-07 1.2158981099323216e-06 0.0 2.9273859864547223e-06 1.095275480311651e-07 0.0008894262672792125 4.7600695676452104e-07 0.0 6.540500372105549e-08 6.397601288067882e-08 0.0001586710867392946 0.0006140176908075156 0.0012670607150599546 9.99762370545243e-05 0.0 1.6081055440350897e-06 0.0003164442613056517 0.00013237376652624572 8.682561677686372e-06 4.6818565594962044e-05 2.7969895550360944e-07 6.132928098307696e-08 1.8797021252780544e-06 2.4232332907251053e-06 1.6981368960163716e-06 0.00021275170256757867 8.205968846917187e-05 6.3708846557259235e-06 3.5227934279026592e-06 1.7760475871053384e-05 5.507263941779439e-07 8.890978091263982e-08 0.0
0.0001948738489738983 7.121163034377387e-05 0.0029489655365373462 5.161898065408244e-07 4.986497188926824e-07 5.5844522361017765e-05 0.00012629696373693024 0.0005180963597139601 8.073256963718744e-07 7.100467181710577e-06 0.000170228695145253 1.3078620746849914e-06 1.7831792267031785e-06 0.0005408275502892848 6.680065739636531e-08 1.702629264261538e-05 0.0 5.3537851628523635e-05 0.0010134890173341758 9.569176980356825e-07 0.0007866030535672113 3.33759614717423e-06 0.0021573923736443014 1.4715084325813202e-05 5.273104153346347e-06 0.0013834960369762974 0.002754910399224922 5.474616143552053e-05 0.0005545508377365045 0.0012110878532061648 5.990896351205379e-07 4.9481966070962225e-06 2.3230902348811502e-05 0.0014198448406804324 5.266359435339801e-06 0.00021769111775932969 0.0010713458307101238 0.000745556180152952 0.00029617386872486765 1.3960000191784026e-05 1.0045360464481393e-06 6.681119069172667e-06 6.933401936267803e-07 6.928416041107887e-08 7.413496748149652e-06 0.00011617505990919607 0.0 0.0 0.0 1.1584894896241073e-06 6.984186736447797e-07 3.1716472708460367e-07 1.2088332277800978e-07 2.700872495715185e-07 4.8151007005971064e-08 0.0 1.3862695817461526e-06 0.0 1.6827863100062273e-06 1.2071688749830125e-05 1.8243750763987825e-07 2.333184232251536e-06 0.0 5.888160074121009e-07 3.099751022393586e-06 7.562121736325902e-06 1.6369612132714992e-06 6.208923767748307e-08 3.4924221751392015e-05 0.00022330545271110363 2.345231730430474e-06 5.176295362323147e-08 4.803339570402833e-07 3.0891241001293354e-07 0.0 0.0 2.0870397371120363e-06 8.328301245536586e-07 1.1971440243182242e-05 9.613259913730241e-05 7.268003538939019e-06 7.923210030910167e-07 1.967623328163838e-07 0.0 1.7150099881221623e-07 0.0
1.082087266384485e-05 1.8831222653458704e-06 4.765827176411929e-05 2.0532666788945295e-07 8.961962203122647e-06 4.142304187180933e-05 1.1449347558552134e-05 0.00012686009838769587 6.325630640921079e-07 1.6316309094691886e-05 0.0026854243067517877 2.1389147539753934e-05 7.327327015905154e-06 7.382525759290431e-05 1.1861420974033896e-06 6.981891132314336e-06 5.3537851628523635e-05 0.0 0.0006950441656638354 7.63682912819705e-06 3.0340738506165235e-05 1.2087778505393915e-06 8.153346107462203e-05 3.174645961662599e-06 1.4540121066818639e-05 0.0018106010626175418 0.0003928278527047537 7.911751246721623e-06 0.0001266621290278628 1.5079333696536797e-05 2.8853354581876657e-05 5.7777197824635815e-05 1.910255153255217e-06 0.0007479868063756083 7.74534845234782e-06 0.00042984507919293356 0.000663349373364272 0.0009025837574195041 0.00027547424780884967 1.2214232914218216e-05 9.931338411599606e-06 8.64592490654143e-06 6.533899307425029e-07 1.3550479165924874e-07 1.4680102842915657e-06 4.133525462130821e-07 0.0 0.0 0.0 1.3879926608003163e-07 5.5410127145627564e-08 0.0 0.0 7.341676788131624e-06 5.6649924818886813e-08 3.5811494836605095e-05 5.84769850629249e-08 0.0 1.9684841316433652e-07 5.7453105699157884e-08 3.77709573656999e-06 2.8273147556197417e-07 2.039983088090695e-07 6.034821643041161e-08 3.514441405333087e-07 7.424594091638102e-07 1.4923389095863195e-06 1.2390949393000776e-05 2.9928258792433564e-05 7.852307290349145e-05 1.8035016278624441e-06 0.0 2.4181864855625273e-07 1.3811815422071657e-05 0.0 1.4178632899927714e-07 1.6243553940770174e-07 8.614201509196819e-07 8.674754061525491e-06 5.095797203156476e-06 8.421900732765265e-07 4.4220501901825904e-07 1.4212080885637484e-07 0.0 2.656325946662875e-07 7.639077811366483e-08
6.33868299080749e-05 2.670753299128581e-05 0.0002225721394453886 5.715965842565704e-08 1.6403502573977e-06 3.3577983095898905e-05 2.3475942210246308e-05 0.0002862810942967456 3.142169641426336e-07 7.815338631226918e-06 0.0006543967120482588 4.8492408149786315e-06 1.0113979696899432e-06 0.0002434860632201916 5.067160599039608e-08 1.5993557398647198e-05 0.0010134890173341758 0.0006950441656638354 0.0 1.208531444147781e-06 0.00012533138452900392 1.7430643372726792e-06 0.0005705030699933275 3.668592576519722e-06 3.728308854773875e-06 0.003912408139573691 0.0011748112287070106 1.529843940207113e-05 0.00032677384695909903 0.00014638700649731413 1.1105826519213938e-06 1.868523986097687e-05 1.4849966863697157e-05 0.0012115852866974464 3.5613564685777116e-06 0.000301621143467749 0.0006646930019207065 0.0006404806763697209 0.0001491299305641683 7.62802645844487e-06 1.1348301217706503e-06 3.880494547425298e-06 7.846357320929765e-07 0.0 6.248892390470456e-06 1.249082581520472e-05 0.0 0.0 0.0 6.165309931540513e-07 1.1574872120155265e-07 4.4112909943837136e-07 0.0 7.357639277765217e-07 0.0 2.3991225065607017e-06 7.354736025024784e-08 0.0 1.477736433213038e-06 1.869955879777294e-06 6.800406620177695e-07 1.5665647692232768e-06 0.0 6.480019964842479e-07 1.4520691731178326e-06 1.5631177137985497e-06 1.007187794220366e-06 8.640909987124299e-07 6.168453794504825e-05 0.00011047109486300552 6.443562661112704e-07 5.353808116371288e-08 6.012552482938134e-08 7.56749391999352e-07 0.0 0.0 4.2542742701507534e-07 2.5785043003740605e-07 4.99729166538712e-06 5.4581060341246314e-05 1.7022640469758756e-06 5.052590579055388e-07 0.0 0.0 6.734068969773706e-07 0.0
1.7645658287223778e-06 5.214752606500031e-08 1.4308339448033136e-06 0.003912824470660385 5.579386371856156e-06 0.0003269764859865602 0.00015606204292858072 0.0001956456615914994 0.0003686856311264263 0.004073708901656562 1.570298015650448e-05 0.0027220283214111603 4.5125598614264334e-06 0.00010112352144412504 0.00016091453248378941 1.702213677339597e-07 9.569176980356825e-07 7.63682912819705e-06 1.208531444147781e-06 0.0 3.983615401086532e-07 3.346752570478167e-07 1.0856482760299365e-06 0.0002712489808998931 6.175678691327781e-07 9.052368190903715e-06 4.68739750439515e-06 0.0016169757643241202 0.00019533893821172327 4.305887016316648e-06 9.858820293936034e-07 7.167745612536488e-06 3.4970709063495087e-06 0.00011477912261574214 2.626654955896649e-06 0.0003325485962761022 7.599770647289639e-06 0.00019310116509475638 5.649529543595018e-05 0.00035433977679424585 3.286474989802366e-05 3.1164229047356727e-06 1.044135340769576e-05 3.289688623045146e-07 0.0 1.4606367087572327e-07 0.0001578224077658876 7.971712587460332e-08 2.6976166807449012e-05 3.9865353141393026e-05 1.5621425020644698e-05 0.0001228544079197653 5.219884971815155e-05 1.4286909961055692e-06 0.00016559559258979732 0.0 5.810423437189608e-06 7.4435025867967554e-06 0.0 0.0 4.8442758889038093e-08 0.0 0.00029421530322685136 4.347051534370015e-07 1.0790154372516276e-06 0.0 0.0002161779929122991 0.0 2.813144392917052e-07 7.936310312792216e-07 0.00017393943157590754 2.5816555143031874e-06 0.0 3.9535903673116415e-07 3.6420761036264187e-07 8.464799114209993e-08 2.4965553170463047e-06 2.2875203464715705e-07 6.478448913102557e-05 6.860967041599038e-07 4.346422755409101e-06 1.5547364891625294e-06 0.0001417354147870508 1.247468661626674e-06 8.452491158574336e-07 0.0
4.1175900197637845e-05 5.00911975523333e-06 0.0002813379974654252 3.0808902090571115e-07 0.0 1.9556687096755123e-05 0.0004741008417340297 9.208639964715154e-05 2.3741075247783528e-05 8.20849927999315e-06 3.512820389196548e-05 6.094867079280487e-07 2.750217971443353e-06 9.426278544702624e-05 2.2835121126781536e-07 0.0029019365390114426 0.0007866030535672113 3.0340738506165235e-05 0.00012533138452900392 3.983615401086532e-07 0.0 3.4040794799971395e-05 0.010531876015620443 0.00033441739913738584 1.4688594433333822e-06 4.940442955626358e-05 0.0006640032452614338 0.003208227259590009 0.00015508172505894325 0.006932839520330261 5.057761892037384e-07 1.3557270362439898e-06 3.928704082617123e-05 0.002056400237494944 8.594213642891463e-05 0.0035567515184559456 0.0004493227162916796 0.0019810461384920956 0.002088189022116105 7.297860906043184e-05 8.52548280705627e-06 2.698830989256763e-06 1.984819918958834e-05 2.196561293385302e-06 3.5832034227064393e-07 1.8418720266981301e-06 7.131856566464232e-07 0.0 7.406324522972376e-07 1.4170273521017701e-05 1.0658674818175968e-06 9.681085079852385e-06 4.380942802651744e-07 2.890720993261702e-07 2.3973268937416616e-06 0.0 7.364548279104802e-06 0.0 0.00019910718319974944 4.3442929273792746e-07 1.0687349287390887e-07 1.2054976504790413e-07 0.0 0.00014689382754737206 5.4397921971606395e-05 0.00012522782011985422 0.00011225343875430154 1.4429410090778588e-07 8.525575263726288e-07 1.4577050412731276e-05 0.00014399853289520198 1.7585703442724994e-05 9.873779489967314e-05 0.0 6.807728225792583e-08 3.240477732371732e-06 2.931249404959402e-06 1.9562331659368775e-05 0.00017863106606775172 4.852682019238813e-06 7.643970641996879e-06 5.226977909784489e-06 2.3027500110333274e-05 1.9412174154023124e-07 2.165533283170164e-07 1.0666547260277901e-07
0.0 0.0015158974493122202 2.487753456946439e-05 8.284386994414115e-07 0.0 4.997254565282309e-07 1.0986192120271842e-06 6.73935354310688e-08 0.001103948751559893 1.2428325461887427e-07 2.3440506110471487e-05 1.2828656681791494e-06 0.00011572908548727533 1.0530206856159914e-07 1.0381954246019602e-05 0.0009786192077038776 3.33759614717423e-06 1.2087778505393915e-06 1.7430643372726792e-06 3.346752570478167e-07 3.4040794799971395e-05 0.0 0.0001922501426120984 0.002868936568779329 0.0005222591537969509 4.8472024760057516e-05 0.0028282911866000546 0.0001017812233316545 7.16636718981712e-07 1.2957690738808496e-06 8.499879640989656e-06 7.362191607834933e-08 6.690606519526352e-08 8.61405921631824e-06 6.497583300015063e-07 1.229565371726426e-05 1.261978121024069e-05 1.6425656348288158e-05 4.808879659749875e-06 1.4910308927100827e-05 7.561909427957504e-08 2.795953863763122e-05 7.542857374580098e-08 2.0178403793034362e-07 7.267307589436139e-06 8.767129866387242e-05 0.0 0.0 2.623061972841656e-07 9.9714401390112e-06 1.1215839949603045e-06 1.911213578142943e-05 2.709984805787053e-07 5.842507344837118e-07 4.2780526998987494e-08 1.842933510648739e-06 3.1204757769186824e-06 4.818688808370828e-07 0.00047258855863180913 2.450403704654419e-06 5.2209920568063146e-08 5.657101762650856e-07 0.0 3.696510464521241e-05 0.00012801783122870448 0.0005717539807813414 5.057309295155783e-05 2.33660755221019e-06 1.25184200271213e-05 0.0010758225132071312 4.661268715605326e-05 7.051116326219106e-07 6.105516314536889e-06 1.3501319873012027e-07 0.0 1.1138053120844601e-07 8.790146812762425e-07 9.838373843953294e-07 2.6111105094335762e-05 1.5678013613680866e-05 6.889613950381666e-06 6.098082693235511e-06 2.273620969186683e-06 0.0 0.0 0.0
0.00010936123037847191 3.967522444956408e-06 0.006647876458387387 1.0739514176734993e-06 7.542856216752483e-07 6.431924313161194e-05 0.000563600398704063 0.0003194084917733901 5.4177661457080725e-06 1.5147792598776082e-05 7.599662158015248e-05 7.656572834709875e-07 9.307722981411959e-06 0.0002847563407915401 6.892487905948385e-07 0.001985575962071854 0.0021573923736443014 8.153346107462203e-05 0.0005705030699933275 1.0856482760299365e-06 0.010531876015620443 0.0001922501426120984 0.0 0.000128041809309284 3.2382536530390824e-06 0.0017426484060624266 0.005033883355463625 0.0011622832798744143 0.0002798856723917293 0.003988732063211651 3.5438805617952358e-06 4.1502248428787245e-06 1.8992594732338654e-05 0.0019943576486010296 0.0001153417566921445 0.005073947446845088 0.002813005715297303 0.0032432572236036163 0.0037657563074958277 0.00022235444745564035 1.0195689258017142e-05 1.2180256008044086e-05 2.312470453518705e-05 6.508947088583029e-07 3.1281410299043074e-06 0.00011699039173127314 1.9539753524696934e-07 0.0 1.8659814462799892e-07 1.715740103050364e-05 2.787642817953315e-06 4.1975631334670085e-06 5.760744163895616e-07 4.558116561315095e-07 4.2186598649234796e-07 3.0820277746872123e-07 2.1226626937232536e-06 0.0 0.000594247349012144 2.856196500788043e-06 5.414082140862276e-08 5.1924559066402e-07 7.237563208939618e-07 7.351685978764433e-05 0.0003409333860659639 0.0009917066350405533 4.622254895424515e-05 5.4696247855133486e-08 4.134455623619486e-06 0.0007131173784728041 7.28102515677249e-05 1.702492134880603e-06 1.857839473487949e-05 1.803413351777124e-07 0.0 7.423746892633034e-07 3.2043683558397585e-06 2.4841454891210703e-05 0.000230292008391794 0.0002719672575162851 1.1597319139120097e-05 8.437166875926508e-06 1.2678004573164916e-05 3.888523846223147e-07 6.128147262688297e-07 0.0
