0.0 0.0 4.011134872346833e-05 3.3948873271802386e-06 6.144560788386993e-08 1.1127746905444178e-05 0.0013927606852931834 0.0005612081242792854 3.1840202068850814e-06 6.884134777638188e-05 3.3134400453277694e-06 5.816936278951703e-07 5.8205895429237395e-08 0.003663619454726579 5.1964987319913235e-08 2.51000938444981e-07 8.434960920600144e-05 7.875407212783495e-07 8.134161519293092e-06 2.772858068507464e-06 1.9477513142839892e-05 1.2594616328014086e-07 4.135286351652105e-05 5.797874985402153e-05 4.777907553808222e-08 3.08799287198587e-05 2.0272361338318186e-05 7.029688556617572e-05 0.0029558838709700113 0.0014272255537416342 4.796005168686466e-08 8.053712620328941e-07 5.676103706441437e-05 0.00015217892146527403 1.988888856201412e-07 3.15257621685444e-05 4.715598937945455e-06 7.490086217418608e-05 1.4197559189106247e-05 5.365597258357026e-07 1.1801917460395309e-06 0.0 5.427238515010678e-08 6.847719910959963e-07 5.860493266327917e-08 5.552916978356462e-07 0.0 0.0 5.602281526350065e-08 7.422393918708725e-06 5.744201058084573e-07 8.391063132195667e-07 8.279397248100637e-07 0.0 0.0 5.801888360054244e-08 5.401459225087739e-07 0.0 2.6181710681479057e-07 9.054767720159947e-08 0.0 1.1692663322402988e-07 0.0 1.107541876698459e-06 0.0 1.599936711731406e-07 1.3153953409209067e-05 0.0 8.295281415916395e-07 3.933106487997513e-06 1.550772595435194e-05 1.7074738514713326e-06 2.3575067761964073e-06 0.0 0.0 5.122801986975729e-08 2.543337232704321e-07 0.0 4.411677256046005e-06 1.8572051363890113e-07 1.1181799227668902e-06 1.3344531649912403e-07 5.955051296571704e-07 2.1966912459801871e-07 0.0 0.0
0.0 0.0 1.6608405447717105e-06 0.0 0.0 4.0598030171078275e-08 4.511343578894334e-07 2.646222578556089e-07 0.0003409731292574272 9.675650308977706e-08 8.553588612754473e-05 7.039231242896146e-07 0.0006112285419526764 2.5872541366084846e-07 2.254790425612246e-06 3.478867290029365e-05 2.0160695925466127e-06 6.803701934864385e-06 1.301111164367966e-06 0.0 7.846333595231098e-07 0.0011477285538475986 1.5191570152846766e-06 0.0004057975261339282 0.0010994288669423286 4.879967483675002e-05 0.0023671360842911207 6.685295915401411e-06 3.480071324479163e-07 3.3256594433032254e-07 1.12478260824839e-05 1.0924238330776687e-07 0.0 0.00015862952317926906 0.0 4.082463304404441e-06 2.204555787800446e-05 1.0958950291252187e-05 3.2333823081852046e-06 2.3956229355414445e-06 1.0338273714779518e-07 5.2050702298706804e-05 1.0145883684358627e-07 5.2121062990355733e-08 3.610804488794385e-05 3.4211659084508447e-06 0.0 0.0 6.472438449543796e-08 2.7644552145369564e-07 9.761007112957349e-08 3.740955992261371e-07 0.0 2.8934017101546743e-06 0.0 2.3471181910745666e-05 2.5205624371368373e-07 0.0 1.2924681008927819e-06 1.4508653102244264e-06 4.420390304756602e-06 4.923160277522102e-06 0.0 8.908144806627274e-08 7.462867774473207e-06 7.503349467950708e-07 1.2288942014354108e-06 8.34849054498647e-06 3.7011586042670516e-05 0.0003825902950917592 1.7607180033186654e-06 2.4179819289351167e-07 2.2956626362509558e-07 4.6080324567334735e-06 0.0 0.0 1.0237337693732476e-06 0.0 3.391013789165973e-06 9.456418859767024e-06 4.700448525587794e-06 3.9323458943099975e-07 0.0 0.0 1.828604322559632e-06 7.197330015942197e-08
4.011134872346833e-05 1.6608405447717105e-06 0.0 3.1518439520320943e-06 4.167503146594998e-08 3.969630773522573e-05 0.001556356191239214 0.00043036873364506894 2.2744963927345123e-06 0.00014389128657721698 1.996504597569221e-05 2.904162580989845e-07 1.0447208764734485e-06 0.0004186832860967546 9.497073352385357e-08 1.0571972390914966e-05 0.003996916148041423 2.5029914747268726e-05 0.00021880521053576523 1.6421820376652428e-06 0.00020422059845460105 1.995409773111375e-06 0.004878241826536681 7.834676372772714e-05 1.6281773979159856e-07 0.00450928246834769 0.004018003875520363 0.0008438445246796215 5.543968346993131e-05 0.0003363517527455647 3.698583181910344e-07 7.635135127041579e-07 4.3036546568819585e-06 0.0007457246959601883 1.3532248910478219e-05 0.0012782560449580917 0.0004026695108162242 0.0014743644548294754 0.0005309414197639124 2.201740216258162e-05 1.6496864650355049e-06 1.2540601742926102e-06 5.041007259569171e-06 9.980939862180557e-07 5.3768537237330446e-05 0.0011022799333870019 0.0 0.0 5.133434057683348e-07 1.9654310437175164e-05 1.7429421644476507e-06 2.886782465572333e-06 2.4031645797962143e-07 9.946707415927912e-07 1.0113268393168621e-07 1.8270210102818674e-06 4.266092777283842e-06 0.0 3.1880174525869085e-05 0.00015691670209238962 3.1090190990381742e-06 5.5216639699052635e-05 0.0 3.09721886112541e-05 2.5298517703789144e-05 4.608123207949937e-05 3.033081753563382e-05 1.1793157996137502e-06 0.00044349764211546426 0.00259839529911505 4.637157604892732e-05 7.771534111514786e-06 1.3322116212921202e-05 1.1390718387878962e-06 1.4356571159392083e-07 7.381678002397195e-07 1.9966418970349135e-05 2.5217520504208827e-06 8.105040725795837e-05 0.0002449535805059417 7.36264776828306e-05 1.4210933105959565e-05 2.8966186973884997e-07 0.0 1.759895688112395e-07 8.847883010084048e-08
3.3948873271802386e-06 0.0 3.1518439520320943e-06 0.0 3.963724768364548e-06 1.466149034578296e-05 0.00023283640871298608 1.526257428718178e-05 0.0004927345734799518 0.0015435191244539514 5.218385517313089e-08 0.002014278608017527 7.265633102462572e-08 2.4177159349002955e-05 8.40536221661409e-05 3.0059130606804226e-07 2.4172226245683576e-07 1.6245592321200803e-07 2.72016387982148e-07 0.0011562721209980068 1.583164303703362e-06 0.0 1.1790193802480528e-06 0.0007153076283248683 0.0 8.66579781925497e-07 7.367507160908633e-07 0.0014486441274862215 3.7079812131860136e-05 6.187788885872162e-07 0.0 7.634185591314183e-07 1.1811708795951587e-06 1.123764380376277e-05 1.467158486775393e-06 3.901275172063029e-05 7.420478300970894e-07 2.7355932600983152e-05 7.659599667938228e-06 9.379339703894687e-05 4.25022756474516e-06 0.0 1.0076326789952367e-06 1.3108633603684361e-06 2.4813865390692705e-07 0.0 7.761948621672089e-05 0.0 1.4042579162330352e-05 8.251256793787011e-05 7.228087542950865e-06 7.677063910027079e-05 6.967371016921003e-05 9.16142018228441e-08 7.87649886558768e-05 0.0 2.4006890839450216e-06 1.4457073486112365e-06 0.0 0.0 0.0 5.525729048958619e-08 4.2122390266662703e-05 3.272725022492903e-07 2.962007919000698e-07 0.0 0.00012824832846613593 6.427851325043222e-08 1.3836330611409254e-07 1.1461724901048475e-06 0.0002073362034379895 5.498589695285748e-06 7.553131574911902e-07 0.0 2.250195380687063e-07 5.2894866560702335e-08 1.6268214207850573e-06 3.0501035871005457e-07 1.1755285755921772e-05 5.367553142863844e-08 5.7922597842786385e-06 8.947637304569325e-07 9.367314460283319e-06 2.2985058901130583e-07 3.1185402804267276e-07 0.0
6.144560788386993e-08 0.0 4.167503146594998e-08 3.963724768364548e-06 0.0 0.0001758262597271416 6.93984930575313e-07 4.983786518295699e-06 0.00010453279838386729 5.079408034586087e-06 4.845921138809643e-06 3.4871592823955736e-05 4.147286672542466e-07 7.780954597329304e-05 0.0006795478406297397 0.0 5.2815554484500164e-08 3.012003744071974e-07 4.457401716020911e-07 3.892549014881087e-06 0.0 0.0 5.986409009932093e-08 6.7547442806675556e-06 0.0 1.2038415040774813e-06 3.934600320660834e-07 2.0772466070194593e-06 0.000212134657916498 0.0 6.509010673673329e-08 0.0002807113034330484 0.0 5.049840905763751e-05 1.1487634555625613e-07 2.596284380844678e-06 1.715710530092144e-06 2.297138220124655e-05 1.2343382376887012e-06 0.0004520734893336658 1.091491752566735e-05 3.410625869609575e-07 0.0 0.0 0.0 0.0 0.0 0.0 0.0 1.9398388723126799e-07 0.0 8.064427629798632e-08 0.0 1.2130108366176672e-07 0.0 0.0 0.0 0.0 0.0 0.0 0.0 0.0 0.0 0.0 0.0 0.0 1.6801126705394154e-07 0.0 8.110916313916861e-08 0.0 1.8124090439074583e-07 0.0 1.1348552283542678e-07 0.0 0.0 0.0 0.0 0.0 0.0 0.0 0.0 0.0 2.3045305617898886e-07 0.0 0.0 0.0
1.1127746905444178e-05 4.0598030171078275e-08 3.969630773522573e-05 1.466149034578296e-05 0.0001758262597271416 0.0 0.0005959847625390058 0.0030301001660043036 4.0810833327126505e-05 0.00432078995672844 4.5270435495213864e-05 0.0013310066844836707 3.737606050422003e-06 0.0008308432605097302 0.000646918236150918 6.021719245397849e-07 1.0900938826900904e-05 1.4400432648893351e-05 3.341260949031947e-05 0.00014466442122759775 2.127284066595307e-05 4.1114297575363526e-08 1.4605921850208365e-05 2.6921257693012916e-05 4.944439087788394e-07 4.1763083319763794e-05 1.691686001947945e-05 2.394696903151238e-05 0.0007355404609850942 2.109883177279862e-05 7.794346146586438e-07 0.0006894237171440171 1.7531360847550227e-06 0.0002776941741224897 1.6984538087028741e-06 9.471527862308762e-05 1.5892879643007014e-05 0.00029345833947202316 3.3395772280728646e-05 0.0004886930435497531 9.338644861945607e-05 3.915353789041115e-06 2.248416717465071e-06 8.780572549747912e-07 1.4409006929745171e-07 7.974382561495181e-07 5.2942887236854344e-06 0.0 1.3377741989020837e-06 1.5105290768237398e-05 1.0324731473708579e-06 7.823829760599302e-06 4.225448444663865e-06 3.5066053571369474e-07 4.108276734937803e-06 2.571080399414787e-07 1.0810509985865574e-06 5.206002760135901e-07 1.1672945008715005e-07 1.8619887802892e-07 4.1025568179722585e-08 2.0280805126337722e-07 4.408136570133649e-06 5.235276750197576e-08 0.0 0.0 1.3761000851177756e-05 2.389852757686085e-07 1.3706853024968504e-06 3.130718733043326e-06 2.225915041126059e-05 1.495198604413623e-06 3.8177261085043765e-07 4.9758431714566705e-08 0.0 8.899811723005382e-08 7.046560767496976e-07 8.162791946030478e-07 6.321898760512207e-06 7.720935954993801e-07 3.5707586931757523e-06 5.5483357804346e-07 6.6971146776866816e-06 2.579345435552339e-07 6.753119808144144e-08 0.0
0.0013927606852931834 4.511343578894334e-07 0.001556356191239214 0.00023283640871298608 6.93984930575313e-07 0.0005959847625390058 0.0 0.0018293114142537681 0.00016023562141163471 0.005175941874688152 8.027017441426397e-06 1.0777774652127301e-05 4.5870911355998795e-07 0.0038062014520947422 7.891756625585086e-06 6.165558542939273e-05 0.00019756209298458024 3.7302222084719045e-06 2.2690061007796262e-05 5.52880421995717e-05 0.0015509263418949117 2.5275763118889995e-06 0.0011264828405657473 0.0013795796514922216 5.133198737795691e-08 0.00016520600086019195 0.00035882631278033985 0.011626962905677284 0.0012565271720874436 0.005354024479335732 0.0 8.71906919386598e-06 8.375576221069524e-05 0.00029952821122850525 8.636435175196532e-06 0.001322776049452114 2.7195827486503394e-05 0.000668089285218404 0.00024222839094429268 0.0001589391131789142 8.976873634024114e-05 1.2533294046299476e-06 1.5674720984064056e-05 7.276458182979361e-06 1.1253394794546303e-06 1.9782177277457625e-05 2.974245261908311e-05 0.0 2.1752891012507636e-05 0.0003977044583170079 3.025305696092422e-05 3.7413446862777944e-05 5.6798438973990154e-05 8.968756190052628e-07 4.5638458585947174e-06 2.464615228094852e-07 2.5264203879531134e-05 2.2907820293980185e-07 7.976010577765698e-06 2.9829733187648988e-06 2.8591519033111527e-07 1.1693440873297405e-06 1.931884426382314e-05 8.315716245109796e-06 2.1187259444763034e-06 6.0396327286844084e-06 0.00032382448141811117 0.0 1.2049926661974416e-05 5.746030990279333e-05 0.0005002570076358379 4.371103567270612e-05 2.3746218027425886e-05 1.344796835003476e-07 1.202294639615703e-06 3.202890294543535e-06 1.384109780704495e-05 1.3097241436921804e-06 0.000116251172006223 8.1853576982181e-06 4.010767828363266e-05 7.130451572307861e-06 1.7111092304533174e-05 3.7747413269575214e-06 9.399718325489034e-08 2.4918883959204373e-07
0.0005612081242792854 2.646222578556089e-07 0.00043036873364506894 1.526257428718178e-05 4.983786518295699e-06 0.0030301001660043036 0.0018293114142537681 0.0 2.3087155601143533e-05 0.002251926388110676 8.980775721068263e-05 0.00033392444180058275 5.8492905316979235e-06 0.004187755376037951 0.00018117236018993434 9.055144450636935e-07 0.00023112255863881514 1.5103745374053675e-05 5.019304839952596e-05 0.00010057472954898331 0.000145133170640028 2.9144769962387317e-07 0.0001854548725499824 0.00019065170261101834 3.8352197029981206e-07 0.00017851150923820872 9.036539414904362e-05 0.00017815832423507478 0.0008573876836677676 0.0010010491182610944 1.064601897162897e-06 0.0002671766237156319 5.390777983004045e-06 0.0005828520662251874 6.621086407201022e-06 0.0002068102009570182 3.43975478733557e-05 0.0003942929940873115 7.31110192858502e-05 0.00044089665295794225 0.0001581467212978134 8.575560446121827e-06 6.166537848781331e-06 1.993551752573856e-06 5.866829787750135e-07 4.766170889587569e-06 1.8315552610944522e-06 0.0 1.4993651085251296e-06 7.000723291771925e-05 5.106446983347583e-06 8.305535078522064e-06 7.687538928271833e-06 2.9078461176100374e-07 5.958302684542068e-07 3.517195204474784e-07 5.118525732262341e-06 4.035565521072349e-07 3.1495422995961457e-07 7.371554082405007e-07 3.7280502684898914e-07 6.838554800756756e-07 1.121257810386891e-06 8.089903363852387e-07 7.874935178129e-08 6.755602693085046e-08 6.926036802317079e-05 0.0 5.01323123402915e-06 1.9510316286556046e-05 9.375186142754001e-05 1.0062382623870494e-05 4.1916451197962335e-06 2.699429453199815e-07 4.1175936909345877e-07 7.546303038133416e-07 2.260114117721772e-06 4.252044134751362e-07 2.590126917423873e-05 2.411205311821689e-06 1.0944775890936746e-05 2.5491118515533948e-06 1.6990949479533448e-06 1.4503944027831058e-06 5.870205998557415e-07 5.510266775545746e-07
3.1840202068850814e-06 0.0003409731292574272 2.2744963927345123e-06 0.0004927345734799518 0.00010453279838386729 4.0810833327126505e-05 0.00016023562141163471 2.3087155601143533e-05 0.0 0.0002514520360270694 1.7111136182908255e-05 0.0003260355619474295 0.00010300982995547112 2.1498975270438494e-05 0.00036595857825353376 8.675110831890612e-06 2.6657924582495727e-06 1.6450480657574212e-06 1.4993038808690023e-06 0.00040639546548986257 3.1963300985898436e-06 0.001408461026599953 2.736424167383342e-06 0.004543882711362495 0.00014065361084976454 1.6336799003416206e-05 0.0005277288822474512 0.0005693729410206242 4.3423517702107814e-05 2.859061083858707e-05 3.537057168098675e-06 1.5238949863165703e-06 5.8819146709458694e-06 3.0817982241020744e-05 4.1232187485759857e-07 8.129449427793928e-05 9.465219744396597e-06 2.6944032816565507e-05 1.1877649722439141e-05 0.00026642568952120113 8.078287699745711e-06 6.902949533832513e-06 2.858926950768754e-07 8.339999319764975e-06 3.1009353217951843e-06 1.1989868419772974e-06 2.7082934677991223e-05 0.0 6.9244696318073876e-06 0.000182068140093644 1.3336792000673026e-05 4.177951932817288e-05 2.1930155112585447e-05 9.773946690823528e-07 1.234640040534046e-05 4.129344043820927e-06 2.0160046364161364e-05 3.0314326768792052e-06 4.429155371150792e-06 3.8235881825081105e-07 5.679008363639043e-07 4.837855691033071e-07 1.7129004950892227e-05 8.006955938450794e-06 5.748838152962123e-06 8.813508022258951e-07 0.0007422616125676503 1.196743356003167e-06 3.962466285748433e-06 1.4883100097925516e-05 0.00037685951223605696 5.190144279208748e-05 3.11417929396603e-05 8.776459918132317e-07 2.1907689659750773e-07 2.909153473776674e-06 6.798634342572359e-06 8.926890135537855e-07 5.366862288988409e-05 7.911765530305765e-07 1.996471161938275e-05 4.102913609216856e-06 1.002938242519554e-05 1.3117241290007577e-06 3.3794730149914993e-07 7.283910581356197e-07
6.884134777638188e-05 9.675650308977706e-08 0.00014389128657721698 0.0015435191244539514 5.079408034586087e-06 0.00432078995672844 0.005175941874688152 0.002251926388110676 0.0002514520360270694 0.0 2.785327630147022e-05 0.0017521766490272088 2.4410324845766546e-06 0.0009075449738456448 6.775066527277344e-05 3.5616041011155525e-06 1.8857092967780222e-05 1.0501964841205105e-05 2.800908704665696e-05 0.0021562646458684847 0.0001032881161858807 1.8010029283530946e-07 6.757000687369834e-05 0.0001474551484637032 2.8375455641034987e-07 4.0350948839359945e-05 2.907570210885172e-05 0.0014843938583286565 0.000860926198409211 4.876246795013334e-05 4.646616360537041e-07 2.824637283556181e-05 1.1820471049967753e-05 0.0003465003340697088 1.020835253036983e-05 0.0006881145121215766 2.365710447451881e-05 0.0006095556754532824 0.00011927502049880238 0.00018635265474243627 0.00011085122404601834 2.937284005975392e-06 1.3186097713788941e-05 1.799643871178139e-06 6.144437850521944e-07 2.0751464052966944e-06 6.476074926710384e-05 0.0 1.425275976079241e-05 0.00014462921992088615 8.157632608387825e-06 7.180265309850947e-05 6.658661563786967e-05 1.204972034803382e-07 5.782370031702315e-05 8.959669381580699e-08 7.021730183913819e-06 2.483911496582207e-06 7.560711951568561e-07 8.724398163896724e-07 9.329494452637978e-08 2.1853548743848382e-07 3.976516207799815e-05 1.422849033710348e-07 6.874080262310081e-07 4.896941038935759e-07 0.00018122266061891909 2.3191784142586676e-07 2.6423763424743197e-06 7.198437960935208e-06 0.00027513018051230877 9.39317037054264e-06 1.2637292543436545e-06 1.6906997281188915e-07 2.363154920973211e-07 6.524606176897646e-08 3.8123264180991874e-06 3.9224985373898816e-07 2.8102488062320145e-05 1.7924648314211996e-06 8.935003480449519e-06 1.7035849283167025e-06 1.2790335512804618e-05 1.6901579645851565e-06 0.0 1.29866335498353e-07
3.3134400453277694e-06 8.553588612754473e-05 1.996504597569221e-05 5.218385517313089e-08 4.845921138809643e-06 4.5270435495213864e-05 8.027017441426397e-06 8.980775721068263e-05 1.7111136182908255e-05 2.785327630147022e-05 0.0 1.45282809448226e-05 0.0018107378561149983 6.9300839017548e-05 6.484031946381336e-06 1.4778319665449473e-07 0.0005080540001019656 0.00138443757201509 0.000834052313391802 3.5952101108982737e-06 4.316369689359663e-06 2.964999314686662e-05 3.2045424222431735e-05 1.5076888080030832e-05 0.000792540315845527 0.003092867491127659 0.00042029451145259375 3.20876841719773e-06 0.0001239588486280332 9.75549944005389e-06 0.0001693463380523911 6.812977974907874e-05 1.8874804197355587e-06 0.004591374136778371 3.6180139651920318e-06 0.00024399979057799923 0.004515610257404005 0.0024692526105060133 0.0005379198143654752 2.6120993622760995e-05 3.4563135160839526e-05 0.0007937188344716893 3.173532310135548e-06 6.808556076712333e-08 3.275235239902848e-05 4.6528870210422863e-07 0.0 0.0 0.0 1.0366008889209277e-06 1.7014374326498381e-07 3.0059898845937627e-06 1.2961747020287183e-07 0.0002079789241195358 4.783718168080035e-08 0.0012479645086489837 6.156665248317998e-07 7.589744212838228e-08 0.0 2.7884900911766955e-06 7.679960436587041e-05 7.190982268758535e-05 0.0 4.5276206879451216e-07 1.1601661378291695e-05 5.059871371866812e-07 5.300569525339316e-06 0.00018514412515122235 0.00040525942004503325 0.000668690990951702 2.4871185462443584e-06 3.150491873022983e-07 2.6161135459581135e-07 0.00020366777858823125 2.1441969661003998e-07 1.6406709160399735e-07 4.690590058643505e-06 2.0839459666760184e-06 2.242090104208967e-05 0.0005067740639726228 1.8555209901802758e-05 1.5682008730148468e-06 8.107818174159142e-08 1.5561002207270134e-07 0.00010967375230307057 0.0
5.816936278951703e-07 7.039231242896146e-07 2.904162580989845e-07 0.002014278608017527 3.4871592823955736e-05 0.0013310066844836707 1.0777774652127301e-05 0.00033392444180058275 0.0003260355619474295 0.0017521766490272088 1.45282809448226e-05 0.0 1.3118752962044634e-06 0.00020960444680978547 0.0005863747499437113 0.0 1.6469191679996848e-06 5.534984765989446e-06 1.3998831619378337e-05 0.0029020089717560304 3.474243481564502e-07 2.5390913712772874e-06 2.9442291282637417e-07 0.0002293604481916998 1.0863055159985725e-07 1.3401095821555718e-05 6.9510513467134725e-06 0.00041264668647252864 0.00021231479659867032 5.94679244314187e-07 2.6276577168518875e-07 1.720469098211609e-05 0.0 0.00015807720253638798 2.3302118294058907e-06 0.0001269316063342345 5.778678927674069e-06 0.0001868233833790951 1.614518780190066e-05 0.0005629288642913085 4.199225917932599e-05 3.0913115074585124e-06 2.8333551547787972e-06 0.0 5.3541325201776526e-08 0.0 4.2310588760545715e-05 0.0 5.997927812874505e-06 3.045591448138923e-05 1.3901649146576506e-06 4.6437102605819684e-05 3.414073155919998e-05 1.3459334353387832e-07 3.675045037203473e-05 1.1994776811111208e-07 1.4324167776739162e-06 6.182251728238784e-06 0.0 1.2154341564476298e-07 0.0 4.906868657957896e-08 3.1849904810729426e-05 0.0 0.0 0.0 5.533569458992067e-05 0.0 2.4064204539996194e-07 6.425147747596333e-07 8.793825308149616e-05 7.961858996919657e-07 0.0 0.0 0.0 0.0 2.2185193709775057e-07 0.0 4.364036944596755e-06 1.5461988782126777e-07 1.2510710952370687e-06 0.0 3.066033836069504e-05 0.0 1.5988415807771347e-07 5.215083046605172e-08
5.8205895429237395e-08 0.0006112285419526764 1.0447208764734485e-06 7.265633102462572e-08 4.147286672542466e-07 3.737606050422003e-06 4.5870911355998795e-07 5.8492905316979235e-06 0.00010300982995547112 2.4410324845766546e-06 0.0018107378561149983 1.3118752962044634e-06 0.0 3.893592995238822e-06 1.1440108043697813e-06 2.7334331807362724e-06 1.0018191053175955e-06 2.0676293689726313e-05 2.5263418664341115e-06 4.18511021639503e-07 3.091407995398351e-07 0.00019152167332161146 1.5971763250024436e-06 8.565412371723167e-05 0.003189064379645763 0.0011061884252865724 0.002829649503333157 1.9186104775038956e-06 4.71496152339939e-06 3.275332994166785e-07 0.0007089660843913461 3.1674439980386036e-06 0.0 0.0011338152748958566 1.108830115480438e-06 3.9165832645791835e-05 0.0017767161974179878 0.0008600057234589353 0.00016974585815590564 3.869967323371367e-06 8.69148823275446e-06 0.0005884891809232434 0.0 0.0 4.215235732694973e-05 5.883638081872546e-08 6.709717953952437e-08 0.0 3.6955209697163743e-07 3.9949263947446644e-07 1.1608233170592304e-07 1.7289653770426743e-06 9.614093159768683e-08 0.0002542654579436681 1.7281534027920566e-07 0.0012475270607890617 4.1081745996222563e-07 1.2397199077628583e-07 2.56115598484482e-07 1.2343719560654268e-06 2.3396815861229992e-05 1.6576920246169572e-05 0.0 3.232741828674887e-07 8.29698184526609e-06 0.0 3.7864596692516444e-06 0.00017787693453043707 0.0001375732678427922 0.0003301650041907447 4.526175404617162e-07 2.985086722830608e-07 1.1640980032818508e-07 0.00010821853692640445 2.57181768731016e-07 0.0 6.808432863641388e-06 0.0 5.1434079678445515e-06 0.0005352748530215938 1.1260928842364455e-05 8.560048070156767e-07 0.0 0.0 0.00020635393117800915 0.0
0.003663619454726579 2.5872541366084846e-07 0.0004186832860967546 2.4177159349002955e-05 7.780954597329304e-05 0.0008308432605097302 0.0038062014520947422 0.004187755376037951 2.1498975270438494e-05 0.0009075449738456448 6.9300839017548e-05 0.00020960444680978547 3.893592995238822e-06 0.0 0.00010014328961841838 8.365735858526014e-07 0.00026905450893490373 1.3838576148232773e-05 5.6345710073160586e-05 7.028825209343738e-05 0.00014184468968058542 2.0251917932502798e-07 0.00021079423483072273 0.0002740861025205697 6.37463234888012e-07 0.00017122807288561426 9.716569996779779e-05 0.00032142812706824667 0.00286546105333966 0.0018854535502871887 5.078597662561556e-07 8.744947770157985e-05 9.309033682461766e-06 0.0008277337156467993 4.080655978300266e-06 0.00024099855299022354 2.632556469951977e-05 0.000384452569780811 6.0940961093627524e-05 0.000316643720470742 0.0001284673243805722 3.132837497969021e-06 2.653161710403851e-06 1.833478622296708e-06 4.380183541965537e-07 6.469739682545105e-06 2.5740556050774004e-06 0.0 1.2373349584201848e-06 5.967036290755827e-05 3.328303538577933e-06 4.803999439925407e-06 7.260143336791828e-06 1.939063168690693e-07 3.31492773298281e-07 3.571402395987959e-07 4.975936315456419e-06 4.721048508476142e-08 5.978752216516018e-07 6.621426550374101e-07 5.932773831981149e-07 1.8941260916234506e-06 4.1209493932479764e-07 1.1814071645884115e-06 1.8103295429457172e-07 6.124747660614188e-07 7.220802592279734e-05 5.2305337839902395e-08 7.440777785414427e-06 2.2356758729366333e-05 9.116953723126808e-05 1.0282636387572292e-05 7.117354569131381e-06 3.764036718762585e-07 0.0 8.317055668417804e-07 3.7846184475833895e-06 2.0357834049217828e-06 2.6125474709827096e-05 2.0755383776561855e-06 9.464070424271144e-06 1.954686524259288e-06 3.1671198846662616e-06 3.72024558018127e-07 1.992066240176348e-07 2.3812668616376307e-07
5.1964987319913235e-08 2.254790425612246e-06 9.497073352385357e-08 8.40536221661409e-05 0.0006795478406297397 0.000646918236150918 7.891756625585086e-06 0.00018117236018993434 0.00036595857825353376 6.775066527277344e-05 6.484031946381336e-06 0.0005863747499437113 1.1440108043697813e-06 0.00010014328961841838 0.0 0.0 3.2827025932694694e-07 1.415296030615118e-06 3.961231154163786e-06 0.00014249158856437862 1.0491993170390478e-07 5.268962433971097e-06 1.7818453560955846e-07 0.0001677158927731951 9.885083614113735e-07 3.3432123126222438e-06 8.169424713400978e-06 5.3568807032217684e-05 0.0001996293788046126 2.3567359508816076e-07 2.3666499227074413e-07 0.00031790596542284014 0.0 3.776854016995889e-05 6.020842921977697e-08 0.00020463688170716185 2.8420991245678717e-06 3.797712963727988e-05 4.589909051670169e-06 0.00023676446633777204 9.877177717518729e-05 5.741936015572192e-06 9.180389031158771e-07 0.0 0.0 0.0 1.0894906668115824e-05 0.0 4.142019948052652e-06 1.013028997562753e-05 4.3871712834677594e-07 1.2823120398683288e-05 1.0569206639556072e-05 0.0 3.0535041381725295e-05 0.0 0.0 2.505542815437019e-06 0.0 0.0 0.0 0.0 1.68484462775707e-05 0.0 0.0 0.0 1.2238161641372856e-05 4.5448062780360844e-08 0.0 2.8488155846891917e-07 2.2783108576154935e-05 2.053182419067216e-07 3.1705072959763674e-07 5.598888953986993e-08 0.0 0.0 0.0 0.0 1.574215750377865e-06 5.037058386769338e-08 8.468229167929246e-07 9.606175523945897e-08 3.863659884049075e-05 0.0 0.0 0.0
2.51000938444981e-07 3.478867290029365e-05 1.0571972390914966e-05 3.0059130606804226e-07 0.0 6.021719245397849e-07 6.165558542939273e-05 9.055144450636935e-07 8.675110831890612e-06 3.5616041011155525e-06 1.4778319665449473e-07 0.0 2.7334331807362724e-06 8.365735858526014e-07 0.0 0.0 3.507221852265251e-06 6.603825512484041e-08 1.9974347908463226e-07 0.0 0.0012947979058962503 0.0008946619342176648 0.0021675500629986214 0.0009097329881438953 4.530018228899855e-06 3.5910256731644416e-06 0.0031242375712003463 0.0008075527396407905 2.9989126182377715e-06 2.4578822039717632e-05 0.0 0.0 1.5682168047970517e-06 2.1405751200854246e-05 2.9697474476018813e-06 0.0006405989596162369 0.00020689012864618186 0.00015793892666657886 0.00014851079342318577 1.2512968952628182e-05 1.1645140995112727e-06 4.3709455210505813e-07 3.903344689836777e-06 4.930287525792072e-06 1.316250451621678e-06 4.5541418172164996e-05 0.0 0.0 5.355119491446299e-07 2.485871758370691e-05 7.90900491738018e-06 2.612171176311216e-05 7.89973959830267e-07 2.9589447266213583e-07 0.0 5.816296707997823e-08 1.4658767503923608e-05 0.0 0.001957329453588419 3.195395503149448e-06 1.1538689772584595e-07 1.2052179293832039e-06 0.0 0.00064673461597095 0.0005489369407130516 0.0014119658262822215 0.0002693492654575907 0.0 5.746850502909431e-06 0.000665284687582706 0.0002734123302752535 3.8391857403517575e-05 8.035161725889262e-05 0.0 5.080502841325198e-08 1.0255823484636877e-05 7.756006998839684e-06 8.30853269273021e-07 0.00017052614566001422 2.1970211876855367e-05 1.6568780805707404e-05 6.426571595024243e-06 9.243927964388041e-07 1.4767547428233954e-07 1.5398259014345867e-07 6.306656304978368e-08
8.434960920600144e-05 2.0160695925466127e-06 0.003996916148041423 2.4172226245683576e-07 5.2815554484500164e-08 1.0900938826900904e-05 0.00019756209298458024 0.00023112255863881514 2.6657924582495727e-06 1.8857092967780222e-05 0.0005080540001019656 1.6469191679996848e-06 1.0018191053175955e-06 0.00026905450893490373 3.2827025932694694e-07 3.507221852265251e-06 0.0 4.753721834933927e-05 0.002136692649291278 6.071595035460745e-07 0.00020767052688484768 1.5626943687939415e-06 0.002323639942219571 4.144940546457324e-05 5.727482564021816e-07 0.0028242227011438937 0.004145195307115412 0.00011312949662551021 0.0001882527426607746 0.0006938342626139459 7.297280837594151e-07 1.4820731117723737e-06 2.6917917209962373e-05 0.002145091453260245 3.002892446045575e-06 0.00022830057495757774 0.00012761963373583083 0.0009518063908343177 0.00031847159816303724 6.70671433422393e-06 1.8111611133638462e-06 1.5499689350414846e-07 1.1559844359435026e-06 6.116570954258242e-07 1.546965737546672e-05 3.3938516418296925e-05 0.0 0.0 0.0 5.96308601553693e-06 7.864961603492784e-07 9.79241700233897e-07 1.658358134843716e-07 4.1513558367068515e-07 0.0 1.3754166044982846e-06 8.930711199705331e-07 0.0 1.7439380554031608e-06 2.9789308122496263e-05 3.295281055765593e-06 3.972016188830291e-05 0.0 3.810590528658762e-06 1.2949290523010622e-06 1.969951354409169e-06 1.2613398232918746e-05 6.070325620007814e-07 0.00026085433728803597 0.0006330285351699451 1.526628641882517e-05 2.1007429547371853e-06 4.0194745605331414e-06 1.293074164586784e-06 0.0 2.668835228843724e-07 5.707638858235415e-06 1.0130008149714014e-06 2.593507763753967e-05 3.8970931286204594e-05 3.0104910624439886e-05 3.0791052967462255e-06 4.2112210728690665e-07 1.016277680221498e-07 3.650098878078373e-07 3.619569647552196e-07
7.875407212783495e-07 6.803701934864385e-06 2.5029914747268726e-05 1.6245592321200803e-07 3.012003744071974e-07 1.4400432648893351e-05 3.7302222084719045e-06 1.5103745374053675e-05 1.6450480657574212e-06 1.0501964841205105e-05 0.00138443757201509 5.534984765989446e-06 2.0676293689726313e-05 1.3838576148232773e-05 1.415296030615118e-06 6.603825512484041e-08 4.753721834933927e-05 0.0 0.0005476936298886463 1.3056794464626062e-06 1.1877127046130513e-06 2.473323752872972e-06 7.050363626606185e-06 2.849751601398374e-06 6.487184293028975e-05 0.002298721826929274 0.0005148102826063842 7.763063342007974e-07 1.5302505610344008e-05 1.7571651404880592e-06 3.4950460442641794e-05 7.837952177160645e-06 9.930856272819234e-08 0.00039274911772817336 2.332755610247874e-06 0.00020052745541082216 0.000667620189902327 0.0004230761315715404 0.00016745715180097647 8.601739105033853e-06 2.7295762757137456e-06 6.8270291176670356e-06 6.536315056633002e-07 0.0 6.088187089380724e-06 9.700090213292077e-07 0.0 0.0 1.792879905995871e-07 5.940824622216495e-07 1.1799699941793591e-07 6.212619205559259e-08 0.0 1.9526291977295747e-05 0.0 0.00015652027606463342 1.914770970771685e-07 0.0 0.0 2.1501059985232414e-06 5.0318319388503636e-05 4.002652258807802e-05 0.0 0.0 9.583500594187835e-07 0.0 7.183678408803639e-07 3.627610677403225e-05 0.00027812853801010217 0.00044279130095303587 4.908107348369425e-07 1.7553023886711591e-07 0.0 7.868172887555738e-05 4.226646400833386e-08 0.0 3.203951009681491e-06 6.808937972012231e-07 1.1416927470236898e-05 1.8143702180223254e-05 8.658969467203727e-06 6.054537698855497e-07 0.0 0.0 7.164094418210773e-07 0.0
8.134161519293092e-06 1.301111164367966e-06 0.00021880521053576523 2.72016387982148e-07 4.457401716020911e-07 3.341260949031947e-05 2.2690061007796262e-05 5.019304839952596e-05 1.4993038808690023e-06 2.800908704665696e-05 0.000834052313391802 1.3998831619378337e-05 2.5263418664341115e-06 5.6345710073160586e-05 3.961231154163786e-06 1.9974347908463226e-07 0.002136692649291278 0.0005476936298886463 0.0 3.6820976402105844e-06 9.435483687411657e-06 9.135912290610629e-07 0.00021930476703488445 5.711709786733465e-06 3.950690331174221e-06 0.0032479972976624115 0.0010242966096143352 9.788303107792226e-06 4.426961725340756e-05 5.930601008701316e-05 4.352402442081254e-06 1.0276976563509813e-05 1.5391571812757836e-06 0.0026473029730529046 3.99640153602697e-06 0.00046949347066581673 0.0005851486953694524 0.0010961852100822799 0.0003543324060055069 1.851886270938444e-05 3.2750240397381833e-06 2.2977892992087653e-07 2.0580358898651807e-06 0.0 1.1534573092049434e-05 4.02913843052195e-06 0.0 0.0 0.0 1.8755481293647856e-06 4.6371015880528296e-07 3.495754290398025e-07 0.0 2.4756505018243344e-06 9.811605035741826e-08 1.205728499271529e-05 3.2041593593917005e-07 0.0 2.2311091734643704e-07 6.047148790101021e-06 1.6719365262820794e-05 4.918645775936744e-05 0.0 7.090680343576093e-07 4.780313682694774e-07 6.069134091592352e-07 3.3762511984597555e-06 3.813045836461278e-06 0.0002065081104084176 0.0005294873260171349 3.194355888386552e-06 2.9356977456016303e-07 1.0198541730594067e-06 6.592257006603486e-06 0.0 0.0 5.233290932337537e-06 1.8908728601506005e-06 1.642386601597959e-05 1.4215672000627669e-05 1.5483118807793797e-05 1.1506707643444124e-06 1.112292115127252e-07 0.0 3.560388090685506e-07 0.0
2.772858068507464e-06 0.0 1.6421820376652428e-06 0.0011562721209980068 3.892549014881087e-06 0.00014466442122759775 5.52880421995717e-05 0.00010057472954898331 0.00040639546548986257 0.0021562646458684847 3.5952101108982737e-06 0.0029020089717560304 4.18511021639503e-07 7.028825209343738e-05 0.00014249158856437862 0.0 6.071595035460745e-07 1.3056794464626062e-06 3.6820976402105844e-06 0.0 8.906997914345581e-07 0.0 5.791134972557376e-07 0.00026256199094697354 0.0 4.2282597407129645e-06 2.555020386343664e-06 0.0012407722005524646 0.00011065604180300354 1.357349394216227e-06 1.2956247803367503e-07 5.080743635171149e-06 6.310002921727365e-07 4.834490288277469e-05 2.066375748075952e-06 9.986864504432408e-05 3.898595959385477e-06 9.680924483253328e-05 1.5576431120450945e-05 0.00018572860213988358 2.123540755255301e-05 2.986443412480902e-07 2.5451757927923024e-06 2.5207008317711834e-07 2.4523603851084416e-07 0.0 6.085690466764864e-05 0.0 9.957409543499875e-06 6.193384469339484e-05 4.439720042804396e-06 6.941753301885428e-05 4.719085514232442e-05 0.0 2.2272067972655387e-05 1.6978305766851236e-07 2.044969253585452e-06 4.358269092796677e-06 0.0 1.6275729251382385e-07 4.058810767917961e-08 5.039970668301146e-08 4.336303530353725e-05 0.0 2.1416455058830376e-07 0.0 0.00010216974822209048 4.598543055970568e-08 9.102750809972945e-08 6.825880174535955e-07 0.00015810633920624928 2.585408636054095e-06 1.1414903670193775e-07 0.0 7.140106831745188e-07 4.8816322776315856e-08 9.916015097635952e-07 9.666736654021321e-08 7.407231095696306e-06 1.4796302297043936e-07 3.6683468609322515e-06 8.390907433519594e-07 1.6516560992810978e-05 1.828885281386091e-07 0.0 0.0
1.9477513142839892e-05 7.846333595231098e-07 0.00020422059845460105 1.583164303703362e-06 0.0 2.127284066595307e-05 0.0015509263418949117 0.000145133170640028 3.1963300985898436e-06 0.0001032881161858807 4.316369689359663e-06 3.474243481564502e-07 3.091407995398351e-07 0.00014184468968058542 1.0491993170390478e-07 0.0012947979058962503 0.00020767052688484768 1.1877127046130513e-06 9.435483687411657e-06 8.906997914345581e-07 0.0 5.4351079513488806e-05 0.00605133518852981 0.00018749327457289914 1.4080380934757872e-07 1.509773237412263e-05 0.0002583076405868445 0.00281186215165341 7.920216333059595e-05 0.005816604847277881 0.0 4.072069132225992e-07 3.555279269911849e-05 0.001356573327616518 1.3572617023091005e-05 0.003881458788103114 0.0007359623717532995 0.0028136739200142298 0.0015426318756237688 6.71013493724962e-05 8.521511060683266e-06 9.523774883643084e-07 2.353729619432572e-05 3.81753779227515e-06 4.138824430648372e-07 9.76676338349029e-06 0.0 0.0 1.6493752260210033e-07 1.617994735037587e-05 5.293977884284967e-06 8.960672865202882e-06 7.911125393860326e-07 2.7675072478828536e-07 0.0 0.0 8.600219983587989e-06 0.0 0.00032031730643755635 2.6783233704454234e-06 0.0 8.029905802665232e-07 0.0 0.00033834873878115906 4.462436833640648e-05 0.00010056652868859786 0.0001205052663457033 6.988349971140892e-08 4.0921804776276546e-06 1.3576524946762037e-05 0.00012387174129592163 2.520838309932209e-05 5.278376127854987e-05 4.951839939724605e-08 1.3938599382963902e-07 6.732136915841034e-06 5.901355064382044e-06 1.7517542307303286e-06 0.0001684165613276818 1.6093997907471848e-06 1.0376643904242946e-05 2.0062241733775745e-06 5.530660022259796e-07 7.721499222286575e-08 4.3577556189206963e-07 3.428163044652844e-07
1.2594616328014086e-07 0.0011477285538475986 1.995409773111375e-06 0.0 0.0 4.1114297575363526e-08 2.5275763118889995e-06 2.9144769962387317e-07 0.001408461026599953 1.8010029283530946e-07 2.964999314686662e-05 2.5390913712772874e-06 0.00019152167332161146 2.0251917932502798e-07 5.268962433971097e-06 0.0008946619342176648 1.5626943687939415e-06 2.473323752872972e-06 9.135912290610629e-07 0.0 5.4351079513488806e-05 0.0 7.948161192136637e-05 0.0033492789687109724 0.000347891234183713 2.3727762822074975e-05 0.002105024589525962 6.899761655088218e-05 1.3996657911292712e-06 3.895985808684119e-06 6.451653328488784e-06 0.0 1.260205970491558e-07 3.5440191303486744e-05 0.0 4.532202123373438e-06 7.867811975008654e-06 5.124530117871958e-06 2.279903932162548e-06 8.165959196396665e-06 1.570374132477165e-07 1.6193881986039994e-05 0.0 1.2623619975410845e-06 8.159256609668272e-06 9.179994514087261e-06 8.998376147850445e-08 0.0 5.160260147881936e-08 5.093091656086804e-06 1.5486071031879432e-06 6.442989620801733e-06 1.59092153219036e-07 1.8679525221354578e-06 0.0 6.935798433355724e-06 3.2147389675623654e-06 1.5980137011339175e-07 0.0005179454253156156 9.33662888265075e-07 8.00174684886073e-07 9.123415794231097e-07 2.0095784581921206e-07 0.0001380638812173049 6.991004866173403e-05 0.00019555027063703005 0.00013174715804666274 1.8895657490303073e-06 8.313476001287277e-06 0.0001823211434904807 8.298333813438857e-05 1.039365078392131e-05 1.7697897455874664e-05 1.3353814608556632e-06 0.0 1.3026938018258028e-06 1.9547471147949245e-06 5.285945321727559e-07 1.020869624744957e-05 3.2775026231732913e-06 6.325680112092431e-06 1.201096276292259e-06 7.594458640571529e-07 2.3198940626770274e-07 7.270791893463382e-08 6.278366270230354e-08
4.135286351652105e-05 1.5191570152846766e-06 0.004878241826536681 1.1790193802480528e-06 5.986409009932093e-08 1.4605921850208365e-05 0.0011264828405657473 0.0001854548725499824 2.736424167383342e-06 6.757000687369834e-05 3.2045424222431735e-05 2.9442291282637417e-07 1.5971763250024436e-06 0.00021079423483072273 1.7818453560955846e-07 0.0021675500629986214 0.002323639942219571 7.050363626606185e-06 0.00021930476703488445 5.791134972557376e-07 0.00605133518852981 7.948161192136637e-05 0.0 0.00011886957590232575 2.0279200638286024e-07 0.0006353514894354364 0.004998230978944969 0.002824649850886033 0.00011768105053733231 0.0034848520772132745 0.0 2.472105050703102e-07 3.707305453411283e-05 0.002128387279928172 4.995103246599241e-05 0.006107408517812229 0.002639700425881191 0.004740787354585853 0.0030687069035238894 0.00016615403457415063 1.5776741927057747e-05 7.913999267205406e-06 4.283163649118068e-05 4.438872404886088e-07 1.8581072311445065e-06 0.00018683472218607405 0.0 0.0 3.4289472306482243e-07 1.2202744675030146e-05 1.6916191042964476e-06 2.345335667430195e-06 2.759188113052769e-07 6.149564257706108e-08 0.0 7.417840810637598e-08 3.1436447240323015e-06 0.0 0.0010428159933638728 6.807273677573193e-06 5.442049342146926e-07 3.842231994373916e-06 0.0 0.00022449421795886008 0.00014579324689088823 0.0009509475897431692 6.903070182210738e-05 7.766262026164986e-08 2.0342464998973516e-05 0.0011489746555990474 9.2056663930354e-05 1.0063194224896679e-05 2.2120179978328368e-05 5.340228816901835e-07 1.914164876918133e-07 1.911251004470071e-06 3.3882720146492077e-06 8.078315831065825e-06 0.00016071777271390079 2.3881841142399582e-05 1.5038565761312889e-05 7.388462536392457e-06 6.612620037218539e-07 0.0 1.1298012719487155e-06 1.8313649995742619e-07
