0.0 0.0 1.2613251373569478e-05 4.385538087788893e-06 1.2524213522346997e-07 1.0660210124347609e-05 0.0009772260478469496 0.00028739637050129483 2.5568164508331056e-06 5.282665019100635e-05 4.800494691494093e-06 1.3160100734048277e-06 4.5839074743047615e-07 0.0030608636826930276 8.252097615581623e-08 1.0396055844987636e-06 8.605566954228768e-05 1.3163492142536853e-05 5.568889935568599e-05 1.5140399585154858e-06 2.835489257818331e-05 6.00848160998943e-08 3.4536195708324705e-05 3.109854674359728e-05 0.0 1.768050066056523e-05 7.102784835916413e-06 7.323014336833825e-05 0.0014436054475235683 0.0014161284882519894 5.4502461112311565e-08 3.7227471978622575e-06 3.398936706858895e-05 0.00013985352791458973 2.2602198506300298e-07 4.1860532294643566e-05 5.804602733861525e-06 3.8479183808226196e-05 1.7508218633837125e-05 6.725484960604213e-07 8.913570917333467e-08 1.3199651473751317e-07 8.71791328736577e-08 5.873499851460657e-08 1.433570134540477e-07 0.0 2.917748970084193e-07 0.0 9.947366321503667e-08 1.7548291492561e-06 1.3151010000777943e-07 3.561804464938089e-07 3.2189386811820936e-07 0.0 8.518675373509509e-08 5.7139072831813654e-08 2.1644139645982023e-07 0.0 4.7186209686230715e-07 0.0 1.2081913922958732e-07 0.0 2.376356444707245e-07 7.828535120855942e-07 0.0 1.7680704967263002e-07 4.458512829956436e-06 0.0 2.3360444447858235e-07 7.443567752243463e-07 5.483032209596416e-06 3.321263460367845e-07 8.249185571371447e-07 0.0 1.369230299289169e-07 1.359070622475848e-07 6.692813884643201e-07 0.0 2.127715973331367e-06 1.203408396957427e-07 1.967671794829318e-07 2.3334844732505182e-07 9.500187321334771e-07 0.0 0.0 2.3179254918185556e-07
0.0 0.0 9.750232004388767e-06 3.4184143094353604e-07 0.0 4.270160204541701e-07 6.358780146220998e-06 2.3742426804052514e-07 0.00021212473692836938 6.227922762473071e-07 6.655638306814322e-05 4.03118940896696e-07 0.0005118712525410087 3.72426850144811e-07 2.1648004947204565e-06 2.685834688679314e-05 2.0614070093633408e-05 2.3669401104110578e-05 2.182898914185475e-05 1.5923452703637336e-07 5.121501715237895e-06 0.0011648806967033741 5.848428750712895e-06 0.0004960207623510442 0.000682513697825768 0.00019107091535115595 0.003148906966301382 4.1804825198257214e-05 5.781192069033787e-07 4.253879767627263e-07 4.815943287409343e-05 7.837425673581429e-08 4.5672022535886095e-08 6.258705418639693e-06 7.46127134771892e-08 1.314066379443039e-05 5.445394577621875e-05 3.891357127586408e-05 6.34486408919607e-06 1.6580114131264938e-06 1.8875791389369541e-07 2.6973230424356222e-05 0.0 0.0 6.416621712227514e-05 5.6683428234108445e-06 2.450888563234765e-07 0.0 0.0 7.010578947614908e-07 0.0 8.635205173250266e-07 1.754190898097262e-07 3.083119035104799e-06 0.0 9.969733759475715e-06 0.0 0.0 2.4012464446183386e-06 4.663697485663634e-06 2.2118505580704168e-06 7.109125074789562e-06 9.407345024289549e-08 1.3760782991992933e-07 1.6383963441019027e-05 2.5582532218425608e-06 1.041771296337695e-06 8.68879215971418e-06 4.826480390243426e-05 0.00035689478462385364 3.938321875119312e-07 0.0 5.474838068361866e-08 2.957271109506048e-06 0.0 0.0 8.226983955044655e-07 3.393854101830278e-07 5.626970423610957e-06 5.931771469719179e-06 6.090475933926285e-06 3.832063783885074e-06 3.269370938802697e-07 0.0 0.0 1.1076715372222068e-07
1.2613251373569478e-05 9.750232004388767e-06 0.0 5.685589191439775e-07 8.926171322861819e-08 2.5096744265460763e-05 0.0007756937459325693 6.0864277631485664e-05 2.0702458570651367e-06 3.872996446970695e-05 9.23510204390787e-06 3.1200093016702217e-07 3.545688148648433e-06 6.178606328005415e-05 0.0 1.2054884150699683e-06 0.0017103923276739032 3.251145163463861e-05 0.0002761845650493891 8.930203641157094e-08 0.0013650182432787678 3.19527884470613e-06 0.00588967598898965 5.064526253153191e-06 1.4020888302766593e-07 0.004528876834892479 0.003908126310588392 0.0002830254794722945 2.0592908824853104e-05 0.0005473497705708186 1.2836144513579223e-06 9.66725473913273e-07 3.090853219547638e-06 0.00023865752177995459 2.8075829771336848e-05 0.0007851983825514448 0.0006094500642747192 0.0009416938993196861 0.0006380664984869361 3.3164959323185434e-05 2.34382164747931e-06 4.329592111570859e-06 5.081467405836839e-06 0.0 6.636122029802202e-05 0.0001401892009354356 7.548048242810277e-08 0.0 4.7655899999853574e-07 4.127860544554146e-06 2.5390477838265157e-07 1.0108798391313638e-06 7.902285669751928e-07 1.4841485856583005e-06 7.891180491208483e-08 7.93332466584698e-07 5.936245612013657e-07 5.9240870004917085e-08 1.2124274577088835e-05 0.00012804311087366642 1.6937762125670035e-06 4.755573288158116e-05 0.0 3.134661536359822e-06 2.214680122068944e-05 4.35664029212774e-05 8.240339112352874e-06 5.008523830477584e-07 0.0002552527972180602 0.001266549013468039 7.844703915983643e-06 1.2175465549824152e-06 3.1423539793885363e-06 5.706212929182553e-07 0.0 0.0 6.932159663110563e-06 3.769321643892009e-06 7.352943584604199e-05 5.112466730449732e-05 5.380422152567764e-05 4.274027552130425e-05 4.403182944499595e-06 0.0 1.550780856631125e-07 4.808694201440601e-07
4.385538087788893e-06 3.4184143094353604e-07 5.685589191439775e-07 0.0 5.621474687842009e-07 5.9305764180030326e-05 0.00022347684069756025 2.2953764238510863e-05 0.0004530922474057377 0.002421331664641741 2.418831577086434e-06 0.002800854541948031 9.591566398001895e-07 2.9343120429039466e-05 5.362197710194842e-05 6.900994153082554e-07 9.90490122385984e-07 5.522538581372616e-07 7.067484659291019e-07 0.0022256097832618654 1.5963658657572344e-06 1.3873032604334829e-06 3.883057219727e-07 0.0011229882237303924 0.0 7.269038553220122e-07 3.96034789643136e-06 0.0020630268137829494 7.002449595550664e-05 2.500847907172227e-06 0.0 3.6022673500882517e-06 1.3547246600003666e-05 3.706419494430686e-05 1.5490282056921376e-06 0.00024247371084387283 6.173487759462171e-06 5.4625306265467325e-05 2.373845393577993e-05 0.00026168752498035056 5.438934993524454e-06 1.3838943854211292e-06 1.30832326902331e-06 1.008830216583573e-06 1.5011329965350306e-07 9.170333315840666e-08 0.0001733917973331579 8.714944085440094e-07 1.0455595396191197e-05 0.0001085882067143369 2.7924425388578124e-06 1.801421047670168e-05 8.540824840490639e-05 1.5773080266155223e-06 3.983916542356855e-05 0.0 6.168179127375427e-06 2.339112025251742e-05 1.7337447820258587e-06 0.0 1.1158765401365762e-07 0.0 6.875059536791984e-05 1.0820714148239528e-06 6.858431835906135e-08 2.196447607775465e-07 0.00015762956055832912 7.41139245733648e-08 1.2916345143566833e-06 1.956533110038857e-06 0.00011724884624832575 4.675618318518286e-06 5.5333867944234195e-06 0.0 1.2669307269130348e-06 7.498286067283179e-07 5.36734847258568e-06 7.963649533273168e-07 4.635841390652911e-05 1.8170257801257124e-07 1.1638219551056322e-05 1.424265638269663e-06 9.361131123044926e-05 1.9391534839807036e-06 0.0 7.653225294832051e-08
1.2524213522346997e-07 0.0 8.926171322861819e-08 5.621474687842009e-07 0.0 0.0002798686576496921 9.255700977601543e-07 3.846137991252869e-05 5.939340141014185e-06 4.6199369816660896e-06 3.5545662997778375e-05 9.362668300108188e-06 1.134487880686307e-05 8.033564259588491e-07 0.0008574167895504334 0.0 3.659021383868651e-07 3.540223279759731e-06 3.3353148706336086e-06 1.0152001183401096e-06 9.073672506347514e-08 0.0 3.0212669487161955e-07 2.59577155486744e-06 0.0 8.408907023015229e-07 9.676944685784842e-07 6.437744022925928e-07 1.109238838629574e-05 7.174298482910264e-08 1.5821439892462506e-07 1.56318312455307e-05 0.0 0.0003490127072657977 0.0 1.8757699050221795e-05 2.820090822725823e-06 9.726081191277546e-05 1.0457995553211474e-05 0.0013434178612788978 0.00013165727319852736 4.318636614259301e-06 2.4772235650377336e-06 0.0 0.0 0.0 0.0 0.0 0.0 0.0 0.0 0.0 0.0 1.2914394197344987e-07 0.0 0.0 2.79811320123044e-07 0.0 8.139382086449344e-08 0.0 0.0 0.0 0.0 0.0 0.0 0.0 5.978016633320594e-08 0.0 0.0 0.0 4.3467661112478533e-07 0.0 0.0 0.0 0.0 0.0 0.0 2.3391677668784157e-07 1.939310470602763e-07 0.0 0.0 0.0 1.969958060602534e-07 0.0 0.0 0.0
1.0660210124347609e-05 4.270160204541701e-07 2.5096744265460763e-05 5.9305764180030326e-05 0.0002798686576496921 0.0 0.0005851538016849167 0.0026493000787574826 2.5675016105744895e-05 0.0053345062100851135 4.646682616237265e-05 0.0018166820952427577 1.871259493714944e-05 0.0002376802022391596 0.0007260599353936145 8.635092014684566e-08 6.346642181745484e-05 1.4513108180464798e-05 4.367919421866021e-05 8.899077719488329e-05 8.734939178290764e-06 5.859782128280765e-07 1.2551560177152168e-05 4.935681548102202e-05 1.449034038783009e-07 2.9648032092894397e-05 1.1076260711302648e-05 0.0001986718370344786 0.00028617142573269323 7.628095238085939e-05 4.869162651214797e-07 0.0007177265485163682 1.975176540746777e-05 0.0001816788573849658 6.940936855890097e-07 0.00019937380590068319 1.3245383850378696e-05 0.00023941050294319034 5.008662943102193e-05 0.0009352587778504242 0.00017567319077961075 8.083505984895806e-06 4.5558062562459185e-06 1.6379685245999311e-07 1.5312181786085055e-07 8.589213307450001e-08 7.1599070527922464e-06 2.1937919591946458e-07 9.442284284647507e-07 8.590167318567154e-06 0.0 1.9836868811199897e-06 3.8038619571067627e-06 0.0 1.0910658112070798e-06 0.0 1.1164213080092954e-06 9.830744358160183e-07 4.4383202173511247e-07 5.467144485606591e-08 9.135411408462299e-08 1.0620441696871425e-07 3.3609958193545933e-06 3.3317609418505943e-07 3.0541981051368016e-07 2.4981660491651915e-07 9.618557158191999e-06 0.0 8.677977997065559e-07 1.6351116414414302e-06 1.1392801270909856e-05 6.406691058753466e-07 5.344037435284241e-07 0.0 0.0 0.0 2.1369845167992738e-07 0.0 9.218113823945e-06 8.126043000999507e-08 2.1579351718235425e-06 5.526402468648668e-07 6.805192551737041e-06 3.727053718943231e-07 0.0 0.0
0.0009772260478469496 6.358780146220998e-06 0.0007756937459325693 0.00022347684069756025 9.255700977601543e-07 0.0005851538016849167 0.0 0.002308206936624383 0.00022863033368471244 0.002624691691285823 3.129363510585589e-05 5.889723019257747e-06 7.150895384838568e-06 0.003879386510922848 8.801082013829997e-06 5.2704627753324856e-05 0.0003325771424862111 2.736558783140636e-05 0.00012733448542591303 1.287357963371109e-05 0.0008573668006892917 2.189207829859283e-05 0.0003257821939510529 0.000868735559591216 3.55852963633724e-07 0.00029213925742240524 0.00043924902545505447 0.010157990560717376 0.0012183023763870874 0.00246341206656607 4.5603909734402434e-07 1.5144788997777366e-05 0.0002183195712821492 0.00046845635079355394 1.663421099968556e-05 0.001402089235942191 0.00010939069406451549 0.0007397672206020274 0.0004602911108051233 8.550289696288582e-05 5.009481556417775e-05 4.533107869102557e-06 1.5877005924121152e-05 8.85444201475145e-06 6.790720839451457e-06 6.84437572105479e-06 6.583453989011064e-05 3.768166698125218e-07 7.427344970068144e-06 0.0003366485683560797 9.922549315508712e-06 6.216898489519058e-05 4.5529713792363545e-05 6.094231285813179e-06 6.530339783405012e-06 1.4119675602080112e-07 3.727450331789332e-05 3.6843061105069267e-06 3.410853052361564e-05 6.774389791822213e-06 1.2133656266268382e-06 3.8048218296747997e-06 2.3557780089529233e-05 1.447968206779228e-05 9.150707087350557e-06 1.9515436416652357e-05 0.00040630292854320217 1.6091882865919195e-07 1.1750492442098996e-05 7.213358561759426e-05 0.0004121030866991048 4.637885443536955e-05 3.306053111864578e-05 5.897151319944239e-08 1.5173680371979131e-06 4.2748396690046095e-06 2.4879204378261097e-05 5.1501709927242895e-06 0.0001430632134943134 4.2180130354992125e-06 8.054430036262176e-05 1.1288752119714829e-05 7.688473698307243e-05 1.1220515336547823e-05 2.2874119696537223e-07 1.6682489983911611e-06
0.00028739637050129483 2.3742426804052514e-07 6.0864277631485664e-05 2.2953764238510863e-05 3.846137991252869e-05 0.0026493000787574826 0.002308206936624383 0.0 6.355173472949394e-06 0.002366069054184529 0.00015685903185860549 0.000257521245791628 5.482783978865308e-05 0.003228232146973585 4.725121438482759e-05 1.2722955697996088e-07 0.00026186431945018413 5.372615709675193e-05 0.00018276666740871798 7.375281890565486e-05 3.6836353111569326e-05 2.5537134938545903e-07 7.716967597155554e-05 5.326744807210993e-05 1.2092014128325938e-06 9.366089765457061e-05 3.3026545438793996e-05 0.00012276486910721236 0.0010233570746716388 0.0007478721608587772 1.7068734874597112e-06 0.0007537038281651202 2.0046676339233094e-05 0.0005153109193509078 7.712891608480375e-07 0.00020394364141536656 2.8633186395237263e-05 0.0004573026732858051 0.000111585826873447 0.00032625360471191236 0.00016130190576987965 1.9168709822025082e-05 7.0380906613911695e-06 1.4317688952586265e-07 1.8954884128015523e-07 5.981484229958956e-08 2.3888914787764233e-06 0.0 5.610372637119581e-07 1.1598487269193927e-05 5.446801223430287e-07 1.3030218137861464e-06 1.4242410784476796e-06 5.946750848778649e-08 9.973903440529701e-07 2.3440268582458957e-07 1.8043400579233643e-06 1.8173397190923416e-07 1.3151444725051917e-06 4.3381128016038757e-07 0.0 5.687418495417018e-08 4.162639257715715e-07 7.294936911209641e-07 6.417775842190031e-08 2.5963839993605746e-07 1.4300608847525272e-05 1.3250832908774882e-07 1.200345793154669e-06 4.437547041420087e-06 1.6308506867140582e-05 1.5334361336277297e-06 1.7561326965138233e-06 9.559763313795483e-08 0.0 1.501856894288708e-07 1.109632852384953e-06 5.24957985434343e-07 8.589282179497903e-06 3.694861670912737e-07 2.8456285258137746e-06 4.3311293199123293e-07 2.522310102326807e-06 2.2307301542612378e-07 9.134528763080481e-08 6.929105594402953e-08
2.5568164508331056e-06 0.00021212473692836938 2.0702458570651367e-06 0.0004530922474057377 5.939340141014185e-06 2.5675016105744895e-05 0.00022863033368471244 6.355173472949394e-06 0.0 0.00033798088953618363 1.934072972878291e-06 0.00032024885191874743 6.284096966792601e-06 1.0390579206065614e-05 0.00028042436317828864 1.9984048334714212e-05 2.0176444384331155e-06 1.0495958876618752e-06 1.3558601327247729e-06 0.00033253972354077007 2.275531177621194e-05 0.0009633314775855647 3.600267558442356e-06 0.007172280401206738 1.6388612882684893e-05 5.319310724768783e-06 0.0004492012383223641 0.0011902810058186696 2.9865272172022922e-05 3.0828385051228095e-05 4.5684680784679766e-07 9.525582571456661e-07 1.080753828791503e-05 2.143920505742249e-05 1.8156414836696117e-07 0.000136106225650746 1.2481907150907872e-05 2.7180358785165393e-05 1.3085607756130284e-05 0.0002889986539259045 1.2307581453061269e-06 2.8148385599722937e-07 2.8680430096416064e-07 1.3157086757150561e-05 7.555236403967304e-07 4.316456111683195e-07 0.00024536560294886986 7.756533580915578e-07 1.0499585983559414e-05 0.00026609847896616473 1.4255232871105947e-05 5.704262469701065e-05 0.00010140120325812864 3.459880076834835e-06 3.5572805692945375e-05 3.8570631418451e-07 3.4911719084133863e-05 2.5672540161193004e-05 8.22614803888031e-05 8.650525240573051e-07 1.0647957395405966e-06 9.751918212696994e-07 7.228743257576784e-05 4.413649031228744e-05 1.3089177465413016e-05 4.184708627199257e-06 0.0010718863787690142 0.0 2.4291695139893906e-06 5.907212624644346e-06 0.0005098112690047023 5.2464117054340956e-05 4.941566425081246e-05 1.5958018553582548e-07 1.461955118804887e-06 6.843923215332589e-06 1.8050598299525847e-05 2.1510711771793876e-06 7.211566610820581e-05 4.8945791490961435e-06 5.0446907108808754e-05 9.33880827023332e-06 8.695283932517578e-05 4.7939213614004796e-06 0.0 1.5883003036744466e-06
5.282665019100635e-05 6.227922762473071e-07 3.872996446970695e-05 0.002421331664641741 4.6199369816660896e-06 0.0053345062100851135 0.002624691691285823 0.002366069054184529 0.00033798088953618363 0.0 7.208902775061141e-05 0.00263137319349575 1.852625106694438e-05 0.0012923244811823735 6.939078946490049e-05 4.920023613125097e-06 2.6212116125249823e-05 1.658831733461105e-05 2.8959838574616036e-05 0.0037756778742728176 2.5050175835130597e-05 2.0594607060275835e-06 1.3279089536691217e-05 0.0007472584346060141 6.491501925527125e-07 2.6679240530904483e-05 2.5611917548405032e-05 0.005285918423597191 0.0010345486604360066 3.0344649231637214e-05 1.000121583069838e-06 6.784765543224281e-05 8.803523886556278e-05 0.0005636423345529176 6.319876368444088e-06 0.001299663818571184 4.7762283863770036e-05 0.0008148668206643166 0.000249629948397038 0.0003208503639061979 7.770090771038538e-05 1.2735228817759932e-05 1.6094565987908697e-05 1.9486848758155656e-06 7.233280617847097e-08 3.788434506975436e-07 0.00018070572658350945 2.2999434345791965e-06 6.0785615623786015e-06 0.00016856218263231533 2.012189462885125e-06 1.8437801190371462e-05 8.416513097907923e-05 4.43407327911811e-06 5.827615281918266e-05 9.933738448195904e-08 7.1983193299167636e-06 3.157742125663786e-05 3.272408082999345e-06 4.260803006629157e-07 4.3501082094239185e-07 1.7628429223353447e-07 5.987792210285743e-05 2.8929596774403523e-06 7.050811723686286e-07 1.2258408207668787e-06 0.0001840960557553138 0.0 1.552353422204104e-06 3.840739022553635e-06 0.0001622345553691518 9.739850535072805e-06 7.617001511223625e-06 0.0 5.493124252636184e-07 6.566205088732518e-07 6.166401402452095e-06 1.4454921542532388e-06 7.53633440957875e-05 8.462169487337304e-07 1.7488974248022438e-05 1.7896638975453558e-06 0.00011481980640179853 3.268137810364634e-06 1.7868645020232034e-06 2.1953449009042814e-07
4.800494691494093e-06 6.655638306814322e-05 9.23510204390787e-06 2.418831577086434e-06 3.5545662997778375e-05 4.646682616237265e-05 3.129363510585589e-05 0.00015685903185860549 1.934072972878291e-06 7.208902775061141e-05 0.0 2.861969176710466e-05 0.0011743547143818055 7.449794979729892e-05 1.849272029438148e-07 3.5808612928938297e-07 0.00012561945914872644 0.003482391211895886 0.0009454553980304277 1.2762765464125884e-05 2.005492968197852e-05 6.9228701803806135e-06 2.8931380994911318e-05 7.732363596832355e-06 0.0004834196650600832 0.0012393564629121642 0.0010624034892705058 1.0050738110923136e-05 0.00036944947126805815 2.2291782250229795e-05 0.0004323109107849331 0.00020827151384665967 4.609652838999874e-06 0.0025400463720746 4.632355103784354e-06 0.0002952431995831307 0.0032482410342261803 0.003182520309611355 0.0004804812402333318 6.21884818846872e-05 4.309265918299446e-05 0.000828031181100678 4.04064168835362e-06 0.0 2.097864521325089e-05 1.7522696019047404e-07 0.0 0.0 0.0 2.632911147329794e-06 1.7346804932477408e-07 3.371015952503861e-07 2.0161685739456813e-07 0.00017048662954321454 1.0252477120439987e-07 0.0006385516327702983 4.071970796274682e-07 0.0 2.2131979462385612e-07 3.7292019321232336e-07 1.6054533465221842e-05 1.6996355725251408e-06 7.344517930199157e-08 1.8721988289245146e-07 6.684095919082662e-07 0.0 3.373870551924554e-06 0.00026688990435743076 0.0001641278564281638 0.00023085950759805555 4.467189941032917e-06 5.560839349535669e-07 3.3190850401492905e-07 0.00012467978102285548 1.7217195742124642e-07 0.0 1.3177710366352748e-06 1.0875804716826677e-07 1.729108439503007e-05 0.00021458762990155016 1.1288917885659155e-05 7.185504522969669e-07 8.558178510347539e-07 3.0170313649019274e-07 9.188075172279548e-05 0.0
1.3160100734048277e-06 4.03118940896696e-07 3.1200093016702217e-07 0.002800854541948031 9.362668300108188e-06 0.0018166820952427577 5.889723019257747e-06 0.000257521245791628 0.00032024885191874743 0.00263137319349575 2.861969176710466e-05 0.0 6.233082634535492e-06 0.00014999931448612057 0.0007518112639478993 2.029462327414255e-07 1.745529631790789e-06 5.137106602799084e-06 6.758568750405578e-06 0.0016507793629420165 1.7024776478077217e-07 2.0300143663996584e-07 1.109242800250545e-06 0.0001847172640515837 1.2317220326252458e-07 2.173736088068535e-06 1.5698721977351687e-06 0.00029295581375434826 0.00019330206788122518 2.293431431200874e-06 4.0413268482582827e-07 6.283414350706202e-05 8.756625599649811e-07 0.00011688407713953517 4.502194907055589e-07 0.00040009981128662594 5.795557576799572e-06 0.00017979584341219952 1.975347710109023e-05 0.0012078367394643085 1.0807691255501322e-05 1.8331013918953332e-06 2.761902991508274e-06 0.0 5.891365279538398e-08 0.0 2.5641175674617e-05 9.509989826696497e-08 8.717005790803302e-08 9.61842306036426e-06 3.8002664540123903e-07 1.1069627129950011e-06 9.953362063027354e-06 2.285971672347426e-07 1.322367426172072e-05 0.0 8.553914261981792e-07 1.0864215651518434e-05 0.0 0.0 0.0 0.0 9.010184265356261e-06 0.0 0.0 0.0 2.0505878597683103e-05 0.0 5.3744508671766516e-08 5.643706554054218e-08 1.1619813327010075e-05 6.554309085635088e-07 0.0 0.0 0.0 1.308835160497899e-07 5.372990817466423e-07 0.0 1.690928442079367e-05 1.5687068873121708e-06 1.564018656381053e-06 6.569825220203854e-08 4.316311126467516e-05 0.0 5.730280783482663e-08 7.733789394760148e-08
4.5839074743047615e-07 0.0005118712525410087 3.545688148648433e-06 9.591566398001895e-07 1.134487880686307e-05 1.871259493714944e-05 7.150895384838568e-06 5.482783978865308e-05 6.284096966792601e-06 1.852625106694438e-05 0.0011743547143818055 6.233082634535492e-06 0.0 9.547064587570154e-06 2.4705018005559543e-07 3.992219801269434e-06 1.0508743442249804e-05 7.209747075071212e-05 2.467467604651963e-05 2.2183880681863986e-06 5.3810245828920335e-06 3.7986076582702946e-05 5.020826848782561e-06 2.060918918892788e-05 0.0038477888133179802 0.0001262337018133081 0.002739043113170717 2.023054966359102e-05 4.9666123481552554e-05 4.2720299473884275e-06 0.0007853219881164511 5.122818540738522e-05 1.78325568212375e-07 0.0003804977267382755 2.4789755004341055e-05 0.0005586177628368757 0.0032829268022710875 0.0026064891506483168 0.0002913137419613323 0.0001071596344350151 0.00010341864335130182 0.0010058629119941195 1.301183762193314e-05 0.0 0.00015262961480697312 1.0280743196089661e-06 0.0 0.0 6.192178409555677e-07 1.2713369140824863e-06 3.0023453883075613e-07 7.001727428381793e-07 1.0686322048242039e-06 0.00036962734427484743 1.3732699701061645e-06 0.0014242270393773101 6.484161229537126e-07 0.0 0.0 6.384421701535962e-07 4.366967721694435e-05 6.116679061653709e-06 0.0 1.1888890518140257e-06 1.5610588336337268e-06 5.890805013955264e-07 1.5370435310113247e-06 0.0011112859595889652 0.00038909443169121455 0.0005618514269823213 2.955332378924892e-06 3.229569544949969e-07 4.478326719137967e-07 0.000258965222520885 1.074781136737872e-06 5.9394081818329395e-08 3.7993538843813203e-06 9.575375519600903e-06 0.0002506728392604875 0.00044166016578882437 4.0014919280205106e-05 7.982895028821615e-06 9.261843293959533e-06 2.7253239045714905e-06 0.00033913354912289514 5.094919816955138e-07
0.0030608636826930276 3.72426850144811e-07 6.178606328005415e-05 2.9343120429039466e-05 8.033564259588491e-07 0.0002376802022391596 0.003879386510922848 0.003228232146973585 1.0390579206065614e-05 0.0012923244811823735 7.449794979729892e-05 0.00014999931448612057 9.547064587570154e-06 0.0 1.3240617359651957e-06 7.361952661608064e-07 0.00028449865359661953 4.958045563038345e-05 0.00019642403056710375 7.629078153268535e-05 5.0502507075183057e-05 2.5448281684464123e-07 8.568531061458598e-05 7.233844111084438e-05 4.3225076741002524e-08 8.016927796947582e-05 3.10183127187645e-05 0.00019609022699346125 0.0038358692527623688 0.0016462170290775647 7.81484516244341e-07 9.305969270559947e-05 3.896100751370734e-05 0.0004184297824714625 1.5738994515312109e-06 0.00015284832403220092 2.029264491021294e-05 0.00024255324163170939 7.215178099651143e-05 6.009469820615842e-05 1.8521324388934897e-05 4.425791666012348e-06 1.4395685454237406e-06 1.1476594006235591e-06 4.395051955256708e-07 1.561589234953216e-07 2.3782295938795955e-06 0.0 4.507204990768968e-07 1.4019280778437936e-05 1.1243684542162718e-06 2.2098300156886765e-06 1.8072499469363235e-06 2.063352568020616e-07 1.530449390196258e-06 0.0 1.3389402406546416e-06 0.0 2.1196831376826873e-06 1.397607562548832e-07 9.762678345451131e-08 2.1233884358639966e-07 8.849218099482614e-07 9.496908336588196e-07 4.265668910647886e-07 9.601008732631604e-07 1.9104752090815067e-05 0.0 1.5334819412091717e-06 4.6340943393704746e-06 2.1014170250214336e-05 1.7249621219865822e-06 2.697655834022057e-06 7.261592968109018e-08 0.0 1.614155137820335e-07 1.2274265531809173e-06 2.0159624376868506e-07 7.6994796233775e-06 2.209740675694228e-07 3.6338133488308067e-06 1.542381684586815e-06 3.1542210737073694e-06 2.730860507678554e-07 0.0 0.0
8.252097615581623e-08 2.1648004947204565e-06 0.0 5.362197710194842e-05 0.0008574167895504334 0.0007260599353936145 8.801082013829997e-06 4.725121438482759e-05 0.00028042436317828864 6.939078946490049e-05 1.849272029438148e-07 0.0007518112639478993 2.4705018005559543e-07 1.3240617359651957e-06 0.0 9.327170830816525e-08 5.855968200447198e-08 9.034024161490113e-08 1.288833430668122e-07 9.020065922585307e-05 0.0 7.357031493705184e-06 5.043841471484419e-08 0.0005722493867790912 0.0 1.501356057304823e-07 6.333498226052265e-06 4.9765727536341666e-05 5.4942343077444055e-06 3.3209757865283547e-07 0.0 0.00018677878273101273 6.135625434680822e-07 2.4070993561235656e-06 0.0 0.00022060540492332685 4.284841682215432e-07 1.882170266613761e-06 3.1326537109270774e-07 0.0005955711310017655 1.1042917200955343e-05 0.0 1.3671228334760647e-07 0.0 0.0 0.0 6.012783482185742e-06 0.0 5.365358077256883e-07 2.099993367294459e-06 0.0 5.389162251960892e-07 3.1886203736106616e-06 0.0 6.107174988978823e-06 0.0 0.0 4.375922064829848e-06 1.4743232000716266e-07 0.0 0.0 0.0 3.965321650289437e-06 9.513987439032581e-08 0.0 0.0 5.441319605702762e-06 0.0 0.0 3.105760877242802e-07 2.2285881538763986e-06 0.0 0.0 0.0 0.0 0.0 0.0 0.0 3.619565974151535e-06 0.0 0.0 0.0 2.1534495414281045e-05 0.0 0.0 0.0
1.0396055844987636e-06 2.685834688679314e-05 1.2054884150699683e-06 6.900994153082554e-07 0.0 8.635092014684566e-08 5.2704627753324856e-05 1.2722955697996088e-07 1.9984048334714212e-05 4.920023613125097e-06 3.5808612928938297e-07 2.029462327414255e-07 3.992219801269434e-06 7.361952661608064e-07 9.327170830816525e-08 0.0 3.786503608800872e-06 0.0 1.0962564644560212e-06 0.0 0.0012507882696021796 0.001184471294320484 0.003597323907339474 0.0009961717776655191 1.5854838165385658e-07 2.825731188081485e-06 0.0023384990489047786 0.0014631754332415238 7.390937069203884e-06 1.0859741573494249e-05 7.203318663352169e-08 5.415013564094626e-08 3.5662266125640806e-06 1.4556626906040364e-05 7.861522672317885e-06 0.0005812692253039473 0.00035607593848270184 6.755177871932701e-05 0.00016197090343926995 1.5565309056718793e-05 2.008449253079684e-06 2.4051447722030273e-06 4.020009668312186e-06 2.0620417110880314e-06 1.5557047238863828e-06 9.60638905608985e-06 1.2135023209744892e-06 0.0 3.597887736543354e-07 7.752659530363573e-06 1.436261093221255e-06 5.436197216076262e-06 9.728140645895034e-07 7.866384325927787e-07 0.0 0.0 4.087019403011012e-06 6.988817668501167e-07 0.0013034803421191395 1.7042680511178697e-06 5.722113914276536e-07 7.117285032796656e-07 1.4280814942120738e-07 0.00017234287431263566 0.0004284194271682649 0.000886677023078251 4.3273326096622684e-05 0.0 2.5791524734850548e-06 0.00014348601390187625 6.765717303065332e-05 8.403518798595405e-06 2.0184981317610005e-05 0.0 0.0 1.462041206722418e-06 2.10966509974503e-06 7.296298070359616e-07 8.839792844897978e-05 6.833584481477976e-06 4.76622748847003e-06 1.0064838962184342e-05 4.118761327604898e-06 4.956267838971953e-07 9.96812391284707e-07 1.5551550072009652e-07
8.605566954228768e-05 2.0614070093633408e-05 0.0017103923276739032 9.90490122385984e-07 3.659021383868651e-07 6.346642181745484e-05 0.0003325771424862111 0.00026186431945018413 2.0176444384331155e-06 2.6212116125249823e-05 0.00012561945914872644 1.745529631790789e-06 1.0508743442249804e-05 0.00028449865359661953 5.855968200447198e-08 3.786503608800872e-06 0.0 0.00020147877311181412 0.0019494936901049513 5.659877945701825e-07 0.001046849087491239 9.094911525045766e-06 0.0020832784883426186 1.043030539938875e-05 9.18677061512126e-07 0.0018334668398762514 0.003602457971206561 7.188605837413686e-05 0.00029842289094681384 0.0011647944600172496 1.3081576230501985e-06 3.011519428734006e-06 1.9988738930792174e-05 0.0013130469456904173 3.480491504673817e-06 0.00019443109391372669 0.0006494357648478266 0.0018097233593242959 0.0003385988902391505 5.69974630491704e-06 1.3682523110673728e-06 4.8855878762493436e-06 9.934890943122118e-07 1.0645337438262188e-07 1.745914917640136e-05 1.2525080777135551e-05 0.0 0.0 2.811039542847118e-07 5.041459742900004e-07 2.690530212146548e-07 5.012387289285004e-07 2.1729914781411886e-07 9.134337751764359e-07 0.0 2.490918562241383e-06 5.248143584642274e-07 9.192242630866744e-08 2.8219072383666164e-06 3.498585300533828e-05 6.132609713915769e-06 4.93061688134133e-05 1.4353344398262528e-07 1.118999759396697e-06 3.536953044342616e-06 3.5477812307695625e-06 1.1897402518829423e-06 1.2637897476281207e-06 0.00022628381617258647 0.00045076267156474246 1.0666042884973076e-06 9.255846228467776e-08 7.165582702539751e-07 1.9227891829009347e-06 0.0 6.821863752043817e-08 3.672418239744131e-06 6.862828095457385e-07 2.603993516141793e-05 3.251100138266141e-05 1.795193541464899e-05 9.750449062313025e-06 5.561806060463072e-07 0.0 1.5085600718012337e-07 3.213124961702631e-07
1.3163492142536853e-05 2.3669401104110578e-05 3.251145163463861e-05 5.522538581372616e-07 3.540223279759731e-06 1.4513108180464798e-05 2.736558783140636e-05 5.372615709675193e-05 1.0495958876618752e-06 1.658831733461105e-05 0.003482391211895886 5.137106602799084e-06 7.209747075071212e-05 4.958045563038345e-05 9.034024161490113e-08 0.0 0.00020147877311181412 0.0 0.0008669072833752533 1.910142005736716e-06 2.781860392401859e-05 4.092103556096796e-06 4.033135643747736e-05 2.7203011167631744e-06 9.758380850918829e-05 0.0020488599228014664 0.00045730781755304 5.858717709366532e-06 8.886450602154287e-05 7.6950660922557e-05 0.00016147524162806205 1.545940600316236e-05 4.5816759025524134e-06 0.0005940879388480723 6.3655918119911324e-06 0.0004082983331716146 0.0008417815395365494 0.0012464368898456777 0.0003581900562734593 1.65047486326789e-05 2.5154254255017877e-06 2.9357008669880813e-05 2.033284464706811e-06 0.0 1.038914962047512e-05 2.1178773866261425e-07 0.0 0.0 6.123824937241454e-08 6.946531756439225e-07 0.0 2.1114536563553743e-07 0.0 2.7322521090963602e-05 5.438864698960697e-08 9.423830515579517e-05 0.0 0.0 8.09947451806962e-08 3.9433503401370024e-07 1.409819747217711e-05 2.0608599817470573e-06 0.0 0.0 5.99394114134247e-07 1.2438377544371396e-07 4.956701277840032e-07 4.3194293176482406e-05 0.00011808942774195436 0.00014313134961734471 3.363237104490828e-07 9.455155268116937e-08 1.7379043340813875e-07 4.248981466238336e-05 0.0 0.0 6.252080766573344e-07 2.929425168773434e-07 1.2502657959592825e-05 4.189440512656941e-05 2.602535467808544e-06 7.543783180354131e-07 3.249708598976286e-07 0.0 7.825627447025813e-07 0.0
5.568889935568599e-05 2.182898914185475e-05 0.0002761845650493891 7.067484659291019e-07 3.3353148706336086e-06 4.367919421866021e-05 0.00012733448542591303 0.00018276666740871798 1.3558601327247729e-06 2.8959838574616036e-05 0.0009454553980304277 6.758568750405578e-06 2.467467604651963e-05 0.00019642403056710375 1.288833430668122e-07 1.0962564644560212e-06 0.0019494936901049513 0.0008669072833752533 0.0 2.6443955463206284e-06 0.00016950722271962128 5.19959507222329e-06 0.000581104270742098 3.872345906688791e-06 1.9192659101915988e-05 0.003139457372543254 0.0017908021138529605 2.068628762032645e-05 0.0002426405757245485 0.0004886693324205753 1.8829857516798613e-05 1.739020534500963e-05 1.942239019424644e-05 0.0018547224862916756 5.136727643717556e-06 0.0004272641539378949 0.0003907037094506262 0.001726773710015599 0.0003772872369100756 1.5205889755850475e-05 1.3996399220954416e-06 3.6359158486924665e-06 2.533519360185636e-06 9.350910563838284e-08 2.6268848170020024e-05 1.5112732508652651e-06 4.498134395524335e-08 0.0 0.0 5.068448167936068e-07 0.0 4.4439761318334405e-07 0.0 3.3147582182245347e-06 4.3430523165335726e-08 1.0306630902348992e-05 2.583234082811745e-07 0.0 4.963836780202194e-07 4.027764037912276e-06 8.904949909939652e-06 2.622350135517579e-05 1.223274773546372e-07 2.0648785590533017e-07 1.546951696737692e-06 1.2390180521909945e-06 1.0347264022371314e-06 5.0544320891936945e-06 0.00020273625235629213 0.0002590344972093273 1.314693007961766e-06 4.882195681520831e-08 0.0 8.575893387402075e-06 8.876900000999486e-08 0.0 8.871685280667489e-07 1.3927668310622305e-06 9.0924001804155e-06 3.623540114119024e-05 5.669305798091777e-06 2.1215721958953415e-06 8.966988958615806e-08 0.0 1.4856610370822173e-07 0.0
1.5140399585154858e-06 1.5923452703637336e-07 8.930203641157094e-08 0.0022256097832618654 1.0152001183401096e-06 8.899077719488329e-05 1.287357963371109e-05 7.375281890565486e-05 0.00033253972354077007 0.0037756778742728176 1.2762765464125884e-05 0.0016507793629420165 2.2183880681863986e-06 7.629078153268535e-05 9.020065922585307e-05 0.0 5.659877945701825e-07 1.910142005736716e-06 2.6443955463206284e-06 0.0 5.461748737277595e-07 0.0 1.204673793368162e-07 0.00034235016677664393 6.628571268924483e-08 1.2631523962534102e-06 9.533340510200455e-07 0.000706138799249524 0.00011495395622849272 1.2695286307763268e-06 1.9911325947716823e-07 1.3283122343440733e-05 2.485783489943378e-06 6.391172321666232e-05 4.676464239853657e-07 0.00023517250580506078 5.325642904146963e-06 0.00010707554108181245 2.1655848421141354e-05 0.0003820740693393695 9.097804301021564e-06 2.026149720734127e-06 2.4533210396439475e-06 4.875117851036529e-07 0.0 0.0 8.790816536114325e-05 9.247397169820646e-07 3.5761415052479685e-06 4.7177103819448304e-05 7.302279492461625e-08 8.191490830424917e-06 3.455805409985388e-05 1.8573863084043887e-06 2.6190333019943976e-05 0.0 2.0928984923279783e-06 1.939624108355944e-05 0.0 0.0 9.136317191150239e-08 1.93485259726224e-07 3.139640262596372e-05 4.847179253962256e-07 0.0 8.572794389473718e-08 7.185907888909879e-05 0.0 0.0 7.860674552938436e-07 5.12482613651208e-05 2.5988032146655985e-06 2.6843331332127087e-06 0.0 0.0 1.2491930981741431e-07 1.6649392110346318e-06 0.0 2.766641417539625e-05 1.6410995162810345e-07 3.5760105866574765e-06 2.1615902277730697e-07 7.507836810475335e-05 2.389840695329584e-07 0.0 0.0
2.835489257818331e-05 5.121501715237895e-06 0.0013650182432787678 1.5963658657572344e-06 9.073672506347514e-08 8.734939178290764e-06 0.0008573668006892917 3.6836353111569326e-05 2.275531177621194e-05 2.5050175835130597e-05 2.005492968197852e-05 1.7024776478077217e-07 5.3810245828920335e-06 5.0502507075183057e-05 0.0 0.0012507882696021796 0.001046849087491239 2.781860392401859e-05 0.00016950722271962128 5.461748737277595e-07 0.0 8.73399827102978e-05 0.00703431010886461 0.0004360780074469203 3.0218376260870886e-07 0.00023840581403875263 0.00034504496282249016 0.0036128219473651317 0.00020324314924487864 0.004230614416046502 1.7979628679153978e-07 9.31674841703809e-07 3.751275908929975e-05 0.0018511727725688287 6.376821018064058e-05 0.0038002919161678893 0.0006638801185543267 0.0025218534131525696 0.002004616446943902 4.9708333494681034e-05 7.359679279886609e-06 8.246903611707984e-06 2.665868941216779e-05 4.867175915008118e-06 1.4219021710183421e-06 5.480459868171706e-06 1.134800787043533e-06 0.0 1.0701792250973462e-06 7.97226629454284e-06 7.140605612094527e-06 1.2529722523504788e-05 1.6838681111109314e-06 4.6981915028427055e-06 5.316563898063085e-07 0.0 1.345202442107383e-05 1.4043331575401804e-06 0.0004465377660714279 4.671781917504973e-06 5.099768625075451e-08 3.8095367156395116e-06 9.347245443160598e-07 0.0002367626397445304 7.014578578038247e-05 0.00012630342538262794 9.404095473195636e-05 6.52376612767524e-08 9.856971145925465e-06 5.288068637541463e-05 0.00015545622503273054 2.1990468471754825e-05 4.3870687615552576e-05 1.3354584874126791e-07 9.216535088423722e-08 1.7920532185939286e-06 4.088758184420383e-06 8.413162299247818e-06 6.206413529175137e-05 2.7078011828443254e-06 9.232291731004977e-06 6.915798922605124e-06 1.0617392375596255e-05 1.298457290318445e-06 0.0 3.0661900852077886e-07
6.00848160998943e-08 0.0011648806967033741 3.19527884470613e-06 1.3873032604334829e-06 0.0 5.859782128280765e-07 2.189207829859283e-05 2.5537134938545903e-07 0.0009633314775855647 2.0594607060275835e-06 6.9228701803806135e-06 2.0300143663996584e-07 3.7986076582702946e-05 2.5448281684464123e-07 7.357031493705184e-06 0.001184471294320484 9.094911525045766e-06 4.092103556096796e-06 5.19959507222329e-06 0.0 8.73399827102978e-05 0.0 0.00029282996004870767 0.0038999832245962844 0.00015629327655754203 3.126084050238828e-05 0.002651314783202697 0.00022265230466007893 2.0287334165775842e-07 8.704991701750906e-07 6.084318621166176e-06 0.0 1.2950136622153537e-07 1.3457389024017968e-06 0.0 8.230849367669035e-06 1.978451232237664e-05 7.132753577354472e-06 3.0439891244380024e-06 5.231628376910333e-06 0.0 1.6051617397691204e-06 0.0 5.823269445412565e-07 8.092692125276415e-06 7.141961415386601e-06 1.3092049460660163e-06 0.0 4.652339442072361e-07 3.468194600616217e-06 1.0785100692489192e-06 1.009210020176774e-05 5.137652621800208e-07 2.804874907558089e-07 1.4716459566717566e-07 2.6589019859888357e-07 2.0373565363217544e-06 3.2060765241664816e-07 0.0004513281986998324 1.1453126222254525e-06 7.423255982511611e-07 1.4773088080612235e-06 1.1696904864348367e-07 6.712558470737389e-05 4.686476696987383e-05 0.00021034921989104686 4.078847284207207e-05 9.951333469720021e-07 7.616415224740469e-06 0.0002685691789377476 4.178631889250792e-05 3.4369368284376876e-06 6.792853117883037e-06 6.520600687116131e-07 0.0 4.491122035046995e-07 4.88206585552535e-07 1.3843712238769387e-07 1.6226294568356598e-05 2.7407587372173455e-06 4.9658946250630324e-06 6.492297411819832e-06 2.8545079512088907e-06 1.1021838052473036e-06 0.0 0.0
3.4536195708324705e-05 5.848428750712895e-06 0.00588967598898965 3.883057219727e-07 3.0212669487161955e-07 1.2551560177152168e-05 0.0003257821939510529 7.716967597155554e-05 3.600267558442356e-06 1.3279089536691217e-05 2.8931380994911318e-05 1.109242800250545e-06 5.020826848782561e-06 8.568531061458598e-05 5.043841471484419e-08 0.003597323907339474 0.0020832784883426186 4.033135643747736e-05 0.000581104270742098 1.204673793368162e-07 0.00703431010886461 0.00029282996004870767 0.0 0.00017979925739884257 2.2620077645374262e-07 0.001154521478744662 0.007606868910457175 0.0023619969342768858 0.00015863508340840392 0.002322923640401082 1.2405820355372757e-06 1.5584690149735193e-06 7.538745396143698e-06 0.0015450601026848554 0.00010339803526123352 0.0048855836797033056 0.004799665696413552 0.0030698421044672956 0.0033965760992672087 0.0001600189927259569 9.242444925087892e-06 9.525195068710611e-06 2.7131983605446778e-05 1.6486874986572795e-06 7.103127700800387e-06 0.00021377694229588959 2.4494956117122986e-07 0.0 6.526048194455865e-07 6.951543164120672e-06 2.5834791668692205e-06 2.270388388174659e-06 9.170666878670638e-07 1.8748279210195264e-06 8.125390014804416e-07 0.0 4.0456997134222275e-06 2.3217262656651222e-07 0.0013400613258608485 1.727365131751008e-05 2.0311459520566359e-07 4.516986226947806e-06 0.0 0.00014285939048192577 0.0003372694076680179 0.0012913966306588678 3.109706118714939e-05 2.2482378538781667e-07 2.6677836522748968e-05 0.0014273885071666979 4.357287069383884e-05 6.525102469922051e-06 1.6158631586096814e-05 1.9961384366456052e-07 0.0 2.6022986660497246e-07 2.915241751606853e-06 1.0941599927195443e-05 0.00023503168745539702 3.443553370878239e-05 2.044732438293838e-05 4.394712309457568e-05 5.338457831065275e-06 1.6714539908896892e-07 1.2884249372437942e-06 8.171157320194675e-08
