0.0 3.964430283273536e-07 9.923962619441987e-05 1.4498932296627244e-05 1.766088669611683e-07 4.745416481682689e-06 0.0016850269551388145 0.0005829393404295922 1.9701344970385977e-05 4.7371268201097945e-05 9.41772615167764e-07 1.6511145058688832e-06 8.911953343961311e-07 0.0032816024119613333 3.379835482399661e-07 1.7953332020557026e-07 0.0001448282723245631 5.614679966937759e-07 1.2662831574681209e-05 5.592758855187282e-06 7.707432054473014e-05 2.0426937843687014e-06 0.0001751911911528448 5.76190927393066e-05 5.00063027192685e-08 3.597457562850358e-05 7.4286339801279896e-06 0.00010205674973816095 0.0012345001537859197 0.0013973600954537806 0.0 2.870709185927955e-07 2.4730969404781094e-05 3.808875978071425e-05 1.7480277766302063e-06 1.7565485496776654e-05 2.676610017027201e-06 8.769637625574729e-06 6.013085641480154e-06 2.4927316399314694e-06 2.5273505266214987e-07 0.0 5.86685259447901e-08 5.273430944724355e-08 0.0 2.0476146225412171e-07 1.9219833255846984e-07 0.0 1.3027072261317428e-07 4.0941108966165985e-06 1.6391831191700752e-07 5.863949706318227e-06 1.1827032764679774e-07 0.0 0.0 0.0 2.345333953711725e-07 0.0 1.0295062167999404e-06 0.0 0.0 0.0 0.0 9.879285076834811e-07 2.4398933837711186e-07 1.1819360927057033e-07 1.292472747916325e-05 0.0 4.5644888186420557e-08 4.22677922221604e-07 1.3757846976954528e-05 1.3699356454327043e-06 2.07050384099154e-06 0.0 0.0 5.62663562349338e-08 4.054900689671789e-07 5.159409488964666e-07 3.4591801547024614e-06 0.0 1.1108238942981294e-06 3.4613265577905123e-07 1.2848965526219491e-06 1.6928624608927027e-07 0.0 0.0
3.964430283273536e-07 0.0 1.1806742067853173e-05 5.144035282892928e-08 0.0 0.0 1.2271925814808808e-07 1.140277554301763e-07 0.0001309905750160211 0.0 6.0521125065131854e-05 4.310820223615473e-08 0.0003971428762448196 1.9423554709155372e-07 9.73379089732962e-07 3.02363407919036e-05 1.3856335664151306e-05 3.2542057248848035e-06 3.2626302935786874e-06 0.0 1.1111857275904144e-06 0.0008464972501932424 1.4289260436883158e-06 0.00012797797115760134 0.0008455220143089589 0.00013596987593241216 0.0028125427824908936 4.830987516089365e-06 1.1641607618523871e-06 1.5468200939519288e-06 2.4216300976422818e-05 6.64914438562139e-08 1.866982386095705e-07 5.553851595741133e-06 5.725898090830949e-07 7.637846806749267e-06 1.1868258285664975e-05 1.6747443935639186e-05 5.63784831024203e-06 2.011986808146604e-06 4.4419053151678923e-07 1.8302640015570203e-05 6.679217249482518e-08 7.957100462802648e-08 8.88028029499441e-06 9.690887734102431e-05 0.0 0.0 8.909465296627351e-08 9.702357089637301e-07 1.1247095849862149e-07 6.253086510117415e-07 0.0 1.317937339603907e-06 0.0 1.7691609952579516e-06 4.145044244224459e-07 0.0 1.5449015497304164e-06 9.771988998783848e-06 9.585072662571907e-07 4.098892763628141e-06 0.0 3.781049326439476e-07 6.980893814347541e-06 9.757124644610215e-06 1.9841895228693958e-06 5.111043740843684e-06 0.0001451414080932482 0.0006367271995794242 4.590542492731959e-07 3.2845069335256246e-07 3.6876536798755245e-07 7.599958339474668e-07 0.0 4.003670221222955e-08 2.2688598756957425e-06 9.586131609230148e-08 1.0066214992814258e-05 4.6540528938122895e-06 7.40745576078239e-06 4.325920366070235e-06 8.846544273797347e-08 0.0 1.6363040192530693e-06 0.0
9.923962619441987e-05 1.1806742067853173e-05 0.0 2.2834786424830474e-05 5.651743572989164e-08 1.09729825923422e-05 0.0005327419268470955 0.00038326257608156764 2.1746979655944213e-06 7.510214623072802e-05 3.2029029714797245e-06 5.487790584933717e-07 2.7877148500544044e-06 0.0004322524098897145 0.0 3.26016023105145e-05 0.002044021229248408 1.1895575308144847e-05 0.00016661947243794435 1.98055918402163e-06 0.00017645948182566225 5.196194503376554e-06 0.004208913054083297 2.169219621634141e-05 1.442413233991796e-07 0.002821651400238179 0.0071727891389090125 0.00016421662660789026 7.585760023446009e-05 0.0001210941335197826 0.0 3.8892556058231976e-07 1.4613088225626178e-06 7.144078700780874e-05 1.4574437833631621e-06 0.0001720639328916359 0.0022179043784851483 0.000126201519929948 4.106165000036486e-05 4.309463799206594e-06 8.908927782080612e-08 4.284183187138048e-06 5.66803000574847e-07 4.100843391017919e-07 5.64650302202427e-05 0.0006364162259694532 7.705226306338912e-08 0.0 7.989119731339279e-07 8.259344002311688e-06 1.7928164815457613e-06 2.438007838642659e-06 3.4034031302103e-07 1.244554731352291e-07 0.0 9.440767895255743e-08 2.603256404460294e-06 8.00454536680285e-08 8.01470031092584e-06 3.987489791922418e-05 7.566166777974518e-07 8.110398712809197e-06 0.0 8.05261678055827e-06 2.544033410759958e-05 8.777629441737044e-05 6.445715662735159e-06 7.125514717619277e-08 0.00020583853581213535 0.0013918765774859768 3.3164105031310985e-06 1.4803936248541254e-06 3.5631337049946866e-06 5.408100226275615e-07 0.0 1.9470679684497352e-07 6.895755259845057e-06 1.121439191679646e-06 2.7519837902956646e-05 7.276710077415365e-06 3.3987540151014186e-05 1.2508105256026874e-05 4.0066714444449813e-07 2.2340360196586335e-07 0.0 2.9224818990515427e-07
1.4498932296627244e-05 5.144035282892928e-08 2.2834786424830474e-05 0.0 3.71698162167685e-06 4.0516862916206185e-05 0.00031943196342330924 6.974555222216387e-05 0.0007323054704059792 0.0029567891181788205 1.6721155303190606e-06 0.0012056511863466647 3.2527699160275465e-06 9.85582628174005e-05 8.10151444103438e-05 5.7809622119298275e-06 2.0451684153395753e-06 3.8895608710845834e-07 8.810075115833476e-07 0.0022356360527122864 8.331866079874786e-06 7.859206679505743e-07 5.278952531944926e-05 0.001836560198462433 0.0 7.048155753055634e-06 1.207950052210812e-05 0.0014187717672271964 0.00018295770885831122 7.366249276412376e-06 5.206992856712109e-08 1.1652647565297665e-06 1.4940498660626254e-05 8.827780751690635e-05 1.528220791139481e-05 0.00020409996256807292 2.7013471588878274e-06 6.650760329363631e-05 3.835648856945149e-05 0.00018613926392355314 5.78923104760911e-06 1.8805015047632614e-06 4.810084031178898e-06 1.2046651361212136e-06 2.8573556905426573e-07 1.4133251827826232e-07 0.0001262423168024327 6.836067520317316e-07 1.1046836923360036e-05 0.00012775212687838347 5.506785222385095e-06 4.557064112577428e-05 0.00019806257849120485 8.351598084081501e-07 0.0001337793749574413 0.0 5.705546070044741e-06 2.278576066904772e-05 6.600104396453436e-07 0.0 6.175320152528502e-08 0.0 9.844246925788245e-05 4.0477186353040385e-07 3.1833580051348094e-07 3.409981749247296e-07 0.00016026567682823927 6.984350927307299e-08 5.062149456818949e-08 9.209044299126095e-07 0.00038925192185342635 1.1902820608624225e-05 2.9820946402496056e-06 0.0 6.439876083198766e-07 9.828977112351677e-07 4.192452829441766e-06 2.5474036291180894e-06 1.6891613713702133e-05 9.813440017871696e-07 1.1381707355049812e-05 1.8584494329686171e-06 7.491512536728727e-05 1.2585084111803645e-06 1.0709293281325239e-06 4.3803359049165457e-07
1.766088669611683e-07 0.0 5.651743572989164e-08 3.71698162167685e-06 0.0 0.0004967644961649257 8.387414484379811e-07 0.00015576547353675477 5.779665656321174e-05 3.24069141804747e-06 5.0539301038688144e-05 8.602678244697351e-05 6.565125370716972e-06 7.326971512489274e-05 0.0005743013485060418 0.0 4.823133250329576e-07 1.1186194798098573e-05 5.152674853105392e-06 2.229743458589165e-06 3.219100228425668e-07 1.2411073280553053e-07 6.516445374391499e-08 1.0173432520639424e-05 5.5143875357263036e-08 3.934797450320949e-06 1.6018570512156703e-06 3.9677560792794675e-06 9.005270117790733e-05 0.0 1.4446120554984454e-07 0.00044237784473499407 1.282578510388833e-07 0.0003076902559026843 6.038519518296499e-07 2.5682002514065368e-05 3.7453596075695435e-06 0.00015250442513558676 2.6689064548658988e-05 0.0008935950513067075 4.2456531184198015e-05 1.1166999732223002e-06 1.0597555617371747e-06 0.0 0.0 0.0 0.0 0.0 0.0 9.529877486826302e-08 0.0 0.0 4.6178229040210194e-07 0.0 3.4746651747731566e-07 4.979796208095123e-07 0.0 0.0 0.0 0.0 0.0 0.0 8.058118366647552e-07 0.0 0.0 0.0 6.719767604895731e-07 0.0 0.0 0.0 6.046015739166533e-07 5.1125941220016095e-08 2.2972076532709092e-07 0.0 0.0 0.0 0.0 0.0 5.04417703443175e-07 1.4666355315192035e-07 0.0 0.0 1.528392521447014e-06 0.0 0.0 0.0
4.745416481682689e-06 0.0 1.09729825923422e-05 4.0516862916206185e-05 0.0004967644961649257 0.0 0.00013161351759249985 0.0024762477039085872 8.107382233634297e-05 0.0048321061734992125 7.434243143948643e-05 0.0019613198786176092 1.671629225858216e-05 0.00040700474644160594 0.0006867694002979994 3.474672054959355e-07 2.9554096015730988e-06 1.6477819014886975e-05 1.0720126895615063e-05 0.0001865575046717916 5.0976351136663565e-06 2.9654878789212563e-07 2.2710674341788404e-05 1.9848099341995717e-05 0.0 1.1730959775358967e-05 4.062441481248034e-06 0.00010249094193149297 0.0004156587502935369 5.526667206050702e-06 7.21827166789821e-08 0.00033125131378498033 1.2490882709433546e-06 0.00033273979528371635 4.236353796832503e-06 0.00013854189393936855 8.564207142614921e-06 0.00033647427236747245 6.441410180245999e-05 0.001507782168770176 0.0001970963245351992 1.166672012614301e-06 4.989170057579368e-06 1.2744171475180819e-07 0.0 0.0 9.554471400410743e-06 1.4237622532407896e-07 2.3154730210860827e-06 1.963547537065872e-05 3.3921668831240374e-07 4.787215010375184e-06 1.6446539714676086e-05 0.0 2.6289850809147952e-05 3.1884671454033393e-07 6.654911400693967e-07 6.401179714359947e-06 5.864637002518502e-07 0.0 5.8561005834976164e-08 0.0 1.0345293427006658e-05 1.0700910978475199e-07 0.0 2.2064007197652315e-07 1.8929112239371688e-05 0.0 1.4322375676080018e-07 9.155055263022216e-08 3.979522227986443e-05 2.2028025586882923e-06 1.4361726686035375e-06 0.0 0.0 1.0811832910352554e-07 3.297812697619172e-07 7.827767840677264e-07 3.765400854645291e-06 1.4972500380387962e-07 7.379759872249278e-07 1.1782757476458806e-07 2.4443989420749256e-05 3.2565993932645895e-07 1.3927613468640672e-06 0.0
0.0016850269551388145 1.2271925814808808e-07 0.0005327419268470955 0.00031943196342330924 8.387414484379811e-07 0.00013161351759249985 0.0 0.001829281958883075 0.00010045605794968074 0.0033025422614724356 2.5208768841754814e-06 3.1334406030214557e-06 7.258616606752238e-07 0.0038854206132912946 6.21036927016186e-06 2.9212397188444526e-05 5.7542891301569075e-05 1.3360319368975223e-06 1.4124965215465861e-05 3.495345125444123e-05 0.0006039098591489943 3.947670055091917e-06 0.0015448667919069664 0.0006433504867159715 9.992791034643592e-08 0.00011747604369541186 6.118432989782702e-05 0.009200392172870529 0.0005908811388465762 0.005250169079324298 4.320470974793501e-08 1.1773134117022077e-06 1.748300882611266e-05 0.00014766450687980504 1.4359310390443229e-05 0.00022669368823158233 1.9660885377529065e-05 0.0001066639120860756 5.2690066917309115e-05 5.353712201293911e-05 6.227346555317689e-06 0.0 4.45386289817565e-06 3.189323350174787e-06 0.0 6.504114790689234e-07 1.8511618077338052e-05 0.0 3.112058472157405e-06 9.153168067509096e-05 5.3414564679973205e-06 3.086229753925476e-05 3.008468177205949e-05 7.892525916223376e-07 8.454215209806103e-06 1.5951473044299673e-07 4.5402344164458e-06 1.6773808594145252e-06 5.468710985783022e-06 4.689158222566888e-08 2.649720959329333e-07 1.2437877195946712e-07 1.0133118577024216e-05 7.560919259961073e-07 8.435459899631632e-07 3.7851406678633424e-06 0.00012356372634530891 0.0 5.132343524479175e-07 4.603306330359364e-06 0.000225501766554837 1.3863764403295084e-05 1.0311309977113437e-05 1.7342795477622462e-07 9.056411668433185e-07 8.282964743659195e-07 5.583403117793204e-06 2.321380284454197e-06 4.229924510086884e-05 3.173847050740098e-07 1.1205788790070265e-05 6.7262837131410005e-06 5.0566807012581595e-05 2.401511181434576e-06 6.309343169589926e-08 6.110600649026265e-07
0.0005829393404295922 1.140277554301763e-07 0.00038326257608156764 6.974555222216387e-05 0.00015576547353675477 0.0024762477039085872 0.001829281958883075 0.0 0.00011671176426183742 0.0031377905421970964 9.853904727007066e-05 0.0008023357672224783 1.955456248031527e-05 0.0029220193809187766 0.00013811439183269013 2.8313379267245927e-06 0.00028090304475828653 2.2195144363614033e-05 5.585893481814861e-05 0.00020524073986039905 0.00015991305577201474 4.0152598991741074e-06 0.0004353142081286805 0.00030768097207613634 3.9688356664963076e-07 0.0001874915064886085 3.488513757821999e-05 0.0003733446403246305 0.0008339943188200359 0.0006296283637513147 3.1099625008341874e-07 8.378221409207857e-05 7.425765940110296e-06 0.00035543998697811315 8.956600458945019e-06 0.00022637159698893537 2.231031569199269e-05 0.00037726288964570986 9.038954515660713e-05 0.0008548230186586475 0.00010464963889315266 3.0740206747414837e-06 7.26847477834368e-06 4.3410200957138245e-06 1.0155034855443893e-07 3.718998733165886e-07 2.671778787259756e-05 6.063839635534173e-08 5.587760593419454e-06 0.00017561929562842505 1.0156258788967172e-05 4.1505177634541675e-05 5.0416237534723736e-05 6.536668649693473e-07 1.9429191817712294e-05 0.0 7.772707976693597e-06 2.281611952504865e-06 2.626013377131653e-06 0.0 6.304645292451398e-08 1.434805812112336e-07 1.3999222373490604e-05 7.139224219639175e-07 4.995934587847674e-07 1.1040352188763833e-06 0.00019667037242911847 0.0 7.776730318450131e-07 2.7585871388719153e-06 0.00036286341494495096 2.698775871191135e-05 9.088438483674054e-06 0.0 7.063413296970149e-07 1.7040349200526742e-06 4.655246253508152e-06 1.727095317535611e-06 2.97016564656556e-05 7.145950977685253e-07 1.2796333894951024e-05 5.699338314544416e-06 2.579084642330525e-05 9.050530485270878e-07 1.217257334603553e-07 3.499837196002912e-07
1.9701344970385977e-05 0.0001309905750160211 2.1746979655944213e-06 0.0007323054704059792 5.779665656321174e-05 8.107382233634297e-05 0.00010045605794968074 0.00011671176426183742 0.0 0.00017078564803024599 4.459207229009136e-06 0.00044992770243579646 1.1777402907048232e-05 0.00010921153949324983 0.0005455490446211904 0.00017208780101437827 9.749861459946835e-06 1.6672207121507245e-06 2.4178310432985728e-06 0.00038375385159089396 7.540220801159218e-05 0.001393625169579779 4.523081832745874e-05 0.0023153208081295473 3.8491246790309706e-05 3.419141672672065e-05 0.0007235090690237971 0.0008640383177973978 0.0002539865266763585 0.0001197503507994258 1.6524963654661137e-06 3.4802029506418405e-06 5.584904702950564e-05 0.00012765846969014147 3.506383879365633e-05 0.0004873124032466811 3.872765577603993e-05 0.00013089618482994193 9.07873529945703e-05 0.000333589663287572 7.18546453633966e-06 4.299039710799761e-07 4.23386869507826e-06 1.004035404994024e-05 4.122171736026365e-06 2.029868665782851e-06 0.00013419779283177337 2.2552265373370616e-06 1.044424371879583e-05 0.00011567296341659722 5.806314382234952e-06 0.00019170995281416153 0.00014145420605029535 7.838048429900584e-07 0.0002480960349575345 1.6576279523421157e-07 9.256361979883258e-06 6.198198076723171e-05 0.00027407687047270964 1.021976760330456e-06 2.5456527249334146e-07 6.921584235653953e-07 8.253673456909869e-05 8.921219435109296e-05 1.8108087369297e-05 8.737965100792018e-05 0.0008890698713009787 3.4475701415009767e-07 7.966725103674057e-06 2.0349444762793785e-05 0.0006266714225729924 4.383109692833496e-05 5.944274544997244e-05 1.2100984578630586e-07 9.793042802862395e-07 4.992442871851455e-06 9.727439126631815e-06 6.1014286900057796e-06 5.979467330378679e-05 2.711633140457079e-06 1.796936929167328e-05 1.1328955045315427e-05 0.00014335970568388234 2.8487287110709373e-06 3.288545043808898e-07 9.36818425292652e-07
4.7371268201097945e-05 0.0 7.510214623072802e-05 0.0029567891181788205 3.24069141804747e-06 0.0048321061734992125 0.0033025422614724356 0.0031377905421970964 0.00017078564803024599 0.0 1.3681606932772198e-05 0.0009916457623496474 2.916638329007159e-06 0.001092328117043241 2.0508569941394353e-05 4.440929825168232e-06 7.019645929895033e-06 5.544261955666953e-06 5.502127297627799e-06 0.0022686120013161743 3.67434136412467e-05 2.0070769094701432e-07 0.00015541215398037674 0.00026010032570464244 0.0 2.262542973351579e-05 1.03669382003786e-05 0.004601201404284605 0.0005738033484811801 2.2927941955046162e-05 5.852810994471558e-08 1.1156863467805545e-05 8.46161562838344e-06 0.0003554960666705964 1.958656815618404e-05 0.0002683047665908125 1.1125986486482604e-05 0.0002571564958907528 5.0936354279329657e-05 0.00015588522866448462 1.3925185433730828e-05 1.6774889428395844e-07 8.714672024442098e-06 1.3708263113367722e-06 0.0 2.3842239481906327e-07 6.156358266483476e-05 8.766467764688866e-07 8.521003568097707e-06 0.00010232854588227291 4.5928442719249495e-06 2.00008861748618e-05 0.00011299533475790251 3.958211798982858e-07 7.100847256134412e-05 1.1978109613268597e-07 3.340008092652049e-06 1.271531926815429e-05 8.860628573960399e-07 0.0 9.945084683567856e-08 0.0 5.6742321031556705e-05 4.6126466389358923e-07 0.0 5.355441130163868e-07 9.925196372711019e-05 0.0 3.551850801645767e-07 1.053208621657506e-06 0.0002523945454014107 7.575436968853448e-06 2.473669602456046e-06 1.4084613641532268e-07 4.361605974028914e-07 4.6521063128320195e-07 2.5072539843492982e-06 3.395317457987963e-06 1.0908860478207093e-05 3.72385941271033e-07 4.089549204163635e-06 2.5693360630749783e-06 4.3590975381231784e-05 8.846238148512689e-07 0.0 0.0
9.41772615167764e-07 6.0521125065131854e-05 3.2029029714797245e-06 1.6721155303190606e-06 5.0539301038688144e-05 7.434243143948643e-05 2.5208768841754814e-06 9.853904727007066e-05 4.459207229009136e-06 1.3681606932772198e-05 0.0 1.334623907652064e-05 0.0015781181403094425 6.975461950775159e-05 4.030127766542815e-06 6.362828846971418e-06 0.0003964414655317597 0.001696439456654946 0.0006912694871552325 5.518823664781149e-06 1.1317430337822567e-05 1.582043423489979e-05 3.43493181997041e-05 5.2355515205944865e-06 0.0007386968342833929 0.002156432454675675 0.0005775681577989165 3.4420423118014652e-06 0.00011815694345968448 2.501070963118356e-06 0.0003280974143892831 8.667884377749233e-05 1.902682369343422e-06 0.0032928797591771876 2.943950918067045e-06 0.0005245185352620632 0.003537077619919835 0.0037003247226514253 0.0006105456584287577 9.35605221634753e-05 0.00013344223535004092 0.0008727304675323198 3.216908988024186e-06 0.0 7.150020577720731e-06 5.03228063347976e-07 5.921732829701387e-08 0.0 0.0 1.0349050731090484e-06 0.0 3.010770383400496e-07 1.127321260665926e-07 9.425928302012218e-05 0.0 0.00034580049628692757 5.899863727858457e-08 0.0 9.992943430767886e-07 6.145031422825399e-08 4.76820923132228e-06 1.5543289743645642e-06 4.208452943252429e-08 6.182455593634763e-07 5.747326473746718e-07 2.86145658252499e-07 1.4992749370385851e-06 3.520530266758947e-05 3.9614869753088693e-05 9.691606593156897e-05 4.2206502018465215e-06 4.4516228041520436e-08 9.212261431191256e-08 2.8097263631514103e-05 0.0 0.0 3.939983390667918e-07 4.330727771472922e-06 2.3492088414677114e-05 0.0003133857646711898 1.3756545422030586e-05 3.760679167762402e-06 1.6737480738005427e-06 1.8897361938814126e-07 7.941336768530201e-05 0.0
1.6511145058688832e-06 4.310820223615473e-08 5.487790584933717e-07 0.0012056511863466647 8.602678244697351e-05 0.0019613198786176092 3.1334406030214557e-06 0.0008023357672224783 0.00044992770243579646 0.0009916457623496474 1.334623907652064e-05 0.0 3.614733811447024e-06 0.00035046641100015596 0.0003982007858612 2.3069248842480778e-07 8.710301665667189e-07 4.939458145127175e-06 2.6018373617567783e-06 0.003519084139742349 4.2393992897525994e-07 7.073431192084182e-07 9.375394301051867e-07 0.00038645851018339906 0.0 2.304530102138152e-06 2.0833183167893652e-06 0.0005387360288809228 0.00020252954465669392 5.451904909760624e-07 0.0 1.0277060921932153e-05 5.370734537048941e-07 0.00016362456029031495 7.055645373247031e-06 0.00011107827125996303 2.6584928785235534e-06 0.00012180087022797969 1.7929648445909063e-05 0.000600730139416422 9.91107440524858e-06 0.0 9.202408402538996e-07 0.0 0.0 0.0 0.00011535201991801169 6.44770216599584e-07 1.3259146424434465e-05 4.549368278585273e-05 1.7938850346639866e-06 1.7736975457905006e-05 0.00013504239511522297 0.0 0.00029770063965685995 0.0 9.429816143868783e-07 2.638553138704894e-05 1.1317755964134983e-06 0.0 4.399917344848545e-08 1.7610048140274314e-07 5.896683782769682e-05 0.0 0.0 1.7185327366067062e-07 3.746212080700002e-05 0.0 0.0 1.4627697699001973e-07 0.00012025069879103047 2.623528830092421e-06 8.62640854526986e-07 8.156151129705665e-08 0.0 1.4106432002001988e-07 1.955557537702727e-06 1.3447903580264455e-07 1.1245263148863807e-05 2.0413120279742644e-07 6.185585132329388e-07 3.1257632784502207e-07 0.00013659134833780368 0.0 0.0 0.0
8.911953343961311e-07 0.0003971428762448196 2.7877148500544044e-06 3.2527699160275465e-06 6.565125370716972e-06 1.671629225858216e-05 7.258616606752238e-07 1.955456248031527e-05 1.1777402907048232e-05 2.916638329007159e-06 0.0015781181403094425 3.614733811447024e-06 0.0 7.426475644217001e-06 1.5515952957830916e-07 3.1060354797573187e-06 7.075944756308705e-06 9.113420625955114e-05 2.266192854508218e-05 4.01643098856727e-07 4.140057790576193e-06 7.255346677858236e-05 1.8036651565631708e-05 1.0478973277580974e-05 0.0034406921996882165 0.00042729866453913303 0.00265479253117105 5.356764860787956e-06 1.4674714616719593e-05 1.7908466154353263e-06 0.0008459153510235202 1.3731749901790066e-05 9.88118615828373e-07 0.000258980277536108 5.25567582269795e-05 0.0012900324051488927 0.0030476462110111584 0.002438943702257212 0.00023734956287004016 0.00013937891305789517 3.083866004035374e-05 0.001030855735905641 1.5247325633976645e-05 0.0 2.6133236614702084e-05 6.496153942244999e-07 5.2793526349829045e-08 0.0 1.9226057674298263e-07 5.533656443200245e-07 0.0 6.205233482072165e-08 2.8050682534891096e-07 0.00019913667396492265 0.0 0.0003349880569268627 5.475823232061558e-08 2.7680611079656945e-07 1.5717415560008074e-07 1.4370578690596944e-07 9.226323830861612e-06 3.521689398388496e-06 0.0 5.82466587278086e-08 6.480074990100737e-08 2.685536628607858e-07 2.3738773521809748e-07 0.00010240642404718766 7.145440817898811e-05 0.00013804984403713484 2.3874634408609386e-06 1.0561714491404288e-07 1.1512093961499145e-07 2.7831183288088698e-05 0.0 0.0 7.753130290763192e-07 8.919409342402805e-05 0.000257733461274652 0.0003560300892691361 6.597342265721968e-05 9.696514985072579e-05 1.4280068774729449e-05 1.8948912335921182e-05 0.00024152162662459295 3.4729446810114786e-06
0.0032816024119613333 1.9423554709155372e-07 0.0004322524098897145 9.85582628174005e-05 7.326971512489274e-05 0.00040700474644160594 0.0038854206132912946 0.0029220193809187766 0.00010921153949324983 0.001092328117043241 6.975461950775159e-05 0.00035046641100015596 7.426475644217001e-06 0.0 1.866507606376754e-05 2.514445301167718e-06 0.00046403761415646997 1.940423498290612e-05 6.320443883028241e-05 0.0001896283678097808 0.00023744615069724403 6.582158604686939e-06 0.0005698344259179321 0.00029726884482570766 4.223719904421802e-07 0.00019996094054867776 3.5244407990395805e-05 0.00044844874924242467 0.002417320156349553 0.00170225730743669 1.8673899941267907e-07 0.00022935304008845234 5.857774408956311e-05 0.00048690175293701247 9.517860540712003e-06 0.00033589002887965614 2.3369439592435227e-05 0.0003164179045646128 5.583214509098892e-05 0.00039652657919718866 3.5169934300716276e-05 5.87330233902828e-07 3.4815865173852716e-06 3.069181207671113e-06 5.6339415212127e-08 1.0754823601511112e-06 6.536941724283685e-06 0.0 1.8796170482272375e-06 7.65704134629059e-05 4.418793995706856e-06 3.9704812130996924e-05 1.2801301767796439e-05 6.274584468916111e-07 4.566392703766849e-06 2.575812623149955e-07 4.665114001458758e-06 9.113498938384484e-07 5.424948804648253e-06 2.4304283116181176e-07 2.251719302220849e-07 0.0 3.298838546281687e-06 1.9994334827162845e-06 3.4413232334410667e-07 5.069408010256991e-07 0.00012269945730331835 6.613032008313061e-08 5.34047401610925e-07 2.209318077817617e-06 0.00018138662078024547 1.4031281512706251e-05 1.0372539811474852e-05 0.0 1.007644248850071e-07 1.5164156008159227e-06 3.860025379866354e-06 1.6767016646334945e-06 1.8869471710821613e-05 4.880859302568224e-07 7.801449378321401e-06 3.857563103129822e-06 1.6418857337108625e-05 1.2652317205331105e-06 2.0139590737219757e-07 2.2180095719352963e-07
3.379835482399661e-07 9.73379089732962e-07 0.0 8.10151444103438e-05 0.0005743013485060418 0.0006867694002979994 6.21036927016186e-06 0.00013811439183269013 0.0005455490446211904 2.0508569941394353e-05 4.030127766542815e-06 0.0003982007858612 1.5515952957830916e-07 1.866507606376754e-05 0.0 7.198514783218152e-08 8.150156767480398e-08 7.894855934280593e-07 5.988097772734113e-07 4.45772375508192e-05 1.2097826143153923e-07 1.0194775408641444e-05 1.6307615562575375e-07 0.0002460157612951425 2.7320994067351104e-07 6.089490990736135e-07 4.073886090473197e-06 5.6360002152570835e-05 1.3644566775255384e-05 5.8576602357064464e-08 0.0 0.00010284567135842623 6.631757252073846e-07 6.275422537946753e-05 7.958748697408777e-07 2.637374336623004e-05 6.1758456267494e-08 1.2278690284875482e-05 2.7431601144707553e-06 0.0009521838663511837 0.00013602799412946342 1.3942626808946313e-07 8.672324198883994e-08 0.0 0.0 0.0 8.447893625925246e-06 8.96102644402534e-07 2.8165714776005646e-06 3.6738976763971603e-06 0.0 1.931904803489397e-06 2.5569993654672522e-05 0.0 5.0457142976546646e-05 0.0 1.0395337828756999e-07 1.1808098475061587e-05 1.3864448113198306e-07 0.0 0.0 0.0 1.1844456664222313e-05 8.551078977627731e-08 0.0 1.1303337501928517e-07 4.8073783979564165e-06 0.0 1.9190626005411928e-07 0.0 1.6688306546505563e-05 7.190151056870848e-08 0.0 0.0 0.0 0.0 1.540665474989636e-07 0.0 1.6758391515913268e-06 0.0 0.0 1.8766112066802263e-07 7.402118731546503e-05 0.0 0.0 0.0
1.7953332020557026e-07 3.02363407919036e-05 3.26016023105145e-05 5.7809622119298275e-06 0.0 3.474672054959355e-07 2.9212397188444526e-05 2.8313379267245927e-06 0.00017208780101437827 4.440929825168232e-06 6.362828846971418e-06 2.3069248842480778e-07 3.1060354797573187e-06 2.514445301167718e-06 7.198514783218152e-08 0.0 9.652792247615272e-05 1.1148862314370536e-06 1.4524256034562902e-05 7.253380398044857e-08 0.0029136176152281604 0.0014387537618039952 0.0022564300299819516 0.0010549157178519058 2.8620482527373464e-06 2.5052253390881238e-05 0.0016820905296910094 0.0009289158264312251 5.416164307613639e-06 8.663954234787875e-05 0.0 5.986469361664466e-08 2.1050659317445023e-06 0.00019810180546000325 3.746243721386293e-05 0.0009446491216759846 0.00019378473138794005 0.00046695606654762107 0.0004957368994621029 1.725434695154231e-05 2.0938340836772908e-06 6.451845586129115e-07 4.804336121523368e-06 1.4124341087975112e-05 7.713618671461271e-07 5.8142958540373135e-06 5.147434309880707e-07 0.0 4.3102764738999885e-07 2.986160965316455e-05 7.763264719030961e-07 3.3299346378844045e-05 3.6046794986474186e-06 6.007540791920037e-08 1.5527654004496037e-07 0.0 7.916893114772237e-06 1.4004876153598706e-07 0.001343003355968755 2.0157682616839823e-06 3.348337129960569e-07 4.648220469669547e-07 4.110921229754207e-07 0.0004513819011191376 0.000510935149837357 0.0007126613426120598 0.00020605349926608568 1.4239386870156125e-07 4.060366593395399e-06 0.00020376756399377897 0.0001940839300494457 4.608084493680674e-05 0.00015209514156845624 0.0 1.5486396537946296e-07 4.196394642918961e-06 1.0564980859801935e-05 1.5007631746347206e-05 0.00012012369310807896 1.1657996811164166e-05 1.77305495489008e-05 2.7033593175028234e-05 8.299365095101481e-06 5.279689764106621e-07 4.6667718167241693e-07 7.22891097282944e-07
0.0001448282723245631 1.3856335664151306e-05 0.002044021229248408 2.0451684153395753e-06 4.823133250329576e-07 2.9554096015730988e-06 5.7542891301569075e-05 0.00028090304475828653 9.749861459946835e-06 7.019645929895033e-06 0.0003964414655317597 8.710301665667189e-07 7.075944756308705e-06 0.00046403761415646997 8.150156767480398e-08 9.652792247615272e-05 0.0 9.119271872567257e-05 0.00299387091121982 7.063587150675144e-07 0.0005425973221329015 2.354706263324296e-05 0.0024449880007535053 1.0845485741498245e-05 3.7013941427333133e-07 0.0013180232495605862 0.005610643454814236 2.3742210983237673e-05 0.0006335477521990221 0.0006000014273419061 2.5037210861385654e-07 1.9673272830270383e-06 2.917070248606187e-05 0.002460343639068945 5.396509167987107e-06 0.0003795577739052528 0.0013314418100153385 0.0013382631674997581 0.00017561684423958316 8.773986827777077e-06 1.8409264673450541e-06 4.380672862035607e-06 8.130488035186008e-07 3.0463092541880307e-07 1.1493681620006428e-05 8.446227627538372e-05 0.0 0.0 6.708159612748944e-08 2.2753799142473764e-06 5.03003051158477e-07 1.4106269285598398e-06 2.482083287555386e-07 1.7908169188316473e-07 0.0 1.34013849213312e-07 7.288312608414357e-07 0.0 2.6090239540373383e-05 1.0328385382324687e-05 1.1602153448776703e-07 3.325683269779741e-06 0.0 1.941871738354296e-05 1.2166110800039818e-05 2.21748457545733e-05 8.50074114023615e-06 1.4296721181793105e-07 9.66924814366076e-05 0.00018713911988762902 8.006494493452014e-06 1.6603171634201645e-06 4.448755981067286e-06 1.3233397005078595e-07 4.856023808445894e-08 0.0 1.6086268534266512e-06 2.0189018510882307e-06 1.2048619769583121e-05 1.5599424795827097e-06 4.838115991007097e-06 2.741109922186455e-06 5.558036382993921e-07 7.086988254978626e-08 0.0 0.0
5.614679966937759e-07 3.2542057248848035e-06 1.1895575308144847e-05 3.8895608710845834e-07 1.1186194798098573e-05 1.6477819014886975e-05 1.3360319368975223e-06 2.2195144363614033e-05 1.6672207121507245e-06 5.544261955666953e-06 0.001696439456654946 4.939458145127175e-06 9.113420625955114e-05 1.940423498290612e-05 7.894855934280593e-07 1.1148862314370536e-06 9.119271872567257e-05 0.0 0.0005084499950927789 9.170298530550371e-07 1.5101264914139183e-06 2.320022307703308e-06 6.597039419706053e-06 2.6714194196541997e-06 4.8350265779883924e-05 0.0019963654251849237 0.0004981056838252524 2.1877700699644417e-06 2.5115077050476306e-05 7.580275201790423e-07 3.395946558563296e-05 1.56838378174945e-05 5.363718295168569e-07 0.0005857975284334596 1.7885072790259257e-06 0.0004980894212753394 0.0011397969933601548 0.0012348688227753993 0.00036291981254933783 2.5977273199868248e-05 1.5149576915105611e-05 6.089492954169271e-05 1.589537222104456e-06 5.2645275537721176e-08 3.180289093780941e-06 3.9334328083896807e-07 5.425628403640223e-08 0.0 0.0 3.393886413659648e-07 6.569021177249083e-08 4.418555855262067e-07 0.0 9.809371991678807e-06 0.0 7.654829227534078e-05 1.2779432429447103e-07 0.0 1.2756686533875527e-07 2.3669634530703033e-07 1.0175171079189987e-05 4.050484216448889e-06 0.0 1.222203156452201e-07 7.176393823559201e-07 0.0 1.1147608142428912e-06 1.2256097009034246e-05 7.311618849570557e-05 0.00012920195851833942 1.5110826523904786e-06 1.436445102476408e-07 0.0 2.4092266269674775e-05 0.0 0.0 4.11589483035463e-07 1.4528832519416192e-06 1.3224043108134325e-05 3.662068503464562e-05 3.217548492731085e-06 1.6024300245220322e-07 2.7859164811851945e-07 5.747550165800491e-08 3.1934008839249765e-07 6.570895167964845e-08
1.2662831574681209e-05 3.2626302935786874e-06 0.00016661947243794435 8.810075115833476e-07 5.152674853105392e-06 1.0720126895615063e-05 1.4124965215465861e-05 5.585893481814861e-05 2.4178310432985728e-06 5.502127297627799e-06 0.0006912694871552325 2.6018373617567783e-06 2.266192854508218e-05 6.320443883028241e-05 5.988097772734113e-07 1.4524256034562902e-05 0.00299387091121982 0.0005084499950927789 0.0 1.3106890806444637e-06 2.001989112399224e-05 5.294540396608902e-06 0.0001357559726721538 4.181982157874254e-06 1.1739523590421272e-06 0.0019984647167397957 0.001123466706220919 4.838420727354169e-06 5.0150922560411494e-05 1.2847019057042247e-05 1.3296718970759308e-06 1.0836199751991753e-05 2.089618838700225e-06 0.0013389586577308922 2.931906472708534e-06 0.0007817880171405529 0.0008094397568002631 0.001915485030919819 0.00039695369053939175 2.313949454163831e-05 5.659399530282137e-06 8.222413115052053e-06 2.1252183712294475e-06 0.0 3.98181039473104e-06 4.7706825421574265e-06 0.0 0.0 0.0 5.231989476194972e-07 0.0 1.7099724089387813e-07 0.0 9.625387844620628e-07 0.0 5.63868837237661e-06 0.0 0.0 4.775871853795632e-06 3.1683984033834965e-06 2.9539660654067177e-06 1.6082053001181652e-06 0.0 1.2845542547583512e-06 1.0483001076185183e-06 3.844896297628395e-06 8.77297414177078e-07 2.1378260200299185e-06 5.6667858461978124e-05 6.394883981918699e-05 5.967115870901449e-07 5.888811998765796e-08 1.9888319027060002e-07 2.3880690262498804e-06 0.0 0.0 6.556269182142176e-08 3.304398153841203e-06 1.4125730511477048e-05 4.324566917341887e-06 1.814535122316771e-06 5.634213546574516e-07 0.0 0.0 0.0 0.0
5.592758855187282e-06 0.0 1.98055918402163e-06 0.0022356360527122864 2.229743458589165e-06 0.0001865575046717916 3.495345125444123e-05 0.00020524073986039905 0.00038375385159089396 0.0022686120013161743 5.518823664781149e-06 0.003519084139742349 4.01643098856727e-07 0.0001896283678097808 4.45772375508192e-05 7.253380398044857e-08 7.063587150675144e-07 9.170298530550371e-07 1.3106890806444637e-06 0.0 5.785625675237012e-07 8.555054865227077e-08 2.3773986873787774e-06 0.0002803952852022029 0.0 1.1934389556073824e-06 6.66302516127646e-08 0.0009869067206227846 0.0001593203082192532 1.3216488947496276e-06 0.0 4.096085892765868e-06 1.778978887659318e-06 0.00012104960411188436 1.2836569838755328e-05 0.00012804601474996328 3.6595665108532005e-06 0.00010184846583987928 2.0782573705051075e-05 0.0002238958223462107 1.0249379378587262e-05 1.1635137921434628e-06 5.1560361594723384e-06 5.036929704297443e-07 0.0 0.0 6.265853764617288e-05 2.256607373506595e-07 6.3865311744268914e-06 6.32010937525547e-05 2.0959612910458484e-06 1.6096277485138487e-05 0.00010216715110225022 3.437910102071581e-07 0.00010766853729632154 0.0 1.2697489196819532e-06 1.4650386205220424e-05 3.396021034428834e-07 0.0 0.0 0.0 4.884854496830063e-05 0.0 0.0 2.2099590660646652e-07 5.1293525733751426e-05 0.0 0.0 2.7176946188987117e-07 0.00016270065419856842 4.040799438449994e-06 3.136182340021013e-06 0.0 0.0 1.440954720520084e-07 1.6368939393180605e-06 2.341862856773519e-06 7.043698325524389e-06 0.0 4.579078059970313e-06 4.8773194467692e-07 6.910643228537766e-05 5.618066437585726e-07 0.0 0.0
7.707432054473014e-05 1.1111857275904144e-06 0.00017645948182566225 8.331866079874786e-06 3.219100228425668e-07 5.0976351136663565e-06 0.0006039098591489943 0.00015991305577201474 7.540220801159218e-05 3.67434136412467e-05 1.1317430337822567e-05 4.2393992897525994e-07 4.140057790576193e-06 0.00023744615069724403 1.2097826143153923e-07 0.0029136176152281604 0.0005425973221329015 1.5101264914139183e-06 2.001989112399224e-05 5.785625675237012e-07 0.0 0.0001686280365039614 0.006665339661456414 0.0002690549003701635 0.0 2.5087070792443677e-05 0.000509360707644869 0.00317138969414082 0.00035629094564198534 0.005757159625175539 0.0 7.672547636456918e-07 3.52617875213376e-05 0.002693061084988025 0.00015806406295072018 0.0023719342514783907 0.0003158013356636247 0.002210399762291516 0.0014672159453083266 4.760023244265125e-05 1.1700193900442895e-05 1.957229478850427e-06 9.865194558703485e-06 1.7825126420232206e-05 1.3807976404905937e-07 3.289787450632122e-06 7.117919852079632e-08 0.0 0.0 2.3594169595397453e-05 8.621133764518607e-07 2.0274732322052947e-05 1.5767496951359465e-06 1.6249329205173206e-07 4.62637858756326e-07 0.0 8.820754906360368e-06 4.5591128131513585e-07 0.00034639058456387124 2.7177091489919395e-06 2.8869791922427125e-07 4.0008707164600306e-07 1.5228740875017792e-07 0.00035663603584635254 9.974000290220168e-05 0.00012940307234237758 0.00015393451109696585 7.907041088047091e-08 1.0024210350943733e-06 1.4483454535152985e-05 0.000173591113356481 4.889694328980314e-05 0.00015735592324785385 0.0 2.4003021263139486e-07 5.110870222547764e-06 1.0018689560534727e-05 3.410332916530927e-05 9.406434124771807e-05 3.899203985255931e-06 1.4992545497568447e-05 1.2637904363376739e-05 6.6020770533394005e-06 9.703195655331386e-07 1.1016217871617433e-07 5.595769388161258e-07
2.0426937843687014e-06 0.0008464972501932424 5.196194503376554e-06 7.859206679505743e-07 1.2411073280553053e-07 2.9654878789212563e-07 3.947670055091917e-06 4.0152598991741074e-06 0.001393625169579779 2.0070769094701432e-07 1.582043423489979e-05 7.073431192084182e-07 7.255346677858236e-05 6.582158604686939e-06 1.0194775408641444e-05 0.0014387537618039952 2.354706263324296e-05 2.320022307703308e-06 5.294540396608902e-06 8.555054865227077e-08 0.0001686280365039614 0.0 0.0002808081723958583 0.0030156095842635627 0.0002563108795796606 9.986307934091612e-05 0.0023923093822295237 0.00024663050076322073 2.0484017506732452e-05 7.041627379588436e-05 7.6547951521219e-06 0.0 4.72418381856368e-06 3.7862095576806795e-05 6.975892099586263e-06 0.0002120692621643204 5.01520935036007e-05 6.445436543471357e-05 7.206978977054413e-05 3.3091604574733015e-05 9.001777442868561e-07 2.1571764405098443e-06 1.7324948704635712e-07 9.424005181606859e-07 9.348043875268005e-06 1.2165809800493877e-05 0.0 0.0 1.1744615788231287e-06 8.79346586903786e-06 1.060780425673041e-06 1.0484249632174822e-05 1.7034527702979708e-06 2.65914573939191e-07 0.0 2.8535454004248755e-07 4.917796012185435e-07 0.0 0.000582849485980464 1.2807603523840702e-06 1.9529401213676564e-07 5.825355396441423e-07 0.0 8.242176226730624e-05 0.00015163680207162637 0.0004139942646489052 4.2382149762115525e-05 1.3423176234068932e-06 1.7059254558961963e-05 0.000767037913313577 2.8469194070057884e-05 3.827954570134865e-06 1.4104377991214347e-05 3.0837057752491064e-07 0.0 3.614568127963136e-07 2.140846426071089e-06 4.483000194317537e-06 4.3534472634699424e-05 5.565218897474123e-06 1.0658815148336841e-05 2.0955719365787582e-05 3.0445462967771604e-06 3.645205038089037e-07 1.7606659648571649e-07 1.3775403453384997e-07
0.0001751911911528448 1.4289260436883158e-06 0.004208913054083297 5.278952531944926e-05 6.516445374391499e-08 2.2710674341788404e-05 0.0015448667919069664 0.0004353142081286805 4.523081832745874e-05 0.00015541215398037674 3.43493181997041e-05 9.375394301051867e-07 1.8036651565631708e-05 0.0005698344259179321 1.6307615562575375e-07 0.0022564300299819516 0.0024449880007535053 6.597039419706053e-06 0.0001357559726721538 2.3773986873787774e-06 0.006665339661456414 0.0002808081723958583 0.0 0.00026965381161728294 5.7921432326214985e-08 0.000622148345177967 0.007696975172621893 0.00118369708567291 0.00023581667295148023 0.0022894175420696324 1.5382024973341358e-07 8.68843290783357e-07 1.3981070150337459e-05 0.002458014278903732 0.00010820089468769577 0.0033045584825707745 0.0030720276054783014 0.0037494540060665433 0.0029492766557563457 8.493395106520628e-05 1.448332650348807e-05 3.0847663903525054e-06 1.867615671114281e-05 1.5009789054530383e-06 2.758613631888895e-06 2.993051033182182e-05 5.939779214090223e-07 0.0 8.886021148158969e-07 1.0960659735949056e-05 1.3571137433339013e-06 4.242774773603232e-06 2.1020164182155966e-06 0.0 1.3678758767892386e-07 0.0 1.4363022139094186e-06 1.9657965663012912e-07 0.0006232122233644748 1.947550966121089e-06 1.2848343514386004e-07 1.290807127079672e-07 4.224646579500386e-07 0.00013334623944890632 0.0002401658186158961 0.0006543901320860065 3.303249947087313e-05 0.0 3.5348226977146337e-06 0.0006170185653269683 4.1670689745891634e-05 8.741045627190223e-06 3.452107299639969e-05 0.0 0.0 1.6154785255532755e-06 3.5241332362260156e-06 3.352992629452231e-05 7.795693859179939e-05 1.0352846676020039e-05 1.591585434615178e-05 3.599760956737047e-05 5.370872648186639e-06 3.0530501596169786e-07 2.017696304862565e-07 7.861886684034632e-07
