0.0 0.0 6.465771903352754e-05 9.85448938290831e-06 1.4169483391520536e-07 3.4502738512384136e-05 0.0014049577326923776 0.0007700892154871801 2.488158899541842e-06 5.023908895775927e-05 3.3860349491867245e-06 8.995398815875992e-06 1.3844453994912423e-07 0.0036099890930655124 0.0 6.253685808168165e-08 0.00021830400662186614 6.049256414724702e-06 4.247688388493219e-05 1.0334613441532234e-05 3.879982819381768e-05 6.614351734895714e-07 9.615465265314038e-05 1.6173465383788864e-05 0.0 2.6416787645108098e-05 1.564650235384674e-05 5.0441262901928845e-05 0.0008134717719560451 0.0024641996117224247 0.0 2.317866352739834e-06 9.744861931982236e-06 5.105500208364588e-05 9.449979535897116e-07 1.4224718529090927e-05 5.186276524510058e-06 3.2203217855932895e-05 1.081936092684678e-05 3.028699322198534e-06 4.514781884874506e-07 1.1967417931621852e-06 3.100246451715842e-07 5.926673733480953e-08 0.0 5.353279760424153e-07 6.432185951835587e-08 0.0 5.320960536805534e-07 1.4422046813822813e-06 8.061429091564827e-07 2.3502630314387076e-06 4.2658063823071127e-07 0.0 8.701458162940272e-08 0.0 2.4219089889421687e-07 0.0 2.9990495869287207e-07 0.0 6.016640851838475e-08 0.0 1.3895741114422742e-07 5.055547161249715e-07 3.9954195274146694e-07 4.263111907915125e-07 5.989997672592991e-06 0.0 2.7705251855099513e-07 7.812585174992549e-07 1.7388614999357594e-06 4.0137970019484525e-07 9.355873266997645e-07 0.0 0.0 5.487804468091234e-08 2.542411623431259e-07 0.0 9.95765558527795e-07 0.0 5.040852358288963e-07 2.9162904707504316e-07 3.9255999074573763e-07 0.0 0.0 0.0
0.0 0.0 7.214925735320941e-05 1.887474557459239e-07 0.0 0.0 1.0704755060559008e-06 1.0396983603349981e-07 0.0003017221197136806 1.9755932295083626e-07 6.442905655982943e-05 1.4176800035859734e-06 0.0003467380304441318 2.1469597834348838e-07 3.6315623323207322e-06 0.00010961575318328073 5.8125247839552805e-05 4.2298805945037776e-06 5.731003192514118e-06 0.0 8.741913477205097e-06 0.0012831413955555245 2.939256961182929e-05 0.0002901651038250403 0.0008518501591911498 0.00026855076850658535 0.00482088279839932 2.692428923039323e-05 6.35280441623317e-07 2.8364987613858565e-06 4.5415820388122634e-05 9.773086569841415e-08 2.5330284629991046e-07 4.76724566520124e-05 1.3045142288151613e-06 2.5727194408087508e-05 3.0399077440903172e-05 1.652631953821463e-05 4.868486403975404e-06 1.6881240775094687e-06 3.5001703552352163e-07 2.0772870585916864e-05 0.0 0.0 0.0005775723512938153 6.065875254215722e-05 0.0 0.0 1.3848701291531416e-07 6.467684198840465e-07 2.650498625265209e-07 5.47826536357908e-05 2.6129096781249194e-07 2.3907500288661615e-06 0.0 1.4650724438720155e-05 2.0747971638359894e-07 1.2912980010040582e-06 3.7628162453949716e-06 5.4288787298891034e-06 5.224428269457546e-06 6.483195550157152e-06 0.0 2.335371577073567e-06 0.0004349476571556181 2.128558736694247e-06 4.3192001646610754e-05 5.543673801790003e-05 0.00028385185034323463 0.0016390535359680704 1.588262882918205e-06 3.780741668499915e-07 1.8215599575747362e-06 4.482680896401416e-06 0.0 0.0 2.2343848323421727e-06 0.0 6.307746948967046e-06 1.3386969627135158e-05 5.420338608640929e-06 1.6457263216245592e-06 9.460011366090307e-07 0.0 1.211409243764216e-05 0.0
6.465771903352754e-05 7.214925735320941e-05 0.0 4.215400777345415e-06 6.519647024631077e-08 8.248709435810626e-05 0.001400923011049193 0.0002546893799687308 3.5403388426224658e-06 4.40478482530023e-05 6.195329635171097e-06 4.237401124789982e-06 9.495140816782761e-08 0.00028503099801400344 3.3337834403416027e-07 3.949393094448787e-06 0.002093213951486181 1.4979898145132607e-05 0.00018052619629795331 4.1882122748136635e-06 0.00010937336382227947 0.0001597337614293897 0.0041558363542747315 7.74638092799906e-05 0.0 0.0026104535927184546 0.002053572308784159 0.0005581745926461981 3.902491649754588e-05 0.00022143082784712654 0.0 1.303848340842702e-06 1.928592460745088e-06 0.00020293469895153385 2.2159410373093243e-05 0.0009139277621453311 0.0017811461507499116 0.0005376828733523585 0.00028349083509558335 4.86187653765693e-05 4.011498806862775e-06 5.201206532786303e-07 5.7917803700582775e-06 5.5699462917533177e-08 0.00017059400893605574 0.0006175757798256281 6.204967571390027e-08 0.0 5.4627948609704163e-08 1.5283336185727347e-06 3.223406602419216e-07 2.006427433033368e-06 9.699891188278968e-08 5.607986922394282e-07 0.0 6.46729597261359e-07 5.71742277369372e-07 0.0 1.2639589910477323e-06 3.423123737256792e-05 2.839910939611528e-07 3.714702010244747e-06 2.1940917537290102e-07 2.0394936169760084e-06 1.2028664883157253e-05 3.971025104871039e-05 6.230647820611305e-06 8.228039863877086e-07 0.00010324013658816886 0.0010494067307792846 1.3377570844224976e-06 3.520377962349522e-07 2.1834131595600134e-06 2.0130685323192221e-07 0.0 0.0 1.3732561636064756e-05 4.105571300783299e-06 3.499108686933186e-05 7.550018827595345e-06 2.3315305860101436e-05 1.2359565917232646e-05 1.1168066868949212e-06 2.6757705775713886e-07 0.0 0.0
9.85448938290831e-06 1.887474557459239e-07 4.215400777345415e-06 0.0 5.555863985840525e-07 8.038259735049133e-05 0.00010602590502524824 6.78742443498461e-05 0.0003705809103016343 0.0019127126020098712 1.5700983933190244e-06 0.001575793376290217 1.1592348733330838e-07 5.499334996624409e-05 5.305484299891691e-06 0.0 3.1480571792002345e-06 5.494879478707073e-07 1.2346874239235444e-06 0.0027851720483358542 1.0741900674927812e-06 1.690437944681463e-07 2.6043260586725163e-06 0.001054246119794984 0.0 2.4144519738061057e-06 1.3405001625387886e-06 0.003490247974543876 6.584914269374292e-05 6.617497380169356e-06 0.0 2.646017413146319e-06 9.595613896586375e-07 2.511583292701248e-05 1.3627102612841094e-05 0.00023179796235188238 4.772120171447456e-06 6.273131467466563e-05 3.0284956627960644e-05 2.6681859521314292e-05 3.2917529966543716e-06 8.189180448373016e-07 4.891359774682574e-06 5.197152460465509e-07 2.2380566893074995e-07 1.5143857221936871e-07 6.142282794196417e-05 0.0 1.58112021568663e-05 5.739500722149605e-05 1.4951945340044683e-05 4.498438099799911e-05 6.707645499341875e-05 6.368180919809527e-07 2.4635147546428048e-05 0.0 6.157215629731912e-06 1.6781048064822607e-06 0.0 0.0 0.0 0.0 5.869854680859596e-05 3.544555679750036e-07 1.2242487643938993e-06 5.336491239490211e-07 6.85423606689154e-05 0.0 0.0 1.485711715887473e-07 8.121688257668004e-05 2.1473645705633108e-06 1.894323825541326e-06 0.0 2.793761378864353e-07 0.0 7.91248858624049e-07 6.181737579072151e-07 6.750877066441609e-06 1.3044874982137028e-07 8.22853112239288e-06 1.726396126699618e-06 3.347565453205901e-05 1.1137002156360377e-06 0.0 0.0
1.4169483391520536e-07 0.0 6.519647024631077e-08 5.555863985840525e-07 0.0 0.0005980101200072034 8.83068110839696e-07 6.787636114394321e-05 2.393014838397979e-05 1.2838226432019468e-06 9.295790117729703e-06 7.429518019518213e-05 3.5970102477372916e-07 4.330285640668637e-06 0.0005392667337473835 0.0 8.685920019011762e-08 4.886312234299689e-07 2.517637448997274e-07 3.3294137517976508e-06 1.4058528244931578e-07 9.12676898598305e-07 1.1368367707355139e-07 1.73488559374741e-06 0.0 5.482355575954159e-07 1.9466938361944903e-07 1.2459289605905923e-06 4.425335259612782e-05 2.4257474305527735e-07 3.026868428957531e-07 0.00044480757364435513 0.0 4.696023409641225e-05 1.5129890007262036e-06 2.9765465371621522e-05 2.099585472499233e-06 5.9353751556778785e-05 3.443042622043359e-05 0.0012186495712730235 6.117775445816787e-05 2.4692965328897687e-06 1.1726616139322267e-06 0.0 0.0 0.0 6.415697809111045e-08 0.0 0.0 0.0 2.0154736663468298e-07 0.0 2.1596584727373904e-07 0.0 8.067407717582335e-07 0.0 1.787576479102709e-07 0.0 0.0 0.0 0.0 0.0 0.0 0.0 0.0 0.0 2.378721332622296e-07 0.0 0.0 0.0 2.238756496949765e-07 0.0 0.0 0.0 0.0 0.0 0.0 0.0 1.1834096555763082e-06 0.0 0.0 0.0 0.0 0.0 0.0 0.0
3.4502738512384136e-05 0.0 8.248709435810626e-05 8.038259735049133e-05 0.0005980101200072034 0.0 0.002205608289445497 0.002699473977927678 0.00018592885284936887 0.0027434503717938654 5.461465855648618e-05 0.0027109010105824424 4.7128942865412905e-06 0.0005201386702703745 0.0009832584142786638 1.0589438146216762e-07 3.510843000129768e-05 9.004072184997069e-06 1.0607366791793682e-05 0.000281683049587262 9.130426762461437e-06 4.4383175235559044e-07 2.501647519457689e-05 0.00022553024128299854 3.18153236697614e-07 2.2805583989553556e-05 1.2229907638341604e-05 0.0009158586206756586 0.0006358323666612235 6.2090474106712e-05 8.676789530147992e-07 0.0001925713913544607 4.294607385841413e-06 0.00020333263930882896 1.5090775522455456e-05 0.0003497114033825744 2.399629226512289e-05 0.00029862969749834995 0.00013121023912023355 0.001840182497055555 0.000158533468964052 9.353996783736089e-06 8.90288656475619e-06 2.4283910564452347e-07 6.486407401830782e-08 7.932899628693146e-07 1.576672919516925e-05 1.0577592512839238e-07 6.318177981221764e-06 4.9282080518302956e-05 1.483162601232937e-05 3.364742765901248e-05 2.7214808771476657e-05 2.2564851363615398e-07 8.59316811850029e-06 1.2807507571907903e-07 4.567950225238287e-06 1.2755060817226674e-06 2.3265723930553663e-07 0.0 4.318578774086531e-08 4.84963223509362e-08 1.9590156446865544e-05 1.1123497125608062e-06 8.794738412434027e-07 1.1916401218644383e-06 7.379812296197818e-05 0.0 1.1981797804607493e-07 1.2694584753748243e-06 5.207528954190562e-05 2.3697189199669627e-06 4.742422609649917e-06 0.0 0.0 3.2668161731662907e-07 1.6253872897420871e-06 5.542363833236942e-07 1.1894137802560192e-05 3.5162494775903974e-07 6.057449472226474e-06 1.1790324183038897e-06 1.6861750367463094e-05 6.157586319427488e-07 0.0 0.0
0.0014049577326923776 1.0704755060559008e-06 0.001400923011049193 0.00010602590502524824 8.83068110839696e-07 0.002205608289445497 0.0 0.0019726095099585764 0.00022934698729403248 0.007465635031983899 7.876702821975975e-06 0.00026981526270496175 9.623642044268117e-07 0.0035459361302474976 4.138257931682155e-06 6.259922769367415e-07 0.00024250501272197802 6.367174921519624e-06 3.1092915878592415e-05 0.00013122250089690442 0.0003284605523619488 4.648454466772082e-06 0.0006962368582059888 0.0004132219158173423 0.0 0.00021237271391817285 0.00015388780479008837 0.01024192823517362 0.0009118638273537168 0.003836938082187123 0.0 1.4303070895196946e-05 5.215000888607108e-05 0.00020663194800391472 5.998192669365581e-05 0.0010135944454794069 3.696271544546616e-05 0.00039676733566558145 0.00019971456204405703 0.00019157698742780166 1.7935879838426928e-05 1.893590325600594e-06 9.73608010673229e-06 1.2400338129268176e-06 1.425910304513129e-06 5.973495081453336e-06 2.3030663942552563e-05 7.705763846054136e-07 8.873942635597974e-06 8.921041210829983e-05 2.640824113265828e-05 9.611282962585694e-05 3.3377833110557174e-05 5.472565172783113e-07 5.591540727614837e-06 1.3716297627738492e-06 1.279104751161078e-05 1.576189208489392e-06 2.440095645179923e-06 3.392051356052785e-07 3.5676630982458805e-07 2.151957074751774e-07 1.9481390836666205e-05 1.1347835918319214e-05 3.893326410282112e-06 6.6994076323233535e-06 0.00020878194585290753 0.0 7.508306017535154e-07 1.5146276473657646e-05 0.0001043495949765001 8.52104320947153e-06 2.6586247057848472e-05 0.0 8.353087527418985e-07 1.5393074688949577e-06 7.154608716440776e-06 7.425768121267979e-06 2.896633552885999e-05 7.437034032142607e-07 1.9767713937898203e-05 3.3583434971183134e-06 2.4201155565762316e-05 9.431093783069289e-07 6.129750651919568e-08 3.032482640728433e-07
0.0007700892154871801 1.0396983603349981e-07 0.0002546893799687308 6.78742443498461e-05 6.787636114394321e-05 0.002699473977927678 0.0019726095099585764 0.0 0.00010361817763734976 0.0007614671163376775 6.453172471561529e-05 0.000977749299183751 6.636286144651868e-06 0.0029449952403120447 0.0001243816949352944 1.494457575125561e-07 0.00041910363665370305 1.6394826744677247e-05 8.690417057416081e-05 0.0003154436954900824 6.874783129080428e-05 3.255211280562869e-06 0.00016291532840641772 0.0003277212146868832 5.457612075980863e-07 8.753146888447283e-05 4.066950121247973e-05 0.0004538505740391555 0.0005781386903021405 0.000955853608579787 9.994439265814758e-07 0.00014312901502168217 6.028129739584566e-06 0.0002381800642969126 9.70380009433465e-06 0.00024211126105323864 2.7951771003077582e-05 0.0003129230949005845 0.00011624850772601145 0.0008828561210184975 9.683276225262582e-05 6.663171904312296e-06 6.945064183048228e-06 1.9787756634647097e-06 4.025454991960648e-07 2.3453332859457014e-06 8.11875683505586e-06 2.2479730562005437e-07 6.384638925496546e-06 0.00010252073479493088 3.3120652991755924e-05 6.476537755200548e-05 2.4020472049535583e-05 8.453968346044418e-07 3.5242441101913327e-06 7.488380805624322e-07 1.5265646860887155e-05 6.705902970044588e-07 1.1267325951161692e-06 0.0 5.068635068944938e-08 0.0 1.0433812204195398e-05 6.696321409515744e-06 1.5899595361204582e-06 4.046011217214512e-06 0.00020045326267010405 0.0 2.4033620194099635e-07 5.472056224777119e-06 9.34711830835855e-05 9.374121685559212e-06 2.4112331372849268e-05 0.0 6.009237310307401e-07 3.716631260193127e-07 4.365520682611085e-06 2.7508658037670056e-06 1.5260488702280662e-05 2.9369254119619775e-07 1.698168147721958e-05 4.7234491080211955e-06 1.4485216533156407e-05 1.926085629718427e-06 0.0 1.2838379638961943e-07
2.488158899541842e-06 0.0003017221197136806 3.5403388426224658e-06 0.0003705809103016343 2.393014838397979e-05 0.00018592885284936887 0.00022934698729403248 0.00010361817763734976 0.0 0.0002331764917062167 7.038555466217089e-06 0.0005421447635581809 2.7702628010513578e-05 6.594970096338631e-05 0.0006022132994469044 2.0019330647953813e-05 1.4608241286294216e-06 1.2513016089165482e-06 3.433795700450728e-07 0.0004301980509097285 1.0509158076287461e-05 0.001865908289293531 5.258440934141497e-06 0.004931796476966198 8.1476226948178e-05 1.9209360425980282e-05 0.0004952558605719775 0.001105660165171861 3.467147368953235e-05 0.00011146026032043343 6.52797647186426e-06 1.2730047778865642e-06 6.713913357412326e-06 1.5631366355405095e-05 3.1551671181878205e-06 8.518679759224862e-05 4.67764127812901e-06 2.663831958410928e-05 9.688533456589464e-06 0.00011495392611907311 3.8477266086293315e-06 5.764343908745908e-07 4.451301047136247e-07 3.88477355210491e-06 3.6483428415154803e-06 4.555425421268064e-06 0.00012671860569231464 6.764428228771665e-07 1.9305204266655042e-05 0.00010014191295590855 3.0334771257605163e-05 0.00012895966029340152 9.980686376738619e-05 1.0217426513676544e-06 3.2069934864490224e-05 6.345499347162156e-07 1.5542049473603834e-05 1.535009504433301e-05 9.570721962401723e-05 1.499479505227587e-06 6.516868340163046e-07 1.5049725156725443e-06 0.0001149965200344135 5.902726794269254e-05 9.649821750602286e-05 4.874559484181303e-05 0.0005418019794736736 2.0521764026868337e-07 4.797765678328086e-06 2.1304819249227202e-05 0.0001693583507109256 1.8396478866965322e-05 6.803782409270983e-05 3.5481655511542327e-07 5.801428298214064e-07 4.223839185058439e-06 1.76052751022789e-05 4.765151926144526e-06 3.829498343436476e-05 9.071519776193767e-07 2.933604258338093e-05 9.978365468082945e-06 4.454862484724541e-05 1.563905653778265e-06 2.541543271616173e-07 4.923585466000234e-07
5.023908895775927e-05 1.9755932295083626e-07 4.40478482530023e-05 0.0019127126020098712 1.2838226432019468e-06 0.0027434503717938654 0.007465635031983899 0.0007614671163376775 0.0002331764917062167 0.0 1.3317471737623041e-05 0.0008920111233031207 9.005450543128387e-07 0.0006996962407721847 6.327932004978513e-06 8.499831873646691e-08 2.510154714442109e-05 4.807666278052252e-06 7.694980450233796e-06 0.0026136246897083167 6.412627795812918e-06 2.712610232797923e-07 1.2930013504989563e-05 0.00035021011547399446 8.451352004712673e-07 1.2979091253061425e-05 9.364869660513517e-06 0.004772618471963679 0.00037618627340011275 4.717342198267222e-05 8.871817172451789e-08 1.8406352198664855e-05 3.154268902180817e-06 0.0001491378262132955 3.081217576484539e-05 0.00059751915767772 1.7968306873266617e-05 0.0002942240502390905 0.0001006644973595461 8.796250687736787e-05 1.872845912530396e-05 1.052269548058448e-06 1.0813604715473418e-05 4.2368474177023314e-07 6.339975298462368e-08 3.673242855650733e-07 5.35485580801337e-05 9.355250806950999e-08 1.2504609567182286e-05 7.305943766902745e-05 2.2273389794134895e-05 4.9924520379051324e-05 7.170379167733708e-05 1.6075006520536132e-07 6.123353045841225e-05 0.0 7.030890025975287e-06 2.047761198534768e-06 1.3896355843843848e-07 0.0 1.3939267843419947e-07 0.0 5.4916813796922496e-05 5.267582014375661e-07 1.472003096837906e-06 6.013022298983141e-07 8.637600171545964e-05 7.125357244808966e-08 0.0 1.144388355812647e-06 9.548125971086274e-05 3.483244630167064e-06 1.366228974144131e-06 0.0 3.238560736825691e-07 1.779212314333019e-07 2.1989295502523846e-06 2.842860367553337e-06 1.7427842458781655e-05 3.1183525275509324e-07 8.590925790619702e-06 1.4364309334776207e-06 2.2745928141310668e-05 7.763095239888666e-07 1.4759376421126165e-07 7.224136449474689e-08
3.3860349491867245e-06 6.442905655982943e-05 6.195329635171097e-06 1.5700983933190244e-06 9.295790117729703e-06 5.461465855648618e-05 7.876702821975975e-06 6.453172471561529e-05 7.038555466217089e-06 1.3317471737623041e-05 0.0 3.1308592344161526e-05 0.0014552614267440657 3.3245687802616115e-05 4.573121153845999e-07 1.4563105057596143e-06 0.00024681907046915716 0.0013925124609388113 0.0008028334000415568 9.887348336478245e-06 5.118572355091972e-06 2.9283759246682324e-05 2.522500416354719e-05 1.200435891178525e-05 0.0006273978627528698 0.0016522492188026 0.0006435049705264567 9.254485840224002e-06 8.169929473923622e-05 1.1148621588327443e-05 0.0004871880464012549 8.058385666244318e-05 1.4337179717287323e-06 0.004336480927958997 7.478512877094607e-06 0.0005102020380923085 0.004608765665348494 0.003327329152060076 0.001082750037225374 0.0001023995257590307 0.00016598911279876296 0.001063615600480115 5.9117931226616845e-06 1.4418552571079737e-07 1.0855952586086472e-05 2.877018562296542e-07 0.0 9.15328387405083e-08 1.1559609327477107e-07 1.2016998112477335e-06 4.18835514669526e-07 2.6795162351394437e-06 1.325663252490946e-07 0.0002971121348652564 1.6959908075309854e-07 0.000573194643453673 5.691589462220819e-07 0.0 8.504325640797537e-07 1.1735173487049913e-07 3.920957533292951e-05 6.519238215096956e-06 0.0 4.936809093714927e-07 6.160217237329093e-06 2.811066115419099e-07 5.861391763342996e-06 0.00010938290002842713 7.011539441795734e-05 0.0001352673088939293 1.7986386735253294e-06 1.550507723194829e-06 4.6548955040834567e-07 0.00014658339127612008 3.6494366630187116e-07 0.0 7.684654368455299e-06 4.001269808512154e-06 2.7125768811430624e-05 0.0003795583355578258 2.020756521596854e-05 2.4131102720687187e-06 7.771484580866658e-07 1.8009952327668042e-07 9.705742132473956e-05 0.0
8.995398815875992e-06 1.4176800035859734e-06 4.237401124789982e-06 0.001575793376290217 7.429518019518213e-05 0.0027109010105824424 0.00026981526270496175 0.000977749299183751 0.0005421447635581809 0.0008920111233031207 3.1308592344161526e-05 0.0 2.7155372956679884e-06 0.00035531860672959097 0.0006044717622426393 0.0 4.134992751094383e-06 8.79631927574821e-06 6.0339055710375e-06 0.002403940983158163 1.0503721094274544e-06 1.0517712393775258e-05 1.9837938564087215e-06 0.0010238667729857336 5.549129453470296e-07 5.9800305398809035e-06 4.85230983026418e-06 0.000483757260225058 0.0002330730875824776 9.31275920457928e-06 4.597073277537638e-07 6.524707450767867e-05 6.300160509930603e-07 0.00014641006216441102 5.7979909813997146e-05 0.0006645088202065036 1.7361488412108563e-05 0.00023525583519718918 5.460905150484546e-05 0.0008262910376647048 2.785445657832224e-05 2.568634756864438e-06 3.901910174425368e-06 4.387904088752085e-07 0.0 4.887175377244092e-08 5.927706657911665e-05 0.0 3.1413645745183846e-05 3.910793013733546e-05 2.427269198815655e-05 3.675829625892882e-05 0.0001127064512954874 2.7065234193631273e-07 0.00016736482066494117 0.0 6.1542321870377415e-06 3.818556614483466e-06 1.50513203940423e-07 0.0 5.831150486394669e-08 4.452851471629129e-08 8.228442262779646e-05 1.7297926989833617e-07 5.865679966132953e-07 1.1027074232142351e-07 4.948960226117812e-05 0.0 0.0 8.932841159517798e-08 6.801655357419239e-05 3.2971695524529674e-06 4.7610505936573434e-07 0.0 2.718098852909018e-07 0.0 2.0160984827873542e-06 4.986614008402217e-06 1.782909866740106e-05 6.270638615229845e-08 1.2778439266493041e-05 2.387458741914609e-06 5.339089056672232e-05 1.8251795232660374e-06 1.136564669252681e-07 3.877640264147785e-07
1.3844453994912423e-07 0.0003467380304441318 9.495140816782761e-08 1.1592348733330838e-07 3.5970102477372916e-07 4.7128942865412905e-06 9.623642044268117e-07 6.636286144651868e-06 2.7702628010513578e-05 9.005450543128387e-07 0.0014552614267440657 2.7155372956679884e-06 0.0 1.5220273959294945e-06 3.1141222631122673e-07 3.813838183779224e-06 8.503394906554983e-07 3.4310466370939814e-05 1.7953787803547034e-06 8.671551142530905e-07 7.074187324889015e-07 0.00013186821924153093 8.586164027072206e-07 1.975664721671892e-05 0.003013203930936034 0.00039842339628742493 0.0018563063947928504 2.5849073019509886e-06 4.568306239147411e-06 1.1107757158610699e-07 0.000910401042883142 6.702187230410765e-06 0.0 0.0007385378064933943 1.0432843205423447e-06 6.299496791080721e-05 0.0014325640406184772 0.0014335141247159692 0.00013077753566121593 6.914154992455511e-06 4.3369363015394143e-05 0.0006538730953202099 4.59212310583031e-06 1.2618903459322353e-07 2.2506265702658515e-05 6.246258206615362e-08 0.0 0.0 2.4282593464293875e-07 5.352685122361396e-08 5.599860340004087e-07 3.400423069550941e-06 1.0604011822264005e-07 0.00044148434919259 0.0 0.0008794653091421619 2.4337793437853137e-07 0.0 3.322886524212566e-07 1.5276391148837122e-07 4.1111366128337534e-05 3.845673821631247e-06 0.0 2.1334479315423874e-07 1.1001393565384608e-05 2.2551584039263304e-07 3.1591003819149827e-06 0.00021131526998546232 7.822592951365045e-05 0.00016073484851489831 2.7747119600124356e-07 6.006021163382471e-07 0.0 0.00020461151863040197 1.2186409272885473e-07 0.0 7.001404010471877e-06 2.40830107472581e-06 4.787817504251679e-06 0.0004941816102345437 1.911156832711317e-05 2.428171051937283e-06 2.8829162441172446e-07 3.857626129373142e-07 9.362137590063872e-05 0.0
0.0036099890930655124 2.1469597834348838e-07 0.00028503099801400344 5.499334996624409e-05 4.330285640668637e-06 0.0005201386702703745 0.0035459361302474976 0.0029449952403120447 6.594970096338631e-05 0.0006996962407721847 3.3245687802616115e-05 0.00035531860672959097 1.5220273959294945e-06 0.0 5.0728613399160795e-06 6.235083525390133e-07 0.0005218720804018927 1.8154689476918215e-05 0.00010897565311003706 0.00020140633007386744 7.586124977093513e-05 3.0549361764585363e-06 0.0002191046741273874 0.00017597905581287823 1.7663947428922293e-06 0.00010278442428439905 4.6646632813258236e-05 0.00035093663721469295 0.0029342460713484607 0.001922050058711001 5.310774424823538e-07 9.788368356718837e-05 1.148611929746301e-05 0.00023321005420872095 7.641266997418993e-06 0.00022175812399956513 2.7300998631783982e-05 0.00023300082400173593 7.145633132363281e-05 0.00020221740969848196 2.0012661090044324e-05 1.965070669954499e-06 3.2003024994109016e-06 1.1809034281172026e-06 3.32220751071279e-07 1.6000415202970824e-06 4.467168350351692e-06 1.0670266590342291e-07 3.6159091467625616e-06 4.158739426177813e-05 1.9320019411064676e-05 3.030034359888666e-05 1.2467771114956838e-05 4.622407446910312e-07 1.9924310486827e-06 0.0 7.083095213077548e-06 1.2931362280042615e-06 1.5582543763450245e-06 3.0198886249225137e-07 4.908283292181723e-08 0.0 4.00971336721952e-06 6.155488049893483e-06 1.9071262540509152e-06 2.51747759454364e-06 9.718683623981807e-05 0.0 5.774357631912435e-07 3.6747698567616388e-06 4.4921288055765776e-05 5.2937779748667756e-06 1.1117460156104874e-05 0.0 5.06969209763144e-07 3.608673901362849e-07 2.272163915664472e-06 1.7735179355618873e-06 1.2460214072967563e-05 2.351626606298939e-07 1.0825215259288127e-05 1.8174055731530476e-06 9.38198011445983e-06 6.994540384923216e-07 0.0 2.819580593314219e-07
0.0 3.6315623323207322e-06 3.3337834403416027e-07 5.305484299891691e-06 0.0005392667337473835 0.0009832584142786638 4.138257931682155e-06 0.0001243816949352944 0.0006022132994469044 6.327932004978513e-06 4.573121153845999e-07 0.0006044717622426393 3.1141222631122673e-07 5.0728613399160795e-06 0.0 0.0 6.366230487120368e-08 1.1378379900932657e-07 1.3357617231566845e-07 2.769424334511712e-05 0.0 4.623370563792419e-05 3.1443555407234775e-07 0.0002596909142001736 5.901049810341466e-07 4.36622001484055e-07 7.645575047659859e-06 9.827373928586853e-06 7.702344772275845e-06 3.6236295612601966e-07 5.3686833832002565e-08 0.00012704970642457038 0.0 6.382122945873995e-06 1.0231718538644707e-07 0.00023992060848531635 8.717803020380784e-07 3.2982468047865967e-06 6.877344101770412e-07 0.0006701821630029892 2.8084271002039973e-05 8.155718167021135e-08 9.303337382751389e-08 0.0 6.970309834691486e-08 0.0 2.944061027374813e-06 0.0 7.526033499420114e-08 2.375396142537034e-06 8.467270354860815e-07 5.402870739351239e-06 5.199232155828098e-06 0.0 1.628670428531643e-06 0.0 0.0 3.9565796245055393e-07 1.939964223313241e-07 6.455517971874463e-08 0.0 0.0 3.066664734266416e-06 1.986314077540258e-07 6.193125823995392e-07 3.599594343679087e-07 2.3940005998118748e-06 0.0 0.0 6.249237184563242e-08 3.1975185233916984e-06 1.8935510771733977e-07 0.0 0.0 0.0 0.0 0.0 0.0 1.5684090697419474e-06 0.0 0.0 0.0 4.581096149831263e-06 0.0 0.0 0.0
6.253685808168165e-08 0.00010961575318328073 3.949393094448787e-06 0.0 0.0 1.0589438146216762e-07 6.259922769367415e-07 1.494457575125561e-07 2.0019330647953813e-05 8.499831873646691e-08 1.4563105057596143e-06 0.0 3.813838183779224e-06 6.235083525390133e-07 0.0 0.0 9.945086906907281e-06 4.344828836554337e-07 1.5893014118457314e-06 5.4777641631481244e-08 0.0016031656955565919 0.00206021545528848 0.0029068858437849947 0.001037705282762113 1.3742434500619545e-05 5.980665021670365e-06 0.0029998279582808193 0.00045597713131689804 1.1088535888366478e-06 5.431614957927044e-05 9.75762440928049e-07 0.0 7.976402049627165e-07 4.9208320412477956e-05 2.1570581143706e-05 0.0003966925280930683 8.59506081333834e-05 0.00011084979862216061 9.979601409488743e-05 2.5362104281570906e-05 2.3085580222824704e-06 1.4213990752434214e-06 1.983514065640595e-06 3.3818112950529983e-07 6.060498430938577e-06 0.0001225023983792203 2.854297551056856e-07 0.0 1.1344473460004425e-07 1.8107666028897351e-06 9.919955928965523e-07 3.361342252238688e-06 1.0979787153254547e-06 6.922421585982446e-07 1.7258268880824788e-07 2.2836492068093735e-06 4.5536257151067704e-07 8.201570284716202e-08 0.0002911262093224026 5.203140718759759e-06 4.854945365870984e-07 4.579783903017383e-06 0.0 4.954602036635286e-05 0.0003521415597542324 0.00029031513858594044 3.482165485690489e-05 1.6216618764912835e-07 1.0365210492616279e-05 0.001492326239639122 3.332951964023734e-06 2.2640913856426765e-06 2.5670829516074218e-05 1.3251720477174698e-07 0.0 4.596258254636689e-07 2.8683892908132225e-05 6.578047415152609e-06 8.685356488242048e-05 8.317054155765923e-06 4.332287659780669e-05 3.4386937061449695e-05 2.0313637935107215e-06 4.377132433560906e-07 0.0 5.512681538391335e-07
0.00021830400662186614 5.8125247839552805e-05 0.002093213951486181 3.1480571792002345e-06 8.685920019011762e-08 3.510843000129768e-05 0.00024250501272197802 0.00041910363665370305 1.4608241286294216e-06 2.510154714442109e-05 0.00024681907046915716 4.134992751094383e-06 8.503394906554983e-07 0.0005218720804018927 6.366230487120368e-08 9.945086906907281e-06 0.0 0.00010133971480386306 0.0013486375275806799 3.4003804601619476e-06 0.00016184386292141626 8.966513877591669e-05 0.0025506332345482793 2.7722969353315664e-05 3.9292057688579516e-07 0.0012208939237341604 0.0028886349091156475 8.001389811736505e-05 0.0005680214204004351 0.0006583311564149146 0.0 2.8380158119001475e-06 2.1994424003639636e-05 0.0016174204763635108 1.5416558448352285e-05 0.0005961341812049244 0.0012903210384558612 0.0014307592091020605 0.00033232626637097614 2.246689201865911e-05 2.879601835567492e-06 2.410802548056911e-06 2.7351409755668187e-06 6.438146388145951e-08 4.4109481739948606e-05 0.0001367164314723319 7.139212840826311e-08 0.0 5.628801156241964e-08 1.8244881779716205e-06 1.4506151720288578e-07 6.37749458729233e-07 5.548621753939656e-08 7.036221892151011e-08 6.59865277741992e-08 3.0971862401894546e-07 0.0 0.0 4.606931362955371e-06 8.831217808108428e-06 5.21014313590798e-07 1.363689843985209e-06 0.0 3.0569113636855132e-06 2.8858963919940113e-06 1.0203012427505375e-05 5.105656087953808e-06 4.5624609106111e-07 4.0973966926054045e-05 0.0002845913284635096 2.0439945979993477e-06 4.2396082845254083e-07 3.0614685963782072e-06 2.129113407009571e-07 0.0 5.968205795728432e-08 2.2930914176453677e-06 1.7652552982962518e-06 1.177882553486132e-05 1.0471950331666675e-06 5.522372352915747e-06 2.7697033786750413e-06 8.953698139177276e-08 0.0 0.0 0.0
6.049256414724702e-06 4.2298805945037776e-06 1.4979898145132607e-05 5.494879478707073e-07 4.886312234299689e-07 9.004072184997069e-06 6.367174921519624e-06 1.6394826744677247e-05 1.2513016089165482e-06 4.807666278052252e-06 0.0013925124609388113 8.79631927574821e-06 3.4310466370939814e-05 1.8154689476918215e-05 1.1378379900932657e-07 4.344828836554337e-07 0.00010133971480386306 0.0 0.0010332051977720155 3.2838257817225645e-06 2.798539132818043e-06 2.261068041345458e-06 1.195795573277812e-05 3.6634693110309937e-06 9.376554922684364e-06 0.001808063862706221 0.00037500654489065445 3.6666265315728196e-06 3.4389286857427324e-05 7.81690325024247e-06 1.9489742744053693e-05 8.847549279578085e-06 1.3704215693529026e-06 0.0008312744893925196 4.81515858948823e-06 0.000521250476511692 0.0014507944363924008 0.0008801763277334478 0.0005210248538481101 1.7416414556162805e-05 6.87820766225128e-06 3.945784438861153e-05 3.348709140964473e-06 4.4534318473078726e-07 5.402992325141448e-06 1.3007566280507545e-06 0.0 0.0 9.510733943235151e-08 5.160930304456397e-07 3.665463283264625e-07 2.908012872450667e-07 4.9200722894256254e-08 1.394424856143321e-05 4.636861442952574e-08 3.712933582111699e-05 4.5703359376194904e-07 0.0 1.368241925683561e-07 1.9244707681879738e-07 3.371104823090786e-05 1.473704402471164e-05 0.0 1.4789306757432878e-07 5.57546790137874e-07 3.196118031694005e-07 5.804822249526372e-07 1.1581643330013918e-05 8.191488079782677e-05 0.00018411795721944506 2.9943397756652523e-07 5.677643827153087e-07 7.246548028991649e-07 3.3867975497650755e-05 1.61706248501825e-07 0.0 5.451636364450521e-06 1.3527814724746937e-06 1.154654127963487e-05 2.131631129123387e-05 8.867033779688882e-06 1.7378768828198048e-06 4.6721011894147343e-07 0.0 0.0 0.0
4.247688388493219e-05 5.731003192514118e-06 0.00018052619629795331 1.2346874239235444e-06 2.517637448997274e-07 1.0607366791793682e-05 3.1092915878592415e-05 8.690417057416081e-05 3.433795700450728e-07 7.694980450233796e-06 0.0008028334000415568 6.0339055710375e-06 1.7953787803547034e-06 0.00010897565311003706 1.3357617231566845e-07 1.5893014118457314e-06 0.0013486375275806799 0.0010332051977720155 0.0 3.3176828499979636e-06 2.3169988471595325e-05 5.494302720299638e-06 0.00011033069668756484 5.881233575446562e-06 8.095423946871867e-06 0.0021520120973219457 0.0004352861758075416 1.3525215597492596e-05 0.00016253044183251378 6.721430222059139e-05 5.684439088341044e-07 4.760291127909658e-06 9.280626251829902e-06 0.0022575669998190027 6.546274775697684e-06 0.0007973321318622867 0.0011026661847876032 0.0018677288630630604 0.0007186385759458446 1.6761535912222928e-05 1.756139559631364e-06 4.559601769761133e-06 3.6610736108469565e-06 6.443901363446027e-08 1.2017668254360849e-05 1.5727258936226966e-05 5.6394185709845795e-08 0.0 4.697343046023634e-08 1.672599588263393e-07 0.0 4.0799996813199075e-07 0.0 1.4052779925410706e-06 0.0 1.4299105766410084e-06 2.6161493476484166e-07 0.0 9.64581773635556e-07 1.634273375086187e-06 4.833240700384153e-06 7.19054926684507e-06 0.0 2.9597237294570413e-07 5.180038137072406e-07 6.902439035153856e-07 1.4832539598638912e-06 5.409717369925789e-06 5.0005506875195875e-05 8.374064183776231e-05 6.152500435968737e-07 0.0 3.6971673640597026e-07 1.1876067568716234e-06 0.0 0.0 7.277967688911323e-07 1.5665381260730244e-06 4.420581703343831e-06 6.107559440704702e-06 1.6400871527486456e-06 4.558214688838437e-07 0.0 0.0 0.0 0.0
1.0334613441532234e-05 0.0 4.1882122748136635e-06 0.0027851720483358542 3.3294137517976508e-06 0.000281683049587262 0.00013122250089690442 0.0003154436954900824 0.0004301980509097285 0.0026136246897083167 9.887348336478245e-06 0.002403940983158163 8.671551142530905e-07 0.00020140633007386744 2.769424334511712e-05 5.4777641631481244e-08 3.4003804601619476e-06 3.2838257817225645e-06 3.3176828499979636e-06 0.0 1.570139014242305e-06 1.438192718233535e-07 2.401244869786747e-06 0.0007036891205658732 1.5038744278561824e-07 3.2987198859973143e-06 1.5029875680140733e-06 0.002647124027826113 0.00018194245656182422 8.53590914450435e-06 1.0010853740225357e-07 1.375556569981778e-05 6.408174587574988e-07 8.988075440104939e-05 2.9385112559487014e-05 0.0005243525233764873 1.0825485029181224e-05 0.00017821794775286785 6.503766853438033e-05 0.00017107269215903831 1.4311772309539233e-05 3.872535446857506e-07 6.765347470426521e-06 2.511907525884766e-07 2.0518667229226435e-07 2.2712670845556263e-07 5.779086741214981e-05 0.0 1.617139744559153e-05 6.693360228956103e-05 2.0123942927907674e-05 4.629920822853972e-05 7.225407887680586e-05 5.830861972835159e-07 2.1376626561835137e-05 0.0 5.519987963422336e-06 1.1802884093143912e-06 3.596243510240771e-07 0.0 0.0 0.0 5.572828937425541e-05 8.113711518778074e-07 3.8082223473367516e-07 6.272574206771582e-07 8.268749472314845e-05 0.0 0.0 3.833125916732947e-07 8.000881950565512e-05 1.615331684774852e-06 1.8953771708121285e-06 0.0 1.1710822016605894e-07 0.0 1.2488748374054835e-06 1.0942570309646158e-06 1.7855523946356998e-05 0.0 5.771999075937197e-06 1.8607665525778914e-06 3.808513777863843e-05 4.919765627499212e-07 0.0 2.742022203791169e-07
3.879982819381768e-05 8.741913477205097e-06 0.00010937336382227947 1.0741900674927812e-06 1.4058528244931578e-07 9.130426762461437e-06 0.0003284605523619488 6.874783129080428e-05 1.0509158076287461e-05 6.412627795812918e-06 5.118572355091972e-06 1.0503721094274544e-06 7.074187324889015e-07 7.586124977093513e-05 0.0 0.0016031656955565919 0.00016184386292141626 2.798539132818043e-06 2.3169988471595325e-05 1.570139014242305e-06 0.0 0.00019496111778236126 0.003487279379789325 0.00012256657407617362 5.146878069436737e-06 9.195293461585208e-06 0.00040642426675077697 0.0025573706440258272 9.937294731947938e-05 0.004289838745588314 2.194698711184335e-07 1.233170935636565e-06 7.684835752907757e-06 0.001743289637556638 0.0002505797104897209 0.003751826211078464 0.0006518686996402586 0.0025322117437177995 0.001459461801450811 0.00021986369429752612 2.6085802723410558e-05 7.98436681803618e-06 2.768862402369212e-05 2.1337390495372377e-07 6.559872817863891e-07 3.9813308381548724e-05 1.0914072330096838e-07 0.0 1.5480777726190378e-07 3.3169233635801563e-06 2.2378724358421419e-07 3.6765715348525484e-06 6.284272420840721e-07 1.401588198044081e-06 2.273442532190251e-07 5.372664994342212e-06 7.372792905985813e-07 1.311850278264667e-07 0.00031527608457739275 6.437898106911434e-06 1.292943036778255e-06 4.960368216381566e-06 0.0 8.903426198384736e-05 0.00015532057152281372 0.00031605154151260133 4.3269755976486e-05 1.0609036728863562e-07 1.0559342998761214e-05 0.00032381798634985504 6.7472446728727444e-06 2.9438233499127576e-06 4.425977918502409e-05 5.829743264505333e-08 5.042748635259113e-08 1.1510779058639038e-06 4.0870832729300934e-05 3.4079890220163065e-05 0.00019440484355653752 4.024144072168584e-06 4.020629659520694e-05 2.8560207703263986e-05 3.538956474487531e-06 5.804308927722615e-07 1.4752918496325312e-06 4.4286864043431316e-07
6.614351734895714e-07 0.0012831413955555245 0.0001597337614293897 1.690437944681463e-07 9.12676898598305e-07 4.4383175235559044e-07 4.648454466772082e-06 3.255211280562869e-06 0.001865908289293531 2.712610232797923e-07 2.9283759246682324e-05 1.0517712393775258e-05 0.00013186821924153093 3.0549361764585363e-06 4.623370563792419e-05 0.00206021545528848 8.966513877591669e-05 2.261068041345458e-06 5.494302720299638e-06 1.438192718233535e-07 0.00019496111778236126 0.0 0.0007084893566834115 0.0028768744649413027 0.0004319844881922767 6.162620499883873e-05 0.003280494554270933 0.00030653377951299896 6.409254237642739e-06 4.357826815164228e-05 2.6463789463913557e-05 0.0 1.0707372476737079e-06 6.33350371567186e-05 2.1815613688259127e-06 8.261219262624026e-05 2.198307121624326e-05 5.538647193212618e-05 1.9527439461074808e-05 1.6491872751365455e-05 8.370752668216717e-07 5.275351826330275e-06 7.759141789720595e-07 0.0 7.113419808806273e-05 0.00012803873405669393 1.1330998194227436e-07 0.0 2.482054661194404e-07 2.0375641437903133e-06 9.306218715044074e-07 1.0950771304474681e-05 5.499417066516047e-07 9.177556674011433e-07 0.0 3.619796853541367e-06 5.312867274651614e-07 2.318374994828025e-07 9.079520981066617e-05 4.797232616558048e-06 1.4310079782093282e-06 1.4846087085821325e-06 6.030590290208605e-08 1.236089838355963e-05 0.00010260422740691591 8.702655340839935e-05 2.5232171371174116e-05 3.6829410452745887e-06 1.2940514869400576e-05 0.0018531790355697947 2.8922154259787173e-06 1.5428410551477916e-06 7.062292550364025e-06 1.1211056753544097e-06 4.950811654297977e-08 2.3637922131612867e-07 1.0402441259618684e-05 1.5598972954987532e-06 2.5346992161253915e-05 5.1341796860520325e-06 1.8515878312251998e-05 1.417112048583395e-05 1.0125384693857845e-06 0.0 1.4497222682431463e-06 7.555195031218133e-07
9.615465265314038e-05 2.939256961182929e-05 0.0041558363542747315 2.6043260586725163e-06 1.1368367707355139e-07 2.501647519457689e-05 0.0006962368582059888 0.00016291532840641772 5.258440934141497e-06 1.2930013504989563e-05 2.522500416354719e-05 1.9837938564087215e-06 8.586164027072206e-07 0.0002191046741273874 3.1443555407234775e-07 0.0029068858437849947 0.0025506332345482793 1.195795573277812e-05 0.00011033069668756484 2.401244869786747e-06 0.003487279379789325 0.0007084893566834115 0.0 0.00017037269099069106 1.8136061898045176e-06 0.0005845845350166915 0.004221368629549772 0.001889929098237113 0.00027528593021174254 0.0013418686966821178 1.2827293012455404e-07 2.0045764773721862e-06 2.4890162412098727e-05 0.002048074041406351 0.00024329638047927642 0.004278129627831515 0.0030309613638026148 0.0032365858644749466 0.0027726820447893257 0.0002624001326189498 4.1272710492615656e-05 1.1650743174991328e-05 2.8149929933188445e-05 1.8153471184075778e-07 1.2571973597344758e-05 0.0005558421608647896 7.128269251562342e-08 0.0 2.3137324854810035e-07 6.129877504456797e-06 1.0791535135523032e-06 1.8312152690980152e-06 6.719717597880604e-07 4.6475039925632476e-07 0.0 7.712404329370362e-07 5.218470549201184e-07 5.373131180000311e-08 0.000185557665301511 1.5164726934391355e-05 4.282374559743106e-07 2.732581836730035e-06 6.946754990740054e-08 2.5599208722376988e-05 0.0002539893761256698 0.00035097297467277523 1.5671626403163687e-05 5.240763399538758e-07 7.0016960916944e-06 0.002709458008063299 2.754674827660324e-06 1.3300916111084977e-06 7.673450463811922e-06 3.976732166415479e-07 5.993594906284742e-08 3.846483817558584e-07 5.096365382495866e-05 2.9505467493554064e-05 0.00016211215558705676 1.678156472691804e-05 8.453444478757938e-05 7.291247027151582e-05 2.704502443682431e-06 7.654863712563382e-07 9.813661192049031e-08 8.368737165984264e-07
