0.0 0.0 4.6262962231607976e-05 4.739230746263071e-07 1.5689937509071042e-07 3.595480353198585e-06 0.0011602062743488483 0.0003052805168006132 1.4948556175795377e-06 7.227934818726561e-06 5.504153638926078e-06 9.288667279165053e-07 2.7787303115171707e-07 0.0026385793373819785 0.0 2.475257913575428e-07 0.0001175617476646468 8.715430157314646e-07 5.009918730137518e-06 2.764886950937543e-07 6.525166405478841e-05 0.0 0.00015501001199330188 3.1544911190223614e-06 0.0 8.479684559494505e-06 5.758921342141347e-06 1.5592981795178826e-05 0.0023759066719421817 0.0011872088720176882 0.0 5.211419343165288e-06 1.0084770568968497e-05 4.054325644350387e-05 1.771584448427248e-07 3.3902681824313035e-05 6.746256253746501e-06 3.040827948786996e-05 4.800820382184114e-06 5.680709717281821e-07 7.52207180018602e-07 0.0 1.0295900661583398e-07 0.0 0.0 8.540860491917833e-08 0.0 0.0 0.0 4.792116139102216e-07 0.0 3.034473096804764e-07 1.2843770337383885e-07 0.0 0.0 0.0 0.0 0.0 0.0 0.0 0.0 0.0 0.0 0.0 0.0 8.035053013570096e-08 4.206773172751104e-07 0.0 1.7704813095812646e-07 9.817924697401499e-08 1.451378837534954e-06 0.0 5.104887006028247e-07 0.0 0.0 0.0 0.0 0.0 0.0 0.0 0.0 0.0 0.0 0.0 0.0 0.0
0.0 0.0 6.401728876233621e-05 1.0112836335235959e-07 0.0 3.2310001390056566e-07 2.3314502900587116e-06 1.847023213665165e-07 0.0002596506298829895 5.147554839036591e-07 8.680128409267485e-05 3.7676416788153e-07 0.0002690326777528503 2.3752146336109614e-07 1.33411520578657e-06 5.233329621792121e-05 4.119537532902107e-05 4.219899435623301e-06 2.937759413846081e-05 0.0 8.49632519685291e-07 0.0010397667118430605 2.1221610359735877e-06 0.0006316609075629223 0.0010592504852625674 0.00038824845081047646 0.0025032677764581642 1.4141334704467019e-05 1.5507538311233173e-07 1.484662258865552e-07 3.354478772916973e-05 0.0 0.0 2.4576526629088997e-05 1.1042516836622254e-07 2.1930648396584534e-05 7.513178990643523e-05 2.991474242621386e-05 1.180687148338519e-05 1.1702921761648924e-05 0.0 0.00019826957760523623 1.694330806275461e-07 0.0 3.5686944509277305e-05 3.680590120061319e-05 0.0 0.0 6.33139183788287e-08 2.7450174433222713e-07 0.0 7.82829370240758e-07 5.97334263495499e-08 3.768222680289755e-06 0.0 6.222198683331692e-06 5.495597052534665e-07 0.0 4.380338397569781e-06 9.829369113658343e-06 1.904336353662424e-06 1.1280785160697686e-05 0.0 6.867712167048081e-07 2.7718684927932185e-06 3.182157054341118e-06 6.08172801000719e-06 7.73966007458857e-06 0.00010331593896365137 0.00071512273830027 1.2269419826261946e-06 0.0 4.2925738311660595e-07 1.8957623967068256e-06 0.0 0.0 4.767042141095896e-06 0.0 1.1496970547151024e-05 9.940849184114645e-06 1.3319773195773646e-05 4.801086162388346e-06 1.4819291093005736e-06 0.0 2.023829935610199e-06 1.104353176664931e-07
4.6262962231607976e-05 6.401728876233621e-05 0.0 1.7543496770985173e-06 1.3091687221547099e-07 4.0318179539153593e-05 0.0003807434515674858 0.0003542908693571251 8.17112437892162e-07 6.92758105529934e-06 4.2577789652831183e-05 6.606969288532086e-07 3.0072242940498443e-07 0.00026838890522347213 8.629460022132944e-08 7.577387214983424e-06 0.0038324712233730983 2.178402699448289e-05 0.00012132287650806017 5.100480288330611e-08 8.711575607517765e-05 1.153569592859666e-05 0.003208503883219104 5.5447365588212494e-05 3.389192014615333e-07 0.0032129496499496255 0.0024287479910633835 0.00014229990450222193 7.665491772374018e-05 0.00024110264450396098 1.5864377504286405e-06 2.1380897330135612e-06 2.804299680873517e-06 0.00040874897949929315 7.25385562599119e-06 0.000671756912249482 0.0011480149218646629 0.000706066341127107 0.00023146694698570887 3.2964988312465034e-05 3.7697849232850693e-06 7.12931531827369e-06 3.28744212613309e-06 6.62849927315358e-08 0.0001383402502892527 0.0003676239808386986 6.813647239814718e-08 0.0 1.4118624036300465e-07 3.724186603931893e-06 1.3665355137066602e-06 6.925636218618012e-07 8.67667173548389e-08 1.2449217760279112e-06 0.0 2.0726188539004673e-07 1.6430911905049172e-06 0.0 1.844241818151074e-05 6.785276413528477e-05 8.154583133918169e-07 3.189944313659496e-05 0.0 2.8233237306318748e-06 1.868487239786067e-05 0.00015590042963240894 1.429988072078777e-05 1.36065344720407e-06 9.06872437629294e-05 0.0012784177416375242 1.0462406822830343e-05 1.1942845267443484e-07 3.1612995527946183e-06 8.490551587207154e-08 0.0 0.0 2.0762515541509746e-05 2.197771006301123e-06 6.528576229301777e-05 0.00014717902701178956 5.7777382703302296e-05 2.046228462690455e-05 4.134215236751667e-06 1.4744388613484554e-07 0.0 4.97900842481529e-07
4.739230746263071e-07 1.0112836335235959e-07 1.7543496770985173e-06 0.0 9.416028402867264e-07 2.4161239776181228e-05 0.00027630826018542324 1.195375705228328e-05 0.0005271336675709095 0.0021413291479751135 1.6225025259038992e-06 0.002207430808058176 2.2738820983295173e-07 8.078754742191064e-06 5.020967429405691e-05 1.0554759300440468e-07 2.5301743615855635e-07 3.3161299691228387e-07 7.059031855174014e-08 0.0017718769877167067 1.4865678727302095e-07 5.766274661875276e-07 0.0 0.00048134732713033684 3.605497000092099e-07 1.0838884364911295e-06 2.734736169971975e-06 0.0029174368679569574 2.3447404489614872e-05 0.0 0.0 1.5009836713121904e-06 1.02822646537824e-06 1.191536995326704e-05 6.593563156866291e-07 0.00021108530384014439 2.5098888981369212e-06 3.1810726020668696e-05 9.878015826829741e-06 0.00021827319478311423 5.94146389424893e-06 0.0 8.150147503585252e-07 0.0 0.0 0.0 5.3580465728407003e-05 7.366810764859635e-08 3.0756671300634953e-06 3.9448995918569394e-05 2.4724532086855797e-06 0.00010047157489238021 0.0001455067007894349 0.0 6.092875318828766e-05 0.0 2.7552603074546964e-06 1.1128861686911771e-05 1.5859804067784057e-07 8.550346042659828e-08 0.0 0.0 2.027962285729162e-05 0.0 8.212893759832645e-08 0.0 0.00010306693789243793 0.0 6.9347663599864e-08 2.9862671381419926e-07 0.00015091645665989918 9.703705446636577e-07 3.610348760929316e-07 0.0 1.309537645542262e-07 0.0 8.572736235638488e-07 0.0 5.22862614278345e-05 2.7564880832014206e-07 2.631619247046904e-06 8.718068331860518e-07 4.508409750734642e-05 1.245066835637484e-07 0.0 0.0
1.5689937509071042e-07 0.0 1.3091687221547099e-07 9.416028402867264e-07 0.0 0.0001984400811612461 3.5748695881284996e-06 3.396686384801365e-05 1.3843070883296738e-05 5.059058920858346e-06 5.0211314270212045e-06 4.16356143653489e-05 2.665352469001585e-06 1.7066349156102386e-05 0.0005371758731236941 0.0 7.28956070805849e-08 2.454427486022856e-07 7.036017581353992e-08 4.125009894951927e-06 6.036074319969657e-08 0.0 1.9249081992916624e-07 7.17050256694583e-06 2.3151624006405485e-07 2.570596432078879e-07 1.7845538568055896e-07 2.0846982587385077e-06 5.4023238729685394e-05 1.0787893048462314e-07 6.726974146077596e-08 0.00020805634765566947 0.0 4.446020205618933e-05 2.1662277440963974e-06 4.5773827622001575e-05 1.751642746559237e-06 9.188334308384882e-05 7.544752351866867e-05 0.0011687892620212848 7.534003626475833e-05 7.286459655551909e-07 3.3745091855530005e-06 0.0 0.0 0.0 3.449698621830195e-07 0.0 0.0 0.0 0.0 0.0 3.985678756379e-07 0.0 0.0 0.0 0.0 0.0 0.0 0.0 0.0 0.0 2.1169160449101278e-07 0.0 0.0 0.0 3.002978733266831e-07 0.0 0.0 0.0 2.4698996989774276e-07 0.0 0.0 0.0 0.0 0.0 0.0 0.0 5.218641678089203e-07 0.0 0.0 0.0 0.0 0.0 8.74970808596347e-08 0.0
3.595480353198585e-06 3.2310001390056566e-07 4.0318179539153593e-05 2.4161239776181228e-05 0.0001984400811612461 0.0 0.00227672601561094 0.003507571642897633 5.007297088195037e-05 0.004685153571462735 0.00013698164699610667 0.0014566125402276492 2.2961056497264003e-05 0.000490328107054451 0.000994823316250365 3.360315784432519e-07 1.6704131422270996e-05 2.2875252938392315e-05 1.1550730094442003e-05 0.0001306630525065443 1.925493647520231e-05 5.947307013731052e-08 4.0762274008745476e-05 2.4032297770256985e-05 6.139722715967727e-07 3.4908737589120774e-05 2.8192511846212316e-05 0.000261273088037881 0.0003187973261032193 2.7973576463642603e-05 2.4368085673561676e-06 0.0004106315024509627 2.0814791608604386e-06 0.0003637413735540304 4.3643290898962725e-06 0.00036303984878952023 3.4700426731259015e-05 0.00047175682728229387 0.00014473168958883161 0.0016986240048172028 0.00018535914599716784 4.759585834463161e-06 7.907035214511934e-06 0.0 6.679864017661424e-08 0.0 1.4189849416979056e-06 0.0 0.0 3.584860314775534e-06 3.809966421347108e-08 1.1468170399947405e-06 7.024324373939013e-06 7.882577244097857e-08 3.7431541476448587e-06 2.909332867993284e-07 8.657210819943365e-07 6.283297208954045e-07 7.249145532470245e-08 0.0 0.0 0.0 1.6473732115459674e-06 6.402917744490661e-08 6.839911312226816e-08 9.346268603211437e-07 7.669811050264469e-06 0.0 4.6022095847544394e-07 1.0532131876761189e-06 1.3003096778816876e-05 1.1887242638480275e-06 9.204858145131996e-07 5.664750586130846e-08 1.4500679460058513e-07 0.0 6.960688904767106e-08 0.0 1.3013828818077963e-05 1.2031427330565736e-07 1.8785064993889441e-07 1.7988514996976e-07 1.1018512780792278e-05 9.227071782574698e-08 4.5656322512291047e-07 0.0
0.0011602062743488483 2.3314502900587116e-06 0.0003807434515674858 0.00027630826018542324 3.5748695881284996e-06 0.00227672601561094 0.0 0.002265725726542308 0.00013254552920719052 0.0037818255496233156 5.4576225556699654e-05 7.387348858549548e-05 6.985693406726869e-06 0.004167399690444266 1.514729770522188e-05 8.129093345556197e-06 5.28038410372773e-05 1.5256077546986633e-05 1.3574166294199586e-05 1.5363927289039772e-05 0.0004985308672872576 1.565861561468866e-05 0.0005279971858226644 0.0008798852530358084 3.365210937205675e-07 7.277741828128031e-05 0.0002789583877709085 0.005677578072651402 0.0019711700540774074 0.003058102694789619 1.850964649378522e-06 3.8308407813961765e-05 0.00014179439864379497 0.0005179822948776087 5.111359455213137e-05 0.0030290372153299683 0.00018368119127993633 0.0011934597966498516 0.00042850444935608713 0.00010734242141892304 0.0001565513567014077 4.135601434434e-06 3.4161647564028937e-05 5.529318286547722e-07 1.3130126593137014e-06 4.991513796888871e-06 1.4211723645824534e-05 1.318504423626403e-07 5.874860738421005e-06 0.00029775944440772463 1.8346818534565682e-05 4.2418710963723955e-05 0.00011798833950963758 8.883594823624956e-07 7.767448762200684e-06 5.055871631475691e-08 1.472624761030728e-05 3.629099680514632e-06 6.544951745608874e-06 2.9597067548859947e-06 2.1348455560674326e-07 1.18255291930471e-06 1.454620547484047e-05 1.0730210732264318e-05 1.0583505814475803e-06 1.9265172881106985e-05 0.0004788419046505823 1.1980711626455627e-07 1.928991587310706e-06 2.026603493915521e-05 0.0007914683572681004 2.0166617031677658e-05 0.000126061414284187 0.0 3.44807261934935e-07 8.825631976722468e-07 1.0367182419602486e-05 1.968318494064909e-06 9.40109971665874e-05 3.910227405641019e-06 2.7553394200551886e-05 9.395214040443514e-06 8.452884030372022e-05 2.6717467717920145e-06 2.744285847927769e-07 1.7558471493555553e-07
0.0003052805168006132 1.847023213665165e-07 0.0003542908693571251 1.195375705228328e-05 3.396686384801365e-05 0.003507571642897633 0.002265725726542308 0.0 1.0331590671388208e-05 0.0009654487883267541 8.002981657715179e-05 0.0004129099612585762 2.096894500960668e-05 0.00534770199766339 0.0005429526915387628 3.5544615102846056e-07 0.0004215892507688801 1.2187133753776957e-05 1.6670268171599806e-05 6.214465153250599e-05 0.00023601448525011843 2.6382332904620776e-07 0.0005852742518880143 9.36911546873624e-06 2.2391752146529573e-07 6.687858522197912e-05 6.720551721267666e-05 0.00013544245282728023 0.0004269761522468816 0.0007180710180646224 1.3194438544428859e-06 0.000594591296748634 5.735299427231956e-06 0.0003447999689915865 3.3851679549561594e-06 0.00027439239840956254 3.6134629597215715e-05 0.00030968377949349183 0.0001211955213921186 0.0010626791108711011 0.00011203933966340907 6.792221055690835e-06 6.848567732247107e-06 0.0 5.174591922239672e-07 1.151771038484411e-06 1.5112761327951222e-07 0.0 0.0 3.4978287870997785e-06 6.369217287124901e-08 8.930806858738137e-07 2.669354543106776e-06 7.030124276156127e-08 3.372509653888013e-07 1.812846640120948e-07 5.886857634228313e-07 1.7414689739722685e-07 8.824445041796804e-07 6.133522771358159e-08 0.0 2.1254894456767176e-07 7.866627398085715e-07 6.276107569669995e-08 5.6148273364440345e-08 1.4603075051804435e-06 7.148562390631605e-06 0.0 7.421381640227407e-07 3.429383560852368e-06 7.631978092470813e-06 0.0 1.1503884169595102e-06 5.8180519055707496e-08 0.0 0.0 0.0 7.746123946971212e-07 1.676293100267717e-06 6.241170855824264e-07 8.596074937725316e-07 5.565923751285764e-07 1.592943787454114e-06 1.1131600848833974e-07 7.240933930355966e-07 0.0
1.4948556175795377e-06 0.0002596506298829895 8.17112437892162e-07 0.0005271336675709095 1.3843070883296738e-05 5.007297088195037e-05 0.00013254552920719052 1.0331590671388208e-05 0.0 0.00033971264558869984 1.276506332738452e-05 0.00029737067460129614 3.2655344298780375e-05 6.457467029612343e-06 0.0002651247148638661 1.8302694741225458e-05 5.586130484111654e-06 1.3613803310801044e-06 1.5949166716899674e-05 0.00027864226027113457 1.0577978601157806e-05 0.001163704819741819 3.3394685103285474e-06 0.005289995876389628 0.0001411111474416087 0.00011202863828808915 0.00028162423638348946 0.0014140297397715034 3.7246537498388424e-05 5.003826539104463e-06 9.815390217631355e-06 9.630826437890815e-07 9.665187123786948e-06 1.3489445773227278e-05 3.6018309698704585e-06 0.00011395289468902107 2.680226720394197e-05 3.4649017353732315e-05 1.5233348988839713e-05 0.00017348617828516564 1.501105550250901e-06 3.7417821810466003e-06 5.412709675378077e-07 0.0 6.423420696228394e-06 1.0304675393578183e-06 3.523291858623901e-05 0.0 4.019821108211027e-06 6.891594405074169e-05 3.911848053078922e-06 1.301201823898826e-05 0.00017737232435228404 3.840044571382614e-07 4.103092927807511e-05 4.3142416679230197e-07 4.588022609685489e-06 6.480233822306208e-06 3.21192513084253e-05 7.780497576902471e-07 0.0 4.566663774994374e-07 2.360061920904703e-05 3.102986418513677e-05 4.538399545779234e-05 8.87077746169333e-06 0.0010690541094120231 1.3343154016537275e-06 4.250020191575568e-06 1.4445022310782573e-05 0.0005710513741336129 8.686785435061238e-06 4.055671100957952e-05 6.398649706317107e-07 4.129947474374312e-08 8.537885754072232e-07 2.155924158833278e-06 0.0 1.977297144715929e-05 1.249503229006563e-06 1.0316231856639102e-05 1.6484725627907626e-06 2.2890735810870133e-05 5.299799950951057e-07 0.0 0.0
7.227934818726561e-06 5.147554839036591e-07 6.92758105529934e-06 0.0021413291479751135 5.059058920858346e-06 0.004685153571462735 0.0037818255496233156 0.0009654487883267541 0.00033971264558869984 0.0 7.689782180506664e-05 0.003166415119070901 9.603290836962692e-06 0.00044661733352004346 3.4122252521822784e-05 6.497899750435699e-07 2.1248216971032103e-06 1.9049509314859544e-05 1.5421962325598393e-05 0.00410867133150246 5.953539571241627e-06 0.0 5.8649546490320685e-06 0.0003330501281041818 7.879476513353513e-07 3.6630300875612544e-05 2.4562560966683142e-05 0.002148891189346963 0.0005356031645726034 3.614538574106495e-06 2.0140168217178986e-06 4.469091921812461e-05 4.057403029405806e-06 0.00035159817624982957 1.1420795272749583e-05 0.001632427918370209 3.99324928630751e-05 0.0007490412655173796 0.00017943969548473866 0.00025635192303101906 0.00012253553479388908 2.654900215795236e-06 2.9619391311726514e-05 5.546933665829805e-08 1.517524111910048e-07 1.1464734622782451e-07 6.458397084736904e-05 0.0 8.78556445144132e-06 0.00016245723650998019 8.144635468251627e-06 0.00015404478593496873 0.00040115829633322704 4.0405436764652075e-07 5.828549968066757e-05 6.537253938030981e-08 6.8543853865464905e-06 1.4654073971035412e-05 4.733047073629479e-07 0.0 2.808032738765694e-07 5.739118112950261e-08 4.9425762451298985e-05 3.5370422680688917e-07 1.1108786986921465e-07 7.689944260419245e-07 0.0003364070786739079 0.0 6.747398509687273e-07 1.7779957172807652e-06 0.0005226935357797025 4.827427195730887e-06 6.63011948391416e-06 0.0 0.0 1.499208072374232e-07 3.1445481464878767e-06 7.96460243635782e-07 0.00017942634978002086 1.2773662896614174e-06 7.225335342984576e-06 1.2462342533851813e-06 0.00013810868731092544 2.751561857389393e-07 6.572083964712184e-07 1.7042086311501926e-07
5.504153638926078e-06 8.680128409267485e-05 4.2577789652831183e-05 1.6225025259038992e-06 5.0211314270212045e-06 0.00013698164699610667 5.4576225556699654e-05 8.002981657715179e-05 1.276506332738452e-05 7.689782180506664e-05 0.0 0.00010315461321119038 0.0005909825386790783 7.387544814050087e-05 5.28274458505238e-06 7.080726628026803e-07 0.00027149244826169694 0.0013145016791801542 0.001095012794784581 1.7497410899104325e-05 9.420274096951773e-06 4.792100664177265e-05 1.631510736851618e-05 1.9996140517485475e-05 0.0001921725225981686 0.0007217315744119307 0.0005282219635708733 7.160243269956303e-06 0.00027277462984734094 1.1846866924732081e-05 0.0002659549801881572 0.00012608982090238512 4.207987397711054e-06 0.002715497523201849 1.9487246773904244e-05 0.00036200991847818283 0.0020939832245062697 0.002440030116000666 0.0006506215149783994 4.4902665581951734e-05 2.3305161986567183e-05 0.0005976658666281005 3.8029211705685374e-06 4.949754905426767e-08 6.835348061797557e-06 7.716413203444138e-07 0.0 0.0 4.2319187536619134e-07 1.7260426213296531e-06 1.709194626596015e-06 9.706745778012467e-07 1.1535100806356614e-06 0.00019295824386167214 3.554901221364262e-07 0.0003925245854596206 1.0231605258063735e-06 4.872730541851744e-08 0.0 2.683444562020561e-07 1.3098213901918363e-05 2.093980446553611e-06 1.5981779075505723e-07 0.0 7.087173961830465e-07 3.0128470431725595e-07 1.344674477112892e-06 8.137025434653979e-05 8.236322853665345e-05 6.953395540829408e-05 2.2303228965896663e-06 2.0416367588265976e-06 1.1373108229239369e-07 7.49167970351841e-05 5.736621192026362e-07 0.0 3.521095331247032e-05 6.5279849700472106e-06 8.247248033467057e-06 0.00014304659172695926 6.450009290218336e-05 7.3610301913597496e-06 5.430394968997622e-07 1.0498859730898689e-06 0.0001001945208978092 0.0
9.288667279165053e-07 3.7676416788153e-07 6.606969288532086e-07 0.002207430808058176 4.16356143653489e-05 0.0014566125402276492 7.387348858549548e-05 0.0004129099612585762 0.00029737067460129614 0.003166415119070901 0.00010315461321119038 0.0 1.2612957322478247e-05 0.00016887357030101016 0.0006971913111499696 0.0 8.397958114278237e-07 2.2304476750657915e-05 1.0966020935345013e-05 0.0031624548898550246 1.552983551492539e-06 3.845484881317042e-07 1.5969577207960342e-06 0.0002910225513799109 7.321416042860118e-07 3.86219127308685e-05 1.9150420874816722e-05 0.0004320374001553082 0.00033429908106000753 8.063089076586493e-07 2.650423239014885e-06 5.685943255448291e-05 3.4362294707320096e-07 0.00023805812839874227 8.443281303935902e-06 0.0006346362985444974 2.567798594514485e-05 0.0004904999030719087 7.152588729746397e-05 0.001225314282247395 3.595307380714966e-05 4.115044550748775e-06 7.651892014766276e-06 6.583967379575162e-08 0.0 0.0 1.3253037473904144e-05 0.0 2.2945548256132116e-06 1.174138174900502e-05 1.7328489774371809e-06 2.702339007788562e-05 6.982769394697903e-05 5.85412972620641e-08 4.954416258863731e-05 1.6791449157456422e-07 1.7313702501287398e-06 3.838324559169372e-06 7.49152222250751e-07 0.0 4.8877885548754374e-08 0.0 1.5647634977326783e-05 0.0 0.0 0.0 2.8393067517096146e-05 0.0 4.4664829186906426e-07 2.599250554386207e-07 4.659831308986297e-05 1.3908111782339532e-06 1.4577067102132865e-06 1.211164541417155e-07 5.222283383085739e-08 0.0 1.2045111234973996e-06 0.0 4.824315575173469e-05 1.415150537894331e-07 2.2969321199340572e-06 2.58829979034972e-07 3.9869908954262613e-05 9.615791821578342e-08 0.0 0.0
2.7787303115171707e-07 0.0002690326777528503 3.0072242940498443e-07 2.2738820983295173e-07 2.665352469001585e-06 2.2961056497264003e-05 6.985693406726869e-06 2.096894500960668e-05 3.2655344298780375e-05 9.603290836962692e-06 0.0005909825386790783 1.2612957322478247e-05 0.0 1.0726972806698793e-05 4.510470068802092e-07 4.3207229890121e-06 1.9053773418340605e-06 1.1888410768701494e-05 3.424717534968064e-06 2.2471223052255415e-06 6.595842640063735e-06 0.00010794151129992157 8.334731692244815e-06 5.615809440287688e-05 0.0022614900065447397 0.00019607948077077838 0.0022473526339193317 7.988668036110488e-06 2.704789712163743e-05 5.368514000354139e-06 0.00032653697452541825 2.272829635656855e-05 0.0 0.0004092558143736563 8.329383499161512e-05 0.0011286599463429675 0.002485809963150594 0.002163975571231835 0.00045213602971808304 9.402221806840814e-05 9.949887341014086e-05 0.0009107012252109227 1.8125758900691384e-05 7.820421053826789e-08 9.47954197931065e-06 9.877846019107553e-08 7.817874535552386e-08 0.0 6.449790228511913e-07 6.97940636567639e-07 2.2912177283296874e-06 7.20764505285715e-07 8.870704017164468e-07 0.00027489308590607247 1.0789176466092998e-06 0.0006787579033039569 2.0870553509874836e-06 1.6461712273408274e-07 1.649542238364115e-07 1.5674659318745284e-07 1.5352513991787833e-05 1.4649200311979678e-06 1.4452869268947053e-07 0.0 2.1985501949270576e-06 4.5542414543507253e-07 1.552737380398341e-06 0.000155788656574453 0.00018319270827103572 0.00014000307904646936 1.3311677763616679e-06 2.4408696204793712e-06 2.59283722165777e-06 0.00016090112118228404 1.363572488006477e-06 0.0 5.320548573212874e-05 1.3945101343852897e-05 0.00018425006982431634 0.00020344524858471682 0.00011511147864296602 8.597467195109886e-05 1.6861392343200825e-05 3.492567450974347e-05 8.659952230064287e-05 9.443348407008587e-07
0.0026385793373819785 2.3752146336109614e-07 0.00026838890522347213 8.078754742191064e-06 1.7066349156102386e-05 0.000490328107054451 0.004167399690444266 0.00534770199766339 6.457467029612343e-06 0.00044661733352004346 7.387544814050087e-05 0.00016887357030101016 1.0726972806698793e-05 0.0 3.507103009920539e-05 5.845790936076509e-07 0.0003882763345282669 1.1399771760275287e-05 1.9018906949787776e-05 4.2398045577215866e-05 0.000239934327481375 1.1047659516487607e-07 0.0005507937813989705 1.0806251404328878e-05 2.3502147650274053e-07 5.612101650383969e-05 5.000040345396494e-05 0.00014588254804525995 0.0031956221764888586 0.0013249379900191652 1.8268033805196316e-06 6.502990727246536e-05 1.4047071653257183e-05 0.00032432964049262513 4.657527233501085e-06 0.000300817028440322 3.2560396712201473e-05 0.00035370611749098603 9.168225057105919e-05 0.000428374737722472 3.9396387825022565e-05 2.260531502825797e-06 6.499251078284767e-06 0.0 1.714094775877049e-07 5.790687498240737e-07 3.721656385213084e-07 0.0 0.0 3.067264934386524e-06 8.25966419925878e-08 4.508801409841849e-07 1.2103368586255255e-06 9.877833148618081e-08 1.5542902739023734e-07 2.3687925351598728e-07 0.0 0.0 7.7112225810055e-07 7.163613775353225e-08 0.0 0.0 4.2968101527762725e-08 4.2063326342828385e-07 0.0 1.9642733268029982e-06 6.57958964346186e-06 6.0895227047912e-08 3.246878967495524e-07 4.153511056088465e-06 9.143213942932186e-06 6.177105006677562e-08 2.155574683674641e-06 0.0 0.0 0.0 4.4225204523393614e-07 0.0 3.0219754286384543e-06 1.3151716103772317e-07 1.3059645678342403e-07 3.211116152089728e-07 1.1994722441296511e-06 0.0 1.7522563747245077e-07 0.0
0.0 1.33411520578657e-06 8.629460022132944e-08 5.020967429405691e-05 0.0005371758731236941 0.000994823316250365 1.514729770522188e-05 0.0005429526915387628 0.0002651247148638661 3.4122252521822784e-05 5.28274458505238e-06 0.0006971913111499696 4.510470068802092e-07 3.507103009920539e-05 0.0 0.0 2.8720436125359274e-07 3.5532286552911427e-07 4.78641221396375e-07 6.0300234013787205e-05 0.0 4.1626776623114934e-06 6.827501402412299e-08 0.0005922931113142248 9.584733767633558e-07 1.6639185245434116e-06 2.736838959735367e-06 6.196173884810414e-05 2.156265908480608e-05 0.0 2.395068374876627e-07 0.00024305479313559277 4.845820600698249e-07 1.6705606596405017e-05 1.0959667473375646e-06 0.00032937350944116985 1.2515595930757833e-06 1.3763997418285836e-05 3.1027064885852504e-06 0.000833904819116676 3.52530125505941e-05 9.643431197722747e-08 0.0 0.0 0.0 0.0 1.5041395107344965e-06 0.0 4.570194426053167e-07 4.814129801314726e-06 8.585070761157518e-07 5.968134959117797e-07 5.493924003818191e-06 0.0 1.585812851391874e-06 0.0 2.401758547237036e-07 1.0842765828740305e-06 7.820265320904162e-07 0.0 0.0 0.0 9.235930540479332e-07 4.764897168303254e-07 0.0 0.0 3.7642744232169766e-06 0.0 0.0 0.0 5.16012796044744e-06 5.103183550780391e-08 1.2156292866359024e-06 0.0 0.0 0.0 1.9165454148921003e-07 0.0 2.1399594359142865e-05 8.821921092845015e-07 2.390975651156112e-07 0.0 6.152842828584597e-06 0.0 1.6628665045236555e-06 2.0795782401278357e-06
2.475257913575428e-07 5.233329621792121e-05 7.577387214983424e-06 1.0554759300440468e-07 0.0 3.360315784432519e-07 8.129093345556197e-06 3.5544615102846056e-07 1.8302694741225458e-05 6.497899750435699e-07 7.080726628026803e-07 0.0 4.3207229890121e-06 5.845790936076509e-07 0.0 0.0 1.142729584901024e-05 2.3029741850072164e-07 2.71727855990782e-06 6.991282058245684e-08 0.0006145118642616763 0.001332138740212913 0.0015798156746788855 0.0008834392695925872 8.014992654982352e-06 2.1486981902943872e-05 0.0018206241053507748 0.0007293251097749929 1.069223524988785e-06 3.5277582728693385e-05 2.832788619641659e-07 1.6066897597978586e-07 8.689711379961926e-08 3.06740329950293e-05 9.126070717556441e-06 0.0005757021382742375 0.00027750057936084535 0.00021214886910724936 0.00031028066928382657 1.9706192374723275e-05 7.676859707126152e-07 2.144892683037983e-06 2.7763904887071065e-06 2.474487660746471e-07 5.363387243122907e-06 6.337844981793211e-06 0.0 0.0 2.774833632930958e-07 4.198816801636289e-06 4.3318821906256103e-07 5.493808845113626e-06 2.012098732671658e-07 0.0 0.0 0.0 6.485242221596921e-07 0.0 0.0015564391862001549 2.9413768152215484e-06 0.0 1.1877969910474932e-06 0.0 0.0003074158711776922 9.736149281351769e-05 0.001020551746575912 0.00024737144296862497 1.9046680675455873e-07 2.3261927226883946e-06 0.000249731082131183 0.00010119166239153324 3.1556776678333396e-07 3.2655155382977926e-05 9.69827327269014e-08 0.0 1.592488277848629e-07 3.0477775653935325e-06 4.40422495962067e-07 0.0005408257183554799 6.07411923679819e-05 7.558715108759717e-06 9.11640629918699e-06 8.45530492439528e-07 3.157431869582548e-07 8.781214308738131e-07 1.1047049087558285e-07
0.0001175617476646468 4.119537532902107e-05 0.0038324712233730983 2.5301743615855635e-07 7.28956070805849e-08 1.6704131422270996e-05 5.28038410372773e-05 0.0004215892507688801 5.586130484111654e-06 2.1248216971032103e-06 0.00027149244826169694 8.397958114278237e-07 1.9053773418340605e-06 0.0003882763345282669 2.8720436125359274e-07 1.142729584901024e-05 0.0 0.00010921710595751378 0.00215348534614225 2.2031586667403972e-07 0.00037842500483856856 1.0093473575564085e-05 0.0020695683897628907 3.73351987977598e-05 1.2978709099661731e-06 0.002330447106095414 0.003461157884932106 4.2014684764062966e-05 0.0006073660816393612 0.00040002002557403893 3.8741145037283364e-07 5.197209605716382e-06 0.00012674045249252522 0.0021058448917124738 7.536264208440168e-06 0.0008082839963289568 0.001483936515857284 0.001213033629016551 0.00038392869944229435 2.8379774121724934e-05 6.7334928283589715e-06 2.0199290492932485e-05 5.206828811894953e-06 0.0 5.9691549559807615e-05 7.00159511664872e-05 0.0 0.0 0.0 7.251083782218927e-07 1.8024710950318607e-07 1.7689178668724676e-07 0.0 6.58284305038758e-07 0.0 8.998342959575165e-08 2.9622416575436506e-07 0.0 2.127202186063408e-06 2.123421241216842e-05 1.130671208604142e-06 2.349549805672832e-05 0.0 4.5120991969732384e-07 5.924441853724783e-07 5.580198627201216e-06 2.5631869832210347e-06 1.1947405971354467e-06 8.033946121597453e-05 0.00034931868671825983 1.571373950281288e-06 2.806640381634827e-07 3.3404162609971543e-07 1.9045317782552702e-07 0.0 0.0 6.331868436704676e-06 8.433170164666635e-07 2.403654875503199e-05 8.233043190941093e-05 1.7533296351888385e-05 3.0247613012442415e-06 1.723406878386972e-06 0.0 0.0 0.0
8.715430157314646e-07 4.219899435623301e-06 2.178402699448289e-05 3.3161299691228387e-07 2.454427486022856e-07 2.2875252938392315e-05 1.5256077546986633e-05 1.2187133753776957e-05 1.3613803310801044e-06 1.9049509314859544e-05 0.0013145016791801542 2.2304476750657915e-05 1.1888410768701494e-05 1.1399771760275287e-05 3.5532286552911427e-07 2.3029741850072164e-07 0.00010921710595751378 0.0 0.0007573125449196944 4.73841299213475e-06 1.9610095131672158e-06 4.477775660825647e-06 4.066173146410791e-06 3.1325314485131925e-06 3.244394664247913e-05 0.0009050466503371457 0.0001379835328969959 1.4035809147579236e-06 3.983847658971112e-05 2.2324343923198666e-06 1.864468580216548e-05 1.3777484969587365e-05 1.0943397519903883e-06 0.0004560057929299573 8.508109141218676e-07 0.00017722038149462166 0.0005128458900929449 0.0005378903626540132 0.00017770226529794278 7.0318256813188745e-06 6.851449568141735e-07 1.7389785342591396e-06 9.224666288092097e-07 0.0 1.0907959776289363e-06 1.819135850768223e-07 0.0 0.0 0.0 2.449451984622558e-07 6.338862237701576e-08 1.5658627285464648e-07 5.09190399170389e-07 5.583507230140366e-05 0.0 5.389039783420872e-05 1.2656785568010737e-07 0.0 6.279276008382176e-08 1.4822213245708629e-07 4.0941515657224575e-05 5.8955935387143164e-06 0.0 0.0 3.3066533817574437e-07 1.8116981787656043e-07 5.9169225460460756e-08 3.488351285929631e-05 0.00027038464210278054 0.00013101013243031724 6.762519542143355e-07 0.0 1.1528691302598794e-07 6.922358356842966e-05 0.0 0.0 1.910746887059401e-06 5.6626476400829384e-08 2.379828193864247e-06 1.090135212215289e-05 5.669865249698576e-06 2.0175004954901123e-06 5.625828065559299e-07 0.0 0.0 0.0
5.009918730137518e-06 2.937759413846081e-05 0.00012132287650806017 7.059031855174014e-08 7.036017581353992e-08 1.1550730094442003e-05 1.3574166294199586e-05 1.6670268171599806e-05 1.5949166716899674e-05 1.5421962325598393e-05 0.001095012794784581 1.0966020935345013e-05 3.424717534968064e-06 1.9018906949787776e-05 4.78641221396375e-07 2.71727855990782e-06 0.00215348534614225 0.0007573125449196944 0.0 2.1804876994372673e-06 1.9277626159874417e-05 2.0952740865705565e-05 5.7533843040432805e-05 3.164114101770272e-05 1.0747916641650039e-05 0.002042684888327216 0.0011666717943104228 4.8277188777951845e-06 5.76296917635254e-05 1.735741989513269e-05 5.296395187069126e-06 4.563427168654018e-06 1.4011886470015568e-05 0.0016160121594899757 3.608406640840587e-06 0.0005134045965884643 0.0007452120016311118 0.000868911826896569 0.00024282844366159582 1.1688251325029316e-05 1.5001639544342246e-06 1.5076524280974363e-06 1.5174522532093552e-06 6.597001967789482e-08 3.085650903428592e-05 2.5711051519651305e-06 0.0 0.0 8.050256738921046e-08 2.2757480435069771e-07 8.456272877135757e-08 4.428956018838364e-07 4.6415609224556253e-07 3.927221375627624e-05 0.0 2.0946307988219535e-05 5.7993653338361977e-08 0.0 4.017121362162836e-07 3.585837810064636e-06 4.6655859976335484e-05 4.230012148769566e-05 0.0 6.995147801691132e-08 7.607934788542853e-07 7.132146118080943e-07 1.4229359429429038e-06 1.8702832977460247e-05 0.00045321047130263603 0.00029237735203637935 4.846171735230707e-07 4.658841669011397e-07 9.103279737535574e-08 3.4089351652808765e-05 0.0 0.0 4.8333534861546295e-06 8.971838806568357e-07 1.288823067104083e-05 3.5555662289831715e-05 1.7905752619851815e-05 3.1283073308849625e-06 1.2152557574517603e-06 0.0 3.0490240125431996e-07 0.0
2.764886950937543e-07 0.0 5.100480288330611e-08 0.0017718769877167067 4.125009894951927e-06 0.0001306630525065443 1.5363927289039772e-05 6.214465153250599e-05 0.00027864226027113457 0.00410867133150246 1.7497410899104325e-05 0.0031624548898550246 2.2471223052255415e-06 4.2398045577215866e-05 6.0300234013787205e-05 6.991282058245684e-08 2.2031586667403972e-07 4.73841299213475e-06 2.1804876994372673e-06 0.0 4.4652982820666717e-07 0.0 6.761340191613276e-07 0.00018785622986606002 0.0 6.9006471842286274e-06 2.954210058417863e-06 0.0023526312464493136 8.078864471847369e-05 3.7222573451394304e-07 5.983752470705318e-07 8.357308769327233e-06 6.176670167997492e-08 6.210129702670803e-05 2.1137204678515714e-06 0.00036028129414698325 7.007721277040436e-06 0.00013859662950185835 2.876937206141216e-05 0.00033736765078163386 2.1624915145478855e-05 9.561095045243896e-07 4.637893660344279e-06 0.0 0.0 0.0 2.61196957980267e-05 1.3083343467085542e-07 2.484350932774891e-06 5.121348348734743e-05 3.5788569668926737e-06 6.073195231263341e-05 0.0001437753220309933 1.6192255246130092e-07 2.9518518827494697e-05 6.278371396836318e-08 2.6868631111160395e-06 8.128655781090322e-06 0.0 0.0 0.0 0.0 1.8156526991701532e-05 0.0 0.0 1.2634783006595396e-07 9.837580008815027e-05 0.0 7.713448899888215e-08 9.874826970005333e-08 0.00016309320521112333 1.3447213946436268e-06 3.0407014943892766e-07 0.0 7.677634004966085e-08 0.0 8.911883607895374e-07 0.0 6.709349620933762e-05 0.0 2.3994355158191317e-06 1.008080219256271e-06 5.994381558001788e-05 6.419113876512084e-08 0.0 0.0
6.525166405478841e-05 8.49632519685291e-07 8.711575607517765e-05 1.4865678727302095e-07 6.036074319969657e-08 1.925493647520231e-05 0.0004985308672872576 0.00023601448525011843 1.0577978601157806e-05 5.953539571241627e-06 9.420274096951773e-06 1.552983551492539e-06 6.595842640063735e-06 0.000239934327481375 0.0 0.0006145118642616763 0.00037842500483856856 1.9610095131672158e-06 1.9277626159874417e-05 4.4652982820666717e-07 0.0 3.547620185516838e-05 0.0077942135556277195 0.0002026128058585961 1.034430032111275e-06 1.0423782102402195e-05 0.0003081402896149395 0.0018079110731145072 0.0002212610472070243 0.008684202813671087 0.0 1.7520030421222384e-06 4.5620991115692406e-05 0.0016535241747039173 4.9105515231952865e-05 0.0035711354762811326 0.0017157220920763344 0.003592145611573169 0.0025260073187036896 8.31770957817501e-05 1.824858519016645e-05 1.3216266228068479e-05 1.4534187287566286e-05 1.9243822099664996e-07 9.597847417426077e-07 1.8183609002106078e-06 0.0 0.0 0.0 2.7640048535550605e-06 1.7432131551261004e-07 5.982091768465531e-06 1.013463122211043e-06 6.841320446960031e-07 0.0 0.0 9.479194834629929e-07 0.0 0.00026744245698864387 2.016883511804372e-06 0.0 0.0 0.0 0.0002870345630969347 4.086360263691404e-05 7.878353046029064e-05 0.0003038113268374411 3.467054109156981e-07 1.4620782638950387e-06 1.7534794954909854e-05 0.000189736626364652 8.020085875395294e-07 9.273161607994114e-05 0.0 0.0 4.992497800968363e-07 2.667846048194824e-06 1.574195055852008e-06 0.00011263848457494338 1.9614595620078815e-06 5.399105025605355e-06 3.4557754464181396e-06 1.0835686599869526e-06 0.0 2.9788835267917663e-06 2.214514989093401e-07
0.0 0.0010397667118430605 1.153569592859666e-05 5.766274661875276e-07 0.0 5.947307013731052e-08 1.565861561468866e-05 2.6382332904620776e-07 0.001163704819741819 0.0 4.792100664177265e-05 3.845484881317042e-07 0.00010794151129992157 1.1047659516487607e-07 4.1626776623114934e-06 0.001332138740212913 1.0093473575564085e-05 4.477775660825647e-06 2.0952740865705565e-05 0.0 3.547620185516838e-05 0.0 0.00014128131380458422 0.00350127286748635 0.0005163598777933685 0.0002148308077898253 0.0019301128848315083 0.00017976975444818923 6.646291162005587e-07 1.0636112745081977e-07 2.0188325888523206e-05 0.0 1.26389420133367e-07 8.109268769739003e-06 9.822937753051437e-08 1.2167901257248368e-05 2.344221241005296e-05 1.717458725598218e-05 4.311031924132836e-06 3.086789990011336e-05 0.0 2.0537794800376033e-05 0.0 1.3398795027138737e-07 1.5145092847880356e-05 3.10943286793085e-05 0.0 0.0 2.5545620545305176e-07 4.834300064689373e-06 3.925970073545463e-07 9.957042057144271e-06 1.5564216729252233e-07 5.800883454035635e-07 0.0 1.3548559076410978e-06 7.678272611074141e-07 0.0 0.0006380598753036307 5.414272364243919e-06 6.800102198794676e-07 1.1411528203163009e-06 0.0 6.805099153921946e-05 9.206203816400937e-05 0.0003658850265515223 0.0001173654244036637 4.5090711385283874e-07 1.15790839344401e-05 0.0006694725932276185 4.498413708575455e-05 1.7996883573095825e-07 1.1765814313992203e-05 7.472493479617098e-07 0.0 0.0 1.323495861450631e-06 3.3418935633585465e-07 3.2010085738091025e-05 7.136006984530196e-06 9.495360472784507e-06 6.400184286953258e-06 6.310320272516807e-07 0.0 1.3551918458027706e-07 0.0
0.00015501001199330188 2.1221610359735877e-06 0.003208503883219104 0.0 1.9249081992916624e-07 4.0762274008745476e-05 0.0005279971858226644 0.0005852742518880143 3.3394685103285474e-06 5.8649546490320685e-06 1.631510736851618e-05 1.5969577207960342e-06 8.334731692244815e-06 0.0005507937813989705 6.827501402412299e-08 0.0015798156746788855 0.0020695683897628907 4.066173146410791e-06 5.7533843040432805e-05 6.761340191613276e-07 0.0077942135556277195 0.00014128131380458422 0.0 0.000517609524675424 2.1563345022139178e-06 0.0004190004445477526 0.0033234668105622477 0.002601104009456912 0.0003947383977889378 0.0033170365914160695 3.9205551828277456e-07 4.071815472467316e-06 4.739034167922776e-05 0.0020884826333131077 6.459413112892511e-05 0.0044608954991534645 0.004299001725658219 0.005933014048871255 0.004784898215203014 0.0003718738678115149 2.6280150972193317e-05 2.6272470590338848e-05 4.387352210339171e-05 2.6278096189355657e-07 4.70107350499562e-06 7.812930082828963e-05 0.0 0.0 7.813914102077246e-08 1.3403561355505474e-05 1.9286015839000377e-06 2.626865485793821e-06 5.147546473218433e-07 0.0 0.0 0.0 1.9176519000653468e-06 0.0 0.0009972800193170691 1.0071959430837853e-05 0.0 6.535459837764406e-07 0.0 0.00010676962962520159 4.11774727677494e-05 0.001092101715202706 9.677377112789865e-05 8.075096783604964e-08 4.464423291033021e-06 0.0005501164360047433 6.252916393270457e-05 1.4675420486829457e-06 2.755131650824297e-05 1.440954628205847e-07 0.0 8.529355193649173e-08 3.789303811187461e-06 4.6003492474331085e-06 0.0003572502188685927 6.748635119186385e-05 2.1633154184718735e-05 2.0598692725630125e-05 1.959859778552735e-06 7.883215988104009e-07 2.42468229555003e-06 0.0
3.1544911190223614e-06 0.0006316609075629223 5.5447365588212494e-05 0.00048134732713033684 7.17050256694583e-06 2.4032297770256985e-05 0.0008798852530358084 9.36911546873624e-06 0.005289995876389628 0.0003330501281041818 1.9996140517485475e-05 0.0002910225513799109 5.615809440287688e-05 1.0806251404328878e-05 0.0005922931113142248 0.0008834392695925872 3.73351987977598e-05 3.1325314485131925e-06 3.164114101770272e-05 0.00018785622986606002 0.0002026128058585961 0.00350127286748635 0.000517609524675424 0.0 0.0002587215130722694 0.0002584110567606246 0.0020060059109478457 0.005220816707004958 7.109145741171925e-05 7.751291627302701e-05 1.7009105833913918e-05 1.2220203534175503e-06 2.470759555694439e-05 4.70529384605451e-05 1.4029756468948865e-05 0.0005347546632999938 6.713674442787555e-05 0.00014716247184827104 0.00010060088612047126 0.0006401343999690497 1.0120209006670127e-05 7.525927371348174e-06 3.5513746474926704e-06 1.9619668799301005e-06 2.7247060035485892e-05 1.8344029357002065e-05 2.435637758694155e-05 1.745942572249132e-07 7.471956881331328e-06 0.00033905656545151207 2.4043678498275654e-05 0.0004307327794458426 0.00015914313937031725 1.6230146610664644e-06 1.8335191577995275e-05 1.5367143058976988e-06 2.3600427025059567e-05 4.006133411604979e-06 0.0002661760821153793 1.1408935112103124e-05 9.56868822033898e-07 3.5646837770372693e-06 2.2205754281692652e-05 0.00033898600896396124 6.693110073074058e-05 0.0001241917253985058 0.0022177492425887704 6.928393996783919e-07 1.4100415396402704e-05 0.0001153583375499115 0.0021443434480275985 4.038348237104359e-05 0.0004951747686014399 5.233444901387355e-07 1.2678198844872318e-07 2.121276111680025e-06 2.044468465543701e-05 2.2820199709255298e-06 0.00018245798281945922 1.2653127172747314e-05 4.441343704075519e-05 1.534772624324933e-05 7.493744517063965e-05 1.080135512079129e-06 1.4876727904617023e-06 3.6912215387550256e-07
