0.0 0.0 4.9921879714949614e-05 5.232654682755557e-07 3.300809001961413e-07 4.4549976386192554e-06 0.00103675179782741 0.00020670085869755765 4.7347761096059195e-06 1.5308596764967185e-05 7.84081588311556e-06 3.6746556941059103e-07 1.1665485775655876e-07 0.002815856501866395 2.3161833021565833e-07 9.347417793414539e-08 7.803499344629587e-05 1.656533275431634e-06 8.647209765285862e-06 8.69304803442383e-07 0.00010948932668471004 1.8172210985259e-07 0.00024094737846296963 2.1095977944202568e-05 0.0 1.279200146901262e-05 1.0814438980589977e-05 3.5847456790714985e-05 0.0019933823932618082 0.0015447209578136937 2.3239238992583588e-07 3.4760246200229514e-05 9.423105733545316e-05 0.0001650194655932927 3.93068006301467e-07 5.542093560494412e-06 2.428628617083378e-06 4.625050286194527e-05 4.524929081729043e-06 4.1756429084951156e-07 1.0979840353540129e-06 1.543118253185647e-07 6.256875576702283e-08 0.0 0.0 0.0 1.1299861939180282e-07 0.0 0.0 4.5571535563209536e-07 1.235354495990529e-07 9.00811667409221e-08 0.0 0.0 0.0 0.0 0.0 0.0 5.351219426073134e-07 0.0 0.0 6.145516291668788e-08 0.0 0.0 0.0 0.0 6.260674801400975e-07 7.761462670250523e-08 1.5076486503990555e-07 2.8002660282675536e-07 1.5323500916831128e-06 1.1445373013883655e-07 0.0 0.0 0.0 0.0 0.0 0.0 3.8195623964652895e-07 0.0 2.1048789924140164e-07 4.2686678885016147e-07 1.4512168969704062e-07 0.0 0.0 0.0
0.0 0.0 2.6058245269158535e-06 4.918076874311663e-07 0.0 8.694948182564258e-08 6.478037813438638e-06 1.9438409716074735e-07 0.00014698879090026558 8.124660537873826e-08 3.909010093213144e-05 0.0 0.00012475637093615666 6.144711673230548e-08 0.0 0.00021986177307076855 9.588306623255439e-07 7.170741817195354e-08 5.611278068900088e-07 7.27382709015896e-08 8.963862333855299e-06 0.0017428394404676933 2.0665620634840747e-05 0.0006062304535136547 0.0011467882696765633 3.421141807871591e-05 0.0026849354663224536 3.949274272376664e-05 1.1881021949750719e-07 1.8812409349591864e-06 5.982013049489148e-06 5.609281664726458e-08 0.0 3.987949716360145e-05 1.822782423627172e-07 3.4885557424551452e-06 3.3242339792233695e-05 9.722639619003749e-06 2.472918463962549e-06 2.093892712690263e-07 5.702413523406803e-07 6.470004661824954e-05 6.030354753552211e-08 3.0479823274296184e-07 0.00011777036412651604 7.069606618317298e-05 0.0 0.0 2.3045518833758347e-07 1.17279324595775e-06 3.974796868009564e-07 7.232835671039802e-07 5.492351550123743e-08 5.527729490703305e-06 8.072543440167733e-08 1.317830481468525e-05 3.1241060804949215e-07 0.0 3.2859808439095466e-06 2.413801125741984e-05 5.666668617183526e-07 1.8383252105102456e-05 8.184337414838099e-08 5.153642596426776e-07 8.519378310153069e-06 4.347878315371996e-06 3.3141170182056726e-06 0.00012515686235123745 6.305106567690954e-05 0.0008955508927097651 1.1171051658961738e-06 5.260159355042566e-07 6.14958154828886e-07 9.45040923305246e-07 4.738883456110016e-08 9.167469329097663e-08 1.3170342404733293e-05 0.0 1.84545243723913e-05 1.4444874205773656e-05 3.4801208295269624e-05 9.076579648950259e-06 1.9046243721053623e-07 0.0 1.0945969597942023e-07 0.0
4.9921879714949614e-05 2.6058245269158535e-06 0.0 1.7841944393849917e-05 1.109151794506871e-07 1.6753992450205727e-05 0.0005840012371888743 0.0006130630146159135 2.256096456490195e-06 4.868944761455842e-05 2.0268942750080543e-05 1.0085281135141439e-06 3.231383429498916e-07 0.0003853796517843289 1.0004122902678372e-06 1.9414511290514713e-06 0.004579832226523112 1.6379770254703048e-05 0.00036775248573234497 1.0501352194872977e-05 0.001276366094287846 9.007463446919359e-06 0.007650377949774507 1.3696464804255688e-05 3.357671731761762e-06 0.0034517977307246604 0.0038154199262371764 0.0001749949538752285 7.802299425585527e-05 7.799166813984619e-05 2.9358943944746945e-06 9.976945743175003e-06 6.055980317981751e-06 0.0010487025252422272 1.3403169745202964e-05 0.0006280062575831122 0.0029746544883572775 0.0013998822321032525 0.0004410409818004187 1.5674733954529056e-05 2.2906488920973042e-06 3.179962086800675e-06 2.101324060495822e-06 1.2085122338696673e-06 3.728115000195678e-05 0.00035793402870667546 7.83894132249373e-08 0.0 1.422912419046817e-06 5.444745650287381e-06 2.9949995357606354e-06 2.5363983301402653e-06 1.6127401301836206e-06 2.742213194649917e-06 5.283093449830456e-08 7.962268642881015e-07 2.8627456470342267e-06 6.120254906769319e-08 3.438581765294375e-05 9.211189993459489e-05 8.341613902684034e-07 4.933569896918751e-05 2.3864819811351555e-07 4.408980634234352e-06 3.807758470193632e-05 6.696963954501532e-05 7.02232493312102e-06 2.989699075691069e-06 0.00012053859457683306 0.0015722586110610572 3.880595472483238e-06 1.1788086050835937e-06 3.062017957285555e-06 1.70278851582824e-07 0.0 7.580462657690963e-08 3.7298334625109585e-05 6.523924895473988e-06 6.349133000570574e-05 4.0122528552105884e-05 0.00011572133993371307 2.8986545370111057e-05 1.484996008997698e-07 6.29130863339658e-07 1.5340351033961859e-07 1.1758188815106019e-07
5.232654682755557e-07 4.918076874311663e-07 1.7841944393849917e-05 0.0 5.7769395847287475e-06 0.00010890813871516309 8.230996810836497e-05 1.2675277620000512e-05 0.00021167285108263638 0.0029116898052859073 2.52112290300866e-06 0.0004458263720391921 5.737581266155099e-08 2.0486118214272687e-05 0.00010075699389815809 3.666843068046085e-07 6.96856235576583e-07 4.079011821533215e-07 6.813322246767525e-07 0.0024884246714051814 4.55889374985674e-06 2.611916918822576e-07 6.129948914304435e-06 0.0011552737609756823 7.71325190886961e-07 2.5347350156366127e-06 1.0238098592533119e-05 0.0022748504639079938 3.283637527121849e-05 7.952662840535665e-07 2.2161253885954096e-07 4.261938431676596e-06 2.6444199069386294e-06 4.163915174045287e-05 8.256302320228398e-06 0.00022616629621787646 8.010238726906503e-06 0.00012271213143694753 5.140704902673856e-05 0.00034071923096473303 1.7788193757647347e-05 7.727405832079027e-07 3.4159151905293727e-06 2.1510758781728743e-07 1.3880304020365747e-07 5.61316824666728e-07 0.00010040738031929879 2.8251859511789577e-07 1.643008869474786e-06 7.512677914210942e-05 1.9732853753484666e-06 4.3952696443900267e-05 9.509447023069479e-06 2.1736727973013814e-07 2.4175888630798044e-05 5.628145238164482e-08 1.2586007799370233e-06 6.56119272495946e-06 1.0015239263159486e-06 1.389833548695334e-07 0.0 1.1551762021268547e-07 5.5305168133700816e-05 7.29902324831763e-08 6.349056336320775e-08 9.311064508061759e-07 0.0001615776209888799 0.0 1.4840186328774079e-07 2.3900030929882484e-06 8.006468646913319e-05 3.090979976664998e-06 2.2999638810188166e-06 0.0 4.957453419100309e-07 7.155369738011049e-08 2.703111212508542e-06 8.622940283433675e-07 4.609792512214412e-05 6.858139400596449e-08 7.979323613909315e-06 2.369745265352352e-06 0.00010999166369661425 2.109622858727218e-06 0.0 3.264439596285549e-07
3.300809001961413e-07 0.0 1.109151794506871e-07 5.7769395847287475e-06 0.0 0.00025959964883055954 3.993742776230683e-06 9.428411966647348e-06 8.569837783922741e-05 1.2702779152085854e-05 1.5789524594761258e-05 0.00012845140646917613 4.004972062836323e-07 2.824249299840189e-06 0.0008791972795591904 8.554196330412485e-08 3.636822786728715e-07 1.589915075870129e-06 8.922546178748042e-07 1.4882681657560492e-05 4.8963953193091605e-08 0.0 2.259496884895658e-07 3.7902040468293325e-05 3.325029507849375e-07 1.696182328225219e-06 1.0641254538611678e-06 2.907475998048306e-06 1.9625337199385967e-05 0.0 5.606784039640344e-07 0.0002770704381323601 6.90625064460712e-08 0.00011593437694057529 3.1301879615782707e-07 7.217162933852854e-05 6.569139233563817e-06 0.00012071678809239352 6.703031929709648e-05 0.0012525330551949325 3.43167613476971e-05 3.0901981829269823e-06 1.7188419582059475e-06 6.270798224525059e-08 0.0 0.0 0.0 0.0 0.0 0.0 0.0 1.5181322649039222e-07 0.0 4.6889091500201096e-07 0.0 2.2175309316784917e-07 0.0 0.0 0.0 0.0 0.0 0.0 0.0 0.0 0.0 0.0 6.264841718555628e-07 0.0 0.0 0.0 6.060280036780665e-07 0.0 0.0 0.0 0.0 0.0 0.0 3.6304216207491727e-07 4.169835212675753e-07 1.9120452184056525e-07 0.0 0.0 2.807248783822345e-07 1.264592196189942e-07 3.194490625818698e-07 0.0
4.4549976386192554e-06 8.694948182564258e-08 1.6753992450205727e-05 0.00010890813871516309 0.00025959964883055954 0.0 0.0013222021902618293 0.0040821494465732334 1.617868343669243e-05 0.006251183420428639 8.938011925861656e-05 0.0021429771437316385 3.3580954353518627e-06 0.0003894537749548206 0.0016720670960605557 6.501135743822248e-08 2.304752502194309e-06 1.378998116059586e-05 1.1272560737052126e-05 0.0003341505288947632 8.872207958694077e-06 0.0 1.2782334064669643e-05 5.102512896929695e-05 1.336546138828732e-06 1.6234599996708903e-05 1.2890491921095264e-05 0.00031548805027201376 0.0002761590575804596 1.2243763915069232e-05 4.546792402692404e-06 0.0007677292959931644 9.397296402557592e-07 0.00046645016974442206 2.149410844478697e-06 0.00028601398024454287 2.5655760846353616e-05 0.000376005122076788 0.00013662489251182666 0.0020867286226727987 0.0001960172660825135 1.010642281306943e-05 7.433427984162717e-06 0.0 1.6587552942426224e-07 5.7136118366286707e-08 1.5659920458516706e-06 0.0 1.5372773383190078e-07 1.8198101808207146e-06 3.5161626343630865e-07 9.112238586329168e-07 7.28270305186533e-08 6.619264958873432e-07 1.7894228593147826e-07 1.7360765170878712e-07 0.0 0.0 0.0 0.0 0.0 0.0 2.3910944435199716e-07 0.0 0.0 6.516812525067128e-08 3.3573935164170053e-06 7.750239011780803e-08 2.722929011232926e-07 8.432081621727121e-07 2.712948877281206e-06 2.531422880942924e-07 0.0 5.093287361358226e-08 0.0 0.0 3.704082831396805e-07 5.935025126431294e-07 1.4703714655353304e-06 7.489170379463159e-07 6.767046855967067e-07 9.832230453345538e-08 2.0121453057138032e-06 3.40304022393536e-07 8.895388605903118e-07 0.0
0.00103675179782741 6.478037813438638e-06 0.0005840012371888743 8.230996810836497e-05 3.993742776230683e-06 0.0013222021902618293 0.0 0.0022803872755328128 0.0001427770167615386 0.004009837182916481 3.588320872511958e-05 2.4930764974804594e-05 1.0788640090073928e-06 0.0034240202775519847 3.322278056162793e-05 2.1384744566889776e-05 2.3546139222275423e-05 9.638036718098276e-06 1.6433480010045824e-05 3.3327742953033406e-05 0.0007543439600728658 5.274579049266413e-06 0.0007613593438091841 0.00117481585120998 2.564432951060026e-06 6.064647437874213e-05 0.0003180351007881819 0.010452566228967123 0.0009055767778855376 0.0025228443331639407 2.0234387614552267e-06 6.610976728771756e-05 0.00011196374150135608 0.0005677070396728494 4.7239526078728736e-05 0.00096515963698836 0.0001348762338030299 0.0010718954717965357 0.00033348090459983415 0.00012972218442935227 6.20327392536427e-05 4.549713561313187e-06 9.824578830177265e-06 1.280999316592454e-06 1.7269059588066919e-06 6.048452807324049e-06 1.1920810047319472e-05 1.6157986866043624e-07 1.1590885160169206e-06 6.0388596389324866e-05 2.197490490792508e-06 3.734867636740754e-05 9.641528568769543e-07 1.1819069591343269e-07 3.047175127876063e-06 1.4572545170510727e-07 2.993353413162236e-06 8.480114593648843e-08 4.524743009405577e-05 1.6947303064302672e-06 1.3688054724545442e-07 6.579685558920907e-07 7.483206642643604e-06 3.566209868608255e-06 1.7391545250545296e-05 1.6250973525339907e-05 0.0001325317935406304 2.600746420146605e-07 2.262493937158883e-06 3.6683010007814694e-05 0.00010671130331050557 7.744745890555142e-06 1.6336550142679602e-05 0.0 0.0 3.889888051360234e-07 5.183549206171151e-06 3.770211434382847e-06 6.50793312311608e-05 1.6880141372241596e-06 1.6319448730211857e-05 8.172812795527302e-06 3.088486202286117e-05 2.0087618688743183e-06 5.281905391337397e-08 0.0
0.00020670085869755765 1.9438409716074735e-07 0.0006130630146159135 1.2675277620000512e-05 9.428411966647348e-06 0.0040821494465732334 0.0022803872755328128 0.0 1.762715632388147e-05 0.002278876968943976 0.00027991984005616856 0.000490343452502064 9.116159617307238e-06 0.004004784545801115 0.0001408123146196019 1.967614441368341e-07 0.00011585705380751838 4.293019652489606e-05 5.949636567006199e-05 0.00014144313405417105 0.0002264124464509464 1.192895149069775e-07 0.000587552440187479 6.949190156782523e-05 3.3496510277397463e-06 0.00011544034292237965 9.127258924256966e-05 0.00028894900790608593 0.0013903826313106243 0.0006751536854210377 9.797137653792893e-06 0.00021399932665199471 1.0971381686896574e-05 0.000791788013943822 5.6735209145976735e-06 0.000533852918831809 0.00011159752749332975 0.0005681083792824904 0.0001540558351517633 0.0008182881067718196 2.1179614131230348e-05 1.18281510219422e-05 7.363203794122129e-06 1.0618549063550279e-07 2.4229798834903867e-07 2.0312342934499108e-06 1.1947220988298717e-06 0.0 1.29869315559253e-07 1.601041433281078e-05 1.6278879039244367e-07 5.889249092922153e-06 3.4219169824931307e-07 4.139604062623497e-07 0.0 4.037041954711601e-07 1.9462003160031005e-07 0.0 2.0631515966832042e-06 2.1590069839483018e-07 9.429823860019551e-08 5.5890119891190013e-08 3.5109119469557997e-06 5.245191588470133e-07 0.0 1.1283013545899128e-06 1.9579769076113114e-05 1.3788445667208902e-07 3.8929304129130467e-07 9.89142666047974e-06 1.53422175483993e-05 1.7015848634850784e-06 7.271074801240569e-07 4.731169928105671e-08 0.0 6.076319105980132e-08 5.851814674340688e-07 8.696082475586691e-07 7.173554529370987e-06 8.238989410053622e-07 3.4664121771294842e-06 5.219436716686019e-07 1.6200580580050416e-06 3.602453745421458e-07 1.1975090650791007e-06 0.0
4.7347761096059195e-06 0.00014698879090026558 2.256096456490195e-06 0.00021167285108263638 8.569837783922741e-05 1.617868343669243e-05 0.0001427770167615386 1.762715632388147e-05 0.0 1.2264975432200406e-05 3.319345989767328e-06 0.0001452346581723601 5.582967953522473e-06 6.415432819558052e-06 0.0006097356018207956 5.0638118938478334e-05 8.355046977226607e-08 1.6407235947023851e-07 2.0385927363954718e-07 0.00013859426828019482 0.00012290617001408513 0.0008236623366033083 1.8472475973493843e-05 0.005025259374022914 4.6060175397497656e-05 7.987194343018032e-07 1.614356675250501e-05 0.0005962974788542766 3.476426052408313e-05 0.0001839125012699127 2.2698415198521008e-07 5.8144282207089726e-06 8.550877402819649e-06 2.4913645769413766e-05 7.820214156806927e-06 0.00028650617445166287 1.2675251109989429e-05 8.964231974727195e-05 3.685140490612502e-05 0.00038178396716756805 1.2611435288824195e-05 2.5919929449413354e-06 1.2965768506921592e-06 4.509617793867159e-06 9.47960897128873e-06 4.238860940558121e-06 0.0002403437782218792 1.2784501064724766e-06 7.144615348668926e-06 0.00023905149185108403 8.177143161576282e-06 5.601006393314561e-05 1.2722355751640885e-05 1.4112460993006895e-06 7.572490226116188e-05 1.3693519979975624e-06 9.204511744285052e-06 2.479848589923813e-05 0.0006181294946580477 7.964349981589265e-07 6.065443478763087e-08 3.2113413952168357e-07 0.00012172043408219928 0.00012568057716187133 0.00010447548376979108 6.110695851497289e-05 0.0008312154292306824 4.664588446540181e-06 1.751147486341401e-06 1.2614895367084113e-05 0.0003878078447147381 4.624516875419556e-05 0.0002134047974937467 3.921068716396354e-08 4.436539994484465e-07 2.9458799562230595e-06 1.8247994422463255e-05 3.7521686323195156e-06 0.0001593583729725681 5.536140949493213e-06 6.636626446663413e-05 2.891652821440481e-05 0.00021584718669815628 6.068412968069272e-06 0.0 8.213445639957038e-07
1.5308596764967185e-05 8.124660537873826e-08 4.868944761455842e-05 0.0029116898052859073 1.2702779152085854e-05 0.006251183420428639 0.004009837182916481 0.002278876968943976 1.2264975432200406e-05 0.0 6.689629077511512e-05 0.0029302312613565195 2.339647215123742e-06 0.0005796127389672626 0.00013861087233410494 4.1125901283799146e-07 4.2012993997178985e-06 1.7186830271952303e-05 1.9716980623443317e-05 0.0035797368235329524 2.6663976090487434e-05 0.0 3.464451563101482e-05 0.0001882901623294483 6.077009065126161e-07 2.6289344715992108e-05 2.5920440976150878e-05 0.005885382686278503 0.0003839201792692295 3.3620263901126375e-05 4.907038438820063e-06 0.00014132858869443855 5.862977420352611e-06 0.0004197222741183993 1.1778940865756923e-05 0.0002422484139690623 3.10428335482208e-05 0.0007893045377025505 0.00013791800721563947 0.0002818169970799665 0.00011837537429019925 2.5539650561996905e-06 1.0732199964327194e-05 0.0 0.0 1.9075937262990134e-07 1.1214518227895748e-05 1.0442050162010886e-07 1.2000702303288542e-07 7.663476525702914e-06 2.8770087365124764e-07 4.570305745881453e-06 1.8539017755269456e-07 0.0 9.869163418061877e-07 4.126021851797146e-08 7.505252078996791e-07 3.905056296979554e-07 1.0072365495015487e-06 1.522946324508325e-07 0.0 8.75485335312132e-08 1.987524004798919e-06 8.072847210417723e-08 2.0482896232252885e-07 6.99533947034979e-07 9.199709937989807e-06 7.408129415361939e-08 4.962094814203722e-07 2.957125670649274e-06 8.811889930822101e-06 4.616837887769894e-07 2.274594732225448e-07 0.0 0.0 6.430247321925826e-08 1.9296649178967086e-07 9.384991936992896e-07 2.2625944375892895e-06 4.7162345419509897e-07 6.189681830357161e-07 1.9496058973210856e-07 5.3651367998480094e-06 0.0 2.967074612241735e-07 0.0
7.84081588311556e-06 3.909010093213144e-05 2.0268942750080543e-05 2.52112290300866e-06 1.5789524594761258e-05 8.938011925861656e-05 3.588320872511958e-05 0.00027991984005616856 3.319345989767328e-06 6.689629077511512e-05 0.0 6.292571659312364e-05 0.002100765981452023 5.213623292794051e-05 2.914396508656167e-06 7.705172542712353e-06 0.00013903841282666553 0.0011549823423641678 0.00032019141728787824 2.8382385301881574e-05 7.387723620864546e-06 3.0353421598639726e-05 3.159564981902875e-05 1.9675774247270338e-05 0.000768758286331625 0.0014399906077385044 0.0005453925083272323 9.831660502084472e-06 0.00015508840383854187 5.382287472482218e-06 0.000330391330320001 0.0002531125641799899 3.448555024347615e-06 0.003206554263051359 7.808368915451744e-06 0.0002842327110819155 0.003020290047726433 0.0032401167978321935 0.00044715318218775993 1.566552951095603e-05 4.06290197479731e-05 0.00047663420623374723 1.2326642237254763e-06 0.0 6.662456662321726e-07 2.880965297428066e-07 1.815240721494294e-07 6.509187519068144e-08 6.214762397413039e-08 6.28964726171799e-07 5.102333797810725e-07 6.659886915096504e-08 0.0 0.00022306850789264348 2.2734415700387146e-07 0.0006352635384242305 3.6007292435758866e-07 0.0 0.0 0.0 1.3549581419493661e-05 1.7667848939301041e-06 1.309606567728709e-07 0.0 2.989662353036001e-07 4.7056156751400306e-07 1.1254195579776735e-06 3.1896762428760236e-05 0.00010021280514971899 0.00010422833771075132 5.66116329389828e-07 1.3209052835408724e-07 0.0 6.034175523109286e-05 1.0935418706713074e-07 0.0 2.5745360374181453e-06 4.089892173029916e-06 7.543824881249148e-06 0.0002966558026611371 1.8038609600589763e-05 3.1787131484631906e-06 5.8778616221519785e-08 1.1107796722540605e-06 0.00014249218328336703 7.7934866704546e-08
3.6746556941059103e-07 0.0 1.0085281135141439e-06 0.0004458263720391921 0.00012845140646917613 0.0021429771437316385 2.4930764974804594e-05 0.000490343452502064 0.0001452346581723601 0.0029302312613565195 6.292571659312364e-05 0.0 1.698284711875483e-06 0.0001530641623781783 0.001077116526089803 0.0 1.648521717130489e-06 1.4603113375086985e-05 1.579905125843381e-05 0.0036395175989939023 3.1120259949185587e-07 5.846353099562304e-07 8.012618049321024e-07 0.0003429532588433542 7.636325168034581e-07 1.8097006053336963e-05 1.2573716886990464e-05 0.00018258278220904467 0.00018816036346342812 4.1310906218243545e-07 3.755509182576928e-06 0.00017676130243720557 3.433011026110784e-07 0.0003337220849466159 3.2259703554613656e-06 0.0004928893299269466 1.4716024418261166e-05 0.0005299247988158714 5.734122005093061e-05 0.002321718167909317 0.0001298479103932465 2.5894373332826553e-06 4.75413372901494e-06 0.0 0.0 0.0 2.1563746125292427e-05 6.736976909145634e-07 2.262545890257926e-06 1.561920038263926e-05 7.87915845360912e-07 3.2016224617486298e-06 4.615247883463842e-06 1.4759750575646382e-07 3.871520872055874e-05 1.1491032384707833e-06 1.0951010227289631e-07 1.5892073005057583e-06 2.903584766372676e-07 0.0 7.88403536383733e-08 5.020915962919293e-08 3.6659173412545895e-05 0.0 0.0 1.5563218693722103e-07 2.613409054597212e-05 9.057582770690265e-08 2.258912593069718e-07 7.086877187485097e-07 1.5558881674545556e-05 9.70478695288984e-07 2.9223765531234023e-06 0.0 0.0 0.0 7.101385431668629e-07 1.931791868732988e-07 3.111727661317414e-05 5.1086258953615514e-08 7.395680612337964e-07 1.2558985432240877e-07 0.00011855246312101864 0.0 2.6643809761991713e-07 0.0
1.1665485775655876e-07 0.00012475637093615666 3.231383429498916e-07 5.737581266155099e-08 4.004972062836323e-07 3.3580954353518627e-06 1.0788640090073928e-06 9.116159617307238e-06 5.582967953522473e-06 2.339647215123742e-06 0.002100765981452023 1.698284711875483e-06 0.0 1.2492267514969858e-06 5.640038868443229e-08 1.0995075824633946e-05 1.939807676090391e-07 7.82807891906657e-05 0.0 7.219051769812805e-07 1.1782843777678212e-06 6.826772854258028e-05 1.1268948983324595e-06 2.482807078740164e-05 0.0018050032460314518 0.0001477107836674416 0.0007347398203389073 2.2517646507938626e-06 3.4100510549430105e-06 2.084812637875725e-07 0.00011058653228084419 7.321721925820829e-06 0.0 0.0005411727100926928 7.395231200093889e-07 2.0408485487149616e-05 0.0007915707085829046 0.00014008483075788822 1.6188198024099825e-05 7.84223056726046e-07 7.611484872996528e-06 0.0003842349911764461 2.904413285752365e-07 0.0 1.2927885030184066e-05 3.983537996724611e-07 0.0 0.0 0.0 0.0 0.0 0.0 4.825709566214497e-08 0.0002525597669507312 0.0 0.0005903372527662032 0.0 0.0 7.335766030494017e-07 0.0 1.2499844919425212e-05 8.904825377808754e-07 0.0 0.0 0.0 7.734765365242975e-08 0.0 0.00013495641801389077 8.920576911228106e-05 9.20573837321356e-05 0.0 3.28628743288655e-07 0.0 5.884916843218078e-05 1.3063607919256725e-07 0.0 4.739797133658866e-06 4.290880016449958e-07 4.317486959126241e-06 0.0002923203728599278 3.114570887960106e-05 1.9860103810063383e-06 0.0 8.572792474213246e-08 0.00013025591392081516 0.0
0.002815856501866395 6.144711673230548e-08 0.0003853796517843289 2.0486118214272687e-05 2.824249299840189e-06 0.0003894537749548206 0.0034240202775519847 0.004004784545801115 6.415432819558052e-06 0.0005796127389672626 5.213623292794051e-05 0.0001530641623781783 1.2492267514969858e-06 0.0 5.027031845770808e-06 3.5053500441319654e-07 0.00025393148700089425 1.2146457048788849e-05 3.4038020592225016e-05 0.00010366251057343491 0.0002215130067573735 7.600131315472516e-08 0.0007293680396923315 6.027204671667642e-05 1.8246084928262688e-07 7.762274238132091e-05 6.428179750718935e-05 0.0001839334027410496 0.005133967278417262 0.0012824044002416686 2.1502221975779244e-06 0.0002346786975357232 3.254372268158544e-05 0.0004166868843630485 6.110335037667041e-07 5.209899830119563e-05 3.15896348372862e-05 0.00013455257687953638 2.6657115280983607e-05 3.7309988444616736e-05 2.5011707465163422e-06 4.881482995466405e-07 3.3102074298615615e-07 0.0 0.0 3.507750248421648e-07 3.210470571636688e-07 0.0 6.021171294353512e-08 2.1826142187011995e-06 3.99411353434347e-07 1.6423316481794253e-06 0.0 1.075723788707175e-07 1.0460728305142936e-07 0.0 0.0 0.0 6.471898649299718e-07 0.0 0.0 8.509289582996029e-08 6.832614313302049e-08 0.0 1.2772963619041292e-07 1.2887958828968846e-07 2.929148789372276e-06 7.663293629921726e-08 8.992270955588669e-07 3.0530036915934277e-06 2.9057940193786803e-06 1.678213409422997e-07 3.8261434018873104e-07 5.061790300038719e-08 0.0 0.0 3.3941975278667884e-07 0.0 8.028734645160981e-07 1.1830377112765435e-07 6.23358017236092e-07 3.976764991732006e-07 0.0 1.8882272080989274e-07 6.482693814672939e-08 0.0
2.3161833021565833e-07 0.0 1.0004122902678372e-06 0.00010075699389815809 0.0008791972795591904 0.0016720670960605557 3.322278056162793e-05 0.0001408123146196019 0.0006097356018207956 0.00013861087233410494 2.914396508656167e-06 0.001077116526089803 5.640038868443229e-08 5.027031845770808e-06 0.0 2.859062856726914e-07 1.6579223021721363e-07 2.9506557836392507e-07 5.2229949285774655e-08 0.00013787228275318698 3.5930138519503753e-07 1.6019026699280441e-06 6.163044999856435e-07 0.000637028289427247 1.274560361034726e-06 8.277169556644494e-07 3.772949131147511e-07 2.6901765112653083e-05 2.0528913534817174e-05 7.821826850700669e-07 2.702795426561087e-07 0.00038232900075139015 6.257091151080612e-07 6.883621741546262e-05 2.2684202813515627e-05 0.00013844282409262665 2.1960688693178195e-06 3.733409915526373e-05 4.007790062105201e-05 0.001624403724001751 0.00011217518609052285 4.5894323135383645e-07 5.704625828092466e-07 0.0 0.0 0.0 1.986539970892015e-06 0.0 0.0 2.7156127979429773e-06 0.0 2.4353197578572314e-07 0.0 3.8215635528728916e-07 4.086161194138315e-06 0.0 0.0 2.2773391007538846e-07 3.741029027823417e-07 0.0 0.0 1.9389176106217087e-07 5.885749305554248e-07 2.948299188084843e-07 1.1773087534514273e-07 0.0 4.847541706466231e-06 0.0 2.3487237117856416e-07 4.303713284520391e-07 1.7827897796583426e-06 0.0 0.0 0.0 0.0 0.0 1.0077943313164077e-06 7.391932902787349e-05 8.79575872885126e-06 7.167399039910651e-06 1.3458176550593144e-05 0.00012374188364237666 2.5663152382552026e-05 1.3337196321292327e-05 0.0 7.854254809428595e-06
9.347417793414539e-08 0.00021986177307076855 1.9414511290514713e-06 3.666843068046085e-07 8.554196330412485e-08 6.501135743822248e-08 2.1384744566889776e-05 1.967614441368341e-07 5.0638118938478334e-05 4.1125901283799146e-07 7.705172542712353e-06 0.0 1.0995075824633946e-05 3.5053500441319654e-07 2.859062856726914e-07 0.0 3.547684346731561e-06 3.540020572753284e-07 1.586982933532102e-06 7.232635471536089e-08 0.0002370796029988922 0.0010639384406932143 0.001476961126284948 0.0015616650247324557 0.00017441884064628503 2.2353004663112607e-06 0.0015857821119968773 0.0005834082730577497 1.0428761751061295e-06 4.870331412545264e-06 6.765055297208468e-07 3.0981620511625003e-07 8.306440289529064e-07 7.288735269774148e-05 4.254104777913255e-05 0.0009400450343209556 0.0004768846123905186 0.0003896773470866767 0.0004116673589969705 1.8336602638943537e-05 2.427671302844935e-06 1.8441933677910833e-05 6.000141172788493e-06 1.6714061603914746e-07 1.629201106908291e-05 8.94157479447649e-06 0.0 0.0 1.7202333144729064e-07 5.173052732680242e-06 6.251660885137813e-07 1.0850482168698912e-06 6.682246781612751e-07 3.705284475688161e-06 0.0 3.5914175486047842e-06 2.970217516156431e-07 0.0 0.0006495264633167771 6.749020234794508e-07 0.0 5.078113152151176e-07 8.324573043927006e-08 2.031838711918533e-05 0.0002266729668059171 0.0004662400876859619 1.8258554049416416e-05 7.716059677790096e-06 1.6025963749526153e-06 0.00010466620479841547 9.860643230954112e-06 4.109340159429256e-07 2.644438878602095e-06 5.6520154298638435e-08 0.0 6.978660247279947e-08 2.197493015999187e-06 8.447345023843159e-06 6.018205214076343e-05 1.513325852668972e-05 2.498076986757688e-05 2.276543883352614e-05 6.136563222636684e-07 1.8860746790621508e-07 0.0 6.600231469775632e-07
7.803499344629587e-05 9.588306623255439e-07 0.004579832226523112 6.96856235576583e-07 3.636822786728715e-07 2.304752502194309e-06 2.3546139222275423e-05 0.00011585705380751838 8.355046977226607e-08 4.2012993997178985e-06 0.00013903841282666553 1.648521717130489e-06 1.939807676090391e-07 0.00025393148700089425 1.6579223021721363e-07 3.547684346731561e-06 0.0 0.00029275452710639325 0.002275306570097597 1.3069565683170448e-06 0.0002052612049362885 4.621766233942276e-07 0.0019880466172170655 2.3514710527898373e-06 6.160742076591596e-08 0.0016396464970684613 0.002929777920403342 8.6115979821815e-06 0.0002897471179828571 8.506062568267271e-05 6.189430020194794e-06 5.89839916534767e-06 7.16535867803868e-05 0.0007026526435031127 4.0755168143535986e-06 0.00011777504206257147 0.00012164456502092061 0.0006928855545997801 0.0004041886325229042 2.2063823538464807e-06 2.3221653630312507e-06 1.9305229943080834e-06 2.2785575362719426e-07 0.0 6.54980417794806e-06 5.606355173819615e-06 0.0 0.0 0.0 9.934661595280026e-08 5.819872720058427e-08 6.31149691534963e-08 0.0 1.4829096851028288e-07 1.0548846836525751e-07 1.4394890357943378e-07 0.0 6.280230943054653e-08 9.340455910416806e-07 1.3550512074631334e-06 2.800844682639467e-07 3.7357972095804304e-06 0.0 0.0 1.6960991408354402e-07 8.032020255866433e-07 2.2846396503079368e-07 1.578852709153238e-06 2.1032155222979965e-05 7.905385339168907e-05 7.065404358053144e-08 1.2103084525167428e-07 0.0 0.0 0.0 0.0 1.4153203805062558e-06 1.140114960975809e-06 2.7161359443584737e-06 2.8391821235157676e-06 4.02167659854065e-06 1.2808510701877845e-06 7.633431430269722e-08 0.0 0.0 0.0
1.656533275431634e-06 7.170741817195354e-08 1.6379770254703048e-05 4.079011821533215e-07 1.589915075870129e-06 1.378998116059586e-05 9.638036718098276e-06 4.293019652489606e-05 1.6407235947023851e-07 1.7186830271952303e-05 0.0011549823423641678 1.4603113375086985e-05 7.82807891906657e-05 1.2146457048788849e-05 2.9506557836392507e-07 3.540020572753284e-07 0.00029275452710639325 0.0 0.0005352027746874363 6.425795368572947e-06 2.8581928461515e-06 0.0 1.4342112723010416e-05 1.9769636976240356e-06 9.410034043566971e-06 0.002323439926425329 0.0001341578532741229 3.07676614502368e-06 2.354949431343698e-05 1.7649102447862748e-06 2.3136207783269997e-05 2.9474935553707827e-05 1.7365984801039278e-06 0.0006695875860834154 5.7676836493029195e-06 0.0003904207303904331 0.0007699900464521556 0.0010421782457788495 0.00025338070459304536 6.497665923482685e-06 6.179664526481294e-06 3.8782052231919164e-05 2.085889112051494e-06 0.0 6.177932956852452e-07 5.134467984616216e-07 0.0 0.0 0.0 8.957760698387595e-08 1.1558892235848063e-07 7.360845153243492e-08 0.0 5.09567936571478e-06 0.0 2.2911733882404298e-05 0.0 0.0 0.0 1.6811968805469777e-07 4.732547912890767e-06 1.1971208215407274e-06 0.0 0.0 8.860795557331763e-08 0.0 1.334406613208638e-07 1.525015736041117e-06 4.824850348801063e-05 5.148761738583029e-05 1.423245340990889e-07 4.9903959049958425e-08 0.0 5.474338496113266e-06 0.0 0.0 2.572950370690357e-07 1.0136029030377175e-06 5.203740185715838e-06 5.640183709080218e-06 2.8067514625371505e-06 3.3490761844731166e-07 0.0 1.1934298219821807e-07 1.6218714312849473e-06 0.0
8.647209765285862e-06 5.611278068900088e-07 0.00036775248573234497 6.813322246767525e-07 8.922546178748042e-07 1.1272560737052126e-05 1.6433480010045824e-05 5.949636567006199e-05 2.0385927363954718e-07 1.9716980623443317e-05 0.00032019141728787824 1.579905125843381e-05 0.0 3.4038020592225016e-05 5.2229949285774655e-08 1.586982933532102e-06 0.002275306570097597 0.0005352027746874363 0.0 6.898775152275201e-06 1.274875262228033e-05 6.803367574539982e-08 0.00016692527877399866 2.150712006140295e-06 1.5396941195189582e-06 0.0013819726533424459 0.000488923449799004 4.971760378220797e-06 5.2419051647599494e-05 3.127898815132898e-06 2.239730531433549e-06 2.2146218665613575e-05 8.796383330803008e-06 0.0015312122906407668 4.9753386426759855e-06 0.0003812053879834506 0.00039204679488081856 0.0011501154628346085 0.0003096501560464228 6.272421401287862e-06 2.5727884406472794e-06 3.229186019805419e-06 1.4868321650463524e-06 6.371087133929712e-08 3.934656928082859e-06 1.4077020695663134e-06 0.0 0.0 0.0 0.0 1.3445755552796964e-07 0.0 0.0 1.1472926745997848e-06 0.0 2.0306339185733127e-06 6.071615792063495e-08 0.0 2.1498613562592646e-07 4.1089407854134714e-07 1.7382816421729938e-06 5.5885456225813675e-06 0.0 0.0 1.7103887822562468e-07 2.2425469242609822e-07 3.247346556135886e-07 2.2403185085703426e-06 2.913548257255577e-05 6.787502735283287e-05 8.601826760162437e-08 2.175661374266116e-07 0.0 5.480376759143235e-07 0.0 0.0 6.49602308551659e-07 9.747074613710716e-07 6.356103577826948e-06 2.0734708491193725e-06 2.6702008694190623e-06 4.2552953816469205e-07 1.1204984985640483e-07 0.0 0.0 0.0
8.69304803442383e-07 7.27382709015896e-08 1.0501352194872977e-05 0.0024884246714051814 1.4882681657560492e-05 0.0003341505288947632 3.3327742953033406e-05 0.00014144313405417105 0.00013859426828019482 0.0035797368235329524 2.8382385301881574e-05 0.0036395175989939023 7.219051769812805e-07 0.00010366251057343491 0.00013787228275318698 7.232635471536089e-08 1.3069565683170448e-06 6.425795368572947e-06 6.898775152275201e-06 0.0 3.959627504217544e-06 8.081782342096108e-08 3.798380263980847e-06 0.00034337095185917667 1.8868923847800265e-06 1.120239061066156e-05 9.107617793557744e-06 0.0010664068901144181 0.00014024937519589497 8.797817927740059e-07 1.6285386850945113e-06 6.282561992556029e-05 4.002888618236155e-06 0.00021355313641788863 1.9733554805835685e-05 0.0006927662256599676 1.841736919880529e-05 0.0006116390161436781 0.00016874479693004178 0.0008074073755017375 0.00013811327533547722 1.8117265143576198e-06 1.6560457288394533e-05 2.147046729212886e-07 1.1384235523830854e-07 1.0029976499793734e-07 5.501087057225544e-05 0.0 2.146139075819453e-06 7.122850049985729e-05 2.7186748113809816e-06 4.043902894202999e-05 3.4292103011970606e-06 1.4703675053403532e-06 1.2172205088071864e-05 2.63123805784728e-07 1.2760210719633624e-06 3.905494331816419e-06 2.6569561277724275e-06 6.744407725819162e-08 1.345372812414332e-07 0.0 4.1609378906094815e-05 3.333587023289083e-07 0.0 5.360467226792574e-07 0.00013278058518181838 6.334847156743793e-08 4.6713602681333456e-07 2.0839564903122564e-06 8.039152943471238e-05 2.416655675746877e-06 3.9105302135891075e-06 0.0 0.0 1.87111869989359e-07 8.971993872087082e-07 1.1886733575898993e-06 3.274670716679081e-05 6.962238436883599e-07 8.307979389022978e-06 1.063791600106513e-06 6.628868286329869e-05 1.1043523456924058e-06 2.0722021191251084e-07 0.0
0.00010948932668471004 8.963862333855299e-06 0.001276366094287846 4.55889374985674e-06 4.8963953193091605e-08 8.872207958694077e-06 0.0007543439600728658 0.0002264124464509464 0.00012290617001408513 2.6663976090487434e-05 7.387723620864546e-06 3.1120259949185587e-07 1.1782843777678212e-06 0.0002215130067573735 3.5930138519503753e-07 0.0002370796029988922 0.0002052612049362885 2.8581928461515e-06 1.274875262228033e-05 3.959627504217544e-06 0.0 0.00010162277378796023 0.007930652201712221 0.00019739427287183538 2.3965361898350604e-05 4.370476728658773e-05 0.00035843193610538547 0.001276120238926235 0.00017983480656263824 0.006401996613074316 2.407910316611784e-07 4.6798300209933135e-06 6.9913889843733e-05 0.0015535091668874088 0.00017195436705118083 0.002737665917857141 0.0006992769123551053 0.0037084775601186294 0.001940279533778471 5.643982284306927e-05 7.499476232463148e-06 1.2397368896834012e-05 1.5033439538680077e-05 2.1362358628313428e-07 1.568407163769731e-06 2.1479557011182925e-06 0.0 0.0 8.200186581040797e-08 2.664560824959756e-06 4.5462691234938993e-07 9.309605479051226e-07 7.003171524660271e-08 1.0668777800519815e-06 0.0 3.851740797682933e-07 2.0535977288006872e-07 0.0 0.0001552796641618592 5.277071251214935e-07 0.0 8.894370556250892e-08 0.0 2.9608989914796627e-05 8.612247025524834e-05 3.417807986684302e-05 3.515628721342211e-05 0.0 6.226966180844268e-07 1.613141231776225e-05 1.900917449301671e-05 2.393768651370577e-06 2.031592574153089e-05 0.0 0.0 0.0 2.7379696174386158e-06 2.1510266785741033e-05 5.9960862867543016e-05 9.491407920294157e-07 7.94963151162015e-06 7.826525836357151e-06 3.958219202975137e-06 9.469331231014023e-08 8.007192069706905e-07 8.177912767231873e-07
1.8172210985259e-07 0.0017428394404676933 9.007463446919359e-06 2.611916918822576e-07 0.0 0.0 5.274579049266413e-06 1.192895149069775e-07 0.0008236623366033083 0.0 3.0353421598639726e-05 5.846353099562304e-07 6.826772854258028e-05 7.600131315472516e-08 1.6019026699280441e-06 0.0010639384406932143 4.621766233942276e-07 0.0 6.803367574539982e-08 8.081782342096108e-08 0.00010162277378796023 0.0 0.00019984056168489774 0.004215727587166915 0.0006815870251404152 3.5122733688077863e-06 0.0012041904368253493 0.00032186037297279906 8.793149323767636e-07 4.1846558584707005e-05 3.4585270422291593e-06 1.1329605332982974e-07 1.3372385253413276e-07 2.554801775046602e-05 7.240645315305761e-07 1.7648279314348226e-05 1.359123315220515e-05 1.3155191844878832e-05 2.499653642411236e-06 4.247468643315819e-06 1.6513432535523396e-07 3.907801036834508e-05 1.2055412350303366e-06 6.53123825742355e-07 0.0004601021774193105 2.2515869246977858e-05 2.9103648065351814e-07 0.0 2.840568606413379e-07 8.936957780196976e-06 1.0246408469992342e-06 2.7692980489969553e-06 8.210181693847637e-07 9.65138617428868e-06 5.57490996775904e-08 3.1329867725377226e-05 7.085789252039163e-07 0.0 0.0009513351670022069 4.608899597734873e-06 2.295175353024382e-07 1.7021096219328825e-06 5.192073539836006e-07 2.2624817588604703e-05 7.505253996197068e-05 0.0005802676601903924 3.433283432082463e-05 0.0002353368908117145 8.016098254689533e-06 0.0005847825243014751 1.4474209014612954e-05 8.020722704817497e-07 3.3270178984519924e-06 3.9250939983424243e-07 0.0 6.570041272798487e-08 6.226469432622582e-06 2.7066183844753158e-06 4.083311720171571e-05 2.836605000543878e-05 3.976191779133896e-05 3.0788769960367095e-05 1.4016255463938157e-06 2.7624902874696127e-07 8.219235118879504e-07 8.86949121369037e-08
0.00024094737846296963 2.0665620634840747e-05 0.007650377949774507 6.129948914304435e-06 2.259496884895658e-07 1.2782334064669643e-05 0.0007613593438091841 0.000587552440187479 1.8472475973493843e-05 3.464451563101482e-05 3.159564981902875e-05 8.012618049321024e-07 1.1268948983324595e-06 0.0007293680396923315 6.163044999856435e-07 0.001476961126284948 0.0019880466172170655 1.4342112723010416e-05 0.00016692527877399866 3.798380263980847e-06 0.007930652201712221 0.00019984056168489774 0.0 0.0007168677012301132 4.539846985719476e-05 0.0005117376745539932 0.003637266819527801 0.0012924552573400426 0.0004315417390816319 0.0013417830656580108 9.804280189237843e-07 1.3194476000648197e-05 8.884019539323768e-05 0.0020494475584999145 0.0002015276534787346 0.003585569904630749 0.004045121922946616 0.00516958044355979 0.0032017077507672928 0.00012511532123841933 1.0880724868543338e-05 2.3375128112005165e-05 1.737667639100717e-05 5.166226372213667e-07 5.819208208659415e-06 4.6104582843531425e-05 1.0116888709196064e-06 0.0 9.401984574552265e-07 9.839803375791993e-06 2.081882932222371e-06 1.2423862741000807e-06 1.663487699285656e-06 5.936996185357072e-07 0.0 1.0465934237687934e-06 2.0354119636986907e-06 0.0 0.00042798046804206507 7.076021929647389e-06 2.770523938999675e-07 1.1944939403496222e-06 3.4169889624544523e-07 9.929049230254082e-06 9.307024503974387e-05 0.0004122515206070398 2.5777590546795073e-05 2.0636575278981827e-06 4.870828267925166e-06 0.00045605556980465346 1.5877358998461167e-05 1.692686743323042e-06 3.938845938466431e-06 0.0 0.0 0.0 8.59568120846197e-06 5.692908257366569e-05 7.181735609176027e-05 1.8701231283080503e-05 4.882294132851481e-05 2.9890626835400138e-05 4.272459169515082e-06 1.1578643358866197e-06 0.0 4.553561426524294e-07
