0.0 0.0 2.83417644712456e-05 1.6456837431081623e-06 0.0 9.429690629609529e-06 0.0017696878718880464 0.000547179245596062 4.1424147451987655e-06 0.0001285780623933075 1.1939420940430538e-05 2.082063793899953e-06 1.8289195331613505e-07 0.004242302785785953 0.0 1.1953281337068787e-07 0.0001155245806068236 3.3762857780396387e-06 1.8253070784044478e-05 3.277812877189436e-06 1.400870472551586e-05 9.293954780717368e-07 4.372668211769299e-05 3.654669243210062e-05 5.5521890758344935e-08 2.246243310425899e-05 1.3587638922072435e-05 7.529768837179497e-05 0.002769347407304975 0.0012327915628208785 0.0 2.3686817997179456e-06 4.3906558128994515e-05 6.035495015946041e-05 2.6795649169313847e-06 7.596731292417659e-05 4.855436278991535e-06 7.207284338622533e-05 1.4273950157787756e-05 4.519674866567012e-06 2.296313443648235e-06 3.246466404013409e-07 6.85173329626451e-07 6.927108049784862e-08 0.0 5.313260268037881e-08 0.0 0.0 3.608635086600136e-08 6.852934280594632e-07 0.0 1.0478636390518667e-06 0.0 0.0 0.0 0.0 1.241336473876182e-07 7.280828040781371e-08 5.747483446602883e-06 5.430039317903628e-08 0.0 0.0 0.0 3.2748148842678676e-06 3.3344673944575886e-07 4.1222023213349495e-07 1.4437050662648717e-05 0.0 4.848516374191339e-08 3.9726292638928737e-07 9.138986506304712e-06 5.79937542568169e-07 2.2362932371562636e-06 0.0 0.0 4.453080956938648e-07 4.712247487043266e-07 0.0 4.1957608959683914e-06 0.0 8.726017031434079e-07 4.635592168116359e-07 5.031232238234591e-08 3.7281333226018695e-07 0.0 0.0
0.0 0.0 6.34387874648854e-05 0.0 0.0 9.7476525112425e-08 2.1509677130633804e-06 5.874715646106289e-08 0.00029495510358752984 1.0275374293754269e-07 3.549857168013102e-05 2.9578930870890622e-06 0.0008026204019450615 1.0858040223905088e-07 1.740133501408657e-06 2.9722195218743583e-05 2.4461112875623546e-05 2.309935645675912e-05 6.881433751276128e-05 0.0 4.2311619050821355e-06 0.0009650916653554273 5.511247253643576e-06 0.0004964942083782565 0.0009313340880801411 0.0005307808142776051 0.00548843670521442 2.127826939865817e-05 6.078825463961651e-07 1.4515450356711508e-07 5.5633942651686764e-05 6.062561667163037e-08 1.3748432667789077e-07 1.044618562568063e-05 0.0 2.8991341676077863e-05 6.234025199400145e-05 3.236716581008552e-05 1.4610650877795661e-05 9.356859293932979e-06 1.8323840586140331e-07 0.00017561844393779516 0.0 0.0 2.6844967491953464e-05 3.0451549028906584e-05 0.0 0.0 4.132298492474112e-08 3.5730459643503633e-07 0.0 9.95069814895477e-07 0.0 1.1656796878987064e-05 0.0 1.4445263178855214e-05 9.268470389092025e-08 0.0 3.461155409927065e-06 2.5029440358194222e-05 2.403903399068833e-06 3.229368734042804e-05 0.0 7.799515175905086e-07 4.199103397103875e-06 8.239146831263977e-06 4.6768199472146105e-06 5.824572764638003e-06 0.00018490023681152812 0.0006224512428166995 1.4509316452472488e-06 1.4353358055911512e-07 3.164247419659422e-07 4.1609739044822115e-06 4.208808853566384e-08 0.0 5.674023058858045e-06 1.585426822575208e-07 2.7969004746451366e-05 2.5371500496601332e-05 3.1941880792848716e-05 1.067570564803639e-05 4.3500122470796794e-07 5.549663289792467e-08 1.1438697619184669e-05 0.0
2.83417644712456e-05 6.34387874648854e-05 0.0 2.6583317006601653e-07 0.0 1.6043255159785847e-05 0.0008412443631511021 7.342581749280333e-05 3.0067322630250897e-06 4.053813175518899e-05 4.642460377683886e-05 1.1974700711076382e-07 2.5140507257700013e-06 0.00010472262116748138 2.419974238505484e-07 4.576567348594038e-06 0.001610274110143292 2.6438718851130084e-05 0.0001622473278581511 4.490827475314737e-07 0.000619637793939788 1.5683493160955133e-05 0.004249667047538558 2.502522201141767e-05 5.282456967991052e-07 0.002945862460210194 0.004336332209347904 0.0003299693390625219 6.611529760851658e-05 0.00047474272413581056 2.513364310392652e-07 1.047090252663169e-06 4.589860354662855e-06 7.689681790462886e-05 5.6113841885299716e-06 0.0006906608322001617 0.0011746699222612374 0.0004006331238017633 0.0002733291645512075 2.3632952724696352e-05 3.8078165815804993e-06 1.580739875340174e-05 2.764997257497374e-06 1.6801500342935573e-07 0.00012073001209135464 0.00021778960430721622 0.0 0.0 0.0 1.9252479877961444e-06 1.2885256171754167e-07 2.3392407085473275e-06 0.0 1.0464623664558036e-06 0.0 4.391790762645413e-07 3.719014961972083e-07 5.556434506740953e-08 2.4390223613366642e-05 0.00014531061180263102 7.169705666956376e-07 1.930773122995425e-05 0.0 5.038473935407834e-06 1.4162385483629608e-05 0.0001555978534795982 1.1346180463528525e-05 5.715001922959364e-08 9.557505345989982e-05 0.001106819057057464 5.613054815583482e-06 1.063397341272206e-06 3.84721329861788e-06 1.457326599029347e-07 0.0 1.7407107538333162e-07 1.5997051382955402e-05 2.4067800354606314e-06 8.72463907827018e-05 5.196875143393645e-05 9.259329440275761e-05 5.227135876854108e-05 1.630386205203242e-06 3.3313082802940666e-07 1.0128380851186173e-06 1.2698210388781723e-07
1.6456837431081623e-06 0.0 2.6583317006601653e-07 0.0 3.88350450895769e-07 4.234784398787067e-05 1.4157944723055573e-05 3.4342136578337e-05 0.00014750039585166761 0.0010246138425540432 1.0440738236433655e-06 0.0017451291832932066 5.867826109031642e-07 2.7896994435126376e-05 2.3838563208481078e-05 0.0 5.041568554587716e-08 1.336363916265033e-07 1.944569579540799e-07 0.0019867173848270654 9.195069851334292e-08 5.408158506472315e-07 0.0 0.001097563725603706 1.186509982265289e-07 1.188304153682523e-07 8.05269036147367e-07 0.001430931480879067 3.854036723261322e-05 8.223254080773059e-07 4.196702716055857e-08 2.536953119147444e-06 3.0265706816557005e-07 9.37681577811885e-06 4.009552950095084e-06 0.00017974309202505314 6.289053469070147e-07 4.057292659778925e-05 6.773023667667322e-06 0.0001274779766668211 1.0541548171917893e-05 0.0 2.2196370912620435e-06 9.093544468322015e-07 0.0 1.3909650941838627e-07 5.849288695268108e-06 0.0 2.3391427762296246e-07 1.3444955567729506e-05 2.799092915591607e-07 2.2403817660566986e-05 5.834931276621898e-06 0.0 4.04844619599508e-06 0.0 2.29856000968815e-06 9.741329929384155e-07 1.0997384696446612e-06 0.0 0.0 0.0 1.8284617630343409e-06 5.206688219887836e-07 1.7730993664778613e-07 2.784378385627305e-07 0.0001024842864082307 0.0 0.0 1.0471186170264344e-07 3.7576048017899214e-05 3.3487207378796386e-06 2.4010503197087003e-06 0.0 0.0 8.465589489919436e-07 1.3976155891851088e-06 7.905755396423491e-07 2.1559309586382922e-05 1.2967602478451586e-07 4.4872558050293835e-06 3.290018098120859e-07 4.951511310141898e-06 3.4872266833979934e-07 0.0 2.009412366059756e-07
0.0 0.0 0.0 3.88350450895769e-07 0.0 5.002753655648708e-05 2.215483542002664e-06 4.8787589021431435e-05 1.433214078906048e-06 3.7739501000150027e-06 9.79267578009768e-06 1.308826127366269e-05 1.037757000621468e-05 1.947974557539905e-06 0.0005628978002718565 0.0 1.4520384973759734e-07 3.7733400964908764e-07 1.8500087028879618e-07 7.065329864665373e-07 3.6891517664262354e-07 2.3379422346315002e-07 1.5636894932052096e-07 4.6038710551245975e-06 1.9805405581378544e-07 5.181083737208354e-07 1.794138359911496e-07 1.4089363164437915e-06 6.156795583284655e-05 2.940577074979571e-07 0.0 8.251264155136293e-06 0.0 0.00012533055288319403 2.950093591872991e-06 7.073763001604768e-06 2.9796849942459726e-07 0.00016178267971247773 2.525902309353734e-05 0.0008120823227372236 7.620488846259389e-05 2.890184632863528e-06 3.461296313074496e-07 0.0 0.0 0.0 0.0 0.0 0.0 0.0 0.0 8.825436596597683e-08 0.0 0.0 0.0 0.0 0.0 0.0 4.2477991536989565e-08 0.0 0.0 0.0 0.0 0.0 0.0 0.0 6.85113136522046e-07 0.0 0.0 0.0 8.143264805438208e-08 0.0 0.0 0.0 0.0 0.0 0.0 0.0 0.0 0.0 0.0 0.0 0.0 0.0 0.0 0.0
9.429690629609529e-06 9.7476525112425e-08 1.6043255159785847e-05 4.234784398787067e-05 5.002753655648708e-05 0.0 0.001030329013216924 0.00406293877217151 2.513988982734664e-05 0.009291228430646392 2.506762226659488e-05 0.0010614544893563043 1.453602576916068e-05 0.0002863193281209402 0.0009896663032081187 1.2631217658791734e-07 1.6318137738662576e-05 1.494900260076132e-06 3.976298648819365e-06 0.00014819319096757606 3.2045537443420634e-06 1.0456162539577573e-06 1.0805814469173858e-05 6.343529040232039e-05 1.3353808298660282e-07 7.529755139051515e-06 6.329365254114085e-06 0.0004181858292139324 0.0003803915156276456 3.583661575785565e-05 5.3294900851557304e-08 0.000213487691312844 1.8746103053587469e-06 0.0001532885271205895 1.0768167436366895e-05 0.00019766373119508969 4.149922059433515e-06 0.00030344789601448796 5.383753805736638e-05 0.000927438782420677 0.000132584838295884 4.951992670505473e-06 9.447762123287879e-06 0.0 0.0 1.6107146411939444e-07 2.9351855585105995e-07 0.0 0.0 5.866839458640064e-06 0.0 3.930343639408515e-06 8.643342402066668e-08 0.0 2.953455506806537e-06 0.0 9.767069703583006e-07 0.0 2.4421493707894347e-06 0.0 0.0 1.1368829352254005e-07 0.0 7.283042032814619e-07 4.569026305559995e-08 1.9759136029331101e-07 2.767168232214034e-05 0.0 5.2345480531479376e-08 1.0217052838865911e-07 1.5321667680522932e-05 2.0640692876264223e-06 1.10773358599354e-06 0.0 0.0 7.49982652985313e-07 3.0303925656185066e-07 8.085061781359008e-08 7.453136186868713e-06 1.0823990074970699e-07 2.214236377035838e-06 1.0759983203356128e-07 1.0455240697771463e-06 0.0 0.0 0.0
0.0017696878718880464 2.1509677130633804e-06 0.0008412443631511021 1.4157944723055573e-05 2.215483542002664e-06 0.001030329013216924 0.0 0.0017309617565789746 0.00040083790125209105 0.0014139556869694721 1.8358297808698654e-05 1.638539623698084e-05 2.736673230806875e-06 0.003200789969403955 2.0616673185972367e-05 2.3760436359079636e-06 0.00032657098826333536 5.17920974490152e-06 3.203647412175693e-05 4.642684041092431e-06 0.00023298982982991167 1.5101754293158548e-05 0.0005466499049123517 0.000693159143917816 1.1432352760528017e-06 0.0002517811789387846 0.0001960523789202056 0.009586495703443311 0.001175445941765281 0.005113644360223629 4.695979336713352e-08 2.2742026930823233e-05 7.375572983999787e-05 0.00015948745196205823 7.04759512659473e-05 0.002035142708012063 4.64237315984945e-05 0.0006056354956938439 0.00024195501112139723 0.00027263811903836197 0.00010375252817411349 4.844313604202209e-06 1.8731680250804193e-05 2.4434198345275956e-06 1.7810857720747024e-07 1.4457125323072844e-06 1.8605277605622155e-06 0.0 7.582257988671273e-07 9.67236029698621e-05 3.310520374933579e-06 6.253347164146505e-05 3.580919764753239e-06 2.5289723842095963e-07 3.3961246394022455e-06 0.0 1.0449632002810874e-05 4.5600939661575515e-07 4.839500624080688e-05 9.586882171290768e-07 3.792600524810166e-07 1.3998993151972924e-07 1.3480437397569273e-06 1.597332415773123e-05 7.647325723628394e-06 9.220206454839508e-06 0.0006009189131521802 0.0 7.362714422722726e-07 8.464108820718606e-06 0.00026623261133713443 3.6822525464338756e-05 3.781684018136643e-05 0.0 2.654863817823174e-07 1.0038119629041109e-05 1.6819165309026114e-05 3.2969633382595747e-06 0.0001421911937868642 1.519277733162946e-06 5.266003667877942e-05 4.317786423300943e-06 1.5925881635220765e-05 4.204052391873695e-06 1.2053811975072813e-06 4.504577070891904e-07
0.000547179245596062 5.874715646106289e-08 7.342581749280333e-05 3.4342136578337e-05 4.8787589021431435e-05 0.00406293877217151 0.0017309617565789746 0.0 1.8760251465836835e-05 0.0026162671096566763 2.2029300990737585e-05 0.00026933561206091936 6.2857826536238225e-06 0.004782201831644346 0.00020012479239809244 2.8359361500111226e-07 0.00014512151021576778 4.1489530703591765e-06 1.9050759492071948e-05 0.00011357651448123847 1.779016192577848e-05 4.97667345190446e-07 7.338577073451155e-05 8.784294205374948e-05 1.4210869190045368e-07 4.0943754468894095e-05 2.8813615626694537e-05 0.000221048919941192 0.0006856641270697308 0.0004309469159286593 2.770237156704591e-07 0.0004401065801590882 1.2716230355834505e-05 0.00012242592616656874 9.618335903671894e-06 0.00016239437006395922 7.064804367611146e-06 0.00028248751687818337 5.1836697078690916e-05 0.0004427535383994194 0.00018724829967086272 2.2151653025538953e-06 5.147954028095415e-06 4.1152640468463176e-07 0.0 2.3619726574848497e-07 2.3567677894468842e-07 0.0 0.0 8.413618837364789e-06 2.4251872970853917e-07 4.638809855723064e-06 3.2121200673731267e-07 0.0 5.390495971718325e-07 0.0 7.942350811607767e-08 0.0 5.393149249817711e-06 1.6615007237072532e-07 0.0 0.0 6.272051158406458e-07 1.930657261507623e-06 4.198780494211406e-07 9.204372720523768e-07 5.3081572364759425e-05 0.0 0.0 8.885203128723756e-07 2.2343055951768964e-05 2.984951582813733e-06 3.372716944928498e-06 0.0 0.0 1.0497988870198966e-06 1.2179310225778858e-06 2.8590939480986813e-07 9.842495131469836e-06 7.718899545477692e-08 3.0353489134289073e-06 4.207142336541576e-07 1.2495269198926378e-06 1.9629654998475733e-07 0.0 0.0
4.1424147451987655e-06 0.00029495510358752984 3.0067322630250897e-06 0.00014750039585166761 1.433214078906048e-06 2.513988982734664e-05 0.00040083790125209105 1.8760251465836835e-05 0.0 0.00011178303560015173 7.103469440508265e-06 0.00014578239606496463 6.734169242722465e-05 2.0439700220026248e-05 0.00016572898272985327 0.00010586003724795629 2.801081918602921e-06 2.1747517112872833e-06 6.97004637191558e-06 3.2249901725180624e-05 0.00010331336844523717 0.0018738065360919967 1.56333007488447e-05 0.006453559973934574 9.331639743112386e-05 4.858880076101068e-05 0.0004538288932107617 0.0013004085823667987 4.995280798507388e-05 4.874292251708762e-05 8.53407198356336e-06 1.3503333208997696e-06 3.587408688401668e-06 1.0761572282865254e-05 3.23067403562391e-06 0.000137001809149385 6.941618587292181e-06 3.22310956284365e-05 8.619496185239477e-06 0.0001404591836944688 7.812812074326045e-06 9.199062869661052e-06 4.773655632519329e-07 3.777980341034393e-06 8.489687244930638e-07 7.341741728405622e-07 5.590456302380376e-06 0.0 4.181839575717946e-07 7.636997132210737e-05 1.9540950617571554e-06 8.396022573318687e-05 1.300377633160733e-05 8.462112789336839e-07 5.762239021512728e-06 8.390511219259639e-07 7.77251575538653e-06 1.130197925575566e-06 0.00017534819919057257 4.380679185671475e-07 1.4615691890721593e-07 3.9027335033052035e-07 5.3786271016637736e-06 2.783139230051245e-05 3.691948962309009e-05 1.261331746919126e-05 0.0010854893891746366 8.056867132026284e-08 2.8637364247493487e-06 6.240050939785014e-06 0.00023856905949665104 2.8274396075777418e-05 2.1952139946429546e-05 2.572197231420372e-07 7.350176842881269e-08 6.299009161346709e-06 1.0725853159743476e-05 3.159954026119971e-06 5.5496072867774665e-05 2.781665991738038e-06 3.1342096036040935e-05 2.6548107084307182e-06 1.2561221243084576e-05 2.532190319008333e-06 1.275011702597906e-07 4.036559247717326e-07
0.0001285780623933075 1.0275374293754269e-07 4.053813175518899e-05 0.0010246138425540432 3.7739501000150027e-06 0.009291228430646392 0.0014139556869694721 0.0026162671096566763 0.00011178303560015173 0.0 2.425434706424588e-05 0.002932436265248496 3.004447684753812e-06 0.0014285658081774648 4.9118060922839066e-05 0.0 2.0229925513451592e-05 3.409801128858433e-06 4.626669063365482e-06 0.001192934579788061 8.946362451438722e-06 4.503048981404777e-07 1.986997541255314e-05 0.0007990910720575201 3.6345039171760714e-08 1.7763377215520663e-05 1.081522162388519e-05 0.0028349164516940977 0.0007452576386607322 5.066020588170119e-05 2.0629841920859097e-07 5.3842166270667885e-05 7.204728335752776e-06 0.00016117083628640832 3.17363779224547e-05 0.0012504237116382772 1.7060947919311793e-05 0.0006286563192864446 7.997236431921556e-05 0.000317847111320896 0.00014080918981335203 3.835534622539743e-06 2.265075270466447e-05 2.112178763753542e-07 1.3559318219561348e-07 6.097595050073764e-08 4.6785743170253274e-06 0.0 3.7829587073827703e-07 2.375968162646574e-05 9.485229023203061e-08 3.069628104227717e-05 6.137346598359456e-06 1.0024114293015391e-07 1.5773840225144953e-05 0.0 1.5156540640045625e-06 1.1931749730499991e-06 4.738591332157488e-06 1.7068211321421175e-07 0.0 0.0 2.277999757120442e-06 1.6980799016955476e-06 6.397942223076705e-08 8.152817301685236e-07 0.00018048558865183385 0.0 0.0 4.041638711917184e-07 6.894546242965753e-05 4.858754245395526e-06 4.932772032724401e-06 4.4830171294753096e-08 0.0 1.6005112219179782e-06 2.135751674740214e-06 5.657027201013207e-07 3.669828512222933e-05 6.449742678383461e-07 9.239042048602919e-06 7.183501269766883e-07 9.60273949584307e-06 1.087893558770008e-06 0.0 0.0
1.1939420940430538e-05 3.549857168013102e-05 4.642460377683886e-05 1.0440738236433655e-06 9.79267578009768e-06 2.506762226659488e-05 1.8358297808698654e-05 2.2029300990737585e-05 7.103469440508265e-06 2.425434706424588e-05 0.0 1.2662948851315288e-05 0.0013165690367364941 3.926812266220572e-05 6.731057433734922e-06 7.68644522402595e-07 9.642111022905602e-05 0.0025623320726830268 0.0017884012280333635 4.885651889206875e-06 8.18582719645153e-06 1.4103258647586911e-05 1.954114078941137e-05 1.0615580056571436e-05 0.00036145334371987393 0.002883852574573982 0.0007016401849647232 1.0609639305234339e-05 0.00035035945944549685 6.745146409213712e-05 0.0004016552735295438 0.0001331080933442113 1.088175612994788e-05 0.0036963382047690008 5.468429764143102e-06 0.0004356740864466113 0.002903255864915801 0.003437836414034433 0.0006625002427859953 4.55330127928982e-05 2.316627764863729e-05 0.0007902015330256062 1.210589079812259e-06 0.0 9.020003691514845e-06 5.914763337824667e-07 0.0 0.0 4.347266275657885e-08 2.2026815589232536e-07 0.0 5.781977312612815e-07 1.1291260123802597e-07 0.0001460767237024716 0.0 0.00028070246994603854 3.528828216847986e-08 0.0 3.816920568178122e-07 7.388774292155303e-07 8.611650509386698e-06 3.012543397191242e-06 0.0 0.0 1.0779789151284203e-06 7.092151380709863e-07 4.191620532743651e-06 1.2194955677244633e-05 6.435741813581969e-05 9.326640521504355e-05 8.270340104411361e-07 6.798760043898099e-07 0.0 4.332521623684291e-05 0.0 0.0 2.3835291308341357e-06 1.0301464601011627e-06 4.352280628738739e-06 0.00020962296757267077 8.24660238274943e-06 8.524565671642469e-07 8.521967425130288e-08 0.0 8.342760668176025e-05 0.0
2.082063793899953e-06 2.9578930870890622e-06 1.1974700711076382e-07 0.0017451291832932066 1.308826127366269e-05 0.0010614544893563043 1.638539623698084e-05 0.00026933561206091936 0.00014578239606496463 0.002932436265248496 1.2662948851315288e-05 0.0 1.6144917501941358e-06 0.000135795816350829 0.0005207182203647475 0.0 4.912999809906186e-07 1.4107619218328019e-06 1.121255702181293e-06 0.0026011367799351525 1.1212569307625845e-07 1.1075073023494601e-05 2.052374820773732e-07 0.0011822320569037225 1.5596435610259641e-06 1.7086389897211832e-06 7.323805777128106e-06 0.00042247794022888795 0.00020702666634740745 1.2577257556804338e-06 1.461166671898357e-07 3.161189371618254e-05 2.5959971015863617e-07 4.7461726752404884e-05 1.6202234693083529e-06 0.00046969861670507145 1.2458126234944997e-06 0.00014498327994839555 5.188864641369993e-06 0.0008781057406872651 2.4399908479101867e-05 2.5379967011843853e-07 3.6643124906618076e-06 4.248334342894482e-07 1.5371437991947567e-07 0.0 4.4246054458059935e-06 0.0 4.503100153844746e-06 7.785818187957446e-06 2.85732421179824e-06 1.6858614707481687e-05 2.2348680112833974e-05 3.638416745669897e-07 3.978506578006858e-05 0.0 4.253469155972813e-06 7.215210510162259e-07 1.6500378352043816e-06 0.0 0.0 3.91284030001229e-08 4.535606378244255e-06 1.2386641287854634e-06 6.394531710927636e-08 3.9340076857250115e-08 5.2346571511666046e-05 0.0 7.854204346808293e-08 0.0 1.869495296789465e-05 3.0937031673793656e-06 1.0211360854948409e-06 0.0 0.0 3.0859186475730884e-07 1.5603004572474234e-06 3.142935777104394e-07 1.5539255618073862e-05 0.0 3.3184608065019805e-06 4.1907476017548957e-07 7.567530755988095e-06 7.735789033270851e-08 1.2500452926511495e-06 0.0
1.8289195331613505e-07 0.0008026204019450615 2.5140507257700013e-06 5.867826109031642e-07 1.037757000621468e-05 1.453602576916068e-05 2.736673230806875e-06 6.2857826536238225e-06 6.734169242722465e-05 3.004447684753812e-06 0.0013165690367364941 1.6144917501941358e-06 0.0 2.8419088665983915e-06 1.6908298996079335e-06 8.896765270361453e-06 3.732384044155691e-06 2.9756022511148494e-05 1.3726954273916867e-05 5.333260538418239e-07 1.1492887262954695e-05 0.00019491573572066702 1.944103632891694e-05 9.14094328027137e-05 0.002892546137925925 0.0011027928781115234 0.002881434752422508 1.0852434181647048e-05 1.797428774365437e-05 6.044905592606768e-06 0.0006175692021706397 1.9116809723118747e-05 0.0 0.0003706548195896008 6.897555743967692e-05 0.001444000575509805 0.00279219348196999 0.0019393162595956433 0.0005458802467734894 7.248490688385308e-05 0.00010466733196190284 0.0016848069777066058 2.2057434646358878e-05 0.0 2.572233515890117e-05 6.524951628770995e-07 0.0 0.0 1.6380197681563271e-07 7.917123204540606e-08 0.0 5.009100360866737e-07 1.4257901716900714e-07 0.0004203266042771756 6.703907665119666e-08 0.0007402335368463625 1.7550655640501774e-07 0.0 1.5927291408271167e-06 3.943401241185173e-07 1.0433117018324414e-05 2.657772434222878e-06 0.0 7.349913712497804e-07 1.996538822731922e-06 2.3330990417406274e-07 2.2534003387941748e-06 4.3402056156565335e-05 9.671839549339479e-05 0.0001399052513254844 1.1050024497830732e-06 1.0882679624620106e-06 7.581013911760126e-07 9.668965992148715e-05 4.8986151890682035e-08 0.0 5.703057345733351e-06 8.154618051362058e-06 0.00010527104506496092 0.0004491009711995182 1.81959559361826e-05 3.4349880636128204e-06 1.1635205330195326e-06 5.3458981019023155e-08 0.00024489236481228506 0.0
0.004242302785785953 1.0858040223905088e-07 0.00010472262116748138 2.7896994435126376e-05 1.947974557539905e-06 0.0002863193281209402 0.003200789969403955 0.004782201831644346 2.0439700220026248e-05 0.0014285658081774648 3.926812266220572e-05 0.000135795816350829 2.8419088665983915e-06 0.0 2.4878278841067818e-05 3.364626888392328e-07 0.0002440033021379588 7.494622421838429e-06 3.519964299830939e-05 8.12930113750332e-05 2.9428981203475424e-05 7.147340580509177e-07 0.00011571697026461271 0.00010197788322654518 0.0 5.5433380319881405e-05 4.147816796106658e-05 0.00026141906867295956 0.004636997530962074 0.0011987856862560509 0.0 0.0001503659926399572 2.9112830534752132e-05 0.00021196959723843235 7.524930821301442e-06 0.0001950669844080342 1.1101852428347326e-05 0.00032496879886947277 4.198800386528968e-05 8.357393729549814e-05 3.850633683690476e-05 1.0251375563133029e-06 3.712552450976699e-06 3.7078343557009696e-07 0.0 3.460461209845438e-07 3.4566188864221107e-07 0.0 1.1917802270614565e-07 6.571884028095825e-06 1.9944626716164611e-07 3.6360361277602026e-06 2.963736459523451e-07 1.3366712829538462e-07 4.3673280488914724e-07 5.511751411015555e-08 4.609739165209311e-07 0.0 1.1522258679177307e-05 4.285502579494019e-08 0.0 0.0 0.0 3.831458267293448e-06 3.482998371462079e-07 1.3266753205127372e-06 5.565794697179946e-05 0.0 1.3952127387503057e-07 1.0059923785116594e-06 2.553141854425423e-05 3.0468012649102535e-06 4.062593730159316e-06 0.0 0.0 1.3115114028138997e-06 1.232225023554979e-06 9.89567095217197e-07 1.3833162617731494e-05 3.7175159452194153e-07 3.7401801487825528e-06 4.25997384088033e-07 2.607414539960323e-06 4.0413311607567057e-07 5.8980682831667904e-08 0.0
0.0 1.740133501408657e-06 2.419974238505484e-07 2.3838563208481078e-05 0.0005628978002718565 0.0009896663032081187 2.0616673185972367e-05 0.00020012479239809244 0.00016572898272985327 4.9118060922839066e-05 6.731057433734922e-06 0.0005207182203647475 1.6908298996079335e-06 2.4878278841067818e-05 0.0 0.0 4.323970824813639e-08 7.472728416993608e-07 3.8461425033208653e-07 3.58736058224972e-05 0.0 6.011456149824571e-06 5.309067669816375e-07 0.0005431941928517419 3.1073342583587097e-07 6.371459987319131e-07 4.099593769183817e-06 6.656354500562699e-05 5.569667745097026e-05 3.274562693054162e-07 5.657223921597142e-08 6.384944546920537e-05 5.7086457672579235e-08 6.114834868744486e-05 1.0696707798789022e-06 5.3333202463621646e-05 2.8194567427300453e-07 7.448405618356858e-05 8.288217080097458e-06 0.0012609367077027378 5.6560178617136185e-05 4.980772891934958e-07 1.3506626913688262e-06 0.0 0.0 0.0 0.0 0.0 0.0 1.5908506953742825e-06 5.137630329604205e-08 3.4994674704664963e-06 0.0 0.0 3.6144391186071717e-06 0.0 1.9874972797930222e-07 0.0 5.90156494358358e-07 3.253657515366575e-07 0.0 0.0 0.0 4.7174395896419896e-07 1.948794238937739e-07 1.700856646680557e-07 8.218226556415297e-06 0.0 1.4457121891899872e-07 6.082341825952296e-08 4.319740553788639e-06 5.770129066490453e-08 0.0 0.0 0.0 0.0 9.344763442562512e-08 0.0 1.9997275224611334e-06 1.3740999197561962e-07 8.58174819846893e-07 0.0 2.496744003653577e-07 0.0 0.0 0.0
1.1953281337068787e-07 2.9722195218743583e-05 4.576567348594038e-06 0.0 0.0 1.2631217658791734e-07 2.3760436359079636e-06 2.8359361500111226e-07 0.00010586003724795629 0.0 7.68644522402595e-07 0.0 8.896765270361453e-06 3.364626888392328e-07 0.0 0.0 5.434236907928394e-06 4.731539312439999e-07 6.015481188742997e-06 9.95552772783674e-08 0.001956309604932707 0.0026072096316494854 0.0021467839240612023 0.0006695859843887799 5.475626583049593e-06 3.639677341649734e-05 0.0021064455638926463 0.0007449657128443081 2.9435760345326657e-06 1.6625236419661274e-05 1.0208420339708333e-06 0.0 2.173669095045953e-06 1.4127788132704846e-05 3.433539850356792e-06 0.0006103893101849304 0.000135548686139399 0.00010824994645677738 0.00019591375548099412 1.2162666623957878e-05 1.8666803776069708e-06 4.594165170687824e-06 4.213860702357939e-06 0.0 4.08608346287208e-06 9.91774686821543e-06 0.0 0.0 3.757332346363777e-07 1.0143932144624518e-06 6.058335790253108e-08 2.2344990177763964e-06 0.0 3.6321930037298476e-07 0.0 6.489388332554369e-07 2.0619211187728074e-07 0.0 0.0018768492991577798 2.5133468077210434e-06 6.535161102407017e-08 1.7649557615066722e-06 0.0 0.00012243325915876915 0.0003469931497069585 0.0005817293731063795 5.291598280954387e-05 0.0 6.3115855060639235e-06 0.00020725621163500253 4.8818235077830715e-05 8.430513604737009e-07 1.0956259328638099e-05 1.3008429009541094e-07 0.0 7.527374052583787e-07 2.1379882608630333e-06 1.0248640401750825e-06 2.172732896548018e-05 5.6222774580456954e-06 1.2620104558081839e-05 1.3182295697698078e-05 5.620208279959184e-07 1.0147073512613833e-07 6.114576618743403e-06 0.0
0.0001155245806068236 2.4461112875623546e-05 0.001610274110143292 5.041568554587716e-08 1.4520384973759734e-07 1.6318137738662576e-05 0.00032657098826333536 0.00014512151021576778 2.801081918602921e-06 2.0229925513451592e-05 9.642111022905602e-05 4.912999809906186e-07 3.732384044155691e-06 0.0002440033021379588 4.323970824813639e-08 5.434236907928394e-06 0.0 3.248338778134793e-05 0.0015768089092970563 4.6073521756482946e-07 0.0003785393264659837 8.393223771794537e-06 0.0020614535260240017 1.2751216491862303e-05 6.024060032471992e-07 0.002231005516112209 0.0035383525533071395 6.135198485954167e-05 0.00033265437553817786 0.0013477029813760315 2.5208096237006765e-07 2.0115124357713464e-06 1.812280630940521e-05 0.0015576570378414212 6.284197241411403e-06 0.0006420149856168968 0.0012059264526021452 0.0013422265890510993 0.0005612540985956249 1.7803358032570922e-05 5.080944787891374e-06 1.82304965878963e-05 2.9557656085774333e-06 7.463572313461091e-08 2.8070446272334012e-05 4.900239674961948e-05 0.0 0.0 0.0 7.430218692640743e-07 0.0 6.450401316017444e-07 0.0 5.122282692884407e-07 0.0 3.3624191683957034e-07 5.042688297596412e-08 0.0 5.019254050271155e-06 4.928670483813824e-05 7.7540063112169e-07 1.9634970235911075e-05 0.0 1.0086179895506776e-06 2.772774800585268e-06 1.6287346849869398e-05 4.34152712971442e-06 0.0 8.77608551880022e-05 0.00030044378024222273 1.933039004694476e-06 2.6393004599379116e-07 9.48675681753552e-07 4.3789125005323787e-07 0.0 7.592115121426469e-08 3.5385002950073662e-06 4.553537326650204e-07 2.5064639573753238e-05 2.5542962282998592e-05 2.186452570821065e-05 1.1002064082188084e-05 2.4158357642705974e-07 0.0 0.0 2.0687670836400964e-07
3.3762857780396387e-06 2.309935645675912e-05 2.6438718851130084e-05 1.336363916265033e-07 3.7733400964908764e-07 1.494900260076132e-06 5.17920974490152e-06 4.1489530703591765e-06 2.1747517112872833e-06 3.409801128858433e-06 0.0025623320726830268 1.4107619218328019e-06 2.9756022511148494e-05 7.494622421838429e-06 7.472728416993608e-07 4.731539312439999e-07 3.248338778134793e-05 0.0 0.0012653184709140138 4.922750133567143e-07 1.7353422963225144e-06 3.749198891023615e-06 6.216206088048146e-06 4.101456637849228e-06 9.364251066184853e-06 0.001890334682465753 0.0001679080435295293 1.859956444435747e-06 3.246855234496472e-05 1.6842591782715397e-05 1.2968094563997783e-05 7.701282933100073e-06 1.621703548199855e-06 0.0004890950954638524 1.9734083965500683e-06 0.00035357906553907457 0.0010041025795657094 0.0008074977692708086 0.00023500635972157732 1.3132216197004573e-05 2.54330008815995e-06 3.362098474735899e-05 1.446279734715615e-07 0.0 8.670266797958929e-06 3.7668444802104284e-07 0.0 0.0 0.0 2.502464543784874e-07 0.0 3.8735531849701633e-07 0.0 9.511502739568977e-06 0.0 3.537837980115209e-05 8.432884582157476e-08 0.0 1.1692328826088874e-07 1.4859700236506734e-06 9.311469527841377e-06 6.434763309828079e-06 0.0 0.0 5.843834462122347e-07 1.6309619560285454e-07 4.965434995319092e-07 9.468229332037017e-07 9.199955632829605e-05 0.00010768128220273443 0.0 1.3108952785199166e-07 0.0 2.5211946389407572e-05 0.0 0.0 4.151610019444705e-07 6.802335842659324e-07 2.7971708905525494e-06 2.2769741393032166e-05 2.927185490942223e-06 1.372861185144477e-06 0.0 0.0 5.547516260973741e-07 0.0
1.8253070784044478e-05 6.881433751276128e-05 0.0001622473278581511 1.944569579540799e-07 1.8500087028879618e-07 3.976298648819365e-06 3.203647412175693e-05 1.9050759492071948e-05 6.97004637191558e-06 4.626669063365482e-06 0.0017884012280333635 1.121255702181293e-06 1.3726954273916867e-05 3.519964299830939e-05 3.8461425033208653e-07 6.015481188742997e-06 0.0015768089092970563 0.0012653184709140138 0.0 6.643944559986989e-07 1.607592983264186e-05 1.1144233454198137e-05 7.444398671312537e-05 1.5745177353520663e-05 6.738615315342578e-06 0.003898240813455607 0.001639896018444306 8.278760173377985e-06 9.619600188347151e-05 0.0001423541462864186 3.047963768450982e-06 5.9365247997779274e-06 6.558323648795241e-06 0.002374921195975169 4.464547914886457e-06 0.0008152234770456295 0.0013605881138410872 0.0017046290970886531 0.0005227386820928672 2.6437548924449536e-05 2.633751762541759e-06 3.219455299059568e-05 1.0743288849690584e-06 9.769625300246158e-08 5.123983092188934e-05 1.0186159199355129e-05 0.0 0.0 0.0 2.5588495627076776e-07 0.0 1.970061276244084e-07 0.0 3.5125060605933235e-06 0.0 8.243947492367683e-06 8.807746501776885e-08 0.0 1.1498222537702332e-06 3.3881723001878456e-05 9.412522777762786e-06 7.382796239171697e-05 0.0 1.0840793967911136e-07 9.749514974070253e-07 2.460959429984929e-06 1.5881396149232727e-06 5.274246060377478e-07 0.0002616048994037927 0.00036676543717511297 4.814623653376162e-07 0.0 1.3456532526131366e-06 7.574494111244347e-06 0.0 0.0 3.169322836550942e-06 6.902517017540502e-07 1.828448080770922e-05 4.521393080669207e-05 1.6042045372467858e-05 9.18430444281926e-06 2.842124879229088e-07 0.0 1.225228526119328e-06 0.0
3.277812877189436e-06 0.0 4.490827475314737e-07 0.0019867173848270654 7.065329864665373e-07 0.00014819319096757606 4.642684041092431e-06 0.00011357651448123847 3.2249901725180624e-05 0.001192934579788061 4.885651889206875e-06 0.0026011367799351525 5.333260538418239e-07 8.12930113750332e-05 3.58736058224972e-05 9.95552772783674e-08 4.6073521756482946e-07 4.922750133567143e-07 6.643944559986989e-07 0.0 3.052047546837091e-07 6.602180396316821e-08 1.7012819645521972e-07 0.00040046980879324985 0.0 6.368995814813334e-07 3.7799184667604027e-07 0.0009827786932093462 0.00010575770519986686 1.4615191087044493e-06 4.396537181700641e-08 1.0062480082772074e-05 2.3067487401181175e-07 2.4940829415877988e-05 2.329241532609808e-06 0.00017265099905545135 1.4699991235834443e-06 9.271152716682445e-05 5.13023496384429e-06 0.00018276588864518054 2.1314574315242718e-05 1.755023725876475e-07 3.561440054965343e-06 6.033654219315392e-08 0.0 0.0 2.4807634815442835e-06 0.0 0.0 2.9097677943613548e-06 0.0 6.873710121508204e-06 1.7312594808784981e-06 4.0186694807659504e-08 2.0033187847441774e-05 0.0 1.0283881020130409e-07 0.0 3.0699131111059727e-07 0.0 0.0 0.0 7.264815900228636e-08 0.0 0.0 9.549524039558914e-08 3.052999909480231e-05 0.0 0.0 5.677210319708263e-08 1.3031820393030185e-05 5.010736882798756e-07 5.9406163038373847e-08 0.0 0.0 9.623640327378219e-08 1.7854992566682988e-07 0.0 5.561338833541726e-06 0.0 7.52775664681773e-07 0.0 2.2726030643765415e-06 0.0 0.0 0.0
1.400870472551586e-05 4.2311619050821355e-06 0.000619637793939788 9.195069851334292e-08 3.6891517664262354e-07 3.2045537443420634e-06 0.00023298982982991167 1.779016192577848e-05 0.00010331336844523717 8.946362451438722e-06 8.18582719645153e-06 1.1212569307625845e-07 1.1492887262954695e-05 2.9428981203475424e-05 0.0 0.001956309604932707 0.0003785393264659837 1.7353422963225144e-06 1.607592983264186e-05 3.052047546837091e-07 0.0 0.0001887188174291545 0.009125200178021167 0.000167414162063122 2.864344495010422e-06 4.790271082488398e-05 0.0005212547821106302 0.0009906761115564316 8.522194567305499e-05 0.0069751980927480845 1.0965519688177008e-07 8.327586790483031e-07 2.424632259476561e-05 0.002221160979521365 6.687092430861247e-05 0.004689197998324797 0.0005320189432799153 0.0031166852472735563 0.0020320631878121653 6.838105447190215e-05 2.193546786218344e-05 1.2360253165851293e-05 2.4487137876221936e-05 1.4826769904369711e-07 4.24345126722956e-07 2.613699065314107e-06 0.0 0.0 6.616597963794236e-08 1.065262449423635e-06 0.0 3.2401086360296132e-06 0.0 4.299294861814549e-07 0.0 8.196078268448091e-07 2.626590472878014e-07 0.0 0.0007859813694429635 5.515299428343975e-07 0.0 1.1326478826948343e-06 0.0 0.00018237900144198153 0.00011733976359393339 0.00014658023857808778 9.261383059284131e-05 0.0 1.075012673469893e-06 1.8587770982630284e-05 8.381429685446295e-05 2.226315102056894e-06 2.8255694736802612e-05 0.0 0.0 9.97686213419527e-07 1.7920290592377706e-06 1.459199561984287e-06 4.4348444909878595e-05 2.4290413381489022e-06 8.506140984824199e-06 1.2740271662516112e-06 6.387303742135734e-07 4.1447392615855925e-07 5.770824052421373e-06 0.0
9.293954780717368e-07 0.0009650916653554273 1.5683493160955133e-05 5.408158506472315e-07 2.3379422346315002e-07 1.0456162539577573e-06 1.5101754293158548e-05 4.97667345190446e-07 0.0018738065360919967 4.503048981404777e-07 1.4103258647586911e-05 1.1075073023494601e-05 0.00019491573572066702 7.147340580509177e-07 6.011456149824571e-06 0.0026072096316494854 8.393223771794537e-06 3.749198891023615e-06 1.1144233454198137e-05 6.602180396316821e-08 0.0001887188174291545 0.0 0.0004687155526603428 0.004226105288801172 0.00032562970385944964 0.00010527289698707773 0.0029236692564214967 0.00032490448943481157 2.799119010953388e-06 7.643910765712196e-06 1.9784148988857895e-05 4.293527096936922e-08 7.517327725688605e-07 4.51347911266803e-06 6.694491419644666e-07 5.7735173623479155e-05 2.0014000303877463e-05 3.0374235397015825e-05 2.286048394971477e-05 4.9627097537162196e-05 1.2373403305994155e-06 3.057163649323349e-05 6.555383624249794e-08 0.0 7.742229385529792e-06 1.3883004356584955e-05 1.4442513949663813e-07 0.0 0.0 1.6679357705610989e-06 3.2970594184817575e-07 8.20316367015814e-06 0.0 1.0174036149482318e-06 0.0 1.8609742631599052e-06 5.195652719028692e-07 0.0 0.0004649035713210046 6.179546354973026e-06 1.9465208101339153e-07 1.9014058883765215e-06 0.0 3.5348414921134866e-05 6.490867548856368e-05 0.00011488633880950515 5.509408381421335e-05 2.422902431038316e-07 1.0031286034843696e-05 0.00028022061792858105 2.943988215808073e-05 7.685806841380824e-07 6.659712168589566e-06 6.706493293769937e-07 8.311497061147851e-08 5.887248835522112e-07 2.4644700844222495e-06 6.405232026770837e-07 1.9637801392658497e-05 6.712840432496375e-06 1.3028650557373476e-05 1.069586675926177e-05 8.81212670768205e-07 4.194755064213048e-07 1.8948205376991784e-06 3.0967131546486153e-07
4.372668211769299e-05 5.511247253643576e-06 0.004249667047538558 0.0 1.5636894932052096e-07 1.0805814469173858e-05 0.0005466499049123517 7.338577073451155e-05 1.56333007488447e-05 1.986997541255314e-05 1.954114078941137e-05 2.052374820773732e-07 1.944103632891694e-05 0.00011571697026461271 5.309067669816375e-07 0.0021467839240612023 0.0020614535260240017 6.216206088048146e-06 7.444398671312537e-05 1.7012819645521972e-07 0.009125200178021167 0.0004687155526603428 0.0 0.000283870931288844 2.836128694156553e-06 0.0005166700578972418 0.004489087326682962 0.0017550411912257767 0.00012647109849964558 0.0018843969684730736 7.863854428566294e-08 1.1784258251329768e-06 1.438397822724671e-05 0.001896632022509024 5.124247951071903e-05 0.004806180595735075 0.0028966228591861412 0.004694964583491367 0.004012948427139326 0.00017227702696811473 2.5282577767655174e-05 2.5392031768670407e-05 3.2747775254351434e-05 0.0 6.758686574109201e-06 5.754486061118956e-05 0.0 0.0 0.0 2.0955188952211155e-06 1.6677450526851557e-07 9.976381105880697e-07 0.0 2.183433091746746e-06 0.0 0.0 1.882542347155808e-07 0.0 0.0015926163553821977 1.0924812831235681e-05 5.648567773172063e-08 1.851037342720009e-06 4.281465232626079e-08 5.533773883772843e-05 0.00022660112044320147 0.0008279909925683786 2.6933780585699466e-05 6.534243909286874e-08 3.411528381334343e-06 0.0006640476669365294 2.345971732071481e-05 7.4093686719811e-07 4.193013688586438e-06 7.230849501430317e-08 0.0 4.071654723790611e-07 6.8121964656184255e-06 6.825947809986981e-06 8.440158973243963e-05 1.4293704472096699e-05 4.8600922818425925e-05 4.279939408082059e-05 1.875819387994977e-06 8.451884720956947e-07 1.156488433290355e-05 9.853919996673043e-08
3.654669243210062e-05 0.0004964942083782565 2.502522201141767e-05 0.001097563725603706 4.6038710551245975e-06 6.343529040232039e-05 0.000693159143917816 8.784294205374948e-05 0.006453559973934574 0.0007990910720575201 1.0615580056571436e-05 0.0011822320569037225 9.14094328027137e-05 0.00010197788322654518 0.0005431941928517419 0.0006695859843887799 1.2751216491862303e-05 4.101456637849228e-06 1.5745177353520663e-05 0.00040046980879324985 0.000167414162063122 0.004226105288801172 0.000283870931288844 0.0 0.00012867781304452662 0.00010503535876358889 0.0016747103558515126 0.00424379848910653 0.00033470637597370675 0.00019808886909986284 1.0614090628655932e-05 8.066831158732689e-06 4.557082588709831e-05 6.726934586832695e-05 2.4839282010638295e-05 0.0014555053425008163 5.0219683541800454e-05 0.00022469640387136225 0.00010354052668055084 0.0010506932926060975 3.821792703566458e-05 1.448382662631189e-05 1.283070334385883e-05 7.448029852526079e-06 3.1222969875698786e-06 3.2506417319976004e-06 1.0291059129920599e-05 0.0 1.3474865246445589e-06 0.00023492019788043183 5.992272140737368e-06 0.0003306468245428736 2.081448154028563e-05 2.9654594839087917e-06 1.58560881604821e-05 8.388818027632023e-07 2.601531306888484e-05 1.9061138635366897e-06 0.0005414281548945892 2.485130091887714e-06 6.807513777834147e-07 1.908636325399308e-06 7.319399486929457e-06 0.0001490211591314623 0.00012354037843566993 8.509745167133743e-05 0.002018912982226131 9.08110104281855e-08 8.359577837173271e-06 2.9537772630231338e-05 0.0007353776834880039 9.29564628037087e-05 0.00012160117386033032 4.3044317335966655e-07 2.3347267459270458e-07 2.925624129407645e-05 3.865698595446518e-05 4.785225064477242e-06 0.0003241600360100828 6.770914632632793e-06 0.00011744130473082592 1.6815632554883284e-05 5.689971950348766e-05 8.089568531137173e-06 6.122606179641634e-06 1.0464332051749444e-06
