0.0 6.130386075374295e-08 8.772196458766695e-06 2.372780765989267e-06 1.6726846621803915e-07 6.381988169071773e-06 0.001325616839073946 0.00021675729456299123 8.413847832959518e-07 1.808798958914301e-05 2.08466826584281e-06 1.683487002571278e-06 3.3587821206922794e-07 0.0033429028356001555 2.0667874378372924e-07 2.7295929006921968e-06 0.00011746970325014373 2.2382690417953975e-06 1.1384152578488958e-05 1.885230115936249e-06 2.145998782738512e-06 5.616757561500971e-07 1.0412436655744297e-05 3.928815367406442e-05 0.0 2.4361669849886953e-05 1.3718484411718533e-05 0.00010508737340031772 0.0019696480174080364 0.0012006410859286161 1.0119562523757099e-07 1.796043536255216e-06 6.796364830047962e-06 3.5395794198969463e-05 6.995938852124107e-07 9.02249473658307e-06 2.0392156230860136e-06 3.4597798053399854e-05 4.937550177693825e-06 6.731855530752022e-07 1.058984463241547e-07 0.0 0.0 0.0 5.3733338940181416e-08 3.181812633217508e-07 7.143143944756564e-08 0.0 0.0 9.375850719856089e-07 0.0 6.35068970103214e-07 0.0 0.0 0.0 0.0 0.0 0.0 1.2782300869820114e-06 0.0 0.0 0.0 0.0 1.2701048310534827e-06 1.5031487593661203e-07 5.038864434201825e-07 1.7054944877142502e-06 0.0 2.6856866888854223e-07 1.342873242867696e-07 1.6533564900763093e-06 0.0 0.0 0.0 0.0 0.0 0.0 2.894132827968468e-07 5.188997876398006e-07 0.0 0.0 1.6400534895967751e-07 0.0 3.828191495114219e-07 0.0 0.0
6.130386075374295e-08 0.0 9.204988068516539e-06 0.0 8.744109937501607e-08 0.0 1.3261893695124525e-07 0.0 5.603429062950394e-05 4.937233416108697e-08 2.8230316095249712e-05 9.958004136052594e-08 0.0004673708224176678 1.0229755575112827e-07 1.4951226652323302e-06 2.346660357262417e-05 2.7572354855676285e-06 3.390856583024923e-07 1.9257483431443257e-06 7.667880236281611e-08 1.0817628780894407e-06 0.0018074106370992795 1.2575336343637257e-05 0.00030428799464242944 0.0007236002942416911 7.498782923639954e-05 0.004734069765174621 4.607698872777772e-06 5.204911885031805e-08 1.446903116517958e-07 3.5553709329480525e-05 8.244343169660537e-08 0.0 4.829916944286626e-06 0.0 6.196134617053261e-06 5.8272299034343424e-05 2.0537903688498144e-05 3.848978595970452e-06 6.009267319097362e-07 0.0 6.919382888110886e-05 0.0 0.0 6.200157425285369e-05 1.9609140541242664e-05 0.0 0.0 4.903585065974275e-08 9.461727358505281e-08 2.394398404069996e-07 1.9249003599127446e-06 0.0 2.3019849441794585e-06 0.0 5.299967884476253e-06 2.611546325913958e-07 0.0 3.406153508677825e-06 1.194752027388693e-05 1.398979570099702e-07 5.6328707457110265e-06 0.0 9.179712634245728e-08 0.00037603359563629784 1.960511202430469e-06 3.7775322033660104e-06 7.008582122951116e-06 6.641778106593334e-05 0.0010447049599199868 5.003698798165165e-07 2.9048334663818073e-07 0.0 1.6994791178820621e-06 0.0 0.0 3.0216077369566734e-06 1.6469096954381076e-07 1.5101653694686206e-05 1.2315988704008553e-05 1.8105715667160737e-05 5.972089045733227e-06 1.6921066474955348e-07 0.0 2.8478251375897016e-07 0.0
8.772196458766695e-06 9.204988068516539e-06 0.0 2.0398651683410027e-07 9.447260149645158e-08 3.853166484530062e-05 0.0003608156814742868 0.00010525932344711859 9.660731748530943e-08 1.7976317054854046e-05 5.2448248190204996e-06 3.652889811206252e-07 3.022447243708664e-06 6.622160357593442e-05 0.0 7.829279341901983e-06 0.002232296061378217 1.0553726045220356e-05 8.661641096482582e-05 6.416728576928498e-08 0.00036748793568209073 2.75095771406242e-05 0.004837344217018841 2.636053403795472e-05 5.822545344053297e-07 0.0027181189333949397 0.001788678410227456 0.00041657041486440087 2.9487382357276297e-05 0.0004907241998226092 2.2097237217045831e-07 1.1957505562899625e-06 1.7081161575364216e-06 0.0004914309781691808 2.1127360173658008e-05 0.0009983603337330384 0.0012605601656139557 0.0012990566309370234 0.0007683279135561735 2.5096922020658738e-05 2.282893659899824e-06 2.280857297107141e-06 4.361028311284863e-06 3.750673320108442e-07 7.484497468015305e-05 0.00014765407609319345 0.0 0.0 0.0 5.535630630821978e-07 4.643613054144446e-07 1.046224998772953e-06 0.0 6.025623019766754e-07 0.0 4.40014094963539e-07 2.2078783025603288e-07 8.000323111431303e-08 9.820944478336903e-06 3.0195541407591612e-05 3.9720196040328414e-07 1.7501185378274906e-06 0.0 7.0524112536205495e-06 4.958756346392245e-05 1.8754449791290975e-05 7.581355791850443e-06 4.5224697638037357e-07 2.596926097861416e-05 0.0009755321068508618 5.948119549421707e-06 1.119628330069089e-06 1.5890596825944609e-06 2.2065799693719336e-07 0.0 0.0 2.806125307270934e-06 5.707522158753036e-06 6.241251007449569e-05 3.8547198808664534e-05 4.358541326372921e-05 2.4998656022965067e-05 1.078675913042346e-06 2.5718013792632153e-07 1.2047588491839574e-07 5.157710555185414e-07
2.372780765989267e-06 0.0 2.0398651683410027e-07 0.0 4.358468824664524e-06 0.0001127540309842922 5.91203623447931e-05 3.8133947858888474e-05 0.0005343119961051966 0.0012630221248105301 1.0145462488004362e-06 0.0024306572554383806 0.0 4.206934625874703e-05 4.234147040652432e-05 2.529323132800131e-07 2.3598418202499489e-07 9.870375402366689e-07 1.2195146922322967e-06 0.004971582703111939 0.0 1.6148942410787857e-07 4.406843955631549e-07 0.0009032894968046968 0.0 7.667642863298025e-07 2.577638218421042e-06 0.002041420430851883 6.151459990085883e-05 4.2485434312669244e-07 5.8711627863717306e-08 2.271863988925088e-06 2.388861412981949e-06 2.241491818663014e-05 2.205905416727181e-06 7.87838392856744e-05 3.1547944994308707e-06 6.109178727305286e-05 2.0366755467756157e-05 2.943641141586364e-05 7.808154830614345e-06 1.4685427918678665e-07 1.1597329176951978e-06 0.0 0.0 0.0 9.061650307573007e-05 0.0 1.398225232048456e-05 2.1965973842339462e-05 2.5897754919324396e-06 9.029740273166878e-05 8.231145257806004e-05 0.0 6.686606329421966e-05 0.0 3.330332152121991e-07 8.911843493836639e-07 1.4405775879981912e-07 0.0 0.0 0.0 7.834676065199758e-05 0.0 2.403961403468275e-07 0.0 0.0002030311406688279 0.0 3.5188963119160494e-07 4.393598953363226e-07 0.00014003008146326053 2.5322480191953714e-06 0.0 0.0 0.0 2.4990598523651896e-07 6.822686709193238e-07 1.7425147609188036e-07 4.21828627645916e-06 0.0 3.28064861795615e-06 9.308936782537183e-07 6.2247474373745155e-06 2.2152820992385755e-06 0.0 0.0
1.6726846621803915e-07 8.744109937501607e-08 9.447260149645158e-08 4.358468824664524e-06 0.0 9.804448996614133e-05 2.2832372709016898e-06 8.610719554131232e-06 0.00015509665548185412 2.604227810745817e-06 5.047884392609261e-05 8.793520525080262e-05 8.949579191385113e-06 1.5396149374457915e-06 0.0008013324223727158 0.0 1.989608708564676e-06 1.0645228064641693e-05 1.5190582378757637e-05 5.508792526575335e-06 7.21570955216193e-08 4.621746628035024e-06 2.2423722495744704e-07 2.2600424987917732e-05 7.141644290247426e-08 7.845155279348717e-06 3.3481440204752645e-06 5.747529517332195e-06 2.582100028619373e-05 1.3100598871108339e-06 5.825277184443837e-07 1.282486627137535e-05 0.0 0.0008369497147616973 0.0 1.1670387706042508e-05 1.3418501014094254e-06 8.89679979403802e-05 2.1021510109138714e-05 0.0013877351493092461 9.381541432236772e-05 4.266975628828503e-06 1.1960515442864996e-07 0.0 0.0 0.0 6.421897296730641e-07 0.0 9.527366313384592e-07 7.714281171880256e-08 0.0 3.898787955961756e-06 1.3356205397339708e-06 0.0 9.476319241430956e-06 0.0 0.0 0.0 1.5802202724134153e-07 0.0 0.0 0.0 1.464650001157296e-06 2.658387967452383e-07 0.0 0.0 2.8818572052148084e-06 0.0 0.0 0.0 1.1721145220822246e-06 7.747997759844786e-08 0.0 0.0 0.0 0.0 0.0 0.0 1.3708940940961692e-06 9.62719739107226e-08 9.758984126269278e-07 8.159202079598577e-08 2.7881813375784564e-06 0.0 0.0 0.0
6.381988169071773e-06 0.0 3.853166484530062e-05 0.0001127540309842922 9.804448996614133e-05 0.0 0.003845466750570967 0.004490313432187765 0.00020723182781329967 0.004033254226976433 4.9151232582754614e-05 0.0032056907459988774 2.3280578806762214e-05 0.00041916266641924807 0.0006562707489989128 7.784843032597978e-07 3.21345263159685e-05 1.9254930737050862e-05 3.31186636222052e-05 0.00011157383794327852 1.0841009017904428e-05 2.5119775970445745e-06 5.709164616896436e-05 0.00013550149161019388 2.577677879194554e-07 6.103783253588122e-05 1.5346267635034094e-05 0.0006793706962936318 0.00033039518286951997 0.00015058035136099535 9.736279585775152e-07 0.0002863928143042692 2.760474325147127e-06 0.0004375882583379867 5.423422472954862e-06 0.000129185244283365 1.225329154509545e-05 0.00034749953290992526 0.00011883686653751602 0.001397355397320256 0.00027118214812396515 1.9063461341778876e-05 2.8016858999861107e-06 2.612232490822979e-07 0.0 0.0 2.08894352051907e-05 0.0 5.088082621865759e-06 3.623134975971163e-05 1.867973656187478e-06 3.521578445188958e-05 1.571821348470008e-05 1.1065299799697555e-07 4.92709216933806e-05 1.1093540005966961e-07 1.8719243741103608e-07 2.953009532215305e-07 1.747016801065149e-07 0.0 0.0 0.0 1.902572036664563e-05 1.4487621358956355e-06 1.9038599152651718e-07 2.293211247423248e-07 6.751734703217895e-05 0.0 0.0 5.793533931972141e-07 7.380809976691529e-05 1.1108298941411763e-06 0.0 0.0 0.0 2.1836590005692397e-07 7.343338039656103e-07 2.709048087521073e-07 1.4586253383581863e-05 7.20210963428937e-07 7.083207368954694e-06 1.5258257720095928e-06 1.0895385165093018e-05 2.173815665965086e-06 1.668257782256749e-06 0.0
0.001325616839073946 1.3261893695124525e-07 0.0003608156814742868 5.91203623447931e-05 2.2832372709016898e-06 0.003845466750570967 0.0 0.0031908567725323096 4.489280637699548e-05 0.00790167400991015 9.65115780741355e-06 0.00016562894274310753 3.143758844826754e-06 0.004940135689690076 1.2727698192757475e-05 1.4608371398232079e-05 0.0001780512251443075 5.503546761135298e-06 1.8751373393246593e-05 4.369139699550785e-05 0.0003013493756797078 1.2458271577125277e-05 0.00047215920537717354 0.0007483780797601276 1.4115166660185668e-06 0.0003243360808359358 0.00022348948644707997 0.011045089198972204 0.0007635282638209279 0.002373528604619914 3.6101851965888286e-07 1.8867904883088443e-05 4.617501309255391e-05 0.00024601990248608986 4.944379231189787e-05 0.000910908711792735 3.3016919199149444e-05 0.000611630801321173 0.000296449960919416 0.00015120394903908715 6.71601724717661e-05 9.704652692609136e-07 1.594109935212519e-05 8.032189310328698e-07 3.246806208110536e-07 2.913623508662178e-06 2.1526534128463827e-05 0.0 4.02787760078461e-06 0.00010014364143137388 3.4430485753250832e-06 1.8615962310229397e-05 2.231202853556597e-05 0.0 5.888256374647615e-06 0.0 7.897413994835824e-07 5.629331860842584e-07 6.117097621780163e-06 5.298540696176064e-07 0.0 3.410527537810389e-07 2.6941666261218273e-05 4.720818431670256e-06 3.895284349657046e-06 2.0328896054627256e-06 0.00022675637106870936 0.0 1.1954761573808697e-06 9.296627585193358e-06 0.0002198169378889544 5.563909168607744e-06 1.7945038778112235e-06 0.0 0.0 1.9940958073872946e-07 3.635593667017669e-06 2.5502035695970522e-06 5.0550062715950755e-05 9.425675853435987e-07 2.367452030053267e-05 8.389991213063279e-06 3.7166378208699144e-06 5.858688579699297e-06 7.539686991994653e-08 0.0
0.00021675729456299123 0.0 0.00010525932344711859 3.8133947858888474e-05 8.610719554131232e-06 0.004490313432187765 0.0031908567725323096 0.0 4.213688644184911e-05 0.0010094179682510593 8.631494187975349e-05 0.0008370772623893351 5.354260624525657e-05 0.0028657120480274556 0.00019014566989556983 1.9792906556040293e-06 0.00031977217138572133 4.260511016622315e-05 7.690702189231748e-05 0.0001349562411967437 1.906369176475919e-05 3.031198451958251e-05 0.00012079286218634308 0.0001685483434281866 1.042516899863371e-06 0.00018031475248991727 5.573878495884771e-05 0.00046237472986165087 0.0011763460661920306 0.001357112884346864 1.6086950314323887e-06 8.163417775271174e-05 1.8163385871349855e-06 0.00025939669122928064 1.0475619608842043e-05 0.00028157552731062735 2.9516437153628746e-05 0.0005272098565841601 0.00018418602620334562 0.0006822253903300877 0.00015646409620136617 3.7008250909813416e-05 3.526872722598506e-06 0.0 1.380784564080082e-07 1.279486396711332e-06 2.9960797438267917e-06 1.3198941732998274e-07 6.436196553752259e-07 4.3085680358418283e-05 4.157945089768566e-07 1.0596805983680922e-05 2.1910854143410043e-06 1.895589805806412e-07 1.8556689554405474e-06 1.307242051276819e-07 6.660531141865687e-07 0.0 2.786652818072743e-06 6.024357188296286e-07 0.0 9.668887944201636e-08 2.3995529004261636e-06 4.817709050537639e-06 1.4456976341111117e-06 3.238206427100293e-07 0.00010297229628657639 0.0 4.638059125874753e-07 1.3790476943626856e-06 7.743214317536901e-05 8.632441016267692e-07 1.6939519009756924e-06 0.0 1.3103447425799055e-07 0.0 6.740659394151281e-07 1.1261209584405788e-06 1.7684355487485272e-05 3.1177895935434338e-06 1.0739527582657039e-05 5.690223304773162e-06 1.49440051571498e-06 2.060932994897051e-06 2.412723298629821e-06 8.428466032810198e-07
8.413847832959518e-07 5.603429062950394e-05 9.660731748530943e-08 0.0005343119961051966 0.00015509665548185412 0.00020723182781329967 4.489280637699548e-05 4.213688644184911e-05 0.0 0.00012105545416007715 3.5428681433024477e-07 0.0007316100744497753 2.5880553542887623e-06 1.0923682083704696e-05 0.0005939579546328398 7.1499203872799455e-06 1.6456014224039385e-07 3.279790402994435e-07 5.255868543832733e-07 0.00031556549069963426 3.621996257772848e-06 0.001487492350008301 6.582012434606391e-07 0.0047871423723562165 1.0355964660519328e-05 2.2491766222756018e-06 0.00018272276061365224 0.0006135943546686239 1.138498321826742e-05 2.3672568899755054e-06 6.781647610400343e-07 2.768770392592012e-06 1.0050490219927406e-06 6.901164674918017e-06 5.317623567086239e-06 0.00014355253294640342 1.9676614344319133e-05 2.3011622188059768e-05 1.1975472086575493e-05 0.00020027812901422332 4.452682516844879e-06 0.0 1.6325065118067934e-06 5.973935379974391e-06 6.118306717242061e-07 7.159241943091132e-06 6.278371696762736e-05 0.0 5.8782588974906925e-06 2.7874361812625234e-05 2.4034522348685346e-06 0.00018451309281708003 4.602244162707498e-05 5.486496277079496e-07 0.00012574408245248742 6.809683418730073e-08 2.4295971847590486e-06 6.617832222937665e-06 8.958065973704195e-05 8.775915195677886e-07 0.0 6.008762595817537e-08 5.505912094957e-05 5.104601168369548e-05 1.7621790997902557e-05 5.860943512600646e-06 0.0006779504536578941 0.0 2.057686404604479e-06 8.323504444560863e-06 0.00017656181419056338 1.6573972456466124e-05 1.681304741775681e-05 0.0 0.0 1.0686836779707536e-06 1.7898514580537236e-06 3.056094757633839e-06 8.278302043337987e-05 2.6802776378122583e-07 1.5144164241703672e-05 8.428018183592357e-06 1.770206342922885e-05 3.1977490262262125e-06 1.5932657677772872e-07 5.393234490796038e-07
1.808798958914301e-05 4.937233416108697e-08 1.7976317054854046e-05 0.0012630221248105301 2.604227810745817e-06 0.004033254226976433 0.00790167400991015 0.0010094179682510593 0.00012105545416007715 0.0 9.669938787063424e-06 0.00380785999878016 3.0117648283459096e-06 0.000949803388313713 1.813980312181535e-05 1.1928791083989035e-06 8.184028110564547e-06 9.640208349416449e-06 1.4714303663698165e-05 0.002092853995221089 8.745904079663692e-06 8.80609895734664e-07 2.093325516516909e-05 0.00024185818845924456 1.4272571691222545e-07 2.2988246936750162e-05 1.1488702530903015e-05 0.0022711875829369253 0.0006278408982070881 5.5230598309371744e-05 1.6298174995295078e-07 2.3301708662689148e-05 9.209862375609011e-06 0.00021000729636029642 1.1231851054766065e-05 0.00036786919959678875 1.4776006609259706e-05 0.0005196163893821192 0.0001239060862785582 9.251855726023523e-05 4.728369945106529e-05 1.2423884467675666e-06 1.028343275786877e-05 0.0 0.0 0.0 9.34525908687142e-05 0.0 9.868807884743849e-06 3.809381861097833e-05 3.5977777564915577e-06 5.927920478797151e-05 0.00011690741694685577 3.492540731960338e-07 6.905508101947625e-05 0.0 2.775556621130223e-07 6.519533561806356e-07 5.152652751440076e-07 0.0 0.0 0.0 7.98148649901685e-05 7.254706249311406e-07 2.6723559357253874e-07 0.0 0.0002284386782549756 0.0 1.2832833941304537e-07 5.129599488023399e-07 0.0001870012110726039 2.1326251028556396e-06 0.0 0.0 0.0 2.0143013838775707e-07 1.9355596217458605e-06 3.578790075382195e-07 8.646090657035422e-06 1.6349223203231085e-07 7.97480271518355e-06 2.013982977484631e-06 4.368933825622903e-06 1.8128289932565104e-06 6.830330687255946e-08 0.0
2.08466826584281e-06 2.8230316095249712e-05 5.2448248190204996e-06 1.0145462488004362e-06 5.047884392609261e-05 4.9151232582754614e-05 9.65115780741355e-06 8.631494187975349e-05 3.5428681433024477e-07 9.669938787063424e-06 0.0 1.6205383119164934e-05 0.0011422079290881984 9.746337873882977e-05 9.7158128122265e-07 6.197454159190354e-07 0.00041480179140247357 0.0027199548244002548 0.000951593983623281 3.433509092339701e-06 8.925808357880028e-06 5.95510261057253e-06 5.2214607598983515e-05 5.115324346960931e-06 0.00019084147572133553 0.0014373730348911484 0.0003455631125251461 6.5219104471488225e-06 0.00019212492418790473 1.9341898877264312e-05 0.0004400953515421508 0.00022460801469655124 6.62834211492174e-06 0.0029647071992482477 1.4009605892510977e-06 0.00017716112002551186 0.0014699205599451395 0.0016363366069993143 0.000314921254083554 1.6517287397491498e-05 2.8611216795361127e-05 0.0002786989947506287 8.211825753089659e-07 0.0 5.03109138803063e-06 5.985514479868635e-07 0.0 0.0 0.0 7.158239888305678e-07 0.0 2.4549334059200197e-07 0.0 0.00014407199394483546 0.0 0.00039011342886243925 5.5024457851624885e-08 0.0 1.92059798444618e-07 0.0 1.1549807018861333e-05 3.108721310524691e-06 0.0 1.0902303289862507e-07 2.277128147024189e-06 0.0 1.9628050387837485e-06 3.9116446968099e-05 1.5880667708893673e-05 4.9787984431857385e-05 9.383614133843403e-07 5.723089061661416e-08 0.0 3.913385211137413e-05 5.703105632835406e-08 0.0 1.3595096495149886e-06 6.743142856728985e-07 3.5394701439146947e-06 0.00012544827091857692 1.3763358792114315e-05 1.19207993690996e-06 0.0 0.0 8.176392182988041e-05 0.0
1.683487002571278e-06 9.958004136052594e-08 3.652889811206252e-07 0.0024306572554383806 8.793520525080262e-05 0.0032056907459988774 0.00016562894274310753 0.0008370772623893351 0.0007316100744497753 0.00380785999878016 1.6205383119164934e-05 0.0 3.354916786833466e-06 0.00039124757360754943 0.00041866035555182567 2.143650805780833e-07 3.304127417214657e-06 1.148390491050956e-05 1.9464216595882596e-05 0.003868672347969696 2.1247632449513376e-07 9.813024645887687e-06 7.643637031328067e-07 0.0005097105332111609 3.82200027284389e-07 1.1068522396306854e-05 6.267753923530326e-06 0.0008490412918122328 0.0003196965668795231 3.4318420815939285e-06 5.640275473263715e-07 4.448179901213019e-05 4.077393841823949e-07 0.00011126377613369753 5.865156437344021e-06 0.00011720833211430048 4.248956278027861e-06 0.00028167217893142524 3.392748386143928e-05 0.00037862218392803974 2.6214478354376922e-05 2.676443239751223e-06 1.4089158777612862e-06 0.0 0.0 0.0 8.606982100332677e-05 0.0 1.9308959348576262e-05 4.900074785773116e-06 5.623725866714081e-07 0.00017259869333601308 4.4884136567405136e-05 0.0 0.00020543518904594677 0.0 8.350612111902741e-07 4.124788146676139e-06 9.445084427848097e-08 0.0 0.0 0.0 5.933131838171034e-05 3.684979696077377e-07 4.7054665055374076e-07 0.0 0.00010076621571162246 0.0 0.0 3.0459025186655077e-07 8.912033177254619e-05 0.0 0.0 0.0 0.0 1.2731999728070407e-07 5.849059014889403e-07 0.0 2.6764173914189524e-05 1.0120371516760318e-06 3.4865477465030556e-06 3.7396415112779876e-07 6.003957052735897e-05 1.2922275671304435e-06 1.2622051622914093e-07 0.0
3.3587821206922794e-07 0.0004673708224176678 3.022447243708664e-06 0.0 8.949579191385113e-06 2.3280578806762214e-05 3.143758844826754e-06 5.354260624525657e-05 2.5880553542887623e-06 3.0117648283459096e-06 0.0011422079290881984 3.354916786833466e-06 0.0 1.3441535577189976e-05 5.957327112557159e-06 1.0141151356007e-06 2.3076794778786293e-06 1.7957516132402494e-05 8.57011275974181e-06 1.3048008369880333e-06 7.501917274140705e-07 6.30332624165135e-05 3.4276538960222603e-06 1.3969925909852258e-05 0.003238855522044769 0.0001224716679633261 0.0014825676320216143 7.021833637396174e-06 8.908622147596826e-06 3.1082581137116525e-06 0.0004600417708867867 6.256808467110029e-05 0.0 0.0005441938039355669 8.180601542008962e-07 0.0017624315484550959 0.003025225873659109 0.002902338163538704 0.00037780455078093565 6.321549917026134e-05 0.00018654796003374707 0.00039199337066487345 4.227644779308185e-06 0.0 1.4797791666687203e-05 2.5570703700517765e-07 0.0 5.203821026402012e-07 1.486053652502687e-06 3.395543733076881e-07 3.3824438525568486e-06 3.640796134962843e-07 4.452394245539919e-07 0.00028135207388589736 8.194395878531594e-07 0.0008340369114914751 1.8392915764408483e-06 1.8296654353556084e-07 5.543078691368981e-07 1.2996992072004764e-07 8.548873451124252e-06 1.0079955433300711e-06 0.0 1.4341862395552423e-06 4.470321396382247e-06 8.32081134984692e-08 3.088924068420921e-06 6.167865073250167e-05 2.7585029764401292e-05 7.890693475383624e-05 1.4411016229783758e-06 1.3146724843751083e-06 0.0 9.115843332036268e-05 3.238541257905058e-06 0.0 1.1874288913755821e-05 5.68679592367463e-07 0.0001746272512750193 0.0002630688209254608 0.000215191049177299 3.8189710756560245e-05 4.8779782719559565e-06 2.0119816297708754e-05 0.00013308981210581302 4.0233116142971226e-07
0.0033429028356001555 1.0229755575112827e-07 6.622160357593442e-05 4.206934625874703e-05 1.5396149374457915e-06 0.00041916266641924807 0.004940135689690076 0.0028657120480274556 1.0923682083704696e-05 0.000949803388313713 9.746337873882977e-05 0.00039124757360754943 1.3441535577189976e-05 0.0 1.5316945713215252e-05 4.614905454238232e-06 0.00047791648443562074 5.2807008582012106e-05 0.00012909384957483417 0.00010324974912256262 9.349814974160055e-06 2.3226399038582157e-05 7.658313861674594e-05 0.0002258606238962336 7.397166051682892e-07 0.00016209086916527368 7.117856103822703e-05 0.0005740743893112941 0.0027930185529412782 0.0022930622123379543 1.916898302850439e-06 0.00010176524798719329 6.980964935959389e-06 0.0003232468305757428 5.113063580316764e-06 0.0002538240925962208 2.5011149904221118e-05 0.0005438785365064783 6.581984641693177e-05 0.00013841257386711946 2.720187282974205e-05 1.0979634449825565e-05 2.132714048697778e-06 1.4606333568128832e-07 2.420423523597575e-07 1.0368639044641363e-06 6.88684194487172e-07 0.0 6.02378312275904e-07 1.796140362186198e-05 0.0 6.521879010414377e-06 2.126197509475067e-06 0.0 1.0116635791390499e-06 1.6496548284001803e-07 1.5016990407488435e-07 0.0 4.454411154634447e-06 1.1609033818676089e-07 0.0 0.0 8.366335370162887e-07 4.958228673901834e-06 8.66557876599126e-07 6.688298061589716e-07 5.3236534652652287e-05 1.702865820556206e-07 6.388693399700082e-07 2.403916808271325e-06 3.536241681218633e-05 1.4764588377091663e-06 5.566576644552519e-07 0.0 7.4327476623764e-08 0.0 1.4740486578277394e-06 1.220807566394284e-06 1.4762622934309696e-05 6.700967065573004e-07 3.523041700929527e-06 2.736539949624008e-06 1.1586330974266756e-06 5.395694918175603e-07 7.21857258273915e-07 9.239798528619661e-07
2.0667874378372924e-07 1.4951226652323302e-06 0.0 4.234147040652432e-05 0.0008013324223727158 0.0006562707489989128 1.2727698192757475e-05 0.00019014566989556983 0.0005939579546328398 1.813980312181535e-05 9.7158128122265e-07 0.00041866035555182567 5.957327112557159e-06 1.5316945713215252e-05 0.0 0.0 0.0 6.412898462467664e-07 8.204384634657165e-07 3.551369419257761e-05 8.148554611471357e-08 4.5389117439121946e-05 1.5178555500644458e-07 0.00021618323208658902 2.5406515592504886e-07 2.6921330733077663e-07 8.517343293957282e-06 4.3136692467358846e-05 1.835413592156097e-05 3.377397874072473e-07 6.18122759762835e-08 8.827660250307173e-05 8.076867023775964e-08 1.6361321833619848e-05 0.0 5.2287897454318125e-05 4.803699082471858e-07 2.1263160740854186e-05 3.034722633743713e-06 0.0006332308944223514 3.774725158575673e-05 7.73897782313146e-07 6.786248260127773e-07 0.0 0.0 2.462846785358247e-07 1.2160946192870376e-05 0.0 5.268157703709684e-06 1.1261098273910657e-06 9.488889959272588e-08 5.667223145376971e-05 1.4068566612120899e-05 0.0 6.669677681447977e-05 0.0 0.0 4.1427909271227754e-07 1.2292867794419257e-06 0.0 0.0 0.0 1.1361115076827724e-05 1.147659140865252e-06 4.1776857812497753e-07 0.0 1.959000423971707e-05 0.0 0.0 2.451460060923552e-07 9.65536573067897e-06 1.0726508045279294e-07 0.0 0.0 0.0 9.234291854061224e-08 0.0 0.0 1.0252917770561535e-05 0.0 3.08439232312437e-07 7.09878541080135e-08 2.8193020859089263e-05 0.0 1.1403451775153736e-07 0.0
2.7295929006921968e-06 2.346660357262417e-05 7.829279341901983e-06 2.529323132800131e-07 0.0 7.784843032597978e-07 1.4608371398232079e-05 1.9792906556040293e-06 7.1499203872799455e-06 1.1928791083989035e-06 6.197454159190354e-07 2.143650805780833e-07 1.0141151356007e-06 4.614905454238232e-06 0.0 0.0 6.224873531418046e-06 1.8599185787256146e-07 1.8929331098610395e-06 0.0 0.001182725463792742 0.0011706369506562784 0.0025093873161114843 0.0013341186450163134 1.0386312405977043e-06 1.9011628442184815e-05 0.0026222424817487384 0.000961812595933126 3.583675607794941e-05 0.00019473725550919426 0.0 3.2301714817705045e-07 8.714842195730998e-06 5.5862931163372986e-05 6.13098471560246e-05 0.0013892819426613114 0.0005792279195696745 0.0006319202475400152 0.0006155160463279895 4.677449053183975e-05 2.5994937501439463e-06 1.4241380297410432e-07 1.375712713991574e-05 3.0852381172232506e-06 1.6035909245721548e-06 2.4228049280199264e-05 7.391924873560568e-08 0.0 2.1426341015560162e-07 4.061666272352916e-06 1.2296662882756888e-06 2.6136743944337356e-05 5.268515932595849e-07 0.0 9.80042208109575e-08 7.454698944002537e-08 1.9995938831902616e-06 7.418770779797267e-07 0.0023362117469992757 3.964402522719474e-06 3.5313826515113376e-07 4.252540945352607e-07 2.995354774075422e-07 0.00034718935249668454 0.0009722083878082973 0.0005887865443589967 0.0001415828842922497 9.182775842272553e-08 5.919964604940493e-06 0.000395809838111898 5.712539879281419e-05 1.6804100164193505e-05 2.542544995738595e-05 0.0 0.0 4.0351881522429823e-07 2.965269925705262e-06 7.075934715130523e-06 0.0003241265253430099 8.69014595390677e-05 2.965323519223705e-05 5.083303009159563e-05 3.2924630358103095e-06 3.16374601687246e-07 1.3203984626974956e-07 4.809797177853811e-07
0.00011746970325014373 2.7572354855676285e-06 0.002232296061378217 2.3598418202499489e-07 1.989608708564676e-06 3.21345263159685e-05 0.0001780512251443075 0.00031977217138572133 1.6456014224039385e-07 8.184028110564547e-06 0.00041480179140247357 3.304127417214657e-06 2.3076794778786293e-06 0.00047791648443562074 0.0 6.224873531418046e-06 0.0 0.0001611207294713223 0.001463055738083771 4.714288670874913e-07 0.0006806672371740035 3.973762279882371e-06 0.002997968505278047 7.102206346777664e-06 1.8041990258813058e-06 0.001366238886973196 0.0028139188925201657 0.0001434326331761294 0.0006460289714288336 0.0011370774888923582 3.0238215062744955e-06 1.0555782764974957e-05 0.00012325679944772598 0.0015147418066783986 2.700689103219073e-06 0.0001966681382836172 0.0005632319505333515 0.0008560953109502941 0.00015769747324312133 4.87121577677172e-06 1.578498415018644e-06 3.1370094962718683e-06 1.0754926379895968e-06 0.0 5.9170286939940856e-06 1.6255547442093077e-05 0.0 0.0 0.0 7.477780015321081e-07 2.448741118666215e-07 0.0 0.0 4.3904883338498204e-07 0.0 5.562593764128669e-07 6.425160090549575e-08 0.0 6.009847498428631e-07 1.503171924728909e-06 3.130601482809716e-07 1.1637360643601518e-06 0.0 3.6967964371732673e-07 2.2173212822652783e-06 5.704828105553963e-07 1.2529042908259526e-06 1.1223609987801127e-07 2.9862302035244813e-05 0.00011712611398577472 8.705894859335644e-07 0.0 1.5361938555272986e-07 3.0986882668640626e-07 0.0 0.0 5.3508039713701975e-08 6.517273666870887e-07 3.485752649562002e-06 1.5665612519023327e-06 4.180676018186593e-06 7.408363642941067e-07 0.0 8.592084729658059e-08 0.0 0.0
2.2382690417953975e-06 3.390856583024923e-07 1.0553726045220356e-05 9.870375402366689e-07 1.0645228064641693e-05 1.9254930737050862e-05 5.503546761135298e-06 4.260511016622315e-05 3.279790402994435e-07 9.640208349416449e-06 0.0027199548244002548 1.148390491050956e-05 1.7957516132402494e-05 5.2807008582012106e-05 6.412898462467664e-07 1.8599185787256146e-07 0.0001611207294713223 0.0 0.0016585270168398604 1.6259811568875336e-06 3.4521287585480717e-06 4.2776534529291625e-07 1.811285883082741e-05 1.8907748695705184e-06 2.4029528010066394e-06 0.0013678710585279781 0.00022244438799177198 6.07107815537376e-06 6.509244597883252e-05 1.1436851092707703e-05 1.0496527719431798e-05 6.945654664122455e-05 2.991476490806421e-06 0.0008512149384692645 3.5234648464751118e-06 0.00026772428288320216 0.00043463629591330223 0.0010108027465189507 0.0002555902830442321 8.355738137700658e-06 4.891985546007982e-06 1.2014523638262727e-05 5.84699160585621e-07 0.0 1.4592360472157606e-06 1.5246188262365636e-07 5.708458160896693e-08 0.0 1.032121951151395e-07 2.6829248317383973e-07 0.0 0.0 0.0 1.7579547955012276e-05 0.0 2.6669910065231845e-05 0.0 0.0 2.639925571692693e-07 0.0 2.093187464286705e-05 7.67045643130937e-06 0.0 0.0 0.0 0.0 1.2766448078014257e-06 1.695164646569843e-05 3.573593707425707e-05 0.00010089465929408076 9.673813453332995e-07 0.0 0.0 1.4561940008050418e-05 0.0 0.0 2.6148696265718474e-07 3.3889561002905906e-07 3.0096438940321044e-06 1.2419323971769655e-06 1.8661683553651918e-06 3.232104308447432e-07 0.0 0.0 7.866830193818521e-08 5.05961500612484e-07
1.1384152578488958e-05 1.9257483431443257e-06 8.661641096482582e-05 1.2195146922322967e-06 1.5190582378757637e-05 3.31186636222052e-05 1.8751373393246593e-05 7.690702189231748e-05 5.255868543832733e-07 1.4714303663698165e-05 0.000951593983623281 1.9464216595882596e-05 8.57011275974181e-06 0.00012909384957483417 8.204384634657165e-07 1.8929331098610395e-06 0.001463055738083771 0.0016585270168398604 0.0 4.314271312266458e-06 2.2452381414072927e-05 4.628304500449743e-06 9.778203389218753e-05 5.848716575369362e-06 5.1467139223647244e-06 0.0033431158671557576 0.001168682758734464 1.9062064462119532e-05 0.00018231566114254095 4.5943732721655685e-05 9.289958149842982e-06 9.918921160647368e-05 1.529188931843472e-05 0.0025710773675315375 6.022291798787311e-06 0.0007948567678340824 0.0010170175362898288 0.0023455837072871625 0.00044052691207833533 1.757993444540438e-05 5.979860731092202e-06 6.400484522026806e-06 2.6124903903769653e-06 0.0 8.985830980402356e-06 5.6822623915724726e-06 0.0 0.0 0.0 3.343502368884019e-07 0.0 4.5282958545172234e-07 0.0 1.1335870306192252e-05 0.0 1.1716849799303339e-05 0.0 0.0 2.5321667964556236e-07 1.3410572093786046e-07 2.7513164206133956e-05 1.886310790562946e-05 5.375371562401678e-08 1.151267608598489e-07 5.0272991475377e-07 7.984091185508089e-08 3.2012467790661905e-06 1.0743392147361125e-05 0.00015668334807300972 0.00039652201325828847 1.645331811976103e-06 1.133369456861766e-07 2.360805117525651e-07 6.6416418257856456e-06 0.0 0.0 3.2125752725710635e-07 1.5097631114045008e-06 8.331376265977236e-06 1.9799513042978486e-06 3.1772485794778104e-06 8.07687814693671e-07 0.0 0.0 0.0 0.0
1.885230115936249e-06 7.667880236281611e-08 6.416728576928498e-08 0.004971582703111939 5.508792526575335e-06 0.00011157383794327852 4.369139699550785e-05 0.0001349562411967437 0.00031556549069963426 0.002092853995221089 3.433509092339701e-06 0.003868672347969696 1.3048008369880333e-06 0.00010324974912256262 3.551369419257761e-05 0.0 4.714288670874913e-07 1.6259811568875336e-06 4.314271312266458e-06 0.0 0.0 5.249872647420617e-07 3.585383072529696e-07 0.00020866723545479257 0.0 2.19717005148733e-06 1.3532498462532072e-06 0.0023299673235306945 0.00013597233812853932 1.4721753716158704e-06 5.1960382060491407e-08 7.144516968786052e-06 1.1081600318445374e-06 6.270402920434044e-05 1.2501682930554724e-06 6.333582821368039e-05 3.379214917323674e-06 0.00014729245220931626 2.5890765669436268e-05 7.842241496392306e-05 1.728054126951111e-05 5.393348759578597e-07 1.3016175579909013e-06 0.0 0.0 0.0 6.985070039409052e-05 0.0 8.883339806710957e-06 1.905912179050025e-05 3.329857437709882e-06 4.618591489056827e-05 4.689712285840991e-05 0.0 6.132948504504537e-05 0.0 5.028024598503825e-07 4.3333184431200654e-07 5.601980876331568e-07 0.0 0.0 0.0 4.4565213531259404e-05 0.0 1.965887708397491e-07 0.0 0.00013315176157927162 0.0 0.0 1.323295454414439e-07 0.00010022257192041064 1.1123921933449862e-06 0.0 0.0 0.0 0.0 1.8518713505864065e-06 3.92172165723356e-07 6.036030085624055e-06 0.0 4.005360457938375e-06 0.0 5.8858259600801486e-06 0.0 0.0 0.0
2.145998782738512e-06 1.0817628780894407e-06 0.00036748793568209073 0.0 7.21570955216193e-08 1.0841009017904428e-05 0.0003013493756797078 1.906369176475919e-05 3.621996257772848e-06 8.745904079663692e-06 8.925808357880028e-06 2.1247632449513376e-07 7.501917274140705e-07 9.349814974160055e-06 8.148554611471357e-08 0.001182725463792742 0.0006806672371740035 3.4521287585480717e-06 2.2452381414072927e-05 0.0 0.0 6.406939539126317e-05 0.005697749531632287 0.00016595758940971477 3.871021580562614e-07 8.579007435070915e-05 0.0008197042505058201 0.0025151007583556037 3.229455653521739e-05 0.00610741327248475 2.3143494733314248e-07 8.504867947358092e-07 2.1057975825725548e-05 0.0019467915628114522 9.955606314318304e-05 0.0017948558818255845 0.00037911927326036835 0.002886485603177419 0.0011283081422603454 5.0717937457539604e-05 6.658559470902574e-06 8.755719716808711e-07 2.1692973654932583e-05 3.492094338219917e-06 3.642737402619912e-07 1.6128747610352598e-05 0.0 0.0 0.0 1.0332822940364038e-06 5.977218968581789e-08 4.759915742147499e-06 2.9005582282719573e-07 0.0 1.2758431040184392e-07 0.0 1.4944481678089433e-06 5.784822446028448e-07 0.00030750220187595673 2.5315649427384303e-06 0.0 2.5359951359439973e-07 0.0 0.00019788261698848786 9.780705645204857e-05 5.308449251551585e-05 6.562864176866313e-05 0.0 2.8243322253279497e-06 1.4076251402717024e-05 3.780747607392468e-05 1.087358541878233e-05 1.4386833389671368e-05 6.68346473269476e-08 0.0 1.0858091092525625e-06 9.301259750542902e-07 9.578305064685594e-06 0.00011911501939502961 5.8479940471912175e-06 8.126977927921845e-06 7.047038743313752e-06 1.5465803277596842e-06 8.811155774996171e-08 2.659278609188741e-07 0.0
5.616757561500971e-07 0.0018074106370992795 2.75095771406242e-05 1.6148942410787857e-07 4.621746628035024e-06 2.5119775970445745e-06 1.2458271577125277e-05 3.031198451958251e-05 0.001487492350008301 8.80609895734664e-07 5.95510261057253e-06 9.813024645887687e-06 6.30332624165135e-05 2.3226399038582157e-05 4.5389117439121946e-05 0.0011706369506562784 3.973762279882371e-06 4.2776534529291625e-07 4.628304500449743e-06 5.249872647420617e-07 6.406939539126317e-05 0.0 0.0005835667093614566 0.0037925730377832015 0.00024625574814137537 4.6937781493828304e-05 0.0039835090661691245 0.00011877897620518682 2.2920476054560946e-05 2.6874601498572905e-05 1.252348098078062e-05 2.2878299884744175e-06 1.4699311043268108e-06 1.4774875683584926e-05 9.936581322893403e-06 0.0002976277763650982 0.00036726050018947985 0.000140152115399282 0.00011342260462642586 5.3436777728902914e-05 9.907392389899998e-06 4.950709709121647e-06 1.1234027656160586e-06 3.4759215386015196e-06 8.780190725672098e-06 2.724219734040028e-05 7.354594441668437e-08 0.0 3.1569081524132094e-07 1.7215507544741047e-06 3.2093808743575685e-07 4.3889160017127925e-05 9.097560755580945e-07 4.055321625407569e-07 1.0597077842407207e-07 1.0281254468278224e-06 1.194637254119515e-06 1.739680563783095e-06 0.0007899414853327722 4.6544743393985225e-06 5.5971894762304916e-08 5.89459581500708e-07 0.0 0.0001581463330711123 0.00022618271126255936 0.0001879525653908904 0.00014192357714867045 6.110981997559077e-07 7.610712179690068e-06 0.0008196041548941256 3.64119855592999e-05 9.868452748254143e-06 1.2812371534188132e-05 2.1085173164676079e-07 0.0 5.628484291771243e-07 9.87471047677034e-07 1.9544020746085843e-06 0.00014508234576804995 3.460547911260943e-05 1.928075702810791e-05 2.337303835677095e-05 3.057491345408828e-06 3.7283556841666584e-07 0.0 0.0
1.0412436655744297e-05 1.2575336343637257e-05 0.004837344217018841 4.406843955631549e-07 2.2423722495744704e-07 5.709164616896436e-05 0.00047215920537717354 0.00012079286218634308 6.582012434606391e-07 2.093325516516909e-05 5.2214607598983515e-05 7.643637031328067e-07 3.4276538960222603e-06 7.658313861674594e-05 1.5178555500644458e-07 0.0025093873161114843 0.002997968505278047 1.811285883082741e-05 9.778203389218753e-05 3.585383072529696e-07 0.005697749531632287 0.0005835667093614566 0.0 0.00014285464728285293 9.039958954886037e-07 0.0016340567825310704 0.005647464280075026 0.0009838519094956932 6.224987635325385e-05 0.002650033145874961 5.281683979947093e-07 2.1693410905592644e-06 1.069037777087663e-05 0.0017890635068283525 0.00013957129159128864 0.002881077151165349 0.002919555089440271 0.005865108059976588 0.0027051753861539072 0.00012373387207641152 1.2530644359411413e-05 3.276060381202787e-06 2.7073879944346324e-05 5.218727481780117e-07 1.1580398065710652e-05 6.296776806666829e-05 0.0 0.0 0.0 1.2058438937928496e-06 0.0 4.506273431994908e-06 0.0 5.67379949643831e-07 0.0 4.475713163168038e-07 6.817038115725704e-08 2.0132324560186108e-07 0.0006493939724574218 1.0847649004489507e-05 0.0 4.330191493860032e-07 1.505834253253553e-07 6.817354875733081e-05 0.0001715959689244517 0.00020873907305921587 3.217511186196539e-05 0.0 3.3764053607500874e-06 0.0006988943176638451 9.603999660674912e-06 1.8842930290871992e-06 6.2592630706077305e-06 0.0 0.0 0.0 6.906677695989091e-07 2.280048596777157e-05 0.0001251154663316507 5.863436784070605e-05 3.268220271838812e-05 3.4914888438369895e-05 1.4116426653968938e-06 2.3020130597432173e-07 2.8743339173905863e-07 2.8534870630725995e-07
3.928815367406442e-05 0.00030428799464242944 2.636053403795472e-05 0.0009032894968046968 2.2600424987917732e-05 0.00013550149161019388 0.0007483780797601276 0.0001685483434281866 0.0047871423723562165 0.00024185818845924456 5.115324346960931e-06 0.0005097105332111609 1.3969925909852258e-05 0.0002258606238962336 0.00021618323208658902 0.0013341186450163134 7.102206346777664e-06 1.8907748695705184e-06 5.848716575369362e-06 0.00020866723545479257 0.00016595758940971477 0.0037925730377832015 0.00014285464728285293 0.0 3.6531768830242675e-05 4.7451715330575356e-05 0.002639141592634801 0.005840507604446476 0.0005032637581449894 0.0001934470766547204 2.1467787095816115e-06 1.1730431888563639e-05 7.262168760895295e-05 0.00018654312131288018 0.00011069901377932798 0.0013994254519222886 8.364777591222277e-05 0.0005741113242674891 0.0004069146846766546 0.0001745197021319185 4.9642884653781094e-05 2.0954863758779042e-06 1.988791095111877e-05 1.4419079622005495e-05 4.316732244527078e-06 7.362453756628859e-05 0.0001863352840919047 2.1354195090531887e-07 2.761563364627368e-05 0.0005075112981054372 2.995793088141208e-05 0.000618429137183194 0.00020295739565533334 1.7719951207237645e-06 0.00012351994251885362 7.267714430809793e-07 2.050303782558799e-05 8.691902258389284e-06 0.0003081495758071362 6.704616089454751e-06 3.602525362105487e-07 1.9179388035393645e-06 0.00017060342226808334 0.00033115294804547993 0.00010900755457078683 4.782935874322684e-05 0.0026661328779237414 1.894429644363033e-07 1.2181132146054018e-05 9.120765316466756e-05 0.0015250008699321622 6.379793460591539e-05 6.850446190204914e-05 2.0728316135003075e-07 8.3137878232684e-07 6.346359430887273e-06 2.974083429177165e-05 1.928125974369666e-05 0.0006239218171053837 4.41141928636294e-06 0.00016758719833025838 8.026171397947072e-05 4.440191361552089e-05 3.473881434166891e-05 3.290833847755458e-07 2.1977903570293357e-06
