0.0 6.782455693363113e-07 0.00011280261422402533 4.479780426036733e-07 2.079095495207415e-07 6.671118289957871e-06 0.0013068733360897743 0.0003386829100263454 1.0941430457862367e-06 3.713641831301558e-05 7.915060452280806e-07 1.8044821459603994e-07 0.0 0.0010669161695125912 0.0 7.681080860588089e-06 7.087377726191092e-05 2.3458404330249034e-07 9.196281706573267e-06 0.0 9.386948152573791e-05 7.791431385453476e-08 0.00019783737540799326 2.063920223086271e-05 1.3622253863076186e-07 7.825416288250165e-05 1.7922860975300164e-05 0.00026318469850943375 0.0026192130916514763 0.0012407938521015315 0.0 5.3538771163172936e-06 0.0008314553328030254 0.000310309650311452 8.312654482359615e-06 0.00020940673899183063 4.356671627875195e-05 0.00011549085002665588 5.99632768616343e-05 1.2594318891961772e-05 4.61820968872743e-06 7.694205183525355e-08 3.4076218549136877e-06 1.48692997725592e-07 3.7750229661295566e-07 2.338177206471885e-07 0.0 0.0 0.0 3.036051861128865e-06 1.1048730585421343e-07 3.2017922130559677e-06 0.0 0.0 0.0 7.68295305204682e-08 6.679093186802423e-08 0.0 9.112180506174698e-06 7.327088500692484e-07 0.0 2.2545816466110296e-07 0.0 2.8969676943851957e-06 9.622913512876036e-07 2.3589835288604675e-06 2.540880087515922e-05 0.0 1.4474012134781579e-06 3.0321666435265887e-06 3.7415285967099325e-05 5.805680602365027e-06 2.1034654784422272e-05 0.0 0.0 1.425183035204969e-07 2.4702596134171725e-07 3.408554963944131e-06 1.571972488722687e-05 5.718167230150299e-07 2.0810067950107516e-06 3.629266076484122e-07 7.268290756409636e-08 0.0 1.0795718882109373e-06 7.616652800435369e-08
6.782455693363113e-07 0.0 0.0012318000215669278 0.0 0.0 4.442718349664405e-07 1.25189941666107e-05 1.889387237132981e-06 0.0002458576246499795 8.01749199273405e-07 2.4409543075437823e-05 4.4392485108976415e-07 0.0005577886428331924 1.0683014302763908e-06 2.3703703207269556e-06 0.0005709315282962205 0.0010677062237498141 6.394589301488462e-06 0.0002206750732048674 0.0 2.658771751700593e-05 0.0013830843124331854 0.0005183553143183968 0.0004222260315347627 0.000949171545399854 0.00102394275590727 0.004752417624157254 6.581770581019075e-05 1.6617034371165365e-06 1.2101400263031639e-05 0.0001479170329391778 8.786159273654803e-08 1.9394064259472592e-07 1.5297019799801666e-05 1.2196704254106857e-07 5.3854889881579235e-05 4.4222542333271104e-05 7.06187372730579e-05 3.84450779684923e-05 1.418136128483563e-05 6.06340346383799e-07 3.991865209783933e-06 1.0130493440544252e-07 0.0 1.90166544969531e-05 2.914174459735216e-07 0.0 0.0 0.0 0.0 0.0 0.0 0.0 1.9015959605064201e-06 0.0 7.755961902662462e-07 0.0 0.0 2.7571878678718944e-06 1.337998446307636e-05 4.723201816792972e-06 0.00010436538915037078 0.0 4.522699646677664e-07 1.1560558991854403e-06 3.1248401341268794e-06 3.5844494314662295e-07 6.119176186594192e-05 0.00020394170218292603 0.0004554265330938292 6.95313897396609e-07 6.17243252845366e-08 6.689921957057303e-07 1.0718308824821452e-06 0.0 0.0 1.9783874362860843e-06 3.6935100149075775e-07 7.213091828071142e-07 4.166393590685002e-06 2.7075556105904064e-06 1.0278213024429454e-06 7.888482582003896e-08 0.0 0.0 0.0
0.00011280261422402533 0.0012318000215669278 0.0 0.0 6.137511812525577e-08 2.389786035651727e-05 0.00026867518027880226 0.00022014599222810536 0.0 2.4745054139747225e-05 1.581974603218303e-06 1.1890621187833881e-07 2.443587829540124e-06 9.138776678353292e-05 0.0 1.7361740147921232e-05 0.0005182487754017288 2.819602647408961e-06 0.0006083529845109599 0.0 0.0005544116052975618 4.389064709882174e-06 0.004494108730363735 2.0735000821957805e-06 2.6562573137207e-05 0.003811288894461335 0.00285183237415516 6.823748178302158e-05 0.00011659119095485976 0.00034741415257229767 8.393945748198047e-07 2.7451333501298627e-06 1.2991575438455834e-05 0.0006317904195138115 9.049514857321579e-06 0.0005123379124467029 0.0004057608120161823 0.0008084737595448556 0.00045626593461975547 2.9128637216899804e-05 1.1297978056991642e-05 3.4090152905894066e-07 9.014774513007526e-07 0.0 9.350296719177163e-05 2.550181196988368e-05 0.0 0.0 0.0 0.0 0.0 3.843625029544298e-07 0.0 0.0 0.0 1.4393610601640694e-07 0.0 0.0 7.984111623246079e-06 9.290457415656328e-05 1.180807445484505e-07 1.24512842734684e-05 0.0 1.5936145948295969e-06 1.035492802018041e-05 2.587782480108432e-05 1.0613366850082773e-06 2.709050094014056e-06 0.00011825258873972686 0.00041763500909664485 2.6577868223277734e-06 1.1825444185024211e-07 3.3025955382975733e-06 1.3337359394331504e-07 0.0 0.0 4.29322170224364e-06 9.739543569989488e-06 6.582815143474346e-06 2.7130496776306604e-05 1.622812830002121e-05 5.736187234775883e-06 1.53577018341293e-07 2.242779489302297e-06 3.85037188865275e-07 0.0
4.479780426036733e-07 0.0 0.0 0.0 2.480377736834744e-07 1.2208359326538705e-05 0.00016963535490150007 1.3930190026471142e-05 0.0005548205427342454 0.004907431971951638 1.8674664474624657e-07 0.0010641938022281062 0.0 8.967225618852386e-06 1.1282668827629152e-05 8.11766462448807e-08 0.0 1.0822201303024671e-07 0.0 0.001400903069789866 1.748111753052807e-07 2.553875352469538e-07 6.765171278305586e-08 0.00019926677594779698 4.9173944090940894e-08 9.754121607240482e-08 0.0 0.001066776305951362 1.550240052607904e-05 2.6187517656853146e-07 4.3733821565478976e-08 9.208361175974892e-07 1.2182820791770732e-07 7.77489243973188e-06 0.0 2.6964584517311287e-05 1.471965320981743e-07 1.647254419455162e-05 1.0113264862023936e-05 0.00016616228218714713 3.480429368985362e-06 0.0 0.0 6.726433034355245e-08 1.347204790814498e-07 0.0 4.4211672427823615e-05 0.0 7.652037365438396e-06 4.090790806343087e-05 3.4794274587335974e-06 4.310229608804401e-05 8.15233079821938e-05 0.0 1.1943760061797987e-05 4.987864878136939e-08 6.75488672120228e-07 0.0 0.0 0.0 0.0 0.0 1.905422292370638e-05 0.0 1.0196774316560312e-06 0.0 7.392654945826384e-05 0.0 1.2845183109641274e-07 6.678467721154055e-08 0.00011633542766253057 9.886051330922567e-07 1.4199086767018042e-07 0.0 0.0 5.8187846077136745e-08 1.3505394915000619e-07 5.422843423067645e-07 2.670125326474932e-06 1.2308496975074882e-07 1.7021211701755244e-06 1.0969025904051001e-07 2.3775187002093533e-05 0.0 0.0 0.0
2.079095495207415e-07 0.0 6.137511812525577e-08 2.480377736834744e-07 0.0 0.00016668426103495516 3.6899622005304336e-06 0.00033116078678693795 4.378276235508394e-06 1.2025987950167683e-05 0.0003548182884718126 6.209758371859799e-06 0.00012221005614697258 5.981597492897586e-05 0.0010015252408479911 0.0 2.504902419019695e-07 8.335763996058168e-06 7.974475760183487e-07 5.362787559767192e-08 1.808882950834614e-07 1.4702051776089734e-07 9.042316877207872e-07 4.3724861915159867e-07 2.6244291963958243e-05 2.274272972683566e-05 9.105487032635293e-07 1.6247908296229184e-06 4.889003863919464e-05 5.20698911155693e-07 1.3578413765923559e-06 3.6346015949023705e-05 0.0 0.00038436406998919 5.923361383730241e-06 0.00011973266354651031 0.00010160933753616456 0.00051544124380382 0.00014476713007954684 0.0010868531079985685 0.00017778007766995185 6.027260089803402e-05 5.596459811658589e-06 0.0 0.0 0.0 0.0 0.0 0.0 0.0 0.0 0.0 0.0 1.1128424730753637e-06 0.0 1.049319404571217e-05 0.0 0.0 0.0 0.0 4.984743889375625e-07 1.6881820543435238e-07 0.0 0.0 0.0 0.0 7.286727483662021e-08 4.824582936575212e-06 5.832086123595864e-06 1.5010865953072115e-06 1.9533834179431477e-07 0.0 0.0 2.498160363630283e-06 0.0 0.0 0.0 1.1783825584706897e-06 2.0293803960945844e-06 2.5322228656865006e-06 0.0 0.0 0.0 0.0 3.149648213413134e-07 0.0
6.671118289957871e-06 4.442718349664405e-07 2.389786035651727e-05 1.2208359326538705e-05 0.00016668426103495516 0.0 0.0006959317676865798 0.003797790900068387 1.105856736537214e-05 0.005398675092297223 0.00016238987006463845 0.001274013699197027 2.9957571229207878e-05 0.0003428924292100843 6.823366722384057e-05 6.153633379350199e-07 6.179924548852863e-06 1.3984210373950424e-05 4.087129922866468e-06 3.1730592662883304e-05 1.6767410875980216e-05 6.027097348195408e-07 3.7500340089637174e-05 2.369256678916818e-05 7.79555272191854e-06 5.174037397651733e-05 5.548236423562787e-06 0.00017986050870173436 0.0001802116059815963 8.282699422591512e-05 3.480280971568147e-06 0.00029049840254493986 8.015488895467032e-07 0.00029943808909880046 8.46497125215358e-06 0.00022353112868671315 3.8923131582602974e-05 0.0006234752104752748 9.777191890269236e-05 0.0007202535282163527 0.0003087563898361194 7.260068360888324e-06 6.579374372565085e-06 0.0 0.0 1.0105975722859029e-07 1.514544575818797e-07 0.0 0.0 7.756885788195192e-06 0.0 5.868879852436487e-07 7.656697423814868e-07 7.049117682203111e-07 0.0 6.206505396899849e-06 0.0 0.0 9.063958569016341e-07 8.112447053444203e-07 1.2303919423698035e-06 2.673550547799227e-07 1.2029918771849887e-07 9.59275102351959e-08 3.839703614401144e-07 2.9207917612910945e-07 9.219328021901238e-06 2.143175901820024e-06 6.776208264780125e-06 2.239053749814874e-06 1.3173132312119617e-05 1.7482733785550754e-06 2.8548338818074665e-06 2.444863618743568e-06 0.0 4.1074215731898067e-07 8.975254370030386e-08 1.652694088841699e-06 5.362484474560897e-06 4.508105046417714e-07 1.5589647800831206e-07 0.0 2.992153284500664e-07 0.0 7.002485713545399e-08 0.0
0.0013068733360897743 1.25189941666107e-05 0.00026867518027880226 0.00016963535490150007 3.6899622005304336e-06 0.0006959317676865798 0.0 0.004450953014897572 0.000580744684963072 0.0019106140318707362 6.589895396756167e-06 9.205946726781816e-06 1.397531515864704e-06 0.0022622249975488306 1.1779071465404333e-06 1.924816375827129e-05 2.7453498799978466e-05 8.829986825779083e-07 4.265043639937638e-06 2.73889102884667e-06 0.0007770755828020642 1.580019761898418e-05 0.0007383750362333339 0.0011651743759654488 4.244885114240771e-06 6.91772660275147e-05 4.444758110111608e-05 0.005846597613752835 0.001636474367366974 0.006041213472203263 5.080379060270446e-07 3.642289445872781e-05 7.295261805732742e-05 0.0005824075478465311 3.393172967167019e-05 0.0007387206891807197 7.670834377869052e-05 0.0008182120079098662 0.0005297153676578861 9.773797199347387e-05 8.032655670748922e-05 8.18111552961401e-06 1.723377784079586e-05 4.5864330426270585e-06 1.4286140736723035e-06 1.85146802727913e-06 3.572183669732928e-05 0.0 1.3104180438848501e-05 0.00041667996568682764 2.500858175995047e-05 7.54462396922024e-05 8.74682932491496e-05 3.7458094345048483e-07 9.777811920036277e-06 2.405874920668508e-06 1.1512138954858678e-05 1.7124561038268378e-07 3.5524522634109175e-05 6.244300361864381e-06 1.2953098032877883e-07 5.390010271287859e-07 1.9977367241696334e-05 1.4824071333637384e-05 6.9694000004332825e-06 1.038948176947491e-05 0.0008221456428972707 3.843504757991357e-07 5.02948182661778e-06 1.31933851576791e-05 0.0010311186981919957 9.825533819954109e-05 0.0001159666689158462 5.170858269157427e-07 4.015537053262192e-07 1.0955711311874136e-05 1.2575643487732272e-05 1.438217946019711e-05 0.00012020283688721984 1.1068447709161607e-06 4.3578207096136445e-05 1.8121747787741794e-05 5.428595683309717e-05 4.599042800645232e-06 5.985097307585473e-08 4.109072771250534e-06
0.0003386829100263454 1.889387237132981e-06 0.00022014599222810536 1.3930190026471142e-05 0.00033116078678693795 0.003797790900068387 0.004450953014897572 0.0 4.1637081778084014e-06 0.0027680263179554747 0.00013245516093974083 0.0005072712458256562 1.8381968413467997e-05 0.0024073632778637273 2.815199402281189e-05 1.1270247785231409e-05 8.745797910631569e-05 1.4945165068092762e-05 1.2555862094159927e-05 1.8204116809912644e-05 0.00015606255701796715 2.4011524898396925e-07 0.00035395020689940495 4.775879093537045e-05 8.531098605594937e-06 0.00014199370574846255 3.484913241590717e-05 0.0005514996614152981 0.0014139376499560541 0.0014069500449542397 4.21519648319541e-06 0.0007943835986830332 5.037370713676498e-05 0.0005914437746615988 3.948143817171809e-06 0.0002857819827535145 6.620676121628092e-05 0.0005780593644285954 0.00011326325780314686 0.00033939431947190994 0.00026551178065175354 4.070896973154898e-06 3.786147571367942e-06 6.894267209551548e-08 9.653387752883629e-07 1.8578930729272193e-07 3.9214606802673247e-07 0.0 0.0 1.1285931325203148e-05 0.0 4.495524682159918e-06 1.749170834704235e-06 1.0753356598225285e-06 0.0 5.680316942057188e-06 2.2554916745750772e-07 0.0 6.297099194129418e-06 2.016754021494376e-06 7.506345080456757e-07 7.622684771504759e-07 7.453498233323418e-08 1.960235092772459e-06 1.7863139135656707e-06 1.095365069944689e-06 4.023578113300572e-05 2.4130951603947966e-06 1.0920789470911484e-05 1.0435691783202175e-05 4.5767240786574575e-05 4.4419297048946e-06 1.0090221069094905e-05 2.3615250712446737e-06 0.0 1.1994767111325162e-06 8.46654820239705e-07 2.614633451634555e-06 1.0259811972380459e-05 9.261337803881947e-07 1.381296963425313e-06 8.748368246311271e-07 1.7790072068966444e-06 1.4422024867633514e-07 1.2926432927777494e-07 4.939463926549114e-07
1.0941430457862367e-06 0.0002458576246499795 0.0 0.0005548205427342454 4.378276235508394e-06 1.105856736537214e-05 0.000580744684963072 4.1637081778084014e-06 0.0 0.0010496642953746467 2.3205667546099285e-07 0.0002854359681789451 4.308213957580187e-06 1.221704050401497e-06 0.0006286623594548473 6.715417383357747e-06 1.5798642972997521e-06 9.472514293077468e-08 3.2442931753086145e-07 0.00017943018840262448 8.148333066891836e-07 0.001109614950147527 1.812405911769471e-06 0.0016820441066247463 4.6464991991009505e-05 4.822493466118337e-06 3.463703343854329e-05 0.0016608313439297855 5.725756097275486e-06 6.645977394194571e-05 4.259533180429378e-06 0.0 7.128311008574424e-08 2.2458305562721437e-06 1.014823170883385e-06 2.9304438851212114e-05 1.4211370581984668e-06 6.281615481726714e-06 4.405883740103282e-06 8.07587252330357e-05 1.5747874984387822e-07 4.3299623401671283e-07 7.398372566164725e-07 9.344103338237129e-07 6.63060730403334e-06 1.2611664237463048e-06 6.237862864494376e-05 0.0 1.6362129984693555e-05 0.00019159667671483948 2.036757017412003e-05 0.0001220247594530316 0.0001372768555330965 6.583558108269033e-08 1.4450432910220816e-05 0.0 5.6546295545008644e-06 0.0 7.698465263539552e-05 1.4092503000757693e-06 0.0 2.352109956036829e-07 3.153668688743143e-05 1.0417491411426988e-05 7.524001976156588e-05 2.010437259530855e-05 0.0008848884526660911 0.0 2.1039468124294617e-06 1.6655416872041297e-05 0.0004527781716682752 2.3957107436036214e-05 6.617607562602877e-05 0.0 7.2165119331668e-08 2.4622844621005156e-06 5.668106709708807e-06 2.007772339248253e-06 3.738606531025567e-05 8.265811542933316e-07 1.347216019730978e-05 5.669187332200731e-06 1.6316144580546836e-05 3.4743214089737835e-06 0.0 1.48829447900682e-06
3.713641831301558e-05 8.01749199273405e-07 2.4745054139747225e-05 0.004907431971951638 1.2025987950167683e-05 0.005398675092297223 0.0019106140318707362 0.0027680263179554747 0.0010496642953746467 0.0 2.4405324325265067e-05 0.006839948996030816 3.785019054547141e-06 0.00134394929015194 1.3830337194722758e-05 4.5993911550997386e-07 4.232751210130721e-06 4.1122610254716914e-06 2.326166917767529e-06 0.0038096553740063193 5.345383962475909e-05 1.275916439496269e-07 7.132134117571748e-05 0.0010708754330375299 2.5481607081154987e-06 2.3274975570939497e-05 5.055399256957322e-06 0.0028118361095250616 0.0008981696622859017 0.00018995253275033976 8.265995120002982e-07 9.126544444435972e-05 4.15701198989987e-06 0.00039064964246751036 1.281269954003229e-05 0.0002846560501014082 1.955850890194127e-05 0.0007152005666905539 0.0003252081093148601 0.0004730111200672397 0.00012222132497092842 5.078251204705473e-06 8.302887025967612e-06 9.583515248644078e-07 8.374987620995103e-07 3.264550449575619e-07 0.00011862595868167904 0.0 3.436323635098614e-05 0.00021552946339013557 1.3270659942953134e-05 0.00010423905531292914 0.0003777253996650685 2.3146419296901538e-07 5.9267737301053334e-05 1.3300229949817603e-06 2.315468111327706e-06 1.192447584421754e-06 1.3335717022434848e-06 1.314215384233194e-07 3.2254149166313604e-07 0.0 8.67024448986011e-05 7.663262268401668e-08 3.0971685472056762e-06 6.387576639569357e-08 0.0003025655888235818 3.917556051354277e-07 2.039652707285872e-06 1.7805241508319074e-06 0.000513891047440501 7.5619687941698105e-06 4.751672200581655e-06 7.772419015512292e-07 0.0 2.139392504310841e-06 1.7869677149061876e-06 4.88433408515501e-06 1.6849624460338935e-05 3.3904325320639397e-07 7.132056119192814e-06 4.100099848202142e-06 0.00015164777163379148 1.0345465582089814e-06 0.0 2.1233901911507363e-06
7.915060452280806e-07 2.4409543075437823e-05 1.581974603218303e-06 1.8674664474624657e-07 0.0003548182884718126 0.00016238987006463845 6.589895396756167e-06 0.00013245516093974083 2.3205667546099285e-07 2.4405324325265067e-05 0.0 6.221399220640288e-06 0.0018611128186607148 4.7090553954835844e-05 1.5187377028827548e-05 5.815525936150107e-07 1.071821763898371e-05 0.0012000994355850418 0.00016522575014080434 6.237425463107142e-07 1.3741783964661607e-06 1.7246116648523774e-06 8.414136426668642e-06 5.366690626132224e-07 0.0023021335327197178 0.0008902086873200453 3.8762099268205254e-05 4.332419915685422e-06 0.00015784573850045563 1.554189570846775e-06 0.0002684836217361923 0.00022745319199710573 0.0 0.0030935716597312903 6.477794554712813e-06 0.0006225373732191814 0.002804409246114658 0.003205924763771881 0.001457278741631995 0.00010958009980723704 0.00018044924414553385 0.002343486221584648 9.063079162528964e-06 0.0 3.6362491303505502e-06 0.0 0.0 0.0 0.0 5.611201443222346e-08 0.0 0.0 0.0 7.522858103953222e-05 0.0 0.0005673491453434332 0.0 0.0 0.0 0.0 6.709579026273597e-05 1.7366318181455748e-05 0.0 0.0 0.0 0.0 1.6489062045875007e-07 0.00028747520972627506 0.0003855676446655337 0.00016055588307006585 1.110262719695551e-06 0.0 1.0831576591115821e-07 0.00017906820531057627 0.0 0.0 4.837764372874646e-06 3.899422333412993e-06 1.8709934987015843e-05 0.0001414460420890702 4.978133454102167e-06 9.633184408845265e-08 1.1968095443523111e-07 1.214218918606827e-07 3.41633008500696e-05 8.892261819770709e-07
1.8044821459603994e-07 4.4392485108976415e-07 1.1890621187833881e-07 0.0010641938022281062 6.209758371859799e-06 0.001274013699197027 9.205946726781816e-06 0.0005072712458256562 0.0002854359681789451 0.006839948996030816 6.221399220640288e-06 0.0 1.8092801951843047e-06 0.00010827079514979737 0.0003527983294366535 0.0 1.4337448161551809e-07 8.823984096679692e-07 4.833140704009236e-07 0.001269099546851843 0.0 6.471754485180283e-06 0.0 0.00010730366301582982 5.559601554049362e-07 5.319252980931342e-06 7.302770164133996e-07 0.000542163135086679 5.774430285830978e-05 1.7813067909529104e-07 5.263037619573393e-08 3.136464260072069e-05 1.5630485662871675e-07 4.955125941305836e-05 0.0 0.00024177259003703503 3.0562267444712397e-06 0.00011221730060412429 1.667921726857698e-05 0.0005649308032718072 2.6375648942362e-05 5.743706184574025e-07 5.503573135935952e-07 0.0 0.0 0.0 5.825844253219385e-06 0.0 1.5456740591755047e-06 8.019799786864031e-06 3.062116729034698e-07 9.334739461210916e-06 4.259854150113813e-05 0.0 6.8019502522285225e-06 4.226501214504563e-07 1.1334208107796836e-07 8.325389757627636e-08 7.790542965296267e-08 0.0 4.4837324224767555e-08 0.0 7.229296763529012e-06 0.0 0.0 0.0 7.780892695540984e-06 3.458744675855519e-07 8.030696014548939e-07 3.4229405845681067e-07 1.686278492724401e-05 2.0383220547894038e-07 6.345324001911705e-08 3.817382794581049e-07 0.0 0.0 0.0 0.0 2.1355353098911113e-07 5.282106509108501e-08 1.507653560494886e-07 1.4192929434953612e-07 2.5775765852437515e-05 0.0 0.0 0.0
0.0 0.0005577886428331924 2.443587829540124e-06 0.0 0.00012221005614697258 2.9957571229207878e-05 1.397531515864704e-06 1.8381968413467997e-05 4.308213957580187e-06 3.785019054547141e-06 0.0018611128186607148 1.8092801951843047e-06 0.0 4.738621696877048e-06 6.102047499536281e-06 7.445823497488165e-06 4.923226043650238e-06 0.0002869928765476229 0.00015884246583402602 4.2849651538871384e-08 2.0339822339320108e-07 5.783058839815187e-05 1.1075743196735885e-05 1.1115008206873106e-05 0.0013152273997686951 0.00035610182436865976 0.00039272690041071634 1.7887003127896606e-06 1.1690763729494062e-05 3.838432994999419e-07 0.000730995136056232 1.7974498450449553e-05 0.0 0.0008269007692798884 9.143612936340591e-07 0.0002981008406541108 0.001299531815815254 0.0008823907275301206 0.00014882865308607976 5.371907473493142e-05 7.440287722469848e-05 0.0008005813044077439 8.31068055563183e-06 0.0 1.367474699398311e-06 0.0 0.0 0.0 0.0 0.0 0.0 0.0 0.0 4.4574424780117375e-05 0.0 0.0004386913875352156 0.0 0.0 1.6408669396935692e-07 0.0 4.1999172346649114e-05 6.767093243615233e-06 0.0 0.0 0.0 3.6076090717051087e-07 1.3236159409579605e-07 0.0005566553048999595 0.0002499783880483258 0.00011932769413800946 7.159674561623807e-07 0.0 0.0 0.00012574943909985102 0.0 0.0 8.369118145990448e-06 4.2630999552105815e-06 1.1945681227975932e-05 9.372789873310735e-05 6.15129689237424e-06 1.7137268750189413e-06 0.0 0.0 3.579605255824916e-05 0.0
0.0010669161695125912 1.0683014302763908e-06 9.138776678353292e-05 8.967225618852386e-06 5.981597492897586e-05 0.0003428924292100843 0.0022622249975488306 0.0024073632778637273 1.221704050401497e-06 0.00134394929015194 4.7090553954835844e-05 0.00010827079514979737 4.738621696877048e-06 0.0 1.1560585778391805e-06 3.152775894344377e-06 4.944469413843766e-05 7.425968628443726e-06 9.075904927184761e-06 7.995705367900543e-06 5.161804779794045e-05 7.577533741211617e-08 0.00014389285859371645 9.4694861285971e-06 3.7027953671993955e-06 8.212741300988899e-05 1.9974731388378354e-05 0.000184279936688393 0.004193744014063134 0.0008266140588490911 2.0055551014723877e-06 0.0004939835339792546 0.00016730954201246855 0.0008060233959937125 2.9965859742832342e-06 0.00022333317117961365 3.4788433778390763e-05 0.0003011206215956114 5.3244331334146704e-05 8.288500773627796e-05 6.303633104283493e-05 1.1362111108079088e-06 1.5435840262013444e-06 0.0 2.0972625266723831e-07 1.1045281372288375e-07 2.918448073200995e-07 0.0 0.0 2.0022726970366814e-06 1.7772305496235658e-07 1.4504675309166327e-06 5.780768930609789e-07 1.5762987502348466e-07 0.0 1.9678771847474664e-06 0.0 0.0 8.235364000174663e-07 8.674430661799628e-07 6.645300496608625e-07 2.8572306563502774e-07 0.0 5.253263837094141e-07 6.189426443513049e-07 4.263047382166504e-07 7.3214730558152916e-06 1.161215508626792e-06 4.20054468921368e-06 4.084277241457053e-06 1.1389419661523287e-05 1.7329478629778476e-06 3.066020000763184e-06 9.545143578458107e-07 0.0 1.1534578550650043e-07 2.1117785530892836e-07 1.0809737884324752e-06 7.738865127299439e-06 9.390643920158072e-08 2.742989154777073e-07 5.5389769024218714e-08 1.7823431174408144e-07 0.0 0.0 0.0
0.0 2.3703703207269556e-06 0.0 1.1282668827629152e-05 0.0010015252408479911 6.823366722384057e-05 1.1779071465404333e-06 2.815199402281189e-05 0.0006286623594548473 1.3830337194722758e-05 1.5187377028827548e-05 0.0003527983294366535 6.102047499536281e-06 1.1560585778391805e-06 0.0 1.008637744205637e-06 8.88622484854767e-08 4.4209641990430757e-07 1.442034401241146e-07 1.3592784252153906e-05 0.0 4.9922153841441025e-05 3.820084082945483e-07 0.0006820162989651548 1.1887897488066484e-06 2.6375551693837956e-06 3.37308793658571e-07 1.3039540367716656e-05 1.5643828706815686e-06 0.0 1.977816802679782e-07 4.1001029652622117e-05 8.532999708656368e-08 1.9310292430802355e-05 4.70534566095226e-07 8.863711080834238e-06 5.13349505853161e-06 5.903476263756226e-05 4.057321364028729e-06 0.001151860388387519 1.731457229672507e-05 6.495321870091515e-07 1.2383592139800403e-07 0.0 0.0 0.0 0.0 0.0 0.0 2.716771608072464e-07 0.0 2.3241589989237786e-06 3.437222050205813e-07 2.83156111755671e-07 0.0 4.01432375705051e-07 0.0 0.0 4.796702039650739e-07 6.153748025730287e-08 1.1556284128350212e-07 1.9225070227206724e-07 0.0 2.7205579744228764e-07 4.335145981596954e-07 1.0373916322417736e-06 9.242019263818241e-07 3.849442038651024e-07 4.0455991823918367e-07 7.07279756164259e-07 9.044700655815619e-07 8.245539089628446e-08 5.132849779774411e-07 3.951354098855558e-07 0.0 0.0 1.1202989789903954e-07 0.0 4.709270156547215e-07 2.013827328882116e-07 1.4573410323095044e-07 0.0 0.0 0.0 7.693862315846596e-08 0.0
7.681080860588089e-06 0.0005709315282962205 1.7361740147921232e-05 8.11766462448807e-08 0.0 6.153633379350199e-07 1.924816375827129e-05 1.1270247785231409e-05 6.715417383357747e-06 4.5993911550997386e-07 5.815525936150107e-07 0.0 7.445823497488165e-06 3.152775894344377e-06 1.008637744205637e-06 0.0 6.840294537644424e-06 2.4757608985363716e-07 5.050964406394069e-07 0.0 0.0016357520601311764 0.0010991723547682571 0.00874962695378446 0.00034690570742607806 3.677115355762589e-05 1.7004720949478856e-05 0.0034800158016742647 0.0005960328309812646 1.6616901630479263e-05 0.00041763029555448204 4.295601681627499e-06 1.4271372470412252e-07 0.0 5.1812056223868075e-05 1.4363564633721949e-05 0.0007409663119493567 0.0003985985294770971 0.000245527417373649 0.00048671970321257355 2.803516430777748e-05 2.3984327634086787e-06 1.2025395373922824e-06 2.4319807496544538e-06 5.583205761520677e-07 3.52647063958093e-05 2.7265657996610056e-05 0.0 0.0 2.818562548483706e-07 1.9558299216926476e-06 8.285848408641717e-07 1.5060084800328592e-05 0.0 2.469069085762283e-07 0.0 0.0 8.515559529883839e-07 0.0 0.00092201968719928 5.3189700856311715e-05 1.7854745529517163e-07 5.279214121121809e-06 0.0 0.0001440239170049099 0.0006043922182835956 0.0007810186348913452 3.989872111484886e-05 6.862988793046883e-07 2.2649691809858423e-05 0.0007888874666820041 0.00014724927832614432 1.2258779599106366e-06 0.00013857496197589307 1.617331261113777e-07 0.0 2.206549277777873e-07 7.740960647049346e-06 1.408613285858243e-05 7.034541507955798e-05 2.0961288672828434e-05 1.8603046398888686e-05 2.4868282645158644e-05 4.2030035326280766e-06 0.0 1.0514342735764147e-07 4.305054253343479e-07
7.087377726191092e-05 0.0010677062237498141 0.0005182487754017288 0.0 2.504902419019695e-07 6.179924548852863e-06 2.7453498799978466e-05 8.745797910631569e-05 1.5798642972997521e-06 4.232751210130721e-06 1.071821763898371e-05 1.4337448161551809e-07 4.923226043650238e-06 4.944469413843766e-05 8.88622484854767e-08 6.840294537644424e-06 0.0 1.6106015270851293e-05 0.001295016611590866 0.0 0.0004958417007927364 1.662052372838905e-05 0.0017382398454600751 3.915110686032617e-06 0.00013670253612603424 0.000897180655394928 0.0008844643806929133 8.205258311670782e-06 8.52356272313362e-05 0.0007129481082431149 3.5873709899921545e-06 2.959981541438018e-06 9.86415615811066e-06 0.0010942730837464297 3.6358787796844127e-07 0.00011170394371768715 0.002785630860823355 0.00038604399029858877 4.547963211389e-05 6.027763261515256e-06 6.251105838845518e-07 9.148594160836104e-07 0.0 0.0 0.00044628791812803445 3.0919459492216204e-06 0.0 0.0 0.0 0.0 0.0 0.0 0.0 5.61332206642222e-06 0.0 2.4271208503156846e-06 0.0 0.0 4.056374642972861e-06 0.0001276507845214087 9.621894320843226e-06 0.0006104745573605513 0.0 5.903934902849645e-07 1.2862279974292755e-06 2.1342366271270336e-06 2.0932072681306715e-07 8.401719990216003e-05 0.0009201351549327631 0.0011741946065211139 1.1745969867875537e-06 0.0 1.4181146394303735e-06 3.7310533158887793e-06 0.0 0.0 2.323639551711801e-05 1.7320017044392658e-07 4.297458135995501e-06 0.0001317665760839409 5.932579064299732e-06 1.3335014322270304e-06 5.7203797981398107e-08 0.0 9.522947985700373e-08 0.0
2.3458404330249034e-07 6.394589301488462e-06 2.819602647408961e-06 1.0822201303024671e-07 8.335763996058168e-06 1.3984210373950424e-05 8.829986825779083e-07 1.4945165068092762e-05 9.472514293077468e-08 4.1122610254716914e-06 0.0012000994355850418 8.823984096679692e-07 0.0002869928765476229 7.425968628443726e-06 4.4209641990430757e-07 2.4757608985363716e-07 1.6106015270851293e-05 0.0 0.00021478527040592286 0.0 3.5631772152970147e-07 4.632464582120031e-07 4.460140291269386e-06 5.091735480667943e-07 0.0005189013613432905 0.0018699984150792371 0.00019354400862093418 9.265171582403562e-07 2.0353576820014208e-05 6.434315932953597e-07 0.00023333551255273714 2.0834615592819447e-05 0.0 0.0007054763849944016 1.906923740294013e-06 6.80262371220884e-05 0.00025899953227492405 0.0005382838659618351 0.00018062805338119468 8.362004181851304e-06 3.5351626356932085e-06 7.552337306241665e-06 8.725737774118799e-08 0.0 3.2622691384022853e-06 0.0 0.0 0.0 0.0 4.705975412446611e-08 0.0 0.0 0.0 2.3807573765156335e-06 0.0 1.6704239385690352e-05 0.0 0.0 0.0 0.0 1.926719571810017e-06 1.758556632046892e-06 0.0 0.0 0.0 0.0 0.0 2.018006505517394e-05 2.22086329218362e-05 1.8341236322534888e-05 3.0140582433275736e-07 5.165909188506796e-08 0.0 7.090984026740447e-06 0.0 0.0 0.0 9.971019790113803e-07 3.495817065044748e-07 1.0431817164139867e-06 0.0 0.0 0.0 0.0 1.358393348910934e-07 0.0
9.196281706573267e-06 0.0002206750732048674 0.0006083529845109599 0.0 7.974475760183487e-07 4.087129922866468e-06 4.265043639937638e-06 1.2555862094159927e-05 3.2442931753086145e-07 2.326166917767529e-06 0.00016522575014080434 4.833140704009236e-07 0.00015884246583402602 9.075904927184761e-06 1.442034401241146e-07 5.050964406394069e-07 0.001295016611590866 0.00021478527040592286 0.0 0.0 3.780711310568289e-05 4.599263030626916e-06 0.0006630071842936413 1.4747553352869027e-06 0.0016498134681674952 0.0024215182880977567 0.0007512852186394316 2.602366306823039e-06 2.6073545319801037e-05 3.354169944544641e-05 0.00014184321365527436 5.675438086778783e-06 2.3178121610360616e-06 0.0006892177146710402 0.0 5.655756433771344e-05 0.00020171358477810025 0.0002719243810066997 7.569576265884547e-05 5.126740734908069e-06 4.817695140100212e-07 2.7690428571612324e-07 6.591147627199962e-08 0.0 0.00011865772945706325 4.938513808067419e-07 0.0 0.0 0.0 0.0 0.0 0.0 0.0 5.812742225610083e-06 0.0 2.254036182081714e-05 6.319234807365488e-08 0.0 7.37242967075696e-08 4.535054968305889e-06 4.475029488528371e-05 0.00022894237637845818 0.0 5.08781357443827e-07 0.0 4.901673167070957e-07 6.451030375139411e-08 0.00023318748027620757 0.0005987124560326902 0.0007056763948904615 6.221997667601264e-07 0.0 5.966869961767118e-08 2.6226337639922364e-05 0.0 0.0 4.634880607254389e-06 3.3053472835696296e-07 4.240727990961737e-07 7.496655032693425e-06 4.993837561670207e-07 0.0 0.0 0.0 0.0 0.0
0.0 0.0 0.0 0.001400903069789866 5.362787559767192e-08 3.1730592662883304e-05 2.73889102884667e-06 1.8204116809912644e-05 0.00017943018840262448 0.0038096553740063193 6.237425463107142e-07 0.001269099546851843 4.2849651538871384e-08 7.995705367900543e-06 1.3592784252153906e-05 0.0 0.0 0.0 0.0 0.0 0.0 1.605496656379403e-07 0.0 3.153646130907111e-05 5.120703335100434e-08 2.9384978857358104e-07 1.1088654133651775e-07 0.0010342539339491385 7.351604548683544e-06 5.399307431978249e-08 0.0 1.096040300515128e-06 1.9596193684948614e-07 3.704299337521709e-06 0.0 1.2054054531369432e-05 4.402785292213192e-07 9.608799927397084e-06 2.2766467442873814e-06 9.887232913213291e-05 1.0009935316297522e-06 1.234578740667857e-07 0.0 0.0 1.3779244401489353e-07 0.0 3.9067558368875954e-05 0.0 3.5929742827102077e-06 5.650793936637013e-06 3.5001525554119275e-07 1.0465990526745548e-05 2.5137532717991586e-05 0.0 2.2747540521986944e-06 0.0 0.0 0.0 0.0 0.0 0.0 0.0 7.258712529046692e-06 0.0 3.048532427677142e-07 0.0 1.0991292668638617e-05 0.0 5.437332707591371e-08 0.0 1.7906091000157887e-05 6.374070420968327e-08 0.0 4.619531238265604e-08 0.0 0.0 0.0 0.0 0.0 0.0 0.0 0.0 8.269522790904004e-06 0.0 0.0 0.0
9.386948152573791e-05 2.658771751700593e-05 0.0005544116052975618 1.748111753052807e-07 1.808882950834614e-07 1.6767410875980216e-05 0.0007770755828020642 0.00015606255701796715 8.148333066891836e-07 5.345383962475909e-05 1.3741783964661607e-06 0.0 2.0339822339320108e-07 5.161804779794045e-05 0.0 0.0016357520601311764 0.0004958417007927364 3.5631772152970147e-07 3.780711310568289e-05 0.0 0.0 4.655822696314916e-05 0.007755336640091763 0.00034906753513765256 2.779272524184974e-06 0.00011265067197466847 0.00022204378405385822 0.0037722335187971765 0.00015398893628920687 0.00458768947882063 4.4891948224724913e-07 1.028449518175819e-06 2.1419804646392715e-05 0.001221186392347176 2.724813581085327e-05 0.0009763865104324812 0.002994659300083354 0.001315072468878394 0.0008036560809632995 4.327322994331113e-05 4.613774976561285e-06 3.10157923184777e-06 5.500034491483445e-06 0.0 2.2524780150047146e-06 2.7729130698381396e-06 0.0 0.0 0.0 5.789881755278615e-07 0.0 6.752693564523541e-06 0.0 6.92359668223899e-08 0.0 5.213593243065252e-08 0.0 0.0 0.0003345683741541847 1.1532477959315725e-05 0.0 7.318306936202876e-07 0.0 5.395060337630943e-05 9.590473416924376e-05 0.00012981309407814686 2.532407921819478e-05 1.7019064939359283e-07 7.943824858497298e-06 7.062298338121422e-05 8.303039775750713e-05 1.1634832479545082e-06 7.288570378684796e-05 6.060639361043345e-08 0.0 1.47814903778552e-07 4.25767867254976e-06 2.1034680392352033e-05 5.885970454395519e-05 3.731271045793639e-06 5.939628388059696e-06 5.7371636531728854e-06 4.695791974522005e-07 0.0 0.0 0.0
7.791431385453476e-08 0.0013830843124331854 4.389064709882174e-06 2.553875352469538e-07 1.4702051776089734e-07 6.027097348195408e-07 1.580019761898418e-05 2.4011524898396925e-07 0.001109614950147527 1.275916439496269e-07 1.7246116648523774e-06 6.471754485180283e-06 5.783058839815187e-05 7.577533741211617e-08 4.9922153841441025e-05 0.0010991723547682571 1.662052372838905e-05 4.632464582120031e-07 4.599263030626916e-06 1.605496656379403e-07 4.655822696314916e-05 0.0 0.00022595283218306011 0.002384450639612239 0.00041524395440370525 4.505238885576236e-05 0.0008816957210127052 0.0003024599076118416 1.931158462675996e-06 1.4827928045899439e-05 3.5887216694433126e-05 0.0 0.0 8.627812488208684e-07 0.0 1.1875298355374813e-05 2.185477424908435e-06 2.2753830893853816e-06 2.8775482315774e-06 9.819687461284788e-05 8.177153952522443e-08 2.3175615729786532e-07 0.0 0.0 2.361337699415538e-05 7.981398539876338e-06 7.658060322837948e-08 0.0 0.0 1.8983389586370178e-07 0.0 7.946442822872717e-06 8.607030554962405e-08 0.0 0.0 0.0 6.859353636700111e-08 0.0 0.00017032933931161463 1.1321483225705329e-05 1.681580244335111e-07 8.050568991292662e-07 0.0 1.8091675510978897e-05 7.060813777324108e-05 7.395231993319475e-05 2.675896555157024e-05 1.147646899715731e-06 1.2389554095325447e-05 0.0001667758314604096 3.7032977969241614e-05 6.678479551874741e-07 3.1957314678881015e-05 0.0 0.0 0.0 2.026788021791232e-06 7.73894852271922e-08 7.420632750192987e-06 2.608413023881267e-06 5.58796766677678e-06 2.591153832813125e-06 1.957629575208087e-07 0.0 0.0 0.0
0.00019783737540799326 0.0005183553143183968 0.004494108730363735 6.765171278305586e-08 9.042316877207872e-07 3.7500340089637174e-05 0.0007383750362333339 0.00035395020689940495 1.812405911769471e-06 7.132134117571748e-05 8.414136426668642e-06 0.0 1.1075743196735885e-05 0.00014389285859371645 3.820084082945483e-07 0.00874962695378446 0.0017382398454600751 4.460140291269386e-06 0.0006630071842936413 0.0 0.007755336640091763 0.00022595283218306011 0.0 0.00020844281897888903 5.1189849523859185e-05 0.0011768241524667056 0.005160405055465262 0.0018784194044441668 0.00038307393899682647 0.003797500296303667 4.7595456612734835e-06 3.2776677053314343e-06 7.77464374012536e-05 0.0029543559290475 0.00011127231830704419 0.0032839324243877045 0.007609503975113382 0.004465746102962166 0.004063673202672792 0.00018235934413075145 3.700258434331834e-05 1.2538508194824377e-05 2.1784485348120865e-05 6.665672863698003e-07 0.00013628327570695947 0.00020270484372934827 0.0 0.0 8.993332604123861e-08 2.7608527170953768e-06 9.108221670238789e-07 9.985430741873315e-06 0.0 0.0 0.0 1.0798555754997292e-06 1.5455717747824301e-06 0.0 0.0006341490824122832 0.0003540943517618362 9.93197506353134e-07 5.077207688264488e-05 0.0 0.00010862807104362766 0.0003003566487580522 0.0009588486168403301 3.3470662865257655e-05 8.686401592151697e-06 0.00031260056172175365 0.0018823401797819462 0.00011136502860681128 2.3719545569085985e-06 0.00010059428647434976 3.7120148692534303e-07 0.0 3.1744746459419323e-07 1.9482950169399443e-05 7.783034729220207e-05 0.0001991182506159379 9.139600158568548e-05 5.3594742458995335e-05 3.64438697059501e-05 3.974723589292877e-06 7.698233343020065e-07 1.7698390724925038e-06 4.691642472012862e-07
2.063920223086271e-05 0.0004222260315347627 2.0735000821957805e-06 0.00019926677594779698 4.3724861915159867e-07 2.369256678916818e-05 0.0011651743759654488 4.775879093537045e-05 0.0016820441066247463 0.0010708754330375299 5.366690626132224e-07 0.00010730366301582982 1.1115008206873106e-05 9.4694861285971e-06 0.0006820162989651548 0.00034690570742607806 3.915110686032617e-06 5.091735480667943e-07 1.4747553352869027e-06 3.153646130907111e-05 0.00034906753513765256 0.002384450639612239 0.00020844281897888903 0.0 7.55165681702749e-05 1.1788944518791204e-05 0.00014054216347023454 0.008908978076521214 6.415325448506354e-05 0.0003622472792600879 5.932557501137122e-06 1.5930498006884482e-07 4.426330801452211e-06 6.768972588865215e-05 1.7227329428358313e-05 0.00033695460364528034 2.158740001960807e-05 0.0001306639320537155 0.00013535192819939552 0.0003567735533270343 9.742089322324493e-06 1.3016469980220402e-06 5.199186778050754e-06 2.785606437568394e-06 1.0226601974199219e-05 6.026852095123368e-06 5.61004216250978e-05 0.0 2.21842368953904e-05 0.00034453126448913315 2.545271905506838e-05 0.000510761293923249 0.0001510628888351648 0.0 1.7274342073892332e-05 8.430204585602107e-08 1.4005395422262509e-05 1.141283177380604e-06 0.0004823474905205333 1.1266395327564377e-05 5.031013079028439e-08 1.507114593040218e-06 3.228481692566067e-05 7.951104788004207e-05 0.0002611805205395646 0.00012484855622932103 0.0012892040055033675 0.0 6.593078043662159e-06 4.9152251777041164e-05 0.0012026196565596038 8.635504210280191e-05 0.00038250830129850675 0.0 8.835903659381864e-08 1.1131118389419334e-05 1.9309061973349044e-05 9.08403452521166e-06 0.00016725788971097075 4.222461688589153e-06 5.142420808255423e-05 2.8942528359609128e-05 5.6731738560410234e-05 8.228345364857718e-06 8.539785631465198e-08 2.30413156207654e-06
1.3622253863076186e-07 0.000949171545399854 2.6562573137207e-05 4.9173944090940894e-08 2.6244291963958243e-05 7.79555272191854e-06 4.244885114240771e-06 8.531098605594937e-06 4.6464991991009505e-05 2.5481607081154987e-06 0.0023021335327197178 5.559601554049362e-07 0.0013152273997686951 3.7027953671993955e-06 1.1887897488066484e-06 3.677115355762589e-05 0.00013670253612603424 0.0005189013613432905 0.0016498134681674952 5.120703335100434e-08 2.779272524184974e-06 0.00041524395440370525 5.1189849523859185e-05 7.55165681702749e-05 0.0 0.0011364372978387171 0.001032254232799872 8.430687587051293e-06 1.0957154499078656e-05 1.6109858696990798e-06 0.00048026131112014614 1.3557255191639282e-05 0.0 0.0004147088364066115 0.0 0.00025138471583002476 0.0002723102178719238 0.0005311737495480727 0.00012588633678422818 1.1125602711000706e-05 3.5005995423615756e-05 0.00019612099807652902 7.730458199321959e-06 0.0 3.953656209775185e-06 0.0 0.0 0.0 0.0 0.0 0.0 0.0 0.0 0.0001086264389399037 0.0 0.00045819327469724 0.0 0.0 7.620873465845547e-08 4.774275189786756e-07 2.3470052264068667e-05 1.7884174661517007e-05 0.0 0.0 0.0 0.0 6.17520582795948e-08 6.665880567401914e-05 0.00023610935187871654 0.00019382593305198467 2.0801347726788564e-06 0.0 6.339025147641322e-08 9.179677428040504e-05 1.8829759419074252e-07 0.0 2.078083882871804e-05 1.1277081084496061e-06 2.2528745834407782e-05 3.689613194270183e-05 3.2881481497041144e-05 3.341682328672604e-07 4.4518028698920414e-07 0.0 1.6991173609078492e-05 1.5037758520519286e-07
