0.0 5.569066721641941e-08 8.131525653731391e-05 1.5944123032012908e-06 1.268935641172286e-06 5.2545450413209835e-05 0.0013861512554979192 0.0007924954919321872 2.119044984330653e-05 3.142041875340852e-05 1.3825424309038369e-05 2.765131382189582e-06 3.9734859854641454e-07 0.0035889481605521243 3.020661201139619e-07 7.064279580275996e-07 0.0001440737880800276 2.7430581410965213e-05 7.131538135012713e-05 1.3713642636925455e-06 3.061252892975781e-05 3.2332865074844888e-06 0.00014914651942629309 7.678179071306803e-05 1.441491383124156e-07 8.157367520528459e-05 5.287478577461722e-05 0.00018446878234262574 0.002057923182462731 0.0011985191279445982 3.670652208842495e-07 9.604925056144193e-06 4.6073040902508815e-05 0.0001480778485663173 0.0 8.355527526053826e-05 9.246851213236037e-06 0.0001600424757824192 3.0212761477582857e-05 1.854333601447042e-05 7.78459214347567e-06 1.3751425243196407e-06 3.565590169389137e-07 5.196694978450224e-07 9.06533055226892e-08 4.6422348606475414e-07 5.1832068759446636e-08 0.0 4.699645452464703e-08 2.058065684662367e-05 2.4532737528374047e-07 9.94193774612087e-06 4.4397147711605975e-07 4.8162202114080194e-08 0.0 0.0 2.2729920469726212e-07 0.0 6.682062304176748e-06 1.1859183566471766e-07 0.0 1.1357531322149444e-07 0.0 1.315641244582539e-06 1.3799915611019086e-06 3.8616992892201884e-07 5.438619456248397e-05 0.0 9.811659382359539e-07 3.0226669614994904e-06 3.086660975421283e-05 4.944772968254465e-06 1.0035042406353858e-05 0.0 1.7118937137605503e-07 7.922296335265843e-07 1.7039733839886463e-06 2.3206798263162492e-07 2.658983155004239e-05 2.7837246292996e-07 7.694139004599079e-06 3.701676643639105e-06 1.619001102572662e-06 1.5690677604364438e-07 1.2519163599774982e-06 0.0
5.569066721641941e-08 0.0 1.5256431554902783e-05 1.4456842727804975e-07 3.5519299739408823e-07 8.003069531328521e-08 4.2216191733879077e-07 1.1501627788261856e-07 0.00026678219656537717 5.9461253428502384e-08 2.3853051804427166e-05 9.196656467097572e-07 0.000207969752354872 4.0236454617639216e-07 8.616903561661585e-06 7.686443317986602e-05 3.347331706400894e-06 1.1934734474500837e-06 5.187902266462744e-07 0.0 5.680593431171272e-06 0.0016738918851042896 4.8984467284226555e-06 0.00043496297915675616 0.001376960225746046 0.00011611602889917273 0.0038260478890950545 2.1938205254563467e-05 4.488983550202911e-07 6.661643480913864e-07 1.25668708745022e-05 7.871970865186822e-08 6.378723648458401e-08 7.345204923537878e-05 0.0 1.0566287269556836e-05 4.608203153015617e-05 3.531733670099942e-05 6.6165032431595955e-06 3.866556307569584e-06 1.7483615510111696e-06 0.00016899532260937158 0.0 0.0 7.980250638544147e-05 2.6858785847131105e-05 1.5243189441751134e-07 0.0 0.0 1.0601504120117949e-06 0.0 1.6999491120682021e-06 5.3356074189069085e-08 3.546978304473004e-06 6.385838169041924e-08 1.1458709681981614e-05 4.2535199921533757e-07 0.0 8.472472198821346e-06 3.948530867703484e-06 1.6375765875146012e-06 6.470244219919993e-06 0.0 8.136367406620625e-08 1.4619893199963394e-05 2.709811684523067e-06 6.327957090389284e-06 1.742032699651783e-05 0.00022216404606560864 0.001135016389804236 2.8351005376758335e-06 0.0 4.2781875541030584e-07 2.8633223673780906e-06 0.0 0.0 5.023739188418842e-06 0.0 1.5208430024060566e-05 1.1799866314731008e-05 1.0124766918980927e-05 5.1933066869253486e-06 4.625023811223086e-07 0.0 7.295023438911411e-07 4.003616203917622e-07
8.131525653731391e-05 1.5256431554902783e-05 0.0 2.693707185699521e-06 1.1566705467319184e-06 9.740978788417384e-05 0.0009687390632678335 0.0002541988653256098 7.703019562091726e-07 4.9690668212961573e-05 2.7798738465476134e-05 1.7375909373607386e-06 2.4757508243688917e-06 0.0003868462082061387 9.04787448321366e-07 1.619337538571377e-05 0.0030792214952312155 8.412757611593048e-05 0.00022909651552329666 1.1658890680856654e-06 0.0006263387718948328 8.742544999116173e-06 0.007142758978548917 2.7946006992411658e-05 1.0401152656206431e-07 0.00727540739393443 0.004444452054133837 0.0005039520918371982 6.236713888258143e-05 0.0004445033736551314 2.5340086360614994e-05 4.524171309070756e-06 7.487153634183566e-06 0.0005333247623565774 2.6093000834836407e-05 0.001327172545323123 0.001372808810910132 0.0007150192904165017 0.00036047418471999744 5.842517072352143e-05 2.138076304513352e-05 6.0262856651322415e-06 9.746424924086438e-06 4.325184197306862e-07 5.1524823602704885e-05 0.0001949299542993886 2.210223537523214e-07 0.0 1.96795647234702e-07 5.79619586498836e-06 1.216364244106018e-06 1.6523047377064496e-06 2.067941199565514e-07 8.198522270021179e-07 0.0 4.4412574207236595e-07 2.8425926798465145e-06 0.0 2.4867817147733045e-05 1.5992662868877808e-05 1.904058038020677e-07 1.728922714125865e-06 0.0 2.496056216355343e-06 3.448989770264758e-05 0.00013149519799205575 1.2846560668978716e-05 1.1983582191871024e-06 6.197899025778884e-05 0.001155682305000593 1.0656988705816097e-05 7.997214817088118e-07 2.0766504890382938e-06 1.6933733187445552e-07 0.0 1.0379934149245935e-07 3.937320947545232e-06 5.987797074110603e-06 1.1982028691062489e-05 1.310582830101006e-05 6.259930908982514e-06 4.792001240735835e-06 9.468285080617569e-07 0.0 9.861192399979339e-08 0.0
1.5944123032012908e-06 1.4456842727804975e-07 2.693707185699521e-06 0.0 2.1460831024325797e-06 1.1059763045569853e-05 2.1015672750924584e-05 3.577696978113933e-06 0.00034105722675819336 0.002276616695631257 1.416151465192598e-07 0.0003740481561849214 1.0393681839168376e-07 4.935877377859682e-06 4.78702285824843e-05 2.0731167127197425e-07 4.52973491331141e-07 0.0 0.0 0.001293644831281507 7.249683749736691e-07 1.2566270554467294e-07 6.314050708132185e-07 0.000799402126711315 0.0 9.873063346594278e-07 2.6910458179238697e-06 0.0025369551731639463 1.3330103075354812e-05 1.00311994726548e-06 8.529032426841762e-08 8.766479353861914e-07 1.443594927554093e-06 4.8314137628738845e-06 0.0 6.70745617206111e-05 4.3255706824265097e-07 1.8099028552430467e-05 1.221769528543646e-05 3.769177423799947e-05 3.9615162587287105e-06 0.0 1.4164449797546262e-06 2.928916136584348e-07 0.0 1.3156719159152626e-07 7.211817360266701e-05 3.19194585110205e-07 7.0898001606942824e-06 1.7659403053973238e-05 1.02403409719425e-06 4.0347288203315744e-05 7.610684979163893e-05 4.61834755283019e-07 2.9968434264182826e-05 0.0 9.542789872418495e-07 1.3038698415805038e-06 3.231232274132829e-07 1.6644654779549235e-07 2.5382460254776143e-07 0.0 6.688213819068034e-05 0.0 6.998090712620804e-07 6.362015889715418e-07 0.00011263023440984925 2.8319103022232287e-07 6.145281019695381e-08 3.8777978336805715e-07 0.00011616587115754284 3.7122161340980382e-06 7.381131252924391e-08 0.0 3.055950127138692e-07 6.985498265685438e-08 3.107899870261657e-06 0.0 3.716067808468739e-06 6.885334644298822e-08 3.0216000510730916e-06 3.365135107456787e-07 9.239564766449538e-06 1.3965426985930718e-07 0.0 0.0
1.268935641172286e-06 3.5519299739408823e-07 1.1566705467319184e-06 2.1460831024325797e-06 0.0 0.0003757201814311672 5.3557267776324866e-06 7.023573178971809e-05 6.284312998490142e-05 1.7033252263280446e-05 2.4448394448067644e-05 9.24741975838454e-05 5.143055512555291e-07 5.514966053681205e-06 0.0007767008687380444 0.0 3.9171833790870633e-07 1.8132998224988317e-06 4.306348488704379e-07 5.203399051661165e-06 1.2770726360468009e-07 1.1453488451428865e-06 8.917763486640324e-07 1.5398439149680627e-05 2.1442839018707033e-07 2.4819290531572794e-06 2.3829815961859915e-06 5.356684728039686e-06 9.836808687392172e-05 8.314531474161233e-07 5.286292523168324e-07 0.00023819311535886546 0.0 5.667814384498771e-05 0.0 3.181658421955574e-05 3.318927748657524e-06 7.496528143178202e-05 5.0609833627347364e-05 0.0011918050027462605 3.278537590294373e-05 2.318433350843086e-06 7.17036408524457e-07 0.0 0.0 0.0 1.4763582908916507e-06 0.0 6.073188030187989e-07 2.1899247317557071e-07 0.0 6.750386484566441e-08 9.914888206348119e-07 0.0 1.0763716944577222e-06 0.0 0.0 0.0 0.0 0.0 0.0 0.0 9.538506548403433e-07 0.0 0.0 0.0 1.2146912260212732e-06 0.0 0.0 0.0 9.087307110651647e-07 1.506450896374582e-07 0.0 0.0 0.0 0.0 0.0 0.0 3.2095566370660137e-07 0.0 0.0 4.645607654154221e-07 3.636462536387633e-06 0.0 0.0 0.0
5.2545450413209835e-05 8.003069531328521e-08 9.740978788417384e-05 1.1059763045569853e-05 0.0003757201814311672 0.0 0.0016773723334135796 0.0017739371194203917 0.00010058761236847706 0.0047148756164057505 7.337449258892926e-05 0.0018381132675746067 4.979034716147284e-06 0.0004455472685942789 0.0008106769663477342 1.9460175620379377e-07 4.778560428686417e-05 1.3344078233358561e-05 2.19755336486732e-05 0.00021507339020983442 2.630316014847871e-05 7.414098240563296e-07 5.6664009503205905e-05 0.00016316425240792243 2.1173849587804135e-06 5.004043762360102e-05 4.143265978386318e-05 0.00038307954109709165 0.00030235557652080367 4.195928855444864e-05 1.912891144899294e-06 0.0005531518189767777 9.134198225164176e-06 0.0002221149094760613 1.1783962978603994e-06 0.00028641331867001503 2.1383442618253872e-05 0.00047067627568556114 0.0001995838687772102 0.0011138981835953864 0.00015320690451105142 1.1991071868049e-05 4.340880504131935e-06 1.6902602399034843e-06 2.368639610798013e-07 5.789612471843787e-07 2.6571826696689403e-05 1.2222697218154177e-07 4.107551052147875e-06 2.621692178165278e-05 2.4261293644912373e-06 1.0769962180793658e-05 4.1296859908864735e-05 6.865228027998166e-07 2.8645512334109908e-05 6.1765451560033e-08 9.680473792169013e-07 1.9618298407262294e-06 1.3907721659718837e-06 0.0 5.586081193712169e-08 6.505006608210307e-08 3.514932289636849e-05 2.5108925937892e-07 7.306064021720238e-07 8.730269673576885e-07 0.00010211142038704666 0.0 6.144231042126347e-07 3.6776140002302914e-06 7.518428249644109e-05 5.292059115466653e-06 2.1486796918269714e-06 0.0 4.3886585861976604e-07 4.6686368667172774e-07 1.007151994522345e-06 1.672854416546513e-07 6.855991095069013e-06 7.387461482519203e-07 4.502234022280001e-06 2.3636426758840144e-06 7.009208580167476e-05 1.491919406906819e-06 3.355942264019936e-07 6.356765431444889e-07
0.0013861512554979192 4.2216191733879077e-07 0.0009687390632678335 2.1015672750924584e-05 5.3557267776324866e-06 0.0016773723334135796 0.0 0.0015033448524797563 0.0001182057997287123 0.00426132277174775 2.7069366200506104e-05 2.938295798275123e-05 1.0536075980496287e-06 0.003654003890328373 1.0276172337354165e-05 6.921432916123496e-06 0.00012415676252432214 1.2308305537008268e-05 2.1689708859262563e-05 2.4072792228108242e-05 0.0005748956484952158 1.119721289346856e-05 0.0005941054763126484 0.0004127065578598451 3.774287921626998e-07 0.0001767210283609312 0.00033286458636343544 0.009240456377216884 0.0015232379166403606 0.0013307800025769065 2.8453779045189904e-06 3.52264490164728e-05 0.00016843272714654002 0.0003550956192430958 3.882659450535932e-06 0.0016968786130316831 7.427331082108926e-05 0.0010455596548973583 0.0005138606495419025 0.0003990885867709374 0.00016396566958870585 1.8631572633980935e-05 1.910803050220791e-05 3.5240315315378763e-06 1.7333823171281719e-06 5.548862545053479e-06 1.0121017951889919e-05 1.4861833323651564e-07 6.0639043925856525e-06 0.00022705244900759656 2.667097158665295e-06 8.053572157972269e-05 2.499389215233877e-05 1.4093735789402992e-06 9.957674952444127e-06 4.4248759452855876e-08 9.010986457480496e-06 0.0 2.6005922806271023e-05 1.0529667207717536e-06 3.265978725616211e-07 1.1846465713715334e-07 1.9544142259440327e-05 3.566781081512644e-06 8.814530296703809e-06 1.3497231443805235e-05 0.0005128164384335305 2.5110867139264977e-07 1.7227938929492759e-06 3.352885702484571e-05 0.0003361051166542775 4.566294359558197e-05 3.0399611394501912e-05 1.0053458216074359e-07 1.3685299341724987e-06 3.263221640465446e-06 1.9739437025411846e-05 8.629259146048773e-07 0.0001582691625493632 3.5656498622089343e-06 6.639632523249307e-05 2.7576167174318146e-05 2.049475729929687e-05 8.247014919545294e-06 2.0568026396195782e-06 2.525960651676251e-06
0.0007924954919321872 1.1501627788261856e-07 0.0002541988653256098 3.577696978113933e-06 7.023573178971809e-05 0.0017739371194203917 0.0015033448524797563 0.0 1.3140337740757092e-05 0.0014143681891647325 0.00020470868587794348 0.0002670495587745758 6.139789907741982e-06 0.0032774163542461923 0.00010869065834269273 4.084561141892003e-07 0.0002125697883059188 6.845492309724855e-05 0.00011564423883920378 7.82159517354289e-05 5.090415531493047e-05 2.271133566052361e-06 0.00022334687238772258 9.534981926973097e-05 2.9589394792651263e-06 0.0001938417457214856 0.00014364380218214782 0.00022492789353878982 0.001467966077751353 0.00027190091081683926 7.22740742844032e-06 0.0009263506808905595 1.2192112546205673e-05 0.0005719726347253287 1.0047744572412942e-06 0.0002802106512971923 4.686595559056333e-05 0.0008884161121852611 0.00024543294166696827 0.00038962392795891627 0.00016762568686615116 1.7611217990965958e-05 3.932732941794784e-06 1.7089055536850476e-06 1.742818622495809e-07 1.7114410987903328e-06 7.937600715990933e-07 0.0 5.0357944833459e-08 2.3457826859998506e-05 6.04778233782474e-07 1.3128083446361981e-05 4.0995931839995125e-06 3.477788850245276e-07 6.409933374962919e-07 0.0 6.169166923388771e-07 0.0 2.750268045575718e-06 5.5213054451848465e-08 4.925141353925397e-07 7.660415896208385e-08 1.4070674720777625e-06 9.713111907649451e-07 1.2767875857195113e-06 1.3277780138023047e-06 6.344716387940964e-05 0.0 2.0276535483943948e-06 8.35352999473793e-06 3.7421100178661854e-05 6.711792220053246e-06 3.4992712228128307e-06 3.1876726192279444e-07 0.0 0.0 1.942156405442627e-06 7.358440258719901e-07 1.2897987270617745e-05 6.034312225657403e-07 4.548013206641704e-06 4.60068373485946e-06 3.764324345773411e-07 7.308534358431307e-07 3.6209847726809657e-06 6.320253206325621e-07
2.119044984330653e-05 0.00026678219656537717 7.703019562091726e-07 0.00034105722675819336 6.284312998490142e-05 0.00010058761236847706 0.0001182057997287123 1.3140337740757092e-05 0.0 0.00035820972582831066 1.7321197244765705e-06 0.0004048557864889028 1.4626824517473398e-05 1.131455047785557e-05 0.0005249758189151992 6.067244856138187e-07 5.719354584592741e-07 2.580398002234972e-07 6.627438319216586e-08 0.0004997831135299094 5.694097553853623e-07 0.0010367399263626316 1.1703993029203477e-06 0.003797433681647562 0.00014369627938882375 1.2020619923545511e-05 0.0003249983515157477 0.0009018254291463069 5.174368879643148e-05 0.00012521821870579725 1.9448667113261296e-06 1.9719564792503018e-06 5.34474034135382e-06 7.957033967095614e-06 3.209891783903419e-07 8.515624515171853e-05 4.512670608004307e-06 2.718390503675176e-05 1.3859874341178283e-05 0.00012706939449564665 6.348904535607426e-06 2.850371680154082e-06 1.858130292956251e-06 3.5455944613296776e-06 1.0115104260055363e-06 4.0437716919211234e-07 0.00011216858106738167 2.2183566622810675e-07 6.264916084358353e-06 4.85993285965945e-05 5.996032032958568e-07 3.297669788446523e-05 7.6041483411532e-05 1.3907531576437926e-06 4.820046214004867e-05 2.4423454999452785e-07 3.261706889090289e-06 4.8826947305310685e-06 2.3801319283668506e-05 4.2077937301012563e-07 1.1878416993185569e-07 2.130147796158177e-07 9.550351505561475e-05 1.8618186808742107e-06 6.830865692175256e-06 8.113470093951943e-07 0.0005485061892954289 1.0130826455415924e-06 1.3803721883919154e-06 5.058302520198565e-06 0.0002177779910104432 2.211593066500359e-05 2.7743451891971385e-05 2.923094331499229e-07 5.378983923392922e-07 1.5623310106282489e-06 5.9992610748870785e-06 7.10086442493125e-07 3.497080554246408e-05 2.629046728912874e-07 1.691999965723566e-05 7.924454232456648e-06 2.8973524751862794e-05 1.320300742181924e-06 0.0 0.0
3.142041875340852e-05 5.9461253428502384e-08 4.9690668212961573e-05 0.002276616695631257 1.7033252263280446e-05 0.0047148756164057505 0.00426132277174775 0.0014143681891647325 0.00035820972582831066 0.0 3.7484546287618544e-05 0.004153953940737134 1.650695782777322e-06 0.0007727141692572294 7.997087620131427e-05 4.347541010009169e-07 1.8255568329962282e-05 9.058681165298283e-06 1.582668741344625e-05 0.004759800971101332 1.9655201167521247e-05 1.1851214417064975e-06 2.2857511173490768e-05 0.0007245746890851239 4.6648421339609914e-07 2.9238786303861388e-05 4.1322395965361785e-05 0.0029528383899491842 0.0005434182820413926 1.1178097786137722e-05 1.7763901425414905e-06 4.781858703579451e-05 1.7699781257976038e-05 0.00024746141377575176 2.048552880427513e-06 0.001246689964429362 1.7143702176473133e-05 0.0008652513239594756 0.00032097174763939676 0.00047450136005554604 0.0002524552020611224 7.939240903902368e-06 1.9728026499818766e-05 1.9311541464421e-06 0.0 6.910693298509452e-07 0.00019663896102459281 2.3317748189284782e-07 2.5771600862430386e-05 0.00012345308925127094 5.859874764533752e-06 9.923497435753651e-05 0.00028518040487244525 2.5335985945684997e-06 9.623677207523836e-05 0.0 1.0883782180166515e-05 6.0953882128626956e-06 1.4623087450332941e-06 1.4981408519979253e-07 0.0 9.052921606783412e-08 0.00024725655121259174 2.2017208648909656e-07 2.4808756530360962e-06 1.7891924752934815e-06 0.0004941744984722395 4.5994292641873826e-07 1.5186148924354852e-06 3.1794523027601394e-06 0.0005483762485225582 2.457925942410373e-05 2.7538746915398406e-06 6.421805681822942e-08 1.5651312111603227e-07 1.6573452355662683e-06 1.1242137106751779e-05 2.8528788751190626e-07 2.8164631422758202e-05 1.3699359975774735e-07 4.6045743262808326e-05 9.364590714942575e-06 6.597650222586276e-05 2.209125512587467e-06 1.0762899481159988e-06 6.587967253885227e-07
1.3825424309038369e-05 2.3853051804427166e-05 2.7798738465476134e-05 1.416151465192598e-07 2.4448394448067644e-05 7.337449258892926e-05 2.7069366200506104e-05 0.00020470868587794348 1.7321197244765705e-06 3.7484546287618544e-05 0.0 2.409649822403153e-05 0.000289303033609505 0.00016392841061536222 3.744135430257226e-06 2.3311467981606e-06 0.0003711232178393666 0.0026417169354564225 0.00034558684756888156 5.062912684780237e-06 2.01129912998622e-05 5.001434723212872e-06 5.098794701330982e-05 5.874359979341298e-06 0.00011839240572297242 0.001644042836663991 0.00038150469508135224 1.4081181990979586e-05 0.00019213579437440362 1.8389291426643742e-05 0.0002343895935764171 0.00025256967174865097 3.6355801015220905e-06 0.0031839176614640082 1.825938037732213e-05 0.0007688130640628058 0.0024177644839226114 0.004027006266654011 0.0017313404064210277 4.116981897228469e-05 8.4607237585115e-05 0.0004170434027186525 9.006623493309653e-06 0.0 5.66297426434243e-06 1.4274794458484578e-06 0.0 0.0 1.884382707169731e-07 1.0255437235169574e-06 2.44593408975287e-07 1.4193266721309566e-07 2.7772179627535975e-07 0.00014213100977053205 1.2165490136553283e-07 0.000374901482819246 3.658299340557589e-07 0.0 6.323459698900937e-07 0.0 4.07581655625321e-06 2.701249986029902e-07 1.0112454239356452e-07 2.60754384297186e-07 6.21911538618487e-07 1.7073813990672543e-06 3.5301853592845934e-06 3.1123589515441556e-05 6.630050207857873e-05 6.767787125389639e-05 1.5784246099395643e-06 1.0557221824041915e-06 2.957004671044046e-07 4.606410097251215e-05 0.0 0.0 1.5385121450781122e-06 1.7288115469993179e-06 2.701963141027343e-05 0.0002841564480854385 2.1908955325298606e-05 4.015993812866681e-05 2.326082719794049e-07 3.857292446175632e-07 0.00011878765383983427 3.144817887205003e-06
2.765131382189582e-06 9.196656467097572e-07 1.7375909373607386e-06 0.0003740481561849214 9.24741975838454e-05 0.0018381132675746067 2.938295798275123e-05 0.0002670495587745758 0.0004048557864889028 0.004153953940737134 2.409649822403153e-05 0.0 1.3073436179271423e-06 0.0001210991505374963 0.0005653443953709453 0.0 9.699295064622046e-07 1.796113389122529e-06 1.0173553771965381e-06 0.003696114006251882 3.4007318876338174e-07 3.405852403007736e-06 2.5953407376708173e-06 0.00030023760897344125 3.467844449459501e-07 4.194700787568677e-06 2.642696516292285e-06 0.00027232953364822243 0.00014842272363523737 1.5084764373307221e-06 7.348487213796006e-07 3.090331991693141e-05 2.523715448690425e-07 7.614482167381949e-05 1.5058585315794813e-07 0.00013296829498565883 4.721428755123943e-06 0.00030049635517526466 7.531030356074736e-05 0.0006520606847901765 6.555026114413256e-05 1.3526354835174089e-06 2.6879504442083415e-06 1.8349159466492327e-07 0.0 0.0 6.444694505245929e-05 1.038301453393821e-06 1.2647152293699869e-05 1.3438283805757187e-05 9.389249795105971e-07 3.2904533824346085e-05 6.501996428838397e-05 0.0 8.738030627820064e-05 0.0 1.0521187571493986e-06 1.4892490106141124e-05 1.559607519143197e-07 0.0 0.0 8.592490054002802e-08 9.779199251876959e-05 1.4121764341442327e-07 3.734994434097552e-07 0.0 7.256065736656988e-05 0.0 1.1809312593766639e-07 2.437502632532655e-07 7.31718464266624e-05 2.305021944220886e-06 2.67167659048382e-07 0.0 0.0 0.0 2.1665848830941e-06 0.0 1.914222342169943e-06 8.0688000841478e-08 2.717417802068213e-06 6.497310078245879e-07 0.00011330234232690027 1.7212361051747837e-06 1.7911656160986365e-06 0.0
3.9734859854641454e-07 0.000207969752354872 2.4757508243688917e-06 1.0393681839168376e-07 5.143055512555291e-07 4.979034716147284e-06 1.0536075980496287e-06 6.139789907741982e-06 1.4626824517473398e-05 1.650695782777322e-06 0.000289303033609505 1.3073436179271423e-06 0.0 4.607293292976427e-06 8.878715984076904e-07 1.294806923488711e-06 1.0852775568968405e-06 7.2574984191807e-06 5.185835659268697e-07 5.667132581834174e-07 3.319361280705565e-07 5.0142205030985444e-05 2.208921572358232e-06 1.4813509300639124e-05 0.0009963805245186508 0.0004948704286598414 0.002268440652552117 1.141452177375082e-06 3.1455588960726877e-06 5.768219370844797e-07 0.000518014229936259 4.301737402666359e-06 0.0 0.0003276424334153318 3.041949940625373e-06 0.00017948444174041466 0.0018747904300146431 0.000601886539875064 0.00018133069999417206 4.211888589965839e-06 8.945058643674146e-05 0.0007751308794729932 6.975525835075136e-06 7.976753615609008e-08 2.2074397169746966e-05 4.5807698170205965e-07 8.639651945045004e-08 0.0 4.973727860360376e-07 6.29148419829241e-07 6.6044637358513e-07 1.643813710527284e-07 8.120652714547467e-07 0.0005810981592862777 3.1443557900101766e-07 0.0020904303127675383 1.9514430706872476e-06 0.0 6.893132797734763e-08 5.086777127316497e-07 1.7532784021539698e-05 1.8485227020171947e-06 4.7144406627392444e-07 6.128557464557855e-08 2.0544266644264306e-06 1.7103629553722637e-07 8.036637132990779e-07 0.0002598940348403482 0.000333493397854945 0.0003912069885868699 3.292531850527009e-07 2.1323502962241076e-07 4.659706638339588e-07 0.0002832500291723258 2.052177099880558e-07 0.0 3.690863770245402e-06 1.715922145398222e-07 3.992462059073321e-05 0.0007195860298407918 3.724324598811527e-05 2.0430452116587003e-05 3.72884011490745e-07 0.0 0.00023082165395222612 0.0
0.0035889481605521243 4.0236454617639216e-07 0.0003868462082061387 4.935877377859682e-06 5.514966053681205e-06 0.0004455472685942789 0.003654003890328373 0.0032774163542461923 1.131455047785557e-05 0.0007727141692572294 0.00016392841061536222 0.0001210991505374963 4.607293292976427e-06 0.0 1.0345679544833758e-05 3.3835869636720456e-07 0.000328074660909354 9.663353188950575e-05 0.0001756917637176993 4.636074221144469e-05 6.634537161000953e-05 3.7557492335085527e-06 0.00038079022122537986 7.605286087000585e-05 5.890643578563673e-07 0.0002682885631572717 0.00019176312186347205 0.00020761133188202513 0.0025432869174508953 0.0008006588896552457 6.316199421474721e-06 0.00011767735083173007 2.3872447104693974e-05 0.0007199328297354895 1.3874208248465611e-06 0.00022945256159181407 5.528558895935891e-05 0.001310216857922611 0.00017545814612192736 9.752972058801297e-05 5.440923326165953e-05 7.82259139729768e-06 5.522022083726071e-06 3.622920989413893e-07 1.4188278570946086e-07 1.4462554616311447e-06 6.074354769439966e-08 0.0 2.2703759446430895e-07 1.2658929010433514e-05 0.0 4.640376708818834e-06 2.389925362132468e-06 1.7845452813302848e-07 3.2719250150660493e-07 1.1811674154749774e-07 1.67027341731595e-07 0.0 5.809535398015422e-06 2.4605450087578244e-07 0.0 0.0 0.0 1.0910731794580168e-06 1.983268259825987e-06 1.5250182461733346e-06 3.824501267142452e-05 0.0 2.6171840446898578e-06 1.037963826083684e-05 2.4678150268552162e-05 2.3636930488310347e-06 3.5600267626034154e-06 0.0 0.0 1.7666522664506114e-07 7.477249022760475e-07 2.3850134074331854e-07 8.420626062494985e-06 2.2244516133550385e-07 3.6348475832164693e-06 2.1701035738558695e-06 9.271411851146258e-07 2.582134289267722e-07 5.312697820153589e-07 1.0944469646272423e-07
3.020661201139619e-07 8.616903561661585e-06 9.04787448321366e-07 4.78702285824843e-05 0.0007767008687380444 0.0008106769663477342 1.0276172337354165e-05 0.00010869065834269273 0.0005249758189151992 7.997087620131427e-05 3.744135430257226e-06 0.0005653443953709453 8.878715984076904e-07 1.0345679544833758e-05 0.0 0.0 2.557003410290523e-07 3.87339932762202e-07 6.4534633238703e-07 9.694197762927477e-05 0.0 2.4150862340750027e-05 9.94532294418515e-07 0.000514322907956487 4.490342755358649e-06 1.4052148007203812e-06 1.3270898434355547e-05 8.384057511820695e-05 8.625828046294707e-06 2.2411491921993257e-07 7.96717397990039e-08 0.00042040417392293056 1.1513967405126902e-07 1.2586594946006065e-05 0.0 2.867568046829816e-05 6.177889780209304e-07 2.4751089273459916e-05 1.235979977793112e-05 0.0007094116951916143 8.075191790238622e-05 3.1237927281136315e-06 0.0 0.0 0.0 0.0 1.053480014958849e-05 8.461500734014388e-07 3.2024719453408393e-06 2.77311568297147e-07 0.0 4.462850337337755e-06 1.2810005736551665e-05 0.0 2.66795449305992e-05 5.74557914449719e-08 0.0 4.4099590764457955e-06 0.0 0.0 0.0 0.0 2.4258517972670706e-05 0.0 1.0291376489955919e-07 0.0 6.830919487674422e-06 0.0 0.0 4.454647673340844e-07 5.884297298076856e-06 6.717466798353401e-08 0.0 0.0 0.0 6.115349923570804e-08 8.435134269832362e-08 0.0 8.799088816437816e-07 2.521208824150803e-07 3.1005673506577626e-07 0.0 7.540221333781873e-05 7.390727913636012e-07 3.7587967836396236e-06 0.0
7.064279580275996e-07 7.686443317986602e-05 1.619337538571377e-05 2.0731167127197425e-07 0.0 1.9460175620379377e-07 6.921432916123496e-06 4.084561141892003e-07 6.067244856138187e-07 4.347541010009169e-07 2.3311467981606e-06 0.0 1.294806923488711e-06 3.3835869636720456e-07 0.0 0.0 9.924211879034825e-06 1.3971486790026847e-06 6.967077036924028e-07 0.0 0.00194493725722992 0.0008561311340866828 0.003167460397189102 0.0014795690837326137 2.3705659499576787e-05 9.019882719222047e-06 0.0023582956234770467 0.0014390386133991651 4.520260398220545e-06 0.00014313644150258637 6.895486679914998e-07 1.7779831957667843e-07 1.9868047478589335e-06 3.677603957672465e-05 6.78364388891889e-06 0.0011242030669504541 0.00038072199367065795 0.0003146607663988931 0.0005154844735382244 9.542288851591167e-05 2.195871701328087e-06 3.969621252740628e-06 1.7352620292802656e-05 1.3050786782239214e-07 1.03699332763497e-06 5.6347690033028856e-06 0.0 0.0 0.0 1.2769985127818067e-05 0.0 4.2767262120929824e-07 8.666361893050442e-08 7.487221549904297e-07 0.0 0.0 7.234715174032118e-07 0.0 0.002204981687366253 1.1425073414269886e-06 0.0 3.4314246332482705e-07 0.0 0.00025400477567974114 0.0007299937414934894 0.0007138881974400689 0.00011339497213873773 2.5414852955715916e-07 1.1835054310544772e-06 0.00011975972366122258 9.181978093100065e-05 1.8713951397523686e-06 6.456229925909986e-05 0.0 0.0 2.237292607782656e-06 3.0749504824390014e-06 2.939200581089835e-06 6.02543426008982e-05 1.0753514443868396e-05 2.1677369536385974e-05 2.8174356560812043e-05 2.334736081254396e-06 2.7338793696144695e-07 2.1061029193053295e-07 1.4080234742629687e-06
0.0001440737880800276 3.347331706400894e-06 0.0030792214952312155 4.52973491331141e-07 3.9171833790870633e-07 4.778560428686417e-05 0.00012415676252432214 0.0002125697883059188 5.719354584592741e-07 1.8255568329962282e-05 0.0003711232178393666 9.699295064622046e-07 1.0852775568968405e-06 0.000328074660909354 2.557003410290523e-07 9.924211879034825e-06 0.0 0.0005903510419929606 0.0021648931918061606 6.504477823903217e-07 0.00023356552233866514 8.510393159568995e-06 0.002154187384689674 9.877264331902816e-06 2.438941464680516e-07 0.002219525657030016 0.003636300849855161 8.452055870511223e-05 0.0002338834309392962 0.0007346611571628843 2.892949330253199e-06 4.219445335002286e-06 9.947649810142836e-06 0.0007235729129722446 1.4173155278332806e-06 0.00016865320574451358 0.0006760475085855141 0.0002446161282450377 0.00011678653183233268 1.2038310261907514e-05 2.7060108438275597e-06 2.428835484330187e-06 2.1917871003441776e-06 7.888440361645557e-08 9.539151927653753e-06 3.2313617663934045e-05 0.0 0.0 5.6285660356055e-08 8.675012832396964e-07 0.0 3.199971735892554e-07 7.903750578260847e-08 8.13563901731702e-08 0.0 2.722801445884115e-07 5.281428857169561e-08 8.544329479794935e-08 5.596994992903295e-06 4.16689423191511e-06 3.1981826625747295e-07 1.790868560511499e-06 0.0 9.189834223691841e-08 5.519849250166657e-06 1.2883228839615152e-05 1.6789511491027564e-06 4.382450339871767e-07 6.70458835462344e-05 0.00019872919948445324 2.508258150090457e-06 5.961409056625804e-07 2.799446254234804e-07 1.228248262237433e-07 0.0 6.449310276231293e-08 8.895251167209586e-07 9.436341962617843e-07 3.4705376908490165e-06 9.64518445809642e-06 1.5078023086423484e-06 8.194229687563772e-07 7.972195478207892e-08 0.0 0.0 5.857637012180682e-07
2.7430581410965213e-05 1.1934734474500837e-06 8.412757611593048e-05 0.0 1.8132998224988317e-06 1.3344078233358561e-05 1.2308305537008268e-05 6.845492309724855e-05 2.580398002234972e-07 9.058681165298283e-06 0.0026417169354564225 1.796113389122529e-06 7.2574984191807e-06 9.663353188950575e-05 3.87339932762202e-07 1.3971486790026847e-06 0.0005903510419929606 0.0 0.0011512517380399812 4.31101952644755e-07 1.2185095331412489e-05 7.541944692343278e-08 4.6376687697617796e-05 1.4521425672561211e-06 1.6169366629949759e-06 0.00088596392420199 0.00017132608093031168 6.518623267040068e-06 9.188281219153366e-05 3.7493235226069697e-05 5.033237400734243e-05 3.6042605062668986e-05 2.7404807179941665e-06 0.0006104434561896868 2.897176493697796e-06 0.0006179614385413386 0.000801451174677075 0.0008170366689432271 0.0003221323819271429 6.588549197447823e-06 1.697489429147676e-06 2.5579828745095033e-06 3.3214731094668588e-06 9.217018063533361e-08 2.4669981079748e-06 9.293900168833078e-07 0.0 0.0 6.847332029355084e-08 0.0 1.5974257989384744e-07 2.603403607963972e-07 6.852918687555983e-08 4.107883956774834e-06 1.368222395922432e-07 1.9737397403725136e-05 3.8212606508446296e-07 0.0 4.1361051282939863e-07 8.616279424174027e-08 6.338148459027853e-06 4.7557218281447055e-06 0.0 1.0436921836478272e-07 3.574228647135522e-07 9.779178397125862e-07 2.210950347187365e-07 2.3543446898899765e-06 0.00013269189899832838 7.909581629063447e-05 3.520805855118975e-07 8.760090677607318e-08 8.218039154259155e-08 6.343630435399746e-06 8.155677621363418e-08 0.0 5.200063910616017e-07 8.350290869444235e-07 4.686971456642543e-06 1.9600969885317135e-05 7.876463715211738e-06 1.8366876878119406e-06 3.209972477152174e-07 0.0 0.0 0.0
7.131538135012713e-05 5.187902266462744e-07 0.00022909651552329666 0.0 4.306348488704379e-07 2.19755336486732e-05 2.1689708859262563e-05 0.00011564423883920378 6.627438319216586e-08 1.582668741344625e-05 0.00034558684756888156 1.0173553771965381e-06 5.185835659268697e-07 0.0001756917637176993 6.4534633238703e-07 6.967077036924028e-07 0.0021648931918061606 0.0011512517380399812 0.0 3.050471849755857e-07 2.8567996560831266e-05 6.713341482162577e-07 0.0001423713747040844 8.931092177197696e-07 5.8161667376053e-07 0.0018526406456094537 0.00032369203872664916 1.345167712989553e-05 0.00014423241556171592 0.0001144748725151768 1.8952342861179345e-06 2.6379782293391127e-05 7.689378787432974e-06 0.0010716496163172074 2.710864022775506e-06 0.0005382842045018175 0.0010797254881663642 0.0005761980048842358 0.00022094838208444817 4.715341478464984e-06 1.7550421797398877e-06 5.918406593210856e-06 1.6768041426484092e-06 0.0 1.9896292853695233e-05 4.776192094999127e-06 8.778747974709293e-08 0.0 0.0 4.7247827816363375e-07 0.0 0.0 0.0 2.2052595205402734e-07 0.0 1.3445598356962296e-06 1.4315795843415483e-07 0.0 1.616320730856806e-06 2.9182938861817086e-06 2.1788176505137705e-06 6.520034911837779e-06 0.0 0.0 6.439165787781394e-07 5.46359129931935e-07 1.2968829821921553e-06 3.065592527188263e-06 0.0001889677458179506 0.00015190042106384927 2.6210669608186413e-07 0.0 1.8209535573977286e-07 5.451882660658271e-07 0.0 0.0 1.7890365253884243e-06 0.0 6.79473119395244e-06 8.112709085093618e-06 3.90011041209029e-06 1.989399314437248e-06 2.7925334009548577e-07 0.0 0.0 0.0
1.3713642636925455e-06 0.0 1.1658890680856654e-06 0.001293644831281507 5.203399051661165e-06 0.00021507339020983442 2.4072792228108242e-05 7.82159517354289e-05 0.0004997831135299094 0.004759800971101332 5.062912684780237e-06 0.003696114006251882 5.667132581834174e-07 4.636074221144469e-05 9.694197762927477e-05 0.0 6.504477823903217e-07 4.31101952644755e-07 3.050471849755857e-07 0.0 1.974195828794374e-07 0.0 6.858076868555098e-07 0.0004130645972973284 7.920883523290096e-08 1.557016590123513e-06 1.2753041024297607e-06 0.002049758287980829 6.15459800436416e-05 1.3399357176327179e-06 1.8594043511575526e-07 9.78477891227508e-06 1.108729112395141e-06 3.057794093805106e-05 3.360918128298779e-07 0.0001852547701800396 2.572533258220285e-06 0.00013439944120030415 4.275206382615771e-05 0.0002567874182823423 3.8085883329505995e-05 6.023724029648649e-06 2.9908089509632152e-06 6.838002634863245e-07 2.2076392912559972e-07 2.502743102211452e-07 0.00015309382591984397 3.839339229481227e-07 2.085622158379471e-05 5.831442350024414e-05 3.524168569648364e-06 7.382068703999373e-05 0.00020050907351742178 1.0077345918801574e-06 7.878629891029644e-05 0.0 1.6277623534076897e-06 6.577445424672969e-06 5.375573788964714e-07 1.0692496091563716e-07 7.150702225207853e-08 7.601746331746703e-08 0.00019159214923618063 0.0 8.416000009373145e-07 8.26360736460817e-08 0.0002824894768298063 1.1765870753637671e-07 4.9599454622488356e-08 0.0 0.0003080202501524945 1.247786311888931e-05 2.5154073130447753e-06 0.0 9.171445465296978e-07 6.816496984553184e-07 4.372589304558155e-06 0.0 1.6557715517921965e-05 7.539887650743699e-08 1.6238126878586396e-05 4.460286981802312e-06 5.986835029365699e-05 3.3211253430653737e-07 1.5473230492466323e-06 0.0
3.061252892975781e-05 5.680593431171272e-06 0.0006263387718948328 7.249683749736691e-07 1.2770726360468009e-07 2.630316014847871e-05 0.0005748956484952158 5.090415531493047e-05 5.694097553853623e-07 1.9655201167521247e-05 2.01129912998622e-05 3.4007318876338174e-07 3.319361280705565e-07 6.634537161000953e-05 0.0 0.00194493725722992 0.00023356552233866514 1.2185095331412489e-05 2.8567996560831266e-05 1.974195828794374e-07 0.0 5.380704116532372e-05 0.009299871460460768 0.00020078446612215912 1.450530672442455e-06 6.354596395163207e-05 0.0009034931791334747 0.002340573001874344 0.00013036807262236622 0.005767381789236011 7.05650411221776e-07 1.3083653813803796e-06 1.9018231136610173e-05 0.001430621783135683 2.1092809810032116e-05 0.0029700446268704074 0.0016934563648706641 0.0027223589475524257 0.0017694754907323284 0.00018413109830149339 1.1187135535307556e-05 8.425559403757317e-06 3.205904284673089e-05 0.0 3.926557705545584e-07 3.4943426555719615e-06 0.0 0.0 0.0 5.814572828741969e-06 0.0 2.9109067110527195e-07 0.0 0.0 0.0 0.0 5.424015802268563e-07 0.0 0.0003559305431041132 4.178443853537859e-07 1.8229277995626136e-07 8.337524837684472e-08 0.0 0.00010796143339226539 9.672930342431303e-05 7.850798134861326e-05 4.922591687720974e-05 0.0 1.3402305836640564e-06 2.9199913197881534e-05 3.429045464111906e-05 1.7834956855074522e-06 3.7585909495982e-05 6.945708464215443e-08 0.0 1.2291066339286321e-06 8.967482989473403e-07 6.212247684265976e-06 2.8272673469592326e-05 3.871798999279464e-06 6.5750679005555765e-06 6.326615094527817e-06 4.7589260741216866e-07 5.273017979141116e-07 0.0 3.4796757734514757e-07
3.2332865074844888e-06 0.0016738918851042896 8.742544999116173e-06 1.2566270554467294e-07 1.1453488451428865e-06 7.414098240563296e-07 1.119721289346856e-05 2.271133566052361e-06 0.0010367399263626316 1.1851214417064975e-06 5.001434723212872e-06 3.405852403007736e-06 5.0142205030985444e-05 3.7557492335085527e-06 2.4150862340750027e-05 0.0008561311340866828 8.510393159568995e-06 7.541944692343278e-08 6.713341482162577e-07 0.0 5.380704116532372e-05 0.0 0.00016144279584651036 0.0032909218142864087 0.0007154746923051162 2.967637638861589e-05 0.002259548236306793 0.0003419813128284591 2.3991963468227784e-05 4.395682116477135e-05 6.3367429748240115e-06 1.1021266451041648e-07 3.4324057868038885e-06 1.4861517329942538e-05 1.876137603526167e-07 6.77226211627417e-05 2.016631318363287e-05 3.1589292123236013e-05 1.5177547576911403e-05 1.9210032279820483e-05 7.52372473597558e-07 1.1663257642392892e-05 3.858150892460917e-07 2.0536778012403523e-07 1.752456368752034e-05 1.21772102276004e-05 6.672128776575876e-07 0.0 0.0 7.0165079045258325e-06 4.31910460383869e-08 4.308666056728729e-06 5.204172991623569e-07 8.161324788531172e-07 8.219818881376877e-08 1.78800045303447e-06 3.7955028305198464e-07 0.0 0.000591703096296408 1.0133692974477728e-06 0.0 2.904555200204159e-07 6.79057514499847e-08 9.599529866041461e-05 0.00014569271546609243 0.0001456788766309735 8.64256843161303e-05 2.0069536370665195e-06 6.820970909619871e-06 0.00044946347668641575 4.875006945626172e-05 3.2640045229423124e-06 5.093931485529463e-05 4.5636626288902164e-07 0.0 1.6445798312743926e-06 2.7947046592627058e-06 1.5418897564851256e-07 3.439470259582845e-05 6.6040341748413285e-06 1.0076533738400729e-05 8.57023149487451e-06 2.2501218865509935e-06 0.0 2.6263327766949663e-07 8.40718254970089e-08
0.00014914651942629309 4.8984467284226555e-06 0.007142758978548917 6.314050708132185e-07 8.917763486640324e-07 5.6664009503205905e-05 0.0005941054763126484 0.00022334687238772258 1.1703993029203477e-06 2.2857511173490768e-05 5.098794701330982e-05 2.5953407376708173e-06 2.208921572358232e-06 0.00038079022122537986 9.94532294418515e-07 0.003167460397189102 0.002154187384689674 4.6376687697617796e-05 0.0001423713747040844 6.858076868555098e-07 0.009299871460460768 0.00016144279584651036 0.0 0.00013807337075732721 1.7400602078151704e-06 0.0008696387032702738 0.00632027192851958 0.0029717732715943165 0.00017256626482539965 0.003301520318693144 4.442331487794361e-06 3.832170237663879e-06 1.2538457118606332e-05 0.0013582812175792027 5.4838156527303115e-05 0.005102976290847812 0.0036880177666851867 0.004443272723286173 0.004399512330278681 0.0006790141155820326 3.58982009924882e-05 2.4793287744271855e-05 0.00012129237563352835 4.914495286070107e-08 1.1672529274735382e-05 3.502188374584584e-05 0.0 0.0 0.0 9.565950028316482e-06 4.4467880017239584e-07 3.024755231693489e-07 7.343523986632794e-08 4.229889595141603e-07 0.0 1.974378891455497e-07 9.525099358540999e-07 0.0 0.0012913369909357975 3.250399224352957e-06 0.0 7.188818047645767e-07 0.0 6.526572468233293e-05 0.00035261918945458666 0.0009571904742773341 4.7493347319683546e-05 1.4856428762776562e-07 4.505773665203968e-06 0.0008532603969794674 4.5239138625041295e-05 7.60890310768561e-07 1.1737618726494525e-05 1.4442882664133773e-07 0.0 0.0 2.4619469607123316e-06 2.823577910336191e-05 4.546227013971939e-05 7.670975136548377e-06 1.9788442430290488e-05 4.065830273082477e-05 2.5119699781027536e-06 1.0829818537152606e-07 6.166257666303976e-07 1.7857526611950952e-06
