0.0 0.0 2.249783486247845e-05 0.0 3.748887273154378e-07 3.5182317024971635e-06 0.0006471356790340876 0.00034030785703863123 3.923426912787041e-06 1.6226583467334565e-06 4.983011678417234e-06 1.187664468913138e-07 6.347547555124231e-08 0.002975102322713467 2.2249173132259436e-07 0.0 1.4770765598461336e-05 7.83229893073117e-06 1.384968049780042e-05 2.4656002820154826e-07 1.4771343719784797e-05 2.427211329337368e-07 6.336128055279328e-06 9.849626257238023e-06 5.9198521754128245e-08 3.597344584579296e-05 4.760203524570078e-06 1.7228090804756735e-05 0.001659484121320685 0.0008948212939508812 0.0 5.6564912378784285e-06 1.9116250548722462e-06 2.0421009694056836e-05 0.0 1.1267089401194481e-05 3.435386769046754e-06 2.086637112854216e-05 6.580461555320749e-06 6.72109608285062e-07 1.0550389419419624e-06 8.198757332786752e-08 1.8617333170999656e-07 0.0 0.0 0.0 0.0 0.0 7.129335575342655e-08 9.210462470076409e-07 0.0 2.325111560295809e-07 0.0 0.0 0.0 0.0 4.3337217447265775e-08 0.0 2.0955794095668668e-07 0.0 0.0 0.0 0.0 1.4142365862567143e-07 0.0 0.0 2.7054642721492745e-06 0.0 1.5398234482054515e-07 5.867397094642229e-07 2.582158834837473e-06 2.510414694553301e-07 2.8451991692694566e-07 0.0 0.0 5.203027033509751e-08 3.4229261594385653e-07 0.0 4.1232046586692935e-07 0.0 1.7760769623208583e-07 1.5721153217669744e-07 2.085115603638458e-07 0.0 0.0 0.0
0.0 0.0 1.2397298733772864e-05 0.0 9.105062539828116e-07 1.1212532065602743e-07 3.7527236155440716e-06 1.7597802713691587e-07 0.00022322592728755462 6.051803151368154e-07 8.026577975620236e-05 4.6480691056867744e-07 0.0005918045070885028 3.0580845584368745e-07 1.928836950709607e-06 1.0448697496650549e-05 5.176655112319309e-05 3.072114639122549e-07 2.2491340244574704e-05 5.483520773726834e-08 9.753770981628408e-07 0.0011336622264865018 3.4374165182904505e-06 0.0006187239265817417 0.001598452041950637 0.0001213290431247877 0.0037447029113713125 2.17302213505856e-05 1.2312645368336431e-06 6.084558535461866e-07 1.6686628020244755e-05 5.6389864443843326e-08 1.7183072115902543e-07 3.783370035929721e-05 6.588339395527921e-07 3.5176751643185914e-05 5.5138371488160633e-05 6.59235264200609e-05 1.0921556645471512e-05 1.1210653611816926e-05 0.0 0.0002042886740760326 2.399011892149325e-07 0.0 6.776207907792278e-05 2.364599202615229e-05 0.0 0.0 0.0 3.524127660885071e-07 2.705659465594029e-07 1.41180916386386e-07 0.0 7.6161773481887075e-06 0.0 8.792129619223754e-06 0.0 0.0 1.909970812885603e-06 1.2718909700948423e-05 5.787069882530663e-07 1.1358210562039312e-05 0.0 3.973236697413379e-07 1.1798683860672712e-06 1.6361792568383265e-06 3.783285321068714e-06 3.1569099791325464e-06 0.00012421098341573576 0.0007168159175290682 1.1948871868505607e-06 1.5729489804316258e-07 3.585808228945939e-07 2.149566485931961e-06 0.0 0.0 1.20965167874529e-06 1.2090871471790244e-07 1.6778277254485207e-05 1.2283967206998187e-05 1.1168310811416335e-05 2.177153193982663e-06 1.7877259563112385e-07 0.0 2.2009182012634305e-06 0.0
2.249783486247845e-05 1.2397298733772864e-05 0.0 4.475993296711727e-07 1.2172501419524621e-06 2.3792626968932587e-05 0.0003396648973827551 0.00037210900578068504 2.180593694385397e-06 9.75794863806404e-06 9.021079107193424e-06 9.068707290475595e-07 5.099835093303642e-07 0.0001798638889971689 1.6424245794757977e-07 5.720671557319536e-07 0.0008171684992976701 1.622392144120108e-05 3.260552501174715e-05 5.78371559263001e-07 0.0021427206532299366 7.951177569897646e-06 0.006512146410297125 3.7836693276823864e-06 1.977475513244787e-07 0.002875128001283263 0.0020303393205854977 7.50146098062426e-05 6.233671547433521e-05 0.0005315141266536247 9.912876019974533e-08 7.198130661536825e-06 1.2130731189377186e-06 0.00013725578706091365 3.38129979644952e-06 0.0004275672547319677 0.0023084237570763578 0.00042377869058104437 0.00016266425140871858 1.7748555970967757e-05 8.371804195175059e-07 6.7211065554092745e-06 1.9214151543459935e-06 0.0 2.4767311430953554e-05 0.00024472921740570434 0.0 0.0 0.0 2.126664635534573e-06 4.4617258943339886e-07 5.563572275001717e-07 0.0 6.037269289937582e-07 0.0 0.0 2.515395494122521e-07 0.0 9.440249601503942e-07 2.4451432258666747e-05 0.0 1.7194035518159084e-06 0.0 2.853711708721438e-06 1.0600347182681745e-05 2.792792491451865e-05 6.811849345166864e-06 7.95976264179948e-08 6.33794617323043e-05 0.0006967208300413287 8.58709935924555e-06 7.533667168079416e-07 5.953578651308937e-07 1.459520881924729e-07 0.0 2.413892369166706e-07 5.969751767604095e-07 1.1754309771623727e-06 2.286955019722053e-05 1.253132518812097e-05 9.710796384202347e-06 4.1996369388786454e-06 1.0578481213446145e-07 0.0 0.0 1.1918005153549104e-07
0.0 0.0 4.475993296711727e-07 0.0 5.119600416223257e-06 4.442429705188467e-05 3.400895598280955e-05 1.4431219833304917e-05 0.0002671202242348821 0.0008720181715233458 1.5378738363011574e-06 0.0016448875754919866 1.6375976819873747e-07 1.2891772218664246e-05 6.70716520931194e-05 0.0 6.632181564589e-08 2.222863302042845e-07 1.7034560254902213e-07 0.0032227253372544553 2.688619368856689e-07 0.0 1.1324648714151e-07 0.0006455712004686999 2.0413231101305257e-07 7.58396381919353e-07 5.420842970856074e-07 0.0020406794391967394 1.0797622420843173e-05 3.6882492007049145e-07 0.0 3.8616000936019e-06 6.056338252968293e-08 1.2806360444964453e-05 8.065126486251828e-07 0.00019793597477831711 1.2671867451180652e-06 3.912194121618146e-05 1.903216383009416e-05 0.00015324438284978597 2.6276466620724545e-06 3.5346346546011816e-07 9.853166849657532e-07 1.326100254345763e-07 0.0 1.9152643688160728e-07 5.247779499020455e-05 1.2644675575482407e-07 4.45806556233348e-06 4.1553414777078975e-05 2.8286315315739174e-06 6.598447532557545e-05 6.479917254148395e-05 2.4686428136726453e-07 1.8193394568336795e-05 0.0 4.354103378490726e-06 1.268808732545396e-06 7.685426904271506e-08 0.0 1.767331339338379e-07 0.0 8.83755443413286e-05 0.0 0.0 6.074814334049434e-07 0.0002018823178452968 0.0 1.9077238962507693e-07 3.9885431787686507e-07 0.000253510383511343 8.747637514266366e-06 5.674931436626089e-06 0.0 6.409884999838759e-08 7.567860647919879e-07 3.4655340292049517e-06 6.163303231864608e-07 9.77679067096024e-05 7.232679920452918e-08 6.86981676544205e-06 3.787059768640531e-06 3.7393847694126034e-05 3.7225148137481275e-07 0.0 1.9675041632636125e-07
3.748887273154378e-07 9.105062539828116e-07 1.2172501419524621e-06 5.119600416223257e-06 0.0 0.0001800055248325969 1.9643276396716212e-05 0.0001305392419612523 6.343259346781589e-05 2.6194395055787156e-05 2.539701604074591e-06 0.00013298578632102946 6.469305714123051e-07 1.1462470845267899e-05 0.0004045486207522702 0.0 3.093206556518356e-07 5.705978496106206e-07 6.441448631326768e-07 2.6215893867404657e-05 1.7868643503493008e-07 8.957113770801125e-07 0.0 7.370808341663545e-05 5.525076638890693e-08 1.8646054470219717e-06 2.0208463672605723e-06 1.6427373865107188e-05 3.2063107600536894e-05 3.030754366650549e-06 6.285888446595209e-08 6.757695798115024e-06 5.1821268315021913e-08 8.842989369605149e-05 1.3012648579011065e-06 0.00010896453025225043 1.501025194306272e-06 0.00012373853547223743 3.72190551506475e-05 0.0014469602088420916 2.6374719916481143e-05 1.854936542077802e-06 2.082620263170935e-06 0.0 0.0 0.0 1.5503269907374604e-06 0.0 1.1189346941707177e-07 6.065143494292372e-07 0.0 1.0667181635448199e-06 1.477506994675205e-06 6.275139332543956e-07 7.723868334910321e-07 0.0 0.0 0.0 0.0 0.0 0.0 0.0 2.852028421507972e-06 0.0 0.0 0.0 4.482348270262987e-06 6.070198653634728e-08 0.0 2.501651259007716e-07 5.007980818802846e-06 4.121457415140884e-08 2.2899923262327402e-07 0.0 0.0 0.0 0.0 0.0 5.563571894949186e-06 9.457423753134305e-08 4.9826338025499584e-08 0.0 2.0831168613068746e-06 0.0 0.0 0.0
3.5182317024971635e-06 1.1212532065602743e-07 2.3792626968932587e-05 4.442429705188467e-05 0.0001800055248325969 0.0 0.0018015652500424457 0.0025087545421278844 2.881434769255473e-05 0.0064110866990219235 1.730658948816507e-05 0.0011001159784110005 3.798012932512203e-06 0.00023121118660568733 0.0006728865776576193 1.977927472483358e-06 2.9595952462191286e-06 3.840274754851122e-06 3.49855146143878e-06 0.0003978933457332241 1.8585246038263154e-05 4.110833211688408e-06 4.660809956050717e-06 8.014341028078673e-05 1.38693566235425e-06 3.091210258039719e-05 1.7922650062349e-05 0.0005257800293759233 6.535334135356676e-05 2.103458220251615e-05 2.298578749432465e-07 0.0002402252507953831 2.1379087046663758e-06 0.00012674243056289984 1.6276647249897392e-06 0.00026069211762024626 1.0658720038391133e-05 0.0001590975762334803 7.678368127943976e-05 0.0010134024580925735 3.662896667931945e-05 3.244875325793343e-06 2.7336595402762115e-06 1.6853134309084295e-07 0.0 4.627669191011956e-07 4.4761292211560966e-06 0.0 2.810203893754378e-07 1.2203443584505976e-05 7.902406342156474e-07 7.955205251461976e-06 4.366008681444102e-06 1.2099149706936925e-07 1.5234736420332503e-06 3.7881291174586e-07 1.1657643602112225e-06 1.8643106107134314e-07 1.1084095577448578e-06 0.0 0.0 0.0 6.051904644588709e-06 8.614920383118293e-07 5.520580924552941e-07 8.605476346427673e-07 2.9512332774379736e-05 6.49659417690917e-08 1.0728197341913328e-07 2.5480163741702137e-06 4.315625106557598e-05 4.348338956667957e-06 1.8423448834466106e-06 1.6114934091454663e-07 0.0 4.353701989272368e-07 7.319000215488295e-07 3.902075047137328e-07 1.0674298898405338e-05 1.7550764494784002e-07 2.4233529323840874e-06 1.2226751154417234e-06 3.0161559961013505e-06 0.0 1.0248874321054548e-07 1.642644741220215e-07
0.0006471356790340876 3.7527236155440716e-06 0.0003396648973827551 3.400895598280955e-05 1.9643276396716212e-05 0.0018015652500424457 0.0 0.0034392644480381734 0.00025034683923924297 0.003917771564524521 2.6721655039173965e-05 8.643090336675482e-05 4.2492544860243645e-06 0.0031874365850092664 7.069062479240092e-05 3.2669208249349096e-05 5.181592128685192e-05 1.3961563137639792e-05 1.9516588998608313e-05 6.316326830831661e-05 0.0006355301203070298 5.654699705561647e-05 0.00016113853547978133 0.0009802772498208742 2.6614998490182303e-06 0.0003212829945205703 0.0004741680979955526 0.011305537017103798 0.0009955032832647248 0.0011531017811748179 9.107086415532686e-07 8.71438678582618e-05 4.7712774238371575e-05 0.0003159269112918708 3.0766494842832e-05 0.001461236042255289 6.342026785363477e-05 0.0007584392305619956 0.0005169317078266854 0.00015980742674345417 3.3402721801196696e-05 1.5084174617398407e-06 1.3331457334413715e-05 1.615004990888386e-06 2.166930579372097e-06 6.211784360517686e-06 1.5598313037596206e-05 1.5359904456713395e-07 5.036918168289933e-06 0.00011766866305723156 9.3762501448399e-06 8.149104191226138e-05 3.7444559197531524e-05 3.1298633909910434e-07 6.553405596389047e-06 2.0291159763664596e-07 1.7471530025835232e-05 1.2336108583195653e-06 1.817298127888399e-05 8.60916435316254e-07 2.307660622932705e-07 4.184716084158949e-07 3.6894370652580496e-05 1.2134034698117329e-05 1.0379190629648082e-05 1.255450460355073e-05 0.0003523477043197552 5.583386294551288e-08 3.7226126369664576e-06 5.287834415042743e-05 0.000447712556061597 5.140485061413845e-05 4.341146584197685e-05 5.7948029918236876e-08 1.5950357525103597e-07 5.543558324786946e-06 1.3063344573202125e-05 5.672248949078523e-06 8.307003991243944e-05 1.8126059302306324e-06 3.634348657694609e-05 1.8182441872812682e-05 1.2932977291502362e-05 1.3302578332587546e-06 5.881132077973184e-07 1.1152152889544625e-06
0.00034030785703863123 1.7597802713691587e-07 0.00037210900578068504 1.4431219833304917e-05 0.0001305392419612523 0.0025087545421278844 0.0034392644480381734 0.0 1.9516708642216448e-05 0.0013047304097275187 6.968146408761691e-05 0.0002174348577475352 4.616876912206488e-06 0.0023600300801021345 6.559172819467695e-05 1.3536332943722806e-06 0.00012340382105003236 6.390856993418662e-05 0.0001391933070103941 0.00013019949097924546 0.00018889009742769318 3.8050955377495776e-06 6.677603888426504e-05 6.55565453306067e-05 1.9055080210782788e-06 0.0004973434580958875 6.788969821895986e-05 0.00042510297641469753 0.0003423229452952444 0.001243926533318617 6.722726892103385e-07 0.000576095174026664 3.2164352308965678e-06 0.00044197453703333694 4.568847854120501e-06 0.0005667136098491236 3.8793690585397027e-05 0.000343578872700029 0.0001289886017266114 0.0007706854413849631 8.043282064843101e-05 1.0914393987350854e-05 4.190767990769062e-06 1.2497109239114155e-07 1.0909926178082324e-07 2.5649059662660556e-06 2.293058098678058e-06 0.0 3.1669696471798416e-07 8.625145458473027e-06 6.368019411056076e-07 4.714542109300936e-06 2.9280959395818517e-06 7.53257127316784e-07 1.02166069397673e-06 5.505685130266854e-08 1.097126205001362e-06 0.0 1.5241851656342812e-06 4.2153121556458584e-07 0.0 1.217872157423888e-07 2.6068553700681964e-06 8.530551753806448e-07 7.966536675092368e-07 2.5195541172202467e-06 2.5634930706893992e-05 0.0 9.228069536090697e-07 1.3749499587119395e-05 3.3383679618433276e-05 4.687096926670805e-06 2.9543557306875453e-06 5.924823953533055e-08 0.0 2.0889310623334765e-07 8.011453855370344e-07 0.0 5.509017542193987e-06 1.258432972120182e-06 3.2394474078566895e-06 2.2309500866863757e-06 7.56301501652888e-07 0.0 2.4710316933642967e-07 0.0
3.923426912787041e-06 0.00022322592728755462 2.180593694385397e-06 0.0002671202242348821 6.343259346781589e-05 2.881434769255473e-05 0.00025034683923924297 1.9516708642216448e-05 0.0 0.00013922195150829143 5.8506138519937415e-06 5.551447729340046e-05 1.8340438405413223e-05 3.425768257916624e-05 0.00029708640004154856 8.049006100134053e-05 4.220209850394797e-06 3.3271847844210526e-07 5.073472373223383e-06 0.0001314920811457866 3.669012260597423e-05 0.0009394193196909131 3.8510309217560244e-05 0.00602826074477094 4.291856107573572e-05 1.875752900274042e-05 0.0004995096712934752 0.0010028206774895423 0.00013581890728647713 0.0001126730168970923 1.0126047024377955e-06 2.1958534100846883e-06 8.866653855294613e-06 2.0389347897687113e-05 2.9008946316707715e-06 9.205541974095018e-05 7.518677385650549e-06 4.346026489033113e-05 2.5311977977691203e-05 0.0001383154001500547 1.8197846196580863e-06 2.737577739838987e-06 1.6794554393845549e-06 2.5213739277487387e-06 2.080431644291128e-06 1.1052353129324914e-06 2.352633305468196e-05 2.4480144835873146e-07 3.345625447677362e-06 6.510845411698653e-05 7.4704867591715824e-06 2.8692802708476e-05 3.0738282242006265e-05 8.366536897419514e-07 7.73746059507939e-06 9.027298263789921e-07 1.3302951578723976e-05 1.7199696343036173e-06 0.0002095817407598881 3.901496292392979e-07 0.0 6.0917417586473e-07 3.603165461862039e-05 5.005150293500217e-05 6.4983887542529045e-06 4.199499270415436e-05 0.0010939345711118995 1.5781399605676608e-07 2.665016006747189e-06 9.657829242148363e-06 0.0005231727220811669 5.878127860985704e-05 4.998262052502073e-05 3.164596698983208e-07 1.5770317043515153e-07 6.33302170550814e-06 1.178659297307748e-05 5.813625742236436e-06 5.080623792154171e-05 1.762384832792051e-06 2.484126342307899e-05 1.1730927204679532e-05 1.5115956114959981e-05 1.2815480511824683e-06 0.0 1.1474130438501109e-06
1.6226583467334565e-06 6.051803151368154e-07 9.75794863806404e-06 0.0008720181715233458 2.6194395055787156e-05 0.0064110866990219235 0.003917771564524521 0.0013047304097275187 0.00013922195150829143 0.0 4.306726345054408e-05 0.0021810797984071787 6.858850480160745e-06 0.0004842252231612641 0.00014918262178682668 2.4916672329309874e-06 1.4998488626199646e-06 7.076332416593185e-06 3.0316177922579415e-06 0.001412690889879769 5.944616782274794e-06 3.1944735920736495e-06 4.239557353542153e-06 0.00028322899982074985 2.7655357860856355e-06 2.0035275484420395e-05 1.924208976171339e-05 0.0030740737573384034 0.00020771871908773892 1.2841446821758637e-05 8.186451308586135e-07 0.00010924970967932633 2.246821583311136e-06 0.00027701880429095526 1.2803096265902978e-05 0.0014637062309921377 3.239774109458616e-05 0.0007827502311989567 0.00044784445507016724 0.00034034033540281843 5.7706278878987794e-05 2.934890238504187e-06 1.4911957682249892e-05 1.0660375432052113e-06 1.1933707081483145e-07 7.52455335481085e-08 9.290945592788819e-05 5.700770240855094e-07 7.891620040540825e-06 0.00015543705709740883 9.290145592958392e-06 9.610529942507099e-05 0.00013482857236100937 1.0122606589236763e-06 3.614660930369132e-05 2.2508993166422246e-07 1.1084462612221416e-05 1.963637055813417e-06 1.3849656235861017e-06 1.0806400636209439e-07 8.502197416419847e-08 9.328501488744072e-08 0.00015418941144421667 8.313607941047685e-07 0.0 5.148993813392818e-07 0.00036300609003092475 0.0 5.682618432878591e-07 2.168593051991348e-06 0.000567121786847927 4.194848724595694e-05 2.115492643173476e-05 2.2670606090808356e-07 3.5484448422664503e-07 2.452501713924106e-06 1.1138386968402021e-05 2.1598000644822314e-06 0.00013256402663630959 3.466219133396652e-07 2.743303504177011e-05 1.0536507659033123e-05 4.6414109623114595e-05 9.054083137776862e-07 3.307201852635139e-07 0.0
4.983011678417234e-06 8.026577975620236e-05 9.021079107193424e-06 1.5378738363011574e-06 2.539701604074591e-06 1.730658948816507e-05 2.6721655039173965e-05 6.968146408761691e-05 5.8506138519937415e-06 4.306726345054408e-05 0.0 2.626892136487182e-05 0.001637616941928722 8.022716573948609e-05 1.7604585768433464e-06 6.385983265780498e-07 0.001159465400222494 0.0015887465223040807 0.001327555589693799 1.498052196138984e-05 4.778685349818927e-05 1.237585840417828e-05 8.387322928959283e-05 1.0459478477530755e-05 0.0008936797757214227 0.0018043174562729573 0.0007933295604631574 1.734453860105757e-05 0.00016506806395553706 9.841378653941508e-05 0.00024141452023765476 3.262688548424309e-05 2.861973743649091e-06 0.0032275203067984076 2.894005676634537e-06 0.00040581243960621365 0.0029144524367226226 0.0020534497599856705 0.0005372312619526592 9.547137241629497e-06 3.730823717982452e-06 0.0008790226730824163 2.02149432227702e-06 0.0 5.558738264004799e-06 9.18988289420475e-08 0.0 0.0 0.0 2.0478541401379455e-07 0.0 1.5121001131890333e-07 0.0 0.0006468374279919391 0.0 0.0005531713306226833 0.0 0.0 1.6170864387931476e-07 1.562661611011908e-07 2.26590865066245e-06 1.078453444815571e-06 0.0 0.0 2.5926860097269126e-07 0.0 7.824389772659812e-07 4.851028791869325e-05 7.423136560899028e-05 0.0001451304536490165 6.954348180082758e-07 2.4711790309013634e-07 1.7111381539991866e-07 7.102772532644028e-05 0.0 0.0 1.0834535118964776e-06 0.0 4.954044938201022e-06 0.00025150674756961556 2.68297987682727e-06 1.5819873436753489e-06 0.0 0.0 0.0001543430931598067 0.0
1.187664468913138e-07 4.6480691056867744e-07 9.068707290475595e-07 0.0016448875754919866 0.00013298578632102946 0.0011001159784110005 8.643090336675482e-05 0.0002174348577475352 5.551447729340046e-05 0.0021810797984071787 2.626892136487182e-05 0.0 2.6641801906126104e-06 0.00014413354074361748 0.0011286508959691402 0.0 4.973247771856863e-07 3.212578860890123e-06 1.390863804705483e-06 0.0038614557540228548 3.715363376774442e-07 1.8726947960603632e-06 1.548964325820978e-07 0.00030608895027490915 1.1197758156850842e-06 7.161964766640159e-06 5.744859102398435e-06 0.000247049510180138 5.512755449442387e-05 2.6317362077433433e-06 5.974425645962045e-07 7.696801503405073e-05 8.339327631438752e-08 0.00014927117899812473 1.2283623290168244e-06 0.0005900392111915182 1.5148511119235499e-05 0.0003048883289898212 0.0001279511372621389 0.0011092660991843405 2.1886319367233343e-05 2.139684256350031e-06 3.824517062845599e-06 0.0 0.0 0.0 1.6721338793809028e-05 1.3747654435916542e-07 1.7125977937339029e-06 1.3420036108894287e-05 1.3547823121821878e-06 3.9961149143016614e-05 1.3913134022438764e-05 2.1926551144732149e-07 7.539901155938043e-05 3.0257420879827377e-07 1.4029466382581715e-06 7.55918658230298e-07 2.0207498300785865e-07 0.0 0.0 0.0 2.332125866638201e-05 2.8459942852329053e-07 1.5978890256845264e-07 0.0 5.4642941211423215e-05 0.0 2.729445917050984e-07 3.5856240762191785e-07 6.127916795918757e-05 4.2114966969508395e-06 2.3731745467078152e-06 1.4097408335298164e-07 0.0 6.212959897548701e-07 1.3003414031882654e-06 2.505007007695864e-07 4.203632233441112e-05 1.3375940794135737e-07 2.316793001191612e-06 1.8015992557302688e-06 1.4933401651135385e-05 0.0 2.349786835618239e-07 0.0
6.347547555124231e-08 0.0005918045070885028 5.099835093303642e-07 1.6375976819873747e-07 6.469305714123051e-07 3.798012932512203e-06 4.2492544860243645e-06 4.616876912206488e-06 1.8340438405413223e-05 6.858850480160745e-06 0.001637616941928722 2.6641801906126104e-06 0.0 3.6579307556730105e-06 1.2224717527869935e-07 1.3098803224887386e-06 6.171972537227573e-07 3.96898366926676e-05 3.215232460606358e-06 2.3280657047863895e-06 6.796363647928828e-06 6.45005966849435e-05 5.317712737361038e-06 3.229904389363353e-05 0.00242919884782706 5.301518298199389e-05 0.0014947182056617425 8.901110001340419e-06 5.463766860061004e-06 1.28249816715625e-06 0.000569200649090241 4.439394640987718e-06 0.0 0.0004598766637368777 1.8231314597613326e-05 0.0009161157369606706 0.0017759926837371237 0.00035616003527457125 0.00016151732866334577 1.9320431287641456e-05 2.9346571914433763e-05 0.00045527147341698984 2.0263497620944703e-06 0.0 5.578801244835082e-06 0.0 0.0 0.0 0.0 1.0401764156886072e-06 5.4108025204145755e-08 4.63854882815493e-08 0.0 0.0009817743448689157 0.0 0.0009985574725380792 0.0 0.0 2.994659050196275e-07 0.0 2.54775101688583e-06 3.6327158095943725e-07 0.0 0.0 2.7154366816708405e-07 0.0 1.4532399571945337e-06 8.198459719791382e-05 0.00012999911487712165 0.0002998214962802067 2.3470018912825887e-06 0.0 0.0 0.0001428512494709173 8.019217445644205e-08 0.0 4.864424950306477e-07 2.3182658698255654e-06 0.00016245688295423637 0.00035012520358398876 1.8352748752231525e-05 1.487237850485403e-05 7.587377343544338e-06 0.0 0.0001354934917592847 6.539316841734726e-07
0.002975102322713467 3.0580845584368745e-07 0.0001798638889971689 1.2891772218664246e-05 1.1462470845267899e-05 0.00023121118660568733 0.0031874365850092664 0.0023600300801021345 3.425768257916624e-05 0.0004842252231612641 8.022716573948609e-05 0.00014413354074361748 3.6579307556730105e-06 0.0 1.162596293747792e-05 1.089503337814952e-06 9.974652370870697e-05 5.4651861846677116e-05 0.00010929706832474627 0.00010592280485925922 8.478844325044785e-05 7.854116713912439e-07 4.6946785907882894e-05 0.00010493705020789812 1.2773698688155566e-06 0.0002923285956849609 4.8158015100231465e-05 0.0003587233055868745 0.003003734114302981 0.0018790899922179558 9.067352422394382e-07 6.97918621386165e-05 1.8103156883749592e-05 0.0004288751991589935 3.7744970938135306e-06 0.0003406519062612159 4.006760907432626e-05 0.0003758408821174963 0.00012567795038283586 9.433737548402381e-05 2.2817470781102485e-05 3.351514012316015e-06 3.6477866430242857e-06 4.556775727300247e-08 2.4476303618062086e-07 1.1431661372364944e-06 4.11148656421859e-07 0.0 1.4769788828904443e-07 9.70742885772463e-06 7.033451623042009e-07 5.105437954411261e-06 1.6431370858389306e-06 2.5552276866927687e-07 4.911823796838661e-07 6.840492772007049e-07 1.3315828461021898e-06 0.0 4.5750204753958834e-07 8.009214770121014e-08 0.0 8.978388266968763e-08 1.936800659755474e-06 3.7030410371873597e-07 3.513274166749586e-07 4.5603357062377944e-07 2.6976521633710934e-05 1.4976396134138364e-07 1.0510234143808222e-06 7.829430156020406e-06 3.146554754980249e-05 3.3128882062934002e-06 2.919760903856782e-06 2.9082928033547836e-07 0.0 4.825614177707235e-07 1.4835230112740092e-06 2.574823041674561e-07 7.462836754698839e-06 6.770514006444298e-07 2.675097387694684e-06 2.12495765837996e-06 1.3535994121132358e-06 1.1340385960098096e-07 3.856118941438396e-07 0.0
2.2249173132259436e-07 1.928836950709607e-06 1.6424245794757977e-07 6.70716520931194e-05 0.0004045486207522702 0.0006728865776576193 7.069062479240092e-05 6.559172819467695e-05 0.00029708640004154856 0.00014918262178682668 1.7604585768433464e-06 0.0011286508959691402 1.2224717527869935e-07 1.162596293747792e-05 0.0 0.0 1.8560078065141878e-07 1.5678988884563593e-07 2.89381414551418e-07 0.0004207091061781218 4.131671269348647e-07 8.44463657557537e-06 0.0 0.0006505473789177631 4.7500616154582545e-07 1.1256683459223764e-06 8.495536128205804e-06 9.072514846381302e-05 7.681865965605343e-06 3.8412365449637835e-07 5.75618236065777e-08 3.984222940827082e-05 3.7053960192643087e-07 1.2309818418598735e-05 3.242270530196669e-07 0.00023042994795716192 7.765033897640788e-07 2.3219086833238156e-05 7.339371775940892e-06 0.0004978832949734406 3.0206952475680215e-06 3.4819137290040714e-07 6.587038233860042e-08 0.0 1.2818451716451132e-07 0.0 9.31888703880155e-06 0.0 1.972909354826649e-07 2.332601009848993e-06 1.2863641114153637e-07 9.437559105980805e-06 8.231315999386668e-06 0.0 6.832542195887563e-06 8.965773210153924e-08 3.600844181999047e-07 4.4075877566848e-07 0.0 0.0 0.0 0.0 2.1057775246092255e-05 0.0 1.9265252869434507e-07 0.0 2.8866768345940418e-05 0.0 8.264894918927592e-08 1.8676720409949839e-07 2.7321018661828693e-05 5.895986565539652e-07 4.717631195473784e-07 0.0 0.0 0.0 0.0 6.762991039328942e-08 2.4807026252553027e-05 0.0 3.143473264099665e-07 3.663497799708695e-07 1.1437099866510936e-05 0.0 0.0 0.0
0.0 1.0448697496650549e-05 5.720671557319536e-07 0.0 0.0 1.977927472483358e-06 3.2669208249349096e-05 1.3536332943722806e-06 8.049006100134053e-05 2.4916672329309874e-06 6.385983265780498e-07 0.0 1.3098803224887386e-06 1.089503337814952e-06 0.0 0.0 8.289532085346157e-06 8.401516510163586e-08 4.6267513065640006e-07 3.800433951595734e-07 0.0003968841838422155 0.0014688341101540838 0.005273656974746243 0.0007917927369922422 1.4913421813514529e-07 1.0261331352794458e-05 0.0014850357438905841 0.0005907516388069988 5.992399597031504e-08 4.935090866202343e-06 3.782634133686289e-07 0.0 0.0 6.0285760067148846e-06 2.3762157501005733e-06 0.00043549932765612467 0.00010168405272570337 5.394497826861789e-05 0.00010243245378362072 1.2740587375268561e-05 8.410515923781171e-07 1.720619581716671e-06 2.0559277573048703e-06 1.6688169628481073e-07 1.3104631042543585e-06 5.427443416114801e-06 0.0 0.0 5.279941604220838e-07 4.8458713385088555e-06 1.2071619776431126e-06 1.965538804132194e-06 4.012729299610284e-07 0.0 0.0 0.0 1.1093043549612372e-07 0.0 0.0016685308301840202 1.1402391876159652e-06 0.0 0.0 0.0 0.0001431151585862424 0.0005915567985569058 0.000799501795332605 0.00018331849899602408 0.0 1.5673469984354182e-06 0.000656944640960301 0.00014684002525719103 4.1447904524106867e-07 5.600617208370892e-06 0.0 0.0 0.0 3.1572966192415394e-07 8.996631786611772e-07 0.00018239971283696675 9.018596212486589e-07 2.1180076070200565e-06 8.845850167435553e-07 2.5456485969913615e-07 0.0 5.649080562850012e-07 1.4862534852523531e-06
1.4770765598461336e-05 5.176655112319309e-05 0.0008171684992976701 6.632181564589e-08 3.093206556518356e-07 2.9595952462191286e-06 5.181592128685192e-05 0.00012340382105003236 4.220209850394797e-06 1.4998488626199646e-06 0.001159465400222494 4.973247771856863e-07 6.171972537227573e-07 9.974652370870697e-05 1.8560078065141878e-07 8.289532085346157e-06 0.0 9.748645709120097e-05 0.0013181887304090068 1.6672536033224464e-07 0.0006146863248747123 1.6945800494799314e-05 0.001360911195161857 2.329125056687307e-05 4.578991525294062e-07 0.001846449004469918 0.0036355131650790576 5.904193943922647e-05 0.00013487198156578067 0.0006189087579748345 1.8782712915034546e-06 2.9345409088048534e-06 3.786986740970713e-06 0.001042740752270919 4.0648703571778517e-07 0.00019635763120940422 0.0028605263927363998 0.00038366091134015766 3.588057219362365e-05 5.114774562919567e-06 8.2487591936593e-08 3.561377661386999e-06 9.539558786844506e-07 1.32896416131299e-07 6.715126402333269e-05 0.00012708423558296215 0.0 0.0 3.392242330367046e-07 2.8523829068694285e-06 2.548198634312144e-07 2.0934452802389385e-07 7.399461559271184e-08 2.1663600859716713e-07 0.0 5.192262870913807e-07 1.0250045957748473e-07 0.0 2.241655229811377e-06 2.4672229938459722e-05 4.173534324447785e-07 1.1856044267954189e-05 0.0 1.1486553396036255e-06 1.393145091141498e-06 5.6880714534769155e-06 3.841300290138431e-06 1.5130708210999914e-07 0.00016802439119145804 0.00047852180345520366 2.8946145668574158e-06 1.0238620465358087e-06 1.0585154782347553e-07 1.5611519195104308e-07 0.0 0.0 1.378467554498256e-06 1.2573844916411302e-06 2.5055528733083398e-05 6.236167595796871e-05 1.6415303876562288e-05 3.4234134635625916e-06 3.759977628312192e-07 0.0 0.0 1.8717445150132593e-07
7.83229893073117e-06 3.072114639122549e-07 1.622392144120108e-05 2.222863302042845e-07 5.705978496106206e-07 3.840274754851122e-06 1.3961563137639792e-05 6.390856993418662e-05 3.3271847844210526e-07 7.076332416593185e-06 0.0015887465223040807 3.212578860890123e-06 3.96898366926676e-05 5.4651861846677116e-05 1.5678988884563593e-07 8.401516510163586e-08 9.748645709120097e-05 0.0 0.0004518552547701343 2.0059044714507075e-06 5.238412004525842e-05 4.2639955413463015e-07 7.341614123115844e-05 7.411359545253593e-07 2.877461583001395e-06 0.0012059689381142761 0.00014553467966008888 4.229205283058087e-06 7.292269961192432e-05 5.976679960952832e-05 2.6855522105632507e-05 4.181494378847084e-06 2.04323362269102e-06 0.00043029228410077495 1.6702034021618553e-06 0.00045835915530724925 0.0009670127461106481 0.000583737467106854 0.0002063890031441289 7.865610562013737e-06 6.934828528494161e-08 5.9426257446445335e-06 3.9654321075330634e-07 0.0 2.8842672643051114e-07 1.9192437491586353e-07 0.0 0.0 0.0 0.0 0.0 0.0 0.0 6.504269921303389e-06 0.0 1.3062948631403393e-05 0.0 0.0 0.0 0.0 1.608102430739297e-06 1.0718602282327752e-06 0.0 0.0 0.0 0.0 2.6964130178307866e-07 8.894268437703225e-07 4.195568564437125e-05 3.2804431339402096e-05 2.814621486182822e-07 0.0 0.0 1.5846361501229857e-05 0.0 0.0 1.0899953829983396e-07 2.552155633783391e-07 8.169435512177345e-07 4.577037824945866e-06 2.694090743305057e-07 7.30431713545257e-08 0.0 0.0 0.0 0.0
1.384968049780042e-05 2.2491340244574704e-05 3.260552501174715e-05 1.7034560254902213e-07 6.441448631326768e-07 3.49855146143878e-06 1.9516588998608313e-05 0.0001391933070103941 5.073472373223383e-06 3.0316177922579415e-06 0.001327555589693799 1.390863804705483e-06 3.215232460606358e-06 0.00010929706832474627 2.89381414551418e-07 4.6267513065640006e-07 0.0013181887304090068 0.0004518552547701343 0.0 7.851847723519449e-07 0.00011754102509015794 4.770235920969032e-06 0.0002598778749411374 1.0273376737736571e-05 2.9339725805521844e-06 0.00448900599871691 0.0011538622810822392 2.7973588656169956e-05 0.00015765139316463518 0.0001980475449113247 9.737581876254518e-06 4.141287657942971e-06 2.1684697230253293e-06 0.0013945447034867608 4.199706139150744e-06 0.0009871470002076458 0.0013958316807764668 0.0012777927413900622 0.0001072337144369434 2.3249880171183635e-05 2.42126945753249e-07 9.994335842375602e-06 2.7756813997499155e-06 0.0 2.7961130334554786e-05 1.1632028675696837e-06 0.0 0.0 0.0 2.840889872617997e-07 0.0 6.085931676775913e-08 0.0 2.7174880823921043e-06 0.0 4.715501795688473e-06 0.0 0.0 3.7871085036596307e-07 5.515384132300411e-06 3.587057430906571e-06 2.5465794842264927e-05 0.0 0.0 4.5556807537281414e-07 0.0 1.438888782025397e-06 1.3505468301780108e-06 0.00031833551894996595 0.00033381491856015284 1.6087735420877824e-06 3.3134404725279584e-07 1.5175238083197783e-07 1.0220540433565292e-05 0.0 0.0 1.1421212499813789e-06 2.8677913344371637e-07 7.1643648406063815e-06 8.124354246330173e-05 5.790711902909182e-06 1.4628702273035536e-06 7.948003279018305e-08 0.0 3.8702482964520673e-07 1.5120866769884142e-06
2.4656002820154826e-07 5.483520773726834e-08 5.78371559263001e-07 0.0032227253372544553 2.6215893867404657e-05 0.0003978933457332241 6.316326830831661e-05 0.00013019949097924546 0.0001314920811457866 0.001412690889879769 1.498052196138984e-05 0.0038614557540228548 2.3280657047863895e-06 0.00010592280485925922 0.0004207091061781218 3.800433951595734e-07 1.6672536033224464e-07 2.0059044714507075e-06 7.851847723519449e-07 0.0 4.3599527785240335e-07 0.0 4.808115522637364e-07 0.00019824518701918556 9.94426670836601e-07 6.427744585807465e-06 1.8418100036556523e-06 0.0010671028901161883 4.6413836553451054e-05 2.5972708751752253e-06 2.3232062686589833e-07 3.755204958561682e-05 1.7542324257447003e-07 8.81113335756218e-05 2.5471877560002516e-06 0.0005615703364060103 1.1658289795066937e-05 0.00023984003620969158 0.00011710166083087924 0.0005472936057732409 1.4844196615343996e-05 1.3107568426333627e-06 3.3793954798969677e-06 3.152948626332299e-07 0.0 7.359853636083828e-07 4.62995236427443e-05 1.284836722518215e-07 3.2911659007537245e-06 4.219164081724921e-05 3.915414599245166e-06 5.48968005899727e-05 4.69413011740122e-05 3.65480534569152e-07 1.8872852546068547e-05 1.056416129471856e-07 3.6984299711478407e-06 1.6646374138276473e-06 4.263187603408548e-07 0.0 0.0 1.8095266908733805e-07 5.456886421656504e-05 0.0 0.0 0.0 0.00014240980963343405 0.0 7.27313566789929e-07 1.285795806196181e-06 0.00019780968759471976 1.396656559636441e-05 3.5710298747310864e-06 1.2021466969441914e-07 0.0 1.7850605672886899e-06 3.3414302397248095e-06 5.561706562573003e-07 6.361938640799791e-05 0.0 6.246499034419049e-06 3.4339296668344974e-06 2.6694760045925667e-05 1.7468453562013136e-07 0.0 2.6550506723449774e-07
1.4771343719784797e-05 9.753770981628408e-07 0.0021427206532299366 2.688619368856689e-07 1.7868643503493008e-07 1.8585246038263154e-05 0.0006355301203070298 0.00018889009742769318 3.669012260597423e-05 5.944616782274794e-06 4.778685349818927e-05 3.715363376774442e-07 6.796363647928828e-06 8.478844325044785e-05 4.131671269348647e-07 0.0003968841838422155 0.0006146863248747123 5.238412004525842e-05 0.00011754102509015794 4.3599527785240335e-07 0.0 7.785133906336628e-05 0.010697181408152042 4.0111874637263395e-05 5.989803930373419e-06 0.0009401330502915459 0.001437856064608992 0.0016849268620880771 6.718859190773121e-05 0.004541633212158477 1.965081693070415e-07 3.840642876036748e-06 1.5190664569019144e-05 0.0020735620722564826 7.152700815346424e-05 0.005309971371783775 0.0007447887875481286 0.003479100383791874 0.0024216860626645334 0.00014179102273129937 4.420622441400608e-06 6.060609022274206e-06 4.090016133311815e-05 6.112235150889279e-08 1.2872211874582353e-06 9.723947422576593e-06 0.0 0.0 1.116234973736132e-06 1.3049096438336075e-05 1.0291665664059836e-06 7.441503930064854e-06 1.1861726053304242e-06 1.9838739356299322e-06 9.471348263672267e-07 0.0 2.322637126556448e-06 0.0 0.0003373264980995356 1.6180073022387259e-06 0.0 6.174374046947807e-07 1.3243097846405065e-06 0.00027561591670287935 0.00010821576112689225 5.811230921440765e-05 0.0003561482082086946 0.0 2.4454739744522275e-06 6.571301519602597e-05 0.00042662353670070634 9.907858547255453e-06 3.777297088997223e-05 8.50122924219243e-08 1.9405405494193e-07 3.6274116966491306e-07 1.0094769008125948e-06 1.4000424534004048e-06 8.442745769314487e-05 2.6706115470449283e-06 3.4024402185295597e-06 4.199943414775835e-06 1.5781998937002476e-06 0.0 3.589099376381514e-06 8.614030215632753e-07
2.427211329337368e-07 0.0011336622264865018 7.951177569897646e-06 0.0 8.957113770801125e-07 4.110833211688408e-06 5.654699705561647e-05 3.8050955377495776e-06 0.0009394193196909131 3.1944735920736495e-06 1.237585840417828e-05 1.8726947960603632e-06 6.45005966849435e-05 7.854116713912439e-07 8.44463657557537e-06 0.0014688341101540838 1.6945800494799314e-05 4.2639955413463015e-07 4.770235920969032e-06 0.0 7.785133906336628e-05 0.0 0.00026322695092030103 0.0032978723816515804 0.00019198338027879755 3.754453490287887e-05 0.0032782070838479824 0.00025988466640694085 8.603903082502699e-07 1.4165199034784798e-06 2.554864540740285e-06 2.8216977956004785e-07 1.2616167796684743e-07 8.662299866165928e-06 0.0 1.5776278175153887e-05 1.5626852226392e-05 1.8657784668767717e-05 2.5259886254013388e-06 2.8713461930306005e-05 1.5094603988264085e-07 1.2883050838426598e-05 0.0 0.0 3.1979454026627386e-06 3.075290264408556e-05 8.204851993387235e-08 0.0 3.543372023917567e-07 3.5414454186276462e-06 2.2680653297739306e-07 7.272653269907948e-07 1.0672902385780046e-07 2.5736538657248115e-06 0.0 2.3659826744480973e-06 5.166533928738883e-07 0.0 0.0006405862476239901 4.360198614928376e-06 1.510446001725481e-07 1.2819093045501217e-06 0.0 2.8363196127036476e-05 0.00010033295758337272 0.00024465763545955624 9.462946641208063e-05 1.350723550766372e-07 8.997387910721025e-06 0.0013637698767138859 3.934142961884138e-05 3.7796328319704525e-07 1.1436163804803e-06 5.064711329321508e-07 0.0 2.95088571287151e-07 7.118888353524722e-08 1.9097568317934694e-07 1.3870946168303707e-05 3.095721978347432e-06 4.319007423604958e-06 1.4035416162550386e-06 3.9969063690923876e-07 1.0142666145755349e-07 5.677794798467461e-08 0.0
6.336128055279328e-06 3.4374165182904505e-06 0.006512146410297125 1.1324648714151e-07 0.0 4.660809956050717e-06 0.00016113853547978133 6.677603888426504e-05 3.8510309217560244e-05 4.239557353542153e-06 8.387322928959283e-05 1.548964325820978e-07 5.317712737361038e-06 4.6946785907882894e-05 0.0 0.005273656974746243 0.001360911195161857 7.341614123115844e-05 0.0002598778749411374 4.808115522637364e-07 0.010697181408152042 0.00026322695092030103 0.0 0.00010432152685908187 4.755814382336715e-07 0.0018086059294008868 0.007864037627287195 0.0007787081496975676 3.089414052228474e-05 0.002037374680329456 3.357071770017615e-07 1.6935920077185009e-06 3.3511300133801715e-07 0.0015410096842680375 7.278715604545305e-05 0.007307217441233148 0.0045768163921752585 0.003420616288038539 0.003994058398130903 0.0003175500060118501 7.668926977349252e-06 9.809363580316707e-06 5.180403736665212e-05 0.0 4.24549998161318e-06 0.00016716425933044617 4.734090963511845e-07 0.0 8.248186197286648e-07 6.278470681091781e-06 4.367100875642137e-07 9.525429662165701e-07 1.2731825076041656e-07 2.61608384787284e-06 0.0 1.3527138359693952e-07 3.7857580503300535e-07 0.0 0.0012669611730532944 5.458246792821596e-06 5.493972986133569e-08 6.715333411572849e-07 1.6054776382371882e-07 9.895264204455273e-05 0.0002870875654060258 0.0006563743098115947 0.00011825693124200571 0.0 9.5781171661735e-06 0.0014823697599169107 8.249093172307482e-05 5.142274446241874e-07 4.041830252115016e-06 1.385492714219616e-07 0.0 0.0 1.793560722402616e-07 3.5849861484473064e-06 0.00012842047381537134 3.962584608086248e-06 6.286564064829271e-06 9.487793267245305e-06 5.239634845044752e-07 0.0 1.5477778325280893e-06 6.763104056970712e-07
