0.0 6.479253818080486e-08 3.335353800107631e-05 1.298653740104784e-06 1.3319998699163382e-06 2.015476505556987e-05 0.0010247730812819509 0.000659559527853526 2.0823008682113454e-06 1.7205562734113226e-05 3.4714857185993836e-06 3.991333400229578e-06 0.0 0.0020537216227310942 0.0 1.5498431391938546e-06 5.3447515178053895e-05 1.996902782869883e-06 6.3308701848248475e-06 2.017303881604805e-06 3.4925435996189796e-05 5.941105159717772e-07 7.847341927938853e-05 1.968004451656554e-05 0.0 7.243095964091261e-06 4.817658683443998e-06 5.137820968714831e-05 0.002620432067647011 0.0020900989040622893 0.0 5.247899815151453e-07 1.840928158863628e-05 0.00011743176674780282 4.2878659865689487e-07 4.187214682092861e-05 6.125314919930793e-06 2.084701287584025e-05 3.696296243348349e-06 2.2453876699218164e-06 3.6949308833851655e-07 0.0 2.454107035658785e-07 0.0 0.0 0.0 8.95848076503989e-08 0.0 0.0 6.439010302895723e-07 0.0 1.679282103451874e-06 6.461465297295635e-08 0.0 3.4655836664117843e-07 0.0 3.278662546882396e-07 0.0 1.4810385035314588e-07 0.0 0.0 6.934643503459261e-08 0.0 2.4844356809135673e-07 6.749182592635445e-08 6.43351245626099e-08 2.5140715265226774e-06 0.0 2.2805266824920188e-07 6.982813104484311e-08 3.955922114676041e-06 5.433736702106956e-08 6.459828240557748e-07 0.0 0.0 0.0 2.0535286681069814e-07 0.0 3.8183682170006817e-07 0.0 1.611100171655196e-07 7.560921783385362e-08 0.0 0.0 0.0 0.0
6.479253818080486e-08 0.0 2.5452204215696894e-05 0.0 0.0 0.0 1.547796306886335e-07 7.127018629750043e-07 0.00018925735519553005 1.595384897541854e-07 1.5739372469162917e-05 4.9022865170963127e-08 0.00018741905271952146 6.680385394866127e-07 3.9364081611545305e-06 5.130253827239448e-05 7.273813148746582e-05 1.3526993217975794e-05 3.5860273642655904e-05 0.0 2.601661154167582e-06 0.0011281500849889359 1.4508619168533375e-05 0.0002932250188291133 0.0013684116664758456 0.0004287049166418509 0.0029855890041454412 4.048919220235392e-06 9.033071980680246e-07 1.4820586328951526e-07 5.00067372307815e-06 0.0 1.3185568409269397e-07 6.751178075150473e-05 1.041466465332789e-07 5.816312644384364e-05 2.8050628854001865e-05 0.00012062268834505036 2.9501437532058748e-05 5.466081342904026e-06 1.5350643049423017e-07 0.00011699726171544203 7.979444104000215e-07 0.0 1.312079011304525e-05 1.952633315747172e-05 0.0 0.0 0.0 0.0 8.751008204340293e-08 9.168579588644547e-07 0.0 1.137290426426842e-06 0.0 1.1124380281460876e-05 0.0 0.0 1.021689496579947e-06 3.349499475187858e-06 7.975384426090921e-07 2.7390312028757625e-06 0.0 8.323968463777653e-08 3.6117166911775705e-06 5.308079860862443e-07 9.175137755194982e-07 2.2642554438776366e-06 4.837658125388899e-05 0.00016371380645023085 2.5417774189433156e-07 0.0 0.0 3.904756151942282e-07 0.0 0.0 4.442737709802022e-07 0.0 2.256148961520216e-06 5.946113670776156e-06 5.1109879195292115e-06 1.1833309509657828e-07 0.0 0.0 2.6940546187634217e-07 0.0
3.335353800107631e-05 2.5452204215696894e-05 0.0 3.272480370868864e-06 3.262616577032279e-07 8.670830525499334e-05 0.0007427472969027472 0.00047850272469492766 2.2372867719863776e-06 0.00014841821674546678 4.362912210156465e-05 1.6634784629432382e-06 1.4284634129872578e-06 0.00021831933699230054 1.0188341619336612e-06 5.142079128889658e-06 0.002528407455719629 2.9497164027928253e-05 0.0002282340101854465 1.999378861797022e-06 0.0004478933591518488 4.965757938533313e-06 0.006951847847862645 0.0001298107968398304 4.7492430558318273e-07 0.002741840889640476 0.0051691835932472195 0.00031171980249914544 8.83654209173233e-05 0.0002749514563338149 0.0 3.6844783627851325e-07 1.4441059311574664e-05 0.0010873368363033173 3.29791258244572e-05 0.001535075000123563 0.001308465591297419 0.002038100915774188 0.000832968647483249 4.017699963392109e-05 2.7654830012198513e-06 1.2083409730382268e-05 6.254216377570916e-06 2.1888202938694515e-07 5.133166963294199e-05 0.00023754419440403675 1.253918284899276e-07 0.0 0.0 4.326381163965205e-07 8.033062621943756e-07 3.965172443191957e-06 3.789352463111497e-07 1.0365121274891906e-07 7.134255137911254e-08 0.0 1.3407019311181753e-07 0.0 7.786104236400388e-06 4.054730653532125e-05 1.631698381759286e-07 7.870403578313935e-06 8.862303861754174e-08 1.1253040672616765e-06 5.409715785365169e-05 1.0467328076655217e-05 9.357485122681508e-06 8.559201795968249e-08 0.00011327967557154558 0.0005643874493596922 8.308719203196322e-06 6.89967935580333e-07 2.0639653381679254e-06 0.0 0.0 0.0 3.561689369517674e-06 1.6794907389936605e-06 2.301978638836576e-05 9.618724517426258e-06 1.877302798984105e-05 5.511291089838877e-06 5.074167534975663e-07 0.0 3.5640183471830726e-07 7.683101541663852e-08
1.298653740104784e-06 0.0 3.272480370868864e-06 0.0 5.74050139003807e-07 5.2085123035044704e-05 2.7096430179784914e-05 2.529667258952923e-05 0.0003039307459473844 0.0005685478364612995 1.7933718637415253e-07 0.0028834732678250843 0.0 1.5034621291335004e-05 6.236795256532455e-05 7.16923916476495e-08 0.0 2.4581113495221203e-07 3.2361042575749874e-07 0.0019764941960108955 1.2785934159559386e-06 0.0 1.4795802635387058e-06 0.00032174421659476686 0.0 1.0034502365935418e-07 3.8796958302175744e-07 0.0016164318527670896 4.727905859599078e-05 1.2203326467676643e-06 0.0 6.331352682725442e-07 1.8956523433817778e-06 2.0282270033179004e-05 6.262062802567976e-06 0.00011296197883739 1.1753716514996594e-06 2.365178508991551e-05 1.3495171039949616e-05 8.92168583210175e-05 2.637076242698083e-06 0.0 1.429313138251828e-06 2.57089641021221e-07 0.0 0.0 7.649172118736239e-05 3.6898833437955124e-07 3.6959831891991592e-06 2.38101429906075e-05 2.078483298763559e-06 6.696856761782037e-05 8.440737670068645e-05 0.0 0.00012053180035034806 0.0 2.6333893093504088e-06 7.771967999617533e-06 3.9820438319058953e-07 0.0 4.173213097584279e-08 5.3579110074921965e-08 2.723521909422939e-05 2.169097152606216e-07 1.5322519746668386e-07 0.0 0.0001222844192728542 0.0 1.0750896314523604e-07 0.0 0.00018270453706162432 1.821324772000509e-06 7.456207388884543e-07 0.0 2.096865559326948e-07 3.027350785088806e-07 2.8072917871505637e-06 5.651961123790363e-07 3.34985715237395e-05 0.0 3.3537848732248433e-06 1.8956310812832955e-07 8.87358021040203e-05 7.841774033061381e-08 0.0 0.0
1.3319998699163382e-06 0.0 3.262616577032279e-07 5.74050139003807e-07 0.0 0.0002829233277911464 5.0648479173718765e-06 5.449887751283706e-05 2.0196370732759915e-05 1.2157000136454145e-05 9.762836437599893e-06 4.874494536705343e-05 7.147289937490847e-08 0.00012128509766953698 0.0003111622701728344 0.0 7.466688719916119e-07 4.130651466266811e-06 2.2097341702685245e-06 6.549733655492139e-06 1.891037546077438e-07 2.8941271240853965e-07 2.926017726886501e-07 3.7865940323517197e-06 2.75536936332089e-07 2.4188876996054297e-06 5.458419367091468e-07 2.5800468193497827e-06 0.0002812026799677872 1.8409172915688489e-06 0.0 0.00013271184285147436 6.242450797544435e-08 0.00013208747946648453 1.5115536483131226e-07 3.973732675921201e-05 5.368243162910965e-06 0.00014342644680943035 0.00013998070846452028 0.0006766940465411412 8.14985730481919e-05 1.0790382365049084e-05 1.350888204916805e-06 0.0 0.0 0.0 0.0 0.0 0.0 4.4217026855382933e-07 0.0 6.619279621972146e-07 0.0 2.45181362927287e-07 3.8483026875345153e-07 0.0 4.621332278492619e-07 0.0 0.0 0.0 0.0 0.0 0.0 0.0 0.0 0.0 3.2559737558304815e-06 0.0 1.656831497841036e-07 1.9094168727785483e-07 1.2042926766899174e-06 0.0 0.0 0.0 0.0 0.0 0.0 0.0 9.33843561732523e-08 6.135612786134281e-07 5.881374028547672e-07 1.0907806471823397e-06 0.0 5.907349945786944e-07 4.696599530909225e-07 1.205329636147374e-07
2.015476505556987e-05 0.0 8.670830525499334e-05 5.2085123035044704e-05 0.0002829233277911464 0.0 0.0028871676113261927 0.002531082727221489 7.312878048383711e-05 0.005393445318387777 1.2781998741041355e-05 0.0027456712013083054 7.164880578628361e-07 0.00045871079043784536 0.0006355296941343212 6.454219713848486e-07 1.5365739657932792e-05 5.001529049570788e-06 5.017084178499506e-06 0.00026377490428624364 2.199697081206011e-05 1.173545142165657e-06 5.120708723352638e-05 6.907574261554078e-05 1.848041146140971e-07 9.572427604055242e-06 7.956758602139235e-06 0.0006230102407504814 0.0005162906481992779 7.670603775490815e-05 1.1754525463897047e-07 0.00017038874716811367 3.4034465328875437e-06 0.00028619498683663365 4.594274462324415e-06 0.0001662439058296439 7.093387535960058e-06 0.00024074134435081608 0.00016085090944500157 0.0009304304515614707 0.00019545209933727046 7.981286838408918e-06 6.150141353770463e-06 5.99611584573105e-08 0.0 1.7352851887884824e-06 1.5333460892187452e-06 0.0 1.1770699592150167e-06 8.384787419222102e-06 1.3735386780947611e-06 7.281727641269216e-06 2.303915394167937e-06 5.9451573949322474e-08 2.821880280484363e-06 0.0 1.7783281271753744e-06 0.0 3.134923222416479e-07 0.0 1.1238478776113023e-07 2.942289138363473e-07 3.638937857690906e-07 3.0326996337750555e-07 1.1023763464992044e-06 0.0 2.8173899860194323e-05 6.57820900731506e-08 2.2529095310022847e-07 4.130843948759977e-07 3.3864742428397195e-05 2.3075312473792458e-06 2.304076161177707e-06 0.0 0.0 3.6021075623489056e-07 1.2140035351523742e-06 0.0 2.8918402192535338e-06 1.1922527253203368e-06 3.574245368535387e-06 4.485597020101711e-06 8.251133200724442e-06 9.696418674165085e-08 7.882463293639564e-07 0.0
0.0010247730812819509 1.547796306886335e-07 0.0007427472969027472 2.7096430179784914e-05 5.0648479173718765e-06 0.0028871676113261927 0.0 0.0033362423770458356 6.283167913008182e-05 0.006374743202016412 4.1545272470984625e-06 2.4044968808847343e-05 6.700627412001525e-08 0.004227731566461866 1.630772426973885e-05 1.104579369759618e-06 5.495269400700208e-05 2.672981643958737e-06 8.106435338795737e-06 4.129668535251722e-05 0.00031824299404039236 3.962139905184703e-07 0.0005723225147944703 0.00030367079112095024 1.128939689230766e-07 2.9080760642527608e-05 3.630564866357156e-05 0.009562260612459017 0.001320391197101289 0.002372707633930883 4.981931994760348e-08 3.3027207361596488e-06 4.064154889255553e-05 0.000336132690278382 4.360744769219533e-05 0.0004110171540174446 1.3390991203799196e-05 0.00037688345266965307 0.00020385861653951138 7.860800550094153e-05 3.81804482422813e-05 1.3258181116540643e-06 1.1939937200115952e-05 0.0 1.4180088180361531e-07 7.930087657247587e-07 6.881044062823141e-06 0.0 5.228416280643918e-07 1.128476555781561e-05 2.0651473797560446e-06 1.845847355183347e-05 1.1740797283661415e-05 2.1822833990209742e-07 7.415542766027073e-06 0.0 2.127093574546076e-06 6.618367531726758e-07 1.0382595185764262e-06 0.0 0.0 6.165221554739475e-08 3.9158153578080935e-06 2.946588375011078e-07 9.008278011395191e-07 3.4132899481455485e-07 3.124351873671704e-05 1.0944776593793174e-07 8.334979330541063e-07 2.5711014204413604e-06 4.5044098700909165e-05 1.1983335174252537e-06 1.0453625239995864e-06 0.0 0.0 2.441117612508878e-07 1.8112939640922453e-06 1.1259992485696907e-07 2.3537210963848955e-06 2.399327169219584e-07 1.3260401488482582e-06 8.916108735172434e-07 2.93688890627256e-06 0.0 0.0 0.0
0.000659559527853526 7.127018629750043e-07 0.00047850272469492766 2.529667258952923e-05 5.449887751283706e-05 0.002531082727221489 0.0033362423770458356 0.0 3.894816298086239e-05 0.0019123722660728032 8.272789089788007e-05 0.0009233522931716091 5.8177759996692385e-06 0.004095745849727558 0.00011172865715401238 4.599286286582427e-06 0.00023868957981025617 3.2204203124050835e-05 5.3974992140458583e-05 0.0002638683949264998 0.00016008561310446284 3.3470225559564654e-06 0.0003867464701203281 0.00017847348065560398 1.0712870818428872e-06 8.635142175787694e-05 5.352198283775769e-05 0.0005340139554727253 0.0006849952634791523 0.001341016141021835 7.069400503646992e-07 4.678247953935607e-05 5.414401728589692e-06 0.0005590865881013078 5.8849362367354405e-06 0.0005030050337345982 3.7928068160875524e-05 0.0005438503519189909 0.00031824204105133843 0.00031140824888366167 4.505550982379545e-05 2.4780864312867997e-05 6.045908088674738e-06 0.0 7.373229696707777e-07 6.236235571164181e-07 2.5117044662685123e-06 0.0 7.973449901647315e-07 1.6318415619212937e-05 3.0784100627945465e-06 2.465686466205129e-05 3.0853249120910112e-06 4.93459991298037e-07 2.1030693671728326e-06 6.067961859401447e-08 2.081233825861615e-06 0.0 2.8784414334835145e-06 5.5148678376911e-08 3.953084498445157e-07 1.3976266861686653e-07 1.0030697084136687e-06 2.5136909791358503e-06 2.5127795275216896e-06 3.3770538679542055e-07 6.603199029906178e-05 2.561964312119686e-07 2.342952049978671e-06 4.028790432897714e-06 6.426445739016885e-05 6.1642003641915525e-06 5.219480365169214e-06 1.7315074161501397e-07 0.0 1.8187842105258295e-06 4.1121695984380865e-06 1.9783744966341975e-07 7.419699136546377e-06 2.257143444798095e-06 8.248224768452814e-06 4.247252804737006e-06 5.877473244970101e-06 0.0 1.4997940272442325e-06 7.598452940492133e-07
2.0823008682113454e-06 0.00018925735519553005 2.2372867719863776e-06 0.0003039307459473844 2.0196370732759915e-05 7.312878048383711e-05 6.283167913008182e-05 3.894816298086239e-05 0.0 0.0001540376582026875 2.761880319177497e-06 0.00039015801160419784 2.4339905887892855e-05 1.7838562288447097e-05 0.0005989360209121574 1.298313021218875e-05 7.930765710754044e-07 1.963216190585261e-06 1.5068931960782582e-06 0.00023980228986073487 3.0596587742152093e-06 0.0016175883882448758 1.6420580991575675e-06 0.0043716841195222 0.0001122937766642557 2.661055062597641e-05 0.0001691388915141929 0.0007393444857479146 6.828364752223433e-05 4.2541757790553416e-05 1.2201539476651246e-07 4.454430951636628e-07 6.824157832121368e-06 4.1795217350663904e-05 7.5599594093334465e-06 0.0001622416346739227 4.403712981509948e-06 4.4836041607764776e-05 2.8791738018560475e-05 0.0002231317786924035 9.855962815565595e-06 1.2020237778975978e-05 2.9446579656574397e-06 2.6477702859475135e-06 1.8633883813965161e-06 2.077947285486365e-06 8.179973111570401e-05 4.3050740251755143e-07 4.2454600948409476e-06 3.7551876916099685e-05 7.147515316695103e-06 0.00013729513415306708 7.045781527477974e-05 1.554042936636975e-07 0.00013710752311973693 9.580090842725044e-07 1.054430655346399e-05 1.0987784551514432e-05 4.946401906991458e-05 4.878462354954516e-07 1.0425865188765654e-07 2.58087764016952e-07 4.083283011317005e-05 3.027935648373384e-05 7.478366282153532e-05 1.7966113067439777e-05 0.0005099974989890881 1.0088026385663483e-06 1.2013252022405743e-06 4.1686999386806985e-06 0.0003253606804383713 1.8680486775748765e-05 3.3740877389520154e-05 0.0 1.1002994793167967e-07 5.198479385232096e-06 1.0943428572908041e-05 3.380228014034252e-06 4.042285923282091e-05 5.459111057535526e-07 1.4905931633582398e-05 6.829218614906057e-06 6.418168105409817e-05 3.563759773559938e-07 0.0 2.4055730787094363e-07
1.7205562734113226e-05 1.595384897541854e-07 0.00014841821674546678 0.0005685478364612995 1.2157000136454145e-05 0.005393445318387777 0.006374743202016412 0.0019123722660728032 0.0001540376582026875 0.0 6.093752439134577e-06 0.0032044367999980675 0.0 0.0005124290538287527 5.9334620840284826e-05 2.698452963295548e-07 1.671108450053476e-05 3.9280462647179684e-06 5.7490978946204575e-06 0.0016550667830941305 4.279526228067988e-05 0.0 9.257930883905867e-05 0.0002381776780912632 0.0 1.2032680461764678e-05 8.55537343221211e-06 0.0019046776198118807 0.0009143697994016517 0.0001054447055396453 1.594554965043756e-07 8.060976074316732e-06 1.549092899470546e-05 0.0004094801028178967 4.928341385962022e-05 0.0010664666796909006 1.401693966190495e-05 0.0004740940624342057 0.0002158296251538204 0.0003348026698747816 0.00010203873231750582 1.456083968909653e-06 3.377819404816231e-05 3.0476170510040885e-07 2.634843659934902e-07 3.141178687366127e-07 6.770696025639188e-05 3.8786480428395953e-07 9.894749540882661e-06 9.123880061967874e-05 1.0656184993088938e-05 9.419608441603824e-05 8.221573224025592e-05 2.2566516219211558e-07 0.00010922283480791459 0.0 9.563995227699634e-06 6.9330621324838125e-06 1.2731763633747404e-06 0.0 2.708603310486039e-07 1.1923593719344462e-07 3.574435300345013e-05 2.0522142401850342e-07 2.8797329235002113e-06 3.102673785690456e-07 0.00020454992075572595 1.3281663202825202e-07 6.077528027074936e-07 1.3918686861388015e-06 0.00031891737085081056 8.231227756653851e-06 5.119812919644198e-06 0.0 2.2311385922820726e-07 1.5997996544164854e-06 5.734741272441487e-06 4.327312797286664e-07 2.2734132308865537e-05 6.615693395487942e-07 7.664630180039165e-06 2.1165403086686614e-06 6.423675862833002e-05 6.039763649524795e-08 9.981370168076387e-08 0.0
3.4714857185993836e-06 1.5739372469162917e-05 4.362912210156465e-05 1.7933718637415253e-07 9.762836437599893e-06 1.2781998741041355e-05 4.1545272470984625e-06 8.272789089788007e-05 2.761880319177497e-06 6.093752439134577e-06 0.0 3.320616911923715e-06 0.0011181564924898544 5.532415614668555e-05 0.0 2.611879345122627e-07 0.0002172749412551507 0.0013419103836658519 0.0005114126545036134 1.511567515734174e-06 7.207729738052665e-06 5.797157074864866e-06 1.1776162534947082e-05 4.112452507272401e-06 0.00042920800580443445 0.0014901647248136045 0.0008265677413433316 2.7940133473548544e-06 0.00016339220405873302 9.37775569095457e-06 0.00027620410578570105 4.672157453195433e-05 3.2267513735262415e-06 0.0028363987295848716 3.80319176037987e-06 0.00033639506812933363 0.0017905398709995685 0.0022403238615088237 0.0010602042850545845 6.403330177601943e-06 2.314587063716401e-05 0.0009866354809914563 1.2435784375754591e-05 0.0 3.5760858461269512e-06 8.528862874992878e-07 0.0 2.6667847770259867e-07 0.0 6.642787109453854e-08 8.8367403658425e-07 3.998318604599881e-07 6.280416704063247e-08 0.0005027733017317526 1.4499651086211856e-07 0.00047425704214514123 1.1418900550389716e-06 0.0 0.0 2.879209178665118e-07 3.74891668823424e-05 3.212305847157256e-06 0.0 7.381213835567632e-08 4.570055088286134e-07 2.142039403662353e-07 1.0448286378925882e-06 8.359217383342462e-05 0.0001433083545119207 0.00020447239841959913 7.24768204699883e-07 1.5650042254494357e-06 0.0 9.437346442336612e-05 1.3310398391128504e-06 0.0 2.00848214907293e-05 4.1070868188889134e-07 1.4610879985054102e-05 0.00029809410335018534 3.327681094330017e-05 1.0863681111118072e-05 0.0 2.4221799156356944e-06 0.00014616005121699733 1.1157531066943062e-06
3.991333400229578e-06 4.9022865170963127e-08 1.6634784629432382e-06 0.0028834732678250843 4.874494536705343e-05 0.0027456712013083054 2.4044968808847343e-05 0.0009233522931716091 0.00039015801160419784 0.0032044367999980675 3.320616911923715e-06 0.0 1.0741047468499253e-07 0.00022263453877248643 0.0009862054818289602 4.588466490601033e-08 8.270773939351713e-07 1.9403100104221083e-06 2.198534614385432e-06 0.0024916403369531098 5.212610589792904e-07 3.961977366333392e-07 1.7332695485748504e-06 0.0004421707163063495 0.0 1.5700940155369526e-06 1.2425283640897365e-06 0.0006233157658936039 0.0002454764732554617 6.430500436082736e-06 0.0 5.950363343878023e-06 5.389538234931576e-07 8.975950565143845e-05 2.4655550142896305e-06 0.0008946678953398836 3.1815878817392393e-06 0.00011147715057608066 3.51518651438022e-05 0.0007457203142654437 2.554144958844628e-05 7.501529126768557e-07 6.675570907658997e-06 0.0 0.0 0.0 2.547262808907795e-05 9.41429799722283e-07 1.9164761487683576e-06 1.2557482783748002e-05 1.2831735255006954e-06 4.4514997293533e-05 3.259133404501374e-05 1.6021676894235845e-07 0.00011511297264322068 5.70600824492055e-08 2.8092353532679415e-06 8.819234446580688e-06 6.349517563781071e-08 0.0 5.384637484490654e-08 4.807262991420192e-08 1.74259640191852e-05 0.0 0.0 0.0 5.527014577806253e-05 0.0 1.169289610942709e-07 5.114715912543579e-08 7.171755884167003e-05 3.6466216958192695e-07 6.421386385709775e-07 0.0 0.0 3.1611873400059934e-07 2.054827735267176e-06 0.0 5.452426738268302e-05 0.0 1.3820124070231112e-06 1.8302714481713965e-07 0.00013300770576334114 8.998224755359015e-08 0.0 3.1500637284204576e-07
0.0 0.00018741905271952146 1.4284634129872578e-06 0.0 7.147289937490847e-08 7.164880578628361e-07 6.700627412001525e-08 5.8177759996692385e-06 2.4339905887892855e-05 0.0 0.0011181564924898544 1.0741047468499253e-07 0.0 8.26251350845332e-07 7.37613210759921e-07 7.273725803200914e-06 7.769315317546752e-07 4.109841852418637e-05 3.3511428318067773e-06 8.028488677831347e-08 8.055173763843148e-07 9.305388898483005e-05 6.021365692077951e-07 3.296208115060098e-05 0.0020768048214218917 0.0005235505538113283 0.002514202649984851 1.1141826644758937e-06 6.357222371101862e-06 9.447759680873574e-08 0.0011222639695556418 2.6405812669809702e-06 0.0 0.0006898860417029795 0.0 3.7376753260141026e-05 0.0005153153056837973 0.0004249758619486754 8.505810389216071e-05 1.111358704389563e-06 9.097154557801654e-06 0.0010933507154943184 5.458464368985545e-06 0.0 5.909319018739719e-06 1.0073127551162795e-07 0.0 0.0 9.147607803278065e-08 4.8737449829103916e-08 3.695898433711287e-07 0.0 0.0 0.00031163326781346906 6.15375980472235e-08 0.0003498172191881482 4.681298454766757e-07 0.0 0.0 0.0 4.2897530160558066e-05 1.974041239668674e-06 0.0 0.0 9.746149320406132e-08 0.0 2.494176679889161e-07 0.0001840246086494038 0.00018190243984359507 0.00022040174546747373 0.0 5.238583337884706e-07 0.0 8.039622568498687e-05 2.2292322060266057e-07 0.0 9.491143821201284e-06 0.0 4.741286834280141e-06 0.0002106628064713483 1.430016980935913e-05 2.056335874927368e-06 7.065419814337522e-08 1.3543835392912144e-06 6.0018715706971695e-05 2.90946076561899e-06
0.0020537216227310942 6.680385394866127e-07 0.00021831933699230054 1.5034621291335004e-05 0.00012128509766953698 0.00045871079043784536 0.004227731566461866 0.004095745849727558 1.7838562288447097e-05 0.0005124290538287527 5.532415614668555e-05 0.00022263453877248643 8.26251350845332e-07 0.0 6.149571670702268e-06 3.895660833151567e-06 0.00019258953335669714 2.138100950925708e-05 4.422866726848956e-05 9.337094394021341e-05 9.693146413200061e-05 1.8119732372403075e-06 0.0002621400762393098 0.00012941862753139156 6.239588673239781e-07 4.634416858416447e-05 3.035932341378786e-05 0.0003187654405670002 0.004199295414438629 0.0019197198896821778 3.5030365551795157e-07 3.7434322612584346e-05 4.825113136757776e-05 0.000728040694410133 1.5418172444152103e-06 0.00025621380224799247 1.873780973898062e-05 0.0004171158429799726 9.257854267124821e-05 8.352966511495865e-05 2.0034277036228347e-05 5.315150118428411e-06 3.4767502823681414e-06 2.93536020556772e-07 7.350094536036426e-07 8.973349252552684e-07 1.6998139535286342e-06 0.0 4.362382103017738e-07 6.336502597782729e-06 1.3783034793118197e-06 1.4833391324524754e-05 1.983478456652297e-06 1.1020698803353615e-07 7.366622552423712e-07 7.695771889284373e-08 2.0188494316103613e-06 1.661879805708864e-07 2.9781129556845936e-06 1.1720870078111536e-07 3.21831967421578e-07 0.0 7.043914459778789e-07 2.1020162258563243e-06 3.2190175252904505e-06 5.313162020987339e-07 4.841447500228113e-05 1.863432591003725e-07 1.8529289270859572e-06 2.9699758334332233e-06 4.8236823622295904e-05 4.020479799822352e-06 4.092513887989888e-06 0.0 0.0 4.911047289155904e-07 2.029293894893038e-06 8.463600140965749e-08 6.262014048115191e-06 3.826162303047099e-07 3.260202114014742e-06 1.1598915761459898e-06 3.0418296979462166e-06 0.0 3.3052177458653066e-07 0.0
0.0 3.9364081611545305e-06 1.0188341619336612e-06 6.236795256532455e-05 0.0003111622701728344 0.0006355296941343212 1.630772426973885e-05 0.00011172865715401238 0.0005989360209121574 5.9334620840284826e-05 0.0 0.0009862054818289602 7.37613210759921e-07 6.149571670702268e-06 0.0 0.0 4.892097707979707e-08 1.6094713258902994e-07 9.346224037320109e-08 0.00011721588199245492 2.624694033005201e-07 2.9816876613573933e-05 2.2906257951317414e-07 0.0007675869325056509 1.917896301370605e-06 2.7125807826306495e-07 3.1712822991418347e-06 0.00012069071164180923 1.03972255406551e-05 1.0626834850926007e-06 0.0 0.00023521349509447333 7.538981679414586e-08 1.9781433623061556e-05 0.0 9.575566405017689e-05 2.6236993528560396e-07 2.1893928435755853e-06 4.072547274571387e-06 0.0008601906733781467 4.030600271555676e-05 2.9672880938689856e-07 0.0 0.0 0.0 0.0 5.594255365958018e-07 0.0 1.3041371239028807e-07 3.243797603145762e-07 0.0 4.580069426231029e-06 9.725053170010136e-07 0.0 4.506566606271919e-06 0.0 0.0 3.1264970835193063e-07 6.236681844748844e-07 0.0 0.0 0.0 2.7708196294813857e-07 5.427191020076857e-07 6.822594933434283e-07 3.8546841981221815e-07 4.386242186965935e-06 0.0 0.0 0.0 7.283344084143334e-06 6.888427249693099e-07 1.2431827978440656e-07 0.0 0.0 0.0 0.0 0.0 3.909142103187105e-06 0.0 0.0 0.0 1.4058962859868969e-05 0.0 0.0 0.0
1.5498431391938546e-06 5.130253827239448e-05 5.142079128889658e-06 7.16923916476495e-08 0.0 6.454219713848486e-07 1.104579369759618e-06 4.599286286582427e-06 1.298313021218875e-05 2.698452963295548e-07 2.611879345122627e-07 4.588466490601033e-08 7.273725803200914e-06 3.895660833151567e-06 0.0 0.0 3.3492561134725802e-06 7.010641916611142e-07 1.4453871406518402e-06 0.0 0.001942960702786869 0.0022804214322907153 0.0038032882564259097 0.001266059275753564 3.586795941108318e-05 1.3954751000923886e-05 0.002796341839934216 0.000584765421005666 1.957198811200527e-05 3.9365612828361164e-05 9.089040037333833e-08 2.5237628803229765e-07 7.719319072739016e-06 4.327000403856704e-05 2.5075348463119155e-05 0.0010846295090356554 0.0003113084219723981 0.0001776092152031896 0.00030294368402059387 1.8205620023804335e-05 6.56573015302955e-07 3.7810757783279742e-06 5.750570198905544e-06 6.904478357403508e-07 4.581916679075746e-06 3.356893794408563e-05 5.428706880932704e-08 0.0 1.2083174699683444e-07 5.1930942402038365e-06 2.576131649763392e-07 3.236576015426876e-05 1.9151307016151118e-07 0.0 1.3579734967263022e-07 0.0 1.7544375713940777e-06 1.4560926552547645e-07 0.0009232971959630676 5.305741001219024e-06 1.1502157607717719e-07 6.327030013593513e-07 0.0 0.0003761334203094253 0.0006250968991148347 0.0008939343582721948 0.00018715867192365415 4.921813555355484e-07 3.894505443613498e-06 0.00041227309832871805 0.00020876639722991236 8.151935725364033e-06 7.428488414607289e-05 8.035198627338648e-08 0.0 5.120189409561916e-06 1.1822660189801635e-05 8.543197505209104e-07 4.174147829467651e-05 6.256604070895808e-06 1.4819078222903505e-05 8.570361939180982e-06 3.6690744862211664e-06 0.0 1.1775501378758724e-07 0.0
5.3447515178053895e-05 7.273813148746582e-05 0.002528407455719629 0.0 7.466688719916119e-07 1.5365739657932792e-05 5.495269400700208e-05 0.00023868957981025617 7.930765710754044e-07 1.671108450053476e-05 0.0002172749412551507 8.270773939351713e-07 7.769315317546752e-07 0.00019258953335669714 4.892097707979707e-08 3.3492561134725802e-06 0.0 0.00016922413294761458 0.0015401454590261345 5.751889865524294e-07 0.00016023100950651568 9.299282965915346e-06 0.002405772397793163 4.3653088563229596e-06 2.1948483820915915e-06 0.002367869247496031 0.0038763071895815374 9.104216964525028e-06 0.00015473735744973583 0.00019583880788290173 2.560556346329983e-07 9.419973172063733e-07 1.366055871955125e-05 0.000894422264082861 2.730864391474683e-06 0.00017487895973939264 7.294673588517571e-05 0.0006414372847816603 0.00015446600229472365 3.067939329200037e-06 6.203471436078569e-07 2.113809675173589e-06 2.5482316278532515e-07 0.0 0.00010768506613018557 5.143078041771387e-05 0.0 0.0 0.0 1.8032986419832113e-07 0.0 2.7521160893905995e-07 0.0 1.8015383726330742e-07 4.6031814185136764e-08 9.876939076152447e-08 0.0 0.0 1.1229317058881068e-06 2.5288827499415503e-05 1.8978071139710883e-06 2.0924453856110122e-05 0.0 1.3675267957403664e-07 4.731892511227353e-06 1.2479848917638923e-06 1.0964409078231806e-06 1.670525821017865e-06 0.0002999794890722766 0.0005237248628955506 9.63282886586312e-07 0.0 0.0 5.6868003302081484e-08 0.0 0.0 4.235935294145422e-06 5.890195638635213e-07 2.01541329018826e-05 3.053752232402028e-05 1.280386580096469e-05 2.2650943700321155e-06 4.0792682824826653e-07 0.0 7.544977610393381e-08 0.0
1.996902782869883e-06 1.3526993217975794e-05 2.9497164027928253e-05 2.4581113495221203e-07 4.130651466266811e-06 5.001529049570788e-06 2.672981643958737e-06 3.2204203124050835e-05 1.963216190585261e-06 3.9280462647179684e-06 0.0013419103836658519 1.9403100104221083e-06 4.109841852418637e-05 2.138100950925708e-05 1.6094713258902994e-07 7.010641916611142e-07 0.00016922413294761458 0.0 0.0005587752268578772 7.010846758779444e-07 2.274363094008574e-06 5.1838283492531464e-06 9.05474062796325e-06 5.4546329561254e-06 6.39872398645368e-05 0.0022579503541360745 0.0007738018756409488 3.195721780075397e-06 6.511747583351854e-05 1.5560845110407379e-06 5.5203990794573874e-05 1.3609116642443281e-05 2.1731553899939303e-07 0.0006573698184169195 2.41046308285939e-06 0.0004052657282735673 0.0005475428512403675 0.001046155530657348 0.0005436723588352832 7.325990936717321e-06 3.4508976881811066e-06 1.5256895835467906e-05 1.3385766960229386e-06 6.819561194992385e-08 4.5205627283226805e-06 2.7627305726333126e-07 0.0 0.0 0.0 4.030374915399767e-07 1.0372956751924979e-07 3.602427646243393e-07 1.846990333667679e-07 2.1821396397692936e-05 5.772217497658772e-08 3.109210154748557e-05 6.203268130466619e-08 0.0 6.580884536058056e-08 3.463292997016866e-07 1.9212967874827978e-05 5.222723670690188e-06 0.0 8.367649879741531e-08 1.6386112527394516e-07 7.451123308064207e-08 7.081701885674167e-07 2.4666105521538695e-05 9.113661168518478e-05 0.00018107759705875674 2.946871149396712e-07 1.561817719694256e-07 1.5151695975592037e-07 8.716583061444702e-06 1.5233788899415994e-07 0.0 2.1783491617306387e-06 1.1117739059238026e-07 1.592090309452725e-06 1.8055039719988443e-05 4.0657985558267e-06 1.1153085185198886e-06 3.4269342804219045e-07 3.170943128336447e-07 6.487251089695385e-06 1.1304361510627048e-07
6.3308701848248475e-06 3.5860273642655904e-05 0.0002282340101854465 3.2361042575749874e-07 2.2097341702685245e-06 5.017084178499506e-06 8.106435338795737e-06 5.3974992140458583e-05 1.5068931960782582e-06 5.7490978946204575e-06 0.0005114126545036134 2.198534614385432e-06 3.3511428318067773e-06 4.422866726848956e-05 9.346224037320109e-08 1.4453871406518402e-06 0.0015401454590261345 0.0005587752268578772 0.0 1.2693876763845803e-06 8.82159665227714e-06 4.616753566253792e-06 8.701996273208275e-05 2.9154111761159406e-06 1.0362699590059528e-05 0.002328130223860022 0.0008909742307277842 2.531254144725142e-06 6.724643129420764e-05 1.3345262691432172e-05 7.318467404631817e-07 8.796079483539395e-06 2.895189532757386e-06 0.0016388185070995464 2.440052572484141e-06 0.00044240488013289845 0.0001574410252788057 0.0013259868331759682 0.0004990584406129205 8.81735444587878e-06 1.2801190675567726e-06 1.1884962387891686e-06 1.0488857228630405e-06 0.0 2.6162087933491e-05 1.3622711199897404e-06 0.0 0.0 0.0 0.0 0.0 4.442295709764705e-07 2.6696677408761255e-07 9.350035081205153e-07 0.0 2.4168613563164783e-06 0.0 0.0 9.01865999445532e-08 9.959103353811864e-07 3.0054155068653117e-06 8.752140929672209e-06 0.0 0.0 1.861870105266158e-07 2.5673267977435336e-07 1.0048250607834887e-06 6.814669174112221e-06 7.609020497303942e-05 0.00016815711198002643 7.03723591364187e-07 0.0 0.0 5.526688373615758e-07 0.0 0.0 8.692288751473963e-07 0.0 3.189144108862804e-06 9.220519927760908e-06 2.756014289632809e-06 1.2099213178821357e-06 7.909446855722188e-08 0.0 5.57185179817842e-07 0.0
2.017303881604805e-06 0.0 1.999378861797022e-06 0.0019764941960108955 6.549733655492139e-06 0.00026377490428624364 4.129668535251722e-05 0.0002638683949264998 0.00023980228986073487 0.0016550667830941305 1.511567515734174e-06 0.0024916403369531098 8.028488677831347e-08 9.337094394021341e-05 0.00011721588199245492 0.0 5.751889865524294e-07 7.010846758779444e-07 1.2693876763845803e-06 0.0 8.948006540581429e-07 0.0 1.0568592834927796e-06 0.00023313766768054018 0.0 6.005088566532056e-07 6.798365312485849e-07 0.0019726258739292315 0.00017078441194297468 2.0688204720922297e-06 0.0 2.596038889684213e-06 1.4274322540300193e-06 7.651066565468701e-05 5.2770073782825015e-06 0.0002343200773603364 2.614535537264321e-06 8.994602442848953e-05 3.293335824034325e-05 0.00024137570478749196 1.842042518025609e-05 0.0 6.190617638035171e-06 0.0 2.923371632801065e-07 0.0 3.0197807841780926e-05 2.346513038524838e-07 3.1020529208906177e-06 2.1294363591306192e-05 2.9205056190881524e-06 5.306960868502895e-05 3.4079429927848256e-05 0.0 6.854082680931415e-05 0.0 3.0426523414051332e-06 3.5463042053289975e-06 1.1934532560029016e-07 0.0 7.137085762810751e-08 0.0 1.774499715882023e-05 8.563579445007044e-07 5.975226266129248e-07 4.3028942279246665e-07 8.182839963186696e-05 0.0 6.52233549689433e-08 5.482580947404066e-08 0.00013240534104432594 2.1671588059786866e-06 1.510524299611333e-07 0.0 0.0 1.963636424341545e-07 1.8001568596212695e-06 5.520109607606766e-07 2.2518551095422674e-05 2.5553951976052624e-07 4.219965695947598e-06 8.382008566668099e-07 5.580487707268208e-05 0.0 0.0 0.0
3.4925435996189796e-05 2.601661154167582e-06 0.0004478933591518488 1.2785934159559386e-06 1.891037546077438e-07 2.199697081206011e-05 0.00031824299404039236 0.00016008561310446284 3.0596587742152093e-06 4.279526228067988e-05 7.207729738052665e-06 5.212610589792904e-07 8.055173763843148e-07 9.693146413200061e-05 2.624694033005201e-07 0.001942960702786869 0.00016023100950651568 2.274363094008574e-06 8.82159665227714e-06 8.948006540581429e-07 0.0 0.00010482073463916439 0.0072172593227395575 0.0003269460837410237 3.1187975389040106e-06 1.664871205300912e-05 0.0004222500336638508 0.0020174347417084232 0.00023350538514116766 0.005344449289900916 0.0 5.887399106079716e-07 6.693499091812514e-05 0.00235748470429774 0.00010421719030103815 0.003169815844608399 0.0003407749403971089 0.0033024759728889023 0.0020169759487211926 2.7521916658749824e-05 4.842585286352419e-06 2.2223964941838624e-06 1.9979068585809452e-05 2.4281348637756137e-07 3.212628797689682e-07 2.715598363222192e-06 0.0 0.0 1.3494687053510055e-07 1.99565129133565e-06 6.924398610035913e-07 1.3527584129530301e-05 6.325338409105229e-08 0.0 0.0 0.0 6.339572682984897e-08 6.843479135088863e-08 0.0001467061459796485 6.687616477062732e-07 0.0 1.312133747283073e-07 0.0 0.00010041808664005834 7.808155944300197e-05 6.573022416578412e-05 7.137978470838317e-05 5.8420775122478604e-08 5.861804062745495e-07 9.636284398626352e-06 7.776113412089197e-05 4.06046279667985e-06 2.208913212219854e-05 0.0 0.0 2.7876042027615956e-07 3.9497467235191395e-06 1.7718479360579211e-06 1.4422977735881856e-05 3.829040177054331e-07 4.161345115680602e-06 3.853072561788395e-06 6.306262782291013e-07 0.0 5.484496120841154e-07 0.0
5.941105159717772e-07 0.0011281500849889359 4.965757938533313e-06 0.0 2.8941271240853965e-07 1.173545142165657e-06 3.962139905184703e-07 3.3470225559564654e-06 0.0016175883882448758 0.0 5.797157074864866e-06 3.961977366333392e-07 9.305388898483005e-05 1.8119732372403075e-06 2.9816876613573933e-05 0.0022804214322907153 9.299282965915346e-06 5.1838283492531464e-06 4.616753566253792e-06 0.0 0.00010482073463916439 0.0 0.0001795314427303903 0.002860720779713235 0.0005370459237440921 7.750890089105752e-05 0.003928478216718739 8.249966193860023e-05 9.955669275216665e-06 8.204803294607566e-06 1.6437440471977913e-06 1.441934488931767e-07 7.666072511871963e-07 2.597015529221313e-05 1.1761866457890002e-06 7.279730161711113e-05 1.7880415209558072e-05 3.114751542588487e-05 1.433288783334905e-05 6.029173330551368e-05 1.1024210218750568e-06 5.7698390289538876e-05 1.5005208376043466e-07 1.3940052149232048e-07 2.0757442084464794e-05 3.7346424264359326e-05 0.0 0.0 0.0 2.3497335165805505e-07 1.3131898896862018e-07 6.162346993931871e-06 4.8816668912381056e-08 7.651031882030682e-07 0.0 2.4012277597765717e-06 2.630810631674792e-07 0.0 0.0003001325710818985 4.950213995254642e-06 6.689516717092798e-07 8.909331993481331e-07 0.0 0.00011679259204479985 0.00011489933233093023 0.00029389852513234235 4.4857415111383534e-05 4.935493545342618e-06 1.0439836745121787e-05 0.0006448895514983332 4.392168851905205e-05 1.0340192280717666e-06 1.6951679977425763e-05 0.0 0.0 1.5157177160193858e-07 2.3074986147637804e-06 7.098693269835499e-07 1.2062607878544522e-05 6.231177640612216e-06 5.8543323126089645e-06 3.3206472685150883e-06 1.7958571764119756e-06 1.059375413721508e-07 2.8806853291428157e-07 0.0
7.847341927938853e-05 1.4508619168533375e-05 0.006951847847862645 1.4795802635387058e-06 2.926017726886501e-07 5.120708723352638e-05 0.0005723225147944703 0.0003867464701203281 1.6420580991575675e-06 9.257930883905867e-05 1.1776162534947082e-05 1.7332695485748504e-06 6.021365692077951e-07 0.0002621400762393098 2.2906257951317414e-07 0.0038032882564259097 0.002405772397793163 9.05474062796325e-06 8.701996273208275e-05 1.0568592834927796e-06 0.0072172593227395575 0.0001795314427303903 0.0 0.0003422065568285264 3.491629809077952e-06 0.0004264163534239275 0.007371491957110305 0.0021891332997347585 0.00017093527206570613 0.0017535213729588104 0.0 4.5425338035073725e-07 1.7892463660004956e-05 0.0014866184642032601 0.00015485588468392537 0.006373367024300386 0.0019467671354903146 0.004441394478103738 0.004399010050440145 0.00011124001590426186 9.594260792514547e-06 2.4341417331149193e-06 3.716986284302127e-05 6.808081198368611e-08 8.825199223879506e-06 0.00017266515249916587 1.2530972356175715e-07 0.0 0.0 8.569617295163741e-07 4.1708240885830137e-07 3.548800451558219e-06 2.1407229590101973e-07 1.574729690800687e-07 8.987054951048234e-08 0.0 7.009767616048466e-07 0.0 0.00038159941228237067 1.1733359870757549e-05 5.6679578278025336e-08 1.724061120029881e-06 0.0 0.0001296619550294801 0.0002546246071444224 0.0004957309372827946 2.7342684870537743e-05 7.616825064585355e-08 1.3298059507522935e-05 0.0007405945360979302 3.0816363096590024e-05 1.941167408864948e-07 1.3815381964431505e-05 0.0 0.0 6.321462349679664e-07 3.800415337505593e-06 4.356603321063251e-06 2.8441385697421898e-05 6.5211584323082585e-06 1.0202115300847142e-05 7.048092702217376e-06 1.7983203338605657e-06 1.177543127337529e-07 5.070436584090324e-07 9.849647338487037e-07
1.968004451656554e-05 0.0002932250188291133 0.0001298107968398304 0.00032174421659476686 3.7865940323517197e-06 6.907574261554078e-05 0.00030367079112095024 0.00017847348065560398 0.0043716841195222 0.0002381776780912632 4.112452507272401e-06 0.0004421707163063495 3.296208115060098e-05 0.00012941862753139156 0.0007675869325056509 0.001266059275753564 4.3653088563229596e-06 5.4546329561254e-06 2.9154111761159406e-06 0.00023313766768054018 0.0003269460837410237 0.002860720779713235 0.0003422065568285264 0.0 0.0001521483028953072 3.4286770493555734e-05 0.0009202511299120429 0.006636879129289482 0.00047159667827936894 0.00028095218363724116 6.305610802225104e-07 1.9404274513445716e-06 7.348607530748472e-05 0.00029731127510817726 7.742198061616877e-05 0.0012736652621561369 6.837878074602938e-05 0.00046061486029380096 0.0003104837331601094 0.0006070952495324989 2.5829134126325426e-05 2.504560536107514e-05 1.5337046278367405e-05 8.232512212123517e-06 3.644522514957629e-06 9.094009884793084e-06 0.00015306559483530558 8.370186062030621e-07 1.7736291025744073e-05 0.00021794927237702618 3.346071568267267e-05 0.0007012024694833052 0.0001746298882479457 1.2815114661099635e-06 0.0002452670800449421 7.166339538881902e-07 3.9358079548746325e-05 1.3029020600767166e-05 0.00013271496177756067 3.605767394683972e-06 7.623569394540967e-07 9.39306389287711e-07 8.53414978077113e-05 0.00010128759042434354 0.00010417543879984882 3.8790444983863755e-05 0.0011947324806506102 3.84065327787185e-07 5.202489240301765e-06 1.69452023984541e-05 0.0012995402295591621 7.3648152349186e-05 0.0001084504154651123 0.0 8.333399126388096e-07 1.5058612366711969e-05 5.394685794015822e-05 5.41920276132529e-06 0.00016366604631746413 1.12130453112824e-06 7.740071610481337e-05 3.0541878302812815e-05 0.00024321653769330675 2.749411980699504e-06 1.4815170736098863e-06 2.207926464542845e-06
