0.0 1.3452006148264214e-06 0.00013536750927831606 1.208789881632003e-06 0.0 1.5871543350328337e-05 0.002279895827992991 0.00034469185064919735 6.219127317146699e-06 1.789770854765667e-05 2.0630445303518295e-06 1.7269133179861897e-06 7.390917388168027e-07 0.003023483961608113 0.0 2.2757691407336807e-07 8.621130136918958e-05 1.8569202445928044e-06 2.9370618439550216e-06 2.039450114424108e-06 9.287086043292312e-05 5.391357542658136e-07 0.00015686413413742683 4.043250633955949e-05 0.0 0.0001457092618785538 1.1372610680290435e-05 5.22395083406027e-05 0.0025937768748564003 0.0013127506377794565 4.853583407427804e-08 4.894993550262524e-06 0.0001732493171915398 7.443076255778703e-05 4.545971483577626e-06 0.00013247866650198866 5.05144135856162e-06 6.496540811178311e-05 2.2556005711147266e-05 6.183531495547382e-06 4.4681893336367653e-07 4.3528518332154427e-07 6.698572044054836e-07 0.0 0.0 6.341280622210967e-08 1.7191996310353103e-07 0.0 0.0 7.0112862407033086e-06 0.0 6.0709965921068374e-06 9.185191996279361e-07 0.0 0.0 0.0 4.478057403689309e-07 0.0 3.628404182935009e-06 1.7082425187641896e-07 0.0 8.696187289178978e-08 9.733533003652492e-08 6.018083179578275e-06 1.0761414776240176e-06 8.042942273356611e-07 1.6429888727621238e-05 0.0 1.0603458644468354e-07 1.054530291912927e-06 2.9212798497641354e-05 6.003453675773974e-07 6.3639351433687315e-06 0.0 0.0 8.246374351414291e-08 1.0947111050072525e-07 8.031528689222918e-07 5.187407000751327e-06 2.8342232526585336e-07 1.2036905422807611e-06 1.56018759582959e-07 1.2162743563637475e-06 0.0 0.0 0.0
1.3452006148264214e-06 0.0 6.016432151698366e-05 6.192630026184088e-07 1.4768078009698226e-07 7.837024648942502e-08 1.6102916121971252e-05 1.647006903194584e-07 0.000273812988786474 4.7145644181198947e-07 5.024968514671736e-05 1.7771857756336385e-06 0.000457479692464078 5.926888782605479e-07 2.6038257971587397e-06 0.00016721704037255428 1.4741133125133882e-05 1.4568659620571374e-06 5.118607290280032e-06 0.0 3.281337694144752e-05 0.0009686509768687527 3.3385165105706294e-05 0.0005224858697742651 0.0011440260496063269 0.0003732961214191415 0.006371269392949243 5.5772884308357085e-05 5.859345449173113e-06 2.8790047232301824e-05 7.621226738960625e-05 0.0 4.814289874980424e-06 1.070950188458184e-05 1.9694906381591837e-07 2.4271077610914042e-05 5.534451272805314e-05 1.6029774781522612e-05 1.0516243454672965e-05 5.904548594050018e-06 0.0 7.96853160882546e-05 0.0 1.0304335048432659e-07 5.28759028023513e-05 3.141030529231855e-05 0.0 0.0 0.0 7.35743447347914e-07 1.457184506906071e-07 1.484831282847097e-07 0.0 1.8874275622609365e-06 8.159758826949286e-08 4.867148005782563e-06 1.3910660770458528e-07 0.0 3.130946188961895e-06 1.4761397881565018e-05 5.967183344692812e-07 7.377201891463435e-06 0.0 6.323650284574232e-07 4.969285241973159e-06 9.869703936717313e-07 1.0554505875897565e-06 5.190040777854183e-06 0.00011959653504422079 0.0009279013972577246 9.030520362670036e-07 2.081982740773814e-07 1.978869830926233e-07 1.9870605422031073e-06 0.0 0.0 4.233953595589411e-06 7.380011565385229e-07 6.679802250161807e-06 8.713653651708941e-06 1.2179083184570716e-05 3.4110606722436197e-06 7.080342989889147e-07 0.0 6.438718503723078e-07 0.0
0.00013536750927831606 6.016432151698366e-05 0.0 1.1665364644396494e-07 0.0 2.959260693302061e-05 0.00046237604272901924 0.0004785624108498993 2.18320030922859e-06 2.4682230785175487e-05 2.207049217730483e-05 1.0777548551693464e-06 4.565434290586491e-06 0.0003351748247342276 6.557227702100671e-08 2.2243032926557527e-06 0.0006459223870602716 2.7919430540112847e-05 7.117322341081681e-05 5.773624103539143e-07 0.0006410413695426468 1.3266617175928266e-05 0.004306899268620172 1.1234008680481165e-05 0.0 0.005189551161472953 0.0023596564959848902 6.0854497929931205e-05 0.00022092066820515954 0.0003194896248311537 2.151030620865827e-06 4.26697761373839e-06 2.278648147593285e-05 0.0002139264206716574 1.0465007002154613e-05 0.0011852825995871754 0.0020554325505250494 0.0005099856568788876 0.00036097725194260047 2.1957337688595003e-05 1.8157817618727847e-06 2.966549775021562e-06 4.32115228474512e-06 6.652586732189228e-08 7.261676473965518e-05 0.0001093157328780804 0.0 0.0 0.0 1.414701180800907e-06 3.3051981233015966e-07 7.25879859969149e-07 0.0 5.8987394246810065e-08 0.0 0.0 7.450295260885733e-07 7.116131868972671e-08 6.991978947639877e-06 1.753710414112931e-05 7.788156171139391e-08 8.885464385161329e-07 8.987282407310385e-08 4.209483614468913e-06 4.543243743582139e-05 2.597025769419082e-05 3.807527170276043e-06 1.7991975281233828e-07 4.032924078046087e-05 0.0008030775895481255 5.2594387006828654e-06 9.441282840743809e-08 3.840658337162159e-06 1.6738674236550777e-07 0.0 0.0 3.4392454148731743e-06 5.0575322671860674e-06 7.610713485188104e-06 9.930526605903351e-05 1.1439717580970412e-05 5.949730416433654e-06 5.555735540051186e-07 0.0 0.0 3.779388647771624e-07
1.208789881632003e-06 6.192630026184088e-07 1.1665364644396494e-07 0.0 1.8705229731757476e-06 0.00019802091233128504 3.8500343315552176e-05 1.7308673836889486e-05 0.0004931729448038006 0.004070140643864651 3.704343371847013e-07 0.0006144627181517882 2.290845060177377e-06 1.5435568412767294e-05 1.9546562009936262e-05 1.2922913228742658e-07 7.309952049408764e-08 3.028492342164016e-07 9.757376886334552e-08 0.003041718130418392 3.8180793018473964e-07 1.999045570989828e-06 0.0 0.0013807241770857357 4.319768188171592e-07 5.557058387166942e-07 9.743570709447923e-07 0.0015352045291013717 3.52544844718055e-05 5.203928059968328e-07 5.900400030723895e-08 1.421571964658546e-06 3.2349681923853693e-06 2.11257492260685e-05 9.689033161873665e-06 0.00016825798880002645 8.760480977466647e-07 6.037808847735732e-05 3.9087599894470396e-05 4.918451437147464e-05 1.6817136474106388e-06 3.0155257269910935e-07 1.0668789031278737e-06 5.038797587570969e-07 0.0 0.0 4.5871858334887664e-05 7.501708779018335e-07 4.368366848431435e-06 6.369121953527597e-05 2.7595197829012875e-06 7.138625047792392e-05 2.2724582397142968e-05 3.6030628122002754e-07 1.9297795932345546e-05 0.0 1.7004098942858272e-06 6.881263560569314e-06 7.519412727842062e-07 0.0 1.145941191028796e-07 3.298229490650682e-07 6.1030011507764004e-05 0.0 2.188721941200725e-07 4.853370182495109e-07 0.000155778452416209 0.0 0.0 5.9236017635119185e-08 0.00011803557295878346 2.950161250317488e-06 4.2326429085283945e-06 0.0 3.81140323470495e-08 3.076858512994343e-07 3.1099731517397177e-06 6.767914286391636e-07 2.5698846528308023e-05 0.0 7.37721274063402e-06 1.3504859072197829e-06 2.676471376346686e-05 6.218357090204212e-07 1.1015713376225215e-07 0.0
0.0 1.4768078009698226e-07 0.0 1.8705229731757476e-06 0.0 0.00019159352897865503 1.3455897228275222e-06 1.8228110009148755e-05 4.381280101452349e-05 3.01333978641605e-06 5.462397123295146e-06 7.949415848312114e-05 4.38232803049377e-06 1.7548981507825655e-06 0.0011091242998634676 0.0 0.0 6.23896570163213e-07 9.90840311612359e-08 4.25655335754101e-06 0.0 1.4075171231320084e-07 0.0 9.163352721309336e-06 0.0 4.875952545438873e-07 2.0709584342311268e-07 1.3789284631772436e-06 2.3646977322019988e-05 0.0 0.0 0.00016654174990626917 0.0 1.92198198998885e-05 6.136252015594477e-07 1.893796728047497e-05 1.5650678250199865e-06 1.8288907683990844e-05 1.0247381229687535e-05 0.0010496995682716967 4.99914248027319e-06 0.0 1.8401373660592658e-06 0.0 0.0 0.0 7.656482945769195e-07 0.0 2.1372675381498161e-07 1.439585291309169e-07 6.81470597535116e-08 6.084836526552136e-07 1.6323593311898392e-07 0.0 1.0416927163257769e-07 0.0 0.0 5.113785477937598e-07 0.0 0.0 0.0 0.0 5.18796891628494e-07 0.0 0.0 0.0 5.579257751929795e-07 0.0 0.0 0.0 1.5252366238122946e-06 0.0 0.0 0.0 0.0 0.0 0.0 0.0 2.0701818041237375e-07 0.0 0.0 0.0 2.3821239220912651e-07 0.0 0.0 0.0
1.5871543350328337e-05 7.837024648942502e-08 2.959260693302061e-05 0.00019802091233128504 0.00019159352897865503 0.0 0.0008582476774013843 0.002947755374622952 6.687813901538784e-05 0.0037792940133854606 0.00010441952686998154 0.002413776157269075 3.653070711883351e-05 0.0004211607428256339 0.0011412528710522535 1.2485447811317292e-07 1.1642818908289303e-05 2.864081573583868e-05 1.230666328876409e-05 0.0003703064763496249 9.010608133238543e-06 0.0 1.8877996232678487e-05 0.00020438982117996794 5.544346477701453e-08 3.218861353309652e-05 9.99016160396396e-06 0.00028472367845585965 0.0005858445811655466 2.7113705203131116e-05 2.3834949419078504e-07 0.000579484723898597 1.5123512559557287e-06 0.00030758944200363035 6.015352287043907e-06 0.0003538644806076546 1.9929409929604633e-05 0.00044176428029310744 0.0001299100014733136 0.001441586367815558 6.143866679914909e-05 2.4987428117711586e-06 9.266082234210548e-06 3.2685992461504523e-07 0.0 3.5780095243002306e-07 1.0750334665450807e-05 1.0766224621035336e-07 1.24332782888769e-06 1.519473355556051e-05 8.559223729553301e-07 2.139170690762102e-05 6.566712604382399e-06 0.0 8.016659179031029e-06 2.0836881277193766e-07 2.0716556320925226e-07 4.639295668531947e-06 2.475849255930139e-06 0.0 0.0 0.0 2.161924301469577e-05 8.868084353061449e-07 1.3411305487100423e-06 7.356723295909128e-07 3.86716286228022e-05 0.0 0.0 3.1780135302742167e-07 2.6479500577941923e-05 8.55288161702384e-07 1.9279490860634933e-06 0.0 0.0 8.012065268023575e-08 1.1600073767451107e-06 1.4305445908310158e-07 1.6691311410033465e-05 1.1145537659084668e-07 1.738921704345074e-06 3.7565761925746086e-07 1.363354703850604e-05 0.0 0.0 1.2366042307359553e-07
0.002279895827992991 1.6102916121971252e-05 0.00046237604272901924 3.8500343315552176e-05 1.3455897228275222e-06 0.0008582476774013843 0.0 0.0029563338059817048 0.0005011407406156433 0.005002632175587173 9.293981103257725e-06 3.435811088152316e-05 7.88188026743029e-06 0.003444386907145838 1.5344535630393098e-05 5.278351008767368e-05 2.2604641250336782e-05 5.557347267532548e-06 4.266609796145981e-06 2.3213069513553065e-05 0.0009983277691830714 3.9017464099703515e-05 0.0007473131691351775 0.0015110691892450626 4.019705701154859e-06 0.00017967110723066877 0.0006678845964068913 0.008455043999265275 0.0021728657131803715 0.0027841760637538028 2.998018594130602e-07 2.1334821850708235e-05 0.00019337314561935866 0.0005609113526760592 0.00010230741478160892 0.0019890167942542996 8.901266038489336e-05 0.0010857141071241381 0.0006077507570120157 0.00020987980488395384 2.192309905377601e-05 4.661801628930502e-06 1.844221679561302e-05 5.448926532751426e-06 3.845829390126835e-07 1.1363516426069514e-06 1.9480150840394157e-05 3.16960879195022e-07 2.099140335083848e-06 0.00020670862619364387 4.764663467794887e-06 0.00013199170366654485 1.2440587870578613e-05 5.236639065566175e-07 4.725695667141723e-06 9.770506353654044e-08 5.039235354125068e-06 4.368376533390221e-06 2.991832865496962e-05 1.0664919356264196e-06 2.4047167812752667e-07 4.4084080661141054e-07 1.7488130751342437e-05 3.517426142348905e-05 1.9483102112721927e-05 1.4059021152318097e-05 0.0004123195459257437 0.0 1.1225654910799725e-06 1.6138035629688785e-05 0.0004629303472142434 1.6369416660818568e-05 0.00013798278096877767 0.0 5.077863127013144e-07 2.92674016673429e-06 1.1741107379442633e-05 1.1007989248036226e-05 9.521644483433104e-05 2.412687878205083e-06 2.4513536937762824e-05 8.28601411311717e-06 2.1314241363703932e-05 1.7911271706788969e-06 0.0 5.113007381106682e-08
0.00034469185064919735 1.647006903194584e-07 0.0004785624108498993 1.7308673836889486e-05 1.8228110009148755e-05 0.002947755374622952 0.0029563338059817048 0.0 1.1003403917361409e-05 0.0016903554200453413 8.838745174803233e-05 0.0003859916652018537 2.4080669079819682e-05 0.0035438297455762237 9.365109631509606e-05 3.499419865138233e-07 0.00010210914452074122 2.7393795774235844e-05 1.9727661251390157e-05 0.00013404160349398655 0.00017772379065629165 1.0676137086971968e-06 0.0003316803788127461 7.29995745428459e-05 3.116996319004759e-07 0.0003288636458439616 9.306489271991525e-05 0.00020654333962977868 0.0009924883158348413 0.0005669941807951687 2.306468764190207e-07 0.0002068974135414736 6.0209557071867e-06 0.0003262368828605204 5.658414281400819e-06 0.0002140092633248606 2.5101140823061626e-05 0.00042766029454474353 0.00011454060605710527 0.00040720792080322266 4.224870382588187e-05 2.3490135597616737e-06 5.106531824237357e-06 3.683186251655212e-07 1.1815427420168932e-07 2.3082833762034e-07 6.300128210200953e-07 1.267636892103264e-07 0.0 7.190019574605433e-06 1.1343995435971754e-07 7.054585940539921e-06 1.062712056176288e-07 0.0 8.200303832078801e-07 6.892964384171669e-08 3.293820198883643e-07 3.332066573236156e-07 1.9070380179103184e-06 0.0 0.0 6.814921858720243e-08 1.0922443372954674e-06 1.658227869861136e-06 1.45071031592303e-06 1.97493676595427e-06 1.7707267175705843e-05 0.0 2.007519249903091e-07 4.607931843909863e-06 1.6807433295862826e-05 3.8121587348265317e-07 4.094455386453729e-06 0.0 0.0 6.690710543457037e-08 1.2999429445024113e-07 0.0 4.524067819444778e-06 7.933050625719718e-07 1.4211609062231656e-06 7.518778553257204e-07 2.746777837688078e-06 0.0 8.070537118117773e-08 0.0
6.219127317146699e-06 0.000273812988786474 2.18320030922859e-06 0.0004931729448038006 4.381280101452349e-05 6.687813901538784e-05 0.0005011407406156433 1.1003403917361409e-05 0.0 0.00034239995272903744 9.151771371505253e-07 0.0003209061295731228 4.31035967010103e-05 6.39953395341724e-06 0.0007771468442490328 0.00017074201954979273 1.7208861614165327e-06 4.159371840967326e-07 4.4735088648574537e-07 0.00021665826918433476 8.234857306894777e-05 0.0011105549606463027 6.241497177519105e-05 0.006916994489126701 0.00014682261266074328 3.130381536155501e-05 0.0002940749516913945 0.0010086986997498591 3.138577092203523e-05 9.764956895644855e-05 1.3670053053723898e-05 7.712074334197392e-07 7.0416459739000795e-06 1.4188822980557055e-05 2.667539689636304e-06 0.00010597518862910939 9.776585303898238e-06 2.5991493824945595e-05 1.0047836564832056e-05 0.0003134419141388478 2.1003654892457026e-06 5.092747584034474e-06 4.5602429189174584e-07 1.5922732088496956e-06 2.8378159002669706e-07 2.2709175401531207e-07 0.00010039662019140198 8.252325673794108e-07 8.92882710827448e-06 0.00010156251672436695 3.648637464395961e-06 7.980425977139238e-05 3.9561751518682384e-05 1.5589598794850747e-06 4.900086805919588e-05 4.3697607720525906e-07 2.452568535496691e-06 9.026710727066357e-06 0.00018843636215028876 4.384192048172257e-07 3.4656761028371456e-07 4.493060701984389e-07 0.0001300692956786248 7.051804355748716e-05 3.8375612234722715e-05 5.716647871883476e-05 0.0005677320363198116 1.3752765691053502e-07 9.86422957449434e-07 1.8800501684303658e-05 0.00033097588506059584 8.321027741730117e-06 3.32327812170353e-05 1.5322440375499573e-07 2.47310326989398e-07 4.2397385731872544e-07 6.727462638214596e-06 1.4282924689403416e-06 3.277936337993721e-05 2.853799432812501e-06 1.3567348273448152e-05 2.6035789613397286e-06 3.9680983110481464e-05 6.420275188736555e-07 3.1514993399064657e-07 0.0
1.789770854765667e-05 4.7145644181198947e-07 2.4682230785175487e-05 0.004070140643864651 3.01333978641605e-06 0.0037792940133854606 0.005002632175587173 0.0016903554200453413 0.00034239995272903744 0.0 3.058124169808953e-05 0.0021303595251272586 1.2480732927703467e-05 0.0006673196395991286 5.366208112405969e-05 1.1653552203133754e-06 4.04558728449852e-06 1.2690786840801186e-05 7.85034237481016e-06 0.0037600629842985287 1.4091000423299004e-05 1.9328946257024275e-06 1.2138770150933964e-05 0.0013548175742254826 2.3564156504663273e-07 1.861535547304542e-05 2.632332592856563e-05 0.003506725613603849 0.0006534410698548162 1.3949649971524646e-05 3.127136924622608e-07 4.5360047369497166e-05 1.9911151114687237e-05 0.00033261196646399484 4.740576274930496e-05 0.0011697196205272004 1.9649259649101835e-05 0.00096594672449797 0.0004976262032311153 0.0002071167999413611 4.538965124505849e-05 4.474593351066076e-06 2.3618116671937736e-05 1.183327817885066e-06 0.0 1.84933192583537e-07 8.318310241298253e-05 1.2349131901798878e-07 8.884518944343044e-06 0.00011615725903899504 3.02796861644423e-06 9.827764784291304e-05 2.967974142781271e-05 4.0146858444682307e-07 2.5559814145980904e-05 0.0 5.081069494646781e-06 1.1388677018546073e-05 2.785964583495692e-06 0.0 0.0 0.0 8.81834784902449e-05 2.5064501459757635e-07 3.175173357670088e-07 9.518933109322065e-07 0.0002846732185876136 0.0 3.404372284623548e-07 1.2523275711113594e-06 0.0001926234098724921 5.608946619535983e-06 1.7617955914236006e-05 0.0 2.613946267412673e-07 4.0915097518445193e-07 6.187720655030614e-06 3.98102498871449e-06 6.574970762940648e-05 7.290089312729278e-07 1.5267637997242037e-05 1.7790996160769232e-06 4.48422909211199e-05 4.83024824863396e-07 0.0 0.0
2.0630445303518295e-06 5.024968514671736e-05 2.207049217730483e-05 3.704343371847013e-07 5.462397123295146e-06 0.00010441952686998154 9.293981103257725e-06 8.838745174803233e-05 9.151771371505253e-07 3.058124169808953e-05 0.0 2.3244373470645946e-05 0.0008425921063723407 9.906008921891901e-05 4.618763262558256e-07 5.256701368315514e-07 0.00020713044986177351 0.0013899289873250495 0.0008393645250121523 1.1421131576702299e-05 5.64596774347291e-06 3.456355730267028e-06 2.0407206934719363e-05 4.491966915831906e-06 0.0002741361248925622 0.0013322830196255077 0.000179560123506529 2.969467871896558e-06 0.0001580989968998185 3.1560103351995485e-06 7.260782885032354e-05 0.00023651233124836769 2.447303337215645e-06 0.004704264839834616 3.030461931851849e-06 0.0003157571348927405 0.002689518522185684 0.0021241518584210685 0.0005921541339956924 2.1694024188715354e-05 2.629928365319254e-05 0.0006633793772773146 4.147318627870657e-06 0.0 3.0772290761098538e-06 6.685433088867527e-08 0.0 0.0 1.0749971490955067e-07 1.9100265954342832e-07 1.4561755386250302e-07 1.2271698983313238e-07 4.873634893091132e-08 0.00019822507618062773 1.6578932002204308e-07 0.0004651708779532754 1.0754985852011977e-07 5.751700391129089e-08 3.3231301017986194e-07 0.0 1.366323849121244e-06 2.261628046696751e-07 0.0 0.0 5.0485645912055e-07 0.0 7.055799113403971e-07 8.000618693610954e-05 0.00012840729872348202 0.00012150801094125638 7.329982130075621e-07 4.684546729433064e-08 4.55908778246996e-08 0.0001250258586703655 8.406249049229262e-08 0.0 4.212952543947873e-06 2.3494193792439572e-07 6.417531288197907e-06 0.0001056809405916663 8.503928582609417e-06 1.7812361097350723e-06 4.00376365855109e-07 0.0 3.5780671051157824e-05 1.275572141393385e-07
1.7269133179861897e-06 1.7771857756336385e-06 1.0777548551693464e-06 0.0006144627181517882 7.949415848312114e-05 0.002413776157269075 3.435811088152316e-05 0.0003859916652018537 0.0003209061295731228 0.0021303595251272586 2.3244373470645946e-05 0.0 1.136256903725904e-05 0.0001739022511382197 0.000897297860642418 0.0 1.2893594800497186e-06 9.218688372740115e-06 3.9068341342463154e-06 0.0022485273731584934 3.9125101251191027e-07 6.575601874823438e-06 1.3647544595311836e-06 0.0002106198280242947 3.183196014515379e-07 5.5565554889212345e-06 4.024426965016027e-06 0.0001012435564443284 0.00011174346348652583 1.881786273150089e-06 3.4833190909642976e-07 2.929022790057404e-05 3.790318442317059e-07 8.617064868363568e-05 1.797810557688445e-06 0.0005096372870641551 8.257557490364384e-06 0.0002675376876174856 7.074051944547726e-05 0.0007463092192463911 1.9059260970964807e-05 7.750483469026258e-07 3.696847960857972e-06 9.137953781676179e-07 0.0 0.0 7.615295771036552e-05 1.3979974503356773e-06 1.1862346989085938e-05 2.7431679482862336e-05 1.617402894711438e-06 0.00012921882831630892 5.4084314933922513e-05 3.4036461189725e-07 4.622370282682202e-05 7.507298966564806e-07 6.975517176137929e-07 1.801256000798582e-05 2.497548490887942e-06 0.0 1.0427047555592011e-07 1.3294959568419385e-07 0.00010147748098489498 1.884875458740963e-06 6.816644525502357e-07 7.088296573223354e-07 0.0001289784599276023 0.0 3.008430222755119e-07 5.446205164752961e-07 0.00010291847286406627 1.321277987425023e-06 4.656190678079102e-06 0.0 9.166913871030037e-08 1.1067529509965895e-07 1.0327654348278371e-06 5.773102820830731e-07 4.0345273764506806e-05 0.0 4.025979001433363e-06 1.357466191155713e-07 5.884740474487858e-05 1.0491684228009379e-07 1.101442082611731e-06 0.0
7.390917388168027e-07 0.000457479692464078 4.565434290586491e-06 2.290845060177377e-06 4.38232803049377e-06 3.653070711883351e-05 7.88188026743029e-06 2.4080669079819682e-05 4.31035967010103e-05 1.2480732927703467e-05 0.0008425921063723407 1.136256903725904e-05 0.0 1.550524362884572e-05 1.0308828465960975e-05 2.8019768784895808e-05 5.325253945039582e-06 5.079254520536218e-05 3.554897502281664e-05 4.872001536021263e-06 2.6169180495772042e-05 0.00010143171149222933 4.556405839999892e-05 6.470037019880365e-05 0.0028842369818021813 0.0003464756491799357 0.0024074501289993973 1.567599973766379e-05 9.014328908314063e-06 8.15853501575616e-06 0.0007986674502532305 3.164045168141866e-05 0.0 0.0004367275253609735 0.00011314641005163908 0.0023008136968848073 0.0025935290807444066 0.0016612851033062476 0.0005476173369533963 0.00021212545626420455 2.967241803140877e-05 0.0008256422308323784 2.9604945371132847e-05 5.503007791803549e-08 2.206539931903817e-05 2.442864151789727e-07 0.0 0.0 4.0648676815192845e-07 1.2707731366017904e-06 1.137436761340094e-07 3.449539393936806e-07 4.1657748225231456e-07 0.0004094804617863113 1.1533340276246992e-06 0.0010248459864035967 4.6408273220757714e-07 2.4543126256093147e-06 6.693169354193692e-06 1.1599007230271642e-06 1.8743325262762287e-06 3.6705657465665025e-06 1.955541703238296e-06 2.641161689131519e-07 8.733632368634599e-05 5.35285305246599e-06 1.8238129302980414e-06 0.00035722599567084495 0.0002511037271874345 0.00027954811809394685 2.919705595693828e-07 2.9992701676499817e-07 2.1286509957815415e-07 0.00025459090346792934 0.0 0.0 5.414136478639055e-06 2.991008534790378e-05 0.0005757210841809429 0.0002188894948299306 5.266769260656175e-05 2.970740145926761e-05 3.851846511557463e-05 4.319988783390008e-06 7.345762480161103e-05 1.751985696209637e-06
0.003023483961608113 5.926888782605479e-07 0.0003351748247342276 1.5435568412767294e-05 1.7548981507825655e-06 0.0004211607428256339 0.003444386907145838 0.0035438297455762237 6.39953395341724e-06 0.0006673196395991286 9.906008921891901e-05 0.0001739022511382197 1.550524362884572e-05 0.0 1.1767616670037103e-05 5.159777160883524e-07 0.00014474247065799546 3.257393686727021e-05 2.717104560894628e-05 0.00010904957622173095 0.00017141759875893812 7.95897665995326e-07 0.000303957856721958 4.992060240718111e-05 2.2578768554420989e-07 0.00032295929884647675 5.4807891300009464e-05 0.00014567814224048135 0.0033272271791917195 0.0010041105873949108 6.604129945346015e-07 0.00016348983884790534 1.4579460045518243e-05 0.00045169802019645475 3.2798021721176255e-06 0.00022110367140042343 2.7484439760287687e-05 0.0004965200166920766 8.268714030283322e-05 0.00017487180466669696 1.9271998543515827e-05 1.6433595101305124e-06 4.152170893060315e-06 7.447970274920359e-08 2.4184713478278004e-07 4.297808541035134e-07 6.884589942855525e-07 0.0 0.0 5.969468293689418e-06 3.6500791390349337e-07 2.909094176407419e-06 1.6672806891424278e-07 1.1551553773990917e-07 1.4697117008774164e-07 0.0 2.30574713621507e-07 6.029429991123418e-08 2.3175765914707186e-06 1.5759733911261654e-07 0.0 0.0 1.6477937545315496e-07 2.52258895412415e-06 1.3664428370673476e-06 8.34870439757949e-07 1.3180692899927352e-05 0.0 4.1129903304090684e-07 3.239406557362815e-06 1.638878139902563e-05 2.5706687105178007e-07 4.684270568310541e-06 0.0 0.0 1.114130982851895e-07 1.4266205095406541e-07 4.847614026014566e-07 4.495369003969647e-06 6.924173648218619e-07 7.853921808156323e-07 3.168739804095759e-07 8.767952192101008e-07 0.0 0.0 0.0
0.0 2.6038257971587397e-06 6.557227702100671e-08 1.9546562009936262e-05 0.0011091242998634676 0.0011412528710522535 1.5344535630393098e-05 9.365109631509606e-05 0.0007771468442490328 5.366208112405969e-05 4.618763262558256e-07 0.000897297860642418 1.0308828465960975e-05 1.1767616670037103e-05 0.0 0.0 8.445314313660774e-08 1.5066954096138786e-07 8.562114091603109e-08 0.00011609439433360431 0.0 1.1660394413383689e-05 0.0 0.00036050348866552675 1.5821491084550334e-06 3.6858352001795466e-07 3.6300430448016136e-06 2.404591480459434e-05 2.4319919302678753e-05 5.608450225292415e-07 2.1395314259132818e-07 0.000202836134024889 0.0 2.8180929240055353e-06 1.1219490776003204e-07 0.0003829804029880616 7.875227021589211e-07 8.728383681076951e-06 1.531552477407117e-06 0.0010046732920509904 2.2185400684012142e-05 1.965588044368488e-06 5.036665888265347e-07 0.0 0.0 0.0 1.7538979906346543e-05 9.952244399038925e-08 1.409369975377648e-06 1.108413196317161e-05 5.506181598174893e-07 2.88063881595357e-05 1.0277442759657281e-05 0.0 1.575430366074874e-05 9.195299738123189e-07 2.3285836090098343e-07 6.730126684824231e-06 2.502374969244596e-06 0.0 0.0 6.199250907853839e-08 2.491148598618551e-05 2.1636518959843876e-06 2.5734186796250365e-07 2.6189064880374082e-06 3.729912711752692e-05 0.0 5.985311864142413e-07 0.0 2.647425441498215e-05 1.7029333050268093e-06 1.029043160944217e-06 0.0 0.0 1.5410574417165818e-07 3.456342057653652e-07 0.0 2.7359055959987776e-05 0.0 1.826355105933143e-07 7.539442808508926e-07 2.308303952501075e-05 0.0 0.0 0.0
2.2757691407336807e-07 0.00016721704037255428 2.2243032926557527e-06 1.2922913228742658e-07 0.0 1.2485447811317292e-07 5.278351008767368e-05 3.499419865138233e-07 0.00017074201954979273 1.1653552203133754e-06 5.256701368315514e-07 0.0 2.8019768784895808e-05 5.159777160883524e-07 0.0 0.0 4.151583969890573e-06 3.029952694610399e-07 1.0519309048932614e-06 0.0 0.0007524753454455262 0.0018923803062854112 0.0030393416564115793 0.0013488109886916303 2.7367678011736294e-05 2.15956366403878e-05 0.001647518928512451 0.0009320797440734557 2.817489949380197e-06 1.186752188761636e-05 1.3554938651118008e-06 7.612633825050016e-08 5.641494039625494e-07 5.291866052034373e-05 7.44051554259163e-06 0.0005443250997571305 0.00016095590471396594 0.0002295264258653466 0.0002265353136597872 9.433875941936095e-06 1.00107767514786e-07 9.702562412191428e-06 3.0456452979608975e-06 1.935624587784057e-07 3.5284923971844563e-06 1.5077485721081837e-06 0.0 0.0 7.682058433079858e-08 5.343450236283138e-06 1.5424239467748112e-06 1.7118630203691014e-06 6.95560997940154e-08 3.2506091487336837e-07 0.0 4.182001134480433e-06 1.5066287699471454e-06 0.0 0.0006224349588601116 9.949384609007625e-07 0.0 2.1306010047102925e-07 0.0 9.965227319135605e-05 0.0005050784838122987 0.000326060774324623 5.141559249676832e-05 9.544388004457764e-08 7.978408088245674e-07 0.00028003013505515533 6.99774064925205e-05 3.0026322646540645e-07 5.022957922269364e-06 0.0 0.0 0.0 1.4668865713564583e-06 1.394257044082458e-06 0.00017592392715776742 9.174422659912696e-05 8.094208133681675e-06 5.651323411094487e-06 1.0844640015108317e-06 8.500684043495995e-08 0.0 0.0
8.621130136918958e-05 1.4741133125133882e-05 0.0006459223870602716 7.309952049408764e-08 0.0 1.1642818908289303e-05 2.2604641250336782e-05 0.00010210914452074122 1.7208861614165327e-06 4.04558728449852e-06 0.00020713044986177351 1.2893594800497186e-06 5.325253945039582e-06 0.00014474247065799546 8.445314313660774e-08 4.151583969890573e-06 0.0 0.00014232680391930972 0.001593482777744861 1.267900443986968e-06 0.00035366383809565586 3.386768480932114e-06 0.00198218957000449 4.383041371480981e-06 1.5763777943035432e-07 0.0013815792859038186 0.0023739836538886534 5.3690896269044536e-06 0.0003512742810799914 0.000390314169434426 4.3723208004631193e-07 1.37152692157721e-05 4.998434761420597e-05 0.001755951244867968 2.7884917939673098e-06 0.00045349852471732925 0.0008945729217955221 0.0012093584945827526 0.0005364814814479902 8.015289240923044e-06 5.228207422032486e-07 3.6088983367576576e-06 1.1107567257930723e-06 1.8439960773154465e-07 1.0077734495542929e-05 1.5351948506099183e-05 0.0 0.0 0.0 3.977126034231545e-07 3.0952737768934147e-07 0.0 0.0 1.8521904783186923e-07 0.0 0.0 0.0 0.0 1.749069153144877e-06 1.0632401279812241e-05 7.261311830454491e-08 1.797642058656293e-06 0.0 1.7648370544144268e-07 1.867675861135933e-06 3.9561540420498806e-07 6.794152366055485e-07 1.4857684733455498e-07 3.9808348385513284e-05 0.0001518576597445862 1.2474147164895157e-06 0.0 5.473910884645716e-07 0.0 0.0 0.0 2.0438919032842854e-06 1.4663185643366988e-06 3.092801229374232e-06 4.408566565758614e-05 4.975267365547036e-06 2.095793065737917e-06 1.0347928821752867e-07 0.0 0.0 0.0
1.8569202445928044e-06 1.4568659620571374e-06 2.7919430540112847e-05 3.028492342164016e-07 6.23896570163213e-07 2.864081573583868e-05 5.557347267532548e-06 2.7393795774235844e-05 4.159371840967326e-07 1.2690786840801186e-05 0.0013899289873250495 9.218688372740115e-06 5.079254520536218e-05 3.257393686727021e-05 1.5066954096138786e-07 3.029952694610399e-07 0.00014232680391930972 0.0 0.0013454693067831394 4.693284968602456e-06 1.7460560721709946e-06 2.525779774488403e-07 8.193147843831398e-06 2.0218029736359705e-06 4.632736430501912e-06 0.0008600207122944354 0.00012349456864479944 1.6245714326120196e-06 4.880357396242084e-05 2.405051400497351e-06 1.197992546888264e-05 5.6726406099503436e-05 7.467568634684155e-07 0.0006936036822943957 1.661888568857701e-06 0.00041154590752183327 0.0010492622186612608 0.0010041899934850984 0.00026393003949294456 1.709267634754557e-05 2.903333610589273e-06 1.4993275059428768e-05 1.558140466885816e-06 0.0 2.7660048184714037e-06 2.0876303138782707e-07 0.0 0.0 0.0 3.3928145949033536e-07 4.4141392882946956e-08 8.888917510694288e-08 0.0 7.602318413488847e-06 0.0 1.6178814760561258e-05 5.1100881429374415e-08 0.0 0.0 7.054922929437205e-07 8.406719317460007e-07 8.907267688736863e-07 0.0 0.0 2.854910012949365e-07 0.0 2.287886064633541e-07 4.1221435973343844e-06 4.231600105227348e-05 7.297135339797182e-05 0.0 0.0 0.0 1.4148449164980658e-05 0.0 0.0 1.3774128060868817e-07 6.09027545823492e-07 3.7306882060660503e-06 4.8829301159362776e-06 7.00226260463669e-07 0.0 0.0 0.0 1.4359615216608996e-07 0.0
2.9370618439550216e-06 5.118607290280032e-06 7.117322341081681e-05 9.757376886334552e-08 9.90840311612359e-08 1.230666328876409e-05 4.266609796145981e-06 1.9727661251390157e-05 4.4735088648574537e-07 7.85034237481016e-06 0.0008393645250121523 3.9068341342463154e-06 3.554897502281664e-05 2.717104560894628e-05 8.562114091603109e-08 1.0519309048932614e-06 0.001593482777744861 0.0013454693067831394 0.0 2.356288797215312e-06 1.2042416375199064e-05 5.633608200584178e-07 2.8197945194707826e-05 1.030578605051656e-06 1.0239626002376274e-06 0.0032923503634921373 0.0007678432292793857 1.4395620116566935e-06 5.684465576573649e-05 6.806371195155871e-06 2.860336894581675e-06 3.4355673026598894e-05 1.251023763900385e-06 0.0017472072163528926 3.2727555693607343e-06 0.0006861722266617769 0.0014638843185285967 0.001494339278168231 0.0004561079979821717 2.348909899993126e-05 5.412355110831298e-07 4.2199719435668554e-06 1.7411022501276456e-06 0.0 1.8756214815364415e-05 1.8341848336325404e-06 0.0 0.0 0.0 0.0 0.0 5.439284613132656e-08 0.0 5.104797396165965e-07 0.0 2.1488420126873694e-06 5.823563427022078e-08 0.0 6.078936035309542e-08 3.98222143634682e-06 5.359795073251916e-07 3.892718662035993e-06 0.0 1.0773635241654002e-07 1.0914812239620789e-06 2.2029619015703766e-07 2.1518882507799774e-07 1.7267371828246771e-06 6.910975062469625e-05 0.00016183975467624852 4.17672629707571e-07 0.0 1.2762493093116197e-07 1.924328951139463e-06 0.0 0.0 7.154668242067478e-07 1.2713570254872372e-06 1.4962499225934493e-06 2.9476067693303484e-05 3.987690064597509e-06 8.256683996918588e-07 0.0 0.0 4.3193367881143007e-07 0.0
2.039450114424108e-06 0.0 5.773624103539143e-07 0.003041718130418392 4.25655335754101e-06 0.0003703064763496249 2.3213069513553065e-05 0.00013404160349398655 0.00021665826918433476 0.0037600629842985287 1.1421131576702299e-05 0.0022485273731584934 4.872001536021263e-06 0.00010904957622173095 0.00011609439433360431 0.0 1.267900443986968e-06 4.693284968602456e-06 2.356288797215312e-06 0.0 1.4900407181330626e-07 4.7624336905204406e-07 9.180903159181951e-07 0.0003142556055079797 6.859526296220573e-08 3.8046140877621043e-06 1.674053019183337e-06 0.0007080928500237452 0.0001078970844005058 1.7154664483954591e-06 4.891800263969341e-08 1.4053591337238734e-05 8.246604810348421e-07 6.984995919097544e-05 7.765039998751592e-06 0.0004273535866313555 7.3055416759331206e-06 0.00023872576361251007 0.00011215291849516333 0.00024508094710077265 1.3770947383814455e-05 1.4005358858257864e-06 9.003925594178539e-06 0.0 0.0 0.0 3.2823008529832454e-05 1.4706748340482471e-07 3.4254984248643584e-06 3.9908581695394935e-05 1.544235029484517e-06 4.500744659366085e-05 1.3981580854379707e-05 0.0 1.929841348711944e-05 1.202096993004109e-07 1.0110682441159496e-06 5.193068127297874e-06 6.883244590700658e-08 9.406058558547847e-08 1.769215453317185e-07 0.0 4.313853171324222e-05 0.0 0.0 0.0 0.00010677910878236009 0.0 0.0 1.5092433833904219e-07 7.484122054405663e-05 1.1930801359502872e-06 6.497413506634839e-06 0.0 7.900585112972151e-08 0.0 1.3515516468683295e-06 1.6628565834677692e-06 2.8934613466241447e-05 1.3080129490165486e-07 3.358304684984582e-06 2.5473447354908475e-07 2.8443101454857816e-05 3.383664165171359e-07 7.241220009894181e-08 4.303635604431172e-07
9.287086043292312e-05 3.281337694144752e-05 0.0006410413695426468 3.8180793018473964e-07 0.0 9.010608133238543e-06 0.0009983277691830714 0.00017772379065629165 8.234857306894777e-05 1.4091000423299004e-05 5.64596774347291e-06 3.9125101251191027e-07 2.6169180495772042e-05 0.00017141759875893812 0.0 0.0007524753454455262 0.00035366383809565586 1.7460560721709946e-06 1.2042416375199064e-05 1.4900407181330626e-07 0.0 0.00017617950249474733 0.009090481049325269 0.00017393816230996077 6.668886751587244e-06 0.00017019562260653457 0.00037650906673027237 0.0017340500246998646 0.00021782557567862594 0.007321295425809483 3.546548212982243e-07 1.8734442372568583e-06 2.6221708095843928e-05 0.0016312339440481233 6.815136813469999e-05 0.002822407977740943 0.00047331691350301015 0.0028618513316055723 0.0019062073334490872 5.2241276319974765e-05 3.4294787595854803e-06 1.2948180942455287e-05 2.0114968409345157e-05 1.8110283034302055e-07 9.278461174517923e-07 4.976802117544311e-07 8.395874730384452e-08 0.0 4.9295092674897583e-08 4.196917566074644e-06 4.161250988815693e-07 3.24188387631697e-06 5.453916097013717e-08 0.0 0.0 8.672504150228426e-07 2.8549798198222135e-07 1.3611709972788322e-07 0.00028806067741405815 5.170665749664881e-07 0.0 0.0 0.0 0.00019462347468341117 0.00020186665012911114 6.941852207141396e-05 8.438488221327346e-05 0.0 8.984964067435987e-08 3.3428618504417976e-05 0.00013672586129714572 7.529431320396533e-07 2.1935253658719974e-05 0.0 0.0 1.4752502780897953e-07 1.1366887185909425e-06 8.370863335775143e-06 5.020797040207423e-05 2.308401410779211e-06 1.5178663472576375e-06 8.253694676865843e-07 1.4983547762750212e-06 0.0 0.0 1.1970365218263243e-07
5.391357542658136e-07 0.0009686509768687527 1.3266617175928266e-05 1.999045570989828e-06 1.4075171231320084e-07 0.0 3.9017464099703515e-05 1.0676137086971968e-06 0.0011105549606463027 1.9328946257024275e-06 3.456355730267028e-06 6.575601874823438e-06 0.00010143171149222933 7.95897665995326e-07 1.1660394413383689e-05 0.0018923803062854112 3.386768480932114e-06 2.525779774488403e-07 5.633608200584178e-07 4.7624336905204406e-07 0.00017617950249474733 0.0 0.0003878090161791431 0.004431286852150049 0.0005276030454507129 5.060924278933181e-05 0.0024526940971372185 0.0002992144418658184 6.359406368636402e-06 5.935558542286814e-05 3.074913414380949e-05 0.0 9.637042717208853e-07 5.456155738003882e-06 4.235062658584127e-07 1.658021108595683e-05 7.431577201081594e-06 6.348750260117535e-06 4.0386189818604e-06 2.623823928003678e-05 0.0 4.84630765203742e-06 0.0 0.0 9.063722894822747e-06 5.859931313551811e-06 0.0 0.0 0.0 2.626665982597431e-06 8.138514161696988e-07 5.216067855588183e-07 0.0 9.282098007172599e-07 0.0 9.386955217974313e-07 1.0624772658242397e-06 0.0 0.0002215212413824017 5.278120206986611e-07 0.0 2.435784460666776e-07 0.0 1.7835717051534066e-05 3.188157862744877e-05 9.215231877409856e-05 1.8501994405493886e-05 5.0180016755486845e-06 2.415958534164299e-06 0.00037813567524935555 2.1352582740489376e-05 3.283078465795397e-07 9.299640524738171e-07 2.9445372250009005e-07 0.0 0.0 9.58963555438944e-07 0.0 8.268691549078467e-06 5.348713074056008e-06 4.469158517042145e-06 2.792964021924178e-06 3.7510813878924793e-07 0.0 1.4410066380767638e-07 0.0
0.00015686413413742683 3.3385165105706294e-05 0.004306899268620172 0.0 0.0 1.8877996232678487e-05 0.0007473131691351775 0.0003316803788127461 6.241497177519105e-05 1.2138770150933964e-05 2.0407206934719363e-05 1.3647544595311836e-06 4.556405839999892e-05 0.000303957856721958 0.0 0.0030393416564115793 0.00198218957000449 8.193147843831398e-06 2.8197945194707826e-05 9.180903159181951e-07 0.009090481049325269 0.0003878090161791431 0.0 0.0003052920656006711 2.6361416216033837e-06 0.0007593140441530799 0.005521268995674388 0.001360620399176459 0.0002593820847929008 0.0027722134676256794 3.684670071678022e-07 5.481093003489453e-06 3.0197442603630588e-05 0.0021547681126935633 0.00010557764653229619 0.005242717255745071 0.0040400033840441085 0.004289719356319527 0.0035613885700089606 0.00014170853148675914 1.2742860595362313e-05 3.34890712517217e-05 3.217446501377173e-05 2.0412336318985344e-07 2.4578931919994032e-05 4.6675257535442756e-05 0.0 0.0 6.483376339126791e-08 7.453200267253255e-06 1.992382268925574e-06 3.716958592147515e-06 6.130246607784614e-08 0.0 0.0 4.001714526613e-06 2.5352255794211202e-06 0.0 0.0006003158081939776 6.817161078027394e-06 0.0 7.233419790838735e-08 0.0 5.231798057021234e-05 0.0004109960933235994 0.00035602936412055137 4.572232675595798e-05 4.689104389451851e-07 9.41364749149576e-06 0.0009700786779822682 5.551949279437012e-05 8.19734178391663e-07 8.966992909086761e-06 0.0 0.0 6.323857780118148e-08 3.6810641227206026e-06 2.6422940313203592e-05 0.00012757469363362754 0.00022938325626388316 1.7611675041997294e-05 1.2919698564954078e-05 1.0499493430746427e-06 0.0 6.574215844008258e-07 0.0
4.043250633955949e-05 0.0005224858697742651 1.1234008680481165e-05 0.0013807241770857357 9.163352721309336e-06 0.00020438982117996794 0.0015110691892450626 7.29995745428459e-05 0.006916994489126701 0.0013548175742254826 4.491966915831906e-06 0.0002106198280242947 6.470037019880365e-05 4.992060240718111e-05 0.00036050348866552675 0.0013488109886916303 4.383041371480981e-06 2.0218029736359705e-06 1.030578605051656e-06 0.0003142556055079797 0.00017393816230996077 0.004431286852150049 0.0003052920656006711 0.0 0.00021807601484316 6.245791120647796e-05 0.001663080032082219 0.005011976996119225 0.00016472653949737917 0.00012251642681754878 1.9523863005804036e-05 2.2718636547475306e-06 4.0744141032275825e-05 0.00012276027695123123 3.0480414814363644e-05 0.0011019395461471684 9.750963043232665e-05 0.00028298939404087034 0.00016502947041892896 0.00041787401190199473 5.1925450661871854e-06 1.6124415144584151e-06 1.1587583906177029e-05 7.281389652972144e-06 2.1811891929309076e-06 1.9308456037686017e-06 6.549375999216035e-05 6.149771723042297e-07 1.2595790481022165e-05 0.00034113661807163426 1.0749588728824973e-05 0.00037902916004514887 3.665582053323479e-05 5.440330020326314e-07 3.434436786541839e-05 1.7172364215948186e-07 1.0290860121887511e-05 9.5989295763547e-06 0.0001700589668892596 9.333808078468255e-07 3.6174081933234086e-07 4.095806655921325e-07 0.0001007762223710771 0.00018832793150595678 0.00014685274379132781 3.066968456756134e-05 0.0009526356653700075 4.890320752446891e-07 2.7137666946215564e-06 3.049503500905706e-05 0.0009554696007552561 2.249161300756277e-05 0.00019182188835764534 4.754097017335105e-07 5.398232396673562e-07 4.362724491362519e-06 2.068269812210448e-05 7.326425316356348e-06 0.00016795506808595564 4.126073233840103e-06 5.3805491644029433e-05 1.2424824626156263e-05 5.4829218528045783e-05 3.7996787556022137e-06 0.0 5.454239051200253e-07
