0.0 6.296536421299205e-08 1.7041934469700667e-05 8.75576178326348e-07 0.0 1.5755543811314212e-06 0.0017407482109562235 0.00014931179183683778 6.2658938711875135e-06 7.714103550697804e-06 2.0817713949969e-06 6.11389910138848e-07 5.9122570711539686e-08 0.002385298209208008 2.5418454353486407e-07 0.0 0.00010785293910983646 8.327599542011221e-06 4.783868129932732e-05 4.3965709081531907e-07 1.1010489184658584e-05 5.363665189364755e-08 1.0504213936060749e-05 3.565435667606408e-05 0.0 6.802033152371793e-05 7.845293679551998e-06 0.00028589032728184574 0.0010074848343925875 0.0009283388462525419 0.0 8.43190950900594e-06 7.799284467283182e-06 8.059063671740833e-05 0.0 8.225190085358305e-07 7.832913101242585e-07 2.500035608554842e-05 1.661414931504694e-06 3.766356757270276e-07 7.814783113025572e-08 0.0 9.513811676027439e-08 6.462281126403065e-08 0.0 2.0281781014013195e-07 9.187541684192884e-07 0.0 2.11772178785411e-07 2.978543120314093e-07 2.0803634623503828e-07 2.618698116946381e-06 2.764315914937655e-07 0.0 6.003224763441235e-08 1.5055889688529113e-07 3.502622735305882e-07 0.0 1.716172758142037e-07 0.0 4.7293669637169824e-08 5.532298263816034e-08 1.5960172921235248e-07 6.72711659851419e-08 3.1310973287761593e-07 1.4323453731095012e-07 1.2153131680024458e-05 0.0 1.1492770967909867e-07 5.871065901801553e-07 9.632657085505148e-06 1.4246492380769972e-06 2.5024812808125385e-07 0.0 0.0 5.679150858266116e-08 2.629227933177813e-07 0.0 3.743820745712923e-06 0.0 6.29478863681703e-07 0.0 4.5829251091027254e-07 1.2998284025891373e-07 0.0 2.588189284402463e-07
6.296536421299205e-08 0.0 0.00021987143900278303 2.590042243440646e-07 1.6208679694109512e-07 2.0286174934417714e-07 7.00154723971225e-07 2.445898985736215e-07 0.00031831188866874313 3.171257237147748e-07 6.879960841101438e-05 3.3419531917132357e-06 0.00047164990369580106 8.262630916981756e-07 1.0464406034873218e-05 2.710968107403864e-05 0.0002060097380779034 9.477809975632468e-06 9.511658563744002e-05 5.46781162914283e-07 1.3569711540058844e-06 0.0010070999599850704 9.517270608605762e-06 0.00020950627928668767 0.00120637072727432 0.00041400357930897576 0.005866022972902413 8.765660857898873e-06 8.215752285011103e-07 3.2145508930460093e-07 4.462350632981702e-05 2.4648370884196703e-07 0.0 2.959302248561396e-05 2.483888279957116e-06 0.00015721375355406196 0.00018647540952384037 0.00010049784788838343 6.183267543236524e-05 7.403861335700401e-06 3.0076983545751445e-06 8.054177899118342e-05 1.6835344815207244e-06 1.0731251712466263e-07 9.94915619948144e-06 5.5117302643118934e-05 4.880686856168794e-08 0.0 0.0 4.0681285463468724e-07 0.0 1.9439131687180057e-06 0.0 1.2980138270226388e-06 6.638431473625928e-08 8.497538637235458e-06 5.551050214523703e-07 0.0 1.7128525004870207e-06 2.7933220358754283e-05 3.728523359869453e-06 3.745150666180775e-05 0.0 0.0 8.479727618812905e-06 1.3039668641302152e-06 8.854860263653882e-06 5.001368277953898e-06 0.0004356044142544246 0.0017392961868646186 5.184649490647881e-07 2.2590828116642292e-07 6.078506465624367e-07 5.6664284408111165e-06 0.0 0.0 2.6857463111257072e-06 1.2079593451389671e-06 8.39581343541198e-06 7.872362247127745e-06 7.957254117128104e-06 2.8056403170415795e-06 6.664055192635415e-07 0.0 1.657021443503875e-06 0.0
1.7041934469700667e-05 0.00021987143900278303 0.0 4.456907471901186e-07 5.045645154345381e-07 2.924949551989294e-05 0.0006475154729006532 0.00013280746992502853 2.1725138005898686e-07 9.712588582325846e-05 2.2627320577763478e-05 1.3899545237198024e-07 1.1903986142063323e-06 0.0002666167242813646 0.0 4.367582463791231e-06 0.0010456851987914217 2.525717830474337e-05 9.892365781953768e-05 2.1987593073814518e-07 0.0015131625255304462 0.0001255238091650981 0.004504882419587175 4.38420172957763e-05 2.775911060320048e-07 0.006333174587660027 0.003240139092507065 0.000809325030568192 2.569787776363652e-05 0.00044490922137555727 9.71569877870121e-07 1.6308571106792077e-06 3.3034959274983975e-06 0.00029994054191909625 2.3131049824652897e-05 0.0014778269805725277 0.00044531034522577064 0.0009316060374389042 0.0004975156017896454 0.000117121107923138 3.082362962958546e-05 6.449117185463123e-07 2.7707618315495658e-05 1.1909412459054337e-07 0.00025037816802937486 0.0006892028369485082 0.0 0.0 0.0 2.030028627622738e-06 5.887392329827075e-07 2.5146570002265903e-06 0.0 6.998912809263754e-07 0.0 3.8686767063577344e-07 9.98245320601087e-07 0.0 5.341340815395077e-06 0.00013336606670243085 1.9872965724060005e-06 4.411190567152748e-05 0.0 9.91289015192479e-07 3.4098089246942855e-05 3.198397865018129e-05 1.551407480608461e-05 5.771762208730947e-07 0.00028870862381489936 0.0014359044351278203 4.864040881810553e-06 1.9130451572034458e-07 4.432542139374466e-06 1.942168463474282e-07 0.0 0.0 2.0139963302014716e-05 1.5109066738969075e-06 7.153045069779903e-05 1.4306508319359864e-05 5.3379896666451767e-05 1.463329724804442e-05 8.359755208060868e-07 2.1753115398693057e-07 1.4524711882935535e-07 3.5167738669911805e-07
8.75576178326348e-07 2.590042243440646e-07 4.456907471901186e-07 0.0 7.413355068994623e-07 0.0001462621550538046 2.2643169007523447e-05 7.182312473054351e-05 0.00033305469914161315 0.0017037812953929472 9.438575240833447e-06 0.0020091105573300217 5.547618021091225e-07 9.802447090554993e-05 3.275671231299974e-05 0.0 5.5591915899658656e-08 1.1640015040576503e-06 6.605206010253776e-07 0.004172889881422672 5.694395621889871e-07 5.033963484546275e-07 1.573809343941424e-07 0.0015236003970163108 1.51284500864299e-07 2.2577004126744566e-06 2.5822604619019667e-06 0.003848395261190363 4.268653487834246e-05 2.1557581572977938e-07 1.1708178766412879e-07 1.210451986483993e-05 6.894142790940794e-07 2.9134761741088483e-05 1.6352467987687425e-06 0.00010180981555307688 1.7650495057619279e-06 0.0001395373104135118 4.602306183168354e-05 9.945256758911709e-05 2.5232175054466313e-05 0.0 6.373360546782032e-06 0.0 0.0 9.871808743228208e-08 0.00010091882968187389 2.327691258152286e-07 1.6126410618967242e-05 1.6804313844278874e-05 6.65631258949239e-06 4.835584020578058e-05 3.290727188688073e-05 5.655464395177322e-07 0.00011956037778456265 0.0 5.388515639531046e-06 4.86221556166732e-06 0.0 0.0 0.0 0.0 5.409395953306866e-05 0.0 0.0 0.0 0.00014353304573184813 0.0 0.0 0.0 0.00020466374035574896 5.505335041137143e-06 0.0 0.0 2.6776348283189805e-07 5.269938412068011e-08 1.4854462899246429e-06 0.0 1.133686646939049e-05 0.0 4.948295668293967e-06 3.991157849113615e-07 2.7398663672046773e-05 1.4914364394990944e-07 0.0 4.6067814762707794e-07
0.0 1.6208679694109512e-07 5.045645154345381e-07 7.413355068994623e-07 0.0 0.00025780763689296847 7.676038175264648e-07 1.3797632743425374e-05 4.729358313895939e-05 8.125405428344254e-06 3.4460108590121404e-05 1.0214187952297391e-05 5.4554939328136e-06 1.8621510628890452e-06 0.0005712511218488856 0.0 1.1509599770413443e-07 1.9573873483918763e-06 1.1147406640257786e-06 2.157981633892474e-06 6.226383070649836e-08 7.382478736984663e-07 1.044666019584847e-07 8.67506026761566e-06 1.3200788723341683e-07 1.2790273912147338e-06 1.7684767462065945e-06 5.015088779233268e-06 0.00022728672270583064 6.092692582699765e-08 1.909819338263128e-07 2.4903273824982283e-06 2.0590941796097677e-07 0.0004304840933483468 6.822853048431734e-07 4.0224870003907715e-05 2.4644368835103015e-06 0.00023097655905535486 9.57204069934758e-05 0.0007847216896241846 0.0001122771424661937 0.0 3.490278789014792e-07 2.8917080280955543e-07 0.0 0.0 0.0 0.0 0.0 0.0 0.0 0.0 0.0 0.0 4.319640088149847e-07 0.0 0.0 0.0 0.0 0.0 0.0 0.0 0.0 0.0 0.0 0.0 6.251296380957742e-07 0.0 1.3796264958807046e-07 0.0 3.0349691822563505e-07 0.0 0.0 0.0 0.0 0.0 0.0 0.0 6.716148394816551e-08 0.0 8.855558722289638e-08 0.0 0.0 0.0 0.0 1.4226522798719984e-07
1.5755543811314212e-06 2.0286174934417714e-07 2.924949551989294e-05 0.0001462621550538046 0.00025780763689296847 0.0 0.0006673901806743867 0.0022241818142442337 0.0003768085148621314 0.0045772833990717155 4.9013377889550984e-05 0.003909843113409189 1.0709939621759563e-05 0.00023861553811973924 0.0001714249362506944 1.888468379268473e-07 3.5415133038412324e-05 7.250883389085286e-06 1.6963268055505256e-05 0.0002638321537866629 1.2773227676099448e-05 5.796596725476129e-07 8.559394794241446e-06 0.0001468500159438455 1.0711848928677605e-06 6.462324938943401e-05 1.483235341681144e-05 0.001407679611905106 6.74451055789213e-05 1.3346556220366704e-05 5.666948294881083e-07 0.0003552617717848449 1.2013896959905278e-06 0.00026288830879093067 1.3157041349300662e-06 0.0006147336281447605 3.1180969526152046e-05 0.00024622090143492086 0.00017181756638633526 0.001539466859346998 0.00022280712631306848 4.994931726157831e-06 5.921294959228644e-06 1.5576362226815067e-07 0.0 5.336728622845137e-08 1.3925308207669082e-05 0.0 2.2849901918672286e-06 4.772638606336079e-06 1.299319240683336e-06 1.1383625600702826e-05 4.22876781294524e-06 4.435885401779751e-08 3.6236299929320372e-06 9.148044445407552e-08 1.1375522434023781e-06 5.223752368525337e-07 3.008326126125583e-07 6.301545315851788e-08 0.0 0.0 5.446899402663794e-06 7.588998499316737e-08 4.992238143757009e-07 6.677410701516649e-08 6.517824969494036e-05 5.60713205691618e-08 0.0 9.099686162924536e-07 7.180791585642668e-05 5.087787157590819e-06 0.0 6.603321603673928e-08 2.7067708446379056e-07 8.925813403906587e-08 3.60763918005948e-07 0.0 8.226103632075886e-06 6.167000503019886e-08 4.707939818684935e-06 1.0837208176652725e-06 5.017354552771484e-07 4.486401553423651e-07 0.0 0.0
0.0017407482109562235 7.00154723971225e-07 0.0006475154729006532 2.2643169007523447e-05 7.676038175264648e-07 0.0006673901806743867 0.0 0.001919202998496396 3.4900040999796265e-05 0.004180421410535439 1.2715729934349895e-05 8.45687885271829e-06 9.511020269933479e-07 0.0037823326204314014 3.212828301538874e-06 8.63970445604929e-07 0.0003359511272316943 1.0107229783451554e-05 3.853904139801643e-05 6.307801092328157e-06 0.0006077744260681487 1.7091840530300882e-06 0.0003485243839213043 0.0005203505767439411 2.6893716623474196e-07 0.000692272941202427 0.000223208535724431 0.013243750188414163 0.0006069044265085913 0.0033348969259650485 1.2469877971678217e-07 2.0855219327671713e-05 2.0175263433961483e-05 9.523895256447169e-05 1.0215929276930387e-06 9.46017197677965e-05 1.8848663673639306e-05 0.00016931185969277983 5.194377496771429e-05 2.0420785555598256e-05 1.6029087282420263e-05 2.5403318913747073e-07 5.277897549006239e-06 3.9525877013273503e-07 1.9383882505807375e-06 4.8466393758961555e-06 2.6706925913175527e-06 7.69314314833203e-08 1.176437539233243e-06 1.3567560528209129e-06 1.1067730231481598e-06 5.831171882394723e-06 1.9192517532188185e-06 7.868081454886647e-08 1.639819948322165e-06 0.0 1.6750961845049839e-06 6.107326608858147e-08 4.919266211096423e-06 5.30591138600722e-07 0.0 0.0 2.8044417289328246e-06 0.0 2.94361929314503e-06 4.220893313571227e-06 3.1146338453757285e-05 0.0 1.0904645376922415e-06 1.3203508389731228e-05 2.205553065251692e-05 2.3352629351709463e-06 1.6356675319344745e-07 5.234654270322635e-08 4.771306628238106e-08 1.794756495876877e-07 7.777561496973801e-07 3.933141589814621e-07 5.238432705556532e-06 0.0 2.5409427467683596e-06 6.434140992580593e-07 3.734817144194086e-07 1.5140757868048086e-07 0.0 2.6569101995291046e-07
0.00014931179183683778 2.445898985736215e-07 0.00013280746992502853 7.182312473054351e-05 1.3797632743425374e-05 0.0022241818142442337 0.001919202998496396 0.0 5.21565605216912e-05 0.0018987971178351152 5.1677673874001956e-05 0.0006585117504302123 9.704782022308193e-06 0.0017240569004329893 1.3749428187008518e-05 1.0667682690852488e-07 0.000438814285513047 3.4552257727239504e-05 0.0001984912679105963 0.00014146587273119784 5.416457401387166e-05 5.071505035657327e-07 5.0659911525497834e-05 9.665193929391142e-05 8.521822647292981e-07 0.00048313701059675337 2.882716957548527e-05 0.0010176378072809572 7.709148999244297e-05 0.0002969992454505712 5.867078484550166e-07 0.0001965335499742904 1.6620880049859828e-06 0.0002334628596063495 7.423213698597266e-07 0.0001809640548161168 1.4145731181497589e-05 0.000178002196520978 8.086061628666262e-05 0.00022819267651056873 2.8961761092284254e-05 2.515615019009341e-06 3.2194667814941268e-06 2.3446116516209597e-07 1.0378505511180319e-07 9.546068074667833e-07 5.422860718372951e-06 0.0 7.469797335156263e-07 2.6486748701885113e-06 6.380447547300246e-07 3.6066456823349344e-06 2.0141625828717275e-06 0.0 1.6431992574720815e-06 0.0 1.1042686763292926e-06 0.0 8.871011869554046e-07 4.31609018482184e-07 0.0 1.095778189497535e-07 1.5750056652065507e-06 0.0 1.1479220921041733e-06 9.036380601826469e-07 3.899504330493371e-05 5.734383223939433e-08 7.748016094810423e-07 4.204033744889385e-06 2.8155939859196126e-05 2.6639983553077037e-06 5.24519330243086e-07 1.8864974045947725e-07 0.0 5.020363820445742e-07 8.524537705744131e-07 0.0 6.201814010465711e-06 0.0 2.730805742120606e-06 1.5913839205278189e-06 3.0394379652808805e-07 5.994910033425659e-07 0.0 0.0
6.2658938711875135e-06 0.00031831188866874313 2.1725138005898686e-07 0.00033305469914161315 4.729358313895939e-05 0.0003768085148621314 3.4900040999796265e-05 5.21565605216912e-05 0.0 0.0001488211717160761 1.377703504040782e-05 0.0006481760789909474 4.165280126467032e-05 6.356507850698361e-05 0.0006311423384315542 2.043880965295415e-05 1.2270108031069737e-06 1.125978639586025e-06 1.0934466818618162e-06 0.0003485838880074765 1.8862093049301737e-05 0.0015142278483351174 3.3958603492454647e-06 0.006250216280804737 0.00010942594775132233 2.5479227068430977e-05 0.000630475665306814 0.0005229054417410716 0.00012480351551406502 0.00017817190939918492 7.687522293354119e-06 1.1148032345879448e-05 1.957322936838209e-05 3.235268236051963e-05 3.4409229031559592e-06 0.0002890757570524779 2.0075682609429976e-05 9.355186346467557e-05 4.736826836426375e-05 0.00030009834878860363 1.0086238828925508e-05 2.466311882033934e-06 7.553532472852276e-06 6.512861492179953e-06 1.4390478881214643e-06 7.236515933255065e-07 0.00012688204808743666 5.918216161913313e-07 4.301366986101673e-05 2.381084255366675e-05 1.6273041857665732e-05 4.529082839641775e-05 2.9473702991342548e-05 6.58472413901468e-07 0.0003802077692571942 5.808591953471895e-07 2.947598441876817e-05 2.252282993590648e-05 9.900214779555348e-05 9.045110876163407e-07 5.290567038501534e-07 1.0170860887753826e-07 8.131047904817367e-05 5.168659986342474e-05 6.475627135506088e-06 7.324790685195488e-06 0.0010537070692250225 2.8156598794386814e-07 2.221480641048908e-06 5.110089806550465e-06 0.0004580008221202729 6.805579556724014e-05 3.833311225545848e-05 1.1924620839619467e-06 1.4301134755619989e-06 7.323936067676809e-06 1.8402607851064483e-05 1.889724905105027e-06 0.00026836880589540255 6.089097980185453e-06 5.2630126369811e-05 1.7614990132292858e-05 0.0001528238758183802 7.317203044181722e-06 2.814465178595493e-07 3.9727463660892975e-06
7.714103550697804e-06 3.171257237147748e-07 9.712588582325846e-05 0.0017037812953929472 8.125405428344254e-06 0.0045772833990717155 0.004180421410535439 0.0018987971178351152 0.0001488211717160761 0.0 7.972782284250232e-05 0.0030655058749286743 9.21313376784901e-06 0.0008860070138921108 1.7640866763788453e-05 2.9958484404281443e-07 3.178835143837057e-05 1.4774815832773695e-05 1.8186015773084165e-05 0.0013169762846390938 7.328099870695213e-05 1.2804509602777993e-06 3.5012641346800343e-05 0.0003238356434085748 1.5348174409443238e-06 0.0001461104472515587 2.5239046364158152e-05 0.004150301017589365 0.00021078017235133572 1.0785827160832818e-05 8.976137638192064e-07 0.0001079798394533262 2.6081939348291174e-06 0.0002098675264223776 5.6443027541567485e-06 0.00037446051694795966 1.5586175143921735e-05 0.0007719168376930772 0.00023080954522355918 0.00027032253097228527 0.00013539963212150376 3.872304656369348e-06 2.9512036120754386e-05 1.68514259524078e-07 0.0 5.448920261000457e-07 4.669465010236021e-05 0.0 1.2564925493312218e-05 1.014423410572587e-05 7.759698424134365e-06 2.6315116125968346e-05 1.4120112612023043e-05 1.3727794488408032e-07 2.6254006922327982e-05 1.2547553836356112e-07 3.732044676508546e-06 1.976453743942173e-06 2.689716755440025e-06 6.055479658399088e-08 1.0259801960689509e-07 8.894159706137585e-08 1.756844934737709e-05 1.5753358600262937e-07 7.772024982555545e-07 1.2672544405582386e-06 0.00011809482385550234 0.0 5.265601402978475e-07 1.7316857823993156e-06 0.00014269206960641087 4.559507976737415e-06 1.8155804464858379e-07 0.0 5.2595423789200676e-08 5.589918895570056e-08 1.4553708831236884e-06 6.921924510142591e-07 1.307766092303951e-05 0.0 4.911538453813692e-06 1.2083521948177578e-06 8.126483738341579e-06 1.6758963453640167e-06 0.0 0.0
2.0817713949969e-06 6.879960841101438e-05 2.2627320577763478e-05 9.438575240833447e-06 3.4460108590121404e-05 4.9013377889550984e-05 1.2715729934349895e-05 5.1677673874001956e-05 1.377703504040782e-05 7.972782284250232e-05 0.0 8.065906424880982e-05 0.0006812388803687808 0.00017878246564809742 7.055481651780586e-07 1.6029736018998476e-06 8.888755231211343e-05 0.0010283850968902542 0.00019691766420300337 2.8116714174300762e-05 2.2880748707463934e-05 2.2752929916681386e-05 3.304379255749071e-05 1.353885471862786e-05 0.0005006570884209221 0.001062827614310843 0.0005926338384885384 4.8692540665821196e-05 0.000247831089456663 1.1912340670689958e-05 0.00020247724073708546 0.00025968025020791925 2.4827551202058756e-06 0.0038335456001254457 3.9892044064443916e-06 0.0002419226581099837 0.001564716136906773 0.003554261357755863 0.0006370092579094721 1.3405110966404098e-05 3.5322869353623715e-05 0.00026858021705204196 4.063505408305349e-06 0.0 3.929609017576242e-06 6.133765037582402e-07 1.6831600461246623e-07 0.0 0.0 1.0573427856918663e-07 0.0 8.45171515764187e-07 6.296431159388922e-08 4.535796461313973e-05 0.0 0.00027128735979880175 1.1889322284417502e-07 0.0 0.0 1.1669685665103688e-07 1.0214034951271778e-05 1.2692476818385212e-06 1.3471575642712448e-07 0.0 1.7054506751350515e-07 1.4821631272656461e-07 6.070978321612339e-06 4.442398659371189e-06 5.9507535286146894e-05 0.00010726881024369922 3.7097553665478216e-06 3.094355331411878e-07 0.0 8.088274692630479e-05 0.0 5.280100772510545e-08 2.4762741312863554e-06 1.1756471096412689e-06 2.3971188868943677e-06 3.9531377860938256e-05 3.1129879474343662e-06 8.288706213954089e-07 0.0 4.006499794376535e-08 4.075436142634421e-05 0.0
6.11389910138848e-07 3.3419531917132357e-06 1.3899545237198024e-07 0.0020091105573300217 1.0214187952297391e-05 0.003909843113409189 8.45687885271829e-06 0.0006585117504302123 0.0006481760789909474 0.0030655058749286743 8.065906424880982e-05 0.0 1.2719675705447153e-05 0.00041844872349160406 7.86066275705503e-06 0.0 1.5234195939441508e-07 1.1307209384777077e-05 3.310458627240477e-06 0.005373379377905841 2.8924189172456923e-07 1.2014669923008488e-05 2.444777051010263e-07 0.001284652191024682 1.617130835281771e-06 8.3067722326301e-06 1.4379015142879259e-05 0.00026966562584707993 7.27990253804074e-05 5.257641942829403e-07 9.535590539974411e-07 0.00012333559745054452 7.951478588290067e-08 0.00015803485465409225 5.25688239734397e-07 9.469419470581397e-05 7.164546185702409e-06 0.0004107416659853692 9.979596078485779e-05 0.0007714939530132082 5.02114559584896e-05 1.890135234375725e-06 5.6224205937708425e-06 7.671842680112598e-08 0.0 0.0 2.929022879120018e-05 1.3137469534975563e-07 8.694681511361449e-06 1.2448966186338305e-06 5.860426683066849e-06 1.4651275405783193e-05 8.287482991937702e-06 5.108487257298198e-07 8.908914821055139e-05 9.838978820046748e-08 3.4277482263747113e-06 2.119664485946598e-06 0.0 0.0 1.98321030068094e-07 0.0 1.1084053169703541e-05 0.0 0.0 0.0 2.5270326386513343e-05 0.0 1.3301074060160717e-07 1.9386673911901345e-07 1.3859430137205592e-05 1.6540816399549782e-06 0.0 5.607590666898758e-08 4.122777996893761e-07 0.0 2.10677977733805e-06 0.0 2.019703783847234e-06 1.589201517916722e-07 7.35671020641353e-06 6.71940810721844e-07 1.558465764716652e-05 1.1743913306838292e-06 0.0 3.949284835909959e-07
5.9122570711539686e-08 0.00047164990369580106 1.1903986142063323e-06 5.547618021091225e-07 5.4554939328136e-06 1.0709939621759563e-05 9.511020269933479e-07 9.704782022308193e-06 4.165280126467032e-05 9.21313376784901e-06 0.0006812388803687808 1.2719675705447153e-05 0.0 2.479235093352762e-05 1.0549468804791651e-06 2.3134505402826766e-06 3.352917818253008e-06 1.7880676653500228e-05 8.26509094897316e-06 3.2190723201288254e-06 4.796930390924736e-07 0.00011112981578524608 4.574697169934423e-06 2.1507425530627786e-05 0.0031494656604971172 0.00012270774860466917 0.002115341649648242 4.734977174575582e-06 2.010820855281184e-05 7.82727084446549e-07 0.00026640245173911557 3.2353265952641745e-05 1.6887225921190723e-07 0.0005765199042012773 2.900547172074639e-06 0.0001889104602651473 0.002302674346132806 0.0012967640708241275 0.00044587047667814776 2.6367426552043517e-06 1.1944106535725265e-05 0.0008096390635135384 7.995879367995704e-06 0.0 2.8161397339827383e-06 1.3124673879690203e-07 7.445053492156204e-08 0.0 0.0 4.9322280666394694e-08 0.0 2.111633893205371e-07 0.0 9.746963126640744e-05 0.0 0.0004279641194336325 0.0 0.0 3.321705726955519e-07 2.0211741223930938e-07 8.20021625163584e-06 1.1829768065622642e-06 0.0 0.0 6.395317866792512e-07 0.0 9.536737458025131e-07 4.983177871147468e-06 6.258518215868233e-05 0.0001103734846622394 1.364907386651268e-07 0.0 0.0 7.945774328753643e-05 0.0 0.0 1.400897744092674e-06 1.8155251424896526e-06 1.0890831983099147e-05 0.00010727521913476175 1.1805182927882841e-05 0.0 0.0 0.0 9.336297498714617e-05 0.0
0.002385298209208008 8.262630916981756e-07 0.0002666167242813646 9.802447090554993e-05 1.8621510628890452e-06 0.00023861553811973924 0.0037823326204314014 0.0017240569004329893 6.356507850698361e-05 0.0008860070138921108 0.00017878246564809742 0.00041844872349160406 2.479235093352762e-05 0.0 3.4874553282669037e-06 3.4782640373369103e-07 0.0007128601760016232 6.821403536020342e-05 0.00030362993779775463 0.00019039088366636328 0.00013795999029222545 1.3294069425995377e-06 0.00012099830621008433 0.00022490368704140243 1.9455763636808256e-06 0.0007686322250971267 5.8002895421572214e-05 0.0015175020197270204 0.0027972944499807693 0.0010957522357671497 2.0114411431902493e-06 0.000146868674731211 1.4422981431119686e-05 0.0007697851329611052 2.4024886856646708e-06 0.00045226796363475875 3.55120269587779e-05 0.0006288677729861874 0.00013281214242697508 0.00011036438057708954 0.00012537222223934038 3.4904779698817976e-06 7.855999540868743e-06 7.89469695074132e-07 2.6961282540279e-07 3.4350253098114194e-06 5.846933827047402e-06 0.0 6.744380735451804e-06 4.587122591564704e-06 2.6815247494557863e-06 1.1964303243277195e-05 2.5517510266135e-06 0.0 1.2016471246930346e-06 6.541352912513651e-08 6.990199872568013e-06 2.356184740047047e-07 4.396576297912414e-06 5.060765525471003e-08 5.6634746955187496e-08 2.6923311817578535e-07 2.2130329796540955e-06 1.870600715961497e-07 2.3289502823213164e-06 1.9934312540083915e-06 0.00011975833612838565 0.0 1.8429839216448616e-06 8.480308437436551e-06 8.733573362694438e-05 1.1106265411348618e-05 2.9095317085213437e-07 1.4334781397664707e-07 0.0 5.846066067076937e-07 3.026384645436451e-06 5.439941201667258e-08 3.117576318034725e-05 3.151020045253641e-07 1.3267618758936153e-05 3.15560333663925e-06 1.8644338399383295e-06 1.8944836388313994e-06 6.608315211227098e-08 1.939489526018904e-07
2.5418454353486407e-07 1.0464406034873218e-05 0.0 3.275671231299974e-05 0.0005712511218488856 0.0001714249362506944 3.212828301538874e-06 1.3749428187008518e-05 0.0006311423384315542 1.7640866763788453e-05 7.055481651780586e-07 7.86066275705503e-06 1.0549468804791651e-06 3.4874553282669037e-06 0.0 7.335186264101161e-08 9.32055998093992e-08 7.479066629092722e-08 0.0 9.948084021754737e-06 0.0 3.48784482004708e-05 0.0 0.0002899447415246996 3.246480765746518e-06 1.0895924143753708e-06 2.4728585329836745e-05 4.932035860138371e-05 1.2466070185405435e-05 2.2873655076755685e-07 3.9452917406302163e-07 4.6229797664833125e-05 2.4615038237120057e-07 3.295503775009138e-06 2.3913435720743257e-07 2.653563330265499e-05 3.4219988819828263e-07 3.2654062238975965e-06 2.032320030907409e-06 0.0004429335109685134 3.36740393046241e-05 8.483622532246944e-08 1.1905407701977892e-07 0.0 9.414241770781231e-08 0.0 3.6770241318668972e-06 8.558920176586615e-08 3.810470040929402e-06 1.9900256817934728e-07 7.377559336894395e-07 6.181598167958225e-06 1.0090668084137257e-06 0.0 3.0033722490471376e-05 0.0 4.2033522329844163e-07 2.88683132677852e-06 0.0 1.8543359163822052e-07 0.0 0.0 3.953896748926195e-06 0.0 0.0 0.0 5.885340002110183e-06 0.0 1.277148872313522e-07 4.6272851860804766e-08 4.953153217184586e-06 0.0 0.0 0.0 0.0 0.0 0.0 0.0 0.0 0.0 5.070814325346423e-07 0.0 2.413377297381445e-05 0.0 0.0 0.0
0.0 2.710968107403864e-05 4.367582463791231e-06 0.0 0.0 1.888468379268473e-07 8.63970445604929e-07 1.0667682690852488e-07 2.043880965295415e-05 2.9958484404281443e-07 1.6029736018998476e-06 0.0 2.3134505402826766e-06 3.4782640373369103e-07 7.335186264101161e-08 0.0 1.074096754839119e-05 9.971023203899347e-07 3.6114670228755005e-06 0.0 0.0017830767531001382 0.0021698556836739144 0.0022074675883341608 0.0012069277011489226 2.017072454475761e-06 2.0836411291147033e-05 0.0020473897037258703 0.0011096266634160505 3.2892515145426425e-07 3.566802007384905e-05 1.0488929710139922e-06 3.314439510391541e-07 7.389558015384316e-07 4.598881960814144e-05 1.0875804487046565e-05 0.0014281323606197545 0.0002779695651715965 0.00028398945583490786 0.00020959409691366837 0.00013195972105173624 4.855461940032441e-06 2.033296188806899e-07 2.7392707014104195e-05 2.6222764977704487e-07 1.8871940156874533e-06 3.491061516579687e-05 0.0 0.0 1.1712491884106185e-07 4.612602307039664e-06 6.192213220130703e-07 1.7378760737378788e-06 0.0 1.0042312072865583e-07 0.0 0.0 2.4532960764860792e-06 0.0 0.0014517473360256027 1.2485628822337032e-06 0.0 4.896433208082066e-07 0.0 0.00014407554804615408 0.0010396809084323986 0.0005980231525986229 6.673773558777131e-05 1.1354526264447079e-07 3.83207314369248e-06 0.0006071625600728028 6.173930923607533e-05 1.1911131023529053e-06 1.6138897481232042e-05 1.1416288362729492e-07 0.0 6.369534507831946e-07 1.74212832733492e-06 1.351167064685221e-06 8.838113589025981e-05 9.66052894559095e-06 6.61047505896248e-06 4.032336518068218e-06 1.0751397706489549e-06 1.7664398627268265e-07 0.0 5.354895867663589e-07
0.00010785293910983646 0.0002060097380779034 0.0010456851987914217 5.5591915899658656e-08 1.1509599770413443e-07 3.5415133038412324e-05 0.0003359511272316943 0.000438814285513047 1.2270108031069737e-06 3.178835143837057e-05 8.888755231211343e-05 1.5234195939441508e-07 3.352917818253008e-06 0.0007128601760016232 9.32055998093992e-08 1.074096754839119e-05 0.0 3.747632252404592e-05 0.0003323639044290007 1.8740414701136507e-07 0.0007956639743103951 1.0863962696847832e-05 0.0015400143623139795 1.3150042519827378e-05 3.8384414150137104e-06 0.0003621022338187149 0.002269441666711656 0.00011651637766763247 0.0004628480306792023 0.0010348587747629932 3.0010351184162606e-06 1.0713578587146183e-05 2.252851821965497e-05 0.0015188686622798278 1.6093500190079124e-06 0.00014776773647524747 7.823023259518075e-05 0.00047878639093911873 0.00012348824697563186 5.205387659351528e-06 8.551394474126778e-07 2.0267042599487348e-07 1.6781350259715478e-06 1.9025487976621713e-07 2.9216944767894878e-05 2.4056308331791388e-05 0.0 0.0 0.0 5.916657412098239e-07 3.879160879976615e-07 2.1666368228559746e-07 0.0 2.979737733802999e-07 0.0 9.433568075895652e-07 3.8481913409473403e-07 0.0 8.27881268631563e-07 2.43066083832581e-05 4.661232457888065e-06 7.301948051371499e-05 0.0 2.834534650267399e-07 2.7100705478302737e-06 1.248544376228978e-06 2.5936292898095275e-06 7.47279721224516e-08 0.0003559785538941831 0.00040355895131441753 1.0274940938277284e-06 6.030000161309831e-08 9.587445527027452e-07 1.0560624776519296e-06 0.0 0.0 3.5472245739955926e-06 1.556484875768672e-06 6.627521688104645e-06 5.988274619605722e-06 8.476229276350082e-06 3.3519328987189943e-06 0.0 0.0 0.0 0.0
8.327599542011221e-06 9.477809975632468e-06 2.525717830474337e-05 1.1640015040576503e-06 1.9573873483918763e-06 7.250883389085286e-06 1.0107229783451554e-05 3.4552257727239504e-05 1.125978639586025e-06 1.4774815832773695e-05 0.0010283850968902542 1.1307209384777077e-05 1.7880676653500228e-05 6.821403536020342e-05 7.479066629092722e-08 9.971023203899347e-07 3.747632252404592e-05 0.0 0.00029195453703987316 4.210106745632976e-06 1.6707568535386227e-05 2.8637605978200504e-06 3.851235755180349e-05 2.5483874805438417e-06 2.1323073629597623e-05 0.001341024200454065 0.00045603444943614267 9.665428686599964e-06 5.475540502376519e-05 1.636983457809515e-05 5.656073654608236e-05 1.7612311592299468e-05 1.5513273216983056e-06 0.0010289248404864383 8.495765738397089e-06 0.0004266379921813592 0.0008256805155500402 0.001355783642306577 0.00034246643017560974 4.157401989223928e-06 2.4629575474733544e-06 6.166940639130159e-06 1.5279938266906752e-06 0.0 1.2272413179550743e-06 4.5905126583944973e-07 5.6083135235855854e-08 0.0 4.973631812638094e-08 3.18179797266448e-07 0.0 2.409143317426738e-07 0.0 9.227117284137244e-06 0.0 4.779084467478021e-05 0.0 0.0 1.7759196368067188e-07 4.4697439216364246e-07 5.885998889256007e-06 2.265128885450271e-06 0.0 0.0 9.900291873640505e-07 0.0 1.8085402984369858e-06 2.5176227217910745e-06 7.493666469589461e-05 9.894012331121305e-05 2.1243400103512747e-07 5.365153706336782e-08 0.0 3.5666496619531774e-05 0.0 0.0 1.3076759182253196e-07 1.7592727932733677e-06 8.765918072583386e-07 5.459404609327902e-07 6.903392779580842e-07 2.90538290423323e-07 0.0 0.0 0.0 0.0
4.783868129932732e-05 9.511658563744002e-05 9.892365781953768e-05 6.605206010253776e-07 1.1147406640257786e-06 1.6963268055505256e-05 3.853904139801643e-05 0.0001984912679105963 1.0934466818618162e-06 1.8186015773084165e-05 0.00019691766420300337 3.310458627240477e-06 8.26509094897316e-06 0.00030362993779775463 0.0 3.6114670228755005e-06 0.0003323639044290007 0.00029195453703987316 0.0 2.1112088097963756e-06 0.000120664467873797 1.6615985327354335e-06 0.00018697409236188067 3.893392294615149e-06 4.72552679957943e-06 0.0012822742709012818 0.0007390691505422099 1.8615160562201678e-05 0.00027293545699341693 0.0001231268960586867 1.2555857944090951e-05 1.2777900776422787e-05 2.431732243403882e-05 0.0015558301203275312 6.034719314810854e-06 0.000439570825268654 0.00038774797770364865 0.001258835440081641 0.0002616030290824692 5.421269664944248e-06 2.522083210526491e-06 1.07670819058309e-06 2.558997142957099e-06 6.808023698097912e-08 1.0903248686772044e-05 3.959939324173227e-06 0.0 0.0 0.0 6.447289384458271e-08 0.0 3.8216493973984463e-07 0.0 9.122765251687833e-07 0.0 6.3077695268582085e-06 0.0 0.0 2.2912616833789932e-07 2.6152935624088526e-06 7.53403650388287e-06 1.969386525237978e-05 0.0 1.6383097805912463e-07 1.3746419819083372e-06 2.668777540855443e-07 1.2987659692326392e-06 1.484645587469059e-06 0.0002894815698316106 0.00021789663043698292 3.156698816120779e-07 6.976399077416125e-08 5.9389481721400525e-08 9.201484947627794e-06 0.0 0.0 9.639488238433365e-07 3.740680363628502e-07 2.2488899165322836e-06 2.31906871785183e-06 1.9719418734178505e-06 2.743582314862977e-06 0.0 0.0 0.0 0.0
4.3965709081531907e-07 5.46781162914283e-07 2.1987593073814518e-07 0.004172889881422672 2.157981633892474e-06 0.0002638321537866629 6.307801092328157e-06 0.00014146587273119784 0.0003485838880074765 0.0013169762846390938 2.8116714174300762e-05 0.005373379377905841 3.2190723201288254e-06 0.00019039088366636328 9.948084021754737e-06 0.0 1.8740414701136507e-07 4.210106745632976e-06 2.1112088097963756e-06 0.0 0.0 2.0879227525318e-06 7.751629461024592e-08 0.0004838692347397074 5.614952667433384e-07 2.7690687129405393e-06 4.054637092363658e-06 0.0008806062433071992 4.176336703434769e-05 7.469846384585827e-08 2.6667326207816946e-07 3.266989875797953e-05 2.7786155489030267e-07 6.75098661609918e-05 7.796698854775401e-07 8.604560398688565e-05 3.927546408260308e-06 0.00020878883602336003 6.287390622732401e-05 0.0002775892579648064 3.5805622574833944e-05 1.1552665256926089e-06 7.474573260205411e-06 0.0 0.0 0.0 2.4703520665131446e-05 0.0 5.865419530637758e-06 3.0569038906108313e-06 2.2410430866272186e-06 1.2101139227904923e-05 4.739362599776135e-06 0.0 6.292293491461498e-05 1.788586837619815e-07 1.8585520489834758e-06 1.1064973461360604e-06 0.0 0.0 0.0 0.0 1.2611889566506482e-05 0.0 0.0 0.0 3.467763852114838e-05 0.0 9.373671821408075e-08 8.638506916191927e-08 4.135478790232925e-05 5.853403826798197e-07 0.0 0.0 0.0 9.747995403988648e-08 0.0 2.9787691495197926e-07 2.7274296869177096e-06 0.0 1.4683189628964016e-06 8.688452600694639e-08 1.4951011342160553e-05 0.0 0.0 0.0
1.1010489184658584e-05 1.3569711540058844e-06 0.0015131625255304462 5.694395621889871e-07 6.226383070649836e-08 1.2773227676099448e-05 0.0006077744260681487 5.416457401387166e-05 1.8862093049301737e-05 7.328099870695213e-05 2.2880748707463934e-05 2.8924189172456923e-07 4.796930390924736e-07 0.00013795999029222545 0.0 0.0017830767531001382 0.0007956639743103951 1.6707568535386227e-05 0.000120664467873797 0.0 0.0 0.00022551894860252996 0.010419842769305708 0.00013744618128710295 6.242569950209232e-07 0.0005948044174834954 0.0004701286076495202 0.004005061378326305 4.790127792801118e-05 0.0056597358723377384 2.833118287932631e-07 3.6195794447407625e-06 3.8488320321961445e-06 0.0022940747236301663 1.044434341177705e-05 0.00307360418781506 0.0004762419300990843 0.002503005480967704 0.0009210620887521322 0.00033516699167737235 1.4539386930664933e-05 1.3023613055229202e-06 6.890903107565546e-05 1.0653805152779657e-06 7.942813436570661e-07 1.0168213314853547e-05 0.0 0.0 6.67968715411589e-08 2.0041395656127575e-06 1.1249452558961371e-06 1.3120489696917718e-06 0.0 2.5682443799372523e-07 0.0 0.0 2.9852930512305403e-06 0.0 0.0003729511792792706 1.2657764978220957e-06 1.4901446443710236e-07 9.007453100179627e-07 0.0 0.00015138489098257983 0.00021950031152121583 7.601614910602965e-05 7.487380740203209e-05 0.0 2.9892705537708755e-06 3.3224358799087825e-05 7.455954641833135e-05 4.316593153309019e-06 2.551973884421977e-05 0.0 0.0 3.8774590001698356e-07 2.053352644690729e-06 1.531671079459273e-06 9.28002647577338e-05 7.33796272387741e-06 2.861172744674926e-06 1.0824666285557725e-06 9.709031157357354e-07 0.0 0.0 7.855890291235464e-08
5.363665189364755e-08 0.0010070999599850704 0.0001255238091650981 5.033963484546275e-07 7.382478736984663e-07 5.796596725476129e-07 1.7091840530300882e-06 5.071505035657327e-07 0.0015142278483351174 1.2804509602777993e-06 2.2752929916681386e-05 1.2014669923008488e-05 0.00011112981578524608 1.3294069425995377e-06 3.48784482004708e-05 0.0021698556836739144 1.0863962696847832e-05 2.8637605978200504e-06 1.6615985327354335e-06 2.0879227525318e-06 0.00022551894860252996 0.0 0.0006115421130389603 0.0029923223183731967 0.0003134731627915403 7.044859707791998e-05 0.004966876160286948 0.0001323307044031051 1.307056030398867e-06 3.070426605634315e-05 1.7022949562592704e-05 0.0 1.0990437895780563e-06 2.4226070442871776e-05 6.3509509587098755e-06 0.000401535008816887 9.610870595529323e-05 0.0001582069957542285 6.595811596594784e-05 7.273626676194224e-05 6.0413856083696195e-06 1.1690584190063533e-05 1.0055150933579014e-05 5.500366517366168e-07 2.718780687005116e-06 6.0675786746383974e-05 2.012556535080451e-07 0.0 5.889121289461396e-08 3.0937014540341453e-06 6.833706818019434e-07 7.563485781393892e-06 0.0 3.557206451755268e-07 0.0 1.9407387097280227e-06 2.3851481268331007e-06 6.633409475930981e-08 0.0006741109816587415 4.555897065178583e-06 5.956324642317118e-07 6.220130163761649e-07 0.0 7.101480898236098e-05 0.0002731341609977621 0.00023042002421900823 5.8859336639972016e-05 2.075272891543759e-07 8.443875634922527e-06 0.0007815907414179035 4.521494491931862e-05 2.471817433726794e-06 2.181986233415868e-05 9.141666010415566e-07 0.0 3.8662720613490793e-07 3.071547818377124e-06 2.0986427827131493e-06 6.69686774847522e-05 8.425865457471537e-06 1.1227765827576042e-05 4.6925961787489365e-06 3.401701044378166e-06 6.179536279315123e-07 2.0020486884510402e-07 5.526411196662523e-07
1.0504213936060749e-05 9.517270608605762e-06 0.004504882419587175 1.573809343941424e-07 1.044666019584847e-07 8.559394794241446e-06 0.0003485243839213043 5.0659911525497834e-05 3.3958603492454647e-06 3.5012641346800343e-05 3.304379255749071e-05 2.444777051010263e-07 4.574697169934423e-06 0.00012099830621008433 0.0 0.0022074675883341608 0.0015400143623139795 3.851235755180349e-05 0.00018697409236188067 7.751629461024592e-08 0.010419842769305708 0.0006115421130389603 0.0 0.00011470167500938871 2.897746654929022e-07 0.0020533946558722012 0.003626306281150416 0.0016896545048037301 2.627372587620635e-05 0.0012486550666270095 1.0773594167583514e-06 2.7174518056164534e-06 1.6746626583045957e-06 0.0020021314204558345 5.97391904614176e-05 0.006258889703253813 0.0031103012333600875 0.0037057497874763167 0.0021132220216370763 0.001262624440431635 8.197661676978138e-05 3.847619432460494e-06 0.00023318986351028006 1.1658809183402573e-07 3.7448412363475e-05 0.0007167773166978807 0.0 0.0 1.0965495278110908e-07 1.2745268911605802e-05 1.5319166454502307e-06 5.94845035259338e-07 6.210449649540811e-08 5.159558414375301e-08 0.0 3.764220071522871e-07 1.4455853559522682e-06 0.0 0.0007688559505345429 1.8730968243979915e-05 2.7544714804059016e-07 1.0120397236033647e-06 0.0 3.377196058123408e-05 0.0007780992426695551 0.0005967360136590861 2.2164273871181806e-05 2.3447975415338983e-07 1.4981227428665596e-05 0.0019261678581036818 3.585879835863681e-05 4.571254489620343e-07 4.932427649336174e-06 5.115401305072697e-07 0.0 0.0 1.0457963800681078e-05 7.832256991962937e-06 8.968920596411045e-05 1.0968030823511738e-05 3.667789031890739e-05 7.64206018969137e-06 5.70513621963701e-06 5.281007990410367e-07 0.0 2.401660012367864e-06
3.565435667606408e-05 0.00020950627928668767 4.38420172957763e-05 0.0015236003970163108 8.67506026761566e-06 0.0001468500159438455 0.0005203505767439411 9.665193929391142e-05 0.006250216280804737 0.0003238356434085748 1.353885471862786e-05 0.001284652191024682 2.1507425530627786e-05 0.00022490368704140243 0.0002899447415246996 0.0012069277011489226 1.3150042519827378e-05 2.5483874805438417e-06 3.893392294615149e-06 0.0004838692347397074 0.00013744618128710295 0.0029923223183731967 0.00011470167500938871 0.0 5.8949159825186784e-05 8.112197180001967e-05 0.0024560176788823787 0.0039361654227890565 0.00044066089939385193 0.0006649064732964132 6.490028559049024e-06 1.605917384436308e-05 7.027916265022372e-05 0.0001384666942144933 8.85044793333435e-06 0.0013145669824198597 6.248883958360552e-05 0.0004388897505107209 0.00019352434116371527 0.0003139964393367755 4.172351394915759e-05 2.998398927778974e-06 3.5676505249540436e-05 1.518065287892602e-05 4.3108769161901625e-06 6.13704279737903e-06 0.00024607644129082167 4.3385901583699907e-07 7.796119562667834e-05 8.993674435798408e-05 7.305227663515686e-05 0.0005401555115250416 8.58693468228463e-05 1.9032506194377968e-06 0.0002571453080146204 1.7887540380840353e-06 0.00010483167337511973 1.0984658536457245e-05 0.00013722238831609103 2.183251174963988e-06 6.367577640874852e-07 1.034174399013392e-06 0.00011527416790948743 8.49914630981639e-05 0.00013893756581631977 1.438219382108108e-05 0.0023032545068171046 2.648915186187097e-07 9.32826085930996e-06 4.0733823416875535e-05 0.0017499382191693829 0.0001884861720793103 4.074223386971376e-05 1.0971374002930452e-06 2.9313054709782235e-06 1.1435938193164197e-05 5.5438573899703944e-05 4.78426899043599e-06 0.0008920149903266848 8.197495755380615e-06 0.0001847942081878482 4.9371301561683684e-05 0.00015192578005110167 2.7960300426521307e-05 3.9134762190530783e-07 6.361281860504867e-06
