0.0 2.5251161926811184e-07 7.089590330199958e-05 3.490149795501777e-07 2.278561438341992e-07 4.386160223705911e-06 0.0002828172380772587 0.0007292442165003888 7.5071519441278e-06 8.13132650268509e-06 1.1581520107061448e-05 1.425659132602238e-06 4.211362122657598e-07 0.002676877685765071 0.0 4.4212583146482687e-07 4.56756167339098e-05 2.7740685256925383e-06 1.3879919426552644e-05 1.3257118051752003e-06 1.2322969136257283e-05 1.7561042144403485e-06 4.056125258491465e-05 2.584934301586916e-05 0.0 9.848759862836552e-06 1.3081150810965191e-05 4.5187587943233114e-05 0.0017826693139588918 0.0012235414665869833 1.0805805080887628e-07 1.311773641265139e-05 4.679424608249709e-05 6.930872477718156e-05 2.8314292852521026e-07 1.334290252935372e-05 4.517138361720246e-06 4.0604804876262684e-05 7.149081045035122e-06 5.488597955114371e-07 0.0 6.02099656092067e-08 2.1075318564676044e-07 0.0 1.6894813973227852e-07 0.0 1.354901579441514e-07 0.0 0.0 1.1666048032607764e-06 3.639987246245057e-07 2.2934952216054215e-06 1.3262401992854528e-07 0.0 0.0 0.0 4.3682149913028485e-08 0.0 1.0008411813293078e-06 5.915101754238286e-08 0.0 0.0 0.0 5.836967601557837e-07 0.0 1.268122334572143e-07 7.902347936763878e-06 1.0672207347803109e-06 5.910326386705098e-08 6.140873080073016e-07 1.0884888911848849e-05 1.705702058288717e-06 3.3821708293096595e-06 0.0 1.3032330948569362e-07 5.95754712434759e-08 4.478019032024857e-07 2.433062840155883e-07 3.030441577035697e-06 0.0 1.4058160713338118e-06 3.937815479128463e-07 0.0 1.3693777738005592e-07 0.0 0.0
2.5251161926811184e-07 0.0 4.734483701239332e-05 6.635183981316821e-07 1.7752797119887262e-07 3.095426993586792e-07 3.0387398031736285e-06 7.241202836593121e-07 0.000187662007216009 5.934992226767384e-07 2.2854904408805186e-05 1.748142120970783e-07 0.00036855855262090623 4.1612896415850317e-07 6.002264125993196e-06 4.063710580818378e-05 0.0002032180614978296 1.6403135933427352e-06 2.8371353305643554e-05 0.0 4.9344588015889444e-06 0.001560148085264138 1.0963015816752315e-05 0.0002886542031282663 0.0007512104810509383 0.00031522209546857796 0.004667105820215952 1.4926739060746563e-05 1.6738784041149777e-06 1.9301797459263706e-06 1.4249121734582767e-05 0.0 3.3545545118669493e-07 6.59081990865666e-05 6.080957757889159e-08 3.7024656426914815e-05 3.4858178163224154e-05 9.892540707190545e-05 1.4712544572643275e-05 1.3739508809447852e-05 9.06169669241505e-08 0.00010687693693505913 1.6140998634181553e-07 0.0 4.671627552061562e-05 4.5579148646727683e-05 2.555870999492403e-07 0.0 8.336448393895934e-08 2.9411981626224464e-07 0.0 0.0 2.645551506219661e-07 3.488739350006184e-06 0.0 1.2617907859129546e-05 2.1266738017691938e-07 0.0 3.169437766976984e-06 7.3704454283414625e-06 5.475801831456399e-07 1.648060687719985e-05 0.0 2.0384055799188454e-07 7.293356395443477e-06 4.804603621233271e-06 4.739908080641867e-06 1.2830585213230932e-05 0.0002120724499550875 0.000992339819739799 9.666604060923805e-07 0.0 5.892721224738994e-07 5.27078564101726e-06 0.0 0.0 2.3607138929112686e-06 0.0 7.652616114337771e-06 4.305248710595464e-06 8.073757669150219e-06 2.7218667127146532e-06 4.099513339621185e-07 0.0 1.5975188285818732e-07 0.0
7.089590330199958e-05 4.734483701239332e-05 0.0 8.210453100359409e-07 5.511362954818255e-07 0.00013946448848754605 0.0004819754987239328 0.0014858630171948619 2.8299186044495737e-06 2.887459573771957e-05 6.350881639385438e-05 1.5347964832005744e-06 4.4822268209188354e-06 0.00043567091324429603 2.2879853790155947e-06 6.85251999662131e-06 0.0030537803196065273 4.162436044551089e-05 0.000589975602410093 9.05638781650136e-07 0.00022640411783769033 4.657419653636725e-05 0.008599678982146065 1.1619314678335042e-05 4.559008440080615e-07 0.0049576509681779415 0.0034380457791580066 0.0003903246002144129 0.00016908307454632272 0.00016900182831410183 1.639549792226407e-05 6.371397692085276e-06 1.3572902364559317e-05 0.0003410022747881219 5.838630121312598e-06 0.0009062380041494839 0.0031909479338411905 0.0012500653838591997 0.00022744643625118604 3.1686441231060214e-05 2.1505307267056575e-06 8.690073956118949e-06 2.6655900379699316e-06 4.3306020139374875e-07 0.0001298874312028649 0.0005360295725948665 0.0 0.0 2.95412010171846e-07 5.945908722216173e-06 2.445320130446393e-06 1.4584898721915442e-06 1.2903647129257548e-06 1.8880061301393464e-07 1.677793248487116e-07 0.0 1.8776169269279928e-06 0.0 1.2516477002626576e-05 7.626117002865415e-05 6.258114059923817e-07 3.831183888285451e-06 8.369914598025844e-08 2.780660284471026e-06 3.2899273901146255e-05 6.420458455486508e-05 1.0333562914255223e-05 2.983161825543464e-07 0.0002411017105756717 0.0017647704182666168 7.615564306311564e-06 1.3874886778301473e-06 4.642258144869435e-06 1.561420948290174e-07 1.3444268954831425e-07 5.121767768543522e-07 1.6492414419003706e-05 1.7230263041454086e-06 6.164356460905506e-05 3.4399440387415046e-05 6.128104711757233e-05 1.6856007689550842e-05 2.348354800108262e-06 5.753645252181834e-07 0.0 2.832728441593132e-07
3.490149795501777e-07 6.635183981316821e-07 8.210453100359409e-07 0.0 0.0 7.788088261270786e-05 4.54949132749993e-06 1.947518610255103e-05 0.0005601137883705099 0.0015951641890152894 3.6295518960733166e-06 0.0012710042254795593 0.0 9.887083811565061e-06 1.3833791812594046e-05 8.900165649320987e-08 0.0 6.882697672302344e-07 4.4644217458601674e-07 0.002330370656783114 1.3186907023118808e-07 2.563724209489891e-06 1.0096906160517235e-06 0.0008744558546054741 1.317164235315521e-07 1.3543351158449153e-06 3.5840769464071058e-06 0.002034049334282223 4.163155370831955e-05 2.70031928247406e-07 5.2201027180138905e-08 1.5216513029157709e-06 3.915995706314764e-06 1.600720136992851e-05 2.35706352435491e-06 0.00020377721260546889 2.0305530240211576e-06 5.7447605680650945e-05 3.3750401879964766e-05 0.00022713047875996928 3.973649463075348e-06 3.0353266357883674e-07 7.974474569095256e-07 4.7401731886077883e-07 8.13035515570222e-08 2.768095303878621e-07 0.0001859969456777143 2.040776801442151e-07 3.7896998122157834e-06 1.6166446439579916e-05 4.0824557382064554e-06 5.376015513987581e-05 0.000129515829485561 1.9647513084793825e-07 7.33171048236902e-05 0.0 4.344226860092408e-06 4.160366482880716e-06 7.445942878388505e-08 0.0 0.0 1.2414367309059354e-07 0.00012630561893873244 0.0 1.3246637309688105e-07 5.326206046444597e-08 0.0002852958988027237 0.0 1.0395547277024586e-06 3.42579414536014e-07 0.00020262476615674353 8.591372201528517e-06 2.552579661487341e-06 9.34636268134974e-08 3.25890128377797e-07 1.1383441799553352e-06 1.8359685093810567e-06 2.1954363724895604e-07 4.423387388425613e-05 1.378510675182612e-07 1.4397516526512788e-05 3.0748387326589663e-06 0.00013283228277626623 2.0726375505374347e-06 0.0 1.884698053325309e-07
2.278561438341992e-07 1.7752797119887262e-07 5.511362954818255e-07 0.0 0.0 0.00034262197437797824 1.2990392000962931e-06 4.656737517538917e-06 9.43218200622805e-06 4.134724642508122e-06 5.197038658613527e-06 5.415690390397806e-05 2.708427793330401e-07 4.70509710878219e-07 0.00042900022233332224 0.0 0.0 3.4096300662218747e-07 2.9568276358973253e-07 2.1894722334440074e-06 0.0 2.1511902524610502e-07 1.9884588703850045e-07 1.4251970703576105e-07 1.1506257290075552e-07 1.2969233145512926e-07 4.4932061757973975e-07 7.478131436841948e-07 3.915455863263047e-06 2.057784537624477e-07 5.7317747010299695e-08 0.00021124165506803595 0.0 3.602415363906862e-05 5.862334777083538e-07 2.4334853653600496e-05 1.169695951607584e-06 5.158285002313848e-05 5.4052513421477333e-05 0.000648197603578125 3.714571176121479e-05 6.420569218727274e-06 2.67299648024429e-07 0.0 0.0 0.0 1.9719132622962799e-07 0.0 0.0 0.0 0.0 0.0 7.224627991560314e-08 0.0 0.0 5.4544513115951965e-08 4.427977719466251e-07 0.0 0.0 0.0 0.0 0.0 0.0 0.0 0.0 0.0 0.0 0.0 0.0 0.0 2.67208635963666e-07 0.0 4.398744067834158e-07 0.0 0.0 0.0 0.0 0.0 1.961594938919631e-06 0.0 2.3680583142327783e-07 0.0 0.0 1.5489762825515869e-07 0.0 0.0
4.386160223705911e-06 3.095426993586792e-07 0.00013946448848754605 7.788088261270786e-05 0.00034262197437797824 0.0 0.0018289694552079212 0.001936673462708689 1.8997095278412257e-05 0.004652946566425004 0.00017675724533428808 0.0021719442121539583 8.131785110053595e-06 0.0001191537280346041 0.0009052496546456701 4.535668675419583e-06 1.1565618664357642e-05 3.343905482655308e-05 1.881591801419025e-05 0.0002044306457724191 2.8241579475109315e-05 1.912876282005607e-06 5.3790992516909505e-05 0.00018997514016861472 9.177208961123272e-07 5.351109489356719e-05 3.501501525445543e-05 0.000645057057803188 0.00020603425249221676 4.081174481372302e-05 4.950260865022462e-06 0.00025011716282049006 5.797848605497245e-06 0.0002573724761964842 2.989459796933255e-06 0.0002112916451588733 1.9438500081180763e-05 0.0004002942543054517 0.0001726030731457839 0.0011834924617202171 7.205659138625532e-05 1.3952454133750527e-05 1.99272375472864e-06 1.708375530988735e-07 7.764715342968745e-07 8.74135478340863e-07 4.429511921521991e-06 0.0 5.666949635508369e-07 5.068330852715761e-06 9.827260190661221e-07 4.577542603749917e-06 8.55352614952771e-06 5.2966319556212945e-08 2.795510457537268e-05 4.3204585503140846e-07 9.132853575698641e-07 6.598567386713925e-07 3.5322948591740413e-06 1.9081556964281508e-07 0.0 0.0 5.77366070606198e-06 6.792720889095207e-07 6.583095336384203e-07 3.1278348730201553e-06 3.38029755201444e-05 0.0 1.4347997909933288e-06 5.344312108379693e-06 2.3496096207746597e-05 3.7141934857271616e-06 2.0939813362436493e-06 2.522576880679006e-07 0.0 3.698726022875901e-07 8.929048457624111e-07 1.745167942349956e-07 6.552547576304246e-06 1.4966777988911784e-07 3.4115345458335276e-06 2.01983454960444e-06 3.6588934829522727e-06 4.961301854539897e-07 5.72644119760032e-07 5.473325822267146e-08
0.0002828172380772587 3.0387398031736285e-06 0.0004819754987239328 4.54949132749993e-06 1.2990392000962931e-06 0.0018289694552079212 0.0 0.0045480768706648795 0.0001542748849854919 0.0020278153954041028 6.0570913739672004e-05 1.1058052342868112e-05 2.4259256060435077e-06 0.0035580277624910946 8.998940816736616e-06 3.222386295018637e-05 3.387679147715255e-05 1.3705393123725925e-05 1.7741746450570773e-05 1.9797889908866148e-05 0.0005380246405949892 1.4154196348363863e-05 0.000909269641750199 0.0013649424935243534 1.779536409110032e-07 6.63473366609001e-05 0.00026375708177024654 0.011597255421656082 0.0009606042887489615 0.0009837012402996673 2.253525803616262e-06 2.3475957879682543e-05 0.0002039756755895084 0.0003403669973639621 4.159038619460343e-05 0.0021581788019977245 7.760521089989691e-05 0.0009664446430378376 0.00046931206378031 0.00038198306002232816 3.958497710052926e-05 4.360432037769785e-06 1.3637560033211295e-05 2.1183037300116186e-06 1.7959734717514087e-06 4.830427468167665e-06 8.463209493430533e-06 2.895921769559955e-07 4.2510959681402615e-06 4.989471901265784e-05 6.95640319180265e-06 3.33735947310941e-05 2.3422214379815634e-05 3.8505599266866057e-07 1.8455493558658795e-05 2.1385169766473954e-06 9.643549672542636e-06 1.2192800440160558e-07 2.2669923400598555e-05 4.264239023698198e-07 9.35794068680298e-08 3.767849138673949e-07 2.178699861642763e-05 6.452277097236414e-06 6.0026304218812015e-06 1.164737038402596e-05 0.00021953196709005986 5.6620286627257405e-06 5.6871074153590925e-06 3.0609308825431934e-05 0.00025745335382371305 4.892873313710687e-05 4.8611423072862035e-05 8.27696306550678e-08 1.1461761514640156e-06 6.805331406447513e-06 1.4004876944662185e-05 5.506057955214119e-06 7.695552817877249e-05 9.502057090959936e-07 4.4792097504718615e-05 1.978805118551064e-05 4.1629646603528835e-05 6.928282036622354e-06 2.2854457026491645e-06 1.7702868891965222e-06
0.0007292442165003888 7.241202836593121e-07 0.0014858630171948619 1.947518610255103e-05 4.656737517538917e-06 0.001936673462708689 0.0045480768706648795 0.0 8.85009561783022e-06 0.0026683940377029884 0.00015285804911045035 0.00029007325270530754 6.399296286516175e-06 0.0037260975482710447 7.574309313990579e-05 5.608710520885824e-06 0.0002408317420314509 2.3847788540696275e-05 9.205021372418105e-05 0.00013789567517768695 0.00013254093406039162 2.4772720979292217e-06 0.0004535762120160911 7.187641924953944e-05 1.7705027245707973e-06 0.00015179575609577738 0.00014573760552483424 0.0003150925204404836 0.0003774882158818581 0.001747941468027689 2.637525214391201e-06 5.670497601229093e-05 4.084932168829137e-06 0.0002495119747026893 4.667634087088428e-06 0.0002827075783116368 6.98626241921555e-05 0.0003368862752493556 0.00022771519454176448 0.00031552990176124407 1.986010688532814e-05 1.5808803940736785e-05 3.2412650586562666e-06 1.0966448918816716e-07 1.8570783205158582e-06 3.7687944972620805e-06 1.2357000254337953e-06 0.0 6.1968292546956e-07 4.945470071269828e-06 4.888115242507779e-07 3.5090822839996236e-06 1.76940560165927e-06 4.250192998731116e-08 3.3447077812763086e-06 1.3549585607529505e-07 5.830651346103167e-07 0.0 8.387148722977875e-06 4.070817498502506e-07 0.0 1.2233844105127972e-07 1.3705380283176163e-06 6.732901662512837e-07 1.9290633819448876e-06 5.053196309102977e-06 2.4799021493773484e-05 0.0 4.026687729219629e-06 2.0897292094800733e-05 2.5844746939725114e-05 5.03412895093328e-06 3.7334660688065935e-06 0.0 8.942190463988407e-08 1.073527266536612e-06 1.3582062013794264e-06 1.084053277574592e-06 7.015052102144862e-06 1.5130102319041432e-07 4.0922147184554706e-06 4.123951070060601e-06 2.047047713293907e-06 5.86128716381996e-07 2.842124651069174e-07 1.7625307800948479e-07
7.5071519441278e-06 0.000187662007216009 2.8299186044495737e-06 0.0005601137883705099 9.43218200622805e-06 1.8997095278412257e-05 0.0001542748849854919 8.85009561783022e-06 0.0 0.00010029780271731546 4.420643294018866e-06 0.00011707972294137204 3.580944856680735e-05 6.377282597256396e-06 0.00038473260240874993 1.9071279519947394e-05 1.4137142737396905e-06 8.559471754282287e-07 4.1390764123768697e-07 0.0002645665228976674 6.221571229340651e-06 0.0013617629171160932 4.069375111865002e-06 0.005346753536295865 3.9935260300572875e-05 1.4804941200255497e-05 0.00027526662192136936 0.0007414236620642095 4.537064967336886e-05 7.809526162280368e-05 2.133572197266005e-06 3.730476027168133e-07 1.0149023642910169e-05 1.3934432749204981e-05 2.3856528437846816e-06 0.0001279524493547222 7.110010316271852e-06 2.4897343146141204e-05 1.5630212289124882e-05 0.00017166028328658553 1.8202727700895266e-06 7.959507716477513e-06 8.198821142647499e-07 1.9473132053581746e-06 2.0964615070880054e-06 4.5753888989446674e-07 7.399072468697018e-05 1.1990209489352368e-07 2.258194877736984e-06 3.5946212990180686e-05 4.013328864627007e-06 2.525692277690681e-05 3.1781776224231734e-05 1.0645408703399655e-06 1.2745010973840776e-05 1.7864852229706226e-06 6.546421782419527e-06 5.978304301061352e-07 9.638839047719852e-06 1.28066349100606e-07 2.2373576286718666e-07 1.4716350832058685e-07 1.9201384123043586e-05 5.980793225429204e-06 7.889708586341189e-06 1.2848380217786638e-06 0.0005781998345927195 1.0784211446617536e-06 2.7277547610767603e-06 5.386958089580678e-06 0.0002523697044585233 4.816447001999263e-05 4.3505000977298955e-05 6.760446507480086e-07 3.8815065296070326e-07 8.915455390183633e-06 1.0690443233183748e-05 5.041880444021936e-06 5.339915843042805e-05 9.893121411725068e-07 3.3757004521383555e-05 1.539031021703421e-05 2.5721070691180526e-05 4.371287631698268e-06 7.411517035223152e-08 4.0378476200329236e-07
8.13132650268509e-06 5.934992226767384e-07 2.887459573771957e-05 0.0015951641890152894 4.134724642508122e-06 0.004652946566425004 0.0020278153954041028 0.0026683940377029884 0.00010029780271731546 0.0 0.00014355818536980873 0.0017302469405039139 5.151951440871046e-06 0.00036476592070536847 1.5283528380784116e-05 5.06518716566824e-06 7.570975683824022e-06 3.493465316322733e-05 2.0670910946015543e-05 0.001677163873624432 1.2520249178613475e-05 2.1648507536399687e-06 3.1521049071966175e-05 0.0004063429568262172 4.93073937062954e-07 4.3941387399093814e-05 3.974477655707558e-05 0.004063278270074877 0.0006516905530568585 1.7989335850315698e-05 4.104944444398845e-06 4.423582448009865e-05 1.9739199140526665e-05 0.0002988125238823378 1.8334189530346947e-05 0.0011811024196911768 2.301449323643605e-05 0.000953891607813528 0.00034780541242285896 0.00018844668574927634 7.413070633313435e-05 7.102434075835313e-06 1.4424452518704452e-05 1.4704584322944961e-06 6.29869704547504e-07 1.4252513825906684e-06 9.463028111323637e-05 0.0 5.9342269607308965e-06 5.788825210079563e-05 6.537747374267756e-06 4.7785918514263364e-05 0.0001552079335602553 3.455909909836615e-07 8.176570711403463e-05 1.2342786841281115e-07 1.0339711434815545e-05 3.403150979426387e-06 2.628372523197749e-06 0.0 2.0790085396585912e-07 1.0610824076410368e-07 0.00012400166418721233 1.7089448524307687e-06 7.918963796927095e-07 5.440083855840487e-07 0.00036653724382693103 0.0 9.92526005665686e-07 2.708419873893896e-06 0.0003151146405636337 2.430503297154252e-05 4.8831982865125126e-06 0.0 8.394788257447407e-07 3.207674004873256e-06 8.234032467484092e-06 2.168108776454545e-06 4.778811778655804e-05 5.7884583751079667e-08 3.409780862126372e-05 1.0751224179629112e-05 9.743416021975439e-05 9.684437736386481e-06 1.451924378373483e-07 1.4193018312876346e-07
1.1581520107061448e-05 2.2854904408805186e-05 6.350881639385438e-05 3.6295518960733166e-06 5.197038658613527e-06 0.00017675724533428808 6.0570913739672004e-05 0.00015285804911045035 4.420643294018866e-06 0.00014355818536980873 0.0 8.493992510380904e-05 0.00036384310268388546 6.189486212251591e-05 9.274320348873794e-07 2.621851859360612e-06 0.0003839635652542518 0.0015364027844647435 0.0007024545907130307 4.168995663762758e-05 3.8948651545093926e-05 1.1935283785310687e-05 6.918099538166653e-05 1.2460060139807938e-05 0.0001059223419265696 0.000850007135113821 0.0004278814636793013 2.3149466089237028e-05 0.00021393520304353135 4.247064835798512e-05 0.00012776142201917167 9.053931218272414e-05 8.36900977606559e-06 0.00463979840395654 2.3923284107462685e-06 0.00032563549962185345 0.001688676920518721 0.0030790884424359835 0.00045422889023773394 1.9736242407493792e-05 5.72970204314088e-06 0.0003228774034362591 1.1129446594140203e-06 1.1121889809880267e-07 6.765711646505806e-06 1.5579755192979987e-06 5.259523864282769e-07 0.0 0.0 1.5009882814537577e-06 6.321351287206081e-08 4.592000048711339e-07 7.531989750978449e-07 0.0001633122450783205 1.6098490488051176e-06 0.0005614276925109632 4.224935615393321e-07 2.634214244612276e-07 1.3888773273156263e-06 2.0216272615589916e-07 2.2925759479905224e-06 8.937953389861099e-07 4.7568288522803124e-07 7.509978809815819e-08 6.356616880376417e-07 5.396188491342315e-07 7.258151536976048e-06 5.513519161884485e-05 3.8267743104811576e-05 0.00012042621038772635 6.65159775098143e-06 1.2024559518399963e-06 1.5849441813602098e-06 6.112616124994373e-05 2.1810436307291604e-07 2.372008067340553e-07 2.5548741426173323e-06 1.6509297384551703e-06 2.624762471772686e-06 0.00012423011624230392 2.9847020049299942e-05 2.8911593303751623e-06 4.0662751485356544e-07 3.898354208885276e-07 3.9547275117301844e-05 0.0
1.425659132602238e-06 1.748142120970783e-07 1.5347964832005744e-06 0.0012710042254795593 5.415690390397806e-05 0.0021719442121539583 1.1058052342868112e-05 0.00029007325270530754 0.00011707972294137204 0.0017302469405039139 8.493992510380904e-05 0.0 3.623488210940079e-06 6.36426428906616e-05 0.0012815760974651065 5.017202277031875e-08 1.97648347515864e-06 1.676280176488875e-05 9.771582184050899e-06 0.002299367983743002 3.187118835249407e-07 2.607093322164404e-06 6.784800442906194e-07 0.00011377251980273046 5.509906946223171e-07 1.9969354475887406e-05 9.102580923848661e-06 0.00010832198615823338 0.0001233266557534656 7.43021349027169e-07 1.7903911470018641e-06 2.3626547444227398e-05 2.0853336847246372e-07 0.00013124305805167657 1.6998646565668284e-06 0.0006003096151781935 5.214415091976409e-06 0.00032788148698234375 5.881333240106583e-05 0.001751261623275231 2.6940603985957405e-05 2.461302514707998e-06 2.090779987445301e-06 0.0 9.264184040838807e-08 1.0055234340245243e-07 7.227755081154659e-05 6.017611484707356e-08 2.2745244103221784e-05 8.771675447939909e-06 3.616462687415695e-06 1.7332306385595957e-05 6.518436491230571e-05 3.684848615179411e-07 0.00010228431034214807 9.153233349997593e-08 3.147596667875847e-06 5.108478506315526e-06 0.0 0.0 9.970739571851876e-08 5.470742347553704e-08 5.949928215971413e-05 0.0 0.0 0.0 0.00010360219133475653 0.0 1.4352933861162343e-07 3.623872597735973e-07 8.049572560833432e-05 4.1956962875797425e-06 5.521154214233911e-07 1.0258797660890353e-07 4.865644543814582e-07 6.416951353224064e-07 1.388492510306441e-06 4.625901602352432e-07 4.29556452600009e-05 6.3383473461705e-08 9.96785147539869e-06 2.0782027545539586e-06 0.00015050880231137184 3.238763574694265e-06 6.735172135107217e-08 6.38490739911567e-08
4.211362122657598e-07 0.00036855855262090623 4.4822268209188354e-06 0.0 2.708427793330401e-07 8.131785110053595e-06 2.4259256060435077e-06 6.399296286516175e-06 3.580944856680735e-05 5.151951440871046e-06 0.00036384310268388546 3.623488210940079e-06 0.0 1.45112490599041e-06 2.683702122891105e-06 2.437438254195925e-06 1.5029204878730404e-06 2.108186653827731e-05 6.756308421919157e-06 1.6383146950834417e-06 3.5752584519222096e-07 0.000165002608118765 9.148502408571628e-07 3.5173063321472825e-05 0.00163291568048148 0.00019794140320394016 0.002731943030342067 2.843881993345278e-06 2.9139581106022746e-06 8.549226971038858e-07 0.000281743031644413 2.4432685793481644e-06 0.0 0.00071074097073483 1.8045759289251783e-06 0.00021869740938196548 0.0018747522419358283 0.0008035153106163988 0.00021515069772420618 9.65626466587575e-06 2.918396801115586e-06 0.0005128662971901612 1.253351360699873e-06 0.0 9.712674121562892e-05 1.695746751521207e-07 0.0 0.0 1.0546019028976605e-07 5.2945787846383264e-08 3.6173255416303955e-07 1.1176239796349654e-07 0.0 0.00039744660659370883 1.485595065514695e-07 0.0014515610787761866 3.817928907032878e-07 0.0 1.2421021128300077e-07 1.7502740034263287e-07 6.013404810855987e-06 2.127634086124574e-06 0.0 0.0 4.510342932067791e-07 0.0 6.789128037421934e-07 0.0005815484097456483 0.00022017831015759266 0.0006897708520067734 3.5862311297148933e-07 3.783042691746543e-07 1.8559054581154079e-07 0.00030956903032611563 6.164983769392294e-07 0.0 4.311429791278041e-06 4.712712261571929e-06 1.7275330759120647e-05 0.00019609775070325282 3.4212949620291504e-05 1.2275909460813196e-05 1.2101665461314258e-07 1.9872796908730638e-06 8.249426430589503e-05 9.435041054504213e-08
0.002676877685765071 4.1612896415850317e-07 0.00043567091324429603 9.887083811565061e-06 4.70509710878219e-07 0.0001191537280346041 0.0035580277624910946 0.0037260975482710447 6.377282597256396e-06 0.00036476592070536847 6.189486212251591e-05 6.36426428906616e-05 1.45112490599041e-06 0.0 6.360653422430808e-07 1.2499948102617303e-06 0.00015289068238213892 1.1880209262589677e-05 5.430984101514541e-05 4.6896257507446715e-05 3.619552587704965e-05 1.1973071108807306e-06 0.00018332587522725563 4.644592543866448e-05 2.524298392333851e-07 4.864831783986713e-05 5.795387071229272e-05 0.00014693178980742722 0.0020024763392490746 0.0019291433286717677 9.79817939644548e-07 0.00014601950418872248 5.853189658522e-06 0.00018946548067508596 9.06877624721687e-07 6.565902643167086e-05 1.771791225230991e-05 0.00018889822917357376 3.0281950703945944e-05 4.902413412850921e-05 5.170552287600496e-06 1.4687205505849252e-06 4.119764269429333e-07 4.923506212123004e-08 1.4861154041005646e-07 7.69317908180115e-07 6.752407006347609e-08 0.0 1.409717688842209e-07 2.0483493543361904e-06 2.4413065170044535e-07 2.095150528661329e-06 6.451560695527942e-07 0.0 1.340868421363786e-06 0.0 4.4041992601661984e-08 0.0 8.301299924099186e-07 1.3003521583820964e-07 0.0 2.6477622757450453e-07 7.378161720764037e-07 4.088230513164942e-07 7.123431772508423e-07 1.1619167382961958e-06 1.0849711343390856e-05 0.0 6.613817262608224e-07 4.088425970476992e-06 1.2758863240399312e-05 1.844325727419072e-06 3.967294659631792e-06 0.0 0.0 2.0416079471813117e-07 3.866901490757181e-07 7.618858769947886e-08 1.9494040770732398e-06 3.9749411740924783e-07 1.5382624746321e-06 3.8888382420767234e-07 1.5810416595259142e-07 1.800614006927166e-07 0.0 0.0
0.0 6.002264125993196e-06 2.2879853790155947e-06 1.3833791812594046e-05 0.00042900022233332224 0.0009052496546456701 8.998940816736616e-06 7.574309313990579e-05 0.00038473260240874993 1.5283528380784116e-05 9.274320348873794e-07 0.0012815760974651065 2.683702122891105e-06 6.360653422430808e-07 0.0 0.0 2.0530290564811803e-07 1.1218441086265131e-07 1.2715602216619266e-07 9.333718314113288e-05 6.961469155244305e-08 6.509002618775844e-05 1.175312724149951e-06 0.0001715120572128946 3.3164152343886824e-06 7.280795277990834e-07 1.3635774964127564e-05 1.3774119258014478e-05 6.5130075550790906e-06 7.17712067918665e-07 1.0700278150468605e-07 9.049908450506224e-05 2.763022562382665e-07 3.382573100686662e-06 3.059160812099572e-06 0.00042694498100156916 1.0707075871665322e-05 6.772853007153832e-06 3.7652831753974353e-06 0.001380415981317406 2.2522586849956382e-05 1.4330335670077258e-05 2.96260957083416e-07 0.0 1.6724759439048626e-07 0.0 1.3064384257621875e-05 0.0 0.0 1.593125683608327e-06 4.4134159214421044e-07 4.7485988105591166e-06 1.1067596576445875e-05 0.0 1.2696046950482978e-05 0.0 0.0 1.7140500969798745e-06 3.0513634508111825e-07 0.0 0.0 0.0 1.0276039621870187e-05 7.690455743868733e-07 6.351020639543881e-07 0.0 2.1058827909750383e-05 0.0 2.5637151925705e-07 0.0 1.4244576311663833e-05 2.931965083002567e-07 5.92773044590718e-07 0.0 0.0 0.0 0.0 0.0 1.6213554474509887e-05 1.6403962557537023e-07 1.2192997284690972e-06 1.4602327628130068e-07 4.453206520837751e-05 1.1595787309949493e-07 4.760860741007268e-07 0.0
4.4212583146482687e-07 4.063710580818378e-05 6.85251999662131e-06 8.900165649320987e-08 0.0 4.535668675419583e-06 3.222386295018637e-05 5.608710520885824e-06 1.9071279519947394e-05 5.06518716566824e-06 2.621851859360612e-06 5.017202277031875e-08 2.437438254195925e-06 1.2499948102617303e-06 0.0 0.0 1.1702319859546951e-05 8.669085228075983e-07 2.0188842699030484e-06 1.069524816690588e-07 0.0019964980393840388 0.002226439298679466 0.001982796820874494 0.0009614746929127982 2.8666609749811285e-06 6.93965636242176e-06 0.002395485938659697 0.000683476428717694 1.8271479604081978e-06 3.309624154280401e-05 4.308463237968306e-07 6.484893796933447e-08 5.789816137035104e-07 4.69044757885413e-05 8.456642752871911e-06 0.0008317237115069128 0.00042674118281519653 0.0003028126689440623 0.00029497189675962965 1.16034346760569e-05 2.1751191503251725e-06 1.1974632756715054e-05 4.75707685707294e-06 8.610304834894106e-07 1.0915575986406343e-05 1.9069269515161297e-05 6.225265343564844e-07 0.0 3.875310760213509e-06 3.371114574683268e-05 5.748459061684994e-06 2.952422063466572e-05 9.58569948829513e-06 1.0343359595236336e-07 1.6662735852240921e-07 5.2242542762747265e-06 4.143983280309449e-06 1.9329143396432712e-07 0.0027399291142695065 2.8270981744012e-06 1.3017920559284158e-07 1.2239292888159957e-07 5.205861428891747e-07 0.00024975828498613066 0.000835613340230793 0.0008170581942295784 0.00041399086083193534 1.1359396717761e-05 8.189611369174183e-06 0.0005381218553173384 0.0002497542010240357 2.1047589878155612e-05 0.00011698614144928654 0.0 3.376713042528078e-07 4.241457443222874e-06 7.357180639981827e-06 1.7443643039218484e-06 6.05584748379135e-05 4.88338199197782e-06 2.3095301731022964e-05 1.8177685950994894e-05 2.1884914437183867e-06 7.31026150819611e-07 1.309430536814377e-06 0.0
4.56756167339098e-05 0.0002032180614978296 0.0030537803196065273 0.0 0.0 1.1565618664357642e-05 3.387679147715255e-05 0.0002408317420314509 1.4137142737396905e-06 7.570975683824022e-06 0.0003839635652542518 1.97648347515864e-06 1.5029204878730404e-06 0.00015289068238213892 2.0530290564811803e-07 1.1702319859546951e-05 0.0 0.00019845344724243443 0.001421244986815167 9.891775985505566e-07 9.220132400484591e-05 3.7650244468800327e-05 0.0016819065446226295 1.5985441339693192e-05 9.451637072176855e-06 0.0016406163189173998 0.004065003889529145 4.1783793518370576e-05 0.0002126832291204318 0.00027374073512909157 6.694801885638601e-07 5.643799226154542e-06 1.917550279873549e-05 0.0004718461791043792 2.0194148765387988e-06 0.0002473756502905211 0.0013857243902828575 0.00035892770337590384 9.625226071061839e-05 4.4618652955653085e-06 4.1073183745099133e-07 1.9817043505046054e-06 6.020834923641232e-07 7.128411666952228e-08 3.0947597863291846e-05 5.1625134726143214e-05 0.0 0.0 0.0 1.1232642470909547e-06 3.5219963782879685e-07 0.0 1.0098261376284081e-07 0.0 0.0 3.067886011759303e-07 1.8702188299134988e-07 0.0 1.8405831966398851e-06 9.065061030591748e-06 5.294098701724712e-07 3.6905820018633037e-06 0.0 4.2103808851589597e-07 8.680206786007044e-06 6.909061085722768e-06 3.307259562431712e-06 2.1548817458961103e-07 0.00019884831549595125 0.0003086276213023246 2.019805150232892e-06 4.0507927379674876e-07 1.2086790002681315e-06 6.847333130075012e-08 0.0 0.0 1.128586525465647e-06 0.0 6.468393563177158e-06 3.847396594695425e-06 6.05719714805076e-06 2.1176377861763085e-06 3.108514389202686e-07 0.0 0.0 0.0
2.7740685256925383e-06 1.6403135933427352e-06 4.162436044551089e-05 6.882697672302344e-07 3.4096300662218747e-07 3.343905482655308e-05 1.3705393123725925e-05 2.3847788540696275e-05 8.559471754282287e-07 3.493465316322733e-05 0.0015364027844647435 1.676280176488875e-05 2.108186653827731e-05 1.1880209262589677e-05 1.1218441086265131e-07 8.669085228075983e-07 0.00019845344724243443 0.0 0.0009222842919246216 9.740898349262885e-06 7.388534066638265e-06 1.1984828794158628e-06 1.9862620972783604e-05 1.4792283960861774e-06 1.930820109630575e-06 0.0007638962260085899 0.00028607006113206017 5.653144003192618e-06 2.784066555273831e-05 8.99780561555888e-06 1.7218574019022036e-05 8.691092674853106e-06 1.3865236874681526e-06 0.00048533178775482175 2.2405069831210114e-06 0.000356429052504514 0.0005166718786245399 0.0009962497467915778 0.0002544682640851034 8.112311852228473e-06 3.3095205308242993e-07 1.9462557125536576e-05 6.593972050273344e-07 0.0 1.2911372574687395e-06 4.265420310377281e-07 1.0336152644621116e-07 0.0 0.0 7.601561693377519e-07 0.0 1.0557844187575756e-07 1.8006308642642935e-07 7.090360859764363e-06 5.0500521347730536e-08 2.7186952079879186e-05 4.877986572953679e-08 0.0 1.2797638184355036e-07 5.2303685729287306e-08 1.0969241398170952e-06 1.2879182348059964e-06 3.110976087215107e-07 0.0 0.0 0.0 1.0253929534103645e-06 1.9552662336191027e-06 3.827969425005609e-05 5.727031103870355e-05 1.451235023033251e-06 0.0 1.0711410577870162e-07 1.6255549986384258e-05 0.0 0.0 4.389172085499109e-08 4.507030421422894e-07 2.9154244794358026e-07 1.038244838856791e-05 4.235738973526366e-07 1.8390029046928684e-07 1.2377532271462842e-07 0.0 3.030774979166643e-07 0.0
1.3879919426552644e-05 2.8371353305643554e-05 0.000589975602410093 4.4644217458601674e-07 2.9568276358973253e-07 1.881591801419025e-05 1.7741746450570773e-05 9.205021372418105e-05 4.1390764123768697e-07 2.0670910946015543e-05 0.0007024545907130307 9.771582184050899e-06 6.756308421919157e-06 5.430984101514541e-05 1.2715602216619266e-07 2.0188842699030484e-06 0.001421244986815167 0.0009222842919246216 0.0 6.25548870087352e-06 3.832506782303316e-05 3.012216701603372e-06 0.00030186671787320974 2.586041919068792e-06 5.196950087354702e-07 0.0019824003085169854 0.0005537350547252811 1.0050562491687784e-05 0.00010803942667575495 4.9492307285153526e-05 8.20426878429728e-06 9.101463695050662e-06 1.3330466353742742e-05 0.0011278600068219072 2.2993889549288783e-06 0.0005271342438774787 0.00046935481667390386 0.0009846483288193423 0.00034523564995910926 7.829399057084571e-06 7.539203374289617e-07 1.5159694452483378e-06 1.1039198161969142e-06 0.0 6.4940650531473985e-06 2.377526733692782e-06 6.755558099209644e-08 0.0 0.0 2.602742298584019e-07 0.0 1.5617292970818004e-07 1.49253300112492e-07 6.993899906221011e-07 5.927133239619984e-08 3.2479404675803173e-06 0.0 0.0 9.161923965776627e-07 1.0738794356249069e-06 6.12620394822263e-07 1.3807788628176231e-05 0.0 4.705718723088772e-07 3.210880173816439e-07 5.250343200445521e-07 1.975948662968471e-06 3.319032502795147e-07 8.639235634367857e-05 8.996689556677643e-05 8.49146109103672e-07 1.3716122928555956e-07 3.940602514967584e-07 3.3188641928197634e-06 0.0 0.0 3.339924318709353e-07 9.183731433612206e-07 1.3006837738109038e-06 5.974491158233282e-06 7.205599525989127e-07 3.205609490307179e-07 8.897044407993444e-08 0.0 0.0 0.0
1.3257118051752003e-06 0.0 9.05638781650136e-07 0.002330370656783114 2.1894722334440074e-06 0.0002044306457724191 1.9797889908866148e-05 0.00013789567517768695 0.0002645665228976674 0.001677163873624432 4.168995663762758e-05 0.002299367983743002 1.6383146950834417e-06 4.6896257507446715e-05 9.333718314113288e-05 1.069524816690588e-07 9.891775985505566e-07 9.740898349262885e-06 6.25548870087352e-06 0.0 2.004068281672729e-07 6.207446084637355e-07 5.822274325083958e-07 0.0001506770715789204 1.1578425569687488e-07 9.931367303080805e-06 5.921389334660114e-06 0.0004496825119599493 0.00011533280834183936 1.1982013267663782e-06 9.995985058475188e-07 1.0949413754342106e-05 1.6173089516658148e-06 7.251509461680191e-05 4.5210035384069e-06 0.000470437755633205 4.53975440226699e-06 0.0002372290178477127 7.898679548855509e-05 0.0004820370393304721 2.283902503428726e-05 1.8597539135528114e-06 4.576687945537409e-06 1.8450029709381753e-06 0.0 2.1161793192195597e-07 0.00016092526732685642 0.0 4.615066764020287e-06 4.834973669860453e-05 1.07253760036941e-05 4.8641600867071225e-05 0.00019023370648682623 8.401104051959268e-07 0.00011057755679196267 1.7766595113722127e-07 7.953816389727733e-06 7.95327822362987e-06 4.382733811897183e-07 2.0264385826315237e-07 6.822844906642982e-07 1.3850262993783378e-07 0.0001630995541637206 0.0 1.3590366754590612e-07 5.883949922018193e-08 0.0004329530181114288 1.9413937733754617e-06 1.0307454345140772e-07 4.523051037598313e-07 0.00035178126374389864 1.7561289521435905e-05 5.866284705788574e-06 0.0 1.4209139897477268e-07 1.9970284908708285e-06 5.11260719742295e-06 7.828317066267078e-07 5.209720775310317e-05 2.365006346024998e-07 3.056382297556571e-05 7.502364438433895e-06 0.00020120388659722896 5.858626531669707e-06 5.7582679378959345e-08 2.7580047828296343e-07
1.2322969136257283e-05 4.9344588015889444e-06 0.00022640411783769033 1.3186907023118808e-07 0.0 2.8241579475109315e-05 0.0005380246405949892 0.00013254093406039162 6.221571229340651e-06 1.2520249178613475e-05 3.8948651545093926e-05 3.187118835249407e-07 3.5752584519222096e-07 3.619552587704965e-05 6.961469155244305e-08 0.0019964980393840388 9.220132400484591e-05 7.388534066638265e-06 3.832506782303316e-05 2.004068281672729e-07 0.0 0.00021783223356074824 0.006010923311087164 0.00011581195648538037 5.063145456796532e-07 1.1946724592233391e-05 0.0007599759102013728 0.002517225626785046 6.724899123725972e-05 0.004062621651147775 2.608616685479163e-07 8.547171385593539e-07 1.684165518590297e-05 0.0015061543751293354 7.086455293073549e-05 0.003943630240213018 0.0009554481152782586 0.003665925902431352 0.0020226886395407232 3.5900959872535234e-05 4.695735088093011e-06 9.477293149097446e-06 1.9809731516538786e-05 1.0928980940890245e-06 1.1939559161590714e-06 2.0726341132210356e-06 0.0 0.0 5.329143130143881e-07 1.3969373232825056e-05 3.625919359418887e-07 1.2281603935143885e-05 1.863680162967101e-06 1.2136832324924179e-07 5.581312431330081e-08 3.5730493242312215e-06 7.998590965325543e-07 5.876767116026463e-08 0.0004996833912735694 8.320458419442689e-07 0.0 7.606015235029241e-07 0.0 0.00018467490196763902 8.189272042830618e-05 7.390022789442208e-05 0.00023755261453098443 6.223601862415076e-06 9.608813641204336e-07 2.3922495026047574e-05 0.00015813431609901178 1.9947831668772834e-05 0.00010820844256749573 6.048815557112816e-08 0.0 4.683661077444449e-06 6.39468197240153e-06 1.7489348987082522e-06 3.2107220625300184e-05 2.3581593039473843e-06 9.490680890659758e-06 5.036827202601897e-06 1.9206825768046876e-06 1.1748342260016242e-07 2.3829137723376062e-06 0.0
1.7561042144403485e-06 0.001560148085264138 4.657419653636725e-05 2.563724209489891e-06 2.1511902524610502e-07 1.912876282005607e-06 1.4154196348363863e-05 2.4772720979292217e-06 0.0013617629171160932 2.1648507536399687e-06 1.1935283785310687e-05 2.607093322164404e-06 0.000165002608118765 1.1973071108807306e-06 6.509002618775844e-05 0.002226439298679466 3.7650244468800327e-05 1.1984828794158628e-06 3.012216701603372e-06 6.207446084637355e-07 0.00021783223356074824 0.0 0.00016799230436619108 0.0032703495795551344 0.0003185941864751018 4.77985366481469e-05 0.003958578067157191 0.0002054347884237155 1.3746022857658158e-05 3.509111482312307e-05 9.816432832772425e-06 0.0 5.221134171939456e-06 3.372910128240507e-05 5.743684936502432e-07 6.474060215877696e-05 2.7152748635035762e-05 5.531466049730732e-05 1.4222223478242651e-05 8.634310463493696e-05 7.187377227446618e-08 3.582329160133986e-05 1.584257459978904e-07 4.5633413903128346e-07 3.1154340569907786e-05 2.7793833758640656e-05 2.6047602798757334e-06 0.0 9.607900667141205e-07 8.826481600975862e-06 1.0692177673186987e-06 1.0581905112631053e-05 2.7246501970991554e-06 2.2175144620450826e-06 0.0 6.187880958714821e-06 1.405769977052603e-06 3.5930348212185133e-07 0.0007936943128211219 3.6793137982690324e-06 1.2091189328678474e-07 4.179144502857336e-07 0.0 4.701281045332668e-05 0.00010739406528251896 0.00011791165504457993 0.0001939284062356976 3.5264320441384467e-06 2.449941228322254e-05 0.0007296855221016789 6.91164250726523e-05 6.68356789278085e-06 2.0917267227159644e-05 2.1310013392158197e-06 4.972000907899465e-08 7.692917178485257e-07 3.685967472642011e-06 3.939499720264502e-07 1.4992088771376876e-05 3.7124073235504734e-06 8.952552383775217e-06 7.468147775506595e-06 5.211541649114715e-07 1.6951826014185315e-07 1.7006264677271887e-07 7.052837546750779e-07
4.056125258491465e-05 1.0963015816752315e-05 0.008599678982146065 1.0096906160517235e-06 1.9884588703850045e-07 5.3790992516909505e-05 0.000909269641750199 0.0004535762120160911 4.069375111865002e-06 3.1521049071966175e-05 6.918099538166653e-05 6.784800442906194e-07 9.148502408571628e-07 0.00018332587522725563 1.175312724149951e-06 0.001982796820874494 0.0016819065446226295 1.9862620972783604e-05 0.00030186671787320974 5.822274325083958e-07 0.006010923311087164 0.00016799230436619108 0.0 0.00014595589027458424 5.805641532954777e-07 0.0006050258459874572 0.006753496398207764 0.002208229846520941 0.0001768976894553504 0.0023289752768038503 2.6430809493253847e-06 2.878232351637737e-06 1.5799295919704328e-05 0.001352224073105576 9.020779381091286e-05 0.005703200028058051 0.00386791375500133 0.005232425443702104 0.004512989252606609 0.0001463079468006447 1.1301300012517729e-05 1.5707882272393565e-05 3.00550944899389e-05 6.737399542473151e-07 8.476951770254243e-06 0.00010083959934563953 1.58244599862673e-07 0.0 1.907825784292782e-06 1.953546301461627e-05 5.578221296153068e-06 3.3666683348046805e-06 4.918878148742762e-06 4.570569324800834e-08 5.357902669169257e-07 1.0369323142962242e-06 2.9739514857689805e-06 4.553377913882722e-08 0.0013868660750075608 7.679924311265296e-06 0.0 3.450602965492804e-07 1.321192480399295e-07 8.399758926889071e-05 0.0002595939454995677 0.0005597202823786001 0.00010442359586850075 9.71516039133914e-07 2.7898217515766263e-05 0.0008537812733957321 7.00949712183991e-05 5.616134694093688e-06 2.6402697574489518e-05 4.611255649340594e-08 5.009868018401888e-08 1.0948958509661168e-06 4.99508681159919e-06 9.745520894499173e-07 3.471124787440675e-05 9.471590522663876e-06 2.1209885462947454e-05 1.2005140247952965e-05 2.666033838099337e-06 1.3019954853561486e-06 3.37819114125869e-06 1.6153096407529564e-07
