0.0 8.132133728097239e-07 8.474227816450708e-05 1.4805623820996902e-06 5.279038525763002e-07 0.00011823425190481867 0.00036070761966700655 0.0014700339486490856 2.716354946395508e-05 0.00015741040608801426 2.664517824585008e-06 2.5373112299094947e-06 1.0676363655474977e-07 0.002468032293402962 4.551646686933231e-07 4.8538379064696595e-06 9.1267332689483e-05 1.1284692332406956e-06 2.345816711787288e-05 9.272202265430293e-07 2.7000399871471322e-05 2.9825301151437914e-06 0.00012068682385608008 4.365607341591709e-05 5.405916130699374e-08 3.896199955030529e-05 6.209314754124458e-05 0.00027878443852453723 0.001367344868634336 0.001865687379472785 0.0 4.031017039352959e-06 9.67073761843119e-05 8.547600877153601e-05 2.707562633277589e-06 6.718077420015661e-05 0.00013986179583854434 4.802025321173266e-05 1.2946685120933255e-05 8.734869171902369e-06 8.530727688434886e-07 9.527082870795459e-08 4.851097336179414e-07 8.477134234013361e-07 0.0 6.02333798568058e-08 2.3349090828640253e-07 0.0 3.4380243739624804e-07 3.987572601318658e-06 2.1075386826634352e-06 2.0332980108392728e-05 1.0643068514300294e-07 0.0 2.2340565992803539e-07 0.0 3.3161494828596936e-06 0.0 1.319795738317704e-05 5.809372605922417e-08 0.0 0.0 4.298366264239804e-07 3.88889926116957e-06 3.6008673575278847e-06 7.85030025127912e-07 3.257110969316821e-05 0.0 1.1190677283796914e-07 8.322765864155424e-07 2.3808450224971562e-05 6.045783604362583e-06 7.003520516104569e-07 0.0 0.0 9.879580579175026e-08 1.4140710320059397e-06 3.857016522014543e-07 5.520078418729117e-06 5.362280322842787e-08 1.1575967255108346e-06 2.2527052089478876e-07 3.0837491367087347e-06 0.0 0.0 0.0
8.132133728097239e-07 0.0 1.490755073297962e-06 0.0 0.0 3.394814270615759e-07 3.3604704475315817e-06 1.2139393966607142e-06 0.00042143887648802463 3.132655231256708e-07 0.00016459354102189386 3.112601060466573e-07 0.00035601122523851885 1.1746607976075195e-06 5.828406383073708e-07 0.00016529910772148393 8.408828053531366e-05 7.269458246124661e-06 8.472916682934083e-06 0.0 6.87136358362439e-06 0.0015158343064925336 7.399902837651023e-06 0.0006230750455863412 0.0005743960880154165 0.0003182870979566468 0.002167084193067949 4.9813762167254214e-05 1.7218462553744095e-06 4.737556566216361e-06 5.071708103134551e-05 1.1737557701537925e-07 1.112509490529997e-06 1.1013571362933265e-05 7.613675638049693e-08 4.2730360136885746e-05 6.172053699075534e-05 4.0240116447991814e-05 1.3319583712191674e-05 4.59411747818896e-06 0.0 5.2013129585517465e-05 6.739990536434404e-08 0.0 1.3811641671762388e-05 7.456185974152292e-05 0.0 0.0 0.0 2.9431337220662945e-07 1.6462058255768328e-07 1.1951059219393108e-05 7.79583194209844e-08 4.219074307336491e-06 0.0 1.2971080106038712e-05 3.20933095040683e-07 0.0 6.187533832234645e-06 2.5682659165799644e-06 6.996085455806557e-07 2.295322704796702e-06 0.0 3.556059560701948e-07 9.139613475577045e-06 5.5859126395265385e-06 3.688492399137777e-06 3.1695215003716132e-06 0.00011048144176391149 0.0006691821301947494 2.18578045011812e-06 3.234673428239849e-07 5.1769415335658665e-08 1.2154934109464986e-06 0.0 0.0 3.8464714172496105e-07 8.576864828009575e-07 1.0146497745099265e-06 7.894219844612762e-06 1.9244559958173704e-06 1.0336589182964867e-06 3.036428482502139e-07 0.0 1.271764324986593e-06 0.0
8.474227816450708e-05 1.490755073297962e-06 0.0 1.683466250439338e-06 5.717797053631729e-08 1.84256369868691e-05 0.0003251745091935488 6.447192982993726e-05 1.2534035106749103e-06 8.118479450959243e-06 3.5401765057181244e-05 3.022524764608563e-07 1.340236706837402e-05 3.8706131195658854e-05 0.0 7.539272056463237e-06 0.00234743844686077 3.931914926588926e-05 0.0002377869707196978 7.904329577334897e-07 0.00013453777964171287 1.4330473123158734e-06 0.0057472265302730115 8.920290795634035e-05 1.4909888207464619e-06 0.003707424377859738 0.004665076424404114 0.000633800798993483 0.00013152348703118945 0.00022298886849788055 1.2968935430032272e-06 1.2715924918197015e-06 2.032346184374939e-05 0.0004328545256465846 3.939750117573067e-05 0.0008393183193587073 0.0011337833744864956 0.0012641009668801064 0.000653373744811815 2.8147495587736874e-05 3.42522841247699e-06 1.1501581623755293e-05 8.070758396111836e-06 0.0 1.1632339814098015e-05 9.849584105851255e-05 6.849089478195456e-08 0.0 6.590122740598463e-08 1.1580575854826948e-06 1.5918062759571938e-07 1.1060658212720408e-06 1.820306085911384e-07 7.247960229729756e-08 0.0 1.7251987287869895e-07 2.2499289266332353e-07 0.0 1.3376335544362383e-05 2.6378450311146103e-06 0.0 2.3403529206157333e-07 0.0 1.190690614593622e-06 5.658459914554342e-06 3.510036838526847e-05 2.539002509139257e-06 2.8360869179502417e-07 9.369234083905777e-06 0.000362635259572326 1.5220458842241681e-06 6.093502538137487e-08 1.232284004926716e-07 0.0 0.0 0.0 5.822447440235633e-07 1.4517741580055612e-05 9.756041450325676e-06 6.858773659791068e-05 3.3842858977822518e-06 4.659775027670644e-06 0.0 0.0 2.9142037393345045e-07 3.237292602188445e-07
1.4805623820996902e-06 0.0 1.683466250439338e-06 0.0 1.3042318797657514e-07 0.00023097276964556887 7.798446367298765e-05 4.867452744368037e-05 0.0003371017477958638 0.002793189827285163 9.343363897258056e-07 0.001051686380966695 1.5581066409976589e-07 3.640006011372759e-05 2.9604818438976188e-05 4.993991580281618e-08 1.2089765296281985e-07 0.0 4.758111226851557e-08 0.004402715720755158 1.0020131826991923e-06 5.509010728153108e-07 4.4345733802788105e-06 0.0013018967441181615 0.0 5.305155655209017e-07 9.155109246825231e-07 0.0014793643597306703 4.378591304163055e-05 8.526595589406647e-06 0.0 1.6786933815437923e-06 7.485172222276319e-06 3.045058024779251e-05 6.572224631241127e-06 0.00017252843501732373 1.439564855373735e-06 5.985079781142704e-05 2.0810459327511094e-05 8.992579519812218e-05 1.3023565580550707e-06 0.0 1.8977072951221897e-06 2.962418868220895e-06 0.0 6.601865769264694e-08 4.0941454171634864e-05 0.0 2.488998803395679e-06 2.4347386647720923e-05 8.075494032296698e-06 8.579753257212117e-05 4.064501635249342e-06 4.12025485421578e-07 4.725828133070722e-05 0.0 1.1650035299678142e-05 3.191171541570383e-06 9.868375750744094e-07 8.116442568383208e-08 0.0 0.0 0.0001086883471318558 7.060204118982363e-08 4.3969623912145115e-07 7.918372523479228e-07 0.00019205035881790487 0.0 0.0 0.0 7.465227845911845e-05 5.566870071318558e-06 2.6812615183216125e-06 0.0 0.0 9.757494582196218e-07 6.689449151958892e-06 1.7087354197996265e-06 8.794484728039838e-06 1.4332840222540653e-07 1.326166859446068e-05 9.406746188920655e-07 2.1537649476010855e-05 3.156161491366503e-07 4.3518679077751677e-07 1.2932175885046758e-06
5.279038525763002e-07 0.0 5.717797053631729e-08 1.3042318797657514e-07 0.0 0.00019716192943601386 1.9599760149568494e-06 0.0002672441963577143 1.438758897782391e-05 3.662580781458183e-06 3.479655388352899e-05 3.295987129045469e-05 2.0344044972332865e-06 3.767647528020518e-05 0.0004403122755742633 0.0 4.928350083462274e-07 1.252054416534085e-07 1.1136485064631894e-06 4.373584929288214e-07 9.716286350582112e-07 0.0 5.225064549181794e-07 8.726288338039356e-07 2.430920963468309e-07 9.458860769364467e-06 1.6572227068251983e-06 2.207390795707971e-06 0.00011977813458541646 2.3346671929512543e-06 3.0154525216501836e-07 1.4733779694650414e-05 4.455028898304096e-07 0.0001926694563552211 1.7324111027666529e-06 3.834007587670582e-06 7.980255265089612e-06 0.0001427263744309882 1.3958592944702858e-05 0.000735927575934891 1.457651960179223e-05 9.411238129651695e-08 1.8561640436124168e-07 0.0 0.0 0.0 0.0 0.0 0.0 0.0 5.922883729076647e-08 2.9475590067792634e-07 0.0 7.911106097209832e-08 1.7532283951248446e-07 0.0 1.4854415018274545e-07 0.0 2.7722366756229986e-07 0.0 0.0 0.0 0.0 0.0 0.0 0.0 7.592100780982806e-07 0.0 6.872445378806241e-08 7.837956266678797e-08 7.512741028642316e-07 0.0 0.0 0.0 0.0 0.0 0.0 9.352869317142102e-06 1.8590266150129168e-07 0.0 0.0 0.0 5.224732277039133e-08 0.0 0.0 0.0
0.00011823425190481867 3.394814270615759e-07 1.84256369868691e-05 0.00023097276964556887 0.00019716192943601386 0.0 0.0019983935986967773 0.004170438343541429 0.00011770713565379179 0.0026111063458696027 2.0829330207170763e-05 0.002291898005552373 3.0831549647007394e-06 0.0007603535323581523 0.0006540709761434783 3.445980718504352e-07 8.034570738725908e-06 3.329445314083306e-07 2.6712342751608205e-06 0.0008300303275973113 8.678131468528649e-06 5.390021058788058e-07 7.59777119222499e-05 0.0002487275982766051 5.169380830398823e-07 1.3339502708433661e-05 9.463346178156323e-06 0.0007445141765382704 0.0004825975453677289 0.0003274102848256791 1.5656097158519102e-07 0.00021105919871700573 1.826919168823571e-05 0.0003054826666868332 1.0942295162513769e-05 0.0002680182403228808 1.2826442537547603e-05 0.0004666375801350514 0.00011577474781532589 0.0011466162704397169 0.00010644878723467564 5.653085695310393e-06 1.085586119514335e-05 5.310365145126001e-06 9.947863337144219e-08 7.118953444886876e-08 9.107620348621948e-06 0.0 1.46395218007685e-06 2.4134570367755094e-05 7.3497790371330125e-06 4.70260407771308e-05 1.4405151572076497e-06 0.0 9.62372829472045e-06 8.093809322432469e-08 1.1363064140450209e-05 8.836890524199975e-07 6.240636449005701e-06 0.0 1.296464372029831e-07 7.543424314445003e-08 3.11861219308237e-05 6.394548023550347e-08 2.4925360774411248e-06 1.9705795149512858e-07 0.00013649092619324752 0.0 1.3267280886563374e-07 1.3947701224261593e-07 6.855584261137428e-05 1.2649165778317596e-05 5.215900661411889e-06 0.0 0.0 3.1559741883939715e-07 4.017274606234724e-06 6.394448324378024e-07 1.196895104879818e-05 1.4849460473383927e-06 7.5849459783449835e-06 5.104840012441924e-07 1.0541053122041122e-05 0.0 0.0 0.0
0.00036070761966700655 3.3604704475315817e-06 0.0003251745091935488 7.798446367298765e-05 1.9599760149568494e-06 0.0019983935986967773 0.0 0.0013217016946566083 0.00041414724219225043 0.003838182565708887 3.865656220021851e-06 3.533052599744242e-05 4.120239647353012e-07 0.001376002831188188 1.9000144557999415e-05 1.150652272788276e-06 1.7853814110668717e-05 2.6991657279535804e-07 2.5343704592988433e-06 3.5696484132709947e-05 0.00020020802229174858 1.1968107856743201e-05 0.0008607994719607211 0.001197049182960745 1.106687457663023e-07 2.158280307996378e-05 8.584408874622153e-05 0.010124076877089572 0.00024733244146600883 0.0023824543905040367 0.0 9.043897269850018e-06 3.435800539442647e-05 0.00010616252867911647 1.5184414997077244e-05 0.00023695022413513397 2.7999264714265472e-05 0.0001880639262097904 6.200468851058025e-05 0.00010065405799618114 7.2810172454571225e-06 3.909866461641504e-07 7.240415176045981e-06 5.3837511991509156e-06 4.588245749119167e-08 5.950989955614079e-07 6.802416500488934e-06 0.0 9.62390115336454e-07 3.223467545407998e-05 1.1832038174369849e-05 0.00010719582581869769 1.812160054381608e-06 5.433858982065636e-07 3.819641603060781e-06 5.0271951296891986e-08 1.4513821673733934e-05 1.3451650293118629e-07 1.1648185932620126e-05 0.0 0.0 7.368180778502732e-08 1.7697416444136598e-05 2.5038809360985736e-06 3.3502467991925058e-06 1.2941405398975144e-06 0.00016325215649974005 0.0 4.207187405095432e-07 2.489938403454701e-07 9.255584026777689e-05 1.7029320541236165e-05 3.9084619391432486e-06 0.0 0.0 5.968125635819588e-07 7.629375382848497e-06 1.7283035976617128e-06 1.2717548603579133e-05 4.1186901250079585e-07 1.208243461773061e-05 3.256874645904651e-06 8.764420926878959e-06 4.2117179984286615e-07 0.0 2.797473231302389e-07
0.0014700339486490856 1.2139393966607142e-06 6.447192982993726e-05 4.867452744368037e-05 0.0002672441963577143 0.004170438343541429 0.0013217016946566083 0.0 9.261571669172893e-05 0.001258985047173747 5.872145192226853e-05 0.0008176327945014144 1.5096963944765794e-05 0.003595118849143402 0.000315618986855567 3.553414756396898e-06 6.546158673545684e-05 1.0353984168666041e-06 1.848119300306387e-05 8.428878739890205e-05 3.247418251280866e-05 3.98682954667412e-06 0.00016370374201416202 0.00011963155550811141 1.6944067949895633e-06 5.2528660297511305e-05 5.499585554051237e-05 0.0005129011937214707 0.0010138067723632442 0.0021589072170865534 8.875932851553102e-07 0.0009291838832542215 5.4897074481433356e-05 0.00025556579311131097 2.074351210897767e-05 0.0003880145718715194 9.879188093991143e-05 0.0009437591033178396 0.0003080440828714779 0.0010091234985846736 0.00017735418303915546 2.0857068217274928e-05 2.0045246206672707e-05 9.24303677353276e-06 1.9586325302639617e-07 2.33876242300645e-07 6.836525905620289e-06 0.0 4.627017926774345e-06 4.119825857003798e-05 1.6808752175133856e-05 7.428662788155476e-05 3.4862774235934033e-06 0.0 5.39251473010382e-06 0.0 2.6520489969002203e-05 7.672599382726007e-08 2.39982209316954e-05 1.0555827575255521e-07 1.196079619991743e-07 3.2029232517337714e-07 1.6264804950866398e-05 5.374002180225434e-06 6.6294319177164874e-06 1.1958889776447367e-06 0.0002405420428746646 0.0 4.33267702225782e-07 7.36369282573859e-07 0.000160950026460355 3.5970136214373185e-05 1.113626316714216e-05 0.0 0.0 1.3217714314579835e-06 1.2995241122385413e-05 3.0786058470421735e-06 1.8428190260760384e-05 6.84004349839176e-07 1.602777679702003e-05 1.439298577509581e-06 1.232777365075801e-05 2.5817877230990155e-07 0.0 2.405047051796568e-06
2.716354946395508e-05 0.00042143887648802463 1.2534035106749103e-06 0.0003371017477958638 1.438758897782391e-05 0.00011770713565379179 0.00041414724219225043 9.261571669172893e-05 0.0 0.00015116420738274327 3.6397077666671715e-06 0.00042698509808945605 7.61092056646005e-06 5.1597858267547446e-05 0.0003296142326430379 1.6864469226308244e-06 1.1593927173570142e-06 9.228526183490473e-07 8.778012969821523e-07 0.00015872631342889293 2.3810651236488338e-06 0.0009420270458644709 3.5952485356772015e-06 0.002841476041720861 2.77727389895559e-05 2.1887449259051638e-05 0.00024799632296218857 0.001161846640619901 8.937901243736387e-05 6.726947538805899e-05 2.277166880748078e-06 1.6832963718144623e-06 2.3617462550708925e-05 2.8436980798544344e-05 6.1225753733492876e-06 0.00010669075848444174 2.803197575633535e-05 4.5890899881250167e-05 1.4775804745149428e-05 0.00010905326884273406 8.052713148305678e-07 1.233467953414362e-06 9.64192111044879e-07 4.31762596190677e-06 4.071326356935107e-06 3.5674423620158354e-06 2.4880269288520647e-05 0.0 5.146853151628832e-06 4.375163364393241e-05 9.523756604022459e-06 6.966108065999959e-05 3.7631361834202385e-06 2.4815835689902207e-07 3.388800782031828e-05 6.289247729814329e-08 1.5237535754715287e-05 9.587356213586438e-06 4.143383864928172e-05 2.782891646684641e-07 0.0 1.1551136902342477e-07 7.575212387154281e-05 2.3437381391806472e-06 3.253142716127495e-05 5.342158325938804e-06 0.00035703358356897275 2.8963386117780864e-07 3.205878238789039e-06 1.5477354913485954e-05 0.00013068358653014046 1.7295781461835942e-05 5.4540017514565125e-06 9.293085626567471e-08 0.0 2.7291580349475453e-06 4.6968047201629165e-06 1.570286308214851e-06 1.4559526585624337e-05 1.450757145812052e-06 1.3045376599758136e-05 2.3155037455226067e-06 2.1724025101620883e-05 1.9606365931871836e-07 0.0 2.1004396370616305e-06
0.00015741040608801426 3.132655231256708e-07 8.118479450959243e-06 0.002793189827285163 3.662580781458183e-06 0.0026111063458696027 0.003838182565708887 0.001258985047173747 0.00015116420738274327 0.0 1.0668643784222707e-05 0.0015253989866399226 1.9434068539339577e-06 0.0011484347863185249 1.8867517974490693e-05 3.0283126631083627e-07 1.3950769460811854e-06 2.3620423331272135e-07 1.3034959859320958e-06 0.005405393886573795 7.912127788033515e-06 1.5800899754339099e-06 3.3806227315102825e-05 0.00040769657702803395 6.807051617996189e-07 7.503994891360394e-06 3.9765886580473994e-06 0.0046715149872852005 0.0005401093188365635 0.00012342776731923195 5.711287902833867e-08 1.825909545763005e-05 6.871760910901269e-05 0.00032204122969209 3.640456091563341e-05 0.0007647495424623141 1.3481506373792957e-05 0.0007097072842931916 0.00020327347414114355 0.0005279663260409845 2.7424645153574756e-05 6.98612824747974e-07 3.5400118662299747e-05 5.244342867586482e-06 0.0 3.326920098387659e-07 3.776808507642258e-05 0.0 2.752439163370282e-06 3.941329083384458e-05 1.369427322049884e-05 9.772252039659846e-05 1.220566309929733e-05 6.061960700033708e-07 2.9695064240956667e-05 4.2968122280421136e-07 1.4605772570400914e-05 1.9485452178040486e-06 2.93071810744524e-06 0.0 0.0 0.0 0.00010018548991099692 0.0 5.165257228807731e-08 1.1065205327630764e-06 0.0002501976067782215 0.0 3.220293652276407e-07 4.0444314643854423e-07 0.00014427362896388826 1.3912775670749648e-05 6.478439026581245e-06 0.0 0.0 1.4021047648413307e-06 1.0314587999089985e-05 3.539468202918273e-06 1.828282662154308e-05 7.56769998922226e-07 1.6035660878287088e-05 6.624948419642839e-06 1.2988403939398706e-05 1.0525374232994452e-06 0.0 0.0
2.664517824585008e-06 0.00016459354102189386 3.5401765057181244e-05 9.343363897258056e-07 3.479655388352899e-05 2.0829330207170763e-05 3.865656220021851e-06 5.872145192226853e-05 3.6397077666671715e-06 1.0668643784222707e-05 0.0 8.610543690482222e-06 0.0014981303562554692 0.00014173526437168612 2.7381200790040935e-06 1.202636109271338e-06 0.00019205628405584912 0.000259153560150979 0.00048044735270370197 1.4160083118220394e-06 8.25660939810353e-06 1.1603166390090508e-05 2.6455431236852593e-05 4.888394976223079e-06 0.0005836608898939488 0.0038338694848109364 0.0013000648252391883 4.613826532077134e-06 0.00026656885906070583 9.599024908302733e-06 0.0004614400711837386 9.024193488404663e-05 2.8093009144262775e-06 0.0021183802683526114 3.846504745258644e-06 0.0001269996023478975 0.0019493397283352235 0.0025929184088841037 0.0006561726190421817 4.7645646017691593e-05 0.00015626488812101107 0.0006552334699214206 5.742755056397221e-06 3.452201946857307e-07 1.279841293256308e-05 1.876388452382686e-06 1.8033596807499457e-07 0.0 0.0 5.41487021196928e-08 0.0 1.1839151771668432e-06 0.0 5.589598543783369e-05 0.0 0.00019821056038279883 1.2755708437682666e-07 0.0 1.408247653747937e-07 9.547483293524286e-07 1.9051606768412883e-05 1.0523045505742333e-05 0.0 5.1630003024892105e-08 9.476101929103105e-07 0.0 2.4985354345986353e-06 2.7751756779428348e-05 0.00030498570110452743 0.00015385984013138496 1.6287422797129605e-06 3.059130838604421e-07 2.8293134219183354e-07 2.579500649941975e-05 0.0 0.0 6.780774115310121e-07 2.7706618318793656e-06 6.470490982269369e-06 0.0001873045482777274 2.6847977844193814e-06 1.6155972199321881e-06 9.284059674245872e-08 2.3267401928339044e-07 5.919136849244261e-05 0.0
2.5373112299094947e-06 3.112601060466573e-07 3.022524764608563e-07 0.001051686380966695 3.295987129045469e-05 0.002291898005552373 3.533052599744242e-05 0.0008176327945014144 0.00042698509808945605 0.0015253989866399226 8.610543690482222e-06 0.0 1.8065278355915933e-06 0.00013447859324340175 0.00030287981872092703 1.6237874039525642e-07 3.953840939917306e-07 1.220052384580386e-07 3.9032154969879776e-07 0.002632313701550063 1.33120600576753e-06 2.046625082743752e-06 9.819468902426552e-07 0.0005339607697296635 0.0 4.292917307866854e-06 1.2899290408866743e-06 0.00035221335104120775 6.741667767502984e-05 4.506191288107697e-06 5.449208798107922e-08 2.2073747596986806e-05 3.429828869731326e-06 9.024717339409192e-05 5.6223897663379374e-06 0.0006583561332621861 5.228721151084961e-06 0.0003315452612684448 8.559479755692918e-05 0.000900592933049039 2.963796393059761e-05 1.149386470184557e-06 1.0985806703569019e-05 1.177098852123459e-06 0.0 0.0 2.600300779142431e-05 0.0 4.943702901435682e-06 1.3015462233413827e-05 4.447677011218899e-06 7.108587845961838e-05 1.3741479003729398e-05 0.0 6.844934764327263e-05 0.0 3.76445227823062e-06 7.982295898983956e-06 2.047857075276505e-06 1.3579917770252898e-07 0.0 3.9492767775440767e-07 0.00010408724708737504 1.785609616994342e-06 0.0 6.891436208621762e-07 0.00011091788675386133 0.0 0.0 2.767259254702514e-07 4.573858473586776e-05 4.769859637081901e-06 9.290011912040706e-07 0.0 1.5576991671935894e-07 9.914666799546559e-08 3.834906804086836e-06 8.71872084218145e-07 9.618643956845803e-06 3.560174967240194e-07 4.595002101275815e-06 3.8802187325166124e-07 3.7709167085812784e-05 4.895170900094171e-07 0.0 0.0
1.0676363655474977e-07 0.00035601122523851885 1.340236706837402e-05 1.5581066409976589e-07 2.0344044972332865e-06 3.0831549647007394e-06 4.120239647353012e-07 1.5096963944765794e-05 7.61092056646005e-06 1.9434068539339577e-06 0.0014981303562554692 1.8065278355915933e-06 0.0 1.5730789521497178e-05 1.548216921341337e-07 8.88637299828827e-07 5.073325029570142e-06 0.000148193526617216 2.268782988466807e-05 2.8081998981204795e-07 6.801961964293148e-07 2.19388974589924e-05 4.822524044218337e-06 8.416600928369544e-06 0.0018193769176418967 0.0013380365642898465 0.0022198368050262616 1.8728294986974386e-06 1.9269449214525293e-05 8.145745053517085e-07 0.0014927967297289303 1.2331443535658602e-05 6.608881085091276e-08 0.0003406265714656408 3.968550200828964e-06 0.0004886300849756728 0.0024788176161978552 0.002370187656551835 0.0001883574048654673 2.549421855778532e-05 0.00015119041552986444 0.0010670655232159433 7.129124912212989e-06 0.0 1.701676668001774e-05 1.2265215242378824e-06 4.782172252597588e-08 0.0 0.0 0.0 0.0 5.546306895716688e-07 0.0 0.00011944223742467397 1.2161557465116948e-07 0.0003474050392213724 0.0 0.0 3.1240736523888876e-07 8.488103728573804e-07 3.703764251303782e-05 9.585510871745556e-06 1.6920198960093824e-07 0.0 3.6058784877245673e-06 1.213941329290824e-07 1.0271553287403689e-06 8.114434883860161e-05 0.0006152207374327169 0.0003012418098808262 2.177987975956498e-07 0.0 0.0 4.9084659363538324e-05 0.0 0.0 6.853029589485659e-07 3.3078582266669644e-05 6.196579912394866e-05 0.00033771569348910543 4.2753848293378794e-06 5.7982061715331855e-06 1.0997464845511386e-06 1.1245468705943543e-06 9.263041510186472e-05 0.0
0.002468032293402962 1.1746607976075195e-06 3.8706131195658854e-05 3.640006011372759e-05 3.767647528020518e-05 0.0007603535323581523 0.001376002831188188 0.003595118849143402 5.1597858267547446e-05 0.0011484347863185249 0.00014173526437168612 0.00013447859324340175 1.5730789521497178e-05 0.0 1.9559742453160987e-05 2.037220098272074e-06 3.928806956960384e-05 2.6265170314776417e-06 2.3265208090780296e-05 4.044925163292595e-05 5.4227036670922274e-05 3.370856607712735e-06 7.02832337118135e-05 7.651708788030422e-05 1.7615779926437889e-06 8.916311281477979e-05 4.49287309972815e-05 0.0004506879022310941 0.003975591741631008 0.0011116216839894074 2.3794236940052328e-06 0.0002338967451965935 0.00038310664684853304 0.0009943307048244706 2.081113903483537e-05 0.00022435805811343873 0.00010802823753145517 0.0013562293869094832 0.0002801085299228673 0.00019110178852415626 0.00013016471356006466 1.4561332209944394e-05 9.164337275126394e-06 2.447131200897266e-06 9.038581467747475e-08 4.257859388913115e-07 2.1305737885879283e-06 0.0 7.349905109475408e-07 1.3178643392189372e-05 5.489628924198738e-06 3.869674118578374e-05 5.852702129156865e-07 0.0 7.869472424028738e-07 1.1324716795211037e-07 9.724371714617735e-06 5.718392619236946e-08 1.0806453797818604e-05 4.737037670370255e-08 1.519389354858215e-07 1.946250944832933e-07 3.342921793633595e-06 2.4973435408538717e-06 4.069258580762794e-06 5.696194587563277e-07 7.829984792404065e-05 0.0 1.5702924654604388e-06 1.5004922773237264e-06 5.0167902085341236e-05 1.0520480936263502e-05 2.9810370291038444e-06 0.0 0.0 4.2840698411668056e-07 2.3685448818677958e-06 8.208003220577812e-07 1.2250598966831486e-05 5.405945426917703e-07 4.7623004085861315e-06 7.721507764876968e-07 2.919439817158234e-06 4.864320864686781e-08 0.0 8.339147468027677e-07
4.551646686933231e-07 5.828406383073708e-07 0.0 2.9604818438976188e-05 0.0004403122755742633 0.0006540709761434783 1.9000144557999415e-05 0.000315618986855567 0.0003296142326430379 1.8867517974490693e-05 2.7381200790040935e-06 0.00030287981872092703 1.548216921341337e-07 1.9559742453160987e-05 0.0 0.0 0.0 0.0 7.917962770836936e-08 3.575799205802097e-05 1.3041295073408952e-07 2.182565565945727e-06 2.0996523861026803e-07 0.00037890258258245957 0.0 5.369095100905607e-07 1.0193238776803452e-06 3.784269608487604e-05 4.034696380117465e-05 1.4116330256961931e-06 0.0 0.0001967347562280591 1.6648105237847335e-07 0.00014579342730447204 1.1492370222208403e-06 0.00013304101485130828 7.56952305980188e-07 1.357605793980392e-05 2.4016028157040196e-06 0.0007505465906676842 8.486882510563468e-05 1.4734852264919841e-07 2.4981190820902515e-07 1.0580141902634976e-07 0.0 8.44471009110238e-08 3.1418405839297344e-06 0.0 5.636515101248848e-07 6.577791596375061e-07 4.192735933375542e-07 1.6361601343441383e-05 4.2410757015656703e-07 0.0 1.3580957034425196e-05 0.0 1.610732115059505e-07 2.3764783262767015e-06 6.536804937954485e-08 0.0 0.0 0.0 1.5841728927508837e-05 5.104553974420934e-07 0.0 0.0 1.6598101080718488e-05 0.0 2.3130075192786044e-07 0.0 6.158705130714788e-06 2.957134071465353e-07 2.1025529089243817e-07 0.0 0.0 0.0 1.393608440817395e-07 2.3043551526837214e-05 2.717545969361127e-06 0.0 2.444688704837979e-06 5.183777785296572e-06 4.004044061535054e-06 9.34745572658544e-07 0.0 0.0
4.8538379064696595e-06 0.00016529910772148393 7.539272056463237e-06 4.993991580281618e-08 0.0 3.445980718504352e-07 1.150652272788276e-06 3.553414756396898e-06 1.6864469226308244e-06 3.0283126631083627e-07 1.202636109271338e-06 1.6237874039525642e-07 8.88637299828827e-07 2.037220098272074e-06 0.0 0.0 1.326793767403397e-06 0.0 5.763837298758063e-07 9.911469414222305e-08 0.001776350818631847 0.000760009030865219 0.002607023914405321 0.0013723663900221733 2.919950290067672e-06 3.981455511490182e-06 0.001484229124061658 0.0020228295989833806 1.602030028158705e-05 4.4552151939863085e-05 2.5226326763429115e-07 6.922812085949464e-08 1.2081525968238816e-05 3.2821754415953525e-05 6.885541578542529e-05 0.0010195401431046702 0.0005956494331579697 0.00023884836028569803 0.00026670079150132664 3.3280307335819554e-05 2.8295045287977484e-06 1.6007126769196334e-07 5.948550836179509e-06 8.745636682513251e-07 8.757996605834007e-06 2.0131020051580434e-06 1.7337244060002095e-06 0.0 4.4160042319472126e-07 5.139374530461682e-06 4.393011963798959e-06 9.764639655947776e-06 1.0536194945713118e-06 0.0 2.3698470648090547e-06 6.795182683518054e-08 4.912668508015928e-06 0.0 0.0020260806322591612 1.1305246313773066e-07 0.0 0.0 1.8117560636941164e-05 7.662473935661359e-05 0.0006888536684676211 0.0002695377288466433 0.0001349799837729771 6.687873944477619e-08 1.0128300082457315e-06 0.0001641357474109242 0.00010228454457536282 1.649284105230095e-05 1.2238831506390062e-05 0.0 0.0 7.038242692069732e-07 4.257014049491346e-06 7.723922553331113e-06 2.5040178132018156e-05 5.960571199457662e-07 5.590280607075779e-06 1.490301571344138e-06 1.0717302786971425e-05 5.343100700045126e-07 0.0 1.4610061812854261e-06
9.1267332689483e-05 8.408828053531366e-05 0.00234743844686077 1.2089765296281985e-07 4.928350083462274e-07 8.034570738725908e-06 1.7853814110668717e-05 6.546158673545684e-05 1.1593927173570142e-06 1.3950769460811854e-06 0.00019205628405584912 3.953840939917306e-07 5.073325029570142e-06 3.928806956960384e-05 0.0 1.326793767403397e-06 0.0 7.322258056131304e-05 0.0019873452715274856 9.064719742182785e-08 0.0005233175940880547 3.662357315075981e-06 0.0040291199657370115 3.1841105218902592e-06 7.347280019312187e-07 0.0012466010631603092 0.0018061511207395193 5.642317849885585e-05 0.00018886948732272507 0.00027392525521298004 1.149430955736129e-06 2.395070512786273e-06 3.2157506909869525e-05 0.0015510604287613155 5.732844581783531e-06 0.00039111083770685393 0.0006826285671195433 0.0006292434416825777 0.0001773219947209417 8.486309721946308e-06 1.938378202977233e-06 6.379237578820768e-06 1.8490930583974416e-06 0.0 1.6590121820705319e-06 9.676047067833943e-06 0.0 0.0 0.0 1.239688739146816e-07 0.0 9.808687674962508e-08 0.0 6.13443134912621e-08 4.399275280540969e-08 3.125846632351381e-07 0.0 0.0 5.071499951859932e-07 7.495069689982604e-07 7.021742588609805e-08 4.0863027064514423e-07 0.0 7.01630317706311e-08 0.0 1.4640713808455174e-06 6.275209122227386e-07 2.1304511038262068e-07 1.2030993786763832e-05 3.031352320397862e-05 3.240050171735369e-07 9.744275436070051e-08 0.0 6.795657733640245e-08 0.0 0.0 1.5135100398865625e-07 1.6051743266318082e-06 3.511198776504911e-06 1.1009462394113005e-05 3.168436760229595e-07 1.2657728911742936e-07 0.0 0.0 2.489114691084159e-07 0.0
1.1284692332406956e-06 7.269458246124661e-06 3.931914926588926e-05 0.0 1.252054416534085e-07 3.329445314083306e-07 2.6991657279535804e-07 1.0353984168666041e-06 9.228526183490473e-07 2.3620423331272135e-07 0.000259153560150979 1.220052384580386e-07 0.000148193526617216 2.6265170314776417e-06 0.0 0.0 7.322258056131304e-05 0.0 0.0003278506042218778 0.0 2.610975205785415e-06 2.0092518334772273e-06 1.4268169322362564e-05 1.4502502620728185e-06 1.7245290943659032e-05 0.0028703121307828536 0.0007097541545043468 1.028409526798668e-06 6.5036271218893155e-06 2.0239443799869843e-06 0.0002572090712871265 7.094624348882776e-07 1.0465651448753756e-06 0.0001504772648259864 7.894542493046307e-07 5.399519040456489e-05 0.00028703961235535403 0.00017219674489871043 0.00014219895147463062 1.002729732702226e-06 8.524684297111067e-07 2.0249994860290834e-05 1.338387457665439e-07 0.0 4.736006710810336e-06 1.4000985019627452e-06 0.0 0.0 0.0 2.2894409576034833e-07 0.0 1.4350112939806316e-07 0.0 3.3301144905455565e-06 0.0 1.6677384145770344e-06 0.0 0.0 6.226495536920813e-08 1.0281735881595673e-06 1.9931358895533807e-06 1.1292753687567168e-05 0.0 6.059125825282397e-08 6.091190393815838e-08 0.0 5.645048649218705e-08 2.3195765684627217e-06 8.422595654664835e-05 6.970614465521291e-05 0.0 0.0 0.0 9.120332992276045e-07 0.0 0.0 3.4393520601711385e-07 7.673283998317228e-07 1.0217157068393765e-06 1.1598433821572488e-05 7.843771116822982e-07 1.9638577310175512e-07 0.0 0.0 9.877982894460572e-07 0.0
2.345816711787288e-05 8.472916682934083e-06 0.0002377869707196978 4.758111226851557e-08 1.1136485064631894e-06 2.6712342751608205e-06 2.5343704592988433e-06 1.848119300306387e-05 8.778012969821523e-07 1.3034959859320958e-06 0.00048044735270370197 3.9032154969879776e-07 2.268782988466807e-05 2.3265208090780296e-05 7.917962770836936e-08 5.763837298758063e-07 0.0019873452715274856 0.0003278506042218778 0.0 4.965017028733013e-08 9.406678425036623e-05 1.4776275496155657e-06 0.0003705527764884643 2.1661272452959715e-06 9.15446169741421e-06 0.004139110716966994 0.0004657173458667632 9.188021836797733e-06 7.955745114073864e-05 7.098761322433625e-05 1.4952074030000373e-05 3.5674063826661757e-06 1.8304945546853695e-05 0.001496255849720281 3.424343701742511e-06 0.00034855376473205945 0.000647771639409605 0.0008822634522764988 0.0005336466900389935 6.738550727002716e-06 3.188261241656222e-06 3.1756545184028014e-05 3.3842269635198603e-06 0.0 7.628643665424124e-06 1.307643414529777e-05 0.0 0.0 0.0 5.206767581781828e-08 4.416446764800891e-08 1.306147155645841e-07 0.0 1.945015726867616e-06 0.0 1.8075819998599715e-06 0.0 0.0 5.2468786404384424e-08 4.90397381988931e-06 2.0936198937609094e-06 1.3868780170191227e-05 0.0 0.0 1.0982710507426694e-07 6.467248572360652e-07 6.454418844628012e-07 1.017339206793937e-06 0.00012077977215422292 0.00011639542821614338 3.3174389481307076e-07 1.365168495951502e-07 1.855773792566467e-07 7.783496152550961e-07 0.0 0.0 1.1635455625778595e-06 3.799514299093163e-06 2.9191693409728894e-06 3.803325351448189e-05 3.4379702384075044e-06 1.2035830585836336e-06 3.616006459917263e-07 1.5212333732199756e-07 3.4155764370008232e-06 1.4065773091531713e-07
9.272202265430293e-07 0.0 7.904329577334897e-07 0.004402715720755158 4.373584929288214e-07 0.0008300303275973113 3.5696484132709947e-05 8.428878739890205e-05 0.00015872631342889293 0.005405393886573795 1.4160083118220394e-06 0.002632313701550063 2.8081998981204795e-07 4.044925163292595e-05 3.575799205802097e-05 9.911469414222305e-08 9.064719742182785e-08 0.0 4.965017028733013e-08 0.0 6.155506264145689e-07 7.771159135936748e-08 9.080920660478121e-07 0.00029247808087935024 0.0 4.953571782869392e-07 5.038120493670943e-07 0.001782254655388423 3.341621353565339e-05 2.433976670790719e-06 0.0 2.639050001884878e-06 4.306617512359836e-06 3.4028854475687174e-05 8.683562378255817e-06 0.000188816789903111 1.7862230145086664e-06 8.606142215246313e-05 3.171079443023906e-05 0.0001736597711166985 3.5814668451881678e-06 3.1841002232944365e-07 4.387787643903992e-06 5.697350835019352e-07 0.0 1.0980418960296685e-07 2.1727998558449643e-05 1.2737605697417533e-07 3.2295821179967123e-06 2.0473276481301353e-05 7.746037613381504e-06 6.225991096797338e-05 4.877359246353168e-06 0.0 4.222450853169008e-05 0.0 7.880684053915299e-06 3.2292197038361515e-06 1.2768209837415727e-06 0.0 0.0 4.938904172108668e-08 7.521489311976303e-05 1.1433279333513087e-07 0.0 5.498206799954443e-07 0.00013758891541743753 0.0 0.0 0.0 6.476431370981918e-05 7.14661680550966e-06 3.009673799856619e-06 0.0 0.0 1.1820726444323088e-06 3.494228360276873e-06 9.928463412043586e-08 9.35265906363922e-06 6.073503453879053e-07 1.2819291534434277e-05 7.549728632745528e-07 2.142418218543339e-05 0.0 0.0 5.392153700775719e-07
2.7000399871471322e-05 6.87136358362439e-06 0.00013453777964171287 1.0020131826991923e-06 9.716286350582112e-07 8.678131468528649e-06 0.00020020802229174858 3.247418251280866e-05 2.3810651236488338e-06 7.912127788033515e-06 8.25660939810353e-06 1.33120600576753e-06 6.801961964293148e-07 5.4227036670922274e-05 1.3041295073408952e-07 0.001776350818631847 0.0005233175940880547 2.610975205785415e-06 9.406678425036623e-05 6.155506264145689e-07 0.0 2.4667669432450428e-05 0.006617724679861118 0.00016155644155738843 4.827737579073169e-07 5.983186211634944e-05 0.00027480433235260124 0.0020014196673396804 0.0002693923431136511 0.004983536275485879 5.487021297824606e-08 4.723177785053452e-06 0.00018943775389658078 0.0027974299443408405 0.00031953434052738695 0.002312210451728794 0.0002573482008422756 0.003682490501408707 0.0014779310215421845 9.169003887054391e-05 2.5576920844297824e-05 1.2408331673207915e-06 1.2933478390093032e-05 9.327063718028522e-07 5.098643413071318e-07 5.56560208190662e-07 1.2237311832443366e-06 0.0 6.707058650837475e-07 1.879372428889598e-06 2.922434302615267e-06 5.256237417082737e-06 6.914078964339712e-07 1.8529372086864884e-07 1.7206087278941992e-06 0.0 3.849132824205841e-06 0.0 0.00022821372136928552 5.415487251242382e-08 0.0 7.607383415121283e-08 5.096966477375227e-06 3.6267619115297966e-05 6.570596474515473e-05 1.8886245480166984e-05 5.901170009687832e-05 0.0 1.0594685974069639e-06 3.6232915244539074e-06 6.0974000018468e-05 9.956783910727463e-06 3.336549469541591e-06 0.0 0.0 4.417925643160984e-07 1.4075605533465742e-06 2.7210946213828853e-05 3.215244633764813e-05 1.433796879178876e-06 3.5652455181435813e-06 6.255462660333282e-06 3.7136950790104843e-06 1.6897741009391125e-07 1.8038808335223709e-07 4.150764466251474e-08
2.9825301151437914e-06 0.0015158343064925336 1.4330473123158734e-06 5.509010728153108e-07 0.0 5.390021058788058e-07 1.1968107856743201e-05 3.98682954667412e-06 0.0009420270458644709 1.5800899754339099e-06 1.1603166390090508e-05 2.046625082743752e-06 2.19388974589924e-05 3.370856607712735e-06 2.182565565945727e-06 0.000760009030865219 3.662357315075981e-06 2.0092518334772273e-06 1.4776275496155657e-06 7.771159135936748e-08 2.4667669432450428e-05 0.0 0.00010400814926119414 0.003674881067922234 0.0001418158085721057 5.53188719757522e-05 0.0017608256204038432 0.0003173875380975602 8.036188429010544e-06 1.3246052369082801e-05 6.028634110891529e-06 0.0 3.599878008677469e-06 7.28611644398642e-06 5.637815222279752e-07 1.4471022398904091e-05 1.3254081290239743e-05 7.177213214987425e-06 6.9964665126167445e-06 1.283415516910612e-05 1.3601986127266832e-07 1.6468242233881075e-06 0.0 4.2997287027313865e-07 2.7474085828511146e-05 1.4342290485774899e-05 0.0 0.0 5.397294233924505e-08 2.0997989811362357e-06 8.841911900403904e-07 0.00019843598261296604 0.0 1.3456574336636082e-07 1.5981070094698982e-06 4.678478715105113e-07 1.7403016633843157e-06 0.0 0.0008847533828442558 3.058992355358469e-07 0.0 4.2565716261971973e-07 1.1182228491079485e-07 1.8959288214066226e-05 0.000194743923292974 0.00010789077065173374 9.249730962488548e-05 1.4297624897218934e-06 7.654632741691453e-06 0.00045278101715840753 3.783341980655785e-05 4.5168564087642e-06 1.9392252515276704e-06 7.398241284112948e-08 0.0 4.1757390431826683e-07 1.0305228205733252e-06 1.2614490235270791e-06 9.588485513780506e-06 5.781455014601397e-06 2.883155317912526e-06 3.851055059307278e-06 3.880133591614639e-06 1.0094216463256946e-07 1.307041336706095e-07 1.8446804519132877e-07
0.00012068682385608008 7.399902837651023e-06 0.0057472265302730115 4.4345733802788105e-06 5.225064549181794e-07 7.59777119222499e-05 0.0008607994719607211 0.00016370374201416202 3.5952485356772015e-06 3.3806227315102825e-05 2.6455431236852593e-05 9.819468902426552e-07 4.822524044218337e-06 7.02832337118135e-05 2.0996523861026803e-07 0.002607023914405321 0.0040291199657370115 1.4268169322362564e-05 0.0003705527764884643 9.080920660478121e-07 0.006617724679861118 0.00010400814926119414 0.0 0.00012449112540266152 7.910690647471976e-08 0.0010553749729773575 0.006792945207460664 0.0019929900039616063 0.00012829835838538164 0.0010772457032593023 1.4476635790984466e-07 5.357056953924539e-06 2.6418217076788423e-05 0.0010789765558164013 0.00047811956127841274 0.00550762675211167 0.003423401544362469 0.003977188858042649 0.0033121055586471677 0.00020105333725106575 5.8599191559106494e-05 1.0384715121629056e-05 4.354654382193779e-05 4.423291299232066e-07 6.7046186724561875e-06 2.0030290493789455e-06 8.921948774463768e-08 0.0 2.823230238573212e-07 2.9961919212126904e-06 5.695238001394721e-07 2.9244312003452252e-06 3.3773599036493125e-07 0.0 8.689238898537393e-07 0.0 1.721988446114857e-06 0.0 0.0006050295893716602 6.158539704589214e-08 0.0 0.0 1.7527373405465085e-06 1.7019780452334436e-05 0.00017983549394953456 8.566971236081227e-05 3.702142379789243e-05 0.0 6.680979713843626e-07 0.00011366212290159912 2.4594555129883785e-05 3.422335260820469e-06 2.39404391807803e-06 0.0 0.0 3.126376462238583e-07 1.863470551140278e-06 6.186080646899053e-05 3.565282560658921e-05 3.9408463995924545e-06 4.321694862615711e-06 7.455936835781012e-06 1.0394671904864895e-06 0.0 1.0584696423769562e-06 4.236344044582939e-07
