0.0 1.9494372515799567e-06 2.9232521606298285e-05 9.700483039608147e-07 0.0 1.6207132695004696e-05 0.0007359541735007067 0.0005989298484854627 7.875578450271122e-06 2.6060666279196394e-05 1.1506715333951432e-05 2.8911221824975674e-06 7.906307991504606e-08 0.0020236336733237487 8.121389554783201e-08 1.4970675010598429e-06 0.00017661561579605459 4.941928766930461e-06 3.63611407478473e-05 2.6899711595851115e-06 1.2483258932776752e-05 7.032330178320581e-07 2.1819358385406213e-05 6.728692404778346e-05 1.8071603563735024e-07 7.521416234436668e-05 5.046952637848467e-05 0.00016342002097392564 0.0024098185851645516 0.000990258619687681 1.1578982437871729e-07 2.4759800632024636e-06 0.00018268584760261868 0.00024125234973055809 2.4759077519355366e-07 2.659108863128474e-06 1.044821438903243e-06 5.39831955416725e-05 3.913537345508144e-06 2.711445332492503e-07 2.351820728771945e-06 9.003915505269558e-08 9.248897473951597e-08 7.296930957188938e-07 1.3524897478023623e-06 1.588647441929059e-07 0.0 0.0 0.0 3.29819983326926e-06 1.8737517818553233e-07 1.4774770787159098e-06 0.0 0.0 0.0 0.0 7.488599791210955e-07 0.0 1.5785138606665646e-06 8.336777783425881e-08 0.0 0.0 8.45323714986808e-08 4.916578961411003e-07 2.713374715501024e-07 1.6342178085510786e-07 1.032049663429987e-05 0.0 2.973016561034632e-06 3.0252564148368204e-06 1.77498274182321e-05 1.7833470934015512e-06 5.453379681545694e-06 0.0 0.0 4.2007719555526104e-07 6.870856010026192e-07 2.8581556931267773e-07 6.6989676350409136e-06 0.0 2.435770995104268e-06 6.09409564270089e-07 0.0 0.0 0.0 0.0
1.9494372515799567e-06 0.0 0.00010525389913284437 2.782768082785115e-07 2.1678765556889161e-07 9.860039537807226e-07 3.4178324941030513e-06 1.9939286139888216e-06 0.00023600252981123058 5.443595634909639e-07 3.434585406786532e-05 5.369760246447033e-06 0.0009901194065285348 3.590472923301337e-06 3.687950284028277e-06 6.76753401102289e-05 0.00014699652756436262 8.692845255264857e-06 0.00026861718902158166 3.243909096280187e-07 2.7196036108026365e-06 0.0014505924496786796 1.1266432900168913e-05 0.0003950511284776005 0.0008049428336466414 0.0004738266838134634 0.001427808488173591 1.0703266960772248e-05 2.372165681012814e-06 3.776507276395076e-06 1.794256299517676e-05 1.1885135628206409e-07 6.448998350505792e-07 2.8711808838662266e-05 2.2335235050898705e-06 0.0001291652241954458 0.0005792972503155821 0.00020121739179791045 6.012785225826927e-05 1.855331538105794e-06 1.5512520498425504e-07 0.00023865605849343163 3.448278348578554e-07 1.0853966952608443e-07 0.00014307429960461106 7.509029119019355e-05 1.873102354058255e-07 0.0 0.0 1.2428796777302824e-06 0.0 4.184455601246301e-07 0.0 9.967067560050427e-06 0.0 1.4041873954122367e-05 8.608401731536935e-07 0.0 2.3229436007350247e-06 4.208492852387217e-05 4.598118384926833e-06 4.448123545604712e-05 0.0 7.494148357920829e-07 5.856305743470055e-06 5.207019145571062e-06 1.8331982210074205e-06 3.070833744253339e-05 0.00027567820236209644 0.0006916532150856336 1.1592802610651103e-06 4.114667615268009e-07 2.102492896604805e-06 1.949779604060977e-06 0.0 6.716158347670366e-08 5.662769056502238e-06 1.4918051819767077e-07 1.3888629305270697e-05 1.4509562166659626e-05 2.344095141980408e-05 7.031379590228637e-06 0.0 0.0 1.1300769550155042e-06 0.0
2.9232521606298285e-05 0.00010525389913284437 0.0 2.467000321020442e-06 7.762276427362335e-08 0.00011599207371617754 0.0016559597346028833 0.0002262536515644528 1.7780064202530828e-06 4.5745121642004564e-05 6.209996755727271e-06 4.389971068583451e-07 4.825212749263589e-06 0.00020818489677287673 6.233692271977136e-08 1.1840376694943332e-05 0.004199404356253246 7.253383935097628e-06 0.00017495210333137894 1.503854623157016e-06 0.00017940855180555818 4.890593300698863e-05 0.003710964788717081 6.140754833216575e-05 1.971091111224116e-06 0.005107144694413886 0.006622068144835181 0.0014310970643951913 5.183859734150537e-05 0.0003414565347119365 8.506681735358646e-07 1.120333610752859e-06 6.424476956745378e-06 0.000299424765856941 1.4614012666517697e-05 0.0003177042031610365 0.001139779239911116 0.0009389661316112625 0.00037245596076018126 4.860088310386581e-06 3.4608788344090045e-06 5.784485279550775e-06 2.748541725849029e-06 5.026211829071433e-07 0.00014743269367074584 0.0003570283099545068 0.0 0.0 0.0 1.011045844913623e-05 9.848233506935606e-07 6.872461637465442e-07 0.0 1.3017413737761253e-06 0.0 7.538022588228777e-08 2.1842816832292674e-06 0.0 1.4066238863362272e-05 0.00013132348315031948 0.0 1.7652946159602804e-05 0.0 6.812309189031785e-06 7.714284134823903e-05 0.00015317539713610102 8.653586077807857e-06 2.9064320089032456e-07 7.69479967707618e-05 0.0009485740438454601 1.324412701181857e-05 1.2929218216544263e-06 1.0747030488078193e-05 0.0 0.0 2.431289006271443e-07 1.147223409337576e-05 3.748539762550064e-06 9.558586674590916e-05 5.336114944774358e-05 0.00012928467192535218 6.108510698902535e-05 9.423970600687208e-07 3.856566118978702e-07 1.9215698991150577e-06 1.190213788006229e-06
9.700483039608147e-07 2.782768082785115e-07 2.467000321020442e-06 0.0 0.0 4.9600146474705906e-05 0.00023504707655847072 2.6385701015719346e-05 0.0003931658801360128 0.0012341354865826964 1.3645412760108418e-06 0.001231139782428214 1.537197831760999e-07 1.5050873274117627e-05 1.230299339175367e-05 0.0 1.589964505779187e-07 6.650574073003197e-07 7.37025352769088e-07 0.0005607165095155987 1.1452914329835888e-06 1.4022413795345502e-06 1.4863560099835398e-06 0.0005441988352009828 0.0 1.46338766865421e-06 2.351327679014355e-06 0.002162762046824939 1.5841823085107513e-05 1.2097041448029741e-06 5.2547088839779456e-08 7.273106625513999e-07 5.159390261072364e-07 1.405946994419704e-05 2.136602864451928e-06 2.306989313339885e-05 6.254461183759801e-07 2.446757756678008e-05 3.2772762790878936e-06 0.00011533227946383639 5.355134619218506e-06 7.568921253280938e-08 2.1979280789689965e-06 0.0 0.0 0.0 1.683568776661038e-05 0.0 3.4431295223003886e-06 9.759026043257655e-06 1.4142574016438449e-06 4.087782357566782e-05 2.2882083911918055e-05 0.0 3.539598572634268e-05 0.0 3.6228964286358955e-07 6.985655869628369e-06 0.0 0.0 0.0 0.0 6.268458328009703e-06 0.0 5.8736003709359e-07 0.0 0.0001339251624553005 0.0 0.0 1.0499064617487142e-07 5.492321315004255e-05 2.9716228894080493e-07 0.0 0.0 0.0 0.0 1.2927429974139946e-07 1.7409570542431013e-07 3.262785520730947e-07 0.0 6.799678393376375e-07 8.771585505995581e-07 2.0077631436053663e-05 0.0 0.0 0.0
0.0 2.1678765556889161e-07 7.762276427362335e-08 0.0 0.0 2.3862186474098667e-05 4.844691542220564e-07 1.0152844639005475e-06 0.00011496494586253626 1.1929484284739945e-06 3.9156951090280855e-05 7.505574412304564e-05 2.5730533710160165e-06 1.3557673882785138e-06 0.0012083133490905645 0.0 8.041681050757782e-08 3.222397601772062e-06 2.5599144638614358e-06 1.0558727322399165e-06 0.0 1.169689282129878e-06 1.7945836158125638e-07 1.8002255876812458e-06 8.871255582640299e-08 3.6531105857159186e-06 6.520871767440892e-07 1.5774778055765364e-06 7.265530287324633e-07 0.0 2.9218417837269797e-07 3.979670199789628e-06 0.0 0.00025343062513516154 4.296278677196268e-07 6.755374586652335e-06 3.882739400861501e-06 0.0001529790899990953 7.312379874439006e-05 0.0009099651699813516 2.4196591216423752e-05 2.926515821744062e-06 3.858305167147535e-07 0.0 0.0 0.0 0.0 0.0 0.0 0.0 0.0 0.0 0.0 0.0 0.0 0.0 4.3506052982921804e-07 0.0 0.0 0.0 0.0 0.0 0.0 0.0 0.0 0.0 2.4289700517695056e-06 0.0 0.0 2.7154752667639783e-07 1.2212134609626844e-07 0.0 0.0 0.0 0.0 0.0 8.596837465842105e-08 1.4960002150839512e-07 5.612368438869253e-07 2.985844974832128e-07 3.257872273081775e-07 0.0 0.0 0.0 0.0 0.0
1.6207132695004696e-05 9.860039537807226e-07 0.00011599207371617754 4.9600146474705906e-05 2.3862186474098667e-05 0.0 0.002735766133004256 0.0032387804374956405 0.00012671785210818277 0.005921609626799385 0.00013479735144309658 0.002267916685247455 7.45896337304269e-05 0.0007165313232460418 0.00024010458115485557 1.0624794435293226e-06 2.1333339676654883e-05 3.080142383441126e-05 3.189618679266605e-05 0.0003330917393632578 1.655907531005872e-05 1.2167439942988934e-06 3.186803061573352e-05 0.00017302931882978413 2.316065463978146e-06 5.855414683597484e-05 3.572485926368971e-05 0.0006980546452990678 0.00033728997466650625 3.508966260825756e-05 2.3041857801786346e-06 0.0004254430307352782 5.932217810148869e-06 0.00031363696158390663 1.558650761170661e-05 0.0006791610405282266 0.00020610169993181068 0.0004963582496721006 0.0003452813892896861 0.000537966434565186 0.00013331841598157061 4.02121350180391e-05 1.3329547802460293e-05 5.285422325279819e-07 5.52018892994489e-07 4.4208165463615273e-07 0.0 0.0 5.324222255381941e-07 8.807440937493543e-06 2.156497700086178e-06 3.907577394666024e-06 3.438454941230057e-07 0.0 6.731214126312537e-07 0.0 1.5676699497823529e-06 0.0 3.046718741729714e-07 1.7026792006271292e-07 0.0 0.0 0.0 0.0 1.7674714587510328e-06 8.752971610522303e-07 2.8506696657575104e-05 1.3908687264517623e-07 6.187747038891831e-07 2.8685629466064603e-06 2.2475757420918727e-05 3.1059021968255303e-06 7.849144247274379e-06 0.0 1.0682405783177784e-07 8.080583575331536e-07 1.3196603634047646e-06 2.3815812553713868e-06 7.1021107691913944e-06 1.4822443781424144e-06 4.950835724004975e-06 3.0281157871821867e-06 4.328446276673359e-07 1.878466761828132e-07 5.657200572515856e-07 1.5586849580855923e-07
0.0007359541735007067 3.4178324941030513e-06 0.0016559597346028833 0.00023504707655847072 4.844691542220564e-07 0.002735766133004256 0.0 0.002695334799919591 9.313466919457095e-05 0.0034269094142850343 3.789567672424804e-05 1.4241450106640856e-05 3.887605280424835e-06 0.004024295374184633 1.6711344347776587e-05 8.192154807675299e-06 0.0006481119284991281 1.4771992212618687e-05 6.923318143775435e-05 6.21625309864378e-05 0.0005301326681643988 2.83952163014657e-06 0.0008658557183521463 0.00044153174776775207 1.7884013538776884e-06 0.00048806838325874427 0.00026089699723780003 0.008602596187381784 0.0015193867248086113 0.003994478209460603 8.37338372516193e-07 1.504790088280787e-05 0.00013567663372854115 0.0006308663412466255 6.998443958527703e-05 0.0006580023601238152 3.5844670445293e-05 0.0008359354961902817 0.00018450174421100478 6.840834691687259e-05 0.00012329425202121686 3.31946170430064e-06 1.478690116989375e-05 3.7883728354860646e-06 4.359801830525594e-06 6.241670735773266e-06 1.1948567101369602e-05 0.0 1.8811977446725452e-06 7.727717524315617e-05 1.3052653384143324e-05 4.105925771936607e-05 1.65394464533873e-05 7.007208481785918e-07 6.265917546903692e-06 6.712484752163096e-08 1.87757870738261e-05 3.6113248157500544e-06 3.6084396483753646e-06 1.341666834977108e-06 0.0 7.765326576443662e-07 4.261767025638657e-06 7.17705498720343e-07 4.40257366806233e-06 6.346720494891495e-06 0.0004006550683733354 7.062648149080019e-08 4.277288600218995e-06 2.1911448434293893e-05 0.0003099001057451079 1.7084194901569043e-05 1.4559326879586254e-05 0.0 1.1605516445537128e-07 1.129330469760324e-06 6.3506574339561216e-06 5.406231601486228e-06 3.694151157782246e-05 1.973401754881726e-06 2.2287256812791314e-05 1.3362304140871864e-05 1.116789433353285e-05 9.206078577124011e-07 1.2063328436135415e-07 9.086519228478818e-08
0.0005989298484854627 1.9939286139888216e-06 0.0002262536515644528 2.6385701015719346e-05 1.0152844639005475e-06 0.0032387804374956405 0.002695334799919591 0.0 1.678459158295038e-05 0.0017780212720593278 0.00010353130545881916 0.0009415073771901847 1.5207537076733254e-05 0.0036342470051346767 6.0611479120930125e-05 1.6045271548029956e-06 0.00029440035117741197 2.7074078037278237e-05 7.375258038632965e-05 0.00019384061962938944 2.2619784273275454e-05 9.348021302916536e-07 7.61722811314063e-05 0.00010041622576058221 1.4193827488550725e-07 0.00022095601588642037 0.0001044329619347603 0.0003428733173005396 0.0005991589459948789 0.0007511901076783488 1.4347885998528799e-06 0.0001820381529227265 2.2919207229002816e-05 0.0003171438854560695 4.271159408429071e-06 0.00012429885997838322 2.459980009196166e-05 0.00026310543769630674 9.915169619761217e-05 0.00011054463770984865 3.5327987462855024e-05 1.1172555396836525e-05 3.2040817892919166e-06 1.7698693156956058e-07 2.2224847871627446e-06 1.5618888018844601e-06 1.5835833106615158e-07 0.0 1.0128623505775242e-07 4.9575323851437945e-06 5.540646970362817e-07 2.6200034070092798e-06 5.350268313731055e-07 8.633685758400605e-08 0.0 0.0 8.519178082742543e-07 0.0 6.061847809768299e-07 1.4698490599590197e-07 0.0 6.228927086199062e-07 0.0 0.0 1.5041949844427894e-06 8.348612830377956e-07 1.4342880554280497e-05 6.260483963733198e-08 2.3652453298519104e-06 5.968089283013882e-06 1.4130754121736827e-05 2.2196972682158794e-06 3.6566018431087928e-06 0.0 8.311139813621158e-08 4.0213164955794e-07 1.2474616948419337e-06 9.040278776740068e-08 3.959866064696047e-06 8.857984958452604e-07 2.6115551915047485e-06 2.087353258828091e-06 9.093704568328979e-08 8.785756640247193e-08 8.132798464656432e-08 4.851960576159674e-07
7.875578450271122e-06 0.00023600252981123058 1.7780064202530828e-06 0.0003931658801360128 0.00011496494586253626 0.00012671785210818277 9.313466919457095e-05 1.678459158295038e-05 0.0 0.00013264311494486414 5.568328018294982e-06 0.0004279125879586325 9.05099043019994e-05 1.1401578798118454e-05 0.0008136980083070653 1.4027077440814134e-05 2.031680893216836e-06 7.969472005618662e-08 1.7881982359904447e-06 0.0002661103668507257 2.7140487670360935e-06 0.0012825663041283715 9.406264083304224e-07 0.003655919142790552 6.630753069717376e-05 8.79136555508036e-06 0.00039000445235767476 0.0009355380649326203 4.582736777529753e-05 0.00027914145154407606 3.972172327470673e-06 5.04891848262341e-07 7.4579634155539625e-06 1.458560455014602e-05 1.3237319509252406e-05 0.00017114130616614176 1.2233920292785144e-05 4.1717569122218645e-05 2.0007931648311852e-05 0.0003144556407426235 6.223127352037523e-06 9.085496430276929e-06 2.805907656257495e-06 9.983261583626348e-06 1.6184791031800546e-06 1.2603672754412883e-06 1.504799985160046e-05 4.810061355981252e-07 1.2976954034616533e-06 8.135022150581544e-05 1.7169335923954663e-06 3.286713222591811e-05 3.1380689843847737e-05 2.096818543855144e-06 1.3964210008310701e-05 1.6970705147281735e-06 8.382840097726838e-06 5.394489640249879e-06 2.496628233484097e-05 7.032356638856336e-07 5.932545287230111e-08 4.645852115970929e-07 1.2414637600870798e-05 3.9590737180615925e-06 7.663907729912152e-06 5.601488579989585e-07 0.0005430681318287206 3.9305443783622325e-06 1.2101446568207593e-06 4.571503121588047e-06 0.0002848888050732446 4.1129081775793004e-05 0.00012806454918151583 2.865583596761447e-07 0.0 6.524033402159786e-06 1.2277799069833045e-05 5.217683854207187e-06 8.3500838556806e-05 1.1388816210893208e-06 2.9538461030642804e-05 1.1258291121094257e-05 2.7974221718603404e-05 1.452116241761827e-06 9.604729388457777e-08 7.360062760791656e-07
2.6060666279196394e-05 5.443595634909639e-07 4.5745121642004564e-05 0.0012341354865826964 1.1929484284739945e-06 0.005921609626799385 0.0034269094142850343 0.0017780212720593278 0.00013264311494486414 0.0 7.816795623658793e-05 0.0020193155434269825 7.934221165418394e-06 0.0009361968000793905 3.9592477043364625e-05 6.378988298341111e-08 1.1052024478012586e-05 2.3224644566012398e-05 3.7677461735737215e-05 0.0009825327397378978 9.444446497973729e-06 1.3735046520586761e-07 1.516470269756402e-05 0.00040064063381566565 5.087666024059168e-07 3.739708227585745e-05 1.732535309390023e-05 0.0030141207113422493 0.0005206211717629138 1.9030255394806817e-05 1.305809750361166e-06 3.0672052224319304e-05 3.2892568749587744e-06 0.0004242976062808689 1.8340077419670742e-05 0.00036311435590292713 1.3077736082001043e-05 0.0006437302730558717 6.988354146292259e-05 0.0001048306421209345 0.00010822365527670937 4.350647885379807e-06 1.2307902486642703e-05 0.0 1.3269235142670112e-07 3.8649974998325174e-07 7.12993872367549e-06 1.084758618341489e-06 1.0136837452367434e-07 4.268244048358554e-06 1.0128930171139324e-07 2.2591801293060954e-05 8.471169380412698e-06 6.522945325762945e-08 1.2297066817390157e-05 1.0087825299438707e-07 9.128790919297367e-07 4.785234835507624e-06 1.8307387701115097e-07 1.6072010158992962e-07 0.0 7.6561553040448e-08 2.7424271485803624e-06 0.0 0.0 0.0 6.932473742305402e-05 1.4447742683177184e-07 7.358369765667956e-07 6.612713731502703e-07 2.6764212404494804e-05 1.6085608318826464e-07 3.788307520022756e-07 0.0 0.0 0.0 1.1880486666471703e-07 5.207184750191719e-07 2.432604259944075e-06 0.0 2.524962603756973e-07 1.056822015939252e-06 1.1949492751604507e-05 6.854164150370421e-08 0.0 1.115728668275622e-07
1.1506715333951432e-05 3.434585406786532e-05 6.209996755727271e-06 1.3645412760108418e-06 3.9156951090280855e-05 0.00013479735144309658 3.789567672424804e-05 0.00010353130545881916 5.568328018294982e-06 7.816795623658793e-05 0.0 3.597778696656152e-05 0.0009051526843398341 0.00012068926662935276 3.894292693686268e-06 7.475537337435337e-07 0.00033172649616430253 0.0020836422981001346 0.0008000742923770203 1.1331604502283378e-05 1.1554606486549087e-05 1.7403037106061848e-05 2.2903289113745704e-05 1.2223305241576987e-05 0.00015456054414704132 0.0003074871343162397 0.0001637148343978434 2.221328052596885e-05 0.0002677439631188613 8.2449749511423e-06 0.00012337911601190886 0.0002323663442733003 8.34820679159337e-06 0.001740696640593786 1.827513153604197e-05 0.00028042591999654417 0.0023554008818839887 0.002566466098344275 0.0008301034253214185 2.80649533038168e-06 3.869910667088512e-05 0.000491175763404269 6.243289779822194e-06 1.1851307137635917e-07 4.216000137629153e-06 5.974729876566778e-08 0.0 1.2897016330175772e-07 6.325598710302126e-07 5.999339851895381e-07 1.4679707079837408e-06 1.355179000731433e-07 6.875629022159913e-07 0.0007396134866702619 2.125512492577539e-07 0.0005770622367469139 2.734150953178498e-06 0.0 7.475500654720781e-08 0.0 7.697486692838821e-06 1.0645814908507367e-06 2.3780323065568944e-07 0.0 0.0 7.917731276316777e-08 1.2113318084912161e-06 0.0002104789389998445 1.7015115727857797e-05 6.773559494549618e-05 1.7333664901882313e-06 2.0410813472692638e-06 2.0121607749724305e-07 5.1307232222356675e-05 1.7036314338509738e-06 0.0 3.950057867630165e-05 8.77962013853461e-08 3.402437647919612e-06 0.00033266632573782307 8.89915847847274e-05 5.8119242002706515e-06 1.2932961290923088e-06 1.0070769860308744e-06 0.00018688022720916584 1.9335552759841494e-06
2.8911221824975674e-06 5.369760246447033e-06 4.389971068583451e-07 0.001231139782428214 7.505574412304564e-05 0.002267916685247455 1.4241450106640856e-05 0.0009415073771901847 0.0004279125879586325 0.0020193155434269825 3.597778696656152e-05 0.0 8.490204618656481e-06 0.00023149425208740792 0.000299594484542531 0.0 7.649482297666614e-07 9.929145211984606e-06 1.400540883887148e-05 0.001873470939418591 1.2010806668484375e-07 4.500631269472808e-05 2.890836158480992e-07 0.0003701816761840138 8.083876985648112e-06 1.0196588621718513e-05 1.5882887060106838e-05 0.0010710972838457685 0.00010150996841761524 9.827386491318026e-07 4.739071385525136e-07 2.2522915534153168e-05 6.517618612277404e-08 9.867792909226114e-05 8.65844643100578e-07 2.4971208951183357e-05 4.546958302001209e-06 0.00011392726498821037 2.762856483842438e-05 0.0003110553154919813 2.3131622864021786e-05 2.3154242778127385e-06 1.5382915356802336e-06 1.0004392089012001e-07 5.197620677389829e-08 0.0 5.215184329175938e-06 1.790925896626747e-06 0.0 1.661165899642823e-06 0.0 1.9979049393213376e-05 6.3424150888734385e-06 8.458542034742639e-08 1.4039438642475773e-05 4.7137389364134364e-08 0.0 2.434649590145288e-06 0.0 0.0 5.1312095242904376e-08 0.0 3.819497176431503e-06 0.0 0.0 0.0 4.227590635990332e-05 0.0 5.9197324249869294e-08 2.509075367998324e-07 9.568800107042014e-06 0.0 0.0 0.0 0.0 0.0 3.336232514315509e-07 0.0 1.7736422580031153e-07 0.0 9.100103013373378e-08 8.776804247717518e-08 3.862676483857854e-05 0.0 6.832604936389063e-08 0.0
7.906307991504606e-08 0.0009901194065285348 4.825212749263589e-06 1.537197831760999e-07 2.5730533710160165e-06 7.45896337304269e-05 3.887605280424835e-06 1.5207537076733254e-05 9.05099043019994e-05 7.934221165418394e-06 0.0009051526843398341 8.490204618656481e-06 0.0 1.3847678564859841e-05 9.237572455157221e-06 4.615412495959686e-06 2.2640631800001973e-06 6.148293318464877e-05 1.3172369020319117e-05 1.126901073134903e-06 4.548137664584381e-06 0.00037295257990561947 1.4311882925759805e-05 9.985842684838868e-05 0.0026466242154594664 0.00021108950978765442 0.0017961780760219319 6.681939140935391e-06 1.4719921083331308e-05 3.193016168932765e-07 0.0008568167645720929 3.300651534475866e-05 7.40657367434457e-07 0.0004398558206852065 0.00025778261363267106 0.0015888878006724706 0.005205057560228952 0.0033521349889096613 0.0005380711516935412 2.6917171838585723e-05 6.330494563742774e-05 0.0006513131583378024 9.76689886722472e-06 0.0 9.57799505803215e-06 0.0 0.0 3.018046275554959e-07 6.951083449347395e-07 3.974167920383148e-07 1.2975434603570421e-06 8.581305078113256e-08 1.0374609058157455e-07 0.000555130654821055 1.0085399661593615e-07 0.0006372034365565904 1.7914201655921219e-06 0.0 4.229465771173719e-07 3.755546395288925e-07 2.2489465117786968e-05 4.4001107938013305e-06 1.7842115649611322e-07 1.4297673751160515e-06 1.238557277339966e-06 2.015816641388339e-07 4.2271713711971133e-07 0.0007983163790121616 4.977499531512567e-05 0.00023022705338045116 6.66016492578393e-07 1.5169883872778852e-06 2.2146393501163898e-07 0.00012722463023593305 1.2272182456421466e-06 0.0 1.8063084426540997e-05 4.062498629914802e-05 3.6967439080193665e-05 0.00022475679472546114 5.970819328292833e-05 2.4225708560338477e-05 6.764178896014705e-07 5.448129613104969e-06 5.481178119488497e-05 1.7140070677890365e-06
0.0020236336733237487 3.590472923301337e-06 0.00020818489677287673 1.5050873274117627e-05 1.3557673882785138e-06 0.0007165313232460418 0.004024295374184633 0.0036342470051346767 1.1401578798118454e-05 0.0009361968000793905 0.00012068926662935276 0.00023149425208740792 1.3847678564859841e-05 0.0 3.1559374311956905e-05 3.1096522350636597e-06 0.0004359541328574223 3.806025907378466e-05 0.00012021537076447923 0.00010671073698568506 2.723217686609016e-05 8.766822929002723e-07 8.220020757785049e-05 0.00014503732591189658 3.829388220529746e-07 0.00026564491385334705 0.0001339434842679866 0.0003885403637616737 0.0025094406427143877 0.0014845540721702606 1.1645968854731347e-06 6.338527766773987e-05 0.0003722363531302478 0.0007693128372058255 9.18701437337826e-07 0.00011610142227416597 2.0499585349100403e-05 0.0003784858880144463 6.224031158487897e-05 4.3545351521091245e-05 2.279791420415672e-05 4.59305626082669e-06 2.3344230862344047e-06 2.427277067293903e-07 2.237854599656221e-06 6.264392456390874e-07 3.43241560345662e-07 0.0 7.722157037586929e-08 6.439852796065107e-06 7.034952593107625e-07 3.970122338724433e-06 3.6008861077743466e-07 9.676355982367204e-08 3.2686368662473384e-07 2.1928440676933026e-07 1.8524738854290496e-06 0.0 2.3333930899149385e-06 3.4400148883077813e-07 0.0 8.030243550728216e-07 0.0 2.6301398792317166e-07 7.797580106111313e-07 1.0428088516185083e-06 2.273570035753454e-05 0.0 4.632234384924259e-06 9.708111122253649e-06 2.4602994538809694e-05 1.827404918300045e-06 7.988279861610667e-06 0.0 0.0 5.722177585873517e-07 2.1338507877156314e-06 1.4709902277970186e-06 9.109726720875673e-06 1.0856099341699128e-06 2.8547003464609995e-06 1.2082052432992879e-06 0.0 2.2815412210388323e-07 0.0 1.0642510535968836e-07
8.121389554783201e-08 3.687950284028277e-06 6.233692271977136e-08 1.230299339175367e-05 0.0012083133490905645 0.00024010458115485557 1.6711344347776587e-05 6.0611479120930125e-05 0.0008136980083070653 3.9592477043364625e-05 3.894292693686268e-06 0.000299594484542531 9.237572455157221e-06 3.1559374311956905e-05 0.0 9.502527725343923e-07 5.8272057346668724e-08 9.835848112784132e-07 8.462712523972655e-07 3.2484833301610084e-05 0.0 2.45355202365224e-05 2.4199948350312247e-06 0.00014805206880518654 8.902976068275796e-07 2.013040015450761e-06 1.3529761723103159e-05 2.6113319912953986e-05 2.5406842663068687e-05 4.5764908527171413e-07 2.6084038535013776e-07 8.258518973358533e-05 0.0 9.129668903299554e-06 1.7761131928780253e-06 0.00032387341995062757 8.079388560569481e-05 3.155118743284232e-05 7.531573187752665e-05 0.0006835144751818619 0.0001312587623569383 5.576849008258917e-06 2.2507971132005513e-06 0.0 0.0 0.0 2.5865170399855934e-06 0.0 0.0 3.3852521209162816e-07 0.0 7.919790236089728e-06 4.1077641094059245e-06 0.0 8.202951595380042e-06 0.0 0.0 1.7703276100452659e-06 3.8597461749156475e-07 0.0 0.0 0.0 0.0 0.0 0.0 1.1841792525272091e-07 2.4613972834076804e-05 0.0 0.0 3.1791676721996207e-07 8.0108495805591e-06 4.6929226405727795e-07 2.2701976372770156e-07 0.0 0.0 0.0 4.991012022566436e-07 0.0 2.8487180878432632e-06 7.818001144371593e-07 7.240424030539206e-07 9.024359436951116e-07 1.3618604787402991e-05 0.0 0.0 0.0
1.4970675010598429e-06 6.76753401102289e-05 1.1840376694943332e-05 0.0 0.0 1.0624794435293226e-06 8.192154807675299e-06 1.6045271548029956e-06 1.4027077440814134e-05 6.378988298341111e-08 7.475537337435337e-07 0.0 4.615412495959686e-06 3.1096522350636597e-06 9.502527725343923e-07 0.0 5.222530450056134e-06 7.3071408374329e-08 1.883321966668289e-06 6.075741507698336e-08 0.0011248712849473044 0.0013547479003961254 0.0025107999855972017 0.0010511201023534172 3.101934580576393e-06 4.504349801039208e-06 0.002036349028261076 0.0013257694769028894 5.614606590242186e-06 0.0005099575257196129 0.0 9.268879703890557e-08 2.2935724220188394e-06 7.137333216225225e-05 7.631612840350733e-05 0.0014356584617270657 0.0003022668850385543 0.0004983597658101109 0.0007782649997125165 1.4603481485092184e-05 2.920351225011931e-06 3.7158554212863863e-06 1.4229713682418024e-05 2.56315181191614e-07 1.7675455482511479e-06 7.383016476951626e-06 0.0 0.0 0.0 4.706140450169995e-06 5.2277494846009e-08 6.957130081071332e-07 1.1062890185563477e-07 2.0117456586801092e-07 0.0 8.846516845127139e-08 1.409012928781203e-06 0.0 0.001032102828055556 4.7245500564647066e-06 9.366725121618969e-08 1.6447384377065982e-06 0.0 0.00035269532646793893 0.0005273742259762045 0.0003906526570497525 4.6909363477133944e-05 0.0 2.976704504860586e-06 9.196565946904538e-05 9.432975494753137e-05 4.27607552574198e-06 0.0001515599700028279 0.0 0.0 1.5435308601851136e-06 2.0283455810180563e-05 1.4587314486401474e-05 0.0002588941520062453 6.185508403030216e-05 8.14635866932708e-05 9.556768843770607e-05 4.65418734445538e-06 5.980699735468665e-07 2.438262448873504e-07 3.659365292019008e-06
0.00017661561579605459 0.00014699652756436262 0.004199404356253246 1.589964505779187e-07 8.041681050757782e-08 2.1333339676654883e-05 0.0006481119284991281 0.00029440035117741197 2.031680893216836e-06 1.1052024478012586e-05 0.00033172649616430253 7.649482297666614e-07 2.2640631800001973e-06 0.0004359541328574223 5.8272057346668724e-08 5.222530450056134e-06 0.0 0.00015333355866360498 0.002353322043513761 7.024941885628771e-07 0.00027256830267044496 9.119993605738616e-06 0.0016662767107986647 8.021732846831706e-06 1.460907332569232e-05 0.002149049851255671 0.0029273766800722314 6.623722528793029e-05 0.0002167922091608925 0.0006651612369731852 1.2226262033415963e-06 9.868074276827284e-07 2.360269871193836e-05 0.0007625433382647002 6.984726769408117e-07 2.715975045057803e-05 6.97856525530178e-05 0.0003626233969908541 3.666243411738922e-05 8.680913395761039e-07 1.5651018722645077e-06 1.1789599411317665e-06 3.312126007913203e-07 5.279100866019527e-07 8.521602231450442e-05 5.261130547210763e-05 0.0 0.0 5.1851048972181054e-08 1.111566287575981e-06 8.092024748956615e-08 1.0922241523718767e-07 0.0 4.790348682767699e-07 0.0 3.0898723669966327e-06 7.690347906494625e-07 0.0 8.452055689608635e-07 4.8285514140175735e-05 2.2691533192591218e-06 3.5341853166922485e-05 0.0 6.874693160394307e-08 4.09830896137285e-06 4.878752874857601e-06 1.5570538976525189e-06 1.8964646326032e-06 0.00021485190001151264 0.0003399356281581994 8.819591732641494e-07 1.523776962841107e-07 6.539475493975881e-07 1.0805755057854637e-06 0.0 0.0 6.314675987484155e-06 0.0 1.0890548914816716e-05 8.757675984984606e-06 1.479652604868736e-05 3.7841072693450816e-06 1.0967088138785342e-07 0.0 1.1866780428393567e-07 2.761798241300357e-07
4.941928766930461e-06 8.692845255264857e-06 7.253383935097628e-06 6.650574073003197e-07 3.222397601772062e-06 3.080142383441126e-05 1.4771992212618687e-05 2.7074078037278237e-05 7.969472005618662e-08 2.3224644566012398e-05 0.0020836422981001346 9.929145211984606e-06 6.148293318464877e-05 3.806025907378466e-05 9.835848112784132e-07 7.3071408374329e-08 0.00015333355866360498 0.0 0.0005253376539674204 3.605442425689601e-06 3.158056908396773e-06 1.535103669359797e-07 4.704377092382196e-06 2.21559149283136e-06 0.00017354261931455247 0.0008929721946835247 0.0002963275879436603 6.210753543022026e-06 5.565105177748101e-05 3.531200583166398e-06 4.6056432730801103e-05 3.695411557220282e-05 1.5811509432153806e-06 0.0005032984726261435 1.5272395715130756e-06 0.0001424372876818894 0.00040627271053008193 0.0009904098920310216 0.0005069340386840662 4.096483551765288e-06 4.930357020943334e-06 1.2474129158824589e-06 9.737718550429314e-07 0.0 4.805133190339889e-06 0.0 0.0 0.0 0.0 0.0 2.425818330434429e-07 1.7020363214133565e-07 0.0 6.641778198003151e-05 0.0 0.000154477717766676 3.1781547714093916e-07 0.0 1.0435230305294298e-07 2.683712295197833e-07 2.9171999721933826e-05 1.2146161753739828e-05 0.0 0.0 6.0929483096113e-08 0.0 5.542073709673016e-07 5.1783805653866336e-05 6.73497295615684e-05 0.00022926184666773093 6.28898850932491e-07 3.031507181341829e-07 8.167175864932434e-08 4.954024347937935e-05 2.173819421649902e-07 0.0 1.9520926754860513e-06 0.0 1.1947376717999904e-06 4.04041708655485e-05 7.059668815207159e-06 1.0423076400900302e-06 0.0 0.0 1.9867654221927338e-07 0.0
3.63611407478473e-05 0.00026861718902158166 0.00017495210333137894 7.37025352769088e-07 2.5599144638614358e-06 3.189618679266605e-05 6.923318143775435e-05 7.375258038632965e-05 1.7881982359904447e-06 3.7677461735737215e-05 0.0008000742923770203 1.400540883887148e-05 1.3172369020319117e-05 0.00012021537076447923 8.462712523972655e-07 1.883321966668289e-06 0.002353322043513761 0.0005253376539674204 0.0 4.8407550290800545e-06 4.4860267156385665e-05 1.788341618020309e-06 0.0001608638058793046 6.056859104337787e-06 0.00021444582159469105 0.002477689090706218 0.0012237091854357708 2.0312764122497113e-05 0.00012762335505690613 5.9465640870593255e-05 1.0727566283022223e-05 2.9997722488926966e-05 9.962121649345545e-06 0.0017437733611614375 2.5528688484177857e-06 0.00017703796104817985 0.00012333728632384249 0.0021297640432941414 0.0005414418735676109 4.845007796201328e-06 2.0307901581114045e-06 5.7637925709166545e-06 5.252439240840628e-07 0.0 7.664669841790768e-05 6.2332273012669455e-06 0.0 0.0 0.0 6.177262969997687e-07 1.2478380839839364e-07 0.0 0.0 1.6054464065928567e-05 0.0 5.253761015411488e-05 0.0 0.0 5.091998151491501e-07 7.374877775178715e-06 2.9227260847162223e-05 4.57981800793668e-05 0.0 2.886185918973935e-07 2.9914700481614765e-07 1.8964688173076473e-07 1.229498616743156e-06 2.15899371709992e-05 0.00024927454896962167 0.0005320642891113306 8.897499376260631e-07 1.064756093118361e-07 1.2492651959777393e-07 2.2665806651866414e-05 5.927971927026133e-08 0.0 2.0544630524666167e-06 1.6215170708316405e-07 3.1387697120796827e-06 1.6091276495676434e-05 6.6995657070376e-06 1.502620263122264e-06 6.579591636079897e-08 0.0 0.0 0.0
2.6899711595851115e-06 3.243909096280187e-07 1.503854623157016e-06 0.0005607165095155987 1.0558727322399165e-06 0.0003330917393632578 6.21625309864378e-05 0.00019384061962938944 0.0002661103668507257 0.0009825327397378978 1.1331604502283378e-05 0.001873470939418591 1.126901073134903e-06 0.00010671073698568506 3.2484833301610084e-05 6.075741507698336e-08 7.024941885628771e-07 3.605442425689601e-06 4.8407550290800545e-06 0.0 4.408458464594043e-07 1.2695233289114523e-06 4.042237462271757e-07 0.00020951707331043302 3.499532885501127e-07 3.514084742672626e-06 2.4454679615546463e-06 0.0018147650521593197 5.803164829097034e-05 1.2524355621410275e-06 3.340324633508034e-07 6.21582850873429e-06 1.817273658323986e-07 5.3776537421087e-05 2.4469425055229037e-06 4.3689058184993175e-05 2.2354287382009692e-06 7.062321189496578e-05 1.0757435143420763e-05 0.000132172453813936 1.1083286844992124e-05 3.012209890623171e-07 2.2696960477408834e-06 0.0 0.0 0.0 4.594575686548754e-06 0.0 1.1628750606107746e-07 2.6940718611485904e-06 4.788079092870896e-07 1.6059177533870763e-05 6.914174558435181e-06 0.0 1.0979288681870134e-05 0.0 0.0 2.6621296021495355e-06 6.237204016320028e-08 0.0 0.0 0.0 3.359720152976126e-06 0.0 0.0 0.0 4.920286462075184e-05 0.0 0.0 9.57508932917072e-08 1.2936742533426826e-05 3.980803019514938e-07 3.3991634414566506e-07 0.0 0.0 0.0 0.0 0.0 0.0 2.3540962230418173e-07 0.0 6.880476145089953e-08 1.1121965019361408e-05 0.0 1.116667186742906e-06 0.0
1.2483258932776752e-05 2.7196036108026365e-06 0.00017940855180555818 1.1452914329835888e-06 0.0 1.655907531005872e-05 0.0005301326681643988 2.2619784273275454e-05 2.7140487670360935e-06 9.444446497973729e-06 1.1554606486549087e-05 1.2010806668484375e-07 4.548137664584381e-06 2.723217686609016e-05 0.0 0.0011248712849473044 0.00027256830267044496 3.158056908396773e-06 4.4860267156385665e-05 4.408458464594043e-07 0.0 0.0001542635739552012 0.006327925428170857 0.00014650875373945518 5.770743849492487e-07 3.9672405531872306e-05 0.0003050719030830812 0.0027587221473176593 3.8451883638574e-05 0.004700166190859716 0.0 6.244606790431808e-07 1.6484756183604526e-06 0.0016721147074645797 0.00013001066359674682 0.0017433691348862862 0.00047377239580771274 0.002493467315797805 0.001258575517485927 2.2235132890209663e-05 4.233191190997898e-06 2.4737347243600605e-06 1.9090996598147108e-05 4.776380820800826e-07 1.4149209754456407e-06 1.6995304341406128e-06 0.0 0.0 0.0 3.672572192634781e-06 0.0 4.502201647432152e-07 0.0 2.6961166962130175e-07 0.0 0.0 7.615625376661326e-07 0.0 0.0005475107099243153 3.84034206775255e-06 0.0 1.7361668347750626e-06 0.0 0.00020839941870381016 0.00023400221805352126 8.428431756295458e-05 5.471224655678534e-05 0.0 1.8566032410374845e-06 1.9700270947482272e-05 0.00013173994085870246 3.4761794502056567e-06 0.0001734921161397162 0.0 0.0 1.133688876710663e-06 1.9834579904542328e-05 1.2380944170837737e-05 0.00018451773432873384 1.6066831608535495e-05 5.0042457851514446e-05 3.9479302579404775e-05 4.951457780853488e-06 2.765133227134782e-07 8.074704331785498e-07 1.0843126278747518e-06
7.032330178320581e-07 0.0014505924496786796 4.890593300698863e-05 1.4022413795345502e-06 1.169689282129878e-06 1.2167439942988934e-06 2.83952163014657e-06 9.348021302916536e-07 0.0012825663041283715 1.3735046520586761e-07 1.7403037106061848e-05 4.500631269472808e-05 0.00037295257990561947 8.766822929002723e-07 2.45355202365224e-05 0.0013547479003961254 9.119993605738616e-06 1.535103669359797e-07 1.788341618020309e-06 1.2695233289114523e-06 0.0001542635739552012 0.0 0.0002647131486232346 0.00414744736573268 0.0003268975715449257 1.760146162898122e-05 0.0018354917625499412 0.00017621064426017962 3.315361817317035e-06 0.00015903010256553517 8.374057590355197e-06 0.0 1.2434639444615335e-06 1.265936006463658e-05 9.040113922810662e-06 0.00017021646156670293 3.4776365254286696e-05 8.085565899353968e-05 0.0001002002689338917 6.488349112295997e-06 6.234468838123065e-07 4.794668323702144e-05 2.202953504382427e-06 3.793799651787153e-07 6.377661140089416e-06 3.919999710049561e-05 1.0485148611781488e-06 0.0 5.27847843116336e-07 3.3353862669840742e-06 5.062406061908094e-07 2.704211554422161e-06 0.0 6.407156103002042e-06 1.0310151299538665e-07 4.943496811890457e-06 9.365415990605514e-07 0.0 0.00025542242551281985 5.237908823624357e-06 1.5463924686320927e-07 1.291747703261943e-06 0.0 6.580162358424234e-05 3.5442876250088734e-05 0.00019734440378062933 1.5848401467119095e-05 1.0912558926883283e-05 6.205575051129126e-06 0.00028277517946258415 2.3228344204117376e-05 7.851357923982748e-07 3.20010792207396e-05 9.134011364715771e-07 0.0 0.0 6.932756818394684e-06 2.203922013231584e-06 8.457166235424402e-05 2.4230765637237837e-05 4.2707567232645026e-05 4.749678834520216e-05 2.83682669113054e-07 1.379954591328796e-06 7.014137042634172e-07 3.127217068789193e-07
2.1819358385406213e-05 1.1266432900168913e-05 0.003710964788717081 1.4863560099835398e-06 1.7945836158125638e-07 3.186803061573352e-05 0.0008658557183521463 7.61722811314063e-05 9.406264083304224e-07 1.516470269756402e-05 2.2903289113745704e-05 2.890836158480992e-07 1.4311882925759805e-05 8.220020757785049e-05 2.4199948350312247e-06 0.0025107999855972017 0.0016662767107986647 4.704377092382196e-06 0.0001608638058793046 4.042237462271757e-07 0.006327925428170857 0.0002647131486232346 0.0 0.0002964944685850552 1.3694487151198714e-06 0.0008507429548325784 0.004301177633062859 0.002066651243586973 4.107949159592134e-05 0.002673085099886858 1.6922031178101734e-07 1.662447744892545e-06 2.4496448289983086e-06 0.0016069800766602043 0.00016171558610344105 0.00262867719504063 0.001810344638893884 0.004309198832615427 0.004046526849166653 6.628278867472085e-05 2.1031076115863553e-05 1.550275828040043e-05 3.436221846641201e-05 1.0130431287448416e-06 8.73995354868776e-06 0.00011799787826583358 0.0 0.0 0.0 5.5487648976869346e-06 0.0 2.2782261471568666e-07 0.0 0.0 0.0 1.5464156814964577e-07 4.870149399364399e-07 0.0 0.0007593646333004887 1.0425890098208189e-05 0.0 2.9641957577608407e-06 0.0 0.0001981985680511208 0.00033889324098210466 0.0009567699178225228 1.2005781780800144e-05 2.1216691130692164e-07 1.2837640352055123e-05 0.0007673332952144093 2.1386774189040087e-05 4.819671428587755e-07 4.1399088080080665e-05 0.0 0.0 3.549517902353107e-07 2.0024060175406714e-05 2.8304241843672806e-05 0.0002724250832690566 9.26247826353481e-05 0.0001624347771189997 0.00019752755526101454 7.4046926230752e-06 2.5305009482880414e-06 1.0984898155728701e-06 3.370157891974468e-06
6.728692404778346e-05 0.0003950511284776005 6.140754833216575e-05 0.0005441988352009828 1.8002255876812458e-06 0.00017302931882978413 0.00044153174776775207 0.00010041622576058221 0.003655919142790552 0.00040064063381566565 1.2223305241576987e-05 0.0003701816761840138 9.985842684838868e-05 0.00014503732591189658 0.00014805206880518654 0.0010511201023534172 8.021732846831706e-06 2.21559149283136e-06 6.056859104337787e-06 0.00020951707331043302 0.00014650875373945518 0.00414744736573268 0.0002964944685850552 0.0 8.680397803969566e-05 3.625303572589632e-05 0.00228623938129489 0.005843410741079473 0.000451367689386852 0.0005944496274932773 3.219348874212476e-06 4.2856849115458444e-06 5.611651078837584e-05 0.00018365166667708976 7.883217257153481e-05 0.0010029831637222036 4.508186186873534e-05 0.00043494539358539654 0.00019473929878927322 0.00011733563795258605 5.469172272173947e-05 1.0715949468939485e-05 1.6750294687656503e-05 4.0765466651753935e-05 1.6616473679912732e-05 6.259223696864044e-06 7.265418159606459e-05 2.5156758128791616e-06 1.1084092059858957e-05 0.0006667012377955865 6.35989991648047e-05 0.0008747110040591011 0.0001230935885216966 2.307591565249373e-06 0.00011878363325074074 3.015934730125741e-06 0.00012289381286632178 4.042283052124407e-05 9.95448831984733e-05 5.2320125005212345e-06 5.43901577936288e-07 2.2237681817114406e-06 4.133469151610935e-05 2.5466015241127367e-05 0.0001826902275879496 7.2045973968355835e-06 0.0029475535074994434 3.3495198400526336e-06 4.998431918827711e-06 2.0771166949706143e-05 0.0022524821352484007 0.00020220751336244217 0.0004067765885511691 2.855716319228921e-07 3.038991892605576e-07 3.244586474282608e-05 0.0001004780300013053 2.421353969003583e-05 0.0005656421109553529 3.532364740258601e-06 0.00023500486011533426 9.506597853541897e-05 0.0001456717349378038 4.4364466783511304e-06 7.760876649048728e-06 7.732513584800508e-06
