0.0 3.601781412883303e-07 4.221537796476341e-05 1.7866457610256694e-06 5.0192013957015415e-08 1.1843961471518056e-05 0.001745714660847468 0.0002915077137975513 1.3058725652276485e-06 3.376803281525209e-05 1.0616592870900478e-06 1.010472716109613e-06 1.8145077657093804e-07 0.0017743989895723097 0.0 6.725969256420575e-08 7.313138672944833e-05 6.385283993522123e-07 1.1691295159667844e-05 2.2595483958417695e-06 1.6139881186500693e-05 3.9890376288031043e-07 8.53631619398692e-05 8.083299297662299e-06 0.0 4.182791390993952e-06 4.471384333190025e-06 7.004075978502495e-05 0.0009466896238047082 0.000639042841830326 0.0 3.7163236822358653e-06 4.345557180067153e-06 2.911607942460689e-05 4.3017435143022513e-07 6.367115785502205e-06 2.857492346783624e-06 1.3331650032019692e-05 4.239214466198701e-06 2.7252737604159856e-07 4.474745222762806e-07 0.0 1.1233308921579432e-07 0.0 0.0 3.010374241594549e-07 0.0 0.0 0.0 1.0785810973338031e-07 4.912125665658713e-08 7.582552306446385e-07 0.0 0.0 0.0 0.0 0.0 0.0 4.1431584124717445e-07 0.0 0.0 0.0 0.0 4.9459752291993646e-08 0.0 1.1192486864736639e-07 1.393726895548067e-06 0.0 0.0 6.394336503744799e-07 1.8849978797423757e-06 2.015740113520284e-07 3.4793158883389516e-07 0.0 0.0 0.0 0.0 2.1500233992349675e-07 4.36628967081687e-07 0.0 1.1809497225742867e-07 5.621660578683126e-08 0.0 0.0 0.0 0.0
3.601781412883303e-07 0.0 0.00013196635045354134 0.0 5.067765183637784e-07 4.0197017158603274e-07 1.1447360093935309e-05 1.4091765133392911e-06 0.00019554120769044788 7.610446982418752e-07 0.00010555372466044539 0.0 0.00016037068900973936 1.7758109498375799e-06 5.002434854180928e-06 9.056590067158856e-05 1.6081554398922733e-05 6.25062272962769e-07 2.492707967224427e-06 0.0 3.584366112178231e-06 0.0009572297473436645 0.00013271715252708148 0.0005291849524764003 0.0010677028490989784 0.0001952442802079433 0.003914769057803182 4.2210923230420706e-05 3.5589296535246533e-06 5.856969199424448e-06 1.7645877544420835e-05 5.13499480952097e-08 1.8372837158510028e-07 3.713460106833113e-05 9.55768927419434e-07 4.069791674675236e-05 3.320090398760319e-05 9.409388850626302e-05 9.44901106447052e-06 1.2516673036071257e-05 0.0 3.577942134774465e-05 1.2152433613813574e-06 2.2716198168558923e-07 8.461917287392421e-05 9.265856639883368e-05 0.0 0.0 0.0 3.169056551102949e-07 0.0 4.651373485607278e-07 0.0 8.833655740406534e-07 0.0 1.500191281801863e-06 1.2599669034142328e-07 0.0 7.493632624419958e-06 5.935688746995234e-06 2.999935914736903e-07 8.577891254783772e-06 0.0 8.789511000070846e-08 2.1394844895620317e-05 3.0592336731691173e-06 9.613443122856399e-07 2.1295090340391334e-06 5.956526252010734e-05 0.0007439929293894894 1.022174908151783e-06 0.0 5.566133186185089e-07 1.683849241126926e-06 0.0 0.0 2.1107000615332e-06 1.545231686756712e-06 6.226071351790806e-06 2.2054611343165376e-06 3.991659130214967e-06 2.0867546839053953e-06 1.1216818241081998e-07 0.0 0.0 0.0
4.221537796476341e-05 0.00013196635045354134 0.0 2.342128349185751e-06 3.0220905832710663e-07 2.4305717378795004e-05 0.0009356579168449179 0.00010140708640690031 8.033104312178717e-07 2.9030503666028496e-05 3.187244560859144e-05 4.2563133174115827e-07 2.720300675562294e-06 0.00012703988146684956 0.0 6.718556946178782e-06 0.0047644829861999225 3.496452989041846e-05 0.0003900062900306377 1.0110092342756683e-06 0.0003134921251665381 1.604773089696207e-05 0.007244074453135477 3.0125597704469655e-05 8.738585546173925e-07 0.004661492059239828 0.0026188459236341 0.0008077863274265686 7.09909135375454e-05 0.0006263368119482513 4.243726313282077e-06 3.1103620099805813e-06 8.389606277173341e-06 0.00084057939308225 3.4235264960848116e-05 0.001168458959048395 0.0023327772938486887 0.0011032713327029586 0.00022095646330816821 3.8193689685201214e-05 1.6433125800316918e-06 3.1440294137745974e-06 6.651474568480934e-06 1.3989573636975383e-06 6.633530937586673e-05 0.0003874671170414383 0.0 0.0 0.0 1.993546355200072e-06 3.6794978402662745e-07 8.053751564042775e-07 0.0 8.190158018411664e-07 0.0 1.6145776597026718e-06 1.1673568386131603e-06 0.0 4.060567661375387e-05 3.1283603422863114e-05 1.1078086864324459e-06 8.273089604122428e-06 0.0 1.0972717390006204e-05 2.3842195915375997e-05 2.3718868405236246e-05 6.844374543905778e-06 7.4387229218581325e-06 0.00013269336379283087 0.0009266167484042868 1.1432611895947245e-05 2.067237273625726e-06 2.540155572262757e-06 2.7523542071008407e-06 0.0 4.546689705256783e-07 7.584281703903096e-06 1.3965676181027379e-05 1.7901537080893008e-05 6.673326063786837e-06 1.3128330980061504e-05 7.674626349197138e-06 4.2507407490357784e-07 0.0 0.0 0.0
1.7866457610256694e-06 0.0 2.342128349185751e-06 0.0 2.3570225343983154e-06 0.00013156123911480894 2.1924141787001304e-05 8.574717844248585e-05 0.0001977507013982031 0.0008385243656691854 2.4111027417778636e-06 0.002919035908234144 1.0681461864397444e-06 7.483700083425395e-05 4.7886584395074916e-05 0.0 1.3296976399562671e-06 4.319484871574113e-07 6.209651527990423e-07 0.003544769595144908 1.7715717131857047e-06 0.0 1.702728889454384e-06 0.0009606918356490918 0.0 1.3491205660267438e-06 8.393554361067915e-07 0.0016675531766537554 8.284591033886455e-05 4.230097378243811e-06 1.1347334664679921e-07 9.987523881947998e-06 1.5281034561898263e-06 4.6248776420730465e-05 4.030937362727333e-06 0.00012513550949226203 2.327302245522818e-06 9.765323310892582e-05 5.3525737963087346e-05 0.00021996155066278443 1.7364348900194318e-05 8.116247315545122e-08 3.852969018917713e-06 2.1778188520592474e-07 0.0 8.12166893037115e-08 4.0640948117356846e-05 0.0 2.201223086275291e-06 1.2526334812598304e-05 2.264450949574361e-06 4.456147097379412e-05 5.19296991098627e-05 4.712289470227372e-07 1.5582311625463963e-05 0.0 2.1091345993214648e-06 2.2035390837484868e-06 9.124579302570466e-08 0.0 5.677044666082388e-08 6.014119136607426e-08 2.920959812797052e-05 1.9223197625182611e-07 0.0 3.2087364048108206e-07 0.00013136477129202943 0.0 1.1871544250893722e-07 1.444438601078941e-07 0.0001967800188388677 1.8665682807417122e-06 7.373872537869307e-07 0.0 2.3685993848658118e-07 1.1465924155805254e-07 1.236049421961084e-06 1.0676431405825522e-06 1.1564284222709546e-05 6.650229436833485e-08 6.141487804021811e-06 9.133159004156753e-07 3.171424708944806e-05 4.84042143754779e-07 0.0 1.4881483616034541e-07
5.0192013957015415e-08 5.067765183637784e-07 3.0220905832710663e-07 2.3570225343983154e-06 0.0 0.0003244687029571496 3.1860815534207164e-06 2.0180153646459667e-05 6.295322625544086e-05 1.295214808445153e-05 4.2969617440809684e-05 0.00012921458699625838 5.018260278611964e-05 2.8293780414065367e-06 0.0006230991447814229 0.0 2.435857707943859e-06 1.0286459829597216e-05 1.5837086494549225e-05 6.716330342560568e-06 4.6754298794677505e-07 1.1559757729876083e-06 1.2544299106713156e-06 1.4415770468310432e-05 8.143505309650588e-07 1.4974721318925999e-05 3.6003798549093172e-06 2.5967049295949374e-06 5.722259592668618e-06 4.957062847532316e-07 3.5837194408141803e-07 8.67186094957732e-05 4.15220864883061e-08 0.00047003692762985044 1.0736792567675888e-06 3.7087987454523964e-05 6.9862848339489275e-06 0.0002460976764097917 0.00016621856317768782 0.0010078617500462424 3.215731918916896e-05 8.243727541818766e-06 1.1131793718769963e-06 0.0 0.0 1.7754539480514795e-07 1.0665910651404754e-07 0.0 0.0 0.0 1.30642705725355e-07 1.0498914992448212e-07 4.465436696146573e-07 0.0 2.3634098075058847e-07 0.0 0.0 0.0 0.0 0.0 0.0 0.0 1.7678238946783563e-07 0.0 6.74988823655669e-08 0.0 1.4875076487961608e-07 0.0 0.0 1.229126850305321e-07 1.0113219422283166e-06 0.0 6.015326351575839e-08 7.47632209198995e-08 0.0 0.0 0.0 0.0 0.0 0.0 0.0 0.0 7.385600403901041e-07 0.0 0.0 0.0
1.1843961471518056e-05 4.0197017158603274e-07 2.4305717378795004e-05 0.00013156123911480894 0.0003244687029571496 0.0 0.0011416911902133319 0.002615361945857258 1.9900710339478206e-05 0.009431116536481801 3.490172368932367e-05 0.002796447007221814 5.0467559150843475e-05 0.0002634582132315706 0.0005356513669746198 5.094835790693787e-08 6.971488864149357e-06 8.705213848032705e-06 7.453445301156204e-06 0.00047954326117051656 1.2993373659098963e-05 5.244869200805851e-07 9.938054840405555e-06 3.8567180611772214e-05 9.881989487905093e-07 1.1722799206848739e-05 6.250480675154009e-06 0.0006296958686421011 0.00012066491031390998 2.281450592109196e-05 2.713262772500495e-07 0.0004449408008678147 2.598265260109481e-06 0.0005358094049176352 4.893584848878361e-06 0.000201007686195704 1.0067684932561684e-05 0.0002688793542205577 0.00019183047095877644 0.000940530046047173 0.00012780143335558225 8.604513719457864e-06 4.1524704015624165e-06 1.6467920154270778e-07 0.0 3.1808705655658654e-07 2.1570902527173703e-06 0.0 1.3052996859121161e-07 1.6048181173675245e-06 9.210888402899191e-07 1.212272351598225e-06 2.078695443905938e-06 4.2406637598090875e-08 1.8867368274270964e-06 2.446274572627859e-07 5.402484086291455e-07 6.430830002430951e-08 4.3806911355810897e-07 0.0 4.919217020023672e-08 4.631815104436043e-08 1.4437978934395202e-06 0.0 9.958718334892242e-08 1.9529293285227576e-07 1.6136658948357684e-05 0.0 7.435747059442915e-08 9.756999638619532e-07 1.6657968766491892e-05 6.924515034139533e-07 3.569611459517666e-07 7.82309769238957e-08 1.1981216836765435e-07 1.2882188860771658e-07 1.050509705968264e-07 3.6206989778897986e-07 3.860017725416547e-06 1.534988302377825e-07 3.6401868692829115e-07 4.420604680474199e-07 1.2096298376176053e-06 0.0 6.299697310061697e-08 0.0
0.001745714660847468 1.1447360093935309e-05 0.0009356579168449179 2.1924141787001304e-05 3.1860815534207164e-06 0.0011416911902133319 0.0 0.003184352549189986 0.00012870843745191337 0.0008314742411320324 5.253034252990575e-06 4.059869711281689e-06 5.439937119330476e-06 0.004790899388304589 3.1341819245887125e-06 3.474566918603133e-06 0.00013973150327445136 3.328587489840802e-06 2.3386008897866906e-05 8.359832611928829e-06 0.0007673096079084649 1.5224687922108707e-05 0.000512014192426424 0.0002377194390149849 4.80869654134431e-07 2.578287047711131e-05 0.00010818340855055854 0.008201155144044951 0.001416408639822099 0.00350380195598816 1.111179415634079e-07 2.9983728597200832e-05 0.0001158832310523475 0.0002897158787769899 4.034303205705711e-05 0.0008043275700499744 8.8019504691981e-05 0.00042470704725918016 0.00023508328166199012 7.917780230309587e-05 2.0096085508682338e-05 9.496116659720278e-07 9.455831146882904e-06 2.3248108065369716e-06 1.024056349579329e-06 7.016758123160974e-06 6.717843728123173e-06 0.0 2.445406917876547e-06 3.052271932658859e-05 7.512510458824236e-06 3.5742601270536606e-05 1.5482537018890472e-05 2.054358910024028e-06 4.637857587439749e-06 2.2660036006306735e-06 8.630534207111452e-06 1.0577412750443663e-06 3.363542257909854e-05 1.0435255591140911e-07 1.5847749639355374e-07 9.862961795539961e-08 5.596430028733321e-06 6.1399606357437925e-06 6.222582727918478e-06 1.3123891018081767e-05 0.0002726474755359141 0.0 7.505242693970575e-07 4.4831249150299416e-05 0.00028080416733321624 2.02045905068304e-05 1.3446568897146166e-05 1.5707009872387327e-07 1.1161661850136112e-06 1.9778408502120967e-06 1.01128339946155e-05 6.396574259631429e-06 8.913295077257939e-05 1.323694825540308e-06 3.405161391096831e-05 9.275707433406797e-06 2.9392130390344774e-05 1.442967095953425e-06 1.4531597163227446e-06 3.977187542591559e-07
0.0002915077137975513 1.4091765133392911e-06 0.00010140708640690031 8.574717844248585e-05 2.0180153646459667e-05 0.002615361945857258 0.003184352549189986 0.0 1.5568216641366278e-05 0.0029113153565542113 9.212327473682999e-05 0.0005069883272118485 3.639496350072788e-05 0.0022857567893268507 8.209856689228191e-05 3.060357437335689e-07 0.00013969143240660588 2.7090780295116237e-05 5.030636837679395e-05 0.0002807706844121275 5.7478822836105954e-05 1.2171285004215323e-06 0.00014790729081207713 4.78924135819014e-05 1.1065132972269146e-06 4.4746776264763835e-05 2.6350579080601315e-05 0.0004729436485519107 0.00043707856855549997 0.0004218699094404701 1.0120422144296107e-06 0.0002281120154323632 6.2831128843608045e-06 0.0007176025200080821 6.008378390163484e-06 0.00037392496273644697 3.536513880568262e-05 0.0005379674389633664 0.00020533403510502823 0.00023854518249768187 6.840679003077791e-05 6.716771456636161e-06 5.034401224385325e-06 4.4814099692697073e-07 0.0 6.588711756841934e-07 1.458751545358598e-06 0.0 4.3338675252831744e-07 3.1161775045294172e-06 1.3292494252241388e-06 2.7510970343109406e-06 3.3860946606243753e-06 6.291416311494134e-08 1.7198664428628924e-06 6.654419030904081e-08 1.1060039026386064e-06 0.0 1.0079204538507752e-06 1.9684634358581544e-07 0.0 0.0 1.6633433409059129e-06 9.069746627145219e-08 3.6954488656991733e-07 5.779848064419157e-07 3.644287396624843e-05 9.930407696878743e-08 1.5597523588311904e-07 3.837772913685919e-06 4.053861551735414e-05 1.4826906285179453e-06 1.9280769117888714e-06 0.0 1.0738407114338691e-07 8.427327388419858e-08 7.967127585255037e-07 5.051479202562002e-07 7.84708852662209e-06 2.0320902278912636e-07 3.469601934389266e-06 1.1684322004878042e-06 1.6773380682810538e-06 0.0 0.0 0.0
1.3058725652276485e-06 0.00019554120769044788 8.033104312178717e-07 0.0001977507013982031 6.295322625544086e-05 1.9900710339478206e-05 0.00012870843745191337 1.5568216641366278e-05 0.0 0.00010943078404681609 9.58331048428251e-06 0.00020125220409407402 1.2048540833164622e-05 1.6343008401871364e-05 0.0004458316198702731 9.971851165042596e-05 6.573142507974924e-07 2.7790971762211315e-07 1.4592337543546915e-07 0.00017439776885715968 5.1880637066686884e-05 0.0011420419699070265 9.998244702792913e-06 0.004173951565806256 9.42360824453129e-05 1.569882666546723e-05 0.0001217479399467237 0.0015367997226809172 5.746428785936096e-05 5.138476186485978e-05 9.6580809815666e-07 5.039225774253477e-06 1.0485589230638205e-05 2.537866883377136e-05 6.431474312077363e-06 0.00018372204893106792 9.206919471807772e-06 4.091553319286246e-05 3.5165187643180236e-05 0.0003285632344302856 6.242467181160118e-06 1.2797367849270645e-06 1.7635939498608702e-06 4.943015779946558e-06 5.735078321607954e-07 6.718615890930193e-07 1.132191001978241e-05 0.0 1.1633962071246503e-06 1.700989411029178e-05 5.012016929197484e-06 1.2747682953454196e-05 1.1730364842693693e-05 7.201787454917943e-07 6.150350477623555e-06 2.945788809250479e-07 9.991317784956554e-06 2.183045224669924e-07 0.00023561275783978074 0.0 4.351278009531266e-07 2.388115363644855e-07 7.748843196818517e-06 5.617578867564225e-05 1.3150559321783124e-05 5.123159002140579e-06 0.0004630930566736887 7.668451181072226e-08 1.7942228488756281e-06 5.2969599142999466e-06 0.00024903056365686176 2.7298303532632448e-05 3.27846378843731e-05 4.1023016275271175e-07 4.317897947188732e-07 3.7908261762466097e-06 7.546149563349564e-06 3.388451603149775e-06 4.284108897365521e-05 1.430876476293722e-06 2.2822835337455074e-05 8.288223764652945e-06 9.083700848737304e-06 9.859400097953363e-08 1.1118597660218846e-07 5.876114569409635e-07
3.376803281525209e-05 7.610446982418752e-07 2.9030503666028496e-05 0.0008385243656691854 1.295214808445153e-05 0.009431116536481801 0.0008314742411320324 0.0029113153565542113 0.00010943078404681609 0.0 1.7690418365992937e-05 0.0010316042388009458 8.474901327264344e-06 0.0011099806674104854 2.2411229363068156e-05 4.342900035840063e-08 1.8347975842700048e-05 6.691826312769663e-06 8.349099574233806e-06 0.0009693026863065813 1.613675921799991e-05 2.4362512775943266e-07 1.6266436361049365e-05 0.0003007072292328809 1.0085157617320733e-06 1.0585617339435386e-05 7.15054955146199e-06 0.0033620623064396964 0.0006680758542916393 5.296643734829084e-05 3.8336121124158217e-07 9.276381805858324e-05 9.61099479167731e-06 0.0003218332738736384 2.329687559150337e-05 0.00028885363665615785 1.3092731745501118e-05 0.0006090095407979616 0.0003021705046096187 0.00028817526772619625 9.596418729830773e-05 1.6807149679222089e-06 1.7843543781282205e-05 7.723036212057039e-07 0.0 7.0572753478885e-08 4.3103265062728314e-05 0.0 2.8562606412684005e-06 2.3462633547628886e-05 4.785189166732977e-06 4.1938695686577936e-05 4.836649898506602e-05 4.966018770221774e-07 1.7197399137111645e-05 5.0763275728518805e-08 5.835769938697123e-06 2.6411760391536914e-06 3.373314171356097e-07 0.0 1.260522449686083e-07 0.0 3.080177281321094e-05 1.6507290555785551e-07 0.0 5.230959614126792e-07 0.0001702983844366972 1.8257063382605328e-07 3.4299958081315094e-07 2.113735726566631e-06 0.00023233709410377666 4.958323415614314e-06 1.728212727161174e-06 0.0 8.09146814306529e-07 0.0 2.20160401014225e-06 2.64948252566742e-06 2.0570591661921755e-05 2.3760174521173422e-07 1.267741053604168e-05 1.455346992432785e-06 2.0192167737682474e-05 7.627139468329356e-07 0.0 0.0
1.0616592870900478e-06 0.00010555372466044539 3.187244560859144e-05 2.4111027417778636e-06 4.2969617440809684e-05 3.490172368932367e-05 5.253034252990575e-06 9.212327473682999e-05 9.58331048428251e-06 1.7690418365992937e-05 0.0 8.008781431815411e-06 0.0017952441739840271 2.267635727619849e-05 5.457948275711308e-07 1.1624373652666701e-06 0.00019504479777921003 0.0024975938675195503 0.000498524150961172 5.254682840428196e-06 6.578687707299047e-06 3.571290171516476e-05 3.306506362196563e-05 1.9930274083166106e-05 0.0006678107084563279 0.0014953759609061014 0.0004397967904699347 8.907164449990768e-06 0.00013487364118778484 8.092725036790086e-06 0.0002543038457472023 0.00011000152692259789 2.602278854537219e-06 0.0035622308880891578 7.521500815046806e-06 0.0008250409402251566 0.004703575468342733 0.0029806917001451035 0.0006588687083559158 3.350197896669062e-05 3.2132884393363214e-05 0.0009993372806532503 1.6815935516898538e-05 0.0 2.4515184539898754e-06 2.874532170559138e-07 0.0 0.0 0.0 3.005912610726276e-07 2.200680123772482e-07 3.6419785706080325e-07 3.51152441987128e-07 0.00019938518945386642 2.5181312012927985e-07 0.00044362819335311895 6.072294856942417e-07 0.0 6.815747549421793e-07 7.356702902309582e-08 8.497786324679291e-06 8.622640403623877e-08 4.772660295998932e-08 5.474901635815432e-07 8.021787602066868e-07 0.0 6.313497027775738e-07 5.97574530396876e-05 0.00011972404566455771 0.00012297877024143106 7.886725983105643e-07 2.3776763391244486e-07 1.8279190144629096e-07 0.00013930813889190743 8.056098449888685e-08 0.0 6.832503470964838e-06 6.163104553896527e-06 2.9868388106045192e-05 0.0003008819797131514 2.989650594107906e-05 3.1829333140411195e-05 4.640618368177869e-07 2.680268533167857e-06 4.712284265146395e-05 0.0
1.010472716109613e-06 0.0 4.2563133174115827e-07 0.002919035908234144 0.00012921458699625838 0.002796447007221814 4.059869711281689e-06 0.0005069883272118485 0.00020125220409407402 0.0010316042388009458 8.008781431815411e-06 0.0 3.3212598215954147e-06 0.0002823968784280974 0.000915198696807659 0.0 3.7538634192523367e-07 2.712448631066812e-06 2.570434645082098e-06 0.0038825828148027837 9.42397584975777e-08 9.58681416216684e-07 1.0409950277582598e-06 0.0005507403545520069 0.0 3.126897945535718e-06 9.093099957819147e-07 0.00039694818288032064 0.00017710870611813403 9.354567733147442e-07 1.173960433687179e-07 4.832406359859434e-05 2.9017607853105994e-07 0.00013221483809177484 4.8296724957257755e-06 0.00019452792785328927 5.673161459656621e-06 0.00018213741651255393 6.071197700599937e-05 0.0012472669564460104 3.2132434974516844e-05 1.6777201135763014e-06 3.6153452327306355e-06 0.0 0.0 0.0 3.357822612146891e-05 0.0 7.320656062825997e-07 1.3449161194911683e-06 1.1589733714737058e-06 1.0711391028335413e-05 2.0388174557829822e-05 0.0 4.870945546065634e-05 0.0 8.859542336240739e-07 1.5383467888899892e-06 0.0 0.0 0.0 0.0 1.8755875827337984e-05 0.0 0.0 0.0 3.6378696919844706e-05 0.0 0.0 1.4100760745341601e-07 0.00013153404962085071 3.33887267972263e-07 0.0 0.0 3.949144548684288e-07 5.9216059539082924e-08 3.076197947819532e-07 4.2969039052542287e-07 6.2699983179879325e-06 0.0 1.0002149133670204e-06 7.461506318903732e-08 1.9648583121238635e-05 0.0 0.0 0.0
1.8145077657093804e-07 0.00016037068900973936 2.720300675562294e-06 1.0681461864397444e-06 5.018260278611964e-05 5.0467559150843475e-05 5.439937119330476e-06 3.639496350072788e-05 1.2048540833164622e-05 8.474901327264344e-06 0.0017952441739840271 3.3212598215954147e-06 0.0 7.721999945136312e-06 2.1349805498400567e-07 3.949516806029406e-06 9.50003959158039e-07 6.013995470973738e-05 8.200926215725855e-06 1.389313475760446e-06 4.85752762197146e-06 4.3798008724220554e-05 6.48001895821462e-06 2.6751845013309852e-05 0.002735480311183006 0.00033135170098481926 0.0013513628373107859 1.534282101776007e-05 2.6951396089474804e-05 8.376392808060466e-06 0.00027982720526899816 8.016217352515367e-05 0.0 0.0002868496371939854 6.989668246142756e-05 0.0014210543895360511 0.005177048256597437 0.0023595071781540473 0.0007923009922606392 0.00010933880011625457 3.8966867110926274e-05 0.001031402125801185 3.008610581144508e-06 3.7607536917062473e-07 9.5697924931267e-06 1.5781880455854189e-07 0.0 0.0 2.0189869326478702e-07 5.55053432540982e-07 1.347665091641091e-06 3.7989291261099485e-07 7.686290159451764e-07 0.0005298087550184763 5.713033677074978e-07 0.0009968272405363862 1.1766493396574028e-06 0.0 1.3807681425920768e-05 1.9406062786386575e-07 1.4555111814202974e-05 8.129966931238571e-07 5.882529449291012e-07 5.05664242894109e-06 1.5566361111650423e-06 1.2567945895015423e-06 3.3786687485427e-06 0.0002579480979438986 0.00025178779364811663 0.0002863735475064848 4.40601585966775e-06 1.9463751589793806e-06 0.0 0.00023946840793534211 7.369526357268129e-07 0.0 1.6919846193889253e-05 4.7920814825635935e-05 0.00024888461310358586 0.0008543878055683058 0.00024237856549506328 5.937756519159146e-05 4.035378115908316e-05 1.042902309580862e-05 0.00018884953129248564 0.0
0.0017743989895723097 1.7758109498375799e-06 0.00012703988146684956 7.483700083425395e-05 2.8293780414065367e-06 0.0002634582132315706 0.004790899388304589 0.0022857567893268507 1.6343008401871364e-05 0.0011099806674104854 2.267635727619849e-05 0.0002823968784280974 7.721999945136312e-06 0.0 1.0328701978987988e-05 2.251679788315577e-07 0.0002330879633829121 8.700077161261789e-06 4.243358093853978e-05 0.00020357910541089622 6.336104275568578e-05 3.379354718991628e-06 0.0002799105030346362 7.89750080718248e-05 1.5347660838690856e-07 2.2601232322305405e-05 2.3535251623517643e-05 0.0006435250400267337 0.0025636538706200773 0.0011113464247062479 1.6027812780200297e-07 9.343930231323628e-05 6.833310527245604e-06 0.0002579486983421341 5.607163559960148e-06 0.00045671827780952544 2.410369569792137e-05 0.00024342158650446938 6.767339437953817e-05 0.0005903625424974301 1.9000762409469515e-05 2.0539516610155922e-06 3.115956973330982e-06 3.2796816533569494e-07 2.0566532799516641e-07 4.1216321572088086e-07 9.366414072651579e-07 8.241149621073977e-08 4.197733779535361e-07 4.589811550541318e-06 9.938134880411674e-07 5.44894577757278e-06 2.6929851940454045e-06 3.6222781246273737e-07 1.544199523126592e-06 0.0 1.2946928218192075e-06 0.0 3.9078178336081424e-06 0.0 1.9675024700046606e-07 0.0 5.205555025741665e-07 1.4351779883907024e-06 5.878056578300494e-07 5.929635793882256e-07 3.8536509478321115e-05 0.0 6.71717369280847e-07 2.4691453377225016e-06 3.420535173721224e-05 2.963758413354114e-06 2.4146388403090417e-06 0.0 1.2844558481859046e-07 9.496852668092719e-08 1.133758015068452e-06 2.758236491231233e-07 1.257438276419342e-05 1.7808770098817526e-07 2.1741758483378123e-06 7.159758441500351e-07 1.7961332536434592e-06 3.219197392788486e-07 0.0 2.670669789179209e-07
0.0 5.002434854180928e-06 0.0 4.7886584395074916e-05 0.0006230991447814229 0.0005356513669746198 3.1341819245887125e-06 8.209856689228191e-05 0.0004458316198702731 2.2411229363068156e-05 5.457948275711308e-07 0.000915198696807659 2.1349805498400567e-07 1.0328701978987988e-05 0.0 0.0 0.0 0.0 6.2171705237879e-08 0.00015237190529715746 4.3301725482700553e-07 2.227096272514458e-05 1.805676492099709e-07 0.00044296442406807233 2.0170121129358027e-06 1.493728113321751e-07 3.7694624350637734e-06 3.16281679077578e-05 3.861454670396081e-06 5.5251314424225503e-08 0.0 0.000525051991573105 0.0 4.4037475461522315e-06 6.517267007599008e-07 0.0002852678202012912 3.3698222917242216e-07 5.629171615957266e-06 1.7692445221011153e-06 0.0007315683874701507 4.254330821342006e-05 0.0 1.3038028323729874e-06 0.0 0.0 0.0 3.362832491217757e-06 4.287779509927912e-07 5.264618173107373e-07 1.9552045359799194e-07 7.089565247570135e-08 2.7297420733431372e-06 8.294753495328234e-06 0.0 3.886708775507814e-06 0.0 1.8886018246849954e-07 2.0550668051711724e-06 0.0 0.0 0.0 0.0 5.171045235507929e-06 0.0 0.0 0.0 1.5709340401917426e-05 0.0 1.7714705520855056e-07 9.94711232728925e-08 1.5531769901588663e-05 0.0 0.0 0.0 0.0 0.0 3.8086189383442017e-07 0.0 6.515982171188707e-06 0.0 2.7164379132393314e-07 0.0 2.4719462407875555e-05 0.0 0.0 0.0
6.725969256420575e-08 9.056590067158856e-05 6.718556946178782e-06 0.0 0.0 5.094835790693787e-08 3.474566918603133e-06 3.060357437335689e-07 9.971851165042596e-05 4.342900035840063e-08 1.1624373652666701e-06 0.0 3.949516806029406e-06 2.251679788315577e-07 0.0 0.0 1.625059985825049e-06 6.937150223510331e-08 2.731608977545914e-07 0.0 0.003027243069912313 0.001632346907164792 0.0036774043488267297 0.0010406796123573153 9.177448517266955e-06 7.98946767187932e-06 0.0013409976643521157 0.0012930802948539172 3.7456607914681464e-06 2.839896482687669e-05 1.5566973452838808e-07 5.74457842125021e-08 1.8691657205401633e-06 4.358316579765378e-05 3.1293237561609124e-05 0.000742077332884128 0.00019587808968873712 0.00017491834769784508 0.00014881067941843897 3.3101606349803274e-05 0.0 8.182666360658633e-08 3.9976841974890345e-06 1.6815021330625065e-06 1.7571613648490081e-06 6.549738480473772e-06 0.0 0.0 4.545101824815027e-08 3.295109395544744e-06 4.2657613765798156e-07 2.1905146347327178e-06 5.7120714709321325e-08 1.89785508090702e-07 0.0 5.545762725561217e-07 2.3083646420914936e-06 0.0 0.00252604221634288 7.241079976597208e-07 1.2425009420570398e-07 1.2604622439738316e-07 2.569625896323155e-07 0.0002676550147760385 0.000447175085032099 0.0006032328859127395 7.710246300723988e-05 0.0 7.339803959900737e-07 0.0002633167060278147 0.00014737955027194905 1.7213513524155703e-05 2.2799754640468075e-05 0.0 0.0 6.289066459289524e-06 9.903122602450958e-06 7.975170887536337e-06 0.0001733278103599201 3.6151765327073955e-06 3.219215742869436e-05 1.532773370915979e-05 1.0374868217842263e-05 8.06474533381483e-08 0.0 5.149064548562491e-07
7.313138672944833e-05 1.6081554398922733e-05 0.0047644829861999225 1.3296976399562671e-06 2.435857707943859e-06 6.971488864149357e-06 0.00013973150327445136 0.00013969143240660588 6.573142507974924e-07 1.8347975842700048e-05 0.00019504479777921003 3.7538634192523367e-07 9.50003959158039e-07 0.0002330879633829121 0.0 1.625059985825049e-06 0.0 0.0001402772765726665 0.00186611855449479 8.54096290548325e-07 5.575764378727098e-05 2.184022629525192e-06 0.0023606942753656227 3.9651491081063045e-06 3.479463198538757e-07 0.0015336010769240196 0.002991600243982188 3.895901258068421e-05 0.0002892464518747887 0.0004875786600877611 1.327222694234855e-06 6.996754005252376e-06 3.446909329624889e-05 0.0011828881808939875 1.2056887949490346e-05 0.000756133322460326 0.0008837536295610457 0.0009393536185668569 0.0002147372888075327 1.718822443513246e-05 1.5257192686416805e-06 1.2892056292776731e-06 3.1357561101688835e-06 0.0 3.6958640628952015e-06 2.0888019556366953e-05 0.0 0.0 0.0 4.0228847634437767e-07 5.3235084551447705e-08 6.16421430279343e-08 0.0 7.2093100165473e-08 0.0 1.0603646885689781e-06 6.787568743830576e-08 5.2866243169917416e-08 2.034468549904353e-06 2.1293068668749027e-06 8.79970824568587e-08 2.3697370919518384e-06 0.0 4.947942741540005e-07 9.69587430349272e-07 7.293796873425632e-07 9.440533764273784e-07 2.893207109129195e-06 3.7812371065148995e-05 7.212001419116634e-05 1.0463807207039587e-06 7.844724721162279e-08 3.821127411486293e-07 7.329214989565653e-07 0.0 8.452160823558801e-08 6.015695699408853e-07 5.402598544327072e-06 2.0153639492637104e-06 1.2330192142007967e-06 7.82517124946973e-07 5.706385312723255e-07 0.0 0.0 6.345984908645041e-08 0.0
6.385283993522123e-07 6.25062272962769e-07 3.496452989041846e-05 4.319484871574113e-07 1.0286459829597216e-05 8.705213848032705e-06 3.328587489840802e-06 2.7090780295116237e-05 2.7790971762211315e-07 6.691826312769663e-06 0.0024975938675195503 2.712448631066812e-06 6.013995470973738e-05 8.700077161261789e-06 0.0 6.937150223510331e-08 0.0001402772765726665 0.0 0.0009764136734390656 2.4266084981658426e-06 2.1875319197188333e-07 4.5307919864266204e-07 6.076864139758493e-06 5.97550040211815e-07 9.813908687615346e-06 0.0009614268722909972 0.00022008647339691242 3.6136057992659188e-06 4.667557387510347e-05 4.055309632446172e-06 3.5214726003977726e-05 3.169985846167862e-05 7.007760929843362e-08 0.0013416373594916603 4.957793796557775e-06 0.0006860760296285864 0.0014809194837123543 0.0008874124053109057 0.00020310476025755034 1.3802748102676525e-05 1.483872060971471e-06 2.338972179706115e-05 2.0351030354255285e-06 0.0 1.695122499768505e-06 1.4340855957929062e-07 0.0 0.0 0.0 0.0 0.0 1.2442081486701171e-07 0.0 1.2769516325031955e-05 0.0 5.81553358229219e-05 1.1832258602484615e-07 0.0 2.379339618823007e-07 6.70535771455408e-08 2.3656776300735348e-06 6.13710777902497e-07 0.0 0.0 2.15442048337826e-07 0.0 1.9526787900738346e-07 2.175552961759049e-05 6.788886066519705e-05 0.00010819692895511068 1.2511368700939123e-07 0.0 5.212829167749743e-08 3.371626195946196e-05 0.0 0.0 3.2799293236367493e-07 2.2164619065555494e-06 1.654610308548594e-06 4.947112429833905e-06 1.6005599869745354e-06 1.0836218296358532e-06 0.0 0.0 3.939552770987495e-07 0.0
1.1691295159667844e-05 2.492707967224427e-06 0.0003900062900306377 6.209651527990423e-07 1.5837086494549225e-05 7.453445301156204e-06 2.3386008897866906e-05 5.030636837679395e-05 1.4592337543546915e-07 8.349099574233806e-06 0.000498524150961172 2.570434645082098e-06 8.200926215725855e-06 4.243358093853978e-05 6.2171705237879e-08 2.731608977545914e-07 0.00186611855449479 0.0009764136734390656 0.0 2.1290914699575936e-06 4.364226098065986e-06 4.218870273869711e-07 0.0002838408539490595 8.566957509848442e-07 2.1013846461431955e-06 0.0018198373692022058 0.0010143144881735236 9.256635889061299e-06 0.00010550093556844096 5.450241930331443e-05 4.284766226949395e-06 3.103438518701944e-05 4.489795172814253e-06 0.0024109391522066912 6.291011863472482e-06 0.0008299971654846184 0.0007410421407671497 0.0011168603474160826 0.00030949130196207325 1.8291267565542952e-05 4.76898376828991e-07 2.7353141662746905e-06 2.3580011278642126e-06 5.118356327875859e-08 1.6791707301619958e-06 1.1837734841720815e-06 0.0 0.0 0.0 0.0 0.0 2.0771045144195272e-07 0.0 1.2692772852966203e-06 0.0 5.490631259263414e-06 0.0 0.0 5.069633627866505e-08 5.390067342882622e-07 7.118203632044663e-07 2.288187596840119e-06 0.0 9.358918538994324e-08 2.1198856082923983e-07 1.0778428667762795e-07 2.530014930352993e-07 5.2036025467415335e-06 3.2872560482286545e-05 4.7361426018514746e-05 3.952014991672535e-07 6.621641800864909e-08 0.0 6.394639671805188e-06 0.0 0.0 0.0 1.4818832776684587e-06 8.781670097508031e-07 6.224913495170696e-07 6.437704874625419e-07 0.0 0.0 0.0 0.0 0.0
2.2595483958417695e-06 0.0 1.0110092342756683e-06 0.003544769595144908 6.716330342560568e-06 0.00047954326117051656 8.359832611928829e-06 0.0002807706844121275 0.00017439776885715968 0.0009693026863065813 5.254682840428196e-06 0.0038825828148027837 1.389313475760446e-06 0.00020357910541089622 0.00015237190529715746 0.0 8.54096290548325e-07 2.4266084981658426e-06 2.1290914699575936e-06 0.0 8.7887497724816e-07 0.0 9.939636844976508e-07 0.000531851588953135 8.648448241084285e-08 2.2777123558706595e-06 1.4002810237484655e-06 0.0019434468265786757 0.00015528376426772293 3.016770775529273e-06 4.477359804393664e-08 2.3854713042120254e-05 1.1747653556366867e-06 9.336358724517353e-05 3.5740666667206745e-06 0.00014851529371895535 2.7449978907553786e-06 0.00016437067263133507 7.74514595007588e-05 0.00044506787807756736 3.0846320983497434e-05 6.501961216861662e-07 8.617556581602618e-06 5.963415074359678e-08 0.0 0.0 2.661101217296176e-05 0.0 7.469910726261733e-07 7.5493562410290855e-06 1.813824919239255e-06 2.3031051077610793e-05 3.120895340418587e-05 3.753643061177623e-07 2.5784875441022482e-05 0.0 3.378034552422372e-06 1.706811880655252e-06 0.0 0.0 7.25305347159919e-08 0.0 2.2741573093357063e-05 3.006849907724653e-07 0.0 6.716776645179947e-08 8.572755060511092e-05 0.0 8.856547089136538e-08 2.4080940220305847e-07 0.00012520796311353468 9.235603338726379e-07 5.04113689477162e-07 0.0 5.873499367634102e-07 0.0 3.6125092956257103e-07 9.510797861411898e-07 1.2105972307538736e-05 0.0 4.376257064975773e-06 1.3492577058538706e-06 1.5563318283945986e-05 2.7544743835569853e-07 8.800225032915497e-08 0.0
1.6139881186500693e-05 3.584366112178231e-06 0.0003134921251665381 1.7715717131857047e-06 4.6754298794677505e-07 1.2993373659098963e-05 0.0007673096079084649 5.7478822836105954e-05 5.1880637066686884e-05 1.613675921799991e-05 6.578687707299047e-06 9.42397584975777e-08 4.85752762197146e-06 6.336104275568578e-05 4.3301725482700553e-07 0.003027243069912313 5.575764378727098e-05 2.1875319197188333e-07 4.364226098065986e-06 8.7887497724816e-07 0.0 0.0001792007719225879 0.005579033374445331 4.0110151576617815e-05 1.297209578211433e-06 5.368533981795278e-06 0.00027428116002619425 0.0011376555730373361 0.00011900248629872657 0.0056265539576749795 7.066606458106672e-08 1.1677600360097163e-06 1.3377851699222493e-05 0.0019116981408941862 0.00017164246316966506 0.0037447997409062136 0.0006695214252536404 0.0022228779703396214 0.0013911090771805996 0.00011600296180347102 1.0715272927289493e-06 4.464226571666059e-06 2.9373916095239718e-05 1.5598802068239279e-06 0.0 1.554234259829388e-06 0.0 0.0 5.634160628193375e-08 2.385634371512856e-06 1.6105663675620416e-07 1.3475541529265068e-06 6.69896350616189e-07 0.0 8.966804161364958e-08 3.563376938379431e-07 1.5892906197407953e-06 0.0 0.0005736312210807616 0.0 7.541651232836177e-08 0.0 0.0 0.0001589343457669193 7.30815037309992e-05 5.605992256019536e-05 3.961725818025907e-05 0.0 1.362979703936447e-07 1.3034487804083942e-05 9.659041605048559e-05 1.104252724150522e-05 1.4887268589129594e-05 0.0 0.0 4.830499675701263e-06 5.9437198996087615e-06 4.536806805809924e-05 7.236216118342005e-05 6.233937272023404e-07 1.681910422105242e-05 7.511431236548991e-06 5.162174329485617e-06 6.698103882284126e-07 5.524247529544994e-07 0.0
3.9890376288031043e-07 0.0009572297473436645 1.604773089696207e-05 0.0 1.1559757729876083e-06 5.244869200805851e-07 1.5224687922108707e-05 1.2171285004215323e-06 0.0011420419699070265 2.4362512775943266e-07 3.571290171516476e-05 9.58681416216684e-07 4.3798008724220554e-05 3.379354718991628e-06 2.227096272514458e-05 0.001632346907164792 2.184022629525192e-06 4.5307919864266204e-07 4.218870273869711e-07 0.0 0.0001792007719225879 0.0 0.0002523964284023172 0.0034668318628193247 0.0004280684627456536 4.5687034789878096e-05 0.0019414204727949745 0.0004888433270056569 2.3213018127208067e-05 3.847571532370647e-05 6.318997773062368e-06 3.2721491435734183e-07 4.100167141232584e-06 1.7450763414782145e-05 3.4210892282867364e-06 6.197924460394955e-05 1.0905773201213552e-05 2.61196405031115e-05 1.3915708664610788e-05 7.333682885445513e-05 2.3139937857492622e-07 6.34400567040216e-06 5.460476088766312e-07 3.162224468891094e-07 4.57482014473118e-06 1.9014780766940732e-05 0.0 0.0 0.0 3.7087074296657087e-07 0.0 1.4111253283179638e-06 2.451236040104629e-07 5.618903932242843e-07 0.0 1.0517107763365158e-06 2.7685197819199915e-07 0.0 0.0008672203378790401 5.586730723117659e-07 0.0 0.0 0.0 5.852739074248219e-05 9.158870260802179e-05 0.0001566285137104129 1.5941639217658282e-05 4.6287563441813196e-07 3.317097022942675e-06 0.000279785092551553 2.3372663014946116e-05 1.5619207024410729e-06 2.9533031849701224e-06 3.1878129301725235e-07 0.0 5.260668368311323e-07 1.3925933124241324e-06 1.6527231824615218e-07 1.2435586711514095e-05 1.0918598935203787e-06 4.5854212053035e-06 2.2255309332980844e-06 3.954419809366887e-07 0.0 0.0 0.0
8.53631619398692e-05 0.00013271715252708148 0.007244074453135477 1.702728889454384e-06 1.2544299106713156e-06 9.938054840405555e-06 0.000512014192426424 0.00014790729081207713 9.998244702792913e-06 1.6266436361049365e-05 3.306506362196563e-05 1.0409950277582598e-06 6.48001895821462e-06 0.0002799105030346362 1.805676492099709e-07 0.0036774043488267297 0.0023606942753656227 6.076864139758493e-06 0.0002838408539490595 9.939636844976508e-07 0.005579033374445331 0.0002523964284023172 0.0 0.00025254655092205123 8.578269155445437e-07 0.00021660782139928798 0.005680228278441929 0.00257061099398527 0.00032878172117451366 0.0031441533333988734 1.934046543296816e-07 4.849911299635029e-06 2.525514403493882e-05 0.00183548003494571 0.0003224267537053815 0.006139838603519501 0.004352790514069834 0.004734893079290321 0.0027826942709423077 0.0003792636353800442 5.126758404523452e-06 1.1642582278615848e-05 5.392222987479911e-05 2.3316836710130527e-07 9.450491411825533e-06 0.00012520245498335854 0.0 0.0 0.0 1.4904349383796673e-06 4.891649522046381e-08 3.3826417157423805e-07 0.0 0.0 0.0 4.464744821403547e-07 6.006918378385955e-07 0.0 0.001349544899168293 2.760303846864638e-06 0.0 5.216908737819152e-07 0.0 4.445197813685662e-05 0.0002070672423094505 0.0005158885622169135 1.8305363720163713e-05 0.0 3.5363211114381955e-06 0.0007856253939557537 2.563661819761141e-05 5.858833876274265e-07 3.6380900671131624e-06 0.0 0.0 7.041987644704193e-07 3.942290177439219e-06 0.00010866352592785849 7.748237231750968e-05 3.244980848227399e-06 8.019934268696744e-06 8.714547410406272e-06 1.3170775149332143e-06 3.0692921717487316e-07 0.0 0.0
8.083299297662299e-06 0.0005291849524764003 3.0125597704469655e-05 0.0009606918356490918 1.4415770468310432e-05 3.8567180611772214e-05 0.0002377194390149849 4.78924135819014e-05 0.004173951565806256 0.0003007072292328809 1.9930274083166106e-05 0.0005507403545520069 2.6751845013309852e-05 7.89750080718248e-05 0.00044296442406807233 0.0010406796123573153 3.9651491081063045e-06 5.97550040211815e-07 8.566957509848442e-07 0.000531851588953135 4.0110151576617815e-05 0.0034668318628193247 0.00025254655092205123 0.0 0.0001800513565508892 4.192706485768431e-05 0.0005920741296445394 0.007222021900189437 0.00028837634951063177 0.0002907166746082978 4.554301955309846e-06 3.850876826490052e-06 5.7126446112252155e-05 0.00012809486121439828 4.669886875455779e-05 0.0008440202261847325 5.8443092993554795e-05 0.00021588283049906977 0.00016408215398505509 0.0003829561414602948 9.278327751375907e-06 3.1020400637768786e-06 5.722617987196302e-06 1.711840046242239e-05 3.974609766547195e-06 5.785474885118328e-06 0.00014932046158166602 8.77591846235716e-08 1.3384053024533036e-05 0.0001255867295385104 3.101149638863442e-05 0.0006598195042243209 0.00018573417278718986 4.981977743842265e-06 5.947284380094591e-05 1.0986675084408464e-06 4.873098695355785e-05 9.493726188039425e-06 0.0003650667018309887 9.743945748235292e-07 1.5829810171699036e-06 3.5425845468219287e-07 0.00011181499927925335 9.402055022277137e-05 0.00012338418534769697 2.9767483673390928e-05 0.0018836770674216371 1.2380942456712768e-07 3.910862110900756e-06 4.6246469849456336e-05 0.0017145224153217002 0.00011887803775564069 8.96768436836129e-05 1.8728884438596416e-07 3.838030335740741e-06 1.3103298884159682e-05 3.9642034985853384e-05 1.649243077826673e-05 0.00022182371927027882 4.432242819323192e-06 0.00013653993816408724 4.245366247117537e-05 0.00013703227233981694 4.76282015035958e-06 2.270870682087823e-07 1.5874699576593262e-06
