0.0 0.0 5.3055089976736896e-05 9.062815285811974e-08 6.114352655941957e-06 6.974105385962133e-05 0.0020840587357498835 0.0014810269485615798 0.0 2.8168176199513878e-06 1.8762407224587585e-05 6.789615647072196e-07 5.876502915027444e-07 0.0031496656790084804 9.16256080561827e-08 0.0 0.00013310368219580424 3.146373141341613e-06 1.75845719438906e-05 0.0 2.2692644524223206e-05 0.0 9.260325806184774e-05 1.7834757421874027e-06 3.649490001943213e-07 5.755099910413311e-05 1.1843896098946204e-05 3.5395518439078955e-05 0.0020313810069885726 0.0014144850863794624 3.4933653666896477e-07 5.252719792383017e-05 1.5935421089492684e-05 0.0004934199141911553 8.667240615173615e-07 3.3895596825089105e-05 9.728924049651564e-06 0.0002913331133365851 3.761776369357029e-05 5.635876753096664e-05 8.296005054791223e-05 4.227533469779982e-06 2.7582519097553152e-06 0.0 0.0 0.0 0.0 0.0 0.0 0.0 0.0 0.0 0.0 0.0 0.0 0.0 0.0 0.0 0.0 0.0 0.0 0.0 0.0 0.0 0.0 0.0 6.257250460045826e-08 6.492158791441887e-08 1.2610142819552503e-07 2.610146043492496e-07 2.169577146232425e-07 0.0 0.0 0.0 0.0 0.0 0.0 0.0 1.7231471256182272e-07 0.0 0.0 0.0 0.0 0.0 0.0 0.0
0.0 0.0 0.00019163437215340595 0.0 1.5765556109653527e-07 0.0 2.5263850910767453e-06 0.0 0.00014757736280160928 0.0 2.5566371071249342e-05 0.0 0.00022012494608738994 6.931031795794062e-08 0.0 7.562075890237354e-05 5.610426292062265e-06 5.3712984792665865e-06 6.990817642058312e-05 0.0 5.0856902151003235e-06 0.0017811324743207473 1.6333040352113687e-05 0.0001272165532298781 0.0004177704012909126 0.00039701687569261443 0.004219683614882655 3.478442722507879e-05 0.0 1.7271329291264996e-07 4.0714579687286295e-05 0.0 0.0 5.6499658692913055e-06 3.037657064585663e-07 1.0078136896261167e-05 0.0002848454820887932 1.3481672862437561e-05 6.439887812847922e-06 0.0 0.0 3.19081428369291e-06 0.0 7.473641879218552e-07 0.0003433777280508966 6.696590595236286e-05 0.0 0.0 0.0 2.397254483930333e-07 6.067166384221247e-07 0.0 6.815088516504884e-08 1.1914383886362394e-05 0.0 2.043049794312837e-05 2.5703880293836975e-07 0.0 1.3611427123555636e-05 1.3039477223587682e-05 4.097721351550094e-06 5.7052106400016e-05 0.0 6.675422529263965e-07 1.2275600060347906e-05 2.1600143153499556e-05 5.66725756926642e-07 0.00046632945199258613 0.0002876986706943476 0.001373690604564205 1.2436321872173802e-07 6.719453664910661e-08 7.212506909053703e-07 1.4982120834600244e-06 0.0 0.0 2.9408189371822084e-05 3.8077449136179813e-07 2.1490732124791143e-05 5.759829304669965e-05 9.369144761824567e-05 1.765812002952545e-05 3.150127096467251e-07 0.0 0.0 0.0
5.3055089976736896e-05 0.00019163437215340595 0.0 6.401978988619447e-08 1.8104627929065914e-07 2.103142968087397e-05 0.00032838992579592164 8.884897598861294e-05 0.0 4.922444691445035e-06 7.630835364559144e-06 1.2501355474181865e-07 2.7111258796746283e-07 7.210493858329854e-05 1.3388330076916265e-07 5.126562156276471e-06 0.0038888721378343683 2.743256645530433e-06 0.00016233632533773593 0.0 0.0006588280021128303 0.00020395354666526255 0.005112653717593245 2.724461007168319e-06 0.0 0.0035506186927830186 0.002557941794463926 0.0005908359200072833 1.444287714998862e-05 0.0002571669099662258 0.0 1.8245983701063652e-06 5.982625344560754e-07 0.0012512148156205544 1.2771501682169886e-05 0.0014319501539332522 0.00459035752465339 0.00237638361110303 0.000903723785951586 3.6618481412435355e-05 7.5655559799487986e-06 8.384217690557203e-06 8.964197694834735e-06 9.957578368494974e-08 0.00027213067197749116 0.00018423380763574662 0.0 0.0 0.0 0.0 0.0 2.882939947030373e-07 0.0 7.370655456674578e-07 0.0 3.2467177562409746e-07 1.6359515069914636e-07 0.0 4.9380759669010724e-06 1.9563473618999673e-05 5.314312565995343e-07 3.89194474843524e-06 0.0 1.1132835442670464e-06 2.5602945452410063e-05 6.94701255087608e-05 2.0851746206441044e-06 3.4473864767478046e-06 3.4563974884519175e-05 0.0009711013087347946 3.4428870775785217e-07 0.0 0.0 2.0681413130793196e-07 0.0 0.0 3.720353167545954e-05 3.920114337203423e-07 2.4014292842048056e-05 6.69089179717174e-05 0.00011012184556136016 2.185007952757355e-05 8.535575542327982e-08 0.0 0.0 0.0
9.062815285811974e-08 0.0 6.401978988619447e-08 0.0 1.0872002649787388e-07 8.228962330951298e-05 1.952720643672571e-05 3.850401445103565e-06 0.0005049194997985625 0.00032797266058157604 1.8796613316997768e-07 0.007866768289903443 0.0 1.7548443360850531e-06 1.0392469645355076e-05 0.0 0.0 8.109986004607101e-08 6.211108664540047e-08 0.0037609582412756423 0.0 1.7992335444691182e-07 7.711354556746774e-08 0.0007056844430841476 0.0 2.434975282823557e-07 2.0088872553691407e-07 0.0008346726627389857 2.4508397721863872e-06 0.0 0.0 9.235194533339239e-07 7.773894975934399e-08 5.418754202675013e-06 1.5826355000996824e-06 3.499864039471823e-05 3.645664185007446e-07 8.866806497256593e-06 7.61184290864816e-07 0.00013141686121961082 7.53384895532769e-06 0.0 1.0397139949416915e-06 3.101949113559783e-07 0.0 0.0 1.5417747993898267e-05 0.0 3.0518970764858407e-06 5.152427679978794e-06 6.890669250925057e-07 4.212657500682293e-05 2.0031961811791e-05 8.450372120668687e-08 2.468814250686327e-05 0.0 1.2587019062799885e-06 5.441533547805077e-07 0.0 0.0 0.0 0.0 9.926189076384608e-06 0.0 5.208359637654489e-07 0.0 0.00013165683933989575 0.0 5.192952707539737e-08 0.0 0.0001369675603277394 1.007226386788566e-06 6.485957843451738e-08 0.0 0.0 1.7985263204188877e-07 1.8373940333319027e-06 5.576339619878911e-08 2.5344257260737107e-06 0.0 2.970076965582717e-06 3.4204371262418655e-07 8.417775960686404e-06 1.0005767334327938e-06 0.0 0.0
6.114352655941957e-06 1.5765556109653527e-07 1.8104627929065914e-07 1.0872002649787388e-07 0.0 0.0002717503648360389 9.80452045970177e-06 1.4846378676627027e-05 5.0169696849402435e-05 6.64110037611005e-06 1.1219448461148688e-05 2.567556999441152e-05 0.0 6.5582083845372485e-06 0.00032659104889112367 0.0 7.877502667921827e-07 1.8324696859807617e-06 2.1704578359000926e-06 6.620481531002589e-07 8.375798056532197e-08 0.0 3.021065564287037e-07 3.59418691953371e-07 2.5753072640949193e-07 5.30511336744237e-06 1.444953352231058e-06 2.946119877889578e-06 6.873058444105204e-06 2.4936660339200932e-06 0.0 3.695621075294558e-05 6.508051730693015e-08 0.000257900771968722 2.3027004814160742e-07 9.324543803811532e-06 4.520839766273093e-06 3.646004002889261e-05 2.1259102678260684e-06 9.580885922196891e-05 4.191080476375532e-06 8.762394684799217e-08 0.0 0.0 0.0 0.0 0.0 0.0 0.0 0.0 0.0 0.0 0.0 0.0 0.0 0.0 0.0 0.0 0.0 0.0 0.0 0.0 0.0 0.0 0.0 0.0 0.0 0.0 0.0 0.0 0.0 0.0 0.0 0.0 0.0 0.0 6.590451863400137e-08 0.0 0.0 0.0 0.0 0.0 0.0 0.0 0.0 0.0
6.974105385962133e-05 0.0 2.103142968087397e-05 8.228962330951298e-05 0.0002717503648360389 0.0 0.004105096889433997 0.0029700886028967595 4.57048276454945e-05 0.009495936077234634 7.043065511872241e-06 0.0013556775075844727 2.635064950608049e-07 0.0008356716111714884 0.00028420210344660854 0.0 1.778516512595021e-05 7.87132198254824e-07 4.061138818356982e-06 0.00030463026525687784 7.019767020886195e-06 0.0 4.014886128781032e-05 4.233324766982793e-05 4.251945782115377e-07 1.3733412430252287e-05 4.951576452028964e-06 0.0005780295381218798 0.00027961894600897263 0.00011129258178735888 4.3715728931938344e-08 0.000527131819079412 3.5516763816687596e-06 0.00017529314820619393 3.2286286230466956e-05 0.00013248018577919976 5.521708721876042e-06 0.0001245969578120602 2.6000659649794567e-05 0.0010844682098042407 7.594857415866222e-05 8.614299437322122e-06 6.844687988201449e-06 0.0 0.0 0.0 5.638748890014991e-07 0.0 8.700472128586172e-08 6.342503745361525e-07 5.4760296834199806e-08 2.940139070013625e-06 1.3988235968307728e-06 0.0 2.216834022306392e-05 0.0 1.5830142759452787e-07 0.0 0.0 0.0 0.0 0.0 6.933938218527917e-07 8.402414324861193e-08 0.0 0.0 2.374421170055209e-05 0.0 0.0 8.090350060853108e-08 2.095733376162934e-05 2.8935004116568607e-07 3.2188311686841057e-07 0.0 0.0 4.1453479446117484e-07 3.145619985757231e-07 0.0 2.2776359360098306e-06 1.2850475071642734e-07 5.419987426631523e-07 3.2890573451641977e-07 7.643145127302917e-07 2.440870265303621e-07 0.0 0.0
0.0020840587357498835 2.5263850910767453e-06 0.00032838992579592164 1.952720643672571e-05 9.80452045970177e-06 0.004105096889433997 0.0 0.004169145149629682 0.00011551007349200345 0.006378755204220924 1.9738819398753316e-05 0.00022956186170518833 1.5108974710656879e-06 0.0032576380392879815 4.116438123697294e-05 3.1819287504443152e-06 0.00010510801172953077 3.6208565607693735e-06 1.3612538871657558e-05 9.152254043634189e-06 0.0001815880262482869 3.808920797893555e-05 0.0008988580667664871 0.00024152159691008166 2.4352880906374948e-06 0.0001226157465921689 6.185301792596499e-05 0.011034261858795648 0.001573764194890423 0.0012320682856393655 3.8313647227169205e-07 7.97170105270559e-05 0.0001722779775597815 0.0011503488176403504 4.8534873423943806e-05 0.002641519170322294 8.589197110064834e-05 0.001960871244385905 0.00043554422930082654 0.001064790064608324 0.0006208442489219587 1.0882842010242873e-05 0.00010708879614236535 5.371749977349362e-07 2.795718133832634e-07 2.7274855051611193e-07 2.80645217566778e-06 0.0 3.106750002843839e-07 1.2266879582262571e-05 1.2732706982218548e-06 1.2980696864740164e-05 2.947539893804678e-06 2.1323908986569914e-07 4.855368840869982e-06 0.0 1.07734495702827e-06 1.9972949830679897e-07 5.917761725349368e-06 0.0 1.4449192581762342e-07 1.2500478014786405e-07 2.18014620338298e-06 3.927358569144398e-06 2.0016617355140694e-06 1.1989189825311014e-06 0.00015549659212311319 0.0 1.682469247449742e-07 3.166148794368491e-06 0.0001633757691321541 6.129732052391075e-06 3.7559012413045842e-06 0.0 0.0 1.7563575805926144e-06 3.9508935424853865e-06 1.1543312944762846e-06 1.724693494511629e-05 2.292551729665235e-07 1.1683139555820877e-05 1.0406979769680465e-06 5.103965104216798e-06 3.28694270619708e-06 5.453235708093437e-08 3.9143743784231136e-07
0.0014810269485615798 0.0 8.884897598861294e-05 3.850401445103565e-06 1.4846378676627027e-05 0.0029700886028967595 0.004169145149629682 0.0 4.6511379758644657e-07 0.0008131642224499071 3.0946204202787734e-05 6.128171261213259e-05 1.2861354217305353e-06 0.00328167901878599 1.7084062418055958e-05 0.0 0.00014637263300574537 4.1403192301022585e-06 2.0530113617738446e-05 1.511114199425111e-05 2.3828787242456346e-05 0.0 0.00015835125732133204 4.563046802444668e-06 8.510407140733717e-07 7.325949960592426e-05 1.6326464827631812e-05 0.00017231475439091117 0.000633504423762644 0.0009341517044464657 3.35323774418445e-07 0.00012126243534293862 1.9249704760905015e-05 0.0008567215527876629 4.879647848681289e-06 0.0002000485912701767 1.7084191288297286e-05 0.00033828323540864173 7.878129628223922e-05 0.00027433331771101595 0.00031507782902714325 1.376477915744299e-05 6.4471226241405e-06 0.0 7.370685351375534e-08 0.0 0.0 0.0 0.0 8.754419436384915e-08 0.0 6.321849561076135e-07 0.0 0.0 1.1201582154480434e-06 0.0 0.0 0.0 6.882665811044232e-08 0.0 0.0 7.114017319080913e-08 0.0 0.0 0.0 0.0 2.5192021050967873e-06 0.0 1.476238685372014e-07 1.2343309414288243e-07 1.7731288514126992e-06 0.0 3.207650433061937e-07 0.0 0.0 1.3624757223571138e-07 0.0 0.0 1.4649184607227895e-07 0.0 3.905512743315616e-08 4.888954726889927e-08 0.0 6.291676351923315e-08 0.0 0.0
0.0 0.00014757736280160928 0.0 0.0005049194997985625 5.0169696849402435e-05 4.57048276454945e-05 0.00011551007349200345 4.6511379758644657e-07 0.0 0.0005697644681347664 1.8321203584712361e-07 0.0005798054854503972 1.112858156180847e-05 6.305743893717219e-08 0.0002568942540599165 3.310147455271043e-05 0.0 8.06183967836724e-08 0.0 0.0005184501626873543 9.029145606531018e-06 0.0013550846121472863 3.01731075460757e-06 0.004704895292287382 4.25422879461629e-05 1.721245135470398e-06 2.4462695407828273e-05 0.0017187897422419052 4.3763877020144855e-07 8.960735442099083e-06 2.966681230025003e-07 7.663084305518672e-08 0.0 3.8719898593501224e-07 2.683080732738245e-06 3.910234449818082e-06 1.2369393568686656e-07 6.642262258036595e-07 1.5077736010900123e-06 9.621563344603339e-05 3.1042499483534374e-07 8.497077158182666e-08 1.3829256947068928e-07 9.024146049633099e-07 8.375498522200416e-08 2.5211863614678575e-06 3.7279771614465316e-05 0.0 3.25221013521301e-06 2.6750951809302496e-05 2.520656179827378e-06 6.11005028751951e-05 4.452396806943087e-05 2.1043778606263315e-07 9.901445016268351e-05 0.0 5.501892358609541e-06 1.4229270076323106e-05 0.00010020738520691125 1.4201434227532752e-07 0.0 0.0 1.8518686011701443e-05 4.298075138136553e-05 3.31335972898715e-05 4.137829697489414e-06 0.00065375957215541 1.957144120873224e-06 4.0716262024797364e-07 0.0 0.0006097161813640003 3.206409365123529e-05 2.6286273916393906e-05 0.0 0.0 6.326185943090261e-06 2.998842076175587e-05 1.485249796920905e-06 7.487779378723949e-05 9.608973970084773e-07 5.039175770107018e-05 9.300619967365828e-06 3.054160743180176e-05 1.171878501347667e-05 7.761767359430462e-08 2.2515962888891862e-06
2.8168176199513878e-06 0.0 4.922444691445035e-06 0.00032797266058157604 6.64110037611005e-06 0.009495936077234634 0.006378755204220924 0.0008131642224499071 0.0005697644681347664 0.0 5.095841774251371e-06 0.005579557035777244 3.578962764093567e-07 0.00024273469592129475 0.00010115195702550227 1.2810534811449324e-07 1.0355095607373282e-06 6.864975812632956e-07 7.321104843008653e-07 0.001509454213700336 4.7125426900768536e-07 1.1107452962127304e-06 9.44890124328263e-06 0.000357275110689944 2.660182372633686e-07 4.5221579493252195e-06 1.388832658560228e-06 0.0025082638543624876 8.871565351889427e-05 5.181089491752432e-06 1.1321099172008903e-07 4.470087007393209e-05 1.861168240632432e-06 0.00018572113507033485 6.438412280887376e-05 0.00041087563025208744 5.585157963465632e-06 0.00025560486330787797 1.4133134244749137e-05 0.0013135354052523538 0.00025729717315379325 4.569055578604699e-06 2.935832271419679e-05 1.0002139914837812e-06 0.0 1.0235852810588947e-07 5.695094314897803e-05 0.0 5.718597231017425e-06 4.385361720053979e-05 1.7268525826116163e-06 7.803537546510052e-05 5.984806404384961e-05 0.0 5.8293687211679095e-05 0.0 3.094205419867003e-06 1.5045133871977647e-06 0.0 0.0 0.0 0.0 3.2076376306122035e-05 0.0 6.801976606693815e-07 0.0 0.0004922602500373583 0.0 1.244805774475755e-07 0.0 0.0006501971501704682 6.856068530842584e-06 5.052566487061432e-07 0.0 0.0 5.015018683927868e-07 9.63127964278168e-06 4.895973932195843e-07 1.5840039770217427e-05 9.300629100226338e-08 1.628732593336714e-05 1.7907825356911646e-06 3.882119268230996e-05 5.057022180647774e-06 0.0 4.0956105037479013e-07
1.8762407224587585e-05 2.5566371071249342e-05 7.630835364559144e-06 1.8796613316997768e-07 1.1219448461148688e-05 7.043065511872241e-06 1.9738819398753316e-05 3.0946204202787734e-05 1.8321203584712361e-07 5.095841774251371e-06 0.0 6.468001641244616e-07 0.0033992863390543042 2.993460423593229e-05 0.0 5.43762750265417e-07 4.073005329315598e-05 0.001998833310186989 0.0019209431177732547 6.168884484432894e-07 4.800150767478483e-06 3.935183357352591e-06 1.1498957448674162e-05 1.1521736429664454e-06 0.0030386842073889947 0.00264308214525222 0.0009245524341259875 5.974646951035966e-06 1.892735535424374e-05 9.680232283139973e-06 0.00044281681891463625 7.72367217786184e-06 6.333134340829432e-07 0.0025849699794458867 4.688173774980233e-06 0.0004249838262286441 0.0026051475246014386 0.004217579570086586 0.0019417975868847924 1.802834190875883e-06 6.873038695395584e-06 0.00122997102658802 8.672895042219149e-06 0.0 2.2260542270258564e-06 0.0 0.0 0.0 0.0 0.0 0.0 0.0 0.0 0.00041210821397451964 0.0 0.0002310033764855156 2.3331976575049962e-07 0.0 9.763394372454931e-08 8.571828593629353e-08 0.00017427109480831323 2.9966677823033444e-06 0.0 0.0 7.492673350944557e-08 1.3459229853249535e-07 4.233429127680598e-08 0.00010003406671956429 0.00019476952056575456 0.00020191557474374163 0.0 0.0 0.0 3.139164404806278e-05 0.0 0.0 6.9452494042881895e-06 7.213534253079501e-07 3.053174423024067e-06 0.0001366825037030309 6.851342936267026e-06 4.085769491220248e-06 6.151806152746787e-08 0.0 6.69946470291432e-05 0.0
6.789615647072196e-07 0.0 1.2501355474181865e-07 0.007866768289903443 2.567556999441152e-05 0.0013556775075844727 0.00022956186170518833 6.128171261213259e-05 0.0005798054854503972 0.005579557035777244 6.468001641244616e-07 0.0 0.0 1.8989895573741804e-05 0.00031963651533212353 0.0 0.0 1.275439444248415e-07 1.2508489089856083e-07 0.00396691271646336 0.0 0.0 3.729913677918337e-07 0.00015264025407851035 5.671764797440885e-08 4.0180206868464524e-07 1.267830215041106e-07 0.0010065221978492404 1.2147922805525757e-05 3.773267689778535e-07 0.0 1.5235227039550176e-05 4.042290808472583e-07 3.356550927493003e-05 5.232784150434344e-05 6.492286493499326e-05 4.141759018219868e-06 2.0900691026603984e-05 1.4809632462604656e-06 0.0008290338501480028 2.909452847236115e-05 8.831028219617549e-07 1.3291505662899306e-06 0.0 0.0 0.0 9.7169191482521e-06 0.0 8.574744771785273e-06 3.5431568294512155e-06 2.8755006301410746e-07 1.947513329762127e-05 5.157408407913687e-05 0.0 0.00017695313865303955 0.0 5.497935216425565e-07 6.161251938533485e-07 0.0 0.0 0.0 0.0 1.8392954355701893e-05 0.0 0.0 0.0 7.566773853651788e-05 0.0 0.0 0.0 0.00010470453685851129 1.3178357861176776e-06 3.2567392352669167e-07 0.0 0.0 5.996789500859712e-08 9.858569615046533e-07 0.0 4.128057589604515e-06 5.817235701299556e-08 3.564002122513506e-06 1.0978893531712275e-07 9.911244753552409e-06 8.00702207650412e-07 0.0 1.679678703389732e-07
5.876502915027444e-07 0.00022012494608738994 2.7111258796746283e-07 0.0 0.0 2.635064950608049e-07 1.5108974710656879e-06 1.2861354217305353e-06 1.112858156180847e-05 3.578962764093567e-07 0.0033992863390543042 0.0 0.0 7.95019119280585e-07 0.0 1.5852671817219148e-05 6.880328268611879e-07 1.6568244899470994e-05 6.364646215896772e-06 0.0 1.1243521659507945e-06 0.00013820188395994326 2.302455456459453e-06 1.8333190748980798e-05 0.00325454839811353 0.0005244325857463963 0.001479937042896643 6.170115041946529e-06 7.665241422565292e-07 3.8570275908875145e-07 0.0006383890052471773 1.1519787342147864e-07 0.0 0.00017030353681129974 3.283292131528463e-07 0.00012336924350766856 0.0015592005210153328 0.000771487151754869 0.0001770238306465182 4.128709693464475e-07 0.0 0.0002565017854839469 5.915576522554227e-07 0.0 4.9742955173430624e-06 0.0 0.0 0.0 0.0 0.0 0.0 0.0 0.0 0.00016418260914771948 0.0 0.0001357750673168969 0.0 0.0 9.463611779568879e-07 0.0 0.00011899193875486783 1.654609406546735e-06 0.0 0.0 6.444421124002141e-07 1.3325242390884799e-06 7.95524069558529e-08 0.00012858639522973336 0.0001597351093112769 0.00011285363476992709 0.0 0.0 0.0 1.459855463628044e-05 0.0 0.0 2.147612992596145e-06 0.0 2.0748757140947076e-06 5.0885843416561985e-05 4.5799603197696285e-06 1.1641598440264472e-06 0.0 0.0 2.70246089766578e-05 0.0
0.0031496656790084804 6.931031795794062e-08 7.210493858329854e-05 1.7548443360850531e-06 6.5582083845372485e-06 0.0008356716111714884 0.0032576380392879815 0.00328167901878599 6.305743893717219e-08 0.00024273469592129475 2.993460423593229e-05 1.8989895573741804e-05 7.95019119280585e-07 0.0 3.1931566186745725e-06 1.4830096295758808e-07 0.00013511997244218342 4.982349889806735e-06 2.407547410952215e-05 4.284136167049651e-06 1.744964156213246e-05 0.0 0.0001181911659481501 3.7331592704239382e-06 9.563193612672686e-07 7.7561619596945e-05 1.575697804839651e-05 9.101271021848002e-05 0.0016593656494868663 0.0008047009844046558 2.62862273065026e-07 9.288162836080112e-05 0.00010034840562673161 0.00088679840586895 1.7035474255183832e-06 0.0001266087151290446 1.8666464651389844e-05 0.0003597017990676909 4.842577060725297e-05 0.00018265821153309075 0.00017810546692032667 9.173939495257801e-06 7.028766629729423e-06 0.0 1.0440747214618029e-07 1.1248868229865848e-07 0.0 0.0 0.0 3.1379797459367494e-07 0.0 0.0 0.0 2.396410795562475e-07 2.715215404286808e-07 0.0 0.0 0.0 1.2024335891693673e-07 0.0 0.0 0.0 0.0 0.0 0.0 0.0 4.408281824001737e-07 0.0 6.825252714830087e-08 4.2806146535020885e-07 1.1438446210134152e-06 0.0 9.828584789495518e-08 0.0 0.0 0.0 7.029271421430368e-08 0.0 1.0051956350540144e-07 0.0 0.0 0.0 0.0 0.0 0.0 0.0
9.16256080561827e-08 0.0 1.3388330076916265e-07 1.0392469645355076e-05 0.00032659104889112367 0.00028420210344660854 4.116438123697294e-05 1.7084062418055958e-05 0.0002568942540599165 0.00010115195702550227 0.0 0.00031963651533212353 0.0 3.1931566186745725e-06 0.0 0.0 0.0 0.0 0.0 2.9492490572581152e-05 0.0 5.028870208609555e-07 9.87082265421038e-08 2.8434006200005996e-05 0.0 0.0 0.0 1.6869269085655187e-05 4.2372433156364243e-07 6.321414179115053e-07 6.716895289323893e-08 1.0813214808454792e-06 0.0 1.3073853680553985e-06 9.526847646996234e-07 3.358290402646171e-05 2.833000837336125e-06 7.829686123108044e-07 5.148741440168417e-08 0.0005454430443591548 9.723494461297978e-07 0.0 4.0623716488076053e-07 0.0 0.0 0.0 9.878197071994454e-08 0.0 0.0 0.0 0.0 4.02198490626317e-07 8.914310275368995e-08 0.0 9.234722091346131e-07 0.0 5.789260369355368e-08 0.0 0.0 0.0 0.0 0.0 0.0 0.0 0.0 0.0 1.7623853419433803e-06 0.0 0.0 0.0 9.520137255713165e-07 0.0 0.0 0.0 0.0 0.0 0.0 0.0 0.0 0.0 0.0 0.0 0.0 0.0 0.0 0.0
0.0 7.562075890237354e-05 5.126562156276471e-06 0.0 0.0 0.0 3.1819287504443152e-06 0.0 3.310147455271043e-05 1.2810534811449324e-07 5.43762750265417e-07 0.0 1.5852671817219148e-05 1.4830096295758808e-07 0.0 0.0 3.263192320685761e-07 0.0 0.0 0.0 0.0016926781401383354 0.0014967758473790997 0.0036574529707537693 0.0011464739434268985 6.496337017566864e-05 1.475135364756621e-05 0.0024786912384266325 0.0013767955976278692 0.0 0.0 6.230684525231014e-07 0.0 8.368804223546154e-08 2.003193484195469e-05 5.091966381447083e-06 0.0008826331064299754 0.0008097336305988476 0.00010506108534789205 0.0001208127531958591 1.8115969784792474e-05 7.65180854116144e-07 1.9407460727671531e-07 5.652077057740385e-06 0.0 9.733271790477408e-07 1.1237239966459102e-05 0.0 0.0 0.0 3.8173128624262695e-07 0.0 5.0355937794032225e-06 0.0 0.0 0.0 0.0 0.0 0.0 0.0008051779428557111 0.0 8.484593624413905e-08 0.0 0.0 7.222989450117439e-05 0.0005620869764804375 0.0003351005360268404 5.540807288705045e-05 8.256176613113156e-07 3.032615725585072e-07 0.00017743697876147343 8.146859152469454e-05 2.8604062141791495e-07 8.427351897076874e-06 0.0 0.0 0.0 4.337147758962008e-06 8.336284838324353e-07 2.2821693534693705e-05 1.0607831587889128e-05 1.7889315286358942e-05 1.0054351791196865e-05 0.0 4.233647846475022e-07 0.0 1.217861557166011e-06
0.00013310368219580424 5.610426292062265e-06 0.0038888721378343683 0.0 7.877502667921827e-07 1.778516512595021e-05 0.00010510801172953077 0.00014637263300574537 0.0 1.0355095607373282e-06 4.073005329315598e-05 0.0 6.880328268611879e-07 0.00013511997244218342 0.0 3.263192320685761e-07 0.0 1.1005249087708173e-05 0.0015870894565366673 0.0 0.00043007428350620524 8.113913956876779e-07 0.001959829597680926 3.0044808769261536e-07 1.5057055338382654e-06 0.006503480187132328 0.0020690208581734455 0.00016459849305655743 0.00011429335714855945 0.000715740673965799 1.0959039691414968e-07 5.001227935349422e-06 3.068280162558378e-06 0.000833020919870121 2.0701281066823758e-07 3.5276508257132744e-05 0.000107788305142608 0.0005139517365318555 0.00012125640561112179 1.0976390205837115e-05 7.770292417793811e-06 4.341744894421785e-06 5.586479796725351e-07 0.0 8.415803280436276e-06 2.0021073838675426e-07 0.0 0.0 0.0 0.0 0.0 0.0 0.0 8.300027793231896e-07 0.0 1.0100218966579395e-07 1.0389423475172385e-07 0.0 7.725913099915915e-08 7.660127138145078e-08 4.401046014261386e-07 2.545114315042314e-06 0.0 5.4161234043853986e-08 1.1384579894069442e-07 9.467106170576359e-08 1.3245497424466167e-07 9.111580414741957e-07 1.2573438099844916e-05 2.4435508097852006e-05 0.0 0.0 0.0 8.279735047040193e-08 0.0 0.0 1.6910045663322607e-07 0.0 2.560451770811759e-07 1.2521826179005987e-06 1.532662126027167e-06 8.664602011371711e-08 0.0 0.0 0.0 0.0
3.146373141341613e-06 5.3712984792665865e-06 2.743256645530433e-06 8.109986004607101e-08 1.8324696859807617e-06 7.87132198254824e-07 3.6208565607693735e-06 4.1403192301022585e-06 8.06183967836724e-08 6.864975812632956e-07 0.001998833310186989 1.275439444248415e-07 1.6568244899470994e-05 4.982349889806735e-06 0.0 0.0 1.1005249087708173e-05 0.0 0.0010438926981485082 0.0 4.381832120254102e-07 5.892647345652827e-07 5.2750806927501565e-06 1.0071374397750808e-07 0.00011242124742388406 0.0032005831874414425 0.0002550872332277629 6.083921718052915e-07 3.352047315461441e-06 1.2900272771766272e-06 2.073406087659076e-05 1.231914815283544e-06 1.5257157075638748e-07 0.000455829814692647 0.0 5.809072749696239e-05 0.00034897086278981435 0.000600438734462024 0.00025493777598886936 7.808451194612325e-07 1.3508528564415654e-06 5.694410197865642e-06 7.60648964281696e-07 0.0 6.045124533728591e-07 0.0 0.0 0.0 0.0 0.0 0.0 0.0 0.0 2.6164344085217477e-06 0.0 4.399252197119887e-06 0.0 0.0 0.0 0.0 3.844445539689705e-06 1.724819014667024e-06 0.0 0.0 8.844159922187399e-08 0.0 0.0 9.22901791810863e-06 1.6240251499543407e-05 1.933487345713809e-05 0.0 0.0 0.0 7.027283629379538e-07 0.0 0.0 5.647232759471109e-07 1.2133994823237576e-07 1.6677305725559775e-07 4.179996901468084e-07 1.196617707245783e-06 4.819007117338394e-07 0.0 0.0 0.0 0.0
1.75845719438906e-05 6.990817642058312e-05 0.00016233632533773593 6.211108664540047e-08 2.1704578359000926e-06 4.061138818356982e-06 1.3612538871657558e-05 2.0530113617738446e-05 0.0 7.321104843008653e-07 0.0019209431177732547 1.2508489089856083e-07 6.364646215896772e-06 2.407547410952215e-05 0.0 0.0 0.0015870894565366673 0.0010438926981485082 0.0 5.933065040078213e-08 1.9121784234283062e-05 8.779965603630557e-08 0.00016914797849498954 1.3340540255263452e-07 3.4666867869971306e-05 0.0024368014858166987 0.000549662130314724 7.0568881021248e-06 1.86208320642481e-05 4.455921694069478e-05 1.4882823676576075e-06 2.2520470998049655e-06 5.141053685980404e-07 0.0012058663178308076 2.330898878339109e-07 8.305429899310532e-05 0.00027607767063688447 0.0008711196532669261 0.00034943520642590154 2.223750608324883e-06 4.454275144450506e-06 8.420062964041798e-06 9.487742676462945e-07 0.0 2.9993313185207788e-05 8.40177884222004e-08 0.0 0.0 0.0 0.0 0.0 0.0 0.0 8.334945003638618e-06 0.0 3.442338095753806e-06 0.0 0.0 8.970912279598453e-08 1.0191030728109672e-07 1.0115688129356489e-05 1.4341629262882263e-05 0.0 0.0 9.838290876489752e-08 0.0 0.0 1.4210186244821255e-05 9.690909429897099e-05 0.0001289150420784888 0.0 0.0 0.0 2.680577606552637e-07 0.0 0.0 1.4361614440174224e-06 0.0 4.972850240699315e-07 4.745009116454145e-06 5.485841059668455e-06 1.2723854039479893e-06 0.0 0.0 0.0 0.0
0.0 0.0 0.0 0.0037609582412756423 6.620481531002589e-07 0.00030463026525687784 9.152254043634189e-06 1.511114199425111e-05 0.0005184501626873543 0.001509454213700336 6.168884484432894e-07 0.00396691271646336 0.0 4.284136167049651e-06 2.9492490572581152e-05 0.0 0.0 0.0 5.933065040078213e-08 0.0 0.0 5.4577762961699514e-08 6.390725190113213e-07 0.0003367466630322365 0.0 3.997571859775001e-07 6.200057609663875e-08 0.002812268465410294 3.1060891537560346e-06 0.0 5.574420838188836e-08 2.534373348678204e-06 0.0 1.1261853401415234e-05 2.1028222155658008e-05 1.900551461527602e-05 4.7187191467304614e-07 1.1620208065196998e-05 3.7935738856490573e-07 0.00029904636103840715 9.724785606971748e-06 2.9902159948666047e-07 1.0514608034651543e-06 0.0 0.0 0.0 1.5390952281011645e-05 0.0 1.6671558601448387e-06 5.791170599633932e-06 6.675597022695284e-07 3.5149490518176965e-05 2.649065667467175e-05 0.0 5.914024373235544e-05 0.0 4.876911420490554e-07 5.760648556322249e-07 0.0 0.0 0.0 0.0 1.1044968417839008e-05 0.0 3.174338573969796e-07 0.0 0.00011116116625597771 0.0 6.109178893400607e-08 0.0 0.00014642858173734361 1.1243682703260447e-06 8.967857029414255e-08 0.0 0.0 5.809454269217583e-08 1.3423535727138055e-06 0.0 2.203489636265237e-06 0.0 2.0039145537796953e-06 0.0 9.471513659691558e-06 7.041117593126871e-07 0.0 7.864870600363832e-08
2.2692644524223206e-05 5.0856902151003235e-06 0.0006588280021128303 0.0 8.375798056532197e-08 7.019767020886195e-06 0.0001815880262482869 2.3828787242456346e-05 9.029145606531018e-06 4.7125426900768536e-07 4.800150767478483e-06 0.0 1.1243521659507945e-06 1.744964156213246e-05 0.0 0.0016926781401383354 0.00043007428350620524 4.381832120254102e-07 1.9121784234283062e-05 0.0 0.0 8.732995955725913e-05 0.008123469191662572 0.0006732852938151361 2.309620681815503e-06 0.00024381212015801268 0.00042171343738126455 0.0035469663753061936 1.3615407306390273e-05 0.002495728265068413 2.049742328651153e-07 3.9216019656523955e-07 5.305592593007113e-07 0.0015126785568792375 2.7234194493574953e-05 0.003251213296095399 0.0007923258175143504 0.0027202862624956404 0.001568427564846555 0.00015684386791119852 6.291695962612214e-06 4.895934470015936e-06 3.9886077909738994e-05 0.0 8.262919659511614e-07 1.330230105641347e-06 0.0 0.0 0.0 0.0 0.0 0.0 0.0 0.0 0.0 0.0 0.0 0.0 7.383766195952463e-05 0.0 0.0 8.319392217923958e-08 0.0 1.6840913709249403e-05 1.530981313204572e-05 1.0978007820439633e-05 1.0290861345032307e-05 8.765094605040803e-08 8.182372939531571e-07 9.71132450473526e-06 2.5942499820364506e-05 0.0 5.018151813038329e-06 0.0 0.0 9.323343787053289e-08 1.3876926191470137e-06 1.0663097304859047e-06 8.814274113289312e-06 1.2216426318951203e-06 2.496807397288067e-06 1.3979231437704304e-06 1.464549152511366e-07 4.212312074754269e-07 0.0 0.0
0.0 0.0017811324743207473 0.00020395354666526255 1.7992335444691182e-07 0.0 0.0 3.808920797893555e-05 0.0 0.0013550846121472863 1.1107452962127304e-06 3.935183357352591e-06 0.0 0.00013820188395994326 0.0 5.028870208609555e-07 0.0014967758473790997 8.113913956876779e-07 5.892647345652827e-07 8.779965603630557e-08 5.4577762961699514e-08 8.732995955725913e-05 0.0 0.0002662422707894132 0.002792326662927272 0.0006627926361026826 5.01498109530584e-05 0.0023623562857194177 0.0006912783441366861 0.0 2.2807026301674685e-05 5.52496368510765e-06 0.0 6.429977226130184e-08 3.2963644205826244e-06 1.9545163707859264e-07 1.140282159360731e-05 5.895923147076772e-06 6.387159509934768e-06 2.822313669687293e-06 4.149383682255096e-06 0.0 0.0 0.0 1.6500084182531996e-07 0.0001466885517069009 0.00013248884868796119 0.0 0.0 0.0 2.084529599890107e-07 0.0 1.8993383075459655e-05 1.8653859365725043e-07 2.5875703758348223e-06 0.0 1.549715702081736e-06 3.4126113219662324e-07 0.0 0.0006044492658009379 1.2372610626142234e-06 5.8265729499401484e-08 0.0 0.0 6.44609306414797e-05 0.00010894278788399173 0.0002761081055450717 6.003868652969896e-05 0.00017716049853002682 2.527877688271691e-06 0.00030895098614783245 8.075863736586004e-05 7.164070563102016e-07 2.2195146108371377e-05 0.0 0.0 8.173872625053313e-07 1.3738016217136195e-05 1.3229808051096207e-06 2.7507405507479676e-05 4.999545345289793e-06 3.12534840489634e-05 8.893850406639826e-06 5.073372259211594e-07 1.53266449293571e-07 0.0 6.202028251905904e-07
9.260325806184774e-05 1.6333040352113687e-05 0.005112653717593245 7.711354556746774e-08 3.021065564287037e-07 4.014886128781032e-05 0.0008988580667664871 0.00015835125732133204 3.01731075460757e-06 9.44890124328263e-06 1.1498957448674162e-05 3.729913677918337e-07 2.302455456459453e-06 0.0001181911659481501 9.87082265421038e-08 0.0036574529707537693 0.001959829597680926 5.2750806927501565e-06 0.00016914797849498954 6.390725190113213e-07 0.008123469191662572 0.0002662422707894132 0.0 0.0003004148889694023 1.0425586378386335e-05 0.001365411237465725 0.0022644218437909707 0.006139431216224811 3.112484284273918e-05 0.0020073385486396454 6.225482201210145e-08 2.9024017262534857e-06 5.553385423050974e-07 0.0030792085104175007 5.4801468861790626e-05 0.007647626809580304 0.005377714656117927 0.005419470187405535 0.002911433158936788 0.000319029043250497 2.3305992940849363e-05 5.987823504467089e-06 6.778059670109547e-05 0.0 1.8123339157478685e-05 0.00010589543950356564 0.0 0.0 0.0 1.0193786150300978e-06 1.4516118535960622e-07 0.0 0.0 1.0330463372232908e-07 0.0 0.0 0.0 0.0 0.00035087205393862284 1.008117287053013e-06 9.37821847663612e-08 2.702725997295853e-07 0.0 9.684209823024624e-06 0.0002430279917605157 0.0002935166418698961 9.84353568152674e-06 7.989603861449768e-07 3.2623867377834834e-06 0.0003997517734684766 1.2736547740631568e-05 0.0 3.602265988896699e-06 9.49097846949732e-08 0.0 0.0 1.0292212332966987e-05 1.6593905324381152e-06 2.659741170309412e-05 1.1329584263095237e-05 3.4512399671318946e-05 1.7764702884439266e-05 4.534282585168894e-07 0.0 0.0 4.896045350577696e-07
1.7834757421874027e-06 0.0001272165532298781 2.724461007168319e-06 0.0007056844430841476 3.59418691953371e-07 4.233324766982793e-05 0.00024152159691008166 4.563046802444668e-06 0.004704895292287382 0.000357275110689944 1.1521736429664454e-06 0.00015264025407851035 1.8333190748980798e-05 3.7331592704239382e-06 2.8434006200005996e-05 0.0011464739434268985 3.0044808769261536e-07 1.0071374397750808e-07 1.3340540255263452e-07 0.0003367466630322365 0.0006732852938151361 0.002792326662927272 0.0003004148889694023 0.0 6.948215023228516e-05 1.824344080729058e-05 0.000379509690695721 0.004771724217175473 5.688293602560918e-05 0.00010935488334720675 6.318148373915279e-07 7.545733743460105e-07 1.9701052709438495e-05 6.250892841504422e-05 1.3394051957918666e-05 0.0011783228874055966 0.00015693946479828445 0.00021387064974357872 0.00011119781639583153 0.0004692109169297854 2.1329241989784553e-05 1.2676096344352476e-06 1.4358810522787286e-05 2.7070164272195497e-06 1.0325300809926283e-06 7.721425905302348e-06 6.114282213983293e-05 5.560312771161809e-08 1.806167576306808e-05 8.058820083340327e-05 1.1173493930395885e-05 0.0003313397509457981 8.82446160951231e-05 4.032939875224284e-07 4.386312126043707e-05 0.0 2.0008609178506174e-05 6.57913808754888e-06 0.0002054050022324161 9.054299231098242e-07 1.5402112310588978e-07 1.555116587998467e-07 3.042678503934823e-05 0.00011549395620741104 0.00010889114243880051 3.959417592416485e-05 0.0023090032203931217 7.011912525920156e-08 1.2912063970103055e-06 1.240871702308548e-05 0.002148664679495172 7.29719963759839e-05 5.697123459718763e-05 0.0 0.0 2.5053840480907774e-05 0.00010212410861452283 7.884330000931957e-06 0.00023029692163063894 2.0758995576800784e-06 0.00019884987385956782 2.725750327738289e-05 7.810512374042748e-05 4.116593599635156e-05 0.0 5.1826459249993814e-06
3.649490001943213e-07 0.0004177704012909126 0.0 0.0 2.5753072640949193e-07 4.251945782115377e-07 2.4352880906374948e-06 8.510407140733717e-07 4.25422879461629e-05 2.660182372633686e-07 0.0030386842073889947 5.671764797440885e-08 0.00325454839811353 9.563193612672686e-07 0.0 6.496337017566864e-05 1.5057055338382654e-06 0.00011242124742388406 3.4666867869971306e-05 0.0 2.309620681815503e-06 0.0006627926361026826 1.0425586378386335e-05 6.948215023228516e-05 0.0 0.0012840274081163158 0.002665261453224376 3.180656151818908e-05 6.813899835065477e-07 5.763192248853537e-07 0.0004129603048735799 1.3511842177644072e-07 0.0 0.00013935833055412407 4.1086684973792486e-07 3.369445486970417e-05 0.0005095580043501547 0.0003546827976842526 0.00015256653465042786 4.747258895327286e-07 5.515290118144686e-07 4.4340931678166635e-05 0.0 0.0 3.7762657723672064e-05 1.20692288639648e-06 0.0 0.0 0.0 0.0 1.5682722533148642e-07 0.0 0.0 0.0003479319801318542 0.0 0.00030259173438080097 0.0 0.0 3.043974948429651e-06 0.0 7.564844212961202e-05 1.3111300934123621e-06 0.0 1.9413853730027353e-07 3.455320724197987e-06 3.90761571512685e-06 0.0 0.00017121388127641624 0.00014523135934663386 0.00017919873822349388 2.104667586677056e-07 0.0 6.369214043977812e-08 2.2640613208334005e-05 0.0 0.0 2.31134496000625e-06 0.0 4.7613238529034244e-07 2.6035248071349772e-05 6.054802887367642e-06 2.9735507034043606e-06 0.0 0.0 4.502583841791076e-06 0.0
5.755099910413311e-05 0.00039701687569261443 0.0035506186927830186 2.434975282823557e-07 5.30511336744237e-06 1.3733412430252287e-05 0.0001226157465921689 7.325949960592426e-05 1.721245135470398e-06 4.5221579493252195e-06 0.00264308214525222 4.0180206868464524e-07 0.0005244325857463963 7.7561619596945e-05 0.0 1.475135364756621e-05 0.006503480187132328 0.0032005831874414425 0.0024368014858166987 3.997571859775001e-07 0.00024381212015801268 5.01498109530584e-05 0.001365411237465725 1.824344080729058e-05 0.0012840274081163158 0.0 0.008038988705786234 0.0002626793640639511 5.941414042439478e-05 0.00010222462666861018 0.00014371214038895924 5.43706071909299e-06 1.8718353189247565e-06 0.0021757661298111683 6.942545079129955e-06 0.0011919542639355837 0.004485773412868353 0.004133606841568315 0.0021713406502146975 1.6773954022199476e-05 2.5491045387376075e-05 0.00011800942314288343 7.293605623821447e-06 6.515913273525685e-07 0.00018457559394559838 9.376334123774538e-06 0.0 0.0 1.429849451015293e-07 4.511958996207695e-07 7.30670423078425e-08 4.1790326358486273e-07 1.0692615649737474e-07 0.0001084307902268952 0.0 0.00016103090662987788 1.0605593232433147e-06 0.0 1.3433347561497855e-06 4.442960029504588e-06 0.0001568845048647547 0.00010307510893322462 0.0 4.5450772151641704e-07 9.133213077844515e-07 2.3568943059698716e-06 1.114960261104485e-06 0.0003658560404786042 0.0007803662552406112 0.0013839483028247363 3.926470103330548e-07 1.1490092918068122e-07 2.13437957169115e-06 2.5291043806178017e-05 0.0 0.0 2.3262984832410154e-05 2.5889485861543614e-07 1.3546218100147153e-05 6.94955990653605e-05 8.089680850646194e-05 2.497622041397542e-05 4.97340173626313e-07 9.179382301297929e-08 3.692316034621253e-06 0.0
1.1843896098946204e-05 0.004219683614882655 0.002557941794463926 2.0088872553691407e-07 1.444953352231058e-06 4.951576452028964e-06 6.185301792596499e-05 1.6326464827631812e-05 2.4462695407828273e-05 1.388832658560228e-06 0.0009245524341259875 1.267830215041106e-07 0.001479937042896643 1.575697804839651e-05 0.0 0.0024786912384266325 0.0020690208581734455 0.0002550872332277629 0.000549662130314724 6.200057609663875e-08 0.00042171343738126455 0.0023623562857194177 0.0022644218437909707 0.000379509690695721 0.002665261453224376 0.008038988705786234 0.0 0.0008607201457658486 9.728011016149284e-06 2.1169918950429085e-05 0.0004631845544718907 1.5624206563271311e-06 3.607008104846281e-07 0.002270946334141988 1.4465925286068903e-05 0.0031025334632178775 0.006942555540554436 0.005216059049175423 0.002094844704645351 6.882301764065249e-05 2.139244200119043e-05 6.917981480813409e-05 2.279254285352449e-05 3.3848486887637224e-06 0.0023189395471061845 0.000857902749915426 0.0 0.0 0.0 2.980237073208665e-06 1.9087411583164744e-06 8.317054146901606e-07 4.3466179832262454e-07 0.00013257607694995682 0.0 0.00018619790098248332 1.4837266266678384e-06 0.0 0.000358726160508479 7.702438146794472e-05 0.000178344544076581 0.00025830308290218716 0.0 1.0095356690376987e-05 0.0003661338461259761 0.0009804409637930963 5.675111277220687e-06 0.0005773361593002364 0.0016661465857449153 0.0071124222946822736 7.261534835310665e-06 7.274738396754036e-07 4.640640601390763e-06 3.0040729270239646e-05 0.0 0.0 0.00022002337391913 2.8018530902982353e-06 0.00015414671504380655 0.0003662161333166204 0.0005710454264873315 0.00014046467171483152 2.2513589989661913e-06 1.3680171016218956e-06 3.861158686166368e-06 3.571468297647887e-07
