0.0 8.267917588046845e-07 7.261247843423436e-05 1.994293086774386e-06 1.230977766900763e-07 1.6790761708933843e-05 0.0018946134959238116 0.0006896645532382676 1.6710304801340883e-06 9.161246484760346e-05 1.036797631149334e-05 1.2340111919205366e-06 1.8911620255988737e-06 0.0022163242717077422 0.0 3.6586623897081742e-06 0.00010247849917991079 2.583546654450913e-06 7.3094022565881835e-06 1.3121687242251433e-05 6.235792848756815e-05 1.93367409803221e-06 6.900229438625099e-05 7.90345435658357e-05 2.0769174123490645e-07 1.4294867373815242e-05 1.469676382519432e-05 7.302778217677092e-05 0.0025591266736939362 0.00272773808011185 2.2810903901946921e-07 2.476886944681966e-06 1.4056276694778213e-05 9.909640675008092e-05 1.6166223111075821e-06 0.00011619453698467631 9.993493661347729e-06 0.00010820977347514313 5.21218417366669e-05 1.2389569998660322e-06 2.150005047424636e-06 5.852051724961976e-07 9.84356817915884e-07 0.0 1.548013016044751e-07 8.443844999925333e-07 0.0 0.0 7.01084882293047e-07 5.154578533399714e-07 6.967952388926118e-07 5.441987071051659e-07 8.605103935579455e-08 0.0 7.923085861988628e-08 0.0 5.388516412218329e-07 0.0 4.153909078798e-06 1.042060971975962e-07 7.332015413055552e-08 0.0 0.0 1.1556789395690792e-06 5.579699632375361e-07 6.851354131292577e-07 8.090085029190674e-06 0.0 7.094304297755071e-07 1.96840623113707e-06 6.8531516542473235e-06 4.7331195627097854e-07 3.697290069295211e-07 0.0 0.0 1.3944850379170297e-07 5.032638572619475e-07 0.0 3.647258487438231e-06 0.0 1.1281372568693869e-06 7.535992506509135e-07 0.0 9.765264035682441e-08 0.0 0.0
8.267917588046845e-07 0.0 0.00032961280400955025 0.0 2.019047222182582e-07 3.027155595301505e-07 1.7889635186343793e-06 9.835374377855828e-07 0.0007282894763305051 5.3215859266758193e-08 6.0888776419060206e-05 1.7340233361623285e-07 0.0004745474685046576 6.662979925429678e-07 1.3835879051606102e-05 0.00011086659958151689 0.0001282521588466969 2.8924523304291433e-05 9.192279204644585e-05 7.129100055823119e-08 1.1995345552168888e-05 0.002248375595980683 9.531280614277876e-05 0.0007458917886866465 0.0013306069133886154 0.0007148085065022912 0.0033852078854100655 6.420083165294587e-05 2.2285596018009023e-06 3.406886293375875e-06 1.0969637330362862e-05 0.0 0.0 4.988380923524308e-05 1.4960538247293904e-06 0.00013686061235186007 5.798960401070672e-05 0.00010984057693314945 4.0690150402374825e-05 2.1346329812242067e-05 1.072002768329439e-06 6.269223000391324e-05 1.0042986357749347e-06 1.0116176152422606e-06 8.440558926856082e-06 0.00013861098711088826 4.32958872368071e-07 0.0 6.770536887402813e-08 1.8087798420337387e-06 4.868266466660292e-07 6.374864705397248e-07 0.0 2.296709622892842e-06 1.9319307965194262e-07 3.5127558772245455e-06 4.351772149396966e-07 0.0 7.487943991872021e-07 9.386222888132293e-05 1.479697831227715e-06 2.239729371913245e-05 5.581782268809152e-07 2.7846302196640564e-07 5.3795096050558024e-06 1.8197777712251504e-05 1.7883524449637172e-06 5.371828335799779e-06 0.0001829571391720915 0.001341551681600503 9.534587578471057e-07 0.0 1.4200079071713219e-06 2.772605540488403e-07 0.0 7.111878820624053e-08 1.8431343014674827e-05 1.5472481463661708e-06 3.413782082811096e-05 8.850767620018939e-06 2.5936462599612158e-05 1.553200665750764e-05 1.5196659648360245e-06 4.6099355754790785e-07 3.936181896500861e-07 7.006804613039609e-07
7.261247843423436e-05 0.00032961280400955025 0.0 7.913972956132445e-08 0.0 5.686933010459341e-07 8.303513413970872e-05 6.036841311210031e-05 1.6318895352716e-07 6.364592549286496e-07 1.1475993501058942e-05 2.462454878440265e-07 3.4815010453126482e-06 0.0001026105042427178 0.0 6.086569178063566e-05 0.0018918051584905342 9.969560795337335e-06 8.745732401456565e-05 2.3578245684371409e-07 0.0003398745198622003 6.657551046770877e-05 0.0072774568828057745 6.619257009147804e-06 8.660182243308059e-06 0.004921066011437107 0.009020277769107191 0.00021096019137750735 9.1681933031501e-05 0.0009570496091117766 7.618626390813978e-07 0.0 1.264870712002781e-06 0.0003492142354605145 4.922204679058899e-06 0.00041712826947134916 8.064341243552805e-05 0.0008088424599085403 0.000219487594509594 1.281716778281973e-05 2.5657501988473697e-06 3.395638006804925e-07 2.6591436060528194e-06 5.329486597155e-07 0.00015151391469150744 0.0014733688362298478 0.0 0.0 0.0 3.114474338499855e-06 1.3567173978517263e-06 1.768098603605861e-07 6.933283634590947e-08 6.990715118647703e-07 0.0 4.6237973933545585e-07 2.567436399524669e-06 0.0 3.3036627544295935e-06 0.0002368873358368703 5.71664717416357e-07 1.8270191756563972e-05 0.0 2.8934849050304306e-06 2.3515482430540402e-05 0.0001187655078986221 1.6193110491737786e-06 1.0250248100631522e-06 0.00023627782850811643 0.00200651050341651 1.7566940537399775e-06 1.5818955032751292e-06 4.961014135080127e-06 1.5994315985502607e-07 0.0 9.050075134632012e-08 7.727923192605235e-05 4.06222992762458e-06 0.0001676629483049373 3.065854981420907e-05 0.00012504173067790628 4.2946611643177924e-05 2.5661424386103273e-06 3.004322165229676e-07 0.0 1.0279852654708726e-06
1.994293086774386e-06 0.0 7.913972956132445e-08 0.0 4.4737269888277483e-07 2.5357785691939428e-05 2.5033445753255073e-05 2.102570019154469e-05 0.00036594236862627714 0.0011514486134975729 1.5629253415770484e-06 0.0008738727625263866 5.195606091151102e-07 2.118062561748852e-05 0.00015443893832701742 0.0 0.0 7.293370794285433e-07 1.8737108510245224e-07 0.0021200694461344905 1.0010125948178778e-07 1.2236515835975982e-07 0.0 0.0006690019869258861 0.0 3.8592348679231213e-07 1.1093435677412228e-07 0.003036553954105458 9.598445055360907e-06 3.7081306647851753e-07 0.0 1.0095920421797251e-06 2.9485513633589273e-07 1.188705871210611e-05 4.772657168114134e-07 5.27042677592107e-05 9.684563037940086e-07 2.2615346797396816e-05 1.8101526282189684e-05 0.00012786201594587558 1.8930704426684613e-06 6.609608760881816e-08 2.1049863612414122e-07 6.830911026006964e-08 0.0 0.0 5.1056801416803126e-05 4.83907878239993e-07 7.719584093251618e-06 1.8718011628471995e-05 1.8154027703980768e-05 3.825926631844123e-05 1.9689169178032312e-05 0.0 7.367665224932106e-05 0.0 5.543283672219646e-06 1.4577647628909973e-06 0.0 0.0 0.0 0.0 7.170600964461462e-05 0.0 0.0 7.180912547925748e-08 6.11912557505768e-05 0.0 7.599538901857915e-08 0.0 9.178565585621366e-05 7.788652009337362e-07 2.0582926066086334e-07 0.0 0.0 6.457104198422046e-08 9.59837090830169e-07 0.0 4.00122566211382e-06 0.0 2.1957110790946704e-06 6.044694069758446e-07 1.1466554918668872e-05 0.0 1.5817907639977426e-07 0.0
1.230977766900763e-07 2.019047222182582e-07 0.0 4.4737269888277483e-07 0.0 9.745070356522695e-05 4.3408431383289523e-07 2.9074876285433853e-05 1.251043587072824e-05 3.5649285878792693e-06 2.536925318170833e-06 1.3745366065513329e-05 4.717840173375737e-06 0.00012080283602634036 0.00015815554503254315 0.0 0.0 2.896191197763455e-07 8.902361176525252e-08 6.215226541822263e-06 0.0 3.4377392893304175e-07 0.0 7.336162456900204e-06 3.1350337327491397e-07 3.5199033722163106e-07 1.0393315424061384e-07 2.0220582061297916e-06 1.6813719514890553e-05 4.4374025296968585e-07 0.0 1.8526572511581717e-05 0.0 6.927020390645852e-05 0.0 6.187683684886626e-05 2.66766561540113e-07 8.742407056777926e-05 2.0081940488808756e-05 0.0002834104692180692 1.1793574973294954e-05 0.0 1.8021042946259902e-07 0.0 0.0 0.0 0.0 0.0 0.0 0.0 0.0 0.0 0.0 0.0 0.0 0.0 0.0 0.0 3.281933379100441e-07 0.0 0.0 0.0 7.273443303817567e-08 0.0 0.0 0.0 2.0895222839674536e-06 0.0 0.0 0.0 1.051741535814605e-06 0.0 0.0 0.0 0.0 0.0 0.0 0.0 2.1542586181255525e-07 0.0 4.6012438745861175e-07 0.0 0.0 0.0 0.0 0.0
1.6790761708933843e-05 3.027155595301505e-07 5.686933010459341e-07 2.5357785691939428e-05 9.745070356522695e-05 0.0 0.00048435018577525204 0.003836298525222622 5.530075137890094e-05 0.007296337638438513 3.613783682725588e-05 0.002426330241357696 4.525875043203627e-05 0.00036345082428407825 0.00038902047293087633 8.487673918564276e-08 4.888427733910793e-07 4.030794903480131e-06 1.4622784263186968e-06 0.001112805063311601 6.892906991040668e-07 3.60986701498208e-06 1.0352991123389642e-06 6.143799223924079e-05 3.206763118295143e-07 4.982338356191732e-06 1.4429520654449823e-06 7.327227711109802e-05 0.00016982702786803982 6.733483882838393e-06 2.8700555635962097e-07 0.000281087474917606 5.310933455130675e-07 0.000407668174412419 2.6199034238024256e-06 0.0006191743622581516 1.5749866650492992e-05 0.00032338779206024737 9.902045152271476e-05 0.0011370179828288918 0.0001802751320361357 2.260408621720705e-06 5.9901069287628135e-06 6.911427378625667e-07 0.0 0.0 2.980963893435946e-06 0.0 1.1488397858777116e-06 6.499644465362959e-06 8.266358899545518e-06 4.8851983495705174e-06 3.2351711773231303e-06 1.651230978173095e-07 6.11315702954676e-06 2.5694381025219445e-07 2.89569179960439e-06 0.0 1.6762580993545342e-06 0.0 0.0 0.0 4.7828020850025775e-06 1.652722857251859e-07 5.11601392751651e-07 0.0 2.5590841400581635e-05 0.0 7.421806998678275e-08 8.493639829269568e-08 2.99435791476387e-05 2.1308040472097986e-06 3.2070002133379745e-07 6.99710501737315e-08 0.0 0.0 1.2322881317949301e-06 0.0 1.3144777593970742e-05 8.161808993127686e-08 3.797969706880693e-06 1.1341043289657399e-06 8.537451032680703e-07 2.091857129584053e-07 0.0 0.0
0.0018946134959238116 1.7889635186343793e-06 8.303513413970872e-05 2.5033445753255073e-05 4.3408431383289523e-07 0.00048435018577525204 0.0 0.0019045538062020262 0.0002895026408422781 0.0036768552120029063 2.0154863008327524e-05 4.1375884060352676e-06 5.278870273627602e-06 0.002354853635181318 1.8284160256504654e-05 5.229041426764358e-06 2.282564485004431e-05 4.811710848085577e-06 5.203750905300008e-06 3.088119982549987e-05 0.0002565041111798652 7.509715937268237e-06 0.0001307524500853007 0.0011360173796859739 4.3532268853696973e-07 1.042988779469293e-05 2.2346095388823274e-05 0.010902770791727027 0.0009253044376181871 0.003674324796712508 1.7058356791875883e-07 3.4519374610447638e-06 1.3410368586908984e-05 0.00015107850054208588 6.706203748618342e-06 0.0006892255735808043 2.6098472853598392e-05 0.000504983009285203 0.00037542008840746576 2.9493680883458712e-05 2.3611308834287745e-05 2.0132082188735853e-06 1.3929334039298297e-05 1.5358356754920837e-06 8.264307909680311e-08 9.353457295170732e-07 3.031022705364232e-05 0.0 1.982323404550214e-05 6.169377807302217e-05 9.104685247086635e-05 4.6305204229248575e-05 4.597640888401104e-05 7.329307819778615e-07 1.936939330286637e-05 0.0 3.2874018537018014e-05 0.0 1.4978170946756914e-06 1.3652429234854354e-07 3.396327562681186e-07 4.2207505921510735e-07 5.23424475471458e-05 1.7067855391959194e-06 1.6397520082943312e-06 2.7102652417352726e-06 0.0002459380161204729 6.851977161404e-08 7.501435127971735e-07 1.0214748068597642e-06 0.0002397525570646554 1.2757385407752726e-05 1.1163084139174861e-06 6.097375357308091e-08 8.769957777990225e-08 1.116338492340527e-06 1.540777032687294e-05 4.6891833358178197e-07 3.2072626968177056e-05 1.6644327298717713e-07 2.5101755034780184e-05 9.478150871355971e-06 7.345611518570049e-06 1.4530636177623866e-06 4.692064720296358e-06 0.0
0.0006896645532382676 9.835374377855828e-07 6.036841311210031e-05 2.102570019154469e-05 2.9074876285433853e-05 0.003836298525222622 0.0019045538062020262 0.0 3.789463248398217e-05 0.002735030399317367 7.093252175122426e-05 0.0007994456432713643 2.936820176269307e-05 0.004344436332590385 0.00020155617067970727 4.378778682360028e-06 5.166597640574258e-05 9.253159463560711e-06 6.19375483474914e-06 0.0008419010454027721 7.513995925601911e-05 4.876358161885946e-06 6.207082785770195e-05 0.00018611115005629324 9.247845261833373e-07 1.5131404734358354e-05 1.7189509374907126e-05 0.00034639851281636694 0.001050201846060179 0.0007677176152854049 7.321654306163492e-07 0.0010820349069681435 4.399087853030588e-06 0.00026805216934990244 1.9736899075466494e-06 0.00048603439890568056 2.7246315464823843e-05 0.00026944770866330726 0.00011120912536561037 0.00044735260048049886 5.151364446774131e-05 3.726163412626665e-06 4.928067354407951e-06 2.1026221864863314e-06 3.7488118389886616e-07 8.047822313306787e-07 1.1974672116809607e-05 2.451484817282443e-07 5.672183627558624e-06 3.4133848153487425e-05 4.6703626122351384e-05 3.02749940933857e-05 1.4407790658284896e-05 2.0683096741430553e-06 7.029317418896294e-06 1.687683886085654e-07 2.8743052385526183e-05 3.180135685855081e-07 2.356795517078894e-06 2.438017872369946e-07 2.084497228475701e-07 1.748653438313168e-07 1.9539164715898795e-05 1.082185904082462e-06 1.798037087051178e-06 1.637250098981073e-06 0.00020274852854352426 0.0 2.4909587334992147e-07 2.444992025730847e-06 0.00017478203384079354 1.0197605743766784e-05 2.395948193596776e-06 0.0 4.317619116920197e-07 8.771783945023278e-07 1.1505027207342284e-05 7.156941329249956e-07 3.294631997991724e-05 7.684175944912894e-07 2.497795051148523e-05 6.501895321532445e-06 5.797863240816352e-06 2.6406339707012518e-06 7.67787767298504e-08 1.5177054189692093e-07
1.6710304801340883e-06 0.0007282894763305051 1.6318895352716e-07 0.00036594236862627714 1.251043587072824e-05 5.530075137890094e-05 0.0002895026408422781 3.789463248398217e-05 0.0 0.0001029334960445381 5.000012169968944e-06 0.00037928123031163405 1.4247687087309695e-05 3.689198463983705e-05 0.0007497979276868986 6.0528850617795656e-05 4.2875518261070284e-07 1.0033909952755284e-06 6.895817265791016e-08 0.00025367230616488097 4.1682238349082155e-05 0.002107139893321117 1.8229558552628406e-05 0.003511836686444779 0.00010864797267780895 1.829192968444117e-05 3.598630355166683e-05 0.001153384730003696 2.313414587650166e-05 4.7040378915105615e-05 1.1175937045390657e-06 2.9432508601589494e-06 2.077264673630308e-06 2.5195855220702706e-05 1.61905146489009e-06 0.0002443740027267306 1.6552572089809445e-05 5.5295128806437025e-05 4.4677393285325055e-05 0.0003553210567753136 8.307664934255565e-06 1.599342133973828e-06 3.208140645846026e-06 1.7907189210928028e-06 1.318725807335582e-06 1.8802182803851964e-07 0.00010710704251490657 2.1255139216009733e-07 1.100071960204065e-05 5.900571820033669e-05 3.5175441312324535e-05 0.0001382214033636696 3.284009289634903e-05 4.245229825758367e-07 6.819325652903889e-05 9.837307746101252e-08 1.6685555924304692e-05 2.154711945988259e-06 9.340116637889151e-05 0.0 1.7830078677755292e-07 3.107943295971485e-07 0.00010165774663860154 4.3644572335330846e-05 1.8156658244044802e-05 2.2515078624075282e-05 0.0005949268703873362 6.78625511129537e-07 6.346797790277277e-07 2.006195292712734e-06 0.0003679855025854065 1.487627609806432e-05 1.4452033422842283e-05 4.9689142757080836e-08 2.17415308655246e-07 1.8258670302250664e-06 6.377116733661866e-06 4.4314250586012227e-07 3.73095793038589e-05 3.2545870134773424e-06 1.9583976810948817e-05 5.714771318860135e-06 1.9276771840726555e-05 2.8858473244162717e-07 4.5811778199950293e-07 0.0
9.161246484760346e-05 5.3215859266758193e-08 6.364592549286496e-07 0.0011514486134975729 3.5649285878792693e-06 0.007296337638438513 0.0036768552120029063 0.002735030399317367 0.0001029334960445381 0.0 5.757832721240396e-05 0.0014023336945258543 1.7321114250182776e-05 0.0011767316503959197 2.8305843308885682e-05 1.609386593210941e-07 1.7821250312710665e-06 1.7490896594741722e-05 9.643372114746547e-06 0.003457954730178385 1.7234941861516517e-06 7.093563951089724e-07 1.9290672209292633e-06 0.0001366785135085496 4.661605328873078e-07 1.3381276093899905e-05 9.919355002144202e-06 0.0017098003261877565 0.00025616253286877346 7.5367128553047836e-06 1.182774995980932e-06 1.4215692754353594e-05 2.262485686688592e-06 0.0002614197766572221 3.585313184744832e-06 0.0005963353161326345 2.0898178371212297e-05 0.0005353352205670665 0.00026076378889782555 6.127440828162584e-05 4.65926615185652e-05 3.497857541905385e-06 1.1268072936347543e-05 2.915397234240941e-07 0.0 1.2239218612423608e-07 6.0229915049012476e-05 0.0 1.7441351346732305e-05 3.6173189528537186e-05 6.185199079229867e-05 3.902774440695666e-05 4.200520671167585e-05 9.005075164506681e-07 6.0897998645533655e-05 1.2501022919222138e-07 1.5269768001153893e-05 4.074066525671674e-07 2.342280553204723e-07 0.0 2.2656632098332684e-07 2.2403081696162928e-07 9.039720178830984e-05 4.2192466174787025e-07 1.2220140757126167e-07 1.4582137234951276e-07 0.00011365202640306062 4.966540114060228e-08 3.9149429439721544e-07 3.871220958943948e-07 0.00019049692842388556 3.862877637907037e-06 1.0196918521376721e-06 9.875396556289024e-08 0.0 3.000560917300768e-07 5.5976906985871985e-06 1.29215032172364e-07 1.47452869580797e-05 9.056276588290682e-07 1.1786209350863778e-05 2.7103563119214756e-06 2.8410458959671592e-05 2.2041016692832362e-07 1.0680377578165432e-07 0.0
1.036797631149334e-05 6.0888776419060206e-05 1.1475993501058942e-05 1.5629253415770484e-06 2.536925318170833e-06 3.613783682725588e-05 2.0154863008327524e-05 7.093252175122426e-05 5.000012169968944e-06 5.757832721240396e-05 0.0 2.6261034163562056e-05 0.0014097871430434734 0.00026602878100579413 4.358360217832365e-06 9.963821232793478e-07 6.724457601234956e-05 0.0008671722249211295 0.0002688880905791041 6.458628785645054e-05 3.0979255487289273e-06 6.49210863223998e-06 1.581624573752799e-05 1.5170830166512075e-05 0.00043295768224729255 0.0019581111554445784 0.00031414107173411175 1.2666237092577686e-05 0.00031344021479756185 1.071661376622315e-05 0.00021453951779467595 3.5256416732860875e-05 4.032308003368033e-06 0.0028897724199091306 6.856299800085226e-06 0.000657025316049697 0.003449283065521165 0.0038423619822661936 0.0004513325770372782 2.0049043305422407e-05 3.188871369751699e-06 0.0008009103692678092 1.236267004072182e-05 3.473569060090903e-07 1.6400605101557055e-06 7.242427525792427e-07 0.0 0.0 4.642298941784913e-07 6.348704665961485e-07 1.724781617586259e-06 1.5441980711730728e-06 2.483843152677662e-07 0.0005108434668322383 1.9511824590745676e-07 0.001061513263221716 2.5562628915527806e-06 0.0 5.182717915040675e-07 8.230627782801388e-07 4.54451151476945e-05 1.3943309502233357e-05 5.394955603163741e-07 2.4333390719773125e-07 0.0 4.27176300890488e-07 9.512401059279979e-06 0.0002808153259560636 8.162248383762379e-05 0.0003256500496620399 7.700359956199981e-06 1.4338364996286097e-06 8.997084874242125e-07 0.00011938853660245972 1.8769342732005156e-07 0.0 2.0462461221818853e-05 2.5168231694720958e-06 2.1542873269634588e-05 0.0002692832324656666 4.220263524539845e-05 3.6353571083889162e-06 7.336627045439433e-07 3.727844395072209e-07 0.0001296043596053909 0.0
1.2340111919205366e-06 1.7340233361623285e-07 2.462454878440265e-07 0.0008738727625263866 1.3745366065513329e-05 0.002426330241357696 4.1375884060352676e-06 0.0007994456432713643 0.00037928123031163405 0.0014023336945258543 2.6261034163562056e-05 0.0 1.002718247725153e-05 0.0001872782122660467 0.0008819666885220315 0.0 1.7979841393929677e-07 5.9842244963855314e-06 2.9055197584199986e-06 0.003293630861537493 0.0 4.3925686063820007e-07 1.5819218352753706e-07 0.00024162658016396406 3.577012128709122e-07 5.4560427074346126e-06 3.0762395409196852e-06 0.0002097672362027713 7.260248358566317e-05 1.994163160831727e-07 5.249422839170542e-07 2.2460899741476085e-05 1.1547852143543541e-07 0.00011604228635475387 6.140643564902855e-06 0.00017231150148212609 4.7864638921663434e-06 8.055971902539154e-05 2.0825215807785838e-05 0.0006319674720658477 1.8527305253008777e-05 1.1277909696580715e-06 7.029966229748604e-07 0.0 8.242040242971412e-08 8.868929169876251e-08 1.1266508283005913e-05 0.0 8.750762124455918e-07 5.3522181780470305e-06 1.3296220479081726e-06 2.357854161966031e-05 4.292670991739485e-06 1.3814374247563567e-07 3.22814809621568e-05 2.672319849964269e-07 8.598207627532277e-07 1.1241647267507305e-06 7.258483302379141e-08 0.0 0.0 0.0 1.3185923217560614e-05 0.0 0.0 0.0 1.5650735768036393e-05 0.0 9.030434245508245e-08 7.792090048019393e-08 1.8163290745054587e-05 0.0 0.0 1.1612365008933731e-07 0.0 0.0 3.025908411151821e-07 0.0 1.4065646369748955e-05 2.4764030781214177e-07 3.9741550492648026e-07 0.0 1.613096886578567e-05 0.0 2.9612627618335805e-07 0.0
1.8911620255988737e-06 0.0004745474685046576 3.4815010453126482e-06 5.195606091151102e-07 4.717840173375737e-06 4.525875043203627e-05 5.278870273627602e-06 2.936820176269307e-05 1.4247687087309695e-05 1.7321114250182776e-05 0.0014097871430434734 1.002718247725153e-05 0.0 3.7560932252440154e-05 1.3031289455983697e-05 3.960045095103301e-06 3.28485184246062e-06 5.068676034355854e-06 5.245078075186673e-06 2.3975018099768395e-05 2.776229910184345e-06 3.619953065399493e-05 9.187619610020832e-06 2.9292118964278566e-05 0.0030731712067590335 0.00024808471851423143 0.0012282430757637765 7.205807671927928e-06 2.9013213626256467e-05 3.893170490132849e-06 0.00033396600499643436 1.4856035604675691e-05 7.580782436116272e-07 0.00043571310281795457 0.0001869355931933495 0.0016509732044766722 0.001431118444706847 0.00230161250432591 0.00039386573700379656 9.435932834239973e-05 3.684511096057334e-05 0.0006184314401786762 5.6629688794802813e-05 0.0 2.0763542393699004e-06 6.633855074031683e-07 0.0 0.0 1.8032167145955724e-07 1.5751638183977582e-06 4.1818831147447586e-07 9.170253955574909e-07 0.0 0.0006498397405755073 2.0396796823805057e-07 0.0012479387013448909 5.796683395940459e-07 6.966327618878652e-08 1.2546346499996785e-06 0.0 4.504152007357053e-05 1.7777741541955962e-05 0.0 1.3143688353654223e-06 2.2446219078673557e-07 6.152691075849451e-07 3.877751798095081e-06 0.0007388568403032994 9.81527619501322e-05 0.00034390645109853146 2.3691004875522478e-06 1.1899798112415164e-06 0.0 0.0001697016746404603 4.533993176934971e-07 0.0 1.512554756089878e-05 5.804459650929714e-05 0.00042182991706483366 0.00027474544770972787 3.322753283340163e-05 6.216590314649442e-06 3.538510666106175e-06 2.6517023005290837e-06 8.491611040705864e-05 1.677731877859148e-06
0.0022163242717077422 6.662979925429678e-07 0.0001026105042427178 2.118062561748852e-05 0.00012080283602634036 0.00036345082428407825 0.002354853635181318 0.004344436332590385 3.689198463983705e-05 0.0011767316503959197 0.00026602878100579413 0.0001872782122660467 3.7560932252440154e-05 0.0 2.1038407907820935e-05 1.0471542027289924e-05 0.00015444833278725097 4.220280017363411e-05 3.073410377560937e-05 0.00047229980064533825 0.00010625866575720339 1.2182431486328065e-05 0.00010495352985772856 0.00026969295825295873 2.2349282850692437e-06 5.060473292482431e-05 4.163120995115909e-05 0.00032640192085911886 0.005391482584536116 0.001567506645769237 2.486176216067416e-06 3.70155473743566e-05 2.022089023133327e-05 0.0012787077737679525 1.710551360436658e-06 0.000544833267148521 4.830874199159702e-05 0.0005057015719122361 0.00012706365632221737 9.684904886175592e-05 4.772192954217182e-05 7.797617546976748e-06 4.907394464955996e-06 1.6776332827151515e-06 4.6720179758387803e-07 2.2242422134636272e-06 7.38873271653419e-06 0.0 6.114589062197332e-06 2.0813663065490137e-05 3.1992387395922695e-05 2.041613102540649e-05 1.1126720620910278e-05 4.904357630691476e-07 7.675035181727184e-06 6.278600692706856e-07 1.7970724816579148e-05 0.0 9.758064470765808e-06 4.2332178844202296e-07 1.320436670178963e-07 9.345321081738165e-08 7.773214906307558e-06 4.387102147356106e-06 3.703988983677158e-06 1.951925749357827e-06 0.00013028313069180625 1.5281900507729727e-07 1.3302398383797089e-06 3.942513420607071e-06 0.0001281534897697226 6.749544941881258e-06 4.4211404964789745e-06 0.0 1.905098809394555e-07 3.8320911249010735e-07 5.65973552232623e-06 6.757953402506573e-07 3.1518603299394524e-05 2.3764729873452692e-06 1.972392275137965e-05 5.841004487494501e-06 3.8295682730843706e-06 6.730856275688205e-07 4.325155849184648e-07 0.0
0.0 1.3835879051606102e-05 0.0 0.00015443893832701742 0.00015815554503254315 0.00038902047293087633 1.8284160256504654e-05 0.00020155617067970727 0.0007497979276868986 2.8305843308885682e-05 4.358360217832365e-06 0.0008819666885220315 1.3031289455983697e-05 2.1038407907820935e-05 0.0 0.0 6.619984746424417e-08 9.493184200992634e-07 6.838692346159844e-08 0.00013936879810610558 0.0 3.470951331722433e-05 0.0 0.001004767215394431 3.495675662731655e-06 7.822439819111586e-07 9.67640889519841e-07 0.00012322309419551445 2.018819620575122e-05 4.44195079401512e-07 0.0 2.489628183414211e-05 1.8337029089979606e-07 2.3705511318960792e-05 0.0 7.710522142491912e-05 2.2137518870972097e-06 1.3927981152505368e-05 6.553106405735233e-06 0.000657454524324681 9.833502959387389e-06 2.8030247274430205e-07 0.0 0.0 9.621465624603566e-08 0.0 2.010655663276121e-07 0.0 0.0 0.0 1.6371309948482701e-07 6.774398164820446e-07 0.0 0.0 3.5448927294559387e-06 0.0 0.0 0.0 0.0 0.0 0.0 0.0 1.1112015472558747e-06 1.6116357313779716e-07 1.1460711954855772e-07 0.0 4.128733342376169e-06 0.0 0.0 0.0 1.5648527476581931e-06 0.0 0.0 0.0 0.0 0.0 0.0 0.0 5.303949694871311e-07 0.0 4.1615829622490784e-07 0.0 0.0 0.0 0.0 0.0
3.6586623897081742e-06 0.00011086659958151689 6.086569178063566e-05 0.0 0.0 8.487673918564276e-08 5.229041426764358e-06 4.378778682360028e-06 6.0528850617795656e-05 1.609386593210941e-07 9.963821232793478e-07 0.0 3.960045095103301e-06 1.0471542027289924e-05 0.0 0.0 4.773113096529467e-05 3.9583963104856947e-07 6.8102159951962695e-06 3.6199714490961667e-07 0.001680380038569869 0.0012613559403467142 0.003947144435708733 0.000534573220535957 2.3785063090805587e-05 1.1753309951735943e-05 0.0012089701510336374 0.001261793202906216 3.291427318633791e-05 0.0003701489446010092 0.0 0.0 2.383264090488227e-06 0.00010540320398413658 2.5015987599630253e-05 0.0021550163458538473 0.0004721962746550034 0.0007053236342540727 0.0008425494298158313 5.274105164216939e-05 1.759549068754045e-06 2.1518407196675385e-06 1.639780582261017e-05 1.8823968198906022e-06 7.641019081003707e-07 7.5449290521880865e-06 0.0 0.0 0.0 8.63187111494194e-06 7.585255290295624e-07 2.2180441845705962e-05 0.0 0.0 0.0 0.0 7.11678453649357e-06 0.0 0.0014653840345282105 1.5835614197489898e-06 9.520132380744591e-08 2.443215926962477e-07 0.0 0.0002405584017493796 0.000669843912188321 0.0008883984377123489 0.0001361210236788299 0.0 7.684114289497691e-07 0.00022359693780190886 0.00015817014662441653 1.355617440625185e-05 5.1522629497483314e-05 0.0 0.0 2.407219756157371e-06 1.2224467179694417e-05 7.659920613588149e-06 0.0002156698459435419 3.2590093476804616e-05 4.69047782390737e-05 4.212515437833206e-05 6.544143806361731e-06 3.1407875424036937e-07 1.0573472333198293e-07 3.627998481064315e-07
0.00010247849917991079 0.0001282521588466969 0.0018918051584905342 0.0 0.0 4.888427733910793e-07 2.282564485004431e-05 5.166597640574258e-05 4.2875518261070284e-07 1.7821250312710665e-06 6.724457601234956e-05 1.7979841393929677e-07 3.28485184246062e-06 0.00015444833278725097 6.619984746424417e-08 4.773113096529467e-05 0.0 0.00010636925271354341 0.0012421008409035778 1.6882476263802707e-06 0.0005997905179214402 2.3173372255860062e-05 0.0020386588320916227 5.3032614930592894e-06 4.717934141687577e-05 0.0027343203192525265 0.00516757920317625 3.2121963331707325e-05 0.0003800494671037611 0.0009761013380982947 7.956007766413421e-07 6.528715036446634e-07 1.7389283343242778e-05 0.0017116925237540526 1.9821208788209526e-06 0.00013255905275259735 8.52933966552414e-05 0.0005643214508480411 6.79690658950327e-05 3.867911117498054e-06 1.527087569527872e-06 1.3298991708025917e-07 1.574926407585005e-07 7.508731928616095e-07 7.877054305782426e-05 0.0003903532116065026 0.0 0.0 0.0 1.554871849159877e-06 1.6854421872438946e-07 8.29319604067775e-08 0.0 7.008965656750545e-07 0.0 2.237641931495018e-06 1.0177712377858587e-06 0.0 4.137234719638925e-06 0.00017875509134338723 1.5994812333003108e-06 7.051472152901147e-05 5.3097290337212216e-08 1.3344431427907322e-06 5.8662285206582394e-06 1.7415334864866157e-05 9.163042573370361e-07 2.171794365518568e-06 0.0006102348302734731 0.0010858195278494708 8.359814716802761e-07 1.7109084962179917e-07 3.7687929782310002e-06 6.447901806581297e-07 0.0 0.0 2.4860924498000604e-05 1.257373879141136e-06 5.049542815492697e-05 1.6256626155715553e-05 4.169514181594962e-05 1.668690946136958e-05 6.952754382599323e-07 1.7463485319667618e-07 0.0 1.620145677244871e-07
2.583546654450913e-06 2.8924523304291433e-05 9.969560795337335e-06 7.293370794285433e-07 2.896191197763455e-07 4.030794903480131e-06 4.811710848085577e-06 9.253159463560711e-06 1.0033909952755284e-06 1.7490896594741722e-05 0.0008671722249211295 5.9842244963855314e-06 5.068676034355854e-06 4.220280017363411e-05 9.493184200992634e-07 3.9583963104856947e-07 0.00010636925271354341 0.0 0.0006009709469502808 1.694320693340851e-05 9.450483009136425e-07 1.4607840371366572e-06 3.5466451508322215e-06 4.059247630571943e-06 1.0428650105049028e-05 0.0021999028168213533 9.482930505647827e-05 3.7368454193635445e-06 5.273229134962702e-05 3.3611573710625404e-06 1.1324908035387023e-06 2.9135623862110544e-06 5.948448414539768e-07 0.000878211755574097 1.7468859670212999e-06 0.0002652158798507721 0.000564204359860881 0.0008040000674713709 9.103985428687923e-05 4.5761193303558145e-06 0.0 3.1813853372917794e-06 8.228960624655972e-07 6.931831628154825e-08 5.3811036276761565e-06 1.893584018361803e-07 0.0 0.0 5.528103201827564e-08 2.992234813752633e-07 0.0 0.0 0.0 3.817524415970411e-05 0.0 0.00014849597624360045 1.9129553791253624e-07 0.0 0.0 3.6661276455776595e-07 4.606849871805165e-05 1.4158238984433214e-05 5.032615237757471e-08 1.6301613639548895e-07 2.227008743323222e-07 1.0023172062770332e-07 1.267308086507316e-06 3.112141549669372e-05 9.802444609689573e-05 0.0003608196861785717 2.5537457878190575e-06 6.422999976482312e-08 7.370721847801847e-08 3.9776866452225736e-05 0.0 0.0 7.955297926333721e-07 6.040461521841463e-07 7.845166765143416e-06 3.1951773700145844e-06 2.369081873182971e-06 7.152443374037849e-07 7.416547556272169e-08 0.0 6.215985497504854e-08 0.0
7.3094022565881835e-06 9.192279204644585e-05 8.745732401456565e-05 1.8737108510245224e-07 8.902361176525252e-08 1.4622784263186968e-06 5.203750905300008e-06 6.19375483474914e-06 6.895817265791016e-08 9.643372114746547e-06 0.0002688880905791041 2.9055197584199986e-06 5.245078075186673e-06 3.073410377560937e-05 6.838692346159844e-08 6.8102159951962695e-06 0.0012421008409035778 0.0006009709469502808 0.0 9.186339023835879e-06 9.077693196188503e-06 2.913204115798816e-06 7.939746219695299e-05 3.195446949219097e-06 6.588398107760526e-05 0.003939445593546153 0.001912909069844694 3.5691172598332465e-06 5.4623094933548614e-05 3.6200081271105696e-05 2.7764453509034e-06 8.291645770923656e-07 2.3058331097174184e-06 0.0027121087866254106 4.286316534173715e-06 0.00032213012248398276 0.00037679808576511974 0.0008817816470429058 9.11602293293922e-05 3.5742186567175724e-06 2.0839334453648236e-07 6.459417025776655e-07 2.3798443825177454e-06 1.1634902418084131e-07 4.3197757923021504e-05 2.9873607589021877e-05 0.0 0.0 0.0 1.0433453527520038e-07 3.086855110200262e-07 3.9165489819056274e-07 5.57403916216882e-08 6.15098385774025e-06 0.0 2.734438987210731e-05 5.311157651775014e-07 0.0 3.119505559533128e-07 4.832586384757932e-05 3.028096759327317e-05 0.00010187891265703358 6.362298828688161e-08 0.0 5.037046881286042e-07 1.1149941902078359e-06 9.792112132425341e-07 8.810202750835227e-06 0.0005312637754348353 0.0009125863314678747 6.123142343471947e-07 4.699459452432673e-07 4.6089334609007545e-07 7.619753464648739e-06 0.0 5.480244684346673e-07 4.475426184240127e-06 9.622295617814453e-07 1.5058652816229775e-05 7.546394615322708e-06 9.089948023468714e-06 6.332688847649931e-06 2.3661377735867831e-07 0.0 1.0791468112601966e-07 9.782339160392352e-08
1.3121687242251433e-05 7.129100055823119e-08 2.3578245684371409e-07 0.0021200694461344905 6.215226541822263e-06 0.001112805063311601 3.088119982549987e-05 0.0008419010454027721 0.00025367230616488097 0.003457954730178385 6.458628785645054e-05 0.003293630861537493 2.3975018099768395e-05 0.00047229980064533825 0.00013936879810610558 3.6199714490961667e-07 1.6882476263802707e-06 1.694320693340851e-05 9.186339023835879e-06 0.0 6.783739709508004e-07 4.0259308799443307e-07 5.748282824600922e-07 0.00015554467409763158 6.472783138395542e-07 1.4033892305591003e-05 8.391464678575205e-06 0.0017803322387236872 0.00015965678358262797 2.445549284714022e-06 7.095232286682307e-07 2.1294914376731713e-05 1.3782105692514704e-06 0.00023014595038173526 2.7667022432121486e-06 0.000250792189601591 1.6491945806246878e-05 0.0003599868831800218 0.0001207493414332174 0.00017344280848028483 4.1222661996378585e-05 2.966470209243272e-06 7.155636808775355e-06 4.3198502187374687e-07 0.0 6.211085711687424e-08 5.448570953127182e-05 0.0 6.18253435733942e-06 2.316879557760089e-05 1.949223052120283e-05 4.062118573234938e-05 2.2965957824840717e-05 7.18004364543808e-07 5.643155205337044e-05 3.642727328216063e-07 5.887086440580189e-06 6.113708957905496e-06 1.6887578784613872e-07 0.0 0.0 0.0 7.029322752196749e-05 0.0 0.0 6.734105066498578e-08 6.62407626453677e-05 0.0 2.6235536812799055e-07 5.436910721679759e-07 0.00010286967940633281 1.1170525070056322e-06 2.0640184251328487e-07 9.94302751585424e-08 0.0 0.0 2.793132185650395e-06 2.4242997030486323e-07 1.3314698778282597e-05 3.9072917317310407e-07 4.788043491058922e-06 1.1708623241428947e-06 3.268904847006285e-05 1.3924974000613473e-07 1.7095667951731295e-07 0.0
6.235792848756815e-05 1.1995345552168888e-05 0.0003398745198622003 1.0010125948178778e-07 0.0 6.892906991040668e-07 0.0002565041111798652 7.513995925601911e-05 4.1682238349082155e-05 1.7234941861516517e-06 3.0979255487289273e-06 0.0 2.776229910184345e-06 0.00010625866575720339 0.0 0.001680380038569869 0.0005997905179214402 9.450483009136425e-07 9.077693196188503e-06 6.783739709508004e-07 0.0 0.000214604711106783 0.007600134590040547 0.00017448754190944394 1.6632954443588705e-06 1.3184118405137511e-05 0.00029696167604430695 0.005388732700779624 0.00022537427876633467 0.007224392048414324 3.706148860644994e-07 0.0 3.04550407720598e-05 0.0018931076863017218 2.0194804087411194e-05 0.002030283031704508 0.0002446890098980608 0.002543426594117692 0.0012405435424482027 3.70053960885494e-05 1.6234794797405785e-06 2.098135309981643e-06 1.200504812891749e-05 1.3635741008578892e-06 1.0000761389751173e-06 8.448757668085159e-06 0.0 0.0 8.592298662453532e-08 2.2622265519756396e-06 2.642522194551954e-06 1.082236775152035e-05 9.677357971133968e-08 1.8123787521107465e-07 0.0 0.0 5.348979433001791e-06 1.0460417067605474e-07 0.0003803145820441063 1.0044108143775929e-07 0.0 8.208160806399596e-08 0.0 0.0001732428159857833 0.00014124124282678509 0.00016558940727050302 9.471693792847304e-05 0.0 2.337686015212866e-06 3.8890672467875433e-05 0.00013455376405790075 1.3205783379458755e-05 6.163971809653057e-05 0.0 0.0 4.790170645699628e-06 1.0674186255904414e-05 2.858947858864763e-06 7.333829290751425e-05 7.573820260604258e-06 2.2375565772795995e-05 1.043750059004426e-05 1.2432585943551952e-06 0.0 0.0 3.6782396164045224e-07
1.93367409803221e-06 0.002248375595980683 6.657551046770877e-05 1.2236515835975982e-07 3.4377392893304175e-07 3.60986701498208e-06 7.509715937268237e-06 4.876358161885946e-06 0.002107139893321117 7.093563951089724e-07 6.49210863223998e-06 4.3925686063820007e-07 3.619953065399493e-05 1.2182431486328065e-05 3.470951331722433e-05 0.0012613559403467142 2.3173372255860062e-05 1.4607840371366572e-06 2.913204115798816e-06 4.0259308799443307e-07 0.000214604711106783 0.0 0.0007634935449773078 0.0031197537252018095 0.0002858208128271886 3.503038198110439e-05 0.0009895473901902665 0.0004386567367766049 2.6023194374694533e-05 6.216874846897752e-05 1.6412383052031253e-06 2.4021288010885895e-07 3.041371717733089e-07 4.2288421203933107e-05 5.986872818577779e-06 0.0004549493932223332 7.685136539492948e-05 0.0001783435728365896 0.00015175101177346322 5.954940910659166e-05 3.7823348087832122e-06 2.4382136925376003e-06 4.727807937986128e-06 5.081095179740014e-07 1.6374293487206894e-05 4.284718560682917e-05 4.0830357829736927e-07 0.0 0.0 4.001486616517847e-06 2.0594651834242973e-07 6.884171093062747e-06 2.6351051337357585e-07 1.1392701536181378e-07 1.183845819953384e-06 7.14984121580253e-07 6.847021339805567e-07 0.0 0.00045365233153834563 1.0018385151319797e-06 1.0726802714283547e-07 0.0 3.367294498641759e-07 5.927644894817668e-05 4.2278724166538215e-05 0.00037918864033550183 3.362084672253591e-05 4.569435621098397e-07 6.826844337579311e-07 0.0006473548114740131 2.8085349125750082e-05 2.1062639181759286e-06 1.150534515554114e-05 0.0 0.0 7.620071118485809e-07 4.902705254860016e-06 1.8620767792418928e-06 7.884570584184006e-05 1.268786143426766e-05 3.063146424242903e-05 2.2515886775641247e-05 4.617171095350515e-06 2.3242113419653374e-07 0.0 2.4634997022384945e-07
6.900229438625099e-05 9.531280614277876e-05 0.0072774568828057745 0.0 0.0 1.0352991123389642e-06 0.0001307524500853007 6.207082785770195e-05 1.8229558552628406e-05 1.9290672209292633e-06 1.581624573752799e-05 1.5819218352753706e-07 9.187619610020832e-06 0.00010495352985772856 0.0 0.003947144435708733 0.0020386588320916227 3.5466451508322215e-06 7.939746219695299e-05 5.748282824600922e-07 0.007600134590040547 0.0007634935449773078 0.0 7.165729812553483e-05 7.007356787591843e-06 0.0004108635206470892 0.00916580494046719 0.0012466853855320535 0.00013293934483607202 0.003947376923770096 6.756245890035582e-08 7.32702089626164e-07 8.813069443984363e-06 0.001821420001984513 8.529447270279763e-05 0.005458028660593538 0.0010394817367744438 0.0053030314965831675 0.003915720434492819 0.0002417681240527312 1.3223858536806323e-05 6.715869728168234e-06 4.364483213369583e-05 8.333805123002526e-08 1.5852415442637133e-05 0.00039993367285835984 0.0 0.0 0.0 4.087076096584842e-06 3.3355774437890245e-07 9.476731571190889e-07 1.9435285440570058e-07 1.2345872847063238e-07 0.0 5.831142778761509e-08 8.597919688180038e-07 0.0 0.0005684908404830213 1.4524074853295217e-05 0.0 1.2468435356271965e-06 0.0 8.772996459241186e-05 0.000299091393591441 0.0007444960010870983 2.635934388366151e-05 0.0 1.2406274773420491e-05 0.0011299845653944616 3.4421825724594204e-05 3.943841254535545e-06 1.6996673647793836e-05 0.0 0.0 2.1525863059727713e-06 2.295885096248022e-05 1.3199683603714839e-05 0.00015953532538238343 2.3596804082091718e-05 7.424290331621687e-05 5.3008722290459286e-05 3.2772842182641782e-06 3.038142943524527e-07 1.341549282626832e-06 1.5004771619034129e-06
