0.0 1.1293020860568604e-07 5.5542760245178244e-05 1.7268653319602212e-06 7.775831782178847e-07 2.198755476398076e-05 0.0018146378820133556 0.000533752219054244 3.1481257051921185e-06 2.6213060156451944e-05 7.961876379418265e-07 1.4112537045609702e-06 0.0 0.0020301550341132717 1.1688858751895904e-07 2.3491612354473987e-07 2.935235813864208e-05 2.299655164363893e-07 1.1090335463244812e-06 2.5719249223904846e-06 9.431913180997288e-06 3.244357734192604e-07 3.265582673669309e-05 2.4699412438317235e-05 0.0 6.418226623939192e-06 6.666163449654537e-06 0.0001328949122930015 0.0006954044996962192 0.0007800190850157275 0.0 2.0791058903947975e-06 5.186926660281748e-06 2.3763877609247792e-05 6.652623720501146e-07 1.6066665614686613e-05 1.4797048616067883e-06 1.336948718953915e-05 5.228496847031767e-06 9.481418823434193e-07 1.2404958620640971e-06 4.0528521806359996e-07 1.1055062873520468e-07 1.7132404031362318e-07 0.0 2.47617134182792e-07 0.0 0.0 0.0 1.5985903806100739e-06 1.0112485750324735e-07 1.042797997043466e-06 6.239663713153599e-08 0.0 0.0 0.0 2.0395836440745864e-07 0.0 3.5133562880035147e-07 0.0 0.0 0.0 1.3751340648109254e-07 5.408344081572454e-07 0.0 5.5143798692751404e-08 3.270754902894946e-06 0.0 1.9565191755116762e-07 2.2076859814644483e-07 7.124064202830154e-06 8.205272733990552e-07 1.1074819515599161e-06 0.0 0.0 5.054892392021593e-08 4.400119632942662e-07 0.0 2.1318733092856554e-06 0.0 7.895562533155009e-07 1.4469198559153815e-07 4.219117742707073e-08 2.0125882694791573e-07 5.527582184576178e-08 0.0
1.1293020860568604e-07 0.0 0.00023201248193167548 0.0 0.0 2.9603326781764046e-07 1.0942054547767038e-05 1.0331863336055263e-06 0.00022499964322716454 2.7275280332978233e-07 0.0001809930746255488 6.844934884693927e-08 0.0005069657405512245 7.509250745926069e-07 5.303148342667658e-07 0.00011762892957011032 4.9930456025488264e-05 6.833348419268292e-07 2.543588199261152e-06 0.0 4.168179292347201e-06 0.0011510552354962356 0.00013140440532273415 0.00032736001498978406 0.0008751449912365099 0.00039052183181398353 0.00447008802028317 4.486761144578144e-05 1.1159286175878404e-06 6.407273648919642e-07 5.072185582378266e-06 0.0 2.6536270929327554e-07 8.02024591080552e-05 2.8908411564149505e-07 0.00010980482986501755 4.5382326086101115e-05 0.0001278459043541236 2.7674646719948044e-05 5.440091338770579e-06 0.0 4.598521182452772e-05 0.0 6.17163897571693e-08 2.004145588386527e-05 8.869832665119029e-05 0.0 0.0 5.995739655200092e-08 3.553567329995244e-07 0.0 1.0039238816278915e-06 0.0 3.222783265931061e-06 0.0 1.274808141998802e-05 4.9493458034106515e-08 0.0 2.743042852666794e-06 1.3004078457258935e-05 7.358829440307964e-07 3.454252159316411e-06 0.0 5.483101970250819e-07 7.70081945971766e-06 3.755004582322437e-06 2.7388009856143238e-06 1.5766119646605975e-05 0.00017092072867812156 0.0009129322715159551 1.0849337435673074e-06 1.7179163955827168e-07 8.634646235549802e-07 1.2114846265562966e-06 0.0 0.0 1.209908335342468e-06 5.659062582304581e-07 6.307437495249972e-06 8.145895325851112e-06 7.32819519110686e-06 2.402781111716191e-06 0.0 0.0 1.7556862015710802e-06 0.0
5.5542760245178244e-05 0.00023201248193167548 0.0 1.7339231977828503e-06 3.130096021143914e-07 2.429945232160878e-05 0.001219317072436888 0.00025242382066988995 9.176679243068983e-06 2.014145977877452e-05 5.199132712197294e-06 1.1195311557719048e-06 1.5140601623865866e-06 0.0002479233483641238 0.0 9.258746999891912e-06 0.0033826559351953916 1.819588230783298e-06 8.284756111973045e-05 2.2752413016036457e-06 0.00017042109782591553 0.00014665562588288085 0.006265727765052733 1.4895168439186576e-05 1.3072499569626927e-05 0.0029981369015848166 0.003228542313032956 0.0002951576955017839 0.0001648230338892701 0.0012580131163505163 0.0 1.5661246722934241e-06 9.460627329922007e-06 0.0007184011110769358 1.869568729402531e-05 0.0008203777555572969 0.002684183409082438 0.0009899479241870699 0.0002955303817640252 1.5993876756047755e-05 2.061617439194082e-06 0.0001202570856444452 2.4607572494831383e-06 1.7247685676972009e-06 3.2827290363062386e-05 0.0006422335829549373 0.0 0.0 7.167240176114401e-08 2.9759955284317838e-06 5.36109150913516e-07 5.837863322975939e-06 0.0 1.9424239942683885e-07 0.0 4.1906504843704014e-07 1.1199548261304425e-06 0.0 5.3745982586132496e-05 1.4560440047934468e-05 2.4673598950793284e-07 3.4950886558222062e-06 0.0 3.246769532521145e-05 1.4924666952266882e-05 6.311264636369639e-05 2.3887488912680845e-05 1.8952635020186818e-06 0.00017660828685870817 0.0010559024673232717 3.98401616841308e-05 2.947294899119388e-06 2.3422460333137704e-05 0.0 0.0 1.4520268599093122e-07 7.367344963238966e-06 5.2240018419902185e-06 3.0844469683408396e-05 7.604221401008997e-06 1.6534161353498523e-05 1.098662156302904e-05 5.551066992781737e-07 3.2554859419133017e-07 6.566386133889524e-07 2.4078104370629216e-07
1.7268653319602212e-06 0.0 1.7339231977828503e-06 0.0 1.963151525824596e-06 0.00024342028138411563 2.2319805893207156e-05 0.00019556913590806606 0.00010817998671294938 0.0008369844132353739 2.688726632604733e-06 0.002774541127555363 1.0352481533166459e-07 9.963345435857575e-05 1.5611971130693646e-05 0.0 5.866216743614808e-07 9.330841234250876e-07 1.7253899278971843e-06 0.002796053127312492 2.6572683226312473e-07 9.262222353209883e-08 2.441937407159784e-07 0.0006299544024660038 1.7909980149228721e-06 1.275042097806152e-06 3.7829565729562807e-07 0.0026659124194551888 6.415887712038124e-05 1.4315224413722464e-06 0.0 5.260978903042912e-06 1.157844825611032e-07 6.0309928577806534e-05 4.597818392208788e-06 0.00017101846343863759 4.666841738269821e-06 7.095756712413592e-05 2.9722159444207197e-05 0.00015541555937833925 2.55465754050075e-05 3.19658516908593e-07 3.467842148515473e-06 3.143545670460518e-07 0.0 0.0 1.432008214247369e-05 0.0 2.491485850206116e-06 2.0756864936880123e-05 1.6414713982268162e-06 2.6852222337989406e-05 9.571627066974365e-06 8.45772658831417e-08 5.82856100689195e-06 0.0 9.414083566518211e-07 1.0318640228930602e-06 0.0 0.0 0.0 0.0 2.3264100647674578e-05 0.0 0.0 0.0 7.231513425600242e-05 0.0 0.0 0.0 0.00016022601246194887 6.379314312169918e-07 4.247782720447025e-07 0.0 0.0 0.0 2.7467186894195745e-07 2.7821444587165067e-07 5.312397959854624e-06 1.8864523065456834e-07 1.1766810944604392e-06 8.938799821523075e-07 3.625842901574191e-06 4.962667154365396e-07 6.707152100922656e-08 0.0
7.775831782178847e-07 0.0 3.130096021143914e-07 1.963151525824596e-06 0.0 0.0004727836802906913 3.344060455595151e-06 0.00027939405480715526 0.0001530995650111173 1.1817618608481333e-05 4.2372074392501626e-05 6.781863130644406e-05 1.0472641916137795e-06 3.388011525153508e-05 0.0005982792662409166 0.0 1.7895388920402023e-06 7.522737293339136e-06 1.2689380499942984e-05 4.26812480016977e-06 8.295604560779974e-08 3.980612073404544e-07 4.615485283569697e-08 2.1106005358044982e-05 0.0 7.26819341731426e-06 4.20297900111246e-07 4.64623757810305e-06 2.8621997108806783e-05 7.975501872380599e-07 3.306192666906238e-07 9.375950609158957e-05 0.0 0.0005104853899970516 8.415769476565935e-08 6.832255641420037e-06 4.711406371340653e-06 0.00011221294651834341 1.7797493969231613e-05 0.0007592123863000475 2.5096641435672926e-05 1.6647343990609257e-06 1.7481914093706135e-06 0.0 0.0 0.0 1.4878028876756985e-07 0.0 0.0 0.0 0.0 9.159823114581885e-08 0.0 0.0 1.1377371613821637e-07 0.0 0.0 0.0 0.0 0.0 0.0 0.0 0.0 0.0 0.0 0.0 1.2472675274492114e-07 0.0 0.0 0.0 5.352896574445688e-07 4.596779540073684e-08 0.0 0.0 0.0 0.0 0.0 0.0 2.201438432624631e-07 0.0 2.975334791868207e-07 1.9002368914475107e-07 0.0 0.0 3.360838457080555e-07 0.0
2.198755476398076e-05 2.9603326781764046e-07 2.429945232160878e-05 0.00024342028138411563 0.0004727836802906913 0.0 0.0009469303706874928 0.0025118963642430524 9.318793976192991e-05 0.008468469995628454 4.320218292499181e-05 0.003403274534923996 1.7047396266336858e-06 0.00019102363979264382 0.0007703617197305044 2.5878362940617837e-07 1.210233978657704e-06 7.68154608219243e-06 1.56338684067978e-05 0.000997309247926874 1.1501723293400502e-05 6.365677388631568e-07 8.633090199119599e-06 0.00011683240389259063 4.843497684087505e-07 9.324517787864391e-06 9.917733911803442e-07 0.0007679304674755339 0.00015156042465236621 1.596804651928105e-05 1.242655216121276e-07 0.00011325494365326418 1.755493823005905e-06 0.0006330633565627221 3.430338729145031e-06 0.00019169573448849997 7.886980929669891e-06 0.00023710994616394043 7.874735124477363e-05 0.0008160859199092808 0.0002896652675339562 6.379386260748192e-06 4.499096892144928e-06 6.940479275861411e-07 7.835214462178783e-08 1.1013392511567174e-07 5.426267190280207e-06 1.0520516913001114e-07 1.5765535898913452e-06 2.2189888131588516e-05 1.2183826416856786e-06 1.294394289399371e-05 4.9312128746553505e-06 1.1141765763407592e-07 4.066185129683824e-06 3.3882984698102074e-07 1.3727910406123266e-06 8.33950023909723e-07 5.130952775129343e-07 0.0 3.848544380563481e-08 0.0 7.997473025972726e-06 4.4991198518364133e-07 2.9884965089164893e-07 1.2015150949399972e-07 4.854102086893912e-05 0.0 2.525059151777096e-07 6.782042377349986e-07 0.00010583632539276558 2.0393831902016118e-06 1.922541711929462e-06 0.0 4.1271684155064874e-07 1.280846593577925e-07 9.321787183380241e-07 1.499127977214365e-07 9.05746996531741e-06 7.515531034497625e-07 4.899462414925151e-06 1.6985051391977583e-06 1.624685168697468e-06 1.9492715498097134e-07 3.544776822879444e-07 2.5788516149628456e-07
0.0018146378820133556 1.0942054547767038e-05 0.001219317072436888 2.2319805893207156e-05 3.344060455595151e-06 0.0009469303706874928 0.0 0.004424424955705105 0.0001089142330005002 0.001389581618988079 5.8029964275512525e-06 7.011803784099864e-06 6.596097699111282e-07 0.005248620048973181 3.6125428745560873e-06 1.4186105292161992e-05 5.737519323594697e-05 1.9542098074616892e-06 4.2383582474723e-06 1.5210805972606822e-05 0.0006682789691964226 5.184962319734596e-05 0.0007196411336786639 0.0005175596816929106 1.5441997780453637e-06 3.1784082274396374e-05 5.21661574471374e-05 0.009304744812771121 0.0017416973141927744 0.0022883810377700296 1.6673762515273561e-07 1.1051126762059059e-05 7.327682265194024e-05 0.0004224842649077837 4.373331853374035e-05 0.0008911160111861107 4.170595000721056e-05 0.0004267306534108192 0.0003181080505734482 6.411907733524104e-05 4.328628112656547e-05 2.6284917883817245e-06 1.1374644953378911e-05 1.5546018813349265e-05 1.364109964017497e-07 4.862050612606889e-06 6.512046377680206e-06 0.0 4.000086084637237e-06 6.116928010073328e-05 4.127467992674128e-06 6.035573908700317e-05 5.414750392244614e-06 3.039200524074594e-07 2.341213299739369e-06 3.089919270880239e-07 9.460093997474798e-06 2.092139934806718e-06 1.603379843694916e-05 3.7946439427771107e-07 3.757037692565256e-07 1.0205875034485268e-07 4.381772287274544e-06 1.0125410544050174e-05 4.787513880939615e-06 8.781129791488161e-06 0.00020844729643077514 0.0 2.8614716758153995e-06 1.9746198675791192e-05 0.0003810303574118232 3.072168683560711e-05 5.1259271886156335e-05 0.0 2.3751608196466893e-07 3.098667290249362e-06 1.2284134402040414e-05 5.67502158301828e-06 7.958800536064164e-05 2.7481442300582184e-06 2.2613366503254813e-05 1.4167038293194084e-05 7.416616894739053e-06 4.120008539183355e-06 3.716294291203368e-07 9.029367280768565e-07
0.000533752219054244 1.0331863336055263e-06 0.00025242382066988995 0.00019556913590806606 0.00027939405480715526 0.0025118963642430524 0.004424424955705105 0.0 2.480507925983618e-05 0.0031427539821264005 9.30695999199033e-05 0.0007945336289729542 3.3807606257247202e-06 0.0021858929733059524 0.00023380431215165614 5.657641052221489e-07 0.00010147028806445131 2.2052611350348432e-05 4.558844842113891e-05 0.0004787938869903782 6.926237568182746e-05 2.7036722191419417e-06 0.00012892016114152038 0.00015159488236765825 1.421676207240798e-06 4.862178879436126e-05 2.0896501119575135e-05 0.0009155845345519376 0.000477644467226021 0.0004969914411209567 9.581158679427882e-07 0.0007087170981431224 6.150374847594281e-06 0.0005854892749046492 1.2334102928609357e-05 0.0004828270687534164 3.358981229899244e-05 0.00036874670243622473 0.00013593911439125066 0.00043348207843602 0.0001470083842291647 1.8282703706187755e-05 9.51197202393896e-06 3.273765655030988e-06 1.1056815890308091e-07 6.166167129415177e-07 8.579240516539631e-06 7.641022771152105e-08 2.540896264120056e-06 5.768087477460764e-05 3.8015464981115786e-06 2.5634650860725794e-05 4.873261071205194e-06 1.9767443973025244e-07 2.6865239310441886e-06 5.815150694523161e-07 4.203110728647125e-06 2.983307278679814e-06 2.6317417622732408e-06 0.0 1.4441341210733217e-07 0.0 6.5633567011375455e-06 1.7147218205691094e-06 9.532958477749871e-07 8.982076302581247e-07 9.566641273646118e-05 0.0 8.191204872809342e-07 2.0468826630258787e-06 0.00023500305550189235 9.39193027753657e-06 1.1814242666685912e-05 0.0 6.161165562631069e-07 7.490721535851918e-07 4.346090502636639e-06 1.5756314133901592e-06 2.8377511050817027e-05 1.3022188712087148e-06 1.2833213696997025e-05 5.290638242357e-06 3.4505627487546085e-06 1.0562511691453514e-06 1.335388602005152e-06 6.145493060436716e-07
3.1481257051921185e-06 0.00022499964322716454 9.176679243068983e-06 0.00010817998671294938 0.0001530995650111173 9.318793976192991e-05 0.0001089142330005002 2.480507925983618e-05 0.0 4.1567189322880015e-05 5.188951532626678e-06 0.00015536099800444694 1.0459145150183921e-05 1.961963395047318e-05 0.0007845258462224133 9.825772311021859e-05 1.733782473596543e-06 6.552386043213974e-08 1.8455893768328463e-07 0.0001042727575309311 3.804467620243418e-05 0.0006695206112939863 1.7836561327896027e-05 0.0034729129858663372 1.744980231938037e-05 1.6338504513901906e-05 0.00021700736208706662 0.0010888225113910518 6.664946067934687e-05 2.748126434819226e-05 0.0 2.2210184575229204e-06 1.399710928570587e-05 2.1579404585358557e-05 4.921675468082263e-06 0.00010150305270450226 4.984573084696605e-06 2.465676942056681e-05 2.5002551693697144e-05 0.0003125076324579386 3.526709260267261e-06 5.754987680631087e-07 5.214172936020777e-07 1.5174110845233526e-05 8.219082815974659e-07 2.8827126668755563e-06 1.977278899412989e-05 0.0 4.451378410414526e-06 6.863584351325548e-05 5.882840496374607e-06 3.9090311172369407e-05 7.234278947537938e-06 7.841472677913893e-07 9.71507418400596e-06 2.921203229805537e-07 8.144793159656901e-06 2.395685956102789e-06 0.00018269660445381227 7.406696455475958e-08 3.327046668917537e-07 1.6729019496376783e-07 1.9234366324192127e-05 6.736359925093564e-05 1.1945331064634505e-05 1.9716407071902444e-05 0.000463839495539587 0.0 1.6577662755774704e-06 1.0496532081145395e-05 0.0005008297860281011 3.32176974670126e-05 8.66290716656968e-05 2.367094971634665e-07 2.0745243036668831e-07 3.884982297804991e-06 1.1486652413954613e-05 1.372251165145739e-06 5.5957400576762305e-05 3.2249017556789748e-06 2.0230811332667443e-05 1.3141952577244962e-05 3.737919246151316e-06 3.107847887943159e-06 9.27040506900775e-08 7.622402165739541e-07
2.6213060156451944e-05 2.7275280332978233e-07 2.014145977877452e-05 0.0008369844132353739 1.1817618608481333e-05 0.008468469995628454 0.001389581618988079 0.0031427539821264005 4.1567189322880015e-05 0.0 1.1306177084042644e-05 0.000600286416702083 3.7508132512260964e-07 0.000726268603926403 8.768387941175706e-06 2.357725939417115e-07 2.7228098364055735e-06 3.123978182243555e-06 6.905770780136597e-06 0.0007407898581269137 6.678478663571058e-06 8.917425580493777e-07 6.207765000823232e-06 0.0001111582354099202 7.388293720783876e-08 4.8775353626631705e-06 1.6458959032199838e-06 0.004036537246785261 0.00031078065019414194 1.653583071275791e-05 0.0 2.2637994659753566e-05 2.0784449468983785e-06 0.00025037057077447367 1.7782513977645984e-05 0.000444528155659828 1.4152913362891312e-05 0.00027147153556874784 0.00011232276557789605 9.365677781003537e-05 8.899639077023387e-05 2.7320250189822852e-06 9.794981369809523e-06 1.3135357253129792e-06 0.0 7.332463732788019e-08 1.2481457701373145e-05 4.389774271870039e-08 3.9435251655017105e-06 2.4796205454861133e-05 2.551830829507152e-06 1.9087939512195145e-05 4.475407589949009e-06 3.9972261200286727e-08 5.127437498553837e-06 0.0 1.6842296406177833e-06 4.974678521892672e-07 1.1795842045665001e-07 0.0 1.1784292483262803e-07 4.136370718977289e-08 1.2852671673397975e-05 1.273093263426605e-07 2.440049342058086e-07 2.727395448469956e-07 6.593945043519459e-05 0.0 9.312522553708312e-08 1.231533512004175e-07 0.0001527937698096663 2.1558353415764897e-06 2.181231445558715e-06 0.0 1.0092698536382167e-07 1.500827930509005e-07 1.3678708255333589e-06 1.6474985980790202e-06 1.6701914839069552e-05 2.9322569909729433e-07 2.5006863824303317e-06 1.6354375050825773e-06 3.865556974913769e-06 7.727843662028724e-07 1.2126099963271247e-07 1.3022327086107613e-07
7.961876379418265e-07 0.0001809930746255488 5.199132712197294e-06 2.688726632604733e-06 4.2372074392501626e-05 4.320218292499181e-05 5.8029964275512525e-06 9.30695999199033e-05 5.188951532626678e-06 1.1306177084042644e-05 0.0 9.289678660856274e-06 0.0015004077134654382 5.2329886165305266e-05 9.768669149502189e-07 1.6780596324699379e-06 0.00018451546788753653 0.0027110506926972043 0.0009516159416659898 7.574540865859548e-06 8.205476735283672e-07 3.055028122433808e-05 2.720442504988533e-06 5.957784622147023e-06 0.000879569709385285 0.0026257811134960955 0.00030304534791128073 9.041455573116263e-06 9.53259151487312e-05 1.009723080904311e-06 0.00022811181563704954 4.927988818116864e-05 1.0393630375088924e-07 0.003802169516954656 4.0754688267390316e-06 0.00033566539027391623 0.002424203410606936 0.0023018547909566065 0.0005446806047713994 3.2984851171972655e-05 6.039682928563638e-05 0.0014347052797364552 1.7604430210001427e-06 1.5538190462652367e-07 6.634525871789489e-06 6.989012516240264e-07 0.0 0.0 2.7253679993184494e-07 4.406703595459429e-07 4.850831975234365e-08 4.790014413056076e-08 2.793943720081032e-07 0.00010239896763465807 8.040635216051624e-08 0.0004269024993801024 1.0552621508728063e-06 0.0 0.0 7.841215859476412e-07 7.303034325422904e-06 3.270219215354917e-07 0.0 7.062828269252164e-08 0.0 0.0 7.035746918987978e-07 3.070876977722837e-05 7.617722121350937e-05 0.00010071802885687595 1.3086915408089358e-06 5.536499709041008e-07 1.706601800495308e-07 5.0683695993730424e-05 2.8480528644191834e-07 0.0 1.1428593788815384e-05 3.745887057266095e-06 3.075032883394769e-05 0.0002888488309409974 4.413594654196448e-05 1.716620133773444e-06 4.9671981952832365e-08 9.865984393097461e-08 9.068135894923673e-05 4.711021249614343e-07
1.4112537045609702e-06 6.844934884693927e-08 1.1195311557719048e-06 0.002774541127555363 6.781863130644406e-05 0.003403274534923996 7.011803784099864e-06 0.0007945336289729542 0.00015536099800444694 0.000600286416702083 9.289678660856274e-06 0.0 2.2456256399000756e-07 0.00023768635824980837 0.0003828122509261413 1.2235046162853125e-07 7.618465564044369e-07 2.883053270942551e-06 5.4229645421265305e-06 0.0037629165373904627 6.865696653781495e-08 1.7016822283862416e-06 3.086793599575948e-07 0.0006721229200324967 0.0 3.593946738952052e-06 5.559512020591332e-07 0.0006635108658451396 9.051631248765987e-05 7.394067097797836e-07 9.798263157161965e-08 2.2235909456081122e-05 1.71633730092158e-07 0.00012405211076737066 2.1086527961982236e-06 0.00021566604900765724 4.490440438094776e-06 0.00010825007993382735 3.300076135378011e-05 0.0006495081620093475 3.22730527620115e-05 1.5153147715710063e-06 2.606220789101961e-06 1.710976262229589e-07 0.0 0.0 1.2264610830392126e-05 0.0 8.806021462179918e-07 5.483563070818842e-06 6.07108932253602e-08 1.6428122402679544e-05 4.66965339391379e-06 0.0 6.270417357677397e-06 0.0 2.774979458342055e-07 3.7909616615444016e-06 0.0 0.0 0.0 0.0 1.7166614661450896e-05 0.0 0.0 0.0 3.930288781910818e-05 0.0 0.0 0.0 7.284652005148357e-05 3.4890201975029435e-07 6.720102155235703e-08 0.0 8.656485582775707e-08 0.0 8.606903242159115e-08 0.0 3.4970274736668197e-06 1.7920194896262448e-07 1.2873705086183028e-06 4.669077588500818e-07 4.6643830213683025e-06 1.0717227272329731e-07 5.5490943315635593e-08 5.352814589624592e-08
0.0 0.0005069657405512245 1.5140601623865866e-06 1.0352481533166459e-07 1.0472641916137795e-06 1.7047396266336858e-06 6.596097699111282e-07 3.3807606257247202e-06 1.0459145150183921e-05 3.7508132512260964e-07 0.0015004077134654382 2.2456256399000756e-07 0.0 1.234097094586715e-06 0.0 2.5737630279918274e-06 8.519438100368638e-07 3.0523296009159776e-05 2.7871664330203846e-06 2.4312589334817343e-07 5.997986650242708e-07 9.302100859051956e-05 2.2857193066278042e-06 1.5182434575909077e-05 0.0023484897184710843 0.00031698406839571756 0.0017989315041959408 2.8230803371830183e-06 2.3568504213447613e-06 0.0 0.000595534099355658 7.964192844772025e-07 0.0 0.00044063983188686315 1.1644092280472847e-07 2.6803002331851672e-05 0.0008555470090954473 0.0005862737383830671 9.436272757362491e-05 1.0709855930350262e-06 1.2551111399358834e-05 0.0004987075974812797 1.957382479619397e-07 5.2414127869877683e-08 1.222184420722107e-05 8.866368695570834e-08 0.0 0.0 1.4169089278492847e-07 1.8224126522128125e-07 1.2318596775784876e-07 0.0 0.0 0.00011677527288333017 6.573443430646839e-08 0.000514448672859004 1.0478248564405004e-06 0.0 0.0 5.015373343306483e-07 8.523832422728757e-06 4.512056110626682e-07 0.0 5.083624524395652e-08 7.182545323244993e-08 0.0 5.3208779543874954e-08 7.764643102769438e-05 0.00012012169240288264 0.00017397112882638213 0.0 3.932787331659924e-07 0.0 5.322760819069802e-05 1.1982982253761814e-07 0.0 1.0968456167988963e-05 6.234203149618692e-08 3.5723992975977276e-06 0.0002975296394888191 4.44302769421833e-05 1.2419198901222077e-06 6.493112594192629e-08 0.0 8.95826620136819e-05 1.3146831285044758e-06
0.0020301550341132717 7.509250745926069e-07 0.0002479233483641238 9.963345435857575e-05 3.388011525153508e-05 0.00019102363979264382 0.005248620048973181 0.0021858929733059524 1.961963395047318e-05 0.000726268603926403 5.2329886165305266e-05 0.00023768635824980837 1.234097094586715e-06 0.0 5.0525223719557014e-05 8.077818140793011e-07 0.00012357605698339229 9.827495663001218e-06 2.477864223685392e-05 0.00020406480081221591 6.0102488686584656e-05 2.347635928544189e-06 0.00014265479654474594 0.0001377852105687842 7.377560409902778e-07 3.626011255482792e-05 2.2663765326960202e-05 0.0006852561592762581 0.0025022144073791734 0.0011025205100613812 5.06221520332271e-07 6.239747499029465e-05 1.1579635875714204e-05 0.0007360091055573262 6.501570205489788e-06 0.0005376748703571087 3.2829403226207795e-05 0.00028903691852705927 8.421329247893082e-05 0.00028558631688478436 0.00010423660442472092 8.945142576714488e-06 7.037341518831325e-06 2.5526646506119013e-06 6.627997332785493e-08 8.627563072187279e-07 3.2313144246090447e-06 8.577540703663705e-08 2.2502982573704526e-06 2.2647453917153588e-05 1.5449713123647588e-06 1.3070612302694762e-05 2.167980486258959e-06 4.138622961245533e-07 4.887426915086953e-07 2.9343637151107144e-07 2.1949107016441123e-06 1.004713990633316e-06 1.7322353599133954e-06 5.065901219200514e-08 0.0 6.19811554011636e-08 2.8378563521103904e-06 1.4458561743027588e-06 3.3517069295685905e-07 3.5443977908910467e-07 4.570581603355156e-05 0.0 4.5546910752406874e-07 1.7051367307569254e-06 0.0001116465679679271 5.947020512761312e-06 7.387077842529662e-06 0.0 1.0870960636618837e-07 9.503455003208343e-07 2.997650178242517e-06 2.419123751137501e-07 2.5462854998752158e-05 1.0982923572144762e-06 6.71390805172923e-06 3.610260213160112e-06 1.931803412516293e-06 1.0938587964459976e-06 4.1850459054316085e-07 4.6419117406595994e-07
1.1688858751895904e-07 5.303148342667658e-07 0.0 1.5611971130693646e-05 0.0005982792662409166 0.0007703617197305044 3.6125428745560873e-06 0.00023380431215165614 0.0007845258462224133 8.768387941175706e-06 9.768669149502189e-07 0.0003828122509261413 0.0 5.0525223719557014e-05 0.0 0.0 0.0 1.0980364551938682e-07 4.393051940273538e-07 3.656752487731316e-05 0.0 4.881334664417866e-06 0.0 0.0006485603153708995 0.0 3.3271676260904886e-07 5.938573866441277e-07 3.2660760833516844e-05 3.0921719541125146e-05 8.082207531253733e-08 5.715707294460083e-08 0.00010551235559761706 0.0 9.214175868144453e-06 3.899348511801193e-07 7.02579479978491e-05 1.7324146475128463e-06 6.7293094053868165e-06 1.8011665223204196e-06 0.0005158286423333811 3.447918215029786e-05 1.8091817112020048e-07 0.0 0.0 0.0 0.0 1.1632875140899943e-06 0.0 2.6153039682335517e-06 4.3682947414400886e-07 0.0 2.3660437035290589e-07 5.447281205574844e-07 0.0 1.2399240474987859e-07 0.0 0.0 0.0 1.1043337664551438e-07 0.0 0.0 0.0 0.0 0.0 0.0 0.0 2.5138464711142293e-06 0.0 0.0 0.0 7.574991772521632e-06 3.491817091937538e-07 0.0 0.0 0.0 0.0 0.0 0.0 2.9764068616513774e-06 0.0 2.3535599871557182e-07 0.0 0.0 0.0 0.0 0.0
2.3491612354473987e-07 0.00011762892957011032 9.258746999891912e-06 0.0 0.0 2.5878362940617837e-07 1.4186105292161992e-05 5.657641052221489e-07 9.825772311021859e-05 2.357725939417115e-07 1.6780596324699379e-06 1.2235046162853125e-07 2.5737630279918274e-06 8.077818140793011e-07 0.0 0.0 2.941246119127978e-06 7.062747959601691e-08 4.690342253663461e-07 0.0 0.0018004318746324252 0.0024373405343718303 0.0030643459807705472 0.0009298611854719309 5.521273694014477e-06 1.4606546512974014e-05 0.001100269426693419 0.0009227183281112597 5.5617506939775264e-06 2.1200011390759315e-05 0.0 0.0 1.7331969965367066e-06 5.70057143366762e-05 2.4450058713872873e-05 0.0007258169990137877 0.0003656959943571148 0.0001817974037454563 0.0003152076911123322 5.936302236536554e-05 5.894640841673066e-07 1.376339084017922e-06 6.06602358193612e-06 5.1260813986645045e-06 5.302853857526016e-07 1.0186181240866789e-05 0.0 0.0 0.0 3.0028038800810593e-06 3.686604897357508e-07 2.112853695475007e-05 0.0 3.007515952746589e-07 0.0 5.8028910568555574e-08 2.9595069422333997e-06 6.680504077882948e-08 0.0013690129204836005 8.729897816746273e-07 1.0149664191521212e-07 1.8409904915047594e-07 0.0 0.0002539332731695471 0.0003134615883303296 0.0005126950807537404 8.44221901011657e-05 0.0 1.2898528626700137e-06 0.0001337715204949558 0.00014759285427496174 8.611228759349362e-06 8.323133903402059e-05 0.0 2.1318515000422304e-07 9.226941535441597e-07 3.4744550274333827e-06 2.715071479323443e-06 7.585773322404324e-05 2.7406823845223352e-05 6.883103445341295e-06 6.443831828630992e-06 2.2857938024508193e-06 1.27229721249244e-07 0.0 6.89829301062585e-08
2.935235813864208e-05 4.9930456025488264e-05 0.0033826559351953916 5.866216743614808e-07 1.7895388920402023e-06 1.210233978657704e-06 5.737519323594697e-05 0.00010147028806445131 1.733782473596543e-06 2.7228098364055735e-06 0.00018451546788753653 7.618465564044369e-07 8.519438100368638e-07 0.00012357605698339229 0.0 2.941246119127978e-06 0.0 1.4040982388635485e-05 0.002478035364358573 9.521390660914852e-07 9.686233760226958e-05 1.7552827396826275e-05 0.0012662491840367675 6.2555931273979065e-06 2.746562652202981e-06 0.0016329616829202115 0.003559581272901877 2.256147217590239e-05 0.0002212802118981315 0.0009455834864487981 4.066967414657043e-07 1.756340252233081e-06 1.3525505363384205e-05 0.0015160241717426524 8.827780238625811e-06 0.0007185939644421259 0.0007453043952637728 0.0010685252051508118 0.00036544909468865606 1.2736304044234987e-05 1.2953231668293995e-06 7.600553132085853e-06 2.5779745104053724e-06 6.484365247355242e-08 3.539277646661667e-06 2.6177830251553184e-05 0.0 0.0 0.0 2.1095942470155242e-07 0.0 2.4080742764361013e-07 0.0 0.0 0.0 1.8482748724209873e-07 1.1390310336098117e-07 7.025940026731316e-08 5.832889421141978e-07 4.217193730414586e-06 0.0 2.577346932366194e-06 0.0 7.68923294994927e-07 4.81355489605e-07 1.945161927624013e-06 5.916014787084021e-07 8.554885301995604e-07 5.481818235268928e-05 7.974046565930766e-05 9.008446370471779e-07 1.504086827147577e-07 2.5235174282017774e-07 1.348671098855379e-07 0.0 0.0 0.0 3.2551635898156433e-06 5.708190991098023e-06 1.6477277811281855e-07 1.558519483885392e-06 1.2358595194281748e-06 1.0465236282430264e-07 0.0 5.510120008919387e-08 0.0
2.299655164363893e-07 6.833348419268292e-07 1.819588230783298e-06 9.330841234250876e-07 7.522737293339136e-06 7.68154608219243e-06 1.9542098074616892e-06 2.2052611350348432e-05 6.552386043213974e-08 3.123978182243555e-06 0.0027110506926972043 2.883053270942551e-06 3.0523296009159776e-05 9.827495663001218e-06 1.0980364551938682e-07 7.062747959601691e-08 1.4040982388635485e-05 0.0 8.541112900018483e-05 2.2459068123622337e-06 2.3853375797230433e-07 2.6558169843650037e-07 6.128863789467804e-07 5.403016841911276e-07 1.4212913781766502e-05 0.0014896586092579965 0.00013450932231244683 2.1943646280462185e-06 2.0640738111030764e-05 7.83434061435008e-07 1.7989209930521e-05 8.021845556361324e-06 4.519701983509486e-08 0.000533427560564427 3.8627763247072486e-06 0.000475484360467875 0.0006571569086966255 0.0007374713105888894 0.00022140936654809005 1.2235585710676046e-05 5.323130393734636e-06 3.464468375573313e-05 1.4521775365799106e-06 1.0510218062548152e-07 4.1651927193283186e-07 0.0 8.065913540758112e-08 0.0 0.0 1.5796133727934419e-07 0.0 1.6897109565605316e-07 0.0 4.338955630698545e-06 0.0 3.4019535048991794e-05 0.0 0.0 0.0 0.0 2.644262480209468e-06 1.2643294112316058e-07 0.0 0.0 0.0 0.0 7.375049772565878e-08 1.1459095586216874e-05 3.200518096737764e-05 5.275885653212703e-05 6.166189128347039e-07 4.153594429168872e-08 0.0 9.146620345999386e-06 0.0 0.0 7.320602046682914e-07 4.04194101590442e-06 3.789174834393932e-05 5.441887294122855e-06 2.9944332741898945e-06 6.209192014626631e-07 8.584413830191899e-08 0.0 2.1943579150462933e-06 0.0
1.1090335463244812e-06 2.543588199261152e-06 8.284756111973045e-05 1.7253899278971843e-06 1.2689380499942984e-05 1.56338684067978e-05 4.2383582474723e-06 4.558844842113891e-05 1.8455893768328463e-07 6.905770780136597e-06 0.0009516159416659898 5.4229645421265305e-06 2.7871664330203846e-06 2.477864223685392e-05 4.393051940273538e-07 4.690342253663461e-07 0.002478035364358573 8.541112900018483e-05 0.0 4.297185601020131e-06 4.6391682743139454e-06 7.285249886353958e-07 0.00014843011499769812 1.4973946535355135e-06 3.901580016442514e-06 0.0016151547185758667 0.000650359380017223 5.528692886750106e-06 5.6242844009599245e-05 5.493468256668013e-05 2.4162022289355008e-06 1.3232780057460001e-05 9.702987285991457e-07 0.0021249171503831973 1.0485584111929828e-05 0.0013025858025602348 0.0007848467129364261 0.001826777140380286 0.0006210556130995712 3.078227805759932e-05 5.574136609948297e-06 8.319062856946932e-06 2.8088395885395334e-06 5.974209771111992e-08 1.8863774067109298e-06 2.213455623833311e-06 0.0 0.0 3.894440606762821e-08 1.276147690709679e-07 0.0 1.1097415621154163e-07 0.0 1.0205103273525142e-06 0.0 6.825349927896245e-06 0.0 0.0 0.0 8.189156730373665e-07 1.7467852415875318e-06 7.995118810156267e-07 0.0 3.7269819290501226e-08 6.112578371904199e-08 7.882045827743751e-08 3.363646166219615e-07 1.0343848822196407e-05 4.0449824369656955e-05 6.125343765261675e-05 9.488467645798946e-07 4.3234360370932983e-08 6.708970646443483e-08 2.2575320924766063e-06 0.0 0.0 0.0 5.9866996117120525e-06 4.465752626552987e-05 2.0009307127684505e-06 1.5024379025063083e-06 4.87202983065097e-06 1.0207369385220747e-07 0.0 3.960071426839262e-07 1.202479943949328e-07
2.5719249223904846e-06 0.0 2.2752413016036457e-06 0.002796053127312492 4.26812480016977e-06 0.000997309247926874 1.5210805972606822e-05 0.0004787938869903782 0.0001042727575309311 0.0007407898581269137 7.574540865859548e-06 0.0037629165373904627 2.4312589334817343e-07 0.00020406480081221591 3.656752487731316e-05 0.0 9.521390660914852e-07 2.2459068123622337e-06 4.297185601020131e-06 0.0 4.877910517124272e-07 0.0 7.117850825007566e-07 0.0005314176428691999 1.35114532586608e-06 2.519397501253258e-06 2.809900853472183e-07 0.0024557116794451978 0.00011654830192899847 2.0015901436843357e-06 4.359820250335412e-08 1.183368680075784e-05 3.6380777664244586e-07 0.00011125951967961615 6.595166629424874e-06 0.00020040983551278217 6.403487388860947e-06 0.00011946359294956112 4.059091526313084e-05 0.0002813379697599386 3.9633353795369335e-05 1.0923326371765587e-06 2.4833397073245357e-06 2.2718840872303993e-07 0.0 0.0 1.0259685870351176e-05 0.0 3.5410378321941616e-06 1.5478397641760166e-05 1.139015395399345e-06 1.8632569781704823e-05 5.349881390497952e-06 3.062374735938693e-07 8.533978472986003e-06 0.0 9.930478018669265e-07 9.818478623547417e-07 0.0 0.0 0.0 0.0 1.4521080475462701e-05 0.0 0.0 0.0 5.375481347717775e-05 0.0 3.977715309238963e-08 0.0 0.00011862280803981964 6.754766337770562e-07 2.111729843211685e-07 0.0 5.8607524355808595e-08 0.0 4.187327142932554e-07 0.0 6.224279172789403e-06 1.4001060796419584e-07 1.663182984130854e-06 1.0351811735900597e-06 5.618605487310115e-06 4.188280807714487e-07 5.3897678681814056e-08 0.0
9.431913180997288e-06 4.168179292347201e-06 0.00017042109782591553 2.6572683226312473e-07 8.295604560779974e-08 1.1501723293400502e-05 0.0006682789691964226 6.926237568182746e-05 3.804467620243418e-05 6.678478663571058e-06 8.205476735283672e-07 6.865696653781495e-08 5.997986650242708e-07 6.0102488686584656e-05 0.0 0.0018004318746324252 9.686233760226958e-05 2.3853375797230433e-07 4.6391682743139454e-06 4.877910517124272e-07 0.0 0.00021346077243888128 0.005394444138267714 0.00011935850828678612 1.305752271652273e-06 1.0205049249272537e-05 0.00022362129710644182 0.001142396393064177 5.584340423044824e-05 0.0066225827415787985 0.0 2.30723481873735e-07 9.760527130496525e-06 0.002474534815301806 9.89113369961142e-05 0.0030286403067017534 0.000899758537389784 0.002151816461141684 0.0023267328397471596 0.0002557565592852847 3.4168658540804307e-06 4.994635573501584e-06 2.721998858223062e-05 3.0188443482837507e-06 0.0 8.096484330554424e-06 0.0 0.0 0.0 1.3159002138669325e-06 5.120196947984272e-07 7.304842016823489e-06 0.0 0.0 0.0 0.0 2.00272720516072e-06 0.0 0.0003265495286570761 2.0061407840984694e-07 0.0 3.1806358203112047e-07 0.0 0.00013670638314978268 5.624574350330755e-05 6.873095484818194e-05 4.368095911989921e-05 0.0 3.2045506546697254e-07 9.505057131465547e-06 7.895650929691671e-05 4.487483234758498e-06 4.901164583879289e-05 0.0 0.0 4.072289776615524e-07 2.9478569385714152e-06 1.3221517762184846e-05 2.4941697297473032e-05 1.1693420783470276e-06 3.876940660935446e-06 5.7549205506318425e-06 1.5884840318965972e-06 5.461562232217875e-08 1.9105930918594607e-07 1.5980648845124986e-07
3.244357734192604e-07 0.0011510552354962356 0.00014665562588288085 9.262222353209883e-08 3.980612073404544e-07 6.365677388631568e-07 5.184962319734596e-05 2.7036722191419417e-06 0.0006695206112939863 8.917425580493777e-07 3.055028122433808e-05 1.7016822283862416e-06 9.302100859051956e-05 2.347635928544189e-06 4.881334664417866e-06 0.0024373405343718303 1.7552827396826275e-05 2.6558169843650037e-07 7.285249886353958e-07 0.0 0.00021346077243888128 0.0 0.0008489573824424989 0.0024298906172036975 0.00018405132378083812 9.727993224505704e-05 0.003802120097039076 0.0003457825419213209 6.128804611602048e-06 1.0156734786177096e-05 1.0164269314410146e-06 9.596922429151484e-08 1.978346402385422e-06 3.229952202956477e-05 2.8124605338925653e-06 0.00014167072902711858 4.7059987747300663e-05 0.00010501815631864026 3.722159997217022e-05 3.3017701070817826e-05 1.0151332957080425e-07 4.339978327291078e-06 2.38562989699682e-07 8.271950658880904e-07 3.4614224315513542e-06 3.258608883674871e-05 0.0 0.0 1.0450734231804402e-07 2.609095933712556e-06 6.000965497768833e-07 5.3327373691583165e-06 2.936312381973199e-07 3.0924629682020853e-07 0.0 1.3175945602669569e-06 5.572808539605071e-07 0.0 0.0008412577060206756 5.568573560460047e-07 7.941375444250705e-08 8.782556953100734e-08 0.0 0.00010312400981053927 3.386267530884134e-05 0.0003001240897654406 2.809878053414605e-05 5.351044574782116e-07 4.7416530180848315e-06 0.0004335132884635358 3.9327087592599276e-05 1.7168733161052756e-06 2.3725316861595665e-05 5.788666887474271e-08 0.0 2.6072761071788974e-07 1.7095175433586578e-06 1.0768376242367236e-06 1.7234099323878598e-05 4.3131655857093745e-06 7.261011009946242e-06 7.411164923844048e-06 3.4493605822646443e-07 1.5964213943218106e-07 0.0 0.0
3.265582673669309e-05 0.00013140440532273415 0.006265727765052733 2.441937407159784e-07 4.615485283569697e-08 8.633090199119599e-06 0.0007196411336786639 0.00012892016114152038 1.7836561327896027e-05 6.207765000823232e-06 2.720442504988533e-06 3.086793599575948e-07 2.2857193066278042e-06 0.00014265479654474594 0.0 0.0030643459807705472 0.0012662491840367675 6.128863789467804e-07 0.00014843011499769812 7.117850825007566e-07 0.005394444138267714 0.0008489573824424989 0.0 0.00037805056537769356 5.187213548031915e-06 0.0001527762411469802 0.007008211673665706 0.0023674830238601206 0.0001947491135852896 0.003645131918699288 0.0 3.55806092592268e-07 1.6567782786663088e-05 0.002292224309597862 0.00018770985503075875 0.0050386363823788265 0.004675073934725446 0.0041371934005275 0.003933485130511323 0.000326844276731528 6.135900087468658e-06 5.2117617156261015e-05 3.4083358325476826e-05 9.472646546116353e-07 1.2974913106053784e-06 8.375174044010603e-05 5.318542569459636e-08 0.0 9.579596237933533e-08 4.617851112260149e-06 2.063435856613628e-07 5.619804446341033e-06 0.0 0.0 0.0 0.0 1.1583510523194658e-06 0.0 0.0011108841469643798 5.922377922696849e-07 0.0 1.2560085431270367e-07 0.0 4.830878962757445e-05 0.00025035604253698937 0.0006573181777075705 1.5968152771904814e-05 2.2978459308209408e-07 3.3426573425349706e-06 0.0007112319735606938 2.604542570407113e-05 2.106552920552119e-06 1.3492083738659228e-05 0.0 0.0 3.9597628505564943e-07 4.6398202852093635e-06 3.541583631359692e-05 7.396863239883742e-05 4.037145456676601e-05 1.7588908369696755e-05 3.0499638889947718e-05 1.816442836808403e-06 1.515784987038011e-07 9.63907701395438e-07 1.7208537580010524e-07
2.4699412438317235e-05 0.00032736001498978406 1.4895168439186576e-05 0.0006299544024660038 2.1106005358044982e-05 0.00011683240389259063 0.0005175596816929106 0.00015159488236765825 0.0034729129858663372 0.0001111582354099202 5.957784622147023e-06 0.0006721229200324967 1.5182434575909077e-05 0.0001377852105687842 0.0006485603153708995 0.0009298611854719309 6.2555931273979065e-06 5.403016841911276e-07 1.4973946535355135e-06 0.0005314176428691999 0.00011935850828678612 0.0024298906172036975 0.00037805056537769356 0.0 2.8044385684531107e-05 2.4212805377493508e-05 0.00041837783588059255 0.008576062760813073 0.000515725149213263 0.00016615486240634906 0.0 3.1000068897080546e-06 9.58663974409504e-05 0.00023236605160004449 4.9356683323673625e-05 0.0009546630985213333 7.155402141940402e-05 0.0002493017105196782 0.0002601670100625211 0.0007690005987044522 2.2962209931449067e-05 2.993039428764839e-06 7.975354087842808e-06 4.195550324693965e-05 7.116244139300866e-07 1.033793073014848e-05 7.63460042219932e-05 3.7714984551622294e-07 2.4295350370719143e-05 0.0002351785933723218 2.4086817189243875e-05 0.0005746686062700467 4.8738195903354255e-05 2.725611916478642e-06 4.1848060283888026e-05 2.763906383442756e-07 2.6904650157915642e-05 1.6637110984215738e-05 0.00013179621863634674 8.501796287297355e-07 9.193833413971806e-07 6.505026259856785e-07 9.977431970756965e-05 9.419418870155152e-05 3.0445195938301026e-05 1.9207098394409303e-05 0.0010660314086170539 5.5617438405588884e-08 3.6297745836873967e-06 1.1001579289626291e-05 0.0017989362527084942 9.50082522453418e-05 0.00018279246772602532 5.3167461953147045e-08 1.638319995809053e-06 8.798294530746834e-06 4.698839153870453e-05 7.637112238068018e-06 0.0002493213737808486 7.511075317134166e-06 8.249241777390652e-05 4.3467054097344926e-05 4.1426853781084615e-05 1.4462749506995898e-05 1.7385455625980123e-06 2.763240246917404e-06
