0.0 0.001992449089454453 0.000263085118539996 0.0017793378629106873 2.7990311449628526e-05 4.44045973829174e-05 0.00024753763968917277 0.00012000948911078006 5.2588184033982625e-05 0.0014109177183846244 9.377508877643484e-05 0.00013689219206966554 8.627174869595347e-05 0.0001999360948307954 2.0025683356554787e-06 7.692116739350649e-07 1.1074485547810073e-06 2.790575083116237e-07 1.4451292538303035e-07 3.3123788819247903e-07 2.7928395045573727e-07 1.7991326694717656e-07 2.8114044554090906e-07 3.132406287378529e-07 1.83446263606933e-07 0.0 4.053202345920766e-07 6.418662651945976e-08 0.0 1.2133373988950876e-07 0.0005296116335041305 6.138984405228378e-06 3.849221323436088e-05 6.725055495984014e-08 1.593607259678584e-07 0.0 9.019834351870291e-06 3.0330879113061305e-07 2.667347361049341e-07 3.073773886649335e-07 0.0 0.0 0.0 9.640065364735998e-07 0.0 0.0 9.754919991148402e-06 5.929129646516076e-08 2.3623224954257428e-07 2.747878221104772e-07 9.412123679154755e-08 1.4132608342343062e-07 0.0 0.0 4.727602339929505e-06 7.622205126633505e-06 0.0002002101547920139 0.0003931002718162569 4.091845194425262e-05 2.219899216583262e-05 5.459629354890337e-07 2.8549719274032784e-06 0.0 3.643402419987118e-05 3.4628170039297267e-06 0.0 3.310913199020622e-07 2.615925332101478e-07 0.0 1.0216533467738498e-06 1.4361639395428358e-05 2.818093821321242e-06 3.913492725789675e-07 0.00012189373141012593 2.5254248312948127e-05 3.0332303830570316e-05 1.689252992161438e-05 4.417372771738418e-06 5.310564226527343e-06 4.423305404532901e-05 1.1574768589391358e-06 1.644081192801004e-05 5.106467260996326e-06 2.4843041530186643e-07 6.640651759380962e-08 1.8388643706683636e-06 2.3502223923867154e-07 1.0556686419718908e-07 2.5919891188167825e-07 0.0 9.306686609969817e-08 2.711235281813774e-07 7.006709112545607e-07 9.494763997054954e-08 0.0 3.2498022919262956e-05 2.473914993686881e-06 0.0 1.2304076617250473e-06 0.0008824867603502663 0.0 0.0 1.532976227232206e-06 1.7539897515816074e-06 6.867579248091592e-08 6.615959853002735e-07 5.85147231537116e-07 1.4088542750788617e-06 5.182196237166138e-06 2.5686659304257145e-06 0.0 1.576627536727633e-06 9.413968913089688e-07 1.7378038906100045e-07 1.1883377840422891e-06 1.0411225177216407e-07 0.0 1.6477560007963343e-07 0.0 0.0 0.0 0.0 0.0 0.0 0.0 0.0 0.0 0.0 0.0 0.0 0.0 0.0 0.0 0.0 3.1805151461016564e-07 8.154828100086884e-08 0.0 0.0 0.0 1.1061948634633647e-07 3.115761394420468e-07 3.4137440254981647e-07 0.0 0.0 0.0 0.0 0.0 0.0 0.0 0.0 0.0 0.0 0.0 0.0 0.0 0.0 3.507316614890145e-07 0.0 0.0 0.0 0.0 0.0 0.0 0.0 0.0 1.2422421772670394e-06 9.422703613580668e-08 0.0 0.0 8.350432950756797e-08 0.0 0.0 0.0 0.0 0.0 0.0 1.8236668504117542e-06 1.7968629901308288e-07 0.0 0.0 0.0 1.2180837801592792e-07 0.0 0.0 0.0 0.0 7.943167587911458e-08 0.0 0.0 0.0 0.0 0.0 0.0 0.0 0.0 0.0 0.0 8.46274509949722e-07 5.296171419168576e-07 3.19159972335034e-07
0.001992449089454453 0.0 0.0007555328410891874 0.0006603501570966715 0.0004144088774723972 1.8244536980060918e-05 0.0005268450642465812 0.0001619450027067989 0.0008113028310663396 0.0008723769816045148 0.0002905027504461017 0.00015963103159794703 0.001057584149523057 0.0011630825715980772 1.3580439501939723e-05 1.4780892654264199e-06 3.0562252993851823e-06 7.392274718453934e-07 1.7417791517559697e-07 5.099346793523698e-07 3.436326185136028e-07 0.0 0.0 1.467483937077829e-07 2.0117254477274849e-07 0.0 3.982650228561139e-07 0.0 1.7127460690730236e-07 7.727938059573674e-08 0.0011295432520841637 4.74623187107999e-05 3.333003733471167e-05 1.63260146242613e-07 1.2193108930823178e-07 8.386119067842054e-08 7.836127980201798e-06 1.0923730698010142e-06 2.443094583301764e-07 7.41170658720269e-08 1.4407902153529764e-07 2.6401892685474637e-07 8.569203761279963e-08 5.790094308700263e-07 0.0 5.426997268682426e-07 5.5130914899845807e-05 6.102402347794759e-07 1.6810087734090128e-06 1.2256940412211614e-06 1.7142559530030008e-07 3.1898508649854023e-07 0.0 3.5358031648892685e-07 1.0484230913741367e-05 1.2235112044734277e-05 0.00017569766788882936 0.0005425158762085838 6.731007869592194e-05 7.058666762012934e-05 1.1228277961438526e-06 4.44568599015934e-06 1.634321546789953e-07 0.00019494772539014558 5.048021145923746e-06 2.4058234694322136e-07 1.9784160169110052e-07 6.494676513838471e-07 6.78822517534681e-07 4.4447508062335544e-07 1.276538027065025e-05 1.7718831126249795e-07 2.4784200431280693e-07 0.00022820071727457938 9.011496314273866e-05 0.00012024485181925354 8.910899817872437e-05 1.796021887366237e-05 6.114527018515059e-06 2.4977624628675773e-05 2.071263726813459e-06 1.3878598313106168e-05 1.1239306516053718e-05 2.911707965455394e-07 6.124157746023084e-07 3.6053524331971956e-06 4.391840502746109e-07 8.826045233117307e-08 4.838321824596582e-07 0.0 1.871561337048667e-07 0.0 3.671579471514574e-07 1.048347334282648e-07 0.0 8.2912037044428e-05 2.2608046416416334e-07 0.0 4.0755565091562226e-07 0.0007308835031935477 2.0359707272960417e-06 1.3748797395823192e-05 4.800624531369679e-05 6.2508663710963125e-06 5.510625389951818e-06 0.00010315330605669658 1.220640324735506e-05 8.718052861607195e-05 3.5349121328770405e-05 7.698139976158964e-05 1.1541340578489564e-05 0.00011618390534383081 6.238888771344762e-05 2.429819638952806e-05 3.578447287276763e-05 1.2609996596981042e-06 2.943208909856434e-07 0.0 0.0 0.0 0.0 0.0 0.0 0.0 0.0 0.0 0.0 0.0 0.0 0.0 1.9208362361663644e-07 7.047842587163173e-08 0.0 0.0 5.6971097027318635e-06 2.550996209239198e-06 0.0 0.0 0.0 2.150460397683068e-06 0.0 2.1120636021333645e-06 1.0256932974211168e-07 0.0 8.773014402388241e-08 6.22939443722435e-08 0.0 0.0 1.7217438956705865e-07 0.0 1.8557928377631114e-07 0.0 6.985942430596547e-07 0.0 0.0 0.0 0.0 8.906067001357831e-08 0.0 0.0 8.81264163316031e-08 0.0 6.06321210049745e-07 4.490375047294166e-07 0.0 0.0 4.859083109975955e-06 1.896192690910492e-07 0.0 8.8442063657084e-08 0.0 0.0 0.0 2.7486839509151013e-07 0.0 1.2115272368852042e-07 4.0841873031468764e-05 2.0723666146312844e-06 8.875390680538939e-07 3.0909560676322246e-07 9.171074973832819e-08 7.034997676616579e-06 8.073911911088815e-08 9.90410178132997e-07 5.445331218617565e-08 3.5017023334838986e-07 6.533759060858516e-07 1.7332747588321404e-07 4.3131957842416576e-07 0.0 1.4858018244179682e-07 1.8388225328085092e-07 0.0 8.087547783102999e-08 0.0 9.181118140245976e-08 0.0 5.969446533471327e-05 1.1982557777726872e-06 2.7717545810004017e-06
0.000263085118539996 0.0007555328410891874 0.0 7.60994078067165e-06 0.00020604485325721196 1.103858738135917e-06 2.2642156186251372e-05 0.0014331092879386394 0.0005454746706023674 5.273567031903746e-06 0.000740281753360951 5.44168130591111e-06 4.2852953854902604e-05 0.000961272802754091 6.7299395475543425e-06 3.2641604162134803e-06 4.082929777606916e-06 4.560639482421765e-07 0.0 5.469922127096297e-07 2.1304645180670816e-06 7.335835093058682e-08 6.935965572965712e-07 2.813808760096609e-07 5.979706540294653e-07 4.59368382264163e-07 8.80608659214332e-07 9.63745993093627e-08 9.114551395378088e-08 7.199537561003546e-07 0.0020352123326127006 0.0002154877581089523 3.367862876519729e-05 1.909753970082429e-07 6.319700830815102e-07 2.6014854058714064e-07 4.785598754343298e-06 3.7874632942568133e-07 7.75625803237357e-07 3.8111376525755424e-07 9.774457745910102e-07 3.9680730769241454e-07 0.0 7.411233260662265e-07 0.0 5.738665577374629e-07 2.434996755457861e-05 5.313901808429731e-07 9.522907339088977e-07 9.531774469320028e-07 1.0799892597333255e-06 1.733427815717588e-07 0.0 1.6574689017669801e-07 2.898210462874683e-06 4.441975935168227e-06 0.00010940936243135258 0.00042397443562354004 2.90611785247671e-05 2.5797080510001823e-05 2.2459139920623746e-06 7.678143454616968e-06 1.6100794855183086e-06 0.00025711000392582544 2.1319233483677722e-06 9.05995064821472e-07 3.5629722354237e-07 1.5595054633619311e-06 1.4570917790097848e-06 1.1783488548878576e-06 1.4954075156560674e-05 1.2570564428513718e-06 0.0 0.00010414709444700824 4.5081642204529e-05 4.2987086934947787e-05 3.8168618587551236e-05 1.0215332054967457e-05 3.9925965288595815e-05 0.00015380536448856912 1.6135382706780016e-06 9.616626499082536e-05 4.0243294500665154e-06 8.457699884631089e-08 4.2896479044137723e-07 1.050899432177899e-06 7.471407208278486e-07 0.0 2.708339392384321e-07 0.0 0.0 0.0 2.991510265491437e-06 2.9496555572467324e-07 0.0 1.0235573276277285e-05 0.0 1.3504973420760017e-07 1.1764243191124998e-06 0.00020533491790339446 7.040348635467243e-08 2.7229908479679685e-06 9.1110447633302e-06 4.962531098332024e-07 2.4038514796666643e-06 2.1329160438949424e-05 1.6185308487669919e-06 2.4037517529077807e-05 4.737351549298344e-06 1.0864495649517033e-05 3.098658861952712e-06 2.8485857233268466e-05 1.5631793243575057e-05 1.0346211147939196e-05 1.4614417724080179e-05 6.521722110396231e-08 7.688119579918695e-08 0.0 0.0 0.0 0.0 0.0 0.0 0.0 0.0 0.0 0.0 0.0 0.0 0.0 0.0 0.0 0.0 0.0 1.8804645503393519e-06 3.8384302548657627e-07 0.0 0.0 0.0 1.1767685844354745e-06 5.179718645444455e-07 7.742422302387791e-07 1.090728762751371e-06 1.0455030993853163e-07 0.0 0.0 0.0 0.0 0.0 0.0 0.0 3.157302962953444e-07 7.337217920706629e-07 0.0 7.482761036220331e-08 0.0 1.0777723905068838e-07 0.0 0.0 0.0 0.0 0.0 0.0 0.0 0.0 0.0 2.5589094062204465e-06 8.777480150472885e-08 0.0 0.0 0.0 0.0 0.0 0.0 0.0 0.0 1.7145328293842485e-05 1.1823791737560366e-07 0.0 1.1560168730560714e-07 0.0 3.0927633464640844e-06 0.0 5.783934534634329e-07 0.0 0.0 8.344469336798864e-07 0.0 6.144171392718072e-08 0.0 0.0 0.0 0.0 0.0 0.0 0.0 0.0 1.2004036096191456e-05 1.0126686129245849e-06 4.425824811002789e-06
0.0017793378629106873 0.0006603501570966715 7.60994078067165e-06 0.0 1.9992613073510617e-06 6.45937976445625e-05 0.0001564521838474309 7.274724257032673e-07 1.0481875287961358e-06 0.0008935794476262767 9.549428012353304e-07 0.00020691743410878514 0.0002058979227610557 4.6743023503760796e-05 2.2629682962997484e-07 0.0 5.452247725801166e-07 0.0 8.692939477358504e-08 0.0 0.0 0.0 0.0 9.902000470340946e-08 0.0 0.0 0.0 0.0 0.0 0.0 4.1462465418054496e-05 4.404133703599846e-07 4.0016923193751166e-07 0.0 0.0 0.0 0.0 0.0 0.0 0.0 0.0 0.0 0.0 0.0 0.0 6.46383783369602e-08 2.5090617889223296e-06 0.0 0.0 0.0 0.0 0.0 0.0 9.231907718960504e-08 3.9855911279240626e-07 3.646606354165613e-07 4.319088825050631e-05 6.505408856868127e-05 1.1406588025401106e-05 5.812549331165329e-06 0.0 0.0 0.0 8.919418097429657e-06 7.087702436667145e-07 8.064872367967553e-08 0.0 0.0 0.0 0.0 6.973014583902963e-07 0.0 0.0 2.3781265566032786e-05 6.2491664343111815e-06 6.697663311382707e-06 6.227153202543551e-06 8.157194443893414e-07 1.6307384325226328e-07 0.0 1.9213678618375613e-07 6.411896139354531e-07 1.7620035997876382e-06 8.74544047356905e-08 0.0 4.009998703259147e-07 0.0 0.0 0.0 0.0 0.0 0.0 1.5930479578095276e-07 0.0 0.0 7.876708525987102e-06 0.0 0.0 0.0 0.00048095281798526864 7.705408941166781e-07 1.8177629222834439e-06 4.640851459521068e-06 9.906887081526229e-07 8.865543616454663e-08 1.6851301556350164e-05 2.4822244051967315e-06 3.6602412901580747e-06 1.430970462302529e-05 5.240779756760908e-06 2.9803822036780176e-07 1.0892568397023826e-05 1.2271446212414918e-05 1.4941676283476741e-06 5.199046569558662e-07 0.0 0.0 0.0 0.0 0.0 0.0 0.0 0.0 0.0 0.0 0.0 0.0 0.0 0.0 0.0 0.0 0.0 0.0 0.0 1.4822708269157188e-07 0.0 0.0 0.0 0.0 2.1049147882251006e-07 0.0 0.0 0.0 0.0 0.0 0.0 0.0 0.0 0.0 0.0 0.0 0.0 0.0 0.0 0.0 0.0 0.0 0.0 0.0 0.0 0.0 0.0 0.0 0.0 0.0 0.0 0.0 0.0 0.0 0.0 0.0 0.0 0.0 0.0 0.0 0.0 9.418820799024629e-07 0.0 0.0 0.0 0.0 0.0 0.0 0.0 0.0 0.0 3.648159687992856e-07 0.0 0.0 0.0 0.0 0.0 0.0 0.0 0.0 0.0 0.0 2.337465005649133e-06 5.267937190580832e-07 0.0
2.7990311449628526e-05 0.0004144088774723972 0.00020604485325721196 1.9992613073510617e-06 0.0 2.4212965671954816e-06 8.881492630418457e-05 0.00016850182288152187 0.0006531079202469334 6.057609149576381e-05 0.00010746253904274818 9.268735817215301e-06 0.0002450098583960341 0.0007446818182359 1.020275480618826e-05 1.3483089463992567e-06 2.959027717420644e-06 5.141871531540544e-07 9.390334595700223e-08 2.251527106330423e-07 4.388181177821218e-07 0.0 7.39502691121517e-08 2.3766381965506003e-07 6.725968983850727e-08 6.605889530403784e-08 6.338882400421631e-08 1.4271579256441517e-07 0.0 7.046301040276146e-08 0.00011167922402496398 6.0987073754647915e-05 1.1771690798189816e-05 8.139985222282975e-08 0.0 0.0 8.278139601875903e-07 7.320502248328156e-08 0.0 6.839979896460171e-08 0.0 2.4992443308584763e-07 6.424657235511534e-08 1.6258711773421118e-07 6.421103819711228e-08 7.537482483962676e-08 4.1576821272002604e-05 4.207852895020213e-07 5.191069237755652e-07 4.1140434690206646e-07 4.689174216541639e-07 1.0115256263983793e-07 0.0 0.0 1.7357874398126113e-06 4.101130656453768e-06 3.414301862088771e-05 8.99848293657308e-05 1.844428192414663e-05 2.896005425078378e-05 2.6495039558320003e-07 2.452908239499606e-06 1.7406807707094034e-07 7.747267694527586e-05 2.879469863502103e-06 3.8127641347670643e-07 1.5370923480916607e-07 3.4374833853254353e-07 3.333447690885554e-07 4.0250811910683275e-07 1.1958284729513868e-05 0.0 0.0 6.306824647320509e-05 2.633500403580271e-05 5.2583674171540846e-05 4.5076530896128986e-05 1.1067452477032402e-05 2.607285360475609e-06 1.590664684143427e-05 1.6291284347136767e-06 5.355259419804576e-06 4.066654150996495e-06 0.0 2.1467704440473517e-07 1.5449930878949164e-06 2.2979976959218134e-07 0.0 1.4726902979060244e-07 0.0 0.0 9.645609675629493e-08 5.013804172711868e-07 0.0 0.0 3.5578868132244474e-05 0.0 0.0 4.791984415873805e-07 5.549923476196276e-06 8.532019431646709e-08 3.3251266599949325e-06 2.389177036082849e-05 3.855547185889901e-06 6.960996521434584e-06 4.405290120882194e-05 5.041064285803641e-06 4.889295292867671e-05 1.258310217948737e-05 3.239204440773457e-05 6.603533471280384e-06 6.11796099274339e-05 3.8575072881795673e-05 1.5763536041924832e-05 3.603285414692904e-05 3.0564987390644495e-07 0.0 8.411592147905163e-08 2.2133946213592317e-07 0.0 0.0 0.0 2.5204046619432685e-07 0.0 7.540381262348065e-08 0.0 0.0 0.0 0.0 0.0 0.0 0.0 2.0354457982247026e-07 0.0 3.161690142992475e-06 1.811875160752546e-06 0.0 0.0 0.0 2.955153685290648e-06 2.2644059563313457e-07 1.5246125033507734e-06 9.330090042000942e-08 0.0 0.0 0.0 0.0 0.0 0.0 0.0 0.0 0.0 3.1161573547209484e-07 0.0 0.0 1.2122552537808771e-07 0.0 0.0 0.0 0.0 0.0 0.0 8.211678708353484e-08 1.0939378785612313e-06 0.0 0.0 7.275056365629072e-06 3.823214123955019e-07 0.0 0.0 0.0 0.0 0.0 0.0 0.0 1.5674180652182563e-07 4.15210141026186e-05 1.6385966700061699e-06 2.3298602220477037e-07 0.0 0.0 3.2420241033671857e-06 0.0 2.2500924508129988e-07 1.5719855045518218e-07 1.5580519545180732e-07 2.0079773740762645e-07 1.7691603294351636e-07 4.6968775019846354e-07 0.0 0.0 0.0 0.0 0.0 0.0 0.0 0.0 3.4535370644293876e-05 2.046772585538993e-06 1.073594746441833e-06
4.44045973829174e-05 1.8244536980060918e-05 1.103858738135917e-06 6.45937976445625e-05 2.4212965671954816e-06 0.0 9.067922999457695e-06 6.069258223036892e-07 3.0247654763829245e-06 0.0003797772536285003 1.3342723877526833e-07 3.048294891160053e-05 1.2752522070906358e-05 1.0078745973993513e-05 0.0 0.0 0.0 0.0 0.0 0.0 0.0 9.704655543732136e-07 0.0 0.0 0.0 0.0 0.0 0.0 0.0 0.0 2.4380774375315003e-06 0.0 3.9240828293404875e-06 0.0 0.0 0.0 1.535093335032293e-06 0.0 1.334044275792039e-07 0.0 0.0 0.0 0.0 0.0 0.0 0.0 0.0 0.0 0.0 7.634357265546838e-08 0.0 3.333232122771581e-06 0.0 0.0 0.0 9.740406142313866e-08 3.111778983686354e-05 7.800278694885319e-06 3.4461274881582913e-07 0.0 0.0 9.832443193847161e-07 0.0 0.0 0.0 2.1639031083255128e-07 1.035097080106695e-07 0.0 0.0 0.0 3.5396405176791286e-05 6.6971308340473e-05 5.440826550518561e-06 1.3835735994810385e-06 0.0 1.5964653615644048e-07 0.0 1.2768155609726444e-07 0.0 6.9173218691752e-07 0.0 1.5576555897637629e-07 0.0 1.0629084579921133e-06 9.351057506387501e-08 9.167103757225164e-07 1.7247622768316923e-07 4.003645328700172e-06 1.642985693199088e-06 2.5018814276152536e-06 9.488445272633462e-08 1.8765041095373334e-07 0.0 3.497647163816765e-07 0.0 0.00014179606236305357 2.3965212786154702e-05 1.806989289139979e-06 2.615694932087733e-06 0.00013727172816453104 1.773125479235356e-07 4.12699442736173e-07 1.8481570441086737e-06 1.1874832770999495e-06 0.0 5.192909023119695e-06 1.0140676360595046e-06 1.1981462285636246e-06 1.4954266295663263e-06 2.3603766622672306e-06 9.432646244327286e-08 2.960219949089722e-06 2.2046534553848647e-06 3.3634142530102856e-07 2.716375254434578e-07 0.0 0.0 0.0 0.0 0.0 0.0 0.0 0.0 0.0 0.0 0.0 0.0 0.0 0.0 0.0 0.0 0.0 0.0 0.0 1.0330032804030934e-06 0.0 0.0 0.0 0.0 0.0 0.0 1.2772351529326734e-07 0.0 0.0 0.0 0.0 0.0 0.0 0.0 0.0 0.0 0.0 0.0 0.0 0.0 2.1217414542906046e-07 2.0587726151444242e-07 0.0 0.0 0.0 8.482651219252302e-08 0.0 0.0 0.0 0.0 0.0 0.0 0.0 0.0 0.0 0.0 0.0 0.0 0.0 0.0 0.0 4.822988979866056e-07 4.555468540193335e-07 0.0 0.0 0.0 5.440832651993496e-07 0.0 0.0 0.0 0.0 0.0 0.0 0.0 0.0 0.0 0.0 0.0 0.0 0.0 0.0 0.0 9.061595793061582e-07 0.0 6.021176058266605e-07
0.00024753763968917277 0.0005268450642465812 2.2642156186251372e-05 0.0001564521838474309 8.881492630418457e-05 9.067922999457695e-06 0.0 7.740325573282872e-06 0.0004058486572084934 0.0006507737131804495 3.6712744439911108e-06 0.00015411146254932148 0.0012564383416692683 0.0003082247868631837 3.551086232909031e-06 5.404705333557814e-07 1.0560486147902247e-06 0.0 3.189382911903017e-07 1.789055182262096e-07 8.294586543573287e-08 0.0 0.0 1.5222920534982313e-07 0.0 0.0 0.0 0.0 0.0 0.0 3.735819104019742e-05 1.501265875704621e-05 7.635259682934407e-06 8.165471591543383e-08 0.0 0.0 4.2062918765701825e-07 0.0 1.3821264405623264e-07 0.0 0.0 0.0 0.0 1.7241231819997051e-07 0.0 1.3402172812761555e-07 1.623011992097816e-05 3.9119365030064964e-07 1.5073009722548404e-07 1.997414484490362e-07 0.0 0.0 9.021183228508084e-08 2.3503020120122892e-07 1.2479206628299904e-06 3.0163137837932645e-06 1.715447829330498e-05 4.8014529400618915e-05 9.786808610324302e-06 1.0321130902326242e-05 8.598820759736533e-08 1.214235488626666e-06 0.0 3.2918135087809996e-05 1.6338755613284996e-06 0.0 0.0 4.2154089014896324e-07 4.0480536486530377e-07 6.788291274658607e-08 5.176187035483548e-06 0.0 0.0 3.9590735949548304e-05 1.2498744758625867e-05 2.2894812728076788e-05 2.1353322262358926e-05 3.3412359694121643e-06 6.926541278692994e-07 2.162327315754829e-06 7.601149352641921e-07 2.811133939353229e-06 1.6649012782561084e-06 1.0147405721213165e-07 7.274075570866981e-08 7.98527163616502e-07 3.4978979829710593e-07 0.0 0.0 0.0 1.0388405892075382e-07 0.0 7.56206981013605e-08 0.0 0.0 7.11965365547362e-05 7.389723365909313e-08 0.0 9.728841073914041e-08 3.0339139458543555e-05 1.6686875265710567e-07 1.0282856766067637e-05 3.1405920047732656e-05 1.0069325504698455e-05 5.3171205444628555e-06 7.436349895564176e-05 8.429185814437733e-06 5.7601766664219644e-05 2.1836911500958173e-05 5.4984655762381477e-05 9.012741410369816e-06 8.348550803476296e-05 4.3471052876067244e-05 2.1887994094917382e-05 2.7878835936749028e-05 1.5523873474994354e-07 0.0 0.0 9.373184019895263e-08 0.0 0.0 0.0 2.8008420858352557e-07 0.0 0.0 0.0 0.0 0.0 0.0 0.0 0.0 0.0 0.0 0.0 1.985233548464267e-06 1.7457444748935184e-07 0.0 0.0 0.0 2.6133535546383957e-06 8.986494379011662e-08 1.574953542766801e-06 0.0 0.0 0.0 0.0 0.0 0.0 0.0 1.088179103134929e-07 0.0 6.466311357767745e-08 1.8728726341476579e-06 0.0 0.0 0.0 9.375593409145229e-08 0.0 0.0 0.0 0.0 0.0 9.049028372510474e-07 3.092747624765885e-07 0.0 0.0 1.8602588458537907e-06 3.392580227666251e-07 0.0 0.0 0.0 0.0 0.0 0.0 0.0 0.0 3.141737472334829e-05 2.0385280657573594e-06 1.2829347856530704e-06 1.0086788492198244e-07 0.0 4.332912313374533e-06 8.26153399871856e-08 0.0 0.0 6.393968434403001e-07 9.610216787571658e-07 8.256330989079249e-08 3.75462487881601e-07 0.0 0.0 7.178128837487446e-07 4.444188499850325e-07 9.003070052585518e-08 0.0 0.0 0.0 4.055115005776065e-05 1.361548661663958e-06 6.634725470733713e-07
0.00012000948911078006 0.0001619450027067989 0.0014331092879386394 7.274724257032673e-07 0.00016850182288152187 6.069258223036892e-07 7.740325573282872e-06 0.0 0.0007775296700872575 1.5217692333647242e-06 0.0020114354757494284 9.718856351079448e-06 4.720963932311093e-05 0.0012272961201187818 2.4800005019403794e-05 1.4973648537926957e-05 1.3908832976119603e-05 3.1547729771269202e-06 7.505432522375711e-07 4.774072473065857e-06 1.561838691066575e-05 1.24564507268521e-06 4.153112102828924e-06 2.4256909118452327e-06 2.673565220463307e-06 1.7282280590426605e-06 4.142394307425776e-06 1.4742836957741767e-06 7.933335546398045e-07 1.8117538650486504e-06 0.0011473216362462859 0.0022530626971783356 8.928731028806777e-05 4.179514987581867e-06 5.80204993505297e-06 8.847386990634824e-07 1.0813572439256771e-05 4.512186335264014e-06 2.5249173613397724e-06 4.201642252218173e-06 5.7155563219484755e-06 6.821977829782869e-07 1.8677210190344351e-06 4.807062945813354e-06 6.145315650384889e-07 8.274907697981627e-06 5.710314425806695e-05 1.4003678572388603e-06 2.301503958183346e-06 4.20698651446898e-06 5.768841415467307e-06 9.91707712245913e-07 2.1115083216909697e-06 1.4237691225530334e-06 2.856754135875532e-06 5.156231919035808e-06 6.519285567849432e-05 0.0002698172253880709 2.1317333515583633e-05 3.406735934366879e-05 5.023846228032574e-05 4.1118486459947555e-05 1.2480317362522047e-05 0.0003561728254060292 2.008772830759289e-06 1.486259879937319e-06 1.022500775774148e-06 5.8138914823137086e-06 6.1653088374939446e-06 9.685609622162588e-06 2.872705830790433e-05 1.0765263607003807e-06 7.489535060097208e-08 9.242033847521259e-05 5.580198729618387e-05 7.818117798736167e-05 0.000184033704582814 0.00015490237870074757 0.0006985506734382773 0.0009525632301476031 1.7308847614099955e-05 0.0009589579146906254 5.238245345053892e-06 2.0034040412725922e-07 1.6077838806868089e-06 1.329295693143425e-06 6.240038021127435e-06 0.0 5.911166927418611e-07 2.9114030650459923e-07 6.275146832370248e-08 7.34669872295744e-08 1.3097353606133073e-05 9.486285258059829e-07 6.02878839937676e-07 2.759595154406827e-05 1.0459969721803522e-06 1.315105205146711e-07 2.2143250327298128e-06 6.0802841498577605e-05 7.510073514527386e-07 7.498481578837361e-07 6.569674699714913e-06 1.229942435817065e-06 1.6898343142304235e-06 1.6090367515409666e-05 1.1086507360143258e-06 1.424077694825429e-05 3.306405566852828e-06 8.105338071976517e-06 3.10513926968207e-06 1.7411181193481934e-05 1.2330949523578253e-05 5.321740614795647e-06 2.0755543550561796e-05 6.226531077438727e-07 1.320509471012292e-06 0.0 0.0 0.0 0.0 0.0 0.0 0.0 0.0 0.0 0.0 0.0 0.0 0.0 0.0 0.0 3.0413617655463307e-07 0.0 3.4730357668625395e-06 2.9977165748595743e-07 0.0 0.0 8.18011859813489e-08 2.526226942398938e-06 1.9870971561589508e-07 3.78441439994312e-06 1.4345388498280736e-06 1.2138401350069324e-07 0.0 0.0 0.0 8.593679573754238e-08 1.3815421781139896e-07 0.0 0.0 0.0 6.217817292988714e-07 0.0 0.0 3.849476466779626e-07 7.939304129360183e-07 7.908067351089863e-08 0.0 0.0 0.0 2.500556494644249e-07 1.5802568165107984e-07 0.0 0.0 0.0 6.1469487078401205e-06 0.0 0.0 0.0 0.0 0.0 0.0 0.0 0.0 0.0 2.2192806281382944e-05 6.733526608135471e-07 1.8681062035292765e-07 0.0 0.0 3.358865164324821e-06 0.0 1.931940677876058e-06 0.0 1.244325206942915e-07 3.4516228023591267e-07 0.0 0.0 0.0 0.0 1.4834091911124284e-07 0.0 6.786602968810071e-08 0.0 0.0 0.0 1.4154427661610406e-05 2.863031438446821e-06 4.725556583563105e-06
5.2588184033982625e-05 0.0008113028310663396 0.0005454746706023674 1.0481875287961358e-06 0.0006531079202469334 3.0247654763829245e-06 0.0004058486572084934 0.0007775296700872575 0.0 0.0003603630232499812 0.0010116268786819998 0.00010589898927219341 0.0011381617615003861 0.0013651387341260966 1.5360673419035188e-05 1.2949535588046101e-06 6.3146384728844535e-06 1.4248743793147257e-07 1.5945614818239833e-07 4.3022776108548425e-07 4.5385059776406395e-07 0.0 2.3057231685463921e-07 3.793314412270629e-07 2.63719839024686e-07 1.7139271898175742e-07 1.996826581957547e-07 3.410886328066175e-07 2.3399404826550707e-07 1.8698593953281167e-07 0.00010696393038802578 8.983544292191077e-05 2.3762175223876777e-05 0.0 2.912574363340364e-07 1.3119225001720108e-07 5.2315101140773145e-06 7.828566172708861e-07 0.0 1.0511700753478214e-07 0.0 6.499456927003579e-08 1.5514557169894492e-07 8.366209019106905e-07 0.0 3.684527945353535e-07 3.901564143531267e-05 5.670621131545882e-07 4.782494426743119e-07 4.451088308868621e-07 1.0494407463250058e-07 1.960718099514562e-07 4.66971484493238e-07 7.221115230662738e-08 2.727027372313496e-06 3.2062675362024926e-06 2.4111469681789233e-05 5.8476140858301294e-05 1.799259219608716e-05 2.754858042068858e-05 4.257176328597622e-07 2.2811981282629832e-06 1.1111067819026438e-07 6.205122908602167e-05 1.8253774185547267e-06 5.6761726648292165e-08 6.641457200295698e-08 4.58815528544754e-07 6.435402938229017e-07 3.159947513216534e-07 2.0512649143294073e-05 2.461425355385374e-07 0.0 5.651155961802061e-05 2.3013145073866096e-05 5.214549750020084e-05 4.343315659791123e-05 1.5826221174042355e-05 6.190596978153904e-06 2.4325610564861953e-05 1.1809124392719079e-06 1.1903066312015723e-05 2.514164551790688e-06 7.592990305510587e-08 5.477635292768592e-07 8.521068439720463e-07 6.501212256629812e-07 1.491483476276624e-07 2.252886360097939e-07 0.0 0.0 7.091454843752269e-08 3.9994538985373984e-07 5.012633567766922e-07 0.0 7.357007666383144e-05 1.0367038133954445e-06 0.0 4.614995939471257e-07 9.872876547327565e-06 9.833427634471641e-07 7.985935373791135e-06 2.909757586235823e-05 4.015131765497354e-06 7.274710586493187e-06 7.947562609732478e-05 9.463633855926108e-06 7.162342612723855e-05 2.2092260237707964e-05 5.182280861618975e-05 1.3873372024259933e-05 9.832120951035283e-05 5.902187752498357e-05 3.2685315850809276e-05 4.3919403444854385e-05 7.576744608483654e-07 8.428739256962999e-08 3.4433626995491783e-07 2.327743888487807e-07 0.0 0.0 0.0 1.875270236457406e-07 0.0 1.6663040223662724e-07 0.0 0.0 0.0 7.75173958973267e-08 0.0 1.5053928746387543e-07 0.0 1.1394948185043768e-07 0.0 4.767388885065576e-06 2.1893918869751727e-06 0.0 0.0 0.0 4.3766598077688674e-06 1.0621063913779091e-07 3.3239679286588794e-06 6.680320244443785e-07 0.0 1.358916915253573e-07 0.0 0.0 0.0 0.0 0.0 0.0 0.0 6.955592619577451e-07 0.0 0.0 4.710866577751458e-07 7.118418625077944e-08 4.2611751058449003e-07 0.0 0.0 0.0 9.112360411196829e-08 4.634199060689063e-07 6.679434952787e-07 1.0116437269170106e-07 0.0 6.004600893148996e-06 5.975365479548172e-07 0.0 0.0 0.0 0.0 0.0 0.0 0.0 0.0 5.895099317191348e-05 3.804339985483291e-06 9.487883312924951e-07 2.9535326516700196e-07 0.0 6.330907859350055e-06 0.0 0.0 0.0 7.991010084897358e-07 1.8062470008019862e-06 2.914479514221396e-07 7.517707002794988e-08 0.0 0.0 2.5538142817515804e-07 0.0 1.583342568124313e-07 0.0 0.0 0.0 5.069053512438761e-05 3.024060120457608e-06 2.844736084962976e-06
0.0014109177183846244 0.0008723769816045148 5.273567031903746e-06 0.0008935794476262767 6.057609149576381e-05 0.0003797772536285003 0.0006507737131804495 1.5217692333647242e-06 0.0003603630232499812 0.0 2.5686171972058343e-05 0.0004038923966466507 0.0015112293693180824 0.000671841540566433 5.082782155761518e-07 9.850833593981278e-08 7.484680400764565e-07 0.0 0.0 0.0 9.971056917433792e-08 1.3292785385230812e-07 0.0 0.0 1.0706964129556586e-07 0.0 0.0 0.0 1.2659862518703962e-07 0.0 3.988347394690958e-05 2.011306283332934e-06 2.8494948494478883e-05 0.0 0.0 1.7079293706213688e-07 1.3303140067762469e-05 3.87710066343209e-07 2.2875475969535338e-06 0.0 0.0 7.039445547841896e-08 0.0 0.0 0.0 0.0 3.8289573914658616e-06 0.0 0.0 0.0 0.0 9.58088822247566e-07 6.733679029450612e-08 0.0 2.530215787415711e-07 3.495906856761395e-07 3.8884149745012786e-05 5.414038946392682e-05 6.321720806138736e-06 5.715889534126043e-06 8.816513989695864e-08 5.700132972006411e-07 1.4465410288167217e-07 1.2606520582088153e-05 3.292726354721703e-07 7.836208038948674e-08 0.0 0.0 0.0 0.0 0.0001424024108968486 8.709043967997238e-06 3.434121102849802e-07 1.7653260395163865e-05 8.415146378391042e-06 9.782231308095174e-06 5.455916474500319e-06 1.4009801252260335e-06 2.3008405441202964e-07 2.660471305026744e-06 9.39270065061116e-08 1.2658457850549148e-06 1.3219017166565878e-06 2.2633506785073332e-07 0.0 2.7586156036291617e-07 0.0 7.43794200495798e-07 3.321132880641422e-07 1.1661717842848047e-07 2.1203928896600491e-07 3.4622495956503157e-07 1.6005808526314657e-07 1.0865500786621842e-07 0.0 0.00022425170950411916 2.6541956098705377e-05 2.8579014269460812e-06 1.2043551275918618e-05 0.0006331294463131167 1.2828345619937663e-06 2.9286320702266803e-05 0.00011220524843816814 2.255068035485387e-05 1.102812383718997e-05 0.0001941228046268805 3.749313694532871e-05 0.00014731109230144753 7.214404715281975e-05 0.00019872817323625597 1.79530169029649e-05 0.00022051742055236644 0.0001371160034611695 5.722114041605407e-05 3.178839993669494e-05 4.909544410849652e-07 2.2014661800818746e-07 1.689099444731273e-07 7.309045804671493e-08 0.0 0.0 0.0 2.8830700341652655e-07 0.0 6.773427596371959e-08 0.0 0.0 8.431256115373752e-08 2.657586330072815e-07 1.6689829512049915e-07 0.0 0.0 0.0 0.0 6.435804861334547e-06 1.600980354791922e-06 0.0 1.3056605148450902e-07 8.687004406285212e-08 3.1618875164619686e-06 6.969429967378557e-08 6.321837040391832e-07 1.4749557593712962e-07 0.0 6.957396310326039e-08 0.0 0.0 6.188194458841153e-08 3.3249372889333797e-07 0.0 7.894471924458772e-08 1.7788532388307384e-07 1.0121468443710393e-06 0.0 0.0 1.712616112279234e-06 0.0 2.7652470864201955e-07 0.0 0.0 8.822573863665553e-08 3.53062904480931e-07 6.449109994117445e-07 6.027333347830433e-07 0.0 0.0 1.22381505850299e-06 1.8472983828476994e-07 0.0 8.305470396163586e-08 0.0 1.6947869322809181e-07 0.0 0.0 0.0 9.525993032923368e-08 7.136641213273067e-05 7.790847854238452e-06 3.215380187242657e-06 1.319909850874204e-06 8.509092099553702e-08 6.257256874516967e-06 0.0 0.0 1.9081441860562124e-07 3.7818244567251175e-07 4.4697519464550865e-07 1.808253276696575e-07 6.674555737328908e-07 0.0 1.3026571562548474e-07 7.320681825829088e-07 6.072280764294545e-07 3.1396554867276285e-07 0.0 8.644488219577938e-08 7.806473171089945e-08 0.0001476571165016867 2.889363237550022e-06 1.6983818739338368e-06
9.377508877643484e-05 0.0002905027504461017 0.000740281753360951 9.549428012353304e-07 0.00010746253904274818 1.3342723877526833e-07 3.6712744439911108e-06 0.0020114354757494284 0.0010116268786819998 2.5686171972058343e-05 0.0 5.548862782735467e-05 0.0002836772175191462 0.0024501015366581998 1.1426719350827163e-05 4.274329666244455e-06 8.610959413003559e-06 6.228996050200885e-07 5.5926564154894594e-08 5.991554264143181e-07 1.2148086690400352e-06 5.838168095498338e-07 2.685147374148535e-07 4.121664476998626e-07 6.111945898168482e-07 1.049060975733587e-06 1.81920515264333e-06 5.324808310434567e-07 1.1902657750089454e-06 9.111491182135043e-07 0.00018419427655555894 0.0001009615529913681 0.0002986633368824936 1.5633501841450083e-07 2.7822496552346815e-06 4.38648807630583e-07 6.264168937330758e-05 1.1543787356607241e-05 2.8724847147254814e-06 2.9252172029751144e-06 6.137282157278499e-07 0.0 0.0 3.7029330791629176e-07 1.8381986338847416e-07 6.980361314404436e-07 2.296715236380968e-05 0.0 4.5214595775867045e-07 5.043796388765304e-07 9.7633168917998e-07 0.0 1.910286323770522e-06 1.5604437211368327e-07 2.149730098512207e-06 1.6382907931296615e-06 2.0089279416924054e-05 5.103105469643202e-05 5.872220138215874e-06 1.3829992571295921e-05 2.6761762183921655e-06 4.269075596042363e-05 1.1238804623517006e-06 3.79322478299053e-05 1.9526784124866463e-06 1.5607257987943458e-07 3.9232617302845825e-07 5.305342872017844e-07 3.484244603883908e-07 6.061219067576868e-07 9.58119072129599e-05 5.204130207538731e-06 0.0 2.727912801484584e-05 1.0395225734793396e-05 2.246171621641391e-05 2.3972026850960844e-05 1.4327539852497334e-05 4.6036572999263466e-05 0.00039197801932102006 5.890344893073833e-07 0.00015871445513688793 7.819416387029103e-07 2.1637417890260907e-07 5.440373539116272e-07 5.322441735511563e-07 4.78750792087308e-07 0.0 0.0 0.0 8.146379059558775e-08 0.0 6.895363897356698e-07 0.0 0.0 8.469622624265012e-05 5.16733879902431e-06 0.0 1.6706158411007782e-06 2.642523366405635e-05 1.379088067826149e-07 1.3161086493233348e-06 1.5765707612322214e-05 1.4945337746229025e-06 5.2868221106361115e-06 3.401597936058561e-05 3.018237464437666e-06 3.3263813924922947e-05 9.051108727013157e-06 1.9127035045346438e-05 6.650641393440641e-06 4.5960554486151906e-05 2.0305979649171425e-05 1.858935652034259e-05 3.777696378477047e-05 5.354170849652365e-07 7.622314363835327e-08 6.609360899855531e-08 1.0329561326422309e-07 0.0 0.0 0.0 0.0 0.0 0.0 2.3715848348287333e-07 0.0 0.0 0.0 0.0 0.0 0.0 0.0 0.0 2.730084777491375e-06 2.0713914417774424e-06 8.46751713469012e-08 5.536336855102875e-07 0.0 4.569391083304971e-06 0.0 3.4603409606884257e-06 1.8298460787069554e-06 1.4339449498227376e-07 0.0 9.585972380467797e-08 0.0 9.256255261791257e-08 5.246797659978776e-07 0.0 0.0 1.14807617321432e-07 1.2550352368325097e-06 0.0 0.0 0.0 0.0 3.445065623514746e-07 0.0 3.0617723547868165e-07 0.0 7.038094209813643e-07 7.251939292688157e-07 2.9350123640770603e-07 0.0 9.113030764532038e-07 8.862354058876483e-06 3.8570050859467797e-07 0.0 0.0 0.0 0.0 0.0 9.259939258399835e-08 0.0 9.415533224949482e-08 4.1077988445855405e-05 5.80761010631455e-07 0.0 0.0 1.009560211896538e-07 8.284658808283472e-06 3.8414456315126963e-07 4.071258031620226e-07 6.140273613370289e-08 1.1512830760839335e-06 9.344654771127414e-07 0.0 5.327496657269635e-07 0.0 8.769292849352505e-08 0.0 0.0 0.0 0.0 0.0 0.0 3.100205447178891e-05 1.6989825456518855e-06 4.42302852699607e-06
0.00013689219206966554 0.00015963103159794703 5.44168130591111e-06 0.00020691743410878514 9.268735817215301e-06 3.048294891160053e-05 0.00015411146254932148 9.718856351079448e-06 0.00010589898927219341 0.0004038923966466507 5.548862782735467e-05 0.0 0.0021569614907933775 0.000220876572705721 4.936735639676107e-06 2.8094690687152397e-06 3.849239549281292e-06 5.331857074020883e-08 6.885030853105001e-08 1.7587963155758408e-07 9.353101153816067e-08 1.1180305692552014e-07 0.0 0.0 6.149763024709786e-07 6.196335883341284e-07 0.0 9.198738460286001e-08 1.8600082867055306e-07 0.0 8.954863703155394e-06 9.686593808558943e-06 7.883234608687583e-05 0.0 2.0818368837487557e-07 2.688569631349383e-07 0.00011486079379598559 6.6434654406803225e-06 4.278454430860068e-06 8.550062001486222e-07 2.5167013671090426e-07 5.093677448617327e-07 8.543783838006061e-08 5.375787231321088e-07 6.340251996651395e-07 1.2328434560322596e-07 8.699156007852742e-06 1.4064771034654872e-07 0.0 9.869937681789626e-08 0.0 1.2222397166094325e-07 1.9333739235829856e-06 0.0 0.0 1.0637712389042514e-07 6.305945673810353e-06 8.162553514932349e-06 2.4214631155051473e-06 2.5067962407883795e-06 3.0170342142906515e-07 4.744510734558415e-06 0.0 5.761035242747635e-06 9.651220028055666e-08 6.034762009122229e-08 0.0 2.7343855835258557e-07 0.0 2.61733780043732e-07 0.00015445946649906187 2.2510503650440836e-06 0.0 5.196584069742786e-06 2.188296302437951e-06 8.056761560622423e-06 6.71135953946429e-06 3.4467787801622367e-06 7.22309664998046e-07 2.3951961364840557e-05 0.0 6.678678907240844e-06 3.8303533118621064e-07 0.0 0.0 6.213323175356785e-08 6.227039360345967e-08 0.0 0.0 0.0 9.61162573138126e-08 0.0 3.2856946359754066e-07 0.0 8.295602300480099e-08 0.00022324909371249847 8.60888448396013e-06 3.002019501387711e-07 3.4209662131092707e-06 2.8774389817920235e-05 2.3300041498323956e-06 1.4906530314482687e-05 3.754745510637832e-05 7.25243365082779e-06 6.9710335112599535e-06 8.629701779839378e-05 1.37714834018711e-05 7.226377273805419e-05 2.8708342045096548e-05 7.084571315734042e-05 1.0987054451170872e-05 0.0001034741764931722 5.679113547436195e-05 2.4066607703307943e-05 3.5252345129918575e-05 8.081308158295019e-07 3.4468453359290725e-07 2.667901289460358e-07 0.0 0.0 0.0 0.0 2.1824639568598028e-07 0.0 0.0 1.0518076101436037e-07 0.0 0.0 0.0 0.0 0.0 0.0 0.0 0.0 5.174438263787289e-06 1.372381529959918e-06 0.0 0.0 0.0 3.127098477973712e-06 5.664214351747489e-07 2.5285048437084667e-06 2.60533638413304e-07 3.5454748693482785e-07 8.079121854222373e-08 1.5484505672465267e-07 0.0 4.498840265975514e-07 0.0 2.701264628194588e-07 1.2717535323829716e-07 0.0 1.368344751386268e-06 0.0 0.0 5.693288573162953e-07 1.30546475919092e-07 0.0 0.0 0.0 0.0 1.3487917602709733e-07 1.631818520700217e-06 4.1741906071258073e-07 0.0 0.0 3.188370529296731e-06 0.0 0.0 0.0 0.0 0.0 0.0 0.0 0.0 1.949157653444232e-07 5.138742052689994e-05 3.609722279500615e-06 7.404322646948771e-07 8.049895615945599e-07 1.7954996340458845e-07 4.395182036740216e-06 0.0 1.8942530863409764e-06 5.6166497723225534e-08 6.800864010888635e-08 1.3903841224272007e-06 0.0 8.866708039033904e-07 0.0 1.8465866596635015e-07 9.203616000149655e-07 3.313440284335386e-07 2.626815309278365e-07 0.0 9.586310388312216e-08 0.0 6.052348321528565e-05 3.2740170138523435e-06 3.329225834238871e-06
