0.0 0.0011136986657787 0.00030427702215278356 0.000709228273640914 3.711156380689552e-06 3.1457504842335485e-05 0.0001696486382845718 4.3026958225918546e-05 7.326772589549492e-07 0.0005272135331902002 1.1768552167515988e-05 5.0223110355221445e-05 5.405517834782797e-05 2.3017200427953426e-05 2.385645624123477e-07 4.661846005614227e-07 5.932721426026366e-07 8.86940111403892e-08 0.0 8.356905058074602e-08 0.0 0.0 0.0 0.0 0.0 1.1857312669570554e-07 9.870672578896702e-08 0.0 0.0 0.0 0.0003230270924348428 4.68280309094965e-06 4.055310035222815e-06 0.0 0.0 0.0 7.112564511332096e-06 0.0 4.5147774562574394e-07 1.2546073766264315e-07 0.0 0.0 1.7485517841200532e-07 9.537922373385443e-08 0.0 0.0 5.234869834218723e-05 2.319566333164852e-06 2.0298842946352572e-07 0.0 5.869056087745359e-07 1.5133798017738655e-06 3.0117415490186946e-07 0.0 5.391909624142026e-06 6.459933797234281e-06 6.449947344922645e-05 0.0002120992864235481 2.574610159934242e-05 4.523102549494374e-05 0.0 9.29934876532153e-07 0.0 3.7970912454167944e-06 5.295330123841002e-06 3.3102468220525333e-06 3.250617410849078e-06 1.0325511283202236e-06 2.0321863284915167e-07 5.453679691091988e-07 6.26870372423731e-06 1.8443089886208905e-05 1.3722081495306492e-06 0.00010165184960039433 4.848291266801449e-06 2.060691858017275e-05 1.2574886930874566e-06 1.0104502671852154e-07 6.964163594323062e-07 1.0792607997201559e-06 0.0 6.323082449538954e-07 3.142306750931e-05 2.1788582667249313e-07 9.310618741070609e-07 6.340725724157754e-06 7.552346951293494e-07 8.67385378498614e-08 2.5105080433831973e-06 7.376266739794246e-07 1.296540022541477e-06 5.448971882502862e-07 1.376238908761423e-07 8.095802709591721e-07 4.1599582413621826e-07 6.290461102478188e-05 6.272279353582872e-05 3.6956960414076795e-06 3.4112061070517214e-06 0.00044389291054879726 0.0 7.504042910856426e-06 3.885842363951656e-06 7.826071669543815e-07 3.2442688531417865e-06 1.0825349938616057e-05 2.55187412128589e-05 6.6822897576170885e-06 2.012096099156647e-05 2.747082081757026e-05 3.0141038616226496e-07 6.997631360969207e-06 5.601849214498086e-06 6.748762949075144e-06 2.4042209540792554e-06 0.0 0.0 0.0 0.0 0.0 0.0 0.0 0.0 0.0 0.0 0.0 0.0 0.0 0.0 0.0 0.0 0.0 0.0 0.0 6.917115455835114e-07 2.7170790653474976e-07 0.0 0.0 0.0 1.0174902413256275e-06 0.0 0.0 0.0 0.0 0.0 0.0 0.0 0.0 0.0 0.0 0.0 0.0 0.0 0.0 0.0 0.0 0.0 0.0 9.646022516880103e-08 0.0 0.0 0.0 1.4825721554605762e-07 4.12685107984604e-07 0.0 0.0 0.0 0.0 0.0 0.0 0.0 0.0 0.0 0.0 0.0 0.0 4.158784211006429e-06 0.0 0.0 0.0 0.0 0.0 0.0 3.9526508895386125e-06 0.0 0.0 0.0 0.0 0.0 0.0 0.0 0.0 0.0 8.802841858351034e-08 0.0 0.0 0.0 8.50780426425628e-06 2.0733049579115663e-07 1.4332392604644342e-07
0.0011136986657787 0.0 0.0006567946088485556 0.00011259051029263813 0.00044831457126924713 0.00022410745146616879 0.0006508469370952047 0.00027655128597435736 7.951067085989535e-05 0.001498621995078713 0.0005020631289356114 0.000401959189291609 0.002897824438690286 0.00041909965179267775 2.4686551512425884e-05 3.601950156729375e-06 3.1988487322861844e-06 3.2197648895037456e-07 9.708351509879396e-08 8.133472857126093e-07 0.0 2.0579728088735188e-07 2.522174837583826e-07 8.998800772228843e-08 5.14735568857044e-07 5.478682394177523e-07 3.0498254314480773e-07 0.0 1.1217959413169435e-07 0.0 0.0012725123052479202 4.2603042910800705e-05 1.4865034470788312e-05 1.3971595964835884e-06 0.0 2.7768761973671526e-07 4.16235334790853e-05 4.90274053743495e-07 9.299260458875861e-07 6.071885934190106e-07 9.247025660498622e-07 5.335606755141014e-07 5.173702031817982e-07 1.4737359667846936e-06 1.9097031382792118e-07 6.228486588445215e-07 0.0004183146269488174 1.8965732252955864e-05 2.8188571737838534e-06 1.0840400213479526e-06 3.936673466105012e-06 7.865091446720857e-07 3.954881264633917e-07 3.1399132868845416e-07 1.9443018348246855e-05 2.5838259565193536e-05 7.614400611706132e-05 0.0006117105539903175 8.60712800407454e-05 0.0001648848251102604 2.3580678282940332e-07 3.4925813260480264e-06 8.401976207214565e-07 9.347925670372068e-05 2.8016494756995478e-05 2.3389246149438034e-05 1.4314259728375467e-05 6.988423164113599e-06 2.8784415947729457e-06 2.9612139829949772e-06 2.4974729385032893e-05 6.3316315577993785e-06 2.4773131666906324e-07 0.00039619812619708496 9.859713528607059e-05 0.0001807076689169948 3.621404448347585e-05 3.926377295444658e-06 4.19747298490982e-06 2.1852758508932144e-05 1.5550121289854228e-06 7.484266912713588e-06 0.00011418965372142294 1.9378486293719843e-07 1.0062088824917607e-05 3.465184890157286e-05 5.666860020500585e-06 3.042459214903259e-07 1.1720497335547429e-05 6.014536503267957e-07 6.303023087530198e-06 1.0739420257093237e-06 4.279193965874436e-06 3.732384843250747e-06 1.7192574184903117e-06 0.00010462166534532781 6.466640925183915e-06 2.8463537123256383e-07 1.7475560329598732e-06 0.0009248700719435305 1.515074609794422e-06 1.5481023262247475e-05 1.8605499353817738e-05 9.689395110734683e-07 1.0881482560468645e-05 5.2056458588086455e-05 4.5376146549305386e-05 4.709740922288511e-05 3.895878741656145e-05 6.561484035110939e-05 2.1337871506039006e-05 6.325299912696138e-05 3.1457353300795893e-05 4.181850073461472e-05 2.8555817197724807e-05 0.0 0.0 0.0 0.0 0.0 0.0 0.0 0.0 0.0 5.264350671578549e-07 1.2917024572289672e-07 0.0 0.0 0.0 0.0 1.7092489655875902e-07 0.0 0.0 0.0 1.635898174809888e-05 3.684209208064502e-06 0.0 0.0 0.0 2.0486348545266454e-05 1.3101659374727795e-06 1.3441905622616655e-05 4.025966494421067e-06 3.397072714174214e-07 0.0 0.0 9.307185309674801e-08 0.0 2.8215730807539086e-07 0.0 0.0 0.0 0.0 0.0 1.0664953735107329e-07 0.0 2.7020930161459006e-06 1.8668421842920134e-07 0.0 1.6532462463559935e-07 0.0 4.5008081444348057e-07 1.9066118905209592e-06 9.439909897514678e-07 0.0 0.0 3.475070039618098e-05 0.0 0.0 0.0 0.0 0.0 0.0 9.989271974840289e-08 0.0 0.0 4.8004773079407886e-05 3.0725073797108694e-06 0.0 9.878569478785883e-08 2.0485283961151577e-07 2.003922927560959e-05 0.0 1.1100514405156558e-05 2.5655948097662135e-07 0.0 1.196270372488853e-07 0.0 0.0 0.0 1.0438201211801683e-07 0.0 7.793768710988966e-08 3.0205372549483537e-07 8.751474382846688e-08 9.970290696314362e-08 9.593871033714647e-08 4.991800346892231e-05 2.1712212580805296e-05 1.5181508585109073e-05
0.00030427702215278356 0.0006567946088485556 0.0 0.00011039071718612335 0.0005590172524984309 1.1656428682531994e-05 0.00015756142040568758 0.0004528568877356072 0.0005396877959628763 2.7657419501608306e-05 0.0004099101271123197 1.260236520917915e-06 8.26749677218566e-05 0.0012064849706843253 2.0998707726239986e-05 1.153953969797397e-05 2.0498917170963178e-06 1.1204939971549347e-06 0.0 1.406779094047836e-06 4.253933784229796e-06 3.204244071824822e-07 9.399985401604709e-08 0.0 3.5654694816605164e-06 2.2506883959359916e-06 1.1898507549686744e-06 2.9509586099125233e-07 3.1708971775057434e-07 0.0 0.00191786867690378 0.00020699347212190777 1.4162561571546315e-05 3.5615504569593874e-07 4.21489690631758e-07 1.8881578014756724e-06 5.8905602123146465e-06 4.883167168030226e-06 2.043876589170228e-06 1.8046566163181282e-06 2.7341721908097827e-06 1.7037556212519029e-06 2.0906470691565295e-06 3.17245458069684e-06 1.5884027465133398e-07 3.2448634242798826e-07 0.00013748383346695174 8.122719650697066e-06 1.416077071682815e-06 1.7485170374533883e-06 4.21998229023192e-06 2.1378819028282645e-06 2.089237283627306e-07 2.394023064653521e-07 5.1367366925811866e-06 7.100979481221336e-06 2.232071449072075e-05 0.0003303904928640726 2.2677463424139683e-05 4.247257600394489e-05 2.2895578294695776e-06 9.244082875072592e-06 5.938638879344724e-07 4.708391629746099e-05 9.691698657318752e-06 2.1544572983499435e-05 6.387913908989711e-06 7.256197456186631e-06 6.191946256613191e-06 9.819148931523486e-06 7.058402083070591e-07 6.798212308754892e-06 0.0 0.0001242596014974945 3.390528214446452e-05 6.175663541671388e-05 1.8751926337649688e-05 1.036169438090683e-05 2.1740003064628834e-05 0.00017736435823429976 1.4619906182415274e-06 4.753195904521137e-05 2.9674553865895653e-05 1.102058989980734e-07 5.545593278453241e-06 1.0105601518867946e-05 1.3382988099584069e-05 9.016621780846899e-08 2.5217003478541955e-06 2.63650457848523e-07 3.6443564630613433e-06 6.273188155913001e-07 2.2414339195919127e-05 7.196690775585012e-06 1.341126415367647e-06 3.762940969770308e-06 1.7651915212538114e-06 0.0 6.999252275691793e-07 0.00012824670348050645 1.049569915112898e-06 1.427469609099661e-06 4.457053713509154e-06 0.0 4.480146256029021e-06 5.618255154557821e-06 9.236889846664782e-07 4.959941122083809e-06 1.4566783405135679e-06 6.140598945693743e-06 3.9034640380459644e-06 1.1243389580882578e-05 2.8907345123886496e-06 6.3942457345452535e-06 4.93970669062681e-06 3.9506127614149385e-07 0.0 0.0 1.3161461421193128e-07 0.0 0.0 0.0 0.0 0.0 1.320306066804225e-06 7.224186914828087e-07 0.0 0.0 0.0 1.1634894073041901e-07 1.8297789093675616e-06 2.0044399057449526e-07 6.40838171518556e-07 0.0 7.620078494244685e-06 2.466356578998999e-06 0.0 0.0 1.434181144692756e-07 8.2155726266697e-06 1.8057877834930363e-06 1.0480437071335866e-05 6.990241616515734e-06 9.501279498572944e-07 0.0 1.3001646719468535e-07 0.0 0.0 0.0 0.0 0.0 4.6518953281634367e-07 2.5914188395846784e-07 0.0 0.0 1.6571601416044522e-07 1.3304126089710312e-06 7.259725267975805e-07 0.0 0.0 1.996033899999439e-07 1.4613640187395277e-07 1.3436121419885394e-06 0.0 0.0 0.0 1.2519879886014934e-05 6.545885294288594e-07 0.0 0.0 0.0 0.0 0.0 0.0 1.0994177825848934e-07 0.0 6.638549309825138e-06 5.1456463675775076e-06 0.0 8.436172763117403e-08 0.0 1.4715973635871386e-05 7.775172141413299e-07 1.2435375938933296e-05 3.0800171748575247e-07 9.563034730040033e-07 7.298401801837944e-07 2.3367166351310016e-07 0.0 0.0 0.0 0.0 0.0 6.952488560747112e-08 1.5528931121575173e-07 0.0 0.0 4.758044198682855e-06 9.058715743441127e-06 1.232572549515731e-05
0.000709228273640914 0.00011259051029263813 0.00011039071718612335 0.0 0.00010926727782345831 0.00036239109040235346 0.0001422497837186788 1.51804708154384e-06 3.145129372017294e-06 0.000811782494036386 2.0404750648129453e-05 0.0007118519277732796 0.0008114320532547163 2.2109122287467517e-05 7.71646102509894e-07 1.6153623204348897e-07 5.490234029094177e-07 0.0 0.0 0.0 0.0 1.3188215970584297e-07 0.0 0.0 0.0 0.0 0.0 0.0 0.0 0.0 5.9323884277949246e-05 5.849362675326274e-07 1.5649333397271174e-05 0.0 0.0 1.0457534948228143e-07 3.688830304331276e-05 0.0 8.880633463563323e-07 0.0 0.0 0.0 0.0 0.0 0.0 7.485944727502469e-08 3.9330067705453824e-05 2.513514708924143e-06 1.0506920519938835e-07 2.3320453777315613e-07 3.6297302511076135e-07 5.085569281088619e-07 4.623339173704199e-07 9.686552103913436e-08 2.6842847159771995e-06 3.640318585563166e-06 9.851668363731365e-06 6.748149395122758e-05 1.152062825064951e-05 2.6010690570416687e-05 0.0 5.811336307268896e-07 0.0 6.302210637514761e-06 2.6856875444942692e-06 2.7276914575503787e-06 2.2938493768314653e-06 6.850919408397673e-07 1.0001157254545144e-07 0.0 2.5551982446596027e-05 3.4833761700056774e-06 8.920314233683248e-07 4.526562546540567e-05 5.1172964892965305e-06 1.468278617692026e-05 8.787326185482423e-07 2.0291389882338137e-07 1.0457117220346027e-07 4.585830281418439e-07 2.088055513019619e-07 4.289628808369774e-07 1.7411109378782944e-05 9.903544845267366e-08 9.411919134672361e-07 2.90310197600214e-06 1.1890549679955942e-07 0.0 1.7839082336685164e-06 2.843985794182089e-07 4.978239553741257e-07 3.562227729003559e-07 0.0 1.1533120510467792e-07 2.6309206931668576e-07 6.755557806023081e-05 6.59842655442641e-06 6.277371193850215e-07 1.9560860297572418e-06 0.0003890387369472148 1.3356346835844454e-07 3.4570994275949653e-06 2.445718461152623e-05 1.8946509268169906e-05 1.2930150288797429e-06 2.2493272373109272e-05 1.7184620016364215e-05 8.342678567166897e-06 4.3740944335255105e-05 2.7838803620920236e-05 1.815009679365956e-06 3.7632689629459856e-05 2.67066031914888e-05 7.864731515791369e-05 1.4804089930886566e-06 0.0 0.0 0.0 0.0 0.0 0.0 0.0 0.0 0.0 0.0 0.0 0.0 0.0 0.0 0.0 0.0 0.0 0.0 0.0 1.5109801086675175e-06 0.0 0.0 0.0 0.0 8.191727467510452e-07 0.0 2.829157606190062e-07 1.1367704876441397e-07 1.4335628459966492e-07 0.0 0.0 0.0 0.0 0.0 0.0 0.0 0.0 1.1292526143774123e-07 0.0 0.0 0.0 1.269892070548459e-07 0.0 0.0 0.0 0.0 2.1002622281867078e-07 1.0385596140658343e-06 0.0 0.0 0.0 2.8779451512930406e-07 1.3760902467798458e-07 0.0 0.0 0.0 0.0 0.0 0.0 0.0 0.0 2.3880275177219063e-06 0.0 0.0 0.0 0.0 8.724211188328465e-07 0.0 2.4010064919534206e-07 1.8707949343765668e-07 3.268215564713552e-07 0.0 0.0 1.1112318796157178e-07 0.0 0.0 0.0 0.0 0.0 0.0 0.0 0.0 6.312560682785793e-06 7.918283870910211e-07 2.1837658782459092e-07
3.711156380689552e-06 0.00044831457126924713 0.0005590172524984309 0.00010926727782345831 0.0 4.340399915891823e-06 0.0010749609751570723 0.0007000445836976106 0.0009488471235137092 0.00030115685530057956 0.0023269438975486684 2.2842875226434214e-05 0.0007052235591753569 0.001458650035068502 1.4313024797287486e-05 3.547680516764006e-06 7.48747864885784e-07 2.719128619557358e-07 0.0 1.2524225215841643e-07 9.599321153964885e-07 0.0 0.0 0.0 7.2197616868651e-07 1.1924523089309986e-07 1.896529889867227e-07 2.5748877961673065e-07 2.832445523921051e-07 0.0 4.6187326602870755e-05 1.7073102344312787e-05 6.874733514403329e-06 0.0 0.0 5.076240127438908e-07 1.3715387344564961e-05 5.37374623223706e-07 1.2978047704928063e-06 1.0173822463819854e-07 5.404275383057175e-07 4.366394062318753e-07 2.3786106719322356e-07 6.56533045041303e-07 1.9402663062779623e-07 1.9033288718779996e-07 8.028652585493398e-05 3.450469379654168e-06 2.163515367336977e-07 4.6117380871779694e-07 7.436118007504506e-07 6.10894538506152e-07 4.082372812503475e-07 2.0641544136467473e-07 1.3325603445908325e-06 7.855320530478162e-07 2.536335789751203e-06 2.207965117072766e-05 5.345259002878372e-06 1.3605044324853815e-05 0.0 1.6603223493509155e-06 0.0 9.50909290663745e-06 2.2487346503802707e-06 4.345819105849612e-06 1.57150414095381e-06 1.3454885003825701e-06 1.887826667662058e-06 2.549117441310165e-06 1.9267692496479434e-06 2.9004106950121953e-06 1.250218930217771e-07 2.366597072979357e-05 1.1887218837613534e-05 2.578356534015857e-05 7.808199619800162e-06 3.50158395317694e-06 3.064185902430916e-06 2.5210030187286252e-05 1.2119391610554317e-07 6.08729561628745e-06 6.213927804221869e-06 0.0 2.9951433773449707e-06 1.9656731226953397e-06 3.1311529496060784e-06 0.0 6.409610326603558e-07 1.7663941398614968e-07 1.1284940927244044e-06 3.6379073511883107e-07 3.9921684616681204e-06 8.952607900864249e-07 0.0 2.7545366247124498e-05 1.4340168486308853e-06 0.0 2.1941008039176786e-07 3.6786510775129796e-06 4.3121625400226267e-07 3.744767057880075e-07 6.519420482185072e-06 5.263335070665146e-07 8.440888872512421e-06 3.390680484706188e-05 1.2190759144530043e-05 2.3366450139962722e-05 1.4513761834721635e-05 2.4192277591349956e-05 1.7753122500430848e-05 3.707895057020588e-05 1.8354277137453788e-05 2.8118600774140475e-05 2.6290409100184997e-05 2.1637585556095263e-07 0.0 1.4222901826600933e-07 0.0 0.0 0.0 1.3500206482542074e-07 0.0 0.0 0.0 0.0 0.0 9.186132837458754e-07 0.0 0.0 0.0 0.0 0.0 0.0 7.966766551447456e-06 6.553224873002107e-06 0.0 0.0 0.0 1.7283982098841183e-05 1.0441681484007797e-06 1.027421206474098e-05 4.542745681759058e-06 1.8642892833418416e-07 1.0704742315879183e-07 4.7355005690292637e-07 0.0 0.0 0.0 0.0 0.0 0.0 1.695337705654457e-07 0.0 0.0 0.0 2.2105033192230853e-06 5.953373155351488e-07 0.0 0.0 0.0 1.0118246994208866e-07 1.1686230679684368e-06 4.252966506139228e-07 0.0 0.0 2.2897431263399935e-05 2.488244659994053e-07 3.8240954256116385e-07 9.297964580982728e-08 0.0 0.0 0.0 0.0 0.0 0.0 2.485699725053162e-05 2.025419551457539e-06 0.0 0.0 0.0 1.425692448023638e-05 1.2811579458069307e-06 1.0407079916351018e-05 4.6512325690916396e-07 3.896486438971479e-07 1.6554069131109691e-07 0.0 0.0 1.201128916341325e-07 0.0 0.0 0.0 0.0 1.1926817521133094e-07 0.0 0.0 2.660403442553203e-05 1.4684712163536756e-05 1.4609525099348303e-05
3.1457504842335485e-05 0.00022410745146616879 1.1656428682531994e-05 0.00036239109040235346 4.340399915891823e-06 0.0 7.946490986080182e-05 1.3064069086935599e-06 1.5916384482590638e-06 0.0005170051850638727 1.232557564295842e-06 6.0916055598016755e-05 5.114982608554672e-05 1.3365551730806881e-05 4.2682008269931176e-07 1.2989583291108067e-07 0.0 9.355872108641503e-08 0.0 0.0 0.0 1.784991784472155e-06 0.0 0.0 4.0043826329707526e-07 0.0 0.0 0.0 1.7752356883546898e-07 0.0 1.546300526114619e-05 0.0 4.562571346518469e-06 0.0 0.0 0.0 2.628682550175863e-05 4.649834102145105e-07 4.860586342165955e-06 0.0 0.0 0.0 0.0 0.0 0.0 0.0 1.0470233415115293e-06 0.0 0.0 0.0 1.1132471094940889e-07 1.3220523075702685e-05 4.910213673888421e-06 0.0 0.0 0.0 4.673775470792966e-05 0.0 3.5541079590031537e-06 0.0 0.0 8.852786294680484e-07 0.0 0.0 0.0 0.0 0.0 0.0 0.0 0.0 4.075426996070611e-05 0.00014173194546061974 1.689433052931309e-05 0.0 0.0 0.0 0.0 1.3039400412579335e-07 0.0 1.4271964887814395e-07 0.0 7.116314678751465e-07 0.0 1.310525667217148e-06 0.0 2.1096143415122925e-07 0.0 1.0384003245954904e-06 9.817995864350053e-07 8.90171529135178e-06 1.2173153188983069e-06 2.542269744856669e-06 1.4384221577312568e-07 2.683816254122339e-07 1.764011539811502e-06 0.00022078588623036205 0.0002558934920389837 5.367313864034008e-05 1.609616550972436e-05 7.891158425232647e-05 0.0 5.208207061332593e-06 4.853540900704733e-06 1.2345403895480624e-06 1.6561842555551366e-06 9.414999040811461e-06 1.9719704488422655e-05 5.128887201735099e-06 1.4322937026879714e-05 3.515968220827181e-05 7.8130132195112e-07 8.213694202672722e-06 1.1159852435804597e-05 9.000505908264132e-06 2.4738915760373657e-06 0.0 0.0 0.0 0.0 0.0 0.0 0.0 0.0 0.0 0.0 0.0 0.0 0.0 0.0 0.0 0.0 0.0 1.369703156746957e-07 0.0 1.2714520998964615e-07 1.1074256414427612e-07 0.0 0.0 0.0 1.2032348945305574e-06 0.0 6.812724720576029e-07 1.3283384211022391e-07 0.0 0.0 0.0 0.0 0.0 0.0 0.0 0.0 0.0 0.0 0.0 0.0 0.0 0.0 0.0 0.0 0.0 0.0 0.0 0.0 0.0 0.0 0.0 2.789087826979913e-07 0.0 0.0 0.0 0.0 0.0 0.0 0.0 0.0 0.0 4.019270823272906e-06 2.6886843657862275e-06 0.0 0.0 0.0 0.0 0.0 0.0 0.0 0.0 0.0 0.0 1.299315240727735e-07 0.0 0.0 0.0 1.1578315749360967e-07 0.0 0.0 0.0 9.367599204626291e-08 1.3413326754203825e-05 1.7875525178201165e-07 2.8634355575993423e-07
0.0001696486382845718 0.0006508469370952047 0.00015756142040568758 0.0001422497837186788 0.0010749609751570723 7.946490986080182e-05 0.0 0.00012071940392303889 0.00033799602800852494 0.0012424278389428572 0.0005051883978578084 0.00023061104899209083 0.0019864871215722673 0.001612323774746652 1.1560409336891718e-05 1.83091785518851e-06 1.338093972023388e-06 2.0758234577420343e-07 0.0 0.0 1.3250635573675664e-07 7.68108300574127e-07 0.0 1.2114058669118073e-07 2.7288058541794315e-07 0.0 2.4433234782352996e-07 1.5755023266243644e-07 0.0 9.038964079483186e-08 5.5723683602448535e-05 7.781876643206027e-06 3.770565746052281e-05 0.0 1.4612560545111709e-07 1.8946375211306562e-07 4.509304207397257e-05 1.6475925221573297e-06 9.479607637829815e-07 7.293049356195438e-07 3.0907314343045994e-07 5.292682604454002e-07 0.0 1.2310539512483891e-06 0.0 1.1071826067466384e-07 8.502568677220914e-05 3.594918068738503e-06 1.033204258150031e-06 8.109426090511974e-07 1.4947035337112767e-06 6.932949185484559e-07 0.0 0.0 1.68032849712763e-06 3.3773801771407646e-06 7.861653899476798e-06 5.134526984265697e-05 9.542550199371256e-06 2.171798498886693e-05 3.9433043663949797e-07 2.4773273187584034e-06 1.7763967261446978e-07 1.2801008500786495e-05 2.8934241040378957e-06 4.148747668975164e-06 2.865415219177162e-06 1.0044742398175038e-06 5.961466556279334e-07 6.141214172861305e-07 1.664744742293055e-05 3.6812247112808304e-06 0.0 4.278937308949216e-05 1.5700143167658778e-05 2.3291401594032823e-05 8.383450374941289e-06 2.4462533555626197e-06 1.6324638234912808e-06 6.895409032717033e-06 4.254384784444878e-07 1.88374059788101e-06 1.7739985887675586e-05 0.0 1.1287358834514666e-06 4.383882946555239e-06 2.6594381617240714e-06 0.0 1.805506984353452e-06 0.0 9.99497956597081e-07 1.4250617764426694e-07 4.360292785695799e-06 2.0572883878466595e-06 3.2466807709317423e-07 0.00012310642162967865 2.2048700437257104e-06 0.0 3.490491488741298e-07 0.00010201958814043676 3.4382796807552177e-06 4.2048651712284864e-06 3.2304957282940255e-05 6.2036613736366545e-06 1.707139178702962e-05 6.986560631437431e-05 3.6318655961812646e-05 5.793566471084283e-05 1.864760920389336e-05 8.85566335630659e-05 2.2309370483454912e-05 9.336022366169828e-05 3.484042340777804e-05 7.312100569586924e-05 5.16415837413292e-05 9.754221717170339e-08 0.0 0.0 0.0 0.0 0.0 0.0 3.0345537915223666e-07 0.0 0.0 2.3648171283305894e-07 0.0 1.3606911384195176e-06 0.0 0.0 5.514892644194458e-07 0.0 0.0 0.0 1.9699204907264e-05 6.189308328074073e-06 0.0 0.0 1.0484396079659828e-06 3.963394409902372e-05 2.553275384859166e-06 2.0445683941517104e-05 6.9581133127527755e-06 1.4333600176091806e-06 0.0 0.0 0.0 0.0 0.0 0.0 0.0 0.0 5.734207153975549e-07 0.0 0.0 0.0 5.844045936203103e-07 1.5177001523946827e-07 0.0 0.0 9.939696736241947e-08 7.054589548264116e-07 3.098101060246104e-06 2.677797409646709e-06 0.0 0.0 4.3063937026129185e-05 1.3015958506723938e-07 0.0 2.676709504951359e-07 0.0 0.0 0.0 1.029637030970803e-07 0.0 0.0 6.050446309416618e-05 3.2104801194415104e-06 0.0 0.0 9.701968873562899e-08 3.0202768069890265e-05 1.8636614936225305e-06 2.394618109574897e-05 1.0677940081007351e-06 1.6677096135450893e-07 1.3745070273913284e-07 2.993792150507458e-07 1.1922386841206947e-07 0.0 0.0 0.0 0.0 0.0 1.157307111437039e-07 0.0 0.0 7.924202720238294e-05 2.3519075706441932e-05 2.20400734811057e-05
4.3026958225918546e-05 0.00027655128597435736 0.0004528568877356072 1.51804708154384e-06 0.0007000445836976106 1.3064069086935599e-06 0.00012071940392303889 0.0 8.29111255036105e-05 2.643573179271681e-06 0.001417065426709762 1.687918932184705e-05 0.00022462539469371602 0.0009160695203704391 7.380475329777426e-05 4.157402840955658e-05 7.196453469289625e-06 9.826404288924294e-06 2.3625754500102392e-07 1.4535106546959446e-05 2.697434550127086e-05 4.440293157800079e-06 3.533995190791821e-06 2.0142217566292674e-06 1.8677846306100602e-05 1.5304562780156716e-05 3.143424904039462e-06 3.3273426965328652e-06 3.170283608963595e-06 3.895157311781847e-07 0.0007776183571114149 0.0022377926309254895 0.00010647200723988201 3.80603820109083e-06 4.068545021358553e-06 1.834229987314783e-05 4.999090199094364e-05 2.8205451123308192e-05 1.0366939415196119e-05 1.1375736247850277e-05 1.679885756252805e-05 8.315568803178317e-06 1.732555879299197e-05 1.0564037566690089e-05 2.4202840731592618e-06 2.298100810030555e-06 0.00034078749783660674 2.729927509598317e-05 7.148463546398033e-06 1.2260507675809697e-05 2.4405699941850252e-05 6.306676486442756e-06 2.4979176559067323e-06 4.864483927597841e-06 3.991475156244944e-06 3.093257735817572e-06 9.232362928070493e-06 0.0001300176806327523 1.4486986329826968e-05 4.4528409047815176e-05 1.872592707712773e-05 7.206424074817616e-05 1.483504621614497e-05 0.00011540182628793251 1.761401233528589e-05 0.00012263972811139202 3.632877350005164e-05 3.829786551045513e-05 5.73553360970323e-05 0.00011105157298525651 8.913267962909319e-06 1.4767270112993412e-05 1.4656666619982839e-06 8.433587711710068e-05 7.274813377927896e-05 9.979625554560462e-05 6.923633187959489e-05 5.7956482801832766e-05 0.00018814732089470322 0.0012628373732970464 1.2807667467168541e-05 0.0006427776658498858 3.1537718109762037e-05 0.0 3.47198384068489e-05 1.1868649835006566e-05 7.796115196006329e-05 1.2438670091867238e-07 2.854380614660486e-06 1.687269752340606e-06 7.81933646782328e-06 5.541493417509025e-06 0.00016978843294753176 2.9191404936742665e-05 5.366299265206794e-06 9.26288910718674e-06 5.4138470031702275e-06 2.1277989423218625e-07 1.6477586995304352e-06 1.3045636767348876e-05 1.1039782345920735e-07 1.058023329901503e-06 2.0831275833373167e-06 0.0 2.5041030463388925e-06 6.784645106091726e-06 2.690974451396447e-07 5.973432962731884e-06 2.1446468906968637e-07 1.8360243405039542e-06 8.919958711932986e-06 7.98197733671387e-06 1.9116489823277514e-06 7.612634591064142e-06 7.162908791568713e-06 5.484139118214131e-07 0.0 0.0 0.0 0.0 0.0 0.0 1.4175102699383736e-07 0.0 4.5367551644554363e-07 2.070114223343741e-06 0.0 1.0895957253919251e-07 0.0 1.0410761711544975e-07 2.2218344721419595e-06 3.691360394574708e-07 3.2940494848539317e-06 0.0 5.438889889527952e-06 8.811576671227288e-07 0.0 0.0 0.0 9.703386115227666e-06 1.1816549492791376e-06 1.0168769630429269e-05 8.921922186555373e-06 2.2961440850921445e-06 3.284472773682316e-06 1.3707410262423112e-07 0.0 0.0 0.0 2.0475015073343523e-07 1.435051462305981e-07 0.0 1.0053669795891064e-06 0.0 9.250239938332746e-08 3.1095035417366126e-07 1.7637903283256916e-06 4.829198944839798e-06 0.0 1.8433409979356998e-07 0.0 8.215548707141154e-08 1.5522003288941934e-07 0.0 0.0 0.0 1.3930290294685092e-05 1.1487531808767997e-06 8.746804123694024e-08 0.0 0.0 0.0 9.216130613840586e-08 1.1314370854786124e-07 9.069707008690032e-08 5.220991131720284e-07 8.44662755519064e-06 5.322597718323866e-06 0.0 2.1725209354544722e-07 1.5880609468168528e-06 9.303162467308852e-06 3.7007778546700865e-07 7.377469504299537e-06 9.699667530800562e-08 1.1168173006983631e-07 1.0793461114254932e-07 0.0 2.0595216271423326e-07 1.0116274305000844e-07 0.0 0.0 1.1513676966895843e-07 0.0 8.813447846416899e-08 4.975502437866599e-07 2.4532192521133485e-07 8.200710982052994e-06 1.1373768442372642e-05 2.0684677842189466e-05
7.326772589549492e-07 7.951067085989535e-05 0.0005396877959628763 3.145129372017294e-06 0.0009488471235137092 1.5916384482590638e-06 0.00033799602800852494 8.29111255036105e-05 0.0 7.482535363068576e-05 0.00031796042606222933 8.875928741860384e-06 0.000569183436216657 0.000819298538215544 7.3980534603473145e-06 2.067816098007555e-06 4.591058714095941e-07 4.4350779710894266e-07 0.0 1.0172203000394506e-07 2.506469728192202e-07 1.2499940943282774e-07 1.1125715267906178e-07 0.0 2.459732274816581e-07 0.0 0.0 9.551126874600372e-08 0.0 0.0 5.401422531986942e-06 4.673060202404929e-06 8.650491984595198e-06 0.0 0.0 1.1455773278647743e-07 1.1966800852172345e-05 1.3383327680101185e-06 3.4273500764418524e-07 0.0 2.3655714957412404e-07 2.5740900434159575e-07 3.4848586125426324e-07 7.335267132105314e-07 1.5403500646147523e-07 0.0 2.4160224340386995e-05 8.282596182291268e-07 2.4895105136956584e-07 3.6656028633492403e-07 3.1655511052849665e-07 0.0 1.3942222476630823e-07 2.2420630293006168e-07 0.0 1.0936378569571377e-07 5.394106089562195e-07 4.178771031189775e-06 7.996909856851749e-07 2.0553351337355057e-06 0.0 9.111024903524439e-07 0.0 1.8713436629511297e-06 4.104543643058739e-07 2.546828753245433e-06 2.9383297899351383e-07 9.718099005716935e-07 1.4509223113778914e-06 9.405479751865995e-07 7.960529828094488e-07 1.4610990072566656e-06 1.460350567896107e-07 2.5118763172041366e-06 3.1484504238624615e-06 6.267160442398699e-06 2.0731080268589047e-06 3.104997732222249e-06 5.957295804456301e-07 1.2222941453443649e-05 4.825530449364442e-07 2.836794508866729e-06 1.614732111886849e-06 0.0 1.233126303878875e-06 3.42890511455597e-07 2.48954929942236e-06 8.390228071259244e-08 9.666065008518325e-08 0.0 1.2597554120442692e-07 0.0 3.7426967708525354e-06 9.362875577665158e-07 1.1563200757391056e-07 1.009668296715413e-05 1.656816882931906e-06 0.0 2.094926829527625e-07 2.1309079435151048e-06 1.10545375083216e-06 1.7583632291818987e-06 3.678581745434899e-06 0.0 6.282046467273229e-06 2.235613953518044e-05 6.869373228684211e-06 1.3938435988386408e-05 4.956106810139952e-06 1.1002095328015832e-05 9.147343071696805e-06 2.5255649773205566e-05 6.2090633476769476e-06 1.710503362487723e-05 1.4112877815844473e-05 0.0 0.0 0.0 0.0 0.0 0.0 0.0 1.1098738800577624e-07 0.0 0.0 0.0 0.0 0.0 0.0 0.0 6.34752828449928e-07 0.0 0.0 0.0 7.986965760150866e-06 1.2102825244558687e-06 0.0 0.0 0.0 8.157509748775939e-06 2.6522681237074217e-07 9.977843439108896e-06 2.1195067367089417e-06 0.0 1.9195013911259572e-07 0.0 0.0 0.0 0.0 0.0 0.0 1.2547220214293736e-07 1.2125881750369887e-07 0.0 0.0 0.0 0.0 0.0 0.0 3.083358153244128e-07 0.0 3.944166390881132e-07 5.474194967761499e-07 2.1567792902308058e-06 6.14671528048539e-07 0.0 1.4252459660270445e-05 5.968621912389539e-07 2.2949986737036098e-07 0.0 0.0 0.0 0.0 0.0 0.0 0.0 1.8887404666012478e-05 4.4855804273672875e-07 0.0 0.0 1.7694040842591635e-07 8.858066221534043e-06 1.0808881032221154e-06 6.726646139028167e-06 9.083172589831288e-08 2.698643751020444e-07 0.0 0.0 0.0 0.0 7.913696543028263e-08 0.0 0.0 0.0 0.0 0.0 0.0 1.2229978832142438e-05 1.1060974779452093e-05 8.76296519381933e-06
0.0005272135331902002 0.001498621995078713 2.7657419501608306e-05 0.000811782494036386 0.00030115685530057956 0.0005170051850638727 0.0012424278389428572 2.643573179271681e-06 7.482535363068576e-05 0.0 2.4099826916507325e-05 0.0007272126796837354 0.003601649499574158 0.0003763267719744806 2.3313654104210913e-06 2.214724582333042e-07 0.0 1.2680932298560834e-07 0.0 2.6054300777719506e-07 0.0 5.263364096609897e-07 0.0 0.0 3.0715435954840214e-07 0.0 1.3087988922632592e-07 1.2801538938408572e-07 2.975399760791819e-07 0.0 3.189592979721995e-05 2.119866543241524e-06 0.00018068118827116165 0.0 0.0 6.717377717176612e-07 0.0005319105363031603 1.706997842316964e-06 6.983664752091694e-06 1.2750651389239385e-07 3.4728564611766406e-07 0.0 2.3259282750577778e-07 2.7822097531091086e-07 0.0 0.0 4.329308020456844e-05 3.85499500277428e-06 5.349747688621098e-07 2.0142552055751221e-07 2.2146674519021052e-07 1.0495237193235814e-06 1.11016157477893e-06 3.3876657740641015e-07 2.351226781699838e-06 3.271608290677317e-06 1.1574404127043637e-05 4.4197842391946546e-05 8.764693320245778e-06 1.681029954387565e-05 1.1356077605134325e-07 6.9141557462868e-06 0.0 7.513492399315708e-06 2.6988817944826795e-06 3.1007023224132157e-06 1.616975909561896e-06 1.1463577188010224e-06 3.466508379556274e-07 4.0715081249459087e-07 0.0001948020623969167 5.0892707340652635e-06 8.583091345092981e-07 3.548855199051693e-05 6.505623774909025e-06 1.4962384210623747e-05 2.2811835833292207e-06 1.0255302974814682e-06 1.4369637959780945e-07 5.312496712587262e-06 6.456631742793164e-08 2.7383163662320806e-06 1.3561085468345854e-05 0.0 6.137748183262921e-07 3.163145391982671e-06 3.1510022728141075e-07 0.0 1.312484096853901e-06 6.458428817356627e-07 7.252578281780886e-07 5.310109075230453e-07 6.153760061567975e-07 7.364464544936534e-07 2.4727694545140224e-07 0.00018732048200432376 1.4116100601812667e-05 1.0969368782638169e-06 1.746351381000291e-05 0.00027839039747748663 2.1536660656858136e-06 1.4841603768333283e-05 2.486536364123773e-05 7.996365766285289e-06 1.787528400945863e-05 6.679329854562477e-05 9.173815203252849e-05 5.465981261971485e-05 3.8462017748002746e-05 0.00014593717043838076 1.571774287264517e-05 0.00010058617885550972 4.5585897793531065e-05 6.87386547740005e-05 3.572077481401535e-05 0.0 0.0 0.0 0.0 0.0 0.0 0.0 0.0 0.0 0.0 1.461032140080241e-07 0.0 3.8366315622151775e-07 0.0 0.0 0.0 0.0 0.0 0.0 8.343881492927437e-06 2.008745159802972e-06 0.0 0.0 0.0 1.8661493395981193e-05 1.2206179953239542e-07 6.15323127489249e-06 8.452330155087277e-07 4.841758716855492e-07 1.4743946714388112e-07 0.0 0.0 0.0 0.0 0.0 0.0 0.0 0.0 0.0 0.0 0.0 2.7487316277329445e-07 1.0436696162814633e-07 0.0 0.0 8.601302744989106e-08 1.0164173256895755e-07 7.272841232380425e-07 2.519446153055024e-06 0.0 0.0 1.4376631085432223e-05 5.309544989013165e-07 0.0 0.0 0.0 0.0 0.0 0.0 0.0 0.0 4.817265136519697e-05 1.281024042520012e-06 0.0 0.0 0.0 1.0965149086007763e-05 1.624772408861762e-07 4.639233942304655e-06 1.0814335990128851e-07 6.034048541926459e-07 1.4539528810897386e-07 0.0 2.499604170800219e-07 0.0 0.0 0.0 0.0 9.400302536926979e-08 0.0 0.0 0.0 7.946707708527024e-05 1.077567103592932e-05 5.310804131424901e-06
1.1768552167515988e-05 0.0005020631289356114 0.0004099101271123197 2.0404750648129453e-05 0.0023269438975486684 1.232557564295842e-06 0.0005051883978578084 0.001417065426709762 0.00031796042606222933 2.4099826916507325e-05 0.0 3.9112051776510983e-05 0.0006928180259159715 0.003679826120305973 3.1189156166745716e-05 1.8604387091901017e-05 2.1573593330388865e-06 6.067222424721421e-06 8.593498758838412e-08 2.2367052852713696e-06 8.327324594918537e-06 4.433461571513802e-06 0.0 1.0416287007456355e-06 1.6101019930049758e-05 9.003365524375985e-06 3.862526436839534e-06 3.234653371601111e-06 2.575561881500612e-06 2.8018979439296666e-07 0.00016634401121561217 0.0003251606359418201 0.0003097914443079142 6.225309168953633e-07 1.8261853668675242e-06 1.5368785132460544e-05 0.0001728015365582049 4.2269251579973825e-05 2.5881869373197647e-05 1.6075512329102005e-05 1.1038247119165736e-05 8.284403822912925e-06 7.500231381975551e-06 4.33280841040705e-06 0.0 6.900582723077042e-07 0.00011951584751625785 7.630011326114629e-06 3.8012797660324604e-06 8.510483474139043e-06 9.027984716407392e-06 8.24712749141095e-06 5.406524141250822e-06 5.393723116025562e-06 1.4341246516039928e-06 2.4497831408088848e-06 3.0581863164392642e-06 4.3173913336047344e-05 5.204089024618213e-06 1.5624327138891346e-05 1.3350519915829964e-06 0.00010679443403027471 1.219934856660262e-06 1.8004182048643053e-05 4.0470989563575874e-06 2.489768762440547e-05 9.360465042063047e-06 8.628963072790554e-06 1.057992065580326e-05 2.7174683408928224e-05 1.9059134817531056e-05 1.3987862887513671e-05 1.0773115693113958e-06 2.9963739606842944e-05 2.182753052458548e-05 3.551778917196398e-05 1.9228533264227626e-05 1.877387601814971e-05 6.26877791931296e-05 0.0008979272979086127 2.345826612182563e-06 0.00021775048569520813 8.798439014152318e-06 0.0 6.833661587574805e-06 4.641212820642695e-06 1.510989863842177e-05 2.766281881109759e-07 1.924059347516194e-06 2.4116132171861354e-06 8.768573351892029e-06 3.3356236219572043e-06 6.511942710795028e-05 1.7062756860261645e-05 5.349438247477833e-06 2.0095714386078003e-05 5.177817188974351e-06 1.0993038288758746e-07 3.532382553838665e-06 4.262416201926687e-06 9.479752383612497e-07 0.0 6.0971161223585044e-06 6.585383615612947e-07 4.172360382532946e-06 1.4337547996373045e-05 3.103430192986954e-06 1.234063034850181e-05 3.2586370490189147e-06 6.4570229326686545e-06 8.45197505567219e-06 1.4791608413739377e-05 7.072310924174995e-06 1.1181655335634268e-05 1.3791485331974002e-05 2.2684277249312147e-07 0.0 0.0 0.0 0.0 0.0 1.6400537241023893e-07 3.359277478639848e-07 0.0 1.81861819556765e-06 2.564446073448028e-06 1.1629363018014497e-07 5.742722429349049e-07 1.4785208093097287e-07 3.8644299705823656e-07 2.7230423228352833e-06 7.555417558379924e-07 3.4534329516496265e-06 0.0 8.535351483019058e-06 3.352915175842317e-06 0.0 0.0 1.7543439190737764e-07 1.5949894452039e-05 1.2538287594979192e-06 1.1198042585442812e-05 8.877337759507473e-06 1.4007007003125416e-06 3.113012786135733e-06 2.3921598754381283e-07 1.23856716347055e-07 0.0 0.0 0.0 1.9226996202234326e-07 3.9900307622678397e-07 3.6610304323807354e-07 0.0 0.0 2.525937767204298e-07 1.943292859966237e-06 6.313955986057928e-06 0.0 4.47673219829951e-07 0.0 3.256440706459889e-07 7.023672463388769e-07 4.6044464319885805e-07 1.8249663462974085e-07 0.0 2.20126515576711e-05 3.614768605200306e-07 0.0 1.806101939432618e-07 0.0 0.0 7.043147029399023e-08 0.0 8.690328696219352e-08 4.910027969272591e-07 1.7834711152266926e-05 4.194851673340131e-06 7.569573388773452e-07 1.0841744775100107e-07 1.1460006228923819e-06 1.411613171639683e-05 9.648354267775034e-07 1.2801659741626245e-05 2.8063007497342746e-07 4.231801754758877e-07 2.1500648366855929e-07 0.0 2.3825659560278385e-07 1.0269066724589442e-07 0.0 0.0 0.0 0.0 2.6742460622700586e-07 6.108739669437218e-07 1.5290818549945866e-07 1.2210463614451884e-05 1.825299174059016e-05 2.3201224142108703e-05
5.0223110355221445e-05 0.000401959189291609 1.260236520917915e-06 0.0007118519277732796 2.2842875226434214e-05 6.0916055598016755e-05 0.00023061104899209083 1.687918932184705e-05 8.875928741860384e-06 0.0007272126796837354 3.9112051776510983e-05 0.0 0.00047557138652983455 8.122096605721475e-05 1.8505057529232522e-06 1.3823540763722229e-06 3.321929995179127e-07 2.1372913477137393e-07 0.0 4.064395386294266e-07 5.62765029999832e-07 2.072720039051922e-06 0.0 0.0 6.571963800247013e-07 0.0 0.0 2.778995705639626e-07 2.1434087575403767e-07 0.0 5.244702410629075e-06 1.3227222847341446e-07 5.5692317698143354e-05 0.0 0.0 2.701874231167641e-07 0.0001541795854524792 1.6762532698423458e-06 6.755656173260499e-06 1.6873272052820398e-06 6.798794493954131e-07 0.0 3.406249827160947e-07 6.571253586059196e-07 0.0 1.3826967975272732e-07 7.203449689505914e-06 3.679373984792509e-07 0.0 3.0847494788867966e-07 2.3450480027328714e-07 1.1995689637815364e-06 2.203235122832959e-06 1.1913202202975277e-07 0.0 1.4529180831229294e-07 2.1698108029580823e-06 4.101923475633432e-06 1.0438481949510691e-06 6.655577487816339e-07 0.0 9.595874545711618e-06 0.0 9.589890409508547e-07 3.3830769104178806e-07 1.3263055836864846e-06 3.297168637449016e-07 0.0 2.675661652988233e-07 1.3286672282329815e-07 5.506347126550902e-05 4.261322131137781e-06 0.0 1.8918231563130921e-06 6.46083643500662e-07 1.1057365464652981e-06 1.440536490478132e-06 2.065774537450733e-06 1.0942067808318841e-07 7.987632827041447e-06 5.433466729619518e-07 2.7400136391542947e-06 5.695141227082118e-07 1.1335064510475885e-07 9.400177372138771e-08 2.68852206621791e-07 3.3026464782443714e-07 0.0 1.8816787421993262e-07 1.3340368744353406e-07 9.304613825976931e-07 2.0755480184197624e-07 1.4860586091178919e-06 1.370488208727773e-06 1.34279702742209e-07 0.00020057032470129963 6.289454848226149e-06 1.4960311328154584e-07 9.555549875705164e-06 3.3094175961160666e-05 1.0976996309473945e-06 6.0820296111370215e-06 2.0075575363976423e-05 1.6000067049187587e-06 1.3456512030890094e-05 4.778391265395245e-05 2.7140663081975664e-05 3.944407995780717e-05 2.564889632117329e-05 6.0146223079536265e-05 2.475771302362445e-05 7.57909538757498e-05 2.6194412660468856e-05 4.070989777628066e-05 3.714650391842853e-05 1.7522093603114327e-07 0.0 1.246433117709639e-07 0.0 0.0 0.0 1.0352954776446052e-07 4.685706791174946e-07 0.0 0.0 1.269237834968375e-07 0.0 0.0 0.0 0.0 0.0 1.260628647609611e-07 1.9840174660257133e-07 0.0 1.3577916861181997e-05 2.1726589776261057e-06 0.0 0.0 0.0 2.1716303127339195e-05 4.342396900890636e-07 1.0119263178712692e-05 3.073556567788911e-06 1.1089711578183888e-07 2.321261624951155e-07 1.0534217194118195e-07 0.0 0.0 0.0 0.0 0.0 0.0 0.0 0.0 0.0 1.3919127653501008e-07 1.9769472680444192e-07 3.6308559663193535e-07 0.0 0.0 0.0 8.72413547514983e-08 9.139585588488281e-07 1.863065125640234e-07 0.0 0.0 2.619630391577633e-05 2.1898048105182226e-07 1.8506962337659697e-07 0.0 0.0 0.0 0.0 0.0 0.0 0.0 4.331869055582485e-05 6.264853947147227e-07 0.0 0.0 9.14444574489324e-08 1.2703877568965787e-05 5.28432067514311e-07 8.61348790570463e-06 7.984623512307131e-08 6.2591006670296e-07 0.0 0.0 0.0 0.0 0.0 0.0 0.0 0.0 0.0 0.0 0.0 6.181367226585484e-05 1.634089525191105e-05 1.2055949426500931e-05
