0.0 0.0008970108706655893 0.0006636161583419945 0.00046212690086603616 5.7895551775076795e-05 0.0001798554568018134 7.24016964556071e-05 1.0002975683139267e-05 7.499523004286449e-06 0.0009935961446220062 4.1391300368783696e-05 2.7550919071994256e-05 0.00014727357638974302 7.140892057200203e-05 3.49706814613992e-06 1.3992919119916432e-06 9.77103775942233e-08 0.0 0.0 5.4914557634524835e-08 8.700482952761348e-08 4.429402311139916e-07 6.974038358722685e-08 7.769625429394304e-08 1.017612082486674e-07 1.438824707334266e-07 0.0 5.271558083123758e-08 0.0 0.0 0.00039636203162988056 3.62098714387351e-06 7.1773836453930275e-06 0.0 8.447660690375507e-08 2.332446618462522e-07 2.335426406108955e-06 7.279431368872607e-07 3.2648218112436e-07 9.639838953154841e-08 8.849548985053416e-08 9.06118403441848e-08 1.1196744189883077e-07 3.447365767625291e-07 1.0531185185623277e-07 2.0099190144974616e-07 2.658127759755239e-05 5.890565782076923e-06 8.692653099322903e-07 2.959177955221298e-07 2.1236836835823867e-06 6.386889585542706e-07 1.9527672871482423e-07 1.6470719695150394e-07 6.289418865283641e-06 8.122169477803918e-06 9.888541798021034e-05 0.00023688216237720378 3.515664406306404e-05 1.8535230427040873e-05 3.4836543635835693e-07 1.3694870639176958e-06 2.456710041069284e-07 4.632005025160961e-05 8.098963772375907e-06 7.194557748140601e-06 2.243677716988321e-06 2.4761247380163863e-06 3.2469664718605873e-07 2.0887029200791567e-07 9.182078160172271e-06 4.983318817489271e-07 1.4758950386522558e-07 6.178694670810641e-05 1.5810987409379374e-05 1.8566475134195817e-05 7.423221477570926e-06 1.11026935441343e-06 1.558529362338082e-06 2.019369825661446e-05 1.4445214840762902e-06 4.695386849840753e-06 1.1547144444751178e-05 6.202908053069903e-08 7.036439304815964e-06 4.403144894450158e-06 1.6210325170395877e-06 0.0 2.203182391411175e-06 4.4529603611518935e-07 1.119247947986813e-06 4.427289036078924e-07 4.834560517139931e-07 2.94316315851227e-07 2.6559413327926443e-07 5.018846624048366e-05 6.590279220706688e-07 0.0 9.837972664471212e-07 0.0009819984148854198 0.0 9.064325126621092e-07 4.5934535777385193e-07 1.2478027642320618e-06 0.0 2.0250506337382513e-06 3.6650591363127885e-07 2.2891575924994035e-07 2.190999866810208e-06 9.615734919507516e-07 0.0 0.0 6.860834041015258e-07 6.934992156259886e-07 1.7521803050867725e-07 0.0 0.0 0.0 0.0 0.0 0.0 0.0 0.0 4.5806716645197436e-07 0.0 0.0 5.815349199136353e-07 1.9502271307136062e-07 0.0 5.456725826953949e-07 0.0 6.929131758953343e-07 8.39629280470085e-07 8.540949128818569e-08 0.0 0.0 0.0 0.0 0.0 1.4516496671764214e-06 7.587787077263256e-07 1.5080150271492552e-06 2.3258277968211123e-06 6.409893916168471e-07 1.0571887499138962e-07 0.0 0.0 0.0 0.0 0.0 0.0 0.0 0.0 0.0 0.0 0.0 7.846225872126721e-07 6.510064531400495e-08 0.0 0.0 0.0 0.0 0.0 9.098148659531127e-08 0.0 0.0 1.8411030300800442e-06 0.0 0.0 1.3913488477261365e-07 0.0 0.0 0.0 0.0 0.0 0.0 3.6488192811398867e-06 0.0 0.0 6.340216215747814e-08 0.0 1.3902344279102575e-07 0.0 9.519770665974505e-07 0.0 0.0 1.4137556387672279e-07 0.0 0.0 0.0 6.062695210282718e-08 0.0 0.0 0.0 0.0 0.0 0.0 2.44491784641915e-06 3.1713400639336346e-06 1.5367507944544347e-06
0.0008970108706655893 0.0 0.0006176348671817042 0.00210278126015248 0.0008632599697109273 0.00014715212172865177 0.0006119702388193256 4.568835626558229e-05 0.0003900995649083169 0.0020565857182024447 0.0007199113264511232 2.953881120572241e-05 0.0006578908813721269 0.0007590347486695518 2.8192683661317964e-05 8.077952996632735e-06 5.888372658972914e-07 2.9950062268342296e-07 0.0 2.2668480172053923e-07 1.1686537972467011e-07 8.241428496955181e-07 0.0 0.0 0.0 0.0 0.0 2.6006279783336326e-07 2.865484852103705e-07 0.0 0.0007475412022519775 2.1041061764378375e-05 1.5247990041886885e-05 1.163556644968547e-07 8.581209938504726e-08 1.9729499554788315e-07 3.2402273545763926e-06 1.0454789362934931e-06 9.315532551015034e-07 0.0 4.667861736978912e-07 3.3922517502585464e-07 7.223036141354386e-07 1.3025939885265134e-06 1.313113425748057e-07 5.709640588165615e-07 0.000180174450167623 9.524776338281822e-06 6.453591569019971e-07 5.190273831922826e-07 4.028328661781322e-06 8.412570239585395e-07 1.116350923440733e-07 5.729610145993872e-07 8.707321658404019e-06 1.0273167630695635e-05 5.520557140267578e-05 0.00017881667459654967 3.6653160594665146e-05 5.6341083615903e-05 4.0775128157421906e-07 2.989835084929258e-06 2.0176086810361894e-07 0.00012850747578958217 1.2893371801567857e-05 1.059528279178301e-05 3.5644242911246196e-06 4.456416859728115e-06 1.6933681978709302e-06 6.011818922141333e-07 1.0370874579088104e-05 1.542190201821983e-06 2.1015962941472057e-07 0.0001104317701661505 8.670394334704656e-05 9.309921983084343e-05 4.811588447897093e-05 3.996139626990981e-06 2.712458879512874e-06 4.238512867770862e-05 2.355450265134707e-06 9.580236289936542e-06 1.6831221246321487e-05 9.427971359571877e-08 1.2446901789789014e-05 6.995867109931575e-06 3.1572984638750675e-06 9.91118220685131e-08 4.252788647403936e-06 2.6374820388120475e-07 2.767484383852255e-06 6.03817264421237e-07 8.42567210157295e-07 4.86198540485893e-07 8.35649137597579e-07 1.4579021458266593e-05 6.015972784506767e-07 0.0 1.292412707389793e-06 0.00041433492159618455 0.0 3.9298643597951114e-07 4.0268621851136804e-07 4.129731935894341e-06 1.8275000093598355e-07 1.3255371001180712e-05 3.580459455499629e-07 1.027698369546226e-07 4.453908198176705e-06 1.77864161541473e-06 3.7699754460202013e-07 2.567769102989608e-07 1.857466798774335e-07 0.0 6.035353293208607e-07 0.0 0.0 0.0 0.0 0.0 0.0 0.0 0.0 0.0 0.0 0.0 1.5430291864549757e-07 2.669973560328676e-07 2.9715528453049164e-07 9.981921403231356e-08 0.0 0.0 7.094689563031813e-07 6.433003717153513e-07 0.0 0.0 0.0 0.0 1.0812591047434588e-07 9.25967123181375e-07 7.876211812241522e-08 1.3104941476762781e-06 1.2411081133645454e-06 5.403454427706542e-07 0.0 0.0 0.0 0.0 6.876442427788891e-08 0.0 0.0 0.0 0.0 0.0 0.0 0.0 2.3164405952270306e-07 0.0 5.795430206703958e-08 0.0 0.0 0.0 0.0 2.497279431743987e-07 0.0 0.0 1.2754601584335991e-06 0.0 0.0 0.0 0.0 0.0 0.0 0.0 0.0 0.0 3.2009918950820464e-06 2.007106220014245e-07 5.0984456579621114e-08 0.0 1.077645282692594e-07 0.0 0.0 2.945096954719482e-07 0.0 0.0 0.0 0.0 0.0 0.0 0.0 0.0 0.0 0.0 5.2522267247414024e-08 0.0 0.0 2.2604794329535204e-06 2.757830313004287e-06 1.745909856381626e-06
0.0006636161583419945 0.0006176348671817042 0.0 0.00017112108608582523 0.00010319884240035983 1.901103865130768e-05 1.195525998585245e-05 0.0010100324865412826 0.00012189978324510795 0.00034243241058696297 0.0012450194819732755 5.694720941705753e-05 0.0001776212673087217 0.001093236008397964 7.312351449100081e-05 3.382055950909892e-05 5.447763643549614e-06 3.264310973388526e-06 5.271905578712668e-07 5.176923572145026e-06 3.18530108482639e-06 6.825239436247492e-06 2.3710025441300042e-07 7.678444464199084e-07 2.9834160862230054e-06 1.3249899117810317e-06 4.748789530440549e-07 9.100643156168008e-07 2.827083499945774e-06 3.35381563439096e-07 0.0032967969492538524 0.0005222356820087619 0.00013041281486274387 3.6303202093623405e-06 1.8955495512029692e-06 3.6401877020294454e-06 3.1689475537379935e-05 7.567939319775667e-06 3.791480121154213e-06 2.2131767551092955e-06 6.2099952932935355e-06 4.077260054799781e-06 1.026689393674866e-05 1.0513312969096012e-05 1.2612388719767164e-06 7.012113439078896e-06 0.00020993632055599508 1.2379875562786166e-05 2.8584516866653504e-06 7.899563001671828e-06 6.379161509114189e-06 1.4014036205630862e-05 2.6198594323237922e-06 1.0187714555055041e-05 7.538068274428813e-06 1.1172621430058364e-05 5.131394997723823e-05 0.0002108116517606253 3.618662832812153e-05 6.418068607682392e-05 6.981312016391266e-06 2.472301046459783e-05 8.236003329972906e-06 0.0003268419769392067 1.1839790123790508e-05 1.353953497892404e-05 4.0775763385207415e-06 8.735921116118747e-06 2.454881952954182e-05 9.94806450282036e-06 7.213222677718417e-05 1.2573424454943491e-05 1.8440194223048003e-06 0.00012316802780409827 0.00011193487144907077 0.00013148985200692973 9.951030465170592e-05 1.9070045973026613e-05 0.00019524323772014576 0.0009259111259488043 5.257630909442858e-05 0.00011561663637332118 1.987523562463377e-05 8.685515218232668e-08 1.4381209266453787e-05 7.6109670471689e-06 6.011312716302932e-06 3.559178169039367e-07 5.331138364550703e-06 1.6211405675547931e-06 5.092076465227397e-06 2.164562829759032e-06 1.670205531519219e-05 6.024840643636751e-06 7.49719227915557e-06 5.016839785372125e-05 2.9023805629968086e-06 8.925463728942888e-07 2.9524525971964066e-06 0.00021401855127882953 9.10589101408028e-08 1.6529120746263407e-06 1.1293427585230738e-06 3.4614212495831135e-07 5.915911507509452e-07 1.5029319973333417e-06 1.7969845193633417e-06 6.716269555354385e-07 1.8995487457204272e-06 3.639724844697384e-06 4.039025049586854e-07 9.004595554636408e-07 2.7992215611709033e-06 1.7722341118455772e-06 2.9851487151725023e-06 0.0 0.0 0.0 0.0 0.0 0.0 0.0 7.603648291016198e-08 4.195495610527737e-07 1.8948804747905292e-07 7.40687338320597e-07 2.7142436587437743e-07 9.398980406826762e-07 7.868938838526519e-07 2.092194715377136e-06 5.699968682638381e-07 2.109873684357476e-06 3.9345854225077025e-06 5.112043291958247e-06 2.447118606218672e-07 5.674666079299971e-07 0.0 0.0 7.372251228358132e-08 8.119666651084103e-06 1.6118663456586278e-06 5.265535975605805e-06 8.005997589276115e-06 2.4602849343690253e-06 7.67091677673628e-08 3.126114656890456e-07 0.0 0.0 0.0 0.0 6.57063546062957e-08 0.0 0.0 0.0 0.0 2.0742289528675266e-07 5.309981378399372e-06 4.910097388467607e-07 0.0 0.0 0.0 0.0 0.0 3.8482013398173435e-07 0.0 1.6434449872538712e-07 5.784818596124157e-06 0.0 0.0 0.0 5.225811494017192e-08 0.0 0.0 0.0 0.0 0.0 2.0053953940898685e-05 1.761668519549546e-06 1.4401500206994877e-07 1.3265527834514565e-07 0.0 1.7010821046679905e-06 0.0 1.4297420773456658e-06 1.3961010515528584e-07 0.0 2.474433212318712e-07 0.0 0.0 0.0 5.1137709351219764e-08 0.0 0.0 4.7639654698734575e-08 4.820023720537174e-08 8.082491740904954e-08 0.0 1.1208611515654971e-05 1.2387877937619547e-05 1.2160921408216224e-05
0.00046212690086603616 0.00210278126015248 0.00017112108608582523 0.0 0.00021097395663429819 0.00028465684707178044 0.0004069916417830837 4.6384291153120175e-06 1.5221714917874734e-05 0.0021066167505451594 1.802849206238075e-05 1.810813137219833e-05 0.0004633306628072446 4.8069689994606525e-05 1.846278954943169e-06 4.181995593216989e-07 0.0 9.23501390330312e-08 0.0 5.243417874296328e-08 0.0 1.053819358722504e-07 0.0 0.0 0.0 6.149394581423654e-08 0.0 0.0 0.0 0.0 4.180910354162767e-05 1.0011166692370583e-06 2.521721333743942e-06 0.0 0.0 0.0 8.753295584247423e-07 6.695586233001715e-08 7.879198000750099e-07 0.0 7.116279949341963e-08 4.910815020867455e-08 0.0 0.0 0.0 0.0 1.901971037613493e-05 2.070411298498438e-06 2.2081307436913962e-07 0.0 3.1713447431195203e-07 0.0 0.0 5.70297336147828e-08 1.3034688547794984e-06 2.107631675081573e-06 1.3596134128381994e-05 4.3581879009808844e-05 8.070823846563747e-06 5.476410652547524e-06 0.0 2.3045344727778055e-07 0.0 2.005638417420038e-05 1.8070864666014623e-06 1.5151103639682219e-06 4.7558654311854813e-07 3.748879251550014e-07 5.1560279458835543e-08 4.453459034067049e-08 2.868537209583658e-06 0.0 0.0 1.5026498061041408e-05 8.431017245986123e-06 7.571804888630868e-06 3.819344031602168e-06 2.1054500188131368e-07 1.248707545199651e-07 8.358776535647344e-07 0.0 8.641144696564038e-07 2.7203755997731674e-06 0.0 1.2526839711382075e-06 1.4110469939053374e-06 2.3080426829617542e-07 0.0 6.896790471378711e-07 5.6084325804418206e-08 2.9091462789999644e-07 1.1600663119161574e-07 0.0 1.0412835272856395e-07 0.0 3.2949246244031194e-05 1.4487037140061555e-06 0.0 2.6767309273812093e-07 0.00027423929875969457 8.39884715906847e-08 1.5466825551736484e-06 5.638472488739473e-05 2.0471013519408216e-05 0.0 2.3230082307257407e-05 2.6504570156178206e-06 2.0910736258346016e-06 3.541384526986379e-05 6.0183574523491284e-06 1.5506613537235963e-07 6.208006063827727e-06 4.633416485545846e-06 1.9708139259897024e-06 0.0 0.0 0.0 0.0 0.0 0.0 0.0 0.0 0.0 0.0 0.0 0.0 0.0 0.0 0.0 0.0 0.0 9.126722636437234e-07 5.162711445949222e-07 1.0316389799016874e-07 0.0 1.117505814440986e-07 0.0 0.0 0.0 4.48883207560959e-07 0.0 0.0 2.424637146314102e-07 0.0 9.931690908779096e-08 0.0 0.0 0.0 0.0 0.0 0.0 0.0 0.0 8.034285749055652e-08 0.0 0.0 7.790437712374108e-07 0.0 0.0 0.0 0.0 0.0 8.213239137808266e-08 1.9165033135189183e-07 0.0 0.0 2.711131622776094e-07 1.3846280839825475e-07 0.0 0.0 0.0 0.0 0.0 0.0 0.0 0.0 1.835244826141885e-06 0.0 0.0 0.0 0.0 1.1798233252726302e-07 4.197311342195917e-08 0.0 2.737226904731529e-07 6.154781777189823e-08 1.4136094142083002e-07 0.0 8.661424957995406e-08 0.0 0.0 0.0 0.0 0.0 0.0 0.0 0.0 1.6338225716644511e-06 0.0 9.156425183922986e-07
5.7895551775076795e-05 0.0008632599697109273 0.00010319884240035983 0.00021097395663429819 0.0 8.916299345275083e-06 0.0009717624491268254 6.129377094958517e-05 0.0011401371078492374 0.001473214098325478 0.0011429590835791152 1.1536851565974466e-05 0.0003075279982937804 0.0012755149363514583 1.7484254555808202e-05 6.384350844184446e-06 9.856821576147531e-08 1.627608207153035e-07 0.0 5.723616023969729e-08 0.0 0.0 0.0 0.0 7.137212702490639e-08 0.0 0.0 9.045898379397163e-08 9.01751006051168e-08 0.0 3.886009446675711e-05 1.3974521627038129e-05 5.039151278566319e-06 0.0 0.0 0.0 7.460112471542776e-07 3.513054273401555e-07 1.962843432827093e-07 1.3264221247326725e-07 1.2525210816964832e-07 0.0 4.55210476299552e-07 7.451605692734917e-07 0.0 3.614646521530842e-07 6.0922639523915186e-05 5.944202940832341e-07 5.673188362208976e-08 4.424990621858645e-07 3.5500345586927733e-07 2.1314242645691485e-07 7.640349240230647e-08 3.5061516251743456e-07 5.885356234999088e-07 1.2318807304964498e-06 6.502390921261722e-06 1.3301960636189472e-05 4.380742381656646e-06 1.1053354274217934e-05 8.481826294415008e-08 1.0375702772516254e-06 0.0 2.210791667932634e-05 1.6275632784780748e-06 9.923086442532032e-07 5.333511589142099e-07 3.0958548523275506e-07 5.356144415049765e-07 2.68315348736301e-07 2.2003954220718337e-06 2.2441304753919732e-07 0.0 1.5048867239352408e-05 1.7632650889054216e-05 2.6050960400125234e-05 1.3552787607865693e-05 1.3342336859504912e-06 1.4967265525200202e-06 1.170451753197129e-05 7.365542634271382e-07 2.7614837902121487e-06 1.7614623853737497e-06 0.0 1.0409615926930147e-06 6.398085905681364e-07 3.2127916226554266e-07 0.0 3.9149994541498054e-07 8.141127789034926e-08 1.463465385112858e-07 1.720808910860742e-07 4.965501968183705e-07 7.468273122668891e-08 3.029939792823374e-07 2.5142124715138674e-06 2.901241096329062e-07 0.0 2.3731241681416188e-07 4.8596611324763276e-06 0.0 1.2597470277065606e-07 9.045218199352085e-08 3.1317059066701474e-07 0.0 3.4175806740175625e-06 0.0 1.1281664338326351e-07 0.0 2.1089840777255666e-07 0.0 1.1630740095856603e-07 1.6430663128154616e-07 2.3768105364413963e-07 0.0 0.0 0.0 0.0 0.0 0.0 0.0 0.0 0.0 0.0 0.0 0.0 0.0 0.0 4.0467124048341667e-07 0.0 0.0 0.0 0.0 1.6975559041463731e-07 0.0 7.49444213010355e-08 0.0 0.0 8.625387679601639e-08 7.493311955770679e-08 2.585479538551645e-07 1.7416765704960892e-07 8.979703936647012e-08 0.0 0.0 0.0 0.0 0.0 0.0 0.0 0.0 0.0 0.0 0.0 0.0 0.0 1.748128564066526e-07 6.041178973974709e-08 0.0 0.0 0.0 0.0 0.0 0.0 9.866110609176437e-08 0.0 5.902356349389224e-07 0.0 0.0 0.0 0.0 0.0 0.0 0.0 0.0 0.0 6.619890071243232e-07 0.0 0.0 0.0 0.0 0.0 0.0 0.0 0.0 0.0 0.0 0.0 0.0 0.0 0.0 0.0 0.0 0.0 0.0 0.0 0.0 5.993674860008258e-07 7.625526268015312e-07 7.679699259591537e-07
0.0001798554568018134 0.00014715212172865177 1.901103865130768e-05 0.00028465684707178044 8.916299345275083e-06 0.0 1.595821555934104e-05 6.538860986614547e-06 2.9217574915554162e-06 0.0008160712757169673 6.440749623544374e-06 6.419276624423366e-05 5.442365796503558e-05 1.875661012629278e-05 7.661254163543918e-08 9.426196948133891e-07 2.794322547887018e-07 0.0 0.0 0.0 0.0 1.1064076534336557e-07 0.0 0.0 1.0078570176377002e-07 0.0 8.231657771927638e-08 6.477634754383104e-08 1.0985174705723463e-07 0.0 1.1349843982291558e-05 3.872741169819489e-07 2.2270685363149376e-05 0.0 0.0 0.0 1.9235876452889033e-05 5.809254399144927e-06 5.895200827013495e-06 5.190409584916566e-07 0.0 0.0 1.349129147811691e-07 3.95767400678094e-07 0.0 6.37919496623666e-07 2.11928985256499e-06 6.127276937655538e-08 0.0 0.0 7.601125209836511e-08 4.0139646412872416e-06 1.054594141340285e-06 7.788254438201682e-08 2.571501272594779e-07 2.1119375779698418e-07 6.083878328177806e-06 3.5456941232239913e-06 1.0663162755590084e-06 8.205411171138323e-07 6.373518151505388e-07 6.341874326775312e-06 1.0050550720733721e-07 2.1676671252589317e-06 3.3206701117422244e-07 8.79366290201553e-08 2.063157017942377e-07 4.3607554466904836e-07 7.612075542531681e-08 0.0 0.00013212380003038213 5.542373452483422e-05 6.840226797885517e-06 1.3142374822340611e-06 1.185529304728025e-06 1.0739196177218352e-06 1.3922929253647068e-06 5.526776447169086e-07 5.779139281424621e-07 7.374906675782096e-06 3.006693248291125e-07 6.208110449295116e-06 2.2671765979400666e-07 3.439538461324321e-07 0.0 2.9106986177852243e-07 0.0 5.037309547228177e-07 1.3093990247852567e-06 3.4223276656462973e-06 4.542617996627571e-07 2.0124888875360081e-07 0.0 0.0 7.808265033244864e-08 0.00017906296785219172 8.355420901828484e-05 1.1461975728708494e-06 3.312764826242439e-05 0.00012884428933484376 0.0 0.0 2.852577185764252e-07 0.0 0.0 0.0 8.684185989822805e-08 2.2323535494159437e-07 1.418101111907911e-06 1.6444990493453615e-06 0.0 0.0 0.0 6.378996997051553e-07 6.984453603870615e-07 1.0296385335971322e-07 0.0 0.0 0.0 0.0 0.0 0.0 0.0 1.805849340796037e-07 0.0 0.0 0.0 7.682966057745616e-07 2.2036256122000487e-07 0.0 0.0 5.267937940398412e-07 1.2874298838490354e-06 6.464827794312457e-07 7.451352582740335e-08 0.0 0.0 0.0 0.0 5.174958035774685e-07 0.0 1.1081778856794034e-06 3.153526530623711e-06 2.573039696462335e-07 2.2725938404946342e-07 0.0 0.0 0.0 0.0 0.0 0.0 0.0 7.280949085455853e-08 0.0 0.0 0.0 1.3723117073071066e-06 0.0 0.0 0.0 0.0 0.0 0.0 0.0 0.0 0.0 8.881295280180848e-07 0.0 0.0 0.0 0.0 0.0 0.0 0.0 0.0 0.0 4.318352164200765e-06 6.126592606719757e-07 0.0 0.0 0.0 1.8357253766455758e-07 0.0 0.0 0.0 0.0 0.0 0.0 0.0 0.0 0.0 0.0 0.0 0.0 0.0 0.0 0.0 2.0172222661299984e-06 1.5301960427544419e-06 2.6847978815834976e-06
7.24016964556071e-05 0.0006119702388193256 1.195525998585245e-05 0.0004069916417830837 0.0009717624491268254 1.595821555934104e-05 0.0 7.879621613297306e-06 0.0010692936100950713 0.001276536405748188 0.0002788011565639798 2.6813045523427264e-05 0.004385016551527921 0.0013127518447860597 1.797950513233143e-05 7.409951405454474e-06 2.8357983421502215e-07 4.320730530236329e-08 0.0 0.0 0.0 0.0 0.0 0.0 0.0 0.0 0.0 0.0 1.0378129581333113e-07 0.0 2.7259916426343633e-05 8.493599932696923e-06 3.1315013290783654e-06 7.11084605605536e-08 1.3467723381062658e-07 0.0 1.053244153759974e-06 2.5828289118212004e-07 0.0 1.4903110820708667e-07 1.5303480266742225e-07 8.230528540979021e-08 2.4634342481653897e-07 3.7304005238538436e-07 0.0 3.906959980730753e-07 6.401432416031132e-05 1.1896669125828106e-06 1.1661141596734035e-07 2.1745675376654657e-07 3.0943012399735515e-07 0.0 0.0 1.3889076051302337e-07 3.909416223136249e-07 1.1755309080622314e-06 6.631763467692783e-06 1.3389686937690831e-05 5.07998623662464e-06 1.0699797658473112e-05 3.371400647016807e-07 6.620791757910478e-07 0.0 1.9177418077031998e-05 1.0645456966195484e-06 1.0490502447330799e-06 3.528630443603012e-07 3.971789440807923e-07 5.316296854834826e-07 1.7759251923496892e-07 1.842450027132279e-06 8.893301259853056e-08 5.389674508288479e-08 1.3238930681571361e-05 1.539844098112732e-05 2.626338999600814e-05 1.3259007969164177e-05 1.5833535330704433e-06 5.583758082337824e-07 4.6874957849151695e-06 1.8508164303635667e-06 1.865800207141438e-06 1.3214990928857528e-06 0.0 1.249173605321245e-06 9.633698653740985e-07 1.2073621266399556e-07 0.0 2.886775855421754e-07 0.0 2.6896568482059225e-07 5.621004590664716e-08 2.519621648133088e-07 1.0488673461113888e-07 2.3793165423661403e-07 2.4324274908201115e-06 2.158561750276036e-07 0.0 3.537146514745744e-07 7.277910124032266e-06 0.0 1.6914397553693436e-07 4.152198424290846e-06 7.693912862183692e-06 1.814629418021452e-07 1.3581816678051473e-05 9.821033822888187e-08 2.622038081083236e-05 2.180950758523994e-05 1.79889193382997e-06 0.0 9.896495091401974e-06 1.290911217015669e-06 7.86666512210594e-06 0.0 0.0 0.0 0.0 0.0 0.0 0.0 0.0 0.0 0.0 0.0 0.0 0.0 7.476946125781797e-08 7.917434402171713e-08 2.357937804312735e-07 0.0 2.8045023243258576e-07 0.0 0.0 0.0 0.0 0.0 0.0 0.0 0.0 0.0 1.1052550265556058e-07 0.0 1.201447201723696e-07 0.0 0.0 0.0 0.0 0.0 0.0 0.0 1.348909763804087e-07 1.7456302938926413e-07 0.0 0.0 2.6397351705882723e-07 3.2255127347592155e-07 0.0 0.0 0.0 0.0 0.0 1.576938472993439e-07 0.0 0.0 0.0 0.0 0.0 0.0 0.0 0.0 0.0 0.0 0.0 0.0 0.0 7.242358348909502e-07 9.128246390679685e-08 0.0 0.0 0.0 2.6030318629131897e-07 0.0 0.0 6.871240135335946e-08 4.5616741698238684e-07 0.0 0.0 1.643963518407514e-07 0.0 0.0 0.0 0.0 0.0 0.0 0.0 0.0 7.442911274799509e-07 1.0071845591927198e-06 4.1687764213978075e-07
1.0002975683139267e-05 4.568835626558229e-05 0.0010100324865412826 4.6384291153120175e-06 6.129377094958517e-05 6.538860986614547e-06 7.879621613297306e-06 0.0 5.59178768135392e-05 7.096084787773736e-05 0.002251012435207272 8.607416462444289e-05 0.00025221130419791655 0.0013407182452962192 0.00011416930022214394 7.257698302298165e-05 1.0661183379772779e-05 6.993343632530501e-06 1.7503870495483754e-06 2.3368153384779217e-05 1.1619530025892486e-05 2.2641040595842127e-05 1.4888876520266033e-06 3.910682758945703e-06 1.1895388962833146e-05 4.293869201401279e-06 9.838169218579934e-07 1.2735729512576306e-06 6.888623499578113e-06 4.418091841506865e-07 0.00019453579466737115 0.0009353514692267996 0.0002591615414719765 9.67931218321585e-06 1.0425726246011528e-05 1.386106824645455e-05 5.4213780464115005e-05 1.9291331423474906e-05 8.60041993050317e-06 2.400906612642566e-06 1.862498076416999e-05 1.2805993351782964e-05 3.534898927710456e-05 5.475530753811251e-05 3.794608609743233e-06 2.1349049609514134e-05 0.00018452773149692535 2.764447073351108e-06 2.9531231783067265e-06 1.605152896444831e-05 7.045454428586014e-06 2.2378375566890407e-05 6.73747988045128e-06 2.115477780200515e-05 1.390262564345548e-06 1.335862245466323e-06 7.238804559115459e-06 3.7662214936726714e-05 7.717068549378714e-06 1.8395956369506615e-05 3.1047274684726214e-05 6.197037949754493e-05 2.8710472862114456e-05 0.0004338595326103076 1.6305371935575442e-06 5.364823830817121e-06 2.0194224598989704e-06 9.68759929028391e-06 7.010137673593121e-05 4.164851413674475e-05 0.000137711172882872 2.8107522431029305e-05 4.750880961439206e-06 2.4523575307537797e-05 3.4082847858869935e-05 7.056744756021918e-05 0.00017041593303700032 0.000220286771573584 0.0015849841958095769 0.003187049266069033 0.0002954204701417553 0.0007557692840692978 2.0476954217582225e-06 3.6133149818295626e-07 2.2081276375987492e-06 1.3056213439653495e-06 4.10709180347565e-06 4.0863041192401944e-07 1.6629924938358504e-06 3.826890912217564e-06 3.828981682847244e-06 6.970950114905823e-06 5.233510517512615e-05 1.8664048126741548e-05 1.866484905997077e-05 5.8747552662653304e-05 6.181342133430308e-06 1.680026409683705e-06 5.494390193184122e-06 7.163358370598928e-06 9.240942129937324e-08 1.6596200272117985e-06 9.824460194488345e-08 7.661194730336097e-07 9.755601162920832e-07 1.176307487827011e-06 8.901615776950531e-07 1.026886860979548e-06 1.6668721521348448e-06 3.3576275435499585e-06 1.003683358353757e-06 1.1829631391895854e-06 9.34676677717095e-07 1.7299995300445706e-06 2.2192872247131318e-06 1.243014409920836e-07 1.1818309412974938e-07 8.268162025525727e-08 0.0 0.0 0.0 0.0 3.913281551428469e-07 0.0 3.8784574651816695e-07 1.5008918722871834e-06 4.2098392020358594e-07 6.60624246146639e-07 2.790544199622753e-06 3.814185031052509e-06 1.9684106734775932e-07 6.9982268535620174e-06 6.925585035107339e-06 6.265648086839952e-06 5.095271641649131e-07 5.728597706015542e-07 7.109532865177767e-08 0.0 6.492135702384314e-07 7.499729930905019e-06 1.0904233799220739e-06 4.973684779405877e-06 1.061064604487591e-05 7.488296759999344e-06 9.890592845570047e-07 1.3525892453988318e-07 0.0 0.0 0.0 1.2558652845283703e-07 0.0 0.0 5.2478140449066673e-08 0.0 0.0 4.3459239840168806e-07 9.423812025577782e-06 3.842151416614745e-07 0.0 0.0 0.0 0.0 2.1805828858352597e-07 3.8926683225256557e-07 4.1628426287965247e-07 0.0 6.271003009430888e-06 1.0017189823460445e-07 0.0 0.0 0.0 0.0 0.0 0.0 0.0 1.528113055044833e-07 1.9250618779901664e-05 2.9675684855048084e-06 0.0 0.0 2.9529930809015727e-07 1.4652793290678825e-06 3.5544352575475187e-07 9.49833381545123e-07 0.0 0.0 3.365830481875129e-07 0.0 0.0 0.0 0.0 7.990088196889464e-08 0.0 2.430874991659529e-07 9.259177747511976e-08 0.0 0.0 1.200226585142666e-05 1.673476790937423e-05 1.553474881688068e-05
7.499523004286449e-06 0.0003900995649083169 0.00012189978324510795 1.5221714917874734e-05 0.0011401371078492374 2.9217574915554162e-06 0.0010692936100950713 5.59178768135392e-05 0.0 0.00022730364215274777 0.0008743957529859657 4.248763454159901e-05 0.0020859373413362092 0.0015283344491354115 1.0371842047939181e-05 2.7526276101791937e-06 6.05679764363668e-08 5.397765443318432e-08 0.0 5.159640164181192e-08 1.3140455837266143e-07 8.778911202480361e-08 0.0 0.0 0.0 0.0 0.0 0.0 0.0 0.0 1.1339588315306633e-05 3.2756092073278395e-06 6.435554576282479e-06 0.0 0.0 0.0 7.529031691025514e-07 0.0 9.009918647442709e-08 1.3406874153479502e-07 0.0 0.0 1.6885186603740955e-07 3.277569196598784e-07 0.0 0.0 1.8624347069383893e-05 3.466839152506657e-07 1.946400905698597e-07 1.1688897376479124e-07 1.0350742664830222e-07 0.0 0.0 8.383016227949986e-08 1.6418298662466976e-07 3.357070545903476e-07 1.7211140437798536e-06 3.2383119732297637e-06 1.1768131748040738e-06 2.936266656433457e-06 1.909851935687002e-07 3.8576640970561004e-07 0.0 8.725659142610102e-06 2.734786251750783e-07 2.918945730077955e-07 4.40432663888312e-08 1.452872830894929e-07 6.03469226386383e-07 5.544350846722108e-08 2.6325388940128936e-06 8.225364455588243e-08 0.0 5.521130297142899e-06 5.7524108282613445e-06 1.1316063047897384e-05 6.175495830284476e-06 4.647506051976662e-07 1.0990981565973758e-06 9.334942177271788e-06 3.5666792058970783e-07 9.01847028417171e-07 4.685783726459269e-07 0.0 4.6979812838882785e-07 2.922240593913507e-07 2.2219104744326086e-07 0.0 6.878435798711563e-08 8.465274617728649e-08 4.4874100181894126e-08 5.228130804198634e-08 2.035982410065207e-07 0.0 1.303916231175998e-07 1.974617198465882e-06 7.360155627182066e-08 0.0 0.0 5.327242612116384e-07 0.0 0.0 0.0 1.311657123479563e-07 0.0 7.455182345446285e-07 8.799188303574493e-08 0.0 0.0 1.0447162667294964e-07 0.0 0.0 0.0 3.15228187189504e-07 2.2640984294670023e-07 0.0 0.0 0.0 0.0 0.0 0.0 0.0 0.0 0.0 0.0 0.0 0.0 0.0 0.0 0.0 0.0 0.0 9.226554576723096e-08 0.0 0.0 0.0 0.0 0.0 0.0 9.769766549143913e-08 0.0 3.1165085052455255e-07 7.63294508893553e-08 8.245662311135902e-08 0.0 0.0 0.0 0.0 0.0 0.0 0.0 0.0 0.0 0.0 0.0 0.0 1.090219840052968e-07 0.0 0.0 0.0 0.0 0.0 0.0 0.0 0.0 0.0 1.6028728607648407e-07 0.0 0.0 0.0 0.0 0.0 0.0 0.0 0.0 0.0 8.708113940799657e-07 0.0 0.0 0.0 0.0 0.0 0.0 0.0 0.0 0.0 0.0 0.0 0.0 0.0 0.0 0.0 0.0 0.0 0.0 0.0 0.0 2.490955927108556e-07 1.1843308152246055e-07 0.0
0.0009935961446220062 0.0020565857182024447 0.00034243241058696297 0.0021066167505451594 0.001473214098325478 0.0008160712757169673 0.001276536405748188 7.096084787773736e-05 0.00022730364215274777 0.0 0.0005952367620822406 0.0010428215969690126 0.004839789336525012 0.0008338872607693533 4.318276216108243e-05 2.0803964330684286e-05 1.0982289600837402e-06 6.59560434178913e-07 0.0 7.545008233503156e-07 7.121564976593733e-07 1.0661434003949854e-06 1.8621169284250828e-07 1.1640147523609033e-07 1.3666043505107053e-07 8.688373672513642e-08 0.0 1.5582980492366218e-07 8.862713063232326e-07 3.642229992142459e-07 0.00014047119821046573 1.4260721744029158e-05 0.00015120226607105318 8.074524860904022e-08 4.5147063698041934e-07 0.0 3.4966313747974795e-05 6.08328184046657e-06 3.201296933662733e-06 8.629653663185314e-07 5.499771884303185e-07 7.725390990903897e-07 1.2463815086884981e-06 2.092267129552254e-06 6.003055873001652e-08 9.553112318209055e-07 0.00014599292524059983 4.0258659430429425e-06 5.142239913360931e-07 7.355420545779497e-07 1.5888564915180705e-06 1.316017360583777e-06 9.053099042709311e-07 9.42174908006659e-07 3.5181341145787002e-06 5.603240309088084e-06 4.0600708635644926e-05 0.00012302255433940988 2.2214678852394912e-05 2.484465267991202e-05 2.066412523786972e-06 1.9173945257908233e-05 9.61283094693643e-07 0.00012297514308747218 5.5888630411206565e-06 4.382688078656185e-06 1.4309896983008852e-06 1.9037233531055426e-06 3.530093958044106e-06 8.623067897728069e-07 0.0001822927803484077 5.147421196646602e-06 9.328721581707394e-07 5.135016393735148e-05 3.1333392628232043e-05 4.182394059856988e-05 2.3380583458124608e-05 5.985076478589614e-06 1.2539345019621493e-05 7.817979877849671e-05 1.0410270248812901e-05 4.284474658862647e-05 7.583481278147259e-06 5.828405731510637e-08 4.971140113594521e-06 4.039011648813566e-06 1.5016978101698585e-06 6.389619833903948e-08 1.6634860064391517e-06 3.97505100317941e-07 1.0724001511608057e-06 3.0415121930937556e-07 1.4348635547867354e-06 8.53474953770453e-07 8.115443681105354e-07 0.0004825383378917052 3.4370894216575825e-05 6.645910354150698e-07 1.1168394502582678e-05 0.0004877611607066794 4.71977211576719e-07 1.1198447092794819e-05 7.060139411986942e-06 1.7780255133298368e-05 3.5849368090417013e-06 2.15919197057794e-05 1.1303424580970916e-05 1.0433050803977371e-05 2.4863612231693313e-05 2.7317881039600538e-05 1.6355080880044458e-06 7.630536176117919e-06 2.7582058049359263e-05 4.0270833323064496e-05 6.992937194293577e-06 3.91891393276151e-07 0.0 5.969289792192513e-08 0.0 0.0 0.0 0.0 6.269420416312694e-08 7.27030978654828e-07 0.0 6.69412351572031e-08 3.397414231896092e-07 1.5151402951920504e-06 8.774293525247854e-07 2.9264761061858765e-06 0.0 4.299306000311374e-06 1.2496302504680119e-06 4.8515781218740855e-06 8.159196191751063e-07 1.1232638356885953e-06 0.0 0.0 2.9469622140608476e-07 2.0655244067587953e-05 2.511604188585536e-06 1.103055082783461e-05 1.216836959197127e-05 6.8474966065463505e-06 2.9130721725611073e-07 0.0 0.0 0.0 0.0 0.0 0.0 5.6289134525341975e-08 0.0 0.0 0.0 0.0 3.92460013416608e-06 0.0 5.4313626583466164e-08 0.0 0.0 3.11229742662526e-07 5.179787219756301e-07 1.8063338865320316e-06 0.0 0.0 1.6817573197870965e-05 6.346006708281345e-08 0.0 5.667974749145019e-08 0.0 0.0 0.0 0.0 0.0 1.0532030457912305e-07 5.839725364234919e-05 5.67309213701536e-07 0.0 0.0 0.0 4.767880033389745e-06 1.6774473858179223e-07 4.073517347592525e-06 1.6768373935611318e-07 0.0 1.8058870289968706e-07 0.0 0.0 0.0 0.0 0.0 0.0 0.0 0.0 0.0 0.0 4.187285063336889e-05 2.327852696117149e-05 2.3837176690456437e-05
4.1391300368783696e-05 0.0007199113264511232 0.0012450194819732755 1.802849206238075e-05 0.0011429590835791152 6.440749623544374e-06 0.0002788011565639798 0.002251012435207272 0.0008743957529859657 0.0005952367620822406 0.0 0.0001921013990128556 0.0010180814354249599 0.0029840397630324996 1.1433575400541491e-05 6.348264217360496e-06 1.133313354346958e-06 2.3670443396582589e-07 6.546223506362667e-08 3.504126415033198e-07 2.7196213263290065e-07 1.4416856710173457e-06 0.0 0.0 3.623195139430238e-07 0.0 0.0 5.240660409299441e-07 8.670487861819316e-07 0.0 3.1576380491870315e-05 3.820566450990502e-05 0.00035669528573761914 1.6872661291038492e-07 0.0 1.4447615376328366e-06 7.841277784465782e-05 1.187245052759732e-05 6.581719805774537e-06 2.5171069159040207e-07 4.4132207712644984e-07 3.1398429260207686e-07 4.062856020662688e-07 1.32751471463698e-06 5.6319624704339014e-08 3.720343387367653e-07 2.071846039719872e-05 5.831395646387007e-07 2.7439029048924e-07 4.129044472922847e-07 3.5365528430364977e-07 2.94688736123744e-06 3.8736393423803985e-06 1.784883536180122e-06 9.347435589435803e-08 3.3523134364786476e-07 1.2631907151246516e-06 8.946663856056022e-06 2.402100097492533e-06 3.263482465037642e-06 6.528799953951403e-07 3.095100913313107e-05 1.101831923781874e-06 1.0530439270563579e-05 4.0928229987540373e-07 5.338164454607174e-07 6.909965587153361e-08 4.123387516430063e-07 1.9405205086459293e-06 1.301073286132115e-06 0.0001646360216946215 3.077635588318894e-06 1.2861507868782767e-06 4.170423782561765e-06 3.7280675440346025e-06 8.833805133018236e-06 5.356688436445873e-06 1.0959672812462e-06 4.0349812509186176e-05 0.0013463684800913084 6.020489684716647e-06 5.8732652427267796e-05 5.348264137723092e-07 1.0878670397306098e-07 5.487737461595805e-07 7.510852582167506e-07 2.9779041797757565e-07 7.338157793213841e-08 5.026836472625655e-07 7.365878997926125e-07 2.7433989961946506e-07 4.796690243146182e-07 1.3705297723797232e-06 5.638151731490394e-07 1.1583602156487235e-06 4.988575109728443e-05 2.095909847462731e-06 3.377697501047143e-07 1.2128534201413167e-06 5.679896310077513e-06 8.739035293568677e-08 4.513835814817236e-07 5.668357055612795e-07 4.1113486598167023e-07 1.3761563990688326e-07 4.58373124832306e-07 7.734239699333582e-07 5.725815524351275e-07 1.9613956870537575e-06 1.70480382629258e-06 1.7756267527418396e-07 4.937844206062311e-07 6.610474247370968e-07 9.843080335483764e-07 1.3275415916542948e-06 0.0 0.0 0.0 0.0 0.0 0.0 0.0 0.0 0.0 0.0 0.0 0.0 2.0354888785942203e-07 9.58061989355766e-08 1.287375460011587e-06 0.0 3.720198106192976e-07 1.4980020693475458e-06 6.015443734618725e-07 8.830333191241824e-08 2.7841691862072096e-07 0.0 0.0 5.27949001073818e-07 2.3847740249759406e-06 1.8075227157807196e-07 1.738769050800215e-06 1.877491827596558e-06 2.2081892429488095e-06 6.297284213554539e-08 0.0 0.0 0.0 0.0 0.0 0.0 0.0 1.0152474898611776e-07 0.0 0.0 0.0 1.8626567564781948e-06 0.0 0.0 0.0 0.0 0.0 0.0 1.8289329156989006e-07 0.0 0.0 3.100451025116055e-06 1.0112902759428954e-07 0.0 0.0 0.0 0.0 0.0 0.0 0.0 0.0 7.851805268283297e-06 4.434727856745272e-07 0.0 6.210720689745769e-08 0.0 9.298161828121837e-07 0.0 4.322643666328441e-07 0.0 7.358865077526497e-08 6.003513886055583e-08 0.0 0.0 0.0 0.0 0.0 0.0 0.0 0.0 0.0 0.0 6.019261676720009e-06 5.3065062621349535e-06 3.5729872012954205e-06
2.7550919071994256e-05 2.953881120572241e-05 5.694720941705753e-05 1.810813137219833e-05 1.1536851565974466e-05 6.419276624423366e-05 2.6813045523427264e-05 8.607416462444289e-05 4.248763454159901e-05 0.0010428215969690126 0.0001921013990128556 0.0 0.0019882521518750787 0.0005397361942449884 1.831550873032728e-06 1.2486937576388203e-06 1.7679445389386957e-07 9.829372396284064e-08 0.0 0.0 9.271941736429977e-08 2.1003926867842235e-06 0.0 0.0 1.5683402519501178e-06 1.0033206601276403e-07 0.0 2.3635139599444077e-07 8.011035572494033e-07 0.0 8.830758893385152e-06 1.8482722409612573e-06 0.0001332984532844909 2.0362776421666033e-07 0.0 1.651061494343923e-07 8.993667863634948e-05 1.0364941607231117e-05 3.259773931924884e-06 1.5711700556513823e-06 4.2604906345409836e-07 1.8338760604980546e-07 4.9237841958600824e-08 2.2818470720912108e-07 0.0 0.0 5.708637756555884e-06 3.4469643576264284e-07 1.0984678957299491e-07 6.716487382777978e-08 4.949626414990147e-07 2.9260248713477897e-06 9.71602918411334e-06 1.1355822925263104e-06 2.2489478199012373e-07 5.206018608474569e-07 1.7910636794278276e-06 6.121096464223344e-06 1.3512711913754218e-06 8.57910109734971e-07 3.348531173169741e-07 8.92913564459594e-06 6.683107146127558e-08 4.735152227136653e-06 1.1465706341729646e-07 1.0439639177892078e-07 0.0 6.316199067790013e-08 2.289509757840356e-07 1.9926864973970551e-07 0.00017100116985803543 4.347612905974022e-06 1.855298029134769e-06 2.0776693856099516e-06 1.541392900622127e-06 1.700028240687193e-06 9.341136518452472e-07 3.2690248710977305e-07 1.0317566576531753e-06 7.1736765481111e-05 2.814874268136656e-07 7.102482223546162e-06 2.4275191852013524e-07 8.38054173105923e-08 4.655756466114271e-08 9.381207330550445e-08 4.922714398119283e-08 2.519689335953108e-07 7.391400985272141e-08 7.838947898475194e-07 4.073823051259109e-07 3.348683529726301e-07 2.2331000022046624e-07 2.0543180735396916e-07 4.725574636449926e-07 0.0006268997342390719 1.3090149579624669e-05 1.2359165377566944e-06 7.9468793821723e-06 4.509532801986621e-05 6.181673416960861e-08 2.422695524734527e-06 2.204528478097608e-06 7.995883783697955e-07 1.6836212555603578e-06 1.2247472597275915e-06 3.5245429341688835e-06 1.472945363831119e-06 3.778701929586308e-06 7.270088218606133e-06 9.884236133808982e-07 2.2272007657684996e-06 7.530177723647648e-06 3.287789614031164e-06 3.037624421690201e-06 0.0 0.0 7.358641495458972e-08 0.0 0.0 0.0 0.0 1.2508537443710078e-07 0.0 0.0 8.914440614152737e-08 7.867250133547759e-08 1.9984030286052987e-07 2.365623555806821e-07 6.388779184197747e-07 0.0 1.474784731991712e-06 7.318388138508403e-07 1.0807387339905266e-06 5.763769618035739e-07 1.1959991435225645e-06 0.0 0.0 7.683352467934886e-08 7.243342878864767e-06 6.687691333219148e-07 4.5533898929085645e-06 4.414512896371765e-06 2.9949977552436534e-06 0.0 7.618940078035149e-08 0.0 0.0 0.0 0.0 0.0 0.0 1.2758617288077837e-07 0.0 1.2556453816594277e-07 9.302140409693409e-08 2.146510620233568e-06 8.672004068987755e-08 0.0 0.0 0.0 9.085944097474053e-08 1.4528872646739718e-07 5.578143625305555e-07 8.049076127345115e-08 0.0 7.175701501651733e-06 0.0 0.0 0.0 0.0 0.0 0.0 0.0 0.0 0.0 2.295652041662987e-05 2.409323236934464e-07 0.0 0.0 0.0 1.3050620892720463e-06 6.079790747989859e-08 4.6388008322915754e-07 5.719092496485484e-08 5.200309459248091e-08 0.0 6.6429034111886e-08 0.0 0.0 0.0 0.0 0.0 0.0 0.0 0.0 0.0 1.6617259434039393e-05 8.439375521962088e-06 1.0532590097034689e-05
