0.0 0.0010308742662401994 0.00017734246607584565 0.0008862793254651668 6.059314766142848e-05 2.6120492833605747e-05 0.00019361093671792774 3.073611143161086e-05 7.225626093451955e-06 0.0008008588079840769 2.6801125702359783e-05 7.583628796772564e-05 0.00010481938300994028 8.866425844780709e-05 4.3833795942056626e-07 2.8312728724137954e-07 5.099919472575156e-07 1.2547391371292064e-07 0.0 0.0 0.0 0.0 5.5163520272718546e-08 0.0 0.0 0.0 0.0 0.0 0.0 0.0 0.0006409439450191837 4.173175926772134e-07 3.0302401426152444e-06 5.729788870688153e-08 1.0397762029701737e-07 0.0 1.8317261734179097e-06 9.290116270609791e-08 0.0 0.0 0.0 0.0 0.0 0.0 0.0 1.3396103447136085e-07 7.826804690543829e-05 2.3380809966535404e-05 9.769376516037283e-07 3.789441853411281e-07 1.261025001652466e-06 0.0 0.0 0.0 5.939629486726078e-06 2.8758320854155064e-06 0.00018821266887623396 0.0006362812307354523 0.00011646737558839033 2.833959544494077e-05 0.0 2.0936185951544312e-07 0.0 8.578830110048485e-07 1.210726994965789e-05 1.4232923064157155e-05 1.9922382700391874e-06 1.5674380470889927e-06 1.0903225381635902e-07 0.0 1.7483187322704204e-06 2.730028085520425e-07 6.599632102383236e-08 0.00011297231590522985 6.7076718563581295e-06 2.378841578467826e-05 2.948830860435778e-06 2.4220743509856325e-07 1.869662581419832e-07 4.252914737913233e-06 5.4453000972514e-08 3.8192226435698206e-07 5.859254562021582e-05 2.1911590070769224e-06 1.969800551709799e-05 5.887329610394438e-06 6.486250533411946e-06 2.2354994958586142e-07 3.4337743523949573e-06 0.0 2.9809869522584548e-06 4.706785130310759e-07 6.749026061490806e-07 3.3943681464159115e-07 4.461408794489807e-07 0.00023610703822991424 6.490589002418508e-07 0.0 0.0 0.0006617670108248385 1.4716106263902677e-07 3.46084712104225e-06 7.267248859069653e-06 2.9850548180726236e-06 1.0078414141044847e-06 2.1376223887776418e-05 5.723837232689783e-06 1.3806429818292862e-05 9.625726910835177e-06 1.2261402564911605e-05 7.323704162374081e-07 1.4404506600939185e-05 8.590480297982017e-06 7.08120700086516e-06 1.082377430248874e-06 0.0 0.0 0.0 0.0 0.0 0.0 0.0 0.0 0.0 0.0 0.0 0.0 0.0 0.0 0.0 0.0 0.0 0.0 0.0 3.2994512999544185e-06 2.3618951293610548e-07 0.0 0.0 0.0 6.624787130988963e-06 0.0 5.217811880285845e-06 0.0 7.030211057569374e-07 0.0 0.0 0.0 0.0 0.0 0.0 0.0 0.0 0.0 0.0 0.0 0.0 0.0 0.0 0.0 0.0 0.0 9.507443916226648e-08 0.0 3.3407119220464523e-07 0.0 0.0 0.0 0.0 0.0 0.0 0.0 0.0 0.0 0.0 0.0 0.0 1.8000912713793953e-06 0.0 0.0 1.7099819246487173e-07 0.0 0.0 4.865732440647497e-07 0.0 0.0 0.0 8.954189904124176e-08 0.0 0.0 0.0 1.3844334774396148e-07 0.0 0.0 6.865121765608176e-08 0.0 0.0 0.0 5.086605265274773e-06 6.336387002721436e-07 2.352965880769088e-06
0.0010308742662401994 0.0 0.001212109848662603 0.001255272749162595 0.001152553066428519 5.337745487726445e-05 0.0032613916789198598 0.0004209616453113956 0.000793173906224088 0.0021811834812233114 0.000323013919479923 0.0002525145728261123 0.001902206574815581 0.0021871681069706647 2.2004584526770246e-05 8.820067128759052e-06 1.0034610720113145e-06 4.285819890046866e-07 0.0 5.401699739783187e-07 1.8200067797175473e-06 1.0222087263941775e-07 8.085031293290418e-07 1.9118849565026304e-07 4.989282336494772e-07 0.0 3.9407480860243705e-07 2.822043312034255e-07 1.0889418997756792e-07 7.554614218423277e-08 0.0016954364641885268 1.8352725471465413e-05 3.5833522338803965e-05 0.0 4.559349321115447e-07 1.3352018151903216e-07 4.2764653343266294e-05 9.263190055351087e-07 2.923566689443885e-07 3.316792543066977e-07 1.6884479739465287e-06 2.914612725541428e-07 3.019893680066462e-06 2.933221065349779e-07 6.849725160598817e-08 2.2820542939204752e-07 0.00032419014077025805 4.201510213061251e-05 1.2865438639672577e-06 4.1295484297875154e-07 3.229876392237874e-06 0.0 3.1865207395231783e-07 3.099987888486883e-07 6.978348407539379e-06 4.97762336926572e-06 6.20152961763057e-05 0.00045876464400783026 0.00015078996177935166 7.212636573764231e-05 1.048142997157395e-07 1.226601494987003e-06 2.4248252934972e-07 4.95908061050516e-05 1.9374097581219104e-05 2.4470818140243684e-05 2.9761179443389483e-06 6.980979868571435e-06 1.099779930437161e-05 5.82628761291935e-06 9.396067368368008e-06 7.016390678971661e-06 0.0 0.00022568738388233726 8.89831841238201e-05 0.00019000664997041147 2.998461188176677e-05 3.9573444218480565e-06 3.4175636150135114e-06 4.73336446681451e-05 1.2065434124349136e-07 9.579370709323513e-06 8.439777711474911e-05 3.3651600097116988e-06 3.321197605782643e-05 1.1808542979456376e-05 1.1366644460356399e-05 1.0298290921274598e-06 5.925450774759015e-06 2.0612124189659107e-07 4.610750111627921e-06 3.5443209284484495e-07 7.074976192859077e-06 1.0213978295160395e-06 1.6770526801579063e-06 3.143605292662021e-05 6.926605905404078e-07 0.0 4.1246008283396313e-07 0.00045556207444083773 7.419683496757334e-07 3.669332335545063e-06 1.4856611263561587e-05 9.615695976553717e-06 4.802735799183447e-06 0.0001266041996815577 1.7762613431835886e-05 6.082715929095136e-05 9.385735870703104e-05 3.0167088732694946e-05 2.3340328422411625e-06 5.7246438620962746e-05 2.6512465276189538e-05 3.904255813703465e-05 1.544722409487611e-05 0.0 0.0 0.0 0.0 0.0 0.0 0.0 2.6369443733482906e-07 0.0 0.0 0.0 0.0 0.0 3.720025296563496e-07 0.0 1.0248933171343221e-07 0.0 0.0 0.0 5.2653151320096135e-06 8.490789229086425e-07 0.0 0.0 0.0 2.772792074563663e-05 0.0 1.6959745885866487e-05 4.206525099744708e-06 2.3044836168674325e-06 2.5132626431953494e-07 0.0 0.0 0.0 0.0 0.0 0.0 0.0 1.659826118403991e-07 0.0 0.0 7.062981878754992e-08 1.0221796552395951e-07 9.516467563976392e-08 0.0 0.0 0.0 1.5134687428036008e-07 1.0990977048071726e-06 1.2805209388619183e-06 6.310781883103794e-07 9.73186936632952e-08 0.0 0.0 0.0 0.0 0.0 0.0 0.0 0.0 0.0 0.0 1.8068270772126123e-05 1.3850309234699594e-06 0.0 5.987046374906896e-08 0.0 8.091715968661061e-07 3.70463187875713e-07 0.0 2.640739849204752e-07 4.35865945461939e-07 1.4157960088368037e-06 0.0 7.951692869265771e-08 0.0 0.0 1.4125510788357188e-07 6.860265627228036e-08 2.3819591999914968e-07 1.9082403898788452e-07 8.290700198645714e-08 0.0 1.725834023461978e-05 1.1585103703079942e-05 1.8811369226718048e-05
0.00017734246607584565 0.001212109848662603 0.0 0.00025168155457644414 0.0007176094011388228 2.132928948417977e-06 6.31735406083275e-05 0.0032459013214168994 0.0003460890584929481 0.0001379783613871432 0.0009013361585641231 6.0522612758511914e-05 0.0007112125949229202 0.0019659868930437608 1.314107421794154e-05 9.177620517103385e-06 7.608114801046523e-07 2.9414518480637735e-06 5.070136895651301e-07 1.785455505810603e-05 2.246839909392045e-05 1.8796056406514666e-07 1.004001454069507e-05 1.5432379914240253e-06 2.7986332191186686e-06 2.1837653480584317e-07 1.0896076340447213e-06 9.286147575099695e-07 7.059104839476452e-07 8.395109878112249e-07 0.003045845520571101 0.0003061969923340708 0.00012274642925201522 3.5123546200767867e-06 3.2860453494987593e-06 2.083987741772453e-06 6.199838918960108e-05 5.331976004174103e-06 1.2413110018090696e-06 1.7496958116149873e-06 9.054730913134584e-06 2.0204440845217973e-06 4.0783948976542305e-05 1.1209806735535998e-06 2.0259623836403524e-06 1.1519983882195872e-06 0.00011102393858030733 1.3171975174737842e-05 9.996016444438664e-07 6.686137591764736e-06 4.2589133823266714e-06 4.22772804492867e-07 2.516989449314574e-07 5.331640720077312e-07 1.4833019582169952e-06 1.0636085616497186e-06 3.2576173869674586e-05 0.0003099739723493315 6.341355950219918e-05 2.2026219130308803e-05 1.4244380170367486e-05 1.3185109672080308e-05 2.1589636547082725e-06 0.0002155017688253419 4.3984928375524625e-06 1.338541496873146e-05 7.820678558493536e-06 2.137027673117863e-05 8.023268591469925e-05 5.818054188207237e-05 6.604432459881887e-06 2.992915387842468e-06 8.748162341850132e-08 0.00010408315452794036 7.446913740275474e-05 8.863938916643708e-05 2.134894145429217e-05 4.6752897891306236e-06 4.284069549150194e-05 0.0004993420449180459 9.423360300305768e-06 0.00018846073404756996 2.077557184028175e-05 1.1683478848295686e-06 9.290969755280665e-06 5.248416118141586e-06 6.716489736350931e-06 1.1820825952740724e-07 1.9504592686965413e-06 5.294243383999988e-07 2.441661002753031e-06 8.963324765942027e-07 3.662755400191274e-05 3.155828452770177e-06 2.6759407581423413e-06 4.2362598589654594e-06 4.1470212560927774e-07 0.0 5.625806759332371e-07 0.00012774805964834278 8.30979057876145e-08 2.952279959763209e-07 3.3466071948427816e-06 9.024197204217825e-07 1.3676157758807006e-06 7.151725537977264e-06 1.6358800248685097e-06 7.150203247732646e-06 8.955666636682359e-06 5.10384826044049e-06 3.480636797640375e-07 8.831747397128117e-06 5.761189320142781e-06 5.037049309949922e-06 5.168854510657864e-06 6.449136723186427e-08 0.0 0.0 0.0 0.0 0.0 0.0 0.0 0.0 0.0 0.0 0.0 0.0 2.5836189903078123e-07 0.0 3.089328432945886e-07 0.0 0.0 1.2377369544660777e-07 7.626870428265966e-07 1.1219096514735747e-07 0.0 0.0 0.0 4.288929383237082e-06 0.0 3.066500207398737e-06 1.2881554441866657e-06 0.0 1.0387025018887883e-07 0.0 0.0 0.0 0.0 0.0 0.0 0.0 0.0 0.0 0.0 0.0 9.513904280113841e-08 5.876593661981582e-07 0.0 0.0 0.0 0.0 0.0 2.7769515850195614e-07 2.0566099529695272e-07 0.0 0.0 2.806011970719519e-07 0.0 0.0 0.0 0.0 0.0 0.0 0.0 1.7114493418817865e-07 5.410118364651825e-06 1.1684862770468502e-07 0.0 1.5110663644013003e-07 1.289834201952818e-07 0.0 0.0 0.0 0.0 0.0 0.0 0.0 0.0 0.0 0.0 6.756937954887048e-08 0.0 1.2908401991160559e-07 2.68016661264311e-07 9.415483451655172e-08 0.0 1.9894298661209123e-06 3.940439458534439e-06 5.679527852940952e-06
0.0008862793254651668 0.001255272749162595 0.00025168155457644414 0.0 2.5497058823298293e-05 0.00041926779862122104 0.0003155798138606427 6.41534079610689e-06 1.6872664517194906e-05 0.002735539773597657 4.201289201298719e-06 0.00015732839980155697 0.00036170043803413724 0.00012871009796138245 8.590384879885104e-07 6.140802745676244e-07 3.608021091853403e-07 0.0 0.0 2.6516318739824116e-07 0.0 0.0 0.0 0.0 0.0 0.0 0.0 0.0 0.0 0.0 9.522146675836559e-05 2.0626783874703467e-07 8.474287920202914e-08 0.0 6.246563895794203e-08 0.0 2.474891655236082e-06 2.257179478407079e-07 3.171208643684117e-07 0.0 1.0277760939515566e-07 0.0 0.0 0.0 0.0 0.0 6.448483350435908e-05 1.4471033195275717e-05 8.235669323966695e-07 0.0 4.954787866271736e-07 0.0 0.0 0.0 3.652485200649408e-06 1.7819482921827593e-06 4.514178109604266e-05 0.0001225499814754388 4.599548062303018e-05 1.7343016057002448e-05 0.0 0.0 0.0 1.8465683789537272e-06 6.940262186509449e-06 7.762593140901378e-06 7.368851955186897e-07 8.108481284192575e-07 3.9101313311532347e-07 0.0 3.1402151034699303e-06 1.8118602502317935e-06 0.0 6.139071550211377e-05 7.19076525907384e-06 2.21996062086833e-05 2.364268547677968e-06 1.321887612719034e-07 0.0 2.7958765299835205e-06 0.0 0.0 3.319378542994503e-05 1.2482233980045434e-06 1.031364005627573e-05 3.303684654040414e-06 3.585817707795062e-06 0.0 1.068241137056206e-06 7.30354520001813e-08 1.2708741446358738e-06 1.6504289884124864e-07 0.0 0.0 3.516922717400884e-07 0.0002240599139783003 3.8710709028953837e-07 0.0 6.464787000579547e-07 0.0005552068445770088 1.398535797945823e-06 1.0962769355070985e-05 9.415604563437312e-05 6.742288021718033e-05 9.046284231221406e-07 8.75642220827436e-05 2.5304007552370828e-05 1.4156681575690612e-05 6.026674555087197e-05 8.20513443578483e-05 0.0 2.2470195802342862e-05 2.1725768284102386e-05 1.1719269578121914e-05 3.486157245706404e-06 0.0 0.0 0.0 0.0 0.0 0.0 0.0 0.0 0.0 0.0 0.0 0.0 0.0 0.0 0.0 0.0 0.0 0.0 0.0 7.294667584114669e-07 1.1304275963482443e-07 0.0 0.0 0.0 6.138640624430555e-06 0.0 2.3055156042223585e-06 1.8097926295548806e-06 8.264135344599203e-07 0.0 0.0 0.0 0.0 0.0 0.0 0.0 6.37017309293355e-07 8.749647578445396e-07 5.892027161280146e-08 5.324915576886839e-08 9.219120841006056e-08 0.0 0.0 1.1944358560426303e-07 7.053879033839946e-08 5.96299216758258e-08 1.1114132696566814e-06 1.071808288450902e-06 1.6103910836290992e-06 0.0 0.0 0.0 9.03630963799651e-08 2.417884965813669e-07 0.0 0.0 0.0 0.0 0.0 0.0 0.0 1.7530774967699977e-06 8.350651100637618e-07 0.0 0.0 0.0 0.0 0.0 0.0 7.176170902032673e-07 2.4086050379686305e-07 5.876919819087981e-07 1.1117127266943616e-07 0.0 0.0 0.0 0.0 0.0 8.446516758114081e-08 1.6235124313446693e-07 0.0 0.0 5.355173288511591e-06 3.6712687303823365e-06 3.757555181652613e-06
6.059314766142848e-05 0.001152553066428519 0.0007176094011388228 2.5497058823298293e-05 0.0 7.879369713672915e-06 0.0008989205730059093 0.0005368439421683902 0.002051378779233256 0.0004668057505346786 0.0005593604118699711 8.700937329084476e-05 0.0009396688788829021 0.0018658951736617092 1.002965401099125e-05 4.5412265854869194e-06 0.0 1.800126069841177e-07 0.0 7.75034035429266e-08 0.0 0.0 0.0 0.0 1.2236100152312876e-07 0.0 0.0 0.0 0.0 0.0 0.00011624177926614751 3.1488907859182366e-06 2.2645681489699742e-06 8.015310889757192e-08 0.0 0.0 7.107023180928348e-06 0.0 0.0 0.0 0.0 2.0826733537449615e-07 2.858890469267457e-07 1.901013793417296e-07 0.0 9.510677478537054e-08 9.511937442658878e-05 7.291175921139981e-06 2.4372531637903933e-07 1.2391563704904171e-07 2.0820567748384605e-07 1.1482065873047598e-07 0.0 0.0 1.0514164526252774e-06 3.3139077863206104e-07 8.979465008188156e-06 4.669557506997957e-05 2.3276419685545277e-05 1.5429487802781523e-05 8.810288654758399e-08 8.165624694965246e-08 5.701025812394784e-08 1.3782668973687773e-05 3.632723474855722e-06 3.948990120530753e-06 5.4232886938825e-07 1.1292090803526345e-06 1.0774253135967483e-06 5.565346146316176e-07 5.532360275852169e-06 5.810635085167752e-06 0.0 4.190431834456163e-05 2.627455104698592e-05 6.386305067285368e-05 1.2367410766723463e-05 9.81887788326721e-07 2.4642248691281985e-07 5.684145100798495e-06 1.5256378701628168e-07 2.5847483322269227e-06 1.2298378065014462e-05 4.050487976170953e-07 5.4643360196577954e-06 1.365503355685338e-06 2.0326936356365647e-06 6.751230929889377e-08 1.0740366842024871e-06 0.0 4.5925577066393985e-07 0.0 1.4001461129422246e-06 0.0 1.3034481946693713e-07 1.585975464869991e-05 6.494588942176137e-07 0.0 1.398627927428735e-07 2.4878122110946603e-05 1.1693327885038996e-06 2.393849770638121e-06 1.1607167927094824e-05 4.815071897346791e-06 5.104306898951345e-06 2.4965026966521463e-05 9.809955984558515e-06 3.7111501995162186e-05 1.8464832738730506e-05 1.946568907875306e-05 4.200010138104412e-06 4.2389739718977014e-05 2.1066064541162357e-05 2.429037013718509e-05 1.310004904322705e-05 0.0 0.0 2.806580258671563e-07 0.0 0.0 0.0 0.0 0.0 0.0 0.0 0.0 0.0 0.0 0.0 0.0 0.0 0.0 0.0 0.0 2.4115092946024066e-06 4.1017506110918224e-07 0.0 0.0 0.0 2.1359293108118553e-05 0.0 1.0970095469531477e-05 5.071348047276356e-06 6.130020920856655e-07 0.0 0.0 0.0 0.0 1.2834661703705512e-07 8.167331104131921e-07 0.0 0.0 1.3767086632009384e-07 0.0 0.0 0.0 0.0 7.486277205862365e-08 0.0 0.0 0.0 5.76672082683738e-08 2.3662032619900264e-07 1.8936840957679824e-07 0.0 0.0 1.1823019327892136e-07 0.0 0.0 0.0 0.0 0.0 0.0 0.0 0.0 0.0 1.7165394649064678e-05 2.936174636706247e-07 0.0 9.371582144958789e-08 0.0 0.0 6.435594973737741e-07 3.7224257433276184e-07 6.638467205047593e-08 9.022221234943374e-08 0.0 0.0 0.0 0.0 0.0 8.28480097564931e-08 0.0 6.745229812979075e-08 0.0 0.0 0.0 1.3437084232805235e-05 1.1020674174151668e-05 1.2061162639725504e-05
2.6120492833605747e-05 5.337745487726445e-05 2.132928948417977e-06 0.00041926779862122104 7.879369713672915e-06 0.0 3.884668483448155e-05 3.6345842557165073e-06 3.0475318198921493e-06 0.0007624119139025347 2.213672129317148e-06 0.00021501199212837685 0.00012755951335363279 2.141456398884122e-05 3.0817477189153075e-07 6.221730755374502e-07 0.0 0.0 0.0 0.0 0.0 3.3851099495003786e-07 0.0 0.0 0.0 0.0 0.0 1.0734246639620875e-07 8.502593180248038e-08 0.0 3.447660237672387e-06 0.0 3.3629782726803095e-06 0.0 7.576975344884353e-08 0.0 1.7816504654477017e-05 4.5128242702815306e-07 2.7339004792091446e-06 0.0 0.0 0.0 1.723476735289672e-07 0.0 0.0 0.0 2.4562071026434075e-06 7.80960156487302e-08 0.0 0.0 1.5631619699955897e-07 3.89487131227946e-06 1.6311244379137355e-06 0.0 0.0 9.757096560937586e-08 9.757257504064781e-05 7.886295196717048e-06 5.643270183388801e-06 1.342317390747575e-07 0.0 0.0 0.0 0.0 8.190423065897742e-08 1.51557191045209e-07 7.263878044208488e-08 0.0 1.1565851644848684e-07 0.0 0.00013754536522823173 0.00013306578053460166 2.1549464364471385e-05 1.921910187622369e-06 0.0 6.472384761317049e-07 1.0193525096018943e-07 0.0 0.0 5.3937463837734494e-06 0.0 8.887790807565605e-08 5.970061963315007e-07 6.472559057858968e-06 1.4113066209393756e-07 4.265501195700861e-06 0.0 5.495134807281755e-06 1.1684662749335148e-06 3.6698224404418417e-06 1.0736428424943218e-07 0.0 8.407671514349292e-08 0.0 6.789341185327348e-08 0.0002179991990714676 5.588428549370469e-05 5.014695200164532e-05 5.649958195664392e-06 0.00021517281496280277 1.0464136980783081e-07 1.1808866021796217e-06 2.6618841208790494e-06 3.0104968301624935e-07 1.1007234439344267e-07 9.181494229135162e-06 3.0451172142201797e-06 6.9808584651119286e-06 4.658373419493564e-06 5.724162897228446e-06 5.964103245862713e-07 2.9410714264118516e-06 5.380111017480453e-06 3.1403743766959187e-06 8.701745559336109e-07 0.0 0.0 0.0 0.0 0.0 0.0 2.162929249939094e-07 8.190735122045438e-07 1.1322378310670001e-07 0.0 1.3059641920293175e-06 6.63836193076688e-07 4.872061598011427e-07 6.680637570772446e-07 1.3102323300898083e-06 1.4396175696589318e-06 1.7577337057695962e-06 2.265125658380984e-06 1.1827499328028024e-06 1.5074636467186467e-06 7.861516272551915e-08 0.0 0.0 4.0784308126028786e-07 9.078681715038126e-07 0.0 1.2000975261758717e-06 4.520032950798977e-06 2.0994688269775393e-06 4.5990087503723767e-07 2.0058368434539831e-07 0.0 0.0 0.0 0.0 3.484742204842538e-07 0.0 6.773499820627442e-08 0.0 0.0 5.864539950003517e-07 3.487436453773574e-06 1.6208928788619865e-06 0.0 0.0 0.0 0.0 1.2949684962306316e-07 3.3851933962696794e-07 0.0 0.0 0.0 2.08541357566464e-07 0.0 0.0 0.0 0.0 0.0 0.0 0.0 5.090219799753982e-07 1.9558414549308653e-06 4.409425619895683e-06 2.8617056387484517e-07 7.291606517093586e-07 2.8350468587955236e-07 0.0 0.0 0.0 0.0 0.0 0.0 0.0 0.0 0.0 0.0 0.0 0.0 0.0 0.0 2.0420338112763825e-07 2.1215007298566053e-07 2.475558901011998e-06 3.151103907240927e-06 5.130186542986882e-06
0.00019361093671792774 0.0032613916789198598 6.31735406083275e-05 0.0003155798138606427 0.0008989205730059093 3.884668483448155e-05 0.0 1.0125377939345478e-05 0.0005615822113234614 0.0021576559227679064 3.0165952272689146e-05 0.00027376049519209155 0.0036266724115866984 0.0014809610081880965 8.263210809447039e-06 3.183043042292517e-06 4.616130308274922e-07 7.895511655760647e-08 0.0 3.278822186524072e-07 2.7591064837463945e-07 0.0 5.532951559956725e-08 0.0 1.5643166067166438e-07 8.643275354589751e-08 0.0 9.305512392709612e-08 0.0 0.0 9.705518909633513e-05 2.3967818380325685e-06 4.972855105935402e-07 0.0 1.7650108193986022e-07 0.0 5.946107351255161e-06 9.081976461987825e-08 0.0 0.0 1.8129529200000898e-07 0.0 2.573797334535681e-07 0.0 0.0 0.0 0.00012654727165327097 1.3286093417390271e-05 2.8665498009718904e-07 5.47249799741988e-07 3.993712977089831e-07 0.0 0.0 1.6330986687138254e-07 2.3524588836964406e-06 2.3627095611370585e-06 1.4448908337138419e-05 7.865100481277545e-05 4.706156509571855e-05 2.120383562087114e-05 0.0 0.0 0.0 8.523605892875108e-06 7.777801541573937e-06 1.008462640532442e-05 1.5126230812673498e-06 1.0847092652249053e-06 5.507928732667919e-07 1.5070579254356853e-07 5.524019133819956e-06 6.001561206404263e-06 5.364150528654096e-08 6.908487667112139e-05 2.4381880254802594e-05 6.3729596282931e-05 8.140393110709422e-06 1.2872271761437214e-06 0.0 1.2544580596287924e-06 2.450633428287377e-07 9.005591761866743e-07 3.057743031067328e-05 1.195818875174596e-06 1.252556014630334e-05 4.422939181914253e-06 2.844092237474767e-06 7.339111487975332e-08 2.091924823730539e-06 6.977055368942853e-08 1.4127090047440777e-06 1.9008074944598586e-07 3.758532696810911e-07 9.550686534304253e-08 1.2466395850839478e-07 4.782690506007736e-05 2.4304521844850416e-06 0.0 1.0705581129055507e-07 5.376024596832854e-05 8.108882485442205e-07 5.278727587256838e-06 1.3045990617985214e-05 1.2439249061817195e-05 3.5730398246639675e-06 4.827096276916209e-05 1.8586687873189322e-05 9.319916734503177e-05 5.31402532245557e-05 3.886700292519063e-05 1.585853348636e-06 6.119265012343594e-05 2.9438939124553563e-05 2.9903955856382203e-05 1.0262280018499722e-05 1.1661527615456039e-07 0.0 0.0 0.0 0.0 0.0 0.0 0.0 0.0 0.0 0.0 0.0 0.0 8.887301137287414e-08 0.0 0.0 0.0 0.0 0.0 1.3412158112981821e-06 3.606589071889951e-07 0.0 0.0 0.0 1.6165746432824335e-05 0.0 8.107394641135396e-06 2.5896493715365198e-06 0.0 0.0 1.3371196421556062e-07 0.0 0.0 0.0 0.0 0.0 5.458011773483934e-07 7.101879276750602e-07 0.0 0.0 0.0 0.0 0.0 0.0 0.0 1.2088328865856954e-07 3.04157857863409e-07 4.235072423028138e-07 8.669530856782006e-07 0.0 0.0 0.0 0.0 6.901947481657604e-08 0.0 0.0 0.0 0.0 0.0 0.0 0.0 1.427984794477759e-05 8.536723295219699e-07 0.0 1.7739125807792924e-07 0.0 1.387918442458921e-07 0.0 0.0 4.073368954756751e-07 2.535269120886895e-07 3.365781543270126e-07 0.0 0.0 0.0 9.833046642468561e-08 0.0 0.0 0.0 0.0 0.0 0.0 1.2407178618831338e-05 9.049086936807055e-06 9.656843790976137e-06
3.073611143161086e-05 0.0004209616453113956 0.0032459013214168994 6.41534079610689e-06 0.0005368439421683902 3.6345842557165073e-06 1.0125377939345478e-05 0.0 0.00035903515983181516 8.513336570296975e-06 0.0016235386682210405 1.1847843476536116e-05 0.00016953319749159085 0.0016078671767323558 3.487213634480617e-05 2.9812408289129514e-05 3.1958682457298833e-06 6.63112187078723e-06 6.07198446546322e-07 2.6828458030058178e-05 3.27091418634458e-05 9.815037013913561e-08 1.177877066918944e-05 2.4663554467224375e-06 7.3178402207490035e-06 3.198567883931436e-07 3.843330873984889e-06 4.850002386597615e-07 5.933352725047733e-07 1.6241609692048287e-06 0.0014028229425291873 0.0012417743739827863 7.683683913306155e-05 6.058000110100559e-06 5.025028884926765e-06 3.7429230176232034e-06 2.4875887891305914e-05 8.778150821745599e-06 2.9392822755238117e-06 3.492866592925674e-06 1.4013714312016784e-05 2.7642458727199027e-06 4.8793820687080724e-05 2.414373754177706e-05 5.6883981672521e-06 9.554216356791153e-06 0.0001670990822353883 7.559710908534854e-06 2.1003382235179055e-06 1.1235509011724907e-05 7.010991098335543e-06 5.669136928910402e-07 8.685659359497112e-08 8.242527267281923e-07 1.2377339411105194e-06 9.076964826734331e-07 1.7522922858505353e-05 0.0001577572196621451 3.526601270656036e-05 2.3761959966777814e-05 5.704006756512966e-05 1.7799960376302233e-05 5.583767329701436e-06 0.00034916287307044724 2.942733939100925e-06 1.437332903355576e-05 1.1239268298340102e-05 2.7311826541512333e-05 9.753345558152722e-05 8.162881369868834e-05 2.6739227371047506e-06 2.619334767743626e-06 0.0 7.743243687058623e-05 8.899929894570778e-05 0.00013990903014863719 0.00018198525041224355 0.00042717276271460336 0.0004234879544851308 0.0011694733319914494 0.00011326248055599863 0.0006774848960564233 1.3868929396133599e-05 4.792590381536258e-07 5.122208191579117e-06 5.346743440825136e-06 8.529450783718656e-06 1.409910089998353e-06 1.7375552338680468e-06 0.0 1.2334103167433585e-06 5.348302065183886e-07 5.965924633377401e-05 4.496025967199022e-06 3.5034765260928757e-06 3.2978380923298453e-06 2.160243500216042e-07 0.0 2.976768206186182e-07 5.372561923883944e-05 0.0 0.0 2.4677035080324715e-07 1.6053774394719004e-07 4.0906151033217933e-07 1.5091246817045143e-06 0.0 1.2320323923070882e-06 3.6652308061065425e-07 2.9857758213390403e-07 0.0 1.674201533915841e-06 2.9540278991507163e-07 4.276025904991638e-07 5.258645513758575e-07 0.0 1.614468115066424e-07 0.0 0.0 0.0 0.0 0.0 0.0 0.0 4.424458198032159e-07 5.289028733573959e-07 0.0 0.0 0.0 0.0 1.865601650186723e-07 0.0 0.0 0.0 0.0 0.0 0.0 0.0 0.0 1.5571953135103826e-06 0.0 1.1514497884896755e-06 3.5650926547254966e-07 2.353277705120205e-07 9.655467184882924e-07 8.291070493684485e-07 0.0 0.0 0.0 0.0 0.0 0.0 0.0 0.0 0.0 6.730192009761321e-07 0.0 1.1484900938401835e-06 0.0 0.0 0.0 0.0 0.0 0.0 0.0 0.0 0.0 0.0 0.0 0.0 0.0 0.0 0.0 2.6450175585324157e-07 0.0 0.0 4.779317226376259e-07 0.0 0.0 1.5016667232801637e-07 7.978897095549285e-08 0.0 0.0 0.0 0.0 0.0 0.0 0.0 0.0 0.0 0.0 0.0 0.0 1.4183021451838496e-07 2.7503976447287583e-07 0.0 0.0 1.1283865308671866e-07 7.658807554413855e-07 1.3198573885572518e-06
7.225626093451955e-06 0.000793173906224088 0.0003460890584929481 1.6872664517194906e-05 0.002051378779233256 3.0475318198921493e-06 0.0005615822113234614 0.00035903515983181516 0.0 0.00015197022135729135 0.0005082954613024908 4.473305535754591e-05 0.0004931394097630393 0.0011212342107323455 7.030398030486838e-06 4.410573109555478e-06 0.0 0.0 0.0 0.0 0.0 0.0 0.0 0.0 0.0 1.5868616251322878e-07 0.0 0.0 0.0 0.0 1.4095659097419312e-05 2.9486850458987965e-06 4.115732889943443e-06 0.0 2.1334227041109127e-07 0.0 7.462693758078474e-06 0.0 2.5629420591743635e-07 1.3472630605572813e-07 0.0 9.50776939725969e-08 2.5122059405299327e-07 0.0 0.0 0.0 4.1309622899375445e-05 1.3240001681290693e-06 0.0 3.410309087063905e-07 1.7193962462200083e-07 0.0 0.0 0.0 3.708375779874232e-07 2.9086141680517067e-07 1.2231712146445234e-06 6.691113824919523e-06 5.453443888640037e-06 6.399303799921388e-06 0.0 9.803536040200207e-08 0.0 4.304134992692471e-06 8.477457593580573e-07 1.2548911522247402e-06 3.0541690445709385e-07 1.3909798958076444e-07 2.1177135600443106e-07 1.0892874698457699e-07 3.146047269646976e-06 2.7830452080822253e-06 0.0 1.151926490232045e-05 1.0860855868843971e-05 2.6716495118943243e-05 6.66675442359213e-06 2.4950096330589843e-06 8.783271797378176e-08 2.4697879194742495e-06 0.0 9.629669191193182e-07 2.181124866276088e-06 0.0 1.1839670628480189e-06 3.800330787567855e-07 5.760326090357299e-07 0.0 1.3732821785274784e-07 0.0 0.0 0.0 3.826060739302767e-07 0.0 0.0 1.385327274433449e-05 6.536020746043528e-07 0.0 0.0 4.390809316908942e-06 5.668593414217994e-07 1.8139617373550668e-06 8.486662931217364e-06 3.1946319055429836e-06 3.735329202256681e-06 1.2411446732746351e-05 4.432630109243576e-06 2.3507437290379143e-05 1.4438188421322442e-05 1.2486316497335185e-05 1.931106349977807e-06 2.3238278519067364e-05 1.807758061138835e-05 1.4934896932275752e-05 6.260855236754345e-06 0.0 0.0 0.0 0.0 0.0 0.0 0.0 0.0 0.0 0.0 9.542893340074063e-08 0.0 0.0 0.0 0.0 0.0 0.0 0.0 0.0 1.1443083482972154e-06 1.0983006964075365e-06 0.0 0.0 0.0 1.3141177613704125e-05 3.86748616876417e-07 5.4450101969936074e-06 5.353821190077763e-07 3.8974551487722267e-07 0.0 0.0 0.0 0.0 0.0 7.388230632300741e-08 0.0 7.834353576489239e-08 7.418751964245872e-08 0.0 0.0 0.0 0.0 0.0 0.0 0.0 0.0 0.0 0.0 2.0487072348546326e-07 0.0 9.587111435431682e-08 0.0 0.0 0.0 0.0 0.0 0.0 0.0 0.0 0.0 0.0 1.006575652653583e-05 6.275829566341555e-07 0.0 0.0 0.0 7.249765688841948e-07 0.0 0.0 0.0 1.7811081261571254e-07 8.241794017429454e-08 0.0 6.632389305519706e-08 0.0 0.0 0.0 0.0 0.0 0.0 0.0 0.0 8.539574929200406e-06 5.862746761991685e-06 8.108257407327718e-06
0.0008008588079840769 0.0021811834812233114 0.0001379783613871432 0.002735539773597657 0.0004668057505346786 0.0007624119139025347 0.0021576559227679064 8.513336570296975e-06 0.00015197022135729135 0.0 1.1964504851235804e-05 0.002512130414940379 0.005460461232200951 0.00046613495869602767 9.94897280670303e-06 4.3995638198531124e-06 6.688914447202467e-07 0.0 0.0 1.5354282816874146e-07 8.921858144296474e-08 0.0 0.0 0.0 0.0 6.864382431095446e-08 0.0 2.2977164508883918e-07 8.749018057563105e-08 0.0 3.8643068367127093e-05 3.8068256794874793e-07 8.326257601067287e-07 0.0 0.0 0.0 2.318132841698538e-05 3.5311665207454584e-07 9.656372253951345e-08 7.666622189827816e-08 0.0 2.2655813318272352e-07 1.2189998709731448e-07 3.0604333471830335e-07 0.0 0.0 0.0001613377682618048 8.805125525951676e-06 7.596040227376131e-07 7.49150016233256e-07 3.4619192719839974e-07 0.0 0.0 0.0 2.9394073008048994e-06 1.2565440018938262e-06 2.7297133941353427e-05 3.424141255415235e-05 3.2964981646652696e-05 2.0707570913447472e-05 5.434800677933472e-08 1.8632232240978326e-07 0.0 9.28303841028797e-06 5.282473564884982e-06 6.114347782525696e-06 8.43091370927442e-07 8.796721794013395e-07 1.0099626667154173e-06 1.1443068029866728e-07 8.236548427471813e-05 2.582663873460009e-05 7.218794671528915e-07 4.475481665723259e-05 2.5686032019703818e-05 6.155313228573162e-05 9.83137495449814e-06 1.3803797705332926e-06 0.0 1.4660012312152257e-06 0.0 2.9886421792317593e-07 2.1133366243950676e-05 6.798683022175997e-07 7.150815620497009e-06 3.193988394771183e-06 3.256250463210614e-06 1.450765932481037e-07 1.7709297499335191e-06 3.865538642861895e-07 1.0214928419689331e-06 1.7044554112388084e-07 3.690701193961251e-07 9.351431295483183e-08 4.6143644046523574e-07 0.0002893774208238436 1.9603380430096037e-05 1.6619835554270974e-06 1.93999492792793e-07 0.00031832096726454177 4.093767589948762e-06 3.3931255477213147e-05 8.650733707068285e-05 4.1193891651920454e-05 1.828186109868297e-05 0.00017543640607085148 0.00010676377528320647 0.00020671051209449886 0.00013779348255862762 0.000164909186268567 1.3238772377095856e-05 0.00023725539484272714 0.00015092203919616989 0.00015153141249828664 5.207195420113239e-05 1.5748676007739312e-07 0.0 0.0 0.0 0.0 0.0 0.0 0.0 0.0 0.0 0.0 1.3649445037857952e-07 0.0 1.0842019494319582e-07 0.0 0.0 0.0 1.475216125631898e-07 0.0 1.1053602182394048e-05 1.7286928537607157e-06 0.0 0.0 0.0 9.188259449471645e-05 3.9981900797684455e-07 4.3183404472242926e-05 1.4532032175168573e-05 4.14016863444073e-06 3.254569455085984e-07 0.0 0.0 0.0 2.1597403084706053e-07 2.732071951876841e-07 0.0 3.8965744183448494e-07 1.2102377283999797e-06 0.0 0.0 8.926056559876917e-08 0.0 1.8188672097742836e-07 0.0 0.0 0.0 6.03093020027777e-07 1.3336688767902464e-06 7.165856466044891e-06 5.327741660123541e-07 0.0 1.2066282693000845e-06 0.0 0.0 0.0 0.0 0.0 1.8646642261788138e-07 1.6157214584983875e-07 0.0 0.0 7.742285886682483e-05 3.0085682536307467e-06 9.541945871547631e-08 0.0 8.799141170831664e-08 1.0337663550553015e-06 4.2294844352332065e-07 2.1998161216532407e-06 1.1748772951234388e-07 4.3035848766265893e-07 4.199876430109712e-07 3.395745066400329e-07 0.0 0.0 0.0 0.0 0.0 0.0 0.0 0.0 0.0 8.254044102159268e-05 3.500014422494318e-05 6.129902862028657e-05
2.6801125702359783e-05 0.000323013919479923 0.0009013361585641231 4.201289201298719e-06 0.0005593604118699711 2.213672129317148e-06 3.0165952272689146e-05 0.0016235386682210405 0.0005082954613024908 1.1964504851235804e-05 0.0 5.998212260584736e-05 0.0008385426633052836 0.0036075107445088664 1.3673397254686458e-05 9.26713995119261e-06 1.168470321715498e-06 7.582082258190985e-07 1.1272046580478188e-07 7.003646783014315e-07 2.723870085786375e-06 2.963604864656616e-07 1.1265151694582798e-06 1.405650581531423e-06 5.747595237786751e-06 6.394492321015925e-07 2.0794793996754e-06 3.3571621391001436e-07 8.945932826985476e-07 1.0591674357321739e-07 0.00014974372000672943 5.246177420480686e-05 0.00021014124274529994 2.48523481468358e-07 1.3630303662494304e-06 1.6057922008215364e-06 7.170957183622071e-05 1.2068929061450536e-05 5.587357665583366e-06 2.978545361601135e-06 5.235557608432931e-06 5.186287216838164e-07 2.6291143331198532e-06 5.15938553338432e-07 1.0326694163666311e-07 2.8428331474192236e-07 9.373981830657471e-05 2.7711732632567348e-06 9.800293157735593e-07 9.27993972461336e-07 1.3005513796716766e-06 0.0 6.396115766322843e-07 1.618854382459706e-07 4.4840041803709485e-07 4.2954561085538844e-07 4.148790004052559e-06 2.1196888310315593e-05 1.2856642949373355e-05 1.2227334431379987e-05 8.636579330844811e-07 1.2393872051159953e-05 1.9936991052151645e-07 1.7795944809591744e-05 1.0478963414493179e-06 2.6240640457864124e-06 2.1238189033216205e-06 3.996577982835825e-06 8.856998389518536e-06 1.002215826972413e-05 9.981501294220996e-06 2.816068851730808e-06 3.183185573044596e-07 3.0879158172537534e-05 3.2674594572576773e-05 7.236196979519208e-05 2.057061156122124e-05 4.373032716354671e-06 0.00012196262517844173 0.0006116008086531385 0.0 0.00010324827746768235 6.009573511182105e-06 1.6299173089251868e-07 2.701703113107694e-06 8.96391937246425e-07 1.6603377514082663e-06 1.1475733914808311e-06 8.440154714610168e-07 5.190484087108067e-07 7.713506380490027e-07 0.0 1.0835803642022094e-05 1.1871186126304708e-06 3.095346258526435e-07 7.090063523279713e-06 2.296617715776216e-06 0.0 9.203101765593748e-07 1.0574159571006149e-05 0.0 0.0 1.0090209110088936e-06 2.015142317213929e-07 0.0 1.2297326901321524e-06 3.408018115893535e-07 5.739748991113998e-06 2.971885990690632e-07 1.3865927205444186e-06 7.807437936949556e-07 3.049503075969444e-06 2.565271885246689e-06 2.393399713429873e-06 2.5389980324917333e-06 7.24278165784463e-08 0.0 0.0 0.0 0.0 0.0 0.0 3.031221279595128e-07 0.0 0.0 2.9599940534099965e-07 0.0 6.911790433740647e-07 0.0 0.0 9.089922255634096e-08 0.0 0.0 0.0 1.0882403287893355e-07 1.4292470968475932e-07 0.0 0.0 0.0 1.8058001990406679e-06 0.0 1.3346509989056004e-06 8.018912429140558e-08 0.0 3.251004616828006e-07 2.1741361317398093e-07 0.0 0.0 0.0 0.0 0.0 0.0 8.715045371102971e-08 0.0 0.0 1.5433055987602643e-07 0.0 6.131289813975954e-07 0.0 0.0 0.0 0.0 0.0 0.0 0.0 0.0 0.0 0.0 0.0 0.0 0.0 0.0 0.0 2.820731826293126e-07 0.0 0.0 1.3915621253582398e-06 3.0988917804026304e-07 0.0 0.0 1.0514246572584393e-07 7.090165339928092e-08 0.0 0.0 1.2824656783761216e-07 0.0 0.0 0.0 0.0 0.0 0.0 0.0 0.0 0.0 1.0317209820211063e-07 0.0 0.0 9.576822661257096e-07 1.5361991405352124e-06 2.262605314835137e-06
7.583628796772564e-05 0.0002525145728261123 6.0522612758511914e-05 0.00015732839980155697 8.700937329084476e-05 0.00021501199212837685 0.00027376049519209155 1.1847843476536116e-05 4.473305535754591e-05 0.002512130414940379 5.998212260584736e-05 0.0 0.001211778943208063 0.00011398065708725108 1.7805008809263028e-05 1.1943247496633455e-05 2.3669707404710127e-06 6.289257155973907e-07 0.0 5.182071126768387e-07 5.13117477873707e-07 1.0879518482856034e-06 0.0 1.0600998374808195e-07 1.4371798036452052e-06 3.302908893660739e-07 5.041452020413197e-07 8.541954171406428e-08 8.955377861603803e-08 9.16081047931894e-08 1.2522609902193632e-05 9.559228238328515e-08 7.327644670454064e-06 2.608007805655559e-07 8.910832353574969e-08 1.0282525325082239e-07 5.337601714931018e-05 1.6871526270423795e-06 2.652406016615112e-06 1.2872262489573961e-06 1.0209675715991187e-06 5.111019486493659e-07 1.509024318613867e-06 9.159713019087961e-07 9.341888713136861e-07 8.33467258962706e-07 4.487304400617429e-05 1.072603529401605e-06 6.57630844061794e-07 8.234200651168811e-07 8.221516307616499e-07 1.810994374102007e-06 5.600139209168808e-06 1.3291093317941832e-06 3.5760830964683384e-07 2.3825920046586944e-07 9.07360162735669e-06 5.118850067580786e-06 4.491921419575848e-06 2.988788713303962e-06 3.183776171417598e-07 9.535741353137153e-07 8.484970845147781e-08 1.8093082229907272e-06 7.258801940530799e-07 1.3601453294155278e-06 1.3995957361051885e-06 1.993506540205174e-06 5.567292064129668e-06 2.3080868271178207e-06 8.364604468177714e-05 3.9498889243307455e-05 1.2658518902014952e-06 5.686985405721284e-06 5.57707498572723e-06 2.1370985265720603e-05 9.24115904585468e-06 4.047361305888236e-06 0.0 3.860379396647914e-06 1.4505793362330174e-07 1.618699175332083e-07 2.3378749768178196e-06 4.872233851845973e-07 5.929383836373819e-07 1.0966833309317846e-06 1.2177964893626625e-06 1.0258515352272202e-06 5.225911586862158e-07 1.210673930933394e-07 1.6583714499828976e-07 4.5476853171398467e-07 3.7087008069722968e-06 1.7265106627943548e-07 2.545295395091249e-06 0.0007911699610339014 0.00014890496535667597 3.984849114450198e-06 1.003914073036146e-05 9.648229679011854e-05 1.0924511889487454e-06 1.655862327323228e-05 2.8418448464762465e-05 1.9237954119155708e-05 5.85247678265657e-06 4.870408603469477e-05 5.367291994319439e-05 6.929130769949079e-05 4.8893660429337806e-05 6.238872914198218e-05 5.119496582049954e-06 9.397364705342397e-05 6.460872014268996e-05 6.773899915048391e-05 2.409777165673389e-05 8.15418070457815e-08 0.0 0.0 0.0 0.0 0.0 0.0 7.746681831583037e-08 0.0 0.0 2.5190142890349343e-07 0.0 9.249947854692892e-08 0.0 4.52703301439317e-07 1.7121540517801695e-07 3.750554837970883e-07 4.822723357625649e-07 1.838660899350724e-07 2.819389052842605e-06 6.339475112677019e-07 0.0 0.0 0.0 3.597260781136934e-05 1.5420554425312956e-07 1.4607899061043213e-05 7.110736388314797e-06 1.6618798554314974e-06 5.608887443947089e-07 7.203006137133185e-07 0.0 0.0 8.675104888491103e-08 9.473703992166999e-08 0.0 1.2434094031403536e-07 1.8751234191316802e-07 0.0 0.0 2.6731711849805444e-07 8.750294580653207e-07 1.58843224013503e-07 0.0 0.0 0.0 1.6268366840675445e-07 2.4914690803220037e-07 3.6040779615745953e-06 1.4424534173266253e-07 0.0 1.462387440416716e-07 7.983630091995562e-08 0.0 0.0 6.889775746586846e-08 0.0 0.0 0.0 0.0 8.393460452271836e-08 4.058466119927612e-05 4.33195795648815e-06 8.49304316109472e-08 0.0 7.470813959335855e-08 1.5663197155074987e-07 0.0 3.8604507561913145e-07 2.0461158456565893e-07 0.0 2.803451922350918e-07 0.0 0.0 0.0 0.0 6.354055214228428e-08 0.0 0.0 0.0 6.963516999860978e-07 0.0 4.363462111733292e-05 1.9090105035972157e-05 2.2349484873758937e-05
