0.0 0.000917885641553515 0.0001208787450812398 0.0012205554533143966 2.08727391910236e-05 4.6370671095333775e-05 0.0001812394547551274 7.868636537299183e-05 3.850669333311618e-06 0.001043095930479565 4.365336210279902e-05 8.353793125469366e-06 4.434927447410533e-05 5.2564762264313824e-05 3.472933761502699e-06 2.2179310618755253e-06 5.379620827849021e-07 3.942407180976641e-07 2.917745796762772e-07 2.3124603110184834e-07 8.225695582196623e-07 9.196928963848577e-08 1.9414076805246395e-07 9.180273343426276e-08 6.77749623694801e-08 1.2493136435076054e-07 0.0 0.0 0.0 0.0 0.0008022996127666695 1.9005974169017645e-05 2.7186937320480604e-05 2.3265830998005195e-07 6.419239766140329e-08 1.1516218154831609e-06 9.709583801333962e-07 1.2191810683396096e-07 6.174735315034451e-07 1.019136408680125e-07 2.415956325591404e-07 0.0 3.289275408999917e-07 9.67793075236994e-07 8.219170532421372e-07 5.710475840823962e-07 1.7590590104704104e-05 2.0960461443912738e-06 3.236461019639474e-07 3.94611026200098e-07 0.0 2.5919815812093564e-07 1.4180399823777203e-07 0.0 8.495277905943174e-07 1.0278888110688948e-06 0.00012282196881683801 0.000652960461810364 6.7133756322201545e-06 1.2553626843063979e-05 8.252007437221731e-07 2.716282286497618e-07 1.548111854945402e-07 4.099555487721016e-05 4.356132669430656e-07 8.521853574959432e-07 5.245531933717752e-07 1.8104886645695623e-07 9.161087726041262e-07 3.3125577968770764e-07 5.102871513248054e-06 2.754307879584413e-06 0.0 5.556812118157966e-05 0.00011010882636213327 5.629677232114936e-05 6.949768287828196e-05 2.4521526681805385e-06 1.150372341585882e-06 4.35168917157377e-05 8.118136766017599e-07 3.2205171111598985e-06 3.537324515726033e-06 0.0 5.519083089509451e-07 6.544592042312347e-07 0.0 0.0 1.44741380885342e-07 0.0 8.153286673213814e-08 6.806781763217862e-08 2.7408280429165397e-07 5.226103667934003e-08 2.8130367291746955e-07 3.604774878696212e-05 1.4763286981982426e-05 1.2929346160696917e-06 1.2997904774401015e-06 0.0005961245973149774 1.6382521444827451e-07 4.087934972282756e-06 7.991663138649332e-07 2.123941573134793e-06 2.6669727491600733e-06 1.6724220564034744e-07 3.0459636234357714e-05 3.308992906383557e-07 6.444576265312219e-06 4.106264162711385e-06 9.255877075747764e-07 1.2491370714426875e-05 7.012504631630803e-06 5.803602675766609e-06 5.938014250692921e-06 0.0 0.0 0.0 0.0 0.0 0.0 0.0 0.0 0.0 0.0 0.0 0.0 0.0 0.0 0.0 0.0 1.472272844386826e-07 0.0 0.0 9.968097843098168e-07 1.0583883966644357e-06 0.0 0.0 0.0 7.3512468325377e-07 0.0 1.0662582836143827e-06 0.0 2.3830417978706564e-07 0.0 0.0 0.0 0.0 0.0 4.3864635775382697e-07 0.0 0.0 0.0 0.0 0.0 0.0 0.0 0.0 0.0 0.0 0.0 0.0 7.415758377096129e-07 5.20022202247253e-07 0.0 0.0 1.2045514581085396e-06 1.0342679174702076e-07 0.0 0.0 0.0 0.0 0.0 0.0 0.0 0.0 9.283627293409052e-07 6.52012452299395e-08 0.0 0.0 0.0 0.0 0.0 7.410088455050059e-07 0.0 2.3059396077488215e-07 8.090452265630966e-08 0.0 0.0 0.0 6.542396112099524e-08 0.0 0.0 0.0 0.0 0.0 0.0 2.8904603481089855e-06 5.656349090244676e-07 1.3343512347021528e-06
0.000917885641553515 0.0 0.0011809561161268513 0.0003348740977160674 0.001311763403157424 4.100575711323028e-05 0.001340165758185802 0.0009711870515308124 0.0011304863232074148 0.001696571314510399 0.0016712465699289972 0.00012923428343736406 0.0023999686116064818 0.003792622048310778 2.542124279757508e-05 2.8542166054591107e-05 1.8546162507043285e-06 9.380361373652355e-07 9.548855221718312e-07 1.3446388228634603e-06 2.828119665764868e-06 0.0 2.386547864080442e-06 1.021549101961138e-06 8.304339742419278e-07 1.6177343751050864e-06 3.703813221552024e-07 1.639069618245062e-07 0.0 0.0 0.001995189031639158 0.00013544920338236975 0.0002530712816450307 2.1226719305067087e-06 1.6982847756678027e-06 2.9117222628650685e-06 3.4872759779498272e-06 1.43803118205271e-06 5.142162062296042e-07 1.8894600410713486e-07 4.3592274286516326e-07 2.3338288663441953e-07 1.7948237403305155e-06 9.253203289766058e-06 3.9499813496395585e-06 4.4578695728775595e-06 5.458899397885026e-05 5.9631954992995725e-06 5.886077879082912e-07 1.631295316622279e-06 3.83738483427408e-07 0.0 9.020654540073519e-08 6.273131980908553e-08 2.245915395556103e-06 1.6795190921402873e-06 7.87758153287797e-05 0.0004659933395281176 1.0748150587632614e-05 2.9571516798640048e-05 2.255826765312274e-06 6.805070099869653e-06 1.6077995861878464e-06 7.037371591032866e-05 1.8153796408457553e-06 7.564755029469117e-07 1.0547701055702371e-06 1.3419009778934688e-06 4.6345334577264036e-06 1.2904278067693808e-06 2.171437460150157e-06 0.0 0.0 7.894140844657882e-05 0.0001596675179385203 0.00014520497899148314 0.0002468468133343522 1.8805154541585787e-05 9.853877237023094e-06 0.00045868020522350284 2.0157256645250664e-06 2.8186369786260268e-05 6.504996122900255e-06 7.612711773636954e-08 1.0237101278443305e-06 9.009779630345069e-07 4.906194573360269e-07 0.0 3.160142098170789e-07 0.0 1.567625066566558e-07 0.0 1.924620370432042e-06 5.413671021887665e-07 2.1293755271722368e-07 1.3103123054016197e-05 1.7307990327443574e-06 0.0 3.4045633514904197e-07 0.00028845656036757236 5.252713636548679e-07 3.002587752685841e-06 1.4041906076948164e-06 0.0 2.342816187910897e-06 2.269311312269352e-06 1.3403762308210281e-05 2.3027973204341682e-07 6.797469412798211e-06 2.3973663448276897e-06 2.4045434696543648e-06 1.7945689991973325e-05 7.746500210845214e-06 7.946267809120447e-06 1.1035939818542525e-05 3.6809555156172713e-07 7.281662538004856e-08 0.0 0.0 0.0 0.0 0.0 0.0 0.0 0.0 1.1304330306835417e-07 0.0 0.0 0.0 0.0 0.0 7.474182971295479e-08 2.9357126445328966e-07 0.0 1.2288536637563743e-06 2.4200875704870807e-06 0.0 0.0 0.0 6.062075935969721e-06 0.0 4.8193976064698e-06 6.632821948155938e-07 0.0 0.0 0.0 0.0 0.0 0.0 5.813385644078452e-07 0.0 4.94530636764162e-07 2.9718897443858933e-07 0.0 0.0 6.319210137015882e-08 0.0 8.2353222416636e-08 0.0 0.0 0.0 8.270779333417563e-08 1.429521532000849e-06 1.9940252960181208e-07 3.9020780344191744e-07 3.703172867892286e-07 3.5239776632312036e-06 2.672324421957013e-07 2.277094023435548e-07 0.0 0.0 0.0 0.0 0.0 0.0 0.0 4.095596387596363e-06 3.363530118272848e-07 0.0 9.971281611194379e-08 0.0 9.831558417464986e-07 3.919178604728406e-07 1.403688019364265e-06 5.530356318679042e-07 7.833798197544655e-07 8.517743056281143e-08 0.0 0.0 6.987448047418567e-08 0.0 0.0 9.157947423000895e-08 0.0 0.0 5.0787689397670495e-08 0.0 5.474592239445976e-06 1.5702922949941846e-06 4.481035257079768e-06
0.0001208787450812398 0.0011809561161268513 0.0 1.5067342693504308e-05 0.0009309055773662843 3.559283397377095e-06 0.0002787814340372993 0.0012309178117939266 0.00036974259916262625 0.0002256991331923761 0.0011867281409293023 1.3134585886667335e-05 0.0002432187226606313 0.0009804292104538264 4.922975921181076e-06 7.210468122998287e-06 1.13250153269133e-06 4.38085768613371e-06 3.03529526862919e-06 9.983269283046076e-06 2.5220996667932818e-05 0.0 2.0367398757074435e-05 1.0310260106097825e-05 2.0833301115906713e-06 6.0297375470131595e-06 4.130917301440563e-07 7.707846906760582e-07 0.0 5.376971821673612e-08 0.001785094163827127 0.0002078472879835788 0.00014223185720174246 1.8060471113014793e-05 1.6382384236984854e-05 1.662037232660219e-05 1.7256071837924473e-06 4.100297917647073e-06 2.2915452568569897e-07 6.576837680619302e-07 1.936693748759625e-06 2.052648232606013e-06 1.1019543538045289e-05 4.8289512493674195e-06 1.3551942502580414e-05 9.938856655909741e-06 1.040822667107093e-05 1.2887413389801798e-06 9.283742381317796e-07 7.824025802580092e-06 1.6305768534225056e-06 0.0 1.8910821380577319e-07 2.3052339620160608e-07 3.5619464918999536e-07 3.461719002282148e-07 1.4625884817510828e-05 0.00015354097171672398 1.171265219119968e-06 3.202757511390303e-06 1.1063597304452051e-05 2.005108343363405e-05 1.3486801895827844e-05 0.00014581700863340434 1.9697155265056764e-07 1.1309689548221432e-06 2.3718948063415267e-07 4.838229063965523e-06 4.009213294495228e-05 1.1781745793598788e-05 2.590486199034157e-06 0.0 0.0 1.3695680308397471e-05 4.9146185996143414e-05 2.240166457818072e-05 7.461650852374664e-05 7.051023973578637e-06 8.106283037404848e-05 0.00039676276927021106 5.009900760376063e-06 0.00014413931102946965 1.269070089360855e-06 0.0 2.780025491704687e-07 2.5018798905313914e-07 1.1699881874323898e-06 0.0 0.0 0.0 5.69048385216372e-08 5.764598386631542e-08 2.1127497870860424e-05 1.9637140841950533e-06 1.168161724367659e-06 6.649159040585818e-06 2.328897996705875e-06 0.0 6.864635217134443e-07 4.158269941401334e-05 5.983374075885429e-08 5.224780345961946e-07 0.0 0.0 5.879035311675323e-07 2.2401215130605407e-07 1.3095957877355418e-06 0.0 1.2141481219625235e-06 4.5487825057516826e-07 9.013421576823464e-07 2.7311362142125628e-06 1.4628638881560898e-06 1.9781755413535444e-06 4.378905930321036e-06 6.67430688724194e-08 7.992991326817863e-08 0.0 0.0 0.0 0.0 0.0 0.0 0.0 0.0 0.0 0.0 5.2348377819280784e-08 0.0 0.0 5.45057800396652e-08 0.0 0.0 0.0 2.7895996623922697e-07 2.341861775600347e-07 0.0 0.0 0.0 2.7333088622737317e-06 0.0 2.140917918424627e-06 7.968486484244986e-08 2.1066479329372713e-07 2.24829483334493e-07 0.0 0.0 0.0 0.0 0.0 0.0 0.0 7.428389700282457e-08 0.0 0.0 0.0 5.562830290263073e-08 0.0 0.0 0.0 0.0 6.507831943775483e-08 2.165204623110697e-07 0.0 0.0 0.0 1.2527407403251629e-06 0.0 0.0 0.0 0.0 0.0 0.0 0.0 0.0 0.0 8.07897186877671e-07 0.0 0.0 0.0 0.0 5.116826706444097e-07 5.75952884929168e-07 2.4303320621006233e-07 2.4997124015833725e-07 1.8990304321888573e-07 6.110240825785981e-07 0.0 0.0 0.0 0.0 0.0 0.0 0.0 0.0 0.0 0.0 4.4040656023070305e-07 8.51321971406156e-07 3.2887343162992406e-06
0.0012205554533143966 0.0003348740977160674 1.5067342693504308e-05 0.0 5.742460231467851e-05 0.00013922174407936784 0.0002819357730638948 8.879255560564846e-06 1.5154817398727008e-05 0.0014190868128963442 6.519912167849359e-06 1.7145607666229795e-07 0.0001851344249017192 4.947335635349813e-05 5.259035061986205e-07 6.979816859216625e-07 7.568921674763e-08 1.9836618093652707e-07 1.2942038334961432e-07 0.0 0.0 0.0 1.3675217290816792e-07 0.0 0.0 0.0 0.0 0.0 0.0 0.0 7.386845833446983e-05 1.2224332561030812e-06 2.1419233076865458e-06 0.0 0.0 0.0 2.397067215478669e-07 0.0 3.2464109740816346e-07 0.0 0.0 0.0 0.0 8.287736374553237e-08 3.3274715551862876e-07 1.245854439242272e-07 3.6658610560628364e-06 3.191831572741396e-07 9.801773562743771e-08 7.479236256484024e-08 7.389441230672916e-08 0.0 1.218624573890882e-07 0.0 1.8744465493568173e-07 1.8849693921329006e-07 1.4085103912467106e-05 6.367624889012809e-05 1.1061532945797954e-06 2.7126843483882666e-06 0.0 3.221479890493699e-07 9.994319980578656e-08 4.316244575078478e-06 1.5000540072780916e-07 1.2155347753556272e-07 1.1236197886901753e-07 1.330489879456514e-07 2.112216231792985e-07 0.0 8.513240454452337e-07 9.972470285982563e-08 0.0 9.642020381501505e-06 2.0147847896896282e-05 1.5154804193854063e-05 2.0279283509213498e-05 6.462214044813878e-07 7.293219990843986e-08 1.1861428655269102e-05 0.0 8.659980372778946e-07 3.542691283180954e-07 0.0 0.0 2.8186238313915256e-07 0.0 0.0 0.0 0.0 0.0 0.0 1.543304808747159e-07 5.995445077808327e-08 0.0 4.424420184022294e-06 1.0730864643584658e-07 0.0 5.59706185642063e-08 0.00015907392677329645 7.285601794914172e-08 2.301660643081277e-06 6.479056942933335e-07 0.0 6.982607410291295e-07 1.2940042249516257e-07 1.2570715805368622e-05 2.5359486044633965e-07 2.995923747016835e-06 1.3178817297592022e-06 4.692670454989919e-07 4.823813693939619e-06 2.9873906636305174e-06 2.232549082999856e-06 2.1068265790412677e-06 0.0 0.0 0.0 0.0 0.0 0.0 0.0 0.0 0.0 0.0 0.0 0.0 0.0 0.0 0.0 0.0 0.0 0.0 0.0 2.97093011154418e-07 0.0 0.0 0.0 0.0 7.281200391074087e-07 0.0 9.327946815561087e-08 2.1485005297021973e-07 0.0 0.0 0.0 0.0 0.0 0.0 0.0 0.0 2.2048875104301853e-07 0.0 0.0 0.0 0.0 0.0 0.0 0.0 0.0 0.0 0.0 1.9254815643711865e-07 0.0 0.0 0.0 0.0 2.1588541422282297e-07 0.0 0.0 0.0 0.0 0.0 0.0 0.0 0.0 5.042027502857423e-07 0.0 0.0 0.0 0.0 3.8341817431258657e-07 0.0 0.0 0.0 7.79637903647619e-08 0.0 0.0 0.0 0.0 0.0 0.0 0.0 0.0 0.0 0.0 0.0 1.6992585346526672e-06 0.0 3.880060857624188e-07
2.08727391910236e-05 0.001311763403157424 0.0009309055773662843 5.742460231467851e-05 0.0 4.703464245695661e-07 0.0009444737626043276 0.00011551450654610413 0.0009887953785720394 0.00012184046550706593 0.0003610008523740314 6.008483101632434e-06 0.0006804511614579634 0.0015804514556132317 6.931757121764281e-07 1.0895851381334594e-06 0.0 0.0 0.0 6.97250598957843e-08 1.1970328821969434e-07 0.0 0.0 0.0 0.0 0.0 0.0 0.0 0.0 0.0 8.528731291221346e-05 9.96281505296582e-06 1.2882445574866012e-05 0.0 3.4224718993921576e-07 1.2377968210467638e-07 0.0 0.0 2.5648633076643926e-07 0.0 0.0 0.0 1.0841159585029288e-07 5.339514156235017e-07 1.2141442242808852e-07 2.1796647857664372e-07 2.3035628298324348e-06 4.5585006308144477e-07 0.0 0.0 0.0 0.0 0.0 0.0 1.5633108290613004e-07 7.639270812544889e-08 1.0624587432372998e-06 8.779369238564208e-06 9.58026240964904e-08 1.0536019680209447e-06 7.126055275839073e-08 1.050713393796414e-07 1.4788150912059072e-07 1.917297873891407e-06 1.80182239385831e-07 0.0 5.3227194003893744e-08 0.0 3.6113647958152947e-07 7.57558647414172e-08 0.0 0.0 0.0 2.0164373103253194e-06 2.560190346438977e-06 4.196812111952415e-06 9.710469501060575e-06 8.218958309561737e-07 7.367839192405902e-07 1.5251697337303919e-05 0.0 8.527546268915192e-07 0.0 0.0 1.4632892315232596e-07 0.0 0.0 0.0 0.0 0.0 0.0 0.0 6.044987682334468e-08 0.0 5.611585799321364e-08 7.745033766003393e-07 0.0 0.0 0.0 1.8883911172364908e-06 0.0 0.0 0.0 0.0 1.565812762716216e-07 0.0 4.62083490678729e-07 0.0 3.903741659431742e-07 0.0 5.9603853133583705e-08 9.022477096007689e-07 3.213370539432807e-07 1.299713312792584e-07 4.806825376861577e-07 0.0 0.0 0.0 0.0 0.0 0.0 0.0 0.0 0.0 0.0 0.0 0.0 0.0 0.0 0.0 0.0 0.0 0.0 0.0 0.0 0.0 0.0 0.0 0.0 3.715860601161962e-07 0.0 0.0 0.0 0.0 0.0 0.0 0.0 0.0 0.0 0.0 0.0 0.0 0.0 0.0 0.0 0.0 0.0 0.0 0.0 0.0 0.0 0.0 0.0 0.0 0.0 0.0 0.0 0.0 0.0 0.0 0.0 0.0 0.0 0.0 0.0 0.0 1.864852205213966e-07 0.0 0.0 0.0 0.0 0.0 0.0 0.0 0.0 0.0 0.0 0.0 0.0 0.0 0.0 0.0 0.0 0.0 0.0 0.0 0.0 2.677724293721317e-07 0.0 9.610559443359866e-08
4.6370671095333775e-05 4.100575711323028e-05 3.559283397377095e-06 0.00013922174407936784 4.703464245695661e-07 0.0 5.668910940208585e-06 7.636018114539458e-07 0.0 0.00014048288463543854 2.697558012884723e-07 2.978936810426762e-05 1.809793139580567e-05 1.6298633887041542e-06 1.0053417338251124e-07 7.263707690369714e-08 0.0 7.254348057528437e-08 0.0 0.0 8.654456720094727e-08 2.5294879018686553e-06 1.9474067558795037e-07 3.550357479650704e-07 2.9801207976031586e-07 3.7911549284282915e-07 0.0 1.9046658656580053e-07 0.0 0.0 9.859903293783817e-06 1.4776640703845865e-07 2.3123176794928272e-06 2.6905379811636984e-07 0.0 3.7388741198730033e-07 3.9435529340221715e-06 9.350141915617289e-07 1.999370075824138e-06 1.6367990415232825e-07 0.0 2.1064572063824275e-07 0.0 1.4890375054057565e-07 0.0 2.9198448754924567e-07 2.42457483198585e-07 7.6307001649565e-08 0.0 8.315703303313626e-08 0.0 3.6339975700860354e-06 4.003644658785332e-06 3.490102864866292e-07 0.0 0.0 1.3145357236175764e-05 7.425640119747388e-06 8.439366111662704e-08 0.0 0.0 1.506320657296324e-06 8.869859095813203e-07 1.0522998683348521e-07 0.0 0.0 0.0 0.0 0.0 1.9815475178660394e-07 2.3958086819519235e-05 1.785733692883889e-05 2.401330995723443e-07 0.0 1.771405783999275e-07 8.38284925545806e-08 1.292277433874201e-07 9.321353355567504e-08 0.0 4.185635058667812e-06 1.5887424694608725e-07 9.514958667203166e-07 0.0 1.6267162351930309e-07 0.0 0.0 0.0 1.8071763910908443e-07 6.384995916380035e-08 1.6156480949445644e-07 2.421845604435627e-07 9.398951047326001e-07 9.77140093763147e-08 0.0 1.1531994694499396e-06 6.474778113385422e-05 7.753246994768193e-05 9.038010751053609e-06 4.427216272167121e-06 0.0001436008988660314 0.0 8.056316417085524e-07 7.412567947507664e-08 0.0 5.305803367588991e-07 5.938532689595468e-07 1.1917973943289625e-05 0.0 5.501394625973104e-06 1.141429340202758e-06 5.970007579075141e-07 6.766433293608391e-06 4.446072046471806e-06 2.2517476737591516e-06 2.1118739114069464e-06 6.392432220500052e-08 0.0 0.0 0.0 0.0 0.0 0.0 0.0 0.0 0.0 0.0 0.0 0.0 0.0 0.0 0.0 0.0 9.870418114422425e-08 0.0 1.9581693651321373e-07 7.526342455651402e-08 0.0 0.0 0.0 1.1853198480801879e-06 0.0 2.3351673538411727e-07 8.942513818584682e-08 0.0 0.0 0.0 0.0 0.0 0.0 0.0 0.0 0.0 0.0 0.0 0.0 0.0 9.456662909098704e-08 0.0 0.0 0.0 0.0 7.396667768653838e-08 1.6525507777624605e-07 0.0 0.0 0.0 0.0 0.0 0.0 0.0 0.0 0.0 0.0 0.0 0.0 0.0 6.592935956189609e-07 1.4255103971176525e-07 7.70688354159342e-08 0.0 0.0 6.062972199594687e-07 4.782601828791438e-07 0.0 0.0 0.0 8.112776296271309e-08 0.0 0.0 0.0 0.0 0.0 0.0 0.0 0.0 0.0 0.0 2.674170104135568e-06 2.9018407989571055e-07 3.198717713192559e-07
0.0001812394547551274 0.001340165758185802 0.0002787814340372993 0.0002819357730638948 0.0009444737626043276 5.668910940208585e-06 0.0 0.00022659148083785965 0.000542684940751111 0.0008096080872440645 0.0002204913361886331 1.4023035822165634e-05 0.003574746047047935 0.0009919948476873849 6.92027803831062e-06 8.52646678118198e-06 3.5929261159660933e-07 5.51910175113669e-07 4.651270792453701e-07 7.180327161909193e-07 7.845168892377522e-07 0.0 3.615922721101054e-07 2.2800227650410372e-07 1.213842000408866e-07 1.09508072750988e-07 0.0 1.0697049775027723e-07 0.0 0.0 0.0001007068810449056 4.543047423917541e-05 1.7645957409395295e-05 3.503601457650656e-07 2.2815456483129854e-07 3.793052886785429e-07 0.0 0.0 9.672281712448529e-08 1.3579073059728113e-07 0.0 0.0 5.336359065626739e-07 2.905651385127729e-06 1.8687128565146789e-06 1.8283276022394684e-06 2.197382845698692e-05 2.0267899212652827e-06 2.7167994261729533e-07 5.941795356216969e-07 0.0 0.0 0.0 1.315428481691299e-07 1.2049280922663846e-06 1.1859703073654101e-06 1.5016624741898962e-05 6.0899496449413657e-05 4.1395581072984435e-06 8.827077447652924e-06 6.81760347549752e-07 1.619211936607388e-06 5.840633840344699e-07 1.9567869448575162e-05 7.296207599253375e-07 3.038284317999666e-07 2.995514939268738e-07 4.6107152968934456e-07 9.88587296543231e-07 4.062274639546949e-07 6.025594897264785e-07 0.0 0.0 2.3086338109680643e-05 4.02426626240184e-05 5.217272899939325e-05 9.568643698483043e-05 7.95817382808517e-06 2.346842526114715e-06 2.9530260438503175e-05 9.83549762712968e-07 5.023092480417217e-06 2.9442440176637562e-06 0.0 2.4390041911454897e-07 5.890242634591754e-07 5.90441743970693e-08 0.0 0.0 0.0 5.8033470114734363e-08 1.0926681334425816e-07 4.719713609579668e-07 1.3520164208113074e-07 0.0 3.6559162796316764e-06 3.969653629191729e-07 0.0 5.265111193325946e-08 1.0540828668161812e-05 1.200850106237509e-07 5.233846778654752e-07 1.2933067638778589e-05 1.0712481759638665e-06 2.963703479074002e-07 9.043410240136442e-06 4.055271743451747e-06 7.337722973327398e-06 2.3961593599122875e-05 1.4492960928610156e-05 4.7610095229173625e-07 9.384009679257404e-06 2.216056229762776e-06 2.000093452465007e-06 1.59077655848314e-06 1.3420986872040243e-07 0.0 0.0 0.0 0.0 0.0 0.0 0.0 0.0 0.0 0.0 0.0 0.0 0.0 0.0 0.0 0.0 0.0 0.0 3.628133378138177e-07 1.497264968031452e-07 0.0 0.0 0.0 1.071952470500326e-06 0.0 9.517337859319933e-07 0.0 1.9716053587871553e-07 0.0 0.0 0.0 0.0 0.0 1.7757472816536894e-07 0.0 1.2133647351978089e-07 0.0 0.0 0.0 0.0 0.0 0.0 0.0 0.0 0.0 8.569703640761939e-08 4.200868781206075e-07 0.0 0.0 0.0 7.291018863722309e-08 0.0 0.0 0.0 0.0 0.0 0.0 0.0 0.0 0.0 1.182090470022111e-06 1.158645253541714e-07 0.0 0.0 0.0 0.0 0.0 0.0 0.0 6.293405783762416e-07 0.0 0.0 0.0 0.0 0.0 0.0 0.0 0.0 0.0 0.0 0.0 1.2616500326676927e-06 3.3652470824680807e-07 1.0360166536763724e-06
7.868636537299183e-05 0.0009711870515308124 0.0012309178117939266 8.879255560564846e-06 0.00011551450654610413 7.636018114539458e-07 0.00022659148083785965 0.0 0.00010708500008078113 0.00021826319796312295 0.001834777203211695 8.960408240343268e-06 0.0003494482894245471 0.0011220221775209548 5.8194530587847105e-06 8.77282667520613e-06 3.9614322611227777e-07 2.2495525230826563e-06 1.8310450139087484e-06 6.113750855819881e-06 1.81994166507526e-05 0.0 1.8262860977007163e-05 8.334742292277636e-06 4.8477064634858314e-06 5.709093604803382e-06 5.797117713056458e-07 1.1826252413918397e-06 0.0 0.0 0.0006058734799898625 0.0010587143739249052 0.00026212510113296473 1.4748544589380353e-05 1.6036284843084036e-05 2.704443649235727e-05 1.158421616380453e-06 9.779296487862216e-06 2.679367603544738e-07 3.20676904785282e-07 1.3675812195146396e-06 9.591927958192281e-07 5.535434062410427e-06 1.030979617804467e-05 9.379206672474676e-06 1.2352958483475392e-05 1.1662405240167995e-05 4.113756919434915e-07 5.274837208241239e-07 3.769632464284715e-06 7.911504268475019e-07 6.107780042200243e-08 0.0 0.0 5.244032814492642e-07 2.8949914620695357e-07 8.49843698872234e-06 5.019930094293805e-05 1.5808944425993393e-06 3.1546580317586306e-06 3.1321596561650326e-05 5.071409187059306e-05 2.7032150239194215e-05 0.00010848981220570338 2.203375068220566e-07 3.8615137513584975e-07 6.36643260520765e-07 2.62439900097616e-06 1.7390925617824946e-05 6.947438647764877e-06 2.088866591190827e-06 0.0 0.0 9.835676608670518e-06 2.8070354668660974e-05 2.4442475126448944e-05 8.440462598957215e-05 4.6006617260101606e-05 0.0004972557097637156 0.0020096435918806987 1.7774835877987743e-05 0.000793273126666511 1.284152142476523e-06 0.0 9.655188606790187e-08 5.187664022945634e-08 6.358057786593705e-07 0.0 0.0 0.0 6.646026254165438e-08 0.0 1.1249957846405641e-05 1.3446521222256568e-06 4.2310041910516264e-07 4.407938915167489e-06 1.2148322572171026e-06 0.0 2.0983598082118932e-07 1.1295922398085478e-05 6.211243410736653e-08 0.0 1.7221749467595898e-07 0.0 8.816853507451658e-08 1.876161576522388e-07 4.6864926532151945e-07 2.090596618525127e-07 6.148885701429352e-08 0.0 2.3555235040780173e-07 1.2961848337322622e-06 1.5135049302349007e-06 6.484108527315345e-07 9.389551728998953e-07 6.350165760812055e-08 0.0 0.0 6.096780075946981e-08 0.0 0.0 0.0 0.0 0.0 0.0 0.0 0.0 0.0 0.0 0.0 0.0 0.0 0.0 0.0 1.1595336414875384e-07 1.8473247797095358e-07 0.0 0.0 0.0 1.438949310490552e-06 7.71737468322551e-08 6.967205803974822e-07 0.0 0.0 0.0 0.0 0.0 0.0 0.0 0.0 0.0 0.0 3.5203742447452453e-07 0.0 0.0 0.0 0.0 0.0 0.0 0.0 0.0 1.3295651131487297e-07 0.0 0.0 0.0 7.845123206824259e-08 1.3144139458698016e-06 0.0 0.0 0.0 0.0 0.0 0.0 0.0 0.0 0.0 1.3592939357436023e-07 0.0 0.0 0.0 0.0 8.606861539049064e-08 0.0 1.935710970775672e-07 0.0 2.2300526438949358e-07 0.0 0.0 0.0 0.0 0.0 0.0 0.0 0.0 0.0 0.0 0.0 1.3411834170660505e-07 7.772347207098034e-07 1.14205466534699e-06
3.850669333311618e-06 0.0011304863232074148 0.00036974259916262625 1.5154817398727008e-05 0.0009887953785720394 0.0 0.000542684940751111 0.00010708500008078113 0.0 4.51273268008624e-05 0.0004485705980421743 9.626089791281976e-07 0.0006859167208698194 0.000613488790983288 0.0 3.727532952931337e-07 0.0 0.0 0.0 0.0 0.0 0.0 8.640357033934766e-08 0.0 0.0 0.0 0.0 0.0 0.0 0.0 1.2058788280001451e-05 2.8148052939503593e-06 1.4414267430824654e-06 0.0 0.0 0.0 0.0 0.0 0.0 0.0 0.0 0.0 0.0 0.0 0.0 0.0 2.906486599247079e-07 1.5216457462166567e-07 0.0 0.0 0.0 0.0 0.0 0.0 0.0 0.0 8.83680774765579e-08 9.944598413409529e-07 0.0 0.0 0.0 0.0 0.0 8.999673201701858e-08 0.0 0.0 0.0 0.0 6.685148111552106e-08 0.0 0.0 0.0 0.0 2.659489332699088e-07 2.8506204432752476e-07 4.5532756586553045e-07 1.351740753143519e-06 8.84193567935329e-08 0.0 2.030333480810199e-06 0.0 1.9728058447318162e-07 0.0 0.0 0.0 0.0 0.0 0.0 0.0 0.0 0.0 0.0 0.0 0.0 0.0 1.2688547767026813e-07 0.0 0.0 0.0 1.1561432726421724e-07 0.0 0.0 0.0 0.0 0.0 0.0 7.704353591875328e-08 0.0 0.0 0.0 0.0 0.0 0.0 7.113173556135365e-08 0.0 0.0 0.0 0.0 0.0 0.0 0.0 0.0 0.0 0.0 0.0 0.0 0.0 0.0 0.0 0.0 0.0 0.0 0.0 0.0 0.0 0.0 0.0 0.0 0.0 1.558158046690565e-07 0.0 0.0 0.0 0.0 0.0 0.0 0.0 0.0 0.0 0.0 0.0 0.0 0.0 0.0 0.0 0.0 0.0 0.0 0.0 0.0 0.0 0.0 0.0 0.0 0.0 0.0 0.0 0.0 0.0 0.0 0.0 0.0 0.0 0.0 0.0 0.0 7.813166941851069e-08 0.0 0.0 0.0 0.0 0.0 0.0 0.0 0.0 0.0 0.0 0.0 0.0 0.0 0.0 0.0 0.0 0.0 0.0 0.0 0.0 0.0 0.0 0.0
0.001043095930479565 0.001696571314510399 0.0002256991331923761 0.0014190868128963442 0.00012184046550706593 0.00014048288463543854 0.0008096080872440645 0.00021826319796312295 4.51273268008624e-05 0.0 4.332282532489982e-05 0.0006404621219655757 0.005813058038541399 0.00032414491913396816 6.177214061971856e-05 7.27738561477759e-05 3.3741206106287873e-06 9.743533458808643e-07 1.30544825761731e-06 1.5158318225507779e-06 1.9716830100543195e-06 0.0 8.101477177046716e-07 3.718697357480782e-07 3.798202267543098e-07 7.312262362523212e-07 5.8284962707438764e-08 3.554896837798477e-07 1.2314441196668785e-07 0.0 0.00045375239597393813 0.00011562083178620249 4.716525006940885e-05 1.953556829783275e-06 8.360773495326927e-07 1.2519287800106915e-06 8.063386872995798e-06 1.3316074274603699e-06 1.1375912576598485e-06 6.066301717361866e-07 2.0681900987679229e-07 2.591004893057685e-07 9.95906169421058e-07 1.4112005909563528e-05 4.233957358128717e-06 6.341111677864466e-06 0.00015773006565839368 1.2666453784643465e-05 2.785391999314165e-06 1.1514944156249016e-06 2.8136809096491324e-07 6.641086356079099e-08 5.631142239775238e-08 2.6714560184879524e-07 5.060142793242192e-06 3.905138111360262e-06 0.00010633062789440686 0.00033911235433515494 2.4365184822400082e-05 5.707811783455628e-05 2.8331211991901788e-06 4.816645970793502e-06 1.9614134079221004e-06 7.912269681494245e-05 2.7011625416193903e-06 1.911249300341965e-06 2.2338453385257225e-06 1.0941286490838506e-06 3.361279672486174e-06 8.135768696634567e-07 1.0443263512428388e-05 6.153566982433393e-07 0.0 0.0001261126694450192 0.00018763745598787698 0.00026320088650799695 0.0003632586514465686 4.062340359183837e-05 7.52015135451448e-06 7.336068473141881e-05 3.200248287889607e-06 1.2016732668354478e-05 1.5517406636382234e-05 0.0 1.5221360981890934e-06 1.8524507696529115e-06 4.114758836216828e-07 0.0 2.565066932002114e-07 0.0 4.0452136602342396e-07 7.26482597066527e-08 1.693193113669622e-06 9.582293030915762e-07 1.64964603642694e-07 0.0004107790045639122 1.0390922329965638e-05 0.0 1.9716648492201155e-06 0.00026238946060111137 3.5044212227773297e-06 1.087144536034576e-05 8.433150726788058e-06 4.6209451757441905e-07 2.4607653450605915e-05 5.350134866253696e-06 0.00013610638324870053 3.5831363916727445e-06 6.474631499137796e-05 1.6947290581908527e-05 1.4446591055835611e-05 0.000128725389404387 9.037015625686672e-05 6.768504121941563e-05 8.999859208046123e-05 5.443668477425526e-07 2.402657577574688e-07 0.0 9.254060945082726e-08 0.0 0.0 0.0 0.0 0.0 0.0 3.663731920302141e-07 0.0 6.298008638687427e-08 0.0 0.0 6.655074072475631e-08 0.0 0.0 0.0 7.833556593252153e-06 1.0875753389907172e-05 0.0 0.0 0.0 3.8920754225343e-05 9.721478769780679e-07 1.6785662341779306e-05 1.3453806201839758e-06 7.001924226002496e-07 0.0 0.0 0.0 9.869560766195825e-07 3.6433328247003343e-07 3.075446940749382e-07 0.0 1.3774856159640245e-06 2.1889521437789767e-06 0.0 0.0 0.0 3.852105598286402e-07 3.426224965230722e-07 0.0 1.280794438565519e-07 0.0 2.8447337109163623e-06 8.132873191623416e-06 2.253970939712533e-06 1.4981209178171188e-06 8.466906137983267e-07 1.3102995871483217e-05 1.7890214057713755e-06 0.0 0.0 0.0 5.608205446336693e-08 0.0 0.0 0.0 0.0 3.113208858744232e-05 2.818309177458427e-06 2.906592757921524e-07 0.0 0.0 8.24742251163226e-06 3.1772921430522853e-06 4.778808850692895e-06 2.573483987311631e-06 3.426463456102373e-06 1.401488125327327e-06 2.5708073430300585e-07 0.0 0.0 0.0 6.563682178308377e-08 0.0 1.7532320992568663e-07 0.0 0.0 0.0 4.637324368332676e-05 8.965319909765616e-06 2.88551112204371e-05
4.365336210279902e-05 0.0016712465699289972 0.0011867281409293023 6.519912167849359e-06 0.0003610008523740314 2.697558012884723e-07 0.0002204913361886331 0.001834777203211695 0.0004485705980421743 4.332282532489982e-05 0.0 6.3813817780884524e-06 0.00048506937360331726 0.0033815246506756443 1.7117019754106296e-06 3.3309565880886124e-06 7.716511051463667e-08 6.606648803352531e-08 1.8204221306372776e-07 1.1437784091460427e-07 6.673115944711716e-07 0.0 4.948621381308643e-07 1.8370966489099498e-07 5.1318818206740645e-08 0.0 0.0 1.3528165557959108e-07 0.0 0.0 0.00015986770946754836 9.378003612642793e-05 0.00028543510926726826 5.359635925882666e-07 4.1627404783025277e-07 7.885559267970183e-07 0.0 1.3768770154173687e-07 1.5141277088937959e-07 1.5887779501749398e-07 7.101054364694026e-08 5.044555799013603e-08 0.0 9.012768372625478e-07 4.371084979354619e-07 2.0546985454328211e-07 4.316108808196967e-06 2.921599399165297e-07 0.0 1.6896991798797732e-07 6.938275840759652e-08 0.0 0.0 0.0 6.046300610488821e-08 0.0 3.475637510026163e-06 1.696602653911741e-05 5.369310585889583e-07 1.1245510889297246e-06 0.0 2.0834277548937403e-05 1.3217308675445777e-07 9.930141779927344e-06 6.404443221748032e-08 0.0 5.7643139739834956e-08 1.1442984779881846e-07 3.462228346594206e-07 2.192180123396126e-07 6.718836836957829e-08 0.0 0.0 2.9606898955692825e-06 6.851238318407379e-06 8.692259261853618e-06 1.9776164484503913e-05 2.948295523079803e-06 1.4719275806605931e-05 0.0013689738895344766 1.4019459588237426e-07 0.00011745803731035291 7.977779738386841e-07 0.0 6.727227954967719e-08 6.102913373284088e-08 0.0 0.0 0.0 0.0 6.422945162151338e-08 0.0 3.575725859496168e-07 0.0 0.0 3.244130806700794e-07 1.1384646170901677e-07 0.0 0.0 5.548575854330907e-06 0.0 8.408470016095189e-08 0.0 0.0 0.0 0.0 2.3768853506668488e-07 0.0 1.2318127694829425e-07 7.001147571596973e-08 7.930749366844065e-08 0.0 1.1856365335322009e-07 2.076206803117383e-07 7.432810852376173e-08 7.711406269632864e-08 0.0 0.0 0.0 0.0 0.0 0.0 0.0 0.0 0.0 0.0 0.0 0.0 0.0 0.0 0.0 0.0 0.0 0.0 0.0 0.0 0.0 0.0 0.0 1.4061655653432797e-07 0.0 5.9509396952979194e-08 0.0 0.0 0.0 0.0 0.0 0.0 0.0 0.0 0.0 7.965999527136487e-08 0.0 0.0 0.0 0.0 0.0 0.0 0.0 0.0 0.0 0.0 0.0 0.0 0.0 0.0 0.0 0.0 0.0 0.0 0.0 0.0 0.0 0.0 0.0 0.0 0.0 0.0 0.0 0.0 0.0 2.462562298659526e-07 0.0 0.0 0.0 0.0 0.0 0.0 0.0 0.0 0.0 0.0 0.0 0.0 0.0 0.0 0.0 1.3678390712339925e-07 2.20699528217104e-07 0.0
8.353793125469366e-06 0.00012923428343736406 1.3134585886667335e-05 1.7145607666229795e-07 6.008483101632434e-06 2.978936810426762e-05 1.4023035822165634e-05 8.960408240343268e-06 9.626089791281976e-07 0.0006404621219655757 6.3813817780884524e-06 0.0 0.001185254096756329 5.044861574264152e-05 3.705694435941289e-05 4.7045147389295004e-05 6.834896458994744e-06 9.447055383705218e-07 6.774179002783566e-07 2.9432925912135647e-06 1.861726531944465e-05 1.0325996152396735e-07 1.2073406655460473e-05 7.6218346589332784e-06 5.930694749461569e-06 7.814226090772823e-06 2.4690313257573546e-06 1.5506234831975569e-06 0.0 5.270938345487082e-07 4.1116312235554324e-05 6.201075625497756e-06 0.00016235466369884932 3.8135794247656578e-06 7.978117532737715e-06 2.246772847248428e-05 0.000513390027517401 6.529377199671494e-05 3.12344383954213e-05 3.1673537777168625e-06 5.0348434566930506e-06 1.4294399925009718e-06 3.832103489827287e-06 4.484833630514591e-06 2.923631390526173e-06 1.9955335003847954e-06 6.785999262830867e-05 2.2460551215372655e-06 1.3607088508719322e-06 2.037513662364171e-06 1.7237246697035235e-06 8.45591779390798e-08 0.0 1.3615801976811874e-07 1.0089998615878877e-06 5.763547524417174e-07 9.314608448201071e-06 2.0561302342931387e-05 3.978740150299477e-06 7.84331107777903e-06 1.3698467424787837e-05 3.499760439326692e-05 1.7298972282696635e-05 6.090485442936816e-06 3.9726239933126545e-07 1.6604954671286287e-06 4.497854074613392e-07 3.1761495884679284e-06 2.2624091388819352e-05 1.0601496616729484e-05 0.0005645980776561151 9.560684047688736e-07 0.0 1.1121491398195852e-05 1.390223213574129e-05 2.76161191387013e-05 2.121843076931346e-05 9.761093553971904e-06 2.1621872505869795e-07 3.490140384658414e-05 6.940248823582752e-07 9.058725412409798e-06 3.0873698024232423e-06 0.0 3.462769250316379e-07 1.7986704213953425e-07 6.703177322228451e-07 0.0 0.0 0.0 0.0 5.511615698425578e-08 1.589617652061306e-05 2.265412303056854e-06 5.711755697740171e-07 0.000687424722056255 6.622281133996599e-05 0.0 2.0112423408658676e-05 2.427083175791611e-05 4.9997869851935204e-06 1.0845101024640326e-05 8.054040648179356e-06 2.1632569634070898e-07 2.4762259301507283e-05 5.077496722306853e-06 8.337187432222838e-05 2.9321723354182443e-06 5.754455946244667e-05 1.9223928009656854e-05 2.1552029164328555e-05 0.00013291716382660184 9.579738274461945e-05 8.00526057286048e-05 0.00011631367693718031 9.678566428811708e-07 3.0466657981058657e-07 0.0 1.905797941384332e-07 0.0 0.0 0.0 2.8339920830020997e-07 0.0 0.0 2.1680733167966395e-07 0.0 2.167942638161341e-07 0.0 0.0 8.314382343572865e-08 1.7214378833505914e-07 1.4987552052668886e-07 1.3707680018179852e-07 1.1461201863537624e-05 1.1058459753748711e-05 0.0 2.656075766742394e-07 0.0 6.640183096469933e-05 2.21196949402918e-06 3.089129913245544e-05 3.290160707147207e-06 1.8192645711597282e-06 0.0 0.0 0.0 1.354412762727289e-07 2.1422343332323742e-07 8.623785508946601e-08 0.0 2.206418047331533e-06 2.1690168392209143e-06 0.0 9.207279316495428e-08 0.0 9.71664422721015e-07 8.864820031257063e-08 1.3622992136430842e-07 2.259781466489808e-07 1.3384428035609808e-07 3.4314990481785105e-06 9.929844214375438e-06 8.501116396814532e-07 5.777096385483518e-07 1.1068069098060295e-06 2.339022173737708e-05 2.0876916267930882e-06 0.0 0.0 0.0 6.18335112848522e-08 0.0 6.856144838165502e-08 0.0 0.0 4.851805892433074e-05 3.017442152847045e-06 2.272976465308001e-07 0.0 8.751429149475804e-08 1.4195318287651158e-05 2.0457678087545866e-06 4.49346692447695e-06 2.626985436368998e-06 5.1915114504755506e-06 1.876783542573717e-06 4.950181635079694e-07 5.692086909565856e-07 0.0 0.0 0.0 0.0 0.0 0.0 0.0 0.0 5.3804397255643625e-05 1.705480000383115e-05 5.4390173016420146e-05
4.434927447410533e-05 0.0023999686116064818 0.0002432187226606313 0.0001851344249017192 0.0006804511614579634 1.809793139580567e-05 0.003574746047047935 0.0003494482894245471 0.0006859167208698194 0.005813058038541399 0.00048506937360331726 0.001185254096756329 0.0 0.0034182551361486976 5.8254911284364716e-05 9.718663702052281e-05 5.329468314100087e-06 1.1075878540235835e-06 5.976626976368352e-07 2.1001512393865033e-06 1.6172762614480395e-05 0.0 8.401026535516499e-06 5.224590970603403e-06 6.313408251280689e-06 6.093555942042381e-06 1.526195649364935e-06 1.4769789288194752e-06 3.231138440083177e-07 4.912319697377091e-07 0.00011186684815936172 6.099964243260282e-05 0.001230606008020447 4.567835110616881e-06 6.91951415412749e-06 2.363561906466824e-05 0.00031333978866445003 5.83513937350059e-05 3.2143697916178185e-05 3.3463401327845977e-06 1.871530965379648e-06 5.991995511446682e-07 3.2024119452984636e-06 1.69586756107609e-05 4.5978146037479665e-06 2.97125945855594e-06 0.00011741407792925979 5.580899630524672e-06 1.4810821718253683e-06 2.0285732310886966e-06 9.90329720867373e-07 8.158978705744813e-08 1.6605038908454306e-07 5.809394323591366e-08 2.2616854674346005e-06 1.0759991900357672e-06 2.9171795732282287e-05 4.596156037217497e-05 9.744599873953866e-06 2.004869831704118e-05 1.2074685104486832e-05 0.00010658920562192685 1.6492837721945148e-05 1.786235532859565e-05 1.1666160975327924e-06 6.61546559544197e-07 1.2323214240234624e-06 3.1503637929035253e-06 1.8734894974890175e-05 7.695940297238039e-06 0.0001401470943874218 8.777383268193436e-07 0.0 3.4033745496141955e-05 3.618667899854327e-05 9.232750112768516e-05 0.00010170742275308389 3.43389095618635e-05 2.1757881610577004e-06 0.00021298976677857145 9.876188147830817e-07 1.4551316318881453e-05 7.731222824823674e-06 0.0 8.599506684664134e-07 8.127384523584691e-07 5.659747537921075e-07 0.0 2.1038728780999042e-07 0.0 2.9811119426103624e-07 1.346680282047371e-07 1.2154123664196504e-05 9.706669469339377e-07 5.917356467141881e-07 0.0005335399280610086 2.9899210716214757e-05 0.0 3.192330992847333e-05 1.8714811908040085e-05 3.799571856177319e-06 7.428738956179582e-06 7.309262744529912e-06 8.742195754274991e-07 2.3574914695218445e-05 5.6085614393174726e-06 0.00010790863872346742 3.458565366808349e-06 6.22830828395143e-05 1.450433980148777e-05 2.111333936041673e-05 0.00014949672993041404 9.814888123806765e-05 7.797891395062818e-05 0.00011040406953358203 1.064896906096147e-06 4.2808132552679625e-07 0.0 1.1489591130906978e-07 0.0 0.0 0.0 4.118002368764831e-07 0.0 0.0 6.365882536028048e-07 0.0 1.2541313669913067e-07 5.62318331560328e-07 0.0 0.0 0.0 2.065690291121174e-07 5.8310696855178116e-08 8.08455173784131e-06 1.3305859117178394e-05 0.0 6.325405797259206e-08 5.213560786687402e-07 5.909265338805654e-05 2.8049344459098412e-06 3.038140608824093e-05 3.022205053666827e-06 1.2279691734921882e-06 0.0 7.172586980355251e-08 0.0 0.0 2.441497951480121e-07 7.531628940313491e-07 0.0 1.46392971746795e-06 1.7338461221377793e-06 0.0 0.0 7.572039820073808e-08 6.377210852431468e-07 4.099894448541705e-07 0.0 0.0 0.0 2.571593158168545e-06 1.0983975879693291e-05 1.2016955251960579e-06 1.7582520439128984e-06 1.0764518407967192e-06 2.019540899094434e-05 2.203705714459539e-06 0.0 0.0 0.0 2.660465028713615e-07 0.0 0.0 0.0 0.0 4.4978432792163695e-05 1.8124082420675217e-06 2.5287947759617634e-07 1.3453685822532913e-07 0.0 1.2674455720322858e-05 2.473733295183086e-06 3.9052211579637065e-06 3.270569990717227e-06 4.739529361611836e-06 3.928756129784429e-06 1.7683248674536932e-07 4.184292720733822e-07 0.0 0.0 0.0 7.050632537679489e-08 0.0 0.0 0.0 9.130353726785282e-08 5.130301102420848e-05 1.3917293972881524e-05 4.621861098330449e-05
