0.0 0.001492047358821771 0.00017550317069671336 0.0005877340809786312 5.595169507316415e-05 3.169362137427917e-05 0.0003382162424208933 5.697122997836649e-06 8.036100078897334e-06 0.0006228051352375922 2.813043319066705e-05 0.0002837475042304555 3.0133817495995368e-05 1.0798340605186148e-05 4.459469778390086e-06 1.378905079195568e-06 8.17758778643899e-07 3.540274683600492e-07 3.1413090564419574e-07 1.1429685738408972e-07 0.0 1.7597975388083633e-07 0.0 0.0 1.215929260188737e-06 0.0 5.946314821117617e-07 0.0 0.0 0.0 0.0010122953111600514 4.939416072879241e-06 2.4449176600927656e-06 0.0 3.389975203666154e-07 2.947530894988806e-07 5.845156271769798e-06 0.0 4.53827881801579e-06 7.068870473802214e-07 2.0530303482536443e-07 9.322700203332373e-08 0.0 2.456277795931584e-07 1.8285489214976361e-07 1.7653786719528933e-07 1.4607964544261714e-05 2.2952454504351848e-06 0.0 5.764308548220883e-08 3.608626864786341e-07 4.392866190905132e-07 2.3148704753859732e-06 4.625383014313959e-07 7.284381888334212e-06 1.2681958491396044e-05 0.00014507948922485588 0.0021160898624391403 5.959329986025356e-06 1.6243340712463536e-05 1.3294910571954003e-06 7.999790868453511e-06 4.4314734751335046e-07 0.0003668423557926484 2.3513644130510337e-05 9.419861825929866e-06 2.4746706008751136e-06 1.402266317007534e-06 1.8908507796407058e-07 0.0 4.510411788848348e-05 1.6897778160636752e-05 2.650602732465331e-06 0.0002511059033853876 0.00015404169563578937 5.705473215273396e-05 1.510068951235998e-05 1.5029491172518037e-05 4.169762493389117e-06 1.9479655011473193e-06 0.0 2.4276018193706474e-06 2.0180274344680938e-05 2.030357069597496e-07 5.663284767819986e-06 5.6462454524417094e-06 1.2578375422184046e-06 1.4153086230617107e-07 1.561519032452202e-06 2.4585983468678266e-07 1.4347030393836664e-07 1.350356545294335e-07 9.395251232628139e-08 2.790705068421514e-07 0.0 5.517848144769599e-05 0.00034716680240985415 1.2268809303157742e-05 3.0651095526251435e-05 0.0006697253117728478 0.0 2.579186785093447e-06 1.0308155002839642e-05 2.70160272338275e-06 8.820136262134099e-08 1.2597053519528685e-05 2.3987161851413797e-07 9.818921066125693e-06 4.61858685074474e-06 1.428740303200847e-05 8.30940160009862e-06 1.305758163353221e-05 5.254800294707149e-06 1.8471686591132165e-06 8.848416596406156e-06 0.0 0.0 0.0 0.0 0.0 0.0 0.0 0.0 0.0 0.0 0.0 0.0 6.995624344142569e-07 0.0 1.247724743082863e-07 1.2326233089771256e-07 2.0114868543938041e-07 9.373015538045074e-08 0.0 4.172572564457092e-07 1.1736639120611198e-06 0.0 4.365619122241982e-07 0.0 1.9280162459882926e-06 4.866091498131011e-07 2.366146746773273e-06 7.766681364638559e-07 2.111891140689881e-06 0.0 0.0 0.0 0.0 0.0 0.0 0.0 0.0 1.1782181235407483e-07 0.0 0.0 0.0 6.088744564480944e-07 2.542704351948746e-07 0.0 0.0 0.0 0.0 7.314401152327828e-08 0.0 0.0 0.0 1.8484789170349139e-06 0.0 0.0 5.796463916110878e-08 6.236524063569625e-08 0.0 0.0 1.136331435977571e-07 0.0 0.0 1.676546696240493e-06 0.0 0.0 0.0 0.0 4.773932983693738e-06 0.0 2.4640646739879766e-07 0.0 0.0 0.0 0.0 8.920126842415638e-08 0.0 0.0 0.0 0.0 0.0 0.0 0.0 0.0 3.980448395629586e-06 3.6897059999228897e-06 2.940317249790256e-06
0.001492047358821771 0.0 0.0010691034847046252 0.0005151225545685919 0.0014520601144263371 0.0002387335267988462 0.002255720832700819 0.00016322965354359726 0.00026248662476442003 0.0018375527312143177 0.00016028553214835327 0.0007636951430036232 0.0010326347614778165 0.0007841053099030334 1.557313477643132e-05 2.6669175512149516e-06 8.353571868324709e-07 2.3710002682645784e-07 5.557875756056597e-07 2.630790811735072e-07 3.959326296704036e-07 5.085655969650399e-07 0.0 0.0 7.893300871979956e-06 9.183241293639608e-07 1.8590704960163749e-06 2.8919015675385037e-07 2.6264733421227805e-07 1.051747898199509e-07 0.002584587128977276 8.64884189358839e-05 6.886957685811047e-05 6.795079233153188e-07 6.8243071385373826e-06 4.2063428305601645e-06 2.7896912907935605e-05 3.3149978720515693e-07 1.003462455865354e-05 3.2949466240405264e-06 5.904221499794785e-07 2.1793701639739364e-07 0.0 3.6302675896764908e-06 7.225886675637117e-07 3.173440352652138e-06 4.509566906485854e-05 2.8275480300680743e-06 1.5688789926896613e-07 2.5810618647371737e-07 0.0 5.519813060127404e-07 3.4812798198233843e-07 4.796462669398262e-07 7.054956518953212e-06 1.676558137549203e-05 5.975733329559153e-05 0.0011468200546270815 7.1310159713792425e-06 4.940848228489116e-05 8.914809575200651e-06 2.6796184676604615e-05 7.4767687784478655e-06 0.00043474141357402284 3.233223585583187e-05 1.3016058555327e-05 4.2387615376159536e-06 1.974165391943745e-06 2.754166342739561e-07 3.9390957212273316e-07 0.00022204534392632392 3.9171665177272104e-07 1.027111983221814e-07 0.0003793447830035215 0.0001206285125896113 0.00022193217154155702 2.686284953383244e-05 5.9255374244328955e-05 5.436375038181847e-05 1.5484286576395335e-05 9.351069591999727e-07 6.4244504321199744e-06 2.7955268001474473e-05 3.281528499098802e-07 9.946421615740944e-06 8.282564461835222e-06 1.1980436490126867e-06 2.7672114619969154e-07 2.649910263072842e-06 1.269431566858181e-07 3.6984700389774664e-07 6.002002576633899e-08 5.443541939788665e-07 9.926444356681871e-08 1.4917556540201456e-07 0.0003878523073018003 6.643801609307977e-05 0.0 3.138545150379798e-05 0.00017200578492423938 0.0 5.484434803534843e-06 2.6312823922249198e-05 4.93408999020167e-06 1.0282487564844486e-06 3.261102634360518e-05 4.300038811786235e-06 2.255866765394664e-05 1.2608361035939665e-05 4.5093315387600676e-05 3.216020609832204e-05 5.1133149117597034e-05 2.0706624716002895e-05 9.809467331018603e-06 5.439306084389589e-05 0.0 0.0 0.0 0.0 0.0 0.0 0.0 0.0 0.0 0.0 0.0 0.0 4.3266333653756977e-07 0.0 9.51294449184757e-08 0.0 3.195178423483794e-07 1.959992138349301e-07 0.0 7.245723231826775e-07 4.69963259760148e-06 0.0 0.0 4.820970680442048e-07 1.4486816369719807e-05 3.8583963115722144e-07 1.183961085343811e-05 5.253646454298926e-07 1.7547888070891577e-06 0.0 0.0 0.0 0.0 0.0 0.0 0.0 0.0 0.0 0.0 0.0 0.0 4.393621484705406e-07 9.928702891863873e-08 1.4181710288203627e-07 0.0 3.7081489385388225e-07 0.0 3.3413635083509507e-07 0.0 0.0 0.0 6.092803783180555e-06 1.0365013620351791e-07 0.0 1.816919230680742e-07 4.002369785941938e-07 7.652945667256576e-08 0.0 0.0 0.0 0.0 1.7166727058575523e-05 0.0 9.21178254965894e-08 0.0 0.0 1.2348348107049628e-05 0.0 0.0 0.0 1.0339946499413479e-07 0.0 0.0 0.0 0.0 0.0 0.0 0.0 2.1972988672723335e-07 0.0 0.0 0.0 2.1973686221826817e-05 1.9001188108780932e-05 1.0059796878584332e-05
0.00017550317069671336 0.0010691034847046252 0.0 2.5742586339915523e-06 0.0011274523214917002 1.134976719195143e-06 0.0001715921321954114 0.0007723478822587791 0.0004308456529014995 7.683290476944128e-06 0.0006594776653421051 6.615086923868592e-05 0.00020186918182409726 0.0008544208291166934 1.0568911277958578e-05 2.662262571253111e-06 8.196481908174938e-06 2.874097032422428e-06 7.163240313999758e-06 1.490251398974116e-06 3.445686358882544e-06 2.250312849706132e-06 1.0737162815333474e-07 1.844222415344102e-06 5.8807744609943516e-05 5.593588874943085e-06 1.2835432135809505e-05 7.095179902985493e-07 8.858468831946994e-07 1.8969065582475397e-06 0.001593247190912545 0.0008174258364066963 0.00040583746743079176 1.8884164016064515e-05 5.17290369284117e-05 2.918037118555959e-05 0.0001294397000239664 3.7314505466939776e-06 3.135062249380459e-05 1.7374244915733527e-05 2.05397285104427e-06 1.5393707578731181e-06 7.625465854435867e-07 2.5138477728691308e-05 1.9529771872993343e-05 4.889368254426524e-05 2.068896332964847e-05 9.374312914457487e-07 1.4747153762302565e-06 1.6157028404385917e-06 2.615470073065898e-07 2.224308795436115e-06 9.369852449841614e-07 8.115872771590184e-07 2.230158538231338e-06 5.02823372631231e-06 1.3082483891652777e-05 0.00025634830191306914 1.6519767833373313e-06 1.799445836913341e-05 8.372834293595514e-05 0.00014421775185165494 4.8436005378196906e-05 0.0007299630455016202 9.681932311122326e-06 3.419377046441502e-06 1.1745447635610736e-06 1.0880470232530005e-06 2.8633441099745614e-06 3.646628826278529e-06 0.0002447389424173553 3.656438220881982e-07 1.8082002939928866e-07 0.00010203511574708152 4.070107783940543e-05 0.00010169195748782695 0.00015176577301305842 0.00021264466636075762 0.0006641162271939432 0.0003171629050659274 1.3222337640675614e-05 0.00010651513517741382 8.250242773273197e-06 7.232719171668417e-08 2.1085888387923764e-06 2.484569451353267e-06 1.1790961732270117e-06 6.413189806225107e-08 5.974663708709191e-07 0.0 2.815712166765731e-07 5.187769436329179e-07 6.531021049074041e-06 2.636752051908833e-06 6.825891951421749e-07 6.29599089514075e-05 5.490225470202302e-05 8.907970843425472e-08 5.2798220758079465e-05 1.607092011048604e-05 0.0 4.89934133873061e-07 1.2652402528936133e-06 5.751365649605276e-07 0.0 2.584870372364199e-06 7.31907767550347e-07 1.213772416037358e-06 7.616789001900798e-07 4.692883142316583e-06 4.061194764137732e-06 3.6016101096417046e-06 1.5657848450482653e-06 6.530586141530295e-07 6.151851528343695e-06 0.0 0.0 0.0 0.0 0.0 0.0 0.0 0.0 0.0 8.792586233128834e-08 0.0 0.0 2.615008684965933e-07 2.80036289743276e-07 4.197675562278023e-07 1.9638132541379328e-07 3.69415746684439e-07 2.0279461430855135e-07 0.0 0.0 2.2643806651288799e-07 0.0 1.165604608876042e-07 0.0 1.3671016531509078e-06 7.785409951577062e-08 2.5110400076027064e-06 6.494274294420332e-07 4.925348490940968e-07 1.1739559498856364e-07 0.0 0.0 0.0 0.0 0.0 0.0 0.0 0.0 0.0 0.0 0.0 6.298137996725339e-07 2.454681502444778e-07 0.0 0.0 6.549421732694888e-08 0.0 0.0 0.0 0.0 0.0 9.541733298356973e-07 0.0 0.0 0.0 1.0945141388611732e-07 0.0 0.0 0.0 0.0 7.815838673306735e-08 9.378548322819219e-07 0.0 0.0 0.0 9.76436740734271e-08 6.457845705073276e-07 0.0 1.1040984202630509e-07 0.0 0.0 0.0 0.0 0.0 0.0 7.592511343222397e-08 0.0 0.0 0.0 0.0 0.0 0.0 1.6262124720643568e-06 2.4311470476266837e-06 2.5307397475852346e-06
0.0005877340809786312 0.0005151225545685919 2.5742586339915523e-06 0.0 1.5243873325153778e-05 7.75749339750527e-05 0.0005646038880014441 0.0 2.4947010943942985e-06 0.0010007038648494602 2.5313183961439296e-07 0.0012255342508889898 0.00037071701668394503 4.557965991977812e-05 7.11731064345004e-08 1.543989547741461e-07 0.0 0.0 0.0 0.0 0.0 0.0 0.0 0.0 0.0 0.0 0.0 0.0 0.0 0.0 6.342642226336974e-05 3.9053006089593597e-07 4.029982195165012e-06 0.0 0.0 0.0 3.674190831328895e-06 0.0 0.0 0.0 0.0 0.0 0.0 0.0 0.0 7.154005291202803e-08 1.409568378790138e-06 8.457337266132072e-08 0.0 0.0 0.0 0.0 0.0 0.0 2.416184924025629e-07 8.81050508452137e-07 8.578174530470257e-06 0.00011246752171672472 2.7784260060292204e-07 1.783814811045358e-06 0.0 0.0 0.0 8.495241192618816e-06 1.4908845120574724e-06 5.784126027020577e-07 1.2012643509338344e-07 3.130083293765405e-07 0.0 0.0 4.6833789301440705e-05 0.0 0.0 1.942766306461456e-05 1.0810024720664499e-05 4.207330891296972e-06 8.136887456268121e-07 2.4459710509244e-07 1.4567034271746984e-07 0.0 0.0 0.0 1.1819986301151012e-06 9.038943105008473e-08 5.026607632233959e-07 4.966846256012327e-07 5.9126765420793784e-08 0.0 1.2760175374532008e-07 0.0 0.0 0.0 0.0 0.0 0.0 3.130466281195782e-05 1.4332809777062419e-05 0.0 2.608318990316943e-06 8.926672529535689e-05 0.0 4.4802433704168267e-07 1.168049305215632e-06 3.058936075633822e-07 0.0 1.792812653479743e-06 1.1396809985494967e-07 1.960537558080999e-06 1.4220381979978413e-06 2.763189674844836e-06 1.0517653696718698e-06 8.602511129741527e-06 1.7566133174126215e-06 2.604577737607969e-07 5.661278797349507e-07 0.0 0.0 0.0 0.0 0.0 0.0 0.0 0.0 0.0 0.0 0.0 0.0 0.0 0.0 0.0 0.0 0.0 0.0 0.0 0.0 0.0 0.0 0.0 0.0 1.5890355365038186e-07 0.0 6.436636146280541e-07 0.0 0.0 0.0 0.0 0.0 0.0 0.0 0.0 0.0 0.0 0.0 0.0 0.0 0.0 0.0 0.0 0.0 0.0 0.0 0.0 0.0 0.0 0.0 0.0 2.8994274555107034e-07 0.0 0.0 0.0 0.0 0.0 0.0 0.0 0.0 0.0 2.394731117693923e-07 0.0 0.0 0.0 0.0 5.29258773522025e-07 0.0 0.0 0.0 0.0 0.0 0.0 0.0 0.0 0.0 0.0 0.0 0.0 0.0 0.0 0.0 0.0 8.031217850205196e-08 0.0
5.595169507316415e-05 0.0014520601144263371 0.0011274523214917002 1.5243873325153778e-05 0.0 7.461111736714714e-06 0.0006813097434467385 0.0002723741521111764 0.001129017019574721 8.097139224530298e-05 0.00031299202110105087 0.00020406454881235643 0.0010116868102047298 0.0025380357330425985 1.5902292173359784e-06 1.1171635508482658e-06 3.9133903334630015e-07 2.2467992272752603e-07 1.3176001541993256e-07 0.0 0.0 1.4173287762903122e-07 0.0 2.930758623206822e-07 1.3626937111522409e-06 5.616716633975607e-07 5.536225594976842e-07 0.0 0.0 0.0 0.0001308550231857077 4.54344901279101e-05 3.506503137319132e-05 5.648867958597879e-07 1.1266418986357824e-06 7.678206295571296e-07 1.0502041489699328e-05 0.0 2.020824838149132e-06 5.187748251884203e-07 0.0 2.2836741706000408e-07 0.0 4.3474544287823603e-07 0.0 4.727533610718877e-07 7.767625644189087e-06 3.605342478551172e-07 0.0 0.0 0.0 0.0 0.0 0.0 4.915185765991153e-07 8.830152062707476e-07 2.6706441855179445e-06 2.66628927638548e-05 3.3516629071393124e-07 5.089192359664875e-06 1.7221813790886794e-06 2.505432109164794e-06 2.125905636231365e-07 2.6902676563732932e-05 2.564166313152819e-06 1.1074894690397187e-06 1.7461228087347664e-07 1.1764368078450092e-07 0.0 0.0 4.193940498616038e-05 0.0 0.0 2.7949287228331285e-05 6.328558113697929e-06 2.508207436034587e-05 5.396878769221178e-06 5.240158614310057e-06 3.791086530363484e-06 1.0822951856230731e-05 5.9069880630241555e-08 4.4950323909066174e-07 3.7252304975226963e-06 6.435406138681044e-08 1.1136153499362409e-06 7.321406654659757e-07 2.473105705355343e-07 0.0 1.646272376085174e-07 0.0 0.0 0.0 0.0 9.253473765159277e-08 0.0 5.452620161815924e-05 1.3474905136926412e-05 0.0 7.832787413793257e-06 1.5295959246665889e-06 0.0 9.56678612548967e-07 6.695719436805009e-06 1.5054095584175948e-06 7.318817197946172e-07 5.250084022223462e-06 1.554138331959744e-06 5.410716949816192e-06 3.2118055020912946e-06 1.2900760664580926e-05 7.331275012635056e-06 1.2037029743991983e-05 3.7286743024010436e-06 2.2041256742551043e-06 1.1003990034160574e-05 0.0 0.0 0.0 0.0 0.0 0.0 0.0 0.0 0.0 0.0 0.0 0.0 0.0 0.0 0.0 0.0 0.0 8.433106702980539e-08 0.0 2.2795933175707354e-07 1.0453065228309293e-06 0.0 0.0 0.0 2.9582456797409752e-06 2.529039189043847e-07 2.1463431928470627e-06 3.768271987905709e-07 5.643063933201651e-07 0.0 0.0 0.0 0.0 0.0 0.0 0.0 0.0 0.0 0.0 0.0 0.0 1.5389967385244461e-07 0.0 0.0 0.0 5.304930692632065e-08 0.0 0.0 0.0 0.0 2.362200694011979e-07 1.1991871534618693e-06 0.0 0.0 8.689804089694959e-08 6.821756884436488e-08 0.0 0.0 0.0 0.0 0.0 2.3473738832058303e-06 0.0 0.0 0.0 0.0 3.7201305360162596e-06 0.0 0.0 8.876839959850253e-08 0.0 0.0 0.0 0.0 0.0 0.0 0.0 0.0 0.0 0.0 0.0 0.0 5.336871044100308e-06 5.775886838284996e-06 2.1420375113533464e-06
3.169362137427917e-05 0.0002387335267988462 1.134976719195143e-06 7.75749339750527e-05 7.461111736714714e-06 0.0 0.00011503010894021022 1.1810557002187305e-07 1.903321675154888e-06 7.744977242449456e-05 7.192586094874958e-07 5.003099362984381e-05 9.635618954397234e-06 5.3472278402061174e-06 1.277543443913154e-07 0.0 7.923528774282858e-07 0.0 0.0 0.0 0.0 1.7020949717326696e-06 0.0 0.0 2.091287884129174e-06 3.4993894451155576e-07 7.247419240268287e-07 0.0 1.1864417086797614e-06 0.0 2.1675372573823008e-05 0.0 4.5057149320223755e-06 0.0 5.864508125580531e-07 5.17289893545264e-06 1.5943474677443554e-05 2.947941599873642e-07 1.9029422401053632e-05 1.8512856851517902e-06 2.2478133471572844e-07 0.0 0.0 0.0 0.0 0.0 3.4010160580286376e-07 7.518912481164432e-08 0.0 0.0 0.0 2.3668172629304455e-06 5.681552652875084e-06 2.6867336348025435e-07 3.5737117673589027e-07 6.149767098547773e-07 8.516498518348651e-05 0.00014676536577275828 1.1467918536319727e-06 2.226699289209235e-07 4.1562868287613644e-06 1.8567976305824017e-05 1.5913600168129193e-07 2.7291503605958393e-07 9.370187699378083e-07 4.0110293834048906e-07 2.2839914816952016e-07 7.203747734742258e-08 0.0 0.0 4.863349330042873e-05 6.452233067470011e-05 1.2085021646228347e-05 8.627921432993688e-06 3.515932013732889e-06 6.937295708380947e-07 4.966492726349951e-07 2.1370068548725407e-07 1.2478117587600715e-07 3.5947305864204573e-06 0.0 4.486573943165547e-06 7.744576592203341e-07 0.0 3.176402684070998e-07 3.245895465386959e-07 0.0 1.1664829888574155e-06 3.6504541846508986e-07 2.6231562509769966e-06 3.050292024820004e-07 5.909787200185046e-07 0.0 0.0 1.0914445868159724e-07 2.4480681184945926e-05 0.000751605198906731 7.142401117391566e-05 9.815980068923558e-05 0.00029904525714471536 0.0 7.238991817488567e-07 8.114171467037427e-07 1.2077746383907582e-07 0.0 9.345506511191375e-07 2.492296876289891e-07 1.2237047373690977e-06 7.109591305048863e-07 1.2768582524025676e-06 6.789604591707859e-07 7.849712999453631e-07 2.991625861624603e-07 0.0 7.27086261905722e-07 9.976339419341041e-08 0.0 0.0 0.0 0.0 0.0 0.0 0.0 0.0 1.0368256207171337e-07 0.0 1.3424750206047476e-07 3.2250830010426385e-07 0.0 0.0 0.0 2.007793699486513e-07 2.8967424410049995e-07 1.200977392820317e-07 0.0 9.651663882178922e-08 0.0 3.3439765982491184e-07 1.9981212349850556e-07 1.7120785514486083e-07 8.89504383314359e-07 2.2485274110162636e-06 1.9862016817355755e-06 2.3384039279292518e-06 0.0 0.0 0.0 0.0 0.0 0.0 0.0 0.0 0.0 0.0 0.0 0.0 1.3939139965020956e-06 0.0 0.0 0.0 8.880299516388491e-08 0.0 0.0 0.0 0.0 1.0545843359288361e-07 4.4628205311633556e-07 0.0 0.0 0.0 0.0 0.0 0.0 0.0 0.0 0.0 3.60146350417089e-07 1.3995120885920922e-06 0.0 0.0 0.0 2.565789474438385e-07 0.0 1.4059168524561707e-07 0.0 0.0 0.0 0.0 0.0 0.0 0.0 0.0 0.0 0.0 0.0 0.0 0.0 1.0384304790978215e-06 2.186926541601619e-06 1.338351064063611e-06
0.0003382162424208933 0.002255720832700819 0.0001715921321954114 0.0005646038880014441 0.0006813097434467385 0.00011503010894021022 0.0 8.582355599591677e-06 0.0003013169601961655 0.0013133800468724532 5.1626813769588e-05 0.0005507711104820369 0.0016513842738874046 0.0011101272401032943 3.929218040957295e-06 9.398469616788775e-07 3.1836432654052293e-07 1.576492579708262e-07 2.427144229664446e-07 0.0 0.0 0.0 0.0 0.0 3.5592052630828773e-07 0.0 2.942312516990755e-07 0.0 7.596740259576795e-08 7.226001083029469e-08 5.938584897327644e-05 6.5798090991989165e-06 1.263439266415661e-05 0.0 8.976464709823942e-07 1.104605707993794e-07 3.339121829609037e-06 1.7994033393221931e-07 2.123719691941862e-06 1.946822133371975e-07 0.0 0.0 8.901804575409659e-08 9.075361329922771e-07 1.2387824016164146e-07 1.0887731827466911e-07 1.2859468485436461e-05 2.9266047066213273e-07 0.0 7.395034730750712e-08 0.0 4.1461434887176507e-07 4.0379123871306085e-07 0.0 1.205156730739782e-06 2.5391223698196277e-06 6.825479446998039e-06 6.180034967697913e-05 8.32044435081061e-07 7.622549388479327e-06 5.248167029269248e-07 2.9627925051385793e-06 3.024210043683042e-07 3.570549484961619e-05 5.39874390584315e-06 2.189564272653928e-06 4.2214572088173614e-07 1.1113147989383726e-07 0.0 0.0 0.00010126140438966182 3.520794960024311e-07 1.0858230779416381e-07 5.211360252021444e-05 1.199130780059263e-05 3.411271277568163e-05 5.830282046531159e-06 7.477262347542064e-06 2.362703169684657e-06 5.236949831486579e-06 2.094761654746623e-07 1.630125592125304e-06 4.000853099271344e-06 0.0 1.1756323285470878e-06 1.189233362947991e-06 0.0 0.0 1.7137851521126077e-07 0.0 0.0 5.91036276788763e-08 0.0 1.678241070290686e-07 0.0 0.00035043632262590855 4.112484658489889e-05 0.0 1.3676157768514752e-05 1.1407665037468689e-05 0.0 7.923421935204315e-06 3.742885066130477e-05 1.1476074644445696e-05 1.513462301258422e-06 8.686446887624935e-05 4.709429429601272e-06 3.4847279504287215e-05 2.8131092203442817e-05 7.118117169438695e-05 4.2625229051744964e-05 0.00012369026680576433 4.661165935377165e-05 2.0828445650430822e-05 5.771792279717056e-05 0.0 0.0 0.0 0.0 0.0 0.0 0.0 4.874948076763771e-07 0.0 0.0 0.0 0.0 1.346740383316092e-07 0.0 1.0136822979512467e-07 1.460593791041527e-07 1.264939496417145e-07 0.0 0.0 7.605167739303948e-07 4.901265791798512e-06 0.0 0.0 0.0 1.2112671304767168e-05 3.4531135057011356e-07 1.1950647390572107e-05 9.774812306821688e-07 1.0896983564335372e-06 0.0 0.0 0.0 0.0 0.0 0.0 0.0 0.0 7.929923173714178e-08 0.0 0.0 0.0 1.2580658273919822e-07 0.0 6.674592189831539e-08 0.0 0.0 0.0 0.0 0.0 0.0 0.0 6.426297778363962e-06 1.0150705624662955e-07 0.0 0.0 8.02427026341235e-08 0.0 0.0 0.0 1.3693958943732292e-07 0.0 1.5173152984977924e-05 6.578919022214861e-07 0.0 0.0 0.0 1.555054305219358e-05 0.0 9.794526767715583e-08 0.0 0.0 0.0 0.0 0.0 0.0 0.0 0.0 0.0 0.0 0.0 0.0 0.0 2.5415702113659272e-05 1.1517243099597825e-05 9.280561164610547e-06
5.697122997836649e-06 0.00016322965354359726 0.0007723478822587791 0.0 0.0002723741521111764 1.1810557002187305e-07 8.582355599591677e-06 0.0 0.00032913929224620797 9.755002743715145e-07 0.0010947709172100533 1.5445304207901296e-05 4.945260997921655e-05 0.0004392285940529049 1.1335941699244426e-05 4.334534724856104e-06 7.38326401531141e-06 2.845267457245938e-06 9.943083217713205e-06 3.5601614788153027e-06 5.423280840488019e-06 3.5574462138333346e-07 4.679078065264215e-07 1.085696745756874e-06 7.376610199822935e-05 9.254810099310426e-06 1.6072034679944654e-05 2.7138211253697015e-06 1.3489836736703523e-06 1.1595691491132058e-06 0.0009305600417411491 0.00047727018080454475 0.0004113763149140451 2.8234734156300244e-05 6.502806904803044e-05 3.691118158441763e-05 8.724866490199266e-05 3.076235840095681e-06 2.760439695846825e-05 1.8880356231669887e-05 3.3559347049105558e-06 2.2978820197598666e-06 4.718035120624405e-07 4.23126768599151e-05 3.8323932755222946e-05 9.509591413341149e-05 2.421842222083536e-05 1.218041263931586e-06 1.2103941747383111e-06 7.429551537833648e-07 2.8089542718713045e-07 2.0190728332970183e-06 1.2779141660054712e-06 8.14818218228571e-07 1.623204577004571e-06 4.1996728112491805e-06 1.1145468043554423e-05 0.00011563107891645859 2.010146545311856e-06 1.6442215065503075e-05 0.0001528419015536737 0.0002266359933403733 8.080244403012024e-05 0.001026807744466783 7.606064584490383e-06 3.283979567856115e-06 1.4003824219012217e-06 3.4801351194781143e-07 4.024289365325928e-06 5.359659834929003e-06 0.00014458038896888472 7.354215152655712e-07 0.0 9.909424376665432e-05 3.26759453690826e-05 0.00011294305597469486 0.00015589107585984202 0.00020040065929324962 0.0007660635264348482 0.0004514858965521108 1.7874819295864057e-05 0.0002368761674991517 6.9114247345664725e-06 2.171293936011852e-07 2.2075782291064898e-06 2.3246680021444447e-06 1.1437494085647501e-06 9.128288501690116e-08 7.150732806981075e-07 1.4415310935152135e-07 5.913637245269504e-08 0.0 7.548427207988305e-06 2.0774486215329378e-06 5.889956110948931e-07 3.9328899556111275e-05 4.725001523418496e-05 0.0 4.098786537258299e-05 1.3395462767817108e-06 0.0 2.1583336684292632e-07 2.480709326573216e-07 7.441479348460875e-08 0.0 1.1484313873044481e-06 1.9397232941978044e-07 1.1660739696165877e-07 8.083360628034143e-08 1.4865189389487558e-06 1.0157211811904722e-06 1.238008486005638e-06 2.514184508164121e-07 0.0 1.91448227288417e-06 0.0 0.0 0.0 0.0 0.0 0.0 1.0531363905042878e-07 0.0 0.0 2.879439077465392e-07 0.0 0.0 3.7520122430182803e-07 0.0 0.0 1.210272238895353e-07 0.0 8.218697910335763e-08 8.850211909780864e-08 0.0 1.5022732753707229e-07 0.0 1.6958127701333088e-07 0.0 5.553164210209826e-07 0.0 2.2441642240049783e-06 4.678559843626388e-07 9.43836761457993e-07 0.0 0.0 0.0 0.0 0.0 0.0 0.0 0.0 0.0 0.0 0.0 1.2588994239122583e-07 1.0411150551082925e-06 0.0 4.8645123458214575e-08 0.0 5.065877328999826e-08 0.0 0.0 0.0 0.0 0.0 6.465999951018198e-07 0.0 0.0 0.0 2.3351089779453128e-07 0.0 0.0 1.1280698156482396e-07 0.0 0.0 7.679900481694965e-07 0.0 0.0 0.0 0.0 3.300444784775572e-07 0.0 0.0 0.0 0.0 0.0 0.0 0.0 0.0 0.0 0.0 0.0 0.0 0.0 0.0 0.0 1.0295557513182506e-06 1.6821472484595838e-06 6.228151595062489e-07
8.036100078897334e-06 0.00026248662476442003 0.0004308456529014995 2.4947010943942985e-06 0.001129017019574721 1.903321675154888e-06 0.0003013169601961655 0.00032913929224620797 0.0 8.401973415084709e-05 0.00024676358878131455 0.0002550797624733026 0.0011293563880221907 0.0007421726827262849 2.7399678101797297e-06 4.03070671457264e-07 1.067440560551831e-07 0.0 8.330905992834815e-08 0.0 0.0 0.0 0.0 0.0 1.2971192150293753e-06 1.3744391590156417e-07 1.1015396582157061e-07 1.7465365318335366e-07 0.0 0.0 3.8101163054399884e-05 4.5634509528674255e-05 7.079227213530066e-05 9.327262262168228e-08 2.8667249594660274e-06 1.4428364482629536e-06 1.6708983844874713e-05 1.8948344234023436e-07 2.7616188824184072e-06 1.071839595972018e-06 0.0 2.0961910353081016e-07 0.0 9.987471503490751e-08 8.18902545051272e-08 2.8363002582251033e-07 3.686266318038672e-06 1.0560655386540973e-07 0.0 0.0 0.0 2.426168947931543e-07 4.533033184976435e-07 1.2025831965283877e-07 3.961560002805368e-07 5.885616887417337e-07 1.8226690421210133e-06 1.3159110415224426e-05 1.034297479304367e-06 3.5445102001623443e-06 6.386982768525873e-07 2.5462394321722706e-06 9.754193976275544e-07 1.687179385573641e-05 1.5371114083428287e-06 8.305131926466616e-07 3.1071540933465746e-07 1.3626360632660906e-07 0.0 0.0 4.120516279527918e-05 8.453631696684445e-08 0.0 1.8494985847358347e-05 2.9210872919592767e-06 1.582608805167565e-05 4.580647542818039e-06 6.038667326984479e-06 2.0141642197203435e-05 8.41774646671097e-05 2.8003485466797127e-07 2.5864757091033215e-06 1.5119951360753286e-06 0.0 4.632007025794041e-07 1.7299915372555715e-07 6.325326181743047e-08 0.0 0.0 0.0 5.9241036139306254e-08 0.0 0.0 0.0 3.4480570292543305e-07 3.883850163665133e-05 7.609075859380301e-06 0.0 5.479815187928726e-06 9.731562269245285e-08 0.0 1.0694034018841343e-06 2.8337947591115886e-06 1.1441728525902881e-06 0.0 4.270089422292576e-06 2.247204806891151e-07 3.1312755395222592e-06 2.3749020500916692e-06 7.867747009944629e-06 4.258609810739894e-06 6.694579605465237e-06 3.2358682639375515e-06 6.839601761113908e-07 8.624417263836655e-06 0.0 0.0 0.0 0.0 7.143900538739506e-08 0.0 0.0 0.0 0.0 0.0 0.0 0.0 0.0 0.0 0.0 9.528477473598522e-08 0.0 0.0 0.0 0.0 7.853670048764186e-07 0.0 0.0 0.0 1.8341633290271095e-06 0.0 2.58084667177838e-06 0.0 3.0756022543486333e-07 0.0 0.0 0.0 0.0 0.0 0.0 0.0 0.0 0.0 0.0 0.0 0.0 0.0 2.1943756986029603e-07 0.0 0.0 0.0 0.0 0.0 0.0 0.0 0.0 4.681201293346054e-07 0.0 0.0 0.0 0.0 0.0 0.0 0.0 0.0 0.0 1.6597271011419122e-06 0.0 0.0 0.0 0.0 1.938046573851757e-06 0.0 0.0 6.036174453116801e-08 0.0 0.0 0.0 0.0 0.0 0.0 0.0 0.0 0.0 0.0 0.0 0.0 3.4006478074549007e-06 3.3040097965697377e-06 2.2896627113730513e-06
0.0006228051352375922 0.0018375527312143177 7.683290476944128e-06 0.0010007038648494602 8.097139224530298e-05 7.744977242449456e-05 0.0013133800468724532 9.755002743715145e-07 8.401973415084709e-05 0.0 7.010515311926429e-06 0.0017388902079681998 0.0017998055760668353 0.00044788254769497935 6.912458199491395e-07 1.6572796314623482e-07 1.1477176480458357e-07 0.0 0.0 0.0 0.0 1.3552564163011373e-07 0.0 0.0 2.2288914920215943e-06 0.0 0.0 0.0 0.0 0.0 9.105209329637722e-05 0.0 0.0001238615452130836 8.939066419592392e-08 9.71831720755162e-07 8.566938295160821e-07 7.947544655863543e-05 0.0 2.4017862326292443e-06 1.4427165796118037e-06 3.604286160621497e-07 0.0 0.0 2.8040262118853013e-07 1.1436276834272939e-07 0.0 2.0690487556159157e-06 2.588815485492853e-07 0.0 0.0 0.0 5.529309044534836e-07 9.881209074653125e-07 0.0 7.746942530243471e-07 2.3387207606659785e-06 1.1805003528410855e-05 0.00021176758052687732 8.217683562664011e-07 1.6638337001055533e-06 2.1713830587440716e-07 3.6392922714359213e-06 0.0 1.0014499780117359e-05 3.716101989203916e-06 1.1784493358123685e-06 4.119450974154409e-07 3.537943597389196e-07 0.0 0.0 0.0005717349852709783 2.5795623818860067e-06 1.8182744656848085e-07 3.850151751554779e-05 1.6442821515798428e-05 6.846474473422201e-06 1.0563012326886733e-06 7.432583589994398e-07 0.0 9.584082769232218e-06 0.0 1.1790633828952467e-06 2.924761813666579e-06 0.0 4.5694942913075787e-07 9.70081521136666e-07 6.225991066412212e-08 1.546997966717628e-07 5.144122475146655e-07 8.213150660913708e-08 0.0 1.7533161236998324e-07 0.0 0.0 0.0 0.0001571487938409254 0.00026504442026576813 1.7634742245181095e-06 8.558928398429433e-05 5.1926463182268626e-05 0.0 8.335093889953421e-06 2.9800730509808405e-05 1.1268567419373389e-05 1.5466770622394606e-06 3.612180780942714e-05 5.0707008790572864e-06 2.3704358018945303e-05 3.798459338511241e-05 8.572222650746013e-05 2.4898730864918036e-05 0.0001629791033759824 4.655742183296672e-05 8.688587396405237e-06 2.872160504220891e-05 0.0 0.0 0.0 0.0 0.0 0.0 0.0 0.0 0.0 0.0 0.0 0.0 1.7799741281188409e-07 0.0 1.2810663259965876e-07 0.0 1.6140791950998473e-07 8.679060956510784e-08 1.1247040515317028e-07 1.1706897925236848e-06 3.2714698114138393e-06 0.0 1.1653566597539433e-07 0.0 4.128688069837916e-06 6.572657253354363e-07 4.845682916369086e-06 7.838806825769554e-07 1.3656084174331102e-06 0.0 0.0 0.0 0.0 0.0 0.0 0.0 0.0 7.52165563899895e-08 0.0 0.0 0.0 4.5059004667582035e-07 0.0 0.0 0.0 0.0 6.917437113534823e-08 6.112588226774523e-08 0.0 0.0 0.0 3.1484248887300533e-06 0.0 0.0 7.711127150852026e-08 6.568940465262489e-08 0.0 0.0 0.0 0.0 0.0 6.073378723445048e-06 0.0 0.0 0.0 0.0 6.3184290503755995e-06 0.0 1.1546906333936762e-07 1.234609863220417e-07 0.0 1.6648984006973268e-07 0.0 2.0604221250217686e-07 0.0 0.0 0.0 0.0 0.0 0.0 0.0 0.0 1.4526737072452397e-05 3.6176588870698495e-06 3.554696620938917e-06
2.813043319066705e-05 0.00016028553214835327 0.0006594776653421051 2.5313183961439296e-07 0.00031299202110105087 7.192586094874958e-07 5.1626813769588e-05 0.0010947709172100533 0.00024676358878131455 7.010515311926429e-06 0.0 0.00012351631796248216 0.0003751629304448798 0.0014726138018971847 9.97643233477228e-06 2.2649297010225562e-06 5.006223583426052e-06 4.630577189653101e-07 4.423594342236092e-07 7.518691639020311e-07 9.805914944470276e-07 6.61372517920349e-07 0.0 4.586291449117665e-07 3.104182036445154e-05 4.412902883152369e-06 7.500281633104726e-06 8.913100326481033e-07 9.913668427939021e-07 1.0497793507344457e-06 0.00023714929951062472 0.00036022454703263357 0.0006196078595939191 2.1227915285147974e-06 3.158395511196622e-05 1.7747767255686866e-05 0.00015553885575493348 2.217592346883228e-06 1.942244453855319e-05 1.1196628187736901e-05 1.601469723702864e-06 7.256055318441523e-07 3.2159542706288706e-07 9.65553289075848e-06 1.5909183553036523e-06 8.982587988222794e-06 2.1147259354857746e-05 3.054614847490971e-07 2.2657546358383132e-07 9.747939211949267e-08 2.777724812290038e-07 1.0094115935707122e-06 9.37664223529837e-07 3.2705688517753884e-07 9.124693353314553e-07 2.6483647866276322e-06 4.361777602188204e-06 3.920229946784444e-05 1.1354147873214045e-06 1.1883539892339168e-05 2.8011692833307303e-05 0.00010438262358203862 1.6026391500539505e-05 0.00011894896085707214 3.24624802694298e-06 2.071968125891525e-06 4.4459667106577046e-07 2.91214575345163e-07 4.5211042923479866e-07 4.913646647726807e-07 0.0003284063176026739 2.462211319789836e-07 2.260664332616468e-07 5.228787204587981e-05 1.2551000962113885e-05 7.049419262097176e-05 4.029219791477761e-05 4.278700498834422e-05 0.0004052787468460003 0.00048114810845115147 9.925896841284651e-06 0.00028807459462175785 4.679144238181045e-06 7.217931631811878e-08 1.410441288970598e-06 9.516737988131332e-07 1.8015616470225932e-07 7.032789263794801e-08 7.419381238875281e-07 1.4493249191583992e-07 1.743187453314789e-07 2.2497049130827853e-07 8.008659605363159e-07 6.498063462699202e-07 3.8784068421688565e-07 0.00010972931942502295 4.8710987418138e-05 1.3753144410566742e-07 4.99938661929918e-05 5.77801021443016e-07 8.519695843918135e-08 6.32030432933534e-07 2.1419651482505792e-06 5.992355510687438e-07 9.706390365030754e-08 2.149726394267501e-06 3.619751033242906e-07 2.000357139257291e-06 5.398617875479779e-07 4.490999800826549e-06 4.747159666418198e-06 3.971792027086069e-06 1.2798249232158017e-06 6.136432800227025e-07 6.700596175764637e-06 0.0 0.0 0.0 0.0 0.0 0.0 0.0 0.0 0.0 0.0 1.4963493756286016e-07 0.0 2.3942775313922423e-07 8.255364653846492e-08 2.266026616777024e-07 7.965366686369906e-08 0.0 1.9145970048768871e-07 0.0 0.0 3.189077246383589e-07 0.0 1.143563332828311e-07 9.603944211449976e-08 2.551790423040658e-06 5.277586471648682e-07 1.9829830640904655e-06 4.1369639042464566e-07 8.179688918916931e-07 0.0 0.0 0.0 0.0 0.0 0.0 0.0 0.0 6.28583712346631e-08 0.0 0.0 0.0 2.1613601966890376e-07 0.0 0.0 0.0 5.232299367456153e-08 0.0 0.0 0.0 0.0 0.0 1.750078462833218e-06 0.0 0.0 0.0 1.2131967173556783e-07 0.0 0.0 0.0 0.0 0.0 2.882110931419392e-06 9.920581049008176e-08 0.0 0.0 8.544145085211351e-08 7.643125993641517e-07 0.0 0.0 0.0 0.0 0.0 0.0 0.0 0.0 0.0 0.0 0.0 6.825597419299679e-08 0.0 0.0 0.0 3.122636072976776e-06 3.2385451121814016e-06 1.762186643064124e-06
0.0002837475042304555 0.0007636951430036232 6.615086923868592e-05 0.0012255342508889898 0.00020406454881235643 5.003099362984381e-05 0.0005507711104820369 1.5445304207901296e-05 0.0002550797624733026 0.0017388902079681998 0.00012351631796248216 0.0 0.0013586391546819994 0.0005047214216688739 6.046218721711798e-06 2.8150614284519452e-06 1.2544824671349915e-06 0.0 0.0 0.0 0.0 1.0307430198694855e-06 0.0 4.255829426368601e-07 1.9071729429007265e-05 1.3413475069946747e-06 6.179726898032135e-06 4.767793167760427e-07 7.130257983965399e-07 1.3443906183468603e-07 1.2775653908842525e-05 2.613223923950514e-06 0.00014543847364263454 4.1505894886856093e-07 1.8028277832123618e-05 8.545764818261468e-06 0.0003318476488439964 2.6067130385455464e-06 1.5075376424070227e-05 7.597245861663529e-06 1.026774899978009e-06 1.4420615019036446e-07 0.0 3.108141220145486e-07 8.169744758213925e-08 1.2944048612063305e-06 7.435276856183104e-06 6.830306971986303e-08 1.5830327076199352e-07 1.2159518341510702e-07 0.0 3.4700737609585556e-06 7.374717025701933e-07 2.3476198733362436e-07 3.233123238227239e-07 3.580997621902152e-07 2.351697822046479e-06 1.9226748097133847e-05 0.0 2.98011905197805e-06 2.447365067130154e-06 1.6700590693060003e-05 2.1650033004977044e-06 1.170441660030853e-05 8.108842098492985e-07 5.770488255830819e-07 2.277734638787635e-07 2.9514880581942264e-07 0.0 6.053483853084278e-07 0.00018593489203293082 2.7579924129548404e-06 0.0 1.1411996026401506e-05 3.5803371626616002e-06 1.1431119088206518e-05 6.7461225559852605e-06 4.179735053776822e-06 3.6571093008187373e-06 0.00010580075641621582 0.0 4.303814586028928e-06 7.088869899649475e-07 0.0 3.2540618980824857e-07 2.950358961445524e-07 6.192752558351726e-08 0.0 4.8030803027658784e-08 0.0 0.0 0.0 3.131129531999487e-07 2.75626075542044e-07 4.0092500608692974e-07 0.0003621270986532136 3.9054277640345273e-05 6.928016465902478e-07 3.815123584430185e-05 5.481715068179405e-06 0.0 3.471427054055166e-06 1.3036425200999468e-05 3.335207280167528e-06 9.73746373169891e-07 1.7793112924619214e-05 3.2249947211324233e-06 9.073270652993484e-06 5.07379089800981e-06 3.1926066506564936e-05 1.3603961840630504e-05 2.0209327318941275e-05 7.84798397858537e-06 4.151116907333822e-06 2.0431077358897115e-05 0.0 0.0 0.0 0.0 0.0 0.0 0.0 0.0 0.0 1.0291776943965976e-07 0.0 0.0 1.0346568005206521e-06 5.337424214377601e-07 1.1354190526841157e-07 1.0443488321599948e-07 0.0 7.156641217021494e-07 0.0 3.2267211508924986e-07 2.9118652816506994e-06 0.0 4.2744979907130026e-07 0.0 4.222981458107022e-06 9.605225528686358e-08 4.1588295145484505e-06 8.729133011790869e-07 2.1954195051816662e-06 0.0 0.0 0.0 0.0 0.0 0.0 0.0 0.0 0.0 0.0 0.0 0.0 0.0 0.0 0.0 0.0 6.72923439048293e-08 0.0 0.0 0.0 0.0 0.0 2.8449545709662986e-06 0.0 0.0 0.0 0.0 0.0 0.0 0.0 0.0 0.0 4.913834466054688e-06 0.0 0.0 0.0 0.0 4.216430339340832e-06 0.0 2.2387367805918956e-07 7.717381117914239e-08 0.0 1.0101345867871432e-07 0.0 0.0 0.0 0.0 0.0 0.0 0.0 0.0 0.0 0.0 8.141874405594305e-06 7.083155674659915e-06 2.9763625715255647e-06
3.0133817495995368e-05 0.0010326347614778165 0.00020186918182409726 0.00037071701668394503 0.0010116868102047298 9.635618954397234e-06 0.0016513842738874046 4.945260997921655e-05 0.0011293563880221907 0.0017998055760668353 0.0003751629304448798 0.0013586391546819994 0.0 0.0026682158184332776 5.196697842758838e-06 1.2599339993121185e-06 5.159882392417029e-07 0.0 0.0 1.8373489513296973e-07 1.8321442407155003e-07 2.6012059940109957e-07 0.0 3.942077944384444e-07 3.786536897457446e-05 1.2994499026086435e-06 6.18604194121595e-06 5.392082132520426e-07 4.180363565507614e-06 3.6572345168338194e-07 1.3330926263940063e-05 6.468999127426033e-06 0.00048309346856738826 1.2542822399615187e-07 1.5916075126334537e-05 1.0818073966932962e-05 0.0005090820975831128 1.2529714467339532e-05 3.1533442750525774e-05 3.68407835781005e-05 1.369597773022251e-06 3.635182990248198e-07 0.0 6.995904183826995e-07 0.0 4.976487627215515e-07 8.934170631716516e-06 0.0 0.0 0.0 0.0 7.890393682760209e-07 8.550743812031303e-07 0.0 3.5344728222067074e-07 6.512983063652239e-07 1.051835540298477e-06 1.0932620726736087e-05 2.016121464258959e-07 2.3656759281784495e-06 1.4009441798513688e-06 1.4332120610621025e-05 2.704576244972141e-06 1.2287230351180528e-05 1.5358996751744943e-06 9.75706828404763e-07 3.011319251968381e-07 1.035596638171426e-07 1.649034098782762e-07 2.0675422625357792e-07 0.0002913144675658387 0.0 0.0 1.3449076588949322e-05 2.6251082267391363e-06 1.7276430462004087e-05 1.0598508920244504e-05 6.948174501739373e-06 7.375174928619015e-06 0.00015903352291391643 0.0 4.023528000929325e-06 1.5867305720799135e-06 0.0 5.226414932284912e-07 6.733511598260283e-07 5.1604311378787986e-08 0.0 1.7957658790041104e-07 0.0 1.4464564769718787e-07 1.0361408847860096e-07 1.8896746443125694e-07 7.93438261327626e-07 1.3495119009721096e-07 0.0004832478765084673 3.446074820100156e-05 0.0 1.670569340512744e-05 1.2461916042989533e-07 0.0 3.472623240574366e-06 1.3101284710714942e-05 5.871726070310253e-06 8.328159304259465e-07 1.7309358549608775e-05 2.764178504371986e-06 8.697651138408774e-06 1.329188600268592e-05 3.650351190663015e-05 2.1598143033886197e-05 2.535236937030998e-05 1.2495158958781317e-05 6.801501946848062e-06 3.228686852124874e-05 0.0 0.0 0.0 0.0 0.0 0.0 0.0 0.0 0.0 4.3072104183899455e-07 0.0 0.0 2.444343721086758e-07 9.558582164435975e-08 0.0 0.0 0.0 0.0 0.0 4.568775899443712e-07 4.601441539109925e-06 0.0 2.2793804480671972e-07 0.0 6.580729324153859e-06 6.997778893312408e-07 8.358265902835915e-06 6.386249968961525e-07 2.014956752585827e-06 0.0 0.0 0.0 0.0 0.0 0.0 0.0 0.0 0.0 0.0 0.0 0.0 6.057246256069767e-07 2.2262619329258824e-07 0.0 0.0 0.0 0.0 0.0 0.0 0.0 1.0179788678557263e-07 2.8172931755615918e-06 0.0 0.0 0.0 0.0 0.0 0.0 0.0 0.0 0.0 6.087534340419576e-06 5.848742798304048e-07 0.0 0.0 0.0 6.6295332796966955e-06 0.0 8.095145329762928e-08 0.0 7.64604477735857e-08 1.1457462418196498e-07 0.0 0.0 0.0 0.0 0.0 0.0 0.0 0.0 0.0 0.0 9.77285306456714e-06 6.810326298928641e-06 3.2966284810450056e-06
