0.0 0.001710070013697571 0.0009515405960406952 0.0009471121784150438 0.000285578152344724 1.8718928981397026e-05 0.0002636756319378486 1.6993257574454883e-05 7.453436713963899e-05 0.0003315615364495691 9.717804404896917e-05 0.0006087446632074043 0.00025972638971545197 8.078569116118417e-05 4.6729909374712303e-07 0.0 0.0 0.0 0.0 0.0 4.2232834479867576e-07 0.0 0.0 0.0 0.0 1.886776032865299e-07 0.0 0.0 0.0 0.0 0.00041855002292103465 1.5081631217443594e-06 3.903445223065354e-05 0.0 0.0 0.0 6.406275464615314e-06 0.0 0.0 0.0 0.0 0.0 0.0 0.0 0.0 0.0 1.099619222076557e-06 2.0456504362801246e-07 1.0159363022246904e-06 0.0 0.0 0.0 0.0 0.0 1.6164664953711764e-07 9.109252019228344e-08 9.02343297947366e-05 0.0005359574423458219 2.23048662956475e-06 9.026533669053846e-07 0.0 5.624856917134141e-07 0.0 3.6247247028852755e-06 8.8642456800177e-08 7.304990392219908e-08 0.0 1.0205564659701193e-07 0.0 0.0 0.00013425413556534735 0.0 0.0 1.1359437855669027e-05 1.1535494523345165e-06 9.632375355421534e-07 9.995112402899256e-07 1.3593376894897573e-07 9.707405846887368e-07 1.433841430915725e-06 0.0 2.3072349360081191e-07 7.629405350810802e-07 0.0 0.0 8.211892229388433e-08 0.0 0.0 0.0 0.0 0.0 0.0 0.0 0.0 0.0 4.446459009629761e-06 0.0 0.0 0.0 0.0010031099364948702 0.0 0.0 0.0 1.1483021026477056e-05 0.0 0.0 0.0 0.0 4.725291324704707e-06 3.441245098731407e-07 0.0 0.0 0.0 0.0 0.0 0.0 0.0 0.0 0.0 0.0 0.0 0.0 0.0 0.0 0.0 0.0 0.0 0.0 0.0 0.0 0.0 0.0 0.0 0.0 0.0 0.0 0.0 0.0 0.0 0.0 0.0 0.0 0.0 0.0 0.0 0.0 0.0 0.0 0.0 0.0 0.0 0.0 0.0 0.0 0.0 0.0 1.5025231679500919e-07 0.0 0.0 0.0 0.0 0.0 0.0 0.0 0.0 0.0 0.0 0.0 0.0 0.0 0.0 0.0 0.0 0.0 0.0 0.0 6.443044208423448e-07 0.0 0.0 0.0 0.0 0.0 0.0 0.0 0.0 0.0 0.0 0.0 0.0 0.0 0.0 0.0 0.0 0.0 0.0 0.0 0.0 0.0 0.0 0.0
0.001710070013697571 0.0 0.0019484476140029345 9.698191943158943e-05 0.0008840313173282509 0.00014566401083612675 0.0005780226141405472 4.6299262114497647e-05 0.0011416780045333695 0.0006633663628747372 0.0005509382828301242 0.00033556539070882105 0.0008029475724320889 0.00044696472206535255 4.444421914654182e-06 8.832410786716797e-07 7.497309952210256e-07 1.429890921999895e-07 0.0 9.75262000772616e-08 4.801373988113378e-07 0.0 2.1069583984394728e-07 0.0 0.0 0.0 0.0 0.0 0.0 0.0 0.0013814397875055924 5.815096442251326e-05 1.799250369397795e-05 1.0408540258942468e-07 1.0240304338969617e-07 0.0 2.3870487603656184e-06 8.749823949477571e-08 0.0 0.0 2.3813064989552807e-07 0.0 0.0 2.3681843012101766e-07 1.6750282264605003e-07 9.436427585628674e-08 5.944992422903859e-05 3.338386360624869e-06 0.0 0.0 0.0 0.0 1.0553939070665346e-07 0.0 3.404836998854414e-06 1.83433958690847e-06 0.0001213966189874877 0.0008928612561783935 2.0824776475490136e-05 3.4824425437155696e-05 0.0 1.7656042177900366e-06 0.0 0.00011265647259637679 1.8399519099788043e-06 3.218592535483885e-07 0.0 4.183036245232233e-07 9.344538997990978e-08 9.353039758622305e-08 2.9059118647536216e-06 0.0 0.0 0.00013790476949400473 3.276418320598188e-05 4.979140996231772e-05 5.843307833104961e-05 7.0395325113599864e-06 2.8170070482051588e-05 2.4885217156605103e-05 1.1102538194475615e-06 2.944323637110096e-06 1.3121419984039896e-05 1.5998313755814948e-07 4.241919467599035e-07 8.23491513988011e-07 0.0 0.0 0.0 0.0 0.0 0.0 2.845835448322492e-07 0.0 0.0 1.3059780035583302e-05 1.8679827591081368e-07 0.0 4.1937964816135494e-07 0.0008075154658787466 0.0 0.0 0.0 0.0 0.0 0.0 0.0 0.0 1.8780221046990227e-07 0.0 0.0 0.0 0.0 0.0 0.0 0.0 0.0 0.0 0.0 0.0 0.0 0.0 0.0 0.0 0.0 0.0 0.0 0.0 0.0 0.0 0.0 0.0 0.0 0.0 0.0 0.0 0.0 0.0 0.0 2.0464827125706542e-07 2.3090798824384456e-07 0.0 1.1687508689016704e-07 2.855355999002657e-07 0.0 0.0 0.0 0.0 0.0 0.0 0.0 0.0 0.0 0.0 0.0 0.0 0.0 0.0 0.0 0.0 0.0 0.0 0.0 0.0 0.0 0.0 3.186720947267153e-07 0.0 0.0 0.0 0.0 0.0 0.0 0.0 0.0 0.0 0.0 0.0 0.0 0.0 0.0 0.0 0.0 0.0 0.0 0.0 0.0 0.0 0.0 0.0 0.0 0.0 0.0 0.0 0.0 0.0 0.0 0.0 0.0 0.0
0.0009515405960406952 0.0019484476140029345 0.0 7.403129657542023e-06 0.0009355375038743105 1.2453968266525718e-07 0.0001317529673967332 0.0009921792962360456 0.0005945675393127198 7.323953715420027e-06 0.0014897013315435625 5.259409879608027e-05 0.00024490244594975295 0.0005117238061639453 2.9813009805610063e-06 7.104613422857381e-07 8.861034601040075e-07 3.085653085358625e-07 0.0 9.507717797185248e-07 4.486056883525786e-06 0.0 0.0 0.0 0.0 0.0 0.0 0.0 0.0 0.0 0.0017582549251261741 0.00023966715013202757 6.057525244998365e-05 2.7359170602509843e-07 4.826071583364364e-07 1.1807774906430446e-06 5.210971339938438e-06 8.077006100286354e-07 0.0 1.273055482536771e-07 8.83443290934519e-07 1.890965757032783e-07 1.1346289786639051e-07 3.0376691155971705e-06 7.68505565524821e-07 7.359623165810384e-07 2.440546282259232e-05 1.8788116341510387e-06 8.309017852429326e-07 8.854569244405929e-07 0.0 0.0 0.0 1.163088761236578e-07 1.5784216721729837e-06 7.156702608942853e-07 4.275857163051476e-05 0.0005007512275185871 8.825251163644395e-06 1.85637661112587e-05 5.197914186670067e-06 2.9155107221103213e-05 1.0616616862247846e-06 0.00024840359849715094 1.1053393364621371e-06 2.286292750473099e-07 1.4739411830924313e-07 2.421712941213941e-07 1.3093585432172053e-06 1.6743441195847598e-06 1.5707183940689937e-05 1.150072472138464e-07 0.0 7.344786830794602e-05 2.2252557371369243e-05 3.030505691588711e-05 3.167590803913589e-05 2.5266645286607038e-05 0.00016518966210412765 8.696666422409666e-05 1.195587967381481e-05 5.17041148349353e-05 6.429120979834799e-06 0.0 0.0 2.234822654170901e-07 0.0 0.0 0.0 0.0 0.0 0.0 1.6461703519735552e-06 0.0 0.0 3.7603933099909937e-07 0.0 0.0 0.0 0.00032316562186672976 0.0 0.0 0.0 0.0 0.0 0.0 0.0 0.0 0.0 0.0 0.0 0.0 0.0 0.0 0.0 0.0 0.0 0.0 0.0 0.0 0.0 0.0 0.0 0.0 0.0 0.0 0.0 0.0 0.0 0.0 0.0 0.0 0.0 0.0 0.0 0.0 0.0 0.0 0.0 0.0 0.0 0.0 0.0 0.0 0.0 0.0 2.0974719411699102e-07 0.0 0.0 0.0 0.0 0.0 0.0 0.0 0.0 0.0 0.0 0.0 0.0 0.0 0.0 0.0 0.0 0.0 0.0 0.0 0.0 0.0 0.0 0.0 0.0 0.0 0.0 0.0 0.0 0.0 0.0 0.0 0.0 0.0 0.0 0.0 0.0 0.0 0.0 0.0 0.0 0.0 0.0 0.0 0.0 0.0 0.0 8.191464251899656e-08 0.0 0.0 0.0 0.0 0.0 0.0
0.0009471121784150438 9.698191943158943e-05 7.403129657542023e-06 0.0 1.8469034468634083e-06 0.0002053158345723078 3.714447215656685e-05 0.0 4.643113937003887e-06 0.0009331431494163541 2.7469377209976196e-07 0.0004884859256962598 0.00038699738909657677 4.170458324826151e-05 6.83181876326519e-07 1.0117197688612386e-07 0.0 0.0 0.0 0.0 2.3521864132796907e-07 0.0 0.0 0.0 0.0 0.0 0.0 0.0 0.0 0.0 0.00010923738551034023 8.043297712458295e-07 2.7146590245971854e-05 0.0 0.0 0.0 9.894932338879642e-06 0.0 0.0 0.0 0.0 0.0 0.0 0.0 0.0 0.0 4.267852011073234e-06 3.0635485746726136e-07 0.0 0.0 0.0 0.0 0.0 0.0 2.402956020069288e-07 8.538129200087263e-08 1.8267037028511953e-05 8.15929254377088e-05 1.4765533271062223e-06 1.3284242356479927e-06 0.0 7.313494438963099e-07 0.0 3.092789931568162e-06 1.596644120914892e-07 0.0 0.0 0.0 0.0 0.0 0.00010969473458597061 0.0 0.0 7.08659207046949e-06 8.911635931517907e-07 2.0174633188394684e-06 2.6146137322404495e-06 0.0 0.0 0.0 0.0 0.0 3.8355866693761423e-07 1.6746366999238916e-07 1.7705752150534754e-07 6.980582690459381e-08 0.0 0.0 0.0 0.0 0.0 0.0 0.0 0.0 0.0 6.767567879810124e-05 0.0 0.0 0.0 0.00036673276308532554 0.0 0.0 5.992853948029576e-05 1.6431758017527947e-05 0.0 1.9223145796202905e-05 0.0 0.0 5.337797834696764e-06 1.696916949134029e-07 6.651398762024093e-07 3.3545201429731136e-06 1.620989034209944e-06 1.5161863281688733e-06 0.0 0.0 0.0 0.0 0.0 0.0 0.0 0.0 0.0 0.0 0.0 0.0 0.0 0.0 0.0 0.0 0.0 0.0 0.0 0.0 0.0 0.0 0.0 0.0 0.0 0.0 0.0 6.949832214073998e-07 0.0 0.0 0.0 0.0 0.0 0.0 0.0 0.0 0.0 0.0 0.0 0.0 0.0 0.0 0.0 0.0 0.0 0.0 0.0 0.0 2.2166405972206697e-07 0.0 0.0 0.0 0.0 1.6198270239780053e-07 0.0 0.0 0.0 0.0 0.0 0.0 0.0 0.0 7.00515472885285e-07 0.0 0.0 0.0 0.0 0.0 0.0 0.0 0.0 0.0 0.0 0.0 0.0 0.0 0.0 0.0 0.0 0.0 0.0 0.0 0.0 0.0 0.0 0.0
0.000285578152344724 0.0008840313173282509 0.0009355375038743105 1.8469034468634083e-06 0.0 7.401484315023243e-06 0.0010390433306831984 0.0002004981724572795 0.005917178265235005 0.00018726152946539756 0.0009049052460889615 7.188059296291424e-05 0.0005839668313943079 0.0005621375856203299 9.768725241977586e-06 3.1896861840008624e-07 3.378465163838434e-07 2.7492088350604655e-07 2.7278326089165814e-07 5.458512976067692e-07 9.044155991616369e-07 0.0 0.0 0.0 0.0 1.0796305566677604e-07 0.0 1.2562596171083493e-07 1.1376689059818838e-07 0.0 0.0006172984738565415 0.00011287900994717308 1.9065635225057072e-05 2.462525697512602e-07 0.0 2.6257783657631793e-07 1.6689327559471162e-06 0.0 0.0 7.770698165758101e-08 4.842510152588107e-07 1.9218053007418464e-07 1.5948913909987837e-07 1.0985215237922485e-07 1.1542381666129339e-07 1.5125742887751613e-07 4.8637869505714434e-05 2.7666267066964424e-06 5.567071119208993e-07 1.6325692650386942e-07 0.0 0.0 8.584458585140316e-08 0.0 1.7318302241078017e-06 2.165178538200408e-06 6.819851462004443e-05 0.00032279070529061784 1.3843433857969793e-05 2.3025164627493892e-05 4.3778971335256775e-07 3.7086828209137225e-06 1.243176510402308e-07 0.00013442280369118327 1.5334186508675935e-06 2.8393200469430655e-07 6.868483830243976e-08 2.649465755458266e-07 3.868946797807152e-07 3.5046326904767893e-07 3.957819275591827e-06 0.0 0.0 9.474167709581019e-05 2.3473236694409783e-05 5.140263867606447e-05 6.758855311469312e-05 1.670700469164117e-05 3.329778053767473e-05 3.720586520848531e-05 2.4914219578937713e-06 6.592197389260207e-06 1.0642332412801882e-05 2.1367051045713606e-07 1.615027109913549e-07 7.201488206025895e-07 0.0 0.0 0.0 0.0 0.0 0.0 1.875283472762686e-07 1.0387301022586962e-07 0.0 5.392873069557759e-06 0.0 0.0 0.0 0.00014335605556385956 0.0 0.0 0.0 0.0 0.0 0.0 0.0 0.0 0.0 0.0 0.0 0.0 0.0 0.0 0.0 0.0 0.0 0.0 0.0 0.0 0.0 0.0 0.0 0.0 0.0 0.0 0.0 0.0 0.0 0.0 0.0 0.0 0.0 0.0 0.0 0.0 0.0 0.0 0.0 0.0 1.8074573707973576e-07 0.0 0.0 0.0 0.0 0.0 0.0 0.0 0.0 0.0 0.0 0.0 0.0 0.0 0.0 0.0 0.0 0.0 0.0 0.0 0.0 0.0 0.0 0.0 0.0 0.0 0.0 0.0 0.0 0.0 0.0 0.0 0.0 0.0 0.0 0.0 1.854037869565444e-07 0.0 0.0 0.0 0.0 0.0 0.0 0.0 0.0 0.0 0.0 0.0 0.0 0.0 0.0 0.0 0.0 0.0 0.0 0.0 0.0 3.331508405261779e-07 0.0 0.0
1.8718928981397026e-05 0.00014566401083612675 1.2453968266525718e-07 0.0002053158345723078 7.401484315023243e-06 0.0 3.9123991405767124e-05 1.1590048087947549e-07 2.7022084875791326e-06 0.00019958269578504133 0.0 0.00016305624962887675 4.37482459086283e-05 1.1391515216103121e-05 0.0 0.0 0.0 0.0 0.0 0.0 9.854208102219356e-08 0.0 0.0 0.0 0.0 0.0 0.0 0.0 0.0 0.0 3.4753712170997716e-05 0.0 8.372807027582836e-05 0.0 0.0 2.201640728847914e-07 2.5153174597917102e-05 8.027556004331968e-07 6.874150346775821e-06 5.135036270874978e-07 0.0 0.0 0.0 0.0 0.0 0.0 0.0 0.0 0.0 0.0 0.0 4.829478117537305e-07 0.0 0.0 0.0 0.0 6.648032296508495e-05 0.00016992838641745315 0.0 0.0 0.0 1.708224518938403e-05 0.0 0.0 0.0 0.0 0.0 0.0 0.0 0.0 0.00013469412309192994 1.5818825914972946e-06 0.0 0.0 0.0 0.0 0.0 0.0 1.1016894725516423e-07 0.0 0.0 4.291319149120556e-06 0.0 0.0 0.0 0.0 0.0 4.096475266456013e-07 0.0 6.026709444132135e-07 0.0 0.0 0.0 0.0 0.0 0.00013090402367298075 3.578952135795649e-06 1.5113232386038086e-06 1.8593391799475082e-05 0.0002936127315300253 0.0 0.0 0.0 6.550624473134324e-06 0.0 0.0 0.0 0.0 1.3378692468316563e-07 0.0 0.0 0.0 0.0 0.0 0.0 0.0 0.0 0.0 0.0 0.0 0.0 0.0 0.0 0.0 0.0 0.0 0.0 0.0 0.0 0.0 0.0 0.0 0.0 0.0 0.0 0.0 0.0 0.0 0.0 0.0 0.0 5.148167847731031e-07 0.0 0.0 0.0 0.0 0.0 0.0 0.0 0.0 0.0 0.0 0.0 0.0 0.0 0.0 0.0 0.0 0.0 0.0 0.0 0.0 0.0 0.0 0.0 0.0 0.0 0.0 0.0 0.0 0.0 0.0 0.0 0.0 0.0 0.0 0.0 0.0 0.0 1.192712238173521e-07 0.0 0.0 0.0 0.0 0.0 0.0 0.0 0.0 0.0 0.0 0.0 0.0 0.0 0.0 0.0 0.0 0.0 0.0 0.0 4.854417926617024e-07
0.0002636756319378486 0.0005780226141405472 0.0001317529673967332 3.714447215656685e-05 0.0010390433306831984 3.9123991405767124e-05 0.0 0.00013513485639475432 0.0020216778039488558 0.0006971467662413943 0.00014836826489411165 0.0008151076073919203 0.001841822458342367 0.0016222816990721191 2.7637043804222324e-05 2.0070769872198816e-06 1.3366244128885817e-06 0.0 1.0914497425976425e-07 6.566180913012117e-07 0.0 0.0 0.0 0.0 0.0 3.9583043947019955e-07 0.0 0.0 0.0 0.0 0.0003625095351110147 6.882972522008684e-05 5.409280886251296e-05 1.4994806391268865e-07 1.850941119896463e-07 3.706926832270013e-07 8.314832812218615e-06 0.0 0.0 9.044681290290157e-08 0.0 1.2495412983212452e-07 0.0 3.2685421204417835e-07 0.0 0.0 7.720881144606665e-05 3.980587519260015e-06 5.718606197154853e-07 2.743497983402706e-07 0.0 0.0 0.0 1.2437002344808268e-07 2.1595602795905167e-06 2.318844769227923e-06 6.680565998612702e-05 0.0002981612781163057 1.3780778370871577e-05 2.8883231269389667e-05 4.0068883263372424e-07 1.8503121580854605e-06 6.685236403585518e-07 0.00010651505822732242 1.2936121592275363e-06 6.342701071102528e-07 6.685199571748362e-08 5.280608835762736e-07 0.0 4.780157823001596e-07 4.292484539255469e-05 0.0 0.0 9.948355852057206e-05 2.399933194909748e-05 5.21366685671789e-05 0.00011820650894982476 3.872487557326869e-05 0.00030927546266091926 4.469629555543047e-06 1.1351941693665235e-06 5.344309388586882e-06 9.356464386948702e-06 8.776683806335868e-08 3.234191023901419e-07 4.6246526426979086e-07 6.648762068016242e-08 0.0 0.0 0.0 0.0 0.0 2.807082673399338e-07 8.798439920703503e-08 1.091874677938213e-07 0.00015977771825551173 1.2552201377725846e-06 0.0 0.0 0.00020232182913412644 9.053397099558796e-06 1.103363144093127e-06 7.603823709315278e-06 3.56757431850409e-05 0.0 0.0 3.663441850878958e-07 1.0076427774997167e-05 2.305131060393374e-05 2.136136935829865e-06 9.109297066345162e-07 1.1838128310965447e-05 3.878505508461351e-06 7.758109892730431e-07 5.686338988453816e-06 0.0 0.0 0.0 0.0 0.0 0.0 0.0 0.0 0.0 0.0 0.0 0.0 2.769053116929186e-07 0.0 0.0 0.0 0.0 0.0 0.0 4.794137682251388e-06 4.614329116891346e-06 0.0 0.0 0.0 5.988843494956473e-06 7.117369903736152e-06 1.5265794086407033e-05 4.517041310537773e-07 0.0 0.0 0.0 0.0 0.0 0.0 0.0 0.0 1.1726922862413397e-07 5.543174308343161e-07 0.0 0.0 3.4448316159896326e-07 3.095395653971684e-07 0.0 0.0 0.0 0.0 2.3648355478375309e-07 3.70716949109306e-06 0.0 1.4078075656590153e-07 0.0 2.4633192113752543e-06 2.9412323848324225e-06 0.0 0.0 0.0 0.0 0.0 0.0 0.0 0.0 1.2859527144327951e-05 0.0 0.0 0.0 0.0 2.065220067657576e-06 0.0 1.407652406410446e-06 3.709924998583038e-07 4.015389983803265e-06 6.505245650706815e-07 8.46648525228053e-07 0.0 0.0 0.0 0.0 0.0 0.0 0.0 0.0 0.0 3.755561342643718e-06 1.1050376782389771e-06 2.6533732436929275e-06
1.6993257574454883e-05 4.6299262114497647e-05 0.0009921792962360456 0.0 0.0002004981724572795 1.1590048087947549e-07 0.00013513485639475432 0.0 0.0002883958204538917 1.160934888799016e-05 0.0007818282206257988 8.360397355419647e-05 0.0005920942095297706 0.001739467683876253 4.58330231272843e-06 2.2184735767269528e-06 2.204747398467089e-06 2.0422133686511027e-06 5.320874522896503e-07 3.725110723966036e-06 1.977852261473404e-05 0.0 1.852913745464885e-07 1.0700933700462775e-07 9.6962738691013e-07 1.046826561593539e-06 5.682823177369222e-07 3.6973108474244294e-07 0.0 0.0 0.0007930811670836157 0.0013086686020552297 0.0003715607699763505 6.796253236162571e-06 4.808298031195377e-07 5.98262608915469e-06 2.03807339758647e-05 2.157908070467151e-06 9.647786193159437e-08 0.0 2.7847838028886302e-06 1.2523388406588325e-06 1.8589673180519879e-06 3.518911132012114e-05 3.5500261908706294e-06 2.10287745005158e-05 2.3601469289050962e-05 1.728570791363292e-06 1.1350465955595092e-06 6.072267551346157e-07 0.0 0.0 0.0 1.2461021084116433e-07 6.47519525307005e-07 7.118935256815279e-07 1.79460319244362e-05 0.00015369503319555972 4.517738712474435e-06 8.881066718432223e-06 6.317432665897635e-05 9.880940518867272e-05 6.028680892177139e-06 0.00046863756830260636 6.476833516756188e-07 0.0 8.245854195515425e-08 7.375106434930644e-08 2.096655643598325e-06 4.053007324924193e-06 0.00010991238913737673 0.0 0.0 3.580743229013965e-05 1.6701243843160597e-05 1.9189514693618277e-05 5.293499976713497e-05 0.0002525014621595622 0.00045330390258789256 0.0008577661317926415 0.00020729833778907944 0.00016731003285714384 3.958740749281298e-06 2.5317752336008796e-07 2.3802001746273253e-07 2.9563085731532463e-07 8.495980707776055e-08 0.0 0.0 0.0 0.0 0.0 3.251789474230456e-06 1.0372531455887431e-06 0.0 4.212966562864589e-07 5.236826735090535e-07 0.0 0.0 1.854292202985499e-05 0.0 0.0 0.0 0.0 0.0 0.0 0.0 0.0 0.0 0.0 0.0 0.0 0.0 0.0 0.0 0.0 0.0 0.0 0.0 0.0 0.0 0.0 0.0 0.0 0.0 0.0 0.0 0.0 0.0 0.0 0.0 0.0 0.0 0.0 0.0 0.0 0.0 0.0 0.0 9.204453897614812e-07 0.0 1.5854957125694973e-07 1.1742011592727841e-07 0.0 0.0 0.0 0.0 0.0 0.0 0.0 0.0 0.0 0.0 0.0 0.0 1.3769821933073714e-07 1.793792074605863e-07 0.0 0.0 0.0 0.0 0.0 0.0 0.0 0.0 0.0 0.0 0.0 0.0 0.0 0.0 0.0 0.0 0.0 0.0 0.0 1.2455989225322823e-07 0.0 0.0 0.0 0.0 0.0 0.0 0.0 0.0 0.0 0.0 0.0 0.0 0.0 0.0 0.0 0.0 0.0 0.0 1.7362181624353562e-07 0.0 0.0 1.4497063134684656e-07 5.01138823358795e-07
7.453436713963899e-05 0.0011416780045333695 0.0005945675393127198 4.643113937003887e-06 0.005917178265235005 2.7022084875791326e-06 0.0020216778039488558 0.0002883958204538917 0.0 9.455748350170083e-05 0.0011685347147820965 6.187405833639843e-05 0.0008475065967984255 0.0010887552935923187 3.279824273540093e-06 1.9280312093580802e-06 1.3331979361242582e-06 3.297407463987155e-07 0.0 4.2402059656433173e-07 2.4729417889827675e-06 0.0 0.0 0.0 0.0 7.227798802978053e-07 0.0 1.3504438277265542e-07 0.0 0.0 0.00020205386078703074 5.966658033643087e-05 0.00016764709716936664 9.47478814940858e-08 0.0 0.0 1.938223282474755e-05 3.045112528659466e-07 8.71406434323898e-07 2.3925775203496466e-07 9.782159551889214e-07 2.0663492441551282e-07 4.139855503031365e-07 0.0 0.0 0.0 1.554059527328839e-05 1.0151128368215993e-06 0.0 3.5838994593615255e-07 8.865807952366954e-08 0.0 0.0 0.0 6.108456748250462e-07 7.380690086674955e-08 1.4829267424380198e-05 6.722543476870198e-05 4.531205267358747e-06 6.8388214197274975e-06 2.791479324274669e-07 2.6437866695485375e-06 0.0 4.3627873385495715e-05 4.348699687299927e-07 6.941063772246985e-08 6.516628194522607e-08 0.0 6.090293449522128e-07 2.623663205092602e-07 1.7472869996357546e-05 2.1183454606590802e-07 0.0 2.6307386420866585e-05 7.164312518339653e-06 1.2829202862959357e-05 1.9879521283449604e-05 2.0214890660248784e-05 9.866276086524621e-05 0.00013227089098804683 9.374008164591579e-07 8.125877210714355e-06 2.1240202814694507e-06 2.0664140764038015e-07 0.0 7.181498992931787e-08 0.0 0.0 0.0 0.0 0.0 0.0 2.8343121493818073e-07 2.247370603867558e-07 0.0 7.641506074374737e-06 8.461586070253477e-07 0.0 2.31100029990461e-06 2.452292889616325e-05 0.0 3.79401933964043e-07 0.0 0.0 0.0 0.0 0.0 0.0 0.0 0.0 0.0 0.0 0.0 0.0 3.746489291464624e-07 0.0 0.0 0.0 0.0 0.0 0.0 0.0 0.0 0.0 0.0 0.0 0.0 0.0 0.0 0.0 0.0 0.0 0.0 0.0 0.0 0.0 0.0 0.0 0.0 1.0532696548197983e-06 1.236426590172768e-06 3.120850177706557e-06 1.0396062002201617e-06 0.0 0.0 0.0 0.0 0.0 0.0 0.0 0.0 0.0 0.0 0.0 0.0 0.0 1.3933093770310162e-07 0.0 0.0 0.0 0.0 0.0 0.0 0.0 0.0 0.0 6.210257618486924e-07 0.0 0.0 0.0 0.0 0.0 0.0 0.0 0.0 0.0 1.5540843443194877e-06 0.0 0.0 0.0 0.0 3.49208453539814e-07 0.0 0.0 0.0 0.0 0.0 0.0 0.0 0.0 0.0 0.0 0.0 0.0 0.0 0.0 0.0 4.0732323233906956e-07 0.0 3.3569070377106777e-07
0.0003315615364495691 0.0006633663628747372 7.323953715420027e-06 0.0009331431494163541 0.00018726152946539756 0.00019958269578504133 0.0006971467662413943 1.160934888799016e-05 9.455748350170083e-05 0.0 7.296373446995946e-06 0.0029061116893344253 0.002913115636341861 0.00045258374608600347 2.28268543760362e-05 1.5872933389889643e-06 1.862517133548319e-07 0.0 0.0 0.0 6.323621289467118e-07 0.0 0.0 0.0 0.0 0.0 0.0 3.5832180019134777e-07 2.938238312467096e-07 0.0 9.687572852812904e-05 1.2721203707984524e-05 9.474211319708503e-05 1.138943232778949e-07 0.0 0.0 0.00024133459873608895 2.5311192161355202e-06 4.630499731076747e-07 7.812359902749273e-07 0.0 0.0 0.0 2.0702983975498132e-07 0.0 0.0 6.860514624906506e-05 2.635329045981508e-06 0.0 9.572224104638743e-08 0.0 0.0 2.5204061765358676e-07 0.0 1.5807544898321662e-06 1.319855007506741e-06 4.397366266017798e-05 0.00011771559722542751 7.253273844373883e-06 1.6319502793156292e-05 0.0 6.46254132626574e-06 1.2171458491046674e-07 2.639882561216851e-05 1.2459872177255554e-06 1.630526809593136e-07 7.877689860449653e-08 7.433519127154746e-08 2.4977350169350975e-07 2.136815600082829e-07 0.0008634976288863426 2.341249000700308e-07 0.0 4.609869053885203e-05 1.2992066373412292e-05 3.333970554014878e-05 7.743103991603978e-05 1.1926875909653186e-05 9.145715969999519e-05 6.277375796111556e-06 2.845590769909862e-07 4.194988717228581e-06 7.1613629727901e-06 1.6440848963850267e-07 1.6090422786790267e-07 5.193780655015477e-07 0.0 0.0 0.0 0.0 0.0 0.0 0.0 0.0 0.0 0.00010148703622946597 4.142120318713137e-07 0.0 5.429152374387833e-06 0.0003216914256676644 8.581139885999106e-07 1.2987444292768274e-06 3.676625494808302e-05 5.127776147548032e-05 0.0 6.733106372649515e-06 1.9416850589265776e-06 6.64073817698509e-05 3.792461906090898e-05 1.1319205104960645e-05 6.4421389393731125e-06 0.00012787346337579734 2.646492684086186e-05 5.805819564981247e-06 1.770775802060155e-05 0.0 0.0 0.0 0.0 0.0 0.0 0.0 5.991843249556898e-07 0.0 0.0 2.8780567336102144e-07 0.0 1.2579953140112897e-06 0.0 0.0 1.5821797518548403e-07 0.0 0.0 0.0 1.658004729324748e-07 2.8757932186810567e-06 0.0 0.0 0.0 2.507175353624632e-05 1.193280401438163e-05 3.5896656929579206e-05 8.348979012838116e-06 5.527787157994959e-07 0.0 0.0 0.0 0.0 0.0 0.0 0.0 0.0 2.817300016716256e-07 0.0 0.0 9.476249099975328e-07 1.219142654979565e-06 0.0 0.0 0.0 0.0 1.0554748275712159e-07 1.5341159090368615e-06 0.0 0.0 0.0 5.873086137940859e-06 5.046317685816591e-07 0.0 0.0 0.0 0.0 0.0 9.754694365841079e-08 0.0 0.0 3.470173728683663e-05 1.8192487069291822e-06 7.41426607157911e-07 0.0 0.0 1.4200992944751153e-06 0.0 1.8981340677634294e-07 7.06663500650313e-08 4.5845598187403845e-07 0.0 8.555819435628333e-08 0.0 0.0 0.0 0.0 0.0 0.0 0.0 0.0 0.0 1.8986508211771536e-05 9.619184272556458e-06 1.6431752205217594e-05
9.717804404896917e-05 0.0005509382828301242 0.0014897013315435625 2.7469377209976196e-07 0.0009049052460889615 0.0 0.00014836826489411165 0.0007818282206257988 0.0011685347147820965 7.296373446995946e-06 0.0 8.689147782031495e-05 0.000660817361233439 0.0015278971111696322 7.669747645427428e-06 2.8554296969073014e-06 2.1281853940282786e-06 9.950549508355746e-07 0.0 5.318481343469997e-07 6.816878989663171e-06 0.0 0.0 0.0 0.0 9.830003697590806e-07 2.271978447188225e-07 1.0448695861328744e-06 4.4554336960527153e-07 1.306704035744617e-07 0.0002900496480968875 0.00016298081882737105 6.848055270154948e-05 8.783176684156885e-07 2.7736350522399156e-07 9.811358572710234e-07 6.3262586680816085e-06 1.4846068752969592e-07 0.0 6.759005507319751e-07 1.5610933470853353e-06 2.4012112315901874e-07 6.681451213480774e-07 2.7979596258717347e-06 2.0734200669004386e-07 8.556595094949853e-08 1.9558746446816733e-05 1.3106883026137956e-06 2.2143822168413002e-07 9.175973782224968e-07 0.0 0.0 5.416227630889431e-07 0.0 6.126106044314545e-07 9.649957080810391e-08 1.100327195708932e-05 5.374076602110628e-05 2.9935809820653883e-06 6.3792835745207e-06 3.677484981474288e-06 6.0827865522016294e-05 0.0 5.170884614456851e-05 4.984210650788684e-07 6.454370751416203e-08 0.0 0.0 1.1482225554639416e-06 1.4905677932215954e-06 1.9103588105583706e-05 1.553637131878898e-07 0.0 2.111024010954055e-05 6.649414614525943e-06 1.3580852646282742e-05 2.3049693665744388e-05 3.8363565122796586e-05 0.0005064282566714381 0.00053909841181873 1.7834597789882595e-06 0.0006571982409601095 2.3691953488322397e-06 0.0 0.0 2.2009568752766308e-07 7.644981794894575e-08 0.0 0.0 0.0 0.0 0.0 1.2496212603766318e-06 5.34549941292247e-07 9.450633173379344e-08 9.700486116827188e-07 0.0 0.0 8.760355801084256e-07 2.4639122854216555e-05 0.0 0.0 0.0 0.0 0.0 0.0 0.0 0.0 0.0 0.0 0.0 0.0 0.0 0.0 1.694071039337426e-07 0.0 0.0 0.0 0.0 0.0 0.0 0.0 0.0 0.0 0.0 0.0 0.0 0.0 0.0 0.0 0.0 0.0 0.0 0.0 0.0 0.0 0.0 0.0 0.0 0.0 0.0 2.0234552494448316e-06 3.4343270117271637e-07 0.0 0.0 0.0 0.0 0.0 0.0 0.0 0.0 0.0 0.0 0.0 0.0 0.0 4.3450655214196556e-07 0.0 0.0 0.0 0.0 0.0 0.0 0.0 0.0 0.0 1.6739592131943474e-07 0.0 0.0 0.0 0.0 0.0 0.0 0.0 0.0 0.0 2.4781276089633286e-07 0.0 0.0 0.0 0.0 0.0 0.0 0.0 0.0 0.0 0.0 0.0 0.0 0.0 0.0 0.0 0.0 0.0 0.0 0.0 0.0 2.2266242158311744e-07 2.5140930079574796e-07 4.1805634460536587e-07
0.0006087446632074043 0.00033556539070882105 5.259409879608027e-05 0.0004884859256962598 7.188059296291424e-05 0.00016305624962887675 0.0008151076073919203 8.360397355419647e-05 6.187405833639843e-05 0.0029061116893344253 8.689147782031495e-05 0.0 0.0012094604001429048 0.00011641706710541283 2.9720750209096722e-05 1.4789113170668991e-05 1.1398445756102121e-05 4.842003043912708e-06 0.0 3.875865952797751e-06 1.3473563209318007e-05 0.0 2.4132685237089695e-07 0.0 1.9357631293500086e-06 1.342570865074944e-06 0.0 1.5885297248861184e-06 4.4226502117933863e-07 0.0 6.24054705063919e-05 4.3220629950906444e-05 5.0825991512652176e-05 6.536238067078275e-07 0.0 2.342618501512269e-06 0.00021463180096455202 1.3054886946555335e-06 2.3346633586797624e-07 1.711555495815071e-06 3.507029601009476e-06 2.0446834567873872e-06 1.8390926601867146e-06 8.428400584975971e-07 2.236523011679158e-07 5.301427449799491e-07 7.401257940938308e-05 1.8215801142986883e-06 4.373966272820375e-06 4.480318599680019e-06 0.0 3.5126791461427496e-07 2.0493688772376063e-07 0.0 5.562876397413046e-07 7.006668804894748e-07 2.1858107708182342e-05 5.055150417683821e-05 7.777195664673928e-06 1.6918497290383236e-05 5.611174711158674e-07 1.686923019662941e-05 3.7799712114166394e-07 4.935611082053207e-05 8.877786925486283e-07 9.233491008965803e-08 6.854187189810377e-08 5.210229561799463e-07 1.8095518700395813e-06 2.0732811396752708e-06 0.0003112506478640265 3.2079206133589464e-07 0.0 4.395680584422052e-05 1.2110201436236971e-05 3.2827766745839356e-05 6.218818684063223e-05 3.140766863573372e-05 0.00016653924160912694 3.957021229633227e-05 2.0019674255727924e-06 1.814391784300717e-05 5.284077278914005e-06 0.0 1.6539312513644952e-07 2.178321520603059e-07 2.3336037245245585e-07 0.0 0.0 0.0 0.0 0.0 3.3887254388376576e-06 5.46451779781606e-07 8.848082801887315e-08 8.686240375389761e-05 1.0161144259183442e-05 0.0 5.946886938962459e-06 9.426413958655384e-05 0.0 9.277561329032852e-07 0.0 1.4625780903204542e-05 0.0 0.0 6.094043519306312e-07 9.862038276956054e-06 1.5144054855657585e-05 1.1587881444857757e-06 3.421282297761416e-06 1.6454965128281803e-05 6.438070363196392e-06 1.2639802684750058e-06 9.766977838301125e-06 0.0 0.0 0.0 0.0 0.0 0.0 0.0 1.280954337011452e-07 0.0 0.0 0.0 0.0 9.29217015009364e-07 0.0 0.0 0.0 1.2843855854840472e-07 0.0 0.0 7.254624292583093e-07 1.7825714539522293e-06 0.0 1.9344879125643137e-07 0.0 1.5561465369744367e-05 1.0040418848712934e-05 2.1824717265369372e-05 5.224307662101892e-06 2.2155167743470314e-06 0.0 0.0 0.0 0.0 0.0 0.0 0.0 0.0 0.0 0.0 0.0 0.0 3.665992407679542e-06 0.0 0.0 0.0 0.0 0.0 0.0 0.0 0.0 0.0 3.601147836085921e-06 0.0 0.0 0.0 0.0 0.0 0.0 0.0 0.0 0.0 1.5299141138851254e-05 4.4832320116911854e-07 0.0 0.0 0.0 9.57880563901946e-07 0.0 5.648163597077511e-07 0.0 0.0 0.0 0.0 0.0 0.0 0.0 0.0 0.0 0.0 0.0 0.0 0.0 1.1759057449116413e-05 3.539360457589703e-07 1.1052176202478628e-06
0.00025972638971545197 0.0008029475724320889 0.00024490244594975295 0.00038699738909657677 0.0005839668313943079 4.37482459086283e-05 0.001841822458342367 0.0005920942095297706 0.0008475065967984255 0.002913115636341861 0.000660817361233439 0.0012094604001429048 0.0 0.0015010290730292381 3.9461698700544945e-05 2.0115865849393593e-05 1.4694854070930595e-05 7.0181264158284605e-06 1.6692915651324652e-07 4.8865243212186575e-06 2.0089708453715018e-05 2.4545705683722276e-07 3.2127896726939003e-07 2.5110347331815867e-07 5.415334903832715e-07 4.284059087408207e-06 6.100974339994033e-07 4.254904326406373e-06 1.271980020276083e-06 0.0 0.00018036062568386536 0.00014958510036310453 0.0003510893405521438 8.804523677597301e-07 4.788300397439614e-07 3.6773791659338014e-05 3.9477359809931715e-05 8.812315979894754e-06 5.077728780223944e-06 3.2607749911304323e-06 4.3376855440084916e-06 1.338656681387358e-06 2.684492120602666e-06 5.322760929104862e-06 5.299667052289031e-07 1.2089818190945958e-06 9.01689360316975e-05 2.75266927516013e-06 3.299260317624157e-06 3.862173101189053e-06 0.0 1.2258460630340798e-06 1.3338003968122797e-05 1.2902380959474629e-06 9.035779624011274e-07 1.6765289595190115e-06 3.100792480671964e-05 9.942133147400033e-05 8.433497905856361e-06 1.7073321999072433e-05 3.2779040751480534e-06 8.822055036475756e-06 1.1452188986056747e-06 0.00010187719639391384 1.6427788243781312e-06 2.7187228222195686e-07 8.033400901969562e-08 4.3311171403831063e-07 3.370568233108407e-06 4.8482339159270715e-06 0.0001368717514756957 3.4881113386183073e-06 0.0 5.2505846469219174e-05 1.768796064113364e-05 3.412311076132659e-05 6.507522223822997e-05 0.00010904376521142864 0.0007122311577517283 0.00019070482173651418 6.502186280560301e-06 2.963180221919981e-05 7.783615419659877e-06 2.1351065480702623e-07 5.202430317590696e-07 4.72804036266195e-07 3.645851841749776e-07 0.0 0.0 0.0 0.0 0.0 6.197989713981847e-06 3.239229523379423e-07 2.0890095185103447e-07 0.00034604937580370534 2.2545298202836178e-05 1.1404037315053106e-06 2.2366464791172136e-05 4.3342281332932034e-05 5.421207733421163e-07 1.2602213535730511e-06 0.0 0.0 0.0 0.0 3.281733942682032e-07 5.261796256098367e-07 8.13959700159428e-06 3.5929673207479917e-06 4.425864659035674e-06 2.714875365771832e-05 1.1281744374454366e-05 2.7032600639142002e-06 1.0225910511777604e-05 0.0 0.0 0.0 0.0 0.0 0.0 0.0 0.0 0.0 0.0 0.0 8.730929217016571e-07 1.176240766754726e-06 0.0 0.0 0.0 9.474466247367124e-07 0.0 0.0 1.892838772335292e-07 3.7392625290191754e-06 0.0 0.0 0.0 1.8997055850407315e-05 1.6862909408379136e-05 2.8595340246119013e-05 7.343568400760364e-06 9.830258371260364e-07 0.0 1.791717305726963e-07 0.0 0.0 0.0 0.0 0.0 0.0 0.0 0.0 0.0 6.580839778818192e-07 4.576634976597703e-06 0.0 0.0 0.0 0.0 0.0 0.0 0.0 0.0 0.0 7.621494515719946e-06 0.0 0.0 0.0 0.0 0.0 0.0 0.0 0.0 0.0 2.9826757733822846e-05 0.0 0.0 0.0 0.0 3.5090495671269564e-06 0.0 4.413378310244356e-07 0.0 0.0 0.0 0.0 0.0 0.0 0.0 0.0 0.0 0.0 0.0 1.5147698222651076e-07 0.0 1.1822778718137441e-05 1.4093884866931044e-06 6.697834425411722e-06
8.078569116118417e-05 0.00044696472206535255 0.0005117238061639453 4.170458324826151e-05 0.0005621375856203299 1.1391515216103121e-05 0.0016222816990721191 0.001739467683876253 0.0010887552935923187 0.00045258374608600347 0.0015278971111696322 0.00011641706710541283 0.0015010290730292381 0.0 3.616274716105299e-05 2.317783651530132e-05 2.1171232509115915e-05 1.06334281997863e-05 5.890470121548225e-07 8.556960524281397e-06 3.136468898988687e-05 1.6589772815155237e-06 4.683107438230285e-07 8.544190707265306e-07 1.5145031816715108e-06 5.870989646493317e-06 1.7729510397016933e-06 4.438819963374423e-06 6.133778499373846e-07 1.1796626771927705e-07 0.00024469602956546854 0.0002486454425219148 0.0004615166436678982 4.2071985191682415e-06 1.8049864337488401e-06 2.6113236756717827e-05 7.628723265578466e-05 7.080911451040891e-06 2.994956808642689e-06 4.538748749373405e-06 7.39893055426359e-06 1.9151718389475965e-06 6.524816377454888e-06 7.191996285595356e-06 1.5772650087188932e-06 3.4222454503030433e-06 8.055517746528776e-05 3.753729136742935e-06 7.922927749754543e-06 5.727864057421726e-06 1.0487686263216153e-07 3.2460499170163406e-07 1.0649453307676732e-05 6.105466181071125e-07 1.7203524788928471e-06 1.3839491201492107e-06 2.3538134658475147e-05 0.0001020540349439858 8.912484234449846e-06 1.5035478460903295e-05 3.35136006171321e-05 3.764063691562446e-05 2.9096314558502554e-06 0.00012860488644913758 1.3363427725635337e-06 1.6769324598257276e-07 6.384674372574921e-08 4.215474961588369e-07 4.046356768502177e-06 8.477263979887154e-06 9.899192719244476e-05 3.4599547683258647e-06 1.8167361184127729e-07 5.31289257086803e-05 1.5052374984045785e-05 3.141488230850025e-05 6.230123375781288e-05 0.00016526788989343946 0.0013136182494635727 0.0006080473637632026 8.32570070299385e-06 0.0006121303505673618 6.0475375673551005e-06 0.0 2.3295090237585096e-07 5.088589133480088e-07 7.02159624188514e-07 0.0 0.0 1.4472599401061417e-07 0.0 0.0 7.37674773142419e-06 1.9815184922748077e-06 5.547667107869548e-07 5.080271436663919e-05 2.2454343993723083e-05 1.484721341526931e-07 2.1349595068872133e-05 2.4156351041137464e-05 0.0 0.0 0.0 0.0 0.0 0.0 0.0 0.0 0.0 2.0482848984703345e-06 2.0073923307297476e-06 4.355744426532309e-07 0.0 7.169811936083151e-07 4.54961247089421e-06 0.0 0.0 0.0 0.0 0.0 0.0 0.0 0.0 0.0 0.0 1.758301381854908e-07 0.0 6.469959655340798e-07 0.0 0.0 1.7155722061928523e-07 6.96443637980965e-07 0.0 0.0 0.0 4.0453288521725375e-07 0.0 0.0 0.0 7.478566038591737e-06 3.983587985851346e-06 1.675366830165518e-05 4.927911708945482e-06 3.114119125235975e-06 0.0 0.0 0.0 0.0 0.0 0.0 0.0 0.0 0.0 0.0 0.0 0.0 1.5313487974643589e-06 2.555508012716105e-07 0.0 0.0 0.0 0.0 0.0 0.0 0.0 0.0 2.022478966147876e-06 0.0 0.0 0.0 0.0 0.0 0.0 0.0 0.0 2.2301967671139725e-07 1.2437365775088428e-05 4.4288905382254287e-07 0.0 0.0 1.682526517590944e-07 2.6046954935639293e-07 0.0 2.695362606037061e-07 0.0 0.0 0.0 0.0 0.0 0.0 0.0 0.0 0.0 0.0 0.0 1.2360689242805046e-07 1.2126953582685446e-07 3.5875844778229117e-06 2.259025799123234e-06 2.409876674348425e-06
4.6729909374712303e-07 4.444421914654182e-06 2.9813009805610063e-06 6.83181876326519e-07 9.768725241977586e-06 0.0 2.7637043804222324e-05 4.58330231272843e-06 3.279824273540093e-06 2.28268543760362e-05 7.669747645427428e-06 2.9720750209096722e-05 3.9461698700544945e-05 3.616274716105299e-05 0.0 0.002411319980685194 0.00016234008084427425 2.5987424068546318e-05 3.6423752045416494e-05 9.463090541402436e-05 2.1006874057376625e-05 2.4789378409200953e-07 1.2803725035214504e-06 7.517994794109832e-08 4.4892926973412635e-07 4.603890371787509e-07 8.53375730209325e-08 1.9550857409601253e-07 1.5678792776240648e-07 0.0 1.4818993861166115e-06 1.9793363086143126e-06 8.873928587216026e-05 2.308066551653243e-05 1.0218833705570275e-07 9.071004258084274e-06 0.00010422473898344269 2.4614593747505387e-05 4.507858342814128e-05 3.4090227837953006e-05 5.49028394764675e-06 4.852108782655404e-06 1.7611579249618216e-05 0.00029495477816441284 1.3009701669270614e-05 2.4077152212615545e-05 0.00036778819130487675 4.211814431506446e-06 1.6230743487695047e-05 1.7739522351496212e-05 3.929967225178294e-07 8.685527747801458e-08 2.4256772997220687e-06 2.382165543365379e-07 1.0178580478277329e-06 2.1629628498910212e-07 7.341609782243767e-06 4.538885280475338e-06 3.172750569819306e-06 0.00043951535020056676 4.836782747826434e-05 0.00010039305939153722 5.361090555510773e-06 5.127618818096419e-06 3.703195246865071e-07 7.825767923765987e-08 0.0 1.3023332810436912e-06 1.5827151087693608e-05 1.2638119613559426e-05 6.024252987883237e-05 0.0 0.0 0.0005917839549406619 6.2202986687483394e-06 0.0015541291318540073 0.001753717802105339 0.00047013260093601927 8.688373439208543e-05 2.4284296580215095e-05 0.0001694986463979559 0.0002545187294481367 5.353022370430104e-06 2.940044989386326e-07 9.736193556039929e-08 2.580400652398425e-07 2.191110629834225e-06 0.0 0.0 0.0 8.856113922364572e-08 9.033746068452017e-08 1.006333514541278e-05 1.0125495257993378e-06 4.229541984955386e-07 1.7100706593227078e-06 1.4502891649685389e-05 0.0 7.922590129144657e-06 1.0961662031128557e-07 0.0 0.0 0.0 0.0 0.0 0.0 0.0 0.0 0.0 0.0 0.0 0.0 0.0 0.0 0.0 0.0 0.0 0.0 0.0 0.0 0.0 0.0 0.0 0.0 0.0 0.0 0.0 0.0 0.0 0.0 0.0 0.0 0.0 0.0 0.0 1.1140806473280635e-07 0.0 0.0 0.0 0.0 0.0 0.0 0.0 1.0098663812310583e-06 0.0 0.0 0.0 0.0 0.0 0.0 0.0 0.0 0.0 0.0 0.0 1.4105642027499468e-07 0.0 0.0 0.0 0.0 0.0 0.0 0.0 0.0 0.0 0.0 0.0 0.0 0.0 0.0 0.0 0.0 0.0 0.0 0.0 0.0 0.0 0.0 0.0 0.0 0.0 0.0 0.0 0.0 0.0 0.0 0.0 0.0 0.0 0.0 0.0 0.0 0.0 9.361674017548154e-08 1.0714503973252839e-07 0.0 0.0 0.0 0.0 0.0
0.0 8.832410786716797e-07 7.104613422857381e-07 1.0117197688612386e-07 3.1896861840008624e-07 0.0 2.0070769872198816e-06 2.2184735767269528e-06 1.9280312093580802e-06 1.5872933389889643e-06 2.8554296969073014e-06 1.4789113170668991e-05 2.0115865849393593e-05 2.317783651530132e-05 0.002411319980685194 0.0 0.0004499070597133726 0.00018769993108700973 0.00025240823302312724 0.0010868566079986015 6.701568009183442e-05 0.0 1.6147741285916053e-05 1.1044035955703185e-07 1.1175262588479362e-06 1.0028665042717038e-07 3.126473030026992e-07 3.2029365401087096e-07 9.604981847688462e-08 0.0 4.783199742524893e-06 3.157222170060216e-05 8.640099057941786e-05 0.00021449046770304455 2.8957391098670746e-06 2.475573479885304e-05 0.0001314648625913475 4.897428003228958e-05 9.563699512165728e-05 6.832880737405884e-05 1.4355482565875034e-05 1.5092231810402859e-05 8.578878729539817e-05 0.0016514521468081666 0.00015222034433986514 0.00022410668840930744 0.0011644010411674746 2.2999978606482678e-05 0.00010118066562604598 6.18648649250005e-05 1.1221482504930908e-06 9.915593356468195e-08 4.9834414746920334e-06 6.602594934736533e-07 4.468174013368749e-06 3.915786700876666e-06 3.636678294213478e-05 4.5013526327262776e-05 1.3833321772923556e-05 0.0001587108175759088 0.00017875512125375864 0.0001371581576213976 3.0208236709559824e-05 0.00015473608907087526 2.967532048616563e-06 7.238192911729054e-07 5.207642570233574e-07 4.71765344912672e-06 7.47441016206107e-05 5.131037801156476e-05 4.9360856493212543e-05 9.904316515917403e-08 0.0 0.00028186529392307784 4.859523337494063e-05 0.0011947351577730391 0.001537000621009603 0.0021532941956141486 0.00042615590706356575 2.5115299358629353e-05 0.0007210750720727921 0.00038306836660802153 2.3335159654841647e-05 3.729229810420551e-07 7.931533145664511e-07 9.815059898501753e-07 9.534127826405596e-06 0.0 0.0 0.0 1.0795653821157668e-07 2.1578692395786113e-07 3.698779754489526e-05 5.00027836175024e-06 2.549337235472477e-06 2.4457696077298815e-07 1.3007597941530901e-05 0.0 1.623870770156551e-05 9.735378189533366e-08 0.0 0.0 0.0 0.0 0.0 0.0 0.0 0.0 0.0 0.0 0.0 0.0 0.0 0.0 0.0 0.0 0.0 0.0 0.0 0.0 0.0 0.0 0.0 0.0 0.0 0.0 0.0 0.0 0.0 0.0 0.0 0.0 0.0 0.0 0.0 0.0 0.0 0.0 0.0 0.0 2.1187069329642532e-07 0.0 2.516532124489435e-07 0.0 0.0 2.1067638332327871e-07 0.0 0.0 0.0 0.0 0.0 0.0 0.0 0.0 0.0 0.0 0.0 0.0 0.0 0.0 0.0 0.0 0.0 0.0 0.0 0.0 8.6871927111465e-08 0.0 0.0 0.0 0.0 0.0 0.0 0.0 0.0 0.0 1.0900608811099422e-07 0.0 0.0 3.254664253889008e-07 4.666294936860545e-07 0.0 0.0 0.0 0.0 0.0 0.0 0.0 0.0 0.0 0.0 0.0 0.0 0.0 1.1067509748127031e-07 0.0 0.0 0.0 0.0 0.0
