0.0 0.001226582640306216 0.0006339373104350351 0.0007994530647060499 4.869281298965496e-05 0.00011235646661569235 0.0002098316600791631 0.0002668435050942125 8.377352108722902e-06 0.0004924188545345031 0.00011058950185737901 2.3400720001024035e-05 5.968231433586144e-05 3.0591349431192375e-05 2.3926176836057243e-06 7.695189857140819e-07 2.542603882139428e-07 4.825314332706668e-07 2.1193291140857142e-07 5.819438059305704e-07 6.224418681147635e-07 1.437738134479735e-07 0.0 0.0 9.414043828390573e-07 2.5815919837978705e-07 0.0 1.0595047234228744e-07 0.0 0.0 0.0003473996201269248 8.269996756112583e-06 1.2309851860742782e-05 0.0 6.877039748975008e-07 1.2643862434444103e-06 3.9299397076601914e-06 9.856446187371959e-07 8.422944275820115e-07 8.475410547616433e-07 1.156522466755884e-07 1.7109494316690916e-07 3.220549148327473e-07 1.4502933887638468e-07 1.7201902388036346e-07 1.7869515200070814e-07 1.7778455446380986e-05 4.412768021532553e-07 1.660686975268786e-07 3.9687014993867386e-07 7.128776882568059e-07 8.087192058436029e-07 1.3233102594319192e-06 2.0771959408334433e-07 4.819945375432213e-06 6.847706490196495e-06 0.00039935378746341524 0.0006100564700372399 3.7336522046955676e-05 2.0190892305547466e-05 6.695838983781645e-07 2.004089148430702e-06 7.013225626749147e-08 7.163221451485051e-06 4.324633012422307e-06 4.208171743429513e-06 7.195604535989576e-07 9.420087665714469e-07 1.0691957860038794e-06 4.301410359733738e-07 2.3773508287853275e-05 2.787754789995935e-06 1.2457976900989553e-06 0.00019054850388473284 1.3557668525310814e-05 2.3913605581062153e-05 2.217967152462919e-06 1.0339369553795003e-06 1.0164103674368178e-06 1.5684497273749028e-05 5.81204714849548e-07 1.8437225679632461e-06 1.0231955239456983e-05 1.222921352674574e-07 2.3320359929701043e-06 7.197660230801548e-06 9.024514896843439e-07 2.2634063957886916e-07 1.0700308763938867e-06 6.306728410352878e-07 9.8889826021096e-07 3.254392039952038e-07 1.6283180673545338e-06 9.523802608736082e-07 1.2682406303228523e-06 0.00013815602397197695 3.0658059106633145e-05 2.7479158351653014e-06 4.332872060051064e-06 0.0013142207085151663 0.0 1.1356951621374222e-06 7.054567339802857e-07 4.411329295894467e-07 6.638805321926064e-07 2.919629308913769e-07 1.319272766523948e-06 0.0 2.3538990412561955e-06 9.433452641231604e-06 1.5718956098565885e-06 2.522462139581607e-06 8.522673534927278e-06 3.3707532846738544e-06 2.0860043619648504e-07 0.0 0.0 0.0 0.0 0.0 0.0 0.0 0.0 0.0 0.0 0.0 0.0 0.0 0.0 0.0 0.0 1.1471773179342373e-07 6.11085175141809e-07 0.0 7.148469703072002e-07 1.3173519178523984e-07 0.0 0.0 0.0 6.853361968256683e-07 0.0 2.310346523648336e-07 1.2699650291253623e-07 0.0 0.0 0.0 0.0 0.0 0.0 0.0 0.0 0.0 0.0 0.0 0.0 0.0 7.539680245894653e-08 1.9672229750105088e-07 0.0 0.0 0.0 0.0 0.0 1.7846520869795135e-07 0.0 2.1356347208858494e-07 5.479035424629145e-07 0.0 0.0 0.0 0.0 0.0 0.0 0.0 0.0 0.0 1.1497052319938877e-06 7.843674918341317e-07 2.456711193234004e-07 0.0 0.0 6.943163529732926e-07 6.624134137191893e-07 8.082497128632864e-07 1.0905185426247651e-07 0.0 0.0 0.0 0.0 0.0 0.0 7.16322237841596e-08 0.0 8.563983008630258e-08 0.0 0.0 0.0 3.970662448972713e-06 3.563040004664024e-07 4.082464621229137e-07
0.001226582640306216 0.0 0.0010392007939756976 0.0010225017919805255 0.002040432551316141 0.00011315780198910718 0.0021720672759110954 0.0007133366664948198 0.001207083037968858 0.0014476800061877944 0.0012576801469391732 7.626552327017078e-05 0.0009721135642023763 0.0010575918722566227 3.553655291754779e-05 5.6157521909245255e-06 8.828601358946563e-07 9.86547221420711e-07 2.5461316721019623e-07 1.0463240683634592e-06 9.049751011984172e-07 2.488112935496831e-07 0.0 1.4247501967815022e-07 3.3623083245498986e-06 4.330906788092112e-07 0.0 6.326765583208508e-07 2.3209884834999086e-07 0.0 0.0007126300116208605 1.9048696299410336e-05 6.318455814221719e-05 1.595787387692048e-07 1.2169421130165349e-06 2.876614401315403e-06 9.57443554999993e-06 2.6914617480091417e-06 1.0686686399041948e-06 1.0129062712160576e-06 4.973795180584883e-07 8.113066169707253e-07 1.0470097444316443e-06 1.49752470180483e-06 4.778081304595673e-07 1.1995532114891803e-06 0.0001857082461767589 4.583212393041161e-06 1.0707848628083885e-06 1.6096802230952274e-06 2.3067767045568253e-06 3.415622401055816e-07 1.764243447804097e-07 5.37081470519058e-07 2.1412915263903964e-05 3.0405435643694283e-05 0.00016898067924443183 0.0008856903864365923 5.665618109754726e-05 0.00014013436663810362 2.757853238308015e-06 5.225972992990691e-06 5.54687635727525e-07 5.2987811708856975e-05 2.405628981449743e-05 2.193734971893645e-05 5.775041058077573e-06 3.509352726940909e-06 3.7766673903732034e-06 7.492755186858226e-07 1.6767282055137354e-05 6.426123916292506e-06 0.0 0.0006338160566209971 0.00011082462539526995 0.00023511271489207189 3.698436352932575e-05 5.5119818848481255e-06 4.249094434146994e-06 7.417546990053602e-05 1.7514728630102724e-06 4.057979320119075e-06 4.714375073142178e-05 1.530534178454601e-07 1.4274653117242547e-05 3.7889736958012725e-05 2.806346485984128e-06 1.5946445364151592e-07 5.80362894544644e-06 2.2864019157083087e-07 2.4144232770464366e-06 6.090975874453117e-07 3.337576316071247e-06 3.563054295261835e-06 2.3059730554647422e-06 1.2118052166110471e-05 2.566915852127655e-06 0.0 3.4213788005767813e-06 0.0002789034671103835 5.520830788571389e-07 3.209746784818197e-06 2.2719899147335314e-06 3.820491939894992e-07 5.893979017044767e-06 3.93525522513756e-06 1.4017613884364386e-06 2.051736955814543e-06 1.0929463203886348e-05 1.468615916905892e-05 1.3385130068188966e-06 6.608355711189391e-06 2.535405028438e-05 1.320386324801592e-05 6.841865863884687e-06 2.9302038556088275e-07 0.0 0.0 0.0 0.0 0.0 0.0 0.0 0.0 0.0 0.0 0.0 2.745989871024817e-07 0.0 0.0 0.0 0.0 9.609100079124296e-08 0.0 1.6802771195871365e-06 9.763533905270605e-07 0.0 0.0 7.573374432026909e-08 3.7734127823137395e-06 2.9286183576498333e-07 4.538529495590368e-06 2.543495302169922e-06 9.322149980637542e-07 0.0 0.0 0.0 0.0 0.0 0.0 0.0 3.7480085209160086e-07 3.0561891314325665e-07 0.0 0.0 0.0 0.0 2.3676496894244788e-07 0.0 3.367280823068159e-07 7.551778924748878e-08 5.141894000535908e-07 4.820917854826565e-07 5.17095759677467e-07 2.4369766856237196e-07 1.270262142698995e-06 2.4551536419938645e-06 4.2104350162382014e-07 0.0 1.4569122206580053e-07 6.125401295059551e-08 0.0 0.0 8.956712231077357e-08 0.0 7.608681081380765e-08 6.5074358068601105e-06 3.176087851801318e-06 1.833684550684437e-07 0.0 6.951081601513387e-08 4.158507306166528e-06 7.955812044762318e-07 1.5593381448174905e-06 8.082790673274681e-07 0.0 3.7949019056825706e-07 0.0 0.0 0.0 1.5643178852932267e-07 6.000361290481921e-08 1.614395798177577e-07 1.3266376836141168e-07 7.523363287908606e-08 6.488254592731909e-08 0.0 6.4516650908370055e-06 1.1598955479853852e-05 7.3948624604084765e-06
0.0006339373104350351 0.0010392007939756976 0.0 4.495562071638436e-05 0.001029496039078732 6.973623490371863e-06 0.00015359297686348854 0.0027398264047471836 0.00042814360005737447 1.3595809283246682e-05 0.0015846881613315572 2.86005838437992e-07 3.589453854416027e-05 0.00034277770410087515 2.727481157658182e-05 1.6936687490767093e-05 9.648071426630599e-07 2.5862799541839968e-06 1.4786080050063477e-07 6.129978916056686e-06 4.936463605568151e-05 0.0 9.235251695624631e-07 3.561940773664879e-07 2.3267204065925242e-05 8.647110469337704e-07 1.00875387853103e-06 1.0377354289928345e-07 1.2966616304745502e-07 0.0 0.0036099945376693197 0.00010073220935730922 7.62204138357996e-05 1.3698628062532594e-06 1.462816498868742e-05 2.0837956829078687e-05 1.2746331602160752e-05 9.39327124739328e-06 3.510379835776284e-06 3.5167220308431012e-06 1.976742143956105e-06 4.139265955537236e-06 1.0710101754221149e-05 1.8084411737588342e-06 3.5558428571102777e-07 8.899359348098289e-07 5.009959689618042e-05 1.6287983761809906e-06 1.9398170732472583e-06 1.5075370351666934e-05 1.4721368594761904e-05 5.675032535012704e-07 5.269976420349178e-07 1.933849665589556e-06 4.392663613967001e-06 4.822587321820215e-06 5.833271818973639e-05 0.0006727256525408209 1.4624626571239035e-05 2.855086612040147e-05 2.7957472938321435e-06 3.111921340664124e-05 4.469295846785498e-06 8.60539511588991e-05 4.109475551291117e-06 1.7731201698638067e-05 7.970040037560911e-06 2.6372535038909178e-05 3.3753587978644967e-05 3.328936114558218e-05 1.882377741321603e-05 2.5554243814188006e-05 1.0206865425736437e-07 0.00014800587772267966 5.799252939355777e-05 7.678045179600334e-05 1.9210275032870946e-05 5.903184164602255e-06 2.8058749428507578e-05 0.0004466378746808303 1.0394879727881887e-06 4.129572376363616e-05 8.584060669034591e-06 0.0 2.6542381956361333e-06 1.0947831296382607e-05 5.03318150212058e-06 0.0 1.176664006082865e-06 8.437889673482106e-08 5.859003931370262e-07 4.269228657163753e-07 7.385887797441737e-05 2.5156069254368754e-05 4.461076968578348e-06 1.1846505131222535e-05 4.518812128766497e-06 8.808489040248817e-07 6.673737213611904e-06 0.0001221262964686217 0.0 1.4890380595313801e-06 1.7197438645705221e-06 3.4935028380356534e-07 5.221554353035384e-06 3.496254296105041e-06 0.0 2.5091876959681934e-06 5.837634079719962e-06 5.941100169057048e-06 3.37160716152439e-06 6.411773702449784e-06 1.625871290976967e-05 1.4137714289035506e-05 8.663846092766797e-06 3.082037020968652e-07 9.12396922923643e-08 2.4543698748261024e-07 0.0 0.0 0.0 0.0 0.0 0.0 0.0 0.0 0.0 5.099065381264607e-07 0.0 0.0 1.2470191768401766e-07 7.023718781971416e-08 0.0 0.0 4.990685338761583e-06 6.630543343910393e-07 0.0 1.2966659528475263e-06 0.0 8.527357009450694e-06 9.299641966890207e-07 1.0545500110728635e-05 9.55767563800709e-06 2.9868155309320362e-06 0.0 1.8955100487556733e-07 0.0 0.0 7.056206074328096e-07 6.878692957501503e-07 1.529696916964406e-07 3.65094745471624e-07 1.4765895658770458e-06 0.0 1.990806872994693e-07 8.829237025357679e-07 4.6995911750973716e-07 1.9636591586640385e-06 3.438110686541168e-07 3.5025080461018825e-07 7.224666000782941e-08 2.6230090409676807e-07 1.283791100719345e-06 1.9152577415862753e-07 1.5577799244026356e-06 6.526777394904917e-06 1.1818613601933052e-05 9.018411924302104e-07 0.0 4.996914473042597e-07 0.0 0.0 0.0 8.304769012452424e-08 0.0 5.957900816441079e-07 6.4423209036442095e-06 1.3869508825178932e-05 9.991759957002205e-08 0.0 8.661701105263539e-07 8.262921433054984e-06 1.8380058728087277e-06 1.0056620578783111e-05 7.544668224654661e-07 8.862995055714633e-08 7.177927220159885e-07 4.397070124510986e-07 0.0 0.0 0.0 0.0 0.0 3.5434261963449973e-07 2.0220668989233493e-07 4.121069360128407e-07 1.1210728618554223e-07 4.659508858771725e-06 1.6288783083572163e-05 2.345643404538402e-05
0.0007994530647060499 0.0010225017919805255 4.495562071638436e-05 0.0 3.32959112755389e-05 0.0002510286329716513 0.0007737890598660637 4.037811583841199e-06 1.2395135179324978e-05 0.0006899171531085485 1.3463277966867271e-05 8.998376443714978e-05 0.000350309691142478 8.882407874681628e-05 1.2701078805781238e-06 7.401590342996996e-08 0.0 8.461476347302144e-08 0.0 1.0881984395337665e-07 0.0 2.828431402864743e-07 0.0 0.0 0.0 0.0 0.0 0.0 0.0 0.0 8.090984168445664e-05 1.5959984007856342e-06 1.354861817521397e-06 0.0 0.0 0.0 5.811638951919092e-07 0.0 1.4998843407293842e-07 8.772662417356854e-08 0.0 0.0 0.0 1.3111392997947303e-07 0.0 0.0 1.1940804711645888e-05 3.2492751830986936e-07 0.0 0.0 3.3790425352768146e-07 4.006814964907919e-07 4.0412014246753686e-07 0.0 2.9806144772048195e-06 3.337209836342302e-06 5.0849052090755755e-05 9.271344008141274e-05 7.69965028333947e-06 1.2988858651173973e-05 2.589460536649389e-07 1.0085831051436623e-07 0.0 4.218465549025643e-06 2.565806043211157e-06 2.893729342714277e-06 2.626229159266628e-07 1.9017683689679778e-07 4.41743742355954e-07 0.0 4.699613847728098e-06 6.825542144755588e-07 3.8776403528221396e-07 7.833602566451387e-05 7.538007314063031e-06 1.4428125958929066e-05 7.314099664871223e-07 3.520609073447654e-07 9.521068410417503e-08 3.8709131641925856e-07 9.446503511094177e-08 1.5807738333460854e-07 4.596410803536357e-06 0.0 1.4091680521151477e-06 4.256196192084274e-06 4.7677338311873696e-07 8.352830131881591e-08 6.964399268856561e-07 0.0 3.7555365381901417e-07 8.624413946594621e-08 0.0 0.0 0.0 3.8631502021543046e-05 5.133343989895335e-06 2.6466427057232907e-07 4.833643476036365e-07 0.00026889888523545156 0.0 3.7265304810632045e-06 1.1655409690931253e-06 9.104369746213161e-07 8.920492926548709e-07 1.3204131393759651e-06 2.735876103168225e-06 1.1266850864447447e-06 8.239008201973833e-06 1.46062657355708e-05 1.5204327134990731e-06 3.320921281105285e-06 1.4034069237595275e-05 4.551977597477699e-06 1.5733469159793235e-06 0.0 0.0 0.0 0.0 0.0 0.0 0.0 0.0 0.0 0.0 0.0 0.0 0.0 0.0 0.0 0.0 0.0 0.0 0.0 0.0 5.599459313314533e-07 0.0 0.0 0.0 3.9437449010030536e-07 0.0 0.0 1.8801935813218776e-07 4.6106571118947544e-07 0.0 0.0 0.0 0.0 0.0 0.0 2.846170183631251e-07 0.0 0.0 0.0 0.0 0.0 0.0 0.0 0.0 0.0 0.0 1.980863779388474e-07 0.0 3.8143991784641247e-07 0.0 4.789921384598776e-07 8.68088198232596e-07 0.0 0.0 0.0 0.0 0.0 0.0 0.0 0.0 0.0 2.2548540554287394e-06 1.5431966989671647e-07 0.0 0.0 0.0 8.449967632704408e-07 1.1997405258841424e-06 2.3105768188874245e-07 0.0 0.0 0.0 0.0 0.0 0.0 6.823583495147892e-08 5.349319722825352e-08 0.0 0.0 0.0 0.0 0.0 2.6848097647038987e-06 1.1312270478648234e-06 7.767946051561199e-07
4.869281298965496e-05 0.002040432551316141 0.001029496039078732 3.32959112755389e-05 0.0 6.455407829631823e-07 0.0017810164063097257 0.0003177684398330548 0.0022259470185331223 0.00012232412736556782 0.002186976137471332 5.579848102384771e-06 0.00030344997697735754 0.0011844850225421128 2.680047859929736e-05 4.3627027932266965e-06 5.785608055490474e-07 2.097204066549575e-07 2.3198010701438236e-07 1.6003925985148557e-07 7.789841745659702e-07 0.0 0.0 8.88497868432759e-08 8.932463569974056e-07 0.0 0.0 2.2192715474729522e-07 0.0 8.244567576631187e-08 8.052206895981678e-05 8.206525341040822e-06 2.694495796082414e-06 3.878769077077259e-07 1.0014602111990758e-07 9.529565045700038e-07 6.231046237097341e-07 1.1820077032510266e-06 6.231680515590536e-07 1.2327521736341003e-07 0.0 1.9259197271108115e-07 1.7125615479112087e-07 1.104203973520972e-06 2.734622823192748e-07 1.5540305880408102e-07 9.491949755474533e-05 1.6567815179674357e-06 0.0 6.800555111314477e-07 4.7143850914311943e-07 0.0 0.0 1.5404245807480457e-07 5.328955640772282e-06 6.387662182508339e-06 1.4630589815142948e-05 0.00010473018287359585 1.3305819099243666e-05 5.2807162918623665e-05 7.210371635766285e-07 8.913902745246066e-07 7.271817984400634e-07 2.165696807587991e-05 5.071282848144137e-06 5.591760046795457e-06 1.3553274590294627e-06 1.0971911216406935e-06 9.773774360292947e-07 3.601580403653622e-07 7.452200968523288e-07 7.837575589084543e-06 0.0 0.00013252378910566574 3.0189764791721447e-05 0.00011837584250075517 3.0452375826079278e-05 3.94526480496939e-06 1.5783752038414486e-06 6.853141879171212e-06 5.070458013476249e-07 1.2197429363525193e-06 1.170319019318273e-05 0.0 4.3211748909829195e-06 1.0585295975664448e-05 3.802343723339662e-07 1.3483968165021821e-07 9.925714395333242e-07 0.0 1.3860158065203382e-06 4.240538807395661e-07 2.061982164455786e-06 8.888121376633545e-07 3.091241543963072e-07 7.477650624750971e-07 1.1997368280742332e-06 1.612310699332923e-07 2.2804895935218077e-06 4.687789322319492e-06 3.970285758133297e-07 1.5391830485064604e-06 3.271526967369078e-06 9.749509985975954e-07 6.9225293340667785e-06 4.648908982574476e-06 2.8252905445931964e-07 1.2122288230419178e-06 1.2698652199816647e-05 1.2034126434492916e-05 3.4536573500770573e-06 1.1335514197948217e-05 2.979307572046076e-05 1.793938022265492e-05 8.583543540728242e-06 7.971501961255797e-07 1.3297253053194177e-07 0.0 0.0 0.0 0.0 0.0 0.0 0.0 0.0 0.0 0.0 5.615005778576432e-07 0.0 2.5567358607584883e-07 0.0 0.0 0.0 0.0 1.9172282380648567e-06 3.490619795432971e-06 0.0 1.0315323280866734e-06 0.0 7.38770935942155e-06 2.8339935830990544e-07 1.0078080303076115e-05 4.848785224430398e-06 9.371234788675758e-07 0.0 0.0 0.0 0.0 1.9412601856973666e-07 0.0 0.0 1.8533195247518685e-07 6.363397495909817e-07 0.0 0.0 0.0 6.500177997379202e-07 0.0 0.0 1.313433825541052e-07 9.635033325612962e-08 4.951646736717953e-07 2.9512210967957653e-07 1.0035748726956003e-06 0.0 2.1193963587093364e-06 6.986439474952495e-06 0.0 1.8807767051257176e-07 0.0 9.843216057995256e-08 0.0 0.0 6.220328437444692e-08 0.0 0.0 5.823391771539308e-06 6.47758782880422e-06 3.292106231226368e-07 6.87347220507753e-08 2.3579014495816813e-07 8.669889850781102e-06 1.55249780122199e-06 5.712911928175291e-06 1.5918798832117541e-06 0.0 5.101637341891079e-07 0.0 3.2901679047026234e-07 0.0 0.0 1.1302166634404833e-07 0.0 6.102454054856438e-08 0.0 0.0 0.0 4.057996679006877e-06 1.2286982348900501e-05 1.597344289584872e-05
0.00011235646661569235 0.00011315780198910718 6.973623490371863e-06 0.0002510286329716513 6.455407829631823e-07 0.0 3.863297531625124e-05 2.410361941691199e-06 6.675931432546815e-07 0.00015352060296610468 2.306959309944531e-06 5.4102353703073786e-05 3.995314646222273e-05 7.5691012309999255e-06 1.3657663615312876e-07 3.143521983462502e-07 0.0 0.0 0.0 0.0 0.0 6.376775755784262e-06 0.0 0.0 1.2109697931207374e-07 0.0 1.6117102761234788e-07 0.0 0.0 0.0 3.230759144499507e-05 1.5823399500225818e-07 2.7694767436321194e-06 0.0 0.0 4.507019198318156e-07 5.792126164197841e-06 1.53842652418489e-07 3.93777387980189e-06 0.0 0.0 0.0 0.0 0.0 0.0 0.0 2.792131698233251e-07 0.0 0.0 1.0033910033112101e-07 1.8258392454582144e-07 2.256805936458108e-05 4.8167115564005746e-06 1.5305622837926472e-07 0.0 6.842326831083443e-07 0.00010979474494727405 8.689063713901132e-06 1.364655214265359e-06 1.1018154014644642e-07 0.0 4.610901980272089e-07 0.0 0.0 6.626501132081466e-08 5.727127340489236e-08 7.427269303093816e-08 4.373805001533814e-07 0.0 0.0 0.00010303997416525079 0.00015129128469712475 2.6715286352915508e-05 5.992545181100689e-07 0.0 2.4931235670601686e-07 0.0 0.0 0.0 4.860457842221761e-06 0.0 1.6434269964464136e-06 0.0 1.2411399168414663e-06 0.0 2.2403584819672858e-07 6.014659323567392e-07 8.294354646356831e-06 4.836872125073721e-06 2.0517290208894737e-05 5.106904911760878e-06 7.133890234928635e-06 9.951327925013446e-08 5.484840688774883e-07 4.721399559244489e-06 0.00018430118006190695 0.0003424376132867454 6.780137171106203e-05 2.220224584119869e-05 0.0002072243488707779 0.0 0.0 2.5965600838316844e-07 6.961908352723402e-07 0.0 4.944691186020711e-07 6.498161749177487e-07 5.731357516060441e-07 7.506204161151113e-07 1.4734671272591453e-06 0.0 0.0 1.751441927311022e-06 1.2897275925051953e-06 0.0 0.0 0.0 0.0 0.0 0.0 0.0 0.0 0.0 0.0 0.0 0.0 0.0 0.0 0.0 0.0 0.0 1.3876498617794202e-07 1.255659065080301e-07 0.0 0.0 2.616352586583968e-07 0.0 0.0 0.0 0.0 0.0 3.6525777625969163e-07 1.9768563150762496e-07 2.391397262587198e-07 0.0 0.0 0.0 0.0 0.0 0.0 0.0 0.0 0.0 0.0 0.0 0.0 1.4225501485912937e-07 0.0 0.0 0.0 0.0 0.0 0.0 0.0 0.0 0.0 0.0 0.0 9.535400645766202e-08 0.0 0.0 0.0 0.0 0.0 0.0 0.0 4.79027183387565e-07 2.0164207793954805e-06 1.2257369424659453e-07 0.0 2.9924586168678623e-07 1.9992682155070522e-07 0.0 0.0 0.0 0.0 0.0 0.0 0.0 0.0 3.356382494947846e-07 0.0 0.0 4.352748898644886e-07 3.2398479488452924e-07 1.062862691713192e-07 0.0 0.0 2.3052049816832692e-07 8.025672596267963e-07
0.0002098316600791631 0.0021720672759110954 0.00015359297686348854 0.0007737890598660637 0.0017810164063097257 3.863297531625124e-05 0.0 2.162737956412385e-05 0.0011194413027469058 0.002105272300561172 0.00018337271950576032 0.0002940027049166243 0.0021936414473910323 0.0029093365099844256 3.736756913653304e-05 6.321738192536187e-06 3.680346034860675e-07 7.101441987677384e-07 3.791909108512865e-07 2.4774784109198734e-07 7.412830693749613e-07 0.0 0.0 0.0 9.333631036013711e-07 1.6286244353666378e-07 6.639967901464933e-08 4.6055103652374565e-07 1.0822812497208177e-07 6.826283986888221e-08 5.652698323287933e-05 8.71329861974639e-06 1.2356350962810187e-05 2.2659316133220815e-07 8.275579462661679e-07 3.9854349814567427e-07 3.088436085972578e-06 2.5389984679099093e-06 1.0157409399220924e-06 2.2909043710359302e-07 5.725548187297913e-07 9.858562663075493e-07 3.979279367171126e-07 1.3167403566015805e-06 0.0 3.910462083831021e-07 0.0001395278831940761 2.030972712238519e-06 3.674022581642739e-07 1.0924609089810515e-06 1.3275781021043263e-06 9.257512709549237e-08 0.0 5.081676306247511e-07 8.880359643894e-06 1.3899419338851193e-05 4.1659124793205184e-05 0.00020092948719340915 1.990906038739294e-05 8.594398658006596e-05 1.1260470308320466e-06 1.9488908841139387e-06 6.683453452032757e-07 2.539336905252799e-05 1.1317301517561968e-05 1.1512044217808306e-05 2.3412500579002807e-06 1.9931008435738434e-06 1.5704401498937687e-06 1.2521071055184169e-06 7.1998395296187286e-06 2.9410438079010796e-05 8.258632142093732e-08 0.00026403565545841414 5.4106381787880946e-05 0.00015930404547803597 2.9348160382407995e-05 5.70121721274777e-06 1.0981075390644442e-06 5.543395047692761e-06 1.4746823782833904e-06 2.0311271131511834e-06 2.087789845513806e-05 1.8618324185015614e-07 6.527281670099885e-06 2.0080812767455044e-05 8.417406978971519e-07 6.960806940710366e-08 3.024632165420019e-06 2.1500501817417472e-07 2.439719697221145e-06 5.051409732144472e-07 1.861740275621677e-06 2.341527953767457e-06 7.847047211927397e-07 1.5631370992452497e-05 2.4603234875709673e-06 5.052831604493429e-07 2.176009575612815e-06 3.286573705345649e-05 1.1214716602446954e-06 5.695892891905257e-06 1.5642422933346365e-05 1.4902181664909418e-06 2.6148911179278894e-05 2.534909142215539e-05 4.775481020529766e-06 9.015634571649655e-06 5.791209064711566e-05 6.508676329887088e-05 1.1323473018551016e-05 4.965083059643239e-05 0.00012454239936924685 8.378893604726721e-05 4.397087560725644e-05 4.891541562918737e-07 4.074216125844769e-07 0.0 0.0 0.0 0.0 0.0 0.0 0.0 0.0 0.0 0.0 8.949698189553138e-07 0.0 0.0 2.129351814698816e-07 0.0 0.0 0.0 7.102909244942592e-06 1.2040411779450019e-05 0.0 3.363856323940582e-06 8.787659861941157e-08 2.2680264107389438e-05 7.775552833177757e-07 2.6328419398386194e-05 1.2010673555961155e-05 3.284175811933199e-06 0.0 0.0 0.0 0.0 0.0 2.511138890473873e-07 0.0 7.516300966667883e-07 2.252628429893854e-06 0.0 2.4710034763737733e-07 1.1806859196120921e-07 7.979167084993841e-07 0.0 3.982661921436172e-07 3.671577070253227e-07 8.621481474286295e-08 1.2143367531364902e-06 2.204794611766534e-06 2.1134484959101744e-06 1.7535713304786848e-06 6.663367949892126e-06 2.0315222335579473e-05 9.537012811576821e-07 4.0517866781658737e-07 4.3764578579481015e-07 0.0 0.0 2.212664165901702e-07 0.0 0.0 0.0 3.3629279426642895e-05 1.2736218389471334e-05 3.4958411823337086e-07 0.0 0.0 4.133028005003267e-05 5.081448043316818e-06 1.8938648544638465e-05 2.502187905386989e-06 4.226401524947375e-07 1.2908482172678338e-06 7.544887813098307e-07 0.0 7.25614100528498e-08 5.3181847582157275e-08 0.0 0.0 2.0477985007644498e-07 0.0 0.0 0.0 3.0776474697903806e-05 5.052817190965744e-05 4.082394052046392e-05
0.0002668435050942125 0.0007133366664948198 0.0027398264047471836 4.037811583841199e-06 0.0003177684398330548 2.410361941691199e-06 2.162737956412385e-05 0.0 0.0001279011272472194 1.8005612647645523e-06 0.0018277956356049176 2.564967948970205e-06 4.831529805909789e-05 0.0005481666502777105 5.004371690144787e-05 2.6778862535963443e-05 4.273646434627206e-06 1.4895832024654286e-05 3.19626358843468e-06 9.015515991907349e-05 0.00023378455002287914 9.101695129228497e-08 6.917000136710661e-06 5.991457712705985e-06 7.672162183623973e-05 3.945314190063386e-06 1.2985338673206635e-06 2.6263396375337136e-06 3.38421292610739e-07 8.596324470467481e-07 0.0015735092721897092 0.0021323242748260843 0.0004917294627324405 1.1259056411542745e-05 7.898685767639072e-05 0.000123451995270369 6.301159293503036e-05 4.4534625172281806e-05 7.458512361725803e-06 1.143980609845259e-05 1.0791847408796116e-05 1.0917963778425023e-05 5.6175957687524766e-05 3.7486275119889076e-05 7.313056723857763e-06 1.709800202413637e-05 0.00010121852251004107 2.32984108998993e-06 3.954886803762918e-06 4.1057685310598685e-05 2.2125078838645596e-05 1.0567118756581272e-06 6.097964586475144e-07 4.8318754024307635e-06 4.097995289010903e-06 3.976315101628545e-06 3.6618981702944373e-05 0.0004420720980761582 1.2704503845205438e-05 4.332075607313438e-05 0.0002294421437795846 0.0005367022080362533 5.819364429763928e-05 0.0003408456063446042 4.144000515354103e-06 2.670070353394172e-05 1.0810794818235608e-05 5.336054490525817e-05 9.938936073776824e-05 0.00012037870925534114 8.677045385581247e-05 1.2000489916350573e-05 2.3362100768296107e-07 0.00016920087073345717 0.00017210832541962178 0.00017835952894395773 0.00044268212498370715 0.00030808036811604813 0.0005650756737238934 0.0019383440956188243 0.00023138010012579085 0.0017090930941812436 9.271722560277771e-06 0.0 4.520727747961567e-06 1.3931227755937536e-05 1.7834044166708907e-05 0.0 1.8922187897492054e-06 3.185801135939723e-07 1.577834173605632e-06 3.0582730406332825e-07 0.0002120487914026654 4.57477563848627e-05 1.229658802974467e-05 2.7759008119775214e-05 8.477659529827316e-06 0.0 1.8787602809558368e-05 4.6010634345579226e-05 1.4644002361547072e-07 1.0551268337293094e-07 1.1536253466999299e-06 0.0 2.4823821430616414e-06 2.430464326862055e-06 1.518288529005475e-07 1.3217030504710476e-06 2.1508796114093467e-06 1.6248028430060992e-06 1.2135335055492363e-06 3.887712106420304e-06 9.233624064442814e-06 7.624299807598226e-06 2.392748747669795e-06 8.707576997483229e-08 0.0 0.0 0.0 1.1666622977284274e-07 0.0 0.0 2.9909593680944067e-07 5.389918602376481e-07 0.0 5.761479994541434e-07 0.0 8.674425586397903e-08 0.0 0.0 1.553185940844497e-07 8.691464261706618e-08 3.6652330956773523e-07 0.0 7.619673193098223e-07 1.7152277977335039e-06 0.0 6.086097045524461e-07 0.0 2.9355551020591486e-06 2.421978447943465e-07 3.4615597136006784e-06 2.1497245365409906e-06 1.7059715153140611e-06 1.1395128385866628e-07 9.534943624219845e-08 0.0 0.0 0.0 9.619298301786817e-08 1.347896521657559e-07 0.0 1.7758246315450902e-07 0.0 0.0 1.6318357899552386e-06 3.639263267637574e-07 3.653029594321597e-06 0.0 0.0 0.0 0.0 0.0 0.0 9.187898216064863e-07 6.180305940381752e-07 2.053183067158747e-06 0.0 0.0 1.8229104412186994e-07 0.0 0.0 0.0 7.507294172409739e-08 2.469475081323825e-07 5.67422580771693e-07 4.13981360812431e-06 1.8165772428341677e-06 2.47367858904341e-07 7.670472674599754e-08 2.9104526136738095e-06 4.102899789464381e-06 6.951722026500261e-07 8.44908333071014e-07 2.0347024541733083e-07 0.0 1.9411251611103504e-07 0.0 6.948853993238603e-08 0.0 0.0 0.0 7.728849494030363e-08 4.850624354477073e-07 2.055431652821644e-07 6.040179168787444e-07 1.0523092611980406e-07 4.784566251978257e-06 5.979337159273839e-06 7.107945042432086e-06
8.377352108722902e-06 0.001207083037968858 0.00042814360005737447 1.2395135179324978e-05 0.0022259470185331223 6.675931432546815e-07 0.0011194413027469058 0.0001279011272472194 0.0 7.401635747740642e-05 0.0012555360526057156 3.7098066747639e-06 0.0002703804119674219 0.0015485779248115418 1.7883565113085512e-05 6.01886642995989e-06 0.0 7.2934900254387e-07 6.115580784347492e-08 9.618579558573989e-08 4.501554271475815e-07 0.0 0.0 0.0 1.5411217021822888e-06 2.0262392280580466e-07 1.8935798514655077e-07 0.0 0.0 0.0 1.0254035353150192e-05 4.876255495844419e-06 1.161141331716995e-05 0.0 4.960841098170399e-07 1.1390085485211456e-06 1.8409756602819225e-06 4.0830664819250073e-07 1.0869427703567126e-07 3.2492295800810516e-07 0.0 1.0088201416984022e-07 8.585846681479417e-08 6.559793830971728e-07 9.22064663526604e-08 2.1532599402247306e-07 4.490886133509377e-05 2.8801368973624113e-07 7.581062505979264e-08 8.78301182393656e-07 8.897666336068355e-07 1.74843456691677e-07 0.0 2.459623292889883e-07 1.2855287392675199e-06 2.0413723763177744e-06 2.5834832698175483e-06 1.7020236660423334e-05 2.2660339276576393e-06 1.873014694802587e-05 6.887120196887625e-07 8.831849186035573e-07 4.237007200658824e-07 5.032201493271468e-06 1.8378359321721174e-06 2.0588437697385614e-06 5.406331971090042e-07 7.04391174861449e-07 1.3691518304239833e-06 7.488546127466929e-07 5.027377888605806e-06 8.42737675034306e-06 1.1459419718411325e-07 3.83333099613275e-05 9.75354249229309e-06 5.051649347748133e-05 1.4254617039850715e-05 3.329087299466769e-06 5.389321549824862e-07 2.9951112581548716e-05 3.9455195523482643e-07 7.777322031988248e-08 2.746592723090636e-06 0.0 1.4422232210058555e-06 1.7398943212701922e-06 2.343470126806604e-07 1.984788513878477e-07 6.76804724803136e-07 0.0 4.7057358843135524e-07 0.0 2.0005631131929773e-06 2.1116907771636878e-06 0.0 2.1951908541800634e-06 1.0274052549901355e-06 0.0 1.4634253130334327e-06 3.9887193900968653e-07 8.450803357571181e-07 1.1057191585663526e-06 2.2927110238030863e-06 1.1547686341795962e-07 7.663256849636172e-06 8.263112668318093e-06 6.463241634966639e-07 2.4610893406837562e-06 1.7403064466456864e-05 1.3958650540731013e-05 3.769118633639743e-06 1.5464349137331564e-05 3.7786017355552346e-05 2.3834679437146707e-05 1.1076456144263319e-05 3.6365088453720395e-07 1.0065737965315886e-07 0.0 0.0 0.0 0.0 0.0 0.0 0.0 0.0 0.0 0.0 1.7863123838011387e-07 0.0 0.0 0.0 5.6265835916596e-08 0.0 0.0 1.8963886404590305e-06 3.3523069730886414e-06 0.0 8.726896220221992e-07 0.0 8.805979278172926e-06 8.471295271822292e-07 7.76088002755372e-06 5.064403330565112e-06 7.940830511665696e-07 0.0 0.0 0.0 0.0 7.540236404435884e-08 1.668255341299832e-07 0.0 6.300956852785397e-07 4.155769985032608e-07 0.0 0.0 0.0 1.0555398384499472e-07 1.8465798944294585e-07 0.0 1.826066566587457e-07 0.0 3.367053700212906e-07 7.522071929413393e-07 9.627084521364098e-08 3.063328184707318e-07 1.8982395231964488e-06 4.714122338739986e-06 3.802271353333405e-07 2.5441364409431606e-07 0.0 0.0 0.0 0.0 0.0 0.0 0.0 6.538761154154688e-06 4.316530922551966e-06 0.0 0.0 1.883817038484464e-07 9.716058497120847e-06 9.469807842752826e-07 2.8120135928138116e-06 5.854168673150854e-07 2.8528920684315784e-07 1.1351104620553642e-07 0.0 1.683911501646558e-07 0.0 1.0699356206123635e-07 9.545625635417344e-08 0.0 0.0 0.0 0.0 0.0 6.860965042149632e-06 1.65975248913635e-05 1.418227197646177e-05
0.0004924188545345031 0.0014476800061877944 1.3595809283246682e-05 0.0006899171531085485 0.00012232412736556782 0.00015352060296610468 0.002105272300561172 1.8005612647645523e-06 7.401635747740642e-05 0.0 8.082600994462385e-06 0.0007997039550709151 0.003867116352903426 0.0004012487050794033 6.971349411630737e-06 9.802212600368055e-07 2.1576047677305058e-07 6.95250124327996e-08 0.0 0.0 0.0 5.977135078775236e-07 0.0 0.0 1.4992775826659667e-06 0.0 1.3052975532348792e-07 1.2295172343544196e-07 1.0115153791779986e-07 0.0 5.284296479196485e-05 2.920268683048499e-06 4.5096354949914746e-05 1.1322488726983727e-07 6.743934850727513e-07 1.1960749850672325e-06 1.5762848705634653e-05 3.318463724570896e-06 9.743137559082552e-07 6.809743276704744e-07 2.7342006978685815e-07 5.618504917947448e-07 4.880028833272702e-07 0.0 3.5005850858123426e-07 8.689238636171731e-08 3.066253396717824e-05 1.1666736885691386e-06 1.725455999423277e-07 7.607928730726678e-07 6.62397913650041e-07 2.975095565311921e-07 1.756154166433494e-07 1.1336670769785192e-06 2.629410782670467e-06 4.429961286114226e-06 3.39244851732482e-05 4.5663114750307224e-05 8.11271015884497e-06 2.0047980007455483e-05 8.982444229466437e-08 2.113343024061329e-06 1.2714005328111143e-07 8.987460016153513e-06 3.822470773794842e-06 3.4494143461787156e-06 6.495894833084237e-07 9.046146489987606e-07 1.5580684874104604e-07 5.170468058293989e-07 9.03260135974928e-05 7.229860937933451e-06 4.5887575514534524e-07 5.896086499040123e-05 8.864339982885019e-06 2.7974783075506366e-05 2.394318106126024e-06 7.18042448106072e-07 4.604069954270458e-07 2.6056127884321565e-06 4.3015552980202417e-07 3.367903105984973e-07 5.9687572839653055e-06 0.0 6.98951666744593e-07 5.492652376646144e-06 0.0 0.0 1.3087036376656589e-06 1.9510151668558152e-07 4.597306233658294e-07 8.298847064063725e-08 1.2778573153734542e-06 1.3786506366308317e-06 2.198264730541025e-06 6.465496007255928e-05 3.082298316346038e-05 1.5545051072667672e-06 1.6484036934164068e-06 0.00016572010765356684 9.171981176716134e-07 2.7179446813760214e-05 1.3383385871728581e-05 3.1968566061106086e-05 9.162408825729639e-06 2.8784281493172814e-05 1.4967505251499526e-05 1.0810486745067191e-05 8.678026917174601e-05 0.00014420831120789203 6.721585287639088e-06 6.225401564969598e-05 0.0001340367362325245 9.810726968284856e-05 2.6252654842287924e-05 8.378099061367618e-07 7.124436516227057e-07 0.0 0.0 0.0 0.0 0.0 0.0 0.0 0.0 1.5066282339425733e-07 0.0 1.5264922144681611e-07 0.0 0.0 0.0 0.0 4.591486297237315e-07 0.0 3.914495323761912e-06 5.8477430890008e-06 0.0 6.813277213160961e-07 1.842097811754282e-07 1.0653957281813671e-05 0.0 1.163786278981832e-05 2.53841436264982e-06 1.908185804057053e-07 0.0 0.0 0.0 0.0 1.2543299353900466e-07 0.0 0.0 8.853721582940279e-07 5.799918778111288e-07 0.0 0.0 2.8641712808861913e-07 4.6427392313533903e-07 1.2340942902706827e-07 1.7530725920848806e-07 3.590879952975075e-07 0.0 2.1415363461906032e-07 0.0 1.4810954909994888e-06 0.0 4.410323432117093e-06 6.34748846683027e-06 0.0 8.097521141931783e-08 0.0 0.0 0.0 0.0 0.0 0.0 0.0 2.754404848156044e-05 9.255531476534108e-06 1.1890069039671106e-06 0.0 3.9477564795005654e-07 1.7391616889643853e-05 9.003245946826523e-07 5.993679714783708e-06 1.629695511459239e-07 1.0922353376197681e-06 1.8527294613583876e-07 0.0 0.0 0.0 1.595044950737449e-07 0.0 0.0 0.0 1.9167626411684383e-07 0.0 0.0 4.694439566761845e-05 1.9532106299600112e-05 1.548204957190846e-05
0.00011058950185737901 0.0012576801469391732 0.0015846881613315572 1.3463277966867271e-05 0.002186976137471332 2.306959309944531e-06 0.00018337271950576032 0.0018277956356049176 0.0012555360526057156 8.082600994462385e-06 0.0 1.2083699551713074e-05 0.0002727577325896606 0.001839065188235015 2.7896707075933593e-05 1.4478969680314559e-05 9.30754759697781e-07 1.4295569233737871e-06 2.5891258501547004e-07 1.188176473015863e-06 4.312826440723471e-06 3.9210009907764233e-07 1.268809983998104e-07 7.794177303856453e-08 1.955664699350606e-05 3.496466290654876e-06 2.719795299417663e-07 1.921434600929893e-06 0.0 0.0 0.0003889097120824212 8.043167239296785e-05 0.0003768411344219621 8.654693358938498e-08 1.4514018593309145e-05 3.331740324909633e-05 0.00010916027664639006 1.803812785202311e-05 8.78960648623137e-06 5.503070698307833e-06 2.8270222795333265e-06 3.745248140517082e-06 1.3001907340022668e-06 2.2858177807071216e-06 4.1523698835194694e-07 6.305021568712161e-07 4.6358076777571265e-05 2.6586342670545585e-07 7.927006006436236e-07 3.3259851343643212e-06 4.980940583584155e-06 0.0 8.470126644926735e-07 1.7521899506352824e-06 1.8328582785301229e-06 2.741492015653757e-06 1.1149207555323691e-05 6.752436707555566e-05 4.271235289076965e-06 2.2079941631045255e-05 2.9416604786726138e-06 4.557625959484393e-05 1.0305974181435846e-05 1.1966650439995486e-05 2.3059255242325504e-06 2.4694064091274766e-06 1.7855351398476392e-06 3.7176259763563675e-06 4.64060361229615e-06 8.885367455009832e-06 0.00011550113021121925 6.12446286426609e-06 1.4422727597621935e-07 5.719591569710734e-05 1.651477373981804e-05 6.130205217561937e-05 1.6889101678703e-05 5.914379011474231e-06 1.0211634158075437e-05 0.0006753484201336374 6.164844832072437e-07 2.9609481922046114e-05 2.9307221983433677e-06 0.0 1.3511911067102047e-06 4.9430656515863376e-06 1.1625678654874513e-06 0.0 7.670382261660429e-07 0.0 3.815553083515942e-07 7.720450607824773e-08 1.3337464812694027e-05 1.624537708052903e-05 8.63479452184551e-06 2.2499010859070993e-05 9.117924747522058e-06 1.7452657520126684e-07 2.221841307753823e-05 1.07087918075394e-05 0.0 1.1581161038621572e-06 3.825395354798376e-07 0.0 2.9257849628541835e-06 1.723196974634819e-06 0.0 3.418245466803145e-07 4.355138367891196e-06 2.0805834222071345e-06 4.4806036503494313e-07 2.4083646088281056e-06 1.0852150802059732e-05 8.86489931876694e-06 2.568242949509514e-06 4.4791343409484276e-07 0.0 0.0 0.0 0.0 0.0 0.0 0.0 0.0 0.0 1.0500032355603138e-07 0.0 4.552553315748022e-07 0.0 0.0 1.1043776962339364e-07 3.825169867703539e-07 2.6683191087891353e-07 0.0 1.1487384975883896e-06 9.625900528234338e-07 1.061638845511492e-07 6.320865544095672e-07 7.071955373881502e-08 1.7252697210099118e-06 3.224743733717519e-07 2.3636593708555174e-06 1.1942825931567894e-06 6.777359879918691e-07 2.422805250480701e-07 2.9130176644517386e-07 0.0 0.0 0.0 2.7533160949458866e-07 0.0 1.6250375597551596e-07 2.3049498030584672e-07 0.0 0.0 2.5533102810376674e-07 2.404749380036093e-07 4.759290977724554e-07 0.0 0.0 0.0 0.0 1.9363193465784183e-07 0.0 6.951005860849306e-07 8.676132527175611e-07 9.268621505509665e-07 1.1920011187958428e-07 0.0 0.0 0.0 0.0 0.0 6.472553275484019e-08 6.774087863402927e-08 0.0 3.0725217976754524e-06 1.4272657435010418e-06 2.089872290956792e-07 0.0 3.2890197991650063e-07 1.6569606733877193e-06 4.915236395200184e-07 2.8095374778339824e-07 1.1366913997125946e-07 0.0 0.0 3.5639991550894144e-07 0.0 9.037203539954155e-08 0.0 0.0 0.0 6.229883261010493e-08 0.0 0.0 0.0 4.320314872595551e-06 6.872166952532492e-06 4.514575920709154e-06
