0.0 0.0016498163547838773 0.0005432207128802665 0.0007623024380535405 4.965716787446578e-05 8.88608288658582e-05 0.000342989929793848 0.0001972622440977257 1.7501041542880782e-06 0.0006315892162576029 0.00014811338350961595 8.934118036193395e-05 6.224734459234034e-05 7.933763179200032e-05 8.504720301603736e-06 2.379744633387928e-06 4.525525368259925e-07 1.049129588218741e-06 5.275401911184622e-08 9.711760061809107e-07 6.6805924348706265e-06 0.0 2.926175304840689e-06 2.0646157000118562e-06 7.539579257429687e-06 5.40539675626464e-06 3.4312385090436054e-06 1.827875542685947e-06 1.6916689481995445e-07 1.6121021498549517e-06 0.0002566707710223904 3.622700313940634e-06 2.934067079755217e-05 4.476494605246342e-07 5.105042314625714e-06 2.929654562624348e-06 6.13344964558493e-06 3.2938429045796593e-06 1.2009113194624091e-06 1.3971923413617729e-06 7.771937986427288e-06 2.454118662704705e-06 1.1230606061662551e-06 8.748972630250017e-07 1.7427673478919297e-07 6.261996448352317e-07 4.8470339694544075e-05 3.482251977366139e-06 1.079051785828486e-06 1.9085705641750052e-06 1.89563922082253e-06 1.5396697450941647e-07 6.370718321314442e-08 0.0 1.5033658890348845e-05 2.522831240325284e-05 0.00015427408340607505 0.0003055099121921757 1.5673415041830962e-05 5.9052532378330524e-05 4.7616715774898853e-07 3.808882887506168e-06 1.1847253234218975e-06 1.608612986470562e-05 2.319248336509863e-05 1.5197056951187597e-05 4.3943621620373715e-06 2.265812788206965e-06 1.0725175600200222e-06 4.366884490317366e-06 1.60702701286012e-05 5.647332731971577e-07 5.2844452666217696e-08 0.00026030979817828374 7.02827877894028e-05 7.451027693361551e-05 5.412312414027743e-06 1.0239171646143063e-06 2.4311455447704035e-06 0.00015521468413579547 2.3102133941172498e-07 4.1067401562347513e-05 2.7273545154472676e-05 7.088414760321825e-07 7.69653949540483e-06 2.0549896903486386e-05 3.0001606229670505e-06 1.0965016532592797e-06 6.964732013814849e-06 1.2616386046375783e-07 7.312797849682945e-07 1.9736894435796796e-07 6.253578406382921e-06 3.5501375295155697e-06 3.124514677700324e-07 3.230610630388661e-05 1.526999041765865e-05 0.0 2.7360429470281484e-06 0.0014386408560440607 5.270830467687938e-07 2.85275983198832e-06 9.712906635302098e-07 2.592544247744778e-06 6.916972614172894e-07 1.596164284398934e-05 4.782621510055655e-06 2.1280739917622223e-06 6.147859291179147e-06 7.969110091072625e-06 4.515880693718453e-07 3.3960284618209253e-06 7.349835343832726e-06 5.657963169381886e-06 1.5983763269324856e-06 0.0 1.1669574389030898e-07 0.0 0.0 0.0 0.0 0.0 0.0 0.0 0.0 0.0 0.0 4.77864250040702e-07 0.0 0.0 0.0 6.868678826852419e-07 0.0 0.0 4.049061259406112e-07 3.686242039498878e-07 0.0 0.0 0.0 2.3650171876227462e-06 5.125049859390609e-07 1.316033446922871e-06 8.279244838812912e-07 1.367128330056082e-06 0.0 0.0 0.0 0.0 0.0 0.0 0.0 0.0 0.0 0.0 0.0 0.0 0.0 4.1732355107585063e-07 0.0 0.0 5.608103032352888e-08 0.0 0.0 7.999524498508216e-07 0.0 5.076318942490233e-07 7.702778338585637e-07 0.0 0.0 0.0 1.1166502024526482e-07 0.0 0.0 0.0 0.0 0.0 4.096589375410047e-06 0.0 0.0 4.785372518886178e-08 2.067838745382144e-07 2.100471913939905e-07 0.0 4.066266703031156e-07 0.0 1.0485439038282774e-06 0.0 0.0 0.0 0.0 0.0 0.0 0.0 3.8923783582282775e-07 0.0 0.0 7.810136929574229e-08 2.8282947084944936e-06 3.6400583128273103e-07 2.7758182305825643e-06
0.0016498163547838773 0.0 0.0010517329535865015 0.001581993947989974 0.0021724225430857515 1.6916882813491867e-05 0.0011267402711054556 0.0005783250396570403 0.00024151487442855175 0.0005454619769901988 0.0012694680843195459 2.353670018720604e-05 0.00015385218842401693 0.0002914570190274478 2.1656796771934547e-05 3.260600699676207e-06 1.1068238807353328e-06 1.955794954587641e-06 2.1126205204437127e-07 1.2331537328036642e-06 5.656015767323574e-06 0.0 2.4509412366595983e-06 2.0670082826099756e-06 6.008517944906654e-06 5.1471851185154755e-06 2.7175556821265522e-06 1.9787281806412996e-06 6.802739254286001e-07 1.133523616982245e-06 0.0016299001707185594 4.485237684907655e-05 3.0271929623053082e-05 3.7759311929396106e-07 2.622973826859747e-06 2.9727392495656858e-06 6.07620463000329e-06 3.9299610650519055e-06 1.0708480745949918e-06 1.4489582448890354e-06 7.3867587938410335e-06 2.9904887044778135e-06 2.0001796629807105e-06 6.660982415637231e-07 2.8858819315872167e-07 6.960052841800169e-07 0.00010658248584909234 7.523457965243681e-06 1.267348616553641e-06 2.2026004887395122e-06 4.955119570883185e-06 6.123612669903044e-08 0.0 5.181184405654404e-08 2.3783368467091595e-05 4.776496912916043e-05 0.00010715841645573615 0.0007127457707121211 2.8088522606058366e-05 0.0001371447078032286 3.218489986996084e-07 6.728989145162043e-06 1.4361260701738624e-06 0.00011091640632645728 4.761713184683852e-05 3.2783465291534856e-05 1.0108655532694844e-05 5.045246112535687e-06 1.8774388996408723e-06 5.4311827002185516e-06 4.874741740528741e-06 1.3749352582818405e-07 1.5760225822758247e-07 0.0005093925981386156 0.00021534294377077454 0.00019394889126444747 3.1198556773031314e-05 3.5927971174305784e-06 4.960667003466803e-06 0.00011480838168199847 7.199670933633931e-07 3.72773443220052e-05 4.904632609892871e-05 7.30471189103826e-07 1.6816296840154775e-05 3.711398306615055e-05 6.124640385364542e-06 2.6203135686162146e-06 1.676021248933172e-05 3.778566484864452e-07 3.166874849164753e-06 2.997425102848525e-07 9.466622778323647e-06 4.560015985042034e-06 4.6125806480796345e-07 1.104727394088264e-06 7.797435309725567e-07 0.0 3.3220070603768216e-07 0.0004072169525508989 0.0 0.0 0.0 7.010137387865141e-06 4.7456040306756466e-07 1.7048087480072228e-05 7.791594192307391e-07 7.243519381353136e-07 9.105112723756295e-06 1.051716190607782e-06 2.875003291008629e-07 1.071876778697682e-06 4.1778201611666315e-06 3.5574527276358917e-06 2.3981948930743006e-06 0.0 1.368916477452958e-07 0.0 0.0 0.0 0.0 0.0 0.0 0.0 0.0 0.0 0.0 0.0 0.0 6.43699774450472e-08 0.0 0.0 0.0 0.0 7.365094882961436e-08 0.0 0.0 0.0 0.0 3.152672059011011e-06 0.0 3.3146951618986184e-06 2.027084886422066e-06 3.9615519972199534e-07 0.0 0.0 0.0 0.0 0.0 2.4413787569959033e-07 0.0 0.0 0.0 0.0 0.0 0.0 3.0916558736909295e-07 1.562018876091933e-07 0.0 0.0 0.0 0.0 0.0 0.0 0.0 0.0 5.026242972991881e-07 0.0 0.0 0.0 4.4677692418683184e-08 0.0 0.0 0.0 0.0 1.2618551462588442e-07 2.141490136388831e-06 0.0 0.0 3.1329450338840516e-07 1.2480957637651384e-07 1.0919098112164967e-07 0.0 7.992178727597637e-07 0.0 4.5430093417260767e-07 0.0 0.0 0.0 0.0 0.0 4.203531064334087e-07 0.0 4.626839940954625e-08 5.613494672604985e-08 0.0 0.0 1.4945873980815514e-06 1.7316005163203394e-06 1.7597735615452599e-06
0.0005432207128802665 0.0010517329535865015 0.0 1.3211255247225204e-06 0.0005019314961260225 4.879985898041095e-07 2.1932562138668855e-05 0.00275995589848992 3.788574569724805e-05 1.8106307578158606e-06 0.0012089172312129068 3.141340241161966e-06 2.430183629428833e-05 0.00023924915967851048 1.215417739680517e-05 8.27685770834153e-06 1.7599691498133448e-06 4.168000618107274e-06 2.535645027148595e-07 4.2998369012644156e-06 3.920791122244603e-05 0.0 2.3858489663031562e-05 1.50401112049403e-05 4.8177718729679027e-05 4.007417310095586e-05 2.6135440712331134e-05 1.0372924549994172e-05 1.083452315372049e-06 1.0811381382776218e-05 0.0023169624873728093 0.00012329691365987484 0.0001467462128515339 2.325119783938056e-06 3.408801436117556e-05 2.2604854517642714e-05 2.2717546965517237e-05 1.5831854095140114e-05 6.595276654626814e-06 1.0963008218556954e-05 5.6938898579923925e-05 1.5656587359256556e-05 6.163503979052795e-06 1.1612617476841147e-06 2.8538226754982237e-07 2.1584969215351706e-06 2.7766242964433093e-05 1.0643272434146507e-06 2.6198304651351816e-06 7.699630409088477e-06 7.591514514775872e-06 6.127094605778031e-08 6.203247926435779e-07 0.0 2.051991260919827e-06 3.346657602066056e-06 1.4343263811210873e-05 0.00016453725329095223 2.5593759614991726e-06 1.836616303003368e-05 2.175746657954177e-06 1.926715730858338e-05 1.3202770361431132e-05 6.345886134952252e-05 4.022674872359058e-06 4.422152786666462e-06 3.023950521213151e-06 4.7704464021278466e-06 3.54855517383131e-06 3.0121682308824598e-05 5.859894913926205e-06 1.153258442780207e-06 0.0 5.456500274365218e-05 3.2459614611455495e-05 3.66187478689436e-05 1.550618631758005e-05 2.75019796537209e-06 0.00016616071605439524 0.000930759101889383 1.3503812989111795e-06 0.00045168496422618007 4.4239706475283405e-06 5.0328181460658895e-08 1.544102949854822e-06 3.179010015154137e-06 1.4519584288431002e-06 4.723552826909449e-08 1.1819838047125148e-06 5.0022244983994656e-08 7.040401004575913e-07 1.3018214878520891e-07 3.9159731437552205e-05 2.0567667783129146e-05 6.684385763520498e-07 2.1362087484012354e-07 7.103740701098142e-08 0.0 2.060956526217308e-06 4.5530814742668466e-05 0.0 3.5444827396758377e-07 0.0 9.994231369229507e-08 4.190737880459484e-07 4.768822748773571e-07 0.0 3.2618141211653597e-07 2.384762229379685e-06 6.588115096353393e-07 1.3178416049180362e-07 1.202419527057322e-06 1.1619198573419338e-06 1.6809258724371367e-06 1.090571324530904e-06 0.0 0.0 0.0 0.0 0.0 0.0 0.0 0.0 0.0 0.0 2.1498675981830836e-07 0.0 0.0 0.0 0.0 4.4778477088042314e-07 0.0 8.019763068279253e-08 0.0 1.4087848309382558e-07 0.0 0.0 0.0 6.784832584567047e-08 1.956723088435138e-06 7.353665022775175e-08 2.422382667256374e-06 1.2672863905593351e-06 9.6010095555232e-07 7.251018203931688e-08 8.579630157760266e-08 4.431569706643536e-07 0.0 0.0 0.0 1.7833705496146035e-07 0.0 0.0 0.0 0.0 6.065173463363444e-07 2.0953044074059897e-07 2.0194047962725203e-06 0.0 0.0 0.0 0.0 3.167044436586655e-07 0.0 0.0 0.0 6.254228273192669e-07 0.0 0.0 0.0 0.0 0.0 6.844799304319421e-08 0.0 0.0 1.841454429332792e-07 1.6301177494786644e-06 0.0 2.2334448216058974e-07 0.0 7.317888308947652e-07 5.621757877512191e-07 0.0 3.2109265481641474e-07 0.0 0.0 0.0 1.1151975256237204e-07 7.899597694385327e-08 0.0 0.0 0.0 0.0 0.0 7.344426859137046e-08 3.7426147773745836e-07 1.1540467026708038e-07 3.2358527372005525e-07 1.5525285296918665e-06 2.593263707385721e-06
0.0007623024380535405 0.001581993947989974 1.3211255247225204e-06 0.0 3.920754775706358e-05 9.856155249244595e-05 0.0008795238535196868 2.082426062730035e-06 5.029745682846333e-07 0.0012339844020308102 4.049322494283595e-06 0.0009452448747116438 0.0007182418708091721 1.2816331335448997e-05 1.3360949414621418e-06 0.0 0.0 0.0 0.0 0.0 1.0633123844601208e-07 0.0 0.0 0.0 0.0 0.0 0.0 0.0 0.0 0.0 1.8645920801044742e-05 7.516800455461517e-07 5.020868490044514e-06 0.0 0.0 0.0 4.248299282079742e-06 5.867645122513661e-08 0.0 0.0 0.0 0.0 7.569851233790022e-08 5.145111933765853e-08 0.0 0.0 1.097004512878211e-05 4.203789320773551e-07 2.4114845834010245e-07 0.0 3.589867669293732e-07 0.0 0.0 0.0 2.6283458486328422e-06 4.204969387094073e-06 2.3868295310884977e-05 3.2634557919839125e-05 2.1751297833941467e-06 1.4472965234259687e-05 0.0 5.072247200800743e-07 0.0 4.745495455346841e-06 2.424158058261845e-06 2.196050081753069e-06 5.15298810858982e-07 5.4574307776143885e-08 0.0 0.0 3.3958734161846465e-06 2.7941782444312475e-07 1.3733344938483096e-07 3.378511497773653e-05 1.6782434736366975e-05 1.488950307839181e-05 1.9491345915119094e-06 0.0 6.55879416779019e-08 1.5324065695236175e-06 7.093131788534022e-08 4.863168402225293e-07 4.41930328080721e-06 4.519921107579476e-08 2.0499674665149505e-06 2.871211376491093e-06 1.6475221978154038e-07 2.8854249874686757e-07 1.0864703198964485e-06 5.352461694841814e-08 1.5348165597153717e-07 0.0 0.0 0.0 0.0 1.7960848390878455e-05 1.7041888833290237e-06 0.0 4.800027685385868e-07 0.00034869227060513276 3.204669826012264e-07 1.6321843307725665e-05 5.513338745671659e-06 2.122534347335162e-05 9.768966178322777e-07 8.840679103955841e-06 3.122109926889736e-05 1.7145458884490086e-06 1.879032448245151e-05 6.195423027466344e-06 2.7849927248936806e-07 5.021703933565974e-06 3.920140963013984e-06 3.736430563919692e-06 1.7989999740362718e-06 0.0 0.0 0.0 0.0 0.0 0.0 0.0 0.0 0.0 0.0 0.0 0.0 0.0 0.0 0.0 0.0 0.0 0.0 0.0 1.3084805494254925e-07 0.0 0.0 0.0 0.0 4.893691718708235e-07 5.343457968481955e-07 0.0 3.780648680014806e-07 0.0 0.0 0.0 0.0 0.0 0.0 0.0 0.0 0.0 0.0 0.0 0.0 0.0 0.0 0.0 0.0 0.0 7.85997612576449e-08 0.0 4.1634708226850785e-07 3.7951446627682523e-07 0.0 0.0 4.2349050293897235e-07 0.0 0.0 0.0 0.0 0.0 0.0 0.0 0.0 0.0 1.5987915312039381e-06 0.0 0.0 0.0 0.0 0.0 0.0 0.0 4.4272165985053005e-07 1.8348733327546004e-07 0.0 0.0 0.0 0.0 0.0 6.288004511198688e-08 0.0 0.0 0.0 0.0 0.0 9.335864330982069e-07 7.061065274066662e-07 5.180449807705937e-07
4.965716787446578e-05 0.0021724225430857515 0.0005019314961260225 3.920754775706358e-05 0.0 6.120673443812813e-07 0.0009407424906804943 0.00035306205976915644 0.002401795944886815 6.840333333403365e-05 0.001469742199449263 3.5438404232481883e-06 0.0001174188113999916 0.0009865304423745647 1.2796073681148635e-05 4.199463360638999e-06 6.888543590137584e-07 6.192381842017473e-07 1.1376227444498819e-07 1.4982850663103325e-06 1.0872509330437217e-05 1.0401470613294897e-07 2.571702661076314e-06 1.4193662534371823e-06 8.748292762143024e-07 3.5160809929601468e-06 7.732302168024553e-07 5.765888164171971e-07 0.0 5.82960329405798e-08 0.00021612606222659895 3.0224043510479373e-05 2.041563572960443e-05 3.0338948249507757e-07 1.3036575238602565e-06 5.481549075766753e-07 5.624579663874751e-06 1.692986823593465e-06 1.432785092841047e-06 1.5485385657319723e-07 5.030259413346887e-06 4.886185846325412e-07 8.46104289715359e-07 2.752717511190877e-07 1.8506006117967972e-07 5.118709874461601e-07 6.90966075282088e-05 3.5363967434878163e-06 1.3175745758523052e-06 2.1263892720855856e-06 1.9003026705222318e-06 0.0 2.121639305852942e-07 1.1793075279787937e-07 5.160474362493645e-06 1.0882570160347992e-05 1.2562586666434343e-05 9.787004742371054e-05 9.962343811332218e-06 5.897689791492451e-05 1.2541468735781244e-06 6.831777940389275e-06 8.51470859361715e-07 6.84395144521662e-05 1.009782152280025e-05 9.213579393803642e-06 2.7044110717660396e-06 2.285017731526767e-06 1.3384973478999475e-06 6.889541325159248e-06 4.255733388289337e-06 7.258732867322555e-06 0.0 0.00010516704162286213 9.411598349721775e-05 9.903020859683167e-05 3.3459737723027814e-05 3.464258307222353e-06 9.298502620922292e-07 1.5675120160053692e-05 4.5994553725373565e-07 2.916896828419397e-05 1.2417432039041858e-05 0.0 5.642274347230583e-06 9.031818265591519e-06 1.9659635589027165e-06 5.257813400384066e-07 3.846301237946096e-06 0.0 6.299177366390029e-07 1.179103584232624e-07 8.925248635302466e-06 9.108347290759366e-07 2.391605053070215e-07 1.0073632438772884e-06 9.099405469189714e-07 0.0 8.420297364471222e-07 7.475819571946357e-06 0.0 2.8078673791711077e-07 0.0 1.5602084529821392e-07 1.7856363817376287e-06 2.357988466016399e-06 0.0 7.417879645894289e-07 2.7817893605746192e-06 1.1917884013525124e-06 0.0 3.448181312001793e-06 2.5885286291716917e-06 4.245334793495609e-06 2.3602632417964456e-06 0.0 0.0 0.0 0.0 0.0 0.0 0.0 0.0 0.0 0.0 0.0 0.0 0.0 0.0 0.0 0.0 3.8433350390544175e-07 0.0 0.0 0.0 0.0 0.0 3.5851035450517914e-07 0.0 5.7411323676534564e-06 1.2088778694400021e-06 5.255801202698648e-06 1.3745955328024354e-06 1.1712308633956035e-06 0.0 0.0 0.0 0.0 0.0 0.0 0.0 0.0 2.0112946430332805e-07 0.0 0.0 1.0889865201868164e-07 2.349240067715766e-07 2.4587966959048487e-07 0.0 0.0 0.0 0.0 0.0 6.479672170380565e-07 2.4655670108983865e-07 0.0 2.6613983262001663e-06 0.0 0.0 0.0 0.0 0.0 0.0 0.0 0.0 0.0 6.191360141832759e-06 0.0 0.0 0.0 0.0 0.0 0.0 0.0 8.301312227928569e-07 8.248262659329789e-08 0.0 0.0 0.0 0.0 0.0 0.0 0.0 1.1150922791374071e-07 0.0 0.0 0.0 1.4568528034333827e-06 1.1462817061802987e-06 3.8073639842318693e-06
8.88608288658582e-05 1.6916882813491867e-05 4.879985898041095e-07 9.856155249244595e-05 6.120673443812813e-07 0.0 1.3754155118064939e-05 8.27745101820076e-07 0.0 0.00021254655288061345 1.7879096224123662e-07 3.08232393013571e-05 2.5943723412515606e-05 4.392208363401581e-06 7.631529929681246e-08 1.3943233463394587e-07 0.0 0.0 0.0 0.0 0.0 1.0147948113230483e-05 0.0 1.8436134214634484e-07 9.53776363391228e-08 1.5979732116153475e-07 0.0 1.728447234812006e-07 4.1398452182504513e-07 0.0 3.6415071685788906e-06 0.0 8.231764306902095e-06 0.0 0.0 0.0 2.4573929589006306e-05 1.2328094687520396e-06 3.6662846442884204e-06 2.6919534126886476e-07 0.0 5.109974708101301e-07 7.309033504488758e-08 0.0 0.0 0.0 1.2646062385190036e-07 1.60379359676888e-07 0.0 2.1182124752527933e-07 0.0 3.9067326386643424e-05 1.0929267459003809e-05 1.9150414126601815e-06 4.293961239805289e-07 1.3290733155463701e-06 3.6781094461903366e-05 4.529642942020169e-06 1.0065954492764992e-06 5.707036982087847e-07 0.0 8.836609122631678e-07 0.0 0.0 2.781284569559605e-07 3.008627700705238e-07 1.1600821694269659e-07 7.658424307269871e-08 0.0 0.0 0.00015646977275476625 0.0001272969229526253 3.4552748304866914e-05 4.1059364439240495e-06 9.794329371794622e-07 1.1386999754005822e-06 0.0 1.3996820735999941e-07 0.0 1.4246095975105814e-07 0.0 0.0 5.805874695737225e-07 1.67549853264363e-06 0.0 2.522819314058761e-06 3.3601899266328287e-07 2.005649930242181e-05 9.39602480355053e-06 3.442721871404238e-05 5.137402605700232e-06 1.755774817450431e-05 0.0 0.0 2.5003556675420753e-06 0.00034658164509586935 0.00038889126369031225 4.820554077390918e-05 7.843240886564395e-05 0.00013415273682942987 3.7500169884341853e-07 0.0 0.0 0.0 0.0 4.428352826723378e-07 0.0 0.0 1.3760631710680582e-05 9.965717622398438e-08 0.0 2.3642135182783068e-07 9.935531361646538e-07 9.828481710601517e-08 4.1763921544811864e-07 0.0 0.0 0.0 0.0 0.0 0.0 0.0 1.407577770958878e-07 0.0 0.0 0.0 0.0 1.6850475551069736e-07 1.2649332826936753e-07 2.1114828739218167e-07 0.0 8.040194485654826e-07 1.0947018674281262e-07 4.450663997236586e-07 0.0 0.0 0.0 2.6569057070239497e-07 0.0 6.544040888038097e-07 0.0 2.6607912754798216e-07 1.255724928464628e-06 5.682641363824105e-07 0.0 0.0 7.021715185482654e-08 0.0 0.0 0.0 0.0 0.0 0.0 0.0 2.4947029759576993e-07 0.0 1.6452496496066487e-06 1.317220220986159e-07 6.5251695214335e-08 0.0 0.0 0.0 0.0 2.669568323517593e-07 0.0 0.0 0.0 0.0 0.0 0.0 0.0 1.3282690580229944e-07 0.0 8.893603411298538e-08 0.0 0.0 6.140523231478246e-07 7.61776929574299e-07 0.0 1.7121488799086783e-07 2.2248672955435672e-07 0.0 0.0 0.0 0.0 0.0 0.0 0.0 0.0 0.0 0.0 0.0 9.145474980689057e-08 1.647060039344588e-07 4.1491822042928944e-07 1.4882884772195788e-07 0.0 4.2433991675304756e-07 1.1478904464870686e-06 1.3373007082821555e-06
0.000342989929793848 0.0011267402711054556 2.1932562138668855e-05 0.0008795238535196868 0.0009407424906804943 1.3754155118064939e-05 0.0 1.5895694523825545e-05 0.0008805188027799012 0.0015527856168107473 0.0005122687494255925 0.00017889106570761457 0.0024545802334512757 0.0026398316541469467 2.1747551296803168e-05 6.755706113800357e-06 9.674887749996429e-07 7.05443416142145e-07 1.1306547846477217e-07 1.2405574247393115e-06 1.514602549960694e-05 0.0 4.315390104370273e-06 2.9023380310755606e-06 1.9537048795081296e-06 3.827868727914867e-06 1.8393214922775817e-06 1.4909957564061848e-06 2.2484070091675246e-07 9.581774560848367e-07 0.00011343691057239315 1.222028865922033e-05 2.9406144315483754e-05 1.6403504611263466e-07 2.3350542846934037e-06 1.3170676198382268e-06 1.6221921596982078e-05 3.5682408011726893e-06 8.748285670623932e-07 2.0999332922073323e-07 8.568550918963928e-06 2.5462782427657963e-06 1.7022843015315935e-06 5.088194108360753e-07 2.614230905714744e-07 9.308116885361294e-07 8.51306651232479e-05 3.592945910015609e-06 8.180520255750489e-07 1.0641877073477785e-06 2.4266487332549576e-06 0.0 3.416520282253245e-07 7.210820970819716e-08 5.995181392153167e-06 1.1047965856229127e-05 2.0146008894427607e-05 0.00011183574791252206 1.2844882137553076e-05 7.915107816929837e-05 9.450948339441659e-07 1.0699403943571541e-05 9.799084652495103e-07 4.703587799138705e-05 1.3630094464505466e-05 1.2600910378602512e-05 3.4711015605755096e-06 2.9788467494699117e-06 1.994734469245014e-06 9.04068138798516e-06 8.19759008033009e-06 4.283740083162248e-06 0.0 0.00012594378991904573 9.105030435854473e-05 0.00011140110724308137 3.053746479354324e-05 3.029298761368391e-06 4.1556449559318585e-07 1.1374426398880158e-05 8.869224437247255e-07 3.6950973808274805e-05 1.5199553278538578e-05 2.7542388506105585e-07 6.696337772257622e-06 9.763488860005582e-06 2.6446577316517117e-06 6.468559968534884e-07 6.384378343282683e-06 2.9917520127180495e-07 1.3979391075227086e-06 1.1102461435628886e-07 1.4813048789492244e-05 4.05868923967734e-06 0.0 1.4279481574696822e-05 1.715013111098754e-06 0.0 8.242877776878243e-07 4.804069462904299e-05 6.801940415517509e-07 4.403864246987279e-06 4.3786092008502024e-05 9.79846314341877e-06 1.553309393545197e-06 1.964297910406664e-05 4.139710629561017e-06 2.755146339794529e-06 4.967505868421085e-05 1.5544021632656758e-05 1.015528360560986e-06 1.0859078005788263e-05 1.2940916461074715e-05 1.071066962257633e-05 9.482814130546813e-06 0.0 0.0 0.0 0.0 0.0 0.0 0.0 0.0 0.0 0.0 0.0 0.0 0.0 0.0 7.196794279770995e-07 1.424066136859098e-07 0.0 0.0 0.0 4.3171077495529127e-07 0.0 0.0 0.0 0.0 8.66404818505868e-06 1.5578849960092555e-06 8.227586659632162e-06 3.2951865347023355e-06 1.7008581302981489e-06 0.0 0.0 0.0 0.0 0.0 0.0 0.0 1.1658272176188325e-07 6.896938238436937e-08 0.0 0.0 6.720084095204631e-08 1.6987500886464396e-06 1.0042897544732044e-07 0.0 7.366807776826277e-07 1.210049930686912e-07 8.214936774501034e-07 8.674455031043447e-07 2.7562946819958115e-07 0.0 1.4821603451662724e-06 4.491984155711111e-06 5.281907837660421e-07 2.5655553860929354e-07 6.073943253022851e-08 0.0 0.0 0.0 0.0 0.0 0.0 1.3469493073537232e-05 2.5264292643678354e-07 1.499561447974592e-07 0.0 2.422835185432704e-07 2.3248550867306614e-07 0.0 9.094289230167367e-07 1.635260277179443e-06 2.9307537522553477e-06 9.68925767056928e-08 4.6223100454168664e-07 0.0 0.0 7.228369560539256e-08 6.16436095576341e-08 0.0 5.154381800665816e-08 2.2557423096587367e-07 0.0 0.0 4.537345495599314e-06 6.943751041252858e-06 8.474595357463101e-06
0.0001972622440977257 0.0005783250396570403 0.00275995589848992 2.082426062730035e-06 0.00035306205976915644 8.27745101820076e-07 1.5895694523825545e-05 0.0 9.058656312741093e-05 1.1649669245801711e-06 0.0030394754114874277 8.295938867109809e-06 0.00010445335478297954 0.0010752996574904152 8.775105441260208e-06 4.667078826312567e-06 1.7056361539175125e-07 6.007633286242684e-06 8.611616204343325e-07 3.107840089760148e-05 0.00013509861455456755 0.0 4.578553442464331e-05 2.837229980003394e-05 2.7909892546213885e-05 3.576256250511619e-05 1.7088688913086604e-05 7.797772498944024e-06 8.261472782812283e-07 5.814757486667644e-06 0.000923015177739405 0.0008843729822450403 0.00015197998913497326 1.11868768474082e-05 3.332146320820184e-05 1.549307439912256e-05 2.5007310867228192e-05 9.571392097174838e-06 3.6710054768920354e-06 4.677056330873995e-06 5.5486908823252335e-05 1.2670550301660525e-05 1.2777095891699844e-05 1.263744093342414e-06 1.5592876400852362e-06 1.2768318109481272e-05 3.0369912061956426e-05 1.8422763572531566e-06 1.777886928188384e-06 1.2608817539193434e-05 5.48605893567733e-06 0.0 3.293134023816611e-07 1.0768831909466803e-06 2.4354107556152137e-06 4.052195310383256e-06 1.3255512366675333e-05 0.0001099431787229452 3.3286999735251933e-06 2.152370780947285e-05 4.431420245787118e-05 4.203333776604309e-05 2.0501130545676468e-05 0.00014785239209649762 3.238804548651435e-06 7.923078239711153e-06 2.601292241411675e-06 7.3632855152365386e-06 1.1339449378974891e-05 6.788226890123445e-05 8.492759557783687e-06 1.4214631030031693e-06 0.0 4.965331131866596e-05 4.258849962009101e-05 3.838688963159347e-05 3.112707297992228e-05 0.00010932252242681286 0.0018399608707556148 0.0014438366731861576 7.075025212229004e-05 0.0010183035991266265 4.342349811535677e-06 0.0 2.0172300901698488e-06 3.703874930694515e-06 5.292738381053626e-06 5.1223189571024574e-08 1.0051732492937468e-06 0.0 8.426068400994825e-07 1.6858502316387398e-07 7.133322859950197e-05 1.82309719160526e-05 1.222458520623657e-06 1.55016369161933e-07 2.224546800595352e-07 0.0 1.8071420641403245e-06 2.5843328276128808e-05 0.0 0.0 1.357262942411524e-07 0.0 5.887188765128338e-07 5.279817758409427e-07 0.0 1.3642421652145976e-07 4.14206411286004e-07 0.0 3.1294531698823324e-07 2.2132999850313485e-07 5.351324966045918e-07 7.141256922844524e-07 3.683138290165673e-07 0.0 7.941622036534371e-08 0.0 0.0 0.0 0.0 0.0 8.325055468150514e-08 0.0 0.0 0.0 0.0 9.661972007985958e-08 0.0 0.0 3.040414767605489e-07 1.0553009701955553e-07 0.0 0.0 8.23441584257714e-08 0.0 0.0 2.8565496983082825e-07 0.0 6.422927252896891e-07 2.4987823514589186e-07 9.89507195090219e-07 2.744201931633571e-07 2.0743969822399625e-07 0.0 1.9140954457279047e-07 0.0 0.0 0.0 0.0 3.6786602878617523e-07 0.0 0.0 0.0 0.0 4.1497191157179215e-07 2.919963939210631e-07 1.2814620952816204e-06 0.0 0.0 0.0 0.0 0.0 0.0 0.0 3.598001850268254e-07 1.6838703295655708e-06 0.0 0.0 0.0 0.0 0.0 5.8899779847323324e-08 0.0 0.0 1.8819401454414928e-06 1.1518075388310528e-06 0.0 7.72626344751257e-08 0.0 6.851905340169812e-07 6.977254697950847e-08 0.0 0.0 0.0 0.0 0.0 0.0 0.0 0.0 0.0 0.0 0.0 0.0 2.4418441275077207e-07 0.0 0.0 4.143211186930849e-07 4.997150224484222e-07 1.2785519694485635e-06
1.7501041542880782e-06 0.00024151487442855175 3.788574569724805e-05 5.029745682846333e-07 0.002401795944886815 0.0 0.0008805188027799012 9.058656312741093e-05 0.0 5.439759009876783e-05 0.0007605689718795193 1.2554199205598166e-05 0.00043797875829766544 0.0011044722347654775 1.1254208781347914e-05 4.087538744908606e-06 3.293375469184341e-07 6.71177396112695e-07 0.0 8.988245990826194e-07 1.2164455189656876e-05 0.0 3.3299146297729647e-06 2.075714640716829e-06 1.5352958462905392e-06 5.417284695212492e-06 2.7823374765998137e-06 4.708337805834723e-07 2.3382180115922137e-07 7.922383496099989e-07 1.7944483008605253e-05 5.510363828382977e-06 1.4120680098875686e-05 1.7677265333495296e-07 1.7680171521449517e-06 5.693938904607033e-07 9.351045116705503e-06 2.758355026924393e-06 3.196545781738564e-07 9.000076313267148e-07 5.305946231078527e-06 1.5419613319459457e-06 1.3619936238837155e-06 4.0317111905063755e-07 0.0 6.831302474891452e-08 3.095643732721098e-05 9.620822717578256e-07 9.868214490927673e-07 2.225615717782785e-06 1.3245798495593438e-06 0.0 1.7615308399766694e-07 1.6064823670906513e-07 1.2331426408335056e-06 1.5201565125819517e-06 2.849692107572111e-06 1.1019803456625815e-05 4.191890527630004e-06 2.1697085035122792e-05 1.317651235173708e-06 6.403850361554513e-06 1.4100224470219632e-06 1.5524407337654498e-05 2.2564159706007804e-06 2.914901228642993e-06 8.997188646692211e-07 2.3086370870816283e-06 2.5546176731602977e-06 5.9931596834892005e-06 3.8716101854683596e-06 5.980418338619171e-07 0.0 2.276221005357807e-05 2.0861197050617118e-05 3.667045586813172e-05 1.4381652323177629e-05 1.7321144095086843e-06 2.525901263227976e-06 3.349937105939886e-05 4.10423619799208e-07 3.7770605457213525e-05 4.1861242924819745e-06 0.0 6.731209186929132e-07 2.1986313071020444e-06 1.2168407318276668e-06 1.227173404694197e-07 9.68824020443861e-07 6.605060489801794e-08 6.057338377635403e-07 5.8981845409164286e-08 1.293308268102048e-05 2.0961965955946455e-06 5.174744054872813e-08 4.687480455136461e-06 6.006782812872226e-08 0.0 4.5722035406715936e-07 1.1440627323125553e-06 1.0606484761699953e-07 0.0 5.143026610004134e-07 0.0 8.933498879415661e-07 9.644040976813181e-07 1.2415047891179976e-06 7.826473370106569e-07 2.990006731468354e-06 1.3783561987496595e-06 8.742822656317901e-07 2.482251010952991e-06 6.364464177138321e-06 4.329490839221293e-06 4.423529050291414e-06 0.0 0.0 0.0 0.0 0.0 0.0 0.0 0.0 0.0 0.0 0.0 0.0 0.0 0.0 0.0 0.0 1.5667002798493873e-07 0.0 0.0 4.0862873963067474e-07 0.0 0.0 0.0 0.0 3.3987906919375433e-06 6.195645317389557e-07 3.853001526274325e-06 2.0259235792552873e-06 1.2587594145136965e-06 0.0 0.0 0.0 0.0 0.0 0.0 2.8299265921824003e-07 0.0 0.0 0.0 0.0 8.726695749317368e-08 2.8208087340799506e-07 0.0 0.0 0.0 0.0 0.0 0.0 0.0 0.0 0.0 2.0685451107416546e-06 0.0 0.0 0.0 0.0 0.0 0.0 0.0 0.0 0.0 4.741920370282816e-06 0.0 0.0 0.0 4.048091389883008e-07 0.0 0.0 5.602714896145524e-07 0.0 0.0 5.674991074740679e-08 0.0 0.0 0.0 5.9284932763745596e-08 0.0 0.0 6.995818626345328e-08 0.0 0.0 0.0 2.9259833374188227e-06 2.84412140229142e-06 3.439308036221402e-06
0.0006315892162576029 0.0005454619769901988 1.8106307578158606e-06 0.0012339844020308102 6.840333333403365e-05 0.00021254655288061345 0.0015527856168107473 1.1649669245801711e-06 5.439759009876783e-05 0.0 3.488136453166351e-05 0.0012154455945751661 0.0023791012942797956 0.00021090168067919632 2.6337136238374444e-06 1.6677666994335915e-06 7.895432052640071e-08 2.147122220853018e-07 2.564505716122619e-07 1.4654028519449654e-07 1.8819948669400054e-06 1.0044545196621226e-06 5.688880524037528e-07 5.353010077841845e-07 5.656859353577545e-07 8.081638491253096e-07 7.991380264262508e-07 4.1820800533721223e-07 0.0 4.4695833358821135e-07 1.1730757287621908e-05 1.2156543498836696e-06 2.8550100014485564e-05 5.641170368738457e-08 4.925133887491624e-07 3.494974091704979e-07 3.145761840025905e-05 8.627557980980696e-07 1.188894394125207e-06 2.791888392915904e-07 1.8040090059758535e-06 6.801353738314367e-07 7.634243061456844e-08 6.449122156413973e-08 0.0 5.3933146848958575e-08 1.749273616846386e-05 3.3898747752699907e-07 5.6155011553603095e-08 2.461927309580973e-07 9.923860848674097e-07 1.7827340899474294e-06 1.6821106650465608e-06 8.214185824343832e-08 9.582448672310446e-07 1.997316508032944e-06 3.673771336197836e-05 1.6852996999084233e-05 2.2799103569032834e-06 8.647868650643508e-06 0.0 7.171352804271318e-06 1.526835638982909e-07 4.092501948948915e-06 1.7691995252949197e-06 2.0520643995105736e-06 9.981122904758965e-08 4.861244723384092e-07 4.155716037982068e-07 2.3731154938536173e-06 0.00016070663144760852 1.7108298206482168e-05 3.8155175959687077e-07 1.9218798613005785e-05 1.1200510730871357e-05 1.3333024835368133e-05 3.0430240586841474e-06 3.481334305595047e-07 0.0 7.869021441798092e-06 0.0 7.398093736129963e-06 2.2015746462733506e-06 0.0 8.604799085323766e-07 1.978633650691781e-06 2.2323309942451924e-07 1.0079207123647227e-06 7.996158404683361e-07 1.1886972123510668e-06 5.339308386941708e-07 4.1266142373588594e-07 2.2815841598119973e-06 1.1840610649998758e-06 1.205763733117066e-07 0.000152967730349921 8.900932657301032e-05 8.169575914333242e-06 1.104215501959748e-05 0.0002869665951227388 1.262120135469965e-06 1.0636280484152403e-05 5.1279374675648026e-06 2.606287481598063e-05 3.7565565537393785e-06 1.924351346643023e-05 1.2731112633930093e-05 1.0545884335458406e-05 4.0730993291172286e-05 2.5790997870995763e-05 2.8367427058748373e-06 2.1281509998195047e-05 5.7863563339709636e-05 3.3609272076784025e-05 1.894643590313448e-05 0.0 0.0 0.0 0.0 0.0 0.0 0.0 0.0 0.0 0.0 1.6425723592028453e-07 0.0 1.346463142839331e-07 0.0 0.0 0.0 0.0 1.2404973262007334e-07 7.401608697626519e-08 1.6594635067016583e-06 0.0 0.0 0.0 0.0 1.4850535539719574e-05 8.69333724350078e-07 1.1489121821293785e-05 2.624981415057754e-06 1.4027643982025728e-06 0.0 0.0 0.0 0.0 0.0 0.0 0.0 0.0 6.844580718672064e-08 0.0 0.0 0.0 1.3613663957058084e-06 2.291246458864158e-07 6.492622368830862e-08 2.21599593030185e-07 6.137583796813924e-08 6.598611086904651e-07 3.481732807253292e-07 2.2913390407316668e-06 7.422754773267453e-08 0.0 5.55444853214653e-06 3.9885441543424333e-07 2.3273738274534578e-07 0.0 0.0 0.0 0.0 0.0 0.0 0.0 2.966492012529164e-05 0.0 7.436626618911027e-08 0.0 0.0 4.1266110253178583e-07 0.0 1.5507935853741204e-06 4.7477943089199517e-07 8.667743533943569e-08 2.320061887260437e-07 0.0 0.0 0.0 0.0 0.0 0.0 0.0 0.0 0.0 0.0 2.2691301007234166e-05 6.646949617539129e-06 4.963718559219479e-06
0.00014811338350961595 0.0012694680843195459 0.0012089172312129068 4.049322494283595e-06 0.001469742199449263 1.7879096224123662e-07 0.0005122687494255925 0.0030394754114874277 0.0007605689718795193 3.488136453166351e-05 0.0 3.8468206817081505e-05 0.0010275182607237868 0.0028832003172673047 9.74009773873553e-06 6.50175056386526e-06 8.339282849189587e-07 1.3737028190070706e-06 0.0 2.454080956680536e-06 1.3289746049377718e-05 0.0 5.787508199405794e-06 5.292369530288155e-06 2.2309895987853267e-05 1.4507624754340679e-05 1.0696149916605779e-05 7.088334509354579e-06 5.853909642610782e-07 5.367428984125707e-06 0.00017573730184666686 1.3016127331359363e-05 0.0007281220371461495 8.555145061211486e-07 1.0884890079904296e-05 9.609109359316042e-06 0.00011924766425412419 2.601296193890699e-05 1.234184859285847e-05 4.35945120588969e-06 2.28266432039438e-05 6.849599545250954e-06 4.215835567456465e-06 3.220941191428218e-07 2.591126653077955e-07 1.2107576350920867e-06 2.2389216514425667e-05 5.254655630361293e-07 9.348342567979277e-07 3.5204535819184807e-06 2.7602814297432226e-06 2.2366977431289788e-07 4.302809119604361e-07 3.7685488798482894e-07 8.88064361844005e-07 2.063138886989119e-06 3.2916559760352558e-06 3.243144016461268e-05 2.9313093811192998e-06 1.6511405841121622e-05 1.3168338166251905e-06 3.2848201074563644e-05 3.790183732185535e-06 1.975455829607346e-05 2.110219140190435e-06 3.2255998230664175e-06 1.2534449299893425e-06 2.5793948193227634e-06 1.628120531584462e-06 1.0584515310634459e-05 2.9307156174028475e-05 4.1842925238997085e-07 0.0 2.2483511563631433e-05 2.2615203939008757e-05 3.329806505381344e-05 1.2762895216487389e-05 3.1196016524148253e-06 0.00016177096919898592 0.0008240230974625335 1.0991020382242526e-06 0.00023812966398733564 3.2285879347520953e-06 0.0 1.3526967508104516e-06 1.581697683060537e-06 8.150211562007177e-07 6.274954030325442e-08 1.2749499866697647e-06 0.0 4.94288237461997e-07 2.503159946195437e-07 1.606693072391703e-05 1.0410101359122286e-05 8.92951173537748e-07 2.5939012474666866e-06 5.751084910067678e-07 0.0 4.149636136601562e-06 1.2946717865985967e-05 6.8036355388698e-08 2.5847557574686634e-07 0.0 7.82545127363108e-08 2.727269761782542e-07 4.3471684487020386e-07 0.0 6.019867499896398e-07 1.2829625856351669e-06 2.1726387997113793e-06 7.1492250371278e-07 4.341009088935829e-07 1.8264428097115998e-06 1.2094400433589295e-06 1.939783622662406e-06 0.0 0.0 0.0 0.0 0.0 0.0 0.0 8.64636135243163e-08 0.0 0.0 1.720117703343863e-07 0.0 0.0 0.0 6.88941663956765e-08 0.0 1.5373452285648986e-07 0.0 0.0 1.9721045724918825e-07 0.0 0.0 0.0 0.0 1.388286365335397e-06 0.0 2.651240851398586e-06 1.7629255373797836e-06 3.776233166508546e-07 0.0 9.51363244588109e-08 2.4114233460479094e-07 0.0 8.863909135112463e-08 0.0 1.9913511221713554e-07 0.0 0.0 0.0 0.0 4.851595543642254e-07 3.051473616198692e-07 8.968446761520415e-07 4.726505818889686e-08 0.0 0.0 0.0 2.9557357724044295e-07 7.619556942562052e-08 0.0 6.293961804385548e-07 1.182134044801737e-06 0.0 0.0 0.0 0.0 0.0 6.50990231512121e-08 0.0 0.0 2.1198629637496155e-07 3.4608192750378815e-06 1.7568850606739565e-07 7.379326310337867e-08 0.0 2.814727714742317e-07 1.42525133827374e-07 0.0 9.102511220834192e-08 0.0 1.715099076996096e-07 0.0 0.0 0.0 0.0 0.0 0.0 0.0 0.0 2.088844659233936e-07 1.5556728842291057e-07 0.0 1.4271273454207048e-06 1.2372580829665393e-06 1.397611879802836e-06
8.934118036193395e-05 2.353670018720604e-05 3.141340241161966e-06 0.0009452448747116438 3.5438404232481883e-06 3.08232393013571e-05 0.00017889106570761457 8.295938867109809e-06 1.2554199205598166e-05 0.0012154455945751661 3.8468206817081505e-05 0.0 0.0006678992764616778 7.741399491590594e-05 6.135625419586944e-06 4.557917921574838e-06 2.3093160666629922e-07 1.0258616591497886e-06 5.3862911609558584e-08 4.16153896773951e-07 2.2889073880348227e-06 0.0 1.9637422990629356e-06 4.4697830664316455e-07 3.4377083647161083e-06 3.43086921192958e-06 2.6897496522151014e-06 9.183711450486448e-07 4.7386127940049323e-07 7.895521280636198e-07 8.864459103275582e-07 3.858971963800398e-07 5.053927865157026e-05 0.0 1.0990582710369998e-06 6.093128273345478e-07 8.716182727440135e-05 5.319480649729173e-06 2.464267969744882e-06 7.680230937056968e-07 8.010151690505668e-06 2.0246667159544638e-06 4.637023654376852e-07 5.018255294458871e-07 7.165158262227439e-08 1.9540331292410478e-07 1.0245680843060613e-05 1.9685471327959559e-07 8.20944118092199e-08 9.5961685091565e-07 6.101464979762356e-07 0.0 2.801672269805703e-07 0.0 6.276737338803405e-08 3.4565613350858827e-07 6.022789159876686e-06 1.2008698966479388e-06 5.76124910095499e-07 3.9753224758553e-06 9.077844414537342e-08 7.654387155507626e-06 2.695660441722633e-07 1.7257914442255021e-06 4.377895375212605e-07 8.199174455011551e-07 2.441883589725736e-07 1.0253482373388897e-06 4.437110435655869e-07 2.8187663098372667e-06 8.241157293419377e-05 1.1732998958522231e-05 0.0 3.3425557172489364e-06 4.752142048361085e-06 8.785569570033327e-06 4.280066868159895e-06 1.231576061693488e-06 7.786885924207016e-08 9.628647933580312e-06 0.0 5.334828056950931e-06 5.651710660426636e-07 0.0 3.119734076105195e-07 5.320779665853786e-07 2.462290478788205e-07 0.0 3.074729001621812e-07 0.0 1.1241030553015418e-07 0.0 4.924932588464928e-06 3.0135171237466002e-06 3.607180111427454e-07 0.00018816782146774123 1.2694627685919198e-05 0.0 2.608084535942921e-06 4.3592521890806963e-05 1.1130563248630253e-06 9.336708597187578e-06 2.0780751529627183e-06 1.5450307074346588e-05 8.486004485384716e-06 1.4905777997910279e-05 1.1459355974994131e-05 1.252738342706999e-05 4.6481240417517204e-05 1.619571607704377e-05 7.225211615314248e-06 2.6687054487488337e-05 6.370384716233164e-05 3.637360832034351e-05 2.932623022459173e-05 0.0 2.361454458487872e-07 0.0 0.0 0.0 0.0 0.0 0.0 0.0 0.0 0.0 0.0 0.0 0.0 9.179086278303928e-08 0.0 0.0 0.0 0.0 1.40495101388584e-06 2.5231559860134733e-07 0.0 0.0 0.0 2.5029677147187725e-05 8.084818495273969e-07 1.66373669759119e-05 5.162183147448899e-06 2.061255454604515e-06 0.0 0.0 1.9545384625486988e-07 0.0 0.0 0.0 0.0 0.0 2.1444383311649756e-07 0.0 0.0 0.0 2.2935249222341337e-07 8.723226411317475e-07 0.0 0.0 0.0 1.9013078516389398e-07 6.845210362137944e-07 8.452117803226033e-07 0.0 5.903738702100221e-07 7.46587913517238e-06 0.0 0.0 0.0 0.0 0.0 0.0 0.0 0.0 0.0 4.195702713880592e-05 5.495815335016382e-07 0.0 0.0 3.111299047861829e-07 2.0344660648703317e-06 0.0 9.582354939113955e-07 9.537799592085564e-07 1.35913707239167e-06 7.350080051299241e-08 6.566279474767641e-08 0.0 0.0 0.0 0.0 0.0 0.0 1.9007934245009225e-07 0.0 0.0 2.6257566223817368e-05 1.1194998434679107e-05 1.158269296823047e-05
