0.0 0.0009774638275202995 9.044495429438553e-05 0.000978050614556768 9.789877724157745e-06 0.00011371963092002327 0.00035805906864112445 1.3130137253635233e-05 5.9626575405624276e-06 0.0007196631232934384 0.0001316802619983662 7.730323821653356e-05 2.688687138925582e-05 6.558003399776555e-05 1.8149413484375247e-06 4.912791273294994e-07 7.807430826740607e-08 0.0 0.0 0.0 0.0 6.577491678778079e-07 7.937961531105063e-08 5.298892825207755e-08 0.0 0.0 0.0 0.0 0.0 0.0 0.0005311764866342355 2.852936157923035e-07 4.107047257419438e-06 0.0 0.0 0.0 4.123159968618861e-07 4.765073167516713e-08 1.0421148787392059e-07 0.0 0.0 8.389357738031894e-08 0.0 2.513384507725538e-07 5.812710137081148e-08 0.0 2.5793647341213838e-05 1.9464250679415775e-07 5.2728188719014453e-08 6.817918731734201e-08 2.0379203009342626e-07 2.7510620542080065e-07 0.0 0.0 8.417874348071378e-06 1.1221658280008538e-05 5.621937613788505e-05 0.00026538446794510223 3.4437052149172685e-05 3.125399868382816e-05 5.1917912278767285e-08 6.060785178538323e-08 0.0 1.2626861304025104e-06 1.1566714505124357e-06 6.376928927033205e-07 5.040010707052063e-07 0.0 4.776492668339764e-08 0.0 2.5862379066574682e-06 3.275144355573678e-06 0.0 0.00010107956280944377 4.185597030703385e-06 1.1783849764420712e-05 1.9043325874946622e-07 6.49755679251693e-08 0.0 6.19869446754467e-06 6.013545369735574e-08 9.363686664347368e-07 6.085283737715177e-06 6.102949777353758e-07 6.150695781189443e-08 2.4339033143250434e-06 0.0 1.1602893532399537e-07 4.832684264527643e-07 7.404022435273874e-08 1.2399130930241485e-07 0.0 0.0 9.07836043586968e-08 2.7109556377160597e-07 2.653426864744869e-05 4.463166779349076e-06 1.0446291528080288e-07 9.035547530878288e-07 0.0007230733644633519 0.0 0.0 0.0 5.428359619156052e-07 3.988656326594367e-07 1.6506484678074783e-06 7.489654824476249e-07 5.774502280923697e-07 3.5405876460082343e-06 3.602081485868465e-06 0.0 0.0 3.1950960435668953e-06 6.970098914843922e-07 1.1082110345267839e-07 1.9326981842009392e-07 0.0 0.0 0.0 0.0 0.0 0.0 0.0 0.0 0.0 0.0 0.0 0.0 0.0 8.494630818412302e-08 0.0 0.0 0.0 0.0 7.878867891767935e-07 1.4747033236873663e-07 0.0 3.140901210157215e-07 0.0 5.353769792103933e-07 0.0 0.0 5.93568283642471e-08 0.0 0.0 0.0 0.0 0.0 0.0 0.0 0.0 0.0 0.0 0.0 0.0 0.0 0.0 0.0 1.509182736106406e-07 0.0 0.0 0.0 0.0 1.152021652863443e-07 0.0 0.0 0.0 0.0 0.0 0.0 0.0 0.0 0.0 0.0 0.0 0.0 0.0 3.2990014762676315e-07 0.0 0.0 0.0 4.870752540011144e-07 0.0 0.0 0.0 0.0 7.623019350543797e-08 0.0 0.0 0.0 0.0 0.0 0.0 1.336206601469029e-07 0.0 0.0 0.0 3.4635125339409687e-07 0.0 5.979717451883523e-07
0.0009774638275202995 0.0 0.001317812809123454 0.0006744912230769276 0.0016908823800351007 5.8721979951582604e-05 0.002521507613794546 0.00015669385401815566 0.0017111501275979427 0.0006804103368522999 0.0013269561784990751 0.0001791505100015502 0.00026466571376831835 0.0004825961889779415 3.675958240400944e-05 4.199333393581163e-06 1.2689629639937571e-06 5.866052931189035e-08 0.0 1.006368359237616e-07 1.0393624875308137e-07 6.735464864731756e-07 7.84363525992526e-08 2.4309088280797023e-07 0.0 4.7417290842440646e-08 8.688426033064649e-08 2.554790623741668e-07 0.0 5.3686097785794685e-08 0.0010681155833974364 1.2853840356236887e-05 1.0306019838697816e-05 1.4193812472816215e-07 8.091464339788744e-08 1.6239937111181454e-07 2.297458377404383e-06 1.123503317044048e-07 5.896987004611633e-07 2.9486743802350026e-07 6.073684345845877e-07 5.77504359886734e-08 0.0 5.120897454558913e-07 1.4204807867022982e-07 9.616244532982363e-08 0.00020315705008118722 1.6031167795192822e-06 0.0 4.3931433558072503e-07 6.280209338206169e-07 2.2913780043708609e-07 2.89063579467229e-07 9.243672943707144e-08 3.795686055993194e-05 5.1112278065005654e-05 7.919907485028061e-05 0.0003604346980716897 9.676436837210056e-05 0.00013300526538326463 6.133643557433384e-07 4.3977584759080956e-07 0.0 4.511150683716178e-05 9.262355614477764e-06 4.150044081963841e-06 2.0678922039801644e-06 1.1571197990224134e-06 5.332991908125442e-07 1.584162913317398e-07 4.608762560473859e-06 2.938061653683005e-06 6.05537149300809e-08 0.0003905743076465468 6.956468359481594e-05 0.00011646775328276319 5.910514715131702e-06 1.9290072521360357e-06 3.4306578344935756e-07 1.6398210122293464e-05 3.0264247125472645e-07 3.342587738155528e-06 4.07520920580518e-05 2.2104932407517624e-06 2.2433535173529872e-06 1.2808604324672601e-05 1.4321081098892017e-06 8.849925731324873e-07 2.9002921456217647e-06 1.638611370581114e-07 8.550247390808514e-07 2.31629836743714e-07 1.776766125209213e-07 3.021293174318434e-07 6.065315730362819e-07 2.0271472777702203e-05 1.2579166435908403e-05 9.352008397757129e-08 1.6244454099691727e-06 0.0007497208157745139 8.02208009249047e-07 1.0311059009744614e-06 1.2761121110049926e-07 3.3319111375032433e-06 4.532786835999127e-06 4.529217730837171e-06 3.5287249487102336e-07 7.507043074281163e-06 2.7271046358419593e-06 8.048293646714485e-06 2.047552774377584e-06 1.7562974240636772e-06 1.1325391033499876e-05 5.8665214627203225e-06 5.618719944725957e-06 0.0 0.0 0.0 0.0 0.0 0.0 0.0 0.0 0.0 0.0 0.0 0.0 2.1797434259650293e-07 0.0 0.0 0.0 1.4636801955395782e-07 0.0 0.0 0.0 1.7397163534048633e-06 0.0 0.0 0.0 1.3373036104206356e-06 1.2058009022766744e-07 1.3638856211851193e-06 1.300219738015087e-06 4.927188478292507e-07 0.0 0.0 0.0 0.0 0.0 0.0 0.0 0.0 0.0 0.0 0.0 4.67830895010832e-07 7.566108797483496e-07 0.0 1.3526452876941624e-07 0.0 3.0854452213282395e-07 0.0 0.0 0.0 0.0 1.690586881396872e-06 1.3134227640486728e-07 0.0 0.0 8.646326366085565e-08 2.612800311347591e-07 6.484983397797559e-08 0.0 0.0 0.0 0.0 3.4127816393986588e-06 1.649470068848677e-07 0.0 1.605195969796996e-07 0.0 1.6185168448361504e-06 0.0 0.0 0.0 4.454975013288443e-07 0.0 0.0 0.0 0.0 0.0 4.4442522518193675e-07 8.979991993396061e-08 3.901761992466349e-07 1.8168730477949744e-07 0.0 0.0 2.6656774586589314e-06 1.5523726556846694e-06 9.144853723473239e-07
9.044495429438553e-05 0.001317812809123454 0.0 9.662116188011625e-06 0.0002442042630239837 4.4157450399420086e-06 9.407948788207218e-05 0.001912227482026255 0.0005917020663010268 2.9026294857504948e-05 0.0014045786427829307 7.163347441391154e-05 0.00010833574714915695 0.0004184869241532332 2.971774318790754e-05 3.958873844341235e-06 8.04689048137093e-07 2.6590518707593983e-07 5.907516185196786e-08 0.0 2.70238919016104e-07 0.0 7.14275782987857e-07 7.453827937276963e-07 4.840629583144524e-07 4.158811646139675e-07 3.6564064461196457e-07 2.134059956859634e-07 7.520196776411623e-08 3.759198502794825e-07 0.002497094348708485 0.00033882208428289123 0.00010626981452524252 1.5430333269613328e-07 5.137461297784293e-07 2.128242610903215e-07 4.593108258929439e-06 7.930320526698642e-08 2.84205918966878e-07 2.664574720725349e-07 5.819075936903989e-07 4.34501302432908e-07 2.1966148730106644e-07 4.488076635907772e-07 1.124570618288762e-07 1.908967900738694e-07 0.00011403559049591822 8.519347529327759e-07 2.7685529600821917e-07 4.1800447108946354e-07 2.534039410907184e-07 0.0 9.73246948350153e-08 0.0 1.593217431167588e-05 2.1427994389019074e-05 5.015521482269518e-05 0.00036461906324474473 4.7342148932829456e-05 6.01374474944242e-05 2.6668820024241744e-07 1.6632440906732615e-05 7.592902213756037e-08 0.00011951291420068474 3.396229188345036e-06 2.036850524890797e-06 7.332103923201119e-07 5.275450914000827e-07 1.8384634653921234e-07 2.5511932076917473e-07 9.387175389232107e-06 1.4951951482592711e-06 4.686142776257939e-08 0.0002156825145937563 5.14458625604168e-05 8.157849213493716e-05 8.010685835626873e-06 2.1583960143736945e-06 1.7790879474894126e-05 0.0005470068199786887 2.1844547544999507e-07 0.0001427068569343303 1.7848468198726357e-05 6.381588431561553e-07 9.289852688406725e-07 4.1670867506686875e-06 7.344269507525027e-07 4.034500328657619e-07 1.1010372053202313e-06 2.1442166523975542e-07 4.280380086977045e-07 0.0 2.1286453097511543e-07 3.7079107026193966e-07 6.796430545087516e-07 7.601788866867286e-06 1.580384447266394e-05 0.0 3.7340213730319248e-06 0.00013523982064185194 5.372157344388693e-07 0.0 9.709572787160615e-07 0.0 2.9211418240687346e-06 4.813162626858451e-06 4.3140296067596003e-07 6.355916124428049e-06 1.9283646445764242e-06 1.5248860842145452e-05 1.6051248332504758e-06 4.008653439401977e-06 1.0729363624831516e-05 7.644928991875173e-06 3.1836909967831773e-06 0.0 0.0 0.0 0.0 0.0 0.0 0.0 0.0 0.0 0.0 0.0 0.0 0.0 0.0 0.0 0.0 0.0 0.0 0.0 1.2878856143291825e-06 1.2505309716111744e-06 0.0 0.0 0.0 2.1945906141555413e-06 0.0 1.8504491384260305e-06 1.7173975149809712e-06 0.0 0.0 2.3194524453058429e-07 0.0 0.0 0.0 0.0 0.0 0.0 0.0 0.0 0.0 0.0 1.9705122993709613e-07 0.0 5.5174428596397585e-08 0.0 0.0 0.0 0.0 6.923426133550574e-08 0.0 4.7202159471723396e-07 1.2187705178431626e-06 9.390295406987118e-07 0.0 1.1696682331948689e-07 0.0 0.0 0.0 6.150492331476145e-08 0.0 0.0 5.192950142223685e-06 1.641511541183245e-07 0.0 0.0 9.569535616590685e-08 3.6956727266363094e-06 0.0 0.0 0.0 0.0 7.569068737765083e-08 0.0 0.0 0.0 1.3977365764275924e-07 7.400001519920248e-08 0.0 2.4515901999678307e-07 6.12466990679548e-08 0.0 0.0 2.08518767160613e-06 6.383892170603679e-07 2.5307472757069124e-06
0.000978050614556768 0.0006744912230769276 9.662116188011625e-06 0.0 5.751198624424926e-06 0.0004275564202699117 0.0008398503480658538 9.26744113359607e-07 1.8067953524892587e-05 0.001233199331871175 6.009897860519928e-06 0.0002258983461209444 0.00012846534470453117 6.0207713417878024e-05 9.841487303841165e-07 1.4819922386272627e-07 6.74504577733729e-08 0.0 0.0 0.0 9.18027963254355e-08 4.605728315498477e-07 0.0 0.0 0.0 0.0 0.0 3.245228603636458e-07 0.0 0.0 3.64842091986751e-05 7.446726631313981e-08 4.710643132067833e-07 5.699552115075887e-08 0.0 0.0 1.7583250281989134e-07 0.0 3.615023964684637e-07 2.1763313414698598e-07 3.0828010329773177e-07 0.0 0.0 0.0 0.0 0.0 2.0739911926624535e-05 0.0 0.0 0.0 6.298579936348155e-08 3.805021400746026e-07 0.0 0.0 4.339067327920448e-06 6.942602675969757e-06 2.126155368166823e-05 4.9338381314589985e-05 1.557049482285996e-05 1.6470250906631724e-05 0.0 5.956650809239806e-08 0.0 1.9131128596861705e-06 8.670171988328064e-07 4.0878191845280953e-07 1.846456761702589e-07 2.4077005297773975e-07 0.0 0.0 3.706981155049963e-06 4.3442262761902545e-06 0.0 4.49140706165993e-05 4.137524495138793e-06 5.407730445783917e-06 9.685830914150023e-08 1.9202243381348171e-07 0.0 2.7214541996254555e-07 5.2687873285777254e-08 2.1288786696088702e-07 4.489422587345633e-06 1.318283289040012e-07 2.469805123652575e-07 1.1940980901364487e-06 0.0 0.0 9.308826449156441e-08 2.5347921242370067e-07 0.0 0.0 2.314685193404456e-07 0.0 2.098023951696336e-07 3.3811218284587216e-05 3.7684994645461094e-06 0.0 2.5628761202232002e-06 0.0003984827008996056 1.6954436359892958e-06 1.064046995696872e-06 5.580641896570904e-06 7.470894017881655e-06 1.6908939335748706e-06 1.0525343407159153e-05 1.753680615388103e-06 4.336969118637197e-06 2.1132680095462348e-05 1.2518515454808173e-05 4.7526129353741923e-07 2.6435726574309303e-06 8.399006861961696e-06 3.6411935950265165e-06 8.44945981990314e-07 2.0310510389850809e-07 0.0 0.0 0.0 0.0 0.0 0.0 0.0 0.0 0.0 0.0 0.0 0.0 0.0 0.0 0.0 0.0 0.0 0.0 1.057045056193366e-06 1.769301049134478e-06 0.0 0.0 0.0 1.3862289241839887e-06 0.0 0.0 1.0545731877252331e-07 0.0 0.0 0.0 0.0 0.0 0.0 1.6732423074881173e-07 0.0 3.667813193378579e-07 4.127093329742631e-07 0.0 0.0 0.0 0.0 0.0 8.556676907842565e-08 7.205070377701994e-08 1.4264491004434864e-07 6.160222491147478e-08 5.468727989806216e-07 2.7232679386366964e-07 0.0 0.0 0.0 9.089226270060026e-08 0.0 1.5208122152529577e-07 0.0 6.368809056659813e-08 0.0 1.1772015408376305e-07 0.0 0.0 4.469486190612909e-07 0.0 0.0 0.0 0.0 7.286464939741985e-08 0.0 0.0 1.3678308046603888e-06 2.1242035267816637e-07 8.840003407832298e-08 0.0 0.0 7.865936283846897e-08 0.0 0.0 0.0 6.041213012462722e-08 0.0 0.0 8.254572809065477e-08 1.901671748657255e-06 5.193452936306192e-07 6.773383488274405e-08
9.789877724157745e-06 0.0016908823800351007 0.0002442042630239837 5.751198624424926e-06 0.0 1.3597614879980956e-06 0.0018581756846409803 7.699810704413043e-05 0.0037186333903657864 0.00020720790897129737 0.0006900916486472843 3.8657544743116635e-05 0.00045168025982327134 0.0006393011895048559 2.6677128692912506e-05 2.617937016794263e-06 3.7573109246960955e-07 0.0 0.0 5.995188841001623e-08 0.0 0.0 0.0 5.302617675680085e-08 5.250800248328122e-08 0.0 0.0 2.337866871172135e-07 2.68919314822209e-07 0.0 0.00010430148292338558 6.175663717074254e-06 6.449749045235915e-06 0.0 0.0 7.986341063177331e-08 6.585943293646662e-07 8.351524694953218e-08 5.56556539727319e-07 1.9143885703635622e-07 1.2696043012578944e-07 4.236290712167539e-07 5.508546742574186e-08 1.8102112337002223e-07 4.1099304232694126e-08 0.0 6.27716686566365e-05 7.786578749408955e-08 8.933869639735017e-08 6.505249418492394e-08 4.964857749412912e-08 1.3511073192022655e-07 0.0 2.348343367391233e-07 7.030053561465222e-06 8.598549910585082e-06 6.89675350162772e-06 3.975123344601129e-05 1.3456420161517377e-05 2.581330328099849e-05 1.1553885431810063e-07 0.0 0.0 1.9248805100354e-05 1.556414406920621e-06 7.02475385838382e-07 2.572865207611742e-07 1.2773298233312796e-07 1.8442062131203331e-07 5.055662113739866e-08 7.271506972676489e-06 1.6511557661249316e-07 0.0 6.530759929457881e-05 2.4014526994104538e-05 4.911494322872409e-05 3.954405208033963e-06 1.3358547852931672e-06 2.3049801865956866e-07 5.63414856891676e-06 1.7219730180580433e-07 1.7069058663130774e-06 8.388916049716508e-06 1.2568731570966454e-07 4.4942995148374894e-07 2.861525460674702e-06 1.5065659780402124e-07 1.648545789715848e-07 6.919560639607281e-07 0.0 3.7806232758865953e-07 2.689573983817257e-07 1.4286425616435028e-07 5.9503934653213426e-08 0.0 3.94982009423536e-06 5.957735530233604e-06 0.0 8.012951830192338e-07 7.203360003291357e-06 9.648341306333649e-07 1.592705675681913e-07 9.549509281926244e-07 5.108084930512345e-07 5.939708104185135e-06 1.2757536650001653e-06 1.4699545442101972e-07 3.994792127022418e-06 2.2373759522168764e-06 6.189967669225568e-06 3.48912642772644e-06 6.206770368487486e-07 1.013613480867584e-05 5.0895523418623195e-06 2.525278673936903e-06 0.0 0.0 0.0 0.0 0.0 0.0 0.0 0.0 0.0 0.0 0.0 0.0 0.0 0.0 0.0 0.0 6.486404003133949e-07 0.0 0.0 1.2358217800209743e-06 1.9381614871687142e-06 0.0 3.509430881185523e-07 0.0 5.562910125467738e-07 6.132086104329642e-07 1.1176038118178356e-06 4.428075924627502e-07 0.0 0.0 0.0 0.0 0.0 0.0 0.0 0.0 0.0 2.0997512498841159e-07 0.0 0.0 0.0 0.0 0.0 0.0 0.0 0.0 0.0 0.0 0.0 6.608532942870519e-07 1.1594685399264958e-06 1.087599412488126e-06 0.0 0.0 0.0 5.727762796465644e-08 7.133262244690105e-08 0.0 0.0 0.0 0.0 8.319376401251653e-07 0.0 0.0 0.0 0.0 1.7953069125790286e-06 0.0 0.0 0.0 0.0 0.0 7.314977961576334e-07 0.0 0.0 0.0 0.0 0.0 5.629949538906176e-08 0.0 0.0 0.0 1.2358242902462925e-06 1.719820348019449e-07 4.176565872625376e-07
0.00011371963092002327 5.8721979951582604e-05 4.4157450399420086e-06 0.0004275564202699117 1.3597614879980956e-06 0.0 3.0948677508624394e-05 1.643056038285345e-07 2.0309680193558032e-06 0.0009525285342208965 2.467299134339491e-06 0.00038724309222102704 8.377055360598764e-05 1.0337282235421418e-05 1.3483512335090304e-07 2.894871141974979e-07 0.0 0.0 0.0 0.0 9.660149689643513e-08 1.3822664373612125e-06 0.0 0.0 0.0 0.0 0.0 0.0 0.0 0.0 1.0504085224968197e-05 0.0 1.320191708082009e-06 0.0 0.0 0.0 7.439211846704817e-07 0.0 8.9840019771233e-07 7.771188942613704e-08 3.4304663285942917e-07 0.0 0.0 0.0 0.0 0.0 5.974294555445872e-07 0.0 0.0 9.59325218491057e-08 0.0 5.2135991038639535e-06 1.003202327433022e-06 9.56872485430038e-08 0.0 1.5301271755591418e-07 0.00010195801709585967 4.040872525506271e-06 2.132321949726746e-06 1.4426676864688347e-07 0.0 0.0 0.0 0.0 0.0 0.0 0.0 0.0 0.0 1.6549613891700042e-07 1.1480717652461705e-05 4.440047304053815e-05 1.9135171274249338e-07 3.036241009385771e-07 0.0 0.0 2.6331071232038474e-07 1.0054950437518754e-07 0.0 3.854889051069497e-07 0.0 1.7082004340459854e-07 0.0 0.0 0.0 0.0 0.0 1.6329632117867737e-07 3.1540037259593056e-07 8.487323937142002e-07 0.0 1.1258996864369822e-06 0.0 1.1777922535375359e-07 2.3658206593418178e-07 4.3905714062751765e-05 6.67892840862749e-05 3.0416822972726286e-06 6.5454901877091905e-06 0.0001437431482927686 0.0 0.0 0.0 3.350366587334113e-06 8.248133372592677e-07 2.159328613688828e-07 1.337512930822178e-07 0.0 2.5616697008742823e-05 1.9249755164966653e-06 0.0 0.0 2.5125150841012274e-06 7.78265075287962e-07 0.0 0.0 0.0 0.0 0.0 0.0 0.0 0.0 7.625161645659201e-08 0.0 0.0 0.0 0.0 0.0 0.0 2.415045772958811e-07 0.0 0.0 0.0 0.0 0.0 0.0 0.0 0.0 0.0 0.0 0.0 0.0 3.4157162243801536e-07 4.60835828261322e-07 0.0 0.0 0.0 0.0 0.0 0.0 0.0 0.0 0.0 0.0 0.0 0.0 3.498621476455461e-07 0.0 0.0 0.0 0.0 0.0 0.0 0.0 0.0 0.0 0.0 0.0 0.0 0.0 0.0 0.0 0.0 0.0 0.0 0.0 0.0 3.713348376996421e-07 0.0 0.0 0.0 0.0 0.0 0.0 0.0 0.0 0.0 0.0 0.0 0.0 0.0 0.0 0.0 0.0 0.0 0.0 0.0 1.1545865363136831e-07 0.0 2.694902797414853e-07
0.00035805906864112445 0.002521507613794546 9.407948788207218e-05 0.0008398503480658538 0.0018581756846409803 3.0948677508624394e-05 0.0 1.7840744417615697e-05 0.0026849989921935327 0.0016580121565294063 0.0001670105565002659 0.0005272040055113047 0.0019773184381821013 0.003091307270480411 5.530857605971754e-05 7.464746415345861e-06 9.461233311685529e-07 5.228135342954097e-08 1.201758579154712e-07 9.044949134445458e-08 0.0 7.625920280286644e-08 5.439374852240339e-08 2.1912797332403916e-07 0.0 9.10275820646344e-08 1.8373036501981778e-07 3.342717657498565e-07 4.186930724549067e-07 6.374590166299138e-08 0.00018132604424020177 5.424717980628649e-06 7.27978695594987e-06 5.055324043071997e-08 0.0 8.941973213887587e-08 1.6732063343398057e-06 2.1970420161898289e-07 5.464928768847893e-07 8.292274267752467e-08 4.647484800262161e-08 6.874338070138461e-08 5.982732860047142e-08 1.9985291974392707e-07 2.480519585183099e-07 3.008035540762299e-07 0.00017191324532115797 1.1047574300950995e-06 1.8712086461381286e-07 5.834611093842676e-07 3.473262431271055e-07 7.035191385379221e-08 4.5223965781659646e-07 1.3153229438833752e-07 1.9588524819246244e-05 2.780441234855467e-05 2.9674483710795462e-05 0.00013268699262461697 5.276927697268872e-05 7.73751464903285e-05 2.8267598218381184e-07 6.616723615768513e-07 1.1553679451627698e-07 3.430156687240341e-05 5.087017292642425e-06 2.531107558832285e-06 1.5614072400178002e-06 9.305332731729042e-07 4.904450543581097e-07 4.2672953856772137e-07 2.0099410233496294e-05 2.55808940395372e-06 0.0 0.00020706586765910142 4.960169833790023e-05 0.00011393297037449456 9.78090318279473e-06 2.089767041239943e-06 4.028318645764375e-07 7.224977112276266e-06 3.507752876535243e-07 1.2003817458723107e-06 2.6527598432196628e-05 7.646453467905986e-07 1.8918163358278511e-06 8.731639627711536e-06 2.6937406541893615e-07 4.040308615534764e-07 2.51005861606786e-06 1.1596589121756361e-07 6.892356072720108e-07 2.605234158216289e-07 0.0 2.5267512044986273e-07 3.2004241182675224e-07 3.3016475857506716e-05 2.5706584508211334e-05 0.0 4.278836141517203e-06 0.0001102039461616619 2.8727581217834363e-06 3.1045917422623653e-06 2.5735917624705916e-05 1.4587849666832131e-05 1.916267334332424e-05 2.285994746212924e-05 4.5337877377354215e-06 3.295717343422749e-05 4.558656412428271e-05 7.011612567698061e-05 9.06009124880618e-06 2.313451574549589e-05 6.351901895585899e-05 2.1875076966052038e-05 1.0332000878240779e-05 8.878584052693268e-07 0.0 0.0 0.0 0.0 0.0 0.0 0.0 0.0 0.0 0.0 0.0 0.0 0.0 0.0 0.0 0.0 0.0 0.0 8.12734735785296e-06 5.78209994345587e-06 0.0 4.776045787501847e-07 0.0 4.3287372193371e-06 0.0 5.829813972284376e-06 8.513679987140337e-07 7.243955589820335e-07 0.0 0.0 0.0 0.0 5.972601874074982e-08 0.0 0.0 6.547569033843111e-07 1.7209158994208706e-06 1.6614113017847604e-07 0.0 1.1120471244194694e-07 7.747786557333662e-07 0.0 7.960941226831503e-08 8.729844295332318e-07 3.3830393156896804e-07 7.743769235246121e-07 2.2380987705850963e-06 8.419159882029706e-07 0.0 2.5964985234991915e-06 4.163857057323209e-06 1.3649112101776695e-06 6.95729848643951e-07 5.950226555581428e-07 2.0364536916701646e-07 0.0 0.0 0.0 0.0 7.60083928304375e-08 1.0392259656878774e-05 5.77349697617122e-07 1.1628609677379226e-07 0.0 0.0 9.071943368743467e-06 0.0 0.0 1.0638676360491281e-06 3.208050699000236e-06 1.3256607046051936e-06 1.2294908500619302e-07 4.3486751697778335e-07 5.640838147318157e-08 1.297462488306079e-07 0.0 8.619990256183513e-08 2.794311313285982e-07 0.0 0.0 0.0 5.090468371665977e-06 5.799984408123711e-07 1.4556034646029072e-06
1.3130137253635233e-05 0.00015669385401815566 0.001912227482026255 9.26744113359607e-07 7.699810704413043e-05 1.643056038285345e-07 1.7840744417615697e-05 0.0 0.00012667497821397392 5.858670479990403e-06 0.0017579465396897237 4.909410489690043e-05 0.0001749679163795261 0.0015516181425384759 3.8609970375937084e-05 1.857559358725455e-05 1.889564532132936e-06 8.887957821100659e-08 1.3705949676108982e-07 1.457348688633586e-06 1.973427191229959e-05 1.0141548150062279e-07 1.521436097341444e-05 1.7163432162985314e-05 4.377742627507485e-06 2.940802688146207e-06 9.041067966776745e-06 1.7675605368372101e-06 2.9904228181070415e-07 2.279870190177237e-06 0.0014515902012511097 0.0007155394677071468 7.480809566296344e-05 5.041071656819409e-06 1.207398674862405e-05 3.594436766733451e-06 6.1548271970664525e-06 3.884838438001606e-06 1.6935723288066923e-06 1.747539971642251e-06 1.2168824812234372e-05 2.9478862049116206e-06 9.527000051009461e-07 3.288635470450044e-06 1.4861794361644703e-06 7.464325158037752e-06 5.0586854625154296e-05 3.6692238792762113e-07 1.4539924971392534e-07 2.0668277216779956e-06 1.9736817574306765e-06 6.484484389296783e-08 5.560945874156162e-07 2.7472265210185163e-07 2.4700397538057652e-06 3.970549934728072e-06 9.415964065184223e-06 9.2191079743939e-05 1.0589802319092243e-05 1.6393862138751486e-05 5.9018261289199454e-05 0.00011883579104800806 5.366325159761642e-06 0.0005614914508986205 6.646381067544853e-07 4.4861472038506103e-07 1.869971904684429e-07 2.1229859359178917e-06 4.9977028887481545e-06 7.4705872794818205e-06 9.350698940744213e-06 3.972399363475089e-06 1.4186716531447662e-07 5.136108796986383e-05 4.794911526575681e-05 5.7655933247641536e-05 3.67246069538603e-05 6.788398364071024e-05 0.00030985581832609205 0.0009923539499062457 2.91877706478934e-05 0.000809982329151164 5.897879835074848e-06 1.3016811345128999e-07 6.602234048649912e-07 6.386339488460886e-07 6.185268517307817e-07 0.0 6.317527177782011e-07 6.418376897007767e-08 1.167723517104519e-07 0.0 4.261496694338785e-06 2.924978688284956e-06 1.333007040949246e-06 5.585316411841782e-06 1.1402201478746085e-05 1.2540131197339786e-07 3.4577086399581303e-06 1.8549982876799167e-05 4.5272803328633744e-07 0.0 9.91417801385559e-07 0.0 5.868734216216535e-06 1.3006409092872438e-06 0.0 4.057617530073372e-06 3.937838920375462e-06 5.620494390613466e-06 2.545001149875313e-06 7.128700011392842e-07 7.025421067163736e-06 3.4269415724332724e-06 3.318881878780755e-06 1.1407168328986839e-07 5.487524617720974e-07 0.0 0.0 0.0 0.0 0.0 1.1328238949915698e-07 0.0 0.0 0.0 0.0 8.065219326773248e-08 0.0 0.0 0.0 9.35245882125175e-08 1.0869411969952858e-06 0.0 1.0175670209639127e-06 1.505324003576474e-06 0.0 3.087758727980979e-07 0.0 1.3905445278437286e-06 1.6577888745785435e-06 3.501797660501967e-06 1.5062718768029192e-06 4.394109286460985e-07 0.0 0.0 0.0 0.0 1.2609590548960084e-07 3.7100530989535635e-07 0.0 0.0 1.0986057788087885e-06 0.0 9.94501977576648e-08 0.0 3.6806133687360813e-07 8.176744690133979e-08 0.0 0.0 0.0 4.588578111979994e-07 8.482088599071887e-07 0.0 0.0 4.5188671305152877e-07 3.2716111527068993e-06 0.0 0.0 0.0 0.0 0.0 0.0 0.0 0.0 0.0 2.332599618826096e-06 1.0609643529700399e-06 0.0 0.0 1.300050196587338e-07 1.3874148234531162e-06 0.0 2.6026340000272006e-07 2.166392124565767e-06 1.574197824897524e-07 0.0 0.0 0.0 6.275321889023916e-08 0.0 0.0 0.0 0.0 0.0 0.0 0.0 1.3674389665857012e-06 2.0693119995664514e-06 2.7500953340479217e-06
5.9626575405624276e-06 0.0017111501275979427 0.0005917020663010268 1.8067953524892587e-05 0.0037186333903657864 2.0309680193558032e-06 0.0026849989921935327 0.00012667497821397392 0.0 0.0005003701554605488 0.0013720534984132196 6.435585186431584e-05 0.001534751445006154 0.000678231328512417 4.510432212693822e-05 1.7229956170483394e-05 9.563081604616035e-07 4.068523193846891e-07 7.910691678115854e-08 7.32652631388447e-08 1.7921997091193948e-07 0.0 2.9985083753198306e-07 3.527466850097575e-07 8.098662512107763e-08 6.009739544252977e-08 2.8969484546446426e-07 2.282525917467121e-07 0.0 6.199130983581272e-08 4.9318865552669974e-05 3.0561683065517154e-06 4.92689689234147e-06 5.171211429017106e-08 0.0 6.708070563273645e-08 2.8950691056313314e-06 0.0 2.1605155049018322e-07 3.2795575037551614e-07 3.528091167426742e-07 1.6442808865344123e-07 1.1973143669349139e-07 3.5952985534021046e-07 4.982972871397501e-08 6.225588049904913e-08 5.183050630909783e-05 2.3682213659587396e-07 0.0 5.5469638179144156e-08 0.0 1.4654726786106236e-07 0.0 0.0 3.7321250850586533e-06 2.9206429724570404e-06 3.3466950791497975e-06 1.5633276377942854e-05 6.385547709749547e-06 1.545627873076115e-05 0.0 9.56667902066596e-07 0.0 1.0298830381314278e-05 2.8276228130100495e-07 2.2763307218690392e-07 3.573467640024459e-07 2.3279118034097825e-07 5.4949019472502064e-08 2.331958580157309e-07 1.0614781070201865e-05 3.213280125894604e-06 0.0 3.788209577118733e-05 1.3418643380888024e-05 5.0208927905403147e-05 5.536800720289746e-06 4.8057918461831735e-06 0.0 4.16161397868565e-06 4.647622963873431e-08 1.1210595975138593e-06 4.41898305853073e-06 5.929734715826709e-08 2.101216492694916e-07 1.1281528667070722e-06 6.436843754193208e-08 2.392977754629225e-07 3.294291412967247e-07 0.0 1.880453967935482e-07 7.109984965800929e-08 2.454413950404021e-07 1.606440656923579e-07 2.0675475389098967e-07 1.1933337867521872e-05 1.887746537884905e-05 0.0 6.526105240918268e-07 3.120372572321268e-06 6.700250300438245e-07 8.461813569907156e-07 1.2731165214751368e-06 1.67789088039008e-06 1.5576588835121773e-05 1.0344643547081433e-05 1.0593013135138455e-06 1.9898953260419523e-05 9.962948179499272e-06 3.898432002460965e-05 5.94466636095293e-06 8.141526355441551e-06 5.05354403116472e-05 2.0310091020272625e-05 1.0901090952738663e-05 1.3092662307356657e-06 1.400221901930244e-07 0.0 0.0 0.0 0.0 0.0 0.0 0.0 0.0 0.0 1.1539496678579248e-07 7.295279170828428e-07 0.0 2.9373595902221046e-07 0.0 0.0 0.0 0.0 4.299901188186794e-06 4.553414329139798e-06 0.0 0.0 8.413109732918765e-08 4.268276787618848e-06 4.950748562405045e-07 5.8629136515034585e-06 1.6066343086606352e-06 0.0 0.0 0.0 0.0 0.0 0.0 1.1116379981800903e-07 0.0 1.4360555707866348e-07 4.89445179992258e-07 0.0 2.7218377175178374e-07 6.084121670403758e-08 2.495878975740122e-07 0.0 0.0 0.0 0.0 6.5382816556498e-07 1.821809972708501e-06 0.0 1.1028251436688256e-06 0.0 5.384833547005475e-06 3.6156974743325413e-07 0.0 0.0 9.522476989373416e-08 0.0 0.0 0.0 0.0 0.0 9.426978650468428e-06 7.989482691138208e-07 8.285037632303575e-08 0.0 0.0 7.803565575722347e-06 0.0 9.183495352638822e-08 9.513918740538181e-07 3.8644736581598744e-07 2.021948233205798e-07 6.675580706856891e-07 1.6203343491853695e-07 0.0 0.0 5.747195786742346e-08 2.1378929089706719e-07 0.0 0.0 0.0 0.0 5.250912641642374e-06 1.039505494459885e-06 3.3457323166433392e-06
0.0007196631232934384 0.0006804103368522999 2.9026294857504948e-05 0.001233199331871175 0.00020720790897129737 0.0009525285342208965 0.0016580121565294063 5.858670479990403e-06 0.0005003701554605488 0.0 3.24057270958138e-05 0.0019178994778088771 0.005102202230176781 0.002743239620387034 1.599169651125485e-05 4.558462220183021e-06 6.568538271892742e-07 0.0 0.0 1.376666423271415e-07 1.4699413857710287e-07 1.4635749381481058e-06 3.3946432877079985e-07 3.4574559068292076e-07 3.491885772663839e-07 2.1153879798513071e-07 5.353710882783963e-07 5.785219627188962e-08 2.8860337824012315e-07 3.637316638058336e-07 4.003674882705202e-05 9.322742510764818e-07 4.78982168136745e-06 0.0 7.458700304863552e-08 2.529425556040873e-07 3.807316758874589e-06 3.121227268615585e-07 1.660387124793952e-06 7.476265100434608e-07 9.368683784059156e-07 7.018012030857047e-07 0.0 3.64595110462198e-07 1.5776640108214288e-07 3.258333599298238e-07 4.5238584230628966e-05 5.540986445093955e-07 6.235580872265804e-08 1.446863710282162e-07 3.464228656688027e-07 5.154316463791926e-06 8.673452032947114e-07 5.047593763716759e-07 6.084663605781853e-06 7.543583953572546e-06 3.7469095378599594e-05 5.9390511853046465e-05 1.6501646957670714e-05 2.7135023316485245e-05 1.8358285385580014e-07 2.094463025010417e-07 0.0 5.802630605667075e-06 1.0208708570531688e-06 2.1169599578475173e-07 2.7532568312519404e-07 1.851342793822163e-07 5.137578104236605e-07 2.2389244170944802e-07 2.4992492462582707e-05 3.3103105322376144e-05 4.095913902038922e-07 6.215497965422626e-05 9.06711000074619e-06 2.379423530360324e-05 2.2097450316568857e-06 1.066744794565529e-06 0.0 2.494314725796455e-06 1.0824210504596081e-07 1.0470456090644474e-06 6.822065922555398e-06 1.3641168655706923e-07 3.001612147463405e-07 2.338570807180148e-06 1.1897791361356585e-07 3.095520790027748e-07 9.384453717918238e-07 1.6327716350343554e-06 2.421385610168985e-07 7.221101860844243e-07 4.4266525357751343e-07 3.476577345753903e-07 1.430988949211349e-06 0.00019855357116037713 4.274240350657402e-05 1.1918336492789933e-06 7.90836915287135e-06 0.00048067550534954846 6.892699356154262e-06 1.592837464029406e-05 8.574298962867754e-06 0.0001487460467153084 2.2468391352549812e-05 5.6316762692566974e-05 6.79420453496993e-05 3.120968213868829e-05 0.00011990902574672151 0.0001401320267719366 1.5281094989601656e-05 3.754361742956812e-05 0.00014813986292994117 5.0464694231687176e-05 2.214077946761634e-05 8.37397521898756e-07 0.0 0.0 0.0 0.0 9.803070582766602e-08 0.0 0.0 0.0 0.0 0.0 0.0 1.8521100320444529e-07 7.388259131243756e-08 0.0 0.0 7.072564389180812e-08 7.819913124573424e-07 0.0 9.164664725341628e-06 4.006922001366797e-06 0.0 0.0 0.0 5.304766256480661e-06 0.0 8.154166473569383e-06 1.1767938923921885e-06 1.0051258331316195e-06 0.0 0.0 0.0 0.0 1.2776789774536793e-07 0.0 0.0 1.4422855552735037e-06 1.4599364576461028e-06 0.0 0.0 8.563673148729719e-08 2.0246947739696984e-06 0.0 2.9030441015894765e-07 8.813677470415913e-07 0.0 1.677389579284325e-06 4.470421249543979e-06 3.2881735636867845e-06 1.718106876314672e-06 1.6580454438985781e-06 5.178028036965861e-06 2.464597924398526e-06 6.474950138540917e-07 4.7401346356825054e-07 1.3388035712670883e-07 0.0 0.0 0.0 0.0 0.0 9.552164614462955e-06 9.6380893639399e-07 0.0 0.0 2.128633214108996e-07 8.091420441211307e-06 0.0 0.0 3.018473391657747e-06 2.5885465143220862e-06 1.226810906183037e-06 1.0227281454371199e-07 1.1287012547812983e-07 3.4307871920724793e-07 6.587983104764695e-08 0.0 0.0 1.3457182298314017e-07 6.478651658088413e-08 0.0 0.0 1.5883535775972328e-05 1.9176027418117605e-06 3.547396500599756e-06
0.0001316802619983662 0.0013269561784990751 0.0014045786427829307 6.009897860519928e-06 0.0006900916486472843 2.467299134339491e-06 0.0001670105565002659 0.0017579465396897237 0.0013720534984132196 3.24057270958138e-05 0.0 0.00017547744884306084 0.0007181084204300047 0.0018642546118327974 7.690188346772885e-05 5.576549046560817e-05 3.6073748880818826e-06 1.4432928135481046e-07 1.635615396419959e-07 5.164652756841683e-07 6.215993553741407e-06 3.457114141676495e-07 5.999789785414735e-06 9.674310609561064e-06 4.2050832063790185e-06 2.6519714411662516e-06 8.26987877129854e-06 2.4470332452290477e-06 2.2011756386358677e-07 3.451230219078821e-06 0.0011549728028572399 5.557880354607438e-05 0.00047176025397508526 1.545211357360955e-06 3.554600660008593e-06 7.008153505550684e-06 0.00011011005332946831 1.637293723451998e-05 5.0190685298386766e-06 4.237491824616722e-06 7.908100675163865e-06 1.8044981582523378e-06 2.663908954312801e-07 2.535331686035113e-06 5.713835246527685e-07 1.3747120964595334e-06 6.690311648840943e-05 4.59785956887568e-07 2.9806726677300476e-07 9.657619018135109e-07 6.244292821792398e-07 3.379929875295388e-07 7.245444062337204e-07 1.0100815594303438e-06 4.9542726404003535e-06 6.325692520684605e-06 1.241789597790224e-05 5.838782771000884e-05 1.3181598001249777e-05 2.6714131276529627e-05 2.5754889345897565e-06 0.0001034885138717313 7.873380873244034e-07 1.6996409827318533e-05 1.1130699906272996e-06 7.295644671781025e-07 1.5542365738975861e-07 1.0367601581992625e-06 1.8479689801412212e-06 3.4102415292406223e-06 3.3450481820619e-05 8.437994016557029e-06 0.0 7.423297272245834e-05 1.8115743184380683e-05 8.331060712626404e-05 1.2170433628799318e-05 1.4874939647435036e-05 1.1857261030564007e-05 0.00018675041364365499 4.271061467612584e-06 6.959361798529898e-05 7.041742344684919e-06 1.1802318281593862e-07 7.284503522555769e-07 2.04521267249491e-06 2.3914899400343125e-07 1.368650099692404e-07 4.57147320385788e-07 1.4812582001591828e-07 3.513169446800217e-07 1.7216699184727345e-07 1.4306577664802908e-06 1.3445757584724684e-06 7.319112343163097e-07 2.077794350018463e-05 2.7150734123404017e-05 1.2051906543555418e-07 5.4525162259254815e-06 6.99574828529967e-05 1.9872153588827437e-06 5.355896701967386e-07 1.008251858220203e-06 1.6653201173585429e-06 7.94676242155856e-06 5.415335011435715e-06 5.569171315699189e-07 7.193133061932029e-06 6.71867215576173e-06 1.5814062886342504e-05 4.566832333703769e-06 1.5400444532963907e-06 2.039316473073492e-05 8.650247454434346e-06 6.644321751571222e-06 6.108653100373843e-07 3.8655462227802556e-07 0.0 0.0 0.0 0.0 0.0 6.061487130658584e-08 0.0 0.0 9.432056244157606e-08 6.850752074022633e-08 6.985884183345576e-08 0.0 0.0 0.0 2.8894140842048713e-07 1.8814058797905648e-07 0.0 4.634040499063606e-06 3.3751811565494763e-06 0.0 2.9199361972627306e-07 0.0 4.4618130897367956e-06 1.677125666543047e-07 8.236347611676306e-06 3.4175014146393377e-06 1.0888608310762046e-06 3.310551650513502e-07 0.0 0.0 0.0 0.0 1.407744227337238e-07 0.0 8.051289803069414e-07 4.4498013174448924e-07 0.0 0.0 7.32606576851357e-08 2.4640534180638546e-07 9.78343009402609e-08 1.7818463961346673e-07 0.0 0.0 8.822176556884261e-07 7.68452250253021e-07 1.1386504518554063e-07 9.404401253775813e-08 9.09445482647303e-07 6.952346156030283e-07 3.6617770124569105e-07 0.0 2.69381449327685e-07 0.0 6.729718220081177e-08 0.0 0.0 0.0 0.0 4.639518585031692e-06 1.5289628713130648e-06 0.0 8.22123742171338e-08 6.496651390683371e-08 5.254183971325945e-06 3.5151588003649775e-07 2.0440031943149796e-07 5.370164093901563e-07 6.510851573359025e-07 1.0420795230253476e-06 2.934605022810312e-07 7.598764804499446e-08 0.0 1.8224976226175737e-07 0.0 0.0 5.9497537627402256e-08 0.0 7.090944704324031e-08 0.0 3.277288897745616e-06 2.6867969458401145e-06 5.219955151258995e-06
7.730323821653356e-05 0.0001791505100015502 7.163347441391154e-05 0.0002258983461209444 3.8657544743116635e-05 0.00038724309222102704 0.0005272040055113047 4.909410489690043e-05 6.435585186431584e-05 0.0019178994778088771 0.00017547744884306084 0.0 0.0009827440183773797 0.00033518648923428244 0.00012746755334490465 0.0001217970444810912 1.5369337997952253e-05 1.5777876242355414e-06 8.268508911988898e-07 1.387774732069067e-06 1.1119261416810036e-05 6.516175285530974e-06 1.347775424765858e-05 2.4360351302619313e-05 1.994099348161919e-05 6.19893778732865e-06 3.49642273922743e-05 1.8777668937008413e-05 4.245264555121093e-06 2.0210265771572093e-05 3.590579791361241e-05 3.951022228994047e-06 9.634560677454318e-05 4.448242265084696e-06 1.1353656504605959e-05 1.2251649473930715e-05 0.00022087552617576904 3.966882058272967e-05 6.670128237333302e-05 2.513971553775759e-05 4.78626513846615e-05 2.8548966570550742e-05 1.3036125352749983e-06 3.10772873946484e-06 3.7915030934490237e-06 3.939883549506607e-06 5.158379153647252e-05 8.517332314369094e-07 1.1195098117314013e-06 3.3768952153230773e-06 1.1336039171436053e-06 7.13661748978901e-06 1.187955522221915e-05 1.0216775741356209e-05 8.966228974557091e-07 1.7619305974201804e-06 1.5063235545483781e-05 1.7909955712413913e-05 4.428018720843685e-06 9.282533438203603e-06 9.465857799582877e-06 1.2291319839992368e-05 3.981325142699111e-06 1.1499281143200029e-05 6.088531771900481e-07 7.873290029404387e-07 2.4420743710268004e-07 1.9847355194370377e-06 5.370378009634939e-06 6.964544398588018e-06 0.0005467023932104305 8.089032162740177e-05 3.751540038151818e-07 1.8756271513226366e-05 7.1731482421431675e-06 5.221908935538307e-05 8.316497567564729e-06 1.4679061011560693e-05 2.7852360896195726e-07 5.457734641230641e-05 1.2551353321575309e-06 6.407028649132815e-06 2.219289839529716e-06 6.08191813793684e-08 1.256397580739465e-07 2.768926103051384e-07 1.1843892066490626e-06 2.1745593045889066e-07 6.633137047912319e-07 2.2005524448349687e-06 1.4758962981480163e-06 2.4228901005550745e-06 5.85238671797484e-06 5.068201261090831e-06 7.258425864642739e-06 0.0011567770756620386 0.00023150746468157 3.0001373900888984e-06 5.729751562455486e-05 0.0001266949011739159 5.023280439936831e-06 5.235462903217644e-06 7.0750370319724804e-06 9.904841898827973e-06 5.001175797622287e-05 4.358591352834162e-05 1.584926341665454e-05 6.795092117240294e-05 5.237456082851639e-05 0.0002757836520939481 2.3491792491419147e-05 3.367943465894982e-05 0.0002832242111421425 9.82748035537517e-05 4.8003235764107064e-05 1.747172314730005e-06 7.227198570586088e-07 0.0 1.4505749974402719e-07 0.0 0.0 0.0 5.183072952177458e-07 0.0 0.0 4.94707492862671e-07 0.0 1.936995993602173e-06 0.0 1.8121439047577947e-07 2.601235359162346e-07 1.0827957066493042e-06 3.3491822974433144e-07 7.851462355027156e-07 1.6669157319602504e-05 1.1073532874989548e-05 0.0 5.780589476101836e-07 2.1183476670859856e-07 1.2755313147072823e-05 4.3909464531692967e-07 1.2746085801727747e-05 1.101004779383463e-05 5.003163590393725e-06 0.0 0.0 1.1958937109891423e-07 0.0 5.778411551981913e-07 1.7030258069898165e-06 1.4509953589623262e-07 1.5734532040077899e-06 3.3204388409734982e-06 3.430939931185597e-07 0.0 2.354251810234204e-07 4.780824725109403e-06 1.0115202728034048e-06 7.572679717129226e-08 2.0993566991465852e-07 0.0 1.6731573748242227e-06 4.148155162716504e-06 4.886335674643414e-07 1.4803534461257056e-06 2.4131470101867893e-06 1.502269793200122e-05 3.588548010939852e-06 8.931778460094843e-08 0.0 0.0 0.0 7.698093306938557e-08 1.744399300198685e-07 6.031299140736843e-08 0.0 3.675235850694184e-05 9.479710118675356e-06 0.0 8.60492283114789e-08 1.5355356989324704e-07 1.930113414806459e-05 2.5473661262689545e-07 1.4680474005246113e-06 1.6619479535434357e-06 2.2071981449026774e-06 3.03537450086183e-06 8.553516858066853e-08 8.806485219394521e-07 1.0764140711510176e-07 0.0 0.0 0.0 3.350977007327143e-07 1.0738647753902542e-07 1.2802177464631082e-07 0.0 2.8937150708630702e-05 9.599991547760467e-06 1.6497797572693526e-05
