0.0 0.0007847238335759017 0.00047909582088655526 0.0010249609093657412 3.547710603752596e-05 0.0001658827018018802 5.3928364906862915e-05 0.0002047671038354701 3.8484326133729434e-06 2.958555562157241e-05 9.20931714986336e-05 5.71950278446852e-06 3.2052282590409864e-05 7.72556626501769e-05 2.9114950779242544e-05 2.058695450171881e-06 1.3513407824484567e-06 5.42111876812395e-07 6.021085875724597e-07 6.226953034518464e-07 2.5247300719328764e-06 5.528654546618465e-07 3.2853150608598923e-06 2.938925081610088e-06 1.153224404680741e-06 6.832359157778433e-06 9.319788017108308e-07 4.6385982550464e-06 1.8893852056178265e-06 2.028197683070103e-07 0.0018966287274810479 5.866876683509424e-05 1.7575955461574348e-05 8.099285400413278e-07 1.8463907010091084e-06 3.8003852362723446e-07 1.0355627380818776e-05 2.0724123680769633e-06 3.0234149715754716e-06 4.2150458541927365e-07 5.985896938488477e-06 2.456151987339834e-06 8.386080244387156e-07 1.3073676559152293e-06 5.593025800064927e-07 3.763634369065622e-07 0.00011571062848236442 6.5640032556628564e-06 1.6846463146365387e-06 1.042185382151113e-06 7.473409952863087e-07 4.803008090178494e-07 4.47440994449398e-07 1.4402256004660196e-06 2.2947224115762436e-06 6.749401533561721e-06 0.00010627457251529442 0.0005795217091708456 4.1089043784822447e-05 9.886785017741463e-05 2.786224941240711e-06 2.6038421996669447e-06 1.8416400618421728e-07 0.000189825086235269 6.969028554710285e-06 2.057019697402944e-06 1.273343993771109e-06 6.159719827119401e-07 3.3420911163384677e-06 4.169104301599237e-06 2.2339222059462443e-05 5.158722465511379e-06 2.104512706106697e-07 0.0003370624154701341 0.00039176039007550104 0.00017972531984671237 5.0115407491008456e-05 3.861942660369776e-06 7.420009546333048e-06 5.0225482464176115e-05 1.9044141408049892e-06 9.877411481030873e-06 1.6546973296925115e-05 0.0 1.3195581154676224e-06 1.2109799634670129e-06 3.077896997496173e-07 1.795375987888604e-07 7.363333736025894e-07 9.448498080448264e-08 5.023763325067049e-07 2.9764880217621516e-07 4.037142631828259e-06 4.289558545938484e-06 6.225100723934269e-07 5.287053115017505e-05 1.563839440779342e-05 2.9249997787642835e-07 5.3824100947132914e-06 0.0003180352532982 8.287846670585486e-06 4.701170583775076e-06 1.1995707652177053e-05 4.043873019855454e-07 2.9903776913130036e-05 1.0402507725468252e-05 9.925202364808954e-06 4.857558128600737e-06 5.864550491035314e-06 8.389450669923669e-06 8.25600385325745e-06 3.223955040101229e-05 1.132295908948243e-05 1.437555509034064e-05 1.6113533355610446e-05 4.3582711090585844e-07 8.871694966724073e-07 7.254805617391218e-08 7.137701153674279e-08 0.0 0.0 0.0 8.19554482727483e-08 0.0 0.0 1.5564536610793399e-07 0.0 5.458425014884919e-08 0.0 0.0 1.704725780972509e-07 0.0 1.1038225038364134e-06 0.0 3.00295026832864e-05 5.496447550408346e-06 0.0 0.0 0.0 9.390720719594395e-06 1.9607390578650085e-06 1.4746910653963296e-05 2.3178716220070664e-06 9.983320318081894e-08 0.0 0.0 0.0 0.0 2.393634617989887e-07 0.0 0.0 2.4277397134519605e-07 7.561901906490479e-07 0.0 0.0 0.0 6.804949530266042e-07 4.2721192007616875e-07 3.8658816321357833e-07 0.0 6.49379503934361e-08 1.4823774919315363e-06 2.069871307899523e-06 1.5970469804819859e-07 6.173146861878702e-07 8.84058538450766e-08 4.795353839536944e-06 7.640176503904643e-06 2.0077747909114346e-07 2.537530751458552e-07 9.216585075112844e-08 0.0 3.7483399374699937e-07 0.0 0.0 0.0 1.2972109691460492e-05 9.042895702516908e-07 3.1725267846920753e-07 6.951272387424225e-08 6.258131559284939e-08 2.33890860032908e-06 1.724789631144983e-06 1.108035969689576e-06 1.4108693759972442e-06 2.79776485348348e-06 5.696797153108412e-07 0.0 1.735433928293516e-07 0.0 1.150285629801966e-07 0.0 0.0 1.0395691935195121e-07 0.0 0.0 9.410800834801427e-08 5.077334714528489e-06 7.846809108850978e-06 7.847179338455688e-06
0.0007847238335759017 0.0 0.0014533463362852014 0.00018512913509459404 0.0017175662052780884 8.891674296033804e-05 0.0019460155328052027 0.00029854691861431267 0.000977124882562828 0.0003302143849461544 0.0008491960710416266 2.3158038007964646e-05 0.0007361539013234867 0.0017327119315188393 3.5086510917081126e-05 2.2964631650035546e-06 2.1074548659294978e-06 7.680390574394858e-07 4.97640947216924e-07 2.750216571779985e-07 2.1840285289703625e-06 3.1246859540641967e-07 7.942499172986956e-07 9.486389500759624e-07 2.924484088489836e-07 3.6516265874515883e-06 2.1658955298165647e-07 2.329117801135769e-06 7.736667485810999e-07 1.5329668538508354e-07 0.001353747664596434 6.209826665267728e-05 4.518322921761454e-05 7.717107051435431e-07 7.044116805900225e-07 1.7044091859681164e-07 1.2949159576299719e-05 8.209159439842883e-07 2.0574474386125504e-06 3.427639579957393e-07 4.839388035651377e-06 9.014459414992584e-07 4.3059649640903597e-07 1.2164825847119302e-06 6.863007268304671e-07 1.5093847166491902e-07 0.00015380494921129686 2.806098288277407e-06 1.0451406491693135e-06 8.306412017933415e-07 6.395015775795518e-07 0.0 1.0289945634937223e-06 1.335534040115148e-06 9.52853113465514e-07 3.777474918536553e-06 3.494078924977398e-05 0.0001486268706895718 2.054354167534536e-05 7.983478000744852e-05 1.05337838088924e-06 1.6092384079337093e-06 2.0717948969695926e-07 0.00013401375964887697 4.02682295405622e-06 9.645673341038705e-07 4.580981392449071e-07 6.842249072026065e-07 2.0968294184852395e-06 2.5414712751078428e-06 3.220954922574678e-05 2.571369479943489e-06 7.879859864543168e-08 0.00016406788909769805 0.000300413030750829 0.0002003092735577009 7.053008620195598e-05 3.505234452493298e-06 2.6194770236130687e-06 3.267755140840663e-05 1.3734828422571936e-06 3.014366475466841e-06 7.862510096016125e-06 8.857571747390643e-08 1.0407669446080346e-06 1.494171783258621e-06 6.726558065766822e-08 1.6977715594661197e-07 5.845350828968767e-07 0.0 4.974471835040735e-07 2.049974931347476e-07 2.3428908139439357e-06 2.157600902919247e-06 4.806654691459659e-07 4.6062692618847747e-05 8.774900275311117e-06 9.907836066291667e-08 3.528577907883007e-06 7.78542510960304e-05 1.2187743242956904e-05 6.272615442782217e-06 1.0680357368198892e-05 8.745360204042181e-07 2.8522406864706462e-05 1.2636180676248645e-05 7.5375293578223605e-06 6.7854482837456094e-06 3.945615405381038e-06 1.3295474237841311e-05 9.421184383114745e-06 3.9263621611645844e-05 1.4317094630479004e-05 2.0876432405894214e-05 2.7852455125531857e-05 3.5809406668511633e-07 8.538593764032592e-07 0.0 8.321633775970395e-07 0.0 0.0 0.0 5.863813589802205e-07 0.0 0.0 8.524247765635433e-08 0.0 0.0 0.0 0.0 0.0 4.382492222035961e-07 0.0 7.335300775937558e-08 2.61920723438182e-05 4.370892537954104e-06 0.0 0.0 0.0 1.1573675377775994e-05 1.4822477609777293e-06 1.398059489531962e-05 2.3079502104767603e-06 4.562086645707847e-07 0.0 0.0 0.0 3.337596337844766e-07 1.2296553214957994e-07 2.4032256351912707e-07 0.0 1.2688890181096425e-06 1.9107346640202635e-07 0.0 0.0 0.0 1.3570576933607363e-07 3.127535146885964e-07 0.0 3.941542268708985e-07 7.232213008555139e-08 1.2426288278281427e-06 2.109393725098498e-06 1.5838530580580283e-06 8.689177162639295e-07 7.921831548293723e-08 3.4712797274919783e-06 6.161931228355121e-06 0.0 2.7788641749793216e-07 0.0 0.0 0.0 0.0 0.0 0.0 1.929721547748291e-05 1.8537750861770585e-06 0.0 0.0 0.0 1.3461347169067145e-06 0.0 9.556022503699242e-08 1.4015849882222325e-06 2.9210113035437038e-06 9.760500699917901e-07 9.405258394502497e-08 8.949291726393314e-07 0.0 0.0 8.952756805995616e-08 1.1894117976667512e-07 7.078416508607526e-08 0.0 0.0 2.0483398303504097e-07 5.245578766601312e-06 7.376793333297855e-06 9.932400464503014e-06
0.00047909582088655526 0.0014533463362852014 0.0 1.5753987283119448e-05 0.00031315279437500173 5.794623046630724e-06 0.000180548137366816 0.0022125001518821263 0.00047599186472443907 5.332318303344107e-06 0.0021159010342943554 2.5014057928458757e-05 0.00044747709714848896 0.001877521401020735 1.1376279939013323e-05 1.8475181577328633e-06 4.298639534265413e-07 1.1718961939187002e-06 1.8309766770699754e-07 1.054430455017671e-06 1.4487507279926666e-05 3.274535382172077e-06 1.1671443873245841e-05 1.2004275432161334e-05 6.320594796566757e-06 3.208992754245657e-05 3.1378722252169133e-06 2.088746625819051e-05 7.873282702009393e-06 9.806810357063394e-07 0.002049052720099153 0.0004665089739310244 0.00010767425403485665 1.641644640002614e-06 9.646149309589797e-06 2.822756873944737e-06 3.7809872878616626e-05 6.497232082308888e-06 1.1555671855434832e-05 1.9950433891858667e-06 2.8392100135165186e-05 8.14302302460276e-06 9.693635023901395e-07 5.379212728495576e-07 4.0353645899440693e-07 8.11765218240251e-08 6.823681609358486e-05 9.62407074722148e-07 1.4380097490562842e-06 3.029435786655674e-06 2.542259307380433e-06 9.13267090680942e-07 1.8264094196789411e-06 5.5350026792973175e-06 4.552256249158138e-07 5.697949980690589e-07 9.435507568286907e-06 4.374957337173771e-05 3.9364435426622424e-06 1.822046238184068e-05 1.3606252199702492e-05 1.1593078617730163e-05 1.1017896232509076e-06 0.00019828783210935517 8.704857942878202e-07 1.0212109604064835e-06 5.035424024657523e-07 3.949712041999959e-07 1.93649769470332e-06 1.2365332433357671e-05 5.3678866376515536e-05 3.306918465765938e-06 8.259099043912351e-08 3.878288322561458e-05 8.717914031030278e-05 6.628190860214831e-05 3.2948184031444574e-05 2.8031061707902924e-06 2.1876151075156314e-05 0.00036177954492440145 1.6339700256243172e-06 6.774267332380152e-05 1.3047021963411865e-06 6.596142552992447e-08 6.772081885986808e-07 3.7414614716597875e-07 7.174651116151058e-07 0.0 0.0 0.0 3.8312293220802933e-07 1.0183367265690833e-07 1.2859789975899173e-05 1.4576870764717475e-05 1.0479611889265498e-06 4.353902173699592e-05 1.396262115075283e-05 7.388156190257553e-08 1.0891406076022974e-05 1.9101031605355078e-05 1.0515913867473334e-05 1.5593634692725712e-06 1.1781422467432146e-05 2.870957795567022e-07 2.3997330932028316e-05 8.599545694100957e-06 1.7076657616700024e-06 7.340191522587994e-06 3.332147221425954e-06 1.1485978918438368e-05 6.327600825019979e-06 2.373919280248491e-05 5.614372203366127e-06 1.1526418606803187e-05 1.681446371319265e-05 2.455719033532716e-07 1.790755160784358e-07 1.1898979102354081e-07 0.0 0.0 0.0 0.0 5.138346275847211e-07 0.0 0.0 8.175960709105596e-07 0.0 1.3754983925781542e-07 0.0 0.0 2.8097848816448664e-07 0.0 8.207494869285201e-08 0.0 1.97259951565547e-05 3.64394865842363e-06 0.0 0.0 0.0 7.664764948196003e-06 8.254198445236326e-07 7.809438704964015e-06 2.361799170755631e-06 7.656227156869181e-07 0.0 1.5812881734981897e-07 0.0 3.147981939128653e-07 1.6377048625550413e-07 0.0 5.013344348393887e-07 3.9658651462975093e-07 2.594442799496657e-07 0.0 0.0 3.9121074226968477e-07 7.775269528077568e-07 1.2746189442939219e-06 1.6625898787713474e-07 3.2231538676489604e-07 0.0 8.964732478412832e-07 4.349471325227016e-06 0.0 3.9949142925374294e-07 1.9868144172252415e-07 3.5155399740617254e-06 8.249450282593938e-06 5.343990655577355e-07 1.1511792333959184e-07 0.0 0.0 0.0 0.0 2.4830508884413816e-07 1.4739339707551252e-07 9.165267652828625e-06 1.2052094666197452e-06 2.691063755683465e-07 0.0 8.136377519724649e-08 1.1910552582859656e-06 3.9198843045613627e-07 6.136662788822564e-07 7.8940869573187e-07 2.382178107307284e-06 9.86649140827484e-07 3.851422351666174e-07 3.0719524734307774e-07 0.0 0.0 0.0 0.0 0.0 0.0 1.0213300769112108e-07 0.0 3.0810147310131265e-06 6.299320212477314e-06 7.240252975190682e-06
0.0010249609093657412 0.00018512913509459404 1.5753987283119448e-05 0.0 5.833002386075916e-05 0.00045311006868382474 0.0009052509849267932 9.901606579686027e-06 1.2669423416665535e-05 0.0006963624024763375 2.3192728222904522e-05 0.0008253402366530026 0.0014152467813297231 0.00012753307419494138 3.4894599482371233e-06 3.7835055586060464e-07 1.7152492799588196e-07 0.0 8.159868814977984e-08 3.649063097964528e-07 4.874973784576607e-07 7.956620770142737e-07 8.232810032941293e-08 0.0 0.0 0.0 0.0 0.0 0.0 7.287193475594626e-08 0.00048545766959111396 3.897666872971819e-06 4.305949207338134e-06 7.449823273564022e-08 5.844312418983395e-08 0.0 3.941761879119035e-06 6.606954367019479e-08 6.321386754509256e-08 0.0 6.030272213675276e-07 1.1094704505695979e-07 0.0 9.048198168669043e-08 1.5208853073057605e-07 4.229965130170863e-07 1.9124261086543202e-05 1.5027805827083752e-06 8.605761651745012e-08 1.5424196615165696e-07 6.819834362005432e-08 4.135566497882608e-06 6.555154233332399e-07 0.0 1.3753702189148904e-06 1.9026463943416077e-06 4.136148964559229e-05 0.00019641225780520817 1.5375339236099892e-05 2.199830747050209e-05 6.163302352383451e-07 8.870715712150284e-08 0.0 3.251738767734199e-05 1.1298893575785091e-06 8.214503217452465e-08 2.40337990428564e-07 2.332055997437849e-07 4.774100560047285e-07 3.6210882659085994e-07 2.2696648686561356e-05 2.537162119158101e-05 3.487295071056362e-06 0.00011180319088194407 9.672273450535553e-05 2.3443197458949486e-05 5.365435665650546e-06 6.389691734680661e-07 2.4630827467501673e-07 1.0690504284051372e-06 3.2586290543529297e-07 0.0 3.269717768697295e-06 8.420325117489935e-08 6.225304145011386e-07 6.571911436586238e-07 2.1428807762837646e-07 8.440587143698464e-07 7.775396166079325e-07 2.3040355389319275e-06 0.0 1.875640689063685e-07 3.3733399408769676e-07 4.989024552942895e-07 7.83654880278087e-08 0.00031286475215211787 3.895698870299913e-05 1.0585554527091456e-06 4.391730377747991e-06 0.0006147343219815999 1.540658305892398e-05 1.9572223567848514e-05 4.6134750252867714e-05 5.406143224210456e-06 6.729877993453866e-05 3.761284621490605e-05 5.954477783133984e-05 1.4330293711427887e-05 1.3890757648139315e-05 9.54053466364767e-05 3.2047937490247786e-05 8.85880614996095e-05 5.0749209893484685e-05 4.783525320261477e-05 4.2936472679526566e-05 6.668257001080924e-08 1.144135683973687e-06 0.0 1.2394797700607975e-07 0.0 0.0 0.0 0.0 0.0 0.0 0.0 0.0 0.0 0.0 0.0 0.0 0.0 3.8562026388332644e-07 0.0 4.0597233490207255e-05 9.771271294410885e-06 0.0 0.0 5.367314758387719e-07 1.2046251311944736e-05 2.2847015064834988e-06 7.3581208248944745e-06 1.8145630240057879e-06 3.0274599796871e-07 0.0 0.0 0.0 1.1437997309826894e-07 0.0 0.0 0.0 1.504530620399094e-07 1.3043032541920993e-06 0.0 6.935866566296736e-08 0.0 9.866102842655448e-08 0.0 8.01700471092927e-08 5.823439048091747e-07 0.0 1.9947329151984677e-06 1.2680214666887243e-06 1.7421144019144678e-06 0.0 4.2284742407667456e-07 2.929724089987984e-06 4.524361758153879e-06 0.0 0.0 1.3631425898653125e-07 0.0 0.0 0.0 0.0 0.0 1.8937964381775515e-05 4.320008210065725e-07 1.7681636334000427e-07 9.015822747160944e-08 0.0 2.6126927901024625e-06 8.614640803321662e-07 2.8152589201196173e-07 1.235704216471097e-06 1.6146694208499641e-06 1.807258547308801e-06 8.041986571151194e-07 2.3487275497118497e-07 0.0 7.909377009034674e-08 8.77140978159232e-08 2.016977675074129e-07 0.0 0.0 0.0 0.0 2.2380711999709465e-05 6.940688424469697e-06 5.035038433030482e-06
3.547710603752596e-05 0.0017175662052780884 0.00031315279437500173 5.833002386075916e-05 0.0 1.436548064257098e-06 0.002278749787898015 8.861269747370597e-05 0.00373879222470648 7.401551769910803e-05 0.0007104244651068126 7.437815844315702e-06 0.0005884505673149295 0.0017335893400427578 5.195992418751094e-06 5.074935243423465e-07 0.0 0.0 0.0 0.0 3.6757890154489026e-07 0.0 0.0 9.064589192355032e-08 7.108968061712868e-08 1.1623546315065595e-07 0.0 8.7593510536795e-08 1.4471119662813735e-07 1.4430103982424014e-07 4.5676673802137974e-05 6.945569746267993e-06 1.3310893112091607e-06 5.9100230504416075e-08 1.4654590117758864e-07 0.0 1.2057282011809132e-06 1.523287968693493e-07 3.7909789851051216e-07 7.791710731125482e-08 1.9878055136958665e-07 0.0 5.529795964884515e-08 1.701552477056578e-07 0.0 5.864019714508736e-08 1.7709119900370038e-05 4.3256724759060535e-07 7.745470016530054e-08 1.626694007330543e-07 1.1793338568078859e-07 0.0 0.0 1.4725630143518177e-07 6.85555795817997e-08 2.2052543179561394e-07 2.896776742713621e-06 9.608690880936365e-06 1.1039364131508887e-06 8.398023694949015e-06 8.629968327341318e-08 1.244654516759407e-07 0.0 1.6907118547766875e-05 6.907791429589543e-07 0.0 1.3595562795200818e-07 6.160013062765655e-08 2.2442248649118478e-07 2.3065661252490184e-07 2.9790731186554892e-06 1.0215183576636097e-07 0.0 1.3515762188236448e-05 3.094325211226934e-05 2.6582038064742677e-05 1.0048552531500768e-05 1.7103876676189528e-07 1.9726212820351573e-07 1.903163847382434e-06 2.8026062588971053e-07 1.3555485274217796e-07 9.088153485602547e-07 0.0 7.110060868722052e-08 1.3562409809873218e-07 0.0 0.0 0.0 0.0 0.0 0.0 3.527154014415771e-07 3.834555218840357e-07 0.0 6.4168111437972244e-06 5.389680586788544e-07 0.0 3.714018335364438e-07 5.96741142390989e-07 1.1308051363409162e-06 0.0 1.889353659669823e-06 0.0 3.339449124267739e-06 1.0505570570794732e-06 1.619228918824581e-06 1.8087688487721113e-07 0.0 1.095390429826941e-06 1.6731909935508786e-06 2.786564787458064e-06 1.3931019886491166e-06 1.5438754415891164e-06 3.145608666192653e-06 0.0 0.0 0.0 0.0 0.0 0.0 0.0 0.0 0.0 0.0 0.0 0.0 0.0 0.0 0.0 0.0 0.0 0.0 0.0 4.455909651877016e-06 1.2143523248021877e-06 0.0 0.0 0.0 1.0598748833430791e-06 0.0 7.239060004118964e-07 6.303357331398312e-08 1.2336473925435e-07 0.0 0.0 0.0 6.797766798001573e-08 0.0 8.165974691646807e-08 0.0 5.519828007670216e-07 1.5073077885332703e-07 0.0 0.0 0.0 0.0 2.1253161611416956e-07 0.0 2.4094483627233783e-07 0.0 0.0 5.046387512294686e-07 1.9286108994886042e-07 0.0 0.0 9.434478788629509e-07 7.416355585772619e-07 0.0 0.0 0.0 0.0 0.0 0.0 0.0 0.0 1.3559053632463715e-06 5.619825580704896e-07 6.685800852349093e-08 0.0 0.0 1.2539180162935653e-07 0.0 0.0 1.8413043251415284e-07 0.0 9.002666886431874e-08 0.0 2.1153684811480018e-07 0.0 0.0 1.2503620947429493e-07 0.0 0.0 0.0 0.0 0.0 1.1481768529315475e-06 9.404720426321675e-07 6.979258196215576e-07
0.0001658827018018802 8.891674296033804e-05 5.794623046630724e-06 0.00045311006868382474 1.436548064257098e-06 0.0 5.628407311957682e-05 7.48936047961589e-06 3.610107150607656e-07 0.0002352221987485233 6.746434521977346e-06 0.00018038956710626279 0.00011356720604474204 2.247465265339675e-05 1.1892410959128026e-06 1.2276189964864203e-06 1.0635988354617818e-07 0.0 0.0 0.0 0.0 6.391122506181127e-06 0.0 0.0 1.0279917116424045e-07 0.0 0.0 1.5092273654172884e-07 2.9857951038024647e-07 0.0 0.00012144578407532195 3.1890731751459784e-06 1.1728879370974813e-05 0.0 0.0 0.0 1.4017006867986546e-05 0.0 3.904485485834056e-06 0.0 0.0 6.861709147677779e-07 0.0 8.666667933734348e-08 9.100006737679897e-08 0.0 2.971314561991143e-06 1.0292920492454155e-07 0.0 0.0 0.0 2.834775780099917e-05 2.62252730157614e-06 5.88457335418587e-07 2.874886223178315e-07 1.1496743337841765e-06 5.2112843846366974e-05 5.8362853091871675e-05 6.033040157025891e-06 3.5047855256436025e-06 0.0 1.0699568958678417e-06 0.0 4.3185391065074265e-06 3.0163863461876065e-07 2.2378070975538066e-07 2.859103624255674e-07 0.0 1.3739540253842258e-07 4.5780409250982834e-07 9.675869342543426e-05 0.00015751577318687943 2.739876423748199e-05 3.480783332028597e-05 1.1963577249788236e-05 4.5887156110414315e-06 2.0692281414981997e-06 1.062326739971631e-06 2.1122351909473994e-07 2.3248386533096194e-06 3.020142498532631e-07 4.151827752763982e-07 1.0011026463446652e-06 1.70918913788516e-06 8.612548843026199e-08 2.7297863690073807e-06 0.0 3.926039771200906e-06 4.336044193137056e-06 1.1104864166457511e-05 5.571012687157467e-07 4.06924792290708e-06 6.002482309871273e-08 3.5527218592769046e-07 2.9505203425542232e-06 0.00017290342685475488 0.0002663731412607472 1.8764352554678433e-05 2.4121542274982884e-05 0.0002982371067511645 1.4230304903559766e-06 8.92972959413847e-06 2.1752492224279778e-06 1.497060946537646e-06 6.3886087256244745e-06 5.018369108547119e-06 3.0247667927712376e-05 2.998691178188388e-06 2.460750206694919e-06 2.478988400824865e-05 1.6741902117242629e-06 9.203295628054429e-06 7.959215372997099e-06 5.871599966813222e-06 1.406836896504321e-06 0.0 7.763144182735979e-08 0.0 0.0 0.0 0.0 0.0 8.936311168995455e-08 0.0 0.0 0.0 0.0 0.0 0.0 0.0 0.0 0.0 0.0 0.0 1.0988821996588194e-06 3.114028787639653e-07 0.0 0.0 0.0 1.6622155883152576e-07 0.0 2.0285549947334725e-07 1.3576439483628926e-07 6.698382462190601e-08 0.0 0.0 0.0 0.0 0.0 0.0 0.0 0.0 0.0 0.0 0.0 0.0 0.0 7.051767374198513e-08 9.720598914846795e-08 0.0 6.428584038601126e-08 0.0 2.2891669181545037e-07 1.3811960212054532e-07 0.0 0.0 0.0 0.0 0.0 1.005284901499872e-07 0.0 1.735944968325372e-07 7.847050240151165e-08 7.404562354268266e-08 0.0 1.9064554134561967e-07 2.789273299626897e-06 3.521951961060079e-07 2.5057103309965797e-07 0.0 7.713436874505776e-08 2.732439721728908e-07 0.0 0.0 0.0 7.42540841850283e-08 0.0 0.0 0.0 0.0 0.0 0.0 8.839298456906542e-08 0.0 2.3863167583273e-07 0.0 1.230368755225595e-07 2.105207884930689e-06 3.4093062148277156e-07 7.010671666378136e-08
5.3928364906862915e-05 0.0019460155328052027 0.000180548137366816 0.0009052509849267932 0.002278749787898015 5.628407311957682e-05 0.0 1.4977105140519701e-05 0.0014510802722210478 0.0005564146254552913 0.0003575077727398823 0.00017763631047623885 0.0033864872694652926 0.002374024089081471 4.736139548314806e-06 4.5601589038629975e-07 0.0 0.0 6.709078560878709e-08 0.0 1.7109475892706158e-07 8.566708265584058e-08 1.3642779520014743e-07 1.2384856995978175e-07 0.0 4.358814538570821e-07 7.494647286346459e-08 4.0998165196922484e-07 1.5230481567644618e-07 6.666918163795056e-08 2.6327593303862037e-05 7.910244365794273e-06 2.7402663087387495e-05 0.0 8.052756965575596e-08 0.0 9.232175473020441e-06 3.3103466732702905e-07 7.834846543629163e-07 0.0 1.7252667676639852e-07 1.9586715275649316e-07 0.0 3.0121281839329687e-07 5.750585698084394e-08 7.087169779198654e-08 1.827723593375842e-05 2.244016144721079e-07 5.294189206970952e-07 8.034216556505387e-08 0.0 3.4261124078465386e-07 1.4564314309444038e-07 3.040093445140772e-07 3.1038464866854027e-07 2.765132927838344e-07 1.9026696563690868e-06 4.849092367368765e-06 1.8486899485717512e-06 7.32274025981274e-06 6.873935068033568e-08 1.745969106958896e-07 6.847482757845901e-08 1.1241055729333975e-05 3.5901512833939816e-07 1.2258698618079258e-07 0.0 7.72105299856533e-08 0.0 1.3211319738512e-07 2.1032016534795913e-05 1.3958089002693365e-06 1.4356133763105689e-07 9.54664340778585e-06 2.2826750340404303e-05 2.2760005403070175e-05 1.0433497980296845e-05 9.86605212256764e-07 1.5895981029379914e-07 2.331300138355287e-06 4.78789453139067e-07 1.6242089933908569e-07 2.9857646068626735e-07 0.0 7.905609771809048e-08 1.4378148335973038e-07 7.555061507782427e-08 0.0 0.0 7.09698611687541e-08 0.0 0.0 2.0824581195240236e-07 3.066052829613658e-07 0.0 7.775320529883555e-05 3.3995537476922386e-06 0.0 1.5228721342678265e-06 5.775323647675089e-06 4.4206744176908084e-06 7.074650536680469e-06 8.360366717158669e-06 0.0 1.7751892047681226e-05 1.283537647265269e-05 9.536267326896979e-06 7.200387251128702e-06 3.216859158687332e-06 2.1338695789058054e-05 4.360537961733587e-06 3.102420882902199e-05 9.702862581386116e-06 1.7866223268933897e-05 1.915847153162903e-05 9.24858306995474e-08 0.0 0.0 0.0 0.0 0.0 0.0 0.0 0.0 0.0 0.0 0.0 0.0 2.927319060220885e-07 0.0 0.0 0.0 0.0 0.0 1.2485884549081711e-05 3.1553190972979983e-06 0.0 0.0 0.0 4.469721104888192e-06 9.129794785838691e-07 6.6239013109856e-06 2.5618151834368077e-07 4.6177345847770904e-07 0.0 0.0 0.0 0.0 1.044918053952391e-07 0.0 0.0 7.216357682001258e-07 2.157007564408026e-07 0.0 0.0 2.3379354181069525e-07 0.0 6.111343407504587e-08 0.0 8.512849804751426e-08 0.0 1.5585844995657774e-07 1.3466833752382379e-06 2.1152792073047482e-07 5.868370989760395e-07 0.0 1.7429220733511223e-06 3.5153290639311303e-06 5.388707766852758e-07 5.6098482689328236e-08 0.0 6.919262496612912e-08 0.0 0.0 0.0 0.0 7.46222970444127e-06 2.516756171185697e-07 1.7026229520868012e-07 8.427159892648814e-08 0.0 1.292506021316212e-06 5.020128511610129e-07 7.705228331169002e-07 7.309739419787022e-07 3.818473057778633e-07 3.8332430934131005e-07 2.454222358361653e-07 3.241262290811384e-07 0.0 0.0 0.0 0.0 0.0 0.0 0.0 0.0 5.349054456139328e-06 2.531968866656878e-06 3.2908990937937276e-06
0.0002047671038354701 0.00029854691861431267 0.0022125001518821263 9.901606579686027e-06 8.861269747370597e-05 7.48936047961589e-06 1.4977105140519701e-05 0.0 0.00011060022840713762 4.5304282483494035e-06 0.000813713218364079 3.344173334916425e-05 0.00020660648790782034 0.0010865027954345668 1.7535812031513466e-05 5.019828949471046e-06 1.201235520703637e-06 2.1918732773404307e-06 5.649344131083694e-07 3.947345836351246e-06 6.506552641401104e-05 7.143082517139973e-06 4.963968033076157e-05 4.3723790853293824e-05 2.5368047009717325e-05 9.619530005405561e-05 8.578459098771938e-06 5.5352648999883845e-05 1.8384896290089076e-05 4.7832050537283406e-06 0.0015265585885119225 0.0022380403109021523 0.00041586068785778987 1.6183350454084136e-05 4.15333231658495e-05 1.4174453440675492e-05 0.00013136759737577316 3.3283910117639855e-05 3.888727566722159e-05 1.2766817702788182e-05 6.985590926858381e-05 1.7363038167316997e-05 4.177167930399412e-06 2.716576949379621e-06 2.4810577566155227e-06 2.857004439862417e-06 7.413920068798795e-05 1.509082039929022e-06 4.134579608259351e-06 6.115849319544216e-06 4.536547891899209e-06 1.8690797483063903e-06 5.225220491185641e-06 1.238267876827536e-05 4.7630895426050215e-07 6.146164640325871e-07 1.2144469804901529e-05 5.904831674259198e-05 5.116264593490551e-06 2.1382967845081077e-05 0.00030714859586065816 0.00017154481408782773 1.2374867890974598e-05 0.0005195357667828904 1.3323927471714808e-06 1.8029288740561605e-06 1.1722681214026823e-06 6.800716295474603e-07 8.01076834088314e-06 5.1290174312122914e-05 0.00013590557902938699 4.661119812501478e-06 1.3516787685687733e-07 4.869239709943354e-05 0.00012339200165301903 8.264497626793779e-05 8.996423081945583e-05 0.0001722290571201619 0.0010877930532312147 0.0015412311326539756 3.647693241938392e-05 0.002442133601177451 2.1110544510951515e-06 0.0 4.282449173954536e-07 4.792914792704556e-07 1.9086847343476726e-06 0.0 4.476444479700687e-07 0.0 3.212352922212174e-07 1.2842400853342375e-07 3.293253382384709e-05 3.589458508096539e-05 3.439517543207586e-06 7.560344566741901e-05 2.2754931545006778e-05 1.5216909888711661e-07 2.1402468415694158e-05 1.1433726191780106e-05 8.528514887717949e-06 1.4642721563139037e-06 9.038981555476184e-06 6.243512494316956e-08 1.7670979389273496e-05 1.1016617015659046e-05 1.1575498602714952e-06 3.7367401344284427e-06 1.8635937706041461e-06 6.109319286678383e-06 8.103254766381158e-06 2.0667051875269448e-05 3.5913025428710984e-06 9.119970364309986e-06 1.4008293562445417e-05 5.342017492758349e-07 2.0107464040730732e-07 0.0 0.0 2.949419932939127e-07 0.0 2.836937864431493e-07 5.676487488949607e-07 0.0 8.422914113016889e-08 1.3007254440577463e-06 0.0 1.3411485645815159e-07 1.2060663711480306e-07 0.0 6.875841505278635e-07 0.0 1.768031858502399e-07 0.0 2.0870443639637086e-05 3.0240285710855217e-06 6.116857189331726e-08 0.0 0.0 7.722696356446623e-06 1.800462390792478e-06 1.0015544001092758e-05 2.531204831798967e-06 1.8840012304461184e-07 9.593900297718357e-07 7.251619119763747e-08 7.195884340117723e-08 0.0 7.02051071454197e-08 1.0508273226902258e-07 7.380073527906301e-07 1.980278176826274e-07 9.804062928852773e-07 0.0 1.097241177713336e-07 7.139393679760102e-07 3.432012484244365e-07 3.1288753954663865e-06 3.3057562349606584e-07 0.0 5.068839586473821e-08 2.6735885711951554e-06 3.180531614959753e-06 0.0 9.21878042219711e-07 8.452823283773443e-08 2.3887491380095523e-06 3.8346401073967015e-06 0.0 1.518058500535542e-07 0.0 0.0 6.787430282025542e-08 0.0 2.4599422108227353e-07 1.8478056887210535e-07 9.612523951538227e-06 1.3680487688324415e-06 4.828002549313483e-07 0.0 3.83066188433886e-07 1.943938910161556e-06 2.8578006370958377e-07 1.8688983239581858e-07 7.032336876252589e-07 2.0872202707450046e-06 1.2508773254003965e-06 4.79827733350227e-07 4.287976149493216e-07 6.149578134678951e-08 0.0 0.0 0.0 1.4155984618304906e-07 1.6493321452859572e-07 0.0 2.573407859711223e-07 3.1612037089355765e-06 6.359896667899905e-06 6.574854969852781e-06
3.8484326133729434e-06 0.000977124882562828 0.00047599186472443907 1.2669423416665535e-05 0.00373879222470648 3.610107150607656e-07 0.0014510802722210478 0.00011060022840713762 0.0 5.013298878754401e-06 0.0008936457109775704 2.3520950877721484e-06 0.0004336785419257995 0.0007795340978693046 9.617468970845515e-07 1.3346601243505894e-07 5.7271263056581495e-08 0.0 0.0 0.0 0.0 0.0 0.0 0.0 0.0 0.0 0.0 7.302704197543385e-08 0.0 0.0 6.644293176293111e-06 1.7505284535302653e-06 3.1069434022558674e-06 0.0 0.0 0.0 1.5748586291304205e-06 3.742989238569114e-07 0.0 6.431300104710541e-08 0.0 7.39574852237826e-08 0.0 8.317960841338734e-08 0.0 0.0 2.5488956091040164e-06 0.0 1.235935257826309e-07 7.876562518109721e-08 0.0 0.0 0.0 0.0 0.0 2.0006575946239628e-07 4.6317652318393864e-07 1.273211418599159e-06 1.9648092529882586e-07 1.2083092750736832e-06 0.0 0.0 0.0 2.738455270139012e-06 0.0 0.0 0.0 0.0 0.0 7.240021631028974e-08 2.0726061480115905e-06 7.393266590576104e-08 0.0 2.594230121192426e-06 3.7771477739701867e-06 3.5947525957011162e-06 2.2841026958263433e-06 1.5852879228534263e-07 9.794865451948905e-08 1.8936112325332477e-06 0.0 3.146506568557373e-07 1.3177144781265874e-07 0.0 6.133807323580556e-08 0.0 0.0 0.0 0.0 0.0 0.0 0.0 8.996299298435756e-08 1.5464251425661647e-07 0.0 3.7767464796635088e-06 2.392459620646515e-07 6.670988748240942e-08 2.2889494922770214e-07 2.257777618438906e-07 1.9146869917155768e-07 6.321895577564991e-08 1.3652757102149753e-06 0.0 9.483328397464381e-07 7.208945357526942e-07 2.0153222968564569e-07 0.0 2.6445192072144765e-07 7.326250863127111e-07 1.172149772728709e-07 2.0421529853878866e-06 4.670695548789413e-07 4.449522657228966e-07 1.6642552009380045e-06 0.0 0.0 0.0 0.0 0.0 0.0 0.0 0.0 0.0 0.0 0.0 0.0 0.0 0.0 0.0 0.0 0.0 0.0 0.0 9.62596647809407e-07 0.0 0.0 0.0 0.0 1.0335005241986806e-06 0.0 3.3857213199240677e-07 0.0 5.9443380556913926e-08 0.0 0.0 0.0 0.0 0.0 0.0 0.0 0.0 0.0 0.0 0.0 0.0 0.0 0.0 0.0 0.0 0.0 0.0 1.3085088362618908e-07 0.0 0.0 0.0 0.0 1.1606703785267446e-07 0.0 0.0 0.0 0.0 0.0 0.0 0.0 0.0 7.797594477601652e-07 5.939773247788607e-08 0.0 0.0 0.0 0.0 0.0 0.0 0.0 6.74928207099243e-08 8.864954277868816e-08 0.0 0.0 0.0 0.0 0.0 0.0 0.0 0.0 0.0 0.0 7.057953819023883e-08 4.216600657396204e-07 3.62250886094795e-07
2.958555562157241e-05 0.0003302143849461544 5.332318303344107e-06 0.0006963624024763375 7.401551769910803e-05 0.0002352221987485233 0.0005564146254552913 4.5304282483494035e-06 5.013298878754401e-06 0.0 1.1908121052117042e-05 0.0021596291105462663 0.0019508798926381676 0.00018085006119648717 4.81896550577905e-07 3.2568436856330264e-07 0.0 0.0 0.0 1.022464952394078e-07 0.0 5.616689316511938e-07 0.0 0.0 0.0 0.0 0.0 0.0 8.648463315437373e-08 0.0 1.0127893326803422e-05 6.808295055375652e-07 4.3713090309838966e-05 0.0 0.0 0.0 2.0765856315014643e-05 3.7259775697148183e-07 1.132067136478835e-06 2.3262444919396284e-07 0.0 0.0 0.0 3.556385493423379e-07 9.976539615511304e-08 0.0 2.0840581165967777e-06 3.005859440628233e-07 9.02917813574077e-08 0.0 0.0 9.301013095222717e-07 3.7786861228850395e-07 0.0 0.0 1.5857259648911009e-07 1.2393851971038921e-06 6.705325328453452e-06 1.103459319889957e-06 8.654231508792381e-07 0.0 6.886211816622342e-07 0.0 3.152390131186738e-06 8.278353211147883e-08 0.0 0.0 0.0 0.0 8.074240004900126e-08 8.54811758360634e-05 8.353884387130221e-06 8.442504557678954e-07 4.622813617587181e-06 4.224955180499561e-06 2.856774242039582e-06 1.5125297135651552e-06 4.489809709491582e-07 0.0 1.8541888820661478e-06 0.0 0.0 3.2994049768862043e-07 0.0 0.0 9.788775797056565e-08 0.0 1.501865436595252e-07 1.616345649457678e-07 4.1247684777728476e-07 1.6930862778366416e-07 8.138911901937438e-08 6.715233102876993e-08 1.519904971280204e-07 1.197064366650805e-07 0.00016477283351224229 5.392891818299347e-05 4.961247572487491e-07 6.193150183195853e-06 6.0616320578891345e-05 4.320637095896483e-06 4.810962708640692e-06 2.1375358404393438e-05 1.1013312445127802e-05 3.212738591163015e-05 2.005488904685357e-05 2.3119504908248146e-05 1.2251584363340584e-05 1.2672551240127461e-05 6.661401116524311e-05 1.5171217967629224e-05 5.5748006812275545e-05 3.13250696456801e-05 3.594322521259325e-05 2.376191655897661e-05 0.0 0.0 0.0 0.0 0.0 0.0 0.0 0.0 0.0 0.0 0.0 0.0 0.0 2.7094130181540974e-07 0.0 0.0 0.0 0.0 0.0 1.3088729708044493e-05 4.97013230435525e-06 0.0 0.0 0.0 5.055293716387252e-06 9.581474903584394e-07 3.1261305897762984e-06 3.2613762662731964e-07 6.310382820576057e-07 0.0 0.0 0.0 0.0 0.0 9.476499029564333e-08 1.1269016145637865e-07 1.008014983224171e-06 2.6508527294799737e-07 0.0 0.0 0.0 6.090871525580935e-08 0.0 6.330928944163421e-08 0.0 0.0 2.6248144531007844e-07 1.2420986136564824e-06 1.2766729510396693e-07 0.0 0.0 6.934554170506538e-07 8.412409215000946e-07 1.568168595475861e-07 0.0 0.0 0.0 0.0 0.0 0.0 0.0 1.2990993834567149e-05 3.9952080148369786e-07 1.8504344816729828e-07 0.0 1.0575760142885536e-07 1.0425358644465812e-06 2.208944609888637e-07 1.1051077660018113e-07 6.388750330918668e-07 5.699819107849741e-07 1.7202514810282208e-07 2.463888536460749e-07 2.5890660916808137e-07 0.0 0.0 0.0 0.0 0.0 7.733110645026384e-08 0.0 0.0 1.099670826189154e-05 4.23412855725083e-06 2.17039868956145e-06
9.20931714986336e-05 0.0008491960710416266 0.0021159010342943554 2.3192728222904522e-05 0.0007104244651068126 6.746434521977346e-06 0.0003575077727398823 0.000813713218364079 0.0008936457109775704 1.1908121052117042e-05 0.0 6.117542029476839e-05 0.0004136214085150604 0.002459571880989076 6.186518975110085e-06 2.080264448690002e-06 4.134223448342113e-07 1.506656267917057e-07 1.2045101620572678e-07 2.1095459448417714e-07 1.0120587314444921e-06 1.4000836249577646e-06 1.8849952089856987e-06 1.3741088568335129e-06 1.3350729739693833e-06 8.128962670060459e-06 6.022918017233364e-07 4.7445411470135215e-06 5.064731583796844e-06 4.653374963238261e-07 0.0003735898191785335 4.711700660151026e-05 0.000639469318278927 6.60057650523159e-08 8.743186485993238e-07 5.674974375711705e-07 9.038589423769589e-05 8.53071180290727e-06 1.2551125127529983e-05 1.3864954322563468e-06 5.328500957050923e-06 1.6120299269328144e-06 2.1883426833901663e-07 6.730697322399827e-07 0.0 2.2498243517914137e-07 2.3499098090038286e-05 3.781942049715866e-07 1.0610870718126723e-06 4.917707567386405e-07 7.192388871720806e-07 9.960329789068649e-07 1.0709028633562863e-06 2.7832816621153323e-06 0.0 4.942791354437236e-07 2.38405552379422e-06 1.3047839697757196e-05 1.2501824115320872e-06 7.235482134504764e-06 2.2990894003220583e-07 1.6297874525222915e-05 2.2924204657914455e-07 2.6019606925887063e-05 2.946620324680814e-07 1.985426157593684e-07 3.056048427474856e-07 8.942523027937319e-08 4.228992039872136e-07 2.7594293404118163e-06 0.00010560745627235492 2.316173526444651e-06 5.997915339064957e-08 1.1263295000841926e-05 2.5997327710958148e-05 2.530562141777147e-05 1.4155677734737367e-05 2.388409280977681e-06 7.594497403432891e-07 0.0008409097411612147 7.18276741165222e-08 0.00011275761139752609 8.426195291746444e-07 0.0 6.381462481542577e-08 4.9243257277566204e-08 1.3051529832879193e-07 0.0 8.104376821253347e-08 6.472192499598977e-08 2.222027148187992e-07 7.625250431002174e-08 1.4665650936054938e-06 2.681061062238453e-06 8.67621877500264e-08 5.472726629960889e-05 1.3671872254168074e-05 1.4566731894866133e-07 1.0399227898553405e-05 3.65147471377288e-06 5.113242179132221e-06 4.1177187100029635e-07 9.816769246304637e-06 3.2013609383209856e-07 9.066979503563605e-06 5.723669455903784e-06 1.29059476620353e-06 2.856141425131656e-06 1.0123870223497308e-06 6.604949809655715e-06 3.595840730838673e-06 1.4140333021041895e-05 2.0992970697168285e-06 7.4778523296114775e-06 9.511768745840086e-06 3.13732628673658e-07 1.1066170941585328e-07 0.0 0.0 0.0 0.0 0.0 7.482264122903942e-08 0.0 0.0 1.89307796326035e-07 0.0 0.0 0.0 0.0 2.366231279119513e-07 0.0 8.762912274343772e-08 0.0 1.1319163642587502e-05 2.6052115230780863e-06 0.0 0.0 4.9004040147005625e-08 7.04294417152896e-06 1.6741533504408313e-06 6.5021799566488415e-06 1.3599757692527167e-06 2.396519444647332e-07 3.3433316009935096e-07 0.0 0.0 0.0 1.5307100262337002e-07 1.6349176909920342e-07 8.819009881057166e-08 1.914620428359402e-07 8.465767179956438e-07 5.47026745244461e-08 1.7596533650206563e-07 2.757001005359168e-07 7.369316759774143e-08 5.396090459548695e-07 7.40641001460987e-08 5.780796053157675e-08 0.0 4.086030875527459e-07 2.1402196479240427e-06 0.0 3.100017011910667e-07 1.1737947690094308e-07 1.9026945027234025e-06 1.6099037927615574e-06 0.0 5.956960219974113e-08 0.0 0.0 0.0 0.0 0.0 0.0 7.289221797860938e-06 8.791440431195593e-07 2.6090090355458885e-07 0.0 1.1252137927931457e-07 1.2947592368844502e-06 3.7811882778352113e-07 8.022597979461185e-08 7.636953361284095e-07 1.4506746252764894e-06 8.88326877166518e-07 3.3458929654278493e-07 1.2301299166031527e-07 5.4245890927673144e-08 0.0 5.547484406253751e-07 0.0 0.0 0.0 0.0 9.132203719646665e-08 2.7760604572042993e-06 3.295701161399378e-06 4.604015682408018e-06
