0.0 0.0024583783889498305 0.0013338368338664307 0.0008865205984856946 0.000156501362854821 0.00011959514660569335 0.00020770882432946612 7.202972930642856e-05 1.1320552330484926e-05 0.0007863921716266331 6.472789308704638e-05 0.0002758886595877186 6.056553272445857e-05 1.461916734869811e-05 1.1835566228158845e-06 8.57663618084372e-07 1.6769027869550547e-07 2.3764200711678533e-07 1.0421107485574282e-07 0.0 9.955897573518299e-08 0.0 0.0 1.2827757011410736e-07 0.0 7.833267509306155e-08 0.0 2.7679186785514543e-07 0.0 0.0 0.0006536134983118166 3.275964510676561e-06 5.070305258208611e-06 7.011366210143694e-08 0.0 0.0 5.098914210361429e-06 1.5971495914647048e-07 3.290704221241377e-07 0.0 0.0 1.659432399736151e-07 0.0 1.7566874034730163e-07 0.0 2.9341540216525744e-07 2.9627558582148637e-05 4.586066564724122e-06 7.453492318100555e-07 3.0330030360143284e-07 3.3206694079074946e-07 1.906912460779581e-07 0.0 0.0 2.5513583465898104e-06 2.918481349178248e-06 0.00011193542308885746 0.0003624437242198201 3.901045175144798e-05 3.561334972343166e-05 2.5487431052288786e-07 2.372922437408141e-06 0.0 2.8953990031094783e-05 4.487076853983171e-06 4.11958965150632e-06 1.7237953687954853e-06 2.1871206996878102e-06 1.4596074455578564e-07 1.6778645307625503e-07 2.571097746215481e-05 2.8438269698776715e-06 1.0627755122396046e-06 0.0002163844155395738 7.389258187089091e-05 2.758658617682267e-05 2.1467007371061923e-06 1.4334314217978477e-06 1.1062368646088102e-06 1.5813080975369372e-06 0.0 1.8019502162573232e-06 1.5467979692890794e-05 2.5232913627833193e-07 9.378803133781184e-06 3.80071586173279e-06 1.7885491420634115e-06 2.1997781547295636e-07 1.5713731650671535e-06 3.013505726234546e-07 5.065781801864e-07 8.062490710667418e-08 0.0 0.0 5.28851014071922e-07 9.912093001749472e-05 3.1101183421510754e-05 2.415805057053514e-07 3.294903467020476e-06 0.001240027738623208 0.0 2.653366440535419e-06 1.0956469747241788e-05 2.4024454751845778e-06 0.0 2.587499093030791e-05 2.3334324958225255e-06 9.675956573112709e-06 1.1703631522627913e-05 2.837478300951324e-06 1.0904515084002434e-06 2.5950021598604136e-06 9.783606232682111e-06 2.060510538772321e-06 1.2369804114093644e-06 0.0 0.0 0.0 0.0 0.0 0.0 0.0 0.0 0.0 0.0 0.0 0.0 1.3256810847588052e-07 0.0 7.902346431404875e-08 0.0 0.0 0.0 0.0 0.0 1.0005145389195502e-06 0.0 0.0 0.0 0.0 6.013173300538166e-07 8.106371980513737e-07 9.321022396620114e-08 0.0 0.0 0.0 0.0 0.0 0.0 0.0 0.0 0.0 0.0 0.0 0.0 0.0 0.0 0.0 0.0 0.0 0.0 0.0 0.0 4.8582869570935876e-06 0.0 0.0 2.2344813601623666e-06 1.0735901210532397e-07 0.0 0.0 0.0 0.0 0.0 0.0 0.0 0.0 6.943011628532733e-07 0.0 0.0 0.0 0.0 6.802242312314209e-06 9.654473939608979e-07 2.4713009470300605e-06 0.0 0.0 0.0 0.0 0.0 0.0 0.0 0.0 0.0 1.2512978671513226e-07 1.0393525622315198e-07 0.0 0.0 1.0883195413794458e-07 5.884139507356869e-07 7.079235038052831e-08
0.0024583783889498305 0.0 0.0012325728663243455 0.00017618387324841924 0.0021269705583035693 8.975751171353865e-05 0.0006070714968354957 0.0007437669534181677 0.00026518395258166643 0.00038186074529157393 0.0012968675655264147 0.00048228472943135086 0.0007775023542586195 0.0006759960525085448 7.923911303974846e-06 6.060784601401907e-06 2.3204837779142712e-07 2.190314034700827e-07 5.5607331071276703e-08 2.3046135553444966e-07 3.4981464372698724e-07 0.0 2.6959021566508943e-07 7.001777766990639e-07 2.669921996546999e-07 8.09640755014892e-07 1.9715990664233209e-07 6.675961237844975e-08 0.0 8.680577058531319e-07 0.001441609093368273 3.18572931777291e-05 2.7137067600502976e-05 6.091939603564268e-08 6.325704829854822e-07 8.06585826373975e-08 1.2009789263948126e-05 1.1426090650849397e-06 9.731611083064049e-07 3.3375929153953417e-07 3.2211196632086725e-07 1.1609293526381001e-06 1.0091212731903141e-07 4.921307384343558e-07 2.414434839887061e-07 7.406048045738964e-08 9.594290671384448e-05 7.368570570674592e-06 8.960567172784218e-07 4.1445651434836424e-07 9.723820916802017e-07 0.0 0.0 8.076649108552086e-08 3.0859448284111696e-06 4.118850612368356e-06 8.6822668097966e-05 0.0004109795432339299 3.898159453175571e-05 5.455359138264803e-05 9.9852428014155e-07 3.6817788814454546e-06 2.6060576632190746e-07 7.641162886824625e-05 6.983294167019197e-06 7.720055629604346e-06 4.623362170620195e-06 2.48499657412651e-06 6.70163038303149e-07 1.5921953060846168e-07 6.849499691693484e-06 0.0 7.913230178313919e-08 0.00024124594902979023 0.00014009310322999895 5.5336501488385574e-05 8.407902339404977e-06 4.806539441860565e-06 1.8809478744991457e-05 0.0001018619767172352 2.9847734864903346e-06 1.2354458462917052e-05 1.8245386397488223e-05 0.0 1.0984096055574021e-05 7.132995002055106e-06 3.7474658473987984e-06 8.61522268208419e-08 1.1832970235875663e-06 8.248285436350511e-08 7.73251619137439e-07 8.964172425042829e-08 6.743962199755352e-07 3.1567079767632113e-07 9.790603322739478e-07 2.1985831390828358e-05 2.5019141761180184e-07 0.0 1.3383241725208888e-06 0.0007702407444518392 1.65005982081799e-07 3.9979890675117865e-06 7.143688086641986e-06 1.01137395376352e-06 9.529358366322909e-07 5.2610158012946944e-05 7.854015210299633e-07 2.6492497935962895e-05 1.64654830855015e-05 7.5016456524012635e-06 9.889956825073008e-06 1.0887906449531784e-05 2.0383105484148798e-05 9.574122620301113e-06 5.906869236120926e-06 2.7932368076630245e-07 0.0 0.0 0.0 0.0 0.0 0.0 0.0 0.0 0.0 0.0 0.0 0.0 0.0 0.0 1.7251843616532037e-07 0.0 0.0 0.0 8.162017732815201e-07 6.738405648426042e-07 0.0 5.926372682172955e-07 0.0 3.4257750530292166e-06 1.6543064170797546e-06 5.588688549244804e-06 1.1646853489039523e-06 0.0 0.0 0.0 0.0 0.0 0.0 8.502869134913313e-08 0.0 0.0 0.0 0.0 0.0 0.0 0.0 6.366650866831699e-07 0.0 0.0 5.5488043595639555e-08 1.499271551946807e-07 3.3138719922674003e-07 0.0 0.0 1.2287868015197238e-06 1.0774763376554845e-05 0.0 0.0 0.0 0.0 1.1846958214627513e-07 0.0 0.0 0.0 0.0 3.292308054635727e-06 7.058881904690461e-07 0.0 0.0 0.0 9.545781610813318e-06 2.1848943512375563e-06 1.1859803858547077e-05 0.0 4.730514644204281e-07 0.0 0.0 0.0 0.0 0.0 0.0 0.0 0.0 0.0 0.0 0.0 3.577076023127599e-06 1.143156406367815e-06 5.891489755563008e-06
0.0013338368338664307 0.0012325728663243455 0.0 2.1351853861208276e-06 0.0008049843446098075 8.956884184548249e-06 6.599713680783848e-05 0.004182889605460683 8.08806658569924e-05 3.7793471782721367e-06 0.001846401969630177 3.543907306478885e-05 0.00015306367917907086 0.0008821841192323431 1.0727459960340392e-05 1.6972507893997146e-05 8.488679375174338e-08 6.877603936933283e-07 6.254021216996344e-08 4.791688840512801e-07 8.208014004694335e-06 2.9369981276246083e-07 1.625137103148928e-05 3.5427275190834873e-05 3.9782254660023235e-06 6.039437344596806e-06 1.7641592262032236e-05 1.6147875279108852e-06 2.152302715785592e-06 1.9601334275274244e-05 0.005153490841162276 0.0011403744165601765 0.00010960045018751161 2.6732257016178344e-07 9.689590192497603e-06 4.4962477110875275e-06 4.9927227048227446e-05 2.0566817072626517e-05 1.5185708151670693e-05 9.851651349716412e-06 1.9600305712965087e-05 1.9941732261884447e-05 4.47175662366056e-07 4.460195360103963e-06 8.425849746345143e-08 1.1369387649018094e-06 6.717916284494181e-05 5.558591826227878e-06 7.746501862367156e-07 1.9067413670710357e-06 3.356825797404708e-06 8.746348488467365e-07 3.279535495671354e-07 1.4396237725911578e-06 1.7324800461501867e-06 2.1965925299988405e-06 9.74947717877548e-05 0.0005270130677429949 3.619381449146933e-05 4.103199670108662e-05 1.67935269335397e-05 3.580920601838527e-05 1.4479535935230958e-06 0.0002476801920242162 5.744742029653492e-06 7.2950964444633635e-06 2.5594337282060623e-06 3.34139154011372e-06 1.0172534771609635e-05 1.1855589884531114e-06 5.9480345593252156e-05 2.0082600089829464e-07 0.0 0.00022329498625890982 0.0001879018573579833 5.703728532736277e-05 8.868882655691166e-06 1.4047491527304687e-05 0.0006956667178019704 0.0012898797580394392 5.781573819760693e-05 0.00027180250264925796 1.4213442436139277e-05 0.0 9.127165609232849e-06 4.6490231321379354e-06 3.8987884216726645e-06 1.3871608520401858e-07 9.373594923893206e-07 0.0 6.996038784346587e-07 2.0389272277989517e-07 1.0353845438537924e-05 9.26108356150455e-06 2.3182847083599288e-06 4.619949094928746e-05 8.918183928536626e-06 0.0 7.963706881623961e-06 0.0005998483935749794 5.695715593163674e-07 3.0847567466929086e-06 4.266545241419218e-06 2.296540895700505e-07 1.4881219038519287e-06 2.3288713117589225e-05 1.250504471410788e-07 1.4679647436162948e-05 9.200663026058891e-06 2.256403130634296e-06 1.0771056346203025e-05 8.082003186566552e-06 2.377800422947111e-05 1.0537437798713307e-05 1.4112378902071944e-05 5.722281036476819e-07 1.4584451338161025e-06 0.0 0.0 1.1858138419819676e-07 0.0 0.0 0.0 0.0 1.9138583422544756e-07 8.31059475426484e-07 0.0 2.998810093868352e-07 0.0 0.0 7.275035378724511e-07 8.88986317407285e-08 1.570678707100946e-07 7.857129738298386e-08 3.8108929077177863e-06 5.125597816857321e-06 0.0 1.2426822805533815e-06 2.607923752723362e-07 2.001080811288838e-05 1.5919329730493755e-06 2.449272693003312e-05 3.028744326976006e-06 1.912450822233396e-06 1.7949890680684474e-06 1.8005358913055925e-07 0.0 1.2690670263297676e-06 3.61153758843167e-07 2.1401063095887362e-07 3.3267085767531974e-07 6.391546439336531e-07 0.0 0.0 3.89676838688507e-07 4.651746151765709e-07 5.975917074479901e-07 2.879819685999414e-06 2.1504335906905013e-07 0.0 0.0 4.985228819915636e-07 9.535978439552925e-07 0.0 8.441371260599066e-07 2.1181003059100148e-06 4.622250823666881e-05 1.0779093348010408e-06 0.0 4.305543056337522e-07 0.0 0.0 0.0 3.015146010387858e-07 0.0 2.721925631617712e-07 1.4624764475166086e-05 8.398686120041167e-07 3.403843353275868e-07 0.0 3.9233683282379484e-07 2.6184321337403953e-05 8.069351577847825e-06 2.8191780506643967e-05 6.990606023581805e-07 3.4102133245938176e-06 4.4578989445373327e-07 3.9700700939056084e-07 1.4491526755596868e-06 3.9709382847099884e-07 0.0 0.0 0.0 0.0 0.0 7.77844710633263e-07 0.0 1.2025261847792004e-05 1.0617571555512286e-05 1.5527451236377255e-05
0.0008865205984856946 0.00017618387324841924 2.1351853861208276e-06 0.0 7.74353929261196e-05 0.00042221657520665504 0.0002948360664957047 8.567203541015906e-08 3.662774361074055e-05 0.0009930558269474433 8.473483432472063e-06 0.00113019775907163 0.00020957271688852117 2.9719892112105813e-06 4.193789053143606e-07 0.0 0.0 0.0 0.0 0.0 0.0 0.0 0.0 0.0 0.0 0.0 0.0 0.0 0.0 0.0 2.5311778590519065e-05 8.002663535587829e-08 0.0 0.0 0.0 0.0 3.7329297995323556e-07 0.0 0.0 0.0 0.0 0.0 0.0 0.0 0.0 0.0 6.835865977631291e-06 8.342036729228729e-07 2.809590712868772e-07 0.0 0.0 0.0 0.0 0.0 3.529124493483328e-07 1.3903244938862426e-07 1.0260644924911894e-05 3.5304361414992734e-05 5.144081120962211e-06 9.060599079364939e-06 0.0 0.0 0.0 5.990311810564723e-06 7.405355422145365e-07 4.694192409671119e-07 3.612683361233279e-07 2.802010434337324e-07 1.0164107149030927e-07 0.0 6.005211294983883e-07 0.0 0.0 3.7164561991468646e-05 1.4665986543799474e-05 4.279559410925668e-06 3.1485394563570136e-07 2.2117403352134304e-07 0.0 8.166191344716404e-08 6.936138589402454e-08 0.0 2.626209346964868e-06 0.0 9.70756695531687e-07 8.122532625689011e-07 3.8904115757112653e-07 0.0 1.3780953826009468e-07 0.0 8.243845071167809e-08 0.0 0.0 0.0 0.0 1.242537597076557e-05 0.0 0.0 0.0 0.0002770255083440985 9.248587756111068e-08 2.9673812908832706e-06 5.180986792497353e-06 1.336840200583284e-06 1.3084004190064366e-06 3.06277885033644e-05 1.3832654848772823e-06 5.986553760985015e-06 2.546776158368087e-05 3.73833117477351e-06 9.566241090448432e-07 6.583581085236849e-06 1.3904478027800276e-05 2.170038903595703e-06 7.964051293957516e-07 0.0 0.0 0.0 0.0 0.0 0.0 0.0 0.0 0.0 0.0 0.0 0.0 0.0 0.0 0.0 0.0 0.0 0.0 0.0 0.0 7.049967327191731e-07 0.0 0.0 0.0 2.5830502518631627e-07 0.0 7.886872492492198e-07 0.0 3.9824451857466847e-07 0.0 0.0 0.0 0.0 0.0 0.0 0.0 0.0 0.0 0.0 0.0 0.0 0.0 0.0 0.0 0.0 0.0 0.0 0.0 6.621869258317599e-07 0.0 0.0 4.999408579365215e-07 0.0 0.0 8.0285583677787e-08 0.0 0.0 0.0 0.0 0.0 0.0 1.1662836910151333e-07 0.0 0.0 0.0 0.0 1.7853438777110985e-06 0.0 0.0 0.0 3.639840182606604e-07 0.0 0.0 0.0 0.0 0.0 0.0 0.0 0.0 0.0 0.0 0.0 4.291362172595053e-07 0.0 0.0
0.000156501362854821 0.0021269705583035693 0.0008049843446098075 7.74353929261196e-05 0.0 1.2172142642641053e-05 0.0007713886774047159 0.0004313935598196919 0.0006140023016314944 0.00019294652327068434 0.001828321016576898 0.0001117932922776184 0.00020405224182212957 0.0005461283523315492 1.2334909950472124e-05 1.0545646704903582e-05 2.8059921471941866e-07 6.92848215482103e-08 1.0961041453503375e-07 1.760762255119825e-07 0.0 0.0 1.874322405254994e-07 7.349415637666494e-07 1.9932424738103302e-07 2.764435796697927e-07 4.80542201899178e-07 0.0 0.0 7.951678450702218e-07 0.00015691464850096703 3.157868613900292e-05 6.193139656375118e-06 0.0 3.2350151540769913e-07 0.0 2.550976803004235e-06 7.467018449167829e-08 5.494969428895237e-07 1.7462813035223255e-07 5.302932096526645e-07 1.3343707090022229e-06 0.0 4.908095463552406e-07 0.0 6.99418642305022e-08 9.59342529367923e-05 5.301741198158827e-06 3.8492394966901723e-07 3.834245098281768e-07 1.3856466070371832e-07 1.0119543729266874e-07 0.0 1.9165123243814674e-07 1.6722086215284125e-06 1.466876478396014e-06 1.6399077572127443e-05 6.182659489784027e-05 1.2625892299980622e-05 2.7549602733806198e-05 9.386278367852712e-07 1.2307924276063321e-06 2.2171368227391797e-07 4.269701600806011e-05 3.419396324061387e-06 2.767836753103754e-06 1.3917359548497688e-06 1.933181031596436e-06 5.427271493505391e-07 0.0 5.170521087271494e-06 0.0 0.0 8.200735354418105e-05 6.545789502857916e-05 4.0740278247436335e-05 9.980537919702421e-06 4.3129780111369305e-06 4.288625259074091e-06 1.0324764940195016e-05 1.1977939164747808e-06 7.8696657105347e-06 7.575264492859437e-06 0.0 4.606545092247722e-06 2.3621688599464448e-06 9.740890049805788e-07 6.951370982863694e-08 7.371498939440073e-07 7.394273148781258e-08 1.6216953313607923e-07 1.663844065863502e-07 3.368833878625146e-07 5.224492548518385e-07 1.3987262754804765e-07 2.1386494828153616e-05 8.228202133281765e-07 0.0 2.931128727005307e-07 4.2365015477475176e-05 5.698649642566914e-07 2.218216522622837e-06 4.4665284131938e-06 1.2438097214635511e-06 3.2998411957084264e-06 5.645262974574267e-05 6.379568045365723e-07 3.0537086257300086e-05 1.672240517717704e-05 2.7416382849072613e-06 1.2519268462996115e-05 1.778310865312422e-05 2.8188561176795864e-05 1.212793029812526e-05 8.935346928162054e-06 0.0 6.204875179412345e-07 0.0 0.0 0.0 0.0 0.0 0.0 0.0 0.0 0.0 0.0 0.0 0.0 0.0 0.0 0.0 0.0 0.0 2.3398916176493276e-06 2.8368991599316527e-06 0.0 3.446819508172364e-07 1.507102547792742e-07 8.472943961239418e-06 7.426867583130786e-08 1.1956290124061682e-05 1.6493224622020303e-07 0.0 1.0128057585110264e-07 0.0 0.0 9.463807120273395e-07 0.0 8.929126558806453e-07 0.0 1.5065799291187858e-07 0.0 0.0 0.0 1.2983552052387982e-07 7.305394837155185e-07 4.3151152268303264e-07 0.0 0.0 0.0 1.1636276378222921e-06 1.9535832788061104e-07 0.0 0.0 0.0 1.9348966776939034e-05 4.80030790650137e-07 0.0 0.0 0.0 0.0 0.0 0.0 0.0 0.0 8.997042618851641e-06 8.38913791473892e-07 0.0 0.0 0.0 2.2206157032934843e-05 7.643034584183502e-06 1.3515544547901358e-05 2.0191215659007383e-07 5.376654052394832e-07 1.0008830466249314e-07 0.0 0.0 0.0 0.0 0.0 0.0 0.0 1.4626933928478773e-07 0.0 0.0 6.9209294510520446e-06 1.348071188310093e-06 2.0591251436518513e-06
0.00011959514660569335 8.975751171353865e-05 8.956884184548249e-06 0.00042221657520665504 1.2172142642641053e-05 0.0 6.704495640503185e-05 8.397950477451198e-07 6.260402786283054e-06 0.0004725926717118261 2.0798086475213057e-06 0.00017611193171093712 4.230255906654685e-05 1.7421170646734247e-06 0.0 2.834251485679508e-07 0.0 0.0 0.0 0.0 0.0 1.1684333745249462e-06 0.0 0.0 0.0 0.0 0.0 0.0 2.1901727288365366e-07 0.0 1.5484219044485705e-05 3.0134550738811827e-07 9.286418910049333e-06 2.0573187067613784e-07 0.0 0.0 1.896400897421936e-05 3.7162220971060935e-07 2.876661150810011e-06 4.6558439626567985e-07 0.0 0.0 0.0 0.0 0.0 0.0 2.2661773543114407e-07 0.0 0.0 0.0 1.114974750603867e-07 3.936379349724306e-06 5.64985107065926e-07 0.0 7.636255299245593e-08 7.076557564121769e-07 4.010789494738239e-05 2.2417086580649784e-06 2.61854987087531e-06 1.423562615501994e-06 5.356872888246961e-07 1.6472646570906604e-06 1.7986753640924452e-07 4.369126671482787e-07 0.0 7.782062477227257e-08 0.0 0.0 0.0 0.0 9.933732803114968e-05 0.00012080577341423936 1.3775143249577644e-05 3.008004703139344e-06 4.923300755637665e-07 1.8685008166701765e-07 0.0 0.0 0.0 9.305994624464866e-07 0.0 2.7142526403441492e-06 2.1344357312910487e-07 2.8296736372283404e-06 1.0257973770690338e-07 1.3611762598553715e-06 0.0 3.019241401090569e-06 5.303908373299078e-06 7.210926233578438e-06 1.4391968489941405e-06 1.9817908820664946e-06 0.0 2.2461653550812428e-07 3.5661624883742994e-07 0.000173660082113777 0.0002518245882338171 1.1069667934239665e-05 1.7269101192858844e-05 0.0001750249273555459 0.0 2.2181727817120816e-06 0.0 3.5265895088827555e-07 0.0 4.336353273374483e-06 1.4814265385022678e-07 6.435849555709868e-07 9.212728434382065e-07 0.0 6.02435587266273e-07 2.486904866035493e-07 1.0752345355035902e-06 5.008872640220642e-07 1.4017847545199936e-06 1.5827627254301118e-07 0.0 0.0 0.0 0.0 0.0 0.0 0.0 9.66168728444509e-08 0.0 0.0 0.0 0.0 0.0 0.0 0.0 0.0 8.031224125394379e-08 0.0 0.0 0.0 0.0 0.0 0.0 0.0 9.729338354573419e-08 3.290526938004605e-07 2.8532115609777627e-07 1.5520070425156505e-07 0.0 0.0 0.0 0.0 0.0 0.0 0.0 0.0 0.0 0.0 0.0 0.0 9.47998202621638e-08 0.0 0.0 0.0 0.0 0.0 0.0 0.0 0.0 1.348853826342869e-07 0.0 0.0 0.0 0.0 1.208736872197814e-07 0.0 1.4721263877155516e-07 7.486743280324577e-08 0.0 0.0 0.0 3.4282577875970564e-07 0.0 0.0 0.0 0.0 0.0 4.2238567871559604e-07 7.618235842883162e-08 0.0 1.1965885916539845e-07 0.0 0.0 0.0 0.0 0.0 0.0 0.0 9.681913905270675e-08 0.0 0.0 0.0 1.1387724806881936e-07 1.3716737766526877e-07
0.00020770882432946612 0.0006070714968354957 6.599713680783848e-05 0.0002948360664957047 0.0007713886774047159 6.704495640503185e-05 0.0 0.00011741189872221997 0.0009363027802359758 0.0005989255782135307 0.0005564795619423318 0.0008479516450252188 0.0020585848607625823 0.0003995453296852963 1.360033588918674e-05 1.4219401721016477e-05 4.4511649035122526e-07 2.9852533110264956e-07 0.0 0.0 8.116261497468096e-08 1.0885356423075808e-07 8.225908457439388e-08 3.393173044496009e-07 0.0 2.015743065766058e-07 6.590655396463776e-07 1.1029947589536886e-07 0.0 0.0 9.767243760956272e-05 1.5273138622582256e-05 1.4327120489094632e-05 0.0 0.0 0.0 8.37790485002893e-06 4.5085112967432315e-07 1.222989107117486e-06 4.973675763697137e-07 1.0519793181600428e-07 4.0897465748827267e-07 1.031462393075581e-07 8.097475155008008e-07 7.335149544357619e-08 3.0791178616200593e-07 7.19824914187376e-05 3.6418964137079275e-06 4.442352459146591e-07 3.809511778992968e-07 1.4953464087743083e-07 0.0 6.849672181892145e-08 0.0 9.031455141316383e-07 9.642078728842505e-07 1.625189501114937e-05 5.083431722088923e-05 1.0306079145023291e-05 2.2402337520701983e-05 9.861519635287134e-07 2.043085111434358e-06 0.0 2.636661164806601e-05 2.5873714538341793e-06 2.8134427829207464e-06 1.51260425729834e-06 1.108826880387687e-06 3.6560976353170444e-07 0.0 1.7821915231739253e-05 1.064723828975474e-07 0.0 6.580362470202333e-05 5.2521083204510346e-05 3.787640091627159e-05 9.086124374234841e-06 6.171335392262194e-06 2.8031248689539547e-06 8.486514206009301e-06 6.709623277053595e-07 5.420636733459836e-06 6.56004146913076e-06 0.0 3.343419569215495e-06 2.00582774924854e-06 1.6988139476525004e-06 0.0 9.099151774893403e-07 0.0 4.715743625041142e-07 9.529397657400757e-08 2.8934859808860947e-07 7.319093162554571e-07 8.603173220968063e-08 8.786608548196827e-05 1.8608164404517692e-06 0.0 2.5115678400933604e-06 8.250036307727692e-05 1.4481763277792821e-06 1.9675085042627068e-05 2.625066172463301e-05 1.8324718989091066e-05 1.1108245997366128e-05 0.0001868023370013478 8.671996822068776e-06 8.665149078345062e-05 6.757216859653121e-05 1.8639085766782838e-05 4.6114367113173166e-05 5.3687374286271894e-05 9.652213176553359e-05 3.4187344060900846e-05 2.8836767964339344e-05 3.885507173431511e-07 0.0 0.0 0.0 0.0 0.0 0.0 0.0 0.0 0.0 0.0 0.0 0.0 1.353615857638754e-07 0.0 1.1126465175484485e-07 5.215462168851978e-07 0.0 0.0 3.2508312508201057e-06 6.287087292213258e-06 3.901431717099869e-07 5.448076592609573e-07 0.0 2.1909207380565645e-05 4.547792196776595e-07 2.092514928236342e-05 6.055613581939266e-07 0.0 0.0 0.0 2.5099160644832454e-07 0.0 9.296660153158353e-08 0.0 0.0 4.835794850590515e-07 5.493088546063448e-07 0.0 0.0 0.0 0.0 8.443108233940924e-07 0.0 2.9396871995244317e-07 0.0 1.5868118662737234e-06 1.194432653525304e-06 2.785475109680435e-06 0.0 6.660162674153615e-07 4.121639590117857e-05 1.1944426715666871e-06 8.60543245794402e-08 8.599821052956331e-08 0.0 0.0 0.0 0.0 0.0 1.466020057162995e-07 2.7424511415659892e-05 1.4889683188782265e-06 5.552112857672902e-07 1.1287368056581278e-07 1.7389660622463858e-07 5.6586830877806725e-05 7.240024389237053e-06 2.5685802562040102e-05 1.6154231380202931e-06 1.908081831897219e-06 1.7920406158815517e-07 5.166860999106497e-07 5.801994645022777e-07 0.0 0.0 2.0519119230796893e-07 3.3153467094993205e-07 0.0 7.258020685165948e-08 0.0 0.0 2.1220243472754812e-05 7.256104398942784e-06 1.5648812985057957e-05
7.202972930642856e-05 0.0007437669534181677 0.004182889605460683 8.567203541015906e-08 0.0004313935598196919 8.397950477451198e-07 0.00011741189872221997 0.0 0.00067087558518335 3.15937412492274e-06 0.00180988083422875 0.00015148229148751458 0.0007527132553438214 0.001231768821275639 3.653215331789937e-05 3.212296146333242e-05 7.967967206093648e-07 3.4361163818747776e-06 6.338149450335153e-07 8.558206582434988e-06 4.52552063925937e-05 0.0 2.8135034539072266e-05 4.006977496851799e-05 2.7894195611039877e-06 5.071867043048872e-06 1.1428001800829252e-05 2.438121797535059e-07 8.048332431129369e-07 1.1913430877873761e-05 0.00025168392102706234 0.001416379639734057 0.00022240747520904623 9.852664012157164e-06 1.3203629959514807e-05 1.4153261404665866e-06 9.34731686818649e-05 1.2725695904096692e-05 1.4666067954439374e-05 9.772433211129777e-06 4.3764191635796956e-05 2.959922547229773e-05 3.228715604915279e-06 4.412878368940457e-05 3.658144286259479e-06 2.8780979397254194e-05 0.00010681098905123996 1.527333328502017e-06 1.92372241468553e-06 1.4886401549438732e-05 1.1171332627715328e-05 7.564707074920404e-07 1.0459041127685475e-07 4.838903934644748e-07 5.698260578053638e-07 6.628808453208464e-07 9.818511716157835e-06 3.853357191588624e-05 6.522038955204055e-06 1.1229989916869478e-05 9.988133901646875e-05 6.114369807092547e-05 5.247333931401088e-06 3.972636893036306e-05 2.409664944458276e-06 2.7784821380854397e-06 3.0008764081017e-06 8.558312360643949e-06 5.7080789314101834e-05 2.3583712299314066e-05 3.618764724199413e-05 7.405335599086514e-07 1.5189956730238345e-07 3.2443763563345704e-05 3.692137600735092e-05 3.5361286074125986e-05 1.5562553997751202e-05 0.00024267002992064529 0.001456314532888091 0.0012778005581218991 0.0003423331880730499 0.00046114630418425895 2.637635849225261e-06 0.0 2.686890386990483e-06 2.711267346854446e-06 1.0082175890511282e-05 6.87300540149294e-08 1.5023731209906685e-07 1.7322145059215436e-07 9.40716832148344e-07 2.1199684487281592e-07 8.074589357822281e-05 2.5736309230714334e-05 3.037554487251902e-06 2.2218509419976874e-05 1.2685840715255079e-06 0.0 6.043250011141649e-06 1.5877125633442205e-05 1.2611931830900589e-07 0.0 3.34521377498279e-06 0.0 2.610129473357749e-06 2.4547413696003334e-05 1.230313283563237e-06 1.2062385016745393e-05 5.490940572662295e-06 1.719914481341539e-06 3.8925543714477945e-06 5.0180368462449536e-06 1.0620618069708517e-05 7.728026304048545e-06 5.786784630907379e-06 1.572849835018304e-07 3.469894022061821e-07 0.0 0.0 0.0 0.0 0.0 9.386276947693275e-08 4.387557500696366e-07 0.0 1.231548621086867e-06 0.0 1.5424850746590534e-06 0.0 3.6761977436058386e-07 8.589497203906548e-07 2.826762866605256e-07 0.0 1.057962994275624e-06 1.7951341610245776e-06 5.841022638329183e-07 1.0032448901204328e-07 1.1083837669730526e-06 2.3821649711429055e-07 5.130941160833356e-06 1.0195494092816504e-06 8.624799077551326e-06 1.4644848766429117e-06 8.720318445263135e-07 9.627397653110568e-07 8.590156986313095e-07 2.2731561953200076e-07 7.633965883881536e-08 0.0 3.10239214460409e-07 2.3388070892235726e-07 1.1055095062822406e-07 1.9622364286212418e-07 0.0 3.199952482620576e-07 1.099751588178987e-07 1.7561311092683376e-06 1.738009933986009e-06 0.0 0.0 0.0 0.0 0.0 0.0 5.874640238381991e-07 7.01803545639432e-07 1.1191214599514123e-05 5.68145026910783e-07 0.0 0.0 1.3099980273685735e-07 2.3266570334804434e-07 8.691105351367172e-08 1.9772321288424663e-07 2.5119725736991255e-07 3.641315077358455e-07 5.511794010443419e-06 8.057476009337816e-07 0.0 0.0 7.52337078996405e-07 7.779818163760085e-06 1.2092584139175277e-06 7.488538219840916e-06 3.095580053983114e-07 4.513273860598907e-07 0.0 9.592826711860285e-08 2.905458398352593e-07 0.0 0.0 0.0 0.0 1.978578084951818e-07 8.659032825611879e-08 3.2524513982960236e-07 8.776628536316016e-08 2.6142557229416264e-06 1.0982962028674445e-06 3.5571767313009665e-06
1.1320552330484926e-05 0.00026518395258166643 8.08806658569924e-05 3.662774361074055e-05 0.0006140023016314944 6.260402786283054e-06 0.0009363027802359758 0.00067087558518335 0.0 9.182401595830264e-05 0.0014703720365039448 0.00013122441339645578 0.0012224126463114696 0.0005791774529152361 1.5833175107153853e-05 1.664558012559359e-05 2.392642729972012e-07 0.0 1.1074834095573555e-07 1.1210787142240242e-07 1.0851915218660127e-07 0.0 2.0334608565940884e-07 4.24097592160668e-07 1.8438141851229693e-07 2.572108633456935e-07 1.1288769280562171e-07 0.0 0.0 3.985317280694351e-07 2.175094609070473e-05 1.0606709122829507e-05 9.207039630704898e-06 0.0 3.1726441184003305e-07 0.0 1.1627453418760067e-05 2.192551910111869e-07 5.999534385142024e-07 2.713660185329727e-07 2.4935157082291445e-07 3.2306699987500845e-07 0.0 1.3869808113271677e-06 0.0 9.272617445570611e-08 4.497404409649095e-05 4.1654374042946784e-07 9.232769546880784e-08 0.0 3.1751943105415743e-07 0.0 0.0 0.0 5.004365468370943e-07 3.5998761858825535e-07 3.791776224337274e-06 9.593476630076052e-06 5.304995718374388e-06 6.7752000327170575e-06 7.140187985355247e-07 1.9611359115671247e-06 1.1537819091173389e-07 7.385492220120504e-06 9.099044730375604e-07 5.750113617050391e-07 2.832983815859291e-07 6.325138955491253e-07 3.737750234885215e-07 0.0 2.5100433817770495e-05 0.0 0.0 1.697739299394318e-05 1.2754039446202152e-05 1.959531758636901e-05 8.330992853425486e-06 7.651675485123463e-06 4.47392456805384e-06 2.3746552520497727e-05 1.7108641839389855e-07 9.290096365580814e-06 1.7866287847165191e-06 0.0 1.3815829509806268e-06 7.986176727127815e-07 4.2904385363992003e-07 0.0 2.1162714778390366e-07 0.0 2.8032276293241077e-07 0.0 4.125867146775395e-07 6.002101855889789e-07 2.1784937518143493e-07 5.813941930401049e-05 1.7968857265046834e-06 0.0 1.879139290209253e-06 7.678417193892448e-06 7.534510461438861e-07 4.685802652093478e-06 1.3445852424625734e-05 2.1042475795928354e-06 4.042721332398598e-06 0.00012027853490245172 2.6030035985084845e-06 5.977843053291243e-05 3.231891710435621e-05 1.402291267402432e-05 2.7065113121817963e-05 2.635958981764773e-05 6.672657436913377e-05 3.346183555117517e-05 2.049919247663709e-05 9.231177784841677e-08 1.3191108827944638e-06 0.0 0.0 0.0 0.0 0.0 3.920790147121072e-07 0.0 0.0 0.0 0.0 9.078493366424723e-07 0.0 0.0 9.242382724477419e-07 0.0 0.0 0.0 6.0069892695122425e-06 3.8779910032641214e-06 0.0 3.9070540099765936e-07 0.0 2.309803272981365e-05 3.946970668052641e-07 2.7509984184948613e-05 7.165200957707125e-07 3.5636888664962005e-07 0.0 0.0 3.7248919337946457e-07 5.811104494444519e-07 0.0 4.5960473210051727e-07 0.0 7.552189671268769e-07 2.0377579040199622e-07 0.0 0.0 0.0 2.3726570628647662e-07 0.0 0.0 0.0 0.0 0.0 1.445097108494609e-06 0.0 9.741845343722493e-07 5.251518123490122e-07 3.674927993252042e-05 1.0996709172054583e-06 0.0 0.0 4.2008089012560057e-07 0.0 2.5915128636200806e-07 0.0 0.0 0.0 2.338354361329529e-05 3.3279123512332716e-06 1.4991062217186558e-07 0.0 0.0 4.677182545246386e-05 7.27628650368725e-06 2.7700093994082468e-05 6.485792361913071e-07 1.3225698882174055e-06 9.121755683448396e-08 0.0 2.6918920997785394e-07 0.0 0.0 0.0 0.0 0.0 0.0 0.0 0.0 1.7277446440272694e-05 5.317855084584536e-06 1.505624622183953e-05
0.0007863921716266331 0.00038186074529157393 3.7793471782721367e-06 0.0009930558269474433 0.00019294652327068434 0.0004725926717118261 0.0005989255782135307 3.15937412492274e-06 9.182401595830264e-05 0.0 1.0388467807311925e-05 0.0009130273924744134 0.0007403855634010423 3.561195249956651e-05 9.555453440994833e-07 1.5083549864029632e-06 9.536609108690949e-08 0.0 0.0 0.0 0.0 0.0 0.0 0.0 0.0 0.0 1.262031077159716e-07 1.5169146660576125e-07 0.0 0.0 4.3987060564519414e-05 1.2350380830124673e-06 4.813048052693455e-05 0.0 0.0 0.0 4.049860904093928e-05 2.1446439556930862e-07 4.770515292876548e-06 2.596168442131269e-07 0.0 7.825786819455444e-08 0.0 9.954106989157577e-08 0.0 0.0 8.510001637173293e-06 1.316805070506206e-06 7.89817589651579e-08 0.0 2.0318241228393766e-07 1.9831351399018495e-07 0.0 0.0 6.780486037755698e-07 3.905388991379699e-07 2.5484926169151007e-05 3.985914248265394e-05 6.267438285735949e-06 9.396369754554146e-06 0.0 4.177023467385499e-06 0.0 8.680469753650961e-06 2.002111647628293e-06 9.785114051463645e-07 6.061881337281515e-07 1.9148284294986823e-07 0.0 2.3962705272617403e-07 0.00018324739112750337 0.0 3.783022728423037e-07 4.998724957807269e-05 1.8639672896199358e-05 7.861487160252457e-06 6.400282254265737e-07 1.0291435330724665e-06 0.0 4.935241645564592e-06 3.0343484595638904e-07 9.477091628963927e-06 4.533879007171254e-06 0.0 1.1100237493424838e-06 1.4034673830939448e-06 2.677585768618863e-07 0.0 7.851881657434128e-08 0.0 1.9542390374275748e-07 0.0 1.7602764422446913e-07 0.0 0.0 0.00024313855100544383 5.052616038621582e-05 0.0 6.790540009173217e-06 0.00040600801350866675 1.3467561916765354e-06 1.6452653110674427e-05 2.910160758099204e-05 1.0431769788205304e-05 5.492215112503803e-06 0.0001658380831731669 3.9865388308367494e-06 8.229164047508387e-05 6.81894563236513e-05 1.9367460028077337e-05 3.285726349971654e-05 3.689285095703436e-05 7.319248726227907e-05 2.9621669695758358e-05 1.0329457513859616e-05 0.0 0.0 0.0 0.0 0.0 0.0 0.0 0.0 0.0 0.0 0.0 0.0 0.0 0.0 0.0 0.0 0.0 0.0 0.0 2.368043290297096e-06 3.1749353444676725e-06 0.0 3.417593336974888e-07 0.0 7.662521976516528e-06 4.790432591141415e-07 6.306914256503073e-06 2.7434621128335437e-07 9.093106925409945e-08 0.0 0.0 0.0 0.0 0.0 0.0 0.0 0.0 0.0 0.0 0.0 0.0 0.0 0.0 1.3780957376408068e-07 0.0 0.0 1.4395950794531372e-06 7.697642401123508e-07 3.956957868307151e-06 0.0 0.0 1.2805516284963224e-05 0.0 0.0 0.0 0.0 0.0 3.8635970127630035e-07 0.0 0.0 0.0 1.0904742623131398e-05 7.761378565061963e-07 2.6482266941671163e-07 0.0 1.6191507606839986e-07 2.4094143295136153e-05 9.640323352601233e-07 9.844079290357723e-06 5.474726476236094e-07 6.044506751651508e-07 0.0 1.0999957372560636e-07 5.060465967559786e-07 0.0 0.0 1.2029162303859562e-07 0.0 0.0 0.0 0.0 0.0 1.1014142871821289e-05 1.4475831094291608e-06 1.9906319781488608e-06
6.472789308704638e-05 0.0012968675655264147 0.001846401969630177 8.473483432472063e-06 0.001828321016576898 2.0798086475213057e-06 0.0005564795619423318 0.00180988083422875 0.0014703720365039448 1.0388467807311925e-05 0.0 0.000181004629876848 0.00175175699116247 0.0013717152991797198 1.526667495624524e-05 1.796046845424215e-05 6.703812339664579e-08 0.0 0.0 3.2850987927580045e-07 3.991800367711704e-07 0.0 8.190934250081428e-07 1.8223500314439565e-06 5.407219611464251e-07 2.2904532639139094e-07 1.0485319402925171e-06 2.6529273035672175e-07 1.0099179826362088e-07 9.601556313591945e-07 7.08998396035023e-05 2.775724609175005e-05 0.00022276357791047808 0.0 2.5049797086160876e-07 3.47778235684515e-07 8.17007367067352e-05 6.258322152108684e-06 8.41578010583514e-06 3.3719031686284005e-06 3.7486531539467e-07 1.3590965783712936e-06 1.7451408563186176e-07 1.4895680048711318e-06 0.0 0.0 5.317409708974261e-05 1.8024852849957034e-06 4.5206329492975596e-07 1.6408009138283481e-07 3.2359390861393953e-07 0.0 0.0 5.670614393406579e-07 5.806634246740264e-07 5.780267744095352e-07 6.43112080940086e-06 2.1446432752000207e-05 5.995542500393172e-06 1.1227444653864963e-05 1.5179413703248306e-06 1.2293899071382145e-05 0.0 1.8480183233513397e-05 1.1777454013949793e-06 1.416827663207939e-06 6.672744695059775e-07 3.4569533517237274e-07 1.180233159776839e-06 1.0183205926567829e-07 2.8372928263532483e-05 0.0 0.0 2.4199889154050795e-05 2.6260777686010088e-05 2.283290473203465e-05 7.622956766480588e-06 8.707851303421018e-06 3.357379693315133e-05 0.0012693138619816302 3.3763791324744025e-06 6.969936273364795e-05 2.5348599756650185e-06 0.0 2.5711172201518036e-06 7.78168430060302e-07 9.737243376230164e-07 0.0 2.3281061286691316e-07 0.0 0.0 1.8015777557748334e-07 2.1053367827100797e-07 7.058293840335641e-07 1.622852347091301e-07 2.282216959297635e-05 1.2171153750118925e-06 0.0 5.783169407946027e-06 8.922444726392792e-06 2.4413421274120993e-07 5.90229435225259e-07 5.344096483017437e-06 3.40869509130972e-07 2.2612810232711693e-06 2.6491916948735943e-05 0.0 1.3834832024202458e-05 4.765491396014571e-06 1.7463626313195948e-06 8.259435830029095e-06 9.532677918006166e-06 1.2044534257572447e-05 6.053779375014409e-06 5.3228321161849904e-06 0.0 2.26763792912227e-07 0.0 0.0 0.0 0.0 0.0 0.0 0.0 0.0 0.0 0.0 1.9308751660521987e-07 0.0 0.0 6.370989217227957e-07 0.0 0.0 0.0 4.800497971173103e-07 2.1295636731425414e-06 0.0 0.0 0.0 3.7160531395540386e-06 1.0118496361679808e-07 5.637322080873526e-06 3.2612652628211255e-07 7.235043688891378e-07 0.0 0.0 0.0 0.0 2.227644109049977e-07 0.0 1.409618069959681e-07 0.0 7.882980782239853e-08 0.0 0.0 2.575817971567848e-07 0.0 1.0469570426467597e-07 0.0 0.0 0.0 4.815545152174031e-07 0.0 0.0 1.0178906393862933e-07 1.1705800283612872e-07 1.3138447552541202e-05 1.8337640718052631e-07 2.944832200482663e-07 0.0 0.0 0.0 0.0 0.0 0.0 0.0 5.874929879899797e-06 1.637939896124314e-06 0.0 0.0 0.0 1.194265668811405e-05 2.3812700576717286e-06 7.244335129366861e-06 4.913741721619681e-07 0.0 0.0 0.0 0.0 0.0 0.0 0.0 0.0 0.0 0.0 0.0 0.0 6.44607844343176e-06 2.55017541886685e-06 2.491466051282562e-06
0.0002758886595877186 0.00048228472943135086 3.543907306478885e-05 0.00113019775907163 0.0001117932922776184 0.00017611193171093712 0.0008479516450252188 0.00015148229148751458 0.00013122441339645578 0.0009130273924744134 0.000181004629876848 0.0 0.0008925832660824156 0.00017878214757397628 1.2821265722972612e-05 2.9377739453416725e-05 5.380758076483473e-07 1.4483312612568658e-07 1.8958892423788582e-07 0.0 1.5054194813362971e-06 2.0116415269564376e-07 1.2504866957484631e-06 6.084420687755295e-06 1.0124304932136425e-06 9.757447096984779e-07 4.645054721441162e-06 8.473533493092327e-07 1.1510505578875173e-06 3.5014853267908363e-06 9.396285456256717e-06 1.1783500325014016e-05 0.00014049537106618475 0.0 2.1140250104633815e-06 1.100818565800994e-06 0.0002720465771324601 1.3057093369892718e-05 4.8087852441282156e-05 1.3143530658217173e-05 1.348864678727923e-06 5.466522984403683e-06 9.542211045949033e-08 4.737836015835137e-06 7.586219531772374e-08 4.2036423560322393e-07 2.4508945233681667e-05 4.492265856214721e-07 1.632221908170651e-07 3.758643502221302e-07 4.13194146456724e-07 4.776074187468934e-07 2.233775410739356e-07 1.052249550832169e-06 9.852409371652229e-08 1.6541298202533781e-07 7.418393971055538e-06 1.1023903284447876e-05 3.889043725477212e-06 4.8309761786022936e-06 7.294863763173766e-07 1.4458614081268814e-05 0.0 7.472863079839563e-06 2.2472744996039583e-07 7.190231445358766e-07 1.4685971139869808e-07 2.4405837622710876e-07 4.909899184387948e-07 5.670323142374739e-07 0.00024340156329111029 5.873806072230863e-07 8.403310040831505e-08 1.4780856418226276e-05 8.731239329341538e-06 6.843164407769858e-06 1.0972376568503802e-05 2.883827450497739e-05 1.1370671792687813e-05 0.0001760123636284296 1.1210270937953094e-05 2.7688499410035007e-05 1.2330634282363158e-06 0.0 5.203678040857912e-07 5.184102918175476e-07 5.729783206239062e-07 0.0 2.21743813323372e-07 0.0 7.599215174115462e-08 0.0 5.045489439491004e-07 5.379821362986108e-07 1.8349376678972353e-06 0.000551657920022012 1.8641495138280938e-05 0.0 4.682143430225739e-05 8.683265722727043e-05 2.993245577811516e-06 1.3661508274791974e-05 4.270572600567417e-05 9.187978635326431e-06 1.5437519485982505e-05 0.00031833486795323384 6.071411749169449e-06 0.00016219939794705958 0.0001020397323227064 3.487692928846672e-05 6.773860247792205e-05 8.71048157421096e-05 0.000176807322905334 6.713815391857106e-05 4.054123287794802e-05 0.0 8.013502784167747e-07 0.0 0.0 0.0 0.0 0.0 1.957484397614747e-07 0.0 0.0 4.1733382838197285e-07 0.0 3.195132934867367e-07 0.0 0.0 3.2992171894851095e-07 3.437757352438485e-07 0.0 1.7015367542563582e-07 7.685927831355353e-06 1.1270021187729677e-05 0.0 1.849448780130844e-06 1.2491762672944378e-07 3.491172095799797e-05 1.5043924220292188e-06 3.3690355566506994e-05 1.6309148585126271e-06 1.2528309588535625e-06 1.543993082795183e-07 4.281304485093666e-07 0.0 5.568953700046672e-07 9.848613995548567e-08 2.7969502287323283e-07 0.0 6.377522187345643e-07 1.3490023631856412e-06 0.0 0.0 2.287036833687516e-07 4.891683982716024e-07 1.0097841503609721e-06 6.584440837927221e-08 0.0 1.9016559773053021e-07 8.777181510898002e-07 1.2099741446886817e-06 1.8113327481262267e-06 1.3646232767657063e-07 8.028472921519054e-07 5.934579649845595e-05 1.3355486602498117e-06 2.2162513533282787e-07 8.73339888295946e-08 1.7069304606365367e-07 2.7037537448087105e-07 3.309464527445059e-07 2.424300450824175e-07 4.288522682141199e-07 1.122237919367004e-07 5.653405193627634e-05 1.1990292315125532e-05 4.252456076307255e-07 5.886793016097381e-07 0.0 8.876221255631226e-05 1.582965957346787e-05 4.3332385376774124e-05 1.3640677044754093e-06 1.9037064685955557e-06 8.55787782735927e-08 6.389683071804504e-07 3.9552554048396865e-07 1.9562056032122496e-07 0.0 1.7361471641044126e-07 0.0 1.0745561845123654e-07 0.0 0.0 0.0 4.561361601877209e-05 9.620334584812543e-06 2.1509679138451758e-05
