0.0 0.0023869758264614526 0.0005641375412197655 0.0009556032326502281 7.514325805511496e-05 3.693397870884281e-05 0.00011945420263144192 7.223476578273284e-05 5.509304541852788e-06 0.00019786898902907142 5.478707651593565e-05 1.5686036059681247e-05 1.3363540342509298e-05 1.8934869959656565e-05 2.406259613240946e-06 7.452691768380561e-07 0.0 5.950348453437775e-08 0.0 8.136477321885006e-08 5.499324331075515e-07 0.0 0.0 0.0 5.335797052580287e-07 1.0591058287471309e-07 8.127028576334072e-08 8.533488671381039e-08 0.0 0.0 0.0006489628931300182 1.5132072857336208e-06 7.602509830908447e-06 0.0 7.597475222016254e-08 0.0 7.116109841516406e-07 3.687876184626817e-07 8.188443536939771e-07 7.742199283177918e-08 3.3451962533338695e-07 0.0 2.3821124684964748e-07 6.114043036447149e-07 8.910924387135223e-08 9.119569834155822e-08 3.5289621156789165e-05 1.4726752909243076e-06 0.0 1.816587763748943e-07 7.34538088066101e-08 3.4639267740044583e-07 7.869445616188333e-08 0.0 1.2862445900852154e-06 3.372969996816364e-07 7.441339318687765e-05 0.00044696648262455027 2.569150698409122e-05 1.2469361820565847e-05 0.0 3.4850918823346156e-06 0.0 5.944316402937284e-06 1.0209105915477815e-06 4.4984407246476164e-07 3.505068412133703e-07 4.6558778548614105e-07 3.857842801441268e-07 3.870804564694177e-07 6.1412533621807695e-06 0.0 0.0 5.585985079667271e-05 9.487205131778724e-06 1.1318863971497132e-05 5.398332431782574e-06 1.3699962494190935e-06 1.4204827371216864e-06 9.778145149055251e-06 3.4066533228894083e-07 3.129519742975012e-06 4.903979815257623e-06 8.644338282116719e-08 7.485408348384266e-07 1.1141540858296244e-06 2.9263854776001236e-07 0.0 0.0 0.0 6.098722166416271e-08 2.670107077860135e-07 6.37476964967066e-07 8.55677932008574e-08 2.3204031223369607e-07 5.735977521641367e-06 1.279684487068799e-06 0.0 3.476705583297683e-07 0.0008684230513828473 0.0 7.28268178563269e-07 3.434517826871107e-06 3.49783000935436e-07 4.737064400378827e-06 8.754432596560446e-06 4.390598623098441e-06 8.905893065255088e-06 2.7821746365481736e-06 6.526227667247324e-06 1.2370156578875e-06 5.342469240822296e-06 7.412599680113813e-06 2.42305999065187e-06 1.2068092049536642e-06 0.0 0.0 0.0 0.0 0.0 0.0 0.0 0.0 0.0 0.0 0.0 1.6204650156176867e-07 6.597387663287891e-08 0.0 0.0 7.587641839490652e-08 0.0 0.0 0.0 9.98486714723595e-07 3.164511205572086e-06 0.0 1.762636017435397e-07 0.0 1.0826418846405565e-06 0.0 1.877804284357286e-06 5.162806007580375e-07 5.831428002548648e-07 0.0 0.0 0.0 0.0 0.0 0.0 0.0 0.0 0.0 1.245268364709832e-07 0.0 7.262079950498298e-08 8.879803610632144e-07 0.0 0.0 0.0 0.0 0.0 2.09820965492298e-07 0.0 7.276606281209932e-07 3.786126797570015e-07 2.4969925467935854e-06 2.3313222872766764e-07 0.0 0.0 0.0 0.0 0.0 0.0 9.89676843645686e-08 0.0 1.4538133724576805e-06 1.8920485102446556e-07 0.0 0.0 0.0 4.901146542849688e-06 0.0 2.295402397754619e-06 0.0 6.51550951283638e-07 0.0 1.6813585794355005e-07 1.3771323525899945e-07 0.0 0.0 0.0 0.0 0.0 0.0 0.0 0.0 4.238065589172004e-06 4.0073799784189597e-07 1.2183715621049917e-06
0.0023869758264614526 0.0 0.001430102307438407 0.0011951491226462382 0.0010928833007218229 0.0003355646231241323 0.0015800611962093702 0.0008461633143275437 0.0005446790081371195 0.001977580985173471 0.0012619424423152335 0.00032744894817654166 0.0012514618942089375 0.0008846308478254823 3.9146945773035586e-05 1.6678715950221738e-05 1.8930458450093494e-06 5.971913263690775e-07 6.077136741632603e-07 4.0784737754194254e-07 2.002775118852378e-06 0.0 1.6920761870585885e-07 1.7243293172173256e-07 2.7435109969885604e-06 1.1596760163347907e-06 1.535100596074726e-06 4.404653471840048e-07 4.875375406747871e-07 1.9534955867807563e-07 0.0013698659649504924 3.561301017997529e-05 2.7774220231226744e-05 2.742299792753098e-07 3.822295180175479e-07 1.4277512697973793e-06 7.973527746757009e-06 1.3147661256677124e-06 1.9217250566117886e-06 9.716737717781185e-07 2.4667034094800314e-06 2.534873117009099e-07 2.483939212287067e-06 6.25152631284559e-06 8.541060300506737e-07 8.975784362631364e-07 0.0002695228144981736 7.017856878013919e-06 5.075693777512783e-07 1.398209993717923e-06 5.524761153540182e-07 2.8943088279356467e-07 3.242938439595261e-07 9.014614847906116e-08 4.207674378507051e-06 2.238327034681525e-06 0.00016565043483072532 0.0006759025601255445 7.885586821355426e-05 6.022154437221429e-05 1.4680720787958617e-06 7.535990901056757e-06 2.526606627361842e-07 6.44384156407578e-05 4.558047470382873e-06 3.712049512339204e-06 9.339277805093127e-07 2.2050954559363437e-06 2.1883214500408723e-06 5.937807352308862e-06 2.2603979982825676e-05 1.0785124233374952e-06 0.0 0.00023078104799162917 7.306583358523589e-05 0.00014194303581034027 0.00010770287175694504 1.5194299207126e-05 5.563361780513063e-06 8.463801810442269e-05 2.598343057216227e-06 1.6459077289358883e-05 1.6584722853783543e-05 0.0 2.1720846097922624e-06 2.3159505408355066e-06 6.472231002625641e-07 0.0 2.2751379495822217e-07 1.8201218359258386e-07 9.99268809905422e-07 7.076798057229887e-07 7.503764148698391e-06 3.2301953286356317e-06 3.002298989580398e-06 5.387662409786773e-05 3.028453273131344e-06 4.0199146312221205e-06 3.023352961707564e-06 0.0014864910826639492 1.5106761104737486e-06 1.7138243912155253e-07 1.2588900807933719e-05 1.7536208243750448e-06 2.478179178689141e-05 4.6461644325635125e-05 8.014378807992677e-06 5.4408131583994567e-05 1.4678200881556519e-05 3.051006447685739e-05 1.411964595591293e-05 2.9367661784289426e-05 4.252236502749208e-05 2.52316709354829e-05 1.2050353654416041e-05 0.0 0.0 0.0 0.0 1.0815702621464407e-07 0.0 3.688478028363651e-07 0.0 0.0 0.0 0.0 0.0 8.889044262551847e-07 0.0 8.313750344290335e-08 9.066222194149549e-08 0.0 0.0 0.0 1.7052986593897994e-05 2.7819268744007173e-05 0.0 8.360684854084972e-08 0.0 1.317371055695969e-05 1.4574601143575315e-06 1.4487369726324923e-05 1.5768029242984837e-06 1.9525038267382274e-06 9.115832193488575e-08 1.46529328405617e-07 0.0 0.0 0.0 0.0 3.005600142700411e-07 4.830474759230564e-07 6.356091125107968e-07 0.0 0.0 2.0413226005596085e-07 0.0 7.073758293844784e-07 0.0 1.6100311091880052e-07 6.762046855494523e-08 4.2032867139224487e-07 1.3822729440525107e-06 7.443883770208181e-08 2.2933313413332358e-07 6.517504408622812e-07 1.6083401356897907e-05 2.9997209225481723e-06 0.0 0.0 0.0 0.0 9.37982388440343e-08 0.0 7.522054950391732e-08 8.202622311692269e-08 1.9703326058914512e-05 9.419767177239209e-07 0.0 1.652594521441591e-07 2.2947908249648957e-07 3.25668829761261e-05 3.597219461988472e-06 1.2352377243799285e-05 1.4812386863774525e-07 1.5206163114637532e-06 1.2306790402662186e-06 2.5020045676908915e-07 3.3493438591948695e-07 0.0 1.22412979758791e-07 0.0 0.0 0.0 0.0 3.078041488944973e-07 1.4580778212271123e-07 3.487350630286785e-05 3.34706731109826e-06 3.2941090720344148e-06
0.0005641375412197655 0.001430102307438407 0.0 7.329076280827188e-05 0.0004937727549923361 1.5501376467557394e-05 7.847267956678786e-05 0.0030527221407275957 0.00014541403846543246 0.00022407161747566546 0.0017947146995229049 0.0001162907145727923 0.0001895805278053905 0.0006066936122116049 4.0246657224405073e-05 3.0939748518775516e-05 6.915713141819873e-06 9.059249831944354e-07 5.260702402551477e-07 1.378007131455897e-06 2.128113454493521e-05 6.826308192561949e-07 3.1212836974699984e-06 4.263465500313922e-06 1.8444061446037452e-05 6.874743377340077e-06 4.71547980520432e-06 1.9907594682833863e-06 7.421781725174221e-07 7.241211006353717e-07 0.0023142893058592335 0.0005294733184653464 8.501258840041401e-05 2.9263222513261827e-07 2.673830973411964e-06 7.4104087263139035e-06 1.0115364724833443e-05 6.127827332043567e-06 2.1167271033251524e-06 5.179681144089563e-06 1.872807634483654e-05 4.98115297562043e-06 4.852326589113617e-06 5.103480354797603e-06 5.19833948778092e-07 1.3421792405618659e-06 0.00015276510042792438 3.1363812643683593e-06 1.751340096808042e-06 1.6958077439253218e-06 3.501055341224987e-06 1.7845319925816861e-06 3.7344088996209537e-07 7.109130000258924e-07 1.7168590952417292e-06 9.592657349307036e-07 9.907621725715495e-05 0.0005411702232833466 4.154736102856381e-05 2.9127330697485757e-05 1.2723182578585238e-05 2.7311191783717525e-05 3.702036544569906e-07 0.00028635158809199303 2.4225399074118237e-06 1.92945001887917e-06 9.80219915131664e-07 3.7486411590246685e-06 6.193561809869222e-06 3.322287576170161e-05 2.6681827472462604e-05 1.9620829152012137e-06 2.0989452417124447e-07 0.00011830210997188957 4.352006133837241e-05 9.42179503804845e-05 0.0001030750032608528 1.3745950074262336e-05 7.234110747326507e-05 0.0005519245399176767 8.054876449440822e-06 7.56678872391177e-05 6.495092661690147e-06 0.0 1.6661724957536223e-06 1.2794790896673422e-06 1.4770821245084643e-06 7.343866843942092e-08 2.9230187727865523e-07 1.3704908347472737e-06 2.0243972915509306e-06 2.780714970653895e-06 5.64434078358655e-05 1.624897971206055e-05 8.5314573356407e-06 3.7047019945864614e-05 1.7276089382086585e-06 2.651876102300158e-07 1.990429642077608e-06 0.00037848036639120757 3.413991153069721e-07 5.076711305718647e-07 9.110122936370747e-06 1.4752245981722828e-06 1.7178302973178498e-05 1.583409423207232e-05 1.9726745039357543e-06 2.3013834593447864e-05 4.2150419866283095e-06 9.842900474383659e-06 1.067015074234329e-05 1.8245944122650582e-05 2.0472178598222935e-05 1.4270284640169291e-05 1.0389251905832453e-05 1.8664772533863914e-07 0.0 1.140045640958151e-07 0.0 0.0 0.0 0.0 0.0 0.0 7.396249749052749e-08 2.1634386807974288e-07 9.16426377072383e-08 7.900998166550233e-07 7.424333276137883e-08 0.0 8.735335471326826e-07 0.0 4.389002643620117e-07 6.745592311975234e-08 1.6860435658875543e-05 2.17474985303502e-05 0.0 3.6547333614920325e-07 2.0281368428332159e-07 1.572672358106858e-05 7.66297305382872e-07 1.9480853981090612e-05 3.2112526866836676e-06 9.987350758237257e-07 1.5558640415876596e-07 0.0 9.474379845517728e-08 1.2215700762309962e-07 0.0 3.24235966150707e-07 0.0 9.013216013732062e-07 9.490369556510105e-07 0.0 0.0 2.510126629925112e-07 1.8640094803781608e-07 1.0171564089766568e-06 0.0 0.0 0.0 9.205306924189795e-07 2.388870144191579e-06 1.000678969501507e-07 2.623186583432385e-07 2.0141946135352223e-06 1.6948210375852658e-05 3.739850010717143e-06 2.2304224557458576e-07 1.0708440441858477e-07 0.0 0.0 0.0 0.0 1.560262227124804e-07 2.6969082931488356e-07 1.502774405002539e-05 1.237505875197748e-06 1.0656030511600908e-07 9.849331761723073e-08 5.52637732017476e-07 3.129654558234634e-05 2.9082491591884387e-06 1.1740354856189912e-05 8.979204677794508e-07 2.871925394558061e-06 1.366346251931777e-06 8.796023832575638e-07 1.2013996378603484e-07 0.0 0.0 0.0 0.0 2.3042639559972294e-07 1.532013281000892e-07 3.5726024944922955e-07 7.31014951646328e-08 2.002380554849907e-05 5.608778501492805e-06 5.3579890285042885e-06
0.0009556032326502281 0.0011951491226462382 7.329076280827188e-05 0.0 5.515828157778413e-05 0.0004671683916907892 0.000296411138170572 1.1871157063757374e-05 9.898495192506569e-06 0.0011311879275643375 8.241910678374742e-06 0.00015096900231981045 0.0002215737481765418 2.581981847870016e-05 1.6431704253386096e-06 1.9498659838519813e-07 0.0 0.0 0.0 0.0 7.441731185831971e-08 0.0 0.0 0.0 0.0 0.0 0.0 0.0 0.0 0.0 3.4164902614215514e-05 2.8543681747653797e-07 1.375205981263282e-06 1.0214975714538143e-07 0.0 0.0 9.736560851589405e-08 0.0 0.0 0.0 6.981413743938119e-08 8.552647615066992e-08 7.189205699109696e-08 8.784332942568609e-08 1.794215341547495e-07 0.0 1.1092358239658432e-05 2.711824288769448e-07 8.413250021814345e-08 0.0 7.551639944360009e-08 0.0 0.0 0.0 2.8109917455339655e-07 0.0 1.0311437960381586e-05 2.508858740129754e-05 2.4732984377851443e-06 2.345666047408619e-06 0.0 8.305860258375315e-08 0.0 1.4780806345528026e-06 5.886679784127068e-07 2.2028277067247762e-07 6.86641231644645e-08 1.3454442365492764e-07 9.048665276032922e-08 0.0 1.964409145573717e-06 2.5122498637347914e-07 0.0 1.0067080698615412e-05 2.9140945790522824e-06 4.669625170000983e-06 4.340589707451309e-06 4.868119343349266e-07 0.0 1.769149297813557e-06 0.0 4.916757003042032e-07 8.715194697768609e-07 0.0 6.243312358826949e-08 6.874761829858992e-08 0.0 0.0 1.4891924385106654e-07 0.0 0.0 0.0 7.792786587248333e-08 0.0 0.0 1.30929543146303e-05 0.0 0.0 0.0 0.0002670715861403301 1.5580565351924512e-07 1.6808758977417984e-07 1.1667547639735494e-05 1.430103112467254e-05 4.1096334744189794e-06 2.029884794140009e-05 2.3738167791207158e-06 1.784929946040373e-05 5.290464065561551e-06 8.786300360694038e-06 3.6533739086134575e-06 7.378014958547615e-06 1.1133177247812885e-05 4.797480850940188e-06 1.7506018075038856e-06 0.0 0.0 0.0 0.0 0.0 0.0 0.0 0.0 0.0 0.0 0.0 0.0 0.0 0.0 0.0 0.0 0.0 0.0 0.0 2.7149864760700677e-06 6.940735794480721e-06 0.0 9.638233311251278e-08 0.0 9.290339789174556e-07 0.0 2.1022722635544797e-06 0.0 0.0 0.0 8.934226977183914e-08 0.0 0.0 0.0 0.0 0.0 0.0 2.3890425960534734e-07 0.0 0.0 0.0 0.0 3.342878689863132e-07 0.0 0.0 0.0 0.0 2.8689559719739465e-07 0.0 0.0 3.547859024168894e-07 2.364456330381174e-06 1.7207530732414094e-07 0.0 0.0 0.0 0.0 0.0 0.0 0.0 0.0 3.51282884019272e-06 3.669639615489921e-07 0.0 0.0 0.0 5.582616198386635e-06 3.807670867593989e-07 7.742679576602824e-07 0.0 4.797824547959743e-07 3.1395266520834666e-07 0.0 1.0230298344346029e-07 0.0 0.0 0.0 0.0 0.0 0.0 0.0 0.0 9.172385531281998e-06 2.4164672123473603e-07 8.86632598131909e-08
7.514325805511496e-05 0.0010928833007218229 0.0004937727549923361 5.515828157778413e-05 0.0 1.1635125332157082e-05 0.0009297181647322408 0.0010009232026424297 0.001567481143509955 0.000497097062045235 0.0012906890464951053 0.00017048071608361914 0.0016944649579702113 0.0019425625893212681 2.3087831092344156e-05 1.3835099089094076e-05 1.3627003710656756e-06 4.6627565717900955e-07 3.5731495337451576e-07 2.496039175029509e-07 9.998166913372811e-07 1.051677558598429e-07 4.3838572441954177e-07 8.627071098714674e-08 1.6177697725763805e-06 9.992870801617188e-07 9.464017587151954e-07 1.0942004331316443e-07 0.0 0.0 0.00010725805600845465 1.889078566012356e-05 1.98805180750132e-05 1.60121569481252e-07 1.8750926816747205e-07 7.020032993122697e-07 2.5365031104630266e-06 1.0193151651422312e-06 4.537495958585999e-07 1.0132036418550635e-06 2.092606631772193e-06 7.219423710007525e-07 8.734564311902125e-07 3.808540153441659e-06 6.893430989894033e-07 2.4016768522353033e-07 0.0001307311622020354 1.2346770587965953e-06 3.8201688039068557e-07 2.653206682265961e-07 7.774053886693457e-07 2.6591745260453203e-07 9.619161727923944e-08 0.0 1.8052674199306798e-06 7.724521003296902e-07 2.1962424835200582e-05 5.687386621737678e-05 1.4766961054803524e-05 1.896815797067945e-05 8.211811804380374e-07 3.84355339327921e-06 0.0 2.2609528905403293e-05 1.063574122543302e-06 1.005364438635254e-06 6.715088840106989e-07 1.1956288513964103e-06 6.035596011217549e-07 2.696635697405334e-06 1.4621963882535085e-05 8.6473430385092e-07 0.0 5.729022344287147e-05 2.762863782625945e-05 6.967698441027801e-05 7.051608719747797e-05 7.804213227882813e-06 4.341273663640334e-06 6.15576892180013e-05 1.5038246512339385e-06 5.626425570471596e-06 5.26934101590189e-06 0.0 1.1916864041099878e-06 6.811331547483729e-07 8.999670570155009e-07 0.0 0.0 0.0 7.176196170480847e-07 3.80124856140224e-07 3.678211061922879e-06 1.4291995914148718e-06 6.757366917088515e-07 3.153975387313397e-05 5.950126972931446e-07 0.0 5.350306916807059e-07 3.3124475542573035e-05 7.314864147616022e-07 1.190254970066856e-07 9.393724287572888e-06 1.0003335755541225e-06 1.3560468389739226e-05 1.309724082974644e-05 1.491630483857292e-06 2.247873481166482e-05 4.090910056687823e-06 1.1020469683366601e-05 6.013312401190759e-06 1.2870557894647924e-05 2.0338509644774876e-05 1.351281528128817e-05 6.8505144218194735e-06 8.58175055583336e-08 1.3260800902943196e-07 0.0 0.0 0.0 0.0 0.0 0.0 0.0 0.0 7.747719955049635e-08 0.0 2.5790673397559367e-07 3.858325106039897e-07 0.0 0.0 0.0 8.50488601007846e-08 0.0 9.099762513201001e-06 1.754985039335902e-05 0.0 5.324192768741737e-07 0.0 1.25128817973218e-05 1.1562507989356936e-07 1.2925277984742961e-05 9.457616461133483e-07 7.99936762729067e-07 0.0 2.1311862419796606e-07 0.0 1.5097657401178538e-07 0.0 0.0 0.0 3.026745246136934e-07 0.0 0.0 0.0 2.6780986023498476e-07 1.194656298062944e-07 1.2321762522599525e-07 0.0 0.0 0.0 3.4877627650341923e-07 1.1381041858285102e-06 0.0 0.0 1.687833477820127e-06 1.0828847439235688e-05 3.4598583329691596e-06 0.0 2.021006100697273e-07 0.0 0.0 0.0 0.0 0.0 0.0 1.3279556512023772e-05 1.4137147227366586e-07 0.0 0.0 0.0 2.1561965322070254e-05 2.763349076331521e-06 6.926205058041648e-06 2.7176893112921804e-07 2.0593116947697956e-06 7.537209710042862e-07 1.0560900486086836e-06 1.0580602698074921e-07 0.0 0.0 0.0 0.0 0.0 7.798045806535961e-08 1.7662785044458387e-07 0.0 2.4219349187020783e-05 3.3242052183744207e-06 1.8049968102212308e-06
3.693397870884281e-05 0.0003355646231241323 1.5501376467557394e-05 0.0004671683916907892 1.1635125332157082e-05 0.0 6.781503834386109e-05 2.8889066267660944e-06 6.340832287216633e-06 0.00025830785635272863 2.9767941328796068e-06 7.050222400102241e-05 4.1693106816256485e-05 8.052540094065603e-06 1.1597513725002525e-07 0.0 1.6288595290422967e-07 0.0 0.0 0.0 7.195545924273844e-08 1.2367110719119547e-07 0.0 0.0 0.0 0.0 0.0 0.0 0.0 0.0 1.8132882447075808e-06 1.2173150611233113e-07 2.118531559814698e-06 0.0 0.0 0.0 4.03956743118578e-06 0.0 8.615399000612127e-07 0.0 0.0 0.0 0.0 0.0 0.0 0.0 2.3155814590326075e-07 0.0 0.0 0.0 1.1168253833337811e-07 1.1026499647274355e-06 1.0076948107686453e-06 0.0 9.600375479868678e-08 6.72142171191721e-07 9.702503459773582e-06 3.2259607206563264e-06 7.579404197616496e-08 0.0 0.0 0.0 0.0 0.0 0.0 0.0 4.973555817158275e-07 1.5530669388821638e-07 0.0 0.0 6.156878177125567e-05 9.661513193263147e-05 1.4958297963662378e-05 3.410382667465046e-07 1.0328996066347689e-07 7.376815525963355e-08 8.5810208768667e-08 0.0 1.048299352385125e-07 2.3915605855556195e-07 0.0 0.0 1.1099198926548987e-07 2.2317829519208015e-06 0.0 1.4619924891764767e-06 1.2051550019960366e-07 2.7100988274128216e-06 2.6097038067715833e-06 2.528720572062884e-06 2.7354316219166276e-06 6.295183294526551e-07 0.0 2.0107785281218134e-07 9.488741574229904e-07 0.00013666084353261177 8.85397799686208e-05 5.072096994425213e-06 6.427561614946894e-06 6.264088481019259e-05 0.0 1.139777023567672e-07 1.101638501467332e-06 0.0 1.987413132888686e-06 2.0327047525778924e-06 9.429804568199411e-07 4.470473921057476e-06 7.777069264597159e-07 4.799408598663918e-06 7.490322525679912e-07 3.3147322130404446e-06 3.123493110073741e-06 1.5464576563832833e-06 5.338226990382839e-07 0.0 0.0 0.0 0.0 0.0 0.0 0.0 0.0 0.0 0.0 0.0 0.0 2.814888394623747e-07 0.0 0.0 0.0 0.0 0.0 0.0 6.593823549203496e-07 1.2431638159610302e-06 0.0 2.0056069205895269e-07 0.0 6.718319539297491e-07 0.0 1.1887250199358502e-06 2.0917832635346035e-07 2.5166288802723805e-07 0.0 0.0 0.0 0.0 0.0 1.0908881557069725e-07 0.0 0.0 0.0 0.0 0.0 0.0 1.4334268648950046e-07 9.302834268782585e-08 0.0 0.0 0.0 0.0 0.0 0.0 1.0584846274632059e-07 0.0 7.68032533501895e-07 0.0 0.0 0.0 0.0 0.0 0.0 0.0 0.0 0.0 7.79077956157038e-07 2.6750896979115673e-07 0.0 1.488696181394328e-07 0.0 1.614246347050385e-06 1.0705609714842292e-07 4.978432159248243e-07 0.0 0.0 0.0 0.0 0.0 0.0 1.7815044722166256e-07 0.0 0.0 0.0 0.0 0.0 0.0 2.6635428205129952e-06 3.3229245783661464e-07 6.127038172614035e-07
0.00011945420263144192 0.0015800611962093702 7.847267956678786e-05 0.000296411138170572 0.0009297181647322408 6.781503834386109e-05 0.0 9.439507168497205e-05 0.0006225446478295058 0.001893589984212552 0.0001578563487298603 0.00040903180741756995 0.0033517457595262146 0.001470020621477683 1.7025094649964807e-05 1.0504321644096631e-05 1.2933497148958528e-06 6.447406268313964e-07 9.102043712136845e-08 2.394607262350397e-07 8.553979263468838e-07 0.0 0.0 1.5939148827985614e-07 9.305388647959297e-07 3.958955440291732e-07 4.274591684163909e-07 0.0 0.0 0.0 8.017634745527938e-05 6.399733519494514e-06 1.0427974045407755e-05 0.0 8.726076153201003e-08 1.84405562027789e-07 2.3273575096770024e-06 8.496763822145886e-07 7.030913694364946e-07 3.318692440359569e-07 1.4133883595206355e-06 4.952321027943507e-07 7.250668236543796e-07 2.3810232733719476e-06 3.8049677872600794e-07 5.554100847163339e-07 0.00010428068887332634 2.0334728763872566e-06 1.8976442240359405e-07 5.893939492778048e-07 1.498224556854887e-07 3.438512262998289e-07 1.1931129736266745e-07 1.289734535853629e-07 1.0115820136268432e-06 7.220884764868657e-07 2.315969307600316e-05 5.173741698711675e-05 1.3844944727209555e-05 1.6753773594654034e-05 8.662014613673191e-08 2.001268957135573e-06 1.5790986916739893e-07 1.502781166945694e-05 1.8900761898832735e-06 1.3834664248195327e-06 2.636170532445433e-07 1.0937024979422315e-06 5.290906398082419e-07 1.260370299626124e-06 1.229486905728608e-05 1.6564097117106428e-06 0.0 5.1406573259417294e-05 2.5479622460084573e-05 5.750920375230077e-05 5.873385687614636e-05 6.396943311343939e-06 1.107209477821815e-06 2.4345517417786745e-05 1.1456451005604965e-06 4.033855069318517e-06 4.5665831744878094e-06 9.166755740665925e-08 8.17086097635817e-07 8.443195518672607e-07 2.393396912863769e-07 0.0 0.0 0.0 1.7766573549948314e-07 2.3572141377963436e-07 2.9787391264180178e-06 7.559186622361697e-07 4.936337978964082e-07 6.589573355884815e-05 1.4978772774321364e-06 1.1383484617320145e-07 4.082445152182881e-07 8.00735904933622e-05 2.2721272790820163e-06 1.6559274699611928e-06 3.1187231458754315e-05 5.286484177762292e-05 1.885704570694036e-05 6.357951862408698e-05 1.055659230057383e-05 0.00013388483628598585 8.323029315354393e-05 3.808192163194696e-05 1.080916526985074e-05 0.00011471283716636203 0.00010767270385569754 2.807398851553584e-05 9.055429475472798e-06 0.0 1.0191409157938211e-07 0.0 1.034511750921898e-07 0.0 0.0 0.0 3.604176413575011e-07 0.0 3.679875986950421e-07 0.0 0.0 1.1156176735126649e-07 0.0 6.717463533481316e-08 2.841961809706122e-07 0.0 0.0 0.0 1.3894510248184692e-05 2.4737989196232847e-05 0.0 2.9264879217616774e-07 7.982585451001946e-08 1.4531167873546534e-05 3.6032591926586195e-07 1.3701477486217372e-05 1.27558523736602e-06 4.517175687772931e-07 0.0 0.0 0.0 6.645268681716272e-08 0.0 7.349048758739714e-08 0.0 6.250510286735101e-07 8.1782799448284e-07 0.0 0.0 2.823167642654315e-07 1.0698242534095444e-07 4.2854963309433067e-07 0.0 0.0 0.0 1.394590207830887e-06 1.143731412198079e-06 0.0 0.0 4.7088854179608307e-07 1.5699967057830973e-05 3.3695250761996923e-06 0.0 1.4313464313761339e-07 0.0 0.0 0.0 0.0 0.0 9.392931709148023e-08 1.989175525679799e-05 1.552485169173059e-06 2.3570215679122942e-07 0.0 2.2470010635442305e-07 2.9182038770817783e-05 9.30974924968748e-07 8.654961879938057e-06 1.0598316110646926e-06 2.445532764137215e-06 1.7573341926894137e-06 1.4149262349330967e-06 0.0 0.0 0.0 0.0 0.0 0.0 0.0 1.5388112367347317e-07 0.0 3.705328939028352e-05 3.138200584688707e-06 3.1661381194162493e-06
7.223476578273284e-05 0.0008461633143275437 0.0030527221407275957 1.1871157063757374e-05 0.0010009232026424297 2.8889066267660944e-06 9.439507168497205e-05 0.0 0.0006088114455736067 3.877065990186353e-05 0.002389683050165189 4.207510078183656e-05 0.00020046685120836535 0.0009153558085904224 6.983851573083569e-05 6.694815509460141e-05 1.3938282922634115e-05 3.880938586266891e-06 6.061983678909301e-07 1.1160628788694997e-05 9.893967087660833e-05 1.5980584725970313e-06 1.9684573089499457e-05 1.8075879605670208e-05 0.00011082727876321366 3.414486315981854e-05 2.353928394038006e-05 1.254528722989568e-05 2.399643159650757e-06 3.4945153499458083e-06 0.0007665516687744168 0.0015156672816461901 0.00015072880249980176 3.866467996491994e-06 1.9260267504331097e-05 4.3739489932139816e-05 2.526725118804236e-05 2.474513581407138e-05 6.360247127619265e-06 2.854006003229697e-05 8.431473334802435e-05 1.9011739055692013e-05 2.1023789996864585e-05 1.5193630454153349e-05 3.313207724503082e-06 3.396968628951172e-06 0.000154042893179849 2.284918406814299e-06 2.380516551867329e-06 5.335795632188844e-06 7.806104391099526e-06 8.428355677402027e-06 1.08514875612296e-06 3.361878995936707e-06 2.900561252796918e-07 1.167208320729272e-06 2.5771181541772952e-05 0.0001413064903581929 1.3023716315613596e-05 1.4478872687034823e-05 0.0001464020797848964 0.00013198303017047057 2.1202483102751347e-06 0.0004885638447880328 8.453443328683662e-07 1.3083427824645114e-06 2.040050929129158e-06 6.2817568432998505e-06 1.724419847688533e-05 0.00013479327773144735 1.6563430431871756e-05 2.5605848920614755e-06 1.0038051945019782e-06 4.7533882339468586e-05 6.039597429260011e-05 9.05622080445598e-05 0.00021441710947639003 0.00011124520446538598 0.0009601365724177557 0.0015996152763972508 0.00020323850238468887 0.0010277847878167354 3.3694605049533237e-06 0.0 1.2211937039233485e-06 9.675653712348955e-07 1.81951842724445e-06 2.952254513867862e-07 1.0270272873223706e-06 1.8796393861064465e-06 6.290526805149179e-06 8.4478647350087e-06 0.0001741888682555275 5.072179643609391e-05 3.262388391320158e-05 7.875922488037174e-06 6.758700388116546e-07 1.1010528036845482e-06 1.3408578994253569e-06 4.833481702774463e-05 3.7790381015347334e-07 4.566149087779208e-07 4.113533385381145e-06 7.756902660026423e-07 5.889441829560592e-06 4.888726784630415e-06 2.7237736774491596e-07 7.5587003079854564e-06 2.131170127450198e-06 3.692463382784487e-06 2.8909660749441414e-06 5.227704742165122e-06 7.966994750591436e-06 5.312862840423696e-06 5.379014002020324e-06 2.632854232673314e-07 1.5832447891546968e-07 7.296744415102641e-08 0.0 0.0 0.0 0.0 5.522906662819341e-07 1.7121100541635574e-07 8.479993335804425e-08 1.1548803663055708e-06 0.0 9.888886709482624e-07 9.35564957624385e-08 1.434946809436735e-07 1.6847859274217619e-06 1.0318924485434179e-07 3.22673720340648e-06 0.0 7.6077620299427956e-06 8.230971401697788e-06 0.0 1.6270487185007674e-07 3.0483580103134116e-07 1.057217580475336e-05 2.04256833413394e-06 1.3514412687442856e-05 3.663841389074489e-06 2.2531295372549387e-06 1.3343121951558184e-06 6.126855784296963e-07 0.0 1.3742943979182346e-07 0.0 1.4465292217610392e-07 5.567768469544109e-07 7.013851902079441e-07 3.7920566175961597e-07 0.0 1.4214359957572407e-07 1.0363535523935264e-06 5.302403209825105e-07 2.1856048697033415e-06 6.132793963263896e-08 7.6522061724494e-08 0.0 6.847958980491641e-07 7.220611748035657e-07 0.0 1.9142325106078585e-07 3.4852200255254084e-06 9.91533100428454e-06 4.739792023317086e-06 2.3288389905212658e-07 0.0 8.300847407868847e-08 0.0 3.309106809297063e-07 0.0 3.9000981898692236e-07 1.0387391689551413e-06 6.446777317726284e-06 8.513456878298976e-07 5.312234329780269e-07 3.9789717096266177e-07 1.4209676059668135e-06 1.4690649657241675e-05 1.638255462428227e-06 1.121778653447175e-05 7.805370941182142e-07 1.1523744941251106e-06 6.473676345192055e-07 3.9611344841722464e-07 2.1365041624003512e-07 0.0 0.0 0.0 0.0 1.0435564391018922e-07 3.368709890925192e-07 1.4273190245697178e-06 4.206900164612254e-07 9.36904361614901e-06 2.7252070535319183e-06 4.686382809970278e-06
5.509304541852788e-06 0.0005446790081371195 0.00014541403846543246 9.898495192506569e-06 0.001567481143509955 6.340832287216633e-06 0.0006225446478295058 0.0006088114455736067 0.0 0.00013555668324555188 0.0007022131614439742 0.0001347176035114307 0.0010713112893670298 0.0010239374997052751 1.925800113780147e-05 1.2931909754678033e-05 2.2882578665088326e-06 1.6706150779507187e-07 8.011737414127826e-08 3.2417539839703247e-07 1.8054951476453885e-06 0.0 8.299296290134399e-08 3.4372295112576043e-07 2.265019395192427e-06 9.50594980510217e-07 6.517128570533184e-07 8.653163123869036e-07 0.0 2.999745176046297e-07 4.1545983142021064e-05 1.0308684751542611e-05 4.3314036255881414e-05 9.24103467120222e-08 4.459359282601646e-07 4.79740792075303e-07 7.159419355227081e-06 1.3521040497879667e-06 9.778469312550015e-07 1.7182914971622156e-06 2.468974093748251e-06 6.028463195058703e-07 7.873620372894603e-07 1.946082155323184e-06 0.0 6.118976508440707e-07 5.974781668161205e-05 6.246130327459828e-07 1.7198198886335855e-07 2.7721828175275643e-07 1.0388675132633069e-07 6.353036026523221e-07 1.0631166119457365e-07 1.7834614699482e-07 4.307720554780985e-07 1.1126159967299553e-07 5.187081766884482e-06 9.330128240488357e-06 4.652390511049003e-06 5.3238329509078025e-06 1.0314700203574963e-06 3.7871120778622022e-06 9.41692752563962e-08 6.904108964824927e-06 1.6169650705449157e-07 3.725828478325254e-07 0.0 6.164067526120805e-07 5.019540047368436e-07 3.8575308055475345e-06 1.687395628331186e-05 1.3258107187136937e-06 1.0821689634243321e-07 1.5568365119602095e-05 1.0195898701041762e-05 3.2906802496064175e-05 3.7674069433873e-05 3.4634635441316156e-06 2.133192230646162e-06 0.00014153944793533736 1.1251218834639484e-06 2.527562921612735e-06 7.716270791586972e-07 0.0 4.124254185742519e-07 2.867075524542232e-07 2.558520686200588e-07 7.80212408975267e-08 2.830001485269288e-07 2.8567911363090774e-07 3.5589233078626143e-07 3.211930540217425e-07 5.680627117131469e-06 2.289367745298124e-06 1.884319186244261e-06 4.35390382834062e-05 2.5650849058382213e-06 0.0 7.16428876505262e-07 7.5351294964961186e-06 1.3259151237696283e-06 9.418250500854779e-08 1.14829367682951e-05 9.721225149152317e-07 1.539356119003776e-05 1.6446829725319872e-05 3.4197913529493683e-06 2.854456103280582e-05 8.491823028222982e-06 1.1563262047520064e-05 8.583857285448667e-06 1.4789916949926818e-05 3.576724958167781e-05 1.9372161693559228e-05 9.405278034386708e-06 6.816295752725754e-08 0.0 0.0 6.755114591065442e-08 0.0 0.0 0.0 1.1431074015558584e-07 0.0 9.646437014568841e-08 0.0 0.0 8.652638144677957e-08 0.0 8.005735946037772e-08 0.0 8.435498002641635e-08 0.0 6.933093409749454e-08 1.0233308430348871e-05 1.858332526481288e-05 0.0 1.2421604853846718e-06 0.0 1.681231039596825e-05 2.5169373440422624e-07 1.3474445549628613e-05 9.202893704268824e-07 1.9167945573843902e-07 0.0 0.0 0.0 0.0 0.0 0.0 0.0 1.9158753881434542e-07 5.930782812715369e-07 0.0 0.0 1.4009647612165338e-07 0.0 0.0 2.1040149707257882e-07 0.0 0.0 6.458556089740123e-07 1.7113419994882895e-06 0.0 0.0 1.4715102054162988e-06 1.5470958665404858e-05 3.7845405911390035e-06 3.052169813011722e-07 7.41762978271988e-08 0.0 0.0 0.0 1.3513002087902516e-07 0.0 1.1037322652970404e-07 2.547401929866559e-05 9.954377879282132e-07 0.0 0.0 9.47930533566557e-08 2.6453727062123586e-05 1.424087740881852e-06 9.634452273226025e-06 1.867599236927533e-07 2.9365203979160957e-06 7.47314622219051e-07 2.942812241782352e-07 2.9751326834116557e-07 8.87182151351926e-08 0.0 0.0 0.0 0.0 0.0 4.899909526456465e-07 0.0 3.371092468729008e-05 4.63768109439441e-06 3.894598924427828e-06
0.00019786898902907142 0.001977580985173471 0.00022407161747566546 0.0011311879275643375 0.000497097062045235 0.00025830785635272863 0.001893589984212552 3.877065990186353e-05 0.00013555668324555188 0.0 3.4854360570079296e-05 0.001066279285786989 0.0027019954067981264 0.0002384957903666051 1.6292398331945742e-05 8.733198115306655e-06 1.3707585533944952e-06 1.5655837927978688e-07 1.0628047543201965e-07 0.0 6.965847950657195e-07 0.0 0.0 7.985723510502797e-08 7.158012834598453e-07 0.0 7.361199453339338e-07 1.592341265058078e-07 0.0 0.0 5.464306489421087e-05 2.6999369070896075e-06 2.1313089518589397e-05 2.5793294208318135e-07 7.789494547259255e-08 8.763029584899699e-08 7.5051796693294336e-06 2.067575016818438e-06 2.428446944610629e-06 6.146835224013032e-07 4.4613640457091606e-07 2.0000821635211834e-07 4.868951906421724e-07 2.0545593478248155e-06 1.1003837867453402e-07 6.721010426890702e-07 0.00012340242679441415 1.435626064507181e-06 1.3693508700560577e-07 3.6133500054208626e-07 2.8882400483750264e-07 7.275664800510497e-07 6.041580572878487e-07 3.832900916260183e-07 8.656327705723368e-07 7.622319313875023e-07 1.698153240713607e-05 2.5641731565713414e-05 1.2914051858128735e-05 1.3564121988484492e-05 1.7586727482160146e-07 3.2256928511710756e-06 7.613250994403774e-08 7.5580784593549885e-06 9.729346520045566e-07 9.808602414207199e-07 2.895631928849164e-07 6.677428292296854e-07 3.334825510328951e-07 1.1830931615817986e-06 0.00014582253885851265 7.38202645822686e-06 1.0768657937059218e-06 3.212291615663428e-05 2.2173021215006998e-05 4.3148763354012977e-05 5.152970179593224e-05 4.505836696603299e-06 7.453087843905783e-07 1.871082986395402e-05 2.321819617130275e-07 3.067804690110057e-06 1.7717078187511544e-06 1.2337839342553819e-07 3.9947856943148893e-07 7.321274261067072e-07 7.415834181679637e-08 6.489933165194626e-08 4.03472169664592e-07 9.858490144067632e-08 8.152869141923784e-07 2.6602780319278754e-07 1.56056565039054e-06 1.3376903385199444e-06 9.297684029971109e-07 0.00037523272622339596 0.00010747972027321266 8.523301699375129e-07 2.616996517526386e-06 0.0002231574121697195 1.7980672985861847e-06 1.7578792144836348e-06 6.195096399526613e-05 3.789879155000986e-05 7.054624696604175e-05 0.00020549900191833386 3.0101719289824387e-05 0.00018615897670685742 9.692464983408052e-05 0.00011787370167402874 3.776884593904085e-05 0.00014255311894882617 0.00014726074510806937 0.00015617247536623075 3.347376314114097e-05 3.712679990161931e-07 0.0 0.0 0.0 0.0 0.0 6.967068418861622e-08 0.0 0.0 8.209565260481757e-08 8.639981577037633e-08 0.0 1.4673370639339245e-06 0.0 8.447180408009515e-08 0.0 7.310165228757998e-08 0.0 0.0 3.4856562465921244e-05 6.814123852911402e-05 0.0 8.751203380610566e-07 9.080749027654616e-07 3.7201208408307666e-05 5.997701224517775e-07 2.9089077714460852e-05 1.8438584058395226e-06 7.246338933706691e-07 0.0 1.7626651794543906e-07 0.0 0.0 0.0 1.0254716507319613e-07 2.8896574859060236e-07 1.2957072064499249e-06 1.4051384494867635e-06 0.0 0.0 1.6654920528336963e-07 6.073698388755122e-07 3.057793997481035e-07 9.725632636367934e-08 8.92276328695849e-08 0.0 1.6292367812384482e-06 1.967962393035085e-06 0.0 1.1250938213055836e-06 1.4711945139908474e-06 3.3983904671816744e-05 4.521088501671518e-06 7.853558600754217e-08 0.0 0.0 2.0550158025561754e-07 0.0 0.0 0.0 5.712799171849467e-07 5.678050374959934e-05 5.427910474631668e-06 2.0080032340813852e-07 5.263261495416601e-07 0.0 8.578392840966326e-05 1.6572278131870426e-06 1.6596972026761532e-05 9.473403294976486e-07 3.815911017150384e-06 2.8759721777663216e-06 1.7267786754161479e-06 3.8363181518135645e-07 0.0 0.0 0.0 0.0 1.1316033621576014e-07 1.0111696287397045e-07 9.004022247299792e-08 1.888757664389977e-07 0.00013714699793255242 6.6355823662692195e-06 6.633592077327599e-06
5.478707651593565e-05 0.0012619424423152335 0.0017947146995229049 8.241910678374742e-06 0.0012906890464951053 2.9767941328796068e-06 0.0001578563487298603 0.002389683050165189 0.0007022131614439742 3.4854360570079296e-05 0.0 0.0001640507187550301 0.0011900031134399504 0.0026442124570932165 3.346378245899485e-05 2.680404446334201e-05 7.238957184520187e-06 1.010920991103187e-06 1.8840267552999077e-07 1.9165547500575038e-06 1.0153918648581504e-05 1.1997404195382474e-06 2.016774509478552e-06 3.127598154470811e-06 3.658882629085322e-05 7.0999364475138646e-06 9.629665390657251e-06 4.463656444368679e-06 2.113117090485431e-06 1.3865091169763709e-06 0.000260421467280637 8.682086324154233e-05 0.000427611757348377 1.5615735752418733e-07 1.4498076297632202e-06 9.133017509550224e-06 5.9330444460733405e-05 1.3758695900306492e-05 9.220348743866503e-06 1.713915169312497e-05 1.6020240307835076e-05 5.29438936130706e-06 1.293984648725361e-06 2.572017641636142e-06 5.257475411462527e-07 8.390310071527725e-08 6.476736057535023e-05 5.395906384344193e-07 5.385243832601792e-07 1.590486874895922e-06 1.554829104159249e-06 5.787457705141197e-06 1.0129079804629175e-06 2.0682193026057623e-06 3.381711060613249e-07 0.0 1.040372531125057e-05 4.283139503076564e-05 5.434826542827354e-06 7.278640407453812e-06 1.9590351385458047e-06 8.085194153591647e-05 4.1137133728595863e-07 2.1565105229336964e-05 1.0938791858387812e-06 1.0228021758539917e-06 8.573234492096812e-07 2.0194973055998727e-06 2.9125230981838805e-06 1.5129979212919939e-05 4.387548366414434e-05 4.784281285249199e-06 5.034109555465953e-07 2.0537997249953847e-05 1.1806357429757863e-05 4.257146376133086e-05 3.8884789736942666e-05 4.419646394855595e-06 3.954602570898027e-05 0.0017638075174877237 1.7978157761723572e-06 0.00010208692623677032 1.3271623845790062e-06 7.340572918477649e-08 2.057906424839827e-07 6.899078931352956e-07 6.407119064771422e-07 6.810117929839799e-07 7.196806301706852e-07 1.5535926848332259e-06 2.4962979879480845e-06 3.7884791103517483e-06 2.8267054172763378e-05 1.453199572293058e-05 1.4053343642041124e-05 2.3794744628308557e-05 1.0334369419744144e-06 6.450945179877632e-07 2.2480408592141668e-06 3.1636843705737903e-05 8.261309240840047e-07 1.1909421064243315e-06 4.459423030523771e-06 7.865085894348655e-07 8.94826777913404e-06 7.895758103692323e-06 9.793655936734828e-07 1.274747712350891e-05 1.987609643416251e-06 4.200042275901446e-06 5.082243692677305e-06 6.16697264771002e-06 1.2249427114930855e-05 1.0600099833192369e-05 7.285783254341606e-06 2.888695579223457e-07 8.685085918743647e-08 0.0 0.0 0.0 0.0 7.45036603451657e-08 4.84003041123475e-07 1.4474580697755212e-07 0.0 5.314304078938731e-07 7.669964207938398e-08 5.698523106568082e-07 7.122542832068564e-08 1.7992869560362046e-07 1.9651817002501915e-07 4.380723709835444e-07 1.3517221467525786e-06 7.771168355193294e-08 9.34903410938577e-06 1.0864754708642626e-05 0.0 4.199594701759059e-07 1.4455133276338256e-07 1.325390593321686e-05 1.0796231128811944e-06 1.5721375059382705e-05 2.4418824524040044e-06 1.2526886907223246e-06 3.3920261192456925e-07 0.0 8.912845058041413e-08 0.0 0.0 0.0 6.746989449221457e-08 3.080527488215076e-07 8.964035777078132e-07 0.0 1.2426884059173223e-07 1.7373204310367644e-07 1.7333326506376246e-07 1.1565003667400583e-06 0.0 2.2216097438850628e-07 0.0 1.452035111505887e-06 1.2820155631129927e-06 0.0 0.0 1.4018381448306648e-06 1.6894986680712036e-05 4.026927537432606e-06 0.0 0.0 0.0 0.0 0.0 1.1546172230785703e-07 0.0 7.151959390237476e-08 1.101621150694522e-05 8.501241009100866e-07 4.500078825645618e-07 9.267169245250675e-08 3.2297672000291873e-07 1.567098735173453e-05 1.4804372587882064e-06 7.86034465285358e-06 9.054797910359271e-07 2.231711448410004e-06 1.0732666286344726e-06 8.328008183309848e-07 7.87108283729783e-08 0.0 0.0 3.3721451641929074e-07 0.0 0.0 1.231396922441996e-07 1.2915081396812676e-07 1.0700124238510737e-07 1.3727780426931093e-05 5.291593503015305e-06 6.516147262309102e-06
