0.0 0.0024792952282943616 0.0008287300197365501 0.001360662395267045 0.00019862667837048452 2.4076397550778285e-05 0.0008581819618388601 3.865236249244558e-05 9.824084732915635e-06 0.0014603185602222015 0.00012152757572896306 6.226603822167427e-05 5.1250149428549184e-05 8.38476812700948e-06 1.782815619361386e-07 1.0910680377084407e-07 0.0 1.1935254210685204e-07 0.0 0.0 0.0 0.0 0.0 0.0 6.633145012508589e-08 0.0 1.4413203258092253e-07 0.0 0.0 0.0 0.00028790082849547546 1.0370020086662939e-07 0.0 0.0 0.0 0.0 0.0 0.0 0.0 0.0 5.562117183107349e-07 0.0 7.404217395670861e-08 1.9840066800116098e-07 0.0 8.297997814675877e-08 1.9266961249875946e-05 3.3470523392130768e-06 1.1667856742186784e-07 0.0 6.152860041226932e-07 5.971334807533088e-07 0.0 0.0 3.922003977983014e-06 4.544689136393705e-06 0.00012357590099509974 0.0003416586350070452 1.0723124156652919e-05 1.9592979902898568e-05 0.0 1.9259334573768488e-07 0.0 1.6098328598389316e-06 4.0873605675035906e-06 2.584310830210993e-06 1.1773648335490946e-06 6.086988688957414e-07 1.0425788819050002e-07 8.908726098592247e-07 6.371273081727881e-06 0.0 1.9337137365306822e-07 0.00010851173267720666 1.001644481185148e-05 1.3455436682263177e-05 8.895342615030532e-08 1.692105972619728e-07 0.0 9.879034429156044e-06 1.100046350863433e-07 1.3833108519609274e-06 8.678731618194566e-06 2.11397350107322e-07 3.2015161645493677e-06 3.00778627663963e-06 3.79230765668038e-07 1.219877791964571e-07 7.824033144708087e-07 3.4263098081612276e-07 6.811126617972598e-07 0.0 8.410673401492198e-07 2.0826307238882792e-07 5.285713634039173e-07 9.361602333506124e-06 3.803347611471366e-06 5.464664431706779e-07 5.165878431342438e-07 0.000496596660488966 7.319644826341196e-07 3.509921378726431e-06 6.488432736708745e-07 1.5214956842684486e-05 0.0 1.918172151711203e-05 4.652552288267703e-06 6.350947060547993e-06 1.637444611572834e-05 7.092291567389751e-06 5.496462088388306e-07 2.8791175069864566e-06 5.247811748934106e-06 1.6721521305474205e-06 3.720252514820825e-07 0.0 0.0 0.0 1.5736742144007786e-06 0.0 0.0 0.0 0.0 3.1504988129884683e-07 0.0 0.0 0.0 6.113758802142617e-07 0.0 0.0 0.0 0.0 0.0 0.0 0.0 0.0 0.0 0.0 0.0 0.0 0.0 2.8393683501588086e-07 0.0 0.0 0.0 0.0 0.0 0.0 0.0 0.0 0.0 0.0 0.0 0.0 0.0 1.4110219727398116e-07 0.0 0.0 0.0 0.0 0.0 0.0 2.274278342939625e-07 1.2155829799333833e-06 9.975921135651254e-07 0.0 3.8390431566167384e-07 0.0 0.0 0.0 0.0 0.0 0.0 0.0 0.0 0.0 1.9788942612400996e-06 0.0 0.0 9.255259604893697e-08 0.0 0.0 4.581693197022537e-07 6.134268047224377e-07 0.0 0.0 0.0 0.0 0.0 0.0 0.0 0.0 0.0 0.0 4.5022627972659183e-07 0.0 0.0 3.768714587135971e-07 0.0 0.0
0.0024792952282943616 0.0 0.0009643742746219681 0.000243337848566783 0.0010655184233204394 0.00012117370576391327 0.0022796528451051413 0.00011747913066663168 0.00022586290878492143 0.000276370455897454 0.00034091377558320685 3.5483999554202475e-05 0.00017840851503520097 9.920136786487132e-05 1.0986503543449292e-05 2.2330027648152454e-06 2.3861408095732793e-07 0.0 8.79125310953746e-08 2.6042275213973357e-07 0.0 0.0 0.0 0.0 0.0 8.795042062192832e-08 0.0 0.0 0.0 0.0 0.0017910253848477874 2.2659049559099303e-06 1.6087568109633356e-07 0.0 0.0 7.775161332043512e-08 7.900501390521441e-07 0.0 0.0 9.606803282959077e-08 0.0 0.0 5.180404824431661e-07 3.702784143619265e-07 1.852707980538255e-07 0.0 0.00022946340672513733 1.2441683639215397e-05 5.772090338407723e-07 2.3547989214927523e-07 2.0911158166286598e-06 0.0 0.0 8.331309821351903e-08 1.1053706924594379e-05 1.4421859373486247e-05 9.002332654743512e-05 0.000575749770293612 2.663515062322556e-05 0.00011487363076842575 1.0406183382801109e-07 5.259733661107174e-07 7.65254220664214e-08 3.0019047887055945e-05 1.2640550745070522e-05 7.421882375215352e-06 3.407909477713211e-06 2.27500043934812e-06 2.5290296690058857e-07 1.1933631253166938e-06 6.465952360820307e-06 1.9088867952379785e-07 0.0 0.0003116856162606653 0.0002012474616110813 0.00017976874935308554 3.552275426826117e-06 1.3075519541666287e-06 1.233938773089538e-07 1.3102187106916259e-05 6.59876006198315e-07 2.8957840838277285e-06 2.5263072948962512e-05 9.07522280038106e-08 9.804136950431874e-06 8.923789859549855e-06 1.7472474350036463e-06 7.356691345125416e-08 2.843029442760223e-06 1.490660628107181e-07 2.5849184099710023e-06 6.475120518285421e-07 1.1782400816124855e-06 8.449938099003342e-07 3.3677222728194545e-07 8.56946301793822e-06 3.437619654016629e-06 0.0 1.6218507474138277e-06 0.0006119609576511821 4.7525311904855797e-07 6.410863834345329e-06 1.3660105693684124e-06 1.2215062113196438e-05 2.120902496947245e-06 3.70806784425252e-05 9.207160971105816e-06 2.697073707930799e-05 2.588218197895742e-05 1.1493387488995041e-05 1.2271021756818918e-06 9.630803459735996e-06 1.6705256945791175e-05 8.607881848867213e-06 6.78769892184914e-07 0.0 1.0263240287999258e-06 0.0 0.0 0.0 0.0 0.0 0.0 0.0 0.0 0.0 0.0 1.7414570809559426e-07 0.0 0.0 0.0 0.0 0.0 0.0 0.0 5.758128936977092e-07 0.0 2.837378671266208e-07 0.0 5.277028793733354e-06 1.9504163699755617e-06 2.463370641709628e-06 2.123350632271881e-06 0.0 0.0 0.0 0.0 0.0 0.0 1.5328924722248351e-07 0.0 3.212283909765197e-07 3.2988465683433454e-07 0.0 0.0 0.0 0.0 0.0 0.0 0.0 0.0 0.0 9.289654403960331e-07 1.8526719649702352e-06 1.178626082874067e-06 2.4117074036670173e-06 1.2726578614183083e-06 0.0 0.0 2.995278143730277e-07 7.962644044057779e-08 0.0 0.0 0.0 0.0 2.282312837563134e-07 1.3830407181026141e-05 0.0 0.0 8.729742814417216e-08 1.6383524979753254e-07 1.269169874710538e-05 2.8015657369811663e-06 1.3382521844828205e-05 0.0 0.0 0.0 3.7080118723939695e-07 0.0 0.0 0.0 0.0 0.0 8.791454183920254e-08 0.0 0.0 0.0 5.244556594050935e-06 8.562985810213127e-08 1.2443705531044827e-06
0.0008287300197365501 0.0009643742746219681 0.0 8.14891796390748e-06 0.0010133373377584005 3.4532278272852834e-05 0.00016632453677281598 0.0007081631356138305 0.0004054019932554547 7.738158728178067e-06 0.0023910172727886177 1.9222748234911008e-05 0.0002303055841258256 0.0006675164320661665 5.0948440770995344e-06 1.090619340907162e-06 1.529848041926979e-07 2.841573739460706e-07 0.0 4.612920459026342e-07 9.412589988979605e-06 1.867177676122942e-07 8.798075276096545e-08 9.015854562971398e-08 8.175933558821311e-07 1.709607733111655e-06 2.2945092299472449e-07 4.019783379505918e-07 1.9807472916235766e-07 0.0 0.0033562300215169896 0.00030671610744771913 1.5097146349594256e-06 0.0 8.932137175302433e-08 2.274222739717444e-07 7.805689757978137e-08 0.0 3.3341089281398265e-07 6.415507777161987e-07 1.1315729134538795e-05 6.748530986255267e-06 1.081624763980664e-06 2.6947334948356064e-07 0.0 0.0 9.499869901766828e-05 6.714780418568279e-06 9.465391636313534e-07 2.0880180127089224e-06 1.7582146952499128e-06 2.088255027427824e-06 0.0 2.763693937801607e-07 4.012733075593538e-06 7.327132227661888e-06 4.619792484509168e-05 0.0004001769462863932 1.1380180087793283e-05 5.127569513552847e-05 1.5596670788069588e-06 4.074562415573747e-06 0.0 4.1394355101324576e-05 5.891495652281162e-06 3.952649198041277e-06 1.5433733991960645e-06 1.1534789272071313e-06 4.6784491572940774e-06 1.5961910859736196e-05 6.756021000175082e-06 2.9774300565514125e-07 0.0 0.00014971761587630327 0.00011604568769649981 9.090556950985481e-05 2.751459190820941e-06 1.0077509590428541e-06 1.2789156381740961e-06 0.00039184487101453374 2.6039228321540205e-07 4.05561706480405e-05 1.2515015815422896e-05 0.0 5.778295432307366e-06 3.844887657123237e-06 2.2221578043007165e-06 7.658480056272815e-08 1.0835236242770363e-06 1.0479624091300462e-07 2.8942626825513015e-06 1.3685101906778665e-06 1.23497885358804e-05 8.968453718845197e-06 1.0357129057518191e-05 1.7441445563494858e-06 3.539491500566894e-06 0.0 2.4820570312438604e-06 0.00017885462259344516 3.558199420106467e-07 2.4360533257933724e-06 4.558410753203222e-06 1.52917418285256e-06 0.0 7.33124547773253e-06 1.6638851146019305e-06 5.532991893883597e-06 3.914444504490694e-06 4.3314900093527244e-06 0.0 2.61557845755518e-06 2.5807390036927157e-06 3.1145797264756934e-06 3.4141636843728145e-07 0.0 4.6251764214061717e-07 0.0 0.0 0.0 0.0 1.6616398523867107e-07 0.0 0.0 0.0 9.466300164239062e-08 0.0 0.0 0.0 0.0 9.614953634726965e-08 0.0 0.0 0.0 0.0 0.0 0.0 9.071340149799012e-08 0.0 5.089093322394564e-07 3.671320858589942e-07 2.2252616062556137e-07 3.3314208919265763e-07 0.0 9.946222996453748e-08 0.0 8.893846867836074e-08 0.0 0.0 3.8028196749490314e-07 0.0 0.0 0.0 0.0 0.0 1.9501312547078782e-07 0.0 1.1091244488907028e-07 0.0 0.0 0.0 0.0 0.0 8.831357190007798e-07 1.9129441890336448e-07 6.681133397349166e-07 4.951184473568472e-07 0.0 0.0 9.701605066961185e-08 0.0 0.0 0.0 0.0 0.0 1.1785771137386655e-07 8.552722946358258e-07 4.0272485053414137e-07 0.0 0.0 3.7116637661843346e-07 4.383670220576322e-07 3.2568222959099704e-07 3.8519833942711575e-06 0.0 0.0 0.0 0.0 0.0 0.0 0.0 0.0 0.0 0.0 0.0 1.95325050656178e-07 0.0 1.4176860154985502e-06 5.83760078267792e-07 4.444082608530922e-07
0.001360662395267045 0.000243337848566783 8.14891796390748e-06 0.0 1.2456171664029536e-05 0.0010912962922456975 0.0005387596227741627 3.1717369869041814e-07 1.1518204164551397e-05 0.001819149039036063 1.0468826191766475e-06 0.0006552709124980855 0.0007011794945823443 5.194600121876482e-06 1.015390896484616e-06 8.764049250183659e-08 1.1482266454720784e-07 7.968278230334845e-08 0.0 0.0 7.876137604235636e-08 0.0 0.0 0.0 0.0 0.0 0.0 0.0 0.0 0.0 4.25805288804771e-05 0.0 0.0 0.0 0.0 0.0 0.0 0.0 0.0 0.0 0.0 0.0 8.487230694532218e-08 1.0073061948187907e-07 0.0 0.0 3.125072726800935e-05 3.413760284021782e-06 1.8388917083050016e-07 6.622619384103143e-08 7.434023800428902e-07 0.0 0.0 0.0 2.055120315011159e-06 3.456543680642852e-06 2.0913843576222196e-05 9.963292425137015e-05 6.151443554271323e-06 1.8897923710669398e-05 6.638989164212586e-08 0.0 0.0 3.501758121266021e-06 3.433439611686722e-06 2.104232124314054e-06 8.224300086608306e-07 4.858080468640678e-07 0.0 0.0 5.75131846556068e-07 0.0 0.0 7.30101934114323e-05 1.914299311370471e-05 2.1413634041577385e-05 4.461889044587635e-07 1.0906364117119054e-07 0.0 0.0 0.0 5.8928777035389e-07 6.082561749171084e-06 0.0 1.8434853620081686e-06 2.0295414444372462e-06 2.6484853609032577e-07 0.0 9.738878375763552e-07 0.0 3.4511465296024826e-07 7.433852613632937e-08 0.0 9.908042801149391e-08 0.0 8.071491325089523e-06 1.9480712681739463e-06 0.0 0.0 0.0004722128036627142 1.1721925233364231e-07 8.017863679237457e-06 2.5674826853156614e-05 2.9380352728056453e-05 2.3143480903010644e-07 5.1886911127412075e-05 1.923762423069497e-05 1.2576005888711412e-05 3.644231913245908e-05 9.119993393241637e-06 1.5891949408307118e-07 5.480351632679284e-06 1.220098192741613e-05 3.4791889170073882e-06 7.231180852170641e-07 0.0 0.0 0.0 0.0 0.0 0.0 0.0 0.0 0.0 0.0 0.0 0.0 0.0 0.0 0.0 0.0 0.0 0.0 0.0 2.446939547591962e-07 0.0 0.0 0.0 0.0 5.654825878534276e-07 0.0 0.0 0.0 0.0 0.0 0.0 0.0 0.0 0.0 0.0 0.0 2.0382438274570731e-07 0.0 0.0 0.0 0.0 0.0 0.0 0.0 0.0 0.0 4.1494152817741467e-07 1.852891272832775e-07 6.438599186639119e-07 1.0832459706471618e-07 0.0 0.0 0.0 0.0 1.7460618211072205e-07 0.0 0.0 0.0 0.0 0.0 0.0 1.8619266528125977e-06 0.0 0.0 0.0 0.0 1.5078020824550821e-06 0.0 0.0 3.6485582809605915e-07 1.6300812963998256e-07 0.0 0.0 0.0 0.0 0.0 0.0 0.0 0.0 0.0 0.0 0.0 4.1691845868057543e-07 0.0 0.0
0.00019862667837048452 0.0010655184233204394 0.0010133373377584005 1.2456171664029536e-05 0.0 6.664415567058076e-06 0.0013280575019076844 0.000403517829608828 0.0029802443584150324 7.058852424937901e-05 0.0017005146155461134 3.876216103996808e-05 0.00034997807427910216 0.0006740078939884521 7.799085565624972e-06 1.799787972889063e-06 0.0 1.2814672857702823e-07 0.0 1.3261691303418848e-07 0.0 0.0 1.3634535187530963e-07 0.0 0.0 0.0 0.0 0.0 0.0 0.0 0.00015450750307598025 7.632226923107864e-07 9.885630530659043e-08 8.973051024715725e-08 1.0926138483206559e-07 0.0 5.994660940575441e-07 0.0 0.0 3.489147330993207e-07 0.0 0.0 0.0 5.44724284107591e-07 9.356858250175418e-08 2.2983888028601686e-07 0.00013172964309593146 1.7120151269363484e-06 2.2469896767032849e-07 0.0 3.378538159619654e-07 0.0 0.0 0.0 1.1362323396819404e-06 2.294431987291488e-06 1.0762637967542265e-05 7.12147522495041e-05 4.646599645307437e-06 3.40914080935859e-05 1.1881063980595721e-07 8.40669616387906e-07 0.0 1.0125033158320896e-05 2.3984024143465037e-06 1.050619094153816e-06 9.048836164768757e-07 5.758721354087216e-07 1.0262152571338052e-07 0.0 1.9398084515369946e-05 1.6125528627754872e-06 0.0 5.675348158570668e-05 6.0184962698708666e-05 6.905910940647946e-05 4.1544185595592404e-06 2.0327722105024227e-06 0.0 6.410691977301422e-07 4.041265236423636e-07 4.7141092271733433e-07 2.8980435306779793e-06 0.0 2.3264436856017193e-06 1.4683746104435812e-06 8.15668109702466e-07 0.0 2.5850924213832954e-07 0.0 5.823938393900887e-07 0.0 0.0 1.9773645912926264e-07 2.551151270745595e-07 1.2275352611775182e-05 3.8094293318747086e-06 0.0 1.0088168105747518e-06 9.740096072650782e-06 7.601058136817424e-07 1.0990506113698956e-05 2.046877893061605e-06 3.6357996668200997e-06 1.1582132303892827e-06 5.483308086779329e-05 4.683733822947585e-06 4.065804647504283e-05 2.7272128901084372e-05 9.261783429047125e-06 4.3391041354094294e-06 1.585489249384052e-05 2.4638550976064998e-05 1.4262113709903425e-05 2.287508859506593e-06 0.0 1.179328748931491e-07 0.0 0.0 0.0 0.0 0.0 0.0 0.0 0.0 0.0 0.0 9.889733268779808e-07 0.0 0.0 0.0 0.0 0.0 0.0 0.0 7.269406323407447e-07 0.0 0.0 0.0 7.797087139312793e-06 0.0 2.1956022456890734e-06 8.408774479642443e-07 4.445266964002638e-07 0.0 0.0 0.0 2.9450087273199887e-07 6.172742262519081e-07 0.0 0.0 0.0 2.3435272113774347e-06 1.666013562175718e-07 0.0 0.0 0.0 0.0 0.0 0.0 0.0 6.616582638704605e-07 0.0 7.04292051575761e-07 1.5131775803833465e-06 4.282691869247723e-06 3.002465239776339e-06 0.0 0.0 0.0 0.0 0.0 0.0 0.0 0.0 0.0 1.4658706701384555e-05 5.898047845704654e-07 9.697027547083496e-08 0.0 0.0 1.5120267906550273e-05 4.641670867632947e-06 2.0744649741998055e-05 2.932581236180958e-07 4.28843975146151e-07 5.847914393877018e-07 7.495146377632118e-07 0.0 0.0 0.0 0.0 0.0 0.0 0.0 0.0 0.0 5.3939400602980855e-06 8.095653517208417e-07 2.747581833829787e-06
2.4076397550778285e-05 0.00012117370576391327 3.4532278272852834e-05 0.0010912962922456975 6.664415567058076e-06 0.0 0.00020171725902130494 4.450751917523495e-07 8.332491372725083e-07 0.0009068803324257329 3.7211364761074703e-06 0.0001344977669827959 5.516356171017261e-05 3.5037446746146436e-06 0.0 0.0 0.0 0.0 0.0 0.0 0.0 5.671259373233859e-06 0.0 0.0 0.0 0.0 0.0 0.0 0.0 0.0 1.0427600540274561e-05 0.0 3.299448478352901e-06 0.0 0.0 0.0 1.817195987579462e-06 0.0 3.8078453718438805e-07 0.0 0.0 0.0 0.0 0.0 0.0 0.0 1.6335262682360606e-06 1.2643219330414903e-07 0.0 0.0 0.0 2.2591071549153396e-05 2.0872338773301426e-06 0.0 0.0 1.956316056509094e-06 6.165968590450427e-05 3.6243837029332892e-06 9.040525090279935e-07 9.125568201022396e-07 0.0 4.5924825474756196e-07 0.0 0.0 0.0 2.0136656302222682e-07 3.7071566223406227e-07 0.0 0.0 0.0 0.00011912794959917631 0.0001346862681570768 5.080815714479801e-05 3.061715684529713e-06 3.830843630535514e-07 5.074698106402688e-07 1.3693910948131822e-07 0.0 0.0 1.064094305933968e-06 0.0 3.0684607383790693e-07 0.0 1.0721178385839833e-05 8.149429151070515e-08 4.348069344533216e-06 0.0 2.2973228569464183e-05 1.2468962504785392e-05 6.191226308986913e-05 2.2825927344718364e-06 6.056686416989315e-06 0.0 1.198907238477386e-07 9.051662217344075e-07 0.00017618968627719945 0.00015887544605168913 7.39382661841577e-05 1.7609311000492988e-05 0.00022267765758874966 0.0 9.837715325950979e-06 8.089053763538055e-07 1.0346999217362137e-05 0.0 2.9003742412987695e-05 1.846501272572138e-05 7.725342082876418e-06 3.380787458368913e-05 3.15311528860709e-05 7.280597001914352e-07 9.234887158784879e-06 1.5503378518701823e-05 5.102654380625493e-06 7.210745402755219e-07 0.0 0.0 0.0 0.0 0.0 0.0 0.0 0.0 0.0 0.0 0.0 0.0 0.0 0.0 1.0985964267426048e-07 0.0 0.0 0.0 0.0 0.0 0.0 0.0 0.0 0.0 2.1766729801860725e-06 0.0 1.412462458675325e-07 1.1201247222677776e-07 0.0 0.0 0.0 0.0 0.0 0.0 0.0 0.0 0.0 0.0 0.0 0.0 0.0 2.810894302561044e-07 0.0 9.950052300770966e-08 0.0 5.29447151769221e-07 0.0 0.0 6.442703087434888e-07 0.0 0.0 0.0 0.0 0.0 4.951766631781513e-07 0.0 1.3489240479947488e-07 0.0 1.6616465548661373e-07 0.0 0.0 6.554976388700326e-06 0.0 0.0 0.0 0.0 2.454572823589885e-06 0.0 2.1919910455237973e-07 0.0 0.0 0.0 0.0 0.0 0.0 3.409627063298156e-07 4.6569050015140174e-07 0.0 3.606131449405744e-07 2.561943151726625e-07 2.3838457575108904e-07 0.0 2.2821582565019125e-06 0.0 5.58987139809324e-07
0.0008581819618388601 0.0022796528451051413 0.00016632453677281598 0.0005387596227741627 0.0013280575019076844 0.00020171725902130494 0.0 2.506519892486266e-05 0.0007285020999107035 0.0012404109293405467 0.00026110138803020483 0.0005250695424776833 0.004153331866476068 0.0009440794145034207 2.2865374465937407e-05 7.484558546114036e-06 2.1537309676075045e-07 7.779870849730315e-08 4.0660929300354593e-07 3.2074681099046324e-07 1.9906801609556633e-07 0.0 0.0 1.0514324468714833e-07 7.263623314730054e-08 1.9853563405116298e-07 0.0 5.308398038872765e-07 0.0 0.0 0.00015742527618240113 2.5010404705627152e-06 1.3629220531701661e-06 1.6617484599104783e-07 0.0 0.0 1.3648461571926222e-06 0.0 9.98422708069153e-07 4.569603565560719e-07 0.0 7.69126475563886e-08 4.893306648726785e-07 1.0692110060851943e-06 9.772340846263438e-08 8.863863531299703e-08 0.0002946511554521286 7.1263329611304646e-06 4.5093729652623994e-07 9.53046956548279e-08 1.3076856823097158e-06 0.0 2.3499322375026632e-07 1.4951185292449026e-07 5.241933229924885e-06 7.0140347991377655e-06 4.433043620128041e-05 0.00020052147654028952 1.766576984888671e-05 9.398143449777406e-05 6.867457537919713e-08 1.2805092894430334e-06 0.0 1.9923316518863452e-05 6.815230450375719e-06 4.277768515110157e-06 2.014136732454773e-06 1.458164162713533e-06 3.2068204315355636e-07 4.1897689954067975e-07 5.632403361457524e-05 1.8007050977703402e-06 0.0 0.0001802683271857005 0.0001388930035695295 0.0001721108987690591 1.1618284746117882e-05 1.0527168306933007e-05 0.0 3.469059022137222e-06 1.2177704435224476e-06 3.1447335043281725e-06 1.5232986245610367e-05 0.0 7.013745696578749e-06 5.646167991770722e-06 1.2925192161137946e-06 8.251919636471843e-08 1.224928814656682e-06 0.0 6.341414671200903e-07 0.0 0.0 5.282856804772611e-07 1.0012663717511273e-07 9.850353424039975e-05 2.0340149438860163e-05 0.0 4.12756619053724e-06 0.00010397599059168884 1.6308207029873304e-06 6.148768692533705e-05 2.646663259042702e-05 4.584286190709667e-05 2.7611670483437105e-06 0.0002767366118834521 3.83687657467072e-05 0.00021042357426270542 0.00019801246033122657 9.11342931112428e-05 1.9494804350645236e-05 0.00010291129948467609 0.00015380403332288035 9.785514357558959e-05 1.620030180284274e-05 1.0894145086768721e-07 3.743189493700559e-07 5.385870630710381e-07 0.0 0.0 0.0 0.0 0.0 0.0 0.0 3.085711689355153e-07 0.0 2.2460089261423094e-07 0.0 0.0 0.0 0.0 0.0 0.0 7.904814709602964e-06 1.7032604714162592e-06 1.1894924434479077e-07 8.065980409719787e-07 0.0 2.7133641299999073e-05 3.3661947230440437e-07 8.029955923298398e-06 4.766506113142564e-06 1.90866181078572e-06 0.0 2.950274414013894e-07 0.0 2.625855560759198e-06 7.79895414915336e-06 4.5871636786592445e-06 0.0 1.4264171165909406e-06 2.0959609090600253e-06 4.4711370299505716e-07 1.8925732338845401e-07 0.0 0.0 1.569912454661937e-07 9.834641076458937e-07 1.9048897374356796e-06 2.9318583258999616e-07 1.8468038279648604e-06 3.1418592417758375e-06 4.877577010116687e-06 1.8463906570402484e-05 4.9503997910485145e-06 1.2632673519339266e-05 1.1647942171172507e-07 4.39917565441034e-07 8.437375737564016e-07 0.0 0.0 0.0 4.531363116334175e-07 0.0 0.0 0.00010600908941811735 1.0132865709974993e-06 0.0 0.0 0.0 6.473391304582599e-05 2.194639325091225e-05 8.241994607672832e-05 4.2814671142393e-06 1.0321509660746215e-06 1.6661536576742606e-06 0.0 6.051897857920132e-07 5.01539887717406e-07 1.6040923640310433e-07 2.558972175131872e-07 0.0 0.0 6.282264059194659e-08 0.0 0.0 4.145956232679336e-05 2.412903235424935e-06 1.1344332505793165e-05
3.865236249244558e-05 0.00011747913066663168 0.0007081631356138305 3.1717369869041814e-07 0.000403517829608828 4.450751917523495e-07 2.506519892486266e-05 0.0 0.00031534181480051305 6.370954276242181e-07 0.0017696233472104183 4.793233234709731e-06 8.693661488234585e-05 0.0004718646369468367 1.6331434930556475e-05 9.410841968666648e-06 8.987397203179553e-07 7.604465595286664e-08 0.0 3.266010376153217e-06 1.414222553710142e-05 2.2300582561749613e-07 6.167285281590932e-07 1.2671385611100227e-06 2.406409934909954e-06 5.599546823822703e-06 7.757883639542371e-07 1.776679178001011e-06 2.960268152801996e-07 2.8274773993371323e-07 0.0014215509115066852 0.0015609266449615276 1.4695449180655603e-06 1.8902385140867707e-07 7.974314291806911e-07 1.0941804434583578e-06 0.0 1.0520516602207828e-06 2.1497584490870237e-07 1.6925549361523305e-06 1.3905341687529509e-05 7.582172321163194e-06 2.0904303991968625e-06 0.000101565741052529 4.715322991483359e-07 7.973289222810545e-07 0.0001259918230204191 1.442724433695688e-06 1.1324498296139355e-07 1.1819804823276033e-06 1.8637671536631063e-06 2.2059642925609245e-06 0.0 2.2621822825689686e-07 8.301598755944071e-07 1.0322263689681694e-06 1.153055424205305e-05 0.00011511259342618805 3.253113136956097e-06 3.0395044172938063e-05 1.676365835738283e-05 9.912125028315257e-06 6.158396973159668e-07 0.00039016603441918317 1.5735308292159049e-06 1.4135030664811372e-06 4.352579401903699e-07 1.1609247526375848e-06 1.749312448397147e-06 2.4813760176146166e-05 9.526282499228008e-07 1.4541905909462858e-07 0.0 4.6840193430997394e-05 9.100425209099823e-05 7.530015423625177e-05 3.523244597423132e-05 0.00012868191950061314 0.0004610358760788684 0.0015414191263767307 0.0001447372187897791 0.0005909726116937195 2.8521179980232515e-06 0.0 1.5914074019323304e-06 9.621075460578624e-07 4.783961305081006e-07 0.0 9.893875401065363e-07 0.0 6.638515955486548e-07 1.667162873255004e-06 9.628862209676885e-06 1.0761592722714969e-05 1.1632271439149445e-05 1.1840221122750235e-06 1.6698893734930445e-07 0.0 4.148944740361349e-07 1.3157435118205265e-05 0.0 0.0 0.0 0.0 0.0 1.9146664663541874e-06 0.0 1.1367046319465058e-06 4.044484820290994e-07 8.142887667935575e-07 0.0 9.693298506387076e-07 5.229227394390245e-07 2.8047613971005295e-07 0.0 0.0 0.0 0.0 0.0 0.0 0.0 0.0 1.17965785434986e-07 0.0 0.0 3.582776728236859e-07 0.0 0.0 0.0 0.0 0.0 9.662585693875579e-08 3.7089708057004853e-07 0.0 0.0 0.0 0.0 0.0 0.0 1.5155162395975952e-06 0.0 1.0318440403917424e-07 0.0 1.1057510499597721e-07 0.0 0.0 0.0 0.0 0.0 0.0 2.740161258964683e-07 0.0 0.0 0.0 3.531091584029347e-07 0.0 0.0 1.0206853012510845e-07 0.0 0.0 0.0 0.0 0.0 0.0 6.382729575097428e-07 0.0 1.174600436945235e-06 0.0 0.0 0.0 0.0 0.0 0.0 0.0 0.0 0.0 1.0169348946916802e-06 0.0 1.2646236814009758e-07 0.0 8.495437265056106e-07 6.336673966466972e-07 5.474635874491891e-07 1.5714677855306435e-06 0.0 0.0 0.0 0.0 0.0 0.0 0.0 0.0 0.0 0.0 1.0248409752807901e-07 4.251647106183731e-07 0.0 0.0 0.0 3.8986959074387887e-07
9.824084732915635e-06 0.00022586290878492143 0.0004054019932554547 1.1518204164551397e-05 0.0029802443584150324 8.332491372725083e-07 0.0007285020999107035 0.00031534181480051305 0.0 0.0002762215110127357 0.0013835222957428023 8.651813778943171e-05 0.0020257157728228344 0.001038446931417492 1.4417868655682338e-05 7.805504017226847e-06 3.381562892835114e-07 0.0 8.15289802613695e-08 0.0 0.0 0.0 0.0 0.0 0.0 0.0 0.0 1.1407688376498347e-07 0.0 0.0 4.375972293008992e-05 3.772379359261806e-06 4.697638704694561e-07 0.0 9.086513742508773e-08 0.0 6.944792523751147e-07 0.0 0.0 0.0 5.128177189746488e-07 0.0 1.0785916458266569e-07 2.6332523007867496e-06 0.0 0.0 9.416460458147256e-05 5.3644589446487e-07 0.0 7.417492408494104e-08 0.0 0.0 0.0 0.0 4.278133184705075e-07 1.0197861226004354e-06 3.3487757997264167e-06 1.7014463899614408e-05 2.1521477462172664e-06 1.817046747983987e-05 1.0679366869253391e-07 2.3114797026771244e-07 1.035466525343808e-07 3.0968803043940673e-06 9.983928683571762e-07 2.70805747679425e-07 0.0 1.722528868699709e-07 0.0 3.431281064508899e-07 1.842721546084875e-05 0.0 0.0 2.0806230057510514e-05 2.1248654965790872e-05 5.140329987973341e-05 1.0317205007013101e-05 1.3165427332494269e-05 0.0 2.5096701043237066e-06 6.298027948842479e-07 7.21227343127916e-07 6.710868673754109e-07 0.0 3.652187878747966e-07 5.288563145292483e-07 1.0582836803056318e-07 0.0 1.0928590359609e-07 0.0 7.833138463008946e-08 0.0 0.0 0.0 1.3502976459212924e-07 3.1696648182719286e-05 5.52208736337335e-06 0.0 1.547961492577013e-06 1.3749544673433288e-06 0.0 6.786111145508598e-06 4.869006111961119e-06 4.089014582122954e-06 1.8367303091537895e-06 7.965565273892732e-05 9.329848981581457e-06 6.218269184359861e-05 6.268658708517545e-05 2.30189298836643e-05 6.455212615554244e-06 2.6672871219940667e-05 5.086503552736824e-05 2.6061041992225117e-05 4.488719712622676e-06 0.0 0.0 0.0 2.928091395676991e-07 0.0 0.0 0.0 0.0 0.0 0.0 1.4749804510595447e-07 0.0 2.4243636818894907e-07 0.0 0.0 0.0 0.0 0.0 0.0 0.0 1.461436764561007e-06 0.0 0.0 0.0 9.986792899244228e-06 2.361766354034509e-07 2.8227517683426467e-06 1.8385423860201177e-06 0.0 0.0 0.0 0.0 7.357159424402912e-07 4.260867118953959e-07 1.7974957044074172e-06 0.0 1.2702849511663375e-07 3.4869493280972075e-07 0.0 4.897146622296975e-07 0.0 0.0 0.0 6.81167348557968e-07 2.1139866324614843e-07 0.0 1.8564064086857808e-06 6.169405795617643e-07 6.698265892260282e-07 4.729804450603366e-07 5.440950238784163e-07 2.809212828293826e-06 2.2682063069351267e-07 0.0 4.972886691595496e-07 0.0 0.0 2.426822534341944e-07 0.0 0.0 0.0 4.070779419234021e-05 8.590236997278796e-07 0.0 0.0 0.0 2.316054512838132e-05 8.880626883736776e-06 2.9641657519649445e-05 8.834544697723616e-07 1.5649278207124711e-06 6.075122291096086e-07 0.0 0.0 0.0 0.0 0.0 0.0 0.0 9.72047186262023e-08 0.0 0.0 1.5017303166015411e-05 7.026424619606713e-07 3.2024169572664906e-06
0.0014603185602222015 0.000276370455897454 7.738158728178067e-06 0.001819149039036063 7.058852424937901e-05 0.0009068803324257329 0.0012404109293405467 6.370954276242181e-07 0.0002762215110127357 0.0 5.546870403425811e-06 0.0012386280411565865 0.00252121800332409 0.00012176230255651312 1.846613949458414e-06 4.023382542565286e-07 0.0 0.0 1.0410475021413465e-07 0.0 0.0 0.0 0.0 0.0 0.0 0.0 0.0 0.0 1.813004270624677e-07 0.0 3.333625893442164e-05 2.343525693060666e-07 1.1474785537023054e-05 7.297064583509303e-08 0.0 0.0 1.9825500807684144e-06 0.0 0.0 0.0 0.0 0.0 1.6447556227849617e-07 1.9011521339798328e-07 0.0 0.0 3.7324688074134945e-05 2.198152491235991e-06 0.0 7.891271529210016e-08 1.791993160297697e-07 0.0 0.0 0.0 2.1905614887333085e-06 3.2586647664687185e-06 1.552280592889004e-05 7.646445901506781e-05 3.865144786389592e-06 1.7046699836897037e-05 1.0138512343713852e-07 0.0 0.0 1.9347825699819978e-06 3.501691595738081e-06 1.6846410451229092e-06 6.247808732635243e-07 6.208783204211388e-07 0.0 1.8383592715464808e-07 0.00031768043029134214 3.58789035071896e-06 0.0 5.726051808105202e-05 2.2398661461513907e-05 2.676677610276728e-05 9.327742816332134e-07 7.428711127986363e-07 0.0 5.455605121139698e-06 0.0 3.2001230815576346e-07 5.753464756776124e-06 0.0 2.373878185749611e-06 1.756438073131898e-06 1.6449675715986623e-07 8.249008845406634e-08 7.822426943388387e-07 7.877791338445147e-08 4.525239854236917e-07 0.0 0.0 7.648697172016058e-08 2.2962769063070056e-07 0.00027604926191481834 2.049759194585191e-05 0.0 3.4093734360052462e-06 0.00028507960169850535 1.7903751817641477e-06 4.668781059836764e-05 2.19875745224154e-05 6.795854478981401e-05 1.9143135192590024e-06 0.00020038043450802733 7.529608435395873e-05 0.00011989105829462276 0.00020294242669044273 0.00013528908233110724 6.5041343480120175e-06 7.515137063507402e-05 0.00013914228285460674 6.363091709107005e-05 9.027669632150995e-06 0.0 0.0 0.0 0.0 0.0 0.0 0.0 0.0 0.0 0.0 1.262650143173117e-07 0.0 0.0 0.0 0.0 0.0 0.0 1.6360582666247036e-07 0.0 1.497168024346752e-06 4.2542536183615077e-07 0.0 0.0 0.0 1.9306706241591387e-05 0.0 3.8063291684086432e-06 2.3228415474621984e-06 7.085137108314936e-07 0.0 1.0654622409493221e-07 0.0 0.0 0.0 0.0 0.0 1.879579930375152e-07 7.517307031573384e-07 0.0 0.0 0.0 2.188165981550699e-07 0.0 0.0 0.0 0.0 7.833555589764272e-07 9.477419851178159e-07 3.3651180586346236e-06 4.975223887207095e-06 2.075571522092497e-06 2.8681525994472533e-06 0.0 8.619243413242434e-07 0.0 0.0 0.0 0.0 9.780550015707912e-08 0.0 0.0 6.663866892517254e-05 5.317514778745707e-07 0.0 0.0 0.0 1.186738370030218e-05 5.587300080771717e-06 1.4776952082800592e-05 8.004762903522243e-07 8.879243122662858e-07 3.180258505568465e-07 0.0 0.0 9.263129546808022e-08 0.0 1.8070389271498245e-07 0.0 2.0624605695513799e-07 0.0 0.0 0.0 2.3109907677457866e-05 1.340939616788997e-07 2.8856680316293573e-06
0.00012152757572896306 0.00034091377558320685 0.0023910172727886177 1.0468826191766475e-06 0.0017005146155461134 3.7211364761074703e-06 0.00026110138803020483 0.0017696233472104183 0.0013835222957428023 5.546870403425811e-06 0.0 0.0001232126297494076 0.0008460056395643216 0.0022865449360400013 0.0001087344553709432 9.038384469498871e-05 4.158930456691933e-06 1.0966191747940027e-06 5.779045665450924e-07 6.48615772369199e-07 7.599784508423305e-06 3.281862718011673e-06 2.663240048648865e-07 8.953217293810446e-07 7.780344968078561e-06 4.418754882596824e-06 1.7078554519367812e-06 3.6093009493375514e-06 3.669203401714562e-06 1.3059805441865637e-06 0.001428349083996457 0.00026616140838375075 6.040779489591269e-05 1.3989761125722074e-07 2.8125505672985015e-07 1.0908236160658455e-06 4.7513353895043537e-05 6.821054248427908e-06 8.74276761957991e-06 8.807531633337732e-06 3.9152009305884555e-05 2.415388277473784e-05 1.979608581404608e-06 3.0012992894499132e-05 6.049221927205439e-07 7.445864140691643e-07 0.00030567194100149074 3.546170110959488e-06 2.02659552690843e-06 4.853196912184523e-06 4.196392994270595e-06 2.273743556893672e-05 1.92432230442949e-06 5.826081785268089e-06 1.7868041075649894e-06 2.9037988129761944e-06 1.6224103579389375e-05 0.00012941817123105165 6.801286872068951e-06 4.656796274303118e-05 1.3865931450465108e-06 6.608539123090927e-06 1.323889056269236e-07 4.835361364797525e-05 2.045172761777717e-06 2.5785096222501775e-06 1.0011590294913337e-06 1.4013587482586111e-06 1.0557820537237613e-05 3.374696223864417e-05 6.531316389427432e-05 8.500976877980612e-06 1.488332432967956e-06 7.58635835195329e-05 0.0001273487989758053 0.0001701790658440052 5.410413633772859e-05 0.00012163669649167321 2.0337132249353688e-07 0.0006014099311984827 2.1728096300090672e-06 2.56863917078364e-05 5.433880490842183e-06 0.0 2.579375863001931e-06 2.177935063901342e-06 1.535524433306639e-06 5.735182519912043e-07 2.4437929113221173e-06 1.7524542493068342e-06 5.7276469154536e-06 1.6040007110445183e-05 1.751708716105992e-05 3.16085320603917e-05 6.923370248455897e-05 1.9773604542213966e-05 1.3054553905610436e-05 5.392133618985887e-07 8.63367929550234e-06 2.1499105563861958e-05 0.0 9.960249918040399e-07 2.92764544826013e-06 1.1467172607837673e-06 6.626365249390772e-07 1.76558859144937e-05 7.090818759089167e-07 1.646302679511209e-05 1.2368069008214185e-05 2.7177045332536504e-06 3.0714883577642416e-06 7.154003812318673e-06 1.7334242797343774e-05 7.593719277487204e-06 2.7174839122522836e-06 2.183609800178939e-07 2.786900383711344e-07 0.0 1.0139819327202011e-07 0.0 0.0 2.3860591487525115e-07 1.1537318432165094e-07 0.0 3.9161305610652754e-07 9.028525463541844e-07 0.0 2.0482870825217549e-07 9.622387915478563e-07 8.885052941257956e-08 1.268608312259277e-06 5.067567147041455e-07 2.3942185009927655e-06 0.0 1.0859137079227212e-06 1.5826845079576045e-06 0.0 1.6428367986748696e-07 0.0 7.033247182843152e-06 6.177976625380565e-07 2.8407269906134073e-06 3.119212199845416e-06 1.4035374165532442e-06 1.010981301073618e-06 6.008613861317818e-07 9.427839559081154e-08 0.0 1.6503595795119619e-06 1.719535213103141e-06 0.0 0.0 6.708978916519081e-07 0.0 0.0 4.6501253751814964e-07 4.210197947520735e-07 1.2507055041233814e-06 1.336761099615123e-07 0.0 0.0 1.6644524316105285e-07 1.0450917098346307e-06 0.0 4.383587773240112e-06 2.5336165176406553e-06 3.876924270874847e-06 1.140716394167955e-06 0.0 1.2732304856963294e-07 0.0 2.6562062752393156e-07 0.0 3.173380530609257e-07 1.2792727025066442e-07 6.398335819693432e-07 1.815488649264848e-05 2.887851186481648e-06 1.6847960980933963e-07 1.3279517162987366e-07 2.1570217345420762e-06 1.2713790775864439e-05 8.10980178102975e-06 2.153100849734534e-05 2.0711481455630876e-06 9.085686875404018e-08 5.122048045881571e-07 2.404644987416817e-07 1.9748162128649764e-07 4.1480732812506133e-07 0.0 0.0 0.0 8.427421324548059e-07 6.19949801324837e-07 1.706341963689637e-06 0.0 5.8869978782301175e-06 3.270777213717645e-06 5.474335117825791e-06
6.226603822167427e-05 3.5483999554202475e-05 1.9222748234911008e-05 0.0006552709124980855 3.876216103996808e-05 0.0001344977669827959 0.0005250695424776833 4.793233234709731e-06 8.651813778943171e-05 0.0012386280411565865 0.0001232126297494076 0.0 0.0010609646975729989 0.0001629998107413749 3.3622114313137756e-05 2.0819937154561027e-05 7.863140949486534e-07 0.0 1.0876362314567943e-07 0.0 4.417751439355506e-07 8.855104895327547e-07 0.0 1.1126827815396857e-07 0.0 0.0 0.0 0.0 9.721127748106959e-08 9.261529158863334e-08 8.549659728600213e-06 1.127712168352806e-06 2.0924685814709366e-05 0.0 0.0 0.0 9.216339414825076e-06 0.0 8.805746879333964e-08 1.5100323666805637e-07 1.7017974911390784e-06 3.2234488726367517e-07 1.9842306659312196e-07 7.539828490925001e-06 2.18304152567328e-07 9.682966018817357e-08 5.51066168294315e-05 1.8412628129910865e-07 2.3555820856959412e-07 7.511935815024836e-08 7.91239938578578e-08 4.4876379871573613e-07 0.0 5.821654216269405e-07 0.0 2.800136481118325e-07 4.8889116756637604e-06 1.0206499696095361e-05 3.021037618767673e-07 4.87546228210793e-06 0.0 1.453773874546842e-06 0.0 3.784021887471026e-06 4.976167076526223e-07 7.949078362483899e-08 0.0 0.0 5.366139625561211e-07 5.181418608641238e-07 0.00010128710769114461 1.365279105902955e-05 5.926039588354302e-07 7.228478296198388e-06 1.5340689420243278e-05 2.988801271129155e-05 1.0626742434107646e-05 2.562066922584206e-05 1.0873998664680402e-07 2.8300873133651823e-05 4.42633813621258e-07 2.378934002766291e-07 5.086411236341621e-07 0.0 0.0 3.2524891429607577e-07 2.1013114231542636e-07 0.0 2.602627954164415e-07 8.139269149757048e-07 3.3148328024872417e-07 7.211077791020654e-07 1.1249277600603739e-06 1.1567061163368589e-06 5.343167985287871e-06 0.0005586497644067686 1.876421983329311e-05 4.2793194551709123e-07 5.203558881573636e-06 4.371407873742875e-05 7.020363116069885e-07 2.79815519331961e-05 8.062296261956997e-06 2.0493065323782274e-05 4.6234879984459965e-06 0.00021070891493887644 3.905192061295012e-05 0.0001532782129648 0.0001966045193993686 8.876241017838654e-05 1.697198507596915e-05 0.00010924826533728287 0.00018911786757318 0.00010951999272375825 2.1830194806713054e-05 9.554588232520996e-08 0.0 0.0 0.0 0.0 0.0 0.0 0.0 0.0 1.4986854793674343e-07 3.5265556468811605e-07 0.0 1.0495568195573683e-06 0.0 1.2347075064441653e-07 0.0 0.0 1.1248778744634997e-07 8.596615842698674e-08 3.0094600704125672e-06 7.257256232845496e-07 4.1585976785884087e-07 3.0410391168365557e-07 0.0 3.6318401066544864e-05 8.049633746325099e-07 6.875375402561938e-06 5.968108952059982e-06 2.3928424682879824e-07 0.0 0.0 0.0 1.592057692900522e-06 1.0026900741310162e-06 3.888817410261235e-07 0.0 4.6874466956222e-07 1.9250271180160357e-06 0.0 0.0 1.433427677536027e-07 1.4151487850723953e-07 8.089223992836958e-07 2.763371671647959e-07 1.1150771807614097e-06 0.0 1.7052079862418552e-06 2.4403374001789475e-06 1.1295907160329574e-06 2.4065289039197737e-06 2.3111646314299625e-06 4.5656391447296686e-06 1.6556212994323297e-07 1.0445493287852052e-06 8.862404374171503e-07 0.0 0.0 0.0 9.368309915024073e-08 0.0 0.0 0.0001522987652700756 2.2760160769984365e-06 1.8109754711378725e-07 0.0 5.377390010849128e-07 4.793749703836908e-05 1.0285788673536083e-05 4.168111458296194e-05 1.780982067203834e-06 7.482428354527745e-07 3.0115715976454353e-07 0.0 0.0 0.0 0.0 3.2189806442093007e-07 0.0 0.0 0.0 0.0 0.0 6.28000085280059e-05 1.6826096672333049e-06 1.0515986040721714e-05
