0.0 0.0010218868838870443 0.0004555580424898242 0.0011228906791326384 3.788735532372795e-05 0.00015004987857956546 0.0003107760487220361 0.00026751180923910233 2.2039513292882692e-05 0.001269205590326759 0.00020839360795001755 3.088774806520912e-05 0.0001295073274477297 0.00023482900220660232 2.439026586987321e-06 1.9448352411489476e-07 0.0 8.290898146625986e-08 0.0 6.99212520672304e-07 1.7531374558905844e-06 2.547482548701492e-07 3.441256010557542e-07 8.418147541673801e-07 4.745053582150839e-07 2.0339491053786282e-07 5.140420353431824e-07 1.2615527779500499e-07 0.0 0.0 0.0008182011167287081 1.488904365987847e-05 2.1161452831126373e-05 1.5072034422180843e-07 6.93411848847164e-07 0.0 2.871070046532927e-06 3.50437416145528e-07 5.014918340804555e-07 0.0 1.150399249262595e-06 4.707383580108474e-07 0.0 2.145666114494973e-07 0.0 2.1839152783213657e-07 2.7250238553475386e-05 4.348922507925143e-06 3.6232941836861063e-07 0.0 2.162564075939242e-07 1.0239699986190967e-06 1.2288855607358028e-07 0.0 2.2924810608396472e-06 3.574499007950617e-06 0.0002877930290333284 0.0005719122362034076 1.883196973239155e-05 2.77364273973434e-05 1.7233189008947967e-06 8.289048567809623e-07 1.8646028595331572e-07 9.419777085596682e-06 1.5367836354839352e-06 2.6307577950124363e-06 2.1374473212573414e-06 1.4376236492763942e-06 8.188102428332233e-07 1.2958332319858044e-06 1.049825241758696e-05 5.590463105537744e-06 0.0 0.00022063878997161107 1.4322589462494364e-05 3.362140976080476e-05 8.516724176338332e-07 4.2545415998082676e-07 2.7566802644325846e-06 5.6991176900526315e-05 3.6505878792188383e-07 4.129936232258942e-06 6.461495384061164e-06 1.3265916199338335e-07 2.772673483530678e-06 1.881973384002966e-06 3.253439005134911e-06 0.0 7.386670448010123e-08 0.0 7.436893305195794e-08 0.0 0.0 3.4469873662476444e-07 1.754608453510399e-07 6.377373020535323e-05 5.354804052393833e-06 0.0 2.5368263604269376e-06 0.0007657496282170646 6.995511470369154e-07 4.186432027383239e-06 2.180978825440074e-06 9.718164506426516e-07 1.5586051135691092e-06 3.4317432929171926e-05 1.951789333461118e-05 4.038223969681959e-06 2.8370548251345403e-05 2.4127460418899917e-05 1.0594408500558857e-06 1.8424697652828775e-05 4.022818087346443e-05 1.9431264089097305e-05 3.6808845212705985e-06 3.605070674872592e-07 6.063428289290049e-07 0.0 4.318784937422622e-07 9.68788548848778e-08 0.0 0.0 0.0 0.0 0.0 1.1810494365932763e-07 0.0 4.778256707294358e-07 0.0 0.0 0.0 3.9275004502912403e-07 2.735901618457688e-07 0.0 1.766285923945051e-06 9.616492581928635e-07 0.0 2.9655351603745044e-07 0.0 2.0663932719944066e-06 8.29456167481225e-07 3.4859537229728735e-06 2.5831165991316247e-06 2.481862712143223e-06 0.0 0.0 0.0 0.0 5.823528921472276e-07 6.553610882531907e-07 0.0 7.88862395467523e-07 0.0 0.0 0.0 0.0 0.0 0.0 0.0 0.0 6.249888765853573e-08 2.701641926272216e-07 1.9059039347083954e-06 0.0 1.261078217182914e-06 2.1781838933066167e-06 3.5148119837437705e-06 7.335888956293528e-07 1.544576532206611e-07 0.0 0.0 0.0 7.081925047764514e-08 8.735854216087885e-08 0.0 0.0 3.0853104066189708e-06 5.382293343324007e-07 0.0 0.0 0.0 2.608127634794455e-06 7.747651064564187e-07 3.326154651228322e-06 1.2473553965865738e-07 4.7117290529675286e-07 4.6463528309166426e-07 2.966145259661427e-07 1.1370398123643435e-07 0.0 0.0 0.0 0.0 0.0 8.166783043192422e-08 0.0 0.0 7.92729906633471e-06 3.2813473892618674e-07 1.4056765061075783e-06
0.0010218868838870443 0.0 0.002845565883898989 0.001207930742554594 0.001960408542408187 0.00033258127604439744 0.004149440591088511 0.0008567732044911483 0.0017453229641824016 0.0012245605989169898 0.0014460990336250359 4.126303565331488e-05 0.001105944072090329 0.0017989986640086382 1.97588130535315e-05 3.6265495787625134e-06 2.1962193138323944e-07 5.594524466551504e-07 1.034806467494044e-07 1.3634958381367997e-06 3.584108691202822e-06 0.0 1.308142758537039e-06 9.290903002452591e-07 6.307668584646548e-07 2.7767261461209357e-07 6.898819970655828e-07 3.097289627674263e-07 0.0 0.0 0.0012526610463499358 4.456444673165717e-05 2.7512827485915394e-05 2.2625373702427004e-07 6.422962247681552e-07 6.854088886791878e-07 5.595507721975224e-07 5.995501922598982e-07 7.040207511279589e-07 9.729321948228405e-08 1.828945180768468e-06 3.8190319522903527e-07 8.040088837029473e-08 4.818413512738754e-07 2.906889604681835e-07 2.6424421347457157e-07 0.00012327968589885625 1.0307014252187937e-05 1.1681907033852225e-06 1.2083405368947232e-06 3.810435065378435e-07 0.0 0.0 9.974015602632045e-08 3.961403514444244e-06 5.053046258211137e-06 0.00015442296246349164 0.0006280130500692333 1.5193092291842076e-05 6.121932971576475e-05 9.187803700747742e-07 1.5136171018079052e-06 7.974956596044062e-08 3.635457048878835e-05 2.9273841131523715e-06 6.835022770894222e-06 5.488883102812382e-06 3.473315063911589e-06 1.1911536983499742e-06 1.4623862905143307e-06 1.1526827155602986e-05 1.6121695656319044e-06 9.07895185629512e-08 0.00030040692896133626 6.603118452554258e-05 0.00014407510462995085 5.436684809089749e-06 1.8348637596692095e-06 5.562235317352477e-06 8.081534675158862e-05 7.025845765268038e-07 4.386228290516972e-06 1.1368350830723859e-05 2.1939584568377538e-07 5.975230387749715e-06 4.712589111882392e-06 6.966508789375922e-06 0.0 0.0 7.670615875931091e-08 3.0998888177870434e-07 0.0 2.583382881591366e-07 2.5363243737834217e-07 5.172309441130161e-07 1.2711226764532722e-05 8.762024499045162e-06 0.0 2.2158434484433833e-06 0.00037495707339998594 4.7626877388653895e-07 2.5818048050219614e-06 2.9290901441546554e-06 2.2617613667637202e-07 2.4511529297980805e-06 8.991442746732718e-06 8.279979143531233e-06 1.8907286863251391e-06 1.0973970379292235e-05 9.821829253311624e-06 3.7502411683087154e-07 1.0505256616923957e-05 1.540766359523514e-05 8.357942501238111e-06 6.078772257031504e-06 0.0 5.978336007190076e-07 0.0 3.339034982039106e-07 0.0 0.0 0.0 0.0 0.0 0.0 0.0 0.0 8.593833483017459e-08 1.5412248716443038e-07 0.0 0.0 0.0 0.0 5.848799729523147e-07 2.8511343155509706e-06 1.5553240227705108e-06 3.57665274567428e-07 1.030922887154496e-06 0.0 1.4272251733334087e-06 1.3220172608714994e-06 4.621372212244217e-06 2.6047142091937876e-06 1.7346532289691544e-06 2.1051327805793412e-07 0.0 0.0 1.3048006211539397e-07 0.0 2.9121688476223024e-07 0.0 8.186738465675036e-08 1.6528065328510683e-06 0.0 0.0 0.0 7.162682927059787e-08 9.022145615792261e-08 2.660747825883267e-07 0.0 1.488083625560073e-07 7.11648634394739e-08 1.0082939878963477e-06 1.5848052563484913e-07 3.700166840461582e-07 2.4855318120124723e-07 6.269753897747173e-06 9.206795881878412e-07 0.0 0.0 0.0 0.0 6.920712066157264e-08 0.0 0.0 8.166466337001662e-08 2.622671626157767e-06 6.104191601752074e-07 0.0 0.0 7.966023575362553e-08 3.8006576414781372e-06 8.47701493832324e-07 3.3011187849203974e-06 3.978415515776253e-07 2.3631515547127385e-07 3.284062704977926e-07 0.0 2.3251991563169465e-07 0.0 0.0 0.0 0.0 5.677178404229098e-08 0.0 0.0 0.0 5.2524196416030064e-06 9.274035831887979e-07 1.0997151007126867e-06
0.0004555580424898242 0.002845565883898989 0.0 9.620609384120566e-05 0.001021192575953953 4.2100316956302906e-05 0.00035105301573191354 0.0034844511705663392 0.0011149130146363491 0.00010688696175358356 0.0023900270041497754 2.1971408672657472e-05 0.0004894492566664897 0.0016580696739942667 5.926119873085147e-06 2.2430106667723423e-06 9.339568794178643e-08 1.5758068417035207e-07 0.0 2.060200771563304e-06 1.2023284328963717e-05 0.0 8.870127853869124e-06 6.52820276915125e-06 3.717013263838235e-06 4.048498431691543e-06 3.7805018216870866e-06 1.2788755802219705e-07 0.0 0.0 0.0027226274013304403 0.0003181683109734054 9.199299582702731e-05 1.1143243614097116e-06 6.797702223342481e-06 2.6062889280910764e-06 1.5616130746028234e-06 1.4662056278828235e-06 5.106697302291807e-07 5.705402277573952e-07 7.586293900997361e-06 1.18705166405042e-06 3.208405261586255e-07 5.117816035559269e-07 1.9252682236197233e-07 2.8433439004265716e-07 1.7009768626676266e-05 2.6331124322291195e-06 5.179061807727374e-07 5.577430543151701e-07 0.0 0.0 0.0 4.049628369001021e-07 1.469224849581098e-06 1.7264009873057054e-06 4.6791848104944935e-05 0.0004338475051830214 3.8095398132212395e-06 7.949263007222012e-06 1.0194909732519942e-05 7.115046041902128e-06 9.7609434485202e-07 8.748521849366928e-05 7.524875054760935e-07 1.3742881880798947e-06 8.922731542512673e-07 2.643444817748269e-07 8.50112918228489e-07 7.91255873179545e-06 1.9454521466865064e-05 4.370773673550121e-06 0.0 6.490282145477032e-05 1.837921398121671e-05 2.7737788849077672e-05 3.7648337212879452e-06 1.3946699836029814e-06 5.619654514829138e-05 0.00047604435079194 5.708427195584963e-06 3.8730860717123365e-05 1.956888726873509e-06 0.0 7.773164314136549e-07 5.339023653257884e-07 1.712905938576049e-06 0.0 8.901668967971527e-08 7.834466609562311e-08 9.125995921714274e-08 8.890153912095905e-08 6.616283078855942e-07 1.0923385883224992e-06 5.410179616666906e-07 7.309154305836781e-06 1.2831179007017084e-05 1.1794568883104332e-07 2.6765160699529124e-06 0.0002897056407061864 1.487669891442583e-06 1.0153767626257682e-07 7.819814842789035e-07 0.0 0.0 8.219379877199665e-07 2.1136787745658808e-06 2.2836771125931977e-06 5.920305418675779e-06 3.4328356213665187e-06 0.0 4.967121958890273e-06 8.231795016468124e-06 4.81912914410012e-06 6.394519238578642e-06 3.008179429025494e-07 2.6001409644680495e-07 0.0 5.178697375673145e-07 0.0 0.0 0.0 0.0 0.0 0.0 0.0 0.0 0.0 0.0 0.0 9.199960013348034e-08 5.15551602205349e-07 0.0 1.1539180529833079e-07 7.422615720921973e-07 6.228795400432769e-07 0.0 4.100428555180266e-07 0.0 2.7421175932689475e-06 9.244676434888338e-07 6.592386438439526e-06 3.64527663209143e-06 9.772633572540158e-07 1.2240830632486937e-07 1.1811771454322352e-07 8.03022622502879e-08 0.0 6.516130391022671e-07 0.0 0.0 7.818375589099915e-07 3.0982770618602236e-07 0.0 8.340531578401076e-08 0.0 1.1434797248446522e-07 2.2005323096445726e-07 0.0 1.6162629784851545e-07 0.0 0.0 1.6094052630925442e-07 0.0 5.569384006557848e-07 9.110180552936429e-07 3.2328658076389455e-06 1.0144706970048826e-06 0.0 0.0 0.0 0.0 0.0 0.0 0.0 2.606530218620161e-07 4.913822015146057e-06 5.754222243633145e-07 0.0 0.0 9.49988444157874e-08 4.109445429690707e-06 2.0397068532512935e-07 5.071810913069045e-06 2.1824581365973969e-07 6.609650576754538e-07 1.6939503765986854e-06 0.0 2.2766538155796487e-07 1.8202704442491505e-07 0.0 0.0 0.0 0.0 0.0 9.463763074159898e-08 1.0583251278691815e-07 3.5242908020918503e-06 1.4458407966681952e-06 1.4842167309448337e-06
0.0011228906791326384 0.001207930742554594 9.620609384120566e-05 0.0 4.354779773387094e-05 0.00026137649939932415 0.0010581258049571734 1.1913638380393575e-05 0.0001208797148118564 0.0029404096488654 4.072012768147438e-05 1.3377152819413898e-05 0.00022636439854402526 0.00022389010266123314 3.1957350565356444e-06 3.584534844308439e-07 8.165390122446023e-08 3.129552604625582e-07 0.0 1.830357609736478e-07 4.5262890008181695e-07 0.0 0.0 0.0 0.0 0.0 0.0 0.0 0.0 0.0 0.00023353077693381218 1.2765841522825263e-07 3.6547221559680912e-06 6.495260552725855e-08 6.273875594222737e-08 0.0 8.614740490304719e-08 3.105110437795582e-07 1.4752208088948834e-07 0.0 0.0 8.538551391057633e-08 0.0 1.4025643032839005e-07 0.0 0.0 4.504530915289279e-05 4.405420113846411e-06 1.378676592222585e-07 3.4731932639890583e-07 1.374903756413537e-07 9.679530163357935e-08 0.0 2.119766586006148e-07 3.901599946757893e-06 3.299256717469869e-06 0.0001556804661931142 0.00036638961144764887 1.6757856013881183e-05 3.50146160083037e-05 1.3873591804162145e-07 3.915054630110551e-07 1.2393191236192733e-07 4.414247045285176e-06 1.798813097640571e-06 3.2686190077766106e-06 3.3030104702646906e-06 9.282699029158587e-07 1.5069728771787466e-07 1.5824205027190392e-07 1.1290327907327167e-07 1.4316929153093486e-07 9.751052978104587e-08 0.00022862730874050247 1.880465049509103e-05 4.916329611922366e-05 5.054325461640915e-07 2.3373778289608e-07 6.519111754601291e-08 2.253746361496869e-06 8.382444563660206e-08 5.924534370048816e-08 5.58938377523833e-06 0.0 2.8434122158580204e-06 2.3701225438866793e-06 3.5011601727808496e-06 0.0 0.0 0.0 0.0 0.0 2.40235340301805e-07 9.343585537741547e-08 2.3933630526510857e-07 1.1121457409897049e-05 3.3231091473149106e-06 0.0 4.84771550674132e-07 0.00044386166042151683 1.3965984765114403e-05 1.2791714666462694e-05 0.00017385991767486297 0.000132757383315959 5.418583012224824e-06 0.00019034986970063812 1.8003038967284705e-05 0.0002295055762525966 5.0478513544225143e-05 9.693599215666162e-05 4.381342620998979e-07 3.6171031025679316e-05 1.6890023342890178e-05 7.92194361596709e-06 3.4141767221834897e-06 0.0 3.7243304964539215e-07 0.0 8.764347509629739e-08 0.0 0.0 0.0 0.0 0.0 0.0 0.0 0.0 4.000455480811662e-07 0.0 2.7583686969809124e-07 0.0 3.4929455399775534e-07 0.0 0.0 9.540115277095226e-06 1.933752481892551e-06 0.0 0.0 0.0 3.8289018221412403e-07 7.295894536083516e-07 3.2485775357820974e-07 4.97092081299263e-07 1.7164597266009834e-07 0.0 0.0 0.0 0.0 0.0 1.671736853638275e-07 0.0 4.186054509205156e-06 3.829128230411825e-06 1.4179104777050642e-07 0.0 0.0 0.0 6.558727153745047e-08 6.488466325194633e-07 1.0060785254557157e-06 1.6816524699389405e-07 3.348191031325599e-06 1.2458439588119096e-05 3.012760378802308e-07 7.931107597570674e-07 0.0 5.626399844977232e-07 2.9649164982905726e-06 4.690859287982331e-07 8.562967825509633e-07 1.3140937118483914e-07 2.9363877805747885e-07 0.0 0.0 0.0 0.0 4.0704001896642614e-07 0.0 0.0 0.0 0.0 1.0929660844564285e-06 0.0 3.8167321668264304e-07 4.022535972509629e-06 5.479354861436871e-06 1.4387392761579935e-06 5.05823854257564e-07 8.181773802888398e-08 2.7279099189542716e-07 7.149066027089467e-08 0.0 0.0 0.0 0.0 0.0 0.0 5.211295511349532e-06 4.0586285431248293e-07 3.6339226088508354e-07
3.788735532372795e-05 0.001960408542408187 0.001021192575953953 4.354779773387094e-05 0.0 5.0398136614091685e-06 0.0018043641894233354 0.000155473666005562 0.0017835296398645661 0.0007747588045970466 0.0005895718219471432 5.570609556879824e-06 0.00037599156580783857 0.0008247099497179079 1.2676035047082348e-05 2.5729469873984357e-06 1.0217423371251911e-07 1.5084304587724248e-07 0.0 8.83965760257423e-08 0.0 0.0 0.0 0.0 0.0 0.0 1.3141658871365406e-07 0.0 0.0 0.0 6.5338274190479e-05 2.4151620497285284e-06 8.320189657067145e-07 8.897251209856896e-08 0.0 0.0 9.144578217587412e-08 0.0 0.0 0.0 1.5576479204256688e-07 0.0 8.571414790162267e-08 8.976791383173344e-08 0.0 0.0 3.727180004688455e-05 2.6076236687372457e-06 2.9070294832494204e-07 2.569757110915241e-07 1.5922422068367497e-07 0.0 0.0 0.0 6.695122173167242e-07 1.0915966527525115e-06 1.4006404916888237e-05 5.782451764171952e-05 1.7764240996563433e-06 1.2520706547142193e-05 3.446020092756699e-07 4.972018581164029e-07 0.0 7.335161807676937e-06 6.944686431551328e-08 1.0370855937439488e-06 5.661679301772304e-07 8.167995690669589e-07 3.256034500342133e-07 0.0 1.0526769808657721e-07 1.4633077002569117e-06 0.0 4.8823871662342806e-05 1.7601827419909054e-05 4.483724996659284e-05 2.9154980821605935e-06 7.521171608398544e-07 4.0640273573146336e-07 3.742346731329208e-06 1.993693842430949e-07 3.5983236966793194e-07 1.982040586823799e-06 0.0 9.355615607735246e-07 4.943625724539152e-07 1.6709744054775063e-06 0.0 0.0 0.0 8.258977534931809e-08 0.0 1.8865398217449514e-07 9.430934131515832e-08 8.562710501729641e-08 1.6564012800771085e-06 1.1995620497732856e-06 0.0 0.0 6.469903544874267e-06 0.0 2.777133098913738e-07 0.0 0.0 1.6643389782425352e-07 1.416332577083543e-06 1.380374489300827e-07 1.100446420760356e-06 2.6241720803857877e-06 4.400850226792788e-06 0.0 4.768147636295504e-06 6.594529586299935e-06 2.625081217763477e-06 2.6758192430216217e-06 0.0 1.2631176877528193e-07 0.0 0.0 0.0 0.0 0.0 0.0 0.0 0.0 0.0 0.0 3.365549008511947e-07 0.0 0.0 0.0 0.0 0.0 0.0 2.568696585045904e-07 0.0 0.0 3.988234507364089e-07 0.0 2.6202387947690786e-06 4.855788582140972e-07 2.1477384506633315e-06 5.443832435276657e-07 3.028631391098391e-07 0.0 0.0 0.0 0.0 1.7669526637882193e-07 3.427010976642217e-07 0.0 4.458960417062161e-07 0.0 0.0 0.0 0.0 0.0 0.0 0.0 0.0 0.0 1.8716381356651247e-07 5.801780150184483e-07 2.310783526265996e-07 2.694150065381903e-07 7.114225120394657e-07 2.5273443236988177e-06 0.0 0.0 0.0 0.0 0.0 0.0 0.0 0.0 0.0 1.341218981269399e-06 2.048350806222115e-07 0.0 0.0 0.0 9.759858289947137e-07 2.6596237388409235e-07 8.76053413249581e-07 4.4266887893398907e-07 5.890388824052931e-07 0.0 0.0 0.0 0.0 0.0 0.0 0.0 0.0 0.0 0.0 0.0 3.063000808782869e-06 1.4342665929789848e-07 1.1058824479275737e-07
0.00015004987857956546 0.00033258127604439744 4.2100316956302906e-05 0.00026137649939932415 5.0398136614091685e-06 0.0 4.6773860245331486e-05 1.3281517791437423e-05 3.813919742540862e-06 0.00045497949702190757 1.7344875219853496e-05 0.00031836323562085844 0.0002090706715719209 3.8239703497235256e-05 7.361996616466511e-07 1.3904735679261158e-06 6.45275784880967e-07 0.0 0.0 0.0 8.378869889155239e-08 3.7888758046237706e-07 0.0 0.0 5.140761985572783e-07 0.0 0.0 0.0 3.8772863904997566e-07 0.0 3.4527480766428035e-05 0.0 4.7178070069276087e-05 0.0 0.0 6.371744845082951e-07 4.008195032335332e-05 3.376352105938276e-06 4.1079379595408215e-06 1.5654864572962758e-06 1.0605116468829364e-07 0.0 0.0 0.0 0.0 5.345515250429047e-07 1.4238622887623502e-06 0.0 0.0 0.0 1.3029703819424668e-06 4.195298679056763e-06 2.86069134273338e-06 2.2777660994514567e-07 0.0 2.8453498529246216e-07 0.00017618123217315958 1.923718958516285e-05 4.222622293060895e-06 7.921578260186471e-07 4.405026188528167e-06 2.4609919919076398e-05 1.2315380337327131e-06 1.569979154547062e-07 0.0 1.0917459885188485e-07 1.4316893963516742e-07 5.830736626530324e-07 8.875853747843668e-08 2.0279509687097816e-07 2.2132001269357765e-05 0.00012581855611755346 7.090368368829721e-06 7.992191717620579e-06 1.8489067687581756e-07 1.0036780098283434e-06 2.2424669218310812e-07 1.0865845573488784e-07 1.4605580453788747e-07 1.7358668280311255e-05 0.0 6.875354717794572e-06 1.9151586980888362e-07 3.3139885808516424e-07 1.4654891314443606e-07 3.4115985285181727e-07 9.81259148356429e-08 1.1132131698810143e-07 3.397237075753094e-07 2.931323282026443e-06 2.1940847874182897e-06 3.0714246876069214e-06 0.0 7.745037138816142e-07 1.418524645786798e-06 0.0002653478966179392 7.370934953706574e-05 6.443974662413504e-06 3.463597564928033e-06 0.0003497471422905318 3.139676352610406e-07 4.546734738734679e-06 4.5954641576141933e-07 4.3444898968766594e-07 2.1252749644093994e-06 8.08298843538444e-06 2.6706986508217033e-05 3.9023986181892305e-06 3.41784565123667e-05 3.309680172147418e-05 1.0757014329600884e-06 2.6625759383246945e-05 5.711182366429158e-05 2.6681633811088605e-05 5.119263874038884e-06 1.2630810319437032e-07 0.0 0.0 0.0 0.0 0.0 0.0 0.0 0.0 0.0 0.0 0.0 0.0 0.0 1.775053817537654e-07 0.0 1.0179927410991224e-07 0.0 1.354351357423664e-07 1.712207872678411e-06 8.13980979274298e-07 0.0 0.0 0.0 1.1669681808330798e-06 0.0 4.222163303681471e-07 1.1647048385745802e-06 3.97365964447834e-07 0.0 0.0 1.3955728674996357e-07 0.0 0.0 0.0 0.0 0.0 1.417051998655573e-07 0.0 0.0 0.0 0.0 0.0 0.0 7.162405076026689e-08 0.0 1.9205381580114274e-07 1.1181574886935928e-06 6.2046537379259e-07 5.187320728079243e-07 0.0 1.3656876429182277e-06 1.0436128056992484e-07 0.0 0.0 0.0 0.0 0.0 0.0 0.0 0.0 2.506082048309608e-06 2.1223755705511236e-06 0.0 1.2500922659183916e-07 0.0 1.9226558740714714e-06 4.430646736984973e-07 9.013500856393639e-07 0.0 0.0 3.995705621066443e-07 0.0 0.0 0.0 0.0 0.0 0.0 0.0 0.0 0.0 0.0 1.8241233224161006e-05 0.0 4.3530255685873534e-07
0.0003107760487220361 0.004149440591088511 0.00035105301573191354 0.0010581258049571734 0.0018043641894233354 4.6773860245331486e-05 0.0 6.483522853864362e-05 0.002573025609922895 0.0024708058105690437 0.00045202935198626935 0.00013528210837682398 0.0015280913906619586 0.001726296475028861 3.589657669580249e-05 7.5597973080273354e-06 7.381671108828062e-07 4.5228215812106744e-07 0.0 3.0030320736862243e-07 4.4549616348457237e-07 0.0 0.0 2.2014608012894742e-07 8.456907907414123e-08 0.0 0.0 1.2056944566709234e-07 1.986060270182594e-07 0.0 0.00014748354487929325 4.4967433923082196e-06 1.117786964443888e-06 1.0048225288186879e-07 1.9247161138228224e-07 1.1872784315479337e-07 1.1317510389135047e-07 2.145755261422742e-07 0.0 0.0 1.836590196960429e-07 1.4902271839655434e-07 0.0 6.293020996635512e-07 0.0 8.298721962523651e-08 0.00012507236139180542 5.188820507840375e-06 5.305792083206492e-07 8.998479159194768e-08 5.308349412385261e-07 8.086295683768423e-08 0.0 2.2792905412409632e-07 2.4034691545294016e-06 3.7921655132030923e-06 4.18575515220885e-05 0.00017775699581965758 5.429894232477115e-06 3.844937619160971e-05 1.4589534739906413e-07 6.251349353223599e-07 1.6170972647006291e-07 1.857839456604937e-05 1.5203731889697428e-06 3.2960853118488874e-06 2.9994011728356535e-06 1.8094446715393043e-06 1.2299956305967408e-06 6.018251910656962e-07 2.511532671820016e-06 5.9466384900813385e-06 0.0 0.00016128384279563883 3.977353446697353e-05 0.0001276193065003649 1.0213366291636654e-05 4.557768327888726e-06 3.5019689538843413e-07 3.83183263735909e-06 9.173071511129267e-08 9.035046114629221e-07 5.732318506246735e-06 8.41601395364841e-08 2.8665556270496597e-06 1.6997654908126171e-06 3.494390160077128e-06 0.0 7.369527992319052e-08 0.0 0.0 0.0 7.413249575199953e-07 1.6156029539862166e-07 2.630869602561401e-07 2.258147732998592e-05 4.89637871789841e-06 5.72649835552463e-07 2.3286143780522608e-07 1.9533319601975264e-05 2.241186153198253e-06 1.7445553192762554e-06 4.048593729464082e-06 8.521378364421759e-07 2.3730992301840566e-06 7.133883968056878e-06 2.7439023719459545e-06 7.185369588541939e-06 2.3827243931844502e-05 2.102734156391719e-05 2.1207247102071393e-06 3.054623097950398e-05 3.224052378734026e-05 1.934352981756183e-05 1.3295597778906623e-05 4.1687047649135347e-07 1.3033248582789394e-07 0.0 0.0 0.0 0.0 0.0 0.0 0.0 1.8570442850702537e-07 0.0 0.0 1.162917787237407e-07 0.0 0.0 0.0 0.0 0.0 0.0 4.338991261587471e-06 3.7139760734623308e-06 2.1730258637957312e-07 9.539863906218633e-07 0.0 9.187301560149827e-06 9.004599726266061e-07 8.449020288415111e-06 3.0448917613989008e-06 9.222204297863454e-07 0.0 0.0 0.0 0.0 0.0 0.0 9.754986879538889e-08 9.800960008838916e-07 1.3341281275996505e-06 0.0 0.0 0.0 0.0 0.0 0.0 4.3761300183194834e-07 0.0 1.2931049914314523e-06 2.5834607311987663e-06 0.0 6.345222094527542e-07 2.066462353532266e-06 9.091431275190446e-06 6.191151057456787e-07 1.9544865690658877e-07 1.6029190176695125e-07 0.0 0.0 0.0 0.0 0.0 0.0 1.021527668244034e-05 1.2647437101205464e-06 2.4941870549725025e-07 8.049374486594675e-08 0.0 6.0308529535269325e-06 2.574924363027699e-06 8.909700922884513e-06 6.148037887695588e-07 7.645238326164075e-07 2.581040502077252e-07 9.686605467633458e-08 9.073740060043426e-07 0.0 0.0 0.0 0.0 0.0 8.026722662793506e-08 0.0 0.0 1.2415975042900202e-05 1.5364654374017436e-06 2.203462047181634e-06
0.00026751180923910233 0.0008567732044911483 0.0034844511705663392 1.1913638380393575e-05 0.000155473666005562 1.3281517791437423e-05 6.483522853864362e-05 0.0 0.0003977800878720097 2.1252722093587868e-05 0.001652026881070725 7.51387947768094e-06 0.00013863074374986773 0.001360580524052138 8.17446031722952e-05 3.771243773946149e-05 1.5023368557143175e-06 8.381327807779686e-07 2.3010583735494966e-07 7.996085946472674e-06 3.467092850281616e-05 9.635403167228213e-08 2.3199872090433176e-05 1.637276469431663e-05 2.0800361279431594e-05 6.054664215232756e-06 1.0775850628237713e-05 1.4518416605292399e-06 2.077136319874241e-07 0.0 0.0016576475163058624 0.0019842435168558976 0.00010355102521377743 8.111854936381225e-06 2.5421526041789707e-05 2.1897814445468854e-05 1.6444630783384486e-05 1.5419114085568587e-05 6.2831957075796696e-06 1.0061416826817056e-05 1.494980713690371e-05 2.3899695164924433e-06 1.0999074264119556e-06 4.794056764207619e-05 6.870232325061309e-07 7.977285405577642e-06 0.00013186758531589366 3.4191203665291804e-06 3.782339047495777e-07 1.041487545873688e-06 0.0 2.2739536753685643e-07 2.8132304201218e-07 8.879514930058149e-08 7.436699322653954e-07 1.058320516568395e-06 2.978578858428798e-05 0.0002164985948120745 3.56969820762747e-06 2.9707285865674613e-05 0.00011204914607580163 5.556195290424973e-05 4.051063524570683e-06 0.0006507368996358401 8.272712613230716e-07 1.5355033983603388e-06 1.367241277394114e-06 1.2380155257485278e-06 2.9998083492288918e-06 2.0036255696928365e-05 1.35022523072701e-05 5.944218803465799e-06 5.993483727060686e-07 0.00010723526433907182 7.280173538419356e-05 0.0001677178652739165 0.00018285516152636468 0.00021207949880439853 0.0008402277876258769 0.0015480553210751673 0.00012294824939158955 0.0002923182532378754 3.3970551163166437e-06 0.0 1.5303666218875793e-06 9.143905216932047e-07 2.7567924092149942e-06 0.0 0.0 1.1897056326043426e-07 4.547193955380118e-07 4.4525624388274797e-07 1.489237059243195e-06 2.2660409544714692e-06 1.515847241234508e-06 2.1230052689660643e-05 1.0819598529989554e-05 1.1037919378090554e-06 2.916967848145223e-06 8.225585938813908e-05 6.424940635011147e-07 0.0 0.0 0.0 7.849090517920657e-07 4.602314395221745e-07 1.5163153432480777e-07 5.796210226677727e-07 1.7690009537457978e-06 1.6880741058328254e-06 1.962081652714671e-07 2.2753934935571455e-06 3.504714877201011e-06 2.697560477875061e-06 3.696080194270694e-06 4.2714820086794936e-07 9.252303775649143e-08 0.0 0.0 0.0 0.0 0.0 1.3883792382722876e-07 0.0 0.0 1.326756131205145e-07 0.0 0.0 1.302921937625139e-07 0.0 6.954877626224926e-07 1.500363541548704e-07 6.079644672619621e-07 0.0 8.450029884703262e-07 1.0409128121114005e-07 0.0 1.61075478336095e-07 0.0 2.3687628333033393e-06 1.1325400625358826e-06 4.4771463463401685e-06 2.0372650705140195e-06 7.351826388915728e-07 3.785752949621964e-07 2.6551865531474617e-07 1.9740640701565183e-07 0.0 1.7891191646766954e-07 1.8050035929989137e-07 0.0 7.913498733364414e-08 1.458970995467399e-07 0.0 1.8696501445135422e-07 0.0 8.851841993524305e-08 7.50786708923351e-07 0.0 0.0 0.0 0.0 6.516288964052906e-07 0.0 7.166118309490115e-08 2.732280317763524e-07 2.14078680109428e-06 4.4401194044882837e-07 0.0 0.0 0.0 0.0 0.0 0.0 0.0 2.2076019689254903e-07 1.994833405555901e-06 1.0974747049906942e-07 4.2290375141881836e-07 0.0 3.4649265726056563e-07 1.698202890325822e-06 1.0688181904620092e-06 1.3181232556198385e-06 2.9624546794880347e-07 2.0063785851754538e-07 2.610614555495074e-07 1.0687694675605326e-07 6.921277298733828e-08 8.081861063981599e-08 0.0 0.0 0.0 6.748156310977236e-08 0.0 8.47894464673833e-08 1.0713704904637683e-07 1.7211214511187637e-06 1.010261217197649e-06 1.6295913752442472e-06
2.2039513292882692e-05 0.0017453229641824016 0.0011149130146363491 0.0001208797148118564 0.0017835296398645661 3.813919742540862e-06 0.002573025609922895 0.0003977800878720097 0.0 0.000614378308833213 0.0007705242715706442 2.7953317961431772e-05 0.0009119746739452485 0.0009148127631108087 1.419553064832931e-05 4.8191869723045805e-06 0.0 0.0 9.118946276505133e-08 0.0 0.0 0.0 1.087348684345705e-07 0.0 0.0 0.0 0.0 0.0 0.0 0.0 4.0993640924770286e-05 4.8213282580498866e-06 5.04774068540298e-07 0.0 0.0 0.0 0.0 4.4147671472295575e-07 9.719679271082417e-08 0.0 0.0 0.0 0.0 8.681461394057207e-08 0.0 1.0109343718074121e-07 2.635831827003616e-05 1.2143508579545198e-06 0.0 0.0 6.233477226996269e-08 0.0 0.0 7.677101754796032e-08 2.51813517480724e-07 4.292434835728147e-07 5.739331341692361e-06 1.8723514364501482e-05 4.388725027643273e-07 6.1126099528801115e-06 8.249339989599096e-08 1.0088927898629007e-07 0.0 2.754904297812089e-06 5.833827334387537e-07 1.4785583203148726e-07 1.6215770444442837e-07 1.4704628848716586e-07 8.592051277578252e-08 0.0 1.1423731886037136e-06 1.1518149332664535e-06 0.0 1.926305281706948e-05 8.244781766423934e-06 2.5430012763332904e-05 4.252030251676453e-06 1.6314997206537843e-06 0.0 2.940051990559102e-05 0.0 1.9462010365966006e-07 9.317723984670967e-07 0.0 4.6937710788352495e-07 6.576670172307207e-08 4.6724229555410916e-07 0.0 0.0 0.0 0.0 0.0 0.0 0.0 0.0 1.018611247029307e-05 9.773482301144424e-07 0.0 3.889425621493001e-07 4.021972543398873e-06 3.4745141927263536e-07 0.0 1.7525506770294205e-06 0.0 1.0750247740549739e-06 7.304988402455423e-07 1.6158762230431749e-06 3.878393975096837e-06 7.256554414735058e-06 7.2729459688452315e-06 4.6962736442352e-07 8.42296547858771e-06 1.268087243356857e-05 7.668053466257179e-06 5.9852819971021995e-06 0.0 8.732312531811121e-08 0.0 0.0 0.0 0.0 0.0 0.0 0.0 0.0 0.0 0.0 0.0 0.0 0.0 0.0 0.0 0.0 0.0 1.6039168621052612e-07 8.738744306701807e-07 0.0 0.0 0.0 4.5427970837455225e-06 9.322609984091241e-07 4.52960077986016e-06 1.2060015663708572e-06 3.8703334433150625e-07 0.0 0.0 0.0 0.0 0.0 1.0608948467114323e-07 0.0 5.808958750530093e-07 3.994462475956092e-07 0.0 0.0 0.0 0.0 0.0 0.0 0.0 0.0 1.0653030010040738e-07 1.2358922453366604e-07 0.0 4.552126580989589e-07 6.456781337041452e-07 5.440621914241768e-06 3.688162429534265e-07 1.1582173395228759e-07 0.0 0.0 0.0 0.0 0.0 0.0 0.0 4.991101756675248e-06 2.0438685338834413e-07 0.0 0.0 0.0 3.221078318458814e-06 6.92169554151584e-07 2.866929780224465e-06 1.0016917561621122e-07 1.064955899816396e-06 0.0 1.5287978192378822e-07 0.0 0.0 0.0 0.0 0.0 0.0 0.0 0.0 0.0 3.961927908783872e-06 1.0859584687980196e-06 1.0806295938920082e-06
0.001269205590326759 0.0012245605989169898 0.00010688696175358356 0.0029404096488654 0.0007747588045970466 0.00045497949702190757 0.0024708058105690437 2.1252722093587868e-05 0.000614378308833213 0.0 0.00022006820446659824 0.0004336100290207768 0.005485079418962608 0.0008242983469011213 6.340535066504729e-05 1.4913212858229143e-05 1.217539231549541e-06 1.626447795047966e-07 0.0 4.7074068198914546e-07 5.935445191566973e-07 0.0 0.0 1.8334549522951403e-07 1.161335575892735e-07 0.0 1.9300633899450097e-07 3.9520745047224397e-07 1.66865497983106e-07 8.645276978646684e-08 0.000129890964129162 2.5985776381962342e-06 7.156215288125462e-06 0.0 1.1533377182133878e-07 1.969257613842025e-07 1.2117523320450016e-05 1.1161061782973422e-06 6.180904879069515e-07 1.0604157186304802e-06 0.0 1.0281679391776213e-06 0.0 5.64027340892298e-07 0.0 4.872440949664166e-07 0.00015803137261453555 8.292803200343864e-06 4.947249591139953e-07 3.0498232873340967e-07 1.7485652301963402e-07 1.2268257975099704e-07 0.0 3.5047921109908173e-07 3.6990271820315264e-06 4.179101664656728e-06 0.00011411395396572396 0.0002399860140679174 9.898285126206292e-06 5.6993788714899755e-05 1.4148821213791568e-06 2.4525154995345314e-06 8.93775294646507e-08 1.1270769525906568e-05 2.028892982682667e-06 4.3838850092699534e-06 3.0122239063735752e-06 2.2414818702727134e-06 1.0070936494398816e-06 5.743040095815912e-07 4.48448371252557e-05 2.1179520450114874e-05 0.0 0.0002203612529468369 3.830869365216267e-05 0.00014023799395196187 1.0331616670884231e-05 7.2498886731459486e-06 3.6954109691636674e-07 9.262730791805106e-06 4.3624082827350935e-07 2.195155686881607e-06 7.4467052002189856e-06 0.0 3.7404319125037813e-06 2.135133317005064e-06 4.5577787088138674e-06 0.0 2.3796196901393167e-07 0.0 3.1996188641412095e-07 0.0 8.288657890196068e-07 2.0261623851597885e-06 1.9762150476977543e-06 0.0001780923497002543 2.8065584089230988e-05 3.157126130605104e-07 2.4629484172757617e-06 0.0003560960356842772 7.093578992500875e-06 1.8720912197937005e-05 3.610711126355436e-05 3.250958629695567e-05 3.0430592465947977e-05 0.00010151376691725692 0.00010010610661342238 6.361496605906093e-05 0.0002769228499697645 0.00024081158871145001 1.9930360026182333e-05 0.0003137559119967173 0.00036063492745811945 0.00019377736902796288 0.0001275519137102936 1.6472791667386959e-06 1.7982571573116172e-06 7.195154988746302e-07 3.6025807190709776e-07 0.0 0.0 0.0 0.0 0.0 8.956494328549771e-08 0.0 0.0 0.0 0.0 1.903043806552845e-07 0.0 8.709989730552576e-07 1.1749716688447067e-06 0.0 3.680074717470033e-05 1.9628043777082178e-05 0.0 4.851383059735425e-06 9.713491477257205e-07 5.8714344504568983e-05 1.4250109051390372e-05 6.05452390852532e-05 1.8850512769893123e-05 6.268547928958427e-06 0.0 0.0 0.0 1.7804500071715254e-06 4.802290968280518e-06 3.5404060080570996e-06 0.0 7.103064056998828e-06 7.059324930647684e-06 3.637563850305158e-07 0.0 1.1957931361358136e-07 7.705855011336135e-07 0.0 1.0484940545266616e-06 4.842160098934973e-07 6.667041477412794e-07 6.052763926770064e-06 1.7558537906381353e-05 1.1822003263632456e-06 7.483819925402539e-06 1.3865486266377936e-05 8.383983336404845e-05 8.43859874863703e-06 1.1691349130410731e-06 1.2538061298617348e-06 2.9245747129710554e-07 7.887461379033314e-08 0.0 1.1656333961999387e-07 0.0 0.0 6.763846574944802e-05 4.860392801025412e-06 0.0 0.0 0.0 6.507075469981717e-05 1.4187826315707036e-05 5.000615390710827e-05 8.722966180226024e-06 1.2248462247315087e-05 3.4652268789874182e-06 1.5999518178955342e-06 3.346442255984305e-06 3.703231119480422e-07 0.0 0.0 0.0 0.0 5.02157899456736e-07 2.5475986743047705e-07 0.0 0.0001293631518406055 1.0482565923302802e-05 1.2648017406650736e-05
0.00020839360795001755 0.0014460990336250359 0.0023900270041497754 4.072012768147438e-05 0.0005895718219471432 1.7344875219853496e-05 0.00045202935198626935 0.001652026881070725 0.0007705242715706442 0.00022006820446659824 0.0 5.1004798509845554e-05 0.002640580324061799 0.0024288415252557956 2.6644606685957668e-05 1.2033120504794868e-05 3.4753625547725285e-07 8.608890956286027e-08 0.0 6.981217097734758e-07 2.747354645373123e-06 0.0 8.716049302357501e-07 6.83168536944166e-07 5.197973859259317e-07 7.943002774186826e-07 3.6930532675213434e-07 0.0 2.1259722678662082e-07 0.0 0.0006755133930820488 6.18012105324087e-05 3.728093336956939e-05 0.0 6.893045434422587e-07 7.668753320958301e-07 5.990734453403064e-06 2.664464292389056e-06 1.9027261326487243e-06 7.10773990133428e-07 1.2529894824216065e-06 6.381852611135002e-07 0.0 7.01096240709277e-07 0.0 1.0191614749169694e-07 3.8317034916124136e-05 1.5066398078347967e-06 1.925886387184652e-07 3.3743933954470134e-07 9.904927466726863e-08 0.0 0.0 0.0 7.860930564199898e-07 6.753037251895853e-07 1.1869262689261322e-05 6.386245075275109e-05 1.4141732860048004e-06 1.0311181643795144e-05 1.130267651630208e-06 4.30530598792433e-06 0.0 1.5229560591831874e-05 3.796188418607508e-07 7.908143906145548e-07 1.5640187733616046e-07 4.855925161685738e-07 2.487724122644067e-07 8.762092370941321e-07 1.0086790696340843e-05 1.6193219057558643e-06 1.9867812899479005e-07 3.941410617994854e-05 1.6590516717571768e-05 5.464592248229946e-05 9.745108490877963e-06 6.999312883046987e-06 6.455955691333301e-05 0.0007748458512422589 9.456904039158159e-07 0.00014837185054805796 1.1012861100420933e-06 0.0 7.58362445636083e-07 2.0401227500615214e-07 1.221409417856438e-06 0.0 8.516333572036394e-08 8.004300304357402e-08 0.0 0.0 6.75612117842838e-07 1.0073901949356284e-07 0.0 2.0767578955645567e-05 8.821357681061035e-06 2.848684798437972e-07 1.93981693625125e-06 5.206162665112626e-05 4.9029033199601e-07 4.6292429255840655e-07 2.6930300837901804e-07 1.4074769148215937e-07 2.2915390065453724e-07 7.131781493482264e-07 2.57551720475969e-07 9.074514450666805e-07 2.4455210359804325e-06 2.7838097785962884e-06 6.140424549453864e-07 3.4325812373824167e-06 4.925683321794586e-06 2.0844491244681854e-06 2.6196032783441145e-06 9.369378764383936e-08 1.3225108020165963e-07 0.0 1.1058490911412784e-07 0.0 0.0 0.0 0.0 0.0 0.0 0.0 0.0 0.0 0.0 0.0 1.4578084198254832e-07 1.2841040182110047e-07 0.0 0.0 4.612523697865045e-07 1.2237646708907148e-07 0.0 0.0 0.0 1.6445047325336959e-06 2.150109091806274e-07 1.6260471690478166e-06 1.1210294200196782e-06 7.967525730420117e-08 0.0 0.0 0.0 0.0 2.0529368878122052e-07 9.212089420584435e-08 7.024211209427948e-08 1.0547097654160951e-07 1.0035366430349079e-07 0.0 0.0 0.0 0.0 1.1339504607720677e-07 0.0 0.0 0.0 0.0 7.469568293441573e-08 0.0 2.845607689885942e-07 4.488328904702463e-07 2.5028841222107316e-06 1.419400023164292e-07 0.0 0.0 0.0 0.0 0.0 0.0 0.0 0.0 2.408634456552814e-06 1.2500419741482856e-07 2.0923819107551906e-07 0.0 6.293094968058307e-08 1.5633730006412514e-06 0.0 5.855326369647824e-07 0.0 0.0 0.0 0.0 1.3861244661419595e-07 0.0 0.0 0.0 0.0 0.0 0.0 0.0 0.0 2.192324546139905e-06 4.577811306436994e-07 6.535103951002311e-07
3.088774806520912e-05 4.126303565331488e-05 2.1971408672657472e-05 1.3377152819413898e-05 5.570609556879824e-06 0.00031836323562085844 0.00013528210837682398 7.51387947768094e-06 2.7953317961431772e-05 0.0004336100290207768 5.1004798509845554e-05 0.0 0.0018280553242510692 7.402838506520305e-05 5.891856082780216e-05 6.24530546937186e-05 8.986430995893692e-06 0.0 0.0 0.0 1.8359930518364473e-06 3.152400903563612e-07 1.2902601414171402e-07 2.575352840111615e-07 6.6177458289187055e-06 4.0788993521890763e-07 2.2706247414079088e-07 1.5196057666156763e-06 0.0 0.0 1.248595240474756e-05 2.833193884888935e-06 0.00012983041733928674 6.59641211135753e-07 3.975495953891802e-07 1.1072447346811777e-05 0.00018726306434549368 3.9845495934456705e-05 6.579645649695999e-05 1.613649927344716e-05 2.241599498764166e-06 2.1369544215889051e-07 0.0 2.769074832460968e-06 0.0 2.6146734532384614e-07 4.11068869356588e-05 7.487883148531403e-07 2.408748522099621e-07 1.7312157424953829e-07 8.860005242214383e-08 1.312299681245163e-06 3.479169795724012e-06 2.465647135241452e-07 0.0 7.871552024760897e-08 1.3210520261766562e-05 1.136044868136211e-05 5.203866500509528e-07 4.808751452000904e-06 1.7668973135164543e-06 0.00011973994988934374 6.964309620442442e-06 1.217417757130596e-05 0.0 0.0 8.819007919066964e-08 2.725310069036928e-07 5.106856901684697e-07 1.1469507733772503e-06 0.0002573942749930849 6.571032457547071e-06 9.704860427131192e-07 1.0995250447411195e-05 1.0233553283527775e-05 3.4111598347271394e-05 2.1230928807485477e-05 3.19163376928148e-05 1.2332606808132692e-06 6.85078499241443e-05 5.409565191994507e-07 6.182829302450046e-05 1.152030938618411e-07 7.039369119613493e-08 7.094332306034012e-08 4.835580821068405e-07 7.403318050278132e-08 5.040485767662791e-07 7.585701227882093e-08 5.143524074101273e-07 3.807330464969568e-07 6.115336140709153e-07 5.984215745595478e-07 3.1696423299392953e-07 2.8199810272401757e-07 0.0005105324760928979 0.00017480823129310886 2.199460809025986e-06 0.00010509607427601932 9.676979071531646e-05 1.5340069469466741e-06 5.984651377893334e-06 6.5992709345662766e-06 5.763494183925737e-07 4.881263247808659e-06 9.12290066853673e-06 3.051603811004783e-05 1.4465094983302668e-05 7.63251632352272e-05 6.278789971837313e-05 4.593331757237017e-06 0.00010003933609236665 0.00013985634573454104 7.003851888314546e-05 3.4389263117540335e-05 5.375487752491959e-07 2.3394878839567392e-07 0.0 0.0 0.0 0.0 0.0 2.3754804428623483e-07 0.0 0.0 0.0 0.0 0.0 0.0 0.0 0.0 0.0 0.0 0.0 6.073940119657144e-06 3.42387634046336e-06 8.25472179549347e-08 6.467356244724872e-07 0.0 1.3932795561847196e-05 4.2741244526470295e-07 1.0639442881918587e-05 2.4506443011219524e-06 9.050800048270989e-07 0.0 0.0 1.699739985700634e-07 2.700366304114988e-07 1.0637818582373892e-07 9.970867601745184e-08 0.0 1.3573448174192928e-07 1.2596819094397525e-06 0.0 0.0 0.0 0.0 5.558197020173813e-07 9.784571783076211e-08 1.495858615919996e-07 0.0 6.653614967715023e-07 2.5539316911145367e-06 2.84002640307836e-07 6.17259977239816e-07 1.887204171629365e-06 1.1856625188523606e-05 3.5814722514568184e-07 1.1270836547387959e-07 6.862130951377019e-08 0.0 0.0 0.0 0.0 0.0 0.0 1.6543881401080062e-05 3.0593325300037436e-06 0.0 0.0 7.4204025897908e-08 1.3149356305364405e-05 2.3946313509776517e-06 8.638407680018393e-06 1.534709932053896e-06 1.0510714564265027e-06 2.7352876336549985e-07 4.6613413179524547e-07 2.515452556072912e-07 2.90189495744334e-07 0.0 0.0 0.0 9.169526894387774e-08 1.1740286028501003e-07 0.0 0.0 5.7562926524390605e-05 2.46796310791068e-06 1.2400076076884088e-06
