0.0 0.0019140340778709248 0.0004579701299477259 0.0005098414085994707 3.5668227870095004e-05 0.00013131890646808452 0.00010954862587826104 0.0001394459521422772 6.357975011682406e-06 0.0004914732034242313 9.107478845864656e-05 6.321202067429346e-05 8.310995135313251e-05 0.00011997309182779465 3.3613239074970986e-06 9.518235459412451e-07 8.034092299611461e-08 7.515598573609005e-07 0.0 2.3497468177125776e-07 3.696502030852687e-07 0.0 0.0 0.0 0.0 0.0 0.0 2.0527679509166526e-07 1.3578764144081261e-07 0.0 0.00039743601034991156 1.0670668695440572e-05 1.634915887893396e-05 0.0 0.0 0.0 5.59049759609135e-06 3.514845265822273e-07 5.493396233651641e-07 1.325136874310542e-07 5.750086503414148e-07 5.079522789986534e-07 3.6281842420215946e-07 1.7075432152836872e-07 6.903934985417421e-08 6.720799860340099e-08 1.1593606630140374e-05 2.4457128345617697e-07 5.110777536390751e-07 5.558605284514027e-07 3.9974471487809905e-07 7.318657027050395e-07 6.562136304387418e-07 0.0 2.799992605902632e-06 2.4025973438246025e-06 0.00025241525476599533 0.0002398920663398942 2.1313297385961963e-05 2.626210500978943e-05 2.220323725367217e-07 0.0 1.6913712798634911e-07 4.573724931471932e-05 1.1751772745739816e-06 1.342056041003189e-06 7.984893286051605e-08 2.0061589396024855e-07 4.5201552808506484e-07 6.524427002173796e-07 8.254898566187983e-06 1.5648535671132098e-06 3.9409147892601286e-07 0.00012753351046838817 2.3435657116381404e-05 8.499886311068069e-05 6.144435525803352e-06 1.1120666907723985e-06 3.810073813144568e-07 3.7382409376940023e-05 2.0044713941364435e-07 1.690572312882591e-07 4.369055372424875e-06 1.0050336945084486e-06 6.254595595928416e-07 1.3195870408434278e-06 6.280519101194864e-07 7.679006484278595e-08 4.761988974211381e-07 4.155180491365022e-07 6.295665926961151e-07 2.7402776133880275e-07 0.0 3.9195097258106576e-07 0.0 3.612738178167608e-05 5.141346042490943e-06 1.2370981208997038e-07 8.706411157747549e-07 0.0011861308547430588 1.667113491619741e-07 4.8239430411301376e-06 4.60034252701018e-06 5.977798908040455e-06 5.560182897343943e-06 2.2664347448727313e-06 2.3558474071611337e-05 2.9993520454732462e-06 2.17160898891995e-05 1.6258665340144147e-05 2.261544566963384e-06 8.275336542283676e-06 2.356149897457123e-05 7.649242556218108e-06 5.451626611203495e-06 3.577638114802583e-07 8.075489138201961e-08 0.0 0.0 0.0 0.0 0.0 0.0 0.0 0.0 0.0 0.0 0.0 0.0 0.0 0.0 0.0 0.0 0.0 1.7280701043734318e-06 2.9799649687628445e-06 0.0 0.0 2.1034830992190498e-07 1.7155523238959162e-06 3.337963415329442e-07 4.164867292773288e-06 7.655519906426739e-07 5.167931478068731e-07 0.0 0.0 0.0 0.0 0.0 0.0 0.0 0.0 9.594982244196417e-07 0.0 2.4469697852612743e-07 0.0 3.995445549458542e-07 0.0 0.0 0.0 0.0 5.217086559014197e-07 0.0 2.2442917513654033e-06 1.5523703261262527e-07 0.0 5.3699075919450645e-06 1.1589932852575998e-06 0.0 0.0 0.0 0.0 0.0 1.0060674390350014e-07 0.0 0.0 3.2178664541718886e-06 2.3326069401827128e-07 0.0 0.0 0.0 2.4975207928606704e-06 0.0 2.012341361357624e-06 4.78983839154516e-07 1.6977656626966628e-06 4.7207623515243256e-07 0.0 2.2864811876268088e-07 0.0 0.0 0.0 0.0 2.089216396288278e-07 0.0 0.0 0.0 1.9344226143438676e-06 4.527035137454649e-06 2.622796251198143e-06
0.0019140340778709248 0.0 0.0010490539962757235 0.00038993674805003057 0.0014993531568111681 9.26193899590694e-05 0.0023506460312037293 0.00021994446818612387 0.00036387589811697705 0.0006920484518027865 0.0004624812522372987 9.293488176762693e-05 0.0009714809279648853 0.000705516387407089 1.779007559976461e-05 2.8634526194252185e-06 4.5170386846423393e-07 1.9170774851101323e-06 3.4886462626235486e-07 2.835122020481892e-06 2.031562633807868e-06 1.6865639213659104e-07 0.0 0.0 6.351361958397035e-08 1.706256256218916e-07 0.0 3.61892218076159e-07 2.9081145841434426e-07 6.40465782611237e-08 0.0007172263307847825 9.336571762587527e-05 2.24145700815343e-05 6.059403725478787e-07 2.0632217073192262e-07 3.3248546308973323e-07 4.450609694929432e-06 6.061791940998768e-07 1.1938957667444238e-06 2.5559075039183934e-07 1.077949693181682e-06 2.746058244730914e-07 1.9064018000729755e-06 9.884537142525507e-07 8.483215462449144e-07 1.689837121719941e-06 9.503479228134947e-05 1.9893764970880035e-06 8.65230115802752e-07 2.0283631492558653e-06 6.213275271776154e-07 0.0 0.0 1.2536304324308062e-07 6.485278654088583e-06 7.268210244523622e-06 0.0001960344280184842 0.00035062082280768765 1.9408164852426002e-05 8.856230513182242e-05 1.2599999492204161e-06 9.730353840102615e-07 7.502909722472165e-07 0.0002296858098625989 4.488799296423946e-06 3.332677678453984e-06 3.198520791762833e-07 8.054221616922847e-07 1.7449527693133506e-06 1.3749212761707238e-06 1.0774366930544809e-05 9.037929652965506e-07 0.0 0.000232673386202759 7.577571770975506e-05 0.0002834638891223742 7.850031021255951e-05 7.909066972257372e-06 2.5130253201791173e-06 3.4801334803737524e-05 1.6418144682467755e-06 2.215382730841771e-06 1.4246100368212936e-05 1.7033533397913379e-06 3.1092385477599736e-06 3.3731989988616507e-06 1.9809609980063057e-06 0.0 1.6206713323310118e-06 1.1466051151834502e-07 7.365761199368774e-07 2.626161544605764e-07 4.873471567679745e-07 2.993634610920429e-07 6.164485943631849e-07 1.1297642069067775e-05 3.204329239435728e-06 1.7916933349112063e-07 4.219660155132955e-06 0.0009185978102866314 1.0980697368512432e-06 6.540733304300274e-06 9.609632686565665e-06 5.926864795176307e-06 8.66837271937204e-06 4.306802338550658e-06 2.7073582395450906e-05 5.2944613596017415e-06 2.4307304247666475e-05 1.6231020439240355e-05 4.641070670769638e-06 8.293988607054433e-06 3.6298221082483237e-05 1.5793092721950824e-05 1.135127898438187e-05 0.0 0.0 0.0 0.0 0.0 0.0 0.0 0.0 0.0 0.0 0.0 0.0 1.8190889044419608e-07 0.0 0.0 0.0 0.0 0.0 0.0 3.7877170065881185e-06 2.570718479553162e-06 0.0 0.0 0.0 5.130908149622351e-06 1.2028236965756115e-06 4.694325574538883e-06 1.5720959734815277e-06 8.320165308477261e-07 0.0 0.0 0.0 0.0 5.034533770850596e-07 0.0 0.0 0.0 8.726290344075554e-07 0.0 0.0 0.0 6.90495375333411e-07 0.0 0.0 0.0 1.0325860106442389e-07 8.768559217488873e-08 1.3843428734810507e-07 2.2764917474891386e-06 0.0 2.590372456086891e-07 8.326936261828562e-06 6.833569550737086e-07 9.09646379562729e-08 0.0 0.0 1.5869392276396695e-07 0.0 0.0 0.0 8.303844066504608e-08 7.163980020384664e-06 5.683072355174e-07 3.800769289817938e-07 0.0 7.933884579652237e-08 6.595808075261361e-06 7.305352613811331e-07 4.173577195516924e-06 3.313641336575725e-07 2.2128583563854213e-06 8.56845746378989e-07 3.4311175150847484e-07 1.227384050021377e-07 0.0 6.914423207783167e-08 0.0 0.0 0.0 0.0 0.0 0.0 3.5167979924089465e-06 2.811221469648669e-06 4.522788985937636e-06
0.0004579701299477259 0.0010490539962757235 0.0 1.426801920888219e-05 8.7372129207551e-05 1.7899277952682409e-06 3.581809250001891e-05 0.003643022324906623 9.571184501654963e-05 2.648716287810061e-05 0.0014380469547866366 8.501149901750268e-05 0.0002682188507282809 0.0007280321881307966 1.3238191541438686e-05 7.582641870863073e-06 5.833801708541077e-07 1.896010165122419e-06 3.2067900494650693e-07 3.9309103817035195e-06 1.1490952369060557e-05 0.0 3.8991424095349287e-07 2.7424090804597e-07 1.9255330795956516e-07 3.750670668664727e-07 0.0 4.833600973847652e-07 0.0 0.0 0.002398293725456325 0.0009568338079076938 6.651528210353703e-05 7.921976589376973e-07 1.0796211085769606e-06 2.3958810259181127e-07 7.576811516623987e-06 7.774968686894533e-07 2.1436191682813252e-06 1.0290620589194916e-06 5.141658235185338e-06 1.304634102204093e-06 2.650332428072246e-06 1.8740633243046849e-06 8.603324059315864e-07 2.128777766094271e-06 4.264272441990505e-05 1.2943690216748352e-06 1.8100181154911643e-06 4.5194390551586656e-06 2.704748159267445e-06 0.0 0.0 1.297003089803302e-07 1.961238797247347e-06 1.549627887818656e-06 8.93393941946402e-05 0.00024679663377114036 9.201641989999121e-06 2.8213807171532313e-05 7.8025294173208e-07 2.4090514860424494e-06 5.621412103698076e-07 0.0001836052817053817 1.2341932605918027e-06 9.209631682785433e-07 1.3702448699513424e-07 2.229920690093615e-06 4.388441704670471e-06 8.427923261810527e-06 1.1902829020256214e-05 3.290434015743858e-06 1.0522901558339575e-07 7.61088071589789e-05 3.100932563127383e-05 9.769738846655975e-05 7.30160380062831e-05 1.743072432278443e-05 3.7795377675480354e-05 0.00040790757433222663 1.30688365885651e-06 2.552009207717187e-05 3.5371681946346575e-06 8.35536332870507e-07 8.721837984998628e-07 1.1032825483440952e-06 1.4339809466479979e-06 7.19433921698826e-08 2.797722263976692e-07 0.0 1.593408208603527e-06 1.152503666074996e-07 2.571353884859242e-06 3.94854357745743e-06 7.534374113841691e-07 1.2358127707060936e-05 4.832866370904107e-06 0.0 3.483149736512804e-06 0.0003909882915857885 8.604981596416636e-07 4.092348397141315e-07 1.8739079287654054e-06 3.9286764312392253e-07 3.906372127833338e-06 1.8670031785450724e-06 3.3676965400097795e-06 2.347894120541947e-06 5.750704455156478e-06 7.533239843589222e-06 2.5353966621811014e-06 4.2290837698509934e-06 1.6267846153640304e-05 9.74452242532943e-06 7.754580139585487e-06 1.0004850559122693e-07 0.0 2.3787856324580468e-07 0.0 1.5823897205012187e-07 0.0 1.3965580703747036e-07 0.0 0.0 0.0 1.0150804262678309e-07 0.0 6.982682955932283e-07 0.0 2.2315490597986252e-07 0.0 4.1644005960591945e-07 0.0 0.0 2.712982335214636e-06 2.718642197822574e-06 1.4508263377976135e-07 0.0 0.0 4.049460726420702e-06 1.256145436740636e-06 5.41090951952956e-06 2.291127199462136e-06 2.4081978514485e-06 2.590747997221591e-07 0.0 0.0 0.0 3.4455636248424746e-07 7.262261060834452e-08 1.2886843849325705e-07 8.870113959198026e-07 1.706873132623196e-06 0.0 9.403773352359962e-08 0.0 2.9264174351799006e-07 7.427209737921599e-07 0.0 2.4165910257769874e-07 0.0 5.42068729729421e-07 9.81791857163332e-07 0.0 0.0 0.0 1.048487482920062e-05 9.184217446590784e-07 0.0 0.0 0.0 0.0 9.589800401520341e-08 0.0 0.0 0.0 9.541609866638306e-06 1.5730234157867404e-06 0.0 0.0 2.5416927297054656e-07 4.500167310751955e-06 0.0 3.498185522136676e-06 3.998472855844932e-07 7.19005620067704e-07 1.788861675713617e-06 1.1423838159236137e-07 0.0 0.0 0.0 0.0 0.0 0.0 1.1429697372975053e-07 0.0 0.0 1.6624601362365274e-06 8.501206391923446e-06 5.544664422799066e-06
0.0005098414085994707 0.00038993674805003057 1.426801920888219e-05 0.0 1.6722559792208868e-05 0.00019461014221860303 0.00022652302422701583 2.2650994185729788e-06 1.7681440106245337e-06 0.0015260112743545472 6.361532464323353e-06 0.00013860017587983962 0.00016685941676874654 1.2543897681495222e-05 1.2932840974907059e-06 1.4625985781326047e-07 7.26753481274565e-08 5.317340049772513e-07 0.0 1.471936464511584e-07 4.643171518279631e-07 0.0 8.296722938967497e-08 7.91798612016114e-08 0.0 0.0 7.447578570699705e-08 7.554142273813671e-08 0.0 0.0 6.267618850545413e-05 1.1284189594646393e-05 2.290617401912233e-06 6.792053873505574e-08 0.0 0.0 1.694521404560772e-06 0.0 3.2774086940881614e-07 9.00951214464945e-08 7.992607228155249e-08 0.0 1.557145424482306e-07 7.590307638741126e-08 1.388666697492664e-07 2.3718178095251122e-07 1.0239298123048691e-05 5.914083460371621e-07 1.9197930261800708e-07 5.32237952504339e-07 6.017211688186028e-08 0.0 0.0 0.0 2.0553907785456638e-06 2.0393856997463663e-06 4.719685045696695e-05 6.577316310306672e-05 3.2231732566440363e-06 1.4488493196000982e-05 1.6440887576743636e-07 0.0 0.0 3.348268836200632e-05 9.204393407838992e-07 6.287149984871852e-07 1.1304434276429703e-07 1.3454035959284317e-07 1.429786429739275e-07 1.9654411264410558e-07 6.249937801329146e-06 0.0 0.0 4.550132114816108e-05 1.2769914530765647e-05 4.4113339762689164e-05 6.5879631900704485e-06 1.201905890953701e-06 2.1116979926087126e-07 1.2999775529749592e-06 1.914807042084034e-07 8.01097069333227e-08 2.7999764528545597e-06 4.961844227341775e-07 1.7771692861220988e-07 3.704660629835839e-07 2.418342907707614e-07 5.801055872660888e-08 2.0790488452438686e-07 0.0 2.2178743902058804e-07 5.230489315134838e-08 6.966187867641401e-08 2.0245448306328755e-07 0.0 5.42231472492956e-06 1.6056371137595982e-06 0.0 1.0604202629542223e-06 0.00025351091099850057 2.4012965110607902e-06 6.1585742497196806e-06 4.548566622057028e-06 3.5610820539251257e-06 6.626304795653465e-06 1.8588207291154066e-06 2.2044014232418925e-05 3.979051515371678e-06 2.163610796367576e-05 1.4728327523433683e-05 3.762748608306651e-06 9.358100399841797e-06 1.9314326787120237e-05 1.0388215954582471e-05 6.7657217076115505e-06 8.838969963422123e-08 1.0421049214527108e-06 0.0 0.0 0.0 0.0 0.0 0.0 0.0 0.0 0.0 0.0 0.0 0.0 0.0 0.0 2.5953327975063285e-07 0.0 0.0 1.5251180752612826e-06 2.5618248594394443e-06 0.0 0.0 0.0 1.5053915455773499e-06 1.4365298011291223e-06 3.006592746925252e-06 1.164292909618484e-06 4.3230666795158436e-07 0.0 0.0 0.0 0.0 0.0 0.0 0.0 1.1561086771496574e-06 1.4900197443853406e-07 0.0 0.0 0.0 0.0 0.0 0.0 0.0 0.0 0.0 9.915919183220368e-08 1.8171932764676066e-06 0.0 0.0 6.035946512627551e-06 5.919869422450145e-07 0.0 0.0 0.0 0.0 0.0 0.0 0.0 0.0 2.0170402577668394e-06 1.6009270411873924e-06 0.0 0.0 8.292420667671519e-08 3.1243390742490645e-06 0.0 3.037931792479922e-06 4.1029340432962866e-07 2.085994104459581e-06 1.0103311268340752e-06 0.0 0.0 0.0 4.746790771182667e-08 0.0 0.0 7.32742011307293e-08 5.588458782719602e-08 0.0 0.0 3.147257312963708e-06 1.5614974278654069e-06 1.910671112717239e-06
3.5668227870095004e-05 0.0014993531568111681 8.7372129207551e-05 1.6722559792208868e-05 0.0 1.9899592062341276e-06 0.0030221376377881186 0.00012283725564088123 0.0023614778211861927 0.0003260670641390557 0.00045541733112203523 7.94173396012384e-05 0.001398781230754535 0.001169385687475641 1.0818326515697325e-05 1.982015013114664e-06 8.366901154535889e-08 4.84454005696628e-07 3.0658913997956856e-07 1.3213102516881586e-06 4.85555138074371e-07 0.0 0.0 6.295060199147091e-08 8.151036691286081e-08 0.0 0.0 2.923997924565361e-07 0.0 0.0 6.317080750252296e-05 2.801768973832133e-05 6.815035474446913e-06 1.2994805951452023e-07 0.0 5.061614918888004e-07 3.896999757109342e-06 6.210551863275692e-07 3.9937057995469517e-07 2.539365174280664e-07 5.690085581269084e-08 4.3684649704757715e-07 7.016060897577011e-07 2.4275278571193534e-07 7.568082147504355e-08 2.1347577439726708e-07 5.350434143071413e-05 2.030613827200951e-07 3.683589426682942e-07 1.0101758140131074e-06 0.0 0.0 0.0 7.765198964974342e-08 1.348833349878104e-06 1.2984964034827642e-06 1.668977674687484e-05 4.877989539380988e-05 2.6391220518688533e-06 2.59826997402039e-05 4.159818047550718e-07 1.468408574476112e-07 1.4861465973081388e-07 7.516996898634427e-05 1.456670280817113e-06 1.2194513087926097e-06 6.271817272677539e-08 5.436440724012287e-07 9.008310385445637e-07 3.1471149455585066e-07 9.47583283508472e-06 0.0 0.0 4.490766860377991e-05 2.1670360329783427e-05 8.816965810762649e-05 5.511059759912688e-05 4.86244910909848e-06 1.2008203004276165e-06 1.1959636326253937e-06 6.069419166739072e-07 9.792447995077542e-07 2.371253661449021e-06 2.4747291774992525e-07 5.98000724340092e-07 4.435670887334997e-07 3.267376617256319e-07 1.3860325788141184e-07 3.909063597874599e-07 5.7197313646032866e-08 4.839977085124883e-07 0.0 5.787823240534454e-08 2.58851065071106e-07 1.8394544284876043e-07 1.2480971573314915e-05 3.624090963135357e-06 0.0 2.558143729136257e-06 1.6449815773111607e-05 6.488480427180538e-07 1.7002977896969959e-06 2.6544673464374553e-06 1.7005170851319924e-06 5.276915537362198e-06 1.2924681962332347e-06 5.967458627375022e-06 2.995183070140964e-06 8.223839595645496e-06 6.008945684070715e-06 3.2278632378574447e-06 6.880120346741729e-06 1.8137998606722235e-05 1.0411648333558378e-05 9.190961801409446e-06 1.613188505190005e-07 0.0 0.0 0.0 0.0 0.0 0.0 0.0 0.0 8.379619554491829e-08 0.0 0.0 0.0 0.0 0.0 0.0 0.0 0.0 0.0 2.1743126249866635e-06 1.7870572492732724e-06 0.0 0.0 0.0 3.9455904142510116e-06 1.7889167385363778e-06 2.6911087552482163e-06 4.385406140239306e-07 3.9800612302287086e-07 0.0 2.1055245871495405e-07 0.0 0.0 0.0 0.0 0.0 2.4269988735166186e-07 1.320897560840622e-07 0.0 0.0 1.495719679419791e-07 1.1971779879898815e-07 0.0 0.0 0.0 0.0 2.4031021507030384e-07 9.175711430698879e-07 2.9035323113626714e-07 0.0 0.0 8.088039831376573e-06 2.936568442561988e-07 0.0 0.0 0.0 0.0 0.0 0.0 0.0 0.0 5.854525094980048e-06 0.0 0.0 0.0 0.0 5.537459924394774e-06 0.0 1.9696091091535985e-06 2.053458143317788e-07 7.497653571179488e-07 3.151143143515356e-07 0.0 0.0 0.0 0.0 0.0 0.0 0.0 0.0 0.0 0.0 1.94462202112917e-06 2.0768388417307857e-06 3.271604910808948e-06
0.00013131890646808452 9.26193899590694e-05 1.7899277952682409e-06 0.00019461014221860303 1.9899592062341276e-06 0.0 3.66742734760912e-05 1.2863293026918503e-07 6.771583481022663e-07 0.0003405718983696831 2.739456468708693e-06 5.511256363876626e-05 3.6301372604200895e-05 4.3439265144052725e-06 2.7323832534558467e-07 7.307650436598574e-08 0.0 0.0 0.0 9.046819941369452e-08 0.0 7.567256067299092e-07 0.0 0.0 0.0 0.0 0.0 0.0 3.0564765394322936e-07 0.0 6.7119690096385044e-06 2.011336986427154e-06 1.4124809060331379e-05 0.0 0.0 0.0 7.826425294569413e-06 1.9580269922623778e-07 4.321842908050218e-07 0.0 0.0 1.7474952866527136e-07 7.374740042320756e-08 0.0 0.0 0.0 1.5213353806578248e-07 0.0 9.904788974847309e-08 3.453893266912185e-07 1.527947055304668e-07 3.177213892431478e-05 1.1616707575223514e-06 2.9872153942119273e-07 0.0 0.0 3.522759922989938e-05 5.325130510909852e-06 1.8792069189525675e-07 7.872139312133828e-07 0.0 4.2321141276239893e-07 0.0 4.273621073478162e-07 0.0 0.0 2.5958503384092906e-07 7.489432657734925e-08 0.0 0.0 3.2194759834027915e-05 0.00011811205993710981 7.351248280788034e-06 1.3938479335677901e-06 0.0 1.345879327320337e-06 2.353048611029654e-07 0.0 0.0 2.988457860015976e-06 0.0 1.3941575849718337e-06 0.0 0.0 8.01685196528761e-08 6.025406361543964e-07 0.0 3.5336272672741836e-06 2.9498681684300603e-06 1.122543113830538e-05 3.3337290327899864e-06 5.550895492112353e-06 0.0 1.1686673756186488e-07 1.5515141640283369e-06 7.014538569071111e-05 7.93593027518751e-05 9.542845554136265e-06 1.1701698471342988e-05 0.00020545092123215692 3.5037763609090394e-07 1.3853608417873953e-06 2.703026248938391e-06 7.241409336935021e-07 1.1588391626612265e-06 7.608746653309414e-07 1.4131392187969794e-05 7.710664528406521e-07 4.6479677144006066e-06 5.901784433064616e-06 9.448579380208774e-07 8.508689623465089e-07 3.966757864754926e-06 1.956536169323186e-06 1.2917228950547215e-06 0.0 8.843436752248966e-08 0.0 0.0 1.0870291813415826e-07 0.0 0.0 0.0 0.0 0.0 0.0 0.0 0.0 0.0 6.403317329918144e-08 0.0 1.487270693208277e-07 1.056729004253324e-07 0.0 0.0 4.711128425499024e-07 0.0 4.144157265341643e-07 0.0 4.2402855019908223e-07 0.0 1.67912169972498e-06 2.1713255334861005e-07 7.054479555267293e-08 0.0 0.0 0.0 0.0 0.0 8.329487662195506e-08 0.0 0.0 7.52872220138259e-07 0.0 0.0 0.0 1.7186521466688158e-07 0.0 0.0 0.0 0.0 0.0 0.0 8.181595776689675e-07 0.0 0.0 1.032766060835839e-06 0.0 0.0 0.0 7.244795548884555e-08 0.0 0.0 3.207918970600051e-07 0.0 0.0 1.029032349259239e-06 1.981849314550128e-07 0.0 0.0 0.0 0.0 0.0 0.0 3.0265130258722797e-07 0.0 3.351832748682171e-07 0.0 0.0 1.1037179683454767e-07 0.0 0.0 0.0 8.182813390236548e-08 2.1136993621580734e-07 0.0 0.0 6.940610262781326e-07 1.5232273782173923e-07 6.436669169340098e-07
0.00010954862587826104 0.0023506460312037293 3.581809250001891e-05 0.00022652302422701583 0.0030221376377881186 3.66742734760912e-05 0.0 1.33749888288046e-05 0.0005544515442432489 0.0008991967018898094 0.00017168085889984806 0.0001814254121101758 0.0023447354659875195 0.0019217803679629387 1.8057493088072404e-05 3.7926541133529184e-06 6.212985252184733e-08 8.42114814497087e-07 0.0 2.2173357791107676e-06 1.0661556519761201e-06 0.0 0.0 0.0 1.1320545046253922e-07 1.1236386516931393e-07 6.653467154691024e-08 0.0 2.9335047401184913e-07 7.236629413344126e-08 9.913747276085242e-05 4.002632083743284e-05 1.7105781988484867e-05 3.0582383475603123e-07 0.0 0.0 7.711806349002654e-06 5.28464945134263e-07 1.2198103981742247e-06 4.1331462172919173e-07 2.0642742518798227e-07 2.2897409784234346e-07 6.410073485882598e-07 8.306254478104872e-07 5.538370501355342e-07 7.747331763712351e-07 7.115731616690923e-05 1.634438935946848e-06 8.360692685703521e-07 9.261454061643326e-07 2.7729740940089577e-07 1.966556904555415e-07 0.0 2.3884722224750714e-07 2.962329181168504e-06 2.632460249925176e-06 3.950050851690161e-05 9.110880136443302e-05 6.850456700847678e-06 4.2480744778749225e-05 1.248001097475313e-06 8.776506700958959e-07 3.079473011287871e-07 0.00010561508437412006 1.8730800195663662e-06 1.6795960708602057e-06 4.493648611487359e-07 1.1052841936211608e-07 8.547077583470838e-07 5.849785919348541e-07 2.2445742578364002e-05 5.098150494214524e-07 8.469863394271669e-08 8.740777746354889e-05 4.3800752437611716e-05 0.000151144770242528 6.766466113134567e-05 4.070076188440332e-06 1.106267121531616e-06 1.224021665541048e-06 8.831061127785412e-07 6.120401862824905e-07 6.269130655443891e-06 3.4753029258234123e-07 1.0784382137436546e-06 1.6947268033194184e-06 1.0312703942799575e-06 7.19805602645652e-08 4.969169806972415e-07 0.0 7.0020725417648e-07 0.0 7.317957597771132e-08 1.3273412713602824e-07 3.653363650120513e-07 2.3855909065559318e-05 1.0147111432329487e-05 0.0 4.998645038934467e-06 6.871093500055788e-05 1.7568759338033325e-06 5.756475114347354e-06 7.499756537197355e-06 4.31880301928954e-06 1.3298350483131694e-05 5.253491522126688e-06 2.718312961479619e-05 4.031129222680194e-06 2.74787123849061e-05 2.774781676612437e-05 7.199688904309512e-06 1.5207480112539338e-05 4.544905513261618e-05 2.8990973070470638e-05 2.0877460006361385e-05 0.0 0.0 0.0 1.3749734622344254e-07 0.0 0.0 0.0 0.0 0.0 7.961097065986631e-08 0.0 0.0 1.3066695516978358e-07 0.0 2.2145214034448422e-07 0.0 6.04383751787265e-07 0.0 0.0 4.131040218269296e-06 2.719438425908268e-06 0.0 0.0 0.0 4.4162519319063945e-06 1.2406236121041394e-06 7.344195855404171e-06 1.742219315133487e-06 1.8488777077369345e-06 0.0 0.0 0.0 0.0 0.0 7.955065981978043e-08 0.0 1.1662347955108749e-06 2.9517544768079736e-06 0.0 0.0 0.0 0.0 0.0 0.0 0.0 0.0 5.665119448550262e-07 2.224497213442944e-06 1.965760005532305e-06 1.080354548868682e-07 0.0 1.929499894131641e-05 2.095195772161189e-06 0.0 0.0 0.0 0.0 6.968867021845159e-08 0.0 0.0 7.326767097957404e-08 1.3896461558294933e-05 9.019160500424668e-07 0.0 0.0 2.0792278844338834e-07 1.0522415772077349e-05 7.779276518699234e-07 6.238444634195671e-06 1.2843762728047008e-06 3.1445394603765063e-06 3.2229735838307376e-06 5.573526381198854e-07 1.0728612808385655e-07 0.0 0.0 0.0 0.0 0.0 0.0 0.0 0.0 4.946009502309773e-06 5.514745361140618e-06 6.565190296620222e-06
0.0001394459521422772 0.00021994446818612387 0.003643022324906623 2.2650994185729788e-06 0.00012283725564088123 1.2863293026918503e-07 1.33749888288046e-05 0.0 0.00022363653971851124 1.1638775832736304e-05 0.0011873088956336716 6.459750676079555e-05 0.0002410425379938808 0.0007033793523360885 4.4660958261549236e-05 3.192458033534091e-05 1.4805641682307895e-06 2.7759554237195715e-05 3.878525858390863e-06 0.0001615158242383868 0.0003545307847264263 0.0 2.9223871182556363e-05 1.707442430373731e-05 1.6046908116793387e-06 8.686549310096749e-06 1.1830018891830916e-06 1.0021763076182182e-05 1.6718558243334745e-07 5.13841749257769e-07 0.000540711359730303 0.002372318465672199 9.231597323637213e-05 2.5094789242191537e-05 2.220856580646481e-05 1.71150557497905e-05 1.9036740125570035e-05 9.98626987106393e-06 3.0578551182180936e-06 1.9131755107013353e-06 8.962573593232305e-05 1.455084689346497e-05 4.4708538110113976e-05 2.060122004947425e-05 8.685968379394324e-06 5.966270407780179e-05 0.00010373437887049335 1.2666856291833783e-06 1.117422469378211e-05 4.171767537602915e-05 1.9885552963440357e-05 1.3858181637595068e-06 8.631808385645847e-08 2.0770530913487745e-06 1.9691372884996474e-06 1.1866482318407869e-06 2.7467242374304417e-05 7.753244374878684e-05 4.040078723608864e-06 3.1614691382688275e-05 0.00017707738809365494 6.905034791085354e-05 6.611055257181018e-05 0.00015909143057809438 1.28160317817173e-06 3.7720737606611045e-06 2.019534936349322e-06 1.523664621697999e-05 4.3197872858580045e-05 0.00014010319469200764 7.92445826739815e-06 4.279605522740851e-06 0.0 5.086425012243354e-05 4.593362708543424e-05 0.00015537254073510473 0.0002515516177083695 0.0003625969486203646 0.0008724774778021402 0.0009480937002095336 8.641528942099351e-05 0.0007988444129177776 3.1349141692238444e-06 2.341384180227459e-07 1.6648851016641717e-06 5.649771663241389e-07 1.1825727911584476e-05 0.0 1.0843344990725543e-06 7.552086264224028e-08 1.2754994527800718e-05 1.1861772659427218e-06 2.6430696514006027e-05 3.684963035017307e-05 1.1669152193389554e-05 8.559189511147911e-06 2.1486907979981087e-06 0.0 2.572043181145335e-06 9.834245357571026e-05 2.2067260297588857e-07 1.1350510306089408e-06 6.047114725469332e-07 4.55671530403371e-07 1.4614338583505438e-06 3.3897240771359494e-07 1.7940800155469609e-06 6.968877775225664e-07 2.222259251140537e-06 2.4916551638571447e-06 1.9405922607153235e-06 1.516641088901289e-06 4.765627688402562e-06 5.500719290373777e-06 3.653841403515591e-06 6.41437640054322e-07 7.483620777252097e-08 9.519809680791589e-08 4.017174914644135e-07 7.302262257689648e-08 0.0 4.672704758755429e-07 0.0 0.0 0.0 3.579825370779974e-07 9.980704164871907e-08 8.577223950454125e-07 6.330261344288898e-07 3.846160365902909e-07 1.0338357005141682e-07 1.0863787075164045e-06 5.02976643882491e-07 1.7891443241843824e-07 4.867594155912277e-07 3.0148502953909343e-07 0.0 0.0 0.0 4.695201350067573e-06 1.44600065259855e-06 6.7130785333294205e-06 4.787202384131832e-06 3.7189569734949366e-06 4.070625833239121e-07 2.584269131419497e-07 1.273139114250195e-06 0.0 6.893211751137479e-07 0.0 3.6200199446658653e-07 0.0 8.85932271208409e-07 0.0 4.1576756432800655e-07 2.0724348728661474e-07 2.9526010297953565e-06 3.844116805419166e-06 0.0 1.187110526102518e-07 0.0 0.0 1.5810447345408547e-06 4.329530839840319e-07 2.552684247042728e-07 0.0 5.016817181252199e-06 1.1350750097283832e-07 0.0 0.0 7.52776110651094e-08 0.0 0.0 0.0 0.0 2.8025079778494026e-07 6.6205498115826375e-06 9.574855592252855e-07 0.0 0.0 5.819468458728617e-06 2.7314802819844843e-06 1.2658149408308525e-06 2.24408411002142e-06 1.119417260524067e-07 2.116486399422012e-06 9.179938428331292e-07 6.492763121809438e-07 9.89002743259465e-08 1.979189920831924e-07 0.0 0.0 0.0 7.01804213900388e-08 1.1935697692829143e-06 7.23563035995837e-08 1.239781760274132e-06 8.336458793860904e-07 1.0938103425920876e-05 8.736159939166094e-06
6.357975011682406e-06 0.00036387589811697705 9.571184501654963e-05 1.7681440106245337e-06 0.0023614778211861927 6.771583481022663e-07 0.0005544515442432489 0.00022363653971851124 0.0 7.780964589886101e-05 0.0004915098570523749 2.0725677350182527e-05 0.0010199418703862066 0.0007368417375390609 7.685527237714596e-06 3.0961705756237197e-06 9.784503682476073e-08 1.2079698784684628e-07 2.567611777374014e-07 2.70761628804953e-07 5.529535772084028e-07 0.0 0.0 0.0 0.0 9.101690673828577e-08 0.0 5.176384094695032e-07 0.0 0.0 2.4191323813836184e-05 1.1932591326118701e-05 6.282013214484676e-06 1.7630693984530702e-07 0.0 0.0 2.1993647801540954e-06 0.0 5.72501858121743e-07 0.0 0.0 7.161636072947782e-08 3.5550220093165505e-07 3.442537145639201e-07 1.3497259034376652e-07 2.0192269622888194e-07 2.5746533312740002e-05 1.351512159422227e-07 2.639120746757715e-07 2.517661359862434e-07 1.4266991066223517e-07 0.0 0.0 0.0 7.001376191444913e-07 4.3454231873672794e-07 4.094709315618466e-06 1.3633561041256352e-05 2.468749668357951e-06 1.1670475580679662e-05 6.608846599678684e-07 8.009006592977749e-08 0.0 3.172635216978169e-05 4.808241331738664e-07 4.714983006910731e-07 0.0 7.69750873240065e-08 1.4879069808430145e-07 0.0 7.295955432189313e-06 1.464207127611061e-07 0.0 1.624945639782658e-05 1.289975567226695e-05 4.752712553052481e-05 3.1248283310040104e-05 3.286672460264478e-06 4.110835664058042e-07 4.5051841855419155e-07 1.8945416071954355e-07 4.290782825405985e-07 1.4428559091869853e-06 1.348119743599322e-07 1.2036447217729402e-07 4.173316159502796e-07 1.4314833499472995e-07 0.0 2.602739027490787e-07 0.0 2.2064649156219092e-07 0.0 7.743538715533559e-08 0.0 8.213947643633523e-08 6.710675754791132e-06 2.3630502842865186e-06 0.0 1.077109527886139e-06 3.51350146089558e-06 6.626388396293731e-08 3.1352942231019897e-07 1.1025611343757892e-06 4.885797882838659e-07 1.5401927201097636e-06 9.169466473900162e-07 2.5147915399504226e-06 2.7604675540308976e-06 2.7923474854342498e-06 6.149357692721984e-06 2.2048348410005875e-06 2.6603864298521263e-06 1.0135211084307123e-05 4.693343193488377e-06 5.707067871224411e-06 0.0 2.581325094800126e-07 0.0 0.0 0.0 0.0 0.0 0.0 0.0 0.0 0.0 0.0 0.0 0.0 1.7041505237330768e-07 0.0 0.0 0.0 0.0 1.0182426462204536e-06 9.001530930490082e-07 0.0 0.0 0.0 1.45153869870626e-06 1.5570854537063896e-06 2.022989184110154e-06 9.789177267081934e-08 2.7574162041886e-07 0.0 0.0 0.0 0.0 0.0 0.0 1.1674895587705827e-07 3.807740421483336e-07 2.9231535544223114e-07 0.0 0.0 0.0 3.6022508105577504e-07 0.0 0.0 0.0 0.0 1.6862988091772064e-07 0.0 2.345970542969193e-07 0.0 0.0 6.541736893406784e-06 8.333400146425332e-07 0.0 0.0 0.0 0.0 0.0 0.0 0.0 0.0 2.599104334328643e-06 3.615239285801087e-07 0.0 0.0 0.0 1.309034780718114e-06 0.0 3.2435855349175857e-06 4.4626161475682797e-07 1.3240996969740575e-06 0.0 3.6799108514564903e-07 0.0 0.0 0.0 0.0 0.0 0.0 0.0 0.0 0.0 6.118628382224025e-07 2.3289897787071684e-06 1.3693408323328529e-06
0.0004914732034242313 0.0006920484518027865 2.648716287810061e-05 0.0015260112743545472 0.0003260670641390557 0.0003405718983696831 0.0008991967018898094 1.1638775832736304e-05 7.780964589886101e-05 0.0 0.00012988653381816454 0.0016144064871136871 0.0033607510015232606 0.0002909968703103985 1.0924215958876057e-05 5.430755131413976e-06 1.5454567755966562e-07 6.851963943371722e-07 4.4376053469611897e-07 1.0307536713691877e-06 1.6771348885984626e-06 3.9160455288751237e-07 0.0 3.0399455605851e-07 1.0723298616411e-07 3.2406431802372174e-06 0.0 2.700646314440494e-06 0.0 0.0 4.477041848880347e-05 1.661100384138449e-05 0.00010669614594397085 8.411486324492711e-08 0.0 4.181735642849837e-07 6.97908379212316e-05 3.1558869192040797e-06 3.3294369266554127e-06 5.807876870590717e-07 1.1505864945759288e-06 3.1536060536707197e-06 4.3037173039736887e-07 8.533372308102803e-07 4.2843910436041667e-07 1.2521524859754553e-07 3.161434464590786e-05 4.0009532563277387e-07 7.990002106840382e-07 5.750473487248621e-07 1.1482743201616242e-06 3.6826510333923646e-07 9.339892941400473e-07 1.6265815189317236e-07 1.1889787972930391e-06 1.0345697106431473e-06 6.0283795361481454e-05 4.925509088594298e-05 4.078041313888094e-06 1.8185736001502358e-05 4.1536240084682607e-07 2.667618013908009e-06 0.0 3.975607278364735e-05 9.897608841581246e-07 6.990148743101097e-07 0.0 2.9615339319161647e-07 8.566270575449437e-07 1.2192365123146721e-06 0.0006560162702639988 4.647193319353716e-06 6.583156589824058e-08 3.908598589992701e-05 1.675791221076076e-05 6.284783649723929e-05 1.8798192789370336e-05 2.9516609223975447e-06 2.9240090915374285e-07 1.221669680641551e-06 7.436659845476658e-07 3.295842249247884e-06 2.1402427676426398e-06 2.917285609306061e-07 5.570979346520586e-07 5.559241434284912e-07 5.570003959762872e-07 0.0 2.3609408110948097e-07 7.121588002382674e-08 1.28616943117282e-06 0.0 2.397529693777699e-07 1.99266269340788e-06 3.3157960842566547e-06 0.00034322788964017076 0.0002659126870768529 8.530006959549639e-08 7.160415953955161e-05 0.000388113060811669 9.492519554130826e-06 3.74309976903962e-05 4.314268944171212e-05 1.9989497901313503e-05 5.5053774135485624e-05 3.230820746992046e-05 0.0001622775853453132 4.578721907452943e-05 0.00014369384476486312 0.00015386186562630535 3.807835405082371e-05 9.241838043164153e-05 0.0002744756289203886 0.000143936713880094 9.9176339705837e-05 1.2805697829002706e-06 3.38235461084554e-07 0.0 0.0 0.0 0.0 1.5485465343083106e-07 8.202879014447995e-08 0.0 9.479793318912597e-08 8.530894802760904e-08 5.068786964141376e-07 8.566828556415852e-07 0.0 3.115288707530312e-07 1.669968192462575e-07 5.464744632513734e-07 0.0 0.0 2.207105903494931e-05 1.658883140015823e-05 0.0 9.841145505895958e-08 0.0 3.37774979318894e-05 7.397726863706643e-06 3.5210342797672996e-05 7.061517766887942e-06 5.566987875494091e-06 0.0 0.0 0.0 2.29201761613198e-07 7.612727977556351e-07 0.0 2.396397647728724e-07 4.3682001202283876e-06 7.927303166121056e-06 7.819958487258968e-08 0.0 9.280236311250169e-08 1.016337220721635e-06 2.93153916921621e-07 2.4747291315446346e-07 3.0534049327945755e-07 0.0 2.9845604443052413e-06 6.01849561424604e-06 6.388828969485035e-06 1.3757877229120495e-06 6.883652455411093e-07 8.403854985814134e-05 4.477746797309181e-06 0.0 8.525866264689005e-07 0.0 0.0 2.4060491284179336e-07 0.0 0.0 3.5574179911668995e-07 5.7922681094682666e-05 3.3986295581364585e-06 1.5262625887980022e-07 0.0 2.2148664307134837e-07 4.6057389823457256e-05 5.322360407922485e-07 4.8077265444363864e-05 9.813372069926854e-06 1.398005559028628e-05 9.001928902073613e-06 1.307101240184272e-06 7.713554522395639e-07 0.0 7.7759091481429e-08 0.0 0.0 0.0 0.0 0.0 0.0 3.273548019553712e-05 2.4408176705764175e-05 2.404379684016201e-05
9.107478845864656e-05 0.0004624812522372987 0.0014380469547866366 6.361532464323353e-06 0.00045541733112203523 2.739456468708693e-06 0.00017168085889984806 0.0011873088956336716 0.0004915098570523749 0.00012988653381816454 0.0 0.00027910904855633055 0.0019227006054986153 0.004449564971596589 3.1558141684490216e-05 2.016736356204544e-05 5.451238202775877e-07 1.4506628220774116e-06 1.3145760436490527e-07 2.5417448790054723e-06 8.125486512141765e-06 5.43773967723224e-07 1.2744124064117033e-06 3.8718076839178237e-07 4.3902537090272517e-07 2.1324830455489863e-06 9.038447010049998e-08 3.863408609016442e-06 3.203880203081163e-07 0.0 0.00020601674555806938 0.00020931163136305296 0.00033625444808430243 1.1420142396982716e-06 9.940106477080782e-07 2.8708130923969715e-06 4.590554644744221e-05 1.784741609421257e-05 4.7941036647785395e-06 3.0046396940607947e-06 7.5391051003603505e-06 3.7431605352899657e-06 2.7400513098738527e-06 1.7357719420308066e-06 6.28743586854769e-07 7.069355156880732e-07 5.123909850046597e-05 6.013295481632173e-07 1.527916899884625e-06 3.7410347022544056e-06 3.8619907666053975e-06 9.492513557053234e-08 0.0 1.2191398192038637e-06 9.71582721785492e-07 3.979252199186563e-07 1.4824870449956265e-05 3.5345817501954614e-05 2.0390545783449985e-06 1.8904891043009058e-05 3.2056520293158105e-07 1.951049323552631e-05 1.4566788329714407e-06 3.8644219083336425e-05 6.485404730581862e-07 6.496613567305563e-07 2.6820838106238974e-07 1.2552442758812055e-06 3.098380289622712e-06 6.468680347131205e-06 1.941256985067407e-05 1.8307254683640674e-06 0.0 3.301423735336481e-05 1.9951411169230397e-05 9.657188363461114e-05 7.106702709859477e-05 7.642085942525314e-06 1.4620540738173353e-05 0.00019575509405667872 6.310488083354369e-08 0.0001431920791170626 2.066847333635325e-06 3.049227152557568e-07 4.445506094585212e-07 4.924260840780267e-07 1.2530142131775575e-06 0.0 3.5447033594896036e-07 0.0 4.165326797589733e-06 3.837913396190189e-07 5.4741460603424135e-06 7.540478849315844e-06 6.031611264298013e-06 2.113568405284412e-05 2.7331578093438984e-06 0.0 2.7041567784849873e-06 4.729009539521479e-05 1.997712471704014e-06 2.497611746239746e-06 3.1625750853118527e-06 1.41619094914351e-06 3.1187797143897304e-06 2.0920438368519756e-06 5.0442792746873335e-06 2.0785645571021733e-06 9.42052219285808e-06 1.0872564829900506e-05 3.0296818632898313e-06 6.660341772468626e-06 2.3076278574526627e-05 1.4678010139919036e-05 1.0355195893712916e-05 8.515870400095797e-08 2.9801861759099323e-07 0.0 1.2386129689129554e-07 8.617272940111584e-08 0.0 0.0 0.0 0.0 0.0 1.430402727115374e-07 0.0 5.779160013895874e-07 0.0 0.0 9.12765595184239e-08 1.8014432044366122e-07 0.0 8.898021646986865e-08 2.5146481799254817e-06 9.62284241491071e-07 6.947903444406585e-08 0.0 0.0 3.8018324039405734e-06 1.3395412848482936e-06 3.7281090837369673e-06 7.06809333499177e-07 1.8752285082283835e-06 0.0 0.0 0.0 0.0 9.330765251442215e-08 1.768508586987485e-07 1.9964748311348086e-07 6.854786889573826e-07 7.097558884315899e-07 0.0 0.0 4.6247510234222187e-07 1.135991776775937e-06 1.7273662450690335e-07 0.0 0.0 0.0 7.788027380793504e-08 5.067253642371864e-07 0.0 0.0 0.0 8.690558459864622e-06 1.4755645356133374e-07 0.0 0.0 0.0 0.0 0.0 0.0 0.0 2.750866016820052e-07 5.630469988592262e-06 1.2032775351877117e-06 0.0 0.0 7.576562612628897e-08 4.779908545355542e-06 0.0 3.4964739975511914e-06 1.5281735058736192e-06 1.5315903190029866e-06 4.798853308871927e-07 2.0972330874124045e-07 8.086184615892901e-08 0.0 0.0 0.0 0.0 0.0 0.0 4.6604088655533406e-07 0.0 2.669172019850883e-06 8.44994528897805e-06 4.374979147806e-06
