0.0 0.0006259436735143721 0.00020145346828601368 0.0011022772414320996 6.9479474881893384e-06 3.3043827980194676e-05 0.00021367547531722555 3.344036593862157e-05 4.2533071703419294e-07 0.0004293625044293079 4.3681661434976334e-05 4.11794229107521e-05 2.9424800598775647e-05 2.7265881976649375e-05 1.7251272211921718e-06 9.733372061307812e-07 0.0 0.0 1.1895381159266285e-07 0.0 0.0 3.4576595666957663e-07 3.687457555879704e-07 0.0 2.541242694364466e-07 0.0 4.072963759328711e-07 0.0 9.564173213420122e-08 7.263026033721487e-08 0.00040444350225667884 2.9909353368807553e-07 5.0719118179558755e-06 8.310317835666806e-08 1.2100300181762742e-07 2.7981444978218083e-07 1.2203237897864805e-06 6.77970710901125e-07 1.9726604334475785e-07 2.498274832955344e-07 4.0479208669568733e-07 0.0 0.0 2.3266535130197784e-07 0.0 0.0 1.3834351210016043e-05 1.0254742996866174e-06 0.0 1.5356634247082973e-07 3.7731281242690955e-07 5.637945054342801e-07 0.0 0.0 1.4444057909898579e-06 7.331035794414698e-07 0.00010798150535660842 0.00038402100336776404 1.8066804709482717e-05 1.679055971161878e-05 3.5282514879468154e-07 4.892884744753313e-07 6.944516972491455e-08 3.5399618793685227e-06 4.3866973926053866e-07 6.962143551763237e-07 1.0036879671420482e-07 2.797271772308414e-07 0.0 0.0 6.795530108520029e-07 0.0 0.0 0.0001396340144152506 7.656192863097855e-06 1.6141048207632564e-05 1.3374107950294854e-06 5.967289563585173e-07 2.582722036409096e-06 1.288469247975824e-05 0.0 5.281701055320989e-06 3.3432854189788873e-06 9.698635308393473e-08 4.15706591113395e-07 2.4238666078984536e-07 2.0370145057268093e-07 0.0 2.521844645166884e-07 0.0 4.491286017780579e-07 0.0 3.8513695356235516e-07 1.0841464799979877e-07 0.0 3.5022796943979434e-05 4.8096254344649415e-05 0.0 4.800544268015649e-07 0.00039493849475507806 0.0 2.254684602778978e-06 0.0 1.01333317962604e-06 1.2529326800644146e-06 1.997132896216669e-06 2.509150229577515e-06 1.3479954883853263e-06 5.032425821501819e-07 8.75814214909889e-07 4.2375038339705705e-07 6.225947344799438e-07 2.483030247474809e-06 7.628043777625044e-07 2.741972978667047e-06 0.0 0.0 0.0 0.0 0.0 0.0 0.0 0.0 0.0 0.0 0.0 0.0 0.0 0.0 0.0 0.0 1.5396456403739904e-07 0.0 0.0 0.0 6.894411325992809e-07 0.0 0.0 8.769536175866845e-08 8.174564461796985e-07 0.0 1.0572891765861042e-06 0.0 8.330455669031181e-08 0.0 0.0 0.0 0.0 0.0 0.0 0.0 0.0 0.0 0.0 0.0 0.0 0.0 0.0 0.0 0.0 0.0 0.0 0.0 0.0 0.0 0.0 1.1684859797751214e-07 0.0 0.0 0.0 0.0 0.0 0.0 0.0 0.0 0.0 0.0 0.0 0.0 0.0 0.0 1.1775577701519508e-07 1.5866765812738752e-06 0.0 3.312129045324271e-07 0.0 0.0 0.0 1.0209321414248023e-07 0.0 0.0 0.0 0.0 0.0 0.0 0.0 0.0 8.321029942180782e-07 0.0 2.1566648293427702e-07
0.0006259436735143721 0.0 0.0012514964853546496 0.00033592762612411314 0.001309630879738105 0.00019803567917976296 0.002696507637908117 0.0008991367974828582 0.00025095866710529675 0.0006104985548377289 0.0012232361929756371 3.702753910362511e-05 0.0005885397499566092 0.0012388502675511812 6.439495406713567e-05 2.429114624463397e-05 7.75755029852746e-07 1.6576856391028104e-07 6.031029510400723e-07 6.308758416325758e-07 9.292474998362565e-08 1.2554498794423287e-07 7.059842465168485e-07 5.149256305558798e-07 3.0580217775500783e-06 6.913847708377484e-07 6.198272571276488e-07 5.693871254341339e-07 4.066694065343091e-07 1.524097593759849e-07 0.0013900090260278721 0.00016148902036133172 6.613422399660731e-05 2.252353335909926e-07 9.609519453781088e-07 3.5964418184750473e-06 1.6200095993592186e-05 6.2114440662202446e-06 2.012231332283548e-06 9.144999216709279e-07 5.3952210350242e-07 1.8918593053184015e-07 4.330591774753617e-07 3.135091100399643e-06 8.814162891051087e-07 1.6561460750280432e-06 0.0001317953473654457 6.006418631061244e-06 2.659466546738461e-07 1.462462595736051e-07 1.055687359150675e-06 3.2607659511184567e-07 4.651427574372567e-07 8.405878035296854e-08 3.6929185454087845e-06 1.7597016572243056e-06 0.00012962748371066286 0.00039516367697171574 3.438926869076168e-05 7.947657012737079e-05 2.2906291821159824e-06 4.739345732057323e-06 2.597610487381844e-07 0.00010883349270847392 2.817403799419752e-06 3.093986953526987e-06 1.5090604179658835e-06 7.377043033981074e-07 5.092695721106509e-07 5.276480114962479e-07 1.3640147776461268e-05 1.127583171512599e-06 8.971783792319794e-08 0.0005018251610956238 0.00012888476586335161 0.00022220352481476435 8.769673278251112e-05 2.1878127624135828e-05 8.183089074065551e-06 9.302425700527399e-05 1.3598725728959139e-06 9.738257722001252e-06 1.310497679424077e-05 7.055031749497132e-08 1.9974158269162213e-06 1.1494113395337207e-06 2.5513995655182476e-06 0.0 9.12124442535311e-07 0.0 8.326631420523352e-07 2.0841732636405126e-07 1.988018575201864e-06 1.1143442790136437e-06 1.124818560873605e-06 3.136109186152963e-05 1.942679287117197e-05 0.0 6.109756674075902e-06 0.00032966813671758146 0.0 0.0 1.731257426072637e-06 9.180707341853364e-07 5.478142319428851e-06 2.4598504062568222e-05 6.016359551973818e-07 6.695332513513084e-06 6.367818271611809e-06 5.741154658008651e-06 5.17212659338087e-06 1.3660050492990893e-05 1.4963693245860623e-05 1.4211501367910918e-05 1.2707804067366204e-05 5.471362264408099e-07 2.4287653773501755e-07 0.0 0.0 0.0 0.0 0.0 0.0 0.0 0.0 0.0 0.0 0.0 0.0 0.0 0.0 7.832229504127996e-08 0.0 0.0 5.175096250157594e-07 7.58868612121102e-07 0.0 1.0154328849144786e-07 0.0 8.534421102189172e-06 2.6016267990602366e-07 3.5870614757347545e-06 1.7430831547054558e-06 6.836946369630874e-08 0.0 0.0 0.0 0.0 0.0 7.591959868076923e-08 0.0 2.0772077461724322e-07 0.0 0.0 0.0 0.0 1.0789687853006333e-07 1.265677623958429e-07 1.8276478404398575e-07 0.0 0.0 8.097523627324632e-08 2.1069416672801724e-06 0.0 1.921193793292519e-07 3.3727991592916123e-07 7.538831593501049e-06 7.045638264895634e-07 0.0 0.0 0.0 0.0 0.0 0.0 0.0 0.0 8.210642909362489e-06 8.034322198892177e-07 0.0 0.0 0.0 8.471107242982416e-06 1.4258237487540607e-07 5.416202423604504e-06 1.1387604138456384e-06 1.7769696192689293e-06 2.1408240204603666e-07 0.0 2.810852512092748e-07 0.0 0.0 0.0 0.0 0.0 0.0 0.0 0.0 9.334208114050448e-06 6.276785896677072e-06 6.943348379655438e-06
0.00020145346828601368 0.0012514964853546496 0.0 4.143848138301113e-06 0.00044476061049083046 1.3741894820076374e-05 0.00012441304376028443 0.0022567648198921967 0.0001167335983566489 1.8562109865667683e-05 0.0017592885629703766 1.2192697727943021e-05 0.00019209036376809796 0.0009106906411604001 1.8483097798358624e-05 1.9427725367326658e-05 8.405199954982169e-07 7.537369238688437e-07 1.1758039771880736e-07 2.5477876325504655e-06 7.095474049729498e-06 0.0 2.0319278268595476e-05 5.662109812183307e-06 1.66340159596662e-05 4.8735096623650624e-06 8.421714918172359e-06 3.0673478645963775e-06 8.939307969179574e-07 1.088760226645301e-06 0.002963716771178978 0.0005863589347427159 9.803037282726332e-05 3.410348694221331e-06 2.02660085386007e-05 1.7112747891513068e-05 2.3223745342663132e-05 1.6188335967644802e-05 8.309290135499963e-06 9.391726233709856e-06 2.1261810270140678e-05 3.730008068852221e-06 2.124820067122638e-06 2.778302611227075e-06 3.8148009992541567e-07 9.730637163854255e-07 3.2724848268198285e-05 1.0631407409060909e-06 6.835238589732678e-07 3.315740011686644e-06 1.5096309137744803e-06 2.3931097799274037e-06 1.2747990025168341e-06 5.993633467113415e-07 1.0804525775674434e-06 3.9338143563882194e-07 4.89396018132411e-05 0.0002939104825137466 1.1468106989370001e-05 1.0940812980553176e-05 2.657946370384779e-05 3.953848345214967e-05 1.0399723215213287e-06 7.163407696205313e-05 4.0270910500493346e-07 3.9669695177542717e-07 3.2932231042090026e-07 2.2855876662312897e-06 6.058656993085089e-06 2.2447011737384177e-05 2.071517336159924e-05 4.2959362961406195e-06 7.510149829001105e-07 0.00012324036398418846 3.061768342761868e-05 3.993724889977589e-05 2.731910959310302e-05 1.3902460974645528e-05 0.00022800433090381026 0.0006930427176721702 1.7294252414101262e-05 0.0003774274834880015 2.5701491151748794e-06 0.0 4.777415585381997e-07 2.421004661418935e-07 2.484264291414037e-06 9.685144542359157e-08 1.6638146456573913e-07 0.0 8.366980575745492e-07 9.460042070667747e-07 2.6281707561430644e-05 1.171081342441487e-05 1.0686719040016566e-05 2.5260102616297392e-05 2.6030771527384362e-05 1.1988563244767886e-07 1.398348938745742e-05 0.00011606134397137817 0.0 9.216325691864977e-07 1.8090101786695582e-06 1.260630619608779e-07 4.974991968648166e-06 1.9687980285222763e-05 1.2707611739372243e-07 4.610549884609499e-06 4.323105376140856e-06 9.673866640651925e-07 5.064013254824556e-06 1.326485922113625e-05 9.49563718242605e-06 9.583813026519787e-06 6.956811001582964e-06 6.458606817021945e-07 7.932346519995027e-07 0.0 0.0 0.0 0.0 0.0 0.0 0.0 0.0 0.0 0.0 3.7188867969446876e-07 0.0 0.0 0.0 0.0 2.124034283131333e-07 1.2756065152680755e-07 9.974163267044406e-07 1.0915418190847946e-06 0.0 1.0901385265108792e-06 2.1937695006846633e-07 7.955534708446568e-06 1.0874502114933102e-06 1.2195337514072606e-05 4.630020270318681e-06 1.3636224920960595e-06 0.0 8.530098747349028e-08 0.0 1.3447173454509906e-07 0.0 0.0 0.0 0.0 5.456493224990541e-07 0.0 0.0 0.0 7.685472320769535e-08 2.804648891545328e-07 0.0 0.0 0.0 1.0471118941687987e-06 2.5453027283861324e-06 0.0 4.860999676411761e-07 2.323172144608586e-07 1.088043648953015e-05 2.3603655847540274e-06 0.0 0.0 0.0 0.0 0.0 0.0 0.0 0.0 5.040493077138686e-06 5.210493936071491e-07 0.0 0.0 9.893650597803244e-08 5.005301708514835e-06 1.3577417574786064e-07 5.145047771815803e-06 2.0171062345263802e-06 1.3072215829125618e-06 5.168577158735396e-07 9.6942079907989e-07 7.169546021895327e-07 0.0 0.0 0.0 0.0 0.0 0.0 0.0 0.0 5.3035901790681146e-06 6.370411660681789e-06 8.506560866218894e-06
0.0011022772414320996 0.00033592762612411314 4.143848138301113e-06 0.0 7.689617555099439e-06 0.0003656184489382991 0.00017710126874119435 2.2223309029494877e-07 2.683428310822586e-06 0.0008151837276198121 1.2480608034289228e-06 0.00016487062281979643 0.00036139600934176363 1.8890530041936662e-05 6.005443617509752e-06 3.77692880349436e-07 1.2563521327647794e-07 7.761025112559512e-08 0.0 8.345318220275447e-08 0.0 0.0 0.0 0.0 0.0 9.018829007200916e-08 0.0 0.0 0.0 0.0 0.0001498615112751278 4.192383150319633e-06 2.1216387038996863e-06 1.929091555333055e-07 0.0 9.71851560100173e-08 2.124331679809088e-07 2.2937393409473653e-07 0.0 0.0 0.0 0.0 0.0 7.134425142639865e-08 8.41660338298081e-08 3.782550673238701e-07 2.374562750655326e-05 1.6312292849385124e-06 1.8235092465566987e-07 8.688208909848505e-08 3.61043810589687e-07 0.0 0.0 0.0 1.0626097037840354e-06 5.213312186690074e-07 3.256300440693189e-05 7.553970919624944e-05 8.416699613183641e-06 1.8698325813190175e-05 0.0 2.2817368162129708e-07 0.0 1.3477713729766518e-05 8.000283454253347e-07 7.807910506518975e-07 2.5308300369095937e-07 2.210371213399979e-07 7.542284956837733e-08 7.168156361105905e-08 1.0688169325502742e-06 1.2781456420234777e-07 2.940731705724257e-07 0.0001169964323432896 2.0156320440939816e-05 3.4900907214111154e-05 5.476295295387144e-06 5.726515902398806e-07 0.0 3.255454785427702e-07 2.752525224535852e-07 1.8009357661803176e-07 2.7296410268647144e-06 9.899056967506158e-08 7.141546442472762e-07 2.6121849769731914e-07 3.753716436666435e-07 0.0 1.5712640315521416e-07 0.0 0.0 7.652562716900765e-08 0.0 1.524072369331037e-07 0.0 1.0267527836405335e-05 2.185533406889379e-06 0.0 2.0286261583385072e-07 0.00014628101832010282 0.0 5.712538192338465e-07 3.822413281669919e-07 0.0 4.4672370738333044e-07 5.918357713702347e-06 3.606380680385689e-07 1.8322035576597329e-06 4.0049389500458165e-06 3.2695925150272525e-06 1.790738847107931e-06 4.243420677258559e-06 4.838377521494533e-06 4.078406019222855e-06 1.155798588626426e-06 0.0 0.0 0.0 0.0 0.0 0.0 0.0 0.0 0.0 0.0 0.0 0.0 0.0 0.0 0.0 0.0 0.0 0.0 0.0 0.0 8.125910709586667e-07 0.0 0.0 0.0 1.413017001699164e-06 4.3203744907618014e-07 1.2513683417606142e-06 0.0 0.0 0.0 1.2804782065271882e-07 0.0 0.0 0.0 0.0 0.0 0.0 0.0 0.0 0.0 0.0 0.0 0.0 0.0 0.0 0.0 0.0 0.0 0.0 0.0 0.0 2.36547092969861e-07 0.0 0.0 0.0 0.0 0.0 0.0 0.0 0.0 0.0 8.305712093306746e-07 0.0 0.0 0.0 1.1501615246395335e-07 1.3290232487319678e-07 0.0 0.0 0.0 2.2986215589366113e-06 0.0 0.0 0.0 0.0 0.0 0.0 0.0 0.0 0.0 0.0 0.0 1.4488789362737365e-06 3.304593627900243e-07 2.765975009149081e-07
6.9479474881893384e-06 0.001309630879738105 0.00044476061049083046 7.689617555099439e-06 0.0 2.066395357657612e-06 0.0026470111095459694 0.00046846944654591765 0.0026255413023698526 0.0003330001612034125 0.001217149714298248 4.307638642227446e-05 0.0009173415897090984 0.001558705601950895 4.345181886939365e-05 2.0111190614261003e-05 7.842404813610974e-07 0.0 2.216669111077657e-07 1.9440840024548272e-07 1.51348188296333e-07 1.655308319444567e-07 0.0 0.0 9.461522367265677e-08 1.359414911717304e-07 7.474784782571209e-08 8.950478087763166e-08 9.356248445338166e-08 0.0 8.699432469794136e-05 8.032528386478212e-05 8.404682331165303e-06 1.785142493098143e-07 0.0 4.932031667947102e-07 7.1442079970858004e-06 5.26774948333019e-07 3.991776651094612e-07 6.142636882547316e-07 8.833654555320428e-08 8.20555171260803e-08 1.8306191589834132e-07 2.3625744634889526e-06 4.7485875059537726e-07 6.59649069514158e-07 6.136729858248926e-05 1.6703843977959337e-06 1.6240448578277347e-07 0.0 3.7005810118587716e-07 0.0 1.1130499678892495e-07 0.0 1.460207763520709e-06 6.096036173742427e-07 1.5067355929260267e-05 6.955424313436203e-05 4.399292333905281e-06 1.9554408301418987e-05 6.669203851823455e-07 2.6984380707741078e-06 3.9403192135526893e-07 6.459991843401873e-05 3.8766658639888103e-07 4.2756419786294184e-07 7.597474153315174e-08 2.45135713054113e-07 7.167351960029609e-08 3.36128940469803e-07 2.113695541197582e-05 1.7125570475007266e-07 0.0 9.046638291811174e-05 5.546654916200295e-05 0.00010453375240957442 6.960536372978083e-05 2.005155096786503e-05 6.41756234810239e-06 5.623297307978539e-06 1.2513954398149785e-06 4.59532002330998e-06 2.7843841680490328e-06 9.031809988190998e-08 4.0214942061162565e-07 4.842681312214364e-07 2.9854009912699847e-07 0.0 2.3437814298301053e-07 0.0 2.1387616420301017e-07 0.0 2.9490437177676225e-07 0.0 1.8983498620192927e-07 4.703678820054804e-05 2.758631874699038e-05 1.1191958569355562e-07 2.6732085705937396e-06 5.884314645821519e-06 4.837601866998263e-07 1.374455093256855e-06 4.202765240533607e-06 9.93837496661609e-07 7.33209028146841e-06 3.899005699286481e-05 1.433965241010421e-06 9.632030442455748e-06 9.629890007328446e-06 7.350316367952215e-06 8.934822926704476e-06 2.4629284929883365e-05 1.8531208576532147e-05 1.8745433850802276e-05 1.8832535591048978e-05 2.0830069151828074e-07 1.0108458126040904e-07 0.0 0.0 0.0 0.0 0.0 0.0 0.0 0.0 0.0 0.0 0.0 0.0 0.0 0.0 0.0 1.0777286173202883e-07 0.0 1.5300288169584367e-06 4.051662265464136e-06 0.0 0.0 0.0 1.5694568925626488e-05 1.3323673922780701e-06 9.929885158762813e-06 1.8564142557394852e-06 0.0 0.0 0.0 0.0 0.0 0.0 0.0 0.0 0.0 3.745955323500095e-07 0.0 0.0 0.0 5.955541269314398e-08 0.0 0.0 2.983256517585843e-07 0.0 7.028871434790666e-07 1.1626010874302943e-06 0.0 0.0 7.568016125225141e-07 1.095344794990992e-05 8.839578919592965e-07 0.0 0.0 0.0 0.0 0.0 0.0 0.0 0.0 1.2032805853472764e-05 1.0027511543659494e-07 0.0 0.0 0.0 1.4389033407093351e-05 3.0805393934303135e-07 6.063712537989376e-06 1.4179923779398053e-06 1.6128079772651047e-06 2.8370857326811244e-06 1.0185409185380793e-07 4.601874879132295e-07 0.0 0.0 0.0 0.0 0.0 0.0 0.0 1.5768569031342245e-07 1.0179754245814428e-05 8.531291220635104e-06 4.547024544056402e-06
3.3043827980194676e-05 0.00019803567917976296 1.3741894820076374e-05 0.0003656184489382991 2.066395357657612e-06 0.0 0.00010942309671705724 1.627840684164201e-06 3.3505683603943176e-07 0.00031578609756629345 1.8613586873658838e-06 5.5426606007534736e-05 7.335601299507422e-05 5.4409919991534506e-06 3.303721961680447e-07 2.03882503710405e-07 0.0 0.0 0.0 0.0 0.0 5.339607591460594e-07 0.0 0.0 0.0 0.0 0.0 0.0 0.0 0.0 1.119257446913602e-05 3.6764191869374163e-07 1.1771442206070118e-05 0.0 0.0 9.787823857029053e-08 9.301652042799568e-06 1.711817395745632e-07 2.2666674908582933e-06 1.5082443381776646e-07 0.0 0.0 0.0 0.0 0.0 1.8051773101600723e-07 5.28406697433188e-07 0.0 0.0 0.0 0.0 3.125280181293935e-06 9.576470155569023e-07 0.0 0.0 2.2356178211719614e-07 0.00011846127805831635 1.8879021816698213e-06 1.0775331710307954e-06 1.3953216544110895e-07 3.375373044118212e-06 5.377884635992535e-07 0.0 4.46937260972771e-07 0.0 0.0 2.098877450491816e-07 0.0 0.0 0.0 3.1378991208903005e-05 0.000151422610047245 2.3081444230099864e-06 2.7594017017564e-06 0.0 3.9092938281721014e-07 3.266801673630528e-07 1.1504880518912445e-07 0.0 3.1085312532507795e-06 2.550784943510692e-07 1.3077333938558056e-06 9.600857874850241e-08 3.049764530985751e-07 0.0 5.62846053669769e-07 0.0 7.785822513639917e-07 9.527294833673191e-07 1.047915116780967e-06 1.3163131820796817e-07 1.3301627308557833e-06 0.0 0.0 1.6999208665769292e-07 0.00015412106746336848 0.000302854201030579 9.861756803530676e-06 1.954134831698822e-05 0.00012404724499259014 0.0 3.3391742409381727e-06 5.457253400559104e-06 0.0 1.446052707850239e-06 1.3398119434972255e-05 8.895401043995462e-07 2.095730381899114e-06 2.95603770375116e-06 1.1407756510625402e-05 2.386041881733037e-06 3.939828720893113e-06 5.802833702784389e-06 4.666695649688648e-06 2.635745090027722e-06 0.0 0.0 0.0 0.0 0.0 0.0 0.0 1.3351682108963756e-07 0.0 0.0 0.0 0.0 0.0 0.0 0.0 0.0 0.0 0.0 0.0 0.0 0.0 0.0 0.0 0.0 1.851859286645714e-06 0.0 1.0427547150516067e-07 0.0 2.964344022091435e-07 0.0 0.0 0.0 0.0 0.0 0.0 0.0 0.0 0.0 0.0 0.0 0.0 8.905120459996022e-08 0.0 0.0 0.0 0.0 0.0 0.0 0.0 0.0 0.0 3.82714560961499e-06 0.0 0.0 0.0 9.593717573938424e-08 0.0 0.0 0.0 0.0 0.0 1.4452380316260378e-06 6.882150002591152e-07 0.0 0.0 0.0 0.0 0.0 0.0 0.0 0.0 0.0 1.2618661531796306e-07 0.0 0.0 0.0 0.0 0.0 2.0886990955397422e-07 0.0 0.0 0.0 1.6170943955699224e-06 2.9413760210554925e-07 9.449372269691858e-08
0.00021367547531722555 0.002696507637908117 0.00012441304376028443 0.00017710126874119435 0.0026470111095459694 0.00010942309671705724 0.0 0.000129106549905849 0.0010713421323357791 0.0012035866385127318 0.0003734238863981215 0.0001737459296203591 0.002805638882693969 0.0020963292399495373 7.148686214399839e-05 3.4009997284194814e-05 1.287220411663552e-06 7.406121371521925e-08 1.4837962391613378e-07 1.4207940903370848e-07 7.567353801902732e-08 0.0 1.692730249219186e-07 1.7812223785196572e-07 3.0229410984866763e-07 0.0 1.672624459486163e-07 3.693126564189173e-07 5.637718299306891e-07 2.0300884469452703e-07 0.00021106744550545976 6.822501356171943e-05 1.6335638832859315e-05 3.953870425527968e-07 3.347039522388747e-07 9.154653684771085e-07 1.2134206044640233e-05 3.65704826227654e-06 1.8087122788273443e-06 5.521258899038607e-07 1.3511342812467909e-07 5.122998734458827e-07 0.0 4.980580662641121e-06 7.799144123727738e-07 1.4732123932403751e-06 0.00011304944073204871 2.8729969773727036e-06 3.566140235169087e-07 1.5919469376787514e-07 6.612639493637722e-07 0.0 9.023122456566998e-08 0.0 2.1825754751686745e-06 1.3180800242165729e-06 5.2519782369342776e-05 0.00015309123522319737 1.637913686409386e-05 4.8942910457210485e-05 2.0232935618141397e-06 3.1751283135188047e-06 3.83357605140417e-07 8.060640557555293e-05 2.199359353279992e-06 1.8111988315173396e-06 6.806661099446328e-07 7.210202504672706e-07 1.4177625906759693e-07 3.8422599417064296e-07 3.226795542833777e-05 4.854842532370972e-07 8.375402820528943e-08 0.0002565326047113978 0.00010576707136164398 0.00017919408531095113 9.667458994198928e-05 3.152303632258496e-05 5.911506891248636e-06 4.9182021000965e-06 1.3140099666292322e-06 4.03476099776036e-06 8.985711477239953e-06 0.0 1.3876236420402909e-06 8.568470731069726e-07 1.650266876386308e-06 5.937874503091727e-07 7.485467824717078e-07 0.0 4.5764437556566385e-07 0.0 6.829270066158256e-07 1.010066808091816e-06 8.66728256481181e-08 9.102517341989589e-05 3.899177229374756e-05 0.0 4.535298839221614e-06 6.135524445691544e-05 1.324700139145135e-07 3.11737526902161e-06 1.0010125774925559e-05 1.5660373776287846e-06 2.0243807340338895e-05 7.994870947930208e-05 4.084103343774327e-06 2.4231879145175982e-05 2.4030084926244905e-05 2.3951525634122733e-05 1.9524100686760102e-05 4.9369574818264494e-05 5.192743369794307e-05 4.7026626032926264e-05 4.526075401697353e-05 2.857422766206681e-07 7.59434857514135e-08 0.0 0.0 0.0 0.0 0.0 1.1448184477291257e-07 4.0243914403137724e-07 0.0 9.667452353090121e-08 0.0 0.0 0.0 0.0 0.0 2.302263939974763e-07 0.0 1.2047211034844153e-07 2.496737043197354e-06 5.003561573817793e-06 0.0 1.7971403834230449e-07 0.0 3.596235983825647e-05 4.337362315993738e-06 1.2301441816251927e-05 1.1402282968467175e-06 1.3816790121570979e-07 1.3098354693136712e-07 0.0 0.0 0.0 3.4534464912314686e-07 0.0 0.0 0.0 2.00806526297268e-06 0.0 0.0 2.1643002176001477e-07 1.3451772112844022e-07 0.0 2.2002564160638092e-07 0.0 0.0 1.0483631781113419e-06 1.2768882605221585e-06 7.522637046762625e-08 0.0 1.275987304834366e-06 2.2528183446137582e-05 3.7075196497517922e-06 0.0 0.0 0.0 0.0 0.0 0.0 0.0 0.0 3.0377169730322534e-05 2.870625007147132e-07 0.0 0.0 0.0 3.1998559998392636e-05 1.2776394916803994e-06 1.2380123556093483e-05 1.486577858083171e-06 7.296382659488787e-07 2.021589416617104e-06 5.30873361885873e-07 1.282058533543739e-06 0.0 0.0 0.0 0.0 0.0 0.0 0.0 1.2246964676931338e-07 2.5043354971972474e-05 1.3195941155905903e-05 1.211833127215683e-05
3.344036593862157e-05 0.0008991367974828582 0.0022567648198921967 2.2223309029494877e-07 0.00046846944654591765 1.627840684164201e-06 0.000129106549905849 0.0 0.000291024408166287 3.25302104183388e-05 0.0010375173948030823 1.9221199144859174e-05 0.0004053855008244502 0.0009812252711328935 3.9391172542924395e-05 3.648689406284076e-05 1.8606411218823172e-06 2.149686699660284e-06 4.3281965133100506e-07 5.845601265015221e-06 2.7066743413390114e-05 1.155440527528406e-06 4.657279891453067e-05 1.438912985577549e-05 3.9127807082202976e-05 1.1748766311864525e-05 1.9968291245776275e-05 3.4058032190464348e-06 1.1284145051286358e-06 9.76596016956946e-07 0.0006488817817153042 0.0006587189056392915 0.00010939547210770679 1.0170453383196945e-05 5.2669534791418364e-05 4.157389341938063e-05 2.783711306741495e-05 2.7615839670637822e-05 9.857495066766698e-06 1.6449854695630254e-05 4.066011319502163e-05 1.497951586137547e-05 5.551684194595691e-06 1.9453688838800194e-05 2.2238828673799415e-06 1.2840211000346928e-06 5.439844424688602e-05 1.9003978737801286e-06 8.256138410812055e-07 4.779736385106181e-06 2.9433808930845336e-06 5.3848325228427865e-06 1.4988933842141427e-06 4.6952970270456415e-07 4.402909616305734e-07 6.389558352749637e-08 1.5368426250455856e-05 7.052688009445959e-05 3.477266409282181e-06 8.511454464993738e-06 0.0001234360288258122 7.731083836054e-05 9.701098642691909e-06 8.777651575735701e-05 7.246352090423929e-08 1.1312472879312725e-06 2.7420836351245717e-07 3.8053159718240002e-06 1.2309570100441232e-05 5.658963154066875e-05 2.950232653675138e-05 5.195477244367485e-06 7.462199315328436e-07 5.3074370931486577e-05 4.72295814097764e-05 5.641524887404259e-05 8.959133463867929e-05 0.00010064739042080297 0.001161651864950244 0.0008635733348220075 0.0002152193499224678 0.0017946774723719883 1.6038850441211924e-06 0.0 5.092486378209122e-07 0.0 3.536551424043159e-06 9.893022304287682e-08 2.554602439021831e-07 8.2150635070633e-08 1.8231561442768372e-06 1.393025695121789e-06 5.646787217011893e-05 1.5822691016001627e-05 1.7464071041432222e-05 3.2801726712961997e-05 3.630487463087554e-05 0.0 1.435557338102968e-05 7.4856605433255544e-06 0.0 1.0991863834729693e-06 1.7841934984456627e-06 1.3604773831965142e-07 4.798912876427069e-06 3.129875460481476e-05 1.7434756296042542e-06 1.0313220770319893e-05 6.894091161123275e-06 4.381355547123788e-06 5.352409962308813e-06 2.4990064969746467e-05 1.2642075627848875e-05 1.4060813854411329e-05 1.81612778024368e-05 4.4935971977947713e-07 8.898279012290655e-07 0.0 1.3195511777866375e-07 0.0 0.0 0.0 8.502698132250517e-08 0.0 0.0 4.058513273294229e-07 0.0 4.5676657868416694e-07 0.0 4.4004300748152427e-07 5.862358786577693e-07 0.0 1.0033920931988404e-07 0.0 0.0 2.2509373251922444e-06 0.0 1.0485405038597165e-06 1.2986723155854904e-06 1.3560336736955601e-05 4.820499902881096e-06 1.055965388631159e-05 4.104210245765629e-06 1.8239990374342666e-06 0.0 1.9916618433984034e-07 0.0 1.0506586342361834e-07 1.896765225001913e-07 2.166951166036032e-07 0.0 0.0 7.274141333861359e-08 0.0 0.0 2.1164270323601633e-07 2.5230487309590334e-07 9.038869848995188e-07 9.677956573235409e-08 0.0 0.0 9.535168960225306e-07 1.4273590293103393e-06 0.0 9.263533111078362e-08 1.8176121193708111e-06 1.6878059726396724e-05 5.429903763965018e-07 1.8160713503495753e-07 2.2729734126849792e-07 3.622578338799058e-07 0.0 0.0 0.0 0.0 1.1916518038905666e-07 9.172466289239921e-06 2.4278595489118296e-07 0.0 1.0463309564457067e-07 4.0593729562551925e-07 1.1087083074232742e-05 0.0 8.024712380055543e-06 1.5219659110459085e-06 1.756884485761075e-06 1.3750346725080581e-06 4.5772383582671494e-07 1.1883928341703614e-06 0.0 0.0 0.0 0.0 0.0 1.0422305633379414e-07 0.0 1.5703049074046257e-07 6.6800116522728775e-06 7.146798929918749e-06 1.0006051672160786e-05
4.2533071703419294e-07 0.00025095866710529675 0.0001167335983566489 2.683428310822586e-06 0.0026255413023698526 3.3505683603943176e-07 0.0010713421323357791 0.000291024408166287 0.0 9.596869727140396e-05 0.0003965617767957239 1.096326456933931e-05 0.001088911884941798 0.0008256151416885062 7.787780061727449e-06 4.393452905117581e-06 1.9675145837640263e-07 0.0 0.0 0.0 0.0 0.0 9.418325036380797e-08 0.0 0.0 0.0 9.802743345304235e-08 0.0 0.0 0.0 4.7060765311148156e-06 6.5365422183175735e-06 3.3062720455040076e-06 7.90279037483544e-08 0.0 1.1461712980660024e-07 1.692070070966313e-06 0.0 0.0 1.9385725640681223e-07 0.0 0.0 0.0 3.568879502208739e-07 0.0 0.0 8.59643661171469e-06 2.8979610715419893e-07 0.0 0.0 1.7678639579792905e-07 0.0 0.0 9.713904363556136e-08 9.751754247944511e-08 0.0 1.3991826206832739e-06 6.340765270328203e-06 3.585418451778348e-07 1.5782618905778976e-06 1.477839566434048e-07 1.1019947164552376e-07 2.192503512422858e-07 5.7684516013668025e-06 0.0 7.247325316417474e-08 0.0 0.0 0.0 8.408808306213471e-08 3.334866266008627e-06 0.0 0.0 6.090719036284012e-06 6.202047648699596e-06 1.3359584783478354e-05 8.148736877830366e-06 3.786315899231343e-06 2.164990122279626e-06 2.2016854362309968e-05 0.0 6.872410128982973e-07 1.7998702492320116e-07 0.0 0.0 0.0 0.0 8.175063918728637e-08 0.0 0.0 0.0 0.0 0.0 0.0 0.0 8.566518009388651e-06 4.523693377451415e-06 0.0 5.845165921828613e-07 9.925012639930579e-07 9.564318866289903e-08 6.302115784787645e-07 8.383327793173788e-07 0.0 6.33432704935166e-07 4.572998833565817e-06 3.9037927178979807e-07 2.970604692219714e-06 5.527212062855851e-07 1.9943928810509137e-06 9.20896797094208e-07 3.878797109744143e-06 3.4917662054336706e-06 3.520170375425565e-06 2.8573473643642297e-06 0.0 0.0 0.0 0.0 0.0 0.0 0.0 0.0 0.0 0.0 0.0 0.0 0.0 0.0 0.0 0.0 0.0 0.0 0.0 0.0 1.045371514510112e-06 0.0 0.0 0.0 3.1106728403598665e-06 0.0 1.5901122477868808e-06 0.0 0.0 0.0 0.0 0.0 0.0 0.0 0.0 0.0 0.0 0.0 0.0 0.0 0.0 0.0 0.0 0.0 0.0 0.0 0.0 4.011512283920839e-07 0.0 0.0 0.0 9.1353579236116e-07 0.0 0.0 0.0 0.0 0.0 0.0 0.0 0.0 0.0 3.1373429003870595e-06 1.34722442857504e-07 0.0 0.0 0.0 2.016605274721935e-06 0.0 1.6587918130635408e-06 7.055549082008258e-07 0.0 0.0 0.0 0.0 0.0 0.0 0.0 0.0 0.0 0.0 0.0 0.0 1.5280969699818365e-06 7.201468827571322e-07 1.1669403578650887e-06
0.0004293625044293079 0.0006104985548377289 1.8562109865667683e-05 0.0008151837276198121 0.0003330001612034125 0.00031578609756629345 0.0012035866385127318 3.25302104183388e-05 9.596869727140396e-05 0.0 9.356550864391689e-05 0.0008768710016833831 0.004548023176743464 0.00046600426203893954 2.0402119920603862e-05 1.0790592814148041e-05 1.7897273806154846e-07 8.815216226123011e-08 1.861866466372869e-07 0.0 0.0 0.0 8.0665280345765e-08 0.0 2.110326428115189e-07 0.0 0.0 0.0 1.2400429837001769e-07 0.0 5.013573664694893e-05 1.1236689095312444e-05 0.0001611148845491622 9.743873765630798e-08 0.0 5.380764855286626e-07 5.3458564736373e-05 1.3996286693558113e-06 7.737360294953363e-07 1.0358914856216238e-07 7.614943228870041e-08 1.2971663178766238e-07 1.8271675832046759e-07 1.2592735453386792e-06 2.7163346573635404e-07 1.7318210960581085e-07 2.9714046118220307e-05 8.44242022173799e-07 0.0 0.0 2.0731137750321072e-07 0.0 1.5013247675694156e-07 9.052192121141508e-08 7.827692284822582e-07 2.401699763852163e-07 2.4718802660625238e-05 4.53242518423754e-05 4.874566963167395e-06 1.4230886871099943e-05 1.321823428761088e-06 3.2975022001468214e-06 0.0 1.582650530714963e-05 5.168442165007448e-07 3.1130837396251803e-07 1.391413523091436e-07 7.223956637577932e-08 0.0 0.0 4.1737069832270314e-05 4.973506958193717e-06 0.0 7.619299938587757e-05 2.5651333606484413e-05 4.60832545412043e-05 2.1514903674770662e-05 9.20462533725011e-06 1.6614792210609652e-06 8.998419239928657e-06 1.9855033090347668e-07 2.237717930316085e-06 1.482827819712496e-06 0.0 1.560443347444329e-07 4.237177439130559e-07 1.8372009473454674e-07 0.0 1.6226485102474738e-07 0.0 1.524294688575005e-07 1.8474096245767953e-07 0.0 0.0 3.5039734055530347e-07 0.00022596703079266753 3.1749939547049574e-05 1.0772067828113685e-07 2.2797451125274746e-06 0.00010609388568854132 5.797447856894945e-07 6.4626776425971455e-06 1.948836467571204e-05 3.8702636192711025e-06 2.3871281608358715e-05 0.00013063595521597488 4.667872452050052e-06 3.7334252606228116e-05 4.0986778850062376e-05 4.3861088411374046e-05 2.8129259886096314e-05 8.812904510503492e-05 8.612279895371764e-05 7.114520953692141e-05 5.142511391279056e-05 1.7468828607047273e-07 0.0 0.0 0.0 0.0 0.0 0.0 3.1308294232209325e-07 0.0 0.0 0.0 0.0 6.019907258646611e-07 0.0 0.0 0.0 0.0 0.0 0.0 2.221122540259436e-06 5.2652728151735846e-06 0.0 2.3130838296123777e-07 0.0 4.179295915561046e-05 8.370623354018743e-07 6.949492944584747e-06 1.8290234722096853e-06 5.755045062414728e-07 0.0 0.0 0.0 0.0 2.2543659937469155e-07 0.0 0.0 0.0 6.001316192553472e-07 0.0 0.0 0.0 0.0 1.5367782650147795e-07 1.865013098006962e-07 0.0 0.0 1.1605500302003626e-06 1.6719902339264515e-06 1.0382338485911201e-07 9.369506166780834e-08 0.0 1.4610933495204468e-05 1.2745099212938265e-06 9.76743510349355e-08 0.0 0.0 0.0 0.0 0.0 0.0 0.0 3.4651245986945884e-05 0.0 0.0 2.602765539678533e-07 1.8819951633299583e-07 2.4476383658277718e-05 5.131534919509958e-07 8.277445042250582e-06 2.587092562625628e-06 2.0650976965172136e-06 1.5036509696909513e-06 0.0 1.4072831116567914e-06 0.0 0.0 0.0 0.0 0.0 1.4296313795935648e-07 0.0 0.0 3.5280601285444376e-05 1.1027417554590628e-05 8.864626750921206e-06
4.3681661434976334e-05 0.0012232361929756371 0.0017592885629703766 1.2480608034289228e-06 0.001217149714298248 1.8613586873658838e-06 0.0003734238863981215 0.0010375173948030823 0.0003965617767957239 9.356550864391689e-05 0.0 5.767305331157196e-05 0.0017624105579710546 0.002041491506137604 5.5476145779393116e-05 5.880643418232507e-05 1.2173467642986638e-06 3.0098713354518786e-07 2.912790122626206e-07 6.896429743738741e-07 1.4383026444402476e-06 1.5830074596929485e-06 5.20896350840401e-06 2.0930699858884484e-06 1.3979456146943203e-05 2.06086197865225e-06 4.596757008040911e-06 1.9887006543498832e-06 1.465069239217182e-06 7.264349621072706e-07 0.00039502551762429577 7.183802544651355e-05 0.0002787612302527058 7.093015237290611e-07 7.588950898266529e-06 1.8278106108321318e-05 0.00011340127044278722 4.341323641065554e-05 1.3737345134209424e-05 8.201655279862052e-06 4.775771654405447e-06 3.155917964526277e-06 9.554231742998996e-08 8.159493911634083e-06 4.205936619914393e-07 1.152754622403774e-06 4.451966276132676e-05 7.20359535947014e-07 1.8727512377433863e-07 5.880714623286134e-07 1.0096843898616176e-06 1.353775583490345e-06 1.3216618931079149e-06 5.662510470125153e-07 3.0725146485696686e-07 1.9022551464874003e-07 9.546378749354162e-06 3.978204843803546e-05 3.0052277696897706e-06 5.7536422862464406e-06 3.5801036778687732e-06 2.396872863498743e-05 1.001913782776402e-06 4.0062829764670186e-05 2.852842049657885e-07 4.792757400773697e-07 1.6317527414907546e-07 3.3555100974426256e-07 4.8078629274871e-07 1.843667107190669e-06 2.9862120844335887e-05 9.74826215418564e-07 3.683350740804497e-07 4.4859316620415824e-05 3.530512797742512e-05 6.13885535137796e-05 7.141569938266834e-05 4.247885119121409e-05 0.00015838869601833753 0.00020527591133383372 1.996566869302941e-06 0.00018091182735565452 9.746312193288498e-07 0.0 2.1356464581747124e-07 7.257760020420364e-08 7.744308996135568e-07 0.0 2.245208003353515e-07 2.076248026172268e-07 3.439658791960345e-07 8.002151915749252e-07 4.998462107952681e-06 3.2129952392929486e-06 5.0202167808598275e-06 2.5046780462646354e-05 1.8240156498061233e-05 2.436109526073839e-07 2.7846288893664315e-05 9.910083412774875e-06 0.0 2.7455386734692586e-06 1.5967264968771408e-06 3.550667265988733e-07 1.776988997721195e-06 1.2858428453587905e-05 5.487080460056485e-07 3.583992821350675e-06 4.099876616069247e-06 3.978548510425681e-06 3.0662693514397355e-06 7.667684940729513e-06 7.545951880384442e-06 1.319533258511303e-05 9.204600834465072e-06 4.11208426638839e-07 2.045672112306658e-07 0.0 0.0 0.0 0.0 0.0 0.0 0.0 0.0 0.0 0.0 1.901265567648931e-07 0.0 0.0 1.0906216769417007e-07 0.0 0.0 0.0 8.386067788477789e-07 5.828954625010164e-07 0.0 5.7883541523818e-07 0.0 8.804618808002819e-06 8.335296971805189e-07 4.791263723973497e-06 1.665676215124322e-06 4.5092247576346435e-07 0.0 1.965108265943526e-07 0.0 0.0 4.6545471278140507e-07 0.0 0.0 1.1378257858625873e-07 8.624322912928074e-08 0.0 0.0 9.410586896644377e-08 8.411814051798974e-08 9.863662658090601e-08 0.0 0.0 0.0 3.0349406439578265e-07 1.3417315940321568e-07 3.8424974882958746e-07 0.0 2.0298787730186335e-07 8.023957673090182e-06 2.1587353577131573e-06 0.0 1.3041094577674372e-07 0.0 0.0 0.0 0.0 0.0 0.0 8.157494051387881e-06 4.372040675348462e-07 0.0 0.0 2.7517857713983077e-07 1.049105219897617e-05 0.0 4.709037203757707e-06 7.021847126527874e-07 1.0000495253519665e-06 3.9961833124640195e-07 8.63850420597686e-08 5.371907042216677e-07 0.0 0.0 0.0 0.0 0.0 0.0 0.0 0.0 5.790789097611797e-06 6.433568380303806e-06 5.191565021526307e-06
4.11794229107521e-05 3.702753910362511e-05 1.2192697727943021e-05 0.00016487062281979643 4.307638642227446e-05 5.5426606007534736e-05 0.0001737459296203591 1.9221199144859174e-05 1.096326456933931e-05 0.0008768710016833831 5.767305331157196e-05 0.0 0.0006859717541999176 8.928386457534717e-05 2.2962435825163374e-05 1.5944829977791856e-05 0.0 0.0 2.223381324964017e-07 0.0 2.8207489625359426e-07 1.212669910235225e-07 1.3361802335179616e-07 0.0 1.9402242742320365e-06 0.0 5.251251117946571e-07 2.6834194259975294e-07 0.0 3.112421085273521e-07 5.703205577395366e-06 5.584012312484781e-07 8.697019267889362e-05 1.9405755558510254e-07 2.3095937882348481e-07 2.1655161277570895e-06 6.736227586284103e-05 2.421594231794946e-05 1.024182011150938e-05 1.5377790856065626e-06 5.168309356072546e-07 4.0545135792841616e-07 0.0 1.5584308087778686e-06 1.5998794577904844e-07 9.94082822438417e-08 1.840612198465146e-05 0.0 1.2039202775240142e-07 0.0 0.0 9.424858494472424e-07 3.187032165054507e-07 2.869094857544221e-07 0.0 6.979757022276738e-08 1.655109993200603e-06 2.516726019328812e-06 5.806679004752486e-07 1.6247498971645003e-06 3.169693899017874e-06 4.344665736202659e-05 2.472272088171642e-07 1.76415125970796e-06 0.0 0.0 0.0 0.0 4.865430370504683e-07 1.1246277820965304e-07 1.3302750000878111e-05 1.8096598301922968e-06 9.408804635165044e-08 5.129620590601242e-06 1.922883128240932e-06 1.4461773019632852e-05 9.354170051712802e-06 7.501241361835396e-06 5.649239772335905e-07 4.2029134065774514e-05 5.893623969546622e-07 5.927171199969613e-05 8.883038227025904e-07 0.0 0.0 0.0 1.2839497764725951e-07 1.8065185082673662e-07 0.0 0.0 9.839155238632765e-08 8.990480589155227e-07 3.3006788759955994e-07 0.0 6.939985844124233e-07 0.0003746525949601804 1.7834120171725434e-05 1.1577043571187494e-07 1.1705869727673407e-05 1.0905572454085774e-05 1.0904755606309695e-06 5.411469989730074e-06 7.029119534592585e-06 9.003008258691038e-07 1.2387771238777188e-05 6.544161772783889e-05 2.346519127791115e-06 1.6490045572527034e-05 1.951172952123287e-05 1.516101021474512e-05 1.7035889553465972e-05 5.0475732373185135e-05 4.841539281827386e-05 3.815764061987682e-05 4.717631453325376e-05 3.4661324589543916e-07 4.5161461820066896e-07 0.0 0.0 0.0 0.0 0.0 3.4152986805185357e-07 0.0 0.0 0.0 0.0 8.301997746509753e-08 0.0 0.0 0.0 0.0 0.0 0.0 1.939653586426474e-06 2.765036898738325e-06 0.0 0.0 0.0 3.376857268047163e-05 7.682448964427957e-07 8.889617148674655e-06 1.3192451346248855e-06 0.0 0.0 0.0 0.0 0.0 0.0 0.0 0.0 3.064664289917662e-07 9.670589782111082e-07 0.0 0.0 0.0 3.118769696632224e-07 1.683888722788312e-07 0.0 0.0 0.0 9.9504986480558e-07 1.1048767166866911e-06 8.512753476733475e-08 9.228193752518227e-08 0.0 1.3657932203720386e-05 1.31957274103195e-06 0.0 2.619753762145569e-07 0.0 0.0 0.0 0.0 0.0 0.0 3.195546175118272e-05 0.0 0.0 0.0 0.0 1.565026002500411e-05 1.2228172808495447e-07 5.620853636817524e-06 9.029864330674113e-07 5.27254848056611e-07 1.4414105588933191e-06 1.5873568794845325e-06 1.5702648859683611e-06 0.0 0.0 1.4174177244038357e-07 0.0 0.0 0.0 8.901326202738196e-08 1.3754009762343894e-07 2.784803467572035e-05 1.5307347606671116e-05 7.944452550955156e-06
