0.0 0.0013368668810591615 0.0006616630109767059 0.0006434377361463246 3.458034271580522e-05 9.788732224996691e-05 0.00019295443437667198 8.7429200533635e-05 2.1245177244336552e-05 0.0003304792563912296 0.00016310513939958257 1.188813499006013e-05 2.838806310140805e-05 0.00012020930800137943 2.2340933740388977e-06 2.0209968441279064e-06 1.0604042449152949e-07 0.0 0.0 0.0 0.0 0.0 0.0 0.0 0.0 0.0 0.0 0.0 0.0 0.0 0.00039738851601033384 1.4161364676561601e-06 1.466403381932947e-05 0.0 4.022573423389123e-07 0.0 1.3258559065586208e-06 8.090003658209517e-07 3.4227696001336465e-07 0.0 0.0 0.0 0.0 1.9559362124486597e-07 8.3166546522367e-08 0.0 1.0707652989544114e-05 4.3618889015982166e-07 9.705648090637547e-08 0.0 6.414838276179424e-08 2.986879501274493e-07 0.0 0.0 2.4593323413070632e-06 6.277484872535129e-06 3.092222432986813e-05 0.0001836361636935758 3.125139520766243e-06 1.016289709751649e-05 1.9115810235729978e-07 4.21853623185177e-07 0.0 2.6155848868310744e-07 4.5062986797780865e-06 2.6390500858485584e-06 1.1560624267611268e-06 3.2664804221967865e-07 3.177037221609877e-07 0.0 3.4614185181977856e-06 5.829894002758507e-07 9.948619624740709e-08 7.01222904820466e-05 5.106747867801999e-06 1.825185755538896e-05 2.315061079620129e-06 1.0408458243514755e-06 1.5748015092504137e-06 8.162865516890398e-05 2.6397838106736576e-07 3.453551092148958e-06 1.921582191942974e-05 3.069247554305358e-07 3.1034614248441935e-06 3.5768289668829574e-06 4.108155585119665e-07 0.0 6.632030949968464e-08 0.0 1.5999296219554543e-07 0.0 0.0 0.0 0.0 9.502053609416352e-05 2.9045495994904316e-06 1.3658838851198598e-07 6.997438016985166e-07 0.0004677588543245413 3.4518483454406005e-07 1.794957794702836e-06 1.3040919936084106e-06 3.7739797595478866e-07 0.0 4.009376333337718e-06 1.3295069669115255e-05 9.64818076748414e-07 2.6787870011225155e-06 6.5699290242935e-06 9.763334684532202e-08 1.5805307138727447e-06 6.103802956677187e-06 6.790681990357744e-06 5.390511662368527e-06 0.0 9.479192857431367e-08 0.0 0.0 0.0 0.0 0.0 0.0 0.0 0.0 0.0 0.0 0.0 0.0 0.0 0.0 0.0 0.0 0.0 0.0 6.977557527971927e-07 0.0 0.0 0.0 8.516330456889649e-07 0.0 5.396290069064032e-07 0.0 2.397847178604006e-07 0.0 1.6730349409905626e-07 9.461641305343639e-08 0.0 0.0 0.0 0.0 0.0 0.0 0.0 0.0 0.0 0.0 0.0 0.0 0.0 5.812692771759496e-08 5.636683193399938e-08 0.0 1.3055357471211797e-06 0.0 2.384349807514413e-07 8.550737807088913e-08 5.641838034376813e-07 0.0 0.0 0.0 0.0 0.0 0.0 0.0 0.0 1.363028407451005e-06 0.0 0.0 0.0 0.0 7.911307489533875e-07 0.0 7.770877731356215e-07 0.0 0.0 0.0 0.0 1.2548028871746787e-07 0.0 0.0 0.0 0.0 0.0 0.0 0.0 0.0 3.917722082945153e-06 1.435611474557427e-06 5.083240583699572e-07
0.0013368668810591615 0.0 0.0012005654002698386 0.0018795273847214944 0.0026031363286704522 0.00017726614305338628 0.0038299037110224843 0.00035160668763924515 0.0007048608444731022 0.001067515609858444 0.0013224658858525733 1.3198935347372412e-05 0.0003243545837947415 0.0015821111759190289 1.767788621717905e-05 3.7749359964571926e-06 1.4069187051117918e-06 9.238984320885065e-08 0.0 0.0 7.735176928193676e-08 0.0 0.0 8.560684714679362e-08 0.0 0.0 0.0 2.988544050181749e-07 0.0 0.0 0.0008044438206223343 5.9058914842489045e-06 2.827656818338446e-05 0.0 0.0 1.0665347475821099e-07 3.0589792067485052e-06 9.536259115311783e-07 1.1214148156517345e-07 1.1991436165505818e-07 9.728867046517673e-08 0.0 1.58032479257631e-07 9.035221572647108e-07 0.0 0.0 0.00015563174330339685 5.725658814261291e-06 1.3718878648446337e-06 5.392695029825029e-08 1.1229169016992755e-06 6.204487920266036e-08 0.0 0.0 1.4164762325579188e-05 2.8295271529527455e-05 3.158072428277893e-05 0.0005411661221298954 9.57103884751749e-06 8.988807958156653e-05 2.7671016673450553e-07 1.92155073113065e-06 8.525017721575383e-08 2.409834234010117e-05 2.7993829776316896e-05 1.7530141422969594e-05 6.002288895965515e-06 2.0488329388487334e-06 6.400210043010587e-07 0.0 2.7845752700809012e-06 1.3351762107625285e-06 0.0 0.00027335638544156505 0.00011195541413451312 0.00016587630395939863 3.341326539095318e-05 3.079438004883914e-06 3.687969263364584e-06 0.0001928824905233475 1.4780199372900868e-06 4.231406115023168e-06 9.559558473373338e-05 3.886994739397127e-07 9.907013571879835e-06 1.5101348630993713e-05 8.582267519773704e-07 3.230461885953783e-07 2.2394356717139594e-06 1.6542956723877624e-07 4.6924410570380275e-07 1.4634177570699903e-07 1.4121010131241947e-07 3.5435646759888856e-07 2.261158581966643e-07 1.180546825629506e-05 1.7419046918458847e-07 0.0 6.088715936725735e-07 0.0011396765585175589 5.816552821337041e-07 2.502758748670372e-06 1.0723592837671542e-06 1.2735930570825132e-06 1.0472209989481101e-07 2.3654004899947755e-05 4.961554761193039e-06 1.0142861262631766e-06 4.829071542273532e-06 1.0163268891774932e-05 1.308131707858598e-06 4.0975777678701534e-06 5.990362005005785e-06 5.8786651809939335e-06 6.9332197154878076e-06 7.246659407335373e-08 0.0 0.0 0.0 0.0 0.0 1.4336001368687763e-07 1.3233519953059423e-07 0.0 0.0 0.0 0.0 4.2527644061985136e-07 0.0 0.0 0.0 0.0 0.0 0.0 2.4028029999590513e-07 7.793755793392865e-07 0.0 2.884226576963694e-07 0.0 1.3847063462523004e-06 9.228562675845818e-07 1.6413837390471434e-06 1.3555445131628764e-06 1.4252327002068935e-07 0.0 0.0 0.0 0.0 0.0 0.0 0.0 1.206213817712515e-07 7.79512256937471e-08 0.0 0.0 0.0 0.0 0.0 0.0 0.0 0.0 7.3057071325033e-08 3.976256436416642e-07 1.2395270255346885e-07 0.0 4.7533925620095086e-07 2.1477081914114216e-06 8.496341787327588e-07 0.0 0.0 6.294058388663746e-08 0.0 0.0 0.0 0.0 0.0 1.7960746206613831e-06 3.0915454334093653e-07 0.0 0.0 0.0 3.4615260528057328e-06 6.62571073853932e-07 1.912380180463238e-06 3.776471229164557e-07 1.7201528946516e-07 0.0 0.0 0.0 0.0 1.9435691797024634e-07 7.295355784453284e-08 0.0 1.3153830052378222e-07 1.4518611182575955e-07 1.7666347420301172e-07 0.0 2.7862777956563463e-06 3.574310949678135e-06 1.560737549083048e-06
0.0006616630109767059 0.0012005654002698386 0.0 0.00033153069941105687 0.0007115560089687011 3.156810969173646e-05 0.00011086341512019198 0.0017362042002848548 0.0005094313036926684 0.00010185038814303018 0.0020099400139352882 2.745517122283841e-06 8.012306788321397e-05 0.0010530591948507177 2.4616440246279894e-05 1.7744476029506983e-05 1.0676883572549723e-06 3.3516989948638226e-07 0.0 1.1594282210006463e-06 6.446021106974229e-06 0.0 1.4779691756479459e-06 1.0812999609520654e-06 2.9981956638631312e-06 3.1987085380623533e-07 1.1981100005795362e-06 0.0 0.0 8.554673972942879e-08 0.0034987559840455196 0.0005854172458275354 7.712698943315057e-05 5.55104481735516e-07 5.768436196524522e-06 2.2751100203969416e-06 8.648905015340866e-06 2.831982005868643e-06 4.920955328629939e-07 5.824423523644555e-07 5.71680855134142e-07 6.254340589748201e-08 1.0547634527232112e-06 1.2664984614686876e-06 7.262666520603408e-08 1.0216799147084862e-07 8.36404889343292e-05 5.055478225166703e-06 1.5891079183798933e-06 3.4274130596103017e-06 1.3995807934620618e-06 1.8113113883300442e-07 7.954043228977985e-08 1.034902964600037e-07 8.684055348851137e-06 1.4342398295779912e-05 2.037847982154258e-05 0.0008677072101398736 8.976857328578696e-06 5.492064208936016e-05 5.032454492987376e-05 5.847121588145337e-05 6.958762178898495e-06 6.0434561227807653e-05 1.4287091307344309e-05 1.1077098135591303e-05 4.3929618700702005e-06 7.089546259067702e-06 1.6224206414554444e-05 2.0010176600039583e-06 3.909371015938131e-06 2.024633479631729e-06 0.0 0.00020516148055024964 0.0001915160142697076 0.00013107860986038495 5.021295559391556e-05 1.0454330974464724e-05 0.0003147671678611344 0.0010066301388409785 2.467855951924997e-05 0.0006193876120416097 5.2118260778124224e-05 1.2824571873637535e-07 7.697373098653553e-06 8.809730298544333e-06 6.742367818203053e-06 6.95022724569348e-08 1.8238199228635034e-06 0.0 2.684904817743261e-07 7.341087816677626e-08 3.2933802459826496e-06 2.3462526218878556e-07 0.0 4.281226726052216e-06 1.3836485860587115e-06 0.0 2.0010375677854282e-06 0.0003482953516858603 1.3152563950064724e-06 2.819379582955693e-07 8.823241641742465e-07 3.1191090691040504e-07 6.972714368016841e-07 1.6852666520324891e-06 1.986665714952233e-06 2.2277385902245688e-07 3.3664626777612483e-06 6.630909282362977e-06 9.093459776774314e-07 2.09819190000587e-06 3.582253590013868e-06 4.622199589626037e-06 4.901317521350301e-06 5.390793519543478e-07 3.6602528481040655e-07 0.0 0.0 0.0 1.2653878214124216e-07 0.0 0.0 0.0 0.0 0.0 3.471312580841282e-07 1.5571498537844762e-06 0.0 1.2808281361083443e-07 0.0 3.4053181397855504e-07 1.1630809119178209e-07 0.0 3.706503495202603e-07 1.4809489649297104e-06 1.0558714857388172e-07 2.8898953657464386e-06 3.7967818216938615e-07 4.075450580097945e-06 1.0129071629481727e-05 8.890340699892218e-06 1.0626969463033426e-05 4.7653753472226805e-06 0.0 0.0 0.0 3.8922362877531035e-07 3.147602859662866e-07 4.6092012747863996e-07 0.0 3.1072762469217133e-07 4.823378044797386e-07 0.0 0.0 1.6443282227135388e-07 1.7385562914557708e-06 0.0 0.0 0.0 9.512054954110728e-08 4.107526171017411e-07 1.506267333410075e-06 0.0 3.4022155286283956e-07 4.259419005508054e-06 1.0772149080534684e-05 2.5010785633384417e-06 0.0 0.0 0.0 0.0 0.0 9.110329773946585e-08 0.0 0.0 1.73441830690284e-06 1.4466858283055414e-06 0.0 0.0 0.0 5.523709635236901e-06 4.359724929825912e-06 1.567653503636848e-05 2.062699473878959e-07 1.4119052813996259e-06 8.67054500075112e-07 0.0 1.1335029881558806e-07 1.370855767707544e-07 0.0 0.0 0.0 2.2357520978396772e-07 8.819446302638447e-08 0.0 0.0 2.2255222390482855e-06 1.186315066612222e-05 1.823271425949598e-05
0.0006434377361463246 0.0018795273847214944 0.00033153069941105687 0.0 0.00035427886014758545 0.0004915553125757743 0.0017452444742091923 1.2356789799827555e-05 0.00039158847406631816 0.002891809982116028 0.0001066337936088804 2.7294959798782535e-05 0.0002515991302679951 0.000379311210039996 1.0729281074512068e-06 9.338782186515683e-08 0.0 0.0 0.0 0.0 0.0 8.544742195499118e-08 0.0 6.517554514334829e-08 0.0 0.0 0.0 0.0 0.0 0.0 2.2957216312681208e-05 0.0 3.2023437536601017e-06 0.0 0.0 0.0 8.951644097159961e-07 1.7928260152272556e-07 7.97670295135934e-08 1.0868431287822834e-07 0.0 0.0 0.0 6.179667496551773e-08 0.0 1.9950845359199854e-07 1.571884415804955e-05 6.721611252961523e-07 0.0 6.253641693356922e-08 3.2737350365697077e-07 1.089861127503724e-07 0.0 0.0 3.36566080326389e-06 7.709676206529988e-06 1.4691468039896379e-05 0.00010903952442606733 2.7237755553964318e-06 1.4218522308889443e-05 0.0 1.5622999695001544e-06 0.0 5.149779186300252e-07 5.268766925398504e-06 3.2159126088735125e-06 1.3313039988747607e-06 1.4229883757170977e-07 0.0 0.0 2.3488462374525377e-06 5.351934065488163e-07 0.0 6.0667695687546755e-05 6.3410059943309284e-06 2.1268378078956374e-05 9.549969297733836e-07 3.036459362573286e-07 0.0 4.1211196650927746e-06 1.340892316169399e-07 0.0 2.393947695208761e-05 1.5140336260668633e-07 1.5000440654861955e-06 2.9885454759071098e-06 6.367096844089065e-08 7.899629984126579e-08 7.513282619513962e-07 0.0 0.0 1.0499019445556217e-07 0.0 0.0 0.0 7.391760303847266e-05 1.6548531601003725e-06 1.8830714045530305e-07 1.0487099217680322e-07 0.000537388884273656 2.2154541797178686e-06 6.1242697155974686e-06 2.615317967766336e-06 1.5897355226838325e-06 6.30703982175125e-07 2.6988738164545778e-05 2.029741168088377e-05 1.6607019859901397e-06 8.494250079463584e-06 1.7672225156409684e-05 1.6118347953353997e-06 3.917080535629113e-06 1.2433250869012495e-05 1.3403328917980125e-05 1.0129011818848013e-05 0.0 1.2503614093370325e-06 0.0 0.0 0.0 0.0 0.0 0.0 0.0 0.0 0.0 0.0 5.515106063539504e-07 0.0 0.0 0.0 0.0 0.0 0.0 8.298135178110989e-07 5.138995988948015e-07 0.0 0.0 0.0 1.8746955881175975e-06 3.5290970318692885e-06 1.771688379783505e-06 2.056484673017938e-06 2.0037834159029476e-06 0.0 0.0 0.0 0.0 0.0 0.0 0.0 2.9563540811726026e-07 1.7172609416906509e-07 0.0 0.0 0.0 0.0 0.0 0.0 0.0 0.0 0.0 7.787716246184798e-07 7.593605891412708e-07 0.0 5.449523628016684e-07 2.0013707161576537e-06 1.472776253255713e-06 8.165822801824747e-08 0.0 0.0 0.0 0.0 0.0 0.0 0.0 4.3796284108428316e-06 1.1772344425535842e-06 0.0 0.0 0.0 4.036875770656145e-06 0.0 3.440235899664072e-06 0.0 0.0 0.0 0.0 0.0 0.0 0.0 0.0 0.0 0.0 0.0 6.559441743514059e-08 0.0 8.93380286095601e-06 3.500764162059083e-06 2.516002846923681e-06
3.458034271580522e-05 0.0026031363286704522 0.0007115560089687011 0.00035427886014758545 0.0 1.614156089209117e-05 0.0013851146899114585 0.0003975383736713355 0.0017841601381444454 0.0007274042599620405 0.0012977549236402707 4.6276068154159706e-05 9.043304459549858e-05 0.0006939720262495214 1.3952303572086139e-05 4.414773413886044e-06 8.747052624233559e-08 1.6371477460593927e-07 0.0 0.0 0.0 0.0 0.0 0.0 0.0 0.0 0.0 0.0 0.0 0.0 3.1055806003256535e-05 8.21222189893945e-07 3.008329260005859e-06 0.0 0.0 0.0 4.937138882685514e-07 5.394671608911305e-07 0.0 0.0 0.0 0.0 0.0 5.81820695372023e-07 0.0 0.0 9.50456968006961e-05 8.317477964988058e-07 1.4289316719150746e-07 0.0 1.9311830015014194e-07 0.0 0.0 0.0 2.885636078152074e-06 4.150834068597136e-06 3.853993160223158e-06 4.7434473705268506e-05 3.163877066574255e-06 2.6274832691028722e-05 1.8210977417869768e-07 8.08801730272076e-07 0.0 1.4264408732622168e-05 5.106425729521134e-06 3.779657219068541e-06 1.2359161403766726e-06 5.845390531768667e-07 1.558452303365746e-07 0.0 2.86349350418454e-07 0.0 0.0 4.579453165388718e-05 4.6017383834695897e-05 7.312187578587094e-05 3.3473404366312464e-05 2.2477876639876452e-06 2.9594862543086717e-07 4.7166803725529825e-06 0.0 1.0522376725892803e-06 1.697843490449317e-05 6.941122388959134e-08 2.4313483377637787e-06 3.828550037864057e-06 2.548416753742396e-07 7.006728450787938e-08 7.095050565698078e-07 0.0 0.0 0.0 0.0 1.4945203922680585e-07 0.0 4.58415989273761e-06 5.998414624050083e-07 0.0 0.0 1.3039140502809186e-05 1.3773191976136722e-06 2.604490578747192e-06 1.3079002398914083e-06 1.071942739190237e-06 1.8801534975712233e-07 2.921125664466837e-06 3.9485099703570845e-06 1.6241450260193535e-06 4.973185467892764e-06 1.0315011117293862e-05 3.029597771218468e-06 5.794524072626905e-06 9.091328427925982e-06 1.2363049100777702e-05 1.0779636833010218e-05 4.7237581329689733e-07 1.6356786670087814e-07 0.0 0.0 0.0 0.0 0.0 0.0 0.0 0.0 0.0 0.0 0.0 0.0 0.0 0.0 0.0 0.0 0.0 1.240842312463495e-06 1.0535353096200449e-06 0.0 1.2423807225016645e-06 0.0 4.025779158134536e-06 2.0219947936877763e-06 4.729261118621158e-06 1.8851496698636302e-06 3.7218042633917565e-07 0.0 0.0 0.0 0.0 0.0 5.403677886920687e-07 0.0 1.544105025382345e-07 2.502665343291717e-07 0.0 0.0 0.0 9.23076457773201e-08 0.0 1.284953428795918e-07 0.0 0.0 4.886204058557867e-07 1.268385906533105e-06 6.379214345800638e-07 0.0 2.170774053484203e-07 5.4611795904228035e-06 1.168107786769432e-06 2.733681617410109e-07 0.0 0.0 0.0 0.0 0.0 0.0 0.0 4.0835758587620735e-06 4.888184012830712e-07 0.0 0.0 0.0 8.094027200660607e-06 8.543762693079629e-07 9.474999548915145e-06 0.0 1.1185632078088597e-06 3.2830358868965464e-07 1.1003229256245685e-07 2.436530133678909e-07 0.0 1.4837795011336777e-07 0.0 0.0 0.0 0.0 0.0 0.0 2.2620922167645112e-06 8.28999628813413e-06 4.2900813417989035e-06
9.788732224996691e-05 0.00017726614305338628 3.156810969173646e-05 0.0004915553125757743 1.614156089209117e-05 0.0 5.8903199469546066e-05 9.029180687002992e-07 1.1374989314736266e-05 0.0006182109061474534 9.885390223811652e-06 0.00011810579844837981 0.0001769808370487871 7.880666973824195e-05 2.549236691307185e-07 9.159756471606588e-08 0.0 0.0 0.0 0.0 0.0 2.170553071872526e-06 0.0 0.0 2.1007792016439526e-07 0.0 0.0 0.0 2.3811315089279607e-07 0.0 1.3003194474884542e-05 0.0 2.5860241561531313e-05 0.0 0.0 0.0 1.0946393593439384e-05 6.499156372346988e-07 4.596789375335984e-07 1.9476801569435549e-07 0.0 0.0 0.0 0.0 0.0 0.0 2.518479832334541e-06 1.5076992737698521e-07 0.0 0.0 0.0 4.813355405003471e-06 2.0014837965462913e-06 0.0 0.0 1.5234618023973747e-06 0.00012038999018802522 9.958987633409947e-06 4.819162925592779e-06 1.0089837721753727e-06 0.0 2.9381577869801663e-06 0.0 0.0 5.700274385232769e-07 2.033201157965751e-07 6.172557491465473e-08 0.0 7.172933694093151e-08 0.0 4.939003384628264e-05 6.24042195522171e-05 5.959900405026485e-06 3.0199136626374273e-06 8.854212470085727e-07 7.619443235563072e-07 1.2797778711566537e-07 0.0 0.0 5.091409332438995e-06 0.0 2.2094329749030183e-07 6.854678565374665e-07 1.1848390172194178e-06 1.7244081320220816e-07 1.2230811496512539e-06 0.0 2.1589283299421695e-06 3.1839146181486988e-06 3.3177392235000515e-06 1.375919920912881e-06 2.438500387200011e-06 9.058153463090249e-08 0.0 1.1125064238721418e-06 0.0002002021013004754 5.7757977496103825e-05 7.340081964525755e-06 1.4066269941378463e-05 0.00014235202340668815 1.9974951407218915e-06 9.309581986865831e-06 4.426356460623698e-06 3.0777691962584357e-06 8.310244474627627e-07 1.6723419651420692e-05 4.906676918418836e-05 4.039961837579824e-06 1.7929801966593733e-05 4.9869441645482514e-05 3.4119169495888203e-06 1.3268149722234296e-05 3.99470397891535e-05 4.9950613654598335e-05 2.472528959996206e-05 2.702729876328826e-07 5.587138422402889e-07 0.0 0.0 0.0 0.0 7.199672736793296e-08 0.0 0.0 0.0 0.0 0.0 1.1393408970628831e-07 0.0 8.422357930505703e-08 0.0 1.7008582332795766e-07 1.2527519375981404e-07 0.0 1.2888631285317511e-06 2.610180986181841e-06 0.0 0.0 1.327239744690502e-06 1.0667064136445124e-05 2.142337431602722e-06 2.838458017073672e-06 2.3484055253759283e-06 1.0503525901554605e-07 0.0 0.0 0.0 0.0 0.0 0.0 0.0 3.8436732305046693e-07 7.311891288997988e-08 0.0 0.0 0.0 2.111801036325196e-06 0.0 0.0 0.0 5.108373968678804e-08 2.2583052690726218e-07 6.790463196798049e-07 1.6290388021344003e-06 9.239737336647191e-08 0.0 4.362736742645073e-06 7.961140664403957e-07 1.1875249441367628e-07 1.3930786361996972e-07 0.0 7.007043856153527e-08 0.0 0.0 0.0 0.0 1.3078439214119314e-05 1.9158884832267045e-06 1.0548020171394062e-07 0.0 0.0 9.275538091886473e-06 4.6531616250263553e-07 2.350853385254412e-06 1.9696359201537793e-07 7.968406510001152e-07 6.448405786851714e-07 7.798911274491331e-07 0.0 1.1494493480656725e-07 0.0 6.494966369185884e-08 6.829309441071447e-08 2.556733271641383e-07 0.0 9.894020744628016e-08 0.0 3.1287015693023196e-05 9.628203102194143e-06 4.396790047411816e-06
0.00019295443437667198 0.0038299037110224843 0.00011086341512019198 0.0017452444742091923 0.0013851146899114585 5.8903199469546066e-05 0.0 5.957221687042108e-05 0.0011366586362149974 0.002290899833107422 0.0002520509052750913 0.00020097224775220243 0.0028040196677177765 0.002895726019585164 2.5850046641740202e-05 5.753045555264035e-06 7.367564991454312e-08 0.0 0.0 0.0 0.0 0.0 0.0 0.0 2.8081099513874097e-07 0.0 1.7578635050302585e-07 1.0823181674506375e-07 0.0 0.0 3.365329604352871e-05 1.3450581401922375e-06 1.0570966092138612e-05 0.0 0.0 2.532584044511386e-07 8.394720971792451e-07 3.486534439496167e-07 2.1558577655995598e-07 0.0 1.616885104456517e-07 0.0 0.0 4.596542637559213e-07 0.0 6.473249371328983e-08 0.00016935270973168838 3.725462133474529e-06 0.0 1.3924660980302886e-07 6.139610142228809e-07 0.0 0.0 9.216736022107899e-08 5.71762097620645e-06 1.0414335426790986e-05 1.0660354568148802e-05 0.00012357616505805275 6.103685977366133e-06 5.844438548758295e-05 0.0 6.536824094579072e-07 0.0 2.196151523809106e-05 1.2402687786483927e-05 1.0464926514353368e-05 3.835782434198495e-06 5.473036283321185e-07 1.3023883623684004e-07 7.428580217620501e-08 3.1208132357184822e-06 0.0 0.0 0.00011134331819601474 7.660446128035847e-05 0.00012023865164645851 4.410411263989415e-05 3.4219081244969094e-06 8.103664667654835e-07 5.827145658166784e-06 5.920243673710691e-07 2.5909987941732995e-06 4.902611055201669e-05 3.2647206115582627e-07 6.431624487254762e-06 7.268080453703753e-06 4.665136554201824e-07 6.230719521123387e-08 1.8645288278571844e-06 9.22778975812151e-08 3.4334774959096716e-07 7.213289868813219e-08 1.6923923342784727e-07 1.6610383640667556e-07 1.2626078897298412e-07 2.8175892030196424e-05 9.63981449467969e-08 0.0 8.226578487782348e-08 6.685630512406876e-05 2.7163495164615264e-06 3.705603821764763e-06 0.00017320949062143894 9.437030201389527e-06 2.781955939086136e-06 5.5209509067091195e-05 1.6196444963830375e-05 5.435781672286579e-06 3.8187101184504865e-05 4.9396775554502095e-05 4.836411513950926e-06 5.889071840786742e-05 3.69914167035603e-05 3.377914981409791e-05 2.8228642966566136e-05 7.9698283364398e-07 8.263441053439105e-07 0.0 2.1812073370978265e-07 0.0 0.0 0.0 0.0 0.0 0.0 0.0 5.8455094779987894e-08 9.803570865550454e-07 0.0 0.0 0.0 0.0 1.5645494615169738e-07 0.0 2.9402794176188908e-06 1.8378233042512419e-06 0.0 8.792655002739357e-07 0.0 9.349576516164313e-06 6.95367705880142e-06 8.108578997492225e-06 8.497599102517426e-06 2.204199526994808e-06 0.0 0.0 0.0 0.0 1.189019430195236e-06 3.6387054242758223e-07 0.0 5.607609219908479e-07 5.825962957877269e-07 0.0 0.0 8.697162711313395e-08 9.054932487631687e-08 0.0 0.0 1.8724715729400865e-07 0.0 1.128324945680987e-06 3.964570388295761e-06 1.0500788508861373e-06 5.295896308425359e-07 1.970760939668687e-06 1.3418668442621952e-05 2.5344476246790458e-06 2.568322673040647e-07 2.69783498291064e-07 1.1901908177904575e-07 0.0 0.0 0.0 0.0 1.160066288382949e-07 1.0269418637395575e-05 4.895182753145977e-07 0.0 0.0 7.207021914583023e-08 1.766407162510626e-05 2.034170046005405e-06 2.0258285523077344e-05 1.6893619462946085e-06 3.0268749849360736e-06 1.2840351976512364e-06 8.438178826583725e-08 8.897084089885676e-07 0.0 0.0 5.683852589559717e-08 0.0 3.544112620070508e-07 0.0 0.0 0.0 9.230094096920075e-06 1.521108319136577e-05 1.1601846212602021e-05
8.7429200533635e-05 0.00035160668763924515 0.0017362042002848548 1.2356789799827555e-05 0.0003975383736713355 9.029180687002992e-07 5.957221687042108e-05 0.0 0.0002654128624247127 2.3967354893302608e-05 0.0024861249851472556 1.92485458487734e-07 0.00011176842886841979 0.0011955001754427653 4.937809077770453e-05 2.4500715492074414e-05 1.3010429198933858e-06 2.0845709156178294e-07 0.0 7.278002320901433e-07 4.713641872482778e-06 0.0 1.163102129038908e-06 2.6886616331660906e-07 1.607302158363953e-06 2.6210093935762416e-07 2.307464000196194e-06 0.0 0.0 2.691981536506845e-07 0.0007754561900596584 0.0011498903293948798 6.449176632909785e-05 6.528557273392669e-07 5.01931997947689e-06 2.5972409980576886e-06 1.0064491862960692e-05 1.1507142795385839e-05 3.9363812839755344e-07 1.037079785358452e-06 6.716524323066131e-07 1.5088807636476323e-07 3.5431266582422445e-07 1.1830283110951477e-06 1.4772950694200876e-07 1.320773637912268e-06 0.00017719736538111217 2.080088662034856e-06 1.1209617492284249e-06 3.6616520898891324e-06 7.974322921092324e-07 0.0 0.0 1.9371656360807872e-07 2.5850098165708967e-06 5.130126539838285e-06 5.872807515606927e-06 0.00017153984151631294 1.7279615168033933e-06 4.0107663841406014e-05 7.34182387911039e-05 4.461039487914917e-05 7.156353829122212e-06 0.00014749234203232468 5.084876845051806e-06 3.993711836422164e-06 2.0468608056978686e-06 4.01951414264437e-06 7.5493572711433194e-06 8.530808785220523e-07 3.896374150101003e-06 0.0 5.249175288343415e-07 6.554870048650865e-05 0.0001192109409076535 0.0001305617482035764 0.00014733360605361965 0.00017505258109636762 0.0008823569311721349 0.0010150255958420336 0.00011146413709603177 0.001027215860919689 2.0009643588248888e-05 1.6618424731703927e-07 3.611228234092315e-06 2.982967572751667e-06 5.717511777282367e-06 0.0 1.0082830136121942e-06 0.0 2.3857992173743285e-07 0.0 2.0837355802191405e-06 6.382434739330478e-08 0.0 0.0 0.0 0.0 1.131584927821567e-06 4.397698783807522e-05 1.6392291887007963e-07 0.0 0.0 0.0 0.0 0.0 5.89830100389664e-07 0.0 1.6698195520477048e-07 1.585261934019482e-06 8.95007416986238e-08 0.0 9.137600233952734e-07 5.845281303748148e-07 6.415390642919309e-07 0.0 1.4060985347755155e-07 0.0 0.0 0.0 0.0 9.244121587614629e-08 0.0 0.0 0.0 0.0 0.0 1.1464264611429934e-07 0.0 0.0 5.24909527314458e-07 3.5141908346286286e-07 0.0 0.0 0.0 0.0 0.0 1.1363994801608363e-07 0.0 1.1368504516407582e-06 3.607776262028829e-07 1.8577889527131903e-06 2.1191947374811976e-06 1.1243308313652056e-06 0.0 0.0 0.0 0.0 0.0 0.0 0.0 0.0 7.497791327862273e-08 0.0 1.8754825885169027e-07 0.0 0.0 1.1289772121240289e-07 0.0 0.0 0.0 0.0 0.0 0.0 0.0 1.2445554948709896e-06 8.579032228868667e-07 0.0 0.0 0.0 0.0 1.1819334238492998e-07 0.0 0.0 0.0 0.0 2.106607334148479e-07 6.722682641925705e-07 0.0 0.0 0.0 1.4884147903311207e-06 1.05755054794832e-06 2.26172667242051e-06 0.0 0.0 9.685184567240944e-08 0.0 8.776587834427542e-08 0.0 0.0 0.0 0.0 0.0 0.0 0.0 0.0 0.0 1.936130134660693e-06 1.8553934024072393e-06
2.1245177244336552e-05 0.0007048608444731022 0.0005094313036926684 0.00039158847406631816 0.0017841601381444454 1.1374989314736266e-05 0.0011366586362149974 0.0002654128624247127 0.0 0.0008014314566293882 0.0009637890879952147 4.888773801078788e-05 0.00019747781364780643 0.0005989112109232531 1.2461979892617317e-05 5.0329421568188045e-06 9.963111977553709e-08 8.126246993516589e-08 0.0 0.0 0.0 0.0 0.0 0.0 0.0 0.0 0.0 0.0 0.0 0.0 1.2063105866391647e-05 1.1025552507441834e-06 6.175874368776891e-06 0.0 0.0 1.3714712155205475e-07 1.0741159054362988e-06 9.435426347647641e-07 0.0 0.0 0.0 0.0 0.0 1.516961542222634e-07 0.0 5.790296081159037e-08 6.0079633760111304e-05 7.125591639682504e-07 2.027253904652486e-07 0.0 0.0 0.0 0.0 0.0 1.9136205266116377e-06 2.5317525498422415e-06 2.2269087424136985e-06 2.2517814646438474e-05 1.6742374617722404e-06 1.536873476336122e-05 0.0 1.5730627527929366e-06 0.0 6.976056949119767e-06 2.3937395183566124e-06 2.267076340222796e-06 1.0396815246480483e-06 2.6556867005081547e-07 1.1277404972108351e-07 2.1263358815732407e-07 2.7795524978267576e-07 4.6458619111777274e-07 0.0 2.21996027550238e-05 2.0647916135340727e-05 4.0116382989966245e-05 2.118557366667571e-05 2.0064344445550264e-06 1.9888726447025588e-06 7.771210340862447e-05 1.3956983629059923e-07 1.3815874876453166e-06 1.144539799354631e-05 0.0 8.780443286768208e-07 1.85749389157561e-06 1.3488035207157426e-07 0.0 9.131488120233433e-08 0.0 6.32087599174093e-08 0.0 0.0 0.0 0.0 6.26752442928268e-06 9.123666416324045e-08 0.0 4.812733462865967e-07 9.592197059960737e-06 1.22956275319127e-06 1.5870344714390852e-06 1.5548546978210926e-06 7.750480373254937e-07 6.833940778972889e-07 5.827022108880496e-06 3.2611720567853178e-06 6.009957878501946e-07 5.771782391404792e-06 2.077377296685498e-05 5.6900974063040536e-06 1.0705606171661482e-05 1.4731000645816454e-05 2.1124366404032318e-05 1.6522987339433294e-05 3.856984326211375e-07 7.314038431391745e-07 0.0 0.0 0.0 0.0 0.0 7.954321390905568e-08 2.668074740881099e-07 0.0 0.0 0.0 3.102697748147937e-07 0.0 0.0 0.0 0.0 0.0 0.0 1.6943079272350193e-06 1.941594078715133e-06 0.0 4.916928963824562e-07 1.8072874094324134e-07 5.935474575537867e-06 4.229740338246315e-06 7.639122342323884e-06 4.873548709227941e-06 1.2381260554213263e-06 0.0 0.0 0.0 0.0 1.726201927297783e-07 0.0 0.0 0.0 7.130284138292292e-07 0.0 0.0 0.0 0.0 0.0 0.0 0.0 0.0 8.77804905744045e-08 1.4255563922374396e-06 9.361162583112016e-08 0.0 1.3203314360981387e-07 7.327855578131605e-06 6.007087573289336e-07 1.630854652508544e-07 0.0 0.0 0.0 0.0 0.0 0.0 0.0 5.318353694191189e-06 4.279224996006713e-07 0.0 0.0 0.0 1.116137459475904e-05 1.8832961919785288e-06 1.4723032423894246e-05 1.0424533093285653e-06 4.25665762571303e-07 3.457975123763615e-07 0.0 1.6549140298443592e-07 0.0 1.7155118385405535e-07 0.0 0.0 0.0 0.0 0.0 0.0 5.4283841827746175e-06 9.654202036311147e-06 9.09691654393044e-06
0.0003304792563912296 0.001067515609858444 0.00010185038814303018 0.002891809982116028 0.0007274042599620405 0.0006182109061474534 0.002290899833107422 2.3967354893302608e-05 0.0008014314566293882 0.0 8.093280182255855e-05 0.0013095990811015552 0.009192187570019562 0.0015424609184205697 2.8902282685447454e-05 7.6554004423384e-06 3.0940775216506085e-07 0.0 0.0 0.0 0.0 5.860099594836545e-07 0.0 0.0 9.704231443364503e-07 0.0 4.3675025933698653e-07 2.6807412341459903e-07 0.0 0.0 4.0436555655283196e-05 2.793922994766039e-06 9.663544292030189e-05 0.0 0.0 2.235370352600145e-07 4.688966049908137e-05 2.4524460121624085e-06 1.8772859972550386e-06 0.0 1.2452773541695123e-07 1.387882303705172e-07 0.0 3.8469156209400794e-07 1.6076633964354348e-07 7.039612660758613e-08 0.00024995805765713736 5.657533937985321e-06 3.2056341299376647e-07 7.873385580837419e-08 8.908913595074315e-07 8.735507740381289e-08 8.906487476052769e-07 0.0 1.446093033813704e-05 2.265382637559621e-05 2.5192739968583033e-05 0.0001998293198756133 1.0658744516866064e-05 8.818675592751699e-05 1.983748890357842e-06 2.5377320536451024e-05 0.0 1.6768833118406497e-05 2.2866229947698497e-05 1.5930514595984397e-05 5.870845554570067e-06 1.8015781416879884e-06 3.958608284161592e-07 0.0 5.897752825879673e-05 2.1348436678035234e-06 0.0 0.00018460287368460117 8.255932346874259e-05 0.00015557432431524283 4.3435474330663716e-05 3.2737622242794502e-06 1.0749273701189421e-06 2.420829117244678e-05 3.415748106405477e-07 1.6218582917283883e-05 8.496933525618797e-05 7.299532810603958e-07 9.718591779828356e-06 1.5069499695490932e-05 7.214681376765614e-07 4.3927174483697296e-07 2.2987402602183643e-06 0.0 5.552885341506981e-07 1.2678477504925334e-07 0.0 1.5786739189939463e-07 2.3785440210726884e-07 0.00019312287843942135 3.93055600292173e-06 2.1093167942632126e-07 3.411259026798632e-06 0.0002211346382484454 1.5093947568439416e-05 2.137126184275134e-05 2.2423144567918592e-05 1.1064382463530389e-05 1.2411117157819354e-05 5.6249161082133915e-05 7.616146481346752e-05 1.3559891561679813e-05 8.195160443145197e-05 0.00022020011818569418 2.496302004543294e-05 8.847059547756411e-05 0.00014967333077953786 0.00016144892349626635 0.0001295184125390087 2.6104436106126353e-06 2.6705423688781615e-06 0.0 1.935020507160398e-06 0.0 0.0 1.4794636849835684e-07 4.575392205502936e-07 1.447612584705954e-06 0.0 0.0 1.0046827079182855e-07 5.961939366871417e-06 0.0 0.0 0.0 5.03889005025366e-07 0.0 0.0 9.459597496032477e-06 1.757782271272686e-05 0.0 6.821998274865632e-06 4.664885859309765e-07 5.0594068672642616e-05 3.0450930677036002e-05 3.910253585327067e-05 2.8943325361477087e-05 1.2285302807101572e-05 0.0 0.0 0.0 2.9465381075438825e-07 2.1226725122640755e-06 1.7149507312313118e-06 0.0 2.651441373383754e-06 2.6703340558546923e-06 0.0 0.0 0.0 2.6459217969437965e-06 0.0 1.8257185467786093e-07 5.706067834785655e-07 3.352221043117458e-07 1.7517814944835812e-06 8.550079657346526e-06 1.8557172166428157e-06 2.7484429493155114e-06 6.6700100040651055e-06 5.21094010472241e-05 1.0610356189534737e-05 6.101767608609598e-07 1.2094806607926898e-06 0.0 0.0 2.722699458628914e-07 9.992124615758212e-08 0.0 0.0 4.5566433507883505e-05 4.677339116434226e-06 7.687623459079489e-08 7.054028198980728e-08 0.0 6.659594857423862e-05 1.3831067254599158e-05 9.895629318975663e-05 5.145997493424694e-06 9.407256156010774e-06 1.435771731907297e-06 2.5683803421766796e-07 1.7624924803011032e-06 0.0 0.0 0.0 8.310103880649165e-08 0.0 0.0 0.0 0.0 6.963964376652578e-05 7.314257030587247e-05 5.126319347428197e-05
0.00016310513939958257 0.0013224658858525733 0.0020099400139352882 0.0001066337936088804 0.0012977549236402707 9.885390223811652e-06 0.0002520509052750913 0.0024861249851472556 0.0009637890879952147 8.093280182255855e-05 0.0 5.365549521553376e-06 0.0001688613464048165 0.002097327856759962 1.54061109334859e-05 1.1140081176997265e-05 1.1520986367508821e-07 1.2192733456340833e-07 0.0 1.1756251419588913e-07 7.672910206124835e-07 0.0 0.0 2.534627312628837e-07 1.6283808793442119e-06 0.0 9.882725508196107e-08 0.0 0.0 0.0 0.000561527784461694 3.974340632219971e-05 0.00010435875954181981 0.0 3.4903791261555356e-07 5.738424584565609e-07 2.0969069141054514e-05 3.0633687649058598e-06 8.215376592716938e-07 1.4505291416131338e-07 0.0 0.0 1.8690326651763375e-07 1.5611171062705984e-06 0.0 0.0 4.9476783519963135e-05 1.2851062898317724e-06 4.750825849009497e-07 8.513947691557655e-08 5.981561502810657e-08 0.0 9.664863616380442e-08 0.0 2.3139856753477867e-06 4.244810039999097e-06 3.975070779929236e-06 7.863261560331758e-05 1.823949407822723e-06 1.81689400918161e-05 8.073968205012874e-07 7.428174590026349e-06 0.0 1.7052052745608793e-05 3.3442975540558607e-06 1.9580133022632467e-06 1.192555875031543e-06 5.690646840123197e-07 7.923438724763212e-07 3.214020944825883e-07 1.3822424949726236e-05 8.72016926321115e-07 0.0 4.069104930818716e-05 3.352416236557962e-05 4.601862376185562e-05 2.3857990334848533e-05 5.526177693861215e-06 3.2833847578188965e-05 0.00017992731326821166 9.447162686048406e-07 2.1220305430497134e-05 1.360881135869073e-05 0.0 8.719577616282746e-07 2.533558990429002e-06 3.002785940874174e-07 8.20816509926208e-08 5.295889907209452e-07 0.0 3.6354609970898964e-07 0.0 9.854671888520192e-08 0.0 0.0 4.327932185360219e-06 1.3558818106868675e-07 0.0 2.0831607743078584e-06 3.8146386692995486e-05 4.914310051818474e-07 2.1572986793001807e-07 1.278396372378222e-07 1.6735228300284047e-07 0.0 6.069614883038456e-07 4.502856012754814e-07 0.0 5.773059352508178e-07 2.9725046980626934e-06 4.690041532158927e-07 7.889737952414313e-07 2.6534977989095367e-06 3.367517324636191e-06 2.216357082860097e-06 7.970679407191046e-08 1.8410731433742526e-07 0.0 0.0 0.0 0.0 0.0 0.0 0.0 0.0 0.0 0.0 9.395253713245483e-08 0.0 8.43922455249141e-08 0.0 0.0 0.0 0.0 1.371662786454776e-07 3.7583941372508783e-07 0.0 1.4793026071142045e-07 0.0 1.3834483967601568e-06 1.428153458639423e-06 9.13564937611583e-07 1.3507481693732188e-06 0.0 0.0 0.0 0.0 0.0 0.0 6.48314448726346e-08 0.0 0.0 1.2807698850435926e-07 0.0 0.0 0.0 1.947310283049885e-07 0.0 9.245587466057291e-08 0.0 0.0 0.0 3.912900518364823e-07 0.0 0.0 2.7451255948225446e-07 1.9618812078784955e-06 3.1791343763266897e-07 0.0 5.664781039658482e-08 0.0 0.0 0.0 0.0 0.0 0.0 7.132799816143665e-07 0.0 2.606340716361448e-07 0.0 0.0 1.115216442638445e-06 1.1147384754852588e-06 3.49650855225422e-06 0.0 2.381837272078122e-07 6.803964117652827e-08 0.0 1.9450153307615539e-07 0.0 0.0 0.0 7.184432023647922e-08 9.011933774599549e-08 0.0 0.0 0.0 9.223595157723525e-07 1.8545709974646828e-06 2.6309657749662342e-06
1.188813499006013e-05 1.3198935347372412e-05 2.745517122283841e-06 2.7294959798782535e-05 4.6276068154159706e-05 0.00011810579844837981 0.00020097224775220243 1.92485458487734e-07 4.888773801078788e-05 0.0013095990811015552 5.365549521553376e-06 0.0 0.0008993501095025867 0.000164980906673448 5.729598657904758e-06 4.456327669271665e-06 8.32643745592845e-08 1.289172179235731e-07 0.0 0.0 0.0 1.7571204984420947e-07 0.0 0.0 2.5614974871464764e-06 9.589101152622422e-08 1.8552886843342916e-06 0.0 2.5187653323832715e-07 0.0 6.711238315356039e-07 1.0810765177819077e-06 0.0001729727835325358 0.0 5.926152577921388e-07 2.8405413509834116e-06 0.0004942824601986017 3.535029489644878e-05 4.7655892758582865e-06 4.782013143197576e-06 0.0 1.181429008035844e-07 0.0 2.0341167064190392e-07 0.0 0.0 1.3644887459322596e-05 1.3619915966912938e-07 2.0095811950055023e-07 0.0 2.444772863016352e-07 0.0 2.9632545104501137e-06 1.308230228390691e-07 5.192530928784132e-07 2.266211061681881e-07 3.573741416041045e-06 5.484732887629026e-06 7.553804527533144e-07 2.7130974078165117e-06 6.975661604206076e-08 4.291599788190445e-05 0.0 5.209149590942754e-07 1.0381116788204906e-06 4.5887337942745063e-07 7.011183115130352e-08 4.0848991530300506e-07 4.96328982822244e-07 0.0 0.00011579067355445631 9.857558720508414e-07 3.7704893510925233e-07 3.717591215853389e-06 2.0475605109700672e-06 8.328791805681108e-06 2.050035459630411e-06 1.9293268292863494e-06 0.0 1.8516484821893512e-05 0.0 7.23833282206955e-07 2.310613619555253e-06 9.672458950018225e-08 3.1087844315822274e-07 3.8759178426205103e-07 1.4934364918364213e-07 0.0 1.373476309114045e-07 0.0 9.303416632488048e-08 0.0 9.030723089072168e-08 1.1329578373321093e-07 0.0 0.0004663989855572619 1.532450154674502e-05 2.6092138148319076e-07 9.370986709562089e-06 5.1060892839407864e-05 5.98354411067846e-06 4.835957277850893e-06 5.894194117614442e-06 2.6525407182035883e-06 1.929175615108769e-06 1.2094651972008444e-05 1.2919678811865905e-05 3.761949651891301e-06 2.2066967000948518e-05 5.215915480046264e-05 1.0856545318090604e-05 2.573686118587279e-05 4.4995583612044087e-05 5.525084611758253e-05 4.460497748939224e-05 1.7117199386352675e-06 1.1566328914841668e-06 0.0 2.2312205607135095e-07 0.0 0.0 0.0 1.3645531305257082e-07 0.0 0.0 2.101134410933908e-07 3.3055955757311414e-07 1.0737141360295522e-06 0.0 5.250879699367908e-07 1.943169045515417e-07 0.0 1.0325611670498416e-07 4.1214495721220374e-07 3.4680655000603978e-06 5.127489070125355e-06 2.708144955828749e-07 8.047940046435618e-07 1.3131983517188515e-06 2.192704812963167e-05 7.039843878496453e-06 1.277134603105969e-05 5.716791704505011e-06 1.460745604405419e-06 0.0 0.0 0.0 2.1752450700236158e-07 1.0592055183088639e-06 8.89550613197178e-08 0.0 6.263771850300923e-07 1.2474825555915433e-06 0.0 0.0 0.0 1.2049049494574774e-06 0.0 0.0 5.23602980955008e-07 2.81866200665254e-07 7.700813048069708e-07 3.74710256115061e-06 2.0480598931001057e-07 2.3232469428831722e-07 1.0911387403672755e-06 1.5979628128704378e-05 2.775737681568526e-06 4.865647717530612e-07 8.714847583270597e-07 0.0 0.0 6.766145734075446e-08 0.0 0.0 0.0 1.853619789001435e-05 8.9962925781099e-07 0.0 0.0 8.585590681915285e-08 2.738113741325531e-05 2.2163976083760744e-06 3.034353996842251e-05 9.114010996828845e-07 2.6685077714986198e-06 1.4153466390832817e-06 7.757526831725143e-07 1.1850281207758786e-06 6.192592715325042e-08 0.0 6.93295734710565e-08 0.0 0.0 0.0 0.0 0.0 2.2074169276652465e-05 3.22922208681838e-05 1.7366528637190913e-05
