0.0 0.0022784403159083243 0.001017445677376818 0.0011067051136556048 7.164075679767384e-05 5.990208523819178e-05 0.0008507441778030206 1.6158195607382153e-05 1.1716132674898304e-06 0.001062641842995722 0.00012001897830901067 0.000679527715489645 0.00033361010768069533 3.645009140225371e-05 6.347464359775187e-06 1.2009156539291682e-06 2.232169855525597e-07 0.0 0.0 0.0 0.0 0.0 0.0 0.0 0.0 0.0 0.0 0.0 0.0 6.17281880991704e-08 0.0002140736890267963 5.165228149838443e-06 5.099927477982385e-06 0.0 0.0 1.824677861840197e-07 3.798831169043979e-06 0.0 8.740177565255701e-07 1.2918349116368952e-07 0.0 5.6838610986573994e-08 0.0 2.2287218383250598e-07 6.660577052966043e-08 6.043745098101529e-07 4.8667281583336075e-05 1.4977575280070746e-06 1.828609065784007e-07 0.0 4.6695476684230874e-07 4.309248819088008e-07 2.216300949044217e-07 2.7969080368223606e-07 1.2665484428875126e-05 1.868243291654732e-05 0.00012263005151910749 0.00025905656345467357 4.1264473802506096e-05 6.784522041907813e-05 1.5402723214035397e-07 8.831938235426859e-07 3.9688748944064126e-07 3.254183780504877e-05 4.216505504383274e-06 2.2058737304503146e-06 1.884614809310958e-06 4.802194250297646e-07 1.9562995454507815e-07 1.04901483748742e-07 3.5901075019712306e-05 5.874925309328622e-06 9.16234981367236e-07 9.942808331632665e-05 4.2385141316916985e-05 2.583039630401966e-05 4.7505699111162286e-07 3.6004173434260463e-07 2.8895401660390475e-07 1.7278610874207793e-06 1.6525978643884828e-07 1.5366551733907708e-06 1.1064105054617469e-05 4.815209233672252e-07 4.136747083977808e-06 1.3958117290119292e-05 2.0410206699679662e-07 6.210580580151882e-07 3.439811524548636e-06 6.260938427697689e-07 8.92791964301167e-07 5.6938446917123613e-08 0.0 1.097591484397987e-07 2.825875676986902e-07 4.103791033155004e-05 2.519584604039196e-05 0.0 4.884139098442464e-06 0.0004973445621308014 0.0 0.0 1.0556020464887155e-06 1.2197492286209037e-07 0.0 3.063047542250483e-06 1.046076723687627e-06 1.8876377512023362e-06 4.840521628704883e-06 5.866287604592469e-06 0.0 7.255040374335315e-07 5.851128095673941e-06 7.78571207461118e-07 1.1223004136464236e-07 0.0 0.0 0.0 0.0 0.0 0.0 0.0 0.0 0.0 0.0 0.0 0.0 0.0 0.0 0.0 0.0 0.0 0.0 0.0 0.0 0.0 0.0 0.0 0.0 5.511304867901317e-07 2.90205851935517e-07 2.5259932108718706e-07 3.663345888230823e-07 0.0 0.0 0.0 0.0 0.0 0.0 0.0 0.0 2.1781614911863338e-07 0.0 0.0 0.0 0.0 7.816193014862143e-08 0.0 0.0 0.0 0.0 0.0 5.643298521862953e-07 0.0 0.0 0.0 0.0 0.0 0.0 0.0 0.0 0.0 0.0 6.168863075785992e-08 0.0 0.0 6.699926988646156e-07 0.0 0.0 0.0 9.494655045112235e-08 1.8660225459902812e-07 0.0 0.0 0.0 0.0 0.0 0.0 0.0 0.0 0.0 6.546318917528875e-08 0.0 4.011189892325087e-07 1.1776691024162605e-07 1.6720404135332329e-07 0.0 1.5438223532788155e-06 7.973076657895185e-07 2.2155669826639136e-06
0.0022784403159083243 0.0 0.0017977425818722385 0.00015873839607493558 0.0007721826675191409 1.1179511867257115e-05 0.0017533749117189317 6.395827179554561e-05 0.00037224826714626544 0.00020943969976538188 0.00030317601752617333 1.3604604336576093e-05 0.00014565572281141436 0.0001904224181382938 4.6052565377748855e-05 4.959093978952685e-06 1.3571153683008546e-06 5.098852599944791e-07 5.8032037431407494e-08 3.528854713536367e-07 2.04031080111648e-07 0.0 0.0 0.0 9.864540909703551e-08 1.7342919638004442e-07 0.0 2.831679055724922e-07 7.414966455929816e-08 0.0 0.0006402822442657814 1.133187815462502e-05 4.580710637309742e-06 0.0 0.0 5.767655059357401e-08 7.151237387138304e-06 3.2502793998379354e-07 1.1094519844486342e-06 0.0 8.941373002078843e-08 1.368359167855263e-07 9.604649177293692e-08 4.7116383406767325e-07 9.239063628361244e-08 3.4297987270502843e-07 0.00014931337132222022 4.376577766578609e-06 7.320699109664619e-07 4.5800891273515957e-07 7.459918197880219e-07 6.710926904057114e-08 0.0 3.172810673465564e-07 2.4283807104004237e-05 3.399023162253292e-05 0.0001268718052498714 0.00028720380186764957 6.170609597303613e-05 0.00014696135137182926 1.1122169614827828e-07 6.710826388234756e-07 4.48159760558351e-07 0.00013621217369184617 1.0843692205549142e-05 5.570180546759624e-06 4.3113040392982975e-06 4.828957959371908e-07 1.2369907825718e-06 4.090646143317013e-07 8.910708688054966e-06 8.285732629903836e-07 0.0 0.00019884646490110728 0.0001342535801450932 0.00010871963007220395 6.205548337788123e-06 3.590333134110169e-06 3.3720103960633354e-07 4.895257029163677e-06 7.169799171218457e-07 1.4552240878052864e-06 2.683016866805443e-05 4.844321312214878e-07 9.967808196241493e-06 2.595401128815936e-05 8.814137895399736e-07 8.551111552732745e-07 1.023578495861147e-05 2.405144953715109e-07 1.8792383176392324e-06 2.705311815481242e-07 1.4376715876557467e-07 3.666479146430385e-07 2.668058225739503e-07 7.976180839131074e-06 1.7548982173017423e-06 0.0 3.1004443960117374e-06 0.0009429202235103414 0.0 1.0364274519750845e-07 8.445218481555396e-07 8.379632486923052e-08 0.0 1.3670965369234527e-05 7.658657448301798e-07 8.541296008843966e-06 8.79876425919323e-06 9.138528622242528e-06 0.0 5.824389658487067e-06 1.5986715011815894e-05 8.332409914074085e-06 2.224959247548586e-06 0.0 0.0 0.0 0.0 0.0 0.0 0.0 0.0 0.0 0.0 0.0 0.0 0.0 0.0 0.0 0.0 0.0 0.0 0.0 7.907205958570013e-07 0.0 0.0 1.035967767855301e-06 0.0 2.915601006056986e-06 1.7732618167841192e-06 0.0 6.502954182117259e-08 9.654968587774453e-07 0.0 0.0 0.0 0.0 0.0 0.0 0.0 4.259476412467553e-07 7.060067569985778e-07 0.0 0.0 0.0 1.929017612027222e-07 0.0 0.0 0.0 7.201579322898088e-08 0.0 2.043804208820962e-07 0.0 1.1143514431705145e-06 0.0 1.3147765934841562e-06 0.0 0.0 0.0 0.0 0.0 0.0 0.0 0.0 0.0 4.088241396911238e-06 0.0 0.0 2.4706642339642094e-07 0.0 9.910145888608602e-07 0.0 1.271492919718055e-06 0.0 0.0 0.0 0.0 0.0 0.0 7.037386224891016e-08 2.3306799970578544e-07 7.802056673573905e-08 8.653963885078149e-07 1.6709048783302817e-07 8.643799811653464e-08 0.0 3.6188899496522802e-06 2.3630892340810123e-06 4.9733164656228794e-06
0.001017445677376818 0.0017977425818722385 0.0 8.67799435184081e-07 0.0006866614722172465 5.294033003075774e-07 5.9494148104663e-05 0.00040408875424404573 0.0002509945870031529 9.320810581634904e-06 0.0018912296837201063 3.682948995370242e-05 0.0005008172430786857 0.0009317251984359071 1.3230224363983705e-05 1.3009069575258463e-05 1.5305381482020012e-06 2.647911872687199e-07 7.174205951752965e-08 2.0651513744154224e-06 5.446933252743027e-06 6.356771417992156e-07 3.1841011267319843e-07 1.1841019605260127e-07 1.1821178400011028e-05 0.0 0.0 2.415380068107251e-07 1.1103061487464057e-06 0.0 0.0037522440899591804 0.00023159126350908888 0.00014360811164501367 6.043862031765735e-07 6.064051519317362e-06 2.0922722943940644e-05 7.98527912304912e-05 2.2649466436030834e-05 1.0534386299965024e-05 6.728215942269666e-06 4.2187183822316075e-06 3.101144421884155e-06 0.0 1.925385205079085e-06 0.0 3.4081635500164934e-06 3.1603513505963976e-05 6.221551213859015e-07 1.5838903165120606e-07 1.3232094460472285e-06 1.6132840634125304e-06 1.5390297573237972e-06 3.2683613155103826e-07 3.214147175735873e-06 5.075144622089353e-06 6.933296323352814e-06 6.083668362975332e-05 0.00023682667460292204 1.8540184806044327e-05 3.634850670113529e-05 5.636743329584778e-06 2.915828381191276e-05 5.118389314104365e-06 9.450256497127977e-05 2.3971444466678698e-06 1.2250118693196697e-06 1.2523980888746766e-06 1.3576387652360908e-06 1.190672227859725e-05 8.153221083812757e-06 0.00010296867838221547 1.5246017733559116e-06 0.0 5.4989965235058234e-05 6.091378542701787e-05 3.036567558979374e-05 4.6250106102537075e-06 3.337885077360257e-06 1.4086580254354868e-05 0.00014905590847623818 4.7944778337227994e-06 8.940630194014674e-05 6.115674626194882e-06 1.7584814325326676e-07 2.1918104311747215e-06 5.413494535912266e-06 7.852717691055845e-07 1.4923765320521492e-07 2.0730639475017e-06 0.0 2.9588868044849744e-06 1.7084753903650982e-06 4.041112409623856e-06 1.6792383430733116e-06 4.710295650939819e-06 2.2564493975601515e-05 5.57770929774454e-06 0.0 7.913112789026813e-06 0.0006776458656419159 1.6574444113033393e-07 1.8029811236939917e-07 1.705966126046579e-07 0.0 6.420146759876618e-07 6.646959963590847e-06 0.0 4.27767498366665e-06 6.254761023481122e-06 4.919865118095945e-06 7.313553485437171e-07 4.86632222468284e-06 1.6698998607207344e-05 8.033929423488656e-06 8.137322292996186e-07 0.0 0.0 0.0 0.0 0.0 0.0 0.0 0.0 0.0 0.0 0.0 0.0 0.0 0.0 0.0 0.0 3.107465036037939e-07 2.8872566567035544e-07 0.0 0.0 0.0 0.0 0.0 1.6230604285361195e-07 4.202653751897216e-06 0.0 3.5297740663238476e-06 4.218096033997771e-07 0.0 1.0891065505775373e-06 7.113755844354243e-07 4.695944699485906e-07 0.0 0.0 0.0 0.0 0.0 0.0 0.0 0.0 0.0 0.0 5.645836990624862e-07 0.0 0.0 0.0 2.1827712194242665e-06 1.7913928314612594e-07 7.430160492535518e-08 0.0 0.0 4.485563051350892e-06 0.0 0.0 0.0 0.0 0.0 9.02282094975367e-08 0.0 0.0 0.0 9.185291688670699e-06 0.0 0.0 2.969280658161211e-07 1.3680566546327998e-07 9.423546243001576e-07 0.0 0.0 0.0 0.0 1.3540377492015753e-07 0.0 0.0 0.0 0.0 2.0318796791870905e-07 0.0 6.280347561705493e-08 7.58311636971399e-07 3.402924612818341e-07 0.0 4.876927447449619e-06 8.299112058463398e-06 6.245307545155977e-06
0.0011067051136556048 0.00015873839607493558 8.67799435184081e-07 0.0 3.415787911172618e-05 0.00012343895856786478 0.00038493247056874824 2.442724698371579e-07 8.444316311488045e-07 0.0009597523619918313 9.287734919301314e-07 0.0012603476721146627 0.0005023630878512583 6.9295748930716175e-06 2.090369492405605e-06 1.7243690974452291e-07 1.5823821542443826e-07 0.0 0.0 0.0 0.0 0.0 0.0 0.0 0.0 0.0 0.0 0.0 0.0 0.0 1.2132795810248258e-05 7.378170093426112e-07 5.924870535946953e-07 5.070143550446981e-07 0.0 0.0 1.748519433768519e-06 0.0 6.062135360159074e-07 0.0 0.0 0.0 0.0 5.956516640776631e-08 0.0 8.544650726346521e-08 2.408758648572859e-05 2.683077808289191e-07 0.0 1.1703582567544523e-07 6.825876520362893e-08 0.0 0.0 1.242044194293998e-07 3.017000540960461e-06 6.695317851450532e-06 3.5201936985552004e-05 6.624667979011536e-05 1.4989456427971912e-05 2.527789008706877e-05 2.377502832156414e-07 0.0 0.0 9.715332209845322e-06 1.5429019227083055e-06 8.545851701135587e-07 3.3169425207864526e-07 2.3230534652698848e-07 8.06477768301265e-08 2.300724195964873e-07 2.0287553059372368e-05 0.0 7.004190507571757e-08 3.8407656674461824e-05 1.498369231684858e-05 9.086858606693569e-06 2.828316372671802e-07 0.0 0.0 6.427294972328547e-08 9.989893643211393e-08 2.755595377121443e-07 5.082624772399366e-06 1.2192490059523203e-07 1.8222461708586755e-06 4.576571676200598e-06 0.0 8.410569109203406e-08 1.0511514863302761e-06 2.439860499627317e-07 4.220371546878527e-07 0.0 0.0 1.2045139349443825e-07 6.619192502432923e-08 1.1191936465038705e-05 2.01797025178836e-07 0.0 4.23400550220608e-07 0.0002389026393474348 0.0 0.0 6.329077725094935e-07 1.0590841509919593e-07 0.0 4.786090958842958e-06 2.998013349351289e-07 1.8378690917128456e-06 3.855558679528982e-06 3.2417649100391295e-06 0.0 1.1355171085575404e-06 6.179266865153816e-06 1.0262739632296115e-06 2.183454912441307e-07 0.0 0.0 0.0 0.0 0.0 0.0 0.0 0.0 0.0 0.0 0.0 0.0 0.0 0.0 0.0 0.0 0.0 0.0 0.0 0.0 0.0 0.0 0.0 0.0 1.3250609150455968e-07 0.0 0.0 0.0 2.478747529427623e-07 0.0 0.0 0.0 0.0 0.0 0.0 0.0 0.0 0.0 0.0 0.0 0.0 0.0 0.0 0.0 0.0 0.0 0.0 0.0 0.0 0.0 0.0 0.0 0.0 0.0 0.0 0.0 1.0915115905729554e-07 0.0 0.0 0.0 0.0 1.9830590438314873e-07 0.0 0.0 0.0 0.0 9.291168063868645e-08 0.0 0.0 0.0 0.0 0.0 0.0 0.0 0.0 0.0 0.0 0.0 7.561464597139349e-08 0.0 0.0 0.0 1.0079029621978257e-06 0.0 0.0
7.164075679767384e-05 0.0007721826675191409 0.0006866614722172465 3.415787911172618e-05 0.0 2.910901872046857e-06 0.0014059372590998524 0.0005597203841924026 0.0025834892436668996 0.00031380153063627125 0.001686110158198578 1.0698827442589826e-05 0.0004088276288610936 0.0002339661646425456 8.242352257367039e-05 1.182490455090463e-05 4.508583206619186e-07 2.053734105875512e-07 7.86505637523678e-08 0.0 0.0 0.0 0.0 0.0 5.999597753141466e-07 4.637024657687402e-07 0.0 4.4402515693758616e-07 3.975710820191198e-07 0.0 5.658747592065083e-05 1.4330263485916425e-05 4.571078459467834e-06 0.0 1.7906566940628096e-07 1.2465865668870978e-07 2.259116957687884e-06 1.643390120594146e-07 1.0116435801073685e-06 0.0 0.0 4.333127314580437e-07 0.0 9.70419484039936e-07 0.0 7.052115230955026e-07 0.00014658527866179654 3.2133377027351344e-06 5.810408432968646e-07 0.0 6.058570409294333e-07 0.0 0.0 5.593910022330331e-07 1.2513377103024023e-05 1.4999222907623195e-05 3.820013860312459e-05 5.868696908977447e-05 2.8409047042381297e-05 0.00011600994021629918 2.9506034894885164e-07 6.255481677888945e-08 7.279351991810919e-08 0.00010567321614474116 4.700391253690933e-06 3.2954232498531187e-06 3.1080422371381917e-06 4.875446140908189e-07 2.223998135497476e-07 0.0 1.628343064234751e-05 2.7524041658716522e-06 0.0 0.00012323712069123237 8.526626895839643e-05 0.00013458985687951836 1.1961374991078436e-05 4.2769774378541075e-06 1.2382210236125992e-06 1.1696322057054325e-05 1.9494871454676154e-07 1.6801898207485198e-06 1.4962762616410702e-05 1.0812211963415405e-07 6.079435334585816e-06 1.3904868592843117e-05 5.211979913065377e-07 3.2090576756657724e-07 5.177483624533844e-06 0.0 2.1096771834658675e-06 5.901540705414123e-07 2.032622885915091e-07 4.018951243567327e-07 9.160364800016853e-07 2.914961434154989e-05 3.279366160136915e-06 0.0 3.896047627131498e-06 2.232025462344864e-05 5.96867797363534e-07 1.6717457345185992e-06 4.979146336963117e-06 7.639123384175047e-07 3.809915773477742e-06 5.4295875826336376e-05 1.9990428983839637e-06 5.8298720108578456e-05 5.4645490801784627e-05 3.7297990300039745e-05 3.2908686160294215e-06 2.77098488802896e-05 0.00011648433972885843 4.46052902642825e-05 1.1907472848244444e-05 0.0 0.0 0.0 0.0 0.0 0.0 0.0 0.0 0.0 0.0 0.0 4.986767491425002e-07 0.0 0.0 0.0 0.0 0.0 0.0 0.0 0.0 0.0 0.0 0.0 0.0 2.518967383580248e-05 8.506737023471665e-07 9.946744595748483e-06 1.3416795590793139e-05 7.367382991875782e-07 0.0 2.5850852343925566e-07 3.036226513661536e-07 0.0 0.0 0.0 0.0 9.410439319712594e-07 0.0 1.324621303186111e-07 0.0 5.105493906700747e-07 0.0 1.7802579034449525e-07 0.0 3.863922468991668e-07 0.0 1.2851439727792648e-06 3.4031274291790326e-06 9.168928925780357e-08 0.0 2.8399339002520968e-06 4.109493037707268e-06 0.0 0.0 0.0 7.494207073055341e-08 5.5081028865472693e-08 0.0 6.302671963603271e-08 0.0 0.0 3.3604853592642965e-05 0.0 0.0 6.936515777153613e-08 6.057259222498668e-08 8.074091489928375e-06 0.0 4.326070671192808e-06 2.6499189094289177e-06 1.0684629802874643e-06 0.0 0.0 0.0 0.0 0.0 0.0 4.3427631970600713e-07 5.004103148582374e-07 6.145556307492191e-08 0.0 0.0 3.071253311723699e-05 2.908791914365529e-05 3.464496721710099e-05
5.990208523819178e-05 1.1179511867257115e-05 5.294033003075774e-07 0.00012343895856786478 2.910901872046857e-06 0.0 4.6531828040489846e-05 0.0 1.3917879690017982e-07 0.000235483468677472 0.0 7.812472680133877e-05 3.681805472983806e-05 8.696130929269073e-07 1.309613927784718e-07 9.682600317805016e-08 9.212085058024901e-08 0.0 0.0 0.0 0.0 1.9301004942455967e-07 0.0 0.0 0.0 0.0 0.0 0.0 2.1752017985478144e-07 0.0 1.835721738437101e-06 5.294930243927549e-06 0.0 0.0 0.0 0.0 2.9916686762989035e-06 4.4440611653993145e-07 1.2374506521166207e-06 0.0 0.0 0.0 0.0 0.0 0.0 4.364035736803024e-07 1.8145657615082788e-06 1.282449082546229e-07 0.0 0.0 0.0 3.83827130241572e-06 2.2080351644398358e-07 1.214264356014822e-07 3.037959696938134e-07 1.9848120830391722e-06 0.00016548225407160544 3.8328223709764177e-05 1.1855146926392903e-05 1.7747476971431374e-06 0.0 2.7708869936530725e-07 0.0 2.0475747496959143e-07 0.0 0.0 0.0 8.037690948071164e-08 7.954143061847866e-08 0.0 4.715823107950947e-05 9.306866595644828e-05 1.064989936887714e-05 3.819660882893465e-06 1.086928038169468e-06 1.7133775647911724e-07 0.0 0.0 1.0180172644520627e-06 0.0 0.0 1.190263634518578e-07 1.8240430128684234e-07 1.3562812376331644e-06 8.792855273170373e-08 8.837392590162201e-07 1.1825565200997755e-07 7.956473418046452e-06 4.154307773733166e-06 9.311581718701417e-06 1.503260827226247e-06 3.505346434583179e-06 0.0 8.430707813472917e-08 1.6320947960574724e-06 6.453743951760797e-05 0.0001301741302900278 1.6317362342544353e-06 2.1211211362138675e-05 0.0003052402927209308 0.0 0.0 0.0 0.0 0.0 1.7317162555101928e-07 6.694524514291068e-08 1.9106376642373823e-07 7.630610366187479e-08 1.0199156846151072e-06 0.0 0.0 5.787330664596027e-07 6.196969030349681e-07 1.1372007060887221e-07 0.0 0.0 0.0 0.0 0.0 0.0 0.0 0.0 0.0 0.0 0.0 0.0 0.0 0.0 6.861975684725996e-08 0.0 0.0 0.0 0.0 0.0 0.0 0.0 0.0 0.0 9.28314688579276e-08 0.0 2.0252858103365353e-07 3.0291491490259793e-07 0.0 0.0 0.0 0.0 0.0 0.0 0.0 0.0 0.0 0.0 0.0 0.0 3.3119541623482066e-07 0.0 1.4958552989047204e-07 1.9843490612687153e-07 0.0 0.0 0.0 0.0 0.0 0.0 0.0 0.0 0.0 0.0 0.0 0.0 0.0 0.0 0.0 0.0 0.0 8.352188036180258e-07 0.0 0.0 0.0 9.054649930026478e-08 0.0 0.0 2.688925727666401e-07 3.682080152362948e-07 0.0 0.0 0.0 0.0 0.0 1.563610071130672e-07 1.9093353623914262e-07 0.0 7.558334004424704e-08 6.967501073506283e-08 0.0 0.0 1.633124140659321e-07 1.7883708360101756e-06 1.4060929080052873e-06
0.0008507441778030206 0.0017533749117189317 5.9494148104663e-05 0.00038493247056874824 0.0014059372590998524 4.6531828040489846e-05 0.0 4.935772209387056e-05 0.0013711969695414208 0.0012878760258867058 0.00047010595419821687 0.000104549410593573 0.0024235152319794146 0.0007734367842238376 5.081719495690036e-05 8.600975949486855e-06 4.833847192675581e-07 0.0 0.0 0.0 0.0 9.603290166290467e-08 0.0 0.0 0.0 0.0 0.0 9.91702392132896e-07 1.66920422169566e-07 0.0 3.872110548916317e-05 3.944737885507684e-06 7.224280925678185e-06 0.0 0.0 0.0 3.0204517412908066e-06 1.4918634068913805e-07 8.501503363161032e-07 4.015739295617521e-07 0.0 2.4598006445859534e-07 0.0 6.79238045311327e-07 2.119570424308338e-07 3.301812339928003e-07 0.0001280612469879117 2.4863812734769424e-06 6.531844484589119e-07 1.4774147016755657e-07 6.674299973681328e-07 0.0 4.732599752659027e-08 4.221461189384723e-07 1.3273218620170606e-05 1.8264405419909202e-05 5.5969861190127944e-05 7.66293789721312e-05 3.455373093666162e-05 9.415764408087235e-05 6.052224932733451e-08 1.6371505178665945e-06 0.0 6.258326422070065e-05 4.200794085566987e-06 2.43681944789062e-06 2.113789806493658e-06 1.7905519289166821e-07 7.546169349367404e-08 0.0 1.61457432228861e-05 1.493373539300081e-07 0.0 0.00011065171935041416 6.828165131204728e-05 9.397664703972866e-05 7.407887530633529e-06 3.4373594754432167e-06 3.0764059559724707e-07 1.1362436560048374e-05 1.6330591646358013e-07 1.0030848316699496e-06 1.693013863077173e-05 3.512056750357217e-07 5.035055311798678e-06 1.3617752524661936e-05 4.7220051454756394e-07 1.700289261266364e-07 4.9886735178776e-06 1.3082879069860622e-07 1.4369454825244248e-06 3.586958267086884e-07 1.7045113121073676e-07 4.0155851224249723e-07 5.561943286706825e-07 4.004615852364468e-05 2.713181547657838e-06 0.0 3.772966968415174e-06 7.10292210029466e-05 1.0877484319323044e-06 9.949085223721537e-07 1.2198324744188369e-05 4.4830959171460766e-06 4.153273271997464e-06 7.079542118856359e-05 6.480428764026856e-06 5.612492397860891e-05 6.45572343434196e-05 5.175246164733783e-05 4.3050582132429285e-07 4.3588991712228075e-05 0.0001234075057184173 4.841614610406961e-05 1.0399801933737194e-05 0.0 6.003683825621715e-07 0.0 0.0 0.0 0.0 0.0 0.0 0.0 0.0 0.0 0.0 0.0 0.0 0.0 0.0 0.0 0.0 0.0 3.078527527441974e-07 0.0 0.0 1.394429534084497e-06 0.0 1.475812807051486e-05 1.0820374219040574e-06 9.057610843379828e-06 5.849507990765981e-06 7.093365580117333e-07 0.0 0.0 0.0 0.0 0.0 0.0 1.2897986356845923e-07 8.351048444804616e-08 9.076185502911016e-08 0.0 0.0 0.0 0.0 0.0 3.351331023288959e-07 8.753344442640106e-07 5.7517479089620614e-08 1.7234843109751358e-06 1.3137104149712341e-06 0.0 0.0 0.0 1.0277711162719967e-05 0.0 0.0 5.486709704639361e-07 2.400241040929309e-07 0.0 8.376926053981437e-08 6.595250267083886e-08 0.0 0.0 3.0320632441025946e-05 5.393887630649996e-07 0.0 6.207261510612767e-08 0.0 5.483771768538562e-06 3.2421070230961407e-07 1.1335064367124844e-06 1.8383083945306022e-06 1.8844381108393875e-06 8.65023019742938e-08 0.0 0.0 0.0 8.27712489062633e-08 0.0 0.0 3.412211818967244e-07 1.3894971971856737e-07 0.0 0.0 2.6357276552884585e-05 1.5387902623455007e-05 2.480940672643747e-05
1.6158195607382153e-05 6.395827179554561e-05 0.00040408875424404573 2.442724698371579e-07 0.0005597203841924026 0.0 4.935772209387056e-05 0.0 0.0005006708495442385 2.0984022904505022e-06 0.003068195105196516 3.4016197269972284e-05 0.00032509765717872463 0.0008538500999907197 1.396654253639281e-05 1.1626808327471576e-05 5.421329454538091e-07 0.0 0.0 2.877703589681246e-06 1.0419827320130727e-05 1.3815006497355873e-06 8.858821775431535e-07 1.534220357224765e-07 1.31292911962274e-05 0.0 2.2502776148126305e-07 5.718566253041471e-07 9.383309087147752e-07 0.0 0.00034366957110593306 0.0005921122912834015 0.0005910859102603912 1.2627019186952584e-06 9.158198355688297e-06 3.0687867477008737e-05 0.00019898906047108918 5.2894496306890976e-05 2.665167662645341e-05 8.998812386323549e-06 4.493976542449643e-06 4.7952756249461825e-06 1.6921117698839546e-06 1.765552423182565e-06 0.0 2.9656536594433307e-06 1.9513467217894416e-05 8.271324718196251e-07 2.6919880221589445e-07 2.000628081576549e-06 3.135748326471766e-06 3.027710405256675e-06 1.1841515771756018e-06 7.87894712106299e-06 1.6300675479866777e-06 2.4761529193726218e-06 1.3043968784670213e-05 5.251368705334684e-05 4.266860945266616e-06 1.7751494003989364e-05 8.336860918480009e-06 0.00011101242035961418 1.509338109648669e-05 0.0001765097977126937 4.6670734803408084e-07 2.9134841397478067e-06 2.0227731774631703e-06 4.513002117041555e-06 2.5342471684492834e-05 1.1832879438392536e-05 0.00023906487875702858 4.183933448725198e-06 0.0 2.2660831940081143e-05 3.588188270551854e-05 2.3152652370547768e-05 2.0539248348415788e-05 7.041207357442215e-05 0.00029765562479562737 0.0025646120401365533 4.472257046470514e-05 0.0008259317192238382 3.65436140390755e-06 0.0 1.7497220696568769e-06 5.746342193531841e-06 1.099422425299507e-06 5.4049493930369645e-08 2.510186630381185e-06 0.0 4.816355175855426e-06 2.986472556832302e-06 1.5835248144043945e-05 2.4482121978323566e-06 6.74114176710546e-06 4.9449917527809074e-05 1.151210630767302e-05 0.0 2.446351315422924e-05 4.385362595265473e-05 5.376123680286461e-07 1.7479378558647795e-07 2.3981553801087142e-06 0.0 6.995282534254536e-07 1.0564550711951115e-05 6.483602452610614e-07 1.090773803664277e-05 1.0375831042493837e-05 7.095078258475213e-06 3.30010303012497e-07 5.584797780156298e-06 2.5393718189256393e-05 1.1361260945996196e-05 2.098605775113932e-06 2.3053650756090874e-07 1.5284051190103954e-07 0.0 0.0 0.0 0.0 0.0 0.0 0.0 0.0 1.0388194195053663e-06 0.0 0.0 0.0 0.0 3.820183793087978e-07 1.0641669603086273e-07 1.0959290330471114e-07 0.0 1.1181724660118968e-06 0.0 0.0 0.0 7.439028599469694e-07 1.2627370026575423e-05 0.0 4.129817599672593e-06 5.511653683300825e-06 3.448259025689662e-07 0.0 1.9129988975677155e-07 1.3445242086164046e-07 0.0 0.0 0.0 0.0 4.318437865857741e-07 0.0 0.0 0.0 8.118572576777614e-07 0.0 6.803704012474911e-07 0.0 0.0 6.948749966599927e-08 5.705422708307608e-07 6.56991162668242e-07 0.0 0.0 1.2889622142450859e-07 2.481343309978172e-06 0.0 0.0 0.0 0.0 0.0 0.0 0.0 0.0 1.6597969914652614e-07 1.4516458775051617e-05 4.856856546935447e-07 0.0 0.0 1.6282946219437324e-06 7.061166213332333e-07 0.0 7.490428883397594e-07 9.505883612772428e-07 7.548473409977875e-07 0.0 0.0 0.0 0.0 0.0 0.0 0.0 2.1096777667821313e-07 8.039285448871874e-07 0.0 0.0 9.218397057640492e-06 1.599192313755367e-05 1.2754268803140876e-05
1.1716132674898304e-06 0.00037224826714626544 0.0002509945870031529 8.444316311488045e-07 0.0025834892436668996 1.3917879690017982e-07 0.0013711969695414208 0.0005006708495442385 0.0 4.465700271126085e-05 0.0013302886375366105 1.3113568613278657e-06 0.0010625370254322545 0.0006228301124213896 1.777953055550677e-05 5.231347071480339e-06 5.626336921088303e-07 6.315115528820983e-08 0.0 0.0 1.8015660216169555e-07 0.0 0.0 0.0 0.0 0.0 0.0 0.0 0.0 0.0 2.3793178921760854e-06 5.429340511497354e-06 2.2064433924775886e-05 0.0 0.0 0.0 2.691536975755486e-06 1.1549410920204215e-07 0.0 0.0 0.0 0.0 0.0 1.5820360661381315e-07 0.0 4.47863273649603e-08 1.9515716323159425e-05 1.2194816757440324e-07 0.0 0.0 0.0 0.0 5.62036886173895e-07 2.6581219933295087e-07 3.4281279315727263e-07 6.626850865518972e-07 3.1002287389672064e-06 2.0728364850631217e-06 2.2669946708671313e-06 1.0062454756023263e-05 0.0 3.7648116585028632e-06 8.589161233968357e-08 5.426178269046633e-06 1.694213191832728e-07 6.721254306035572e-08 2.045639916691152e-07 0.0 0.0 0.0 9.79961398905151e-06 1.2564611454721584e-07 0.0 1.1677841493003573e-05 4.134005358470744e-06 1.683216741552159e-05 2.777671997086964e-06 2.2465830518467503e-06 6.693314152359485e-07 0.00011588856031465607 1.3296443129282194e-07 3.4291383666837826e-06 1.43881254267802e-06 0.0 4.394958259054496e-07 7.743240624317202e-07 6.227299776320355e-08 0.0 4.4157867058328934e-07 8.670266145324004e-08 1.329497943039327e-07 0.0 0.0 0.0 0.0 1.7847380945243666e-05 1.8219841150615585e-06 0.0 5.510883875806003e-07 2.7855365064583405e-06 6.596504976503577e-08 0.0 1.7021472974014726e-06 9.141800470205454e-08 2.940730765153829e-07 2.4430887866133345e-05 1.6328464975699982e-06 2.596637659242222e-05 2.130444520332775e-05 1.947331382780123e-05 1.2282649352715176e-06 1.0104845971358351e-05 4.68718776142878e-05 1.4849990083194994e-05 2.4789218135106863e-06 0.0 6.920299585029283e-08 0.0 0.0 0.0 0.0 0.0 0.0 0.0 0.0 0.0 0.0 0.0 0.0 0.0 0.0 0.0 0.0 0.0 9.822898154805859e-07 0.0 0.0 0.0 0.0 7.620750397550153e-06 1.237356649348706e-07 5.1600691308314064e-06 3.0896020996086094e-06 0.0 0.0 0.0 0.0 0.0 0.0 0.0 0.0 3.1989073159678055e-07 0.0 0.0 0.0 0.0 4.541289401839729e-07 0.0 0.0 0.0 0.0 0.0 1.6734418018835457e-07 0.0 0.0 0.0 2.3584836624543347e-06 0.0 0.0 0.0 6.061999922621343e-08 0.0 0.0 0.0 0.0 0.0 1.3303805067267845e-05 1.3349983372662472e-06 0.0 0.0 0.0 1.962541778896051e-06 0.0 8.850490010418017e-08 0.0 0.0 0.0 0.0 0.0 0.0 0.0 0.0 0.0 6.45191400906406e-08 0.0 0.0 0.0 1.1011883113718663e-05 7.631569577631955e-06 1.0950753840764228e-05
0.001062641842995722 0.00020943969976538188 9.320810581634904e-06 0.0009597523619918313 0.00031380153063627125 0.000235483468677472 0.0012878760258867058 2.0984022904505022e-06 4.465700271126085e-05 0.0 1.189451754469073e-05 0.0024332305102228477 0.003540015561002238 7.912203968381456e-05 4.695292675520043e-06 1.14909659528036e-06 1.7044120710821462e-07 0.0 0.0 0.0 0.0 0.0 0.0 5.68250672328011e-08 6.284918675179388e-08 1.5128209172218464e-07 0.0 0.0 8.37054434227783e-08 0.0 1.1995935622097941e-05 2.3498465024042285e-06 5.202729212470712e-06 0.0 0.0 0.0 4.486608398133467e-05 7.457937935741292e-08 0.0 0.0 0.0 0.0 6.842568636749866e-08 1.536750327339127e-07 6.858562318829321e-08 3.8336117334729445e-07 3.291675011747144e-05 4.25003723504842e-07 0.0 0.0 3.2658006730044193e-07 0.0 0.0 7.282066150795759e-08 5.680602462228388e-06 7.908083015133856e-06 9.193855673047609e-05 0.00015555226945394455 2.3745672907427127e-05 3.785266781327434e-05 0.0 2.373131282379012e-07 0.0 9.104611234540758e-06 2.414524358600834e-06 9.53963935233483e-07 5.641381651908688e-07 1.525543778902127e-07 0.0 6.85897488953752e-08 0.0003102058846692225 9.840703130458916e-07 0.0 4.405300132298219e-05 1.4334569959231746e-05 1.016599605827323e-05 1.1384662165168422e-06 3.323891053651238e-07 9.400987973775385e-07 1.5002857829398397e-06 9.318699046295548e-08 2.121872785189299e-07 5.019450898681054e-06 6.275654763050808e-08 1.3237790022277104e-06 4.6316848299538e-06 5.117333527119579e-08 2.3618109679555285e-07 1.9263225286431056e-06 6.134407240816783e-08 4.313985269886912e-07 0.0 5.913240368559938e-08 0.0 0.0 9.24803773351805e-05 4.7411996480711494e-05 0.0 7.831435130634832e-06 0.0005848780199966547 1.3754415853230892e-06 1.158117103825376e-05 0.00014309964358085397 3.8365750055872896e-05 8.725492837145416e-06 0.00015907320796315435 5.943803512751907e-05 6.493780644606693e-05 0.00022750279807623921 0.00011901003906422416 5.309946179784835e-07 5.652561848357455e-05 0.00025871400183518153 5.334517814154748e-05 2.671802644862312e-06 0.0 0.0 0.0 0.0 0.0 0.0 0.0 0.0 0.0 0.0 0.0 0.0 0.0 0.0 0.0 0.0 0.0 0.0 0.0 3.491624842747328e-07 0.0 0.0 0.0 0.0 7.1648456417830695e-06 5.332075576351624e-07 2.13928093581025e-06 3.388346233693043e-06 0.0 0.0 0.0 0.0 0.0 0.0 0.0 0.0 3.566758140773736e-07 1.9307540402419744e-06 3.392654847122336e-07 0.0 0.0 0.0 0.0 2.536520176546826e-07 3.884825897019561e-07 0.0 7.604823615278981e-07 2.680713863117685e-06 8.151553510095229e-08 0.0 6.564483926796202e-07 2.830376645714361e-06 0.0 7.965640959374867e-08 6.098140459945917e-07 0.0 0.0 0.0 0.0 0.0 0.0 1.7230447454719093e-05 0.0 0.0 9.114388468844207e-08 2.7487744398605136e-07 2.8469880944840232e-06 0.0 3.703227877877606e-07 1.5324947454705275e-06 1.5041282532772142e-06 0.0 0.0 0.0 0.0 0.0 0.0 6.930555907410075e-08 1.4177979252990588e-07 0.0 0.0 0.0 5.0979478377899415e-05 5.778210773639198e-06 6.3982410399872265e-06
0.00012001897830901067 0.00030317601752617333 0.0018912296837201063 9.287734919301314e-07 0.001686110158198578 0.0 0.00047010595419821687 0.003068195105196516 0.0013302886375366105 1.189451754469073e-05 0.0 1.979101105460307e-05 0.0008746806601046242 0.0015585977330939322 2.806466350986925e-05 9.45969532146693e-06 8.080126433633928e-07 1.221860099520541e-07 0.0 0.0 0.0 0.0 0.0 0.0 1.9192594880916875e-06 0.0 0.0 5.643246062029456e-08 2.141745559051017e-07 0.0 9.408655960034575e-05 8.74437018759806e-05 0.00037557125678313853 0.0 6.362160024099657e-07 1.6727976662078154e-06 0.0002185955878332689 1.1983367640543168e-05 6.406440936894987e-06 1.783823364228548e-06 0.0 1.1426207726442345e-06 0.0 7.257450436258829e-07 5.753009958122819e-08 1.0035281133999669e-06 3.441547040317683e-05 1.0217126038852875e-06 0.0 1.5836586897361837e-07 7.286547410386954e-07 4.967436776755929e-07 0.0 4.426618618433927e-07 1.9213142292872966e-06 2.969703921713233e-06 8.16059836958328e-06 2.1197760587432958e-05 5.39222222795061e-06 2.6138405377796428e-05 1.243923666336034e-06 0.00011578402243781658 1.113810998720904e-06 2.4760804799913466e-05 7.92483026070226e-07 6.267035511968897e-07 5.189442581416326e-07 1.3571144218605599e-06 2.396881757335208e-07 4.945243794853402e-07 0.00011770318836738783 0.0 0.0 2.7330521667261005e-05 1.959109201420295e-05 3.965192511933978e-05 5.352934054260033e-06 3.2752460428471968e-06 1.980834266331379e-05 0.0005040685735835263 1.1667441141724982e-06 0.000217278783103219 3.663786689900965e-06 6.085071819201115e-08 1.4662376783127497e-06 2.5641021701741247e-06 5.722233651239371e-08 1.3040049362942319e-07 1.169911475126854e-06 0.0 1.5871532949773655e-06 3.71609529382662e-07 3.3254767467626764e-07 5.143252316106788e-07 1.2158025378234501e-06 8.4678233156441e-06 9.313820590822175e-07 0.0 3.864199555805879e-06 5.5786581721294843e-05 0.0 2.950675341690506e-07 1.0036931339572036e-06 1.2730598539965438e-07 0.0 1.1004648431390964e-05 5.053259055583714e-07 9.092125334469196e-06 8.189852139895628e-06 7.430044655969449e-06 1.2837666046973376e-07 8.871658426276427e-06 2.9540549416878707e-05 6.409191570529888e-06 1.0910386949192575e-06 0.0 0.0 0.0 0.0 0.0 0.0 0.0 0.0 0.0 0.0 0.0 0.0 0.0 0.0 0.0 0.0 1.161980336358708e-06 0.0 0.0 1.607750501282047e-07 0.0 0.0 0.0 0.0 6.237188261783224e-06 7.056947484689915e-07 1.4776404798367216e-06 2.0698239926452043e-06 0.0 0.0 0.0 0.0 0.0 0.0 3.256452431114041e-07 0.0 6.903149159758221e-07 0.0 0.0 0.0 0.0 0.0 0.0 0.0 0.0 0.0 5.942984939631157e-07 0.0 0.0 0.0 0.0 2.8842929619746447e-06 4.25556796172104e-07 0.0 0.0 0.0 0.0 0.0 0.0 0.0 0.0 7.229417863653683e-06 3.1584466456834924e-07 0.0 0.0 5.2510701764327115e-08 3.84149670140678e-07 0.0 8.085736274989165e-07 5.658605976783196e-07 0.0 3.454511017127524e-07 0.0 0.0 0.0 0.0 0.0 0.0 0.0 5.4264911467560835e-08 0.0 0.0 4.335485967412334e-06 4.486508664959292e-06 3.1277715345142043e-06
0.000679527715489645 1.3604604336576093e-05 3.682948995370242e-05 0.0012603476721146627 1.0698827442589826e-05 7.812472680133877e-05 0.000104549410593573 3.4016197269972284e-05 1.3113568613278657e-06 0.0024332305102228477 1.979101105460307e-05 0.0 0.0004839533452131206 5.878627053651683e-05 3.2450461764350494e-05 2.3591829709636386e-05 9.278343952391901e-07 7.284436500857097e-08 0.0 8.298036971822635e-08 0.0 0.0 0.0 0.0 6.435391324805005e-07 0.0 9.210060834700027e-08 2.1750587122272927e-07 1.2019159756496432e-07 0.0 3.701342885577686e-06 2.8242615906666135e-07 1.1218765853206417e-05 0.0 8.270129731090682e-07 1.3352563484797364e-06 3.127135970110828e-05 1.25575577317783e-06 1.935409665039684e-06 8.456992353346388e-07 3.765312816022677e-07 0.0 0.0 2.269042918323411e-06 7.194170820049919e-08 1.6910523362067672e-06 3.32384495119241e-05 6.523757905557336e-07 6.377005384374626e-08 1.4771899124479432e-07 8.589725157863328e-07 5.45329904879759e-07 0.0 0.0 2.3049596630799365e-06 3.260841777832011e-06 1.5956902548139843e-05 2.716569226392301e-05 6.164218116790955e-06 1.9029909775204526e-05 1.889013396376624e-06 1.8923963834713387e-06 7.63445932640116e-07 9.103755243033762e-06 4.2400552258323195e-07 8.151962449563112e-07 4.6918094507405314e-07 4.901489396451749e-07 1.1385947933281876e-07 0.0 0.00013870127658766572 8.047308094895975e-07 0.0 2.488182444002406e-05 1.3150762731802672e-05 2.9509222598511328e-05 6.691828094301472e-06 6.32468225548771e-06 2.4649287285159186e-07 5.168667842227405e-06 2.284685540587803e-06 1.5091812671081856e-06 2.781145004174311e-06 1.1916864626388393e-07 1.6163628221031859e-06 2.674380416006105e-06 5.953921694638749e-07 1.640688246018035e-07 9.046385342958798e-07 4.6924602539915646e-08 3.544150193089609e-07 1.2021058045316742e-07 5.347350272848589e-07 5.90452991153776e-07 2.780907285413352e-07 0.00016955636061449176 1.9012693585853532e-05 0.0 3.5679968495579096e-06 9.676977023863311e-05 2.2986967354278895e-06 1.0774675098298833e-06 8.87126796750394e-06 2.2417842982352815e-06 5.942804018876963e-06 9.00756044406659e-05 1.1795903097711915e-05 7.27961399816136e-05 8.434455312969163e-05 8.79424845337236e-05 9.70339766725943e-07 5.132153422356081e-05 0.00016718579043045525 5.982980897300455e-05 6.7954012123974405e-06 0.0 7.476278789752418e-08 0.0 0.0 0.0 0.0 0.0 0.0 0.0 0.0 0.0 0.0 0.0 0.0 0.0 0.0 0.0 0.0 0.0 1.8400091747819156e-06 0.0 0.0 9.289335137374015e-07 0.0 1.426738923201739e-05 8.940010437095737e-07 7.3546732335648124e-06 4.007100822140066e-06 5.558064813008025e-07 0.0 0.0 0.0 0.0 0.0 0.0 0.0 9.887021223153608e-07 9.127305176948994e-07 0.0 0.0 1.1825304060736756e-07 0.0 1.0562007144000677e-07 0.0 8.287956030623043e-08 0.0 6.731542846016612e-07 3.260637327413177e-06 9.859691272371407e-08 5.827633260035964e-07 5.517428916063375e-07 6.503237241162883e-06 0.0 0.0 9.180952580548797e-07 0.0 0.0 0.0 0.0 0.0 3.4520273260120784e-07 3.138681783785307e-05 9.95568712765705e-07 0.0 0.0 0.0 6.5935128731137295e-06 0.0 2.887053160451059e-06 1.9174256035676987e-06 1.6391736479563503e-06 0.0 0.0 0.0 0.0 0.0 0.0 0.0 5.529350278019526e-08 0.0 0.0 0.0 4.6575725138909856e-05 1.3381618498784731e-05 1.736036398127488e-05
0.00033361010768069533 0.00014565572281141436 0.0005008172430786857 0.0005023630878512583 0.0004088276288610936 3.681805472983806e-05 0.0024235152319794146 0.00032509765717872463 0.0010625370254322545 0.003540015561002238 0.0008746806601046242 0.0004839533452131206 0.0 0.0034352475731902064 0.00019581339073283506 0.00012495005692511949 5.398860413385101e-06 7.747762677416622e-08 3.9546711820212536e-07 4.531867144455258e-07 2.172082841254261e-06 1.340225206384883e-06 0.0 0.0 7.898663257124371e-06 7.226070841290181e-07 0.0 1.1289118592453156e-06 1.2151225880743517e-06 1.3369124335709947e-07 1.4301531524837435e-05 8.726664634532243e-06 0.00018145480283075676 1.4957764932638285e-07 3.1319989472292066e-06 8.679150314702047e-06 0.00025543972279163036 9.115418439255555e-06 7.376479206373149e-06 7.395331767816112e-06 1.7651101458381667e-06 1.7614271139917995e-06 0.0 1.1221668809646516e-05 2.3345263690470564e-07 9.432777029719827e-06 0.00017501380528038473 2.776080034291449e-06 3.1748439748912253e-07 1.8234589240006358e-07 1.643288001617823e-06 3.323028286404335e-06 1.4480144030904414e-07 3.5007204584763447e-06 7.298054138781358e-06 8.36349826425431e-06 2.7262730756467864e-05 3.0088838056367626e-05 1.5456222405085002e-05 9.380722508314686e-05 1.404840708390737e-05 2.864853249832967e-05 1.5605682892828904e-06 6.22360504222262e-05 1.9380455167134176e-06 1.8805883741583607e-06 1.9193983598556294e-06 2.2342398826977266e-06 4.179252919027154e-06 1.8116125819241984e-06 0.0002416098895614897 3.342927104757763e-06 0.0 0.00010674595721286115 7.048551193308589e-05 0.0002193258461107159 4.234217663216052e-05 4.0456196136544994e-05 2.4373642343765233e-06 8.576691439992808e-05 7.803810454481734e-06 9.44935972601963e-06 1.1222519338840953e-05 0.0 5.36360408307738e-06 7.37970700043761e-06 2.5566066218599654e-06 3.269918808564051e-07 4.69165079257989e-06 5.1488449670158537e-08 3.9234149874149935e-06 1.393530211064077e-06 4.98674911116817e-06 1.8703247313516116e-06 1.7828639866741418e-06 0.00029820745173885795 1.6667440749243375e-05 0.0 1.457155413959029e-05 7.536835710085022e-05 2.757692078457806e-06 2.4184154836954157e-06 2.1073643754292572e-05 5.551444540404749e-06 1.3828399075640998e-05 0.00021188433652810884 2.8412925284298805e-05 0.00017436924715233726 0.0002456562122099242 0.00017811616767821604 3.2662671714943267e-06 0.00012120968930847309 0.0004491467501375142 0.0001419854071282478 2.6265577683333183e-05 4.3211345639848915e-07 0.0 0.0 0.0 0.0 0.0 0.0 0.0 0.0 0.0 1.1319456060081436e-07 0.0 5.742766074671618e-07 0.0 0.0 2.0674259678970346e-07 0.0 0.0 0.0 1.792334002594806e-06 1.6115860181805189e-06 0.0 8.124671515299194e-08 0.0 4.782178082618886e-05 2.1244979247041027e-06 1.5376906555613577e-05 2.0351860849687574e-05 1.0939414697973405e-06 0.0 0.0 1.8706893851397309e-07 0.0 0.0 0.0 0.0 1.659578792552509e-06 4.401026950116852e-07 0.0 0.0 5.215525046629247e-07 2.4209313846850644e-07 3.7728500347509685e-07 1.7324650636195314e-07 1.0916108161460898e-06 0.0 5.932791526557322e-06 6.848856963769015e-06 6.3085592085405e-08 0.0 8.834095037653464e-07 1.9098217608508675e-05 0.0 7.325212780007142e-07 1.7016155911067483e-07 0.0 0.0 0.0 0.0 1.486189555268023e-07 1.1942607802413106e-07 9.139947719842816e-05 7.255788255319464e-07 6.937729229502483e-07 1.8061852683401404e-07 2.0188716492513868e-07 1.735269560137379e-05 0.0 6.671441554017399e-06 4.298453079821352e-06 7.2210127321337025e-06 1.7142299675510894e-06 0.0 0.0 5.685959105695069e-07 0.0 0.0 5.859078101439639e-08 8.139435983901604e-08 1.067808383549208e-06 0.0 0.0 0.000119992053666456 4.1321947022957104e-05 5.605332526423434e-05
