0.0 0.0020106971807504277 0.0004822282393705158 0.0011854100835282304 5.391930523290459e-06 0.00012240004410277625 0.00033856066653070645 5.0748417103987914e-05 1.1206934896980916e-06 0.0006477303535660339 4.630324570680229e-05 0.00030818963919420993 0.0001022006216466841 1.1596824132127099e-05 1.0298895509933071e-06 1.8170476737112344e-07 1.5582565406209344e-07 0.0 0.0 9.579280039685871e-08 1.4416559069387784e-07 0.0 0.0 0.0 1.7562327160431787e-07 0.0 0.0 0.0 0.0 0.0 0.0007144304304175677 1.6274283875615487e-07 1.232829347457419e-05 7.544448038727436e-08 3.129811485751365e-07 0.0 9.207488395835025e-06 2.743197597311842e-06 5.240285522479356e-06 0.0 1.4205789348713884e-06 6.868742719775882e-07 6.47111320936298e-07 7.276654661458944e-08 0.0 1.4541881765392488e-07 1.724475413420445e-05 4.909434206325183e-06 9.810842191159235e-07 4.194595449341883e-07 3.1249763309233507e-06 3.3778562050309475e-07 0.0 1.002251547808159e-07 5.4745486941090145e-06 2.0526045865047596e-05 0.0002816214408534763 0.0006412554055597638 0.00010192666669112956 2.5249106460174005e-05 7.738560410383897e-08 4.793839382720107e-06 0.0 8.760435939302402e-06 1.2887290203681632e-05 1.2138009441650445e-05 4.559705530685273e-06 2.468163889577644e-06 3.1169131527169647e-06 1.1510041190425637e-06 2.5750722222767775e-05 6.285308663354915e-05 3.433447835163101e-06 0.00023080129896364785 1.082714506138794e-05 3.773540335807682e-05 7.198248029807038e-07 1.1352484283079872e-07 3.3374574620388153e-07 1.1031817612068652e-05 1.887603547325479e-07 9.835177552166408e-06 2.321854373457724e-05 7.153602560137455e-07 1.0828178982158003e-05 1.0524028626817044e-05 2.4678621650560045e-06 2.0969311293193326e-06 5.048584200681909e-06 1.828294876453205e-06 1.987928818264205e-06 2.280817100295047e-06 1.8705559094928607e-06 6.728712615583999e-07 4.825023415111612e-07 4.883700360890602e-05 1.643778263877392e-05 4.818491350380498e-06 4.275416570972574e-06 0.0007583336262188857 0.0 0.0 0.0 0.0 0.0 2.3114520548807975e-06 0.0 8.059153208436607e-07 5.098175978629253e-07 0.0 0.0 1.4737046062076103e-06 1.9970602143675193e-06 2.7990585743677884e-06 1.3254827384921822e-06 0.0 0.0 0.0 0.0 0.0 0.0 0.0 0.0 0.0 0.0 0.0 0.0 0.0 0.0 0.0 0.0 0.0 0.0 0.0 0.0 0.0 0.0 0.0 0.0 0.0 0.0 3.3437781010559962e-06 4.1574254466606463e-07 2.140615973005971e-07 0.0 1.551554609135408e-07 0.0 0.0 0.0 0.0 0.0 0.0 0.0 0.0 0.0 0.0 6.179567510680526e-07 0.0 0.0 0.0 0.0 0.0 0.0 0.0 0.0 0.0 2.4114984043775104e-07 0.0 0.0 9.309467687923133e-08 0.0 0.0 0.0 2.2257414187479946e-07 1.1256069578408964e-07 0.0 1.5933729363416615e-07 0.0 0.0 0.0 3.060987177633342e-07 0.0 0.0 0.0 0.0 0.0 1.8769710910957506e-07 0.0 0.0 0.0 8.543695292358339e-08 1.2137775166603173e-07 0.0 1.6264564814547844e-07 0.0 1.0900377382874394e-07 0.0 1.5877418939048858e-07 6.050419285856063e-07 1.8597280833687019e-06
0.0020106971807504277 0.0 0.001611169599552227 0.0011870100927736044 0.002418406997404242 0.00036535108544416485 0.0018197223988581917 6.374735564900005e-05 0.0018804794434628214 0.0004296420232064042 0.0002345248162004477 0.0001366845432299653 0.001302597328896767 0.0005641981834251988 3.140258018829006e-05 2.1275983979040753e-06 1.694596766564604e-06 4.6899037205358785e-07 0.0 2.2466260678841803e-07 4.315636265848618e-07 0.0 0.0 8.596846067896321e-07 6.66629878275375e-08 4.5382990298340927e-07 2.2179837463041398e-07 1.169544861363269e-07 0.0 0.0 0.0014733554536045983 1.6689765543568623e-05 3.2526127208193726e-05 0.0 0.0 0.0 2.4569141793063552e-05 4.3647964908886755e-06 1.2585847529031369e-06 3.9875013376462866e-07 1.7700343204586247e-06 7.14280515161013e-07 3.228310960820711e-07 5.164541901996555e-07 0.0 1.287917705990371e-07 0.0002921475766895234 2.0705452667101898e-05 6.606259129792968e-06 3.12146023364986e-06 9.541302210156669e-06 2.3508082160954383e-07 0.0 9.599486493781463e-07 1.566513028118916e-05 5.3296616241515966e-05 0.00012129541157252497 0.0004388634653582377 0.0001079339328023642 0.00020512817239464994 6.989332273512642e-07 2.491178186775567e-06 8.091508141963918e-07 0.0003873322340777285 3.623010191088688e-05 4.735754474615669e-05 1.4563274604053717e-05 1.1953293418918528e-05 4.694284478904983e-06 4.167634872229378e-06 9.070798376200345e-06 7.911765873305654e-07 0.0 0.0006268452763575322 0.0001482442249150596 0.000586583875163425 4.782678522359021e-05 2.074020301673383e-06 3.827956908329902e-07 1.671179324910647e-05 1.013432879483655e-06 1.0424470103649017e-05 7.716774359094769e-05 1.8033708155549176e-06 4.470731782530604e-05 3.0308037136170948e-05 1.29237074908118e-05 1.36839423747256e-06 1.3230418520985824e-05 2.2719193895041856e-07 7.2047026484804465e-06 2.4352114159186585e-06 6.121089770384967e-06 2.8668207932056187e-06 2.4408471068534107e-06 9.086239981108959e-06 1.3852550565656082e-07 0.0 0.0 0.00047688841720287383 0.0 0.0 0.0 0.0 1.8691305088745547e-07 8.763495471974271e-06 0.0 5.052496831021588e-06 4.954801384214177e-06 5.993620896398484e-06 0.0 6.130144518307095e-06 1.0351366870488827e-05 8.490557433169216e-06 3.3825592476963234e-06 0.0 0.0 0.0 0.0 0.0 0.0 0.0 0.0 0.0 0.0 4.875587972204519e-07 0.0 0.0 0.0 7.991950960153519e-08 0.0 0.0 1.409602200705708e-07 0.0 0.0 0.0 0.0 0.0 2.902126667254311e-07 6.878373783157951e-07 0.0 1.717520961533092e-07 3.845537481423062e-07 0.0 1.205472084641478e-07 0.0 0.0 0.0 0.0 0.0 0.0 0.0 0.0 0.0 0.0 2.0076201332146454e-07 0.0 1.1006566653066404e-07 8.092005253725127e-08 0.0 8.814113567737899e-08 0.0 2.1372084621012562e-07 0.0 0.0 0.0 1.5699564053076448e-06 0.0 0.0 1.379408818737436e-07 7.873111878117439e-08 8.327726885813182e-08 0.0 2.1425094843085607e-07 2.2063381603475324e-07 1.9449186023006809e-07 1.4983601180586222e-06 2.8334201326484517e-07 4.744327571657728e-07 2.6161951284040413e-07 4.195901307243571e-07 0.0 0.0 0.0 0.0 0.0 0.0 0.0 0.0 7.001021858312035e-08 0.0 1.88270707163983e-07 0.0 5.003819853192807e-07 1.429245862770176e-07 0.0 0.0 3.358316226441867e-06 7.385561337184434e-08 3.952990692090971e-07
0.0004822282393705158 0.001611169599552227 0.0 0.0003403943020514524 0.0005310344364177858 0.00010573693048530521 0.0001153205889302027 0.0011443603564497402 0.0013196744178144513 3.2972375185490746e-06 0.0010377350754871447 4.0692086636167576e-05 0.00042381409132515095 0.0016334764805574714 1.2030896814403308e-05 4.600493383022944e-06 2.4800883218139848e-06 1.3810810407221774e-06 3.3778104716739905e-07 1.0971522470952293e-06 2.6553893206854587e-06 3.5088419163502996e-07 4.3029691088628366e-07 0.0 8.854296826252942e-07 4.690876436082589e-07 0.0 7.110991906858204e-07 3.407328665092899e-07 0.0 0.0027397138177492042 0.00014258969058260912 0.00022916268644027966 0.0 2.4232136599866253e-07 3.1826421046637893e-06 0.00013002777506487795 2.1109642485918316e-05 2.2926611724898767e-06 1.1559374358091898e-06 1.906849033160667e-05 5.194988361145704e-06 1.1517578596915005e-05 1.150933420244982e-06 3.0827183275017793e-07 4.0452548778037434e-07 5.39442635331126e-05 3.91753600250818e-06 8.413284930952705e-06 1.778204625151026e-05 4.134421332217247e-05 2.1675417788910754e-06 4.366288011187153e-07 3.2072185747040604e-07 2.630262171304684e-06 7.881253034299207e-06 2.1908235179380606e-05 0.000124468829270654 1.3702252079758823e-05 2.745180744837725e-05 7.003687974261506e-06 4.5485188804111596e-05 1.4370623583712607e-06 0.00037785198652353486 5.530143440584961e-06 1.521340301988185e-05 1.150566371028831e-05 3.299593200403085e-05 5.256281384453038e-05 5.112601021207448e-05 4.078507081871244e-05 2.3912538834775906e-06 0.0 0.00011370762038362078 4.2635105852944344e-05 0.00010838697075508602 2.3015969662738622e-05 4.946159959455406e-06 4.459510590563132e-05 0.0004227333936334581 5.450914874703169e-07 0.0002562455135627184 1.2495684331424522e-05 1.597852030100795e-07 8.40346112257432e-06 8.126060716508447e-06 1.0892272541637638e-05 2.8215981466007233e-07 9.39064655310145e-06 1.200636837306041e-07 7.634500129138245e-06 1.0887146740051823e-06 6.06408952684082e-05 5.836010866665398e-06 5.221040966343763e-06 2.9190647647353608e-06 7.046307710613297e-07 0.0 2.5430940286962825e-07 4.450757472342536e-05 0.0 7.810665320786507e-07 2.6326451451609935e-07 0.0 2.405613660334757e-07 9.79971320133969e-07 0.0 0.0 0.0 3.724126808678078e-07 0.0 3.3018042630909466e-06 2.594091855865506e-06 3.7999958287536778e-06 1.2920438145524177e-06 0.0 1.1244422893926711e-07 0.0 0.0 0.0 0.0 0.0 0.0 0.0 1.3456558667888507e-07 7.46805003230189e-07 0.0 0.0 0.0 0.0 4.163363266837011e-07 0.0 9.694444958172114e-07 0.0 0.0 0.0 0.0 0.0 0.0 2.6616613528338733e-06 4.360683217731488e-07 2.923357351967474e-06 4.820412151372701e-07 0.0 5.131449684312581e-07 1.1588286859162539e-07 1.4732877793256286e-07 0.0 2.058184690307553e-07 0.0 0.0 0.0 0.0 0.0 0.0 4.0937074326257414e-07 1.4317652446025532e-07 1.2508094577953115e-06 0.0 0.0 2.222487585798769e-07 0.0 0.0 0.0 1.5627201393868128e-07 0.0 1.3169770510306667e-06 0.0 0.0 7.10615654388849e-08 0.0 0.0 0.0 0.0 8.156825435880989e-07 5.56107404311104e-07 2.5780021092651557e-06 3.3756439478409937e-07 1.1851681392860846e-06 9.445653299273664e-07 3.328985262264215e-06 2.930059514721556e-07 0.0 7.403281480851166e-07 0.0 0.0 0.0 0.0 0.0 1.2257824361358745e-07 0.0 0.0 0.0 4.914133155537117e-07 1.7334004387622894e-07 9.227639148898897e-07 2.3573053592745895e-07 5.698136509191799e-07 5.691971872379097e-07 2.727409881663967e-06
0.0011854100835282304 0.0011870100927736044 0.0003403943020514524 0.0 8.012086131498424e-06 0.00020456445091832315 0.00043844203172225426 1.871048129924111e-06 3.3744551118286624e-06 0.0016495494993701845 1.9123448829376382e-06 0.0015130420590564813 0.0005605352561564523 7.348785219544419e-06 7.258605885174077e-07 1.274990603147599e-07 2.8757573686773234e-07 8.809191594693948e-08 0.0 0.0 0.0 0.0 0.0 0.0 0.0 0.0 0.0 0.0 0.0 0.0 0.00011188461114423414 0.0 2.705857831947043e-07 0.0 0.0 0.0 6.116455593713867e-07 0.0 0.0 0.0 0.0 7.518777229006833e-08 8.191331051345213e-08 0.0 0.0 8.39811983072969e-08 1.6826730073197607e-05 2.515417837290819e-06 2.7467690660593616e-07 0.0 4.830557671657684e-07 0.0 0.0 0.0 2.0851438855904358e-06 7.1652061939779965e-06 2.88814857775655e-05 4.9225783044068894e-05 1.9450492169994194e-05 1.8279479510704583e-05 0.0 3.839147531219637e-07 0.0 6.353921707646995e-06 3.7413089580846044e-06 5.192111027624e-06 1.127834744714388e-06 6.341523897585006e-07 3.447846858294227e-07 0.0 7.654262154449694e-07 4.891160440425571e-07 2.821598724772114e-07 7.751603929192409e-05 6.719073689071024e-06 3.2456746450584736e-05 0.0 1.5276317849785056e-07 0.0 3.555924609697725e-07 7.437334272482658e-08 2.8246130791315587e-07 8.334967915866269e-06 2.84439793064949e-07 4.6296392167214845e-06 3.0364965255725045e-06 2.091448515041824e-06 0.0 1.2963065334505189e-06 1.199026976887436e-07 2.477815298810932e-07 0.0 0.0 2.668119428972195e-07 1.3520452388208872e-07 2.126195258040631e-05 1.1105156207238328e-06 0.0 1.306274878894719e-07 0.00014230867835721437 0.0 0.0 1.1159225870566594e-06 1.100445817764097e-06 0.0 5.296636337900426e-06 1.2149476199196097e-07 1.7619969460413792e-06 3.247034023707572e-06 2.6567225492207544e-06 0.0 3.826942703204238e-06 5.124089498917708e-06 3.33512884207489e-06 3.930239936976086e-07 0.0 0.0 0.0 0.0 0.0 0.0 0.0 0.0 0.0 0.0 0.0 0.0 0.0 0.0 0.0 0.0 0.0 0.0 0.0 9.789912502471762e-07 0.0 0.0 0.0 0.0 0.0 0.0 1.022233844855811e-07 0.0 0.0 0.0 0.0 0.0 0.0 0.0 0.0 0.0 0.0 0.0 0.0 0.0 0.0 0.0 0.0 0.0 0.0 0.0 0.0 0.0 0.0 0.0 0.0 0.0 0.0 0.0 1.0178758201857648e-07 0.0 0.0 0.0 0.0 0.0 0.0 2.4697728769574504e-07 0.0 0.0 0.0 0.0 0.0 0.0 0.0 0.0 0.0 0.0 0.0 0.0 0.0 0.0 0.0 0.0 0.0 0.0 0.0 0.0 1.0013285203107147e-06 0.0 5.1463849498446e-07
5.391930523290459e-06 0.002418406997404242 0.0005310344364177858 8.012086131498424e-06 0.0 3.3616867285959017e-06 0.001577656089878478 1.4889261417400115e-06 0.002317523590801278 9.990169187060213e-05 0.0001797673006117281 9.361926472094814e-05 0.0007279462263695071 0.001626610887634485 1.3793663798010592e-05 3.44060398965612e-07 1.1379120639021951e-07 1.7711198198984023e-07 0.0 1.7229634622795547e-07 0.0 0.0 0.0 0.0 0.0 7.614551319777508e-08 0.0 0.0 7.09673755377231e-08 0.0 8.832029438030816e-05 5.667732158264992e-06 3.629832403037526e-06 0.0 9.646382033049908e-08 0.0 1.797444998216611e-06 2.0645716918368898e-07 0.0 0.0 0.0 1.4558764948154905e-07 9.814363370559245e-08 0.0 0.0 7.563977511942358e-08 6.601022345317961e-05 1.2525891155877618e-06 5.582674237159619e-07 0.0 3.8703572806745725e-07 0.0 0.0 1.1645575549522351e-07 2.657082657489367e-07 2.3551934552928163e-06 4.239575038476092e-06 1.2031047295071004e-05 4.740214298500541e-06 1.813371127517105e-05 2.589554898713651e-07 1.3552098021074804e-07 0.0 6.291523633456154e-05 2.029919110987017e-06 2.481672875670845e-06 2.6607765366836005e-07 5.8381538936131e-07 1.6248563343155334e-07 0.0 1.6499237065562856e-06 0.0 0.0 2.9454252311661933e-05 2.3138250593278276e-05 8.743096488540284e-05 1.9588929730000608e-05 5.936880763490174e-07 3.845191850566058e-07 9.872128763230202e-07 1.1354113570057182e-07 2.8434177566918467e-07 3.7773853611448886e-06 0.0 3.060694582437952e-06 1.5781414504796362e-06 5.678805580032239e-07 1.4112821354967938e-07 7.976669774678801e-07 0.0 3.2600444179208025e-07 0.0 0.0 0.0 9.44851732907168e-08 7.474133401343999e-06 0.0 0.0 0.0 1.395325296044743e-05 0.0 0.0 4.7034927139860415e-07 0.0 8.859143290113352e-07 3.0049762807359407e-06 3.737627341905555e-07 1.2626096641267745e-06 2.7847821582616473e-07 9.555360048568773e-07 3.4462130037629325e-07 8.078309252314084e-06 8.808546060555188e-06 7.314966830157903e-06 2.930017516351779e-06 0.0 0.0 0.0 0.0 0.0 0.0 0.0 0.0 0.0 0.0 0.0 0.0 0.0 0.0 0.0 0.0 0.0 0.0 0.0 0.0 0.0 0.0 0.0 0.0 7.742114892455976e-07 0.0 8.987114936158948e-07 0.0 0.0 0.0 0.0 0.0 0.0 0.0 0.0 0.0 0.0 0.0 0.0 0.0 0.0 0.0 0.0 0.0 0.0 0.0 0.0 0.0 9.267256666708721e-07 0.0 0.0 2.5112501986778206e-07 0.0 0.0 0.0 0.0 0.0 0.0 0.0 0.0 1.9208677131808706e-07 2.5732678800349972e-06 2.909852424637432e-07 0.0 0.0 0.0 3.1865482537021856e-07 0.0 0.0 0.0 0.0 0.0 0.0 0.0 0.0 0.0 0.0 0.0 8.070091979868807e-08 0.0 0.0 0.0 4.200399162664313e-06 4.7238904849946213e-07 0.0
0.00012240004410277625 0.00036535108544416485 0.00010573693048530521 0.00020456445091832315 3.3616867285959017e-06 0.0 0.00017248286027120313 8.74001234715954e-07 1.7972756229078802e-06 0.0006113184117286501 1.6587548351298631e-06 0.0004897285547082161 0.00028836746433676336 1.304927953479192e-05 6.706223656474553e-07 2.9038413501459417e-07 0.0 0.0 0.0 0.0 0.0 1.608468829449279e-06 0.0 0.0 0.0 0.0 0.0 0.0 0.0 0.0 6.714860947307885e-05 0.0 5.682777559665112e-06 0.0 0.0 0.0 3.127132658125712e-05 5.268159107379115e-06 1.253371461266224e-05 0.0 0.0 0.0 0.0 0.0 0.0 0.0 2.0223055708890004e-07 1.1087800889718743e-07 0.0 0.0 1.240683994275851e-07 7.511880725503395e-06 8.134249924514446e-07 0.0 1.1269663544133077e-07 9.694015839366383e-08 7.473563990406797e-05 5.449244075020048e-07 2.262351531818483e-06 1.02706955472836e-07 1.1638006129683117e-07 3.544500428693244e-06 1.6759108338444143e-07 3.803068017597274e-07 0.0 1.1391069128969832e-07 3.208523623165802e-07 0.0 0.0 0.0 0.00029123254625638636 0.00036929262469447027 3.156580272428517e-05 2.905589196948508e-06 3.6593590088501614e-07 5.441509587248935e-07 1.73417449461936e-07 2.171585607882597e-07 0.0 3.8646491679914957e-07 0.0 4.1501935632789515e-07 2.172511607180987e-07 4.2927974321041645e-06 1.908863198425287e-07 2.0512086824562622e-06 1.8790089717944492e-07 1.49784756276141e-05 3.0213440005772256e-06 2.188569323664497e-05 1.8443808938480893e-06 1.3670755210391556e-05 0.0 1.3150792728232181e-07 0.0 0.00015765809024145282 0.00022940436947615508 3.8844907311847394e-05 4.149942152388022e-05 0.00048237124602822166 0.0 0.0 0.0 0.0 0.0 2.3892029071969068e-06 1.0838975581245384e-07 9.406556193532071e-07 2.449999797009022e-06 1.0786534279820199e-07 0.0 6.024809531034254e-07 2.8914792132587233e-06 2.5919921397366356e-06 2.1312785050557969e-07 0.0 0.0 0.0 0.0 0.0 0.0 0.0 0.0 0.0 0.0 0.0 0.0 1.4883625576140802e-07 0.0 0.0 0.0 1.1807586111086084e-07 1.6690541836948978e-07 0.0 0.0 0.0 0.0 0.0 1.9236097488155764e-07 1.3430972155556581e-06 0.0 8.177426376316052e-07 4.80974766444796e-07 1.5944277522257669e-07 0.0 0.0 0.0 0.0 0.0 0.0 0.0 0.0 0.0 0.0 1.2828832207939046e-07 9.00262345862426e-08 3.5949441248387643e-07 0.0 0.0 0.0 0.0 0.0 0.0 0.0 0.0 0.0 4.2929726411622217e-07 0.0 0.0 0.0 0.0 0.0 0.0 3.7360130873843855e-07 0.0 0.0 2.6846916711610155e-07 8.960815654137306e-07 0.0 0.0 8.477688355607152e-08 0.0 0.0 0.0 0.0 0.0 0.0 0.0 0.0 0.0 0.0 0.0 0.0 0.0 2.1407260568386474e-07 2.568894811345382e-07 0.0 1.5535025032389515e-06 1.0841733632227597e-06 7.6875149303287e-07
0.00033856066653070645 0.0018197223988581917 0.0001153205889302027 0.00043844203172225426 0.001577656089878478 0.00017248286027120313 0.0 8.498343875421444e-07 0.0012368069946731611 0.0009542031730049726 3.5494877697945616e-05 0.000606269567605238 0.003989374983465576 0.00120287515147795 1.7397188130821342e-05 1.5908483451850602e-06 8.519232803025913e-07 0.0 0.0 0.0 0.0 0.0 0.0 0.0 7.483966685951471e-08 7.586912992816382e-08 0.0 2.531044705657966e-07 0.0 0.0 0.00011327776501644336 3.6709614574393534e-06 7.55843134506565e-07 0.0 0.0 0.0 2.408734716224245e-06 1.797187313009756e-07 0.0 0.0 0.0 7.64501054495095e-08 6.373766608045502e-08 1.7280584242034262e-07 8.789780068442607e-08 0.0 0.0001250440212452953 3.7439324917111948e-06 1.696971241301479e-06 1.5128621077326118e-07 3.3219517147961814e-07 0.0 0.0 0.0 2.801549920669459e-06 9.09022821313961e-06 2.2554880372760486e-05 5.98451463398367e-05 2.192467565052791e-05 5.503389441797454e-05 7.63574997379566e-08 2.143043599038739e-07 6.908490152697061e-08 0.00011351672103179505 7.5803468506635355e-06 8.933366695651577e-06 2.4429937415905876e-06 1.4307333705592065e-06 1.9856471342537285e-07 8.517017308076171e-08 2.5868815209315207e-06 0.0 0.0 0.0001209643148110523 5.652481414092134e-05 0.0001933406980274041 3.094077176295521e-05 1.3672679249143546e-06 0.0 2.9734382108754216e-07 1.0997515958125717e-07 3.049230987489808e-07 1.501843045639462e-05 2.7623613655590947e-07 1.0156887776283055e-05 6.04369226751392e-06 3.7133870785286297e-06 1.3056843346368668e-07 2.940617589201948e-06 2.735266172801832e-07 1.2514312811253677e-06 1.0977411782549033e-07 3.766008850371521e-07 4.5378618744460355e-07 5.664378353700704e-07 6.0501401134876654e-05 0.0 0.0 7.50537984155535e-08 0.00015077166039159656 8.76222546069877e-07 1.297660414267869e-06 5.735757236943619e-05 8.284323455487247e-06 9.272240388457138e-07 4.985718063795011e-05 2.3089034753932203e-06 2.071964868847624e-05 1.5016422259015094e-05 1.6294848686120384e-05 7.812968408701846e-07 8.005652531089562e-05 4.447451199248228e-05 5.052327359736406e-05 1.295756712116358e-05 0.0 0.0 0.0 0.0 0.0 0.0 0.0 9.538233340016844e-08 0.0 0.0 0.0 0.0 0.0 0.0 0.0 0.0 0.0 0.0 0.0 1.9814571377530744e-06 0.0 0.0 0.0 0.0 4.975716375784914e-06 0.0 2.03249256918951e-06 0.0 0.0 0.0 0.0 0.0 0.0 0.0 0.0 0.0 2.2827777951131667e-07 4.3061256933842467e-07 0.0 0.0 1.0908825623226594e-07 0.0 0.0 1.8350141762072893e-07 9.451778793883251e-08 9.268892197937048e-08 3.2555168733991785e-07 1.0023860246917835e-06 1.8925857658282803e-07 0.0 0.0 2.5214388852387884e-06 4.3966814404564016e-07 0.0 8.532220902950345e-08 9.177101708044189e-08 0.0 0.0 0.0 1.0133642331945083e-07 0.0 9.943890043248812e-06 4.4835773626292005e-07 9.623781891582149e-08 1.2646623807033426e-07 2.434312469259611e-07 2.150954232505559e-06 0.0 7.932889480677367e-07 4.589614111208494e-07 9.068398895550848e-07 1.0647194974805215e-07 0.0 0.0 8.382790194492485e-08 0.0 0.0 0.0 1.8863503030202905e-07 0.0 0.0 0.0 2.6089855121370937e-05 6.477618793844427e-07 6.650234175045442e-07
5.0748417103987914e-05 6.374735564900005e-05 0.0011443603564497402 1.871048129924111e-06 1.4889261417400115e-06 8.74001234715954e-07 8.498343875421444e-07 0.0 1.4549498259946312e-05 0.0 0.0010807749067248454 1.0804476996345266e-05 7.693504183475586e-05 0.00041323377526206065 9.53777712809977e-06 2.5869410321127036e-06 1.0677355834632794e-05 8.792170217405871e-06 1.5721549482722254e-06 8.883083043128554e-06 1.1149632989623127e-05 1.7252448109506255e-07 2.5270672333968866e-07 6.247508488548749e-07 7.184659614528265e-07 1.9753042840733025e-06 0.0 2.2350810837494513e-07 6.237991151479113e-08 6.963913662152401e-08 0.0017923940599043888 0.001105761705850585 0.00016622148577572786 9.235800442790183e-07 3.981614223100834e-07 3.02595614313665e-06 5.830389392965128e-05 2.1050377634655704e-05 9.272664534988919e-07 1.1574269267260895e-06 2.8947530174041055e-05 9.58331945144797e-06 7.506766562507659e-05 1.7062298004203318e-06 7.800165728342226e-07 3.8062752557141716e-06 3.0221633405520838e-05 8.749839081085167e-06 1.8031335195621345e-05 6.140322829004297e-05 4.1840614458709756e-05 2.9467815033004125e-07 0.0 6.042241051543046e-07 6.361982318772408e-07 5.222620808103793e-06 6.126460624132768e-06 4.0717284432310505e-05 3.0749504040791775e-06 1.0325946964024672e-05 5.9837959640549144e-05 0.00017644191683687001 2.882160333518741e-06 0.000543381123709767 4.329159949058555e-06 2.2180327110609962e-05 1.4790279678010857e-05 4.876691371252363e-05 0.00014149729674387159 0.00021524337888769138 1.7013109032481744e-05 1.8253540481494402e-06 2.9275113977710913e-07 3.273854235839016e-05 2.758858885378184e-05 5.8477180926302466e-05 3.324673801783414e-05 9.924142183136425e-06 0.0003514598182442321 0.0016605521475418163 8.051398139498518e-05 0.0024836539698730713 2.6880736673622845e-06 6.41814530943569e-08 9.671388072869598e-06 5.878095991059614e-06 3.389434961891086e-05 9.180656305750541e-08 3.9466114900936865e-06 0.0 7.030099502476828e-06 7.239824854823645e-07 0.00010399447667466871 3.4163582683412715e-06 1.0040399463956856e-05 1.1564134558780899e-06 2.894441381868497e-07 0.0 0.0 1.065180612869156e-05 0.0 0.0 0.0 0.0 0.0 4.833440665477297e-07 0.0 0.0 0.0 0.0 0.0 0.0 4.350003351447771e-07 8.065046335964512e-07 1.0704783967385045e-06 0.0 0.0 0.0 0.0 0.0 0.0 0.0 0.0 0.0 0.0 2.04699221726937e-07 0.0 0.0 0.0 0.0 2.6895795320929515e-07 0.0 3.14346465622583e-07 0.0 0.0 0.0 0.0 0.0 0.0 7.164318504315915e-07 6.415650962424504e-07 1.4321415879237995e-06 4.4260127688820296e-07 6.979451440090047e-07 7.990911061091272e-07 9.274259941122767e-08 1.533987680887054e-07 0.0 0.0 0.0 0.0 0.0 0.0 0.0 1.039847489352485e-07 9.929577896150765e-07 2.6703775351533843e-07 7.406003916475747e-07 0.0 0.0 0.0 0.0 8.547453406394011e-08 0.0 0.0 0.0 6.295031575044016e-07 0.0 0.0 0.0 0.0 2.3024301875656254e-07 9.157506323290791e-08 1.8765747546078346e-07 2.1243776826120754e-07 5.053086242063515e-07 3.2783753996611786e-07 2.270957081042497e-07 6.295098874193824e-07 6.665934881680819e-07 8.468557179208971e-07 1.8314692339631465e-07 0.0 0.0 0.0 0.0 0.0 0.0 0.0 0.0 0.0 7.061837394151481e-08 0.0 1.3177865025402392e-07 4.538536831726842e-07 2.437972236341828e-07 2.7237526990078634e-07 0.0 5.570651510005247e-07 1.0102435415529958e-06
1.1206934896980916e-06 0.0018804794434628214 0.0013196744178144513 3.3744551118286624e-06 0.002317523590801278 1.7972756229078802e-06 0.0012368069946731611 1.4549498259946312e-05 0.0 1.1212543379170051e-05 0.0005120979811843532 1.6304012373095836e-05 0.0006292555322369021 0.002477010825478443 6.311558552194704e-06 1.1113221177776018e-06 0.0 0.0 7.233797128996119e-08 0.0 0.0 0.0 0.0 0.0 0.0 0.0 0.0 0.0 0.0 0.0 1.8015499300951536e-05 1.1125339650112588e-06 3.950719386256946e-06 0.0 0.0 0.0 4.16207889378418e-06 1.271512670967569e-07 1.9274984139511356e-07 0.0 0.0 0.0 0.0 0.0 0.0 0.0 2.1431153686097345e-05 9.334933246800248e-08 0.0 0.0 2.732843981580132e-07 0.0 0.0 0.0 0.0 6.445629842807048e-07 1.1440185771450503e-06 1.8889716627224536e-06 2.624386839892162e-06 6.207190423592392e-06 0.0 0.0 0.0 1.902391359495195e-05 7.700734761346282e-07 5.089515318108334e-07 2.4378339377453154e-07 1.222380360042226e-07 0.0 0.0 5.016095299061794e-07 0.0 0.0 9.852854413922876e-06 6.698451044081978e-06 2.7662714739151707e-05 9.192287142554989e-06 1.1477888501250582e-07 0.0 5.920379011957236e-06 0.0 0.0 9.869438473934908e-07 0.0 7.634083915117937e-07 4.426355335430666e-07 2.7363924506697545e-07 0.0 7.328632847600655e-08 0.0 0.0 0.0 1.0760409027386974e-07 9.020498205320706e-08 8.997444199311706e-08 1.784678716058682e-05 0.0 0.0 0.0 1.0009368924505994e-05 9.412163646576129e-08 0.0 1.3915898954721296e-06 0.0 0.0 6.463428444331417e-06 5.030744196304294e-07 1.5089197304749113e-06 0.0 1.1479537792957994e-06 1.1351562677884047e-07 9.981400415427405e-06 8.140535214132833e-06 8.605475484035318e-06 4.438809309061488e-06 0.0 0.0 0.0 0.0 0.0 0.0 0.0 0.0 0.0 0.0 0.0 0.0 0.0 0.0 0.0 0.0 9.622454988241858e-08 0.0 0.0 0.0 0.0 0.0 0.0 0.0 1.9002920272721278e-06 0.0 6.089740086108485e-07 0.0 0.0 0.0 0.0 0.0 0.0 0.0 0.0 0.0 0.0 0.0 0.0 0.0 0.0 0.0 0.0 0.0 0.0 0.0 0.0 0.0 0.0 0.0 0.0 8.188953841857664e-07 0.0 0.0 8.386654113892544e-08 0.0 0.0 0.0 0.0 0.0 0.0 3.3549765697314944e-06 0.0 0.0 1.2450786750120293e-07 0.0 5.323160968003079e-07 0.0 0.0 0.0 0.0 0.0 0.0 0.0 0.0 0.0 0.0 0.0 0.0 0.0 0.0 0.0 4.426227825512293e-06 1.0441465405407403e-06 2.293347346295652e-07
0.0006477303535660339 0.0004296420232064042 3.2972375185490746e-06 0.0016495494993701845 9.990169187060213e-05 0.0006113184117286501 0.0009542031730049726 0.0 1.1212543379170051e-05 0.0 3.3589831182317816e-06 0.002676568407001703 0.0019375094914992968 0.00011651734400573951 3.0436825946532474e-06 2.5403869724306775e-07 1.6978291377918286e-07 7.663882059123934e-08 0.0 0.0 0.0 0.0 0.0 0.0 0.0 0.0 0.0 0.0 0.0 0.0 5.570825903841644e-05 0.0 1.1740473398424471e-05 0.0 0.0 0.0 1.9097198298766344e-05 1.9895870831915892e-07 1.8262508902646273e-07 0.0 0.0 0.0 0.0 1.3156940424623146e-07 0.0 0.0 1.6437509071198975e-05 1.553168591916024e-06 4.0651413140349156e-07 0.0 7.464533651724418e-07 3.6795159136576244e-07 1.1621975518452542e-06 0.0 1.828323010273047e-06 4.102584340809987e-06 2.4218149182729454e-05 2.8493083466255256e-05 1.187214721464204e-05 1.3202800695982197e-05 7.744791363455044e-08 0.0 0.0 8.384300725066266e-06 2.8008346128073365e-06 3.783033401820532e-06 9.925495427965241e-07 7.129462112269318e-07 0.0 0.0 6.529264918233488e-05 6.534133208642042e-06 1.396240914275824e-06 5.460400116322597e-05 5.277664013763863e-06 3.237055977703789e-05 2.83720476740579e-06 0.0 0.0 1.3152792044899156e-07 0.0 2.459328095160949e-07 6.970476763123735e-06 4.2580888437917335e-07 2.340825994537876e-06 1.7541640245911013e-06 1.3014419558082704e-06 4.50482284852995e-07 7.42258471560114e-07 5.901346465488679e-07 1.9229322475806524e-07 1.9712613049937247e-07 0.0 4.880335395305799e-07 3.4192408458774835e-07 0.000310173110501853 1.9560946864926403e-05 2.2695495574835725e-06 3.4186904614043884e-06 0.00022409395737231857 9.199023943557051e-07 2.9969159471327944e-06 2.1805214860796044e-05 4.42944741221374e-05 2.7970158312476987e-06 5.913618461408981e-05 7.664968674434495e-06 1.4235351460031581e-05 4.207823022074378e-05 6.52451708463052e-05 7.593416900600797e-07 9.369166688660755e-05 0.00017235588399345934 9.631076769049481e-05 1.3765394252434323e-05 0.0 0.0 0.0 0.0 0.0 0.0 0.0 0.0 0.0 0.0 0.0 0.0 0.0 0.0 0.0 0.0 0.0 0.0 0.0 6.263944340106643e-07 0.0 0.0 0.0 0.0 3.0987766100150805e-06 0.0 5.129909499328197e-06 0.0 0.0 0.0 0.0 0.0 0.0 0.0 0.0 0.0 0.0 6.422955464132797e-07 0.0 0.0 0.0 0.0 0.0 3.798136735993941e-07 8.314444554468325e-08 1.1413055830592692e-07 3.303073782920766e-07 2.7498288646900683e-07 0.0 0.0 0.0 4.261288635061126e-06 0.0 0.0 3.616684525449443e-07 0.0 0.0 0.0 0.0 0.0 0.0 1.431964470321983e-05 4.4573185526048615e-07 3.6033923651909593e-07 0.0 8.645569669465999e-08 3.721134135745763e-06 0.0 4.478660708762037e-07 3.874948134963412e-07 0.0 0.0 0.0 0.0 0.0 7.49957962616983e-08 0.0 0.0 0.0 0.0 0.0 0.0 3.018565423932494e-05 1.2710250469988693e-06 1.0567010061408769e-06
4.630324570680229e-05 0.0002345248162004477 0.0010377350754871447 1.9123448829376382e-06 0.0001797673006117281 1.6587548351298631e-06 3.5494877697945616e-05 0.0010807749067248454 0.0005120979811843532 3.3589831182317816e-06 0.0 6.644597726706169e-05 0.0007330506839201127 0.004097586463090129 1.9708505864924797e-05 5.92330795305722e-06 9.730337433349786e-07 4.761814770071387e-07 0.0 4.655669151819337e-07 1.2885189926726512e-06 0.0 0.0 2.0846802615161395e-07 7.892732818046274e-07 2.1449735813926163e-06 0.0 4.5300623423935367e-07 0.0 1.0716426373399005e-07 0.0007924512652470616 0.0001353938341240669 0.0009015550335170748 1.3880404550545713e-07 2.796651091826252e-07 3.438590715931784e-06 0.00028381754606824293 5.166672757858325e-05 2.9515769840076387e-06 8.914779566640241e-08 1.0293329170656562e-05 3.5469699894969356e-06 3.4503617361714743e-06 5.634791878240623e-07 7.789356236032846e-08 8.367037163346299e-07 4.672814243330615e-05 1.2681188627247995e-06 2.8566444101318316e-06 7.659680111820647e-06 1.575962166982232e-05 0.0 0.0 8.27097207891499e-07 4.1437875399108806e-07 2.7054122930738282e-06 4.1967304859609745e-06 2.3554930550345972e-05 3.876236439581697e-06 1.1894331621971745e-05 2.234486561672435e-06 6.646506467621345e-05 2.4389170262103973e-06 0.0001202624848640926 1.4571314389445664e-06 3.970581539289733e-06 3.5253430550215646e-06 1.0541212262124037e-05 1.5817158355236487e-05 1.6945538176810612e-05 5.322884042986875e-05 1.7104749486898869e-06 0.0 2.792516008309716e-05 2.6590153670776917e-05 9.193886205044717e-05 3.810784494173242e-05 1.886417706240949e-06 5.856685593333265e-06 0.00039711833487545843 5.053695634708685e-07 9.654610668297518e-05 3.0099484679651245e-06 1.213447033893734e-07 2.02636658891595e-06 5.056218254300845e-06 4.329189852082851e-06 0.0 3.745778431071806e-06 0.0 5.821699505880439e-06 9.084929335948166e-07 2.24259088197677e-05 3.9301464986977304e-06 1.4222250928898637e-06 4.438860772096922e-06 1.2905136955319367e-07 0.0 0.0 7.771517786936273e-06 0.0 0.0 0.0 0.0 0.0 2.1334399409805604e-07 0.0 0.0 0.0 1.8872455436007266e-07 1.0984752246517786e-07 3.1011830981018256e-06 2.2871722966162137e-06 3.2607561642471617e-06 2.3113471283369214e-06 9.594115339384536e-08 0.0 0.0 0.0 1.6786995279103022e-07 0.0 1.1100830560166122e-07 3.342984202356817e-07 0.0 1.2832396056387642e-07 3.1648731286414496e-07 0.0 0.0 0.0 0.0 9.214860925189081e-08 0.0 2.0618966662662968e-07 0.0 0.0 0.0 0.0 0.0 0.0 2.345875992072739e-06 1.135023114917264e-06 2.6197296230911654e-06 6.212953381613534e-07 9.932303396083715e-08 0.0 0.0 0.0 0.0 0.0 0.0 2.1659273913904863e-07 0.0 0.0 0.0 5.78493362187403e-07 9.010370377080261e-07 3.88310937103756e-07 8.28953681534838e-07 0.0 0.0 0.0 0.0 0.0 0.0 0.0 0.0 1.4477407734447888e-06 0.0 0.0 0.0 0.0 3.5780282175756663e-07 0.0 0.0 1.385126355614171e-07 1.5197246552303085e-07 2.9103407713203696e-06 8.452753326797593e-07 0.0 4.3342597444952477e-07 9.529812158085707e-07 7.469970081671284e-07 0.0 2.052495483828933e-07 0.0 0.0 0.0 0.0 0.0 2.568647122721861e-07 0.0 1.1156884276436677e-07 0.0 2.3674380441547127e-07 1.2948247726851056e-07 4.7518295767128793e-07 5.089726466299999e-07 1.5051041808933448e-06 6.883426076033234e-07 1.8663198327324156e-06
0.00030818963919420993 0.0001366845432299653 4.0692086636167576e-05 0.0015130420590564813 9.361926472094814e-05 0.0004897285547082161 0.000606269567605238 1.0804476996345266e-05 1.6304012373095836e-05 0.002676568407001703 6.644597726706169e-05 0.0 0.0019434118877679238 0.00014688623244921386 2.723300262549966e-05 7.459152402455022e-06 1.3029220167497964e-06 1.6451554692849617e-07 1.048473112687164e-07 1.561512917524276e-07 0.0 1.5528744125310254e-06 0.0 0.0 0.0 0.0 0.0 0.0 7.7007138893591e-08 0.0 1.1481916268640887e-05 0.0 5.840902160200877e-05 0.0 9.09527195486003e-08 0.0 0.00011969603168405383 4.65053407636442e-06 1.5567451370083503e-06 0.0 4.4312708907721886e-07 4.051160204747984e-07 0.0 6.197949544954648e-07 0.0 5.067361987490844e-07 4.307935538083146e-05 1.6510575237791345e-06 3.2529346905904087e-06 2.5347257089753416e-06 2.085075753873826e-06 3.5209873314736517e-06 0.0 7.585208543558356e-08 4.609396071869474e-07 2.3583541448310954e-06 1.1262183434428471e-05 9.172752818482103e-06 5.50233102043656e-06 7.889027450586514e-06 2.8715483387745073e-07 5.088776935426033e-07 1.1205340820641268e-07 1.3792477702530655e-05 1.0112457669674568e-06 2.1294147291078005e-06 2.474974557756507e-06 8.05668973577765e-07 7.301274008689505e-07 2.9243381619136455e-07 0.00012041773597189918 5.273777765384715e-06 1.1335945112294567e-07 2.2033724643141073e-05 8.903885586145627e-06 4.9892116621070266e-05 2.150838783820555e-05 6.965280083507202e-06 0.0 2.2569178424040047e-06 0.0 1.6145408432052877e-06 1.9009848442671753e-06 1.7443705470838384e-07 9.662230404658318e-07 2.0720923891730826e-06 7.127790387511972e-07 9.522778818759377e-08 4.587802122071909e-07 9.65285558683635e-07 2.637703318039313e-06 1.1279737139897138e-06 2.1115389474845663e-06 2.3616676624129213e-06 2.12583670967843e-06 0.0011994651451623884 4.463127083251314e-05 3.810753187348811e-07 2.3502790620757873e-06 7.782259257959775e-05 7.716445759432404e-07 1.1947917442572216e-06 1.9462219318588807e-05 1.487069558244108e-06 9.476321458242343e-06 0.00011136343795383876 2.376314530273844e-06 4.7167635027172615e-05 2.7879566765032355e-05 4.109749778422846e-05 4.362916115640068e-06 0.00022601038702456386 0.0002122528495547131 0.0002549657493048335 8.162399084400213e-05 3.3231878452282234e-07 0.0 8.630324446251744e-08 1.3265603690193407e-07 0.0 0.0 0.0 0.0 0.0 0.0 7.639807580611407e-08 0.0 0.0 0.0 0.0 0.0 0.0 0.0 0.0 4.706841135774688e-06 0.0 0.0 4.987666727444673e-07 0.0 4.3418574542606026e-05 3.557300287576482e-06 2.7269454903562362e-05 2.3358878558218558e-06 0.0 0.0 2.1893590589514958e-07 0.0 0.0 0.0 0.0 0.0 2.3655736726901843e-07 3.52427955500318e-07 0.0 2.890208704755826e-07 5.788057770980455e-07 6.067443022083414e-07 4.903660043342501e-07 2.4179769304378997e-07 0.0 0.0 7.478560667819723e-07 1.5443315139588426e-07 0.0 2.422811715236224e-07 9.374109215119449e-07 2.7102148020324732e-05 4.577052470501406e-07 0.0 2.906536149178076e-07 0.0 0.0 0.0 1.2253104170129936e-07 0.0 1.658690461527289e-07 9.622582137381286e-05 3.202604767011033e-06 2.3309090600936835e-07 7.89930015123218e-07 3.0120553187289485e-07 1.628828238786126e-05 0.0 8.54750477692202e-06 4.947010293463973e-07 0.0 3.848728814045018e-07 0.0 0.0 0.0 0.0 1.8839851194976544e-07 7.635056746298925e-08 2.2016135750161604e-07 5.033236924435587e-07 1.7537190581075634e-07 0.0 0.00011283393372039475 1.526315802717605e-05 2.026347754982917e-05
0.0001022006216466841 0.001302597328896767 0.00042381409132515095 0.0005605352561564523 0.0007279462263695071 0.00028836746433676336 0.003989374983465576 7.693504183475586e-05 0.0006292555322369021 0.0019375094914992968 0.0007330506839201127 0.0019434118877679238 0.0 0.0016253966206090167 0.00013524344088166053 4.922100491428508e-05 7.133751137965668e-06 1.6863016028696525e-06 0.0 5.014031111564845e-07 1.2184715398520078e-06 5.886323687935054e-06 0.0 2.5937224737277965e-07 1.7414984228863592e-07 0.0 6.980263770893142e-08 1.4219961138925268e-07 1.2822239550846247e-06 0.0 8.211115368632781e-05 4.677228422896924e-06 0.0005621786888195375 0.0 8.268324979022536e-08 1.1732475865797713e-07 0.00039997514692638485 8.666710400539778e-05 1.649501331541645e-05 1.7392818872281193e-07 4.188986354291075e-06 1.841904215754585e-06 3.5140581786318154e-07 5.489390798884946e-06 2.49949782446546e-07 4.795326283429178e-06 0.0002327867002189546 3.2516973749070174e-06 1.0464417150242624e-05 6.63397739473049e-06 8.35295503017238e-06 5.648324060569994e-06 8.344818967680555e-06 2.831539896160979e-06 1.0900210349159797e-06 6.01253567513659e-06 1.4784790085204673e-05 2.2940128325509175e-05 1.5209176089792797e-05 4.063613645882956e-05 6.749357294684722e-06 1.2960816594700518e-05 1.307175103312538e-06 0.0001165873117287255 3.9998062066573154e-06 6.374528909678211e-06 3.651167164382622e-06 4.510074176906275e-06 3.3860290218780386e-06 1.0835957526589047e-06 0.00010451726099167806 2.301221257206631e-05 7.050758358340036e-07 7.079866605694679e-05 5.9620361698412976e-05 0.00030665657717150014 0.00012592645301675546 2.636125186510254e-05 4.447370766935294e-07 4.743330356676534e-05 3.1358835284159426e-06 4.328777673698846e-06 7.338580922355918e-06 1.958971751742819e-07 5.111652708540599e-06 5.684931005261264e-06 3.0062997555198855e-06 8.533261322366831e-07 3.7507389912743345e-06 6.573826166254846e-07 9.001995477768896e-06 5.203623749795162e-06 5.167133376019564e-06 4.117766791956417e-06 9.341498585294865e-06 0.0017091828977060096 0.00010472063028044664 2.8888151960713975e-07 1.3195716916983784e-05 9.129167096498583e-05 1.7300557403973952e-06 2.2874267035912873e-06 5.323816162807601e-05 1.9717945779063584e-05 1.6140526670829105e-05 0.00018822432067571498 1.0418986460226436e-05 7.8356985595229e-05 7.623179720069373e-05 7.962873305003469e-05 6.5033600479672005e-06 0.00041690111821072816 0.00043660898450824295 0.0004926374814862397 0.00020128995061411504 8.817080801129052e-07 3.3789782622477213e-07 9.958220506816503e-08 9.176202073361181e-08 0.0 0.0 0.0 1.78876133225608e-07 0.0 0.0 1.5069216395312804e-06 0.0 3.9237129601532055e-07 0.0 0.0 0.0 2.842419023432582e-07 5.480096919275871e-07 0.0 1.0001668369613769e-05 0.0 0.0 2.4226113904129814e-06 0.0 0.00010013761239364844 9.719576270386905e-06 8.76478795388085e-05 1.1386960833868316e-05 1.5770499264939737e-06 1.2458706541821926e-07 7.317259869454482e-07 3.476274678288539e-07 2.785449368045827e-07 0.0 1.8950033894959993e-07 0.0 2.9196424851517807e-07 2.4575012643647804e-06 0.0 1.039464554877392e-06 2.3848355508406247e-06 1.922240922267791e-06 1.4827448015558495e-06 1.3005826659248705e-07 1.1027540398413803e-07 0.0 1.7075194984316668e-06 7.451069138574545e-07 1.0685892217213407e-06 8.49427892582904e-07 6.8799460624362e-07 6.494682712405219e-05 7.738953740380584e-07 3.758230826294734e-07 2.5802895865529615e-07 6.6902726594444e-08 1.6893208254322018e-07 0.0 2.2112171752572004e-07 2.416630600538904e-07 5.496045545803326e-07 0.00021408863568801536 1.1791716381826526e-05 2.267777427482622e-06 1.3378342428075363e-06 3.0353534055719887e-06 4.008484580615113e-05 0.0 1.030606708425706e-05 2.056534658540764e-06 6.904379816650537e-07 1.2514077379863633e-06 1.6761554003424285e-07 1.249271342664505e-07 1.4037268230394744e-07 0.0 8.54106484380192e-07 4.856112558014571e-07 3.5864476071754956e-07 7.285511437715386e-07 1.9823657687829055e-06 4.133925381424187e-07 0.00022623860094504516 3.868236998411185e-05 6.511579215080123e-05
