0.0 0.0025970332117699634 0.0008346893557741795 0.0015130522962631466 4.3450036459009754e-05 8.273709292351633e-05 0.00031375085377887123 0.00012021412969815563 1.5663088558784826e-05 0.0007970495589756239 0.00011575572947079892 1.822352072719395e-05 1.4297498024665108e-05 8.269973888362765e-05 1.0025026061984773e-06 1.2000864100156654e-06 0.0 7.592967181485475e-08 0.0 0.0 1.8172244369968477e-07 0.0 0.0 0.0 0.0 0.0 9.954519799618528e-08 0.0 0.0 0.0 0.0013783996230107497 8.954321609063809e-06 7.270673915761257e-06 0.0 2.8098714311225356e-07 7.449606116705815e-08 6.283508300878833e-06 2.159262410041804e-07 7.569853241131029e-07 0.0 1.9557257235922681e-07 3.1513247918606745e-07 7.578308627443975e-08 3.818965675406234e-07 0.0 0.0 1.7321011751097033e-05 2.636951458625868e-06 0.0 1.2014539061356005e-07 0.0 6.2583597956835e-07 0.0 1.7011239187823907e-07 3.620660423832741e-07 2.905832114339434e-07 0.00020334332777685542 0.0004681280198285613 2.4977354484295916e-05 8.287159095906854e-06 4.542096829467333e-07 4.21822927789228e-07 4.3019336119298463e-07 2.254804854983296e-05 2.9658188935223976e-07 8.325772024551815e-07 2.19760890172622e-07 8.934770042657165e-07 2.328109544152756e-07 1.3647075808249865e-07 9.135601491680612e-06 9.325400437615492e-06 8.803287642083013e-08 0.00012080437959535113 1.3601644538800655e-05 9.486295658354746e-06 3.4491699273686984e-06 1.0090537696118866e-06 1.2469163326294052e-06 3.4355329862819784e-05 0.0 3.810750699601439e-07 2.0802714979848766e-06 0.0 4.979998967691983e-07 1.363256927175508e-07 3.0753794465125544e-07 9.561672386000858e-08 0.0 0.0 0.0 0.0 3.112311192140423e-07 8.027819271104683e-08 0.0 0.00010375890952226851 3.5500279606928054e-05 6.105423984353574e-07 1.4560244687186356e-06 0.0010434957815638319 0.0 2.1986577729997227e-05 2.7228586317550657e-06 1.57121863473063e-06 2.5111335398090064e-06 1.2459394822896525e-06 4.0497044570190124e-05 5.018545834228928e-07 1.789845233528703e-05 1.629683444377262e-05 5.106861738490833e-07 3.322446108470527e-06 1.686341182786423e-05 4.499892256944343e-06 2.137552600725556e-06 0.0 0.0 0.0 0.0 0.0 0.0 0.0 0.0 0.0 0.0 0.0 0.0 0.0 0.0 0.0 0.0 0.0 0.0 0.0 1.0043607979227687e-07 0.0 0.0 0.0 0.0 1.9168992823714527e-06 1.5047605341086878e-06 1.642166435992798e-06 6.472579646278252e-07 1.337913243244654e-07 0.0 0.0 0.0 3.1716534693451454e-07 0.0 0.0 0.0 0.0 0.0 0.0 0.0 0.0 0.0 0.0 0.0 0.0 0.0 0.0 6.94291197605339e-08 7.86432977264347e-07 0.0 0.0 1.1331655076986937e-06 0.0 0.0 0.0 0.0 0.0 0.0 0.0 0.0 0.0 2.1136641899429054e-06 4.0456862171767466e-07 0.0 0.0 7.997512083223877e-08 9.27150620718592e-07 1.4544170011067416e-07 2.5321619763394546e-07 0.0 0.0 0.0 0.0 8.298612713809751e-07 0.0 7.487849249563424e-06 0.0 0.0 0.0 1.0802784262785341e-07 0.0 0.0 5.87099330263546e-06 1.1238222144157854e-06 1.4059257036243464e-06
0.0025970332117699634 0.0 0.0017548964388924358 0.0013170772913973854 0.0014855387428880998 6.349538287982064e-05 0.003964267536122068 0.00025038655226488683 0.001104828598600586 0.001312783670206473 0.001628514954912619 5.8086228005167216e-05 0.0003003798405151365 0.000864503939870031 7.096176967620525e-06 9.993616334083995e-06 5.36034405201378e-07 7.337776243157261e-08 2.1270916967176106e-07 5.038764823190465e-07 4.83836906825038e-07 0.0 1.391018214297615e-07 1.4689453573614617e-07 5.780031670575019e-07 1.725046107601822e-07 0.0 0.0 6.797325033660796e-08 0.0 0.0022382732445355314 0.00011331062335672852 1.69933478954692e-05 0.0 4.050139938146756e-07 5.945484030083422e-07 7.46915786330567e-06 2.611182400768383e-07 1.1342638311974907e-06 1.904153574293778e-07 6.14676174889369e-07 3.7395262198517636e-07 3.0304891891651707e-07 1.7075807461345887e-06 1.498649323890937e-07 2.2428029320678215e-07 0.00012204205673395469 6.443953883856315e-06 1.4319826381584489e-06 5.915481106632868e-07 1.2785505878256953e-07 3.9911084450903453e-07 0.0 0.0 9.364335394465235e-07 1.786115553131518e-07 7.478395412003635e-05 0.0004560863536848384 3.300982673402522e-05 2.7528542603291208e-05 2.3514490864095083e-06 6.351855632325016e-07 8.9092020673201e-07 0.00018877415439148232 9.456964370704035e-07 1.762207622509572e-06 3.419531970527397e-07 2.78799982795872e-06 2.0642627791342633e-06 2.9667940991895537e-07 8.214867066382871e-06 1.0131972502894617e-06 0.0 0.0002579801300261592 0.00010601243340008393 9.455953969698572e-05 4.597921203098649e-05 1.0086605061157594e-05 9.148260402325843e-06 9.092874774923285e-05 3.006571069436105e-06 4.193733760137386e-06 4.714503336490038e-06 0.0 1.5586696452213847e-06 7.448614071163872e-08 2.8293614140415546e-06 2.431614229175145e-07 1.280050647177857e-07 0.0 5.085617319099396e-07 0.0 2.007089635061676e-07 3.4713958690184567e-07 8.160223278055816e-08 2.593671239428464e-05 6.26239653645435e-06 4.639661559901325e-07 2.1740791770002984e-06 0.00033925132043974353 0.0 8.161300774495464e-06 7.747847769016517e-07 5.588986829452619e-07 1.5799333420103392e-06 2.1271976785023468e-05 1.7347984925526616e-05 3.5390783071672004e-07 4.179573214268437e-05 8.174506060447782e-06 1.2124174967871473e-06 1.1989615778019112e-05 2.8024378982404024e-05 1.4502443369916835e-05 1.1936189460219335e-05 0.0 0.0 0.0 0.0 0.0 0.0 0.0 0.0 0.0 0.0 0.0 0.0 9.627362968376366e-08 0.0 0.0 0.0 0.0 0.0 0.0 3.1550459455150334e-07 1.1267826971657942e-06 0.0 0.0 0.0 6.786192061389307e-06 1.450721579043156e-06 2.798404262690043e-06 1.3156411197126e-06 0.0 0.0 0.0 0.0 0.0 0.0 0.0 0.0 0.0 3.575823569201123e-07 0.0 0.0 0.0 3.7672778093027866e-07 0.0 1.2092421844127126e-07 0.0 0.0 1.1540045120189852e-07 9.286920982997538e-08 7.037887428308026e-07 8.554377256277607e-08 0.0 6.2166652485822295e-06 0.0 0.0 0.0 0.0 0.0 0.0 0.0 0.0 6.81590066052247e-08 9.26646393586833e-06 1.543703426012273e-06 1.9535997057815737e-07 0.0 0.0 2.3787201103909693e-06 0.0 1.4863406400501542e-06 1.3332582300748534e-07 2.1232473564305657e-07 0.0 2.2293721818152872e-07 0.0 7.500454020338843e-08 0.0 0.0 0.0 0.0 0.0 0.0 0.0 1.6755879942482545e-05 3.625503833920785e-06 5.656083692079917e-06
0.0008346893557741795 0.0017548964388924358 0.0 4.0941080498480196e-05 0.0006213887109896637 7.8242251849263e-06 0.00012670540368258415 0.0025840515308449786 0.00041839054694181805 6.953569949842718e-05 0.0024372481335726832 4.252034837057482e-05 0.000129233880288365 0.001123217963682879 8.911246775400743e-06 1.4937224338913116e-05 2.426579565287377e-07 1.9693609112352151e-07 7.097025006023116e-08 5.489145898355743e-07 6.294666460885218e-06 0.0 4.0499816302187944e-07 2.8650300806018914e-07 3.049361040563569e-06 1.3327959460257795e-06 1.7094427186401062e-06 3.625575636001688e-07 8.751892606331409e-08 2.521274767952653e-07 0.0033686512309240857 0.0004907797127229852 0.00011370857648933208 2.604973466857023e-07 5.745621653605423e-06 6.485267436981123e-06 3.217169396186673e-05 4.36092686471028e-06 3.481885171476724e-06 7.883114816780708e-07 3.5801094418316175e-06 3.530569826105071e-06 1.7382195026317313e-06 2.8941319855690776e-06 1.4410237310424496e-07 1.5965374847605334e-07 5.517788079327973e-05 2.8189135855083712e-06 1.0147719948139295e-06 9.195534651915947e-07 9.776217043052113e-07 8.452965826663603e-08 5.391871770430239e-07 5.815280804745055e-07 3.0896935366561684e-07 0.0 2.412386921437637e-05 0.00020313671672226918 7.978097096719986e-06 7.859230304723933e-06 5.638252374578882e-06 4.2929223393844274e-06 6.4470238388974015e-06 0.00023499395835569804 3.5224057827309064e-07 5.475168933331899e-07 0.0 2.3795339612267496e-06 9.81678049442355e-06 1.6465788763358971e-06 2.7443387844940976e-05 7.313205686396116e-07 0.0 6.995827603027058e-05 3.972688685357662e-05 3.9444012917162854e-05 3.0118324242484328e-05 1.3141905650055768e-05 0.00021237595388633282 0.00070807805602791 4.293303464410498e-06 4.157464602644328e-05 1.3706805337049894e-06 0.0 9.051052162867629e-07 1.7522868001512252e-07 2.166152841236093e-06 6.550521270323918e-08 0.0 0.0 4.6021397634078543e-07 8.612890906803107e-08 5.115151235655923e-06 3.509575960461541e-06 5.858888807190834e-07 7.455862913865959e-05 3.6377595468542646e-05 7.748675085199647e-08 4.637186589743628e-06 0.00017440614627780248 5.525052049741703e-07 9.207498105218632e-07 3.4890417316649767e-07 6.792034429886183e-07 1.0055955342360637e-06 2.288603283084011e-06 3.0713808608354345e-06 8.316163663776779e-07 6.121777461963695e-06 5.783088035771627e-06 1.0813583602409149e-06 5.94720983549246e-06 1.62350948695136e-05 9.089107115038846e-06 1.3772961374875015e-05 0.0 0.0 0.0 0.0 0.0 0.0 0.0 0.0 0.0 0.0 0.0 0.0 0.0 0.0 0.0 0.0 0.0 0.0 9.844587524411764e-08 5.266773517094998e-07 1.1102356265204236e-06 0.0 0.0 2.0642399765022557e-07 6.1694789300036825e-06 8.80597114493141e-07 5.839521811053845e-06 1.280753577624377e-06 5.056957654143549e-07 0.0 0.0 0.0 4.665152674642574e-07 7.359423672859511e-08 1.4513277686681354e-07 0.0 0.0 0.0 0.0 0.0 1.782874761819827e-07 3.629338266857371e-07 0.0 0.0 1.0356752331001902e-07 0.0 7.050451547494659e-07 1.729580293031905e-07 0.0 0.0 5.48184905611328e-07 5.126704654388735e-06 8.776454775917563e-07 0.0 0.0 0.0 0.0 0.0 0.0 0.0 9.664282919539407e-08 8.735197108898614e-06 8.993852514011571e-07 0.0 0.0 8.283950228279973e-07 3.0714185769129736e-06 0.0 2.0083062603189737e-06 1.952321578942659e-07 3.683390857634744e-07 0.0 4.2416291684940866e-07 0.0 0.0 0.0 0.0 0.0 0.0 0.0 0.0 0.0 1.0082757398762952e-05 6.020386384354006e-06 5.0151268678685135e-06
0.0015130522962631466 0.0013170772913973854 4.0941080498480196e-05 0.0 1.397933782117453e-05 0.00026994853489417203 0.0004784331758840317 3.4789100373804026e-06 8.012113257193971e-06 0.0011132758149270583 1.5527562085214184e-05 4.264130050258285e-05 2.0281531221206117e-05 8.759888978283033e-06 2.862977253997956e-07 2.199424004338994e-07 7.5326653590419e-08 0.0 0.0 0.0 0.0 0.0 6.774904411264033e-08 0.0 0.0 0.0 0.0 0.0 0.0 0.0 0.0002649136947512315 2.542261170320938e-06 2.8801995315450113e-07 0.0 0.0 0.0 0.0 0.0 1.6361077176960292e-07 0.0 0.0 0.0 0.0 2.0931247519243738e-07 1.4447401669108762e-07 9.768726837111219e-08 2.1842892487799192e-05 3.7357527446409147e-06 3.2609801592431156e-07 1.8084456202482974e-07 7.382365872701049e-08 0.0 0.0 0.0 1.3309039435023044e-06 9.310574782217242e-08 6.691869544810515e-05 0.0002650225801693972 2.4157375185616627e-05 1.3592696674608668e-05 3.01084105230148e-07 0.0 0.0 2.522887897562915e-05 6.382648752156882e-07 1.3112747170972268e-06 6.764819488584995e-08 1.3249821327323072e-06 1.2757655870549386e-07 6.683294181925061e-08 8.198880291789325e-07 4.5006639884357135e-07 0.0 0.0001670698870583693 2.882219549879272e-05 1.673908544362245e-05 2.3770041664650274e-06 9.979918786484482e-07 5.484894124833572e-07 7.313743513992435e-07 4.035328711310491e-07 4.850337108289386e-07 2.799151369959838e-06 0.0 1.5176750930553875e-06 2.887344618339976e-07 2.0697430313508883e-06 0.0 3.992634190165918e-07 0.0 0.0 1.5902967057941282e-07 1.273902847909207e-07 2.2664659702849818e-07 5.9873290221361e-08 1.4894207933718324e-05 0.0 0.0 1.6234156678808573e-06 0.00038294215223408086 0.0 8.611491303528908e-06 6.991996148520466e-07 1.4904545952507684e-06 7.441066662068543e-07 5.036773190201565e-06 2.1081917371437743e-05 4.922549505518315e-07 1.287108679027899e-05 1.090325768516377e-05 7.911292972709807e-07 4.248183313286106e-06 1.1289745208825198e-05 2.9863788866721378e-06 3.234485977687786e-06 0.0 0.0 0.0 0.0 0.0 0.0 0.0 0.0 0.0 0.0 0.0 0.0 0.0 0.0 0.0 0.0 0.0 0.0 0.0 1.0736933799886565e-07 8.748423723174836e-07 0.0 0.0 0.0 7.054058032740933e-07 3.006342905513939e-07 1.1797467309164981e-06 4.4808424729389997e-07 0.0 0.0 0.0 0.0 0.0 0.0 0.0 0.0 0.0 0.0 0.0 0.0 0.0 2.196166831826147e-07 0.0 0.0 0.0 0.0 4.933921335360084e-07 0.0 4.086479601640081e-07 0.0 1.4987613057820323e-07 1.0643622415570051e-06 5.848418139987001e-07 0.0 0.0 0.0 0.0 0.0 0.0 0.0 0.0 3.694038887379723e-06 0.0 0.0 0.0 0.0 6.921008213315468e-07 0.0 2.0776275459085452e-07 0.0 0.0 0.0 0.0 0.0 0.0 0.0 0.0 0.0 0.0 0.0 0.0 0.0 7.254223277970847e-06 7.783076721546731e-07 7.576101293350748e-07
4.3450036459009754e-05 0.0014855387428880998 0.0006213887109896637 1.397933782117453e-05 0.0 1.9709228260029384e-06 0.0016983560304433987 0.0001964773564482748 0.0020230410135096007 0.0007653639155319517 0.0008034789205051488 6.701462795565605e-05 0.0006694901156701682 0.0014665796321892955 5.240298213235878e-06 5.334639719558298e-06 3.391006664183423e-07 2.2089327674110077e-07 2.668109368150013e-07 2.1311506962645905e-07 9.340594316205769e-08 0.0 0.0 0.0 0.0 0.0 0.0 0.0 0.0 6.532599581012352e-08 0.00010667036603684227 4.203312700930396e-05 3.0323176391806453e-06 0.0 0.0 9.725813987317647e-08 2.259474368792359e-06 0.0 1.1659479802562583e-07 0.0 0.0 1.9118023502618542e-07 1.2680986607159834e-07 7.277345992096631e-07 1.8688693843532696e-07 2.388020249037555e-07 4.6136900815069124e-05 1.7167366941723682e-06 1.4993794667888155e-07 1.3887663233372457e-07 1.5875501025588786e-07 0.0 0.0 9.1431333517398e-08 3.2498039864679404e-07 8.30852491310381e-08 7.040970209829618e-06 4.54865134709549e-05 5.594472048449434e-06 7.4290579638882706e-06 5.84465911299557e-07 2.193992325660033e-07 7.136128243676087e-08 4.4667362248546485e-05 1.487770437154322e-07 5.649075663518777e-07 1.5906189567832478e-07 5.06981578312851e-07 4.803854106753706e-07 3.385894877600617e-07 4.936864781660892e-06 4.178609180580468e-07 0.0 4.802971564954747e-05 2.9816111177632984e-05 3.683591155168003e-05 1.8547275006039256e-05 3.4650111123988605e-06 2.4995699909414e-06 1.122256676126367e-05 7.841299376414914e-07 1.993953051867003e-06 9.118222131519442e-07 0.0 4.711405258202808e-07 1.3442684285199262e-07 7.455022593630104e-07 6.973087459076911e-08 8.4910907789836e-08 0.0 2.8810422460572265e-07 0.0 6.1959613105417e-08 6.895935933125348e-08 7.579982786202011e-08 1.4469848625924512e-05 2.663566710362694e-06 0.0 9.939961301953686e-07 7.021372281347467e-06 0.0 1.8193050985377844e-06 5.417445249850894e-07 0.0 4.307490246411216e-07 2.0188191975742673e-06 3.5456686085464094e-06 1.1516190684018399e-06 9.750677571005056e-06 4.378681007096434e-06 0.0 6.240466616214423e-06 1.4046706814867893e-05 8.965926477873208e-06 1.0142916508182066e-05 9.703976535682005e-08 0.0 0.0 0.0 0.0 0.0 0.0 0.0 0.0 0.0 0.0 0.0 0.0 0.0 0.0 0.0 0.0 1.1402040708187864e-07 0.0 7.596947813366129e-07 5.540748975362013e-07 0.0 0.0 0.0 3.6835877138052636e-06 1.4846553879426962e-07 2.836060090171364e-06 2.2978651290347768e-07 7.818730274810882e-08 0.0 0.0 0.0 9.646420857800047e-08 0.0 0.0 0.0 0.0 1.4710184966548284e-07 0.0 0.0 0.0 0.0 0.0 0.0 0.0 0.0 9.112286239468926e-08 0.0 0.0 0.0 0.0 3.418123685216586e-06 4.831408892454054e-07 0.0 0.0 0.0 0.0 0.0 0.0 0.0 0.0 5.057449516089427e-06 6.177682117896127e-07 0.0 0.0 0.0 2.7816197104952906e-06 1.3929341595846992e-07 9.584206431834422e-07 7.690342283134897e-08 7.161944361448249e-08 0.0 0.0 0.0 0.0 0.0 0.0 0.0 0.0 0.0 0.0 0.0 1.0724006778122025e-05 4.2718339148953506e-06 3.7701596229723686e-06
8.273709292351633e-05 6.349538287982064e-05 7.8242251849263e-06 0.00026994853489417203 1.9709228260029384e-06 0.0 1.8629411397027068e-05 6.527279097926831e-07 1.2339511950860192e-06 0.000297461234471186 1.5618350895602438e-06 3.670289344626e-05 1.157065792231189e-05 6.416231184291648e-06 0.0 0.0 0.0 0.0 0.0 0.0 0.0 2.037066708976807e-07 0.0 0.0 0.0 0.0 0.0 0.0 0.0 0.0 2.9882679910335047e-05 1.0334655401139957e-07 4.14341293148024e-06 0.0 0.0 1.508493573962605e-07 5.637762465272181e-06 0.0 1.821554460240695e-06 2.30018274137418e-07 0.0 0.0 0.0 0.0 0.0 0.0 3.1106667357763212e-06 2.2660683657705483e-07 0.0 0.0 9.822941405205612e-08 1.5344137451245046e-06 2.8892814005149273e-07 0.0 0.0 0.0 7.584587062860348e-05 3.113297557992303e-05 3.1564183101279525e-06 6.335079906321444e-07 0.0 1.3223344588470732e-07 0.0 9.85724573721783e-07 0.0 7.936693925319898e-08 0.0 1.688301435291143e-07 0.0 0.0 2.0323497263782846e-05 1.75037732805959e-05 4.4578878233845843e-07 1.7811118031913212e-05 2.745333770789273e-06 4.245584573324962e-07 7.331839695858704e-08 3.2406728428449503e-07 0.0 7.181328760973345e-07 0.0 1.3086859303539052e-06 5.081031270786457e-07 0.0 2.079852964847848e-07 0.0 1.6703301437024774e-07 0.0 0.0 7.423656655956251e-07 1.2764634262241405e-07 0.0 0.0 0.0 0.0 9.068284097460386e-05 4.693786028113126e-05 3.5559752933742013e-06 7.675004322051736e-06 0.00021231582537044498 1.890543155026977e-07 1.257904932788379e-05 3.9176174623488704e-07 7.427162298528217e-07 0.0 1.982619934079802e-06 2.4572625615116062e-05 9.620614437698965e-07 1.6966279670758042e-05 1.7215655453040737e-05 0.0 1.0660737304514817e-05 1.7152304086532716e-05 6.0245912945359125e-06 3.6759757038050596e-06 0.0 0.0 0.0 0.0 0.0 0.0 0.0 0.0 0.0 0.0 0.0 0.0 0.0 0.0 0.0 0.0 0.0 0.0 0.0 1.051649656268065e-07 0.0 0.0 0.0 0.0 1.271623253061444e-06 0.0 6.155587743501566e-07 7.437761197774691e-08 0.0 0.0 0.0 0.0 0.0 0.0 0.0 0.0 0.0 0.0 0.0 0.0 0.0 0.0 0.0 0.0 0.0 0.0 1.5314613284779447e-07 0.0 1.5775133406112377e-07 0.0 0.0 4.129067710501951e-07 0.0 0.0 0.0 0.0 0.0 0.0 0.0 0.0 0.0 3.1416655445223693e-06 7.044022384714971e-07 0.0 0.0 0.0 7.912285935599015e-07 0.0 1.3119068414398748e-06 0.0 0.0 0.0 0.0 0.0 0.0 0.0 0.0 0.0 0.0 0.0 0.0 0.0 1.0519853142874594e-05 1.4520037487625152e-06 5.72782681376312e-07
0.00031375085377887123 0.003964267536122068 0.00012670540368258415 0.0004784331758840317 0.0016983560304433987 1.8629411397027068e-05 0.0 4.368169519249819e-05 0.0016309408713210164 0.0014707948158349537 0.00042978536783217126 0.00015625126041800229 0.0018648050458452098 0.001731526489221062 6.061809357350049e-06 8.44337767373831e-06 1.452138310501282e-07 1.9202212392586275e-07 0.0 7.479277058733763e-08 1.4306239616772154e-07 0.0 0.0 0.0 2.172116935162511e-07 0.0 0.0 1.1243441850093869e-07 0.0 0.0 0.00023354857945299167 5.22733502833167e-05 4.9157747124992185e-06 7.972770572247479e-08 0.0 3.582839047932548e-07 3.510775372352665e-06 1.2839917676013257e-07 9.095259160314841e-07 0.0 2.307242449348723e-07 0.0 1.2704125381415234e-07 9.98803134701966e-07 1.2729804552345737e-07 2.3486593023280144e-07 7.769707633411585e-05 4.52312832242964e-06 6.315386950491394e-07 2.5011016463543487e-07 1.602832649314773e-07 0.0 0.0 1.8457521022337878e-07 6.655134176366843e-07 3.4086861082923106e-07 2.7552903198920907e-05 0.00017291715905485503 1.7261898312719962e-05 1.720289291819323e-05 1.0961995581228122e-06 3.572036956266947e-07 3.0787356925299857e-07 0.00010354206432208942 4.184895237186866e-07 6.032646501209604e-07 3.6980365688145395e-07 1.130108038409127e-06 1.4389024703325707e-06 2.308770618842067e-07 4.969541752730539e-06 1.2486658383602737e-07 0.0 0.00015604606930558963 6.797443159157572e-05 6.446761270521322e-05 2.8815329822869622e-05 5.55535769123712e-06 5.021174368318731e-06 5.709792487312411e-06 1.1058401374442803e-06 2.029577826636964e-06 2.227476699924686e-06 0.0 6.974133300483448e-07 3.647077535112877e-07 1.2687286882648836e-06 7.415199041799949e-08 2.1870151789393103e-07 0.0 0.0 0.0 2.3536944248894163e-07 1.4919988838460484e-07 6.881124706289085e-08 2.577153283419531e-05 6.7390137499418845e-06 0.0 7.551425307178969e-07 4.182603517629257e-05 5.629453245140899e-07 3.994919092522855e-06 8.8012915357157e-05 2.4008679104349785e-05 1.2887560630402718e-06 4.7821304205943356e-05 1.0050871266217706e-05 1.3774352296112602e-05 3.897970299183778e-05 2.1059516544084456e-05 1.0241589669315972e-06 2.32426444639897e-05 3.0138513581471776e-05 1.441062798896708e-05 1.9870395867381455e-05 0.0 0.0 0.0 0.0 0.0 0.0 0.0 0.0 0.0 0.0 0.0 0.0 8.06136993681417e-08 0.0 0.0 0.0 0.0 0.0 0.0 1.5581624439187442e-06 5.43485446966553e-07 0.0 0.0 1.3464207217772728e-07 7.573239445089133e-06 1.5058219638662439e-06 5.09507245667131e-06 1.8637080085983272e-06 6.23010091319511e-07 0.0 0.0 0.0 1.0538540417450857e-07 0.0 0.0 0.0 7.965940921861955e-08 6.2612063897706e-07 0.0 0.0 0.0 1.5545772345765298e-07 0.0 0.0 0.0 0.0 6.585419388115608e-07 1.7249507296962171e-06 3.3028607312647025e-07 0.0 0.0 4.003612235589364e-06 1.131338931692631e-06 0.0 0.0 0.0 0.0 0.0 0.0 0.0 0.0 1.2223969762953418e-05 1.890859659490732e-06 0.0 0.0 1.1468349189470939e-07 3.417922261967185e-06 1.4786738906281712e-07 1.2374805248748543e-06 4.240961012061379e-07 7.209846400915178e-07 9.515752799497706e-07 8.457923433381139e-08 3.8958549710897085e-07 0.0 0.0 0.0 0.0 0.0 0.0 0.0 0.0 2.2424257123201048e-05 7.914161936965203e-06 5.3810303311194645e-06
0.00012021412969815563 0.00025038655226488683 0.0025840515308449786 3.4789100373804026e-06 0.0001964773564482748 6.527279097926831e-07 4.368169519249819e-05 0.0 0.0003343768287196002 3.375935943394911e-05 0.0010466118547184755 6.456041620021663e-05 0.0002323190509266708 0.0013621614615803794 1.434826425818165e-05 2.101349125951897e-05 1.0784897236095417e-06 1.014064182769465e-06 6.264315345175396e-07 4.979022923307328e-06 2.3448790328501753e-05 8.824770932149686e-07 3.0077926156062306e-06 1.2957835983357469e-06 1.1443917866367127e-05 4.446016576586963e-06 4.421599531338082e-06 1.2980977771753885e-06 4.771770312082841e-07 2.765083785619186e-07 0.0006683854687590735 0.0013693857759760992 0.00024561066361399394 9.88599775938579e-07 2.0300845967863898e-05 2.08848561279374e-05 0.00010031560978522872 2.5134687023120787e-05 1.3775712722106117e-05 2.7928936004115945e-06 1.2953722952056603e-05 1.079197284694004e-05 6.504871213552085e-06 9.75127946220285e-06 1.3524060785027903e-06 4.31413196510461e-06 6.403357445332482e-05 1.510590682229502e-06 1.5187644298272308e-06 3.3800085288548806e-06 3.175126729558667e-06 6.225561878929486e-07 8.31135650201065e-07 2.6317315626679194e-06 0.0 1.3163161365923518e-07 6.365872148120929e-06 7.150291824653985e-05 3.867046997291085e-06 4.644509288073993e-06 5.3100980474415263e-05 2.7306265763748078e-05 2.68949551507285e-05 0.0003766134867802205 7.476105002942117e-08 1.3728580867745168e-06 3.008488187617192e-07 1.321134123056204e-05 3.8110050301990816e-05 1.1244722794499379e-05 3.476115777954754e-05 1.1262683536594497e-06 0.0 3.834783222035506e-05 3.9979936762361404e-05 3.9146292783324604e-05 0.00016227196272364935 0.0002018982073367409 0.0007932604861878638 0.00118834422115498 4.307081545271121e-05 0.00048081480170498846 6.043240092946904e-07 0.0 7.331910003974063e-07 1.528611458150615e-07 6.25333276543547e-06 6.780409150100144e-08 1.8278245812146095e-07 0.0 1.3251572281152125e-06 4.892839772806033e-07 1.8410968806951077e-05 1.2572235796600206e-05 2.3378710560536304e-06 2.6522598804718583e-05 1.9272647999555694e-05 4.1058825446848836e-07 7.649879386128624e-06 2.1106581897321202e-05 0.0 7.790967021944636e-07 2.9670997068783005e-07 0.0 1.2988363924305045e-06 2.553231149640935e-07 9.393084795641009e-07 3.740887890816567e-07 1.8828131676160543e-06 1.1855971917267445e-06 3.773730757586551e-07 4.6261655731533115e-06 8.322076268311727e-06 2.547173040724849e-06 6.0156724119650075e-06 0.0 0.0 0.0 0.0 5.8186550700837574e-08 0.0 0.0 0.0 0.0 0.0 3.2666301010462646e-07 1.1925057077671086e-07 7.259311600121118e-08 0.0 7.30354018799145e-08 2.6022209008645527e-07 0.0 9.997722269048517e-08 0.0 4.6083148865200306e-07 2.385998022517378e-07 0.0 0.0 0.0 2.9489356151045226e-06 9.546735351539721e-07 3.2097676624922235e-06 1.5228966205809705e-06 5.080256374447023e-07 1.3833971553218932e-07 0.0 1.0149189407407693e-07 8.727157647835472e-08 0.0 0.0 0.0 0.0 0.0 0.0 0.0 0.0 4.294459459566082e-07 0.0 0.0 0.0 0.0 0.0 6.417918002441937e-07 0.0 0.0 0.0 3.160773265559957e-06 2.324546632901554e-07 0.0 0.0 0.0 0.0 2.381189484730353e-07 0.0 0.0 3.4291593990205784e-07 3.5714946467739927e-06 7.980834709952041e-08 4.454673438569154e-07 1.028023836139929e-07 6.619464241901537e-07 1.3464885202926137e-06 3.1423243046980953e-07 1.6014909044430538e-06 0.0 0.0 1.9751170687466527e-07 0.0 0.0 0.0 0.0 0.0 1.4667449688975235e-07 0.0 0.0 0.0 8.967421380423242e-08 2.1523277430519156e-06 3.7254365980313346e-06 4.2952526504309654e-06
1.5663088558784826e-05 0.001104828598600586 0.00041839054694181805 8.012113257193971e-06 0.0020230410135096007 1.2339511950860192e-06 0.0016309408713210164 0.0003343768287196002 0.0 0.00038860433019821656 0.0007996625598731899 0.00014241056501729986 0.0014967539022634987 0.0008951492391696221 3.2353405652945983e-06 4.252806776262483e-06 0.0 2.1476462382036063e-07 0.0 7.305819795944174e-08 8.926719992785597e-08 0.0 7.239570286985258e-08 1.1669891694016673e-07 8.63208508782039e-08 0.0 1.074213515887728e-07 0.0 0.0 8.434894740797502e-08 4.419261255096294e-05 2.1559404996772414e-05 8.262431207537337e-06 5.196996021605742e-08 1.0631182007214538e-07 1.7599255508241938e-07 4.517924709385639e-06 9.187415014701874e-08 3.275971906916108e-07 0.0 5.5867254373955796e-08 0.0 7.298416803518227e-08 1.7926215109822202e-07 7.812184346829362e-08 4.881954268064151e-07 2.5781194184879842e-05 1.1203816314223267e-06 1.7962324519152096e-07 0.0 5.723627066935817e-08 0.0 0.0 0.0 0.0 0.0 2.408443105323707e-06 1.6756677346592362e-05 2.890470950922957e-06 3.8963847784499415e-06 5.14548540009879e-07 5.623321630498991e-07 8.809258917528019e-08 2.068678210684693e-05 1.2929478289463715e-07 2.2527279086987808e-07 0.0 4.006585797090375e-07 5.806293586355412e-07 9.845402652981238e-08 7.910832575775106e-06 5.901436225149035e-07 0.0 2.054139560810791e-05 1.0511081225887962e-05 1.807417091150389e-05 1.4633260215393031e-05 2.1071529376879904e-06 1.568096895436452e-06 1.0011915990126042e-05 8.413275093612412e-07 6.71138866267866e-07 5.524837521531378e-07 0.0 6.211073951479216e-08 0.0 3.8839177932336784e-07 0.0 0.0 0.0 0.0 1.5082101136578192e-07 0.0 1.7107482676097548e-07 1.0029888395636389e-07 2.2540769667939443e-05 5.469546256399952e-06 0.0 9.534154064854279e-07 5.031321277462939e-06 1.2165167482216053e-07 7.136964667807059e-07 1.7989411818133878e-07 2.1788140288682888e-07 1.3166286637004665e-06 1.0255458040081117e-05 3.886698036903619e-06 1.2788848101966195e-06 1.4939306179900532e-05 4.999013538667324e-06 1.5017371606512045e-06 7.954693307392303e-06 2.359156169624976e-05 1.105092846705033e-05 1.1777422406504354e-05 1.3090181804282097e-07 0.0 0.0 7.931095486013182e-08 0.0 0.0 0.0 0.0 0.0 0.0 0.0 0.0 0.0 0.0 0.0 0.0 0.0 0.0 0.0 8.341685640701003e-07 6.477972796372095e-07 0.0 0.0 0.0 5.807287604193975e-06 6.29023204352265e-07 2.5054427826050608e-06 5.098543299019541e-07 1.6049236768798013e-07 0.0 0.0 0.0 0.0 0.0 0.0 0.0 0.0 2.4568534010426304e-07 0.0 0.0 0.0 7.470891849486565e-08 0.0 0.0 0.0 0.0 2.441159292988919e-07 2.464008447607896e-07 0.0 0.0 9.171394199972336e-08 2.8810576181763913e-06 1.866995178366729e-07 0.0 0.0 0.0 0.0 0.0 0.0 0.0 0.0 9.371976490926205e-06 1.1314590058970963e-06 0.0 0.0 0.0 2.6922918411508362e-06 0.0 1.0136664668628638e-06 8.70169995074458e-08 0.0 0.0 8.842894110235467e-08 2.1863357522402075e-07 0.0 0.0 0.0 1.0405230857699875e-07 6.18286093635406e-08 0.0 0.0 0.0 1.7238218120108953e-05 6.208058814489673e-06 6.403424053262123e-06
0.0007970495589756239 0.001312783670206473 6.953569949842718e-05 0.0011132758149270583 0.0007653639155319517 0.000297461234471186 0.0014707948158349537 3.375935943394911e-05 0.00038860433019821656 0.0 0.0001421119584278661 0.0014866137645377835 0.004537127635625105 0.00041376336959360403 1.3567179559624946e-05 1.4357419095573995e-05 1.3526016438346581e-06 1.3616120580051366e-07 0.0 5.070917713767801e-07 2.2674082169754144e-07 0.0 0.0 0.0 7.753873364524551e-07 5.855149110016767e-08 0.0 0.0 0.0 8.526672058388254e-08 0.00026510019968660833 4.643498511611401e-05 3.8279831551163956e-05 0.0 2.8967999131714206e-07 5.084799209151315e-07 5.7771337600819336e-05 1.6942732021721813e-06 5.962897921816627e-06 8.374575619805509e-07 1.8443041351012983e-07 1.8920222464416596e-07 3.5151907154446085e-07 1.6231680627491595e-06 2.5334486214029695e-07 7.305791489228579e-07 0.00021434534051605387 1.1179512567914058e-05 1.4110702067420994e-06 8.773414621557616e-07 1.97932978948527e-07 2.2205072654734675e-07 2.9812592764276604e-06 2.5009491701339983e-07 2.0675698487858287e-06 1.090721573064427e-06 8.074297879857461e-05 0.00036525205542352974 4.1756541684963965e-05 4.1720386788314715e-05 2.642333338453317e-06 1.4674809159825952e-05 2.5853452495339363e-07 0.00018318884662254966 1.4258673916127332e-06 2.7204601487018e-06 3.317092194629689e-07 3.334248246256716e-06 1.7057585373567543e-06 2.7281908962004565e-07 0.0003208793134613645 4.319459996647623e-06 0.0 0.00034675866213268236 0.00014003543315660203 0.00014048535412969425 5.295142766943298e-05 8.259549662519454e-06 6.273720100725037e-06 1.1426867905951263e-05 1.988817283205706e-06 8.244784060604646e-06 5.9080439954411556e-06 2.3406479776159777e-07 1.9752760679613033e-06 7.215280241912692e-07 3.4320787944418493e-06 3.932603050690228e-07 3.733577878088376e-07 2.0703554065174236e-07 6.335279036202684e-07 0.0 4.104656051392009e-07 1.2472757951550683e-07 2.4403011146228133e-07 0.00030282911574318794 9.642585270971648e-05 3.584810689303558e-07 1.8354980122009196e-05 0.0003295660553572907 1.5676675703641025e-06 2.534651966092867e-05 6.42465260909836e-06 1.2952904992815576e-05 7.058559344376538e-06 1.7035709504738946e-05 0.00011585031925060604 1.0003820734691774e-05 0.0001403338889636317 8.537535016700114e-05 6.606829873571872e-06 0.00010610214215201268 0.00020929661307878464 9.156325247698297e-05 0.0001024402052293321 6.735352983947463e-08 0.0 0.0 7.652416526220946e-08 0.0 0.0 0.0 0.0 0.0 0.0 0.0 0.0 2.459599545604247e-07 0.0 0.0 0.0 0.0 9.405736455966613e-08 1.4980322768058325e-07 5.658696205354993e-06 5.848084566311641e-06 0.0 0.0 0.0 3.6666420026983e-05 8.246281571041907e-06 2.1696816900728625e-05 5.045899032867862e-06 1.2146627107699263e-06 0.0 0.0 0.0 5.853724731813941e-07 0.0 0.0 0.0 0.0 7.399685454582964e-07 0.0 0.0 0.0 1.358401152556832e-06 0.0 0.0 0.0 5.299288759841882e-08 1.3566919773432066e-06 1.8225122952821475e-06 3.2483082517528842e-06 0.0 5.879284909699259e-07 3.3739962263639596e-05 2.1986460742011056e-06 0.0 0.0 0.0 0.0 0.0 0.0 0.0 0.0 6.320141216703746e-05 9.44615570690053e-06 0.0 0.0 0.0 2.4116437194461973e-05 1.2978446155402593e-06 1.1064936923295269e-05 1.1425333924407753e-06 2.165010625946921e-06 1.3747487329345369e-07 3.2803648863922346e-06 1.0703323047931236e-06 2.398042202379352e-07 0.0 0.0 0.0 0.0 0.0 0.0 0.0 0.00014742146666229706 4.680311005371103e-05 2.9777743167602737e-05
0.00011575572947079892 0.001628514954912619 0.0024372481335726832 1.5527562085214184e-05 0.0008034789205051488 1.5618350895602438e-06 0.00042978536783217126 0.0010466118547184755 0.0007996625598731899 0.0001421119584278661 0.0 0.00025644104050305435 0.0013487259730719644 0.0020812022206772147 7.189226563961379e-06 8.438051955220902e-06 0.0 7.269983625049549e-08 0.0 5.689367750464366e-07 8.317725513019697e-07 0.0 3.2120501011165065e-07 4.0556470358758326e-07 1.3842093811425193e-06 5.395019057845738e-07 4.893902323037748e-07 4.926271773094353e-07 0.0 3.304607491506257e-07 0.0002898144707043349 8.858025349733525e-05 0.0001646252811082375 8.23076793795756e-08 2.2988161429440676e-06 4.342406750463082e-06 5.376598904964227e-05 3.609381226407262e-06 3.5666128063880384e-06 9.059046025219235e-07 2.630713490673581e-06 1.5757885180742688e-06 1.1527103250504587e-06 7.471949944031565e-07 1.4545081461099674e-07 8.585091353195102e-08 2.4608268697516435e-05 7.831083797275465e-07 6.150582696825485e-07 4.802749325785414e-07 5.517791442716194e-07 7.020619152348128e-08 1.9859474671278497e-07 3.9790174805178725e-07 8.118784736366195e-08 0.0 5.175611562601872e-06 2.6576690870914504e-05 2.7674484480445463e-06 4.996367181830664e-06 1.3401826686427393e-06 8.309539735067839e-06 4.815741944431857e-06 3.0655101155114216e-05 5.4641409776647726e-08 2.79813430049501e-07 6.428618923809205e-08 6.458561859301129e-07 2.8465330179809565e-06 4.352341713074265e-07 2.3451937144138658e-05 1.427989667957084e-07 1.6389707585090877e-07 2.321615331623282e-05 1.314248534144976e-05 1.9462342652935293e-05 1.446749841499481e-05 6.9335990469649434e-06 2.3412933163459725e-05 0.00032862809018864114 2.131014221201528e-06 8.811707927413375e-05 6.278272259609027e-07 0.0 2.4980495009551576e-07 0.0 1.524638505777062e-06 0.0 0.0 0.0 1.9377897498732939e-07 0.0 1.4888840443137973e-06 2.4377578348562994e-06 1.767024901305534e-07 1.6078182128454483e-05 3.5161390624943514e-06 0.0 1.325647917167088e-06 1.6016878189306492e-05 0.0 2.613628114100817e-07 0.0 2.6069685661080867e-07 2.075502773069138e-07 1.2783689792772114e-06 2.4095488691640687e-06 3.936500597118624e-07 5.622166205409208e-06 1.515239503305266e-06 5.980752428546017e-07 4.265886608423875e-06 8.883420409042688e-06 5.624325346008638e-06 4.5800236216731974e-06 0.0 0.0 0.0 0.0 0.0 0.0 0.0 0.0 0.0 0.0 0.0 0.0 0.0 0.0 0.0 0.0 0.0 1.1941623058775066e-07 0.0 8.387353218805592e-08 6.764789281650066e-07 0.0 6.719781669377608e-08 0.0 2.8769474568619646e-06 9.884068381513766e-07 1.2364145149334558e-06 3.63577581681205e-07 8.834261217226803e-08 0.0 0.0 0.0 5.371850862953067e-07 0.0 6.179730161189325e-08 0.0 0.0 0.0 0.0 0.0 0.0 2.1996363702307665e-07 2.487426423055779e-07 0.0 0.0 0.0 0.0 0.0 0.0 7.443235139952631e-08 1.288561533000316e-07 2.638102945674893e-06 1.6895386091271695e-07 0.0 0.0 0.0 0.0 0.0 0.0 0.0 0.0 3.552034061558565e-06 1.0386342218846537e-06 0.0 0.0 9.30084631447534e-08 1.2666253027217046e-06 0.0 2.419513960080417e-07 0.0 0.0 0.0 0.0 0.0 0.0 0.0 0.0 0.0 0.0 1.265372304645362e-07 0.0 0.0 6.884336837051235e-06 3.567428786779969e-06 2.588905965704185e-06
1.822352072719395e-05 5.8086228005167216e-05 4.252034837057482e-05 4.264130050258285e-05 6.701462795565605e-05 3.670289344626e-05 0.00015625126041800229 6.456041620021663e-05 0.00014241056501729986 0.0014866137645377835 0.00025644104050305435 0.0 0.0010890076349969087 0.0004957865737284856 1.3205513598593725e-05 1.2436597347690945e-05 4.0028168103286423e-07 0.0 0.0 9.481861208229779e-08 3.553601749061575e-07 9.450588839976922e-08 2.4901520583535486e-07 9.866373211451769e-08 1.7875384308163184e-06 1.2392056291684825e-07 6.084267466487536e-07 0.0 1.9626689284641977e-07 2.0164569300805158e-07 1.156485095031447e-05 5.597531342604809e-06 6.496251377671241e-05 0.0 1.6564412309110818e-06 1.49796204076776e-06 0.0002641503580684917 1.0092981869618389e-05 2.5445589535439662e-05 7.306461447593414e-06 9.290774496757228e-07 1.7868475045140043e-06 4.3215067884170515e-07 1.103639748980342e-06 1.6598480751826402e-07 3.5018477029054603e-07 3.842228082518236e-05 5.108943527058408e-07 5.165336401757583e-07 2.4763506998060863e-07 4.2779292550054207e-07 2.703777467920789e-07 5.146914260198252e-06 6.276368960609235e-07 0.0 1.0208814358619546e-07 4.057693342761708e-06 1.5556808544452838e-05 2.644536288937115e-06 3.484019628882254e-06 1.4041166948184022e-06 8.25119386735705e-06 2.417249992898556e-06 2.0314124281210962e-05 1.5869465535835253e-07 3.189505964463034e-07 7.581105881353195e-08 9.737852400996817e-07 3.167382215298561e-06 6.974997376081969e-07 0.00044636052147179633 2.848902217999037e-06 0.0 1.948207337398649e-05 1.3659872822249562e-05 2.2160725709409756e-05 1.9798743445132807e-05 7.890202693868758e-06 1.4192163749495644e-06 8.851814893680951e-05 7.262973650401711e-07 4.063106949699553e-06 3.662327122892048e-07 0.0 0.0 0.0 1.3851313872208055e-06 0.0 0.0 8.352684044681245e-08 2.7259255071303357e-07 5.337067675668682e-07 8.358705446601783e-07 6.74422353542248e-07 3.970922480630336e-07 0.00033947656458316886 6.954777087108308e-05 3.5268248410792715e-07 7.616448281564384e-05 4.78183221065603e-05 1.0854553117547303e-06 9.235075483871616e-06 4.268882219021641e-06 3.4757640080411524e-06 5.362358140353224e-06 9.050875514546849e-06 3.628866114117474e-05 6.132496540254322e-06 7.572497718061046e-05 4.191977123997278e-05 5.393422375616684e-06 5.949329235297888e-05 0.00015557182938115728 7.340992893820434e-05 0.00010208519565144557 5.948082350685816e-07 0.0 0.0 0.0 0.0 0.0 0.0 1.0195852241769658e-07 7.576129927690366e-08 0.0 1.4199993111825254e-07 0.0 2.4921390980536447e-07 0.0 8.516525542392875e-08 0.0 1.4032654555291055e-07 0.0 1.7432698662626868e-07 4.853656188637637e-06 4.021716103515217e-06 0.0 1.1919941163025591e-06 4.2405588863354265e-07 4.6605605947713696e-05 2.470487291294446e-06 1.849199275712094e-05 5.078759473390444e-06 1.1698695546305086e-06 7.740590634805653e-08 4.4727530426598553e-07 0.0 1.6377177735377056e-06 0.0 0.0 0.0 3.451659437480542e-07 6.189612874321305e-07 0.0 0.0 1.0541414335381483e-07 2.530415235755341e-06 0.0 0.0 0.0 0.0 8.019079310565272e-07 1.166495295844287e-06 8.139612057613823e-07 0.0 2.433361120466309e-07 2.3610956055545156e-05 1.3950834255960722e-06 8.612552798811268e-08 0.0 0.0 0.0 0.0 0.0 0.0 0.0 6.603161346164343e-05 1.1196477857177396e-05 0.0 1.2489840268115072e-07 2.1063848755856778e-07 1.6711206768812863e-05 2.4334064636311066e-07 9.279551421326906e-06 1.1009686696348983e-06 1.8784456641839647e-06 1.197863127184993e-06 8.76463357696571e-07 8.662935476331494e-08 0.0 1.3299256385118887e-07 0.0 0.0 0.0 0.0 0.0 1.0397287285635816e-07 0.00012574015517128974 4.882619099113025e-05 3.5433337907038096e-05
