0.0 0.0016998292100707125 0.00037764363446793673 0.0014226300710707095 0.00027645638874087137 8.626849056112602e-05 0.0003663689794442935 0.00027527767478298414 1.2980080611923367e-05 0.0010584647833873592 0.00013455883858842476 8.123200343127033e-05 7.01425921519703e-05 9.129246385855918e-05 5.599229128621652e-06 3.6614993127837177e-06 7.869173369363861e-08 1.1955730404463335e-07 0.0 0.0 2.8763906395913695e-07 0.0 2.2002225258869978e-07 2.5199837525226776e-07 3.087552030184345e-07 0.0 3.223060940435022e-07 0.0 0.0 0.0 0.0001735062514487054 1.3682094345153826e-05 1.0352533220383761e-05 0.0 4.984139907074657e-07 5.352378603461498e-07 2.121488821878492e-06 1.537259777980843e-06 2.113028318711364e-07 1.6783128801189563e-07 2.838406516841936e-07 9.427055152896998e-08 7.889937370457107e-08 5.728990015472721e-07 2.557977698345281e-07 1.4815142493170018e-07 1.4643639104433553e-05 2.26226923770048e-06 5.146911851432484e-07 4.186447262522285e-07 3.472045333426426e-07 3.227951788201582e-07 8.625738782139614e-08 0.0 5.941879141954957e-06 4.544744284477079e-06 0.0002083066133978701 0.0003874723787788998 0.00012899104132933545 1.4125832073406986e-05 3.296146799927012e-07 3.2687363593570443e-06 0.0 3.358134062940684e-06 4.591532860636133e-06 5.074818232085767e-07 1.246265382712027e-06 5.868152395535442e-07 4.358556943407908e-07 1.6564415607550775e-07 2.4097725648006628e-06 2.6637914584001883e-07 0.0 6.456421707842555e-05 2.30380294165961e-06 5.150484772044526e-06 2.2877297049542583e-06 1.6626843926549823e-06 2.8510628057764e-06 5.897241408885387e-05 3.237296768559873e-07 9.720049136233143e-06 1.0803230376468517e-05 3.2987561154752363e-07 1.073202232637529e-06 3.9677127599487925e-06 8.82164883640088e-07 2.567499603775657e-07 7.912069467718795e-07 4.5803740635362027e-07 5.082969901125052e-07 1.444210882001566e-07 4.2601332623952666e-07 8.761312557599719e-07 0.0 9.60495752747028e-06 0.0 0.0 8.727723683880497e-08 0.0006646333042352611 1.6078637968780658e-06 0.0 6.292136483392366e-07 0.0 0.0 2.5451471733364173e-06 1.7172268143653983e-06 4.0519575372712215e-07 7.56593268596658e-07 3.672938111371023e-06 0.0 1.2154350090349673e-06 2.3369301364275497e-06 1.0156802917386028e-06 8.614636843621318e-07 0.0 0.0 0.0 0.0 0.0 0.0 0.0 0.0 0.0 0.0 1.4948164464705826e-07 2.7106567368462315e-07 0.0 0.0 0.0 1.2568648463427528e-07 0.0 1.4392653762412726e-07 0.0 0.0 0.0 0.0 2.5848553277436067e-07 0.0 2.443694802891907e-07 2.907543939939236e-07 2.8267107653188304e-06 4.116792125054624e-07 5.501566280296478e-07 0.0 0.0 0.0 0.0 0.0 0.0 0.0 0.0 0.0 0.0 0.0 0.0 2.6638398603584944e-07 9.491349636288511e-08 0.0 0.0 0.0 0.0 0.0 0.0 0.0 0.0 0.0 0.0 0.0 0.0 0.0 0.0 0.0 0.0 0.0 0.0 7.925572626291102e-07 1.939667320985272e-07 0.0 0.0 7.174192040069486e-08 0.0 0.0 0.0 0.0 0.0 0.0 0.0 0.0 0.0 0.0 0.0 0.0 0.0 0.0 9.637811108492279e-08 0.0 5.686663984626723e-07 6.325973787571058e-07 4.7201907480761144e-07
0.0016998292100707125 0.0 0.0008103780508482582 0.001056262284910296 0.0013842283636802276 0.00012261702716584287 0.001310085247947837 0.000693264578805764 0.0009231537570085351 0.0007767029463074128 0.0005733042204154039 6.888317024443839e-05 0.0007935614084652851 0.0009195092928253424 2.33840687084629e-05 6.969251535862666e-06 1.0972317141035666e-06 7.191369631660269e-07 8.561466249749602e-08 1.4639375336414572e-07 3.8912125483918416e-07 0.0 5.773730272341119e-07 5.628276405983671e-07 6.827380319898674e-07 2.5464068315574553e-07 7.946961133377001e-07 9.70427435083193e-08 0.0 4.050157225883254e-07 0.0006372003744636514 3.978478794912971e-05 3.44014112882907e-05 6.16063253336524e-08 4.319493215527235e-07 6.102065066264901e-07 1.2028346863739262e-05 2.654209977951744e-06 2.809010613674105e-07 3.7826072245987624e-07 4.3668812021964807e-07 2.3418053880075447e-07 0.0 7.906087710055221e-07 7.769865941030852e-08 2.440818727797962e-07 0.00021208733895518168 1.2149068426952416e-05 3.277000324232249e-06 8.495372333010185e-07 1.446218334015181e-06 4.073436153218277e-07 3.6097899531798083e-07 0.0 2.0880710814596077e-05 1.9541515872524418e-05 0.0001702866068359255 0.00039273632790452734 0.00027036106485460573 0.00013492562573642322 3.6178543121106294e-07 5.264487852594039e-06 1.0524443888002042e-07 5.22634574684049e-05 1.84326242858097e-05 2.564700746817236e-06 4.669926433876407e-06 8.565608019590001e-07 2.065520364331174e-06 7.962258347301852e-07 4.547027342290019e-06 2.863207746130937e-07 9.272792294760366e-08 0.0002756701156109516 3.397750251431992e-05 6.153444475975073e-05 2.109253048279751e-05 5.202939686438859e-06 2.804978203723179e-06 8.795054575773554e-05 8.55243659552785e-07 1.4907892954308404e-05 6.452669806447138e-05 2.84217330869922e-07 6.260555725704553e-06 1.7688351565579577e-05 3.970925267067217e-06 4.980860646960674e-07 1.4361885098488636e-06 7.478460359601953e-07 9.225858199924624e-07 1.4971349112489407e-07 1.6235459545407054e-06 1.3951415803234809e-06 6.902775918645926e-07 4.4280567116869575e-06 7.956408844422315e-08 0.0 2.588963238164189e-07 0.0006947357789983718 0.0 0.0 9.18508838532992e-07 1.0545131170345044e-06 0.0 1.4753104462977624e-06 0.0 1.93859925110532e-06 4.080690882385298e-06 2.5598741441443146e-06 0.0 2.9114883483251515e-06 3.921125128745214e-06 4.602202924175431e-06 8.883600050382337e-07 0.0 0.0 0.0 0.0 0.0 0.0 0.0 0.0 0.0 0.0 0.0 0.0 9.640247669658711e-08 9.245007814612605e-08 1.0398733795065649e-07 3.218263000282308e-07 1.202569702664227e-07 1.2826730778255346e-07 0.0 0.0 0.0 0.0 4.3101712288430144e-07 2.0266922859393464e-07 2.3887449157161597e-06 5.437973076525366e-07 2.3401237986111868e-06 1.3355990936385455e-06 4.2752055334322495e-07 0.0 0.0 0.0 0.0 0.0 0.0 0.0 0.0 0.0 0.0 0.0 0.0 3.6524555660190023e-07 9.925128864666968e-08 0.0 0.0 1.769340061421394e-07 0.0 0.0 0.0 0.0 0.0 6.937214076613159e-07 0.0 0.0 0.0 0.0 0.0 0.0 9.213970196042639e-08 0.0 8.484061530712621e-08 3.286101637498397e-06 3.0006371495027904e-07 0.0 0.0 2.462894081720777e-07 1.28866701829494e-07 0.0 0.0 1.048503305991016e-07 0.0 0.0 0.0 0.0 0.0 0.0 1.8975863730710128e-07 0.0 7.638604988590325e-08 2.7685444911851445e-07 1.0665820410708496e-07 0.0 1.290659368019523e-06 1.780990912170933e-06 7.51553757672444e-07
0.00037764363446793673 0.0008103780508482582 0.0 8.883803776529699e-05 0.00025604069284259804 7.826019434545315e-06 6.023488575329134e-05 0.003297243402591266 0.00024206645850684592 2.9676723400123165e-05 0.001144643118254869 4.800398571590307e-05 0.00017201187434604206 0.0008221966987190757 2.1834543254131528e-05 1.4662527365009932e-05 1.4261495815046738e-06 2.8437287566654616e-07 6.776498611830796e-08 1.5474821892588152e-06 4.246288968796409e-06 0.0 1.9664694169874377e-06 9.766806498068066e-07 4.645529185331249e-06 7.137679073440538e-07 1.331581116471105e-06 4.562688855035748e-07 7.223233540804173e-07 1.2395942373831167e-07 0.002009849763237801 0.000542798337610079 6.823888751893289e-05 1.8890561041333696e-07 2.7376794843154683e-06 3.070689018396049e-06 2.1419108905750577e-05 8.523078442594847e-06 6.173513326167538e-07 8.446125974554003e-07 3.637786929997589e-06 7.650445139289045e-07 1.6812708818382467e-06 1.5735946506468773e-06 2.521823246448321e-07 1.6319525570236527e-06 8.053892972083482e-05 7.344854496914009e-06 1.3861365167111577e-06 3.44938815174562e-06 1.727895703526116e-06 6.465781746587874e-07 3.09554296301515e-07 2.80764427358578e-07 1.0361699058618813e-05 1.0934799669139357e-05 0.00012663200380149843 0.0006643726777993595 0.00016119595334378498 5.996353794338444e-05 5.9842685453422845e-06 1.7307718894726184e-05 1.1781088456044751e-06 0.00010697218769842 1.024578216354033e-05 1.68497851574649e-06 2.96748681837927e-06 2.045778314063731e-06 7.47984854642452e-06 3.8126638419362225e-06 5.7361328219708475e-06 8.888584025272753e-07 2.8274670157347345e-07 0.00017500435262108932 4.078568643645867e-05 3.45735360001246e-05 1.3540553799076415e-05 4.812681056920238e-06 2.2435473898615697e-05 0.0004670258972726137 8.868798830311865e-06 7.157983670803805e-05 2.7206944792875655e-05 1.9934867864613078e-07 3.4461546704452634e-06 1.0636270499314143e-05 2.8237177737031497e-06 8.771281824440654e-07 3.180847869442739e-06 1.9025075296828937e-06 1.1843182132025941e-06 7.058771314453394e-07 7.515397029949595e-06 1.604398496538625e-06 4.99445792045191e-07 3.289090782201065e-06 0.0 0.0 1.82697751946571e-07 0.0004490516056176646 7.504007483921901e-08 0.0 4.314774024592399e-07 0.0 0.0 4.5643692042005214e-07 0.0 1.0015478089288104e-07 6.235681031901284e-07 2.011936295907467e-06 0.0 8.151270354219457e-07 2.2549289545051162e-06 2.968744506497924e-06 1.5437272948443447e-06 0.0 8.321798630079565e-08 0.0 0.0 0.0 0.0 0.0 0.0 0.0 0.0 5.557909397537387e-07 0.0 1.1474454696590716e-07 1.833872274159143e-07 1.3164074866846998e-07 8.686580921770324e-07 2.2044970992864642e-07 3.029318547571818e-07 2.347891193418224e-07 0.0 0.0 0.0 1.0871731780272872e-07 8.425603269844743e-08 3.037834998354018e-06 1.197545118421032e-06 4.186206026503558e-06 2.7808558365942968e-06 1.2730088036871851e-06 0.0 1.743541488379272e-07 0.0 0.0 0.0 0.0 8.809209642871243e-08 0.0 0.0 0.0 0.0 1.638168614189479e-07 7.379318332065245e-07 6.013615042293491e-07 6.990188867551501e-08 0.0 2.772759412738036e-07 0.0 0.0 0.0 1.1157050897761056e-07 1.0519113087287934e-07 4.83041336678216e-07 0.0 0.0 0.0 0.0 0.0 8.237673611933563e-08 7.177234997652329e-08 0.0 0.0 3.663789521135396e-06 2.4727911846442796e-07 1.1146395881633284e-07 0.0 2.185630487885316e-07 3.846921354136616e-07 0.0 8.803474833974537e-07 0.0 5.580596525871988e-07 0.0 0.0 0.0 0.0 0.0 0.0 0.0 7.765236474814649e-08 0.0 0.0 1.4299643527634842e-07 3.877478465283761e-07 2.101336298858513e-06 2.3397694216429814e-06
0.0014226300710707095 0.001056262284910296 8.883803776529699e-05 0.0 0.00018707628276477326 0.00038652788422406144 0.0007372567545319999 1.6608590955395587e-06 6.976390313254466e-05 0.0019330441891368191 2.1760696007689283e-05 0.00010872438752885517 0.00044578197917812326 0.00016581755096558017 1.6827209265830393e-06 1.5057129236148458e-07 2.6350716460785365e-07 1.7349337324063354e-07 0.0 0.0 0.0 0.0 1.2422527231746996e-07 0.0 0.0 0.0 0.0 7.734777813909226e-08 0.0 0.0 1.0055016057580671e-05 8.307825884707684e-07 4.7785959862998725e-06 0.0 0.0 0.0 1.4111913184817275e-06 0.0 1.803045385203572e-07 0.0 0.0 0.0 0.0 0.0 0.0 0.0 2.2648812850508407e-05 2.6058242908256012e-06 4.6230894502712957e-07 0.0 1.2766769422559804e-07 0.0 0.0 0.0 3.920710573106399e-06 3.7588829279065698e-06 6.015707296513648e-05 0.00010393192945218192 7.005256105772614e-05 1.8699738609104185e-05 0.0 9.768069448939324e-08 0.0 7.003334729672404e-06 4.134588498914422e-06 5.436434311320264e-07 5.496832985843179e-07 1.6944796829681984e-07 0.0 0.0 6.67816240555913e-06 0.0 0.0 5.05546972870238e-05 3.2612590580103215e-06 7.792110981683009e-06 1.8693143776431985e-06 3.8703011463235285e-07 0.0 3.8215516378107865e-06 2.3005743828713393e-07 7.941522772755546e-08 1.210327437933054e-05 0.0 8.737631048897205e-07 2.9991601379526556e-06 6.64304848601074e-07 0.0 4.2355115374210267e-07 0.0 3.695694154874831e-07 0.0 0.0 0.0 0.0 2.7281501155445833e-06 0.0 0.0 0.0 0.00041964016996507466 1.5916991671779716e-07 5.016284344529972e-06 3.05793221582572e-06 2.36369262184751e-07 3.119116582545302e-07 5.984066821126256e-06 5.784527476081102e-07 5.74181618320779e-06 8.773895771650195e-06 1.859111405074604e-05 6.307609963859253e-07 1.0944518107373904e-05 6.9795003871219444e-06 5.549853083648616e-06 7.847558437697496e-07 0.0 0.0 0.0 0.0 0.0 0.0 0.0 0.0 0.0 0.0 0.0 0.0 0.0 0.0 0.0 0.0 0.0 0.0 0.0 0.0 4.007012642191346e-07 0.0 0.0 0.0 2.775039441312769e-06 0.0 5.7394497774421555e-06 7.882537029321636e-07 8.924018539198041e-07 0.0 0.0 0.0 0.0 0.0 0.0 0.0 1.0589581289851122e-07 2.3687729616345136e-07 0.0 0.0 0.0 0.0 2.2333620626055301e-07 0.0 0.0 9.19990673815706e-08 8.716657635249656e-08 0.0 0.0 0.0 0.0 2.270776886131078e-07 0.0 0.0 0.0 0.0 0.0 0.0 0.0 0.0 0.0 1.7780310226655136e-06 0.0 0.0 0.0 0.0 7.347574549777047e-07 0.0 0.0 2.684488618693868e-07 0.0 0.0 0.0 0.0 0.0 0.0 0.0 0.0 0.0 0.0 0.0 0.0 3.1118444133075895e-06 3.141032242932209e-07 1.2023703656196115e-06
0.00027645638874087137 0.0013842283636802276 0.00025604069284259804 0.00018707628276477326 0.0 8.544909125167202e-06 0.0021109236298909244 0.00018110284885511623 0.0044301084526558255 0.000591052614105389 0.0005092861090448751 3.281178339566321e-05 0.0007013422168906745 0.0016514554221434634 1.2585956010434937e-05 4.572330475740551e-06 2.5415144472207905e-07 0.0 8.503191279744244e-08 7.791219875289392e-08 2.0939508130633114e-07 0.0 1.8890779453798613e-07 1.1583899097416108e-07 1.9592826261700575e-07 0.0 0.0 0.0 0.0 0.0 5.353016039142812e-05 8.870232236197522e-06 9.963113141073414e-06 0.0 0.0 1.205866633334418e-07 7.357158609468168e-06 0.0 1.8030847872512626e-07 0.0 3.60199910372767e-07 1.7967925326714828e-07 1.7213978668417937e-07 5.080095691866234e-07 1.0338334516890196e-07 9.793842119799684e-08 7.20414712414706e-05 2.5528474913706226e-06 9.797427925649603e-07 0.0 1.9205332915083582e-07 0.0 0.0 0.0 3.5417889883076335e-06 3.640426927558159e-06 1.8780492502194924e-05 3.955368232856998e-05 3.425392048423687e-05 4.0787255719043604e-05 2.3004929446557773e-07 4.535403376029566e-07 0.0 2.1365361252975948e-05 2.7721844775945166e-06 6.467815891019312e-07 7.814219091987815e-07 2.249373671874173e-07 1.6209902543136435e-07 1.2391128519202367e-07 7.203845823602931e-06 0.0 0.0 5.857441174417108e-05 1.0537460140434594e-05 2.7610123156273233e-05 1.581690443411845e-05 2.0959523822085245e-06 1.1065427801645413e-06 5.116226535461084e-06 2.593753989363913e-07 2.1211518685177277e-06 9.734714726553095e-06 0.0 9.073641284882741e-07 2.4346755589326144e-06 6.310326125907275e-07 3.517239372373318e-07 1.9038539876516108e-07 0.0 1.0315650351940799e-07 9.555330220358584e-08 1.0009613879237561e-07 2.729235351107708e-07 1.7164967569820332e-07 1.1218377386239845e-06 0.0 0.0 2.8310489801593943e-07 2.724218375630409e-05 0.0 2.42662271878983e-06 1.6791133233886288e-07 6.441529731356387e-07 0.0 3.5544191994523153e-06 2.1319331577816223e-06 2.544681395035603e-06 7.057339132336072e-06 2.770296828659334e-06 0.0 3.98397317833168e-06 8.387898550417892e-06 4.2622099588431116e-06 2.1255096362128764e-06 0.0 0.0 0.0 0.0 0.0 0.0 0.0 0.0 0.0 0.0 0.0 0.0 0.0 0.0 0.0 9.125495586949547e-08 0.0 0.0 0.0 0.0 0.0 0.0 0.0 0.0 1.2686321855694986e-06 0.0 5.681676870743088e-06 6.918508530685512e-07 2.529555267216442e-07 0.0 0.0 0.0 0.0 0.0 0.0 0.0 0.0 2.3553255586060146e-07 0.0 0.0 0.0 4.460900963533321e-07 0.0 0.0 0.0 0.0 0.0 0.0 5.639184626913737e-07 0.0 0.0 9.337426799165107e-07 0.0 0.0 0.0 0.0 0.0 0.0 0.0 0.0 0.0 3.888658681073405e-06 0.0 0.0 0.0 0.0 1.6357649246477992e-07 0.0 0.0 0.0 0.0 0.0 0.0 0.0 0.0 0.0 0.0 0.0 0.0 9.843216507472105e-08 0.0 0.0 4.898842244477564e-06 2.5128435197794773e-06 8.012306630720299e-07
8.626849056112602e-05 0.00012261702716584287 7.826019434545315e-06 0.00038652788422406144 8.544909125167202e-06 0.0 5.65111020432499e-05 1.9110118360735137e-06 5.59015673579998e-06 0.0013864893449319394 2.035591474383688e-06 0.0003075714386180242 0.00014475769087172164 2.739644265777269e-05 3.0573741225881004e-07 1.7983435355599206e-07 1.9627007263685243e-07 0.0 0.0 0.0 0.0 1.3620357932697537e-06 0.0 0.0 0.0 0.0 0.0 0.0 5.109630325363541e-07 0.0 8.978563441371626e-06 0.0 8.852690384200108e-06 0.0 0.0 0.0 9.609908356348436e-06 1.003362783585779e-06 1.437180920114398e-06 0.0 0.0 0.0 0.0 0.0 0.0 0.0 1.4656064902364522e-06 0.0 0.0 0.0 0.0 2.518204261659633e-06 1.5587962842066029e-06 0.0 1.0763267491664429e-07 3.6193332059591424e-07 7.893723850167629e-05 6.670853786683428e-06 3.1630727496401434e-06 4.878314183723934e-07 0.0 2.3202491533191867e-06 0.0 0.0 1.916091177089948e-07 1.0407929069593718e-07 0.0 8.823833948845127e-08 0.0 0.0 5.01414165898142e-05 9.68465021860066e-05 5.727011033908052e-06 6.478982310604514e-07 0.0 7.769328141494118e-08 0.0 0.0 0.0 2.5922654151237385e-06 0.0 2.930300927336109e-06 4.0313679368848877e-07 2.299914810153789e-06 0.0 1.937658200695543e-07 0.0 3.6723523927980167e-06 9.43637170670835e-07 5.669057536319648e-06 1.6927840778573837e-07 8.900717331596498e-08 0.0 0.0 0.0 0.00025564137259271176 9.335071818895754e-05 4.554532065925365e-06 1.039587689417152e-05 0.00014246296400516418 5.17620314710267e-06 1.9144194985707676e-05 2.4087028431078478e-06 0.0 0.0 3.041189857717165e-06 1.0985747652768511e-05 5.427181195903247e-06 6.24796972936464e-06 1.9516377300244376e-05 0.0 1.0565107701210505e-05 1.7671286769209992e-05 9.195461342063929e-06 1.2763466565119207e-06 2.7839092044396014e-07 0.0 0.0 0.0 0.0 0.0 0.0 0.0 0.0 0.0 1.2743543067873375e-07 0.0 0.0 0.0 0.0 0.0 0.0 2.496129708948372e-07 0.0 0.0 0.0 0.0 0.0 0.0 1.5240258758806774e-07 0.0 4.584784107541422e-06 1.3614788195332108e-06 0.0 0.0 0.0 0.0 0.0 0.0 0.0 0.0 0.0 0.0 0.0 0.0 0.0 9.863603500114597e-08 9.16123017106533e-08 0.0 0.0 0.0 0.0 0.0 0.0 0.0 0.0 9.719291469977646e-07 0.0 0.0 0.0 0.0 0.0 0.0 0.0 0.0 0.0 3.1115954779750865e-06 1.2891887936005785e-07 0.0 0.0 0.0 1.042412759164013e-06 0.0 0.0 5.023772495159186e-07 0.0 0.0 0.0 0.0 0.0 0.0 0.0 0.0 0.0 0.0 0.0 0.0 4.3583816427099345e-06 2.516621781035044e-06 6.357679375116648e-07
0.0003663689794442935 0.001310085247947837 6.023488575329134e-05 0.0007372567545319999 0.0021109236298909244 5.65111020432499e-05 0.0 9.358120074131523e-06 0.000763486237444413 0.001554252026114858 4.2142700800941696e-05 0.00019743413268784036 0.001554901076564963 0.0011224978233157184 1.2885239817277447e-05 5.383273381376957e-06 3.730611503204794e-07 1.4131347943014735e-07 0.0 0.0 3.4461093471149175e-07 0.0 0.0 0.0 1.6210799241547684e-07 0.0 0.0 0.0 0.0 0.0 1.7108588623057224e-05 7.161700910470304e-06 9.845276104089781e-06 1.6608157368238473e-07 0.0 0.0 3.276421629979722e-06 6.553129610774003e-07 0.0 0.0 8.017161533721908e-08 0.0 0.0 3.4346564669601505e-07 0.0 0.0 7.920198555762838e-05 1.3101720961743028e-06 5.726351066072473e-07 1.329833048466707e-07 4.858332241936605e-07 0.0 0.0 2.2416331999704747e-07 2.718585943460821e-06 3.5150317711280324e-06 2.1477184450907318e-05 3.952066032848898e-05 4.118513053389544e-05 4.2822516474150954e-05 0.0 1.3565520324894458e-06 0.0 2.1606066737947874e-05 3.3125912006289657e-06 4.7236599941080746e-07 7.280562971419949e-07 0.0 3.184217326221883e-07 2.0396230721475582e-07 1.420199783950509e-05 0.0 0.0 5.699529063804598e-05 1.1027423138246331e-05 2.5134724247528337e-05 1.1392561552009908e-05 2.9967829377820355e-06 7.343191812817692e-07 8.832154503402198e-06 2.5523131326533745e-07 3.0655437640098625e-06 1.2909473777810201e-05 0.0 1.1081704963154693e-06 2.3116806896389343e-06 4.1280828970633187e-07 4.428781819119484e-07 2.2821940959084097e-07 7.563788292630114e-08 1.7426680031521097e-07 1.0525995823808044e-07 2.9716016269020734e-07 9.829172256712837e-08 2.1528857399287492e-07 1.5196982337399853e-05 1.928038119410962e-07 0.0 1.3460888626270292e-07 4.309376458809679e-05 1.81928723303919e-06 5.920770394895415e-06 1.4386340643406023e-05 1.2016891283611309e-05 1.3289045211032852e-07 1.3526753352603057e-05 4.867536999297319e-06 7.864304670157812e-06 3.102056170888273e-05 2.776608799628662e-05 4.843137703821271e-07 2.8989958275812485e-05 2.523192755163713e-05 2.279555250775418e-05 6.32060098910333e-06 0.0 0.0 0.0 0.0 0.0 0.0 0.0 0.0 0.0 0.0 0.0 0.0 0.0 0.0 0.0 1.1161675973776965e-07 0.0 0.0 0.0 0.0 2.7963341298182624e-07 0.0 0.0 0.0 6.729618884138016e-06 1.1139479450325866e-06 1.180175370507e-05 1.8879702210157e-06 1.0076545555949196e-06 0.0 1.9541576160950039e-07 0.0 0.0 0.0 0.0 0.0 7.953473995521851e-07 5.68788555786016e-07 0.0 0.0 0.0 4.319696536678622e-07 0.0 2.3225730180439145e-07 9.934444869703283e-08 0.0 5.96019651185984e-07 2.6021326866362037e-07 1.8238004961412095e-07 0.0 0.0 1.4266262639654821e-06 4.08157712114433e-07 0.0 7.916054123265961e-08 0.0 0.0 0.0 0.0 0.0 0.0 7.971833659518873e-06 1.5520871581573494e-07 0.0 0.0 0.0 1.3919495754404577e-06 0.0 0.0 2.763382213797295e-06 1.0115755971397391e-06 6.136367402410356e-07 0.0 1.6996575949568662e-07 0.0 0.0 0.0 0.0 0.0 0.0 0.0 0.0 6.053150277686369e-06 2.8495661590554247e-06 2.085492499508582e-06
0.00027527767478298414 0.000693264578805764 0.003297243402591266 1.6608590955395587e-06 0.00018110284885511623 1.9110118360735137e-06 9.358120074131523e-06 0.0 0.00011389704992453847 6.934713424010106e-06 0.0013636061701285788 2.303832969532111e-05 8.73788870206995e-05 0.0011465402372911185 8.169712104535355e-05 4.174867483079075e-05 3.2793051629264266e-06 1.4552159013604932e-06 8.757383877106383e-08 3.0001917472191176e-06 2.7381270904796918e-05 7.903486626132559e-07 1.5490668243742008e-05 5.525964780048721e-06 8.650534062707209e-06 2.8125190367559915e-06 6.0942660290892025e-06 1.7270551338257026e-07 7.494788941332242e-07 3.7857948941589905e-07 0.0009302324193162889 0.00047342402468259414 5.405288300899995e-05 2.9321887738303044e-06 1.4097999696173945e-05 8.110779953922836e-06 1.5941165749980383e-05 1.2574499332756916e-05 1.3214296563177288e-06 2.1985095410707454e-06 1.1138488960772964e-05 2.1456371954564006e-06 7.760241815274246e-06 6.626508883815284e-06 2.6683986333743722e-06 1.549508620108327e-05 0.00019826184181781167 5.598069100508668e-06 3.4084957901972954e-06 1.0465468302394071e-05 7.824612353398203e-06 1.9654159500112333e-06 1.4795746807755229e-06 4.062552188144869e-07 6.985290825344199e-06 8.068263986548612e-06 7.222423878662645e-05 0.0003257473033014789 0.0001058796426274038 9.856474214884627e-05 5.5209051834093596e-05 0.00013364797635382527 5.701263639625925e-06 0.00024387963539325474 7.761063781500891e-06 2.52718536575382e-06 6.114358175879558e-06 7.621992157853868e-06 3.283692922274923e-05 2.8726588222647747e-05 2.9377764287007085e-06 1.529902565075573e-06 2.7081330302038543e-07 0.00016713959428958351 6.475488143051776e-05 8.614205752841846e-05 6.884952075851628e-05 2.2809638361149034e-05 0.000546020017585571 0.0012619497756616127 4.976131034239102e-05 0.0010519068078076418 2.009176422281383e-05 6.317982744985245e-07 2.864919830956128e-06 1.3151397290928828e-05 6.0231193814349166e-06 1.5380935099442901e-06 3.3636225431863142e-06 1.7544973649335922e-06 4.689968982378875e-06 8.084302732742861e-07 4.491391033578012e-05 6.341495110245713e-06 2.819633669143693e-06 1.5164783971821607e-06 1.3314131913096353e-07 0.0 6.065244236839925e-07 0.00015832469167642444 0.0 0.0 2.6411625002195606e-07 0.0 9.65358443963965e-07 4.553328289466393e-07 0.0 1.4139468112366866e-06 3.237303189227812e-07 9.768951110914553e-07 2.3824427283082005e-07 8.335237472217477e-07 6.523892193836997e-07 2.235085347929236e-06 3.2372933003016362e-06 0.0 1.2285703346751503e-07 0.0 0.0 0.0 0.0 0.0 0.0 0.0 0.0 5.739262919541893e-07 2.4441682859942467e-07 6.786922154647756e-07 3.4272853755341823e-07 1.3669506554319537e-07 1.2159391137843989e-06 1.3516465049906334e-06 7.960775612028079e-07 3.123986412227926e-07 0.0 0.0 8.56157874863229e-08 1.1446862726726096e-06 2.1532731751052115e-07 2.915448824844164e-06 2.3834739205056346e-06 2.7440997132339906e-06 1.885553887697157e-06 2.2656463169648953e-06 5.647259302815261e-07 4.3597320902731745e-07 2.0150335602680192e-07 0.0 0.0 0.0 3.0780374234619683e-07 0.0 0.0 0.0 0.0 5.235053189445311e-07 1.1857978478974071e-06 1.6339848411077137e-06 1.1490205637716554e-07 0.0 7.873130586159151e-08 0.0 0.0 0.0 0.0 3.1255532747149467e-07 8.786400027948278e-07 0.0 0.0 0.0 0.0 0.0 0.0 7.755889738376238e-08 8.033078204909066e-08 2.4809550913668996e-07 2.623696137716304e-06 7.009133459885475e-07 8.98880176163794e-08 1.1990174818465996e-07 6.164860186499002e-07 0.0 0.0 0.0 0.0 0.0 0.0 0.0 0.0 7.15989260891779e-08 0.0 0.0 0.0 1.4776195928759845e-07 8.548135406539062e-08 8.757566070418821e-08 1.4282064616859147e-07 4.637401393493846e-07 3.734808556642466e-06 3.276858959782593e-06
1.2980080611923367e-05 0.0009231537570085351 0.00024206645850684592 6.976390313254466e-05 0.0044301084526558255 5.59015673579998e-06 0.000763486237444413 0.00011389704992453847 0.0 0.00011263570495561818 0.0007690029334085911 6.895020579328913e-05 0.0006962800518908462 0.0005556659918599397 1.109834001928017e-05 6.830625127915804e-06 2.668138305472092e-07 1.953428842845227e-07 6.465783831933017e-08 9.917414185190036e-08 3.287334460620103e-07 0.0 2.7665676937451225e-07 8.81614122036969e-08 3.1378311832610665e-07 2.879558059352714e-07 2.0390272122118592e-07 0.0 0.0 0.0 4.8724237257633475e-06 1.987045929089127e-06 2.1248720079115246e-05 1.0291807174112232e-07 4.568027228845376e-07 0.0 7.724623308054396e-06 1.951253915665672e-06 1.6754895423061132e-07 9.175756246307509e-08 1.751472494975984e-07 8.02380719942583e-08 7.563693903323665e-08 7.247855430410923e-07 0.0 0.0 3.115744203539082e-05 3.4578948946974073e-07 1.8944261971401635e-07 1.5716465980433195e-07 2.1774250388923588e-07 4.7270499970246223e-07 2.3119552088636853e-07 1.593149908867062e-07 1.530216277813501e-07 8.322585518605811e-07 2.0846662308856456e-06 4.696811197350219e-06 4.202189368370019e-06 1.0680645634199106e-05 0.0 2.9041062210331794e-06 0.0 4.4526143781510715e-06 8.383883031762623e-07 6.07862468931385e-08 2.838153257162138e-07 2.873568070063579e-07 8.806972616308448e-07 1.7258158351585548e-07 9.954677206564714e-06 1.0519977956747004e-07 0.0 1.0343706261709855e-05 3.4261947564879396e-06 1.2814724227989768e-05 5.398069607594585e-06 2.503016297869248e-06 2.9280596752055243e-07 9.150532707188415e-06 0.0 1.1687308289889268e-05 2.0398149293884127e-06 0.0 0.0 8.282801084468408e-07 9.165123181181237e-08 0.0 2.381651284949143e-07 3.2352720081815753e-07 5.720663506706496e-07 1.755562954350375e-07 1.1420335325556692e-06 4.59474642689038e-07 1.0394852858000573e-07 7.694880749183132e-06 0.0 0.0 2.0154268673373837e-07 3.3770699407270626e-06 0.0 3.8389951767602335e-06 1.6037372720082112e-06 5.640517930744805e-07 8.083566496152575e-07 9.508817156707097e-06 1.5313502775264562e-06 6.358431646913531e-06 1.1049171559440565e-05 1.2750831354633935e-05 1.1377032859286506e-06 9.735711203241658e-06 1.9686849776658675e-05 1.51879431180292e-05 7.67944817989529e-06 3.6490550266217345e-07 0.0 0.0 0.0 0.0 0.0 0.0 0.0 3.989516376936297e-07 0.0 0.0 0.0 0.0 0.0 0.0 9.35917058321027e-08 1.7783913373796238e-07 1.0972266269589693e-07 0.0 1.7185649803432988e-07 0.0 0.0 0.0 3.732418784035737e-07 6.194472608857871e-06 9.933183345647117e-07 6.489983098907901e-06 1.8920541993568984e-06 8.095885507948997e-08 0.0 0.0 0.0 0.0 0.0 0.0 0.0 1.047990640350999e-07 5.326853704530569e-07 0.0 0.0 0.0 4.420769264552202e-07 0.0 0.0 0.0 0.0 0.0 0.0 8.706807672101872e-07 0.0 0.0 3.962203711614757e-06 0.0 0.0 0.0 0.0 0.0 0.0 0.0 0.0 0.0 9.65453179547461e-06 2.9623977366059203e-07 0.0 0.0 9.305489409043687e-08 3.5293643482919916e-06 0.0 2.684293068197012e-06 0.0 0.0 0.0 0.0 0.0 0.0 0.0 0.0 0.0 0.0 7.81547024419577e-08 0.0 0.0 4.740847847792058e-06 4.603410959128694e-06 3.0656192425285177e-06
0.0010584647833873592 0.0007767029463074128 2.9676723400123165e-05 0.0019330441891368191 0.000591052614105389 0.0013864893449319394 0.001554252026114858 6.934713424010106e-06 0.00011263570495561818 0.0 4.951074582301994e-05 0.0015277438406985104 0.004052406055664189 0.0005573272561160893 1.9720662473764686e-05 5.378635968898208e-06 9.155819249195746e-08 0.0 1.4829429302495848e-07 0.0 2.087675186367167e-07 0.0 1.0517821270849696e-07 3.9573857082466733e-07 1.5265783383350183e-07 9.468870713203129e-08 5.820450454667252e-07 2.40751538173074e-07 1.311591436955748e-07 0.0 1.040114164432212e-05 2.034227098909997e-06 9.653866219158148e-05 0.0 5.698471647843224e-07 0.0 3.1901125557814205e-05 4.415416238449074e-06 0.0 0.0 2.3368533518243053e-07 2.4221008344319716e-07 0.0 7.896727363995881e-07 0.0 9.203457861424613e-08 8.482829665203351e-05 1.8077512024907432e-06 1.1523484069397073e-06 6.704797860533413e-08 3.683833150724688e-07 0.0 2.1675343017592907e-07 1.5115987554018664e-07 3.005248165902237e-06 4.4537908969539315e-06 5.933599039801e-05 6.491065003406549e-05 5.566417668278878e-05 4.3397297730174795e-05 1.7569681477113538e-07 1.732002296886609e-06 1.3607387415176615e-07 1.7674686611662966e-05 3.092536230072531e-06 6.804588156021899e-07 1.3544918980722322e-06 6.983270021633922e-07 7.192049234666688e-07 6.750983481095534e-07 9.692226313722282e-05 0.0 0.0 5.726717872795277e-05 7.233471153150683e-06 2.718892187919264e-05 1.191480106096523e-05 4.6658260142350855e-06 6.078176120598212e-07 1.5940597861108347e-05 6.205763957080355e-07 7.556227204310667e-06 1.2245145172737755e-05 0.0 9.445544865602405e-07 3.395075178366126e-06 1.2846282590168298e-06 0.0 9.28582383606546e-07 0.0 5.659343877915675e-07 8.5983620418447e-08 7.161928015531815e-07 0.0 9.084977879607061e-08 0.00025155571276089657 1.3875596934301147e-06 0.0 2.7807654039558704e-06 0.0003825312006585521 1.0286647316822296e-06 5.682914151015648e-05 2.9088611580764062e-05 2.263807471691346e-05 3.909369110747491e-06 8.53347968868203e-05 4.620207576820304e-05 7.925933214295184e-05 0.00014549570012611042 0.00018037529224508458 5.968840849176775e-06 0.00012088381640047069 0.00022525934942736015 0.00015024377651552472 5.424361883355304e-05 3.2704132567268316e-07 2.038901652483284e-07 7.051867998869376e-07 0.0 0.0 0.0 0.0 0.0 0.0 0.0 0.0 0.0 7.611455770425953e-07 2.1443920194086016e-07 1.198673685261117e-06 8.340549943845337e-07 0.0 0.0 1.1123730375035163e-07 1.3672548524107313e-06 8.699020773830004e-07 0.0 1.2948781639241803e-06 2.676327126581413e-07 4.293152422016678e-05 3.373980770798313e-06 6.345713255303176e-05 1.0263023703886232e-05 2.4273745296156816e-06 0.0 0.0 0.0 0.0 1.2977046846322398e-07 0.0 0.0 1.5852226778426073e-06 1.5464534116715466e-06 0.0 0.0 0.0 1.211295906241254e-06 0.0 0.0 0.0 0.0 3.2770531602928576e-07 1.305888676521232e-07 4.188903480810553e-06 0.0 0.0 1.817312988500643e-05 0.0 0.0 0.0 0.0 0.0 0.0 0.0 0.0 0.0 5.836502364328323e-05 1.0508933310342619e-06 1.5257054567603975e-07 2.4391577503920116e-07 3.291237019421659e-07 1.0135083070907997e-05 0.0 5.66859652138616e-06 1.4910174524941e-06 2.403822564748509e-07 1.6047187890892526e-06 0.0 0.0 0.0 1.281888549031949e-07 9.503442443014484e-08 0.0 9.529917545922816e-08 0.0 3.830567858019622e-07 3.2011700846798087e-07 6.123015484043279e-05 2.5963064759643556e-05 1.9664142738765713e-05
0.00013455883858842476 0.0005733042204154039 0.001144643118254869 2.1760696007689283e-05 0.0005092861090448751 2.035591474383688e-06 4.2142700800941696e-05 0.0013636061701285788 0.0007690029334085911 4.951074582301994e-05 0.0 0.0001517524189649222 0.000889595552081666 0.0030124276654200813 2.7131375188539516e-05 1.772594926289861e-05 2.936249116430638e-06 1.2803389729586085e-06 6.657895155629814e-08 6.034800667248035e-07 4.729335189572458e-06 2.2571285436348544e-06 3.3451726221588773e-06 9.688504861109824e-07 1.5173538986088105e-05 1.8585010893068677e-06 3.4981656752240257e-06 4.1406087421713725e-07 1.23959442396663e-06 1.1868351150345061e-07 0.00011177582516772025 1.3705317275484024e-05 0.00046925998571032215 2.4532774028414276e-07 3.0178923653226244e-06 9.393941200070714e-06 0.00012813021469047558 5.013593038149723e-05 3.7902584601936157e-06 2.4157660607622877e-06 3.837657098586339e-06 1.3660197683358713e-06 3.169819993603501e-07 1.143631428271061e-06 1.2956367905359967e-07 6.218770309611229e-07 4.753046209201394e-05 1.208171653124357e-06 6.993835971573109e-07 1.4571173245491162e-06 3.826825020192725e-06 3.1296080691996525e-06 1.2419560224629343e-06 1.2106488455945571e-06 1.2502060265011851e-06 1.905475074600086e-06 1.1778685501861619e-05 3.5960452666404545e-05 1.99971420546551e-05 1.962458682004167e-05 1.0410782260768598e-06 3.951343856972621e-05 1.8177110249132802e-06 1.0239708200694966e-05 6.814554294845117e-07 3.527608147441538e-07 1.8828633699066363e-06 1.1943468465270805e-06 2.930243355346926e-06 3.4909274367468818e-06 4.109704865565793e-05 3.655646144086929e-07 1.7372790871615303e-07 2.913245093011668e-05 5.513918739931439e-06 1.6675933406686035e-05 1.0776188915770505e-05 7.082673507549488e-06 2.4679922479160972e-05 0.0005538982015941016 1.861304385855341e-07 4.134241692846633e-05 4.8685615513168e-06 6.042520505210323e-07 1.377413271031583e-07 3.3394523832394174e-06 6.294576007943993e-07 3.2569811809851296e-06 3.449916441010954e-06 4.135369356403006e-06 3.242843956759014e-06 2.2098106959031492e-06 6.159182955079229e-06 3.6369114582047915e-06 5.634994400237531e-07 1.0465767225644743e-05 6.486358286128315e-07 0.0 9.470476977737843e-07 4.1078737744835235e-05 9.816685429509949e-07 5.324697457653291e-07 1.7636010818344038e-07 1.795849276186055e-06 6.236604181269338e-07 3.4769761759177174e-06 9.903583188410337e-07 1.8541602348583734e-06 2.562765102017276e-06 5.90770181127529e-06 6.896392128389894e-07 3.6837288285900626e-06 7.351611382854776e-06 7.974519337113561e-06 5.134932454555754e-06 0.0 9.191359566948261e-08 0.0 0.0 0.0 0.0 0.0 1.761883196457067e-07 0.0 1.1671667981810993e-07 1.9354485470316165e-06 0.0 6.817349206111018e-07 3.955902918095394e-07 0.0 1.5812350589102412e-06 8.843013471772647e-07 8.153148097765207e-07 0.0 0.0 0.0 0.0 1.7691223513885236e-06 0.0 7.374563657336483e-06 2.990039195003417e-06 1.6972320625223694e-05 6.35899910774104e-06 4.582008858885115e-06 5.54725794844736e-07 8.333451868000513e-08 1.1805612992959845e-07 0.0 8.773334023570829e-08 0.0 2.1340789998841906e-07 1.1689011029075576e-06 4.7421913588388243e-07 0.0 0.0 0.0 2.0096678464860246e-06 1.382843317711222e-06 0.0 0.0 7.00951946824684e-08 5.798464605953051e-07 0.0 0.0 1.1723428443346388e-07 0.0 3.871700314134596e-06 0.0 0.0 0.0 9.432447416415308e-08 0.0 0.0 0.0 0.0 1.753206678971934e-07 7.5855572489862485e-06 1.1405985461979052e-06 3.4887042777292825e-07 0.0 7.22968285479968e-07 1.7417501549509177e-06 0.0 1.093657196556166e-06 0.0 0.0 1.0921131411597022e-07 0.0 0.0 0.0 0.0 0.0 0.0 1.3115767297847432e-07 0.0 1.7087671508240768e-07 0.0 3.8434280168805106e-06 1.124910858529213e-05 7.842864770289652e-06
8.123200343127033e-05 6.888317024443839e-05 4.800398571590307e-05 0.00010872438752885517 3.281178339566321e-05 0.0003075714386180242 0.00019743413268784036 2.303832969532111e-05 6.895020579328913e-05 0.0015277438406985104 0.0001517524189649222 0.0 0.0008852234826340472 0.00024238846028866787 9.917044272400518e-06 5.663896674771396e-06 1.267346054440652e-06 4.5135375992935656e-07 0.0 9.74777026030283e-08 2.663875640490938e-07 4.15440031495238e-06 5.004342785692077e-07 0.0 3.273313423044922e-06 1.3352614433334825e-06 1.0361174369317727e-06 6.867579353576892e-07 4.851625190256993e-06 0.0 1.1973912967780255e-06 1.0057575719963502e-07 8.542311493039521e-05 0.0 1.596558021359847e-07 1.5862732088723624e-06 0.00018407882594770837 1.9611060925719564e-05 8.944241107863807e-06 3.713194415212153e-06 2.4699877673652968e-06 2.135613956590533e-06 2.1908132290943133e-07 8.203993915945635e-07 2.547103391712533e-07 3.2911430691352426e-07 1.6954466959249985e-05 3.8001771354638416e-07 2.5013031209817323e-07 4.5373929599279606e-07 1.0137785063584547e-06 4.257808338534717e-06 7.3187252265465494e-06 2.4286020186440223e-06 8.444218816666238e-08 6.163648436338735e-07 3.1309132976998036e-06 1.6813981153306875e-06 3.909552220514248e-06 3.992291076817567e-06 0.0 9.046124804512276e-06 9.446933979854786e-08 5.893102046521081e-06 0.0 1.133766483564754e-07 5.431665456244536e-07 2.2101992560684389e-07 2.3825404102648725e-07 4.484068379780727e-07 0.00014977462623356628 6.181470597137544e-06 5.713421651801855e-07 4.793505605903496e-06 1.0149955521978328e-06 3.3049237377562542e-06 2.4093739894909388e-06 1.7854054506437098e-06 2.0117348735177087e-07 1.556225831808983e-05 0.0 8.195200399622516e-07 6.13451907320661e-07 9.814181917788956e-08 0.0 1.338840263277177e-06 0.0 2.3570003816061593e-06 2.0882004354187927e-06 2.895529822065885e-06 1.385503608972678e-06 1.1196560285849669e-06 7.153946356999143e-07 1.739494201137079e-06 2.257268997117948e-06 0.0007873804059622785 1.4620370565409989e-05 3.8936370365074415e-07 9.754874482428075e-06 3.6509189366463454e-05 6.649653103341856e-07 2.8412705210801568e-05 1.6193131500556672e-05 7.808697454754419e-06 3.371469104280258e-06 7.063055285625377e-05 1.5673750330286083e-05 4.52071990881399e-05 9.931607910196461e-05 0.00011906998722358903 3.4422571219597987e-06 9.863090232468369e-05 0.00018165662673986322 0.00013310053425798183 4.1442666279761426e-05 1.0972718021200551e-06 0.0 0.0 0.0 0.0 0.0 0.0 0.0 0.0 0.0 1.4687237080573679e-06 0.0 2.4851750067726327e-06 8.157448298958924e-07 5.207288684708909e-07 1.5675587947401095e-06 4.990522874168134e-07 1.030965487490129e-06 9.113672777542016e-08 1.2159626672090075e-07 1.9120586134820119e-07 0.0 3.078858237261032e-06 0.0 2.6574836685478713e-05 3.84543362501e-06 3.685334185450863e-05 8.158688826882158e-06 9.158730912350876e-06 4.1755487000328793e-07 2.326513991098095e-07 0.0 0.0 0.0 1.273820348675866e-07 0.0 7.50481056131175e-07 1.6631106372020959e-06 0.0 1.0749171656051645e-07 3.490147336567848e-07 2.9402321256526903e-06 1.7846084427057715e-06 2.9065279378348403e-07 3.1781226306555973e-07 0.0 6.797806119721164e-07 9.763394983170053e-08 3.670864400259382e-06 1.6963542984962404e-07 1.4045634769910263e-07 1.0806439404353206e-05 0.0 0.0 2.0919194673845637e-07 0.0 0.0 0.0 0.0 0.0 0.0 4.755129133697139e-05 5.220944380790634e-06 6.716032108713247e-07 0.0 4.63455956196224e-07 7.470584488433255e-06 0.0 8.779338451131194e-06 8.208191990104877e-07 0.0 1.461153603364056e-06 3.2141408765882537e-07 0.0 0.0 0.0 9.213895562637542e-08 1.8448679698301835e-07 7.548442896256976e-08 4.217162420880225e-07 0.0 4.686049532281664e-07 6.773829917725966e-05 2.689287218474178e-05 1.726672348420132e-05
