0.0 0.0013423410461681406 0.0006488716229940855 0.001088929622511695 2.4767988516917944e-05 2.515253096969412e-05 0.00039633935764611645 6.9459560118487955e-06 3.2296178270697667e-06 0.0012298409031669011 5.7404841130490543e-05 0.0002420601822654928 0.000259452213524988 4.72030680609293e-05 1.0052827568154003e-06 1.0561900491757021e-06 0.0 0.0 0.0 0.0 0.0 1.4111162931226876e-07 0.0 5.267819959822594e-07 2.113921184252521e-07 0.0 2.1536029877579227e-07 0.0 1.076581773856147e-07 0.0 0.0006966455343995624 3.866779180775206e-06 4.887273750882072e-06 0.0 3.931742854200205e-07 2.3959666758683087e-07 4.336763414571945e-07 0.0 2.0416809383049812e-07 1.0840533212338835e-07 0.0 9.229421923692746e-08 0.0 2.733514819978508e-07 0.0 1.9429536450764625e-07 1.3841262203147198e-05 1.711618823658165e-06 2.2095095268962123e-07 0.0 2.1501291833842822e-07 2.678033203246799e-07 0.0 0.0 1.2993881696995903e-06 1.18117844781708e-06 0.00010409140724823317 0.0005374444383299123 5.5458757212822063e-05 1.0550509229240897e-05 6.843598455576668e-08 3.9831941965652173e-07 1.9628633722893847e-07 1.3883365507366816e-05 1.7841718684342994e-06 9.116179954199836e-07 1.078981065545403e-06 0.0 9.144284562749102e-08 1.2961485615088422e-07 2.8237517356976116e-06 0.0 8.383847666638388e-08 0.00014516935300572955 1.4743806549725354e-05 6.214589615403815e-06 1.813844464958667e-06 3.86367100758516e-07 1.5440360038820972e-07 1.1047072362532037e-05 0.0 2.2178818789629516e-07 1.1939590845360441e-05 0.0 9.670403268542748e-07 1.4477989242422428e-06 2.772788885221508e-07 7.223807126446544e-08 3.36269791922447e-07 0.0 2.7047670503915927e-07 0.0 0.0 0.0 0.0 8.848201100805156e-06 1.380414769300545e-06 0.0 0.0 0.0005853034308864047 0.0 0.0 0.0 5.35996353337074e-07 0.0 0.0 0.0 1.984802783952538e-07 0.0 9.874142570571438e-08 0.0 8.739436910421203e-07 0.0 1.0527275744860854e-07 0.0 0.0 0.0 0.0 0.0 0.0 0.0 0.0 0.0 0.0 0.0 0.0 0.0 0.0 0.0 0.0 0.0 0.0 0.0 0.0 0.0 0.0 0.0 0.0 0.0 0.0 0.0 4.2805869658587047e-07 0.0 0.0 0.0 0.0 0.0 0.0 0.0 0.0 0.0 0.0 0.0 0.0 0.0 0.0 1.7642433453229862e-07 0.0 0.0 0.0 0.0 0.0 0.0 0.0 0.0 0.0 0.0 0.0 0.0 0.0 0.0 0.0 0.0 0.0 0.0 0.0 0.0 0.0 0.0 0.0 0.0 4.6207931415393936e-07 0.0 0.0 0.0 0.0 0.0 0.0 0.0 0.0 0.0 0.0 0.0 0.0 0.0 0.0 0.0 2.5252957893293284e-07 2.1037354309295282e-07 4.982084617661864e-07
0.0013423410461681406 0.0 0.0009565680577919538 0.000572312875423463 0.0011172234158017278 3.06315127744844e-05 0.0018505732618741156 2.2779737473710917e-05 0.0013924620150701549 0.0007341667372611214 0.0013768902040908562 1.4980155763670785e-05 0.0005450387970411387 0.0011910821192536237 1.7141197210440548e-05 5.544466774042869e-06 4.3480834991777667e-07 3.3698971868004727e-07 0.0 2.6940536253309626e-07 0.0 0.0 3.7209239217923973e-07 1.322662629375152e-07 1.1391236443630163e-07 0.0 3.0294504331012763e-07 0.0 1.6837548286808145e-07 1.0886038011238503e-07 0.001247814564856728 2.1767100886830974e-05 1.7235716296377745e-05 2.876455968089155e-07 7.584856424647429e-07 7.255501680481828e-07 4.721230002314354e-06 6.955888245715043e-07 2.121092026883824e-06 0.0 0.0 1.0852568038831174e-07 0.0 1.2055031786826014e-06 5.257937062226842e-07 0.0 0.0001683792351918789 3.8905099150321245e-06 2.0925229546196702e-07 1.1729797267133536e-07 7.507466564734767e-07 0.0 0.0 0.0 3.3571200941631066e-06 2.6515180332250342e-06 0.00010059941083887772 0.00025102795893729 0.00010465537712176447 6.710844624546133e-05 3.5270129428877705e-07 3.4849616236670773e-06 1.7428750398032753e-07 3.7895362121121015e-05 5.255409357576033e-06 3.123271996849544e-06 1.5308677645698126e-06 5.558832671172066e-07 1.8669694481576526e-07 0.0 1.2455650824209978e-05 1.9471428431489808e-07 8.201035037624e-08 0.00027165024080329925 7.307699330821096e-05 7.397758238360875e-05 4.2570523139454466e-05 5.266980431421507e-06 1.6141009504969724e-06 3.358033119148847e-05 2.727552455249383e-07 3.1544828587051544e-06 4.153357412911158e-05 0.0 2.4439513126888955e-06 4.150967523318995e-06 2.1008056410071963e-06 9.734379185509197e-08 1.5412617126878846e-06 0.0 3.478250859831119e-07 2.7493981836989254e-07 1.4198760943105632e-06 0.0 1.0112055861617783e-07 1.7944732983052248e-05 3.550656049860509e-06 0.0 2.2741465830704685e-06 0.00041247354949594783 0.0 0.0 7.403770268822017e-07 5.107068394361016e-07 1.0942178017714953e-06 2.435508541184424e-06 2.336518792744187e-06 2.0607369809373537e-06 1.6772268804366534e-06 2.115502872138435e-06 9.67088270616534e-07 2.251566119871498e-06 6.232376768978867e-06 3.1208005732337045e-06 9.580246419084387e-07 0.0 0.0 0.0 0.0 0.0 0.0 0.0 0.0 0.0 0.0 0.0 0.0 9.096709963310898e-08 0.0 0.0 0.0 0.0 0.0 0.0 0.0 4.4912858462799367e-07 0.0 0.0 0.0 0.0 8.439251243653256e-07 2.5403859211033058e-06 1.7048425230516476e-06 0.0 0.0 0.0 0.0 0.0 0.0 0.0 0.0 0.0 0.0 0.0 0.0 0.0 0.0 0.0 0.0 0.0 0.0 0.0 0.0 0.0 0.0 5.350772267950362e-07 2.2645627369879685e-06 0.0 0.0 0.0 0.0 0.0 0.0 0.0 0.0 0.0 8.162488098702454e-07 0.0 0.0 0.0 0.0 1.04181938789067e-06 4.592069785288347e-07 0.0 2.2138870987423353e-07 2.2743541912344204e-07 0.0 0.0 0.0 0.0 0.0 0.0 0.0 3.4567494068218543e-07 0.0 0.0 0.0 9.358753229613543e-07 9.51968285836222e-08 2.708446756365901e-06
0.0006488716229940855 0.0009565680577919538 0.0 2.877439407772174e-05 0.0004230229702340919 2.1851348968313353e-06 4.737228211225662e-05 0.0008771299781015516 0.0005057757189962427 5.097067281704444e-06 0.003838620576652524 1.413181602081472e-06 6.745894964030506e-06 0.0015033706428459995 2.669183767785214e-05 2.235619217481699e-05 1.7798258680089302e-06 5.160219307841011e-07 4.6645147595742956e-07 9.214717333007341e-07 1.1816037731622137e-06 1.7773654896499017e-06 1.4533075943818633e-05 6.735445582233539e-06 1.1358619752864824e-05 2.0821598490776162e-07 5.388166944823463e-06 0.0 7.59794203192848e-07 1.5898062207769608e-06 0.0030405781348667306 0.0004923609492734508 0.00018767698566468462 7.331562619418315e-06 2.394882786566768e-05 1.4866581067667604e-05 9.696045590700418e-06 1.1236720577450358e-05 1.0934110127204096e-05 4.442578764335793e-06 3.517717565255934e-07 6.319453496881166e-07 1.8623255161511864e-06 2.0953392877114517e-06 1.0596464916381556e-06 1.794956815088116e-06 8.382672235030577e-05 1.6331303458547328e-06 5.898022908397752e-07 2.526569341807844e-06 9.888798038306758e-07 4.990271535036211e-06 1.6877535849568598e-06 7.442386951666662e-07 8.889111102499573e-07 1.116044159542651e-06 5.46145079629069e-05 0.00016409628575580397 4.0495852928510505e-05 2.682578053255599e-05 6.9277046375070944e-06 7.302814968342739e-05 2.0425300542734065e-06 5.096672470658919e-05 1.3628636666108438e-06 1.1025008970231414e-06 7.771378636344727e-07 4.797813114062342e-07 6.553778809729717e-06 3.2557142135723188e-06 5.79960227511046e-06 2.4795236525507713e-06 2.112131070474414e-07 0.00012499201097958162 6.309379433384658e-05 5.964330034066777e-05 3.223104435573396e-05 1.376671190454879e-05 1.7804093011093166e-05 0.0008344706718842318 1.0620863438332406e-06 0.00014086666265888161 1.4129667321352124e-05 0.0 1.5212360162040218e-06 1.9905500802289096e-06 1.6457979577169768e-06 1.0151828267041983e-07 6.520690491239034e-07 0.0 4.917354553788631e-07 2.7231379078654407e-07 8.966212256938893e-06 7.463551773217025e-07 5.549456765085268e-07 6.2952877667538386e-06 2.9064976800304895e-06 8.257424510469394e-07 3.455643340493416e-06 0.0002309092170145131 0.0 3.462698379769653e-07 1.4020074404875655e-06 5.969264459290138e-07 5.744913961431997e-07 8.417467911423783e-07 2.553163375200256e-07 6.116394390683617e-07 7.824652860873125e-07 1.4383616944629914e-07 4.070844945989901e-07 6.369952363613299e-07 1.792449115151358e-06 8.499889940564453e-07 3.0766392188748266e-07 4.929237448744152e-07 3.4559724464822805e-07 0.0 8.155304474623219e-08 0.0 0.0 1.766526703294702e-07 0.0 4.3660750018549437e-07 6.490427554180878e-07 0.0 0.0 5.606671076851257e-07 0.0 0.0 0.0 5.149434598209872e-07 0.0 8.89430089180867e-08 2.25313361009898e-06 5.561851629025988e-07 8.226392316308709e-08 8.714881834991315e-07 0.0 5.304032403129574e-07 1.4097090243001903e-06 5.428648765049475e-06 9.7899257583059e-06 1.6790560259243145e-06 0.0 0.0 1.1905226047161171e-07 1.9776639571595108e-07 7.62041326322614e-07 1.1136330522728802e-06 1.309538328141863e-07 0.0 4.3798132510807833e-07 0.0 0.0 0.0 3.310792927304264e-06 4.7014364339905165e-07 0.0 0.0 0.0 0.0 3.775856771768097e-07 0.0 7.763412600404319e-07 1.3292725400614807e-06 4.351239823524916e-06 2.5899309848755606e-07 0.0 6.563935397412139e-08 0.0 1.2365929397262852e-07 0.0 1.0116149243272589e-07 0.0 1.1153900895362245e-07 1.9865549503998423e-06 7.477984084100691e-07 0.0 0.0 0.0 1.5421948768980473e-06 1.235783122117927e-06 8.359756089055971e-07 2.9808242232949786e-07 9.579200438004904e-08 4.22400461580882e-07 2.2691663573624172e-07 4.6131478565384394e-07 0.0 0.0 0.0 0.0 8.382973645512034e-08 0.0 0.0 0.0 9.718778826866712e-07 4.124015787151577e-06 8.211491796751826e-06
0.001088929622511695 0.000572312875423463 2.877439407772174e-05 0.0 1.0245934589835991e-05 0.00029360837272498174 0.0004509813346531118 3.6364144931793234e-07 1.0534292564230205e-06 0.0005785324888530453 3.727086624014815e-06 0.00034456051158924736 0.0007753095388496868 0.00014581212163160132 1.4299195214407826e-06 2.4481394560104955e-07 4.06031793926578e-07 0.0 0.0 0.0 1.0046752558396999e-07 0.0 0.0 0.0 0.0 0.0 0.0 0.0 0.0 0.0 0.0001783961273192045 6.541104543455778e-07 5.769805774980996e-06 0.0 0.0 0.0 2.115063313581467e-06 0.0 1.9962770518106145e-07 1.932118923660197e-07 0.0 0.0 0.0 0.0 0.0 0.0 2.0197833706254613e-05 1.7269312234487487e-06 2.8425149723643056e-07 0.0 3.918135026703118e-07 0.0 0.0 0.0 8.217657082521444e-07 7.195670875369726e-07 5.0100222235873114e-05 9.713560523729406e-05 3.2308156745048225e-05 1.2518349230419187e-05 0.0 7.854914968351907e-08 0.0 6.9038334910155315e-06 1.729526325498141e-06 4.675489502137787e-07 9.312141653317402e-07 9.355612797636975e-08 0.0 0.0 5.293698273609946e-07 8.433000837114287e-08 0.0 8.294149463173281e-05 7.69523194260322e-06 7.96753005433959e-06 3.769423312614654e-06 6.015498102925678e-07 0.0 1.7106789576317735e-06 0.0 3.376930123711955e-07 9.392865729022867e-06 0.0 4.423667483304212e-07 1.1468404154037556e-06 7.559562786551852e-08 0.0 3.2490560332175484e-07 0.0 8.138249507803809e-08 0.0 0.0 1.0057576199003062e-07 0.0 4.9481129037979025e-06 0.0 0.0 0.0 0.0004900119958976906 0.0 0.0 7.140491877342579e-07 6.575949211844039e-06 3.349031369358827e-07 7.601868917002887e-06 4.0217775777235575e-07 1.5029462264117298e-06 3.4919827687003124e-06 1.5214216227378568e-06 0.0 3.894105928298715e-06 2.161940853024965e-06 7.574451958648005e-07 7.496489155666145e-07 0.0 0.0 0.0 0.0 0.0 0.0 0.0 0.0 0.0 0.0 0.0 0.0 0.0 0.0 0.0 0.0 0.0 0.0 0.0 2.6936705374271077e-07 3.107946833387733e-07 0.0 0.0 0.0 0.0 0.0 5.169113465334099e-07 0.0 0.0 0.0 0.0 0.0 0.0 0.0 0.0 0.0 0.0 0.0 0.0 0.0 0.0 0.0 0.0 0.0 0.0 0.0 0.0 0.0 0.0 0.0 0.0 0.0 0.0 1.1293290377149422e-07 0.0 0.0 0.0 0.0 0.0 0.0 0.0 5.783821826636974e-07 0.0 0.0 0.0 0.0 1.2711026121121248e-07 0.0 0.0 0.0 0.0 0.0 0.0 0.0 0.0 0.0 0.0 0.0 0.0 0.0 0.0 0.0 0.0 0.0 4.219629828979167e-07
2.4767988516917944e-05 0.0011172234158017278 0.0004230229702340919 1.0245934589835991e-05 0.0 4.515681559512051e-06 0.000842204819075296 3.065341854077836e-05 0.002592862197716138 1.4792180638508708e-05 0.0014830710892337325 5.263411788348698e-06 0.0006167270736296434 0.0024493158280294836 1.2890852448081214e-05 4.726468926424672e-06 8.113175352708366e-07 2.5073572019650896e-07 0.0 0.0 1.4472953162320226e-07 0.0 9.223691307887359e-08 8.302143816213067e-07 0.0 0.0 1.1810895761638399e-07 0.0 4.062268991442474e-07 1.3326206631599355e-07 5.988297047935932e-05 2.0046658467331063e-05 7.231831031473866e-06 3.5375881244712624e-07 0.0 2.0613205781759432e-07 2.6690491549029528e-06 1.3661821263211053e-07 2.09411470411828e-06 2.152311806717707e-07 0.0 1.9280491850175575e-07 0.0 5.023729917034574e-07 3.014518893201371e-07 7.598478354993876e-08 9.054017328274096e-05 2.480900262489825e-06 3.8489233380279723e-07 1.6135535110679612e-07 3.130658050147205e-07 3.2186659334924665e-07 0.0 1.9471999656144586e-07 9.038826655035309e-07 5.872607973946541e-07 1.7723948011418698e-05 2.0961404960635756e-05 2.2497097452185507e-05 2.5596403120161438e-05 2.0194851273595427e-07 3.7294511444771593e-06 0.0 1.2200068428733527e-05 1.6512913967792874e-06 9.982225919237444e-07 1.0195572165208649e-06 9.578351304259776e-08 0.0 0.0 1.2748543457230382e-05 3.6036266720402315e-07 0.0 5.745225202429039e-05 2.6568020147539463e-05 4.728381493821642e-05 2.0132501189988728e-05 3.304613360918283e-06 7.731706669280475e-07 8.23410147299591e-06 1.694862896500868e-07 3.4020102102999193e-06 1.0797028855216466e-05 0.0 1.529807301404685e-06 1.3399515375780821e-06 1.7036085592859804e-07 0.0 3.8678997884449604e-07 0.0 5.906898518866262e-07 0.0 2.377148793623125e-07 0.0 0.0 4.8782278787279234e-05 3.7012495699501935e-06 0.0 9.998111830951654e-07 6.938526109355642e-06 4.2571685919384266e-07 1.538942647249678e-06 2.243184713538446e-06 3.785431480626347e-07 1.1588136871065252e-06 4.859176395226769e-06 2.626260813663985e-06 5.016393010389264e-06 2.778612710195147e-06 5.121496059600187e-06 6.087812892505552e-07 4.370270220303492e-06 1.2160842538349896e-05 9.71556216839679e-06 5.4091319207025895e-06 0.0 4.3483891399214766e-07 0.0 0.0 0.0 0.0 0.0 0.0 0.0 0.0 0.0 0.0 0.0 0.0 0.0 0.0 0.0 0.0 0.0 1.047413170503853e-06 2.3791240458152774e-06 0.0 0.0 8.889886344424726e-08 5.734233956569012e-07 3.2881725020817252e-06 1.665821361006427e-06 2.538832723343327e-06 2.384583341760774e-06 0.0 0.0 0.0 0.0 0.0 0.0 0.0 0.0 0.0 0.0 0.0 0.0 0.0 0.0 0.0 0.0 0.0 7.442529283785e-08 7.066142603603237e-08 0.0 5.021165213143677e-07 3.401331371423608e-07 5.663295000678921e-06 0.0 0.0 0.0 0.0 0.0 0.0 0.0 1.1151367122930876e-07 0.0 5.2317525269902175e-06 0.0 0.0 2.787956203430684e-07 0.0 8.73328159738078e-06 2.5443708530316373e-06 1.8758022404793207e-06 0.0 0.0 4.038424154468206e-07 0.0 6.911968595232394e-07 0.0 0.0 1.6793315707134425e-07 0.0 0.0 0.0 0.0 0.0 4.355267656558025e-06 5.772477459057758e-06 4.121741596031945e-06
2.515253096969412e-05 3.06315127744844e-05 2.1851348968313353e-06 0.00029360837272498174 4.515681559512051e-06 0.0 0.00011110562561960029 1.213285575377404e-06 3.261130122516547e-06 0.0006768474488264137 2.3290592268628402e-06 0.0003626696878963387 0.0002377864659352666 5.9969339333107215e-05 0.0 0.0 0.0 0.0 0.0 0.0 0.0 1.453530375552568e-06 0.0 1.9024371662093116e-07 0.0 0.0 1.230653151407272e-07 0.0 1.2957892351284903e-07 0.0 1.3359095839189104e-05 0.0 2.2992919919234686e-05 3.0155854952538684e-07 0.0 5.503524495785228e-07 2.2215698890267958e-05 2.5993745964904255e-06 1.2270948585222696e-05 7.732864525064129e-07 0.0 1.4032294820125124e-07 0.0 1.2085031450944206e-07 0.0 0.0 3.9813118809652396e-07 0.0 0.0 0.0 3.157474440439728e-07 1.2991552297368919e-06 6.619263150872208e-06 2.6527770147343994e-07 0.0 1.836982820286763e-07 0.00010723553339508297 3.472352212130941e-05 6.001652559458923e-06 2.109937247819438e-07 0.0 1.0253156398268708e-05 0.0 0.0 0.0 0.0 2.423018785214433e-07 1.1834515071534227e-07 0.0 0.0 0.00021194789046947743 0.0002499857929392856 2.675718563614553e-05 7.746760720277242e-06 0.0 0.0 0.0 0.0 0.0 4.436347141844083e-06 0.0 1.8249262469636927e-07 1.9131689605275119e-07 1.4194868734449064e-06 3.082670616459014e-07 9.484147470335895e-07 9.543219802877335e-08 4.1038156064230596e-06 9.296865897232886e-07 4.252730632639431e-06 8.60087783758757e-07 4.83365479464474e-07 0.0 4.462025278128449e-07 2.4209392074904134e-07 0.0002537967609529228 0.0002923988264549311 9.428237892566868e-05 2.6830449423050484e-05 0.0003793151431030038 0.0 1.004957526147327e-06 3.299134623187596e-06 2.040563352674376e-06 1.187557711735123e-06 4.7443688494645084e-06 7.020406826103535e-06 4.687563401818643e-06 2.5890107206246665e-06 6.356960036607306e-06 1.648712661145833e-06 4.944166653970675e-06 8.548998455967753e-06 2.740338667334298e-06 2.287193448994746e-06 2.1928401959744435e-07 0.0 9.284263638448626e-08 1.01027574619468e-07 9.287057543269472e-08 0.0 9.336356482692549e-08 9.914973282254393e-08 2.9800849495612597e-07 2.571963540000235e-07 2.1582678310901856e-07 4.1586678923903934e-07 3.621597494488723e-07 0.0 7.236487128669298e-07 0.0 2.3869833741458995e-06 1.0245355934520248e-06 1.2621756684570556e-06 1.6910890214164577e-07 2.5494638067255034e-07 3.062976579883375e-07 4.1693067738186875e-07 2.2862582997196532e-07 0.0 2.2512915883543193e-07 8.048981315622184e-07 1.8955621278805683e-06 1.6659815290813101e-06 1.2248382740397408e-07 4.4628977586073914e-07 0.0 0.0 0.0 4.939154003560228e-07 0.0 6.707822384520673e-08 1.0237471671403871e-07 0.0 1.0463016526538127e-07 3.9463162528331484e-07 4.04051085472371e-06 1.5572515114420086e-06 0.0 0.0 0.0 0.0 0.0 0.0 0.0 2.394238839798934e-07 3.5803202083775267e-06 0.0 3.212644490860768e-07 0.0 1.1129107138095281e-07 0.0 0.0 0.0 0.0 1.765329359532838e-06 3.1732565954764983e-06 4.230373693677262e-06 1.1472604669942966e-06 7.407685290911374e-07 7.58058053553031e-07 7.030937388167831e-07 0.0 1.6068037570014168e-07 7.95837518967704e-07 0.0 0.0 3.489910597934991e-07 3.1892599519278225e-07 9.200673443037793e-08 1.9209206687110377e-07 0.0 1.0589407684645542e-07 5.947641354391219e-07 6.159064516861766e-07 3.16799854363604e-07 2.035287014534283e-07 2.253136134390505e-06 1.4691548275503095e-06 8.015980114816916e-07
0.00039633935764611645 0.0018505732618741156 4.737228211225662e-05 0.0004509813346531118 0.000842204819075296 0.00011110562561960029 0.0 5.207857061971858e-06 0.0016277053818323894 0.0005251695864255951 8.321723041966105e-05 0.000498207883626395 0.0010718596386582984 0.001568943622950643 1.7327284764024754e-05 6.841597320508042e-06 2.5237280146746328e-06 1.7534394961105726e-07 0.0 0.0 0.0 0.0 2.3641351819806183e-07 0.0 2.3337854946221923e-07 0.0 0.0 9.30660361843816e-08 0.0 2.2313784243125608e-07 8.954619384117687e-05 9.813611250859096e-06 1.1551204755800051e-05 4.955378502170437e-07 3.915745956616865e-07 1.4789024088990015e-07 7.01322071328618e-06 0.0 4.1489622522046324e-06 5.627800937556564e-07 0.0 0.0 1.7012398731500647e-07 7.290408128831196e-07 2.0676870073159542e-07 1.582231497427347e-07 0.00010836106979144294 2.271293446282309e-06 3.537475716466063e-07 2.1436361841340406e-07 6.292404883619547e-07 0.0 9.831671069397732e-08 0.0 9.736808667962107e-07 9.256241395280086e-07 3.057184502319829e-05 4.548647447493582e-05 2.907484182046513e-05 3.359984547599043e-05 0.0 3.603430820201125e-06 0.0 1.7063636978626707e-05 1.806370932515999e-06 1.1992499100947928e-06 5.055905330828525e-07 8.217054807895802e-08 0.0 0.0 3.7488120776764645e-05 0.0 0.0 8.548237148013301e-05 3.195626436175607e-05 5.0523270142676556e-05 2.6470156801973467e-05 6.370088870899318e-06 3.1212714187842116e-07 8.548122586064512e-06 1.1148510999656967e-07 1.3631411846137692e-06 1.4104351752733241e-05 0.0 1.1704087061680792e-06 1.2917010324192097e-06 1.0248208087664293e-06 0.0 1.0503259303467467e-06 0.0 4.2334292893116864e-07 0.0 2.915312458628604e-07 0.0 0.0 7.865003645481647e-05 7.142607340300099e-06 0.0 2.160059035172612e-06 7.960419355027798e-05 2.8085319880719884e-06 4.065523502434122e-06 2.5002528121969973e-05 4.447974400730343e-05 4.827008394317083e-06 2.2297775755133305e-05 1.1637588998245336e-05 2.5289316218133212e-05 1.8476152404768453e-05 1.6219692702828967e-05 3.087983622007445e-06 6.652599429452716e-05 2.2640995389741772e-05 1.3696445316815897e-05 1.0826012077206468e-05 5.472503323179086e-07 0.0 0.0 0.0 0.0 0.0 0.0 0.0 0.0 0.0 0.0 0.0 0.0 0.0 0.0 0.0 0.0 0.0 0.0 3.857197633812686e-06 3.859769969833825e-06 0.0 0.0 0.0 2.9601363980336267e-06 1.3853122148381886e-06 8.764225850202236e-06 4.750439652068969e-06 2.9747465470328467e-06 0.0 0.0 0.0 6.346625895236544e-07 0.0 0.0 0.0 6.946965586244885e-07 7.030265665897437e-07 8.150684902622521e-08 1.2836124320518357e-07 0.0 5.67884531198288e-07 1.381256887174393e-07 8.194166120405926e-08 2.0558334439168762e-07 0.0 1.9191640047584113e-06 1.3967224095407456e-06 7.756912846007746e-07 0.0 1.8761599314031925e-06 7.698054343475566e-06 1.057703166400775e-06 1.9141979352298233e-07 9.000734740400495e-08 0.0 0.0 0.0 0.0 0.0 0.0 8.399706421479227e-06 0.0 0.0 0.0 0.0 6.6198161840364275e-06 1.826202377063835e-07 6.156123930556436e-06 2.0826408806777253e-06 1.5302593273545332e-06 1.235650685696409e-06 1.031884345305684e-06 0.0 0.0 1.7111889000730718e-07 0.0 0.0 2.4267880976122853e-07 0.0 0.0 0.0 4.7531870056357896e-06 5.808963011745846e-06 9.480431191762318e-06
6.9459560118487955e-06 2.2779737473710917e-05 0.0008771299781015516 3.6364144931793234e-07 3.065341854077836e-05 1.213285575377404e-06 5.207857061971858e-06 0.0 1.6510273600337488e-05 1.7300521129054866e-07 0.0016474014095051869 1.7907004566396926e-06 2.797058348324009e-06 0.0008396556818028635 3.4215111942742846e-05 3.385413284473371e-05 7.954391745066017e-06 1.4162300218543091e-05 4.512609793005398e-06 4.678559293652973e-05 1.8186250992023042e-05 4.4869303530963005e-06 5.8312749768399154e-05 2.9988664203825978e-05 3.112775052896829e-05 1.2680786116007217e-06 2.1752184237880836e-05 1.5548375599000982e-06 1.9909408002630068e-06 3.857180283752632e-06 0.0006241584234247498 0.003081215521864147 0.0001262221288152699 4.7517559261075844e-05 9.513079103154847e-05 5.6015538099636035e-05 2.0070901727576474e-05 3.132591845295247e-05 2.5567029391457737e-05 1.6981539706108755e-05 2.39748470538839e-06 7.97620139273835e-06 6.740363284321829e-05 4.631055951527668e-05 2.0907966271996432e-05 9.288475242867485e-05 8.319587824353458e-05 3.1670963405132346e-06 4.4718532812719e-06 5.5949707450583794e-05 4.841922542677964e-06 8.747251482944593e-06 4.746544279159646e-06 4.170522226113176e-06 7.497445423661878e-07 6.428124780300778e-07 3.171882566121854e-05 7.158987980562441e-05 2.6553639472046274e-05 2.361093405360897e-05 0.0002494021638389218 0.00024243554073537037 3.864477734417793e-05 0.0003285075760673223 8.074364903824181e-07 4.437418958395502e-06 2.4566924904649273e-06 7.364592215540441e-06 0.00010545691576202802 6.837097786272556e-05 8.772160729511579e-06 4.9145419478784646e-06 3.6053785659114565e-07 8.865063150126224e-05 8.918893537703303e-05 7.238742071177222e-05 0.0002349247312916639 0.0002488034424380264 0.0006148752499898868 0.0017831238070482494 0.00034928455560775685 0.0012774895461314427 1.0508002156888734e-05 5.902875592202593e-07 1.973266214683461e-06 2.3674203103767397e-06 1.1107070902668025e-05 0.0 1.1002865245019542e-06 2.072257515622241e-07 1.9809630402658184e-06 1.6511400874270073e-06 0.00015090322007193203 4.000564966475676e-06 3.955542330959407e-06 5.319540927335343e-06 6.046285357850572e-06 1.0507603692138624e-06 1.0395249722184525e-05 9.860712717477947e-06 1.8508783933153454e-07 2.296612042865913e-07 2.8212470459488686e-07 0.0 1.3074967807065821e-06 1.370994255545684e-06 1.0725379299411168e-07 1.4633547403979062e-06 1.1238068833551516e-06 4.3029029473020585e-07 4.7555967085461905e-07 2.563905592590736e-06 3.3941165196065062e-06 1.8644348342957704e-06 2.3259333303020228e-06 3.6125362360074107e-07 8.684085359884228e-07 0.0 6.063823412441831e-07 0.0 0.0 1.0338541696785026e-07 0.0 4.510001808773437e-07 0.0 7.717755277411145e-08 1.777607513506747e-07 2.4229691289633223e-06 0.0 1.1090394698088587e-06 8.389908336523347e-08 1.5447539396491998e-06 4.291448115303605e-07 5.52466383739767e-07 2.68845171876548e-06 2.34552322503837e-06 9.389106827846161e-07 1.4213535988782163e-06 5.13509277073366e-07 1.5330820185796617e-06 3.3818466199473697e-06 9.732676758270938e-06 1.3167227503949645e-05 2.7775875752602253e-06 1.4940783784359368e-07 1.3031710694224782e-07 6.592137600049203e-07 1.8474836360049284e-07 5.315998196766844e-07 2.0377903414026263e-06 2.6361648062781083e-07 2.0833815824730812e-07 1.9100432239570024e-07 0.0 0.0 1.8257410124204607e-07 8.20371811064046e-06 5.027759421077565e-07 0.0 0.0 0.0 3.5483843889579686e-07 1.663476412691746e-07 0.0 4.1901610364047645e-07 1.2442460701778919e-06 9.871252884886279e-06 6.76255080243631e-07 0.0 0.0 0.0 9.382152226929863e-08 0.0 0.0 0.0 5.115321820298902e-07 4.069373112189826e-06 3.191753341620376e-06 2.599473458649558e-07 3.076880389450029e-07 1.0573608938021286e-07 2.7168356703922885e-06 2.282669171961869e-06 5.078480235845689e-06 5.581238424954839e-07 3.2078699060284387e-07 9.193276557803731e-08 1.832981758965171e-07 7.550993883429107e-07 9.429390846721536e-08 0.0 0.0 0.0 0.0 2.9665113125855223e-07 2.0786695123721613e-07 0.0 2.2755125625424e-06 5.799995051316293e-06 1.7257847139407062e-05
3.2296178270697667e-06 0.0013924620150701549 0.0005057757189962427 1.0534292564230205e-06 0.002592862197716138 3.261130122516547e-06 0.0016277053818323894 1.6510273600337488e-05 0.0 6.409038481723516e-06 0.0005970303873893338 1.2682418064552074e-05 0.000838351099168582 0.001624528056665607 1.3958451216493305e-05 7.392015454996298e-06 6.192419592525778e-07 0.0 2.0821780998238483e-07 2.1312121664038857e-07 0.0 1.350138772292813e-07 1.0809280587087305e-07 1.961416585860843e-07 2.986783565984954e-07 3.7687895258239257e-07 1.5741014417935324e-07 2.4660074106165917e-07 3.241077731353537e-07 0.0 1.3453860782824972e-05 1.2555149424787201e-05 2.3047783309714507e-05 9.171551059107774e-08 1.8489931741875584e-07 7.503566178795797e-08 9.710014279299697e-06 7.454522394285947e-07 4.308177045577841e-06 6.553905249477473e-07 0.0 0.0 9.233405089802121e-08 5.861004232450424e-07 1.545710806127195e-07 3.786724143058303e-07 4.985718513670575e-05 7.255616932759167e-07 0.0 2.2007325178618898e-07 1.5589577665965207e-07 0.0 0.0 0.0 1.7959291295191724e-07 1.5161869057800802e-07 4.905364151271784e-06 5.134943920491667e-06 1.125146596566427e-05 1.3833759125827673e-05 0.0 5.214469354736103e-06 1.2506488585967597e-07 4.058567171252277e-06 6.100638248885793e-07 8.391135521440412e-08 9.197125806099857e-08 0.0 3.218094827349025e-07 0.0 2.703374753106572e-05 9.265410262057365e-08 0.0 1.973613982652904e-05 6.877791838974974e-06 3.1430913686472593e-05 1.266603044100907e-05 3.9829039148910634e-06 7.629069449950183e-07 1.74256596934141e-05 0.0 3.750869171429217e-06 4.673786452714999e-06 0.0 7.141908621146642e-07 5.233300865785291e-07 8.117982883692987e-08 0.0 2.410884231430192e-07 0.0 1.9804995187160713e-07 0.0 2.95087024529803e-07 0.0 1.1264784844739765e-07 4.859680749858426e-05 5.955326423648732e-06 0.0 3.0909181997878795e-06 1.0682177057320156e-06 3.3373580024509505e-07 0.0 5.543064263450639e-07 2.0379349133852754e-06 1.6218966500895962e-06 7.438896223873788e-06 1.7265766493730969e-06 1.0542119183431218e-05 1.2768394296158868e-05 5.324561802432729e-06 2.2509861964844216e-06 1.0760361867593675e-05 1.953323177488439e-05 8.258343370360915e-06 1.0847085615397834e-05 0.0 8.509043993424331e-07 0.0 0.0 0.0 0.0 0.0 0.0 0.0 0.0 0.0 0.0 7.867454653149088e-08 0.0 0.0 0.0 9.908780472226257e-08 0.0 0.0 6.191571110593017e-07 4.933511619446852e-07 0.0 0.0 0.0 2.962856209565225e-06 1.1874898047377804e-06 7.813446973793725e-06 3.7932682029190238e-06 1.3204972672182768e-06 0.0 0.0 0.0 0.0 0.0 0.0 0.0 0.0 3.595462425885068e-07 0.0 0.0 0.0 0.0 6.897882100436415e-07 0.0 0.0 0.0 1.8031587359980002e-07 0.0 0.0 1.143984552854795e-06 6.107650979613948e-07 9.75155521166157e-06 1.0991033132172854e-07 0.0 0.0 0.0 0.0 0.0 0.0 0.0 0.0 5.416307888949311e-06 0.0 0.0 1.1502286308882512e-07 0.0 5.83881521220472e-06 1.245161641379755e-06 1.8407538629501674e-06 1.432056654196669e-07 2.6916319053707695e-07 0.0 0.0 1.8914401435140574e-07 0.0 7.619229097925191e-08 0.0 0.0 0.0 0.0 0.0 0.0 6.322610864128099e-06 6.492168390944159e-06 9.160639145330744e-06
0.0012298409031669011 0.0007341667372611214 5.097067281704444e-06 0.0005785324888530453 1.4792180638508708e-05 0.0006768474488264137 0.0005251695864255951 1.7300521129054866e-07 6.409038481723516e-06 0.0 2.0583939288040994e-06 0.0008199742330276245 0.0025235676190698293 0.0002949280950584043 4.908837677143778e-07 2.720230350670335e-07 0.0 0.0 1.067692593839304e-07 0.0 0.0 0.0 0.0 1.1672274233329016e-07 0.0 0.0 0.0 1.716638644004632e-07 3.6227374550601643e-07 0.0 3.732657740149269e-05 0.0 6.755180312047708e-05 0.0 0.0 4.3579037042751e-07 5.958355293791061e-05 6.048846482699026e-07 8.642325317832939e-06 4.7131076676942877e-07 0.0 0.0 0.0 0.0 0.0 0.0 4.483572618728238e-06 8.355952467625435e-08 0.0 0.0 0.0 1.4321895054078743e-07 1.2604988929981612e-06 0.0 8.529603577565572e-08 2.9737258681242766e-07 4.378294093332753e-05 2.698288847874603e-05 8.770096339015674e-06 3.882857400839482e-06 0.0 1.2797278199721086e-06 0.0 8.618689973352919e-07 1.7274077693946696e-07 1.528100791450794e-07 7.146954300667315e-08 0.0 0.0 0.0 0.000283078727499959 4.939514692820981e-07 0.0 2.6606771506669933e-05 1.1904117018049245e-06 1.4374282576767498e-06 3.8691529866009745e-07 4.892091965663917e-07 0.0 6.420544403960285e-06 0.0 0.0 2.0531055558375146e-06 0.0 0.0 3.8155878759905926e-07 1.353072520493874e-07 0.0 6.46948245265333e-08 0.0 6.184552158019557e-08 0.0 0.0 0.0 0.0 9.944377521702348e-05 6.500025414229234e-05 1.1168101872111865e-06 9.805111611688521e-06 0.0005252945060580319 7.89668897103895e-07 1.771059798756327e-05 5.684457078691781e-05 9.833501115571569e-05 7.80131211188e-06 0.00016043040593058134 6.002555423875001e-05 2.409329148154806e-05 5.092093677224912e-05 5.422393994922999e-05 2.4543937615725213e-06 6.407933369411358e-05 7.231711748033326e-05 2.903501892921045e-05 7.216302449223943e-06 2.745398603769073e-07 9.827343035291384e-08 0.0 0.0 0.0 0.0 0.0 0.0 0.0 0.0 0.0 0.0 2.6196104313553313e-07 0.0 0.0 0.0 0.0 0.0 7.956639176325264e-08 1.9576451224821846e-06 4.208519699061813e-06 0.0 0.0 0.0 1.1723886040047262e-06 0.0 3.7097287896170253e-06 2.2208265539094835e-06 5.714162342866789e-07 0.0 0.0 0.0 0.0 0.0 8.060187273808385e-08 0.0 8.495882835164558e-07 7.598231495874393e-07 0.0 0.0 0.0 2.94890988998121e-07 0.0 4.60666036806547e-07 0.0 0.0 1.2862252100674658e-06 1.0662337429564356e-06 8.129438130481122e-07 0.0 5.462161075632725e-07 9.614486999623511e-06 6.513715032327047e-07 7.724579752877034e-08 7.456591246733773e-08 7.875884364703984e-08 0.0 0.0 0.0 0.0 0.0 7.227660042668611e-06 0.0 0.0 0.0 0.0 7.46751302657979e-06 8.381177369144292e-07 2.5168261098252993e-06 1.245523699446475e-06 1.7654295845723707e-06 1.0204044837123992e-06 8.159644952420186e-08 0.0 0.0 0.0 0.0 1.3245006217342815e-07 0.0 0.0 0.0 0.0 3.3647384533878024e-06 1.916823530246784e-06 5.694501181336634e-06
5.7404841130490543e-05 0.0013768902040908562 0.003838620576652524 3.727086624014815e-06 0.0014830710892337325 2.3290592268628402e-06 8.321723041966105e-05 0.0016474014095051869 0.0005970303873893338 2.0583939288040994e-06 0.0 3.298567032090473e-05 0.00013277323831114958 0.001962783401382867 3.594297057075067e-05 3.060711865522979e-05 3.4660344028603784e-06 7.673476241292475e-07 1.4636600848632675e-06 2.167158818404951e-06 1.8083615674799748e-06 4.932020699395606e-06 1.361216783859584e-05 6.514956403051412e-06 1.9113373180059352e-05 1.8460019894659707e-06 5.837223059767556e-06 3.398834550827786e-06 4.1073029329405e-06 3.0900134545968494e-06 0.00047223722609391727 0.00010933298699026643 0.0003181033803330083 9.945295504609969e-06 3.1198810556042474e-05 4.9625090983509585e-05 0.00024550852561562304 9.550107933746273e-05 0.00010477044076756786 2.2725456240556924e-05 5.46480138975801e-07 2.4661964302769943e-06 1.7085704868432648e-06 3.697849864791366e-06 3.7046753416780707e-06 3.293595095065483e-06 5.6715391548821864e-05 1.770098006947076e-06 4.34930262532377e-07 1.5909084414124437e-06 8.846010187603553e-07 4.152906345125487e-06 9.83915981277078e-06 7.586537780569582e-06 2.365611122198594e-07 2.1711578354059422e-07 1.5119714041158339e-05 3.507116859885326e-05 1.4445110730481033e-05 1.8981758273218595e-05 6.198189003018039e-06 0.0001761362441920616 6.775533032276207e-06 1.233377724724478e-05 4.869821966620159e-07 2.1310816261637943e-07 6.81169703999887e-07 3.7876250070029757e-07 3.6551786423833294e-06 2.9880552578354443e-06 6.259724402940791e-05 8.368123374762965e-06 1.244034622246552e-06 4.5727950732361827e-05 2.1396433018725213e-05 5.863082890526452e-05 2.277313411077608e-05 1.4731418405377566e-05 2.519820352139437e-06 0.00045506632468590377 3.636009539933393e-07 4.05157720951516e-05 6.773798055898647e-06 1.8485518972161725e-07 8.236262296168491e-07 7.823209155739402e-07 4.5507054170451316e-07 4.6255891176684434e-07 5.542784458178868e-07 0.0 4.7265283657868307e-07 1.6611422844623308e-06 6.35490192128681e-06 1.0844777044138717e-06 1.5775814561613458e-06 3.4081204161469836e-05 2.27801638478814e-05 3.2445504987529602e-06 2.474201063582899e-05 2.800726067468918e-05 7.602450499548711e-07 9.612523456351671e-08 2.552693252568918e-06 1.8290290976744946e-06 2.3144457536205576e-06 2.3040925497008906e-06 1.0165954344625237e-06 6.316751556859514e-06 4.522623710812165e-06 3.5704947058233335e-06 1.9456126721422014e-06 7.950999197992072e-06 8.139130775898546e-06 5.795667994928488e-06 3.9674685773627965e-06 1.117190383438366e-06 1.621203115807228e-06 1.4043012985639315e-07 1.2825807552909918e-06 0.0 1.1303912548478898e-07 7.848761267065699e-08 0.0 1.2695413792833503e-06 8.353847706241839e-08 0.0 2.0303658311754048e-07 2.337143311948192e-06 0.0 2.4964721724853474e-07 9.829683041683217e-08 2.068680914513007e-06 8.259775597671442e-07 1.1352820874528082e-06 1.4766528977657514e-06 2.5286031563782454e-06 5.794977713782381e-07 1.846382807877681e-06 0.0 1.519892085766742e-06 5.071456951682782e-06 1.1060430368126157e-05 1.4434658664402233e-05 3.3743084691970217e-06 2.6276046729944606e-07 0.0 7.403971619587259e-08 0.0 1.4665274785655294e-06 1.1503599770054488e-06 8.741748948136998e-08 0.0 4.250491485322791e-07 0.0 0.0 0.0 7.875093212631544e-06 4.061270177875981e-07 0.0 8.77989656310122e-08 0.0 0.0 3.888517680165071e-07 0.0 2.292968630989224e-06 1.9942604095332585e-06 1.0977610632707947e-05 2.038613450057671e-07 0.0 8.327968385108108e-08 0.0 0.0 0.0 0.0 9.267433843173629e-08 1.241979991159426e-07 6.8117999670969354e-06 2.065391608592179e-06 1.7314750785548556e-07 0.0 0.0 9.093552299785612e-06 2.3427932511594387e-06 5.96675765411399e-06 8.725446646832625e-07 1.2551314907450537e-06 1.0469649665446929e-06 4.392600091275796e-07 9.878123484965375e-07 6.874909151384392e-08 1.1009806513410176e-07 1.1787507548853935e-07 0.0 7.065810179296876e-08 2.0258494232954485e-07 1.1015652677771243e-07 9.752897174810624e-08 5.996250154881793e-06 1.1823002103798345e-05 2.079204310196623e-05
0.0002420601822654928 1.4980155763670785e-05 1.413181602081472e-06 0.00034456051158924736 5.263411788348698e-06 0.0003626696878963387 0.000498207883626395 1.7907004566396926e-06 1.2682418064552074e-05 0.0008199742330276245 3.298567032090473e-05 0.0 0.0006306746745819582 0.00040891533345962275 1.2587417111509826e-05 1.1787189381461677e-05 6.826765934540868e-07 2.9073953678712716e-07 1.0605965437141486e-06 0.0 2.5919202569591355e-07 1.3965601615918602e-06 9.821873736988862e-08 0.0 7.123672866599443e-07 1.1690644676013177e-07 6.454311105058622e-07 1.8779475742198765e-06 1.8262865556680452e-06 4.126554400771157e-07 2.99081693942317e-06 0.0 0.00010574861231935786 8.968203377799359e-08 1.04162013477613e-06 4.953157765590336e-06 0.00013218902202265364 1.433793290325533e-05 9.150500013776027e-05 7.953076932864767e-06 3.8738081120034245e-07 5.685311883204486e-07 2.3033364947615452e-07 2.3511616390218826e-06 1.1804851624085248e-06 6.820225708521969e-07 1.4209283067162572e-05 3.6907523569767393e-07 0.0 6.524954884756253e-07 0.0 1.4412999460949408e-06 1.3280469574177192e-05 2.335156907839024e-06 0.0 0.0 2.8803452376645116e-06 3.161085356507218e-06 1.9311894570038163e-06 2.85159116919992e-06 9.046297965390368e-07 5.356143705514568e-06 7.251327829627732e-07 1.2019015302018341e-06 1.5284045952687467e-07 9.705653814565383e-08 0.0 3.073003587267553e-07 4.5006778699088627e-07 0.0 0.0001261038054765665 2.104684872672125e-06 3.217687029830954e-07 3.900251736729733e-06 1.0076569774308554e-06 1.425540001268244e-05 5.6251779794169e-06 6.496875056928013e-06 4.373304134288416e-07 2.1669783523004516e-05 2.410153668279901e-07 1.5093758517233514e-06 5.088928871021219e-07 0.0 0.0 1.738106558304912e-07 0.0 1.3577054842759002e-07 1.3802233497855237e-07 0.0 3.023771428984099e-07 0.0 3.444935248443049e-07 0.0 6.640702776515829e-07 0.00025021732536058527 5.664203538232804e-05 6.465313105230122e-07 2.649366219284453e-05 4.6828883878432535e-05 9.97982327960286e-08 6.9182263850277916e-06 1.3842316782224334e-05 2.4884871670274356e-05 5.277736206509188e-06 2.4323363297997033e-05 2.2536168234928432e-05 2.947803072290882e-05 4.307645234831682e-05 4.50626624307197e-05 6.837306487111055e-06 6.322391219359986e-05 0.00010062591154459053 7.38549689996088e-05 1.792484420864409e-05 1.2317730657856923e-06 1.1754039828162044e-06 1.0418931493481667e-07 7.420304259794457e-07 0.0 0.0 0.0 1.2206967767812367e-07 8.656139912063469e-08 2.5248004119316145e-07 0.0 2.1713277806663066e-07 2.2818400784841962e-07 0.0 1.9246304884166287e-07 2.749841593874416e-07 7.971010690891935e-07 4.952246306731942e-07 5.652915979064016e-07 3.920084247879622e-06 5.1191910555323715e-06 9.02459504310452e-07 2.7462695436006056e-07 5.342137057733352e-07 5.327206655542304e-06 2.3516403537253107e-06 1.3349104491866886e-05 9.35627370574767e-06 3.4344545203968723e-06 0.0 3.1416175640036136e-07 0.0 1.0816058250574224e-07 5.070186124965067e-07 5.991588025459198e-07 0.0 1.371797904638838e-07 8.667515815510043e-07 0.0 9.070418815273553e-08 1.353311320842294e-07 2.6684841224656425e-06 2.0503574497236908e-07 0.0 0.0 0.0 1.067877625593144e-06 4.177598538174794e-07 5.289826271136707e-07 1.2666661697582705e-06 1.2676598577093447e-06 2.18542166879218e-05 1.903249561439297e-07 9.571024933272517e-08 0.0 6.673366990328172e-08 0.0 0.0 0.0 0.0 0.0 2.4717027527069868e-05 1.2783179972302533e-06 0.0 1.175649550162091e-07 0.0 1.623958650211791e-05 2.443409431441692e-06 7.603173762400509e-06 1.7012149739177059e-06 1.931702830348384e-07 1.1367867962983667e-06 0.0 2.675756564868013e-06 1.7684047524864696e-07 0.0 0.0 0.0 0.0 0.0 1.1998749270464214e-07 0.0 1.1619591617405737e-05 7.934808101802807e-06 1.82423891141692e-05
