0.0 0.001337081309946484 0.000448098223484606 0.001401389119338217 3.440906575749685e-06 3.525514771650262e-05 0.00016311770556097998 4.843655655638228e-05 8.744540343907333e-07 0.0006372442373212268 3.0968093781779284e-05 3.6396434199776294e-05 6.096897423203859e-05 6.103574077192108e-06 4.801311710541043e-07 8.423951335693295e-07 9.198652573124566e-07 0.0 0.0 0.0 0.0 2.071839525824948e-07 0.0 1.0027320250799575e-07 1.3805872590997574e-07 9.361772113329063e-08 8.029484351669687e-08 1.0381520431543456e-07 0.0 0.0 0.0010019403302807793 1.4866351829958236e-06 2.4761557819159396e-06 0.0 0.0 0.0 0.0 0.0 0.0 0.0 0.0 0.0 8.684674638523712e-08 0.0 1.1633284427831613e-07 0.0 1.9716975160215668e-05 4.627602893634605e-06 2.727939156045365e-07 0.0 0.0 0.0 0.0 0.0 1.6859931766647845e-06 7.001539817407998e-07 8.22174726862965e-05 0.0005416816915626509 2.267202069122385e-05 1.8205807617159956e-05 0.0 0.0 0.0 0.0001060303306281247 0.0 3.8952495017500327e-07 9.412193265511432e-08 5.107886427370834e-07 0.0 0.0 8.376986373671672e-08 0.0 0.0 7.329291967327836e-05 3.598107569114778e-05 6.878406596953101e-05 1.2099150383561824e-05 4.3427995036378554e-07 1.2443543635708056e-06 6.083209064944508e-06 1.0425869043378817e-07 1.95046015536724e-07 6.243086583847205e-06 0.0 4.5283712754598953e-07 7.837788417196284e-07 4.858582417602161e-07 0.0 5.226631874091864e-07 1.237310102540199e-07 2.302930132204699e-07 0.0 0.0 0.0 1.8867525203911937e-07 3.991798868924413e-06 1.6039337993109224e-06 0.0 1.0154773303885068e-07 0.00098183038441013 0.0 0.0 0.0 0.0 0.0 0.0 2.446151053402918e-06 0.0 0.0 0.0 0.0 0.0 7.634739705549471e-07 0.0 0.0 0.0 0.0 0.0 0.0 0.0 0.0 0.0 0.0 0.0 0.0 0.0 0.0 0.0 0.0 0.0 0.0 0.0 0.0 0.0 0.0 0.0 0.0 0.0 0.0 0.0 0.0 5.806005471054185e-07 0.0 0.0 0.0 0.0 0.0 0.0 0.0 0.0 0.0 0.0 1.4221006246048483e-06 0.0 0.0 0.0 0.0 0.0 0.0 0.0 0.0 0.0 0.0 0.0 0.0 0.0 0.0 0.0 0.0 0.0 0.0 0.0 0.0 0.0 0.0 0.0 0.0 0.0 0.0 0.0 0.0 0.0 0.0 0.0 0.0 0.0 0.0 0.0 0.0 0.0 0.0 0.0 0.0 0.0 0.0 0.0 0.0 5.51025632488526e-07 0.0 5.592255917020598e-07
0.001337081309946484 0.0 0.0010284102086393584 0.0002505424642432433 0.0006688568609314922 0.00014548215463764186 0.0011410963343300633 9.667745206689707e-05 0.0001753660309955043 0.0002746286639648972 0.0004392843782244731 1.948148692221895e-05 0.0006784109175614321 0.0006004535739778582 2.9729966755174343e-06 1.0996207902335639e-06 0.0 0.0 0.0 5.715888743848432e-07 0.0 0.0 0.0 1.2606041950905274e-07 0.0 8.58803944212909e-08 7.351508638682187e-08 0.0 8.784469559283527e-08 0.0 0.0017864303564691939 9.752408620443053e-05 2.7400102670296376e-05 9.61878440951767e-08 0.0 8.953640463706777e-08 1.0983738501768655e-06 1.4255417190857863e-07 0.0 4.814213684051572e-07 0.0 9.521777532531704e-08 0.0 1.5005087453883215e-06 1.8601003859592036e-07 9.393337724590228e-08 0.00011660540682934265 1.2045868696710129e-05 1.5764014496723618e-06 4.249708189420566e-07 2.9005444594268426e-07 3.6622279136503316e-07 0.0 3.3154767215899624e-07 1.9179593588337958e-06 1.1205392287309339e-06 0.00010554001153389988 0.00047657460207381166 4.7761955861326145e-05 5.56515238046447e-05 1.6938885159553698e-07 7.060249271041854e-07 0.0 0.00024250643931485833 5.166942343551185e-07 8.186014952748136e-07 8.88058036093367e-07 1.1028045464289525e-06 1.9903779479356614e-07 1.875742075979928e-07 1.556065468930052e-06 3.8755042119711546e-07 0.0 0.00017571246335063937 0.00010898410551235666 0.00022371209896835404 0.00011204111338917871 5.2343215061880285e-06 3.7780575524925844e-06 0.00023230488665200444 9.874336343666525e-07 1.9900149047443474e-06 2.037419598295277e-05 1.2980271585738288e-07 1.8897538631332412e-06 1.5475127558389734e-06 1.4244287070568248e-06 0.0 5.174946656427914e-07 3.6253499938332495e-07 6.4568459527087e-07 0.0 1.2215518120124502e-07 3.1651701448631253e-07 4.235206144144462e-07 2.026343115996251e-05 4.954061186511515e-07 0.0 0.0 0.00028304752812678897 0.0 0.0 0.0 0.0 0.0 2.3390427239010678e-07 1.4934080996211985e-06 3.7350521793768255e-07 0.0 0.0 0.0 6.793330764482509e-07 3.994040094103447e-07 1.609726146970062e-07 1.0485354457131388e-06 0.0 0.0 0.0 0.0 0.0 0.0 0.0 0.0 0.0 0.0 0.0 0.0 0.0 0.0 0.0 0.0 0.0 0.0 0.0 0.0 0.0 0.0 0.0 0.0 0.0 0.0 0.0 0.0 0.0 0.0 0.0 0.0 0.0 0.0 0.0 0.0 0.0 0.0 0.0 0.0 0.0 0.0 0.0 0.0 0.0 0.0 0.0 0.0 0.0 0.0 0.0 1.5513742272194653e-07 0.0 0.0 0.0 0.0 0.0 0.0 0.0 0.0 0.0 1.0556183070472393e-07 0.0 0.0 0.0 0.0 0.0 0.0 0.0 0.0 0.0 0.0 0.0 0.0 0.0 0.0 0.0 0.0 9.95972271043846e-08 0.0 0.0 0.0 8.76881055931564e-07 8.150208492300052e-08 0.0
0.000448098223484606 0.0010284102086393584 0.0 7.024951389142872e-06 0.0004792086233436958 8.725372257391942e-07 0.00041779017156367854 0.0016724804897222231 0.00012334192044252681 2.876402205825906e-06 0.0014596377252315321 8.651796898120573e-07 7.666239928265562e-05 0.0004112708065191424 2.6570325337140537e-06 4.790398403929715e-06 1.02398317482062e-06 9.842479890145938e-08 4.0923345851285554e-07 2.7875733518691636e-06 4.1774867184403535e-06 4.084059727443139e-07 9.295977970711864e-07 2.2110786143958634e-06 2.8001381548479804e-07 3.7502217559655666e-07 2.0343586574930182e-07 2.673860772285464e-07 0.0 8.782366005298468e-08 0.002653121054660661 0.00036325833589193117 0.00011566589844608666 1.5306084677281279e-06 2.8821028986328404e-06 3.81206940636535e-07 9.013760019026189e-07 2.1082457188281543e-06 3.3232547750050564e-07 7.408358195607533e-07 2.7447114140719176e-06 6.807801880309878e-07 6.222112525062761e-07 6.62250570569227e-06 9.838878586392615e-07 2.3087226204522427e-06 5.34551078050551e-05 4.2285183977311885e-06 1.158558779103833e-06 9.438683240006938e-07 8.336097115236132e-08 5.892375077972018e-07 2.3045036679091443e-07 1.794145269620174e-07 1.2300153217616057e-06 1.0355997749196843e-06 4.4622021703908115e-05 0.0003381982161656303 1.767712120957301e-05 2.1435953183680003e-05 8.99306808602016e-06 2.4160855898209754e-05 4.213492493703893e-06 0.00025742530955086626 7.72588545199996e-08 7.953038089334249e-07 6.672331861391355e-07 7.249124167400499e-07 3.5446821253486e-07 2.2632034695706257e-06 1.5193318007229003e-05 3.3712775153866766e-06 0.0 6.981719637065337e-05 5.0588544977387705e-05 8.952240417606771e-05 4.62508922131005e-05 1.1927615819033774e-05 0.00020541823096663017 0.00036255009447442015 1.6495748517610474e-05 0.00019091936757513803 5.883463187870716e-06 0.0 9.762850530623253e-07 8.233728855554707e-07 4.340587608714469e-07 0.0 1.704685617464558e-07 0.0 8.339858733703149e-08 1.1140488684359581e-07 1.423019194085207e-06 0.0 3.1998870012514053e-07 6.858268706149784e-06 3.8565866276302e-06 0.0 1.6521918407458657e-06 9.361073577880103e-05 0.0 0.0 0.0 0.0 6.502586214001678e-07 0.0 3.807399147473962e-07 2.1336810254820868e-07 0.0 2.012737812972208e-06 2.441034953537421e-07 9.95720433279578e-07 2.324031124743813e-06 1.7379862126378602e-06 2.3165149963109263e-06 0.0 0.0 0.0 0.0 0.0 0.0 0.0 0.0 0.0 0.0 0.0 0.0 3.747273880750665e-07 0.0 0.0 0.0 1.8523894635067076e-07 0.0 0.0 3.793362713416188e-07 1.3360198126278126e-06 0.0 0.0 0.0 1.0025610871550396e-06 1.0041930900617264e-07 2.56008213811913e-06 4.237113665174605e-07 0.0 0.0 0.0 0.0 0.0 0.0 0.0 0.0 0.0 0.0 0.0 0.0 0.0 1.021161143800264e-06 0.0 0.0 0.0 0.0 6.668547748779804e-08 0.0 0.0 0.0 1.2480951661673502e-07 5.525372899645938e-06 1.0407668117210691e-07 0.0 0.0 0.0 0.0 0.0 0.0 0.0 0.0 3.168287666346988e-06 0.0 0.0 0.0 0.0 3.254413624775048e-06 0.0 2.7973771040475745e-06 0.0 0.0 0.0 1.3833440219538602e-07 0.0 0.0 0.0 0.0 0.0 0.0 0.0 0.0 0.0 7.425372678666274e-06 1.508692475428045e-06 6.214787254174192e-07
0.001401389119338217 0.0002505424642432433 7.024951389142872e-06 0.0 0.0 0.000298846563739566 0.00021286329906133915 0.0 0.0 0.0006597493799994447 0.0 0.00019462154312124543 0.0005179823917684388 7.103447258178295e-05 0.0 0.0 3.2031819980209407e-07 0.0 0.0 0.0 0.0 1.9735385325861854e-07 0.0 0.0 0.0 0.0 0.0 0.0 0.0 0.0 0.00019510501078022152 3.861061213824456e-07 1.0584614087545464e-06 0.0 0.0 0.0 0.0 0.0 0.0 0.0 0.0 0.0 0.0 2.9089307334219105e-07 0.0 0.0 5.396265217707594e-06 0.0 0.0 0.0 0.0 1.7584300158987597e-07 8.665420178008016e-08 0.0 0.0 0.0 6.1904891143942705e-06 5.292696469256612e-05 2.7171608318747977e-06 1.8669728303873717e-06 0.0 0.0 0.0 1.1805079783847871e-05 0.0 0.0 0.0 0.0 0.0 1.183988523729058e-07 4.355618283960703e-06 1.027319109175855e-06 0.0 8.220125258043732e-06 2.049946800905618e-06 7.975941583366207e-06 2.1589541282656596e-06 1.0596150771924003e-06 0.0 0.0 0.0 0.0 8.73262521312054e-07 0.0 0.0 0.0 1.4381831647113638e-07 0.0 0.0 0.0 0.0 0.0 0.0 0.0 0.0 3.529106900252913e-05 8.25108524082361e-07 0.0 0.0 0.0002999514504969031 0.0 0.0 0.0 0.0 0.0 0.0 7.869743765871849e-06 0.0 0.0 8.95742422484732e-07 0.0 0.0 1.7079826439791667e-06 0.0 0.0 0.0 0.0 0.0 0.0 0.0 0.0 0.0 0.0 0.0 0.0 0.0 0.0 0.0 0.0 0.0 0.0 0.0 0.0 0.0 0.0 0.0 0.0 0.0 0.0 0.0 0.0 0.0 0.0 0.0 0.0 0.0 0.0 0.0 0.0 0.0 0.0 0.0 0.0 0.0 0.0 0.0 0.0 0.0 0.0 0.0 0.0 0.0 0.0 0.0 0.0 0.0 0.0 0.0 0.0 0.0 0.0 0.0 0.0 0.0 0.0 0.0 0.0 0.0 0.0 0.0 0.0 0.0 0.0 0.0 0.0 0.0 0.0 0.0 0.0 0.0 0.0 0.0 0.0 0.0 0.0 0.0 0.0 0.0 0.0 0.0
3.440906575749685e-06 0.0006688568609314922 0.0004792086233436958 0.0 0.0 0.0 0.0010305514915609861 3.83548244373433e-05 0.0014074376769731016 2.4443655806804295e-06 0.0008270131822581263 2.2815091692463458e-06 0.00046488199570139335 0.0012762049407948827 3.8457717856218636e-07 2.496017408598585e-07 1.5343934326568748e-07 1.2195855074561576e-07 0.0 0.0 0.0 2.163032720861567e-07 0.0 0.0 0.0 0.0 0.0 0.0 0.0 0.0 0.00012422934789569723 7.840090665650468e-05 4.070755794113896e-06 0.0 0.0 0.0 1.0199613975132138e-07 0.0 0.0 0.0 0.0 8.693985105535273e-08 0.0 1.056898540195205e-07 0.0 1.948781178360286e-07 4.063785486098159e-05 6.700050798201481e-07 1.3452313844843948e-07 0.0 0.0 0.0 0.0 8.90657322362172e-08 1.012352612535748e-06 5.155571289885338e-07 4.263963730504954e-06 2.1720905707218996e-05 2.9798951200134455e-06 7.712321412550978e-06 0.0 7.315298338045492e-08 0.0 3.3749982525033526e-05 0.0 0.0 1.5765215385291444e-07 5.369231394547297e-07 0.0 0.0 2.3638075732462206e-06 0.0 0.0 1.557099716306039e-05 1.0685367891510297e-05 2.1083587396029587e-05 2.6602614056067533e-05 5.0860029022051495e-06 2.1600186636557917e-06 2.3957722622638323e-05 3.9131698661857324e-07 5.232634120237199e-07 3.810468227466097e-06 0.0 8.661332570180743e-08 3.076940201898023e-07 1.0957177222592329e-07 0.0 0.0 0.0 0.0 9.737615000090475e-08 0.0 1.657217964033223e-07 0.0 0.0 0.0 0.0 0.0 2.539047564813822e-07 0.0 0.0 0.0 0.0 0.0 0.0 0.0 0.0 0.0 0.0 0.0 0.0 0.0 0.0 0.0 0.0 0.0 0.0 0.0 0.0 0.0 0.0 0.0 0.0 0.0 0.0 0.0 0.0 0.0 0.0 0.0 0.0 0.0 0.0 0.0 0.0 0.0 0.0 0.0 0.0 0.0 0.0 0.0 0.0 0.0 0.0 0.0 0.0 0.0 0.0 0.0 0.0 0.0 0.0 0.0 0.0 0.0 0.0 0.0 0.0 0.0 0.0 0.0 0.0 0.0 0.0 1.7308915594514284e-07 0.0 0.0 0.0 0.0 0.0 0.0 0.0 0.0 0.0 0.0 0.0 0.0 0.0 0.0 0.0 0.0 0.0 0.0 0.0 0.0 0.0 0.0 0.0 0.0 0.0 0.0 0.0 0.0 0.0 0.0 0.0 0.0 0.0
3.525514771650262e-05 0.00014548215463764186 8.725372257391942e-07 0.000298846563739566 0.0 0.0 1.930845384347319e-05 2.2423329629320217e-06 0.0 0.00018197039139531554 1.6018160986177771e-06 2.9158816824145067e-05 2.3622999418705534e-05 1.6958821403531414e-05 0.0 4.987162726079231e-07 1.4454801421837592e-07 0.0 0.0 0.0 1.380147217397286e-07 1.710793492949391e-05 0.0 0.0 0.0 3.322438219984875e-07 0.0 0.0 0.0 0.0 0.00019287609489792315 3.6961968836666884e-07 1.435475466331351e-05 0.0 0.0 0.0 3.720256058308024e-06 3.292999711266328e-07 8.319096286826065e-07 0.0 1.6558075108766587e-07 0.0 0.0 0.0 0.0 0.0 9.203775526674728e-07 0.0 0.0 0.0 0.0 1.9288661614741138e-05 8.279573424656193e-06 2.845408499402776e-07 0.0 0.0 5.074753678934932e-05 3.055176243654671e-05 4.973869477468642e-07 0.0 0.0 1.5498529991878393e-06 0.0 5.489401089661968e-07 0.0 0.0 0.0 0.0 1.2273803436119008e-07 0.0 3.841908463746514e-05 0.00019966477672023086 1.3698507863395115e-05 5.290278528847961e-07 1.9284063161376763e-07 5.626555094049314e-07 7.760661926658034e-07 1.9325009533851165e-07 1.6825862627394111e-07 2.727508955531126e-06 0.0 1.3381100370748786e-06 0.0 0.0 0.0 1.789753639370666e-07 1.663790296154124e-07 0.0 0.0 2.620274606099227e-06 0.0 0.0 0.0 0.0 0.0 0.0001378520477417478 0.00034456953129698273 9.444372401928766e-05 1.151267195832738e-05 0.00021020633121586428 0.0 0.0 0.0 0.0 0.0 0.0 0.00013743354172237167 3.588039588940376e-07 2.521880402749046e-06 1.1018800142429366e-05 0.0 7.572235507306062e-07 1.3429304443810405e-06 1.259376085093102e-06 1.967077722216238e-06 0.0 0.0 0.0 0.0 0.0 0.0 0.0 0.0 0.0 0.0 0.0 0.0 0.0 0.0 1.728280657065797e-07 9.923101100854227e-07 0.0 5.659837641186337e-07 0.0 0.0 1.4063700563528837e-06 0.0 1.3281776596875692e-07 0.0 0.0 0.0 2.7899371481689775e-07 0.0 0.0 0.0 0.0 0.0 0.0 0.0 0.0 0.0 0.0 0.0 0.0 0.0 0.0 8.864039783809054e-07 0.0 0.0 0.0 0.0 0.0 0.0 0.0 0.0 0.0 6.495425343677271e-07 0.0 0.0 0.0 0.0 0.0 0.0 0.0 0.0 0.0 9.902191651227897e-07 6.865419225652995e-07 0.0 0.0 0.0 6.506101627027333e-07 0.0 1.2385985073891092e-07 0.0 0.0 0.0 9.567118171288171e-08 0.0 0.0 0.0 0.0 0.0 0.0 0.0 0.0 0.0 8.968866750142717e-06 1.633103538149373e-07 0.0
0.00016311770556097998 0.0011410963343300633 0.00041779017156367854 0.00021286329906133915 0.0010305514915609861 1.930845384347319e-05 0.0 3.868351688204519e-05 0.0012535474094959788 0.00022986068899538505 0.00097152576503562 9.540852777980236e-05 0.0005743890745040299 0.0019190139943048884 3.3381352491158658e-06 1.8397302510216577e-06 1.4496518394497834e-07 0.0 0.0 0.0 3.014882020364228e-07 0.0 0.0 1.9802163060095959e-07 0.0 0.0 0.0 0.0 0.0 0.0 0.00011293797246141733 7.945372177137761e-05 2.2838693550602247e-05 8.926291625868459e-08 8.539862432335125e-08 0.0 4.4224860123465e-06 0.0 0.0 0.0 0.0 0.0 3.861171399985578e-07 5.785586938558785e-07 2.0498297962069344e-07 3.4767088624795447e-07 6.304858045876508e-05 2.8069220110084895e-06 3.375616222889099e-07 9.79448388792128e-08 0.0 0.0 0.0 0.0 7.002983308839349e-07 7.349122589874157e-08 6.068263454469073e-06 2.4989773489345257e-05 5.560135412118204e-06 1.3867268144239293e-05 6.408244893143142e-07 0.0 0.0 4.654646863762914e-05 8.557912225969655e-08 8.898158129003967e-08 3.105102870856208e-07 2.936300044446466e-07 8.42829411147264e-08 0.0 2.1522948580334847e-05 1.2052112218915933e-06 0.0 2.2399054950230096e-05 1.598654659074065e-05 3.322392632437735e-05 5.801416984528925e-05 8.44615692253072e-06 2.270276313980988e-06 2.9175668918811175e-05 4.0391665112803184e-07 2.0734065505289634e-06 2.649864546101727e-06 0.0 3.9057309383598333e-07 2.707965585846554e-07 7.765743933835721e-07 0.0 1.6639839566797324e-07 0.0 0.0 0.0 1.4617159060763707e-07 3.56296678948447e-07 0.0 4.784403837425913e-05 1.045570234190751e-06 0.0 1.3244152328372349e-06 3.6203578577924023e-06 0.0 0.0 7.22838711430377e-07 0.0 0.0 0.0 1.1264679717442898e-05 0.0 8.6752569728546e-07 9.863750564101117e-07 0.0 7.081255111592229e-07 1.5448013239581754e-06 9.002001292838117e-07 3.7669724951796315e-06 0.0 0.0 0.0 0.0 0.0 0.0 0.0 0.0 0.0 0.0 0.0 0.0 0.0 0.0 0.0 0.0 0.0 0.0 0.0 0.0 4.388807585839206e-07 0.0 0.0 0.0 2.730018194927589e-07 0.0 4.3684428284080875e-07 1.2491131140753247e-07 0.0 0.0 0.0 0.0 0.0 0.0 0.0 0.0 0.0 0.0 0.0 0.0 0.0 0.0 0.0 0.0 0.0 0.0 0.0 0.0 0.0 0.0 0.0 6.477946251092571e-07 4.039363862251515e-07 0.0 0.0 0.0 0.0 0.0 0.0 0.0 0.0 1.6517239888998573e-06 0.0 0.0 0.0 0.0 2.1291955261130213e-06 0.0 2.2964516428430306e-07 0.0 0.0 3.792137397613279e-07 0.0 0.0 0.0 0.0 0.0 0.0 0.0 0.0 0.0 0.0 4.758296474270114e-06 2.521667235582473e-07 0.0
4.843655655638228e-05 9.667745206689707e-05 0.0016724804897222231 0.0 3.83548244373433e-05 2.2423329629320217e-06 3.868351688204519e-05 0.0 8.479095971779203e-05 6.027749619791118e-06 0.0013189742637056499 6.470628123852247e-06 7.311709523814449e-05 0.0006421037096282751 1.4848869227056839e-05 2.183575154795512e-05 4.541594616486922e-06 1.1331577145128902e-06 1.1333278264809385e-06 1.6337854261740227e-05 1.7507761363122434e-05 1.1852269494005792e-06 5.868064390677097e-06 7.660719467155684e-06 1.7357845806679172e-06 1.7047922010478433e-06 1.9130303909199265e-06 4.1047729683790505e-07 7.565605533939788e-07 3.759349150515644e-07 0.0008859204389427627 0.0016181570023298534 0.0011201158007203434 8.94275829742679e-06 1.340640749153259e-05 1.5958970017262457e-06 1.4482011490135035e-05 9.73588272689849e-06 1.7165039794959729e-06 7.335527251931879e-07 1.4348806903961244e-05 5.302417291850599e-06 4.105413818648763e-06 3.4705023457775355e-05 5.1910457332453724e-06 2.0369230110583025e-05 0.00019767763484934367 6.725852935146843e-06 1.920479476257966e-06 2.746026086985316e-06 6.882777675814072e-07 4.570228309316966e-07 3.731153961702411e-06 2.7472260221880323e-06 2.225486693897881e-06 1.447163644379947e-06 1.886721975803212e-05 8.150861984542597e-05 1.2577002915348056e-05 2.9102949242069995e-05 4.804066451558171e-05 0.00014611155856859877 2.5322097745484005e-05 0.00032297892995140453 3.3371670519291256e-07 2.5586709820205493e-07 2.473938175588667e-07 6.233388769424101e-07 8.025576257659936e-07 1.2942896716669102e-05 0.00011296259131849239 2.41269815969095e-05 1.1876936432314787e-07 5.1078190016119295e-05 3.498254808528472e-05 7.557266815290169e-05 0.00019147288897250326 0.00035762555749404586 0.0015626354741195686 0.002524081420936379 8.86503257034688e-05 0.0013765302264823777 6.981174699719095e-06 9.671414556987606e-08 9.644953359180911e-07 6.982208955881857e-07 1.0073285541405659e-06 0.0 5.225907492343626e-07 0.0 1.611409078025861e-07 0.0 1.5687644855068005e-06 2.234282211948313e-06 2.0172736869235486e-06 7.075537464702529e-05 1.8988305544756537e-05 5.308991899746281e-07 1.0557372729541503e-05 2.457979915630709e-06 2.5046158832149524e-07 3.121388367896504e-07 5.338870538035051e-07 0.0 1.1838019014103921e-06 6.876551718371914e-07 2.1214354390171967e-05 1.2251947035728394e-06 1.8973719269453276e-06 1.1147292407418838e-05 2.991383854959668e-06 1.3274001574898046e-05 1.442972761190254e-05 5.477969328166202e-06 1.9199570163613883e-05 0.0 0.0 0.0 0.0 0.0 0.0 0.0 3.545975538659379e-07 0.0 0.0 8.710164546198794e-07 0.0 0.0 0.0 0.0 0.0 0.0 5.61645821065654e-07 0.0 2.8041828919990072e-06 5.884419944676135e-06 0.0 9.787100448580828e-07 5.079849848636901e-07 5.63687703311552e-06 1.4821657809989402e-06 1.285842366927933e-05 1.5931173053888472e-06 9.731576728166782e-08 5.990071189605386e-07 0.0 0.0 2.484520967650505e-07 0.0 0.0 0.0 0.0 0.0 0.0 0.0 0.0 3.4578081311734394e-06 0.0 0.0 0.0 0.0 6.621825389621705e-08 1.2615498278385307e-07 0.0 0.0 1.1094279912212454e-07 1.980140133455308e-05 1.588034410746865e-07 0.0 0.0 1.404868106506067e-07 0.0 0.0 0.0 0.0 3.5456064941005986e-07 1.147901577114814e-05 9.266477778831349e-08 0.0 0.0 0.0 1.5150013141273638e-05 7.322611746787528e-07 5.437174132159276e-06 0.0 0.0 1.0479632684850729e-07 3.3069545161824107e-07 0.0 0.0 0.0 0.0 0.0 0.0 0.0 0.0 0.0 3.6621883845846975e-05 4.844482745123206e-06 3.226277465517668e-06
8.744540343907333e-07 0.0001753660309955043 0.00012334192044252681 0.0 0.0014074376769731016 0.0 0.0012535474094959788 8.479095971779203e-05 0.0 1.6703634718054452e-06 0.001011502843663438 4.937723531173578e-06 0.0009510898630802309 0.0008096973866625571 3.3882538902013363e-07 3.953030456847543e-07 0.0 0.0 0.0 0.0 0.0 0.0 0.0 0.0 0.0 0.0 0.0 0.0 0.0 0.0 2.3924572184666574e-05 2.6059049432571e-05 5.980330161821805e-06 1.0026441573278665e-07 0.0 0.0 1.208147937901978e-07 0.0 0.0 0.0 0.0 0.0 0.0 3.40789057543863e-07 0.0 0.0 1.6347494355836975e-05 4.701937588445993e-07 0.0 0.0 2.59891107350364e-07 0.0 0.0 0.0 4.891741510547497e-07 1.1546548412387562e-07 1.4025563059485538e-06 4.052984295223789e-06 1.2201984377476435e-06 2.9740929663131728e-06 0.0 0.0 1.6619622954396233e-07 1.1791923389261161e-05 0.0 0.0 0.0 1.295498061065395e-07 0.0 0.0 1.3888107668708513e-06 2.535717816348334e-07 0.0 3.929545146495114e-06 3.530881677712617e-06 8.469243445090284e-06 1.2395952677460212e-05 2.0452454016828896e-06 1.605252334012025e-06 1.7017653362385235e-05 1.002842738447592e-07 2.1449084153732648e-07 9.655429655527214e-07 0.0 0.0 1.4025172047988728e-07 0.0 0.0 0.0 0.0 8.925405918927382e-08 0.0 0.0 0.0 0.0 2.223674755408462e-06 1.8060019683518273e-07 0.0 0.0 0.0 0.0 0.0 0.0 0.0 1.922365408181421e-07 0.0 2.3750407360487103e-07 0.0 0.0 0.0 0.0 0.0 1.1012708236029798e-06 0.0 4.708585047494933e-07 0.0 0.0 0.0 0.0 0.0 0.0 0.0 0.0 0.0 0.0 0.0 0.0 0.0 0.0 0.0 0.0 0.0 0.0 0.0 0.0 0.0 0.0 0.0 0.0 0.0 0.0 0.0 0.0 0.0 0.0 0.0 0.0 0.0 0.0 0.0 0.0 0.0 0.0 0.0 0.0 0.0 0.0 0.0 0.0 0.0 0.0 0.0 0.0 0.0 0.0 0.0 0.0 0.0 0.0 0.0 0.0 0.0 0.0 0.0 0.0 0.0 0.0 0.0 0.0 0.0 0.0 1.2791122190522111e-07 0.0 0.0 0.0 0.0 0.0 0.0 0.0 0.0 0.0 0.0 0.0 0.0 0.0 0.0 0.0 3.4780590383581744e-07 0.0 0.0
0.0006372442373212268 0.0002746286639648972 2.876402205825906e-06 0.0006597493799994447 2.4443655806804295e-06 0.00018197039139531554 0.00022986068899538505 6.027749619791118e-06 1.6703634718054452e-06 0.0 4.0725969714765e-05 0.0013317811406983494 0.004401965420806826 0.00046426266280313666 1.3968651995133725e-07 7.787785559447744e-07 1.353162503523632e-07 0.0 0.0 0.0 1.2940999972618746e-07 1.804643357168996e-07 0.0 0.0 0.0 0.0 0.0 0.0 0.0 0.0 2.4812694267564437e-05 2.584708455166337e-06 9.324158912647774e-05 0.0 0.0 0.0 3.635352320980645e-05 0.0 0.0 6.405120491614292e-07 0.0 0.0 0.0 0.0 8.783038193601965e-08 0.0 1.8866725607367908e-06 0.0 0.0 0.0 0.0 0.0 6.569162555347991e-07 0.0 0.0 0.0 1.766977087880154e-06 1.2173229840126942e-05 2.228733460058294e-07 0.0 0.0 0.0 2.66075556066435e-07 2.3252645331666897e-06 0.0 0.0 0.0 0.0 0.0 1.707689552305292e-07 9.827898635606034e-05 2.947284603017965e-06 0.0 1.480761109540464e-06 1.2772707130642144e-06 2.2013824518864985e-06 1.93364703004919e-06 1.164854591408904e-06 6.239768671167923e-07 5.215324858443742e-06 1.3699308338616663e-07 4.7228828881151785e-07 8.786967990946482e-07 0.0 8.442641158034056e-08 0.0 0.0 0.0 0.0 0.0 0.0 0.0 0.0 0.0 0.0 0.00016917388580243919 4.761867119207379e-05 1.113595400540967e-06 4.4883967378971735e-06 4.205222980135159e-05 0.0 6.11275935023049e-07 0.0 4.867686940176371e-06 9.610420453931634e-07 2.9767433916136946e-06 0.00013840226031635266 1.652554383090993e-06 7.394585733850589e-06 3.463618222846437e-05 2.1873672730379553e-06 1.888169048724138e-05 1.5828303499894597e-05 3.1441116363821473e-06 1.3098992499782937e-05 0.0 0.0 0.0 0.0 0.0 0.0 0.0 0.0 0.0 0.0 0.0 0.0 0.0 0.0 0.0 0.0 0.0 0.0 0.0 1.5756299444486768e-07 5.536999050969654e-07 0.0 0.0 0.0 2.0125675779893066e-06 1.2838948607985238e-07 2.5524955924697185e-06 0.0 1.5980021285440668e-07 0.0 0.0 0.0 0.0 0.0 0.0 0.0 0.0 0.0 0.0 0.0 0.0 0.0 0.0 0.0 0.0 1.0870674935368839e-07 0.0 0.0 0.0 0.0 0.0 7.13511252552917e-06 0.0 0.0 0.0 0.0 0.0 0.0 0.0 0.0 0.0 5.285032481363895e-06 0.0 0.0 0.0 0.0 3.3175413677343943e-06 0.0 7.649213633144906e-07 0.0 0.0 0.0 0.0 4.146225810576502e-07 0.0 0.0 0.0 0.0 0.0 0.0 0.0 0.0 2.866324720118083e-05 1.1721723671782198e-06 9.739868807931609e-08
3.0968093781779284e-05 0.0004392843782244731 0.0014596377252315321 0.0 0.0008270131822581263 1.6018160986177771e-06 0.00097152576503562 0.0013189742637056499 0.001011502843663438 4.0725969714765e-05 0.0 2.487301142867153e-05 0.000619120299023473 0.0025413050482157463 1.0307610199482094e-05 9.128133834198086e-06 1.3905808715234994e-06 9.879405434284654e-08 3.057674757913314e-07 1.4843693987800793e-06 1.7008961141664161e-06 4.2534145390715153e-07 8.755083771216235e-07 3.707871696151514e-07 1.0801583555354424e-06 1.8528894310161054e-07 1.4054250123188197e-07 4.061334666455352e-07 3.5680965967192933e-07 0.0 0.0002185459933278985 0.0001499010037334351 0.00023969758094462352 5.343910280823982e-07 1.882616927984504e-06 1.8424367008009119e-06 2.817539690961296e-05 5.624412517995553e-06 2.1578231824284965e-06 1.3614991234519934e-06 2.5098236730797574e-06 2.8279127998129316e-07 9.297768276160717e-07 6.411239008762581e-06 2.0673883212395237e-07 4.5522901955953437e-07 0.0001544556614025957 4.356032448610183e-06 1.5889477520959756e-06 2.9541957180438284e-07 4.401449734406802e-07 4.957514652771947e-07 9.103032073531091e-07 3.9242640485647404e-07 1.0463610351727946e-06 9.52557368302529e-07 1.4319471964962088e-05 3.234781285476772e-05 1.3687838257994213e-05 2.7480225635703204e-05 1.4925323393096575e-06 8.158870407433429e-06 1.3412266798812201e-06 7.519262125111504e-05 1.9781877032170713e-07 7.487747368629877e-07 3.7631295287477314e-07 3.393034950328112e-07 3.5576257481736194e-07 1.416503589385056e-06 0.00010399779459383976 7.678648644726918e-06 0.0 4.2964987480131286e-05 2.311879318652052e-05 6.26659579159217e-05 0.00012536292206820798 3.923279543123212e-05 8.59561654287383e-05 0.00046365565067714416 2.133200995165639e-06 2.6596170564431527e-05 6.9074024815359424e-06 0.0 1.0198924828352488e-06 4.3424757988391516e-07 4.829070012104108e-07 0.0 7.269192107565054e-07 0.0 2.926783351820748e-07 0.0 6.792984565539271e-07 3.451889034281908e-07 1.919676215628676e-07 3.3790976820579915e-05 5.512494501053296e-06 1.1888504221877564e-07 6.2858950936577915e-06 1.538128216312401e-06 0.0 0.0 9.817050084013287e-08 0.0 4.0010924477540213e-07 3.035981615806083e-07 8.32596754503958e-06 1.1410164480979541e-07 2.1084113759011714e-06 3.8093643712569046e-06 1.4009500746535547e-06 5.227218400123847e-06 9.393007930556305e-06 4.033025636182508e-06 7.189135877715936e-06 0.0 0.0 0.0 0.0 0.0 0.0 0.0 1.020809497056396e-06 0.0 0.0 0.0 0.0 0.0 0.0 0.0 0.0 0.0 4.188775945262065e-07 0.0 1.0916286118933995e-06 1.9271211184617175e-06 0.0 1.2545851662045428e-06 0.0 2.3720712102196954e-06 2.5877057384182374e-07 5.526286662760257e-06 1.6534886808989765e-06 1.048398125990171e-07 0.0 0.0 0.0 0.0 0.0 0.0 0.0 0.0 0.0 0.0 0.0 9.076868835271736e-08 6.10383681934441e-07 0.0 0.0 0.0 0.0 0.0 0.0 0.0 0.0 0.0 7.398406337939584e-06 1.055553284910692e-07 0.0 0.0 0.0 8.507820577857627e-08 0.0 0.0 0.0 0.0 4.835684661334415e-06 0.0 0.0 0.0 0.0 4.461030976729802e-06 5.523201265726558e-07 2.467581189754591e-06 0.0 0.0 9.057870069914624e-08 0.0 0.0 0.0 0.0 0.0 0.0 0.0 0.0 0.0 0.0 1.9932671635179433e-05 3.177212156683938e-06 1.5237305315654542e-06
3.6396434199776294e-05 1.948148692221895e-05 8.651796898120573e-07 0.00019462154312124543 2.2815091692463458e-06 2.9158816824145067e-05 9.540852777980236e-05 6.470628123852247e-06 4.937723531173578e-06 0.0013317811406983494 2.487301142867153e-05 0.0 0.0014901166243978575 0.00023801732288735093 2.761635235184053e-06 2.932871207516946e-06 3.5364487412421715e-07 0.0 0.0 3.19558767607547e-07 3.1156191470297125e-07 0.0 0.0 6.895272909500171e-08 0.0 4.28803469699862e-07 0.0 0.0 0.0 0.0 2.292701192367306e-06 1.092277600474311e-05 9.14527169588225e-05 3.622721430029447e-07 0.0 4.337979605964656e-07 0.0001802828821045223 6.193803046664382e-06 4.212899579686334e-06 1.7020255442848554e-06 1.0438107000286794e-06 1.1148691139017275e-07 0.0 1.570355594761663e-06 2.5754845642509115e-07 0.0 1.7130531202717467e-05 8.592738433775412e-07 0.0 1.0121987209547358e-07 0.0 2.33300251888683e-07 1.6375152373934581e-06 1.0031016847130042e-07 0.0 0.0 9.620348543372642e-07 1.7409029035875427e-06 6.866686981580163e-07 1.5103494239895496e-06 3.082032313867199e-07 2.5640742424866553e-06 1.3129860282930542e-07 5.416378058293468e-06 0.0 0.0 0.0 3.6916177436342185e-07 0.0 3.8571513624596643e-07 0.00017338076909471345 8.613161104841932e-06 3.9312324006443154e-07 1.084500322931468e-06 8.82613468997003e-07 3.424421636485694e-06 1.2639722187488255e-05 9.596997850809804e-06 4.249445447268264e-06 1.534269579545592e-05 7.558424278296896e-07 1.1778683414868665e-06 7.735165165298289e-07 0.0 1.1325304442042631e-07 0.0 0.0 1.012725136657513e-07 0.0 0.0 0.0 0.0 3.0548847810489206e-07 2.3824328742966202e-07 8.523885438972421e-08 0.00031042212201541706 5.582127330942869e-06 5.951124159962066e-07 1.2426845845601405e-05 2.0362640345500108e-06 0.0 2.262775975383152e-07 0.0 5.555687994632894e-06 1.5670427696252287e-06 0.0 0.00011060208295088104 1.7824033964669529e-06 6.894238284292849e-06 3.8703035973869864e-05 3.150406280046116e-06 1.836222120475294e-05 2.128776392542159e-05 7.391634440580133e-06 1.872688448410676e-05 0.0 0.0 0.0 0.0 0.0 0.0 0.0 0.0 0.0 0.0 0.0 0.0 0.0 0.0 0.0 0.0 0.0 5.401254269590344e-07 0.0 1.1724681563920836e-06 6.504429046792731e-06 0.0 0.0 0.0 1.8721906283891398e-06 1.343746068003049e-07 5.835611262399162e-06 1.5133856414424029e-06 0.0 0.0 0.0 0.0 2.1596445403409397e-07 0.0 0.0 0.0 0.0 0.0 0.0 0.0 0.0 3.2124170745012075e-07 0.0 0.0 0.0 0.0 0.0 0.0 0.0 0.0 1.2376403095525565e-07 9.966951441027806e-06 1.156485785522952e-06 0.0 0.0 0.0 0.0 0.0 0.0 0.0 0.0 7.984751951066743e-06 0.0 0.0 0.0 0.0 1.0325804658583666e-05 2.6493086771284493e-07 3.2377115994427397e-06 7.57331628065678e-08 0.0 0.0 2.2329041029112931e-07 1.794471610451439e-07 0.0 0.0 0.0 0.0 0.0 0.0 0.0 0.0 7.341751246408456e-05 2.6816311724193506e-06 8.410806407848236e-07
6.096897423203859e-05 0.0006784109175614321 7.666239928265562e-05 0.0005179823917684388 0.00046488199570139335 2.3622999418705534e-05 0.0005743890745040299 7.311709523814449e-05 0.0009510898630802309 0.004401965420806826 0.000619120299023473 0.0014901166243978575 0.0 0.003399610591548557 7.4781960297495095e-06 8.072479712255094e-06 1.0607882083373422e-06 9.809615593508869e-08 1.9752468574223383e-07 7.803869312129238e-07 1.5836787447682887e-06 1.0249679526521795e-06 2.904091416975499e-07 5.476639177348273e-07 3.2896535315312004e-07 3.176037892044994e-07 0.0 5.15046564628234e-07 1.1142875172506372e-07 1.404697818802515e-07 2.609399600162358e-05 6.19917509474759e-05 0.0007760787537651564 4.6133279689241056e-07 6.056917548553876e-07 3.896857745216554e-07 0.0006551585344622845 3.448480732046052e-06 7.086325713535693e-06 8.332116793934163e-07 1.9791143477438477e-06 6.951676889054663e-07 2.9339861350629035e-07 3.675018207247951e-06 0.0 6.727748822486609e-07 8.690711544982537e-05 1.5323953111875494e-06 0.0 2.1427939657869473e-07 0.0 2.3597374247412885e-07 2.447187330523979e-06 1.7749895724578267e-07 1.9773425033097081e-07 0.0 2.360857474977192e-06 8.93622172748099e-06 2.303048507640315e-06 5.476718240751605e-06 6.224111516422831e-07 7.751516281975846e-06 1.1606578957674106e-06 3.15682250719733e-05 1.1656485907771238e-07 2.8704322686530145e-07 1.772075965666242e-07 2.0779275308963243e-07 1.7406429468429817e-07 9.991411688023561e-07 0.0004815035446641948 1.511473428274298e-05 0.0 1.3394198412361335e-05 7.537501525492898e-06 1.686430878449018e-05 6.961495418831621e-05 2.9875876306571694e-05 2.3364745779636043e-05 0.00011630964608463044 1.701139274990165e-06 5.191727938472607e-06 1.60439323342628e-06 1.0850698201930953e-07 2.0362890241387048e-07 1.0802288342593946e-07 2.1700654800034255e-07 0.0 2.317987677409522e-07 0.0 9.810436278313399e-08 1.2189493449310192e-07 2.6806141998434254e-07 2.1641927509246724e-07 0.0 0.0007612093693378967 1.0106657889385318e-05 2.43287502687174e-07 1.5892641524484468e-05 8.973195080463617e-07 0.0 1.7051486980916276e-06 3.5563460773792665e-06 1.553769642729869e-05 2.1678498155534752e-06 1.6446013498343853e-06 7.856401835011891e-05 7.1040929947737e-06 1.8710636559317263e-05 5.5714556342894654e-05 6.196351097246943e-06 5.025706419894837e-05 6.366723166142762e-05 1.4029535525410464e-05 4.153933480164816e-05 0.0 0.0 0.0 0.0 0.0 0.0 0.0 0.0 0.0 0.0 0.0 0.0 1.8526729248749535e-07 0.0 0.0 0.0 3.769391248364992e-07 0.0 0.0 2.734099572931239e-06 7.941016717648401e-06 0.0 3.3011893372322165e-07 0.0 4.2763816142088875e-06 7.28583689584365e-07 7.1617119744570065e-06 1.7141022902280703e-06 0.0 0.0 0.0 0.0 0.0 0.0 0.0 0.0 1.6393491779679993e-07 1.5182222515620494e-07 7.975037099086509e-08 0.0 0.0 6.083801653851385e-07 0.0 0.0 0.0 0.0 0.0 0.0 2.749367025409032e-07 0.0 0.0 1.3115063766456856e-05 2.5476412945715753e-07 8.688357176013846e-08 0.0 0.0 0.0 0.0 0.0 0.0 0.0 1.6193485234132855e-05 1.343926636233596e-07 0.0 0.0 0.0 1.0015108258812342e-05 3.6879550642560586e-07 4.9377494960943215e-06 0.0 9.937449113960916e-08 0.0 7.091070642442808e-07 4.062966194876178e-07 0.0 0.0 0.0 0.0 0.0 0.0 0.0 0.0 8.243093821660824e-05 4.563526697372413e-06 5.480195009539891e-07
6.103574077192108e-06 0.0006004535739778582 0.0004112708065191424 7.103447258178295e-05 0.0012762049407948827 1.6958821403531414e-05 0.0019190139943048884 0.0006421037096282751 0.0008096973866625571 0.00046426266280313666 0.0025413050482157463 0.00023801732288735093 0.003399610591548557 0.0 1.6242226675612543e-05 1.7116123008987358e-05 2.156228470595797e-06 3.2320314413294707e-07 1.922923016936191e-07 1.5762493066596159e-06 2.8052768279389893e-06 1.2185181690847332e-06 6.646062127416465e-07 7.029411731974515e-07 2.8591994221744324e-06 5.216730760050748e-07 2.941579666198605e-07 5.259932785589074e-07 5.034340855267426e-07 0.0 5.775038103868421e-05 0.0001268299998314657 0.000955546940192639 3.4925276060207323e-07 3.1005867583623133e-06 1.4305027235820674e-05 0.0005594362247011548 2.4022269702183968e-05 1.7089284533413515e-05 5.413977959431877e-06 3.1615386146030805e-06 1.5958056807714972e-06 4.88617491271703e-07 8.535428230159729e-06 4.933364904051757e-07 1.0579395182410021e-06 0.00016868209722110865 4.020356740671177e-06 5.789859771607467e-07 7.15042750567407e-07 3.6779462243508787e-07 1.1915925111272598e-07 6.61826819547993e-06 8.278256410067201e-07 2.578306612844817e-07 2.2714284886670557e-07 6.891001587776826e-06 1.7485096588199352e-05 9.954240316274821e-06 1.864133293474767e-05 1.10021061130625e-06 1.71503908084418e-05 1.8058307931839787e-06 6.348163010243762e-05 1.6910049599349995e-07 4.0423213150513923e-07 1.7997091435503274e-07 1.1898052810497295e-07 1.5321359343701528e-07 2.4248977772626558e-06 0.0006694926826176206 2.0895966908486575e-05 1.2898663532306264e-07 2.451085550834427e-05 1.8274430969592856e-05 5.169377030674709e-05 0.00013507806881838972 6.0718050810812105e-05 5.326307170815304e-05 0.000285776198131649 3.282944011488959e-06 2.0514477560894815e-05 4.745790134100149e-06 0.0 0.0 4.508512724148573e-07 4.2965908193584795e-07 0.0 4.827178483004844e-07 1.0073405129416253e-07 2.3810088895062342e-07 3.692736124382833e-07 7.106663829464378e-07 1.0085315603212186e-07 3.607699822735229e-07 0.00033648465009714627 2.0006607454330213e-05 1.061630701917941e-06 3.475365902300716e-05 1.9006282619039434e-06 0.0 2.0117666282818966e-07 4.883714527790729e-07 1.8946510404944046e-07 4.347988832487945e-06 2.214650262782857e-06 5.883922423404955e-05 9.051387714371863e-07 9.611983234623223e-06 2.738164581172673e-05 4.924099302314414e-06 1.9559817974197057e-05 3.265316600774762e-05 1.0146364070046379e-05 2.6800289584379785e-05 3.0723933093305697e-07 0.0 0.0 0.0 0.0 0.0 0.0 0.0 0.0 0.0 0.0 0.0 1.8922710545612678e-07 0.0 0.0 0.0 0.0 0.0 0.0 3.5552030145790906e-06 9.952106219459136e-06 0.0 3.023047306962786e-07 0.0 5.881722264098538e-06 9.425290129696098e-07 8.1851866498095e-06 2.9636256324775814e-06 0.0 0.0 0.0 0.0 0.0 0.0 0.0 0.0 0.0 1.9960149278355548e-07 0.0 0.0 0.0 1.4720275294684817e-06 0.0 0.0 0.0 0.0 0.0 1.3481761843279733e-07 0.0 0.0 0.0 1.9538738588338186e-05 1.1217219813947298e-06 0.0 0.0 1.2530759496946273e-07 0.0 0.0 0.0 0.0 0.0 1.417823908680203e-05 4.2561227989264643e-07 0.0 0.0 0.0 1.7150129656695814e-05 5.342513974375503e-07 5.096223512179643e-06 0.0 0.0 0.0 1.1277507020937698e-07 1.4643556905921145e-06 0.0 0.0 0.0 1.9764952824440475e-07 0.0 0.0 0.0 0.0 7.604405130281876e-05 5.846887612201805e-06 2.505040433832731e-06
4.801311710541043e-07 2.9729966755174343e-06 2.6570325337140537e-06 0.0 3.8457717856218636e-07 0.0 3.3381352491158658e-06 1.4848869227056839e-05 3.3882538902013363e-07 1.3968651995133725e-07 1.0307610199482094e-05 2.761635235184053e-06 7.4781960297495095e-06 1.6242226675612543e-05 0.0 0.001453713129874825 0.0001620152442699246 6.125474077561311e-06 1.2723049417423812e-05 5.087135148485043e-06 1.7665592635387982e-06 1.6576353182821037e-06 5.273018139098215e-07 1.477493501149255e-06 1.6325105674571135e-05 4.1642541644795223e-07 3.4604929566989055e-07 1.055833319436606e-07 8.715487047413953e-07 7.503109068058564e-08 1.905193061919272e-06 6.761395985647709e-06 3.39375746049323e-05 7.90293501841445e-06 2.6017069726545243e-06 4.737906888926962e-05 1.7481086567597187e-05 5.6568493072649867e-05 2.7219108404166613e-05 2.371341020413044e-05 9.315470201364719e-07 2.0532592526041076e-06 2.185797621088153e-06 0.000216549100232175 1.4450603636635977e-05 2.0351617423868043e-05 0.0003257637406401001 4.958362910477083e-06 1.6513565408981312e-05 4.893517251916442e-06 3.011620545142114e-07 1.174136158716802e-06 1.938796670793015e-05 2.1415397019531116e-06 1.94055508727728e-07 0.0 1.2963391311884089e-06 1.309967621633551e-06 4.777666340291407e-06 0.00015305883200479793 1.3739498784819831e-05 2.2870955847696196e-05 5.87144854685468e-06 9.103569007003794e-06 7.198387657855874e-08 2.0322132784579645e-07 9.358926076838836e-08 2.1295458812009332e-07 8.159050536325215e-07 2.409696251959256e-06 5.203445765736791e-05 9.561202905430632e-06 0.0 0.00025181500755701693 3.5671176708800224e-06 0.0009738586816022718 0.0006514684416459143 0.00041313624011739573 1.632032767663552e-05 6.647867871229362e-06 2.1830196671682787e-05 2.900726574129827e-05 2.2704457845144454e-06 0.0 2.8977403358543635e-07 1.0124350852078606e-07 4.4433395429354e-07 9.720839288861264e-08 2.98063907869685e-07 1.803076587281462e-07 3.643401281219565e-07 4.428579254335901e-07 6.383043367430423e-07 8.150792637115952e-07 2.7771296852125986e-06 1.6366250992816428e-05 2.674773382574877e-05 1.428423702273393e-06 5.0184063222385646e-05 0.0 0.0 0.0 2.4703818161905365e-07 0.0 2.4126712431624514e-07 0.0 7.199400685169732e-07 0.0 5.219712112879195e-07 1.1094321912997954e-06 0.0 1.0791837440027997e-06 9.80935682297896e-07 1.4364549817632382e-07 1.3288843097234354e-06 0.0 0.0 0.0 0.0 0.0 0.0 0.0 3.7713770595622464e-07 0.0 0.0 2.237113495442963e-07 0.0 1.2011974229760768e-07 0.0 0.0 4.282821503267062e-07 1.1325944119277854e-07 3.683650247345617e-07 0.0 2.3550065371009575e-07 6.662870876920463e-07 0.0 8.929773297677312e-07 1.385611449296568e-07 5.863460612526942e-07 1.9104396893305006e-06 2.8994290749685745e-06 1.9623754618895386e-06 3.898573011605122e-07 8.61740203310983e-07 0.0 0.0 0.0 0.0 0.0 0.0 0.0 0.0 0.0 0.0 0.0 4.947077457575323e-07 0.0 0.0 0.0 0.0 0.0 0.0 0.0 0.0 1.2363513774971336e-07 3.0630809795226647e-06 1.626912552072546e-07 0.0 0.0 0.0 0.0 0.0 0.0 0.0 0.0 1.2646058243223787e-06 1.4259982623520998e-06 0.0 0.0 0.0 1.7098391138453446e-06 1.0891759681160591e-07 9.137666114563025e-07 0.0 0.0 0.0 0.0 1.5144317421781465e-06 0.0 0.0 0.0 0.0 0.0 0.0 0.0 0.0 1.6494924203867782e-06 2.8211327395393116e-06 1.8200491134885806e-06
