0.0 0.0026434751012456115 0.0005140298746657134 0.0010321510329342203 3.0905561546479977e-06 3.1452804202148135e-05 0.0003220753744320565 3.5155148703712617e-06 2.3300454463749566e-07 0.0006520341349025579 3.2091563675726874e-06 4.6754073601079075e-05 3.4203066397208096e-05 1.3461772634948605e-05 4.4972127517634797e-07 0.0 1.0442490751764402e-07 0.0 0.0 0.0 1.1548289567040007e-07 1.5670468594847962e-07 2.5498598191410585e-07 4.0100960702535516e-07 1.9965186318723483e-07 0.0 0.0 0.0 0.0 0.0 0.00035814167374832923 1.272440459936244e-05 1.1053205018708678e-06 2.062210185793784e-07 2.6163078752565503e-07 0.0 0.0 0.0 1.0547248590329982e-07 9.834658305238561e-08 0.0 0.0 1.670813808660836e-07 1.7057679347840174e-07 1.603883026535601e-07 0.0 2.090197789763329e-05 1.4608187279519417e-06 0.0 9.991490074211299e-08 9.071756016963594e-07 1.3183857952755817e-07 0.0 3.1274410680059024e-07 6.8385334616640145e-06 6.636881611212914e-06 8.231148989359214e-05 0.000273966882858262 4.055176119707107e-05 2.0939750763390645e-05 0.0 5.281773208574261e-07 0.0 1.4204966094330882e-05 3.387565768550708e-06 2.9313989298572205e-06 9.029950153521313e-07 6.703799479979372e-07 8.809567852534044e-07 1.0203311337459705e-07 1.1317054723597903e-05 2.4467733585486687e-06 1.1979830656503071e-07 8.311456861304028e-05 2.9465267998814775e-06 3.942216850594614e-06 3.795741841947435e-07 8.367379536531572e-08 1.529927247453408e-07 2.4786935851196066e-06 0.0 2.3300200349614046e-06 1.2931458276507028e-05 5.228513195897159e-07 4.370823071042259e-06 7.283960117102274e-06 8.499374893319454e-07 0.0 1.1072445793503275e-06 3.363405380431489e-07 9.499220638093265e-07 1.33328884956375e-07 1.8990805263218318e-07 9.2969895229196e-07 0.0 2.7042783681777834e-05 2.221285181690216e-05 2.4989062361674524e-07 1.0313398369942499e-06 0.0002883138619675004 0.0 0.0 0.0 1.8321801003234089e-06 0.0 5.287681271377421e-06 3.0464509865614836e-06 1.3250128012172188e-06 1.0499966320680436e-05 3.389601666632397e-06 0.0 1.4020590260870207e-06 7.259820001009597e-06 3.0105869942636797e-06 0.0 4.564380711407953e-07 1.2675062013053769e-06 0.0 0.0 0.0 0.0 0.0 0.0 0.0 0.0 0.0 0.0 0.0 0.0 0.0 0.0 0.0 0.0 0.0 0.0 0.0 0.0 0.0 0.0 4.137968211051447e-06 0.0 5.461974886413595e-06 1.2889031046899094e-07 0.0 0.0 0.0 0.0 0.0 1.7431999203152979e-06 0.0 0.0 0.0 0.0 0.0 0.0 0.0 0.0 0.0 0.0 0.0 0.0 0.0 0.0 0.0 0.0 0.0 0.0 4.822135765193383e-07 0.0 0.0 0.0 0.0 0.0 0.0 0.0 0.0 2.303138704811086e-06 0.0 0.0 0.0 0.0 0.0 0.0 0.0 0.0 0.0 0.0 5.232939428068768e-07 1.0628481793332153e-06 0.0 0.0 0.0 0.0 0.0 0.0 0.0 0.0 4.4631468570721256e-07 3.0755381390210915e-06 9.272089231788107e-06
0.0026434751012456115 0.0 0.0011594415544694734 0.0010602449563178202 0.0008673565436975763 0.0002566758579947105 0.0009561076067179756 0.0005236924372160687 0.00038941544973355985 0.00043135323083184636 0.0007144205786214126 6.658350076668094e-06 0.0006016226577153895 0.001339309614263695 1.6277939123404436e-05 1.3690071545158793e-06 6.875062933199313e-07 4.2385856893587556e-07 0.0 8.838384109980844e-07 1.8079744051333468e-06 1.8238591861665356e-06 2.599223144693267e-06 1.5498738443757063e-06 1.063914005138409e-06 1.2990960924783854e-06 9.613608597743662e-07 0.0 1.9618930501485927e-07 2.7093325322117343e-07 0.0011450179863785805 8.590275854331516e-06 2.5107421458181087e-05 6.000294878384144e-07 5.713216831379621e-07 0.0 2.7503166842427e-06 1.5233648342621537e-06 1.5127269780192621e-06 8.674458818891006e-07 4.816422415075375e-07 5.696665539338061e-07 9.237853607542901e-07 2.14268902801315e-07 2.3111164091460024e-07 4.16048342428428e-07 0.00034528692425570223 9.782072551585093e-06 5.771384244848073e-07 7.170671064816389e-07 4.127822756103693e-06 8.383982741573241e-07 0.0 5.961441112584188e-07 2.768952631704563e-05 3.432227268143078e-05 0.0001424666384959935 0.0003202611659310119 0.00015679458576079545 0.0001496672477555259 1.4576872384486222e-06 3.39215901782191e-06 4.935033172828212e-07 0.00019036804976127442 1.50297419105758e-05 1.1831223230528755e-05 5.6986080848673084e-06 3.2240168921355187e-06 5.489531740966929e-06 8.056619752247066e-07 6.30038042190181e-06 3.667076989637909e-06 7.675991818508779e-08 0.0004958898437683234 7.583747301034426e-05 0.00012871062078960433 1.634064558248286e-05 2.610080910893736e-07 1.4297318348152183e-06 0.00011938072006636555 2.412893669299574e-06 7.585226869556996e-06 6.326155522358952e-05 8.62607622724769e-07 2.0598886442159562e-05 3.376914098907401e-05 5.291676781387142e-06 7.9636281249382e-08 4.557473368776614e-06 0.0 2.9770797418556015e-06 1.1270069370352468e-06 3.554333374265895e-06 2.0575784560112518e-06 6.739262483286102e-07 1.4114430250426823e-05 7.205028717057468e-06 1.0232439072907146e-07 4.8083753355049405e-06 0.000563850670364929 0.0 9.860476301407686e-06 1.8797114615257227e-07 2.4921243737464953e-06 0.0 4.4675368669479095e-05 8.421272109114977e-07 4.859426141145147e-05 5.876053586024545e-05 1.3709135854687773e-05 1.4799094611979774e-06 1.8828379647853817e-05 3.667449861250301e-05 2.9391542499311926e-05 1.81070200241106e-05 6.443965109376789e-06 5.896633546206822e-06 0.0 1.6176960376040264e-07 0.0 0.0 0.0 0.0 0.0 0.0 1.7415529284739089e-07 0.0 2.14953605422749e-06 0.0 0.0 7.711711466709786e-07 0.0 0.0 1.4319776690693404e-07 0.0 5.628129737032022e-07 0.0 5.748146623284003e-07 5.775543968655383e-07 3.173408220432446e-05 5.788256943251545e-07 4.050460122147153e-05 9.047164127987492e-06 4.8658693465142556e-06 0.0 0.0 0.0 0.0 4.637360908946513e-06 2.2848122607091226e-06 0.0 1.944430100933906e-07 4.171102812477384e-06 0.0 0.0 0.0 1.0676789046234059e-07 4.968711861430019e-07 0.0 5.616242179137559e-07 1.6345111125773792e-07 2.9196935281910076e-06 0.0 7.956521235223575e-07 2.755508302220508e-07 0.0 1.9240771433228473e-05 1.1920518236926013e-06 0.0 0.0 9.228845274416864e-08 0.0 5.382490204102775e-07 0.0 0.0 0.0 3.5650971169383966e-05 1.806081118552075e-06 0.0 1.3049041189303378e-07 0.0 1.0003440317053388e-05 0.0 1.995435480103369e-06 2.5061297030129417e-06 2.9794996598664564e-06 3.952243275522247e-06 2.475788098862253e-06 1.753785908981958e-06 1.181960507514834e-07 9.134250054534705e-08 0.0 8.296291820922783e-08 6.037708382887386e-07 0.0 0.0 0.0 9.713682741613607e-06 3.555787233524076e-05 7.833629089707465e-05
0.0005140298746657134 0.0011594415544694734 0.0 9.786121624130496e-05 0.00010889468671471857 2.2982772924487063e-05 9.30489056213596e-05 0.0022650380928296576 0.00019058253983941271 1.596653873918774e-05 0.001774502883203818 3.8368671259583167e-07 9.231644403266338e-05 0.0012060180743840006 2.225841270987029e-05 5.115174170859546e-06 1.1424116201543225e-06 1.8913959552311426e-06 9.394242688407239e-08 1.2177492337494335e-05 4.014771900129673e-05 1.6310654287256893e-05 5.094808514679748e-05 2.7066670014680363e-05 1.6446546331169664e-05 7.529591999353131e-06 1.622658320170176e-05 1.7498505661393596e-06 1.7252380352565845e-06 1.7015738640380123e-06 0.0023991581688372716 8.978128818145506e-05 0.00018366859086999478 7.512499047068456e-06 1.0075679592787047e-05 6.041069230514302e-06 1.2000814403787128e-05 1.3123425685407823e-05 6.866342924875868e-06 1.093121691148402e-05 9.54843219598966e-06 9.12586052436994e-06 6.954302151378252e-06 4.3906818246792514e-07 7.672824087242261e-07 4.955693378828229e-07 0.00016901323543857828 3.7293961193334047e-06 8.283629915740476e-07 2.0703262901869857e-06 3.950143768441527e-05 9.048579600826649e-06 1.05040067484135e-06 6.195208752366753e-06 9.868404123838629e-06 1.0669397335844349e-05 5.268688379211597e-05 0.00018028966826554905 5.167201263411274e-05 5.376850231712594e-05 1.0066813793291928e-05 6.372508104152614e-05 1.865439649851478e-06 0.0001660371633345439 6.917046721960335e-06 7.20584364084402e-06 7.318895840066918e-06 1.782031158468858e-05 2.9305093311667524e-05 8.309057441790178e-06 3.783109994392191e-05 9.574590981537123e-06 0.0 0.00017846033097951365 6.27432005431778e-05 0.00010069439402938546 2.23365437282577e-05 2.6578170169684713e-06 2.9730538523582164e-05 0.0012395505565880008 7.525189199411945e-06 0.00019471775224236436 2.280336415932224e-05 4.030183156732388e-07 7.72034921888456e-06 1.3298479851852069e-05 5.063960257168654e-06 1.1366264419115424e-07 8.651428920707737e-06 7.495256059724346e-08 2.336633702506577e-05 9.037776103178672e-06 4.3293326102234273e-05 1.6728187399890493e-05 9.136858585453194e-06 4.326237662280883e-06 2.798566640766392e-05 7.042298586523464e-07 1.343154155357514e-05 0.00021572242631216616 0.0 2.944223789946863e-06 0.0 0.0 0.0 1.826309871714729e-05 1.5307993858552032e-06 1.7088823656755016e-05 1.7555650596411943e-05 3.2585966022345546e-06 1.0127306162915794e-06 8.22700089211719e-06 1.5299279197267594e-05 1.834138290484151e-05 1.0202193650567399e-05 5.1502892921743085e-06 6.7789306667208586e-06 1.2830976738879627e-07 1.7814477705562574e-06 0.0 0.0 3.153159936301328e-07 0.0 0.0 1.4939987792094716e-07 4.610379133630112e-07 0.0 6.34519654501391e-07 3.775961950646731e-07 8.42635640345419e-07 0.0 1.8806287642376104e-07 1.092319799471614e-06 1.1431009015023662e-06 0.0 0.0 6.467241607288814e-07 2.4554603502040456e-06 1.4825161427158423e-06 2.708057524919348e-05 0.0 4.870597537140111e-05 2.5602789769460123e-05 2.4645457936026176e-06 1.307118987079896e-07 0.0 0.0 0.0 7.039897584312023e-06 4.56887927136696e-06 0.0 2.968291967599642e-07 2.850488158498716e-06 0.0 1.1477556806569448e-07 4.1203078237191046e-07 1.2765312374392e-06 1.9120511321592744e-06 0.0 0.0 9.081725129939115e-08 6.446558170221251e-07 2.0910397199903617e-06 1.6129475035712544e-06 2.5919562007101874e-06 4.4052951395355737e-07 1.0280536194962869e-05 0.0 0.0 0.0 0.0 0.0 3.6046890233042717e-07 0.0 1.3997498190380188e-07 5.991129119085282e-07 2.6388693715246297e-05 1.0611304041161804e-06 0.0 5.445865919089445e-07 7.114100819687474e-07 4.820769908204072e-06 2.3504005596733446e-06 1.0374205689248879e-06 8.77816107149066e-07 4.936249195920965e-06 4.748242340113444e-06 8.30612621966302e-07 1.9343089737158285e-06 2.5891525742481677e-07 9.621161549911711e-08 0.0 0.0 2.1386291718397948e-07 1.576447784674142e-07 1.1222836586770265e-07 9.191987823036021e-07 5.257269454894086e-06 3.6125568154886254e-05 7.903413606020248e-05
0.0010321510329342203 0.0010602449563178202 9.786121624130496e-05 0.0 1.033405684983526e-05 0.00028999154090703436 0.0002650766832278102 8.836984275932963e-07 1.0295173986798744e-07 0.0006687229303156415 1.1131481906137271e-06 0.00022509435206904442 0.0004078421811276828 3.459353691896239e-05 9.328938210792851e-07 4.2437777680644405e-07 0.0 1.0220211614644485e-07 0.0 0.0 0.0 0.0 7.450189735419105e-08 0.0 0.0 0.0 0.0 0.0 1.0852071344357272e-07 8.528285178187697e-08 4.469914093005303e-05 6.95971635932227e-08 9.164187632783806e-08 0.0 0.0 0.0 0.0 0.0 0.0 0.0 0.0 0.0 0.0 0.0 0.0 0.0 1.7417199319463406e-05 3.92916272971825e-07 1.0949903988708596e-07 0.0 0.0 0.0 0.0 0.0 2.4197229737135025e-06 3.0583350533066903e-06 1.6979603733602134e-05 3.501565311889743e-05 1.5250454300374244e-05 1.3016997377346559e-05 0.0 7.483475053262602e-08 0.0 4.5104214630650365e-06 1.2003117725199744e-06 1.2724884281972548e-06 3.8820461663650403e-07 2.5287235060388125e-07 0.0 0.0 0.0 0.0 0.0 3.327009871690791e-05 2.419807468610301e-06 4.069874921647444e-06 2.401403953170554e-07 0.0 0.0 3.4281759328397785e-07 0.0 0.0 4.931292211725388e-06 0.0 1.93867367600406e-06 2.060469841399952e-06 5.496841889544347e-07 0.0 6.427056402818618e-07 0.0 0.0 0.0 0.0 0.0 0.0 1.1321291252688871e-05 0.0 0.0 0.0 0.00015982466773483702 1.2935391951644497e-07 9.100666236940594e-07 3.818002590631996e-07 2.997005398371481e-06 1.400418588261895e-07 4.741374762840187e-06 2.8752440665986604e-06 3.4176064589962785e-06 1.6305583191797955e-05 3.5201968519378974e-06 3.0086368694364175e-07 3.185683677455008e-06 1.3425996654653351e-05 6.620634762960479e-06 6.844039010531719e-07 0.0 0.0 0.0 0.0 0.0 0.0 0.0 0.0 0.0 0.0 0.0 0.0 0.0 0.0 0.0 0.0 0.0 0.0 0.0 0.0 0.0 0.0 0.0 0.0 0.0 0.0 0.0 0.0 0.0 0.0 0.0 0.0 0.0 0.0 0.0 0.0 0.0 0.0 0.0 0.0 0.0 0.0 0.0 0.0 0.0 0.0 1.3382492665064576e-07 0.0 1.0158778159665554e-06 0.0 0.0 3.052804190362308e-07 0.0 0.0 1.1761931029854654e-07 0.0 0.0 0.0 0.0 0.0 0.0 4.236364137410434e-07 0.0 0.0 0.0 0.0 0.0 0.0 0.0 8.57359484468094e-08 0.0 0.0 0.0 0.0 0.0 0.0 0.0 0.0 0.0 0.0 0.0 0.0 3.4311628770834253e-06 3.844239420885988e-07 0.0
3.0905561546479977e-06 0.0008673565436975763 0.00010889468671471857 1.033405684983526e-05 0.0 8.84752066821715e-07 0.0009733469653368877 0.0007972165576654382 0.001672266824021286 5.750301359307712e-05 0.0013132683165373975 2.951775781724404e-07 0.00020557557165365846 0.0020416812184212416 4.92030601925178e-06 8.57887699244181e-08 0.0 0.0 0.0 0.0 0.0 0.0 0.0 0.0 9.818174629879636e-08 0.0 0.0 0.0 0.0 0.0 1.444746568891604e-05 1.8203799120081251e-06 3.1097434071394825e-07 0.0 0.0 0.0 0.0 1.0858644827995805e-07 9.361610825452586e-08 0.0 0.0 0.0 1.0779648166820732e-07 0.0 0.0 0.0 6.062936316429928e-05 6.034928441731666e-07 1.0800279041975688e-07 0.0 3.3219738746112275e-07 0.0 0.0 0.0 1.6712083604398981e-06 1.8260251457808678e-06 5.187069360739372e-06 3.1643452735324717e-06 9.140448440790953e-06 1.0514858142293204e-05 0.0 0.0 0.0 1.3314581759008198e-05 9.60514930948501e-07 6.108665342627157e-07 1.6475464669042048e-07 2.419654292814361e-07 1.8695139962409873e-07 0.0 1.4879305583118594e-06 1.0126136822588384e-06 0.0 3.762079524759125e-05 1.2857417626158782e-05 3.080296467739159e-05 3.4750997042888422e-06 1.8930338298518889e-07 0.0 7.253014862097218e-06 0.0 0.0 3.7828095803496976e-06 0.0 9.78524335869687e-07 1.7268151067759557e-06 2.1287529831344706e-07 0.0 0.0 0.0 2.707253870796206e-07 3.5863436179790193e-07 1.2193194384767144e-07 1.0003072513447634e-07 0.0 9.703748773739166e-07 1.7307231239131228e-06 0.0 1.6090595897433782e-06 8.909887389155492e-07 0.0 3.4501239705899455e-06 0.0 9.295811746729677e-07 0.0 3.190156692324489e-05 0.0 2.1045038328698436e-05 2.3850180118212836e-05 7.4363196979200625e-06 1.8342937900357586e-06 1.1123916611653451e-05 1.7475405083660684e-05 1.1309292120778928e-05 1.021505769199387e-05 3.5888012767409516e-06 3.1029908171614617e-06 0.0 1.1325654176956851e-07 0.0 0.0 0.0 0.0 0.0 0.0 0.0 0.0 0.0 0.0 0.0 6.832111090279673e-07 0.0 0.0 0.0 1.3731187874177155e-06 0.0 0.0 7.467205648811622e-07 0.0 1.7735894648237612e-05 5.204801543750863e-07 1.537959581785076e-05 2.715129721824914e-06 1.2885308106096428e-06 0.0 0.0 0.0 0.0 3.640102650858774e-06 3.537978248473489e-06 0.0 6.037930700310344e-07 6.878350129257327e-07 0.0 0.0 0.0 0.0 0.0 0.0 0.0 0.0 9.969162292865355e-08 8.125811215744454e-07 0.0 5.901441040429465e-07 0.0 5.4400507026869775e-06 9.435696776382544e-07 0.0 0.0 4.178711506229291e-07 0.0 0.0 0.0 0.0 0.0 2.1822717308530186e-05 1.3022152591333043e-06 0.0 2.2012583778849282e-07 0.0 3.8140835484714307e-06 2.2571162468698765e-07 1.8648662902326736e-07 3.190155787740461e-06 7.791380401236235e-07 2.4014699800175647e-06 0.0 0.0 0.0 0.0 0.0 0.0 1.3328202049552855e-07 0.0 0.0 0.0 3.429252958874745e-06 2.071390888249726e-05 4.357866320784546e-05
3.1452804202148135e-05 0.0002566758579947105 2.2982772924487063e-05 0.00028999154090703436 8.84752066821715e-07 0.0 9.314417667063368e-05 7.955312441016088e-07 2.3372173311657153e-06 0.00033738948506313945 2.2896637771558563e-06 0.00014939275839041707 0.00012886727447103014 1.7564013222664398e-05 5.187785889923347e-07 5.432161600864993e-07 9.779301526487142e-08 0.0 0.0 0.0 0.0 4.093137857288191e-06 0.0 0.0 0.0 0.0 0.0 0.0 0.0 0.0 1.0759932543814166e-05 9.439132508512116e-08 1.2258665684807379e-05 0.0 0.0 0.0 1.0557948664303508e-05 1.7881168130497321e-07 0.0 1.4784115115798956e-07 0.0 0.0 0.0 5.757160796622553e-07 9.27595372636381e-08 4.1778497504275184e-07 4.494065850588253e-07 0.0 0.0 0.0 7.191207588093651e-07 1.7596354827057204e-05 4.165456728629264e-06 1.403532459790803e-07 0.0 1.7708627357909756e-06 0.00010831865905322969 5.662282605465929e-06 7.88425500366461e-06 7.325346497547193e-07 2.535711514983193e-07 7.356823231358218e-07 0.0 1.0691629675139604e-07 0.0 0.0 1.202702736055019e-06 3.7986661661347037e-07 0.0 0.0 9.572329964028289e-05 0.0002150224849929417 4.865913760681497e-05 1.4897367089224516e-06 2.0526663051803936e-07 9.069619602335451e-07 2.9974600005134165e-07 1.05090616470164e-06 0.0 4.8507212498873325e-06 8.61163429018297e-07 7.772106272339071e-07 3.4985690525071395e-07 3.451190912524641e-06 8.446334667306553e-08 9.724360441084078e-06 0.0 1.3052931796118134e-05 3.232624197984644e-05 4.1646671396845896e-05 1.3387024747843403e-05 4.0786088673135924e-05 0.0 0.0 1.5766722499974794e-06 0.00011899279845993826 0.0005230361343475925 9.4719041446239e-05 1.5806279816708697e-05 0.0002565975434573785 0.0 4.249055178764051e-07 1.57238922632579e-07 9.825846592600424e-07 0.0 3.992565724986476e-06 4.435386250482498e-06 1.5140796620847956e-06 1.1851488261793702e-05 3.3918374038079984e-06 0.0 1.137878466669869e-06 7.754590281016526e-06 5.251842327102168e-06 2.8385693619564386e-07 0.0 0.0 0.0 0.0 0.0 0.0 0.0 0.0 0.0 0.0 0.0 0.0 0.0 0.0 0.0 0.0 1.0162154710975009e-07 0.0 1.7104386122948794e-07 0.0 0.0 0.0 1.4594962312959696e-07 0.0 3.1415990409600374e-07 0.0 1.6337153511769922e-07 1.7850875597109983e-07 9.95230289716816e-08 0.0 0.0 0.0 0.0 0.0 0.0 0.0 0.0 0.0 0.0 0.0 0.0 0.0 0.0 1.666940514831615e-07 0.0 2.1738431874197608e-07 0.0 0.0 0.0 0.0 0.0 0.0 0.0 0.0 1.2827170218146797e-07 0.0 0.0 0.0 0.0 0.0 1.8955158552782464e-07 1.6408996301965269e-06 0.0 0.0 6.288481527505947e-07 1.1783105044773235e-07 0.0 0.0 0.0 0.0 0.0 0.0 0.0 0.0 0.0 0.0 0.0 0.0 4.741654262432761e-07 1.2317192478997318e-07 0.0 0.0 3.165544496280565e-06 1.4888447267763657e-07 6.372762932091889e-07
0.0003220753744320565 0.0009561076067179756 9.30489056213596e-05 0.0002650766832278102 0.0009733469653368877 9.314417667063368e-05 0.0 1.9458809239304916e-05 0.0005283632371312955 0.0012715298602698642 0.0001197756015513803 4.8094228074689455e-05 0.0035316276891598245 0.0007811537146136005 1.446087780184114e-05 1.46987087565007e-06 6.151873960223575e-07 4.1578856977589345e-07 0.0 0.0 0.0 1.1272745745072971e-07 1.7404926703379771e-07 0.0 1.6428661854883236e-07 8.846677341530411e-08 9.293116813111625e-08 0.0 1.5702211447675782e-07 2.0758720002493978e-07 9.124271267571616e-05 1.1872445955240836e-06 1.6786137823507628e-06 0.0 0.0 0.0 4.033107390071906e-06 2.299445198679485e-07 7.181146589107946e-07 4.1298752598562926e-07 1.1713866080880747e-07 3.222711935584458e-07 2.8154125299987846e-07 0.0 0.0 2.0976709179067573e-07 0.00018768935446477077 3.6461189717345296e-06 2.9172298215645624e-07 1.0873124012638096e-07 2.062204734928772e-07 0.0 0.0 1.4171668901388616e-07 1.0281034261264146e-05 1.3598489946313205e-05 3.7188093694923805e-05 5.502217968038698e-05 5.075432635653462e-05 6.0633693980376685e-05 4.946246380851287e-07 1.3972116626802952e-07 9.25971339319289e-08 5.843920341595706e-05 5.318530610625654e-06 5.260313977143976e-06 2.826773209876913e-06 1.3175553689693722e-06 9.078699056271632e-07 0.0 6.904010932862135e-06 4.45445567344199e-06 0.0 0.0001869244856276931 3.944845553607123e-05 8.374344758913469e-05 9.602266892067077e-06 1.5498298221516154e-06 6.107313333430625e-07 4.025632969294774e-06 6.87602384283129e-07 6.658935032353297e-07 2.136446975136854e-05 2.605265071656326e-07 6.706640321573344e-06 1.2152285091282331e-05 1.2734073596795208e-06 0.0 1.169825720446487e-06 0.0 1.9056513494191037e-07 2.97248965278828e-07 1.8649747235116464e-07 2.341323286083165e-07 4.4043822494286955e-07 5.568772927297486e-05 6.71700575785905e-06 0.0 3.934574426370887e-06 6.518219220790171e-05 2.669237007449222e-07 6.301817691711892e-06 7.624777113144636e-06 6.273912637199466e-06 3.942971250312166e-06 0.0001704375138192214 1.2049517227260724e-05 0.00017228865687543023 0.00017827015037714182 4.376008780022831e-05 5.405793443698981e-06 8.397832381156716e-05 0.00013597837867118857 0.00011016636805150316 4.721773379581649e-05 7.120828374621194e-06 1.352815512494496e-05 4.368817950880508e-07 3.5929692092914034e-07 0.0 0.0 0.0 2.631093346599477e-07 0.0 0.0 0.0 0.0 0.0 0.0 0.0 0.0 0.0 0.0 0.0 0.0 1.1878676618404909e-06 0.0 0.0 0.0 6.741072430034826e-05 0.0 7.566127431798667e-05 2.1841539735924292e-05 1.4848352521696147e-06 0.0 0.0 0.0 3.2878414663884873e-07 1.3652693004061125e-05 2.6239033960846817e-06 0.0 3.3481127969470184e-06 3.866560544389672e-06 0.0 9.093376353900587e-08 0.0 9.36364192158176e-08 0.0 0.0 1.786234772122109e-07 0.0 9.39579704798906e-06 3.1891018889470427e-06 3.4157641574702366e-06 6.168115656110749e-07 9.799453374433607e-07 3.432700059951339e-05 4.099661738055117e-06 0.0 1.018643636786248e-07 0.0 1.4357170922495354e-07 2.1963008161572261e-07 0.0 0.0 0.0 0.00010876769165703572 3.6062128255964075e-06 0.0 0.0 2.550138916407883e-07 1.3142795561344565e-05 2.559769816187702e-07 4.775897530867229e-06 5.831885355323327e-06 7.071178846210271e-06 1.2241831830306235e-05 2.0726467234222604e-06 2.593736595983602e-06 0.0 7.228881371401179e-08 1.014683453573098e-07 0.0 1.0001659830932227e-07 0.0 0.0 0.0 3.6585220101461535e-05 7.591694706995743e-05 0.0001112865470792864
3.5155148703712617e-06 0.0005236924372160687 0.0022650380928296576 8.836984275932963e-07 0.0007972165576654382 7.955312441016088e-07 1.9458809239304916e-05 0.0 0.00020710893178451555 2.024513002701457e-06 0.0010141085961214793 6.39586014196892e-06 7.996083606985865e-05 0.0004833835154231032 4.218303783124205e-05 4.55314423338258e-06 8.594005933171693e-07 4.799679953410921e-07 0.0 7.575801266225224e-06 1.4290627047959916e-05 3.479521536833692e-06 1.90648304110469e-05 9.63568695659147e-06 1.1317373028158059e-05 2.744983817480726e-06 8.53448399921533e-06 7.071287260021869e-07 4.724318824524587e-07 9.380859646762192e-07 0.0005425847623889766 0.0014350673803593783 0.00011436022416969928 3.986851362564966e-06 7.301544867193462e-06 4.7813036663397295e-06 2.3117038209650246e-05 1.447557263308588e-05 7.810401071399502e-06 5.08380414422024e-06 2.2319103958197562e-06 3.4841154415065213e-06 4.604390028144662e-06 2.083491855296329e-06 1.1655482125310592e-07 2.548217810947679e-06 0.0001633709845868222 1.9321127423333083e-06 1.8585828704822424e-07 1.7598820655627532e-06 1.1037985437880613e-05 6.143248524408075e-06 8.460485437331924e-07 1.51644586311879e-06 1.1813511527195804e-06 1.4617288017785644e-06 9.476501199118014e-06 1.784777288038697e-05 1.182637281074415e-05 1.5799352377257187e-05 3.5947440342999063e-05 6.363313497448506e-05 1.0242447834436492e-06 0.00016233363206286225 1.4284099546261226e-06 2.693898167834847e-06 8.47433777249793e-07 6.3039205380963446e-06 1.37742519465139e-05 2.1780849078107405e-06 1.7881994870980523e-05 3.63724130362976e-06 1.466585600373059e-07 7.187163547215778e-05 6.777302655570134e-05 0.00013322355608129732 7.406090760553504e-05 4.9431635364247185e-05 0.00024374512104285076 0.001073157490268203 9.141931572492075e-05 0.0006869944178491498 5.842279239933091e-06 9.598592373115259e-08 1.948520215897198e-06 2.624341107034207e-06 3.926150698517302e-06 0.0 4.719786962376011e-06 7.411216439936403e-07 7.607199695764713e-06 3.858403130226635e-06 1.0986437094153904e-05 4.643941050427304e-06 4.89085834398468e-06 1.9917178993179683e-06 4.008662914548727e-06 2.037646251968234e-07 7.0450040260349065e-06 1.3779935673776222e-06 0.0 0.0 2.6950119417847646e-06 1.0861535862971752e-06 1.6690394223171846e-07 2.5769056317387403e-05 0.0 1.476906112446297e-05 1.561971142471026e-05 4.871001459215692e-06 1.5495998994741425e-06 1.1818552824592679e-05 1.4666890052290594e-05 6.734957104578741e-06 5.015698408674461e-06 2.8334856646167265e-06 3.959548446940781e-06 0.0 0.0 0.0 0.0 0.0 3.2987193164308726e-07 0.0 0.0 0.0 0.0 0.0 1.4809111225350395e-07 0.0 1.2376597822844568e-07 1.345139549228137e-07 4.3188224872151233e-07 0.0 0.0 4.78302613319415e-07 0.0 1.3156572090552167e-06 0.0 1.0792246867925414e-05 0.0 2.5190243666203528e-05 5.794869679607278e-06 1.092313472574726e-06 0.0 0.0 0.0 0.0 2.9713438355390472e-06 2.3808800836870683e-07 4.464799896778028e-07 9.837902218832734e-08 1.5314018362214425e-06 0.0 1.0294114312684063e-07 1.141239820448536e-07 2.2366356598502305e-07 2.518311056042385e-07 0.0 0.0 0.0 0.0 1.650774482142098e-07 0.0 1.0404866934719478e-06 6.335909633751049e-07 8.211648011683096e-06 7.755543689219987e-07 0.0 0.0 0.0 0.0 0.0 1.0637518159478247e-07 0.0 0.0 1.351552227157534e-05 7.712502620831414e-07 1.3280305817829294e-07 4.5612587933640287e-07 1.043671607941502e-07 3.449211495787068e-06 0.0 0.0 6.29298699189397e-07 1.4418434362398926e-06 1.2838070650344226e-06 2.3939332182164303e-07 1.185293640088819e-06 3.9837094061030006e-07 0.0 0.0 0.0 3.702892326476363e-07 3.173957776642878e-07 0.0 1.7005966861696263e-06 1.924759032259675e-06 1.356016828876434e-05 3.068309696963454e-05
2.3300454463749566e-07 0.00038941544973355985 0.00019058253983941271 1.0295173986798744e-07 0.001672266824021286 2.3372173311657153e-06 0.0005283632371312955 0.00020710893178451555 0.0 1.2777919290728935e-05 0.00043043054579957484 0.0 9.138083956779442e-05 0.00023703375998016706 2.645526568769304e-06 2.369186550630504e-07 2.0526958306992043e-07 0.0 0.0 0.0 0.0 0.0 0.0 0.0 0.0 0.0 0.0 0.0 0.0 0.0 2.0682695425466285e-06 9.237635572942458e-07 1.1960611944733518e-06 0.0 0.0 0.0 0.0 0.0 1.3184580841282305e-07 0.0 0.0 0.0 0.0 0.0 0.0 0.0 1.4968281590619316e-05 9.545213479667916e-08 0.0 0.0 3.0722419749923095e-07 0.0 0.0 0.0 0.0 2.518952570941206e-07 1.280216774925284e-06 3.334793789987609e-07 1.5220302937901577e-06 1.4622963406522323e-06 0.0 0.0 0.0 3.809661722415706e-06 8.617497668871286e-08 0.0 1.565533984879183e-07 0.0 0.0 0.0 1.883742583853518e-06 8.60255671809304e-07 0.0 7.4247952519939714e-06 3.1415537858021945e-06 7.189543542831726e-06 1.0081713700354467e-06 0.0 0.0 1.2526716332425991e-06 0.0 0.0 4.303795425747949e-07 0.0 9.165763841249555e-08 0.0 4.192808805864553e-07 0.0 8.147831672129769e-08 0.0 0.0 0.0 0.0 0.0 0.0 3.516570534206685e-07 1.4719274091493019e-06 0.0 1.6841070408156916e-07 0.0 0.0 0.0 2.0041883233993816e-07 1.1511365926584028e-06 0.0 1.9372611842689286e-05 0.0 1.3187923428511426e-05 1.642538963572575e-05 5.4048001663114365e-06 1.131789474083088e-06 3.6644687247735413e-06 9.13019575305236e-06 1.5088468498435778e-05 3.736094336932938e-06 5.812058534670526e-07 1.4653414404342481e-06 0.0 0.0 0.0 0.0 0.0 0.0 0.0 0.0 0.0 0.0 0.0 0.0 0.0 0.0 0.0 0.0 0.0 1.1415711292152173e-06 0.0 0.0 0.0 0.0 8.414384538847553e-06 0.0 7.331538693178186e-06 1.4522790913473681e-06 0.0 0.0 0.0 0.0 0.0 1.466504486310392e-07 9.821566625306621e-07 0.0 1.0713717358860058e-07 2.2411983583208698e-07 0.0 0.0 0.0 0.0 0.0 0.0 0.0 0.0 1.0627539053250214e-06 1.48397775323385e-07 0.0 0.0 3.6119746884130145e-07 1.1398225319521945e-05 5.172170589273712e-07 0.0 0.0 0.0 0.0 0.0 0.0 0.0 0.0 8.943569361254557e-06 1.8947323583241337e-07 0.0 0.0 0.0 0.0 0.0 0.0 0.0 1.1278446506288449e-06 1.0025011790879035e-06 1.2848646626290984e-07 0.0 0.0 0.0 0.0 0.0 0.0 0.0 0.0 0.0 2.517975594235694e-06 1.3915590721865258e-05 2.087732796992306e-05
0.0006520341349025579 0.00043135323083184636 1.596653873918774e-05 0.0006687229303156415 5.750301359307712e-05 0.00033738948506313945 0.0012715298602698642 2.024513002701457e-06 1.2777919290728935e-05 0.0 3.415317605736793e-05 0.0007450783075702739 0.004646556886900074 0.00024251739032266222 4.816693141370932e-06 9.662214674852436e-07 2.351562995571737e-07 1.2311815590011254e-07 0.0 0.0 1.2031678765359765e-07 0.0 0.0 0.0 0.0 2.1032250248969367e-07 0.0 0.0 0.0 0.0 3.331646004993556e-05 2.1580426871422452e-07 7.234915985120347e-06 0.0 0.0 0.0 4.961223399484183e-05 0.0 2.3111805995706347e-06 3.692029271639007e-07 0.0 1.0664170293733099e-07 0.0 0.0 0.0 0.0 4.134095444139177e-05 8.414310186453151e-07 2.0184836062387992e-07 0.0 2.4178164428280786e-07 0.0 0.0 9.234879511766782e-08 2.553815090086573e-06 2.8689739949783826e-06 1.9707615413327682e-05 2.7386427541838892e-05 1.4767109098322081e-05 1.578109610655312e-05 1.0637347495490396e-07 2.688949866088539e-07 0.0 8.89463636851673e-06 1.2685159156465797e-06 1.097068768275762e-06 9.493817662824646e-08 1.698698033081969e-07 0.0 0.0 0.00023614321951000744 1.4421844397593438e-06 0.0 4.7319211796991815e-05 7.152622056765246e-06 1.554352548261085e-05 1.3420957991841241e-06 2.651368293247451e-07 5.240546888886923e-07 1.413429154131169e-06 0.0 2.8240710343953527e-07 5.484770338999256e-06 1.6661265838811906e-07 2.2194917809124505e-06 3.261827180676828e-06 2.6574650857624974e-07 0.0 3.1958544205229386e-07 0.0 2.401429909670607e-07 9.28788917400087e-08 7.5727401058588e-08 0.0 3.4633607473571854e-07 0.00029050690731942093 5.835381711454422e-05 0.0 7.5715998627679525e-06 0.00017056263861373858 1.1828596406766846e-07 2.227297537710589e-05 5.081762321567412e-06 1.6448669449580656e-05 8.486075885843335e-07 0.00010882426708048639 1.8565984571184085e-05 7.271426508410607e-05 0.0001331188151988154 4.7933600245453395e-05 5.48984508134645e-06 4.86557780959478e-05 0.00014676872534161455 0.0001009820245669828 1.442217272136262e-05 3.820024043921406e-06 2.5183537415067223e-06 1.26029151424603e-07 0.0 0.0 0.0 0.0 0.0 0.0 0.0 0.0 0.0 0.0 0.0 0.0 0.0 0.0 0.0 0.0 1.3645341162855487e-07 1.3022313651415879e-06 0.0 0.0 0.0 1.5326782912376194e-05 0.0 7.71459524684397e-06 5.228564511897764e-06 1.1736607868402547e-07 0.0 0.0 0.0 0.0 3.6769107654221454e-06 4.942390672550853e-07 0.0 9.715734706768824e-08 8.262475303305692e-07 2.3732095485737832e-07 0.0 0.0 0.0 3.1011694560418385e-07 9.272812340944847e-08 0.0 0.0 2.980727856557734e-07 9.1908114744536e-07 2.3697732713577116e-06 4.0526768650049276e-07 0.0 3.6478977836614404e-06 7.50756657878718e-07 0.0 0.0 0.0 0.0 0.0 0.0 0.0 0.0 4.671668576755439e-05 4.612362599581694e-07 1.4058973565106696e-07 0.0 0.0 1.4036262146689957e-06 1.3986364149682276e-07 3.8341592140902443e-07 4.074429735831192e-06 1.2338826313314336e-06 1.628304919903733e-06 1.2025583789799722e-06 2.88714915810891e-07 0.0 0.0 0.0 0.0 0.0 0.0 0.0 0.0 5.8399753228188e-05 2.317186949256895e-05 2.3142898326729833e-05
3.2091563675726874e-06 0.0007144205786214126 0.001774502883203818 1.1131481906137271e-06 0.0013132683165373975 2.2896637771558563e-06 0.0001197756015513803 0.0010141085961214793 0.00043043054579957484 3.415317605736793e-05 0.0 2.1364083349930494e-05 0.0010107241997908353 0.002110760588831551 3.9099197843113385e-05 5.425996756895931e-06 8.868511560027841e-07 2.2031895414889023e-07 1.0827071341330824e-07 4.967644530147822e-07 2.1919463537082652e-07 2.948302484050131e-06 2.1845797562323556e-06 7.380592312260882e-07 4.060281405716826e-06 3.455418901927092e-07 2.2131415621091324e-06 0.0 3.930845619399213e-07 8.239656035631234e-08 0.00014531865900296206 0.0002959987687146698 0.00010079863755288076 8.391944119269623e-08 5.610556083344607e-07 2.9613099675850242e-06 6.184749197811854e-05 1.305523871899513e-05 1.232863723846825e-05 3.7621687963008462e-06 1.1383525816107197e-06 8.945632864074045e-07 5.912617584896214e-07 4.7434772523227625e-07 1.5104224950532703e-07 2.937760050390561e-07 0.00013258731382366997 9.992132043348867e-07 2.2847017768666442e-07 2.0651112140222533e-07 3.280509047134023e-06 2.9630425769418393e-06 1.104955430186742e-06 5.287106101292736e-07 2.215340220424407e-06 1.9449940188758165e-06 8.311901372207655e-06 1.0280917742535406e-05 1.1349894991291484e-05 1.8523932653099555e-05 1.119783788156882e-07 3.3078006398839735e-05 0.0 3.4293230706259515e-05 9.157972608411016e-07 1.3387661902050213e-06 1.0337436749533216e-06 1.3449479513229927e-06 1.335678275176167e-06 1.279656231328381e-07 3.506084598762955e-05 3.493280798479631e-06 0.0 5.9773646070882935e-05 4.370765780504254e-05 0.00011293114185087402 2.5024879002827102e-05 4.750754539971113e-06 2.410490655459378e-06 0.00017210604145722708 6.069887369807357e-07 1.0234902571881587e-05 5.362602418120474e-06 4.121773068147119e-07 1.4390024648634213e-06 2.729057914862327e-06 1.3018001108714497e-06 8.705475279064834e-08 6.755629224612282e-07 0.0 2.416558824443991e-06 1.4614374854893396e-06 1.3835322172720198e-06 2.077924594849747e-06 2.071048659583472e-06 7.093291467638151e-06 6.758294859830893e-06 0.0 1.0515854216493632e-05 4.34595525798146e-06 0.0 2.776350385416399e-06 3.5328475309339298e-06 5.456160085315129e-06 1.0927984632890993e-06 7.164846375589228e-05 0.0 7.732656673133651e-05 5.822678717132531e-05 1.2229745056273864e-05 7.767255846065339e-06 2.4300699834798203e-05 4.264418415841667e-05 3.5531603130742075e-05 1.6133235353875277e-05 6.305816608512247e-06 7.735635644189393e-06 9.866220760391006e-08 3.32177602118957e-07 0.0 0.0 0.0 0.0 0.0 4.409575366394382e-07 0.0 0.0 1.5250537847858796e-07 0.0 1.639549918150249e-07 0.0 0.0 3.4972243760218726e-07 0.0 7.76096340643114e-07 1.7522406471534035e-06 0.0 2.001170984094172e-06 1.826811205939361e-07 3.097669929324262e-05 1.7065906390314604e-06 4.480912493469798e-05 1.4868170789682182e-05 2.7137653962691066e-06 0.0 1.781577462208775e-07 2.5621985658977004e-07 0.0 8.591959704402981e-06 2.3998547783996163e-06 0.0 1.9645002507964582e-07 1.7834244878178253e-06 9.90943054602993e-08 0.0 1.4035737306258877e-07 3.2617342888522615e-07 6.89426600617758e-07 9.015367337552553e-07 1.635460302849583e-06 6.543651119212306e-07 1.295009293457975e-06 5.894960286387378e-07 2.5514703550781234e-07 2.0802003115245548e-06 0.0 1.215388549769525e-05 1.7484844430959236e-06 9.912473750987443e-07 0.0 0.0 0.0 8.889473120993477e-08 1.1266204707059508e-07 0.0 0.0 4.1927166466622e-05 1.933618452944907e-06 0.0 0.0 5.286929467309873e-07 4.169410643347651e-06 1.1389475110810683e-06 2.6298186228818547e-06 8.580436400562894e-06 6.37238473290786e-06 5.900199404760284e-06 1.6877273301497673e-06 2.042407517664282e-06 8.639221961590992e-08 0.0 0.0 0.0 1.8049501224643732e-07 2.819902874725525e-07 0.0 0.0 6.8428214949402135e-06 5.066291105449575e-05 6.749399007900011e-05
4.6754073601079075e-05 6.658350076668094e-06 3.8368671259583167e-07 0.00022509435206904442 2.951775781724404e-07 0.00014939275839041707 4.8094228074689455e-05 6.39586014196892e-06 0.0 0.0007450783075702739 2.1364083349930494e-05 0.0 0.00023954380136018372 5.3220151474644495e-05 1.0565551660603649e-05 3.2661546288983584e-06 2.446990121280615e-07 0.0 2.033711830581387e-07 2.7695946352344966e-07 0.0 9.935804296821706e-07 0.0 7.51777591917069e-08 9.734047017556511e-08 0.0 3.4691144598327754e-07 8.144794761623519e-08 1.1022452406357894e-07 0.0 1.0797671062632824e-07 3.1882140598409654e-07 2.2027257001307725e-05 9.528892681346832e-08 0.0 4.092968880472844e-07 4.1499158718706964e-05 4.677040279632793e-06 6.760433597565794e-06 1.364817068092631e-06 1.6836947218123435e-07 8.900721370291626e-08 0.0 4.0602670647505473e-07 0.0 7.594928760364461e-07 1.3938633124592425e-05 7.870511776646578e-08 0.0 1.0525570370397873e-07 4.5469963454971783e-07 1.4812927869118244e-06 1.854526907783896e-07 5.075390675673301e-07 0.0 0.0 1.530872687011354e-06 5.66277069798206e-07 5.590686382553718e-07 7.961207421743219e-07 1.5592712005462947e-07 3.417664848143148e-06 0.0 4.439593033424405e-06 1.7623748434692582e-07 0.0 0.0 1.079084125855627e-07 2.040091873403267e-07 0.0 7.92408017720299e-05 4.759966962567946e-06 0.0 5.2829748582551095e-06 7.682874359704318e-06 2.098848313185043e-05 8.005562992185747e-06 2.7848600682199116e-06 2.321047041610189e-07 1.4177548970106457e-05 2.9797963426620675e-07 8.043648380692873e-07 2.014148870729879e-07 0.0 1.6883537837894312e-07 8.818081065421566e-08 2.910210989276369e-07 4.6463258363153363e-07 2.905518183849211e-07 9.542995496738351e-08 9.910194575609e-07 5.14878637837559e-07 1.1279223189661301e-07 0.0 6.643773710889597e-07 0.0005648272502539559 2.8796617149557024e-05 1.5055154187181717e-07 9.859933661306691e-06 4.0324783771213365e-05 0.0 6.297954313265692e-06 5.1015021100755355e-06 9.981328273157635e-06 4.095195299264925e-06 0.00015075251052771953 3.420680066802303e-05 0.00012301109958102162 0.00016241348564544094 9.014248866773951e-05 3.8130223299449967e-06 7.52315131241344e-05 0.00015519751697092553 0.00013510481889145092 3.212458351697695e-05 3.351680420542485e-06 5.144111151988094e-06 2.730412519708865e-07 0.0 1.3161531469234864e-07 0.0 0.0 1.1353479545014112e-07 0.0 0.0 0.0 0.0 4.687282792423371e-07 0.0 1.9612496534035186e-07 1.0493684107907259e-07 0.0 1.2665999820190125e-07 0.0 1.4511780815063526e-07 1.0782415389291433e-06 0.0 0.0 3.0089756017621143e-07 1.5497441241710393e-05 2.390466727634296e-07 1.017802275006566e-05 6.2572383113476526e-06 7.025614462092879e-07 0.0 0.0 0.0 1.077915434440722e-07 5.4575575638106296e-06 2.0916881263399454e-06 0.0 2.041154272950453e-07 2.5162994013317453e-06 0.0 2.6293682776059273e-07 0.0 0.0 0.0 0.0 0.0 0.0 1.820166212143186e-07 2.2278302092177343e-06 1.251871394345953e-06 1.159157306913908e-06 1.9859553356758603e-06 5.489308482620845e-06 8.142183991956897e-07 1.3109108423901984e-07 8.120409278735837e-08 0.0 1.0763160597986806e-07 9.877920652790088e-08 9.961472030812025e-08 0.0 1.0365224740230399e-07 8.483522503402681e-05 1.60083080169432e-07 1.1903050031520067e-07 9.635521983566262e-08 2.804878344017106e-07 7.997961670079855e-06 3.601300856461049e-07 2.9203185801796687e-06 1.6244192253566121e-06 3.0753159124458846e-06 4.618035515961743e-06 1.1763982501836375e-06 6.60825795099651e-07 0.0 0.0 0.0 0.0 7.340364149783098e-07 2.9637509428065473e-07 0.0 0.0 7.842646808703923e-05 4.343897893225313e-05 3.0442882805944335e-05
