0.0 0.0009103184016692929 0.0003534071551209465 0.000986100689739799 2.48256541669295e-05 0.0001673173086377439 0.0003296166899197072 2.023098538796951e-05 2.527141509860066e-07 0.0008427427090282204 3.860207015993893e-05 2.43591233170201e-05 6.161129639104181e-05 3.6883461278020276e-05 5.537286604488276e-06 4.46952246485955e-06 3.0036004840460417e-07 0.0 0.0 2.902965920151103e-07 7.86611498446866e-07 0.0 9.384343177497081e-07 1.3484668230176908e-06 3.368924158808875e-06 1.0465135396073416e-06 1.8518118507741182e-06 1.457417371545667e-06 1.4747151573049344e-07 8.467539097159093e-07 0.000503585303140747 1.012644731742506e-06 2.1715740194261733e-05 0.0 1.0558157021207237e-06 2.9178113642427634e-06 1.1529459798370777e-05 3.822311198171784e-06 9.378578949941464e-07 1.7808698251326702e-06 9.506934956286941e-07 0.0 2.9910872586223064e-07 8.591188186087462e-07 1.3488419003099482e-07 1.5062456786719223e-07 2.3222688570867465e-05 1.2596296334974305e-06 3.205822224231361e-07 8.115397253089927e-08 1.4027549645633562e-07 4.589416394736335e-07 7.863577566659175e-08 0.0 1.0900294647987564e-05 9.856128304202627e-06 0.000201227438898819 0.0007155369588700181 5.631247482248128e-05 1.679191056768364e-05 1.2772431941868283e-07 2.174077408360445e-06 0.0 2.5734502847776877e-05 4.791320230188492e-06 2.7838534434741724e-06 1.6207853944355646e-06 4.431163805517747e-07 6.12481981495751e-07 1.0002229876851127e-06 1.5365667987680834e-05 0.0 0.0 0.0001628882396991073 6.560090648517696e-05 2.822396885897638e-05 3.912777481411202e-06 1.118454337434682e-06 1.652259059550838e-06 3.8496510300011115e-05 1.5172220192498182e-07 2.1160951656312815e-06 2.2311907325727907e-05 5.540984448642446e-07 2.1307660133204815e-06 4.4236062574508126e-06 9.157502653960361e-07 1.7388115766743103e-07 1.7715142277590774e-07 9.033346577018321e-08 5.651410729255958e-08 3.213130084523611e-07 0.0 6.763549061996221e-08 7.146577267451196e-08 7.559749179355464e-05 8.856756510223067e-06 1.0467651674006282e-06 3.764833534248404e-06 0.0007821679354921813 0.0 2.4059003846737616e-06 8.98274481875606e-06 6.016064048514685e-06 7.704196339987679e-06 3.9209929519934584e-05 2.211787500504896e-05 9.497245607180406e-06 2.882493408873399e-05 4.6838016188804496e-05 3.217528908008149e-06 1.0690679829029792e-05 3.086279748757271e-05 1.1283662077293167e-05 6.3917787001445536e-06 0.0 0.0 0.0 0.0 0.0 0.0 0.0 0.0 0.0 0.0 3.429189429136445e-07 0.0 1.3190740018229606e-07 0.0 0.0 0.0 0.0 0.0 7.728039643076935e-07 2.6888818096961226e-07 6.345254903159658e-07 0.0 0.0 0.0 2.923111969526635e-06 1.1034150180056956e-06 5.227687670861835e-06 5.258219673088836e-07 4.30298888514783e-07 0.0 0.0 0.0 0.0 0.0 7.972638242873596e-08 0.0 0.0 0.0 0.0 7.813584657930804e-08 2.469116713244595e-07 1.1717413977505741e-07 0.0 6.721907722481241e-08 0.0 0.0 7.683585856484789e-07 3.945865885162331e-07 4.6722585103026144e-07 0.0 0.0 2.6405922162138384e-06 0.0 0.0 0.0 0.0 0.0 6.451214501811851e-08 0.0 0.0 0.0 4.907821984820416e-06 4.0521356232014856e-07 0.0 0.0 0.0 2.5825616522604544e-06 0.0 1.7940834447181177e-07 4.6217851306626765e-07 0.0 0.0 0.0 0.0 0.0 0.0 0.0 0.0 6.616330644888334e-08 1.7653490278802855e-07 0.0 0.0 2.8036790576574954e-06 5.313055458690191e-07 1.695214703679516e-06
0.0009103184016692929 0.0 0.0011948330037876464 0.0009260807462623241 0.0013781846974923906 0.00016361111792255893 0.001445931123363173 0.0004758942456200484 0.001591501050609336 0.0015656235535820768 0.0013691474114650977 0.00012850371204991903 0.0012870631104042836 0.0026684456855338556 6.69507567576018e-05 6.896591367789354e-05 2.26916348742069e-06 5.912261729461626e-07 4.7213980744352427e-07 1.981973603239188e-06 3.0147016711471753e-06 1.0334790659788504e-06 7.127764422055366e-06 7.551955836788378e-06 2.201058526005507e-05 9.035677024364915e-07 7.038560431952653e-06 8.434315382382206e-07 1.9265246926825085e-06 2.5700762671580264e-06 0.0011106150144919585 1.9512659613225496e-05 0.00014701472611464465 5.577445991205896e-07 4.2927111094206255e-06 1.2411387584389698e-05 6.816179543048801e-05 2.061749327510627e-05 9.30927485881047e-06 1.0376433333066272e-05 6.475992103099199e-06 5.939810099056921e-07 3.8886861564327993e-07 6.667101690860847e-06 3.064984570482341e-07 3.036622974610783e-07 0.00021672171571733486 1.0001057678600082e-05 1.0672539885412484e-06 8.403103435265671e-07 8.245237689973911e-07 2.926243085746469e-06 6.546110353613229e-07 2.603314758761387e-07 3.220633557207887e-05 2.8338797062886764e-05 0.00014920693970256452 0.0006939481743998702 9.480775194017834e-05 0.00011477807375588071 4.5334477542503273e-07 1.5329254286608743e-05 6.051167641317664e-07 0.00012278480284385693 1.875142037921384e-05 1.545718959886585e-05 9.111245135072275e-06 3.11192738512649e-06 1.8694864587880266e-06 7.059489595141787e-06 3.803889234366503e-05 1.2534699531824362e-07 2.5872385415635316e-07 0.0002859591587428284 0.0002059518759649494 0.00023592765228999996 7.140511191979424e-05 1.636308668374742e-05 3.813690920566542e-06 0.0003317239107338295 6.72555131991959e-07 1.9004263578339462e-05 7.365602066510552e-05 1.1200874482575777e-06 1.5202848252004971e-05 1.6205518088152838e-05 7.518842497472053e-06 2.1047345115856057e-07 2.263974886580391e-06 6.527885829402276e-08 1.861384798764489e-06 3.3888990911631353e-07 2.8651474874569085e-06 1.8473290318645856e-06 8.415044882380556e-07 2.272570976160217e-05 7.1893220347208225e-06 3.7528068844686887e-07 9.015440210586437e-06 0.0005995390740092521 1.7780318204191265e-06 8.270156438158186e-07 8.851480924853019e-06 4.714546324114444e-06 1.1048652177594447e-05 4.497063979019543e-05 9.077365683464076e-06 2.348535844394903e-05 3.0205499025626512e-05 2.521504412039796e-05 4.269657130313214e-06 2.6572260870144523e-05 4.8960168930728224e-05 1.9022670401037596e-05 3.1308777087808075e-05 0.0 0.0 0.0 0.0 0.0 0.0 0.0 0.0 0.0 0.0 1.8718082867584896e-07 0.0 5.777968369987393e-07 0.0 0.0 1.839934993626412e-07 1.7281697311517037e-07 0.0 0.0 4.239679404053325e-06 3.031139870511719e-06 0.0 0.0 7.11335128580475e-08 1.654037799873431e-05 2.87565453858915e-06 2.4923371317142922e-05 3.802061215462683e-06 2.9379553997946365e-06 0.0 4.0148158859957895e-07 0.0 1.2282653158437304e-07 0.0 0.0 0.0 0.0 7.508046858029067e-07 1.0659112742529572e-07 0.0 2.817764204241293e-07 6.53204094859342e-07 2.8546546068953307e-07 1.3171065171959383e-07 0.0 0.0 1.4013789378360668e-06 7.091835952320932e-07 9.520221816846433e-07 0.0 0.0 1.039827702524219e-05 6.979738303506806e-08 0.0 0.0 0.0 0.0 0.0 0.0 6.977616935338982e-08 0.0 1.721911823161111e-05 6.25237472014299e-07 2.1738321752480422e-07 6.642400172042183e-08 3.125823395711886e-07 8.39272267512704e-06 9.85917559369474e-08 5.599616829562288e-06 2.6537419575237153e-07 8.705730574648476e-07 0.0 3.837929101790102e-07 2.740024074010846e-07 1.246882641103849e-07 0.0 0.0 0.0 2.734169646133777e-07 0.0 0.0 0.0 5.581755705629448e-06 1.4356864324074568e-05 1.8706033633458178e-05
0.0003534071551209465 0.0011948330037876464 0.0 0.00026744637616136206 0.00016902931560999835 2.025126372236352e-05 0.00012106855425288622 0.0018876745640261173 0.00027734384599840045 0.00027661551453026645 0.0016500714183653497 6.440453899737447e-05 0.0001325089632382753 0.0009948819167973483 2.7162700618593162e-05 5.674902419788832e-05 1.151766786975484e-06 1.2346828762945736e-06 4.52977168258754e-07 8.06344112461239e-06 1.260211491995333e-05 1.4367527994806454e-06 4.101880983447423e-05 4.19826405561841e-05 0.00010346278153621092 6.361101681526996e-06 2.2427637427416996e-05 2.617729376384909e-06 5.381859815790119e-06 1.1094560461503297e-05 0.0022428453054149974 0.00017127463048563756 0.00019657936887785047 3.513521906004625e-06 3.598096826154108e-05 9.877603316930245e-05 0.00010702204350331568 0.00011287534368130975 2.8377282830349584e-05 4.779645451810035e-05 3.416961811353567e-05 2.9024132099055285e-06 1.1591165948982294e-06 4.051452610130354e-06 8.473207114553024e-07 3.4599136829895485e-07 5.9196439847226824e-05 1.0818962947611128e-06 1.1273857244361865e-06 1.588848708032568e-06 3.0599616461763623e-06 2.193979416048041e-06 2.996816502581598e-06 8.056551638821048e-07 4.548219967911523e-06 2.61068182652355e-06 4.233562479007005e-05 0.0005169536127453818 1.387961031128673e-05 1.30679968810862e-05 3.4161946573560444e-06 3.0832456329403964e-05 4.677879345178896e-06 0.00018077964664227518 1.7960286349465773e-06 1.6785315189766846e-06 3.0701494429972835e-06 4.898183455766407e-06 1.1698217656856692e-05 3.6936146695338765e-05 2.3103388740057043e-05 5.018246752430288e-07 7.093138506115432e-07 4.72951636484651e-05 5.363938308251089e-05 4.2239658501373845e-05 2.3248246955837373e-05 1.4824102426744052e-05 0.00021151766374648468 0.0018260627347045845 4.401996321701161e-06 0.00021337475632789547 7.178267012681929e-06 1.0680602665987125e-07 1.6843899428703313e-06 2.019480836916696e-06 2.255413120568823e-06 8.161935030861055e-08 1.499133612648442e-07 0.0 4.3030732337827334e-07 0.0 1.8080990985703348e-05 1.744032324888087e-06 1.248312819654746e-06 6.091979770490066e-06 3.7524263456023213e-06 2.406826722469431e-07 1.47107456636824e-05 0.0001112930254818219 8.027828081869961e-08 0.0 2.3339384944159058e-06 5.553893480035468e-07 1.0092555139716564e-06 1.0397567431807484e-05 6.674538530759444e-07 3.4517130609301102e-06 3.3560449815608207e-06 5.804822845537653e-06 1.8575556343293516e-06 4.452164032431788e-06 8.369756661102253e-06 3.0367394864345338e-06 6.713320177418131e-06 0.0 0.0 0.0 0.0 0.0 0.0 0.0 3.4233116999489846e-07 0.0 0.0 1.0432165043508624e-06 0.0 3.0542205248749173e-07 6.973673109478272e-08 3.7745196464760773e-07 4.959140184572178e-07 9.366092452491416e-08 1.691113578158291e-06 0.0 1.0928048137647574e-06 2.9887749462322186e-07 0.0 0.0 0.0 3.076439030753609e-06 1.1013009776255287e-06 7.082104523789155e-06 1.9281493528265446e-06 1.4904772180120915e-06 6.889925774905788e-07 0.0 0.0 4.279906670334885e-07 0.0 2.629298935640292e-07 0.0 1.3221217288736128e-07 0.0 0.0 0.0 6.626074704628187e-07 1.361773336809115e-07 2.5458439376210135e-06 0.0 0.0 0.0 4.968000903233003e-07 7.170592905345143e-08 0.0 1.2386319739449647e-07 0.0 2.9329921626914316e-06 0.0 0.0 0.0 0.0 0.0 0.0 0.0 0.0 1.7329803446718408e-07 3.922007900138809e-06 3.60675300570144e-07 0.0 1.0646220053684562e-07 7.773579365625575e-07 2.7401355091011325e-06 1.7444927735424459e-07 2.1193855109866555e-06 0.0 1.7031375867713764e-07 4.5234004084501e-07 0.0 0.0 0.0 0.0 0.0 0.0 7.965425380231407e-08 1.6680572531044716e-07 3.912454758262272e-07 9.927182207764692e-07 4.950177825806295e-07 3.7096514078803445e-06 4.765715780320344e-06
0.000986100689739799 0.0009260807462623241 0.00026744637616136206 0.0 1.8985281408330854e-05 0.0003124940606272931 0.0002840873803576611 8.976599124499093e-06 2.2453544878668877e-06 0.000783170731793292 8.164244707356305e-06 2.0688311403146622e-05 0.00036643233936047085 3.0304546722837643e-05 5.954573572090824e-06 7.09813663719454e-07 8.200807099256359e-08 0.0 0.0 0.0 1.3648381971762328e-07 9.549144805601167e-08 9.794152285405524e-08 3.102312531679941e-07 4.841280891379378e-07 0.0 0.0 0.0 7.359119484860139e-08 0.0 0.00013934765575777648 1.091368572655727e-06 6.030574965920318e-06 0.0 0.0 2.704087865289154e-07 3.854335865472775e-06 4.962451764696389e-07 1.7754826728775987e-07 0.0 0.0 0.0 0.0 6.850519357908371e-08 0.0 0.0 2.8286186399545955e-05 1.9998581286464236e-06 8.540514900182808e-08 0.0 6.540697332686191e-08 1.6226507486810878e-07 0.0 6.984660046353429e-08 1.0840182359724756e-05 1.0957640633148276e-05 7.200091158116067e-05 0.0002545708434385807 3.3449434881687076e-05 2.3210689381840197e-05 0.0 5.7778389791814506e-06 0.0 2.7110263159902344e-05 4.835024157416348e-06 3.556117581790273e-06 1.640077619482495e-06 6.450789490127731e-07 2.481194963301712e-07 2.713242433506825e-07 9.703545962345007e-06 0.0 0.0 0.00011567346455403955 5.97213676346571e-05 3.4313711735299544e-05 2.857802376698769e-06 4.638704148876909e-07 1.6745842559091027e-07 3.333589413843733e-06 0.0 2.860457076013299e-06 2.2802495392136465e-05 4.778370727266086e-07 2.6868791622319253e-06 4.125190329101363e-06 9.890696256815024e-07 0.0 1.2798589507909806e-07 0.0 7.524053751192614e-08 0.0 0.0 4.240010873101337e-07 7.155329492680373e-08 3.184773277545799e-05 3.6993685659632564e-06 0.0 3.094657155011888e-07 0.0003496574423552776 0.0 1.5187927489854135e-06 7.304880096825446e-06 4.291261852262871e-06 3.320310418794446e-06 3.772539461053355e-05 1.9433512953692663e-05 8.501077253103317e-06 3.23633033681624e-05 3.683956054434003e-05 3.5896568764410687e-06 1.9414624442299542e-05 3.488842515523149e-05 1.1019447216625019e-05 8.021186132963114e-06 0.0 0.0 0.0 0.0 0.0 0.0 0.0 0.0 0.0 0.0 0.0 0.0 0.0 0.0 0.0 0.0 0.0 0.0 0.0 1.169250840879566e-06 9.797635989462836e-07 0.0 0.0 0.0 4.220172849125104e-06 2.184846820649764e-06 2.8273001179091517e-06 8.081878476244568e-07 3.634825918370041e-07 0.0 0.0 0.0 0.0 0.0 0.0 0.0 1.333530303487493e-07 0.0 0.0 0.0 0.0 0.0 0.0 0.0 0.0 0.0 4.337057825964343e-07 2.7341698042874677e-07 4.830756817638256e-07 0.0 0.0 1.976975314006391e-06 0.0 8.253033138093801e-08 0.0 0.0 0.0 0.0 0.0 0.0 0.0 4.048216669644494e-06 1.2038928094190866e-06 1.2692682416282843e-07 0.0 0.0 2.415120644662652e-06 0.0 1.1960732797639318e-06 2.0998546267490547e-07 0.0 0.0 0.0 0.0 0.0 0.0 0.0 0.0 8.057249940082257e-08 0.0 0.0 0.0 3.927835742380515e-06 2.468938505666202e-06 3.101211492046018e-06
2.48256541669295e-05 0.0013781846974923906 0.00016902931560999835 1.8985281408330854e-05 0.0 6.015199011089432e-07 0.0013553853061300189 0.0001378296108437881 0.001553692942789037 0.0003471941895327726 0.000902178920846027 2.5132412206901648e-05 0.0004503715663234957 0.0017605425836604543 2.012201155394651e-05 2.3713612708596422e-05 4.246734935404261e-07 9.374005408803305e-08 2.249950597536676e-07 1.7674592725718825e-07 1.8752748574993348e-07 0.0 8.209790545180966e-07 6.487263263243242e-07 1.0896124182616653e-06 5.033831375240347e-07 3.007518056394137e-07 0.0 1.93418157181062e-07 3.9618005020893424e-07 4.465601839090871e-05 7.0941978353493965e-06 4.479195434515547e-06 5.457390944892867e-08 7.472682902077297e-07 4.897073295936335e-07 5.046610467561298e-06 1.1060933771123165e-06 1.1613273831626307e-06 4.746187347464945e-07 9.099938664480946e-07 1.2769283101891536e-07 0.0 1.6283334638246515e-06 0.0 0.0 4.93906633973684e-05 2.104951682961535e-06 3.3174135176465805e-07 2.782153633968227e-07 6.216187047053493e-08 2.8456456455086633e-07 0.0 5.692868610490023e-08 4.09326019553294e-06 4.693912344244943e-06 8.166757911835784e-06 3.0246526823714784e-05 1.3178756286089686e-05 1.977164105229748e-05 1.5293894679883463e-07 1.1877966121383383e-06 6.251605566028463e-08 1.495262191655934e-05 2.477589786666561e-06 2.4517567783567725e-06 1.5155393325167584e-06 4.105938243461067e-07 6.435727828854075e-07 1.1412814450731503e-06 6.22069908749323e-06 0.0 0.0 2.953482476275711e-05 2.430656073767298e-05 4.516830715746987e-05 1.8887603891432256e-05 5.285327505579397e-06 5.34743132310196e-07 6.775021794290524e-06 1.4583434562954322e-07 1.8234710784718015e-06 9.846489906943364e-06 2.0267842478184554e-07 3.041436450712717e-06 3.2251438289621854e-06 1.9632319164604834e-06 0.0 3.462317566366403e-07 0.0 3.060950755171769e-07 0.0 4.432261339411532e-07 0.0 2.1712658680311012e-07 5.99336349545931e-06 1.6933217147124828e-06 0.0 8.257109865772376e-07 5.580284876308318e-06 2.2466815607551947e-07 0.0 2.929023016424882e-06 1.3233835844517702e-06 2.9390781433866794e-06 1.4122406032817384e-05 1.67132650075754e-06 8.441763329941662e-06 9.07641738866438e-06 7.95242388691916e-06 2.205142219826972e-06 1.0748212024345639e-05 1.7273614571946667e-05 6.767033314319658e-06 1.4438019983578165e-05 0.0 0.0 0.0 0.0 0.0 0.0 0.0 0.0 0.0 0.0 0.0 0.0 1.509211218521441e-07 0.0 0.0 0.0 3.3976021305945875e-07 0.0 0.0 1.2695436399212441e-06 1.6274755485872574e-06 0.0 0.0 0.0 7.360615344638675e-06 4.616183168793454e-07 8.701621130243134e-06 1.8092345998934067e-06 7.2652673419799e-07 3.2673843917231003e-07 0.0 0.0 0.0 0.0 8.090932985894083e-08 0.0 1.1696597788769474e-07 1.2697339515287453e-07 0.0 0.0 0.0 0.0 0.0 0.0 0.0 0.0 1.2176129267417608e-07 9.870387635989289e-08 2.0359544205335824e-07 0.0 0.0 5.245776198714375e-06 7.006922708742492e-07 0.0 0.0 0.0 0.0 0.0 0.0 0.0 0.0 5.828180321577026e-06 9.239694968730501e-08 0.0 1.1848945130058463e-07 0.0 2.297955540735109e-06 0.0 6.901630940407147e-07 6.940869398185312e-08 2.117446588916127e-07 0.0 0.0 0.0 0.0 0.0 0.0 0.0 0.0 0.0 0.0 0.0 2.386364397343749e-06 5.598664238254004e-06 6.9779967256112145e-06
0.0001673173086377439 0.00016361111792255893 2.025126372236352e-05 0.0003124940606272931 6.015199011089432e-07 0.0 2.069959450389429e-05 3.5929537799028057e-07 1.164726754400407e-06 0.0004579555095033141 1.5456525015971447e-06 8.185559807724437e-05 4.8009167662746134e-05 2.143417196208392e-06 1.5663981168849393e-07 8.176517328298973e-08 0.0 0.0 0.0 0.0 1.1094464514931096e-07 3.7592821973754925e-06 0.0 0.0 2.505820389108115e-07 0.0 0.0 0.0 2.9421153901194455e-07 0.0 8.557937547226317e-05 4.0429873811314334e-07 6.667455554471426e-06 0.0 0.0 0.0 1.4175175065992014e-05 8.761261603873025e-08 2.9702313258636365e-06 0.0 0.0 9.016505317701892e-08 0.0 0.0 0.0 0.0 2.359116946775263e-06 7.765381521799297e-08 0.0 0.0 0.0 1.5601193963958636e-05 1.126697202344838e-06 7.511529613164235e-07 1.5789653781529104e-06 1.3584064028932495e-06 6.0884135639785985e-05 6.855871920896985e-05 3.211766288348383e-06 1.0590421797441063e-06 0.0 3.487111742160509e-06 0.0 2.122650108921224e-06 4.868997062040234e-07 1.6855905402523902e-07 8.776034212918446e-08 0.0 0.0 0.0 6.0559156238676694e-05 3.561190768393433e-05 8.120233271364537e-06 1.0200052435070208e-05 4.414609542431575e-06 1.790123792944785e-06 0.0 0.0 9.16429150655847e-08 3.8247412665279865e-06 8.470249851413307e-08 3.2464737641464857e-06 1.8444974481908729e-06 4.674135531018702e-07 0.0 1.2415615707324351e-06 0.0 1.7643772367139823e-06 2.9155676905543293e-06 5.926546286761917e-06 3.7178196506075597e-07 7.368390454193977e-07 3.0343542072034644e-07 0.0 7.522005081004498e-07 8.15836126776626e-05 8.061724178626904e-05 3.0301898750326745e-05 1.901042261549611e-05 0.0003497547986304002 0.0 5.0191996811331105e-06 4.5410772358874645e-06 3.2105522742615855e-06 3.002388436336795e-06 1.957523052185742e-05 1.5391358789463968e-05 1.0727774998538639e-05 2.5071765854713368e-05 5.7876174890125134e-05 1.7823856070044152e-06 2.1674827516244743e-05 4.162232953628095e-05 1.2606608804349404e-05 1.0124456710728492e-05 0.0 0.0 0.0 0.0 0.0 0.0 0.0 0.0 0.0 0.0 0.0 0.0 1.501836933679204e-07 0.0 0.0 0.0 0.0 0.0 0.0 5.030646107196904e-07 3.0176025683116193e-07 0.0 0.0 0.0 2.4989118932431846e-06 6.517397287523608e-07 4.339730227948623e-06 4.800541765950486e-07 3.711265498086069e-07 0.0 0.0 0.0 0.0 0.0 0.0 0.0 0.0 3.4167850134517343e-07 0.0 0.0 0.0 9.585595013816809e-08 9.552662143676647e-08 0.0 0.0 0.0 7.57335552829374e-08 0.0 3.7760606433178685e-07 0.0 7.633257082035814e-07 1.5531009974227278e-06 0.0 0.0 0.0 0.0 0.0 0.0 0.0 0.0 0.0 7.431412527858628e-06 8.39107621613267e-07 0.0 6.84521013852016e-08 0.0 1.2460770905533617e-06 0.0 9.175721168331077e-07 0.0 8.251136348166404e-08 0.0 0.0 0.0 0.0 0.0 0.0 7.058730272915016e-08 8.778563090428646e-08 2.5759059861568577e-07 0.0 0.0 7.064564130268748e-06 1.6275898673464999e-06 1.8375806176264566e-06
0.0003296166899197072 0.001445931123363173 0.00012106855425288622 0.0002840873803576611 0.0013553853061300189 2.069959450389429e-05 0.0 0.00013816987924682926 0.001358551408234136 0.0014200525326240679 0.0007103849065884432 0.00016236758519803387 0.004985516183312762 0.0019629916878000355 3.498703431334618e-05 4.641076398352601e-05 8.494943494178181e-07 4.97032397007404e-07 3.864497761990991e-07 4.129480685513204e-07 8.063181230652881e-07 7.75279881418756e-08 2.4455594258327143e-06 2.9987218486236448e-06 3.922030120732317e-06 4.271448347380447e-07 7.874158681164652e-07 1.5170353451771974e-07 3.401222795747823e-07 4.906381747694806e-07 8.720525058458003e-05 6.0120532709250215e-06 8.866728827912545e-06 6.764272878719487e-08 1.4996832757995803e-06 2.068437696634333e-06 1.4474814587270113e-05 3.5235315110625228e-06 1.7656360135669661e-06 1.968395107274517e-06 1.843628873394743e-06 2.698888035536835e-07 3.290157837814401e-07 3.05764776806474e-06 6.835001844980958e-08 1.4004796601368323e-07 0.00010293541948407988 4.040626315230372e-06 4.2163448075811693e-07 2.845750185098047e-07 7.999591691003334e-07 6.66076445139759e-08 1.8467730847401463e-07 0.0 1.3627442602388364e-05 1.2639486331241487e-05 3.289470389586611e-05 0.00012541797545365268 3.458950083657231e-05 5.1625902433184164e-05 3.2327513166927725e-07 7.849222520259054e-06 1.6996112866534391e-07 4.070784321936357e-05 7.101296442493817e-06 6.690528369683369e-06 4.100848683733514e-06 2.0158238227736075e-06 1.457060044369267e-06 3.3670412442319234e-06 2.010911426282911e-05 1.0616671672519916e-07 6.840337950496543e-08 9.900308549226142e-05 7.316702327688473e-05 9.394239841841557e-05 3.267144032907437e-05 1.1381612910127802e-05 1.2444372423832529e-06 7.610028385274781e-06 4.105346326915631e-07 6.356465595876054e-06 3.3461262500319154e-05 6.166309801390736e-07 5.796313739433214e-06 6.883076043680437e-06 3.4714541050633623e-06 0.0 8.117354088701791e-07 0.0 6.224229373084166e-07 6.703125390204091e-08 1.2420233742367423e-06 1.9494940121194245e-07 1.890042827369836e-07 2.1761928647433203e-05 3.567856244243269e-06 0.0 4.923712471596003e-06 3.090560477299617e-05 7.906124599641429e-08 4.607498844215371e-07 2.8158183845611468e-05 1.8128777945670244e-05 1.0002439725711186e-05 6.521883268452592e-05 7.727336576117861e-06 2.8319517785355293e-05 5.720256984958737e-05 3.749721469393603e-05 6.298870724252685e-06 3.9571376246760606e-05 6.579969485108105e-05 2.4092623277863358e-05 3.6311790671831e-05 0.0 0.0 0.0 0.0 0.0 0.0 0.0 0.0 0.0 0.0 0.0 0.0 1.9617686363421764e-07 5.792150644024283e-08 1.4114630649129016e-07 0.0 0.0 0.0 8.555059767913988e-08 3.2586187708763396e-06 2.11752847035346e-06 0.0 7.299540986389746e-07 0.0 1.9516421741583047e-05 1.5469588036341062e-06 2.267543467505931e-05 3.7212347265067964e-06 1.7526538888100114e-06 0.0 0.0 0.0 0.0 0.0 9.593587679588677e-07 0.0 1.7719639114189063e-07 2.731787798837791e-07 0.0 1.0445349051451435e-07 2.178596080711601e-07 7.65321839735733e-08 1.2416903500107735e-07 1.8176555669461614e-07 3.5966542599518183e-07 0.0 4.860151315262105e-07 4.84307013679727e-07 1.051844325887139e-06 0.0 0.0 1.090948500638538e-05 2.751958035184381e-07 1.8860929916688901e-07 6.359651949908171e-08 9.84446097433581e-08 0.0 5.9422442952244435e-08 0.0 9.294865302105046e-08 0.0 2.6901006622314905e-05 6.179632457402165e-07 0.0 0.0 0.0 7.429082344101519e-06 0.0 5.111359980181615e-06 6.78645509359801e-07 5.939502911872181e-07 3.744843529847444e-07 1.3402383395497855e-07 0.0 0.0 0.0 0.0 0.0 0.0 0.0 0.0 0.0 8.675272904655982e-06 1.5186232535666485e-05 1.9777698776200034e-05
2.023098538796951e-05 0.0004758942456200484 0.0018876745640261173 8.976599124499093e-06 0.0001378296108437881 3.5929537799028057e-07 0.00013816987924682926 0.0 0.0002236387670853906 2.1967016475155697e-05 0.001004234145518423 0.0001396398443054878 0.0003586027418206234 0.0010444789749412757 2.4541166053872595e-05 5.201376722626703e-05 1.7648927702987234e-06 1.2994694759552998e-06 1.614620811356166e-07 8.772076285020335e-06 1.6681937017824397e-05 2.49869250771559e-06 3.703886982105434e-05 3.7488669233569946e-05 0.00011181992117035066 8.626957184184038e-06 2.8194748224976224e-05 2.614498459914615e-06 8.446324044815529e-06 1.0419183793868759e-05 0.0002508138598047678 0.001181952875614169 0.00036391368823659006 6.896222558655028e-06 2.7783671889535946e-05 0.00010496500870357773 0.00022029509785152226 0.00018381247304792645 4.9523586645063365e-05 6.311620435835384e-05 3.0249483802177866e-05 1.502406698164398e-06 3.0842638743727626e-06 6.406622030248552e-06 2.8730139307684387e-06 2.144658765939855e-06 5.649034061493334e-05 2.0601738869037733e-06 1.290256607015542e-06 3.2830356815854703e-06 3.7936289351492714e-06 4.480265370590351e-06 2.2364583111486655e-06 1.122983173796344e-06 2.112828606590951e-06 1.4383141717895553e-06 5.141874938712574e-06 3.349762828609483e-05 6.921332957481388e-06 1.1228757969297541e-05 1.0546728930427956e-05 4.570824241217587e-05 4.3613305426821064e-06 9.948351536294813e-05 1.0518152888695736e-06 1.4715550356982729e-06 3.5613349929611808e-06 6.23870749468619e-06 2.76851799127623e-05 6.0961550231731815e-05 4.785214702224284e-05 3.412838498978288e-07 3.784209459500107e-07 1.5844584037601548e-05 2.3323828145854935e-05 3.895160622163002e-05 9.867934271067307e-05 0.0001238070756348791 0.0007379598751830885 0.0015649597224079773 3.364576967759656e-05 0.0010962266222929557 5.673696961816687e-06 0.0 1.018994813285426e-06 1.492396708265854e-06 2.333229354355113e-06 0.0 7.410267442707716e-08 1.5345756965232884e-07 1.0707241071965498e-06 3.5081289442373243e-07 2.0960898999263734e-05 2.6273872845377864e-06 1.2713405505213328e-06 4.246742980155315e-06 1.3177257626990827e-06 3.9397672152693205e-07 2.350718120184813e-05 4.938033282993932e-06 0.0 7.671845739017844e-08 2.1499936694873933e-07 0.0 2.3783033670032863e-06 5.0767240372977e-06 0.0 3.5616777120083727e-06 3.576899493350025e-06 2.284182847853941e-06 6.497277080461094e-07 2.6601768779779794e-06 7.843669011408795e-06 3.258215774185929e-06 6.459993444471137e-06 0.0 0.0 0.0 0.0 0.0 0.0 0.0 1.0629393555379239e-07 0.0 0.0 9.009276745126451e-07 0.0 0.0 2.1610001119843713e-07 6.38778380118541e-07 9.543709906746953e-07 3.1511362628927524e-07 1.441015695140036e-06 2.8159896143987164e-07 8.028241917359959e-07 1.1790903410998115e-06 8.098192767464442e-08 0.0 0.0 4.301575407626643e-06 5.066319517202974e-07 8.165099364627673e-06 1.3883428404963536e-06 9.923624013319186e-07 7.749718929219853e-07 3.9551598394991793e-07 0.0 0.0 0.0 0.0 1.3206359276697866e-07 0.0 0.0 0.0 0.0 6.145435517532186e-07 8.075412784353932e-07 1.1666055833403556e-06 0.0 0.0 0.0 9.054345169677563e-08 3.099757295221331e-07 0.0 2.3454677297520154e-07 0.0 2.4497964317329796e-06 2.0176699560739514e-07 0.0 0.0 0.0 0.0 0.0 0.0 2.4597580213304585e-07 1.0110050575414572e-07 3.7177475852426137e-06 1.0509741010208395e-06 3.557118262364031e-07 1.6602381346489127e-07 9.495990668190309e-07 1.789387355557021e-06 3.3209069745148015e-07 1.1171292414675062e-06 0.0 1.811209380677348e-07 7.369788005638532e-08 0.0 0.0 0.0 0.0 0.0 0.0 1.168774539953635e-07 4.5808238520166066e-07 1.556377077315223e-07 2.598008386139604e-07 9.917775278974976e-07 3.563901084034744e-06 4.443248297373847e-06
2.527141509860066e-07 0.001591501050609336 0.00027734384599840045 2.2453544878668877e-06 0.001553692942789037 1.164726754400407e-06 0.001358551408234136 0.0002236387670853906 0.0 2.8770083130921937e-05 0.0006524429051327072 1.1778230060234595e-05 0.0007237693576803041 0.00048708877333176516 5.231835783844491e-06 8.799540506308735e-06 3.21048517492252e-07 0.0 7.122257974471596e-08 0.0 0.0 0.0 4.417111850121783e-07 7.520317739281148e-07 9.376660334804792e-07 7.526072319461648e-08 1.882389559417656e-07 0.0 0.0 1.4037235504815324e-07 3.1639442077186306e-06 7.563803203544602e-07 2.4278802260899927e-06 0.0 1.8978702225351956e-07 3.8713313720834967e-07 1.7492136875611522e-06 2.3779735849279723e-07 1.9038913444019927e-07 6.597928830390395e-07 1.0731796066661758e-06 0.0 0.0 4.058392446784941e-07 0.0 0.0 1.021245417795755e-05 1.7935416628925524e-07 2.1635421689687768e-07 0.0 7.006713524127931e-08 0.0 8.126435853503962e-08 1.394634932352778e-07 6.286282871374219e-07 3.1826544482718855e-07 1.4654934475738812e-06 2.14625878046713e-06 2.0987195418973674e-06 3.2228093223375397e-06 0.0 0.0 6.926698827521516e-08 1.948694445050225e-06 7.485899278808749e-07 3.4266768941742553e-07 1.8048618295934747e-07 5.563912200017725e-08 1.3414609202948162e-07 7.778954904127976e-07 2.4158325418694484e-06 0.0 0.0 3.6759165509195253e-06 3.401355918980859e-06 9.624516225835522e-06 4.470802397404525e-06 2.4747209525269604e-06 3.6436431447659933e-07 1.334770439292163e-06 9.799463086330639e-08 1.0344337132851092e-06 2.336766672513484e-06 0.0 4.0714145580666295e-07 1.773363887886718e-07 2.6915642544397466e-07 0.0 0.0 0.0 0.0 0.0 2.565737652783441e-07 0.0 0.0 2.915953353600267e-06 2.444195171011784e-07 0.0 2.9378670129688376e-07 0.0 0.0 0.0 2.0728054956365963e-07 0.0 1.0608044388706182e-06 4.194783635886071e-06 2.620245005887641e-07 1.1858610271106788e-06 1.8510763095906e-06 2.3412344931813724e-06 9.102193198056124e-07 1.3929230399048822e-06 4.1829065362360395e-06 2.0426801434502556e-06 3.6703825635064554e-06 0.0 0.0 0.0 0.0 0.0 0.0 0.0 0.0 0.0 0.0 1.2477723083304943e-07 0.0 3.747676062443299e-07 0.0 0.0 0.0 0.0 0.0 0.0 5.4405155243793e-07 0.0 0.0 0.0 0.0 2.1480672257430413e-06 1.8365878289218517e-07 1.953359704785264e-06 7.223462524266893e-07 1.592395631391738e-07 0.0 0.0 0.0 0.0 0.0 0.0 0.0 0.0 0.0 0.0 0.0 2.842282454563472e-07 0.0 0.0 0.0 0.0 0.0 0.0 0.0 0.0 0.0 0.0 1.3119135618573626e-06 0.0 0.0 0.0 0.0 0.0 0.0 0.0 0.0 0.0 2.1671186143501638e-06 0.0 0.0 0.0 0.0 6.058188768969139e-07 1.5770822421607918e-07 2.3821916492879117e-07 0.0 0.0 0.0 1.2846797915830997e-07 0.0 0.0 0.0 0.0 0.0 0.0 0.0 0.0 0.0 7.107658912742487e-07 1.4375909349631541e-06 2.5492270717465707e-06
0.0008427427090282204 0.0015656235535820768 0.00027661551453026645 0.000783170731793292 0.0003471941895327726 0.0004579555095033141 0.0014200525326240679 2.1967016475155697e-05 2.8770083130921937e-05 0.0 6.0935115791296214e-05 0.0011164810370378165 0.0031085029548054885 0.00021984927467583033 3.347417077257446e-05 3.0470263965917193e-05 1.6727479123221968e-06 5.952198541218896e-07 3.826774680156765e-07 1.867074535931908e-07 4.0814405531186466e-07 1.0680314826270517e-07 1.1142716415117155e-06 1.6042234661671963e-06 1.6444610915154804e-06 1.4229948939695346e-07 3.4356668244001734e-07 4.1943155800392015e-07 8.926155751886018e-07 1.6702610878782833e-06 0.00011737709575429417 2.6890492575517753e-06 8.143657889444471e-05 8.521269177592657e-08 9.727640012838678e-07 1.1558983465385403e-06 9.594547648766622e-05 9.040005965005431e-06 7.061551302465787e-06 2.563903602425047e-06 1.8214152913676143e-06 1.975247021020796e-07 7.566385167976899e-08 2.2166856520926937e-06 6.460096465785092e-07 0.0 0.0001308232851230527 5.433102507698274e-06 5.419581036682587e-07 3.3800203956994975e-07 5.815433292280917e-07 6.462374880567528e-08 1.5658136282911652e-06 1.420499945697723e-06 1.9542540370185986e-05 1.7304465976095098e-05 6.320317464372241e-05 0.0001833512976404572 5.933356722594161e-05 6.484873390174645e-05 7.739790673148527e-07 8.310219118111536e-05 2.7649966998856695e-07 5.144051888413368e-05 9.935500364375085e-06 8.641330270648448e-06 4.634401192887728e-06 1.534599314141061e-06 9.404925404207282e-07 1.273857613950859e-06 0.00013344785426170868 9.466857545898865e-07 0.0 0.0001429146959711514 7.817759963859e-05 9.446081640489097e-05 2.3093451906783906e-05 7.654143216877566e-06 6.827499402931565e-07 3.257514388927758e-05 3.787812938618981e-07 3.8939296012826915e-05 4.573982577269084e-05 1.204588880713259e-06 7.124866888292743e-06 9.498269093516326e-06 4.920195966463295e-06 1.2044719366027553e-07 1.184975814546314e-06 0.0 8.826766490149636e-07 3.229033492455707e-07 5.914369021951002e-07 4.938179548798645e-07 2.0112031571074828e-07 0.00019958995863739472 5.167176063509104e-05 0.0 3.1453319781704174e-05 0.00022825310892875592 2.655293070929905e-06 1.586644067202114e-05 6.751063112812297e-05 3.269482159142878e-05 5.846586093080302e-05 0.00024249261287126957 6.024058924220793e-05 0.0001565281599961844 0.00023397093900474206 0.0002763139079250173 4.202218934313366e-05 0.00019814271046379598 0.00039589192159297955 0.00014834487659996228 0.00017875658106745196 9.83128782627975e-07 0.0 0.0 0.0 0.0 0.0 0.0 0.0 0.0 0.0 1.1830052090198007e-07 0.0 1.729004529591344e-06 0.0 5.130703304685928e-07 0.0 4.38049378812269e-07 1.1567298711967882e-07 3.0035956339995347e-07 1.6640960524793302e-05 1.0664101173515664e-05 0.0 0.0 1.399128342287781e-07 8.673534309011818e-05 8.187328335008881e-06 7.745606155152146e-05 8.805762783854409e-06 9.259776085472524e-06 0.0 3.249107307769024e-07 1.0226339929640226e-07 0.0 1.3575865552491452e-06 1.6198272835634848e-07 0.0 2.506128050753925e-07 1.7401153113496974e-06 0.0 1.393633239595401e-07 9.465405589584798e-08 2.2689809095286505e-06 1.2133805231138871e-07 7.007243866169888e-08 0.0 0.0 1.8190102007509229e-06 1.6864721679997706e-06 2.5525571769397217e-06 0.0 0.0 5.152860039423384e-05 1.3097159636107446e-06 0.0 1.5643184485734957e-07 0.0 0.0 0.0 0.0 2.8712184646387227e-07 1.0053737318037086e-07 0.0001148682138418618 8.110369584173236e-06 6.964208876334714e-07 4.6023805690494235e-07 2.2858593929520228e-07 4.250258726677488e-05 2.2528146765219846e-06 1.77423686568159e-05 7.965132848621985e-07 2.4601242736467887e-06 8.044496321049046e-07 1.1708418511900653e-06 0.0 0.0 1.040221210520382e-07 1.075462860951539e-06 0.0 5.928663795979693e-07 7.061252297098633e-08 0.0 0.0 6.647850497207365e-05 4.654357925969651e-05 6.029680372733395e-05
3.860207015993893e-05 0.0013691474114650977 0.0016500714183653497 8.164244707356305e-06 0.000902178920846027 1.5456525015971447e-06 0.0007103849065884432 0.001004234145518423 0.0006524429051327072 6.0935115791296214e-05 0.0 0.0002778045030993236 0.0015636200752943692 0.002596229185985156 2.8276485784624862e-05 4.591230129198834e-05 1.2039711113112253e-06 3.517684590213961e-07 1.537532063458761e-07 6.996410918271327e-07 1.1900328473315322e-06 7.535670772370497e-07 3.864625840121303e-06 5.719319172058468e-06 1.936660459575168e-05 1.4540573436742843e-06 5.982407836112334e-06 1.2303955142592714e-06 2.0905519528720735e-06 2.710331377603664e-06 0.00010637514952983349 2.4219197761962825e-05 0.0005071934588431597 3.190778645196312e-07 3.1544551602610403e-06 1.1502552378236741e-05 0.0002833518868311221 3.811442891325473e-05 2.6667543239021774e-05 1.4191480179026048e-05 3.7351898233109427e-06 3.471682320838673e-07 4.56960421834491e-07 3.6414478186607276e-06 1.8721108347683088e-07 3.888849581912925e-07 6.301447150142741e-05 1.8916921120434748e-06 4.68903381953013e-07 3.355454593834393e-07 2.441466545390551e-07 8.384553536195579e-07 1.4659226661461668e-06 7.0351759166182e-08 4.142875823360963e-06 4.664430624860815e-06 8.293914480592927e-06 3.2684144683233006e-05 1.3592009923386314e-05 2.149287473721138e-05 4.80587128172897e-07 1.2889511574269716e-05 8.386376204760051e-08 1.909996522846544e-05 3.2869286663064915e-06 2.013500118046018e-06 1.6111302328851112e-06 1.0132325626509385e-06 9.727882146138745e-07 4.45664916565699e-06 5.280042290231143e-05 2.2266657351283753e-07 1.1733329510554103e-07 3.2095978958166e-05 2.4609501769956996e-05 6.468723700043998e-05 2.9847312605498257e-05 1.192175358539053e-05 2.7179244411905027e-05 0.0005894570024032141 5.68945760441242e-07 1.6784674783299912e-05 1.1573119621806156e-05 2.36809994459775e-07 3.1698898902750857e-06 3.001267353358502e-06 1.8552047377105859e-06 0.0 2.741151604387919e-07 0.0 6.41981113601198e-07 0.0 1.5298758485761489e-06 6.696769404256728e-07 7.12554298477581e-07 4.872196226521277e-06 2.6696776604394008e-06 8.665561751427324e-08 1.5853431176132154e-05 8.670402145287373e-06 0.0 0.0 1.1710061517872782e-06 1.646417452666275e-07 2.6863192454498565e-06 7.69888273974224e-06 4.604620025306113e-07 3.895216707151886e-06 4.586173706359682e-06 4.595106490385452e-06 1.5717973678973298e-06 5.335994734197712e-06 8.153623237300816e-06 4.669020851213318e-06 6.952568506400328e-06 6.579595232850933e-08 0.0 0.0 0.0 0.0 0.0 0.0 0.0 0.0 0.0 6.190811181985933e-07 0.0 1.672809244323351e-07 0.0 0.0 8.428882117782794e-08 0.0 4.6594702028932994e-07 1.0291658458151604e-07 1.0047803497007411e-06 6.595757696527977e-07 0.0 0.0 0.0 3.975551401391967e-06 1.9660667264694808e-07 5.456830411311405e-06 6.605365480504564e-07 6.344654024571763e-07 1.8501504040816845e-07 0.0 0.0 0.0 0.0 6.509784612351975e-08 0.0 0.0 0.0 0.0 0.0 0.0 2.144350587658655e-07 9.283128822172977e-07 0.0 0.0 0.0 3.2908865573020713e-07 7.519853716353384e-08 7.157572639189839e-08 1.0369514356883458e-07 0.0 3.6635457534376136e-06 1.3538519983516318e-07 0.0 0.0 0.0 0.0 0.0 0.0 0.0 2.516553542028005e-07 4.994524479088537e-06 5.605170174987068e-07 0.0 0.0 6.38238337983571e-08 1.4833341169627564e-06 0.0 2.2673302541896957e-06 6.913625316290432e-08 0.0 0.0 0.0 0.0 0.0 0.0 0.0 0.0 0.0 8.943600683838877e-08 0.0 7.706992760824217e-08 1.1513504210264411e-06 5.702571450106356e-06 4.023127062756638e-06
2.43591233170201e-05 0.00012850371204991903 6.440453899737447e-05 2.0688311403146622e-05 2.5132412206901648e-05 8.185559807724437e-05 0.00016236758519803387 0.0001396398443054878 1.1778230060234595e-05 0.0011164810370378165 0.0002778045030993236 0.0 0.0003717029897554749 0.00012075478543905757 1.4667780003153332e-05 3.658658504965235e-05 8.961184105706666e-07 5.200517088258695e-07 1.0193690681784931e-07 1.1308129939849575e-06 2.0202903202222856e-06 3.958950361715952e-06 4.8545565019396905e-06 8.1281923769233e-06 2.034028795498168e-05 1.9001986455145495e-06 9.206669214927946e-06 1.4957958580884632e-06 5.643394340430518e-06 3.893034328562077e-06 2.3648302019236302e-05 8.179294960477085e-06 8.65584778095426e-05 0.0 4.25958476459916e-06 6.724183311584407e-06 0.00033383430361543393 3.0155949822348477e-05 6.13291320301586e-05 2.0035282495130184e-05 4.467521757413955e-06 1.989062009470578e-06 2.5533029770259595e-07 1.3581513906109878e-06 8.167244777428232e-08 0.0 2.243966847386931e-05 1.4296553257710036e-07 0.0 5.474330733958445e-07 6.307740742350508e-07 3.1935954362281777e-06 5.539494282396764e-06 9.065917591514742e-07 1.705529345031963e-07 4.2050077184353696e-07 4.636402179738177e-06 8.672260166473447e-06 2.1626874220769813e-06 1.6256374125918595e-06 3.7606495151062275e-07 1.2465796629159913e-05 0.0 7.818309067146068e-06 4.1768504571318655e-07 3.1044082262320167e-07 3.2668714993049894e-07 1.7946837961270438e-07 8.855882584560406e-07 2.1007505568618417e-06 0.00016287718346982857 2.865044613753064e-06 4.970339047392529e-07 3.7397703864729596e-06 5.55921128716907e-06 9.745384034507322e-06 8.160560807085838e-06 5.507466736698607e-06 1.0741694273531894e-07 2.8224087642941484e-05 0.0 2.5692285950079845e-06 2.0234788146010133e-06 0.0 5.109614722576825e-07 2.8802836233033947e-07 6.632072208877211e-08 0.0 1.3757724161545736e-07 0.0 0.0 0.0 2.8429488404099475e-06 1.6300375803827667e-07 8.4749122222076e-07 0.0004309500521107282 9.647919049809728e-06 5.19290262067857e-07 6.064340466740198e-05 5.1725187471638545e-05 1.7355829692478972e-06 2.243836955760969e-06 1.708443537122805e-05 3.5614847276035037e-06 1.5966314637916205e-05 6.707100450364306e-05 6.927803183111149e-06 4.698016832113627e-05 6.427250313422123e-05 6.930339252396835e-05 1.6849115806603443e-05 8.533964732079959e-05 0.00016467367291191114 7.139143835764624e-05 0.00010255898624534212 2.617612959453373e-07 0.0 0.0 0.0 0.0 0.0 0.0 0.0 0.0 0.0 4.489306479350496e-07 0.0 6.708982453976001e-07 9.856964605102331e-08 1.8779726958688286e-07 3.361726125711059e-07 1.1696191650092413e-06 2.801536792115373e-07 1.1316721480929257e-06 5.038568352402213e-06 4.175468304584966e-06 0.0 3.6404508125243777e-07 0.0 6.844035096665762e-05 2.536510502851241e-06 5.168239021315906e-05 8.619232963214535e-06 5.158571060387284e-06 1.8648538472464853e-07 0.0 0.0 8.442510748467332e-08 0.0 0.0 0.0 0.0 1.673601910619857e-07 0.0 0.0 2.455323602721991e-07 1.1540010663347058e-06 6.372201076219637e-07 0.0 0.0 0.0 5.129568710110681e-07 1.6179509850825827e-06 0.0 0.0 0.0 2.360971696288663e-05 4.3336114461779775e-07 2.2816501851987477e-07 1.231000742073653e-07 6.40283265201014e-08 0.0 0.0 0.0 0.0 0.0 8.237743669608531e-05 3.6201035600238635e-06 4.1278123222327083e-07 3.517895830826498e-07 9.638985590994883e-08 1.7187562200053855e-05 2.0641005056429618e-07 5.262832663029182e-06 7.068674449791178e-08 2.906269023237506e-06 8.819494847052503e-08 0.0 0.0 0.0 0.0 2.083483769225902e-07 0.0 0.0 2.2901314404383002e-07 9.66177026599821e-08 1.8986443321320226e-07 4.366212018544784e-05 5.3536029825046475e-05 6.045845115932298e-05
