0.0 0.0013982586156371366 0.0004856588107971918 0.0009488236768931791 0.00021118818818846946 2.7674916217751038e-05 0.0011961600983570085 1.7419128979851004e-05 6.36130565630296e-05 0.0009949777518462393 0.00018246146007685565 7.772179617695864e-05 0.0002496973256124603 0.00019851206219593482 2.802286229947185e-06 2.9563480699640654e-07 8.142641854287396e-08 6.717932881287082e-08 0.0 0.0 0.0 2.0764495031046903e-07 4.4265342731694975e-08 7.299466847733266e-08 0.0 8.774490943861319e-08 0.0 1.2813220553579257e-07 0.0 0.0 0.00020645778976585577 4.5234798473965547e-07 3.624790926696269e-06 0.0 1.8985548008502675e-07 9.619987559216073e-08 3.270459936005328e-06 8.664395714031681e-08 0.0 0.0 3.5232231191013345e-07 1.8031279917106198e-07 0.0 6.717457232264672e-08 0.0 7.754996060489135e-08 1.2403942933396618e-05 7.270863005015298e-06 8.209883555038174e-08 2.0637553378373991e-07 9.174612949121552e-07 5.952611540358452e-07 4.998366631452169e-07 0.0 1.0393727052695806e-05 9.675503210849066e-06 0.0003802994907752296 0.00040429077211461353 5.342493032657254e-05 2.6177563620610937e-05 0.0 0.0 0.0 1.1705488792808848e-06 4.13842625437607e-06 5.7351423690698745e-06 1.199179038684927e-06 1.629010739442268e-06 3.1372217462068947e-07 9.329196577555925e-08 1.0968748553679229e-05 3.864073736528341e-06 9.79267887235154e-07 0.00014439227252185645 4.1645557670396946e-06 9.51100324103611e-06 1.4257616884401316e-07 2.47463075476035e-07 0.0 5.38006283832909e-06 0.0 3.0763589260188625e-07 3.4090731243863096e-05 2.8013427409937756e-07 1.1851167489194593e-05 1.9108169366543342e-06 4.132735980166472e-06 2.604997320379007e-07 8.789166420091801e-07 9.656583543829938e-07 6.362937825044731e-07 5.002852707287575e-07 3.452825335896694e-07 6.172422296746654e-07 5.061414461337107e-07 4.3394213236932375e-05 1.6333447141435637e-05 1.048182979802965e-06 5.558755095041196e-07 0.0004817221761255384 0.0 4.059806957013857e-07 3.076284770848366e-07 0.0 1.9182937553116796e-07 5.319567664597352e-07 0.0 0.0 1.053061582714267e-05 4.1786040201193293e-07 1.2342466444374988e-06 1.8812462737024522e-06 3.554295412256569e-06 4.155985387602667e-06 4.7318234786040436e-07 8.824255062874296e-08 1.9528847185065437e-07 0.0 0.0 0.0 0.0 0.0 0.0 0.0 0.0 0.0 0.0 0.0 0.0 0.0 0.0 0.0 0.0 0.0 0.0 0.0 0.0 0.0 0.0 9.524077901522894e-07 0.0 9.665325022523785e-07 0.0 9.76488148271171e-07 0.0 0.0 0.0 0.0 0.0 1.46930786040925e-07 0.0 0.0 8.27861699863623e-08 0.0 0.0 0.0 0.0 0.0 0.0 0.0 0.0 0.0 0.0 0.0 0.0 0.0 1.0754383983397352e-06 0.0 0.0 0.0 0.0 0.0 0.0 0.0 0.0 0.0 9.138361822048156e-07 2.9875731083714627e-07 0.0 0.0 0.0 2.898589783587107e-07 0.0 0.0 3.5739344084279634e-07 0.0 0.0 0.0 0.0 0.0 0.0 0.0 0.0 0.0 0.0 0.0 0.0 3.953881138843012e-06 7.440177555669124e-07 1.8063272233543084e-07
0.0013982586156371366 0.0 0.00043909508938237045 0.0006071409751693144 0.0018109361466034336 3.783190516848562e-05 0.0020803334595559174 8.170176334809705e-05 0.0032477785541609396 0.0003716319376252322 0.00043701376684303193 3.572923074933064e-05 0.001303785873880357 0.0009240315404422739 1.98401814528033e-05 2.468329485143041e-06 3.8554573376884174e-07 0.0 0.0 7.42316247181023e-08 3.8998507024824214e-07 1.822600275539486e-07 1.9204277923282827e-07 1.723235562863622e-07 8.878532711934669e-07 1.153076903577981e-07 1.3953513009769748e-07 6.959521787330065e-08 0.0 0.0 0.001719545533606501 1.608226312269342e-06 2.579405948667885e-06 6.933567477655995e-08 4.992522772045112e-07 5.618622748041466e-07 7.889343918818202e-07 6.664204220472764e-08 1.0483533399079248e-07 0.0 2.5039886667680593e-07 9.202602902220296e-08 0.0 2.5926422530272913e-07 0.0 7.032404080726049e-08 5.145047830387949e-05 1.845468769223444e-05 3.656688890878039e-07 1.1773056296341068e-07 1.1336914652931264e-06 1.7387537682096974e-07 2.1544333842496452e-07 2.1617147980331197e-07 1.543727916055414e-05 1.4697800138193219e-05 0.00018625801298201218 0.00037634875376761883 4.710185309432759e-05 6.586676823678358e-05 0.0 3.065316285192764e-07 9.516411264827827e-08 9.958382536571508e-06 6.974064509006446e-06 9.303119395884139e-06 1.787771454235603e-06 4.628713027476831e-06 4.051392241038937e-07 2.1956768581865435e-07 2.4209103254099377e-06 1.5625518005125762e-06 1.1955042204147608e-07 0.00022446905160747896 3.7024196420121036e-05 4.5576959449252894e-05 1.8810894247175536e-06 1.25280455421679e-06 3.3303952453993415e-07 4.702674141812459e-06 3.26517997267342e-07 9.512367384193576e-07 4.626514558016518e-05 4.1419061861386066e-07 2.0451445551815587e-05 5.239160656463353e-06 8.245639205580462e-06 1.7245893146978465e-07 9.285830489858463e-07 3.7718531185791276e-07 6.539512133292434e-07 8.240080308414671e-08 9.34335056774922e-07 1.6086963024602974e-07 5.356299048393076e-07 1.0523646114659031e-05 1.7664173809620093e-06 1.9615556417954542e-07 0.0 0.0006839265842869135 0.0 3.109358456858918e-07 2.660693661044273e-07 0.0 1.0122072299950768e-06 5.475397387877327e-07 4.4000097606310233e-07 4.970276748861526e-07 3.6543079003447735e-06 1.5828843707135854e-06 4.7436516362717984e-07 4.142931908136425e-06 5.262738175330638e-06 6.575392441316155e-06 1.7971244515030914e-06 1.0134143513789013e-07 0.0 0.0 0.0 0.0 0.0 0.0 0.0 0.0 0.0 0.0 0.0 0.0 0.0 0.0 0.0 9.163917421689007e-08 0.0 0.0 1.3831981084777583e-07 0.0 0.0 0.0 0.0 1.1065653071380176e-06 0.0 1.3958930608937846e-06 7.370565577287383e-08 0.0 0.0 0.0 0.0 0.0 0.0 0.0 0.0 0.0 0.0 0.0 0.0 0.0 0.0 0.0 0.0 0.0 0.0 0.0 7.96449089672211e-08 0.0 6.715308700192085e-07 0.0 1.4881292010320847e-06 0.0 0.0 0.0 0.0 0.0 0.0 0.0 0.0 0.0 2.9709509461227717e-06 0.0 0.0 0.0 0.0 6.476458975754468e-07 0.0 0.0 0.0 7.954612660061878e-08 0.0 0.0 1.947819320400649e-07 0.0 0.0 0.0 0.0 0.0 7.877679430491156e-08 0.0 0.0 5.187250731600242e-06 4.346659315184675e-07 1.8155958037196155e-07
0.0004856588107971918 0.00043909508938237045 0.0 0.000328835478466379 0.001470314339874677 2.1759977145498328e-05 3.758511099184623e-05 0.0016838217949714858 0.0005763112263746968 8.272632418153912e-05 0.0021980452108068785 1.409874034355138e-05 0.00010855190072440713 0.0007103882226961898 1.2051906985236481e-05 4.925142048348483e-06 1.2298184864300786e-06 3.700062082112871e-07 3.6211210473044486e-07 1.2073199180939973e-06 8.08729513245251e-06 0.0 1.2224879891232652e-05 3.556597615920986e-06 2.0783464250038864e-05 6.215065853900353e-06 9.282894751454253e-06 3.019996019165042e-06 3.0159268297790785e-06 8.317569053806324e-07 0.0031138178740929196 0.0005417907794577198 4.176765234433897e-05 1.4437095099526322e-06 2.22625450995628e-05 1.0915697819913564e-05 1.2478378876008117e-05 3.10904023758358e-06 7.380801726637845e-07 1.6839386981499338e-06 1.1702941051535553e-05 6.20147718048968e-06 5.882572677778394e-07 6.623160797507147e-07 8.317895384553391e-07 2.1204656412663275e-06 2.7532220152715506e-05 8.164444775128903e-06 3.8416901063066864e-07 1.3625390779381272e-06 9.703500641860804e-06 1.0805130886404568e-06 0.0 6.123045416513984e-07 6.101985304895554e-06 4.106623659983153e-06 0.00011406100558741827 0.0004887405530286123 2.425089499632922e-05 3.247540941450339e-05 3.4550413515742745e-06 4.534454330741544e-05 1.317719865678285e-06 0.0004028353792391633 3.951523532386812e-06 4.552621922261087e-06 1.242374939066178e-06 3.2788183900444183e-06 4.146864484019616e-06 7.634956041533627e-06 2.529249896780316e-06 6.45861738572343e-07 2.1375644028755398e-07 0.00013338850585200155 8.146324404374013e-05 2.971603592257896e-05 5.81343621402782e-06 3.898963523461716e-06 1.859885489025952e-05 0.00037072281373772985 2.547863113357642e-06 0.0001311683200620078 1.9857631465136612e-05 3.1657583357048634e-07 9.31744859386668e-06 1.9649579626125577e-06 2.8467538699038717e-06 0.0 2.489489027085873e-06 0.0 7.1709316412437085e-06 5.872546658742783e-07 1.9328130636329064e-05 1.7871723730919513e-05 7.27266120310408e-06 2.5486240462003803e-06 9.372249965618574e-07 1.27742154138664e-07 6.683081871028301e-08 0.00011533789171407484 0.0 0.0 0.0 0.0 3.049808927140237e-07 5.574101231593593e-07 0.0 0.0 0.0 6.805639489220158e-07 0.0 6.364078518754788e-07 1.4093473622557043e-06 2.0949086017192544e-06 1.3239634622516649e-06 0.0 0.0 0.0 0.0 0.0 0.0 0.0 0.0 0.0 0.0 0.0 1.1244367848225611e-07 9.443493453745e-08 3.4932255527523834e-07 0.0 0.0 2.4107413476847963e-07 0.0 7.485260347562823e-08 3.677483248604219e-07 0.0 8.634846918455644e-08 1.5567495255972465e-07 0.0 4.6508128185840703e-07 1.6662649531876547e-07 1.0674816205406819e-06 5.400148128634693e-07 2.50898216555654e-07 0.0 1.6807950468864624e-07 0.0 0.0 9.469818779255926e-08 2.5637019138243243e-07 0.0 0.0 0.0 0.0 0.0 0.0 6.713714148040459e-07 2.4604956273385797e-07 0.0 0.0 0.0 0.0 0.0 0.0 1.5259396601508868e-07 0.0 5.716955815905246e-07 0.0 0.0 0.0 0.0 0.0 0.0 0.0 0.0 3.0820562029723934e-07 4.259903189349567e-07 3.566250972826957e-07 0.0 8.712146844144557e-08 4.736570465447103e-07 8.24099877659761e-07 0.0 1.4273040679896017e-07 1.3966919016676938e-07 0.0 0.0 0.0 0.0 0.0 0.0 0.0 0.0 0.0 8.001674555062558e-08 1.1030073324581808e-07 8.960379957470353e-08 2.6090423241401087e-06 6.595148717849437e-07 1.8551683624781809e-06
0.0009488236768931791 0.0006071409751693144 0.000328835478466379 0.0 0.0003072926125170832 0.00011646691692806689 0.0010296490382130982 5.272223547976918e-07 7.387598270239452e-05 0.001286039295288712 8.269402287082616e-05 0.00022738238333336777 0.0012328765895434433 0.00010826029899874835 1.6477742486314896e-06 1.322463631931092e-07 7.671054807329858e-08 0.0 0.0 0.0 0.0 0.0 0.0 0.0 6.705768553513075e-08 0.0 0.0 0.0 0.0 0.0 3.2673589443635635e-06 8.594104291900071e-08 0.0 0.0 0.0 0.0 3.915974724373492e-07 7.314048298087373e-08 0.0 5.983364721496491e-08 0.0 0.0 0.0 0.0 0.0 0.0 7.8836732417323e-06 2.935403246837244e-06 1.5446949666743227e-07 2.540422517941187e-07 1.0887812509599744e-07 1.0672065216570428e-06 1.1811769615059348e-07 0.0 2.881832442942177e-06 4.657350453607613e-06 5.0258517923065145e-05 3.1174095811534674e-05 1.3345698916468991e-05 1.3536574680506e-05 0.0 1.5004403608433657e-07 0.0 8.053154562324909e-08 1.4478326094275949e-06 2.458050450585569e-06 6.462689728504026e-07 7.848129051018272e-07 5.989248658293429e-08 0.0 5.8949523387284034e-06 3.139173721480631e-06 2.1700133615726982e-07 5.8119406035924186e-05 2.4111504826390703e-06 7.228030104992928e-06 8.513079808780348e-08 0.0 0.0 0.0 0.0 0.0 1.3000508167301676e-05 3.4689799317965716e-07 5.600896264113917e-06 1.181363405363408e-06 2.4579148498168377e-06 0.0 0.0 1.3780094447997795e-06 6.458409847239787e-07 4.541396360548074e-07 0.0 2.4211484619008266e-07 7.09543933542997e-08 3.708043893161584e-05 5.433044926965407e-06 1.2267495135030317e-07 9.419132832278826e-07 0.0002124912834546038 0.0 6.5360030338295e-07 1.0907792456366054e-06 0.0 1.2334708997594107e-07 0.0 6.31748334535794e-07 0.0 4.543899671115005e-05 6.9716263493964335e-06 1.9251366120570517e-06 8.716381411559948e-06 1.2311336650964575e-05 1.045025719985777e-05 1.3246206690497677e-06 1.2009674166132649e-07 0.0 0.0 0.0 0.0 0.0 0.0 0.0 0.0 0.0 1.6014610136728405e-07 0.0 0.0 0.0 1.996767300566287e-07 0.0 0.0 0.0 0.0 2.3958740759453773e-07 1.198198035374715e-06 0.0 0.0 0.0 8.820881074611982e-07 0.0 1.7524873057858037e-07 0.0 1.0113863874540766e-07 0.0 0.0 0.0 0.0 0.0 0.0 0.0 0.0 0.0 0.0 0.0 0.0 0.0 0.0 0.0 0.0 0.0 0.0 0.0 4.789243291024791e-07 0.0 0.0 8.351514555038181e-07 0.0 0.0 0.0 0.0 0.0 0.0 0.0 0.0 0.0 1.79286709997156e-06 1.1966470259872798e-07 0.0 0.0 0.0 1.2388237223462154e-06 0.0 7.960980309356081e-07 0.0 4.4275031380702476e-07 0.0 0.0 0.0 0.0 0.0 0.0 0.0 0.0 0.0 7.533774148005273e-08 0.0 1.024626717791284e-05 1.4001219694777197e-06 2.710700452252741e-07
0.00021118818818846946 0.0018109361466034336 0.001470314339874677 0.0003072926125170832 0.0 1.1212588676307259e-05 0.0002467159042010473 0.00019952182605865903 0.001732815583939334 0.000427119205999546 0.0007394974054228876 4.423405709243433e-05 0.00017824644692875308 0.0003340721015665058 4.542026511988211e-05 5.161308613132198e-06 3.3248159447623695e-07 0.0 1.4994018044814104e-07 1.6598345719789938e-07 2.768929443974079e-07 0.0 1.1411118108283955e-07 0.0 7.071618006841272e-08 1.5875810376338297e-07 5.796077558944687e-08 0.0 0.0 8.455600672223205e-08 0.00031302926096086694 3.4687664752983498e-06 1.5366015609734337e-06 0.0 3.434157767659127e-07 0.0 1.572886789825884e-06 0.0 2.2728118186191447e-07 0.0 1.3898685700507088e-07 5.811958764649644e-08 5.774392571222554e-08 4.823996099679148e-07 0.0 0.0 7.68169479133978e-05 1.2305763695514356e-05 1.4329690430468576e-07 2.8599263336210267e-07 6.848729210916508e-07 1.2509012525730875e-07 0.0 1.1058199492809274e-07 5.9622251030561e-06 7.53134982109438e-06 6.173197209638914e-05 0.00016506439089231673 2.0341177326852608e-05 5.474072672232063e-05 0.0 5.464167751229703e-07 0.0 2.3268602365286507e-05 5.7584278749550854e-06 5.970932787150891e-06 8.325190045474121e-07 3.7325472640509196e-06 6.3683786546999e-07 4.3619414239070123e-07 3.0369851943112907e-06 1.5287436375362942e-07 0.0 0.00015190406479027526 7.16621776408432e-05 8.645619290803511e-05 8.331114798812797e-06 2.991283463527218e-06 1.1037468202975675e-07 3.0552883798800017e-06 0.0 8.963386769645735e-07 2.912674131276009e-05 2.3196131385902888e-07 1.3785419869169164e-05 4.1204756346458085e-06 6.262991145470616e-06 2.523210070935962e-07 6.275632135001083e-07 8.188530705684867e-08 3.9351147258429066e-07 0.0 4.617265499419817e-07 9.242002576238325e-08 3.9839121398144666e-07 2.5064232314122047e-06 5.584982026960199e-07 0.0 3.4693513316084217e-07 4.153360986202017e-05 0.0 3.4753642840029624e-07 0.0 0.0 0.0 2.3142322570308797e-07 1.2482008524420054e-07 0.0 1.529695857121103e-06 0.0 3.969540003828349e-07 1.553133057126934e-06 3.75388104424614e-06 6.738831757006324e-06 1.437824454828528e-06 3.880756442034032e-07 1.4463388603109713e-07 0.0 0.0 0.0 0.0 0.0 0.0 0.0 0.0 0.0 0.0 0.0 0.0 0.0 0.0 0.0 0.0 0.0 1.3965486885947295e-06 0.0 0.0 0.0 9.059859238684711e-08 1.6625714065372108e-06 1.507762092001092e-07 6.909527283321369e-07 4.3049338566379816e-07 1.569609904039575e-07 0.0 0.0 0.0 0.0 0.0 0.0 0.0 1.412381455854336e-07 1.758838060180319e-07 0.0 0.0 0.0 0.0 0.0 0.0 0.0 0.0 0.0 0.0 0.0 1.5921747704578618e-07 0.0 9.372100791333841e-07 1.3190245599074836e-07 0.0 0.0 0.0 0.0 0.0 0.0 0.0 0.0 1.5681711497413043e-06 0.0 0.0 0.0 1.820811528035217e-07 0.0 0.0 3.3154712413547267e-07 0.0 0.0 0.0 0.0 0.0 0.0 0.0 0.0 0.0 0.0 0.0 0.0 0.0 4.318012745649375e-06 3.632415047760252e-07 1.3170242229833956e-06
2.7674916217751038e-05 3.783190516848562e-05 2.1759977145498328e-05 0.00011646691692806689 1.1212588676307259e-05 0.0 3.2361532429368075e-05 1.842011747328857e-06 2.793138932883062e-06 0.0002549122774711696 8.851949528017283e-06 0.0001191292506422994 0.00011295199725378721 1.5777110137187278e-05 5.154459089621012e-07 0.0 0.0 0.0 1.6730495033303597e-07 0.0 0.0 1.949661594018923e-06 0.0 0.0 0.0 0.0 0.0 1.4522672422133327e-07 0.0 0.0 1.4467181968859239e-05 0.0 1.7417040976636356e-06 0.0 0.0 0.0 7.024147140075692e-06 0.0 4.008360259582141e-07 0.0 0.0 0.0 0.0 1.314902588359062e-07 0.0 0.0 6.642409991865157e-07 0.0 0.0 0.0 0.0 1.1779964025661487e-05 3.4212012514779605e-07 0.0 2.033628803887719e-07 4.192073142915973e-07 0.00010757171438338812 3.9663970341204895e-06 1.691448721044787e-05 6.045019154129192e-07 0.0 0.0 0.0 0.0 0.0 1.9468469037312152e-07 0.0 0.0 1.2344173021230788e-07 0.0 7.79472614882827e-05 0.00011339819693494734 1.3819189437858979e-05 2.6026775594580416e-06 4.0745781870081854e-07 1.7224465422501553e-07 0.0 9.856466238072735e-08 0.0 8.838636990222731e-07 0.0 0.0 1.6463140925270539e-07 7.519423082646891e-07 1.2302788196499637e-07 5.246271158177815e-07 0.0 6.218617373000623e-06 2.9184641612288154e-06 2.21909961785283e-05 2.976542437965767e-06 6.199999755109941e-06 0.0 0.0 1.173944120559057e-07 0.00013443415859019152 0.00010699411912682564 1.330809729654912e-05 7.63106889949147e-06 0.00015557579090742408 0.0 0.0 7.932691047750391e-07 0.0 0.0 0.0 0.0 0.0 1.4794158389070874e-06 6.686891094945032e-07 1.909099243722496e-06 6.71355758223712e-07 2.7431726990332164e-06 2.4288208774195377e-06 2.4882371486169435e-07 0.0 0.0 0.0 0.0 0.0 0.0 0.0 0.0 1.4620740595248905e-07 0.0 0.0 0.0 0.0 0.0 3.298937182168149e-07 0.0 4.4268295499390117e-07 0.0 0.0 0.0 8.320217809300867e-07 0.0 0.0 0.0 4.4832663863780207e-07 0.0 4.4721816042964555e-07 5.676525888984484e-07 1.989537243438108e-07 0.0 0.0 0.0 0.0 0.0 0.0 0.0 0.0 0.0 0.0 0.0 0.0 6.625431481624337e-07 1.0008480017873606e-07 0.0 0.0 1.9538072184269057e-07 1.5585975012441647e-07 0.0 0.0 0.0 0.0 2.858649472779123e-07 0.0 0.0 0.0 0.0 0.0 0.0 9.099029487644498e-08 0.0 0.0 2.4432942196144e-07 1.5365446174819912e-06 0.0 0.0 1.1986514714437907e-07 0.0 0.0 0.0 0.0 0.0 0.0 0.0 0.0 0.0 0.0 0.0 0.0 0.0 0.0 0.0 0.0 1.4863480850307993e-06 0.0 4.215650887368568e-07
0.0011961600983570085 0.0020803334595559174 3.758511099184623e-05 0.0010296490382130982 0.0002467159042010473 3.2361532429368075e-05 0.0 2.9889376787011116e-06 0.0005126012039155636 0.0011502432116493927 5.486282680551036e-05 8.081309396685432e-05 0.0017064922905200661 0.001102681710053786 2.812483521508332e-05 2.430101491616996e-06 8.010386371688206e-07 3.2501977004236376e-07 0.0 1.1366773316326547e-07 4.108166783484172e-07 8.592728701488125e-08 6.312910779155389e-08 6.607768055989992e-08 6.218663637187576e-08 0.0 0.0 0.0 6.009170240860823e-08 0.0 6.89003801819844e-05 9.211690630363967e-07 1.1600773244616762e-06 6.266265017053231e-08 2.1114329367391387e-07 1.0402856893296819e-07 1.2137406807290862e-06 0.0 1.1005812824595017e-07 1.4870361778173906e-07 0.0 3.5645347006025923e-07 6.259691845144099e-08 2.44666883183608e-07 9.059643252751225e-08 0.0 6.825963567814197e-05 1.8395814294481327e-05 7.29011873654756e-07 1.8290875330439645e-07 9.297626585614307e-07 3.1837309572022154e-07 6.74832786175365e-08 0.0 1.294634552835104e-05 1.1343588680671961e-05 9.315879747400924e-05 0.00013331665296676334 3.840750587174735e-05 7.003554546809204e-05 0.0 1.1991607182780802e-06 0.0 8.531128990091593e-06 5.454522059424527e-06 1.0785483337190208e-05 2.243831214838488e-06 5.838929182547646e-06 6.102854667476591e-07 1.433819499659182e-07 4.136947917055722e-06 1.1309631597794382e-06 4.087692756895791e-07 0.00020650276470877342 4.1825159410277154e-05 6.724315561282382e-05 4.863820267651164e-06 2.5242261263633357e-06 6.699135865480047e-08 1.144721338950712e-06 2.1972177498329166e-07 2.501025675738731e-07 5.013866603745708e-05 0.0 1.958485746368487e-05 4.8513916498895645e-06 8.85046209528929e-06 1.53962304099355e-07 8.863434911208909e-07 8.196633058003094e-07 4.636064291111196e-07 1.4017149185337508e-07 1.5102334510489288e-07 7.939077031850503e-08 0.0 1.61605132616978e-05 1.3814334938017917e-06 1.4784134433900854e-07 6.41372389350122e-07 8.908965757762156e-05 7.367722818427701e-07 8.473683110568522e-07 6.520724476875849e-07 6.526976223318451e-06 0.0 6.9035750469725765e-06 1.1705741928322895e-06 1.3628516383820079e-06 9.847603701663008e-06 3.2661930138970995e-06 3.5069550777898142e-06 1.5556054937045942e-05 1.6842462688387826e-05 1.2256579661922168e-05 5.0796497841255165e-06 1.9117483255957814e-07 6.401578284508113e-08 0.0 0.0 0.0 0.0 0.0 0.0 0.0 0.0 0.0 0.0 0.0 0.0 0.0 0.0 0.0 0.0 0.0 3.586805298185721e-07 1.0964861411637071e-06 0.0 0.0 0.0 2.1475902011255285e-06 3.240555800371516e-07 2.164013003557924e-06 8.662596791190107e-08 0.0 0.0 0.0 0.0 0.0 7.842048950996857e-08 0.0 0.0 7.366746945983328e-08 6.210434765109203e-07 0.0 0.0 0.0 1.1993742083741138e-07 0.0 8.881614207246171e-08 0.0 0.0 4.056195624209074e-07 0.0 1.4659844608522425e-07 0.0 0.0 1.6172034604147507e-06 0.0 8.711763829089177e-08 9.233224907901403e-08 0.0 0.0 0.0 0.0 0.0 0.0 4.466662952509607e-06 3.328967002416501e-07 0.0 0.0 0.0 7.989521554550835e-07 0.0 2.9916642659267065e-07 0.0 4.0403828140497214e-07 8.948932702995516e-08 0.0 0.0 7.744262999501036e-08 0.0 0.0 0.0 0.0 0.0 0.0 0.0 1.59253954478121e-05 1.4981336694712203e-06 1.1690280455282014e-06
1.7419128979851004e-05 8.170176334809705e-05 0.0016838217949714858 5.272223547976918e-07 0.00019952182605865903 1.842011747328857e-06 2.9889376787011116e-06 0.0 0.00013001526560176818 4.035025575750499e-06 0.0009057987487498222 4.356376680721957e-06 3.151378229597816e-05 0.0001821533171644745 7.3972196237897e-05 3.6646196001348575e-05 7.903721574444842e-06 4.603926044978264e-06 3.7729212794130337e-06 1.3125601825128919e-05 3.99649530559082e-05 1.3198324720905992e-06 3.242280976016028e-05 1.0069345012320037e-05 6.289534870197857e-05 2.9940147683655698e-05 3.374620240518755e-05 1.9505256587049954e-05 1.3761053665666536e-05 7.327793268518891e-06 0.0007326101464812965 0.001753356332921487 0.00022631493917438732 1.1733854695823113e-05 7.015969408666683e-05 3.060979743618642e-05 6.660101741414853e-05 3.282731474877002e-05 7.400388550207077e-06 1.221349814769129e-05 3.902111242460268e-05 3.3239119937139753e-05 6.726756967400962e-06 1.2238645418725352e-05 3.2567718418696273e-06 8.492405544032876e-06 6.460684601491905e-05 4.963503722768294e-06 1.4476907594658556e-06 6.394951552887162e-06 2.588140048802278e-05 3.3225735212046547e-06 9.922220995663637e-08 7.855854839060993e-06 1.5138651201292718e-06 2.687291608800133e-06 5.421294651905392e-05 0.000297205811761603 1.2077629436410794e-05 3.364587923813293e-05 5.0362015977748906e-05 0.0002273964222558551 5.634164539051479e-06 0.00045315701506274986 1.4280968707567481e-06 2.2621436782029637e-06 1.4158940446900162e-06 7.57725338353376e-06 1.3493158858447582e-05 2.52156181364199e-05 5.8292615849691275e-06 2.944143751194549e-06 3.263394488956591e-07 0.00011544855685398799 0.00022434431735984437 0.0001289561154706227 0.00030878378885246455 0.0005209013928356857 0.0004983025703856527 0.002408374377696015 0.00014335794202548297 0.0006577236448053558 1.106942950383252e-05 1.7868064146857183e-07 5.8040720382883525e-06 2.057475551620941e-06 3.6453866397595766e-06 9.185766558720585e-08 1.1343535168957021e-05 7.506119309081552e-08 3.7128431471606424e-05 9.057419499977532e-06 7.372485265543878e-05 6.485419649452811e-05 4.746412192325106e-05 9.016523053039818e-07 1.3930812024216488e-06 2.0263772921568136e-07 3.7691932422088556e-06 1.8670157404941727e-05 9.978903384110582e-08 0.0 0.0 0.0 0.0 2.238865453443555e-07 0.0 0.0 0.0 5.106186233486582e-07 1.0197385731014091e-06 1.911550972048822e-06 5.567801473877818e-06 8.140840723589609e-06 4.01489679067758e-06 0.0 4.4105133965608857e-07 0.0 0.0 0.0 1.0214943371537898e-07 0.0 0.0 0.0 6.06824306562586e-07 1.4016771929907015e-06 0.0 2.980418550326256e-07 0.0 5.650727569151269e-07 3.4450040532732485e-07 5.310044412818027e-07 3.414981528549761e-07 1.4220816241116248e-07 9.436398747801805e-07 5.075678076390866e-07 0.0 8.822802677463779e-08 0.0 4.9793937263002745e-06 3.5564908084770325e-07 7.402296737932566e-06 3.783996769299772e-06 1.5140394639747822e-06 0.0 3.410973405586725e-07 8.306906356235668e-08 0.0 1.5211105986531018e-07 1.5022634213129342e-06 0.0 1.2035729749211086e-07 3.7899085346843167e-07 0.0 0.0 7.516335923704246e-07 1.7087294772012427e-06 1.8997349287920926e-06 0.0 2.2509147807072008e-07 1.2754009689804285e-07 4.0051210465423193e-07 8.73701402462007e-08 0.0 2.9732689839559565e-06 6.345636295841161e-07 5.596216290506487e-06 0.0 0.0 0.0 0.0 0.0 0.0 2.5834918409660393e-07 3.409481086776949e-07 4.0108997741912114e-07 5.0001320956728074e-06 1.5351702365912747e-06 1.4192534563016673e-07 4.1806732613558867e-07 1.127937417636901e-06 1.944081919006333e-06 4.5562664641030654e-07 2.104161554302352e-06 8.270908700654436e-08 2.8799788036641144e-07 8.860050171646792e-08 0.0 3.017471753162877e-07 0.0 0.0 1.4721424598003382e-07 0.0 1.0993653296508424e-07 0.0 1.1748116160616905e-07 1.269471051178095e-07 4.593656777784673e-06 2.313763471561464e-06 4.789972248349997e-06
6.36130565630296e-05 0.0032477785541609396 0.0005763112263746968 7.387598270239452e-05 0.001732815583939334 2.793138932883062e-06 0.0005126012039155636 0.00013001526560176818 0.0 0.000214310002640507 0.0009494311120703579 6.792656845460603e-05 0.0003052408979678655 0.0008689405901769566 1.6394647134864592e-05 2.354155658540115e-06 1.0231549330041892e-07 0.0 0.0 0.0 2.1748285999707404e-07 6.471263506119743e-08 1.2443603345633554e-07 0.0 0.0 3.16448229080982e-07 0.0 0.0 1.708504026284181e-07 0.0 0.00014574942706567308 1.493292109587417e-06 2.082669571610383e-06 6.049625366140491e-08 2.634231592439014e-07 2.0273678036477868e-07 3.907073992051351e-07 0.0 0.0 0.0 2.542755166022851e-07 7.625755357546435e-08 1.066646244546202e-07 1.8883458177305563e-07 0.0 0.0 2.044954406445373e-05 2.7718227963387636e-06 1.346695861759027e-07 7.377526563939312e-08 1.2346146652694117e-07 1.3444713506347297e-07 0.0 0.0 1.3631849334755033e-06 1.2851467726656193e-06 1.5572569773484445e-05 4.482015943975564e-05 5.824884207654513e-06 1.5124382560966236e-05 0.0 2.3852494878927626e-07 0.0 9.367919495649026e-06 5.177165978789785e-07 9.621984565157096e-07 2.652192934670951e-07 8.734722317872022e-07 4.892227447977162e-07 2.384734961402321e-07 5.953623228070283e-06 1.185108231874149e-06 1.8938074780290886e-07 3.8099341989531836e-05 2.4897645747402852e-05 2.683876207874898e-05 3.5540939117796875e-06 1.6092507143531229e-06 0.0 1.6710013519202855e-06 6.642811053745207e-08 4.0589904821884006e-07 6.327021581761362e-06 0.0 2.5963521954099302e-06 6.408608770633749e-07 9.873160798806333e-07 0.0 3.8323289399712246e-07 0.0 2.0253815010096884e-07 0.0 2.578802594362531e-07 2.6971506467107207e-07 2.345593894541989e-07 2.6768386479699544e-06 0.0 0.0 6.798798302766005e-07 1.3287720914801422e-05 1.7163511312258965e-07 0.0 0.0 0.0 0.0 7.717244599127983e-07 1.0540014680623681e-07 0.0 2.3605152779572776e-06 3.2445303255226766e-07 8.772137657123789e-07 3.2341559259760386e-06 3.987599163689719e-06 7.513321825603364e-06 2.5936350491694723e-06 1.989125814233252e-07 2.81526317839766e-07 0.0 0.0 0.0 0.0 0.0 0.0 0.0 0.0 0.0 0.0 0.0 0.0 0.0 0.0 0.0 0.0 0.0 2.351524868275553e-07 0.0 0.0 0.0 0.0 1.7119675767135846e-06 0.0 3.341532516862432e-06 4.5068842082204956e-07 1.1334310150554655e-07 0.0 0.0 0.0 0.0 0.0 0.0 0.0 0.0 1.7411518840276447e-07 0.0 0.0 0.0 0.0 1.0557524900235876e-07 0.0 0.0 0.0 0.0 0.0 0.0 0.0 0.0 1.0108040509798958e-06 0.0 0.0 0.0 0.0 0.0 0.0 0.0 0.0 0.0 2.3579619594472134e-06 9.961610110369363e-08 0.0 0.0 0.0 9.282133914605258e-07 0.0 0.0 9.383772863167e-08 2.2687258447263043e-07 1.7176040416276197e-07 0.0 0.0 0.0 0.0 0.0 0.0 0.0 0.0 0.0 0.0 5.911627374333612e-06 1.217271465179741e-06 2.2144362924411533e-07
0.0009949777518462393 0.0003716319376252322 8.272632418153912e-05 0.001286039295288712 0.000427119205999546 0.0002549122774711696 0.0011502432116493927 4.035025575750499e-06 0.000214310002640507 0.0 0.0001440783313039014 0.0011807725583954899 0.004383053924723092 0.00023602120158998214 4.8659327051144816e-05 5.663297590503679e-06 1.2872547137817704e-06 7.919197206563583e-08 8.30047093535523e-08 1.8038212585602392e-07 1.8074111367622968e-07 3.6499040527540887e-07 6.59350290503626e-08 0.0 5.4471897209576224e-08 7.136630732758461e-08 0.0 1.6274582325523605e-07 1.4186002188450534e-07 8.740656987364894e-08 1.6011825228501083e-05 9.988792948033103e-07 6.032250891287652e-06 0.0 3.774982466774115e-07 0.0 9.173590015742117e-06 1.2401183708296632e-07 2.597930980588412e-07 6.606926670786874e-08 5.731040690599825e-07 4.172446693127471e-07 0.0 5.668230061266731e-07 0.0 0.0 8.942501633031716e-05 1.7075630787652558e-05 7.009519699116821e-07 1.7398710394451904e-07 9.93496522167062e-07 3.535714876750823e-06 3.788799422917422e-07 0.0 1.1859374393103685e-05 1.4130248937891636e-05 0.00012017422177208051 8.73340293995913e-05 4.432480656299494e-05 8.057477692132498e-05 0.0 6.609488119967411e-07 0.0 6.7130964618684975e-06 7.761644400302806e-06 8.22212313231141e-06 1.6208252421390272e-06 4.1427995903538835e-06 6.030294049130881e-07 1.4205019029940985e-07 7.267390487809875e-05 1.2728993527031539e-05 3.4713991758385016e-06 0.00020349750950878327 4.2915434760730934e-05 8.573873602743855e-05 3.8008645843498362e-06 3.3580569286773143e-06 2.543301994409567e-07 5.37197334437344e-06 7.081284097317948e-08 1.977882930448373e-07 4.177653495304145e-05 9.144179427165076e-07 1.9073675496225116e-05 5.2702531707016486e-06 7.751027035779745e-06 1.319290481788793e-06 1.7241361570106403e-06 3.7653380084886037e-06 1.3572777325936856e-06 1.5556788209290137e-06 3.2427156597063897e-07 1.0755759669803043e-07 5.107159418106001e-07 0.00011149786112368892 2.6268018049586707e-05 3.515339891712165e-06 1.6381355019739974e-06 0.00040416191404275126 1.2594358551401557e-06 1.6980557787470403e-06 7.410453873882897e-06 9.78608811438773e-06 1.534373910853569e-06 1.6984318438550538e-05 6.349449906672186e-06 1.539537136188271e-06 3.80840307515066e-05 2.530162897159354e-05 1.1785459624549702e-05 3.9534544893494066e-05 7.279619369939654e-05 7.062770318264553e-05 2.609935068398367e-05 3.333854620100698e-07 6.105072027066647e-07 0.0 0.0 0.0 0.0 0.0 0.0 0.0 0.0 0.0 0.0 0.0 0.0 0.0 0.0 0.0 0.0 0.0 3.717939708196988e-06 2.683501766021166e-06 0.0 9.601430047810833e-08 0.0 1.0086563967701388e-05 1.4384003693209538e-07 1.0103167118388246e-05 1.2749816010925944e-06 4.0476439731523225e-07 0.0 0.0 0.0 0.0 1.6450725093876205e-07 8.799475236709659e-08 1.4660796866504736e-07 9.107200475492699e-08 8.303109707499952e-07 0.0 0.0 9.929454124591755e-08 9.889726151954831e-08 0.0 8.352838404819842e-08 7.891937861882511e-08 0.0 2.6152320778201143e-07 5.811252442650266e-07 2.75757520744127e-07 1.3774155218801882e-06 0.0 1.1909259205056296e-05 5.470814646337466e-07 1.9982840017881096e-07 1.2716466534876766e-07 0.0 0.0 0.0 0.0 0.0 7.857655038619421e-07 3.0257588680080738e-05 1.0664343575457633e-06 0.0 0.0 1.0837240315214285e-06 2.976995010091109e-06 0.0 4.363408688348503e-06 1.896496262916636e-07 1.680810813859607e-06 3.911977544697752e-07 8.69232989476272e-08 2.7404100373570415e-07 0.0 0.0 0.0 0.0 0.0 0.0 2.7063371524213026e-07 0.0 7.235279208240692e-05 3.0355913026912494e-06 4.271502123545956e-06
0.00018246146007685565 0.00043701376684303193 0.0021980452108068785 8.269402287082616e-05 0.0007394974054228876 8.851949528017283e-06 5.486282680551036e-05 0.0009057987487498222 0.0009494311120703579 0.0001440783313039014 0.0 0.00024862418906740775 0.0005013959203154988 0.001397812658143404 0.0001354436561518591 8.786441915930542e-05 1.3236776970226931e-05 1.9799998661787327e-06 1.3756847306014051e-06 1.5961215006192267e-06 3.691672914874038e-06 6.116556911090778e-06 5.9343219667032385e-06 3.586826042434711e-06 2.820800154431106e-05 1.024209865419622e-05 9.857429885713272e-06 1.4581192601290505e-05 1.2398924039462052e-05 4.088492365619686e-06 0.0012386602175723886 0.0003211283911913352 0.00040472063154796476 1.6392982742461452e-06 9.276080433650224e-06 1.012451627198224e-05 0.0002552664411495571 1.35146158226202e-05 8.795701842459446e-06 1.1324964194428599e-05 3.290076798418227e-05 3.675705649813868e-05 4.933567376432268e-06 1.2441496206065201e-05 2.155526268273404e-06 1.0706611945846115e-05 9.095977294904611e-05 6.6046695313875525e-06 1.1905420683847607e-06 6.019468910939492e-06 2.872151446076313e-05 2.070798938628917e-05 2.6921057096722586e-06 1.0528860696649026e-05 4.2867777718890374e-06 4.1625561596680935e-06 6.621496752601375e-05 0.00022274570041054618 1.569717310484517e-05 4.0112081925048564e-05 8.670894999552812e-06 5.0191418600241724e-05 7.605360621794078e-07 8.882065745038873e-05 1.656353593884601e-06 3.6616125206168804e-06 1.3690755274388797e-06 5.134505224356093e-06 6.351985528734766e-06 8.74970487810305e-06 0.00011083759524961447 1.1375013568463771e-05 2.8779102343837943e-07 0.00011808789724330646 0.0001333174055913471 0.00016758698157799142 5.576750864950962e-05 4.0472691324445676e-05 2.4021927636283004e-06 0.0002629686534108959 1.0160169113220192e-05 2.800659511250469e-05 1.3530444332557074e-05 7.963996048950056e-08 6.316366256510568e-06 1.4485484540067962e-06 4.93539804920607e-06 5.439526204059371e-07 1.7409028066493037e-05 8.829088540084502e-07 6.154901495263626e-05 1.884100591649331e-05 3.0133835171773598e-05 9.651064086655536e-05 0.00010401010646497304 7.962932919628459e-05 3.251487897676981e-05 1.335796942772759e-06 7.020339778437677e-06 5.918412683306897e-05 1.3195401567282169e-06 6.271500420087217e-07 7.995758748341214e-07 3.906224063404641e-07 1.1065045670938335e-06 2.6435126903890887e-06 4.075615399457666e-07 3.2171557883437446e-07 1.1907288127026666e-05 8.067598856811556e-06 1.3475067118308069e-05 2.3487716874219208e-05 4.319332959667817e-05 6.888288706365847e-05 3.640830131391228e-05 2.121226022145014e-06 1.5959702624689115e-06 0.0 2.0776447212637353e-07 0.0 8.727406970298553e-08 0.0 9.39820264339892e-08 8.41223924022253e-07 0.0 1.049159433009512e-06 0.0 4.546285802113487e-07 1.169682190125736e-07 7.016149315349907e-07 3.6924089325394275e-07 2.836233262279324e-06 5.407870201719356e-07 5.904868521717304e-07 2.8304388636510364e-06 5.552467984501749e-06 2.2659881030271669e-07 1.5012533510957622e-06 9.223823520185432e-07 3.6960233616225586e-05 2.2001352926221517e-06 3.886877008220011e-05 1.993627274506717e-05 2.945625409898585e-06 7.865298396830545e-07 3.1038437120176217e-07 3.367220223099577e-07 0.0 1.2175393405338268e-06 2.7517244748818404e-06 5.436639288075505e-07 3.4168402554964795e-07 2.3382219442548835e-06 0.0 0.0 1.2310246718748569e-06 6.383510341218781e-06 4.134535661358663e-06 0.0 2.2912247634395664e-07 0.0 6.128773267476322e-07 2.1063711767963015e-06 0.0 4.758776344045185e-06 4.059944727241298e-06 2.9692933620762222e-05 1.4477132364020002e-06 6.648805959315084e-07 0.0 9.07634904475336e-08 0.0 2.2716859079463118e-07 0.0 3.4723132667065195e-07 1.0788794094370577e-06 4.6115860557048616e-05 5.329969038387239e-06 3.36361584984154e-07 8.985884824415263e-07 2.6744755122738573e-06 6.229735805690626e-06 1.8449611936403114e-06 9.400569282866827e-06 1.2882654607548676e-06 2.097724434332567e-06 7.294422424261357e-07 2.1538361591451156e-07 8.521866980498353e-07 1.2992745661650264e-07 7.818699431680644e-08 8.531401175564973e-08 0.0 3.700203048932127e-07 5.44624735033138e-07 9.864536288494683e-07 0.0 2.7648293350018142e-05 1.5692134508193776e-05 3.6498340032362024e-05
7.772179617695864e-05 3.572923074933064e-05 1.409874034355138e-05 0.00022738238333336777 4.423405709243433e-05 0.0001191292506422994 8.081309396685432e-05 4.356376680721957e-06 6.792656845460603e-05 0.0011807725583954899 0.00024862418906740775 0.0 0.0012865608631845676 0.0002778447348757639 3.101722997973333e-05 9.05812031673545e-06 8.424280360020704e-07 2.954605399458941e-07 8.767843376797318e-08 0.0 6.267979129418261e-07 1.601872558070195e-06 2.763065953845512e-07 0.0 9.862472566898648e-08 1.617374281289702e-07 5.032439468391034e-07 3.444992534023463e-07 6.495183804262849e-07 1.0360131035903084e-07 5.027327028548826e-06 4.1378264518394004e-07 7.112683445973043e-06 0.0 1.7196999211293077e-07 1.5009421201652942e-07 1.2049883605013135e-05 1.56542865635163e-07 2.595949525634599e-07 1.592346407279673e-07 1.8371944834627275e-06 1.7176132090305745e-06 4.107324102365452e-07 7.991557629947389e-07 0.0 7.149456265470183e-07 2.7439358085341956e-05 6.683876411282287e-07 2.150552453002996e-07 7.217778567844635e-08 1.64999873575735e-06 3.5388763588530262e-06 6.235571688017206e-07 2.2009698574694588e-07 1.837731866064619e-07 1.0264506719626482e-06 1.959895603188763e-05 9.085645074530969e-06 4.528381110592061e-06 1.0765224653377201e-05 2.0750223640499542e-07 9.339384106072907e-07 0.0 2.570535166395187e-06 1.83406135311406e-07 5.321960356768526e-07 7.38812187389872e-08 9.912979245550957e-07 5.009921206937506e-07 2.4421197361049693e-07 5.758248923889629e-05 4.22735349481303e-06 6.547795961791664e-07 2.4066298188162743e-05 1.633533585202961e-05 3.156427493314495e-05 7.86909319288692e-06 3.168003552680651e-06 2.6875837177759557e-07 1.1122568825428726e-05 2.7539211574185303e-07 7.360552181429669e-07 2.4683592672034257e-06 0.0 2.155574389939385e-06 7.452859577727265e-07 5.15274238542478e-07 1.0197868003605133e-07 1.3750001559856863e-06 3.199502442052961e-07 4.387092064321635e-06 8.062321389317104e-07 2.5780490530384067e-06 5.758403372550853e-06 4.986467284820737e-06 0.0002660019953688802 2.179343814708418e-05 7.111647111866356e-07 6.970209664060878e-06 0.00010639694660767124 9.501210942778971e-07 1.3871427507750996e-06 6.114331200044628e-07 0.0 2.784603639161007e-06 7.618817889362823e-06 8.111647296869472e-07 1.460278035694507e-06 2.0036026030836438e-05 1.69159940723105e-05 1.9346670974452744e-05 4.713792506826869e-05 7.811238762531528e-05 0.00011873092015396307 4.942678029322915e-05 8.767044180846542e-07 1.927701320225341e-06 6.517463857230178e-08 0.0 0.0 0.0 0.0 0.0 1.9723503307699087e-07 0.0 0.0 0.0 0.0 0.0 0.0 0.0 8.924911227441794e-08 0.0 0.0 2.970969343324617e-06 5.975824556564698e-06 0.0 8.393315512667849e-07 1.8497061262171593e-07 2.877224913896652e-05 9.195784946253212e-07 2.89022171673407e-05 3.3290836972165203e-06 5.589800721133176e-07 0.0 3.369167360288403e-07 0.0 8.1492731024142e-08 6.031987570836919e-07 3.194276638393796e-07 0.0 2.4648662706917557e-07 1.5766949962088844e-06 0.0 0.0 8.458163705300591e-08 7.142753645991585e-07 7.904578894610162e-07 3.422141030273001e-07 3.1873448818382004e-07 0.0 1.4314562583699623e-06 1.0354623682580403e-06 8.116158043098165e-07 6.450904048069859e-07 3.574161337648747e-07 2.705377853297562e-05 1.398985158714777e-06 4.2988537566165634e-07 3.9108597934935177e-07 0.0 0.0 2.0498829453044977e-07 1.0243740536065406e-07 0.0 1.6173135172470806e-07 5.406442107046856e-05 8.85625390688607e-07 0.0 8.861307689748425e-08 4.2453121396206416e-07 8.91449700008902e-06 5.278656281032409e-07 4.541561642583753e-06 1.2926332722924715e-06 2.0741650630833806e-06 6.627067743059566e-07 1.860319866976226e-07 5.746524818165285e-07 0.0 0.0 0.0 0.0 6.868262450775494e-08 0.0 8.581282406950773e-08 9.236924506957664e-08 7.164476137031238e-05 1.1004842918162102e-05 1.5560098318512704e-05
