0.0 0.0025460505352456315 0.0004335552063498979 0.0006307213622017756 0.00030572927584142964 4.859572917205997e-05 0.00030176118997004273 2.0221076823910184e-05 7.370658516004774e-06 0.00018716015889157217 2.678859238280747e-05 3.45650185973116e-05 4.0398060793698216e-05 8.266271943067776e-06 1.7296318675211178e-06 1.7817653619486115e-07 0.0 0.0 0.0 2.5133303144025485e-07 3.359016711913404e-07 0.0 2.4308867233556787e-07 1.959745847002646e-07 3.2770888693540294e-07 0.0 0.0 0.0 0.0 0.0 0.000521432928254677 7.4682071858561945e-06 9.03940875324617e-06 0.0 0.0 4.0106110900978256e-07 1.130668987760964e-06 9.613917815985406e-08 5.655307627735449e-07 3.0321187157727845e-07 0.0 8.462797028585796e-08 0.0 3.2243225915617265e-07 0.0 2.5721495947229456e-07 1.804080300218516e-05 3.949252929898221e-06 6.828153231409607e-08 0.0 6.514938368807285e-07 0.0 8.38722310361257e-08 7.238583301795552e-08 1.748704489359263e-05 1.8143016921032493e-05 0.0003389962005055667 0.0008342349178845088 0.0001517150819796446 6.139359065202596e-05 8.062014169869421e-07 2.373435918545032e-06 6.354902104238352e-08 8.936223110412626e-05 9.013933233467854e-06 2.4307192533540845e-06 1.8750975145662086e-06 4.820316293451984e-07 0.0 2.631173191503085e-07 3.2497671488252943e-06 2.9366080446944673e-07 6.856294696446377e-08 0.00021361851738811182 3.029515237607905e-05 1.658088812564745e-05 4.604218849347208e-06 8.127844238244498e-07 1.5627835717256911e-06 1.2865520454004312e-05 7.719393582014117e-07 3.9101409635876135e-06 3.325855209529559e-05 1.6954269710140526e-07 5.54212994866754e-06 5.986664406688041e-06 1.2040440460219669e-06 2.852625084329819e-07 2.6282268647591255e-06 1.5865228232015916e-07 1.2516698699439908e-06 1.2729477891348598e-07 0.0 6.324931983721752e-08 2.3607829198719943e-07 4.456048118164101e-05 1.2480657062822128e-05 0.0 7.491724167895446e-07 0.0004089216564851194 2.534069871304562e-06 2.3102554992217077e-05 6.561611568394015e-06 3.360317665697887e-06 8.281821551479569e-06 2.105478480527607e-05 4.078774285654218e-06 1.068945773813839e-05 8.294743265677887e-06 1.1307840211709173e-05 1.2006284910075703e-06 9.074546092625973e-06 6.570281230046808e-06 2.344102111759279e-06 1.0423351987301127e-07 0.0 0.0 0.0 0.0 0.0 0.0 0.0 0.0 0.0 0.0 0.0 0.0 1.1459689918809509e-06 0.0 0.0 0.0 0.0 0.0 0.0 5.085581789373788e-07 1.024607535160229e-06 0.0 0.0 0.0 3.9559278513444557e-07 0.0 2.269432558152453e-06 6.685143384816143e-07 3.953153409876152e-07 0.0 0.0 0.0 0.0 0.0 0.0 0.0 0.0 2.399621116025627e-07 0.0 0.0 0.0 2.603484095154049e-07 0.0 1.5349585840823084e-07 1.167771235290993e-07 1.4317794668663045e-07 0.0 1.4405011481383704e-06 3.957503960560777e-06 0.0 0.0 1.399404861297349e-06 0.0 0.0 6.559750435399839e-08 0.0 0.0 0.0 0.0 6.335981288139886e-08 0.0 1.422049314759949e-06 1.7773452695392535e-07 0.0 0.0 0.0 1.2322167237569108e-07 0.0 6.996757768483822e-07 0.0 0.0 0.0 0.0 0.0 0.0 2.636512754311548e-07 7.134658962299512e-08 0.0 3.138612392662915e-07 1.3888400231731431e-07 0.0 0.0 1.6777495016510813e-06 0.0 4.30050390060936e-07
0.0025460505352456315 0.0 0.0011256331793885225 0.0005724193408095752 0.0016983421818576611 0.0001792994673661817 0.000994469468362297 5.8744518944842195e-05 0.00030284451259802796 0.00033179762554484476 0.00019018175718604386 3.808973035211433e-05 0.0007387100555362269 0.0006687296064472233 2.2919820494016278e-05 3.763962483749336e-06 1.569913053281103e-07 4.647468830894046e-07 1.8805917046273673e-07 7.517545737674016e-07 3.541274731157607e-07 1.2742668117219047e-07 4.104290279550275e-07 8.465975238295969e-07 5.571871132822651e-07 1.68915820845126e-07 5.767853287887887e-07 1.8751130583694387e-07 2.906952738314816e-07 0.0 0.0010902440706990915 3.74430382948815e-05 6.321877612951312e-05 6.527460095313192e-08 0.0 2.584613996794469e-06 3.153873859270155e-06 1.4416540767326318e-06 1.3309069342239515e-06 6.439736522176048e-07 1.8201829256446467e-07 8.699841186097448e-08 7.61619811021528e-08 1.362591932360553e-06 2.0442956581348567e-07 4.4842139102953604e-07 0.00013612920984248567 5.053978174977137e-06 7.085403452845054e-07 6.716417146272485e-08 1.2899987482506295e-06 3.341579993128983e-07 7.13778903486645e-07 4.7679512357370883e-07 1.8668104000416333e-05 1.9101960625434246e-05 9.999667067277414e-05 0.0006044356080404731 9.529848963946216e-05 0.0001802387861595794 1.5238656041252604e-06 8.629697784137993e-06 0.0 0.00026767459562124105 1.1560325300734747e-05 2.7400009129137346e-06 3.691259293062993e-06 4.17903248364248e-07 1.0021731431099809e-06 1.1709400631229151e-06 8.398838271963669e-06 1.166158682689811e-06 0.0 0.0002899361552431016 9.640144649546732e-05 0.00010532731634185118 3.3047167944669446e-05 6.431926013552989e-06 1.1060297662936484e-05 5.1871144740572e-05 2.1136686851145023e-06 2.1126470328570927e-05 4.253728118407548e-05 1.8255806329331502e-07 8.98280231284531e-06 8.950527284910576e-06 1.9518427195508604e-06 5.78431683949841e-07 7.534376841159842e-06 6.279950394696954e-08 1.4844067121724306e-06 7.416069581934375e-07 2.478953907894957e-07 1.3080090495898236e-07 3.012192625628178e-07 1.743573686082763e-05 6.098965762730758e-07 0.0 2.050665930303839e-06 0.00033176171304920196 2.1885123061523705e-06 1.7503738586151482e-05 9.387951655223754e-06 3.283353638248153e-06 1.0002338389162892e-05 2.654650416153767e-05 2.6713389674433347e-06 6.699165975558272e-06 1.0579715299813623e-05 6.866892039883095e-06 2.7529101642713144e-06 1.577946913152453e-05 7.137157062281245e-06 3.980594486428377e-06 4.024467063315194e-06 0.0 0.0 1.7451008890734823e-07 0.0 0.0 0.0 0.0 0.0 0.0 0.0 0.0 0.0 1.3758639635763463e-06 0.0 0.0 0.0 1.0184822481558328e-07 0.0 0.0 2.3537248286188095e-06 1.968402554713909e-06 0.0 0.0 0.0 4.762341826944924e-06 1.6629236043782225e-07 4.6925137302232084e-06 2.1301261674605745e-06 1.101803612365125e-06 0.0 0.0 0.0 0.0 0.0 0.0 0.0 0.0 0.0 0.0 0.0 0.0 4.990050640319233e-07 0.0 3.4588496722159297e-07 0.0 2.026527816960916e-07 1.913781732090826e-07 4.3141617841543307e-07 1.845323718538986e-06 8.035341976462537e-08 1.5732425961622769e-06 2.904556259131905e-06 3.1907798518062e-06 0.0 7.662027543052617e-08 1.306034222130295e-07 0.0 0.0 1.3279170709318692e-07 0.0 0.0 5.517342887331055e-06 0.0 0.0 0.0 0.0 6.402660905281181e-06 0.0 9.297835026710137e-06 0.0 2.623993205327999e-07 2.0042531067950556e-07 1.7138989395247652e-07 0.0 0.0 0.0 1.5092014133692817e-07 0.0 7.860469325449213e-08 1.5788739284348828e-07 8.65044663952379e-08 0.0 3.835556778123355e-06 8.744272278937519e-07 1.5465133053392955e-07
0.0004335552063498979 0.0011256331793885225 0.0 6.156151706230698e-05 0.0008269631613499695 1.5219469910270158e-05 4.43279438977543e-05 0.0011516798741555987 0.00015050879042940033 2.4563712543701462e-06 0.0011050588658093347 8.088553298128002e-06 5.7274070053704246e-05 0.0005748611458246313 2.514441978021481e-05 1.2853205967397741e-05 8.256367769860636e-07 1.6852879867680817e-06 3.50334544210312e-07 6.4070013652345294e-06 1.0452196430684155e-05 0.0 6.3125461160790054e-06 7.373648156911595e-06 3.881832074879507e-06 6.296897634252991e-07 7.623694068783893e-07 4.868474563288281e-07 1.6577682506953695e-07 3.285871928958492e-07 0.003062564176628803 0.0020390032680866746 0.0003795342570286736 2.4687350317435034e-06 2.141784422956244e-06 2.374475889325121e-06 1.803897683000742e-05 7.10947380817837e-06 8.249473683105376e-06 3.154305481266131e-06 2.977952643212957e-06 2.514241788198262e-06 2.0293007341635677e-06 5.48876714094121e-06 1.3167859565353624e-06 4.2325731115511545e-06 8.128635936727847e-05 3.6930799890036397e-06 1.1850758711286841e-06 2.160407085280326e-06 7.027779076337182e-07 4.619464040133063e-07 1.7069016521087154e-06 2.45907678883832e-07 8.301595687627655e-06 8.143638924481408e-06 6.18602198734709e-05 0.0006046110493584002 5.5024759710965646e-05 7.77472116492282e-05 4.6231667028605424e-05 0.0001049211222103453 1.764028089482186e-06 0.0003840512129713215 4.3871435448128944e-06 2.164727085789542e-06 2.4448603476428594e-06 5.351436281928859e-07 5.6167077590876135e-06 1.483201958082697e-05 5.5143298816093116e-05 8.982052545566476e-06 1.3313531548857926e-07 0.00014836225763632335 6.824860126353663e-05 7.260547218827984e-05 8.81225836362789e-05 3.910068393253589e-05 0.00019999640435505958 0.0005866037442019457 3.8408001264113836e-05 0.0003405843328282051 2.112133644896497e-05 2.6419196349921206e-07 3.5215074472554165e-06 4.497607400928582e-06 2.2838520602575285e-06 1.338230465452829e-07 3.3148297795592397e-06 2.765837011862774e-07 7.511791704332937e-07 3.429265946092583e-07 7.498370461872188e-06 1.521063957526535e-06 1.6203970559887407e-06 4.465451155448684e-05 4.482870670879856e-06 0.0 3.7506932925786634e-06 7.358048628104745e-05 1.948437343295241e-06 9.53109793054261e-07 5.665774690472662e-06 3.220580422092399e-06 9.161691241695859e-06 1.4992684264449936e-05 3.9944510943703484e-07 6.56807802218894e-06 8.10808397337715e-06 3.1061420780366953e-06 4.0696308692642955e-06 2.198403377161135e-05 9.125131558609541e-06 4.133613268219622e-06 1.3602721408821364e-05 0.0 2.689350797681208e-07 0.0 0.0 0.0 0.0 0.0 0.0 0.0 9.411695484129631e-08 3.138960564589211e-07 0.0 4.982026173908702e-06 0.0 2.7671857784786524e-07 0.0 1.4900501042124906e-07 0.0 7.052759566521608e-08 1.6924468620955384e-05 1.534182988608468e-05 0.0 1.6059555423757235e-06 9.326022488431998e-08 3.1042493844040746e-05 3.752506538613023e-06 2.458939967232291e-05 8.964993103379552e-06 1.1321364265656505e-05 0.0 1.87548277386802e-07 0.0 3.7683038147116284e-07 9.553072281613565e-08 2.0993967680621497e-06 3.1964508613160223e-07 2.176452316313375e-07 4.819950377034966e-07 0.0 0.0 0.0 6.307417661746841e-07 8.284701644479571e-08 0.0 6.121849669524546e-07 6.39444915341558e-08 7.221809661734899e-07 3.119875095369141e-06 1.501437712210908e-07 1.2017157510870833e-07 3.781209155795013e-06 2.399749751074186e-05 1.166918516608185e-05 4.1402442778426036e-07 7.504364268223274e-08 0.0 7.016852222804099e-08 0.0 0.0 5.80872945964949e-08 0.0 1.876436196010441e-05 7.60075799411399e-07 0.0 2.266810413524618e-07 0.0 1.9871596461492383e-05 1.4869158804539886e-06 2.8317458092537363e-05 6.438338460160365e-07 1.057341848890962e-06 3.2763680631225843e-07 1.3873403403586336e-06 1.3528472001204372e-07 0.0 1.2736864325175527e-07 0.0 0.0 2.0115542466078346e-07 3.3018691201418567e-07 9.327402203663542e-08 0.0 9.664959264417219e-06 9.64958886609566e-06 6.324702556259474e-06
0.0006307213622017756 0.0005724193408095752 6.156151706230698e-05 0.0 0.00017297873125956162 0.00023813667548298577 0.0002985602793761444 1.958394198644411e-06 1.4685488546219526e-06 0.0005637075104633448 1.5197144825209358e-05 0.000643183755499656 0.0007379988742779249 1.113350016876604e-05 7.732953338062101e-07 0.0 0.0 0.0 0.0 0.0 0.0 0.0 0.0 0.0 0.0 0.0 0.0 0.0 0.0 6.813102382177873e-08 3.658924283189991e-05 3.3761103087701944e-07 1.0762926869998374e-06 0.0 0.0 0.0 2.1406638560506742e-07 5.09906977984441e-07 0.0 0.0 0.0 0.0 0.0 0.0 0.0 0.0 5.7218382050537624e-06 4.0408292628424226e-07 0.0 0.0 6.945505471025182e-08 0.0 0.0 0.0 2.773427113525761e-06 2.257225891333888e-06 1.073448109389527e-05 5.913865223403224e-05 1.3462487124888575e-05 1.5620158245984e-05 1.6747715961998747e-07 1.2814144593734305e-07 0.0 1.739287556238904e-05 1.4436914361481049e-06 3.799404949608101e-07 6.775741889761995e-07 7.671784696436243e-08 0.0 0.0 0.0 7.274210810724657e-08 0.0 3.732203971531254e-05 9.131346137929777e-06 4.9999030904207765e-06 1.3829168936382352e-06 3.198094659046558e-07 0.0 6.739124071461685e-08 3.086743902706641e-07 8.45673795679325e-08 6.869985015808465e-06 0.0 1.1557727674082083e-06 1.235874701872351e-06 1.004126260208277e-07 1.9650028492824783e-07 1.3375342883891839e-06 6.453799146898418e-08 8.182355313740632e-08 0.0 0.0 0.0 0.0 3.1477805308811633e-06 0.0 0.0 0.0 9.311036330146464e-05 1.5287912755293893e-06 1.5970805927175745e-05 1.3190032427702378e-05 6.888151338941272e-06 7.031121401737907e-06 8.978393701538422e-05 5.4262713689322855e-06 7.450613018306062e-06 2.3537261147469092e-05 1.3723982648550238e-05 9.759543839868826e-07 1.7245459276914716e-05 2.0136309978661044e-05 6.470384871412419e-06 5.099443618736397e-07 0.0 0.0 0.0 0.0 0.0 0.0 0.0 0.0 0.0 0.0 0.0 0.0 0.0 0.0 0.0 0.0 0.0 0.0 0.0 1.4390206831169453e-06 1.560953586567317e-06 0.0 0.0 0.0 5.232993381592465e-07 1.6126374782237734e-07 3.5261655521247826e-07 1.1892049121929746e-07 0.0 0.0 0.0 0.0 0.0 0.0 0.0 0.0 0.0 0.0 0.0 0.0 0.0 0.0 0.0 0.0 0.0 0.0 6.297074986499679e-08 7.412550520479455e-07 3.222959647885376e-06 0.0 3.3814501958904977e-07 0.0 0.0 0.0 0.0 0.0 0.0 0.0 0.0 0.0 0.0 1.5511157443976913e-06 0.0 0.0 0.0 0.0 7.516031062386408e-07 0.0 1.455977994872153e-06 0.0 0.0 0.0 0.0 0.0 6.314196335183992e-08 0.0 5.599641909425322e-08 0.0 0.0 0.0 0.0 0.0 2.289508471101486e-06 7.026518105569646e-08 1.3647853969641112e-07
0.00030572927584142964 0.0016983421818576611 0.0008269631613499695 0.00017297873125956162 0.0 5.229348227693818e-06 0.0009042015440476718 5.1264357527238307e-05 0.002089194934131924 9.028011931548357e-05 0.0006667628329896473 3.065969746364234e-06 0.00036362002524043934 0.0010555193669279437 1.7033707667073796e-05 2.7626369713326828e-06 2.043487241376116e-07 1.4768085907409222e-07 9.028651695493885e-08 6.723017355536638e-08 3.623640719013985e-07 0.0 0.0 6.787593402683632e-08 5.796028018053482e-07 1.7967931387093796e-07 1.0699826905029928e-07 3.685186859622605e-07 0.0 7.576471762920321e-08 0.00013272132171289694 5.725821291890587e-06 3.211491547541267e-05 0.0 0.0 5.58521573112935e-07 2.279553320705994e-06 4.621495158862113e-07 5.13262794757751e-07 8.166565033511741e-08 0.0 1.6873737520423166e-07 9.540121119900096e-08 2.9243399300481116e-07 7.034747286880185e-08 7.117944856626793e-08 7.095056630462586e-05 1.5458436060209434e-06 1.6795377293434316e-07 0.0 5.377739454791106e-07 0.0 8.821158832921496e-08 0.0 3.4082148876674227e-06 3.652649102032565e-06 1.0103165374523708e-05 6.949398403339971e-05 1.749380256552157e-05 5.799925182637793e-05 1.0264658883386257e-06 7.340842508474954e-06 0.0 8.424112087845776e-05 2.061619660022473e-06 1.305056051287995e-06 1.177164978724823e-06 2.642526005474005e-07 5.453202001812126e-07 0.0 1.0718123596889731e-05 1.9799531062472278e-06 0.0 7.148533974938452e-05 3.2939900102984e-05 5.4559538869285955e-05 2.4680983010402876e-05 4.043579385555687e-06 1.3173781777549323e-06 4.829766620035991e-06 1.2964162958199562e-06 8.006277121486407e-06 8.453438333995913e-06 0.0 2.1234314398269164e-06 1.9104060674328555e-06 4.704864104251485e-07 2.9528947073609315e-07 2.1091423898433142e-06 7.027138931093583e-08 4.2597841398155773e-07 5.9002215363774353e-08 0.0 0.0 8.297271971431343e-08 2.6632025800899183e-05 3.946633444627481e-07 0.0 5.464099389297951e-07 7.219493431200499e-06 9.040216841060046e-07 1.0070179172419202e-06 5.023248599523713e-06 0.0 2.997393627706005e-06 8.770701312592176e-06 2.677237982076362e-07 5.274953950223329e-06 6.113518496773086e-06 3.1992407678261087e-06 9.402108733453257e-07 7.119345939375624e-06 4.901187222254097e-06 2.3545101451084286e-06 2.8426542928375446e-06 3.0821618860281665e-07 0.0 0.0 0.0 0.0 0.0 0.0 0.0 0.0 0.0 0.0 0.0 1.2532019237132452e-06 0.0 0.0 0.0 4.827190870533504e-07 0.0 0.0 3.23643057955317e-06 3.949397526648983e-06 0.0 7.803969569744912e-07 4.720040462165631e-07 7.206394031177596e-06 1.5161562807965471e-07 3.526923922933452e-06 2.600428206604194e-06 1.4075602570310614e-06 0.0 0.0 0.0 0.0 0.0 0.0 0.0 1.095901081265138e-06 2.3840658228905663e-07 0.0 0.0 0.0 2.4923894988381496e-07 0.0 3.0377385766722775e-07 0.0 0.0 1.7841456255394803e-07 9.655336515126503e-07 0.0 0.0 2.6200782239777555e-06 4.198424348790716e-06 1.550023184136093e-06 0.0 0.0 0.0 0.0 0.0 6.466036359259364e-08 0.0 0.0 6.749650807577619e-06 0.0 0.0 0.0 0.0 6.7860450267627265e-06 0.0 6.31658965464297e-06 3.8666763061342305e-07 0.0 0.0 0.0 0.0 0.0 0.0 0.0 0.0 0.0 7.439643670655778e-08 0.0 0.0 4.362612249693191e-06 3.7583151953341593e-07 4.937741920204121e-07
4.859572917205997e-05 0.0001792994673661817 1.5219469910270158e-05 0.00023813667548298577 5.229348227693818e-06 0.0 9.11682575121376e-05 1.1465304312737974e-06 4.1680550374622256e-07 0.0003039280306563285 1.2470076324151669e-06 7.567989674896838e-05 6.36793008894069e-05 3.415199540820758e-06 6.159703718231953e-07 1.0087539863242073e-06 0.0 0.0 0.0 0.0 0.0 0.0 0.0 0.0 9.761029373421024e-08 0.0 0.0 0.0 0.0 0.0 9.444513284994255e-06 0.0 6.289485116488005e-06 6.536673794712052e-08 0.0 0.0 1.9798142359169713e-06 0.0 1.5938985362056635e-06 0.0 0.0 0.0 0.0 0.0 0.0 7.836454496936076e-08 2.2317448906854594e-07 0.0 0.0 0.0 0.0 3.035515882305805e-06 1.360873454879119e-07 1.2490380376581664e-07 8.4785159602097e-08 0.0 6.459071821316307e-05 6.954003645842578e-07 2.0263246402256432e-06 4.1861216161718623e-07 4.166046898543614e-07 4.5340718984896106e-07 0.0 2.752381035603871e-07 0.0 0.0 0.0 1.0711094424986702e-07 0.0 0.0 2.724093541284604e-05 2.0380452812736252e-05 1.7857086232913786e-07 2.715460912337617e-07 1.8961368051045723e-07 6.51218055990339e-07 2.552034894077746e-07 7.239342098842639e-07 1.363863239409754e-07 9.815005983003419e-08 0.0 1.6358250335611318e-07 0.0 0.0 0.0 5.9453713042568536e-08 0.0 3.3846722803597157e-07 0.0 1.6656629553053452e-06 0.0 1.16360497712645e-06 0.0 0.0 2.835139672439006e-07 4.176653172601819e-05 2.263234719809441e-05 2.531332123404539e-07 6.025015259438411e-06 0.00039226441927360273 1.1766340848743596e-06 1.3507120097216551e-05 8.23742845872119e-06 5.769797352052797e-06 1.3802379101171708e-05 2.360769382169152e-05 5.24665716761294e-06 9.835263380858596e-06 1.7892187235468335e-05 1.3761702863026974e-05 3.4266797259506625e-06 1.0386211443175718e-05 9.131120305695904e-06 3.3425973037774484e-06 5.188651242857318e-07 0.0 0.0 0.0 0.0 0.0 0.0 0.0 0.0 0.0 0.0 0.0 0.0 0.0 0.0 0.0 0.0 0.0 0.0 0.0 1.4800916921664844e-07 0.0 0.0 0.0 0.0 1.1659050522981524e-07 0.0 0.0 0.0 3.1036014932038105e-07 0.0 0.0 0.0 0.0 0.0 0.0 0.0 0.0 0.0 0.0 0.0 0.0 0.0 0.0 0.0 0.0 0.0 3.6857553319493715e-07 5.473658897779698e-07 1.8227273466233064e-06 0.0 0.0 1.4126613301778075e-07 4.2491930416983147e-07 0.0 0.0 0.0 0.0 0.0 0.0 1.2972525524337216e-07 0.0 0.0 0.0 0.0 0.0 0.0 1.6017193069819752e-06 0.0 1.6180712953192425e-06 0.0 0.0 0.0 0.0 0.0 0.0 0.0 0.0 0.0 0.0 9.565042168357124e-08 0.0 0.0 3.5256516383157015e-06 0.0 8.157101613995412e-08
0.00030176118997004273 0.000994469468362297 4.43279438977543e-05 0.0002985602793761444 0.0009042015440476718 9.11682575121376e-05 0.0 6.345770154588518e-06 0.00036175772719303955 0.0007701585133383941 0.00031261338886786065 8.134047645485119e-05 0.003143712465187173 0.0018341901523264298 2.0622810490815544e-05 4.604458131256422e-06 9.733558863252727e-07 2.243841861340366e-07 0.0 4.5053013611420917e-07 8.327289163495134e-07 0.0 3.00214729800882e-07 5.473958283939075e-07 4.032312370598781e-07 6.536377744331612e-07 0.0 2.2045157611872908e-07 8.464738266604662e-08 0.0 8.369466806086957e-05 1.024414743816705e-05 8.464538962152772e-05 2.760769500358531e-07 1.449492221357561e-07 2.407892226224158e-06 5.18453661513784e-06 7.417462315969821e-07 1.8409971113342685e-06 1.262236765131873e-06 3.7745951864427554e-07 2.4508844400868537e-07 8.331965925561404e-08 2.2464456128537983e-06 5.557239201828785e-07 1.516152514146167e-06 7.009174759407327e-05 1.9948985680297593e-06 3.0163178259136673e-07 4.563317413693202e-07 3.667448530826183e-07 0.0 1.7592842041309117e-07 1.0046463637404924e-07 6.079412686799457e-06 5.3980207729610616e-06 1.756910613951123e-05 8.758021579040886e-05 2.2750412678209494e-05 6.743921713817093e-05 2.818174920043563e-06 1.6223144552340957e-05 9.10774857366412e-08 8.878726292237997e-05 2.8764622177523177e-06 7.907846930354288e-07 6.65536224544224e-07 2.7122940072116086e-07 7.027473713573875e-07 1.246661397093863e-06 2.0523387303156976e-05 2.6354002720368684e-07 7.582322348529458e-08 8.578354133593416e-05 3.474608315824749e-05 6.03746958884746e-05 2.159876632493966e-05 1.1461345813371712e-05 3.944477558500226e-06 7.0456568314270104e-06 2.770641798344736e-06 1.4202151496852492e-05 1.1221358377647406e-05 2.647294918433341e-07 2.3744031137480316e-06 2.8246820981396515e-06 8.118949893348361e-07 3.063461740972277e-07 1.8733720736462488e-06 2.0453471234531912e-07 5.173869943095603e-07 5.220717020159299e-07 9.019038443907082e-07 0.0 1.1621263560494911e-07 8.967890580420831e-05 3.6130643261221923e-06 0.0 1.6479950253435214e-06 2.1924089601771846e-05 2.434354682530532e-06 2.392762019738178e-05 6.587395793664105e-05 4.547131702816561e-05 2.300045491609193e-05 0.00011140743964685729 1.4372963958205339e-05 5.081481750127517e-05 9.700422177210945e-05 2.2227072893730666e-05 1.3383405470842756e-05 6.753065001408886e-05 3.1602220277339724e-05 1.174060605091456e-05 8.462136145916487e-06 0.0 4.499453184706633e-07 0.0 0.0 0.0 0.0 2.894303788906764e-07 0.0 0.0 2.68677404744504e-07 0.0 0.0 1.6812449439379344e-06 0.0 2.721733010679344e-07 0.0 0.0 1.8246920184891908e-07 0.0 2.1386828092166427e-05 1.227267747303897e-05 0.0 5.887119801309278e-07 0.0 1.3496767831604954e-05 3.5420396067351992e-06 1.587347689520203e-05 1.5734918437110575e-06 4.286395510853222e-06 0.0 0.0 0.0 0.0 0.0 7.295958606809645e-07 0.0 5.755258220575681e-07 9.9861185625338e-07 0.0 0.0 2.920466117769552e-07 6.99091218654309e-07 0.0 8.059610694816796e-08 0.0 0.0 5.283005000938758e-07 1.7756448886585397e-06 2.7476496825887326e-06 6.81416353052117e-07 3.85299972369512e-06 1.1344548346224139e-05 5.4033081076640665e-06 0.0 2.0053894491551702e-07 0.0 0.0 0.0 0.0 1.3567500151436225e-07 0.0 1.8370299523785544e-05 5.659423747289394e-07 0.0 0.0 1.3766976488605163e-07 1.8682701989859537e-05 6.045660293337892e-07 1.3919620194486401e-05 9.763031906377815e-07 1.2516982611291452e-06 1.20288540490628e-07 3.750034587431717e-07 0.0 1.3419206708991982e-07 6.075916086256029e-08 0.0 5.61187726857575e-07 1.4857890635959434e-07 0.0 0.0 0.0 2.027381267661879e-05 2.7273861645058143e-06 2.169070844457614e-06
2.0221076823910184e-05 5.8744518944842195e-05 0.0011516798741555987 1.958394198644411e-06 5.1264357527238307e-05 1.1465304312737974e-06 6.345770154588518e-06 0.0 6.156861395515541e-05 5.109372981707515e-07 0.003023464603269735 1.223760598286194e-05 7.861375297062888e-05 0.0013360078082339615 4.224441833962442e-05 2.29272070853661e-05 2.1497705140099477e-06 4.72239008755359e-06 5.510997383320663e-07 2.2675921097674878e-05 2.4424879342517504e-05 5.42107071351829e-07 1.678132281820521e-05 1.641992136407683e-05 6.912114425816704e-06 2.3141400110112e-06 3.191675568679474e-06 2.860924724704294e-06 3.647490055827752e-07 4.526584927992018e-07 0.0002333202823203773 0.0010240623331578143 0.0005262418656270548 6.7310249438323615e-06 2.8244599352626084e-06 8.449119468578137e-06 1.6624569835749864e-05 1.1964339787954518e-05 1.0449780761506314e-05 7.949795346557174e-06 7.3078333126609325e-06 7.3300260877567125e-06 4.1756841770047995e-06 1.4985176343407427e-05 3.065171114557035e-06 1.2897779725016607e-05 0.00010502061470807732 3.2855806459621095e-06 2.614475259725172e-06 7.199627783516975e-06 1.7215611542420804e-06 1.3929738408875478e-06 3.6402754702122727e-06 6.114074571121479e-07 2.420043667369251e-06 3.052832448186213e-06 9.57282090831886e-06 6.894937272793934e-05 1.3749727407385812e-05 4.9569541619961784e-05 0.00020446156120585213 0.00015970389709528906 7.0194439747794166e-06 0.0001649387246456626 1.2617912069927931e-06 8.67926758419743e-07 8.694479801735124e-07 2.0615164083983955e-06 1.8240781346285586e-05 4.544956330180695e-05 5.4537558870555936e-05 1.5974293581345388e-05 2.6130029256648996e-07 5.700047485833334e-05 4.473274068073054e-05 8.957319852793602e-05 9.88155996266417e-05 0.00021870994737708624 0.001136233079407908 0.0013409185937570264 0.0003099377542464613 0.0017564158549815648 5.131579234276796e-06 7.473042230632907e-08 1.7512498323101557e-06 1.1066531260829672e-06 4.624000667052896e-06 5.816042691660907e-08 1.3134581881032609e-06 2.854137211452965e-07 1.25455630092397e-06 7.950982953353274e-07 1.395517685981038e-05 2.6504773719956055e-06 6.837900636905893e-06 8.65103316165771e-05 5.637207853392388e-06 0.0 7.724718736110793e-06 3.3130242475136665e-06 2.004300734305399e-06 4.940986613841673e-07 6.123831752303257e-06 2.273540421653536e-06 1.417238561866721e-05 3.134143017826219e-05 1.2064063195717197e-07 1.450237928252148e-05 9.37914271090136e-06 4.212975878246206e-06 4.6680996784670024e-06 3.467437445128904e-05 6.775953674660126e-06 7.890875886309136e-06 1.1217603814832726e-05 5.5186358537782e-07 2.694888329703384e-07 0.0 0.0 0.0 0.0 0.0 0.0 0.0 8.38263455436702e-08 8.425263029335053e-08 0.0 2.259576035620793e-06 0.0 5.399180081232535e-07 0.0 6.386730160960984e-07 1.4294969138000615e-07 0.0 2.2786746274245486e-05 1.4344774267997829e-05 0.0 6.007468774994938e-07 4.448444399110219e-07 3.3743644454703136e-05 5.640731255992949e-06 2.4700673418499706e-05 1.2521446291212224e-05 7.634605980807161e-06 0.0 1.0195164322860763e-07 0.0 0.0 0.0 3.146863877362048e-06 9.652708291968166e-08 1.3392433561942062e-06 7.735844531793111e-07 0.0 0.0 0.0 2.1392501158739923e-06 0.0 7.857911894932702e-08 5.403353464991524e-07 0.0 9.632395066146095e-07 1.675201369618357e-06 2.3151019662614564e-06 1.360646103012623e-06 4.4964442379792295e-06 2.3849750756134724e-05 1.3759533300206088e-05 0.0 5.7285428936939616e-08 0.0 0.0 3.56756849897647e-07 0.0 1.1422900539545386e-07 6.08684076226675e-07 1.9444538311466026e-05 2.507479839986046e-06 1.317053180226179e-07 0.0 9.788764892693565e-07 2.152882061884537e-05 1.3028592740706331e-06 3.1626685264587044e-05 5.428710990856085e-07 1.7953721061493055e-06 1.0807442469238123e-06 1.301446840407368e-06 0.0 0.0 6.496023621973267e-08 0.0 0.0 8.36679609066462e-08 7.441670619661157e-08 0.0 2.088020446115794e-07 1.6014083141651163e-05 6.94350757109469e-06 6.921519640623649e-06
7.370658516004774e-06 0.00030284451259802796 0.00015050879042940033 1.4685488546219526e-06 0.002089194934131924 4.1680550374622256e-07 0.00036175772719303955 6.156861395515541e-05 0.0 3.6201764569941175e-06 0.0005397020898058445 3.137044632159982e-06 0.00018658443074988916 0.0006342509538073523 1.1049778390625917e-05 2.254438069685636e-06 1.1406433837476984e-07 8.209209260769187e-08 0.0 2.1645207910275701e-07 4.85640131372802e-07 0.0 3.48941847239076e-07 2.5523791279316885e-07 3.924259819350158e-07 0.0 9.104909455148699e-08 3.6751816076807264e-07 0.0 5.423095809313153e-08 2.5966142154978918e-05 4.558275671081228e-06 2.4555955069330433e-05 8.988327687806484e-08 1.6247000254932853e-07 2.474589133819597e-07 1.6625037595350967e-06 4.837773212231064e-07 2.406040266622053e-07 2.85479380393992e-07 0.0 1.2027210251332264e-07 0.0 7.845624043594316e-07 6.807778571658826e-08 2.638760189038452e-07 3.253646470235425e-05 3.5227843695324915e-07 2.5780534601345063e-07 0.0 1.914044656333238e-07 1.1762536578189774e-07 1.1122532178592465e-07 0.0 1.189969352266095e-06 2.813837568850861e-06 2.5540151746092274e-06 1.3343274465764873e-05 5.886956422269905e-06 2.31541562353174e-05 6.793820051037378e-07 3.997035604925565e-06 0.0 2.7693182845019975e-05 6.074122456455015e-07 3.8619460326142196e-07 3.6515042488031416e-07 1.2891155683465177e-07 0.0 3.897853978625146e-07 5.541063653032026e-06 1.2217470479928662e-06 0.0 2.4880528009021555e-05 1.287776728452786e-05 2.7720034869342618e-05 1.1521835429397277e-05 4.018902423456147e-06 5.570066721969442e-06 1.506231391475623e-05 5.231694929642184e-07 6.4577471941573515e-06 2.8405002923519925e-06 1.901954264575675e-07 6.64172256969062e-07 7.443543057239502e-07 6.559439096032614e-08 3.132037989355242e-07 4.182459162553018e-07 0.0 3.856714141336923e-07 1.211537025554668e-07 1.0313445484249089e-07 6.155921964185935e-08 0.0 1.384839275240071e-05 6.100224463315403e-07 0.0 0.0 6.536331877371262e-07 0.0 9.908528066534101e-07 2.0818579095799626e-06 1.3475976106826824e-07 3.878422695689166e-06 8.185430383019364e-06 1.9225040063902587e-06 1.864196008320005e-06 4.21637630642974e-06 2.5316001810400894e-06 1.5549899087862492e-06 8.599922422147886e-06 2.7984523958084377e-06 1.7026429233722902e-06 2.4000842889306917e-06 0.0 0.0 0.0 0.0 0.0 0.0 0.0 0.0 0.0 0.0 0.0 0.0 6.904356691996205e-07 0.0 0.0 0.0 7.221735301662816e-08 0.0 0.0 5.580853338429508e-06 1.6666078610188256e-06 0.0 2.2434091830143952e-07 0.0 3.949725818259433e-06 0.0 5.655815314757185e-06 1.977749879857259e-06 2.533394932033467e-07 0.0 0.0 0.0 0.0 0.0 0.0 0.0 0.0 0.0 0.0 1.312927933610427e-07 0.0 2.4044098120072554e-07 0.0 0.0 0.0 0.0 0.0 8.251849040321397e-07 0.0 0.0 8.155608111637987e-07 4.390287261642282e-06 1.6960949885438582e-06 3.607286877466199e-07 0.0 5.615038845721516e-08 0.0 0.0 0.0 0.0 0.0 3.357953673295377e-06 0.0 2.0285525884439379e-07 0.0 0.0 7.9421857444865e-06 0.0 3.935847638947018e-06 1.114835296075656e-07 1.584224239864357e-07 1.2498668860628817e-07 0.0 4.953442134401784e-07 0.0 5.234481602299914e-08 0.0 0.0 0.0 1.4096368906104633e-07 0.0 0.0 7.039744663632324e-06 1.0942796703176744e-06 2.868553706723973e-07
0.00018716015889157217 0.00033179762554484476 2.4563712543701462e-06 0.0005637075104633448 9.028011931548357e-05 0.0003039280306563285 0.0007701585133383941 5.109372981707515e-07 3.6201764569941175e-06 0.0 2.246299579864885e-06 0.0006136527455154912 0.002467859746720056 3.381534990927712e-05 1.1959469105939515e-06 1.1247653308355868e-06 0.0 0.0 0.0 2.966042031407862e-07 2.2734614007569966e-07 0.0 9.295544588233129e-08 9.025897824662348e-08 3.8001684723420136e-07 2.0380821675757995e-07 0.0 1.091870033340076e-07 0.0 7.137872892642447e-08 1.0227537010356832e-05 4.872521372768808e-07 2.756038025031499e-05 0.0 0.0 0.0 2.7888783674222727e-06 4.394080746510886e-07 1.4224334111721598e-06 3.3659418816420996e-07 1.946481307390377e-07 0.0 0.0 7.97431255727693e-07 0.0 4.121916859752389e-07 5.11863532324948e-06 1.618933714632513e-07 0.0 0.0 0.0 0.0 4.240478689873852e-07 0.0 6.801071107835872e-07 1.0715754461828032e-06 7.251779865645978e-06 1.3525380104774131e-05 3.5096855208397176e-06 6.426188163372765e-06 3.400981552194515e-07 1.3584428395584438e-06 6.291639056744217e-08 7.914457976266955e-06 3.874889827815878e-07 3.2533529490240376e-07 1.8780591997923465e-07 0.0 5.255287874780618e-07 0.0 2.9901521112352604e-05 5.78397714601024e-07 0.0 1.0138132153673374e-05 1.97042369853734e-06 4.088356556194167e-06 1.2224971581156463e-06 1.6730886679292252e-06 6.21946947949477e-08 9.039165422071972e-07 4.925981168267661e-07 2.0839385646261913e-07 1.7801014846821008e-06 6.762167354360123e-08 3.148409853375328e-07 3.4658176974378814e-07 0.0 0.0 2.1268221340221977e-07 0.0 0.0 0.0 1.7539996353446066e-07 0.0 5.638761793577873e-08 0.0001940125377773566 1.3816789981214848e-05 0.0 1.8713326108368365e-06 0.00010049165980644585 3.5289839193154175e-06 6.0190763118251165e-05 9.594594303264052e-05 7.702514525779504e-05 8.5055779764493e-05 0.00030611247150066743 2.8895459525867015e-05 7.905422268472409e-05 0.00013596314083097957 0.00011515799456947254 2.5251107798659064e-05 0.0002726557570963876 0.0001918661101030133 0.00015541456093314906 1.699396283863693e-05 2.1632483766850836e-07 0.0 0.0 7.82271942717298e-08 0.0 0.0 9.589117226212126e-08 0.0 0.0 1.1305717405389689e-07 0.0 0.0 9.874446042517489e-07 0.0 6.358239273080817e-08 0.0 0.0 0.0 0.0 2.7729127262213925e-05 1.4866458625850111e-05 0.0 0.0 0.0 1.518944291472272e-05 4.7017562238805136e-07 7.128822099714271e-06 1.0590046142311616e-06 8.74953131974892e-08 0.0 0.0 7.922237758659606e-08 4.903214755020793e-07 0.0 1.8113039438637103e-06 4.661150991496819e-07 0.0 6.794796368669159e-08 0.0 0.0 0.0 6.831496608507305e-07 0.0 6.002473353379891e-08 0.0 0.0 9.211604807673582e-07 2.1770808048628057e-06 7.923626763108881e-06 0.0 0.0 8.434893951284158e-06 3.5774014162391414e-06 0.0 0.0 6.831379670923546e-08 0.0 0.0 1.2686331444040445e-07 0.0 1.152196576106007e-07 3.2171778358452155e-05 4.412992833987804e-06 2.4620802407965335e-07 8.090057090436836e-08 1.787751973209855e-07 3.0826693942150886e-05 1.6810455014218575e-07 1.3100667841283506e-05 3.477843504808851e-07 1.6243741106253252e-06 8.309694597504741e-07 0.0 0.0 0.0 0.0 0.0 0.0 7.772018830485907e-08 0.0 0.0 0.0 6.69064205223392e-05 3.3844459245938733e-06 1.9968538116871264e-06
2.678859238280747e-05 0.00019018175718604386 0.0011050588658093347 1.5197144825209358e-05 0.0006667628329896473 1.2470076324151669e-06 0.00031261338886786065 0.003023464603269735 0.0005397020898058445 2.246299579864885e-06 0.0 2.9510172790866614e-05 0.0006280126322844014 0.0017699151802622183 3.5310499622600046e-05 2.0575136543649365e-05 6.817099710937537e-07 8.9872789096434e-07 2.4708132173867143e-07 4.55110459884874e-06 7.235383807962562e-06 0.0 7.04450270751197e-06 6.48139251565808e-06 6.1599617824297785e-06 1.269362429073615e-06 1.997553644208521e-06 1.3211922888566156e-06 4.6538157062802234e-07 1.0238382767397592e-06 5.0601693778998856e-05 7.898820539575632e-05 0.00041477481801054447 1.8553238880510158e-06 9.579819344725426e-07 2.866768490498717e-06 2.0051951177937048e-05 7.64785345235055e-06 8.660522804566183e-06 9.207170505772568e-06 2.8607218259505987e-06 9.587344259708402e-07 7.041041994390241e-07 7.521461979207412e-06 5.307280668832468e-07 2.4329804898663306e-06 6.921757996854212e-05 1.0212054159220963e-06 8.55968764654698e-07 1.4317587294405942e-06 3.7277308281909677e-07 5.465078069773144e-07 1.571241119535482e-06 1.508922412525615e-07 9.451100901692933e-07 1.302788351704063e-06 4.648251200778939e-06 2.2656538396652654e-05 5.892247783072763e-06 3.195209754185442e-05 1.797392730610488e-05 8.762838880253483e-05 1.7799330556440625e-06 6.715689007813621e-05 4.287043244993895e-07 4.242751930557236e-07 5.788386906770954e-07 6.123297768224253e-07 3.686116480982328e-06 1.2431238906346451e-05 5.063359077051977e-05 6.918930988142925e-06 0.0 3.203638854750459e-05 1.7588821653977568e-05 6.371216101296677e-05 4.63871312514015e-05 4.2737519510446625e-05 0.00020200931936318838 0.0009210107264853916 2.0184335674449823e-05 0.0005026881203017421 3.0086850123812393e-06 5.7866998829050574e-08 1.2234412345174193e-06 4.245280682640956e-07 8.864169347238068e-07 1.965302328102382e-07 8.186655642420188e-07 2.424300227849368e-07 6.121879830525746e-07 1.6154339728972552e-07 3.875665822656585e-06 1.0534531877631173e-06 1.822381426347792e-06 0.00010947469706005473 5.967612601037053e-06 0.0 4.450287732017358e-06 1.382039231668445e-06 3.5076813524246435e-06 3.6973558367722355e-06 1.0613661205517598e-05 5.00425383105948e-07 1.787722991777151e-05 5.540802492119423e-05 1.5641182400425446e-06 1.5470335339632208e-05 1.8730302929797314e-05 7.144275512601042e-06 8.125681328449376e-06 4.464633497192387e-05 1.5038436751986518e-05 1.2592212571126262e-05 1.2524775018680765e-05 5.248160612444804e-07 0.0 2.721421810302906e-07 0.0 0.0 0.0 0.0 0.0 1.4942192719175484e-07 0.0 0.0 0.0 2.6067099045764105e-06 0.0 8.56916705000403e-07 0.0 3.750282454338661e-07 7.999740505141225e-07 1.0179343464658297e-07 2.8272286484571976e-05 1.4776132491887298e-05 0.0 0.0 8.454433489512617e-08 2.5440556900176334e-05 2.5718223270113065e-06 2.0743289490384258e-05 5.0141304145950106e-06 4.770384964451436e-06 0.0 0.0 0.0 0.0 6.052709442850323e-07 0.0 0.0 5.049729578669226e-07 1.4245363325427763e-07 0.0 0.0 0.0 6.044712051845478e-07 0.0 1.031608445602844e-07 0.0 0.0 2.496994124684958e-07 3.7085287040017403e-06 6.372892238014074e-07 0.0 3.0095096215668914e-06 1.7287130031218532e-05 1.200520847274562e-05 0.0 0.0 0.0 0.0 0.0 0.0 7.867992433551926e-08 4.0551922466596884e-07 2.2230952816970907e-05 6.301873319176005e-07 0.0 0.0 6.393554099065065e-07 2.4423658808803504e-05 1.2464386133912973e-06 2.075415605897915e-05 7.893927836786634e-07 1.3872294720393218e-06 1.3174539370009575e-07 5.058218858076132e-07 0.0 0.0 0.0 0.0 0.0 1.3266318694368003e-07 8.792832510135433e-08 0.0 1.8505565364215418e-07 1.891942781213425e-05 5.9860319569011256e-06 3.142262272248386e-06
3.45650185973116e-05 3.808973035211433e-05 8.088553298128002e-06 0.000643183755499656 3.065969746364234e-06 7.567989674896838e-05 8.134047645485119e-05 1.223760598286194e-05 3.137044632159982e-06 0.0006136527455154912 2.9510172790866614e-05 0.0 0.0005556362098740957 8.759725503260113e-05 1.9580813030436506e-05 2.1137083591086e-05 8.148144491592936e-07 4.2735875003863063e-07 7.126910689118708e-08 2.946334147535838e-06 5.700228329528641e-06 0.0 3.1758389813527295e-06 6.939085773731654e-06 8.915647425967289e-06 4.120406854555287e-06 3.651156160271319e-06 2.6774386986746706e-06 4.2143433252241183e-07 8.945236373511273e-07 7.423336020380186e-06 8.598162214998583e-06 0.0002881443246222545 5.882573690584614e-07 1.9013129147452405e-07 3.0682478980554942e-06 0.00021650380117981617 7.960668901755722e-06 2.4422338340712253e-05 1.593161459712465e-05 3.7913786207209984e-06 7.300091173606946e-07 2.1776389270088223e-07 1.0558617600712718e-05 9.367924273225192e-07 7.670440358993503e-06 2.0774140942227478e-05 3.758302176530262e-07 9.765636084129663e-07 1.6359967242496838e-06 1.437819450590501e-07 4.1836227934380274e-07 6.107603039529728e-06 7.312367488709854e-08 9.131158328942732e-08 1.6048908729324397e-07 9.850106624181914e-07 4.517104750819572e-06 1.9487011848768605e-06 5.1034823945493235e-06 1.5550994729086575e-05 3.325097728725242e-05 3.7207464993494723e-06 2.103937294600217e-05 6.915431570719508e-08 1.2174174941834234e-07 1.346476186667248e-07 5.109854353139879e-07 4.781420564377783e-06 7.84205568210656e-06 0.0003029353634685493 1.1864602249461624e-05 1.7461859438324778e-07 6.625899677589611e-06 4.147461990750835e-06 1.2729570116370084e-05 1.759798570586662e-05 3.303038281933661e-05 2.0364408670464384e-06 1.3176431312628632e-05 1.0383092647394787e-05 1.592502493726138e-05 9.728464526526217e-07 1.8345983553196066e-07 2.479119167943007e-07 1.4508793957614498e-07 5.625797335078926e-07 0.0 2.1408399573802617e-07 1.0065662898383897e-07 2.660628953440081e-07 1.0343767946415655e-06 8.428671810865001e-06 2.153241382725316e-06 1.0213127863065532e-06 0.0005397362121001257 5.2669751506264126e-05 6.106976913823709e-07 7.901547145047405e-06 1.0357592618907353e-05 2.860344252839416e-06 1.1854693934328977e-05 3.43660707355534e-05 8.930957164075527e-06 3.2057042615805356e-05 0.00013939097415268035 7.253878904540555e-06 3.642344807238558e-05 5.3223830215643454e-05 3.269248695463581e-05 1.5735315515262474e-05 0.00013767144739734987 6.436624841333608e-05 5.921193062883256e-05 1.4278225853528265e-05 3.870176001539225e-07 6.884794294415991e-08 0.0 0.0 0.0 0.0 1.9665626039159678e-07 6.766002110226988e-08 9.477614182297796e-08 0.0 4.0828820379626693e-07 0.0 1.0679194463695922e-06 0.0 8.250026222454703e-08 1.9235300363942166e-07 2.1654202467530672e-07 0.0 5.590202581645745e-08 2.441707021453628e-05 1.2682762772139925e-05 0.0 2.945093803001386e-07 9.642044918640654e-08 1.720072156112819e-05 1.5882309180710909e-06 9.73984265535283e-06 2.0782676477768945e-06 5.274319420207605e-07 0.0 2.745716149292598e-07 8.964273941872447e-08 0.0 2.791870542594478e-07 0.0 1.640121331507807e-07 9.229171436515399e-07 2.44903002498081e-07 1.19689619915031e-07 0.0 2.865920387236707e-07 3.766013339170416e-07 8.046027588316277e-08 6.282183513372592e-08 7.317196492020273e-08 0.0 1.3287763768514675e-06 1.844852400773689e-06 1.9193860260219573e-06 1.946735975579926e-06 1.8559498052708517e-06 1.0170735904090008e-05 4.7319352846171025e-06 0.0 1.719408163756261e-07 0.0 0.0 7.61310278534558e-08 0.0 0.0 2.3665348220209803e-07 2.5774669305877435e-05 1.488458293670045e-06 9.765479858482894e-08 0.0 5.322049135111337e-07 2.6254727140927968e-05 8.051342781406414e-07 1.6598909977121205e-05 2.864277238129853e-07 4.057481007981171e-07 4.217731550016383e-07 8.080816056182812e-08 0.0 0.0 0.0 0.0 0.0 0.0 0.0 4.112441209046636e-07 1.1401302297549299e-07 4.442631502243414e-05 3.915518197532905e-06 3.608833817148948e-06
