0.0 0.001839175625057773 0.00173225748695912 0.0015032318092110602 0.0001492350360814889 4.062575041980114e-05 0.0006296918919011475 8.522608233196958e-05 3.7033598764794e-05 0.0009773245223538716 0.0007883744773848697 3.4711717013484224e-05 6.906917210867045e-05 3.0206332054900637e-05 2.267231062953358e-06 7.775778708871997e-07 0.0 0.0 0.0 0.0 8.441912786209434e-08 0.0 0.0 0.0 0.0 0.0 4.492730535749231e-07 0.0 3.948889868474383e-07 0.0 0.0002878756814202647 5.643286769609476e-07 2.22662926266554e-07 0.0 0.0 0.0 0.0 0.0 1.3633360629152032e-07 9.514190544233997e-08 0.0 0.0 0.0 1.9237816826205966e-07 0.0 0.0 8.624816788411352e-06 6.445148346708831e-07 0.0 0.0 2.216321470667056e-07 3.0384047343982204e-07 0.0 0.0 4.855714858913377e-06 6.820564079564063e-06 5.018500112515722e-05 0.00012422268339548032 1.7790373325241537e-05 3.534067205074066e-05 0.0 2.9138704663323796e-07 0.0 2.4669069705748886e-06 6.842359061055071e-07 8.073916937389326e-07 6.04027333180547e-07 1.3834912890426726e-07 1.8967273364015374e-07 8.480443291246626e-08 1.4095107423667732e-07 3.3426448002380987e-06 2.2259303768295474e-07 5.506821715277525e-05 6.796523103480073e-06 8.704085304595302e-06 6.259457199957123e-07 2.7298997730357945e-07 0.0 5.312668048559933e-06 0.0 3.3181875889821667e-07 5.8178670580922e-06 2.736916056029795e-07 8.871900306306526e-07 2.4303329643664294e-06 0.0 6.586091116147046e-08 5.705862264900888e-07 1.444349316625412e-07 5.357918468080882e-07 2.587020138816342e-07 2.899635975417712e-07 2.2683532999903357e-07 1.5386435575919258e-07 2.686090196238138e-05 9.328315442325934e-07 5.799871643539314e-07 1.762146529151695e-07 0.00018028565785617679 3.450667204812752e-07 3.406230840215076e-05 1.563745129977407e-05 1.4425752391640244e-05 1.2371930746614364e-06 5.4059849087431304e-05 8.680972868011846e-06 1.2015323474716496e-05 4.440019726672132e-05 4.280542659679863e-05 7.427329602110915e-07 5.326017937444761e-05 8.023923537436148e-05 4.6321585912265366e-05 2.1043166387716236e-06 0.0 0.0 0.0 0.0 0.0 0.0 1.3389867034560819e-06 0.0 0.0 0.0 0.0 0.0 0.0 0.0 0.0 0.0 0.0 0.0 0.0 1.256081548094528e-06 0.0 0.0 0.0 0.0 4.060317804392995e-06 0.0 5.044330936884438e-07 0.0 0.0 0.0 0.0 0.0 0.0 8.819934826904387e-08 0.0 0.0 8.402682289504224e-07 2.785068792505309e-07 1.4445427266455305e-07 0.0 0.0 0.0 0.0 1.7735996313722333e-07 1.9544209703703754e-07 0.0 1.745521937144493e-06 1.1273654656657264e-06 1.5291455663809374e-06 0.0 0.0 2.082083172768452e-06 0.0 0.0 1.8000903903028219e-07 0.0 0.0 0.0 0.0 0.0 0.0 4.814490696365279e-06 0.0 1.5440400731361316e-07 0.0 0.0 7.977728737923915e-08 0.0 0.0 0.0 1.0392798632781545e-06 0.0 0.0 0.0 0.0 0.0 0.0 2.6824118627700893e-07 0.0 0.0 8.48996561076203e-08 0.0 9.09264649946375e-06 2.394471191386432e-06 4.5460857142496196e-07
0.001839175625057773 0.0 0.002137840355515111 0.0006031117234218451 0.0017090367335654312 0.00016462990655700767 0.002610753213761955 8.401178673673459e-05 0.0019407366561312932 0.0018598571167094222 0.0008641433591988351 3.171985814211306e-05 0.0017066158509364453 0.0007273950821448711 2.6133131268782447e-05 4.772698108513628e-06 5.763855579346869e-07 4.60259417275212e-07 7.316536845045685e-08 6.590075428911418e-08 1.1172248533518704e-07 0.0 1.1233534849842391e-07 7.711928742178718e-08 6.950343889457718e-07 7.495081165333553e-08 7.469250035202282e-08 6.5527265053865e-08 2.8152340100685525e-07 7.729574503705521e-08 0.0005630563927676403 2.3523503317707865e-06 2.768459505213249e-06 0.0 0.0 4.4034120412437023e-07 7.825897669968849e-07 6.907779253923698e-07 2.980211485523209e-07 1.0283595177493986e-06 1.6162509039752882e-07 1.84640252467435e-07 0.0 6.432704861332097e-07 9.103926865193765e-08 1.0177097029657648e-07 0.00011163136735894122 4.132714951339869e-06 7.458384627408231e-07 3.576801169477243e-07 2.5129811796583745e-06 4.333949921762514e-07 0.0 1.8451665915183414e-07 1.9408894806455587e-05 2.537783117458742e-05 8.402532347529106e-05 0.00032316475364601866 5.760746355139478e-05 0.00014136083295411352 0.0 1.3889315402432285e-06 0.0 2.296792577512893e-05 5.417638793565859e-06 4.557281660763304e-06 2.03268466123196e-06 9.54033926932112e-07 9.692123671164976e-07 3.115721302252192e-07 1.7223119274728434e-06 1.999828915662427e-06 1.2112566250886803e-07 0.00019877955284769718 5.321454278179815e-05 5.370686978498801e-05 5.38208346875496e-06 2.564383917733538e-06 3.6166173701112993e-07 7.181267226089544e-06 8.593771389381763e-07 9.59029434611276e-07 2.6818855309623372e-05 1.0107199212360978e-06 3.6012840802692968e-06 9.249858490731553e-06 1.355381039120293e-06 5.863885383954607e-07 2.144260236783426e-06 1.3432432610052057e-07 2.3991472573702744e-06 2.1266745993434918e-07 1.3164484314443595e-06 6.849825970596804e-07 7.823358569070077e-07 3.5463838553886344e-06 2.441132475630472e-07 1.1013140316796366e-07 2.6379127510519925e-06 0.0009309066699271168 9.468511609276537e-07 2.1734589239871233e-05 1.4687120511228028e-05 8.637125688502218e-06 1.8831853174971525e-06 4.55212296268852e-05 4.700263136582544e-06 1.3635289023260005e-05 1.7555658770703336e-05 1.8998592909860782e-05 1.198222702822055e-06 4.673234988076931e-05 5.64069865602396e-05 3.973220451458738e-05 1.0424391728293487e-05 2.2614081219951548e-07 9.285764242650939e-07 7.118271669447403e-08 0.0 0.0 0.0 0.0 0.0 0.0 0.0 0.0 0.0 0.0 0.0 0.0 0.0 5.609633315525575e-07 8.819007586756478e-08 0.0 3.3240954744269075e-06 2.2967690912995586e-07 0.0 0.0 0.0 1.9728073816910343e-05 2.3910915696866766e-06 1.8380907080489294e-05 7.236103478587908e-06 5.288735056972596e-06 0.0 0.0 0.0 1.104851698891544e-07 7.102714050522031e-07 0.0 0.0 1.436628082306794e-06 5.87737310650686e-07 0.0 0.0 0.0 7.042366696165654e-07 0.0 0.0 0.0 0.0 1.3436994720046343e-06 2.8386559635049583e-06 7.899618625013121e-07 1.3951907540495583e-06 0.0 1.4295162189338958e-05 3.979060194981554e-06 8.668431969892559e-08 0.0 1.7888052639659665e-07 0.0 0.0 0.0 0.0 0.0 1.1783462801690422e-05 1.4106725294859094e-06 0.0 0.0 8.526881048135507e-08 0.0 2.857175343385076e-07 6.729848327598437e-06 6.944961639146558e-07 9.048538393360082e-07 7.336202021713945e-07 0.0 0.0 0.0 0.0 0.0 1.6036439766261503e-07 0.0 1.462548160036509e-07 8.186431309033299e-08 0.0 1.2476674995106166e-05 3.452521627052394e-05 3.414624864392787e-05
0.00173225748695912 0.002137840355515111 0.0 8.455595267896869e-06 0.0012995259727954546 3.0334307351518246e-06 0.0001018844510879968 0.0015676366112401155 0.000686561486334121 5.710938143898276e-05 0.0013610621365038246 5.021406486215048e-06 0.00016055899711565357 0.0004599433032551309 5.191368635512579e-05 1.878778839536636e-05 9.263182102283026e-07 7.549123176100926e-07 1.1263644444055082e-07 3.15397524975976e-06 1.5336805978665763e-05 8.39806499849219e-07 3.24743828103089e-07 3.052206900285069e-07 4.318079700712857e-06 1.3621541717699618e-06 1.2729953262330123e-06 5.139494748859074e-07 1.3615401253664643e-06 1.8290437818480697e-07 0.002489149354698607 0.0002940605450088981 1.0516320688567131e-05 4.424654853161834e-07 1.4715628473636036e-07 9.856236551855596e-07 2.054678515553261e-06 3.072368905162814e-06 2.663102404616534e-06 5.813935631744136e-06 5.7368631210167505e-06 9.052782079024508e-07 2.17537651964543e-06 1.2332187696768364e-06 3.591596593683537e-07 0.0 0.00012211040804496398 6.425497297044614e-06 2.1403466309183476e-06 4.780208504899508e-06 1.5930423313323466e-05 1.3239595466210521e-06 1.261394822133505e-06 1.036190881878787e-06 1.2907786665329635e-05 1.8201143221005098e-05 9.13463515796736e-05 0.0006629804181068204 4.465211855641647e-05 0.00010342866832095149 3.898092059217719e-06 1.2259391781266286e-05 5.017349741453434e-07 0.0003969506051113515 3.2229385781796286e-06 9.057668806007967e-06 9.197678927779695e-06 2.6522067893621336e-05 4.38856470762369e-05 1.91456255791649e-05 1.8440344517556338e-06 3.984418338154701e-06 8.397751384531614e-08 0.00016702897240855388 9.322336542560595e-05 6.833867332195155e-05 1.8845810760019484e-05 1.3574023828327882e-05 3.611594954774533e-05 0.0005294443241871779 1.0934042917059037e-06 8.018929321368784e-05 1.9846956133293914e-05 7.432369320954202e-07 5.441475594355024e-06 7.510219519107249e-06 1.3174493487563674e-05 6.503881905108314e-08 2.081526098830572e-06 8.256024746066745e-07 5.158496271499465e-06 2.28805312790491e-06 4.9264463425112556e-05 5.0821502868793884e-06 1.9965810206727723e-06 5.787628977257226e-07 1.1918766203814745e-06 0.0 2.6291179363052315e-06 0.0008641986756644167 5.495083660050672e-07 9.88958479630226e-07 2.0779393216187024e-06 0.0 5.54387529097515e-07 3.317242683167752e-06 4.5248706587151637e-07 3.214209820308521e-06 3.2344916420855226e-07 8.194195023888931e-07 1.369556821413073e-06 6.5877569580879125e-06 6.5723057036152845e-06 4.141126689287777e-06 4.524240356580988e-06 7.314697182898917e-07 4.108562391276005e-07 9.971343712542865e-08 0.0 0.0 0.0 0.0 0.0 0.0 0.0 5.350957587271032e-07 0.0 9.686588152535984e-07 3.658836377847789e-07 8.396086941468245e-07 0.0 1.8138941098836572e-06 1.4767693035587075e-06 1.3169475487261242e-06 1.1815769507191698e-06 1.3141801709236751e-07 0.0 9.962108135269977e-07 1.2835378974274457e-07 8.075214719730158e-06 1.7077659789700304e-06 4.214865868443721e-06 5.539565620314155e-06 3.9127429732957735e-06 1.9332699425098176e-07 3.0997476693212804e-07 1.7955041731705216e-07 0.0 2.834149598502748e-07 6.324317454782941e-07 0.0 6.796170613994865e-07 8.59493837391139e-08 0.0 0.0 1.3542352865654314e-07 4.3546495655804055e-06 0.0 0.0 2.8692607603540645e-07 0.0 2.204375001491252e-07 1.1987347915134027e-06 0.0 5.978511618296823e-07 3.681346196801663e-07 4.359360581385207e-06 5.888235749720865e-07 2.9520059681723945e-07 4.0167289030097185e-07 0.0 0.0 0.0 1.4418537302165876e-07 0.0 3.599469564742639e-07 5.006775626400659e-06 1.9895050946288273e-06 1.2143349296799053e-07 0.0 5.167044176073029e-07 3.56866766439447e-07 1.0678711280121476e-07 4.180915597987605e-06 2.1099089142289887e-07 4.2348073483002415e-06 7.163485325582881e-07 2.4785541629022376e-07 4.277126909342216e-07 0.0 0.0 9.116084935326404e-08 0.0 0.0 2.6547916623069187e-07 5.638262919455666e-07 8.271270188613157e-08 2.640353278084593e-06 1.689236454739887e-05 1.3854815428408696e-05
0.0015032318092110602 0.0006031117234218451 8.455595267896869e-06 0.0 0.000349710442653423 0.00046453458387613414 0.0008711187025940419 7.28171773343058e-07 1.9153035184491416e-05 0.0005480912399947351 9.488372971603278e-06 4.786674827773008e-05 0.0007150592832485908 5.7174721044343006e-05 4.4074067488290524e-07 2.923576741004142e-07 0.0 0.0 0.0 0.0 0.0 0.0 0.0 0.0 0.0 0.0 0.0 0.0 0.0 0.0 6.131138752605704e-06 0.0 0.0 0.0 0.0 0.0 0.0 1.0811208755139172e-07 0.0 0.0 0.0 1.3112459562445237e-07 0.0 0.0 0.0 0.0 2.641125115658878e-06 1.6643405527341192e-07 0.0 0.0 8.142596680717088e-08 0.0 0.0 0.0 1.0069836189477821e-06 2.033391934803817e-06 5.82004716721349e-06 1.4498793801850531e-05 2.5210432148177607e-06 7.717249325767335e-06 0.0 0.0 0.0 8.617297302086274e-07 6.907328682667567e-08 3.7635476117246614e-07 2.385375706442871e-07 2.0878422574567192e-07 0.0 0.0 0.0 0.0 0.0 1.0549301028230241e-05 2.1383115848413058e-06 1.765239087917644e-06 0.0 0.0 0.0 0.0 0.0 0.0 1.3061870069824303e-06 2.791479356010916e-07 1.3479071628368394e-07 3.7748388201376213e-07 0.0 0.0 1.5853794467931256e-07 0.0 7.513158754263768e-08 0.0 0.0 8.069044475638912e-08 0.0 6.825202154688894e-06 5.68253634191701e-07 0.0 0.0 5.8896205908990535e-05 0.0 5.46278504923978e-06 4.052491687436537e-06 1.7150992929455523e-06 7.864887316460319e-07 9.893267902541307e-06 2.7931250883965172e-06 3.0054687220115892e-06 8.583535741864197e-06 9.921459497467e-06 0.0 1.3853812499588242e-05 2.2725870867994404e-05 1.1225650660117458e-05 5.499755689747646e-07 0.0 9.351867673832497e-08 0.0 0.0 0.0 0.0 0.0 0.0 0.0 0.0 0.0 0.0 0.0 0.0 0.0 0.0 0.0 0.0 0.0 0.0 0.0 0.0 0.0 0.0 6.829585429529072e-07 0.0 2.9062939688375647e-07 0.0 0.0 0.0 0.0 0.0 0.0 0.0 0.0 0.0 0.0 0.0 0.0 0.0 0.0 0.0 0.0 0.0 8.339915264107125e-08 0.0 5.653823745293894e-07 3.3557539743736157e-07 2.2466985656451354e-07 0.0 0.0 0.0 0.0 0.0 8.295935771796427e-08 0.0 0.0 0.0 0.0 0.0 0.0 1.920722182702855e-06 0.0 0.0 0.0 0.0 0.0 1.1362846422813414e-07 0.0 3.834509515881586e-07 0.0 0.0 0.0 0.0 0.0 0.0 0.0 0.0 0.0 0.0 0.0 0.0 4.604297220411265e-06 1.6267692906234667e-06 5.440770388689042e-07
0.0001492350360814889 0.0017090367335654312 0.0012995259727954546 0.000349710442653423 0.0 4.8311182741189326e-05 0.001408946485015977 2.6600988067190145e-05 0.0019702712537497664 0.0022012294571324507 0.0005179376639564303 0.0001345764967829818 0.0011873229194766678 0.0009847242561391149 1.6452208144392355e-05 1.5006409601731113e-06 1.8228949687813547e-07 9.553570328261765e-08 7.830608846119298e-08 0.0 3.0727471771215453e-07 0.0 0.0 0.0 3.02989027018491e-07 5.938315177323041e-08 0.0 8.030397858239724e-08 5.983336142229213e-07 8.077224315083281e-08 0.0001398966950720832 4.455798289729064e-07 1.9875030852833525e-06 0.0 0.0 0.0 1.637653398036961e-07 0.0 1.1277565376300773e-06 8.885146293979433e-08 1.3663552054934122e-07 1.8459121987571363e-07 0.0 2.2873871571589615e-07 0.0 0.0 6.751408536528489e-05 1.3081161419978548e-06 2.5908088851881573e-07 2.3202454627296193e-07 1.0534143150992251e-06 1.2420082653715864e-07 1.8522632132085208e-07 0.0 5.3368274758406354e-06 6.253015662096664e-06 1.5965611584841466e-05 4.7505451531635134e-05 1.1020714005477853e-05 3.7944288864834885e-05 1.4744356883657019e-07 0.0 0.0 8.085272029718024e-06 1.1711329589200675e-06 8.687857678637113e-07 8.430899860424048e-07 4.785314944117655e-07 2.041527082047139e-07 2.6945905013782775e-07 1.0541159710444256e-06 3.527963646523979e-06 0.0 4.588621740803477e-05 1.526503967571075e-05 2.360195748813472e-05 1.9091456475123585e-06 7.787421627158593e-07 8.488540746205576e-08 2.042861290494674e-06 9.346391593674528e-08 1.1549104584932857e-06 1.091635128009092e-05 5.314503281849466e-07 1.0777169918596652e-06 2.205167070262324e-06 1.8811857520404395e-07 2.2181546084049132e-07 7.499391200919116e-07 1.9955890506476297e-07 9.868739807452955e-07 3.477869400772748e-07 2.028150716779197e-07 2.0208599662780855e-07 8.115408694698537e-08 1.7678465237060284e-05 1.1861131123651312e-06 1.5199887796394053e-07 1.4728041880381851e-06 4.766187325663805e-05 0.0 5.848707352928068e-06 9.344893738675661e-06 2.944947906844716e-06 1.6699152288749023e-06 3.541678759655546e-05 1.815066629102538e-06 1.3764682438858747e-05 1.1109321743040664e-05 1.4721196835475985e-05 1.4647616763430937e-06 4.496875578985897e-05 4.4300876626658185e-05 3.98023945148201e-05 1.6498699196855396e-05 1.5294025175088674e-06 6.355524144941657e-07 0.0 1.9481553261508545e-07 0.0 0.0 0.0 3.2473776814362506e-07 0.0 0.0 0.0 0.0 1.6882048168614758e-06 2.167218879778843e-07 0.0 0.0 3.8962936224886176e-07 0.0 0.0 3.111487646484182e-06 0.0 0.0 1.0458366509516302e-07 0.0 2.800429328942428e-05 5.857667434270065e-06 3.4951800316124635e-05 8.598254421328377e-06 3.4532625704446487e-06 0.0 4.561478232454559e-07 0.0 0.0 1.4441194694402677e-06 0.0 0.0 3.040686889698222e-06 4.3927166551225667e-07 0.0 0.0 1.8399085261429115e-07 1.5735365277275783e-06 2.8743190571752664e-07 2.223478526077073e-07 1.1786997361514359e-06 0.0 2.7464090709966983e-06 1.9124957490263673e-06 0.0 4.671398266890416e-07 7.229114078370288e-07 2.2470261329941323e-05 2.599373703462453e-06 1.7719361282660875e-07 6.350912825422525e-07 0.0 0.0 1.151047831484282e-07 0.0 0.0 0.0 1.8977059678808666e-05 1.2217420358260528e-06 0.0 0.0 7.915908857651066e-08 1.086750754789087e-06 4.476419955802137e-07 1.212258377303863e-05 2.1719728184534616e-06 2.444198118445079e-06 1.0530107361747396e-06 2.7778174096240725e-07 5.396233335874375e-07 0.0 0.0 0.0 0.0 8.394680489014909e-08 0.0 0.0 0.0 1.4915843081796448e-05 4.987462279588809e-05 4.48755298213269e-05
4.062575041980114e-05 0.00016462990655700767 3.0334307351518246e-06 0.00046453458387613414 4.8311182741189326e-05 0.0 0.00013678925182374616 7.46901504589825e-07 9.489052394795739e-06 0.0005825238269594512 1.0433980171034465e-05 0.0002064949855789737 9.455235120544886e-05 1.896480896206948e-05 9.684600364190275e-08 1.0864544139246414e-07 8.576965286106969e-08 0.0 0.0 0.0 0.0 7.426600195311203e-07 0.0 0.0 2.417946938021402e-07 0.0 0.0 0.0 8.834560561187366e-08 0.0 3.7042737858223226e-05 0.0 2.813732002670457e-06 0.0 0.0 0.0 1.1823135841311303e-06 0.0 2.2394558082536473e-07 0.0 0.0 0.0 0.0 0.0 0.0 0.0 0.0 0.0 0.0 1.7255305510889557e-07 1.6775757032532382e-07 1.934278971652601e-05 1.0750084996122266e-07 0.0 0.0 1.512589325850828e-07 8.306519080736607e-05 6.607122050650342e-07 2.878740278641176e-06 1.355321655940874e-07 0.0 2.4391823187483666e-06 0.0 9.918828855793699e-08 0.0 0.0 0.0 8.171229989184443e-08 0.0 0.0 1.750801006693291e-05 0.00022686453784805552 2.7177547970600947e-05 8.378447980808355e-08 0.0 2.2692091033898215e-07 3.381703539114117e-07 1.219748751495208e-07 0.0 1.9690451786051706e-06 0.0 2.7531813521557117e-07 7.531850632880524e-08 7.593969640714503e-07 0.0 6.183845603910008e-07 0.0 4.395891769777892e-06 2.184694337645566e-06 1.6965003423695935e-05 2.2575636527479026e-06 9.298246161219494e-06 0.0 9.51413082930497e-08 1.1546214603534464e-06 4.2989241964929834e-05 0.00010105330411540512 5.572409519105268e-05 1.539806564443779e-05 0.00025124432800736207 0.0 1.6137187366432755e-06 1.0786532777134924e-06 8.549429338985324e-06 8.97461916263481e-08 3.5024230074057748e-06 1.4975528855559993e-07 7.11434143186876e-07 4.43031941132912e-06 2.270770046105368e-06 0.0 2.7334463145496533e-06 7.440748342861827e-06 6.779742661037277e-06 4.660534351969588e-07 2.141838155028903e-07 3.525836578635478e-07 0.0 0.0 0.0 0.0 0.0 2.1293904674904977e-07 0.0 0.0 1.0103572470379942e-07 0.0 1.016392657031164e-07 2.7538028850419775e-07 1.1019799637214646e-07 0.0 5.137322341857795e-07 2.2124212785443674e-06 2.9770902746496476e-07 0.0 0.0 0.0 0.0 0.0 4.064142556655349e-07 0.0 2.0195183764018236e-06 1.38012758026567e-06 3.5973478048478293e-07 0.0 0.0 0.0 0.0 2.898864547001273e-07 0.0 0.0 0.0 3.443397354536799e-07 0.0 0.0 0.0 3.486612020248214e-06 8.318136455409398e-08 0.0 0.0 0.0 9.901400943174627e-08 0.0 0.0 1.0397750327396116e-07 0.0 0.0 5.923214267021505e-07 0.0 0.0 0.0 0.0 0.0 0.0 0.0 7.034961049717771e-08 1.39112565472704e-06 6.2921650791982385e-06 0.0 7.156644040505883e-08 7.893093331435542e-08 0.0 0.0 0.0 0.0 0.0 4.468659669025768e-07 0.0 2.183113445720397e-07 0.0 7.137651375579964e-08 0.0 0.0 1.4906018466511173e-07 2.782151994680456e-07 0.0 0.0 1.666295586335428e-06 1.265794164712919e-05 6.85447014438522e-06
0.0006296918919011475 0.002610753213761955 0.0001018844510879968 0.0008711187025940419 0.001408946485015977 0.00013678925182374616 0.0 3.4041052353423353e-06 0.00036178630690910345 0.0028792848794794977 3.554452850654748e-05 8.899013743765358e-05 0.004389198251404905 0.001437389552750134 9.129228229908866e-06 1.3480040668966625e-06 4.0621964028851526e-07 0.0 0.0 6.402330033309657e-08 1.9845041351978102e-07 0.0 0.0 0.0 1.4686134827857916e-07 0.0 6.598663873286797e-08 0.0 0.0 8.536486857968348e-08 3.8550993483683296e-05 7.141210606516242e-07 9.899688009377237e-08 0.0 1.8992990040532675e-07 1.0008917672883648e-07 3.083120931999961e-07 0.0 6.143985004120389e-07 1.6624662227535553e-07 0.0 0.0 0.0 9.092995715686182e-08 0.0 1.3381865676404313e-07 4.189736230594513e-05 1.858380051142408e-06 2.459414422317795e-07 0.0 7.449495728473293e-07 0.0 8.910027514406403e-08 0.0 4.902666247129275e-06 7.073026353341222e-06 1.6771755419026065e-05 5.755189066548445e-05 1.205823405873933e-05 4.473884610861818e-05 1.4429429194636781e-07 4.4016688076489877e-07 0.0 5.995468391184206e-06 1.5240999036905526e-06 1.2853577817685554e-06 8.836105297934676e-07 3.687017124561378e-07 1.6763181510812576e-07 2.91476795959898e-07 2.0875257683328882e-07 1.0532650885974248e-06 0.0 4.924367248933234e-05 1.6255739912649948e-05 1.763355022191985e-05 1.5326880605496075e-06 7.685441798368594e-07 0.0 8.368911561934711e-07 5.5660688972631976e-08 1.0095307481870115e-07 8.632475515575097e-06 3.118791810727683e-07 7.176667672623094e-07 3.5046748794959375e-06 7.836459803331698e-08 2.1986147225044033e-07 6.170427769941354e-07 2.258214368541149e-07 6.355984668685959e-07 0.0 1.6688988476079407e-07 1.426404703995478e-07 1.2293075634672388e-07 1.2712199383606826e-05 3.209182907000018e-07 1.7781149646721178e-07 5.737931116993198e-07 9.302458834377864e-05 1.1665901235778713e-06 1.770616494684562e-05 2.144028607549984e-05 1.598214060531643e-05 1.4592492530158192e-06 6.030275030119968e-05 6.656760594084872e-06 1.578548304960322e-05 2.6244039889397468e-05 2.6903245160582766e-05 5.492914459962248e-07 5.839371152129364e-05 5.938023895087167e-05 4.9152384015905764e-05 9.75310479443891e-06 6.816183685416295e-07 4.230591894527263e-07 1.967288652909588e-07 8.228688467974443e-08 0.0 0.0 0.0 0.0 0.0 0.0 2.7604066374013e-07 0.0 5.706864867500894e-07 0.0 0.0 0.0 7.586077870511079e-08 0.0 0.0 4.254428225337821e-06 3.883375624592541e-07 0.0 0.0 0.0 1.552071581802634e-05 1.4538931998651874e-06 1.8253916289530697e-05 4.781220390959312e-06 3.333419838952596e-06 0.0 1.4281140438388105e-07 0.0 0.0 6.163194301538826e-07 3.906110756820282e-07 0.0 1.2579515487427376e-06 1.250519080339234e-06 0.0 0.0 0.0 1.0219301716869486e-06 0.0 3.6515191979614245e-07 1.5779325528109348e-07 0.0 1.095432890782275e-06 2.1530039344451104e-06 5.765763139579603e-07 2.8297451801543673e-07 0.0 8.039201840333922e-06 1.4069648848343655e-06 0.0 0.0 0.0 0.0 0.0 0.0 0.0 4.0821001628115065e-07 1.5301873801255878e-05 1.7284915269029663e-07 0.0 0.0 0.0 0.0 6.828474455391207e-07 4.491459702534703e-06 3.4363959892167337e-06 9.117411159666763e-07 9.892671671091635e-07 2.4814461347982643e-07 0.0 0.0 9.994511999172439e-08 0.0 0.0 8.458712586241721e-08 0.0 0.0 0.0 1.9231498771077912e-05 3.114831230777186e-05 2.768395163483057e-05
8.522608233196958e-05 8.401178673673459e-05 0.0015676366112401155 7.28171773343058e-07 2.6600988067190145e-05 7.46901504589825e-07 3.4041052353423353e-06 0.0 4.8236968806230996e-05 1.1514742281466468e-05 0.0013488115298502168 5.023533675745072e-06 0.00013746808112359031 0.000506743098223308 0.00012868820621716776 6.126523510700402e-05 4.269778014193547e-06 4.739489397951118e-06 5.532702848921028e-07 1.2087702309085133e-05 6.324248299918886e-05 1.7253314239172983e-06 1.1774814963077306e-06 1.0647432434423522e-06 4.7309975468967636e-05 7.510998588822938e-06 7.5110819464405295e-06 3.679049715447855e-06 5.005024259411446e-06 2.505003137969989e-06 0.0012487030888143475 0.0024172063277499846 6.576933136765681e-05 1.4525657480512884e-06 2.891573873908404e-06 2.5552200238096204e-05 3.1779832029350835e-05 4.3728347757414566e-05 1.7700607377926172e-05 3.631592219986001e-05 1.6272707738328357e-05 1.6455843865729385e-06 1.2042413528251446e-05 2.9487266393546844e-05 1.4501904761661276e-06 8.027791467462601e-07 0.00021535619607808163 1.4528273110516528e-05 8.717333537107206e-06 2.860599252551359e-05 4.440060761886692e-05 4.815200358534297e-06 5.349327839687264e-06 5.075334220301582e-06 1.2187606270009107e-05 1.671438684990837e-05 6.033451444127916e-05 0.00039167294079306224 3.184792562641693e-05 0.0001030059178521527 0.00010452135468992324 0.00011574641824723428 3.3795021482556207e-06 0.0009164126770728601 4.974314480399617e-06 2.2320560365383655e-05 2.1834937850320886e-05 6.684484047742403e-05 0.00011274209290576789 5.495713446314212e-05 2.2270679058645996e-05 1.0529365624920667e-05 1.264255548745836e-06 0.0001630602353876942 0.00012947018146778255 0.00017174270486111472 0.000648583831559173 0.0008648316832166273 0.0007374914949887817 0.0010019319429363984 0.00011096848653434951 0.000487500304130122 2.1983119075464034e-05 8.403739022581563e-07 1.053719309099219e-05 8.329075937361243e-06 3.973292134254788e-05 5.012176714560263e-07 2.8658406928482162e-06 2.830136904559609e-06 1.2083119193811645e-05 3.6384148452535103e-06 0.00014388083432035294 2.134923279042706e-05 6.781010248634829e-06 5.260862312122093e-06 1.421685422096334e-06 1.3684367131027317e-07 8.03626747083829e-06 0.00027502000284243446 0.0 1.4359549402402024e-06 2.373437857227654e-06 3.1940385375001365e-07 5.782952634815379e-07 9.916990907686555e-06 0.0 4.720024365819972e-06 1.6912191048371225e-06 1.2041749431890767e-06 1.0718556619429237e-06 9.53866503964439e-06 7.76318260761832e-06 1.016688721437604e-05 5.7648728065753246e-06 9.169458360055104e-07 8.159493904550247e-07 4.6280722107197295e-07 0.0 0.0 0.0 0.0 7.380464662313104e-07 0.0 0.0 3.82291784185075e-06 0.0 1.9299541881383188e-06 1.9911336534431743e-07 1.0761472522504082e-06 1.0028475970887266e-06 2.9849163916061057e-06 6.214955821283387e-06 1.4713794782982165e-06 4.145378923033706e-06 0.0 1.3271077895583167e-07 1.2205381275653135e-06 0.0 1.155340426440156e-05 1.4659112937808608e-06 1.1178828134506733e-05 8.426294136414932e-06 4.3488680601479535e-06 1.2049682670794905e-06 9.153822558805988e-08 5.834442329991356e-07 0.0 5.707653878646433e-07 0.0 0.0 9.198301389564855e-07 1.7209157481989643e-06 0.0 3.04374441017665e-07 8.986096869617776e-07 9.73282374121516e-06 4.39041505376651e-06 1.430710537419367e-07 3.181178595785057e-07 1.5469636165363e-07 6.006600525661235e-07 5.8460822625315e-07 0.0 1.1359366977657305e-06 1.0707003771160587e-06 6.293347722309253e-06 2.6967053498229685e-06 5.879263305176896e-07 3.2969872963051644e-07 1.1024807950428587e-07 0.0 4.7422151964696527e-07 3.259856829895596e-07 1.6197330584198433e-07 8.179777960107925e-07 8.387162534267181e-06 4.981828094756673e-06 3.8283403002141204e-07 0.0 1.4569205919502581e-06 5.111347564147261e-07 0.0 5.3786580821970995e-06 1.1911722827936277e-07 2.1226600641900416e-06 4.1136628755887307e-07 3.1905974094234857e-07 0.0 8.342132457305175e-08 3.4519908857394663e-07 4.223138089094954e-07 2.1098981876584046e-07 1.5042216608380373e-07 6.447305659103051e-07 6.417235653676641e-07 3.022457862602168e-07 4.508725273484224e-06 3.201368219923308e-05 2.3512692068036947e-05
3.7033598764794e-05 0.0019407366561312932 0.000686561486334121 1.9153035184491416e-05 0.0019702712537497664 9.489052394795739e-06 0.00036178630690910345 4.8236968806230996e-05 0.0 0.0003785816512622008 0.0006820601459837926 2.2736869246559583e-05 0.000390634873961159 0.0006696943352267334 1.2694914195197285e-05 1.8402282000629574e-06 0.0 0.0 1.2086100373176645e-07 9.835577398077076e-08 8.00441357037383e-08 0.0 0.0 7.751445096460825e-08 1.5594266751397694e-07 0.0 7.633641917311292e-08 0.0 7.494030624915522e-07 0.0 9.084295773032908e-05 4.573073141044051e-06 1.533909156757418e-05 0.0 0.0 0.0 2.7907855238272494e-06 0.0 8.390525214620404e-07 6.902299358645261e-08 0.0 0.0 0.0 0.0 0.0 0.0 3.465182814261207e-05 6.376407340287217e-07 0.0 8.226492285584762e-08 4.0333579625782773e-07 8.252130448028716e-08 0.0 8.284384803442211e-08 1.659440688466276e-06 3.2421191018489316e-06 4.9012911781886384e-06 1.3236449418349816e-05 5.451224996475526e-06 1.3861915527940575e-05 9.720284457610625e-08 1.032720388432872e-06 0.0 3.140232749039495e-06 6.310898791440274e-07 1.1895162827577307e-06 4.341072254047135e-07 2.1222470691059147e-07 5.910519536610061e-07 1.6083605713534882e-07 1.776369707404809e-06 2.3974905385435644e-06 1.0189263393530424e-07 1.6177547133266578e-05 7.489299776013467e-06 1.4935757960863754e-05 2.3002063987265837e-06 6.119355526352541e-07 1.8394402615744763e-07 2.404800652163328e-06 0.0 1.5197859811054451e-06 4.2624773941416665e-06 7.784515002988312e-08 6.373997124110257e-07 1.0149345069309418e-06 2.479218270321233e-07 8.723591976831117e-08 5.506569107857766e-07 2.8602945637610027e-07 4.507886074152504e-07 6.348511400610116e-08 9.320660209591363e-07 0.0 3.85090054510806e-07 3.6774033748546434e-06 0.0 0.0 3.2797719246001436e-07 1.1414877400646044e-05 0.0 1.4218738337557265e-06 5.243020011070555e-06 0.0 2.0235527612400145e-06 1.585913229697022e-05 0.0 8.799491227432173e-06 4.5526237912453345e-06 6.972568912433426e-06 1.0638928088573187e-06 2.3972164243497848e-05 1.7613662850424023e-05 1.4390847417698028e-05 1.0536796887967273e-05 5.289390500197724e-07 2.3809190375315936e-07 8.8390729087408e-08 2.6538778580180386e-07 0.0 0.0 0.0 0.0 0.0 0.0 1.3556127109282685e-07 4.777473433979493e-07 1.195928908640053e-06 0.0 0.0 0.0 1.72832156052165e-07 0.0 0.0 6.31108098279456e-06 0.0 0.0 0.0 0.0 1.8338062741333555e-05 2.3054025485672706e-06 2.0482655424396846e-05 7.718881887693591e-06 2.8806418894976478e-06 1.318626721471979e-07 0.0 7.65522554665767e-08 0.0 1.034200030378383e-06 0.0 0.0 9.338653644704937e-07 9.776959233248775e-07 0.0 0.0 0.0 9.290943241037013e-07 0.0 6.406458214819698e-07 6.958680425299176e-07 0.0 3.950255294559814e-07 5.770718759897842e-07 3.694494871256898e-07 1.7674581720884445e-07 8.159493793967046e-08 1.543517057165688e-05 2.008895803789977e-06 3.4960229050710677e-07 0.0 0.0 0.0 0.0 0.0 0.0 6.199267537246652e-07 1.6883836453805932e-05 7.302474089843565e-07 0.0 0.0 1.022983968780272e-07 1.204504680180495e-06 7.649004467468517e-07 7.370371578659423e-06 1.4243401764368101e-06 5.588313592990523e-07 5.308469585895926e-07 9.262055535913695e-07 0.0 0.0 0.0 0.0 0.0 1.5162665490635307e-07 0.0 0.0 0.0 1.222023554671032e-05 3.693020062903142e-05 3.439812332280343e-05
0.0009773245223538716 0.0018598571167094222 5.710938143898276e-05 0.0005480912399947351 0.0022012294571324507 0.0005825238269594512 0.0028792848794794977 1.1514742281466468e-05 0.0003785816512622008 0.0 0.00012764590869865548 0.0012772134675869552 0.004224718206782893 0.0005784114549105199 1.1374798255274512e-05 2.6975882461069194e-06 2.5892479480017717e-07 1.8509346113293222e-07 1.1264577766279099e-07 0.0 0.0 0.0 0.0 0.0 1.0815873541636415e-06 0.0 0.0 1.0000028995115112e-07 0.0 0.0 2.9790781016994792e-05 6.993229326860444e-07 1.7607764983817373e-05 0.0 0.0 0.0 1.8484276895893863e-05 6.337784830026045e-07 3.824775014847539e-06 2.9574708794269733e-07 2.63162365213535e-07 0.0 0.0 9.449048191660136e-08 0.0 4.5829000785765636e-07 1.6932062208369654e-05 3.588101113963154e-07 0.0 0.0 1.8167413453453563e-07 6.874302235338424e-07 8.508497696652045e-08 0.0 9.969236217881101e-07 2.447855668906163e-06 1.466562267232968e-05 1.3156244920415843e-05 3.694443942163264e-06 1.2455541091054422e-05 3.4251976817516883e-07 3.776947918255814e-07 0.0 3.1248275911745785e-06 5.609490386737122e-07 2.927827503993486e-07 9.214452010910407e-08 6.449855928905214e-08 2.8861075029555596e-07 1.4299102467872337e-07 4.663977515882986e-05 2.8726088569946227e-05 4.838699482458149e-07 1.489835221416054e-05 6.111781804496094e-06 1.0235557397785998e-05 3.3831809915122307e-06 2.1995602254681086e-06 0.0 2.1878752358023514e-06 0.0 1.3740712589890226e-07 1.6001915580045852e-06 7.193454423837559e-08 4.274875877684388e-07 7.993198000870972e-07 9.760690453752003e-08 5.364743884468408e-07 6.96828601396561e-08 7.731539898952846e-07 2.9460349176027297e-07 3.438490335535793e-07 2.792854568709714e-07 1.2833711379589842e-07 0.0 0.00011246887863255591 5.7748838153765566e-05 2.8451076418450316e-06 1.0221400016538013e-05 0.0001503524191517569 3.3509125422696554e-06 4.271135984759507e-05 6.120868589306245e-05 2.095039630396316e-05 8.418444166661822e-06 0.00021171231009573934 2.4960727625935173e-05 9.416649601470578e-05 6.768211185736974e-05 9.745741632951363e-05 8.19315890904959e-06 0.00025719451246125684 0.00027481470456413714 0.00023152932730340518 7.219526777953784e-05 3.7871326366797464e-06 3.550194259480542e-06 1.029988198205267e-07 2.752128378907243e-07 0.0 0.0 0.0 0.0 0.0 0.0 0.0 0.0 4.05241087323259e-06 8.833561994874233e-08 7.451538255503945e-07 1.7876789740546385e-07 2.2642699046770638e-07 3.989952839418234e-07 2.1613130732982975e-07 3.0228628271341726e-05 1.3072101338247075e-06 8.884164868062594e-08 1.32265058984767e-06 2.461467510044226e-07 0.00010890433498621392 1.2343037451510187e-05 0.00010409343185220128 2.992623420406608e-05 1.4841936496260308e-05 5.714923065423174e-07 0.0 9.486195300841588e-08 6.322338457801781e-07 3.8774720187177135e-06 2.475026116428896e-07 1.2350628662100014e-07 8.247235217197036e-06 4.274990060369508e-06 1.7214344387074654e-07 0.0 4.765510543198207e-07 1.383963877414302e-06 4.128684000110097e-07 4.6492531513364e-07 2.1416869435586283e-06 0.0 8.11106346047981e-06 8.350300707629986e-06 5.781493710632744e-07 1.8300418615951173e-06 4.471518908294034e-07 7.550717321422846e-05 1.5153060078901991e-05 1.2215203054479277e-06 1.5100537967894784e-06 0.0 3.6976348812747814e-07 0.0 0.0 3.97810196942047e-07 3.3951622335758716e-07 9.099626388973094e-05 5.9968810805301275e-06 0.0 0.0 0.0 8.886953665831246e-06 2.787870174642341e-06 3.576668418766693e-05 7.38839903469506e-06 8.998568161140623e-06 4.790241779628441e-06 2.540576841709043e-06 2.823848861712545e-06 2.316100583156092e-07 0.0 0.0 0.0 1.6686523576509107e-07 0.0 4.0243266324792973e-07 2.3268795701778624e-07 0.00010082563175903428 0.00020396955528525362 0.0001608940546298398
0.0007883744773848697 0.0008641433591988351 0.0013610621365038246 9.488372971603278e-06 0.0005179376639564303 1.0433980171034465e-05 3.554452850654748e-05 0.0013488115298502168 0.0006820601459837926 0.00012764590869865548 0.0 0.00014994469879236452 0.0011442146166311294 0.001375123149285137 8.984577459188276e-05 4.263794399160483e-05 3.604387260551788e-06 5.423012495795512e-07 4.5648248118935874e-07 3.1050762978378414e-06 1.2831968450098932e-05 5.218413424025499e-06 1.7685807574625086e-07 5.015384899122117e-07 6.238626349723096e-05 5.02154059599315e-06 8.693456837898795e-06 1.2046683433193034e-06 1.0255236303358775e-05 3.085454862355092e-06 0.0008703293806654718 0.0002548227818649084 0.0008388991516011854 3.347260078635859e-07 3.204044138782795e-06 3.088529744396218e-05 0.00011419159913178484 9.335951476710814e-05 3.868283272325001e-05 8.335133304754978e-05 5.727504470169314e-06 1.1558222612262121e-07 7.732278926491131e-07 2.4391170304259663e-06 1.258479965043845e-07 4.2472403614477554e-07 0.00014436849098023964 3.178049837607966e-06 1.3658729908540578e-06 2.429100381881438e-06 1.4476499758369364e-05 1.1120455646848926e-05 1.0088237477556632e-05 3.4247695588855413e-06 1.0590382295164846e-05 1.292797844473449e-05 4.070302985381592e-05 0.00020459356649036114 2.4978554777088052e-05 7.109755947903087e-05 1.1225436233759818e-06 0.00023885756145708529 9.66974351101533e-08 8.668440252021468e-05 2.085792332409862e-06 4.6071998414696335e-06 7.64102934517666e-06 1.1834169318984764e-05 1.9595455247757414e-05 1.2732177295099211e-05 0.00010101831726566022 1.076100038752358e-05 2.839095465382581e-06 0.00011073061844546787 6.228635352058079e-05 8.6096277327925e-05 3.963366376808479e-05 2.9851457406139257e-05 1.8503656038052098e-05 0.000437615598363414 6.909175145681253e-07 0.00015066965498312953 1.6520307486255795e-05 5.557597836956632e-07 3.0684206259347804e-06 7.048833546521027e-06 4.192910292497757e-06 8.740949834991784e-07 2.27375323255548e-06 3.989272785901524e-06 6.2830697711878005e-06 2.5897755625746664e-06 3.9611577195277865e-05 7.596104941522388e-06 3.856625758161587e-06 6.259110951234912e-05 2.030972371581717e-05 6.454220647884114e-07 1.5995810087948486e-05 0.000261748474231837 9.887532040325437e-07 6.5365039607264375e-06 2.0247592455364422e-05 1.3443021946882576e-06 2.5346195587480142e-06 5.598261425055594e-05 1.778636209652582e-06 2.8536494167917144e-05 1.5506512904144978e-05 1.0855797909229411e-05 7.207697894108221e-06 8.580388059583767e-05 6.815731820336701e-05 7.766048406129213e-05 3.0672072517519584e-05 2.6887299897772303e-06 2.3856688625111016e-06 0.0 0.0 0.0 0.0 0.0 5.048517727491484e-07 0.0 5.088173084858381e-07 2.596879366643809e-06 0.0 5.7283303718710065e-06 7.538303494460861e-07 1.1467077006803237e-06 1.1793094587517387e-06 2.2613658626245497e-06 3.91986973996679e-06 2.141986148528002e-06 8.678262529024934e-06 4.992737348790279e-07 0.0 1.311050843243095e-06 6.689537057027805e-07 5.5598604881444e-05 4.1443043031234655e-06 4.8560257619267637e-05 2.1725522313039563e-05 1.4208887608048869e-05 5.829067046421915e-07 3.9439012390703766e-07 1.2168147579824593e-07 1.0507474297815004e-07 2.2269791755621452e-06 4.228376470660446e-07 1.965385516004929e-07 2.3512440629481627e-06 4.1870174629559545e-06 1.4537088576676243e-07 5.212291670668288e-07 4.075989335074643e-07 1.0127075669294786e-05 4.563126922940811e-06 4.4312080137062886e-07 5.03801940063613e-07 0.0 3.0884869265804433e-06 2.871158406802749e-06 5.749714420654603e-07 2.7072390964778914e-06 6.343246755534173e-07 2.7826699022598873e-05 6.596063066961367e-06 0.0 3.4401706472886277e-07 0.0 0.0 0.0 9.259814346160834e-08 0.0 7.147346591931536e-07 5.049119333284768e-05 6.345784286151478e-06 4.79398350602281e-07 0.0 1.7065964510267614e-06 3.5164978382935424e-06 1.7031710036481395e-06 2.2611854815172782e-05 4.2732200435232935e-06 6.560698055840934e-06 1.8022589268920347e-06 2.231718268441909e-06 1.6689674091931172e-06 0.0 0.0 7.874278152548671e-08 0.0 6.13141058823261e-08 1.7020679472675308e-07 1.7889605946605116e-06 8.06173492599348e-08 4.502212513959668e-05 0.00011773924090427001 9.916449498965059e-05
