0.0 0.0019358781924942014 0.0006265337845339615 0.00128192632020715 1.4890189349051976e-05 0.0001960879955827167 0.00012132798039895214 4.315613087996838e-05 8.400223085098416e-06 0.0006569023084695715 1.5184988607959312e-05 2.602346444807587e-05 8.871582546509418e-05 5.563442418622228e-05 3.428175637478728e-06 1.959680009230326e-06 2.2347261167176677e-07 7.300134611932752e-08 0.0 2.349718259691046e-07 1.2080964308397155e-07 8.038241831887983e-07 0.0 0.0 9.16017583726132e-08 1.5548649963773103e-07 0.0 4.6699076374222235e-07 1.1942617440713988e-07 0.0 0.0006037960303828385 1.875980841392905e-05 1.2746224269763269e-05 0.0 0.0 1.006100151550777e-06 5.136916324277513e-06 2.4842282186020976e-06 2.686213731212654e-06 3.5806994430327516e-07 5.729931553435741e-07 1.664369685389746e-07 1.7782915657959847e-07 0.0 0.0 1.1912747914792326e-07 4.405950271169746e-06 7.593830789993142e-07 2.7731542515404774e-07 8.387255852546034e-08 7.049721587333668e-07 2.674490262551955e-06 1.2834051826967598e-06 1.0358264323192753e-07 6.542894707520753e-06 2.039589341215067e-06 0.00013784871621313943 0.0005263576029133432 1.4511669802381587e-05 8.988039353704981e-06 0.0 5.947138284375616e-06 0.0 7.447749220334965e-05 2.3218013748340704e-06 2.515975810764195e-06 8.935552064448724e-07 4.7030200356304253e-07 6.805326838978556e-08 3.2347134269314895e-07 1.058086030946499e-05 0.00011802049725797237 3.355752576701105e-06 3.0568854972524516e-05 2.0911012340449148e-05 3.292027662671374e-05 4.611650488132445e-05 1.1004794567351461e-06 6.305312127998725e-06 3.465726218900943e-05 0.0 3.55020409301205e-06 5.451679805755736e-06 7.870724136898119e-07 1.221211648445856e-06 2.131180903560721e-06 2.0218811133470485e-07 2.150183811402504e-06 9.751389694565796e-07 1.9295251168362595e-06 1.0450830971600318e-07 6.189222913487263e-07 0.0 7.718730198659435e-07 1.0571099718656756e-06 0.00011513455843431204 9.690486333889303e-05 2.8624994445587993e-06 4.315417302151925e-06 0.0007337067731919615 5.037835608352756e-07 5.025102884420434e-06 5.019852541948794e-06 0.0 3.835157798101807e-06 3.3158231241848807e-06 3.284685818098786e-05 6.016095167648053e-06 1.0254650591104207e-05 2.2419162250768325e-05 2.8135724553547037e-06 6.987826218451373e-06 1.0884375931128864e-05 3.678409658043119e-06 2.6336174882953794e-06 0.0 0.0 0.0 7.625402429358769e-08 0.0 0.0 0.0 0.0 0.0 0.0 0.0 0.0 1.4727596579648194e-06 0.0 0.0 0.0 8.193106263244715e-08 0.0 0.0 8.913049648400259e-07 2.7770888348735373e-07 0.0 0.0 1.1881010378905821e-07 3.5123146727498906e-07 1.0877571792176525e-06 1.3529864750856253e-06 1.5086510354363088e-06 1.1996939321889001e-06 0.0 0.0 0.0 0.0 6.510450751756144e-07 3.7308414427140185e-07 0.0 1.2551842570907058e-07 0.0 0.0 0.0 0.0 7.725810818226307e-07 2.77464021620048e-07 8.800537917536369e-08 0.0 7.915240945568752e-08 1.9944122830248444e-07 0.0 1.0036911640367618e-06 3.3616008570507065e-07 4.994313305361349e-07 2.7602679059158468e-06 7.643076435610318e-07 9.123640753338548e-08 0.0 0.0 0.0 0.0 0.0 0.0 1.3292665742258178e-07 1.4982905211160763e-06 6.600568956179869e-07 0.0 0.0 0.0 1.1364851799412969e-06 3.1365333736417166e-06 2.957026513523928e-06 9.184446573964784e-08 0.0 1.8693208326857314e-07 0.0 0.0 0.0 0.0 0.0 0.0 0.0 0.0 0.0 0.0 4.017048752521018e-06 5.350499249813983e-07 1.040511736714392e-06
0.0019358781924942014 0.0 0.002473172227861804 0.0008507395286670887 0.000982642814497332 0.00017709621518747452 0.001267299810794591 0.0004317054611313909 0.001439115118663214 0.0019227858403024678 0.0007663697366517563 0.00011356052084863914 0.0007981910573212835 0.0004710293703138203 4.1611856003587496e-05 1.697078970774237e-05 2.2963293528321113e-06 6.096027616838405e-07 3.643438490929343e-07 6.041018275387679e-07 2.0484360861758513e-07 1.432300693334652e-06 3.7910030677591786e-07 7.167885387625164e-07 1.5799677137408944e-06 1.5414709049144484e-06 2.7040470249099276e-07 1.6099237981666948e-06 1.0123231635502473e-07 2.838227147298384e-07 0.0017706370055070812 0.0001944969748866225 3.060268051614545e-05 1.4449902573858664e-07 3.3366035296882256e-07 3.2623020358228234e-06 8.556876357269492e-06 5.482404074341737e-06 3.5418802336211323e-06 9.096438906360753e-07 1.3472190991326934e-06 1.8188067279453877e-06 3.354981067622918e-07 6.476007279988516e-07 2.887856701571988e-07 2.389077485861174e-07 0.00010308816743835023 1.0051006037586188e-05 1.3977276371101735e-06 1.1850488738158838e-06 7.819261941401963e-06 2.486994527074601e-06 1.1672762263897569e-06 1.8214095156702827e-06 1.5034930301879116e-05 1.489165095038999e-05 9.153268160013521e-05 0.0004068279217304958 3.0945367497378777e-05 5.715703408334118e-05 0.0 8.46979326143048e-06 7.136750704206426e-08 0.00036867630256444406 1.5590742231766955e-05 1.1087014589231091e-05 1.4542719493676112e-06 3.4406784995240106e-06 5.444532355919642e-07 9.052359111866746e-07 2.1409140862140218e-05 2.1240159201685018e-05 2.836958845395507e-07 9.7552700561146e-05 7.687134030017072e-05 0.00018024532659192906 0.00021987575589323423 2.2227436794535633e-05 1.7458609038803454e-05 0.0001286473714626478 2.0419735694448857e-06 1.4632560355685205e-05 3.0874456668695544e-05 3.2105499494036893e-07 7.454365311592152e-06 6.142971499179386e-06 2.2996734458705808e-06 1.2199924167423985e-07 1.207657902689926e-06 8.95424899249118e-07 1.862115869338344e-06 1.8463425282881825e-06 7.940516087006741e-07 1.9529283643859425e-06 3.454754222465909e-06 3.5053842725117904e-05 2.7326895058620146e-05 3.3193222247834e-07 8.685899747311597e-06 0.0006054762213614669 3.4263564065646173e-06 2.8921547491007957e-06 1.3501648227418327e-05 1.4323353050903598e-07 2.500367216197607e-05 2.116169337323601e-05 1.997090580743567e-05 1.7134222027672085e-05 1.593613754794657e-05 5.8862836817871534e-05 1.0379523266498218e-05 3.0655036526459514e-05 3.79278840023186e-05 1.6608222232477074e-05 1.3050194456046512e-05 0.0 0.0 0.0 0.0 0.0 0.0 0.0 0.0 0.0 0.0 0.0 0.0 2.8005787690327788e-06 0.0 5.823744259986633e-07 0.0 6.781683236543217e-08 1.208638782610681e-07 9.105617485124119e-08 6.884136880872233e-06 7.668771390160605e-06 0.0 8.524173762481783e-08 7.701069527017673e-07 6.2072249336706385e-06 8.01071255909871e-06 8.488996374754214e-06 4.622125305097334e-06 1.7399867171207268e-06 0.0 0.0 0.0 0.0 1.2640425140705064e-07 1.8684408648992984e-07 0.0 7.945848941015791e-07 6.620750276679432e-07 3.3228238117916914e-07 1.1877318613576294e-07 0.0 3.8538024416633627e-07 8.192455254784395e-08 8.05192302506941e-08 0.0 0.0 1.2535632110866737e-06 2.743332054749096e-06 6.630837705178807e-07 5.634868479740986e-07 2.611818749504404e-07 1.8117568600849547e-05 4.349184784902038e-06 1.847736059063578e-07 3.347926767897198e-07 0.0 0.0 0.0 1.863497101993273e-07 0.0 0.0 1.3906964056770858e-05 2.324464080958399e-06 1.00954886595782e-07 0.0 0.0 9.357289989820912e-06 2.9616435319063966e-06 1.4955286124825047e-05 1.0607879600394129e-06 3.5257528674156005e-06 1.7877546026478516e-06 0.0 8.994010294995703e-08 0.0 0.0 0.0 0.0 0.0 1.4544560252124012e-07 1.34590135436008e-07 0.0 8.52404068424071e-06 3.4272264869416966e-06 6.329472624163987e-06
0.0006265337845339615 0.002473172227861804 0.0 0.00016473899891525717 0.0008225615865817371 2.983021133440852e-05 0.00029707437775818176 0.003173596031501641 0.0003573917090270692 0.00013245988048425706 0.0013679919433532833 7.597561308959572e-05 0.00027690035753822316 0.0013172726566487894 3.900744111856632e-05 3.569575475136158e-05 9.570874947575205e-07 1.177489646571205e-06 8.325228372036301e-08 1.5415513376502477e-06 6.849671928154604e-07 2.532896755118258e-06 1.1353032502074e-06 2.6061698419515177e-06 4.4616302910859676e-06 3.879575249372098e-06 1.0269452968757834e-06 2.753150822887629e-06 4.917971383279671e-07 3.5897870669468266e-07 0.0025010125358571776 0.0007341932627712782 0.0001372577268722322 5.631461283136467e-07 1.4548253764345651e-06 9.179775052548435e-06 2.4690810743212927e-05 1.6116808018722972e-05 1.0033721722203956e-05 2.172777444334068e-06 7.059533758042993e-06 6.505146983500753e-06 1.4556088051399277e-06 9.129414930524768e-07 5.483630363489325e-07 9.628200260357974e-08 5.84560500587771e-05 4.370209481621265e-06 1.9402758402704706e-06 1.264702635484673e-06 2.974582534682249e-06 8.917362195133595e-06 3.7089000643591432e-06 2.3295829989134967e-06 5.159741094327358e-06 4.703557944472452e-06 5.775618811847612e-05 0.00031539299271332767 1.3036701950505048e-05 2.2896708522751268e-05 8.737620104347009e-07 3.520797402079318e-05 1.8397819352110877e-07 0.0002888259680758453 4.762455378634172e-06 3.5380519894338882e-06 8.538502004501414e-07 1.7654957557665325e-06 7.637179684827589e-07 2.9576868911489385e-06 3.469165032505793e-05 1.5130679403398057e-05 3.900298595556099e-07 3.7791790701158274e-05 3.6597695587302434e-05 9.322532331354823e-05 0.00013660354297548714 3.619609800616384e-05 0.00015140959804663752 0.0008382965524184097 2.6806835366247093e-06 8.204023099814427e-05 1.1009067960409595e-05 3.351646483500512e-07 3.5731003400641353e-06 1.347889183654871e-06 1.04715710646567e-06 0.0 6.881930329039102e-07 1.3840868553662622e-06 1.4017470902849976e-06 2.6248487245984643e-06 2.262194865518239e-06 3.8697445150226e-06 6.754318946067955e-06 3.265278085479023e-05 2.0694368609545e-05 3.488552281650951e-06 9.268248395005665e-06 0.0003976429598932337 6.883328890863779e-07 3.615950095415488e-07 1.1803332020305928e-05 1.8440718946294185e-07 1.6125820689319507e-05 7.640166812108966e-06 2.4710413376585597e-06 1.2018609268147544e-05 1.0994576657657282e-05 2.879602743486625e-05 9.5211550848024e-06 1.7278967720399826e-05 2.030110949181537e-05 8.492106937432208e-06 1.2520565492489315e-05 2.245220163470923e-07 0.0 4.2721420504659367e-07 1.374323696626621e-07 0.0 0.0 9.509842496812332e-08 1.1615489765486316e-07 0.0 0.0 3.792352774834463e-07 0.0 2.251700591669008e-06 1.0265524150168744e-07 7.788007048514037e-07 9.62752287382677e-07 8.540659823867599e-07 3.720740563145383e-07 6.851302127873301e-08 4.145043013482248e-06 8.60121409785272e-06 0.0 8.803648550090051e-08 3.604061038851516e-07 3.947319364441891e-06 6.26264740345985e-06 1.0050865773795561e-05 4.415895170741722e-06 3.442347456955694e-06 8.271821804098123e-07 7.504346882095198e-08 0.0 0.0 1.0325981756967373e-07 1.451102225276765e-07 5.078271851739524e-07 1.5815123797988264e-07 4.3518393446861514e-07 8.855652363662491e-08 6.522748406385058e-08 0.0 1.5406903585810708e-06 1.5276024157837684e-06 6.922256227074143e-08 0.0 0.0 1.9905008751271328e-07 2.115249422190655e-06 7.616685088342649e-07 2.9181123488800874e-07 6.201356826095568e-07 1.3945085208094618e-05 4.4705887614432475e-06 9.334416679462258e-08 2.8672384251255375e-07 0.0 7.975915166989243e-08 0.0 1.4732605618089468e-07 0.0 0.0 9.77055057968422e-06 1.9992466264319633e-06 7.800583681813199e-08 0.0 2.1246331909014644e-07 7.4423024217941375e-06 2.6817916426979635e-06 1.2473958608928589e-05 9.53915505529903e-07 1.087350007781269e-06 1.284405854905141e-06 9.399469194812192e-08 3.736231769473548e-07 0.0 0.0 0.0 0.0 0.0 8.664104479012954e-08 0.0 0.0 7.076695581350347e-06 4.514907222160538e-06 6.724539454965733e-06
0.00128192632020715 0.0008507395286670887 0.00016473899891525717 0.0 4.033684528383784e-06 0.00012359460637277134 0.00030508449846441 1.5529753890029902e-06 2.6631943958131848e-05 0.0010073513426512425 4.309441259936243e-06 3.393106452248561e-05 0.0002653931120790906 3.0027434615318333e-05 1.6814339331267105e-06 0.0 0.0 0.0 0.0 8.07702411782333e-08 0.0 0.0 0.0 0.0 0.0 0.0 0.0 1.295769568604343e-07 0.0 0.0 0.0002269231235259784 9.707225734809841e-06 2.590350085977947e-07 0.0 0.0 8.330755538677919e-08 5.048354228055051e-07 8.66415397428945e-08 2.767097310751098e-07 0.0 0.0 1.7044326761619665e-07 0.0 8.293069835150861e-08 0.0 0.0 5.201222025780749e-06 1.2826176313260142e-06 0.0 7.936477330674081e-08 9.959493399826143e-07 5.894496826067514e-07 2.4818706479459053e-07 7.06281990084714e-08 3.126545704327872e-06 3.06293871308555e-06 3.222671930156574e-05 0.00015454052342493962 5.695526513294572e-06 9.332412272161324e-06 0.0 6.28512041931407e-07 0.0 5.1149315758321794e-05 3.3032386124022944e-06 1.1110924843101342e-06 3.3351847039150513e-07 3.728701732796057e-07 1.5208573159618303e-07 0.0 1.5410969477200835e-06 7.888758154322007e-06 3.559684098009296e-07 2.427625959021826e-05 1.3912357603634853e-05 2.3255538405883977e-05 3.543853224232029e-05 3.497215934849502e-07 4.208946248511856e-07 9.423244047074858e-07 1.6297768543465616e-07 2.870469010937557e-07 6.010939541666712e-06 0.0 1.1693550338257282e-06 9.224384254342859e-07 7.250458823247922e-08 1.111910571354994e-07 2.2982209866012813e-07 5.614303774652628e-07 1.57200643345372e-07 0.0 0.0 4.0172820790774127e-07 2.19166726420351e-07 1.466450809509952e-05 7.206180779791123e-06 5.466345564800276e-07 5.437325901890987e-07 0.00013279154998580776 2.452169988261713e-07 1.7223034174031424e-06 1.5798091017601197e-07 0.0 5.547182065596309e-07 2.5107070269348286e-06 9.572969447925312e-06 2.513147854469068e-06 2.935554519256511e-06 8.593421712917886e-06 1.4105245069208398e-06 1.9539332931881023e-06 4.666674937870749e-06 1.1786278341266242e-06 5.650329639524829e-07 0.0 0.0 0.0 0.0 0.0 0.0 0.0 0.0 0.0 0.0 0.0 0.0 7.551250935296031e-07 0.0 0.0 0.0 0.0 0.0 0.0 5.484436379509693e-07 5.835567400488255e-07 0.0 0.0 1.0217693079553938e-07 9.919157369816857e-08 1.989790239416068e-07 8.478706819191562e-08 0.0 4.1011485642412983e-07 0.0 0.0 0.0 0.0 0.0 0.0 0.0 0.0 0.0 0.0 0.0 0.0 0.0 0.0 0.0 0.0 0.0 0.0 0.0 0.0 0.0 1.0776108105784271e-07 7.149387139445548e-07 0.0 0.0 0.0 0.0 0.0 0.0 0.0 0.0 0.0 6.057442263873788e-07 0.0 8.500243669740114e-08 0.0 0.0 1.2611741172229917e-07 0.0 3.92300632965743e-07 0.0 0.0 0.0 0.0 0.0 0.0 0.0 0.0 0.0 6.617569710211546e-08 0.0 0.0 0.0 2.1291018573828275e-06 2.8743981206753335e-07 1.809763923459926e-07
1.4890189349051976e-05 0.000982642814497332 0.0008225615865817371 4.033684528383784e-06 0.0 4.239426383102264e-06 0.001441611439789043 0.00014918061528610625 0.002221288589696653 0.00018688324595898708 0.0016545803101026839 7.578511608283386e-05 0.0002288924318397003 0.0002822460919359982 2.1920408399930976e-05 7.5490299832489244e-06 4.927896933110022e-07 1.4945554095702837e-07 0.0 4.3359465860912295e-07 7.152241561156169e-08 0.0 0.0 1.945703690272561e-07 1.6438471386310184e-07 0.0 0.0 5.07721038186268e-07 8.480745442285994e-08 1.8190918032691065e-07 8.970010665466635e-05 5.62047730651533e-05 4.381414082563954e-06 0.0 1.6166475626129746e-07 0.0 2.179519364812364e-06 4.881788880414784e-07 1.86395903849736e-07 6.424850825549757e-08 2.421463642788779e-07 1.814270497500115e-07 7.248726488570423e-08 8.35115923854331e-08 1.7812052071491933e-07 3.3853426930524646e-07 4.1407480329136917e-05 2.5307906786964227e-06 8.033526038402546e-07 1.2820929755721403e-07 1.6314843656871516e-06 1.924352068517592e-07 0.0 2.900017982156711e-07 1.448539511256914e-06 1.8587994645398474e-06 7.633771323628328e-06 1.4588233544823617e-05 6.3066992942638595e-06 1.3241089864846364e-05 0.0 4.131248447002765e-07 0.0 5.7637280706973464e-05 3.1838588587415377e-06 2.193123036744848e-06 2.714467760424227e-07 1.4001818283690685e-06 5.741795862361463e-07 0.0 2.684618271355086e-06 3.6766387578107668e-06 7.872869495100578e-08 1.5971109629267212e-05 8.679625091358335e-06 4.937388051252586e-05 5.6798043556009874e-05 1.0044460438666389e-05 1.0173787100825045e-06 3.1650079945661888e-06 4.956845788659049e-07 5.007947856523395e-07 5.738919330819682e-06 0.0 1.5406282449205498e-06 1.1242648136423814e-06 3.620160280094048e-07 0.0 4.681910358432935e-07 4.5113345541122187e-07 2.739764446864927e-07 2.8871492102667244e-07 0.0 6.037684098873432e-07 4.3459351404970783e-07 6.520682753046688e-06 4.465527467635942e-06 0.0 1.5707824327347976e-06 2.570086766362658e-06 1.6187011915106423e-06 1.6136540999362053e-06 1.0041061085607446e-05 1.1435944194239332e-07 1.3305277330868498e-05 6.239379126617696e-06 8.494320261383767e-06 1.0542916496805444e-05 1.0251761091799981e-05 2.845690176105954e-05 7.88653646275724e-06 1.4250814462327653e-05 1.926526843218615e-05 9.440588828216054e-06 9.374727711445421e-06 1.389443280772876e-07 0.0 0.0 0.0 0.0 0.0 0.0 0.0 0.0 0.0 0.0 0.0 1.024994356119419e-06 0.0 8.970752173419688e-08 0.0 1.1550102429148289e-07 1.56516653561985e-07 0.0 5.947619296941563e-06 5.240917342347234e-06 0.0 0.0 0.0 2.6480949440162194e-06 2.5881507022254477e-06 3.9418614213116895e-06 2.226624537702024e-06 1.1456242440050908e-06 0.0 0.0 0.0 0.0 0.0 0.0 0.0 2.5786249461237946e-07 2.1780495996652115e-07 2.269864793316039e-07 8.407568714021613e-08 0.0 0.0 7.840253272481855e-08 0.0 0.0 0.0 2.2848501579183747e-07 7.505518347945346e-07 0.0 2.3535975247739008e-07 0.0 7.315883374210901e-06 1.8985558175167164e-06 1.9793045195152115e-07 8.071258791557145e-08 0.0 0.0 0.0 0.0 0.0 0.0 5.454974158952809e-06 2.8600485665719437e-07 0.0 0.0 8.702365492342156e-08 4.34962172920298e-06 1.0758973073978933e-06 6.423794852560091e-06 1.4221490607271964e-07 2.672397241237168e-07 4.702128945964215e-07 1.1052966049009117e-07 2.3323900216181513e-07 0.0 0.0 0.0 0.0 0.0 7.001334539189423e-08 0.0 0.0 3.7762607133185096e-06 1.5214496055552968e-06 3.166734162714532e-06
0.0001960879955827167 0.00017709621518747452 2.983021133440852e-05 0.00012359460637277134 4.239426383102264e-06 0.0 4.731911238499087e-05 2.83359825587253e-06 1.367655697634927e-05 0.0004042363279039181 2.942050360865996e-06 0.00010791576744595542 0.00010154835605182711 1.9127527957338765e-05 5.229328291211562e-07 0.0 0.0 1.259741549231872e-07 0.0 9.480074290633155e-08 0.0 2.1515462300293893e-06 0.0 0.0 0.0 0.0 0.0 2.8918631986303165e-07 0.0 0.0 7.44591316393833e-05 1.0067410047449516e-06 8.85856207450845e-06 0.0 0.0 4.046525751785168e-07 7.103849132584219e-06 1.499027249572317e-06 3.8136591171458958e-06 9.176996079108119e-08 3.2592384528966877e-07 0.0 0.0 0.0 0.0 0.0 1.3335195810530107e-06 1.1728484570248838e-07 0.0 0.0 0.0 9.089800366957631e-06 2.542814356589501e-06 0.0 3.820296293973169e-07 1.1288613759182206e-06 6.737940262646467e-05 6.038262869851143e-05 2.2943276765058483e-06 2.488618076957326e-07 0.0 3.236381237237353e-06 0.0 4.892048750457483e-06 1.927143252733766e-07 2.5571709564910757e-07 1.0847166436214447e-06 1.8090579461278256e-07 0.0 0.0 1.9240529010152072e-05 0.0001617892070331316 1.0094248226427477e-05 1.457628992699602e-06 1.2796057622293608e-06 2.2388301194706998e-06 2.4481707873894384e-06 0.0 8.892253945944986e-07 1.364537449796235e-06 0.0 8.122662605918931e-07 1.320215809735301e-07 1.4903342369403413e-06 2.090111225448281e-07 5.152268221782738e-06 1.3898917662077026e-07 6.5951677462824834e-06 1.6153238725842073e-06 5.504434678122706e-06 5.386972027918109e-07 1.2727165438082012e-06 1.4262646220830356e-07 0.0 1.963785188224048e-06 8.245731823670007e-05 0.00012445173369041637 1.2458597243268118e-05 1.3710765636702205e-05 0.0004298141555508421 1.0001451128012518e-07 5.447032612723524e-06 4.810542322359564e-06 3.9181187584476654e-07 8.623958895181687e-06 4.326429919651531e-06 3.9116270773528934e-05 5.696780106365868e-06 1.2400943112983158e-05 3.2514259099914776e-05 8.630553692406334e-06 1.4139300224328499e-05 2.753887592686983e-05 7.815324306830677e-06 2.8692373297163165e-06 0.0 0.0 0.0 0.0 0.0 0.0 0.0 0.0 0.0 0.0 0.0 0.0 1.3379350022628078e-07 0.0 0.0 0.0 1.3100976941644961e-07 0.0 0.0 1.2226915979740202e-07 1.0144553967699699e-06 0.0 0.0 0.0 5.868741813366424e-07 7.62714757457842e-08 1.0996958358716519e-07 1.9837041255284235e-07 7.961195271758153e-08 0.0 0.0 0.0 0.0 0.0 0.0 0.0 0.0 0.0 5.978832002384986e-08 0.0 0.0 1.002968323372809e-07 0.0 0.0 0.0 2.258713565750338e-07 0.0 0.0 3.0260776183339e-07 0.0 0.0 6.17984204461736e-07 0.0 0.0 0.0 8.80484575348398e-08 0.0 0.0 0.0 0.0 1.200155641597012e-07 4.562907729664239e-06 3.092650977956337e-07 0.0 0.0 0.0 2.0031773724253519e-07 0.0 4.856311157721567e-07 4.213990399484571e-07 0.0 0.0 0.0 0.0 0.0 0.0 0.0 0.0 1.9201661074096484e-07 1.0944233660999289e-07 0.0 1.4152674704015924e-07 1.5236213785133752e-05 2.2556146956035449e-07 3.487290093870466e-07
0.00012132798039895214 0.001267299810794591 0.00029707437775818176 0.00030508449846441 0.001441611439789043 4.731911238499087e-05 0.0 6.707893762578746e-06 0.002007838614196845 0.002578896440281374 0.00027336866191853253 0.00039299348608956585 0.003905470717981186 0.0008079612142330073 2.5799819505497278e-05 9.838479294666438e-06 6.795551987707713e-07 3.5905435294609577e-07 0.0 4.6597996538256674e-07 1.7024084358125924e-07 2.1954110869179663e-07 1.0027222445039986e-07 1.5380286248933508e-07 8.065073628886766e-08 3.0068517895897344e-07 1.659622797224715e-07 2.1285807594658888e-07 2.973682675617638e-07 0.0 0.00021545458281988633 6.733509695299764e-05 6.399640505455061e-06 6.047504776947339e-07 1.9803994132611276e-07 2.0032369414463627e-07 4.563511053792879e-06 6.950803646815886e-07 1.7905060683603786e-07 3.0588646870011545e-07 3.642112017519145e-07 2.54009991916677e-07 0.0 1.4576346700989653e-07 7.558976856808987e-08 8.859295216012883e-08 5.573094298587458e-05 4.094549918031036e-06 5.509894595240994e-07 6.417634414236064e-08 2.464429228733089e-06 0.0 1.6259554113926067e-07 2.660926448874489e-07 5.062102234036783e-06 5.61313600056781e-06 2.0427422532162293e-05 6.377633323421229e-05 1.2560137297960526e-05 2.450951538583624e-05 1.9316842405485566e-07 6.388685034619405e-07 2.1932520447273019e-07 0.00010962647048653902 5.870669316653623e-06 3.1893846802762287e-06 4.53835105583695e-07 9.456215762238333e-07 6.688689822392741e-07 0.0 1.3357831374695325e-05 6.897765207275387e-06 1.032581871370361e-07 3.425010288188027e-05 2.2898215223020642e-05 6.82985112833758e-05 8.599418834298379e-05 1.1664314485803215e-05 4.034885569117384e-07 7.684393170851151e-07 1.584563967399127e-07 6.879227188185361e-07 1.2292879639077793e-05 3.5559203024950295e-07 4.061171468154213e-06 2.30019325691033e-06 8.462142846417567e-07 1.0266238046745081e-07 3.3866819770048156e-07 4.0967380692672565e-07 6.954991121896993e-07 4.3608124889371696e-07 0.0 1.1378892561220743e-06 3.303569683395316e-07 5.472644066995464e-05 1.4266629140668153e-05 1.1662737374135794e-07 7.19372536915857e-06 2.2934949732146898e-05 7.650144366917485e-06 9.024175767732995e-06 0.0002840004365282517 6.791944091833068e-05 4.310547662789688e-05 0.00019143443499482899 3.4658813091472196e-05 0.0004795701633556803 0.00027326853525677885 0.00019191384926513087 2.588710463523199e-05 8.938609153594583e-05 7.0787730419325e-05 2.6329437160839543e-05 2.115406551642324e-05 2.6429916316306526e-07 1.7400395198462917e-07 0.0 0.0 0.0 0.0 0.0 0.0 0.0 0.0 0.0 0.0 3.0306141399278585e-06 0.0 0.0 0.0 0.0 2.607530187599764e-07 9.393353325528909e-08 1.892890368060126e-05 1.2895762135922549e-05 0.0 0.0 1.7155464037770016e-07 7.1721643940299536e-06 7.670702591036107e-06 8.782876943099981e-06 3.3204541293501907e-06 2.3252500193654283e-06 7.976733294794921e-08 0.0 0.0 4.5875436541636657e-07 0.0 8.652228524139816e-08 0.0 2.19296896086059e-06 2.1168936319840883e-06 2.3375027672211216e-07 3.573193105858244e-07 0.0 1.173808665388983e-07 2.496272026515278e-07 1.0110371889221728e-06 1.3924519938177813e-06 1.5327106194672487e-07 3.890023055891155e-06 9.142068007822742e-06 1.4961754889606804e-06 2.985841102945244e-07 8.118909815824964e-07 1.7352601849071772e-05 1.0648096486538423e-05 1.019448352157863e-06 5.902053124356419e-07 0.0 1.1817532395645951e-07 7.110500738740337e-08 0.0 0.0 1.9185118005798092e-07 1.8344255162097454e-05 2.654438701198455e-06 0.0 0.0 0.0 1.172127510574278e-05 3.313957029978385e-06 1.4522206543178054e-05 1.005263797837402e-05 9.747807866979835e-06 6.988083570597278e-06 5.52259945042116e-07 1.0375633438541065e-06 4.826828219024238e-07 6.772987207610861e-08 0.0 0.0 0.0 0.0 0.0 0.0 1.7931093277461433e-05 4.288988472402512e-06 7.933502082259064e-06
4.315613087996838e-05 0.0004317054611313909 0.003173596031501641 1.5529753890029902e-06 0.00014918061528610625 2.83359825587253e-06 6.707893762578746e-06 0.0 0.00013760330843622573 4.000671272125898e-06 0.002429256730801106 2.540114564527937e-05 0.00013933767017239255 0.0016922317276519458 7.054861357357608e-05 5.8175962292549794e-05 2.4967468317912553e-06 7.178391377297491e-06 1.6884382135082977e-06 2.945025693714132e-05 5.443180404087994e-05 1.0286123204978994e-05 5.062377253084911e-05 6.58314514796873e-05 2.201941808139949e-05 1.899421923131944e-05 1.9723899595124846e-06 1.4270618914145998e-05 7.98635762219546e-07 4.7377802189379157e-07 0.0008872564699506916 0.003578768348548803 0.0002089141226627342 2.7016133078088805e-05 3.9356728603538526e-05 4.1561719367294666e-05 2.8757723564450576e-05 1.532658128270777e-05 8.332802872941013e-06 4.403562176485387e-06 4.309382600463724e-05 2.1511432482225875e-05 2.5285915924978795e-05 2.025449466571851e-06 1.0924369069508508e-05 2.9465402287946227e-06 0.00011156800476459489 8.02238947890761e-06 8.637632029367509e-06 1.8235731900365303e-05 1.1032659080382925e-05 2.243678495079855e-05 5.3771704317290344e-06 5.1514854918342204e-06 3.1969708795351135e-06 2.492436829697429e-06 8.647269074142628e-06 3.6138520791538555e-05 1.4085373041780197e-05 2.499089472342866e-05 3.973864815544091e-05 0.00010379232153333068 1.6702335130791417e-06 0.0003234022929916756 5.00641657165904e-06 2.1793013544237078e-05 3.7958220792765295e-06 3.3514946512080225e-05 3.896855088052144e-05 0.00010995241518389751 4.4115482870970375e-05 2.4879885412948468e-05 9.267676200494463e-07 2.610167298843168e-05 2.1854933392900834e-05 0.00010366617038912167 0.0002388296033938926 0.0002624833319222768 0.0014906713837289408 0.002163275559600467 4.983351018734969e-05 0.0008839987202458365 1.1316627806178437e-05 1.3153278891471142e-07 7.023794488290648e-06 2.0655747515167775e-06 2.310506377465274e-05 2.4503765123603026e-07 1.3737194175302936e-06 1.4906783455714898e-06 2.7746276269313273e-06 6.243714842963407e-06 9.22749960292294e-05 3.615233201172284e-05 2.0977673842424566e-05 5.225671587753611e-05 9.13731768293863e-05 2.098746881789254e-06 1.2059728785091934e-05 5.331706038901296e-06 2.512921672701411e-06 2.326195210280339e-06 5.288003235370953e-06 0.0 1.1794282338888518e-05 5.306834295612728e-06 2.1239112586214097e-06 6.8320985952954555e-06 6.6779557876011716e-06 1.703014979463394e-05 4.044012346706658e-06 8.521102959068255e-06 1.0011165769735244e-05 4.928316792806111e-06 7.606200882414957e-06 0.0 4.5762890688146855e-07 0.0 0.0 0.0 0.0 1.1837530234244044e-07 1.1624414054987937e-07 9.228534637081455e-08 4.620023502738198e-07 1.078762542370686e-06 0.0 7.845981139558189e-06 0.0 9.40785893532762e-07 2.5572461427275654e-06 1.5316169077849947e-06 9.42296413672882e-07 1.1160340519550727e-07 5.661678941364108e-06 7.237974885867183e-06 1.0629501932196686e-07 7.510059859827771e-07 1.0046775117298262e-06 6.439585371382685e-06 1.2936136906175901e-05 1.221885818366385e-05 9.144480209618244e-06 8.125970852731263e-06 1.7611315243185843e-06 8.00877147081386e-07 1.9837550183186128e-07 3.343225415386547e-07 5.974657570764981e-07 4.4278512206181805e-07 1.581271599836088e-07 6.214099064766926e-07 3.7851048612330214e-07 2.606138263965111e-07 2.0114930447152393e-07 2.469861929272277e-07 2.1001225476813196e-06 3.2144220405829387e-06 0.0 3.0063825743685147e-07 1.0220238883658143e-07 7.630255645023668e-07 3.6680763311871188e-06 0.0 2.0414438651728094e-06 2.8758393648972753e-06 1.6471925534845188e-05 6.989184933666981e-06 1.1035472671401922e-07 1.207684397220288e-07 0.0 0.0 0.0 0.0 1.0810237719269153e-07 8.831473862862532e-07 7.208162838518972e-06 2.9558974447453327e-06 0.0 2.838632833876473e-07 7.579398374973917e-07 9.939008341372136e-06 8.441331794603607e-06 1.8434634864624362e-05 2.2997046919474868e-06 2.1757846550517574e-06 2.2690899127360774e-06 1.0045395945976025e-07 3.551502004736222e-07 0.0 0.0 0.0 1.0592599418633065e-07 9.268134934363007e-08 0.0 1.4835107424234005e-07 2.0292288909475447e-07 2.754899036814423e-06 8.451341468935087e-06 1.474178905903587e-05
8.400223085098416e-06 0.001439115118663214 0.0003573917090270692 2.6631943958131848e-05 0.002221288589696653 1.367655697634927e-05 0.002007838614196845 0.00013760330843622573 0.0 0.000317326895116719 0.0007984870904217351 0.00015568016030104512 0.0013533777529889583 0.0006016799793759105 2.4337840163319044e-05 1.2410817123673236e-05 1.1257394409725787e-06 5.418438504378607e-07 0.0 2.204220605607849e-07 0.0 0.0 0.0 7.733857294441772e-07 0.0 8.037361514723132e-08 1.4392266780117905e-07 1.8323857104693587e-07 3.996291481692208e-07 9.714594556637319e-08 2.5846254523989077e-05 2.911098190405906e-05 1.3493053797731192e-05 2.3341544991105058e-07 2.3887265934656584e-07 7.775386509993132e-08 3.8043671767304286e-06 3.7528126871010303e-07 2.3545456795824285e-07 0.0 6.050009412627448e-07 4.066895794862538e-07 0.0 0.0 3.8541337688672277e-07 0.0 3.794800916605975e-05 1.6356668213649245e-06 6.872151226997453e-07 1.6439674994975195e-07 1.4147851476665607e-06 8.319128981768608e-07 0.0 0.0 1.4924491235213944e-06 8.001831650751192e-07 4.198473164463941e-06 6.404105421941359e-06 5.5580632119955846e-06 8.370959748208457e-06 0.0 1.1701308286125618e-06 0.0 2.154239626136634e-05 1.5758669543842158e-06 1.433586301115383e-06 1.945207223534398e-07 6.582718106216872e-07 2.320843938205455e-07 5.776045196185737e-07 1.365086490417096e-05 6.274054044121212e-06 0.0 8.57293615368814e-06 4.432255211330593e-06 3.378210654298581e-05 4.9340763782025214e-05 1.2446326921677774e-05 3.19221498322976e-06 5.845097044007155e-05 1.4190749964483902e-07 2.763628932161852e-06 3.4246844270095803e-06 7.545366238068871e-08 1.3313270043567739e-06 5.284163059910586e-07 6.623788122061787e-07 0.0 3.386149582518887e-07 9.040314581904833e-08 2.7136447995503744e-07 1.9817500520122054e-07 3.7607468963834454e-07 5.410452237711261e-07 1.7383379304699597e-07 3.848383238777226e-05 1.0991030565660963e-05 0.0 4.64683223493813e-06 2.701086974456283e-06 2.6779695126331118e-06 3.0800494048607932e-06 2.12591505043402e-05 2.2952778810011206e-07 2.9726212098168753e-05 1.6765777885060368e-05 1.095804147474395e-05 2.0369047814704206e-05 2.7526251568478177e-05 5.423026671673255e-05 1.622994651118467e-05 3.233962905597431e-05 5.243922750272263e-05 2.1184705183024268e-05 1.6513086144515016e-05 0.0 8.099354057390629e-08 0.0 0.0 0.0 0.0 0.0 0.0 0.0 0.0 0.0 0.0 1.9743013040476485e-06 0.0 7.907126049412245e-08 0.0 0.0 0.0 0.0 9.058739751764433e-06 1.009463407995712e-05 0.0 0.0 2.5467914476306146e-07 5.212318628030116e-06 5.3507777859382295e-06 6.346441613874097e-06 3.4384899348566573e-06 2.0835816397061704e-06 0.0 0.0 0.0 0.0 0.0 0.0 0.0 7.263915715482202e-07 1.0816309916249638e-07 0.0 0.0 0.0 0.0 0.0 3.888037392742583e-07 4.5820534051753433e-07 0.0 4.1277341659117946e-07 2.76703080074543e-06 4.055377487034418e-07 8.902227418848937e-08 2.1507896394098377e-07 1.2804758985069873e-05 5.117929598479658e-06 1.827938705450181e-07 0.0 0.0 0.0 0.0 0.0 0.0 0.0 1.2218155082880767e-05 2.6269230774595505e-06 0.0 0.0 0.0 1.100054621890323e-05 1.6889247811911606e-06 8.566190046491748e-06 1.5370110777071708e-06 2.0013842983091272e-06 1.0723159107119896e-06 2.0112094658957623e-07 2.0366456125567193e-07 0.0 0.0 0.0 0.0 0.0 0.0 0.0 0.0 1.6390873420978775e-05 5.409542467945403e-06 7.314334573841638e-06
0.0006569023084695715 0.0019227858403024678 0.00013245988048425706 0.0010073513426512425 0.00018688324595898708 0.0004042363279039181 0.002578896440281374 4.000671272125898e-06 0.000317326895116719 0.0 2.4006614675159384e-05 0.0014547312019175436 0.0034801487783741275 0.00012434304303565911 1.0983189110526702e-05 1.2928110204779143e-06 1.0371500524723573e-06 0.0 0.0 0.0 9.993601759456998e-08 8.484940137854491e-07 0.0 0.0 5.86610208469634e-07 0.0 0.0 0.0 2.0133053288217189e-07 0.0 0.0002534224902749857 2.309257462571053e-05 2.087715596418244e-05 0.0 0.0 7.640212580682294e-08 1.1664516339186726e-05 2.07067862290782e-06 1.489129725714412e-06 9.805374134414554e-08 0.0 0.0 7.499456748777003e-08 0.0 0.0 0.0 1.9792760777824428e-05 2.5801748179202186e-06 3.857817090884879e-07 0.0 1.950679042810941e-06 2.897113599331694e-06 9.113072580130011e-07 1.7563514160885618e-07 6.676895016481172e-06 4.927754695331309e-06 3.6443696304264054e-05 0.0001466346522321839 1.0803222608156466e-05 1.4826385978021424e-05 0.0 2.1294964919568226e-06 0.0 8.780700299806693e-05 3.951726598550658e-06 2.554573112470857e-06 5.504270592546648e-07 5.909234597827876e-07 8.017792246989795e-08 7.258914945663595e-08 9.700205303828388e-05 5.625587176733885e-05 1.1110026300028787e-06 3.704379615919506e-05 2.5797825876520675e-05 5.05580764604452e-05 6.505029139905785e-05 2.005622014007368e-06 3.153807516288883e-07 1.7417085937374484e-06 1.1282091912172148e-07 1.1008577520449223e-07 1.045313546002821e-05 3.447272545585046e-06 2.21721174146729e-06 1.6273715818897702e-06 6.940308435467889e-07 1.3761661553828439e-06 5.792917029579565e-07 1.6494009453773404e-06 4.7186579808959783e-07 7.398997525349013e-07 2.655618924801056e-07 6.183983867584613e-07 6.953342346892174e-07 0.00026866891783550227 0.00017191519575351623 2.7193855994513137e-06 1.4973073352977333e-05 0.0001624987769653194 4.359778241462401e-06 2.4274426302645628e-05 8.696291738298494e-05 1.2434405244815105e-05 8.308513024655548e-05 8.452115266441937e-05 0.00014535923829479705 5.880243587443004e-05 9.38718937304025e-05 0.00024588136472815457 4.9522367652194785e-05 0.00010581332468781716 0.00016469336323965782 5.613972934831664e-05 3.3932847872235745e-05 4.0201081429060856e-07 0.0 0.0 0.0 0.0 0.0 0.0 0.0 0.0 0.0 0.0 1.367261128278238e-07 2.7199542128336927e-06 0.0 0.0 0.0 0.0 0.0 0.0 1.1664496995268078e-05 2.131687421916095e-05 0.0 0.0 0.0 8.43681554278112e-06 1.0290771882869499e-05 7.289507288957315e-06 3.888102307253457e-06 2.3861909504505657e-06 0.0 0.0 0.0 2.80323777174583e-07 0.0 0.0 0.0 5.930782686715682e-07 8.336285383887445e-07 7.254725898379588e-08 2.790845086186036e-07 0.0 1.043712136230721e-07 2.3209504403945357e-07 3.21047034935313e-07 6.809604861300789e-07 8.711819672451012e-08 1.8414183422197562e-06 4.838661444916319e-06 2.8614222526529494e-06 3.5744156391877924e-07 6.410310044989865e-07 2.324435544893455e-05 1.1931951796748597e-05 0.0 3.494661454514471e-07 6.602531298318749e-08 9.4115000407859e-08 0.0 0.0 0.0 6.941962334689569e-08 3.560404221673717e-05 4.8668040573490025e-06 1.3763807203179584e-07 1.615014567866899e-07 9.218750294363474e-08 1.7675950653106256e-05 4.030953280035964e-06 2.0790074690934196e-05 3.35646586768818e-06 4.956853294472155e-06 3.697492229988172e-06 4.707733791075069e-07 4.987399397531677e-07 0.0 2.559796302416107e-07 1.0208100312670871e-07 2.850799238678056e-07 0.0 6.966077015697714e-08 1.3500828900080066e-07 0.0 6.22727341467105e-05 5.900783832548012e-06 8.747056425395516e-06
1.5184988607959312e-05 0.0007663697366517563 0.0013679919433532833 4.309441259936243e-06 0.0016545803101026839 2.942050360865996e-06 0.00027336866191853253 0.002429256730801106 0.0007984870904217351 2.4006614675159384e-05 0.0 0.000117121471117343 0.0013606694493258898 0.0022614770189043933 5.4599750603706214e-05 3.9029064748892014e-05 1.3471920572428031e-06 5.259895991680559e-07 2.2345537566959735e-07 1.960250439380501e-06 1.5022299782781287e-06 4.0131738663143905e-06 1.1543146828826886e-06 2.4258850325466245e-06 5.956417425894877e-06 2.624560289418917e-06 4.2716514649312167e-07 3.248561110577118e-06 8.136226175031505e-07 4.2548101439196073e-07 8.228337056375625e-05 0.00010045798239507333 0.0002359319951329446 5.973019277112832e-07 1.553740009503282e-06 6.9989746568126695e-06 3.515146448333471e-05 1.6986744906084342e-05 9.134267686174741e-06 2.878780176245796e-06 5.0125564781777795e-06 3.6927001904850266e-06 1.5391810612654288e-06 1.3620814534154921e-06 5.644206083916255e-07 3.033689467791959e-07 6.919012814997942e-05 2.646700638785321e-06 2.0053753411952395e-06 1.017027456662619e-06 1.9927317145835914e-06 5.703432201651776e-06 3.261005311985288e-06 2.1149822932718977e-06 2.076582588354971e-06 1.6667771938684405e-06 7.952175590301282e-06 1.235559956432873e-05 1.0681184585477349e-05 1.4647674786499725e-05 2.7043423544903425e-06 4.79934238620111e-05 1.0188474562092588e-07 4.8673810459144626e-05 2.0809908822449524e-06 2.5659836137637864e-06 1.3282941783777525e-06 2.361585782898254e-06 6.482814045102e-07 4.6121393593837055e-06 4.131690526584217e-05 7.677149018890724e-06 3.0833423721901236e-07 1.567137351350067e-05 7.148928283294551e-06 6.187468874839871e-05 0.00010642072590542528 3.2295396210439425e-05 0.00014018574538626308 0.0006040921166412173 2.083385533597704e-06 0.0001365870915083882 6.2795189224130975e-06 7.78591794023758e-08 2.7495360896772584e-06 7.092286651677567e-07 1.1461315065365042e-06 1.6876512735497904e-07 7.991577801663304e-08 3.5051567240922053e-07 4.580116392972084e-07 9.179539903401267e-07 2.844259870340119e-06 2.350309279876245e-06 5.883810807517124e-06 2.6695814526278966e-05 1.1526484174117494e-05 1.563001158033793e-06 6.486916976427871e-06 2.8561586046863915e-06 1.0770289149930247e-06 5.914016190916193e-07 7.5683298103429445e-06 1.0064944833301393e-07 1.393925237609426e-05 5.54800788555025e-06 1.3723221600517259e-06 6.427484888466426e-06 6.943333516891882e-06 1.6829374429887863e-05 5.377189764001738e-06 1.1157248770900776e-05 1.5823817788879815e-05 6.002428916217152e-06 9.130823193423638e-06 0.0 0.0 0.0 0.0 0.0 0.0 0.0 0.0 0.0 0.0 0.0 0.0 1.5580088489959812e-06 0.0 6.403688625129439e-07 4.0250498677713144e-07 4.1183834018159505e-07 3.8639823389851864e-07 8.648404577307167e-08 4.190716602463344e-06 4.506376286178691e-06 0.0 8.031692267523087e-08 5.303414859117479e-07 3.155804831207841e-06 4.645230783240619e-06 4.733424314342367e-06 2.418425983741582e-06 2.0898495875937285e-06 1.208258309508739e-07 0.0 7.825437880481988e-08 0.0 3.429389063677401e-07 1.6653973820190958e-07 1.0538781166453873e-07 2.1747806404564698e-07 6.841973723996487e-07 0.0 0.0 0.0 3.3086102241243335e-07 6.236269163705993e-07 1.9449884544122684e-07 0.0 0.0 2.538064964545777e-07 2.1667717340673547e-06 0.0 0.0 2.4997541065616545e-07 7.000983081965458e-06 3.191418400426796e-06 0.0 0.0 0.0 0.0 0.0 0.0 6.885286167015536e-08 0.0 6.472526859489646e-06 1.6541099550984146e-06 0.0 0.0 0.0 6.4636899611773974e-06 2.6928080567764263e-06 9.309946791235077e-06 6.511588851966957e-07 2.0675501196478374e-06 5.049271113494779e-07 7.347086995815342e-07 2.4259416842578095e-07 7.984352655889056e-08 0.0 0.0 0.0 8.062176117170721e-08 2.682788570734252e-07 9.086450002576482e-08 1.302421151468565e-07 5.95786302570115e-06 3.026759558430543e-06 4.33666986347821e-06
