0.0 0.0009815848347278502 0.0004190416862286848 0.0013196824639061108 6.929015755795315e-07 8.665683700867377e-05 0.0003090662342163974 0.00013522136297726656 8.845517333812541e-07 0.001298656035024731 2.8768456564218638e-05 2.41689001450673e-05 5.369738777140374e-05 9.377582319754991e-05 4.706681589041895e-07 1.2712418030041667e-06 3.0598739782918986e-07 0.0 0.0 2.8920427167388353e-07 4.1748207121305234e-07 0.0 2.0400906310112078e-07 1.091418336667349e-07 4.4467257860896915e-07 1.0942737593818257e-07 0.0 2.215981205271276e-07 1.1422348098750865e-07 0.0 0.0011436295021742648 3.9181917853238844e-05 4.3627377680717546e-05 0.0 4.142456894316004e-07 8.733600011942575e-07 6.330575487806009e-06 7.507491164461427e-07 1.7399407487210367e-06 1.0355548656560539e-06 2.2295394101104472e-07 4.938227056594438e-07 0.0 4.930800785067067e-07 0.0 0.0 8.680435174580351e-06 4.382298721272703e-06 5.962701769758819e-07 0.0 1.0031476603210671e-07 0.0 0.0 0.0 1.0057908272429725e-06 1.1650988919274788e-06 4.3791319795209344e-05 0.0003664097413089982 9.263138628710744e-06 5.637475701863207e-06 3.989280591070694e-07 6.899756328476324e-06 0.0 1.393123679784784e-05 7.452365295047892e-07 1.0147466274589284e-06 7.38679651488879e-07 8.867043415132727e-07 1.1032516280402948e-07 1.1010447150399228e-06 9.387246743847464e-06 1.615512620543159e-06 0.0 1.2905984292395688e-05 2.3615981333437908e-05 6.99913585316445e-06 5.634361562753508e-06 1.1614995495782734e-06 2.5490270662736965e-05 6.0467212947752594e-05 5.024407143319577e-07 1.7791618806153935e-05 1.3865023289171945e-06 0.0 9.191778621742668e-07 2.062042131403893e-07 1.0264199673105303e-07 1.355246841909946e-07 1.1929538106909385e-06 0.0 5.2868900235612e-07 1.0740168541278007e-07 9.427244915915071e-07 6.216159550750053e-07 0.0 0.00011310352970152501 1.2655726696815243e-05 0.0 2.597055220644477e-06 0.001199105490728227 0.0 3.5919890341617133e-06 2.457129669647175e-06 1.6112806495085717e-07 1.1984483303840289e-06 2.1808154514970302e-06 1.0310349832580293e-05 1.3607687374715989e-06 1.3828340938403935e-05 1.1851480279514193e-05 2.679521167869916e-06 1.4406975631725679e-05 1.250607981814332e-05 4.089560735085201e-06 4.9855233588498495e-06 1.9397331855737672e-07 0.0 0.0 0.0 0.0 0.0 0.0 0.0 0.0 0.0 0.0 0.0 4.1616701891109896e-07 0.0 0.0 0.0 0.0 0.0 0.0 1.814119246418175e-06 1.1302397657558932e-06 0.0 7.124211886064863e-07 0.0 2.947767390309039e-06 0.0 3.903675280712011e-06 1.638599655739073e-06 1.4749790736422583e-07 0.0 0.0 4.7057810453394604e-07 1.892385720281226e-07 0.0 1.0778098625285944e-06 0.0 0.0 0.0 0.0 0.0 0.0 1.2418437294919782e-06 0.0 0.0 0.0 0.0 9.85342620904407e-08 6.087285758890036e-07 0.0 8.498891057217917e-07 0.0 3.4075482377846396e-06 0.0 0.0 0.0 0.0 0.0 0.0 0.0 0.0 1.34644902699273e-07 4.52601298385567e-06 2.667323410325195e-07 0.0 0.0 0.0 5.435023859564828e-06 1.338513572559968e-06 5.744661700906214e-06 0.0 2.1573298162299392e-07 1.0569537543734568e-06 0.0 5.272816132157254e-07 0.0 0.0 0.0 1.2806365314793935e-07 0.0 0.0 0.0 0.0 8.213171433866307e-06 5.483408472906451e-07 2.4142022452687827e-06
0.0009815848347278502 0.0 0.0014589886293735104 0.0014991676571261964 0.0001726819745990187 9.149700366282533e-05 0.0009599138284950733 0.0005566027945405272 0.0006535823476088537 0.0025485733685339626 0.00042423308027844713 0.0001730476668687107 0.0006484204994086696 0.0016769534705905374 1.4390163878469249e-05 1.4703115980506972e-05 1.590369067751365e-06 0.0 9.598345263168919e-08 1.9617397539491731e-07 8.022113700310147e-07 0.0 4.446208587045993e-07 3.1561097811575113e-07 7.576119620739076e-07 8.348308242836693e-08 2.4434721293170764e-07 2.591899454981418e-07 3.3213058231779357e-07 2.0993351180387189e-07 0.0016286399973139468 0.00010358102513664329 0.00012827975624690532 2.3242717401744297e-07 8.855982175502536e-07 2.6285102517464134e-06 1.1096734031886364e-05 1.4905443311415205e-06 2.6626204189784847e-06 1.549123148694019e-06 7.289365028683019e-07 1.971333084657211e-06 2.1520123528198667e-07 2.552350784775758e-06 9.822906446785734e-08 4.470908949137904e-07 7.84617153676889e-05 1.426052666974616e-05 3.4903051515809477e-06 4.088838485148542e-07 0.0 0.0 0.0 2.2130524273288802e-07 1.4700385681049114e-06 1.4153338209487446e-06 2.5731009479070626e-05 0.0003379588683047857 1.1524393951913175e-05 2.347834674114494e-05 8.869165216818982e-07 1.5128377150206346e-05 4.993205940555968e-07 8.157537142599278e-05 1.8106797662165585e-06 1.896700657659816e-06 1.1192457901884903e-06 2.993634681850316e-06 8.331059314421559e-07 1.8923133481646096e-06 2.5605485525536232e-05 7.729366116756368e-08 0.0 3.132474688222861e-05 7.093597180691898e-05 7.690144639054329e-05 7.320341943196707e-05 1.5352697086559535e-05 5.553499855863173e-05 0.00015872216965921992 8.907957413814827e-07 3.6734938491539166e-05 2.3295114002935598e-06 8.586834419374772e-08 1.2808121990317614e-06 1.0109642270353294e-06 1.0816359804680634e-06 6.228653039174261e-07 8.964347165618282e-07 1.0955450666682924e-07 7.198963750773094e-07 1.7729621717479308e-07 3.0824022143987404e-06 1.5875715454801424e-06 8.156615976246685e-07 4.8455087854054255e-05 1.9649467867645532e-06 0.0 1.1396885859774426e-06 0.0003772674472069654 0.0 1.0381733104224215e-06 9.628891493808462e-07 1.9869688649238566e-07 1.3529290367046714e-07 6.743290631063201e-07 3.242250529680762e-06 1.141529458452975e-06 5.024481729155348e-06 4.663182172633252e-06 1.5576534748382417e-06 6.5316421675293046e-06 7.477269669922228e-06 1.9001759148629395e-06 4.114799938419265e-06 1.0111620111545397e-07 0.0 0.0 0.0 0.0 0.0 0.0 0.0 0.0 0.0 0.0 0.0 0.0 0.0 0.0 0.0 0.0 1.3984162904161372e-07 0.0 6.931311492558077e-07 2.160302181065024e-07 0.0 3.9546888230489216e-07 9.004189229235997e-08 3.3435871677247974e-06 3.840812015981094e-07 4.409199045836831e-06 1.4461200819938692e-06 6.701295003701782e-07 0.0 0.0 0.0 0.0 0.0 0.0 0.0 0.0 0.0 0.0 0.0 9.157679028113272e-08 2.459237109658536e-07 0.0 0.0 0.0 0.0 1.891178624600078e-07 6.940010927596051e-08 0.0 5.412791931829425e-07 0.0 2.977135887983317e-06 1.402539857961145e-07 0.0 7.284887059825999e-08 0.0 7.908130813470363e-08 0.0 0.0 0.0 2.0603902981694177e-07 4.286471170843778e-06 3.40175767096647e-07 8.708079542527482e-08 0.0 8.241915662738723e-08 5.027834104320627e-06 4.1205854865573614e-07 4.0434342596552155e-06 1.5321096651233557e-07 8.640962602689388e-08 1.7350107755369377e-07 0.0 1.9049430078165004e-07 0.0 0.0 0.0 0.0 0.0 0.0 2.695358994696382e-07 0.0 4.402397696227223e-06 9.024771042462976e-07 2.0056765517636403e-06
0.0004190416862286848 0.0014589886293735104 0.0 0.0005955955096743635 0.00020591140567641992 2.395012836640984e-05 0.000860500706046952 0.0017396703217858569 0.0005251513523104607 0.00048317766599270456 0.0010556557493108538 0.00017872181911204784 0.0005414513606872024 0.0033376464298233836 1.357271283952744e-05 1.5924349847162794e-05 1.6858211727864912e-06 0.0 9.429496928287063e-08 1.170107665263629e-06 2.605070114595382e-06 1.1706819260122695e-07 2.2532481566438573e-06 1.0830147631320411e-06 4.279684540404082e-06 8.906150138996168e-07 5.039122669533418e-07 2.1081165019348734e-07 1.0382533961815603e-07 7.295975592825902e-08 0.0016009851776355667 0.0005432233303977786 0.00031208487249861455 8.066990943771083e-07 2.7452761548095385e-06 5.518955543242689e-06 2.122119168643715e-05 4.557830872401796e-06 9.82388090258332e-06 5.145420087207315e-06 5.278008857305345e-06 5.210985656786151e-06 9.492976631303947e-07 5.044019003811218e-06 1.823033474088374e-07 5.571133419356562e-07 6.926527511402325e-05 1.0291842996066992e-05 3.7171105033040484e-06 4.910266683675305e-07 7.176912289273198e-07 3.75545939272664e-07 1.1736238350217054e-07 5.580401065227472e-07 1.1401105263484121e-06 8.537519700242612e-07 1.4350113505253973e-05 0.00026903942699714874 7.278704018476302e-06 1.419859621264314e-05 5.001811684399371e-06 3.3759970027106437e-05 6.974834379889691e-07 0.00019781252883067536 1.0147178078604814e-06 1.0804628399388071e-06 1.2167968172286605e-06 1.4611254679190018e-06 1.88924511279032e-06 4.051898669217875e-06 3.05858579792803e-05 1.0655129413655518e-07 0.0 2.543378720598913e-05 5.72414996907777e-05 6.703200668024549e-05 9.885496579134794e-05 2.709144678428518e-05 0.00021564408988842607 0.0007085596324814146 5.221471191937817e-06 0.0001531236491102071 2.2144216882505276e-06 0.0 6.506204334462812e-07 1.8528527523567808e-07 1.1446199135176705e-06 5.300093139597938e-07 6.766629487125416e-07 1.8971437039867087e-07 4.180985713731573e-07 1.2848263731009824e-07 1.0932405183408052e-05 6.12250884936539e-06 1.33780006062656e-06 3.915817493843152e-05 1.2401586079713184e-07 0.0 3.5189736946329184e-06 8.839400300480633e-05 1.7602958482318896e-07 1.964527046362932e-07 1.7504109734610284e-07 0.0 0.0 7.38265122264648e-07 6.919350327966829e-07 6.68588229345203e-07 3.3339150574894184e-06 2.7530433047123413e-06 1.7926535336318534e-06 5.410616237769072e-06 2.9601785242557185e-06 1.6459832684858222e-06 3.2701921547361146e-06 1.0142513868592749e-07 0.0 0.0 1.0747316379184881e-07 0.0 0.0 0.0 9.068463396183361e-08 0.0 0.0 0.0 0.0 0.0 0.0 0.0 1.6287600934618582e-07 0.0 0.0 0.0 1.1669483030340393e-07 0.0 0.0 0.0 0.0 2.4895676676781176e-06 2.326105758370464e-07 2.2654884767205416e-06 3.8415177248982246e-07 1.6293423978484245e-07 0.0 0.0 0.0 0.0 0.0 3.6631981094827685e-07 0.0 0.0 0.0 0.0 0.0 1.0272863427390425e-07 6.559560603532757e-07 0.0 8.856386351121028e-08 0.0 0.0 0.0 4.2348276947839374e-07 0.0 0.0 1.8394418079657817e-07 2.6027371846008465e-06 0.0 0.0 0.0 0.0 0.0 0.0 0.0 0.0 0.0 1.558849886918247e-06 1.7804129179342878e-07 0.0 0.0 0.0 1.7049759415219388e-06 7.296017048498288e-07 1.7617668714856489e-06 1.4316880768296385e-07 0.0 2.3099370836538085e-07 2.0446919356497507e-07 2.2269175966410175e-07 0.0 0.0 0.0 0.0 0.0 0.0 0.0 0.0 3.1195782382882455e-06 9.5115281478197e-07 1.6573300572623656e-06
0.0013196824639061108 0.0014991676571261964 0.0005955955096743635 0.0 2.843485378303847e-06 7.972020702147e-05 0.00042259722282950006 7.705905074396615e-05 2.125707195588082e-06 0.0018872858324921026 2.6954851038142633e-05 7.04695967369478e-06 0.0001789374354884205 7.017547725938406e-05 2.9827632652002604e-07 2.1447655162923707e-07 2.1517279380327097e-07 0.0 1.2321819316129148e-07 1.0497329049838733e-07 0.0 0.0 9.92306555123672e-08 0.0 0.0 0.0 0.0 0.0 0.0 0.0 0.0002695630435164314 1.2745641485878568e-06 1.2869928664770338e-05 0.0 0.0 2.873762483943198e-07 9.669764655559552e-07 0.0 0.0 0.0 9.774263062049651e-08 0.0 0.0 3.2514116970352705e-07 0.0 2.588153938418905e-07 7.648211928753765e-06 3.8045291246472864e-06 1.374897380612671e-07 0.0 0.0 0.0 0.0 0.0 2.924269173967243e-07 1.1784821923286508e-07 1.2182094244213505e-05 0.00014725699546530384 5.289777744575654e-06 4.749987373773472e-06 0.0 1.750404236054903e-07 0.0 1.4225482017409575e-05 9.185446903714533e-07 1.3663334086872455e-06 5.387122758236276e-07 6.987057890825583e-07 2.110175741992819e-07 0.0 1.9797522092258413e-06 0.0 0.0 1.0660139046354694e-05 1.8725644811444244e-05 7.0006587475704726e-06 5.610159404344964e-06 3.6922669232076386e-07 1.6698718418886472e-06 8.88754627695976e-06 0.0 1.1332948425635259e-06 1.5026193853959072e-06 0.0 2.214270179111553e-07 0.0 3.589678502605092e-07 2.6795896831652704e-07 7.077140379427302e-07 2.3510665418338423e-07 0.0 0.0 1.8915445070021217e-07 0.0 1.2326825621374688e-07 1.8946666430003966e-05 2.1740926201684022e-07 0.0 0.0 0.0002369145450003351 4.192002156485933e-06 6.097511450162191e-06 3.480783761245541e-05 4.9143880787505824e-05 0.0 1.2306026932419508e-05 6.876097941991232e-05 4.698376457259967e-06 2.6664612822125027e-05 4.2722103384195426e-05 5.125823461503403e-07 7.234359188909573e-05 6.479874648947787e-05 3.020022006562236e-05 1.470395162511367e-07 0.0 0.0 0.0 1.1496318630595657e-07 0.0 0.0 0.0 0.0 0.0 0.0 0.0 0.0 0.0 0.0 0.0 0.0 0.0 0.0 0.0 8.972266574024618e-07 0.0 0.0 0.0 0.0 0.0 0.0 0.0 0.0 0.0 0.0 0.0 0.0 0.0 0.0 0.0 0.0 9.227539054731053e-08 0.0 0.0 0.0 0.0 0.0 0.0 0.0 0.0 0.0 3.013107992397419e-07 1.3526542742830241e-06 0.0 0.0 0.0 0.0 2.1958115425516716e-07 0.0 0.0 0.0 0.0 0.0 0.0 0.0 0.0 0.0 1.9414311494154908e-07 0.0 0.0 0.0 9.68664997029103e-08 1.2616004717149357e-07 0.0 3.306138272012303e-07 2.7485619534024506e-07 0.0 0.0 0.0 0.0 0.0 0.0 0.0 0.0 0.0 0.0 0.0 5.018748547162616e-07 0.0 3.183258640383725e-07
6.929015755795315e-07 0.0001726819745990187 0.00020591140567641992 2.843485378303847e-06 0.0 1.0594259424276653e-06 0.0002246815674657198 7.61473607868355e-05 0.0005628335476841901 2.709567590223452e-05 0.0001600065965316373 8.38022612686455e-06 0.00019591695308609176 0.0009336254840959046 1.3682144856025966e-06 2.1439941932894626e-06 0.0 0.0 8.481308764697653e-08 0.0 0.0 0.0 0.0 9.128297749992068e-08 0.0 8.083185124382358e-08 0.0 0.0 0.0 8.891059930502896e-08 2.8011996162349668e-06 2.4419425318794495e-07 1.9113075810118556e-06 0.0 0.0 0.0 5.126974526715242e-07 1.146934631890955e-07 0.0 0.0 0.0 0.0 0.0 3.541301657905227e-07 0.0 8.002888305683753e-08 3.957791377945026e-06 6.836689092212409e-07 0.0 0.0 0.0 0.0 0.0 0.0 0.0 0.0 3.3000308821085307e-07 3.0679351128485184e-06 1.2464047334420434e-07 7.25822446257454e-07 1.2172682019107067e-07 2.768536093846328e-07 8.067177597420377e-08 2.0807150999774177e-06 8.971451622879594e-08 0.0 0.0 0.0 0.0 0.0 9.110522822655847e-07 0.0 0.0 7.632829124337327e-07 2.246163753478125e-06 3.6769064553549772e-06 5.620516997529288e-06 2.0215884488080617e-06 3.5864912213895065e-06 2.896037448578952e-07 1.047732789102131e-07 1.1189055924285753e-06 0.0 0.0 0.0 0.0 0.0 1.0307111450201714e-07 0.0 0.0 0.0 0.0 1.655037421081402e-07 0.0 7.528304043218894e-08 5.395721049683516e-06 0.0 0.0 0.0 0.0 3.367270332739643e-07 4.5121117625458555e-07 2.5271036890516614e-07 0.0 1.8315322306724654e-07 0.0 1.2983180976164463e-07 0.0 4.1616037775363235e-07 4.234261202677054e-07 0.0 1.0283301800699217e-06 6.709910771155524e-07 9.852348224063979e-08 2.673748214556331e-07 0.0 0.0 2.801051572047714e-07 0.0 0.0 0.0 0.0 0.0 0.0 0.0 0.0 0.0 0.0 0.0 0.0 0.0 0.0 0.0 0.0 0.0 2.376484987670462e-07 0.0 1.050363746194159e-07 0.0 4.806960248077092e-07 1.0416404552385779e-07 6.030954787517575e-07 1.1932219869543527e-07 0.0 0.0 0.0 0.0 0.0 0.0 0.0 0.0 0.0 1.7822016305115806e-07 0.0 0.0 0.0 0.0 0.0 0.0 0.0 0.0 0.0 1.0651002408658408e-07 0.0 3.297975766993111e-07 0.0 9.560804848731578e-08 0.0 0.0 0.0 0.0 0.0 0.0 0.0 0.0 0.0 1.9175789442559345e-07 0.0 0.0 0.0 0.0 1.226779631884894e-07 0.0 0.0 0.0 0.0 0.0 0.0 0.0 0.0 0.0 0.0 0.0 0.0 0.0 0.0 0.0 9.640417408214187e-07 3.220963708776883e-07 0.0
8.665683700867377e-05 9.149700366282533e-05 2.395012836640984e-05 7.972020702147e-05 1.0594259424276653e-06 0.0 1.7774699900640485e-05 3.1724472485223248e-06 2.9038712644278764e-07 0.0002524381641266328 2.0050329919805658e-06 6.076591021778248e-05 2.9236406853491777e-05 1.1032116580347093e-05 0.0 0.0 0.0 0.0 0.0 0.0 0.0 1.1266063513814236e-06 0.0 0.0 0.0 0.0 0.0 1.4636588563704867e-07 0.0 0.0 4.895612902351153e-05 1.6033052106329265e-07 2.3498488904247698e-05 0.0 0.0 0.0 2.8336743138795615e-05 7.977820617459914e-07 4.576039434321047e-06 3.2764231485426737e-07 1.0266515140843142e-07 8.413560708653103e-07 0.0 1.2990296502021555e-07 0.0 0.0 2.59756038860581e-07 0.0 1.228985513649634e-07 0.0 8.297612767943046e-07 6.450771713698343e-06 4.870928481787122e-07 1.0684818687485313e-07 0.0 5.382898885838849e-07 3.185142116640644e-05 6.281177248212566e-05 1.8999242727441504e-06 0.0 1.3971400331986406e-07 7.138778323106012e-06 0.0 6.089622951325183e-07 2.420300539674286e-07 0.0 6.096794301404456e-07 4.530106480569662e-07 3.853875227717164e-07 0.0 0.00015217030623281496 0.0002315174048672991 1.0019560077372457e-05 9.251659793649042e-07 1.6914371376624464e-06 2.499626071906137e-07 2.678475054945744e-07 0.0 1.2590776706159349e-06 3.373997990251028e-06 0.0 3.095137754450366e-06 1.8542273894535201e-07 1.0770219985061574e-06 1.247086998935819e-07 2.6731419167540733e-07 3.632619498044395e-07 2.0319377233582913e-06 9.676829650870703e-07 1.4677242429761474e-05 2.3614569764355756e-06 2.2859973059644293e-06 6.624378781650238e-07 6.258567534865973e-07 7.537360767028648e-07 0.00027087395218986936 0.0003794202450107163 9.604763398742968e-06 3.630687825959003e-05 0.0002965639120833971 7.752728966234273e-07 7.159158399143859e-07 8.320026949389049e-07 1.1778224902704913e-06 0.0 3.747879329592098e-07 4.236384894961967e-06 8.596969540658867e-07 6.353121275543298e-06 3.75374113416769e-06 1.0244187926935396e-06 8.802705153453417e-06 6.470613532860895e-06 2.4297905405720517e-06 2.3333061342953115e-06 0.0 0.0 0.0 0.0 0.0 0.0 0.0 0.0 9.695852717066207e-08 0.0 1.4174879621844025e-07 1.2182786753314556e-07 1.0078228014308224e-07 0.0 2.2380253106236667e-07 4.316761428174883e-07 1.549095215958214e-07 8.011984491443672e-07 3.71410911262339e-07 2.528613830510375e-07 5.148947889303314e-07 0.0 2.171535155802375e-07 2.1416017541240867e-07 1.3075365741724482e-06 8.888047347478184e-08 1.163147883486507e-06 4.0674767140389674e-07 2.744020322932448e-07 0.0 0.0 0.0 0.0 4.644370138497373e-07 1.1319938150661602e-07 0.0 0.0 0.0 0.0 0.0 0.0 3.8295820662015955e-07 2.1838072723110295e-07 0.0 0.0 0.0 0.0 0.0 0.0 0.0 0.0 1.0434620711074178e-06 0.0 0.0 0.0 0.0 0.0 0.0 0.0 0.0 0.0 2.717443084491657e-06 7.429942313724501e-07 0.0 8.507939393644536e-08 0.0 1.3913049032513825e-06 0.0 5.168012342422158e-07 0.0 0.0 1.7800281295456679e-07 1.30926239512603e-07 0.0 0.0 0.0 0.0 0.0 0.0 0.0 0.0 0.0 4.1577062980911575e-06 1.0165574359783508e-06 1.2555847380340878e-06
0.0003090662342163974 0.0009599138284950733 0.000860500706046952 0.00042259722282950006 0.0002246815674657198 1.7774699900640485e-05 0.0 0.00011541495738815977 0.0006530603755460333 0.0016905798502866824 0.00036075515370243564 0.0002850143795286232 0.002096610116732663 0.0012876377738169579 1.6753293216603267e-05 1.76064472624586e-05 1.8579020807528649e-06 0.0 7.637853579329979e-08 7.721186630723777e-07 4.7649104464705e-07 1.803467977950723e-07 0.0 1.3163044970061598e-07 2.1804285318881067e-07 1.5586252081737684e-07 1.8082421176810991e-07 0.0 7.5385765250891e-08 1.1395395724286966e-07 0.00014685587088117665 5.327804379738319e-06 1.175799980763267e-05 0.0 2.1413980507123517e-07 3.472565678125736e-07 4.023981890066336e-06 6.601862782872889e-07 1.2536844938858e-06 1.0810512561152153e-07 7.877132764126152e-07 4.988036975076826e-07 1.7576092044157618e-07 3.73294758764086e-06 0.0 0.0 7.2336837199461e-05 8.757431516765555e-06 4.6981772981599145e-06 8.444075658478494e-08 9.829238233562908e-08 0.0 0.0 2.2096410311109604e-07 7.421515193642275e-07 1.365001725992009e-06 1.4294158103023587e-05 0.0001396444814766592 9.082551394890744e-06 1.6344795710205382e-05 1.7046490054522438e-06 6.208731374874216e-06 3.245055504348147e-07 5.8797591098005727e-05 1.8378144631401e-06 1.3703224137321561e-06 7.965385909466699e-07 1.7358370152746742e-06 2.634217446601233e-07 3.752601426297606e-07 2.053879278514548e-05 9.6323297021528e-07 0.0 2.142190698293138e-05 4.911007354230304e-05 6.348267138740048e-05 7.223649670753733e-05 1.7373585683868853e-05 8.199557184808018e-06 7.567096033967613e-06 1.0711883122887831e-06 8.186626754971855e-06 2.0604130334776393e-06 8.284925750965334e-08 7.190215710162357e-07 6.460261343351281e-07 9.939357561734902e-07 6.92743115912401e-07 5.553015571798358e-07 5.820663223827556e-07 0.0 0.0 4.2561108857383945e-07 2.839521679781333e-07 4.456206003998767e-07 8.689176112727548e-05 2.8161918642181554e-06 0.0 2.130600463658604e-06 3.357971011435076e-05 8.109550382026744e-08 1.3785215138664571e-06 1.0195845037387426e-05 3.8694076987982496e-05 1.717961838085266e-07 2.5689080428281566e-06 6.424528299981265e-06 1.965052392168119e-06 1.3975111707774608e-05 2.265747760295361e-05 4.0946182239925815e-06 1.6052098148454633e-05 1.6586932077691515e-05 5.7611652522069265e-06 8.575457415394227e-06 0.0 1.4497890121234865e-07 0.0 0.0 0.0 0.0 0.0 0.0 0.0 0.0 3.403986171166059e-07 0.0 2.0661291244585053e-07 0.0 0.0 0.0 0.0 0.0 0.0 1.0004760450455418e-06 8.920710361123911e-07 0.0 9.956681907849214e-07 0.0 4.890552607107873e-06 1.0207669192012677e-06 7.305999457535172e-06 3.1895954045915515e-06 7.18224281500127e-07 0.0 2.2938263643796412e-07 0.0 9.721928541243361e-08 0.0 1.1760157516943607e-06 0.0 0.0 1.3948161780776605e-07 0.0 0.0 4.7244852534777137e-07 9.00627851262534e-08 1.109534259252374e-07 0.0 0.0 0.0 8.574273969383561e-08 1.2079143928653363e-06 0.0 7.93835880479404e-07 6.31582957451556e-07 6.6905575926845825e-06 0.0 0.0 0.0 0.0 0.0 0.0 0.0 0.0 4.817132218847752e-07 7.1885886403328445e-06 2.2220075400544147e-07 0.0 0.0 2.755482506976152e-07 6.2042839030922705e-06 2.123062756808897e-06 6.011413821038145e-06 1.1238534472385224e-07 7.22000240138481e-08 5.826281533045847e-07 0.0 0.0 0.0 0.0 0.0 0.0 1.3009137864498795e-07 8.733966994329291e-08 0.0 0.0 1.0547168076665539e-05 1.48067381117065e-06 4.335738542510647e-06
0.00013522136297726656 0.0005566027945405272 0.0017396703217858569 7.705905074396615e-05 7.61473607868355e-05 3.1724472485223248e-06 0.00011541495738815977 0.0 0.00020252459979462536 5.143386620477761e-05 0.0005413543380171754 0.00018150420343544238 0.0006161084050322211 0.0018222997806399105 1.447324791395766e-05 2.537522819503566e-05 1.7875998877959261e-06 2.742536443607816e-07 8.878963536545843e-08 1.069785419335742e-06 4.60274079228244e-06 0.0 3.4484879829830054e-06 3.158349301828549e-06 9.772692682680251e-06 1.134060789391342e-06 1.1735828055933812e-06 1.6983066656971033e-06 0.0 9.749165536741542e-08 0.0005798706871814968 0.00043370349310976474 0.00018954680122909104 9.792640505990818e-07 6.791637061186844e-06 1.003963923885304e-05 1.5888396696859604e-05 6.312065805082371e-06 6.6822375354856155e-06 5.757060934393706e-06 5.609798375625293e-06 5.506777166052934e-06 5.735322769153553e-07 9.501550131846603e-06 1.2277797929493287e-07 1.235476399460035e-06 3.6324560217596616e-05 4.174669230491166e-06 2.447838600977622e-06 4.823082860935543e-07 5.266123000414811e-07 1.2343753010519925e-07 6.192646965858459e-07 4.275342674025703e-07 2.600655539230081e-07 2.402273990843988e-07 5.0460579147774164e-06 8.7273885408015e-05 3.1540232477298522e-06 7.790000888162599e-06 1.268823394575629e-05 4.75509919367384e-05 7.15700696662046e-07 0.0001058117653518975 7.510174508323533e-07 7.514967829036655e-07 1.905594061245164e-07 5.287425991093392e-07 2.2436363668180166e-06 6.168655867009154e-06 1.8238630983414522e-05 1.333742966530356e-07 0.0 1.0552440880697864e-05 3.8857852929164645e-05 4.357257920111738e-05 9.2992010233043e-05 4.72719655551277e-05 0.00048577112563157244 0.0008027451250334096 3.244296515610881e-05 0.0003538022788734514 1.0058622093733823e-06 0.0 9.941155486683836e-08 1.75460810248108e-07 6.84568607310458e-07 0.0 3.914875909025055e-07 0.0 2.805880298517515e-07 0.0 1.2364431498649912e-05 6.7072777515922315e-06 5.906445734842244e-07 1.0469268454566024e-05 4.100255226075419e-07 0.0 2.9576037076314667e-06 1.7693602726218495e-05 0.0 0.0 0.0 0.0 0.0 1.363918983578207e-07 1.9174737582215253e-07 1.762818113088362e-07 6.455792105622608e-07 2.271268703682781e-07 0.0 1.2766031833023302e-06 8.314778853762452e-07 4.616426265348344e-07 7.108198446685264e-07 0.0 0.0 0.0 0.0 0.0 0.0 0.0 0.0 0.0 0.0 3.0783364647981374e-07 0.0 7.93588548925554e-08 1.4162814164955914e-07 0.0 0.0 0.0 0.0 0.0 9.296389845410854e-08 1.878691736083911e-07 0.0 0.0 0.0 2.8478887819498074e-07 0.0 5.262801115449703e-07 1.0653314026449887e-06 0.0 0.0 0.0 0.0 0.0 0.0 9.151279867274838e-08 0.0 0.0 0.0 6.838234158184508e-08 0.0 0.0 0.0 0.0 9.871734078954632e-08 0.0 0.0 0.0 0.0 0.0 4.384769080602393e-07 0.0 2.635287250445312e-07 0.0 0.0 0.0 0.0 0.0 0.0 0.0 0.0 0.0 5.539028304187456e-07 0.0 0.0 0.0 1.0677586975747082e-07 6.195142831082766e-07 0.0 8.325405461948503e-07 0.0 8.705873385766574e-08 0.0 0.0 3.142707361647731e-07 0.0 0.0 0.0 0.0 0.0 0.0 0.0 0.0 1.612152930479801e-06 4.4251524054285416e-07 1.8104542556086697e-07
8.845517333812541e-07 0.0006535823476088537 0.0005251513523104607 2.125707195588082e-06 0.0005628335476841901 2.9038712644278764e-07 0.0006530603755460333 0.00020252459979462536 0.0 4.648320675703269e-05 0.0005532374588883311 2.4394000266174924e-05 0.0003397899709501937 0.0013812422448738872 3.572473140457936e-06 5.619690565294233e-06 2.275784897007207e-07 0.0 0.0 0.0 1.8932366271752664e-07 0.0 0.0 7.029960799295563e-08 3.293503573055627e-07 0.0 1.0109068147102737e-07 1.0439775789246818e-07 1.0241918796051927e-07 0.0 5.208186477663014e-06 2.2957238998156693e-06 1.2746704827312692e-05 0.0 0.0 3.0462913675427827e-07 4.608643255041529e-07 0.0 1.1134282049967752e-07 0.0 0.0 8.845953683982733e-08 0.0 1.5244544042865673e-06 0.0 0.0 1.0497557406656957e-05 7.464006501597217e-07 4.0739234492145324e-07 0.0 0.0 0.0 0.0 0.0 0.0 0.0 8.379620681550414e-07 5.167317488978775e-06 9.977968880000982e-07 1.8989870033034266e-06 1.8081194693899972e-07 1.8642780731641123e-06 0.0 6.829783629053447e-06 9.303628432053296e-08 0.0 0.0 9.175687839690709e-08 8.399643152570888e-08 0.0 4.494716054925844e-06 0.0 0.0 1.4952459337575799e-06 5.064399506093126e-06 1.161192284671994e-05 1.839675219901078e-05 6.841954381974433e-06 1.151517223727729e-05 5.1849672738086475e-05 4.471159676894434e-07 7.745940397071591e-06 3.660737443768015e-07 0.0 0.0 0.0 8.221352824247364e-08 0.0 1.1373009661199176e-07 8.684114313942719e-08 0.0 0.0 1.8335242341672405e-07 7.648432681927941e-08 0.0 1.3652079387437807e-05 5.082414422585501e-07 3.9885372764275356e-07 1.2124820310979638e-07 4.132115457156573e-07 9.865292981200517e-08 1.2047601386895738e-07 3.7508354696532474e-07 1.5311279288022043e-07 0.0 1.9193961189366555e-07 5.480646067645932e-07 1.8478647343564394e-07 1.310502366599109e-06 1.0077799089034581e-06 7.119474802068178e-07 3.2817545130090583e-06 1.7874388775393337e-06 1.3318979759872026e-06 1.596123211327032e-06 0.0 0.0 0.0 0.0 0.0 0.0 0.0 0.0 0.0 0.0 0.0 0.0 0.0 0.0 0.0 0.0 0.0 0.0 0.0 4.3022794424570474e-07 0.0 0.0 0.0 0.0 9.183556098809725e-07 1.4114779209242397e-07 2.6817382419787095e-06 2.965400763367582e-07 0.0 0.0 2.652387887176642e-07 1.2948704706533418e-07 1.1773879825746264e-07 0.0 8.835637340223668e-07 8.883407474627024e-08 0.0 0.0 0.0 0.0 0.0 2.5374158391191585e-07 0.0 0.0 0.0 0.0 0.0 0.0 0.0 0.0 0.0 8.737291629256084e-07 0.0 0.0 0.0 0.0 0.0 0.0 0.0 0.0 0.0 1.5707026823944366e-06 0.0 0.0 0.0 0.0 4.414523322276975e-07 1.0161760162927942e-07 6.281101889637562e-07 0.0 0.0 0.0 0.0 9.42474086955476e-08 0.0 0.0 0.0 0.0 0.0 0.0 1.0312680810102032e-07 0.0 1.2421590332237502e-06 3.6642528572866277e-07 8.589511713321174e-07
0.001298656035024731 0.0025485733685339626 0.00048317766599270456 0.0018872858324921026 2.709567590223452e-05 0.0002524381641266328 0.0016905798502866824 5.143386620477761e-05 4.648320675703269e-05 0.0 7.450203851288983e-05 0.0011714998155876013 0.0036698224129910924 0.0004132975605365602 6.525672048837887e-06 5.58071388024392e-06 6.306156584292444e-07 1.2546119940876417e-07 1.1072191352597402e-07 1.905764971363819e-07 0.0 9.959734227820256e-08 0.0 0.0 7.975295877637926e-08 2.4891681738693934e-07 0.0 0.0 0.0 0.0 0.0003886206522491088 1.0225484200040437e-05 6.177012524823153e-05 0.0 0.0 9.583624030784577e-08 1.4614006579596908e-05 5.771697268585956e-07 1.5087625110517617e-06 9.370521800006484e-07 1.6388604964796955e-07 3.593724452481572e-07 0.0 1.73839813708974e-06 8.34821474413944e-08 0.0 5.893608485395269e-05 1.2475815204204918e-05 3.343435954206703e-06 1.0510308181496316e-07 3.148487918605373e-07 2.931433924138476e-07 1.4895377832910754e-07 1.1504178021088238e-07 1.210396178285821e-06 1.235950870974071e-06 3.6353064917931466e-05 0.00031990115599432313 1.7083541622021036e-05 1.8659811636219048e-05 4.034879816347025e-06 1.571049047630918e-05 9.81844325897276e-07 7.063916523179544e-05 2.5024006388722037e-06 2.396267345786505e-06 1.5186328454002188e-06 1.916736204748095e-06 5.267679341229815e-07 7.348768669742986e-07 0.00013117640660694442 1.4361324136552641e-06 1.1274118976574886e-07 3.5395371223035685e-05 6.0047580770872654e-05 4.0717194057991786e-05 4.042206940755844e-05 6.3092352488964205e-06 7.2972913876175105e-06 1.8696055560595792e-05 6.005346800571892e-07 1.4211283752113567e-05 2.607953490670377e-06 0.0 1.8761894840735937e-06 1.857635004474124e-07 2.1700585020020674e-06 7.430627604176129e-07 1.4694930994551016e-06 6.921880911457396e-07 3.359478728802566e-07 1.5442552833945512e-07 1.1737060107517245e-06 3.806071406283181e-07 2.831409086566703e-07 0.0004804071426046729 5.955049667253024e-05 0.0 3.149169187238038e-06 0.0004292819427760224 7.720940852898278e-07 6.514518664866572e-06 8.470561783813793e-06 4.740394483059301e-06 1.804261603142888e-06 2.9381144644938583e-05 2.623980001992841e-05 1.531717335652309e-05 9.177696763012235e-05 3.225905544608195e-05 1.3391402187037063e-05 8.831042286935523e-05 8.452431769050119e-05 6.188558777258006e-05 4.3071810704110886e-05 2.2337058770577237e-07 1.075714398600368e-06 0.0 8.430594658813598e-08 0.0 0.0 0.0 0.0 0.0 0.0 4.756504363595156e-07 0.0 1.1666448447622201e-07 0.0 0.0 9.63301265513699e-08 2.852761026563256e-07 0.0 0.0 5.639780953493394e-06 9.284979498144892e-07 0.0 4.77428987828386e-07 0.0 1.6377167502908783e-05 2.0812661510494464e-06 1.4886102775893108e-05 3.6092332188929422e-06 8.900340088699467e-07 0.0 0.0 0.0 2.5762526542433247e-07 0.0 1.0814912774842565e-06 0.0 0.0 5.778270364500896e-07 0.0 0.0 2.7808731781997647e-07 1.359431059859892e-06 2.2696364639253021e-07 8.56164339536941e-08 0.0 0.0 4.6583973493017345e-07 2.326718436083829e-06 0.0 1.5448545962941316e-06 2.970659171350492e-07 1.8197517963130454e-05 3.3686829880566623e-07 0.0 0.0 0.0 0.0 6.479224872876326e-07 1.0064652140965238e-07 0.0 6.199436140012712e-07 2.4097772942980477e-05 1.6488744269523816e-06 0.0 0.0 0.0 1.601188095568871e-05 1.7337261446861123e-06 9.383375856531787e-06 1.3977861366962719e-07 5.475534370118857e-07 1.1221899954159322e-06 8.335954039971773e-08 6.274322890341539e-07 0.0 0.0 0.0 0.0 9.452794603673055e-08 0.0 1.1796755382013787e-07 0.0 4.276814160648006e-05 4.372807001648885e-06 1.2117785214626894e-05
2.8768456564218638e-05 0.00042423308027844713 0.0010556557493108538 2.6954851038142633e-05 0.0001600065965316373 2.0050329919805658e-06 0.00036075515370243564 0.0005413543380171754 0.0005532374588883311 7.450203851288983e-05 0.0 0.00011988816775273136 0.0007251801923555592 0.002146202704058821 3.0154460098210696e-06 5.714856853061743e-06 4.457527773082133e-07 9.666602749615403e-08 0.0 2.2409340825948112e-07 4.873328167101535e-07 0.0 0.0 9.843157164625972e-08 1.756648182180994e-06 1.0683860463336558e-06 4.164227928473185e-07 5.224152122708547e-07 3.2792342968740407e-07 0.0 5.7391567499209666e-05 9.09155644967042e-05 0.00021673819267581512 3.473356223360815e-07 8.074698605127759e-07 5.4494654070961015e-06 1.9993545039757654e-05 1.0086213607417387e-05 8.182895957579255e-06 4.849973292512513e-06 1.5456300511144703e-06 9.731596994029703e-07 9.053535916672733e-08 1.1716759684119568e-06 0.0 1.7934372864615738e-07 9.590705690863534e-06 6.370072087487185e-07 1.0411920877358256e-06 0.0 2.862713962885793e-07 0.0 1.2230179592974876e-07 1.1570047165812265e-07 0.0 0.0 1.2295563644457864e-06 1.2254964427014813e-05 4.866331095843978e-07 1.89504425261404e-06 2.129613983653547e-06 0.00011712577133333898 5.78599596935756e-07 6.74180265429566e-06 1.7380072712857994e-07 7.32032444106557e-08 9.094493158502312e-08 7.000081778109574e-08 5.917635535181158e-07 9.743572114676488e-07 1.4912608364082225e-05 2.0861139210039088e-07 2.0900869281467225e-07 2.600990298940766e-06 4.576138769811974e-06 9.763105003143478e-06 1.5947100953914307e-05 6.508213373970219e-06 0.00013856973724391623 0.0006189766460880961 2.3479104658084643e-06 0.0002129017865453204 1.0195430006295182e-07 0.0 2.1198021203653938e-07 0.0 4.1954709994034303e-07 0.0 9.342357517428497e-08 0.0 0.0 0.0 2.134681681793679e-06 2.6469369406264323e-06 7.659664831676787e-07 1.4775238744347314e-05 0.0 0.0 4.12691575398071e-06 2.695264512887828e-06 0.0 4.7399769563768355e-07 2.0570960503192322e-07 0.0 0.0 2.8040413303904494e-07 0.0 5.171230622580826e-07 1.4083967951045567e-06 2.783240620213434e-07 1.8093315150021762e-07 2.0759704192115804e-06 1.0296066297847376e-06 5.900518604926851e-07 9.612586214745158e-07 0.0 0.0 0.0 0.0 0.0 0.0 0.0 0.0 0.0 0.0 1.1911046539558337e-07 0.0 0.0 0.0 0.0 0.0 0.0 0.0 0.0 9.376705913841242e-08 0.0 0.0 0.0 0.0 6.212779572844372e-07 0.0 1.6138401213466273e-06 6.787388466633878e-07 0.0 0.0 0.0 0.0 0.0 0.0 3.2762708006653865e-07 0.0 0.0 0.0 0.0 0.0 0.0 1.1147708737889389e-07 0.0 0.0 0.0 0.0 0.0 0.0 0.0 2.5656226773542114e-07 0.0 1.0754152165189678e-06 0.0 0.0 0.0 0.0 0.0 0.0 0.0 0.0 0.0 1.1975724538378978e-06 9.762573662421814e-08 0.0 0.0 0.0 5.823399779448246e-07 0.0 1.003000867366381e-06 0.0 0.0 3.2519538519812515e-07 0.0 0.0 0.0 0.0 8.053264166280689e-08 0.0 0.0 0.0 0.0 0.0 2.103817039965659e-06 4.09919264088076e-07 1.8059610932133466e-07
2.41689001450673e-05 0.0001730476668687107 0.00017872181911204784 7.04695967369478e-06 8.38022612686455e-06 6.076591021778248e-05 0.0002850143795286232 0.00018150420343544238 2.4394000266174924e-05 0.0011714998155876013 0.00011988816775273136 0.0 0.0015698893640735368 0.00028828237877453875 9.70484967045876e-06 2.699529702772065e-05 1.1360213814487822e-06 2.0446295802685682e-07 0.0 2.9564439319159945e-07 2.6109146150370785e-06 0.0 1.0584938016654826e-06 1.4677240903532742e-06 9.61600503585962e-07 5.038376261183365e-07 3.4929598752168297e-07 1.792885939768664e-06 5.751521762197774e-07 0.0 3.740051649595181e-05 1.4988056326591502e-05 0.000277789014970076 1.407371540639756e-07 3.108979769085125e-07 3.559542277502808e-06 0.0001988853594338316 1.3659722582817707e-05 2.141589914851547e-05 4.465274490769625e-06 5.060721844835162e-06 1.326546486613725e-05 3.7836348126494543e-07 5.95086915900139e-06 0.0 8.109733941969145e-08 2.8840384575772518e-05 1.1795276727616352e-06 1.702877603883752e-06 3.7981821099572835e-07 1.6534721910152565e-06 3.057883624774134e-07 6.432753957870528e-07 9.738048816634383e-07 2.389579411471644e-07 1.7864712210220026e-07 3.703977305043123e-06 1.9733429450281802e-05 2.0651139623530857e-06 2.092496004580285e-06 1.4737991819570696e-06 4.161696282809917e-05 3.367750544798694e-07 1.6020984463221615e-05 3.7486810121719964e-07 1.081937706264021e-07 2.3294089435961219e-07 1.5318237928565064e-06 2.9878702396681433e-06 5.913169748654398e-06 0.0002774602306511336 2.032399881918888e-07 7.428499683825127e-08 4.601446735937944e-06 1.0250316264672295e-05 1.749420633884748e-05 3.205812331510894e-05 2.5971100500680216e-05 2.429126314826923e-05 0.00015930705058801088 4.7261352992370953e-07 2.907063158704187e-05 1.0736972398310894e-07 9.260559907140904e-08 7.895183306372144e-08 2.1109545998907417e-07 5.884125945831042e-07 0.0 0.0 1.0916337961652819e-07 0.0 0.0 1.9859727050536726e-05 1.5175265316898439e-05 2.2260893906806774e-06 0.0006899437339658399 7.2002460372815835e-06 0.0 1.1884408733211456e-05 1.601545912333295e-05 1.899285821014904e-06 4.1828889003388625e-06 4.309382174117403e-06 4.959823536933733e-07 1.6937005898750391e-06 3.7829794074064263e-06 1.1568460836665096e-05 4.710748459251885e-06 3.356809600867384e-05 1.3130118510086552e-05 7.2915110437819e-06 4.292925689785891e-05 3.0451783652381017e-05 1.4947177273047503e-05 2.602193398927587e-05 2.4834623471205123e-07 6.200532549736083e-07 0.0 0.0 0.0 0.0 0.0 1.0516497657756352e-07 1.8190159175662804e-07 0.0 2.580586525108108e-07 0.0 0.0 0.0 0.0 0.0 7.667728131828232e-07 2.705765124704426e-07 0.0 4.7488131813838715e-06 2.1661339560590283e-06 0.0 4.1669943899271874e-07 0.0 1.4787796416877218e-05 1.205625682254677e-06 1.804879971214467e-05 2.614378329276034e-06 1.008358562715889e-06 0.0 8.166509650894934e-08 0.0 0.0 1.6324075051412983e-07 1.3936602179340246e-06 0.0 2.57534227942787e-07 2.902151438390766e-07 0.0 0.0 0.0 1.3456444363283501e-06 3.8301009152223054e-07 0.0 0.0 0.0 2.6822620271806413e-07 1.9349692344514293e-06 0.0 9.614092643755602e-07 8.739666977409595e-08 1.564760836059092e-05 1.0482330758814744e-07 0.0 0.0 0.0 0.0 0.0 0.0 7.275610064085364e-08 8.74388486864036e-07 1.7980209590332896e-05 1.1651987636609334e-06 1.36867270484308e-07 4.653227352586961e-07 3.8517462073814885e-07 1.144675685490581e-05 2.267350743897974e-06 1.034797754455128e-05 2.2813110137600458e-07 8.638498637020614e-08 7.803556164292578e-07 7.233711579120428e-07 7.739918063482701e-07 0.0 0.0 7.998981297621353e-08 8.080313476893946e-08 0.0 0.0 3.433337474704909e-07 1.111639904913735e-07 2.885827075280867e-05 3.761766539847131e-06 9.151635093575356e-06
