0.0 0.001776190610733832 0.0002191862050005159 0.0007650641034474325 4.4840090280295315e-05 7.861959336835304e-05 0.00016041711329155923 8.452161390130767e-06 1.463732726758933e-05 0.0009870904933708046 2.7105903973398404e-05 4.2406395515258674e-05 0.00011412427526632707 2.895971227101636e-05 1.0510359077891245e-05 1.4149778271254995e-06 1.5081505800750045e-06 3.2339499572259814e-07 0.0 0.0 2.3296891518721073e-07 0.0 1.1517793182575829e-07 0.0 6.694153537123384e-08 1.440337595025195e-07 1.5305389323360745e-07 1.0311660939175777e-07 1.5283936241561138e-07 0.0 0.00036839584145085565 4.1653269887120504e-06 4.873485525823205e-06 1.8297635243769476e-07 9.789331757044153e-08 0.0 6.743055745719966e-06 7.842175349347203e-07 3.4625972674274764e-06 7.677853727949928e-08 0.0 3.4118100724076026e-07 8.417275209393264e-08 3.0094764505376657e-07 5.640144522620591e-08 3.7485321991591306e-07 4.1588933845347265e-05 6.4605762674205875e-06 2.5988604534555418e-06 1.5332948224066783e-07 7.790509168336062e-07 0.0 0.0 2.918925869467839e-07 1.846630743684072e-06 2.023777704191173e-06 8.150269443474677e-05 0.0005001438465597186 4.370923562073005e-06 6.289538412819997e-06 4.5995457115863556e-07 7.004431748197441e-08 7.959179847657254e-08 6.767755488327752e-05 2.6442505457121462e-06 5.438681173459275e-06 9.900114958944824e-07 2.3997938625743784e-06 2.5875820966041e-07 1.2591302541328205e-07 1.3570564103478534e-05 4.677084313572827e-07 0.0 6.686766976477897e-05 4.18668661320614e-05 2.9005359489935796e-05 1.5482484313585264e-05 1.6532131976351326e-06 3.09746398247933e-07 1.3978065116543353e-06 7.52081405517671e-08 9.385769835142753e-07 1.0649026901662542e-05 0.0 4.399586343369821e-06 4.359681919066254e-06 1.4150982243160845e-06 0.0 9.258783344701963e-07 1.7931650490643269e-07 1.3002915775310874e-06 4.121798306221883e-07 3.1170969420448093e-07 5.999494455264323e-07 4.770888808476017e-07 2.5696714894014957e-05 6.059453304987917e-06 1.6023344748004137e-07 4.588471981302656e-06 0.0006538280763490372 1.0123479481542226e-06 5.330228497868312e-06 1.676591569452816e-06 2.0098232318961705e-06 9.796645332231522e-08 3.4904462188596917e-06 9.834325760384358e-06 6.981116753850131e-07 5.3234324197567025e-06 1.093426750868891e-05 2.158167924446633e-06 4.523545160733038e-06 1.1716562932480642e-05 5.297128515145319e-06 5.893161435196414e-06 0.0 3.2451163506370544e-07 0.0 0.0 0.0 0.0 0.0 0.0 0.0 0.0 0.0 0.0 1.685218830986339e-07 0.0 0.0 0.0 0.0 0.0 0.0 5.996284386119584e-07 1.2609586803671629e-06 0.0 0.0 0.0 2.6655436727889076e-06 2.0689351655043173e-07 5.143606256837213e-06 1.488614332918253e-06 1.1247761151907845e-06 2.544611003940718e-07 7.270782555021114e-08 0.0 0.0 0.0 3.528497710397039e-07 0.0 0.0 0.0 0.0 0.0 1.3467232920018783e-07 1.0243891214939571e-06 0.0 0.0 0.0 0.0 0.0 0.0 1.7408141232231417e-06 2.150274642463164e-06 7.593170009530403e-07 1.6647022198357215e-06 9.962717335236143e-07 0.0 0.0 0.0 6.024384560589486e-08 0.0 0.0 0.0 1.63937031574924e-07 3.308510742573664e-06 8.193704059915564e-07 6.16742474862905e-08 0.0 0.0 2.059585282952281e-06 0.0 1.2349295862628203e-06 0.0 0.0 6.763593468277374e-07 1.3511316564898163e-07 0.0 0.0 6.317535771224764e-08 0.0 0.0 0.0 0.0 0.0 9.525143450275882e-08 9.514948024795931e-06 2.5691860384140588e-06 3.148383398158841e-06
0.001776190610733832 0.0 0.0008961487494029252 0.0008936996930268077 0.000712820219423552 0.00010534210150055415 0.0012088518003124805 9.173049472464918e-05 0.0003816316239091636 0.002252268833281072 0.00036166964810747395 7.968511060805687e-05 0.0005177375872299236 0.0005712000606598669 4.24851657691517e-05 5.188514673831478e-06 4.776728866938134e-06 1.1750699412292686e-06 3.2364640797903917e-07 1.0855622095924081e-06 7.146128915577599e-07 1.5085910164612879e-07 7.606826954255278e-07 2.421186637653693e-07 5.861302538286467e-07 2.3482681089105843e-07 2.281696842205086e-07 5.236468096341252e-07 3.0125053021777624e-07 2.0602238584061414e-07 0.001173048008926937 3.7758989011852416e-05 1.6734322877031277e-05 1.6081814965127094e-07 1.4484880577340025e-07 0.0 2.8687096625844683e-05 1.8993309078779534e-06 4.278183552415837e-06 4.849991438627557e-07 3.335727806083441e-07 9.531189746368281e-07 6.064114876607342e-07 1.6053565361903364e-06 2.4222313954929585e-07 1.3092202699473331e-06 0.00012771950768912505 1.3454626469164562e-05 4.815123655359275e-06 4.3634014624115457e-07 1.3618213159511764e-06 0.0 4.933687651396781e-07 3.472433761148229e-07 1.4921619250716388e-06 1.6372106215376604e-06 8.9281430385125e-05 0.0004906697365915938 9.947299942466165e-06 2.1014777022067784e-05 9.238962301694168e-07 7.731808915269713e-07 8.775860968579915e-08 0.0003084787278215501 3.9578863272101005e-06 8.304660002320658e-06 2.0013730953359357e-06 4.153015437990388e-06 1.3173517945619057e-06 5.867922059081053e-07 4.151234304010383e-05 1.307633470656681e-06 0.0 0.00011511632780005509 0.0001384574507272843 0.00011656093996028354 0.00015237647289667445 2.3107339009021153e-05 7.541243409450085e-07 4.3201838771793495e-06 8.312656159838008e-07 5.2025058059086685e-06 1.6465649853304357e-05 6.945428474810829e-08 7.094623786758083e-06 6.589191336653094e-06 4.46287303199117e-06 2.614721039799376e-07 2.0785027144994297e-06 1.417322323185564e-07 1.1393179549383342e-06 5.40368757593777e-07 6.114614983526111e-07 9.674509761915018e-07 9.910777057342976e-07 2.9446612041584056e-05 1.2421053534310326e-05 0.0 3.378683496340179e-06 0.0006765580722517974 1.1767638707726655e-06 3.1554019596824e-06 1.170407585703573e-06 1.7309726644022625e-05 7.917081377828731e-08 4.21574322306617e-06 2.4106986583537507e-06 1.2689903677604278e-06 3.2973130902242897e-06 8.520470998724546e-06 4.191918759924558e-06 7.676171092063066e-06 1.0105488102800054e-05 9.783780862683197e-06 8.738764210004528e-06 9.197026235619807e-08 0.0 0.0 0.0 0.0 0.0 2.388973279953415e-07 0.0 0.0 0.0 0.0 0.0 0.0 0.0 0.0 1.7770602624017366e-07 2.6480696559662386e-07 0.0 0.0 2.883982966353882e-06 2.167762012723675e-06 0.0 0.0 4.871905457313975e-07 4.46653277139743e-06 1.583952910766994e-06 1.5230301363749554e-05 3.479919028027495e-06 5.56881418798067e-07 0.0 0.0 0.0 2.457838310467677e-07 1.0217370422385128e-06 4.590699140109714e-07 1.2929032068730541e-07 2.3291209009200495e-07 1.717929293386852e-07 0.0 0.0 0.0 3.156359995863194e-07 1.1803394835205192e-06 1.055170601407552e-07 0.0 0.0 1.8687568603759234e-07 7.29193077837542e-07 4.593183095798351e-07 8.946035666689643e-07 2.958153674535321e-07 3.620988070235311e-06 6.33013438842253e-07 0.0 0.0 0.0 0.0 0.0 0.0 0.0 0.0 8.688448077777971e-06 9.79406665904046e-07 0.0 0.0 0.0 4.552764472231611e-06 2.4074668398647037e-06 3.704219167086369e-06 1.8603312195350657e-07 0.0 1.433492849849838e-07 1.5932056970665423e-07 8.815038765833614e-07 0.0 0.0 9.040974284746888e-08 0.0 0.0 0.0 0.0 0.0 1.1273413543908785e-05 6.0255254577749645e-06 6.24563463388272e-06
0.0002191862050005159 0.0008961487494029252 0.0 5.170636551704706e-05 0.00042495663850030025 1.2669145142166215e-05 0.00029981153621106674 0.0012675897771056402 0.0005482892106984421 0.0002873477472263178 0.0018134968384011785 8.872015486352689e-05 0.0004530119756778348 0.001143576843275849 3.535600624019634e-05 1.4869991556799985e-05 5.453090776328437e-06 5.914496039024238e-07 1.5498884422067922e-07 1.9444602296591282e-06 5.79135335458818e-06 8.653775081702181e-07 6.308042417606553e-06 3.7697348796710746e-06 2.5222068654292433e-06 1.023073683522757e-06 4.146772700392955e-06 2.250306629338396e-06 1.9027728943411348e-06 1.2944685271319065e-06 0.0021102076923269018 0.00029564263738316934 0.00022080216748579049 1.6293376238047107e-06 5.492163513923196e-06 6.144639112670303e-06 0.00017715018920077736 1.3642509923477974e-05 1.3705361463025678e-05 2.8733785580509565e-06 1.8251002551949794e-06 1.4614303935030744e-06 6.073125203400679e-07 3.3565125942721798e-06 3.308168689127401e-07 9.920391532589291e-07 6.032075186583388e-05 2.7839728964167113e-06 2.5218112306378578e-06 3.5909296276214904e-07 4.642289276806408e-06 2.878522259057734e-07 2.383050413957926e-06 3.694873220284434e-07 6.978847155979487e-07 1.2213497562899169e-06 3.2120217336173246e-05 0.00021555194726769066 3.9286747412429756e-06 7.429893410878645e-06 1.222289627470246e-06 1.5005763495653345e-05 2.220274974694011e-06 0.0001346699303983451 1.5559668676437662e-06 3.3122999184207394e-06 1.121703672955821e-06 4.944430319140749e-06 1.0852427596779745e-05 1.2180854192062877e-05 0.0001405913253802023 2.6997740916033607e-06 7.104019200748785e-08 3.210528137538434e-05 4.785925279564363e-05 4.3773319277121826e-05 7.62032788271054e-05 2.1969466117713586e-05 1.4105834826660457e-05 0.0004759919436119991 8.070973693958818e-07 9.897454331326656e-05 5.101858101205161e-06 1.0849657434208773e-07 2.725381341415646e-06 1.7490640825594986e-06 1.4652487414758964e-06 2.6146478391725007e-07 6.58918378412165e-07 6.94082883719299e-08 5.22300031630872e-07 2.1806915464924183e-07 1.7748073509221435e-05 1.4910790153251455e-06 8.345761332561139e-07 2.9348932254675337e-05 8.54246071031915e-06 5.188039015725541e-07 5.287583645369538e-06 0.0001708110298778736 2.677221648838087e-06 2.335026450696344e-06 1.2442744734397282e-06 4.172799356278486e-07 8.030448929483105e-07 3.772245055672884e-06 4.653680699973247e-06 2.3049740901139287e-06 7.765853483423151e-06 7.568270767642504e-06 9.117525002645549e-06 1.5337159211768412e-05 1.5469343092686094e-05 1.497275835477653e-05 1.353345717574664e-05 0.0 8.640739855743228e-08 0.0 1.060065420282953e-07 8.078875847598767e-08 0.0 0.0 2.458252915790799e-07 0.0 0.0 9.759239487523212e-08 0.0 2.314910734618497e-07 1.0831666514997864e-07 0.0 1.2186173401574146e-06 2.671985771266448e-07 5.227647907365287e-07 0.0 6.896557946840058e-06 6.7663901701302735e-06 0.0 0.0 0.0 8.98163175294533e-06 2.2240073903208825e-06 2.8317359216091084e-05 5.734182897311022e-06 1.2350419227344488e-06 4.476986345321491e-07 2.665374792347081e-07 8.537537243724272e-08 4.23233784842881e-07 0.0 9.083914940221986e-07 0.0 7.696756681559202e-08 3.316843071537131e-07 0.0 0.0 0.0 1.2623699549345685e-06 1.0738539639487031e-06 0.0 0.0 0.0 1.1906198195651429e-07 9.334533126642607e-07 9.931612529126762e-07 4.833859836964279e-07 4.3774057587078234e-07 6.553950084218994e-06 1.884976405510204e-06 7.57529445969745e-08 0.0 0.0 0.0 0.0 0.0 0.0 0.0 1.3973221300231761e-05 1.2679783717970014e-06 1.0140833166049317e-07 0.0 1.4073573066802688e-07 1.186553296598462e-05 1.9509411828564138e-06 3.4681523029760417e-06 1.7066752105985327e-07 7.669609737113723e-07 3.622091037169818e-07 3.850518404896928e-07 0.0 0.0 0.0 0.0 0.0 6.871433669790147e-08 0.0 0.0 0.0 2.070473534524979e-05 1.1367326936908513e-05 1.4688158415422828e-05
0.0007650641034474325 0.0008936996930268077 5.170636551704706e-05 0.0 3.3355506616476534e-05 0.00014546579985514463 0.0006434782412883522 0.0 6.241801121378259e-06 0.0013606552797890536 4.60183870230135e-06 0.0001432033959518088 0.0003467999844289323 8.628591681900755e-06 1.5634955953678958e-06 9.02716996564323e-08 1.2180377793300672e-07 0.0 0.0 0.0 0.0 0.0 0.0 0.0 0.0 0.0 7.888994286484163e-08 0.0 0.0 0.0 5.5272771885852783e-05 3.794450455023016e-07 2.703524699261949e-07 6.507247035460002e-08 0.0 1.9895238384698682e-07 2.5416126435514024e-07 4.3124762079818847e-07 0.0 0.0 0.0 5.192347526773422e-08 7.703877794241639e-08 5.991210187864588e-08 0.0 0.0 1.3842902764830617e-05 1.3136269206539777e-06 2.383060572301937e-07 0.0 0.0 0.0 0.0 0.0 3.5350712780654477e-07 2.8830504801112424e-07 1.4675861645389044e-05 5.730733359938273e-05 5.794785658457362e-07 9.002933205647312e-07 2.778361689929207e-07 0.0 6.99148864474085e-08 1.788059072871016e-05 3.062728771276944e-07 1.1248305669421795e-06 2.3493083795622348e-07 2.3171715743639182e-07 1.4553679975977603e-07 0.0 7.335793469811643e-07 0.0 0.0 1.3939740576936511e-05 1.0191215405902562e-05 8.502257731257942e-06 4.761740746647901e-06 0.0 0.0 3.113086261317059e-07 1.632290885255371e-07 1.3478282214051852e-07 9.634046953065892e-07 0.0 6.596396316493929e-07 7.272413080062894e-07 4.698647899125267e-07 0.0 3.44186093005248e-07 0.0 8.065626209759322e-08 0.0 9.097643139323691e-08 0.0 9.100225164389848e-08 4.844938184185597e-06 7.109196225881417e-08 0.0 0.0 0.00042768108378734817 6.069490202995054e-07 1.1365807813057098e-06 7.356269750336227e-07 1.1963415125054778e-05 0.0 1.2947503376516263e-05 4.529785752049166e-06 1.6225789353190594e-07 1.7391247781798623e-06 2.7677859942207667e-06 1.2333431978471784e-06 2.794340429869818e-06 2.765335643782991e-06 2.1553666489061163e-06 4.142949719263764e-07 0.0 0.0 0.0 0.0 0.0 0.0 0.0 0.0 0.0 0.0 0.0 0.0 2.585373481235017e-07 0.0 0.0 0.0 0.0 0.0 0.0 9.505510112272892e-07 6.787131524505399e-07 0.0 0.0 0.0 3.0936767961323054e-07 0.0 4.6904146126643377e-07 4.827312219296535e-07 0.0 0.0 0.0 0.0 0.0 0.0 0.0 0.0 0.0 0.0 0.0 0.0 0.0 1.2028096701899366e-07 0.0 0.0 0.0 0.0 0.0 0.0 0.0 0.0 0.0 1.3858003167529974e-07 4.856068171908237e-07 0.0 0.0 0.0 0.0 0.0 0.0 0.0 0.0 1.7278176060151823e-06 0.0 0.0 0.0 0.0 5.064810626006037e-07 0.0 0.0 0.0 8.08887632910497e-08 0.0 0.0 0.0 0.0 1.1064305027207859e-07 0.0 0.0 0.0 0.0 0.0 0.0 2.62801360326492e-06 2.340075909950707e-07 0.0
4.4840090280295315e-05 0.000712820219423552 0.00042495663850030025 3.3355506616476534e-05 0.0 5.892614901151162e-06 0.0014646736079619433 4.7500825142242276e-05 0.0014578265763914974 0.00025456490623007496 0.0007336110292450698 2.6880109714395003e-05 0.0003792811238461021 0.0007900508608962272 1.4633095363105913e-05 1.0741582223002479e-06 7.247392900359394e-07 6.586671878119797e-08 1.492049350725005e-07 1.3222043257487235e-07 2.2271634564329887e-07 0.0 0.0 9.56961958891532e-08 6.66910529898167e-08 0.0 0.0 0.0 8.671760919037961e-08 0.0 0.00013657293837266097 1.8938781645288843e-05 1.7088455551228852e-06 1.5613139031245025e-07 0.0 0.0 1.4612945560620937e-06 1.2236848238497396e-07 6.875149547697844e-07 2.0711405911858182e-07 0.0 1.5167324507323645e-07 8.723709035993826e-08 5.424150232712005e-08 1.8652062515349595e-07 1.8376725439545703e-07 3.290761005912682e-05 1.6820519631864564e-06 9.211878177875295e-07 1.1695942099639855e-07 1.3012211552111524e-07 0.0 1.445527162658147e-07 8.160376690311743e-08 8.025328021226918e-08 7.154180552033876e-07 1.123493797529808e-05 4.4781379506666195e-05 1.7215107827286075e-06 5.427532950454917e-06 2.174946648845239e-07 0.0 0.0 7.114097163550724e-05 5.658269300584931e-07 1.3791743463019956e-06 2.1346172121870343e-07 7.53115848231672e-07 1.9389153902983242e-07 1.297287567610378e-07 5.336470802965735e-06 1.204708669613587e-07 0.0 1.827551906376538e-05 2.8590085851578107e-05 2.965416678037018e-05 4.993189816789925e-05 1.0698891141658777e-05 5.094351512075349e-07 4.921654582026004e-07 4.598942536258403e-07 8.901333168356901e-07 1.7825802708556541e-06 0.0 1.7044843763861554e-06 1.0078294096947118e-06 7.682280365563333e-07 0.0 2.2541695680623612e-07 0.0 2.2381584176521693e-07 7.067081537302475e-08 1.3808052660000286e-07 6.473875334605048e-08 2.519080744536655e-07 6.588047147061281e-06 1.6622411379914207e-06 0.0 3.606756749276967e-07 1.0053414187809718e-05 3.6056734989367145e-07 3.085350846544001e-07 2.0064670264039374e-07 5.886684342061726e-07 0.0 4.707147010905507e-07 4.950772429021978e-07 1.0583229858633131e-07 3.159878924078346e-07 8.704851765198219e-07 2.46496082877515e-07 2.2456921677826775e-06 1.5604242722267112e-06 1.266239489283703e-06 7.64200693765656e-07 0.0 0.0 0.0 0.0 0.0 0.0 0.0 0.0 0.0 0.0 0.0 0.0 0.0 0.0 0.0 1.0772417257229947e-07 9.020196984214591e-08 0.0 0.0 2.659304925004076e-07 6.127667185110497e-07 0.0 0.0 0.0 8.023365876801648e-07 2.2362597966660286e-07 2.614298438632299e-06 2.7284905461515516e-07 9.805027182446257e-08 0.0 0.0 0.0 0.0 0.0 0.0 0.0 0.0 0.0 0.0 0.0 0.0 0.0 2.059664149329302e-07 0.0 0.0 0.0 0.0 1.1290338182998636e-07 0.0 0.0 0.0 4.321973043225186e-07 0.0 0.0 0.0 0.0 0.0 0.0 0.0 0.0 0.0 7.111497612502876e-07 0.0 0.0 0.0 0.0 3.0675430370252813e-07 2.462652251841006e-07 3.2923910887231926e-07 0.0 0.0 0.0 0.0 0.0 0.0 0.0 0.0 0.0 0.0 0.0 0.0 0.0 1.7122397449285908e-06 7.064819994744536e-07 6.510943883367212e-07
7.861959336835304e-05 0.00010534210150055415 1.2669145142166215e-05 0.00014546579985514463 5.892614901151162e-06 0.0 2.8092128947914624e-05 2.4330114096128834e-06 3.517172751669403e-06 0.0003615901142856238 3.7120058972858583e-06 5.231703951937949e-05 7.7886330546505e-05 1.4506260096293998e-05 8.624878458461876e-08 2.2916242852719184e-07 2.432716871699088e-07 0.0 0.0 0.0 0.0 2.2924596049808187e-07 0.0 1.6831227737451395e-07 7.108871850873106e-08 0.0 2.541774020118037e-07 5.909319554516621e-07 3.0509174662868487e-07 0.0 1.9613409851353478e-05 4.947687568630447e-07 1.2462186788457872e-05 7.482212347937764e-08 0.0 0.0 1.4008945520021982e-05 1.3078908135695238e-06 5.4308964435723375e-06 9.158571362134621e-07 2.760060884460356e-07 3.0533201119734024e-07 0.0 0.0 0.0 0.0 4.861984880184819e-07 2.6960466659453684e-07 0.0 9.209057304678028e-08 0.0 3.0495416567203517e-06 4.7164561952065004e-07 4.739599487049411e-07 0.0 8.011681024002291e-08 8.148736267157279e-05 3.0684358873450305e-05 2.346121876261849e-06 4.498718281503245e-07 0.0 0.0 3.0451325623886443e-07 2.0228085743850945e-06 0.0 1.5944660020988303e-07 3.8447075509980593e-07 0.0 6.741485797710995e-08 0.0 8.6781814865837e-05 5.9544520659853764e-05 4.507358777537106e-06 2.3390043208920036e-06 1.2030251525079567e-06 6.17634262854502e-07 1.18999673842418e-06 2.830846971898834e-07 0.0 2.167379877338885e-06 0.0 5.47365483273027e-07 3.0867253315792146e-07 1.3824797979179286e-07 1.8097440719890667e-07 1.7195090537398244e-07 2.099081443464139e-07 5.583966123056349e-07 3.5582138130333393e-07 2.088980713861617e-06 1.107063466487002e-07 4.886530985813669e-07 4.823055878562492e-07 6.88462081137799e-07 1.5785057245024424e-06 0.0002131258905285372 0.0001574100469473333 1.3660981809732457e-05 1.0006539068921312e-05 0.00026602972331344986 1.0544039897316617e-06 1.3673242103796552e-05 4.681494186404554e-06 1.4036732391483858e-06 6.368327815651013e-07 5.365118922512175e-06 2.643667461090958e-05 3.3919051676476565e-06 1.6020537222838463e-05 3.5573307658669665e-05 1.9812723978209737e-06 1.8930631917830058e-05 2.6448166611953995e-05 1.4932066342546539e-05 3.8348317862763005e-06 0.0 0.0 0.0 0.0 0.0 0.0 0.0 0.0 0.0 0.0 0.0 0.0 0.0 1.2905377561874533e-07 0.0 1.9670381088313038e-07 1.9491242286848659e-07 0.0 0.0 3.1855241365791043e-06 1.4061424249616443e-06 0.0 0.0 0.0 1.1128369956349145e-06 1.517325624497561e-07 2.1570231780110553e-06 1.7408524427241236e-07 8.316956831823194e-08 0.0 0.0 0.0 0.0 0.0 3.222812325065646e-07 0.0 0.0 0.0 0.0 0.0 0.0 1.357352304149184e-07 0.0 0.0 0.0 0.0 0.0 2.606936255849937e-07 3.8820367458919e-06 1.722647868507738e-07 0.0 2.0918750742170177e-06 8.026074570308538e-07 0.0 8.061016300266219e-08 0.0 0.0 0.0 0.0 0.0 0.0 9.521457058056439e-06 5.038031198444972e-07 0.0 0.0 0.0 2.464868035897773e-06 1.4167275491703256e-06 0.0 0.0 3.8105369144976373e-07 0.0 0.0 0.0 0.0 0.0 0.0 0.0 0.0 0.0 5.485821058041959e-07 0.0 2.6436539492499864e-05 1.0412088901436148e-06 1.243012741157404e-06
0.00016041711329155923 0.0012088518003124805 0.00029981153621106674 0.0006434782412883522 0.0014646736079619433 2.8092128947914624e-05 0.0 3.057584623713905e-05 0.0011475662101922094 0.0021213695748331413 0.0003451102051880792 0.000365590296162105 0.002064345549744298 0.0016678790290538266 4.333502562564312e-05 6.214758993310463e-06 3.5548462598220654e-06 7.307585981276486e-07 4.0560594398502106e-07 8.209878641267437e-07 2.423669836467311e-07 0.0 8.424969925215395e-08 1.0912978679581008e-07 0.0 1.0740706356417545e-07 1.7995887014163956e-07 7.487332607443944e-08 1.737430070136445e-07 1.6092331202896512e-07 0.00014650870318301916 4.031725259767415e-05 5.187925252003877e-06 8.883801077595246e-08 1.3308470275326416e-07 1.8931593760010946e-07 7.558208173728464e-06 8.987797651509547e-07 2.0816504657988225e-06 1.4742960902701818e-07 1.9463843951771737e-07 2.696164846573395e-07 1.4701442523513156e-07 1.0835726771039385e-06 6.5977340390282e-07 6.98923407624559e-07 0.00011481600653936114 6.104512053579782e-06 3.3479984152728037e-06 3.2529739567758597e-07 3.585302532164829e-07 0.0 2.4999261840459317e-07 1.4711832255029334e-07 1.0913954129293503e-06 6.156616843664662e-07 2.648920529997412e-05 9.823285460189017e-05 7.262499682433916e-06 1.301730495336702e-05 2.696014390632041e-07 3.8308002428292663e-07 8.151777508841444e-08 0.00015814048756064035 1.7819148425573569e-06 3.340050838319194e-06 4.493466758243705e-07 1.8641024033816798e-06 5.922538701105284e-07 4.074815559705726e-07 2.483637820050513e-05 6.687771783209889e-07 0.0 5.8327801443307477e-05 7.129204941997147e-05 8.024838500955e-05 0.00012341322589767685 2.0678525563453317e-05 4.216700107715685e-07 1.0455123301288655e-06 6.732266411224803e-07 1.4047197972689482e-06 5.401556870039433e-06 7.261116720398484e-08 4.008561061414593e-06 2.736746111769302e-06 2.5990689779296337e-06 7.674340205984914e-08 5.431339356021185e-07 7.023935336197107e-08 7.071531421791476e-07 4.028550060395444e-07 4.865868243721807e-07 4.3594128391843604e-07 5.605572850484895e-07 7.748131917109766e-05 4.9692857109337726e-06 0.0 1.7702126681325573e-06 2.074163546228889e-05 1.7955273154685959e-06 2.666240473556759e-06 2.585419320829941e-06 1.848598229484477e-05 1.0696742351853725e-06 9.837875801569061e-06 7.916389734623509e-06 1.0810048726381533e-05 1.390891124089669e-05 9.219272257533476e-06 3.966393791646804e-06 1.1038598799768039e-05 1.4614113061963347e-05 9.859403084151818e-06 7.443350410848404e-06 0.0 0.0 0.0 0.0 0.0 0.0 0.0 0.0 1.9660511978685196e-07 0.0 0.0 0.0 0.0 0.0 7.711189747553966e-08 2.9997548774761077e-07 9.773952056650139e-08 0.0 0.0 4.667737328770865e-06 4.277676997590359e-06 0.0 0.0 0.0 5.670684559403e-06 1.6148185173389941e-06 1.6262795227294897e-05 2.6880501678342545e-06 8.800641651402279e-07 1.3026854921236677e-07 0.0 0.0 0.0 4.0117274859019646e-07 1.013402291274984e-06 9.675691297882783e-08 0.0 1.7992894114087277e-07 0.0 0.0 0.0 8.458502732324475e-07 9.33856294549585e-08 0.0 0.0 1.1526295051543638e-07 0.0 1.0156544702076826e-06 3.104079286398808e-07 0.0 2.483707433630421e-07 2.1752743973536358e-06 1.9058860456396407e-06 0.0 7.474824707123498e-08 0.0 0.0 0.0 0.0 9.669929316485166e-08 0.0 8.933988541068504e-06 6.52989760166529e-07 0.0 0.0 0.0 6.1349702883913465e-06 1.4460998359228186e-06 1.2802886628623803e-06 1.1389847785547979e-07 1.2134883225260141e-06 2.934567070181053e-07 2.1675383561554447e-07 4.6750327497702676e-07 0.0 0.0 0.0 0.0 0.0 0.0 0.0 1.5167179079194917e-07 1.7079618624502455e-05 5.862608428819922e-06 6.904813501645309e-06
8.452161390130767e-06 9.173049472464918e-05 0.0012675897771056402 0.0 4.7500825142242276e-05 2.4330114096128834e-06 3.057584623713905e-05 0.0 8.703247723754e-05 5.14450198057891e-06 0.002608933682885453 6.935728212646692e-05 0.00029206482242635263 0.0013634966409875968 2.4547734488766574e-05 1.23681351035796e-05 3.998071849489619e-06 3.0671361085773562e-06 3.2165230720920197e-07 2.377644005956919e-05 2.821619630115562e-05 1.071073443002469e-06 1.925992918173511e-05 8.727105231518337e-06 6.67922157695959e-06 4.268896631052914e-06 8.138135934085706e-06 2.4576463939940106e-06 1.7362299691057002e-06 8.346081869131849e-07 0.0007003326978711013 0.0015544875856122748 0.00039597814195908393 1.4135749527895595e-05 1.7088111870501296e-05 1.5077618236556699e-05 0.00016801725409839322 2.36536064558598e-05 1.4035200343991483e-05 6.728329277123937e-06 4.769064966741792e-06 5.2980522054189835e-06 9.986454049531752e-06 1.0475970277572735e-05 6.486497414928415e-07 5.452432484820947e-05 3.250666875210505e-05 2.3822904681884574e-06 2.7534062500711205e-06 5.787752505464679e-06 1.580004136468955e-05 4.504815288221945e-07 2.3470323969101762e-06 2.5496040705998864e-06 1.8613644079990348e-07 2.4691039626312934e-07 4.951267095503401e-06 3.338400064708152e-05 1.155927993520119e-06 3.071686322256428e-06 8.894261019000725e-05 6.73842656835137e-05 3.289311208028664e-05 0.0002520672405289619 4.4858184280477614e-07 5.403198850925249e-06 1.3377957078669106e-06 1.5865172222545644e-05 9.94692932617854e-05 7.66596982026422e-05 0.00011164898133109963 2.3446009250978842e-06 5.9595587558037055e-08 9.538647625184345e-06 1.8540596266181434e-05 2.2799628334262875e-05 7.484311318607166e-05 0.0004888422709181507 0.0012813678560335598 0.0016099024683409557 8.515226802555818e-05 0.0018968363996972341 1.3686227084066716e-06 0.0 1.7742536292673328e-06 9.065541366626275e-07 4.054281383648408e-06 0.0 1.416661300981129e-07 6.279292498370006e-08 4.6194731495968795e-08 7.877521142440234e-08 6.806113459104199e-05 3.0258328927379535e-06 3.7119955064730922e-06 1.4819322710001892e-05 2.641237745228711e-06 8.200342989148147e-07 4.900971517839872e-06 2.802682203552277e-06 6.68996547732859e-07 8.299821884196712e-07 2.4203913241958173e-07 0.0 1.7251071176332421e-07 1.983218539745832e-06 1.03830930194433e-06 0.0 2.7856838286167934e-06 3.859867827917702e-06 3.912844510993669e-06 7.274920044752116e-06 6.2584882476807686e-06 5.520670692528526e-06 4.377734950685007e-06 0.0 2.5416387557395717e-07 0.0 0.0 0.0 9.122129127451003e-08 0.0 1.0061689989021736e-07 0.0 1.673476942248022e-07 4.2095010369062505e-07 0.0 2.2620230113885592e-07 0.0 9.628853709182843e-08 1.0596892804295667e-06 3.082798988353626e-07 5.963654855283644e-07 0.0 3.0000515887024593e-06 2.733544395281027e-06 0.0 8.27003436499608e-08 5.6169468439012864e-08 4.151277285320859e-06 7.009110100817296e-07 1.3353747344517628e-05 3.2354749414525505e-06 8.22450952195477e-07 7.65046842193584e-07 3.411943498661021e-07 0.0 1.1099453221858325e-07 3.276535692379491e-07 5.538313151886759e-07 2.8595605395094507e-07 2.9788672353784845e-07 0.0 0.0 0.0 9.07357883870719e-08 1.1647223298079215e-06 2.66416668465988e-06 0.0 0.0 0.0 1.9468228961259073e-07 2.9317953938600446e-07 1.0838796277680519e-07 8.088721494101001e-07 1.4501771865272766e-07 2.0196275043660977e-06 6.094489082073003e-07 1.1061362945882483e-07 0.0 0.0 0.0 0.0 0.0 0.0 8.630596432983363e-07 7.99081835337406e-06 4.536980800608497e-07 4.2294842674182036e-07 0.0 6.34134711339729e-07 4.724494159256176e-06 1.2795653120000993e-06 7.903652793109703e-07 9.13061802141848e-08 1.0414435916808781e-07 0.0 7.464460925607989e-08 7.342263994352409e-08 0.0 0.0 0.0 0.0 0.0 0.0 8.330620588423243e-08 9.641515147007222e-08 8.074171593634493e-06 6.426951781121658e-06 7.079282486958803e-06
1.463732726758933e-05 0.0003816316239091636 0.0005482892106984421 6.241801121378259e-06 0.0014578265763914974 3.517172751669403e-06 0.0011475662101922094 8.703247723754e-05 0.0 7.562716159187702e-05 0.0005437073678448406 1.4351973567216311e-05 0.0006129390777937467 0.0005899518461192088 3.544145577016673e-06 3.1789868286303736e-07 8.352461730857794e-07 1.843455771915231e-07 0.0 0.0 0.0 7.724712401025408e-08 4.87546276990511e-07 0.0 0.0 0.0 1.0569429864529587e-07 1.590824460130537e-07 0.0 0.0 3.811628822406861e-05 7.583100236116174e-06 1.0804228389919924e-06 0.0 0.0 4.1045848057808885e-07 2.1952295586148693e-06 1.874245285516532e-07 1.9290208172323338e-07 0.0 1.6165787545403399e-07 0.0 6.715534715796152e-08 0.0 0.0 0.0 1.288989979750926e-05 5.793715220929939e-07 2.1247643213096115e-07 7.910840402668843e-08 1.6593387331358128e-07 0.0 0.0 7.8936290647279e-08 0.0 3.0947623711601164e-07 3.840004502627571e-06 1.312218909839781e-05 5.872937491397044e-07 1.543935111991773e-06 7.605961954233124e-08 2.72258627225029e-07 0.0 1.8207275314110784e-05 3.808413069130726e-07 3.8130653095624125e-07 0.0 1.5506314231633264e-07 7.265157351752001e-08 0.0 3.4605075679364404e-06 0.0 0.0 4.0135745582930355e-06 9.202575286449467e-06 7.8863493542914e-06 1.648224419213574e-05 3.675764342607382e-06 1.925091824944176e-07 1.3528791944095867e-06 1.5716621687021162e-07 1.3991729467830928e-07 5.023203746502606e-07 0.0 5.780262091835281e-07 1.8901838299873635e-07 5.025285369055934e-07 0.0 8.910705281409507e-08 0.0 1.0112408184071091e-07 5.96725671537592e-08 6.535717970564403e-08 7.336011666067232e-08 0.0 5.058009768769305e-06 9.025176248717156e-07 0.0 5.225720741378415e-07 2.969218370975039e-06 1.9169785572363216e-07 0.0 0.0 0.0 1.1167242192345022e-07 6.767484670877064e-07 6.409627566084077e-07 0.0 1.9875170005747045e-06 1.2588428957192087e-06 5.084640643389065e-07 1.3736894622552277e-06 2.1768482757064576e-06 1.1933222418218765e-06 3.8771642440170715e-07 0.0 0.0 0.0 0.0 0.0 0.0 0.0 0.0 0.0 0.0 0.0 0.0 0.0 0.0 1.8657641765492534e-07 0.0 0.0 0.0 0.0 8.997891012393134e-07 2.3141777011622174e-07 0.0 0.0 0.0 6.615562338234946e-07 0.0 1.7300330981344417e-06 0.0 2.1941670574626496e-07 0.0 8.641381577634671e-08 0.0 0.0 0.0 0.0 0.0 0.0 0.0 0.0 0.0 0.0 6.876085748034329e-08 0.0 0.0 0.0 0.0 0.0 0.0 0.0 0.0 0.0 1.8558878225462293e-07 1.9809322257497585e-07 0.0 0.0 0.0 0.0 0.0 0.0 0.0 0.0 9.256738484649577e-07 0.0 0.0 0.0 0.0 6.362194100493873e-07 1.5101998624400053e-07 0.0 0.0 0.0 0.0 1.7410347414787936e-07 0.0 0.0 0.0 0.0 0.0 0.0 0.0 0.0 0.0 1.908769534026013e-06 5.563131516272584e-07 1.3743785645228818e-06
0.0009870904933708046 0.002252268833281072 0.0002873477472263178 0.0013606552797890536 0.00025456490623007496 0.0003615901142856238 0.0021213695748331413 5.14450198057891e-06 7.562716159187702e-05 0.0 3.466729619598969e-05 0.000830015393764803 0.003888718248690169 0.0001864859567365141 3.3356616411504966e-05 2.6593338538485673e-06 4.997341289246282e-06 4.928930908149917e-07 9.157633053360584e-08 6.905329236283521e-08 1.3557176703573062e-07 0.0 2.8644782808854394e-07 6.053250422266504e-07 2.0646387103942462e-07 1.6026921523095775e-07 2.2906473218093894e-07 3.475165485280713e-07 5.850220536440056e-07 0.0 0.0001174524866493117 7.200411905468282e-06 1.790324075429044e-05 1.695838057820894e-07 2.957565474520252e-07 0.0 3.650152495860603e-05 3.3141890946878877e-06 1.4361666303339631e-05 6.090087745710245e-07 0.0 2.9162482618992405e-07 1.0543550145116573e-07 6.663436953836452e-07 3.3658952224813045e-07 1.5457640139761282e-07 0.00010112019702829886 5.424527761971677e-06 2.8777276105686255e-06 2.9510272637277484e-07 6.676179755725412e-07 6.136974044723931e-07 4.5276494128381854e-06 3.287120643588168e-07 4.463634745604435e-07 1.502025412199333e-06 3.683954335276577e-05 0.00011045655309923822 6.0769123410914524e-06 1.5459602684249057e-05 4.443230584456698e-07 5.596828403073369e-07 5.849327207667169e-07 0.00010505507401432576 2.231012155094088e-06 3.433943184787134e-06 8.624178781568953e-07 1.8271366382471496e-06 1.3263805458557146e-07 2.2342886238030285e-07 0.00022301844939872595 1.1463915466820531e-06 1.8166007649772295e-07 5.1112715682869516e-05 5.021344376514345e-05 6.252339097138858e-05 5.655686397003135e-05 4.665431087336781e-06 1.149372380008419e-06 1.3165516154789062e-06 2.7546106274457255e-07 1.8329461297709834e-06 4.864538333218986e-06 0.0 3.3357145499581017e-06 2.122075760678233e-06 1.7935667821058692e-06 5.163464635408467e-08 1.1820224221573852e-06 0.0 7.731148217440286e-07 0.0 5.217447070228951e-07 4.212766033552397e-07 6.18392916530188e-07 0.00043995229301100713 0.00022839565122542273 3.0556555579707343e-07 2.069285175869534e-05 0.00031065916817203616 8.538059779425154e-06 2.839755837973946e-05 5.6705460118088256e-05 6.333048309131557e-05 6.201794951447086e-06 5.680855009088558e-05 9.711601393202773e-05 1.2149512430009925e-05 6.661787744253576e-05 8.012418587896189e-05 2.017147908277573e-05 5.561289772281651e-05 9.919741714838267e-05 5.449758479977441e-05 2.76343622050933e-05 0.0 6.216831225207302e-07 4.6133775485032153e-07 0.0 0.0 0.0 0.0 1.018216611085823e-07 9.066979969788129e-08 0.0 0.0 5.112238469096098e-07 1.4876123547363335e-06 0.0 5.959190590169273e-07 8.063489984079593e-07 9.345446940047214e-07 4.921067192948456e-07 3.107978598373705e-07 1.2880672896335373e-05 1.115729523271519e-05 0.0 8.478789685969205e-08 4.055778801405521e-07 1.4101065346288264e-05 3.813413926196344e-06 3.870815627173175e-05 1.120828922761536e-05 4.102152555468576e-06 6.338035460812449e-07 2.0933017836285686e-07 0.0 1.0162243646597836e-06 6.433881517955441e-08 2.1437104708574958e-07 1.828553064970937e-07 4.738597925148752e-07 3.2542103121200345e-07 0.0 2.787814410171378e-07 0.0 1.650052163179149e-06 1.222332623377597e-06 0.0 2.0512520781762922e-07 0.0 7.370358978822178e-07 2.6851386804784144e-06 8.870405379095809e-06 2.233181115618405e-06 8.718191308977467e-07 9.339037873758017e-06 4.150152206823286e-06 8.58387529491141e-08 5.47864566660813e-07 0.0 0.0 0.0 0.0 0.0 2.9517786243719976e-07 3.137736769204834e-05 3.212275024545689e-06 0.0 0.0 0.0 2.431859084695862e-05 5.349978005374278e-06 8.054592074851636e-06 2.9040250006485914e-07 1.8405763219977125e-06 6.96753857818977e-07 4.2768325305062247e-07 0.0 6.997568513646611e-08 8.194647991189744e-08 0.0 1.1309692558494472e-07 6.976100186221612e-07 0.0 0.0 6.167751610512425e-07 7.272843952252051e-05 2.320504257802423e-05 2.357301606351389e-05
2.7105903973398404e-05 0.00036166964810747395 0.0018134968384011785 4.60183870230135e-06 0.0007336110292450698 3.7120058972858583e-06 0.0003451102051880792 0.002608933682885453 0.0005437073678448406 3.466729619598969e-05 0.0 0.00010084447577895391 0.0013708989470662995 0.002911084877622334 2.730632366759548e-05 1.4642494966940467e-05 2.8053336773077056e-06 3.245372985331129e-07 1.9555954019756515e-07 9.759264950961373e-07 5.2379920750052955e-06 1.2680391164235578e-06 7.84221241459815e-06 4.748089073016907e-06 6.872659883009061e-06 1.3840571416770886e-06 5.069021786707674e-06 2.3898727394139582e-06 1.8091089024727946e-06 2.686190936786623e-06 0.00034714165109043556 0.00017229079061659627 0.00114226271767187 6.309148839134898e-07 4.956330162289363e-06 1.209645399361937e-05 0.00033001131165966494 3.1239550087611316e-05 1.626775899207832e-05 4.902951292046842e-06 3.1240741619735594e-06 8.688513536654651e-07 1.2253350276420165e-07 3.368612057800907e-06 7.00977690770938e-08 1.3786123936313491e-06 3.511201467297674e-05 1.4667614859521519e-06 1.635790275282522e-06 5.773441404473041e-07 1.91352406071032e-06 1.211846001046439e-07 1.9016671918440574e-06 4.349171130796977e-07 3.6187989552104776e-07 1.8531363115382386e-07 5.696498787501838e-06 4.006420272859748e-05 9.847609295412175e-07 3.941297973097621e-06 6.44405629696611e-07 5.3369866489727e-05 2.4926110518585243e-06 6.349583235436417e-05 3.355927070350929e-07 1.7523476226436204e-06 3.796312529758221e-07 2.389991266041995e-06 4.182693415750713e-06 5.942653800870615e-06 0.000130283427796623 1.7012996138983148e-06 1.3164454799761869e-07 1.2262224565741264e-05 1.941472823413843e-05 2.6006468569075577e-05 5.709813716624205e-05 2.3886815586959413e-05 2.2080669185218765e-05 0.0012290072357749077 8.492406354130555e-07 0.00014180881302492456 1.1085103520240703e-06 0.0 5.162253148814931e-07 6.023655203383301e-07 7.054717010735706e-07 0.0 3.0348132743117737e-07 6.867746066570674e-08 6.20842142467935e-08 7.205479378348107e-08 9.131523535879179e-06 8.46998539136865e-07 3.1888271229449737e-07 1.7714075737569198e-05 1.5726540047587761e-06 2.472468055842479e-07 4.984406251914898e-06 1.3236330241197007e-05 6.670131783695468e-07 5.108605793378032e-07 2.747285591008065e-07 0.0 7.721853792202171e-07 1.0124119743746133e-06 8.183480408403643e-07 4.5597452765042033e-07 1.421750242080253e-06 2.1035200397028512e-06 2.0094835626062184e-06 4.2638371864545456e-06 6.895285266901204e-06 4.214950012639599e-06 4.285800564204728e-06 6.205311208974669e-08 0.0 7.799305137311403e-08 0.0 0.0 0.0 0.0 1.657395726836035e-07 0.0 0.0 1.9843352980244426e-07 0.0 3.0011618000121515e-07 3.0402608822638364e-07 0.0 5.252460378938461e-07 8.57894101041e-08 1.7966714888416592e-07 0.0 2.287238464847058e-06 3.5788762523751937e-06 0.0 0.0 1.0112840684082168e-07 4.2373047920873084e-06 5.291314287746364e-07 1.094521091050052e-05 2.5053984120611252e-06 5.791824060568988e-07 4.928618210641907e-07 0.0 0.0 1.2942696906580626e-07 0.0 2.992383833849768e-07 7.736531004453186e-08 0.0 1.9581575320412908e-07 0.0 0.0 1.7159882333371245e-07 1.2133114192089818e-06 1.123471322126107e-06 0.0 0.0 0.0 4.4524868415688356e-07 1.4550103200885974e-07 1.360033696092879e-07 9.932244519767954e-07 5.026814202532602e-07 2.916059816238163e-06 3.4643893150046376e-07 0.0 0.0 0.0 0.0 0.0 0.0 0.0 3.407313477917404e-07 5.283652885237586e-06 6.623560669064856e-07 8.557703097365899e-08 0.0 0.0 4.447060750492324e-06 7.988259526527254e-07 2.125568544267715e-06 0.0 5.662717184761383e-07 0.0 9.123241733729508e-08 0.0 0.0 0.0 0.0 0.0 0.0 6.562801121258249e-08 0.0 7.986951213993734e-08 7.819821683587022e-06 6.109044405008398e-06 6.42192749877419e-06
4.2406395515258674e-05 7.968511060805687e-05 8.872015486352689e-05 0.0001432033959518088 2.6880109714395003e-05 5.231703951937949e-05 0.000365590296162105 6.935728212646692e-05 1.4351973567216311e-05 0.000830015393764803 0.00010084447577895391 0.0 0.0011059365191839119 0.00021629205899752668 9.047424049287124e-06 4.881662765688949e-06 1.1910696574204172e-06 0.0 1.2721328263409353e-07 9.570906276448286e-08 1.2864419810825235e-07 3.240639975522374e-07 3.7661578180481835e-07 2.3537072290499294e-07 0.0 0.0 2.3880198336789885e-07 3.291757854644469e-07 7.860001594178895e-07 1.5903201651176174e-07 3.239315034985305e-05 5.216550357143478e-06 2.2143568737673948e-05 7.510360529908894e-08 5.267968099335755e-07 1.3913955693963429e-07 9.75720679207427e-05 3.923821426149888e-06 7.883642871940815e-06 1.1287364366984948e-06 0.0 3.3609170392287683e-07 8.42450012207836e-08 1.2214632442928245e-06 1.437374267136777e-07 7.18486913094509e-08 1.6169426773496633e-05 1.8719975288964464e-07 8.23960907046661e-08 0.0 3.730257992440961e-07 6.863413497709676e-08 5.475873828099618e-07 7.541625415084873e-08 0.0 0.0 2.9972949687880867e-06 8.473653959181385e-06 8.036922049023941e-07 1.2191631767963987e-06 7.159624645923348e-08 5.068319498595932e-07 7.678036999829618e-08 1.773151658164101e-05 1.3608888567397872e-07 1.297206149483292e-07 8.949993582416044e-08 2.421313900781953e-07 9.33383680162477e-08 4.813082914869492e-07 0.00016076587554824423 1.0556667978577643e-06 0.0 4.599801616436662e-06 4.550877366558264e-06 8.377643135752919e-06 1.4574595179138436e-05 3.186339809975001e-06 1.285915574506537e-07 2.06049313831929e-06 9.121126808675323e-08 4.2763098542428346e-07 2.9015963508988713e-07 0.0 4.428017180316944e-07 0.0 7.751059220450392e-08 0.0 0.0 0.0 1.2851764860501023e-07 0.0 8.559850459920915e-07 8.090298713516409e-08 0.0 0.0002578444414776251 3.0206102107416525e-05 1.8476797292109455e-07 6.266038930186711e-06 1.5548347129053862e-05 6.010734606146036e-06 5.828313816191324e-06 3.2253914199442194e-06 6.2993074149140205e-06 4.34352860049617e-06 7.69881530051819e-06 1.7391698052153912e-05 3.2849777628145195e-06 1.8206428116870332e-05 2.8861337607964836e-05 1.2990201577891399e-05 3.88696095476493e-05 3.893724041235069e-05 3.165050394829585e-05 2.0571029707636867e-05 6.685390546273883e-08 1.106271342716708e-07 0.0 0.0 0.0 0.0 0.0 1.7651817036599185e-07 0.0 0.0 0.0 0.0 1.248151246757798e-06 0.0 1.9237421005345974e-07 9.571219352393802e-07 7.342737581864542e-08 0.0 7.154455730165925e-08 1.1799982512836528e-05 9.951853664801574e-06 1.4186849685329732e-07 0.0 2.1172610408048836e-07 1.3472802130755205e-05 2.2701896333790314e-06 3.041814156316129e-05 5.782260306761473e-06 1.0302898705201295e-06 1.1611044509964846e-07 4.620437408371583e-07 0.0 4.75100418796659e-07 6.134843711856854e-07 4.75816682065009e-07 1.2343883341239538e-07 2.3062837109599802e-07 9.149479833464202e-07 0.0 8.412332274891629e-08 0.0 8.824441964824521e-07 1.0803209257706313e-06 0.0 0.0 0.0 2.1222654984330938e-07 1.3412607682056824e-06 3.81576319056903e-06 1.8376308725785027e-06 2.571852233388615e-07 6.416692059108812e-06 2.193560065322098e-06 6.539007673773682e-08 0.0 0.0 0.0 0.0 0.0 0.0 0.0 2.58051940494191e-05 2.139088954145346e-06 3.724939972304718e-07 0.0 0.0 1.9325001003339697e-05 3.2866630802014457e-06 3.2345145048966947e-06 3.7568176559338966e-07 1.7121887531772845e-06 7.596981524003048e-07 4.561710015929538e-07 1.5244605231178514e-07 0.0 0.0 0.0 0.0 0.0 0.0 0.0 0.0 4.4926775095172354e-05 1.1043597359177347e-05 1.6720186711481626e-05
