0.0 0.003458678655920734 0.0012598970091695152 0.0006169244413371842 3.443607857379497e-05 0.00013810532350734048 0.0002724346235630906 6.798849945208193e-05 3.025835591623905e-06 0.00036857372940231087 7.406323825865286e-05 8.40952830253622e-06 3.135857807093914e-05 4.6049088506100654e-05 1.0375065804475116e-06 2.9144282347876523e-06 1.460508312428675e-07 0.0 0.0 0.0 7.393947974703679e-08 4.314875365528635e-07 8.274392751213602e-07 8.710043744968095e-07 1.8953492627129178e-06 2.2408706460399212e-07 1.19897596501192e-06 1.9536688810080012e-07 0.0 1.0040775108147123e-07 0.0012812162536772137 1.6805435112871982e-06 1.7157440371632e-05 0.0 9.315453462893063e-07 8.278079033189862e-07 1.0565452249318615e-05 2.295099352587072e-06 2.01434210019333e-06 7.885907041086734e-07 6.941879887325369e-08 2.3785035629276936e-07 8.213087144647615e-08 4.998849645954491e-07 0.0 7.95285455875676e-08 4.776414444176942e-06 3.423870374286974e-06 8.230387766833778e-08 9.040745344777016e-08 2.9104665206347796e-06 2.203391691956333e-07 1.7372218873544178e-07 0.0 6.070423799119092e-07 4.137636561295466e-06 0.00015441023597941456 0.0003791703201781626 2.2884142334559906e-05 7.193285945022641e-06 0.0 3.0015480223450998e-06 0.0 7.72043696079934e-06 5.42772799997282e-06 3.6599944967164294e-06 2.2805550442005027e-06 1.1397600981352624e-06 2.839202470614025e-07 2.0116910151556022e-07 4.10747372842815e-06 1.2135006376406493e-06 0.0 4.428447959046357e-05 5.0879644146958385e-06 3.1875307363945264e-06 1.4432992217612154e-06 4.576034370447687e-06 3.526126088043895e-06 3.6601490274996386e-05 1.8109898374542183e-07 1.2647913000265216e-05 3.6601798148859875e-06 6.009612388656892e-07 3.179738728599823e-06 6.0850526481146795e-06 1.7976936319591027e-07 0.0 2.478608975958186e-06 0.0 2.635553131798964e-06 2.156818434213146e-07 8.860661014790057e-07 2.9359238001158236e-07 3.9051017447902166e-07 4.5573060300001875e-05 1.9920195671650178e-06 0.0 2.7028905564493133e-06 0.0007529317314395592 6.831948208431232e-07 1.0298685122692318e-06 3.3836104019679664e-06 1.6432225678705088e-05 2.9160555488897747e-06 6.685683295345099e-06 7.621930216323234e-06 9.947887610696894e-07 1.025020795888814e-05 1.0360375250768265e-05 1.7203024361961558e-07 5.8944866195805326e-06 4.8567384822629945e-06 6.866183863664976e-06 4.893146339851887e-07 0.0 0.0 0.0 0.0 0.0 0.0 0.0 0.0 0.0 0.0 0.0 0.0 6.860429346295304e-08 0.0 0.0 0.0 0.0 1.4610578129638953e-07 0.0 0.0 8.46498433254282e-08 0.0 0.0 0.0 3.1246823348579874e-07 9.421665086522237e-08 1.0440619865247545e-06 7.88660623944218e-07 5.830113158077035e-08 0.0 0.0 0.0 0.0 0.0 0.0 0.0 0.0 0.0 0.0 0.0 9.373544861814005e-08 0.0 1.0928664666532158e-07 0.0 0.0 0.0 0.0 0.0 0.0 1.2640996177043882e-07 1.760457319356719e-07 1.417472003958151e-06 0.0 0.0 0.0 0.0 0.0 0.0 0.0 0.0 0.0 4.76378342212726e-07 0.0 0.0 0.0 1.8951478794114335e-07 1.2775940976402315e-06 0.0 5.378075568676448e-07 0.0 0.0 0.0 0.0 0.0 0.0 0.0 0.0 0.0 8.510030060412399e-08 0.0 0.0 0.0 1.166257670079631e-06 2.5868579074540744e-07 3.731568036778713e-07
0.003458678655920734 0.0 0.0009430972668392643 0.0009527967454253133 0.0011910230029853772 3.786481553401221e-05 0.002543600648646694 0.00042151398611812833 0.0007705259079315842 0.0011580417988615815 0.0003848636241815427 2.728524562583339e-05 0.0004689334472051572 0.001525522947189582 1.6618865538264625e-05 9.191099284964924e-06 5.154074419238217e-07 1.6854563489040956e-07 1.1246227007305253e-07 1.6257111327088362e-07 1.2296404466578615e-07 1.2280894956260142e-06 1.1519610342667197e-06 4.003673302838345e-07 2.0991723809380076e-06 1.1877854086265546e-07 1.9380910724013847e-06 5.845146728123461e-07 2.2433567144668526e-07 1.1650697845860922e-07 0.0007158567836480404 8.36528805954832e-06 6.545830085945899e-05 2.489917722745948e-07 5.852539588265367e-07 9.029014362078675e-07 3.410502323503002e-05 5.625138671391238e-06 4.454340185329293e-06 1.5964039399362084e-06 5.051398896522466e-07 4.2068449778160626e-07 7.389076352311603e-08 2.0442493353082706e-06 4.1218660677542506e-07 4.221046833646096e-07 8.471548427322095e-05 9.127828110581577e-06 1.0938917732264311e-06 4.3998298986857187e-07 1.2728096758392476e-05 9.537755155477638e-07 3.7883382504182836e-07 8.065923126479184e-08 1.5324428561941537e-06 1.345196148088685e-05 0.00014533880138949273 0.000400278749181379 4.3262858488450386e-05 4.280306313167833e-05 6.518537351181889e-08 5.936409569305893e-06 0.0 7.032918425009574e-05 1.6740600535905674e-05 1.5372542461541006e-05 1.2636700166395774e-05 5.456613026636578e-06 1.015121370853364e-06 0.0 2.4555676619732747e-05 8.918300635569188e-07 0.0 0.00014375595716724406 0.00011315572975611678 5.487101689051762e-05 5.567278167397647e-05 1.6577018489844385e-05 6.317397061664297e-06 6.925200910573699e-05 6.621746373733281e-07 1.7588667392096647e-05 1.0889871238870036e-05 6.457239530191202e-07 1.2711008467637472e-05 2.3926857958863575e-05 1.1997656639685104e-06 3.181180053362103e-07 1.0234660111323017e-05 1.0560048281503789e-07 1.0752869281112558e-05 1.103088266588846e-06 6.537412001918957e-07 1.8788258664547827e-06 7.972266575270308e-07 3.6928708678218386e-05 9.179208021433312e-06 0.0 4.420196485793869e-06 0.00025255465482607335 3.2194602934860712e-06 6.701902812545283e-06 1.9635668525570833e-05 6.0581079317881385e-06 1.9872304912008134e-05 5.4396004063041216e-05 1.9608124212559047e-05 3.6438206180217104e-05 5.733316641932237e-05 8.367262476074706e-05 1.2963307858352607e-05 5.747220076124135e-05 7.049987070341879e-05 7.005532101724174e-05 2.305073556193989e-05 8.749440796337171e-08 0.0 0.0 0.0 0.0 0.0 0.0 0.0 0.0 0.0 0.0 0.0 0.0 4.518764655774402e-07 7.865454227389814e-08 0.0 8.78565016471085e-08 2.3417799170353237e-07 1.3648044770779822e-07 8.093409831603116e-06 2.828624762499999e-06 8.13135417516189e-08 7.06337835381948e-08 0.0 6.860604747252741e-06 1.3271798521958737e-07 9.009781601724678e-06 6.617411741262326e-07 4.873056495044751e-07 0.0 8.88808417351147e-08 0.0 0.0 0.0 0.0 0.0 2.284893027153518e-07 3.2219877435880566e-07 1.651984925741671e-07 0.0 7.780030358276275e-08 1.7812089380642449e-07 0.0 0.0 0.0 1.964058382235565e-07 6.031660815741067e-07 1.8520731961087306e-06 0.0 0.0 7.793400070340935e-08 1.358531476905081e-05 4.871535548009295e-06 6.574408250334027e-07 1.066672226091846e-06 0.0 0.0 0.0 0.0 0.0 7.49539133616457e-08 1.4957417798791699e-05 1.0102278468325695e-06 1.0062218193328416e-07 0.0 8.668007974202613e-08 1.3736434374929765e-05 1.642428158909331e-07 8.37843963590119e-06 2.3136248390647597e-06 2.086055667854382e-06 9.568359070717122e-07 0.0 7.150157986907446e-08 0.0 0.0 0.0 1.8961258550561953e-07 8.061809121104101e-08 0.0 0.0 0.0 2.0211734818266537e-05 3.253814353896704e-06 3.5858344059816013e-06
0.0012598970091695152 0.0009430972668392643 0.0 4.225155430462555e-05 0.0006549409379190722 7.181646429410654e-06 0.00017287375332085487 0.0022080298030274625 0.0006901086024710696 6.994377070113493e-05 0.0019876989525901717 4.9060667882470847e-05 0.00038783506653862064 0.0013919869805956383 2.171983771631417e-05 2.5963260599422377e-05 1.0188865180227125e-06 1.013555670183347e-06 6.867917995860197e-08 1.0584979626580636e-06 2.9801245514441945e-07 8.3384118992393e-06 1.093572108243391e-05 8.313249848773584e-06 2.9346556458778913e-05 9.9266878650139e-07 2.174838314155276e-05 2.3071950706953893e-06 1.245108607517461e-06 1.8822830484814886e-06 0.0017494154088207525 3.538788689997798e-05 0.00019709816129316753 6.56626593460578e-07 1.3632374974258716e-05 8.775356007249198e-06 0.00011047116124100853 3.8622096981975514e-05 2.671323849047713e-05 1.35778330674407e-05 3.323527184417497e-06 2.022273942289759e-06 5.86735730994834e-07 7.70426206299966e-06 2.8848096726967e-07 6.355269434291135e-07 5.976743057859298e-05 5.818521934509349e-06 1.2861306802709662e-06 8.99719750790128e-07 1.1886563234830431e-05 3.820364810408688e-06 1.0881893762563628e-06 6.681189509606952e-07 4.911884394012678e-07 4.413932485746013e-06 8.897497167077922e-05 0.00038739762709620216 1.9962976967628812e-05 1.9540100019626922e-05 5.161889848191164e-07 4.354822168719083e-05 1.6076235230940332e-07 7.99773393250741e-05 9.371529557593898e-06 8.657815104390924e-06 9.41985494563465e-06 5.458073745535395e-06 3.6157909157341403e-06 1.3437227070228932e-06 4.246462194515859e-05 1.544608703543144e-06 1.0092434816467005e-07 7.965870889464916e-05 6.39654560674494e-05 3.27170616542066e-05 3.664645023804235e-05 3.641927471088844e-05 0.00011502335390865138 0.0007888866752933617 2.3234121448357383e-06 0.00030643449338451663 6.021204916979611e-06 6.351636201614157e-07 7.262386040028704e-06 1.1414062232611786e-05 1.260485457002212e-06 1.6790728214826365e-07 4.30540407357435e-06 7.57433008952241e-08 6.819387079370283e-06 1.8080368815000304e-06 1.0647844898653451e-05 4.859814933549507e-06 2.0609577007274168e-06 2.8125467988713424e-05 9.844899209872015e-06 0.0 1.3360926773168753e-05 0.00020293529315274568 4.110412417986774e-06 1.116001223112862e-06 5.188049263068818e-06 2.33583176435393e-06 1.1952815452302027e-05 3.2609016592026925e-05 3.64405247889734e-06 1.510426899254464e-05 2.6999373669278662e-05 2.9559696413883076e-05 6.370565550044719e-06 2.6711206186856053e-05 2.8714247438593527e-05 3.063248085888999e-05 1.2382230237827795e-05 0.0 0.0 0.0 0.0 0.0 0.0 0.0 0.0 7.368735597205356e-08 0.0 1.815208330619166e-07 0.0 9.30946259693477e-08 0.0 1.0323099398182088e-07 5.811000322429451e-07 2.4720059060520283e-07 5.612254559081363e-07 3.2223412624002397e-07 5.5589687930901305e-06 1.1197051380748263e-06 0.0 2.669811386678524e-07 0.0 6.793663790943413e-06 5.496732890816384e-07 1.0222638769620932e-05 2.3864402052339973e-06 7.699681664078658e-07 2.8306443514712056e-07 4.60812195860971e-07 0.0 0.0 1.6247196262711413e-07 1.3799293799767055e-07 0.0 0.0 3.466437411233391e-07 0.0 0.0 1.4934227823810418e-06 7.324108142656995e-07 2.8838990127467792e-06 0.0 0.0 1.4714557977838534e-07 1.8335561395298138e-07 6.57239602812786e-07 0.0 4.933478036112164e-07 6.211826867421852e-07 1.129061040286077e-05 3.284569905296191e-06 0.0 1.075825506826672e-07 6.840895606338985e-08 0.0 0.0 1.7117047448533703e-07 0.0 8.759368747183579e-08 1.1454998749946808e-05 1.1022680105915488e-06 0.0 4.4529629063202283e-07 1.5150116242706543e-06 1.0639963571517299e-05 2.5869100224843155e-06 7.518902952054211e-06 1.1520015085195487e-07 2.1614411437088785e-06 0.0 0.0 9.965652360558106e-08 0.0 0.0 2.828393622192786e-07 0.0 2.0609320942387269e-07 1.6513666436757088e-07 3.14716793541859e-07 0.0 7.002393582757508e-06 4.989512147769373e-06 4.4626938069405075e-06
0.0006169244413371842 0.0009527967454253133 4.225155430462555e-05 0.0 2.0309161563845295e-05 0.0005502310949571639 0.0016718037291037569 3.2071710420839155e-07 3.7118079782025045e-06 0.002806747172275723 1.3092104007672936e-06 5.199454346954518e-06 0.0001047686134187069 4.873892703417366e-05 1.1919875574527375e-06 0.0 9.042221919402629e-08 0.0 0.0 0.0 0.0 0.0 0.0 0.0 0.0 0.0 1.6596567779473852e-07 0.0 0.0 0.0 6.344650116841095e-05 6.026733513062202e-07 2.676789034035709e-07 0.0 0.0 0.0 0.0 0.0 7.065798325396806e-08 0.0 0.0 0.0 0.0 9.701212342388588e-08 0.0 0.0 7.001547795442594e-06 4.4427186946664626e-06 3.991957246967128e-07 0.0 3.904190370715114e-06 6.816696427501951e-08 0.0 0.0 8.628804058794572e-07 6.954262050172331e-06 8.252682568179814e-05 0.0002161160605215042 2.410829214652646e-05 8.129311256311596e-06 0.0 0.0 0.0 1.9312577900138155e-05 9.967123753749127e-06 5.969547291972291e-06 4.474189514922684e-06 1.2979166237615537e-06 0.0 0.0 8.536343694113319e-08 2.1355254764010582e-07 0.0 6.599667762779078e-05 1.9115798531489222e-05 3.7189573055490683e-06 1.816171578103208e-06 0.0 0.0 0.0 0.0 0.0 6.0428025807314405e-06 3.113112057172536e-07 4.685933704303481e-06 1.0277479014315027e-05 7.868625372749406e-08 1.8084994198438445e-07 3.982307756617662e-06 1.454817862289668e-07 3.4515263915115287e-06 3.7861298317145905e-07 0.0 3.9018348100076375e-07 0.0 7.459267942019641e-06 4.785873246994575e-07 0.0 0.0 0.0002384825049193649 2.125126267366501e-06 5.805939360215474e-06 8.544113247234981e-06 0.00017103743160000616 3.536520368003884e-07 3.0351695460299206e-06 2.5016936695578526e-05 6.560710255459875e-06 1.636079343341107e-05 1.4340290639700058e-05 7.652970950661226e-07 5.3860919191657245e-06 9.082902398697564e-06 3.0805303910326957e-06 1.8787815906934636e-06 0.0 0.0 0.0 0.0 0.0 0.0 0.0 0.0 0.0 0.0 0.0 0.0 0.0 0.0 0.0 0.0 0.0 0.0 0.0 3.4116727080971424e-07 6.216910955479147e-07 0.0 0.0 0.0 1.9956772680258822e-07 0.0 0.0 2.939112234821942e-07 0.0 0.0 0.0 0.0 0.0 0.0 0.0 0.0 1.3901348731591065e-07 0.0 0.0 0.0 0.0 0.0 0.0 0.0 0.0 0.0 2.583985781879574e-07 8.4144838695381e-08 2.1068688140842172e-07 0.0 0.0 8.043179205899526e-07 1.2932121925719967e-07 0.0 7.005825233466597e-08 0.0 0.0 0.0 0.0 0.0 0.0 1.707069428095017e-07 0.0 0.0 0.0 0.0 9.94869752530245e-07 0.0 1.398981241146295e-06 1.2537499571449045e-07 0.0 0.0 0.0 0.0 0.0 0.0 0.0 0.0 0.0 0.0 0.0 0.0 1.0376009094039583e-06 1.0796723327349471e-07 0.0
3.443607857379497e-05 0.0011910230029853772 0.0006549409379190722 2.0309161563845295e-05 0.0 6.166415732972009e-06 0.0016672823123481354 0.00028176077643606305 0.003209299646957065 0.0004175182698128487 0.0007834898681781917 1.2334310365503501e-05 0.0003055695393792509 0.0020583352245217273 6.573080831223047e-06 2.636807634970249e-06 0.0 0.0 0.0 0.0 0.0 3.1425950643434946e-07 0.0 8.941088370145001e-08 3.3352735557081183e-07 0.0 0.0 0.0 1.855039978170776e-07 0.0 4.05519049539698e-05 7.495711242768916e-07 9.962089402094584e-06 2.546825553140626e-07 0.0 1.8629973193686505e-07 6.511452628002218e-06 4.1228192369453025e-07 4.6691077659586e-07 6.68893782153146e-08 0.0 2.0254587580457049e-07 0.0 3.6903199514589677e-07 0.0 0.0 2.1254531042067318e-05 1.0407702560271897e-06 1.8101228465276798e-07 0.0 1.487266003128455e-06 0.0 9.137272518138954e-08 0.0 1.8240533884819598e-07 4.4142880341771366e-07 8.805622318466276e-06 5.562392668962645e-06 3.7164989161846644e-06 6.197313561733058e-06 0.0 5.530138431903695e-07 0.0 4.591400942973044e-06 1.5690953311895686e-06 1.7815531249247946e-06 8.827817807013806e-07 4.700726222199934e-07 0.0 0.0 6.20604926716376e-06 0.0 0.0 1.031877320634863e-05 1.3117382159859127e-05 1.4961075757381958e-05 1.4618944498116202e-05 6.563903544069491e-06 3.1017553727183823e-07 5.514868937448269e-06 1.6382198675327053e-07 9.385565467913459e-07 5.532871759463388e-07 0.0 5.442012538612526e-07 1.5812674714311455e-06 8.292429674048534e-08 0.0 1.4399943148486278e-06 0.0 5.903097986689032e-07 0.0 8.394646223677022e-08 0.0 0.0 1.5622746619709194e-05 2.0024883953508324e-06 0.0 9.786960628370784e-07 3.7490056958288557e-06 2.4030246726186486e-06 2.2177784901005655e-06 6.616455844435238e-06 3.185031636525354e-06 1.017196670179791e-05 2.0173438019029313e-05 6.585560866805557e-06 1.5232018153806887e-05 3.2788956582817215e-05 3.6859891817072326e-05 6.717599874688026e-06 2.686730479163386e-05 3.584795106850297e-05 3.433047144370944e-05 9.045705491844918e-06 0.0 1.065727132421656e-07 0.0 0.0 0.0 7.352630731997831e-08 0.0 0.0 0.0 0.0 0.0 0.0 9.85196577923784e-08 0.0 0.0 0.0 0.0 0.0 0.0 1.5858873244261473e-06 4.926275788331018e-07 0.0 0.0 0.0 4.017432852081617e-06 0.0 4.855747442959818e-06 0.0 8.981200727956347e-08 0.0 0.0 0.0 0.0 0.0 0.0 0.0 0.0 0.0 0.0 0.0 0.0 0.0 1.6335861615830343e-07 0.0 0.0 9.427707766826476e-08 2.4977470046535646e-07 4.805283921167551e-07 0.0 0.0 0.0 6.2816876829363055e-06 3.2048855085992313e-06 0.0 6.76539700339072e-08 8.072402872872604e-08 0.0 0.0 8.079588690405194e-08 0.0 1.6757253999595556e-07 5.468200964154552e-06 1.112628544109639e-06 1.7946849635019497e-07 0.0 0.0 5.535327523209638e-06 3.6927169421657566e-07 3.568705265118416e-06 3.35900071390756e-07 2.3172933699293329e-07 0.0 0.0 0.0 0.0 0.0 1.1591279409053716e-07 0.0 1.5857593188295124e-07 0.0 0.0 0.0 9.096034226535997e-06 2.1111915373096464e-06 3.585897345646189e-07
0.00013810532350734048 3.786481553401221e-05 7.181646429410654e-06 0.0005502310949571639 6.166415732972009e-06 0.0 0.00015842286367107034 2.0178901694152634e-06 3.703339167662404e-06 0.0011424795564174248 9.85841395378109e-07 0.00014417275136339102 7.957369654419907e-05 1.9163310187307835e-05 1.1576013775169764e-06 1.3190562648032426e-06 2.0894468980042642e-07 0.0 0.0 0.0 0.0 1.4557508319398419e-06 0.0 0.0 0.0 0.0 0.0 0.0 1.3177316001751108e-07 0.0 6.518108274703772e-06 0.0 2.2538482131740646e-05 0.0 0.0 0.0 2.763444701972151e-05 1.3419568096804545e-06 5.612221494548474e-06 1.7080082073951715e-07 0.0 0.0 0.0 2.3094648397324354e-07 0.0 3.640840741158948e-07 7.233171495602126e-07 1.0838469045164856e-07 0.0 0.0 1.730831648230115e-07 8.802937900427547e-06 4.7230968110206073e-07 5.605545916774156e-07 0.0 3.9174319483184435e-07 4.163021474122577e-05 2.2696482059916186e-05 5.38673109878966e-06 1.7422103900244939e-06 4.818972573351344e-07 3.694244246526146e-06 0.0 1.1413869343641422e-06 4.038018697098265e-07 3.9048935209211936e-07 2.914180997132339e-07 0.0 0.0 0.0 3.299683084729323e-05 3.365927626160608e-05 4.830139064254994e-06 2.894905244294608e-06 1.1368451304191698e-06 1.652200129781652e-07 2.868439829460904e-07 9.222123959540358e-07 1.8740199757956786e-07 1.2633949962930447e-06 1.4456861878686373e-06 3.1118279204908557e-06 2.4520562016002687e-07 1.1911878714823157e-06 1.2082088519118344e-07 1.0603938898467162e-06 0.0 3.179156249441511e-06 7.836261649024303e-07 5.645963689281062e-06 8.181238181683816e-07 3.6223435082655506e-06 0.0 0.0 1.4204270861798e-06 0.0003361016810860318 0.0001406444403100179 5.9386929067214085e-06 2.1227992786464988e-05 0.00031673587775005695 3.5870789382471413e-06 2.586983014668954e-05 9.610243382511552e-06 4.8930555578961594e-05 7.049531917555874e-06 1.214627852562099e-05 5.579886542014189e-05 7.28903711130179e-06 2.568786842992186e-05 3.5385803786081694e-05 3.963463662921302e-06 9.02163081241095e-06 1.3481964156416225e-05 1.1801508348292429e-05 2.3675597126307752e-06 0.0 0.0 0.0 0.0 0.0 0.0 0.0 0.0 0.0 0.0 0.0 0.0 0.0 0.0 0.0 0.0 1.990080996501178e-07 0.0 9.511604052372791e-08 1.0469154213491766e-06 0.0 0.0 0.0 0.0 0.0 0.0 9.436759598830484e-07 8.78572640965515e-08 0.0 0.0 0.0 0.0 0.0 0.0 0.0 0.0 0.0 0.0 0.0 0.0 0.0 4.960651036245188e-07 0.0 0.0 0.0 0.0 0.0 2.34154473896768e-07 0.0 0.0 9.55362554063462e-07 8.556155030099254e-08 0.0 7.792680575796088e-08 0.0 1.2823226963293883e-07 0.0 0.0 0.0 0.0 0.0 0.0 1.7840744593231473e-07 0.0 0.0 0.0 1.957550285609327e-06 0.0 0.0 0.0 0.0 0.0 0.0 0.0 0.0 0.0 0.0 0.0 1.1796353610166322e-07 0.0 1.1305661552199285e-07 0.0 1.3764886604147353e-06 4.798084465454789e-07 5.352298334266801e-07
0.0002724346235630906 0.002543600648646694 0.00017287375332085487 0.0016718037291037569 0.0016672823123481354 0.00015842286367107034 0.0 7.20530348306849e-05 0.0018086466026333032 0.0037464501206099423 0.00014700924645120387 0.0003841091985792475 0.0027687957976337005 0.0018130098944297793 2.0428858426737837e-05 1.2259192998015477e-05 6.86182801147431e-07 0.0 8.08864841537174e-08 1.4813580293849643e-07 0.0 3.7099595752393485e-07 9.498381460834461e-08 2.4520491140420653e-07 9.840605389923713e-07 1.0818593813767854e-07 4.5896401304166796e-07 8.21286324224075e-08 2.593271181142537e-07 0.0 0.00011255304815747005 4.608798970760236e-06 3.962855744798403e-05 0.0 0.0 1.6416645819002087e-07 3.2020899265055773e-05 9.823687818042252e-07 1.4871038859732867e-06 7.062647315145743e-07 0.0 7.913402632505241e-08 0.0 2.3646523962559243e-06 9.612228049150522e-08 1.009929900919932e-07 8.984955371042278e-05 7.467469309994191e-06 1.6514635821422213e-06 1.7307855791017954e-07 8.538483567538205e-06 1.0853259490487476e-07 3.585433432745631e-07 2.271299358988369e-07 8.001026114568337e-07 1.016062036947422e-05 7.791613224431579e-05 0.00016108846208428835 3.3438781090958915e-05 3.093095679738599e-05 9.758208122937332e-08 1.328432449243551e-06 0.0 5.230838405296547e-05 1.4306080601693724e-05 1.101729293346586e-05 8.665953844123893e-06 3.4297252181907533e-06 2.264937040547896e-07 1.449190018914788e-07 4.6614296208603e-05 3.807067069275962e-07 0.0 9.677127404787994e-05 7.87768908070889e-05 4.9415205246569944e-05 4.410160048056568e-05 2.064619081212248e-05 1.8526005695020148e-07 7.439219156725826e-06 5.458007761442399e-07 4.442238007878159e-06 6.436168713635153e-06 4.6431466845846585e-07 9.497488466086427e-06 1.870583974829275e-05 4.598291300607724e-07 3.0163248455956235e-07 8.60983779599837e-06 0.0 9.409445953622028e-06 7.915485622906191e-07 4.870153656718036e-07 1.0756741820896767e-06 2.402644108328685e-07 7.643300230390267e-05 1.2206723133468739e-05 0.0 5.4191557540378555e-06 6.8549422924317e-05 9.022195900204859e-06 1.9423566119185866e-05 9.845129125964638e-05 3.964610879791098e-05 3.4747688563045385e-05 0.0001228194404642355 5.515342544195477e-05 7.841312088362097e-05 0.00013174190894914468 0.00016613638533354718 2.3382801495225424e-05 0.00011605033830019077 0.00016702227336549573 0.00015274000783993931 3.629571416229008e-05 1.993907311445563e-07 0.0 0.0 0.0 0.0 0.0 0.0 1.7808689500449943e-07 0.0 0.0 8.165564529960595e-08 1.2353606430638717e-07 8.603439782037495e-08 7.35597638163136e-08 3.808503373684515e-07 0.0 0.0 0.0 0.0 1.8248131983465107e-05 5.568424390398486e-06 0.0 0.0 8.144103725883795e-08 1.2155526634662953e-05 2.142670110924994e-07 1.7112605659699827e-05 1.0418216469623375e-06 7.640751248608618e-08 0.0 1.2916038537961544e-07 0.0 0.0 0.0 7.346635839017831e-08 0.0 3.649115626441763e-07 1.5539918735237725e-06 0.0 0.0 2.1543566353036975e-07 7.252093181952727e-08 1.1759504750745698e-07 1.1439546922687245e-06 2.5327359169821386e-07 4.250793852360115e-07 1.9162528934358106e-06 3.219489647789629e-06 1.589312988296299e-06 0.0 1.8612980235958697e-06 2.2698819456071083e-05 1.1590693225035432e-05 4.182350430360282e-07 6.083323853065561e-07 2.6453349339736107e-07 4.1167449310972584e-07 0.0 8.541827423804733e-08 0.0 3.264575592182651e-07 2.371391798028797e-05 2.98873250900765e-06 1.2019727671784454e-07 1.0162562983267856e-07 0.0 2.301434156804439e-05 1.6747676882880195e-06 1.4122035615318266e-05 1.2991116451375564e-06 3.7899087566675364e-06 1.2894472333303278e-06 0.0 0.0 0.0 1.7509974695134424e-07 1.0387744372227746e-07 0.0 3.8816927213055654e-07 2.620611061055067e-07 2.1081670184950576e-07 0.0 4.3881817024257415e-05 7.244176685493673e-06 4.447756794135872e-06
6.798849945208193e-05 0.00042151398611812833 0.0022080298030274625 3.2071710420839155e-07 0.00028176077643606305 2.0178901694152634e-06 7.20530348306849e-05 0.0 0.00026699106123859786 1.4135860021088456e-05 0.001692049303694177 3.182734452598404e-05 0.00024960273532525443 0.0013345317089557766 2.8173219676503184e-05 3.124209054568006e-05 4.4588324783847277e-07 1.7530462892928734e-06 0.0 1.9545065713246054e-06 4.138143923075552e-06 9.215591657828983e-06 2.5024316148422833e-05 1.6177796100894616e-05 5.136536127600317e-05 2.4528345765718206e-06 3.390437990683779e-05 2.0654938292564646e-06 1.3861967627227949e-06 2.9393563206616e-06 0.0014687810739622599 0.0012212599720336586 0.0002694019982786359 4.6087441012471475e-06 4.053293322516281e-05 2.2256676199939706e-05 0.00012779797040835325 5.207981419907727e-05 2.6841364221223808e-05 1.9642300015511518e-05 1.01244690063212e-05 7.725944857990357e-06 2.2723792880840086e-06 7.79662064068027e-06 1.0905580274690647e-06 1.198539172760214e-06 9.100117298478069e-05 2.951353092161915e-06 1.4744560363422348e-06 1.9669777528287236e-06 1.8245913996557837e-05 5.771438941727951e-06 1.2850183202271862e-06 7.132483764494192e-07 9.582256591093414e-07 3.3267019379885395e-06 2.609313296760901e-05 6.739815184236389e-05 8.564869515810246e-06 2.0637363059714297e-05 7.950019309962365e-06 6.869072290623345e-05 1.0822341574942157e-06 0.00011776899212202463 5.248665583122119e-06 7.4480241967315804e-06 9.316654079144552e-06 1.1342164302527662e-05 1.1516008585191873e-05 1.3225189928442419e-05 4.9854326824279385e-05 1.6029748742091513e-06 8.567460222369188e-08 3.9211634387142435e-05 5.848445445235218e-05 5.3657578118669105e-05 6.772488275581557e-05 6.245384566571182e-05 0.0007262164886520546 0.0016107731680236566 1.5620751788867443e-05 0.001428560129540226 3.3591319142747496e-06 2.132795638926844e-07 4.676302399984039e-06 8.936679286096746e-06 1.3039337673788182e-06 0.0 4.009170133773716e-06 5.915662240718826e-07 4.9765229248236034e-06 1.4753374977001041e-06 4.498465260328824e-05 8.304706570548095e-06 3.5695931213867544e-06 5.10526788049626e-05 1.8433492200499184e-05 0.0 1.638478149429282e-05 1.620820352432164e-05 4.1403891970819e-06 1.379242541893217e-06 5.43475315007805e-06 8.829393929615999e-07 1.1283833381724995e-05 3.7225721991691954e-05 5.025144787571731e-06 2.189830686158839e-05 2.8909731104954447e-05 3.935775313544872e-05 1.1865072367694247e-05 3.249092151191889e-05 2.9346487263807265e-05 3.771895351102437e-05 1.4836388652145961e-05 3.3068292516692517e-07 3.4722339599709515e-07 0.0 1.9903117179981334e-07 0.0 0.0 0.0 1.1456205583919811e-07 1.7330875857899406e-07 4.180701875061e-07 9.88774780006805e-07 1.5625398875267898e-07 6.686009747202054e-07 3.2450499062697445e-07 5.064152098410715e-07 1.0902728391611923e-06 4.143117788864067e-07 1.1423907312720844e-06 7.246636299072682e-08 1.0318586728396821e-05 1.8149193515415278e-06 0.0 4.397931560653405e-07 9.420895119972006e-08 7.907018927894827e-06 1.8556107628580543e-06 1.0715171348327301e-05 5.871188860020943e-06 1.679621377010096e-06 8.081193700176423e-07 1.0943958650648916e-06 5.463718507770804e-07 0.0 6.673883203584917e-08 2.3654240648939954e-07 3.5382591822830084e-07 3.894092619156122e-07 7.959130376770987e-07 0.0 0.0 1.7554118155367319e-06 1.8226673466736634e-06 3.890354071807483e-06 2.9147802716558483e-07 4.4403484487531647e-07 7.655129810151125e-07 5.819858535229818e-07 1.5652822839393653e-06 0.0 4.784559256658646e-07 2.219975713683915e-06 1.9662307279526862e-05 4.257748969873193e-06 0.0 6.653711959245692e-07 0.0 2.951430196204182e-07 6.378550559566396e-08 0.0 0.0 5.609747496447938e-07 1.2249244149611099e-05 1.5777256199307264e-06 1.025289069094712e-07 8.280123632650543e-08 1.5740179625232557e-06 1.2467651760530021e-05 1.769353874773092e-06 1.1194510190448216e-05 6.143444226602971e-07 2.4876508961194288e-06 7.005625493189968e-08 0.0 4.5691996662529875e-07 3.0219282046785303e-07 0.0 0.0 0.0 7.942292486225685e-08 1.309650548870422e-07 8.622793863132089e-07 1.0618076053481783e-07 8.045724600410235e-06 5.556320956516579e-06 8.458590893278603e-06
3.025835591623905e-06 0.0007705259079315842 0.0006901086024710696 3.7118079782025045e-06 0.003209299646957065 3.703339167662404e-06 0.0018086466026333032 0.00026699106123859786 0.0 6.941511536186837e-05 0.0009034159513154746 1.4981547782657099e-05 0.00030520738132759916 0.0005098342368465506 5.57848181267743e-06 3.6347290377026586e-06 1.7685653248600284e-07 2.479476353478808e-07 0.0 9.843096666632052e-08 0.0 1.699928176269315e-07 2.91753797612027e-07 1.4689241434712083e-07 6.488679669911384e-07 0.0 7.118183434560036e-08 4.274024613017237e-07 1.1939926061909033e-07 0.0 1.0259676329909349e-05 1.3022015735233796e-06 1.7324349720215927e-05 0.0 1.6026630377563077e-07 6.939604888529467e-08 7.064705762191733e-06 7.569927803086784e-07 7.173459676840221e-07 2.1819248205001587e-07 0.0 1.5957504133762743e-07 0.0 1.3085756186510606e-06 0.0 9.108215677251753e-08 1.4364651253783249e-05 2.6949479487815224e-07 1.9481968565263406e-07 8.409311025922404e-08 5.084405010750142e-07 0.0 0.0 0.0 0.0 2.9422331229506424e-07 3.2146933629196344e-06 2.7165388847224215e-06 1.2440434495374405e-06 3.758004843650216e-06 0.0 7.383911401658448e-07 0.0 4.890261263375579e-06 8.493979855312836e-07 1.002651456518742e-06 6.15507791645689e-07 3.9485525572896436e-07 5.8470309447329914e-08 6.806931168332475e-08 5.12604326614896e-06 8.188770913712992e-08 0.0 5.866193994656571e-06 7.691816493353593e-06 1.0956901391025475e-05 9.832344620694318e-06 8.306856468572353e-06 9.783002764050658e-08 3.8154800228772516e-05 0.0 2.2687542060989647e-06 3.5661958668123997e-07 0.0 8.40522472645666e-07 1.0282885720504616e-06 1.7039987971972104e-07 0.0 3.4610574176211226e-07 0.0 7.697669066017128e-07 0.0 2.582936340022932e-07 3.252104013345724e-07 9.395652674044945e-08 9.452219152602355e-06 1.4162269777112817e-06 0.0 1.4957720501959318e-06 7.535658063141319e-07 7.118556175689164e-07 1.506451915796601e-06 5.201912263815041e-06 9.624559219163956e-07 6.355134045821371e-06 1.471878817621324e-05 5.497645123989451e-06 7.580266536994039e-06 1.9693998259744445e-05 1.9953511318874275e-05 6.496199681921324e-06 1.5546904366836606e-05 2.9628988973679888e-05 2.095936855313929e-05 6.930476784734349e-06 0.0 0.0 0.0 0.0 0.0 0.0 0.0 0.0 0.0 0.0 0.0 0.0 8.292157447381188e-08 0.0 0.0 1.3199806112576017e-07 8.586412997327353e-08 0.0 0.0 3.823421942729736e-06 6.841539715037491e-07 0.0 0.0 0.0 2.0981867163664686e-06 7.17035323229604e-08 2.8271933066255807e-06 1.1091310166948001e-07 2.553557605867353e-07 0.0 0.0 0.0 0.0 0.0 0.0 0.0 8.921556240997364e-08 0.0 0.0 0.0 0.0 0.0 0.0 0.0 0.0 0.0 0.0 4.680741455812519e-07 8.604849239634672e-08 0.0 0.0 4.306454922203908e-06 2.659965039399971e-06 6.354051233378191e-08 0.0 0.0 0.0 0.0 4.010001257360258e-07 0.0 9.038475178407161e-08 5.391430514994852e-06 9.129091220840586e-07 0.0 0.0 0.0 4.197939009907622e-06 6.704744257583745e-07 2.8553669250040793e-06 4.87183952908513e-07 1.1814778254651125e-06 0.0 0.0 0.0 8.100396580029362e-08 0.0 0.0 0.0 8.007757361890724e-08 0.0 0.0 0.0 7.688335020331951e-06 2.4264619926424882e-06 9.646562758379512e-07
0.00036857372940231087 0.0011580417988615815 6.994377070113493e-05 0.002806747172275723 0.0004175182698128487 0.0011424795564174248 0.0037464501206099423 1.4135860021088456e-05 6.941511536186837e-05 0.0 1.8968851816781413e-05 0.0018991398979120858 0.0032803151667612955 0.00031379967761034237 7.808283604297307e-06 6.443646313052483e-06 9.065595827258001e-08 0.0 0.0 0.0 0.0 1.29723539129228e-06 2.0118930642580088e-07 3.818526577017681e-07 4.650180065922257e-07 0.0 2.965107035790971e-07 0.0 9.011548900470675e-08 0.0 4.028154203522967e-05 2.5518093146638138e-06 8.284357616962592e-05 0.0 2.523291208740477e-07 5.470976596919609e-07 4.744215237711947e-05 1.2343879830877616e-06 2.389137187580451e-06 7.968176570944603e-08 1.0506790650970877e-07 0.0 0.0 1.2123081989279008e-06 0.0 6.53803812325384e-07 3.1993933559892094e-05 3.572910329508314e-06 5.05495260894415e-07 0.0 4.1097181379671726e-06 3.0437098818448854e-07 1.7742696279537046e-07 1.1359593574633931e-07 2.3770634999655482e-07 4.428690822282224e-06 4.7966055905943755e-05 9.030546883311449e-05 1.5880218843301303e-05 1.0363152435279023e-05 6.098564626802177e-08 9.175649712837516e-07 0.0 2.0045528662843586e-05 7.980705886534071e-06 5.827826325206679e-06 3.944527806823663e-06 1.397215145137452e-06 3.422789167283114e-07 9.710202802581788e-08 0.00013714757582349152 6.472129738264886e-07 1.6482161703608737e-07 4.252612284079988e-05 2.752113562795957e-05 1.651062197613101e-05 1.5584122037013174e-05 9.044611446695857e-06 4.897931085962352e-07 4.744635932615553e-06 3.305433324865007e-07 2.3506651914215567e-06 4.36951484976727e-06 6.218625876096147e-07 4.6528756361264325e-06 7.033470162958053e-06 1.737519188943582e-07 0.0 3.8086519117224897e-06 0.0 3.928703458578829e-06 1.3336478933795403e-07 1.6985780501252748e-07 3.4216120419915737e-07 2.0505670773031374e-07 0.00017764740376767483 3.218496251336414e-05 0.0 1.21680055265713e-05 0.0001398275828344646 1.7549233678721956e-05 5.513108291879071e-05 9.532429540618746e-05 0.00013399053043607875 7.533145345495546e-05 0.00024288600919078132 0.00019582849814630957 0.00016389947271290827 0.0003162567820004437 0.0004030883873473079 4.58969278775251e-05 0.00021280733436005302 0.0004030281440314824 0.00027951323334795636 5.0590675088549836e-05 0.0 0.0 0.0 0.0 0.0 0.0 0.0 0.0 0.0 7.865257708730548e-08 0.0 0.0 0.0 9.4573724195232e-08 0.0 0.0 0.0 2.0963476560936702e-07 0.0 2.35978725253637e-05 7.643226519248015e-06 0.0 0.0 2.4628177996334873e-07 1.9543389366127633e-05 9.379108595003327e-08 1.8399957032267828e-05 3.0869551122015283e-06 6.292430284165796e-07 0.0 5.282672417613153e-07 0.0 0.0 0.0 4.0164504520823397e-07 0.0 4.93437778014858e-07 1.341807691751354e-06 0.0 0.0 1.225323479388791e-07 1.093474278462742e-07 0.0 0.0 1.2923769345765037e-07 1.147885913813238e-06 3.2484796079003267e-06 7.31828996075883e-06 1.2038403065487502e-06 1.5006821172218952e-06 5.245895453953393e-07 2.833229286502642e-05 1.4643306314936549e-05 9.823339346430608e-07 1.4227297049752444e-06 0.0 9.695332890697504e-08 0.0 2.9038704792238397e-07 1.5200504593426955e-07 0.0 3.075828747079096e-05 7.751326971768917e-06 6.301697051741664e-07 0.0 0.0 3.237449291541078e-05 4.447137889223887e-06 1.5865625952924874e-05 7.907051911887277e-07 4.218425242515345e-06 9.639888855846223e-08 0.0 7.266991121908088e-07 0.0 2.689689893386518e-07 4.922196093180879e-07 2.5742395839461724e-07 1.509205781166996e-06 1.2964734358305648e-07 6.288032024751881e-07 0.0 9.745103781938255e-05 8.017186735233726e-06 6.842329349561734e-06
7.406323825865286e-05 0.0003848636241815427 0.0019876989525901717 1.3092104007672936e-06 0.0007834898681781917 9.85841395378109e-07 0.00014700924645120387 0.001692049303694177 0.0009034159513154746 1.8968851816781413e-05 0.0 4.177938980571004e-05 0.0004969496193011634 0.0024391479940677795 8.869180796686232e-06 1.0868295240494987e-05 4.881845550459016e-07 4.409137741882991e-07 6.54748358320622e-08 3.954256054978978e-07 0.0 6.481879624950169e-06 2.762311860495973e-07 6.629599119754039e-07 5.325996040659011e-06 6.579739812298575e-07 2.124320293872855e-06 3.3549503354754416e-07 1.287019476177703e-06 3.6476271318318976e-07 0.0002687856034844505 2.82141843454046e-05 0.00040703204827059226 3.418813208212126e-07 1.249132960650633e-06 1.4343983815937474e-06 0.00011038826343133214 3.691980659772823e-05 2.485836967146759e-05 4.276266740577292e-06 4.768964051318259e-07 1.4706742065642984e-06 1.551812760799376e-07 3.293719787224697e-06 0.0 0.0 2.077381386317297e-05 6.297505512775337e-07 4.70502375237757e-07 1.7301182210646408e-07 1.19661269926958e-06 4.856786446776197e-06 4.2499800181200984e-07 8.46365648925222e-07 7.862330869354467e-08 1.12395510644143e-06 9.7341534927021e-06 2.3803983314079662e-05 2.1982470428619383e-06 4.696345031988692e-06 0.0 6.984581497672356e-05 0.0 1.7383027856199473e-05 8.555535513079962e-07 2.227193661480352e-06 1.3211187173934902e-06 2.7226802753827285e-07 2.2628843333501773e-07 0.0 2.576389491635283e-05 2.1828559914139696e-06 0.0 1.1374193724388158e-05 1.2785709027640177e-05 9.714429779339129e-06 1.1928255468428203e-05 1.678123957446257e-05 0.00010102312718413781 0.0004878289027659423 1.7374853082676273e-07 9.330582383148639e-05 5.902302676748865e-07 0.0 1.3997730663703461e-06 2.0785407835854144e-06 0.0 9.510541992514802e-08 1.1982959728653319e-06 3.6314989098984746e-07 1.4898810006823325e-06 5.608950522005464e-07 7.314161613817114e-07 8.584605347823865e-07 8.771609658217174e-07 1.4526360509237933e-05 5.615622921117316e-06 0.0 7.71945705755352e-06 6.894960488273765e-06 2.1223242227084126e-06 2.3527135494358325e-07 1.847514065231696e-06 3.8038641372917005e-07 2.6973351242940732e-06 6.818381913274961e-06 9.473137618873211e-07 7.450847375199584e-06 6.877416424571419e-06 1.1114601880605667e-05 2.6627953000568135e-06 1.0766620991086908e-05 1.148877840671999e-05 8.74040134608258e-06 4.500352854804162e-06 8.470541085561182e-08 0.0 0.0 0.0 0.0 0.0 0.0 0.0 1.05845164653908e-07 0.0 2.0805887925911424e-07 0.0 0.0 0.0 2.399587276691926e-07 1.1054613797415984e-07 3.253023409248066e-07 1.788688137551533e-07 1.4852683748489527e-07 1.0430702492044824e-06 5.437298614390467e-07 1.0035827777746968e-07 0.0 1.3110035744700896e-07 2.2058290602674296e-06 1.23756057817517e-07 4.020534743406588e-06 1.0819450925067807e-06 8.008966327500552e-07 1.525663053728715e-07 0.0 0.0 0.0 0.0 0.0 0.0 0.0 2.9254669670853315e-07 0.0 0.0 8.860292032214522e-07 5.804691482837236e-07 8.596735059364747e-07 0.0 0.0 1.9188946357831793e-07 4.902891034363851e-07 5.135686286416885e-07 0.0 0.0 7.291532221734786e-08 5.74900585889976e-06 3.5603034105258845e-06 1.3142895167951224e-07 0.0 0.0 0.0 0.0 0.0 0.0 1.8939426723551955e-07 3.5404226218389237e-06 1.1469640157880752e-06 0.0 0.0 8.038203256798453e-07 5.3250561123153284e-06 1.327211101884314e-07 3.6358017396366757e-06 4.803608304282404e-07 1.2434027020597201e-06 0.0 0.0 0.0 0.0 0.0 0.0 0.0 0.0 0.0 7.599550521064143e-08 8.151109669780164e-08 3.053984822358951e-06 3.4444846876624046e-06 1.770600608477165e-06
