0.0 0.0012931916594885254 0.0008179260476834072 0.0008512868374664619 3.9698888234805394e-05 6.186051667127202e-05 0.00024246073527381756 3.132727079738979e-05 3.7850734340708835e-06 0.0008764294508358159 3.94239920426057e-05 0.0002155078729120872 9.078098582680293e-05 2.9386435223998872e-05 3.2572950140541936e-06 2.5544462718091272e-06 6.925214850971466e-08 1.6956673531893789e-07 0.0 7.02538716684196e-08 8.192756489487307e-08 1.3532562409546968e-07 6.323022914520436e-07 2.3945660911792015e-07 3.8778327752792374e-07 7.650187318512027e-07 8.196568988497018e-07 3.6537651560304994e-07 0.0 7.952688027573001e-07 0.0007743122604613964 4.015098925211367e-06 1.0462595391659566e-05 0.0 8.015965935312375e-08 2.0987715900384415e-06 4.258984201920476e-06 3.7860818503068573e-07 8.590362493888751e-07 5.360752696878107e-07 7.922589564587283e-07 2.869303284661681e-07 1.3861994006402794e-07 1.4213702719443635e-07 7.911401738780779e-08 9.008495360883293e-07 2.453428401435367e-05 1.8802993111791483e-06 0.0 0.0 1.580870913434978e-07 3.138943817086364e-07 0.0 2.1586110668027616e-07 4.401166814247814e-06 2.9540207185670233e-06 0.00011712146088466022 0.0010023910022809177 3.5952579360188605e-05 1.2908501706831818e-05 6.780976814055279e-07 2.2241644319632925e-06 3.1668185676366787e-07 1.4890743388984125e-05 3.964284354955673e-06 1.4631766711618148e-06 5.685092167221124e-07 5.845173801145216e-07 6.045632409604511e-07 6.447079185018395e-08 8.05583026456413e-06 8.702700580248288e-06 2.3669461774629974e-07 0.00015962341275137498 8.415796187039953e-05 5.066932847381006e-05 3.794792998683721e-06 2.001016297116375e-06 2.898082572666985e-07 1.5002282621856466e-05 1.2980579050469367e-07 5.587125639669562e-06 5.105869027889675e-06 1.3287839065138625e-07 1.073398334492146e-06 3.216358403834143e-06 4.714355512326613e-07 0.0 7.190182337945536e-07 6.853065144337512e-08 7.72800642263022e-08 5.352969342316835e-08 1.4985419527542749e-06 8.474842479714569e-07 8.498496814579128e-08 4.735849710102753e-05 1.747121910494559e-05 0.0 1.3023808831159053e-06 0.0006318990530259384 6.13684000111759e-07 1.0566732675395397e-07 5.749936532762498e-07 1.1360999321749161e-07 1.8031090175045654e-07 1.9463841122292614e-06 9.716099042961755e-07 7.682408958913592e-07 9.90857236588541e-06 3.095962474537833e-06 3.966099411977038e-07 5.012510464638219e-06 4.992472674365959e-06 1.6453011913386052e-06 3.4098538457503034e-06 1.2842247307091794e-07 1.669221532977847e-07 0.0 0.0 0.0 0.0 0.0 0.0 0.0 0.0 0.0 0.0 0.0 0.0 0.0 0.0 5.869477170100139e-08 0.0 0.0 6.504593547838082e-08 8.884472972353255e-08 5.46240287753613e-07 0.0 0.0 1.5982592449044726e-06 1.9833903030824092e-07 1.2917499157837587e-06 8.561070588372109e-07 3.662444883047935e-07 8.991586092668052e-08 0.0 0.0 0.0 7.839428107291578e-08 4.1607643150107814e-07 0.0 0.0 0.0 0.0 0.0 0.0 7.541422313400704e-08 0.0 0.0 0.0 0.0 9.627744479779997e-08 4.4446564363049044e-07 0.0 3.5472516354594257e-07 7.525203404167842e-08 8.249233342013979e-07 3.766262232135884e-07 0.0 0.0 0.0 0.0 0.0 0.0 0.0 0.0 2.596699401996366e-06 6.82870012130982e-08 0.0 0.0 0.0 9.89588526299853e-07 7.236894518406671e-08 0.0 2.899160963498341e-07 0.0 0.0 2.2308989674304535e-07 7.462251707572048e-07 0.0 0.0 7.666416225702631e-08 0.0 0.0 0.0 1.0311345953608541e-07 0.0 1.5738132717455616e-06 5.56159500473802e-07 1.5878546424445437e-06
0.0012931916594885254 0.0 0.001959192888862199 0.0007584014502496035 0.000696202585719441 7.472928463884348e-05 0.0012436816467768824 0.00010994046204860524 0.0006572759845762446 0.00046069984059612424 0.0005230152007578408 6.837598412015221e-05 0.00026685491452918466 0.0003676000131990036 3.258610179853549e-05 2.7176616733854042e-05 5.901420534011093e-07 2.379417574411501e-07 0.0 2.1867749249645726e-07 5.733509388287468e-07 0.0 8.249936753885644e-07 5.08447179863939e-07 8.586639143335617e-07 1.9792264702830777e-06 1.7420852493186722e-06 3.3053414941840415e-07 5.069277513442896e-07 9.726744535104744e-07 0.0011829655668070805 3.0902630442994084e-05 4.5080154058193545e-05 2.803604371454048e-07 2.8001536874263383e-07 9.904707572002271e-07 3.292356936501832e-05 2.9705767867071923e-06 7.03631455695802e-06 1.4687440394872534e-06 1.4616653743144662e-06 1.2801624882693922e-06 9.05921672240069e-08 1.7564652508465207e-06 1.7480359337896827e-07 8.809359093424364e-07 0.0001705391365227087 5.2369159482057295e-06 4.5314261010070373e-07 3.52230106537306e-07 5.076798588245957e-07 2.361698693795651e-07 0.0 2.4204633567757206e-07 6.5108520416559954e-06 5.483124700305286e-06 5.129378989467168e-05 0.0004628710327263632 2.287921049695744e-05 2.8291340004799523e-05 2.524798394561352e-06 1.048780313699127e-05 1.6877676001822565e-06 6.483625625894444e-05 6.509235416323789e-06 3.9323430017451095e-06 1.0975333656107267e-06 1.197591654773124e-06 6.58566720937953e-07 1.0412168303365174e-06 6.424341684541412e-05 9.885552373667745e-07 0.0 0.0001587078886183794 0.00019979103331181527 0.00026640112351264313 2.918434899800827e-05 2.172829180287898e-05 7.171814145518276e-07 3.3819731558576455e-05 1.3406125791942248e-06 1.062024472242314e-05 9.06339033653535e-06 1.4743656134069398e-07 2.422904746968943e-06 5.422342660520014e-06 1.1214085442530596e-06 0.0 1.2157008389961257e-06 0.0 5.238464231942319e-07 1.647500969774047e-07 3.0085251462174025e-06 2.070601011027257e-06 2.3959750256024913e-07 0.00011278539700535879 4.382830293128925e-06 0.0 3.4927057496109255e-06 0.00024803081630069614 5.465780948618498e-06 2.1610773241386685e-06 6.396772938706627e-06 5.596670834344884e-06 1.1745318456887364e-05 4.913453609804636e-05 7.360220476972212e-06 1.327363969338072e-05 4.8612387128118294e-05 3.70323013029757e-05 1.1039007871782853e-05 8.435880431711998e-05 6.617555433442628e-05 2.9558166106142723e-05 0.0001011899968862002 8.235444769676617e-07 1.5458071147039355e-06 0.0 4.0330870063939566e-07 0.0 0.0 0.0 0.0 8.957500832942588e-08 0.0 0.0 0.0 1.309717667785597e-06 0.0 9.478856670437062e-07 6.942350795106498e-08 4.87000299644602e-07 0.0 3.2597479185620876e-07 1.0901437722836607e-05 5.063765850405368e-06 9.98495151413919e-07 2.6216918801889515e-06 5.317748870033488e-07 4.9480739407882104e-05 9.108514158112595e-06 3.1967479223878646e-05 4.024287470516195e-06 3.25232413499674e-06 0.0 0.0 0.0 8.04008000960063e-07 3.2686674854770145e-06 2.901306297499434e-06 0.0 9.575976609807616e-07 2.2294575618621716e-06 1.0721924308185783e-07 1.3568355098278662e-07 4.952159992253486e-07 0.0 2.2475917243162766e-07 2.0263320870447915e-07 6.79704991973767e-08 8.945136136420922e-08 1.2774457265477323e-06 1.4552274054907224e-05 9.423407774599342e-07 6.61502392943447e-06 5.153303766311554e-06 1.2995800002440939e-05 5.738091930002792e-06 1.5015174005237791e-07 3.7507701188869707e-07 0.0 0.0 0.0 0.0 0.0 7.476120096938755e-08 7.00140343648428e-05 2.1479081475013675e-06 8.421601410668268e-08 1.0785510208567952e-07 7.870151276003805e-08 2.4908293149929915e-05 2.4996494372211953e-06 7.878491805641433e-06 2.303115738143201e-06 1.0001921736570158e-05 1.7575857886241983e-06 1.3699907948583204e-06 1.6431622838025748e-06 0.0 0.0 0.0 0.0 7.937001842855387e-07 9.937653397809918e-08 9.110546237470104e-08 0.0 4.834589110337418e-05 2.4114049348909612e-05 1.7627414454931813e-05
0.0008179260476834072 0.001959192888862199 0.0 0.00012632423791574798 0.0005995493376358839 3.9258434366145756e-05 0.00023696924599323188 0.0013500553177646232 0.00028214569627572054 5.495253510010866e-05 0.0005511945450952248 2.647009219245377e-05 0.00011364788273346607 0.00045374868000612445 3.447860427256566e-05 3.855320695422906e-05 1.3027116599935202e-06 1.0649946733057696e-06 0.0 3.6383427507647606e-07 5.3320798149153275e-06 2.3346377770058843e-07 1.599483895304257e-05 1.4882942721292683e-05 3.928748219374171e-06 3.5374116321149236e-05 4.684396364216786e-05 5.099059652154363e-06 2.037573090877669e-06 1.328993272080701e-05 0.0017232535695444 0.00010279014212919072 0.0001039053303329435 1.3492723602859569e-06 2.9809183631523727e-06 7.0131788994780745e-06 6.26692239956483e-05 1.0062625353485752e-05 9.967799428856824e-06 9.301837885104463e-06 3.504367198671792e-05 2.0005169035704846e-05 9.929946472081196e-07 2.0438267967847066e-06 7.105489804509404e-07 1.8862813947919026e-06 0.0001249192513527067 4.7491381184960415e-06 1.7209166844708873e-06 2.110818029347361e-06 2.7140540580802555e-06 3.138951482187303e-07 5.77235656419907e-07 5.520586103729043e-07 3.306438892243958e-06 4.874045865065463e-06 3.624782788396568e-05 0.0004716495183317806 1.6237473301941727e-05 1.568399636461967e-05 8.163807952720627e-06 2.425665108673451e-05 1.9632375474049093e-06 0.0001042386611722013 5.650225978124937e-06 3.592979300358021e-06 1.1401000706338353e-06 2.772373256498518e-06 8.32708054594786e-06 6.435117411748325e-06 6.92044473423821e-05 1.1551945651031799e-06 1.6416067848731458e-07 0.00011254264013148746 0.00018807617983749016 0.00020462075919110628 5.067641845889278e-05 4.297541002146273e-05 1.5176240587969257e-05 0.00040338810704150334 4.331752304458721e-06 0.00013157397375638275 7.165858734235019e-06 1.8683301949645547e-07 1.7204227298140104e-06 4.209445915406462e-06 2.323372755856732e-06 0.0 5.263241115284947e-07 0.0 5.761296156809615e-07 1.503429232221707e-07 5.162466061422877e-05 2.18451553398379e-05 1.7592843361112933e-06 6.45493079285999e-05 9.437478478195463e-06 0.0 5.5328582413796635e-06 0.00024412605787544098 2.7374533172706025e-06 1.66877801246338e-07 2.808595346406572e-06 1.6251256625351277e-06 3.682222976367735e-06 1.2118029757568552e-05 1.46038654109356e-06 3.811253930701513e-06 1.0313743358342098e-05 6.972591445714629e-06 2.6744187487139353e-06 2.101979047082753e-05 1.7002703401728527e-05 9.53766711295477e-06 4.1062861986525385e-05 1.3210196924872536e-06 5.243906509153089e-07 3.0115209564941825e-07 1.868750442455157e-07 0.0 0.0 0.0 1.4284617678295928e-07 0.0 0.0 5.212794308796108e-07 0.0 1.4874095267425213e-06 7.154256954096866e-08 4.0225787639931455e-07 4.083050078360505e-07 0.0 2.0148274370661434e-07 1.457972906341925e-07 3.1042751320910345e-06 3.560138741936599e-06 0.0 1.3805989390747011e-06 9.789259265402809e-08 2.3516704600115446e-05 5.546442044433544e-06 1.531017415752676e-05 3.43168396990774e-06 2.1094225199595555e-06 3.903758590599543e-07 1.4983813744440276e-07 0.0 4.1279780121733956e-07 8.337035629118677e-07 1.1025593445242039e-06 0.0 1.0103790572564096e-06 2.742226747771409e-06 0.0 0.0 7.497644589082309e-08 8.369521993223672e-07 1.4904036595841683e-06 1.8983953314244507e-07 1.8502593862360357e-07 4.2099477129057487e-07 1.7406552136501168e-06 6.276317527116148e-06 0.0 4.302788842962888e-06 7.868168547676614e-06 6.283294124249188e-06 2.7434165825051104e-06 2.473308673327893e-07 1.3803018275425864e-07 0.0 6.82509863475277e-08 2.742208079362529e-07 8.078413734837752e-08 0.0 3.1184499477538235e-07 3.191340499168682e-05 2.0293437329757574e-06 8.83627337350052e-08 0.0 1.9345222852101276e-07 7.486487173730616e-06 2.297571342902894e-06 3.9619877685171424e-06 1.594794730368547e-06 5.347482507541043e-06 1.2112162717122933e-06 1.0335198581301737e-06 1.3362953499509607e-06 0.0 5.905597569669071e-08 0.0 0.0 0.0 1.3530750001984412e-07 0.0 0.0 1.897660795910326e-05 1.9759491586188773e-05 1.4131911037903374e-05
0.0008512868374664619 0.0007584014502496035 0.00012632423791574798 0.0 2.7326448178221168e-05 0.00018053918007070874 0.00023636509181315817 2.1319973531085648e-06 2.049808391608416e-06 0.0009827985446585212 1.330414076301604e-05 0.000611815478155965 0.00038691184647149715 4.611942787431281e-06 3.285958342412904e-07 2.441983683103546e-07 0.0 0.0 0.0 0.0 0.0 0.0 0.0 0.0 6.541278276577583e-08 7.652804006231068e-08 0.0 0.0 0.0 0.0 0.0001856650124707385 1.3717146094064084e-06 9.035797011832326e-06 0.0 0.0 0.0 1.8999957434018444e-06 1.5485855638248906e-07 2.4870128184665134e-07 0.0 1.7813905649807345e-07 0.0 0.0 0.0 0.0 0.0 1.1547134072767772e-05 1.46929152765344e-06 0.0 7.457708857748977e-08 1.0203380229674817e-07 0.0 0.0 0.0 1.5638792120581193e-06 7.821507212385041e-07 2.905383287482339e-05 0.0002414570501103301 1.2783102505094957e-05 3.3496235377088398e-06 3.256233969679527e-07 7.304548087897912e-07 2.1709031114981396e-07 5.704319889630254e-06 6.73820188489884e-07 1.9775531065406616e-07 3.56468879584367e-07 1.7882083390005537e-07 6.220982591333469e-08 8.77968659898285e-08 1.9450571555050696e-06 2.515461285158835e-07 0.0 5.1516465115008356e-05 3.1059957906171276e-05 2.0545684626159045e-05 1.185843748928088e-06 5.779829870981787e-07 8.859340883789579e-08 3.4178312384537465e-07 2.5953386910559393e-07 2.5796161804251836e-07 1.6369888392785565e-06 1.400483649505023e-07 5.4673035431581e-07 1.3861078526738497e-06 1.4360848218016653e-07 0.0 1.377360039564162e-07 0.0 8.331346513439993e-08 0.0 9.4411192678353e-08 1.4398473865668495e-07 0.0 1.4515266775387572e-05 1.3847513853110438e-06 0.0 3.0901414524699495e-07 0.00037180285158077846 8.419044266342029e-07 7.604339239321223e-07 2.502639581988585e-06 2.0508904194746228e-05 1.1425170435924737e-06 5.699587645160942e-06 3.097190168204867e-06 1.4430063857317329e-06 2.0542564891196e-05 4.640013336875214e-06 9.865810739567191e-07 8.999789033743834e-06 6.622658903193945e-06 3.023648507012529e-06 6.6747178137163205e-06 0.0 0.0 0.0 1.348815037035379e-07 0.0 0.0 0.0 0.0 2.887853217743085e-07 0.0 0.0 0.0 1.331309668361622e-07 0.0 0.0 0.0 0.0 0.0 0.0 1.096219745051284e-07 0.0 0.0 0.0 2.2067034653307713e-07 4.89789336047368e-06 9.245221061169346e-07 2.967601327828846e-06 6.476407083182922e-08 2.017668745569218e-07 0.0 0.0 0.0 3.623787112891416e-07 6.937612874018953e-08 0.0 0.0 2.958111532948282e-07 0.0 0.0 0.0 0.0 0.0 0.0 0.0 0.0 0.0 0.0 1.1260293892553947e-06 0.0 3.7976264921164906e-07 5.921395342703972e-07 1.0810439227500949e-06 0.0 0.0 0.0 0.0 0.0 0.0 0.0 0.0 0.0 5.036645268025539e-06 1.762800584524135e-07 0.0 0.0 0.0 1.985571346455919e-06 0.0 0.0 0.0 1.1426778385251392e-06 0.0 0.0 7.368471530442433e-08 0.0 0.0 0.0 0.0 0.0 0.0 0.0 0.0 3.7226596942548926e-06 6.089334704886127e-07 5.746239065811083e-07
3.9698888234805394e-05 0.000696202585719441 0.0005995493376358839 2.7326448178221168e-05 0.0 4.44623819098226e-06 0.0011108494079259802 5.087303819039718e-05 0.001766413653881866 0.00015262813188480674 0.0005632720367278425 1.4600295767873967e-05 0.0003191293731721733 0.000897726436823611 1.4403496900738862e-05 1.2961701995319349e-05 2.8820838406813837e-07 0.0 0.0 0.0 0.0 0.0 2.3086189251343286e-07 0.0 6.9277210057132e-08 4.023195693530301e-07 2.0273351043835823e-07 3.6803992155687094e-07 0.0 0.0 6.59894690955162e-05 8.329290594507676e-06 1.190445115686965e-05 0.0 0.0 3.03782247284891e-07 1.8781621627282393e-05 8.067528847150954e-07 2.003985212886817e-06 0.0 3.554230765408429e-07 3.9753901808454007e-07 0.0 1.0723679171947092e-06 8.986630993720579e-08 2.647918728462577e-07 4.347481963629266e-05 3.8424907167208537e-07 0.0 2.0091585950240014e-07 6.314286310232266e-08 0.0 6.753789312011601e-08 1.000783017411527e-07 5.110660837969472e-07 7.022430048661657e-07 4.51122950428482e-06 2.837388715979919e-05 2.0325084643030817e-06 3.6864757076746938e-06 5.131219194129476e-07 2.0065651136757734e-06 2.385344141586659e-07 8.964527392092253e-06 1.038489687402064e-06 3.2687819065489996e-07 2.1273318450072086e-07 3.7637058098843696e-07 2.25962193360712e-07 1.4073537461703817e-07 2.6013605632078714e-05 1.0391588451596016e-07 0.0 1.7734330671023227e-05 2.6324695242265418e-05 4.994458653140302e-05 1.1044446222017998e-05 1.1427769954928561e-05 2.4075779332881007e-07 2.40135861480129e-06 1.647697040834294e-07 2.798588762644522e-06 1.5021503323477494e-06 6.773936307754556e-08 1.5379357392335498e-07 7.322287186606093e-07 5.001992868592493e-07 0.0 6.477621835049096e-08 0.0 7.491433080111382e-08 0.0 6.607000796074337e-07 3.356456108706123e-07 0.0 5.450182454877395e-05 2.2667291762757992e-06 0.0 7.88921671489545e-07 4.7087915710789136e-06 1.5840550741268558e-06 1.1890150011456315e-06 1.0764138962898966e-06 1.0829700070922323e-06 4.847325189886644e-06 1.665526422211808e-05 1.4299883893243984e-06 4.643731549588952e-06 1.7859402161922846e-05 1.3551165087409908e-05 4.250076077112747e-06 2.9750487571197058e-05 2.4039031289296876e-05 7.617429920881371e-06 3.9148147038661464e-05 9.5510675312459e-07 6.365472854505911e-07 0.0 3.168725622532573e-07 0.0 0.0 0.0 8.652827512119141e-08 0.0 0.0 0.0 0.0 4.4555514330378676e-07 0.0 1.1244811943895407e-07 0.0 0.0 0.0 2.4198230431262805e-07 2.391184304189205e-06 9.204554590213174e-07 0.0 1.1108476792679767e-06 0.0 1.8387576056712614e-05 3.229342601589874e-06 1.237190541579374e-05 1.1079066855717515e-06 1.340477067985816e-06 0.0 0.0 0.0 2.712720991492997e-07 1.2207077384735701e-06 2.6969021116584084e-07 0.0 6.222170459802146e-07 8.042615880494559e-07 0.0 0.0 0.0 0.0 9.328371187446271e-08 8.738577773940621e-08 0.0 8.865174692134536e-08 1.1976172606537956e-06 3.5682967921820964e-06 3.2391252422072497e-07 1.6201310272191846e-06 1.9887782469472492e-06 3.145497906079468e-06 2.2277759553590355e-06 2.0439958122604074e-07 2.2577081578618526e-07 0.0 0.0 0.0 0.0 0.0 0.0 2.5155596278484378e-05 7.599075925554111e-07 0.0 7.568292935728033e-08 1.6633621187522185e-07 7.37541564532164e-06 7.219633266534553e-07 1.7238206357336622e-06 9.600699726355253e-07 1.5134038447366524e-06 4.3597502798382583e-07 1.6206131731770778e-06 8.411994761879339e-07 0.0 0.0 0.0 0.0 0.0 0.0 0.0 0.0 2.1707469722811317e-05 1.0681459884846826e-05 6.240449642633361e-06
6.186051667127202e-05 7.472928463884348e-05 3.9258434366145756e-05 0.00018053918007070874 4.44623819098226e-06 0.0 3.0873502192936894e-05 2.1040540832211627e-06 1.1777711090138482e-06 0.0001855806286409111 1.448088792007846e-06 4.258043665707736e-05 2.712302081506964e-05 4.753702313958902e-06 0.0 0.0 0.0 0.0 0.0 0.0 0.0 2.085085563421026e-06 0.0 0.0 0.0 0.0 0.0 0.0 0.0 0.0 3.2524464750067026e-05 1.0514154526491892e-07 4.570964013601646e-06 0.0 0.0 2.830876411784891e-07 2.520226082978569e-05 2.707020367054063e-06 8.606186067209056e-06 2.4396426612972536e-07 0.0 0.0 0.0 0.0 0.0 0.0 1.0666508961050719e-07 0.0 0.0 0.0 3.1181065179052395e-07 9.778977054608957e-06 5.8430960033487e-07 9.412267716813176e-07 0.0 2.12631538596967e-07 6.655454314726279e-05 5.929217289382145e-06 4.3652830941108416e-07 2.0108271430834368e-07 0.0 4.5736158163700606e-06 2.697966894158388e-07 0.0 0.0 0.0 3.515927589486644e-07 1.1323378117634088e-07 0.0 0.0 6.173627013408371e-05 5.871107483747384e-05 4.185013067344304e-06 5.625913588790359e-07 2.537293714400974e-07 1.4787752682151478e-07 1.680891038170889e-07 8.381177445731659e-08 0.0 1.5687638476211699e-06 0.0 1.576052142195792e-06 0.0 0.0 0.0 7.869314780205697e-08 0.0 4.052008752415104e-07 5.407865962077496e-07 2.866829251136416e-06 1.8186214266077043e-06 3.5913770387584434e-06 1.7004254368250447e-07 0.0 6.846628348052035e-07 7.857501234435411e-05 7.581593065615893e-05 5.862228872910923e-06 1.728603687047031e-05 0.00012902077580736015 0.0 0.0 0.0 0.0 0.0 1.359164700717492e-07 0.0 0.0 0.0 2.74847835410732e-07 1.0914804909027073e-07 3.573009818354852e-07 0.0 2.1302571363553518e-07 2.7924346530599015e-07 0.0 0.0 0.0 0.0 0.0 0.0 0.0 0.0 0.0 0.0 0.0 0.0 0.0 9.309837195553054e-08 2.812487112557943e-07 0.0 0.0 0.0 0.0 0.0 0.0 0.0 0.0 0.0 8.664422921336436e-08 0.0 0.0 0.0 0.0 0.0 0.0 0.0 0.0 0.0 0.0 0.0 0.0 0.0 0.0 0.0 0.0 0.0 0.0 0.0 0.0 0.0 0.0 0.0 0.0 0.0 0.0 0.0 0.0 0.0 0.0 0.0 0.0 0.0 0.0 8.870554704286229e-08 6.463355304787248e-08 6.029347402762108e-07 0.0 0.0 0.0 9.24990443784296e-08 1.4734018102801984e-07 0.0 0.0 0.0 0.0 0.0 0.0 0.0 0.0 0.0 0.0 0.0 0.0 9.104725204293377e-08 0.0 0.0 8.61410431088359e-08 0.0 0.0
0.00024246073527381756 0.0012436816467768824 0.00023696924599323188 0.00023636509181315817 0.0011108494079259802 3.0873502192936894e-05 0.0 1.2469254019566792e-05 0.0017163345800884516 0.0008227045418943089 0.00033764159026326916 0.00010954132326841058 0.0011692372056872102 0.0005972823985358219 1.4260973724644156e-05 1.87323871287145e-05 2.2418865008167788e-07 7.527962840505815e-08 7.807558506091107e-08 0.0 1.7157318657809256e-07 0.0 1.466288985418444e-07 1.730725858557236e-07 2.972175326844719e-07 3.4075218443236666e-07 5.738340123749422e-07 1.6397783250339794e-07 1.0485102683049581e-07 9.25365422743991e-08 8.841955275097247e-05 9.228408523195297e-06 2.2675656709630207e-05 7.540137020388207e-08 0.0 7.630095866978776e-07 4.117408059044722e-05 2.219550224494017e-06 4.601731206654486e-06 6.109310846640039e-07 4.2478618571827834e-07 1.386933695092535e-07 0.0 7.426235731117358e-07 2.8415839468101107e-07 2.1534609521350228e-07 4.9116467544412754e-05 6.355667579623082e-07 0.0 6.416323800664538e-08 6.608274202625956e-07 0.0 3.0456632601230124e-07 1.6656419863836287e-07 7.620328917600641e-07 8.232939892451699e-07 9.598810973276458e-06 6.069049012474338e-05 3.941530136227011e-06 4.579458711747724e-06 8.861029150043461e-07 7.750247857214918e-06 1.0238858760356443e-06 1.711298128669718e-05 1.5899673553312778e-06 7.033642425008855e-07 5.093643536266363e-07 1.4581635340696206e-07 3.1212061069834257e-07 7.599340482624917e-08 6.33659185616557e-05 9.832355406723954e-07 0.0 2.803977544671486e-05 3.508451812097479e-05 5.920122016136016e-05 9.749690281377293e-06 8.597027121413584e-06 3.177435565600086e-07 4.219022320373216e-06 1.1363486591459596e-07 2.031350922972901e-06 1.4539711182199762e-06 0.0 3.453691857753904e-07 7.469597040495612e-07 3.331253590084552e-07 0.0 2.1762853454182215e-07 0.0 7.943941203150244e-08 3.539362802443931e-07 7.758671936452781e-07 5.08894438503719e-07 6.638114607213399e-08 0.0001957026571769484 1.1225258982366372e-05 0.0 2.04901603679376e-06 3.5790756348637314e-05 5.834483695892999e-06 3.566775847305522e-06 1.1478140532544e-05 5.919088025124128e-06 2.0106593368051807e-05 6.270540712129324e-05 1.5021792225575408e-05 1.6213691432017268e-05 8.683923538002252e-05 5.596095905117336e-05 1.3316553349755312e-05 0.00012992679817014352 0.00010491813239525967 4.2011966387955094e-05 0.00012931527112388158 1.4657174799359824e-06 1.4099443892094933e-06 0.0 3.929217168027839e-07 2.2907485199144126e-07 0.0 0.0 0.0 0.0 0.0 0.0 0.0 1.7334354828479498e-06 1.6312930027504998e-07 3.1806666278226357e-07 7.518500662206316e-07 0.0 0.0 2.796841419569204e-07 1.0593853141132388e-05 7.519196081266204e-06 0.0 2.1454637523664e-06 9.191826579015854e-07 6.887577621241014e-05 6.8713551582896185e-06 2.8748104430638023e-05 7.723271284307586e-06 2.1192871827113964e-06 0.0 0.0 2.542656174582402e-07 5.956475954667292e-07 1.2147660799366368e-06 2.2243668350634452e-06 0.0 2.2185478736857417e-06 2.6510333311406456e-06 1.7949826774483863e-07 0.0 8.53971672804076e-08 0.0 6.555212652465415e-08 6.85851880811127e-07 2.981989877610567e-07 1.172376077707851e-07 2.357664184579768e-06 9.073417954889612e-06 6.555806975509222e-07 4.343638787552541e-06 6.668722771639443e-06 1.2027509414562111e-05 4.2552724045629584e-06 1.1820698753618079e-07 8.151126270948613e-07 1.5166382007308373e-07 0.0 0.0 0.0 0.0 0.0 9.311016814595702e-05 1.8837465514658563e-06 2.307858025005627e-07 2.737384286926786e-07 0.0 2.6656399702627818e-05 1.4714849018415035e-06 8.47348332956643e-06 2.182577460146267e-06 9.328978713348724e-06 2.016234366343463e-06 2.0766024295794086e-06 2.6738200432319834e-06 5.350144086090365e-07 0.0 2.046158426065138e-07 1.0200539698790683e-07 0.0 0.0 2.564923848251763e-07 0.0 7.713273429318093e-05 2.42253043342888e-05 2.0263736252265747e-05
3.132727079738979e-05 0.00010994046204860524 0.0013500553177646232 2.1319973531085648e-06 5.087303819039718e-05 2.1040540832211627e-06 1.2469254019566792e-05 0.0 0.00013832560331511639 2.676461081532557e-06 0.0004864128912883521 3.104546795488032e-05 0.00018606708230777035 0.0005608355896193546 6.99490750672227e-05 9.483772308556203e-05 4.79283292641819e-06 6.147565243636864e-06 6.301360894913662e-07 8.289934955791623e-06 5.922472063320943e-05 7.335324690139875e-07 0.00012041666420529503 5.765338512756002e-05 1.6719993233444743e-05 0.00014016999451669615 0.00016498652623824362 1.8790495020295792e-05 8.814621873967063e-06 4.697537528242807e-05 0.0009970535898941606 0.0019474654977988907 0.000372906806362483 2.6087259203744758e-05 2.8921838664674142e-05 3.4994304709716745e-05 9.664290902881904e-05 2.0437549509048996e-05 2.012962670754306e-05 3.330332937588001e-05 0.00010443933119858598 4.525470545864279e-05 7.687257368543076e-06 3.054837248401362e-05 6.615341931143854e-06 2.3283475763313054e-05 0.00017371719078415179 2.6404611518000465e-06 2.779441951485664e-06 8.73098555811377e-06 6.149565012927592e-06 2.090890011096734e-07 1.8295731728597197e-06 3.350466037836014e-06 3.165201459069848e-06 1.9450345767838257e-06 1.1624443292149742e-05 0.00014723898405478642 7.593279042999765e-06 1.1652930056574659e-05 0.00020977912811721684 6.103849592194582e-05 5.921485579827054e-06 0.0003568472559778561 2.9461847525303227e-06 2.9713585492410575e-06 1.1662677143343401e-06 3.405428671889905e-06 2.2475329757611168e-05 4.975134158831819e-05 6.676259345498778e-05 2.128100132515801e-06 8.922537974703833e-08 5.702814752080319e-05 0.00018177607794096017 0.0002313008051080352 0.0002384406498727347 0.000980749962294253 0.00132052266524134 0.0014810200776022484 0.0003067905829753635 0.0010352546939658644 4.090180721804731e-06 1.277218328553214e-07 1.0304580835499514e-06 2.1420643634163487e-06 5.299875054399097e-06 0.0 3.0620609106226915e-07 7.449287800116123e-08 1.0362145965726876e-06 2.4757715035860604e-07 0.000132692409196832 4.491679700999546e-05 3.4987411612194143e-06 3.397647026423966e-05 7.360271305478509e-06 9.412139631865601e-08 6.6744119761888615e-06 7.410412435518098e-06 2.0932980247743473e-06 2.2667323145236475e-07 6.595126277203287e-07 8.476419102106949e-08 1.086945317289416e-06 3.905663979169146e-06 5.83347902333676e-07 9.498730555300912e-07 5.8096864778152e-06 6.008085529196444e-06 1.8156522275617926e-06 9.868391595716553e-06 7.563147875583378e-06 5.441511583828754e-06 2.1608908527841843e-05 4.6558402428481044e-07 1.7688467939269897e-07 0.0 3.4096755710548455e-07 0.0 0.0 2.437844695229214e-07 2.9290555792344535e-07 2.415538029524643e-07 2.838012620758929e-07 1.8479671655723873e-06 2.1888468906190707e-07 1.3067900824615937e-06 2.1848487073163322e-07 9.313910807892564e-07 5.603600535501673e-07 5.585287609563064e-07 1.206882629155062e-06 2.738491727379815e-07 1.962101018449258e-06 8.35816753478806e-07 0.0 1.2755207419809466e-06 8.908216455674387e-08 1.3310014507647772e-05 2.625560090040988e-06 7.942087287399777e-06 2.6095984393697836e-06 2.3304999277878514e-06 1.6167299719428424e-06 2.3090701107497343e-07 2.6368779281791475e-07 0.0 5.059615875886357e-07 1.5068359585618593e-06 3.345682920425035e-07 0.0 1.1476828772715586e-06 0.0 8.798440545946486e-08 1.0474153808433203e-07 7.499014309293556e-07 1.8092029838189221e-06 1.3432056272976166e-07 0.0 0.0 1.4126157213220392e-06 1.8934779969851497e-06 0.0 1.8407417026077793e-06 2.9515038937826043e-06 2.3319138889621194e-06 1.4602099271699715e-06 5.371422017487052e-07 2.4886823107775134e-07 0.0 0.0 0.0 0.0 0.0 7.174025804860173e-07 1.4370960113600292e-05 6.391757096611421e-07 1.7336842542543612e-07 0.0 3.091205179629945e-07 5.6906341129617825e-06 1.052728123402645e-06 1.988381328024721e-06 7.908124186054703e-07 2.3413491783097047e-06 5.281408904203606e-07 7.916063175491558e-07 5.466900736549344e-07 0.0 0.0 0.0 7.597926882488018e-08 1.028884166160585e-07 9.850397887905523e-08 2.682211445811279e-07 7.792999257844128e-08 9.980572936316318e-06 9.145050872642078e-06 7.985147997069551e-06
3.7850734340708835e-06 0.0006572759845762446 0.00028214569627572054 2.049808391608416e-06 0.001766413653881866 1.1777711090138482e-06 0.0017163345800884516 0.00013832560331511639 0.0 0.00014316127434112075 0.0010331586137205168 3.59957672938707e-05 0.0005774384411643243 0.00162868503433928 1.0889289804256568e-05 1.4765968020929684e-05 4.123377396372234e-07 2.2314710727903798e-07 6.903627038428852e-08 0.0 5.510502718988239e-08 0.0 0.0 0.0 4.087145464030221e-07 4.1125105050093796e-07 2.672072016962886e-07 2.122000378494794e-07 2.4713812892512485e-07 9.742227761280102e-08 1.6803931165465557e-05 3.6390918477489014e-06 5.7730418903206087e-05 0.0 0.0 0.0 1.685971260448677e-05 6.575842327390676e-08 6.451829825729962e-07 1.333941575194121e-07 2.876908175677181e-07 1.0100801183197954e-07 0.0 6.876193919889875e-07 1.578088370705768e-07 3.450301883547398e-07 3.333914141621435e-05 5.376899176461515e-07 1.1209117012972789e-07 1.4917483960098855e-07 0.0 0.0 0.0 2.856752403949094e-07 2.2997952275253468e-07 1.7860968814129586e-07 1.7145773904911207e-06 1.1241000016991062e-05 7.363195052697623e-07 1.7365095549161995e-06 3.008441807685167e-07 3.4724737490094437e-06 1.52400447382146e-07 9.33654851708696e-06 6.634406086964254e-07 3.326545329604988e-07 7.277891144145305e-08 1.546608245503724e-07 0.0 1.6073604469395442e-07 1.961876487091403e-05 0.0 0.0 9.001348048621734e-06 1.6999887232534767e-05 3.8132502029287973e-05 9.57971992294972e-06 9.497739524402577e-06 3.5183319872362057e-07 1.829591203621073e-05 2.0596258417820107e-07 1.2330153355476641e-06 5.345170213200008e-07 0.0 3.6609477999638486e-07 5.053720469012841e-07 6.28523557767415e-08 0.0 7.234135637510794e-08 0.0 0.0 0.0 8.056906683576048e-07 2.4866723880052523e-07 1.7997915840359293e-07 4.254373513176885e-05 1.0930085287748602e-06 0.0 4.843395431495837e-07 1.5394533403487001e-06 9.427855866000663e-07 4.656116186481902e-07 2.372509257775448e-06 8.418977168936709e-07 3.2533761701005926e-06 1.139763809320955e-05 2.1547614587065545e-06 2.170545162393139e-06 1.1229384395235852e-05 8.048134925357555e-06 1.5650915421967497e-06 2.1603281671667815e-05 1.7749182359534275e-05 7.40495768863225e-06 2.8942542335595563e-05 5.985902777069296e-07 6.741926735145637e-08 0.0 7.513470800752581e-08 0.0 0.0 0.0 0.0 0.0 0.0 0.0 0.0 2.852486886365062e-07 0.0 8.571175302089442e-08 0.0 0.0 0.0 0.0 2.0048109664347672e-06 1.4370579952365835e-06 0.0 4.394827170339527e-07 3.0717835357214835e-07 1.3635197294617845e-05 1.610053902310814e-06 8.107275439341413e-06 8.072829375538566e-07 1.1831912185305265e-06 0.0 0.0 6.016507692159073e-08 8.485554458276567e-08 3.4117600897007355e-07 7.490139344379017e-07 0.0 0.0 8.814556587302975e-07 0.0 0.0 0.0 6.32063056986438e-08 0.0 1.1950280062199268e-07 0.0 0.0 7.36688463237126e-07 2.00971365386597e-06 0.0 5.923687430061517e-07 9.265552352600083e-07 1.948450306840371e-06 1.268310720306636e-06 9.675975738832259e-08 0.0 0.0 0.0 0.0 0.0 0.0 0.0 1.8691915068046704e-05 8.808027254364142e-07 2.490674792667928e-07 0.0 0.0 6.04288409877174e-06 8.627774851775342e-07 1.922453550455434e-06 8.125064983300845e-07 2.1473447237014173e-06 1.3458967442576582e-07 3.796420627323869e-07 5.935738746152048e-07 0.0 0.0 0.0 1.5324265312500896e-07 6.664758053723049e-08 0.0 0.0 0.0 1.2736231762578384e-05 7.4537381355035165e-06 4.952155515390184e-06
0.0008764294508358159 0.00046069984059612424 5.495253510010866e-05 0.0009827985446585212 0.00015262813188480674 0.0001855806286409111 0.0008227045418943089 2.676461081532557e-06 0.00014316127434112075 0.0 3.0072889209597586e-05 0.0011714875197110055 0.002817513468666594 9.423886431269978e-05 1.8797883488852609e-06 2.2207756352940316e-06 2.2606735521294003e-07 0.0 0.0 0.0 6.75840336951151e-08 1.0890512093471991e-07 0.0 0.0 3.101613331364874e-07 1.9595669471877277e-07 9.305660270983494e-08 0.0 0.0 2.199034920650953e-07 9.075465996542105e-05 2.9144262564125177e-06 5.7451867246586356e-05 0.0 0.0 0.0 7.125142122965313e-05 2.906832563109693e-07 2.3661327269574975e-06 8.967784343470945e-07 1.0029419097542081e-07 0.0 0.0 0.0 0.0 0.0 1.0696051704218373e-05 5.337655303804225e-07 0.0 8.669718506289385e-08 0.0 2.6822564921653466e-07 2.4757451756306617e-07 1.1145719962903609e-07 9.180266884725392e-07 3.182150269207975e-07 5.5620237099454334e-05 0.00010311283857959309 5.24345146321511e-06 2.5613670247937334e-06 1.7160579102918742e-07 1.2815056194674488e-06 1.1614322020703504e-07 4.515992486919782e-06 6.257660599223595e-07 5.099517336442304e-07 0.0 5.933058071503431e-08 1.5089189441875613e-07 6.456382284701312e-08 0.00010537496920075784 3.7532340100395436e-06 0.0 2.7459664955306908e-05 1.9556120078294517e-05 1.6305597653045553e-05 1.8602062766359192e-06 9.120530086987125e-07 9.108145616726802e-08 1.261514203055869e-06 0.0 1.149954129996045e-06 9.620830558733188e-07 0.0 4.553064569868898e-07 6.240849755347946e-07 2.027481963274033e-07 0.0 9.094761128515013e-08 2.3485947038428568e-07 0.0 0.0 1.9363250280802022e-07 1.9644814988621224e-07 3.246715302918759e-07 9.293450213985171e-05 8.027881173643551e-06 4.078731738233046e-07 2.59864504345474e-06 0.0003784439639923057 3.4066315539584658e-06 5.38426586057929e-06 1.6202752005470964e-05 3.3072376735236755e-05 1.1831883463394425e-05 7.747204818252072e-05 2.1525065020977522e-05 1.962680365107803e-05 0.00011605284316253524 0.00012680895301551707 1.262620109377827e-05 0.00020586553104185148 0.00016216696600382494 0.00010551069273801726 7.719864500756894e-05 2.0002887957209668e-07 3.4404117371121457e-07 0.0 0.0 0.0 0.0 0.0 0.0 0.0 0.0 0.0 0.0 2.3808929952538043e-07 0.0 3.5787785844302474e-07 0.0 7.267659345276178e-08 0.0 0.0 5.650088500651504e-06 2.448804400966479e-06 0.0 3.654655140902548e-07 0.0 3.3132578760166644e-05 1.5139359416023298e-06 1.0583847279445065e-05 1.1323690720446293e-06 4.7375486080738113e-07 0.0 0.0 0.0 1.7518719280000923e-07 1.252475427158081e-06 1.5645131881132324e-06 0.0 1.2691022808390925e-06 7.070453516825427e-07 0.0 0.0 2.836366401471794e-07 3.2132699680332646e-07 2.58070373605114e-07 1.1791240326560757e-07 0.0 1.407638021435634e-07 9.546728473128226e-07 5.007260892508588e-06 1.3383872781944252e-07 2.0681951580194013e-06 3.513474596108014e-06 2.8667115807281634e-06 2.261642159830281e-06 1.5388434427084935e-07 3.4962567187092516e-07 0.0 8.163250849851742e-08 0.0 0.0 0.0 9.371223545231036e-08 5.4980108178947244e-05 1.6665887985366234e-06 1.1671655864841662e-07 0.0 0.0 1.3575433696798397e-05 3.5982458856790835e-07 5.856143627037489e-06 7.074712535736924e-07 2.421610194736692e-06 1.5708776102934676e-06 2.260022346260438e-06 3.315403105594643e-07 0.0 8.689238963346906e-08 0.0 0.0 0.0 0.0 0.0 0.0 6.157377702052332e-05 8.404128168765409e-06 4.774600567355753e-06
3.94239920426057e-05 0.0005230152007578408 0.0005511945450952248 1.330414076301604e-05 0.0005632720367278425 1.448088792007846e-06 0.00033764159026326916 0.0004864128912883521 0.0010331586137205168 3.0072889209597586e-05 0.0 0.00011336168239477586 0.0008381077306353503 0.0021107154356094404 5.087287666783537e-05 6.795072876360343e-05 3.6701692885394503e-06 1.051545370555681e-06 3.864017763898053e-07 5.982306511667959e-07 1.0773965066860428e-06 3.0394368097596763e-07 5.095127544243484e-06 6.515721624738216e-06 3.330381090529717e-06 1.8709315874745702e-05 2.8470490426931105e-05 6.9540133628277475e-06 6.285832816788966e-06 1.4883627431428944e-05 0.0002416136057033972 8.712979332859643e-05 0.0008216440483237978 7.368184366878276e-08 9.242481842923702e-07 5.905350042452957e-06 0.00015819168170690655 1.745768500840498e-05 2.0930555892959368e-05 1.3278362984123433e-05 1.5330921236248067e-05 1.4137229984750925e-05 9.552849556125756e-07 4.8085064803825146e-06 8.542649073503532e-07 1.1160386300386894e-06 0.000126988584639355 1.4136665899974882e-06 7.045273660241413e-07 6.983934356509047e-07 1.1274237599869015e-06 0.0 3.2997926276348555e-07 1.3636455576481165e-06 1.8450113138000668e-06 1.6241935251623364e-06 9.035134502716689e-06 6.0172661533415266e-05 5.543050253931381e-06 7.733380541541265e-06 2.104061159553479e-06 4.654669671957212e-05 8.72433129513847e-07 4.661541973172254e-05 1.346258209311133e-06 1.4070095664749657e-06 7.755943382695402e-07 8.765572204311373e-07 3.6695626513443525e-06 1.5966278781390114e-06 7.537218632074446e-05 6.748039042158036e-07 0.0 3.9520806172220906e-05 8.263856501650409e-05 0.000153934522148938 5.4703988381134344e-05 4.892674005505012e-05 2.0324108331348053e-05 0.0011884640374699325 3.143936647215492e-06 0.00011683470048259482 2.435282746328834e-06 6.767931423243719e-08 6.220448978110865e-07 1.402529631578223e-06 9.62957593900649e-07 0.0 1.888058553998988e-07 1.4447569948065813e-07 5.971088580899791e-07 1.0930438382289677e-07 1.398601909993585e-05 1.2183898719374184e-05 1.9294438725626916e-06 5.468041289682988e-05 5.586748188992535e-06 0.0 5.816473008217062e-06 7.203445856423016e-06 2.506134873571107e-06 0.0 1.504144036210777e-06 1.7701352807315422e-06 2.7486327170205014e-06 1.228795007066319e-05 2.6730291381212004e-06 3.296547251669465e-06 1.2698855747268204e-05 1.2093850740990312e-05 4.395770760928358e-06 2.8107680253775422e-05 2.1049564811131958e-05 8.439457802084078e-06 3.6656082396560694e-05 4.1568582795519375e-07 3.742074395137141e-07 0.0 3.255545776921324e-07 0.0 0.0 7.068255077005438e-08 0.0 0.0 0.0 7.737358456761885e-07 2.3088812604367493e-07 1.0163165833041412e-06 1.5063102548347172e-07 9.594273594558044e-07 2.9687658566206075e-07 1.2136499912501567e-06 3.809813502711322e-07 2.8961990685160047e-07 2.873076064007029e-06 1.846253437852781e-06 2.3589163176990704e-07 1.5229289823978507e-06 0.0 1.9215874890299464e-05 2.8777311186881194e-06 9.95486937559671e-06 2.3756734281062545e-06 1.3271781789555995e-06 1.4952024682343876e-07 1.6484973218076745e-07 0.0 5.22959348838772e-07 6.579421151910168e-07 8.146451892436966e-07 0.0 4.923826279898407e-07 9.697828219534102e-07 6.664819152353721e-08 0.0 3.706143290234872e-07 1.0421424745911937e-06 1.0689796426410196e-06 4.522630842033423e-07 2.8207480362342286e-07 0.0 9.958079281029783e-07 2.910413492754732e-06 9.07638432673525e-08 1.7855242817095654e-06 2.035047123516334e-06 3.3709170603651905e-06 2.2809249876498565e-06 0.0 0.0 9.343372567602477e-08 0.0 0.0 0.0 0.0 0.0 2.9273377340225817e-05 2.282235647702921e-06 2.9688875539840644e-07 7.64368086978759e-08 1.4642174085734141e-07 5.6508310489733215e-06 2.9535587407116727e-07 4.027621839414369e-06 1.0378394313390874e-06 2.0128979867448985e-06 2.8498620891914046e-07 9.523806655301207e-07 1.4403517502086237e-06 6.180509192050224e-08 0.0 0.0 0.0 6.785103471115057e-08 2.4126345115067033e-07 8.951315429750224e-08 1.872221677840457e-07 1.9041128585218387e-05 1.1936249789233382e-05 7.564020786165364e-06
