0.0 0.00261297711693832 0.0004730617264696487 0.0014717140679819767 0.00039776486450472746 0.00010213003352111339 0.00048649390702069077 0.00011473163225598044 7.437604515104257e-05 0.0004698220358762265 0.0001795119934796944 1.252157276708513e-05 2.402042092159659e-05 8.855064704468553e-05 4.1451836433791604e-07 2.4945330398746605e-07 0.0 0.0 0.0 8.586411181033605e-08 8.426587885034232e-08 0.0 0.0 0.0 0.0 0.0 9.402704149116295e-08 0.0 0.0 0.0 8.82019905002967e-05 1.5730648496996377e-06 4.127486893734966e-07 0.0 0.0 0.0 6.356699615340118e-07 0.0 0.0 0.0 0.0 0.0 0.0 7.455534323415016e-08 6.475851351007727e-08 8.015155057036623e-08 9.19892936868863e-06 5.276423952235358e-07 1.6052256025195657e-07 0.0 1.5989051887263482e-07 3.15549117868548e-07 0.0 0.0 1.7337849403717725e-06 1.979540534302768e-06 0.00016603352456146794 0.00028020410454120636 1.7255490508416033e-05 1.2501767881874795e-05 0.0 1.0686119672287884e-07 0.0 2.872136597274255e-07 7.476668038871278e-07 8.410056880749866e-07 5.121371855092949e-07 3.424258956251115e-07 6.819003347298245e-08 1.457458835389138e-07 1.4196832614066562e-06 3.162904959704889e-07 0.0 0.0001231494364760109 1.3946678393775428e-06 1.072515047683348e-05 6.92775189668267e-08 4.702992394461129e-07 0.0 1.1361044213260369e-05 0.0 3.997536125277832e-07 2.9718437724490097e-06 0.0 1.627977423980247e-06 3.937055665305418e-07 2.672711753440688e-07 0.0 0.0 0.0 0.0 0.0 3.347185661157495e-07 1.4039037520191173e-07 0.0 2.2892712821718793e-05 3.14960600232338e-07 0.0 4.1305467936865197e-07 0.0006868238415140794 0.0 6.93930641727424e-06 3.20710878820907e-06 1.284609134920054e-05 3.0786496765828093e-06 4.109398064476142e-06 9.70528456914367e-06 4.849776196580212e-06 1.3565337584718922e-05 1.7334900885372863e-05 1.1508908268441202e-06 8.614251648078492e-06 1.0548891441241175e-05 1.9926207644263e-06 1.1917931308184263e-06 7.986814362916013e-07 0.0 0.0 0.0 0.0 0.0 0.0 0.0 0.0 0.0 0.0 0.0 0.0 0.0 0.0 0.0 8.557892151496744e-07 7.472281062969085e-07 0.0 8.242535941534114e-07 2.0844847383075886e-06 0.0 0.0 6.885358005834052e-07 1.1371120320336073e-07 0.0 1.2774676442062775e-06 1.9294038728750371e-07 5.325491591319914e-07 0.0 0.0 0.0 0.0 8.337659643591079e-07 0.0 0.0 0.0 0.0 0.0 0.0 0.0 7.589048679058527e-07 0.0 0.0 0.0 0.0 7.096005496336688e-08 0.0 1.318085348749087e-07 1.2353603384792165e-06 1.7137677908133817e-06 1.296370810878257e-06 0.0 0.0 0.0 0.0 0.0 0.0 0.0 0.0 0.0 4.81605995425869e-07 0.0 0.0 0.0 0.0 8.730739787709163e-06 2.463638834436811e-06 6.661814400112288e-07 0.0 7.22608810600379e-08 0.0 0.0 0.0 0.0 0.0 0.0 0.0 0.0 0.0 0.0 0.0 1.207477031113004e-06 2.3151229832202518e-07 0.0
0.00261297711693832 0.0 0.0010894356868911468 0.0011320995748047731 0.0025752140677039663 0.0002588702653858345 0.0027198333677269982 0.0005918355189192319 0.001145226624577897 0.001125758608871892 0.001475509303790488 4.3501354149528045e-05 0.0007705618681210425 0.0010769826785596648 6.277353808288528e-06 7.740604939252663e-07 1.3688946371237143e-07 0.0 7.927953666380371e-08 0.0 2.8315418277207076e-07 0.0 1.6458038515623129e-07 0.0 2.2608376071724763e-07 1.0723419434034217e-07 0.0 9.575247162177131e-08 1.0934013434674525e-07 0.0 0.0006102709491565424 1.4921037908712924e-05 3.2067381260644687e-06 7.784808014378496e-08 2.6770929175670956e-07 0.0 1.282879316898727e-06 2.7977107274895696e-07 9.972771549714006e-08 0.0 2.7951005944085984e-07 4.1217049302058127e-07 1.430563228555281e-07 6.431955169931056e-07 0.0 1.7042082698859809e-07 8.873404550242993e-05 4.110241945082879e-06 6.245216733073656e-07 8.71619351561841e-08 6.193005999543419e-07 9.699991548158923e-08 1.1395444754511817e-07 0.0 5.232117255299757e-06 6.968397363217407e-06 0.00014878637985994415 0.0004754852250207797 2.0388590012776278e-05 7.662766684776843e-05 5.667416388102935e-07 7.112903449686681e-07 6.342227863130003e-08 2.681692791193277e-05 3.607170645485762e-06 4.1232431942497286e-06 1.4937663978581593e-06 1.57382226399773e-06 2.0071859893636465e-07 4.983438128278508e-07 7.098719864692643e-07 2.2142174790723488e-07 0.0 0.00039897321168782623 2.7788738032227528e-05 8.926633083384759e-05 2.6407301701344728e-06 2.1776869058513458e-06 5.137699985352179e-07 6.301348815407009e-05 2.9944468178308326e-07 1.0059243616321794e-06 1.1329610535116415e-05 5.938990177118639e-08 7.007576061312949e-06 4.405841593674579e-06 2.139161795755727e-06 0.0 1.5761323372473578e-07 0.0 3.7498391560768457e-07 0.0 1.8933501558573094e-06 7.188013333193786e-07 0.0 1.1875203003451877e-05 1.1634472330059839e-07 0.0 2.6448030141741363e-07 0.0008310548620489434 9.99723266824621e-08 2.169588260868245e-06 4.055223289750347e-06 3.118929391385357e-05 1.8342823448527166e-06 2.7241487781755357e-06 5.3428200465800126e-06 4.39959426834315e-06 1.5013663354372804e-05 8.811488191508976e-06 3.800832968332692e-06 1.623413408472541e-05 1.1557163857154002e-05 4.3473369598875124e-06 3.709151990050841e-06 0.0 0.0 0.0 0.0 0.0 0.0 0.0 0.0 5.51494256690015e-07 0.0 0.0 0.0 0.0 0.0 0.0 0.0 0.0 6.766541631154416e-07 0.0 8.73069475720937e-07 1.0622539490937228e-06 0.0 0.0 0.0 2.0808911774257195e-06 0.0 3.098984509644489e-06 2.67459304678785e-07 3.9433137639471473e-07 0.0 0.0 0.0 0.0 3.310019150514883e-06 7.310645676804597e-07 0.0 0.0 8.514009907919409e-07 0.0 0.0 0.0 1.2715335628271895e-07 0.0 0.0 0.0 0.0 0.0 8.613200238644714e-08 4.804572871791339e-07 1.4452442262188024e-06 1.5778203890496214e-06 4.824312546724844e-06 1.163747400462805e-06 0.0 0.0 0.0 2.3341647822698333e-07 0.0 0.0 0.0 1.8246442465641733e-07 2.3380006834394487e-06 0.0 0.0 0.0 0.0 8.272951428847924e-06 6.547522923384295e-07 3.2017121992272954e-06 2.0869845767991906e-07 2.739163759220918e-07 0.0 0.0 0.0 0.0 0.0 0.0 0.0 0.0 0.0 0.0 0.0 1.9491979094372416e-06 2.273638613757114e-06 1.7949464166970564e-06
0.0004730617264696487 0.0010894356868911468 0.0 7.501582245058181e-05 0.0002484439244228846 1.2282330204264487e-05 2.111854826050432e-05 0.002473366681126749 0.00025572196712992594 3.660887770312874e-05 0.001488258755914851 3.01064685224671e-06 0.0001349751482049736 0.0005037169930852994 4.8966320298573954e-06 1.1996823850537248e-06 1.1063400783756812e-07 2.0324523617187077e-07 7.549344994646156e-07 3.4031983723068313e-07 3.726272701232945e-06 0.0 0.0 1.051736077101688e-07 6.461790620496285e-07 1.0322258435424466e-06 4.4105943132370514e-07 1.241493892918353e-07 0.0 0.0 0.0021831974577077393 0.00043101266291550367 1.5165849578774545e-06 8.995873171286757e-07 5.625050748942167e-07 1.2236178392285987e-07 1.0964274382565157e-06 1.5466244986357182e-07 0.0 0.0 1.66757445692566e-06 1.3542428597773406e-06 1.5126281717714816e-06 6.817774641034064e-07 8.637259591269316e-07 5.02503564440617e-07 1.6304067930760563e-05 2.8197175707760875e-06 5.681486428218183e-07 1.5843793547137757e-06 1.2744552878094208e-06 3.4388309615935457e-07 0.0 0.0 1.960909369500141e-06 1.9714004535108195e-06 4.844260299913453e-05 0.00037648476302472946 5.953018571555357e-06 1.6913723017030963e-05 1.8987072032386404e-06 2.4605166247150438e-06 3.7801969668972506e-07 5.117784022577122e-05 7.746653652527864e-07 3.663228666961138e-06 2.0873868270214455e-06 3.024575687735443e-06 2.5008320200540284e-06 6.326235879524733e-06 5.018792936207726e-07 0.0 2.1334983709275213e-07 0.0001633232431969211 1.7435234526927208e-05 2.2043080289723375e-05 1.352676295614109e-06 2.2422644794086054e-06 1.3417385335840526e-05 0.00017112938275852744 8.126808956186871e-07 1.8849149869929528e-05 4.8328817733458814e-06 0.0 2.9181548352725888e-06 2.8405797686776457e-06 3.905117282865882e-06 8.104676852988334e-08 2.511690155374537e-07 0.0 1.5552878114492084e-07 0.0 2.118522902961831e-05 3.043561376242316e-06 4.30554479770247e-07 1.1748231598801462e-06 0.0 0.0 0.0 0.00010064913934023707 0.0 1.767941548478415e-07 1.0685707036207042e-06 1.2830366814906924e-07 0.0 2.9972826953509154e-07 1.5191505124856343e-07 0.0 1.206425960699481e-07 2.538307066034339e-07 0.0 1.5740035160644325e-06 5.016943015687263e-07 2.396916139818055e-07 3.4867022358699174e-07 3.3785357250679544e-07 1.166339021961642e-07 0.0 0.0 0.0 0.0 0.0 1.3662190139396678e-07 0.0 0.0 0.0 0.0 0.0 0.0 0.0 0.0 0.0 0.0 0.0 0.0 1.5867863447059158e-07 0.0 1.6034612980664744e-07 0.0 1.7584611430395443e-07 0.0 4.977625383862782e-07 3.238204156426964e-07 0.0 0.0 0.0 0.0 0.0 0.0 6.114785632110322e-07 0.0 0.0 1.71497711372906e-07 0.0 0.0 0.0 2.022707843357987e-07 0.0 0.0 0.0 0.0 0.0 0.0 1.345705167421219e-07 0.0 0.0 8.179210509688764e-07 0.0 0.0 0.0 0.0 0.0 0.0 0.0 0.0 0.0 1.0919336548304245e-07 1.0149781020092185e-07 4.200876814485721e-07 0.0 1.0898983494249219e-07 1.0032028953759808e-06 1.1073028958976321e-07 6.95772876712537e-07 0.0 0.0 0.0 0.0 0.0 7.404753932481105e-08 0.0 0.0 0.0 0.0 0.0 9.771293427020188e-08 0.0 0.0 2.1814110810127405e-07 0.0
0.0014717140679819767 0.0011320995748047731 7.501582245058181e-05 0.0 0.00015210191319641882 0.0009476801695542986 0.001077629010810438 2.684494025686526e-06 2.3817454446174054e-05 0.0011016139181280944 5.903135868585673e-06 1.6888118749107935e-06 0.00010047833690021151 8.717018076375677e-05 6.887982937418182e-07 9.989314661864593e-08 9.0815238940628e-08 0.0 0.0 0.0 0.0 0.0 0.0 0.0 0.0 8.00130688684329e-08 0.0 0.0 0.0 0.0 2.9903753852993065e-05 1.1923021078454705e-07 1.1743994168500293e-07 0.0 0.0 0.0 1.4495455645285287e-07 0.0 0.0 0.0 0.0 0.0 0.0 5.851372813991754e-08 0.0 0.0 1.6098415005030948e-05 2.7219493869669965e-06 6.742395532394926e-08 1.0368676173814105e-07 6.391586521505791e-08 0.0 0.0 1.7811005927391402e-07 1.951093592310749e-06 2.8545306189578065e-06 5.7952968572686766e-05 0.00015012378107064013 8.977828489998813e-06 2.6363391469761966e-05 7.760454521323814e-08 1.771788298296165e-07 0.0 3.4665743558389732e-06 1.3272132968928809e-06 1.4582629053317378e-06 5.67327401234279e-07 5.197499660366499e-07 0.0 0.0 7.22418152066941e-08 0.0 0.0 0.00017392321558400479 3.996107919047234e-06 2.6339380704659193e-05 1.5954916314556418e-07 0.0 8.974538788127647e-08 6.042236373964525e-08 6.548077194593556e-08 1.0181543504832527e-06 7.742868959560457e-06 0.0 2.5892698606275628e-06 1.813000343013518e-06 6.758350740374526e-07 0.0 0.0 0.0 2.467330485178898e-07 0.0 1.1465168843872551e-07 0.0 7.760254337935618e-08 3.715213247075449e-06 0.0 0.0 8.114598307634109e-08 0.00038331763340896725 1.2834380168963887e-07 3.0258054272042076e-06 8.310386970896709e-06 3.1522085677188984e-05 2.9672915107197043e-06 1.6817646501240177e-06 6.175409115579821e-06 5.918532575674745e-06 2.0809204138866896e-05 7.653563840601371e-06 1.641195974367496e-06 1.3509595051187089e-05 7.982457963411982e-06 3.3670400487062223e-06 7.102621934005842e-07 3.28335799502127e-07 0.0 0.0 7.616194407502155e-07 0.0 0.0 0.0 0.0 0.0 0.0 0.0 0.0 0.0 0.0 0.0 0.0 0.0 0.0 2.0528121961788168e-07 3.668719519717403e-07 1.2352949882892625e-06 0.0 7.072016315523433e-07 0.0 1.6758277005259528e-07 3.183135643591966e-07 4.499222602474342e-07 1.1701930472616725e-06 5.26283903396006e-07 0.0 0.0 0.0 0.0 0.0 1.7305956584524104e-06 0.0 1.7524929874342703e-07 0.0 2.7048637347841973e-07 0.0 0.0 6.341271610762181e-07 0.0 9.005368644292484e-08 0.0 0.0 7.953682613037846e-08 0.0 1.3012674472292775e-06 6.936781674247138e-07 3.9478209036949997e-07 1.7537042476085443e-06 0.0 0.0 0.0 0.0 0.0 0.0 0.0 0.0 0.0 1.1672550331634169e-06 1.1059967531023717e-07 0.0 0.0 0.0 5.641927801424426e-06 4.600410139186103e-07 2.2938961286757384e-06 0.0 0.0 4.186373635636168e-07 2.8157849196834494e-07 3.4361211673203853e-07 0.0 0.0 8.207445192714001e-08 0.0 0.0 0.0 0.0 0.0 9.996785322948873e-07 0.0 4.763453697098543e-07
0.00039776486450472746 0.0025752140677039663 0.0002484439244228846 0.00015210191319641882 0.0 2.148737802753775e-05 0.00112912854956175 9.143466174393082e-05 0.0017704959581401397 0.0007154360009695056 0.0007579292281643348 2.8253881021145732e-05 0.00041882068507990733 0.0009330461257654829 1.1562590774995339e-05 6.267653147309899e-07 7.504309651702611e-08 0.0 0.0 0.0 4.068437206860788e-07 0.0 0.0 1.070776746083755e-07 2.44915614747818e-07 0.0 0.0 0.0 0.0 1.0729751040877096e-07 9.77644371402039e-05 7.188620265549201e-06 3.213041319781282e-07 0.0 0.0 0.0 2.8584965101791785e-06 7.854232797286222e-07 0.0 0.0 1.1299770010009922e-07 0.0 1.038845020280004e-07 2.0127296700855558e-07 9.339210498649577e-08 0.0 9.540164401858089e-05 3.500395635245287e-06 4.5374596206917185e-07 2.3710664911875397e-07 2.2783222270004661e-07 0.0 0.0 1.0316095746768566e-07 3.1906779509566365e-06 3.6172957221537433e-06 2.4203993657276752e-05 0.0001135964464616934 6.097464559957981e-06 5.883412908965081e-05 3.6801589779109497e-07 1.9120055417736542e-06 0.0 3.380822261701902e-05 2.4728400701495273e-06 3.0117493514946692e-06 5.536506891891996e-07 7.445066992347227e-07 4.2358054255239343e-07 0.0 4.3646978050350734e-07 0.0 0.0 0.00019762933911508663 2.534818451831861e-05 8.819306838049742e-05 4.55283428070172e-06 1.8441346608917281e-06 1.5868490903593144e-07 1.2762620343695748e-06 1.2251878796947549e-07 2.2121421638955765e-06 9.164498197226266e-06 1.352843265779944e-07 4.029636984519516e-06 2.208430193463333e-06 1.5324826346580436e-06 0.0 1.0661115045094166e-07 0.0 7.314048256276598e-08 1.0061516289717981e-07 4.0465334849255626e-07 0.0 1.464049550569163e-07 5.45715402460908e-06 1.0152884938864049e-07 0.0 1.0985027265269194e-06 3.1033111560852555e-05 3.040218803355312e-07 2.1784136791759863e-06 2.6387359184673728e-06 2.0913573999510894e-06 2.1912012863886713e-06 3.3294468730017783e-06 2.814526390399446e-06 4.8389121795273566e-06 1.3962340128602913e-05 1.542042403124043e-05 1.4932220927681166e-06 3.207389043876294e-05 2.0692939230620434e-05 1.1316637978901871e-05 8.735217868578085e-06 2.515866723468167e-07 2.4757032630158063e-07 0.0 1.0610646660419604e-06 0.0 0.0 0.0 0.0 0.0 0.0 1.1823218358762277e-07 0.0 1.0382239997495805e-06 0.0 0.0 0.0 0.0 0.0 0.0 6.273276847574349e-07 3.431055515919457e-06 0.0 0.0 0.0 2.3698089735830246e-06 0.0 3.5667470919231383e-06 1.0150963662651988e-06 1.254688819513285e-06 0.0 0.0 2.9912510407139014e-07 5.061326148237003e-07 1.4575628446506193e-06 3.6754272776042384e-07 0.0 0.0 0.0 0.0 0.0 5.321893563980727e-07 4.340110065128555e-07 1.4943279875998922e-07 0.0 0.0 0.0 6.928908655315124e-07 1.3171222083507026e-07 8.092287761393835e-07 1.6955487347267512e-06 3.2954230263029385e-07 5.366094335921346e-06 2.1181503320793858e-07 0.0 0.0 0.0 0.0 0.0 0.0 0.0 0.0 8.229767125729802e-06 1.841742706178799e-07 0.0 0.0 0.0 1.3856230997191889e-05 1.2553258224271207e-06 5.355842654022877e-06 2.9187403124890597e-07 0.0 0.0 1.2903172436940191e-06 0.0 0.0 0.0 0.0 0.0 0.0 0.0 2.8899649190647257e-07 0.0 3.5536806701483717e-06 2.922447719601055e-06 1.1126369652395112e-06
0.00010213003352111339 0.0002588702653858345 1.2282330204264487e-05 0.0009476801695542986 2.148737802753775e-05 0.0 0.00016269414059045726 1.067701520264201e-06 6.329105524538389e-06 0.0006699333017890486 8.180558804002296e-06 0.00014433629194184557 0.00011388868021495712 1.9864684148118953e-05 7.018083735790988e-07 2.3784990528527763e-07 1.1198619281211473e-07 0.0 0.0 0.0 0.0 1.1114382380520958e-06 0.0 0.0 2.1895768412436266e-07 0.0 0.0 0.0 0.0 0.0 5.221076689413566e-07 4.129948611282428e-07 2.0154797808625977e-05 0.0 0.0 0.0 2.7593204183045524e-05 6.556889256579536e-06 3.5676023700679446e-06 4.599967583222514e-07 0.0 3.1832591976401666e-07 0.0 4.949732196477734e-07 0.0 0.0 4.5243573488703887e-07 0.0 0.0 1.2414900184011617e-07 7.218377063415455e-07 6.678620586598867e-06 0.0 3.352337100826559e-07 2.028130660668634e-07 2.626382429380838e-07 0.00013121010478154275 1.798659119520675e-05 4.062922482773608e-06 3.8066222181066732e-06 0.0 1.3768262376794005e-05 1.5358726058053494e-07 1.215858472800853e-07 0.0 8.511949956279555e-08 5.713314725938031e-07 3.969246015131665e-07 1.3403180817691102e-07 0.0 0.00010867017941757883 6.080440825788657e-05 1.2709113132138128e-05 1.3370409849938698e-05 2.902720583035682e-07 1.8032519393730585e-06 0.0 2.0344084547727506e-07 0.0 2.1735363131667168e-06 0.0 6.350297782873152e-06 5.924024531592156e-07 8.467901915654093e-07 2.416304761968965e-07 2.126343283887169e-06 0.0 1.7119175474164862e-06 4.3011995481979135e-06 5.257382841988832e-06 2.4534139997137114e-06 2.915339261298842e-06 0.0 8.8946889709648e-07 9.238787748581115e-07 0.00020642907844129794 6.11404576829885e-05 3.94008162018136e-06 9.977478033371332e-06 0.00018813539037133096 0.0 5.883420775311233e-07 2.0924113332023147e-06 4.469939184508441e-06 3.149643240738604e-07 8.778642015072872e-07 2.454391007654875e-06 2.125023682525944e-06 2.802229210962753e-06 5.063674460818795e-06 5.517352516592922e-07 5.45384244247833e-06 1.664215783267219e-06 9.502309268431985e-07 1.0614558416025776e-07 0.0 1.2350521852119628e-07 0.0 5.678965086156171e-07 0.0 0.0 0.0 0.0 0.0 0.0 0.0 0.0 9.515215823322439e-08 0.0 0.0 0.0 4.870281454585555e-07 0.0 0.0 1.5716128743823285e-07 2.1934918256141281e-07 0.0 0.0 0.0 2.2230661229581403e-07 3.930841477858519e-07 1.1928701066843902e-06 1.777010986031352e-07 1.002030972313743e-07 0.0 0.0 0.0 0.0 0.0 0.0 0.0 0.0 1.217239415302995e-07 0.0 0.0 0.0 3.6354156767006675e-07 0.0 0.0 0.0 0.0 0.0 0.0 2.679477252396216e-07 0.0 1.1245730181489122e-06 6.331459180725141e-07 1.0066614508588404e-07 0.0 0.0 0.0 0.0 0.0 7.180333824870365e-08 0.0 1.5334113187597974e-07 8.23470672617145e-07 1.2883030544072067e-06 0.0 4.218375425625789e-07 0.0 2.6055390013625595e-06 2.4365588005846654e-07 7.284993574738087e-07 0.0 0.0 1.1165373771203555e-07 0.0 0.0 2.0652272255134015e-07 0.0 0.0 0.0 1.200618597557632e-07 0.0 0.0 0.0 3.0813116098061133e-07 1.1175778571868903e-06 5.845049709561598e-07
0.00048649390702069077 0.0027198333677269982 2.111854826050432e-05 0.001077629010810438 0.00112912854956175 0.00016269414059045726 0.0 8.495892450283563e-06 0.0008660817724242229 0.0022377929404897618 7.710266569898513e-05 4.61032491082785e-05 0.0038743268550418177 0.0022911338125937487 1.1200059772890333e-05 5.970874762963233e-07 1.2832223354394254e-07 2.9352803035008e-07 0.0 0.0 0.0 0.0 0.0 0.0 0.0 9.45373369303068e-08 0.0 8.574612738059774e-08 0.0 7.359485580378712e-08 7.284812507249078e-05 4.975417619392093e-06 3.2907277303140007e-06 0.0 0.0 0.0 1.6349645668441933e-07 3.0029733924751255e-07 0.0 1.475937053625652e-07 1.0293964719824803e-07 0.0 2.0535369999572177e-07 4.960318023196278e-07 4.613921818323943e-07 7.198802356813901e-08 0.00013863652932455603 4.710341341892876e-06 2.9543690272585826e-07 3.3939518370306247e-07 2.1802799910566762e-07 8.489006356980465e-08 1.4850390478855402e-07 0.0 5.426689406264777e-06 6.688676869061614e-06 4.3776198515367565e-05 0.00018630578109780604 1.2411481218560668e-05 9.650743881247474e-05 2.4294151057011093e-07 1.075133855915935e-06 0.0 3.8855908871886795e-05 4.540833937713318e-06 4.796366579805617e-06 1.4208466766748952e-06 1.0436389442565467e-06 2.2991119176178155e-07 0.0 2.0565778986307147e-06 1.935730313694996e-07 0.0 0.00034447482430122813 3.86057022003192e-05 0.00011218426409336764 4.470197232734632e-06 8.31841653108578e-07 2.0371483841796186e-07 1.95263511202536e-06 2.7434475761029026e-07 3.2140721404612086e-06 1.791548044304975e-05 6.682920617259042e-08 6.138363344579172e-06 3.825777002382562e-06 3.4060017200263317e-06 0.0 2.968945014743682e-07 0.0 0.0 0.0 1.6578520932694878e-07 1.9024717271915602e-07 8.939149916734791e-08 1.1719537451850112e-05 1.5117035505315039e-06 0.0 3.3808716284321887e-07 6.678822887518337e-05 4.184893919852026e-06 9.76443728050621e-06 9.15285350424273e-05 5.954668075140335e-05 3.7755067669746735e-06 5.854650396696026e-05 3.58545506580031e-05 3.4651305035545804e-05 9.198818883602164e-05 7.964049593034132e-05 3.4022543246681607e-06 0.00011469910885911398 2.4474402922481797e-05 1.5541113950232844e-05 8.607432083464327e-06 2.721510167393212e-07 1.2706010741648043e-06 1.0086746930414499e-07 1.0266564134250392e-06 0.0 0.0 0.0 0.0 0.0 0.0 0.0 0.0 2.2344932580345098e-07 1.789086403171602e-07 0.0 9.938412116013691e-08 5.301204395559387e-07 0.0 0.0 5.648663880955671e-06 1.8908545201406053e-06 0.0 1.5417132682699452e-06 0.0 2.1864538189495033e-06 1.3412573077863881e-06 4.904312603673045e-06 2.21425705834171e-06 2.5243110184348913e-07 0.0 0.0 0.0 1.5096455684378866e-07 1.3053924089064333e-06 3.235332654873819e-06 0.0 4.067245238553361e-06 3.525173802290467e-06 1.8480502587274525e-07 0.0 0.0 8.96701038597467e-08 0.0 7.194833667330113e-08 2.186595077388756e-06 0.0 6.109551713656555e-06 8.09860806756157e-06 2.1418268339740576e-06 9.24093573786159e-07 2.06543909702846e-06 9.682955775003685e-06 2.2243563909954655e-06 1.4085976704019427e-06 5.579811186655011e-07 0.0 1.468708549865805e-07 0.0 7.390829886326124e-08 0.0 0.0 4.456815452166892e-06 1.0258526878839674e-07 1.4193668425027285e-07 0.0 0.0 2.0939071120889774e-05 2.260476362257159e-06 8.51478619972626e-06 6.274332971004042e-06 5.199139899550371e-06 2.4176534437342183e-06 1.1730323311281185e-06 2.1620644327980658e-07 3.8498308661078103e-07 0.0 0.0 0.0 0.0 6.911834626683897e-08 0.0 0.0 5.878682090111031e-06 2.0576875657354773e-06 3.2582437297535964e-06
0.00011473163225598044 0.0005918355189192319 0.002473366681126749 2.684494025686526e-06 9.143466174393082e-05 1.067701520264201e-06 8.495892450283563e-06 0.0 7.918030354656984e-05 6.689509411324293e-06 0.0023058598755577656 1.8861655632922934e-06 4.965928297720535e-05 0.0007180919350787364 9.947940975518795e-05 2.7707954795441916e-05 1.287694787495871e-06 5.34560219208044e-06 1.8837062726993497e-06 9.216353180121812e-06 8.476629013244966e-05 8.864182636985408e-07 3.296520650116766e-06 7.813021010870018e-07 1.2030244004407547e-05 2.120067185960578e-05 2.0002221366530363e-06 3.678084007135704e-06 1.8517283056091793e-07 0.0 0.0018159792448647833 0.0007998725647005642 2.3171326570801548e-05 1.63460756022018e-05 1.2342444091860445e-05 8.185784306143723e-06 7.313773999653493e-06 3.967920661188666e-06 7.268235749759833e-07 5.167748803426605e-07 5.1816325094001015e-05 3.562252517987914e-05 1.9548029652020924e-05 9.65341272671707e-06 8.340726280897526e-06 6.080372439483982e-06 0.0002853219550090626 1.679324832208723e-05 4.412740456740583e-06 1.7221456340433896e-05 1.7965288034198667e-05 2.048543898890691e-06 3.3019825839072196e-07 7.235551022302568e-07 7.250305033090039e-06 7.52427081448759e-06 6.980522912843216e-05 0.0005086027790823212 1.4748350080190804e-05 0.00010859339498926689 2.496966196311024e-05 8.323487445372561e-05 6.145678346935307e-06 0.00023406305738136443 5.666198083841158e-06 4.117899022104275e-05 2.601443881001557e-05 3.933764271023615e-05 4.660881270182125e-05 0.00010841229448614332 6.821584905814933e-06 4.25465028071219e-06 1.1336087151146443e-07 0.0004904430779245631 0.00012091600483030543 0.00026991786962309066 4.391167472740944e-05 7.408871887201546e-05 0.0004397827586497073 0.003120169895317608 1.6074430005467498e-05 0.0007998162063394317 1.7701635286603053e-05 1.3365610915996176e-07 1.9541562173393945e-05 2.7285580347040875e-05 3.562825446611832e-05 1.1505262563015475e-07 3.0557023372983794e-06 3.468392182442038e-07 2.845721586629019e-06 2.3685402037348346e-06 0.0003290878671978906 5.576303624449087e-05 2.081547692838631e-06 1.0447411674451557e-05 2.9201120637754206e-06 0.0 1.152273340678234e-07 4.04639962143287e-05 1.469821020614257e-07 0.0 8.26719993409146e-07 0.0 4.081079110701998e-07 3.420984020595463e-07 0.0 1.2781545961042335e-06 5.627180119015028e-07 9.861634898608745e-07 7.949208191435163e-07 3.178934041812264e-06 3.2468253123409065e-06 2.9836642625019167e-06 2.868590918967338e-06 9.719148022154806e-07 2.1041462125691237e-07 0.0 4.892423351702546e-07 8.350556942690461e-08 0.0 0.0 0.0 9.527746657670836e-08 4.216957782835811e-07 2.9728942778287753e-07 0.0 1.5896444468871083e-07 0.0 2.927895796611279e-07 2.254279771575835e-07 2.0364736262482663e-07 5.397878227369166e-07 0.0 2.738389071033683e-07 5.938504786214995e-07 4.938053433034907e-07 1.3060217165986263e-07 5.170708826935015e-07 2.78617282427173e-06 4.7403209460227043e-07 4.775639731704595e-06 1.9342012623919566e-06 7.519582514154694e-07 8.310168329739108e-08 8.634963186455335e-08 9.083608599562486e-08 0.0 3.0433135739615855e-07 5.89421367344854e-07 3.9056768653924585e-07 0.0 0.0 0.0 9.617942189111867e-08 0.0 9.0322658655085e-07 8.808647191016162e-07 0.0 2.056958790576955e-07 7.648691920441261e-08 7.785280490224838e-08 0.0 0.0 1.4369242386786218e-06 1.028656891226014e-06 4.707503171950121e-06 4.0609809137777566e-07 0.0 0.0 0.0 0.0 1.2387680624490407e-07 9.161687654743596e-08 1.384054062322484e-07 1.7970859896651868e-07 5.015953469377968e-06 7.011029047177346e-07 2.2665039809387655e-07 0.0 1.2691914010414374e-06 7.267084867478446e-06 1.7423501579437721e-06 6.1113232128728185e-06 0.0 0.0 1.2054721837176416e-07 3.4676885808827085e-07 2.957638743078575e-07 0.0 0.0 0.0 0.0 0.0 2.499737969406055e-07 1.1821286481440673e-07 0.0 1.0980256227850442e-06 6.367567485385069e-06 1.4304129941512015e-06
7.437604515104257e-05 0.001145226624577897 0.00025572196712992594 2.3817454446174054e-05 0.0017704959581401397 6.329105524538389e-06 0.0008660817724242229 7.918030354656984e-05 0.0 0.0007236221716726384 0.000931562965659328 0.0001225841501596703 0.001159580164870302 0.001995953501383243 1.819598824986129e-05 2.3179609271495033e-06 1.0217138425202107e-07 0.0 6.532088353652228e-08 0.0 4.907894083595061e-07 0.0 0.0 0.0 0.0 1.3909168008969572e-07 0.0 0.0 0.0 0.0 3.527247054824963e-05 5.450130746491055e-06 5.240783990603433e-06 9.82329267648709e-08 5.448613846104427e-07 0.0 2.9211941303264712e-06 1.0118943092016535e-07 0.0 0.0 1.1685617033235175e-07 5.883394568507456e-07 9.067688638926776e-08 3.595850936779786e-07 0.0 2.654771178277158e-07 8.149388258850227e-05 1.549080705758731e-06 2.0832565916958911e-07 1.262572665568338e-07 9.026030583468011e-08 0.0 0.0 0.0 1.1934481631241843e-06 1.8175938091568947e-06 7.760711950703512e-06 3.9181356923769955e-05 2.982779451926076e-06 3.2582339950291544e-05 1.687700028390111e-07 1.7604918528371557e-06 1.6296015892990505e-07 1.982348183274477e-05 1.0808006978530517e-06 4.5731740591540913e-07 4.7561072358153273e-07 6.551466105629909e-07 3.984522967351894e-07 4.674004817407852e-07 4.057254430049868e-06 4.936232194704205e-07 0.0 7.394450564523306e-05 1.301498631598151e-05 5.729866943742146e-05 5.833339675536277e-06 5.12353591823849e-06 9.202486051700624e-07 8.13511594795064e-06 3.899542589862623e-07 2.108692253545828e-06 4.461975437298872e-06 0.0 2.014151370356036e-06 9.336669730188869e-07 6.229614859536775e-07 0.0 1.5027327840163638e-07 0.0 2.7450605053218525e-07 0.0 1.5404850301765916e-06 1.1536185515218368e-07 1.0129571107922268e-07 2.0075051634797983e-05 0.0 0.0 7.977857447799834e-07 8.262424295683543e-06 1.4656398730565582e-06 4.558015462671498e-06 1.0540580096026843e-05 3.056858073488797e-06 9.39917838152272e-06 8.76252573480361e-06 9.98503977789724e-06 1.0499814912292174e-05 4.4823953730543956e-05 3.5547914242704576e-05 7.605155079308957e-06 6.29483880050067e-05 6.372796109741596e-05 3.28102435071581e-05 1.8812612532447255e-05 4.813699297034626e-07 4.3401521466902677e-07 0.0 1.723290105613202e-06 0.0 2.885637513864343e-07 0.0 1.1128066475673793e-07 7.146251634400157e-07 0.0 0.0 0.0 5.519291281945084e-07 5.874363876126429e-07 2.7792985912962565e-07 8.286896365108096e-07 0.0 0.0 0.0 2.931553071775843e-06 2.9832106856894283e-06 0.0 1.7458867634229333e-06 0.0 6.23733989343719e-06 1.083667802905439e-06 1.6813740223770808e-05 2.559173020065064e-06 1.8139343061449447e-06 0.0 0.0 0.0 0.0 1.7049620787305761e-06 3.091373768619933e-06 0.0 1.2000229981650005e-07 1.087195895209329e-06 0.0 0.0 0.0 1.3605955827389115e-06 4.508767045072341e-07 0.0 1.1382269243553037e-07 0.0 1.187520081865468e-06 1.267240134990061e-06 5.338156634638791e-07 4.218973263628353e-06 1.3146725879069142e-06 1.9478591087670802e-05 1.7593500218584346e-06 2.420777892065919e-07 0.0 0.0 0.0 0.0 4.28465377769803e-07 0.0 7.618970606694947e-08 2.027663835159863e-05 0.0 2.8524529198767065e-07 2.6291220897240127e-07 9.664546173390364e-08 4.1298550492260497e-05 5.071626745915008e-06 1.9815324117518332e-05 7.095751823086158e-07 6.128428022390617e-07 2.443073263113863e-07 4.471144514518902e-07 4.5717903722022726e-07 0.0 0.0 0.0 0.0 0.0 0.0 0.0 0.0 1.3100946505055635e-05 5.479898624400219e-06 5.126307193565687e-06
0.0004698220358762265 0.001125758608871892 3.660887770312874e-05 0.0011016139181280944 0.0007154360009695056 0.0006699333017890486 0.0022377929404897618 6.689509411324293e-06 0.0007236221716726384 0.0 5.0552406636411493e-05 0.0013415940400359513 0.006905106048379371 0.0008972998778721365 1.1138769237473674e-05 1.51819302242482e-06 0.0 1.6174452916124393e-07 0.0 0.0 0.0 0.0 0.0 0.0 0.0 3.903872309010773e-07 2.5908504699156107e-07 2.0207701542606005e-07 0.0 0.0 2.106680268966923e-05 2.3641255949912863e-06 1.3041449370639913e-05 9.119636228164466e-08 1.131854635081918e-07 0.0 1.3159760626665877e-05 3.0437301921850894e-07 2.27035401333358e-07 0.0 0.0 4.377990466326147e-07 8.298769715414287e-08 6.438892546774193e-07 7.777130012811762e-08 1.6730277161026256e-07 9.452211907523627e-05 2.8005719508096098e-06 2.9834502384773076e-07 6.005082014238326e-07 3.610548487241751e-07 2.959514009398995e-07 6.22332086779829e-07 8.749927752919775e-07 4.439547374799685e-06 4.764897751180707e-06 4.9961047461581226e-05 8.127269982296782e-05 9.038065861686412e-06 6.924399659027785e-05 3.038008929425262e-07 4.612758709788315e-06 3.889063742868739e-07 1.6413825361371323e-05 3.0171063450632606e-06 2.8290159869137348e-06 7.143595276176589e-07 6.905455664630906e-07 5.672803742818737e-07 0.0 1.912105865938785e-05 2.7924608858464026e-06 1.6045149514914583e-07 0.00019999902827998807 1.7650086186077184e-05 7.418437829064938e-05 3.273593447559181e-06 2.585249828409721e-06 1.999834200619293e-07 8.459566699108844e-06 7.75081935044826e-08 3.827257745990014e-06 1.187102602638143e-05 0.0 4.345108838057747e-06 2.7181303829973535e-06 1.3093493618318968e-06 0.0 4.847426700118166e-07 2.466110496578397e-07 1.6923077441467116e-07 7.717874653650029e-08 1.0002694661230677e-06 0.0 3.8372378780461356e-07 0.0003652323811313209 5.525506814710452e-06 0.0 2.5792651738187423e-06 0.00019399511783902912 5.06176128880519e-06 2.493331750662752e-05 5.079398871343115e-05 5.0076546345491397e-05 3.563403729065129e-05 5.3285250842843014e-05 8.490358402041894e-05 6.353195614999373e-05 0.0002329619605202838 0.000175532341673743 3.190475789950288e-05 0.00034259078368460157 0.0002153482429472277 9.726692194669007e-05 4.5587605140309873e-05 1.8738745185078192e-06 1.1442216419284303e-06 0.0 6.219444553261864e-06 0.0 0.0 0.0 0.0 9.213273837627743e-07 0.0 0.0 0.0 4.019552692526244e-06 1.002117395572197e-07 7.09573912327981e-07 1.4084876717826373e-06 1.6790884080934763e-06 0.0 0.0 9.407504299226712e-06 1.2873756112272091e-05 0.0 1.2317397097897497e-06 0.0 1.5142736501636002e-05 3.427038723228489e-06 3.9420991420910834e-05 6.548373751215606e-06 2.3189637705865473e-06 1.2238630100664042e-07 0.0 0.0 1.3506244051225197e-07 2.9705441625202346e-06 3.7432206735236188e-06 0.0 1.4438338804362007e-06 2.7679732537778052e-06 3.598302214655928e-07 1.0317444294001972e-07 0.0 2.1882914701655285e-06 1.0756601767886826e-06 0.0 6.069422946276875e-07 7.357948365683201e-07 3.089525392525072e-06 1.6164176674091956e-06 4.869097864921553e-06 1.1218009614607474e-05 5.333626538376583e-06 5.223039075329281e-05 4.205947185263838e-06 1.8215899969501894e-07 4.832740665582297e-07 0.0 0.0 0.0 0.0 0.0 5.271231130570184e-07 5.180168763084315e-05 2.35967929592588e-06 3.1051945642730503e-07 3.814208178365029e-07 0.0 0.0001249971070266724 1.126962413527986e-05 4.340532857825705e-05 1.0357179781742947e-06 1.481880896635552e-06 5.721329164747515e-07 1.6531334479332005e-06 7.753608895200273e-07 3.0002229695841987e-07 0.0 0.0 0.0 0.0 0.0 5.252165061975421e-07 3.657122766888452e-07 4.0686233235990745e-05 1.592279287548955e-05 1.749609721340178e-05
0.0001795119934796944 0.001475509303790488 0.001488258755914851 5.903135868585673e-06 0.0007579292281643348 8.180558804002296e-06 7.710266569898513e-05 0.0023058598755577656 0.000931562965659328 5.0552406636411493e-05 0.0 4.5785556763556865e-05 0.0007346214757265655 0.0021789671611945264 5.250346349614676e-05 2.722603385019989e-05 1.2025796736712842e-06 3.889751179081344e-06 7.257113840537728e-08 2.1116154852847445e-06 1.8442261113362378e-05 2.419062072890454e-06 0.0 4.547888798527724e-07 1.9413725007877212e-05 1.2784287655507038e-05 5.418992817778073e-06 8.029360403902213e-06 6.350498558201478e-07 1.039664695916845e-07 0.00022820439464175276 4.3545871453379345e-05 0.0003390094730897487 1.3389410030216118e-06 5.1727954374056535e-06 1.0626425233465484e-05 0.00014155314846265235 2.7742058408763425e-05 8.391400133371232e-06 4.56881465689924e-06 2.9756843079716877e-05 2.9618400322062646e-05 1.4733952627229101e-06 8.462793025717569e-06 4.3413750949914006e-07 7.365348424454225e-07 9.411210797979683e-05 1.9050710277682185e-06 1.0353340942397794e-06 2.3415381122535137e-06 4.341748937468863e-06 8.017965158254834e-06 2.218020565233867e-06 4.405136517646208e-06 2.272714379968856e-06 8.158861222525448e-07 1.703087816017733e-05 9.290899247116052e-05 5.016065609744277e-06 3.0201128342572112e-05 8.635697945590406e-07 4.0652218483644753e-05 5.070739503003375e-07 3.483267988139284e-05 8.448175833818397e-07 5.2867366201106665e-06 3.926012301156812e-06 3.671476556193924e-06 3.286750619136597e-06 1.9123069636054155e-05 3.879548288116857e-05 6.523377685628627e-06 1.2789922990085604e-06 9.658827506557052e-05 1.982595741245374e-05 7.217473263938487e-05 1.060251728836267e-05 2.7904196954797895e-05 1.2005979958887242e-05 0.00015805070549843506 7.027979306509417e-07 1.576711957485341e-05 4.377736082747466e-06 0.0 3.1567941250040587e-06 5.065653827882353e-06 2.963003754745242e-06 0.0 7.07329738158243e-07 4.1517630040713064e-07 1.6738008867706276e-06 4.655134799382951e-06 6.493488370664403e-05 2.4789402832919802e-05 4.8574328452522065e-06 2.610919755407825e-05 7.698513357607864e-06 1.3063296330898293e-07 1.7309262408691807e-06 3.875011569659016e-05 1.0173777196561478e-07 0.0 5.206706535654237e-07 0.0 7.368548614215732e-07 1.5513736665574314e-06 5.369265456041376e-07 2.023747010393695e-06 5.5254229529383625e-06 4.3010186405327395e-06 1.90862279229589e-06 8.582460066790298e-06 1.1500770776041989e-05 8.700805332467159e-06 5.287750414440049e-06 2.3327108696939283e-07 1.2759441625216996e-07 0.0 1.020867755591184e-06 0.0 0.0 9.669417302503215e-08 1.0318429067121335e-07 1.0445474485812645e-07 0.0 5.594918090620748e-07 1.1335400500599825e-07 1.4464082065207988e-06 0.0 3.370640858164003e-07 1.2604156787979442e-06 9.920705680076516e-07 6.154361026953478e-07 1.2185555672676653e-07 5.355690654560967e-07 1.8106845440884865e-06 0.0 0.0 0.0 3.1343679351881813e-06 3.411359881331355e-07 5.3921504909368654e-06 3.3010304912641036e-06 8.534625191450425e-07 5.006624530654894e-07 0.0 0.0 1.7355495085072834e-07 1.4037772059826419e-06 1.3855158207957001e-06 2.4931809948132345e-07 4.0129037519628766e-07 0.0 0.0 1.1322433783067437e-07 1.9891424704308616e-07 1.2324977644594332e-06 8.666222037773588e-07 7.658098387177076e-08 1.641399386520021e-07 0.0 0.0 7.496762415091066e-08 0.0 1.3862132231275235e-06 1.087704404065546e-06 6.055679667873945e-06 7.213778011509795e-07 0.0 0.0 0.0 0.0 0.0 1.5085776008243922e-07 0.0 6.867339886513963e-07 5.464698920366486e-06 1.2669626980340934e-06 1.733973225763431e-07 0.0 4.6310256053997057e-07 1.4445337215613451e-05 8.028547218081668e-07 7.417252080971983e-06 1.1654400263478629e-07 9.90148581467437e-08 1.0038930007004282e-07 0.0 1.356159475806227e-07 0.0 0.0 0.0 0.0 0.0 0.0 1.6584610382213324e-07 0.0 2.5113139505178437e-06 5.585306618875345e-06 4.545771498652168e-06
1.252157276708513e-05 4.3501354149528045e-05 3.01064685224671e-06 1.6888118749107935e-06 2.8253881021145732e-05 0.00014433629194184557 4.61032491082785e-05 1.8861655632922934e-06 0.0001225841501596703 0.0013415940400359513 4.5785556763556865e-05 0.0 0.0011721146101987703 0.0002498737479469141 2.384712876525561e-05 1.6567129744528e-05 1.1590630338411097e-06 6.905313276124138e-07 0.0 2.622579644570658e-07 2.269525108812041e-06 1.246692739457758e-05 7.540824823717776e-08 7.017525751502752e-07 4.498555711965397e-06 4.0211407064471466e-06 1.493965677192347e-06 5.358201320175607e-06 1.595512225590767e-06 0.0 7.986803600368262e-07 7.443250059035622e-07 2.8422917768349517e-05 0.0 0.0 1.1654766728229607e-06 0.00010125625687066723 6.667333488412582e-06 5.527493807039092e-06 5.120574904575688e-06 6.7903847749572144e-06 1.3190838441168383e-05 7.233025429034189e-07 3.917245022132031e-06 0.0 8.131746813095786e-08 2.7662380566351118e-05 5.231975813897192e-07 8.932431288674725e-07 9.853301673134828e-07 2.5919363033583757e-07 2.2584926395905252e-05 1.8314023753270006e-05 9.571057668263647e-06 7.855804936449196e-07 2.6346101818867785e-07 1.1008965054916927e-05 2.518960708408454e-06 3.5283296180675924e-07 5.5882561381371485e-06 1.9456031216249288e-07 3.2252910686700294e-06 0.0 3.215589110804396e-06 2.140694909920543e-07 6.46854976954864e-07 1.0481962320956521e-06 2.1808782810862456e-07 5.14666174361485e-07 1.7547779731850866e-06 0.0001387585554299958 2.098982352919953e-05 1.6062623695071251e-06 9.503660543971246e-06 2.026623548819188e-06 1.3183309360974902e-05 3.953047379846995e-06 1.0788361465127299e-05 2.5041066489770696e-07 1.889832507529759e-05 7.832526352851304e-07 2.154679064904724e-06 5.732478733717344e-07 8.050381952085799e-08 2.749883202969812e-07 1.0697161292903752e-06 5.480012449105251e-07 1.0825708840384897e-07 1.6552908221553132e-07 9.524980682898405e-07 1.7369522451686243e-06 8.516612690180269e-06 5.299966298972293e-06 5.737530738207721e-06 3.6787210584810054e-06 0.000958923942512666 0.00021550926596056893 2.0530440967952423e-06 3.551097307828681e-05 3.462386721693745e-05 1.6433334324949927e-06 7.43206199243249e-06 1.674950366153909e-05 6.385362427133686e-06 1.366733160218398e-05 1.603822992318161e-05 2.27350257730603e-05 2.2995864964659873e-05 6.424088107531096e-05 5.961589716062404e-05 1.3975132600487183e-05 0.0001464238830043545 0.00014215217808374083 7.437793881593838e-05 3.6458941007264246e-05 1.1309555318426623e-06 2.5582632619035328e-06 2.1682904590474926e-07 1.2520294477763455e-06 8.212266275979802e-08 5.550716414626117e-07 1.1501490290028168e-07 0.0 9.64460209614994e-08 0.0 9.457672785508149e-07 1.122666540440009e-07 1.6070517378094952e-06 7.071192550118445e-07 5.155586693964207e-07 8.73575519953718e-07 1.4244727888824424e-06 6.444583459149359e-07 3.4855663565801036e-07 4.6264894498231126e-06 6.450744447322716e-06 0.0 9.753301675942098e-08 8.565757851896285e-08 1.550590982335343e-05 1.0024406110250306e-06 3.264276590872214e-05 7.5809476340272765e-06 3.687314064951302e-06 1.791869490394958e-07 5.076837993061933e-07 0.0 9.816958917134658e-08 3.1301899787258915e-06 3.8039840754951753e-06 3.288100404062995e-07 3.091253836169051e-07 6.294379620705822e-07 0.0 8.437193837717077e-08 2.1859010006841887e-07 1.571798824301125e-06 7.005097591859909e-07 8.55177192109172e-08 1.209612320587129e-07 0.0 1.2143852199266371e-06 1.5199360116520868e-06 1.27861632016537e-06 5.351746944950512e-06 2.5422875835581068e-06 3.8266112967880157e-05 1.4970087929506807e-06 4.918868223036522e-07 8.020546555333304e-08 0.0 0.0 0.0 0.0 0.0 9.765059759361854e-08 5.825108607089373e-05 7.784050804568814e-06 2.57288078206041e-07 4.2426389437812594e-07 2.4284137044454646e-07 7.996166984625418e-05 7.3006727987056615e-06 3.394604852463007e-05 7.306910534607045e-07 5.665697716852316e-07 8.859003537568617e-07 9.460324892525357e-07 7.435040226171692e-07 1.1614080530832901e-07 0.0 0.0 0.0 0.0 1.862019507582996e-07 2.446213451671652e-07 2.88746725460777e-07 3.356871244882977e-05 1.952694296351707e-05 1.5173105080385428e-05
