0.0 0.0015767856007189382 0.0003137124573055667 0.0010883984555685627 8.726705967046234e-05 5.800712360544e-05 0.0002891369504692611 1.3532811979558694e-05 1.2416998967851654e-05 0.0008444254179168505 5.255972751427265e-05 1.9486768443727273e-05 5.6659488552825474e-05 7.613378021040816e-05 2.8439265805980174e-06 2.1502773968365837e-06 1.965624250994824e-07 6.491267784862876e-08 8.498259266518809e-08 6.53062494187408e-08 2.2929877561229177e-07 5.181475778644934e-07 2.007172013839619e-07 3.2486830763463083e-07 1.545876188456345e-07 0.0 0.0 4.3633671940146403e-07 4.2630847036375604e-07 0.0 0.0008065718646509049 6.317278370680591e-06 5.4783029339243404e-05 0.0 3.603388520390877e-07 2.7125461587373106e-07 2.7002310290241533e-05 4.988601074763392e-07 1.5868228740372194e-06 2.677361831228955e-07 2.96233066441728e-07 2.1408839199090302e-07 1.2995014642991668e-07 5.282833319764801e-07 2.939827724466294e-07 5.373170410906942e-08 8.324714716102838e-05 8.00343025963076e-06 5.09825635425186e-07 1.3459230256197222e-07 6.210085511799607e-07 5.151685427090758e-07 2.1943987727628144e-07 1.4670103850606117e-07 9.543247578479454e-06 4.978740553141731e-06 0.00016686923217544187 0.0004811629230269295 3.413438105448601e-05 6.806489412569908e-05 5.435029522488066e-08 1.1077921083695499e-06 7.460605291044953e-08 6.0647453882697354e-05 6.521507853963051e-06 7.710233069273296e-07 1.2248605600162848e-06 3.232110004062811e-07 3.1448522287512886e-07 2.4780715186766464e-07 1.8353939016050367e-05 6.954790934489984e-07 1.1269316782459433e-07 0.00017448000580424573 3.594446176846326e-05 3.0497670301931676e-05 8.950220815631719e-06 1.2470593750668525e-06 1.0174775254054373e-06 2.1623609853372513e-05 4.6580468538820833e-07 4.674037457045155e-06 2.8806856212124084e-05 3.322360537257646e-07 3.345817009721141e-06 3.4700757818187884e-06 4.2707999780719527e-07 0.0 8.684870732759654e-07 1.6197133848246652e-07 4.757719030344305e-07 2.883861917728902e-07 3.294833450425124e-07 1.4299669909575762e-06 5.009981665680433e-07 3.291384638476939e-05 4.1735257938541605e-06 0.0 2.7340919669417906e-06 0.00077578159562462 0.0 0.0 2.642468606032301e-07 2.625440246206677e-06 8.431426573663471e-07 4.834327460559915e-06 1.5726276211732487e-05 3.910488161777581e-06 1.2696842274005418e-05 1.3082441188148678e-05 1.2915144840014204e-07 5.0189326961370105e-06 1.0422820811091582e-05 4.272742864291819e-06 6.801091885613541e-06 0.0 0.0 0.0 0.0 0.0 0.0 0.0 0.0 0.0 0.0 0.0 0.0 0.0 1.5368483345801482e-07 0.0 0.0 0.0 0.0 0.0 0.0 0.0 0.0 1.4893295255117452e-07 0.0 7.182952756683695e-07 5.750252406815267e-07 9.918555950703939e-07 1.5177912722162586e-07 6.324623250744782e-08 0.0 0.0 0.0 0.0 3.0959583981988074e-07 0.0 0.0 0.0 0.0 0.0 0.0 0.0 1.3096937274221684e-07 8.186157965683733e-08 1.255248674842271e-07 0.0 3.555375827959864e-07 8.362593038622952e-08 1.9790413551732152e-07 0.0 0.0 0.0 3.694965454293518e-06 0.0 0.0 0.0 1.963161420676265e-07 0.0 5.6843962784582985e-08 0.0 0.0 0.0 9.82757307192857e-07 0.0 0.0 0.0 6.38411900363283e-08 1.1767619216114696e-06 0.0 3.1102694504525224e-07 0.0 4.2699328945962115e-07 7.209540049290253e-08 0.0 0.0 0.0 1.8694793238508686e-07 6.819987796683443e-08 0.0 2.030047842730768e-07 7.178629163877778e-08 0.0 0.0 3.6988409683977345e-06 7.973863734792572e-07 9.422396305969495e-08
0.0015767856007189382 0.0 0.0013115002427473944 0.002114298661046013 0.0011416104029050664 0.00013356649048124988 0.0021040673521282643 0.00019881117964930058 0.0012211368469043772 0.002166286537906225 0.0007104357412540544 7.601823297449215e-05 0.0006349714732870834 0.0016436236345263556 2.3660934455218527e-05 1.0052858712005262e-05 1.3684305553719884e-06 6.909182727446002e-07 4.067994085187683e-07 3.6037644691985594e-07 4.94556305271198e-07 1.6651037967220246e-06 1.613136702653154e-06 1.6224209630551036e-06 0.0 3.727328039395638e-07 1.4777612555235986e-07 4.5108535864163587e-07 6.140801813198501e-07 0.0 0.001199847870329415 2.946552260992242e-05 0.0002288035751634178 3.6077032447671997e-07 5.045962077365631e-07 2.696380774904247e-07 8.786314307500376e-05 2.6817661786063212e-06 1.7925472633759541e-06 5.386569622639665e-07 6.931603206560429e-07 9.477297382534218e-07 9.66170605533355e-07 1.0567213013594808e-06 6.18380228704509e-07 9.185769645523295e-07 0.00020821165336327714 9.033168943872517e-06 2.0506185541360463e-06 8.584054528880044e-07 1.8812558930238932e-06 4.529924495977331e-07 4.7611647004827554e-07 6.547062861365078e-07 1.144988073690597e-05 6.578063380151026e-06 0.00011090199387643741 0.00035010763253689184 3.640597753867975e-05 9.167823396233483e-05 2.0527299871941093e-06 4.6975820225759315e-06 2.907205024693884e-07 0.00013788545849967098 8.310994751942144e-06 1.5743456159469543e-06 1.4347537491679296e-06 4.955799761707265e-07 2.4528622451870943e-06 9.757191347647195e-07 4.862021368776525e-05 5.459386119810302e-07 1.0545455851524148e-07 0.00021502435316231492 9.591209835995789e-05 0.00012814122095595608 4.527263296781241e-05 8.598050943773234e-06 5.193739950672829e-06 8.57081340701792e-05 2.2131438531088405e-06 1.680359046039893e-05 2.9032756097267474e-05 3.6876194125169126e-07 4.313311381364505e-06 5.934541252090785e-06 1.358334921828028e-06 2.0970241419109042e-07 1.2616364698359006e-06 2.317480387894395e-07 1.303585199795018e-06 3.511148502824195e-07 8.791851843622031e-07 2.746000976516274e-06 5.04921824316648e-07 2.7933649801447535e-05 9.24856232787102e-07 0.0 1.1997374606940449e-06 0.00035440974143987155 6.361192816583004e-08 0.0 4.6835675492781567e-07 3.899593249347639e-06 1.6028752968966293e-07 3.1703763574224444e-06 3.0195972052788227e-06 1.9409753585311755e-06 8.499164608710981e-06 4.088417404330382e-06 6.201267025468811e-07 7.5096802864994895e-06 5.8572041481356665e-06 2.999945024613352e-06 1.0769481889356867e-05 7.104735956375192e-08 0.0 0.0 0.0 0.0 0.0 0.0 0.0 0.0 0.0 0.0 0.0 0.0 0.0 0.0 1.0024870736517187e-07 0.0 8.661561284337395e-08 0.0 4.5554220608494393e-07 0.0 0.0 0.0 0.0 2.533993828619308e-06 9.547839723929314e-07 2.715683871361619e-06 7.121105054778066e-07 2.5086993922745906e-07 6.494641418459201e-08 9.776667767447824e-08 0.0 0.0 0.0 0.0 0.0 2.145257144803365e-07 2.712683022981134e-07 0.0 0.0 0.0 5.330907935616475e-07 0.0 1.1153103532667278e-07 0.0 2.2464738801551446e-07 1.672319093989847e-07 0.0 0.0 0.0 1.2720125480174037e-07 2.606004258147042e-06 0.0 0.0 7.294788477022126e-08 5.2982518884743116e-08 0.0 5.9239128541218445e-08 0.0 0.0 0.0 2.3421303694634324e-06 2.1763184304837756e-07 0.0 0.0 0.0 6.949972472940393e-07 1.718653319430676e-07 3.9691796051499963e-07 6.404710978524266e-07 0.0 5.791714648955984e-08 1.0837750992936684e-07 0.0 0.0 1.8952026965735277e-07 6.414480150134912e-08 0.0 3.0579729434933553e-07 0.0 0.0 0.0 6.10949865276995e-06 1.211724476145427e-06 8.432172144095156e-07
0.0003137124573055667 0.0013115002427473944 0.0 0.00010671400743392507 0.00043496683134302655 1.2873555369619247e-05 0.00022754222778882793 0.0008400892780152583 0.0006705977946134701 8.817112812276779e-05 0.0016168755120571144 2.7882261530589152e-05 0.0001440776967118136 0.0008425501413576234 9.358629175099591e-06 5.150641644045055e-06 2.3504258673866632e-06 2.5479491946117833e-07 5.06226173233445e-07 7.251032682657523e-07 1.0131771564753784e-06 1.7280549439037788e-06 3.604960146142447e-06 2.159768042709656e-06 3.474793335161026e-07 9.61664483850541e-07 5.242640404023317e-07 0.0 1.2533704659238341e-06 0.0 0.002123447083831182 0.0004278785544503456 0.0003619544222699382 7.078802801209838e-07 2.394595423260796e-06 3.612382352689223e-07 0.000116798017324295 4.2464253067864834e-06 3.798954502225543e-06 5.795846040591907e-07 1.597210055907469e-06 2.6887587278911116e-06 8.309890762113325e-07 4.373089015471966e-07 9.83436997120964e-07 8.574875704252132e-07 5.821838795753092e-05 2.595011979695367e-06 1.1439425708956236e-06 4.4801799185299365e-07 7.43222154503112e-07 1.0243535559723054e-06 1.0698659373007466e-06 7.659139090249534e-07 3.0812127928950746e-06 2.1191057225457225e-06 4.295742457044831e-05 0.00037914121721775956 1.0919635892414367e-05 2.8394620492568824e-05 2.291780902883257e-06 1.8678749741127244e-05 5.717923713635595e-07 0.0004168052443795542 2.740931735485437e-06 5.609362103405841e-07 3.9793167906576366e-07 6.53806664340731e-07 2.1682369780729002e-06 2.8478654598909804e-06 5.3201139837746696e-05 3.7923336801685006e-07 0.0 8.71968040386539e-05 6.240771876061751e-05 3.678565368767852e-05 2.7377458807726057e-05 2.542231341015789e-05 4.881930836068627e-05 0.00037064915867941837 2.6541778529336675e-06 9.196130251666199e-05 8.049589196152415e-06 6.808931302503576e-08 1.0266543118504054e-06 1.7083694003099069e-06 2.6610375417334915e-07 0.0 3.136248451768515e-07 5.165210197116128e-07 4.92664160990004e-07 4.0652831462891884e-07 2.811234821171544e-06 3.2676702492615524e-06 1.7155064064589437e-06 1.4052911690666424e-05 1.5911276927407237e-06 0.0 2.0608469859303796e-06 0.00017320427225765454 0.0 4.4353445614145087e-07 0.0 7.085917667402193e-07 0.0 7.415798924877723e-07 5.041427716735958e-07 8.327515547166998e-07 1.9875831205696534e-06 1.484919395503389e-06 3.502526885257914e-07 3.2856259149046872e-06 2.7260008059343088e-06 1.2664518092833785e-06 5.16142355919783e-06 1.8391374700728133e-07 0.0 0.0 0.0 0.0 0.0 1.0964964725774443e-07 0.0 0.0 8.454238663958312e-08 1.2716259674666426e-07 0.0 5.183910344085554e-07 0.0 1.4255010002152208e-07 0.0 3.5715624234169227e-07 1.747263547503156e-07 0.0 0.0 0.0 0.0 7.828787740064277e-08 0.0 2.392616669170134e-06 8.360527472460396e-07 2.3854363736750118e-06 9.068282764772504e-07 5.053187617410322e-07 0.0 0.0 0.0 0.0 0.0 0.0 0.0 3.6927729036288755e-07 3.7762467119234103e-07 0.0 0.0 6.800394790744082e-08 5.647377793751363e-07 3.346832994648356e-07 1.5006990596975698e-07 0.0 2.477816304980605e-07 0.0 0.0 0.0 1.6967769262510538e-07 6.699545291356877e-07 1.671640430932535e-06 0.0 1.451797605407368e-07 0.0 5.404998737953835e-08 0.0 0.0 1.3548373013625456e-07 0.0 0.0 1.1678628881578697e-06 4.3656912411894063e-07 5.4487626228156104e-08 0.0 0.0 8.211838811434081e-07 0.0 8.361052939879273e-07 6.909897595478159e-08 0.0 2.0120813378959095e-07 0.0 0.0 0.0 7.114740685922727e-08 0.0 0.0 8.717378972741948e-08 0.0 0.0 0.0 1.3640343918436852e-06 1.2481387977898402e-06 1.4112743951188444e-06
0.0010883984555685627 0.002114298661046013 0.00010671400743392507 0.0 0.0001028474741186736 0.00016097944593560613 0.00048462229156473545 5.054304676503807e-07 7.812907385483819e-06 0.0017258167518195634 1.1029685171335781e-05 5.1407199053653705e-05 0.00025507104299011223 0.00010936596519220023 1.5170564216933315e-06 2.3193486703951481e-07 6.123895422803958e-08 5.695167012129085e-08 0.0 0.0 0.0 0.0 0.0 0.0 0.0 0.0 0.0 9.530306942349891e-08 0.0 0.0 0.00016438412921085944 2.6001904113207266e-06 1.268578060398185e-05 7.01537122889635e-08 0.0 0.0 8.146645994934663e-06 0.0 8.684266538579836e-08 6.981713204796751e-08 0.0 7.539062887368636e-08 9.270454694596341e-08 6.03158181283031e-08 6.375617758143061e-08 0.0 4.50052439370321e-05 1.2204806085996216e-06 3.7922447884239335e-07 0.0 4.017641786933497e-07 0.0 8.135539458955301e-08 0.0 2.5380954046986664e-06 2.0116374755879294e-06 2.9357928929141166e-05 6.560423497503562e-05 8.557430631959995e-06 2.2038744190615793e-05 5.055776576505303e-08 2.718801617053804e-07 0.0 1.706380090713544e-05 1.6531420070259265e-06 2.9862094556469267e-07 1.782015085274981e-07 2.0125771920206514e-07 1.2788327334089216e-07 0.0 5.746443312581102e-06 0.0 0.0 4.5412850808285916e-05 1.3693083032639694e-05 1.902327449249701e-05 4.25318427926895e-06 3.619524809551418e-07 1.2236969287018998e-07 2.422864569456674e-06 3.729075690509073e-07 1.2517247447023315e-07 7.353226029183619e-06 1.762911813725321e-07 7.953048752607294e-07 7.277034918221804e-07 1.9607909568670842e-07 0.0 1.1153533988606545e-07 6.505035114216917e-08 1.6593267927751378e-07 1.2614930865183948e-07 0.0 1.899016225022489e-07 0.0 2.4044936569717094e-05 1.9407080090893756e-07 4.5061214753654285e-07 1.095070263140105e-07 0.0004991480950140502 0.0 1.889261356995947e-06 4.937864171906793e-06 9.540801675970362e-06 0.0 1.9374745226116884e-05 2.9487021296167087e-05 1.0521308808451093e-05 2.1281327066934735e-05 9.035859174209982e-06 0.0 7.925632702662243e-06 1.1239814649680788e-05 3.4131366001059526e-06 4.625070578638401e-06 0.0 0.0 0.0 0.0 0.0 0.0 0.0 0.0 0.0 0.0 0.0 0.0 0.0 0.0 0.0 0.0 0.0 0.0 0.0 0.0 1.4705095769495833e-07 0.0 0.0 0.0 1.0292742948903106e-06 9.8650481511041e-08 7.786311281496048e-07 7.276727997950886e-08 0.0 0.0 0.0 0.0 0.0 0.0 0.0 0.0 3.2392287599172667e-07 1.1943984378860403e-07 0.0 0.0 0.0 0.0 8.91922650474649e-08 7.683247993889126e-08 0.0 2.2765085543514778e-07 6.891642633301829e-08 7.085714471453991e-08 0.0 0.0 0.0 3.713625848916263e-07 0.0 1.769932135197519e-07 0.0 0.0 0.0 0.0 0.0 0.0 0.0 1.3221464858274086e-06 0.0 0.0 0.0 0.0 6.179097092455903e-07 0.0 0.0 4.884854399456257e-07 6.331711770959165e-08 0.0 0.0 0.0 0.0 0.0 0.0 6.959216436442967e-08 0.0 8.388510635139899e-08 0.0 0.0 2.9582885897956474e-06 5.053162619848548e-07 3.587105098278563e-07
8.726705967046234e-05 0.0011416104029050664 0.00043496683134302655 0.0001028474741186736 0.0 5.629706633553005e-06 0.0013732504145394075 0.00010374345658581527 0.002216505801361534 0.00039182981509881554 0.0004281892606901574 3.734747749816587e-05 0.0003282861650502089 0.0020624058122924167 1.1011554709464008e-05 5.429882363746005e-06 9.498198974528956e-07 2.014893459871213e-07 3.239432733797887e-07 2.0621121426118385e-07 2.609774180890734e-07 7.680570350498225e-08 1.2768135372048338e-06 7.789576471312975e-07 0.0 6.461033700656122e-08 6.183295749315108e-08 1.66582895939321e-07 0.0 0.0 0.00010554111435953697 8.130168043041313e-06 4.408094104757561e-05 2.1450245430096754e-07 5.157892031251252e-07 0.0 1.624366482835524e-05 0.0 4.949259165227627e-07 4.860866645825596e-08 4.419639817298625e-07 3.688632851012005e-07 8.09082670398932e-07 1.0780162056135277e-06 5.603978240573126e-07 7.026393753360528e-07 6.209470274091149e-05 2.086555572750836e-06 1.0081427979342702e-06 2.9945579670714986e-07 2.858608727361112e-07 0.0 6.852858034552015e-08 2.781296818043981e-07 1.3312517284207832e-06 1.2422709676397678e-06 1.5290545465382976e-05 4.009262157434179e-05 5.576981651789133e-06 1.8744072327126813e-05 9.273351714929785e-07 2.0154291856256076e-06 1.825878441762241e-07 3.5945106897447046e-05 1.8650010262176227e-06 1.0100260685996559e-07 2.315796371652946e-07 4.2957122265909766e-07 1.2098692006747421e-06 1.803055501903245e-06 1.0533318342452933e-05 1.890882578532424e-07 0.0 3.420964717527581e-05 1.6958444637788407e-05 3.825756407197881e-05 1.4339814168237462e-05 3.377601207254934e-06 4.12166176027234e-06 1.3996517518034868e-05 2.09563907472617e-06 6.440756456477103e-06 4.409689268151064e-06 0.0 8.010858259180957e-07 8.381983419097893e-07 3.0897677157218493e-07 0.0 4.640634496241333e-08 0.0 4.505519044499096e-07 7.843502072484715e-08 6.997180835110911e-07 1.054926440120562e-06 2.3083482910738695e-07 1.6337904614560363e-05 2.2405017966883102e-07 0.0 9.559721085785577e-07 1.9270792222387003e-05 0.0 0.0 6.616379959198098e-07 2.8014216704480666e-07 0.0 2.2173369192270503e-06 8.423257453455037e-07 1.5908805124934762e-06 4.141833096731651e-06 3.2729598007538374e-06 8.239409514344307e-08 4.917918280262905e-06 5.184721323075138e-06 2.122578329890783e-06 6.248852570766449e-06 0.0 0.0 0.0 0.0 0.0 0.0 0.0 0.0 0.0 0.0 0.0 0.0 0.0 0.0 0.0 0.0 0.0 0.0 0.0 0.0 0.0 0.0 0.0 0.0 1.0225159136364826e-06 2.2563037823567393e-07 1.4131430199098622e-06 6.368994700826864e-07 0.0 0.0 0.0 0.0 0.0 0.0 0.0 0.0 2.3107492498339277e-07 0.0 0.0 0.0 0.0 0.0 0.0 0.0 0.0 0.0 0.0 0.0 0.0 0.0 0.0 1.1307730722342027e-06 9.75700785932031e-08 0.0 0.0 0.0 0.0 0.0 0.0 0.0 0.0 9.923613030057939e-07 0.0 0.0 0.0 0.0 5.596209651836858e-07 0.0 2.846288819068406e-07 3.529834906320861e-07 1.7035197332978264e-07 1.5087866007261886e-07 0.0 0.0 0.0 0.0 0.0 0.0 0.0 0.0 0.0 0.0 2.5523246236479757e-06 1.442493476611402e-06 8.482879905603281e-07
5.800712360544e-05 0.00013356649048124988 1.2873555369619247e-05 0.00016097944593560613 5.629706633553005e-06 0.0 4.1879513987312615e-05 3.453823492561938e-07 1.2634972375094733e-06 0.00021866891449768267 2.0347880805823834e-06 2.451564229677443e-05 2.701044086649164e-05 5.24988821886631e-06 2.428594342533212e-07 1.5843880959617392e-07 0.0 0.0 0.0 0.0 0.0 3.0537884450042017e-07 0.0 0.0 0.0 0.0 0.0 0.0 0.0 7.548481055871216e-08 5.966870348758073e-05 0.0 8.18881498867928e-06 0.0 0.0 0.0 1.4199302002218923e-05 9.570671158810336e-07 3.1719031275906565e-06 0.0 5.770114058750462e-08 0.0 0.0 0.0 0.0 0.0 1.6891379099387222e-06 0.0 0.0 0.0 0.0 4.881209267445224e-07 8.949775599721329e-07 0.0 7.201151863312241e-08 0.0 1.4812894207276342e-05 1.5655114345702674e-05 4.487924806258464e-07 1.0368276608431605e-06 1.320040021164403e-07 2.2240390870841828e-07 0.0 9.084541396771689e-07 1.34033031386322e-07 0.0 0.0 0.0 0.0 0.0 4.055390785449427e-05 3.582082077843172e-05 2.4095030511428263e-07 1.72294316034198e-06 3.1435596681037685e-07 3.7348718575245817e-07 3.1471040837974445e-07 0.0 0.0 9.690283973279506e-07 0.0 0.0 4.423588135504956e-07 0.0 5.045327388234935e-08 1.1610865418513471e-07 7.035482337827675e-08 0.0 0.0 0.0 0.0 0.0 0.0 0.0 0.0 0.00018075626354168266 0.00010227829920466271 7.337003239124144e-06 3.717693788235008e-05 0.00015360931766500094 0.0 0.0 1.0686868821795738e-06 0.0 3.164971998663562e-07 1.0368004280222312e-07 4.08756899123273e-06 1.3288303878313104e-06 1.58184763836006e-06 4.673408301607076e-06 1.1769299135245396e-07 1.2245491692270601e-06 2.7275022414366973e-06 1.5883840651219255e-06 7.255017511825451e-07 0.0 0.0 0.0 0.0 0.0 0.0 0.0 0.0 0.0 0.0 0.0 0.0 0.0 0.0 0.0 0.0 0.0 0.0 0.0 0.0 2.8795745247116146e-07 0.0 0.0 0.0 5.685700819265092e-07 0.0 3.29552041661447e-07 0.0 0.0 0.0 0.0 0.0 0.0 0.0 0.0 0.0 5.17893178404385e-07 2.6664538184170537e-07 0.0 0.0 0.0 0.0 0.0 0.0 0.0 0.0 0.0 0.0 0.0 0.0 0.0 7.930207826950746e-08 0.0 0.0 0.0 0.0 0.0 0.0 0.0 0.0 0.0 8.30513552053843e-07 8.620102776272294e-07 0.0 0.0 0.0 1.7444821279273764e-07 0.0 1.1599357204908172e-07 3.5064841237559976e-07 0.0 0.0 1.595491888432766e-07 0.0 0.0 0.0 0.0 0.0 0.0 0.0 0.0 0.0 1.3772341002140968e-06 8.596516798805675e-08 0.0
0.0002891369504692611 0.0021040673521282643 0.00022754222778882793 0.00048462229156473545 0.0013732504145394075 4.1879513987312615e-05 0.0 1.9298335925856024e-05 0.0008208182400492054 0.0015146275196629667 0.00021367892508323213 0.0003086466154971164 0.0031299426984251525 0.0014178864023717697 2.282341431997903e-05 1.2959116474321952e-05 2.975960123401567e-06 1.0027716465173053e-06 2.663372998583756e-07 5.454086792300601e-07 1.1447169611303692e-06 1.920887328261654e-07 2.050777682805741e-06 1.6914742121422163e-06 0.0 2.844252036405402e-07 0.0 1.9986407920205854e-07 6.375882618201115e-07 7.202432858697777e-08 9.200505823323335e-05 1.3599653177808495e-05 0.00010943365812791221 7.338420372683246e-07 4.3054984608527083e-07 1.0188819475487908e-07 3.755517897163368e-05 4.1274557127735587e-07 7.64715960518398e-07 0.0 9.87321037364507e-07 1.1178319071105921e-06 1.393846722581845e-06 1.028932569922908e-06 6.27846042974724e-07 1.006243652261293e-06 0.00011928212519402886 3.2057217480591125e-06 1.9044647236669035e-06 6.339827369417079e-07 8.448745890586746e-07 1.8161122781569538e-07 0.0 3.146726682849244e-07 3.646743435806833e-06 1.5945808102855454e-06 3.0631140268425244e-05 5.93938499696266e-05 1.2014399071917753e-05 3.945577369673722e-05 2.801200607985279e-06 4.266005684289554e-06 3.898606924390504e-07 4.857966310981418e-05 1.7987335557209528e-06 1.7885663134976974e-07 5.112966848872353e-07 1.4091074747343447e-07 2.8497975172915555e-06 2.216139919798048e-06 3.258876100805839e-05 6.999046991263046e-07 0.0 6.40753646797166e-05 3.39680068881875e-05 6.880198483468594e-05 2.627440861754215e-05 5.884665022546784e-06 6.238534116632431e-06 1.3559328796674185e-05 3.683390654859256e-06 1.2092157203271209e-05 1.1015072421330799e-05 6.75217127862715e-08 2.0244053640442274e-06 1.8952058031169935e-06 9.203779351538561e-07 0.0 5.067998932072495e-07 8.119416031610774e-08 5.644112500210115e-07 0.0 2.1273519825329606e-06 2.0096630986636865e-06 5.702435234732574e-07 8.586543545959736e-05 1.9041468345488612e-06 0.0 2.284545177110075e-06 3.8311460345098304e-05 4.845514564406946e-07 2.4536766781966254e-06 2.0206727773891186e-05 4.513083262090588e-05 1.1429601978351836e-06 7.182704025757821e-05 1.1801572455195386e-05 3.570955896995708e-05 4.656686529615911e-05 3.399733830628961e-05 1.5685569015240332e-06 4.566493138669082e-05 3.471671473687715e-05 8.245950950990955e-06 2.0903863692250433e-05 7.2443307429939e-08 0.0 0.0 0.0 0.0 0.0 0.0 0.0 0.0 0.0 0.0 2.581677440077857e-07 3.5192128096045254e-07 6.026548071448922e-08 0.0 0.0 0.0 0.0 2.821752571219227e-07 5.291741631359068e-07 3.4228144320780144e-07 0.0 0.0 1.4278405023140708e-07 5.709083813418375e-06 2.1706770097853263e-06 6.826559790515569e-06 6.57394021904011e-07 0.0 1.0145753136696391e-07 0.0 7.020419491682914e-08 0.0 0.0 0.0 0.0 2.2599182742028425e-06 1.197194098811329e-06 0.0 0.0 0.0 0.0 0.0 1.1311354694591225e-07 7.393667784761514e-07 5.829430368560213e-08 2.856172813504298e-07 8.039320420782761e-07 2.2212105248037286e-07 0.0 6.825883383462276e-07 4.199467672235052e-06 3.528443859428922e-07 1.270445325363332e-07 0.0 0.0 0.0 0.0 0.0 0.0 5.966526954866318e-08 5.0931696408588615e-06 3.5846299247656005e-07 0.0 1.545721224318208e-07 6.454748006699558e-08 3.718091481809705e-06 1.613848292996712e-07 4.736545162002435e-07 1.199120606960639e-06 1.1213159345035829e-06 1.1100288818991822e-06 0.0 0.0 0.0 0.0 0.0 0.0 1.8913396397604705e-07 0.0 0.0 0.0 1.261364152517665e-05 2.2805205229884423e-06 2.4468956020609865e-06
1.3532811979558694e-05 0.00019881117964930058 0.0008400892780152583 5.054304676503807e-07 0.00010374345658581527 3.453823492561938e-07 1.9298335925856024e-05 0.0 0.00032197153333527785 8.32773962282136e-06 0.0010290725468766076 5.643205042041757e-06 3.733224447152484e-05 0.00038474843976325725 1.5967427524211763e-05 1.4157166625527298e-05 6.7874475421889446e-06 4.486965874894958e-06 5.8072194903709134e-06 8.152646192879168e-06 1.2339178669325384e-05 1.8029480383186956e-06 1.880144210480676e-05 1.0852180690256937e-05 2.6402465717289267e-07 1.3476248305825171e-06 8.79527236061222e-07 1.036872350467602e-06 1.4088122908705448e-06 3.099086827496232e-07 0.0004866872324822626 0.000903890756535985 0.00030009322314346787 1.0127342494684097e-05 8.203224687950114e-06 1.1074658175813668e-06 4.249374686639415e-05 4.088051755347945e-06 1.8457068396795725e-06 1.5605230948807974e-06 7.1230207652253845e-06 6.091622797806929e-06 1.9044839230390384e-05 3.113592937487787e-05 1.3570158352408382e-05 2.215929102186615e-05 5.552346370549732e-05 2.95439642275142e-06 5.561401781385366e-06 3.250667275963913e-06 2.3521744883225157e-06 1.0899600354431466e-06 6.925498459684842e-07 1.228895555452892e-06 1.3595036615653067e-06 4.517204730420557e-07 7.202503183788583e-06 4.495164490670422e-05 2.893944212324961e-06 1.3186952768101248e-05 7.706654044922107e-05 0.00011176848422538375 7.585255497991667e-06 0.00028086556685370665 6.577749805964809e-07 2.5259756636039376e-07 8.507012510250615e-07 1.7981784516699671e-06 1.9888364345265665e-05 3.119708476879153e-05 1.291767719674628e-05 6.272876534558169e-07 1.3692108993828584e-07 2.3592738363189475e-05 3.9648590037535484e-05 4.6700099323528904e-05 5.253333527006875e-05 0.0003347147214570345 0.0009014454701389977 0.0008009927856673798 0.00019136126081591422 0.0008929347417178519 3.3195801808561746e-06 0.0 4.452704019650674e-07 3.6933076543746357e-07 2.4342271644853086e-06 0.0 4.4083855726974995e-07 1.4141118050840264e-06 1.5934677912544294e-06 2.2248294664232757e-07 1.6719835997425102e-05 1.4233905520196018e-05 3.42610016968327e-06 2.469696796115725e-06 5.067523356052844e-07 0.0 4.948117886504787e-07 8.024679203637414e-06 0.0 0.0 0.0 0.0 0.0 0.0 1.3090229422271667e-07 1.7824175875092789e-07 4.4693554556599826e-07 2.42800757403961e-07 0.0 1.515557102167126e-07 4.0261287184667324e-07 0.0 2.2647008886265032e-07 9.767329466673739e-08 0.0 0.0 0.0 0.0 0.0 0.0 0.0 0.0 0.0 0.0 0.0 8.724077489502923e-08 0.0 0.0 1.3130820898723192e-07 5.279188395202414e-07 3.0371483668082304e-07 0.0 0.0 2.5658715128851645e-07 0.0 1.8431061182463957e-07 0.0 2.1846937027836077e-07 1.8543228665048596e-07 7.47445684454904e-07 1.5182599713133131e-06 3.70466002218505e-07 0.0 0.0 0.0 0.0 0.0 0.0 0.0 0.0 7.627020075788231e-08 0.0 0.0 0.0 1.0212493048145058e-06 1.9503227351834973e-07 0.0 1.0154249195970025e-07 0.0 0.0 0.0 0.0 7.414274747817579e-07 0.0 4.320140756731016e-07 0.0 0.0 0.0 0.0 0.0 0.0 0.0 0.0 0.0 4.51474158892903e-07 4.2715143793446563e-07 0.0 0.0 1.2881475924860725e-07 0.0 0.0 9.012349164437317e-08 0.0 0.0 0.0 0.0 0.0 0.0 0.0 0.0 0.0 0.0 0.0 0.0 5.96188736591125e-08 2.4548364405937726e-07 8.176802498534237e-07 1.1096512475712553e-06
1.2416998967851654e-05 0.0012211368469043772 0.0006705977946134701 7.812907385483819e-06 0.002216505801361534 1.2634972375094733e-06 0.0008208182400492054 0.00032197153333527785 0.0 0.0001044790595820277 0.0007592138123973316 4.344350280742966e-05 0.0009121325629949582 0.0008533880308017856 5.528220412038378e-06 2.660796844256414e-06 8.608232357332079e-07 4.161358215101795e-07 1.925850537103595e-07 4.3359536853154917e-07 4.778480957538509e-07 8.630224610580177e-08 1.2499890633757382e-06 1.5222510550578988e-07 0.0 1.3779232757315156e-07 0.0 0.0 1.1919213973352692e-07 7.620971910530687e-08 2.722420907705697e-05 4.812969668249006e-06 8.503352112093767e-05 3.2501221475996644e-07 3.0815739091246093e-07 0.0 2.1417363616593766e-05 4.749372437819704e-07 2.6065709144944695e-07 1.542908272548323e-07 3.203387442548831e-07 3.354002212385812e-07 2.453598957561614e-07 2.737693290985124e-07 5.48478665057851e-07 2.0177584812511023e-07 2.079374019598301e-05 2.119933836793419e-07 6.288054151666012e-07 1.841181720887054e-07 2.827283255830745e-07 7.260545966364027e-08 1.4369669980211703e-07 9.65799158361278e-08 5.690597125918881e-07 3.0551546499208507e-07 3.758405521629041e-06 7.72375840978244e-06 1.4328063768711057e-06 6.040593885050805e-06 8.593757835545764e-07 1.5500725633804496e-06 3.0177661286926273e-07 9.952688700283736e-06 3.070797833651202e-07 1.2147149728385042e-07 6.371163835725653e-08 7.8712089135685e-08 6.151680783200042e-07 6.041415864004812e-07 1.067657640246672e-05 2.3153314273763737e-07 0.0 9.261027081994182e-06 5.474337182252471e-06 1.346012927639193e-05 5.890028254611709e-06 2.2695164873847874e-06 3.5436978798728773e-06 5.4989118371438646e-05 1.1029467044271332e-06 1.8483389066030745e-05 1.3073387029784238e-06 0.0 3.216427405089828e-07 4.824478597552127e-08 8.730488689889968e-08 0.0 5.001527199860209e-08 0.0 2.469679494898696e-07 0.0 7.091847794380492e-07 6.123206641438964e-07 1.7208322562779627e-07 9.935446455718454e-06 0.0 0.0 0.0 3.072765898950408e-06 0.0 0.0 1.8299306398777705e-07 0.0 9.519448043004796e-08 1.3646331249379125e-06 1.0609100732907306e-06 1.3988434084489429e-06 4.3082014752129475e-06 3.7425419340853513e-06 0.0 3.124357967358068e-06 3.815101812095373e-06 2.223376050096088e-06 3.218179723797785e-06 0.0 0.0 0.0 0.0 0.0 0.0 0.0 0.0 0.0 0.0 0.0 0.0 0.0 0.0 0.0 0.0 0.0 0.0 0.0 0.0 3.828546849233872e-07 0.0 0.0 0.0 4.89436571240063e-07 9.060641134607244e-08 9.839481920730351e-07 2.528077222106478e-07 8.640795674929736e-08 0.0 0.0 0.0 0.0 0.0 0.0 0.0 0.0 0.0 0.0 0.0 6.810862130770926e-08 0.0 0.0 0.0 0.0 0.0 0.0 0.0 0.0 0.0 0.0 4.7644099752297197e-07 0.0 0.0 0.0 0.0 0.0 0.0 0.0 0.0 0.0 1.4058013293685944e-06 0.0 0.0 0.0 0.0 3.18020443407596e-07 0.0 0.0 0.0 6.892256681292304e-08 0.0 0.0 0.0 0.0 0.0 0.0 0.0 0.0 6.143262828341412e-08 0.0 0.0 2.3132121164560002e-06 1.0829939358606485e-06 2.8713489784716226e-07
0.0008444254179168505 0.002166286537906225 8.817112812276779e-05 0.0017258167518195634 0.00039182981509881554 0.00021866891449768267 0.0015146275196629667 8.32773962282136e-06 0.0001044790595820277 0.0 4.523243976423593e-05 0.0022198443681344486 0.005349023041454935 0.0006459713691907841 1.1530421309519782e-05 4.259321958617e-06 1.5314561530567522e-06 7.45813483698867e-07 3.8230759616943994e-07 1.4357498449562643e-07 2.411144644136285e-07 5.006542167139185e-07 5.605399056345685e-07 2.707560286130856e-07 7.599903426100691e-08 3.4444391900507284e-07 1.2341920668472315e-07 0.0 1.895955942605089e-07 6.141446615450662e-08 0.00014729176212218513 2.6532458862637163e-05 0.00015416467748460716 5.008926789318417e-07 0.0 1.6791007457954767e-07 0.00022652721751239725 3.1825348602965723e-06 2.9701432945009733e-06 7.547213026026017e-08 3.4932993101983283e-07 6.303793487843521e-07 1.4214652424048414e-07 2.547488554894603e-07 4.6450885742452244e-07 3.196390666497889e-07 0.0001234298072845736 4.625398897237092e-06 1.70860160795117e-06 3.5458775324179906e-07 2.5130114198185226e-07 0.0 1.4869648391473398e-06 2.9159678110633817e-07 5.331678109457502e-06 2.267738595445065e-06 4.7495322381043876e-05 7.819889475207914e-05 1.9112785912099254e-05 4.671945278592428e-05 1.341632857976802e-06 5.50629262345685e-06 2.1912983490325226e-07 4.799849046562935e-05 3.2694069419002928e-06 6.26733246950902e-07 6.233339830744345e-07 3.120640793618693e-07 6.6709939786997e-07 5.650580126628723e-07 0.0003612344550359809 4.351816463809465e-06 0.0 9.035555049050255e-05 3.3608595310848625e-05 5.947258585830813e-05 1.4289883898321324e-05 1.931064815854885e-06 1.425196963480477e-06 6.04374692813001e-06 2.427518410133684e-07 4.016586936502561e-06 1.6601468061532305e-05 1.3044615614114262e-07 2.1399294123878886e-06 1.9360760283133787e-06 3.890353891204993e-07 7.075759529581366e-08 3.5668739284436936e-07 0.0 6.933851690566097e-08 3.5295183396879327e-07 5.342954582180987e-07 1.169403821882348e-06 1.1294995813034133e-07 0.0004412793977148024 6.560766400260649e-05 0.0 2.2445277748509226e-05 0.00024763082915928424 3.1575459595030617e-07 9.61776272739348e-07 2.1284286684896944e-05 5.7068418796036875e-05 2.24831488834524e-06 9.742484110489055e-05 5.2131505013795606e-05 3.8420415817326265e-05 0.00020079589078340204 0.0001065867317880391 2.21244211657594e-06 0.0001752254026351196 0.00020135816114265736 8.42584115839445e-05 5.901913747807747e-05 2.668864164228319e-07 0.0 0.0 0.0 0.0 0.0 0.0 0.0 0.0 0.0 0.0 6.746338859960853e-08 1.1633303738211405e-06 0.0 1.0308204096447092e-07 0.0 0.0 0.0 0.0 4.160551136146745e-07 1.520976454276857e-06 6.510760178209204e-08 0.0 0.0 6.740618894019027e-06 3.832335286769169e-06 1.390906147886669e-05 1.758789368312232e-06 1.0565467385105665e-07 0.0 0.0 0.0 0.0 0.0 7.029503667866344e-08 0.0 2.125702905829619e-06 1.7679933927643452e-06 0.0 0.0 0.0 2.847481493193152e-07 0.0 0.0 9.062528398659054e-07 0.0 2.3701579780152193e-07 1.9032479180784784e-07 0.0 0.0 6.795598163164422e-07 9.180081943032046e-06 0.0 1.0802760629911803e-07 0.0 1.3200286114889044e-07 0.0 0.0 0.0 0.0 0.0 1.1626786847925719e-05 5.61087352237429e-07 0.0 1.0108261980250842e-07 1.865547342225366e-07 4.485768154581913e-06 4.220861747314048e-07 4.119968579986979e-06 6.415955161866088e-07 8.137551658953823e-07 5.075294693483664e-07 9.4073853219861e-08 3.9916909467711225e-07 6.400018905061903e-08 0.0 0.0 0.0 2.1720991843465122e-07 6.487831398051309e-08 6.933365742114174e-08 0.0 4.35124753278764e-05 5.138166268551247e-06 4.02340550898086e-06
5.255972751427265e-05 0.0007104357412540544 0.0016168755120571144 1.1029685171335781e-05 0.0004281892606901574 2.0347880805823834e-06 0.00021367892508323213 0.0010290725468766076 0.0007592138123973316 4.523243976423593e-05 0.0 4.5658622385878934e-05 0.000354038893913663 0.0015600892008691958 1.1680195580424934e-05 5.907882674943441e-06 2.4503031638832713e-06 2.701581149410078e-07 5.224626082275686e-07 1.321378308679593e-06 1.201594209050112e-06 1.7005664373330904e-06 3.6085759293563674e-06 2.3673005700006174e-06 1.4570807519227257e-07 5.530901810249764e-07 0.0 5.220515020607015e-07 1.650882989815288e-06 2.1960829964529086e-07 0.0005863360236735822 0.0003221907276867099 0.0008128542916647119 1.5090779208589673e-06 2.0003565323461364e-06 3.3559333518261313e-07 0.00018394443774819125 6.1373523000738935e-06 2.196074848907359e-06 1.6497135188215345e-06 1.8965319341415608e-06 2.4776902073214797e-06 1.6010256329118043e-06 9.1098748179031e-07 9.901368363670512e-07 1.80113223513902e-06 4.2154923078670294e-05 1.8956884220181566e-06 1.541108961535959e-06 9.058632305649206e-07 1.2872580993704087e-06 1.2733004981187789e-06 1.8699760077701919e-07 4.3008546192004084e-07 7.560306510317532e-07 5.892833364822797e-07 1.4313637081989273e-05 5.1407183894343944e-05 4.365873785624953e-06 1.3718042802457167e-05 4.750684929095835e-06 2.5386351824437273e-05 1.863323440884182e-07 6.669619920295957e-05 7.893410326913351e-07 1.1758546553331085e-07 3.20221328321569e-07 3.493230437248045e-07 2.491567292567602e-06 2.5900181151298467e-06 7.145408780701288e-05 4.4083234936903543e-07 8.436645462960911e-08 3.090428740717395e-05 2.1391270082880633e-05 2.9873236794360518e-05 1.6304249551790184e-05 1.6187529738336963e-05 0.00010157681376760309 0.00043918689747292323 5.285799358262582e-06 0.00016942078742392613 3.6332523865587778e-06 0.0 1.0110349276659006e-06 6.446045484161558e-07 9.266792136899086e-07 0.0 5.041490055053911e-07 5.698569895984416e-07 6.527173048276267e-07 8.08329870381959e-08 1.9943877369403322e-06 3.307850375794046e-06 1.9259048834624814e-06 9.425645076226136e-06 1.325195348196878e-06 0.0 6.393209455137787e-07 2.6949273684308705e-05 0.0 0.0 2.4648811040055506e-07 1.337293006383301e-07 2.4695622345518666e-07 5.028053969324462e-07 9.379196162801683e-08 5.540572962375443e-07 9.600869250677112e-07 8.237412509959057e-07 1.9276800267076526e-07 2.570492291434308e-06 1.8876257022199639e-06 1.1509585463186992e-06 4.498479243599092e-06 0.0 0.0 0.0 0.0 0.0 0.0 0.0 0.0 0.0 0.0 9.784144216629168e-08 0.0 3.6170896736270246e-07 1.1901406581628878e-07 8.890786332701103e-08 0.0 2.7132519508912287e-07 0.0 0.0 0.0 1.486552203046713e-07 0.0 1.6602515469743084e-07 0.0 9.500463795115452e-07 2.6161689928347954e-07 5.245473582036131e-07 8.914531993762543e-07 7.590774129836882e-08 1.0679969702194631e-07 0.0 0.0 0.0 0.0 0.0 0.0 0.0 2.1194211274662367e-07 0.0 0.0 1.832509537713448e-07 3.0903546916640973e-07 1.1698865133905376e-07 0.0 1.846098616818902e-07 0.0 0.0 0.0 0.0 2.967157890672141e-07 2.0513941008969907e-07 4.1703012743441716e-07 1.2604081819649516e-07 0.0 0.0 0.0 0.0 0.0 0.0 0.0 0.0 1.0094519441009932e-06 3.6498992327668064e-07 0.0 0.0 0.0 9.439234601346178e-07 2.736097440417983e-07 1.519491365727728e-07 0.0 0.0 0.0 0.0 0.0 5.925986821954543e-08 0.0 0.0 0.0 5.909867024961313e-08 6.231087768249543e-08 0.0 0.0 9.203285053278663e-07 1.0730351561880792e-06 1.040165613272471e-06
1.9486768443727273e-05 7.601823297449215e-05 2.7882261530589152e-05 5.1407199053653705e-05 3.734747749816587e-05 2.451564229677443e-05 0.0003086466154971164 5.643205042041757e-06 4.344350280742966e-05 0.0022198443681344486 4.5658622385878934e-05 0.0 0.0011015345140528926 0.00014387168068598287 1.0696415235050917e-05 5.56293830682613e-06 1.3434627935954472e-06 7.643915212093761e-08 1.106255479204463e-07 0.0 3.0257223547286884e-07 7.838494054735357e-07 1.1449036752836897e-06 1.1133995852833902e-06 5.949760436720956e-08 9.648928152293895e-08 1.6078771949109439e-07 2.706595649929602e-07 7.227641603193283e-07 0.0 2.5113946791727872e-05 2.4665226658817117e-06 6.135788495654877e-05 1.8090913862009818e-07 3.3830492754434084e-07 9.62249712037951e-08 0.0001411460853332398 4.439683733613696e-06 2.223690324421484e-06 8.770753434724935e-08 6.921824492312095e-07 3.1225246347678536e-07 1.1785652311964736e-07 2.4476171240084446e-07 2.2206198666480246e-07 1.8871075318071898e-07 2.4052849636062473e-05 3.6158232515088283e-07 2.396260981759018e-07 3.285750415209243e-07 1.1185154867008002e-07 3.2437709517333046e-07 4.892464704876061e-07 5.405672583016356e-07 1.358275607074083e-07 5.743086611980461e-08 3.521433163573872e-06 3.1726376565681822e-06 1.209550232823743e-06 4.607101003563589e-06 5.970550888103908e-07 2.6441726099507374e-06 1.5426285799121195e-07 6.933082668065051e-06 2.237997684089311e-07 0.0 1.5491084976629695e-07 6.909622726022962e-08 4.457603126861177e-07 2.3870272351022307e-07 0.00023232286100531796 1.6191257969089136e-06 0.0 5.979344584321574e-06 2.716655804568977e-06 1.2099384760753972e-05 8.807310169864436e-06 1.5028066497694758e-06 2.5839591158667936e-06 1.6717252250477335e-05 4.938546206004593e-07 6.652947834329861e-06 1.4273837730038578e-06 0.0 1.7351581411098267e-07 7.508829321783494e-08 5.854044150340623e-08 0.0 6.039630820273039e-08 0.0 2.3442734695572204e-07 0.0 8.823368582803487e-07 1.1116394250166358e-06 3.0087875438697204e-07 0.0005681899656570574 4.397087250445437e-05 0.0 1.0758940194549284e-05 2.231890668762785e-05 1.8062516216936738e-07 1.8256244727580716e-07 4.506923155469481e-06 2.953085777768233e-06 3.0012070540064808e-06 1.2705434200484327e-05 1.4684523714860577e-05 1.739200356796538e-05 4.527797282819432e-05 3.6934967049183254e-05 2.3189046369420347e-06 4.219398700702117e-05 7.235921386363003e-05 2.339026223067198e-05 6.198318968100995e-05 2.661846124691221e-07 5.923833505014967e-08 0.0 0.0 0.0 0.0 0.0 0.0 0.0 0.0 0.0 0.0 1.4194128596037e-06 6.558924567462187e-08 0.0 0.0 0.0 9.009849408259869e-08 0.0 3.3725911668812873e-07 3.163184413685881e-07 0.0 9.604897177301121e-07 0.0 1.4159083046486227e-05 3.136025252584679e-06 1.4526175492901643e-05 2.017534825680247e-06 9.612142580553617e-07 0.0 8.0271319830691e-08 0.0 0.0 3.426503543201879e-07 0.0 0.0 1.52503718371793e-06 1.437953649709922e-06 0.0 0.0 2.2097141357712234e-07 1.4929694194444808e-07 2.170415479278032e-07 1.1892629429440689e-07 3.747289733440092e-07 0.0 3.706420327665856e-07 2.101752830059185e-07 0.0 0.0 4.786931585558794e-07 1.307578557176758e-05 0.0 2.334520012181467e-07 0.0 0.0 5.095835947181291e-08 0.0 0.0 0.0 0.0 1.8574278639591613e-05 3.005947312602961e-07 2.7798417213827654e-07 0.0 6.354007314126882e-08 3.4020566175532053e-06 0.0 1.7019408675885298e-06 1.6138392482357714e-06 4.973395140915447e-07 7.017301953439376e-07 1.0531596207522888e-07 1.2180098796738878e-07 0.0 0.0 0.0 0.0 0.0 0.0 0.0 0.0 3.7579282927623076e-05 9.121996130421318e-06 2.6933665149688356e-06
