0.0 0.0013155893757632977 0.00023769120053231655 0.0013468262025387381 3.0147825867068626e-06 0.0002528710604195982 0.0007086834848969815 5.217164489086108e-05 1.50979563480332e-05 0.0019754386304483805 6.328296352124366e-05 8.436022906654956e-06 3.870283028614211e-05 3.4759656253960744e-05 3.3948568664597165e-06 6.095877568812794e-07 1.4315283678219808e-07 0.0 0.0 1.924780855134618e-07 0.0 0.0 0.0 0.0 9.113027012098997e-08 9.00134200153747e-08 0.0 0.0 0.0 0.0 0.0005054142894678509 4.727174733258144e-05 9.211342496684153e-07 0.0 1.4874177555373765e-07 0.0 0.0 2.1049657168830717e-07 0.0 2.2630316396538192e-07 1.0414347820109164e-07 0.0 0.0 1.296941430355619e-07 0.0 0.0 4.954427999098482e-06 7.100536698150364e-07 1.894648209891028e-07 0.0 2.1912987233665538e-07 0.0 0.0 0.0 5.089548786791041e-07 1.6432024462579406e-06 0.00018758712714805106 0.0003923994034201187 2.7819152979986716e-05 1.162716629790016e-05 0.0 2.2662090496646832e-07 0.0 2.3455429712156705e-05 1.9889670381303647e-06 2.3582810073174707e-06 1.707457329394838e-06 6.860522558253343e-08 2.3873100810648175e-07 0.0 5.954190420489748e-07 0.0 0.0 8.056141011792399e-05 2.7874100059248648e-05 2.234360287997166e-05 3.125706922645814e-06 2.100694573281749e-07 7.692165110222091e-08 7.7432061364338e-06 0.0 9.371674327841759e-07 2.275893884015791e-06 0.0 2.9039508022764763e-06 1.4295091875042377e-06 5.932306919060445e-07 0.0 1.5041746428017447e-06 1.6734837139461925e-07 3.053647788922135e-07 0.0 5.685000253483749e-07 1.0349915518572915e-07 0.0 8.381433637779928e-06 4.085627471904702e-07 0.0 0.0 0.0005981417246634711 3.87180369427587e-07 1.244778313231508e-07 7.670337674032356e-06 0.0 2.4622606818238036e-07 3.3700057410973396e-06 7.3947132773887385e-06 5.263797580373155e-06 3.069470845307665e-05 1.8729194455607405e-05 1.0986833843597377e-06 2.7134511099322815e-05 3.0128014512284807e-05 5.557636577599528e-06 7.992178170904781e-07 9.634704894878868e-08 0.0 0.0 0.0 0.0 0.0 7.532755718024397e-08 0.0 0.0 0.0 0.0 0.0 0.0 0.0 0.0 0.0 0.0 0.0 0.0 1.3885684150294922e-06 6.306536924517148e-07 0.0 0.0 0.0 4.1091715685368934e-07 7.490815022400692e-07 7.418036622124589e-07 0.0 0.0 0.0 0.0 0.0 0.0 0.0 0.0 0.0 0.0 0.0 0.0 0.0 0.0 0.0 0.0 0.0 0.0 0.0 0.0 0.0 1.8045736775112862e-06 0.0 0.0 7.419886114232997e-07 0.0 0.0 0.0 0.0 0.0 8.415416384764748e-08 7.121653161934067e-08 0.0 0.0 6.237720232380736e-07 2.593550183410807e-07 0.0 0.0 0.0 3.584434991412956e-07 0.0 9.72221075974224e-07 0.0 4.5959350825670966e-07 0.0 6.01626162463759e-07 0.0 0.0 2.0716176657794078e-07 0.0 0.0 1.5029995855616122e-07 0.0 6.317968605218505e-08 0.0 6.129963195113467e-06 2.0179185365441962e-07 4.703750953587085e-07
0.0013155893757632977 0.0 0.0011205132583107496 0.00031327055871744594 0.0012470554884586042 0.00010665533101973235 0.0020193348171150677 0.0005871430958031522 0.001007648037935842 0.000625892990180544 0.0014797949829928128 0.00012325005523529967 0.00029529658548316083 0.0004277703760484178 6.425559073695782e-05 2.11911292731796e-05 8.846795622316356e-07 0.0 0.0 2.9562467681561244e-07 3.396214206935063e-07 0.0 0.0 1.4294256649943246e-07 7.062485079920107e-07 6.815579336062664e-07 0.0 8.700339681608329e-08 1.0645547150850584e-07 6.667778216968954e-08 0.0015720695154302165 0.00013685476447840563 2.9256271893001447e-06 2.3287342102178578e-07 0.0 1.0025555948166615e-06 8.749689567828023e-07 1.284607943522813e-06 4.239717730039423e-07 3.8988997477083674e-07 2.2106827017499116e-07 0.0 1.7942992922722754e-07 6.938117943550757e-07 0.0 5.204736137384264e-07 0.00011507358949971452 2.8637155962016303e-06 6.286299890898524e-07 2.0548088603486678e-07 1.3891527308071367e-06 1.2569490616205002e-07 0.0 0.0 1.1483775574062043e-06 2.758636981477226e-06 7.946198518218989e-05 0.0003078010521791016 2.712180579433801e-05 4.0964945439708946e-05 4.247980431593008e-07 2.077615968526351e-06 5.540470651061916e-07 0.00023001018104019315 2.2932325976745795e-06 5.116393164718885e-06 4.424037571253717e-06 1.2061455237076783e-06 3.29467776807047e-06 7.707527851736489e-07 1.4977090936470401e-06 8.642325488532303e-07 0.0 0.00011545514487134131 0.00012080586898526315 0.00019406844161228638 8.025175106182572e-05 1.0963081493253731e-05 7.559591383110958e-07 2.341460446529245e-05 2.2953279405866168e-07 2.493266160651754e-06 3.620482245997703e-06 0.0 5.246839041674575e-06 3.717340079926294e-06 2.5036108980253597e-06 8.561289114821774e-08 2.1296038091460616e-06 1.038545502442788e-07 1.2857013011423492e-06 7.325900504464357e-08 1.1105949349773797e-06 3.371011793711629e-07 1.9033848057018543e-07 8.788465095281935e-06 3.259109170041306e-06 8.309415940609046e-08 1.355678399046007e-06 0.0010500586608336623 0.0 5.66243561806793e-07 5.4665025021970885e-06 5.413976613009221e-06 8.437640265201848e-06 4.249819658555946e-06 3.6388339620363038e-06 1.3785020750089743e-05 5.204043361970844e-05 1.9201613152304186e-05 8.755470730278084e-06 6.349655386650235e-05 3.984699478175786e-05 1.569355560547732e-05 1.3104315581195755e-05 2.7514911243327274e-07 2.0351730953783388e-07 1.1179063560441347e-07 0.0 0.0 0.0 0.0 0.0 0.0 8.233648115782936e-08 1.7502689388725916e-07 8.467941801140693e-08 0.0 9.337382532759289e-08 0.0 1.7373009042683869e-07 0.0 0.0 0.0 4.975299130462704e-06 1.3115204433941022e-06 0.0 0.0 1.153068409879808e-07 4.519727183777116e-06 7.201440514670401e-07 1.536951551351348e-05 1.5120922828005984e-06 0.0 3.62839522053921e-07 1.0335240120261777e-07 0.0 0.0 7.656704786121855e-08 0.0 1.807275985600737e-07 0.0 1.2460328484458802e-06 0.0 0.0 0.0 8.47355857885003e-08 0.0 0.0 2.3991507725567724e-07 0.0 5.976372818801818e-07 1.172964813843354e-06 0.0 0.0 2.000321160587793e-07 1.8977066564360782e-05 3.617197496288687e-06 0.0 7.729322999999184e-08 0.0 0.0 3.3614676579331816e-07 7.096986621204667e-08 0.0 4.538493732459073e-07 8.618402874629873e-06 7.326655294572356e-07 1.0386556733159107e-07 0.0 4.474937272274562e-07 6.1139410347815476e-06 3.0215459105280993e-07 2.3992548766263854e-06 1.2238601798055412e-06 2.8068446965193803e-07 1.0596108284846075e-06 1.8378745271746875e-06 2.587702012688741e-07 1.3390447618856138e-07 0.0 0.0 0.0 1.4928606751780607e-07 2.1671542695307245e-07 4.227036857468005e-07 0.0 4.6723211289121525e-06 3.9953345118124994e-06 7.828466150389333e-06
0.00023769120053231655 0.0011205132583107496 0.0 2.1701157902025024e-05 0.0005210020905711206 1.689463906808801e-05 0.000279686308410951 0.0024156928211327947 0.0006440566873139624 7.401517683438661e-05 0.0021593490207753255 2.271087837469691e-05 0.00018298375607271844 0.00034892800916841926 3.150450315819183e-05 2.0514937920027326e-05 6.8252519285727e-07 4.877632093179989e-07 0.0 8.511609798323245e-07 2.661078987154868e-06 0.0 2.417026366995248e-07 8.852405108468419e-08 5.666000847781079e-07 2.4812590678477636e-06 8.272609640609052e-07 3.543457464932348e-07 0.0 0.0 0.0019199792431997178 0.0005665481062285271 5.996588171430625e-06 3.020854397465532e-06 2.000318608542749e-06 1.1288281062450561e-06 9.545424447264978e-07 9.422629894723658e-07 2.4918145027438185e-07 7.504306112308417e-08 2.351090301399234e-06 0.0 6.934498539845707e-07 6.409720776816253e-07 2.504617964621833e-07 4.477548903013529e-07 4.3594004276573016e-05 5.803813843616963e-07 7.757440611998228e-07 8.235013175055234e-07 3.0936227547608017e-06 8.411040311097087e-08 8.891332909842159e-08 0.0 3.8423800960114694e-07 8.76551258889507e-07 2.304279676073298e-05 0.00011004421850472348 7.747547011248044e-06 1.0366966004947976e-05 4.183980211790285e-07 3.805805667532651e-06 3.548562671540862e-06 0.00010922929497519005 6.574240696180656e-07 5.558314099986585e-06 6.438365995645582e-06 2.4076215284432974e-06 7.4134897836035924e-06 2.4244694918151873e-06 1.0104606397896375e-06 9.739584148173762e-07 0.0 3.4535407030533776e-05 4.1913495870656646e-05 6.235316831997457e-05 5.030342617213752e-05 1.1492083751007568e-05 5.750390306763902e-06 0.00010951628411262135 5.666260951300559e-07 1.2811312862926399e-05 1.4497148731231316e-06 7.907775319382007e-08 1.3818781719802979e-06 2.0502388996159844e-06 1.954771229563512e-06 0.0 1.1246856871121892e-06 6.674665890324285e-08 2.2964403758821664e-06 2.776202439780986e-07 8.842758497827687e-06 1.3450034452725485e-07 7.621391432472832e-08 2.209840902856181e-06 1.9559954535464526e-06 0.0 4.849994015002012e-07 9.604673740137329e-05 1.9446093906502648e-07 0.0 4.514643447386844e-07 0.0 4.159796041753453e-06 4.129447611986911e-06 1.0424211018483456e-06 3.779465178936112e-06 9.510721442531661e-06 1.180159183769119e-05 5.152391563021661e-06 2.080690270790545e-05 1.7185924043574377e-05 5.667862803895193e-06 6.183315690551911e-06 8.538650823284477e-07 2.524978328095841e-07 0.0 0.0 0.0 0.0 3.551193921126108e-07 0.0 0.0 1.3063575651248084e-07 2.3258152517330298e-07 0.0 0.0 0.0 0.0 2.7577358874119155e-07 0.0 2.3372698324814365e-07 0.0 1.5631956290408465e-06 2.3496140971473321e-07 0.0 4.123267971628587e-07 0.0 2.261579246893626e-06 1.1916111258852389e-07 8.21467141644533e-06 2.1716895042219103e-07 1.3967815339936438e-07 2.902062465536021e-07 0.0 7.275952767513837e-08 1.5658656833824373e-07 0.0 1.4565476945995943e-07 1.878206944518915e-07 3.0980514358748543e-07 1.3714096376359219e-06 7.795454576171024e-08 6.912256726734947e-08 0.0 8.874545238534438e-08 2.6429236532610456e-07 0.0 0.0 0.0 3.1927063308494474e-07 3.6157481853507477e-07 0.0 0.0 0.0 6.841795418159817e-06 0.0 0.0 1.1205381524961751e-07 0.0 6.874371390189613e-08 2.8744086649376807e-07 3.183597238999662e-07 6.754657121837715e-08 7.642510174868183e-08 4.7651615426462905e-06 0.0 0.0 1.2951993178210665e-07 1.5787105590271325e-07 2.45302449471289e-06 2.3447330831387464e-07 3.192553134091904e-06 9.55454572968707e-07 9.451314482265714e-07 3.369743518469027e-07 3.1576504033512227e-07 3.019149038936842e-07 1.7391167868550045e-07 1.0304215683384922e-07 7.125488065335612e-08 0.0 6.435018037249484e-08 1.7229719688581384e-07 1.964472333201778e-07 7.189599652282572e-08 1.8800508882079622e-06 1.4482573193075594e-06 3.327763528187473e-06
0.0013468262025387381 0.00031327055871744594 2.1701157902025024e-05 0.0 6.4763392638143645e-06 0.0007229499927510068 0.0002904647694058802 1.499299120247227e-07 7.037260381874768e-05 0.0008979789714198132 2.3042052064874577e-06 4.913312645095889e-06 6.623056098150462e-05 3.664751937928931e-05 8.244922213399336e-06 5.709265929459188e-07 2.2659651812531852e-07 0.0 0.0 0.0 6.91690338553566e-08 0.0 0.0 0.0 1.4265659504123133e-07 0.0 0.0 0.0 0.0 0.0 4.4342736473344166e-05 3.484335012116615e-06 6.474002803914393e-08 0.0 0.0 9.849157569322218e-08 2.1063151107003004e-07 7.099224217841814e-08 0.0 1.5406458387799062e-07 0.0 0.0 0.0 0.0 5.911324722468029e-08 0.0 2.4585477570609343e-05 6.18705296683745e-07 2.452826830849061e-07 0.0 1.4179783758031868e-07 0.0 0.0 0.0 2.3802227443639362e-07 9.576879256916614e-07 2.894858219537725e-05 6.372704548894892e-05 1.080908542722796e-05 1.4353597832387483e-05 0.0 6.92186734100819e-08 0.0 4.059253923501433e-05 3.26931353924094e-07 1.335237315754412e-06 8.542576016672526e-07 1.9438718040601987e-07 0.0 0.0 0.0 5.792512442536512e-07 0.0 4.115813183165281e-05 3.2611095820045674e-05 4.115521277632699e-05 9.993613128258584e-06 3.750476681565666e-07 0.0 3.9510814924826907e-07 1.0488276235683401e-07 8.434151699377554e-07 9.179495481002812e-07 0.0 1.7199424122605051e-06 1.5798420378195199e-06 2.038485911886314e-07 0.0 3.919692933464682e-07 9.831898225403616e-08 1.2843347265933046e-07 0.0 0.0 0.0 0.0 2.1126588566694266e-06 7.313400040970074e-08 0.0 0.0 0.00014760844385702072 3.044634854483845e-07 0.0 3.6774333357203325e-06 2.3866637756573225e-06 1.5355298201591282e-06 5.010789406913039e-06 4.697705808281212e-06 3.827873753594931e-06 2.6867128190358345e-05 1.6394930584700003e-05 3.8165542204623e-06 2.9014970326130938e-05 1.5550361024529745e-05 5.984751951714026e-06 7.940473966166334e-07 0.0 0.0 0.0 0.0 0.0 0.0 0.0 0.0 0.0 0.0 0.0 0.0 0.0 0.0 0.0 0.0 0.0 0.0 0.0 8.727627423245606e-07 1.4475266938760744e-06 0.0 0.0 0.0 1.0533001736531228e-06 1.6921037308096737e-07 4.897010773791269e-07 8.540347534481964e-08 7.356540995278726e-08 0.0 0.0 0.0 0.0 0.0 0.0 0.0 0.0 6.174396133618906e-08 0.0 0.0 0.0 0.0 0.0 0.0 0.0 0.0 0.0 2.8754041903661626e-07 0.0 0.0 0.0 8.456042435398836e-07 1.071228290090057e-06 0.0 0.0 0.0 0.0 0.0 7.519809785953168e-08 1.0084333077387281e-07 0.0 0.0 3.497330959713492e-07 0.0 0.0 0.0 0.0 6.907141813240817e-08 0.0 0.0 0.0 0.0 0.0 2.7185472989352017e-07 0.0 0.0 0.0 0.0 0.0 0.0 0.0 0.0 4.032557968639731e-06 0.0 2.783684830776129e-07
3.0147825867068626e-06 0.0012470554884586042 0.0005210020905711206 6.4763392638143645e-06 0.0 2.853625846864359e-06 0.0017999350662997937 0.00047035507445140456 0.0015593226698455151 0.0006408119660611939 0.0013508187823286963 0.0002476108140953522 0.00042336221396326425 0.0004929171444182466 5.0525047922778045e-05 3.607905684849558e-05 4.5408663368362915e-07 9.943324613543226e-08 0.0 2.820055004506929e-07 6.196961509583511e-07 0.0 0.0 0.0 6.597309303527454e-08 1.7336326813088042e-07 1.7132031619713168e-07 7.988190942314647e-08 0.0 0.0 9.120316912248403e-05 5.2572813816691124e-05 4.2566414971242726e-06 0.0 0.0 1.8654133946015638e-07 4.230254541939727e-07 2.2295051162929193e-07 4.504350844647717e-07 4.7298322842879757e-07 0.0 1.382876420349698e-07 0.0 3.114042105793815e-07 1.5808879433515127e-07 1.6315396004050172e-07 5.597608872905344e-05 4.980441056897906e-07 6.86552291454693e-07 1.1761161109647466e-07 1.200251678215153e-07 0.0 1.4593351202271112e-07 0.0 0.0 3.09278527953267e-07 3.3266701363887614e-06 1.2893429167537325e-05 3.1377026508742156e-06 8.434908762400671e-06 3.0817317913993887e-07 9.235691797707029e-07 8.404726278223836e-08 7.859731734445724e-05 3.9715282723034025e-07 7.475317444042097e-07 9.014592868812329e-07 7.192324017332764e-07 1.0269230734639494e-06 2.627579311535697e-07 1.1068377208399312e-06 1.0675354011593973e-06 0.0 1.4454656207135518e-05 2.795411199764541e-05 7.654350493237483e-05 6.389961231395089e-05 1.1897893069456294e-05 1.1744163806068246e-06 4.3333791617290734e-06 1.829963267288445e-07 1.4121548425695523e-06 6.239135762901011e-07 0.0 5.671340660244745e-07 3.937979874270694e-07 4.3432662171673045e-07 0.0 3.586993986222882e-07 0.0 3.194877790783545e-07 0.0 4.1608795899498495e-07 0.0 9.31502935250429e-08 9.271967158407211e-06 1.4656931246086167e-06 0.0 1.7015552410246798e-07 2.9312960389821377e-06 4.3862389529711315e-07 1.2115054790983037e-06 4.964428045191749e-06 1.930251983987489e-06 6.447402593465824e-06 5.368182938897082e-06 4.718267042764943e-06 1.269727989117261e-05 3.9885177722073855e-05 2.830353512268139e-05 1.1331585962867197e-05 6.791459953221131e-05 4.125741658636375e-05 2.5982971455569063e-05 2.1819655898748626e-05 5.287304250809048e-07 3.780725308142078e-07 0.0 0.0 0.0 0.0 7.996642882565502e-08 0.0 0.0 1.5830845819443084e-07 2.6728389189535313e-07 0.0 0.0 7.04215542073804e-07 2.7322281402278137e-07 9.932071689925562e-08 0.0 2.671686283252004e-07 0.0 5.706372252170582e-06 3.6415587657192375e-06 0.0 0.0 0.0 7.912085358884135e-06 6.040298243177236e-07 2.1622525662980382e-05 1.4053634462528276e-06 1.0256451426044935e-07 4.918647615509807e-07 1.23374299702611e-07 8.68591891814871e-08 3.9213948285036686e-07 8.122956579899413e-08 1.3058969437804103e-07 6.248244000271429e-07 0.0 2.111839353990658e-06 0.0 0.0 9.584300865946078e-08 0.0 6.344721784563451e-08 0.0 6.682430829163628e-08 0.0 1.9671745786294085e-06 8.692864866996909e-07 0.0 2.758989009887068e-07 0.0 2.5525175857349608e-05 2.742620044862507e-06 0.0 2.3038923303222369e-07 0.0 0.0 1.9598613346733362e-07 3.995933570207498e-07 0.0 0.0 1.3992731194959168e-05 9.628050323495006e-07 0.0 0.0 1.2038341684115258e-07 1.0292168230672137e-05 1.6880588533448774e-07 9.578608159200146e-06 3.326246514000978e-06 2.870787125034212e-06 1.5679116772627343e-06 1.7226099658258134e-06 2.1517166756237312e-07 0.0 0.0 0.0 0.0 0.0 2.820067479905696e-07 1.0885884739670864e-06 1.0583204336194439e-07 6.049986569500693e-06 3.5237081510471313e-06 1.0746378439161905e-05
0.0002528710604195982 0.00010665533101973235 1.689463906808801e-05 0.0007229499927510068 2.853625846864359e-06 0.0 4.799177331778601e-05 1.2052018480872192e-06 6.6729656586718005e-06 0.0016076476184144319 1.7252669067573762e-06 0.00014497082488572826 8.741204895320862e-05 5.970584370491015e-06 7.722607475753769e-07 0.0 1.697036583233224e-07 0.0 0.0 0.0 0.0 3.842280258642165e-06 0.0 0.0 1.898762528045761e-07 1.1009064320615201e-07 1.533053447807515e-07 0.0 6.5228726436254e-07 0.0 6.602031869717958e-05 1.0756128344965111e-06 4.3600917476075325e-06 0.0 0.0 2.099312139595642e-07 5.969944109100913e-06 0.0 1.9785146648390933e-06 3.2181088631407593e-07 0.0 0.0 0.0 0.0 0.0 1.8149314941157443e-07 3.3434540821664355e-06 0.0 0.0 1.0034729980448331e-07 0.0 1.4019531433331153e-05 1.8200725489819908e-06 1.8610133385463236e-07 0.0 3.7014652261408105e-07 0.00012465768108087743 7.273454890764807e-06 8.084210611735082e-06 2.923172321345948e-07 0.0 8.919499284130447e-07 0.0 2.643625568185781e-06 8.42005677738343e-08 0.0 1.614644036835826e-07 7.525101861502834e-08 0.0 0.0 2.9265720372662965e-05 7.244710634358862e-05 1.1561736636653063e-05 2.776532975186469e-06 3.4676022439565275e-06 2.7940582387807797e-06 1.3579626787392667e-06 4.359211941471532e-07 0.0 1.3536365921146103e-06 0.0 2.2474585822844236e-07 0.0 1.2787653383096945e-06 0.0 5.034815053937605e-07 9.477011866904121e-08 4.039670313103435e-06 3.1737634461086737e-06 9.202020189446056e-06 1.2226314213854232e-06 2.398850445845197e-06 0.0 1.9560149242829746e-07 0.0 0.0003946954702688901 2.475234942734333e-05 1.8469332144258876e-05 1.199944455855081e-05 0.00015837668251589743 0.0 0.0 1.0323304980317063e-06 2.0645704896088015e-07 3.261039945923683e-06 1.235174193001458e-07 4.944343803877099e-06 2.3257718669672752e-06 2.158377034681178e-05 6.00817455846974e-06 1.0660478665110821e-06 1.758511113553157e-05 9.636569767615894e-06 2.527868200102997e-06 2.0009895343490873e-07 0.0 0.0 0.0 0.0 0.0 0.0 0.0 0.0 0.0 0.0 0.0 0.0 9.230556661534534e-08 0.0 0.0 0.0 0.0 1.517253668579264e-07 0.0 2.7962845961659785e-06 0.0 0.0 0.0 1.0195988465997395e-07 2.513717657198575e-07 0.0 8.765390626206675e-08 0.0 0.0 0.0 0.0 0.0 0.0 0.0 0.0 0.0 0.0 2.093244310710826e-07 0.0 0.0 0.0 9.804919463505632e-08 0.0 9.052591965044134e-08 0.0 0.0 0.0 6.545952245273394e-08 0.0 0.0 0.0 1.365034663294177e-06 1.4315970109978405e-07 0.0 0.0 0.0 0.0 0.0 8.067148253793346e-08 0.0 0.0 2.3219805761926496e-07 1.4054600821727676e-07 0.0 0.0 0.0 1.223884355875114e-07 0.0 0.0 0.0 0.0 0.0 0.0 0.0 9.810086215414725e-08 0.0 0.0 0.0 0.0 0.0 0.0 0.0 4.425357565284173e-06 0.0 0.0
0.0007086834848969815 0.0020193348171150677 0.000279686308410951 0.0002904647694058802 0.0017999350662997937 4.799177331778601e-05 0.0 0.00010298331765803337 0.00138935395174325 0.001733396378816508 0.0004393884238153194 0.0005356146841474543 0.004140412498715939 0.0030778962194759727 0.00011798045461210811 4.894060511739638e-05 2.2343194182490165e-06 6.851178541542775e-08 1.4331928936299597e-07 1.63908579252627e-07 3.4345849447264525e-07 8.722549309329573e-08 0.0 8.053133083206862e-08 8.873430085994503e-07 2.8464362574658284e-07 0.0 1.0772536456537762e-07 0.0 7.11377315320656e-08 0.0003369325902615475 8.742151134379421e-05 5.992253967251976e-06 7.815076270714436e-08 1.3152899506413855e-07 5.292248667186705e-07 1.853666889522028e-06 7.948144285657044e-07 2.871218323805721e-07 4.693575129694856e-07 0.0 4.945104917132418e-07 5.875216703007191e-08 1.0598231780005012e-06 3.5767143715701415e-07 5.742265808703223e-07 0.00018760912551998998 2.833924771187705e-06 1.0181905620645002e-06 4.039474306929578e-07 1.4292754304319225e-06 0.0 6.793657383061821e-07 0.0 1.2271557586164084e-06 2.6148881339431066e-06 5.491449820859093e-05 0.000171961949396893 2.7098810096867385e-05 5.4425781263582055e-05 4.2685396039331975e-07 2.167255941182404e-06 2.743782239339893e-07 0.00029431685115239664 2.4875606651979525e-06 4.244189277535081e-06 5.350523214429495e-06 1.2988530260244594e-06 1.3707754316562716e-06 3.2554591816714264e-07 2.884534638503607e-06 9.520685959372831e-07 0.0 0.00012701123190118774 0.0001572860332997361 0.0003002378842301846 0.00012999946111430838 1.5832627551337644e-05 1.5007195440860154e-06 7.847174765370174e-06 4.334099419477565e-07 3.4881870791603905e-06 5.3102252269072504e-06 2.109845078898215e-07 6.6276484650411216e-06 4.629841342255463e-06 2.3625809753561254e-06 0.0 2.3633635189539824e-06 9.109435350490746e-08 3.9796788091986745e-07 9.010197256049803e-08 9.67791853689905e-07 1.7628798011011614e-07 2.883132044800955e-07 2.2136846427136927e-05 5.251092070313306e-06 0.0 6.422795792237275e-07 4.438337616146896e-05 1.54374338914908e-06 6.4460398185017e-06 1.3384988902740214e-05 5.774079949715032e-06 1.230612700159307e-05 1.4445764494836837e-05 8.76459141456462e-06 3.484068726154083e-05 0.00010152193022077867 5.215802653479636e-05 1.8626792463322666e-05 0.000152275816906687 9.473820280510893e-05 4.33091356151402e-05 3.3310560080865005e-05 1.247814631609203e-06 1.3376603685934905e-06 2.1614944260612653e-07 2.792332161975692e-07 8.229917458864234e-08 0.0 8.396699299045108e-08 0.0 0.0 6.229051083474654e-07 3.4296138116272363e-07 7.803696314497458e-08 1.507687031510804e-07 4.401565407595053e-07 0.0 0.0 0.0 8.254146506157446e-08 0.0 1.2159152164047779e-05 6.892359559436498e-06 0.0 1.2827479071390096e-06 2.2322955610808675e-07 1.5042809400350677e-05 5.9148640899389855e-06 3.413212976800878e-05 7.02793016215772e-07 1.1469650688324762e-06 8.849298221488024e-07 2.8898021107440174e-07 7.262579595758834e-08 3.6595416770697477e-07 8.140468280057893e-08 2.3732385148400734e-07 6.586586612839996e-07 2.483542914604811e-07 2.3426602870889534e-06 0.0 9.782738318429967e-08 7.958923315017473e-08 6.017737025678887e-08 0.0 1.374430233593255e-07 5.11593391338974e-07 1.535014933678361e-07 2.8947447611976497e-06 4.960713913904013e-06 1.2281957625442354e-06 9.546003670345588e-08 3.3402392231731554e-06 4.871371415707406e-05 7.695302274254741e-06 7.242428693660458e-07 8.697159309402317e-08 0.0 0.0 2.5481493590361623e-07 2.704874204922191e-07 2.1449209442483476e-07 3.8754131290549657e-07 2.4493105081169932e-05 2.2758892983098527e-06 2.512389568400244e-07 0.0 7.306953278968397e-08 1.6423951985222625e-05 6.130885246709399e-07 1.273056231826085e-05 4.354939026249654e-06 4.379658333928264e-06 2.0958805105798745e-06 3.6397485511790917e-06 8.371957507166076e-07 0.0 0.0 1.0029556392704303e-07 0.0 0.0 3.439536026043178e-07 1.0050374016570527e-06 0.0 1.2237450552306992e-05 8.543703245854194e-06 1.7981497625789384e-05
5.217164489086108e-05 0.0005871430958031522 0.0024156928211327947 1.499299120247227e-07 0.00047035507445140456 1.2052018480872192e-06 0.00010298331765803337 0.0 0.0003812014813291397 1.814029735835139e-05 0.0007556282494929462 5.865540031782308e-06 0.00029839989205829054 0.00042781539436225526 9.568994452850897e-05 0.0001222706852602344 6.526476615433072e-06 3.339925976733542e-06 6.236049725217183e-07 1.6142996098744384e-05 6.00645886017105e-05 4.085032811230181e-07 4.070623856675426e-06 3.332132646393079e-06 3.925856857099172e-06 2.6016024648629112e-05 6.303682957733017e-06 4.488724479158845e-06 7.461151315434012e-07 1.469824298793007e-06 0.0009397888975495913 0.0038855994962769666 4.7292207277080943e-05 4.742809322256449e-05 3.761202298560132e-05 1.4645593358736725e-05 8.86223732911737e-06 6.80511478928867e-06 1.12228992634411e-06 1.318708642839528e-06 1.6565631540072362e-05 2.269484531120826e-06 9.033397168392751e-06 2.319316106728205e-05 2.12186298371447e-06 1.3490837466036595e-05 0.00010527133866072174 4.392986366386544e-06 9.106517724993731e-06 1.9481286322838515e-05 3.452996593378241e-05 1.1404034192315684e-06 3.789833545512495e-07 4.418518790934782e-07 1.0507704817889739e-07 7.007632631399873e-07 6.112374574722317e-06 2.77578026659021e-05 3.1565694584686315e-06 8.910212432089561e-06 0.00014706659639322344 8.239297197939243e-05 6.995475690827807e-05 0.0003040773265065033 2.6942846706028412e-06 7.941406585393428e-05 7.257181312981005e-05 3.068933867117329e-05 0.0001710714836877484 3.90440630783304e-05 9.188750153350708e-06 3.2268059763082758e-06 4.993041095721154e-07 1.3261114271188727e-05 4.950643744676621e-05 9.15299754546836e-05 0.00027181622792478763 0.0004238025303372377 0.0012421807400908765 0.002111229363625885 0.00022911359912723835 0.0010620111621699186 1.791588604588493e-06 0.0 7.914274284376513e-06 8.276974064874661e-06 2.5760814538804116e-05 0.0 1.2475863489013697e-05 1.5837257205998942e-06 2.945354218933109e-05 1.6703972832018557e-06 0.0001126224844447911 6.299867325689474e-06 2.921351038449728e-06 7.912147382693162e-06 1.9480055132000465e-06 1.1867775069989066e-07 1.8881447446385204e-06 1.1882079362214348e-05 1.5944930208068677e-07 2.801277877370402e-07 3.296830110452852e-07 1.1222961013816728e-06 1.4517929384623568e-06 1.9514060220772482e-06 0.0 7.200808142973125e-07 4.170039426481008e-06 8.641245597507597e-07 1.5498316856630134e-06 7.581245519491895e-06 7.934191674353327e-06 5.472207849541133e-06 3.989622641942615e-06 3.015856900829562e-07 0.0 0.0 2.514469143319686e-07 9.02040828449198e-08 0.0 8.406473973356926e-08 0.0 0.0 6.10164974783644e-07 1.7119287914425597e-06 0.0 2.291049448462733e-07 1.92003952001998e-07 1.8286082908726824e-07 1.8944619162993151e-06 8.867829030705532e-08 2.3973847915652204e-07 9.334449959569869e-08 1.5190203217612523e-06 5.909325411643845e-07 0.0 1.0162790119678926e-06 2.8512697054562885e-07 3.0953072924755688e-06 1.305002349454823e-06 1.172519362355994e-05 1.6718564377421092e-06 1.0632547272648617e-06 1.9913063519914234e-06 1.049496857505531e-06 6.496607941652234e-07 1.4102663577193396e-07 0.0 2.1795699686717474e-07 4.197861172150775e-07 2.1712022231212445e-07 1.256245705473899e-06 2.8884098790278303e-07 4.1073083477933144e-07 2.360024788935054e-07 6.18179871624112e-07 2.2828853823108076e-06 8.116203344631238e-08 0.0 0.0 4.808936851044349e-07 0.0 0.0 0.0 2.4439679875233834e-07 8.457317990805647e-06 9.392656581399471e-07 0.0 0.0 7.146291220017881e-08 1.0629218733720277e-06 7.996714317040624e-07 2.1262481946148313e-06 2.6388137214337325e-07 7.962073780445616e-07 6.844877536631613e-06 2.1040529620226596e-06 1.4040707044176676e-06 3.4348002165617834e-07 1.372521349472274e-06 2.2399045745252225e-06 6.988171522012271e-07 3.208562915866052e-06 1.1354271136839132e-06 7.633786282317287e-07 1.4465761482415e-07 1.463445541955928e-06 1.0805561514440497e-07 1.5084487998669703e-06 0.0 8.391769522747287e-08 0.0 2.2203165578619526e-06 2.1562212572917378e-06 1.7354139745706232e-06 3.0411228873179404e-07 8.485610725502805e-07 3.4296819421154755e-06 7.920825890996584e-06
1.50979563480332e-05 0.001007648037935842 0.0006440566873139624 7.037260381874768e-05 0.0015593226698455151 6.6729656586718005e-06 0.00138935395174325 0.0003812014813291397 0.0 0.0003118576975337485 0.0012297279928663717 0.0001263032177539959 0.0005965840484356708 0.0008574931442450686 4.3712880853228686e-05 4.210896464534957e-05 4.2101959805783363e-07 0.0 0.0 4.3372238517676415e-07 5.94045711416397e-07 0.0 0.0 0.0 2.0851762025918767e-07 0.0 0.0 8.21569778288245e-08 1.9140876724679855e-07 7.877229960603889e-08 3.5903419389224505e-05 2.9074382908871124e-05 5.270406756116486e-06 1.8250816836269473e-07 8.453354699030866e-08 8.771373690738232e-08 9.846467269516146e-07 8.348374503240016e-08 2.417443238996028e-07 2.939997418849963e-07 0.0 0.0 0.0 2.7258459768663225e-07 7.849681545794215e-08 8.774420194509985e-08 4.1357621529905603e-05 5.701606832130837e-07 3.04402783234114e-07 2.6999449413119836e-07 4.695478397038127e-07 0.0 1.6280779335912162e-07 0.0 0.0 7.208692708923926e-08 4.362521938197594e-06 9.250420065504912e-06 3.4031136151403746e-06 5.4731519524012765e-06 7.218542007767171e-08 4.3300974938423095e-07 1.3147165380204704e-07 5.6053813140735355e-05 7.491787419920959e-08 1.1124718957491885e-06 7.765059833622764e-07 2.9152539180121924e-07 1.3419108110080025e-06 7.34943053066963e-07 8.621209651366796e-07 1.438911593638255e-06 8.011088710753231e-08 1.059335371679851e-05 2.4363860029703836e-05 5.142380267992347e-05 5.372086862584715e-05 1.7276463162082782e-05 7.772459624945707e-07 5.083349567462142e-06 3.286481169040758e-07 1.2761964828078663e-06 1.634045446598282e-07 0.0 8.935982988644479e-07 3.6915843115609677e-07 3.3632348351958485e-07 0.0 5.630075459043731e-07 0.0 2.8828222105822843e-07 0.0 1.3954649123084248e-06 9.481516112476905e-08 0.0 1.2397150820674451e-05 5.7012309865327576e-06 0.0 3.4934167036613476e-07 4.262237135014053e-06 2.8929606652435056e-07 4.439589181190987e-06 8.295226655610097e-06 8.243629688032281e-07 8.976953309015753e-06 6.563903267453907e-06 2.630162265947089e-06 1.3437838200975635e-05 5.585150027113484e-05 2.2199347855949793e-05 1.1132600282117617e-05 6.830368289554877e-05 4.25388350090548e-05 2.9232654943458385e-05 1.9387508157874197e-05 1.090577889920194e-06 0.0 8.112946638935065e-08 7.867501428177929e-08 9.18366910002565e-08 0.0 3.1961645227804867e-07 0.0 0.0 0.0 1.3044594816230334e-07 0.0 0.0 5.415661065276051e-07 8.898102665044765e-08 1.7331247218074442e-07 0.0 0.0 0.0 6.605253922288205e-06 3.3987579863157182e-06 0.0 1.0699590122583289e-07 0.0 9.658491350342342e-06 6.484885111347708e-07 2.7121581163105338e-05 5.136221019499303e-07 6.280264076507345e-07 3.1870358348705394e-07 0.0 0.0 1.898116427713314e-07 0.0 0.0 4.474146764929e-07 5.598396149179591e-07 2.20199717532262e-06 3.7579116204732636e-07 8.449944756701446e-08 0.0 0.0 1.450514956334139e-07 7.882295086433535e-07 5.630965142961219e-07 7.493821080815718e-08 6.794674498335656e-07 2.847342854378266e-06 5.90983451045103e-07 7.82011200245384e-08 0.0 2.760327971080871e-05 2.165048376646762e-06 1.452301957518133e-07 1.3185841394991476e-07 0.0 1.800494096791109e-07 1.77473330978363e-07 1.5962547294015826e-07 8.340830020077495e-08 1.6869518468415756e-07 2.221770391844011e-05 4.112147891069929e-07 0.0 0.0 0.0 9.948373287796783e-06 1.69747845160377e-06 6.456976892365947e-06 2.4169819112820192e-06 3.595230717300223e-06 7.4899801960586e-07 1.6141165724187694e-06 7.428512653101283e-08 6.706016168666627e-08 0.0 0.0 0.0 0.0 0.0 1.0546777994686552e-06 0.0 6.543239170743912e-06 5.536799910236464e-06 1.2089809135407072e-05
0.0019754386304483805 0.000625892990180544 7.401517683438661e-05 0.0008979789714198132 0.0006408119660611939 0.0016076476184144319 0.001733396378816508 1.814029735835139e-05 0.0003118576975337485 0.0 8.848444964025975e-05 0.0008703731355282796 0.00607531189434034 0.00044542088698968735 7.904833378250456e-05 2.756063302724195e-05 1.667135262644016e-06 2.8987889550789526e-07 0.0 1.5259963027109542e-07 1.0658268867535766e-06 0.0 1.4407910950620505e-07 2.400500451200456e-07 7.899875714594335e-07 4.370507019404664e-07 3.7561586845333893e-07 1.1196513168432449e-07 6.297310712028718e-08 1.308873551139902e-07 0.00016884077995906743 3.270746340498194e-05 1.9446007114185024e-05 1.6792644377635137e-07 6.873457097266339e-08 2.754379150664449e-07 3.4389772079298614e-06 5.343868050606602e-07 4.971985470868421e-07 5.57428667203254e-07 6.179853864235294e-07 0.0 2.2066776999889337e-07 5.330585966352179e-07 0.0 5.361203784980662e-07 0.00016064170338351882 2.7317661175372523e-06 7.279783227622671e-07 4.330727472997356e-07 4.678239902416094e-07 2.1065944115229056e-07 0.0 8.519908957663183e-08 7.485537985687894e-07 3.888305405518443e-06 0.00010735410212688872 0.0001555273931689129 2.988690219550461e-05 4.807377406830379e-05 1.0749507212207164e-06 1.710602007149396e-06 5.915392727841041e-07 0.0002459699709178968 1.9105024764202823e-06 3.6426286422457543e-06 4.476983351602796e-06 1.2185873414347026e-06 9.180137935556624e-07 0.0 2.4554118548094805e-05 3.8432637473046235e-06 9.600549645599332e-08 0.00013014193461151073 0.00015828404964950507 0.0002208028494411776 8.170689730202849e-05 1.0123117616750259e-05 7.921053473031336e-07 9.148777625626505e-06 4.843598236935932e-07 1.897366775874579e-06 4.322438083204857e-06 0.0 5.0966554062429825e-06 3.812570358520875e-06 1.975845949181845e-06 9.817263842102114e-08 1.5930895783213774e-06 3.2694948027974414e-07 4.888926145737879e-07 0.0 1.9157272588714903e-06 3.224133797161325e-07 7.555547360125529e-07 0.00011081208126978017 1.3812241523330724e-05 5.361125229844139e-07 9.025085647584627e-07 0.0005037546939830363 7.818635034867035e-06 1.8207623975187505e-05 3.9512681438164316e-05 1.0762858856778632e-05 5.0699543991296064e-05 4.079147984482554e-05 4.2211598953484764e-05 8.984464825224961e-05 0.0004034385055045885 0.00020292032111340625 4.611012338537226e-05 0.0004339857239829918 0.0002732883312225914 0.00011236942278661909 6.573506331547459e-05 1.4553370796247137e-06 8.533492502238474e-07 5.697962078871216e-07 8.743028331505086e-08 1.6908944146434317e-07 0.0 5.441636212674201e-07 1.0815906411316916e-07 0.0 5.826166112427303e-07 3.514932778962606e-07 0.0 1.219354703782463e-07 1.0119380972779448e-06 0.0 0.0 0.0 3.067587081740783e-07 0.0 3.1715473419062325e-05 9.589045579102486e-06 0.0 0.0 0.0 2.0685411447171214e-05 5.097867462439729e-06 5.602020258217693e-05 5.145866206007757e-06 2.3431727582413747e-06 5.678665542209803e-07 1.7582567828962828e-07 7.021679645584124e-08 1.033207512868439e-07 2.210201174143654e-07 3.6238827149992004e-07 9.887197965390107e-07 7.30251391686225e-07 5.180757651924258e-06 2.572274330742411e-07 2.614312550944599e-07 7.917715193038209e-08 9.046632256281959e-08 0.0 2.626924324617828e-07 3.260376083813449e-07 1.4133456734988097e-07 3.3973364744398685e-06 6.09990652447871e-06 3.2530356845030765e-06 0.0 2.2213635799136524e-07 7.126859590738113e-05 1.3436604412520304e-05 3.850478737526486e-07 9.524851489324322e-07 0.0 2.204396069181713e-07 5.19698971226455e-07 1.003028116210385e-06 3.876885681831703e-07 7.419626580366428e-07 3.9660238905314636e-05 6.610751745076519e-06 0.0 9.2246231568063e-08 2.26710790499405e-07 2.7539013468792754e-05 0.0 1.673552989436784e-05 8.628910230820182e-06 6.333582495308611e-06 4.365946674413131e-06 7.659582245392065e-06 1.025403541411585e-06 2.2371504280208076e-07 5.499945315062614e-08 0.0 0.0 9.372553473180386e-08 2.433852432909212e-07 2.675281995092457e-06 1.9839348667216592e-07 5.262331748931122e-05 9.861740165373303e-06 1.9663349250485426e-05
6.328296352124366e-05 0.0014797949829928128 0.0021593490207753255 2.3042052064874577e-06 0.0013508187823286963 1.7252669067573762e-06 0.0004393884238153194 0.0007556282494929462 0.0012297279928663717 8.848444964025975e-05 0.0 3.0526730022775566e-05 0.0012674126919482833 0.0021844036769195323 8.706084710404543e-05 0.00012100071015055712 5.333881049565013e-06 3.4614122473082705e-06 8.795570837468391e-08 6.641954551673082e-06 1.3927449734613571e-05 3.504701812668525e-07 1.3271766245163728e-06 2.9861194921691653e-06 5.695179757333788e-06 2.647252855317476e-05 7.225673008363733e-06 5.981921340699273e-06 1.1148938035859147e-06 1.975672262009069e-06 0.0005775302201559594 0.0005786940673559453 0.0003710503212717886 1.3001111158730009e-05 9.809722913573759e-06 1.511338035002172e-05 7.024385914470269e-05 1.916638593017541e-05 4.483726697696419e-06 2.84666435788473e-06 1.301231058624274e-05 2.296003406526662e-06 2.7153929769568493e-06 1.5865203010679816e-06 4.730662781267939e-07 3.0073905312704575e-06 7.682275212215827e-05 1.453639496858269e-06 5.1562025922696774e-06 2.034995335187244e-06 1.528685269529213e-05 5.682994106824626e-07 1.0437170622224564e-06 3.322202735966301e-07 0.0 3.135205850769188e-07 5.9605655372447205e-06 2.4767307943151585e-05 4.247587792627091e-06 8.077836064633023e-06 8.869628336392415e-07 7.06220760996196e-05 1.2462203662216996e-05 0.0001007434356702461 9.55033200709925e-07 2.3369810489316373e-05 2.4876440515608197e-05 1.072360803372132e-05 3.609034931172184e-05 1.488612658345647e-05 3.2411717545902414e-05 2.671100896526886e-06 3.917078853218195e-07 1.5373421384274767e-05 3.474223500329157e-05 7.742060957488886e-05 0.00010968227494416211 4.79198877743941e-05 3.0693979166329506e-05 0.0006464782652589909 2.1593456497061114e-06 9.293506746132397e-05 1.0510208442436651e-06 0.0 1.5719203931606964e-06 3.111477477116593e-06 2.0081546628515897e-06 0.0 4.547961272707014e-06 3.6601766691704164e-07 7.273250015095115e-06 6.189844721827095e-07 5.7958202295789295e-05 3.2450944722667365e-06 7.57933692019737e-07 1.4698614384538911e-05 4.801005812809012e-06 0.0 2.89941763542536e-06 1.142615063051711e-05 8.632285526859513e-08 4.0831930032212726e-07 1.6355248466030184e-06 1.0870442702471157e-07 5.009085603536799e-06 5.713147487434201e-07 4.448162332188389e-07 3.4276306561596287e-06 1.1906834427006228e-05 5.2094185703878325e-06 3.912563271552463e-06 2.0531007281799506e-05 1.5985615058276306e-05 9.033383058090127e-06 6.540475049617013e-06 1.867467733897017e-07 3.694543715402525e-07 2.4612459021269067e-07 0.0 0.0 0.0 4.01633409421178e-07 1.0797594348817498e-07 0.0 2.8105508583628824e-07 1.2842973801484133e-06 7.84009827486073e-08 5.278268929011327e-07 5.345056460510985e-07 7.857968286700672e-08 1.4478042686503576e-06 8.991519476381079e-08 5.245881939334987e-07 9.1314746519914e-08 2.7865564226213485e-06 6.420977688004302e-07 0.0 3.90384974668456e-07 2.726106023420513e-07 6.529574604434989e-06 1.194292590374651e-06 1.3205424649356402e-05 1.4444613744686449e-06 1.3105068542717907e-06 1.5791610177635858e-06 4.4370701646224035e-07 2.5785413672504476e-07 3.267110976257863e-07 2.1198229484036283e-07 8.959148949673886e-08 4.807731408517907e-07 0.0 1.663948020423896e-06 1.8694578163440315e-07 4.6878623654699006e-07 4.6621553536972856e-07 2.3038766079018745e-07 2.41756411934389e-06 7.596822302391333e-08 0.0 0.0 1.434053593607302e-06 1.240389126153823e-06 0.0 0.0 0.0 1.6580692411115786e-05 3.01626597997851e-06 0.0 3.0512937552298386e-07 0.0 2.2611044468882556e-07 5.56334084829957e-07 9.97908497383206e-07 4.035301200594358e-07 4.3927715616666014e-07 1.1911575289308948e-05 2.3970717331110674e-06 5.809294417315111e-07 8.828362337677326e-08 5.09731053557408e-07 5.488771379517683e-06 4.3013818032512754e-07 5.326698763116811e-06 1.2737813367512024e-06 1.4596981258485617e-06 4.784577638060811e-07 1.23955030084829e-06 2.2376098530940913e-07 7.314733370575193e-07 0.0 0.0 0.0 5.844699371152332e-07 1.0801643384748552e-06 6.686053878647314e-07 7.611268700231974e-08 1.7681532945728489e-06 5.85209702627686e-06 9.761472651155634e-06
