0.0 0.0020649900177336484 0.0002554207321249365 0.0008774956203779432 6.373955363348465e-05 8.763715451672998e-05 0.0006860275214816126 8.078916438114107e-05 1.4309242166692066e-05 0.0009018738047335753 0.0001242615458266613 0.00017028726971707352 0.0002902957612236888 0.00012863831572834046 2.5038995200712383e-06 3.5674443487619554e-07 6.755174759114807e-08 0.0 0.0 1.2951389124775214e-07 1.112805608382209e-07 1.174189939888618e-07 0.0 0.0 1.2897340949740363e-07 7.253004481224946e-08 0.0 0.0 0.0 0.0 0.0008066269070544993 1.5924709071276074e-06 1.4803346615672825e-05 9.634352757880123e-08 1.6780755723124057e-07 2.536505773046032e-07 2.4964744207334455e-06 3.4014378595866294e-07 8.761131694960621e-08 8.571923105877827e-08 1.7151946204175115e-07 0.0 7.375802650673131e-08 6.831713500645474e-08 0.0 0.0 3.170889346807205e-05 8.583315778529515e-07 0.0 0.0 0.0 3.880944513650887e-07 1.0007074242198704e-07 0.0 1.0982968381885003e-05 6.9491537249904955e-06 9.205310996875179e-05 0.00023049404195325752 2.1867652298113435e-05 3.0759718114720034e-05 6.933398530628378e-07 3.5771186903543264e-06 0.0 2.457195496800116e-06 4.463176380449602e-06 4.036672973843468e-06 7.980159979902773e-07 2.1387344196914382e-07 0.0 0.0 9.03415473192595e-06 6.163207934035447e-06 6.985144775385104e-07 0.00012167048282594282 8.852287329686036e-06 3.288710640578203e-05 3.3467301205392e-07 3.2383581232539117e-07 1.1822490944497036e-06 3.678427277234773e-05 1.233852332936033e-07 1.9298027107590495e-06 1.7660787666097196e-05 1.3146479464816438e-06 9.981605905281702e-07 4.540550273078815e-06 2.0954684672332796e-07 4.897187837549739e-08 1.5127184531521511e-06 4.370251587450392e-07 5.221685003310244e-07 9.147827807798886e-08 0.0 6.943303031934844e-08 1.7348968287708127e-07 3.1268863064607215e-05 9.213337262706762e-06 9.00078372449648e-07 8.821215649305637e-07 0.0011896369300626762 2.655864424914103e-06 2.063957749179154e-05 1.971686935861676e-05 3.2344944278216506e-05 7.942708584635145e-06 2.6835946518764306e-05 1.2308289350957407e-05 2.0098252704511694e-05 3.054955899518546e-05 4.4299644093754064e-05 6.49772067855428e-06 4.745511341455763e-05 2.9283427883116224e-05 2.3912101002342524e-05 1.2161774170509021e-05 0.0 7.490299993577249e-08 0.0 0.0 0.0 0.0 0.0 0.0 0.0 0.0 3.032109282198485e-07 0.0 8.706218695823266e-07 0.0 2.5115603663094367e-07 0.0 6.750779727975342e-07 0.0 0.0 8.447207037166964e-06 2.3814635611536326e-06 6.143314086143517e-07 5.885865687951348e-06 6.265871635370362e-07 2.5714467132013143e-06 5.162333027481132e-06 1.8094094528557094e-05 3.187967213774011e-06 1.9436809579353247e-06 1.2868400847564848e-07 0.0 0.0 0.0 1.8965231637610225e-06 1.355376995115425e-06 0.0 0.0 3.5010662910242074e-07 0.0 0.0 4.1477953849472053e-07 2.117557008547173e-06 0.0 0.0 0.0 0.0 9.453595954072044e-07 7.777471851731202e-08 2.1357108191133805e-07 5.346520477902309e-06 4.498993637939876e-06 1.5966509629453485e-05 2.5025148354094265e-07 0.0 0.0 0.0 0.0 0.0 9.585748424989092e-07 0.0 3.306481629416901e-07 4.7575651176896826e-06 1.2379800928802716e-07 0.0 0.0 0.0 1.67177071144443e-05 4.817868257258476e-07 4.403286659354067e-06 6.181632475664385e-08 0.0 2.008890256249841e-07 6.809223695606052e-07 4.449709038940476e-07 0.0 0.0 0.0 0.0 0.0 5.876335099808461e-08 0.0 0.0 9.669056675695536e-06 2.9694512007090522e-06 3.7825287919479355e-06
0.0020649900177336484 0.0 0.0010788606459599212 0.00026171007520637825 0.0005135027289330704 3.141713553412781e-05 0.0023927188093339304 0.0006219217119947736 0.0007782098069218348 0.0013165188046766506 0.0008073303829154088 0.00028565019315923376 0.0019896695892239642 0.0018336984874288518 1.504294616658565e-05 3.6996515303210997e-06 5.812563602498526e-07 6.433651699266582e-08 6.196115852239085e-08 6.279049542544016e-07 7.807505119746169e-07 0.0 0.0 0.0 1.0860330870218309e-07 9.750330181655243e-08 0.0 1.8646925445491733e-07 0.0 0.0 0.0015928985729354765 3.17804886347933e-05 4.4756137022705184e-05 1.1075144382459255e-07 4.0475072943149967e-07 6.037372276948167e-07 2.8224602718222374e-06 1.1195227341170031e-06 0.0 2.6735890548596417e-07 2.0790632223044372e-07 0.0 2.588617516873153e-07 4.3394873688856537e-07 2.838051786372791e-07 5.556633205705916e-07 0.0001333533966713362 4.138630852689704e-06 5.419036273961736e-08 3.217774671894552e-07 3.6565930461764157e-07 0.0 0.0 7.448131014240522e-08 3.455129697775175e-05 2.381319040060918e-05 3.624743416729713e-05 0.0003799397623048092 4.9497013595613646e-05 9.691230715237283e-05 2.2258818002949705e-06 3.0645747085718192e-06 1.330897380774871e-07 4.6457892794360115e-05 1.949466726363135e-05 1.7936375683211983e-05 2.6929384590484096e-06 7.221167323006287e-07 4.844040275068039e-07 1.6997659575946911e-06 3.87816383194067e-06 8.539585385260417e-07 0.0 0.0003400874472751959 0.00011423469064627703 0.00016480016888319207 9.051027687169135e-06 7.277538987053494e-07 7.955104794949297e-06 0.0001437313648073195 1.8153492943708203e-06 1.02472108673445e-05 6.054021900599536e-05 5.162445989537576e-06 7.2633941635109505e-06 1.4745834018674585e-05 9.850510716571419e-07 1.069570494908115e-07 9.300735914402984e-07 9.989155745454574e-08 7.822231924412676e-07 0.0 1.8106845506165552e-06 1.5128899045780637e-06 4.574296440556714e-07 4.7908535780107424e-05 1.2882627422969778e-06 0.0 2.1117375066491703e-07 0.0009344418105959261 2.2588407455953886e-07 4.198021743699788e-06 1.1151414734405608e-05 8.035849383777671e-06 1.5237147353992493e-06 1.958873747741523e-05 6.149619801746299e-06 1.0803294711728356e-05 2.2437120851710067e-05 1.739406369150938e-05 5.141817750264786e-06 4.51202801201049e-05 1.984144990236633e-05 2.2704478971944123e-05 1.55017314552598e-05 1.1409503312785962e-06 7.099604711743729e-07 0.0 0.0 0.0 0.0 0.0 0.0 0.0 0.0 0.0 0.0 0.0 0.0 0.0 1.1096734526766019e-07 1.9320025773254066e-07 0.0 0.0 4.867526122183518e-06 4.034439798318859e-06 0.0 7.130485385546134e-07 0.0 8.629435598175814e-06 2.7774396287618236e-06 1.7680227752604157e-05 2.475043397018068e-06 0.0 1.0770400014311405e-07 1.5894499478514256e-07 0.0 1.9136311092073164e-07 3.101908373162322e-07 8.398345027431296e-07 0.0 3.407779887141327e-07 6.156123924331436e-07 0.0 0.0 7.074661399012227e-08 1.795246302961342e-06 7.183082795781243e-08 4.3535635566522406e-07 7.300037739205576e-08 0.0 1.1166403027957831e-07 4.1634884301900475e-07 1.5127488733351978e-07 7.076663743789291e-07 3.4264395665055524e-07 2.0600971419284906e-05 3.9630007682317423e-07 0.0 0.0 0.0 0.0 0.0 0.0 0.0 7.662499550399672e-08 1.1792000093537803e-05 0.0 0.0 9.478307498512818e-08 4.6490345280733803e-07 1.5352648572455343e-05 2.463623259585974e-07 4.1699580778368255e-06 6.881276697504e-08 3.0125278598661044e-07 2.0083322990751887e-07 2.0073153740574513e-07 8.424907386826198e-07 8.063503428931158e-08 1.2635477522660109e-07 0.0 0.0 8.306052990420402e-08 6.747034790234529e-08 0.0 7.9518306133484e-08 1.8116571326969442e-05 6.14588724243103e-06 4.22981128709814e-06
0.0002554207321249365 0.0010788606459599212 0.0 2.9334082856156274e-06 0.0004294387775027799 4.14234507042402e-07 0.0003374450950463318 0.00207746192109206 0.0005034998496778975 5.9465229047445875e-06 0.00164020656798666 4.267161772260446e-05 0.00034946830750080566 0.002295388801663012 7.439296678031228e-06 2.6619613396547164e-06 1.8313106673296402e-06 2.218631279113419e-07 6.987299982533793e-08 5.179742723820115e-06 8.232470289249008e-06 0.0 3.7229272725803313e-07 3.0209765041331834e-07 5.109693375452413e-07 4.669538454830314e-07 0.0 2.30592706756866e-07 0.0 0.0 0.003088573173692161 0.00034553550829672985 6.281382622575597e-05 1.1648441952860203e-06 1.7117056319671224e-06 2.4072891163027157e-06 4.526233493645499e-06 1.952294205279849e-06 8.60459196484573e-07 4.2962835703058725e-07 1.2504763014557133e-06 1.4484898202535844e-06 2.5832443997512813e-06 1.1517259767756597e-07 1.0953562639604724e-07 3.691754727781987e-06 3.7063687493343024e-05 9.879693580564396e-07 1.148256300763132e-06 7.823468101281626e-07 2.207959144095276e-06 8.844796716543517e-08 1.2253537180929228e-07 5.887663952895902e-07 7.830761949332152e-06 5.3722407379090415e-06 9.529821756060095e-06 0.00015778866668488304 1.2573285704717866e-05 2.5908575288484727e-05 2.4542869322953622e-05 2.9301352552416263e-05 1.5235663656203603e-06 6.489387262152338e-05 4.820920445765126e-06 4.40720088312917e-06 1.0028989242840695e-06 2.0905476599701262e-06 4.881943980194389e-06 1.5659058850148706e-05 2.1236353247152974e-06 1.4047480670068706e-06 1.678923929920334e-07 9.312860570329678e-05 4.947054198754392e-05 5.92893447793245e-05 5.26482031840535e-06 4.553204298251567e-06 5.792247430424868e-05 0.0005227500381731494 1.32787567527142e-05 0.00017421668692684084 1.5038355250788141e-05 9.385221405253281e-07 1.446131965762228e-06 3.0932061282218876e-06 1.1647274782977196e-06 0.0 4.323410311663771e-07 0.0 1.1990013398176064e-06 0.0 8.522690376336349e-06 5.483539592737192e-06 2.491196852112047e-06 1.1776234134085877e-05 1.4148410763625353e-06 1.138319156772761e-07 1.9809636525382767e-07 0.00012979145562494443 0.0 0.0 7.016456909418261e-07 1.0208025440738475e-07 0.0 1.4680818982164167e-06 1.4411114362657264e-07 1.6906107151052298e-06 3.0824292239422176e-07 7.528593159854971e-07 2.928138883614084e-07 1.8091630417584685e-06 9.437768131046992e-07 1.3567981107067143e-06 8.231986126717394e-07 1.8703809093783635e-07 5.556878870575888e-07 0.0 0.0 0.0 2.162848744362105e-07 0.0 1.811407729551975e-07 0.0 0.0 0.0 0.0 1.892586453226706e-07 0.0 0.0 0.0 0.0 0.0 0.0 7.668586632834564e-07 0.0 0.0 1.0567025480789262e-06 3.551890840403801e-07 1.904423840209553e-06 6.94659033438127e-07 3.6549594461776387e-06 1.965570811479816e-06 4.384190141973283e-07 0.0 0.0 0.0 0.0 1.0833361036469145e-07 0.0 0.0 0.0 5.863048732689308e-07 0.0 0.0 7.347653987239895e-08 9.360994004307711e-07 1.0161914496818304e-07 0.0 0.0 5.03062212512851e-08 5.421931711910031e-08 1.1570320904937281e-07 0.0 8.285981475714726e-07 3.7054927765583296e-07 2.2790972323371255e-06 0.0 0.0 0.0 7.242983239134669e-08 0.0 1.7201022068939775e-07 0.0 0.0 5.440969644739297e-07 1.0034215498819164e-06 4.990596169638134e-07 3.270466550313877e-07 5.7984776109808326e-08 3.607192087121401e-07 1.015624559671825e-06 8.718164614138149e-08 3.97424852621294e-07 0.0 0.0 0.0 8.444142156134004e-08 2.853111347484638e-07 0.0 5.7736807834236355e-08 6.508482874827739e-08 0.0 6.170282968072183e-08 7.057652366751857e-08 1.6908652794968375e-07 0.0 5.588460512582441e-07 1.5072636603135327e-06 2.224564085723245e-06
0.0008774956203779432 0.00026171007520637825 2.9334082856156274e-06 0.0 2.7423815385399157e-06 0.0001244997554341041 0.0002654599002313416 8.141613626100427e-07 3.5117930700570155e-06 0.0009128368493375729 1.557545086640902e-06 0.0005248836385111593 0.000614134494657627 6.0158330950143865e-05 2.582925630308128e-07 1.5617374085693721e-07 0.0 0.0 0.0 0.0 0.0 0.0 0.0 0.0 0.0 0.0 0.0 0.0 0.0 0.0 4.684374915404773e-05 2.516795188672368e-07 2.9606698237921463e-07 0.0 0.0 0.0 5.950650198296783e-07 0.0 0.0 0.0 0.0 0.0 0.0 0.0 0.0 0.0 8.353058360060504e-06 4.967772132831607e-07 0.0 0.0 0.0 0.0 0.0 1.0798279788454575e-07 3.477369863142232e-06 1.570181070056156e-06 4.951971983987472e-06 1.9505969960691563e-05 4.254672847967259e-06 6.808710588213169e-06 0.0 1.5841917107042978e-07 0.0 0.0 1.3533350831603492e-06 1.4545587609898253e-06 2.836777631866057e-07 0.0 0.0 1.2971493477287997e-07 0.0 0.0 0.0 2.6464065044587906e-05 3.935134000715648e-06 8.526196673642449e-06 0.0 0.0 0.0 0.0 0.0 6.594756360479437e-08 5.038709762917933e-06 4.0071103191953497e-07 3.6460148463230057e-07 1.161983831922996e-06 0.0 0.0 0.0 0.0 5.3239922383512676e-08 0.0 0.0 0.0 0.0 7.642982137995633e-06 8.45491562196213e-07 0.0 0.0 0.00018498314408185756 2.2246672487876842e-07 5.242733290486046e-06 2.468275294157068e-05 2.6433175414154636e-05 8.096753707448938e-07 1.6910974042443462e-05 4.8334714125736925e-06 8.18868732693392e-06 1.8911326706800894e-05 1.4470818421646884e-05 1.6270912598625886e-07 1.5623172999714397e-05 1.6604661112191317e-05 7.219320215392988e-06 3.5861298034252076e-06 0.0 5.093258481315126e-07 0.0 0.0 0.0 0.0 0.0 0.0 0.0 0.0 0.0 0.0 6.574195990767103e-07 0.0 0.0 0.0 5.731566819311571e-07 0.0 0.0 2.4463666112236176e-06 1.2161938735513643e-07 0.0 0.0 0.0 9.210717253055344e-07 1.4890462586199998e-07 1.330154465841471e-06 6.522697933204663e-07 0.0 0.0 0.0 0.0 0.0 0.0 0.0 0.0 0.0 7.767791837288672e-08 0.0 0.0 0.0 0.0 0.0 0.0 0.0 0.0 6.899808166647444e-08 6.466372908361758e-08 2.2046190536841516e-07 5.884281087671695e-07 0.0 2.093477030319098e-06 0.0 0.0 0.0 0.0 0.0 0.0 0.0 0.0 6.610399054418051e-08 1.1069010660820068e-06 0.0 0.0 0.0 0.0 3.475968121857135e-06 0.0 4.4844062273849827e-07 0.0 8.256290863078252e-08 0.0 0.0 0.0 0.0 8.489245883605497e-07 0.0 0.0 0.0 0.0 0.0 0.0 1.3148646688698891e-06 8.108820554557816e-08 1.0698808550171884e-06
6.373955363348465e-05 0.0005135027289330704 0.0004294387775027799 2.7423815385399157e-06 0.0 1.2246273457997402e-06 0.0010506238030204864 0.00012557708302809802 0.0033851913211977425 5.225736390605628e-05 0.00040380419247697106 8.366073096646558e-06 0.0005806515869655481 0.001144401557878426 2.9809704845230932e-06 5.787921255407801e-07 3.9235415742556056e-07 0.0 0.0 0.0 0.0 0.0 0.0 0.0 0.0 0.0 0.0 0.0 0.0 0.0 0.00016637341492946325 1.2605548540857768e-05 5.399249677203275e-06 0.0 0.0 0.0 4.812031360840912e-07 1.7302290534682688e-07 0.0 0.0 0.0 7.01751695190446e-08 0.0 6.024550683777124e-08 5.4350173400866143e-08 0.0 2.05781353229127e-05 1.3583270152100532e-06 3.437119373196892e-07 5.925008344503394e-08 7.272423047070493e-08 0.0 0.0 0.0 4.648166596276956e-06 3.476942129288716e-06 2.1155447791142595e-06 4.425066922666221e-05 6.0076341875053605e-06 1.3826230224251424e-05 3.276724865255967e-07 1.0739219279097695e-06 0.0 1.4418153027632858e-05 3.517368125415281e-06 2.200414377125646e-06 6.775906313743321e-07 5.570309105362984e-08 1.1472503740312228e-07 1.9854308316713253e-07 2.673231027580137e-07 7.395854653058648e-08 0.0 3.904165048417719e-05 2.7101264754420942e-05 3.215634377393477e-05 2.00960825252266e-06 0.0 1.307138608650419e-07 2.7179640828368415e-06 3.4327456152455083e-07 3.527223555616085e-07 8.262245085649229e-06 5.403067486321253e-07 1.1751466194280727e-06 2.6756497414739973e-06 3.081130940785914e-07 0.0 3.18715941323741e-07 0.0 5.681322309342134e-08 0.0 3.561448974231837e-07 8.067225047069832e-08 4.3609721466635335e-07 1.399086391224383e-05 5.05817152237758e-07 0.0 0.0 2.5137923196965296e-05 0.0 1.0865089020876928e-07 2.0713151179222847e-06 6.811680153941676e-07 1.5924544168375176e-07 2.9192530301204534e-06 4.755512021843781e-07 1.7785069309656457e-06 1.9389712168671192e-06 2.1647323876051356e-06 1.3898023341081195e-06 5.686100500581295e-06 1.8306164380146012e-06 3.886012510435515e-06 4.1078420438424564e-06 2.692325593728905e-07 0.0 0.0 0.0 0.0 0.0 0.0 0.0 0.0 0.0 0.0 0.0 0.0 0.0 0.0 0.0 0.0 0.0 0.0 2.0468790779240297e-07 9.399780784694573e-07 0.0 0.0 0.0 1.8831168006319613e-06 8.700272102093557e-07 4.398469890830209e-06 7.517339548177729e-07 0.0 8.024450233987513e-08 0.0 0.0 0.0 0.0 7.700379626582216e-08 0.0 0.0 0.0 0.0 0.0 0.0 0.0 9.196251675523913e-08 0.0 0.0 0.0 0.0 0.0 8.953191938248906e-08 0.0 0.0 5.026911424370927e-06 2.834648504598949e-07 0.0 0.0 0.0 0.0 0.0 0.0 0.0 0.0 3.5001662114905366e-06 0.0 0.0 6.921227935085455e-08 0.0 2.8251361247821473e-06 0.0 3.4503893690035164e-07 8.252033370000431e-08 0.0 0.0 0.0 1.3633659291194313e-07 0.0 0.0 0.0 0.0 0.0 0.0 0.0 2.1682963937879023e-07 3.021944505577436e-06 1.18612157137786e-06 1.161231950840525e-06
8.763715451672998e-05 3.141713553412781e-05 4.14234507042402e-07 0.0001244997554341041 1.2246273457997402e-06 0.0 3.8270472078755486e-05 5.86652173531447e-07 6.137884330943042e-07 0.0003040723559793514 2.269615577285929e-06 0.00010378002279688084 7.155593096237762e-05 3.7374043880798096e-05 1.522857402124046e-06 1.869823014072044e-06 3.425282961830053e-07 0.0 0.0 0.0 0.0 1.572754207307258e-06 0.0 0.0 0.0 0.0 0.0 3.4075820036602456e-07 1.0049674872130285e-07 0.0 2.166009112027208e-06 7.178165215189571e-07 3.630838871853596e-05 0.0 0.0 3.7061499134286465e-07 2.765324420129462e-05 6.699011215378118e-06 7.255773850548566e-07 5.372628457228913e-07 0.0 8.23016434228839e-08 0.0 5.682143920794129e-07 0.0 5.577560169082219e-07 1.1560524720803237e-06 0.0 0.0 3.997315324836928e-08 2.6049864498500793e-07 2.166547461699646e-06 6.686190616859495e-07 7.002255462074427e-08 0.0 1.6991712934626182e-07 2.236769114324425e-05 2.9941750617070393e-06 9.753559613415523e-07 1.2154914300254466e-07 1.854576758129044e-06 2.49713669886217e-05 1.0667011368414045e-07 2.2276684815840914e-07 1.0589398973364093e-07 9.307302476412647e-08 5.998529101196927e-07 0.0 0.0 1.2153855875863108e-07 8.828338041647051e-05 0.00017692096661978186 1.3571237356369898e-05 8.367501617401306e-07 3.434882499849657e-07 1.346978169133097e-06 6.399036843294962e-08 0.0 8.939986380689846e-08 2.4706446918514885e-06 7.973746280264743e-07 6.260923396640519e-06 1.8744962004741066e-07 1.6756021239809342e-07 9.984685520495938e-08 8.44876310186815e-07 0.0 1.3198306685701846e-06 4.049442759424922e-06 1.2475523079407229e-05 3.2024820147023805e-06 2.318746400166024e-06 1.8820358085766493e-07 1.0893174388247199e-07 1.0565210359103732e-07 0.0002613825782641067 0.0001245959629179794 2.501112733384362e-05 1.352044161383761e-05 9.484613759032835e-05 5.565028405252155e-08 0.0 0.0 6.489189283013296e-07 2.813099003027353e-07 1.4477331753095322e-06 3.0804033216078817e-07 5.600095471141338e-07 3.388194543308503e-06 1.8689823328964148e-06 0.0 1.520265057135338e-06 1.026360176357937e-06 6.779624600510252e-07 4.3886187247852265e-07 0.0 8.641335567356258e-08 0.0 0.0 0.0 0.0 0.0 0.0 0.0 0.0 0.0 0.0 3.297386699033158e-07 0.0 1.0303523589907504e-06 0.0 9.997991780663457e-07 6.923642798865408e-07 9.22230680977659e-08 1.4523049214422522e-06 9.404735581467633e-08 4.994592197625751e-07 1.235887991430451e-07 1.0570342575217211e-07 9.77296042780882e-07 5.168874052146891e-07 1.4091719049936426e-06 3.595641483653945e-06 7.31830755289471e-07 0.0 0.0 0.0 0.0 0.0 0.0 0.0 0.0 2.1732475736430777e-07 0.0 0.0 0.0 4.81708234859328e-06 0.0 0.0 0.0 0.0 4.8601862916848437e-08 0.0 0.0 3.8543983352044157e-07 4.0927003977310496e-07 5.319223427303093e-07 0.0 0.0 0.0 0.0 0.0 0.0 0.0 0.0 8.378143874774082e-08 6.717944966695014e-07 6.700800490378094e-06 0.0 1.0329937465305053e-07 1.5784208706291437e-07 8.366868466407488e-07 0.0 0.0 0.0 0.0 0.0 0.0 0.0 0.0 0.0 0.0 0.0 0.0 0.0 0.0 0.0 2.2692655119848726e-07 2.8426541430526568e-06 2.034670490466015e-06
0.0006860275214816126 0.0023927188093339304 0.0003374450950463318 0.0002654599002313416 0.0010506238030204864 3.8270472078755486e-05 0.0 7.368885318063426e-05 0.001002570354611545 0.00125076676291734 0.00035494063055051484 0.00031988012875812583 0.0025756849893850144 0.0022321789726234918 1.3872727835729825e-05 3.1574913301920723e-06 5.814300484539305e-07 0.0 0.0 0.0 0.0 0.0 0.0 1.2868176693838078e-07 0.0 9.870372830768019e-08 0.0 2.7917275870705263e-07 0.0 0.0 0.00016254531121130737 1.2218654687311496e-05 1.4207530847427064e-05 7.276668642392111e-08 0.0 2.616495815694554e-07 2.454064768825252e-06 1.4657104279328666e-07 1.518658679202742e-07 7.273049344956741e-08 1.645216682382509e-07 0.0 1.71523354987579e-07 5.208706978440714e-07 6.140344406196547e-08 1.9228706687154005e-07 7.762134662665312e-05 3.526998402477798e-06 1.0073343792399931e-07 2.0785789836271868e-07 1.8187583536950713e-07 0.0 0.0 2.0650862142335153e-07 1.685696739057775e-05 1.1181632800749397e-05 9.38465173592743e-06 9.834236759574939e-05 1.8392248591533012e-05 4.8445593256281036e-05 1.2156293583334964e-06 2.9641107119937777e-06 2.5656559895960023e-07 4.4929574874197165e-05 9.67278174894261e-06 1.0790023633225914e-05 1.6463374367390331e-06 2.920713018060792e-07 1.1209551430584755e-07 2.478901644229811e-07 2.3730882594148594e-06 2.406250470741263e-06 0.0 0.00011535784765472487 7.539992536654323e-05 0.00010138522742393847 7.809162329652346e-06 4.3990910346084765e-07 7.945724208957446e-07 5.06427822183289e-06 7.919187643897984e-07 3.695060852478718e-06 3.269164096280161e-05 2.287050906150864e-06 4.427831592376147e-06 6.758963397314139e-06 5.450196259488638e-07 5.319275015973966e-08 1.0011864992709312e-06 0.0 2.2061264042123627e-07 5.5086863428223715e-08 6.418292647835725e-08 2.983399725551637e-07 4.5850454445981e-08 0.00011212384813168094 1.7843964440202191e-06 0.0 1.5671155750989736e-07 0.00011334782434659771 3.490106582479661e-06 1.046510755460834e-05 4.438221092864439e-05 3.073185896176791e-05 9.99064537308516e-06 5.8330366626686007e-05 1.1136295184807012e-05 3.9597087342856316e-05 6.0246535532049416e-05 3.579036925133726e-05 1.1319547238395018e-05 8.108504087092531e-05 3.592583058819406e-05 3.9359475288320826e-05 3.529184036948192e-05 1.333755554950755e-06 1.3254818838454228e-06 0.0 0.0 0.0 0.0 0.0 0.0 0.0 0.0 6.770329645049315e-08 0.0 0.0 0.0 0.0 0.0 0.0 9.129565989401914e-07 0.0 1.3934725801150793e-05 6.229717504811103e-06 0.0 4.022286735309469e-06 0.0 1.959854185672374e-05 9.15515757279582e-06 4.375132231219994e-05 7.89982857635163e-06 6.686250771914834e-07 0.0 3.018608279557525e-07 0.0 2.780472309707412e-07 5.410410400718334e-07 7.450609649993696e-07 0.0 9.93869279268135e-07 2.2361228700878625e-06 0.0 0.0 1.5467103997184823e-07 8.117013159111519e-07 1.2353705818089217e-07 4.371429417722949e-07 6.543875320553421e-07 1.4204642605241716e-07 2.2140709024765215e-06 3.742329766936805e-06 1.9653539106252282e-06 3.446087035662139e-06 7.493123854624257e-07 4.925695016546398e-05 1.9639264511503347e-06 0.0 6.649623577050944e-08 0.0 0.0 0.0 8.051593299066916e-08 0.0 4.868875936901466e-07 2.8716290766233086e-05 1.4206225768272424e-06 0.0 0.0 1.759250679069253e-07 3.288805880212926e-05 7.897422174255883e-08 8.221440897925956e-06 1.5850776604627073e-06 2.2739495967316127e-06 7.667593693693322e-07 9.943397641392207e-07 1.245046427277676e-06 5.790519439815251e-08 1.4485629057903562e-07 0.0 0.0 0.0 0.0 0.0 0.0 3.337443774294644e-05 9.928351772218194e-06 1.1507504987814125e-05
8.078916438114107e-05 0.0006219217119947736 0.00207746192109206 8.141613626100427e-07 0.00012557708302809802 5.86652173531447e-07 7.368885318063426e-05 0.0 0.00032306167679453483 2.8959222345637437e-07 0.0015742190654275275 1.0237418566638086e-05 0.00011096913111610638 0.0013988606886048826 1.822165230019016e-05 6.30085412724939e-06 3.942092536682798e-06 1.095111546151894e-06 7.504098440123154e-07 2.7803312237348672e-05 3.145992134073685e-05 0.0 2.668526373992483e-06 4.3475041008072405e-06 2.755896123659352e-06 1.0279950898689986e-06 3.974894621965505e-07 3.106462072778442e-07 0.0 0.0 0.001708685657615753 0.0017358823829747832 6.925758150910395e-05 4.581041411800114e-06 6.673687664635844e-06 7.204734927397801e-06 8.434054962401566e-06 1.0933543241830297e-05 1.4551313809592156e-06 1.2718284287701927e-06 4.182978377813678e-06 3.772480299236861e-06 2.0151226773912522e-05 1.2541662591892309e-05 3.139732582240861e-06 6.494629346429739e-05 4.700272331737197e-05 1.6770053786606192e-06 2.1483255531360645e-06 7.651375286368706e-06 5.844915900246829e-06 5.512381690715357e-07 0.0 1.2111855321163126e-06 7.546503792182257e-06 6.074165445511013e-06 7.402446295538379e-06 0.0002196686269855563 1.1210957783440157e-05 3.213128546938962e-05 0.0004557101297454658 0.00032073764022840315 9.322781043184062e-06 0.0004763516068425301 4.872263565987254e-06 6.539084196453273e-06 1.605520987188223e-06 9.247088603329051e-06 2.4415821189327735e-05 7.225888334580988e-05 5.785019882858714e-06 2.6513159698289163e-06 2.936666624164366e-07 9.98404668475421e-05 0.00010601750786487129 9.469349163888428e-05 0.00020475734015168882 0.00010928664512171712 0.0008880854827118021 0.0012660737739647323 0.0005327077269233762 0.0018202861059197595 1.6931969460749824e-05 8.354631433793954e-07 2.3951018401056035e-06 4.207657527043874e-06 5.906203736191372e-06 1.2115453726138613e-07 7.556939421223144e-07 1.0355277782365365e-07 4.048606723133312e-06 7.423222823685312e-07 3.421900192739716e-05 1.8890329798895452e-05 8.796883210209253e-06 7.895734015906287e-06 2.370062436335943e-06 0.0 2.1669805971344757e-07 5.340872439803885e-05 0.0 0.0 0.0 0.0 0.0 8.439451584730583e-08 0.0 2.1748824205267044e-07 0.0 1.6949320753383188e-07 5.058300969965011e-07 8.762040683534132e-07 6.80505343687668e-07 8.983738237511123e-07 1.2282364206829842e-06 8.78120178193556e-08 1.2835053816493664e-07 0.0 0.0 0.0 0.0 0.0 0.0 0.0 0.0 1.1096260520159102e-07 0.0 8.801826780259562e-08 8.299423560666995e-08 2.975422089656916e-07 1.5691339580513928e-07 1.6929182135332546e-07 1.4774622224576273e-07 0.0 2.556526841265434e-07 1.024534836879379e-06 1.4165237236714617e-07 3.3857021442309594e-06 6.54857650475537e-07 2.018995862949767e-06 2.6098008911728247e-06 5.241798388599536e-06 4.8623949007224555e-06 2.210939484431799e-06 0.0 0.0 0.0 0.0 6.866073839816507e-07 7.344760405341563e-07 0.0 0.0 3.4798201346446307e-07 0.0 0.0 3.79395897108626e-07 3.651793448494303e-06 7.543084246175691e-07 0.0 0.0 4.7653397588272595e-08 0.0 7.194667878946165e-08 0.0 2.3055770831723454e-06 7.072433996278925e-07 4.438027636300484e-06 4.0598879090503237e-07 0.0 6.900534881596004e-08 0.0 0.0 0.0 0.0 6.386966807587424e-08 2.2634303764352257e-07 2.2589979387502745e-06 7.641805545089725e-07 2.7254119211662793e-07 2.781939588592749e-07 9.332428062769104e-07 1.589512920295429e-06 4.1549545979885925e-07 2.459635607618721e-07 0.0 3.7902817553737197e-07 6.666515535390326e-08 5.12827757545132e-07 6.64223093003296e-07 0.0 0.0 0.0 0.0 0.0 1.3148888070376633e-07 7.587836085609882e-07 7.465339452894767e-08 5.78587274733669e-07 1.842890125235427e-06 5.343805957234757e-06
1.4309242166692066e-05 0.0007782098069218348 0.0005034998496778975 3.5117930700570155e-06 0.0033851913211977425 6.137884330943042e-07 0.001002570354611545 0.00032306167679453483 0.0 3.2090057571633976e-05 0.0005042183760956969 5.196203988144239e-06 0.0010609200891767442 0.000860103371869988 8.176899229975454e-07 5.987413598673624e-07 1.7110655279245783e-07 0.0 0.0 0.0 0.0 0.0 0.0 0.0 0.0 0.0 0.0 0.0 0.0 0.0 2.8860233713659843e-05 3.291040421599946e-06 8.690549922003067e-07 0.0 0.0 0.0 3.493174747293334e-07 0.0 0.0 0.0 0.0 0.0 0.0 0.0 0.0 7.585074188077151e-08 4.901427398329417e-06 6.948316746396596e-08 0.0 0.0 0.0 0.0 0.0 1.0095074806140078e-07 9.76494386245582e-07 7.319075529261767e-07 5.960094875121717e-07 7.193019668502772e-06 1.6192236401398778e-06 2.7521978441592387e-06 6.613294016456099e-08 3.970549751766169e-07 0.0 6.095711334923827e-06 4.928412499279333e-07 4.454211578204945e-07 1.9544034823305167e-07 0.0 0.0 7.223259138909964e-08 4.868309080205178e-07 3.528054780455088e-07 0.0 5.684080023623786e-06 6.380103705902288e-06 9.507637252203809e-06 9.666001741186752e-07 1.8106679746626206e-07 6.387078170585436e-08 1.1578841587738588e-05 1.7476150542360074e-07 3.0361336744368776e-07 2.0298454315856388e-06 5.7687522568962605e-08 2.1907619749957034e-07 4.311943730150584e-07 0.0 5.467760441053195e-08 0.0 0.0 0.0 0.0 0.0 0.0 5.022366510057984e-08 5.68816594629813e-06 7.632392040386027e-08 0.0 0.0 4.313752964826353e-06 0.0 0.0 0.0 3.070131655545152e-07 0.0 7.241064178650985e-07 8.407003643299754e-07 1.3893303072878308e-06 2.6321239087067614e-06 7.052911872363431e-07 4.438569027039406e-07 4.17286793110653e-06 1.3800252530114292e-06 2.9105844344140964e-06 1.8507313842895066e-06 0.0 0.0 0.0 0.0 0.0 0.0 0.0 0.0 0.0 0.0 0.0 0.0 0.0 0.0 0.0 0.0 0.0 0.0 0.0 6.171965310798552e-07 6.482554237518959e-07 0.0 2.311017308398275e-07 0.0 5.300951900337063e-07 1.6737702502546717e-07 2.957236968955498e-06 1.0293566500518641e-07 0.0 0.0 0.0 0.0 0.0 1.3285339153016914e-07 0.0 0.0 0.0 1.0783035431393462e-07 0.0 0.0 0.0 0.0 2.0135526537665832e-07 0.0 0.0 0.0 0.0 7.726776464392888e-08 0.0 0.0 0.0 2.7360977623995625e-06 2.7164351592970925e-07 0.0 0.0 0.0 0.0 0.0 0.0 0.0 0.0 2.079112383833047e-06 0.0 0.0 0.0 0.0 1.9585371245254187e-06 0.0 7.355613586136217e-07 3.3033160648118906e-07 1.2651653236076387e-07 6.88991970351633e-08 7.860160781395632e-08 3.275497207180454e-07 0.0 0.0 0.0 0.0 0.0 0.0 0.0 0.0 3.1517070551706197e-06 6.046976716843325e-07 3.964132673165376e-07
0.0009018738047335753 0.0013165188046766506 5.9465229047445875e-06 0.0009128368493375729 5.225736390605628e-05 0.0003040723559793514 0.00125076676291734 2.8959222345637437e-07 3.2090057571633976e-05 0.0 1.4602807241306979e-05 0.002485782983285835 0.0033438631651482083 0.00039723488813444625 2.920538030621738e-06 7.989324060045538e-07 1.4804079165281023e-07 0.0 5.575516515295636e-08 0.0 0.0 0.0 0.0 0.0 0.0 0.0 0.0 0.0 0.0 6.679088132319659e-08 2.3458649853740943e-05 5.140116889870671e-07 8.355322607289294e-05 0.0 0.0 4.208923771922288e-07 2.0690933057066655e-05 1.5633969076038405e-06 2.403932597469834e-07 1.5460030543170108e-07 0.0 2.821122278714849e-07 0.0 1.1832784930750399e-07 0.0 8.397624784862106e-08 1.5862666484510273e-05 6.384255118585847e-07 0.0 0.0 1.3203551121451785e-07 8.59715110811963e-08 3.3122431892422207e-07 1.5359585402156093e-07 3.370762393524024e-06 3.3499878879956405e-06 1.3295221381723782e-05 1.662297992559958e-05 7.0842023857940285e-06 7.684347738001959e-06 0.0 2.5251683630923335e-06 0.0 4.266332339699436e-06 1.4505279582403938e-06 1.3562224115980208e-06 1.68454609563404e-07 4.958220471382942e-08 0.0 6.963431655870274e-08 2.0318292596467777e-05 3.243028811127173e-06 1.938926881068424e-07 2.5542524500097153e-05 8.397140746067161e-06 1.623120243813962e-05 2.094823884875303e-06 1.7109650156802194e-07 7.861903088813234e-08 6.427379392563205e-06 5.612969081302477e-07 1.454561678319645e-06 6.319906956069415e-06 6.860972557869143e-07 7.15252141016417e-07 1.4214634864397898e-06 1.7740537245574753e-07 0.0 1.21793608578692e-07 3.1799901108987673e-07 3.1115608799925195e-07 0.0 0.0 2.0148804909492823e-07 0.0 0.00017518257063711768 1.1490231987175652e-05 1.634307391769626e-07 8.204229042236137e-07 0.00026061387130819344 3.372686907939145e-06 2.7105769854082547e-05 5.666142809805518e-05 8.200097362219184e-05 1.1481024037626237e-05 0.00012715591693171317 3.99463601914817e-05 7.213087163670502e-05 0.00012050101514832106 0.00015983129877782755 2.1145151610942996e-05 0.0002527495189663257 0.00012013402322362276 0.00011385612400373897 5.8348099770665875e-05 3.498258277788453e-07 2.0530865656516423e-07 0.0 0.0 0.0 0.0 1.1176937777205607e-07 0.0 0.0 0.0 2.043318079494029e-07 0.0 8.641305394646543e-07 0.0 0.0 0.0 2.1550204015121548e-07 8.122731411104281e-08 0.0 1.4614732752590432e-05 6.865062720903795e-06 1.399078852806056e-07 3.1082038471765693e-06 2.1377433366001623e-07 2.3721820906095665e-05 4.779767044620141e-06 3.930229277791143e-05 2.7066283242917028e-06 1.0131814125458374e-07 3.653600665310621e-07 2.13430478987695e-07 0.0 0.0 7.281325186212803e-07 1.3120072656686065e-07 0.0 5.04313766041912e-07 1.4345500331231515e-06 0.0 0.0 8.042795955361194e-07 1.6790124301900351e-06 7.562516994146625e-08 1.259963291460789e-07 0.0 6.631388599991959e-08 1.0713271081877723e-06 1.809398507871828e-06 1.7921713231129197e-06 8.256477229531329e-07 8.286747215303613e-07 4.0765962754933684e-05 1.7675436578533428e-06 0.0 0.0 0.0 7.32627276753196e-08 0.0 0.0 0.0 0.0 5.099089788166828e-05 1.5628942845137133e-06 0.0 5.651531803144622e-07 4.93111048206577e-07 4.006741185598391e-05 1.9437892608304416e-06 4.7855208613857265e-06 6.663317085387189e-07 1.4814837497163272e-06 6.930655764687612e-07 7.600531610156251e-07 5.613810776166934e-07 0.0 0.0 0.0 1.4544401593969432e-07 6.905491010917754e-08 8.477832794404175e-08 3.7777738346470765e-07 0.0 9.286055747037134e-05 7.808235032811597e-06 7.889231225869845e-06
0.0001242615458266613 0.0008073303829154088 0.00164020656798666 1.557545086640902e-06 0.00040380419247697106 2.269615577285929e-06 0.00035494063055051484 0.0015742190654275275 0.0005042183760956969 1.4602807241306979e-05 0.0 5.156015660643661e-05 0.0014109752503752757 0.002687193621885877 8.667218098480221e-06 3.1418876180618653e-06 1.1896325088088821e-06 0.0 0.0 5.967743085942833e-07 2.2889908067443e-06 0.0 1.0249244979130615e-07 1.1632205894024497e-07 1.607449872838971e-07 1.2349890826359903e-06 0.0 3.483358622519905e-07 0.0 0.0 0.00038659981607362643 4.216894954474047e-05 0.00012915650019362213 1.048421709765261e-07 7.293455519748752e-07 2.343205022105542e-06 2.0138441573598138e-05 5.834564985609617e-06 5.863491995494214e-07 7.510861410292127e-07 7.231224353547209e-07 1.3378748865245032e-06 2.49758787938587e-07 2.5796613619177004e-07 9.169513134155234e-08 8.739555732779239e-07 2.0528336755122862e-05 6.561125163399233e-07 2.053754220138438e-07 1.5274917161770592e-07 5.639678354190907e-07 2.0792177979529596e-07 4.905245569139184e-07 1.0202824408003149e-06 3.7152674400309606e-06 2.2150531193598794e-06 2.9207686234141583e-06 4.0157160095610477e-05 3.2928669413359185e-06 1.1309718435372587e-05 9.135765648405951e-06 1.89333953074754e-05 5.139802027650653e-07 2.3826766839783542e-05 1.7188431101874876e-06 2.034680948593713e-06 4.895386326897294e-07 6.413862922839187e-07 8.48039985428141e-07 2.368102247688639e-06 1.0285145996824524e-05 2.3542044643966866e-06 0.0 2.9957726667101266e-05 2.5563491230533768e-05 3.491976607075037e-05 8.992600728570688e-06 1.3097714869149422e-06 2.2710561909200753e-05 0.0005501239407675402 2.385369784877468e-06 4.171710955221037e-05 5.800802170791245e-06 4.543951023010138e-07 4.277777419587623e-07 1.556977425656295e-06 2.3372827949805277e-07 6.94702655371451e-08 1.5226445703020775e-07 2.852931548592977e-07 6.595292520964735e-07 4.1712810797714054e-07 2.990640033699268e-06 3.226424630955601e-06 2.8987498886154283e-06 2.9549914383249433e-05 5.876297479103364e-06 2.1624674450714784e-07 4.3758494341504304e-07 3.121324634650448e-05 0.0 1.882801072255292e-07 8.39071932716491e-08 0.0 2.911157263783995e-07 8.627967296083442e-07 2.744458182424884e-07 5.89728676292663e-07 5.573650851941771e-07 5.390008128390355e-07 3.69059331165388e-07 2.1099267871334274e-06 9.44960192490747e-07 1.9553349005540118e-06 3.2914020515200273e-06 3.924063362251416e-07 0.0 0.0 0.0 0.0 0.0 0.0 0.0 0.0 0.0 8.99348059619613e-08 0.0 2.056842401737137e-07 0.0 0.0 8.59760988559862e-08 0.0 3.516682429170987e-07 0.0 7.119380210275209e-07 5.307623638511515e-07 0.0 4.935531545495796e-07 0.0 2.91224795489016e-06 9.997553181778984e-07 6.7862210782381034e-06 1.6690232930050806e-06 1.5205038784159454e-07 6.384430205966054e-08 0.0 0.0 1.7182057045560493e-07 3.7697188157460456e-07 2.0560449665257363e-07 0.0 0.0 1.9269053882061723e-07 0.0 0.0 7.59468614735422e-08 5.37969063217075e-07 4.234138353495102e-07 0.0 0.0 0.0 0.0 5.956447451390696e-08 0.0 3.4284879793946145e-07 2.5211345383128277e-07 5.5372972245656905e-06 5.08383136557834e-07 0.0 0.0 0.0 0.0 0.0 0.0 6.127774188818452e-08 8.7419468010468e-08 2.34357265325385e-06 8.729858680749837e-08 2.3019731576379842e-07 6.428333402246169e-08 2.8119801380345124e-07 1.8107815791978996e-06 3.9202673593409974e-07 2.5514742925274536e-07 1.4050027456169384e-07 3.228334358839319e-07 6.938672901132915e-08 0.0 2.538626905020975e-07 0.0 0.0 0.0 0.0 0.0 7.360820520158623e-08 7.82870025854717e-08 0.0 2.450463822489042e-06 2.5533471135714464e-06 2.858109537754102e-06
0.00017028726971707352 0.00028565019315923376 4.267161772260446e-05 0.0005248836385111593 8.366073096646558e-06 0.00010378002279688084 0.00031988012875812583 1.0237418566638086e-05 5.196203988144239e-06 0.002485782983285835 5.156015660643661e-05 0.0 0.0010950175127307313 0.0003304119341916767 1.975201217989921e-05 1.3615527282076567e-05 4.597500525009918e-06 1.3846047564811903e-07 8.592747558186731e-07 1.303344718781501e-06 3.498587855153337e-06 1.1602471021734966e-06 5.931538213832942e-07 2.2381303880093215e-06 4.556446903207509e-06 7.664050756057226e-06 2.2700946237823744e-06 1.4142050775217899e-05 1.973012077488731e-06 0.0 1.0522472305328967e-05 2.4473007278582185e-06 0.0002718441127226465 2.5693954543689696e-07 1.301416930103875e-06 5.6847377553819126e-06 0.00046913591588537397 4.805417231601971e-05 1.0309892734828123e-05 2.77231598855101e-06 4.142972315371665e-06 7.588131073817941e-06 5.414259086893197e-08 1.7229451804965433e-06 1.1178833803633284e-06 1.8379372225851542e-06 2.439434395472728e-05 3.0240475529629583e-07 6.04980828763635e-07 4.3548574614342636e-07 5.071597045653221e-07 2.8135451688847706e-06 3.7672358730051276e-06 8.172587473611162e-06 2.029750720687202e-06 9.422156752002691e-07 1.9212909084429696e-06 9.668938807004432e-06 1.5253587578324558e-06 6.232555457560554e-06 1.215410999765819e-05 2.8024000142975616e-05 9.119459844923409e-07 1.683511599534039e-05 1.2172257373917841e-06 6.129699126793695e-07 2.3468358365689116e-07 1.9097970334770646e-07 8.1387649701295e-07 1.2286633978392058e-06 0.0002347306701692285 3.235367923960693e-05 5.684321876452672e-07 9.34236581116549e-06 1.6642493911449833e-05 2.8693125806361366e-05 1.5429745728034497e-05 5.118432034665467e-06 7.068547475239351e-07 0.00010064283532553658 9.37914726757713e-07 5.370345449142245e-06 3.642528442065263e-06 1.8418322433817538e-07 4.925592588287381e-07 9.493374769370678e-07 1.519007997324709e-07 8.375875686532538e-08 2.4530852265574877e-07 3.6130620117101704e-07 5.854065165303577e-07 6.66901035209193e-07 3.171895067945887e-06 6.408892749406016e-06 6.781333208723204e-06 0.00086732195615681 0.0002488938076375792 2.149794002760612e-06 2.4857986378632526e-05 4.298055128595045e-05 3.0094709788844097e-06 7.243246717325215e-06 1.950149789871937e-05 1.1839161371375121e-05 6.980127348823421e-06 6.400511532578772e-05 1.3494101899533987e-05 3.684899635190413e-05 4.10862986566685e-05 4.783164911963092e-05 1.763774845123118e-05 0.00015013149459277604 6.104133114533323e-05 7.71624521451317e-05 6.109611626738697e-05 2.114789495273516e-06 3.0212647724885486e-06 0.0 0.0 0.0 0.0 3.3304434248531123e-07 3.873597458834649e-07 0.0 0.0 9.66065222445408e-07 0.0 1.1733230788902519e-06 0.0 7.195878547025828e-07 3.533085580094739e-07 3.0162144510105285e-07 2.6724166499639106e-07 1.7511700086058592e-07 1.6762278426844144e-05 7.690352921042289e-06 0.0 4.132132436268441e-06 2.542703171476389e-07 4.21695821341602e-05 6.62955226222757e-06 7.013844110283007e-05 7.618505360080162e-06 3.2933713824031934e-06 3.4450602212294495e-07 1.6122818371770443e-07 5.8218595573709874e-08 3.416268269914107e-07 1.8183043686322813e-06 1.7841669791350858e-06 0.0 6.429914233316656e-07 3.734350998375694e-06 0.0 0.0 1.0481582315747093e-06 5.588013366349912e-06 1.0958374853667512e-06 1.5823557917409277e-07 0.0 1.1575278937900024e-07 8.462111384910558e-07 1.5559838392771148e-06 2.0210613752940363e-07 2.784506001232048e-06 1.2993596462477916e-06 6.189202779502008e-05 1.912410242371041e-06 0.0 6.426072352658339e-08 0.0 0.0 0.0 0.0 7.273618533613243e-08 1.9256072954139675e-07 5.7677168013612e-05 2.456451249318021e-06 2.9768051800193973e-07 3.4221893072635017e-07 3.1236576618559914e-07 4.1712170969699454e-05 1.0122037596417575e-06 8.192540615160882e-06 1.1178320819977063e-06 1.314921140379906e-06 1.6366660933812242e-06 1.2270250482561543e-06 2.0173575181258185e-06 5.941712318294851e-08 0.0 0.0 9.199740097641103e-08 1.4785262625899087e-07 6.332160031617403e-08 2.1293375242553947e-07 7.53054677142265e-08 7.965359492432135e-05 2.3431237685211858e-05 2.176735995284361e-05
