0.0 0.0022979565628637884 0.0007124574869429342 0.0013491568092036427 5.65389433276684e-05 4.1550775493304196e-05 0.00028430825617768376 5.385016164721279e-05 3.56323339151706e-06 0.0005462465025208158 0.0001419469898304881 3.169967726997526e-05 8.317960185127339e-05 9.657991435503784e-05 4.593321190810705e-06 1.4038676845793988e-06 7.051025613371564e-08 0.0 0.0 0.0 0.0 0.0 0.0 0.0 0.0 6.739129766699312e-07 0.0 0.0 0.0 0.0 0.00046669807516719976 2.052070128932238e-06 2.8452090960917975e-05 0.0 0.0 2.3871865916314804e-07 9.362132401172785e-06 2.7314907039487527e-07 2.648483783002255e-07 0.0 2.0204311768602687e-07 7.997968402523453e-08 0.0 2.9513417485656696e-07 8.207242629499625e-08 9.753834913018231e-08 2.956551258335049e-05 1.1716507164322143e-06 0.0 1.0465771858234606e-07 3.333043952269495e-07 1.6770999281900876e-07 0.0 7.899229471484757e-08 1.0834914406176834e-05 1.5931335405172667e-05 0.0002107227900545228 0.0005229814781842956 5.383056185570232e-05 2.1106916138478137e-05 0.0 3.1629911818902834e-07 0.0 1.412401833526414e-05 4.084345145942246e-06 1.7807563247882011e-06 2.946301080424392e-07 5.051495355158739e-07 2.832562403917035e-07 4.8595600881183e-07 8.289850025093707e-06 1.6962209090805373e-06 0.0 0.00014209189030881786 3.9978608946443965e-05 3.421412426511481e-05 2.0454972276180485e-06 1.4897899582291359e-06 5.368102425659909e-07 2.5565972374555302e-05 2.503058998870627e-07 1.9688604313762004e-06 2.3215224505040583e-05 4.1191938880265795e-07 2.2715421553188278e-06 2.6775817649707475e-06 5.013244338686771e-07 1.1798231526436072e-07 4.726438030310925e-07 0.0 0.0 0.0 5.851003074381284e-07 0.0 2.76720527250635e-07 2.713805912566136e-05 3.701719446252098e-06 3.0300275811766447e-07 2.3462487090257655e-06 0.000781540760353947 2.1062896551581128e-07 0.0 3.6097476076811876e-06 6.0701634977032965e-06 6.535216370602784e-07 1.0733744868105833e-05 3.0727788461443007e-06 8.679645008478368e-06 2.189615237290564e-05 1.3348847310402347e-05 1.8773644487909175e-06 9.68950556123408e-06 2.0011495535810524e-05 7.310606404515735e-06 5.319082524842757e-06 0.0 0.0 0.0 0.0 0.0 0.0 0.0 0.0 0.0 0.0 0.0 0.0 0.0 0.0 0.0 0.0 0.0 0.0 0.0 1.9939795160164745e-07 4.941943957628544e-07 0.0 0.0 0.0 1.4977724624981057e-06 0.0 1.5393087230225506e-06 1.0554400112904085e-06 0.0 0.0 0.0 0.0 0.0 0.0 1.0828221447703082e-07 0.0 0.0 1.1886123906981006e-07 0.0 0.0 0.0 0.0 0.0 0.0 0.0 0.0 0.0 0.0 0.0 0.0 1.989270664145354e-07 3.4222706312655687e-06 0.0 0.0 0.0 0.0 0.0 0.0 0.0 0.0 0.0 2.6440628661820354e-06 2.0297672027513962e-07 0.0 0.0 0.0 4.420329822541838e-06 3.652157872776867e-07 4.600952542197038e-06 0.0 0.0 0.0 0.0 0.0 0.0 0.0 1.7460868253669118e-07 0.0 0.0 0.0 0.0 0.0 3.2159989315981224e-06 1.3765666101790152e-06 2.431911928789001e-06
0.0022979565628637884 0.0 0.0006167843074799238 0.0013131160806289569 0.001147886080101914 0.0001500425189713608 0.0013122945988503457 0.00012250495227781038 0.0009499872863201856 0.0013336876292630426 0.0006141442023748633 0.00010246186916859638 0.0009537256628272698 0.0007697717184392405 4.143551116322859e-05 1.7205534406553578e-05 1.1288213367065688e-06 3.371914616933922e-07 0.0 3.004420646694576e-07 1.1684668374805733e-07 0.0 1.5252003180427681e-07 4.717472442350614e-07 7.493399352114226e-08 3.508998772420591e-07 0.0 4.940799797377029e-07 7.56492419257012e-08 0.0 0.00117714920368154 5.806078822780289e-06 3.654500649305784e-05 0.0 0.0 9.10811581050725e-08 1.7110130798815464e-05 1.3763402686843997e-07 5.081607050012741e-07 6.621937932153133e-08 5.261280584347385e-07 3.954259235367165e-07 2.6160767549004314e-07 2.1999977204289535e-06 0.0 3.0140057281544444e-07 0.0002568611601931171 3.6468980821429667e-06 2.197469569210442e-07 1.0713490261550352e-06 7.16331873629422e-07 0.0 3.338548544417392e-07 3.587474532073584e-07 1.9075505498984566e-05 3.757064626302235e-05 8.862477986474195e-05 0.00034879466852932075 6.131677680031287e-05 8.563376429113236e-05 2.9100722611034283e-07 2.378875452609661e-06 7.166403828360024e-08 0.00014865395882986926 1.2994596599318277e-05 6.517467541516063e-06 2.2003175686250915e-07 3.0490880565175363e-06 3.397707440717298e-07 1.2756760091885754e-06 2.3450059021433094e-05 4.182902555175843e-06 1.4999481975086317e-07 0.0002918270790810037 0.0001508467297260014 0.0002520087228261305 5.3408172882377096e-05 1.582113024450917e-05 1.0530271011258482e-06 2.5245779909368095e-05 9.545651631936026e-07 2.697103539695391e-06 5.3518694209545716e-05 1.2547217060213958e-06 5.5127809506169895e-06 6.801364030038053e-06 1.0076034286541507e-06 4.413266070343597e-07 1.9972964669569884e-06 1.3115443115500334e-07 4.736509053733491e-07 0.0 8.748155229797198e-07 5.138216865144789e-07 4.742060930344439e-07 1.033710917390235e-05 7.639583265869668e-06 8.695315744712941e-08 4.159503475106735e-06 0.000641146167570385 0.0 3.004914323302264e-06 5.5573342280184494e-06 9.67105377151548e-06 1.6671430165633037e-06 2.6362339853693245e-05 3.6113611629115457e-06 1.9312748619922587e-05 2.7419325932858244e-05 2.3036873785787474e-05 2.5410417469156938e-06 2.3727097721040114e-05 3.560730691405717e-05 2.2955600435979453e-05 9.194365259640151e-06 8.446113733359138e-08 0.0 0.0 0.0 0.0 0.0 0.0 0.0 0.0 0.0 0.0 0.0 3.557087329164968e-07 1.146860261388359e-06 0.0 2.0332275797922106e-07 0.0 0.0 0.0 0.0 7.836023705796443e-07 0.0 1.191645918463958e-07 0.0 9.093623973393063e-06 2.2481487163841347e-07 6.584405897341039e-06 4.2496459360698604e-06 4.507397782746369e-07 0.0 0.0 0.0 0.0 4.5916916970552334e-07 5.736063207506671e-07 0.0 0.0 0.0 0.0 0.0 0.0 1.2869504608690146e-07 3.3682501999582187e-07 0.0 0.0 1.3032480797673287e-07 1.9829622876898894e-07 8.068403792450073e-07 0.0 3.851883319560335e-07 0.0 1.500369542810213e-05 0.0 1.5449538794521022e-07 0.0 0.0 8.519490247826116e-08 0.0 1.127245098560082e-07 0.0 0.0 7.77846352452137e-06 8.098768100809518e-07 0.0 0.0 9.2823773621767e-08 1.3780706717122943e-05 3.0337824934987544e-07 7.93342760617094e-06 0.0 4.649264991131783e-07 5.286783771457961e-07 0.0 8.173142126658962e-08 8.054564862501817e-08 0.0 0.0 0.0 0.0 0.0 0.0 0.0 8.257115950419475e-06 3.0650858290116614e-06 5.012909129485678e-06
0.0007124574869429342 0.0006167843074799238 0.0 0.000129802678141926 0.0006910198083899926 2.182769506687142e-05 1.6534349145255806e-05 0.0009683661710334365 0.00026363579546607633 0.00013482001579912255 0.0017429338747184735 6.680500134624345e-05 0.0003638505161522661 0.0006883480933584046 2.941136589898367e-05 1.8947714375075723e-05 8.662525439169618e-07 2.4487201786368266e-07 0.0 8.293346760122419e-08 1.018003138393866e-07 0.0 0.0 1.6042720578745433e-07 7.738137751407456e-07 9.895053958153315e-07 1.9154441995970434e-07 2.849225098058971e-07 6.769755454495182e-07 6.395750614794482e-08 0.003934312541352277 0.0001655660122027097 0.00017240019951881734 0.0 1.205702552886594e-07 9.84358603188334e-07 5.8600901705205614e-05 2.1287983280521714e-06 3.541234885493812e-06 5.737111973803285e-07 1.7306667122557984e-06 8.834754016749377e-07 1.7026448308193212e-07 2.751130849680355e-06 1.6590770193798608e-07 1.4210620685309436e-06 0.00011585871334926139 2.4771081150386246e-06 1.7131989601680865e-07 3.8276099925677845e-07 3.41818697590558e-07 2.93948928170855e-07 2.636100049162786e-07 4.587482709507794e-07 8.538544159031618e-06 1.693798854503024e-05 5.2250121703474206e-05 0.0003635391491335848 3.5592106923786096e-05 3.401546400270106e-05 6.998663149626114e-07 4.162059821684457e-06 9.285914673153035e-08 0.00020789604642403327 6.111792893666305e-06 3.538894366449947e-06 3.796331552298891e-07 7.957192797926097e-07 7.295684294257075e-07 9.933108256820988e-07 2.8144771786190363e-05 9.061048428002587e-06 0.0 0.00014335656166621265 8.174984136488945e-05 0.00011879980995723285 4.702730064100206e-05 1.618368581408332e-05 1.6135871955834055e-05 0.0004819416360444959 4.359839113190051e-06 3.161266062656204e-05 2.285189632177817e-05 4.843088388143366e-07 2.5322290058532846e-06 3.0280277423060966e-06 5.40432335564298e-07 1.369186083016912e-07 1.392292123169422e-06 0.0 3.905801117285072e-07 2.2710423374030152e-07 8.3144040217273e-07 3.9880112151044957e-07 9.522892903125805e-07 2.6541763347581023e-05 5.767710549090242e-06 2.681637926246005e-07 7.6411768399338e-06 0.00033407367433442434 1.9183443820832389e-07 0.0 7.704905385120694e-07 1.2550109043976466e-06 1.8606968457276264e-06 8.503873401441412e-06 1.794036849463052e-06 1.1947811222633782e-05 9.310406570900203e-06 6.954354415917152e-06 2.560838364515483e-06 1.1225335648297208e-05 2.090428244455196e-05 1.5509498494711953e-05 9.38371189569467e-06 1.1584443876285574e-07 0.0 9.007788183387196e-08 0.0 0.0 0.0 0.0 3.530143538642484e-07 0.0 0.0 0.0 0.0 0.0 0.0 0.0 0.0 1.2021362627736884e-07 4.000713461624735e-07 1.682475558023818e-07 1.3519582750861412e-06 8.844801939365568e-07 0.0 1.2407281192683047e-07 0.0 8.217732896462909e-06 2.183813857532751e-06 5.615628731332631e-06 3.917809715686e-06 2.7026826577260004e-07 0.0 0.0 0.0 0.0 0.0 3.0117466961737853e-07 0.0 5.176785517704429e-07 0.0 0.0 6.208412356658579e-08 0.0 4.283139073334319e-07 1.2981366138422252e-07 0.0 0.0 0.0 7.168479291432872e-08 7.751526112502787e-08 0.0 1.4108181190720775e-07 2.5604881191645253e-07 1.2443316434465583e-05 1.557863826972526e-07 0.0 1.1808414444389519e-07 0.0 0.0 1.0329501851479797e-07 6.576798028336901e-08 9.995181618918175e-08 0.0 1.0890881926075887e-05 3.2626148531874654e-07 1.1213324265424084e-07 0.0 7.538852766874137e-08 1.1720561299120415e-05 0.0 8.731693708615076e-06 5.395634307023284e-07 0.0 5.94295949522651e-07 1.0369192955720672e-07 1.475884634088263e-07 0.0 4.738332315815302e-07 0.0 0.0 0.0 0.0 0.0 0.0 7.538492213819621e-06 2.708441616565534e-06 5.708783217748536e-06
0.0013491568092036427 0.0013131160806289569 0.000129802678141926 0.0 0.00014428375868532093 0.00035922308359917314 0.0003790832080073465 2.9183002165965734e-06 1.8108583709303975e-05 0.0011616390341032464 3.912644201092978e-05 0.00019483561760562666 0.0005097263527687094 0.00011965553046194712 1.9995837767997388e-06 5.180501498980079e-07 0.0 0.0 8.30094940050654e-08 0.0 0.0 0.0 0.0 7.466175979957432e-08 0.0 0.0 9.491182869666358e-08 1.6750683979007926e-07 0.0 0.0 1.4562601886547102e-05 2.3530934109214035e-07 1.0575006083755836e-06 0.0 0.0 0.0 1.0139441823335513e-06 0.0 4.2870241339494937e-07 0.0 1.1332486268742623e-07 8.860395757133907e-08 0.0 0.0 0.0 0.0 2.6221233507492126e-05 1.7326393200195445e-07 0.0 6.186621283501156e-08 1.652719141196448e-07 0.0 0.0 0.0 2.718988114397907e-06 6.511314492201328e-06 3.023428289253742e-05 6.179831142822577e-05 1.2281101210795326e-05 1.1063443474966125e-05 0.0 1.0502763055730285e-07 0.0 1.2821538522314573e-05 2.4324399059690146e-06 1.17908654114958e-06 7.073477740854299e-08 1.6771884125287965e-07 0.0 0.0 3.831816969107525e-06 6.892603067716702e-07 0.0 5.5936010847765544e-05 1.7524727498887087e-05 2.0061467787996242e-05 1.5745430216904456e-06 2.1813375748435565e-07 1.362283995211863e-07 1.554683108912472e-06 0.0 1.5466656595174287e-07 9.374373827857266e-06 2.526658019512776e-07 8.681264163591701e-07 1.0164800991356337e-06 9.154820690826862e-08 8.103102338041525e-08 1.5420615863037983e-07 0.0 7.426117222257938e-08 1.7336164635035318e-07 0.0 0.0 0.0 2.293558105544747e-06 2.12604906395906e-06 1.2902899711907547e-07 2.618570383820128e-06 0.00016224922573684387 0.0 3.992187026181349e-06 8.776758648252043e-06 1.7370672501002e-05 1.6216810111910264e-06 2.2514866823550914e-05 2.7728570745428782e-05 2.193042110943132e-05 3.673896581356408e-05 2.3703952285762446e-05 2.8595719028269405e-06 2.3591071824837678e-05 3.607058351026496e-05 1.9336327881125e-05 5.7396725228714516e-06 0.0 0.0 1.2624603059951884e-07 0.0 0.0 0.0 0.0 0.0 0.0 0.0 0.0 0.0 0.0 9.76060303677202e-07 0.0 1.2752552651267318e-07 0.0 0.0 0.0 0.0 6.331829755394508e-07 0.0 0.0 0.0 1.7739332798985406e-06 0.0 1.5676666025939097e-06 1.6345403741332032e-06 0.0 0.0 0.0 0.0 0.0 0.0 0.0 0.0 0.0 0.0 0.0 0.0 0.0 0.0 0.0 0.0 0.0 0.0 0.0 0.0 0.0 0.0 0.0 4.121584573977863e-06 0.0 0.0 0.0 0.0 0.0 0.0 0.0 0.0 0.0 3.0468766132292975e-06 1.9825574048067093e-07 0.0 0.0 0.0 4.545557752133922e-06 0.0 1.722080508632344e-06 0.0 1.5770532749404442e-07 0.0 0.0 0.0 0.0 0.0 0.0 0.0 1.0421910233414052e-07 0.0 0.0 0.0 5.958460718981439e-06 5.3435953061314e-07 6.767316875622109e-07
5.65389433276684e-05 0.001147886080101914 0.0006910198083899926 0.00014428375868532093 0.0 4.725145468004164e-06 0.0007625829732383575 0.0003040680964790062 0.0036361941955930575 0.0006890611108025878 0.0013890248665598304 7.40645770794399e-05 0.0002852170053208038 0.0009573943852106046 3.413345274803362e-05 1.9094894454385403e-05 8.287829173770936e-07 6.085768216164648e-08 8.282424410107731e-08 1.3363306517627527e-07 0.0 0.0 0.0 8.403375178991421e-08 7.253255125689033e-08 1.935342656689227e-07 0.0 8.032567016501606e-08 9.450666736626336e-08 6.988640545081203e-08 7.876067800671602e-05 3.3895035812215183e-06 1.0571377988673015e-05 0.0 0.0 0.0 9.129649639685098e-06 0.0 1.1047649046288838e-06 6.80733273182405e-08 1.1748556542439537e-07 2.1776803768698459e-07 7.992966149785639e-08 3.550468984233235e-06 0.0 2.97560579398423e-07 0.00011925783407462449 8.60663319283563e-07 2.039176037434048e-07 2.9175932236364357e-07 3.914284888426682e-07 0.0 7.22820622006099e-08 3.211146308145891e-07 2.8063996269072613e-06 6.806089908441016e-06 9.023083634646761e-06 4.152372173675564e-05 8.361795382728532e-06 2.2820604717143498e-05 4.475374908679147e-07 1.170010605587384e-06 9.43268007751898e-08 9.932314048003919e-05 2.7698441064946955e-06 1.662106406532432e-06 7.328939658221619e-08 2.8280399569902204e-07 6.691854482093694e-08 1.4908436437599643e-07 1.783759054744629e-05 4.822077286899795e-06 0.0 6.361317753742864e-05 5.153977050486123e-05 0.000112030669484361 5.000338269317345e-05 2.111466275154414e-05 4.7187519588894885e-07 6.053270594744249e-06 6.065571717418774e-07 2.4840186748581545e-06 8.808642272927257e-06 2.516563843719534e-07 1.6858403245396722e-06 9.979921576863392e-07 1.6440040526052778e-07 0.0 3.61986964882212e-07 0.0 1.4262491483454893e-07 1.276119534358136e-07 7.290903252366034e-08 3.524415982461618e-07 1.4432169484502097e-07 1.7037367636539917e-05 1.1175433404961522e-05 0.0 5.065193143305187e-06 1.384912490647923e-05 9.029612876468189e-07 2.2479650443477248e-07 4.102299298914924e-06 4.512027122466973e-06 2.020257559862349e-06 2.2590474200421482e-05 1.8269362031879055e-06 2.1508175144535558e-05 1.3712104298835814e-05 1.2191438746431119e-05 3.0611809883310273e-06 2.2446053955886408e-05 3.4595481070511873e-05 2.6317647337212638e-05 1.704453512579679e-05 2.0782316632423827e-07 0.0 0.0 2.2905160077922392e-07 0.0 0.0 0.0 0.0 0.0 0.0 6.683568614735278e-08 0.0 0.0 1.3549861514047241e-07 0.0 0.0 0.0 0.0 0.0 1.140302623106954e-07 8.108178327728263e-07 0.0 0.0 0.0 1.1098892394563254e-05 1.7794714197799827e-06 9.244106168594161e-06 4.555458340075874e-06 7.653479380626574e-07 0.0 0.0 0.0 0.0 7.099494095877949e-07 2.618229409730301e-07 0.0 0.0 4.056879050312743e-07 0.0 0.0 0.0 0.0 0.0 0.0 0.0 8.394107527362023e-08 3.451389795848479e-07 2.0732548832687391e-07 0.0 2.475400939665283e-07 0.0 2.3600103250096167e-05 5.915547655553411e-07 2.5679118314278346e-07 2.15057451975263e-07 0.0 0.0 0.0 0.0 0.0 0.0 1.1817089065318091e-05 9.572447175096162e-08 0.0 0.0 0.0 1.939638656930254e-05 1.0491434894675016e-06 9.368979820507032e-06 8.427260278369674e-08 0.0 9.019597439360964e-07 1.2000939039814052e-06 0.0 0.0 0.0 0.0 0.0 6.64953514548454e-08 0.0 0.0 0.0 7.597959315096737e-06 4.696176035835439e-06 7.352499680783719e-06
4.1550775493304196e-05 0.0001500425189713608 2.182769506687142e-05 0.00035922308359917314 4.725145468004164e-06 0.0 5.622327216468055e-05 2.6013275139573426e-06 2.9103693539740004e-06 0.0004387240702138143 7.622683355322262e-06 0.00013354225121405965 9.060788936850825e-05 1.6000170894095556e-05 4.5713669578953916e-07 0.0 0.0 0.0 0.0 0.0 0.0 1.0942854455428713e-06 0.0 0.0 0.0 0.0 0.0 0.0 8.59051852407352e-08 0.0 2.4015227045598265e-06 0.0 1.2912358491771122e-05 0.0 0.0 0.0 1.2416834128958326e-05 1.73361801043253e-07 8.786629313430738e-07 1.639126997987731e-07 0.0 0.0 0.0 9.736528902670164e-08 0.0 0.0 6.407088985581133e-07 0.0 0.0 0.0 0.0 7.908734293111754e-06 6.090604741242437e-07 8.498351050548617e-07 0.0 7.334821597916525e-07 6.67058139398624e-05 3.702969854743652e-06 1.992683653594518e-06 1.0988789583878721e-07 0.0 8.727111323346004e-08 0.0 5.573578220044819e-07 0.0 0.0 0.0 0.0 7.62596704213288e-08 0.0 4.4387144776044825e-05 0.00011467469643085167 6.080009293420125e-06 1.151466015598167e-06 3.9320405910345857e-07 4.959485719955969e-07 0.0 3.985903988422879e-07 0.0 1.1443585265607112e-06 0.0 1.3513704626924703e-07 2.4885108535409003e-07 3.595463440628607e-07 0.0 8.274366456955082e-08 0.0 1.0788969000961852e-06 9.46806494394271e-07 3.8616457100220004e-06 6.148291064264469e-07 3.027013209548217e-06 9.67242416497658e-08 4.67799125637482e-07 1.1602375206899093e-06 0.00011927540080438594 0.00015370007143416446 2.1180105165150507e-05 1.454311938319329e-05 0.0001325864391332776 0.0 0.0 6.062700410940548e-07 6.041530996983281e-07 4.690744964066406e-07 1.636221452814341e-06 1.3433502030430795e-06 1.1519307749464456e-06 4.965761270578087e-06 4.20923445793301e-06 3.7631891141512295e-07 4.46046026493112e-06 3.7841864374138547e-06 1.4701157594338503e-06 5.292410416303832e-07 0.0 0.0 0.0 0.0 0.0 0.0 0.0 0.0 0.0 0.0 0.0 0.0 0.0 0.0 0.0 0.0 1.0189851289220484e-07 2.0360935235832417e-07 0.0 0.0 1.3939664727094172e-06 0.0 0.0 0.0 6.830493971559652e-07 0.0 7.952982469706859e-07 8.558257319811948e-08 0.0 0.0 0.0 0.0 0.0 0.0 5.815250967013326e-07 0.0 0.0 3.436072311163549e-07 0.0 0.0 0.0 0.0 1.1445049072953999e-07 0.0 0.0 0.0 0.0 0.0 0.0 0.0 0.0 6.869887343532637e-07 0.0 0.0 0.0 0.0 0.0 0.0 0.0 0.0 0.0 1.3920758160875761e-06 0.0 0.0 0.0 8.209389251306402e-08 7.044622977375797e-07 0.0 0.0 0.0 0.0 0.0 0.0 0.0 1.1376241671105283e-07 0.0 0.0 0.0 0.0 0.0 0.0 0.0 8.057323707241856e-07 6.280820081058158e-07 1.1706098497863527e-07
0.00028430825617768376 0.0013122945988503457 1.6534349145255806e-05 0.0003790832080073465 0.0007625829732383575 5.622327216468055e-05 0.0 7.016199494092547e-05 0.0008296282372026594 0.0013670067715942011 0.0001823863866118901 0.0003267065976683979 0.0029289214940389535 0.002678316145561119 2.330120814536368e-05 1.153005230577293e-05 7.068671174634779e-07 0.0 0.0 0.0 1.5717179168249723e-07 0.0 7.578243251246325e-08 6.031990776464366e-08 8.278798924178493e-08 1.443340960591581e-07 2.001968682392997e-07 1.5244391774112567e-07 1.0343270550851525e-07 0.0 3.269492527359061e-05 1.1071014171266426e-06 8.05998284725152e-06 0.0 7.204691352356354e-08 6.663957164536598e-08 7.109556023358004e-06 2.769484930206988e-07 8.175968572196234e-07 0.0 1.43487781516995e-07 1.7884174545577541e-07 0.0 1.1923198380821099e-06 1.520592738456742e-07 1.415005552742139e-07 9.784449833156985e-05 1.1613940718427012e-06 7.561632327661536e-08 3.142125945738402e-07 1.6873571502997603e-07 8.426182584500788e-08 0.0 8.880767780756802e-08 3.554563266995443e-06 9.828074428234832e-06 1.8497452685520904e-05 5.120398140649491e-05 1.0964991045490788e-05 2.873190373220282e-05 2.0328031540393499e-07 8.445388429916091e-07 7.532085468149144e-08 6.512353730446597e-05 3.009777625721016e-06 2.1024682197326418e-06 7.689464352373092e-08 6.737142478579371e-07 6.775946573732567e-08 2.2011302219922502e-07 1.6428154021601265e-05 3.406283047877113e-06 0.0 7.622461434950721e-05 4.6882112923739434e-05 9.478297645680834e-05 2.8396624104589254e-05 9.163330218336296e-06 3.8265656608009665e-07 4.0837180621777355e-06 4.201746888440648e-07 1.2979552157914424e-06 1.3898428601733995e-05 5.922413235834097e-07 1.0095507389723435e-06 1.3546254024058674e-06 2.6827706392229305e-07 0.0 8.152725138966516e-07 0.0 0.0 3.039006008647642e-07 2.4953178052125474e-07 2.5652823615163583e-07 1.5325713831558315e-07 2.2237702281269868e-05 1.2317917765163514e-05 9.08996105178206e-08 4.038363795253766e-06 4.821264522153749e-05 5.580648871546393e-07 1.0840575449567198e-05 2.58511205864585e-05 2.5594602962239792e-05 1.924700919594853e-06 6.935422686836008e-05 9.453659327494471e-06 5.610471391743723e-05 3.252474527861415e-05 3.6049469765125915e-05 4.742149631253207e-06 3.172973592063391e-05 6.262014124007945e-05 3.767573613168969e-05 1.630128374327373e-05 1.8133260537256466e-07 3.805309618819789e-07 0.0 0.0 0.0 0.0 0.0 0.0 0.0 0.0 0.0 0.0 0.0 0.0 0.0 1.2970806801079183e-07 0.0 0.0 0.0 1.6159146735001704e-06 2.3372171651693928e-06 0.0 1.0876471194449088e-07 0.0 1.0519003402160649e-05 1.6872301371161325e-06 9.983202979375518e-06 5.724130181743745e-06 7.063102075547654e-07 0.0 0.0 0.0 0.0 1.3378046172767256e-07 0.0 0.0 5.931291989513298e-07 9.768370476658769e-07 0.0 0.0 9.637646107234614e-08 2.598451097456993e-07 1.2326469621806775e-07 2.772601321802859e-07 4.6187326347188166e-07 0.0 1.043444664914566e-06 9.42014479620196e-07 1.213826374275997e-06 1.3913265043064723e-07 1.7942668571793933e-07 2.4286891564328388e-05 6.244197877692902e-07 0.0 1.7633313195051448e-07 0.0 1.757249929098046e-07 0.0 0.0 0.0 0.0 1.797528673507832e-05 7.357257946723478e-07 1.1734784749209808e-07 0.0 7.177525732215496e-08 2.1060249627154117e-05 8.687700110125238e-07 9.581397912538092e-06 1.4724220397825507e-06 2.983286626472792e-06 1.4796183019187948e-06 2.153565269775251e-06 2.5007440711888257e-07 2.695249767017302e-07 1.9406367118004422e-07 0.0 1.264287538528095e-07 0.0 8.912470543649957e-08 0.0 0.0 1.4319895528029732e-05 5.139630010566974e-06 4.626994390610577e-06
5.385016164721279e-05 0.00012250495227781038 0.0009683661710334365 2.9183002165965734e-06 0.0003040680964790062 2.6013275139573426e-06 7.016199494092547e-05 0.0 0.0008465129865000572 4.70641196807695e-05 0.0017076865388114281 8.068209890056559e-05 0.0004943015966120843 0.0012268575037280617 7.117147199451318e-05 5.181476002887552e-05 5.505071422595507e-06 4.5324260626544375e-07 0.0 2.350055603318651e-07 8.097319917445516e-07 4.637226274023256e-07 8.596479872790348e-07 5.228867729479668e-07 2.858699868011964e-06 4.434649192541992e-06 6.425223376407846e-07 5.967614913681665e-07 1.254953162694566e-06 1.0243593665196805e-07 0.0009538019618773469 0.000659347374096921 0.00014814310347768141 1.74821204798921e-07 2.09176584817796e-07 3.1485030574056945e-06 5.705456292725484e-05 7.3853683743758254e-06 6.079737121575717e-06 1.4846888515718915e-06 4.294754834272534e-06 3.7685821933440617e-06 5.708049560888895e-07 1.0335492158707467e-05 8.048960338740621e-07 2.31711487439952e-06 0.00014238871780887678 1.0359061447374273e-06 1.2553856531039384e-06 1.2047348353566366e-06 5.600695060357924e-07 9.130219053936551e-07 6.938798286495643e-07 7.929324717327072e-07 2.710859487215749e-06 7.464444873592483e-06 1.654159394486759e-05 0.00015261774473465737 1.640104908748502e-05 2.120434483612448e-05 5.318638411840178e-06 1.0331914673985043e-05 2.2102923730639575e-07 0.00047689910999508344 2.285191266766126e-06 2.082502491854748e-06 7.04714643108658e-08 7.950237237942008e-07 1.2952593620002157e-06 3.6915965800823653e-06 2.7169665251899985e-05 1.2120392123605788e-05 3.28672987777918e-07 6.605882590696333e-05 7.976395152953941e-05 0.0001169409426180238 0.00011450154782756294 6.502160234592657e-05 0.000307840954662549 0.0013676889743055522 7.639114690763196e-06 0.00019972322201596482 9.601372308374802e-06 7.195005514254385e-08 1.4633066884694754e-06 1.7983096014238045e-06 3.268977475286473e-07 8.480085325449938e-08 4.1952753109758533e-07 3.0523888523628765e-07 5.276494476353722e-07 8.348856863429501e-07 4.842042947744099e-06 2.8270155135738916e-06 2.116591702113729e-06 1.2704684707223832e-05 4.606753613600338e-06 1.1564773333399155e-06 1.41443006163794e-05 4.736004364538263e-05 0.0 9.399404603477454e-08 2.0060302115118793e-06 1.1147172837537022e-06 1.1213257695912853e-06 9.627745689454854e-06 2.5630722124920485e-07 5.231141060240702e-06 3.5107700525316264e-06 4.5811521500904925e-06 2.1220006992059542e-06 1.2932689728032762e-05 1.4065254106959588e-05 9.25400135775391e-06 1.1319059084885865e-05 3.688579697272531e-07 8.848208019198533e-08 0.0 0.0 0.0 0.0 0.0 2.5186460617156775e-07 8.350327374135378e-08 0.0 2.251500292752062e-07 0.0 1.891264255551696e-07 0.0 0.0 1.4709544682417718e-07 2.5285755926991895e-07 3.631745835257215e-07 0.0 0.0 3.856170581715093e-07 0.0 2.6724510243103234e-07 0.0 8.791088686905858e-06 9.346834129346019e-07 7.135131441739941e-06 5.968360146726643e-06 1.3866740947180724e-06 0.0 1.1457554446977045e-07 0.0 1.5859174359227602e-07 0.0 2.782605002249695e-07 0.0 0.0 3.2563425717419637e-07 0.0 0.0 0.0 9.32837060359275e-07 4.156919361153493e-07 0.0 0.0 0.0 2.1037906429255012e-07 0.0 1.9852346232599349e-07 5.716732834306999e-07 0.0 1.2118977029053063e-05 2.0714121814458478e-07 0.0 0.0 0.0 0.0 0.0 0.0 0.0 8.451688349826365e-08 1.2156834238653483e-05 1.8715027016758704e-06 0.0 0.0 2.7933250139513877e-07 1.3568830308062823e-05 1.8478452586818817e-07 5.904229497972337e-06 2.999412825012364e-07 0.0 2.6193148382441764e-07 0.0 9.652137738091597e-08 0.0 0.0 0.0 0.0 0.0 7.705961318854993e-08 9.424341098931615e-08 0.0 5.905643267322553e-06 5.212906516074204e-06 5.358789170563638e-06
3.56323339151706e-06 0.0009499872863201856 0.00026363579546607633 1.8108583709303975e-05 0.0036361941955930575 2.9103693539740004e-06 0.0008296282372026594 0.0008465129865000572 0.0 0.000302553557363581 0.0008676926038927124 0.00013488619084861542 0.0004214095771104198 0.0009013033248597707 1.5057874605263294e-05 1.276922493121261e-05 9.681202471399482e-08 0.0 0.0 8.11628423567987e-08 0.0 0.0 0.0 0.0 0.0 0.0 0.0 1.0210713173692867e-07 0.0 0.0 8.442670377693737e-06 1.5909921777534421e-06 5.5124897721716215e-06 0.0 0.0 0.0 5.926630344758778e-06 1.8673089771612155e-07 0.0 0.0 7.098875221149985e-08 8.636665994310709e-08 0.0 1.736261799750101e-06 1.5658289643852734e-07 0.0 3.098869534200177e-05 5.907196920305663e-08 0.0 6.09765688116033e-08 1.0917608161660466e-07 4.3066144427851964e-07 0.0 8.333902082030397e-08 4.780349227805268e-07 1.0598839154755436e-06 1.890281873134834e-06 7.5490790039959714e-06 1.035409704283261e-06 5.331859462251469e-06 0.0 5.365114996378204e-07 0.0 3.103316354346475e-05 1.5387519832760277e-07 4.866970032713523e-07 6.427789576923287e-08 0.0 1.4806180305661594e-07 3.135304762319969e-07 1.0653371155482558e-05 2.0028642717801894e-06 0.0 1.1960019024238264e-05 1.583239438332962e-05 3.506558973536181e-05 1.9572538210386538e-05 1.0702855413446452e-05 3.109841279720351e-07 9.277606411419153e-06 4.4373344808081603e-07 5.50600521597253e-07 1.648263047210805e-06 1.17185801523086e-07 3.534048709334638e-07 5.973437451303032e-08 0.0 0.0 8.368457381996598e-08 0.0 1.0299093352515301e-07 0.0 0.0 0.0 0.0 1.621974934919724e-05 5.665031239255386e-06 0.0 2.1379610257054587e-06 2.872121627304368e-06 4.598662262250611e-07 0.0 3.873510057293828e-06 2.967361270881512e-06 3.0982243070210873e-06 2.2695123756375152e-05 2.364484542299761e-06 2.010328686839304e-05 1.6927851539929463e-05 1.3861721466810295e-05 2.9224268508005676e-06 2.0573700113249903e-05 3.408842860091434e-05 2.213753553992208e-05 1.2964533952426387e-05 2.197628799768677e-07 0.0 0.0 0.0 0.0 0.0 0.0 0.0 0.0 0.0 0.0 0.0 0.0 0.0 0.0 0.0 0.0 0.0 0.0 4.674858622024466e-07 1.1184705047667735e-06 0.0 0.0 0.0 7.2524524139189084e-06 9.284730344311864e-07 5.523009544227332e-06 2.3839569957715063e-06 3.045935270838763e-07 1.7535871621799404e-07 0.0 0.0 0.0 2.9789545858799606e-07 0.0 0.0 0.0 8.467583045284892e-08 0.0 0.0 0.0 2.168241738021825e-07 0.0 0.0 0.0 0.0 5.916102590549436e-08 7.496273546193252e-07 0.0 1.1176210344894538e-07 0.0 2.1855996024612065e-05 0.0 0.0 0.0 0.0 0.0 0.0 1.0558742291038283e-07 0.0 0.0 1.2714813920958887e-05 6.943301809324375e-07 0.0 0.0 0.0 1.452048129937566e-05 1.1652596824039362e-06 5.661812585339861e-06 6.629864602598121e-07 0.0 2.7314688406855753e-07 0.0 0.0 0.0 0.0 0.0 0.0 0.0 0.0 0.0 0.0 1.3072644344343133e-05 3.642193453388011e-06 4.0562196254193065e-06
0.0005462465025208158 0.0013336876292630426 0.00013482001579912255 0.0011616390341032464 0.0006890611108025878 0.0004387240702138143 0.0013670067715942011 4.70641196807695e-05 0.000302553557363581 0.0 0.00012530057412553074 0.0008177287038241582 0.0050259876754569655 0.0007763208531488135 1.0834733528925487e-05 3.566699414848719e-06 1.8322637132169252e-07 7.549617845773978e-08 0.0 1.6972066534897555e-07 0.0 0.0 0.0 0.0 0.0 1.8756160890112093e-07 0.0 8.153294511966523e-08 0.0 0.0 1.6522591726872778e-05 7.182957876521968e-07 0.00010061910973291326 0.0 0.0 0.0 5.828789540070829e-05 7.719045759966441e-08 1.2597121608473854e-06 8.367298216533797e-08 0.0 2.124896014022235e-07 0.0 7.695149110184998e-07 0.0 1.0939161007752136e-07 6.143428089279024e-05 9.010839191450738e-07 0.0 0.0 1.27357777532087e-07 4.609170963451123e-07 0.0 8.823632473843994e-08 3.3977976524600548e-06 7.72514666230464e-06 3.4519769693604736e-05 4.3795158742154014e-05 1.2254327561836952e-05 1.7913946359504873e-05 0.0 2.6465372667742816e-06 0.0 2.6912380598406712e-05 2.344657708020204e-06 1.1374473995338817e-06 7.564786000246261e-08 2.58634132474314e-07 3.167730869212773e-07 0.0 0.0001515167937422226 1.396250585565571e-05 7.073655843946315e-07 5.412311406168053e-05 3.4569361081558195e-05 5.367813682080784e-05 1.400977395735434e-05 4.676353770152857e-06 0.0 9.247561317014962e-06 8.626818244306914e-08 1.3637243562715609e-06 7.46135598639421e-06 1.5158476884470585e-07 9.757819647425206e-07 1.3525846421068824e-06 8.686059952872536e-08 2.7862269818065416e-07 5.223647205060176e-07 0.0 0.0 2.5436408248287807e-07 8.438071765139471e-08 7.395501434807662e-08 0.0 0.00020829156805091066 8.686082773169122e-05 8.685645994672567e-07 2.1835408276583918e-05 0.000144756905054645 2.5846563632702156e-06 1.0580388545859309e-05 6.697914314498271e-05 6.676188855881245e-05 9.520003384136838e-06 0.00018311444969376883 3.0980946006340725e-05 0.00013928390680193487 0.0001715968337122649 0.00012329354262812962 2.282088348406188e-05 0.00013629562359995367 0.00025088426834107564 0.00014906534180557246 6.090451704587912e-05 8.900240007345625e-07 0.0 0.0 8.177059569654499e-07 0.0 0.0 0.0 0.0 0.0 0.0 0.0 0.0 0.0 0.0 9.318179693172808e-07 0.0 0.0 0.0 0.0 3.3314191096138784e-06 4.079964284270225e-06 0.0 1.3802717371695258e-07 0.0 3.1795187492059946e-05 4.843004658033114e-06 2.9970497929951424e-05 1.0566499846048737e-05 1.851073256048557e-06 0.0 4.802870090499835e-07 0.0 8.02232015881622e-07 1.3406768519123495e-07 5.525441863194392e-07 0.0 4.948981040770852e-07 3.4671071616794944e-07 0.0 0.0 1.49372454119798e-07 4.992684053804772e-07 3.8770596921378504e-07 7.31078649798973e-07 6.053317822486569e-07 2.2255670593799313e-07 1.3347276981524632e-06 1.6569745675524194e-06 1.8053565849117034e-07 8.637916222327212e-07 1.6291178517251013e-07 6.725913731431834e-05 9.900093543444295e-07 2.2804792746291373e-07 2.8663368141248417e-07 0.0 0.0 0.0 0.0 0.0 0.0 5.610034874162525e-05 3.628885707919219e-06 1.8873964174127035e-07 0.0 1.4735591872892729e-07 5.96424004881331e-05 1.9599420041246205e-06 1.7428314514821088e-05 2.5975921135663326e-06 1.3315514455607843e-06 2.4632221429795217e-06 1.7653289926750954e-06 1.0514520592711196e-06 7.696366749563939e-08 0.0 0.0 0.0 0.0 0.0 0.0 0.0 4.8975842077481425e-05 1.6246092374373904e-05 1.2330687488726664e-05
0.0001419469898304881 0.0006141442023748633 0.0017429338747184735 3.912644201092978e-05 0.0013890248665598304 7.622683355322262e-06 0.0001823863866118901 0.0017076865388114281 0.0008676926038927124 0.00012530057412553074 0.0 8.888781517006607e-05 0.0014695856995923882 0.002608010483281471 5.938442299092359e-05 5.493932733529112e-05 2.704853963363161e-06 3.7451531595731165e-07 2.3439042917208244e-07 2.0344029880094927e-07 1.9883738578406832e-07 1.3292872262115502e-07 3.5520996175597355e-07 1.5300732475163194e-07 6.056735658979929e-07 4.1926785843948435e-07 4.952214380199003e-07 5.604210508071081e-07 8.426459691048702e-07 0.0 0.00023975350144356185 7.630304424271543e-05 0.00041964794039491167 0.0 0.0 1.4881690550860355e-06 0.00015986180063454298 7.1576454979469185e-06 1.3806858026232412e-05 6.319205474095788e-07 9.467049075669463e-07 8.78108857470858e-07 7.053552779711943e-08 7.601319961625026e-06 7.802521761349552e-07 1.5872894020950088e-06 0.00011766128827738678 4.415865168882404e-07 3.47297043509782e-07 7.094550007670465e-07 8.32884104599064e-08 6.008297393153314e-07 2.0124947091982914e-07 6.922099858293844e-07 3.2464949300231966e-06 6.583730435950319e-06 1.2470202761732206e-05 5.585942173818829e-05 9.474690605848608e-06 2.3351429097324476e-05 1.8583457199072627e-06 1.38467521081836e-05 1.735160814286932e-07 0.00013982480377309312 3.0204581030739395e-06 9.413194341083566e-07 1.2773268608770854e-07 3.3735069225162724e-07 3.086006403970246e-07 9.887822632293108e-07 5.3612004265454554e-05 1.6183663790970812e-05 0.0 5.874868142575937e-05 5.816344281255593e-05 0.00012166524520051173 7.08293672130301e-05 4.274600910622196e-05 2.9164343391990716e-05 0.00015301829762950418 3.389091886694315e-06 1.6135264188056303e-05 8.026075251613379e-06 1.3808069230386717e-07 1.019057669579213e-06 9.546999058657927e-07 4.749072746979774e-07 0.0 3.350048517720077e-07 2.211676462003123e-07 4.653884378942497e-07 4.952181069661237e-07 9.720195807533486e-07 9.178476277506051e-07 1.3539252674976233e-06 3.8060956407729534e-05 1.2989341000861964e-05 1.9848680629644747e-06 2.4397277591930383e-05 3.472885811893891e-05 1.891061401595706e-07 1.9883206434831375e-07 6.161549689581133e-06 1.13876184057311e-06 1.1612725451005871e-06 2.2444631513420944e-05 1.2086053135877863e-06 1.5917304176480614e-05 1.0263452294023704e-05 9.269898961438957e-06 4.203961410117594e-06 2.2888662848462552e-05 3.741911549746898e-05 2.3463474670355948e-05 2.4471216409931848e-05 5.409582450158832e-07 1.5240500732038597e-07 8.139588205397726e-08 1.7757942561093324e-07 0.0 0.0 0.0 0.0 1.7604138629784678e-07 0.0 0.0 4.0993503469138394e-07 3.452684008212838e-07 0.0 0.0 1.8796680632653108e-07 0.0 4.4738066320605717e-07 1.522186178453691e-07 7.024785572414749e-07 2.8514444977186912e-06 0.0 1.5249280585390508e-07 1.1326473871368847e-07 1.6648988407731025e-05 1.978363711230634e-06 1.555136692730023e-05 1.0434975528700926e-05 1.223848081602094e-06 0.0 0.0 0.0 7.67891481224702e-08 2.9917324256639214e-07 8.261169708798358e-07 0.0 0.0 1.1591463633823102e-06 0.0 0.0 0.0 4.098184632784947e-07 8.228430400347673e-08 0.0 0.0 1.2381667142327586e-07 0.0 1.3594418225631078e-07 0.0 4.895168331089407e-07 0.0 3.371148090411281e-05 8.606687541607772e-08 1.655224753659452e-07 0.0 0.0 0.0 0.0 0.0 0.0 0.0 2.20448787933807e-05 2.482549463572636e-06 0.0 0.0 1.9577044435184587e-07 2.5349766162792966e-05 1.0828476690987812e-06 1.2856338582543326e-05 6.04491052120178e-07 5.121804360986193e-07 1.3051563765361813e-06 4.912467328692684e-07 3.4335248284889887e-07 0.0 0.0 0.0 0.0 0.0 0.0 0.0 0.0 1.3144037737085607e-05 1.112340179839025e-05 9.932967651287898e-06
3.169967726997526e-05 0.00010246186916859638 6.680500134624345e-05 0.00019483561760562666 7.40645770794399e-05 0.00013354225121405965 0.0003267065976683979 8.068209890056559e-05 0.00013488619084861542 0.0008177287038241582 8.888781517006607e-05 0.0 0.000590801050291307 0.00011026450870796346 2.093708399111268e-06 3.0977367046879324e-06 6.936671877894445e-07 0.0 0.0 0.0 1.3245748679680323e-07 0.0 0.0 6.998451168789032e-08 8.56276249269828e-08 0.0 8.302762916935661e-08 8.208929813393882e-08 0.0 0.0 1.3500666681342521e-05 0.0 3.5759995674563733e-05 0.0 0.0 6.382919870038775e-07 3.9177109587074564e-05 1.6681376764399835e-06 2.2947450229137773e-06 1.2686444124877813e-07 0.0 7.408899386862774e-08 0.0 2.2795237365868274e-07 8.429916355459916e-08 1.242158925463222e-07 2.795844806596877e-06 0.0 0.0 0.0 0.0 6.386201422087376e-08 1.5911905559281967e-07 0.0 0.0 2.041082833681772e-07 7.200635397338298e-06 1.6088657099431538e-06 5.433188071031375e-07 0.0 9.71085606901276e-08 6.8406869754901715e-06 0.0 2.608042892588715e-06 0.0 0.0 0.0 0.0 0.0 0.0 2.6810801340721195e-05 7.210964726965012e-06 4.826349688223309e-07 1.4963154307002356e-06 8.801109703270332e-07 2.414599173830499e-06 8.292869326269213e-07 1.0250297385139955e-06 0.0 1.499040097075343e-05 3.5793987892374514e-07 3.4941899179903345e-07 1.7935016429681865e-07 0.0 0.0 6.414319434848243e-08 1.7105850111108944e-07 2.563563465577639e-07 7.307029987174319e-08 1.9521127077036523e-07 0.0 2.6105660781651404e-07 0.0 0.0 9.278439912232781e-08 0.0006033508000403979 1.91117805921083e-05 1.7217816213241338e-06 7.321550777642923e-06 5.015577855298703e-05 6.359728362059104e-07 1.931468182224832e-06 1.5033227406157552e-05 8.979919824340952e-06 6.785911550015863e-06 6.025463401270599e-05 4.750801414353333e-06 5.6959196878952805e-05 6.0570736676068655e-05 4.128643865864159e-05 1.5401491427339442e-05 7.536383282937887e-05 0.00014435954981673074 9.522654088227037e-05 5.503320236576519e-05 1.0062122393108822e-07 8.746012733134419e-08 0.0 0.0 0.0 0.0 0.0 1.8899519441180558e-07 0.0 0.0 1.3926635666040874e-07 0.0 7.932441521437342e-08 0.0 0.0 1.0314108876659743e-07 9.235505413525263e-08 9.827171722974248e-08 1.0461926192744594e-07 1.2631376288571367e-06 8.304957287284189e-07 0.0 0.0 0.0 2.674302858170735e-05 1.3032907028176644e-06 1.565216104632904e-05 4.1069278032938685e-06 2.748957698041256e-07 0.0 0.0 0.0 0.0 0.0 7.812895879727203e-08 0.0 0.0 5.34015875179716e-07 2.501242904226508e-07 0.0 0.0 2.819973134777978e-07 1.033329698395586e-07 8.949444209283647e-08 7.546847295937853e-08 0.0 3.5145336843768567e-07 7.103851176094828e-08 0.0 0.0 0.0 3.4681100305927256e-05 7.886832382491599e-08 4.6465337332922125e-07 0.0 0.0 0.0 0.0 0.0 0.0 0.0 5.0860660161298915e-05 2.189396064264927e-06 0.0 0.0 2.1416688495088564e-07 3.6758749065697324e-05 1.6493303147782391e-06 8.1527376175271e-06 8.209030776293178e-07 3.430836265889775e-07 1.8212467942761405e-07 0.0 8.815505940172416e-08 1.6478518837958913e-07 0.0 0.0 0.0 0.0 0.0 0.0 0.0 4.811383966426683e-05 1.069276795132506e-05 8.276411455839526e-06
