0.0 0.0021478965549704856 0.001438662400256241 0.0013361299335097334 0.00011458635622878007 2.632676876688232e-05 0.00038303354889333775 6.174406882351314e-05 4.359274551981059e-05 0.0005119298223769308 0.0001723039655485014 7.403555896180212e-05 5.104982699351682e-05 8.73620419174966e-05 1.4811739777067076e-06 1.1429407830917715e-06 7.49890720728221e-08 8.081297835225254e-08 3.1904737348638e-07 6.609945813308401e-08 0.0 2.7658245028462345e-07 0.0 7.9136591292792e-08 2.474410279180676e-07 0.0 1.1840821538894998e-07 0.0 1.0370935055759755e-07 0.0 0.0006630026461861126 4.0961648543479015e-06 9.426339884170939e-05 0.0 0.0 8.193434357758368e-07 7.683643382884757e-06 1.0838538295637924e-06 2.075709557931071e-06 2.208298992320606e-07 2.0121874787557336e-07 0.0 0.0 1.4029766652746482e-07 3.1343189515417367e-07 9.060718609963498e-08 1.3999688797472273e-05 9.192773881830315e-07 3.6771238968438244e-07 0.0 0.0 0.0 1.1276441093005435e-07 6.971602288012087e-08 6.809027561701553e-06 1.3199236690207571e-05 0.00017846072096212653 0.0008338102472663876 8.648165455112377e-05 1.2442982469226585e-05 6.592969639696538e-07 6.38924212701311e-06 0.0 1.3341081132230732e-05 6.1143165169182865e-06 2.5867761486866225e-06 3.863944008879625e-07 4.3657101838038453e-07 1.6830040909347008e-07 7.699999202252237e-08 9.367390163389548e-05 3.7921053179236346e-06 2.454662795237313e-07 7.467463700461965e-05 3.4838081421260766e-05 5.471416562404798e-06 3.1960031675835364e-06 2.0913678646924807e-07 5.92585079604321e-07 0.00020316550865917443 1.8916570463236558e-07 7.060567244841723e-06 2.3520483476235187e-05 0.0 1.3620038536708142e-06 4.294991280093848e-06 4.4539074130289134e-07 9.064191562074048e-08 6.335333003948758e-07 0.0 9.742670586448558e-08 7.866241612471384e-08 2.1819753874785285e-07 0.0 2.1638236700802034e-07 0.0003735373844138122 2.1015863278123026e-05 4.838291109954685e-07 1.8178628933874635e-06 0.0010500205803052156 0.0 0.0 2.2400715173617523e-07 2.720264351573603e-06 0.0 4.003249930639129e-06 3.2449222041511104e-06 6.339946433638258e-07 1.9722724151619087e-07 1.009241103022131e-06 0.0 6.56475093503075e-07 1.6004621516220049e-06 4.649508497286884e-07 1.270611082881587e-06 0.0 8.769104979005547e-08 0.0 0.0 0.0 0.0 0.0 0.0 0.0 0.0 3.09915853535356e-07 0.0 0.0 0.0 2.651782081113909e-07 0.0 6.358331417547467e-07 9.521116061825337e-07 1.476932249816901e-07 3.530908674393589e-07 3.348092017908536e-07 0.0 0.0 3.0068195550455557e-07 4.0357878645953973e-07 4.871317251914613e-07 3.3935124125570017e-07 1.1661258416620557e-06 2.432210575936146e-07 0.0 0.0 0.0 0.0 0.0 0.0 0.0 0.0 0.0 0.0 0.0 0.0 5.251625582153928e-07 1.5338091302057424e-07 0.0 0.0 0.0 0.0 0.0 0.0 0.0 4.0582060976265963e-07 3.543575452499254e-07 0.0 0.0 0.0 0.0 0.0 0.0 0.0 0.0 9.82186685381987e-08 2.1734834700705794e-06 0.0 0.0 0.0 2.037337191480544e-07 1.8600961255166462e-07 4.812659872133881e-07 5.934526315539871e-07 0.0 3.586253822181557e-07 0.0 0.0 0.0 0.0 0.0 0.0 0.0 0.0 0.0 2.2681737793493123e-07 0.0 1.7901962845603024e-06 1.1620095262847186e-06 4.6212124182718994e-07
0.0021478965549704856 0.0 0.0008287692345611097 0.0011613300290062851 0.0013014578589960744 5.4017574331758616e-06 0.0017877614435233013 0.00023719912794270583 0.0006868633648960142 0.0009778464564517357 0.0007347446828711004 7.991444601809104e-05 0.0002267416395640705 0.0008376146330306397 9.547175037499554e-06 3.882280217726999e-06 6.39376029350552e-07 3.9449944654992073e-07 0.0 7.239788897215303e-08 2.646429592985516e-07 1.9891099120871553e-07 6.675520891882462e-08 6.751385234282148e-08 3.4070249088160926e-07 7.579829468961988e-08 1.4363769103071754e-07 1.4260091921948015e-07 6.398990304010552e-07 6.738077227374508e-08 0.0006982391823252016 1.2236314699510765e-05 0.00024299753153499937 0.0 1.918261117300142e-07 7.435203215802796e-07 4.977430632395398e-06 1.920408115733764e-06 1.7083496662157086e-06 5.099467336312456e-07 8.684604947747079e-08 2.724582767734633e-07 1.4426931474106786e-07 5.462197840672867e-07 2.2121885462226578e-07 2.7472140660919497e-07 5.9069527897064644e-05 3.8363137304221736e-06 8.465709229372907e-07 1.648527211690179e-07 6.139276884827645e-07 2.6722081469933414e-07 7.508350625902932e-07 1.0324380472580426e-06 9.4675872991188e-06 2.2698584965388308e-05 5.841655965300606e-05 0.00032412594008614416 7.395966135097331e-05 3.394667619213617e-05 6.309793941974164e-07 1.4410766816390874e-05 2.610560483661336e-07 3.602418437970483e-05 1.231997617831907e-05 5.519774606354104e-06 2.5521371390529186e-06 2.003199247459924e-06 5.411839399812404e-07 5.143272779642929e-08 1.5628797594895837e-05 2.2304251975330337e-07 0.0 0.0001045931608463858 4.55140524294521e-05 2.9251316227246156e-05 1.9731911567867212e-05 1.4964623042159289e-06 2.0201089413867e-06 0.000356332871232979 4.6812027268556276e-07 1.4785023697508889e-05 3.650199050110974e-05 3.392090579483314e-07 3.859693139636084e-06 7.681275886613642e-06 8.500606585478958e-07 7.721215591841336e-07 1.5117788806209528e-06 3.0486621801153383e-07 8.005074890033103e-07 2.3728605750311877e-07 2.221577586811432e-07 2.7524846695437285e-07 3.510555345484461e-07 1.1037027818983592e-05 2.5388443275018705e-06 0.0 2.3873754312091033e-06 0.0003779298069799762 0.0 4.3138545048183825e-07 0.0 2.7444465673047468e-06 0.0 7.414647176262888e-07 0.0 0.0 0.0 6.488836216720625e-07 0.0 0.0 0.0 5.031263245060593e-07 0.0 9.840136220885446e-08 0.0 0.0 0.0 0.0 0.0 0.0 1.1078704527530195e-07 2.419947694474325e-07 4.929657257107009e-07 2.8163462683797596e-07 0.0 0.0 0.0 0.0 0.0 1.4106970625914556e-06 5.668845923762404e-07 8.672246650626399e-08 0.0 2.0915047626584256e-07 0.0 0.0 0.0 0.0 3.040409678509736e-07 0.0 7.911777369860525e-07 8.267658846750666e-08 0.0 0.0 0.0 0.0 0.0 0.0 0.0 0.0 0.0 0.0 0.0 0.0 1.0326438960602938e-06 0.0 0.0 0.0 2.1912229562482019e-07 0.0 0.0 0.0 0.0 0.0 0.0 0.0 8.604241712563975e-08 0.0 0.0 0.0 0.0 0.0 0.0 0.0 6.284441709195787e-07 0.0 0.0 0.0 0.0 0.0 0.0 8.436136727699107e-07 0.0 5.02208568165448e-07 0.0 0.0 0.0 0.0 0.0 0.0 1.5090894232031985e-07 7.011899840075962e-08 0.0 0.0 0.0 5.026828005066906e-07 6.76946084784604e-07 3.427304039662935e-07
0.001438662400256241 0.0008287692345611097 0.0 0.00027174020792456984 0.0009321327720965293 2.1732821570060406e-06 0.00014166609362734522 0.00097956837861427 0.0005038888933505901 6.498840999585184e-06 0.0013170400526800556 1.5092383847068392e-05 5.318491937610181e-05 0.0010027734899986055 3.512806453709485e-05 1.913567925964199e-05 1.0465732685420697e-05 1.0691667424043129e-06 1.2670216499773604e-06 2.224884317475264e-06 8.046215225361297e-06 2.6437644786306627e-06 4.975007379583814e-06 5.261599224701594e-06 6.8771550409130765e-06 8.370878388456e-07 1.0396053329596696e-05 1.1205525405616036e-07 4.012792951264867e-06 2.0426606229362577e-06 0.0025686242875930768 0.0007361627734021493 0.0003046521311153149 2.0086227065430986e-06 4.791401479326645e-06 6.74897720223745e-06 1.0358642825406855e-05 9.211473623067442e-06 6.69722223695742e-06 7.2259586198031506e-06 1.6345990411153708e-06 3.064010169997931e-06 1.6395535595512998e-06 2.3155656444640197e-06 1.3262304839867615e-06 3.0065864028810025e-06 9.544504896988288e-05 7.212762964516194e-06 2.3475368144886977e-06 2.6938729203007867e-06 3.4734467283079665e-06 1.3847477259888975e-06 5.197060619367801e-06 3.6991390273029084e-06 1.0521508226437932e-05 2.6315581690621612e-05 5.900675337607198e-05 0.00046846380969488543 7.264486292390428e-05 4.050646220956764e-05 2.2254098690841585e-05 5.3606156164274506e-05 9.876373906543001e-07 0.0005073461910929817 1.5240244983281445e-05 9.839049981581826e-06 3.4693963717046614e-06 4.548730707088115e-06 7.1023690038040844e-06 6.677432146301408e-06 4.233312729277386e-05 9.528698430418055e-07 1.455954983811752e-06 0.00015784870810651975 0.0001425630834549407 7.28579510271746e-05 6.35787722122407e-05 2.2261527797238185e-05 0.00013791249923821245 0.0013289597244425673 2.9758880885449353e-05 0.0003450315968553036 3.338173353711046e-05 2.591046012125903e-07 5.709734080967437e-06 8.372335668891636e-06 1.5815955917962127e-06 8.181668628724153e-07 2.5058198689740073e-06 2.0301914352868706e-07 1.2485882213401565e-06 8.341998571432164e-07 4.488042428513001e-06 1.851160328365194e-06 2.4195050407775707e-06 2.531783831742542e-05 1.7123701168072133e-05 1.937296160088942e-07 8.300637344406899e-06 0.00019504607641220901 8.954734174026227e-08 0.0 0.0 0.0 1.0957327169955658e-07 3.61725158731891e-07 1.1173545913719648e-07 1.2376619214112808e-07 5.276307300764994e-07 0.0 0.0 0.0 2.546244739322499e-07 0.0 6.482011837236798e-07 1.021659139747073e-06 5.999775761179622e-07 0.0 0.0 0.0 0.0 0.0 0.0 3.1717870036978677e-07 2.789589227425549e-07 2.2402219717202426e-06 0.0 1.8014903286353788e-07 0.0 1.0524393546411891e-07 0.0 3.462452868756454e-06 3.2961945072244302e-06 6.550938025555438e-07 0.0 3.5114639541187635e-07 0.0 1.7471435577024452e-06 1.270136405860177e-07 0.0 2.856727864995349e-07 9.338678526946202e-07 2.877330430785958e-06 9.57591387185247e-07 0.0 4.4134701043408715e-07 0.0 1.7524694221939348e-07 0.0 7.922511695008386e-07 0.0 0.0 0.0 0.0 0.0 1.2884730720928657e-06 4.312587598315158e-06 1.2170200458938389e-06 0.0 0.0 7.915518527638008e-08 0.0 0.0 0.0 0.0 1.55555917411165e-06 1.3271806130435892e-06 0.0 0.0 0.0 1.5717995545075677e-07 2.0182157536877132e-07 0.0 0.0 4.311939584964337e-07 1.2096616817593634e-07 1.4297416278884208e-06 0.0 4.013849632042474e-07 0.0 1.1368277394146605e-06 3.3764764612254374e-07 1.7526649417111445e-06 8.172842108547653e-07 1.5136381836911523e-07 0.0 0.0 0.0 2.0663635623825416e-07 0.0 0.0 9.177821955868038e-08 0.0 5.483160635514841e-07 3.7855339360449934e-07 1.3046848722591408e-06 9.395275004726377e-07 1.5332897056543031e-06 5.767115673346736e-06 1.0637677089674984e-06
0.0013361299335097334 0.0011613300290062851 0.00027174020792456984 0.0 8.54814546503343e-05 9.222024943268526e-05 0.0010650373676216913 2.2795364280454205e-05 2.4282545842759937e-05 0.000889007158550907 2.368530906556139e-05 0.0005223307725880611 0.0008531782639793433 0.0001084342623910015 7.873791011205948e-07 3.040114474404052e-07 1.1227693982495884e-07 0.0 0.0 0.0 0.0 1.106296666113419e-07 0.0 0.0 0.0 1.3511826062552954e-07 0.0 0.0 0.0 0.0 8.075172947174245e-05 9.61244136192796e-07 1.7076043091998683e-05 8.908549691797993e-08 0.0 0.0 5.672742287623598e-06 0.0 2.230720211061504e-07 0.0 0.0 0.0 0.0 6.877868790697846e-08 2.2824603367290757e-07 0.0 1.5340626061597372e-05 1.353573759511338e-06 5.204900495893123e-07 0.0 1.557150773368258e-07 0.0 1.1040639905166081e-07 0.0 5.339961475360466e-06 1.0711505584625275e-05 5.4565283775330325e-05 0.00031161286011562674 4.8482069739376343e-05 1.3268263414359577e-05 0.0 2.082192905841635e-07 0.0 7.65889202100684e-06 5.821532405175214e-06 2.0553741496327065e-06 5.778844678151665e-07 5.09735408910357e-07 0.0 0.0 2.418204313806555e-05 2.0980596786657106e-06 0.0 5.57769142658275e-05 2.6919079459765385e-05 7.8264989069106e-06 4.150905999416513e-06 7.753825830792889e-08 0.0 1.0906787299586732e-06 5.7862564801371625e-08 1.44796654599494e-07 1.540532154374179e-05 0.0 9.027485119993896e-07 2.744143301782877e-06 3.0869908789733874e-07 1.477722637052305e-07 5.656243052549427e-07 8.237541929499997e-08 3.014490796146099e-07 8.781388951012467e-08 0.0 1.8008429378367927e-07 7.334700796974227e-08 7.995186877639579e-05 1.629157972697551e-06 6.149865736034895e-07 4.3450162934119177e-07 0.0005069884476576455 0.0 2.1370393765842793e-07 3.304000327601472e-07 1.2796785561832991e-06 0.0 6.867060267487701e-06 6.865586851514549e-07 0.0 8.239485562987734e-07 8.160560804621737e-07 0.0 1.825098398744148e-07 1.2794954495953455e-06 1.0102235666797317e-06 5.179807130498147e-07 0.0 0.0 0.0 0.0 0.0 0.0 0.0 0.0 1.5382681288255383e-07 0.0 0.0 0.0 0.0 0.0 0.0 0.0 4.1779532577059556e-07 1.1249841595882102e-07 0.0 0.0 1.4491084846658632e-07 0.0 4.163169674950063e-07 0.0 0.0 3.6091695887947913e-07 4.1208437460636146e-07 6.553393930596487e-07 2.5538013164654867e-07 0.0 0.0 0.0 0.0 0.0 0.0 0.0 0.0 0.0 0.0 0.0 0.0 0.0 0.0 0.0 0.0 0.0 0.0 0.0 1.518524075272042e-07 0.0 0.0 0.0 0.0 0.0 0.0 0.0 0.0 0.0 0.0 1.1902027317191681e-07 0.0 6.775540133945841e-07 0.0 0.0 0.0 0.0 2.1193906559814799e-07 0.0 9.171838085427099e-07 0.0 0.0 0.0 3.862480248818688e-07 0.0 0.0 0.0 0.0 0.0 0.0 0.0 0.0 0.0 5.570743507325218e-07 1.0703034656121252e-06 2.4164171880449064e-07
0.00011458635622878007 0.0013014578589960744 0.0009321327720965293 8.54814546503343e-05 0.0 6.466990032962438e-07 0.0016798330487829893 0.0002954389132787573 0.002396656133796863 0.00017330605256075303 0.0007531600183870464 2.712042263550449e-05 0.0005047990247095434 0.0009064654854393809 3.1649788931556078e-06 5.559724968024391e-07 3.872268358095197e-07 0.0 3.4861334471428706e-07 0.0 2.20284416422788e-07 0.0 0.0 2.6827312490614956e-07 3.517456464060104e-07 0.0 1.1961146910243977e-07 0.0 0.0 0.0 4.11680620895429e-05 1.8776227432979397e-06 1.220062501863429e-05 0.0 0.0 0.0 4.3914219722607625e-07 1.3465559632122367e-07 4.301925641688321e-07 0.0 0.0 0.0 7.003921642608157e-08 1.3662929018830487e-07 0.0 0.0 1.6402322869613108e-05 5.200477961047087e-07 2.6420304991368983e-07 0.0 6.293277631181549e-08 0.0 0.0 0.0 1.9224386397262906e-06 3.1118938958462475e-06 2.81348353180576e-06 1.180075100876193e-05 7.631226720809887e-06 6.193839910078756e-06 1.075596582585542e-07 1.4900124661322954e-06 1.0465829168311958e-07 5.127247014601142e-06 1.1008160275132386e-06 1.064806653358984e-06 4.697195172647699e-07 4.6067308368756843e-07 0.0 1.3060767275369447e-07 4.789199321494493e-06 0.0 0.0 1.2018666829918336e-05 6.537268709658883e-06 7.1116912851945225e-06 5.454675364146176e-06 5.914917762386079e-07 1.2857956273922162e-07 9.540372225003866e-06 1.7857974384620627e-07 2.633977366708244e-06 3.4661930545901405e-06 0.0 4.731030632513031e-07 5.743509057977373e-07 1.3625629246354998e-07 0.0 2.5974509946857523e-07 0.0 6.505555238144022e-08 3.7391167590375237e-07 8.769623984287114e-08 1.2227093601916222e-07 0.0 5.50050942569703e-06 1.1277084735785463e-06 0.0 2.517276303893793e-07 1.7665962549042243e-05 0.0 4.5444041469274394e-07 0.0 0.0 0.0 1.3596511588967124e-07 0.0 0.0 0.0 0.0 0.0 2.6198212657845664e-07 3.379055733250183e-07 0.0 0.0 0.0 0.0 0.0 0.0 0.0 0.0 0.0 0.0 0.0 0.0 0.0 0.0 0.0 0.0 0.0 0.0 3.0111807240284345e-07 0.0 3.109339170166765e-07 3.955664629651427e-07 0.0 0.0 0.0 0.0 0.0 0.0 4.1272280827585293e-07 8.608188312578979e-07 5.615588358785067e-07 0.0 0.0 0.0 0.0 0.0 0.0 0.0 0.0 0.0 0.0 0.0 0.0 1.6216614781978081e-06 0.0 0.0 0.0 0.0 0.0 0.0 0.0 0.0 0.0 0.0 0.0 0.0 0.0 0.0 0.0 0.0 0.0 0.0 0.0 8.121828145594106e-07 0.0 0.0 0.0 0.0 0.0 3.0494387187398023e-07 1.0199104794551965e-06 0.0 0.0 0.0 0.0 0.0 0.0 0.0 0.0 0.0 8.078825413492258e-08 0.0 0.0 0.0 9.927687139249479e-07 6.090266650710228e-07 0.0
2.632676876688232e-05 5.4017574331758616e-06 2.1732821570060406e-06 9.222024943268526e-05 6.466990032962438e-07 0.0 5.031656672662772e-06 1.5502546479156423e-06 0.0 0.00013184438709978364 3.410047819186536e-06 5.473395156647329e-05 3.7598212150302386e-05 1.4775476439716413e-05 1.083755447252952e-07 0.0 1.225091448324815e-07 0.0 0.0 0.0 0.0 0.0 0.0 0.0 0.0 0.0 0.0 7.345400437068999e-08 0.0 0.0 3.8668343029188816e-07 1.0871252335645783e-07 9.859914508459289e-06 0.0 0.0 2.3688226885303037e-07 1.149689882034734e-05 2.438235229901045e-07 1.4073478967344673e-06 0.0 0.0 0.0 0.0 0.0 9.225968112893665e-08 4.5653698004276345e-07 1.860587115947641e-07 0.0 0.0 0.0 0.0 2.2748732037059862e-07 0.0 2.3770871965004367e-07 1.775108216588365e-07 1.6698592181229071e-07 2.9766234351749404e-05 1.0500980106459993e-05 2.471924326465431e-07 0.0 8.310701345964664e-07 4.156919593550381e-06 1.069564559635005e-07 0.0 0.0 0.0 0.0 0.0 0.0 0.0 0.0002086973216819705 0.00010709044086778228 1.0540656453034589e-06 3.2180500037385855e-07 0.0 0.0 0.0 0.0 0.0 1.4125461697806653e-06 4.102423568895411e-07 1.08324398882909e-06 2.745235811076862e-07 2.0585667308974626e-07 0.0 0.0 0.0 1.7749450189667806e-07 0.0 4.0325599312573007e-07 0.0 0.0 0.0 0.0 0.0 0.0005304879896265136 0.0001405300947209428 1.0869865632305355e-05 5.375980892933938e-06 0.0002617424898462979 0.0 1.1110451896378988e-06 1.0795384944010662e-06 2.3373163617427535e-06 0.0 3.991948104661117e-06 2.583359804361427e-06 1.8818630799740783e-06 1.487529638883373e-06 3.562308214415128e-06 0.0 1.1731560445378389e-06 5.305475727922883e-06 6.911616839147336e-07 0.0 4.951589327663321e-07 0.0 0.0 0.0 0.0 0.0 0.0 0.0 8.148397150363074e-07 1.0359863154838791e-07 2.5343651658127514e-06 2.2974555872448447e-07 0.0 9.147661841115348e-08 6.789134260778593e-07 0.0 2.0901986480695487e-06 2.772140822533198e-06 1.8477765790962986e-07 3.0871296827114815e-07 0.0 0.0 1.253256600793251e-07 0.0 1.5165537482690877e-06 5.026788237954757e-07 1.169083816022852e-06 2.9450841563164414e-06 2.5237776359408577e-06 0.0 0.0 0.0 0.0 0.0 0.0 0.0 0.0 0.0 0.0 0.0 6.143247179943024e-07 2.124079039689551e-06 8.883058972910215e-07 0.0 1.6795788466535746e-07 0.0 0.0 0.0 0.0 0.0 1.0969380543532701e-07 2.986509868318611e-07 0.0 0.0 0.0 0.0 0.0 0.0 0.0 0.0 0.0 7.047444294762202e-06 0.0 8.044738645806378e-07 1.040010798053991e-07 4.3236719629859674e-07 4.786704716573698e-07 6.337466388816671e-07 1.4624681697615758e-06 0.0 1.3849523169815302e-07 1.5642685782370983e-07 2.384598289214832e-07 1.4254071587733312e-07 0.0 0.0 0.0 0.0 0.0 0.0 0.0 2.1697546871069095e-07 9.292882123452988e-06 2.123467890324641e-06 1.451281503241876e-06
0.00038303354889333775 0.0017877614435233013 0.00014166609362734522 0.0010650373676216913 0.0016798330487829893 5.031656672662772e-06 0.0 3.481844202000847e-05 0.0007845208226177389 0.0008449803442470784 0.0002927061385557982 0.00030599688529801296 0.0014070425868145846 0.0025181339151263008 1.555742792717055e-05 6.919744264926882e-06 2.2295298213100116e-06 1.460816532329741e-07 1.1966704141826775e-07 7.543103969160352e-08 1.6386018868190322e-07 0.0 0.0 4.913109945754125e-07 3.30430817332907e-07 7.07526930501771e-08 6.780309011116858e-07 0.0 2.553463804218122e-07 0.0 0.0001068346521639976 9.077322649800647e-06 0.0001023932863579597 1.2507521620881722e-07 4.599531528484659e-07 6.126013663565478e-07 9.630986252825506e-06 4.765671916368164e-07 1.2721930325785534e-06 9.651417705687547e-07 6.634994647160858e-08 2.1443877798829953e-07 0.0 3.915340269726008e-07 3.724859042342929e-07 5.084710751995323e-07 5.47184403090908e-05 2.9673669842365444e-06 4.630274174257169e-07 0.0 5.427745164734622e-07 5.154921430741536e-07 1.7360056471868588e-07 2.3094144345233637e-07 6.1496649692917055e-06 1.2869313640453132e-05 2.0969650133081693e-05 8.946350993624456e-05 3.9278524643001954e-05 2.4527246884888046e-05 7.792085350121975e-07 6.24490647234358e-06 7.467731951232164e-08 1.767929695089413e-05 8.073796099852106e-06 4.186203345333504e-06 1.8456546987395832e-06 1.0840560319886672e-06 1.2204537200404308e-07 1.0360145209116651e-07 3.693985695540241e-05 5.513379003369509e-07 0.0 5.35896596068102e-05 2.7179140993641375e-05 2.639893978003286e-05 2.332062401399141e-05 1.7158107578215204e-06 2.5718745795770625e-07 3.346169645850136e-05 3.9289208655765114e-07 1.1388734562227488e-05 2.1556328303676984e-05 6.25986690440221e-08 2.492828855500275e-06 5.480616836262339e-06 3.379499778160606e-07 2.61054574569006e-07 1.2858400128255373e-06 2.5536977059863874e-07 6.037513543620396e-07 1.5703605059588125e-07 3.443526416864631e-07 1.7569180661183947e-07 3.568577023202447e-07 0.0001035475710845939 1.229603874631516e-05 2.1886847853761084e-07 4.095829343161292e-06 7.954850805473797e-05 9.86488711902547e-08 1.2550708259995836e-06 6.068151562501995e-07 2.3534239606405643e-06 1.8893100879237186e-07 9.496369267447998e-06 1.817700940870349e-06 7.394166732351506e-07 4.471586244831647e-07 2.6650713606339097e-06 0.0 2.980029988913357e-07 3.5775208245969196e-06 1.0276586883402129e-06 1.220322520333207e-06 0.0 0.0 0.0 0.0 0.0 0.0 4.503408701103064e-07 0.0 1.667502984965185e-07 0.0 1.8771236914507596e-07 5.90055516469762e-07 0.0 0.0 4.6890880814569687e-07 0.0 3.1145146755883715e-06 1.4339668327337062e-06 6.260309424694913e-07 6.234399181831679e-07 1.3734721996665223e-07 6.574319308778627e-07 2.058030027345217e-06 6.101484025571802e-07 2.323290234479551e-07 7.530730807016915e-07 1.5324265496857244e-06 5.041418437815626e-06 3.6701908629372798e-06 0.0 0.0 0.0 0.0 3.263529604375107e-07 0.0 0.0 0.0 1.8169498252463357e-07 0.0 0.0 0.0 4.9641654672456404e-06 2.61459436804071e-07 0.0 0.0 0.0 7.019921235045782e-08 0.0 0.0 0.0 3.2163160051870983e-07 7.257101058456812e-07 0.0 0.0 6.781735926249606e-08 6.443994350970474e-08 0.0 0.0 0.0 0.0 0.0 7.258190664624559e-06 0.0 0.0 0.0 0.0 4.525159913882556e-07 1.244214677543465e-06 2.950457690521919e-06 0.0 0.0 0.0 0.0 0.0 0.0 0.0 7.30446635710778e-08 7.034555659368246e-08 1.5957145809835994e-07 0.0 0.0 3.387660421548688e-07 6.403302456533791e-06 4.923103668787653e-06 9.389509345196359e-07
6.174406882351314e-05 0.00023719912794270583 0.00097956837861427 2.2795364280454205e-05 0.0002954389132787573 1.5502546479156423e-06 3.481844202000847e-05 0.0 0.00032163758410328494 3.108080522009514e-06 0.0005480534285010153 1.7134944569428664e-05 4.5978657184606186e-05 0.0006165310687284615 7.492768543039602e-05 4.4080849995574277e-05 2.003376832390709e-05 1.8842297122951534e-06 2.174547551596694e-06 4.025802025105986e-06 2.0974229284282837e-05 8.775187676437487e-06 2.194989209233325e-05 2.050594917131095e-05 2.4765778771054437e-05 9.839604701033446e-07 3.607483801831841e-05 2.7707531980695622e-06 1.015321094257626e-05 4.904340960838764e-06 0.0007397592890069222 0.0012489943389645084 0.0001793416618250806 8.704689708892575e-06 2.067738679263571e-05 2.8909906974410984e-05 2.349915876255721e-05 2.9676974260692404e-05 2.3007631424727583e-05 2.238416451445823e-05 4.9631998633189725e-06 1.0585863966581575e-05 4.703131087508826e-06 2.630954098052637e-05 7.535742384270947e-06 1.3462614890172854e-05 0.00012315214644088136 8.353103740782252e-06 3.668603882001844e-06 6.426166462375493e-06 7.5003584146572674e-06 7.093136757442478e-06 8.623689679004023e-06 7.710961470454114e-06 7.302710721689843e-06 1.4175435817479513e-05 2.1289447815415218e-05 0.00010911068268595574 3.0819121334152656e-05 4.495334962830691e-05 7.395684272667196e-05 0.00019992483724803596 6.07632755370844e-06 0.0003936579567013951 9.744920255180353e-06 8.626468872879643e-06 2.991575181994635e-06 6.093399924345747e-06 1.911063416745552e-05 1.557510669544755e-05 6.183750936553284e-05 4.642147960572161e-06 2.2352984347868615e-06 0.00010293649669276047 8.423724915226e-05 0.00010192366939664679 0.0001874667535419519 0.0001722201548286762 0.0007779249473552425 0.0012429418529824657 0.00016291392974010187 0.0019512276016802439 2.4871314619990992e-05 1.3754044620471124e-07 6.728101228021952e-06 6.3339020612842035e-06 4.290105191583171e-06 8.274182431863843e-07 2.5352632609373722e-06 5.669370519308938e-07 1.525053345938792e-06 9.65031223079038e-07 1.4945109294817264e-05 8.283838756996336e-06 8.021654110364314e-06 6.528594218008666e-05 2.5131263395681568e-05 7.841925230381039e-07 2.4286906833870756e-05 2.87945748404354e-05 0.0 1.1589415888709979e-07 0.0 1.0724238658191384e-06 2.1768011525716862e-07 1.160514562381148e-06 9.209164475186915e-07 1.0607679219657811e-06 2.105216704325352e-06 8.560094754864625e-07 0.0 6.708428621866276e-07 5.793602977663731e-07 2.818776000816646e-07 1.674469846327351e-06 2.497654410334966e-07 1.3198066723980925e-07 0.0 0.0 0.0 2.209890185012489e-07 0.0 1.3567446784993485e-06 3.384430518912705e-07 2.7343571554516794e-07 6.8539946239766625e-06 0.0 5.254371609241601e-07 1.3459672066700638e-07 1.6738533226849848e-06 2.6007818397198264e-06 1.0333423602819245e-05 9.537663087312397e-06 2.384707153272484e-06 5.726561216844773e-07 9.420862536839261e-07 4.97959611046628e-07 1.091306764464812e-06 3.417400338953092e-06 1.1408447068899366e-06 8.99756748298414e-07 1.5106464898684895e-06 4.4110793576495535e-06 4.056948675516094e-06 6.546159111317775e-07 2.17311996309112e-06 0.0 0.0 0.0 7.898756245186859e-07 0.0 0.0 0.0 0.0 0.0 4.764292855174044e-06 7.37736986648845e-06 5.855926554850801e-06 0.0 0.0 2.4018697304581174e-07 0.0 0.0 0.0 3.850498087594228e-07 7.804895950499055e-07 3.7184721010927453e-07 5.211762673191214e-07 0.0 0.0 0.0 1.4904736502869e-07 1.1818360108361776e-07 1.1115215310336518e-07 0.0 1.2574306991821082e-06 3.1412060626920935e-06 5.002666117572005e-07 1.3074448432463613e-06 1.384543998946304e-06 5.921200705650161e-06 3.3787274322348667e-07 6.224928256566291e-07 3.038692298291378e-06 0.0 1.8179075392763112e-07 1.9077222608489007e-07 0.0 9.410823056216463e-07 0.0 8.216929097950086e-08 0.0 0.0 2.711753427264767e-07 5.500042473405392e-07 4.4555776444443365e-06 1.4893835549709686e-06 5.230437080363925e-06 5.977200397234842e-06 3.368690378295273e-06
4.359274551981059e-05 0.0006868633648960142 0.0005038888933505901 2.4282545842759937e-05 0.002396656133796863 0.0 0.0007845208226177389 0.00032163758410328494 0.0 0.0001616503108335891 0.0017362148717849568 8.226754675977534e-05 0.0007531801087575146 0.0009014727998378409 4.777613903915749e-06 2.1376097043097846e-06 8.630580881211928e-07 1.826835383005333e-07 0.0 1.8737747415812818e-07 1.9911572831054686e-07 0.0 3.393989109696889e-07 7.555411445690431e-08 1.077180914497693e-07 0.0 9.645505428753626e-08 0.0 3.684997213317765e-07 8.380565682385895e-08 2.6997903440900215e-05 3.166328097252745e-06 5.238349834886691e-05 2.6287867167506374e-07 1.1871824640194357e-07 9.76033391797115e-08 2.147629040920978e-06 4.944849945617283e-07 4.548191043236467e-07 1.086284152790045e-07 0.0 1.0796095034712911e-07 0.0 3.230687560004651e-07 0.0 1.048300843370904e-07 1.3083535395461823e-05 2.651995146440026e-07 0.0 6.59828058199211e-08 0.0 0.0 0.0 2.0683685617334362e-07 7.961534666659855e-07 2.392262021573112e-06 2.525343812197014e-06 7.83882810289059e-06 6.099269080008539e-06 5.967233996621338e-06 3.680375715859506e-07 2.2977201973549834e-06 2.0752247676121308e-07 6.026633846173107e-06 1.3898180010250798e-06 1.0042381271530593e-06 7.1440740321248e-08 2.1523527639972425e-07 9.91630040476971e-08 2.2262324352822775e-07 2.1307067669922554e-05 0.0 0.0 1.1177744215414783e-05 4.193469832192737e-06 9.047341385411452e-06 5.430603670494455e-06 4.0989267311072693e-07 3.577412691085257e-07 5.615562771888211e-05 4.7174060133259143e-07 4.1503924255855675e-06 3.260577232984425e-06 0.0 2.7469252145600915e-07 9.856474596085204e-07 1.190496982938778e-07 1.3279470510756705e-07 5.472277342510766e-08 0.0 1.2756610487392484e-07 1.420794681969905e-07 0.0 0.0 0.0 2.06745318506698e-05 2.8901594282168384e-06 0.0 2.450735062366568e-07 1.2511205993001781e-05 0.0 0.0 0.0 0.0 0.0 1.783286037336072e-06 0.0 0.0 3.974354410052797e-07 2.0164032373237394e-07 0.0 2.5651977703832084e-07 6.359341857940195e-07 0.0 0.0 0.0 0.0 0.0 0.0 0.0 0.0 0.0 0.0 3.500687193777746e-07 0.0 6.059094570947096e-07 0.0 2.691651342650449e-07 2.756941571814162e-07 2.092815933896068e-07 0.0 1.0611002378077552e-06 8.90990914259671e-08 1.0993347534062632e-07 0.0 0.0 0.0 0.0 3.107468464226547e-07 2.3644081579272877e-07 3.010333290680074e-07 4.360605890734826e-07 1.093115532810228e-06 5.01454924217052e-07 0.0 0.0 0.0 0.0 0.0 0.0 0.0 0.0 1.8510980858468497e-07 0.0 0.0 0.0 0.0 0.0 0.0 0.0 0.0 0.0 0.0 0.0 0.0 9.953423575692838e-08 3.8583957979516597e-07 0.0 3.3746142677341466e-07 0.0 2.0524518068584988e-07 0.0 0.0 0.0 0.0 0.0 1.1438808941396765e-06 0.0 0.0 0.0 0.0 2.723618002347712e-07 0.0 7.475503308896201e-07 0.0 0.0 0.0 0.0 0.0 0.0 0.0 6.985825700808023e-08 0.0 0.0 0.0 0.0 0.0 1.7023833924042686e-06 5.137269025645917e-07 1.5740225424292944e-06
0.0005119298223769308 0.0009778464564517357 6.498840999585184e-06 0.000889007158550907 0.00017330605256075303 0.00013184438709978364 0.0008449803442470784 3.108080522009514e-06 0.0001616503108335891 0.0 4.550394004033951e-05 0.0016404552884752 0.002819133534445527 0.0009739942586123154 1.5105332107720283e-06 5.481220178314017e-07 7.398333131420886e-07 8.273173516088832e-08 7.714966501443172e-08 0.0 2.7650790283077785e-07 1.5979722857212842e-07 0.0 0.0 0.0 0.0 0.0 0.0 0.0 0.0 2.25530833339085e-05 1.7059479105139504e-06 5.046287470300838e-05 0.0 0.0 0.0 3.437771389002164e-05 4.4153240394861887e-07 1.1486255044786794e-06 0.0 0.0 0.0 0.0 0.0 0.0 0.0 7.07953641143995e-06 5.414800016843912e-07 1.9562458878112626e-07 0.0 8.065579661808111e-08 0.0 0.0 0.0 1.4940605294564488e-06 3.4448945706894906e-06 2.0108420036194314e-05 7.279578468254229e-05 1.5838230652703175e-05 4.095155100033145e-06 8.081074669306755e-07 4.546476610612364e-07 0.0 3.725537986375708e-06 2.2183735073880507e-06 6.881654416492109e-07 2.1502048317352672e-07 1.5645992297047306e-07 0.0 2.832799752217237e-07 0.00029447775121146567 1.734980773746397e-06 9.284052236412365e-08 1.7673827562702192e-05 8.004598021373722e-06 2.7357425120464593e-06 3.0493964741238613e-06 2.5732450203284995e-07 0.0 4.832670282755318e-06 2.523181592996505e-07 3.1904823870693508e-06 5.7698707083840935e-06 0.0 7.562753369363844e-07 1.3364728086443889e-06 5.949123767882669e-08 0.0 5.12014750514492e-07 0.0 6.165635365300027e-08 2.704792975649591e-07 0.0 1.5874206605966527e-07 0.0 0.0003135230110670904 0.0002089487578181573 1.4321699818167874e-07 4.712601599856915e-06 0.00022665917614257024 1.9485990405942106e-07 6.468220983897808e-06 7.2284990140760825e-06 1.43961440680991e-05 2.3296206505278335e-06 2.6769659262178862e-05 2.959039214795225e-05 4.010533416985921e-06 2.1179000588371577e-05 1.787406331965654e-05 6.526938509847524e-07 8.105442627943991e-06 2.0498710089455205e-05 8.188239781910138e-06 8.022132230480738e-06 0.0 0.0 0.0 1.813997911240969e-07 0.0 0.0 0.0 0.0 8.584086520432469e-07 1.4935941616016028e-07 9.306529802483099e-07 1.3669177410445525e-07 2.101006364502819e-06 0.0 2.2243935049163355e-06 2.709555182618092e-07 7.0640293531087596e-06 3.747698825820634e-06 5.152533688817637e-07 2.007900380783663e-06 3.948358725071605e-07 2.5969253192016677e-07 1.549356972060894e-06 3.504525482409025e-06 4.365836854125932e-06 6.187994316112284e-06 1.2212876306648879e-05 1.816453795953782e-05 1.0808458128026831e-05 0.0 4.995090292130325e-07 0.0 0.0 1.2557779373447056e-07 8.67244230990023e-08 0.0 0.0 1.972649503944208e-07 0.0 0.0 0.0 7.053118337472509e-06 2.266427075650174e-07 0.0 0.0 0.0 1.0229639838211851e-07 0.0 0.0 1.5203975255241521e-06 1.525657342305574e-06 4.709554130436061e-06 1.9098203889320814e-07 0.0 0.0 0.0 0.0 0.0 0.0 0.0 0.0 3.833546143969451e-05 0.0 0.0 0.0 0.0 2.6996415845982285e-06 3.7219520029190674e-06 9.100221607503533e-06 2.1490012730982343e-07 1.269826273206002e-07 0.0 0.0 1.0513946738755377e-07 0.0 0.0 8.537232858077435e-08 0.0 7.912076703139197e-08 0.0 0.0 0.0 4.221505711054332e-05 1.3462039334279092e-05 1.0618848200611976e-05
0.0001723039655485014 0.0007347446828711004 0.0013170400526800556 2.368530906556139e-05 0.0007531600183870464 3.410047819186536e-06 0.0002927061385557982 0.0005480534285010153 0.0017362148717849568 4.550394004033951e-05 0.0 0.0001570504232179312 0.0009931091218406288 0.00186885237545902 2.7144449302112933e-05 1.6075436420025702e-05 3.3116911346293986e-06 6.992004150585244e-07 9.242987865161981e-07 4.895699383144054e-07 4.03068388915507e-07 5.808218649188261e-06 7.365050409004135e-07 1.361242516755515e-06 2.462095891050275e-06 9.539245926369697e-08 3.5603150880247136e-06 8.422979022688186e-07 3.975715036077673e-06 1.0085189297244683e-07 0.0001696179155878219 3.242023338583991e-05 0.0005975067948164578 1.011313261783512e-06 1.258898245377046e-06 1.2340331679808448e-05 0.00011010087230572798 3.794888163258687e-05 3.659189673786086e-05 4.978672865501883e-06 2.5337602800856335e-07 6.917273488510507e-07 0.0 3.051415150566203e-06 1.938131942816906e-06 3.1600686521592446e-06 4.3919313686391604e-05 1.5931730559525265e-06 5.282858773677265e-07 1.5411312338488197e-07 2.1147315512861715e-07 3.1660973654188185e-06 5.820845514072578e-06 3.3440909763358415e-06 2.7285931602960005e-06 4.048406877698466e-06 7.260042401779333e-06 2.4760218464825904e-05 1.2095925930722061e-05 1.0472668184125887e-05 6.936670926578347e-06 0.00011345354430702484 1.3208639185547705e-06 3.51408078891254e-05 2.3336050991776956e-06 1.6795046231809945e-06 4.4421432086124164e-07 6.777824328916379e-07 2.848716443566436e-07 1.760550467831979e-07 0.00017318789780670715 6.738929469621255e-06 1.2680718257193698e-06 2.219081917834521e-05 1.3992809176006454e-05 2.5286860010221693e-05 2.6137533037828676e-05 8.329380797080992e-06 1.237143510730624e-05 0.0004329489943203379 2.9992329810489637e-06 0.00014482148788416398 7.808745254493348e-06 9.207295992647539e-08 1.2165602338951804e-06 2.436738042596636e-06 2.0033482534315811e-07 1.26205872708626e-07 1.1209564372054474e-06 2.2538229339224317e-07 2.841814308578981e-07 8.591314034251283e-07 3.351043741336688e-07 3.7862104216317016e-07 3.595859167909098e-07 9.401911713933212e-05 3.7163805923914914e-05 2.010289310638867e-06 2.209446868107027e-05 2.1823449268620923e-05 0.0 1.2556357603899102e-06 7.5496964161738e-07 1.2237145470057977e-06 0.0 4.411046572016038e-06 1.6563309230127112e-06 1.486334745157038e-06 2.782372868726375e-06 2.1664416928052863e-06 1.9083293128036927e-07 1.250799069493302e-06 5.0899175247852984e-06 1.2845657627469702e-06 9.549336735789007e-07 8.035307360601664e-07 3.9895429058643453e-07 0.0 2.6363901758884585e-07 0.0 0.0 1.2521131565623305e-06 1.7650998254618726e-06 1.2471593242043752e-06 6.564384836201171e-07 8.034745513562216e-06 1.3850475420631789e-06 3.7666474164322393e-07 1.9827611498056643e-07 1.2884789101082112e-06 1.4442185401428737e-06 1.197939797554436e-05 1.3770579760292553e-05 2.0503320673191633e-06 1.1090080843788886e-06 4.378706025233686e-07 5.591295544743616e-07 2.6676540566959478e-06 2.05891228550329e-06 2.1024618090446181e-07 1.920797630150466e-06 6.064317117177882e-06 1.0990018378813192e-05 7.1883726702293865e-06 3.1443357534759743e-07 0.0 0.0 0.0 4.5910866074178735e-07 1.3888571678813553e-06 0.0 9.230830372899927e-08 2.1139220428035516e-07 0.0 0.0 2.919176676822822e-06 1.5248803748823763e-05 1.2150745765122651e-06 0.0 0.0 0.0 0.0 0.0 0.0 3.4110704120529947e-06 2.820096980428276e-06 3.2468384072250685e-07 1.3138819317143258e-06 3.7197389313650836e-07 0.0 0.0 0.0 4.695622465945649e-07 0.0 1.1260290309310754e-07 0.0 6.241260571410616e-06 0.0 3.4990968904461987e-07 0.0 1.2975603082517501e-06 8.914754885911023e-07 1.0934582732258509e-06 5.075689010872582e-06 4.2817938270284983e-07 2.1315204510216504e-07 4.424646568627007e-07 2.0966875735399324e-07 1.6800556517872174e-06 0.0 7.187595515405262e-08 1.5944743679955908e-07 0.0 1.7220647968746948e-07 2.0558925514197598e-07 5.045230966760041e-07 0.0 9.346967505030713e-06 8.347412006153842e-06 5.8728380465559705e-06
7.403555896180212e-05 7.991444601809104e-05 1.5092383847068392e-05 0.0005223307725880611 2.712042263550449e-05 5.473395156647329e-05 0.00030599688529801296 1.7134944569428664e-05 8.226754675977534e-05 0.0016404552884752 0.0001570504232179312 0.0 0.000907057107195632 0.000671650221402945 3.2249241238754685e-06 1.9107073479947854e-06 9.625870258315506e-07 9.711654144744158e-08 6.298203226348849e-07 9.820081145317438e-08 1.2184579636844532e-07 2.1345628701463127e-06 1.4470891284981225e-07 0.0 1.0149673765944327e-06 0.0 5.578571402896305e-07 0.0 8.675927586004013e-07 0.0 3.0316525729074302e-06 3.704595843751242e-06 0.0001825021207094973 4.875990649901028e-07 2.1163379901552364e-07 1.010137273316882e-06 0.00017159108175930047 2.2487292909434317e-05 3.437041450953514e-05 2.425473042489091e-06 1.2830889227365254e-07 0.0 0.0 8.943055729356372e-07 7.21631918616446e-07 7.597961239278499e-07 4.463049865759491e-06 8.497283427059212e-08 0.0 3.2098568351725155e-07 0.0 1.1060196367214497e-06 4.388189833518793e-06 6.178924505063404e-07 0.0 4.487076106745491e-07 1.2402871860705256e-06 3.5745780519452885e-06 1.3201914732050167e-06 1.1439810805814828e-06 1.8602476598126866e-06 1.1602577170219965e-05 1.0887267174260594e-07 6.489819696790039e-06 1.913217046630991e-07 7.143420987535509e-08 0.0 0.0 0.0 0.0 0.0001963584218977127 3.5256352376938843e-06 1.1572302626554953e-06 1.790345023723859e-06 1.8731954630792565e-06 8.122088791698178e-07 2.994036734473816e-06 9.531384489208815e-07 9.789359081884122e-07 3.10745353250177e-05 4.2699157209633054e-07 9.824856934088777e-06 1.1369417363519645e-06 0.0 2.0424738191503367e-07 7.280293543185899e-08 1.812761636848733e-07 0.0 0.0 1.1756075663029482e-07 0.0 4.5024722046696664e-07 0.0 0.0 1.0459199622267369e-07 0.00032060915857670046 3.525060566078397e-05 3.487260603374501e-06 2.002789350174844e-05 4.044436318316017e-05 1.140374540195943e-07 2.5165698341586275e-06 1.0233741059873776e-06 5.029865056266685e-06 1.7183248333810923e-06 7.067648350891572e-06 3.2630534027359783e-06 1.7250952159873998e-06 1.0031397989014499e-05 4.110239756672937e-06 9.075275786988237e-07 3.985303439490822e-06 9.537805073689977e-06 4.0795924566809785e-06 4.287333144353107e-06 3.1764440120438133e-07 5.941084331603183e-07 9.762079605258481e-08 0.0 0.0 0.0 2.3838734605413098e-07 0.0 2.6021990608249163e-06 0.0 3.7835093390038468e-06 2.946631967281668e-07 9.679620973598938e-07 5.963045687524833e-07 1.9804653550353206e-06 9.593372968126574e-07 1.0564873938255613e-05 8.253461917835012e-06 2.6678612903592926e-06 1.2840342873629838e-06 1.555995627696351e-06 0.0 2.5945427609780118e-06 2.1347798931259234e-06 4.440270863708152e-06 2.6730496279800275e-06 6.020159773020329e-06 1.724704739791021e-05 9.382623383861859e-06 0.0 0.0 0.0 0.0 9.400984825132471e-07 7.335622555436349e-07 0.0 0.0 1.1999283189640842e-06 0.0 1.346319012208535e-07 2.3831210616973832e-07 1.4332327146914785e-05 2.407391616320149e-06 0.0 0.0 0.0 2.107110749621805e-07 0.0 0.0 2.413130582334954e-06 1.5043378695010037e-06 4.939333230750346e-06 5.070004162434197e-07 0.0 1.2282956865625422e-07 0.0 0.0 0.0 0.0 0.0 0.0 2.2436858193219925e-05 2.540284500456193e-07 5.568812706036608e-07 0.0 3.373376341672715e-07 1.3972542413620853e-06 3.1841545374608953e-06 8.205074655222393e-06 7.903463248288813e-08 0.0 2.571902785004849e-07 1.15743552066838e-07 5.986906335968915e-07 0.0 0.0 0.0 0.0 0.0 1.382342806705374e-07 0.0 1.2845298135316901e-07 2.4010282088149598e-05 1.4982428055135921e-05 9.247865371345422e-06
