0.0 0.0018456806189943128 0.00010152165560479266 0.0011257883755753388 3.247064487386963e-05 7.595181820227602e-05 0.00016092959869073875 5.641106381230247e-06 1.0061066006799576e-06 0.0008691257272057439 9.972264448809797e-06 0.00013278673955374767 7.525320550132003e-05 2.9641998637134784e-05 2.2985080576980235e-07 1.9934756738993292e-07 8.15332640948862e-08 0.0 0.0 0.0 0.0 0.0 0.0 0.0 0.0 0.0 5.6561951104769493e-08 0.0 0.0 0.0 0.0010005705318287318 2.5708167139159296e-07 2.984723656516255e-06 0.0 0.0 0.0 1.8748990087690073e-06 4.020066582612831e-07 9.271871979063689e-07 1.7896653089297308e-07 0.0 0.0 7.887112600751351e-08 2.8915410107720596e-07 3.171882251092641e-07 3.007283872983295e-07 1.5466820114045933e-05 9.42023488907454e-07 3.2512673558270606e-07 1.3082173136393933e-07 2.3576737402166533e-07 6.702375684496355e-07 1.515222110994258e-07 0.0 6.965913658146458e-07 1.7465170217666473e-07 3.759085382918867e-05 0.00043070381816816874 7.292245947942473e-07 8.02318134641866e-06 3.610039473917868e-07 3.843078530170944e-07 0.0 8.435149675503277e-06 6.691712220986605e-07 9.529502427179927e-07 5.535263616828788e-07 4.911789756246771e-08 0.0 1.8307797185944743e-07 1.458709278632202e-05 2.603715515103786e-05 7.054481029976092e-07 0.000136281994007125 2.119246649683216e-05 2.4861313622740738e-05 1.0949076587213059e-06 3.9839873678317057e-07 5.002166147817409e-08 3.1289934847779084e-06 3.5007434863662113e-07 4.4111333058835885e-07 1.6676222950190485e-06 0.0 4.576387727430332e-07 9.414210708907439e-07 0.0 0.0 1.1400470817599668e-07 7.826814058901573e-08 0.0 9.585061259538505e-08 3.6304080474147264e-08 4.31347290378533e-08 0.0 0.0003402817585544182 2.333753409289389e-05 2.4084977911471127e-06 7.269667515100561e-06 0.0011014366970045577 0.0 2.8321322184106247e-07 2.700775689038806e-07 2.957662920170291e-07 0.0 2.0013365534918425e-06 5.806699902717999e-07 1.1883148408274154e-06 1.5952780512909976e-06 4.3675621655142426e-07 1.7225914024960093e-06 2.5949621835239296e-06 2.008015451836223e-06 8.303093817476576e-07 4.325124186032235e-06 0.0 0.0 0.0 0.0 0.0 0.0 0.0 0.0 0.0 0.0 0.0 0.0 6.03561430508186e-08 0.0 0.0 0.0 9.150363243373235e-08 1.0578738916127245e-07 0.0 0.0 0.0 0.0 8.587908564589586e-08 0.0 4.7457735482022295e-08 0.0 8.932434136400144e-08 4.813844859685821e-07 3.018423636566987e-07 0.0 0.0 0.0 0.0 0.0 0.0 0.0 0.0 0.0 0.0 0.0 0.0 0.0 0.0 0.0 0.0 0.0 0.0 9.079038061191253e-08 0.0 0.0 0.0 1.1788410958628981e-07 0.0 0.0 0.0 0.0 0.0 0.0 0.0 0.0 0.0 3.0883874512434005e-07 4.187056341025099e-07 0.0 0.0 0.0 2.6572163728465705e-07 0.0 1.8712606221795343e-07 0.0 0.0 1.0564845111237981e-07 0.0 8.039668292544365e-08 0.0 6.302453446138793e-08 0.0 0.0 0.0 0.0 0.0 0.0 9.66231087027264e-07 1.790525617010634e-07 1.8593314558991543e-07
0.0018456806189943128 0.0 0.0008690576852602787 0.0004319521578211458 0.0013570908307202869 5.073093427393971e-05 0.0013720652003906591 0.00017158572743726283 0.0005533254092651628 0.0008026765852494714 0.0006623840563550693 5.771193954992379e-05 0.0006783771114079311 0.0009334661985654147 3.939718958118862e-06 1.2856644138779213e-06 2.172327942769399e-06 4.7677637401364284e-08 2.5969673893766987e-07 2.0087012064944945e-07 1.7183958749653317e-07 4.011383827482868e-08 0.0 1.2036951193646304e-07 5.6743003856967696e-08 5.291930305012311e-08 3.353636399192765e-07 5.951905876475694e-08 0.0 0.0 0.00195194603173031 3.25697813975091e-05 7.752981575834695e-06 5.285903942530641e-08 1.218525256238635e-07 5.452480807026765e-08 2.9132999765582346e-06 4.433586386576749e-07 9.821314031901932e-07 6.011972299412397e-08 1.721542058359436e-07 0.0 0.0 6.797322437947762e-07 1.0211548222004464e-07 8.243148532837593e-07 0.00011226616854958122 6.197608261372372e-06 6.665530278909852e-07 2.934392820581555e-07 1.4046889931214282e-06 0.0 0.0 1.3175773401757278e-07 5.935286162299556e-07 5.093000269948941e-07 4.5823148509425804e-05 0.0007585727608208496 2.981235841696241e-06 4.9631417677951775e-05 1.4017176805775298e-06 7.750121970021734e-07 1.0406548741779385e-07 0.00010020008165109123 4.121175799585863e-06 2.950188306288357e-06 2.46754019273191e-06 8.346383558302076e-07 9.600654889083515e-08 4.6277445329286663e-07 5.976318885946124e-06 0.0 0.0 0.00035441814201986094 0.00014036930264946075 0.0001297036775650646 2.5467087444078876e-05 1.3047459618036914e-05 1.911237053993512e-06 1.2857376309284412e-05 1.004855495609864e-06 1.6942819655938213e-06 6.706840870718514e-06 0.0 2.552988445835916e-06 1.8266845140483812e-06 1.248314723009033e-06 0.0 5.894922865630452e-07 2.2359263386694225e-07 2.2556942995188937e-07 0.0 2.642437778274802e-07 1.116649217572922e-07 0.0 3.0954973622698186e-05 6.951691942638147e-06 0.0 1.9108664890442834e-06 0.0007633311120239932 0.0 3.324161622182982e-07 1.0402585777560385e-06 1.5440323216362975e-06 0.0 2.8146918190504357e-06 7.871028942389851e-07 3.0733941645323387e-06 1.4321943383659684e-05 1.235629793419062e-06 2.0546366982088844e-06 9.44466363104907e-06 6.818952353553961e-06 2.716113503702385e-06 1.2562811266369224e-05 0.0 0.0 3.2747247376841244e-07 0.0 0.0 0.0 0.0 0.0 0.0 0.0 0.0 0.0 0.0 0.0 0.0 0.0 0.0 0.0 0.0 2.694659534232301e-07 0.0 0.0 0.0 0.0 5.240935644696819e-07 5.528057137985977e-08 1.8406533945266075e-06 2.466084898407359e-07 0.0 0.0 0.0 0.0 0.0 0.0 0.0 0.0 0.0 0.0 0.0 0.0 0.0 0.0 0.0 5.295335906090805e-08 0.0 0.0 1.1719677572584095e-07 9.325146800996057e-08 0.0 0.0 0.0 3.1721774031861103e-06 4.798618335129488e-07 0.0 0.0 0.0 0.0 0.0 0.0 0.0 0.0 2.5640584110640545e-06 0.0 0.0 0.0 0.0 1.81657165247182e-06 0.0 4.015732743952719e-07 1.6542839566405395e-07 5.6640752499874804e-08 0.0 0.0 0.0 0.0 0.0 0.0 0.0 0.0 0.0 0.0 0.0 6.891704448067581e-06 1.920896017947129e-07 1.4283418667174367e-07
0.00010152165560479266 0.0008690576852602787 0.0 2.4048572936642763e-06 0.0002715090987671393 2.1917352820883803e-06 8.016303490026234e-05 0.0016537413308806022 0.00024490328902527814 1.063691627599245e-05 0.001386753428843607 9.27346304906493e-06 3.797333208919015e-05 0.0007422610808061638 1.3563193993205772e-06 2.010281436344104e-06 2.2414893402186145e-06 9.351736716861571e-07 5.166215177832478e-07 1.5796851200866493e-06 9.778423813356051e-07 0.0 2.988100891473218e-07 6.896437015438375e-08 3.5302492919212984e-07 5.978035323967493e-08 4.6269892536961235e-07 0.0 5.334910395239923e-08 0.0 0.0028172854689288533 0.0003103997085923126 5.1430230940056026e-05 3.993601058677661e-07 8.283374343688949e-07 8.160005680810397e-07 5.415532229543202e-06 1.4847478140733968e-06 7.125257459240495e-07 2.6546850863406567e-07 2.3037760857067556e-07 4.7021093221969734e-07 3.899407243430443e-07 9.199361887364208e-06 2.0919805880888677e-06 1.0914035864513342e-05 1.946548495989589e-05 1.8724130786954931e-06 1.8538861088800566e-06 1.7241311523943166e-06 5.747793796597548e-07 4.2565821850070644e-07 0.0 1.1702458317078629e-07 3.857922792571967e-07 3.0763133792757476e-07 8.989142258934638e-06 0.0003737344159945302 3.1114533655455247e-07 6.91209719367416e-06 1.3378987383801907e-05 6.861214914623197e-06 9.117402595787325e-07 6.210115708476778e-05 4.0870912957083597e-07 5.321833609246232e-07 2.723077396457885e-07 5.132691255017507e-07 1.8936072178253415e-06 2.801805545150634e-06 1.3714854670180575e-05 5.28549446096091e-08 0.0 7.695918372864796e-05 3.512225018266455e-05 2.438226129699341e-05 7.793582542431561e-06 4.865904037175895e-06 3.216912272321332e-05 0.0002812373368288009 1.3048198974308803e-05 2.6277059637980995e-05 1.06392503725219e-06 0.0 4.238902064343417e-07 3.263522440868465e-07 1.8873588425309663e-07 0.0 1.8914573483238235e-07 0.0 1.299725332481065e-07 0.0 1.813462973145517e-06 4.987415209122976e-07 5.559707881011661e-07 2.9730037384922837e-05 5.71722368813149e-06 4.1739023010957255e-07 3.932807853568824e-06 4.7645781961200024e-05 5.118085142653454e-08 7.745835110642493e-08 1.9598578322010678e-07 7.733143483330718e-07 0.0 1.8962263405086693e-06 0.0 1.689462669074275e-07 1.0566578265788935e-06 1.287940635425045e-07 1.0928004792605705e-06 2.832021614740506e-06 2.2268291223246694e-06 1.2321724000641169e-06 6.998229277031768e-06 0.0 0.0 0.0 0.0 0.0 0.0 0.0 0.0 0.0 0.0 4.906957318225685e-08 0.0 0.0 0.0 0.0 0.0 0.0 0.0 0.0 9.191924829132057e-08 0.0 0.0 0.0 0.0 2.449070264651419e-07 8.90505997603602e-08 1.8791349051513364e-06 1.2734213791807736e-07 0.0 0.0 0.0 0.0 0.0 0.0 0.0 0.0 0.0 0.0 0.0 0.0 0.0 1.192874648241367e-07 0.0 0.0 0.0 0.0 0.0 4.8278384955469305e-08 0.0 0.0 0.0 8.895775021120805e-07 4.950488938862138e-08 0.0 7.018482362441721e-08 0.0 0.0 0.0 0.0 0.0 0.0 2.9256954955259707e-06 0.0 0.0 0.0 3.659011049272516e-08 1.4824909873510096e-06 0.0 1.4506250641411394e-06 0.0 0.0 0.0 0.0 0.0 0.0 0.0 0.0 0.0 0.0 0.0 0.0 0.0 3.4175304788774437e-06 1.2367441308512958e-07 1.1287053548826762e-07
0.0011257883755753388 0.0004319521578211458 2.4048572936642763e-06 0.0 1.9341973597451703e-05 0.00035606113232403017 0.0002442678751265213 5.880902089711815e-07 9.82423158808627e-07 0.0013833990100608348 1.4463046804422959e-06 6.917054383905879e-05 0.0002295590161866182 4.082265901008344e-05 1.6810846047363638e-07 1.4661009875740754e-07 2.4326773921549454e-07 0.0 0.0 0.0 0.0 0.0 7.022647012205198e-08 0.0 0.0 0.0 0.0 5.688866740257246e-08 0.0 0.0 0.00012412496683078723 9.653778298063356e-07 9.516400485051045e-08 0.0 0.0 0.0 3.8523823720267804e-08 0.0 0.0 0.0 0.0 0.0 0.0 0.0 0.0 6.23592300745355e-08 8.67117744329912e-06 9.194295854391833e-07 0.0 2.0426364360877442e-07 1.606977804728366e-07 0.0 0.0 0.0 4.948763442251391e-07 1.3699033710911e-07 1.3627565027658759e-05 0.00014323995881856266 4.422310406885606e-07 6.004945290151762e-06 0.0 0.0 0.0 3.0242440361676336e-06 3.273635604001221e-07 4.039071566611104e-07 4.2172953645963747e-07 4.606860099946529e-08 0.0 0.0 1.2959296287861976e-06 4.957784614853083e-08 8.240222207716539e-08 6.979777532393038e-05 1.2820220384142036e-05 1.5955433675732707e-05 1.1119195189538232e-06 6.741444551199438e-07 0.0 1.584679033514342e-07 0.0 0.0 9.237663523686604e-07 0.0 3.552480371705288e-07 5.924240595348281e-07 0.0 0.0 4.917889523854797e-08 0.0 0.0 0.0 0.0 0.0 0.0 1.555158606451653e-05 0.0 0.0 7.629018986127024e-07 0.00042788461401299796 0.0 1.593997675430789e-06 2.1598997208259093e-06 2.180630502991125e-05 7.938357314637816e-08 8.822635026144595e-06 4.377662472830274e-06 2.6395944406249784e-06 7.819193844959553e-06 4.698573139350457e-07 3.8788746392350125e-07 4.150481232953063e-06 5.963331380425305e-06 1.1964005900807954e-06 3.3566038748308703e-06 0.0 0.0 0.0 0.0 0.0 0.0 0.0 0.0 2.778350861427945e-07 0.0 0.0 0.0 0.0 0.0 0.0 0.0 0.0 0.0 0.0 1.8042921334429503e-07 0.0 0.0 0.0 0.0 0.0 7.251909870687789e-08 2.0086408952555414e-07 0.0 0.0 0.0 0.0 0.0 0.0 0.0 0.0 0.0 0.0 0.0 0.0 0.0 0.0 0.0 0.0 0.0 0.0 0.0 0.0 0.0 0.0 0.0 0.0 4.064440021174035e-07 0.0 0.0 0.0 0.0 0.0 0.0 0.0 0.0 0.0 6.211253488728877e-07 0.0 0.0 0.0 4.513947462064143e-08 2.2253096560483042e-07 0.0 1.2019150014041836e-06 0.0 0.0 0.0 0.0 0.0 0.0 0.0 0.0 0.0 0.0 0.0 0.0 0.0 1.469153879004347e-06 0.0 0.0
3.247064487386963e-05 0.0013570908307202869 0.0002715090987671393 1.9341973597451703e-05 0.0 1.095102252933787e-05 0.0009514101183146663 0.00013849931889159888 0.0011381022990711125 0.00024898426724522747 0.0006672117978923637 1.309914378659173e-05 0.000388162015753088 0.0016251333613566767 2.244492808175702e-06 9.477151755949168e-07 2.40103767973744e-07 1.29641031729634e-07 1.3107381250353836e-07 2.1933790212597446e-07 1.1691861394323959e-07 0.0 0.0 0.0 3.008783162769523e-07 1.0613046488264134e-07 5.199697358921543e-08 0.0 1.345186952442452e-07 1.1117723000131084e-07 7.69889680411881e-05 1.3604553889452272e-05 4.930400320613672e-06 6.234201359652134e-08 1.247324626729042e-07 0.0 1.4451868909852012e-06 3.9686361339174596e-07 5.024586493792059e-07 8.041787121597047e-08 5.343637669587058e-08 1.4818166283426248e-07 1.0098771760145427e-07 1.3312382365508286e-06 3.9961266314872526e-07 8.052601521917968e-07 4.261002246518949e-05 1.639379069540835e-06 5.423152919626586e-07 1.8144363647994562e-07 1.4909729854121538e-07 0.0 0.0 5.5234258696895556e-08 2.9543152099455025e-07 0.0 8.255676431006986e-06 7.953935296590595e-05 1.2828647264872898e-06 1.4493921532259869e-05 1.6404459674222188e-06 6.576622466007713e-07 1.9110208064591091e-07 4.4156480096168463e-05 6.343618485501503e-07 3.4873600653365845e-07 8.933842324472798e-07 2.5160769240537086e-07 3.3688807790501035e-07 4.888130411096109e-07 1.0097437064491715e-05 2.2759480832695084e-07 0.0 5.8595924521786686e-05 2.759914327918533e-05 3.265504122957336e-05 1.4032553537059378e-05 7.402176056589737e-06 2.1522481291682507e-06 3.13362193987246e-06 8.222406029659229e-07 1.4083336885839233e-06 1.8587987251383476e-06 0.0 7.504439218020476e-07 5.655127680904382e-07 1.3894143743198754e-07 0.0 5.4873835558638454e-08 0.0 1.2200406951526623e-07 0.0 4.920527981845191e-07 2.286571074763648e-07 6.069501285683949e-08 7.04290960972917e-05 6.261267785887349e-06 0.0 2.3568985424038774e-06 1.4431634397922947e-05 1.0537036075098245e-07 2.1271340213842243e-06 3.07444353247598e-06 2.277766855972709e-06 1.8557212568782028e-06 8.434468114856822e-06 1.0525022949224692e-06 6.524466024741293e-06 1.2473008438648867e-05 1.4868051415337246e-06 2.117335111549169e-06 1.8545061568241952e-05 1.0261437805837174e-05 8.738084188404828e-06 3.245580774565332e-05 0.0 0.0 0.0 0.0 0.0 0.0 0.0 0.0 0.0 0.0 0.0 0.0 0.0 0.0 0.0 0.0 0.0 0.0 0.0 1.0439635170041267e-06 2.541351181984223e-07 0.0 0.0 0.0 2.221905189773385e-06 0.0 4.665137536789949e-06 1.045143141352527e-07 1.7904594333615726e-07 0.0 0.0 0.0 0.0 0.0 0.0 0.0 0.0 8.81809355017301e-08 0.0 0.0 0.0 0.0 0.0 0.0 0.0 0.0 5.4173308614668705e-08 1.4060350804571828e-07 9.598287672954619e-08 0.0 0.0 4.097177076745063e-06 1.2059774236176306e-07 0.0 0.0 0.0 0.0 0.0 0.0 0.0 0.0 5.678022878689668e-06 0.0 0.0 0.0 0.0 1.482698743697823e-06 0.0 2.8030586143038387e-06 2.0153641302962418e-07 2.1274197538144522e-07 0.0 8.559803527237622e-08 0.0 0.0 0.0 0.0 0.0 0.0 0.0 0.0 0.0 1.2108323085295718e-05 2.1632814910293276e-07 3.997620128220266e-07
7.595181820227602e-05 5.073093427393971e-05 2.1917352820883803e-06 0.00035606113232403017 1.095102252933787e-05 0.0 4.8325497623371934e-05 6.630130041708307e-07 1.465305149033337e-06 0.0006220659543295 4.021269466466675e-06 7.402432083354075e-05 6.408081659656228e-05 2.7790782907555476e-05 3.697439545524637e-07 1.0700504450724605e-06 8.052727262915496e-08 0.0 0.0 9.716774656859755e-08 0.0 1.5321471904960429e-07 0.0 0.0 7.07570741181171e-08 0.0 0.0 0.0 0.0 0.0 1.6836349555455527e-05 5.6038155057228734e-06 4.332518828004887e-06 0.0 7.74053168945932e-08 0.0 2.5112760938832474e-06 5.823731003029316e-07 2.1692227035644236e-06 2.899279974369306e-07 8.030752545575503e-08 0.0 0.0 7.449582416418995e-07 3.3082119976143635e-07 4.5010734329329865e-07 4.212485586936187e-06 3.08880173390518e-07 0.0 7.851317880432917e-08 0.0 4.6602327689284114e-07 4.2888911934631583e-07 0.0 0.0 0.0 1.204916420366285e-05 2.7628186037267663e-05 1.452687355375147e-06 1.4115857935914382e-06 8.830386528130993e-07 5.275240756770015e-08 3.235872396264574e-07 2.7580924352990687e-07 1.0667955506701443e-07 5.551536065239589e-08 4.441009747809108e-07 0.0 6.814466899581237e-08 2.599261597163703e-07 2.664532310239527e-05 0.00011449316600374806 2.531375092013365e-06 9.669238421538826e-06 1.4267908243332046e-06 3.4905391104202292e-06 6.005901020929084e-07 8.746907321911297e-07 2.5095049432517505e-07 5.605796356945071e-06 3.106973113417165e-07 2.0594031192303853e-07 6.024255080009581e-07 1.0983793164778322e-07 0.0 1.5047016089278913e-07 0.0 0.0 0.0 6.67016027749598e-07 0.0 7.962987313629593e-08 1.1521960269565035e-07 0.0 2.300173917603412e-07 0.00046389604617508236 6.645217075494982e-05 9.970417389341957e-06 2.0230521209769617e-05 8.582408914441927e-05 0.0 0.0 1.0756274570811754e-07 1.1211489518186014e-07 0.0 0.0 0.0 0.0 1.4821013211975493e-07 1.413778607075797e-07 2.5857037496824733e-07 3.4883485744787087e-07 1.8709612086208913e-07 1.6866545063674328e-07 6.674905899075732e-07 0.0 0.0 0.0 0.0 0.0 0.0 0.0 2.026261934712083e-07 0.0 0.0 0.0 0.0 2.1638486150677173e-07 1.2712051395414947e-07 4.1877987247624703e-07 0.0 4.1534523471047286e-07 0.0 2.111714865904953e-07 0.0 0.0 0.0 0.0 8.527752071578919e-08 0.0 9.039340568857429e-08 5.20247834189241e-07 4.885043586658237e-07 1.008702793188949e-06 0.0 0.0 0.0 0.0 0.0 0.0 0.0 0.0 0.0 0.0 0.0 0.0 1.183433126143398e-06 0.0 0.0 0.0 0.0 0.0 0.0 0.0 0.0 1.5795734093878676e-07 0.0 0.0 0.0 0.0 0.0 0.0 0.0 0.0 0.0 0.0 1.5989867242809185e-07 1.3694159927948474e-06 0.0 0.0 0.0 0.0 0.0 1.2278919884324584e-07 8.86521884772522e-08 0.0 0.0 9.604991743305577e-08 5.98675982082336e-08 0.0 0.0 0.0 0.0 0.0 0.0 0.0 0.0 3.0708577515711144e-07 6.735525042774673e-08 6.350018261844871e-07
0.00016092959869073875 0.0013720652003906591 8.016303490026234e-05 0.0002442678751265213 0.0009514101183146663 4.8325497623371934e-05 0.0 2.9543855737189214e-05 0.0006556788972076992 0.0011721352072471252 0.0005452387554027163 0.00020142753200323574 0.0022503564930017664 0.0020388771009825692 5.3285282202554975e-06 1.8700037042170026e-06 1.480608153795644e-06 4.1543282488151765e-07 3.75439470210031e-07 6.455512816133957e-07 4.4582934411119813e-07 8.239219930153418e-08 6.122666436389696e-08 5.3803751497985956e-08 3.0125237689733317e-07 3.6163223575573206e-07 2.66978852835539e-07 1.6927729625238456e-07 7.48012759888485e-08 0.0 9.226721075463263e-05 1.630742868338792e-05 1.7214151881133167e-05 1.5615185654737798e-07 5.461962249609937e-07 5.805522960632596e-07 6.714512337310115e-06 1.1860899473189158e-06 7.664294553649106e-07 2.5450120345102057e-07 1.0104293809569802e-07 2.570451394457353e-07 0.0 4.117511860076728e-06 5.884759906047114e-07 4.850253802358852e-06 5.99983089510465e-05 2.410977356797779e-06 1.0680349664698458e-06 1.1434812830628275e-06 6.514631162265703e-07 0.0 0.0 0.0 2.2903466773574277e-07 1.0789594943195257e-07 9.468967683504914e-06 0.00012877198368918438 2.486239692369198e-06 1.837882743029687e-05 6.256058775600204e-06 2.0070021396970796e-06 2.931687544086952e-07 5.2466653949181816e-05 1.0266846684395933e-06 1.1745786823746532e-06 9.105722173689177e-07 5.677120848722082e-07 1.0783813555443387e-06 2.0978801065121923e-06 1.7647015939653683e-05 0.0 0.0 7.871899804143998e-05 3.483265325425102e-05 4.439595927777734e-05 1.6096553110717068e-05 9.21253748459366e-06 1.608502167325051e-06 3.5248941697221043e-06 2.7856951355803816e-06 3.0028413788647955e-06 2.4466092843851774e-06 0.0 9.783678231657574e-07 6.268444573348509e-07 3.939803909673203e-07 0.0 2.892690416015469e-07 0.0 1.3921598847594112e-07 0.0 1.8815224842590662e-06 3.413992435111778e-07 2.673814382912377e-07 0.000181382008662518 1.4485725893548406e-05 0.0 4.657223158747778e-06 3.689044604752999e-05 1.1299630703819863e-06 2.4325238881482768e-06 7.757744453570907e-06 6.864128292667099e-06 1.1034290098658667e-06 1.7375182766133715e-05 2.174515383792078e-06 1.2468110642290414e-05 2.1539572266769862e-05 4.791693704196978e-06 9.245568736007591e-06 3.6747130061351594e-05 2.4048581261180875e-05 1.5224530837389869e-05 6.214905085860387e-05 6.455762631634254e-08 9.285938147125328e-08 5.761032708724366e-08 0.0 0.0 0.0 0.0 0.0 0.0 0.0 0.0 0.0 0.0 0.0 0.0 0.0 0.0 0.0 0.0 2.4663630641578057e-06 8.079498548960777e-07 0.0 0.0 0.0 4.090820803850632e-06 1.953023021368305e-07 7.726399659144036e-06 1.3574946907825998e-07 3.924080849035124e-07 0.0 0.0 0.0 1.0717215901469471e-07 0.0 0.0 0.0 0.0 0.0 0.0 5.7201111363104876e-08 0.0 6.762112776325618e-08 0.0 4.7804731433923114e-08 0.0 0.0 1.1390903947320793e-07 5.144308945491453e-07 0.0 0.0 0.0 6.689451966046427e-06 5.458696038914628e-08 5.548691517397144e-08 0.0 0.0 0.0 0.0 0.0 0.0 0.0 1.4011751222590488e-05 0.0 0.0 0.0 0.0 4.337215272117824e-06 0.0 6.636576134702484e-06 2.259177710031326e-07 6.69373490916298e-08 1.6015554275620508e-07 0.0 5.948113410542075e-08 0.0 0.0 0.0 0.0 0.0 0.0 0.0 0.0 2.955911300857388e-05 9.359027988544933e-07 1.0210982804139282e-06
5.641106381230247e-06 0.00017158572743726283 0.0016537413308806022 5.880902089711815e-07 0.00013849931889159888 6.630130041708307e-07 2.9543855737189214e-05 0.0 0.0003959299776566531 1.2763454664374346e-06 0.0034049664643899537 8.674966223105044e-06 3.947222251185272e-05 0.0012583839388259383 6.3399037496449275e-06 4.944664353185367e-06 6.0829329120584425e-06 2.7117469144523833e-06 1.1743161658035778e-06 2.9635348104911935e-06 4.7908102080318354e-06 5.044121105696609e-07 5.694184644073456e-07 3.1876816530621305e-07 3.221243429115234e-06 3.1853024540423395e-07 2.065433120225615e-06 0.0 1.7037009225591634e-07 2.3357435420938338e-07 0.0010250326725762906 0.0007054107201831729 0.00032382470242082724 1.1542056847309905e-06 6.038874575913698e-06 4.682606040393922e-06 1.2012747309429102e-05 9.304204885848221e-06 3.344142545191471e-06 2.3193371868611784e-06 1.9861987816850433e-06 2.3127363836355515e-06 2.0510984401796066e-06 3.93364573499488e-05 4.6233772135952455e-06 3.363368464335838e-05 5.5439055821187796e-05 3.7767349650660274e-06 3.568883203491878e-06 4.475249846747419e-06 1.6561562158898647e-06 2.172941248551878e-07 1.142268360561974e-07 9.49187952243074e-07 1.4593142273402415e-07 0.0 5.8099188563833144e-06 0.00013093892326715195 8.787189357121598e-07 1.4837872992657583e-05 8.204050633415079e-05 5.8588609510488625e-05 4.048888375393457e-06 0.00012086373097547619 6.884501421249636e-07 1.6306819587488628e-06 5.660091057799509e-07 1.755997107346944e-06 6.588333345281531e-06 1.1676149830515807e-05 1.7380179540377418e-05 1.0598004389127967e-07 0.0 4.12886709627476e-05 3.314374460739204e-05 3.396470304103196e-05 3.0527830053449566e-05 3.978003552945195e-05 0.0006316895266323309 0.0017762698298621966 7.060194959607188e-05 0.00023270221757483716 1.1701684984152847e-06 0.0 3.628849200280032e-07 5.968642205606626e-07 9.852302501974092e-07 0.0 2.0293111043040564e-07 0.0 4.2628522921866854e-07 0.0 9.271434877327227e-06 2.279056901470374e-06 1.5215353208705072e-06 2.6572720393265548e-05 3.8318545570198645e-06 5.140880807055245e-08 4.900274634557491e-06 5.517541310040631e-06 6.737332792805387e-08 1.6725937345745418e-07 4.778844184442336e-07 2.1098456142818855e-07 0.0 1.0984558958799232e-06 1.0379080146712162e-07 2.2266754675399036e-07 4.6755597196332896e-07 4.015284536219028e-07 1.149478910413412e-06 2.285813922708422e-06 2.0626798923282004e-06 1.3884623693486963e-06 5.021048680161385e-06 0.0 0.0 0.0 0.0 0.0 0.0 0.0 1.0448493621333127e-07 0.0 0.0 0.0 0.0 0.0 0.0 0.0 6.640044019038731e-08 0.0 6.073967888426647e-08 0.0 0.0 2.3137224406496716e-07 0.0 0.0 0.0 3.3828458464296036e-07 0.0 1.3757637903730672e-06 0.0 2.76966286874302e-07 0.0 0.0 0.0 0.0 0.0 0.0 0.0 0.0 0.0 0.0 0.0 0.0 8.990322609398617e-08 5.916320658355728e-08 0.0 0.0 0.0 0.0 9.667230164413509e-08 0.0 0.0 0.0 6.08134030253347e-07 4.640854212354652e-08 0.0 0.0 0.0 0.0 0.0 0.0 0.0 7.989529813751327e-08 1.0814180780075882e-06 0.0 0.0 0.0 4.6475999450746196e-08 6.370857858182262e-07 7.510037211991793e-08 1.0664653148941208e-06 0.0 5.6352853626458306e-08 0.0 0.0 0.0 0.0 0.0 0.0 0.0 0.0 0.0 0.0 0.0 1.7864240282024698e-06 3.172953926259005e-07 4.6594119012235076e-07
1.0061066006799576e-06 0.0005533254092651628 0.00024490328902527814 9.82423158808627e-07 0.0011381022990711125 1.465305149033337e-06 0.0006556788972076992 0.0003959299776566531 0.0 2.2421976274731858e-05 0.0008688802054172971 6.3779389690049405e-06 0.0001854844706345795 0.0013366207087422447 9.146651840506181e-07 9.577319201022418e-08 2.5732666992845974e-07 5.7383096558800006e-08 0.0 5.2277194683199465e-08 0.0 0.0 0.0 0.0 1.657677971612603e-07 0.0 0.0 6.47055594690974e-08 0.0 1.1803069763970222e-07 1.3682291973607791e-05 2.6165377833044645e-06 2.867153383603976e-06 0.0 5.290428079021028e-08 0.0 8.443312369200458e-08 1.3307481244095995e-07 3.426499240218916e-07 0.0 0.0 0.0 5.949470016634045e-08 5.939023752941415e-07 5.2672173780669705e-08 9.173694685840539e-07 7.67261183854239e-06 4.8040234918499453e-08 4.690957774114617e-08 1.2086547664857707e-07 9.950963197713134e-08 5.994732411114655e-08 0.0 0.0 0.0 0.0 8.883095575092164e-07 8.676718895483922e-06 2.6587515319485976e-07 1.6312203159134093e-06 5.700386266254107e-07 3.334827744148662e-07 0.0 5.265068564012134e-06 1.0111535126088797e-07 2.1299335024469332e-07 1.5023103873387561e-07 0.0 5.018921165496726e-08 2.0085668949524843e-07 1.1906084931161658e-06 0.0 0.0 7.77449799521201e-06 3.409321980381416e-06 4.685502773329442e-06 3.4575178262321027e-06 1.5299598645408594e-06 6.232005236985318e-07 3.854117193072498e-06 2.0012016626445114e-07 6.303192953188785e-07 1.607478229297887e-07 0.0 4.4896948051002836e-08 4.2937376379759225e-08 0.0 0.0 0.0 0.0 0.0 0.0 4.475539400212062e-07 1.1486461153674362e-07 0.0 1.0251353933333758e-05 1.6674418096686381e-06 0.0 8.179978660193862e-07 3.489207731884658e-07 0.0 1.3994104066780346e-07 2.89916736693763e-07 4.398512544277587e-07 1.214175704913638e-07 8.133050405807863e-07 5.543039163953871e-07 8.771098675675039e-07 2.5982217639507985e-06 3.89424257777531e-07 9.794843111698016e-07 2.9194546432650862e-06 1.7403067734916863e-06 8.852096867980761e-07 4.919215553735755e-06 0.0 0.0 0.0 0.0 0.0 0.0 0.0 0.0 0.0 0.0 0.0 0.0 0.0 0.0 0.0 0.0 0.0 0.0 0.0 2.630102106308192e-07 0.0 0.0 0.0 0.0 6.242086260576263e-08 0.0 1.0192617516058375e-06 1.3213335400090815e-07 6.289029037273747e-08 0.0 1.1600235925251851e-07 0.0 0.0 0.0 0.0 0.0 0.0 1.1583796351223637e-07 0.0 0.0 0.0 0.0 0.0 0.0 0.0 0.0 0.0 0.0 1.820076060818235e-07 0.0 0.0 2.51214967043672e-07 0.0 0.0 0.0 0.0 0.0 0.0 0.0 0.0 0.0 7.583088366925884e-07 0.0 0.0 0.0 0.0 1.1643621925988994e-07 0.0 6.636945529137534e-07 0.0 0.0 1.4912468063726882e-07 0.0 0.0 0.0 0.0 0.0 0.0 0.0 0.0 0.0 0.0 1.065707647019088e-06 0.0 0.0
0.0008691257272057439 0.0008026765852494714 1.063691627599245e-05 0.0013833990100608348 0.00024898426724522747 0.0006220659543295 0.0011721352072471252 1.2763454664374346e-06 2.2421976274731858e-05 0.0 2.7726289794425587e-05 0.0010620180627584947 0.005077527351134637 0.0005069237319612586 2.5324063903923885e-07 4.030352426345536e-07 4.844237240453513e-07 2.4009258261962506e-07 5.913260259763348e-08 1.7651811282294976e-07 1.7901582342728295e-07 0.0 0.0 0.0 7.040045217505186e-08 0.0 1.1428304454376345e-07 0.0 1.3604742643790972e-07 0.0 4.500472071950096e-05 2.670057528384653e-06 5.6683907659344893e-05 1.348120181613228e-07 1.2309336984764558e-07 8.532706322431313e-08 2.9868955590624295e-05 1.2376042643470337e-06 1.7756552342881621e-06 4.4144379649937306e-07 0.0 0.0 5.177745655080623e-08 6.304690120178114e-07 1.1304968764286984e-07 1.3564069339417961e-06 1.3990733720001722e-05 6.281982264178822e-07 4.624932045271136e-07 5.547383557080803e-07 1.2305945667926863e-07 2.7901757527504506e-07 0.0 0.0 1.504392196400685e-07 1.3086379051741953e-07 1.1893243628813322e-05 6.623479438857818e-05 3.6523076931336024e-07 5.7984836272464235e-06 2.1207854103978475e-06 1.6706571010133241e-06 1.142584081962202e-07 7.517661977051655e-06 9.422752605551687e-08 4.314784117734298e-07 2.1652511291224937e-07 5.0050952107512834e-08 2.1413133206330366e-07 3.180642022087609e-07 7.961690587471865e-05 2.569613415025534e-05 9.044383064575238e-07 3.724712067563674e-05 1.070348503215365e-05 1.4288006574864254e-05 2.429065193340281e-06 1.1548303702919771e-06 3.105521517123845e-07 3.456247227141156e-06 8.555801162321069e-07 5.301068886137727e-07 7.342106558573417e-07 0.0 1.9085716543378226e-07 5.203297781173233e-08 1.0295115395340446e-07 0.0 0.0 8.743739315371522e-08 0.0 6.71526443433123e-08 3.4847222818797835e-07 2.0041125925282533e-07 6.102873636832601e-08 0.0003937323418046626 1.424057225363362e-05 3.0086403521042347e-06 9.451708694002947e-06 0.00026089438628803087 1.6464715641098678e-06 5.5613588059497215e-06 1.663036197856681e-05 2.605989318646369e-05 4.1952666845688966e-07 3.133585731305943e-05 7.98691804745201e-06 1.1466633476762638e-05 5.223724349878111e-05 1.1875141329477004e-05 6.946181201571075e-06 4.735218529458311e-05 4.068866336009116e-05 5.825787107599914e-05 4.4961305662237314e-05 1.2808463672294455e-07 0.0 0.0 0.0 0.0 0.0 0.0 0.0 0.0 0.0 0.0 0.0 0.0 0.0 2.709166490158102e-07 5.281507173854095e-08 0.0 0.0 0.0 2.883742108913259e-06 2.440591536094282e-07 0.0 0.0 0.0 1.2061442040325579e-06 0.0 5.599072844155242e-06 2.0407321483962592e-07 2.5296670301120887e-07 0.0 0.0 0.0 0.0 0.0 0.0 0.0 0.0 1.0566075936653973e-07 0.0 0.0 0.0 2.1541842945237983e-07 0.0 0.0 0.0 1.2864708664031463e-07 1.1920953238701366e-07 9.83241721195779e-07 0.0 0.0 0.0 2.9106867223171705e-06 4.3158414293029644e-07 0.0 7.463949109035783e-08 0.0 0.0 0.0 0.0 0.0 0.0 7.823936145453316e-06 0.0 0.0 0.0 0.0 3.270361802819062e-06 6.257813606486585e-08 3.1475513244248618e-06 1.0153497860943544e-07 2.4176055341837695e-07 3.1130066576976837e-07 8.714302669348996e-08 1.935294175572135e-07 0.0 0.0 0.0 8.56316905308497e-08 0.0 0.0 0.0 0.0 2.4964772303705624e-05 7.569876515499702e-07 6.681617786080681e-07
9.972264448809797e-06 0.0006623840563550693 0.001386753428843607 1.4463046804422959e-06 0.0006672117978923637 4.021269466466675e-06 0.0005452387554027163 0.0034049664643899537 0.0008688802054172971 2.7726289794425587e-05 0.0 0.0001402033123077956 0.0008213345719110657 0.003968515788359401 4.477361997917524e-06 2.0241675277433337e-06 3.242004354996392e-06 1.0409697702664756e-06 4.739796506029782e-07 2.6302951736940446e-06 3.462229094212719e-06 3.1563648835221483e-07 8.313397040368927e-07 8.351621827475797e-08 2.157052697048389e-06 3.8275637020210395e-07 9.98864938958478e-07 4.27077016590001e-08 1.0475942773961482e-07 4.877463138455475e-08 0.0003881935843498256 0.00017063930382288223 0.0003963842404601816 7.005335782060327e-07 3.4560669877971148e-06 4.501354943576488e-06 4.1320363895865634e-05 1.1628126492663824e-05 4.456414833311187e-06 2.3099860046506094e-06 2.051575998060306e-06 1.8744256726750344e-06 8.468610553234322e-07 8.364663803568212e-06 2.498010430547676e-06 1.5244193943976142e-05 3.241202622619184e-05 2.189022165132714e-06 1.906595731178702e-06 2.3977067574634407e-06 9.350297539922061e-07 1.186650925165914e-07 1.977882401460339e-07 3.254061670756012e-07 0.0 1.0593753637135198e-07 4.127559545836774e-06 9.395482872113883e-05 7.053473197430435e-07 9.919230034618013e-06 3.244783092167176e-05 2.0359985993806946e-05 2.657400956980523e-06 4.105456247316039e-05 3.354886151227827e-07 5.850373572193565e-07 7.502772723259939e-07 1.102066698013265e-06 3.732120801336664e-06 7.753786770553164e-06 5.480217640297073e-05 1.197455683624292e-07 1.4133215113700504e-07 3.564959759005771e-05 2.1937872410548723e-05 2.5018463630292788e-05 1.5774904635384416e-05 8.451655115752979e-06 0.0001600811442085143 0.0007773953600455978 1.18604096070543e-05 4.633840537829594e-05 8.816015947026426e-07 0.0 4.623832158729183e-07 3.218743329868411e-07 1.1298387300336268e-06 0.0 1.5878561660968554e-07 0.0 5.704954009357399e-07 4.9338013745421765e-08 7.64013645439153e-06 1.8762171347033866e-06 1.322808356129398e-06 5.3857072636569146e-05 5.34187637904956e-06 0.0 6.540493256383771e-06 5.882461452666315e-06 6.66858909036437e-08 1.8039405030484778e-07 7.7977854660247e-07 8.96886192633535e-07 0.0 1.1677800662209515e-06 2.196360499421683e-07 1.6484711197518298e-06 2.9264959327986787e-06 7.211945739192285e-07 7.174927097507576e-07 6.1195815561957115e-06 4.402270997846712e-06 2.438043060885267e-06 9.67477926664339e-06 0.0 0.0 0.0 0.0 0.0 0.0 0.0 0.0 0.0 0.0 0.0 0.0 0.0 0.0 0.0 0.0 0.0 8.385338190757162e-08 0.0 4.1606254960523264e-07 0.0 0.0 0.0 0.0 7.144132496325895e-07 6.719579862192086e-08 1.8245433619015983e-06 5.4176812221510507e-08 5.693751950612414e-08 0.0 0.0 0.0 0.0 0.0 0.0 0.0 0.0 0.0 0.0 5.379447070930765e-08 0.0 0.0 0.0 0.0 0.0 0.0 1.5924117675954598e-07 3.7923157903762944e-07 0.0 0.0 5.073625839933636e-08 1.3201881660958544e-06 3.232967457826281e-07 0.0 0.0 0.0 0.0 0.0 0.0 0.0 0.0 3.4959836360954805e-06 0.0 4.7903872000796306e-08 0.0 0.0 1.3623600063646047e-06 0.0 1.0205928960385727e-06 0.0 0.0 0.0 0.0 0.0 0.0 0.0 0.0 0.0 3.693349173813349e-08 0.0 0.0 5.572755304954807e-08 5.48894345844522e-06 3.863577606078931e-07 1.337042237049462e-07
0.00013278673955374767 5.771193954992379e-05 9.27346304906493e-06 6.917054383905879e-05 1.309914378659173e-05 7.402432083354075e-05 0.00020142753200323574 8.674966223105044e-06 6.3779389690049405e-06 0.0010620180627584947 0.0001402033123077956 0.0 0.0018795025493105867 0.0007837815193015658 4.2637907271291e-06 4.315295422133899e-06 5.891145394181836e-06 8.535131826198381e-07 2.1863633401956387e-06 2.365480462697294e-06 2.1859399552981906e-06 1.755760028628034e-06 5.446420638508522e-07 2.470467224129314e-07 1.335861759614458e-06 7.275913743790968e-08 8.518828706348296e-07 6.633593493962059e-08 7.663569787142057e-08 6.81552472696971e-08 1.7625921774338094e-05 2.166573217346559e-05 0.00017990723989842755 9.397936990786339e-07 2.0154608623814013e-06 1.302194557928527e-06 0.00018778059395414652 1.9083550802498033e-05 1.7276302323221272e-05 1.9165603778855375e-06 2.086929283755898e-06 1.4248464733141072e-06 8.743528860890329e-07 1.0499538181263164e-05 4.205462799462281e-06 1.2512347860776322e-05 1.8702402817971306e-05 4.285921975941245e-06 2.397404681481026e-06 3.2194938873657986e-06 1.7358927367551456e-06 1.7701206980566177e-06 4.242062730370559e-07 1.4576374558620163e-07 0.0 0.0 8.406287537678068e-07 1.5834409211516134e-05 2.8339181452956655e-07 3.5946757293893845e-06 1.9067771402433517e-05 2.571844839606357e-05 1.323439695765893e-06 1.3057714417352939e-05 5.9278337564442296e-08 5.860266718339486e-07 1.0711293099733634e-07 1.4756813326534414e-06 4.3174419943564976e-06 7.052533171382307e-06 0.00020207249070311936 2.204453045592979e-06 2.914534194481421e-07 1.1682018727097903e-05 4.862223952506807e-06 1.0796986791805266e-05 5.812338713907421e-06 3.272684420373888e-06 2.109131719669229e-06 4.6863160350729014e-05 4.025492586389173e-06 1.0107831924756673e-05 3.786916426709053e-07 0.0 1.7774495055505387e-07 4.405284861556829e-08 1.2990264879032349e-06 0.0 4.333922381634967e-08 0.0 5.860147127501196e-07 7.979135647859182e-08 8.636591169752753e-06 1.9843405686058416e-06 1.7914009513192942e-06 0.0005842206393006701 2.7895048921907097e-05 2.3019415527245335e-07 3.9097668533633693e-05 1.955587673480031e-05 2.2923290919104247e-07 2.17802730326845e-06 2.590803846601325e-06 3.77569947267519e-06 1.0549524350370784e-06 1.6516704603609503e-05 1.4674777899954047e-06 1.1199150374355318e-05 1.7477077052917058e-05 3.460636821954542e-06 4.75313271764355e-06 3.037959063466832e-05 1.741311579365431e-05 1.3715744126048408e-05 3.870806392938032e-05 0.0 0.0 0.0 0.0 0.0 0.0 0.0 0.0 0.0 0.0 1.617441249188408e-07 0.0 0.0 0.0 0.0 0.0 0.0 0.0 0.0 1.7962340321312169e-06 3.4086997271092106e-07 0.0 0.0 0.0 1.5607760071512429e-06 5.8949058038983844e-08 6.803243402571521e-06 5.029067460132459e-07 1.9978902978768806e-07 0.0 0.0 0.0 0.0 0.0 0.0 0.0 4.806890656407e-08 5.174252364634967e-08 0.0 0.0 0.0 0.0 0.0 0.0 0.0 0.0 1.2763365149798636e-07 6.652870870496783e-08 0.0 0.0 0.0 3.5659559141845704e-06 1.3098629772154226e-07 0.0 0.0 0.0 0.0 0.0 0.0 0.0 0.0 9.676329590847741e-06 9.915861263073726e-08 0.0 0.0 5.229255817775374e-08 2.4069802215004988e-06 1.6891980535133708e-07 2.517821089373619e-06 9.711509723769867e-08 5.396564352828265e-08 1.5144562772948986e-07 7.675313020221298e-08 0.0 0.0 0.0 0.0 0.0 0.0 7.216221488606456e-08 0.0 0.0 1.8984005908285342e-05 1.093124664073475e-06 1.2982003826433692e-06
7.525320550132003e-05 0.0006783771114079311 3.797333208919015e-05 0.0002295590161866182 0.000388162015753088 6.408081659656228e-05 0.0022503564930017664 3.947222251185272e-05 0.0001854844706345795 0.005077527351134637 0.0008213345719110657 0.0018795025493105867 0.0 0.004325031371860386 8.485031926759043e-06 3.891801611317574e-06 7.82300286870897e-06 2.622138955519362e-06 1.9333891022474052e-06 3.7513132382205847e-06 3.3713025728824044e-06 1.1022509805910227e-07 1.929102869787619e-07 6.915421565036607e-08 1.8063072390681665e-06 6.643952782499563e-07 1.2162683461915102e-06 6.306455017486413e-08 1.8831785197810568e-07 2.582739531644841e-07 2.0808582715149643e-05 2.2573813012910266e-05 0.0007589422137578028 1.0488128580434984e-06 3.188242289674487e-06 2.3822346669684543e-06 0.00010307021232281315 1.8054411994356406e-05 9.44464034773656e-06 1.8127253349503678e-06 2.683338721864255e-06 2.847506747540916e-06 1.3131287395442842e-06 1.5231445719328025e-05 4.786276207479604e-06 2.0819542239389293e-05 4.5194960535918546e-05 4.169358730102155e-06 3.983754137922124e-06 4.452904016895633e-06 2.03273792144799e-06 1.8496400786224453e-06 0.0 8.810031564341345e-07 1.148763880997181e-07 1.0853379633370284e-07 4.625526241913694e-06 3.0011668805647804e-05 6.312234222923719e-07 8.278126595334316e-06 3.1562325578863945e-05 1.6617973062092596e-05 1.658286428688898e-06 2.6302294522988873e-05 2.9640484122728564e-07 1.101756468110057e-06 7.174117220732401e-07 2.331287378750453e-06 6.614231753113999e-06 1.2179088515694704e-05 0.00014224207333412477 3.7446432080090367e-07 8.639655607611011e-08 2.7670884616851777e-05 1.3298954226869249e-05 2.5419518509750034e-05 1.4031994324903255e-05 8.624428686270214e-06 3.0842317648410335e-06 7.057292603045424e-05 1.1060091516496075e-05 1.5466837727308415e-05 6.776888474370778e-07 0.0 5.483956766494823e-07 1.0279226558152142e-07 1.3618185344419936e-06 0.0 1.0668341181203165e-07 2.464544184322798e-07 3.4759348550074803e-07 6.494143593107251e-08 1.0474915578333843e-05 2.1291537892269255e-06 1.711451892854375e-06 0.0009649120493020189 2.9195793684943784e-05 1.6361128945561273e-07 1.5660405498052192e-05 2.2437110356443116e-05 6.665632569945393e-07 4.560999822695665e-06 1.1344108302271441e-05 7.640531731077346e-06 1.3092392002908643e-06 4.13717939001624e-05 4.4646267322500945e-06 2.9742852106679742e-05 4.885142969263635e-05 7.561910309470476e-06 9.825844314583712e-06 0.00010312312086110074 3.999420784538283e-05 2.815598034300578e-05 7.883843516939717e-05 3.980932921006324e-07 0.0 0.0 0.0 0.0 0.0 0.0 0.0 0.0 0.0 4.3402514906648005e-08 0.0 0.0 5.091104989264852e-08 4.985737286969797e-08 9.382845611019398e-08 6.816414317744263e-08 0.0 7.2808854531599e-08 2.7850965227267082e-06 1.3006986725530242e-06 0.0 7.984808078596476e-08 0.0 4.887022398408276e-06 5.938127773936948e-07 1.0608841402195648e-05 9.510245405688348e-07 6.852074607485351e-07 0.0 4.692067977052707e-08 0.0 0.0 0.0 0.0 0.0 0.0 4.183444570737658e-07 0.0 0.0 0.0 5.78443862763609e-08 1.6252679021528162e-07 0.0 0.0 0.0 3.0016474702755903e-07 9.223249018541568e-07 0.0 0.0 1.664025015300336e-07 6.186931870624691e-06 4.4577805178317565e-07 0.0 0.0 0.0 0.0 0.0 0.0 0.0 0.0 1.8585926654419138e-05 4.34810226812479e-08 4.54661790149104e-08 0.0 6.236375341745695e-08 5.774987789038839e-06 3.77227099300434e-07 8.954723948220911e-06 1.4939703349527632e-07 5.423684174349176e-07 1.46113447608166e-07 1.2611721268710309e-07 0.0 0.0 0.0 0.0 0.0 0.0 0.0 0.0 0.0 4.0498872910017914e-05 1.8564763813648034e-06 1.2560842826565148e-06
