0.0 0.002086324315748944 0.00033258864361594497 0.000647749733377086 3.405337682535273e-05 0.00011186158377661089 0.00013825771935534577 5.795579369504755e-05 1.1794370149525162e-05 0.0007712445372571653 0.0001345813085602975 0.0002155352554749634 0.0002361907165114131 0.0001296088683832335 3.946852977286746e-07 3.881029667787853e-07 1.227476413805999e-07 9.59530153795001e-08 0.0 3.94852477157747e-07 0.0 8.386330940610773e-08 0.0 0.0 8.475365439775421e-08 0.0 0.0 0.0 0.0 0.0 0.0006268151421721785 2.1140147830754522e-05 8.87844004300321e-06 0.0 0.0 0.0 4.012960382405011e-06 2.059337548812399e-07 2.1196444122792134e-07 2.925037338106318e-07 8.42863226615682e-07 1.408356509410831e-07 1.9758707135321936e-07 1.4089991953812225e-07 0.0 0.0 1.2371617589437797e-05 3.7233989899819827e-07 1.718087077991831e-07 9.021698206822683e-08 5.227269819700201e-07 6.709921027800768e-07 1.9554350955677902e-07 0.0 9.370883913996613e-07 9.998859245397134e-07 4.1710737437899806e-05 6.482574265768263e-05 8.633507402516835e-06 6.483313402582843e-06 1.5133153755397884e-06 1.3884332879183458e-06 2.8241631894209217e-07 2.576347075384913e-06 6.938252087981502e-07 4.3643381918651637e-07 3.034892439126475e-07 4.849018395413194e-07 5.761180884475583e-07 2.753964654819876e-07 9.203355349170772e-06 4.284892058251516e-06 2.6941637365550653e-07 1.270630259414854e-05 4.0141890006064124e-06 6.564649553410005e-06 2.7120221593679863e-06 5.113930161133034e-07 7.385067870456779e-07 4.460080201462145e-05 9.333711871108457e-07 4.013118713132782e-06 3.982534654773622e-06 0.0 3.7102864351636617e-07 5.959105758270215e-07 0.0 1.311414584096911e-07 2.451944792245422e-07 2.907725616828981e-07 2.0671295059481378e-07 1.45164178438781e-07 6.896232133700979e-07 1.0625349651386141e-07 0.0 4.6441782859616405e-05 6.319740246469473e-06 3.829241226756733e-07 8.938688670682152e-07 0.0007200295942271146 0.0 1.3688861928977349e-06 0.0 0.0 3.733004843705209e-07 1.511305700346263e-07 4.681727917318921e-06 2.9039477880388346e-07 5.667505481221431e-07 1.9806731521895964e-06 3.5199020497470936e-07 2.914256141466078e-06 1.9350164950072696e-06 2.2657436804972564e-06 2.259859093619306e-06 0.0 0.0 0.0 0.0 0.0 0.0 2.594733364640648e-07 0.0 0.0 0.0 0.0 0.0 0.0 0.0 0.0 0.0 0.0 4.614210303828062e-07 0.0 7.484423355332596e-08 0.0 0.0 6.780691981837734e-07 0.0 9.296231823671548e-07 5.652073694868881e-07 3.76500785016411e-07 4.0535640867858463e-07 0.0 0.0 0.0 0.0 0.0 0.0 0.0 0.0 0.0 1.0692083679684509e-07 0.0 0.0 0.0 6.52510121140267e-08 9.198799514664808e-08 0.0 0.0 0.0 4.38281188275134e-08 0.0 0.0 0.0 2.979008139134293e-07 2.605116073312621e-07 0.0 0.0 0.0 0.0 0.0 0.0 0.0 0.0 0.0 2.194309771297264e-06 7.083490878844015e-08 8.59664582699331e-08 0.0 0.0 1.6219107179043078e-07 0.0 4.4106348150229994e-07 2.2070209350758566e-07 0.0 0.0 0.0 0.0 0.0 0.0 6.530663775296706e-07 0.0 0.0 0.0 0.0 0.0 6.326809225478184e-06 3.008658350019546e-07 4.6347609984990466e-07
0.002086324315748944 0.0 0.0009588610694068368 0.0008684605605354206 0.001056080638651754 9.195801825740305e-05 0.0014615259776458534 0.00035507909013174566 0.0013007737884271474 0.0021814131718239445 0.001612974508574346 0.00047640130797222275 0.0012635133824121536 0.001768215682915114 1.894707131995762e-05 5.017639779208741e-06 1.1149016579023725e-06 5.283471975504653e-07 0.0 1.7457445482670842e-06 2.739814321697534e-06 4.453941841241109e-07 8.821754782979426e-07 0.0 7.626933782097251e-07 1.221296271586645e-07 3.4863204872835964e-07 1.8618872356634328e-07 0.0 0.0 0.0008999554645791971 2.554706176688024e-05 3.67997487539441e-05 1.4903404244039551e-07 2.187610284413936e-07 4.0079020855110096e-07 1.6592054499975452e-05 3.7283893087987446e-07 1.3047893565610572e-06 9.603541291679197e-07 1.4636813012248552e-06 3.1558365321052473e-07 1.1862527031556942e-06 1.4750113483709955e-06 2.6575820284537383e-07 4.100809569697039e-07 0.00021088748430068426 7.75133876779576e-06 2.1670738217674586e-06 1.014455463796474e-06 3.772594687429334e-06 9.94052926026247e-07 4.463069995863038e-07 4.3716184935532314e-07 1.1663679168473104e-05 1.3600919560065753e-05 0.00013184284101529705 0.00024110579104178465 9.634704819666143e-05 8.802401120569266e-05 3.4733525673213762e-06 3.365083118702722e-06 0.0 7.721528902364718e-05 8.588521476893166e-06 6.479402747375918e-06 2.557603503468006e-06 2.1409416801610423e-06 2.167628460980418e-06 2.138924385494672e-06 1.978507284777098e-05 9.833541792308926e-07 3.6915958857111053e-07 0.0001736076344807311 5.5004379520410545e-05 0.0001566582363594422 0.00010054204303352516 7.612946940718611e-06 3.953025696186732e-06 0.00010742646161919476 4.178260669884487e-06 1.6139880066043023e-05 4.020558460136268e-05 4.682920818151621e-07 6.842698205697257e-06 7.699593476170645e-06 1.871203575572352e-06 5.124506102774809e-08 1.3101295608734202e-06 3.2925199364990434e-07 1.1320142616055941e-06 4.863720839548124e-07 5.113713041028685e-07 1.4360099040527257e-06 4.612744732226291e-07 6.0900481832338375e-05 4.830148117067995e-06 4.4421280403896774e-07 5.189597585445371e-07 0.0011048979557148045 0.0 6.784044331941163e-07 1.1332948038118746e-06 2.8861958983588244e-07 8.359203786517317e-07 2.016470446894858e-06 3.843304411068672e-06 7.140266848953554e-08 3.94573362093107e-06 3.7197791955099083e-06 1.4124967295704863e-06 7.551707947210559e-06 6.4741110583568995e-06 5.587945992692836e-06 7.619512380674641e-06 7.628610109712781e-08 0.0 0.0 0.0 0.0 0.0 0.0 0.0 0.0 0.0 0.0 0.0 0.0 0.0 8.701669885820131e-08 0.0 0.0 0.0 7.007025894493679e-08 5.239830267864902e-07 3.150549498462084e-07 0.0 0.0 0.0 4.039677658551631e-06 1.4080580074083046e-07 8.860791983897095e-07 5.619711945495145e-07 1.4320991878202747e-07 0.0 0.0 0.0 0.0 0.0 4.748640776562899e-07 0.0 0.0 0.0 0.0 0.0 0.0 2.4646043633005644e-07 0.0 0.0 0.0 0.0 0.0 8.03084330170302e-08 0.0 1.4721579996364813e-07 2.905644733564293e-07 1.1355768969544336e-06 0.0 0.0 0.0 0.0 0.0 7.684249697344835e-08 0.0 0.0 0.0 5.795003288537263e-06 4.112707149878034e-07 1.26382731464924e-07 0.0 0.0 2.060242444033082e-06 4.2815526629955127e-07 8.636288313951733e-07 0.0 0.0 6.45374711487304e-08 0.0 0.0 0.0 0.0 0.0 0.0 0.0 7.328414212937639e-08 0.0 0.0 9.715103272308688e-06 1.997772639763648e-06 9.463941608156461e-07
0.00033258864361594497 0.0009588610694068368 0.0 5.722440572742963e-07 0.0003169016240022873 1.5510259076712864e-06 3.0607106453747856e-05 0.0019683328198243787 0.0006399554944228197 2.9318345608570564e-05 0.0022843529601511686 2.942157664589883e-05 0.00024635202894631266 0.0011055235263702158 3.9183211114770204e-06 1.0321448676966036e-06 6.193346312461521e-07 7.346361820198163e-08 1.0521907897274812e-07 9.788000490807016e-07 2.701387014247849e-06 0.0 2.768587155515461e-07 4.864414699781214e-07 7.88232944520707e-07 1.1819937403989182e-07 1.7257274302845818e-07 0.0 5.194083048801669e-07 0.0 0.0026708030695051428 0.0003819813691931366 4.9410829344414795e-05 0.0 0.0 4.022399396698525e-07 1.331926682302046e-05 1.3295626166213953e-06 5.882847258146797e-07 7.92309924799337e-07 1.1431933969843652e-06 7.768405815943663e-07 4.736233415289681e-07 7.561045436823278e-07 8.602519097995111e-08 2.303897301538755e-07 2.3044505179851593e-05 1.40623448622354e-06 3.925909670533876e-07 3.144856732248899e-07 1.0959938662944148e-06 1.1118142806337816e-06 2.3395398267915967e-07 1.4369857196528057e-07 1.1480825659914222e-06 1.9022140367190567e-06 4.118602580120201e-05 0.0001305519344123617 1.5615179976246585e-05 1.3754917322911412e-05 1.6932444842157782e-06 1.758942355745531e-06 0.0 3.0126929310702497e-05 1.1989253249555146e-06 1.4068496496816074e-06 9.051548319895957e-07 3.727798799653269e-07 8.605080339330459e-07 1.0098359491539069e-06 1.3926457391985225e-05 6.658105997076085e-07 0.0 2.9751045920934827e-05 1.1500617715756033e-05 2.5250035963115512e-05 1.7640689789981692e-05 1.2720422876558185e-06 3.7404407735620294e-06 0.00021404043232027496 2.092642286412076e-06 9.846774035620023e-06 5.767042473448082e-06 0.0 4.816502120689143e-07 1.5967974148939546e-06 1.8439819103746476e-07 0.0 1.1210122833294324e-07 0.0 2.65504345374242e-07 0.0 6.948518019950092e-07 6.28251746521523e-07 6.165503285355871e-07 5.535212166004388e-06 0.0 0.0 4.676870791072095e-07 0.0002371408099045001 0.0 4.0031364278100503e-07 0.0 0.0 3.956829430312758e-07 0.0 9.687593579704137e-07 0.0 9.399980013103809e-07 1.862436378220066e-07 5.341022969797153e-07 2.1761759533614225e-06 1.3994945699290929e-06 3.4299734176492103e-06 3.719562611558397e-06 0.0 0.0 0.0 0.0 0.0 0.0 0.0 0.0 0.0 0.0 3.6228731226926414e-07 0.0 7.19013167821898e-08 0.0 0.0 8.022950957576653e-08 1.4448297228444755e-07 0.0 0.0 0.0 7.914929673619326e-08 0.0 3.13908018670615e-07 0.0 1.4191407660453137e-06 0.0 1.0049632919106585e-06 3.1674518256378256e-07 1.9425776274490574e-07 0.0 0.0 0.0 0.0 0.0 0.0 0.0 0.0 0.0 0.0 0.0 0.0 1.6560078588850184e-07 7.294276969468276e-08 0.0 0.0 0.0 0.0 6.699431960354531e-08 0.0 0.0 1.5401965793267258e-07 3.3981338506264176e-07 0.0 0.0 0.0 0.0 0.0 0.0 0.0 0.0 0.0 2.8721020443609955e-06 9.403423334830965e-08 0.0 0.0 0.0 1.2660555484059464e-06 0.0 8.636536033998512e-07 0.0 0.0 0.0 0.0 0.0 0.0 0.0 0.0 0.0 0.0 0.0 0.0 1.0975008480746903e-07 5.034435917609898e-06 1.0409285593768329e-06 4.819685342905625e-07
0.000647749733377086 0.0008684605605354206 5.722440572742963e-07 0.0 3.110593026453344e-06 0.00016230423438343364 0.0004925284433191657 3.222894693127148e-07 3.6416202340900687e-06 0.001064440229309595 4.800127533546197e-07 0.0004921333721788296 0.00028077176909652277 1.847608561064592e-05 1.200345044592266e-06 1.1118086314136402e-07 5.789080621730952e-08 0.0 0.0 6.722651737183619e-08 0.0 6.590614293280073e-08 0.0 0.0 0.0 0.0 0.0 0.0 0.0 0.0 1.8280822840304578e-05 7.817631402821961e-07 7.609511909745097e-07 0.0 0.0 0.0 2.96938668031222e-07 0.0 2.2498667826744094e-07 0.0 8.96272662545916e-08 0.0 0.0 1.0547267490591045e-07 0.0 0.0 1.5090515512280556e-05 6.135496118731908e-07 1.3622677217594265e-07 5.876815277187166e-08 2.3191452702884057e-07 2.1362592220471486e-07 1.0249060154177357e-07 0.0 6.295858822167208e-07 1.5070725644639752e-06 1.8267167633430232e-05 1.4042422909202064e-05 1.014353748628858e-05 8.308800838520668e-06 0.0 0.0 5.6893932451718374e-08 3.856056440154999e-06 1.2839165735216639e-06 4.0299281594576213e-07 5.6978858189382126e-08 6.974179340903808e-08 0.0 0.0 4.29173766203944e-06 1.3999104109416364e-06 2.012617800809569e-07 1.6028754483310487e-05 3.348330853295949e-06 9.127926007231038e-06 2.319955859276252e-06 5.8908681481851774e-08 2.081070351515875e-07 4.890264110124666e-07 0.0 1.8290007539435507e-07 4.9169130725536515e-06 5.716292861231828e-08 2.994436569082901e-07 5.037807312036471e-07 5.8312274655163475e-08 0.0 1.2585024887694838e-07 1.3034591657302328e-07 6.261763860669575e-08 5.995932309500653e-08 0.0 1.792304187083951e-07 5.460479521984716e-08 2.0560311696737685e-05 3.8107681461258186e-06 3.8259501201278317e-07 2.3127293079998836e-07 0.00022084461457022779 2.86979659587776e-07 1.0798842432683717e-06 1.1588194711765269e-05 4.8847456502502224e-05 0.0 2.832578011436137e-05 5.258934640128671e-06 8.698717122144447e-07 6.780750192343608e-05 2.2849280136362347e-05 1.733873291882719e-07 4.242196533959902e-06 3.0507359472685483e-06 1.5812512841411378e-06 6.670872711519404e-07 0.0 0.0 0.0 0.0 0.0 0.0 0.0 0.0 0.0 0.0 0.0 0.0 0.0 0.0 0.0 0.0 0.0 0.0 0.0 6.985043017901697e-07 0.0 0.0 0.0 0.0 0.0 0.0 2.7662993085375724e-07 0.0 7.587672443139722e-08 0.0 0.0 0.0 0.0 0.0 0.0 0.0 1.1211747419981552e-07 1.844363319913506e-07 0.0 0.0 0.0 0.0 0.0 5.726912174586878e-08 1.0644829871147948e-07 0.0 1.312363705388237e-07 2.5223944904765143e-07 0.0 0.0 0.0 1.7071506498487586e-07 1.3752029102447634e-07 0.0 0.0 0.0 0.0 0.0 0.0 0.0 0.0 1.2002615180827387e-06 0.0 0.0 0.0 0.0 0.0 0.0 1.3778640590844556e-07 1.0744192504728265e-07 2.94987559907001e-07 1.586108000645146e-07 0.0 0.0 0.0 0.0 0.0 0.0 0.0 0.0 0.0 0.0 2.2834341654209938e-06 1.555533078679054e-07 0.0
3.405337682535273e-05 0.001056080638651754 0.0003169016240022873 3.110593026453344e-06 0.0 1.892961494638832e-06 0.0008656532923806248 0.00037481167940107534 0.0025921460654230472 0.00028591983167574963 0.0013111060155502465 5.392914854325971e-05 0.0005167791177936779 0.000926396182203546 6.958758369146298e-06 2.128739059528283e-06 2.826100488340353e-07 3.886316134765415e-07 0.0 1.3247576236098228e-06 1.4910788550660161e-06 0.0 0.0 0.0 0.0 0.0 0.0 0.0 0.0 0.0 9.847505701166608e-05 1.366889900166213e-05 4.020334924941423e-06 0.0 0.0 0.0 1.5929618515970403e-06 0.0 1.2701749283483984e-07 1.6368156796069562e-07 1.988942163299641e-07 7.119582246842186e-08 5.268765477531196e-07 7.200959437335725e-07 0.0 4.4302293704671426e-07 6.910654947105568e-05 1.2740499751607752e-06 7.93799248407705e-07 3.751913908131285e-07 7.54410631997316e-07 0.0 0.0 0.0 3.205805226816295e-06 3.09459126604489e-06 1.511063956006189e-05 3.0098893521395395e-05 1.5131548614058687e-05 1.8621023890022512e-05 1.97739852681174e-06 1.1386272535234417e-06 6.367397738861958e-08 2.825965993311329e-05 2.4761115937031105e-06 1.8508947468565976e-06 1.2397063651565714e-06 6.721301983312675e-07 6.808246532563025e-07 2.3517026936529914e-07 2.5849055131299412e-06 0.0 0.0 3.1061866831276835e-05 1.6519485507269877e-05 4.9357011142074095e-05 4.855416186915388e-05 2.5591129437051954e-06 8.007940290944668e-07 3.865543041282064e-06 2.7266963835560066e-06 5.042030845116311e-06 9.016818021644872e-06 2.4746682571877136e-07 1.6477822761548103e-06 1.7363578895160987e-06 1.1861014993375925e-07 0.0 2.380689251940631e-07 0.0 5.439269620861599e-07 0.0 1.281453796872874e-07 3.481092953528495e-07 1.0149759417916492e-07 7.938445803480624e-06 2.9815291036223314e-07 0.0 8.333842885511232e-08 1.9274384462896146e-05 0.0 2.9136161929264335e-07 0.0 0.0 1.9790232922165814e-07 0.0 3.9785830688744705e-07 1.4784166032466865e-07 3.2751198589776763e-07 5.288596070992815e-07 9.224748440205658e-08 1.607727330741586e-06 5.724681604424311e-07 1.3821379295054933e-06 2.2090884755451347e-06 0.0 0.0 0.0 0.0 0.0 0.0 0.0 0.0 0.0 0.0 0.0 0.0 0.0 0.0 0.0 0.0 0.0 0.0 0.0 0.0 8.812631728347906e-08 0.0 0.0 0.0 7.809788053475215e-07 0.0 2.3652169707924694e-07 7.468068514306346e-08 0.0 0.0 0.0 0.0 0.0 0.0 0.0 0.0 0.0 0.0 0.0 0.0 0.0 0.0 0.0 0.0 0.0 0.0 0.0 0.0 0.0 0.0 0.0 3.880142530995299e-07 0.0 0.0 0.0 0.0 0.0 0.0 0.0 0.0 0.0 3.9104702995802107e-07 0.0 0.0 0.0 1.3561002641315937e-07 4.772015165921622e-07 1.9498879624139566e-07 2.571421700804945e-07 0.0 1.3523652403891227e-07 0.0 0.0 0.0 0.0 7.240781121392917e-08 0.0 0.0 0.0 0.0 0.0 0.0 1.8275501989801955e-06 1.157351022657091e-07 0.0
0.00011186158377661089 9.195801825740305e-05 1.5510259076712864e-06 0.00016230423438343364 1.892961494638832e-06 0.0 4.1689425114148866e-05 7.437028141933861e-07 5.227248273330481e-06 0.0005384231668984862 2.8821279585760064e-06 8.636382038698483e-05 8.390666098095995e-05 2.0849292928200898e-05 1.7911385995331995e-07 8.228088263956263e-08 0.0 0.0 0.0 0.0 0.0 2.8086020943372833e-06 0.0 0.0 0.0 0.0 0.0 0.0 2.7967975998786e-07 0.0 3.064771964759801e-05 1.7025706841061473e-07 6.767376438683351e-06 0.0 0.0 0.0 6.066425553803669e-06 2.2839196365589514e-07 1.7783057029067017e-06 6.414491922057792e-07 0.0 1.8736144238572972e-07 0.0 1.6250467325172942e-07 0.0 0.0 4.2884525577069386e-07 0.0 0.0 8.487617621853397e-08 0.0 1.3752095376169104e-05 1.8810144227560744e-06 1.8721118882225026e-07 0.0 4.964611029228983e-07 5.733518606696554e-05 9.737793482698155e-07 1.9134740875866255e-06 4.856976298390582e-07 0.0 0.0 0.0 4.1407387458596953e-07 1.462982027155795e-07 1.2975248692022117e-07 0.0 0.0 0.0 0.0 0.00012503048888584255 6.402174894691549e-05 1.203500248681971e-05 2.267942543539988e-07 6.221870166491452e-07 6.856369649720542e-07 2.6507022721659634e-07 8.137647562308927e-08 6.878716238448781e-08 1.0654290048222161e-06 0.0 9.999755187301328e-08 0.0 3.120680253886339e-06 0.0 2.8633502515951135e-07 0.0 3.139419841708177e-06 1.0563303037346195e-06 8.343849676941708e-06 1.2327004603881735e-07 1.099717556724874e-06 0.0 7.909859324183899e-08 1.000477440606372e-06 0.00031292310952610433 9.508709932881815e-05 1.8230620095264616e-05 1.4120173989081565e-05 0.00011394072315842618 2.19169629211148e-07 3.4568133289497295e-06 1.694944263069239e-06 8.306758710824096e-07 2.5229227099955867e-07 1.999591684290168e-07 1.5055055501299732e-05 4.039085431973488e-07 2.5446345547897726e-06 7.430516683414739e-06 3.5712487793015202e-06 1.4308397094461618e-05 8.754800221506213e-06 8.300013881974787e-06 4.984369917697296e-06 0.0 0.0 0.0 0.0 0.0 0.0 0.0 1.4128302035585016e-07 0.0 0.0 1.4834432322515473e-07 0.0 2.605220339783129e-07 0.0 4.836292960379399e-07 0.0 6.900949014570622e-07 5.35399586333976e-07 7.562575869841487e-07 2.7591523476242894e-07 6.828030179959116e-07 0.0 0.0 0.0 1.214010416575692e-06 1.3759857805668087e-07 6.067867238270894e-07 2.2962874184194515e-07 5.777820671119606e-07 9.435745940688599e-08 1.2751911394241413e-07 0.0 0.0 0.0 0.0 0.0 0.0 0.0 0.0 0.0 7.557443012831346e-08 6.431348436499211e-07 0.0 0.0 0.0 0.0 0.0 1.753190573489528e-07 1.6914839152202724e-07 0.0 0.0 7.287576802586222e-08 6.560226196603525e-08 0.0 0.0 0.0 0.0 0.0 0.0 5.786467857415619e-08 0.0 6.771667862661112e-06 1.3120315260131715e-06 7.158040969360975e-08 0.0 0.0 9.642360326340635e-07 8.192923786522012e-07 3.9577788131420534e-07 8.69841286630659e-08 0.0 0.0 0.0 0.0 0.0 5.810925580633683e-08 0.0 0.0 0.0 7.473314965974575e-08 1.2096420088966105e-07 0.0 2.9644146164098324e-05 1.304844676200573e-06 7.071882690426278e-07
0.00013825771935534577 0.0014615259776458534 3.0607106453747856e-05 0.0004925284433191657 0.0008656532923806248 4.1689425114148866e-05 0.0 1.2558199230213657e-05 0.0013008146646279388 0.0021027912151636062 0.00012485203779797564 0.000900082147787276 0.0019730371684004225 0.0010223285176929771 6.361238349680483e-06 1.6852293698075609e-06 6.917833164857487e-08 2.1301414566335208e-07 6.997370348556251e-08 1.1067685942288754e-06 9.020566967925255e-07 7.8909379238836e-08 2.0948309102433013e-07 0.0 0.0 0.0 0.0 0.0 0.0 0.0 5.65406587142866e-05 7.241103588991382e-06 5.384521206424767e-06 2.3074804589002678e-07 0.0 0.0 3.7947339375732817e-06 2.9320889248400555e-07 6.869494584002753e-07 6.18303439339996e-08 4.485288910472497e-07 0.0 3.171546725626333e-07 6.080686739794385e-07 0.0 0.0 7.947005901555864e-05 2.0304027706837552e-06 6.424590469725899e-07 4.994791464757741e-07 1.187351380575914e-06 2.313382978564994e-07 8.560722715088854e-08 1.0998621872220092e-07 3.922401809953783e-06 4.387023498417704e-06 2.596291535068212e-05 3.9281899198337506e-05 2.67947849508008e-05 3.031807650647885e-05 1.7861091677130987e-06 1.58914983979428e-06 0.0 2.6877153496608775e-05 3.145827177602672e-06 2.1280844081957864e-06 1.0205781548418603e-06 3.8530770998626436e-07 5.691250992958878e-07 2.62968617067825e-07 1.6951433008742734e-05 1.0967725563679143e-06 6.899466225052528e-08 4.6686636907942944e-05 1.9787209229392796e-05 5.647445783113907e-05 4.201767129815255e-05 3.146091265567377e-06 1.5648879823615756e-06 3.6624911558509122e-06 3.314208160055617e-06 6.079074868211442e-06 1.361751326371955e-05 0.0 1.5659712551953918e-06 2.526705900314108e-06 6.280720176288809e-07 0.0 5.340325796749781e-07 5.5891740747413996e-08 4.3261918328612854e-07 1.89779713990043e-07 3.3455318957411593e-07 8.451162803256943e-07 0.0 8.764762284713141e-05 1.0915520632149522e-05 1.497789374492691e-07 1.0259708236709055e-06 0.00010326262080602814 1.0318547218322033e-06 3.184333212340143e-06 5.306488907843557e-05 6.862866668292472e-05 1.0958918664863087e-07 6.786774993214182e-05 1.3133241129147405e-05 9.899560862977995e-06 0.00011671907396223978 4.542579732023695e-05 1.1748660984236488e-06 7.3844603526253495e-06 4.942249960015167e-06 4.8004238996553056e-06 5.740299052222445e-06 0.0 0.0 0.0 0.0 0.0 0.0 0.0 0.0 0.0 0.0 0.0 0.0 0.0 0.0 0.0 0.0 0.0 0.0 3.00635489794281e-07 1.0139559698643846e-06 1.961399251013996e-07 0.0 0.0 0.0 2.4280462982316804e-06 0.0 7.480846300523703e-07 4.404193091244481e-07 0.0 0.0 0.0 7.684642876092318e-08 0.0 7.84754180039721e-08 0.0 0.0 1.6685668250012254e-07 0.0 7.888478595177037e-08 0.0 0.0 6.344691884142946e-08 8.261710713522331e-08 2.814427264147529e-07 8.276243506694375e-08 2.2389722441961194e-07 1.643098819837666e-06 2.1491291437321954e-06 2.2688509520873947e-07 0.0 0.0 2.0093955222563085e-07 1.5195553576465646e-06 1.3735292415985911e-07 1.138867393328073e-07 0.0 0.0 0.0 0.0 0.0 0.0 3.651525352634899e-06 5.786823723412789e-07 0.0 0.0 0.0 2.3214241726677368e-06 0.0 6.156820093999388e-07 1.2843318740224037e-06 1.122946509177722e-06 6.699499349971341e-07 3.0624341309015947e-07 0.0 0.0 0.0 0.0 1.2297444710775281e-07 5.8738237187126736e-08 0.0 0.0 0.0 8.10751894616986e-06 1.054047709310952e-06 2.1356042437921897e-07
5.795579369504755e-05 0.00035507909013174566 0.0019683328198243787 3.222894693127148e-07 0.00037481167940107534 7.437028141933861e-07 1.2558199230213657e-05 0.0 0.0001258600338057193 5.325240805385826e-06 0.002181574103559899 2.922332080888069e-06 7.111257308016846e-05 0.0008459235030757712 2.1135424054000417e-05 1.3433384827302799e-05 4.0992393785485e-06 4.833008143738663e-06 0.0 1.825033729022163e-05 4.404051539049247e-05 1.7468609971923322e-06 7.822348859075143e-06 3.340815407178467e-06 1.5475780469526738e-05 3.792789389693129e-06 3.3557628513652945e-06 1.721986909885785e-06 5.899529588300527e-07 5.95912145054838e-07 0.0021699685051919013 0.0014651819948608064 0.00011760320599301071 2.8450496857678493e-06 9.442493716199028e-06 1.8528575365742266e-05 2.3411708817487076e-05 7.269488936871623e-06 3.5460326439205244e-06 1.0655101626695326e-05 3.7140415210478765e-05 9.278725971477381e-06 9.856255981371235e-06 5.008513760480229e-06 3.010184162533626e-07 2.14813710841904e-06 9.854368244768814e-05 2.506167001005548e-06 4.6428452373926035e-06 4.547556140507652e-06 1.1704484788884331e-05 1.0168750212958039e-06 1.4030287935365116e-06 2.3397891509379237e-06 3.3691424713222076e-06 3.1691514257736743e-06 5.485413659280855e-05 0.00018801856774972568 2.490140832130194e-05 2.695550270946556e-05 3.936274473008767e-05 2.6044828624269677e-05 2.053250679750902e-06 0.00041498088912728093 2.5029136866132397e-06 1.7305757374710766e-05 1.2150269209453768e-05 1.084577473695333e-05 1.6945444216419797e-05 2.4611993908858805e-05 1.564966561880409e-05 5.365156037215742e-07 4.567434412341112e-07 5.430496898083812e-05 4.0649505376463866e-05 7.49592726289524e-05 0.00014419688117831632 0.000339330866038874 0.0009222021498787177 0.002269001986346072 6.203114447879445e-05 0.000715896776603276 7.63615684013038e-06 1.0758398375438433e-07 2.0137697186424475e-06 4.321959259285632e-06 2.7533415536844338e-06 0.0 8.002364345024528e-07 0.0 1.0804262153256744e-06 2.808834361849033e-07 8.197940145802605e-06 3.7764744114123985e-06 3.0166990995077404e-06 6.033592643777873e-07 4.918127232064306e-07 0.0 1.2828004340830132e-06 7.134292650449324e-05 3.8161076617215284e-07 3.1142682538980546e-07 3.535707922575356e-07 0.0 9.102114158098969e-08 0.0 0.0 0.0 0.0 2.490883088220955e-07 2.371658650981326e-07 1.2618873829142485e-06 6.896016190517493e-07 2.602805659966931e-06 4.315563156446927e-06 5.18147421611261e-07 1.0267893503361264e-07 0.0 0.0 0.0 0.0 0.0 2.524826008978983e-07 0.0 0.0 0.0 0.0 1.8905291304969288e-07 0.0 4.131291427735649e-07 0.0 0.0 0.0 0.0 5.006115143454324e-07 3.8745247825896993e-07 0.0 1.8422413751876053e-07 2.0897204583192146e-07 1.8271829735172168e-06 1.3910562347786255e-06 2.6714508072339786e-06 2.177313198914212e-06 1.1315911454785326e-06 0.0 1.9953953947488174e-07 8.036517803848005e-08 0.0 0.0 5.478828328490456e-07 0.0 0.0 4.036066281243208e-07 0.0 0.0 2.7569998901352804e-07 1.9043846100714203e-06 5.578001085504912e-07 0.0 0.0 0.0 0.0 0.0 0.0 4.7110790856898445e-07 7.767866350291905e-07 9.464383781683565e-07 0.0 0.0 0.0 0.0 0.0 0.0 5.802344519854293e-08 4.6318819013514353e-07 6.732093693779293e-08 2.950125842958196e-06 2.0065102353767523e-07 3.5178591766673067e-07 1.5112519978831914e-07 1.375830923935066e-06 7.453427705952893e-07 6.140206068845364e-07 1.7042321040574143e-06 1.3254513705097939e-07 0.0 0.0 1.221685527264589e-07 2.798859565230161e-07 1.5769792793576157e-07 2.4856293134895803e-07 0.0 0.0 0.0 0.0 3.044953979171898e-07 5.02085080291138e-07 2.1725989029114974e-06 1.5850048770794437e-06 2.346488807820932e-06
1.1794370149525162e-05 0.0013007737884271474 0.0006399554944228197 3.6416202340900687e-06 0.0025921460654230472 5.227248273330481e-06 0.0013008146646279388 0.0001258600338057193 0.0 0.00020418103090892383 0.0010995806754888014 5.5916700571225914e-05 0.0006634205084184845 0.0013325296319979636 6.223343802180614e-06 2.8315636024214836e-06 3.5247908046523654e-07 5.017004930659501e-07 0.0 2.9241032552482384e-06 2.77263901507212e-06 0.0 2.6213174787300956e-07 1.5354686702726981e-07 0.0 9.617822572503903e-08 0.0 1.797412895421574e-07 9.403848769928023e-08 0.0 4.655705745454335e-05 1.6119990556794808e-05 1.2198580350616533e-05 9.700374417197807e-08 1.9718386698356898e-07 1.1167231913985696e-07 3.7990386128081616e-06 1.7718989947033333e-07 3.7854854013829566e-07 5.496375085223052e-07 8.959327852366149e-07 4.0072218252523325e-07 1.032681626430381e-06 6.359885888891555e-07 0.0 4.2521047953193317e-07 3.545371872599542e-05 7.908391093612772e-07 2.421561228893683e-07 1.68515408610304e-07 7.821666410615452e-07 0.0 9.473709920548412e-08 2.2196421472288052e-07 1.189041700472812e-06 1.0801476032857288e-06 5.116748267626158e-06 8.76141742418537e-06 4.903873059650138e-06 6.010075550585058e-06 5.712932303195125e-06 2.107848252163825e-06 2.7199001189060303e-07 1.4135158663198349e-05 1.00912767381973e-06 2.1395169825849385e-06 6.773880574139327e-07 7.262256439965414e-07 2.852393785284611e-06 1.587129977696843e-06 1.3982376515758041e-05 1.0178149364506031e-07 0.0 1.0360351931212626e-05 6.9852715933691095e-06 2.2169989128682315e-05 2.5725965655433707e-05 2.7339399522362577e-06 2.4883079592194325e-06 2.97875232012839e-05 8.559393653230266e-06 2.1685764493764392e-05 3.3537663446085337e-06 0.0 7.225638465265651e-07 7.309900811869763e-07 9.43877912728991e-07 0.0 6.318713317632218e-08 0.0 1.9915501327522004e-07 1.2487105943706178e-07 1.2064550379692328e-07 1.9266724137820454e-07 1.669417869553988e-07 1.7609152831107548e-05 5.442347617635018e-07 0.0 8.584500875482826e-08 7.386383149264372e-06 1.6566847191500923e-07 5.095416106220231e-07 7.020839371070268e-07 7.749306395465453e-08 1.5992049503646198e-07 0.0 3.5070140688652525e-06 1.6574294049285904e-07 4.846081847091615e-07 1.3331424873224246e-06 6.88896800377736e-07 3.6094987552899493e-06 3.1460014665055487e-06 2.888937975764213e-06 4.485207973188868e-06 0.0 0.0 0.0 0.0 0.0 0.0 0.0 0.0 0.0 0.0 0.0 0.0 2.9642964539911075e-07 0.0 0.0 0.0 0.0 0.0 3.809286925835539e-07 6.35513435424095e-07 3.0137542429966637e-07 0.0 0.0 0.0 2.128123242225291e-06 2.9548537999608515e-07 1.7142741333703132e-06 6.824008161884778e-07 1.75737561689819e-07 0.0 0.0 0.0 0.0 0.0 0.0 0.0 0.0 2.3781577823441502e-07 0.0 0.0 0.0 0.0 1.5467913464070648e-07 0.0 0.0 0.0 0.0 0.0 0.0 0.0 0.0 1.4629475215796855e-06 0.0 0.0 0.0 0.0 0.0 0.0 0.0 0.0 0.0 3.606133777261561e-06 0.0 0.0 0.0 8.205016256079953e-08 1.7122633292045527e-06 6.361695600871533e-07 1.077467946275728e-06 0.0 0.0 9.533230731647882e-08 0.0 0.0 0.0 0.0 0.0 0.0 6.507870654075202e-08 0.0 0.0 0.0 9.78201141951025e-06 1.355611536845916e-06 7.561593053741755e-07
0.0007712445372571653 0.0021814131718239445 2.9318345608570564e-05 0.001064440229309595 0.00028591983167574963 0.0005384231668984862 0.0021027912151636062 5.325240805385826e-06 0.00020418103090892383 0.0 3.337448016898207e-05 0.0027945321889223484 0.0028447633843982673 0.0004342938190909941 9.657058359201817e-06 2.1217686716161438e-06 7.265445154479257e-07 2.8614746320468235e-07 0.0 5.944909302926948e-07 1.2727388809606913e-06 2.1173071346250886e-07 0.0 1.2730262152919195e-07 3.568060169402867e-07 1.0029668156666608e-07 3.690536831293265e-07 2.0627435141995736e-07 0.0 0.0 8.334864608435201e-05 1.911024017324187e-05 5.201665470870071e-05 0.0 0.0 5.256251321587097e-07 2.6799042169971113e-05 4.221047248620184e-07 2.4588752563865167e-06 1.942813883414842e-07 2.913192021929561e-07 1.2167853693038467e-06 5.174487577974633e-07 0.0 0.0 0.0 0.00011126661068363555 1.56092979698766e-06 2.185548013934744e-07 2.40648713930409e-07 1.9180043349612354e-06 3.80646789524159e-07 1.250976681389443e-06 8.635481600084797e-08 2.821285430475921e-06 3.5932431940769232e-06 5.2404878920123193e-05 1.9511841415395366e-05 2.2763011514558308e-05 2.1831891546032727e-05 3.0002812975743e-06 1.379619057321211e-05 0.0 1.737086121069142e-05 2.0462654364820953e-06 2.151521754102734e-06 1.2643468946973865e-06 2.778710244163041e-07 8.098237582605393e-07 4.1270579562129675e-07 0.00018006211452525092 1.2243774939950207e-06 8.207925386504395e-07 3.239642463132122e-05 1.4034016407581451e-05 4.349531355285603e-05 3.69840177234298e-05 3.2080648102576122e-06 3.5066539746709085e-07 2.874159724848823e-05 4.017820607876776e-06 2.6401770244288185e-05 1.2024774172729067e-05 1.7854952204065886e-07 1.4938714092995188e-06 1.6305580480462041e-06 5.110519531652071e-07 0.0 4.831045942045569e-07 3.8437423738344685e-07 2.0668977397174969e-07 3.44353701649077e-07 9.561101961264575e-08 3.351093457072977e-07 3.502892666362502e-07 0.00030427931350320004 2.902426997489666e-05 1.1323138838624231e-06 3.2638507894091253e-06 0.0004646206273259177 1.2063100151651433e-06 7.65236206400221e-06 4.581431183444661e-06 1.9172146541904644e-05 4.7228894691118074e-06 1.5231199292481713e-05 3.5725210111388196e-05 2.488261736742289e-07 3.148602093715511e-05 2.51491302467972e-05 1.081862175598538e-05 4.721140596530195e-05 3.295661418563282e-05 3.171973155875365e-05 2.931659869185706e-05 2.5547683577761697e-07 0.0 0.0 0.0 0.0 0.0 0.0 0.0 0.0 0.0 0.0 0.0 1.1437394010853645e-06 0.0 7.397588390491469e-08 8.726578762035587e-08 0.0 8.222067659898308e-08 4.095683904981059e-07 2.142548190215612e-06 5.872222583263371e-07 0.0 7.208637320327097e-07 0.0 1.0391327843193559e-05 7.268126659690909e-07 4.224804302577619e-06 1.5168254766284865e-06 1.1174732299875096e-06 0.0 7.682152162829421e-08 0.0 0.0 2.692464001291266e-07 0.0 1.7036909384088513e-07 0.0 0.0 0.0 9.243024713514519e-08 4.949588593388365e-07 9.88196301916202e-07 1.5802208245412964e-07 0.0 0.0 0.0 3.9726061416574206e-07 3.0590072424768597e-07 5.921888120596038e-07 0.0 6.224984647811614e-07 3.0834808584855384e-06 0.0 6.425151425080823e-08 0.0 0.0 0.0 0.0 0.0 0.0 0.0 3.1133957967958325e-05 6.915896040296698e-07 0.0 0.0 0.0 9.352048210970985e-06 1.3703472398926336e-06 4.64083717065759e-06 3.088912452882378e-07 2.8106189661839355e-07 1.0437295133381227e-07 2.2159278721652485e-07 1.0031990613835794e-07 8.21645069610662e-08 9.558484837983084e-08 0.0 0.0 0.0 0.0 1.8964189655701346e-07 0.0 8.50902659914045e-05 5.6952506887675205e-06 2.988559440396047e-06
0.0001345813085602975 0.001612974508574346 0.0022843529601511686 4.800127533546197e-07 0.0013111060155502465 2.8821279585760064e-06 0.00012485203779797564 0.002181574103559899 0.0010995806754888014 3.337448016898207e-05 0.0 2.53757738509218e-05 0.0005238367320012041 0.001769317305501332 9.020916997266743e-06 5.158759011411189e-06 1.077396716409734e-06 8.712249881300432e-07 6.812396311935462e-08 2.3611728963493684e-06 4.965772336274966e-06 1.5233788073765243e-06 3.891712360510846e-07 3.583861247368355e-07 3.760427335191762e-06 6.51855421859143e-07 1.1714730355763026e-06 6.063858427864011e-07 2.3820138981665013e-07 1.4393998458803023e-07 0.0006087502169292922 0.00018569069977405263 0.0003467876748161584 1.5406797707253823e-07 1.4466717914302448e-06 3.3122163697002407e-06 9.749814783415626e-05 3.7717228462490297e-06 4.1713088250143855e-06 4.894389614414572e-06 5.765035901838462e-06 2.1315597726831687e-06 1.498904018805949e-06 1.097440554854788e-06 1.843833879883909e-07 9.85040968365202e-07 3.7222028268990105e-05 1.2630271435905117e-06 5.929617613746727e-07 9.901764756267669e-07 2.099934636282606e-06 1.0650700526770059e-07 7.516322705576251e-07 1.1371827052154523e-06 1.7737267745980353e-06 2.1396723928053833e-06 2.4888825760101915e-05 5.565369943191158e-05 1.3527155260378167e-05 1.5684988562094066e-05 6.956655590794595e-06 7.766596866782764e-06 3.5335554214966856e-07 4.552333331161273e-05 1.1450120099732363e-06 2.78643401835013e-06 2.083453324212238e-06 1.7090619431760892e-06 2.776957800280454e-06 2.251723440719911e-06 4.3520580875576626e-05 2.4010245700937295e-07 0.0 2.824090781762271e-05 1.4077642244225417e-05 3.5454720333598254e-05 3.453718702284521e-05 6.626734888146333e-06 3.0874981832610144e-05 0.0013213882095879858 8.32687533528606e-06 5.642553274702876e-05 5.390343643163231e-06 7.205006650234463e-08 7.149768479795934e-07 1.7580147067215013e-06 5.4862566170796e-07 0.0 2.277668617549862e-07 5.991711958466109e-08 4.5357350950544656e-07 6.842891203282886e-08 5.537390951648993e-07 1.067940501635759e-06 7.181321292229996e-07 1.2469325345875044e-05 8.251342302259356e-07 0.0 1.2411656424112097e-06 5.9038396032689505e-05 6.209432292455121e-08 6.567898238580253e-07 2.4189557876414947e-07 8.196271298173006e-08 0.0 0.0 1.43195978808253e-06 4.3278651092005036e-07 8.805248860186125e-07 1.8384466074549679e-06 6.342705067367954e-07 5.3911822777393405e-06 4.845194806196317e-06 5.413933744680233e-06 1.2996369779209759e-05 0.0 0.0 0.0 0.0 0.0 0.0 0.0 0.0 0.0 0.0 2.5404195129760084e-07 0.0 8.719667272474181e-07 0.0 0.0 1.7381918940144745e-07 8.615348407192464e-08 9.050352306761417e-08 0.0 0.0 5.224017812997741e-07 0.0 0.0 0.0 5.0475976633613166e-06 1.1105332981719194e-06 2.286793263204034e-06 1.220627597460017e-06 6.916453464889035e-07 1.0472460656967363e-07 0.0 0.0 0.0 0.0 1.2602924546327613e-07 0.0 0.0 7.165863134132191e-08 0.0 0.0 9.389996847269914e-08 2.0511613052201374e-07 0.0 0.0 0.0 0.0 0.0 0.0 0.0 0.0 8.371111871806754e-07 1.5086197141174004e-06 0.0 0.0 0.0 0.0 0.0 0.0 1.640255775699151e-07 2.1219901899173465e-07 0.0 9.208938788153735e-06 6.267462337128429e-07 3.0404748799061913e-07 0.0 3.150378888526645e-07 3.4500401406665954e-06 9.013029182106216e-07 1.9000001962686055e-06 6.231944609076704e-08 0.0 0.0 0.0 2.0811669462059448e-07 0.0 0.0 0.0 0.0 0.0 4.3865012245284715e-07 1.2859869037292824e-07 0.0 8.225898868588035e-06 2.7520623322448997e-06 2.089136300187431e-06
0.0002155352554749634 0.00047640130797222275 2.942157664589883e-05 0.0004921333721788296 5.392914854325971e-05 8.636382038698483e-05 0.000900082147787276 2.922332080888069e-06 5.5916700571225914e-05 0.0027945321889223484 2.53757738509218e-05 0.0 0.0017281293407971107 0.00026066904175097566 4.260725548844561e-06 2.224856564854736e-06 2.413156706243707e-07 6.710003760978455e-08 0.0 6.554094090191237e-07 1.4126403444285068e-06 1.3133833765468363e-06 3.01554168065957e-07 0.0 6.600554130990356e-07 1.9685741529003546e-07 6.861230594421726e-07 5.643005301672984e-07 5.704955713329816e-07 1.0753816230212741e-07 1.1510950352983744e-05 3.1963813250584515e-06 3.0371123973859296e-05 8.702518140634551e-08 0.0 4.465532680973539e-07 3.0325909690716515e-05 2.3251521087312348e-06 2.2166856130473903e-06 2.183023967657631e-06 2.8101421737475997e-06 1.507740074746639e-06 2.550426958251406e-07 3.75457980824409e-07 1.3708952927077272e-07 6.205480017839316e-08 2.155404083003976e-05 3.2434495288159827e-07 0.0 4.777280535502977e-07 6.156136215798802e-07 5.950573779449763e-07 1.9832927470049007e-06 1.1988384158882491e-06 2.2538395008414974e-07 1.1353251230691256e-07 3.009867235181148e-06 3.948370154688866e-06 2.681317348928307e-06 3.4053320773406894e-06 1.468777011125394e-07 2.5473889244797286e-06 1.0015425670640711e-07 7.526101165641412e-06 3.1966296117708334e-07 1.1974954837993435e-06 6.344811973660605e-07 2.612058729482061e-07 6.00548616075761e-07 1.6864201478237414e-06 0.00010262682748138702 3.2768425224034687e-07 5.046586095520805e-08 5.152664902106903e-06 3.849659077575075e-06 6.869013837984113e-06 1.1448493019716494e-05 1.557703050494087e-06 7.288750410634707e-07 7.616693271619298e-06 5.75450565087996e-07 7.308107990883652e-06 1.3746716743211088e-06 0.0 3.492849346795621e-07 1.1145885184914864e-07 0.0 0.0 0.0 8.118508213700705e-08 1.1145820672215723e-07 0.0 3.925442389361698e-07 5.707854338645816e-08 5.198327461329408e-07 0.00034225846518062234 7.858536459969193e-06 3.5130628318445927e-07 2.6225671245842446e-06 2.382948341511082e-05 1.0580099485233947e-06 2.899748987732976e-06 6.107743086841567e-06 1.5350077096014498e-06 3.3558950980395735e-06 1.6585854201896578e-06 2.0236831872228512e-05 1.1624212761952654e-06 5.224730503964636e-06 8.270590346047705e-06 1.1912127424140372e-05 3.103724541144366e-05 2.7216923706111608e-05 3.417133252446643e-05 4.0488382674201954e-05 6.794130936041994e-08 2.7215376081330875e-07 0.0 0.0 0.0 0.0 0.0 2.6679306500103526e-07 0.0 0.0 1.3790594619637303e-07 0.0 8.159213111480906e-08 0.0 0.0 0.0 0.0 9.039283627585101e-07 6.717690361902148e-08 1.2876922882132238e-06 7.314801074445692e-07 0.0 9.035564949965723e-08 3.1017112929062807e-07 1.4350965751043192e-05 1.5751523799740776e-06 5.5854451012439564e-06 1.7598641593959428e-06 6.303622969098859e-07 0.0 0.0 0.0 0.0 4.2370212031835133e-07 0.0 0.0 0.0 1.4918401703004077e-07 0.0 0.0 4.6998948503206684e-07 6.431503136208168e-07 0.0 5.527713959598062e-08 0.0 0.0 2.2274317069331572e-07 2.753530981276779e-07 1.2825029564375344e-07 1.940113503879724e-07 1.5672453504907239e-06 4.385982655760473e-06 3.3001208837377217e-07 0.0 0.0 0.0 0.0 0.0 0.0 1.808558597529911e-07 0.0 3.7520000909947885e-05 1.092659152568065e-06 2.1750793900397892e-07 5.499766883970212e-07 2.2987705470812357e-07 9.204447108911694e-06 6.434774060823758e-07 7.147932749146958e-06 0.0 0.0 3.541327196619111e-07 0.0 1.8309581041073108e-07 0.0 0.0 0.0 0.0 0.0 8.135956283439473e-08 0.0 1.2461900657791952e-07 6.665142874914419e-05 9.691758031356664e-06 4.79287094463403e-06
