0.0 0.0016771355834849545 0.0006484685627111956 0.0009866044089040392 2.714109029860541e-05 1.666911197480864e-05 0.0004708250963035777 5.98440848453169e-05 1.0774779774493222e-05 0.0005976484855483232 3.3440465478223354e-05 2.3965826378997456e-06 8.461759892534236e-06 1.3674677499850212e-05 1.142384285123648e-06 1.8407172068069929e-07 0.0 0.0 5.848554066365988e-08 0.0 1.3643667228974114e-07 0.0 0.0 0.0 0.0 0.0 0.0 0.0 0.0 7.45705580391491e-08 0.0004120183888036356 0.00010133142270853279 1.6172341256360292e-06 1.0336295443797698e-07 4.961294434909734e-08 1.5953791151069798e-07 5.431470080177911e-07 2.9718913410942227e-07 1.9782892611392986e-07 0.0 0.0 0.0 3.13604808452139e-07 1.516135898668253e-07 5.358076334374147e-08 1.1276891891050392e-07 8.71901400365384e-06 1.1485800811567864e-06 6.122123947697304e-08 4.3508803791100774e-07 1.3174472718237698e-07 0.0 0.0 6.980182146711565e-08 2.234678013355636e-06 1.6575923485613808e-06 0.00012069977393471568 0.0006625181408351681 1.242688487239107e-05 7.2736327931966725e-06 1.6042021724118808e-07 2.911161241161612e-07 0.0 1.8285906355199875e-05 2.3546863196428346e-06 2.2104479086825406e-06 4.970793242335248e-07 5.091226433087369e-07 5.140342325886201e-07 0.0 2.645145334225304e-06 2.0180413673125647e-06 0.0 4.781577872528233e-05 1.3049896438976318e-05 1.4740982843932594e-05 6.8673402184510225e-06 1.170377379247246e-06 7.253450012690522e-07 4.2245508554997675e-06 2.2455691097094816e-07 1.620743388038445e-06 4.68756741236918e-06 0.0 2.1634472494466113e-06 1.55593920991998e-06 1.4956357389786246e-06 5.7726436336460125e-08 2.446783423010779e-07 0.0 3.18224189571343e-07 0.0 1.6301929379783885e-07 1.4649802946052082e-07 7.940864184047044e-08 5.059692559708646e-06 3.2217695394985925e-07 1.0873500636663633e-07 0.0 0.0003396475897526486 0.0 0.0 0.0 2.869129159065757e-06 0.0 3.7219297618472443e-07 2.133880241819851e-07 0.0 9.945738568105212e-06 1.118118653033339e-06 0.0 1.9740838635030146e-06 3.797541225213215e-07 2.547104855785133e-07 1.020244813779105e-06 0.0 0.0 0.0 0.0 0.0 0.0 0.0 0.0 0.0 0.0 0.0 0.0 0.0 0.0 0.0 0.0 0.0 0.0 0.0 0.0 0.0 0.0 0.0 0.0 2.1515252949453765e-07 0.0 3.059892541236562e-07 0.0 6.977377059132622e-08 0.0 0.0 0.0 0.0 0.0 0.0 0.0 0.0 0.0 0.0 0.0 0.0 7.410546178074916e-08 0.0 0.0 0.0 0.0 0.0 0.0 0.0 0.0 0.0 5.15483495531697e-07 0.0 0.0 0.0 0.0 0.0 0.0 0.0 0.0 0.0 0.0 6.007026284584437e-08 0.0 0.0 0.0 7.030111044163089e-07 0.0 0.0 0.0 0.0 0.0 0.0 0.0 0.0 0.0 0.0 0.0 0.0 0.0 0.0 0.0 0.0 0.0 3.9411615246490997e-07
0.0016771355834849545 0.0 0.0013713368498435609 0.0011535295345269122 0.0011036667027168063 2.9685139358070976e-05 0.0025701993238717333 0.00023751244898968148 0.00044135604431497314 0.0007736525452882927 0.00024344843672669873 1.9073415535504316e-05 7.503390499915255e-05 0.00011009114999698728 1.6962611749555145e-05 3.1912862632596483e-06 1.1749474798051335e-06 2.6025551790787407e-07 3.8328963127625733e-07 3.593572267911846e-07 2.811616307211143e-07 7.454593621908715e-08 5.4663504996497866e-08 0.0 5.475299504371649e-07 8.615239913279894e-08 5.6586836047684365e-08 7.467189286634697e-08 9.907498255529202e-08 0.0 0.0014794390617829942 0.0002381216577623914 3.6530385092832633e-06 2.841369711476827e-07 3.6159733705647283e-07 3.8903460570693853e-07 1.9138235534353648e-06 1.0839046472355939e-06 4.421892892621589e-07 1.935507891138226e-07 0.0 1.620324641721729e-07 8.191743177518042e-07 1.6346185428353728e-06 5.903860627767388e-07 8.743860516861351e-07 0.00010956763427301228 3.264773022776914e-06 1.1739615501335283e-07 9.404471517968049e-07 1.0839651749150904e-06 0.0 6.223237709256708e-08 6.481363455882245e-08 3.6456383254993e-06 7.547504505274388e-06 0.00011364832104767425 0.000574267564950314 2.800996469471995e-05 5.757704752994867e-05 6.371604274104007e-07 1.073394692964188e-06 2.2495722899759747e-07 0.00011453415884401807 8.186904927571356e-06 6.176087957631441e-06 1.4103493310245036e-06 1.0017167764961825e-06 2.776664699065517e-06 2.099721493201413e-07 3.6214336041458566e-06 1.1265170797065138e-07 0.0 0.000166723658140957 6.691308779187148e-05 0.0001388969387321814 6.303853962991112e-05 5.896481853659763e-06 1.588922032411647e-06 8.663342287046229e-06 1.315307164915185e-06 3.4466312949082573e-06 1.4974756424423555e-05 1.6611065907095974e-07 8.41376398102567e-06 5.885925650979952e-06 5.612600432544033e-06 1.0480778683798751e-07 2.0076124319823375e-06 0.0 4.946388426580567e-07 2.710469685790664e-07 1.8297646274378015e-07 7.210606107420122e-07 2.709488505107408e-07 5.44247397077399e-06 5.484700055274367e-07 3.4255725821924217e-07 2.9321147561705135e-07 0.0002937290002130072 0.0 0.0 1.9781328998902448e-07 1.150220393732038e-05 2.8830847051435957e-07 1.0728314694071645e-06 1.2180692678136277e-07 1.8167334864798825e-06 8.107324163747898e-06 2.485476574009377e-06 3.709253516619245e-06 5.38778276103788e-06 7.646512065117538e-06 3.162030612046883e-06 4.701994345153543e-06 1.5024177373957957e-07 0.0 1.6933720205909754e-07 0.0 0.0 0.0 0.0 0.0 0.0 0.0 0.0 0.0 0.0 0.0 0.0 0.0 1.2548024388626115e-07 0.0 0.0 0.0 0.0 0.0 0.0 0.0 3.7132536601176784e-06 1.407064881761517e-07 2.840908704240466e-06 1.5010728598934235e-06 0.0 0.0 0.0 0.0 0.0 0.0 0.0 0.0 0.0 0.0 0.0 0.0 0.0 0.0 0.0 0.0 0.0 6.783617872964462e-08 0.0 0.0 0.0 0.0 0.0 1.2302070220682412e-06 0.0 9.915140942318813e-08 0.0 0.0 0.0 0.0 0.0 0.0 6.709509194424843e-08 1.6333787568915072e-06 0.0 1.0014880774012715e-07 0.0 0.0 3.6072739715628706e-06 0.0 1.0133156797957872e-06 7.139621700166188e-08 0.0 0.0 0.0 0.0 0.0 0.0 0.0 0.0 8.392090073559608e-08 0.0 0.0 0.0 1.5780631959495034e-06 3.039993117035253e-06 1.4388762917421616e-06
0.0006484685627111956 0.0013713368498435609 0.0 0.0002349832707064974 0.0015894696990120315 4.188881051707922e-06 0.0005525268511391098 0.0013286491987507607 0.0006110880145317145 0.00023984381435208845 0.0012201769431423508 3.360134756111862e-05 0.00023168253133352786 0.0005984859016118184 1.7407951667219087e-05 5.225377411284878e-06 9.292256292331827e-07 2.0958295380264836e-07 1.3500299470493016e-07 1.0191793281685626e-07 8.906471508424722e-08 0.0 1.259163902378411e-06 1.5628155465984229e-07 2.3928414319526523e-06 4.102617159804916e-07 6.039909959829545e-07 2.1902156122424716e-07 1.1021204789171013e-07 0.0 0.0017054404916238036 0.0006470011738810768 1.9982884533247103e-05 8.47759775483386e-07 1.2431640206570324e-06 1.4695039898396238e-06 1.1217860890538318e-05 6.1157156702029364e-06 1.2827076190123834e-06 8.688703901651857e-07 2.667138097722527e-07 7.568037123307126e-07 8.182382916866332e-07 1.9812833852224088e-07 6.596658047404114e-07 6.337064360327389e-07 6.284564934246551e-05 1.7651399693862103e-06 2.5014677238687954e-07 7.847170012973267e-07 4.97502408790327e-07 0.0 2.0046425928134101e-07 0.0 1.4198871503047473e-06 2.399064992722341e-06 4.2600247909823386e-05 0.0002119980781571327 1.050757780194773e-05 2.773558333173512e-05 5.607581213373679e-07 8.652434733070953e-06 2.645405222497344e-07 0.00012424739199612758 2.8949480287915842e-06 2.7000741964454396e-06 4.3971008658634967e-07 6.190068356286793e-07 4.188720919882113e-06 2.0360540770550716e-06 1.1578249146237405e-05 6.56684293859593e-07 0.0 6.852667193459607e-05 3.178514387067135e-05 7.546015153762316e-05 4.544944250032799e-05 6.6534824851691845e-06 3.0207425915560006e-05 0.0001159846021529952 8.369243562874076e-07 3.439604580059961e-05 6.469864955149733e-06 0.0 2.9347031163511226e-06 1.8197082130916305e-06 2.766163896634633e-06 7.344833378646206e-08 4.755357485760039e-07 0.0 4.96495115593873e-07 6.41503499557326e-08 9.406521521014597e-07 2.0977638392869084e-07 3.2911945801990995e-07 6.54057936234011e-06 2.8591592187669147e-07 0.0 1.0110254213211658e-06 0.00010302785601285553 6.539401262478143e-08 0.0 0.0 7.94320720290535e-07 8.607357238740843e-08 1.419504545220066e-06 1.6926012907033755e-07 1.0824203830022924e-06 5.2723162598298815e-06 3.819386719304969e-06 1.801588330358406e-06 7.464071744236287e-06 7.49346276700033e-06 4.770425601198799e-06 6.613461223504628e-06 2.2945933918001152e-07 0.0 0.0 7.186154863266228e-08 0.0 0.0 0.0 0.0 0.0 0.0 3.7366111047217505e-07 0.0 1.483108138470505e-07 0.0 0.0 0.0 3.356054407784539e-07 0.0 0.0 0.0 3.017482829186677e-07 0.0 0.0 0.0 4.418898214720595e-06 1.0039891189622791e-07 3.5165774043945705e-06 1.3838281233045152e-06 1.7365204333942092e-07 0.0 9.560164908805525e-08 0.0 0.0 0.0 0.0 0.0 0.0 7.077920388272224e-08 0.0 0.0 0.0 0.0 0.0 5.3950810607919117e-08 0.0 0.0 6.907597851895741e-08 2.5647176951704456e-07 0.0 0.0 0.0 1.2232482311372722e-06 1.4583510945420417e-07 0.0 0.0 0.0 0.0 0.0 0.0 0.0 0.0 2.0581230735839314e-06 4.4230109586250023e-07 0.0 0.0 0.0 4.878243812826262e-07 0.0 7.584600800864008e-07 0.0 2.5707570791878925e-07 1.8363978888321128e-07 0.0 0.0 0.0 0.0 0.0 0.0 0.0 0.0 0.0 0.0 2.82681769892352e-06 5.595153900053928e-06 1.1296274501633298e-06
0.0009866044089040392 0.0011535295345269122 0.0002349832707064974 0.0 2.2589776761703288e-05 0.00035783385115900347 0.0009042754720963449 1.271766365218906e-06 2.372864820768402e-05 0.000903404637964884 1.5819131578834308e-06 2.403967552924666e-05 8.85139549356239e-05 1.327331184821709e-05 3.249399882908626e-07 1.1542869852231397e-07 5.9370061665683184e-08 0.0 0.0 0.0 0.0 0.0 0.0 0.0 0.0 0.0 0.0 0.0 0.0 0.0 1.660230634039625e-05 1.8289501690131654e-06 6.352196049444e-08 0.0 0.0 6.47366400275959e-08 4.8393640436615865e-08 2.2045663258406444e-07 5.55786244365738e-08 8.539878221779292e-08 0.0 0.0 4.8185547982112855e-08 1.2338556619712892e-07 2.595147218768666e-07 1.4011005400672585e-07 6.599511137148093e-06 9.79715110376486e-07 0.0 6.266015525593025e-08 1.4625774172640166e-07 0.0 0.0 0.0 8.6761608034733e-07 1.177736497435162e-06 3.303279897591977e-05 0.00015786260396336103 6.597308958792662e-06 5.488063469737215e-06 4.483140073851246e-08 0.0 0.0 6.823645586607357e-06 1.1427121406954154e-06 7.060845859869485e-07 2.1266528722912243e-07 5.8837944213105214e-08 1.653740489801203e-07 0.0 5.228054571547925e-07 9.2621585517972e-07 0.0 2.5668306797712258e-05 6.433154439867326e-06 1.1875334707172354e-05 3.7979041697630393e-06 8.553768712716434e-07 3.8096126090096635e-07 4.5895767175415684e-07 0.0 1.2400213164661296e-07 2.877472185490005e-06 8.472132449203945e-08 8.514773703280546e-07 9.141670117711216e-07 8.333753943730566e-07 1.4039348876910356e-07 1.860045727843296e-07 0.0 0.0 0.0 0.0 1.6534777955185546e-07 0.0 3.6028434100358314e-06 0.0 2.620460941972832e-07 2.575328107390735e-07 0.00015994360513832558 2.136343808370755e-07 2.826392768307107e-07 9.892319953407405e-07 1.0950561755260346e-05 0.0 4.0889995164782784e-07 1.0688243016519113e-07 2.1682068341781233e-06 3.3581448219989996e-05 3.1475631767146544e-06 1.0660424744240678e-06 2.866114331424109e-06 1.687249259291198e-06 1.248724389126612e-06 9.643552990585888e-07 0.0 0.0 0.0 0.0 0.0 0.0 0.0 0.0 0.0 0.0 0.0 0.0 0.0 0.0 0.0 0.0 0.0 0.0 0.0 0.0 0.0 0.0 0.0 0.0 4.707874201929703e-07 0.0 1.0424876583566838e-06 0.0 9.771745492943552e-08 0.0 0.0 0.0 0.0 0.0 0.0 0.0 0.0 0.0 0.0 0.0 0.0 0.0 0.0 0.0 0.0 0.0 6.64434744379002e-08 1.7326952594257084e-07 6.451400523850708e-08 0.0 0.0 6.618770380182343e-07 0.0 0.0 0.0 0.0 0.0 0.0 0.0 0.0 0.0 7.753747581874229e-07 0.0 0.0 0.0 0.0 0.0 0.0 5.374458821180206e-07 0.0 1.975187973295768e-07 0.0 0.0 0.0 0.0 0.0 0.0 0.0 0.0 0.0 0.0 0.0 2.95175710734069e-07 8.33383212435509e-08 4.0058289928230707e-07
2.714109029860541e-05 0.0011036667027168063 0.0015894696990120315 2.2589776761703288e-05 0.0 1.6207125726883882e-06 0.001784115917783238 0.00021484630522779525 0.002932256365017243 0.0003600242712592691 0.001080664608688667 2.8821627931271813e-05 0.00033373062896436965 0.00022224875426074065 1.0310326101752975e-05 1.7609988377001344e-06 2.8958975587828094e-07 2.6792464488626867e-07 0.0 5.974512559685377e-08 0.0 0.0 0.0 0.0 8.878842457256413e-08 6.604576858560049e-08 2.0143347749831775e-07 0.0 7.202635560443591e-08 0.0 7.330351138377408e-05 7.001140851455548e-05 8.859543288567929e-07 2.277289444339216e-07 8.952614691431928e-08 2.581519514417148e-07 5.658017961824193e-07 7.090176977999149e-07 4.0135746897389817e-07 1.6015516923253614e-07 0.0 1.863554348739997e-07 4.172340754496015e-07 4.1168195425133435e-07 2.7158068748835696e-07 2.9405676785234056e-07 4.1227326735909626e-05 8.963532564880432e-07 2.3616262161536845e-07 2.5000655954427363e-07 1.1865576763744087e-07 0.0 0.0 1.1562019028576493e-07 3.6186440650039883e-07 7.039726845616452e-07 8.571009598781022e-06 3.1473691276971275e-05 2.9831776326592972e-06 1.754017715447566e-05 0.0 1.6793817501318537e-07 4.942218639434179e-08 3.1938279379772394e-05 8.68430506465923e-07 7.272055293722719e-07 6.397243134557163e-08 7.348470116079915e-08 5.166529604498301e-07 1.5555920999464693e-07 3.741951145976755e-06 0.0 0.0 2.5759134753558225e-05 1.4293567359911641e-05 4.332484767528806e-05 2.514319907346508e-05 1.2897483565294856e-06 3.0732070615750704e-07 1.627576674606759e-06 2.774271398158558e-07 5.841201257086792e-07 1.762579835457054e-06 0.0 1.438683729264136e-06 3.640618312523313e-07 1.0886237617252833e-06 0.0 1.2106715992858838e-07 0.0 7.629409928893317e-08 0.0 1.907068558255154e-07 1.5265614280184983e-07 0.0 3.178145378673004e-06 5.620821291358374e-07 0.0 6.442269543802691e-07 3.1927111859067545e-06 0.0 1.5511310968964432e-07 0.0 2.654221864745096e-07 5.892989275021081e-07 1.1086761227350673e-06 2.5785068743561394e-06 1.150029736387531e-06 8.177687565778985e-06 3.26354101335916e-06 1.1447665650547297e-06 7.500561636934584e-06 9.020502070624884e-06 7.152337104933685e-06 8.710712042825637e-06 0.0 0.0 0.0 0.0 0.0 0.0 0.0 0.0 0.0 0.0 0.0 0.0 0.0 0.0 0.0 0.0 0.0 0.0 0.0 8.793591424419593e-08 3.6235680136529674e-07 0.0 0.0 0.0 5.9367858947355316e-06 3.81248378552268e-07 2.216398312626736e-06 7.218564793463657e-07 0.0 0.0 0.0 0.0 0.0 0.0 0.0 0.0 0.0 2.611583518212387e-07 0.0 0.0 0.0 0.0 0.0 0.0 0.0 0.0 0.0 2.0631089621480096e-07 0.0 0.0 0.0 2.9435821369531307e-06 1.2779027365931662e-07 0.0 0.0 0.0 0.0 0.0 0.0 0.0 0.0 3.289662572249108e-06 0.0 0.0 0.0 0.0 1.238213313373992e-06 0.0 1.511538965633919e-06 0.0 0.0 0.0 0.0 0.0 0.0 8.65204941889379e-08 0.0 0.0 0.0 0.0 0.0 0.0 1.913234346589316e-06 4.809250565468773e-06 1.1354715487648251e-06
1.666911197480864e-05 2.9685139358070976e-05 4.188881051707922e-06 0.00035783385115900347 1.6207125726883882e-06 0.0 2.616448137274557e-05 1.3015342287464942e-06 2.3874926680659857e-06 0.0005242022373154006 3.988905795156944e-07 2.7886762059184826e-05 3.068221608219546e-05 3.873354222906921e-06 0.0 1.54451758833997e-07 0.0 7.587535758736587e-08 0.0 1.350863442963676e-07 0.0 9.798373979802684e-08 0.0 0.0 0.0 0.0 0.0 1.5086834483215527e-07 6.670264736184012e-08 0.0 9.279906430443057e-07 6.463234042866278e-07 2.150340918480735e-06 0.0 0.0 0.0 4.119333589564311e-06 1.1499369026648421e-06 5.142437834302158e-07 3.0324508651187745e-07 2.7429500431622545e-07 2.450894828521969e-07 7.386738008786516e-08 8.785657983241243e-08 0.0 9.873107088005733e-08 0.0 0.0 0.0 0.0 0.0 4.797735122524182e-07 0.0 0.0 0.0 4.1087510620744463e-07 6.961116683170139e-05 1.7755341692587973e-05 2.757802751135302e-06 0.0 0.0 1.0646752457549556e-06 0.0 0.0 0.0 0.0 6.335519669947869e-08 0.0 0.0 0.0 6.065523334506742e-05 4.6077623283042135e-05 2.897698906830049e-06 6.111673958057212e-07 1.4814217168643496e-07 7.824427666201287e-08 3.149105079544161e-07 0.0 0.0 7.431108605355226e-07 5.9170041106829353e-08 0.0 0.0 9.898410104064153e-08 6.520268700669547e-08 4.356908594466877e-07 0.0 2.2036399962035803e-06 8.41296623867081e-07 8.598331484090653e-07 0.0 0.0 0.0 0.0 0.0 6.41992797195711e-05 9.883414642147446e-05 1.2834567176964918e-06 3.5857400831031594e-06 0.00019472700698262477 0.0 0.0 0.0 8.003579074970441e-07 0.0 3.879366525229873e-07 2.760338964747049e-06 7.851402289237486e-07 1.3072619979016006e-05 3.340017854088988e-06 8.18790480422332e-08 5.995175412608524e-07 3.638530252957886e-06 1.442883570260991e-06 7.792826540870936e-07 0.0 0.0 0.0 0.0 0.0 0.0 0.0 0.0 0.0 0.0 0.0 0.0 0.0 0.0 0.0 0.0 0.0 0.0 0.0 0.0 0.0 0.0 0.0 0.0 8.057433525881814e-07 0.0 2.8201703474792275e-07 0.0 0.0 0.0 0.0 0.0 0.0 0.0 0.0 0.0 0.0 0.0 0.0 0.0 0.0 1.100033323920884e-07 0.0 0.0 0.0 0.0 0.0 0.0 3.115551976932608e-07 0.0 0.0 0.0 0.0 0.0 1.0066553828584731e-07 0.0 0.0 0.0 0.0 0.0 0.0 4.112239284012446e-07 0.0 0.0 0.0 0.0 8.190816870956722e-07 0.0 0.0 0.0 0.0 0.0 0.0 0.0 0.0 0.0 0.0 0.0 0.0 0.0 0.0 0.0 0.0 8.328462490764528e-07 7.315562349756879e-07
0.0004708250963035777 0.0025701993238717333 0.0005525268511391098 0.0009042754720963449 0.001784115917783238 2.616448137274557e-05 0.0 4.4549577115429986e-05 0.002470554041157577 0.0017708147131603922 0.0004890655384380347 0.00014046781391659322 0.001921081442866053 0.0011207529056374479 1.8864867468874156e-05 4.0383690979139725e-06 3.7006668933990255e-07 1.243272458198584e-07 2.694499516398725e-07 2.741962770482282e-07 1.5595987877262236e-07 0.0 7.143151366142457e-08 6.144160361274029e-08 2.2252127488332534e-07 0.0 0.0 0.0 0.0 0.0 0.00010292149562065744 6.091609169835642e-05 8.284468490356466e-07 5.815644823195267e-08 6.129467434375463e-07 1.7767533642537612e-07 3.436158464895629e-06 1.335671779985449e-06 7.631167608400457e-07 8.663824371668197e-07 2.665174259508326e-07 7.395842774788057e-08 3.69098181855876e-07 7.030676953736849e-07 2.895538869400389e-07 8.086486119767669e-07 8.960007927109028e-05 2.170648534152934e-06 5.064773737254696e-07 6.444069636529392e-07 7.923887312197727e-07 0.0 0.0 0.0 2.2654014896408674e-06 2.6103439768714195e-06 4.555203678784998e-05 0.00018945167832733678 1.2536177134927037e-05 4.480165298318919e-05 1.319013653403719e-07 9.81071308839422e-07 2.805574707922163e-07 6.0688584078009264e-05 3.8014645634015316e-06 3.7933384259058332e-06 6.049009695318647e-07 4.678309511107755e-07 1.5452901642871814e-06 5.448357187378643e-07 1.082972590198587e-05 9.628845710573847e-07 9.080296481398206e-08 8.174738380786502e-05 3.931053340791742e-05 0.00010426702676197107 4.867159600176508e-05 3.170191561611696e-06 1.2139907267786636e-06 4.470996855260183e-06 4.4332138070346685e-07 1.981282208359407e-06 7.240662385455888e-06 0.0 4.936952140578929e-06 2.8039179201879136e-06 3.208017013826476e-06 6.023105463796407e-08 1.2249442476382559e-06 0.0 6.273131762333072e-07 3.231347358275459e-07 4.998308576231515e-07 8.099834146088114e-07 7.708053914382305e-08 2.2134917425358273e-05 1.1730789859546925e-06 0.0 6.864514420390819e-07 4.176832517514309e-05 1.5090711762216549e-06 1.1850707030486278e-06 7.958647460885943e-06 1.2131719670351336e-06 1.5549508249890917e-06 1.130177920217531e-05 2.082642081971001e-06 2.7575384969322834e-05 4.670181923070717e-05 1.1605725957484736e-05 6.553348265915133e-06 2.9574068287875614e-05 2.981464728404992e-05 1.7436582884153278e-05 2.2419674649459514e-05 7.672270817912132e-08 0.0 0.0 0.0 0.0 0.0 0.0 0.0 0.0 0.0 1.4609197941877932e-07 0.0 0.0 0.0 0.0 0.0 0.0 0.0 0.0 4.03274491116364e-07 1.9560710106908874e-06 0.0 0.0 0.0 1.1407477915842168e-05 9.328188135055158e-08 5.507544636827604e-06 2.5159074683068588e-06 3.013908396264843e-07 0.0 0.0 0.0 0.0 0.0 0.0 0.0 1.0133612866984774e-07 1.9208962831655257e-07 0.0 0.0 0.0 2.6373831243061733e-07 0.0 0.0 0.0 0.0 3.319896376607368e-07 9.087416548711942e-07 2.5325811202499177e-07 0.0 0.0 6.026241780621056e-06 2.4805346078185954e-07 0.0 0.0 0.0 0.0 0.0 2.463207076946165e-07 0.0 0.0 8.54079057212995e-06 0.0 0.0 0.0 0.0 6.3545308533370335e-06 7.144700948579944e-07 3.123864857203408e-06 2.92840805307755e-07 1.3107413402928716e-06 8.392285294363472e-07 1.7238283120535555e-07 0.0 0.0 0.0 0.0 0.0 0.0 0.0 0.0 0.0 1.3477468831304989e-05 1.2863777018208433e-05 6.082486800271164e-06
5.98440848453169e-05 0.00023751244898968148 0.0013286491987507607 1.271766365218906e-06 0.00021484630522779525 1.3015342287464942e-06 4.4549577115429986e-05 0.0 0.00027132758945277595 1.6255839178687507e-05 0.0029359698938325454 3.381175602662782e-05 0.00017714483352730367 0.001057514608276805 3.437232838360169e-05 1.8521754048275904e-05 1.6678503110807341e-06 1.6210022240565062e-06 8.397503827974882e-07 8.997229697062837e-06 6.594987644980233e-06 2.032702791203868e-07 1.4882222146448822e-05 1.0075034580286256e-06 2.3428787493026728e-05 0.0 3.852330479175266e-06 1.3182018209988797e-06 8.415959347421136e-07 1.1999482543688912e-06 0.0003525226299912922 0.001961569971270518 0.00014982460441467083 1.1646818833677742e-05 2.3285840013091822e-05 2.0018117822398472e-05 7.02630207352131e-05 6.897667364198361e-05 9.272101954989133e-06 7.651762027893821e-06 6.4822808136695985e-06 3.060828645759266e-06 1.3283851482511889e-05 2.7130176541869838e-06 9.760224765653326e-06 7.861583464907323e-06 5.667894653959964e-05 1.3041224181665893e-06 1.7407832711752902e-06 7.603005253686275e-06 1.189387805751975e-06 4.28875350432428e-07 1.1805014747539063e-06 1.2433953365414424e-06 6.355376671699313e-07 6.790333745526365e-07 1.3384157962203392e-05 6.579209709006197e-05 3.416970078244398e-06 1.7981809925992335e-05 5.583696999351722e-05 0.0001316493581137242 1.0533933307357038e-05 0.00019946452922496786 1.535295809849984e-06 2.9547706935072494e-06 7.988509736517189e-07 4.216511067442375e-06 5.652320874179822e-05 2.9548266909564606e-05 3.965104359370975e-05 1.223605397520514e-06 0.0 2.4588181412942637e-05 2.0592371631749427e-05 6.16188844554571e-05 7.052987895761355e-05 0.00010735482194502542 0.0005088406005583787 0.0012910253588966551 2.054796904758281e-05 0.0009219908175183004 2.3873689451508554e-06 6.201661887552932e-08 1.9688773108184832e-06 8.661720325226543e-07 1.0230871862240112e-05 0.0 2.903526953943226e-07 1.4477210217868953e-07 5.98611882876283e-07 2.1330469766629274e-07 1.4048315419198522e-05 1.5407533481840803e-06 1.7646394980105142e-06 9.082684701026085e-06 3.2653263422241253e-06 1.4356991216183198e-06 2.6807271271251943e-06 1.3119064969693871e-05 0.0 0.0 1.2668032108789385e-07 0.0 1.9932042228575793e-07 5.622207128308365e-07 3.511947773029376e-07 6.126836568672311e-07 4.7099941152537174e-06 1.613560730073597e-06 9.654128558431023e-07 4.911306472780956e-06 6.368041023688268e-06 3.2099565671264945e-06 5.9069366338245454e-06 4.039544087165491e-07 0.0 0.0 0.0 0.0 0.0 7.575015320939754e-08 1.3359502350020255e-07 0.0 0.0 3.1537950401374434e-07 0.0 1.1063361406448226e-07 0.0 0.0 8.484954071626311e-07 3.4062909972217284e-07 0.0 2.9207842422474575e-07 2.0328854126508882e-07 2.3429628303952305e-07 0.0 0.0 0.0 4.2983063136085656e-06 7.870943753249923e-08 3.367264318633208e-06 3.6055641973026363e-06 6.806081695492626e-07 1.8563320097238103e-07 8.339093394246498e-08 0.0 0.0 0.0 1.246095129495321e-07 0.0 0.0 0.0 0.0 6.701584983544546e-08 0.0 7.354162071678562e-07 1.383121179391625e-06 0.0 0.0 0.0 0.0 2.552692647470234e-07 0.0 0.0 0.0 3.4360504888689804e-06 0.0 0.0 0.0 6.113525463544083e-08 0.0 0.0 0.0 6.373544344300718e-08 1.8921075835010692e-07 3.4015067999004525e-06 5.468015137752532e-07 2.3135585160019896e-07 0.0 6.281789181939373e-08 2.222743616412622e-06 0.0 1.530273318538969e-06 0.0 0.0 0.0 9.917273141169542e-08 1.2414931797939944e-07 8.954470904370812e-08 0.0 0.0 0.0 2.1973744468080398e-07 0.0 8.482042097195894e-08 0.0 3.1475205788891307e-06 9.493200014830489e-06 3.572760073381316e-06
1.0774779774493222e-05 0.00044135604431497314 0.0006110880145317145 2.372864820768402e-05 0.002932256365017243 2.3874926680659857e-06 0.002470554041157577 0.00027132758945277595 0.0 0.0005371157495240256 0.001025344745380131 6.12216653075435e-05 0.0009053757293011453 0.000928882834594773 1.5151110111391613e-05 5.28922468901912e-06 3.04916435041309e-07 0.0 5.8586940102944084e-08 0.0 7.745693223791356e-08 0.0 6.001123878190128e-07 2.2990580869693637e-07 3.255527370121008e-07 0.0 0.0 1.6293140751490724e-07 0.0 0.0 5.116850238001369e-05 0.00011138948385525576 1.2063358495344063e-05 1.7348967316633382e-07 2.959734392434803e-07 1.87229894851143e-07 7.1420367753462625e-06 7.102640464856973e-07 6.329650308020593e-07 8.308062424427006e-07 1.535661301962071e-07 7.372896253823097e-08 3.76678582594216e-07 5.08626884000198e-07 2.099597622601514e-07 3.1507770557338606e-07 5.662539640699999e-05 7.000113821574281e-07 0.0 2.471431595573683e-07 2.1222358516114305e-07 0.0 1.0408317613461963e-07 7.49694822907921e-08 5.115780733519053e-07 6.542260485755178e-07 8.817368866045763e-06 2.000213863500533e-05 2.4234997284881676e-06 2.0539981415324575e-05 1.4179274195731808e-07 4.476737159160048e-06 7.716324722954573e-08 2.9307517679003278e-05 6.97251476887465e-07 9.645728941049397e-07 1.287307118069577e-07 3.007490477724158e-07 1.5564786885352567e-06 3.965324137382816e-07 1.0359072838011393e-05 0.0 0.0 2.4094779780975288e-05 1.516863679055973e-05 5.754612790059947e-05 3.5260793330453716e-05 2.665092003707208e-06 8.105334619153618e-07 3.4968643089894956e-05 4.965723270371038e-07 4.593104149785706e-06 1.714431748639598e-06 1.132348505108779e-07 1.3206731225395535e-06 4.859080098761733e-07 6.70499820931085e-07 0.0 4.15772000852824e-07 6.551515105645647e-08 1.3243397199874677e-07 1.466594581432063e-07 4.818761418433249e-07 2.3286272544858687e-07 0.0 1.2584334188979053e-05 1.0688450882831317e-06 3.0933361263616913e-07 1.5891610786706775e-07 4.405648006483786e-06 1.2693305126379127e-07 1.7318551638482244e-07 2.7417288747295664e-07 6.986644278379939e-07 1.0423206176527809e-06 1.7854559200175531e-06 3.057229120272169e-06 3.1485699622447153e-06 2.4996475681662387e-05 1.1551915456637555e-05 4.643154993319983e-06 2.0187201020500543e-05 2.7798885717284276e-05 1.4815397266864991e-05 1.9520926862325123e-05 0.0 0.0 0.0 0.0 0.0 0.0 0.0 1.6852665266568777e-07 0.0 0.0 0.0 0.0 0.0 0.0 0.0 0.0 7.846462233718406e-08 0.0 0.0 2.627293393199172e-07 1.1464850804072228e-06 0.0 0.0 0.0 1.1640776500580065e-05 0.0 3.679783500964448e-06 2.3905417954952063e-06 0.0 0.0 0.0 0.0 0.0 0.0 0.0 0.0 1.198474544981415e-07 1.8802029450389852e-07 2.339670844593883e-07 0.0 0.0 0.0 0.0 0.0 0.0 0.0 5.641651858797182e-08 1.2421488078648475e-07 3.948799042471805e-07 0.0 0.0 5.500647047387889e-06 7.93054286476184e-08 0.0 0.0 0.0 0.0 0.0 0.0 0.0 0.0 7.507019084226693e-06 0.0 0.0 0.0 0.0 2.4292750244479595e-06 0.0 2.849167301128404e-06 4.113470375015544e-07 0.0 4.3309954095555227e-07 0.0 7.035207276325267e-07 0.0 0.0 0.0 0.0 0.0 0.0 0.0 0.0 1.0046420467094364e-05 1.443321960498028e-05 6.470433823034019e-06
0.0005976484855483232 0.0007736525452882927 0.00023984381435208845 0.000903404637964884 0.0003600242712592691 0.0005242022373154006 0.0017708147131603922 1.6255839178687507e-05 0.0005371157495240256 0.0 6.278705444584564e-05 0.0016245721738410357 0.004825647436965157 0.00038909534682323186 1.7918051420649636e-05 4.842287971327988e-06 5.73956478374853e-07 3.832463688692731e-07 6.161163954836215e-08 1.1663714760428264e-07 5.844754414171609e-08 0.0 2.2938693672206742e-07 0.0 3.266836469752577e-07 0.0 0.0 6.465359965114323e-08 1.823826038275117e-07 7.390990868615397e-08 5.9625691502793434e-05 2.536091701661926e-05 9.096014599041152e-06 5.047473251155566e-07 3.030907190072041e-07 0.0 2.404143871462659e-05 4.656617424569676e-06 1.9024746481434335e-06 4.615359662947365e-07 1.1767890673367442e-07 4.952354106668043e-07 3.6990104702615493e-07 3.1674478970511615e-07 3.8370043492149727e-07 3.531553203007332e-07 0.00010007098720798826 1.6947848746233744e-06 1.407134339754382e-07 7.913761582928312e-07 7.176089177085659e-07 0.0 0.0 0.0 1.7514323768050256e-06 2.9827745963098707e-06 6.476972277267913e-05 0.00017930288149082722 1.3810525297584637e-05 4.1617690661451565e-05 4.7241588475763787e-07 2.4683613215316183e-06 0.0 3.753223589787172e-05 3.47901620638281e-06 3.0921919801511237e-06 7.558643772036895e-07 8.434464710476882e-07 4.551715557918762e-07 6.819716599476627e-07 0.00021978452251456194 1.4260723176496762e-06 0.0 6.608617187084093e-05 2.7805720568388112e-05 8.414663806323382e-05 3.2940020487334254e-05 4.10638811961779e-06 6.909180248042817e-07 5.285607847492872e-06 4.765273087294231e-07 2.945364549043911e-06 5.720307008331669e-06 0.0 3.2059206516079487e-06 2.1366223279994186e-06 1.6892964655574329e-06 0.0 5.905038044587296e-07 7.103304169438627e-08 3.5581225698074227e-07 5.560346778378908e-08 2.6400872785758834e-07 5.959792911073943e-07 2.840281228578681e-07 0.00018146429039970883 1.8632643660041794e-05 0.0 7.589241217832479e-06 0.0002588550712744271 9.793844487941093e-07 3.098131676949575e-06 9.360459887690704e-06 3.1801131776081e-05 4.107761952565161e-06 3.476987991454823e-05 2.4674103128466444e-05 8.510394895111665e-05 0.0002574405592820463 0.00011432570265115964 3.4879481687438576e-05 0.00020604893943758276 0.000259689717330091 0.00011152014201944201 9.752711198734116e-05 1.2851706732817454e-07 7.755367499182897e-08 0.0 0.0 0.0 0.0 0.0 0.0 0.0 0.0 0.0 0.0 1.548860997392774e-07 0.0 0.0 0.0 7.453353439062036e-07 0.0 0.0 6.862553305114544e-07 9.625626528748409e-06 0.0 3.3493642877542083e-07 0.0 6.164091964601932e-05 3.6671683049277857e-06 3.394935167360196e-05 1.4082259849526421e-05 8.716799405932373e-07 0.0 0.0 0.0 3.2473157739107667e-07 0.0 0.0 0.0 7.933844496224661e-07 1.0709042708610924e-06 0.0 1.7390850717088163e-07 0.0 1.4375181549166328e-06 8.496961027942336e-08 5.037933599661159e-08 7.051622807598366e-08 0.0 1.453984600513802e-06 2.1495784404795962e-07 4.220343611803872e-07 0.0 0.0 3.3416325876622684e-05 4.618512825065965e-07 0.0 1.3070213732616028e-07 5.271775355133555e-08 0.0 0.0 0.0 0.0 0.0 3.542470280804144e-05 1.6830723555850099e-06 0.0 0.0 0.0 2.892321804082294e-05 0.0 1.9417684644800858e-05 7.298292185186863e-07 8.97365704805961e-07 1.657158081498485e-06 2.1739221055096625e-07 2.3291963946639454e-07 6.45902059641009e-08 0.0 0.0 0.0 0.0 0.0 6.625765007745513e-08 0.0 4.297827096840201e-05 5.876868965139464e-05 2.6837094530413307e-05
3.3440465478223354e-05 0.00024344843672669873 0.0012201769431423508 1.5819131578834308e-06 0.001080664608688667 3.988905795156944e-07 0.0004890655384380347 0.0029359698938325454 0.001025344745380131 6.278705444584564e-05 0.0 0.0001713054221034673 0.0009224279996523915 0.001449735869388008 3.1262880928899895e-05 2.0359853293336423e-05 2.0031125786077974e-07 3.985010194014283e-07 1.309930486299626e-07 9.635175295162148e-07 6.675935369794158e-08 1.3670226673203792e-06 3.284634053553463e-07 0.0 5.390654403680949e-06 8.209204640015246e-07 8.803480811907304e-07 2.2616949203872254e-06 6.797072140015527e-07 3.9282871972248386e-07 0.0001915457507950558 0.0005649803687812183 0.00045481618376011577 4.0942075275499027e-07 1.4632566379766984e-06 3.851425494602455e-06 0.00018221042880262162 7.299690171978183e-05 1.273521542392244e-05 5.567041028967618e-06 1.8515776908773389e-06 1.8476425056014688e-06 4.692327564764022e-07 1.401899763884955e-06 8.54291711280797e-07 9.169774113865943e-07 4.914196412182345e-05 5.62745215287519e-07 2.2191447047403463e-07 1.239975557263521e-06 1.5695509412407134e-07 4.3202823564208617e-07 2.6694036882255967e-06 2.2038140565491545e-06 2.319354312453762e-07 2.306661960355657e-07 5.63011221862624e-06 2.2500768508352243e-05 1.717406586014922e-06 1.2539922019147903e-05 6.568957969092276e-07 0.00016327838283221484 5.335993953913107e-07 3.366095472606559e-05 4.0598024684278643e-07 4.926879222459835e-07 3.164898304122384e-07 2.32155213872366e-07 2.310863259739605e-06 1.256221287973597e-06 9.058072686771268e-05 3.3593586744974495e-06 2.0231335104527036e-07 1.3383807940070846e-05 9.715090145008551e-06 4.3547287562018294e-05 3.145133109684482e-05 7.720090463033896e-06 2.0137249578046022e-05 0.00046975842093069175 9.999762930343186e-07 0.00012128027367907882 1.0296717448736646e-06 0.0 8.83064844047584e-07 2.4086665379803563e-07 9.1078534439387e-07 0.0 2.4714868850590334e-07 1.3934421617709492e-07 1.0149815732190681e-07 0.0 1.3528656699874887e-06 8.863675000734835e-07 1.2336391468698108e-06 1.4956762369113412e-05 2.3263799630486935e-06 2.596691078421361e-07 5.616630685274722e-06 7.664978785530481e-06 2.3905321867549314e-07 7.894467167843324e-07 0.0 0.0 4.3187322201654896e-07 1.5326820478891273e-06 1.2959152663448615e-06 2.043507833488947e-06 8.573501940786114e-06 4.7640935244300256e-06 2.936733209644764e-06 7.643243233518861e-06 1.1788799149136986e-05 8.098731854664076e-06 9.953317321235351e-06 1.2546622306351544e-07 1.3844488516184221e-07 1.2112613691801138e-07 0.0 0.0 0.0 0.0 0.0 0.0 0.0 7.124405092307466e-08 0.0 5.195948364307998e-07 0.0 1.872168709005873e-07 9.675383027308009e-08 2.91933222406041e-07 3.035811893549575e-07 0.0 3.345810253791076e-07 8.162252421383512e-07 0.0 0.0 0.0 7.758827407181616e-06 6.321377007267854e-07 4.499948275849054e-06 2.80123276648675e-06 7.726550785563846e-07 6.46798506188119e-08 7.170542737135843e-08 0.0 0.0 0.0 3.231213703559621e-07 0.0 0.0 5.897135432604448e-08 0.0 0.0 0.0 6.005084783691529e-07 7.874864922318195e-07 0.0 0.0 0.0 2.6800909749832376e-07 2.7334188373905677e-07 0.0 0.0 0.0 1.7376915551508429e-06 0.0 0.0 0.0 0.0 0.0 1.818325519058127e-07 1.9632146152646648e-07 0.0 0.0 4.878239525352816e-06 1.0014399044757225e-06 0.0 7.029380096860106e-08 1.0204880921297943e-07 1.1799793075626314e-06 0.0 1.751948618144949e-06 5.6802326586078533e-08 1.8124129593359576e-07 1.9482434871827189e-07 0.0 0.0 0.0 0.0 0.0 0.0 0.0 7.619386748235291e-08 0.0 0.0 7.100475627672323e-06 1.2177517746359712e-05 3.445400610038274e-06
2.3965826378997456e-06 1.9073415535504316e-05 3.360134756111862e-05 2.403967552924666e-05 2.8821627931271813e-05 2.7886762059184826e-05 0.00014046781391659322 3.381175602662782e-05 6.12216653075435e-05 0.0016245721738410357 0.0001713054221034673 0.0 0.0007567331843109312 0.0002549320168070121 1.671079971140525e-05 9.861739643660156e-06 5.359537952071171e-07 2.189724560385941e-07 3.4361340738330185e-07 1.822938452814139e-07 0.0 7.820455038221356e-07 7.384884564937051e-08 0.0 1.4092407076160004e-06 9.544165110156826e-08 1.7461911089695086e-07 1.5997293176591526e-06 1.6313636259110132e-06 2.869211197954871e-07 3.488663446231347e-06 8.609903471841128e-06 7.128061800414048e-05 2.3709684777241845e-07 7.627749398273206e-08 5.17766794361585e-07 0.00018872561552270916 2.9363254053848762e-05 2.0619708774741745e-05 3.8044275813801966e-06 6.305021472932119e-07 1.146092298918935e-06 3.2012666476407403e-07 1.419285967146972e-06 1.2593957582352566e-07 5.036096216530313e-07 2.3048341882726607e-05 5.090870789703307e-07 5.204961934964755e-07 2.783253031984045e-07 1.4089123259172433e-07 9.97830941008864e-07 1.502376154903057e-06 7.335124812697388e-07 0.0 2.6439642806679635e-07 3.8045381926569395e-06 2.9875999376847267e-06 9.438989786695736e-07 5.039979264467618e-06 2.2310248829125835e-07 4.786378939142234e-06 0.0 4.756440753539785e-06 1.679817697108996e-07 3.1270744349037203e-07 0.0 0.0 4.999042800290307e-07 4.3660338978815917e-07 0.00017197816489605602 5.599767969136601e-06 1.9007984167863305e-07 3.9542941619644324e-06 2.4499441170525926e-06 1.6415804882207018e-05 1.1871388357850985e-05 2.743299096113506e-06 1.1029570854419207e-06 5.980101694378846e-06 2.5010767284431813e-07 5.432968296006723e-07 4.5286472431709677e-07 0.0 1.341073973452407e-07 1.4196245944765703e-07 6.159261405801101e-07 0.0 9.772544836755125e-08 0.0 0.0 0.0 3.372091035322474e-07 3.230135789352747e-07 1.218908098840278e-06 0.0004353247576641834 3.561928839202477e-05 3.601780448911807e-07 1.1383416490250885e-05 3.0053905323039248e-05 3.4481180467068853e-07 8.843760401923528e-07 1.4624928354277886e-06 1.946069022797198e-06 2.3916407963179866e-06 7.081647324178523e-06 1.0129266047336838e-05 1.2124132411501544e-05 8.27124125310091e-05 4.5499855226927816e-05 1.57620081117183e-05 8.007414578103985e-05 9.961109652847643e-05 5.6199653196682346e-05 5.219911620602805e-05 7.557474016364372e-07 9.526158644710953e-08 0.0 0.0 0.0 0.0 0.0 0.0 0.0 0.0 3.522283768488487e-07 0.0 5.370596033747131e-07 0.0 0.0 2.1048827066618977e-07 4.172737565009403e-07 1.5582659326870687e-07 0.0 8.078408362879225e-07 2.0712497065903793e-06 0.0 1.0950302254660829e-07 1.229187807941849e-07 3.346325132739006e-05 7.285806684068171e-07 1.4450659740873834e-05 6.099905877239704e-06 1.3506641608286666e-06 0.0 2.447320487903115e-07 0.0 0.0 0.0 5.827174665404824e-07 0.0 5.7829954129147975e-08 1.0270446635927147e-06 0.0 0.0 0.0 8.730311316194789e-07 5.249679544588845e-07 0.0 0.0 0.0 6.940691793330548e-07 1.818943764421857e-07 0.0 0.0 0.0 1.0717126119056927e-05 6.338403215060274e-08 0.0 6.254621184158922e-08 0.0 0.0 0.0 0.0 0.0 1.4761375096822804e-07 2.215291180372884e-05 7.495077247663445e-07 0.0 0.0 1.5983054888023664e-07 1.0548385886524547e-05 0.0 6.313108653954871e-06 2.498442216772297e-07 3.361823021008539e-07 5.22603318242535e-07 2.0166574871857607e-07 0.0 0.0 0.0 0.0 0.0 0.0 0.0 4.2804368211706813e-07 0.0 3.2105592382083164e-05 3.0261694165348338e-05 1.073622206888829e-05
