0.0 0.002443628785921894 0.0003275641635095743 0.0018150100453618646 9.50965421579413e-05 7.111360889923569e-05 0.00019462183791429442 2.9356183270196665e-05 1.0479673863095723e-05 0.0012429942015845723 3.874224092011727e-05 3.5458248164770965e-05 0.00021942935434190596 7.86994081327962e-05 2.704896155669602e-06 1.5001154216219038e-07 0.0 0.0 0.0 0.0 1.7091919324201024e-07 0.0 3.2663146670657236e-07 2.874464062147365e-07 1.4376298885313566e-07 7.551200817559189e-08 9.63801205593616e-08 0.0 3.8478740516671096e-07 0.0 0.0005640492115452347 7.173904150477066e-05 5.858304151833145e-05 2.984238777982394e-07 7.905782146612558e-08 0.0 2.0143175617329246e-05 5.996478546861757e-07 4.591875016421212e-07 1.8198858343226362e-07 2.090038029922857e-07 3.5698252340941386e-07 7.819794344269482e-08 0.0 0.0 3.970507973816674e-07 2.9536747859058764e-06 4.2150558830158947e-07 1.837465086604384e-07 8.713861363242948e-08 0.0 1.8139062107427332e-07 7.322737295026587e-08 0.0 3.2463712026964685e-06 2.602094154941959e-06 0.00020675355699092761 0.0002731108387170602 1.743040560585541e-05 6.052048084237609e-06 3.526399049623896e-07 7.175555777193754e-06 2.5850900021780656e-07 6.032057685792725e-06 2.449294377447145e-06 1.2627022760326383e-06 1.9043169549148107e-07 1.931272871801404e-07 3.2997892592739405e-07 2.3470997054841636e-07 7.5769788819536824e-06 1.7547325617137245e-06 0.0 7.748308079443487e-05 2.2140522800679946e-05 2.300547769579994e-05 1.2667740152060032e-06 3.216957893013802e-07 1.080771384079996e-06 2.5401603450953686e-05 9.412501905360212e-07 4.71327836244663e-06 2.2707019542538755e-06 3.2000779525512184e-07 1.1978154841382902e-06 5.391567754454739e-07 5.445331841755725e-07 0.0 3.5940298764340653e-07 1.8334528917835191e-07 4.333071210701696e-07 0.0 8.778089456143386e-08 0.0 0.0 2.866132006992015e-05 1.3441495193987208e-06 0.0 6.67340766164417e-07 0.0005311537263342649 1.2721214009649727e-07 1.3315169006400604e-06 1.3456939883005562e-06 1.0987855448322274e-05 6.477167961566576e-07 2.600897381663906e-06 1.4197444772021984e-06 1.046336928531265e-06 2.1779023413583816e-06 2.3039234601387208e-06 5.58237064214637e-07 5.260775573940578e-06 4.904371404660511e-06 2.4124172446724542e-06 1.4681727417451108e-06 0.0 0.0 0.0 0.0 0.0 0.0 0.0 0.0 0.0 0.0 0.0 0.0 5.398437079255461e-07 0.0 0.0 0.0 9.686252272679086e-08 0.0 0.0 0.0 0.0 0.0 0.0 0.0 1.6107363794101003e-06 0.0 1.6516975931027265e-06 1.5594097275845526e-06 5.822304683050332e-07 0.0 0.0 0.0 0.0 0.0 0.0 0.0 0.0 0.0 0.0 0.0 0.0 1.5964055194125626e-07 7.896409295166386e-08 0.0 0.0 0.0 0.0 0.0 0.0 0.0 0.0 2.430093834542794e-06 0.0 0.0 0.0 0.0 0.0 0.0 0.0 0.0 1.2693098677698842e-07 3.7853236465432027e-06 0.0 0.0 0.0 0.0 9.694273010281518e-07 0.0 7.954746917210975e-07 6.858966972793886e-08 7.275470776408336e-08 3.107785334011311e-07 0.0 0.0 0.0 0.0 0.0 0.0 0.0 0.0 0.0 0.0 2.5739203205439057e-06 8.483913394148507e-07 2.085695373881311e-06
0.002443628785921894 0.0 0.0004618086052846057 0.002261256561771097 0.0013230055263325497 0.0002985493016206218 0.0019225325070357962 0.0004334289919631555 0.0018806274735079663 0.002287125124445922 0.0013441690012506932 0.00013913330714715477 0.0026386456829831984 0.003878393958629224 1.603596399828724e-05 2.2690135037027046e-06 3.719088860090622e-07 8.0287839043085e-08 1.0037067167673777e-07 0.0 5.094039335209858e-07 0.0 4.5243036963690196e-07 2.545013167396045e-07 8.973885164913937e-07 8.807913727660034e-08 9.004984212971529e-08 6.793005235355959e-08 1.1746813404470316e-07 9.626891596272837e-08 0.001873883572207388 4.42534843697009e-05 0.00011918233827753536 7.313833838043172e-08 1.53718995786196e-07 0.0 4.9855835941843216e-05 1.6426176029844078e-06 2.0763246277283878e-06 1.1058821081111226e-06 2.426554385467802e-07 1.8431209676417845e-07 1.731956650853753e-07 1.0820786046935924e-06 1.5429656580122218e-07 4.4157313070600363e-07 6.427643453646201e-05 2.621268752255355e-06 4.6395138282220446e-07 7.635415769648778e-08 7.093537510630152e-07 9.554174123197658e-08 3.2440840593794485e-07 3.1933504128056083e-07 1.4916399857925092e-05 1.4008210515768661e-05 0.00014651107759702654 0.00017837733006588192 5.001433815313519e-05 6.0609447930042906e-05 6.294574589685222e-07 1.2704089806835194e-05 5.692040845209715e-07 7.350473673656746e-05 1.2104180310386525e-05 7.64786787562383e-06 7.969348253683717e-07 2.444015617803108e-06 5.153088084494865e-07 6.253500533348924e-07 2.9739983303573918e-05 0.0 0.0 0.00025215960323353816 0.00016697495605176644 0.00016886856163449647 2.0141877827570076e-05 1.3271937668968213e-06 6.667530885935682e-07 0.0001241415401166361 7.275032746518385e-07 4.353623126300631e-06 1.4846187635472733e-05 1.3778850014789873e-06 7.102237672549509e-06 4.331089426205828e-06 1.7436092287547774e-06 5.899630492655362e-08 1.1549084316836542e-06 6.877646079675485e-08 1.6823904162361368e-06 1.53359178614331e-07 4.995111229797242e-07 9.711873798853832e-07 3.688604589883729e-07 1.648748925294923e-05 4.958136802399127e-07 0.0 2.7028787423079915e-06 0.0006138975782933399 0.0 1.019146851477898e-06 9.795420481458296e-07 3.3018481393935253e-06 4.5963337804592143e-07 2.642156246763571e-05 1.5529871116377662e-06 2.7568513127170954e-06 4.035948645806424e-06 4.831396747459041e-06 2.744925905997905e-07 1.0894396867900572e-05 1.2119171061661384e-05 7.92003306454398e-06 5.19949173901049e-06 0.0 0.0 0.0 0.0 0.0 0.0 0.0 0.0 0.0 8.270137514370297e-08 0.0 0.0 3.400588444055873e-07 0.0 0.0 1.216700952722827e-07 0.0 0.0 7.214159481365115e-08 9.7093980921548e-07 2.384192609333632e-07 0.0 5.571795947532302e-07 0.0 5.1164557189128505e-06 1.1291225368872538e-06 5.172038903100258e-06 2.1373853499105797e-06 2.157178350260744e-06 0.0 0.0 1.252771392981692e-07 0.0 0.0 4.757362075109948e-07 0.0 0.0 0.0 0.0 0.0 0.0 3.519710071116758e-07 0.0 4.205662676821287e-07 0.0 0.0 5.0956600350614e-07 1.6750627121676645e-07 1.499990500395318e-07 4.317592955145676e-07 0.0 8.064776405752223e-06 2.672766443044922e-07 0.0 0.0 0.0 0.0 0.0 4.97902797096629e-07 0.0 0.0 2.243693264325293e-05 0.0 0.0 0.0 0.0 2.0484364955870274e-06 0.0 3.960663611873221e-06 0.0 1.3443551936589677e-07 0.0 1.4060014021884299e-07 0.0 0.0 0.0 0.0 0.0 0.0 0.0 0.0 0.0 4.65704429892593e-06 1.0360344515558452e-05 1.2287474959743489e-05
0.0003275641635095743 0.0004618086052846057 0.0 9.85738297431412e-05 0.00017113982454735718 8.152981598535852e-05 4.0078496293411056e-05 0.0016726508804737871 0.00036616292399052586 3.188411503882702e-05 0.0018094900897684507 0.00015519802832329952 0.0004350930032123494 0.0013061605508379302 3.84365180013884e-06 3.685899325661575e-06 5.072136498050606e-07 8.202233751329042e-08 8.047892662872255e-08 9.54120766508196e-07 3.906607834045222e-06 1.4236968645089076e-06 4.208367178411705e-06 2.6839195132709207e-06 1.2594627882795415e-06 6.497128504590196e-07 2.1999350085146884e-06 1.3706416971128284e-06 2.7460939140958374e-07 0.0 0.0020458204312807865 0.00015120378037006656 0.0006946580848480971 1.5591338428687964e-06 2.4044954289991935e-06 1.6466080628008016e-07 0.0001400920836246614 4.4581334865642665e-06 2.7050280641066686e-06 8.831530284260009e-07 2.058132402133004e-06 1.0882313886426953e-06 1.4039939513751983e-06 7.65487297572676e-07 3.895227359925151e-07 1.1103128803420327e-06 1.2758311376506043e-05 8.432419425216635e-07 2.8138500917842755e-07 1.1349533774602732e-06 7.345189817806693e-08 9.6957948365397e-08 2.4696353286994975e-06 9.841435854378108e-07 2.3462985984402052e-06 2.303282591689621e-06 5.4334186854801216e-05 9.519716229612603e-05 9.731641444384098e-06 7.964146675593734e-06 2.086354609939822e-06 0.00017030627967681172 4.0745125212668484e-07 1.9429607611629898e-05 2.266857044315457e-06 1.3287678495408494e-06 4.52378881253442e-07 2.2732453364634865e-06 1.3478290832579092e-06 3.474301699352194e-06 3.522604528160631e-05 6.686212302195072e-07 0.0 4.982861416186635e-05 3.2776403460955745e-05 3.200039323642605e-05 7.797156684579533e-06 3.143220056270616e-06 2.4200574854304937e-05 0.0009004530906601188 6.437884929749917e-06 8.236880357062998e-05 2.1793510194176806e-06 2.1721613302108078e-07 1.6540914833801783e-06 1.0229370721278249e-06 1.796067566999178e-06 0.0 0.0 9.189379436594909e-08 2.4216081278899364e-07 0.0 3.1000302822678313e-06 4.7629380409344687e-07 4.82412715378058e-07 3.966670781496596e-06 0.0 0.0 6.63833395958144e-07 0.00023929058098388814 3.083078214029106e-07 0.0 5.532797753298326e-07 0.0 0.0 9.000914767064019e-07 1.668439846313118e-07 0.0 4.905620584702494e-07 8.514944127588637e-07 7.497216480064642e-07 3.403967010058483e-07 1.1862312369666664e-06 1.1011289306285711e-06 4.0630804030145836e-07 0.0 0.0 0.0 0.0 0.0 0.0 0.0 8.573707373330847e-08 1.8607907153090863e-07 0.0 2.4010111096056674e-07 0.0 1.586535185024923e-07 7.348732295926044e-08 4.512351216223207e-07 1.2166053552235482e-07 6.729694502503377e-07 4.0279370436728843e-07 3.1703893972596727e-07 0.0 0.0 0.0 0.0 0.0 5.884429953205395e-07 8.640351397640039e-07 1.0812107297782272e-06 2.0832658601087627e-06 1.7046723458158447e-06 1.0879064162222523e-07 0.0 0.0 0.0 0.0 0.0 0.0 0.0 0.0 0.0 0.0 1.3556540661833048e-07 1.761111578756065e-06 8.240279354077224e-07 0.0 0.0 0.0 0.0 0.0 0.0 1.0557956458661094e-07 0.0 5.392975776723615e-07 4.806353000754516e-07 0.0 0.0 0.0 0.0 0.0 0.0 0.0 0.0 2.7419862775244284e-06 0.0 0.0 0.0 0.0 4.52568878597936e-07 0.0 6.874025942014585e-07 1.3446800103306752e-07 3.025761498087779e-07 0.0 0.0 1.1154422554668318e-07 0.0 0.0 0.0 0.0 0.0 0.0 0.0 7.229390633497439e-08 3.712414060088995e-07 2.5114838536754594e-06 5.612362058908666e-06
0.0018150100453618646 0.002261256561771097 9.85738297431412e-05 0.0 9.745407204469624e-05 0.0005032125469203582 0.0006261509162185409 9.842686624131317e-07 4.462597540688605e-06 0.0019743453702991054 4.434337582610864e-06 3.568864087706289e-05 0.0009160308631108456 3.5694041507406576e-05 5.27543204009479e-06 1.6018388945850687e-07 7.210480588836682e-08 0.0 0.0 0.0 1.5279814481842172e-07 0.0 0.0 0.0 1.0456271869175163e-07 5.9504265998424956e-08 0.0 0.0 0.0 0.0 0.00023836558970453202 1.1963627136467186e-06 1.8340164927482298e-06 0.0 0.0 4.0869705403231744e-07 8.049728886748858e-07 5.3444635904658854e-08 4.0127441305402743e-07 0.0 7.518442562118039e-08 0.0 0.0 1.4365148350032486e-07 0.0 1.6778785418795742e-07 9.30202801197217e-06 8.491647715198318e-07 5.063009622192473e-07 6.96151462509634e-08 7.843968159101212e-08 9.770150356653086e-08 0.0 0.0 3.9289929659589825e-06 4.467063721588771e-06 7.676684969482594e-05 6.0563255186167407e-05 1.9324939338261136e-05 1.3729793046311118e-05 0.0 7.415735294215667e-07 0.0 1.5399455874654896e-05 4.506398424390855e-06 2.5305270473925148e-06 4.526816030873949e-07 7.664005114818002e-07 2.751776487243992e-07 0.0 1.6972703871954047e-06 0.0 0.0 9.905959995547748e-05 4.8373421594866886e-05 4.423241212980295e-05 2.0762467050251828e-06 6.774178972773223e-07 2.2682656573553954e-07 8.385205324103612e-07 4.943121979888769e-07 1.5053053454100102e-07 5.001591220355534e-06 3.883213439588791e-07 2.131162398471135e-06 1.2793586687249973e-06 4.939013650504023e-07 0.0 2.2480173551176536e-07 0.0 4.411526843111408e-07 0.0 0.0 4.0334704739808717e-07 0.0 9.78570224376614e-07 0.0 0.0 3.5648234440363556e-07 0.0001490308386259109 1.936492978620181e-07 4.050867698956829e-06 2.9438837974426395e-07 2.2769140408764075e-05 0.0 5.110695867539015e-06 1.1826986945424659e-05 1.615173564192367e-07 1.1099534122621598e-05 1.1449494440420489e-06 0.0 1.5896812772436123e-06 8.506591333683652e-06 9.778662400954061e-07 1.0141132242304676e-06 0.0 0.0 0.0 0.0 0.0 6.822314461918624e-08 0.0 0.0 0.0 0.0 0.0 0.0 3.945270985897454e-07 0.0 0.0 0.0 0.0 0.0 0.0 0.0 0.0 0.0 0.0 0.0 1.6190121260271814e-07 0.0 7.851069119865073e-07 8.684292734477178e-07 0.0 0.0 0.0 0.0 0.0 0.0 0.0 0.0 0.0 0.0 0.0 0.0 0.0 0.0 9.694832416771676e-08 1.7626287325522075e-07 0.0 0.0 6.048020368249727e-08 7.488789614209655e-08 3.376020262686385e-07 0.0 0.0 8.890917813896397e-07 7.105480699558337e-08 0.0 5.035033282560766e-08 0.0 0.0 0.0 0.0 0.0 0.0 9.215629972832333e-07 0.0 0.0 0.0 0.0 9.798753343263214e-08 0.0 0.0 0.0 7.382778432284445e-08 0.0 0.0 0.0 0.0 0.0 0.0 0.0 1.329977974244925e-07 0.0 0.0 0.0 5.244123273680492e-07 1.1982751255078572e-07 6.891424364644607e-07
9.50965421579413e-05 0.0013230055263325497 0.00017113982454735718 9.745407204469624e-05 0.0 6.4304424442345575e-06 0.00019730748701726508 3.0156519051790932e-05 0.003231479490715501 0.0010213917661033931 0.0002214250417593259 5.249758225847391e-05 0.00045330849260956016 0.0012405595311647591 7.298511331221933e-06 1.474729054554092e-06 2.643098886979341e-07 0.0 6.412895614542874e-08 0.0 0.0 0.0 7.408835732677812e-08 2.0194832622962554e-07 8.20491209250266e-08 1.516084070866641e-07 0.0 8.845604921476899e-08 0.0 0.0 0.00025797113032433814 3.703021873780068e-05 9.342704688838288e-06 0.0 0.0 0.0 1.314135218313705e-05 2.4462394089795955e-06 9.849613608187781e-06 1.292844812032839e-06 0.0 1.6726662224975364e-07 0.0 1.31044949969417e-07 0.0 1.2084296207767804e-07 3.549843985081827e-05 1.1961290207261496e-06 2.6112459613389505e-07 0.0 0.0 1.2973944796254932e-07 0.0 2.1740705948733753e-07 4.390963622302587e-06 5.234047998125789e-06 2.189588588913477e-05 2.303778425842764e-05 1.4448295762699369e-05 2.325148861731271e-05 6.780231690845552e-08 2.494660578899106e-06 4.1698456236419717e-07 2.7450393335049284e-05 4.283865255131502e-06 2.7130157641800654e-06 2.4637631341520706e-07 8.890607766501264e-07 6.428757817583358e-08 6.229362916671413e-08 5.683802643167814e-05 0.0 0.0 5.7944775055931184e-05 4.3536779933575065e-05 6.836274499216459e-05 1.3710768085937324e-05 6.505468956750608e-07 2.305976883681942e-07 2.716069253034635e-06 2.5875376741048304e-07 9.709927047081993e-07 4.31589422517801e-06 7.471218686429251e-07 3.5895097205413297e-06 2.3452656996843717e-06 6.138640782442695e-07 0.0 4.415631842695618e-07 0.0 5.277481859934528e-07 1.1761946810844947e-07 3.7631898662341466e-07 3.0569541027991614e-07 1.736883574105921e-07 2.6064296094842482e-05 0.0 0.0 6.968436018310293e-06 1.6875538783142033e-05 1.0064857038475428e-07 3.599393540621142e-07 2.5449571515579845e-06 9.171717852309575e-07 1.644632277316545e-06 6.43210499215994e-06 2.5912370341652736e-06 7.141713424628198e-06 7.1927477521905004e-06 8.340604471934361e-06 1.9951569103760675e-06 3.0440257999011017e-05 3.1172238910151e-05 1.603631889594734e-05 1.0704083589783337e-05 7.314902596602529e-08 1.7554058581235343e-07 9.913931143827158e-08 0.0 0.0 0.0 2.2804304391386514e-07 0.0 1.980937007925445e-07 0.0 0.0 0.0 3.280569543163273e-07 2.031111946193106e-07 0.0 1.6900381141361842e-07 0.0 1.0077134335292948e-07 0.0 1.8070876761414886e-06 1.079934240001197e-06 0.0 0.0 0.0 1.4595619253559928e-05 2.3298472946076758e-06 8.263741048099014e-06 4.544985313069505e-06 5.32860364846738e-06 0.0 0.0 0.0 0.0 4.111313315678913e-07 0.0 0.0 0.0 0.0 0.0 0.0 0.0 1.3862176608320154e-07 0.0 6.63528869587126e-08 4.855870894187244e-07 6.226852676718434e-08 9.273812436913194e-08 1.1054392661223276e-06 4.269995067667569e-07 0.0 6.017725091076521e-07 1.6973156381105688e-05 1.9781693529083964e-06 0.0 2.7897470620671785e-07 0.0 0.0 0.0 0.0 0.0 1.810951120179345e-07 5.2346762987261204e-05 4.6631875822022105e-07 0.0 0.0 0.0 1.0415022015482468e-05 0.0 9.42242115022122e-06 6.627818127247826e-08 7.662347948279936e-08 1.2339993739238274e-07 6.216964458079526e-07 0.0 0.0 0.0 0.0 0.0 0.0 4.691860387210687e-07 0.0 0.0 1.2842173847726237e-05 3.058665818988921e-05 3.0781194680880346e-05
7.111360889923569e-05 0.0002985493016206218 8.152981598535852e-05 0.0005032125469203582 6.4304424442345575e-06 0.0 1.8148224520850225e-05 1.3233280671876332e-06 9.91730219092533e-07 0.0008182240850270517 4.092144325319969e-06 5.473132673508853e-05 7.659979136234108e-05 1.111499619105049e-05 0.0 0.0 0.0 0.0 0.0 0.0 0.0 8.574647666037239e-07 0.0 0.0 0.0 0.0 0.0 0.0 1.0866115534651642e-07 0.0 1.8030147607966437e-05 0.0 7.889754404149583e-06 0.0 0.0 0.0 7.43655952305075e-06 9.713183914245635e-08 5.594947905656431e-06 0.0 0.0 0.0 0.0 0.0 0.0 0.0 1.1426819572894862e-07 0.0 0.0 0.0 0.0 3.491640228537723e-06 6.619529501821573e-07 0.0 0.0 7.63668082532042e-07 0.0002378945583709132 8.144409401925247e-06 4.85163125250714e-07 8.31657684608748e-07 0.0 3.637247465012624e-07 0.0 4.851721586773313e-07 0.0 1.4492645338452957e-07 0.0 0.0 0.0 6.779625881973717e-08 7.920136536484468e-05 0.00010935224286985244 1.4346913272052453e-05 3.5891264766114955e-06 2.4404517108061095e-06 2.086359545563521e-06 0.0 0.0 0.0 2.4893171566769047e-06 0.0 1.1104023338222567e-07 0.0 1.5677320699265628e-06 0.0 4.0639811677662173e-07 0.0 1.6040740521968072e-05 1.4263383093443235e-06 8.821057551360766e-06 2.3261417260804258e-07 2.0841948744584982e-07 0.0 0.0 3.215002548208324e-07 0.0002436319021030289 0.00010264550686943267 9.769689394104599e-06 3.335108638316784e-05 0.0006525734105845634 0.0 5.611341238735746e-06 1.0272350014292593e-06 1.0249461824706784e-05 9.24886626947633e-07 1.0597947073091797e-05 9.534185856899245e-06 8.85396925152955e-06 8.691595121320281e-06 2.9118685676569273e-05 1.0949454319548402e-06 2.6069102328937134e-05 2.424327729588724e-05 7.185426283442065e-06 3.891227431659813e-06 0.0 0.0 0.0 9.099130026629486e-08 0.0 0.0 0.0 0.0 0.0 0.0 0.0 0.0 1.0040317482649265e-07 0.0 4.632033270197e-07 0.0 4.833434053693536e-07 0.0 0.0 9.784568339270475e-07 0.0 0.0 0.0 0.0 1.1090840765310754e-06 2.480401073304681e-07 5.591980553908165e-07 9.78184998678395e-07 1.0526534957016041e-07 0.0 0.0 0.0 0.0 1.2955449365467448e-07 1.131937550260967e-07 0.0 0.0 0.0 0.0 0.0 0.0 8.077386961897006e-07 0.0 5.3944218768728205e-08 0.0 0.0 1.1542733151964493e-07 0.0 0.0 0.0 0.0 2.4513062107075343e-06 0.0 0.0 0.0 0.0 0.0 0.0 0.0 0.0 0.0 1.0444187303360962e-05 8.581330146062686e-07 0.0 0.0 0.0 1.1825491381625542e-06 0.0 1.136215753179545e-06 0.0 0.0 0.0 0.0 0.0 0.0 0.0 0.0 0.0 0.0 7.289457549856223e-08 0.0 0.0 8.690000044820938e-06 2.7849965537957016e-06 2.015321376829329e-06
0.00019462183791429442 0.0019225325070357962 4.0078496293411056e-05 0.0006261509162185409 0.00019730748701726508 1.8148224520850225e-05 0.0 7.630047862651346e-07 0.00010366484089866587 0.002050408686379743 1.688775437660735e-06 7.290669777705282e-05 0.0043075627161797666 0.001060357698727048 3.854659615872395e-06 6.84242001238497e-08 9.542558489970651e-08 0.0 0.0 0.0 0.0 0.0 0.0 9.82933809825727e-08 0.0 0.0 0.0 0.0 0.0 0.0 0.00023213522118809856 1.2633795483317019e-05 2.738177828901887e-06 0.0 0.0 0.0 2.4306469090412906e-06 4.910646274135098e-07 2.7200216886771585e-06 0.0 0.0 5.5360860924476836e-08 0.0 2.0750346468885374e-07 0.0 0.0 1.6181137388605436e-05 4.6235197758216e-07 2.2858465745374113e-07 1.6092472174210506e-07 2.9988780849225495e-07 0.0 8.287568483115244e-08 0.0 3.0531176462575894e-06 3.553837078663032e-06 2.5434298912801487e-05 3.1544230155016886e-05 1.1440875837131697e-05 1.666226529507577e-05 6.356068808932121e-08 1.4468505895755802e-07 5.019873560020603e-08 2.0660626336085897e-05 4.299295212467803e-06 2.3216495297709058e-06 1.9499622366169136e-07 4.897444635429885e-07 0.0 7.460737655881892e-08 1.078634574275367e-05 5.685860413174865e-07 0.0 5.6498174469928156e-05 4.2980929154803104e-05 4.8938246707037874e-05 4.487621539527689e-06 1.7270044318587984e-07 3.146807642445947e-07 4.793683646777032e-07 6.880184784052407e-08 6.743530253384986e-07 4.761655536033888e-06 2.0448789528055702e-07 2.7993341002475437e-06 1.6709457091895847e-06 2.4027071059145055e-07 5.362263522592879e-08 2.415067916277744e-07 0.0 5.383872316882158e-07 0.0 7.026709971346226e-08 4.644384628223231e-07 1.804926383172816e-07 1.8018468107016873e-05 2.2819987214849703e-07 0.0 3.3554744911065044e-06 2.569801451266331e-05 6.978307722212668e-06 1.0066360491753554e-05 7.38358597765886e-05 5.177836816242486e-05 1.093170970507549e-06 7.150856452167193e-05 2.0161128886770955e-05 5.22949842451944e-06 8.503918381953317e-05 2.6224864082163543e-05 1.8035248593856334e-07 0.00012883609004281737 5.084075569841548e-05 7.456874867062844e-06 5.341748648339591e-06 0.0 0.0 8.203705845405014e-08 0.0 0.0 0.0 0.0 0.0 0.0 1.1095082286716965e-07 0.0 0.0 0.0 0.0 0.0 0.0 9.414223680769983e-08 0.0 0.0 3.984423876219588e-06 0.0 0.0 0.0 0.0 4.305661178840298e-06 9.15170553625825e-07 3.3548373337738098e-06 1.8370537112306603e-06 1.2953081393927722e-06 0.0 0.0 0.0 0.0 0.0 1.6385224477943653e-07 0.0 1.7192904440748405e-06 1.5634349408513867e-06 0.0 0.0 0.0 2.0440122379497477e-07 0.0 6.889932291765409e-07 1.1283726067292863e-06 2.6144930002203604e-07 9.175034317532175e-06 9.311204475005068e-06 1.594431656619584e-06 0.0 0.0 3.4938082079606986e-06 7.195573485373684e-06 2.3638918895906675e-07 4.831246750686156e-07 7.193057676060776e-08 0.0 0.0 0.0 0.0 0.0 1.776949332467576e-05 0.0 0.0 0.0 0.0 3.463940461064465e-06 6.386218541597999e-08 2.9540576538904894e-06 4.5480026494203444e-06 7.223234858098497e-06 2.6923865622994804e-06 1.4976064706239715e-06 4.784172769727974e-07 0.0 4.9303771146281464e-08 0.0 0.0 0.0 0.0 0.0 0.0 7.160897270194052e-06 6.127172278063598e-06 8.073103066093638e-06
2.9356183270196665e-05 0.0004334289919631555 0.0016726508804737871 9.842686624131317e-07 3.0156519051790932e-05 1.3233280671876332e-06 7.630047862651346e-07 0.0 6.656372226478363e-05 2.645337511880154e-06 0.0003372849511468703 2.1735469955544025e-05 5.84128341451432e-05 0.00023653632142678937 1.7279176334154362e-05 2.2208401676147515e-05 2.4529660303447355e-06 1.2572201461354999e-06 1.8153414084805047e-07 6.8430853548680154e-06 3.211038184360975e-05 3.867291676083869e-06 2.7028233462424824e-05 2.6333664852824176e-05 3.832080963470346e-06 3.878062082409805e-06 7.055707394312507e-06 1.7933901656886116e-06 7.188220442597256e-07 9.425926748114301e-07 0.0006110980916989691 0.0011648937721776738 0.00029648561253865416 8.482269740155841e-06 1.0722744559993299e-05 9.603113275814524e-07 4.172983800065481e-05 1.3345959586032999e-05 1.5304516714536494e-06 1.9824261806557873e-06 1.0064698051241094e-05 6.545275400987758e-06 5.7341645244935734e-06 5.410558160091996e-06 4.091625531655062e-06 8.145978495239117e-06 6.654442697294207e-05 1.8902765663076382e-06 1.1260426217689087e-07 7.453220684876783e-06 1.1047237779173307e-06 2.096224262255416e-06 3.4902406972602163e-06 1.4623363264415153e-06 2.3375317492091315e-06 3.1411446775264365e-06 1.1294561753821247e-05 1.3831954581388112e-05 5.6414062602018405e-06 1.7499650220495678e-05 2.2570069765976652e-05 0.0002902340444228228 3.0656313213186923e-06 7.741901033536594e-05 2.6322785175334174e-06 5.926830269095453e-06 2.7701584147983378e-06 1.1651509556004098e-05 1.2446392724771793e-05 3.8858747407766977e-05 1.9832211393841738e-05 1.4873554541046536e-06 0.0 3.247458169894114e-05 4.994353141090894e-05 5.5440297859846005e-05 4.736071653791274e-05 4.787957125632438e-05 0.00045620590049044485 0.000820477095514746 7.048961376322176e-05 0.0005375079963634645 2.7637267224597657e-06 1.663254272748294e-07 1.6563048071675589e-06 1.2022441081107894e-06 8.4771722612978e-06 8.754073538304848e-08 3.7599019567364714e-07 0.0 4.333141243925887e-07 3.5388146942830684e-07 2.8575639833733745e-05 1.4702030500278326e-06 1.2879777016654724e-06 7.293155239645751e-08 0.0 0.0 1.0195224207545602e-06 1.3376484839639718e-05 0.0 0.0 0.0 0.0 0.0 1.3719148785719056e-07 0.0 3.078548181518327e-07 0.0 0.0 0.0 7.802869827444873e-08 1.1532826458303257e-07 0.0 5.359727396126051e-07 9.458753210759993e-07 0.0 0.0 9.046225940876789e-08 0.0 0.0 0.0 1.0596238423540919e-07 4.855902258760042e-07 0.0 2.555774867904771e-07 0.0 6.937759989187008e-07 0.0 1.1185822681142175e-06 1.479911394990008e-06 1.4165638678414944e-06 0.0 5.843056859298318e-07 4.2091065498795834e-07 0.0 2.5095037448211515e-07 4.905847548203591e-07 4.851976960991893e-07 9.014314099249483e-07 6.149728373752333e-07 1.66574561876855e-06 2.882506550866205e-06 5.644685469252953e-06 1.8125477058302257e-07 0.0 0.0 0.0 2.1041183600245328e-07 2.675439520985436e-07 1.5471512172868345e-07 0.0 0.0 0.0 0.0 0.0 4.265923682956842e-06 3.758140492252565e-07 0.0 0.0 0.0 0.0 1.1408204913765592e-07 0.0 3.950661181075904e-07 5.410837363866997e-07 8.216070200394635e-07 0.0 0.0 0.0 0.0 0.0 0.0 0.0 0.0 1.9569508434658928e-07 1.7027201696915224e-06 9.033005128965257e-07 8.831823199294319e-07 0.0 6.74647266922375e-07 2.9480890669881714e-07 0.0 3.938614392385859e-07 0.0 0.0 0.0 1.4954036464495735e-07 0.0 0.0 0.0 0.0 0.0 6.713588418426812e-08 0.0 0.0 0.0 3.2704049510798187e-07 4.412269410113673e-06 5.30154388476921e-06
1.0479673863095723e-05 0.0018806274735079663 0.00036616292399052586 4.462597540688605e-06 0.003231479490715501 9.91730219092533e-07 0.00010366484089866587 6.656372226478363e-05 0.0 0.00017786908256671672 0.0001383116167370944 3.7048963377305096e-05 0.0001627961223566129 0.0006156458401610836 4.771193336131479e-06 9.886944130900067e-07 3.2891789035702527e-07 1.1166561288818338e-07 0.0 0.0 0.0 0.0 0.0 0.0 3.2907656609389044e-07 1.2116558752580669e-07 0.0 3.461942919093154e-07 1.639208708943684e-07 0.0 7.642432415566538e-05 3.2047781808345906e-05 6.188156796149314e-06 7.859620369882047e-08 6.774184880483853e-08 0.0 1.4669485378924752e-05 1.6688496480875556e-06 8.402309526632336e-06 3.069319693037364e-07 0.0 0.0 0.0 0.0 1.1777011472950433e-07 0.0 2.533158567274073e-05 3.413879933669115e-07 4.5986606128503734e-07 0.0 5.2132871724523756e-08 0.0 0.0 0.0 1.5333005897157313e-06 1.907361810455892e-06 8.351489122642581e-06 8.86807056474525e-06 4.58828447101992e-06 1.1312807959779851e-05 0.0 2.084137011118204e-06 0.0 1.0586778669671392e-05 1.2926047119315598e-06 7.310816609105253e-07 2.8564301846794393e-07 5.399674261274219e-07 7.110581202090096e-08 0.0 5.6055302222913414e-05 6.847012236976742e-07 0.0 2.2407479290033484e-05 1.9023799927565536e-05 3.28936428752981e-05 8.391238417835357e-06 1.4297532614737655e-06 7.824073675023727e-08 2.3368020717573315e-06 6.668762321363193e-08 9.87276224188202e-07 2.2480769424353225e-06 0.0 1.2909061538245669e-06 5.282527528170351e-07 5.62845422227073e-08 0.0 4.225669246281357e-07 0.0 4.161771716643874e-07 1.6242483984905e-07 1.2748858873008647e-07 8.713786711263172e-08 0.0 3.3776699275060785e-05 9.98360002339162e-07 0.0 6.636564278009112e-06 5.00126989997439e-06 1.5349576434702283e-06 1.3805077672075217e-06 2.9438935720184084e-06 1.50834470140956e-06 5.522240352164464e-07 1.604730789293722e-05 2.4834635123408548e-06 9.990856491211188e-06 8.125516253316893e-06 1.4313911447072694e-05 1.79840853493068e-06 3.086692833888278e-05 4.2939739941074704e-05 2.0625709558929425e-05 1.7646228185128006e-05 9.191303202001751e-08 4.61391469764123e-07 0.0 6.042279255059879e-07 0.0 0.0 9.91646608875186e-08 0.0 1.588228496010748e-07 0.0 0.0 0.0 1.0410261974314292e-06 0.0 0.0 2.7342634550277563e-07 0.0 0.0 0.0 2.4989491686470997e-06 6.913084663429283e-07 0.0 0.0 0.0 1.7512644665047823e-05 2.8144290366846847e-06 1.0391238947373065e-05 4.6493891519398415e-06 4.4758742986197955e-06 0.0 0.0 0.0 2.399592614577039e-07 0.0 3.5863807875366975e-07 0.0 0.0 0.0 0.0 0.0 0.0 1.8247508877325746e-07 2.0707754560568953e-07 0.0 1.9552090355464452e-07 0.0 2.91676493515559e-07 2.51064019500303e-06 1.0780726559340568e-07 5.368411193686965e-07 0.0 1.9213595228356062e-05 2.8150971235678486e-06 0.0 0.0 0.0 0.0 0.0 0.0 0.0 0.0 7.17797837250009e-05 0.0 1.3514361756196096e-07 0.0 0.0 9.995131869169955e-06 0.0 8.981619126130464e-06 2.674652721342494e-07 1.7503171065652835e-06 9.873239907139654e-07 0.0 0.0 0.0 0.0 0.0 0.0 0.0 0.0 0.0 0.0 1.8029085449931042e-05 3.720712155575388e-05 3.097040240077165e-05
0.0012429942015845723 0.002287125124445922 3.188411503882702e-05 0.0019743453702991054 0.0010213917661033931 0.0008182240850270517 0.002050408686379743 2.645337511880154e-06 0.00017786908256671672 0.0 6.115910527444598e-06 0.0019812315881178122 0.005080828477097929 0.0008898000678429593 1.1354825069334599e-05 8.764074647923236e-07 4.696910566789173e-07 0.0 0.0 3.630604512941937e-07 3.7942934256344033e-07 0.0 7.009616816236374e-08 0.0 0.0 0.0 0.0 0.0 0.0 0.0 0.00038298662919730513 1.2404386743195616e-05 1.2113380731871346e-05 0.0 0.0 0.0 1.6180035928182424e-05 6.752428393428834e-08 7.058408850746628e-06 8.177048106785836e-08 0.0 0.0 0.0 5.141984112714845e-07 1.8084895382793703e-07 8.468919624570568e-08 3.6982139012072963e-05 1.1881944927337425e-06 5.189615888969381e-07 0.0 3.2503962333613376e-07 0.0 1.2005081327129267e-07 2.408736032024936e-07 6.671695440613684e-06 9.169573047224202e-06 9.164742390653807e-05 6.663946276709444e-05 2.7920048687673414e-05 3.720653294906127e-05 1.512539229663038e-07 8.123194061163901e-07 6.452108849443767e-08 3.904608959616631e-05 7.275799374014846e-06 4.727014283759892e-06 7.400369070335768e-07 9.702226238863385e-07 2.9219309595688764e-07 5.8757671011639854e-08 5.75242315114524e-05 7.851342056096164e-08 0.0 0.00016278373458560665 9.17690404672108e-05 0.00010337887849324935 9.435838968170305e-06 9.633738847718385e-07 4.767342454034679e-07 8.29279895528085e-07 2.3865387760504883e-07 3.879436210531604e-07 1.0480428750359971e-05 5.794637155565173e-07 4.852150497306314e-06 2.245775362821781e-06 1.025921164179758e-06 0.0 8.299093083892092e-07 0.0 1.2471404156299175e-06 7.389897760657717e-08 1.895735682986551e-07 6.507272849338128e-07 2.1181542748835648e-07 6.025667132602719e-05 7.553113304609376e-07 0.0 9.364859667087212e-06 0.0002459223642215031 1.7148467285870052e-06 1.0122396523443304e-05 1.2283322757551348e-05 4.371530657172515e-05 4.25507450536563e-06 5.74040708147634e-05 2.495903382373062e-05 3.466587046145193e-05 4.014826873514286e-05 0.00010335527526122218 3.4034135542441184e-06 0.00010355882526984577 0.00014073875086231826 5.246275100885541e-05 2.6016803982237877e-05 1.866302287087744e-07 3.304669135666913e-07 7.816934475260153e-08 0.0 0.0 0.0 0.0 0.0 0.0 4.1671152946148104e-07 0.0 0.0 0.0 0.0 1.2074914548462156e-06 0.0 5.966745415208188e-07 4.592787865126406e-07 0.0 4.32226633556956e-06 7.199001907083361e-07 0.0 7.899273353279618e-07 0.0 2.155785907698928e-05 4.127175137403529e-06 9.495271514561688e-06 7.756597544301713e-06 4.35892582291401e-06 1.0140913979250142e-07 6.472468001815505e-07 0.0 0.0 1.0700274281857431e-07 0.0 0.0 5.772331412540981e-07 1.4169564244715395e-06 0.0 0.0 0.0 4.3142502650585263e-07 0.0 2.0146393692316638e-07 2.069953317563095e-07 7.22886055073458e-08 1.1455552636551763e-06 1.2315132266889259e-06 3.346606029252601e-06 0.0 0.0 2.7238993847983774e-05 1.9380091281055166e-06 0.0 0.0 0.0 0.0 0.0 0.0 0.0 0.0 9.832101085645859e-05 5.06516824595007e-07 1.4354824894239555e-07 0.0 9.980900951524334e-08 1.5361908694711244e-05 0.0 1.4591614706539005e-05 2.944530262104899e-07 1.5581427921868044e-06 3.122096601892143e-07 7.285295084359527e-07 1.2772679836396415e-07 0.0 8.014746646787962e-08 0.0 0.0 0.0 0.0 0.0 0.0 4.76997009684687e-05 4.53339802611223e-05 3.620707493425384e-05
3.874224092011727e-05 0.0013441690012506932 0.0018094900897684507 4.434337582610864e-06 0.0002214250417593259 4.092144325319969e-06 1.688775437660735e-06 0.0003372849511468703 0.0001383116167370944 6.115910527444598e-06 0.0 8.917763180868109e-05 0.0002844199832356602 0.0007704107586271417 1.880547382701814e-05 1.4834454863085232e-05 2.455609994013138e-06 3.1852480950900274e-07 0.0 9.84746252481721e-07 4.193687070673683e-06 8.409608905913667e-06 6.736818084428304e-06 4.8616286886036525e-06 9.714343076889564e-06 2.8444588643073644e-06 1.2236170365161173e-05 5.835333429918645e-06 6.581004139263807e-07 5.76164452513141e-07 0.0003638612679741745 0.0001238034816176791 0.0004902571268463942 6.417130261522174e-07 3.66289526975838e-06 9.878727955488718e-07 8.207166831489815e-05 1.6458915659884806e-05 8.584603356102191e-06 2.260741188928435e-06 1.649085615927931e-05 3.893038724997557e-06 2.5767661453138756e-07 1.2994548259314427e-06 6.48449073001135e-07 8.267236667331785e-07 7.195803559015896e-05 4.2441684365210543e-07 2.3149916741574944e-07 1.8498617191766215e-07 3.787906921911501e-07 2.462539110216077e-06 1.925966054828393e-05 7.179036380100228e-06 2.8356569930935497e-06 3.1473491754261326e-06 1.194537884132728e-05 1.3907941746729643e-05 8.276218772055617e-06 2.210471096776857e-05 9.412403837363761e-07 0.00010641458112158073 3.3970070824592874e-07 3.6423692616188144e-05 2.8481279715187376e-06 1.8541698473348615e-06 3.444420488246371e-07 1.345145344585031e-06 1.1332487988590839e-06 3.4779411444855607e-06 9.629477379732832e-05 1.1397494449219956e-06 2.995867085934022e-07 3.754349056762508e-05 4.295325922126853e-05 6.368198487098816e-05 3.5755161682640284e-05 1.1409280777689634e-05 8.313426811814608e-06 0.0007202258340406215 9.132285065399097e-07 8.588927472673648e-06 3.2319785319338067e-06 9.590485060985606e-08 1.8484778487029292e-06 1.1821639232056278e-06 6.110655044180442e-07 1.973103759575813e-07 7.693890235754133e-07 1.445909813511046e-07 6.615125786905346e-07 4.6421365832092864e-07 5.023401467577283e-06 3.0659358638016483e-07 2.0462927216656954e-07 9.042180525387857e-05 1.1640160645170732e-06 0.0 5.915861648336603e-06 1.3279214577466567e-05 5.558638616656812e-07 5.295157515312459e-07 9.255995211305999e-07 3.0047986851026165e-07 6.02151075204797e-07 1.6951120641939858e-06 1.3432090977968244e-07 1.212750933871016e-06 7.394252548988642e-07 3.7221207079270256e-06 1.2352516850524445e-06 9.911348115508578e-06 1.3031102089939592e-05 5.710690247048139e-06 5.430912913904637e-06 0.0 1.7656205046279592e-07 0.0 3.93720169765494e-07 3.320543046715735e-07 0.0 0.0 1.3760864526842654e-06 0.0 0.0 2.6288447627722353e-07 0.0 9.56514157315567e-07 1.636733807841563e-07 1.15363119001618e-06 1.1747064428465614e-06 1.7697496076715373e-06 1.601092219038593e-06 4.98823991785749e-07 3.79027757877424e-07 1.9917444663383204e-07 0.0 1.9759352178676618e-06 1.8400366056285294e-07 6.4166001250528574e-06 3.909997495802523e-07 6.794924462566906e-06 6.486990362938425e-06 6.5942530611366395e-06 3.960553266579952e-07 0.0 0.0 0.0 0.0 1.1212601688948641e-07 0.0 0.0 5.784909089590787e-07 0.0 0.0 4.6131778450063375e-07 3.931413247591011e-06 1.6241322421582299e-06 7.865872875986571e-08 0.0 0.0 2.367431897212846e-07 5.346965774449824e-07 1.851748910484018e-07 4.5627809916448453e-07 0.0 7.972462798727646e-06 1.5667556435137027e-06 0.0 0.0 0.0 0.0 0.0 1.3737679662770316e-07 0.0 2.8013768737996934e-07 2.7596867780479437e-05 1.4679265298486535e-06 0.0 0.0 1.2113587711198579e-07 2.5549816771930558e-06 0.0 4.890495894886365e-06 1.0677335178547284e-07 6.231291837898439e-07 7.66633576036784e-07 1.01270566383715e-07 0.0 0.0 0.0 7.317098116698329e-08 0.0 0.0 0.0 2.0681002298579697e-07 0.0 5.961339285322976e-06 2.2447177623166115e-05 2.0575604981495366e-05
3.5458248164770965e-05 0.00013913330714715477 0.00015519802832329952 3.568864087706289e-05 5.249758225847391e-05 5.473132673508853e-05 7.290669777705282e-05 2.1735469955544025e-05 3.7048963377305096e-05 0.0019812315881178122 8.917763180868109e-05 0.0 0.0007279434356033958 0.00023502889703928302 9.514393189529134e-06 8.803481070332369e-06 1.5230243741252537e-06 0.0 0.0 4.11412667489365e-07 1.4093623524720706e-07 3.1153165909348485e-06 4.3001044130753234e-07 7.448382592109896e-07 3.7338492750986847e-07 3.2492114151413405e-07 1.0452839596712286e-06 1.078251981804895e-06 1.0395188934001004e-06 0.0 0.00010151286421779615 2.216848753971624e-05 6.337589912752567e-05 1.807357244977517e-07 4.971073560842291e-07 0.0 0.00023684505019405726 5.508996403509853e-06 2.2418325368761936e-05 4.019934120503324e-06 1.7198939274569469e-06 1.0136707689281865e-06 0.0 3.6379733615296217e-07 3.1093702116538524e-07 6.407617289921165e-07 3.626449181811422e-05 6.409463771731677e-08 4.3326855446105037e-07 1.3979401162084956e-07 2.0317975628649014e-07 6.130084161779699e-07 8.239111458762853e-06 1.9327193478958324e-07 7.297776465726068e-07 7.578114897113231e-07 1.0319102755429319e-05 6.91618613632078e-06 6.522975785870684e-06 1.171438903135137e-05 6.723878629920834e-07 3.236134379183405e-05 0.0 2.8292130261434824e-05 1.1588141910415575e-06 1.444413197065311e-06 7.260497952349912e-08 4.2045862382381125e-07 5.464545864981604e-07 1.081079331552533e-06 0.0002089135380181881 4.491876723857396e-06 7.466878345136142e-07 1.878690855097908e-05 2.9395799061870506e-05 3.7983485480289615e-05 1.779483860093082e-05 6.490835498443976e-06 4.6290370404850464e-07 5.91398819943826e-05 1.9555950238763992e-07 2.340957098909282e-06 1.2698339783743588e-06 1.1232881248346264e-07 1.03389834584291e-06 4.994114491601107e-07 2.1227147052508567e-07 6.085596952480379e-07 1.6285853562766118e-07 0.0 3.0030059634588336e-07 7.278348905614157e-08 1.4001035037291178e-06 0.0 0.0 0.0009207611312488371 1.3643373739413007e-05 1.2340804277136657e-06 2.261206293856206e-05 2.366453257556758e-05 2.0403874278268043e-06 6.010988072140672e-06 1.5394058590223695e-05 7.04003245495769e-06 1.0916368717861267e-05 6.150298439363667e-05 1.8409431814191642e-05 4.3878357301291536e-05 3.407675962629795e-05 9.205660650993638e-05 9.288441238869723e-06 0.00018637925721154143 0.00022232590868212954 0.00010470960850831615 7.388557659875017e-05 1.392463507335473e-07 0.0 7.83412483906309e-08 3.3876593656365266e-07 0.0 0.0 7.968139643501822e-08 2.6777148488811977e-07 7.969833008194108e-08 4.965466821216037e-07 9.071481940882939e-08 0.0 1.634979862262094e-07 1.1428154715497156e-07 4.423886471932521e-07 4.5302333729408724e-07 4.886484543256926e-07 1.2073035037178576e-07 3.1276720843585213e-07 6.222541353025809e-06 1.2743068296168891e-06 2.3553577719345238e-07 0.0 5.874002521705384e-07 7.164128751925117e-05 6.003737705374988e-06 2.851162064822246e-05 1.7227186514957412e-05 1.2803838101197098e-05 9.038849680797587e-07 0.0 0.0 5.027214910900629e-07 0.0 4.152440756236718e-07 0.0 6.725528492380301e-07 6.808234991120313e-07 0.0 0.0 0.0 1.429839986665808e-06 1.8955895477081592e-07 1.6924165047292023e-07 8.040524673587936e-08 0.0 8.056812339206669e-07 3.1782083543202267e-06 2.8141800965000454e-06 0.0 6.781804967892676e-07 7.445472778777841e-05 7.319649726737652e-06 1.3390280498648737e-07 0.0 0.0 0.0 0.0 0.0 0.0 8.08706669205715e-08 0.0003472908308602822 3.683756604386864e-06 1.626923195037743e-07 1.119562829924519e-07 0.0 3.968090901145647e-05 0.0 4.170328342677516e-05 1.3609161177475522e-06 3.083223463150904e-06 5.310802744253455e-07 1.3848205839397427e-06 6.111380403632836e-07 0.0 0.0 2.227655463716443e-07 0.0 0.0 0.0 0.0 0.0 0.00012212553136693374 0.000148537129336645 0.00010798978784182169
