0.0 0.0018636988886665323 0.00018311766744525662 0.0020682253077907954 7.115248950091495e-05 5.332512084448267e-05 0.00016264219837369755 2.5707295739700483e-05 1.4790340345336807e-05 0.0009647951036172323 4.209201875100251e-05 9.06534796577349e-06 1.756548129440063e-05 4.941018274672126e-05 1.482457025840538e-06 1.8538693939442857e-06 1.4983220730743312e-07 0.0 0.0 0.0 2.5561989916308917e-07 0.0 0.0 0.0 8.211780535258772e-07 0.0 0.0 8.897972700159716e-08 0.0 0.0 0.0003539604235935992 3.2670547806689514e-06 2.8555833714561347e-05 0.0 0.0 0.0 4.0814566601035885e-06 1.1037540482716762e-06 1.1768509309265346e-06 7.621416567253116e-08 8.733591318947057e-08 0.0 7.735766141224377e-08 5.365063777467343e-07 0.0 9.056388584515588e-08 6.35476152365702e-06 5.618999731293996e-07 2.5256557612985405e-07 9.371907432833902e-08 6.752061672196707e-08 2.402932344714209e-07 0.0 8.709598153054974e-08 2.004475622339367e-06 1.2219513308038823e-06 3.179164451067412e-05 0.0005017408195637012 3.123167098132216e-05 4.964913825046535e-06 1.4352126928338998e-06 2.2060761898999143e-06 0.0 1.1249933329734621e-05 7.293947985440512e-07 3.2984249180215797e-07 3.421812631438189e-07 0.0 0.0 0.0 7.104336379981856e-06 8.240875294117289e-07 0.0 0.00012549215687043645 5.837025700739398e-05 5.694570514865258e-06 1.0918921021318947e-06 6.214382382933279e-07 1.1004318440484109e-05 6.310330482624227e-05 3.2899526745236636e-06 1.5609645653075044e-05 5.6614847676255265e-06 0.0 2.6490048594094593e-07 6.326181245602149e-07 0.0 9.503698063917274e-08 7.080035092343979e-08 0.0 1.237140808943369e-07 0.0 2.384682751245633e-07 1.0517693968769323e-07 3.6607171800149367e-07 0.000124647459222313 6.582189586346861e-06 1.0470546497714027e-06 3.5162470883767438e-06 0.0003704452198504956 2.8231768106562577e-06 6.936164185318206e-06 1.969738552882042e-05 1.914106976615519e-05 9.37842545792789e-06 1.7358512569011244e-05 1.2059589427851145e-05 1.2714025898608318e-05 3.355025733350046e-05 3.164752575585176e-05 4.004246174114513e-06 2.4323069117813656e-05 2.3885862015682094e-05 3.662848279233807e-06 4.6082499312551434e-06 0.0 0.0 0.0 0.0 0.0 0.0 0.0 0.0 0.0 0.0 9.828732859301622e-07 0.0 1.7683963853182334e-07 0.0 0.0 8.522654075877144e-08 7.792824798356877e-08 0.0 0.0 4.5428712885035754e-07 3.94797047637719e-07 0.0 0.0 5.632672445655794e-07 1.8151170436712367e-07 0.0 3.815081410208613e-06 1.1615813089915787e-06 1.0209608566796122e-07 0.0 0.0 0.0 0.0 0.0 1.5761813757010808e-06 0.0 0.0 0.0 0.0 0.0 0.0 0.0 0.0 0.0 0.0 0.0 0.0 2.7556743033769146e-07 0.0 0.0 0.0 5.415309507823537e-06 0.0 0.0 0.0 0.0 0.0 0.0 0.0 0.0 0.0 8.905046626651428e-07 1.936826524545163e-06 0.0 0.0 0.0 1.3510835138819857e-05 0.0 4.48153313554788e-06 6.729664908471572e-07 1.5988325915758202e-06 0.0 6.766290844470925e-08 0.0 0.0 0.0 0.0 0.0 0.0 0.0 0.0 0.0 1.930166406483684e-06 6.324101584241944e-07 1.7139218530849976e-06
0.0018636988886665323 0.0 0.0008584606179256703 0.0007683026769239646 0.0014383996666995824 0.00018182972591883345 0.002182946741812167 0.0002449151169457625 0.00029629890461534104 0.0020367234480482776 0.0008884980403725304 4.913763048463258e-05 0.0003523620830689136 0.0010187155109782791 6.7354405770285756e-06 8.135143952214335e-06 3.7221548695997664e-06 2.643170029932652e-07 1.6140713950896035e-07 1.5720152953021766e-07 8.622409903658713e-08 0.0 0.0 0.0 7.680873234868893e-07 4.706250091448683e-07 1.0534367944191363e-06 4.857031843444284e-07 2.3414331545763481e-07 6.564121717642602e-07 0.001580068586515854 3.517841609751158e-05 0.00017848038066674407 0.0 1.0708479700991059e-07 7.393272230393795e-08 1.4760028772766267e-05 3.663529708768623e-06 2.389768693655819e-06 4.0212765233782895e-07 0.0 1.563134229291443e-07 6.636026085834409e-08 3.1083956028510768e-06 3.763114635428914e-07 9.291910602675635e-07 8.083907852841647e-05 5.784377381714711e-06 1.5050636296797637e-06 6.597974677182993e-08 6.848231387398493e-07 1.9932654060213502e-07 8.20516357548012e-08 1.3579740063142278e-07 9.452800285730919e-06 9.17389492565459e-06 4.0700499793319246e-05 0.0004041888439575713 7.533439560487111e-05 5.391892293190906e-05 6.791535254163039e-06 1.155150890100885e-05 0.0 0.0001443935028018388 8.746384967232294e-06 4.432071097141921e-06 3.486105945593599e-06 1.2759570618686115e-06 6.892893168511707e-07 2.513888257974775e-07 1.4340604456165996e-05 3.6091576263486137e-07 0.0 0.0003668255863800837 0.00024570275049653833 0.00011595472928534641 2.9194166785110373e-05 5.217271094317084e-06 5.927834479742384e-05 0.0005290569027163501 1.3525632705678933e-05 5.863831541896184e-05 4.208827252119343e-05 5.421779837336277e-07 3.0865272157609157e-06 3.816716734332209e-06 7.824016368314297e-07 0.0 1.1783521463649624e-06 2.3021175489613336e-07 1.001933426022591e-06 7.604886944929696e-08 2.939806220917952e-07 5.72196227627696e-07 4.93424962091167e-07 2.8255990363434385e-05 2.474344021356476e-06 0.0 5.007912320011857e-06 0.0004637601750159293 1.0302995935648596e-06 2.7767824175639968e-06 3.343713954235089e-05 3.222417061434158e-05 9.713392246224738e-06 3.0423984547731848e-05 1.3739007778426762e-05 1.8227814901822145e-05 5.995300949855565e-05 3.555647783953587e-05 5.368376204068059e-06 3.356398554032802e-05 3.079317649600743e-05 1.2494207271519268e-05 5.7928531573773535e-06 0.0 0.0 0.0 0.0 0.0 0.0 0.0 0.0 0.0 0.0 0.0 0.0 0.0 0.0 0.0 0.0 0.0 9.995299298944132e-08 0.0 8.018253627418055e-07 6.170007314786084e-06 0.0 2.0633660987142002e-07 5.153959863923607e-07 2.0096778763217756e-07 1.6862154961850813e-06 7.284345471945081e-06 9.610124572182177e-07 6.93903397262002e-07 0.0 0.0 0.0 0.0 1.2018820819142598e-07 3.985973615896495e-07 0.0 0.0 0.0 0.0 0.0 0.0 0.0 9.80494514955069e-08 0.0 7.537813976138928e-07 0.0 6.287573492612741e-07 6.775281225869087e-07 0.0 7.098649146153601e-07 5.09570538163347e-07 1.1093955644173558e-05 0.0 0.0 0.0 9.008188732805843e-08 0.0 0.0 0.0 0.0 8.275306574647581e-08 4.6931344653373825e-06 4.16021609686339e-07 1.4437700603659753e-07 0.0 6.579145172682512e-08 2.2207851806300753e-05 5.269399519580861e-06 1.5229698916260988e-05 3.399189968174774e-07 1.4774190515902282e-06 9.150654792295771e-08 8.011199462876902e-08 0.0 0.0 6.951746528763307e-08 1.659967389517292e-07 0.0 1.4226494189194299e-07 0.0 0.0 0.0 3.953056918514861e-06 2.5963246611784372e-06 5.2413117911074955e-06
0.00018311766744525662 0.0008584606179256703 0.0 9.673766741424126e-07 0.0003414979843617641 1.3297077729115938e-06 1.3564122676307268e-05 0.0018230993409634139 4.013986342656642e-05 1.6498166068257362e-06 0.0006399621747292914 7.779697405934783e-06 2.3944233627280346e-05 0.00022123997828410788 1.2865064624105837e-05 1.7109548148394234e-05 7.038577245858659e-07 0.0 1.0037259371552265e-07 8.502961405720083e-08 1.6521803859762674e-07 0.0 8.717704527888932e-08 0.0 2.6278533881842985e-06 2.1227628558189426e-07 4.564703757680725e-07 8.225126552777e-08 3.7372774183285405e-07 7.799002111522815e-08 0.003343804833006038 0.0006398122982506718 0.00031641557635425665 0.0 7.588535634459016e-08 6.553800868601814e-07 1.700481722684469e-05 1.027367380078422e-05 6.688093578417298e-06 1.9801925406823784e-06 1.932199218392133e-07 3.4559095488509906e-07 7.607392396822335e-08 3.1081910780202396e-06 1.4908926586214288e-07 1.0968520677859914e-06 2.2972055270486108e-05 1.1397941844050068e-06 8.843629607612582e-08 2.064494858171815e-07 2.1506640610083881e-07 2.1664961659791956e-07 0.0 2.1237645822782845e-07 8.898928428975521e-07 8.259538468867238e-07 7.1385106642953494e-06 0.0001729231215337144 1.3888100542381303e-05 8.561119440605545e-06 4.2496004191375756e-05 5.6443722114867876e-05 2.367191096725631e-07 0.00016564863630971535 1.0066065935298476e-06 6.719308397060237e-07 6.793531557571448e-07 1.2905826316131686e-07 7.066895496349545e-07 2.1038740654667872e-07 1.9056610522877894e-05 2.219769205690807e-06 9.32110445522301e-08 6.687579053887495e-05 5.8073729569602686e-05 2.821321968741519e-05 1.089696208133694e-05 1.0345909545086057e-05 0.0008623403208517389 0.0011310121110132529 6.323815072870536e-05 0.0006135981662658166 4.7817074709530905e-06 7.3952438824725e-08 1.4931015108940485e-07 5.842657083206695e-07 9.321565567402707e-08 0.0 6.849789628557469e-08 0.0 0.0 1.495854384679167e-07 7.669832267164223e-07 3.3994018980583486e-07 5.529299215539387e-07 2.4739193654325812e-05 8.549437032922327e-06 0.0 9.478380205642252e-06 6.765684062297111e-05 1.6255131555949967e-06 2.5394301815610574e-07 3.447132511338038e-06 1.6214126189987776e-07 6.642160308862176e-06 1.0177178728917125e-05 2.065792536876934e-06 6.991707157630082e-06 5.6556769802201445e-06 5.182779352439777e-06 5.555176955995848e-06 1.3454363888631553e-05 1.082019159404131e-05 6.820206300901164e-06 1.0601805662937967e-05 1.7443291121115531e-07 0.0 0.0 0.0 0.0 0.0 8.750678591714393e-08 0.0 0.0 0.0 8.626202721698358e-08 0.0 1.2812053646030545e-06 0.0 0.0 8.749876188377069e-08 0.0 0.0 0.0 9.583674734614492e-07 5.030872128966265e-06 0.0 1.4023348151919258e-07 1.5908120335800355e-07 2.0887439015725827e-06 3.944736154910951e-06 1.4539611307466799e-05 3.3996743460761484e-06 1.129620050810952e-06 0.0 0.0 0.0 0.0 0.0 8.023159304495327e-07 1.314483518282101e-07 0.0 0.0 0.0 0.0 0.0 0.0 1.0342307793307469e-07 0.0 0.0 0.0 0.0 0.0 0.0 3.6845174397402205e-07 0.0 2.1207055839536996e-05 3.9355561098959213e-07 0.0 0.0 0.0 0.0 0.0 0.0 0.0 8.279827972646038e-08 4.4350580932539435e-06 1.9862005427690367e-06 0.0 0.0 1.7393439897215447e-07 3.913847453881998e-05 5.894859144451188e-06 2.916875825469036e-05 1.0602681145741314e-06 2.526028171849581e-07 8.653846737594476e-08 0.0 0.0 0.0 0.0 7.961009787179895e-08 0.0 0.0 0.0 0.0 0.0 3.7193328630600216e-06 5.935702723639984e-06 1.5231190608483585e-05
0.0020682253077907954 0.0007683026769239646 9.673766741424126e-07 0.0 6.212757019287062e-06 0.00014698692397250375 0.00013885505900489966 2.2899193714047094e-07 5.336618147576177e-06 0.001553205948252487 1.0307410914407547e-06 0.00019451350141605844 0.0003537393756652897 2.0262038892498587e-05 0.0 2.0232350287025793e-07 7.640192691772206e-08 0.0 0.0 0.0 0.0 0.0 0.0 0.0 0.0 7.980670088624829e-08 0.0 0.0 0.0 0.0 0.00032350972882756496 6.976513647598384e-07 2.882678113022432e-06 0.0 0.0 0.0 1.4069326771743675e-06 0.0 1.627959503355046e-07 0.0 7.30898558049677e-07 0.0 1.5571137624112571e-07 3.757283099610533e-07 6.099480042218522e-08 1.4923226742506322e-07 6.767957225521995e-06 8.008512348685882e-07 9.791729629050807e-08 0.0 1.615533211558785e-07 0.0 0.0 0.0 1.2675888639046404e-06 1.8752457084655417e-06 1.8550447200533285e-05 0.00023189053366935112 2.7139750544438247e-05 7.428552564957926e-06 1.6874997617501944e-07 0.0 0.0 1.1068598727652571e-05 9.80622916525206e-07 7.490943456327522e-07 3.027331559217991e-07 7.853398016179199e-08 3.195008983920058e-07 0.0 5.858715485226282e-07 2.2247776789833148e-07 0.0 0.00012370574707535242 6.83627791276253e-05 8.795117454618075e-06 1.0902170951029814e-06 8.775512946611144e-07 2.9378484817067384e-07 1.5126503390374129e-07 3.4538180757502227e-07 4.966110201040156e-07 7.119871703613558e-06 0.0 3.5253594600685537e-07 4.30152613903286e-07 6.854636417293568e-08 0.0 1.640064493093089e-07 0.0 4.3803592855967556e-07 0.0 6.796064380901354e-08 0.0 6.702454065445744e-08 1.751815541495433e-05 3.721397896033836e-07 1.1396658964092986e-07 5.761653415739797e-07 0.00023809635237001409 1.2730390167921295e-06 1.1634209080822693e-06 1.1429704341302112e-05 1.2328700345005323e-05 3.087482955934159e-06 1.278025602020777e-05 4.873458510548273e-06 4.057346092324766e-06 3.0940475539261674e-05 1.6058610133370064e-05 6.893752926935427e-07 5.7340577189485426e-05 5.100141206978776e-05 6.445276151136792e-05 3.115274987704212e-06 0.0 0.0 0.0 0.0 0.0 0.0 0.0 0.0 0.0 0.0 0.0 0.0 0.0 0.0 0.0 0.0 0.0 0.0 7.991712930307571e-08 0.0 2.0465996737073636e-06 0.0 0.0 0.0 1.7612371644307248e-07 0.0 1.8261132630510805e-07 2.4323592519888655e-07 8.122714332687319e-07 0.0 0.0 0.0 0.0 0.0 1.126820969269599e-07 0.0 0.0 0.0 0.0 6.530983027683027e-07 0.0 0.0 0.0 0.0 0.0 8.208369213724438e-08 2.543915008593537e-07 0.0 0.0 0.0 0.0 1.260577800859106e-07 0.0 0.0 0.0 0.0 0.0 0.0 0.0 0.0 0.0 1.9289907464658204e-06 0.0 0.0 0.0 0.0 2.0760560421887726e-06 0.0 9.38271949127794e-07 2.3179779907520515e-07 5.789068522375277e-07 0.0 0.0 0.0 0.0 0.0 0.0 0.0 0.0 0.0 0.0 0.0 3.0130584790697157e-06 1.77363852663993e-07 6.218672145884818e-07
7.115248950091495e-05 0.0014383996666995824 0.0003414979843617641 6.212757019287062e-06 0.0 1.6421629850935379e-06 0.0022161517948946752 0.0004430570811480553 0.0022345915849110885 0.000182038305964391 0.002207399798635156 3.069922696212751e-05 0.00053501329542424 0.001244089972119539 4.6454596625318565e-06 1.8036753456317792e-06 1.4232262577630437e-06 2.3648712822363706e-07 2.966041516390207e-07 2.7579009868348083e-07 0.0 0.0 0.0 6.938979059383842e-08 9.027002904758478e-08 0.0 3.696734129928691e-07 1.3251076110469748e-07 0.0 0.0 0.00013056828436023034 4.7786106841446565e-05 6.696934154008528e-05 0.0 0.0 8.739405193941806e-08 5.481138751441444e-06 9.399382563554849e-07 1.7874588877587746e-07 9.822695696980448e-08 0.0 7.062105665189336e-08 2.387771407828604e-07 3.8687582751581864e-07 1.5645555564768656e-07 3.830276476209981e-07 5.895918312881359e-05 1.8503611536713989e-06 6.560278529343913e-07 0.0 2.2386942376430952e-07 0.0 0.0 8.717077029171487e-08 3.96855743158423e-06 2.545910653270261e-06 6.073184325150307e-06 2.947754478000428e-05 1.6680421628343922e-05 2.4895248349028125e-05 1.4996118186056187e-06 1.3964446863258832e-06 0.0 4.745125211135959e-05 2.8810385525726524e-06 1.6292217525171944e-06 1.4751012473683518e-06 4.998574599617745e-07 1.4808358133396824e-07 0.0 9.109242716305132e-06 0.0 0.0 7.167924550261779e-05 5.772222479422576e-05 6.076723502529644e-05 1.882333911830783e-05 2.3803529817016577e-06 1.5592303099064767e-05 0.00035644871315213087 1.6009935608693854e-06 1.0209105392326832e-05 1.489881155675282e-05 0.0 5.89267253573039e-07 1.0628310748786398e-06 5.246944327490985e-07 8.026412189701903e-08 6.194997556264664e-07 6.652766956594833e-08 2.3277821329303928e-07 7.699847660340132e-08 3.00260436179453e-07 1.672247056726363e-07 2.382732451159487e-07 2.7393757306242344e-05 9.820318584192012e-08 0.0 6.106395645956905e-07 7.079529799711597e-06 1.2134722387679268e-07 1.1153770281351782e-06 3.1156865246458697e-06 1.8337643747884082e-06 7.789000497485645e-06 9.663715245497964e-06 3.885402210143889e-07 8.541843418239426e-06 1.1469039538506038e-05 5.646832712324243e-06 2.672978933440115e-06 2.0276366863168157e-05 1.6525588102932976e-05 7.180046689738526e-06 3.6266521088718856e-06 0.0 0.0 0.0 0.0 0.0 0.0 0.0 0.0 0.0 0.0 0.0 0.0 0.0 0.0 0.0 0.0 0.0 0.0 0.0 0.0 1.657665735579148e-06 0.0 0.0 3.477066363753012e-07 1.662631800180055e-06 7.878978952581675e-07 3.385609351317043e-06 1.5347686977659738e-06 1.3992822752772184e-07 0.0 0.0 0.0 0.0 0.0 0.0 0.0 0.0 0.0 0.0 0.0 0.0 0.0 0.0 0.0 0.0 1.3022154356647366e-07 0.0 0.0 0.0 6.86089811625988e-07 1.871938841333101e-07 5.915095126280566e-06 0.0 0.0 0.0 0.0 0.0 0.0 0.0 0.0 0.0 3.560895910647666e-06 2.1168158829514374e-06 0.0 0.0 0.0 1.911893324687551e-05 1.4081471001446768e-07 5.847193609319027e-06 0.0 1.996025832505964e-07 0.0 0.0 6.816796824951298e-08 0.0 0.0 0.0 0.0 0.0 0.0 0.0 0.0 6.128574346779326e-06 1.3770132600692557e-06 3.931671432858503e-06
5.332512084448267e-05 0.00018182972591883345 1.3297077729115938e-06 0.00014698692397250375 1.6421629850935379e-06 0.0 2.383748102979506e-05 1.0377660787112229e-06 4.4612907310845715e-06 0.00017615769769628727 2.4316436195149076e-06 2.398335339082958e-05 3.519511768287719e-05 7.711855305435515e-06 9.915660909682196e-08 3.446700195954686e-07 0.0 0.0 0.0 0.0 0.0 1.650186075799079e-06 0.0 0.0 0.0 0.0 0.0 0.0 1.5358919829361356e-07 0.0 3.09853662239568e-05 0.0 1.723812879701139e-05 0.0 0.0 0.0 2.1187478271384504e-05 4.861118989615384e-07 1.8974262719085906e-06 0.0 0.0 0.0 0.0 2.0019128494326658e-07 1.2397711927073543e-07 1.9641361773237826e-07 7.45558523809905e-07 0.0 0.0 0.0 4.086799201220077e-07 3.8057937818161885e-06 2.2043971453000683e-06 6.462923210683051e-07 0.0 2.252461389142188e-07 2.585172532501876e-05 1.074707607950145e-05 1.5018015392657584e-06 0.0 6.567401576775946e-07 7.347027903193907e-07 0.0 4.942253949121623e-07 0.0 2.0430029987057278e-07 8.727435017050392e-08 0.0 0.0 0.0 9.800229298501711e-05 3.9778262452368274e-05 3.726276252782336e-06 3.6485531088591894e-06 2.3333409311161817e-06 9.588794442702266e-07 0.0 0.0 0.0 1.3247079653479802e-06 0.0 4.36320108559882e-07 0.0 2.7898340842358895e-07 0.0 1.0478364791010106e-06 0.0 2.453253284056953e-06 2.864112112553507e-06 4.28118161980089e-06 1.8293975572658573e-06 2.230204242462005e-06 2.691058176623388e-07 6.868757125988571e-08 5.668871796101714e-07 0.00017947674231302366 0.00028275230089684644 2.6849494998918224e-05 7.30669449238771e-05 0.0002619898968666907 0.0 0.0 3.50181945614617e-07 1.93272194469929e-07 0.0 4.588167042076659e-07 2.982394757626171e-07 2.4929610564948454e-06 2.649602953707366e-06 0.0 0.0 6.710388829318243e-07 3.281472458100866e-07 1.0921678210932347e-07 0.0 0.0 0.0 0.0 0.0 0.0 0.0 0.0 0.0 0.0 0.0 8.75832896521794e-08 0.0 0.0 0.0 8.634353958431576e-08 0.0 0.0 1.097979083876129e-07 1.8304475471785888e-07 0.0 4.989319192290686e-07 0.0 0.0 0.0 8.570125915500222e-08 9.81014685837584e-08 0.0 0.0 0.0 0.0 0.0 0.0 0.0 0.0 0.0 0.0 0.0 0.0 0.0 0.0 0.0 0.0 0.0 6.739673541408422e-08 0.0 0.0 0.0 0.0 0.0 0.0 0.0 0.0 0.0 0.0 0.0 0.0 0.0 0.0 0.0 0.0 0.0 0.0 3.609854178318585e-07 0.0 0.0 0.0 0.0 0.0 1.0841065353073907e-07 0.0 0.0 0.0 0.0 0.0 0.0 0.0 0.0 0.0 0.0 0.0 8.032229471929509e-08 0.0 0.0 1.0046808709500276e-07 0.0
0.00016264219837369755 0.002182946741812167 1.3564122676307268e-05 0.00013885505900489966 0.0022161517948946752 2.383748102979506e-05 0.0 3.106433201409574e-05 0.0014179174422437313 0.0018946954604218624 0.0004440310873035571 0.00028638811783175986 0.002280573626579713 0.0015057192938560209 8.225150874740857e-06 4.494072962021587e-06 2.968487676752449e-06 4.1642958606966365e-07 0.0 6.969319729722969e-07 7.703271929359315e-08 0.0 0.0 0.0 1.7508149502125044e-07 2.694764337374095e-07 4.049485004184033e-07 4.4329464606921176e-07 0.0 8.763641976983017e-08 0.0003518352813762181 1.4694152038001082e-05 5.182509838617338e-05 0.0 0.0 0.0 1.6099786542421566e-05 5.127060896278431e-07 1.1957883424915297e-06 2.628288997226077e-07 1.5061855122057338e-07 3.352391908848749e-07 2.9858683747345313e-07 7.870035874932983e-07 5.742020031434418e-07 9.5441667339176e-07 9.496146944242544e-05 6.1984098602178005e-06 1.1173099286188796e-06 2.349477404197918e-07 4.855837381179784e-07 0.0 0.0 8.463963922079291e-08 8.4980007018322e-06 7.926911893027008e-06 2.0939899430401543e-05 0.00014485187660552638 4.586365310971918e-05 5.175002379224406e-05 1.6650868761349345e-06 2.0861641833611492e-06 1.17624742480711e-07 0.00010429396105724729 6.32239576447058e-06 4.1473446955244075e-06 3.199093160119852e-06 7.134386646186039e-07 1.513905336472302e-07 4.4671896051816087e-07 2.473008249220167e-05 2.1833507247425457e-07 0.0 0.00022754081487354855 0.00015147858908849657 0.00013140506671681707 3.0213908056861895e-05 6.629135371932031e-06 2.7217478327876797e-06 4.1242872897921035e-05 4.046233402368499e-06 5.404213802923052e-06 3.7047059593838015e-05 3.302971415968734e-07 2.3834524164978922e-06 2.355537145115478e-06 4.120111830416894e-07 1.9051560112227664e-07 5.948955877026751e-07 7.796984461800567e-08 7.002416453931214e-07 4.651068933193669e-07 8.02524867646917e-07 5.520664435676849e-07 3.742073268933459e-07 0.00012432645458145152 1.3486918919603082e-06 0.0 3.301331651084984e-06 3.9163070756533774e-05 2.153957321924295e-07 2.294031617524507e-07 1.5599078835894458e-05 1.0612932248725567e-05 1.9690297337380492e-05 4.275405990994936e-05 6.954240873076838e-06 2.149873682931548e-05 6.521582770369224e-05 2.9150447393496335e-05 1.1961874231577424e-05 6.223269422958953e-05 5.518241696633251e-05 2.3464373801852306e-05 1.9842818481748527e-05 0.0 1.933173970924707e-07 0.0 0.0 0.0 0.0 0.0 0.0 0.0 0.0 0.0 0.0 0.0 0.0 0.0 0.0 1.7923151599596536e-07 0.0 0.0 1.46089047415155e-06 4.6326181312675685e-06 0.0 3.5799227734325443e-07 0.0 1.4231317354449271e-06 9.792569625523964e-07 1.1481060999930644e-05 6.303304005257258e-07 5.325694167211578e-07 0.0 0.0 0.0 0.0 0.0 0.0 0.0 0.0 0.0 0.0 0.0 0.0 6.267725225488645e-07 0.0 0.0 2.3174625899955333e-07 0.0 0.0 2.0445196148366598e-07 0.0 8.656961175572717e-07 5.14787908902189e-07 2.135923512487525e-05 0.0 0.0 0.0 0.0 0.0 0.0 0.0 0.0 7.799230963996231e-08 1.2153743265091766e-05 4.6415248537417e-06 1.1514225533751424e-07 0.0 9.4963412803114e-08 5.066740869929552e-05 2.668216882585117e-06 1.7860669547711912e-05 4.734970111480376e-07 1.766998113741795e-07 0.0 0.0 7.706772861117724e-08 0.0 2.1305212386039854e-07 0.0 0.0 0.0 0.0 1.6773127601733903e-07 7.511514567901787e-08 1.335766244067043e-05 6.567512107409759e-06 8.681352033683622e-06
2.5707295739700483e-05 0.0002449151169457625 0.0018230993409634139 2.2899193714047094e-07 0.0004430570811480553 1.0377660787112229e-06 3.106433201409574e-05 0.0 0.0002917814394381222 3.520336608253398e-06 0.0011900240776532762 9.703135907459339e-06 0.00012313493599009723 0.00040938100585823214 1.087092424636607e-05 1.1261909611251573e-05 6.070139337935094e-07 2.5468754964339486e-07 0.0 1.7737441508584322e-07 0.0 0.0 7.833878547025607e-08 0.0 1.237273003899418e-06 1.7572564374991278e-07 2.2313269484025808e-07 5.774658766759749e-07 8.523457387809901e-07 0.0 0.00023561576918853665 0.0003429801823356907 0.0002554026506855659 7.010431003839732e-08 2.2885944689090804e-07 8.339312693145652e-07 1.0342961845726295e-05 6.1699568366313385e-06 4.86369318243087e-06 1.3279112866739605e-06 0.0 6.520343715944736e-07 4.479529637199426e-07 1.862271107722106e-05 7.880101067935222e-08 4.708397863393657e-06 4.275181915461978e-05 1.1742106718659916e-06 0.0 0.0 2.7875202891913385e-07 0.0 0.0 1.1712832001119442e-07 1.3820318755582288e-06 1.4213696565804063e-06 2.7931516614369374e-06 2.160711433614926e-05 5.417684695525411e-06 1.239525184248637e-05 5.055678532060415e-05 3.3740191234793584e-05 0.0 5.698900085086111e-05 1.7499319828543203e-06 5.19874299931367e-07 8.379930656732243e-07 1.4272283991531338e-07 7.375489882124055e-07 1.1793855884834615e-06 8.053917991197261e-06 8.66492092581948e-07 0.0 4.2436927918593334e-05 4.2615879467944337e-05 5.198090953187122e-05 2.6696556247055337e-05 0.00019027088287474549 0.0012773335791605085 0.0009964131626409357 0.0001769088957185932 0.0005423997711393624 4.7105324777410895e-06 0.0 5.330031744997513e-07 2.687252865396604e-07 4.512623976344672e-07 0.0 8.829146596490677e-08 0.0 1.2990869144573647e-07 0.0 1.579441876073088e-06 9.06490666665285e-08 9.127277199806135e-08 6.921917448758621e-06 4.664130901066226e-07 0.0 7.025136348262866e-06 6.80649016135663e-06 0.0 0.0 2.5951214252893355e-06 0.0 0.0 7.236318048932679e-07 0.0 3.565809333500965e-07 1.1410570809413987e-06 5.398021770511179e-07 2.0583240187482999e-07 9.068791139256298e-07 1.1037412711484703e-06 1.1093489063385126e-06 3.968993216666371e-07 0.0 0.0 0.0 0.0 0.0 0.0 0.0 0.0 0.0 0.0 0.0 0.0 0.0 0.0 0.0 0.0 7.269212042786057e-08 0.0 0.0 0.0 9.581944030685845e-08 0.0 0.0 7.804824504599697e-08 0.0 9.375777481484935e-08 4.268844131850272e-07 1.0620988775742849e-07 1.156020386963977e-07 0.0 0.0 0.0 0.0 0.0 0.0 0.0 0.0 0.0 0.0 0.0 0.0 0.0 0.0 0.0 0.0 0.0 0.0 0.0 0.0 0.0 0.0 1.3351749278910286e-06 0.0 0.0 0.0 0.0 0.0 0.0 0.0 0.0 0.0 1.748215231544213e-06 6.626534443696076e-07 0.0 0.0 1.3492510359079622e-07 3.5833782072749013e-06 3.47774951394042e-07 1.8595448501043053e-06 0.0 0.0 0.0 1.7287332987392335e-07 0.0 0.0 0.0 0.0 0.0 0.0 0.0 0.0 0.0 2.3916421379262015e-07 6.205066270074189e-07 1.2148066701581068e-06
1.4790340345336807e-05 0.00029629890461534104 4.013986342656642e-05 5.336618147576177e-06 0.0022345915849110885 4.4612907310845715e-06 0.0014179174422437313 0.0002917814394381222 0.0 8.039234248630422e-05 0.0008303572569543919 4.1514348707255145e-05 0.0009363565719972362 0.0006010076364874168 1.4432696184974339e-05 9.72523629303459e-06 3.1536626164150287e-06 3.006221253044438e-07 1.4412131592572276e-07 3.062372109769957e-07 2.671934741501959e-07 0.0 1.7304937023809333e-07 1.670786092065395e-07 7.782520190459364e-08 1.4408508568303225e-07 2.929627964572142e-07 1.3592207128158373e-07 0.0 8.49395949651743e-08 6.413602961432988e-05 8.464971276151565e-06 6.540616389128983e-05 7.909040400188339e-08 0.0 0.0 1.3685944976339744e-05 3.7292191990522655e-07 3.8279612046978604e-07 2.5675806826210536e-07 2.5549056060391706e-07 2.9281935195402276e-07 1.760036001274943e-07 2.8890743352205777e-06 2.2907312014196038e-07 1.0286552118805901e-06 0.000112379460519415 3.850782640247309e-06 6.92857166662854e-07 2.2822742791120923e-07 6.708032614224649e-07 0.0 0.0 3.368459283248188e-07 5.271849774301251e-06 4.799090094021735e-06 1.0191230355965996e-05 2.413721535514939e-05 2.1001389517548957e-05 3.838377502256228e-05 7.858126857871307e-07 5.656320402072464e-06 8.978271524723369e-08 4.3306842042778225e-05 4.8075271578404255e-06 2.7775037344381014e-06 2.409252585619691e-06 6.133036061415608e-07 1.660515386134789e-07 2.2962970298625168e-07 2.467774920138377e-05 0.0 0.0 8.880712538150729e-05 6.847784126756095e-05 0.00012361881744060856 3.3035402177179165e-05 1.3209733172912457e-05 2.20794183160706e-06 0.0003524766069682752 5.492378184781193e-06 4.83537698763714e-06 2.413572948929497e-05 8.559866737374109e-08 1.7671109726513929e-06 1.465863699620174e-06 8.149536069721117e-07 0.0 5.661892874619444e-07 0.0 5.982176738085342e-07 0.0 5.347138722928197e-07 3.503800534902439e-07 3.0360026261104336e-07 7.55201710806818e-05 2.824868303013468e-06 0.0 2.2053373371340503e-06 5.195563068641239e-06 1.7112339041219287e-06 0.0 2.0126454648354565e-05 4.7428206712715866e-06 1.685329955230348e-05 4.32621568539753e-05 2.9058782568249825e-06 2.0425457889433938e-05 3.999092662869581e-05 1.3430809540258849e-05 9.69171687887581e-06 6.471957270534924e-05 3.8962296647374515e-05 2.2788294979832552e-05 1.817047734564432e-05 9.511942999554003e-08 0.0 0.0 0.0 0.0 0.0 0.0 6.95945800530938e-07 0.0 0.0 0.0 2.9970962859485075e-07 5.633908135437839e-07 0.0 0.0 0.0 0.0 0.0 0.0 2.037267535496412e-06 8.244341642462226e-06 0.0 2.3456951485801176e-07 0.0 1.9333748386589463e-06 6.505388348774709e-07 1.464679812838583e-05 2.059774665172439e-06 9.240251955320444e-07 0.0 0.0 0.0 0.0 0.0 0.0 0.0 0.0 2.1761907088340375e-07 0.0 0.0 2.837182582029623e-07 0.0 0.0 0.0 0.0 0.0 0.0 1.8028111975563969e-07 0.0 0.0 3.296426462377751e-07 2.0581095345758278e-05 0.0 0.0 0.0 0.0 0.0 0.0 0.0 0.0 0.0 1.279246144949166e-05 2.6268889652459965e-06 1.1313636056861848e-07 0.0 1.1042065969394643e-07 6.003388988665914e-05 4.8462088591402275e-06 1.761158980929892e-05 5.371529853617735e-07 8.081288514190829e-08 0.0 0.0 0.0 0.0 0.0 3.3729279259246073e-07 1.1227124143187284e-07 0.0 0.0 0.0 0.0 1.4604576261041289e-05 4.6628607187302465e-06 8.48193027795936e-06
0.0009647951036172323 0.0020367234480482776 1.6498166068257362e-06 0.001553205948252487 0.000182038305964391 0.00017615769769628727 0.0018946954604218624 3.520336608253398e-06 8.039234248630422e-05 0.0 4.276080469774729e-05 0.0016316144591825604 0.004578515709226441 0.00028785140981448713 4.0683651231285725e-06 3.834514841053903e-06 1.110071216988866e-06 0.0 0.0 0.0 0.0 1.1169562351336547e-07 0.0 0.0 0.0 0.0 0.0 0.0 1.992549092100821e-07 0.0 0.00015909204431546094 4.808370936342056e-07 0.00017927890339867962 0.0 0.0 0.0 0.00014661702463157896 7.954850532348082e-07 1.6072765209687126e-06 1.7291898679417903e-07 0.0 0.0 1.0251433485834341e-07 7.715431889120746e-07 1.7434729880695446e-07 2.461905242051802e-07 1.4839201433047986e-05 7.424964663580892e-07 0.0 0.0 0.0 0.0 0.0 0.0 1.3867655782358742e-06 1.0344296822273728e-06 1.4273360211458333e-05 0.00012015490135452501 1.4427798435392174e-05 7.737242415718306e-06 1.138375929407875e-06 3.7750299672288105e-06 0.0 1.532374822527635e-05 1.4785919347133147e-06 4.0932312618291346e-07 7.22663582890333e-08 1.65619739993777e-07 0.0 9.602248867012499e-08 0.0002911985926946388 2.425262326675388e-07 0.0 8.145152846372366e-05 4.5408997766892914e-05 2.0543119657178337e-05 3.112713015497232e-06 2.812040417716764e-06 8.07767962993813e-07 9.528492048783411e-06 1.974041162237187e-06 4.16072058311733e-06 6.438343938273986e-06 0.0 4.939434520721405e-07 6.945358478245292e-07 0.0 0.0 2.5225261611340973e-07 7.625024258974314e-08 7.412497541777587e-08 0.0 0.0 0.0 0.0 0.00027690782795160453 2.0889119758263378e-05 2.758346028232873e-07 5.3143551109261304e-05 0.00018220465384708202 1.9719288141564604e-06 1.3909023734683907e-06 4.0277759563383315e-05 2.1958899799368775e-05 2.9833679098950475e-05 8.179372064137004e-05 2.7676062056859293e-05 4.313278857237524e-05 0.00013762179861963133 7.459077838037388e-05 1.0254020529596412e-05 0.00011699854553065085 0.00010034512235547279 4.675233220541426e-05 1.8948289496607403e-05 0.0 0.0 0.0 8.704256747682767e-08 0.0 0.0 0.0 0.0 0.0 0.0 1.4213251410831574e-07 0.0 5.472910817896667e-07 0.0 0.0 0.0 0.0 0.0 0.0 6.658179800282561e-07 4.868303969183275e-06 0.0 0.0 0.0 2.3657694969615795e-06 3.633196335586527e-07 1.0094096138323809e-05 1.354771922949519e-06 1.016247909728774e-06 0.0 0.0 0.0 0.0 0.0 0.0 0.0 1.252245299338012e-07 0.0 0.0 0.0 4.15001257020724e-07 1.5080732895689924e-07 0.0 0.0 8.201990873820063e-08 0.0 0.0 6.901750213530813e-07 0.0 0.0 1.145617537185815e-07 1.4945891683850741e-05 0.0 0.0 0.0 0.0 0.0 0.0 0.0 0.0 0.0 1.5285377893950985e-05 7.790706476261213e-06 0.0 0.0 7.419993454058373e-08 4.783058293972662e-05 0.0 1.0245937017294916e-05 3.421225394855646e-07 2.872357718279359e-07 7.217867315151236e-08 0.0 0.0 0.0 8.836097351514675e-08 0.0 0.0 0.0 0.0 0.0 0.0 2.2994269094200543e-05 4.111090045689253e-06 6.37340315333788e-06
4.209201875100251e-05 0.0008884980403725304 0.0006399621747292914 1.0307410914407547e-06 0.002207399798635156 2.4316436195149076e-06 0.0004440310873035571 0.0011900240776532762 0.0008303572569543919 4.276080469774729e-05 0.0 4.728201139143648e-05 0.0014515928038886332 0.002087646003359378 1.6191321086441145e-05 1.4450052595064892e-05 2.1773075316192177e-06 3.1024686531553155e-07 2.0427521127931784e-07 9.375385649706618e-08 0.0 0.0 0.0 6.022359598036358e-08 7.552120890109452e-07 3.226585798338945e-07 1.729861774260777e-07 1.0664792161325492e-07 2.3155512459383604e-07 2.7609477912408763e-07 7.006711271512692e-05 4.4803399186269886e-05 0.0002360095585016277 5.6463078508178316e-08 0.0 0.0 3.416991162417306e-05 3.90797890415737e-06 3.526462761818021e-06 7.203286459659178e-07 0.0 2.2440581875393546e-07 2.843269433163265e-07 4.516526365314214e-06 3.774556350504536e-07 7.991519342694198e-07 7.262815592303311e-05 1.8183330739757655e-06 1.5392515145310698e-07 1.7515519914662343e-07 3.048555326245611e-07 1.0643459476420939e-07 0.0 2.756447290937263e-07 2.240330260249427e-06 2.6617580695194268e-06 5.668839858972421e-06 1.7578771194793735e-05 7.842712400146406e-06 2.02396642189998e-05 8.232672835316823e-06 7.047510010949245e-06 0.0 3.5998996005631056e-05 1.8527331101807828e-06 1.2312327523537878e-06 1.0570097891524302e-06 5.741210870418593e-07 1.7812569289418509e-07 2.713098487004686e-07 2.8967619304715714e-05 4.5105363079872586e-07 0.0 5.4374399429210795e-05 3.71092721790336e-05 7.594045080012646e-05 2.530324000811345e-05 1.6469258616346313e-05 9.13042224211775e-05 0.002253173542178349 2.6807882702567584e-05 5.350674775875006e-05 9.675465865982936e-06 0.0 4.89060643206043e-07 5.953359668704499e-07 6.2075273711525e-08 6.198593038734802e-08 1.3793949953369334e-07 6.17407061600592e-08 6.335489976123387e-08 6.604263293288858e-08 1.4575432880969933e-07 3.2416111841441393e-07 4.675220592200722e-07 4.4095036566050024e-05 4.2600996674834125e-06 0.0 5.6515275100814076e-06 5.827385808763805e-06 1.8110742142421372e-06 0.0 6.46575790916518e-06 1.6881628774084157e-06 9.613735983465913e-06 2.502744157306691e-05 8.684922518422052e-07 1.3760519331698753e-05 1.9894444186840727e-05 1.3919745251593545e-05 4.491780967588588e-06 3.5752443281215966e-05 2.4935475548436026e-05 1.5385576008950734e-05 1.439801749958773e-05 0.0 0.0 0.0 0.0 0.0 0.0 0.0 4.232154139873246e-07 0.0 0.0 0.0 0.0 0.0 0.0 0.0 0.0 0.0 0.0 0.0 1.4988580421598506e-06 2.675352582208483e-06 0.0 0.0 0.0 1.5421953807538703e-06 2.6530139913056246e-06 1.0176376495941435e-05 1.3399342075299718e-06 2.6311042801596546e-07 0.0 0.0 0.0 0.0 0.0 0.0 0.0 1.737810962085695e-07 0.0 0.0 0.0 1.125810156855978e-07 0.0 0.0 0.0 0.0 0.0 9.72038898753484e-08 7.299936197183005e-08 0.0 0.0 0.0 1.9658191544382163e-05 0.0 0.0 0.0 0.0 0.0 0.0 0.0 0.0 0.0 8.761636712552204e-06 1.2723002946368575e-06 0.0 0.0 0.0 4.161060362599319e-05 1.948473786621478e-06 1.689496187818986e-05 0.0 2.2646800100959423e-07 0.0 9.429951348133608e-08 0.0 0.0 0.0 0.0 0.0 0.0 0.0 0.0 0.0 6.859424175720457e-06 4.594164992826395e-06 6.64505408876201e-06
9.06534796577349e-06 4.913763048463258e-05 7.779697405934783e-06 0.00019451350141605844 3.069922696212751e-05 2.398335339082958e-05 0.00028638811783175986 9.703135907459339e-06 4.1514348707255145e-05 0.0016316144591825604 4.728201139143648e-05 0.0 0.0005719337320234911 0.00014011237135922044 1.553208545438446e-05 1.5630470382026862e-05 1.433052404986906e-06 0.0 9.712739749775578e-08 1.8721535537901743e-07 0.0 0.0 0.0 0.0 0.0 1.250758610068989e-07 9.52126575651716e-08 3.745109510917678e-07 5.465764033409079e-07 0.0 8.116242918538786e-06 2.096595108738036e-06 0.0001314638042197941 0.0 1.7625189086435253e-07 5.507678449096956e-07 0.0005085703288085064 8.362776125188342e-06 1.125824533675009e-05 2.8157389349084324e-07 0.0 0.0 0.0 1.0076496042939476e-06 9.684087192954421e-08 1.171708439808401e-06 3.0451173096097362e-05 2.966140894015141e-07 1.4125912675317552e-07 0.0 0.0 0.0 1.0853993530269698e-07 0.0 3.759233229335037e-07 5.191971805461121e-07 9.808042664939077e-07 1.9194447816783386e-06 1.869484463860957e-06 3.836237816242692e-06 6.610566123234451e-06 1.2782086987641901e-05 9.314793692103589e-08 4.504071117717409e-06 1.382402786926813e-07 2.79818913028104e-07 7.954064143005172e-08 1.8472265221597737e-07 0.0 0.0 0.0001889787377770046 1.1447404018745343e-07 0.0 8.036804993821865e-06 5.340402771220809e-06 2.1873512567829844e-05 7.711760027847447e-06 2.540998877246176e-06 1.9579176820700707e-06 3.9585728162317736e-05 7.483165277519593e-06 1.3655983360655724e-05 1.3612035974055198e-06 0.0 9.867120334686963e-08 3.1629293755062154e-07 6.362796675966866e-08 0.0 0.0 0.0 1.4735292864184137e-07 0.0 0.0 0.0 3.5884199010877456e-07 0.00034499148952237007 3.2253265418629867e-06 0.0 2.8121598321423735e-05 9.699102260522783e-06 1.3399286821340253e-06 5.868086795257622e-07 9.325017611048378e-06 7.605759980204108e-06 1.4121240944526818e-05 3.861354391101066e-05 9.430681075194146e-06 1.81449761782417e-05 3.8445811135810864e-05 2.269711147165657e-05 6.431764412626968e-06 5.1261515387660415e-05 4.5906307638849065e-05 2.038329500696884e-05 1.5591958877686884e-05 1.1663516848521865e-07 0.0 0.0 0.0 0.0 0.0 0.0 0.0 0.0 0.0 1.1300247903230646e-07 0.0 0.0 0.0 0.0 0.0 0.0 2.1250848850095586e-07 0.0 7.921015290418539e-07 2.737940053877643e-06 0.0 0.0 0.0 1.2384423151067278e-06 3.892970015037914e-07 8.340113143002811e-06 2.2487277660946715e-06 5.543745428546463e-07 0.0 0.0 0.0 0.0 0.0 0.0 0.0 0.0 0.0 0.0 0.0 1.8030684436369426e-07 8.952929662492878e-08 2.1081527549115467e-07 0.0 0.0 0.0 0.0 5.38673957072038e-07 0.0 0.0 0.0 9.75440672085609e-06 0.0 0.0 0.0 0.0 0.0 0.0 0.0 0.0 0.0 1.0215042103744722e-05 4.562890564644659e-06 0.0 2.757091712244554e-07 9.24673251221047e-08 2.9743640023503233e-05 6.771371028657586e-07 6.579405593168334e-06 1.0315063559399657e-07 1.016012759553293e-07 0.0 0.0 0.0 0.0 0.0 0.0 1.146506597812088e-07 0.0 0.0 0.0 5.619828540685951e-07 1.2069694298079979e-05 4.693162614759486e-06 6.4230669340011775e-06
1.756548129440063e-05 0.0003523620830689136 2.3944233627280346e-05 0.0003537393756652897 0.00053501329542424 3.519511768287719e-05 0.002280573626579713 0.00012313493599009723 0.0009363565719972362 0.004578515709226441 0.0014515928038886332 0.0005719337320234911 0.0 0.004970842036645056 5.267233762557263e-05 5.432909497583649e-05 3.012565815913782e-06 2.468175345525823e-07 0.0 0.0 1.1809566749103001e-07 1.1815231841596421e-07 0.0 0.0 7.359815361672788e-07 1.9902816922103108e-07 4.3405138552728044e-07 8.293931645176768e-08 1.0923788423813818e-07 0.0 2.9362325822176474e-05 3.21369601497871e-06 0.000742387353984952 1.0606343353188198e-07 3.996215587496691e-07 2.6845508161682375e-07 0.0006007151865362914 1.2089710042056336e-05 1.0561299564484732e-05 7.144974735857079e-07 3.1232645285235743e-07 1.445703324287847e-07 0.0 8.37353516708916e-06 4.2273352904465565e-07 2.948419188811497e-06 0.00011940140846435312 1.6836947514956456e-06 4.895751353671334e-07 1.696652838517178e-07 2.043692338699489e-07 0.0 0.0 0.0 2.570872802113954e-06 2.023254608934052e-06 6.2572175635491444e-06 1.4196397857201913e-05 9.245681023115282e-06 2.4588115484429283e-05 1.954074405183328e-05 1.6984483917408815e-05 3.1852494764921165e-07 3.770464425121486e-05 2.5116420340364584e-06 1.155823585194278e-06 1.0583062866834927e-06 3.92570250605397e-07 5.510709750593535e-07 2.887799524726637e-07 0.0002277407805428896 1.414825276540287e-07 0.0 4.7680692218873636e-05 3.5867330851576286e-05 0.00010711568387103381 4.1851766817872014e-05 2.0389571101493964e-05 2.010395295321495e-05 0.0004278761086202333 4.8252603584798493e-05 3.4370117225173034e-05 1.2121280638275261e-05 0.0 7.384783166523019e-07 7.726632144961387e-07 6.034278496073309e-07 0.0 4.322540020516619e-07 0.0 5.273947045376593e-07 0.0 4.3391560161929113e-07 3.857386692292161e-07 2.7889792662998084e-07 0.0010135361389836263 6.3198307200753085e-06 0.0 2.2065415344306894e-05 1.5257137652056318e-05 3.1570225228055772e-06 5.430735181023247e-07 3.3978389929654665e-05 1.6560735714419966e-05 4.523318267192311e-05 9.106064847008581e-05 9.720867823004102e-06 5.364506925451656e-05 0.0001585370477368188 4.226870845993127e-05 2.096232492277837e-05 0.00015487980021016464 0.0001657987384436883 7.07400425271124e-05 4.6792227551699545e-05 8.691668158028185e-08 0.0 0.0 0.0 0.0 0.0 0.0 0.0 8.743768723484655e-08 0.0 4.763790360945217e-07 0.0 8.346157710376724e-07 0.0 1.1248022973774974e-07 0.0 1.1658557053229404e-07 0.0 0.0 3.776463543416346e-06 1.593783802200557e-05 0.0 0.0 0.0 6.140268532130775e-06 2.240859573873436e-06 3.411250600851895e-05 5.426405649985572e-06 1.4925896536596989e-06 0.0 9.507097346562183e-08 0.0 0.0 0.0 0.0 0.0 3.079672391377943e-07 1.9903653397768993e-07 0.0 0.0 3.7038939754755556e-07 9.819394088344047e-08 7.554891595079845e-07 4.000971914200493e-07 0.0 0.0 7.333779957194687e-07 2.4028874544213454e-06 0.0 6.017830022679049e-07 4.245946732044323e-07 5.0240119671530254e-05 1.2236687238095104e-07 0.0 0.0 0.0 0.0 0.0 0.0 0.0 1.0619309009945383e-07 3.611887077679345e-05 1.2926408302457482e-05 0.0 0.0 1.7580437922246812e-07 0.00012143974704646126 4.353176506812209e-06 3.882643077839887e-05 7.376831877571174e-07 1.4127504477720154e-06 3.8044328421543975e-07 0.0 2.084580155128184e-07 0.0 0.0 8.884455639552179e-08 0.0 6.77411555472221e-08 7.645179177055359e-08 1.087551702021412e-07 9.961004364515249e-08 4.547611903888812e-05 1.4562284954291166e-05 2.4573624273233635e-05
