0.0 0.0019927371085007796 0.0002893175048306603 0.0008568902756170033 0.00022272709734375533 5.671467105567825e-05 0.0009284502714787769 4.676752187735679e-05 2.4214067323131576e-05 0.0004840719847297619 9.415776632390994e-05 0.0003471663232646394 0.0004050348095644411 6.157060031183558e-05 8.650662099301285e-07 4.789925006631184e-07 7.492478162526134e-08 6.886935492785365e-08 0.0 6.904389829273917e-08 1.2053374873780114e-07 1.046601627321918e-07 0.0 8.734189854107557e-08 9.537692115791563e-08 0.0 0.0 0.0 0.0 0.0 0.00031084962905964864 2.1787340262512943e-06 2.861523100643345e-06 0.0 0.0 0.0 6.954473472600922e-07 2.0304947940806468e-07 5.061328147130159e-07 0.0 8.168629864535481e-07 1.0166367076097055e-07 2.052339944666485e-07 1.4209717381157998e-07 0.0 0.0 1.3659489694559992e-05 1.320821037697369e-06 1.7436659114521518e-07 1.0864300042981327e-07 3.520737184034332e-07 0.0 9.168543643649938e-08 9.702612671227626e-08 1.0904823432102307e-05 3.387544999514109e-05 0.00013483021064149566 0.0011364382479713611 0.00010113133007654738 2.0769373277523553e-05 1.7415977521719685e-07 0.0 0.0 1.6845077741779838e-06 2.1059556671991614e-05 3.7457052806563282e-06 1.1627917062812246e-06 3.467774727224129e-07 2.59744498637229e-07 4.5493346776202857e-07 9.17702912453079e-06 5.386492180063766e-07 1.243501577582863e-07 0.00021870924625024097 3.392034559508858e-05 1.000383102088032e-05 9.925817824783706e-07 9.621326928619765e-08 8.714052860808591e-08 1.750788714386037e-05 1.0835371491468371e-07 8.904055093747849e-07 3.393564733222161e-05 5.427408088112759e-07 2.9617666583801456e-06 1.836777295962908e-05 4.234266254943891e-07 2.73748611087269e-07 3.0642224227414194e-06 1.6570606651958916e-07 5.171002845546966e-07 1.4220847924416343e-07 2.7616711386530676e-07 9.204571771160718e-08 0.0 1.4967988753461253e-05 4.791995097610458e-06 1.2754657670654943e-07 1.1536467867744142e-06 0.000580374506361023 0.0 0.0 1.8802241204282082e-07 2.0403826419548636e-06 0.0 1.0103033722514554e-07 1.7645791917775312e-07 8.897466525859055e-08 2.4116608627705906e-06 9.274800126825222e-07 0.0 3.802783637424453e-07 5.088072327104343e-07 2.28132700718959e-07 8.618228173352868e-08 7.16567268962367e-08 0.0 0.0 0.0 0.0 0.0 0.0 0.0 0.0 0.0 0.0 0.0 0.0 0.0 0.0 0.0 7.742166949413892e-08 0.0 0.0 0.0 0.0 0.0 0.0 0.0 2.580972558132704e-07 0.0 9.304829281350594e-08 1.7696528110777294e-07 0.0 0.0 0.0 0.0 0.0 0.0 0.0 0.0 0.0 0.0 0.0 0.0 0.0 0.0 0.0 5.6009758673789046e-08 0.0 4.0755475784761e-07 0.0 0.0 0.0 0.0 0.0 0.0 0.0 0.0 1.419189726309451e-07 0.0 0.0 0.0 0.0 0.0 0.0 2.495419622411575e-07 0.0 0.0 8.315648844717465e-08 8.401351118621359e-08 0.0 0.0 0.0 0.0 0.0 0.0 0.0 0.0 0.0 0.0 4.5382093321064817e-08 0.0 9.353298520738188e-07 0.0 1.780254037753733e-07 1.378860775502433e-07 0.0 2.803260542511767e-07 8.865456953084516e-08
0.0019927371085007796 0.0 0.0008779009749254884 0.0005145846767140499 0.0014984520571246357 5.394067699177412e-05 0.0017354794251629195 0.00015560634613812272 0.0008997887801774138 0.00041497147080752305 0.0003934546743121483 1.8432699169784615e-05 9.639158304842773e-05 0.00063874487076089 6.704449663924971e-06 1.4472564258356398e-06 0.0 0.0 0.0 6.738235003454575e-08 3.5426020782916056e-07 1.1584320321042347e-07 0.0 0.0 0.0 0.0 0.0 1.6928861582477703e-07 9.999204508462581e-08 0.0 0.0013178387923327751 1.4817525670166793e-05 6.44129041003736e-06 0.0 0.0 3.0425656322115583e-07 6.65492299383598e-07 5.316290588904741e-07 5.399236041165642e-07 4.735958919654518e-07 2.98535855756663e-07 5.533786097658589e-08 8.743176521687607e-08 4.811844593573574e-08 0.0 0.0 3.589610296078129e-05 1.849390289106043e-06 5.076714944964745e-07 0.0 4.515582968273656e-07 0.0 0.0 9.665421645348196e-08 1.4823075426140611e-05 3.725396244340336e-05 6.715195273083423e-05 0.0008027497583108801 0.0001007112421601976 4.843372390897441e-05 1.7051391428034402e-07 6.53555554915318e-07 0.0 1.848259913878356e-05 2.5700238824043513e-05 7.757859052677757e-06 2.166339907415626e-06 6.872588166281106e-07 1.3811769913225608e-07 6.147623553118112e-07 2.5264692609840348e-06 8.099766343494038e-08 0.0 0.00030091623368358835 0.00013476921119158042 5.739739475097755e-05 2.6797382303026295e-06 4.7049089901635203e-07 5.361766664429189e-07 3.734393141004063e-05 2.4095747596349924e-07 1.6115895740757265e-06 4.655260973297692e-05 3.6247512671198265e-07 3.5061252768171767e-06 2.3220624192925237e-05 3.9088909763626636e-07 8.879049016275367e-07 3.8024036241146512e-06 1.246840158723292e-07 7.686100353015633e-07 9.615506618405733e-08 2.1763750803163263e-07 4.694462454571379e-07 1.9607716669435506e-07 2.5066501097638736e-06 0.0 0.0 0.0 0.0002472403991887252 0.0 0.0 0.0 1.392403010166118e-06 0.0 0.0 3.7870091809408897e-07 5.623065273169124e-07 1.4572378369905443e-06 3.2202800867380164e-07 0.0 1.510282030273143e-06 2.312267043172641e-06 1.3056976724171815e-07 0.0 0.0 0.0 0.0 0.0 0.0 0.0 0.0 4.0185345658904906e-07 0.0 0.0 0.0 0.0 0.0 0.0 0.0 0.0 0.0 0.0 0.0 0.0 0.0 0.0 0.0 0.0 0.0 0.0 1.8659051875732425e-07 3.3269311330289095e-07 0.0 0.0 0.0 0.0 0.0 0.0 0.0 0.0 0.0 0.0 0.0 0.0 0.0 0.0 6.695460125948684e-07 5.3531481833506555e-08 0.0 3.2156953269488305e-07 0.0 0.0 0.0 0.0 0.0 4.656005196058646e-07 0.0 0.0 0.0 6.551722862030266e-08 5.9187042940088926e-08 0.0 5.4725054652791953e-08 5.6302065862798475e-08 0.0 0.0 0.0 0.0 0.0 0.0 0.0 0.0 0.0 0.0 0.0 0.0 0.0 0.0 0.0 8.244953312670301e-08 3.345092207618762e-07 0.0 5.857910504105315e-07 0.0 0.0 8.855125078185426e-08 8.20625649243893e-08 8.911062118861494e-08 1.4526007894428213e-07
0.0002893175048306603 0.0008779009749254884 0.0 1.2451283979254647e-06 0.0007291429016525456 5.046271018182669e-08 0.0001369710649639891 0.0014474836989574157 0.00038308036665187574 1.1922519288772236e-06 0.0020875566835872467 9.552178229832943e-07 1.0447830272729e-05 0.0014584909389729703 4.757972481042464e-06 1.9451321811458967e-06 1.2049490917354052e-07 9.387888230630395e-07 9.395448466435625e-08 3.797920348348211e-06 1.8244064537133992e-05 0.0 1.586846902005246e-06 0.0 9.935249830461495e-07 1.0567716157519739e-06 5.837721882463167e-08 8.477295441717648e-07 1.7072026706605007e-06 0.0 0.0021782148840017645 0.0005919257199352381 2.0877283477429993e-05 6.6262124023704965e-06 2.2601348174435977e-06 4.103229706968727e-06 3.125562301650777e-06 9.004825671749998e-06 6.924566309915756e-07 1.752510184105201e-07 6.166445904939079e-06 1.9850397694215986e-06 1.0870535257335128e-05 1.0147306946857815e-06 7.144649442090983e-07 2.6230780359619037e-06 2.1437959957147988e-05 3.8922197266364796e-06 2.0281850094996627e-06 2.1431254265455858e-06 5.277069789476469e-06 1.5946121151333373e-06 0.0 9.772049495734339e-07 5.312871562970225e-06 1.3758160189821075e-05 3.532752640973779e-05 0.0006369137626770954 5.9563760670389394e-05 2.22765583054101e-05 1.1335994022034784e-05 1.3737193081808362e-05 1.2796673716246696e-06 6.409989185501254e-05 1.1308430045257662e-05 8.052634177343169e-06 4.7767053812314105e-06 9.630986285195434e-06 1.562592995188171e-05 3.512755254438542e-05 2.8170514814940076e-06 1.3936023548091948e-07 0.0 0.0001737792936643108 0.00015149717364423552 4.052495706716739e-05 3.087600632564565e-06 1.6078249291604105e-06 5.427286373614891e-05 0.0006702063814309091 2.3301139606518344e-06 0.00015480747892246692 1.83974360183875e-05 1.621868288460664e-07 4.934753381859858e-06 1.261342571184843e-05 6.520563101093942e-06 2.7315089761721894e-07 1.705560598428688e-06 1.963352424687435e-07 1.0650534652930724e-06 2.2851887762284973e-07 1.3560387949416221e-05 2.735928897638913e-06 4.363579417016455e-06 1.0673562212821819e-07 1.9720046368007064e-06 0.0 4.53887122996381e-07 4.441272541822484e-05 0.0 0.0 3.991053857756733e-07 0.0 0.0 0.0 0.0 0.0 0.0 3.4040733422966703e-07 0.0 0.0 0.0 2.23914521560954e-07 8.562069258805259e-08 0.0 2.626619538600857e-07 0.0 1.67754567464441e-07 0.0 0.0 0.0 0.0 0.0 0.0 6.438505978285669e-07 0.0 0.0 0.0 0.0 1.0767488559845197e-07 1.5154001717463744e-07 8.68542492511809e-07 0.0 0.0 0.0 0.0 0.0 0.0 4.2897399981511384e-07 0.0 3.348231567744467e-07 4.1600295848756757e-07 3.366885729861415e-07 1.0946105482465217e-06 0.0 3.7897452503948504e-07 0.0 0.0 0.0 0.0 0.0 0.0 0.0 7.348166276311743e-08 3.448036951737377e-07 4.042455051747112e-07 3.683986490048698e-06 6.994583109619535e-08 0.0 2.9252863620043485e-07 0.0 0.0 0.0 0.0 0.0 0.0 0.0 0.0 0.0 0.0 0.0 0.0 1.0382537392727266e-07 0.0 5.8581412606895413e-08 0.0 1.802713724658937e-07 1.6780358917752657e-07 4.806662791366432e-07 5.688194641436928e-07 0.0 0.0 0.0 0.0 0.0 2.670141572490237e-07 0.0 0.0 0.0 0.0 0.0 7.365874293765305e-08 4.7040516726270296e-07 1.6078113374463222e-07 5.042133148056768e-07 0.0 7.101921809755642e-07 1.0988526292715973e-06 3.5421601924271725e-07
0.0008568902756170033 0.0005145846767140499 1.2451283979254647e-06 0.0 1.827375440306595e-05 8.676499708454737e-05 0.0012549433693638437 1.3592950298443992e-07 8.529439831720487e-06 0.00114205120218068 8.560952946191799e-07 0.0019892406811253052 0.0016624936627678139 1.3879511155884108e-05 1.47013553581524e-07 1.6820237255139104e-07 0.0 0.0 0.0 0.0 0.0 0.0 0.0 0.0 0.0 0.0 0.0 0.0 0.0 0.0 5.1677459892421925e-06 3.9087428018540494e-07 6.025975423465944e-07 0.0 0.0 0.0 7.473173816871651e-07 1.4048955797139109e-07 0.0 1.0894262325032131e-07 4.5097412076661044e-08 0.0 0.0 5.073144133252831e-08 0.0 1.2146638702319948e-07 5.345394789273026e-06 5.713163597703982e-07 0.0 7.163758833535966e-08 0.0 0.0 0.0 0.0 4.299268169860805e-06 1.1649879507873633e-05 2.5322149758060413e-05 0.00024091345573355323 3.030895566172777e-05 8.969848535943644e-06 0.0 1.0365266916754637e-07 0.0 1.3072792180774643e-06 6.68965252305639e-06 1.030241086351991e-06 4.895271225096087e-07 3.9957037832983984e-07 0.0 0.0 1.5996061934263718e-06 0.0 0.0 7.137789871171653e-05 1.3977572141898158e-05 4.533335034672767e-06 2.6464947440048917e-07 0.0 0.0 7.267953441271486e-08 0.0 3.437068314342631e-07 1.183630878794054e-05 1.74304792289947e-07 5.407753476538693e-07 6.761603151375223e-06 1.0219672273733993e-07 1.2379506579348903e-07 8.970854993838299e-07 7.834907900368353e-08 1.0586784704002009e-07 0.0 1.422598166688103e-07 0.0 0.0 5.308241679776361e-06 0.0 0.0 0.0 0.0003834767710180629 0.0 0.0 0.0 3.42346417221409e-06 0.0 0.0 0.0 1.2091277292457448e-07 5.934934445290154e-06 4.6435239374236053e-07 0.0 8.991942204660173e-07 2.6482949634327963e-06 2.384965611415559e-07 1.4199536783898593e-07 0.0 0.0 0.0 0.0 0.0 0.0 0.0 0.0 0.0 0.0 0.0 0.0 0.0 0.0 0.0 0.0 0.0 0.0 0.0 0.0 0.0 0.0 0.0 0.0 0.0 0.0 0.0 0.0 6.380273318821955e-08 0.0 0.0 0.0 0.0 0.0 0.0 0.0 0.0 0.0 0.0 0.0 0.0 0.0 0.0 0.0 0.0 5.067393643487889e-08 0.0 0.0 0.0 0.0 0.0 0.0 0.0 0.0 1.7497496387049217e-07 0.0 0.0 0.0 1.6210244695443297e-07 0.0 0.0 0.0 0.0 0.0 0.0 0.0 0.0 0.0 0.0 0.0 0.0 0.0 0.0 0.0 0.0 0.0 0.0 0.0 1.7354402479779978e-07 0.0 0.0 0.0 0.0 1.9712912579989183e-06 8.288900630672888e-08
0.00022272709734375533 0.0014984520571246357 0.0007291429016525456 1.827375440306595e-05 0.0 1.9891983568263093e-06 0.0012485710969991385 8.889374196169167e-06 0.0050815161790261285 1.542271736802567e-05 0.0005697424702714598 3.1359350021180108e-06 9.888643953012828e-05 0.0010887232557419972 6.543584404297015e-06 2.0412526241450353e-06 6.982433575695924e-08 0.0 0.0 7.370550712288489e-08 8.619318923924131e-08 0.0 0.0 5.773144949104178e-08 0.0 1.2163274587988672e-07 0.0 0.0 0.0 0.0 8.572655555541901e-05 1.6619768514080354e-05 1.6023525264863477e-06 0.0 0.0 0.0 3.4696671406761367e-06 1.1586829047356255e-06 0.0 0.0 0.0 3.2614199244828833e-07 9.225034593222081e-08 7.695912453460422e-08 0.0 0.0 2.5633112358197033e-05 8.465271002765314e-07 7.035839237201267e-08 0.0 2.9364846698874466e-07 2.167934408648128e-07 0.0 0.0 4.609511243117208e-06 1.1489377268033958e-05 1.5863972839139677e-05 0.00012515484617242744 2.7524165878528862e-05 2.9157718231252564e-05 5.92053087453524e-08 2.009439227437859e-06 0.0 3.1902337439696466e-05 8.120064020798747e-06 2.5147644522897885e-06 3.8084171003589003e-07 3.8450147299993846e-07 0.0 7.597743350480962e-07 5.47227220679554e-06 0.0 8.743784735377412e-08 0.00012341193027611827 0.00010103976550318712 5.672751506645653e-05 4.390911686875457e-06 8.314171444014819e-07 5.165695017429226e-08 1.0482359095310696e-05 0.0 1.4623879795029397e-06 1.6431326298829582e-05 5.2728387633558326e-08 1.5719012414047211e-06 7.070341780141706e-06 6.975648191718984e-07 3.146900617838877e-07 1.6573997326912192e-06 5.575106227318649e-08 3.5840141382096283e-07 7.008249298853829e-08 0.0 1.2983650124868285e-07 0.0 3.5851496281731024e-06 0.0 0.0 0.0 2.07800313613186e-05 0.0 0.0 0.0 0.0 0.0 1.0593139606121198e-06 0.0 1.5459114131991964e-06 1.0097822944821045e-06 2.6545418222859404e-07 6.303315047648392e-07 4.740168472108147e-07 1.594771592796876e-06 2.040445767398664e-06 1.6438996967311781e-06 2.9374859339164683e-07 0.0 0.0 0.0 0.0 0.0 0.0 0.0 0.0 0.0 2.041570722232154e-07 0.0 0.0 0.0 0.0 0.0 0.0 0.0 0.0 0.0 0.0 0.0 0.0 0.0 4.5171891101265863e-07 8.477416618985949e-08 3.457362015760655e-06 9.000990702126798e-07 0.0 0.0 0.0 0.0 0.0 0.0 0.0 0.0 0.0 0.0 0.0 0.0 0.0 0.0 0.0 1.0277306339214213e-07 0.0 2.0884223381818587e-07 0.0 0.0 0.0 0.0 0.0 0.0 0.0 0.0 0.0 9.718445621731872e-08 0.0 0.0 0.0 0.0 0.0 6.658991896873839e-07 0.0 0.0 7.847483339031378e-08 6.955786989193904e-08 4.7034021097157065e-07 0.0 0.0 0.0 0.0 0.0 0.0 0.0 0.0 0.0 0.0 0.0 6.855774626358598e-08 0.0 0.0 0.0 0.0 0.0 0.0
5.671467105567825e-05 5.394067699177412e-05 5.046271018182669e-08 8.676499708454737e-05 1.9891983568263093e-06 0.0 7.395451406654033e-05 0.0 1.9882928942112605e-06 0.0004254684722013408 1.1162173473348379e-07 0.00027522230780345307 0.0001685802499605617 1.77902505433002e-05 7.289470164222656e-07 3.321481996080048e-06 1.893769908176969e-07 2.577355703713533e-07 0.0 0.0 3.9050539160049043e-07 1.8463387049215795e-06 8.063385234823994e-08 5.084493447251645e-08 3.5675478386539064e-07 0.0 0.0 5.758886837618195e-08 1.7207057282944218e-07 0.0 6.195033849027911e-08 3.1413509394433323e-07 9.53889675903094e-06 0.0 0.0 3.2209411312343005e-07 1.2340829875164697e-05 4.817289688694217e-06 1.9955841273418226e-05 1.3471558952887908e-06 2.1622882616654312e-07 1.490711816106368e-07 7.331814908973045e-07 2.147690745218615e-06 0.0 3.8248401500253276e-07 2.652698531398778e-06 6.508196018287726e-08 0.0 4.120178904144892e-07 1.4346046462693636e-07 2.699097846600394e-06 2.571928715362686e-06 0.0 2.999274665219512e-07 7.665494243877091e-07 1.8490426732603996e-05 4.1758043190894704e-05 2.173484568028989e-06 3.869365154665818e-07 0.0 7.532594820378795e-06 0.0 1.0091707837155324e-06 1.4913606032349242e-07 5.351695142226913e-08 9.308175232427312e-08 1.342428503958865e-07 5.532047180584982e-08 8.564524223373378e-07 0.00022806622311781935 0.00013722741763563562 2.5826794520573386e-05 5.132136512901956e-06 1.20095164604827e-06 1.6609707848957909e-06 1.0519311773571517e-07 7.576776347198925e-07 0.0 2.671327612458849e-06 2.7000026924681426e-07 2.4226310982778377e-06 5.025942949588039e-07 1.874089090661015e-06 6.697407883743333e-08 5.218514070794835e-07 7.019403503486587e-08 4.650507692933137e-06 1.8045225397599069e-06 1.050035234481443e-05 1.603431225272319e-06 4.523288744805007e-06 4.2073825116498127e-07 7.022314473165508e-07 8.422603803907568e-07 0.0005167567941666546 0.00019850765948210597 2.0747141527232218e-05 0.00010435996014594804 8.639179570600858e-05 0.0 0.0 8.426979878132271e-08 0.0 0.0 8.121737287255648e-08 2.7762535273359147e-07 2.0461886467346552e-07 3.6440483204162967e-07 3.889530735559771e-07 3.5839559545020573e-07 1.2931017608469148e-06 1.1309357927994696e-06 7.868635211346938e-07 4.884996486597835e-07 7.24746881971435e-07 7.196676847931382e-07 1.384964440372331e-07 1.314672354153466e-07 0.0 0.0 0.0 4.1872647577634833e-07 2.0355001057081566e-07 0.0 7.925537713677304e-07 2.401975424378272e-07 1.4221143303705115e-06 2.105408489770159e-07 1.3291668815589676e-06 2.589069402878295e-07 3.839070880258529e-06 3.2500314101808212e-06 1.4498322457222085e-06 0.0 9.579993222761271e-08 0.0 0.0 7.859366779465697e-08 5.271261364254438e-07 0.0 7.189814195990788e-07 4.852234319202607e-06 3.334743820183465e-06 0.0 1.6722095304556516e-07 1.1441912981522444e-07 0.0 0.0 7.933633239592188e-08 0.0 0.0 3.2489398295219943e-07 0.0 6.491777351793935e-08 4.0066693563512124e-07 8.490655208395477e-06 6.774684536164723e-07 0.0 0.0 0.0 0.0 0.0 6.459683218697727e-08 0.0 0.0 1.8116608273178334e-07 2.1716287637657846e-07 0.0 0.0 0.0 0.0 0.0 0.0 0.0 0.0 9.251516946512194e-07 5.5099970759497665e-06 4.940919408027531e-07 2.3517159498869912e-07 1.7262578504056845e-07 1.346046211739081e-07 0.0 0.0 0.0 6.039316404564051e-08 3.802438452882003e-07 0.0 7.401858046501777e-07 0.0 0.0 0.0 0.0 1.3489492296446327e-07 1.791584345074741e-07 1.265229546181653e-07 0.0 1.86784604090126e-07 4.994380250961132e-06 3.4724862499175423e-06
0.0009284502714787769 0.0017354794251629195 0.0001369710649639891 0.0012549433693638437 0.0012485710969991385 7.395451406654033e-05 0.0 4.452768690940964e-06 0.0022553656864484494 0.001472914201604182 0.000189044548099919 0.00017758644611463328 0.002055654553568588 0.002217783313162194 1.5907768592462954e-05 2.8552117664843846e-06 0.0 1.4401135572804702e-07 1.0940069194328688e-07 8.534653095797771e-08 6.910568628704862e-07 0.0 0.0 1.5175120075963742e-07 0.0 2.2414168627096687e-07 0.0 0.0 0.0 0.0 6.147146675184051e-05 1.6725820275941094e-05 7.66569511730911e-06 0.0 0.0 0.0 1.2174110667381916e-05 7.751607915382652e-07 2.9704840478826375e-07 0.0 6.094962449123987e-07 2.221340380466576e-07 5.3221529465447745e-08 3.650088836568911e-07 0.0 6.183507656558081e-08 5.505297243138986e-05 1.829525483070008e-06 4.082447545567816e-07 1.1674424386369685e-07 6.086873750097453e-07 2.9662736808571027e-07 0.0 0.0 9.852086495731401e-06 2.7469104747023312e-05 2.614511832944621e-05 0.00018744667309289093 5.0887086342155155e-05 5.6311412408246554e-05 0.0 4.229277428700193e-07 0.0 4.1280289045111127e-05 1.844092662143805e-05 5.365677653005788e-06 2.2079192493718296e-06 5.854889528429947e-07 1.1854059213559096e-07 3.090802563449392e-07 1.8521954800288154e-05 0.0 0.0 0.00022987563320150373 0.00016621328364975542 0.00010461007457380906 8.341586970880441e-06 7.991940296623316e-07 7.476088199994747e-08 6.626879009229223e-06 0.0 3.31436337461528e-07 4.158077401240337e-05 4.92063687788136e-08 3.483058280009088e-06 1.697613238100915e-05 7.225741316585222e-07 5.943475309302789e-07 2.9372913947507475e-06 0.0 3.6457264936992e-07 4.92857468715959e-08 1.3341545867965662e-07 1.2472231238865246e-07 0.0 9.046446077439662e-05 1.3260842815794548e-06 0.0 6.093889851869484e-07 5.299619867486621e-05 0.0 1.1901440533982525e-06 3.4039343375403694e-06 7.93335976065095e-06 9.962101689083826e-07 9.088478180183131e-06 7.547685478657499e-06 1.1272021469998734e-05 3.335792796792152e-05 2.934335960694611e-05 5.766610414485144e-06 5.843626726622245e-05 8.305416000428118e-05 8.920559715808616e-05 6.414947108050516e-06 6.796811257106067e-08 1.5371959282433986e-06 0.0 0.0 0.0 0.0 7.431403888362928e-08 0.0 0.0 0.0 0.0 0.0 0.0 0.0 5.444136641033074e-08 0.0 8.930580347825011e-07 7.641473294152064e-07 0.0 6.300319905539187e-07 6.303768415097786e-07 0.0 0.0 0.0 6.718602555994184e-06 0.0 1.1131962071935243e-05 3.0538095406057376e-06 1.7368174408205502e-06 0.0 0.0 0.0 0.0 0.0 1.045503568876981e-06 0.0 0.0 6.111614936543937e-07 0.0 0.0 0.0 8.119681579288885e-07 1.7405763953692659e-07 1.6852662647477084e-07 0.0 2.1167839864373806e-07 0.0 0.0 0.0 0.0 0.0 1.7062782013676454e-06 9.946968727370805e-07 0.0 8.894868429370313e-08 7.258135134564561e-08 6.97627929100044e-08 0.0 0.0 0.0 0.0 9.838220391156804e-06 0.0 2.637134187919995e-07 0.0 0.0 2.473389657097008e-06 0.0 8.562265687002021e-07 1.7236177840692157e-07 0.0 0.0 0.0 1.0910299771873914e-06 0.0 0.0 1.1573717697957363e-07 0.0 5.595225843083622e-07 6.85374052394191e-08 0.0 0.0 6.50013954527736e-06 6.9753928738523346e-06 9.4498973850912e-06
4.676752187735679e-05 0.00015560634613812272 0.0014474836989574157 1.3592950298443992e-07 8.889374196169167e-06 0.0 4.452768690940964e-06 0.0 0.00015377471751572755 0.0 0.001852204431239244 0.0 1.4506039129622404e-06 0.0006451703780761032 9.590038589447533e-06 3.6963133911864667e-06 9.656078428008156e-07 2.0651403215429838e-07 0.0 5.93246823187191e-06 2.4163065292648613e-05 2.0460661040886827e-06 4.6800344311436315e-06 6.901781647609199e-08 2.78002356782038e-06 2.498356774758901e-06 0.0 2.0826670851107236e-06 1.1993225642989008e-06 0.0 0.0007151648644715458 0.0022859743455849405 9.62324685908654e-06 6.051971450175781e-06 7.373058220623456e-06 8.184598968794354e-06 3.889620734118642e-06 1.4402102698513033e-05 7.106541751293338e-07 1.624809218870069e-06 7.470058265519084e-06 3.2129373222371157e-06 1.653005974498334e-05 1.985882347085505e-06 2.5261169586346917e-06 8.101528378894123e-06 2.8172111833587662e-05 4.85514339209266e-06 4.242755897899295e-06 5.2819354679636315e-06 6.1902555081647215e-06 1.809391647206906e-06 1.3334840001722402e-07 1.3503359723730541e-06 3.943255779072712e-06 7.3784988588720954e-06 1.663770405698292e-05 0.00024286459841193754 2.7894775580181337e-05 2.0271906452825763e-05 5.6952684090815306e-05 2.452915631180914e-05 3.355710858375726e-06 0.0003081136921093846 7.0508616188385914e-06 7.686105027106809e-06 3.858746523303423e-06 8.283924500114184e-06 2.1700876181567992e-05 4.346424016780658e-05 1.4282629518517923e-06 7.879423867139597e-08 0.0 0.00010980411132127129 0.0001830948884559752 6.9263852644975e-05 0.00012371299863593067 0.00016670487255848979 0.0004426243153974615 0.0014817274910140267 3.532244400857666e-05 0.0009005925071290608 1.1863828351154213e-05 1.3592096161616851e-07 5.286288288099874e-06 8.042520095698261e-06 1.0153833075870558e-05 1.523377041686954e-07 1.5619089498965007e-06 0.0 2.5742375146995554e-06 7.13692830893975e-07 1.813173949713796e-05 4.476121253385813e-06 3.3737313494913457e-06 6.174322931637466e-07 5.295203804763385e-07 8.250314747377284e-08 3.220430511016657e-07 1.3917359413287524e-05 0.0 0.0 0.0 0.0 0.0 0.0 0.0 0.0 0.0 0.0 0.0 2.1270548460217963e-07 6.528722144222926e-07 3.48126062454323e-07 4.4434183751886005e-07 0.0 0.0 0.0 0.0 0.0 0.0 0.0 9.927250191296687e-07 0.0 0.0 2.686299180324898e-06 0.0 0.0 0.0 0.0 9.510911784340407e-07 8.111627286228097e-07 6.616329973338913e-07 3.719070936006382e-07 0.0 0.0 0.0 0.0 0.0 1.118822425868487e-07 0.0 4.0247687562110394e-07 3.648671132350234e-07 2.42468126715564e-07 4.607521178009327e-07 0.0 6.040197305896676e-08 0.0 0.0 0.0 1.37551560020848e-07 0.0 0.0 0.0 9.780193275337369e-08 0.0 3.3584463770239223e-07 3.889531270849881e-06 0.0 0.0 6.305977378950294e-08 0.0 0.0 0.0 0.0 0.0 0.0 0.0 0.0 7.285467513033149e-08 0.0 1.1044716859200493e-07 3.55819445855961e-07 0.0 1.3233411835336198e-07 3.81585402549322e-07 9.644214226986474e-07 0.0 5.849256841278267e-07 1.840990225786816e-07 6.89357553386079e-07 0.0 0.0 0.0 0.0 0.0 0.0 0.0 0.0 6.591819970157182e-08 1.189952124741545e-07 1.695090661349362e-07 0.0 3.452216054717377e-07 1.4472685241679007e-07 2.0511393432553246e-07 1.540967877153472e-07 0.0 3.639425353325806e-07 3.7466552887178927e-07
2.4214067323131576e-05 0.0008997887801774138 0.00038308036665187574 8.529439831720487e-06 0.0050815161790261285 1.9882928942112605e-06 0.0022553656864484494 0.00015377471751572755 0.0 1.889401682546531e-05 0.001839110752752111 8.032795003169775e-06 0.0004465879639105014 0.0019850097154148726 7.339529610885136e-06 2.4469780978633516e-06 0.0 0.0 0.0 0.0 1.2301941878785902e-07 0.0 0.0 0.0 0.0 0.0 0.0 0.0 0.0 0.0 2.2012184191224066e-05 8.48108545085055e-06 2.7029076575884407e-06 0.0 0.0 0.0 6.536383061115738e-06 0.0 1.919251889588245e-07 9.60128070190461e-08 0.0 1.1964268465091928e-07 0.0 8.658889275551837e-08 0.0 0.0 1.5499330706786173e-05 5.729030255969475e-07 5.719448524217536e-07 8.527979036647984e-08 1.9408282314451046e-07 0.0 0.0 0.0 1.5789804996518604e-06 3.732410334507647e-06 4.51103748248708e-06 3.6412682439090606e-05 8.053753337079386e-06 1.3899782181171838e-05 0.0 8.451777386407677e-07 0.0 1.550961993690653e-05 2.556094876587175e-06 8.052112606951763e-07 1.1385015909671459e-07 2.132524502424861e-07 0.0 1.8495886916699467e-07 8.37789165719005e-06 0.0 0.0 4.32490674186005e-05 4.153948039899831e-05 3.6036506565900946e-05 3.066004605219977e-06 1.5830025221370742e-06 0.0 7.336006052101597e-06 0.0 7.548352364798025e-07 6.401629652564831e-06 0.0 7.819544492384207e-07 3.2836738039776666e-06 1.0667453699309625e-07 5.3122702498681366e-08 5.243280741705232e-07 0.0 1.6985560441831564e-07 0.0 1.9640177359889413e-07 0.0 0.0 2.2048308131785566e-05 9.59727145656158e-08 0.0 5.82680165391312e-07 2.836211228998438e-06 0.0 0.0 3.3224279467977384e-07 0.0 2.973616619909126e-07 1.697882005325515e-06 1.1658264055537513e-06 1.8127110199660081e-06 3.4542665571817697e-06 4.56700444122558e-06 1.8819503224222543e-06 7.515579278260345e-06 1.0926212984863295e-05 8.593667115907198e-06 1.98132687697471e-06 0.0 0.0 0.0 0.0 2.503245408658162e-07 0.0 0.0 0.0 0.0 0.0 0.0 0.0 0.0 0.0 8.266472440548051e-07 0.0 7.549274770508719e-08 0.0 0.0 0.0 0.0 0.0 0.0 0.0 2.5932381103692094e-06 0.0 6.4248252896714435e-06 1.6243124541326544e-06 8.211094467723463e-07 0.0 0.0 0.0 0.0 0.0 6.513610516536012e-07 0.0 0.0 0.0 0.0 0.0 0.0 1.625743369931864e-06 0.0 6.400931638140754e-08 0.0 0.0 0.0 0.0 0.0 3.8632926762631785e-07 0.0 5.99530167103896e-07 0.0 0.0 0.0 0.0 0.0 0.0 0.0 0.0 0.0 3.5654081677182046e-06 0.0 0.0 0.0 0.0 6.69554212618722e-07 0.0 0.0 0.0 6.610788634608122e-08 0.0 0.0 0.0 0.0 0.0 0.0 0.0 1.389350987664391e-07 0.0 0.0 0.0 2.755952704232084e-06 1.3089619413262997e-06 3.0752562414043007e-06
0.0004840719847297619 0.00041497147080752305 1.1922519288772236e-06 0.00114205120218068 1.542271736802567e-05 0.0004254684722013408 0.001472914201604182 0.0 1.889401682546531e-05 0.0 1.962877723211932e-06 0.0019642763203354804 0.0037980115317251925 0.00012036666720843459 2.874730848808946e-07 2.097549034551458e-07 1.462529877928964e-07 0.0 0.0 0.0 0.0 0.0 0.0 0.0 0.0 0.0 0.0 0.0 0.0 0.0 2.090596543087461e-06 1.7165031578857013e-07 8.942890173984067e-06 0.0 0.0 0.0 1.410433515085702e-05 7.133910126082343e-07 1.7470331732814988e-06 0.0 0.0 0.0 6.808195869220806e-08 6.409766640189734e-08 0.0 0.0 1.8109580806188758e-06 3.7275669985641876e-07 7.079244283049291e-08 0.0 0.0 0.0 8.292723688151694e-08 6.505511422020398e-08 1.3950972261397662e-06 3.4766651705885928e-06 1.631789246743402e-05 5.881496463898934e-05 9.71215901564863e-06 2.2709523168395572e-06 0.0 0.0 0.0 6.274062490462542e-07 1.541051630661063e-06 4.6148384774408806e-07 3.540439312302912e-07 1.9803231769877984e-07 0.0 8.390041757435076e-08 0.0001211209426711006 7.887440418368744e-07 1.665313752590881e-07 2.393854842619449e-05 4.541933155332566e-06 2.024503834931228e-06 8.332737011739703e-08 1.1521154536537648e-07 0.0 8.189678402586394e-07 0.0 0.0 3.799404634122918e-06 5.7294994105981916e-08 3.8394067903179927e-07 1.9306228556841034e-06 0.0 6.12472349312487e-08 1.5203882997855812e-07 5.6308520375424984e-08 6.005166447133666e-08 9.67732603191724e-08 0.0 0.0 9.779544720943642e-08 0.0002754340876279358 1.3809361619748795e-05 8.450159491445815e-08 4.747362872033656e-06 0.00022232646103602385 1.7766122031294442e-07 2.8518497334308914e-06 3.7192794082306093e-06 3.820391912487587e-06 7.139099337014919e-07 9.490629583901911e-06 1.8286731095970954e-05 1.0375388608828495e-05 4.219862673715911e-05 3.918263724649536e-05 1.4817475919217905e-06 2.85036608302227e-05 6.263502936897359e-05 3.35889469451539e-05 2.82671138499653e-06 0.0 1.8951769453825907e-07 0.0 9.55911302957093e-08 0.0 0.0 7.47396643412532e-08 0.0 0.0 0.0 0.0 0.0 0.0 0.0 0.0 0.0 0.0 0.0 0.0 1.1194532924151112e-07 2.6600695848183e-07 0.0 0.0 7.440389780160204e-08 1.3146492203113358e-06 0.0 3.6196895871164224e-06 2.519459578814409e-07 3.206870448864972e-07 0.0 0.0 0.0 0.0 0.0 0.0 0.0 0.0 0.0 0.0 0.0 0.0 1.7931051120340952e-07 0.0 4.218146575128739e-07 0.0 0.0 5.911744746800625e-08 1.4371496792167995e-07 3.2733689573502023e-07 0.0 0.0 1.567929128903862e-06 0.0 7.640053766843884e-08 0.0 0.0 0.0 0.0 0.0 0.0 6.458619232631943e-08 2.7369870459393694e-06 0.0 0.0 0.0 0.0 8.934863134171904e-08 0.0 1.7745694119457622e-07 0.0 4.864536845245817e-07 0.0 0.0 2.0059747057229362e-07 0.0 0.0 6.265389976114241e-08 0.0 0.0 0.0 0.0 0.0 6.049313979152919e-06 9.958324596734006e-06 1.9102309711990097e-06
9.415776632390994e-05 0.0003934546743121483 0.0020875566835872467 8.560952946191799e-07 0.0005697424702714598 1.1162173473348379e-07 0.000189044548099919 0.001852204431239244 0.001839110752752111 1.962877723211932e-06 0.0 2.0816687294912984e-05 0.0002827380876836214 0.0038074722627808714 2.0375228910058274e-05 1.0865781923829454e-05 7.550916908682068e-07 2.1665832510752572e-06 1.290365916369957e-07 5.894204670800593e-06 3.0564235076704455e-05 1.6678069477337847e-06 1.0527987197105198e-06 6.966968578958362e-07 2.792082567895008e-06 9.618571976613239e-06 4.658897934842526e-07 1.2429664752126392e-05 4.498208312433162e-06 0.0 0.0003223349832074648 9.14812207655248e-05 0.0003353309224916392 7.413053677934328e-07 3.1397558912839786e-07 6.127971982612496e-06 0.00013087682185167852 4.642304449968859e-05 9.991458154613572e-06 1.7450266266687199e-06 1.8399258766546976e-05 1.0189278470276533e-05 3.064617804307848e-06 8.777194937391911e-06 6.024169013291553e-07 7.100020055879111e-07 4.278875401371248e-05 1.1378696926294407e-06 1.439594058229051e-06 6.942583088910831e-07 7.340461015675932e-06 1.2033761595911912e-05 1.7421229958947822e-06 2.629216378321514e-06 1.7378824082515343e-06 5.4231705958427565e-06 1.013365673486962e-05 0.00013014314013217376 1.5909398473268575e-05 1.9000645090895236e-05 6.925545115033656e-07 9.86442952927182e-06 1.76805431068506e-07 5.995141244205207e-05 4.165888051965128e-06 2.642991743464695e-06 2.8024870405454895e-06 4.075073710967072e-06 7.5112653519931594e-06 3.1653610243306994e-05 5.5644322116608e-05 2.4069989436273377e-06 2.090288677575047e-07 6.900914569949708e-05 9.096014234063713e-05 8.32747442416984e-05 1.346186223461415e-05 8.32522280700499e-06 7.766302251070434e-05 0.00035009070277537756 3.361345097092941e-06 1.4846652143258333e-05 7.503271981153115e-06 0.0 2.0171221610456178e-06 5.090696330858607e-06 1.9640123210252232e-06 1.4344452229106187e-07 8.127500228334005e-07 9.913243433427411e-07 1.3154862472495399e-06 1.5316190198727105e-06 1.917762167127902e-05 6.465146839510859e-06 9.710219477272399e-06 1.1104449548950183e-05 1.415958397136645e-06 1.6139234195592482e-07 6.304232977092517e-06 2.2164858100249673e-05 0.0 0.0 0.0 0.0 1.5990432854501906e-07 2.306928614303632e-07 8.280074550125741e-08 2.4716892033330186e-07 7.506535346275306e-07 3.5568308651889746e-07 8.943027704753108e-07 1.7029378048955408e-06 2.137936665567019e-06 2.055325024873194e-06 1.0053589285398927e-06 8.64391356500581e-08 1.0977094047539295e-06 0.0 1.2587890752231955e-07 0.0 4.4969078212328435e-07 0.0 7.062008251831539e-07 8.137858828949439e-08 1.034627808195174e-06 2.6348371727233656e-06 1.9824231821505925e-07 1.5544418274179516e-07 3.5749438412472346e-07 8.600316939603325e-07 6.700795416776401e-07 1.6800869489243367e-06 9.404966273687517e-07 3.737682197336281e-07 0.0 0.0 0.0 8.286496479876054e-08 0.0 1.5507093891242327e-06 0.0 1.5861605204437715e-06 3.0568783975935213e-06 1.6880507857144203e-06 2.0801372342320506e-06 1.1919170040618756e-06 8.790961559463303e-07 0.0 0.0 4.642231328176206e-07 0.0 0.0 3.545447339170108e-07 0.0 0.0 4.2383834892481736e-07 1.5996169418966172e-06 3.8230042368322854e-06 1.3273048904281918e-07 0.0 7.395350160020816e-08 0.0 0.0 0.0 0.0 0.0 9.538179617682732e-07 1.0695651075564105e-07 0.0 0.0 0.0 0.0 2.2715451622727407e-07 0.0 1.3892584755693534e-07 2.409561338593113e-07 2.900224017007731e-06 1.3633990525681502e-06 1.0530676137756027e-06 2.440460455914086e-07 8.624684237544955e-07 3.2163175435175956e-07 0.0 1.1248553005608403e-07 9.102076903469041e-08 0.0 9.038814146118392e-08 1.742324311522978e-07 2.0704351165102286e-07 0.0 0.0 0.0 0.0 2.409035551822362e-07 5.446365697659261e-07 6.207944193111722e-07 0.0 1.7930182243641226e-06 2.0965345317895073e-06 2.8978452149128257e-06
0.0003471663232646394 1.8432699169784615e-05 9.552178229832943e-07 0.0019892406811253052 3.1359350021180108e-06 0.00027522230780345307 0.00017758644611463328 0.0 8.032795003169775e-06 0.0019642763203354804 2.0816687294912984e-05 0.0 0.0009841384572917627 0.00021249453671550006 3.3745751761655073e-06 9.412604180863443e-06 2.2077366417450744e-07 1.2825234197625553e-06 8.039863190996821e-07 1.4026552742375944e-07 2.044300469056559e-06 1.962027573908214e-06 0.0 0.0 1.4001360748563195e-06 9.983607551076252e-07 1.0723598960080518e-06 2.7673709077406625e-06 1.8892811515052755e-06 0.0 3.094292379561453e-06 1.866977621913365e-06 8.955628490566505e-05 0.0 9.79177959097169e-08 2.8005304853742553e-07 0.00023387692933512884 4.337498391667683e-05 3.1880500473618826e-05 3.0482374886351747e-06 4.817581739874913e-07 3.2071037189853656e-06 1.790373348174495e-07 6.463537524706412e-06 1.6318404328904093e-07 3.943951974286196e-07 1.2452701986028599e-05 1.9977680877157274e-07 7.214529781605934e-07 0.0 3.113463643561068e-07 4.949171898069788e-06 6.506289920027697e-06 1.5261595805286947e-06 2.572814892018132e-07 2.0096200546431626e-06 6.3250098166236446e-06 3.711441372374122e-05 5.698970430872388e-06 2.0597067312807854e-06 2.010982461066164e-07 4.946804666774862e-06 0.0 4.876647458147974e-06 1.9296941971643027e-06 3.7439632837251327e-07 5.817406847019033e-08 0.0 0.0 7.840988640857467e-07 0.0002289573459236989 3.6551076778478878e-06 2.3093244642248558e-07 1.4488492238370758e-05 6.914086345844161e-06 6.5257534020013015e-06 1.2415612091190754e-06 3.323597920305233e-06 4.3395761279861323e-07 1.3541704315311933e-05 2.0371018760251916e-06 1.9285426640131947e-06 1.84120940769215e-06 9.680468727908846e-08 1.300244850500173e-07 1.032783815224607e-06 9.948988865697673e-08 0.0 1.954029532855906e-07 1.0763311978159186e-06 0.0 6.172135069076238e-07 1.0330584772345666e-07 3.5495483596145476e-07 4.574073226405357e-06 0.0004547734410847833 5.877098978845628e-06 6.704390394121527e-07 1.3958204263513919e-05 8.020864449060092e-05 3.112850387283269e-07 1.5603253755642806e-06 6.808758637556092e-06 1.1795922285688905e-06 4.208571728448858e-06 1.1322529850512087e-05 2.1838142784941555e-05 1.9881141348549244e-05 3.401778223501017e-05 4.5561823363952206e-05 9.694645033101983e-06 5.4795358131380745e-05 6.331468825299225e-05 4.267961774732554e-05 1.0775601098676174e-05 5.330324499170885e-07 7.069651884284294e-07 0.0 0.0 6.588607453716491e-08 0.0 6.022590295359456e-07 4.065801768668806e-07 0.0 0.0 1.3055744238088901e-06 6.209169386836613e-08 1.265170881488766e-06 0.0 4.640518089512206e-07 3.301644105827135e-07 1.8595936168005373e-06 7.674983075642613e-07 7.674114470466852e-07 8.571238002600867e-07 1.5623410027143548e-07 0.0 4.014598011392785e-07 1.160543278359331e-06 1.2449484143839208e-05 0.0 1.4827649549948053e-05 5.259268953493672e-06 2.7649410397450793e-06 0.0 6.148218927603116e-07 0.0 8.706505270262473e-08 1.5247304335141959e-07 5.064546055261084e-07 0.0 2.205435127008393e-07 6.39673061929757e-07 0.0 0.0 1.5445593634761422e-07 2.2425330822291953e-06 5.357366696095247e-07 0.0 0.0 0.0 5.881211294687169e-07 4.7614658036926345e-07 2.0413445039771178e-07 0.0 0.0 5.472664679176592e-06 3.015873507261081e-07 0.0 0.0 0.0 0.0 1.3922822828518222e-07 0.0 0.0 0.0 2.0298315157178835e-05 4.884433501043376e-07 8.679402523493095e-08 2.6685092479689e-07 1.8039358928310365e-07 2.005022781477935e-06 0.0 3.198357551821109e-07 5.256691194150185e-07 2.828678133953331e-07 5.853886867991948e-07 1.1821286270541226e-07 5.839166312398188e-07 0.0 0.0 0.0 0.0 3.4359004897534026e-07 0.0 7.024068285268252e-08 0.0 1.572196508980772e-05 1.4607231085671526e-05 1.4136470978398071e-05
0.0004050348095644411 9.639158304842773e-05 1.0447830272729e-05 0.0016624936627678139 9.888643953012828e-05 0.0001685802499605617 0.002055654553568588 1.4506039129622404e-06 0.0004465879639105014 0.0037980115317251925 0.0002827380876836214 0.0009841384572917627 0.0 0.0044595278847942245 1.480117405069869e-05 1.9879193354140855e-05 6.47370231151301e-07 8.505669308551761e-07 4.969966188834271e-07 2.797456283243202e-06 8.655179342716207e-06 4.7998605806612635e-06 0.0 2.4951344446662e-07 1.4165459905204917e-06 4.133164646555884e-06 0.0 1.4494371884329765e-05 4.103990047780352e-06 1.950046664126974e-07 8.802531952156316e-06 3.538564028134413e-06 0.0006388615153903679 8.191282333458439e-08 0.0 1.4817505942011012e-06 0.0004385996031221148 0.00012713142722159474 0.0001320232530131109 8.4353660122719e-06 6.990213691610983e-06 5.939358788718652e-06 4.953388331716566e-07 1.6460472457408857e-05 1.5126889195831499e-06 3.3954121543767784e-06 2.852455564691822e-05 8.233999259991588e-07 5.290625833073417e-07 1.9676920759111932e-07 5.846507544728124e-07 1.4126940568555119e-05 8.8891746260522e-06 2.3589984632192454e-06 1.6690238211884955e-06 3.180382591396121e-06 7.634939965875238e-06 5.026118886646667e-05 1.0103300351293954e-05 7.695452937932591e-06 7.021827281587447e-07 1.681136365789744e-05 7.647958217463106e-07 1.5806375328543463e-05 1.8056400936257932e-06 1.0359485124155022e-06 4.614451904887779e-07 7.544434584243299e-07 9.372709109842696e-07 7.841473567149845e-06 0.00042809554075137085 1.007678629176213e-05 3.865287291336992e-07 2.746926120689188e-05 2.7733798623350502e-05 4.0827202983763845e-05 5.1665219281601395e-06 1.2238945618331582e-05 9.99546554583579e-07 6.823910978322649e-05 4.1133479274147005e-06 6.575912187647176e-06 5.5801179973376994e-06 0.0 4.830606007658145e-07 2.44983333918716e-06 1.9626650423661904e-07 8.250760822468665e-08 8.014585977447055e-07 1.4363858667772894e-06 9.838850171607556e-07 3.190747727981371e-06 3.9394151966611876e-06 1.4111679152731435e-06 1.1891085331295617e-05 0.00105566168230712 9.525249231251122e-06 3.179986007366403e-07 4.04545692183237e-05 7.180603244957928e-05 9.912938899901986e-07 4.5542778218957124e-06 1.3241126250208663e-05 3.5334137343443777e-06 6.107648223491141e-06 2.4992095237106735e-05 4.711196920507948e-05 5.32328495324362e-05 0.00013181108869129394 9.35894283803723e-05 2.2852116579412283e-05 0.00012762130385751466 0.00017266051205625267 9.725369890994566e-05 2.270144955058604e-05 1.4014663871462248e-06 1.7904501157582641e-06 0.0 1.5664554442006743e-07 0.0 0.0 4.3397753490008556e-07 1.350156479514111e-06 2.6542455508469886e-07 1.086180512560068e-07 1.913242528871578e-06 8.821938642952419e-08 1.1173767158918994e-06 3.5300004181710313e-07 2.8927905479856403e-06 8.055327644686448e-07 8.017172146275746e-06 2.1613365236082937e-06 2.4605305418282594e-06 4.460735336064667e-06 1.29544011750723e-06 2.2405095459738049e-07 1.956649591754798e-06 1.0929437013920257e-06 2.5717529121265856e-05 1.2935579055986167e-06 4.357337518906218e-05 1.8205265488128422e-05 1.332565860490986e-05 1.146178155398382e-06 5.713384463057922e-07 5.957826243196921e-08 0.0 1.2004391251628454e-06 1.0197236713672864e-06 0.0 0.0 7.067582095860297e-07 2.232209872823621e-07 9.114414952605177e-08 1.4539408688377706e-06 9.279536327168473e-06 2.078159725168263e-06 0.0 0.0 0.0 4.184216319378143e-07 4.21239938244056e-07 3.9807605780503337e-07 4.328832777907101e-07 0.0 1.8436431794266203e-05 5.318602111239125e-07 1.7705095855662828e-07 0.0 0.0 0.0 5.421971751579565e-08 0.0 7.144763016688164e-08 1.3782539194324667e-07 4.561277755966972e-05 3.5903329276409857e-06 2.035470276860742e-07 4.561749063780758e-07 5.911971740838427e-07 7.208206345235799e-06 3.106011086403981e-07 2.587967713770006e-06 1.7971034964183798e-07 6.940333629197861e-07 2.5447993941546054e-06 1.1561992517207635e-07 2.2815928213970852e-06 0.0 0.0 0.0 0.0 0.0 0.0 1.982323416486677e-07 2.3189541781409758e-07 4.4107311069043465e-05 6.752819484811438e-05 4.16737311546206e-05
