0.0 0.0008395837468003117 0.0005845861964569421 0.0004565083833340637 4.310327329887058e-06 8.848821077686639e-05 0.0002723450495016979 8.103834339980057e-05 7.297851760903301e-06 0.00039121756622884237 4.1919709872964755e-05 8.359503219042632e-05 9.238908407402507e-05 4.3276495306828555e-05 2.2630315074273262e-06 4.5555754271985875e-07 2.3291261686509293e-07 1.827238974096737e-07 7.669919443066344e-08 6.648176460701284e-08 0.0 4.167396527572815e-07 0.0 0.0 3.53168481364973e-07 0.0 3.7072277670506137e-07 8.665533616994299e-08 0.0 0.0 0.0006184804687040169 2.935860115679985e-06 1.8614333739315374e-05 2.031839623747268e-07 0.0 0.0 8.789043147375697e-06 1.645719191042821e-06 3.0715918082227962e-06 2.3315575464704684e-07 0.0 7.216262374090213e-08 0.0 0.0 0.0 0.0 5.5796494283728645e-05 2.711618164195414e-06 9.190186402960191e-07 2.463934885849359e-07 1.579670106558166e-06 4.316288658089303e-06 5.958344482173814e-07 9.789514542182707e-08 1.4798450939003092e-05 1.2311700674668874e-05 0.00012055551618069893 0.00033675631479946814 6.533634126394985e-05 1.3845711752661919e-05 6.437587345002814e-07 7.38703596190892e-06 1.1212860020918637e-07 1.3291832300510072e-05 5.694237828991857e-06 2.6405907279803925e-06 2.9383801372678025e-06 2.731693954997963e-06 2.1028553359594513e-07 4.865099821237132e-07 6.495818407802473e-05 4.965651477284136e-05 6.95947496692328e-07 0.0002358906962951266 3.694864785958572e-05 5.227527055817871e-05 1.0290923144904084e-05 1.3543889858426155e-06 4.2959855968475445e-07 1.8752247302283682e-05 8.029175923398304e-07 6.726260736557461e-06 2.0496337112769396e-05 2.53875680202499e-07 1.8042693541151912e-06 3.7206776719427377e-06 2.787253349969302e-06 1.4453257114062408e-06 2.1555975638468414e-06 4.355747204254491e-06 1.5220170571967619e-06 3.0041004343321808e-06 9.352742768600925e-07 6.10105631103547e-07 6.56677441572345e-07 8.139600733281414e-05 5.230422613965198e-05 6.652694649185275e-06 4.768973428454605e-06 0.0007066926575767438 0.0 0.0 4.517923392691954e-06 1.6125436951780053e-06 2.302502344470215e-06 1.1713825105900961e-05 1.829397262527948e-06 4.808188553400408e-06 1.0759661337263173e-05 9.259307804904426e-06 5.140823827482836e-06 2.0940335953360155e-05 1.2674690159959306e-05 1.39081906231884e-05 1.1595586274923362e-05 0.0 0.0 0.0 0.0 6.988682318136646e-07 0.0 0.0 0.0 0.0 0.0 0.0 0.0 2.4192107266939125e-07 0.0 6.288266579789123e-07 0.0 9.919491733393579e-08 2.82907217753945e-07 1.7618810337513138e-07 5.648793393482651e-07 1.1798910714042435e-07 0.0 0.0 0.0 3.513710443422864e-06 3.762342227095748e-07 4.779991811231771e-06 2.211571813302815e-06 4.97793548961578e-07 0.0 0.0 0.0 0.0 0.0 0.0 0.0 0.0 0.0 0.0 0.0 9.993595676788754e-08 1.1562757861076663e-07 0.0 0.0 0.0 5.255652483582777e-08 0.0 0.0 0.0 0.0 1.4750454659612644e-06 8.286171796219228e-06 0.0 0.0 0.0 6.233938838985045e-08 0.0 0.0 1.5115671313783492e-07 0.0 0.0 7.064712028201234e-06 3.0305173440346577e-07 0.0 0.0 0.0 1.9380539706471686e-06 0.0 1.9804732887592113e-06 0.0 0.0 0.0 0.0 0.0 0.0 2.454227566100882e-07 0.0 7.773825028667147e-08 1.2694480235524313e-07 0.0 0.0 0.0 5.793084649086335e-06 4.579658332722687e-07 1.1762821914270397e-06
0.0008395837468003117 0.0 0.0022105354483811664 0.00022578901356276804 0.001185207072720904 3.820110152102025e-05 0.0012890910255214843 0.0015373061460542568 0.002044977871863104 0.00015956431259588928 0.0017574894730835614 2.5411968911651447e-05 0.0006973011248908785 0.0013874663805390705 2.0441760178929156e-05 3.291512689073305e-06 6.817775061225351e-07 5.246974196312057e-07 6.202013477408011e-08 6.875709723711652e-07 6.418054640932215e-08 0.0 0.0 1.0178092830916182e-07 8.403397693965167e-07 8.785888365083842e-08 2.1326155447660298e-07 0.0 1.6540432433653437e-07 7.720156924066757e-08 0.001724806161587323 3.698713553978746e-05 3.517394334858584e-05 1.6000694386118093e-07 4.4546278976987097e-07 7.051132757312069e-07 2.085227053142985e-06 2.0161614213784077e-06 2.1614216361846416e-06 6.930979043662421e-07 0.0 6.60918892055257e-07 7.185451694629256e-08 2.094694543597342e-06 0.0 4.5889554412069944e-07 0.00024167336346940377 8.80938653918722e-06 2.5678957262890343e-06 1.193843583009725e-06 4.654537699088934e-06 0.0 9.283649844388417e-08 3.7884399604835723e-07 3.375124785372072e-05 3.150134152465062e-05 0.0001572313236749306 0.0005670676791352126 9.446277013730167e-05 4.266111629654913e-05 5.679884109125704e-07 2.8277486690308243e-06 4.2253604098815775e-07 0.00010136729032252177 1.1170323735908816e-05 7.396184451264486e-06 6.737827153338105e-06 7.576150064428207e-06 1.4155774533524456e-06 2.5020350297814267e-06 6.061558573203649e-06 3.0968068659155574e-07 0.0 0.0004337005137251728 0.00011727634697016097 0.0001915340281164134 7.249397076093897e-05 1.0879690085926078e-05 5.136931468847096e-06 0.00019799910420264852 1.972517437120136e-06 5.591130372277074e-06 4.812103548895432e-05 2.576032689293285e-07 5.94712713662671e-06 8.422531756172203e-06 4.178468737694883e-06 1.9526655515814772e-07 2.8223787046851862e-06 7.796949915673545e-08 3.2848773724265317e-06 9.739428519838747e-07 2.11289575137716e-06 9.751722798789495e-07 1.1069466550801809e-06 1.958431218286848e-05 9.888186842120637e-08 3.352145650138288e-07 5.414988845402013e-07 0.000486408188559248 1.2212814910271344e-07 0.0 0.0 0.0 1.8149930134979113e-06 7.020665799847311e-06 1.7490858332515756e-06 4.241281863407364e-06 9.487550053151975e-06 4.029603214223081e-06 1.511111724727411e-06 1.4332356913826716e-05 6.585244301574485e-06 1.7016295433949698e-05 9.47318111011906e-06 0.0 0.0 0.0 0.0 0.0 0.0 0.0 2.3561447644859208e-07 0.0 0.0 0.0 0.0 9.513661175093369e-07 0.0 9.376510130962897e-08 0.0 9.629703242296817e-08 0.0 0.0 1.4616322069523002e-07 8.800088065049836e-07 0.0 1.5054878107501684e-07 0.0 7.834788637532638e-06 2.490371919609456e-07 3.761245849884321e-06 9.198151252449361e-07 4.0705771354242344e-07 0.0 0.0 0.0 1.0077623022323199e-07 0.0 0.0 0.0 0.0 0.0 0.0 0.0 0.0 0.0 0.0 7.012097754277136e-08 0.0 2.0218728814480592e-07 0.0 0.0 1.8680505629508884e-07 1.0751912425869375e-07 1.3722549026014612e-07 9.02689264649826e-06 3.5150656917703846e-07 0.0 0.0 6.664403511312061e-08 1.6633293235568703e-07 7.281938434301683e-08 6.610650375482292e-08 9.272458703920186e-08 0.0 1.2837838466638325e-05 1.4121347347042691e-06 0.0 0.0 8.125730636520155e-08 4.846916753452915e-06 0.0 2.406112979926625e-06 0.0 0.0 0.0 0.0 0.0 6.419625914983036e-08 1.38320151386762e-07 2.0853893545695401e-07 0.0 1.8697430966882166e-07 0.0 4.2557972611377224e-07 0.0 8.042581400761428e-06 1.1504324554847636e-06 2.6396754930545877e-06
0.0005845861964569421 0.0022105354483811664 0.0 3.5283059921053784e-06 0.00023363582483797065 4.4588735842828673e-07 4.9535266150701514e-05 0.0029268821052146053 0.00038511974690726066 4.864300836885412e-06 0.001514864032316059 1.0179368376658029e-05 0.0001947236573758956 0.0009598180386196277 4.023899350276587e-06 1.7790436649420533e-06 2.456742068388902e-07 1.600094690310232e-07 0.0 5.147342950243012e-07 1.2509210070220687e-07 0.0 1.6276896638918287e-06 1.047408272687289e-06 1.3725122947095043e-06 0.0 7.992996938989038e-07 0.0 1.1788550302918231e-07 1.0819071636857577e-07 0.002465029844116317 0.0002923166553420999 3.676207603622272e-05 2.2449632884902612e-07 1.835788127273769e-06 6.748013482345433e-07 8.295109083461242e-06 3.448730160264277e-06 3.053267640131884e-06 8.615830750523344e-07 4.336714885778471e-07 2.66997014117476e-07 3.513819752356586e-07 1.9052208568925152e-07 0.0 1.9560875174562763e-07 2.9469784348880314e-05 8.396204721902474e-07 2.873437762577297e-07 1.2269384486554553e-06 1.4702747553396407e-06 1.15357540039881e-07 1.0307411416604931e-07 0.0 1.9715021333208685e-06 2.2672205425990834e-06 2.687848726040761e-05 0.000183032186877131 1.4252616028639272e-05 3.1852026779759762e-06 4.020505336485919e-07 6.595627887573755e-06 0.0 4.58530945514731e-05 8.279878804995131e-07 1.1242107311042768e-06 8.85095987902144e-07 8.107288702753249e-07 2.8487248580980022e-06 9.689521671178621e-06 5.999525122023707e-06 3.763296318716676e-06 0.0 4.301526305447803e-05 1.2516468985290119e-05 2.0183222870288806e-05 1.4295645216495483e-05 2.4328846656851224e-06 1.8842433763813313e-05 0.000431640933564686 2.0349020363569778e-06 2.9888044720757502e-05 4.353632451812723e-06 0.0 3.007949746552222e-07 4.5176682990038084e-07 9.066088167880631e-07 0.0 4.827446189174068e-07 0.0 3.362282712566653e-07 1.3392103239094465e-07 3.4781963413864683e-06 8.510173006256491e-07 2.653683414101179e-07 9.27681643589763e-06 0.0 1.8685102469303353e-07 1.0291062745569098e-07 5.2005447946002056e-05 0.0 2.1420121140216743e-07 1.0715118124563851e-07 0.0 0.0 1.6780771915149505e-06 0.0 0.0 1.7741131007625986e-06 1.5989562355237798e-06 4.912825737391996e-07 4.827157670482662e-06 8.033090864267203e-07 8.140643171318987e-06 7.415187596298723e-06 8.252787391507345e-08 0.0 0.0 0.0 0.0 0.0 0.0 1.470225102255089e-07 0.0 0.0 0.0 0.0 4.062210113987131e-07 0.0 0.0 7.677753138325953e-08 0.0 1.3989813002118487e-07 0.0 2.9845064820093887e-07 7.106295865527224e-08 0.0 9.049507851162333e-08 0.0 1.0907118826030935e-05 1.2671055420181552e-06 8.926695221276724e-06 2.7977054402190077e-06 2.079188212533398e-06 0.0 0.0 0.0 0.0 0.0 0.0 0.0 0.0 7.66029133119639e-08 0.0 0.0 0.0 8.278766235776267e-08 3.6807238935908143e-07 0.0 0.0 6.279399626257332e-08 0.0 0.0 0.0 0.0 3.100509847119945e-07 1.7005448633886613e-05 8.909679405521973e-08 0.0 0.0 0.0 0.0 0.0 0.0 0.0 8.987827743391031e-08 8.887705861975044e-06 8.8501752726776e-07 0.0 0.0 8.960723910190347e-08 2.589340313748319e-06 5.638882565658521e-07 1.6483619204247486e-06 4.146911628335375e-07 0.0 0.0 0.0 9.096171959165565e-08 0.0 0.0 0.0 0.0 0.0 7.038930002884583e-08 1.6333731306500856e-07 0.0 4.320672249867295e-06 2.353627350522471e-06 6.715241601382751e-06
0.0004565083833340637 0.00022578901356276804 3.5283059921053784e-06 0.0 3.2421106094964635e-05 0.00023821103178068187 0.00044962912828220035 1.1694283599809773e-06 0.0001860682400582494 0.0011812082632159692 4.315083863483711e-06 0.0007157456983672653 0.0014789710252002728 0.00023266310962049595 1.6034236371734949e-06 8.673418743264159e-07 0.0 8.343602805850385e-08 6.199968605176572e-08 0.0 0.0 0.0 0.0 0.0 0.0 0.0 0.0 0.0 0.0 0.0 3.283183535907702e-05 7.223149285261211e-07 5.570151585892345e-06 0.0 0.0 0.0 3.1595640462325123e-06 0.0 0.0 0.0 0.0 0.0 0.0 2.2130130874874307e-07 0.0 0.0 1.6710257887190678e-05 6.872120065945696e-07 0.0 3.6046409385164087e-07 7.309450417403398e-08 0.0 0.0 0.0 2.4403759324538948e-06 2.702147241571435e-06 1.3475266615804304e-05 2.3284780224853623e-05 5.796384525575965e-06 2.8585315046292127e-06 0.0 0.0 0.0 2.858483521248802e-06 8.13547794671348e-07 4.7068732973306047e-07 4.363009170141363e-07 3.4985042880588614e-07 7.851090072432198e-08 2.340982304867005e-07 7.511831978717009e-06 1.02403876371748e-06 0.0 3.290639168407273e-05 9.146033746427534e-06 1.1255174853686698e-05 9.38013246133457e-07 0.0 1.6925806333391173e-07 3.1760659693107305e-07 0.0 4.5141081187307044e-07 3.6595005986176443e-06 0.0 1.812412774339468e-07 2.5951218910850585e-07 1.3632825618793144e-07 0.0 2.0104216484860768e-07 9.827194198955368e-08 2.1261562633777077e-07 1.4517225128778943e-07 0.0 1.1558221831494726e-07 9.663227190986232e-08 5.4379143511817544e-05 8.623069742518059e-07 0.0 0.0 0.00027654269009669285 0.0 0.0 3.7041389586859403e-06 1.1108139269265494e-06 2.2598211198648605e-06 9.024227680161493e-06 2.8004755154621034e-06 9.958409877752299e-06 1.804330675545777e-05 1.6203715284361903e-05 5.968262906121103e-06 3.5882829269288634e-05 1.2427995959720013e-05 2.577380474990911e-05 1.1225434299977625e-05 0.0 0.0 0.0 0.0 0.0 0.0 0.0 0.0 0.0 0.0 0.0 0.0 3.256951282084314e-07 0.0 0.0 0.0 0.0 0.0 0.0 6.813820284513836e-07 2.523465713346355e-07 0.0 0.0 0.0 3.0715381818607994e-06 0.0 2.886346703941501e-06 7.872186062771464e-08 5.819411595748125e-08 0.0 0.0 0.0 0.0 0.0 0.0 0.0 0.0 0.0 0.0 0.0 0.0 8.529180629602137e-08 0.0 0.0 0.0 7.003646680758136e-08 0.0 0.0 0.0 0.0 7.399243395630719e-08 3.420526517682541e-06 0.0 0.0 0.0 0.0 0.0 0.0 0.0 0.0 0.0 9.97602455557206e-06 7.593575004078073e-07 0.0 0.0 0.0 4.556169171929618e-06 7.53328621335577e-07 3.340737839790777e-06 0.0 0.0 0.0 0.0 0.0 0.0 0.0 0.0 0.0 1.4569160657663076e-07 0.0 0.0 0.0 1.1400602198662629e-05 4.1940752046265927e-07 1.650394630613683e-07
4.310327329887058e-06 0.001185207072720904 0.00023363582483797065 3.2421106094964635e-05 0.0 1.564254078659826e-07 0.0012718245582852292 0.0006037613749944477 0.0031868673260462927 0.0001140123417240371 0.0007081398579793944 1.4419197427400619e-05 0.00023863229299225184 9.944827811139383e-05 1.012855456429168e-05 2.7696132658488793e-06 1.6406514431466297e-07 6.940056204700055e-08 0.0 8.8782621699581e-08 0.0 8.562850935074243e-08 0.0 1.0894269133396683e-07 0.0 0.0 0.0 1.419597096008459e-07 0.0 0.0 0.0001417810400852145 2.1406496777008965e-05 1.360072620601968e-05 0.0 7.471062833329835e-08 1.019626890037255e-07 2.064538151102738e-06 7.411263925556933e-07 2.1283605305136796e-07 7.816543172286276e-08 0.0 1.3184884709794616e-07 1.1643328815971921e-07 7.098950919467293e-07 0.0 1.1299715556676396e-07 0.00012378302163762198 1.661485284782415e-06 8.827720122554262e-07 4.0496384270922864e-07 5.463753585509532e-07 7.163011180184192e-08 2.523851497457357e-07 1.0640319501791664e-07 6.082236287195473e-06 5.138849531171783e-06 1.0935016644777736e-05 4.27838232918808e-05 7.948995504056072e-06 1.0501065547750643e-05 2.884709193139696e-07 6.208412979265374e-07 0.0 4.1424406131160815e-05 2.095187209386973e-06 4.946805144266427e-07 1.8107850447057443e-06 1.2461584078643868e-06 1.056922236573559e-06 3.2033692909289553e-07 4.488405734178836e-06 1.0381000019215974e-07 0.0 5.481399565128525e-05 2.514037181624597e-05 6.0880923286988164e-05 3.72331361531722e-05 9.245547726701148e-06 8.698589378581331e-07 2.9547326321322537e-05 6.153476620995236e-07 1.2980941068109778e-06 7.237658467981711e-06 1.371617013778861e-07 9.487523193590309e-07 1.4645737051538287e-06 8.351800924345485e-07 0.0 6.305671544830193e-07 8.631081539552664e-08 1.883728054149467e-07 2.2345976724241328e-07 3.0008480413424004e-07 2.411968436518179e-07 1.8441544684610368e-07 2.0798072780185165e-05 6.874963922528855e-07 0.0 1.2506088135750413e-07 8.382239749356837e-06 0.0 0.0 9.254940415440692e-07 3.806447204299058e-07 7.445490902144061e-07 3.342000970973134e-06 0.0 1.7890590244908376e-06 7.286354162730968e-06 5.83830985862597e-06 1.4520612566821206e-06 1.647425515299532e-05 4.558327862326642e-06 1.672998038611866e-05 1.3768580676887109e-05 7.532438890038502e-08 0.0 0.0 0.0 0.0 0.0 0.0 0.0 0.0 0.0 0.0 0.0 1.1059912029595828e-07 0.0 1.4555504642224337e-07 0.0 0.0 0.0 0.0 8.908262424501922e-07 6.900133784834848e-07 0.0 0.0 0.0 9.008028684703005e-06 8.065946467493681e-08 7.42134997440108e-06 7.485518451529237e-07 8.43461482270257e-07 0.0 0.0 0.0 0.0 4.4764067145769516e-07 0.0 0.0 3.092721038042638e-07 0.0 0.0 0.0 0.0 0.0 0.0 0.0 0.0 0.0 0.0 0.0 0.0 0.0 0.0 1.379351549741487e-05 1.579017046102881e-06 0.0 0.0 6.341705357740571e-08 0.0 0.0 0.0 0.0 0.0 1.5197235660187886e-05 6.527627016863499e-07 4.5930600790185347e-07 0.0 0.0 6.232748638830459e-06 7.92407521098502e-08 1.0725778876297055e-06 8.110011196581746e-08 0.0 0.0 0.0 0.0 0.0 8.035244009597389e-08 0.0 0.0 0.0 0.0 0.0 0.0 9.00663792937546e-06 2.0936734370608454e-06 2.403185334085374e-06
8.848821077686639e-05 3.820110152102025e-05 4.4588735842828673e-07 0.00023821103178068187 1.564254078659826e-07 0.0 3.646416763990166e-05 1.3291661774244604e-06 2.250173672408684e-06 0.0002995040238107019 8.348687054958481e-07 4.5410931937090514e-05 7.57817649261298e-05 2.2500191577813778e-05 6.018901043967548e-07 0.0 0.0 0.0 0.0 0.0 0.0 1.4620220674089041e-06 0.0 0.0 1.0550970747320269e-07 0.0 0.0 0.0 0.0 0.0 2.4758648106202697e-05 9.62688968775176e-07 3.012263925018636e-05 0.0 0.0 2.2898705997603883e-07 7.617577887485208e-06 2.0714912938713102e-06 5.546904238455414e-06 0.0 0.0 0.0 0.0 0.0 9.486547756554098e-08 0.0 1.2024177817488658e-06 0.0 0.0 0.0 6.9772297968227e-08 1.1069077628265432e-05 9.708699006551298e-07 3.235841377543877e-07 5.108768352664624e-07 3.4258496375509005e-07 0.00012599173389190793 1.4313615670132387e-05 2.5012565405326927e-06 3.1133309589543095e-07 0.0 7.3508341788233585e-06 0.0 1.4571722416701001e-07 0.0 7.249456504677778e-08 9.300539623247591e-08 8.54520721264789e-08 8.129624036144281e-08 0.0 9.287645126370225e-05 0.00012457469494755197 2.406114247664954e-06 4.272902359683321e-06 8.974736541451701e-07 6.062530000888556e-07 1.0394365897793252e-07 0.0 0.0 1.2726561467074919e-05 0.0 9.387329628271247e-06 4.961825575965235e-07 1.6746874962800536e-06 1.0698561255851233e-07 1.101196044571159e-06 0.0 4.4896532453820255e-06 1.927198734455443e-06 1.2047981609290667e-05 1.2697201183330458e-06 5.127235610277658e-06 7.143349383247163e-08 4.979941195947625e-07 1.7377397813436342e-06 0.00010259285687732242 8.985896840320022e-05 1.527020358635852e-05 8.446495035640083e-06 0.00021463013572089069 0.0 0.0 3.5600549422251887e-07 0.0 0.0 3.0554893773204378e-06 2.445031567478422e-07 3.17117146867935e-07 3.297731022878007e-07 2.8622192987406916e-06 1.021402754379377e-07 4.016367685943747e-06 8.042240688355403e-07 2.9680992785672937e-06 1.5184815514404021e-06 0.0 0.0 0.0 0.0 0.0 0.0 0.0 0.0 0.0 0.0 0.0 0.0 2.815325874395332e-07 0.0 1.0659710744817019e-07 0.0 0.0 1.0875633379960873e-07 0.0 9.965214829124984e-08 0.0 0.0 1.7633241425491217e-07 0.0 6.669711263718239e-07 1.7122324841990067e-07 1.0613299153798006e-06 9.396791779795082e-07 6.348902658665849e-07 0.0 0.0 7.698006546483161e-08 0.0 0.0 0.0 0.0 0.0 0.0 0.0 0.0 1.3480675890344962e-07 2.444879541947103e-07 8.939883528880012e-08 0.0 0.0 0.0 0.0 0.0 0.0 0.0 0.0 1.170546541260981e-06 1.9134836764230665e-07 0.0 0.0 0.0 9.015965350204688e-08 0.0 0.0 0.0 0.0 1.4625134396931676e-06 7.575377187240614e-07 8.758802053469815e-08 6.964886869701934e-08 6.788419755672864e-08 9.797478618660698e-08 0.0 0.0 0.0 0.0 0.0 0.0 0.0 0.0 0.0 0.0 0.0 0.0 0.0 0.0 0.0 1.0592105660982382e-06 7.633031504340346e-07 1.2347559209871756e-06
0.0002723450495016979 0.0012890910255214843 4.9535266150701514e-05 0.00044962912828220035 0.0012718245582852292 3.646416763990166e-05 0.0 2.2507758398694905e-05 0.0011449569054910347 0.0007090754156215383 0.00022644357104695668 7.693235536963881e-05 0.002788775433330245 0.0008019822901160394 9.470519364662197e-06 1.8788439530951097e-06 4.3866334223675845e-07 0.0 0.0 1.0981699789469537e-07 0.0 0.0 0.0 0.0 3.873278349344082e-07 0.0 0.0 0.0 0.0 0.0 0.0001015739780044333 1.0185290724483363e-05 2.198662940994276e-05 0.0 0.0 8.377090165344127e-08 2.814315486947145e-06 7.255392199829425e-08 2.862527585904575e-07 0.0 3.043082383033386e-07 0.0 1.786714017786719e-07 2.8992395357527935e-07 0.0 8.951756980546432e-08 0.00010353852686099697 2.1599470142978845e-06 6.373988211219558e-07 7.225238579868239e-08 1.2629062876386483e-06 0.0 7.5089341968742e-08 0.0 8.591772287612637e-06 7.972106420173813e-06 2.329094623610851e-05 6.926790779955814e-05 1.4737801476726197e-05 1.4013211349558576e-05 7.813279519100365e-08 1.0799060335800753e-06 3.2842833081842146e-07 3.4892438295804406e-05 2.792474860095254e-06 1.6924891397363024e-06 1.9396396175524587e-06 1.766195487409706e-06 2.2620404452585442e-07 6.859494113666282e-07 6.6893443458667695e-06 1.6541814216897932e-06 0.0 9.795066509948419e-05 3.887272723627481e-05 6.903100716134755e-05 3.487012732772566e-05 1.0745384197037545e-05 1.018735164958023e-06 1.4100447418104751e-05 3.092725469973382e-07 2.222240800181747e-06 1.3095487781266715e-05 0.0 9.200543464369305e-07 2.0173071888505866e-06 7.874396668599076e-07 0.0 7.627713032845862e-07 7.361187024744855e-08 3.1252207469235886e-07 3.8989575744811117e-07 3.494468963582787e-07 1.8352110383568807e-07 3.784186698389888e-07 5.781573795318354e-05 2.291650751737834e-06 0.0 0.0 8.182847083682693e-05 3.1328917490976425e-07 8.563958402419346e-08 7.3447733898497726e-06 7.435484684740786e-06 5.315032213161866e-06 1.8459389431169807e-05 5.337451949066518e-06 1.2681856674426138e-05 3.4116382609934156e-05 2.5707317558763637e-05 8.549112238360103e-06 6.409208109325018e-05 3.20922313862658e-05 4.883039992934222e-05 3.9829220458631854e-05 1.8152712150668174e-07 0.0 0.0 0.0 0.0 0.0 0.0 0.0 0.0 0.0 0.0 0.0 5.159086278361441e-07 0.0 0.0 0.0 0.0 0.0 0.0 4.229687520309628e-06 2.715447512113479e-06 0.0 3.631142286806366e-07 0.0 1.445734703889456e-05 1.4849932231059863e-07 1.4392689755879246e-05 2.695502854926861e-06 9.912237796516124e-07 0.0 0.0 0.0 0.0 0.0 0.0 0.0 1.5388970445810358e-07 0.0 0.0 0.0 0.0 8.45342965706087e-08 0.0 2.004564697406249e-07 0.0 7.02858608266547e-08 4.6446449700331425e-07 2.1597546788104296e-07 0.0 0.0 0.0 2.1532110861238012e-05 3.0482572290513353e-07 0.0 0.0 8.412596630030096e-08 0.0 0.0 0.0 0.0 3.1865377971124685e-07 4.0454598059270946e-05 1.4522114476002486e-06 4.844784572185828e-07 2.3598571764266575e-07 1.0000989786359495e-07 1.557422187332307e-05 5.982299273978978e-07 3.0428240323914845e-06 6.978147206486617e-07 1.4828517760116002e-07 9.824687581381351e-08 0.0 0.0 0.0 9.874810656727684e-08 9.669316457691543e-08 6.809772385722628e-08 6.29159413523227e-08 0.0 0.0 0.0 2.5863504461761317e-05 2.7203276656574296e-06 3.780842631428018e-06
8.103834339980057e-05 0.0015373061460542568 0.0029268821052146053 1.1694283599809773e-06 0.0006037613749944477 1.3291661774244604e-06 2.2507758398694905e-05 0.0 0.0003087959872563017 3.4684655993993533e-06 0.002032365619691687 4.685181938936838e-06 0.00014339236342249525 0.001314897054030744 4.273812177862144e-05 2.1891811421030475e-05 2.6132852007036113e-06 2.5636062305848176e-06 2.3390983220283721e-07 7.696427454712643e-06 4.798236271563601e-06 0.0 2.7434839673226862e-05 2.369057260670854e-05 7.504765636191794e-06 8.254548310966728e-08 4.249649152821676e-06 4.046204505311295e-07 2.579974376348883e-07 2.030126167174105e-07 0.0015150733612740916 0.0020074470456686545 8.146314825435793e-05 8.14089464731483e-06 2.409980953667142e-05 3.6287450348535523e-06 1.2737946535433625e-05 9.718284448204327e-06 4.251427738163138e-06 1.8086244166273731e-06 7.729959329343318e-06 8.723616367808332e-06 1.4844211515469726e-05 1.6557547117537623e-05 8.724821718981966e-07 1.3531767533234851e-05 0.00020379484924184545 2.8685718685128433e-06 5.359216856896996e-06 2.5148568610315263e-05 8.12470276871257e-06 9.577309575455587e-08 1.7067783750101361e-07 4.968417557605472e-07 6.564260227793309e-06 5.858250722904417e-06 2.9202628867471727e-05 0.00018483358113985808 1.5718393477103494e-05 1.0951445760509971e-05 0.00010498468873859256 6.193134251035446e-05 9.406109805961813e-06 0.00030114073887480296 2.229671344345924e-06 3.235223468483478e-06 2.2280095506863697e-06 9.627212471451906e-06 5.233015072884315e-05 0.00017400108612785194 8.108206210331914e-06 8.773579759659294e-06 0.0 7.060528591691755e-05 5.112100579156637e-05 9.176972333986451e-05 0.00015753566043734635 0.00019100025650926083 0.0016075554552741952 0.0010965586417727732 0.00048568120772495547 0.00142803242123874 9.049943592408947e-06 0.0 2.222209251018942e-06 1.2112027806357567e-06 1.289430638164505e-05 0.0 7.644693563217121e-07 1.379479104315671e-07 1.4609828775642924e-06 1.5444846064193654e-06 6.91281537536668e-05 9.808014889827496e-06 7.191399469368883e-06 1.790434673118639e-05 6.347045731218383e-07 7.047336654027986e-07 1.2294064259774836e-06 1.586630577988029e-05 1.4148608565318855e-07 0.0 7.188899221406949e-07 0.0 1.2943806229614097e-07 1.1256663987569933e-06 0.0 1.0627039066716404e-06 3.737477333158989e-06 1.9441348991385956e-06 3.8007764973786167e-07 4.111985282770099e-06 6.872609742758779e-07 7.332953353255629e-06 1.4634533470743528e-05 4.1762838370655796e-07 1.5981338701606843e-07 0.0 0.0 0.0 0.0 0.0 1.7535705451982294e-07 0.0 0.0 1.0171043999670814e-07 0.0 2.22037609108844e-06 0.0 2.8891511214944507e-07 1.9818968661413002e-07 5.201278877448912e-07 0.0 0.0 1.5441643169686194e-06 3.6108542477484645e-07 0.0 9.025337337704933e-07 1.5467685658541955e-07 2.1138592278691078e-05 3.1450648971970777e-06 2.011118058377441e-05 6.1094501147331254e-06 4.4136315385598145e-06 1.5681454169208134e-07 3.978002914519027e-07 2.0442991724874854e-07 1.7894223397436512e-07 4.822533909285634e-07 0.0 0.0 0.0 6.263768309593012e-08 0.0 0.0 4.0112572884442616e-07 2.0389923476947196e-07 4.548562979012577e-07 0.0 6.458243491982822e-08 0.0 2.608988887040821e-07 6.673343127894414e-08 8.47747803475243e-08 7.448956568917361e-07 1.9137575233623467e-06 2.8313508351482926e-05 8.621307173968167e-07 0.0 0.0 9.924535373647888e-08 0.0 0.0 0.0 1.8325793475745494e-07 8.451090370639458e-07 1.3764170591439408e-05 1.3105531711308573e-06 2.1049073714277902e-07 6.991787143292886e-08 2.3209031385823197e-06 8.171897296371279e-06 2.161708304802631e-06 6.417929722326142e-06 1.0482348174641437e-06 8.384195168734967e-08 7.854299614835774e-08 2.3118825052752929e-07 8.796004504676369e-08 2.881684915748011e-07 5.745212829648667e-08 0.0 6.141793330078158e-08 7.853263779859668e-08 4.786319160225947e-07 8.282321674914158e-07 7.743271091984846e-07 3.1054125571300167e-06 6.411963627221642e-06 1.3639379176624517e-05
7.297851760903301e-06 0.002044977871863104 0.00038511974690726066 0.0001860682400582494 0.0031868673260462927 2.250173672408684e-06 0.0011449569054910347 0.0003087959872563017 0.0 6.551949269322744e-05 0.0008197737053306149 2.359658077606752e-05 0.0008645605785272014 0.0007834577789870467 1.8016787828893663e-05 7.130950716867183e-06 3.184932098297268e-07 1.3677850943102841e-07 0.0 1.4125741348704524e-07 1.334374159854829e-07 0.0 0.0 8.062549237976515e-07 3.1585810749140414e-07 0.0 3.3421533984702645e-07 0.0 3.9705079012227543e-07 0.0 6.510984455223928e-05 1.6243641692964783e-05 5.446114472291146e-05 1.9267983816604744e-07 8.770525025627269e-08 0.0 9.14422653905892e-06 1.1836006232036284e-06 1.007242014176659e-06 5.186485865638141e-07 2.662109390523988e-07 1.5702747535067722e-07 1.4413190192641324e-07 1.8121795156403456e-06 8.931698886546408e-08 3.315269615784402e-07 0.00010694570094534331 5.799405499633223e-07 7.333407528242095e-07 5.446526258436752e-07 8.972920789732887e-07 0.0 3.444263433710989e-07 9.966311474313622e-08 5.338987582148709e-06 3.6297406062541953e-06 3.4407165183096692e-06 1.2771982284515985e-05 3.4070504953194767e-06 5.828037921207581e-06 5.362565237261228e-07 8.064454040582833e-07 0.0 1.9027025982855196e-05 7.077407716395555e-07 4.98423532456549e-07 5.836153111063703e-07 7.996680852584412e-07 6.1492984440538e-07 1.381117759174018e-06 1.1703786056136334e-05 1.2761864032026245e-06 0.0 2.4546372378032508e-05 1.472334212745952e-05 4.0635069489721106e-05 5.063973398053616e-05 2.138672979386449e-05 2.530141968665021e-06 3.10430210905382e-05 6.181896531490441e-07 3.3795058653790815e-06 3.902791751142324e-06 0.0 4.1034030034874626e-07 7.743486504432614e-07 4.98095080007782e-07 0.0 3.400939919272738e-07 1.763629069691093e-07 2.9523770454818365e-07 1.354279197641964e-07 1.0035540860765763e-06 1.0037385213898094e-07 3.40303926302506e-07 7.818535278259488e-05 3.051977505092438e-06 8.95527675810206e-08 5.85701518822105e-07 7.1738088682705485e-06 1.3672083145978669e-06 3.9231779729264185e-07 4.943103286504949e-06 2.4612181226103822e-06 5.5205151365416485e-06 2.099807504401888e-05 4.0907774119465985e-06 1.017603335392692e-05 2.6603443035036845e-05 2.0193895320257807e-05 8.43398538546883e-06 5.827087103031314e-05 2.9536874298067134e-05 6.885914049449844e-05 5.975459360856814e-05 2.8817482511303813e-07 0.0 0.0 0.0 0.0 0.0 0.0 1.4589055388634524e-07 0.0 2.926358107699907e-07 0.0 0.0 1.7632995144130474e-06 8.536673169262647e-08 0.0 0.0 0.0 0.0 0.0 3.2404915808765394e-06 2.019891076621782e-06 0.0 0.0 4.2971050716329163e-07 3.8434795610957214e-05 1.132155219479062e-06 2.7398284423050874e-05 3.246250318309727e-06 2.645188366553074e-06 0.0 4.632085187510412e-07 0.0 0.0 7.707542927693535e-08 0.0 0.0 0.0 1.9026036987202958e-07 0.0 8.213759087902602e-08 0.0 3.211146556372698e-07 0.0 0.0 9.657811990026562e-08 0.0 0.0 2.5348223812744493e-07 0.0 6.415947103261425e-07 4.1589813217723954e-07 4.929342197203052e-05 6.928178733375515e-07 7.615284559154923e-08 0.0 0.0 0.0 0.0 0.0 0.0 0.0 6.298480737714134e-05 3.268880957430285e-06 7.383975651889608e-07 1.227523607809023e-07 1.24488059462309e-07 1.854298184969607e-05 6.639982026892786e-07 3.3733144632837594e-06 2.1259244630930044e-07 7.436257747451068e-08 0.0 3.0097493165704147e-07 0.0 5.8170554576830696e-08 1.0215139649205931e-07 0.0 0.0 0.0 0.0 0.0 0.0 3.940991847480838e-05 5.67355007100815e-06 7.190485043528108e-06
0.00039121756622884237 0.00015956431259588928 4.864300836885412e-06 0.0011812082632159692 0.0001140123417240371 0.0002995040238107019 0.0007090754156215383 3.4684655993993533e-06 6.551949269322744e-05 0.0 1.2133409316104874e-05 0.0007501636639594476 0.004448414552032061 0.0005659932732565204 1.6599662353666577e-06 4.2558654922575415e-07 0.0 7.376971397622065e-08 0.0 0.0 0.0 1.3279882629941678e-07 0.0 0.0 7.462709262287198e-07 7.679756783294659e-08 0.0 1.871730096149598e-07 4.236506921837902e-07 7.871705765160648e-08 1.3920548484885093e-05 2.054224316478599e-06 6.419528389831685e-05 7.868497768779424e-08 4.830113747674974e-07 2.546356429500442e-07 4.4387088198939384e-05 1.878565318639945e-06 2.6552213971373456e-06 2.6249757888461927e-07 2.935679179530676e-07 3.821918404581748e-07 0.0 0.0 1.9616090332197114e-07 7.95756978524974e-08 1.1132457804056323e-05 5.071479169604098e-07 0.0 7.200056967792366e-08 4.7257782647920504e-07 7.487917414413451e-07 2.4745878044026405e-07 4.136595536518602e-07 9.86640312950495e-07 1.2615270141037718e-06 8.109161853128601e-06 1.1906562621007572e-05 1.9100736922214983e-06 1.0013900619024375e-06 1.299044766262283e-07 2.0988936433746133e-06 0.0 2.832804801145741e-06 1.3925987530662843e-07 6.806722083621345e-08 2.299194145226921e-07 1.4347488880731435e-07 0.0 2.4809874093281604e-07 7.51503757670223e-05 1.0326224756474961e-05 0.0 1.6124233311537818e-05 4.740793599770504e-06 8.031061663549012e-06 3.160851867391837e-06 7.338411126517476e-07 0.0 6.0927457657949e-06 4.492081010662668e-07 1.1516261651100896e-06 1.4394968309389245e-06 6.888262394531561e-08 6.965232663368084e-08 2.789207475842063e-07 4.3404466745326906e-07 3.6558024255427734e-07 1.492221805216862e-07 1.2118036061491616e-06 0.0 4.888531026805617e-07 7.856205138919185e-07 5.010797843806525e-07 1.8217588401982672e-07 0.0003002957132868723 3.927281582117754e-05 1.2515625444574201e-06 1.5079478827445685e-06 0.00020343448122297624 1.068673892599059e-06 2.3140135579460627e-06 2.675145139733581e-05 4.688215340952446e-05 1.10109560362165e-05 0.00010536131380605964 2.12492946887404e-05 6.034256995498638e-05 0.00011785300737603336 0.00010910073164978782 2.8463991220471657e-05 0.0003381087315915901 0.00012733943571266755 0.00020959158090097367 8.823462383179847e-05 2.3186646476648743e-07 2.2729547446575385e-07 0.0 0.0 0.0 0.0 0.0 8.803619180102713e-08 0.0 0.0 0.0 0.0 1.0461439562211285e-07 0.0 0.0 1.424472838235298e-07 0.0 2.317635099846333e-07 8.505464131375557e-08 2.87022947760523e-06 5.989619215704065e-06 0.0 9.11837551991809e-07 0.0 2.6001650768087957e-05 1.504317853181583e-06 1.9509650341847218e-05 1.9132464032192363e-06 3.841344845382658e-06 0.0 0.0 0.0 0.0 0.0 0.0 0.0 0.0 2.059009369034246e-07 0.0 0.0 4.350556475433575e-07 8.441741728076739e-08 1.1129064578737055e-07 1.493105202389023e-07 0.0 5.2464041778707275e-08 4.044622666774399e-07 6.214304458177738e-07 0.0 2.6840562084978564e-07 2.256090207189973e-06 3.6416514546553e-05 1.613912764965356e-06 0.0 0.0 0.0 0.0 0.0 0.0 0.0 0.0 9.048826321736107e-05 8.974182684097365e-06 7.249923661098602e-07 3.849582104010317e-07 1.8485283718322875e-07 1.799642552407536e-05 1.8730728887103661e-06 7.524884684699765e-06 7.945475458523237e-07 6.417744405780168e-08 1.3199651696895787e-06 9.985341978790082e-08 3.9033062776880175e-07 8.411644795601805e-08 2.2908623730994521e-07 8.616340731763321e-08 0.0 1.76369704314052e-07 0.0 0.0 0.0 7.669275846844558e-05 5.084576102132946e-06 7.10134607913652e-06
4.1919709872964755e-05 0.0017574894730835614 0.001514864032316059 4.315083863483711e-06 0.0007081398579793944 8.348687054958481e-07 0.00022644357104695668 0.002032365619691687 0.0008197737053306149 1.2133409316104874e-05 0.0 1.8575229113740506e-05 0.0004633614742457258 0.002296850628295708 1.585196317076145e-05 9.170290811369633e-06 1.4725187810171077e-07 2.725722799246964e-07 0.0 8.487281980897933e-07 2.4079514581740194e-07 0.0 1.7638478318539572e-06 2.4966679719578123e-06 2.9420942601399427e-06 0.0 1.3763696668594097e-06 2.1803977876685993e-07 2.3583300670810365e-07 4.72303675488862e-07 0.00017806065110066228 8.044414062872732e-05 0.00014136403977308863 0.0 3.688816176549081e-06 3.545548562958553e-06 3.280660138322407e-05 1.0382269076817351e-05 5.741821346181249e-06 3.326452897305675e-06 1.9676503010843923e-06 1.3411438155372113e-06 0.0 1.5677083718620134e-06 9.808222443328304e-08 6.82242472345019e-07 5.8489071013069565e-05 5.035744357416675e-07 4.239165719545479e-07 5.624865244796027e-07 1.011344704000035e-06 1.3870787833252013e-07 1.6569614636236533e-07 0.0 1.3894876716729211e-06 2.044568535961944e-06 4.430245635866515e-06 1.3796594272094472e-05 2.004452713853857e-06 3.3290195366208255e-06 5.406618989590596e-07 1.3050731073187343e-05 3.4571115494024426e-07 1.2010419790341704e-05 7.835826554485511e-07 6.86117525837228e-07 5.750905438552435e-07 8.707343936288103e-07 3.028542563303268e-06 6.740794882385546e-06 2.4850140997847374e-05 7.256666895258977e-07 0.0 1.3116071966059632e-05 7.286967990292356e-06 2.8566971779671754e-05 3.4610902265888436e-05 1.5174171464865632e-05 3.447497060050775e-05 0.00045558442698696497 1.978507552258583e-06 6.650595069406873e-05 2.997562408872043e-06 0.0 1.8673211496050272e-07 4.4320939519694785e-07 5.127043934426408e-07 7.117878149650613e-08 2.6171287462602794e-07 7.349050749278531e-08 2.828445523145944e-07 3.0930440021120536e-07 4.651702082804913e-06 7.728729411874494e-07 3.2411161481398695e-07 1.938302701937993e-05 1.8425563039281003e-06 8.78046471253531e-07 7.045632009782231e-07 4.90294390264038e-06 0.0 0.0 6.725007793662406e-07 7.572102505761919e-07 0.0 3.589310982835835e-06 4.812631533050363e-07 1.3270890448599344e-06 2.580971267021933e-06 2.1196672777465884e-06 3.459582453860125e-07 6.353265384295491e-06 5.18729955781584e-06 1.0115432400678042e-05 7.3894067562658755e-06 9.201907519890826e-08 7.278729407238883e-08 0.0 7.4788264422428e-08 0.0 0.0 9.753910678088535e-08 0.0 0.0 0.0 0.0 0.0 9.403807474628029e-07 1.265975657348944e-07 6.898650634058114e-08 9.765063683338737e-08 0.0 1.6979006508559566e-07 1.7432401269076575e-07 4.128227845138479e-07 6.599932008649425e-07 0.0 6.60359190736426e-07 9.427588648123015e-08 6.675470413424053e-06 6.562827162987384e-07 6.592812900381323e-06 3.0429996399170864e-06 2.348315769134268e-06 1.5981161939717888e-07 0.0 0.0 0.0 8.262533516416865e-08 9.01916767783729e-08 0.0 0.0 0.0 0.0 0.0 9.238911049554705e-08 1.7451225637239388e-07 9.151037200407493e-08 0.0 0.0 0.0 0.0 9.687281237426418e-08 0.0 2.652830370501205e-07 2.883289996154272e-07 1.0697407021329968e-05 1.0933979438995143e-06 0.0 0.0 0.0 0.0 0.0 0.0 0.0 7.317649489278956e-08 1.0936226510336644e-05 5.757027223261228e-07 8.070387674371333e-08 1.7057717598564894e-07 2.470152472409922e-07 3.3598880991586543e-06 1.1594053991556273e-06 1.365067192168175e-06 6.665308449728998e-08 2.971227180683851e-07 0.0 0.0 8.312139189615932e-08 0.0 0.0 5.7514165020080595e-08 8.263508541180446e-08 0.0 0.0 2.1292613462043434e-07 0.0 6.973604688764202e-06 1.3138343716704705e-06 3.4541814350788355e-06
8.359503219042632e-05 2.5411968911651447e-05 1.0179368376658029e-05 0.0007157456983672653 1.4419197427400619e-05 4.5410931937090514e-05 7.693235536963881e-05 4.685181938936838e-06 2.359658077606752e-05 0.0007501636639594476 1.8575229113740506e-05 0.0 0.0011351023261343444 0.00015163858719671915 4.754103280435266e-06 3.652428649184698e-06 6.041526617288198e-07 1.821974664918662e-07 0.0 7.744066623553315e-07 0.0 1.6158379286860495e-06 6.174365135134809e-07 0.0 1.0084718466142493e-05 1.0864547008274052e-06 1.6758324392069777e-06 3.874336962382848e-07 5.727843680792094e-07 5.354159874469785e-07 2.8042567202441133e-06 4.658478705894697e-06 0.0001698819069969398 4.78051188799771e-07 1.9098290651046787e-06 1.0544583603334908e-05 0.0003254570531034204 3.136727376443162e-05 2.9247990044523844e-05 1.7117197536159453e-05 2.242349655249005e-06 1.0404600308095739e-06 6.94958588648024e-08 2.535144536258834e-06 3.719427171763e-07 3.122344691848237e-06 1.1868386732287049e-05 0.0 5.596585661596341e-07 7.029036490510801e-08 4.09628475583847e-07 2.3240219037067754e-06 4.803735236014323e-06 1.4494623415736596e-06 4.702665797498551e-07 2.272494081530602e-07 1.1663337128052203e-06 3.2010888667319044e-06 8.256652962729125e-08 7.333479624417795e-07 9.189603655601494e-07 3.065150103047258e-05 5.037008849098702e-07 5.78625920776407e-06 3.483798729579158e-07 0.0 0.0 4.038527937456773e-07 9.687705156755444e-07 1.156381188758245e-06 0.00022999195361318264 1.1831645691451572e-05 0.0 3.1164684412560436e-06 2.073878754349225e-06 4.13413788147248e-06 5.0725072487014044e-06 3.8041013936633166e-06 7.61401331650863e-07 1.874591573264848e-05 9.588414654012867e-07 2.6604319459648198e-06 9.702584333545324e-07 0.0 9.025300233168474e-08 7.55914488015384e-08 6.804447884740968e-08 2.1677698255601278e-07 3.1890544638317816e-07 2.2003667277129658e-07 1.5589479238100793e-07 6.424752782773983e-07 3.1435661109809526e-06 1.9348609191486806e-06 1.6100488943681628e-06 0.00043772261609759534 3.940413813428952e-05 3.0858378991661825e-06 1.8561217095734683e-05 2.5350733852181323e-05 7.060956286407369e-07 1.9112860056491316e-07 5.616682066030255e-06 2.619640630617115e-06 3.407614994461008e-06 2.6156642807096954e-05 4.294391585961327e-06 1.3393193607432346e-05 3.383116271280348e-05 3.57620698807688e-05 7.384773842616517e-06 7.818389368277251e-05 3.0094779752180264e-05 6.92737545262768e-05 5.2383895500691995e-05 6.544708914766996e-08 4.100186503983297e-07 0.0 8.550818243105529e-08 8.011138944419573e-08 0.0 0.0 8.666325489643195e-07 1.5073889029028352e-07 1.939472672905439e-07 2.779319683750984e-07 7.074986026982754e-07 3.69789715626193e-06 1.971540474675208e-07 2.628912889368811e-07 4.615477093923846e-07 2.882098579795435e-07 8.781889784405673e-07 2.0232156018611174e-07 4.296404496757335e-06 2.645996652805947e-06 0.0 2.422505918735815e-06 1.0665230044615078e-07 3.4438145919863e-05 3.0001907241722385e-06 2.994751716529706e-05 5.451936135926121e-06 6.631022471775494e-06 1.1743591972910476e-07 0.0 0.0 0.0 6.743787945585936e-07 4.896284328902897e-07 0.0 4.5069226706434606e-07 5.742229006508537e-08 0.0 0.0 1.0707345754857558e-07 1.916635361516812e-06 2.0216163963397962e-07 0.0 0.0 7.48653233298794e-08 1.4920952375202792e-07 1.0598358393784426e-07 0.0 1.4171136893833541e-06 1.3949798851593707e-06 4.7308081573002607e-05 1.831434878761147e-07 3.1614091620692063e-07 0.0 0.0 8.545399950101153e-08 0.0 0.0 0.0 8.115332605518707e-08 5.727393323450159e-05 7.020502297676728e-06 1.1273319183304171e-06 5.534343420097708e-07 2.919434349662845e-07 2.142157416417124e-05 5.91896878734649e-07 5.936761417492425e-06 3.5480746604142156e-07 3.7746016174754077e-07 8.865705376411913e-08 0.0 1.4924279930645937e-07 0.0 2.2489690324053266e-07 0.0 0.0 0.0 0.0 4.18467142059997e-07 0.0 4.566282384901835e-05 8.115304771962952e-06 1.613056930279694e-05
