0.0 0.0014705702591918449 0.0002021269001003791 0.0010838061457271223 1.2369469537111682e-05 3.584114363940614e-05 0.00021369170342231804 7.08864029847678e-05 9.050176310764272e-06 0.0007393352149391996 2.309157137564348e-05 1.0276845135332639e-05 2.9044491063844327e-05 4.9499471880953456e-05 1.9186023370388645e-06 3.03631239569908e-07 8.253827141989095e-08 0.0 0.0 0.0 9.336467676529904e-08 0.0 1.5207506543464565e-07 0.0 7.352478253295843e-08 5.998603048173382e-08 7.371902833492525e-08 0.0 0.0 0.0 0.00038713972474420567 2.3167349187373918e-06 3.2491524021836898e-06 0.0 0.0 7.046822303308276e-08 5.989265625076786e-06 2.276584156823126e-07 1.8132480103476343e-07 0.0 2.3499890070629899e-07 0.0 1.7825858637725735e-07 0.0 0.0 0.0 1.4612422742412804e-05 1.6815930067374118e-06 2.0354716506880317e-07 6.272246460314065e-08 1.4430889075171033e-06 7.587144932142914e-08 0.0 2.1365304509813442e-07 3.8660139803010705e-06 6.217267771713065e-06 0.00015578946241423614 0.0003034264244036339 1.8475556580932603e-05 8.523385747875985e-06 1.5629419952787045e-07 6.064632257418439e-07 0.0 2.6928130553790713e-06 4.100761144799132e-06 2.351188926557858e-06 2.562794559686626e-06 1.350727651268662e-06 6.359664780640589e-07 0.0 6.520997861924858e-06 3.869083673385138e-06 1.8440359860207116e-07 8.69370704805834e-05 1.0730747940410775e-05 9.126698391054888e-06 1.8884357744696486e-06 5.780190120498327e-07 1.3441051401027473e-07 4.514283662288481e-06 0.0 5.947059879420297e-07 1.10454818724342e-05 0.0 2.907224383700594e-06 2.461870445171095e-06 7.299810561549729e-07 2.845972527177467e-07 1.4601635581795557e-06 0.0 6.303753066065528e-07 8.300098475363184e-08 4.863225574581971e-07 0.0 0.0 4.1742848218532536e-05 5.699759752629497e-06 1.0857569844695034e-07 1.315185107026523e-06 0.0006515806188537973 5.040752672633845e-07 1.7256383949160833e-06 0.0 1.0861856385922491e-06 0.0 6.742320888067976e-07 1.2650805842940916e-06 0.0 4.777124724376677e-06 5.612283808817059e-06 3.146721693016787e-07 4.2855509680622325e-06 1.1895791496152447e-05 1.1732551484524543e-05 4.209804374980732e-06 8.111771505293568e-08 6.341676864036756e-08 0.0 0.0 0.0 0.0 0.0 0.0 0.0 0.0 0.0 0.0 0.0 0.0 0.0 0.0 0.0 0.0 0.0 5.534374029064738e-07 9.332557062352385e-07 0.0 0.0 0.0 3.7052880725987424e-07 0.0 3.849312549206148e-06 0.0 0.0 0.0 0.0 0.0 0.0 0.0 0.0 0.0 5.22757877965469e-07 0.0 0.0 0.0 0.0 0.0 0.0 7.290822913058526e-08 0.0 0.0 0.0 3.9595287479602e-07 6.371166854284089e-07 0.0 0.0 1.145007823340585e-06 4.966852353111968e-07 0.0 0.0 0.0 0.0 0.0 1.522933527626703e-07 0.0 0.0 2.8457121040807337e-06 0.0 0.0 0.0 6.599140544821288e-08 2.4114293731965257e-06 0.0 6.774347146885059e-07 2.4847854703971e-07 0.0 0.0 0.0 7.930578521940807e-08 0.0 5.754622170922094e-08 0.0 0.0 0.0 1.7133300697209086e-07 7.941163401498954e-08 0.0 3.243961502173101e-06 1.2136648140610334e-06 6.263850786791652e-07
0.0014705702591918449 0.0 0.001613939068839353 0.0009606142211490633 0.0011917696537602992 0.0001510682935960543 0.0033976230301911107 0.0001890775231186558 0.0009807924610335354 0.0014860785098716556 0.0008119049016846386 2.272817497650054e-05 0.0004940515669384334 0.0009169354550549063 8.961014642510497e-06 1.0834656512792779e-06 3.9439906899364905e-07 4.4207237347404545e-07 0.0 7.074455603072118e-08 2.8051854059386165e-07 0.0 6.308975983202918e-08 0.0 6.439112272736248e-08 0.0 0.0 0.0 0.0 0.0 0.0021086222521025533 9.082017997292837e-06 1.5757758432695985e-05 5.739383633876777e-08 0.0 1.5326867052984692e-07 1.682620376542367e-05 5.31342575061058e-07 7.444854983494631e-07 7.348543225887057e-08 0.0 0.0 5.909923178709893e-07 5.334803664646124e-07 4.6958932950622954e-08 2.047631963785197e-07 0.00012040554130210988 6.557792703974215e-06 1.1337892047501598e-06 1.6592337679948922e-06 6.382243215323878e-06 1.679351394855611e-07 0.0 0.0 9.765766767476896e-06 1.3633560192411462e-05 0.00017404262846377666 0.0006786307782236301 4.221147105482868e-05 4.816816111879583e-05 3.232818119471151e-07 2.1123486406227183e-07 0.0 6.085756825440946e-05 1.1841019269146951e-05 1.0879676700186907e-05 7.526335859129577e-06 3.427369811883467e-06 8.314085696637268e-07 4.808849920327079e-07 9.605102750986998e-06 3.868906879372367e-06 0.0 0.0003047088233808422 0.00013336563698156822 8.179250296952653e-05 1.2107439948803958e-05 1.9854278443960026e-06 1.708932888830677e-06 6.467266391159834e-06 6.562911080167698e-07 8.870181062564641e-07 2.8969504396831482e-05 5.125729532164686e-08 1.2325867285792204e-05 8.963180724810814e-06 2.237873734253261e-06 0.0 5.062170570219025e-06 1.5974370191632877e-07 2.826924658741735e-06 4.034096117725974e-07 6.22103943238628e-07 3.272481038943699e-07 2.4143746368133163e-07 7.51424014013831e-06 3.943058058612412e-06 0.0 2.2559123955020915e-06 0.0006448461337318884 9.039995139779028e-07 2.147838035608357e-06 4.3752556058530825e-07 5.023712879660252e-07 1.415734019546722e-06 9.056818829766342e-06 9.135461245082362e-07 0.0 5.465697764740655e-06 1.7757482683680008e-06 1.4824139194173517e-06 5.56395137462607e-06 8.241413885788986e-06 1.5886249632968963e-05 4.444695068169481e-06 5.510019490505918e-08 0.0 1.5148566945758467e-07 0.0 0.0 0.0 0.0 0.0 0.0 0.0 0.0 0.0 0.0 0.0 0.0 0.0 0.0 0.0 0.0 1.3336045320820203e-06 1.612633838034641e-06 0.0 0.0 0.0 1.7341114290123276e-06 1.5639443970479414e-06 6.699119619483162e-06 6.683586462461526e-07 3.2166969890479547e-07 0.0 0.0 0.0 0.0 0.0 0.0 0.0 0.0 0.0 0.0 0.0 0.0 0.0 0.0 0.0 0.0 0.0 3.8176526311156756e-07 2.544612296323856e-07 0.0 0.0 0.0 6.0325008932161975e-06 0.0 7.264483239214847e-08 0.0 8.208808592851269e-08 0.0 0.0 1.7460112639453204e-07 0.0 0.0 5.016674113723263e-06 0.0 0.0 0.0 2.190287330780492e-07 7.4208399540527905e-06 0.0 3.6207983488108207e-06 9.54817949344784e-07 2.4885703472556647e-07 4.090940720606493e-07 0.0 6.720581685743345e-08 0.0 0.0 0.0 0.0 6.815042534948516e-08 5.188144298274749e-07 0.0 0.0 3.4101378106031488e-06 2.7811017395230712e-06 4.109376473157641e-06
0.0002021269001003791 0.001613939068839353 0.0 0.00011651615082685538 0.0006298987676652936 1.890065292493842e-05 0.00031292310870583486 0.0014301610194977837 0.00041996866448056535 0.00023893803004272437 0.001057143602930441 1.837817554674013e-05 0.00033212994757732706 0.0013256806505132447 5.7519408042396436e-06 2.141948003981726e-06 0.0 3.690220244614192e-07 0.0 3.0537993362770024e-07 1.577846713509065e-06 0.0 7.051546401227785e-07 4.632577212645107e-07 7.976546525505311e-07 2.3296782999944285e-07 4.273495016939798e-07 6.20082445088244e-08 0.0 0.0 0.0027008744351528155 9.184546643899927e-05 3.7365040048736726e-05 7.620011290630821e-07 7.567125440047371e-07 1.0507411602809864e-06 2.4645328553465804e-05 1.1325264074179099e-06 1.556120094094234e-06 4.74560794950482e-07 8.11327411214457e-07 1.0388181419561931e-07 1.3827901398716274e-06 1.442076125535623e-07 6.090396522414553e-07 1.4484355887235474e-07 2.878431737213118e-05 1.3965680268654751e-06 2.4979954606598463e-07 1.8041879665300173e-06 2.091275180690307e-06 6.001860746083e-08 0.0 7.924963478748516e-08 2.2917970783314216e-06 3.348781064375669e-06 5.91187681725525e-05 0.0003540141096806622 1.1483732574822549e-05 1.0323507557658194e-05 5.148319572310734e-07 4.802240184807002e-06 6.59688232092874e-08 0.0001450832827795933 2.0939999129809356e-06 1.905702816996957e-06 2.154036555028024e-06 1.4548024447151518e-06 3.2818754109500824e-06 1.7557137245058076e-06 1.9497017769000535e-05 4.173075214619187e-06 0.0 7.434187215968472e-05 3.4481966550438824e-05 2.5532212244692723e-05 8.534978545125167e-06 4.729049133898888e-06 2.3197962828713166e-06 0.00010220350853601843 2.8355926361608397e-07 1.2696198891964218e-05 6.132735912156436e-06 0.0 2.739187580544812e-06 1.6857515574698777e-06 1.3347480716973035e-06 5.6964457161408716e-08 1.1000109111173193e-06 0.0 4.841764233376407e-07 3.758078794181393e-07 3.4439416601166188e-06 5.499264085445139e-07 7.162804425448414e-08 5.507852710684706e-06 2.739494517271651e-06 0.0 4.8857710376361825e-06 0.00013610308434844082 4.7151777745163644e-07 1.322172504220872e-06 0.0 0.0 8.112020593675782e-07 6.671127821513812e-07 2.502278468393308e-07 2.111059833103467e-07 2.9899673545579467e-06 2.1996963231919184e-06 1.1845827175119598e-06 2.646711605054164e-06 4.137389127919501e-06 7.011358693650929e-06 3.0673833078735165e-06 9.005960250236464e-08 0.0 0.0 0.0 0.0 0.0 0.0 0.0 0.0 0.0 0.0 0.0 0.0 0.0 0.0 0.0 0.0 0.0 0.0 8.671964255795578e-07 1.1155412459327152e-06 0.0 0.0 0.0 2.225357148592905e-06 7.239695641138159e-07 3.890681609373034e-06 1.2775323509898413e-06 1.4355091039923638e-07 0.0 0.0 0.0 0.0 9.766107506433346e-08 0.0 0.0 0.0 0.0 2.2192548687007218e-07 1.1543070434014046e-07 0.0 0.0 0.0 0.0 0.0 0.0 0.0 1.8105876564821e-07 0.0 0.0 0.0 3.109331929890656e-06 1.9144060238101346e-07 0.0 0.0 0.0 0.0 6.12959701306846e-08 0.0 0.0 0.0 2.2902963529512517e-06 3.3034872193436417e-07 0.0 0.0 6.045369070707433e-08 4.262526276031546e-06 0.0 2.0446151400314814e-06 0.0 7.031038598617286e-08 9.244183826744821e-08 7.12737678859556e-08 9.087261817112264e-08 0.0 0.0 0.0 0.0 1.3760856011664334e-07 1.8232673931972243e-07 0.0 9.018032868437091e-08 2.738046413418357e-06 1.4503131405884987e-06 4.6701469315727955e-06
0.0010838061457271223 0.0009606142211490633 0.00011651615082685538 0.0 9.0170031073286e-06 0.00044072556426570853 0.0003404044172765388 3.1496203420465006e-06 4.50146017294175e-05 0.0016125813101912452 5.55451844623451e-06 4.846976077369612e-06 3.64413370012722e-05 4.629383206194281e-05 9.458629512559301e-07 0.0 8.376153033097051e-08 6.075073365071372e-08 0.0 0.0 6.786528615056691e-08 0.0 0.0 0.0 0.0 0.0 0.0 0.0 0.0 0.0 1.973788531222238e-05 5.517194364796195e-07 7.562276109593768e-07 0.0 0.0 0.0 4.994881312424712e-07 0.0 0.0 0.0 0.0 0.0 0.0 0.0 0.0 0.0 2.2230860398374274e-05 9.005381537342559e-07 0.0 2.4340915792213263e-07 7.616701324543723e-07 0.0 0.0 0.0 1.8064131270144295e-06 3.4063162083517527e-06 3.991478637417359e-05 8.09585280231708e-05 9.11972808771138e-06 8.35185375930217e-06 0.0 0.0 0.0 4.313316700427811e-06 1.9529427636775296e-06 1.7663838759931753e-06 1.078100297622074e-06 1.2524256921718423e-06 1.4143934945243836e-07 0.0 1.3383022205755925e-06 1.2216515843154764e-07 0.0 6.718522614620462e-05 1.5973416648448853e-05 1.2220783707342508e-05 6.051701459071204e-07 1.1257479682096356e-07 1.7937103124534289e-07 5.66650187841747e-08 0.0 1.570584713352452e-07 6.032466347576159e-06 0.0 2.1077298362354514e-06 2.0401149096071485e-06 4.547667902506054e-07 0.0 1.360008763319971e-06 0.0 2.1605012612697007e-07 9.340859304786703e-08 0.0 2.5296033904989894e-07 7.068617536752048e-08 2.147285041961818e-05 8.720395196456962e-08 0.0 2.2559184024418904e-07 0.00039142525179005467 1.7458068490229595e-06 1.3244932755461732e-05 6.0124621256814367e-05 0.0001464753227577998 7.963003514905476e-07 4.901474744940808e-05 3.368477473053482e-05 1.0426156246693255e-05 1.851184506870285e-05 1.8511923686649872e-05 1.3506968410365653e-06 6.703891332381554e-06 6.563755126338307e-06 5.147093605917238e-06 8.743205047463511e-07 0.0 0.0 0.0 0.0 0.0 0.0 0.0 0.0 0.0 0.0 0.0 0.0 0.0 0.0 0.0 0.0 0.0 0.0 0.0 3.169105138487682e-07 1.4238901405317699e-06 0.0 0.0 0.0 1.3519585094863175e-06 1.8813636330756987e-07 4.145748470699066e-07 4.3279699302534096e-07 0.0 0.0 0.0 0.0 0.0 0.0 0.0 0.0 0.0 2.83706711272844e-07 0.0 0.0 0.0 0.0 0.0 0.0 1.2351485218247196e-07 5.295633690531305e-08 6.143811295749182e-07 4.682179850738887e-07 2.663890112906489e-07 0.0 0.0 1.8529796723398127e-07 1.083760514470125e-07 6.676964602926967e-08 0.0 6.124505569441581e-08 7.474459972910318e-08 0.0 9.027004272033797e-08 0.0 0.0 1.0150198854878074e-06 0.0 0.0 0.0 0.0 8.332910133528389e-07 1.0639812999665616e-07 9.009998712651427e-07 6.699144849548117e-07 1.9711495320506354e-07 6.4824084500521e-07 0.0 0.0 1.6926200319408456e-07 0.0 0.0 0.0 0.0 1.4780580620511038e-07 0.0 0.0 5.932750192401584e-07 1.8389409630102997e-07 1.992829151406317e-06
1.2369469537111682e-05 0.0011917696537602992 0.0006298987676652936 9.0170031073286e-06 0.0 3.1093915679270464e-07 0.002076595954990653 8.735903649307694e-05 0.0030772273574383993 0.0008716186432388502 0.002211373986693092 3.980030539041942e-06 0.00035744237577477113 0.0009657567681348276 1.5188363082543758e-06 2.1837609214734634e-07 7.575926318141442e-08 1.5167796036546852e-07 0.0 0.0 0.0 0.0 0.0 0.0 6.706494058172221e-08 5.90930201799846e-08 0.0 0.0 0.0 0.0 6.106261626876018e-05 6.059601787213344e-06 5.413492878107346e-07 0.0 0.0 9.344330389022285e-08 1.3273764965150728e-06 0.0 9.44970652241934e-08 6.062319287313657e-08 0.0 0.0 0.0 9.139196836583054e-08 0.0 0.0 1.640463237078664e-05 4.239896169734704e-07 2.6883783735629097e-07 3.088550928537591e-07 5.298250541120064e-07 0.0 0.0 0.0 9.301142419223979e-07 7.036414557345445e-07 7.553290764757095e-06 3.1766064906444064e-05 1.8105482006620871e-06 6.318604451481262e-06 1.525333458395505e-07 1.7458087075490247e-07 0.0 1.0865980808609665e-05 7.066982630378956e-07 1.0332874391356153e-06 5.023807870992453e-07 1.4036922391119116e-07 0.0 0.0 5.37908105194512e-07 0.0 0.0 2.2882381789687317e-05 2.1595077285704033e-05 1.565030317766263e-05 3.2269610961852216e-06 4.233623070646877e-07 3.62437922834177e-07 3.346660137375295e-07 0.0 3.09911933375358e-07 1.9246616964513342e-06 0.0 1.1289813033664692e-06 4.881617686187745e-07 1.971038938277397e-07 0.0 6.125530787486359e-07 0.0 3.335142415401223e-07 7.22352820817671e-08 7.448976138847089e-08 5.8365028636975886e-08 0.0 0.0 6.661743228566793e-07 0.0 3.519478235163845e-07 6.246749098016672e-06 4.0566341191422075e-07 1.2096984624573863e-07 0.0 0.0 0.0 0.0 0.0 0.0 1.0903247734635294e-06 1.960097689788045e-06 2.2639262176359214e-07 3.6301368044218966e-07 2.4126611583827375e-06 2.8531365118816904e-06 4.55225364348518e-07 0.0 0.0 0.0 0.0 0.0 0.0 0.0 0.0 0.0 0.0 0.0 0.0 0.0 0.0 0.0 0.0 0.0 0.0 0.0 7.651666532577933e-08 1.19633276901099e-07 0.0 0.0 0.0 5.332236833647751e-07 0.0 5.654000422535968e-07 0.0 0.0 0.0 0.0 0.0 0.0 0.0 0.0 0.0 1.7535038314688452e-07 0.0 0.0 0.0 0.0 0.0 0.0 0.0 0.0 0.0 0.0 0.0 6.436802193672013e-08 0.0 0.0 5.718833658785949e-07 8.807749409106625e-07 0.0 0.0 0.0 0.0 0.0 0.0 0.0 0.0 2.245641166309386e-07 0.0 0.0 0.0 0.0 1.415258585634582e-06 0.0 3.418577432530806e-07 0.0 0.0 0.0 0.0 0.0 0.0 0.0 0.0 0.0 0.0 0.0 0.0 0.0 3.685924709038368e-07 0.0 1.1982300625528072e-06
3.584114363940614e-05 0.0001510682935960543 1.890065292493842e-05 0.00044072556426570853 3.1093915679270464e-07 0.0 1.6052376981856828e-05 5.719525443487843e-06 2.2805375446338524e-06 0.0009159043547705443 1.023405282508324e-05 5.855450038567815e-05 6.391950210687966e-05 1.1681767691165722e-05 7.338665595803246e-07 2.3077725645564838e-07 0.0 0.0 0.0 0.0 0.0 7.178299484980204e-07 0.0 0.0 0.0 0.0 0.0 0.0 0.0 0.0 2.607976055211903e-05 0.0 1.2337731905097984e-05 0.0 0.0 0.0 2.206129066456444e-05 5.946413250018348e-07 4.7445290774186845e-06 0.0 0.0 0.0 0.0 0.0 0.0 0.0 1.925499510823436e-06 0.0 0.0 0.0 8.88386197120953e-08 5.088554371437123e-06 1.9798695527885077e-07 0.0 0.0 8.252540904283657e-07 4.4991020704817896e-05 4.142328920408447e-06 1.0573092189276794e-06 2.9224846035499994e-07 0.0 2.463108205174433e-06 0.0 3.178095861577559e-07 0.0 0.0 9.458542092999952e-08 0.0 0.0 0.0 9.773811488868512e-05 6.557368597504135e-05 2.6155649017279092e-06 2.54719932789442e-06 1.1670559035192793e-06 1.7969273292925184e-06 6.311825769058466e-07 0.0 0.0 4.748020187846228e-06 0.0 8.749906295889223e-07 4.070613539195777e-07 4.048782144800424e-07 0.0 6.145920424550759e-07 0.0 1.3654677362123547e-06 1.1251372611336982e-06 2.735872589553912e-06 1.4182294418436279e-06 1.4951748668380779e-06 0.0 0.0 7.972900602151045e-08 0.00018204043651828532 9.144580715844516e-05 5.848902600841431e-06 2.185259879647738e-05 0.00016937316089460936 1.0049479958351721e-07 2.3707202458070517e-07 0.0 1.3586414020990478e-06 0.0 0.0 9.071810169078183e-07 0.0 1.1594924412570504e-06 2.8098394488978623e-06 1.8188633747666554e-07 1.8315225896828623e-06 2.3028149164504565e-06 2.84170390122348e-06 1.904751572878511e-06 0.0 0.0 0.0 0.0 0.0 0.0 0.0 0.0 0.0 0.0 0.0 0.0 0.0 0.0 0.0 0.0 0.0 1.0329137010163682e-06 0.0 2.7689913680040875e-07 4.5232057071040724e-07 0.0 0.0 0.0 0.0 2.3216044956527143e-07 1.4289848010148756e-06 2.6620795414031227e-07 0.0 0.0 0.0 0.0 0.0 0.0 0.0 0.0 0.0 0.0 0.0 0.0 0.0 4.882212506307544e-07 0.0 0.0 0.0 0.0 0.0 0.0 0.0 0.0 0.0 9.363110588404101e-07 0.0 0.0 0.0 0.0 0.0 6.37908279863413e-08 0.0 0.0 0.0 2.859957059324953e-06 7.092374088813332e-07 0.0 0.0 0.0 7.484600641794209e-07 0.0 6.416224042408247e-07 0.0 0.0 0.0 0.0 0.0 0.0 0.0 0.0 0.0 9.649340673288076e-08 0.0 0.0 0.0 1.474720479643372e-06 2.021820294902047e-07 4.958402897057503e-07
0.00021369170342231804 0.0033976230301911107 0.00031292310870583486 0.0003404044172765388 0.002076595954990653 1.6052376981856828e-05 0.0 4.9392580108078176e-05 0.0012062877501327815 0.001574079318534052 0.0004012556677675784 4.613664594428406e-06 0.0016460865622393971 0.0007576185356475647 6.340873567770975e-06 9.525641767368797e-07 2.7167872523149235e-07 3.00712064152323e-07 0.0 1.2156521703992642e-07 1.2152304455959202e-07 0.0 0.0 0.0 0.0 0.0 5.7779046841130225e-08 0.0 0.0 0.0 0.0001430309970803087 6.339112942434742e-06 5.356638408977347e-07 1.1780012774776003e-07 0.0 0.0 3.729140763230537e-07 4.7480906649901866e-07 1.863497644959624e-07 8.109034653577419e-08 6.247154063962763e-08 1.8817122099642955e-07 4.579828892990453e-07 6.754260013618662e-08 6.221506863163962e-08 1.4664727447957133e-07 8.745587428698411e-05 3.0136751168683134e-06 3.128768468899498e-07 1.1305472240054109e-06 3.003507368571314e-06 0.0 0.0 1.363252914639606e-07 4.150377526807885e-06 4.891003798078285e-06 4.459376966562695e-05 0.00015610046716552659 1.3514922507272984e-05 3.1164233297446955e-05 0.0 1.58779071821263e-07 0.0 4.019475570884292e-05 6.043627718974835e-06 4.669061497283518e-06 4.040500855526627e-06 1.3944075522660238e-06 5.116751979370625e-07 7.233867119840846e-08 1.3283634013891966e-06 7.091856638445269e-07 0.0 0.00013042112445252218 9.938691680035686e-05 6.245733274476981e-05 1.2289962365679055e-05 5.768106580588974e-07 1.1561893494219186e-06 1.9846588138441118e-06 3.8536064832372887e-07 8.990714141418291e-07 1.2194273448339803e-05 0.0 5.4441268026199414e-06 3.55041747191383e-06 1.100083237609436e-06 0.0 2.3490394883909645e-06 0.0 1.3332378609507734e-06 8.070425908444631e-07 2.417384806584824e-07 1.2118570601749597e-07 9.218725231924447e-08 6.493831804791612e-06 1.5589144224497975e-05 0.0 4.0878431312756413e-07 3.944590237137028e-05 7.199002951379214e-06 1.682626741879415e-05 5.1374734867804324e-05 2.1672747540452708e-05 1.8576325129933085e-06 8.101156556160386e-05 3.5677987013647684e-05 6.198067483030837e-05 1.9352154766733273e-05 3.4751586694188755e-05 1.9899939125325617e-06 3.750765410138594e-05 1.0021862242673105e-05 9.959667911521186e-06 3.0770335323791997e-06 5.077475495650957e-07 1.8782936233538576e-07 0.0 0.0 0.0 0.0 0.0 0.0 0.0 0.0 0.0 0.0 0.0 0.0 0.0 0.0 0.0 2.2314411093837288e-07 0.0 3.368216882918851e-06 1.3918487519358315e-06 0.0 0.0 0.0 1.6007536759442158e-06 3.5311160041548427e-07 3.3214923812337736e-06 1.5544765788448491e-06 2.777463355818991e-07 0.0 0.0 0.0 1.3744464270668197e-07 6.1081688958844e-08 0.0 0.0 8.998909920137292e-07 2.2366868060850327e-06 0.0 0.0 0.0 0.0 0.0 0.0 8.669061100413781e-07 6.844099328009389e-08 4.1554549970721295e-06 5.790238115471408e-06 7.266161878312378e-08 0.0 0.0 1.969092997242215e-06 2.6770181995316936e-06 3.275124551350819e-07 1.067477536254881e-06 5.352125081680449e-08 1.847208925963869e-07 8.065762660045173e-08 2.0727470295655427e-07 0.0 0.0 3.4125443678204383e-06 0.0 0.0 0.0 0.0 4.3642626857501755e-06 4.79852716177837e-07 1.7091357526868406e-06 3.1171340544333237e-06 2.7021693941409487e-06 1.9553438003840636e-06 9.242616240315852e-08 1.823077869428148e-07 5.63799828367045e-07 0.0 0.0 1.0414794595019097e-07 0.0 5.359249890490808e-07 8.814814745082911e-08 0.0 3.3318069576788446e-06 1.1983428773794168e-06 1.8733691809135218e-06
7.08864029847678e-05 0.0001890775231186558 0.0014301610194977837 3.1496203420465006e-06 8.735903649307694e-05 5.719525443487843e-06 4.9392580108078176e-05 0.0 5.4995565146551835e-05 5.372689383942208e-05 0.0012498720436759018 2.0232951436337558e-05 0.00016056617421083286 0.0008787231296311315 2.9660729310675396e-05 1.8206552325186833e-05 2.0487150852420375e-06 7.1750790264261805e-06 9.486494646241148e-07 9.802956300806023e-06 3.189277815808231e-05 1.0090889708767045e-06 8.371127757587031e-06 4.807071912035949e-06 2.3681106104294813e-05 2.0252405060019336e-06 5.686247767942558e-06 4.467189960958918e-07 7.445169143233876e-08 2.7292150554968213e-07 0.00177995414395196 0.0018569030417331473 0.0002618273567496658 9.771504101684251e-06 1.776525058380936e-05 1.2379691182664564e-05 0.00013623084980575795 2.8205437830390678e-05 2.4342087806283445e-05 3.6453158089767482e-06 1.3034645124772771e-05 2.5008564848618926e-06 3.4445000159550256e-05 6.161972665607819e-06 6.430597268073612e-06 1.4782461646213595e-05 8.409964180881762e-05 2.6631186547983308e-06 2.995974923044078e-06 3.578179379845772e-05 2.0575135972718174e-05 7.252654569768797e-07 5.929442520791113e-07 5.546967080453039e-07 1.5572400143671576e-06 2.69556293513349e-06 4.6276747347705885e-05 0.00032477159532620723 1.0122798738184494e-05 1.4386908014938967e-05 3.116382113143322e-05 0.00015521820163164448 5.535998243176769e-06 0.0008273549211359226 1.888313933172004e-06 2.8261273510599396e-06 3.124487902489164e-06 1.2765590367596523e-05 4.3878929915775916e-05 3.467531786446096e-05 0.00011759827782540523 1.1590105378386241e-05 1.1283287037363455e-07 8.475400948461484e-05 0.00012372516682832872 0.00010620214745944371 0.00011368172770378521 0.00010919980538109089 0.0006301961850721068 0.0024074469804983892 9.026177750157845e-05 0.0013102905581702828 4.844729376338661e-06 4.6164415352401194e-08 3.3316084074387327e-06 1.4782963342705164e-06 2.6445266337044922e-05 0.0 1.263860725797367e-06 2.907320774663534e-07 1.9482389718761394e-06 1.0060167814020713e-06 4.1294957066108915e-05 4.804255928410015e-06 4.340352669914427e-07 3.072058822545002e-05 2.7714800404096628e-05 6.368058113796848e-07 3.845597911324867e-05 7.60972229209335e-05 9.754456337698867e-07 3.4319156840367887e-07 3.256405293268109e-07 1.5633234749620774e-07 2.3135776179468975e-06 2.5182248055873484e-07 7.075925720134134e-07 0.0 3.604710011047523e-06 3.4042231913650237e-06 2.5781120955620795e-06 4.111443502902136e-06 7.495788468508354e-06 1.4170293979881269e-05 7.601242380073984e-06 2.3689110051001264e-07 2.0717943628715907e-07 1.1725111455926741e-07 0.0 0.0 0.0 0.0 1.4640016393620595e-07 0.0 0.0 0.0 3.9560396750278977e-07 0.0 0.0 0.0 9.540496209027393e-08 3.998855159491189e-07 7.19453290708934e-08 0.0 4.2573723216835445e-06 2.3641543118457113e-06 0.0 0.0 1.4357782002107325e-07 5.847913259233133e-06 1.1804078668175629e-06 8.95629531251341e-06 6.4583295102583994e-06 5.593395769033947e-07 2.5790208184397445e-07 2.5855793504194976e-07 7.412248451539536e-08 0.0 0.0 0.0 0.0 4.753395862059283e-07 1.7943149529331746e-07 0.0 0.0 0.0 1.7192328127480324e-06 1.981420710764855e-07 0.0 0.0 6.213026936459939e-08 4.6155993705403403e-07 8.679494039729937e-07 0.0 4.176086040611009e-07 0.0 7.947532726347404e-06 1.5477398027430997e-06 8.328503178167743e-08 0.0 0.0 0.0 6.978647896089125e-08 0.0 0.0 2.972636447568308e-07 7.152805160569856e-06 2.4547505511296635e-06 0.0 0.0 6.37783506224643e-08 8.545209308928144e-06 0.0 5.489606495669494e-06 7.338488599876534e-07 1.2541844727488707e-06 4.882604540583383e-07 2.089043641560882e-07 1.4462797443779218e-07 1.3527650914426238e-07 0.0 0.0 0.0 7.467578378622017e-08 4.1213032544240964e-07 0.0 0.0 4.486772603061218e-06 8.330205275994267e-06 1.0328897361258297e-05
9.050176310764272e-06 0.0009807924610335354 0.00041996866448056535 4.50146017294175e-05 0.0030772273574383993 2.2805375446338524e-06 0.0012062877501327815 5.4995565146551835e-05 0.0 0.0006743358699760703 0.0014339456260440576 4.586320775013255e-06 0.0011832667718547668 0.0015527850685089935 1.2310490309205352e-06 5.076960110311855e-07 0.0 5.7171001358075886e-08 0.0 9.66109940708665e-08 0.0 0.0 0.0 0.0 0.0 0.0 0.0 0.0 0.0 5.3517584243160616e-08 2.7244538090829956e-05 3.0340893690779264e-06 8.15293483350851e-06 0.0 0.0 0.0 2.7388722414445794e-06 4.463268241514546e-08 0.0 0.0 0.0 0.0 6.84322834468322e-08 3.3239330251957773e-07 0.0 0.0 1.5043769956616917e-05 1.4435968128624143e-07 0.0 1.9603592968347155e-07 5.606440281642628e-08 0.0 0.0 0.0 7.018594917657159e-07 2.5046521962390717e-07 3.4879819545571866e-06 1.3960955977999209e-05 8.951466155098281e-07 3.404941601173654e-06 0.0 4.614307213085219e-08 0.0 5.997762907201984e-06 4.2425777245642374e-07 4.281148289606012e-07 1.3227322280262417e-07 1.9378008745765355e-07 9.912459321158146e-08 0.0 2.1044284560798807e-06 8.809218608377998e-07 0.0 1.2454862421965933e-05 1.114644046834442e-05 1.245767242618579e-05 2.2784013639528875e-06 2.0561692982943297e-07 5.114986333719541e-07 2.946319554206334e-05 0.0 2.1279789366066805e-07 8.559631636393241e-07 0.0 6.314318350793313e-07 2.638509805628501e-07 1.3460915144049832e-07 0.0 1.9993868757302986e-07 0.0 2.2602841031128524e-07 0.0 0.0 0.0 0.0 1.5698882938077789e-06 1.0983437489918557e-06 0.0 4.3260388528377923e-07 3.7566806502620926e-06 1.4673776404863702e-07 1.4904687943269247e-07 2.468925313745026e-07 0.0 1.1233129778380314e-06 1.1011535467088128e-06 1.394310950211234e-07 0.0 2.6633826710454557e-06 1.6921919009587703e-06 5.605941554203809e-07 1.75749406857414e-06 4.660618167481637e-06 6.5698096811167305e-06 2.7640084714772976e-06 7.498051781550053e-08 7.199957508721906e-08 0.0 0.0 0.0 0.0 0.0 0.0 0.0 0.0 0.0 0.0 0.0 0.0 0.0 0.0 0.0 0.0 0.0 6.160797902754647e-07 1.0035579330625392e-06 0.0 0.0 0.0 1.553714427133874e-06 8.601179697859411e-08 2.452600791736042e-06 5.521617427382736e-07 0.0 0.0 0.0 0.0 0.0 0.0 0.0 0.0 0.0 2.170101489129765e-07 0.0 0.0 0.0 0.0 0.0 0.0 0.0 0.0 0.0 8.552336715086039e-08 0.0 0.0 0.0 2.7623299149809235e-06 0.0 0.0 0.0 0.0 0.0 0.0 0.0 0.0 0.0 3.1058729972032773e-06 0.0 0.0 0.0 0.0 2.690835005438024e-06 0.0 7.825079496375816e-07 0.0 6.95373841541422e-07 1.441889584586157e-07 0.0 1.9474547931895823e-07 0.0 0.0 0.0 0.0 0.0 0.0 0.0 0.0 1.3006112569141813e-06 2.224811857045496e-06 1.0049628686326437e-06
0.0007393352149391996 0.0014860785098716556 0.00023893803004272437 0.0016125813101912452 0.0008716186432388502 0.0009159043547705443 0.001574079318534052 5.372689383942208e-05 0.0006743358699760703 0.0 0.00023933593984909856 0.001188871219906603 0.006697989356012494 0.0006117151800407516 1.4705286277949875e-05 3.12411365958506e-06 2.4136870739484083e-07 1.324912393824073e-07 0.0 3.4570176254108503e-07 6.424013239869621e-08 7.296356272883034e-08 0.0 0.0 1.4762170198981814e-07 7.163319764897983e-08 0.0 0.0 1.931355001398981e-07 7.007653751768965e-08 0.00010732841160688135 1.3689773667374096e-05 2.4840940335378613e-05 0.0 1.4111927914140856e-07 0.0 4.5678275251724075e-05 1.324905138688991e-06 1.439481742461958e-06 1.7702479581847733e-07 0.0 6.687868873631066e-08 3.4825113716130896e-07 1.6275020052523945e-07 0.0 9.884119781489687e-08 0.00019853955285283463 3.83270622875621e-06 7.460491658123604e-07 1.3912977517305834e-06 3.519495700719901e-06 6.562861427693572e-07 8.355382512913198e-08 1.6346273647371427e-07 6.626220522369538e-06 7.5460821570715065e-06 8.131005010196083e-05 0.00017182878185085707 2.0075282491962985e-05 5.304021373768329e-05 1.3591673236748047e-07 2.383704872575867e-07 0.0 5.587510612711245e-05 6.232521548672115e-06 5.1851376161077085e-06 4.8593709639898734e-06 2.3626952541610186e-06 2.024722578382732e-07 1.7235994128538307e-07 8.650297812701354e-05 2.967139232175151e-05 1.4892708021924198e-07 0.00018949916793654475 0.00013671672166376198 0.00011126775261336421 2.1617113301524643e-05 3.1430287145359347e-06 1.65460360594834e-06 4.388938717195533e-06 6.741403969319814e-07 6.900930760594089e-07 1.6021165220940395e-05 1.2015398083701462e-07 7.794894857919763e-06 5.7980293366611625e-06 1.594827680690993e-06 8.269955477068882e-08 2.194463691240507e-06 4.1532954632080933e-07 1.910851122343513e-06 3.1569236703160513e-07 2.427158405098537e-07 2.945325246432833e-07 1.3820812521409834e-07 0.00025460614561870703 0.00011190729144009512 6.648017485848686e-07 8.558518264556603e-06 0.0007015321409335141 8.184178106766884e-06 2.131186077100592e-05 1.1637620859586587e-05 2.1414168188765956e-05 1.1258808886171036e-05 3.3463475745917762e-06 3.166649005890681e-05 1.86877261918264e-06 6.319653150282013e-05 7.00307134053431e-05 2.2332024409598667e-05 7.906995165235159e-05 0.00011355820175551374 0.00019210064354950048 6.391245246512347e-05 4.068426444078544e-07 4.5879297262667884e-07 0.0 0.0 0.0 0.0 0.0 3.5073402702689903e-07 0.0 0.0 0.0 0.0 0.0 2.5202522969106725e-07 0.0 4.974963511533107e-07 0.0 0.0 0.0 3.073805903126833e-05 2.7087469592631863e-05 0.0 0.0 0.0 2.3038239084154505e-05 2.595919634180655e-06 4.200324455707929e-05 1.8166103740206873e-05 1.624000413655636e-06 0.0 0.0 0.0 5.009862133855711e-07 8.899712215722589e-08 0.0 0.0 9.092909258314477e-07 2.642291947470931e-06 0.0 2.4622452662833084e-07 1.0014463216372556e-06 1.2841011805806795e-07 0.0 0.0 0.0 0.0 2.397323486180438e-06 5.671716920911088e-06 3.0762845739088083e-06 0.0 0.0 5.62964909624442e-05 4.966258432427006e-06 2.2672903792608568e-07 4.159830178520498e-07 6.916581385640933e-08 2.3481425040557042e-07 0.0 8.159662739163637e-08 0.0 0.0 6.301884280477966e-05 1.2256051235616595e-06 1.288948400115786e-07 0.0 1.3376015837828856e-07 6.284250609037784e-05 1.2679743414996444e-06 2.1027377902536795e-05 1.05549194296362e-06 3.3222774180545883e-06 2.8199672136452257e-06 3.8513710664423706e-07 1.5384715214050667e-06 2.2026592864013803e-07 1.4543269327908065e-07 0.0 3.7871981346750147e-07 9.974326671035446e-08 2.1884074660831045e-07 0.0 0.0 5.467859158507441e-05 3.252539275914928e-05 3.815386998817002e-05
2.309157137564348e-05 0.0008119049016846386 0.001057143602930441 5.55451844623451e-06 0.002211373986693092 1.023405282508324e-05 0.0004012556677675784 0.0012498720436759018 0.0014339456260440576 0.00023933593984909856 0.0 7.40567720632371e-05 0.001053703796986425 0.0042590267508679685 1.545142334057272e-05 6.128389884328042e-06 5.823054798540419e-07 2.0134466942447452e-07 1.1598710115440656e-07 0.0 9.73205669322301e-07 0.0 0.0 0.0 4.879159292154584e-07 3.309353186499449e-07 4.74242454674826e-07 0.0 0.0 0.0 0.0004737821414003446 9.543172922052353e-05 0.0005041887593919595 1.1613270405196155e-07 2.2857441205087304e-07 3.951954038173564e-07 0.0002744718970836476 7.327226656978508e-06 1.4556317727360148e-05 1.9326713885272435e-07 5.14018115550731e-07 2.894228720499221e-07 6.166269449378927e-07 1.7102675399928595e-07 8.391860102268825e-08 3.539107528564849e-07 6.15439476833426e-05 4.604801930667823e-07 2.7498126639223473e-07 4.886149415187162e-07 1.6260434431746522e-06 0.0 0.0 0.0 9.438713271911796e-07 1.0554870419615524e-06 1.4192589790112015e-05 7.451713210374105e-05 3.33150561029706e-06 1.1127230357466662e-05 7.920678314207028e-08 2.0299187263202537e-05 0.0 4.43288759785185e-05 9.413974179070929e-07 1.3216169655408627e-06 1.0984790037998404e-06 1.1111444872261817e-06 1.2127636078887862e-06 4.0086901581993386e-07 0.00018517606644055732 5.027220262516007e-06 8.22844472379261e-08 3.907802053199932e-05 5.020825370773439e-05 6.447978033581374e-05 2.490746839596422e-05 6.833065910394082e-06 9.86077586810432e-07 0.0008699226578567456 0.0 2.455918268104021e-05 2.6136404324049673e-06 0.0 1.0914952272896027e-06 4.770870091236713e-07 1.3101838730425617e-06 0.0 3.7244129941484346e-07 0.0 7.771948641578541e-07 1.9329396587340277e-07 1.7004167506965891e-06 3.9799704696439457e-07 8.868238420986839e-08 5.8319067659098805e-05 4.1633172052385474e-05 0.0 3.4032339328167794e-05 2.41006380350295e-05 1.2567518268879136e-06 1.224346093760024e-06 1.1414212259738903e-06 4.6199466695087835e-07 1.9717533511077496e-06 0.0 1.3016707636176165e-06 1.6374761869125076e-07 3.961482742608329e-06 3.2521077982092483e-06 2.0879616168638667e-06 5.739517310084844e-06 1.0751744301339697e-05 2.2433536226767505e-05 7.3879450109751175e-06 6.539105105079955e-08 1.2935030279919018e-07 6.78990103679747e-08 0.0 0.0 0.0 0.0 0.0 0.0 0.0 0.0 0.0 0.0 0.0 0.0 2.450865396464758e-07 2.418199758791852e-07 0.0 0.0 3.678274405424904e-06 2.442313675587198e-06 0.0 0.0 0.0 2.836053527680142e-06 6.995844998380009e-08 4.509222528697794e-06 1.6263886563605192e-06 1.912316076833127e-07 0.0 0.0 0.0 6.645671154053801e-08 0.0 0.0 0.0 1.381799444522122e-07 2.6075293233667373e-07 0.0 0.0 0.0 0.0 0.0 0.0 0.0 0.0 0.0 0.0 8.710031504445289e-07 0.0 0.0 8.331747705781542e-06 1.4251026980038792e-06 7.404451819973908e-08 0.0 6.030367782544954e-08 0.0 0.0 0.0 0.0 0.0 6.513641453233106e-06 9.363267622384196e-07 0.0 0.0 7.422687402384444e-08 7.773907564762454e-06 1.7645182370508522e-07 2.2413266875345608e-06 2.2031572796076791e-07 5.936674435770242e-07 4.5330357956322485e-07 0.0 1.8245079708178559e-07 0.0 0.0 1.1323886424524993e-07 0.0 0.0 9.610151930354479e-08 0.0 0.0 5.593567184793513e-06 4.979361958974436e-06 4.624262102785884e-06
1.0276845135332639e-05 2.272817497650054e-05 1.837817554674013e-05 4.846976077369612e-06 3.980030539041942e-06 5.855450038567815e-05 4.613664594428406e-06 2.0232951436337558e-05 4.586320775013255e-06 0.001188871219906603 7.40567720632371e-05 0.0 0.0009605514371649528 9.689080114473798e-05 1.4302730220659015e-05 5.441742097998011e-06 2.7950696091813197e-07 0.0 0.0 5.836340414752666e-08 7.512633639385811e-08 0.0 0.0 9.781489677715277e-08 6.406969867512493e-08 0.0 0.0 0.0 0.0 0.0 8.88040798541375e-06 2.696854239043307e-06 1.0624638942002363e-05 1.2699070892942432e-07 0.0 0.0 6.85023986371031e-05 1.6474542691828795e-07 6.416182053486043e-07 0.0 9.23075104280196e-08 0.0 6.355948967528386e-08 1.0439328056864993e-07 9.493797185210739e-08 1.8907657558241158e-07 3.0618459584130556e-05 4.238676701299006e-07 4.7155883940528525e-07 3.231664594293604e-07 3.808988733276007e-07 0.0 0.0 0.0 7.969754415805314e-08 1.8662128368164538e-07 4.156443563147328e-06 5.230902636503262e-06 9.481810885220676e-07 4.4286321899187945e-06 0.0 1.027291884529083e-06 0.0 5.468392893693891e-06 4.7412227916720935e-07 1.797132616115996e-07 1.6162970204420647e-07 7.557698995846747e-08 5.032630500724914e-07 9.629919305358666e-08 0.0001442310946953973 5.381363377020123e-06 0.0 8.120088840795118e-06 1.2552105576469167e-05 3.4003936277386404e-05 7.831839198887983e-06 1.9848058989735653e-06 3.476066737452912e-07 7.0962046074008865e-06 0.0 3.357318669633043e-07 4.71085745859301e-07 0.0 4.0434850701785734e-07 1.3902416500304567e-07 1.0319961581705642e-07 0.0 1.3303363071136546e-07 0.0 0.0 5.779702177099637e-08 0.0 2.6838824383988157e-07 0.0 0.0003521287337146714 0.00025597400804969254 0.0 3.299470932586349e-05 3.727419449162289e-05 3.904610069100802e-06 6.838224825400541e-06 3.282269624978714e-06 3.3994094574217562e-06 3.4827103715706196e-06 5.320633573585167e-07 1.0820301294179952e-05 1.2076982799948318e-06 2.3694905095884647e-05 3.1748968953860644e-05 8.234711031229633e-06 3.004687002598357e-05 5.8649391545618194e-05 9.84451168486489e-05 2.8289208010898517e-05 6.288383514405032e-08 3.3239206350220117e-07 0.0 0.0 0.0 0.0 0.0 2.526453532990661e-07 0.0 0.0 0.0 0.0 0.0 0.0 0.0 0.0 0.0 0.0 0.0 7.764019035914687e-06 9.113042896033072e-06 0.0 0.0 0.0 9.875395970276434e-06 2.1796038483839425e-06 1.1380037012472339e-05 3.550986162533843e-06 3.8868017320043616e-07 0.0 0.0 0.0 0.0 0.0 0.0 0.0 1.5259676058446253e-07 8.91399652582985e-07 1.1775190702704691e-07 0.0 1.0791069487620166e-07 2.4606372970657693e-07 0.0 6.298479670442432e-08 0.0 0.0 1.990650472429337e-07 2.0002024336791554e-06 1.3042205191209596e-06 0.0 0.0 1.9089087129667487e-05 2.9741600626472717e-06 0.0 0.0 0.0 0.0 0.0 7.530615452681828e-08 0.0 8.484621203191533e-08 3.140876275193618e-05 1.502977454865024e-07 0.0 0.0 0.0 2.375748396755175e-05 8.158717414794877e-08 8.237164758297343e-06 5.224369357533224e-07 1.6397199556023335e-07 2.2858916553556022e-07 0.0 0.0 0.0 0.0 0.0 0.0 1.033252017005506e-07 0.0 0.0 0.0 2.851603297630327e-05 6.790082236205357e-06 9.23878428997488e-06
2.9044491063844327e-05 0.0004940515669384334 0.00033212994757732706 3.64413370012722e-05 0.00035744237577477113 6.391950210687966e-05 0.0016460865622393971 0.00016056617421083286 0.0011832667718547668 0.006697989356012494 0.001053703796986425 0.0009605514371649528 0.0 0.004938148663790633 4.149610912798773e-05 1.609945930717129e-05 6.844636419097346e-07 2.3094506070900942e-07 6.809065423345079e-08 1.0365132025195919e-07 4.1302870481945715e-07 0.0 7.097841367711089e-08 1.1459997990080455e-07 6.15983995876446e-07 0.0 1.8865513070521556e-07 3.428850813942584e-07 1.0270011284513911e-07 1.3396695037843103e-07 0.00012470062922554482 1.6987516430454947e-05 0.00021524033954399823 7.082557400028635e-08 2.5615559966164693e-07 6.745028186925221e-07 0.0001693670165661386 1.352642529679319e-06 2.402289454058702e-06 7.238314870995856e-07 6.364110053760847e-07 1.592429553380817e-07 4.0131910035434063e-07 8.539387606815351e-07 4.058057199433448e-07 1.3722590566123912e-07 0.0001350028921277808 1.0506374728823842e-06 8.57405315620257e-07 1.1706120898928098e-06 2.2367748864536447e-06 7.476064729860582e-08 2.6853518212283125e-07 2.0218908730029765e-07 8.658990963741285e-07 1.7276944019948801e-06 1.5703121460498477e-05 5.627195896447439e-05 4.312454509536065e-06 2.1860444300395083e-05 2.5570761227887376e-07 3.09580029989487e-06 0.0 3.58575725279788e-05 8.12721305763051e-07 1.2257465092111808e-06 1.2830710661227875e-06 7.754663385495796e-07 1.4551113684587463e-06 6.555632679092185e-07 0.00019092788235643433 1.4657573265257039e-05 8.715058243831394e-08 5.9572746149273774e-05 7.687017536664937e-05 0.00013695917543374089 3.755301625757599e-05 6.204557206410031e-06 1.1782331343403748e-06 4.3699656055615564e-05 3.112851914012026e-07 1.752000494974279e-06 3.8102163700484836e-06 0.0 1.2812852933227645e-06 1.062575419072088e-06 1.0881978808239358e-06 0.0 5.842118136337544e-07 0.0 2.6867828862982017e-07 6.570355876687931e-08 1.4184364816472458e-06 2.385731491998074e-07 6.220687276114155e-08 0.0005909408540498267 0.00011604642465017434 0.0 2.0789386825344665e-05 5.328385782706687e-05 9.697663149450526e-06 1.345860410589437e-05 7.459759862338354e-06 5.072711478427161e-06 9.333651830572569e-06 3.08970756502544e-06 1.827909385565245e-05 2.39929496932939e-06 5.966781810020486e-05 5.2556130750022696e-05 2.1481061975158448e-05 7.621509360383746e-05 0.0001285077058475489 0.00020901030988412905 6.851451607102114e-05 6.015667070820116e-08 2.3147949708751494e-06 6.665978189959766e-08 0.0 0.0 0.0 0.0 0.0 0.0 0.0 0.0 0.0 0.0 0.0 0.0 0.0 0.0 0.0 0.0 2.2641771562840852e-05 2.4718791022602624e-05 0.0 0.0 0.0 2.2400891280684794e-05 2.1858512539225436e-06 3.6405351407360975e-05 1.3694669309543862e-05 1.5072607930031191e-06 0.0 0.0 0.0 6.892304446281507e-08 1.3380764486648231e-07 0.0 0.0 8.361213971140595e-07 1.542859005837089e-06 2.6701946004345217e-07 0.0 1.7620251505311486e-07 8.290197900513142e-07 0.0 0.0 0.0 0.0 1.8464496607044864e-06 5.502044357836908e-06 1.297967794985546e-06 0.0 0.0 5.3364980723048025e-05 7.833293461116535e-06 2.661431168198939e-07 0.0 0.0 0.0 0.0 1.0648807348028558e-07 0.0 0.0 6.608502722108381e-05 1.593035933073843e-06 0.0 9.953799365373655e-08 8.435311982768324e-08 6.836832579662848e-05 2.5907449974203715e-06 1.6996600373541068e-05 9.266404869160327e-07 3.3113950733691065e-06 1.7818881271983186e-06 7.26173202407503e-07 2.5275650508901916e-06 0.0 1.0189621083752848e-07 0.0 0.0 5.93575921493478e-07 3.570133028457959e-07 0.0 0.0 5.328527598341128e-05 2.8035624519531475e-05 2.8884361807254143e-05
