0.0 0.002640614713598301 0.0003429998476222817 0.001914993864113355 3.688753604702256e-05 1.8176006512865154e-05 0.0002388783301736666 0.00017791249127849416 6.111011237207195e-06 0.0009949195674838944 8.600204380187303e-05 1.3417108747865839e-06 1.1866948197445583e-05 5.417279122701294e-05 9.361027021245182e-07 1.146527914018645e-07 0.0 0.0 0.0 8.912545996726795e-08 0.0 0.0 0.0 1.6212395090253606e-07 0.0 0.0 0.0 0.0 0.0 0.0 0.0007009185934775906 4.892196056322096e-07 3.703109368840499e-05 0.0 0.0 0.0 1.762525359205436e-06 0.0 0.0 0.0 0.0 0.0 0.0 0.0 0.0 0.0 4.096839984607251e-06 1.0825375539275582e-06 0.0 0.0 0.0 0.0 0.0 0.0 3.7320798163320846e-06 6.946124243297095e-06 0.00011823953526498486 0.0008640793447266994 1.2968012952003379e-05 1.4823266706561706e-05 0.0 3.41901967562439e-07 0.0 7.47346188956634e-07 9.975447201502833e-07 8.898856524963911e-08 9.322596925674733e-08 2.127443554601851e-07 9.361505169933473e-08 0.0 2.193081389261471e-05 5.329548255139749e-07 0.0 0.00012823330602202725 3.300780088225554e-05 2.4579087537448935e-05 0.0 0.0 1.9887841486405483e-06 6.65729621968797e-05 4.4453496473692563e-07 1.750985072615256e-05 6.269102034530923e-06 1.0783681245718134e-07 6.254326655129656e-07 1.0432955237957275e-06 9.952011318276715e-08 0.0 0.0 0.0 8.192054141246469e-08 0.0 8.541667892179488e-08 0.0 0.0 7.094863282066399e-05 1.5806852906191454e-05 0.0 1.3268962096552526e-07 0.0010703846594970852 0.0 0.0 0.0 0.0 0.0 5.253880375023859e-07 6.175173458764225e-07 6.243417451351328e-07 2.1329000133130904e-06 3.6471854281325397e-07 0.0 1.4891555793399209e-06 1.8659465807517265e-06 4.036384313188584e-07 3.6004631596627833e-06 0.0 0.0 0.0 0.0 0.0 0.0 0.0 0.0 0.0 0.0 0.0 0.0 0.0 0.0 0.0 0.0 0.0 0.0 0.0 0.0 0.0 0.0 0.0 0.0 0.0 0.0 0.0 0.0 0.0 0.0 0.0 0.0 0.0 0.0 0.0 0.0 0.0 0.0 0.0 0.0 0.0 0.0 0.0 0.0 0.0 0.0 0.0 0.0 0.0 0.0 0.0 1.7351384714738677e-06 0.0 0.0 0.0 0.0 0.0 0.0 0.0 0.0 0.0 1.6662617990718972e-07 0.0 0.0 0.0 0.0 0.0 0.0 0.0 0.0 0.0 0.0 0.0 0.0 0.0 0.0 0.0 0.0 0.0 0.0 0.0 0.0 1.0274016097396081e-06 2.3822347073473436e-07 0.0
0.002640614713598301 0.0 0.0008060598331891477 0.001268490649287086 0.0013416001855485402 7.241726057901134e-05 0.0022118521834551177 0.0006290501153774875 0.0007482078370248264 0.001053644665132291 0.0012565839582820762 8.807703088816036e-06 0.0003916581055858902 0.0016922535923620254 2.7656558728661378e-05 3.496598395694572e-06 6.956036041154423e-07 0.0 1.4162381900399194e-07 8.606817861462107e-08 0.0 0.0 0.0 0.0 0.0 0.0 0.0 0.0 2.396043410212728e-07 8.298834333522618e-08 0.0031050014538686567 2.8995999376601194e-05 0.00018216138130809777 0.0 0.0 0.0 3.917170132934402e-06 9.293532423003398e-07 1.5407396065392703e-07 0.0 3.570463580438583e-07 0.0 5.238239403664312e-07 3.428592171554772e-07 7.916905076930629e-08 9.343026049432369e-08 0.00014508577392885626 8.202126795668209e-06 2.0451353250637419e-07 2.9703907854945736e-07 4.136312491929004e-07 1.772991931969015e-07 0.0 1.0697064916903123e-07 2.63979901093959e-05 5.015911838478385e-05 0.00011779308737221903 0.0008132279392804856 4.940592470943121e-05 0.00014418434863047535 1.2389098726227722e-06 8.002119675117318e-07 0.0 6.142189315556811e-05 9.849356175268244e-06 4.977543971613184e-06 1.1626685813644168e-06 1.5579549317662368e-06 4.4540210744770887e-07 0.0 1.894108559749803e-05 0.0 0.0 0.00045465951254058495 0.0002792520154351735 0.00028013832470211934 4.195914727792668e-05 3.7274839028319466e-06 1.8407970316710866e-05 0.00048799216494145413 1.3068621673038318e-06 5.6227062354742025e-05 3.5763907870758446e-05 1.7821616267383997e-06 7.931234948263162e-06 6.180032469669209e-06 2.1571013017239692e-06 2.198620509882644e-07 4.3196243606711604e-07 8.435229137515748e-08 1.23123870128374e-06 5.72573287212714e-07 1.3340454099446994e-06 6.195844377484434e-07 1.7694569644332056e-07 8.310782934266957e-05 9.451090863316706e-06 0.0 2.154232831290058e-06 0.0009050053769193525 0.0 0.0 1.5071219040770832e-06 5.435123077422446e-07 0.0 2.3691581160987353e-05 2.1207804540080465e-06 1.3635176802659643e-05 2.295394460073285e-05 8.127423381585733e-06 2.82778948909955e-06 2.0621174109929295e-05 2.9090699050446704e-05 2.067688046577789e-05 5.210444093974078e-05 5.651960174806506e-07 0.0 0.0 0.0 0.0 0.0 0.0 0.0 0.0 0.0 0.0 0.0 0.0 0.0 0.0 0.0 0.0 0.0 0.0 4.2539796469278513e-07 3.2168652117594685e-07 0.0 0.0 0.0 7.88040388622082e-06 0.0 4.88015731978893e-07 1.244574615079128e-06 0.0 0.0 0.0 0.0 0.0 0.0 0.0 0.0 1.1456527862927826e-06 7.151498735908881e-07 0.0 0.0 0.0 0.0 0.0 9.413553321033133e-08 0.0 0.0 5.210154051564345e-07 4.1462417969659e-07 1.6952225101502918e-07 0.0 0.0 4.087370946994046e-06 0.0 4.870887900751156e-07 1.5725336376615192e-07 1.8153859685855255e-07 0.0 0.0 0.0 0.0 0.0 1.6396415033948757e-05 1.3250142218593614e-07 0.0 0.0 6.68634283701377e-08 1.3258585555854194e-05 0.0 7.900341965558825e-06 5.750545048199297e-07 0.0 9.481999319538341e-08 1.255278378158594e-07 0.0 0.0 3.2091938839848776e-07 0.0 0.0 7.336023116267856e-08 8.312332681841104e-08 9.89748196317293e-08 0.0 2.5630472636491366e-05 6.311566120270346e-06 5.1167542892025726e-06
0.0003429998476222817 0.0008060598331891477 0.0 0.00015567231687133623 0.0007777799642718349 1.3952118361255006e-06 1.5347265269821785e-05 0.0022133881180958367 0.00017443232460870607 1.0885344043155869e-05 0.0025082742035726145 1.4837200353828284e-06 8.269361880919919e-06 0.00032057346304776744 1.0849876381378213e-05 3.1404009726226837e-06 0.0 0.0 0.0 8.677305684095702e-08 1.5066803885158894e-07 0.0 1.6649193099097973e-07 1.1316305216825368e-06 0.0 4.240415459643465e-07 3.228268479843881e-07 5.738873187060821e-07 0.0 0.0 0.0028615958270209875 0.00025358331488586997 9.704001694645091e-05 0.0 1.0195404712190113e-06 0.0 4.417645045817949e-07 0.0 2.992380660027502e-07 0.0 1.1426431701749517e-06 6.63973184183762e-08 1.0826618589834223e-06 6.515431751101761e-07 0.0 0.0 4.7693723588261614e-05 2.585288111150896e-06 1.5221608433883274e-07 1.6601107256673316e-06 6.450790741511107e-07 0.0 0.0 8.895604025636137e-08 6.185464585647085e-06 1.0850873671672923e-05 3.192302763293058e-05 0.000368261453833902 1.2032528483209888e-05 3.84577503030639e-05 8.224167668193524e-06 7.840066480698485e-06 0.0 9.93578654709324e-05 2.010741260126087e-06 1.614322452304622e-06 3.9103616628965737e-07 8.574196762338484e-07 3.2435556347771828e-06 1.8871391100395788e-06 3.242684798826886e-06 0.0 0.0 0.00012448340435599868 0.00010128536335015054 8.494459502249141e-05 4.188445445385143e-05 7.11265280061363e-05 0.0002299208338064414 0.00042246209677990757 1.8725100713431147e-05 0.00021261570386270535 9.673944513127273e-06 3.557078545877522e-07 1.9034588620932153e-06 1.671064499977017e-06 1.9673528918873978e-06 0.0 5.465803695454029e-07 0.0 4.481607805235108e-07 1.5264603047017235e-07 6.344446059030977e-06 9.176525085988213e-07 8.324413587959866e-08 4.185178196224575e-06 2.5472177017409472e-06 0.0 6.057051960488306e-07 0.000110624043123228 0.0 0.0 0.0 0.0 0.0 0.0 0.0 0.0 3.8346938507961445e-07 2.6177951007362053e-07 3.113179995004252e-07 4.885903946058349e-07 3.3012100962509623e-07 2.5729138067395735e-07 1.3298360623151055e-06 0.0 0.0 0.0 0.0 0.0 0.0 0.0 0.0 0.0 0.0 0.0 0.0 0.0 0.0 0.0 0.0 0.0 0.0 0.0 0.0 0.0 0.0 0.0 0.0 2.367629611453333e-07 0.0 2.4387103928727825e-07 1.0351708933806132e-07 0.0 0.0 0.0 0.0 0.0 0.0 0.0 1.9425426406527762e-07 0.0 7.551401554083044e-08 0.0 0.0 1.0283647902808147e-07 0.0 1.1278660359748004e-07 0.0 0.0 0.0 0.0 0.0 0.0 0.0 0.0 2.235020411968468e-07 0.0 0.0 0.0 0.0 0.0 0.0 0.0 0.0 0.0 2.3965476088224476e-07 0.0 0.0 0.0 0.0 6.699392963446642e-07 0.0 1.779666153090634e-07 0.0 0.0 0.0 0.0 0.0 0.0 0.0 0.0 0.0 0.0 7.875350351098409e-08 0.0 1.0006095172113311e-07 0.0 3.478307120292659e-07 4.896174008553049e-07
0.001914993864113355 0.001268490649287086 0.00015567231687133623 0.0 9.051127960284613e-05 0.0003027378544323735 0.00040402927836815977 2.6570989916096416e-05 1.1406589673845032e-05 0.0004831800087650501 3.583762851584706e-05 4.2432398152496075e-06 0.00011140375848884357 5.281876826155688e-05 9.163243706989171e-07 0.0 0.0 0.0 0.0 0.0 0.0 0.0 8.23498345953821e-08 0.0 0.0 0.0 0.0 0.0 0.0 0.0 6.260102190690465e-05 9.091172280385507e-08 3.707115958981155e-07 0.0 0.0 0.0 7.015049315500857e-08 0.0 0.0 0.0 0.0 0.0 0.0 6.846928019737893e-08 7.33997889545864e-08 0.0 7.163344111288995e-06 6.12596406894527e-07 8.98856891754722e-08 0.0 0.0 0.0 0.0 0.0 3.1653134306900085e-06 5.396276142299925e-06 3.522667335602549e-05 0.0001239202422354445 7.336873901260355e-06 1.1568391680366174e-05 7.304190520379425e-08 0.0 0.0 4.348439566274609e-06 8.918477421002771e-07 4.2690845884420997e-07 1.709936566812246e-07 1.5790131985347873e-07 0.0 0.0 8.375552712428081e-07 0.0 0.0 6.838606262833826e-05 2.7314850421520022e-05 2.3013634234422967e-05 1.3910308985538157e-06 1.5141109415598173e-07 0.0 1.5874867958738044e-06 0.0 3.2127200775262635e-07 5.138451642842383e-06 2.852065308852198e-07 1.4760992294923993e-06 6.937802796543528e-07 0.0 0.0 0.0 1.287930968440494e-07 0.0 1.661731629316013e-07 0.0 8.521436013257705e-08 0.0 5.291166674997374e-06 5.312303751280167e-07 0.0 0.0 0.0005162891390805661 0.0 3.322245917917502e-07 0.0 0.0 0.0 2.9128484271030203e-06 2.9013150998547735e-07 1.3009903449760134e-06 2.5416793252089135e-06 6.959786481669538e-07 7.59732804166332e-07 1.300820728020271e-06 2.6747761343326483e-06 9.101394596026838e-07 9.93932248997076e-07 0.0 0.0 0.0 0.0 0.0 0.0 0.0 0.0 0.0 0.0 0.0 0.0 0.0 0.0 0.0 0.0 0.0 0.0 0.0 0.0 0.0 0.0 0.0 0.0 2.520757987165722e-07 0.0 0.0 0.0 0.0 0.0 0.0 0.0 0.0 0.0 0.0 0.0 0.0 0.0 0.0 0.0 0.0 0.0 0.0 0.0 0.0 0.0 0.0 0.0 0.0 0.0 0.0 1.0742964742422833e-06 0.0 0.0 0.0 0.0 0.0 0.0 0.0 0.0 0.0 7.36494009340506e-07 0.0 0.0 0.0 9.096132647929934e-08 7.773905155523889e-07 0.0 0.0 0.0 6.43336912539202e-07 0.0 0.0 0.0 0.0 0.0 0.0 0.0 0.0 0.0 0.0 0.0 1.8485947961060792e-06 3.072061928429337e-07 1.1154290009041307e-07
3.688753604702256e-05 0.0013416001855485402 0.0007777799642718349 9.051127960284613e-05 0.0 1.5677439889232955e-06 0.0012175329248274261 0.0006869067743621175 0.0016277075846175032 0.0003893007572594826 0.0012664875235616514 7.424234339619394e-07 0.00016653219734075035 0.0006588989001084917 9.198162069105165e-06 1.2098356573436628e-06 0.0 0.0 0.0 7.34740210283282e-08 0.0 0.0 0.0 0.0 0.0 0.0 0.0 0.0 0.0 0.0 0.000126016657177712 8.635223518770863e-06 3.841749937919976e-06 0.0 0.0 0.0 1.0260590253558639e-06 8.506731750822083e-08 0.0 0.0 0.0 0.0 7.159918165735044e-08 1.4759844670056634e-07 0.0 0.0 5.743764496467598e-05 1.0254187890233197e-06 7.353466361303424e-08 1.616387558125192e-07 7.172771047332063e-08 0.0 0.0 0.0 4.250784987947805e-06 6.174932439177903e-06 1.1583264736770462e-05 5.532448053507148e-05 8.587940442423496e-06 2.948791403364733e-05 2.463390414904919e-07 1.5445993274949944e-06 7.054243224694285e-08 1.715158140251559e-05 1.7231014557318553e-06 1.2943160694420263e-06 0.0 2.493483311341116e-07 1.7114869792375204e-07 0.0 8.171528109060513e-06 0.0 0.0 5.8614325047203995e-05 5.0404598724282216e-05 5.971099326538219e-05 1.8232852161687194e-05 2.58459697204761e-06 9.926648713486238e-06 6.405281855256063e-06 7.017518344737526e-07 1.7636535384526067e-06 6.933154919231462e-06 2.469434948891938e-07 1.7543963621977481e-06 5.382999293130556e-07 4.2581051927083916e-07 0.0 1.1504943036212896e-07 0.0 1.6107601629582738e-07 8.451139994223113e-08 2.2858682942342255e-07 0.0 0.0 3.502575180161403e-05 1.896699254362309e-06 0.0 0.0 1.3466282613209706e-05 1.407244233617735e-07 3.6277999336029526e-07 1.0783604252216688e-06 3.234404222563618e-07 0.0 1.5135252849138176e-05 1.819738345927298e-06 4.870806016938092e-06 1.652937327517453e-05 2.1230968565510416e-06 4.77287275886441e-06 1.0514714303864636e-05 1.663136962723279e-05 1.1696984845763676e-05 3.156024423879725e-05 9.629190217598748e-08 0.0 0.0 1.0515690808634581e-07 0.0 0.0 0.0 0.0 0.0 0.0 0.0 0.0 0.0 0.0 0.0 0.0 0.0 0.0 0.0 2.0688484393074286e-07 4.941668257880961e-07 0.0 0.0 0.0 3.6825400958254423e-06 0.0 2.852987802544849e-07 0.0 7.337745131700323e-07 0.0 0.0 0.0 0.0 0.0 0.0 0.0 9.75195336297054e-07 3.526968917638007e-07 0.0 0.0 0.0 0.0 0.0 0.0 6.035878067436668e-07 0.0 0.0 0.0 0.0 0.0 0.0 3.4927108224077165e-06 0.0 0.0 0.0 0.0 0.0 0.0 0.0 0.0 0.0 7.5869011967303e-06 1.409100239507662e-07 0.0 0.0 0.0 9.897288887684816e-06 0.0 1.7376559821308805e-06 1.5766227271551566e-07 4.6460561300926257e-07 6.523824926960119e-07 0.0 0.0 0.0 0.0 0.0 0.0 0.0 0.0 0.0 0.0 1.3130265839814646e-05 1.4150790297504272e-06 1.1532754081960104e-06
1.8176006512865154e-05 7.241726057901134e-05 1.3952118361255006e-06 0.0003027378544323735 1.5677439889232955e-06 0.0 6.521591308074731e-05 3.497835243243207e-07 2.843858046453952e-06 0.0006410150729355057 1.0923782892316105e-07 0.00010555324762894947 5.1545722877968525e-05 1.870968354694483e-05 9.834909099693935e-08 0.0 0.0 0.0 0.0 0.0 0.0 8.486174077843838e-07 0.0 0.0 0.0 0.0 0.0 0.0 1.0199728387007487e-07 0.0 7.71487129289752e-06 0.0 9.22060815053878e-07 0.0 0.0 0.0 3.678931385927208e-06 3.268025625066863e-07 9.328739129863231e-07 0.0 0.0 0.0 0.0 0.0 0.0 0.0 9.158372235651791e-07 0.0 0.0 0.0 0.0 3.730336348823332e-06 5.577837061832658e-07 0.0 0.0 1.7297062126635229e-07 3.54571771671993e-05 2.2682562484284425e-06 9.414879078391912e-07 1.6566516225763195e-07 0.0 2.9514310677485894e-07 0.0 0.0 0.0 1.2310716757170485e-07 0.0 0.0 0.0 0.0 0.00010471236404154491 5.4205942302605865e-05 3.518820692659596e-06 2.8302976408291786e-07 2.1137463970919158e-07 4.770277730986907e-07 0.0 0.0 0.0 3.3680902428213256e-07 0.0 3.3001842870735997e-07 0.0 4.222034689498444e-07 0.0 1.0087673595758756e-07 0.0 2.0181963055373905e-07 8.004766836845402e-07 1.2222032010181972e-06 5.246240742453925e-07 2.582595943592507e-07 1.3926156043743437e-07 8.392302539842433e-08 0.0 0.00024939231772553287 0.00026821466812805507 7.353887036927479e-06 1.1955515311694915e-05 0.00011901627685182886 0.0 0.0 7.770034531689825e-07 0.0 0.0 6.105477553741945e-06 6.243349707952531e-07 1.9787945410962488e-06 3.319600776248599e-06 5.35161218490622e-06 7.024357979459419e-07 5.798912025728958e-06 4.818499679149845e-06 2.618379877262143e-06 4.124139159600778e-06 0.0 0.0 0.0 0.0 0.0 0.0 0.0 0.0 0.0 0.0 0.0 0.0 0.0 0.0 2.502186229607225e-07 1.6625485630137515e-07 1.840888093490409e-07 0.0 0.0 0.0 0.0 0.0 0.0 0.0 5.433175182645196e-07 0.0 1.2732873757957611e-07 8.230752557809139e-07 3.3742893759503777e-07 0.0 0.0 0.0 0.0 0.0 0.0 0.0 0.0 0.0 0.0 0.0 0.0 3.093031298990832e-07 0.0 0.0 0.0 0.0 0.0 0.0 0.0 0.0 4.5611842618120983e-07 0.0 0.0 0.0 0.0 0.0 0.0 0.0 0.0 0.0 0.0 6.20723098178099e-07 0.0 0.0 0.0 0.0 2.171577209052041e-06 0.0 5.419378858593648e-07 0.0 0.0 0.0 0.0 0.0 0.0 0.0 0.0 0.0 0.0 0.0 0.0 0.0 2.3629254105383114e-06 8.072447593402951e-07 7.443270982851361e-07
0.0002388783301736666 0.0022118521834551177 1.5347265269821785e-05 0.00040402927836815977 0.0012175329248274261 6.521591308074731e-05 0.0 8.230125033566189e-06 0.0015878992482858353 0.0021528842089154135 0.0007516290586431759 2.109755903490175e-05 0.002287803646361998 0.0015592406226046722 1.2859154227654726e-05 4.199064576146781e-06 0.0 9.318462265822466e-08 0.0 0.0 0.0 0.0 1.772183296157474e-07 2.0008504586414578e-07 1.3253183869993406e-07 7.634052581542776e-08 0.0 1.763418755884026e-07 0.0 0.0 5.98765040665519e-05 3.7467536554521627e-06 1.1745961581897966e-05 0.0 0.0 0.0 3.4943726645621558e-06 0.0 0.0 0.0 2.0841792601664603e-07 0.0 0.0 2.3701601946818814e-07 0.0 6.561231117786102e-08 5.783895968178983e-05 2.1501643096717164e-06 0.0 2.753656459471541e-07 1.746595063679421e-07 0.0 0.0 0.0 5.111229121272996e-06 8.182910761658806e-06 1.8763317070416536e-05 8.175024250650771e-05 1.0917103610844218e-05 3.56009280813147e-05 5.790907326975589e-07 5.534382256092017e-07 0.0 1.3132711318698066e-05 1.831223320984577e-06 1.4426997614372198e-06 6.128810311926645e-07 9.093422367854378e-07 3.0852187711199527e-07 2.728122367300156e-07 1.3860784677334895e-05 0.0 0.0 7.73104702765449e-05 5.865484289434263e-05 6.668770702680289e-05 1.8030742356773725e-05 3.046972800203002e-06 3.006338840470733e-06 3.7149984135471173e-06 4.323276654876572e-07 3.962801508232509e-06 7.3378204792276195e-06 3.1659012271023996e-07 1.2511300267941017e-06 1.2654911512307982e-06 5.420611026678591e-07 0.0 3.111651211495462e-07 0.0 1.6768012027907289e-07 8.304251764962543e-08 9.038051389440643e-07 7.896965664489595e-08 9.489852384623754e-08 8.100684681194057e-05 4.5303742375651034e-06 1.63206580195717e-07 6.744041576552426e-07 9.530246566051864e-05 6.298759727240673e-07 1.6361236043389141e-07 4.379602869625711e-06 2.942611992678801e-06 1.2482610870535107e-07 5.2010132545237235e-05 4.043008039632224e-06 2.8749595040268488e-05 4.8660871342057363e-05 1.6831893468039708e-05 8.194267194297022e-06 4.779878276493257e-05 5.793609949190433e-05 3.40099117251342e-05 9.790275559494388e-05 2.486490097709099e-07 0.0 0.0 0.0 0.0 0.0 0.0 0.0 0.0 9.847638193152597e-08 0.0 0.0 0.0 0.0 0.0 0.0 0.0 0.0 0.0 6.938048264340976e-07 4.4337907599109014e-07 0.0 0.0 0.0 1.1305163209728368e-05 0.0 7.952803092932395e-07 5.061315751031784e-07 0.0 0.0 0.0 0.0 0.0 0.0 0.0 0.0 6.275630049618351e-07 5.882847089863915e-07 0.0 0.0 9.532867402395904e-08 0.0 9.127965243818366e-08 3.108809797611792e-07 2.030338629617111e-07 0.0 5.942266484525827e-07 3.5089365226823797e-07 0.0 0.0 0.0 9.650941242238555e-06 4.7177513631834907e-07 2.709185638779869e-07 2.6163404540795113e-07 0.0 0.0 0.0 0.0 0.0 0.0 2.3300944041405267e-05 2.2627373243181516e-07 0.0 0.0 0.0 2.8747488424612293e-05 1.9564606647680453e-06 6.845076353234355e-06 6.325352956165134e-07 0.0 9.857514242083812e-07 0.0 4.622095779649515e-07 0.0 0.0 0.0 0.0 0.0 1.201931675884408e-07 0.0 0.0 4.2646695865450966e-05 7.677301205216035e-06 4.359939015021912e-06
0.00017791249127849416 0.0006290501153774875 0.0022133881180958367 2.6570989916096416e-05 0.0006869067743621175 3.497835243243207e-07 8.230125033566189e-06 0.0 0.00010431136044075111 9.309673512045028e-07 0.0009396043758814962 8.365907235908433e-07 3.512212310503877e-06 0.0005571430535620947 3.329835869954522e-05 1.0223578055891503e-05 3.605759659613692e-07 6.121641414359796e-07 1.413197082763813e-07 3.1867967328736405e-07 8.876358642955468e-07 0.0 2.7501217639975744e-06 5.1104059777636995e-06 1.0650198047564053e-06 2.3045284718915536e-06 1.2114878140965071e-06 2.256679064811175e-06 8.511204447513727e-08 0.0 0.001410587741910017 0.0008695802629748655 7.293789592737683e-05 0.0 2.678901027164767e-06 2.735556797225341e-07 7.696143827544982e-07 1.783186136820464e-06 5.872716527078987e-07 2.9272938090923563e-07 4.945973738562624e-06 1.2802521793698695e-06 2.675971676092036e-06 1.232668243433912e-06 9.447287629201038e-08 7.645534271453304e-08 9.514069142471004e-05 2.733926351007533e-06 6.242086524817537e-07 3.613150716079627e-06 9.99262913113863e-07 2.4552833800894716e-07 0.0 3.5514637335708217e-07 5.074598034636458e-06 7.580347927502336e-06 1.687444408304815e-05 0.0001509744960309731 1.2025893758666264e-05 4.546115973829588e-05 2.4558588908692073e-05 1.3534163668497291e-05 0.0 0.00020669442690852356 3.070979373953163e-06 1.2847609922711134e-06 1.0592150932836001e-06 1.8479573620105132e-06 6.2796692497716105e-06 6.89232129331294e-06 2.487431962204941e-06 0.0 0.0 8.60603090863934e-05 0.00010556316469800497 0.00011857253326738114 0.00016751923931751508 0.00026039542014602335 0.001178722474320246 0.0007272273599603048 5.42461418135833e-05 0.00030987585453429894 7.675973332576426e-06 4.143047042764209e-07 2.1588527406447093e-06 1.0247328190950412e-06 2.7432615545988368e-06 8.418576912287415e-08 5.820531800934363e-07 0.0 1.3551040031874615e-06 6.071077360611287e-07 2.6453989387428836e-05 4.167154320205393e-06 4.455180193957305e-07 2.1423396614457524e-06 1.7098922683427314e-06 0.0 6.588702290276494e-07 4.0994230662492464e-05 0.0 0.0 4.087970503279582e-07 0.0 0.0 6.105713485771811e-07 0.0 0.0 0.0 0.0 1.7370808569988061e-07 0.0 3.5213730136293655e-07 0.0 5.896448821682574e-07 0.0 0.0 0.0 0.0 0.0 0.0 0.0 0.0 0.0 0.0 1.8984019670070478e-07 0.0 9.141269748074031e-08 0.0 0.0 3.157037724333722e-07 0.0 5.157529333404846e-07 0.0 0.0 0.0 0.0 0.0 0.0 2.3526553276389733e-07 0.0 1.6311463689602472e-07 1.3354288852233804e-07 0.0 0.0 0.0 0.0 0.0 0.0 0.0 0.0 0.0 0.0 0.0 0.0 8.976712462448568e-08 1.1416588232223948e-07 1.3709120069152466e-07 0.0 0.0 0.0 0.0 0.0 0.0 0.0 0.0 0.0 0.0 0.0 0.0 0.0 0.0 0.0 0.0 0.0 2.1616194871556896e-07 1.1168252222801348e-07 0.0 0.0 0.0 0.0 7.683373992825404e-07 0.0 0.0 0.0 0.0 0.0 0.0 0.0 0.0 0.0 0.0 0.0 0.0 1.2490065365021182e-07 1.1219974579844548e-07 0.0 3.224278284830012e-07 3.5483250921241586e-07 1.0686849674869699e-07
6.111011237207195e-06 0.0007482078370248264 0.00017443232460870607 1.1406589673845032e-05 0.0016277075846175032 2.843858046453952e-06 0.0015878992482858353 0.00010431136044075111 0.0 0.0001659145670892093 0.0006530818243499527 3.7176629056145715e-06 0.0009444865756035446 0.0003783891535964351 1.6323288143426894e-05 4.889044498739457e-06 0.0 1.7331337157715222e-07 0.0 0.0 0.0 0.0 1.3794369287208628e-07 7.871488433243307e-08 2.070412250778448e-07 0.0 0.0 2.3465158440689017e-07 0.0 0.0 5.285909599528071e-05 5.240734169951287e-06 5.320072803668605e-06 0.0 0.0 0.0 2.6812824864958635e-06 1.5178026847324e-07 0.0 0.0 8.575190672264807e-08 0.0 1.143482453753057e-07 2.3312279409655327e-07 0.0 0.0 6.019917256094083e-05 1.5972693847605562e-06 1.0183485614852207e-07 2.2693679475295004e-07 0.0 0.0 0.0 0.0 3.4069126107594656e-06 5.4231450242832636e-06 4.871667868046039e-06 2.361104577483545e-05 5.71358261744471e-06 2.7985064874410694e-05 5.300627129059446e-07 3.590769120104239e-07 6.400543231716413e-08 1.4302417674023542e-05 1.4226682220547508e-06 1.0062843259558612e-06 1.5302727753169405e-07 2.838529688061281e-07 4.211899161584889e-07 2.9195409987959184e-07 1.0950109248977654e-05 0.0 0.0 4.078796303846239e-05 3.795228794568105e-05 5.495910163695242e-05 2.1625955372422805e-05 4.211488191767067e-06 5.8661548035292655e-06 1.016532548005995e-05 4.6400384622125586e-07 3.242214648756763e-06 4.770251647057751e-06 7.734748110710128e-08 1.462832868307062e-06 1.0526530296565758e-06 2.9481070161562236e-07 0.0 1.943581780860424e-07 9.299309112106421e-08 1.683664642923846e-07 6.729586386733665e-08 7.160136971471921e-07 8.029668589279221e-08 0.0 4.019976130153643e-05 2.69265097827525e-06 0.0 2.823662460581967e-07 7.99018569599663e-06 0.0 0.0 2.594080789420411e-06 7.676227132267802e-07 0.0 2.9226627696877255e-05 1.7250292315358492e-06 1.4110821304526035e-05 2.099048395479445e-05 7.995633591561373e-06 5.164626331828253e-06 2.501910722781586e-05 3.0267304577827545e-05 1.9043001936168396e-05 5.063335439528513e-05 1.5001933459419494e-07 0.0 0.0 0.0 0.0 0.0 0.0 0.0 0.0 0.0 0.0 0.0 0.0 0.0 0.0 0.0 0.0 0.0 0.0 0.0 5.953390549144314e-07 0.0 0.0 0.0 4.951977531288719e-06 0.0 8.875192245820964e-07 7.210939827502736e-07 9.297691976514263e-07 0.0 0.0 0.0 0.0 0.0 0.0 0.0 2.1180530000286783e-07 7.792267289432696e-07 0.0 0.0 0.0 0.0 0.0 2.415959561366222e-07 8.637840393214323e-08 0.0 3.643625566938136e-07 2.592389149692665e-07 0.0 0.0 0.0 6.413462605227753e-06 1.258661195108954e-07 0.0 8.586158845447508e-08 1.326866010790728e-07 0.0 0.0 0.0 0.0 0.0 1.617624494093925e-05 4.175471781252966e-07 0.0 0.0 8.730281566078483e-08 1.4881705685564685e-05 5.882128982630485e-07 3.2236585211511208e-06 1.7545095467257986e-07 0.0 1.5830248864342182e-07 0.0 1.865383181485066e-07 0.0 0.0 0.0 0.0 0.0 0.0 0.0 0.0 2.4515996498183068e-05 4.191440974820921e-06 2.291641807015236e-06
0.0009949195674838944 0.001053644665132291 1.0885344043155869e-05 0.0004831800087650501 0.0003893007572594826 0.0006410150729355057 0.0021528842089154135 9.309673512045028e-07 0.0001659145670892093 0.0 8.353860972104238e-05 0.0008596621471137876 0.0041476673085878895 0.0006955372929590096 8.46433034132964e-06 2.2666342905401213e-06 0.0 0.0 0.0 7.157618563010827e-08 0.0 0.0 0.0 0.0 0.0 0.0 0.0 1.877854768409741e-07 0.0 0.0 3.58976772031539e-05 1.6280959775737626e-06 1.995799018395233e-05 0.0 8.727073276800125e-08 0.0 9.822927550560082e-06 0.0 6.037560565886504e-07 0.0 1.7618871157258887e-07 0.0 1.0392374697567789e-07 1.4758234744103295e-07 0.0 0.0 2.788299282794629e-05 1.4015588892783517e-06 6.413684498866542e-08 9.782230445274152e-08 0.0 9.987980614481229e-08 0.0 0.0 3.6484372730902447e-06 5.0952621790167885e-06 2.5591443209086408e-05 6.442712922056623e-05 5.285070585291189e-06 1.9504683027202636e-05 3.777038709167758e-07 4.651141850131012e-07 0.0 7.640110589392547e-06 1.5109376938467802e-06 1.4898059975869233e-06 0.0 4.811583112140423e-07 4.596488638873404e-07 8.79384201404596e-08 2.921479122472094e-05 1.2184466459131716e-07 0.0 5.1502414502713094e-05 3.6984184357013844e-05 3.6320684703268595e-05 7.761465345422426e-06 3.1478779598215904e-06 1.6733231846001129e-06 5.353635597249418e-06 9.743129105122656e-07 3.6192401742783984e-06 4.658005113423932e-06 3.1725687827088757e-07 1.516229208264423e-06 4.995448626732184e-07 1.6758106256219772e-07 0.0 1.553280093125573e-07 0.0 1.0037153071905058e-07 9.721425303617175e-08 1.093112876611154e-06 2.3497807902259722e-07 9.47790682927167e-08 0.00017899389449777542 1.0289315814784966e-05 0.0 3.580162585125756e-07 0.0004598177192195576 2.157310394853067e-06 2.8214866595992055e-06 1.5802133326980785e-05 1.2981642182472772e-05 0.0 0.00017481615916199232 1.9129238126573896e-05 7.069530818327308e-05 0.0001555791426958528 6.856665449079398e-05 2.2099776580435062e-05 0.00012206476551260315 0.0001797979167730107 9.043742115843426e-05 0.00021682175440883758 6.055400545103982e-07 0.0 0.0 0.0 0.0 0.0 0.0 0.0 0.0 0.0 8.405734233009493e-08 1.0018803180779167e-07 0.0 0.0 0.0 0.0 0.0 0.0 0.0 1.5847146897445266e-06 3.2346583963400274e-06 0.0 1.2306592299637307e-06 0.0 1.896805218369058e-05 6.503071369455232e-07 2.3442228184397286e-06 1.0099385041895325e-06 0.0 0.0 0.0 0.0 0.0 4.0387711117333406e-07 9.875056993738294e-07 0.0 1.5868046416128681e-06 1.7585537256107763e-06 0.0 0.0 0.0 0.0 0.0 1.003412978467964e-07 1.9859746340079187e-06 1.1799712520459369e-07 1.5395965795170419e-06 1.142427615577093e-06 7.992127863872094e-07 0.0 0.0 2.7359254219776777e-05 2.5416942341978855e-07 7.710970993917979e-07 6.911622285434228e-08 0.0 0.0 0.0 0.0 0.0 2.5157346373047416e-07 5.030953783392834e-05 9.737457363875398e-07 0.0 0.0 0.0 8.209414863123645e-05 6.687532699482195e-07 1.3239288032521394e-05 1.8317145694505904e-06 2.2230820662552067e-06 1.5900151345921517e-06 0.0 3.606379144429194e-07 0.0 9.604765865683158e-08 0.0 0.0 0.0 0.0 0.0 0.0 0.00012468060337323777 1.5650147556594765e-05 9.505843465566946e-06
8.600204380187303e-05 0.0012565839582820762 0.0025082742035726145 3.583762851584706e-05 0.0012664875235616514 1.0923782892316105e-07 0.0007516290586431759 0.0009396043758814962 0.0006530818243499527 8.353860972104238e-05 0.0 4.6817565094894844e-05 0.0008880562779648561 0.0009352475821326269 1.6582845323141124e-05 6.047528979813268e-06 7.319198131769499e-08 0.0 0.0 1.0168763668396819e-07 0.0 9.486346187627799e-08 5.725654586331944e-07 1.9756962804285665e-06 2.694835056739571e-07 5.641045597806788e-07 4.498644249800593e-07 3.2571428793027237e-07 0.0 9.910417143477322e-08 0.0006688838335691225 6.213815570768269e-05 3.407704428388054e-05 0.0 6.141957224360007e-07 3.071804966019042e-07 3.328968430016175e-07 3.6203681562807336e-07 2.3802417183196892e-07 3.018896147280452e-07 1.0193822264482878e-06 1.8802769349940294e-07 3.8394646592517717e-07 2.761963255694886e-07 0.0 0.0 4.993432734178314e-05 1.1545145546672144e-06 4.4322844215041213e-07 8.901448662184338e-07 4.894721470375635e-07 2.5768876100274283e-07 0.0 9.426944885078412e-08 2.2234836567410047e-06 5.434649438159193e-06 7.875275064785028e-06 5.2089378718737356e-05 5.514653065836727e-06 2.364009100192524e-05 2.5851415786424947e-06 1.9744101488771535e-06 1.6898439835538526e-07 2.102945860934896e-05 1.7016883523051494e-06 6.646346005307494e-07 7.465971414901589e-08 1.4414797001042714e-06 1.8671457681398046e-06 1.8982718194231135e-06 2.0256941394749843e-06 0.0 0.0 4.390372643410115e-05 4.5233592195367145e-05 6.191136764233752e-05 2.6084443875794105e-05 1.1706322307468271e-05 0.0002000200588258991 0.0007769782385658344 4.16123071770739e-06 9.074188749807936e-05 4.263370364738129e-06 0.0 1.433323156835025e-06 1.269200898095812e-06 1.139207940510624e-06 0.0 1.9367847238168907e-07 0.0 5.987564781311637e-07 1.956346378389533e-07 7.045399895311233e-06 1.004942632574651e-06 9.653528870033942e-08 9.719799972162001e-06 4.6984763257619827e-07 0.0 3.333597970360053e-07 1.9422793432824763e-05 0.0 0.0 4.900471497418086e-07 3.171014357371424e-07 0.0 2.364234959812824e-06 0.0 4.4189586284092767e-07 2.2366926944961166e-06 4.307136926144157e-07 3.7370349398844974e-07 3.186390231671584e-06 3.961204974523376e-06 1.6468676121664412e-06 9.610926447649119e-06 0.0 0.0 0.0 0.0 0.0 0.0 0.0 0.0 0.0 0.0 0.0 0.0 0.0 0.0 0.0 0.0 0.0 0.0 0.0 0.0 0.0 0.0 0.0 0.0 1.0035389022917913e-06 4.2955618510061695e-07 0.0 0.0 0.0 0.0 0.0 0.0 0.0 0.0 0.0 0.0 0.0 0.0 0.0 0.0 0.0 0.0 9.019060248551844e-08 0.0 0.0 0.0 1.074666247095595e-07 1.063246315223326e-07 0.0 0.0 0.0 6.281094343710656e-07 0.0 0.0 0.0 0.0 0.0 0.0 0.0 0.0 0.0 1.6743910137290587e-06 1.52274727268996e-07 0.0 0.0 4.515794552247188e-07 1.135192130874279e-06 1.1519884672606147e-07 0.0 0.0 0.0 0.0 0.0 2.0503768005069923e-07 0.0 0.0 0.0 0.0 0.0 0.0 0.0 0.0 2.1090007815629095e-06 1.3106078399351552e-06 1.2833550378826908e-06
1.3417108747865839e-06 8.807703088816036e-06 1.4837200353828284e-06 4.2432398152496075e-06 7.424234339619394e-07 0.00010555324762894947 2.109755903490175e-05 8.365907235908433e-07 3.7176629056145715e-06 0.0008596621471137876 4.6817565094894844e-05 0.0 0.0006913168293178272 0.0003437059803189721 1.5467249391891947e-05 1.242401282377433e-05 1.1059231601251741e-06 2.611946179213984e-07 0.0 0.0 3.008450332835459e-07 9.743380014156953e-08 1.1023045335727789e-07 7.079652304449014e-07 4.1946821359714066e-07 1.4414509975798814e-06 2.592805744389081e-07 2.03531760619157e-06 6.921476365371658e-08 1.1274093801720674e-07 5.119305753177537e-06 2.0366137020079677e-06 0.00020739826238983246 0.0 3.7868006281560216e-07 7.6032195408639e-07 2.1284764809170142e-05 9.949628342200843e-06 5.239820150985031e-06 3.908855338092886e-06 1.4848152135284973e-06 2.247851004899036e-06 5.061753906629224e-07 6.115584365528019e-07 0.0 0.0 2.534428940359137e-05 7.24193882590557e-07 2.3751723900073167e-07 2.3149069646336055e-06 9.542730664420521e-07 1.301121968495443e-06 6.011749582774857e-07 4.047062196385277e-07 4.263924799567077e-07 9.515720772784183e-07 1.5747735636205703e-06 8.547476643770654e-06 1.8883637080037522e-06 5.160676157111425e-06 8.276673168853615e-06 0.00011217970116608682 0.0 8.069137933882056e-06 2.3457525065541456e-07 1.5222213771482968e-06 8.33711914806914e-07 1.392479886324184e-06 3.1470414716789175e-06 6.415402161309529e-07 4.347662617505871e-05 2.1363303866735277e-06 1.3248630915058207e-07 7.880499332316735e-06 1.197547191164286e-05 1.478168513502717e-05 1.2528416651077385e-05 4.618555880992809e-06 2.099009201570252e-06 3.7051815720743876e-05 1.1791830752849556e-06 4.616815479621022e-05 8.45394706029916e-07 0.0 4.7457321755204543e-07 4.876294993841063e-07 2.2662978792702525e-06 0.0 6.409301854644784e-07 4.680069845772839e-07 2.2221707270980994e-07 1.0483086373298817e-06 1.1243873036218477e-05 3.3282144582303497e-06 6.551238626386271e-07 0.00014676907116586478 7.799006710174884e-06 0.0 5.450245798178106e-06 2.0441119556009525e-05 9.67820093425718e-07 7.424703442251424e-07 3.478516546697514e-06 2.1020077175649056e-06 1.6775492368268407e-07 5.7666920219385806e-05 5.092941668339971e-06 3.0981014788567716e-05 4.308241206118769e-05 1.6385891369007512e-05 7.525759432955526e-06 5.1815598669613264e-05 5.437504860507135e-05 3.228103063522987e-05 8.528948024337914e-05 6.719470447272774e-08 9.512746388674965e-08 0.0 0.0 0.0 0.0 0.0 0.0 0.0 0.0 1.3710171588173957e-07 0.0 7.930205092165891e-07 0.0 0.0 3.399588542720714e-07 2.5483982460912645e-07 0.0 0.0 2.675306253634418e-07 1.1368257194063686e-06 0.0 3.4459184299980413e-07 0.0 8.78470206923906e-06 0.0 1.6806201484777993e-06 1.5212267394565442e-06 6.301009202570398e-07 0.0 0.0 0.0 0.0 0.0 5.631778627325596e-07 0.0 5.977153790782492e-07 7.247177036606711e-07 0.0 0.0 2.315853250134389e-07 4.768400164195957e-07 4.1521832875300515e-07 2.531954624280712e-07 7.81325672455508e-07 0.0 3.0300663943967135e-07 3.734295005068101e-07 0.0 1.184831908925068e-07 7.746343386439925e-07 1.286167627494296e-05 0.0 0.0 2.273807724738195e-07 0.0 0.0 0.0 7.450825051971811e-08 0.0 2.487403749391868e-07 2.2338186603975238e-05 1.458613862482057e-06 0.0 0.0 0.0 2.1632361806473567e-05 0.0 3.0278397926664e-06 1.5457390761720207e-06 2.0978507758477345e-07 7.167989560449117e-08 0.0 6.326918740084512e-07 0.0 0.0 0.0 0.0 8.635437406989934e-08 9.429742360974514e-08 0.0 1.0944811912436581e-07 4.832957420908689e-05 1.0805466461729993e-05 6.540047614149876e-06
1.1866948197445583e-05 0.0003916581055858902 8.269361880919919e-06 0.00011140375848884357 0.00016653219734075035 5.1545722877968525e-05 0.002287803646361998 3.512212310503877e-06 0.0009444865756035446 0.0041476673085878895 0.0008880562779648561 0.0006913168293178272 0.0 0.003159478268729483 3.439441218378784e-05 2.7824865965090634e-05 2.505002940275591e-06 1.6620303532191412e-07 9.885988710634094e-08 0.0 1.7436723713202872e-07 0.0 7.377892957729219e-07 5.123293139152881e-07 2.495627852418167e-06 4.7572731749126613e-07 1.4423399392457995e-07 2.4885758462219735e-06 4.806212543352878e-07 2.4590557215829123e-07 1.8821126532323568e-05 4.345176374916423e-06 0.0011908390295456302 0.0 4.008349632606794e-07 1.1719467607935216e-06 3.904509284148489e-05 1.5092073369982203e-05 7.308068734738897e-06 2.9261146794636203e-06 3.2409244770869864e-06 1.6233187076493757e-06 3.4317048106908337e-06 6.406740188350725e-07 0.0 1.1117089632999213e-07 6.745732507559071e-05 1.4414929223098193e-06 4.205387769476041e-07 3.07718022787337e-06 3.07230004375549e-06 7.517695404315841e-07 2.2364915863820977e-07 5.044971771871069e-07 2.2040747104805906e-06 4.662112247419277e-06 3.655915552582904e-06 2.555570813772369e-05 4.033957977256558e-06 1.9159349400787556e-05 9.408681564030825e-06 0.0001422457476013929 2.0671985202632388e-07 1.7239503621373322e-05 1.272188477204396e-06 9.247408010432667e-07 1.0835776191454708e-06 4.124416465435351e-06 7.3464058667777435e-06 1.9572503582737987e-06 7.878686934539397e-05 3.1418985710427717e-06 1.7253095572568742e-07 2.4858544816667958e-05 3.375920205095229e-05 4.4774770127419344e-05 3.5243498925456804e-05 1.1081029821819682e-05 9.848621329429953e-06 8.369516581071069e-05 4.8549431791459395e-06 6.708259405163375e-05 3.437916859955861e-06 0.0 6.73750270619748e-07 6.551756836180882e-07 2.52829002607847e-06 0.0 4.7459664887823573e-07 4.988496562453854e-07 2.4917852441523396e-06 1.9039928786808782e-06 2.097388542097075e-05 4.877519619011422e-06 8.115201091728939e-07 0.000698245597498306 2.3732460160019676e-05 1.6265545091815623e-07 1.6001514963752543e-05 1.6722580699682008e-05 1.027669917128739e-06 3.3248925355219007e-07 3.428577391795175e-06 2.4402660696947104e-06 3.132083123886985e-07 7.135397023738035e-05 7.703679566498789e-06 3.582985983074211e-05 7.332778271400022e-05 2.0159291869971755e-05 1.656399700111658e-05 6.855637339619157e-05 7.658445859234865e-05 5.097030975483083e-05 0.0001230499256171983 3.643300317005359e-07 2.3540931744768897e-07 7.214302647907666e-08 2.6175875175503337e-07 0.0 0.0 0.0 0.0 0.0 0.0 1.0409239131033324e-07 0.0 2.529054240992668e-07 0.0 9.681083973602756e-08 0.0 3.704578506191082e-07 0.0 0.0 9.309869328556212e-07 2.195870277525508e-06 0.0 0.0 0.0 1.4184915476921386e-05 4.967159840389446e-07 2.676907330776322e-06 3.2832843631407096e-06 2.937538767080534e-06 0.0 1.6277371620111604e-07 0.0 0.0 0.0 0.0 0.0 1.710999458018749e-06 9.998879547925e-07 0.0 0.0 9.197685852055947e-08 5.134977651167038e-07 4.5302951083781955e-07 1.3602894202880535e-06 7.261901771695985e-07 0.0 3.94153423675496e-07 1.5648536039079653e-06 1.2991143425406593e-07 0.0 0.0 9.976933162477614e-06 8.067632914975212e-07 6.195007311210346e-07 4.36682035682427e-07 2.3234764229628475e-07 0.0 0.0 0.0 0.0 0.0 3.556295524688457e-05 1.3586106762916446e-06 1.52506537561947e-07 0.0 6.581293638210893e-08 3.959345001971785e-05 1.5328257220289464e-06 6.993318369025037e-06 8.326160361020007e-07 8.449707452591127e-07 5.803797004936813e-07 0.0 1.0458480828196077e-06 0.0 0.0 9.094976385099066e-08 0.0 0.0 1.7506213749028888e-07 0.0 0.0 7.738305655978096e-05 1.6073045538214743e-05 1.06391312791696e-05
