0.0 0.00145102388520888 0.0003576115442634945 0.0006740412707566 1.987551088579115e-05 9.11551724996474e-05 0.00022630493502544328 2.761991563072808e-05 9.779486240173094e-06 0.0016123324048404738 7.679660675216525e-06 0.00023636864060821219 7.401122859612276e-05 0.00023081868410652418 2.8692809371306226e-06 2.0980200191737987e-07 4.44563812727504e-07 6.231339321062843e-08 6.656387702336562e-08 0.0 2.144624509491978e-07 0.0 0.0 6.049247976359065e-08 2.9299502087618007e-07 1.5717476647086318e-07 1.399363485402441e-07 0.0 0.0 6.590214794897502e-08 0.001209823260079728 3.0187312718811455e-06 2.6359719842082348e-05 5.619982591477204e-08 4.258702827422805e-07 2.857374183743517e-07 9.533153147170713e-06 3.046206315853429e-07 1.3376449382415762e-06 3.208808539855641e-07 2.5998398979566426e-07 1.4495381809234495e-07 0.0 0.0 5.564150082781939e-08 5.731568858692408e-08 5.590265976112683e-06 2.787838370696094e-07 0.0 0.0 1.4918901617740934e-07 0.0 1.0071894330985341e-07 0.0 1.8025269198314197e-07 7.75487817685263e-07 5.8926703023663764e-05 0.0007509955814263419 7.703939754848069e-06 1.0467541721224395e-05 1.7491531008585916e-07 8.31437409227899e-07 0.0 5.122432870394829e-06 1.1828164353757992e-07 0.0 1.1521788389868726e-07 6.132368558812666e-08 4.610744379250915e-07 3.967118331435489e-07 4.789465145439075e-05 2.9797947999351677e-06 0.0 0.00014515382112801012 1.3598917758269806e-05 3.6317370647335365e-05 2.3566877748974582e-06 5.354672977686156e-07 3.282605283632123e-07 1.0199628157777687e-05 7.648610323212132e-08 2.0195676242085497e-06 1.4110370881982195e-06 1.9237780640552651e-07 0.0 2.8987843489135425e-07 0.0 6.542235453975081e-08 5.263125489188152e-08 0.0 0.0 0.0 3.9430263312666906e-07 9.164707788157396e-08 0.0 6.538961280695772e-05 1.25120743163314e-05 7.044729670964435e-07 7.266783579638507e-06 0.0004458827636395887 0.0 0.0 0.0 8.918058051169708e-07 2.923502208134676e-07 2.049312443971123e-07 1.628533105149725e-06 0.0 1.7601205057671038e-06 2.910408348202933e-06 0.0 0.0 9.615671805162835e-07 9.218690350537519e-08 8.561379297543619e-07 0.0 0.0 0.0 0.0 0.0 0.0 0.0 0.0 0.0 0.0 0.0 0.0 9.266838116690399e-08 0.0 0.0 0.0 0.0 0.0 1.1483848558291899e-07 0.0 0.0 0.0 0.0 0.0 1.2007326920265005e-07 0.0 1.9341895200381843e-07 1.401851171576717e-07 4.0184959927849987e-07 0.0 0.0 2.849352499699542e-07 0.0 0.0 5.280953163271697e-07 0.0 0.0 0.0 0.0 0.0 0.0 0.0 0.0 0.0 0.0 0.0 0.0 0.0 0.0 3.9881321101557414e-07 0.0 0.0 0.0 0.0 0.0 0.0 0.0 0.0 0.0 0.0 0.0 5.089589964110581e-07 0.0 0.0 0.0 0.0 0.0 0.0 0.0 0.0 0.0 0.0 0.0 0.0 0.0 0.0 0.0 0.0 0.0 0.0 0.0 0.0 1.3714102503366389e-06 2.5962985981649875e-07 1.615207382852066e-07
0.00145102388520888 0.0 0.0003443017437218028 0.0016288798370916102 0.000964770870576969 0.00016724228930223168 0.0020989357766581073 0.00021784160217703713 0.00036876015349385417 0.0010460903652861253 0.00023088464034173232 0.00043351162368232874 0.0009422793496419036 0.002169306690800516 8.353958896665492e-06 2.5436230383334273e-06 0.0 0.0 8.626677486272254e-08 0.0 1.3204208956319791e-07 0.0 1.3415359570921723e-07 1.1802671601915726e-07 1.2943855050093634e-06 8.332931229691777e-07 4.693069220771076e-07 2.6820511207267394e-07 5.9331365328843036e-08 6.240625924107927e-08 0.0011323388330819336 1.2088258070315282e-05 7.142215294127836e-05 4.6535294860658446e-08 1.1630854014188883e-06 8.286173335852875e-07 2.8518743352273027e-05 5.007103434369176e-07 1.4192440217875713e-06 6.036298352153063e-07 1.2392126951816574e-06 6.444089975354173e-07 1.941614978766319e-07 5.108063207550458e-07 5.873232230441757e-08 3.0479067278761207e-07 4.8619533835856145e-05 4.5072229948752827e-07 8.67733433315571e-08 2.6588365249679897e-07 1.6182669409642632e-07 0.0 0.0 0.0 1.173058810689572e-06 1.7404002828891759e-06 4.3558450106019404e-05 0.00043473829617227946 7.998582402369307e-06 2.5452179064578476e-05 2.975012333651929e-07 1.053548882914522e-06 1.0492515859917827e-07 6.485800477305567e-05 1.371286066317389e-06 3.7330215089555666e-07 6.080389255227741e-07 5.740372035805733e-08 1.1964976987829331e-06 3.107256182985122e-07 0.00011829187214749098 9.972589176372194e-07 0.0 0.00023099647792670355 7.756705993913305e-05 0.00013958961415391655 2.0355303726011173e-05 4.656985995134044e-06 1.2132898035089243e-06 2.777987076090343e-05 4.812022088924418e-07 4.219026030996242e-06 5.498464652584238e-06 8.039656882398922e-07 9.424135674258335e-07 6.583695828071917e-07 4.975603136637616e-07 2.5882444126035665e-07 2.1261480341084889e-07 0.0 0.0 6.269065662279973e-08 1.4258828117845441e-06 2.1227313234670442e-07 0.0 6.017896090388556e-05 9.367269089272425e-06 2.987107768817486e-07 1.4192490485978956e-05 0.00034134986528546406 0.0 0.0 5.277094404680784e-07 1.1266976766212787e-06 6.267540731139291e-07 5.651625322329336e-07 5.69965655643087e-07 3.2073225741196286e-07 4.634322309200074e-06 3.038128678216675e-06 0.0 5.033982872102141e-07 5.1736943046792186e-06 6.260921619582086e-07 5.741008992715146e-06 0.0 0.0 0.0 0.0 0.0 0.0 0.0 0.0 0.0 0.0 0.0 0.0 0.0 0.0 0.0 0.0 0.0 0.0 0.0 0.0 0.0 0.0 0.0 0.0 4.7186902033901535e-07 0.0 2.864797293622492e-06 2.330644122334483e-07 0.0 0.0 0.0 0.0 0.0 0.0 0.0 0.0 0.0 0.0 0.0 0.0 1.1203186575061124e-07 0.0 0.0 0.0 0.0 0.0 0.0 0.0 0.0 5.215560565373339e-07 0.0 3.900674892108005e-06 0.0 0.0 0.0 0.0 0.0 0.0 0.0 0.0 0.0 3.0443241047265696e-06 4.4032407626528366e-07 0.0 0.0 0.0 1.9413249232072616e-07 0.0 6.133464051136e-07 0.0 0.0 0.0 0.0 0.0 0.0 0.0 0.0 0.0 0.0 0.0 0.0 0.0 3.561141817839013e-06 7.508601979713918e-07 6.956849710140269e-07
0.0003576115442634945 0.0003443017437218028 0.0 6.945232092346299e-05 0.0006387272755348109 3.5272211539529976e-05 0.00011936098649873007 0.0008847874681120634 0.00014220959717684868 3.4441466157709816e-05 0.00029456317782877603 9.323580112070893e-05 0.00018169550250927524 0.002484169016502029 2.2311159636121385e-06 1.4618700031759788e-06 1.327296650824148e-07 1.9361223133585822e-07 5.911320913506048e-08 1.7066813560129889e-07 1.486366269418222e-06 0.0 1.0919668236482696e-06 1.7170827702105464e-06 6.126540918381702e-06 1.603620755755705e-06 1.6008134303582426e-06 8.879239404052524e-07 2.405670688935675e-07 2.54264751484655e-07 0.0017333358220112767 0.0005395694023627876 0.0002269671855397954 4.634310346456678e-08 3.841778696606379e-06 3.0492724926219813e-06 2.508601397379209e-05 2.3323659289134763e-06 2.1005687890823337e-06 2.0058802974931194e-06 6.536086153218168e-06 2.9543307577666494e-06 7.646261883735155e-07 2.7583365521248136e-07 7.113275735421055e-08 0.0 1.0007276689436575e-05 1.4618772409088554e-07 0.0 6.327470980171395e-08 2.32133248310649e-07 0.0 0.0 0.0 1.293383866507698e-07 4.279726210933227e-07 1.889964732106184e-05 0.0003046307451153013 2.139244174608893e-06 4.711896981112946e-06 1.9184360026677953e-06 3.251666597555527e-06 3.2194432275494225e-07 5.759710099559723e-05 7.300189504155992e-08 1.809816181724542e-07 2.4078439206526427e-07 1.6267208178057067e-06 6.776164916400324e-06 3.260901607855693e-06 8.536243677746454e-05 1.5995755640907696e-07 0.0 7.676249554016714e-05 3.132631958497592e-05 2.7998579721740334e-05 9.377318135127683e-06 3.440924636104982e-06 3.8396330051458125e-05 0.00044074522779655217 1.5065564806257416e-06 4.7052088757532895e-05 9.200342561134169e-07 0.0 1.358612636729181e-07 6.992804354493922e-08 1.9858006551733823e-07 0.0 5.040765492693898e-08 0.0 0.0 0.0 7.457222511207204e-06 1.2709207886793084e-06 0.0 1.6439892618580877e-05 8.883313423744067e-06 8.674399182112396e-08 1.7798054640434e-05 6.670025158341252e-05 0.0 0.0 1.9904251567985795e-07 0.0 0.0 9.81423377179595e-08 0.0 1.4663312233682917e-07 5.266533869608739e-07 6.059959365813206e-07 1.2289216131661537e-07 0.0 1.1176356982092313e-06 0.0 1.6218314697816225e-06 0.0 0.0 0.0 0.0 0.0 0.0 0.0 0.0 0.0 0.0 0.0 0.0 0.0 0.0 0.0 0.0 0.0 0.0 0.0 0.0 8.724511605818463e-08 0.0 0.0 0.0 2.3735942858752666e-07 4.811075994332539e-07 1.9053692273339235e-06 1.3046455057417963e-07 0.0 0.0 0.0 0.0 0.0 0.0 0.0 0.0 0.0 0.0 0.0 0.0 0.0 0.0 0.0 0.0 0.0 0.0 0.0 0.0 0.0 6.365794548151683e-08 0.0 1.806600670953002e-06 0.0 0.0 0.0 0.0 0.0 0.0 0.0 0.0 0.0 1.4587729818300866e-06 6.1376247916131e-08 0.0 0.0 0.0 0.0 0.0 1.0028593569843197e-07 0.0 0.0 0.0 0.0 0.0 0.0 0.0 0.0 0.0 0.0 0.0 0.0 0.0 1.1419142862211838e-06 2.2620921402346289e-07 9.409664077733268e-07
0.0006740412707566 0.0016288798370916102 6.945232092346299e-05 0.0 3.281338708601312e-05 1.7788357125346913e-05 0.0006308397240515999 2.411121357284594e-05 1.1769983246264581e-05 0.0009118599663562792 7.950815300452642e-05 0.0002180920427790397 0.00019869506557734155 7.361990830041612e-05 9.181789338469987e-07 5.3808965129473e-07 0.0 0.0 0.0 0.0 0.0 0.0 0.0 0.0 0.0 2.1819843665116883e-07 0.0 0.0 0.0 0.0 6.873955736551004e-05 3.816392271156905e-07 1.2627429926548273e-06 0.0 0.0 0.0 2.527829463070388e-07 5.2931324924101573e-08 6.937734766572326e-08 0.0 0.0 0.0 0.0 8.301041414474515e-08 0.0 0.0 5.714449148685033e-06 1.67438923209659e-07 0.0 0.0 0.0 1.061752743881426e-07 0.0 0.0 1.6715126202009417e-07 3.75366652746177e-07 7.970986206031924e-06 8.068634810649218e-05 1.3892601793107711e-06 4.799981432927061e-06 1.2044466959598795e-07 1.5346107662777885e-07 0.0 9.32479229622194e-06 1.0846535224675235e-07 1.247897310036802e-07 0.0 0.0 6.582025231867053e-08 0.0 3.792819266507729e-06 1.2804454403035059e-07 0.0 5.1387334351897786e-05 1.3223427613413432e-05 2.2684490624147617e-05 2.142043893558786e-06 1.343643958172585e-07 0.0 2.1595200368741537e-07 5.206983897434821e-08 8.661527852878389e-08 4.768795434883679e-07 6.185352860299795e-08 1.1780536885006241e-07 1.2568101911515907e-07 1.343838193431608e-07 0.0 2.0600275660925342e-07 0.0 0.0 0.0 0.0 0.0 0.0 1.5605806130839616e-05 7.42524960772693e-07 2.5164903482302766e-07 2.0313975438263313e-06 6.371736814242467e-05 1.827386074164813e-07 1.0519139245780159e-06 8.933866570757928e-06 3.1775035516629536e-06 0.0 1.9490007983888623e-06 6.408500813750622e-07 5.080342963754819e-07 1.1629777640405222e-06 5.9014197677633e-06 0.0 6.710847044679891e-07 3.12387206029565e-07 0.0 1.0600423629059049e-07 0.0 0.0 0.0 0.0 0.0 0.0 0.0 0.0 0.0 0.0 0.0 0.0 0.0 0.0 0.0 0.0 0.0 0.0 0.0 2.9677931275506135e-07 0.0 0.0 0.0 0.0 0.0 0.0 6.335536272693961e-07 0.0 0.0 0.0 0.0 0.0 0.0 0.0 0.0 0.0 0.0 0.0 0.0 0.0 0.0 0.0 0.0 0.0 0.0 0.0 2.3530902893593274e-07 5.169481516253872e-07 0.0 0.0 0.0 4.915240717568209e-07 1.038448354714673e-06 9.624402149744067e-08 0.0 0.0 0.0 0.0 0.0 0.0 0.0 6.123575760335164e-07 0.0 0.0 0.0 0.0 0.0 2.8285111064786853e-07 0.0 8.175309703917024e-08 8.749769927948053e-08 4.4468916661930124e-07 0.0 0.0 0.0 0.0 0.0 0.0 0.0 0.0 0.0 0.0 3.279512723278821e-07 4.4440222465099083e-07 0.0
1.987551088579115e-05 0.000964770870576969 0.0006387272755348109 3.281338708601312e-05 0.0 7.744138246149977e-07 0.0015864391416693976 0.0003466127289052831 0.001596850388290651 3.426552583898356e-05 0.00017006031104012623 1.423755170046243e-05 0.0007894644461020759 0.001923075539658836 1.682109485050401e-06 2.909600207530904e-07 0.0 0.0 1.1158393657417742e-07 7.055133525051814e-08 0.0 0.0 0.0 8.160884310529504e-08 5.2682214904179815e-08 0.0 0.0 1.5465952228725698e-07 0.0 0.0 4.935805560202272e-05 2.2387194250487064e-06 1.1249080128825417e-06 0.0 0.0 0.0 4.870847787087012e-07 5.26853649111928e-08 0.0 1.0342305590527454e-07 6.9151116164945e-08 0.0 0.0 2.955327247918702e-07 7.105206346068564e-08 5.136641782736805e-08 1.8084836654847848e-05 4.2079729204055904e-07 0.0 0.0 0.0 0.0 0.0 0.0 3.965530400154548e-07 5.293263727528921e-07 3.6012201035987342e-06 2.1586086119331613e-05 1.0129425112247666e-06 4.739532174719234e-06 5.2722031539067994e-08 4.0782521265450703e-07 0.0 1.926167100385635e-05 3.237501234515709e-07 6.46214060802659e-08 1.1870196918435077e-07 0.0 7.175398243669137e-08 0.0 6.0788582380185965e-06 0.0 0.0 2.3546696896747434e-05 1.4627651869175178e-05 2.345880601104346e-05 7.840644173432825e-06 1.9208236579112754e-06 1.3842982127001578e-07 2.3375484642954977e-06 7.743216140773357e-08 2.8447154799828916e-07 8.849868911640674e-07 0.0 1.1175131483699191e-07 1.465831592198139e-07 0.0 0.0 5.764945276930331e-08 0.0 0.0 0.0 1.5623565014596598e-07 6.869159295980871e-08 0.0 8.894826731240778e-06 1.679415095598014e-06 1.040661535075493e-07 1.5229201252215337e-06 1.710345009906526e-06 0.0 0.0 0.0 0.0 1.4452549907517702e-07 0.0 5.16226663458415e-07 0.0 2.662582766400886e-06 7.847420648779683e-07 0.0 1.5777964520192253e-07 8.24113975221126e-07 0.0 6.891728458944283e-07 0.0 0.0 0.0 0.0 0.0 0.0 0.0 0.0 0.0 0.0 0.0 0.0 0.0 0.0 0.0 0.0 0.0 0.0 0.0 0.0 0.0 0.0 0.0 0.0 4.4801622951780717e-07 0.0 9.681573274858856e-07 3.393874729332726e-07 0.0 0.0 0.0 0.0 0.0 0.0 0.0 0.0 0.0 0.0 0.0 0.0 0.0 1.2092115822906846e-07 0.0 0.0 0.0 0.0 0.0 0.0 0.0 0.0 4.29528838358571e-07 1.3938435168992364e-06 5.175291276298206e-08 0.0 0.0 0.0 0.0 0.0 0.0 0.0 0.0 1.9913358911961273e-06 0.0 0.0 0.0 0.0 4.696407363318526e-07 0.0 0.0 0.0 0.0 0.0 0.0 0.0 0.0 0.0 0.0 0.0 0.0 0.0 0.0 0.0 1.2237334605750941e-06 0.0 3.597097249694422e-07
9.11551724996474e-05 0.00016724228930223168 3.5272211539529976e-05 1.7788357125346913e-05 7.744138246149977e-07 0.0 9.796060284298001e-06 3.922576667819692e-06 1.3885714157108746e-06 0.0001100497351176259 4.343270091565421e-07 3.859769470041478e-05 1.2924461476570104e-05 2.1875519643044577e-05 0.0 6.829868876137056e-08 0.0 0.0 0.0 0.0 0.0 4.5387136422963397e-07 0.0 0.0 0.0 0.0 6.659679277583803e-08 0.0 0.0 0.0 9.591402848342851e-05 3.7534018267279467e-07 6.697935703073571e-06 0.0 0.0 1.3580728111053797e-07 7.040066208486598e-06 9.474609392843913e-07 5.879728387028694e-06 9.434001523535217e-08 7.237346864246851e-08 0.0 0.0 0.0 0.0 0.0 1.2012619887973816e-06 8.438162312237939e-08 0.0 0.0 0.0 2.0589652125713035e-06 6.243040231506123e-07 0.0 0.0 1.881056549144919e-07 0.00011308383184604242 6.474422723896774e-05 1.56772827396819e-06 1.0288523044488593e-06 1.9782788754215556e-07 1.3410860427740355e-05 0.0 1.7156299023083367e-06 1.5824635606756964e-07 3.1968088339494525e-07 1.3732680898774475e-07 0.0 9.713328850615399e-08 0.0 5.402239632639217e-05 4.1852736685253854e-05 2.1191893681826e-06 1.0645866089983798e-05 1.1837680561360498e-06 3.516529625019951e-06 2.6924697689222024e-07 2.6831310906166696e-07 7.691673468218324e-08 2.2713380572064758e-06 0.0 1.0883125829043019e-05 3.922620613148743e-07 2.9489482561157345e-07 0.0 9.78927392648694e-07 0.0 8.364239431619942e-07 6.954410138957507e-07 2.9237357274406974e-06 5.27452951602249e-07 1.1793475311210434e-06 2.2297612329948903e-07 1.8955278270276577e-07 1.964759882895923e-07 0.00010732885899514358 0.00013705056884961867 2.1065667693289458e-05 3.178173131173897e-05 0.000533887558262993 0.0 0.0 0.0 0.0 0.0 0.0 0.0 0.0 0.0 2.390798968687427e-07 0.0 0.0 9.084672118641224e-07 0.0 9.95957382080598e-07 0.0 0.0 0.0 0.0 0.0 0.0 0.0 0.0 0.0 0.0 0.0 0.0 0.0 0.0 0.0 0.0 0.0 7.992548299918e-08 0.0 0.0 0.0 0.0 0.0 0.0 2.0813769662247346e-07 1.643053581407892e-07 2.0531639784852585e-06 1.6854926426547176e-07 7.662736192811426e-08 0.0 0.0 0.0 0.0 0.0 5.597995997729862e-07 0.0 0.0 0.0 0.0 0.0 0.0 2.428188368402967e-07 0.0 0.0 0.0 0.0 0.0 0.0 0.0 2.6316187346031217e-07 0.0 7.796254975618894e-07 0.0 0.0 0.0 0.0 0.0 0.0 0.0 0.0 0.0 7.125463349260046e-07 3.5505700984212583e-07 0.0 0.0 0.0 1.2948811212861847e-07 0.0 0.0 0.0 0.0 0.0 0.0 0.0 0.0 0.0 0.0 0.0 0.0 0.0 0.0 0.0 5.281264249224395e-07 0.0 8.335233739153204e-07
0.00022630493502544328 0.0020989357766581073 0.00011936098649873007 0.0006308397240515999 0.0015864391416693976 9.796060284298001e-06 0.0 0.00012029716707626758 0.0005016783868634273 0.0010454444039496567 0.0001602096192783473 0.00015424056479504945 0.00281473779791381 0.001562653412758619 1.6464603240069134e-05 5.308894877141328e-06 5.858607958721292e-07 1.774791426724374e-07 0.0 1.9868671510448753e-07 6.402957802855078e-08 0.0 1.319978938723177e-07 2.849453099634494e-07 4.2757600243574786e-07 1.326462081047036e-07 1.5371292697172058e-07 3.399709297958303e-07 3.000561121023571e-07 2.097648618780461e-07 0.0002271347285907658 1.9055053226585946e-05 1.0582337262925578e-05 0.0 2.6211992215213405e-07 1.2268988261482891e-07 7.295179317857103e-06 3.106629914249794e-07 6.373116175001259e-07 2.643274898559497e-07 6.219205375695941e-07 2.4653728355813333e-07 4.1675179994142877e-07 2.094762420302775e-06 5.7515695824115904e-08 2.3381556600114844e-07 0.00010735181062904524 1.0297625699869811e-06 4.86686393862223e-07 0.0 0.0 7.615333139299184e-08 0.0 7.281578516189797e-08 1.430010377043276e-06 2.271327350824258e-06 2.5679970337759974e-05 0.00013720893034936741 5.839055095898045e-06 3.6000323684183034e-05 2.8948919507968703e-07 1.3927086403841754e-07 0.0 0.00010033811655239336 1.48110533891947e-06 1.0786695196942259e-06 5.771732631636673e-07 5.279372651804963e-07 6.585519008431516e-07 3.114212053962592e-07 4.292166385688546e-05 1.2309184080741273e-06 0.0 0.00016568343619123075 9.47358057415168e-05 0.00016643114281794706 4.210242494085603e-05 1.3324871499883501e-05 2.0471987710572738e-06 1.106986042064494e-05 9.16552100889854e-07 4.181985294267927e-06 5.758951227819638e-06 1.1744707740209448e-06 6.784201330823913e-07 1.3354112555229726e-06 3.1411513964532047e-07 2.163460276860344e-07 9.917829399833983e-08 7.519446379579791e-08 0.0 0.0 6.072270021111095e-07 6.790381353253272e-08 0.0 8.67492204321866e-05 1.0181191271427419e-05 0.0 1.2788883130868095e-05 1.1084500401432175e-05 1.0479331441836491e-06 3.5673209708300184e-06 4.3162826095023155e-05 7.360927028973806e-06 2.7764789993079943e-07 2.938853298453056e-06 4.49302857165516e-06 3.205173845997677e-06 1.9261178706011778e-05 2.1587424280547814e-05 5.453529028698288e-07 2.7689662143738813e-06 1.3080706025941087e-05 1.2914891554975175e-06 1.685133892817001e-05 0.0 0.0 0.0 0.0 0.0 0.0 0.0 0.0 0.0 0.0 0.0 0.0 0.0 0.0 0.0 0.0 0.0 0.0 0.0 1.628672875330843e-06 9.888638576174739e-08 0.0 0.0 0.0 2.4065047215728635e-06 3.494069988528703e-07 9.749125047795489e-06 9.161027924473432e-08 0.0 0.0 0.0 0.0 0.0 1.349802495004975e-07 0.0 0.0 7.308248879035322e-08 1.628614622961269e-07 0.0 0.0 0.0 7.442917141280539e-07 0.0 5.338309601660326e-08 7.235266585048962e-08 5.630288394768257e-08 5.672881132657797e-07 4.3354151029792724e-07 0.0 0.0 0.0 1.2067127850584347e-05 2.860606764639766e-07 0.0 0.0 0.0 0.0 0.0 0.0 0.0 0.0 1.4746533352343003e-05 0.0 0.0 0.0 0.0 2.4339261425933947e-06 1.6737303708031503e-07 2.3989817947086565e-07 6.131876620578715e-07 2.8859862618946255e-07 3.546255271618451e-07 5.710447105743329e-07 1.2599276056064688e-07 0.0 0.0 0.0 0.0 7.22237522686864e-08 0.0 0.0 0.0 1.2380967783403096e-05 1.0317223341044198e-06 3.5864964564402625e-06
2.761991563072808e-05 0.00021784160217703713 0.0008847874681120634 2.411121357284594e-05 0.0003466127289052831 3.922576667819692e-06 0.00012029716707626758 0.0 0.00011476549819975947 3.845608313080388e-05 0.0006881514562843401 0.00048056071506707575 0.0007553545746686635 0.002061559190415458 3.079245496707599e-06 1.3835247357613719e-06 5.283176285273148e-08 1.209282744226572e-06 0.0 2.850722434107865e-07 3.5928631577534384e-06 7.469033976882167e-08 3.5338756894330024e-06 3.803212468837292e-06 1.5471418000720962e-05 3.85073412557601e-06 4.682969497129578e-06 1.740565576320759e-06 6.237361570019557e-07 3.0524588976928837e-07 0.0008072988972572834 0.001167122330110153 0.0006589488836588348 4.810269601641281e-07 1.4969652172780993e-05 8.958639782703454e-06 9.60655431925727e-05 5.381536820153189e-06 7.049722869075218e-06 6.398352929597282e-06 1.3722979254993228e-05 5.936454687453728e-06 2.914590251082639e-06 2.8290422058547355e-06 6.292701184553884e-08 9.621662235407093e-07 1.0628398550011282e-05 2.5014491557839155e-07 1.459705238240867e-07 1.3503341360729827e-06 1.0004074315833016e-06 0.0 3.365778351029163e-07 2.3199717438053435e-07 3.0427625206141135e-07 3.359565053236706e-07 6.340504461934037e-06 7.288528575131205e-05 9.137606757445534e-07 3.104795986539678e-06 4.328264978534646e-06 4.3922896421880936e-05 6.196345383327813e-07 0.0001679743560849521 2.3604976765154362e-07 1.4440705516986197e-07 0.0 3.597091450404054e-06 1.2671525377104176e-05 7.139125353014471e-06 0.00023051710614955964 5.824558203724176e-07 0.0 2.7793489042378438e-05 2.932202985439099e-05 1.9594309878094422e-05 3.96007300845251e-05 2.831389575148699e-05 0.00046695207325081294 0.00126063002570216 6.049655032828895e-06 0.00041158081659105095 3.968700845796856e-07 5.801971970636052e-08 1.1364894825252234e-07 1.2230354244834554e-07 7.872950909375971e-08 6.91510296763131e-08 8.340583106554049e-08 0.0 4.422722008336871e-07 0.0 1.695505965518598e-05 3.1287378515476356e-06 4.5009730987354494e-07 2.1447552334174064e-05 1.7616032518499943e-05 0.0 4.002981102557147e-05 1.3436992712942856e-05 0.0 2.1406615548598408e-07 1.1008048192639672e-07 0.0 0.0 5.799942674210632e-08 0.0 0.0 9.55104686215273e-07 2.4974571136592747e-07 1.3747722182261504e-07 3.4126446287798815e-07 1.7332788134938944e-06 0.0 1.5935498373806497e-06 0.0 0.0 0.0 0.0 0.0 0.0 0.0 0.0 0.0 0.0 1.8739442703047805e-07 0.0 0.0 0.0 0.0 0.0 0.0 0.0 9.433244065201455e-08 0.0 0.0 0.0 0.0 7.491650298910109e-08 6.805134174392881e-07 0.0 2.191016902372638e-06 0.0 1.8542691535243833e-07 0.0 0.0 0.0 0.0 0.0 1.2340032299708948e-07 0.0 0.0 0.0 0.0 0.0 0.0 1.0239035432867208e-07 0.0 0.0 0.0 0.0 0.0 0.0 0.0 1.8299220118915994e-07 0.0 2.5430446251237172e-06 0.0 0.0 0.0 0.0 0.0 0.0 0.0 0.0 0.0 1.40870124874929e-06 0.0 0.0 0.0 0.0 1.3431277576013808e-07 0.0 8.194754169172352e-08 0.0 0.0 3.0188882441959374e-07 0.0 0.0 0.0 0.0 0.0 0.0 9.837780529421375e-08 0.0 0.0 0.0 1.1186344780340114e-06 5.368582716746464e-07 2.0797979569289747e-06
9.779486240173094e-06 0.00036876015349385417 0.00014220959717684868 1.1769983246264581e-05 0.001596850388290651 1.3885714157108746e-06 0.0005016783868634273 0.00011476549819975947 0.0 8.976343955572737e-06 0.00015716773088012725 2.3095277143828525e-05 0.0006961542390389794 0.0012642719425944849 2.1456854063625664e-06 4.7269958887889555e-07 0.0 0.0 0.0 0.0 0.0 0.0 0.0 0.0 4.806218792767308e-08 8.725243572765993e-08 4.893337881232773e-08 0.0 0.0 0.0 4.665130414740288e-05 5.575141381313011e-06 7.868234051548047e-06 0.0 0.0 0.0 3.496638882976262e-07 0.0 7.052575282362075e-08 5.173828252809803e-08 0.0 5.2042412973982225e-08 0.0 2.6862357593784317e-07 0.0 5.64201625324841e-08 1.1416323901817374e-05 3.109276056701703e-07 0.0 0.0 0.0 0.0 0.0 0.0 2.5247097725988816e-07 1.6774666796994824e-07 1.722344815957446e-06 1.3597511416699502e-05 4.435604626613347e-07 2.837167931170804e-06 0.0 0.0 0.0 1.2594650917154836e-05 1.6499378033819153e-07 1.1470621260057297e-07 1.2891813838856428e-07 0.0 7.472652388117173e-08 0.0 7.393029287583107e-06 0.0 0.0 1.476981128964451e-05 1.1028225785611008e-05 1.5719457564502292e-05 5.679478153197616e-06 2.5200745418313003e-06 5.526292415405378e-07 8.181549380742198e-06 2.3131764230408044e-07 5.757127387415216e-07 3.3424314731840004e-07 6.664580906993612e-08 6.058037952575947e-08 1.9837598421038247e-07 0.0 0.0 0.0 0.0 0.0 0.0 1.0814211236526048e-07 0.0 0.0 4.186655334433816e-06 5.909531054029881e-08 0.0 1.5063656002152277e-06 2.307806676187073e-06 0.0 0.0 0.0 0.0 2.8290873028482005e-07 1.7453604377905532e-07 5.168821471431787e-07 0.0 6.959897023283007e-07 2.456846057927299e-07 1.518831142996678e-07 0.0 4.381547501928496e-07 0.0 1.3114414182706585e-07 0.0 0.0 0.0 0.0 0.0 0.0 0.0 0.0 0.0 0.0 0.0 0.0 0.0 0.0 0.0 0.0 0.0 0.0 0.0 0.0 1.1015505333519265e-07 0.0 0.0 0.0 2.42779507272967e-07 0.0 4.759162194506166e-07 0.0 0.0 0.0 0.0 0.0 0.0 0.0 0.0 0.0 0.0 0.0 0.0 0.0 0.0 0.0 0.0 0.0 0.0 0.0 0.0 0.0 0.0 0.0 0.0 2.996333283576281e-07 0.0 0.0 0.0 0.0 0.0 0.0 0.0 0.0 0.0 1.8433729059997256e-07 0.0 0.0 0.0 0.0 0.0 0.0 0.0 0.0 0.0 0.0 0.0 0.0 0.0 0.0 0.0 0.0 0.0 0.0 0.0 0.0 5.986347889790233e-07 0.0 0.0
0.0016123324048404738 0.0010460903652861253 3.4441466157709816e-05 0.0009118599663562792 3.426552583898356e-05 0.0001100497351176259 0.0010454444039496567 3.845608313080388e-05 8.976343955572737e-06 0.0 9.293134069338198e-05 0.0011862652198210933 0.0029596365947608264 0.0006528185532137359 5.792724342099701e-06 1.3640539142334936e-06 0.0 6.279552636494608e-08 6.60193081809119e-08 1.1352244724834463e-07 2.937399201501868e-07 0.0 1.0286597352340073e-07 2.7510671826170193e-07 1.222545866962898e-06 3.3964570067580563e-07 4.5866003038216703e-07 0.0 8.766434921697413e-08 0.0 0.00018246303536661998 5.635255136461755e-06 3.099229160316545e-05 1.3840392475282373e-07 1.135615797126345e-06 8.011606024427914e-07 3.604548996414609e-05 7.548759288770955e-07 2.3146827682297024e-06 5.573866488807036e-07 1.090813543262755e-06 4.165026762654072e-07 3.1468876866807897e-07 4.6968750392152236e-07 0.0 1.3574003392325052e-07 4.338912967724804e-05 8.310055942491909e-07 1.0888769444425551e-07 8.344348548463222e-08 1.8691777907623365e-07 5.090678992546691e-07 1.0794880116898787e-07 0.0 7.380995514260034e-07 2.0611300867552134e-06 3.138744389605947e-05 0.00023248486332330489 6.2617361968291344e-06 1.9625368842545742e-05 7.778653719669488e-08 4.8964179280466555e-06 0.0 3.565855526570331e-05 6.594364747055781e-07 6.801971967930766e-07 4.54389171668577e-07 3.887921055404367e-07 9.043707506486273e-07 1.8858573965384442e-07 0.0003145329022879748 1.369554071377562e-05 4.0734093549252594e-07 0.000171500380618611 4.749310469278069e-05 9.818126993830642e-05 1.2767665111519723e-05 2.697606651962702e-06 6.911874301483664e-07 8.927127508572395e-06 2.3479034750660452e-07 8.87216312269137e-06 2.8930991780194196e-06 5.070956443579768e-07 5.361640774990757e-07 1.4523788636206106e-06 5.723443934534193e-08 1.2553532673877505e-07 1.1906275423613622e-07 0.0 0.0 3.4148872790039995e-07 1.4200909457829395e-06 1.575025447295111e-07 9.508333495381913e-08 0.0007946625514589348 0.000159784246273374 3.4304530568668213e-06 5.836153720941485e-05 0.0005224847759044741 1.898555971558357e-06 6.491040192598132e-06 5.093223810379953e-05 2.0811271178650185e-05 2.2620525557534365e-06 0.00022463807838872955 1.1009963724649963e-05 2.956765491048467e-05 0.00010903703123308851 5.2209163015239126e-05 2.6072756533840016e-06 1.8723061191721486e-05 5.2077771761734736e-05 5.907049799878595e-06 4.134338483016469e-05 0.0 1.3178980222406363e-07 0.0 0.0 0.0 0.0 0.0 0.0 0.0 0.0 0.0 0.0 0.0 0.0 0.0 0.0 0.0 0.0 0.0 1.581106144358827e-06 1.865120499793007e-06 1.6102014663603674e-07 0.0 0.0 5.3435773328967626e-06 1.5575605884701839e-06 1.9204228172428564e-05 1.0298335908098376e-06 1.0378671602126433e-06 0.0 0.0 0.0 0.0 0.0 1.5734214018164443e-07 0.0 0.0 2.7135560615322197e-07 0.0 0.0 0.0 7.777625506397678e-07 0.0 0.0 1.6468127415111674e-07 0.0 7.432294880637542e-07 1.7886392672364693e-06 2.1306300115724477e-07 1.5111323801918667e-07 0.0 2.6445393332242714e-05 1.5287871225320254e-07 0.0 0.0 0.0 0.0 0.0 0.0 0.0 0.0 3.4080073250163556e-05 0.0 0.0 0.0 0.0 2.8291855812461923e-06 0.0 1.1052911211595196e-07 2.885726750478714e-07 7.265895714656036e-07 0.0 2.573031699544128e-07 0.0 0.0 0.0 0.0 0.0 0.0 0.0 0.0 0.0 3.327094269298271e-05 4.076413878955395e-06 6.03537052487064e-06
7.679660675216525e-06 0.00023088464034173232 0.00029456317782877603 7.950815300452642e-05 0.00017006031104012623 4.343270091565421e-07 0.0001602096192783473 0.0006881514562843401 0.00015716773088012725 9.293134069338198e-05 0.0 0.0003591947458316658 0.0012370346551383053 0.003085577010607971 7.221730385837622e-07 2.1430027566039464e-07 0.0 0.0 0.0 0.0 1.3197089576307772e-07 0.0 0.0 2.290692929343263e-07 9.078552865855829e-07 2.0302719716672444e-07 0.0 0.0 0.0 0.0 7.128767276449526e-05 1.199759821009402e-05 9.862231278972684e-05 0.0 2.0112556251396222e-07 3.671278367159021e-07 4.2176252979861144e-05 7.105140796789678e-08 1.2411435038155554e-07 2.2018429757526253e-07 2.3345758500184855e-07 1.5954799176892273e-07 0.0 1.4725390587208416e-07 0.0 0.0 4.8936278730633655e-06 0.0 0.0 0.0 1.214827243636992e-07 0.0 0.0 0.0 1.816390774396509e-07 8.874530234608769e-08 6.450913200082573e-07 6.295506684586008e-06 8.061626314980891e-08 1.0499420019797515e-06 2.1464998106323555e-07 1.6270858681126525e-07 0.0 8.203489707623527e-06 1.2305142785616806e-07 0.0 0.0 2.2210848300077384e-07 4.735317779426148e-07 2.531152811509757e-07 0.00010277727572152165 0.0 0.0 4.190841397871916e-06 4.127767095886321e-06 5.4348842418851665e-06 3.2115511808605387e-06 2.9877394044000227e-06 5.013610634188791e-06 0.00013316709590910288 0.0 2.6784189714553657e-06 1.3662800815451922e-07 5.26528679457799e-08 6.058104412261481e-08 0.0 0.0 0.0 0.0 0.0 0.0 0.0 3.444554017740136e-07 1.644326420946869e-07 0.0 3.136547064887364e-06 1.3486496561666864e-06 0.0 4.874565241461598e-06 1.318955646199314e-06 0.0 0.0 0.0 0.0 0.0 0.0 0.0 0.0 6.623334296378468e-07 2.4362179729848077e-07 0.0 0.0 3.7841141675029333e-07 0.0 2.86066625971442e-07 0.0 0.0 0.0 0.0 0.0 0.0 0.0 0.0 0.0 0.0 0.0 0.0 0.0 0.0 0.0 0.0 0.0 0.0 0.0 0.0 0.0 0.0 1.9502449054939292e-07 0.0 0.0 0.0 0.0 0.0 0.0 0.0 0.0 0.0 0.0 0.0 0.0 0.0 0.0 0.0 0.0 0.0 0.0 0.0 0.0 0.0 0.0 0.0 0.0 0.0 0.0 0.0 0.0 5.035914755015889e-07 0.0 0.0 0.0 0.0 0.0 0.0 0.0 0.0 0.0 8.9904595967533e-08 0.0 0.0 0.0 0.0 0.0 0.0 0.0 0.0 0.0 0.0 0.0 0.0 0.0 0.0 0.0 0.0 0.0 0.0 0.0 0.0 5.95649060294201e-07 9.393361881034397e-08 2.4990453180622116e-07
0.00023636864060821219 0.00043351162368232874 9.323580112070893e-05 0.0002180920427790397 1.423755170046243e-05 3.859769470041478e-05 0.00015424056479504945 0.00048056071506707575 2.3095277143828525e-05 0.0011862652198210933 0.0003591947458316658 0.0 0.0007284445735192419 0.00024891199782627087 1.0058219303863764e-05 4.475042905601374e-06 3.6617479572127553e-07 1.2864577658277207e-07 0.0 8.496691445433921e-08 5.698211467953494e-07 1.1091745517706779e-07 1.016922727167009e-06 1.4673184046123368e-06 6.599338621785397e-06 2.1832199795226997e-06 1.2651609098153924e-06 3.9356053335311465e-07 3.5654435484421435e-07 6.052005097381749e-07 9.300842233457293e-05 1.640464104941967e-05 3.830715277026014e-05 5.282097908594857e-08 6.201692574856766e-06 2.0971062121538033e-06 7.1476839134199e-05 1.1021941134697265e-06 3.333020112563473e-06 2.9131973971868734e-06 6.483923061290539e-06 4.375202327180586e-06 1.6807391682712852e-06 1.0821109251160837e-06 0.0 1.0370564612979244e-07 3.924588058367097e-05 3.046336504004544e-07 3.2380170709242524e-07 1.068052539409809e-06 1.5235875807537604e-06 3.1800372315812455e-07 1.346623263938483e-07 7.128500010644961e-08 1.730611576919878e-07 5.313410935678274e-07 4.756237731636933e-06 3.616555669207695e-05 1.4510018280404092e-06 7.053194235979964e-06 4.2677412536147876e-07 2.1429294142441297e-06 1.8288030310766672e-07 2.643078969033696e-05 1.2617317129467264e-07 3.547619607025869e-07 1.5253731886308663e-07 1.7477665970492184e-06 1.2051438252864936e-05 2.2693823170864354e-06 0.0003424858975253528 5.766917272361128e-06 1.1665776029798464e-07 3.4002331149915504e-05 1.9214240947682843e-05 4.2998544184405665e-05 2.201031581287225e-05 1.1215915239020861e-05 3.720473660860819e-06 5.199413608030198e-05 6.732596067811612e-07 1.0200741366614446e-05 1.7020469127471617e-06 6.45523517357759e-08 1.4893250455141369e-07 1.9459727767630608e-07 2.3265345011908455e-07 1.5153686389006804e-07 3.8508384172099324e-07 1.05604722539865e-07 2.3700404224718257e-07 0.0 7.893934016496148e-06 1.7593106353224375e-06 0.0 0.0006821429055473587 0.00012525657696912235 1.105527353477361e-06 8.903367200955647e-05 2.836871414455744e-05 0.0 2.5428846029466433e-06 3.4253995807316667e-06 2.102204584992959e-06 2.882669632256342e-06 7.586182910672514e-06 8.061561849085919e-06 2.2670650408291225e-06 5.4495475076881107e-05 4.669818792316943e-05 2.848244553013222e-06 9.3104911733423e-06 6.126184872906946e-05 6.916451270777601e-06 8.515444302523766e-05 0.0 3.1676974887908513e-07 0.0 0.0 0.0 0.0 0.0 4.5633293994115464e-07 0.0 0.0 1.7931784546543866e-07 0.0 8.345337250086372e-08 0.0 0.0 1.6900749014113017e-07 3.290934320961527e-07 0.0 5.9545638638258423e-08 1.9822035474540114e-07 1.358213405204517e-06 0.0 0.0 0.0 1.2198323780893766e-05 1.2181695695030047e-06 3.9252360016087725e-05 1.6164238864274693e-06 8.462506495049109e-07 0.0 2.24027770438502e-07 0.0 0.0 0.0 2.649063582689856e-07 0.0 0.0 0.0 0.0 1.1487707772086136e-07 1.9694581274598637e-07 1.0094225422609478e-06 9.400686102542924e-08 0.0 0.0 0.0 2.4263957777068474e-07 1.96075445779351e-07 0.0 1.534506124137305e-06 7.172590731638311e-07 5.4237564374360243e-05 8.965443442792913e-08 0.0 0.0 0.0 0.0 0.0 0.0 0.0 0.0 5.825016718198743e-05 1.4015510105038318e-07 0.0 0.0 0.0 6.211004150356295e-06 4.681954475650141e-07 2.6022336301645193e-06 0.0 2.3634977395529812e-07 5.432234981290477e-07 7.865204259181307e-08 0.0 0.0 0.0 0.0 0.0 0.0 0.0 0.0 0.0 6.523869110028979e-05 1.0165274941483573e-05 1.560040736932591e-05
7.401122859612276e-05 0.0009422793496419036 0.00018169550250927524 0.00019869506557734155 0.0007894644461020759 1.2924461476570104e-05 0.00281473779791381 0.0007553545746686635 0.0006961542390389794 0.0029596365947608264 0.0012370346551383053 0.0007284445735192419 0.0 0.0040118555713802755 1.8949708871244243e-05 7.261760269827736e-06 6.621388484242957e-07 2.786768096636999e-07 5.526942673355964e-08 0.0 1.255331463148455e-06 1.2657198403227674e-07 1.6525105670577418e-06 1.2330107000877746e-06 5.593853233232089e-06 6.068966291935059e-07 1.4633584179058825e-06 7.551823626518074e-07 4.837238213705728e-07 3.7750128322113556e-07 0.00014973556331075583 3.1585100435965815e-05 0.0001939856705075068 6.490929942352675e-08 4.414630509758852e-06 2.1346171420532064e-06 0.0002309574451337339 6.918964466546247e-06 3.165141462941307e-06 1.3070831787266909e-06 4.207636388586993e-06 2.5479877144524186e-06 1.1987169970764487e-06 2.7049011168298356e-06 0.0 2.4954228555176057e-07 8.180513068037611e-05 5.766045002644592e-07 3.0783743058229447e-07 6.403237115615654e-07 5.900977373859305e-07 2.0749757149791463e-07 1.4291115234525259e-07 6.53957888736702e-08 5.209461887778262e-07 1.4015921335722646e-06 9.167564694301077e-06 6.460448607250945e-05 2.552333130918705e-06 1.8487949757445122e-05 6.909620589818732e-07 2.88110110629317e-06 9.901265006019583e-08 7.397722147091707e-05 7.413826098190259e-07 7.493694617045274e-07 4.470432824817531e-07 1.4792176107283036e-06 6.39474537496159e-06 2.212018973263357e-06 0.000288333453113909 2.157718405839987e-06 0.0 8.001284898992925e-05 6.19366175260603e-05 0.00011315319834621291 4.6164382936905154e-05 2.665522450814123e-05 8.710695834380654e-06 0.0001853634968029378 1.8084226268156553e-06 1.8872584277067505e-05 3.942982253928675e-06 6.80892223990733e-07 6.353839725293401e-07 1.0245441281666384e-06 2.468553705379797e-07 1.6863074566075e-07 6.484223431756955e-08 2.187777284032975e-07 2.8028329048015824e-07 0.0 5.290487096491703e-06 1.6138219078022074e-06 7.43926185857616e-08 0.0003085711389374557 3.3810857586708105e-05 4.443283542553163e-07 8.264743883663838e-05 1.2939948986773125e-05 3.2692965040022416e-07 9.613124942556233e-08 1.1590497235034574e-06 1.988059474219625e-06 1.5443208722888589e-06 1.6932165326831007e-06 3.6821872784401966e-06 8.25451663025865e-07 3.3504295148776516e-05 2.6056570045274475e-05 1.578562295198242e-06 3.018638606140158e-06 3.309046112476747e-05 2.833048386594669e-06 4.100760392862793e-05 1.2628570210878844e-07 9.396067609601625e-08 0.0 0.0 0.0 0.0 0.0 2.1336767329508641e-07 0.0 0.0 0.0 0.0 0.0 0.0 0.0 0.0 0.0 0.0 2.0796568438980455e-07 7.960567535076293e-08 9.60338413763289e-07 0.0 0.0 0.0 8.30206832131279e-06 9.674794796617367e-07 2.304995755138542e-05 1.2939914901148105e-06 2.602346247467267e-07 0.0 0.0 0.0 0.0 2.3943277959079615e-07 3.372331776746491e-07 0.0 0.0 0.0 0.0 0.0 0.0 1.5778761717776334e-06 0.0 0.0 0.0 0.0 0.0 1.0046673335528444e-07 1.5563625661497986e-07 7.181801497809356e-07 6.746381399803041e-07 2.4694165810653037e-05 4.4644244595622486e-07 0.0 0.0 0.0 0.0 0.0 0.0 0.0 0.0 2.5641745412340343e-05 1.0651237976293157e-07 0.0 0.0 0.0 3.2934617554901917e-06 0.0 6.47234298912207e-07 5.969451743792149e-08 1.1940321901146793e-07 0.0 0.0 0.0 0.0 0.0 0.0 0.0 0.0 0.0 0.0 0.0 3.869462245551537e-05 5.898319569098195e-06 1.0006609652691407e-05
0.00023081868410652418 0.002169306690800516 0.002484169016502029 7.361990830041612e-05 0.001923075539658836 2.1875519643044577e-05 0.001562653412758619 0.002061559190415458 0.0012642719425944849 0.0006528185532137359 0.003085577010607971 0.00024891199782627087 0.0040118555713802755 0.0 1.4657192894408891e-05 5.547240740439446e-06 1.6063025133158067e-07 5.375877076916832e-08 0.0 0.0 5.858022339642938e-07 0.0 9.080720088888902e-07 1.18886145815489e-06 6.971231581537829e-06 2.4937574713908178e-06 1.8608768394781202e-06 1.4024751551913506e-06 1.8724287618729392e-07 7.62577441109993e-07 0.0009425311204936885 0.00011635763330162044 0.0005593355103777708 1.173756978790175e-07 4.867259014140532e-06 3.0018836323494345e-06 0.00046402539632267673 2.6920367157904487e-06 3.266055624749367e-06 2.2369648574863716e-06 7.069344590505522e-06 2.85651760033358e-06 1.2783180566654907e-06 2.98597766738531e-06 0.0 2.2878514136240162e-07 6.596268490210347e-05 6.817799478601723e-07 4.6505203644821206e-07 2.696492446230655e-07 1.0250218048803985e-06 6.814028255610322e-08 0.0 0.0 8.370317306423038e-07 9.50101000219871e-07 1.5035783019432773e-05 0.00011778724067805553 3.1985712446650874e-06 1.7328083754234174e-05 5.01020368765868e-07 5.210920040591082e-07 6.72927212760792e-08 8.390472193852493e-05 1.1804810829944276e-06 7.215458139214502e-07 6.565515143809392e-07 6.721538268626713e-07 4.579001963422515e-06 1.8467269214871392e-06 0.0005912999439762528 1.2064088043744446e-07 2.3906762458708515e-07 7.701486509357408e-05 5.997886622668693e-05 9.850991198168085e-05 4.398330206705814e-05 2.5708401513557467e-05 4.576808536154805e-05 0.0005129493875405495 1.732820892604464e-06 1.7523038689715417e-05 3.1927437726593558e-06 6.536410444619344e-07 5.394502722430113e-07 8.710904895611995e-07 1.773427409959284e-07 5.842302530078808e-08 1.2162025494445565e-07 1.9905293073194718e-07 2.3259063206015502e-07 0.0 7.045783348310278e-06 1.966399361401453e-06 1.357942076710274e-07 8.504146581598066e-05 1.8602843418223133e-05 3.65442073136228e-07 6.745488738343131e-05 3.8787952465611935e-05 0.0 0.0 1.316692398024714e-06 8.318855341417633e-08 8.700208118184601e-07 1.0853877199113459e-06 2.1360855050766184e-06 0.0 1.5067597748861478e-05 1.0595866756991932e-05 3.370642608245941e-07 1.5141469414553314e-06 1.2641270474703096e-05 1.3453745092074628e-06 1.643864802896028e-05 0.0 0.0 0.0 2.648701605005358e-07 0.0 0.0 0.0 0.0 0.0 0.0 0.0 0.0 0.0 7.377718368958212e-08 0.0 0.0 0.0 0.0 0.0 0.0 0.0 0.0 0.0 0.0 2.655275410175572e-06 4.23880029106095e-07 7.369179760569745e-06 5.976413896575512e-07 3.0822194993547543e-07 0.0 0.0 0.0 0.0 0.0 0.0 0.0 0.0 0.0 0.0 0.0 0.0 3.432752734963567e-07 0.0 0.0 0.0 0.0 0.0 0.0 0.0 1.541735972892373e-07 2.493440854717713e-07 1.030568235263326e-05 1.6148944305657316e-07 0.0 0.0 0.0 0.0 0.0 0.0 0.0 0.0 1.0211309835880457e-05 0.0 0.0 8.469746139779743e-08 0.0 1.43949412864867e-06 5.63650874821226e-08 6.34337132337445e-07 0.0 2.087945003968813e-07 0.0 0.0 0.0 0.0 0.0 0.0 0.0 0.0 0.0 0.0 0.0 1.0583082280552451e-05 9.191334451483667e-07 4.267123055634421e-06
