0.0 0.0006504755406599455 0.00019906930596238283 0.0008981823207617952 2.869746328140084e-06 0.00013131449724390197 7.021989972028758e-05 3.353497985488202e-05 3.807468400116431e-07 0.0007497103323245484 2.173012395235462e-05 6.311968801043959e-06 1.8038353019003855e-06 3.3798545565076878e-06 2.9704898127366854e-06 1.957976157745301e-06 3.034753584063414e-07 1.201719565377935e-07 5.624682407982707e-08 2.7604705709140185e-07 1.4785459175708235e-06 2.169034424181265e-07 6.236257126738116e-08 7.36603955931948e-08 5.6160091092056e-07 7.707396871974534e-07 0.0 0.0 0.0 0.0 0.0007636779322310934 1.2967107261150116e-05 6.090819649340599e-07 2.0289865528946807e-07 7.760458464811265e-08 1.1891790126265343e-06 2.5739897283416303e-06 3.1917727721398657e-07 1.1074652410229582e-06 3.3131633956105095e-07 5.094124193545537e-07 2.431481819011583e-07 1.1678896674634725e-07 7.716595709648947e-07 1.916905876229254e-07 5.269623841966818e-07 9.221421180149292e-06 7.453469993855548e-07 1.502483513250956e-07 3.633824178830902e-07 7.023995624766788e-08 8.579583581624757e-07 2.751449978982999e-07 5.215731594800398e-07 3.8802767216035335e-06 5.369193669765584e-06 0.0001598647273426284 0.0004243591366282081 3.437280375222794e-05 8.01514499061703e-06 6.02081349340173e-07 1.6198217158192808e-06 6.441557186307626e-08 6.122078630039124e-06 2.138834356686538e-06 6.336689629160754e-07 7.651554017361926e-07 3.110690196869542e-07 2.0568480788624196e-07 1.1647059001014018e-06 5.194835870980061e-06 2.0211038956992023e-06 1.0780487256630482e-06 0.00012867556813790044 4.570302272754486e-05 3.605417757644735e-05 5.308935940673704e-06 1.4263296010478314e-06 4.351525880376457e-06 1.4751258068974348e-05 7.700987540923148e-07 4.299081720026085e-06 4.208396724617148e-06 4.574565726969958e-07 7.817608267917477e-07 1.5635669048943126e-06 5.67276080397744e-07 5.538345902011547e-07 5.104449883086114e-07 1.0176948683837509e-06 5.877735893176509e-07 1.9323552615379508e-07 2.3301346433405605e-06 6.208462961732562e-07 2.810196814593174e-07 2.3358801722121012e-05 4.8728890374296756e-06 1.3783849566655232e-06 4.591620069931618e-06 0.0007730865060181616 4.3557444545796716e-07 6.852319005408326e-06 3.2476103994071935e-06 1.447272976719519e-06 6.15950881714203e-07 7.802464312130576e-06 9.965774939062624e-06 3.595815713852547e-06 4.504330424854382e-05 2.709230039904846e-05 8.608798832974086e-07 1.2549558238996004e-05 5.418972377594638e-06 2.264975408698459e-06 2.154277617251629e-06 1.9649303722367598e-07 2.784398856086471e-07 0.0 0.0 0.0 0.0 0.0 0.0 0.0 0.0 0.0 0.0 0.0 0.0 3.247966789936682e-07 0.0 0.0 0.0 0.0 0.0 0.0 0.0 0.0 0.0 7.884792442631226e-07 3.469426806030475e-07 1.0806376861941685e-06 5.756088782045523e-07 0.0 9.757268464040674e-08 0.0 7.094789135565899e-08 0.0 0.0 7.601156800168523e-08 0.0 0.0 0.0 0.0 0.0 0.0 2.6023507798725755e-07 2.0856901246810456e-07 0.0 0.0 1.0788965819969863e-07 5.211492677698777e-07 0.0 2.844805429908948e-06 0.0 2.1098306445586678e-07 2.1195575787156413e-06 0.0 0.0 0.0 0.0 0.0 0.0 1.0388106959708665e-07 0.0 0.0 1.435662280074508e-06 0.0 0.0 0.0 0.0 2.3233286397921275e-06 0.0 1.59031014914995e-06 0.0 0.0 9.373097286609509e-08 0.0 0.0 0.0 0.0 0.0 0.0 0.0 0.0 9.458654682567585e-08 0.0 3.076517588141392e-06 2.0305509200994064e-06 1.286661761128004e-06
0.0006504755406599455 0.0 0.0016566603496874072 0.0006105894275946429 0.0009697075639226964 9.896966122824404e-05 0.0008679357535405637 0.00038726533845940533 0.0009583116040640091 0.0005346760562274398 0.000925551925781477 0.00010478406640879053 0.0007100371794773122 0.0008549219703880083 4.46894755781574e-05 2.1700501820602225e-05 1.8050252969565758e-06 5.471606724694946e-07 4.010129042933686e-07 1.0447719223833844e-06 4.543876812952158e-06 2.8513597468781074e-07 3.028949716448154e-07 4.1937689355237427e-07 3.7146837898772675e-06 1.4942494909566403e-06 3.4308165232967124e-07 5.696499177228196e-07 1.071165495379533e-07 4.927529428758033e-07 0.0017008441708138936 0.00023704396648967482 8.649461095512949e-06 1.0167353476537971e-06 8.448101938276964e-07 3.880183891354981e-06 7.728501605474787e-06 2.2332144682437566e-06 2.925769464468549e-06 1.999651324997297e-06 2.7165583747124347e-06 1.240738304570574e-06 7.242031785792658e-07 5.3454265405070735e-06 1.8760680937944268e-06 5.552970376339868e-06 0.00012189166233908943 5.715828133303274e-06 9.144385226344576e-07 2.638282121066363e-06 9.496962037277405e-07 5.590131394422273e-07 6.632702245485426e-07 1.7794156462720548e-07 1.8094564709939045e-05 2.8321910156662055e-05 0.00014689645794503152 0.0004985360317767679 0.00010297242438641962 9.502770389079942e-05 3.148089625644669e-06 8.711109842495788e-06 3.3714890821841693e-06 9.654962604463643e-05 8.91878923595515e-06 2.3472469918868097e-06 2.528617526752422e-06 1.5102334452333506e-06 1.480918436842101e-06 3.318488248823155e-06 2.063037016736063e-05 1.4227877605344035e-06 6.650353621947643e-07 0.0003776146133597627 0.00024292631664241346 0.00040350093270115486 0.00011643957344477447 1.172597853221837e-05 1.7265789515526844e-05 6.812132457089723e-05 2.9298144257472453e-06 1.4920651106844826e-05 1.6204510455640057e-05 2.7444876374279093e-06 6.686066115732314e-06 8.202508301055218e-06 2.9780781008447943e-06 1.220527463938613e-06 3.4166583371409304e-06 7.668120887941706e-07 1.7858266431190904e-06 9.917136779641746e-07 1.2359319703568e-05 4.2761162759574076e-06 1.1265290271088449e-06 1.4240534500180247e-05 4.75869844267944e-06 5.852597634617532e-07 6.28335063367384e-06 0.00040271081963666493 2.116756607828935e-06 1.3718374509496917e-05 9.134922878867872e-06 5.418118503083145e-06 3.336277684409783e-06 3.130164546056887e-05 2.114731908372214e-05 1.1839826943376432e-05 4.3826001546244764e-05 8.13733741818279e-05 3.1735928280609714e-06 4.5595081199721656e-05 2.85774763683988e-05 7.298745055089733e-06 4.873382219508433e-06 1.5134700244871723e-07 0.0 0.0 0.0 0.0 0.0 0.0 0.0 0.0 5.040045680138137e-07 0.0 0.0 3.6750771313858666e-07 0.0 4.395611599762726e-07 0.0 0.0 0.0 2.6672221908263807e-07 2.2869551448321516e-06 0.0 0.0 2.0260216609854249e-07 1.305191959775302e-06 5.410128920876585e-06 1.8285241938540927e-06 5.372557202839477e-06 8.860827433187035e-07 7.82713039334047e-07 4.0098279657937955e-07 9.116051556680191e-08 1.8892013949693565e-07 0.0 0.0 0.0 3.5110790447551254e-07 0.0 0.0 0.0 0.0 8.411933195963582e-08 1.6159059686827007e-07 2.943349077108021e-07 0.0 0.0 0.0 0.0 1.674082928309296e-06 6.797773833651575e-06 1.2370286000906826e-07 9.185264300320081e-07 3.9160573784001475e-06 4.352989890404132e-07 0.0 8.901397241262896e-08 0.0 0.0 6.010720173941362e-08 1.995453020778873e-07 0.0 2.7378752587867655e-07 7.623816640844482e-06 1.5670076871382442e-07 0.0 8.803164654760134e-08 0.0 8.164804676681002e-06 7.063568535472222e-07 3.721184419991303e-06 6.441703967022062e-07 2.1215074233732428e-07 4.985559411364307e-07 2.241896101607858e-07 0.0 7.460552429742219e-08 8.988773551462148e-08 7.620876567607801e-08 0.0 7.581379823585667e-08 1.3911333188265748e-07 0.0 9.905552320680426e-08 7.991410790268511e-06 4.609260744918743e-06 4.309266226374312e-06
0.00019906930596238283 0.0016566603496874072 0.0 8.704864770673952e-05 0.0007210320172856339 1.3894872726693011e-05 0.00011575088791797612 0.0020777670723560768 0.0007631952712615804 3.887517309924112e-05 0.0015604556529709582 9.852210056980966e-05 0.0003159840411721726 0.0012250544722934504 1.2100703756518592e-05 1.1442899287938065e-05 5.819359234377676e-07 4.4442989366121144e-07 1.4962094649978976e-07 9.038967339671508e-07 1.1134939607639147e-05 8.614644261349532e-08 1.1806754960048237e-06 9.438294509244688e-07 5.911593683352833e-06 5.3727215164737954e-06 0.0 8.519410723979989e-07 5.277006850206819e-07 0.0 0.0012744192343060832 0.0005794596770007064 1.8393234242283422e-05 5.937508959865032e-07 2.5534404002768756e-06 9.16727576569635e-06 1.3208486143720297e-05 8.33641869689717e-06 2.35554179048306e-06 2.135746313682637e-06 5.847505802098886e-06 2.0427463614965852e-06 3.515587742229859e-07 1.2626566923108952e-06 8.390112450770359e-07 1.545400001134908e-06 3.1096682009504395e-05 1.62833494677792e-06 3.755339035882927e-07 2.299352859813031e-06 1.2268126455397096e-06 3.43992186328257e-07 7.870638788337018e-08 5.13874177287861e-07 2.7064947254843708e-06 6.227276121290952e-06 3.06987118520342e-05 0.00012306165988866524 1.7594120328625778e-05 1.7020515340893284e-05 3.7985370656668616e-06 2.255580110338027e-05 1.6942976950589528e-07 2.8917592186550974e-05 1.6685612868602458e-06 1.6810038156702553e-06 7.10467560471108e-07 2.1413330445543476e-06 4.742294276025723e-06 9.672608999243375e-06 2.6335693793288493e-05 2.5180229822807592e-06 9.863884994446341e-08 7.121327735984495e-05 5.190697371629878e-05 7.826974742965282e-05 2.8008210666162456e-05 4.8210859672291494e-06 0.00015982131713983543 0.0003163978160398205 2.3121370001237725e-06 5.929886263822309e-05 3.398328970631265e-06 2.625223668520939e-07 1.0096511506229011e-06 2.2955573640527414e-06 3.115210336172989e-06 7.45092839352132e-08 5.075891471227329e-07 0.0 9.988205959990514e-07 5.11854021471063e-07 3.1210542412147655e-05 1.1325421736235226e-05 9.906516070400013e-07 7.066228844779359e-06 5.909920798254989e-06 0.0 6.118332552883148e-06 4.3723189334146724e-05 0.0 6.942990281840284e-07 2.3694333483773646e-06 3.5976362546281987e-07 1.5786337853821028e-06 6.154744759363607e-06 1.4723260104807932e-06 4.5513149214496535e-06 7.919198963842966e-06 8.79724870770213e-06 1.5688768332509738e-06 1.6730314960423303e-05 8.150426661586676e-06 7.821987347420849e-07 3.266363792236771e-06 3.487906537239159e-07 2.190307532043285e-07 0.0 0.0 0.0 0.0 0.0 0.0 5.623377478635336e-07 1.0995515506714621e-07 9.62780978087947e-08 0.0 1.032593896122556e-06 0.0 0.0 0.0 2.9020901792891174e-07 0.0 0.0 2.7702064117494224e-06 0.0 0.0 1.7646215636592637e-06 1.4034785247876392e-06 4.463489541908323e-06 1.4966513158921492e-06 3.7608815025819848e-06 1.2324227536379303e-06 9.856646579512343e-07 1.8442382051042414e-07 0.0 2.2732159763918485e-07 0.0 0.0 0.0 3.2392514817002274e-07 0.0 5.29661657417582e-07 0.0 1.0486271119588718e-07 8.873725402867265e-08 0.0 7.210537479208172e-07 0.0 0.0 0.0 2.689032167239635e-07 0.0 5.221311505444796e-07 1.7083819243748204e-06 1.9323789977237933e-06 7.829463864566887e-06 2.3088955244403102e-07 0.0 0.0 0.0 0.0 0.0 6.509512114012502e-08 0.0 2.0338118637179018e-07 6.31874501096782e-06 0.0 9.23990823076311e-08 0.0 3.716573334975797e-07 1.0241516690024503e-05 1.2144269725226778e-06 1.3131057746408162e-05 0.0 3.3724290957179127e-07 8.990464810790812e-07 1.046493323078472e-07 6.723372736693846e-07 0.0 0.0 0.0 0.0 8.285986144644495e-08 8.94265456863472e-08 2.641677018211908e-07 6.953094426168013e-08 6.263156843610158e-06 6.0164970354756135e-06 6.6519459094579265e-06
0.0008981823207617952 0.0006105894275946429 8.704864770673952e-05 0.0 1.9271011575270618e-05 0.00029392721983994283 0.0016283855343389084 9.141442432869205e-07 3.0932966429476846e-06 0.0016870109501265136 1.5899554636772892e-06 0.0001261150033820174 0.00020402378202511947 6.64190307426239e-06 3.570967017691132e-06 5.207947561681443e-07 2.3691805007890003e-07 1.9404071680585652e-07 0.0 0.0 1.4120794371719098e-07 2.8744229400599376e-07 0.0 6.732217214202499e-08 0.0 0.0 0.0 0.0 0.0 0.0 0.0001901785735991858 6.862634599217684e-07 1.1458239886134145e-07 6.713151425796588e-08 0.0 1.2142657549125993e-07 2.6341228873277544e-07 0.0 8.940360594152323e-08 2.591753234725246e-07 0.0 4.5220772912294537e-07 7.028835406138088e-08 5.310729901632555e-07 1.5108256720440998e-07 4.7299802546566446e-07 6.1013695482453175e-06 1.026194829064577e-06 0.0 1.3467011083361515e-07 0.0 6.001466146269616e-07 0.0 0.0 5.233606412229435e-06 5.669497426165973e-06 5.6300692057977385e-05 0.0001285281725878244 2.1564173014781865e-05 8.983170179460147e-06 5.663549851425559e-08 1.1880887016986471e-07 0.0 5.212598485574085e-06 1.2191453807697746e-06 2.0422759004218085e-07 1.597406214273767e-07 0.0 2.4746054544739183e-07 6.317826147990979e-08 8.840628286777072e-07 2.0076956765457173e-06 6.602891626431187e-07 9.046053480130663e-05 3.9015777508928596e-05 3.807194118168942e-05 6.694121808152136e-06 2.697715673922752e-07 6.221916028367615e-07 3.3171410576231553e-07 5.24103160940845e-07 1.642776991243126e-07 2.6343866551320534e-06 5.214167317335505e-07 1.1284859892569559e-06 1.2125624704463091e-06 2.9209102488146534e-07 3.4275058525932276e-07 4.811668910324445e-07 1.93958201590239e-06 2.409110127330817e-07 0.0 6.483366806264492e-07 6.403555732253727e-08 0.0 2.186462267693332e-05 2.8690321673311754e-06 2.3482221778263697e-06 1.0176372105410142e-06 0.0002634432589811699 1.3872821753958093e-05 4.9731904781913835e-05 0.00013228754817748545 0.00013942951085670066 2.547439671511596e-06 0.00017038194543434238 8.042801762255563e-05 1.7981851361841864e-05 0.0004753411892839299 0.0001643804361849092 1.3830491620534564e-06 9.194623239465407e-05 0.00025418338934724943 1.257181601717619e-05 3.8523772244689345e-06 1.6055756238882844e-07 0.0 0.0 0.0 0.0 0.0 0.0 0.0 2.3201769432028942e-07 0.0 0.0 0.0 0.0 0.0 0.0 0.0 0.0 0.0 0.0 7.407545241679278e-06 1.0123133276403134e-07 0.0 0.0 0.0 4.978132879305275e-07 0.0 1.4443441041357542e-07 0.0 6.756212523812764e-08 1.0040109348106917e-07 0.0 0.0 0.0 1.8167102308784787e-07 0.0 0.0 1.0127044979638487e-06 5.557048636705366e-07 7.976130205585788e-08 0.0 0.0 0.0 0.0 3.717701308589869e-07 2.3428350171258886e-07 7.11260810116634e-08 5.324631880564972e-06 1.0377369106332359e-05 8.87386409017051e-06 0.0 0.0 1.5571209936434802e-06 1.0221510007512736e-06 0.0 1.5127775134129865e-07 0.0 6.809912839911244e-08 7.799849203655598e-08 0.0 0.0 1.1159384928859726e-07 1.9476184423018033e-06 0.0 0.0 0.0 8.267745401828712e-08 1.6987162937413015e-06 0.0 0.0 5.195016909875765e-06 5.252627695286892e-06 8.43176962518583e-08 2.934681274895689e-07 0.0 1.0008953921566987e-07 0.0 0.0 0.0 6.575323381455342e-08 0.0 7.316229464983816e-08 8.558564717927256e-08 6.500623809812881e-06 3.602587986441232e-07 7.460335315433629e-07
2.869746328140084e-06 0.0009697075639226964 0.0007210320172856339 1.9271011575270618e-05 0.0 9.670327728556093e-07 0.0013098192105748128 0.00015367962098967927 0.004751321543977751 0.0003408248595055166 0.0011874585471775515 4.157421948588703e-05 0.0009727424547526169 0.0020233984217226143 1.0257058350316537e-05 5.021356810248525e-06 6.99337745938987e-07 6.181971763015531e-07 3.514821532317779e-07 1.390578053609564e-07 3.4723682534083447e-07 0.0 0.0 1.3673523752425137e-07 9.227868959110399e-07 1.4447595434753912e-07 1.5166675669136157e-07 1.7676280387636605e-07 0.0 0.0 0.0001168480772133697 0.00014472351336562698 1.5451430255142235e-06 1.1162285320263975e-06 1.6146526958267308e-07 1.0862908638035148e-06 1.8140211543461095e-06 5.281509602417613e-07 1.2991855157044058e-06 0.0 4.634813629550119e-07 1.4271419877127556e-07 7.402279869149727e-08 6.578665573275187e-07 1.036665678393856e-06 2.6867570998183128e-06 3.685275372976416e-05 5.178537462719596e-07 1.5395734910380214e-07 3.0408239789828386e-07 0.0 1.7628974034643095e-07 0.0 0.0 1.8990920706692128e-06 3.242971315563775e-06 1.2702669184429418e-05 3.5891472315503995e-05 1.0326052616724124e-05 1.464421665411162e-05 5.896519505894867e-07 1.4560939984793088e-06 1.3649036219830586e-06 2.134372114158132e-05 1.6992623157555082e-06 3.5445453280835396e-07 3.9185254257237093e-07 1.5775439848495163e-07 2.7567547809516976e-07 6.312602111872027e-07 5.847466782097727e-06 6.954211070128162e-07 0.0 4.0560970424181264e-05 3.0469002569091948e-05 6.354546409444221e-05 3.342559956196792e-05 2.59314595767304e-06 4.4604008034207155e-06 6.371535858728231e-06 2.1557472640625676e-07 1.486112421334459e-06 1.5761944548051174e-06 3.002913274335115e-07 8.704758702117402e-07 1.4918560510867827e-06 2.248076988696729e-07 7.405470681088692e-08 6.73205820643581e-07 6.889393727423772e-08 1.5378972631313957e-07 7.274150457265606e-08 6.728815906267632e-07 2.210947861907495e-07 1.6066448739991026e-07 1.9788009758800467e-06 8.580662030068466e-07 0.0 1.9058134944249948e-06 7.849640396538926e-07 0.0 2.0139971964051684e-07 7.64611645652771e-07 4.2596528361439597e-07 0.0 1.3205026409545373e-06 1.817219616605842e-07 7.384097681575005e-07 1.8615470053625212e-06 2.908595229089932e-06 0.0 3.592470134354004e-06 1.870887362753663e-06 5.29032368055782e-07 1.647245546968787e-06 3.1756708099826925e-07 0.0 0.0 0.0 0.0 0.0 0.0 0.0 9.8344438230673e-07 0.0 0.0 0.0 8.692796999332883e-08 0.0 0.0 0.0 0.0 0.0 0.0 0.0 0.0 0.0 9.396281011604605e-08 6.615024620122041e-07 7.130947669973277e-07 1.0688728669946296e-07 1.734814736112972e-06 7.36720281190542e-08 4.3376614295204733e-07 0.0 0.0 0.0 0.0 0.0 0.0 0.0 0.0 8.560697721584118e-08 0.0 0.0 0.0 0.0 0.0 0.0 0.0 0.0 0.0 0.0 0.0 0.0 0.0 9.258250603939828e-07 0.0 0.0 0.0 8.36172319849688e-08 0.0 0.0 0.0 0.0 1.3827656402684072e-07 2.726355132068262e-07 0.0 0.0 0.0 0.0 1.3305094848682796e-06 0.0 3.8833483646529447e-07 0.0 0.0 6.791695092927675e-08 1.043940337002926e-07 0.0 0.0 0.0 0.0 0.0 0.0 0.0 0.0 0.0 2.004323657448861e-06 2.846052813588375e-07 3.754479833068847e-07
0.00013131449724390197 9.896966122824404e-05 1.3894872726693011e-05 0.00029392721983994283 9.670327728556093e-07 0.0 3.0110916842940145e-05 1.824720913163286e-06 1.0625228764078511e-07 0.0006254542816478423 1.4671185033173432e-07 1.4726485152493211e-05 1.3933957026442434e-05 1.3156980936851888e-06 7.024496260860428e-07 1.5073407938897016e-07 0.0 0.0 0.0 0.0 0.0 4.0758088807822815e-06 0.0 0.0 1.1977167201246387e-07 0.0 0.0 0.0 1.1666933233140943e-07 0.0 4.365610522495557e-05 0.0 1.3166192169840749e-06 0.0 0.0 0.0 1.8100743291835957e-06 1.1181900652972542e-07 1.2225175513025991e-06 0.0 0.0 0.0 0.0 6.515630127130841e-08 0.0 0.0 5.662494398814073e-07 9.173154695073221e-08 0.0 0.0 3.360591570427383e-07 2.0567516965990993e-05 3.377426443409834e-06 0.0 1.3252630306172841e-06 2.7587742356760496e-06 0.0001189674512573005 7.978500660280029e-05 5.941854179407641e-06 1.1735700418509729e-06 1.2933445406681779e-06 2.149732844364009e-06 7.757800483131042e-08 1.278630365767981e-06 7.658942522166702e-08 2.817157765180851e-07 1.9994509303413516e-07 1.5525215467625723e-07 0.0 0.0 1.2571272592008408e-05 0.00012961914824109 1.3911677828485844e-05 2.0354770087551448e-05 7.163343822618761e-06 2.6004353223972514e-06 2.1926062739543145e-07 1.7426694842203714e-07 0.0 6.352652270227113e-07 6.635215185160472e-07 1.6587453868762797e-06 1.1406921096942684e-06 4.623003631953378e-06 0.0 1.2947887125840093e-06 2.821470829819531e-07 9.762514867813019e-06 2.985246350446822e-06 3.14904615355119e-05 7.393384352111025e-07 5.66951194158397e-06 0.0 0.0 1.1999731160519464e-07 6.040740066286279e-05 0.00014797028549964493 3.673139659046873e-05 1.4943411259827924e-05 0.0004917386458491534 0.0 1.567192562411811e-06 4.9001683481867895e-06 1.3067700515657445e-06 8.265526920980866e-07 9.091615904926613e-06 8.286833900021126e-06 5.688992350453541e-06 3.101457268715168e-05 3.8026810671905586e-05 2.0564015671055888e-07 1.4628096272853712e-05 1.0103633321076176e-05 3.04068188156594e-06 1.5636900728151766e-06 0.0 0.0 0.0 0.0 0.0 0.0 0.0 0.0 0.0 0.0 0.0 8.003817748452194e-08 0.0 0.0 0.0 0.0 1.8592249254861583e-07 0.0 0.0 1.678715158272965e-07 0.0 0.0 0.0 0.0 1.0382405115066109e-07 9.334567489288515e-08 1.7938733503381278e-07 0.0 0.0 0.0 0.0 0.0 0.0 0.0 0.0 0.0 0.0 0.0 1.5803585064510136e-07 0.0 0.0 0.0 0.0 0.0 0.0 1.158229510959769e-07 1.3594072591232311e-07 7.307270625275417e-08 1.6242206166082748e-06 0.0 0.0 0.0 0.0 1.2190318374460054e-07 0.0 0.0 0.0 0.0 0.0 0.0 0.0 7.877194002704505e-07 0.0 1.080020685580757e-07 0.0 0.0 1.5010158631513027e-06 0.0 1.313356029869753e-07 7.737491798037357e-08 0.0 0.0 0.0 8.105573745150165e-08 9.030877237634449e-08 0.0 0.0 0.0 2.1764702667479767e-07 7.907863992835011e-08 3.3995196443449413e-07 0.0 2.422808396842207e-06 1.27754927560794e-07 9.379248952165238e-08
7.021989972028758e-05 0.0008679357535405637 0.00011575088791797612 0.0016283855343389084 0.0013098192105748128 3.0110916842940145e-05 0.0 2.127507610895154e-05 0.0016651660691247563 0.0019797762458890044 0.00013609893761938857 0.0007801697726320769 0.001960763418965537 0.0011853840299930012 1.1902561878863585e-05 5.160662448984674e-06 4.1766184755921446e-07 1.2766848566660642e-07 0.0 0.0 9.596995646142124e-07 0.0 8.10493378796571e-08 0.0 1.7225981273326708e-06 1.0837506095667839e-07 0.0 3.5951947702952205e-07 0.0 0.0 8.522712629345282e-05 4.887491743117994e-05 8.7898849598738e-06 0.0 0.0 1.0922271144987457e-06 5.920229981275024e-06 9.228515366345351e-07 7.300886477464682e-07 8.55558311197409e-08 7.776408878825369e-07 5.272982635655777e-07 7.202651927903077e-08 9.494029788232416e-07 4.7271385867556486e-07 2.44016519669369e-06 3.933722853551011e-05 8.563494912180351e-07 8.073024546828154e-08 4.5742960587716364e-07 9.92866593643095e-08 2.794538503735652e-07 1.669822277341859e-07 7.959034206515369e-08 3.3978623178906527e-06 3.570908692408388e-06 1.7100784374098336e-05 4.7614862532196296e-05 1.561452316412067e-05 1.6658833195583337e-05 9.674633501833342e-07 1.3958771402726444e-06 9.552106828163652e-07 2.096665774032219e-05 1.4900158236352544e-06 4.425687512198426e-07 2.071525477257284e-07 9.307878582501794e-07 8.2300398648743e-07 1.3949063347586852e-06 1.8466230019064287e-05 1.8028356786825376e-06 1.1007708906530605e-07 5.8517575620923636e-05 4.036879084420802e-05 7.172680714369727e-05 3.129040786849725e-05 4.166144670457114e-06 1.5581923862928113e-06 6.847194597330281e-06 2.6442089154266864e-07 2.750876120794328e-06 3.4967497415639315e-06 3.802418964060162e-07 6.313622902472997e-07 1.5413961126560523e-06 2.1766692087403746e-07 1.771742722283898e-07 2.7658333111624306e-07 0.0 1.6531782305056537e-07 0.0 3.6109066614418136e-06 1.310876664109748e-06 3.190121559211704e-07 7.281229421342487e-05 2.293943881115638e-06 9.12816149845143e-07 4.2556676247678574e-06 1.2149604219862738e-05 8.341754963894835e-07 4.377720516988948e-06 3.5625121064064977e-06 1.9797356274587658e-06 3.306726110601129e-06 2.3824225913200433e-05 1.2274973509310408e-05 1.3566070712165678e-05 7.647950489126387e-05 8.48793406753804e-05 4.4096853743880436e-06 9.020246444439847e-05 4.6519914786396386e-05 8.050387724419374e-06 1.2762561874315401e-05 1.652573832730047e-07 1.791515380137284e-07 0.0 0.0 0.0 0.0 0.0 0.0 1.0408836861143739e-07 1.8607098953735904e-07 0.0 0.0 0.0 4.674371116221747e-07 9.182602392522169e-07 0.0 0.0 0.0 0.0 2.6386273221604173e-06 1.0531532077437382e-06 0.0 1.8806674060655845e-06 2.321089109344693e-06 3.903265413897711e-06 1.0407483247936938e-06 3.6623757143749794e-06 9.16077171985992e-08 5.604506986541104e-07 1.770950319558047e-07 0.0 1.663025606736062e-07 0.0 0.0 0.0 9.503106187122116e-07 0.0 1.4876796938662797e-07 0.0 0.0 0.0 0.0 7.363607609843764e-08 0.0 0.0 8.17367113484001e-08 9.345035640814064e-08 1.808666176593256e-07 3.714882176604448e-06 7.774918692810139e-07 1.0866766665632858e-06 5.220133445786403e-06 0.0 0.0 0.0 0.0 0.0 1.9528000146535015e-07 0.0 0.0 2.6883316917552663e-07 9.03373371821664e-06 0.0 1.2975316442336893e-07 0.0 1.6719674519635776e-07 9.860612541694256e-06 0.0 1.1173151636211294e-05 9.834245049337092e-08 1.4256666255961993e-06 2.752997935015755e-07 6.807464288566412e-07 2.8460061488751874e-07 6.47895626173216e-08 0.0 8.961161165705925e-08 0.0 0.0 1.0504051945760114e-07 9.08873082538138e-08 0.0 1.0218339286078891e-05 4.112658165119622e-06 4.457708658907804e-06
3.353497985488202e-05 0.00038726533845940533 0.0020777670723560768 9.141442432869205e-07 0.00015367962098967927 1.824720913163286e-06 2.127507610895154e-05 0.0 0.0002781763520477475 7.044353021763602e-06 0.001968456592259061 9.757302827666251e-05 0.00030661262903697447 0.001439071889000021 1.948438451804671e-05 1.3910191916330168e-05 8.525604455082462e-07 2.783361665531012e-06 4.742623980172357e-07 1.4986150141364787e-05 5.066294249829419e-05 2.715206976957761e-07 9.468571337949114e-06 5.6348190213037825e-06 1.634336828700054e-05 2.0663005807576837e-05 4.1308144795787255e-07 4.977514072677723e-06 2.414630304898841e-07 0.0 0.0007855793450818574 0.0018217348292990203 0.00010693466327948462 9.124438377866491e-06 7.485538411021986e-06 3.4326768749058026e-05 4.8387321399027966e-05 2.4494831656791075e-05 8.718845836760367e-06 9.375128216815008e-06 2.567097571749097e-05 7.977293676912568e-06 6.742289254104954e-06 8.186830286695602e-06 3.1006141579357766e-06 8.298418241198916e-06 4.055010364831729e-05 3.7353296667849076e-06 1.1665372601356763e-06 1.0986818219358393e-05 3.945825892646466e-06 1.3045629845029177e-06 7.804691621134497e-07 7.497305546630964e-07 1.5312587814163128e-06 1.9177385665314062e-06 7.876169740293743e-06 3.674324819930431e-05 6.85218720002853e-06 8.781212121013338e-06 4.369689930970044e-05 0.00011750898518264034 5.527559768605058e-06 8.558089279656983e-05 9.84880376680274e-07 5.462650425745569e-06 1.388373415130969e-06 8.304939786302791e-06 1.8252664208560742e-05 5.375717512770061e-05 4.6132494696093095e-05 2.522079020820098e-06 7.40084223702423e-07 2.528474045098598e-05 2.6263097695289086e-05 5.185212159505182e-05 4.848789565112565e-05 3.728489847023883e-05 0.00133316150538378 0.0008810216256488867 0.000114263796995937 0.0007022588151675246 2.331384253689595e-06 7.393047322950517e-08 3.3965214701751022e-06 1.1689199424430474e-06 1.377189145346404e-05 2.889080371341948e-07 4.5348649370024246e-07 4.285495945004166e-07 3.550984076973947e-06 4.4912803192351796e-07 0.00010626183763042626 2.9878760954885693e-05 4.802842038649287e-06 1.0781609133544648e-05 6.878510024383796e-06 3.448115334389825e-07 6.411176663226109e-06 1.2581429424835611e-05 2.630988611483612e-07 0.0 1.8882548192103211e-06 0.0 7.216821959716822e-07 3.805575551470297e-06 0.0 2.663966339943411e-06 1.4965280638401917e-06 2.6430556576146526e-06 5.170766666226017e-07 5.1999948737637464e-06 2.8908082220875352e-06 1.2031253286452197e-06 4.836198457987088e-06 2.6427790233617895e-07 2.4909603707855076e-07 0.0 0.0 0.0 0.0 0.0 0.0 0.0 2.0117434926728518e-07 1.7349785561782087e-07 0.0 5.013831665330447e-07 0.0 1.3470755477895616e-07 2.649034282337302e-07 8.187128183680156e-08 0.0 0.0 2.732613206631037e-06 3.016578239150963e-07 1.6381636346880953e-07 1.425103446447661e-06 1.0646907664248113e-07 6.830676376957494e-06 1.86005632577821e-06 5.367569148829015e-06 4.913219514979518e-07 7.908426717675645e-07 4.298359084411692e-07 1.5137831155472122e-06 2.2602797551077808e-07 1.1097851447083699e-07 1.447742663788235e-07 0.0 3.9842153761297425e-07 0.0 6.874257309782844e-07 0.0 2.585947684488116e-07 2.808963789287035e-07 6.721903246927615e-07 1.9197125680303177e-06 0.0 0.0 1.3402389990454528e-07 2.3101812718983665e-07 1.3809777984444229e-07 0.0 8.840231917151963e-07 1.2487573382685938e-06 7.099085278637308e-06 2.8755010519792684e-07 0.0 1.303860209435327e-07 0.0 1.022488702960528e-07 8.428642192003954e-07 8.217794528129944e-08 5.427589617019785e-07 4.454211542483673e-07 4.600160228448912e-06 2.3944514621261026e-07 3.128894090266382e-07 2.1755271011025968e-07 1.6119186876816994e-06 6.555196716786784e-06 1.700350534623537e-07 3.790825682551503e-06 7.972343745504934e-08 3.0717000342049905e-07 1.3135185206637133e-06 2.1573814825098457e-07 1.5981741068077162e-07 2.498835882446779e-07 0.0 0.0 0.0 0.0 3.472956834538377e-07 5.861976737181596e-07 3.453641120697414e-07 4.286203958634511e-06 4.2579521148716506e-06 7.841213220471445e-06
3.807468400116431e-07 0.0009583116040640091 0.0007631952712615804 3.0932966429476846e-06 0.004751321543977751 1.0625228764078511e-07 0.0016651660691247563 0.0002781763520477475 0.0 7.66234644601771e-05 0.001377172189661171 5.049723252899941e-05 0.0008817570325876207 0.0021771323059888007 1.2590164419747946e-05 9.331142663908645e-06 1.9887062679552117e-07 0.0 3.174131435321471e-07 3.3608754848242024e-07 2.2840513601404648e-06 0.0 1.2276599858696077e-07 1.4955468485055984e-07 1.4434663980898468e-06 4.349031690717779e-07 0.0 7.784162624750668e-07 0.0 0.0 1.9525703642511072e-05 4.06117126966415e-05 6.362587569058954e-06 7.016005975255353e-07 6.402257869918208e-08 1.0868271602633148e-06 9.62546317398498e-06 3.1448874111381676e-07 5.279005244114102e-07 1.2822714304930675e-06 6.038056385361372e-07 5.946131779986047e-07 1.9819388749699486e-07 1.0521268532731196e-06 4.334717682559381e-07 1.8018949023602135e-06 1.9263546589693122e-05 4.464094141598554e-07 0.0 1.4751885821541506e-07 0.0 2.46515848616111e-07 4.308064783880669e-07 2.560549348675475e-07 5.98671953602851e-07 1.0480787847527038e-06 5.426205408138651e-06 7.056177153384049e-06 6.9487912721721476e-06 6.979663333971728e-06 4.365728123181528e-07 2.3119717330037277e-06 4.490942841375507e-07 4.772675281458843e-06 3.6121439886511986e-07 4.5346987500490905e-07 2.2214212295608378e-07 5.871330151718446e-07 6.836210256676277e-07 1.2140910819363027e-06 1.9826662903521995e-05 7.557372623447527e-07 0.0 1.857004438392172e-05 9.169114529266848e-06 3.300890647273274e-05 2.1721988010089088e-05 5.411469230153137e-06 2.279634589907215e-06 3.0091195033919662e-05 6.682996542307802e-07 4.445202779384397e-06 8.733874398339443e-07 0.0 4.6929011017369413e-07 4.474556852646723e-07 5.085191939262679e-07 9.779885145465674e-08 1.301346540624137e-07 1.144810938073045e-07 9.50397105476316e-08 0.0 4.568634636315128e-06 1.69466959375334e-06 1.5582058360502907e-07 6.801222210128879e-06 3.162137016759069e-06 0.0 3.9139506516881515e-06 2.1299432929870514e-06 0.0 0.0 0.0 0.0 1.8717408951320417e-06 6.82149492076699e-06 6.857162208110761e-07 1.3004496695151334e-06 8.016323801846527e-06 4.905499253229427e-06 6.374237840970341e-07 7.519668555982883e-06 5.532329457558003e-06 4.070238886389435e-06 8.438385447593063e-06 8.282144158041948e-08 2.0129176262135495e-07 0.0 0.0 0.0 0.0 3.232805693841665e-07 0.0 6.686119320235834e-07 0.0 0.0 5.477895523933062e-07 0.0 0.0 0.0 0.0 0.0 9.626463683383687e-08 0.0 2.26202335519407e-06 0.0 0.0 2.5992545873700857e-07 4.4069580799042727e-07 8.994255028727168e-06 1.7676509785084842e-07 3.891876391466558e-06 4.3820209507461245e-07 1.066318916215879e-06 1.4187385253961582e-07 6.892580052371084e-07 0.0 0.0 0.0 0.0 0.0 0.0 5.906059971896236e-07 8.150397670011865e-08 0.0 0.0 0.0 0.0 0.0 0.0 0.0 1.0233129184571971e-06 0.0 0.0 9.877140128662118e-07 2.9435161053722906e-07 8.52525859215714e-06 0.0 0.0 0.0 0.0 0.0 0.0 0.0 0.0 4.4989463444736695e-07 8.446082427465217e-06 0.0 0.0 0.0 7.287048314771043e-08 7.852740245939614e-06 1.4259140102722272e-07 2.8731946821824296e-06 7.945698306449849e-08 4.0286481474941223e-07 3.98811513274982e-07 2.1271289508652198e-07 7.248131514420012e-08 0.0 0.0 0.0 0.0 0.0 0.0 0.0 0.0 9.971205219752889e-06 5.007737169657108e-06 4.449302941877901e-06
0.0007497103323245484 0.0005346760562274398 3.887517309924112e-05 0.0016870109501265136 0.0003408248595055166 0.0006254542816478423 0.0019797762458890044 7.044353021763602e-06 7.66234644601771e-05 0.0 4.067089733363595e-05 0.0009376792639670946 0.0014980446232201277 0.00014907398227342354 3.3287199134536515e-06 3.131164199561929e-06 0.0 0.0 1.5674446079504177e-07 0.0 3.5740900367949656e-07 0.0 0.0 0.0 1.462001756777545e-06 2.3275998856686035e-07 0.0 0.0 2.0950154394326727e-07 9.392960637781669e-08 2.3177423351846233e-05 5.854099049329372e-06 1.4436145826717963e-05 1.4981468358187054e-07 0.0 0.0 1.4583084118692188e-05 2.385599648386097e-06 1.030953418321923e-06 7.255703425008589e-07 2.369642548754428e-07 1.5094167005777836e-07 6.716143127480968e-08 2.2308168779066197e-07 1.580203649151603e-07 0.0 6.3087894645861455e-06 6.392378355610089e-07 1.9365246863563504e-07 6.95636039521716e-08 1.4817518170192205e-07 8.954473304647706e-07 3.255586599161149e-07 0.0 2.1090948340150352e-07 8.031706308544641e-07 2.4065651505353715e-05 2.2648247551493536e-05 6.249476600587734e-06 4.466955125998615e-06 0.0 3.2361451710315603e-06 0.0 3.032523218296431e-06 3.566177283102977e-07 3.9639305842666065e-07 1.826849205478911e-07 5.10536416372273e-07 7.322661343168255e-07 1.0332159109491396e-06 0.00012411549986974258 3.7046642982558045e-06 2.9223706524227876e-07 2.0427171601549105e-05 8.84622040203877e-06 1.2459046357333769e-05 3.323883205671633e-06 1.10772936217785e-06 0.0 5.331796316224096e-06 4.494043857394024e-07 1.8312806257399075e-06 6.993241054843631e-07 2.1414219823376425e-07 7.471793241230347e-07 5.397431424374655e-07 5.287444265839547e-07 4.620193159861847e-07 2.5600688479568756e-07 1.064664382913894e-06 1.625274863340754e-07 2.8473825335646266e-07 2.450302045581827e-06 2.271733423871169e-06 2.774234361721015e-07 0.00038213720261113095 4.243137489689327e-05 1.1464495089022258e-06 5.539042995425957e-06 0.00022058924089636816 7.124689589801762e-06 3.495664435875233e-05 5.716525689999572e-05 4.677183489115117e-05 2.4058428654672015e-05 0.00016299482164707443 7.275904822766618e-05 8.117415286298227e-05 0.00024056145883086024 0.00036535826526867116 1.2646899938914873e-05 0.00031949296325834423 0.0001879936699250607 4.956974561589831e-05 4.715796953686834e-05 3.9978373219131206e-07 1.709894534130833e-07 0.0 0.0 0.0 0.0 5.436818685800462e-07 0.0 3.0299913154729125e-07 7.337027344342428e-07 0.0 2.690804697204604e-07 7.000442115572119e-07 0.0 5.257455344954512e-07 0.0 6.217919128378258e-07 0.0 2.1512435022786524e-07 1.2819542512227574e-05 1.5114977112188696e-06 2.285628565750056e-07 2.0279489921624094e-07 7.201507071982913e-07 1.3745501486887428e-05 3.270300168317474e-06 8.714053589456884e-06 4.565607784659889e-07 1.8645132377605328e-06 6.707236000351365e-07 6.23110224637801e-07 0.0 0.0 0.0 1.4511175545597485e-07 1.0958401467434822e-06 1.2648043123430653e-07 5.157824387503218e-07 3.6244377288180077e-07 0.0 0.0 1.0175744375277947e-07 1.9623242153101308e-07 3.0008780310088857e-07 1.0696251111451908e-07 0.0 1.6528898627696194e-06 3.3324137564180514e-06 1.5905473068502527e-05 7.565109991853295e-08 2.5487151325412897e-06 2.1726754950759647e-05 8.023966023594299e-08 1.0029517804310922e-07 1.2149388036604916e-07 0.0 0.0 4.3095375267158477e-07 1.4079653706130245e-07 0.0 8.383997858983156e-07 4.375951698887823e-05 0.0 1.2120408801016514e-07 0.0 7.680354446332978e-08 3.651137996667597e-05 2.426717363012651e-07 1.6559853996104544e-05 1.8388447850504042e-06 2.6947917258123254e-07 3.802404773949061e-07 1.6940686341350866e-07 2.483039933120314e-07 0.0 0.0 0.0 0.0 7.571724939297158e-08 0.0 0.0 2.750903912098876e-07 8.185057836935612e-05 6.615153441652388e-06 1.0317057639906704e-05
2.173012395235462e-05 0.000925551925781477 0.0015604556529709582 1.5899554636772892e-06 0.0011874585471775515 1.4671185033173432e-07 0.00013609893761938857 0.001968456592259061 0.001377172189661171 4.067089733363595e-05 0.0 0.00014542829597497914 0.0006986921237200482 0.0023475415465617627 5.315275723354473e-06 4.642673543306659e-06 0.0 5.453400643889674e-07 7.942531612091019e-08 8.81583311481733e-07 9.264187802512046e-06 1.281232647055571e-07 6.333657039764938e-07 9.259241724308494e-07 2.2561938870479357e-05 1.369640364638922e-05 8.220673830673427e-07 4.4426751504204296e-06 6.536630818512151e-07 0.0 0.00016240964768050186 0.00013526473787080917 0.0007224645338872967 7.178178304982644e-07 2.4111744463629567e-06 4.290565782289731e-05 0.00018804832462989242 4.3908792111713875e-05 1.8339516662484553e-05 1.6442574253428717e-05 1.3254347186223837e-05 3.0167662497099474e-06 7.188837434090407e-07 1.4680968525860182e-06 3.944894466092998e-07 6.902504100071356e-07 1.0954076086004054e-05 2.8941868482796e-07 2.4597103808965063e-07 2.198884057627924e-06 9.588233785367268e-07 9.517860537423824e-07 1.1641988588271771e-06 3.662082130511149e-07 3.7168895557125155e-07 5.634916506806175e-07 3.9635536152716515e-06 1.0924595137444015e-05 3.850902322269023e-06 4.861848424291608e-06 3.923419830609641e-06 0.00013811012227968607 1.6404736501656523e-07 5.172395870460123e-06 4.870466168503316e-07 1.2666704073014709e-06 4.350794461475904e-07 1.5343914195085012e-06 2.6630527267468038e-06 1.2075675788214432e-05 0.00011804689832796722 5.648380824572797e-06 5.484396109177182e-07 8.509968545530767e-06 5.4220564271759674e-06 1.769201432112969e-05 1.1656866168190484e-05 4.325522423260805e-06 6.663218776575295e-05 0.0004591825005030504 2.1020298861783294e-06 0.0004800103688835047 1.1736836076097009e-07 0.0 1.1393422038643191e-06 1.6322643063254264e-07 2.3931919523517353e-06 7.190723821468561e-08 8.772375478913858e-08 1.125834665150603e-07 8.606273666246791e-07 2.556224786120686e-07 2.7858234148009148e-05 1.469795635477933e-05 2.272523476535142e-06 1.2734657996755198e-05 6.64141149067441e-06 1.926197987242652e-07 1.1453832684410592e-05 5.716031764201948e-06 3.989256623426245e-07 0.0 3.251263158354274e-07 0.0 7.777918246729915e-07 2.7500740037315484e-06 2.829754601633794e-07 2.4885574521457833e-06 1.1521398219762377e-06 1.7850171505637822e-06 8.423010456605968e-07 5.361404644868417e-06 4.400635583358845e-06 2.333283086860846e-06 3.245027053224378e-06 1.6545916889636227e-07 8.829948629682497e-08 0.0 0.0 8.276846703522084e-08 0.0 1.6907528594785967e-07 7.808897783197052e-08 0.0 2.779392495150068e-07 2.7851648977363643e-07 7.409261852510776e-07 7.549596049952195e-07 0.0 8.956150878651826e-08 5.343044262028952e-07 0.0 0.0 0.0 1.927723093270417e-06 0.0 0.0 2.3332722283410462e-07 1.79604948520225e-07 3.13151459995756e-06 2.31112141443312e-06 3.7466791251671637e-06 1.810258738931778e-06 9.687102851635954e-07 4.943314665391928e-07 9.029044245456961e-07 3.448990409936876e-07 7.347864999630569e-08 0.0 8.645307801429537e-08 9.274105276769546e-08 0.0 5.87884333880377e-07 1.0668471024382668e-07 5.8110339018032294e-08 3.434002736069233e-07 5.395510374985985e-07 1.6302925090611637e-06 0.0 2.8279388282867727e-07 7.771502633890214e-08 0.0 0.0 9.720492183057526e-07 2.1246356417786532e-07 7.500193318371191e-07 9.087452464633333e-06 1.0557795505240646e-06 9.827268899065185e-08 8.180750485919924e-08 0.0 0.0 0.0 1.182715024408082e-07 0.0 5.367352034520425e-07 5.2357172894087095e-06 0.0 2.8678136013556375e-07 0.0 1.477725078535373e-07 4.216430599040059e-06 2.592869373898834e-07 5.697235049467964e-06 3.474021205045772e-07 5.81847221221535e-07 6.331803295251057e-07 7.111019706121316e-08 5.1019520309205e-07 0.0 0.0 0.0 9.294434153325668e-08 0.0 0.0 2.0172181833629975e-07 0.0 4.136630349896657e-06 2.0102093902268238e-06 6.133551256342244e-06
