0.0 0.0018845933659965319 0.00044409282663427827 0.0012157056030559705 1.0753966235842654e-05 0.00010562522954433342 0.00015874385651472973 0.00019008585056483213 1.9711224749956047e-06 0.0007048052813291408 6.479418686157389e-05 7.627595605100496e-05 9.259667022065062e-05 0.00017155697339674603 1.6685068079548844e-07 2.225829569497773e-06 9.107528270493825e-07 2.0093247529915522e-07 0.0 7.20192970355362e-08 0.0 9.730358387299536e-08 1.273609188800368e-07 0.0 9.209979723417802e-08 0.0 0.0 1.6034935397070816e-07 1.1223657593876895e-07 0.0 0.0007269142383178239 4.0037085737187405e-06 2.9938856347312177e-05 0.0 0.0 1.331707859202237e-07 7.041138976389415e-06 2.9202873229081824e-07 8.889741724981643e-07 1.0741080405949314e-07 0.0 1.2774220167897324e-07 2.483768082566121e-07 5.848595779058633e-07 1.3998203758238678e-07 2.4987850943920723e-07 7.910020960874823e-06 2.2714675418845036e-06 3.560795159680199e-07 1.03423884991197e-07 1.7540298415335895e-06 4.1202116171122925e-07 0.0 0.0 1.136970341181143e-05 1.859772427173536e-05 0.00018899844084251097 0.0003849303878383245 4.004493188447157e-05 3.1751389928033765e-05 5.907102286933553e-07 9.776523982421743e-06 0.0 4.352139163388788e-05 1.029969242963971e-05 7.067396792880697e-06 2.0930241711470528e-06 7.595124778009144e-07 1.3504334777309487e-07 0.0 1.685959573096887e-05 5.123279140942509e-06 3.092433152067115e-07 0.00028797669254405363 2.651825233523889e-05 1.5449537245283855e-05 9.921690905410559e-06 7.559358890127244e-06 1.805381256494064e-05 0.00015577565549226803 6.465439599193591e-07 3.015558665359257e-05 1.2380444910151401e-05 1.8807870432843155e-06 6.759329635658459e-06 9.557840337847281e-06 1.2157926822053187e-06 1.4753711775361956e-06 4.013839031099121e-06 2.636969468047145e-07 3.0499513542351414e-06 4.64337824985151e-07 5.189975241827175e-07 1.1070151108984285e-06 3.898069778735698e-07 0.00012863301794787985 1.4564807934594245e-05 2.9443352970935167e-07 2.481287690106213e-06 0.0008334406080801086 6.487816126967062e-08 1.2580360525846273e-05 3.402643272973673e-06 3.7401293900461714e-06 4.81436906192832e-06 1.645895748666785e-05 2.3431510051058866e-05 1.7442273895050662e-06 1.747527847257496e-05 3.968691933556167e-05 2.153618718879306e-06 5.21772520753114e-06 4.789285403045205e-05 1.1509774502231308e-05 8.167884744116464e-06 1.3531719563095472e-07 6.863667256553942e-07 0.0 1.2304365145856888e-06 7.649820682732414e-08 0.0 0.0 0.0 0.0 0.0 0.0 0.0 1.0572539555496598e-06 0.0 0.0 0.0 0.0 1.5496939973776097e-07 2.1198338759371186e-07 1.4249808232501863e-06 1.4713139733725318e-06 0.0 0.0 0.0 2.1392708986844925e-06 4.6311903416602976e-07 3.862648913742109e-06 3.4740556787780958e-06 1.4572997898410279e-06 0.0 0.0 7.897307180153802e-08 0.0 9.817662007940091e-08 4.303146524831568e-07 0.0 0.0 5.48156845471972e-07 0.0 0.0 3.52147303187023e-07 2.3136715959205803e-06 0.0 1.4146903505974664e-07 0.0 4.042411168275307e-07 7.310238758646922e-08 3.247206064026309e-07 3.0126521230342934e-06 5.920568438551639e-07 5.332628671715014e-07 9.028632158300791e-06 0.0 0.0 0.0 2.6162467857471917e-07 0.0 0.0 0.0 0.0 1.4331829050156236e-07 8.798274666648713e-06 1.254684798326371e-06 0.0 0.0 0.0 9.887169220938537e-06 7.067340568759669e-07 8.336253367409845e-06 0.0 8.863779450987963e-07 6.101220316692408e-07 2.5462445414137197e-07 0.0 0.0 3.8243204132866266e-07 0.0 9.020661855184114e-08 1.5022312130993934e-06 0.0 0.0 0.0 1.845166033867777e-05 7.626397284765964e-06 6.93135351404626e-06
0.0018845933659965319 0.0 0.001386423131251504 0.0012447520305769464 0.001276745412953547 6.121757531576594e-05 0.0025589817821337567 0.0006994521764772563 0.0013619747795036313 0.0016031040644623991 0.0021161188651378855 0.00023895532167617396 0.0013621027858034351 0.002269252151471091 3.6238072111263633e-06 3.714282199491209e-06 2.826159932185268e-06 6.470217364019122e-07 1.922433666703661e-07 3.301810157113324e-07 0.0 0.0 0.0 6.037059062406673e-08 2.018836181415078e-07 1.4642731332907287e-07 6.090137262909036e-08 7.790902586142083e-08 0.0 7.231726707827924e-08 0.0012145847049478602 4.322440229466427e-05 5.1111250324858185e-05 1.5871360878799944e-07 0.0 3.827686048895854e-07 5.7166680890735144e-06 4.969415905794797e-07 1.7512531254108459e-06 3.0790467485208e-07 0.0 1.5321046281888992e-07 6.322976417650557e-08 3.237162602744557e-06 3.1856232483264136e-07 9.271255956480964e-07 4.6933935523674024e-05 6.624833286485265e-06 1.8596994579350706e-06 1.602865492741368e-07 6.3944470350976965e-06 1.5457342806584073e-07 0.0 0.0 1.9108137249717675e-05 2.654284349119143e-05 7.18295949526619e-05 0.00029628146723641196 3.1573552217450556e-05 0.00011301686635889451 1.1159069467395468e-06 9.367637879083335e-06 0.0 0.0002814801257546144 1.708780792532907e-05 1.261054579396584e-05 5.8922230716673235e-06 3.595212459710854e-06 3.339842768985345e-07 2.708176931689695e-07 1.313618138844321e-05 7.659479345971644e-07 1.2728145262104348e-07 0.00040732100738283445 0.00011093770635294411 9.766036630913427e-05 5.411630707937114e-05 2.6569173684125532e-05 1.0411232690703598e-05 0.0004070650081273095 1.1494544588268561e-06 2.3853530993071432e-05 2.2255444021600422e-05 1.8287794841298648e-06 2.0530235533675363e-05 2.0378736974706105e-05 3.504780761743803e-06 3.0172117697146124e-06 1.3210087248976956e-05 1.8685867106105013e-07 5.445277969881634e-06 1.6879221558388576e-06 8.897332426287877e-07 3.153455007074443e-06 7.279056076004669e-07 2.5180751755079102e-05 3.8721039450016746e-06 9.162591668966294e-08 9.211425917371525e-07 0.0003689387243580626 2.2636717599820544e-07 7.439095920441037e-07 2.1740884025228045e-06 4.245692711280349e-07 7.303910628021909e-07 8.74562553351526e-06 9.819563601453066e-07 1.4053178904815243e-06 1.3749779832863412e-05 8.496821872839285e-06 5.837323910714759e-07 2.175926271739618e-06 1.3398664656611458e-05 3.7426861686008614e-06 6.195594194713406e-06 0.0 6.243197692560788e-08 0.0 5.5404993133076e-07 0.0 0.0 0.0 0.0 0.0 0.0 0.0 0.0 1.6926902005956296e-07 0.0 0.0 0.0 0.0 0.0 0.0 8.537590258876062e-07 7.297323377964689e-07 0.0 4.425033319514429e-07 0.0 2.260933123192775e-06 3.1840907702221343e-06 6.30408516242622e-06 3.924214563583034e-06 9.690379784041978e-07 0.0 0.0 0.0 0.0 2.999104967547151e-07 2.3141640563320334e-07 0.0 0.0 3.867371912951336e-07 0.0 0.0 0.0 7.430244082237895e-07 0.0 0.0 0.0 1.7615273221396805e-07 9.534917765682086e-08 6.493171459662661e-07 0.0 2.216381153422338e-07 0.0 6.6714141500384765e-06 2.195961543459614e-07 0.0 7.119811932415842e-08 0.0 0.0 0.0 0.0 0.0 0.0 4.024798542116379e-06 5.57559578213051e-07 0.0 8.617885146315044e-08 0.0 6.120115551904208e-06 6.43639775427962e-07 4.168443952978797e-06 1.0265716438529467e-06 4.900383047972918e-07 4.4487134044238533e-07 0.0 2.0591474720718578e-07 0.0 5.7913865493332335e-08 8.667965748806603e-08 0.0 1.4183800709000935e-07 0.0 0.0 0.0 4.898122855117505e-06 7.4182650863078545e-06 1.0745793512046852e-05
0.00044409282663427827 0.001386423131251504 0.0 0.00018043510422272502 0.00031387612783575846 2.4410598714051252e-05 0.0001282024951494685 0.001777725949516565 0.0005515818397414704 2.655548649735278e-05 0.001244611172076908 2.9441700223048247e-05 0.00017558632231044153 0.00119466358214081 5.815332873155542e-07 4.472806414268565e-06 5.87225806526636e-07 1.0379557132346849e-07 0.0 1.7952045422656068e-07 1.7329812699496476e-07 0.0 0.0 0.0 3.7579819822566444e-07 0.0 0.0 0.0 0.0 0.0 0.0038062437086594627 0.00014060912888142174 7.187641907502645e-05 2.3159700312642228e-07 1.9468273312286216e-07 1.6289545231556384e-06 1.19647158784059e-05 4.571922385550444e-06 2.3551496310262693e-06 2.712314536544191e-07 1.033433260896829e-07 9.518120735363919e-08 1.81001638450183e-06 1.9870057348008976e-06 2.8875211491049523e-07 5.001533020276143e-07 1.1921694572260983e-05 1.9293918070956624e-06 1.48338968052588e-07 4.7121539609306235e-06 3.996563655728764e-06 0.0 0.0 0.0 3.7247417993627205e-06 4.981383293016068e-06 3.9275535312986266e-05 0.00020554583409556978 1.0507565553162371e-05 1.4719283647787769e-05 1.2010440134943186e-05 3.473380759920279e-05 6.77435890881224e-08 0.00039076447032859154 3.7115011474069684e-06 2.3898336890986083e-06 1.8481806919341565e-06 2.84571639905328e-06 2.057226749404236e-05 1.3171004647195073e-06 1.56759647934894e-05 7.278535147558671e-06 2.340078570476165e-07 8.29514781710596e-05 2.138867860927998e-05 1.5690698074233967e-05 1.500364489220679e-05 1.3517031639375726e-05 6.378972722217862e-05 0.0005672746499826906 1.2592206916504588e-05 0.00023696277700023725 4.1743998880309114e-06 2.3818419385463914e-07 5.158916873228108e-06 3.2316763803743113e-06 3.4550921262162816e-06 6.372717559348085e-07 2.037413630696246e-06 1.2274534472371878e-07 1.7941197806143482e-06 1.686659901579009e-07 4.652771534448439e-06 1.725102491712369e-06 4.24847187966866e-07 1.5249534529664598e-05 4.236552123750764e-06 0.0 3.369504537735338e-06 0.00015415992323896462 1.0813570612134997e-06 8.858821227103558e-07 2.96825874464006e-06 1.588878630216969e-07 3.2672645531638523e-06 7.34453891355591e-06 1.6477211380272583e-06 1.7451068233559149e-06 3.944171209538284e-06 8.340084088038497e-06 6.106752202620674e-07 4.219049987976704e-06 1.0732233798586844e-05 3.618698677206128e-06 8.211638397619038e-06 6.657955745799713e-07 3.916271472703623e-07 2.5761791395403094e-07 0.0 0.0 0.0 2.0563730005631613e-07 0.0 1.206406976888863e-07 0.0 0.0 0.0 2.75604609493624e-07 0.0 1.0214820259973486e-07 0.0 0.0 1.1269933229472343e-07 0.0 1.1125396894708313e-06 9.458892539576019e-07 0.0 7.796301525656839e-07 0.0 1.0360984726031163e-05 1.5062750336281984e-06 1.2646796295998202e-05 9.531094035987929e-06 2.6632978909992403e-06 0.0 0.0 0.0 0.0 1.2411942427106254e-07 3.4709422211074123e-07 0.0 0.0 1.573433861204317e-06 0.0 0.0 1.1631296314759535e-07 2.7038907323964465e-06 0.0 0.0 0.0 0.0 6.612263808738254e-07 3.046279833105e-07 0.0 2.484276393710252e-06 1.584545368189984e-06 1.2841855590319968e-05 6.541395014836329e-07 0.0 5.5768093569412175e-08 8.613346477382305e-08 0.0 0.0 0.0 0.0 0.0 5.875256657038008e-06 5.57986218036812e-06 0.0 6.407063417367762e-08 0.0 8.878539182580879e-06 2.2043550255413835e-06 1.0785878991564018e-05 6.185072274665535e-07 1.465844575719473e-06 1.3082293643658664e-06 5.642280892316879e-07 5.329092020246981e-07 0.0 0.0 9.460547868274681e-08 0.0 0.0 0.0 0.0 0.0 1.8381573827379925e-06 1.2021549125390201e-05 2.0938052310792147e-05
0.0012157056030559705 0.0012447520305769464 0.00018043510422272502 0.0 1.5019993820433398e-05 0.00015840201008160363 0.00047885665831952454 1.1720628923120463e-05 5.569500122325991e-07 0.002906733915498523 1.159376261038425e-05 0.0006979329633844335 0.0006651628302501227 1.8791455624699848e-05 1.9213758799736404e-07 7.592842687806558e-07 5.778060760254364e-07 1.447988260613895e-07 0.0 7.138706243083967e-08 0.0 0.0 0.0 0.0 0.0 1.9336181236458669e-07 0.0 0.0 0.0 0.0 0.00035975685162252844 2.7154693514759008e-06 1.7262115733118634e-06 0.0 0.0 0.0 9.610620291438211e-07 6.495127734742514e-07 1.189213876017101e-07 8.819631452417038e-08 0.0 0.0 0.0 2.2026849535848186e-07 6.217147314993704e-08 0.0 3.909084198747692e-06 1.142776034920191e-06 1.92517718824774e-07 3.563588665911543e-07 1.2866439295538212e-06 2.0422028114112837e-07 0.0 0.0 7.57128832656123e-06 7.374439852359957e-06 4.6491659209218644e-05 0.00011192857999612986 1.6539194691481085e-05 2.6123140993229665e-05 8.27354844739371e-07 3.3432926517826045e-07 1.4607670857014478e-07 3.908927213209908e-05 5.356954617124101e-06 3.1599639230678638e-06 9.611574400730843e-07 8.758733491205777e-07 3.152660003342728e-07 9.296843320599738e-08 3.972461904743887e-06 1.0711478791866974e-06 9.696480536252813e-08 0.00015077344156782626 2.0156157303100018e-05 1.2627440657814338e-05 7.3715131871195e-06 9.05269521688581e-07 6.648774334970151e-07 2.381236990340213e-06 1.5817095603776064e-07 9.231791241294069e-07 7.3840075395131e-06 4.929304949413785e-07 5.518228440605035e-06 5.671324106742064e-06 4.776595104744626e-07 6.904572628320691e-07 2.812551054755908e-06 8.619122156082985e-08 1.4279529542853116e-06 0.0 0.0 7.780537166122967e-07 6.058063013634278e-08 4.583418981785169e-05 5.693921916874383e-06 1.1393869544655616e-07 3.6810622230677944e-07 0.0003177807375397812 4.0321503156286616e-07 2.5247439421356795e-06 2.084686552268193e-06 4.226254106426158e-06 3.1087700859464136e-07 3.230620759152997e-06 4.297389653425684e-06 3.2542509384804966e-07 1.0955105452950187e-05 1.0662688249162583e-05 5.238343806978836e-07 1.9248710505785517e-06 1.3528615968871973e-05 2.604056346185071e-06 1.7454560239950427e-06 0.0 0.0 0.0 0.0 0.0 0.0 0.0 0.0 0.0 0.0 0.0 0.0 0.0 0.0 0.0 0.0 0.0 8.92196805427424e-08 0.0 2.620317991556191e-07 9.581274484251922e-08 0.0 0.0 0.0 5.859277323796223e-07 0.0 5.394664859899803e-07 4.49913208336598e-07 0.0 0.0 0.0 0.0 0.0 0.0 0.0 0.0 0.0 0.0 0.0 0.0 0.0 2.1807323315567647e-07 0.0 1.0993848668099293e-07 0.0 1.323502410515729e-07 0.0 0.0 4.6765979939029855e-07 0.0 0.0 1.619674626176687e-06 0.0 0.0 0.0 6.635040065687338e-08 0.0 0.0 0.0 0.0 0.0 2.3849050951084454e-06 9.087690183668212e-07 0.0 0.0 0.0 1.7726209167097237e-06 1.0352121422497682e-07 8.932680202890578e-07 0.0 2.3590118405246752e-07 0.0 9.749694699059806e-08 0.0 0.0 5.542986879633108e-08 0.0 0.0 9.825459816916902e-08 0.0 0.0 0.0 5.888744834549444e-06 1.24122197902077e-06 8.954545116871938e-07
1.0753966235842654e-05 0.001276745412953547 0.00031387612783575846 1.5019993820433398e-05 0.0 6.736667092636879e-07 0.0018117029783603373 6.73012712186427e-05 0.005833376779230098 9.688435459801499e-05 0.0011551296842557432 1.582649190426411e-05 0.0006314708670937186 0.0016453880149570339 2.705987295854259e-07 3.7448056528311916e-07 4.902585637307921e-07 0.0 0.0 0.0 0.0 0.0 0.0 0.0 0.0 0.0 0.0 0.0 0.0 0.0 5.568246347664276e-05 5.630536211350593e-06 9.68222066142072e-07 5.596370130106223e-08 0.0 0.0 1.9152702331198362e-07 0.0 1.7514130615778447e-07 0.0 0.0 0.0 0.0 7.33057525856089e-08 0.0 1.4369634975785813e-07 9.523054253661544e-06 6.100495612888311e-07 8.322762895843525e-08 0.0 3.816644278212252e-07 0.0 0.0 0.0 9.285102555347825e-07 2.0423822767093107e-06 3.0752910197552965e-06 1.2798641815936615e-05 1.3956857571959896e-06 1.0819049502428965e-05 7.574165817944162e-08 2.854236192588093e-07 0.0 3.2986104998359134e-05 1.2120385800433867e-06 1.0811285308277943e-06 2.471815413882337e-07 1.3018748619978348e-07 7.574097589587656e-08 0.0 6.534756890156756e-07 0.0 0.0 2.323511629413328e-05 1.0260052520843196e-05 1.0640493821883806e-05 8.27445502426465e-06 4.42363562207875e-06 8.632241776867193e-08 1.375854904059392e-05 3.043400596460481e-07 1.9967243796648466e-06 1.0654482948798587e-06 4.023574456183503e-07 1.733022557993501e-06 2.018378364198845e-06 2.9999927766759655e-07 1.5210977627369586e-07 1.1696340335208606e-06 0.0 3.2740497692807e-07 7.197818203461614e-08 0.0 2.627995609855707e-07 1.3328271008939503e-07 2.466317197164781e-06 0.0 0.0 0.0 1.0529654473692757e-06 6.203308330015904e-07 9.614695897481797e-07 1.1651121101999717e-07 0.0 0.0 9.838802514762384e-07 1.8153908211372507e-06 0.0 1.2309781340224127e-06 1.7819046997385446e-06 6.428794148914661e-07 1.2797276111667237e-06 2.9540184533239155e-06 7.79417823942606e-07 2.737338383879069e-06 0.0 0.0 0.0 0.0 0.0 0.0 0.0 0.0 0.0 0.0 0.0 0.0 0.0 0.0 0.0 0.0 0.0 0.0 0.0 8.170880641362438e-08 0.0 0.0 0.0 0.0 2.0711559001327913e-06 1.7382526521022433e-07 2.558741880033935e-06 6.772954195721647e-07 0.0 0.0 0.0 0.0 0.0 0.0 0.0 0.0 0.0 0.0 0.0 0.0 0.0 0.0 0.0 0.0 0.0 8.063280073478354e-08 0.0 7.454584251776089e-08 2.766862168194156e-07 0.0 0.0 2.4492460470641463e-06 0.0 4.512940316142515e-07 0.0 0.0 0.0 5.659399782490732e-08 0.0 0.0 0.0 2.3384147676178638e-06 0.0 0.0 0.0 0.0 3.0444385178617737e-06 0.0 1.7794028153463378e-06 4.0937217599358057e-07 5.54320155175191e-07 0.0 0.0 0.0 0.0 0.0 0.0 0.0 0.0 0.0 0.0 0.0 2.021134715640397e-06 1.8469379915257558e-06 1.2915116668164314e-06
0.00010562522954433342 6.121757531576594e-05 2.4410598714051252e-05 0.00015840201008160363 6.736667092636879e-07 0.0 3.130365569114383e-05 9.428427609356034e-06 3.129963692228767e-07 0.00028753316315155794 1.168208273465506e-06 0.00019705678320510866 9.741449722423283e-05 3.2711156449010064e-05 8.055743806534814e-08 8.791036256033987e-07 0.0 0.0 0.0 0.0 0.0 2.032696198525383e-06 0.0 0.0 0.0 0.0 0.0 0.0 1.7612268207260293e-07 0.0 0.00010286097829735562 4.6689150359929605e-07 2.1959893301994134e-05 0.0 0.0 2.880161583716594e-07 3.2890163593623774e-05 4.851643973180931e-07 3.1038539362151873e-06 1.0219685238437331e-07 0.0 4.974984229620705e-07 0.0 3.9234225955187745e-07 0.0 0.0 1.3466560642138775e-06 0.0 0.0 6.791879258591037e-08 1.7111652035162798e-07 9.13565697279356e-06 4.488058423341838e-07 6.22976352916492e-07 1.0359805517546982e-07 4.4754808224651373e-07 4.086256383737901e-05 2.3015561368502172e-05 3.692617095712734e-06 2.5288351566518366e-06 7.67594057411779e-07 3.3204048266383837e-06 0.0 5.074036921573967e-07 0.0 1.7322869228201125e-07 2.442140676800524e-07 0.0 8.162593368088965e-08 0.0 0.00010525141267286018 0.00015224227260747983 1.332688740708675e-05 1.2679539865450274e-05 4.983290488175992e-07 3.5942666564790107e-07 6.161418640604466e-07 1.1992480028686297e-06 3.640987457380233e-07 5.831514009065986e-06 3.2471670552050897e-07 3.5167560001701554e-06 2.57155750888133e-07 3.0199991601142906e-07 9.544534008682266e-08 8.914359949793013e-07 0.0 2.261584338135198e-06 2.213169155217343e-06 6.118614819762039e-06 1.0595164177395389e-06 3.1401489943307925e-06 0.0 6.660923530985176e-07 2.1322156021016445e-06 0.0005306874436758417 0.00026065686790084647 9.671267557936069e-06 2.321555918453438e-05 0.00012690764410012786 0.0 1.445468296696031e-05 5.8421070151508e-06 3.7105156234058375e-06 2.90745707934906e-07 8.602949192743065e-06 1.3531744718593863e-05 2.137644918067298e-06 1.4530391277294487e-05 3.9722809315002984e-05 1.008876441606313e-06 3.8818303125245265e-06 3.427816339679495e-05 1.1969892012783997e-05 4.988005759782231e-06 9.451384503351005e-08 0.0 0.0 1.0857992166862835e-07 0.0 0.0 0.0 2.323140534887888e-07 3.2465597239505177e-07 0.0 9.304590699921739e-08 0.0 3.293923750154734e-07 0.0 4.03354563496003e-07 0.0 1.9937132051999155e-06 1.0328823614148038e-06 4.961386120405871e-07 5.882215103963206e-07 2.762382828267077e-07 0.0 9.312918119155709e-07 2.8783001361641155e-07 2.1789343314317523e-06 0.0 8.887154090399932e-07 2.6644639185559973e-06 1.3850795306310814e-06 0.0 0.0 0.0 1.4546732552079363e-07 2.264219317263428e-07 6.643158449058045e-07 0.0 1.543512112751536e-07 5.838457490249506e-07 0.0 0.0 2.790129422105886e-07 7.893033726708606e-06 1.0817045264792125e-07 0.0 0.0 0.0 0.0 2.1246963823590636e-07 2.810066212620576e-06 0.0 0.0 4.289574569820062e-06 0.0 0.0 0.0 0.0 0.0 0.0 0.0 1.4982506076261162e-07 0.0 6.368489477759962e-06 1.015986613564126e-05 0.0 0.0 3.2744583978071607e-07 1.8244714616507034e-06 0.0 6.572996065850138e-07 9.179995832775684e-08 0.0 4.819792702085765e-07 9.257049378872284e-08 0.0 0.0 0.0 0.0 0.0 0.0 2.9527946244833966e-07 0.0 0.0 1.6517317323352617e-05 4.884060165179793e-06 6.228141711466288e-06
0.00015874385651472973 0.0025589817821337567 0.0001282024951494685 0.00047885665831952454 0.0018117029783603373 3.130365569114383e-05 0.0 1.1328133461243732e-05 0.0024797997348906036 0.0019379403800730856 0.0007502487207390472 0.0002025193256486558 0.0030924951280116393 0.0027451532981003805 8.044678749216493e-07 9.26902029122531e-07 5.374601273411856e-07 0.0 8.796506983645591e-08 0.0 0.0 0.0 0.0 0.0 0.0 0.0 0.0 0.0 1.342492586968831e-07 0.0 0.00017465747137786807 1.236507275984167e-05 1.3119107588313657e-06 0.0 0.0 0.0 6.529597689265689e-07 1.9465355314024667e-07 2.4952727678163587e-07 2.2998730832128061e-07 6.53920394521659e-08 0.0 0.0 1.2655951354861078e-06 7.70045106734306e-08 1.9875542215700262e-07 1.828556907409877e-05 1.687502704712949e-06 1.3984672097510182e-06 0.0 1.8189845767732276e-06 0.0 0.0 0.0 5.395168118190285e-06 6.819529892707281e-06 1.3638360627691487e-05 5.6056692071638855e-05 6.278522494006052e-06 3.0001081261063965e-05 3.115199075881046e-07 8.992216464540349e-07 0.0 7.571724382887001e-05 3.2212248591357364e-06 3.839139053638081e-06 1.6996125705413037e-06 3.019623656949322e-07 8.669212646742153e-08 0.0 4.731713547515515e-06 7.882923357140722e-08 0.0 9.464771061647145e-05 2.8866885302892418e-05 2.6467061083873266e-05 1.6815520479647046e-05 8.133799993050682e-06 1.7770974286208656e-07 6.158768918218331e-06 3.7963004610542545e-07 3.9424553257011845e-06 6.2883630945852125e-06 9.018923515318373e-08 4.834788256588004e-06 4.7721962841663915e-06 1.2567866766742727e-06 3.205593787157155e-07 2.4260735613507852e-06 1.7294001711682108e-07 1.9239312148558606e-06 1.673308403264355e-07 6.629119525331182e-08 1.284671779020871e-06 3.8277865126787657e-07 3.911320435539438e-05 7.966121608353191e-07 0.0 7.793836059385936e-07 1.2545426054873305e-05 6.455002193314277e-07 5.335218363035593e-06 0.00010123777894978513 9.645584678073461e-05 1.7185559561852783e-06 0.000198057891151211 5.167557579276449e-06 4.882894219200418e-05 0.00019076190732825646 3.157129325072793e-05 2.834599923263389e-06 0.00031628751758192307 0.0001782622433966583 4.5997762531531977e-05 6.345901026778285e-06 3.024632656574401e-07 0.0 0.0 0.0 0.0 0.0 0.0 0.0 0.0 0.0 0.0 0.0 0.0 0.0 0.0 0.0 3.6292411053136204e-07 0.0 0.0 2.4508411617661477e-06 7.633140728318746e-07 0.0 9.868859577844817e-07 0.0 4.2654365787008945e-06 6.780783053544745e-07 5.1131398089317e-06 3.5190486459916624e-06 1.1213566817713133e-06 0.0 0.0 0.0 6.388012873651404e-08 0.0 7.762495858233665e-08 0.0 7.786300138528263e-08 5.448342481122651e-07 0.0 0.0 0.0 4.6187956718843716e-07 0.0 0.0 3.050169739360879e-07 1.4448239975380337e-07 3.259568893902533e-07 1.4821468960680547e-06 3.0316129118532604e-07 0.0 1.077624866286907e-06 9.449454333033642e-06 4.136746166021265e-07 8.094802563000502e-08 0.0 0.0 0.0 0.0 0.0 0.0 0.0 7.006461142918585e-06 0.0 0.0 9.52737012734579e-08 9.605874267630705e-08 6.304196849279369e-06 5.721350141380671e-07 5.404187165307699e-06 6.832587658059013e-07 2.5442413519226445e-06 9.10714579617069e-07 0.0 0.0 0.0 0.0 0.0 0.0 8.599303301743373e-08 0.0 0.0 0.0 9.63296951798091e-06 9.705187972600265e-06 5.671803455443267e-06
0.00019008585056483213 0.0006994521764772563 0.001777725949516565 1.1720628923120463e-05 6.73012712186427e-05 9.428427609356034e-06 1.1328133461243732e-05 0.0 9.980261249812346e-05 5.2387055705349115e-06 0.0013197252167730707 4.507003218544105e-05 0.00020705932744705615 0.0019850602484683517 3.1696024144451706e-06 1.8577378912023213e-05 1.5802465120421967e-06 4.7205422962211514e-07 2.0338716346736205e-07 8.121927240537515e-07 2.2386870994554134e-06 4.7537436977217114e-07 0.0 0.0 1.5462977232810447e-06 1.000722015864669e-07 2.213145151690471e-07 1.3206480426127485e-07 5.280460479277748e-07 1.4431397459491167e-07 0.0018726135275204466 0.0007201073159574765 0.00031780361900188953 3.6088845324194067e-07 6.713650503774052e-08 4.476262131084714e-06 5.597183177271784e-05 1.1476888567886078e-05 1.1649028024120984e-05 4.35102240214392e-06 1.6921257345476443e-07 1.1399669152721911e-06 7.288194611739474e-06 1.1226154371030533e-05 1.8498903610579139e-07 3.3370327099614217e-06 5.845756346738418e-05 5.659158234332369e-06 9.650883575041242e-07 1.4940449009836598e-05 1.690870157272974e-05 5.687330592892105e-07 6.600264467903355e-07 2.8008597649506284e-07 3.7459092811062502e-06 4.582298262306806e-06 1.7334236482753844e-05 0.00010814122736760994 7.154949288811812e-06 4.081912368823049e-05 0.00012749511033744994 0.00024171562063739048 1.4601651533863899e-06 0.0002600489862510888 3.4905111371784444e-06 9.042006419177282e-06 6.09737714191665e-06 1.4382041674517633e-05 9.014504078899491e-05 5.851238174312569e-06 7.878122044138443e-05 1.8062905046534804e-05 0.0 9.063302030313467e-05 4.2963601325171834e-05 4.863863336127718e-05 7.342488216363555e-05 0.0001471086620717029 0.0010024205347840965 0.0035235621243032283 0.00031130154932851767 0.002208332884185525 8.141878868247703e-06 4.162477205215403e-07 1.1059212284013664e-05 5.163087687493521e-06 2.3488654775322865e-05 1.056886763389567e-06 3.154033598369859e-06 1.53108782791362e-07 1.702446133739634e-06 6.186263551658284e-07 2.828728089548835e-05 1.1721295296623834e-05 3.30695186583589e-06 5.4905259371167803e-05 1.7398404861464336e-05 0.0 1.1038417160997808e-05 5.333081477113495e-05 2.7658885989876654e-06 2.445266919871926e-06 6.660433033374995e-06 2.2972802771194307e-06 6.533071501428564e-06 3.539795550346992e-05 3.2167023425247906e-06 5.92263877858895e-06 2.0486216862448602e-05 2.912623803652452e-05 6.5597190995988404e-06 1.3470275859081586e-05 3.6623461945784384e-05 1.6343092660220397e-05 2.8462594582072074e-05 2.6941956164273245e-06 1.4332104781710024e-06 0.0 1.595823238651597e-07 0.0 0.0 0.0 0.0 0.0 0.0 0.0 8.600110176220303e-08 2.896239813466726e-06 0.0 7.155310553015423e-07 0.0 0.0 1.9896320222297989e-07 7.00565699263183e-08 5.685069089854484e-06 5.4893094116768586e-06 0.0 9.398651024147842e-06 0.0 4.488904684862399e-05 1.1763156038424592e-05 5.870113034955011e-05 5.0054436298829556e-05 5.419117878150839e-06 0.0 0.0 0.0 6.925113912185856e-08 3.454484256056575e-07 3.916850538631084e-06 0.0 3.0026769494380526e-06 5.758170671555293e-06 0.0 0.0 0.0 6.310687205182186e-06 7.283284602560333e-08 0.0 1.3398347463970884e-07 4.9111502736828425e-08 1.210546173738344e-06 3.851927939936177e-06 3.0772133833643327e-07 1.2266323239107312e-06 3.5542962208478963e-06 4.89059658165056e-05 1.7065213640328501e-06 5.816694721039553e-07 4.588751611742346e-07 0.0 1.291851325373816e-07 1.771664226605342e-07 6.878430884084898e-08 0.0 6.587681181330278e-08 2.925083221644293e-05 1.8379785132020634e-05 2.6966765477923666e-07 1.6245350165307635e-07 2.7226911301927053e-07 3.1255059792074745e-05 6.293301151551778e-06 3.537150930749752e-05 2.00285993822567e-06 8.142473058127524e-06 4.133948269443502e-06 1.6334507619611614e-06 1.702308282794991e-06 0.0 1.6085224639898935e-07 0.0 0.0 1.6907173133941925e-07 3.5633062104037795e-07 0.0 8.088383658996833e-08 1.1830125344436223e-05 5.3007501814608695e-05 9.753957340288134e-05
1.9711224749956047e-06 0.0013619747795036313 0.0005515818397414704 5.569500122325991e-07 0.005833376779230098 3.129963692228767e-07 0.0024797997348906036 9.980261249812346e-05 0.0 2.3968459948951404e-05 0.0012728996525900582 9.130432757200466e-06 0.0010913494226995485 0.00107301593623761 0.0 1.597035874086381e-07 0.0 0.0 0.0 0.0 0.0 0.0 0.0 0.0 0.0 0.0 0.0 0.0 0.0 0.0 9.43652455517936e-06 2.569652978582578e-06 2.75221087024724e-07 0.0 0.0 1.1441626427758959e-07 0.0 5.290443078887864e-08 0.0 0.0 0.0 0.0 0.0 6.660030926095072e-08 0.0 0.0 1.9433779378956584e-06 4.4333729011945596e-07 0.0 0.0 1.2984840115612039e-07 0.0 0.0 0.0 2.2784169460804222e-07 2.299802728900265e-07 4.839157442327913e-07 3.561035545978868e-06 7.347240974013207e-07 3.3502938699767963e-06 6.616932358752541e-08 0.0 0.0 6.993120719351657e-06 2.161249279389169e-07 1.665622033936504e-07 8.115685878583272e-08 0.0 0.0 0.0 3.81043628882369e-07 0.0 0.0 5.023736223303673e-06 1.7319986481257101e-06 3.285792438004878e-06 3.3704325224891492e-06 2.696511489554546e-06 2.503266659156863e-07 6.497429192898994e-05 0.0 1.4925222141429468e-06 1.1091265906570793e-07 0.0 0.0 1.3900111652327833e-07 2.618715317350052e-07 6.515749211646984e-08 1.1276471285895709e-07 0.0 1.1455274076693509e-07 0.0 0.0 0.0 0.0 3.932400132108564e-06 1.6522039388130008e-07 0.0 0.0 0.0 0.0 0.0 0.0 3.8852987653005567e-07 4.3909381265436515e-07 2.898685587451833e-06 6.065258633203671e-07 0.0 1.3305223667875408e-07 2.8298919392366766e-06 8.920763279932703e-07 7.150530217266316e-07 2.409363378808733e-06 1.2624632166064978e-06 1.7440781721117556e-06 0.0 0.0 0.0 0.0 0.0 0.0 0.0 0.0 0.0 0.0 0.0 0.0 0.0 0.0 0.0 0.0 0.0 0.0 0.0 4.3430632776007304e-07 4.838762162827726e-07 0.0 0.0 0.0 5.349605370038643e-07 0.0 1.175335546020383e-06 9.138750308043162e-08 0.0 0.0 0.0 0.0 0.0 0.0 0.0 0.0 0.0 0.0 0.0 0.0 0.0 0.0 0.0 0.0 0.0 0.0 0.0 0.0 2.882623737451346e-07 0.0 0.0 1.6640394821514507e-06 0.0 0.0 0.0 0.0 0.0 0.0 0.0 0.0 0.0 5.106274325614282e-07 3.9056964729720255e-07 0.0 0.0 0.0 3.1597300135189783e-06 0.0 1.4932050811098878e-06 8.260866921875438e-08 0.0 0.0 0.0 5.89239319264696e-08 0.0 0.0 0.0 0.0 0.0 0.0 0.0 0.0 1.4148609511532326e-06 3.9601441599678785e-06 2.5475811991907455e-06
0.0007048052813291408 0.0016031040644623991 2.655548649735278e-05 0.002906733915498523 9.688435459801499e-05 0.00028753316315155794 0.0019379403800730856 5.2387055705349115e-06 2.3968459948951404e-05 0.0 1.607104444392144e-05 0.0021423315070459767 0.003557661450953258 0.00023796932856059568 4.269079513138477e-07 8.308706321737479e-07 1.5606278881525922e-07 0.0 0.0 0.0 0.0 5.46258480445724e-07 0.0 0.0 0.0 0.0 0.0 0.0 1.0892987380849422e-07 0.0 0.00010615636087359825 1.914221236970821e-06 4.309614439537996e-05 7.103778268637121e-08 0.0 0.0 4.222832030145033e-05 5.820805924486532e-07 9.938831712707922e-07 0.0 0.0 0.0 3.02250136092786e-07 1.6410255630938744e-07 0.0 6.779688136745355e-08 3.201120765769178e-06 1.0451691018412727e-06 0.0 0.0 1.8550115419445218e-07 2.1193858232864e-06 0.0 3.2694174099598644e-07 1.1171603609775523e-06 2.2134963052427013e-06 1.656883801879848e-05 3.0271205768963092e-05 5.368680970371724e-06 1.0139627721405899e-05 1.2718398050324173e-06 2.784501166096098e-06 0.0 2.019607226611084e-05 1.4188320392651858e-06 1.1056230645505387e-06 5.574948107152091e-07 1.9642482554821043e-07 7.49688682162606e-08 0.0 0.0001738581905934142 1.365611766559427e-05 6.002141569417494e-07 3.855943557927734e-05 7.307129859421509e-06 7.154071793041817e-06 4.636602961454943e-06 2.492858354154825e-06 5.419547049345508e-07 2.715339796703882e-06 7.529299740641447e-08 3.3655706934066854e-06 3.1707585587784025e-06 2.5120029046806466e-07 1.0442970544516278e-06 1.8667607516915735e-06 4.3591852921570373e-07 4.464466738650842e-07 1.1179393063250703e-06 5.779283629942624e-07 1.191695548994714e-06 2.3457871085187737e-07 0.0 8.328286426270159e-08 8.096816584979198e-07 0.0006889521053393681 0.00023968399389857702 2.0489435456061396e-06 9.145450738066838e-06 0.0001819494883942873 1.4000984409852128e-06 2.0408237106524273e-05 1.4452555992443015e-05 5.844043711658786e-06 2.2551297378464565e-06 3.303245257531803e-05 3.208826333468851e-05 4.688102328123273e-06 5.335948398539664e-05 9.364997170750793e-05 3.158902828745778e-06 2.3318210586095592e-05 0.00014363876354174258 6.623636987292188e-05 1.951056164811891e-05 7.229292735370862e-08 3.6741919242127514e-07 0.0 0.0 0.0 0.0 0.0 1.7501746180255995e-07 0.0 0.0 0.0 0.0 0.0 0.0 0.0 0.0 7.963073877332613e-08 0.0 0.0 1.0077814555897457e-06 2.8637981989889405e-07 0.0 0.0 0.0 5.075883739582467e-06 7.492837369785802e-07 4.415792386859944e-06 2.581389358432156e-06 5.295610734162236e-07 0.0 0.0 0.0 2.1981837608073233e-07 0.0 2.3588862607960352e-07 0.0 0.0 7.990103480138054e-07 0.0 0.0 8.600419675866476e-08 1.9806127476845304e-06 8.513151652629314e-08 0.0 0.0 0.0 0.0 3.035586472007116e-07 2.783358776204011e-06 0.0 8.767975862588652e-07 1.0939170670847563e-05 0.0 0.0 5.017982036535295e-07 0.0 1.2359503496639843e-07 2.831008095820096e-07 0.0 0.0 0.0 1.6848393401163705e-05 2.977950241539838e-06 0.0 1.3914685822567402e-06 1.681061468282731e-07 1.5443677591319758e-05 2.3239614851714116e-06 6.272444726840823e-06 1.9390291613336948e-06 4.590141690344882e-07 4.946954142016532e-07 2.872286350387403e-07 7.745341865064802e-08 0.0 0.0 3.141655857136879e-07 7.56980859688706e-08 5.8588213803877505e-08 0.0 0.0 0.0 4.7503743955799345e-05 1.179225918997774e-05 7.4855770667679925e-06
6.479418686157389e-05 0.0021161188651378855 0.001244611172076908 1.159376261038425e-05 0.0011551296842557432 1.168208273465506e-06 0.0007502487207390472 0.0013197252167730707 0.0012728996525900582 1.607104444392144e-05 0.0 3.221671677743138e-05 0.0006542553584094345 0.0019609383559040638 8.76505667774699e-08 3.6998384195738286e-07 1.4598558416153992e-07 0.0 0.0 0.0 0.0 0.0 0.0 0.0 0.0 0.0 0.0 7.526911748163762e-08 0.0 0.0 9.479936217505814e-05 6.254426893461427e-06 5.492754031991316e-05 7.096192560855535e-08 0.0 8.194977611418279e-08 9.930631504750241e-07 2.0797431408588674e-07 2.152295543618816e-07 0.0 0.0 0.0 0.0 1.7665674694927292e-07 0.0 0.0 4.083395640438854e-06 4.583768568557242e-07 1.4665742087751232e-07 0.0 5.044673167363472e-07 5.867613444617689e-08 0.0 0.0 7.125858744672369e-07 8.081880260600937e-07 1.521276506198751e-06 9.034347360968365e-06 1.214098077704914e-06 5.105602973418523e-06 1.419713490302227e-07 2.485245409415559e-06 0.0 1.8885073458369514e-05 5.220890498976432e-07 8.12983955449524e-07 6.442191627208699e-08 4.358012258833529e-07 0.0 0.0 2.1801663180105484e-06 2.5494608162512065e-07 0.0 1.2499932113535972e-05 4.4879994354779636e-06 8.007749632129264e-06 6.373659980826606e-06 5.341353496405209e-06 1.4875024883280541e-05 0.00038824719938890305 1.7168914413789097e-07 1.334972938079777e-05 6.455801799988016e-07 0.0 3.417044934241121e-07 9.555254265596047e-07 2.777178444020252e-07 7.602925059027857e-08 2.104845638678911e-07 0.0 2.4235647651294196e-07 6.015452921771654e-08 1.0056351497047742e-07 2.1825444371528715e-07 0.0 9.030547056343277e-07 5.763694439297953e-07 0.0 8.510043801549662e-08 7.820511804225318e-06 0.0 0.0 1.6306837757953457e-07 0.0 2.79708174331125e-07 4.1268465281373926e-07 8.286934603735839e-08 0.0 1.1438068961698108e-06 9.487780771806176e-07 0.0 4.519038645752288e-07 9.36903737616552e-07 8.662536452617283e-07 6.86317368866771e-07 0.0 1.0762280637303967e-07 0.0 0.0 0.0 0.0 0.0 0.0 0.0 0.0 0.0 0.0 0.0 0.0 0.0 0.0 1.0478610862557711e-07 0.0 0.0 1.5242376020388244e-07 5.214252572060211e-07 0.0 0.0 0.0 1.1479531482268813e-06 1.7211641186029517e-07 6.074050252466068e-07 6.591374708577434e-07 8.73209249338738e-08 0.0 0.0 0.0 0.0 0.0 0.0 0.0 0.0 1.0206178990299585e-07 0.0 0.0 0.0 1.8154319756908411e-07 0.0 0.0 0.0 0.0 0.0 0.0 0.0 0.0 3.712027217700126e-07 1.1867156601350773e-06 0.0 0.0 0.0 0.0 0.0 0.0 0.0 0.0 0.0 5.687462105521311e-07 0.0 0.0 0.0 0.0 3.6836982107891207e-07 9.728792101550204e-08 3.1938061519907725e-07 0.0 0.0 8.357757121013355e-08 0.0 0.0 0.0 0.0 0.0 0.0 0.0 0.0 0.0 0.0 7.385306068515819e-07 9.030283042268109e-07 5.829568620858671e-07
7.627595605100496e-05 0.00023895532167617396 2.9441700223048247e-05 0.0006979329633844335 1.582649190426411e-05 0.00019705678320510866 0.0002025193256486558 4.507003218544105e-05 9.130432757200466e-06 0.0021423315070459767 3.221671677743138e-05 0.0 0.0007578871991991236 0.00017152570735190674 2.3011126144634884e-07 3.0889037337936894e-06 6.7949767270947e-08 0.0 0.0 0.0 0.0 0.0 0.0 2.30186831767304e-07 0.0 8.908640781970227e-08 0.0 0.0 2.758521053848046e-07 0.0 1.2852174496398647e-05 2.7451084960984037e-06 3.556216885669737e-05 0.0 0.0 6.189511369750444e-07 5.462371556234574e-05 6.639716921762416e-07 3.9472349841108136e-07 1.092792326583036e-07 0.0 0.0 0.0 1.1601822060276005e-06 1.5931147706616934e-07 1.3493244208518732e-07 7.343700614482318e-06 0.0 0.0 7.059032332570857e-08 7.528012301218696e-08 0.0 0.0 0.0 0.0 4.91026523324096e-07 3.2516787541606707e-06 2.6296604756920254e-06 2.4003478914316595e-07 2.578126006028682e-06 1.531249993862415e-07 5.910823006641636e-06 0.0 8.60300601015415e-06 2.844359495253074e-07 3.0762040486555987e-07 0.0 0.0 1.7663411293361488e-07 0.0 7.052785150441157e-05 4.98574355468471e-06 1.108565239381891e-07 5.514424477357933e-06 1.7102733056301595e-06 3.610435214640255e-06 6.351723906647046e-06 1.0016949527228414e-05 2.9277341513756937e-07 9.222170696940977e-06 4.985026306558991e-07 8.97006112518813e-06 1.904505973860194e-07 7.467162495383689e-08 1.460657376481821e-07 1.2431095807765756e-07 1.452751737037231e-07 2.0554272962129943e-07 1.7247201014386603e-07 3.082601050368015e-07 2.1874383879478143e-07 3.310122150805824e-07 0.0 0.0 0.0 0.00040796434242965714 1.914773206352581e-05 6.23139349471366e-07 1.8713692211994647e-06 2.2661438814841653e-05 2.6955658395893007e-06 2.1406352403643737e-05 2.2557067737331065e-05 1.298001076421609e-05 1.3732337179361605e-05 9.163330045634151e-05 4.4865152333855875e-05 1.6272123926608443e-05 8.60762134699445e-05 0.00015133855166677644 1.1069844981203263e-05 4.019646980329199e-05 0.00021453835916487713 6.87128696381103e-05 5.7559882367779193e-05 1.4595921489056746e-06 1.7309227512167132e-06 0.0 7.145913728454495e-08 0.0 0.0 0.0 0.0 0.0 0.0 0.0 0.0 2.019225602175957e-06 0.0 0.0 0.0 1.1164552060808199e-07 0.0 1.2313012298990513e-07 7.007095142561202e-06 5.36478452309297e-06 7.708914349999982e-08 6.667223678095861e-07 3.12230837174721e-07 3.270128822583468e-05 6.252854012304295e-06 3.3635884015690354e-05 1.4162181194619219e-05 4.980039258666006e-07 0.0 0.0 0.0 0.0 4.2688497121232337e-07 2.048905317950162e-06 9.7183432748373e-08 6.117085337772545e-07 2.486799552495071e-06 0.0 0.0 1.458470954300858e-06 2.3855654813263263e-06 0.0 0.0 0.0 0.0 9.94233622763122e-07 3.776599552777888e-06 2.7391520221411553e-06 9.076233357149205e-08 1.2966669816576273e-06 4.581061716293926e-05 1.4449542098731992e-06 3.401153116226762e-07 0.0 0.0 0.0 1.6971695405227083e-07 1.0594800787235737e-07 8.019786473839826e-08 7.417978255285924e-08 6.87930516175075e-05 4.932579159025295e-06 6.945793828160898e-07 1.019029656604446e-06 3.1074981709468105e-07 4.092599464283526e-05 4.017098403515133e-06 2.29117064533408e-05 1.4004655392077139e-06 7.423315151493016e-06 4.188687711768755e-06 1.2940790207663807e-06 2.7329981556380035e-06 0.0 0.0 2.5658823434044027e-07 0.0 1.7944856724803997e-07 2.1359485238085563e-07 2.544132577134856e-07 0.0 0.0001105152703303757 6.833072291491398e-05 4.5228692635439984e-05
