0.0 0.0007161560069927984 0.00015505607055073492 0.001005292224710682 3.900518552178117e-05 3.734847767330794e-05 0.0003242661116327846 1.2716469718948284e-05 9.380705685797597e-06 0.0009599239687576455 5.530479231028274e-05 0.0001585633073671474 7.20217805092088e-05 3.4193241711062863e-05 2.7778910190909517e-06 1.2038206928742739e-06 1.8983573232289694e-07 0.0 0.0 0.0 3.6317318983062207e-07 0.0 2.9934602225066983e-07 1.1764030204265811e-07 0.0 0.0 0.0 2.2029491824674882e-07 1.0339587128480731e-07 9.81422799515914e-08 0.00039559374025119375 8.715627735279717e-06 1.2725600047202265e-05 0.0 0.0 3.498841525237556e-07 1.4206592289943003e-06 1.3574651579026206e-06 3.518134090696612e-07 7.095614287090537e-08 1.6322118211773485e-07 0.0 1.5598489182666504e-07 0.0 0.0 4.1876982372782505e-07 1.0356483098417895e-05 1.3177719600823717e-06 1.273848660716839e-07 1.4590958373824473e-07 8.379576893541736e-08 0.0 0.0 1.6215186459561831e-07 1.0385417862725734e-05 1.0802072677581199e-05 0.00019896500292439437 0.0007713214273978658 4.517688490502481e-05 2.1650450350309847e-05 3.629695823976868e-07 3.654911915984612e-07 0.0 3.215870047389122e-05 1.203470088081608e-06 4.3600901283476004e-07 8.084573773979944e-08 5.791668877881913e-07 3.3820832632203253e-07 3.235836141990433e-07 9.663209901207888e-06 5.969828091251772e-07 0.0 0.00010191305630162211 3.969099118384171e-05 2.1709101553810823e-05 8.722987447038979e-06 3.3081453119805667e-06 1.7282580702905943e-06 0.00011657046786214119 8.610023411908848e-08 3.79169596486104e-06 1.7277189918878788e-05 4.6239413944708583e-07 1.0416774429764628e-06 2.6163034674820475e-06 1.075442332029267e-06 7.17735614893694e-08 7.291593075501899e-08 7.913790462637995e-08 6.975048183388182e-08 0.0 6.80918396505486e-07 0.0 7.728535911522897e-08 1.5985922333608936e-05 1.4030377864156605e-06 0.0 7.348487400213674e-07 0.0007153741731434391 0.0 0.0 2.7483446950393507e-06 6.18225737698437e-07 1.1586242506722264e-06 1.2458611779655432e-05 8.60242068969224e-07 4.675269037775153e-06 3.1453259692019643e-05 4.578853831546092e-06 0.0 1.1658451585320754e-05 3.235895226973578e-06 6.80536803382212e-06 4.369828005091752e-06 8.878936623065982e-08 1.0384337746104491e-07 3.3067748822778943e-07 0.0 0.0 0.0 0.0 0.0 0.0 0.0 0.0 0.0 0.0 0.0 7.017817755718518e-08 0.0 0.0 0.0 0.0 1.814960333236149e-06 4.975055135885534e-07 0.0 0.0 0.0 1.7820557184093824e-06 0.0 1.1871731692575963e-06 6.00092586539408e-08 0.0 0.0 0.0 0.0 0.0 7.674908020996568e-08 0.0 0.0 0.0 0.0 0.0 0.0 0.0 1.2529200848129816e-07 0.0 0.0 0.0 0.0 0.0 0.0 2.9844566900902227e-07 1.218988901924295e-07 0.0 1.6267185267156513e-06 1.7429441300119117e-06 0.0 0.0 0.0 0.0 0.0 0.0 0.0 0.0 1.4592289182621281e-06 2.506860748741031e-07 0.0 0.0 0.0 0.0 0.0 7.293699821638815e-08 0.0 0.0 0.0 0.0 7.45709359939472e-08 0.0 1.1257036802183935e-07 0.0 0.0 8.383085902421594e-08 0.0 0.0 0.0 9.734134434506684e-07 4.602070788512356e-07 1.2751855031541303e-06
0.0007161560069927984 0.0 0.0005780896321516609 0.00045898205869993313 0.0011527665201238773 0.0001610817707227456 0.0019195747167094145 8.888846862482737e-05 0.0018865792138318953 0.0008680471884995397 0.0008945358139516944 0.00028789189998984846 0.0014819491693956368 0.0023534501227068685 4.027404931163466e-05 1.5751486835847882e-05 1.1013439182235547e-06 3.9122395317988335e-07 0.0 1.6648471680372444e-07 7.51370825369649e-07 6.582507354651659e-07 3.194000666594841e-07 6.133721096890983e-07 1.1035145203889638e-07 2.6733663207113665e-07 1.485310832093136e-06 0.0 1.558871915443994e-07 2.1712605026266863e-07 0.001549823751244679 0.00017901064997742047 0.0001456691805007583 0.0 2.3880455181209065e-07 7.789568810805785e-07 2.7214945501679426e-05 3.6371927116699603e-06 2.0301794793562365e-06 9.776493160613448e-07 2.0644913402660575e-06 5.481729760628313e-07 5.716547428060516e-07 1.756234044431331e-06 1.333082250192467e-07 6.046359010664478e-07 0.00011751032127539376 1.1703420056473049e-05 6.488414183790836e-07 2.188397605888594e-06 6.277713591924973e-07 4.774896822361604e-07 1.877608583331868e-07 7.242439688067532e-07 2.6573402603888996e-05 3.557538635803912e-05 0.00018739115778347562 0.0008298717486868743 0.00010810529509095811 0.00013420640915596553 4.746872171267564e-06 4.8906812212839144e-06 9.675488119371843e-07 0.00028068086995926945 4.733140577604342e-06 2.563974446564867e-06 1.4407836491153578e-06 1.6913623922292319e-06 2.604986050698695e-06 1.302989686142094e-06 0.00011754504616692845 1.99426182648439e-06 0.0 0.00046069727433003827 0.0002711741460716642 0.0003220907630984993 0.000122180111639112 3.700722274960895e-05 1.39687798418149e-05 0.0006099426047770641 2.1874182343033757e-06 2.8179645055390544e-05 6.894568543489012e-05 2.49981098174159e-06 6.578222436365204e-06 1.2514640751827091e-05 4.153513619142268e-06 1.618962226001818e-07 1.7697307395316449e-06 1.0525172971152224e-07 6.625294860302333e-07 3.406285703626154e-07 3.723732585885836e-06 5.262106811157349e-07 9.471808953155244e-07 8.23729272045778e-05 2.520521877863415e-05 6.50129231900709e-07 3.336239059431598e-06 0.0004509432277310615 4.219631927616481e-06 1.0587232427323622e-06 2.030265901200154e-05 2.0501888468919217e-06 3.3174682139267766e-06 4.45069483487442e-05 4.6281129976369334e-06 5.3568841443344444e-05 1.3297522035588287e-05 8.092973545691664e-06 3.7269744106394783e-06 8.709953590824458e-05 2.9893939253619254e-05 5.226398990424208e-05 6.364032906412823e-05 2.5636563675637922e-06 2.1457516002807622e-06 7.96435181125355e-08 8.569289634572657e-08 0.0 0.0 0.0 0.0 0.0 0.0 0.0 0.0 0.0 0.0 7.710232751369723e-08 0.0 3.217480187482991e-07 0.0 0.0 2.0046559214093022e-05 1.0702585158375975e-05 0.0 9.655151845842521e-07 2.8421059598063145e-07 4.285089193790897e-05 7.609011443223576e-06 2.0847605895469626e-05 4.864351134880926e-06 1.3019231954922805e-06 0.0 0.0 0.0 0.0 1.8856125985079417e-07 6.021855223436519e-07 0.0 4.1266389128847123e-07 2.1801407420691614e-06 6.879692082186042e-08 9.990364486422581e-08 9.681515055814441e-07 2.7560169717226905e-07 7.704851079257052e-08 7.565773990006949e-08 7.073419205354703e-07 2.71951758093387e-07 0.0 1.3384319495972647e-06 0.0 1.0423926696025205e-06 4.613418596966312e-06 3.557151410165509e-05 6.705344163084475e-06 5.571824136255988e-07 6.645313082764104e-08 0.0 1.4047684914958912e-07 0.0 8.186660736348237e-08 0.0 0.0 3.464877408727874e-05 7.2014714032377225e-06 4.876784898061973e-07 0.0 0.0 9.759373286747154e-06 4.43965624826077e-07 7.46491468911664e-06 9.145637499377663e-08 2.8317451934823813e-06 3.3101358155641255e-06 7.28936051678741e-07 1.0422771365605912e-06 0.0 0.0 4.257864280514011e-07 0.0 7.716831766317815e-08 0.0 8.053553040487934e-08 0.0 3.622107714902319e-05 1.0505450162432769e-05 9.719077428802871e-06
0.00015505607055073492 0.0005780896321516609 0.0 1.1254343798486383e-05 0.0004350667379204585 7.156389767806064e-06 4.081977184193424e-05 0.0006507427053364513 0.00014230654258818229 1.1092556276388945e-05 0.0012966575254867996 3.0544976470199487e-06 4.815868069261956e-05 0.0004925315070826245 1.8713755528143136e-05 1.258620661641608e-05 1.4382882136235498e-06 5.926211015901097e-07 0.0 5.203966427950805e-07 2.3474140612713176e-06 6.742617100104028e-07 3.07610556056237e-06 1.0634356276872497e-06 2.0808569029240233e-07 7.442819905480504e-07 1.889156708650012e-06 3.596082021751236e-07 0.0 6.74262039625948e-07 0.0022018614542467503 0.000305190018467871 0.00011877142073085283 0.0 8.012468418130797e-07 2.3231601058664737e-06 2.8635461610486678e-05 3.398478478986605e-05 4.71940715708886e-06 1.0331096343771614e-06 4.300204302335264e-06 1.098222302583219e-06 3.1302742161173987e-06 2.1425743634138576e-06 2.394925767756168e-07 6.308728235909452e-07 3.629682175658617e-05 2.207645717942688e-06 6.10177313811034e-07 4.811798813398663e-06 1.6241179271048266e-06 6.005613166047312e-07 4.819085696882563e-07 1.1627044385982108e-06 5.242457260889482e-06 5.47942220041054e-06 4.5624680321696644e-05 0.0004458506418372284 1.7636628363461455e-05 3.3232587244015524e-05 5.280422910117347e-06 1.2856351276836622e-05 1.6547220880015055e-06 0.00026093136052028523 6.003163899078643e-07 6.991040850303903e-07 3.9301570976312185e-07 2.847437016379346e-06 8.077766185018926e-06 1.0539477285791917e-05 0.00011979795632843618 2.0324853468026504e-05 1.39167191614717e-07 9.720889463446183e-05 0.000111957063237522 0.00011431694646491859 7.440388220987152e-05 4.310975334982878e-05 0.0002526795985796479 0.0009771013055913324 6.389947629183262e-07 0.00015262549594555072 1.3046912258332831e-05 4.699864089402191e-07 1.5473097116313792e-06 2.0841880199701773e-06 3.1206490287827607e-06 7.447697321676135e-08 3.8642739335348963e-07 0.0 4.136340559852418e-07 2.922100915130435e-07 1.734778314944778e-05 1.9010107004339476e-06 1.6193259483758408e-06 3.711474967576108e-05 8.579323989884937e-05 0.0 5.249651706766429e-06 8.821243417537466e-05 2.2965289184563378e-06 5.105602277630394e-07 9.370914640389997e-06 0.0 3.0044329005367473e-06 1.2124778496331284e-05 1.1847902276406574e-07 2.0444436881641374e-05 2.794800240690369e-06 2.948619156142666e-06 1.1574701158076263e-06 3.63495208575467e-05 1.2606673663516273e-05 1.7047607853592426e-05 5.1808273317630094e-05 3.914065389624235e-06 2.5542183459917612e-06 0.0 0.0 0.0 0.0 0.0 0.0 0.0 8.977290549717785e-08 8.206284034693282e-08 0.0 3.171516472918977e-07 0.0 1.5238599287694475e-07 1.1124326879659479e-07 1.4620973500568555e-07 1.8107917692371336e-07 5.862019729291127e-08 1.803466630796532e-05 7.620947140555776e-06 0.0 9.455409853512235e-07 0.0 5.006202152355607e-05 1.3346900673347487e-05 4.2843168403215e-05 1.4375992959046999e-05 2.6243258293945666e-06 0.0 0.0 7.884747981087332e-08 7.43864630227434e-08 1.042370596534403e-06 1.2809703230120532e-06 8.779436863391945e-08 4.4789482089885944e-07 4.042554775040917e-06 0.0 0.0 0.0 1.3433701379606962e-06 8.350784696337223e-08 2.3584217958699403e-07 3.336742186834405e-07 6.374907104256708e-08 0.0 1.9996594709842475e-06 0.0 2.7934956111892368e-06 7.2840507511439135e-06 5.1500115068473337e-05 7.599525007273335e-06 3.9610006208674255e-07 7.44096344368974e-07 0.0 9.754056956726271e-08 0.0 0.0 0.0 0.0 2.5115110201604518e-05 3.914777146907012e-06 0.0 0.0 0.0 5.991807325085867e-06 1.2656428761334967e-06 1.2699378197605579e-05 1.4837834327638157e-06 2.499919525816621e-06 3.3177566889825335e-06 2.4723495542269543e-07 5.467857080338356e-07 0.0 0.0 0.0 0.0 0.0 0.0 0.0 0.0 1.559598009326974e-05 1.788084663830796e-05 3.1190764346928366e-05
0.001005292224710682 0.00045898205869993313 1.1254343798486383e-05 0.0 4.9910685194176024e-05 0.0005317180035904449 0.00033925189897617973 1.8936338151461095e-06 6.95230763261875e-06 0.0014589918531362413 1.0313118028118249e-05 0.0008906879682803984 0.0007425534451535651 5.8348739371531676e-05 2.04156205387015e-06 0.0 0.0 1.0867509441668707e-07 0.0 0.0 0.0 0.0 0.0 0.0 0.0 0.0 0.0 0.0 0.0 0.0 0.00010992115738640674 4.203574102970199e-06 1.6579158112323717e-06 0.0 8.744869690102238e-08 0.0 0.0 0.0 0.0 0.0 9.905275630116814e-08 0.0 0.0 0.0 0.0 3.0847870250710044e-07 1.4237839748649746e-05 1.2625429815989164e-06 2.769665010638568e-07 7.096334971926555e-08 2.4348048910907014e-07 8.277871503067241e-08 0.0 8.606727256457293e-08 7.353295172555307e-06 1.0185683675021155e-05 7.776772002359258e-05 0.0003732998066122462 2.923337633773198e-05 2.467719233486742e-05 1.0534052478736454e-07 0.0 4.843109139287259e-07 2.0673777394600184e-05 1.2360959319577345e-06 4.671992301707245e-07 3.884353889077582e-07 3.093299933128573e-07 0.0 1.4761110946267304e-07 5.758123624516265e-07 4.6896180181145635e-07 0.0 0.00010149343876816581 3.865868432533142e-05 2.878613695455131e-05 9.365251275480411e-06 3.6545586128138383e-07 1.3336952792394145e-06 8.573407007601498e-06 0.0 7.725689988559217e-07 1.919148449450497e-05 7.326872665305479e-07 1.475244775586796e-06 2.772928746445907e-06 1.2148487798361336e-06 0.0 4.648488981459394e-07 9.90810250241933e-08 3.6701636183282317e-07 7.382418359634195e-08 7.055600077249532e-08 0.0 1.726163927758253e-07 2.995176268075226e-06 4.2993013121692555e-07 0.0 0.0 0.0003278787752382834 1.6595861016938685e-06 1.733539908000019e-06 3.3195800774846985e-06 1.2995564050370543e-06 1.021129427772952e-06 9.228549384675285e-06 1.369592624441656e-06 9.010937011815908e-06 8.523677847732852e-05 6.998901097235247e-06 0.0 1.897471287592731e-05 6.538417549155485e-06 1.0800533585280088e-05 2.240212052246154e-06 0.0 0.0 0.0 0.0 0.0 0.0 0.0 0.0 0.0 0.0 0.0 0.0 0.0 0.0 0.0 0.0 0.0 0.0 0.0 7.756862512803116e-07 0.0 0.0 0.0 0.0 1.3620540264153417e-06 0.0 9.62704010920411e-07 0.0 1.2733179238220975e-07 0.0 0.0 0.0 0.0 6.501078236503863e-07 0.0 0.0 0.0 0.0 0.0 0.0 0.0 0.0 0.0 1.7362280400915468e-07 1.7324728810266058e-07 0.0 0.0 0.0 0.0 0.0 8.169920736017681e-08 0.0 3.4143761451155077e-07 0.0 0.0 0.0 9.005490556281847e-08 0.0 0.0 0.0 0.0 2.1595488488912167e-06 4.224451823106131e-07 1.1063475380660516e-07 0.0 9.495033887935043e-08 5.02434383329454e-07 9.907713667810133e-08 1.238451124415135e-06 1.2272696265571738e-07 3.3035147052011023e-07 2.628376480415683e-07 0.0 0.0 0.0 2.1245254876870096e-07 0.0 0.0 0.0 8.975520123171015e-08 0.0 0.0 4.94336310402224e-06 2.0732884830709282e-07 2.62639211661999e-06
3.900518552178117e-05 0.0011527665201238773 0.0004350667379204585 4.9910685194176024e-05 0.0 1.5847614790509395e-06 0.001005870871727715 5.597093442738151e-05 0.001531166644879909 0.0001183696384878369 0.0006535532896923914 6.704259529054246e-05 0.00047456169953274805 0.0013509134857749494 1.1019849668265214e-05 5.249024951187373e-06 1.8788705639334795e-07 6.907123916928768e-08 0.0 0.0 1.2554881809790315e-07 0.0 0.0 0.0 0.0 0.0 6.557216512542319e-07 0.0 0.0 8.23066050093354e-08 0.0001225637689490107 3.4648329357694456e-05 2.3909708795483163e-05 0.0 0.0 0.0 7.538392413254799e-06 9.569955277880643e-07 4.6061499205512554e-07 8.924325242304257e-08 8.82667579904642e-08 8.015257300845063e-08 1.778334191303456e-07 1.295251380202345e-06 0.0 1.3960085393805816e-07 2.2664680818575326e-05 9.922252786038756e-07 1.0953384905919524e-07 7.32913405141341e-08 6.401585851279316e-08 0.0 0.0 1.2901260651832358e-06 3.53638753476951e-06 3.3920010988787233e-06 1.3360051853142623e-05 4.674157002637054e-05 1.1359559404568834e-05 2.0394078632068675e-05 1.0144198128427032e-06 1.99418303719569e-06 1.5444416820793508e-07 4.643577836654766e-05 5.679010251107831e-07 2.531363697963367e-07 1.7574914830424637e-07 2.2465281006287835e-07 3.3820695757951446e-07 4.574971474400946e-07 4.027240955809807e-05 8.632274137218069e-08 0.0 5.31369874132309e-05 3.5673141322965045e-05 6.695296861702654e-05 2.187342515467279e-05 9.27375970983716e-06 3.0791659012315318e-06 5.190006139759638e-05 0.0 3.7883103830360767e-06 8.435355218231475e-06 0.0 8.754395020686803e-07 1.5342942664003997e-06 4.7200490191159526e-07 7.786651042826666e-08 8.684746697325103e-08 0.0 1.4387072164351883e-07 6.566420998707256e-08 9.528148406410324e-07 7.693434649315951e-08 2.7772560566434915e-07 3.6299350851970516e-05 1.4407123164006932e-05 0.0 1.0349451907209765e-06 8.01132899305824e-06 4.184117578917597e-06 2.8634473372801965e-07 6.457284677168926e-06 0.0 4.8098028627785526e-06 1.0978992692928997e-05 9.003774320765382e-08 1.3867192727454075e-05 5.016299420660721e-06 7.3772704687435955e-06 1.5095596756636773e-06 3.928174170177165e-05 1.3519045051075946e-05 2.29230951489084e-05 2.705073232761179e-05 9.750845048773382e-07 5.46629285904195e-07 0.0 0.0 8.32403946753517e-08 0.0 0.0 0.0 0.0 0.0 0.0 0.0 6.993102735206452e-08 0.0 0.0 0.0 0.0 0.0 0.0 8.129528965536459e-06 4.7634398106015274e-06 0.0 0.0 0.0 1.4680886293601845e-05 1.2928716453535913e-06 1.0415920524381326e-05 1.7709667810658646e-06 4.259121624151174e-07 0.0 0.0 0.0 0.0 8.94807823236081e-08 1.4681814943500036e-07 0.0 3.5341727361875297e-07 6.12359938563785e-07 0.0 0.0 0.0 1.6535396229601346e-07 0.0 0.0 0.0 0.0 0.0 1.9278624956177636e-07 0.0 8.263720213841062e-07 7.490337785273446e-07 1.0035947489445237e-05 1.1080829583245894e-06 0.0 0.0 0.0 0.0 0.0 0.0 0.0 0.0 1.5826626084908717e-05 4.4643170330488976e-06 0.0 0.0 0.0 5.809355545231565e-07 8.042861764746183e-07 3.4329156619613758e-06 2.870024340613914e-07 1.585793063973192e-06 1.3640060040870468e-06 4.684774122143863e-07 1.162582810462049e-06 0.0 7.46644797683214e-08 7.924035919388166e-08 0.0 0.0 0.0 0.0 0.0 1.965115531679776e-05 2.9099226263437e-06 4.237375238559562e-06
3.734847767330794e-05 0.0001610817707227456 7.156389767806064e-06 0.0005317180035904449 1.5847614790509395e-06 0.0 7.100930575769805e-05 2.0142047848677832e-07 7.907514917860486e-07 0.0006701443077966193 1.0530767496693214e-06 0.00011364842662418458 8.152296933056531e-05 5.195822789864484e-06 2.261616112540658e-07 1.1008398299076329e-07 0.0 0.0 0.0 0.0 0.0 4.70511111077132e-06 0.0 0.0 0.0 0.0 3.259857517314593e-07 0.0 6.498526285912823e-07 0.0 9.766742836692441e-06 1.0514735890449534e-07 1.6137657084382517e-06 0.0 0.0 0.0 5.7173566677440966e-06 0.0 9.611243982540565e-07 0.0 0.0 3.367455092927463e-07 0.0 0.0 0.0 0.0 1.8590412838062366e-07 0.0 0.0 0.0 5.756810860773883e-07 1.5332065786776798e-05 7.194945741715191e-06 2.9199294079189526e-06 0.0 1.4525405439810762e-06 3.6380070754785915e-05 2.487349385600442e-06 2.3581120131245365e-06 0.0 5.54462945710465e-07 4.872429950438932e-07 0.0 9.161906540547946e-08 7.704320342362307e-08 0.0 2.2895138225428832e-07 0.0 0.0 0.0 9.756113158833361e-05 8.688340064879044e-05 1.1263540658800149e-05 0.0 0.0 1.6050065272881147e-07 1.0510217364128824e-07 0.0 0.0 1.6449237128380575e-06 0.0 9.191739484869518e-07 0.0 6.511284245535994e-06 0.0 2.9600042279133376e-06 3.445866496958801e-07 6.157716818069663e-06 4.501373077453035e-06 1.600485733324195e-05 2.844947217872031e-06 9.950101439191795e-06 1.0379885142892817e-07 8.846437088984096e-08 3.6740237794977685e-06 3.3014406809490946e-05 4.285097887819904e-05 2.308170546765916e-05 2.697950187756686e-06 0.00020048300570783392 3.387071463759353e-07 0.0 3.186233024871573e-07 9.648000194119399e-07 0.0 5.743134240279547e-06 1.460156797195148e-06 3.1593299716771338e-06 1.8368019140318827e-05 2.210154343643005e-06 0.0 7.606016338498832e-06 4.997704304935101e-06 3.8323449583749725e-06 1.2894912647501965e-06 0.0 0.0 0.0 0.0 0.0 0.0 0.0 0.0 0.0 0.0 0.0 0.0 1.945676539822153e-07 0.0 7.343342716091259e-08 0.0 3.7742212905872606e-07 8.220341299688528e-08 7.547307698092437e-08 0.0 0.0 0.0 0.0 0.0 2.1281610912830293e-07 0.0 0.0 3.177410725137892e-07 1.1081947259279177e-07 0.0 0.0 1.9361124933777898e-07 0.0 0.0 0.0 0.0 0.0 0.0 0.0 7.493214993780401e-08 1.9413798056564105e-07 1.7397478871774718e-07 2.0731004346090656e-07 1.5794803731997594e-07 0.0 7.098756808177822e-08 0.0 0.0 0.0 8.055304472240583e-08 0.0 0.0 0.0 0.0 0.0 0.0 0.0 0.0 0.0 0.0 9.576901450624936e-08 7.738746618973226e-07 9.276085477123774e-07 1.0768841542243382e-07 0.0 9.165316106093846e-08 0.0 0.0 0.0 0.0 6.744204450355638e-08 7.760370069139906e-08 0.0 0.0 0.0 6.404200987494352e-08 6.077916235356509e-08 1.5756637603891117e-07 0.0 8.075748457426018e-08 8.538249347616105e-08 0.0 1.7105205639331308e-06 0.0 2.6988123614621373e-07
0.0003242661116327846 0.0019195747167094145 4.081977184193424e-05 0.00033925189897617973 0.001005870871727715 7.100930575769805e-05 0.0 6.287019694651787e-06 0.0006957863038101898 0.0006434069127214103 0.0002590828558945965 0.0003889580098521191 0.0027856722932662306 0.00036980535129782814 8.749052628691041e-06 2.9824691921535e-06 0.0 0.0 0.0 0.0 1.2773349875778323e-07 1.1198151823047585e-07 9.114809507179011e-08 0.0 0.0 0.0 1.1211238118860665e-07 0.0 0.0 0.0 0.0001265060862456806 2.7665645501708566e-05 5.3449535107908855e-06 0.0 0.0 1.0072165008662612e-07 5.7373226489353125e-06 8.919337432834522e-08 7.738166719081919e-07 2.1431087651865245e-07 0.0 0.0 7.949854872641292e-08 5.73209701346969e-07 0.0 0.0 4.026807118063956e-05 3.414525662078813e-06 4.2109808268449305e-07 3.8561981292104286e-07 0.0 2.4878096406355615e-07 0.0 1.9013122986577644e-07 9.41055704948277e-06 9.387058282398811e-06 4.724404875695758e-05 0.0001890789775851463 3.17706744116235e-05 4.0329337984052e-05 1.1619261939492831e-07 1.6930013077601928e-07 0.0 5.568310636783325e-05 9.308756411289139e-07 4.711435941452882e-07 2.5151125342463863e-07 6.011271268281587e-07 1.9650829623118922e-07 1.465211155484782e-07 1.3854947051841827e-05 1.8371559848158062e-06 0.0 0.00014166631304073812 7.116386009012522e-05 8.760468571471535e-05 2.2949681681792225e-05 4.81416159818701e-06 1.656359277240883e-06 5.865243950339977e-06 2.6241253337558453e-07 1.0083642333678998e-06 2.7008998865434067e-05 3.5342325697890317e-07 2.1770162939698195e-06 3.3238613755868607e-06 1.9460205634773245e-06 1.705084119772916e-07 5.227322426810084e-07 0.0 1.8562305012116858e-07 0.0 1.9599192275283077e-07 0.0 1.7856195328570087e-07 2.6004819431027458e-05 5.503495995779789e-06 5.692921814858708e-07 0.0 4.533179246240891e-05 2.9502746753583763e-06 3.7289662382719225e-06 2.4088956086527694e-05 2.206587668802852e-05 2.85942651925927e-06 8.782738794378255e-05 7.488504173102677e-06 0.00010952902556586805 4.791626590643502e-05 1.228604435992823e-05 0.0 4.197776356596202e-05 1.7990684649888184e-05 2.3982271713576028e-05 2.7679542171306166e-05 8.13625190475612e-08 4.552434989174189e-07 3.239856669502744e-07 0.0 0.0 0.0 0.0 2.0275112526916139e-07 0.0 0.0 1.0150029139154904e-07 0.0 0.0 0.0 0.0 0.0 0.0 1.2445924318651993e-07 1.4060111979681677e-07 8.370971313235637e-06 7.676243466757822e-07 0.0 0.0 0.0 1.0471709698450534e-05 3.058946406579162e-06 6.908338108863037e-06 3.675646744988367e-07 9.87930527718108e-08 0.0 0.0 0.0 0.0 8.807916763834184e-08 0.0 0.0 2.183766228143956e-07 1.9792139718019842e-07 1.7982414059536642e-07 0.0 0.0 0.0 0.0 1.308650922517401e-07 3.1280580599663086e-07 7.460782500148379e-08 8.540042120979498e-08 1.1977304423134832e-06 5.617384323178875e-07 3.8143258374344547e-07 7.1557952698568e-07 9.343286041926924e-06 1.980130347711149e-06 1.9316505603701776e-07 4.513015539857544e-07 0.0 0.0 0.0 0.0 0.0 0.0 4.815377991282716e-06 2.661652633415584e-06 1.2336267372153445e-07 8.914883712282017e-08 0.0 1.5003354572596646e-06 0.0 3.693410363601052e-06 9.489983283910604e-07 4.3676639114366843e-07 1.0089720667799823e-06 4.6626789306783234e-07 6.924883825969894e-07 8.776359706743281e-08 9.081804935041498e-08 0.0 8.744485324856361e-08 0.0 0.0 0.0 0.0 1.5793437967192894e-05 2.491853319449892e-06 2.4780455007951764e-06
1.2716469718948284e-05 8.888846862482737e-05 0.0006507427053364513 1.8936338151461095e-06 5.597093442738151e-05 2.0142047848677832e-07 6.287019694651787e-06 0.0 2.350914182822211e-05 2.0719748589761062e-06 0.0010108186506129816 1.974664383406178e-06 3.406546711092261e-05 0.000246104588816614 1.994046757927881e-05 2.124179809808738e-05 1.057939539873475e-06 1.3333049418067964e-06 0.0 1.7341408083122456e-06 9.380703417595711e-06 3.8582419131915154e-07 1.3700407797929171e-05 4.7305206200636195e-06 9.742920420663357e-08 1.978777058016825e-06 8.550581136686202e-06 7.412627624347666e-07 1.4152175277454762e-07 1.5304395355073009e-06 0.0007125983835128358 0.0012053213258347035 0.00014419683942582957 7.500751122483477e-07 1.4953398152307017e-06 7.312084139843252e-06 2.760147158974852e-05 1.604294516368969e-05 5.673184313107326e-06 7.309500585266805e-07 1.782007267158926e-05 4.331398452710953e-06 1.1092572852140174e-05 5.2592359714931304e-06 0.0 1.0191284044254695e-06 3.3409431134932495e-05 2.1514858045990393e-06 1.5863523936197994e-06 1.4946991498756392e-05 6.476711831917784e-06 9.447125609255736e-07 1.6249616535131578e-06 3.3502024733837395e-06 2.282523609809737e-06 2.657482231390902e-06 1.5092902283636036e-05 7.802279553281448e-05 9.611837223481396e-06 2.2721661603120608e-05 2.109647214615882e-05 3.4760512734719475e-05 3.935192170618109e-06 0.00030713362848023944 2.397980465854133e-07 1.6773393066900088e-06 7.049040113363488e-07 7.358504137295731e-06 2.388601630384592e-05 3.47815507038774e-05 0.00011376173956574931 1.2708197201183815e-05 1.0659146606156577e-07 5.7083933165799165e-05 7.98614766040641e-05 0.00010995975348402509 0.00011350396336552493 0.00012744480797144582 0.0013068497113982926 0.0025239576110008422 3.95142392053815e-06 0.0007585082291535596 6.615165132128737e-06 9.788659884922579e-08 9.9150550998734e-07 1.2620430888978157e-06 7.705544780311999e-06 7.224589497887258e-08 7.885204973487226e-08 1.8990074479915068e-07 9.895260624913042e-07 9.007628532094991e-07 6.502760648996036e-05 6.396910327398445e-06 8.364754898134915e-06 2.060662254021043e-05 3.585755545500067e-05 0.0 5.7027752637517185e-06 7.335783642794216e-06 1.5630118978645515e-06 1.0507971062122112e-06 4.291013157219849e-06 0.0 1.1437897410480983e-06 6.376323601921843e-06 9.802050097441698e-08 8.288682172263494e-06 2.0208650300934137e-06 2.2484363064734327e-06 1.4061369993723335e-06 2.403229273292581e-05 4.672270156438402e-06 1.628579537200938e-05 3.108048023143465e-05 2.474140606885469e-06 1.760536063619204e-06 7.956639924837753e-08 2.1423364033370724e-07 1.5147223154532475e-07 0.0 0.0 1.7183604752613503e-07 0.0 0.0 4.1156691958078653e-07 0.0 8.514621946668969e-07 1.7866763696820424e-07 4.003589854387632e-07 1.4793013820345422e-07 4.48733681287871e-07 1.9591572569485842e-07 2.6572405785026694e-07 1.2125388212462671e-05 3.5963961174322483e-06 0.0 1.0372817459333153e-06 2.3266909364127676e-07 2.1086188940048666e-05 5.171168982869847e-06 1.2752219273478805e-05 8.30721172242915e-06 1.8678243425299323e-06 9.865450250876253e-08 1.4451242724289433e-07 3.746387883549861e-07 0.0 1.188967981768008e-06 8.88290240087757e-07 9.097915872484185e-08 7.99195906850675e-07 2.0240310991387112e-06 0.0 1.9261058682302524e-07 1.76789627259514e-07 1.2929829995408121e-06 4.152194955840298e-07 0.0 0.0 0.0 0.0 2.002606518879847e-06 0.0 2.386568365608759e-06 4.521004241877528e-06 2.1434095723330336e-05 3.456451569454564e-06 0.0 1.5537667851869976e-07 0.0 0.0 0.0 0.0 8.841778336389102e-08 1.8942388607928183e-07 1.0795249121819711e-05 1.66941755573262e-06 2.5525824472810434e-07 0.0 1.821447904609751e-07 2.5793342739807063e-06 8.489055959379984e-07 7.975193307883327e-06 4.002373796494176e-07 1.8163676295995404e-06 1.0267035339102545e-06 7.601407665119878e-08 3.001253618936122e-07 0.0 0.0 0.0 0.0 7.492244024598232e-08 2.466573460800921e-07 8.013126531880277e-08 9.505505606203495e-08 7.938628854337917e-06 1.1141177636399916e-05 9.790101282528135e-06
9.380705685797597e-06 0.0018865792138318953 0.00014230654258818229 6.95230763261875e-06 0.001531166644879909 7.907514917860486e-07 0.0006957863038101898 2.350914182822211e-05 0.0 0.00012168572496457182 0.0006692099163420048 0.00010000595533945392 0.0012612047955760366 0.000996412297922518 8.894603819771027e-06 4.648071246829599e-06 6.767827158471285e-07 0.0 0.0 0.0 0.0 2.149904096918627e-07 0.0 0.0 0.0 3.734708152241933e-07 4.083857049805235e-07 0.0 0.0 0.0 3.9191560128865516e-05 2.3893338238311684e-05 2.342338969605223e-05 0.0 4.3520282349164794e-07 0.0 7.196367854018002e-06 1.2355677314266802e-06 0.0 0.0 4.341925239122266e-07 8.127124906177811e-08 0.0 3.0152051834887497e-07 1.5496481551497216e-07 4.066600614542573e-07 1.6548213978132384e-05 1.6961717232613236e-06 1.9848604536916168e-07 0.0 7.566300257538366e-08 2.591129923813149e-07 0.0 3.652018170833357e-07 1.6166808730132373e-06 1.6382540707760381e-06 7.375754667412102e-06 2.1054355458422874e-05 6.279267137029738e-06 1.7759568542681257e-05 5.288654158898229e-07 1.3435439123934428e-07 0.0 2.518525775843622e-05 7.367884213572265e-07 6.644186244536006e-08 8.121581778315049e-08 0.0 3.157406748771716e-07 0.0 3.7898623711263947e-05 4.6085423148716247e-07 0.0 3.5624923764343715e-05 1.9306836504872485e-05 4.508078037541383e-05 1.396301207257806e-05 6.983081618148337e-06 7.803321041754158e-07 5.348224735575145e-05 9.755734085313658e-08 2.8146222245819864e-06 5.738039775040783e-06 0.0 2.930853436929219e-07 4.6175240032748537e-07 3.823998824609845e-07 7.049017822413908e-08 2.6369057016493834e-07 0.0 1.3584572839334252e-07 0.0 2.6736244264433357e-07 0.0 6.331249245965699e-08 2.6744509681496857e-05 7.3789327422846295e-06 0.0 9.399281130737882e-08 1.8613478831108946e-06 1.0232967561297262e-06 0.0 1.749870626384169e-06 5.408498125221486e-07 3.3578372576954935e-06 1.6078540815694146e-05 1.8047853024785585e-06 2.2610854527424334e-05 1.4277730754904015e-06 5.320419337479027e-06 8.987353209508001e-07 3.4524342185422355e-05 1.1072667028579303e-05 1.7430787785207782e-05 2.6430021623905126e-05 1.0488258823446927e-06 1.3947627713944278e-06 0.0 0.0 0.0 0.0 0.0 0.0 0.0 0.0 0.0 0.0 0.0 0.0 0.0 0.0 7.329036284090695e-08 0.0 0.0 5.95187807225495e-06 1.8728350239664815e-06 0.0 0.0 0.0 1.2368897065268733e-05 3.031949038645175e-06 6.595667501106961e-06 2.0474827870667604e-06 0.0 0.0 0.0 0.0 0.0 0.0 7.581107816901645e-07 0.0 0.0 1.014207752726381e-06 0.0 0.0 0.0 3.055222689485207e-07 0.0 0.0 1.2333779277590895e-06 0.0 0.0 4.810914415784082e-07 0.0 0.0 4.91817488966823e-07 1.477570651255472e-05 9.574179831828698e-07 0.0 0.0 0.0 0.0 0.0 0.0 0.0 0.0 1.2658861173217203e-05 1.5195178193925555e-06 3.4545023125077824e-07 0.0 0.0 1.7933416541148206e-06 1.0803772968644013e-07 4.510672733123256e-06 3.4296897481411666e-07 1.969326309932728e-06 4.643397091691245e-07 2.463477644560374e-07 1.613090488200649e-07 0.0 8.807860896792632e-08 0.0 0.0 0.0 0.0 0.0 0.0 1.855872728677589e-05 4.5610167868806955e-06 3.424142284995981e-06
0.0009599239687576455 0.0008680471884995397 1.1092556276388945e-05 0.0014589918531362413 0.0001183696384878369 0.0006701443077966193 0.0006434069127214103 2.0719748589761062e-06 0.00012168572496457182 0.0 0.00014336870981614483 0.0016279587236739412 0.004893336256929955 0.00013473887687869465 1.0771676386772731e-05 1.186805809939169e-05 2.3141218409102657e-06 4.4128524149321267e-07 0.0 2.3836455416623765e-07 3.644994845704682e-07 8.773182805078621e-06 0.0 0.0 0.0 5.725973985715621e-07 2.300604402377423e-06 1.6743542077524084e-06 3.1058742857196845e-06 8.219380833510165e-07 5.256395526851539e-05 6.097450682758667e-06 4.0922020785202815e-05 2.875539311487734e-07 3.305711732477166e-07 5.185225270191864e-07 5.1053611057573905e-05 9.161603852916819e-07 1.9486910639305385e-06 1.0633256031356177e-06 1.9438685706234563e-06 1.0510532454243178e-07 3.5523865090742224e-07 1.4961748543140705e-06 2.1377065340025565e-07 1.6366055293538175e-06 1.4164545687410687e-05 1.2932721673478833e-06 3.290850205551743e-07 3.750756797933288e-07 5.237876437230744e-07 6.821870979121966e-06 2.976945466914269e-06 9.281651476953347e-06 5.533560441948148e-06 5.883199259945634e-06 5.7592957038746124e-05 0.00018755217957514144 1.4880399398662892e-05 1.6802346306438573e-05 3.0629886384371162e-06 1.162530720032506e-06 1.2671036093221334e-06 2.2009196490513603e-05 6.085040456362226e-07 2.6527778633564773e-07 2.7536010573778275e-07 5.161536527233103e-07 4.99456156037965e-07 1.4205175222434044e-07 0.00019027060580459196 1.002880110598413e-05 6.16322962130227e-07 6.32659624655864e-05 2.79006865367463e-05 3.113696039700729e-05 1.2516373579854904e-05 4.319124960898711e-06 1.6631946712284817e-06 4.041686059304901e-06 1.3970421243429211e-06 9.601935499877782e-06 1.0126100877428897e-05 4.101019907773297e-07 6.227315095735541e-07 1.0773208054344024e-06 8.312548678561769e-07 5.908176967287076e-07 4.2181292941466813e-07 7.818972361045998e-07 2.477639492657403e-07 1.3406545695650626e-06 2.62311201735618e-07 1.1444299773442812e-06 2.061855734366997e-06 0.00028487525362104894 8.737885690342777e-05 1.4180004550331087e-06 7.328266994928527e-07 0.0004980039672328776 1.5840439507027699e-06 5.293822988756002e-06 3.622068989545127e-05 1.5424685933699844e-05 6.060714404540259e-06 9.244695636233607e-05 2.630258679035148e-05 8.721678620805686e-05 5.65047807084678e-05 4.223230086886571e-05 8.313281374811715e-07 0.00021545150354826452 8.51699773395256e-05 9.671079109771366e-05 3.787746741012532e-05 1.0689699564909673e-06 2.477227417358918e-07 0.0 2.2236929501978916e-07 1.7726854747321613e-07 0.0 0.0 0.0 0.0 0.0 0.0 0.0 4.5476606476702206e-07 7.885881523360419e-08 3.2932138283457126e-07 0.0 7.26054027432804e-07 1.0798600797937152e-07 0.0 1.0205497882220587e-05 4.332897225768183e-06 1.7905796881411775e-07 7.421003490552308e-08 1.9331345565949164e-07 9.734247397664702e-06 3.172583857441456e-06 1.3253348211648323e-05 3.2595130299629765e-06 5.138778696787718e-07 3.563644611819559e-07 0.0 8.629828836809346e-08 0.0 0.0 4.1479873854728716e-07 0.0 0.0 2.404824681247592e-07 0.0 0.0 5.951826445521852e-07 1.1540427007419494e-06 1.2131669975241894e-07 1.9194110971729443e-07 2.049545213879613e-07 0.0 7.457148796031772e-07 2.3231951680217522e-07 2.2479228213211221e-07 1.7251167335845908e-06 1.2033755889808232e-06 1.3090257289124672e-05 4.834599896107617e-06 8.385792101914359e-08 1.0244412036493214e-07 0.0 0.0 0.0 0.0 0.0 0.0 2.1200346244906014e-05 9.577034620891882e-06 8.27046548870394e-07 2.851088765550374e-07 0.0 4.933466391692252e-06 3.1221056110502094e-06 1.303422214364492e-07 2.737752750897476e-07 2.2952122496077503e-06 6.941258120646454e-07 7.484307552675395e-08 1.76519169324658e-07 0.0 3.33271797209735e-07 6.877297620785135e-08 2.4784188378870496e-07 2.324439215303026e-07 0.0 0.0 0.0 6.428988844103172e-05 4.094619623065415e-06 5.221141990084116e-06
5.530479231028274e-05 0.0008945358139516944 0.0012966575254867996 1.0313118028118249e-05 0.0006535532896923914 1.0530767496693214e-06 0.0002590828558945965 0.0010108186506129816 0.0006692099163420048 0.00014336870981614483 0.0 9.009686875027108e-05 0.0014905588965949052 0.0031871040340446196 5.28768177851459e-05 4.98679940200651e-05 2.444219671973447e-06 5.4554864971946e-07 0.0 1.145726913953792e-06 1.3194631448174092e-06 2.1187209746969398e-06 2.9440578133213178e-06 2.435695981576859e-06 1.3997353347485257e-06 1.0916282151081943e-06 8.286353728945588e-06 6.119137731965447e-07 2.349874736289871e-06 2.209463201298561e-06 0.0002624648082501651 9.732589826452555e-05 0.00042379376733522065 0.0 7.961241637183326e-07 3.835234267683128e-06 7.482410922481755e-05 1.1283166744910563e-05 8.695450392310192e-06 6.58636117491198e-07 4.739256845446383e-06 1.6929391891966915e-06 1.0626704000590037e-06 5.727705713162712e-06 0.0 9.480217557446238e-07 6.939948893287802e-05 2.4626635891378115e-06 7.199027086088935e-07 3.7349922752551524e-06 1.5095202893993838e-06 2.179081698495987e-06 4.159908630001427e-07 3.2228873405533204e-06 4.555819978808512e-06 5.033507944348548e-06 1.6240975730655788e-05 6.905115304602361e-05 1.3513176559149893e-05 4.357166183708365e-05 7.603747868450034e-06 1.902065823258147e-05 3.970710223301848e-06 0.0001444325657371724 7.098573676015615e-07 6.677507359330949e-07 3.961449177344044e-07 2.3976478223153256e-06 6.618548747433838e-06 5.852683536575732e-06 0.0001760213276590804 4.17920746932925e-06 9.09885723213433e-08 8.24702393896792e-05 7.197048092233276e-05 0.0002220213537665429 0.00010577867341291675 7.541352499400555e-05 3.2212261536262444e-05 0.0009077975985279665 2.7321357109387414e-06 7.10867401197998e-05 1.3057650680270946e-05 2.5524735624170583e-07 8.832194457144987e-07 2.088930791008965e-06 2.772557493194683e-06 8.873549364249145e-08 5.708639057259579e-07 3.1940551928273957e-07 3.373352808902954e-07 1.651959926493218e-07 1.5548871305475267e-05 2.703777427459259e-06 4.333182387908376e-06 7.557880235141423e-05 3.2181298854213304e-05 0.0 3.214412226549362e-06 7.5119649338382755e-06 4.221703293155982e-06 9.71270640725135e-07 2.007885926931634e-05 4.858168435539775e-07 1.0656365131412026e-05 3.3027764384484386e-05 2.882241568728611e-06 6.48968595565015e-05 8.360941793774475e-06 1.0492279680574778e-05 3.153413707843848e-06 0.00010854153222009691 3.2686790695472576e-05 6.23182538781299e-05 9.46034957039792e-05 3.1779033998172236e-06 2.806042862678492e-06 0.0 1.5946709569999214e-07 0.0 2.426899592977049e-07 0.0 0.0 0.0 0.0 1.8870746948523919e-07 0.0 3.051748597506313e-07 0.0 6.824069179605901e-08 0.0 5.019359711049545e-07 8.921484961911773e-08 2.1199957320909544e-07 2.384300001707338e-05 1.1010891438432733e-05 1.3563296435229697e-07 6.806948724722376e-08 9.597812484277747e-08 4.079553803218457e-05 6.6190608638436294e-06 2.4263755707420318e-05 6.735747481966775e-06 1.3862196783743091e-06 0.0 1.9813007175380242e-07 7.99521723437004e-08 1.333974223377882e-07 4.2116190519276175e-07 1.2459270731410537e-06 0.0 5.189823183578612e-07 2.859282443745812e-06 6.474112444621762e-08 3.5229318404909905e-07 4.241447303417705e-07 6.338638835418787e-07 3.502400926188899e-07 2.259984683193264e-07 1.3608716340011248e-07 0.0 8.080295475937916e-08 1.8983942792769563e-06 0.0 2.4295923285128006e-06 3.5029529763599927e-06 4.07862534829624e-05 8.445448046224125e-06 0.0 9.267104738460249e-08 0.0 0.0 0.0 9.118514609374722e-08 6.941189404185346e-08 0.0 4.9696214297690256e-05 7.602194803801825e-06 7.543346892447546e-07 0.0 2.199482800140329e-07 7.361051601763336e-06 1.2134289357352093e-06 1.1236146981246802e-05 1.8456113051269433e-06 4.884189538096054e-06 4.411121475210322e-06 7.236487278258361e-07 5.559033768162013e-07 0.0 0.0 7.670155970442183e-08 7.031918597006174e-08 0.0 0.0 7.000041421767176e-08 0.0 4.682202400765487e-05 1.4564676361010738e-05 1.2805636858113917e-05
