0.0 0.0012174034842341176 0.0007841612846829089 0.0002586986928102897 1.4881853453563745e-05 4.437690746544009e-05 0.00027431620566053464 2.640169125882099e-05 1.9671716267891156e-06 0.00039461633651693165 3.8714823526184036e-05 4.4308399265006016e-05 0.00012030354050028598 5.075558744326463e-05 4.186812024505986e-06 5.102461843812107e-06 3.888120938735278e-07 0.0 0.0 0.0 4.6243743434300775e-07 1.0706036494073248e-07 3.01299090876332e-07 2.866860468256264e-07 5.47009412727153e-07 0.0 0.0 0.0 1.8163900374694715e-07 0.0 0.000552121690295929 2.0236823129625475e-06 2.516740730221318e-05 3.0381234519436664e-07 4.945926309497046e-07 3.4387451324198697e-07 3.198355719447673e-06 1.311618247555687e-06 1.503572816424904e-06 2.0437608379600357e-07 8.725208347128882e-07 0.0 1.1252231428933128e-07 2.610710931626814e-07 2.7652260274479936e-07 5.391782370585314e-07 1.531997298775783e-05 5.147044510970588e-07 8.080675064995453e-08 8.901767076450628e-07 7.71546797907239e-08 4.563089116249464e-07 0.0 1.0475979347233712e-07 4.4539149707803195e-06 3.6594971592703393e-06 0.00012800273490407358 0.0002608617265468878 3.1645626793319713e-05 2.5567680695213467e-05 4.320872681720511e-07 1.4962651673971044e-06 0.0 3.729928229904591e-05 3.677432009027966e-07 1.232230130666446e-07 6.628995212241028e-07 2.076107897017725e-07 1.6681780477324212e-06 1.058013069540243e-06 3.3427555107089103e-05 3.0827674192912574e-06 0.0 0.00020273543136456037 4.827222634534431e-05 2.1128243596199034e-05 3.698009640660678e-06 1.2542407021900658e-06 4.420267185735121e-06 2.3300354093915377e-05 1.9085169010431352e-07 2.1057564264413763e-05 4.068074986384737e-06 3.29316838044239e-07 1.528837694952879e-07 2.152832513646386e-06 1.3916815943590445e-07 1.4860161197080285e-07 4.3781457801912877e-07 2.3301486760520805e-07 2.1530345579815514e-07 1.0510456878114672e-07 3.5259307217752565e-07 1.2317580040811724e-07 4.2535984080901397e-07 0.00037457349095471363 6.49627215488242e-05 9.894735607838913e-08 2.8781356613884926e-06 0.000909157851376151 0.0 2.092769933529472e-06 1.7971136904677231e-06 8.655427464608695e-07 1.6084722707607723e-07 1.267550824541599e-06 3.7506679215744602e-06 1.0919161303551308e-06 5.742475394362206e-06 2.7000492608193264e-06 5.148015530449241e-07 3.936727913030896e-06 8.54945336486232e-06 3.6647349760073743e-06 3.3045976328659578e-06 0.0 0.0 0.0 0.0 0.0 0.0 0.0 0.0 0.0 0.0 0.0 0.0 0.0 0.0 0.0 0.0 0.0 0.0 0.0 2.5049153743283747e-07 4.958188921936633e-07 0.0 0.0 0.0 5.512442361488815e-07 0.0 1.127713109065964e-06 9.060149490882798e-08 9.147084127883053e-08 0.0 1.8834245316137937e-07 0.0 0.0 0.0 0.0 0.0 0.0 3.019733880987689e-07 0.0 0.0 0.0 0.0 1.245291263201591e-07 0.0 0.0 1.2936761985841555e-07 8.311096058745544e-08 1.0034665591782093e-07 6.509321688522127e-07 0.0 0.0 2.663237183232425e-06 0.0 0.0 0.0 0.0 0.0 6.63120175672944e-08 0.0 0.0 0.0 2.39572870067255e-06 0.0 0.0 0.0 0.0 1.5364307573502755e-06 0.0 4.99322961399704e-07 0.0 0.0 4.877598580045268e-07 0.0 0.0 0.0 8.32131874817912e-08 0.0 0.0 7.078466279409787e-08 0.0 0.0 0.0 2.0327796078711375e-06 1.1033951409082703e-06 3.576066688631509e-07
0.0012174034842341176 0.0 0.0008690874328156542 0.00022265232692726593 0.0009411755463685639 0.00010585483736966759 0.0019446874934620378 0.00016062547870619742 0.0009542011159188813 0.0007013158967667163 0.00022603523832307674 0.0002729145453436251 0.0009419929255676149 0.0007748208373642583 1.1763976060708233e-05 5.949319404632153e-06 8.146749032442518e-07 2.2504722748516654e-07 0.0 0.0 4.301609975334582e-07 2.769158585898886e-07 8.497471173687794e-07 4.21015761300966e-07 5.798556610021413e-07 6.379781112650313e-08 3.2828571824546e-07 3.136934508734787e-07 0.0 0.0 0.000868581026308692 9.73493361238104e-06 2.2969831892750127e-05 4.95188630648719e-07 6.036715544276515e-07 5.022769222520446e-07 3.411276045990452e-06 8.801074751394469e-07 3.545591036567448e-07 5.502546259876285e-07 1.3142374595347769e-06 6.324912707072243e-07 1.9943134113054154e-07 1.6879518400123385e-06 7.766220008214313e-08 3.886277075292822e-07 7.841122920600344e-05 3.4179166893073326e-06 3.4135095073778145e-07 8.261506153721275e-07 4.6754208991165544e-07 3.684036146209563e-07 1.9720656057667903e-07 1.7681508351618955e-07 3.053329893386444e-05 3.0960778229076256e-05 0.00018343484245760393 0.000544588135478522 7.16221525065556e-05 0.00014329888642654467 1.2712446916467366e-06 4.3384156406661845e-06 1.6444971954319657e-07 0.00021349975274783964 4.350310748295033e-06 1.5990003689829226e-06 2.1269889970863977e-06 5.4537716342512e-07 1.0619843589846993e-06 4.155598501594409e-07 5.266204165293767e-06 2.9223011190421254e-06 1.0880936586690845e-07 0.0005822135045974536 0.0003458794030028946 0.00018494655708460456 5.229102716712728e-05 5.611588997831713e-06 5.428545685885323e-06 2.9663828010660464e-05 1.2742975421059956e-06 1.796843611132276e-05 3.595325004079889e-05 1.2146909364918773e-06 4.477897203937622e-07 1.2821266571089372e-05 7.75100809838078e-07 9.162005834586585e-07 3.707456000288251e-06 5.102002109395977e-07 1.4248779712044633e-06 5.974884741040833e-07 3.1626396371667667e-07 7.747013554795325e-07 6.213916033482821e-07 3.979504637464587e-05 5.5640113119558975e-06 0.0 2.314345109365173e-06 0.00034307188212811244 7.017497681623431e-07 1.6318189231158941e-06 1.959806379192312e-06 1.8658705649631905e-06 7.773364815104114e-07 5.407306052043935e-06 5.300127045806854e-06 1.4699121971535683e-06 7.937713964252266e-06 3.3353359639399183e-06 1.0164947366073297e-06 1.1287277017624855e-05 1.485379289001841e-05 7.414456404979699e-06 6.766813596794148e-06 1.0492312138724676e-07 0.0 1.6323738552343763e-07 0.0 0.0 0.0 0.0 0.0 0.0 0.0 0.0 0.0 0.0 0.0 0.0 0.0 0.0 0.0 0.0 1.593366580907835e-06 5.155685947962842e-07 0.0 0.0 0.0 8.107306764318213e-07 7.299633514364207e-07 3.611340990811124e-07 8.176655936892589e-07 8.714479380992788e-08 0.0 0.0 0.0 0.0 0.0 0.0 0.0 0.0 1.1766997568840828e-07 0.0 0.0 0.0 0.0 0.0 1.7933101446503486e-07 0.0 1.8472965250808916e-07 8.263186796119739e-08 2.4824737438000134e-07 7.039628803546683e-07 0.0 0.0 4.296625656423722e-06 1.2541508626071042e-07 0.0 0.0 0.0 0.0 0.0 0.0 0.0 0.0 4.497437760146557e-06 0.0 0.0 0.0 9.815269305154938e-08 2.839363959719902e-06 0.0 7.071490037110046e-07 3.3079935146948966e-07 0.0 0.0 0.0 0.0 0.0 2.6105946852106646e-07 8.910809036510646e-08 0.0 2.576409980655052e-07 6.290434690414369e-07 6.013710315369478e-08 0.0 3.894564254610854e-06 1.0765871385691565e-06 2.9671539170284063e-06
0.0007841612846829089 0.0008690874328156542 0.0 1.8090843140613694e-05 0.0008991684752860876 5.94190258841521e-05 5.113281444747973e-05 0.0015158117679339024 0.0009142575709461173 0.00017425222908209987 0.0009536288140889328 0.00013048449500757868 0.00024477692761116625 0.0006481598889844602 1.0808866354149035e-05 8.526496786513485e-06 1.8166091714365636e-07 2.3736224068075083e-07 6.13255903846163e-08 2.5954528244085143e-07 1.1275588457483192e-06 0.0 1.7002359577960246e-06 1.181010852139492e-06 3.4004733680650304e-06 6.164733403825457e-07 6.168627343011478e-07 3.5909558482816275e-07 0.0 2.357227435871217e-07 0.002158808030300614 0.00017174434158857805 9.403852486982613e-05 2.2575952800734534e-06 4.104537542622354e-06 1.836617506527368e-06 1.0195499877761107e-05 3.5347027307449313e-06 2.4868041924077803e-06 1.1460220702003956e-06 3.439599565438532e-06 1.0368898764257707e-06 9.952748447398333e-07 5.57191462063887e-07 9.339333305878898e-07 6.247757828112984e-07 2.3362764783629747e-05 6.177522695598056e-07 3.70149977778475e-07 1.832001343368315e-06 6.130922990384108e-07 8.631581938791274e-07 0.0 1.1446664611368452e-06 2.2181188861207523e-06 3.396864113583232e-06 4.345769487564532e-05 0.000393609347735064 1.181870924542379e-05 1.7851378292273614e-05 1.1597984266632036e-06 1.0438074577623849e-05 2.5833778675918217e-07 0.00023592424779179092 1.0632242365556315e-06 5.538394313172134e-07 1.1543327854100388e-06 1.3392549221635737e-06 3.647361266597225e-06 6.718254146054281e-06 1.5195943881333496e-05 1.2167149988815569e-06 0.0 8.45651357596441e-05 5.315734876457636e-05 2.7189261345172296e-05 1.3595681289041474e-05 2.0820969628985602e-06 5.7081949980691176e-05 0.00033038342456629197 1.278518938653749e-06 0.00014071325624456335 4.7393650651125e-06 1.569277505975488e-07 1.894091415459941e-07 1.5574172771292538e-06 1.1003958036341475e-06 0.0 1.168060374728186e-06 1.8879861711717243e-07 1.2929733231057136e-06 6.808558423214445e-08 1.5855618897967076e-06 1.0489314555105219e-06 5.336801264762584e-07 1.371219573746276e-05 3.360361548758761e-06 1.5065972732233862e-07 2.449133747009192e-06 8.905620900664654e-05 0.0 4.6761314450125103e-07 1.9414845886895121e-07 1.5283876712173122e-07 1.220462252869832e-06 1.1403771869805316e-06 1.1216107017149409e-06 8.490361537046754e-07 2.141260675982248e-06 2.3077326945449175e-07 3.2305512986894494e-06 7.920046758144628e-06 9.741412433691454e-06 7.79518028404471e-06 4.7473196086868694e-06 0.0 7.173403993956152e-07 0.0 1.540190107183775e-07 0.0 0.0 0.0 0.0 0.0 0.0 3.2520424095250396e-07 0.0 0.0 0.0 0.0 0.0 0.0 2.881769350449198e-07 0.0 1.356853458846278e-06 3.5174498340539486e-07 0.0 0.0 0.0 9.850104756468071e-07 1.1613899144241618e-06 3.507930044387657e-06 1.7480162612237667e-06 7.17200869691851e-07 0.0 8.153177755579524e-08 0.0 0.0 0.0 0.0 0.0 0.0 0.0 0.0 0.0 2.2673616209560115e-07 2.1380001996110521e-07 5.72099562155985e-07 0.0 0.0 9.28252747622423e-08 0.0 5.046624852497736e-07 9.671490024924377e-08 0.0 0.0 3.678244849827026e-06 8.968114973500989e-07 0.0 0.0 0.0 1.4635967377624492e-07 0.0 0.0 0.0 0.0 4.422797500538467e-06 4.625123994367822e-07 0.0 0.0 7.720833870893493e-07 1.288209877243307e-06 0.0 2.4938385433422834e-06 8.706805368730008e-07 0.0 0.0 0.0 0.0 0.0 0.0 0.0 0.0 7.647025897734437e-08 0.0 0.0 1.0431658032914143e-07 1.1581948139104064e-06 3.2289602967054077e-06 4.380922490762287e-06
0.0002586986928102897 0.00022265232692726593 1.8090843140613694e-05 0.0 5.487188106902006e-06 0.0001766202906936718 0.0006626574357355994 7.104257633244462e-07 1.666211239010136e-06 0.0015528824792234292 3.1950917892025996e-06 0.0003722513369328359 0.0010667243683940295 0.00016407217096923597 1.4439427089235583e-06 8.423455822363031e-07 0.0 0.0 0.0 0.0 0.0 0.0 0.0 0.0 9.726539236670817e-08 0.0 2.0928221691213174e-07 0.0 0.0 0.0 0.00011656611283662693 4.875580128378975e-07 1.458202296831954e-06 0.0 0.0 0.0 1.1282625519052885e-06 2.6973236442644183e-07 4.0444356437218077e-07 3.143853380780669e-07 1.8545743862681636e-07 0.0 0.0 0.0 0.0 3.0690085653707554e-07 6.398578575909878e-06 2.0267531080211068e-07 8.122097748453481e-08 0.0 0.0 3.8184708273610477e-07 0.0 0.0 2.676013261872891e-06 2.43738491166771e-06 4.000285242723706e-05 9.049498320462575e-05 1.2553256008939545e-05 1.6403041677703666e-05 9.677194989033292e-08 3.705258768143331e-07 0.0 2.1908910345650253e-05 5.207104220145925e-07 5.792708050255944e-08 1.4756034915000464e-07 0.0 1.319554797953064e-07 9.653858265958348e-08 9.2511980226515e-06 6.367316310142486e-06 2.0910952321826945e-07 0.00010880487184749734 2.9789691230984535e-05 1.3153915663902007e-05 1.7846173804690828e-06 2.8686612918639057e-07 7.019387548139892e-08 2.8968539381528765e-07 9.366583399216531e-08 9.432224733741645e-07 2.5096350516905926e-06 2.9864035122953553e-07 0.0 8.43037411147661e-07 1.7702435621187415e-07 8.186688590396387e-08 6.037275936527541e-07 4.4973966779927174e-07 1.5199706631605413e-07 8.134631764456389e-08 2.714698232930786e-07 0.0 0.0 0.0001579600587523989 1.1312594768112436e-05 1.1266625970526732e-07 1.7554486771948335e-06 0.0004924451713667869 3.0465352136097376e-07 4.4662421429721265e-06 4.183706146638507e-06 3.0639188668733706e-06 6.892587919942476e-07 2.983760448669659e-06 1.0508708586422793e-05 1.5713362285481699e-06 2.232622335984405e-05 7.638253038655157e-06 2.391693949331705e-06 1.581593768589302e-05 2.1030565550914958e-05 9.168869604956813e-06 9.18532509398138e-06 0.0 7.312237190776958e-08 0.0 0.0 0.0 0.0 0.0 0.0 0.0 0.0 0.0 0.0 0.0 9.4004566236132e-08 0.0 0.0 8.157100889958231e-08 1.3559379345225803e-07 0.0 7.605488862390234e-07 9.118987762578958e-08 0.0 8.992338919536465e-08 0.0 6.308774663547159e-07 4.839424772605668e-07 4.985580667823155e-07 8.75841678581514e-07 2.064366231743533e-07 0.0 0.0 0.0 0.0 0.0 0.0 0.0 0.0 4.603988035035981e-07 0.0 0.0 0.0 0.0 0.0 0.0 0.0 0.0 0.0 0.0 4.1808712885705866e-07 0.0 0.0 2.809857248009292e-06 1.0706887575231183e-07 0.0 0.0 0.0 8.56531769252596e-08 0.0 7.476423959275184e-08 0.0 0.0 3.9066050273059234e-06 0.0 0.0 0.0 0.0 2.8969543433837754e-06 0.0 1.2461201152078234e-06 1.1148022564777481e-07 0.0 0.0 0.0 0.0 0.0 9.660922433879988e-08 0.0 0.0 7.483730529878226e-08 9.528937817185225e-08 0.0 0.0 5.741628656049903e-06 7.958731505745141e-07 1.8689686072490037e-06
1.4881853453563745e-05 0.0009411755463685639 0.0008991684752860876 5.487188106902006e-06 0.0 4.998009998900529e-06 0.0006668267777259901 0.0002785334140243075 0.001637394364578961 0.00027425565079894815 0.00042104524090632467 6.829075200601254e-05 0.0006027309347712854 0.001047554218259606 5.351315050015915e-06 2.960255253302257e-06 2.1777009010550077e-07 0.0 0.0 0.0 0.0 0.0 0.0 0.0 7.33551562062191e-08 0.0 0.0 0.0 0.0 0.0 5.5229522898416436e-05 1.7357785011312342e-06 1.363739026026755e-07 0.0 0.0 0.0 0.0 0.0 0.0 0.0 0.0 0.0 0.0 3.026825009528208e-07 2.2713494608200173e-07 6.759226319999826e-08 4.3547402210699244e-05 1.4492195092581523e-06 2.868063251901842e-07 0.0 5.452697144289304e-07 0.0 0.0 0.0 1.2174937318259696e-05 1.0336432612131137e-05 1.264583384351376e-05 4.7439960974171946e-05 1.53328671636245e-05 4.34946887503855e-05 9.58269291922576e-08 3.0399488072855986e-07 0.0 3.6159312372858974e-05 2.354340167331761e-06 6.583788180869364e-07 7.414640762177334e-07 0.0 2.544417684479578e-07 6.026560572145114e-08 4.095064722726132e-07 1.0771278665705966e-06 7.940798516513105e-08 8.29045411462106e-05 6.820949467784132e-05 6.023039611989905e-05 3.179223073030295e-05 1.6658660556487159e-06 3.9103051074978247e-07 6.282420877198402e-07 2.483246371985915e-07 1.2067477455240492e-06 1.3074135301583663e-05 3.727300264225463e-07 1.9147913900091055e-07 5.9893436286448155e-06 2.466004546150861e-07 3.1556039843501274e-07 1.755221717361614e-06 2.3714743984375496e-07 7.755698663132386e-07 6.613070133316193e-08 7.813734819983807e-08 1.2664071113690833e-07 0.0 7.587918903963535e-06 9.54377383284066e-07 0.0 2.276104925367683e-07 5.946191113017741e-06 1.8233045861007944e-07 4.181908227976827e-07 1.036616150848788e-06 2.2819477529655353e-07 6.275484517183523e-07 1.10591669715381e-06 1.588618403013918e-06 7.527183858003157e-07 3.3945656552444233e-06 5.006442260352483e-07 9.359456954694173e-07 4.007084013713604e-06 4.246744814746315e-06 4.7909646875341e-06 3.7985324344307e-06 3.01063722244686e-07 0.0 0.0 0.0 0.0 0.0 0.0 0.0 0.0 0.0 0.0 0.0 0.0 0.0 0.0 0.0 0.0 0.0 0.0 6.883871624727369e-07 2.31280177666996e-07 0.0 0.0 0.0 1.6508715309853805e-06 1.8963104444151101e-07 1.6730589641688077e-06 0.0 0.0 0.0 0.0 0.0 0.0 0.0 0.0 0.0 0.0 0.0 0.0 0.0 0.0 0.0 0.0 1.4149614815347442e-07 0.0 1.8729929581060635e-07 5.181145419008082e-07 1.6303075545417953e-07 3.9949578560098984e-07 0.0 0.0 2.553344952609578e-06 0.0 0.0 0.0 0.0 0.0 0.0 0.0 0.0 0.0 2.105668393948545e-06 0.0 0.0 0.0 0.0 1.7414695963091766e-06 0.0 1.689427023063917e-06 0.0 5.451219119442763e-07 0.0 0.0 0.0 7.810724946208365e-08 7.665533998258072e-08 0.0 0.0 1.290397010086131e-07 0.0 0.0 0.0 9.968995644996586e-07 6.956055159877213e-07 1.4289455707804112e-06
4.437690746544009e-05 0.00010585483736966759 5.94190258841521e-05 0.0001766202906936718 4.998009998900529e-06 0.0 6.32639160388835e-05 4.969791072080368e-06 1.91640242057542e-06 0.0003309873219778393 3.6690044887587197e-06 3.9121951527801905e-05 5.9541257815153434e-05 1.6892044701988852e-05 9.348130725839082e-07 8.396821597000303e-07 0.0 0.0 0.0 0.0 0.0 2.6947921247343177e-06 0.0 0.0 3.3844241002714594e-07 0.0 1.2567237314683477e-07 0.0 0.0 0.0 0.00011814258009357254 7.189831123324318e-07 5.80645388535508e-06 6.520425577282472e-07 0.0 0.0 1.4328292309268764e-06 1.00291743695165e-07 1.8940194816141258e-06 7.49443870476229e-07 9.973441183871442e-08 0.0 7.534495674996902e-08 0.0 0.0 0.0 2.427161726741676e-06 0.0 0.0 0.0 0.0 1.0146515663685342e-05 7.521223666702247e-07 1.2936109101665608e-07 8.870269009710135e-08 4.863320090557047e-07 4.756815482584001e-05 7.863066617158959e-06 3.1113325787509773e-06 4.926440437195616e-07 5.584049279438616e-07 1.4743300856063288e-06 0.0 1.8153199875085937e-06 0.0 1.7602294167154721e-07 1.0711177956958865e-07 0.0 0.0 1.1127618962725152e-07 9.033535138653728e-05 0.00012520594767831698 8.725320984222541e-06 1.1743740143989758e-05 2.7873305142229055e-06 2.4200294577540877e-06 2.762017568069029e-07 0.0 1.4924654786484478e-06 5.712459967348961e-06 4.643101237876963e-07 5.256055979465892e-06 1.7240361217649743e-07 8.927199781187763e-07 0.0 5.806088386803007e-07 0.0 2.406403133491981e-06 1.7426502576739711e-06 6.5113447356380504e-06 5.94032229635485e-07 1.2901579252610728e-06 3.1881515721190017e-07 3.186410256183647e-07 6.804304620488581e-07 0.0005148664474391467 0.0001557745895789282 6.383942326295865e-06 1.6123170289201998e-05 0.00024059330638804833 0.0 8.583607873524793e-07 5.378065293479641e-07 1.1999313384031933e-06 2.0909631980167545e-07 4.920240369253273e-07 2.416153992664206e-06 8.643913482975329e-07 2.4965275711798313e-06 2.363696556216605e-06 3.2761148903179143e-07 3.517369787733626e-06 3.6728311041218647e-06 1.9042366817685472e-06 1.4221118262814005e-06 0.0 0.0 0.0 0.0 0.0 0.0 0.0 0.0 0.0 0.0 0.0 1.1162560896338407e-07 8.435842599382508e-08 0.0 8.275427402865004e-08 9.92977372528166e-08 2.7347237062312095e-07 1.9053496841243934e-07 0.0 2.208152021384778e-07 0.0 0.0 0.0 0.0 2.406713238902251e-07 0.0 2.4669119774311275e-07 6.675848395850073e-07 1.0654847265706353e-07 0.0 0.0 0.0 0.0 0.0 0.0 0.0 0.0 0.0 0.0 1.2786477181143475e-07 0.0 2.948302328504791e-07 0.0 0.0 0.0 0.0 0.0 0.0 4.0174336852331907e-07 0.0 0.0 9.17686769357399e-07 2.264175895936746e-07 0.0 0.0 0.0 0.0 0.0 8.176223012504486e-08 0.0 0.0 6.999312962793198e-07 0.0 0.0 1.2619172696394317e-07 0.0 1.2839089735876094e-07 0.0 9.235568587558127e-07 0.0 0.0 0.0 0.0 0.0 0.0 0.0 0.0 9.736228543049933e-08 2.0081082612954402e-07 8.773301136273788e-08 0.0 0.0 8.33060082776903e-07 5.738474457952527e-07 8.29875032987552e-07
0.00027431620566053464 0.0019446874934620378 5.113281444747973e-05 0.0006626574357355994 0.0006668267777259901 6.32639160388835e-05 0.0 7.866889200573698e-06 0.0009093497656255361 0.001968048890535901 0.00033468652101899146 0.0003684877003609357 0.0025958262176030097 0.0019245650815659533 1.2850558909446672e-05 5.994533878106173e-06 2.1053732844716918e-07 0.0 2.290468911593232e-07 0.0 0.0 9.146015418666469e-08 2.792185771922554e-07 0.0 2.0132976703627328e-07 0.0 7.357593695705865e-08 6.994624098260802e-08 0.0 0.0 4.441587359446179e-05 1.5112960670359573e-06 6.655661877786244e-06 1.2961057632549934e-07 2.2633541557045736e-07 3.518465399275857e-07 1.377671797798949e-06 9.509753952392863e-07 1.8975100510796533e-06 9.47450165590757e-08 2.7742265993147124e-07 1.0828833126166851e-07 2.284602038038007e-07 5.414347291295115e-07 2.266685419488061e-07 1.462126728235032e-07 6.501113280845787e-05 1.2886255322620223e-06 1.44161931565562e-07 3.788408522875348e-07 1.5540759431902844e-07 4.820162649152038e-07 1.8323048665013643e-07 1.851333914190394e-07 1.5159130380420229e-05 1.5203064535395008e-05 3.212726602248107e-05 8.724720788382525e-05 2.5019383308142868e-05 5.448672919248465e-05 7.896103153967732e-08 1.6675271600995969e-06 1.4287687188361423e-07 5.291492624404829e-05 1.8647496201547573e-06 5.842109570991942e-07 7.974798237218861e-07 6.655678598227718e-08 6.484280957179023e-08 8.326415422433026e-07 6.293527806922248e-06 5.440712755720948e-06 1.0378267263561081e-07 0.0001482715419502227 9.545601629697377e-05 7.282404544615252e-05 2.549232210270545e-05 2.633322773528994e-06 3.165819630018416e-07 1.819626749633906e-06 2.843279205081487e-07 4.548295013426392e-06 1.6428893578773237e-05 6.737933940500831e-07 1.172836081599968e-07 6.617013247699484e-06 4.612090065340009e-07 2.5807805641516715e-07 1.7727719872498827e-06 2.6850415521704736e-07 6.94796197071307e-07 2.0810368810800115e-07 7.684225236679274e-08 6.429375486822214e-07 4.165900761286933e-07 0.00012120666111278067 8.993270979706405e-06 0.0 2.0144894803077634e-06 4.0932480044977775e-05 2.819973328840747e-06 1.056565757939256e-05 3.1160262442166394e-05 1.1963166471061435e-05 1.024808965441411e-05 2.5689448738406033e-05 2.4880675296033477e-05 1.4755791220152471e-05 6.459218205568289e-05 3.471799147482101e-05 1.8106777449299944e-05 7.205158393031124e-05 0.00010595374783098918 4.879626077849303e-05 4.293937504441954e-05 6.333848476298284e-08 2.6182814248286637e-07 0.0 0.0 0.0 0.0 0.0 0.0 0.0 0.0 4.5513076658458e-07 0.0 0.0 0.0 0.0 1.99285102847559e-07 0.0 1.8153337641419493e-07 0.0 1.1084367921823847e-05 6.455026893184983e-06 0.0 0.0 1.0458821706538308e-07 6.664160030019172e-06 3.633711600754274e-07 8.102204183016997e-06 1.2773389185144838e-06 1.199936798535736e-07 0.0 0.0 0.0 1.66371040115009e-07 9.262397852352884e-08 1.1208334683638701e-07 0.0 1.1017403564150743e-06 1.585096384350808e-06 9.601679024235361e-08 0.0 1.232094744639781e-07 0.0 0.0 3.353763561512929e-07 9.467359520790804e-07 2.3941453156705613e-07 2.0222354798518237e-06 1.151106148258855e-06 2.9063067829022873e-06 0.0 0.0 2.3328354931188814e-05 2.4669385785750824e-06 7.175803343302773e-08 7.123824241669436e-08 0.0 0.0 9.079014151663238e-08 0.0 0.0 0.0 3.102289939089054e-05 7.018295715942069e-07 0.0 0.0 0.0 2.1798740940434316e-05 3.123235745418873e-07 1.5800387335281675e-05 2.0375998459128673e-06 3.7721201702567196e-06 1.2091799673946207e-06 1.5377645258836538e-07 8.08460888646633e-08 0.0 7.275200587099188e-08 1.9655731972760188e-07 0.0 4.209211659619905e-07 1.367274996202911e-07 8.807341467929777e-08 0.0 1.8971482099419856e-05 1.0339645244333814e-05 1.5794689750124128e-05
2.640169125882099e-05 0.00016062547870619742 0.0015158117679339024 7.104257633244462e-07 0.0002785334140243075 4.969791072080368e-06 7.866889200573698e-06 0.0 0.0008111745840611284 4.093837446208418e-06 0.003119876904094401 9.083325119645097e-05 0.00011515416492562996 0.0008862757921535908 1.8996028819927594e-05 1.0324943628577898e-05 9.382489095642393e-07 1.0275446069745484e-06 1.6124438079514562e-06 8.82860450650301e-07 2.4137534774529833e-06 4.4040317633693285e-07 1.23926719126459e-05 2.8302771915970953e-06 6.917154032664723e-06 8.798275413334696e-07 3.4622306198177644e-06 3.8071501849404993e-07 7.262374619169389e-08 3.1045752080987985e-07 0.0014435682504397155 0.0008771285357400669 0.0001982554729022946 1.168495738202186e-05 9.32336320514943e-06 2.590472109962376e-06 9.25241391255829e-06 2.5902015419353503e-06 2.1931980299473657e-06 2.0176493522795254e-06 6.070285138669212e-06 1.6208216915353615e-06 8.147396573072387e-06 1.558382847162456e-05 9.449823576463809e-06 2.2652142635271215e-05 5.906459795969392e-05 3.0730005537696292e-06 1.317635362195688e-06 1.1584089599201183e-05 2.3879021836045588e-06 1.5509524996295e-06 8.797573465690167e-08 1.7454889388062262e-06 5.9589488730106815e-06 5.636008138747834e-06 1.541736108251591e-05 0.00011017389711250417 8.256659703157121e-06 3.076568733870019e-05 1.5932434996104678e-05 2.980418188839886e-05 2.859379153980769e-06 0.00019374024631207376 1.8714321957350817e-06 2.9949744241948537e-06 1.0450439679277309e-05 9.460781630136016e-06 2.3253733500294014e-05 2.337333141769361e-05 1.0521361812081043e-05 2.138395991211646e-06 0.0 5.720044038987185e-05 6.0680234439274554e-05 6.0962299727491494e-05 5.257904166322905e-05 1.3022891063838731e-05 0.00035506805673260635 0.0014486575363619073 6.288331419183771e-05 0.000980981978183414 8.639973773888225e-06 0.0 3.243743940751465e-06 2.9749460799528533e-06 8.76735881184787e-06 1.5387737274279545e-07 1.831640085648724e-06 3.547115210221069e-07 2.9116274780390683e-06 1.9191018829011378e-07 3.391936820024615e-06 6.383756749798174e-06 4.487516111525983e-06 7.1115614640657e-06 2.855562657350797e-06 0.0 3.914275789721135e-06 2.8238539052753457e-05 7.103789344296833e-08 3.035327805788456e-07 7.284299771679984e-07 0.0 7.864324599635574e-08 4.880833077066964e-07 0.0 0.0 6.133716353387811e-07 6.451163407353865e-07 7.485781480020241e-07 3.5586155512386175e-06 3.5091795743459228e-06 2.5100308627222633e-06 1.9115336631352577e-06 0.0 0.0 0.0 0.0 0.0 0.0 0.0 0.0 0.0 0.0 1.9686925651684724e-07 0.0 0.0 0.0 2.4680237264825283e-07 2.923128591441914e-07 0.0 0.0 0.0 2.9252096597527605e-07 4.141493725931574e-07 0.0 0.0 0.0 7.791343370210932e-07 1.0078151369805051e-07 8.835435210038524e-07 3.190401593641452e-07 7.414747293055151e-07 0.0 5.147435415655401e-07 0.0 0.0 0.0 0.0 0.0 2.302216891967341e-07 0.0 0.0 3.409618045654068e-07 1.595922029808848e-07 0.0 2.0080022890610772e-06 0.0 0.0 9.545626197379159e-08 7.781619136471512e-08 0.0 0.0 0.0 0.0 4.095203149716295e-06 0.0 0.0 0.0 0.0 0.0 8.83961940093223e-08 0.0 0.0 0.0 1.2795654575807846e-06 4.790444954810996e-07 3.0709011522379487e-07 8.684098892626698e-08 7.52880188375707e-08 1.6062002532595363e-06 0.0 2.052374750832194e-06 0.0 4.335097298548679e-07 0.0 0.0 1.5155627719967246e-07 0.0 0.0 0.0 0.0 3.282932283565911e-07 2.482684182360298e-07 2.7042396502264907e-07 3.4810769959550644e-07 8.304823804353388e-07 1.0747710324197173e-06 3.434096747677937e-06
1.9671716267891156e-06 0.0009542011159188813 0.0009142575709461173 1.666211239010136e-06 0.001637394364578961 1.91640242057542e-06 0.0009093497656255361 0.0008111745840611284 0.0 9.117721373247026e-05 0.0012781456537486432 1.1538617683392426e-05 0.000564778802004348 0.0009045075705060368 1.0263075643977019e-05 5.255180317995973e-06 1.3364828604776653e-07 1.3191275085771953e-07 0.0 9.451391304875778e-08 0.0 0.0 3.264449637752708e-07 1.4691870099413445e-07 1.284785120834445e-07 0.0 0.0 0.0 2.087701303176962e-07 0.0 9.352899903869106e-06 9.801326487516113e-07 6.631737481228638e-06 0.0 0.0 1.3216441244714933e-07 4.4292050146552885e-07 4.153056965344288e-07 1.1752497127879401e-07 0.0 1.0635518202193612e-07 7.425867698230666e-08 0.0 3.1186208647108795e-07 0.0 0.0 2.971354680201625e-05 6.626427735503555e-07 8.210353698666972e-08 5.9025572701905926e-08 6.093361699058688e-08 6.235517512833869e-08 0.0 0.0 4.302893708845548e-06 4.844629886840675e-06 3.661078562302509e-06 6.940604519835775e-06 5.9121812687210395e-06 1.975939573206438e-05 0.0 9.328174330016209e-07 0.0 5.364634630444015e-06 8.261461899444169e-07 3.945836337088646e-07 1.4719394705286664e-07 1.0921396946077027e-07 6.645696854144787e-08 2.026771178922406e-07 1.7139803112755649e-06 2.480213520962313e-07 0.0 2.5766743448250747e-05 2.0086236939212774e-05 3.553415848072685e-05 1.6298819906455347e-05 1.578342205252972e-06 5.291749293382716e-07 5.499104141800423e-06 6.315115461062249e-08 1.934356060184182e-06 4.388566943499695e-06 4.6788373195935276e-07 9.853056919945818e-08 1.783028379885938e-06 1.726309169113273e-07 7.740687573476197e-08 6.710256946408868e-07 1.198639385546798e-07 4.5030458749116007e-07 6.208154184896972e-08 1.7603688832682363e-07 3.3966633468413566e-07 0.0 3.81846778639755e-06 0.0 0.0 4.273037160030656e-07 1.5714981719988665e-06 2.3022150460150577e-07 1.0379593823165018e-06 2.4220075947940693e-06 4.6151546861739574e-07 6.029272276049131e-07 3.057080332613962e-06 3.0021498836080996e-06 9.13044257658388e-07 4.994428035365907e-06 1.3857781709486118e-06 2.736946057900489e-06 9.694377200325134e-06 1.3142596891722591e-05 6.1637032021450505e-06 7.458960191682461e-06 9.700845523996379e-08 0.0 0.0 7.687981652420198e-07 0.0 0.0 0.0 0.0 0.0 0.0 0.0 0.0 0.0 0.0 0.0 0.0 0.0 0.0 0.0 2.372887727514334e-06 1.4281442331787366e-06 0.0 0.0 0.0 1.1036402396515567e-06 2.988200741153815e-07 2.3768696700465715e-06 0.0 0.0 0.0 0.0 0.0 0.0 0.0 7.260115756507056e-08 0.0 1.4627430819868535e-07 2.1430812318482437e-07 0.0 0.0 0.0 0.0 0.0 0.0 0.0 0.0 0.0 0.0 9.237272498670903e-08 0.0 0.0 5.1859859722404645e-06 6.607700841056672e-07 0.0 0.0 0.0 0.0 0.0 0.0 0.0 0.0 5.679903693888817e-06 2.4540561827986425e-07 0.0 0.0 0.0 1.6061993691455485e-06 0.0 1.364757229017321e-06 1.6444520181787186e-07 4.810417186961357e-07 0.0 0.0 0.0 1.6263633374449028e-07 1.1154155012573032e-07 0.0 0.0 7.267210042597527e-08 0.0 0.0 0.0 3.337873409948401e-06 3.7994891137747743e-06 3.3997045289390785e-06
0.00039461633651693165 0.0007013158967667163 0.00017425222908209987 0.0015528824792234292 0.00027425565079894815 0.0003309873219778393 0.001968048890535901 4.093837446208418e-06 9.117721373247026e-05 0.0 0.00010646150838767134 0.0009233636513342711 0.0036888271844291486 0.0005169608901552041 5.3466669907445164e-06 3.4685617600877525e-06 4.918184269875942e-07 2.99621858631819e-07 0.0 0.0 0.0 8.013148575989967e-07 0.0 0.0 4.791060142698217e-07 7.133995438749854e-08 8.807974338096765e-07 1.023605412810974e-07 0.0 0.0 3.0484160247586954e-05 8.49848071527594e-07 1.3565432650246094e-05 0.0 0.0 6.998060969945962e-08 4.6827853063192934e-06 1.6895317517093735e-06 5.713451710070878e-06 1.22215810008579e-06 3.579433802751444e-07 1.0319263827713272e-07 4.654339006755534e-07 3.967115843499352e-07 0.0 8.359929269066772e-08 2.001911448544216e-05 1.1818267436175884e-07 7.095502961652945e-08 3.176225943126481e-07 1.6689818579386014e-07 4.8055728543845625e-06 2.5826212214664777e-07 4.7461921350366766e-07 3.0640984100217573e-06 3.1674395600178426e-06 1.5374432767509168e-05 2.253915739986918e-05 1.1342750132882055e-05 1.3114986313050662e-05 3.3198153817380243e-07 3.0060314743449e-07 2.575606505634945e-07 8.343355148461398e-06 4.6354866847087745e-07 2.725771129123853e-07 2.819539238588046e-07 0.0 6.061022315276281e-07 0.0 0.00011246441699666924 3.734927246967618e-05 1.8271157197536067e-06 4.3167096352386534e-05 2.13888013397473e-05 1.7283803975268965e-05 4.722059442194985e-06 1.2613594131439108e-06 9.457360531627339e-08 1.0779983690896603e-06 1.6736504655735734e-07 1.5453224228900555e-06 4.5071332650391315e-06 2.777782972121367e-07 0.0 1.7082829155710137e-06 2.896659724541608e-07 8.447663203405653e-07 3.5869816587489786e-07 2.5364907378918426e-06 4.615518290196056e-07 4.692992616055692e-07 1.0715548977654708e-07 1.4978179241645e-07 7.859522354770837e-07 0.00042420665489432643 9.395911081244956e-05 1.9617100369154353e-06 8.996924872229071e-06 9.829246864587292e-05 1.6571617785545267e-06 2.0848787362365855e-05 1.6943068431018017e-05 2.5045138131553418e-05 4.93922259290531e-06 2.5416982712958946e-05 8.384406691554242e-05 5.64064315976679e-06 0.00011734913770753784 4.46800277922701e-05 1.1533961992565669e-05 9.041760848246511e-05 0.00015199741724129868 5.9053377115283125e-05 4.7470449377880066e-05 0.0 9.713666148380098e-08 0.0 3.64416202240637e-07 0.0 0.0 0.0 7.794116719205668e-08 0.0 0.0 0.0 0.0 8.890458869919149e-08 0.0 2.496336068203758e-07 0.0 9.061401823773874e-08 3.704438679552674e-07 2.48305405290462e-07 6.851995171773202e-06 2.2238865980339862e-06 0.0 5.107377668177722e-07 0.0 6.138413233239331e-06 7.946576541470275e-07 6.234745132394196e-06 2.116799223896689e-06 4.3557287299749074e-07 3.030337613834674e-07 0.0 0.0 0.0 0.0 1.437955926194232e-07 0.0 1.9895748517944487e-07 4.976269198729792e-07 0.0 0.0 0.0 0.0 1.1281045772520001e-07 0.0 5.3206363577740103e-08 0.0 9.472490733783487e-07 2.9771160891593664e-07 8.0221402289925e-06 0.0 0.0 1.739576931717676e-05 1.165515933532104e-06 0.0 0.0 0.0 0.0 6.0443720685703e-08 0.0 0.0 0.0 3.51958899885514e-05 1.357063071585804e-06 0.0 0.0 2.470900400227434e-07 1.28142592973602e-05 0.0 6.841054251452848e-06 2.743168014950695e-07 6.742758191059894e-07 1.8334558663276295e-07 8.170724989362063e-08 0.0 0.0 0.0 0.0 0.0 1.4257339732825663e-07 8.068999902581145e-08 0.0 0.0 4.5452951247954685e-05 9.653822478772897e-06 1.028413720171631e-05
3.8714823526184036e-05 0.00022603523832307674 0.0009536288140889328 3.1950917892025996e-06 0.00042104524090632467 3.6690044887587197e-06 0.00033468652101899146 0.003119876904094401 0.0012781456537486432 0.00010646150838767134 0.0 0.0002924246194979559 0.001318935108983235 0.002909533049789448 4.114230604057038e-05 3.594179782570047e-05 9.58799070512315e-07 1.0745170633899335e-06 1.7436148260351723e-07 9.419057896149445e-07 3.4940271478958363e-06 3.572935856403823e-07 9.681285998198849e-06 5.83854409472587e-06 1.6284900177793365e-05 1.6096238049416459e-06 5.945992585707453e-06 5.406671335924665e-07 6.378024154698243e-07 4.872288649724961e-07 0.00026580472645365696 0.00010083216446213639 0.000348468330954341 6.366374238110294e-06 9.50554027484032e-06 7.83328697168774e-06 0.0001299404180746486 1.8433026649835582e-05 1.1626649083226204e-05 8.136249474455311e-06 1.2515008679163612e-05 4.638329329780669e-06 1.5516526936193627e-06 2.6917582244325758e-06 2.5498645990326073e-06 1.6767649756968607e-06 7.882049623397612e-05 1.3292527220146837e-06 7.672103110923976e-07 3.353341013319767e-06 2.6482946561302455e-06 9.9849330626551e-07 7.324107829822519e-07 2.1586437463135814e-06 5.3994099960103285e-06 6.0244755058902435e-06 6.9196445963429825e-06 3.8709918578363586e-05 8.21204880750202e-06 2.3656150855142545e-05 1.6432385037210523e-06 4.7171411802008034e-05 1.2388359680672505e-06 2.8615553087510544e-05 1.5181789575856245e-06 1.0202041874359533e-06 3.711167073611776e-06 3.175824982859494e-06 6.60161182657524e-06 2.0187560395354556e-05 0.00011689636458635161 2.5516369512551654e-06 1.676590338895332e-07 3.854157357889008e-05 3.530263018764192e-05 6.768156340056063e-05 2.8376225111674487e-05 9.429368671511316e-06 7.019124497996426e-05 0.000683028735318333 2.585130502129334e-07 0.0002847502793697576 8.465253826782387e-06 3.5749548424247244e-07 5.078241691694346e-07 3.3825724498250295e-06 1.4643200887379272e-06 4.796198739500031e-07 1.3266699433043411e-06 1.9445838454176166e-07 1.8029433243645202e-06 5.148763335434703e-07 5.2526243833180435e-06 3.8087160091069523e-06 1.7818359189998384e-06 3.216195173305966e-05 1.618809556426316e-05 0.0 1.1801777330688239e-05 8.639467463181326e-06 3.8437459460664254e-07 8.020867765505994e-07 6.014537690613884e-07 1.1600750717594557e-06 2.1054781734235308e-06 6.521735426160478e-07 1.144790936613963e-06 0.0 5.411276214485945e-06 3.164494518029691e-06 5.1606536824497685e-06 9.074442762562594e-06 1.7615467650175142e-05 6.905548380069417e-06 1.2173472705713824e-05 1.431216548719045e-07 1.1821495909563809e-07 0.0 0.0 0.0 0.0 0.0 0.0 0.0 0.0 3.8629036760606706e-07 0.0 7.188823621999227e-08 0.0 1.2135569145688482e-07 3.454678615285361e-07 4.598604072313578e-07 5.92826701350328e-07 0.0 3.5486542583638776e-06 2.022180625922397e-06 0.0 0.0 0.0 4.0773853964844225e-06 3.632316352294327e-07 4.692804144327577e-06 1.7377501044716868e-06 4.618780865123532e-07 0.0 1.6890319601286975e-07 0.0 0.0 0.0 0.0 0.0 0.0 8.808517048068027e-08 0.0 0.0 3.415263842134535e-07 1.1022131533724931e-07 1.0422291476718438e-06 0.0 9.170669568739312e-08 0.0 0.0 6.041454589564399e-07 1.7323401381109365e-07 0.0 0.0 7.2364179845965914e-06 6.732030876565316e-07 9.061257062252718e-08 0.0 0.0 0.0 7.69845072790589e-08 0.0 0.0 5.635799774454983e-07 9.678496817734403e-06 4.4205688726314255e-07 0.0 0.0 2.2796035878766418e-07 7.05311120182393e-06 2.6401382771047854e-07 4.190228950190952e-06 6.032909384979329e-07 1.5065018277748063e-06 6.025641336485773e-07 1.0918582354622069e-07 0.0 9.164751834340917e-08 8.135260359786508e-08 7.325346852426076e-08 0.0 9.045644192152205e-08 1.2877574926319254e-07 0.0 4.161858077209039e-07 2.9621191841891383e-06 8.71805716198816e-06 8.91763280800956e-06
4.4308399265006016e-05 0.0002729145453436251 0.00013048449500757868 0.0003722513369328359 6.829075200601254e-05 3.9121951527801905e-05 0.0003684877003609357 9.083325119645097e-05 1.1538617683392426e-05 0.0009233636513342711 0.0002924246194979559 0.0 0.0004672201057110036 0.00044901640265085905 2.6715473388270597e-05 2.5428502596781845e-05 8.507959194473242e-07 4.805450992387257e-07 0.0 1.7980539505520153e-07 6.118334421633463e-07 2.6888579613605998e-06 7.010182367035886e-07 1.1353351140520536e-06 8.87739794141031e-06 5.593497057534787e-07 3.2439066225830755e-06 6.262240489639266e-07 5.152602819028369e-07 0.0 1.3185136235436645e-05 3.3627018179167837e-06 0.00015079022646722668 6.629739568210377e-07 1.333760469481483e-07 4.3497512547313035e-06 0.00017825418666772344 3.5873984665163175e-05 3.226953385641323e-05 2.1919025814402788e-05 4.559095349907076e-06 1.2650804740408415e-06 7.14388158193559e-07 1.711380578950832e-06 1.4283030045061684e-07 1.442868675591964e-06 3.686802547622838e-05 0.0 3.868535433588247e-07 4.286059168092936e-06 6.532152669249167e-07 3.3702772466121062e-06 1.6690664414153248e-06 1.9629532566315536e-06 7.273976186380824e-07 7.710607635288424e-07 3.6751395937540013e-06 5.392483613853316e-06 2.391280047967659e-06 6.25564975018503e-06 4.681966519610774e-06 1.5949734998583266e-05 8.861169630818575e-07 7.729870327101042e-06 1.4590197476539532e-07 1.4863259968031474e-07 1.0437957296502866e-06 1.713861572823833e-07 3.748722574476351e-06 3.554915835379404e-06 0.00020855117943506608 9.090163543147367e-06 4.975589596823425e-07 9.539198382644992e-06 9.825583762705837e-06 1.5908290571750452e-05 9.015601969684234e-06 3.5769633745263794e-06 7.569273318856952e-07 2.1504966835178283e-05 3.966902101656034e-07 1.6193509217670708e-05 2.2655575086386433e-06 0.0 0.0 1.022997220111352e-06 7.508867542206211e-08 1.442279195019171e-07 5.461500296417105e-07 7.642694224968837e-08 7.124859626589544e-07 4.832147348617621e-07 2.6338883198731046e-06 8.912066810103184e-07 1.1924447000126919e-06 0.0005186671740841899 0.00024762049580493546 2.6031561775970626e-07 4.866944504193306e-05 9.95150509166468e-06 1.91059803736275e-06 5.691902840359901e-06 9.2361554400778e-06 3.6162557804719063e-06 8.818154478330219e-06 1.2174355158345036e-05 2.0293895043586227e-05 4.7402265030343e-06 4.7402563141921195e-05 1.64124511620055e-05 1.4233418100338707e-05 5.5238459605191926e-05 0.00010115228485820335 4.461726505516648e-05 4.990341094582024e-05 4.5822161451425786e-07 5.538334076834471e-07 0.0 0.0 0.0 0.0 0.0 0.0 0.0 0.0 6.955799641219065e-07 0.0 1.5374780438048399e-06 0.0 3.265861014006287e-07 2.1235850610761814e-07 3.351773430640876e-07 1.1167719750037641e-06 0.0 8.924567871000072e-06 5.215764276967394e-06 0.0 1.2598249313041193e-07 0.0 1.0385727567984936e-05 1.7047259063965985e-06 1.0000152696341607e-05 5.400452162376191e-06 9.249021790642684e-07 0.0 0.0 1.152418294861674e-07 1.1868308287911858e-07 0.0 0.0 0.0 0.0 0.0 0.0 0.0 1.6010376007848122e-07 6.172694121624437e-07 1.2120740319531409e-07 0.0 1.1468216590051701e-07 0.0 3.3017392340486575e-07 1.045119209428571e-07 2.0313213298562573e-06 0.0 3.3328171037562654e-07 2.6104670730719964e-05 1.1197428117461884e-06 0.0 1.1702223103223439e-07 0.0 0.0 1.30581838692611e-07 0.0 0.0 0.0 4.243982397189533e-05 1.0359420770837323e-06 2.5094234812700925e-07 1.762926693045064e-07 5.87747126443886e-07 2.098981664975583e-05 1.0956830485929915e-07 1.2022139652722877e-05 9.448851663155633e-07 9.186479858578751e-07 4.90189412959826e-07 1.2662891647337257e-07 5.137011711733719e-07 0.0 0.0 0.0 0.0 0.0 1.2420663845628453e-07 1.559360224489394e-07 0.0 2.593664464864999e-05 2.276349809397572e-05 2.531678181440496e-05
