0.0 0.0015872668003529932 0.0009466194788926732 0.0004311388415458496 6.018890658453691e-05 7.885803346749085e-05 0.00017449198323323868 9.231646803610875e-05 2.1502404266156936e-05 0.0011077525470595275 0.00010618063913756372 5.3747342077600415e-06 3.746579597080877e-05 6.378078720007061e-05 6.374530773559062e-07 3.703052616144873e-07 8.508698711734745e-08 5.093867667765827e-08 0.0 0.0 0.0 4.535005661638877e-07 0.0 0.0 8.156975306356039e-08 8.445898802920716e-08 9.303701275333359e-08 0.0 0.0 0.0 0.0005901437801266578 3.214512157415135e-06 1.8082784413494555e-05 0.0 0.0 0.0 3.56890313622237e-06 0.0 5.159653134016363e-07 1.8587286268686912e-07 0.0 0.0 6.287332816546485e-07 1.1496099706172358e-07 4.952719566187196e-07 1.583212050813745e-07 5.268915208612875e-06 2.4848039645971476e-07 6.403347779793457e-08 6.441024522872069e-08 4.6238056842156835e-08 3.839955593934077e-07 8.489465965185325e-07 0.0 2.4282503090969588e-06 6.488552827811641e-06 0.00011255235993542431 0.00038000623642588425 3.568068719030687e-05 6.0251284533590665e-06 0.0 1.8103741335017153e-06 0.0 5.939567374505862e-06 9.779329156978932e-07 1.2197622446296965e-07 1.9247395744351835e-07 1.587208408647365e-07 0.0 2.4965929914770547e-07 8.893326144890154e-06 2.030337191094942e-06 0.0 7.701114118701375e-05 1.2567282746260533e-05 7.876080532020536e-06 2.761696420414212e-06 7.380726255736959e-08 3.0359980506225467e-07 2.6588253271206952e-05 3.057565070880487e-07 1.2858718705785484e-06 4.265547927281782e-06 2.396347905098993e-07 4.328546020860492e-07 1.8648381778460589e-06 1.617876475131072e-07 1.1268273457723819e-07 1.0226299090725581e-07 1.3406378878818607e-07 1.8845539914679565e-07 0.0 3.7264729381989837e-07 1.9778793769377693e-07 1.8157402868988288e-07 5.555902965692227e-05 8.618841727971702e-06 2.8943113373551227e-07 4.812510800832055e-06 0.0008822863191247511 0.0 0.0 4.2208890996733783e-07 0.0 8.877516427956713e-08 1.592166894204014e-05 7.416707840437797e-07 6.987288944143963e-07 0.0 3.4639819726596507e-06 1.2470192897841828e-06 1.024839012974479e-06 2.441758286773477e-06 2.2505163612531598e-06 1.5530644394892508e-06 0.0 0.0 0.0 0.0 0.0 0.0 0.0 0.0 0.0 0.0 0.0 0.0 4.013637094952272e-07 0.0 6.598913136856628e-08 0.0 0.0 8.809544858819812e-07 0.0 0.0 1.5328679147063755e-07 0.0 1.7507741746450633e-07 0.0 1.1117162320786418e-06 3.891311353863936e-07 9.684453261522711e-07 6.135790158965261e-07 8.469907142186291e-08 0.0 0.0 0.0 0.0 5.552280469512727e-08 0.0 0.0 0.0 0.0 0.0 0.0 0.0 3.373180358525302e-07 0.0 0.0 0.0 0.0 0.0 0.0 1.0431517737967901e-07 0.0 4.754887776517466e-07 7.814488903882142e-08 0.0 0.0 0.0 0.0 0.0 0.0 0.0 0.0 0.0 5.369899982582406e-07 0.0 0.0 0.0 0.0 0.0 0.0 1.0809113168717288e-07 5.270537699701061e-08 0.0 0.0 0.0 0.0 0.0 0.0 0.0 0.0 0.0 0.0 0.0 0.0 4.699483224855762e-06 1.229868235783222e-07 3.651485327384627e-07
0.0015872668003529932 0.0 0.0019804205007142085 0.0014189292395240145 0.0007447924316457378 0.0001932204411580446 0.0007955332941001345 0.00048565493345552915 0.00048606928396018257 0.0012052213215277905 0.0008535056603961417 0.00012687670408420546 0.0003833176262441474 0.0008782295656426077 9.389416934002906e-06 5.822081581401537e-06 1.0769794881402165e-06 2.162169707540203e-07 1.2281882192832256e-07 1.1650873027477548e-07 2.2761439024799926e-07 5.131561428302249e-07 2.8277553279343767e-07 4.501161094522719e-07 1.3964828257339574e-06 6.36829657427783e-07 6.663434965373215e-07 1.6044043210330743e-07 1.7241004074315315e-07 2.9386267188130296e-07 0.0010336499443626952 8.197318605932838e-05 0.00012303217899177813 1.489768732531489e-07 1.52632538379243e-06 3.4892883688399683e-07 3.120748429679701e-05 1.0524582143338808e-06 4.659477564908171e-06 9.030726979386535e-07 8.551685176124577e-08 3.9396291773540873e-07 2.531774298202373e-07 1.120416846543182e-06 5.317278068896606e-08 3.5622189715688564e-07 4.620490625794909e-05 1.4830249152839385e-06 8.756431771896148e-07 3.4293241082978335e-07 1.1289318243308813e-06 1.155083297401856e-06 4.5570545229803973e-07 5.004515492727347e-07 7.642703060746639e-06 1.898582634277159e-05 9.26852231262562e-05 0.00048393835647076914 6.087434345830387e-05 3.0513105837703277e-05 4.463987281366527e-07 8.71085501712408e-06 8.569966957854345e-07 0.00013834878858008494 3.2104646053959424e-06 1.2699628851412271e-06 1.737747804748268e-06 1.2830954952101011e-06 4.0411176360526367e-07 5.830961286311165e-07 2.7016573516765034e-05 1.7822397606292738e-06 1.3173657366499016e-07 0.00021122133900556146 9.359107129836995e-05 8.192845002186704e-05 5.6951283498004204e-05 2.3525774070865084e-06 9.277373575507778e-07 0.0002610682608422328 3.424344214596278e-07 1.3000695534686438e-05 1.3869959232910668e-05 3.838878233318926e-07 1.7598552711037604e-06 6.581657233357561e-06 7.152790080000485e-07 4.1173976129974605e-07 9.7573261787293e-07 9.940426842644219e-08 3.9526643213057414e-07 3.6313129152415645e-07 4.7417293932342665e-07 2.06408291056908e-07 1.1814557275237938e-06 1.9836889288897815e-05 3.847006484803353e-06 1.606326973544398e-07 7.335864979850251e-06 0.000767681842977961 2.059142038081262e-07 0.0 1.0432369388537825e-06 2.0231347442102958e-07 5.072689578761337e-06 7.379916444325399e-06 9.065476811213883e-07 4.059064288228219e-06 6.5348356652705955e-06 7.095481279384654e-06 2.9021643726307743e-06 7.25282361467523e-06 1.2586665982946919e-05 1.1718734079204992e-05 7.037018338311776e-06 0.0 2.4927298913170764e-07 0.0 0.0 0.0 0.0 0.0 0.0 0.0 0.0 1.2330865481265238e-07 0.0 2.570877026477345e-06 0.0 2.915018289805944e-07 1.3647188715640981e-07 5.758495735937321e-07 8.162285485125804e-08 1.291298879685667e-07 3.40686659923965e-07 5.939310159290762e-07 0.0 2.516835861384945e-06 2.0550706570465524e-07 7.301627076154872e-06 3.931624590637651e-06 1.4796325372201884e-05 6.859159238959719e-06 2.0202863099721187e-06 0.0 0.0 0.0 0.0 0.0 0.0 0.0 0.0 1.7462077319748757e-07 0.0 0.0 2.781851147209993e-07 6.634399522684423e-07 5.270793236043306e-07 0.0 0.0 0.0 2.547369974858025e-07 0.0 0.0 0.0 2.281066554394034e-06 4.743374574266197e-06 5.193711700239042e-07 0.0 0.0 0.0 0.0 0.0 0.0 0.0 2.7033007577692855e-07 7.017817151827248e-06 6.048501991127961e-07 0.0 0.0 0.0 4.931632538880321e-06 0.0 2.5186859975679958e-06 1.9755671069851798e-07 4.944178540710046e-07 5.933017954266256e-07 4.27415131808213e-07 2.0688972500238422e-07 0.0 0.0 0.0 0.0 0.0 0.0 0.0 0.0 1.5552944895029488e-05 2.9570946541477885e-06 6.201536137394347e-06
0.0009466194788926732 0.0019804205007142085 0.0 0.0002690559476036629 0.0001893788598799617 2.6725991943412093e-05 8.862341039965277e-05 0.001775934727177182 0.00022428797929813777 0.0002126322788707641 0.0014016482134905034 8.120977774650385e-06 0.00010679926568698202 0.0007422473167402162 8.059533265179493e-06 5.386450649692895e-06 6.426935943387079e-07 1.6367105923059274e-07 0.0 1.7149493609869892e-07 5.344421463050614e-07 8.595873109632341e-07 6.64656567838737e-07 2.5710790264462773e-06 2.6659995698563177e-06 4.120234725136692e-07 7.559498950120276e-07 7.495733163338083e-08 2.5002092927529634e-07 5.232671523039696e-07 0.002223526812694532 0.000409588440999238 0.00016448030470189053 0.0 3.3262562785533817e-06 7.003874744070572e-07 2.656516072277365e-05 1.3293029389265452e-06 4.40212536384787e-06 1.2348708377268633e-06 0.0 8.03269296933247e-08 1.6576597919283142e-06 3.560057937410658e-07 1.1727108951164661e-07 8.212107844018765e-07 2.536438524923468e-05 1.0052682960533215e-06 7.298238703598124e-08 1.2774830735808276e-06 3.791130746267542e-06 9.375936907043378e-07 6.572474045875776e-07 1.509091918634907e-07 3.7790431865169107e-06 9.706962243816177e-06 5.549091460591328e-05 0.0004710809294129042 2.987333937419593e-05 1.2659326232251342e-05 7.93353814390048e-07 1.8441916030610653e-05 2.6633234190801055e-06 0.00011407585329859108 1.7518801218445807e-06 2.2633022497683665e-06 5.189217943156787e-06 5.752808350576569e-06 3.6095844578637203e-06 2.208226016103136e-06 1.9616047846857403e-05 3.8074730364370067e-06 1.9689918723599792e-07 0.00010274271273179142 4.9350697103697074e-05 3.2162714523955893e-05 2.9465900761633407e-05 2.787619333473235e-06 1.2665914971052743e-05 0.0008899771403146097 2.0588186148912012e-07 5.434363743141347e-05 5.92906080062979e-06 2.6344977577300695e-07 6.881375854923625e-07 1.2906673810396713e-05 3.057436602797793e-06 1.789324709287093e-07 1.228069220592376e-06 6.620989308473183e-07 3.7545586054603277e-07 3.8226707058617105e-07 4.763517709062492e-06 2.4641588193701016e-06 1.9422102043998567e-06 8.646595865877598e-06 3.2643492098765096e-06 4.6522382880362097e-07 4.933406659177245e-06 0.00025281716321187876 0.0 0.0 1.745259420414768e-07 0.0 2.1290321243042584e-06 4.91994157281374e-06 0.0 2.954798134492843e-06 1.9794700975301275e-06 2.8918396476748057e-06 8.400770700614916e-07 4.324461675450668e-06 6.707074858971609e-06 6.999353850547532e-06 4.862597392354174e-06 1.9972238806093007e-07 3.9135469497828007e-07 0.0 0.0 0.0 0.0 0.0 0.0 1.3055933612609676e-07 0.0 8.51432636673351e-08 1.5907982688194748e-07 2.065945375259871e-06 0.0 3.363224505265663e-07 0.0 5.234219425512409e-07 3.1505777376901506e-07 1.1526573764487883e-07 2.8388344706469064e-07 7.705660431365825e-08 0.0 1.328284576739714e-06 9.154606386925228e-07 7.194488176447522e-06 2.974004234082122e-06 1.1939998309005646e-05 4.807833209459619e-06 2.3589693975430494e-06 0.0 0.0 0.0 0.0 6.40811632764804e-08 0.0 0.0 0.0 9.936553998617267e-08 0.0 0.0 0.0 1.1074867167747108e-06 7.081437206041329e-08 0.0 0.0 0.0 0.0 1.9753714977120967e-07 0.0 0.0 1.2852192190495139e-06 6.953128145086044e-06 1.2431798219325478e-07 0.0 0.0 0.0 0.0 0.0 0.0 0.0 0.0 6.663043010318796e-06 8.080222546006789e-07 0.0 0.0 0.0 3.7288615945791205e-06 0.0 1.6846490728736938e-06 6.74723057447055e-07 2.3178756495774687e-07 5.915173640141378e-08 0.0 2.2173930507237636e-07 0.0 0.0 0.0 0.0 0.0 0.0 0.0 0.0 8.494727612178233e-06 2.2563949002407833e-06 6.081861359414833e-06
0.0004311388415458496 0.0014189292395240145 0.0002690559476036629 0.0 0.00014427632890745627 0.00014154817421660262 0.0003884548284610832 3.362305585416959e-05 4.419731943172253e-05 0.001405051727243417 0.000188888152934168 4.374604166576935e-05 0.0002054793645084266 2.7098220809051674e-05 7.723388779749997e-08 7.678904596089637e-08 1.248825500797914e-07 0.0 0.0 0.0 7.306282197163663e-08 0.0 0.0 0.0 0.0 0.0 0.0 8.207003887560285e-08 0.0 0.0 2.4652275079436484e-05 1.824004549957327e-06 6.482765762234318e-06 0.0 0.0 0.0 1.6681383601923694e-06 2.4292288815397e-07 1.3535027291670437e-06 0.0 0.0 0.0 0.0 1.3014651181293355e-07 5.3874746248960516e-08 0.0 4.052628949000123e-06 1.3950275586162472e-07 0.0 4.348468248926264e-08 0.0 0.0 0.0 0.0 1.0617064935917852e-06 3.260615401224603e-06 2.0914932564858208e-05 7.616736561037617e-05 1.368215881833148e-05 4.661913678037582e-06 0.0 2.358818646654715e-06 0.0 1.1422872766373754e-05 3.2316461161903353e-07 0.0 7.513786764746488e-08 0.0 0.0 0.0 3.1721357002689346e-06 5.609403775263866e-07 0.0 3.675659183385393e-05 8.05140900730815e-06 6.785822577729522e-06 2.9925543243966594e-06 2.587080349890549e-07 0.0 4.511509191035662e-06 0.0 1.1196616556816834e-06 1.3902681324850143e-06 1.5182454811014366e-07 3.54477163996779e-07 6.951795604946309e-07 0.0 1.0507249999798925e-07 0.0 0.0 0.0 0.0 0.0 0.0 0.0 1.1872987713881325e-05 1.7370254777085147e-06 0.0 9.351437714760928e-07 0.00027599209726183424 6.810933689432319e-07 2.2346677466197876e-06 2.261332858717682e-06 9.059421487372228e-06 1.0074512150282274e-06 5.788028838626114e-06 5.952899239792408e-06 4.926804539713458e-07 8.617497010285548e-06 1.3652964660401119e-05 8.920044427394528e-07 8.982193647176669e-07 3.358264300579809e-06 3.19612930479483e-06 4.796316960534453e-07 0.0 0.0 0.0 0.0 0.0 0.0 0.0 0.0 0.0 0.0 0.0 0.0 0.0 0.0 5.775380439276074e-07 0.0 1.0174755406826165e-07 0.0 0.0 0.0 0.0 0.0 0.0 0.0 8.851173952220185e-07 0.0 2.6157034851943287e-07 9.025740864248794e-07 0.0 0.0 0.0 0.0 0.0 0.0 0.0 0.0 0.0 0.0 0.0 0.0 0.0 0.0 0.0 6.186183517611881e-08 0.0 0.0 3.771346098858645e-07 2.033642841423316e-07 2.255409411024869e-07 0.0 0.0 6.580981036437308e-07 8.564264005179368e-07 0.0 0.0 0.0 0.0 0.0 0.0 0.0 0.0 6.199005714611663e-07 0.0 0.0 0.0 0.0 2.2483181631629092e-07 0.0 0.0 4.432386822880017e-07 5.903983929698951e-07 7.016272236558824e-08 0.0 0.0 0.0 0.0 0.0 0.0 0.0 0.0 0.0 0.0 3.519122772023672e-06 1.8108913635781984e-07 0.0
6.018890658453691e-05 0.0007447924316457378 0.0001893788598799617 0.00014427632890745627 0.0 2.1978522424421626e-06 0.0006322534335894548 0.0002151307230688772 0.0020475608248004813 0.000470701486723386 0.0008782397120959695 5.593039223331854e-05 0.00019503581776082697 0.0020266813081545373 3.287770890582493e-06 1.4764247125714487e-06 0.0 0.0 0.0 0.0 7.154972751947778e-08 0.0 0.0 0.0 9.247964526426735e-08 5.825901977806506e-08 0.0 0.0 9.028153866572599e-08 0.0 5.221133734679021e-05 3.624273199169582e-05 8.703170482128236e-06 0.0 0.0 0.0 4.7101997356064915e-06 6.393080580249296e-08 5.761685319884108e-07 3.767629705653479e-07 6.86563982998691e-08 0.0 9.505765288461594e-08 3.3362108921003693e-07 4.365341149834602e-08 0.0 1.2468988528436738e-05 3.1267178437218545e-07 1.1960878043548242e-07 2.0952662583558766e-07 3.538651713830662e-07 0.0 6.621686795514038e-08 0.0 9.991642391530579e-07 2.731437738155423e-06 6.2703993252540965e-06 2.512730128415849e-05 5.544520151934616e-06 6.394871091285825e-06 9.853743480746919e-08 4.2279281881122395e-06 6.526685922383805e-08 3.019297671512074e-05 7.109166558843354e-07 4.7322904681284727e-07 4.037638114881153e-07 2.7800451008813386e-07 9.8407653818756e-08 0.0 5.7223736108228335e-06 3.4827671143228684e-07 0.0 2.770695988153877e-05 1.5088372697622345e-05 1.9137642400451173e-05 1.9097102067532845e-05 9.514476442770974e-07 3.3840740932902624e-07 1.2630697932240612e-05 5.0457187837156884e-08 4.371761191649013e-06 2.6679021673851063e-06 0.0 6.701793733393924e-07 8.263486385384081e-07 5.4732897304783096e-08 5.6004883657149406e-08 5.008859976512362e-08 0.0 5.332994972066213e-08 0.0 3.990436398744764e-07 6.140660445599857e-08 0.0 3.026813975671184e-06 2.650578294695685e-07 0.0 2.1502261603135646e-06 6.582097152940243e-06 0.0 0.0 1.4202031948465694e-07 0.0 2.1006173705160887e-06 4.512022605907895e-06 4.1730898054419736e-07 2.2439016022098244e-06 1.5593543617956271e-06 1.7793726895300465e-06 9.193460811277526e-07 2.3293683393876596e-06 4.063762474384271e-06 6.1679613793269825e-06 1.7510331053297e-06 1.2690055982445017e-07 7.110631752811452e-08 0.0 0.0 0.0 0.0 0.0 0.0 0.0 0.0 7.454037646957232e-08 0.0 7.771869961685931e-07 3.1586590173313586e-07 2.1012196238374166e-07 0.0 0.0 0.0 0.0 0.0 0.0 0.0 1.4048254056950564e-06 0.0 3.1618181711358504e-06 9.527540818323542e-07 5.164659322434983e-06 5.633809600257649e-07 3.2664751340915154e-07 0.0 0.0 0.0 8.505427883150681e-08 0.0 0.0 0.0 0.0 7.200842577535568e-08 0.0 0.0 0.0 6.581001805055171e-08 0.0 0.0 0.0 0.0 0.0 0.0 0.0 0.0 6.491319802407022e-07 2.407741632902528e-06 2.478390990517229e-07 0.0 0.0 0.0 0.0 0.0 0.0 0.0 0.0 2.3655896506634883e-06 1.9293268314690888e-07 0.0 0.0 0.0 9.858757043397253e-07 0.0 9.351115846929914e-07 2.970174020616816e-07 1.2444612548038315e-07 3.1761306399810703e-07 0.0 0.0 0.0 0.0 0.0 0.0 0.0 0.0 0.0 0.0 6.761796516519983e-06 3.1787928657192267e-07 2.3943947629757635e-06
7.885803346749085e-05 0.0001932204411580446 2.6725991943412093e-05 0.00014154817421660262 2.1978522424421626e-06 0.0 1.6784138603217947e-05 5.638140021767045e-06 1.2324986178321847e-06 0.00039167738462441744 4.474356283734895e-06 7.559907577708764e-05 5.381513024245817e-05 7.166554357975017e-06 7.588175013377511e-08 0.0 0.0 7.456232533047627e-08 0.0 0.0 0.0 5.180194417855755e-06 0.0 0.0 0.0 0.0 0.0 0.0 9.870475941882486e-08 0.0 2.325973672201359e-06 0.0 8.106267609646023e-06 0.0 0.0 0.0 9.68592396329167e-06 3.656089647622194e-07 4.45374157322473e-06 0.0 0.0 0.0 0.0 0.0 0.0 0.0 0.0 0.0 0.0 0.0 0.0 5.90605825259028e-06 4.58511604557983e-06 6.204435564536338e-07 0.0 7.246704168869577e-08 8.869097248849845e-05 3.145515144633151e-06 7.737369732963525e-06 1.2784806168293564e-07 0.0 5.173303248636847e-06 0.0 3.329372664558668e-07 0.0 0.0 0.0 0.0 0.0 0.0 3.813893789141995e-05 5.777337851317345e-05 6.8915664393109646e-06 5.052602985840984e-07 0.0 0.0 8.070558642789438e-08 0.0 0.0 5.7753216741516105e-06 0.0 6.482294236840887e-07 0.0 3.0446869724467225e-07 0.0 3.361777609639295e-07 0.0 3.7173248286382895e-06 4.183433720783831e-07 6.236852989086023e-06 2.720272378231252e-07 1.9535244716544337e-06 0.0 0.0 4.0377774567534197e-07 0.0003678453799364301 0.00017867615382366936 1.1144403853521707e-05 4.002821528873344e-05 0.0003355188097092518 0.0 2.1060500200870451e-07 3.533675845764287e-07 0.0 5.357164885689254e-07 7.270056787059288e-07 5.413512341751082e-07 2.9295813452919723e-07 6.519141150122094e-07 2.9280694722541236e-06 1.4990669433893867e-07 9.766493785173104e-07 2.6935201157062878e-06 3.142066264034892e-07 2.2394124517350996e-07 0.0 0.0 0.0 0.0 0.0 0.0 0.0 0.0 0.0 0.0 0.0 0.0 0.0 0.0 0.0 8.986304644121227e-08 6.802269927828027e-08 1.0707217937882101e-07 0.0 3.9811691120843886e-07 0.0 0.0 0.0 0.0 9.304834857603473e-08 0.0 5.909928877943295e-07 0.0 0.0 0.0 0.0 0.0 0.0 0.0 0.0 0.0 0.0 0.0 0.0 0.0 0.0 0.0 0.0 0.0 0.0 0.0 0.0 0.0 0.0 0.0 0.0 1.819418482315635e-07 0.0 0.0 0.0 0.0 0.0 0.0 0.0 0.0 0.0 1.0955528264979198e-07 3.471805858676928e-07 9.08824836556199e-08 0.0 0.0 1.0510505274792519e-06 0.0 0.0 0.0 0.0 0.0 0.0 0.0 0.0 0.0 0.0 0.0 7.225489986386023e-08 6.890322005686658e-08 0.0 0.0 1.9201257756566014e-06 1.0568813855629157e-07 5.8667630898045143e-08
0.00017449198323323868 0.0007955332941001345 8.862341039965277e-05 0.0003884548284610832 0.0006322534335894548 1.6784138603217947e-05 0.0 6.875808572558644e-05 0.0007025666970025698 0.001485133654167575 0.0005906376472006428 0.00041335652498409784 0.005195127755899731 0.0030781328985139715 1.0805770034235883e-05 5.1027032279260326e-06 1.0452635259461274e-06 2.9077054032797926e-07 2.0354231785818418e-07 1.0657473895891736e-07 7.305215861299405e-08 1.7639494381485072e-07 0.0 2.0501780464350445e-07 5.537601173810864e-07 0.0 1.1350238134747744e-07 2.5142271491471745e-07 0.0 7.11685867850184e-08 9.55762201856148e-05 6.774918175488795e-05 3.127605184749862e-05 8.04521635441182e-08 2.694996558579963e-07 2.5124878917658305e-07 1.961015283021305e-05 5.15288293056004e-07 3.325804757822048e-06 5.59695426973925e-07 4.2746645865676295e-07 6.536865289887667e-08 1.0225092772547093e-07 4.814937261586203e-07 1.110357374348917e-07 4.842641499914206e-08 4.524373738632459e-05 1.2946091549199136e-06 4.021653461226197e-07 2.619540784692469e-07 6.545948129263414e-07 3.3918566525027447e-07 1.3430581180506513e-07 6.337770640163508e-08 4.532762591440122e-06 1.1663003611204167e-05 3.098804386271649e-05 0.00012483428859232085 2.754579381039586e-05 2.4659207927703266e-05 2.4786258497333207e-07 1.0045544859767259e-05 0.0 8.637926555301173e-05 2.319075613656789e-06 9.883850382835651e-07 1.1923759811605051e-06 8.656681747153565e-07 6.36557922478522e-07 4.3968562008110916e-07 2.8641485228534035e-05 1.389830564239248e-06 0.0 0.00011205119648916661 5.3376710730387146e-05 6.637112388625858e-05 5.473022194083558e-05 2.6636969477044058e-06 9.491540889535122e-07 3.824365720597505e-05 2.806854779028062e-07 1.1691759926413638e-05 9.514752056968681e-06 2.264070519369616e-07 1.7534627911665782e-06 4.647130237323769e-06 1.1368927420547814e-06 2.8863617142826547e-07 4.055367149453138e-07 5.5943817516214203e-08 1.254213173044901e-07 5.9296348196098294e-08 1.164931080655243e-06 2.230998142274423e-07 4.660496238166812e-07 2.7105667474754205e-05 2.7540018442033486e-06 1.6227436510475766e-07 4.930510329029593e-06 6.841197092205821e-05 6.080464848272414e-08 0.0 1.8526179688416488e-06 6.886765631479907e-07 4.954644089703962e-06 9.701376812240951e-06 2.696485668480701e-06 9.867258471262904e-06 9.362614717005022e-06 1.15417584603883e-05 6.107060682848523e-06 1.3520830966974754e-05 2.8269591702879564e-05 2.175454189728301e-05 6.735280824106064e-06 1.8991963702653802e-07 8.041620730262065e-08 0.0 0.0 0.0 0.0 0.0 0.0 0.0 0.0 0.0 0.0 1.4861691605145064e-06 0.0 5.7031900959618335e-08 0.0 9.485311402076889e-08 0.0 0.0 4.2210382769043245e-07 2.222234727901069e-06 7.754638870738251e-07 2.648395824030152e-06 4.6349985053762047e-07 1.4837105299032227e-05 4.562994132683542e-06 1.649318536767156e-05 3.3343414557413793e-06 2.2243689275411214e-06 0.0 0.0 0.0 6.216430219031422e-08 0.0 9.1623200528811e-08 0.0 0.0 1.156432260303291e-06 0.0 0.0 0.0 5.313370137799392e-07 0.0 0.0 0.0 0.0 8.988163115198931e-07 3.198871087148239e-07 0.0 0.0 6.831527146418568e-07 9.925440240016773e-06 1.0463426386274988e-07 0.0 0.0 0.0 0.0 0.0 0.0 0.0 0.0 1.5870517785018324e-05 6.029311879714768e-07 0.0 0.0 0.0 5.356599631614902e-06 1.0621117835627416e-06 2.7594718452643597e-06 5.895381055826756e-07 1.4062687239956169e-06 3.038047190421073e-07 3.572655430774008e-07 0.0 0.0 0.0 0.0 0.0 0.0 0.0 0.0 0.0 2.7243168360008575e-05 1.9307186170647545e-06 9.01567767291657e-06
9.231646803610875e-05 0.00048565493345552915 0.001775934727177182 3.362305585416959e-05 0.0002151307230688772 5.638140021767045e-06 6.875808572558644e-05 0.0 0.0003117240644111903 7.718825769848718e-05 0.002184889242388057 2.223488434210048e-06 4.945440718693787e-05 0.0004225687038278703 2.7857387735523082e-05 2.426267360804887e-05 5.522991507873867e-06 1.4740977792427151e-05 5.395805374979223e-06 1.0680500849344528e-05 1.2840355940169814e-05 7.673133116124886e-07 3.101069588772184e-06 8.513132733880424e-06 8.680768595454327e-06 2.8501929649934423e-06 4.9986631295175664e-06 1.0239407839756838e-06 5.380963800433737e-07 7.611273238871332e-07 0.0006842244966232665 0.0031747257618944496 0.00015208387577272952 1.0364736160314081e-05 1.8216737135923034e-05 2.4250200936823626e-06 1.3880242878089459e-05 2.661803668606143e-06 4.991883182194272e-06 1.8573133324784888e-06 2.5970031700687818e-06 1.2508479890617107e-06 2.4083750203948493e-05 7.474768745442339e-05 1.2499695671029206e-05 4.89191397625479e-05 6.980052256487352e-05 6.63049139030545e-06 6.254825382453831e-06 5.01634126770949e-05 3.645770646387518e-05 4.078104174830403e-06 1.963183109523953e-06 2.0852837855836075e-06 3.2676834376400787e-06 1.0071922939502207e-05 1.5051448286289338e-05 0.00013732865154102324 1.5271865636812668e-05 1.6481312205016384e-05 6.148952107222887e-05 0.0001749814044094542 2.138568906196868e-05 0.00019559834357529954 8.897705194242695e-06 4.2214677522510025e-05 5.547965654201533e-05 0.00010098883616022335 8.46687488326456e-05 3.135809764107143e-05 1.0347905441658012e-05 5.5814776695424e-06 2.6288257932968092e-06 7.508532498389711e-05 6.593745428518112e-05 6.873537128036287e-05 0.00022806849561552857 0.0003695075396199597 0.0013679810846530089 0.002206981951606701 0.00020258404662961338 0.001659847053442806 7.730332131264933e-06 1.351264192382452e-07 1.0053175789771005e-05 0.0001059620713948588 0.00010375507363893318 9.79155423334224e-07 4.3993026387798234e-06 2.4549038337699533e-07 8.094419410503552e-06 2.1177881043835796e-06 6.168258830765709e-05 1.507469150326844e-05 7.800330415582571e-06 7.410110428222424e-06 3.1066855968764365e-06 3.2425473990212587e-07 3.419616915778536e-06 4.0467815153636035e-05 5.955129899140886e-08 7.466238981222146e-08 3.7475102672097227e-07 0.0 6.380070642263378e-07 1.6968088607537146e-06 0.0 3.690201233290033e-07 0.0 4.83258216953209e-07 9.408055986280342e-07 1.6455568661452157e-06 3.07843707894829e-06 2.743782092259294e-06 2.2551346431254657e-06 2.590153190417105e-07 0.0 0.0 0.0 0.0 0.0 0.0 1.3287093818921246e-07 0.0 0.0 0.0 1.3874193368545885e-07 5.043841305235509e-06 0.0 2.1573496269807234e-06 6.799441004196717e-08 1.3644891816295448e-06 6.098179198425162e-07 8.814710114723077e-08 1.540211679684195e-07 0.0 1.136577159704152e-07 2.7588578810043258e-06 1.874728532191479e-06 4.285997746860042e-06 4.177022974527018e-06 1.2883765672651357e-05 4.917600716276785e-06 3.0809258135339276e-06 0.0 0.0 0.0 0.0 9.070493484582312e-08 0.0 0.0 0.0 3.0212630822159744e-07 0.0 0.0 1.057620181110225e-07 2.376318178850149e-06 3.4815145928315163e-07 0.0 0.0 0.0 0.0 0.0 0.0 0.0 1.755004742103644e-06 3.955062117707572e-06 0.0 0.0 0.0 0.0 0.0 0.0 6.72266116230171e-08 0.0 0.0 3.7557013826471595e-06 1.974610936287301e-06 0.0 4.828891302513635e-07 1.5144377334251883e-07 1.6190490145707266e-06 0.0 2.42900092079844e-06 2.7623916842065487e-07 5.475661790262499e-07 8.967608267713732e-07 1.5649305435591063e-07 1.7616482386926649e-07 0.0 0.0 0.0 0.0 0.0 2.2362118887832751e-07 4.0788731534923945e-07 0.0 2.404549029729356e-06 2.7105786395677103e-06 6.401100592467812e-06
2.1502404266156936e-05 0.00048606928396018257 0.00022428797929813777 4.419731943172253e-05 0.0020475608248004813 1.2324986178321847e-06 0.0007025666970025698 0.0003117240644111903 0.0 0.00019291308499619887 0.0009445255965196041 5.041281695225393e-05 0.0010281853916969787 0.0018018172796478973 7.130996151155937e-06 3.574770403431489e-06 4.448836711873434e-07 1.3059060799211168e-07 1.8173721787600772e-07 5.377454452965235e-08 6.345409740376833e-08 8.935663983386137e-08 7.706691542922258e-08 6.204743068169092e-08 2.4297956726747573e-07 1.0779997762275143e-07 9.509800987729936e-08 1.3887039719356747e-07 2.2648341549158224e-07 0.0 4.286598088004659e-05 4.878647863771954e-05 2.2710540128717185e-05 2.3760817139545698e-07 5.050979099504241e-07 0.0 1.1020171690551161e-05 3.7836445973181427e-07 1.7157629052602618e-06 6.734780154028846e-08 6.297007424293748e-08 1.5721086170525696e-07 1.552978707183665e-07 3.931851924660707e-07 1.1371005837693109e-07 6.244609573802418e-07 2.445838512769119e-05 3.9175962813157263e-07 2.4315715724854136e-07 1.616229578629605e-07 6.125443453126289e-07 5.105032400971794e-07 1.6483465993031258e-07 0.0 2.1518538252578747e-06 3.086359268231921e-06 5.651901381156069e-06 2.2689391852285956e-05 5.625924808209926e-06 9.648096496772229e-06 1.989142097763695e-07 7.266159510171549e-06 4.0776145020565633e-07 3.119626559263211e-05 1.0515551454236986e-06 6.054893830623183e-07 1.6302641459844013e-06 1.656568629788914e-06 6.714970552256413e-07 5.623092810457208e-07 9.236738361112998e-06 5.626143189769291e-07 0.0 2.9909927482593607e-05 1.8701816486187647e-05 3.243486545856911e-05 3.0429908140645694e-05 2.175558050658496e-06 1.2663181711151992e-06 7.989239606284909e-05 1.7487755840155643e-07 9.781508553523054e-06 4.2924723360311475e-06 7.251889461457038e-08 3.650386694947216e-07 1.8852090675272703e-06 8.136075603748028e-07 1.8102338126681657e-07 2.4902610333051416e-07 6.867001684070096e-08 2.041024438222661e-07 2.1789996988371864e-07 1.0899144212233914e-06 4.3040629311187595e-07 4.144528106820549e-07 8.605663170766747e-06 5.583253249132077e-07 1.0266771362961851e-07 3.134230456647979e-06 3.953568510989354e-06 3.0073799473627434e-07 1.2242071863108038e-07 3.2257885882736014e-07 7.23823844106864e-08 3.1275837395508136e-06 3.8033113896825487e-06 1.2543845370151927e-07 3.9048951369956515e-06 3.348958797832732e-06 4.636516490060191e-06 3.0529678458249258e-06 4.381534098088046e-06 1.1765902474061095e-05 9.701241308445864e-06 4.5238744555695435e-06 6.703154672560023e-08 6.598218714788014e-08 0.0 0.0 0.0 0.0 0.0 0.0 0.0 0.0 0.0 0.0 1.7326894065861096e-06 6.813153781488452e-08 0.0 0.0 4.5721013866217407e-07 7.359558276566278e-08 3.6917526581935287e-07 8.100214307771133e-07 5.612075058681179e-07 0.0 1.3170047240913439e-06 1.8194983545772824e-07 7.274279207181214e-06 3.5278921196343316e-06 1.0294306396523882e-05 3.5944094234877354e-06 1.4727907716941138e-06 0.0 0.0 0.0 0.0 0.0 0.0 0.0 0.0 0.0 0.0 0.0 0.0 1.4658572829853714e-07 0.0 0.0 0.0 0.0 1.8906686568318376e-07 0.0 0.0 0.0 6.45505459340939e-07 4.933288351248796e-06 3.0528333941844866e-07 0.0 0.0 0.0 0.0 0.0 0.0 0.0 0.0 6.738969541069365e-06 2.7898341190102623e-07 0.0 0.0 0.0 1.4359691238482531e-06 7.113188946068084e-08 2.198195464437974e-06 2.3747368773291943e-07 0.0 7.437942883030919e-08 0.0 2.3203800521182123e-07 0.0 0.0 0.0 0.0 0.0 0.0 0.0 0.0 1.3571704986461911e-05 1.356987053653231e-06 5.6419220008035525e-06
0.0011077525470595275 0.0012052213215277905 0.0002126322788707641 0.001405051727243417 0.000470701486723386 0.00039167738462441744 0.001485133654167575 7.718825769848718e-05 0.00019291308499619887 0.0 0.0002086909591324906 0.001270879651686823 0.004988410490622662 0.00043429293185151644 1.4133544526202518e-05 6.4305256800453794e-06 9.950069657022727e-07 4.511854370954038e-07 1.7588546308608936e-07 2.2703556795325568e-07 3.192339951526605e-07 0.0 5.715156936977492e-07 5.104009249194015e-07 0.0 4.435445756666859e-07 0.0 2.1630625293790163e-07 7.736394326133908e-08 6.586666971654479e-08 0.00017100686552308647 4.8181086784818635e-05 9.832604114235734e-05 2.6055456182420013e-07 1.4179430751679085e-07 1.0331318763410998e-07 0.0001238573443588995 1.7294072513285159e-06 1.1482702511231252e-05 9.659891305928123e-08 1.735338974446375e-07 6.372554872873306e-08 1.438095450626777e-07 1.3623956820760825e-06 3.6429148415772926e-07 2.9261246970476506e-07 8.841166106509817e-05 2.6928395317586038e-06 9.760963568844049e-07 2.2704419562138093e-07 5.268397296923161e-07 2.656762585249846e-07 4.61964917014608e-07 2.355937847224605e-07 1.1826000646442586e-05 2.4862101500728375e-05 8.091615929344037e-05 0.0002736889324725981 6.879166795395182e-05 4.185112368567866e-05 1.0688974765653382e-06 4.937051951430871e-05 1.0529179647444077e-07 0.00014776812592405227 4.209233206953306e-06 1.038542064697584e-06 6.914090911150706e-07 5.699649732804101e-07 1.145568873338088e-07 0.0 0.0003999872517937091 2.297366744653766e-06 0.0 0.00023218661394073706 0.00010875292453250892 0.00011252719700281777 7.248932116861268e-05 3.150182328823728e-06 8.435959006455948e-07 9.349473079449253e-05 6.773660241805412e-07 3.270791298905411e-05 1.7210191679661218e-05 7.857484974901387e-07 2.854650674342491e-06 5.978725354623685e-06 9.792369561703831e-07 3.702803026763689e-07 5.326163377673389e-07 7.51179178803948e-08 8.454358675252296e-07 0.0 6.020726160537944e-07 3.3485221079073684e-07 1.7315528920067344e-06 0.0003851162370370664 2.4940764973920968e-05 1.0963382645182972e-06 4.207380621537214e-05 0.0005858165353786457 5.489974844654654e-07 1.20333204465198e-06 1.1902564133319574e-05 2.0696671170703243e-05 1.9837062674834872e-05 0.00010436342085700673 1.5291454473666725e-05 3.9801648478549424e-05 4.739712646075187e-05 8.455580025518514e-05 1.666971288297224e-05 4.416498612922436e-05 9.941411840549654e-05 7.022177182340856e-05 1.9172168105039853e-05 2.3676710184163845e-07 1.5326617381409433e-07 0.0 0.0 0.0 0.0 0.0 0.0 0.0 0.0 0.0 0.0 2.7199769515040364e-06 0.0 1.0944332699067421e-06 9.903287613353891e-08 5.065876785914639e-07 0.0 0.0 2.7753611371113955e-06 3.390051722372935e-06 1.096766811681591e-06 8.471164247412243e-06 1.951639463406632e-06 2.7811908680172087e-05 1.007457521094246e-05 4.036522111827939e-05 7.402315563375129e-06 2.4673485405544516e-06 0.0 0.0 0.0 0.0 8.233283965951519e-08 0.0 0.0 1.6340109007130808e-07 4.77923097543668e-07 0.0 0.0 0.0 8.996444212731823e-07 2.2464574047924848e-07 2.308125927137407e-07 1.2077126036177138e-07 6.0525562174673e-08 1.303058212931534e-06 3.309035018389793e-07 3.8625029935960046e-07 9.934822609522869e-07 2.2928670680579613e-06 1.4253091073977784e-05 1.554781597048372e-06 0.0 0.0 0.0 0.0 0.0 0.0 0.0 0.0 3.551923576109928e-05 1.6134432535378424e-06 0.0 0.0 0.0 1.0765107482118557e-05 1.0985274415260747e-06 7.83067023726317e-06 2.216167487264364e-06 1.6141546930642674e-06 1.0127001400990543e-06 7.80371054016178e-07 0.0 0.0 0.0 0.0 0.0 1.0233032880481868e-07 0.0 0.0 0.0 0.00012485155545195203 3.955794765012061e-06 1.5032623121578173e-05
0.00010618063913756372 0.0008535056603961417 0.0014016482134905034 0.000188888152934168 0.0008782397120959695 4.474356283734895e-06 0.0005906376472006428 0.002184889242388057 0.0009445255965196041 0.0002086909591324906 0.0 3.207054817374954e-05 0.0011030337878948865 0.0029748059643329803 1.757935528028772e-05 9.681852380975201e-06 1.3929525678354445e-06 9.864822669205303e-08 8.529176385963702e-08 1.7163540331898186e-07 1.3006521594029987e-06 1.2043901416878759e-06 1.0823374713277476e-06 1.939546372982214e-06 4.562280735234552e-06 1.0697611674441197e-06 1.771672395087393e-06 1.8920994041716304e-07 8.723586751696936e-07 6.985215010092397e-07 0.0003824958095879271 0.00015852042261361247 0.0005556247282477824 2.1072942158329108e-07 3.6879323487056834e-06 1.4202831768982667e-06 0.00012084325499517165 1.793502943488329e-06 7.84000586365532e-06 1.227704758796403e-06 5.910712870394675e-07 5.852599532864286e-07 1.6316154739465041e-06 7.903194095302936e-07 1.9769119893564093e-07 2.5889188757757734e-07 3.674885081645175e-05 8.589979716965819e-07 4.92617411609504e-07 1.1310678126338381e-06 3.8122653721358396e-06 4.230256203787886e-06 1.7318262600829953e-06 8.347091874710847e-07 2.261014751195893e-06 3.541572087999346e-06 1.2740060881020487e-05 7.75589523030678e-05 8.835069732625787e-06 1.0427498113792779e-05 1.6326274545866577e-07 1.614678179343788e-05 2.698112615215098e-06 4.191725360448849e-05 7.57482170700904e-07 1.478689127785831e-06 4.824671402988283e-06 4.279702412819099e-06 2.746976721973813e-06 2.808747390236852e-06 6.315132716317751e-05 7.2179065680265766e-06 6.510978991810441e-07 3.6689714285972316e-05 2.5292431663589487e-05 3.9286975970438455e-05 4.408460886079294e-05 2.8146157141752055e-06 3.029681376140563e-06 0.0009593660770667073 3.2764718383990643e-07 5.131374053740402e-05 3.199207401520047e-06 0.0 6.060586947939481e-07 1.1028396182163912e-05 2.031307410344684e-06 4.381691724578285e-07 9.144133285290767e-07 1.4206866370350504e-07 1.1389735745811818e-06 6.475551755372287e-07 5.904732935720945e-06 2.3184710867665016e-06 6.162112675785548e-06 2.4589450033275505e-05 4.693129656342267e-06 6.954567757972403e-07 5.369234801263872e-06 3.1221936642741e-05 8.43876702423183e-08 0.0 2.800893536110408e-06 3.328684280942822e-07 4.560362396557292e-06 5.629706334362477e-06 0.0 1.0121078648634716e-05 2.5484220929107604e-06 5.225483005767691e-06 5.384693002478113e-06 8.93351714416653e-06 1.5781564408614077e-05 1.6243060238489286e-05 9.039200817927445e-06 4.058852251618849e-07 6.906516129608557e-07 0.0 7.508615195915322e-08 0.0 0.0 0.0 0.0 1.0879268919414676e-06 0.0 7.086506944600771e-07 2.759064222254833e-07 3.3617957066992647e-06 0.0 2.0419492821595006e-07 0.0 7.379091847853722e-07 2.2096674908457675e-07 4.540441184049485e-07 5.597835289147649e-07 1.9833432251813736e-06 0.0 2.392940433648067e-06 1.907534206381386e-06 1.39943186425496e-05 9.886803689444858e-06 2.5244669762019402e-05 8.720157207871302e-06 4.646447539917616e-06 0.0 0.0 0.0 0.0 1.4495319599532749e-07 8.577874677724252e-08 0.0 0.0 5.096700434048897e-07 0.0 0.0 0.0 1.1946478849712395e-06 7.309842825734862e-07 1.3037447712877925e-07 0.0 0.0 0.0 2.0676563479794877e-07 0.0 0.0 1.105008714166497e-06 1.2956432344673728e-05 2.588658719102241e-07 0.0 9.282710332618906e-08 0.0 0.0 0.0 0.0 0.0 0.0 1.2263283854365164e-05 2.942979446000993e-06 0.0 0.0 7.827117504426431e-08 5.074647313768341e-06 1.0171405529405834e-06 3.8627724824238185e-06 5.04107265176727e-07 1.6806326692067098e-06 6.235965757390609e-07 2.3825543863743794e-07 1.4143850541104072e-07 0.0 0.0 0.0 0.0 0.0 0.0 2.761199089784359e-07 1.174744023865978e-07 1.9956064128733784e-05 3.5180023691341887e-06 1.2329833733841433e-05
5.3747342077600415e-06 0.00012687670408420546 8.120977774650385e-06 4.374604166576935e-05 5.593039223331854e-05 7.559907577708764e-05 0.00041335652498409784 2.223488434210048e-06 5.041281695225393e-05 0.001270879651686823 3.207054817374954e-05 0.0 0.0012624072439847479 7.542757530116598e-05 1.3456214092296642e-06 2.3660270039037394e-07 0.0 0.0 0.0 0.0 0.0 1.3251397322384543e-06 0.0 2.2432319560959088e-07 9.726517672472822e-07 0.0 1.549212633980705e-07 3.131430444396603e-07 1.1938676665528412e-06 2.870198743287549e-07 2.242767283431456e-06 2.066499760119235e-06 3.58434834378415e-05 0.0 0.0 1.0728884089406358e-07 0.00014462603880905698 3.0531296168895666e-06 1.9009652069161295e-05 7.866820056917864e-07 0.0 5.876819949910497e-07 8.608069686328412e-08 0.0 0.0 7.70749575504125e-08 2.233217346860978e-06 0.0 0.0 0.0 2.3328777280274306e-07 7.14059693424349e-07 9.786918028244214e-07 6.842735704152975e-07 0.0 2.1539440997286068e-07 2.4259428104369763e-06 1.0662666050357348e-06 1.5327805401246188e-07 7.888076508570809e-07 1.3070110252864242e-07 1.5621577747938136e-05 0.0 2.8578646042329486e-06 6.61110532195068e-08 0.0 5.7289427246527257e-08 0.0 0.0 0.0 8.248235900998182e-05 5.118749990727403e-06 0.0 1.4153594865533324e-06 3.9733533413816685e-07 1.045868967753501e-06 1.102309685888538e-06 9.503180647692371e-08 1.4469194142129127e-07 1.4211610810139862e-05 0.0 9.555468067691364e-07 0.0 0.0 0.0 1.4052192317549194e-07 8.775982589370677e-08 0.0 1.787937923713304e-07 0.0 0.0 1.867281363284548e-07 0.0 3.316122103379009e-07 2.119068274669284e-06 0.0006067464873916547 0.00010735875527133523 5.547871301089699e-07 9.915115524209975e-06 2.6983224294908654e-05 4.651805440762609e-07 5.201158667864215e-07 5.269170708358438e-06 1.3182977169400154e-07 1.5537316889778585e-05 5.060793126434265e-05 5.1384851731440205e-06 2.5322697692632477e-05 2.54081232676906e-05 5.634711670993289e-05 1.5375312612772336e-05 3.9122877160022435e-05 9.09679747478906e-05 6.254587450031246e-05 2.2804545498863986e-05 0.0 1.4695164023809251e-07 0.0 0.0 0.0 0.0 0.0 0.0 0.0 0.0 0.0 0.0 1.8309570963889805e-06 9.030215174768377e-08 0.0 0.0 0.0 0.0 4.0278697738783824e-07 2.5743842330398645e-06 1.9466026481385437e-06 0.0 1.5630357045272107e-06 0.0 1.6520070682013825e-05 1.7494738761834568e-06 1.489855909033696e-05 2.5302894701136e-06 1.125773997156165e-06 1.5974909787985756e-07 0.0 0.0 0.0 2.3560004275533185e-07 0.0 0.0 2.579697838174118e-07 1.951062333708499e-07 0.0 0.0 0.0 3.6917461622822147e-07 0.0 0.0 0.0 0.0 3.265661910039223e-07 4.6345459873852457e-07 1.0953575831916715e-07 0.0 1.3922384979223962e-06 1.0398292167155755e-05 7.136067911682143e-07 0.0 0.0 0.0 0.0 0.0 0.0 0.0 0.0 3.3307764268764545e-05 3.6292220094780425e-07 0.0 0.0 0.0 9.35060268365988e-06 0.0 3.5586103647456452e-06 4.414018718723146e-07 3.309244488656736e-07 6.801860365194272e-07 0.0 2.2683372352022827e-07 0.0 0.0 0.0 0.0 0.0 0.0 0.0 0.0 0.0001172906164680835 1.365671702814612e-06 6.1037828322758205e-06
