0.0 0.0034088754556406906 0.0008075287530168929 0.0010625986593349188 0.00022065207563302022 0.00015512808266664638 0.0009406926519862741 1.9739321352984647e-05 0.00024101258629841672 0.0017852115485937712 0.00015925063474432995 0.00012127633620849286 0.00035123429487087687 0.00031716379306561294 1.3696392413741473e-07 4.561445845074418e-07 3.2089264051375175e-07 0.0 0.0 0.0 0.0 0.0 0.0 0.0 0.0 0.0 0.0 0.0 0.0 0.0 0.0007642531288141315 9.268932557859664e-06 3.637266036812661e-05 0.0 0.0 0.0 1.301138038472958e-06 5.354060086102027e-07 1.2972279808793393e-06 0.0 0.0 0.0 0.0 2.3506635711320907e-07 0.0 9.271391990198014e-08 2.1763278561482717e-05 3.5827170400912775e-06 1.6717083247614592e-07 0.0 4.1950562460316563e-07 1.230182458958711e-07 0.0 0.0 1.1176826020710522e-06 1.0411300616916494e-06 0.000267509326491814 0.0010715933201187026 3.8761763479112346e-05 5.110486723499414e-06 5.70285320951378e-07 2.0124079381132104e-06 0.0 6.253352445130731e-06 2.5696799467637963e-06 6.276445301176451e-07 4.209694350950604e-07 3.0215884031317807e-07 7.880211858029442e-08 1.0067571407652289e-07 1.3218325705895696e-05 0.0 0.0 0.00020798486861370332 5.8130422418269655e-05 1.686484585088274e-05 3.221838140084284e-06 2.530261993518344e-06 2.988004216889297e-06 2.4829796975770232e-05 3.127874346385388e-07 3.7576097986860166e-06 2.702342154813744e-06 0.0 1.8454439156582387e-06 1.6312774047340516e-06 6.369440086794093e-07 0.0 8.549640325888203e-08 0.0 1.667453267321889e-07 0.0 0.0 0.0 8.408202850342732e-08 1.7932504033082077e-05 7.006212283888713e-06 0.0 2.0403553419396922e-05 0.00031633429286105034 0.0 1.3823372176444312e-06 0.0 0.0 0.0 0.0 0.0 3.8840913410230835e-07 9.730750799534442e-07 6.080565437659723e-07 0.0 1.088652271380334e-06 2.540765927424652e-06 1.7019600996952243e-06 3.792525960855939e-06 0.0 0.0 0.0 0.0 0.0 0.0 0.0 0.0 0.0 0.0 0.0 0.0 6.184394844342516e-07 0.0 0.0 0.0 0.0 0.0 0.0 0.0 0.0 0.0 0.0 4.7315645333034394e-07 1.3836358981790994e-06 5.408047636815076e-07 9.297276829001197e-07 2.9124239007919816e-07 9.378038124209267e-07 0.0 0.0 0.0 0.0 0.0 0.0 0.0 0.0 5.984807152244038e-07 0.0 0.0 0.0 5.500823281663695e-07 0.0 0.0 0.0 0.0 0.0 0.0 0.0 0.0 6.681659844183529e-07 0.0 0.0 0.0 0.0 0.0 0.0 0.0 0.0 0.0 0.0 0.0 0.0 0.0 0.0 0.0 0.0 0.0 0.0 0.0 0.0 5.105736151575217e-07 0.0 0.0 0.0 0.0 0.0 0.0 1.0263752537804362e-07 0.0 1.5714278948221614e-07 0.0 8.479292756680385e-07 7.359844804520397e-07 1.8019831148887815e-06
0.0034088754556406906 0.0 0.001274189738083744 0.0016655818609572974 0.0013942575020326074 0.00021034857976569678 0.0022804488784695584 0.0004019183327208941 0.0016950763495037122 0.0011286281392159352 0.001786353174060538 4.2427538003788884e-05 0.0005998213347657585 0.001248144594437541 4.999267193439448e-06 6.161321279567853e-06 1.238522637381224e-06 1.5538290456112008e-07 6.85833762391105e-08 8.329709748136323e-08 0.0 0.0 0.0 0.0 1.8650606223273252e-07 1.0438959528714929e-07 0.0 0.0 0.0 0.0 0.0007888043426867396 5.824222407771365e-05 7.487743915858139e-05 7.503499797135565e-08 1.1189153208188681e-07 1.69099781563238e-07 2.773937188634827e-06 7.61245898480956e-08 3.8324298511909135e-06 7.840161197378166e-07 0.0 7.277469712303298e-08 9.964962733138554e-08 1.0247449485228428e-06 0.0 5.05761982889072e-07 5.0874557354085256e-05 4.018362272554916e-06 2.338542707091217e-07 0.0 2.2228172143889565e-07 0.0 2.9159632051971753e-07 0.0 1.1755142782606167e-06 1.7706964590961586e-06 8.222230528803044e-05 0.0003082025854642601 1.604529556589698e-05 1.4681905473951264e-05 3.3253096761838396e-07 1.0867563298894422e-06 0.0 6.764007487135279e-05 4.371307226414147e-06 7.739267019002906e-07 1.324958183151619e-06 1.4953117193149935e-06 2.4795503273074695e-07 1.6888490730417784e-07 2.7008991184869796e-05 0.0 0.0 0.00013840377731247846 0.00013332046297029297 9.734166891107654e-05 5.267553576818426e-05 1.1012778582092567e-05 3.6950825760894805e-06 8.044817650771145e-05 6.519428028077881e-07 5.062254682858331e-06 3.204703551243939e-06 0.0 4.053668152817076e-06 3.029215267373316e-06 1.087139072623598e-06 0.0 7.407025877364501e-07 0.0 3.653771366465457e-07 1.2272574963844672e-07 0.0 8.134111331862346e-08 8.428774667782458e-08 1.1954973066443595e-05 1.5155102379017929e-05 0.0 4.93838397818417e-05 0.00027453384231409844 0.0 4.51565311474765e-06 2.3246680641636717e-07 1.3086203754312457e-07 0.0 2.200112509872707e-06 0.0 3.3949861393961682e-06 9.792576848811453e-06 1.2149489723654671e-05 2.734290451951799e-06 7.811353514420848e-06 1.884491223119758e-05 3.916757396870575e-06 1.2062091477591741e-05 0.0 0.0 0.0 8.954784314231222e-08 0.0 0.0 0.0 0.0 0.0 0.0 0.0 0.0 4.921864525730663e-07 0.0 0.0 0.0 0.0 0.0 0.0 3.0009802699188e-07 0.0 0.0 0.0 3.0122210698531527e-07 4.0844276187006185e-06 2.4456310390474313e-06 5.711627818340867e-06 2.1595378161736873e-06 1.32708250753847e-06 0.0 0.0 0.0 0.0 0.0 0.0 0.0 0.0 1.0378066462509458e-06 0.0 0.0 0.0 0.0 0.0 0.0 0.0 0.0 0.0 2.553425273681225e-07 0.0 0.0 6.152904559125854e-07 0.0 0.0 0.0 0.0 0.0 0.0 0.0 0.0 0.0 0.0 7.570483570373755e-06 3.9239490889638013e-07 0.0 0.0 0.0 4.1020249072827606e-07 0.0 0.0 8.878729234672003e-07 3.96017674306618e-07 1.6985161063929834e-06 7.186712085129451e-07 1.1212089111260107e-07 0.0 0.0 0.0 9.039326484944047e-08 1.9935931810344403e-07 0.0 0.0 0.0 7.717583108148503e-06 4.820017105778978e-06 1.0540584461149863e-05
0.0008075287530168929 0.001274189738083744 0.0 8.062149912239946e-05 7.746530542746204e-05 1.2981465195300838e-05 3.2407443879890746e-05 0.0012410326612114359 0.000270608433764228 3.0060299289385508e-05 0.0009618654363712781 1.1268357678240507e-05 0.00018753471182411966 0.0016189429256301495 3.995765607464109e-07 3.5245531991893486e-07 4.7542298482603937e-07 0.0 0.0 7.1741691392337e-08 1.7190106282015862e-07 0.0 2.832832424463014e-07 0.0 1.566185368783264e-07 0.0 8.414899906175914e-08 0.0 0.0 0.0 0.003416562018254435 0.0006175180735974831 0.00037786852970308696 4.953470938346453e-07 9.480362562523804e-08 3.493937637524317e-07 1.8815659929243747e-06 0.0 1.1793205273350565e-06 2.630618128790196e-07 2.499544652744991e-07 0.0 7.327493503176326e-08 1.6310470606676578e-06 1.0556627381231008e-07 1.8810668290605727e-06 1.530185885734834e-05 2.459322346659522e-06 2.2141219009340997e-07 7.770836107073958e-08 7.364563481463996e-08 0.0 0.0 0.0 6.466537308660423e-07 4.867275391178905e-07 7.537625426634739e-05 0.0003981711330047631 8.730560232978509e-06 3.500268040528438e-06 2.4451527953239266e-05 2.4938476377707444e-05 8.354973421066192e-07 7.23998891954478e-05 1.8315638906381538e-06 4.1270880720462273e-07 4.228447531431481e-07 4.253026367205843e-07 4.078201522667466e-07 2.544411900512866e-07 9.300410310574179e-07 0.0 0.0 7.496332854063797e-05 6.214485395044865e-05 1.7244162274906812e-05 5.338328354220423e-06 1.1810702112029161e-05 0.00014847448146886093 0.001173945666114022 8.986375399454478e-06 0.0001677482407977867 1.0487727339756616e-06 0.0 1.5405119981519145e-06 1.208936705029406e-06 5.183918730184468e-07 0.0 3.294027494589425e-07 0.0 0.0 0.0 6.847817917565965e-08 1.6400301113521365e-07 0.0 4.819555634364806e-07 0.0 0.0 4.66502566982531e-07 8.203827680118781e-05 0.0 3.6667162781259964e-07 0.0 0.0 0.0 7.726913603466283e-08 0.0 0.0 3.4247129496520575e-07 0.0 0.0 0.0 3.9336791645985185e-07 0.0 9.506490930630012e-08 0.0 0.0 0.0 0.0 0.0 0.0 0.0 0.0 0.0 0.0 0.0 0.0 0.0 0.0 0.0 0.0 0.0 0.0 0.0 0.0 0.0 0.0 0.0 0.0 0.0 0.0 1.1975545168712909e-07 0.0 0.0 0.0 0.0 0.0 0.0 0.0 0.0 0.0 0.0 0.0 0.0 0.0 0.0 0.0 0.0 0.0 0.0 0.0 0.0 0.0 0.0 0.0 0.0 0.0 0.0 0.0 0.0 0.0 0.0 0.0 0.0 6.691566929543131e-08 0.0 1.031376742775257e-07 0.0 0.0 0.0 0.0 0.0 0.0 0.0 0.0 0.0 0.0 0.0 0.0 0.0 0.0 0.0 0.0 0.0 0.0 0.0 0.0 0.0 0.0 1.5408548795777593e-07
0.0010625986593349188 0.0016655818609572974 8.062149912239946e-05 0.0 0.0001324935248019961 0.0001951120567702997 0.0004966851029038683 7.434157795074204e-07 5.801872329747956e-05 0.0016612544242352873 3.752345293296769e-05 3.944560992608535e-05 0.0002852107099625896 4.50922258524025e-05 1.0378103312338207e-07 9.948077678758515e-08 9.911463427821534e-08 0.0 0.0 0.0 0.0 0.0 0.0 0.0 0.0 0.0 0.0 0.0 0.0 0.0 1.3358048133445358e-05 3.441557949870419e-07 2.4559145029799434e-06 0.0 1.020002310289634e-07 0.0 0.0 0.0 0.0 0.0 0.0 0.0 0.0 0.0 0.0 0.0 2.0856208040292413e-06 3.3711261185743216e-07 9.341222712371392e-08 0.0 0.0 0.0 0.0 0.0 1.8314959469120425e-07 0.0 2.41516129826672e-06 6.8134327845706946e-06 1.5187399978115602e-07 4.1853220759715223e-07 0.0 7.263465590589399e-08 0.0 2.9151436258417682e-06 7.81626642734583e-08 0.0 1.1551115843263887e-07 0.0 0.0 0.0 8.021809787579634e-07 0.0 0.0 5.781332349136122e-06 4.02400627184076e-06 3.6151381721575226e-06 1.9069342991924574e-06 4.276712143523449e-07 0.0 5.909204714381575e-08 0.0 0.0 1.8930599648303065e-07 0.0 1.719195589419307e-07 5.1762657743653157e-08 1.4492358802395102e-07 0.0 0.0 0.0 0.0 0.0 0.0 0.0 0.0 4.524032397899864e-06 1.2854909069147749e-06 0.0 5.3904491139713594e-06 8.404975742315163e-05 0.0 3.8914603573405366e-07 0.0 0.0 0.0 0.0 0.0 0.0 1.147461844708071e-06 1.3787546310088226e-06 0.0 6.534161313552884e-07 8.222998696713404e-07 3.75608880271914e-07 9.869346506482971e-07 0.0 0.0 0.0 0.0 0.0 0.0 0.0 0.0 0.0 0.0 0.0 0.0 0.0 0.0 0.0 0.0 0.0 0.0 0.0 0.0 0.0 0.0 0.0 0.0 1.4176793721422007e-07 0.0 3.086308095595576e-07 1.1452866248331096e-07 1.8801862605683128e-07 0.0 0.0 0.0 0.0 0.0 0.0 0.0 0.0 0.0 0.0 0.0 0.0 0.0 0.0 0.0 0.0 0.0 0.0 0.0 0.0 0.0 0.0 0.0 0.0 0.0 0.0 0.0 0.0 0.0 0.0 0.0 0.0 4.6565353149992656e-07 0.0 0.0 0.0 0.0 0.0 0.0 0.0 0.0 4.3314083858705196e-07 0.0 0.0 0.0 0.0 0.0 0.0 0.0 8.457823132624004e-08 0.0 0.0 0.0 3.0410775476803237e-06 0.0 2.157279052218383e-07
0.00022065207563302022 0.0013942575020326074 7.746530542746204e-05 0.0001324935248019961 0.0 3.2569757335278827e-06 0.002662361584293194 0.00032675513389862946 0.002809835093062335 0.00015758231050964675 0.0015924205603061665 6.334888562283851e-05 0.0003593634068737022 0.0006627155349564307 4.8537577702797664e-06 4.879165424569494e-06 1.8303509912829332e-07 1.4725180886258613e-07 0.0 0.0 0.0 0.0 0.0 0.0 7.411697438746062e-08 0.0 0.0 0.0 0.0 0.0 6.912898677825194e-05 2.168612228917474e-05 6.380921365981234e-06 1.2971131411473357e-07 0.0 1.2136572392993172e-07 1.7663105343259627e-06 6.239729876394037e-08 9.212167135321965e-07 1.8372982817825023e-07 0.0 0.0 0.0 1.4364679961057045e-06 0.0 1.8794365060011295e-07 2.2331638375037924e-05 1.1364111922636324e-06 2.1695985255617e-07 0.0 2.094279730503442e-07 0.0 0.0 0.0 3.0235480900792445e-07 3.825833601298273e-07 1.0994503758080242e-05 4.5317950688919054e-05 2.762493035205103e-06 4.100586286408101e-06 3.216839386640357e-07 7.392520930280833e-07 1.3709152186165798e-07 2.5615450272279604e-05 1.2182721255255863e-06 1.8562711964273904e-07 3.3698780902358187e-07 2.837535495118431e-07 7.3311511898816e-08 0.0 9.032467705240874e-06 0.0 0.0 3.1105615361075946e-05 3.3229322676478686e-05 3.455633516044161e-05 2.4199121535370238e-05 8.290725014769668e-06 1.5912176057999624e-06 6.681112846749754e-06 1.3928018213309425e-07 1.3076671605575949e-06 3.484327012300659e-07 0.0 8.977698914422585e-07 5.971754361374703e-07 3.9676832490023237e-07 0.0 2.0452577090489483e-07 0.0 1.435229622303654e-07 0.0 5.373398710077944e-08 0.0 0.0 3.871408662475587e-06 2.516078630914406e-06 0.0 1.2138957001190523e-05 1.6385935074270408e-05 1.3702171487528413e-07 3.880065630746328e-07 4.1245177816562375e-07 0.0 0.0 4.6109433539326973e-07 1.4020393791257216e-07 1.2903770399239526e-06 3.957011075749053e-06 3.9880868626987835e-06 1.9715124432158435e-06 2.322127514730474e-06 5.5378091046741854e-06 1.289629575861423e-06 3.853339672349682e-06 0.0 0.0 0.0 0.0 0.0 0.0 0.0 0.0 0.0 0.0 0.0 0.0 2.125668782535172e-07 0.0 0.0 0.0 0.0 0.0 0.0 0.0 0.0 0.0 0.0 0.0 1.7616074577365947e-06 4.7359144746015716e-07 2.5374783708430654e-06 1.425152944656518e-07 4.946660484731089e-07 0.0 0.0 0.0 0.0 0.0 0.0 0.0 0.0 4.835496359961141e-07 0.0 0.0 0.0 0.0 0.0 0.0 0.0 0.0 1.0933663435788269e-07 2.106292062601033e-07 0.0 0.0 0.0 0.0 0.0 0.0 0.0 0.0 0.0 0.0 0.0 0.0 0.0 2.7499426689050288e-06 4.234900286548153e-07 0.0 0.0 0.0 5.491208265317128e-07 0.0 0.0 1.4728660554467518e-07 2.3908679210852267e-07 0.0 0.0 0.0 0.0 0.0 0.0 0.0 0.0 0.0 0.0 0.0 2.6777901048891353e-06 9.997498105607868e-07 2.6137722503472524e-06
0.00015512808266664638 0.00021034857976569678 1.2981465195300838e-05 0.0001951120567702997 3.2569757335278827e-06 0.0 3.908206588149956e-05 0.0 1.7539173969288507e-06 0.0006886826399193428 3.7406272554434155e-06 0.00041999595311229584 7.731788850051014e-05 7.025013096185267e-06 0.0 0.0 0.0 0.0 0.0 0.0 0.0 0.0 0.0 0.0 0.0 0.0 0.0 0.0 0.0 0.0 3.475207016734088e-05 0.0 1.0600087084219742e-05 0.0 0.0 0.0 9.319651024377092e-07 0.0 1.7858146205602992e-07 0.0 0.0 0.0 0.0 0.0 0.0 0.0 1.3394330035717524e-07 0.0 0.0 0.0 0.0 1.6668271287985812e-06 0.0 0.0 0.0 1.0529483120905555e-07 1.958025268226743e-05 4.167224656291748e-06 0.0 0.0 0.0 6.879613860540884e-07 0.0 0.0 0.0 0.0 0.0 0.0 0.0 0.0 1.5054617892410204e-05 1.6170949381565455e-05 1.8877662762755549e-06 3.751867272096385e-07 4.592240255988796e-07 0.0 0.0 0.0 0.0 1.0383474723768475e-07 0.0 0.0 0.0 8.423727962089554e-07 0.0 2.2148275662536828e-07 0.0 4.224369068340303e-07 1.2716083124943927e-07 1.2485718289725216e-06 0.0 1.7035551216868386e-07 0.0 0.0 5.929076088377608e-07 0.00011029145324939336 0.0001295167909183097 6.098129608867591e-06 1.3028238071732787e-05 0.0003267878471353124 0.0 0.0 7.630407759044871e-07 0.0 0.0 1.6696931197789294e-06 7.1886815868300146e-06 1.906042141696084e-06 1.641696836820506e-05 8.740162627813684e-06 9.854755042410065e-07 9.050910753765286e-06 2.6704991698577675e-05 1.7088543169470766e-06 8.621552796358049e-07 0.0 0.0 0.0 0.0 0.0 0.0 0.0 0.0 0.0 0.0 0.0 0.0 0.0 0.0 0.0 0.0 0.0 0.0 0.0 0.0 0.0 0.0 0.0 0.0 2.1129376117492664e-07 0.0 0.0 0.0 0.0 0.0 0.0 0.0 0.0 0.0 0.0 0.0 0.0 0.0 0.0 0.0 0.0 0.0 0.0 0.0 0.0 0.0 0.0 0.0 0.0 0.0 0.0 0.0 0.0 0.0 0.0 0.0 0.0 0.0 0.0 0.0 0.0 4.889701057636054e-06 0.0 0.0 0.0 0.0 3.3832526792070795e-07 0.0 0.0 0.0 0.0 4.6221030961117066e-07 0.0 0.0 0.0 0.0 0.0 0.0 0.0 0.0 0.0 0.0 2.9497711167783583e-05 3.013232452270491e-06 1.336158650028647e-07
0.0009406926519862741 0.0022804488784695584 3.2407443879890746e-05 0.0004966851029038683 0.002662361584293194 3.908206588149956e-05 0.0 1.5685591006438897e-05 0.0010981190249153949 0.0012987300751389698 0.00019241314244174178 0.0005291449092629583 0.0012392098155571015 0.002156382154949874 1.0228214625267063e-05 1.182350767971167e-05 4.939420709841995e-07 7.155737697515249e-08 0.0 1.4060208814758806e-07 1.1871314152302324e-07 0.0 2.1848932220347332e-07 7.102897060634769e-08 1.3248573831450282e-07 0.0 0.0 0.0 0.0 7.027138915927487e-08 6.474760246474812e-05 2.605923710353306e-05 4.9649392500729237e-05 2.272939627508969e-07 1.745552058558852e-07 7.719238988730074e-07 3.2293580359783297e-06 7.415934872354493e-08 4.185683859994707e-06 1.6349679180500554e-07 0.0 0.0 7.722250705651544e-08 2.1088231889218233e-06 1.600165183332066e-07 2.185795894490292e-07 3.5285618466899254e-05 2.1164363398051882e-06 2.8907462324528504e-07 0.0 2.0654648259291224e-07 0.0 5.099230940341616e-07 0.0 3.491955935622802e-07 4.4696227771998375e-07 1.906986091893789e-05 6.129316590323916e-05 4.944685102486195e-06 5.819937630143827e-06 7.207842465271264e-07 2.740328557485817e-06 0.0 4.173683591913916e-05 1.4582630884120115e-06 4.0466785117172224e-07 2.9103842835396507e-07 6.245092980294471e-07 2.0210198380346214e-07 0.0 4.2192190697884714e-05 4.407070471797164e-06 0.0 4.929703599591065e-05 5.885643752469022e-05 6.110033291529693e-05 4.327786512629646e-05 1.5389233195527204e-05 1.2488493301386021e-06 1.2710841334714813e-05 5.798796456147185e-07 3.5355535614085643e-06 8.612704208977825e-07 0.0 1.1548033987054846e-06 1.35019539659898e-06 4.799772616882467e-07 0.0 2.489445426088315e-07 0.0 1.7869170297687775e-07 0.0 2.0033407618213e-07 1.6337965563439858e-07 0.0 2.994069426926177e-05 1.2897252358806287e-05 0.0 5.738343045189157e-05 4.519520891168197e-05 1.8396660464631291e-07 6.106465135073399e-06 4.6716131256042305e-07 0.0 0.0 4.08225965604636e-06 6.774234684168251e-07 7.215601994830238e-06 1.723707654535657e-05 1.5692732538853796e-05 5.560278136437049e-06 1.081909631537579e-05 3.31573337767344e-05 3.2574463313569685e-06 1.5019895865344517e-05 4.288831227379359e-07 0.0 0.0 0.0 0.0 0.0 0.0 0.0 0.0 0.0 0.0 0.0 9.632280461666159e-07 0.0 0.0 0.0 0.0 0.0 0.0 0.0 2.4197427585533216e-07 0.0 8.083864780510865e-07 0.0 4.254612808705932e-06 4.688433470260845e-06 1.075472120144751e-05 3.241972334654398e-06 1.7867597148235407e-06 0.0 0.0 0.0 0.0 1.290382736515836e-07 0.0 0.0 0.0 1.924721942952761e-06 0.0 0.0 0.0 1.1554244221639974e-07 0.0 0.0 0.0 0.0 0.0 7.731709065721314e-07 0.0 0.0 1.0461158672569412e-06 0.0 7.817321068257783e-07 0.0 0.0 9.252773629058381e-08 0.0 0.0 0.0 0.0 0.0 1.2371417063672855e-05 5.912820982116695e-07 0.0 0.0 0.0 1.1709928873486375e-06 2.2739335047741646e-07 0.0 4.128389090557148e-07 1.5762853609194743e-06 1.1355161568015677e-06 1.0427588893957233e-07 3.6189091735696823e-07 0.0 0.0 0.0 0.0 0.0 0.0 0.0 0.0 1.5291087082746348e-05 6.49609589143725e-06 1.4230978267403132e-05
1.9739321352984647e-05 0.0004019183327208941 0.0012410326612114359 7.434157795074204e-07 0.00032675513389862946 0.0 1.5685591006438897e-05 0.0 0.00040233339471899837 4.949068564667192e-06 0.000910403890879396 3.351959709098391e-05 0.0003366159894954621 0.0016598529483381086 6.607614474769256e-07 1.6866666612195647e-06 1.096706801323582e-06 2.5744502075336916e-07 9.081034319777969e-07 5.31127862171654e-07 6.782713586471029e-07 0.0 0.0 8.875538787180185e-08 7.917585239174414e-07 0.0 2.312244331320985e-07 0.0 0.0 0.0 0.00043891500003072126 0.0009601805512420286 0.00022319713826827873 2.4408956046293746e-06 1.1952427212059204e-06 7.636566842982043e-07 3.0742706100778424e-05 1.3492902556202713e-06 4.52416527090555e-06 8.540015459184838e-08 3.186755744242458e-07 1.380900038719593e-07 0.0 2.4551732446421967e-05 9.031416292397651e-07 9.133403848509676e-06 1.151241801043992e-05 1.6245250800916996e-06 0.0 8.459167172271545e-08 3.005047695863203e-07 0.0 0.0 0.0 1.9310591403294936e-07 9.591374303460863e-08 1.645796457409977e-05 7.51375181232051e-05 2.667455341959922e-06 2.626758693722993e-06 0.00019748939307229806 0.00011601121394955165 3.913365646063067e-06 5.39914642776072e-05 6.872317357090949e-07 6.323103058980746e-08 1.486773157080134e-07 4.2884118751414263e-07 1.2340861553580597e-06 8.909615681149007e-07 2.5400816498406163e-05 0.0 0.0 2.6772703122419748e-05 2.9020707906831384e-05 1.5838385249101202e-05 2.2390632876946664e-05 6.50757791058794e-05 0.0009380738415691875 0.0017360737922768681 0.0001958806142029256 0.0006109638141737093 5.492364673469502e-07 0.0 7.93440994528419e-07 3.9351995018969575e-07 2.278387586892669e-07 0.0 0.0 0.0 1.7413203215423054e-07 0.0 4.932628117415766e-07 5.621947481965661e-07 1.5019665016892376e-07 2.05688137929738e-06 7.289481213647906e-07 0.0 4.191464503311385e-06 8.709906176927414e-06 0.0 0.0 0.0 0.0 0.0 1.9237272111987832e-07 0.0 1.123697728384165e-07 1.2727062119009622e-07 1.5526366183830615e-07 0.0 9.282699725087003e-08 9.544482451333852e-08 1.440049888469177e-07 0.0 0.0 0.0 0.0 0.0 0.0 0.0 0.0 0.0 0.0 0.0 0.0 0.0 0.0 0.0 0.0 0.0 0.0 0.0 0.0 0.0 0.0 0.0 0.0 0.0 1.0770249576866767e-07 0.0 0.0 1.2758847914930253e-07 0.0 0.0 0.0 0.0 0.0 0.0 0.0 0.0 0.0 0.0 0.0 0.0 0.0 8.26719321258352e-08 0.0 0.0 0.0 0.0 0.0 0.0 0.0 0.0 0.0 0.0 0.0 0.0 0.0 0.0 0.0 0.0 0.0 0.0 0.0 1.9734684273785835e-07 0.0 0.0 0.0 0.0 0.0 0.0 0.0 0.0 7.227070895797932e-08 0.0 0.0 0.0 0.0 0.0 0.0 0.0 0.0 0.0 0.0 0.0 0.0 1.5426253328635895e-07 0.0
0.00024101258629841672 0.0016950763495037122 0.000270608433764228 5.801872329747956e-05 0.002809835093062335 1.7539173969288507e-06 0.0010981190249153949 0.00040233339471899837 0.0 5.845749481660195e-05 0.0007801395187089804 4.867419049138495e-05 0.00040788842157978743 0.0011789978604910005 9.663003460460722e-06 1.0239894745180693e-05 7.47255691879522e-07 6.495098002821937e-08 6.35614685227567e-08 1.1747803139340613e-07 0.0 0.0 5.4183964454036526e-08 0.0 1.3966543789502353e-07 0.0 1.6322852979888608e-07 6.879868961046172e-08 0.0 0.0 0.00013568545815189885 4.407082642031668e-05 2.4554101359321895e-05 1.1005530689560039e-07 8.023062800436039e-08 5.75655094611475e-07 1.3772208770497064e-06 1.1523562733791786e-07 1.2477549970359092e-06 2.3291831472869302e-07 0.0 6.246856550198441e-08 0.0 2.2035577671062715e-06 1.1886334166235466e-07 2.0483067505151575e-07 3.028811584620131e-05 1.7524408818502651e-06 2.9353059235985076e-07 5.526069152743929e-08 2.2617628548938072e-07 0.0 1.8374738376896658e-07 0.0 5.350064223593161e-07 6.116623291786321e-07 2.147729313177549e-05 7.948715474564744e-05 4.807679433011383e-06 7.111307093515255e-06 3.768011057457571e-07 1.7415590206101288e-06 7.21391710910166e-08 4.3404681640104177e-05 1.7091383840286985e-06 2.950236928283472e-07 6.441325617131492e-07 5.703193818236821e-07 2.174075631405734e-07 1.327907374043218e-07 6.804486533276389e-06 3.0077404629786906e-07 0.0 5.502217998133294e-05 6.367353559887786e-05 6.298467326121367e-05 4.4477194048464195e-05 1.2879710893857629e-05 4.896077662373932e-06 1.987579907893875e-05 3.7136140048633885e-07 2.76270069378111e-06 1.479877325793914e-06 0.0 1.6091531769967934e-06 1.8149532547372298e-06 1.1389978692562125e-06 5.257512229315473e-08 1.792334369971102e-07 0.0 1.7805237328298906e-07 0.0 5.8761852502811535e-08 1.7450918807457536e-07 0.0 1.3159471123558127e-06 3.081559837911831e-06 0.0 1.0354978638453239e-05 1.8590828920630463e-05 0.0 1.1183235932709066e-06 1.2016426523007715e-07 0.0 0.0 9.104129015348148e-07 5.044412814664036e-07 1.4051708312878464e-06 4.390506218615467e-06 2.700222909887989e-06 1.2483741691020594e-06 2.9493955297943618e-06 6.136778658689602e-06 8.158892396648574e-07 4.117216709064897e-06 8.143206296841543e-08 0.0 0.0 0.0 0.0 0.0 0.0 0.0 0.0 0.0 0.0 0.0 1.5667461270468084e-07 0.0 0.0 0.0 0.0 0.0 0.0 0.0 1.8107349551501834e-07 0.0 0.0 2.9270409995283585e-07 1.3693398736027631e-06 4.757004207186714e-07 2.569159254529834e-06 1.1521579429723803e-06 1.441939020752583e-07 0.0 0.0 0.0 0.0 0.0 0.0 0.0 0.0 2.6572318939964836e-07 0.0 0.0 0.0 0.0 0.0 0.0 0.0 0.0 0.0 1.75659098551833e-07 0.0 0.0 0.0 0.0 0.0 0.0 0.0 0.0 0.0 0.0 0.0 0.0 0.0 2.8086430100833964e-06 4.882463513912115e-07 0.0 0.0 0.0 9.658318159018222e-08 8.902111014737325e-08 0.0 1.9551861058205858e-07 1.3684942857450388e-07 6.577102579208606e-07 0.0 3.0513139316544973e-07 0.0 0.0 0.0 0.0 0.0 0.0 0.0 0.0 2.4606476884309953e-06 1.6634213501335595e-06 2.0704051537025423e-06
0.0017852115485937712 0.0011286281392159352 3.0060299289385508e-05 0.0016612544242352873 0.00015758231050964675 0.0006886826399193428 0.0012987300751389698 4.949068564667192e-06 5.845749481660195e-05 0.0 2.5105548540465008e-05 0.0018563049800714908 0.0032908411848705257 0.000287020737620584 3.8346611973308024e-06 4.4747616015306524e-06 1.0102494957589806e-06 8.639766343436955e-08 0.0 0.0 0.0 0.0 0.0 6.872230780762217e-08 0.0 0.0 0.0 0.0 0.0 0.0 3.116966437478864e-05 6.0139273407377706e-06 0.00010200994774134298 9.985223611604632e-08 0.0 9.755820016926786e-07 1.574351615420695e-05 4.6513358694364893e-07 2.3749236113831644e-06 1.9245615838912366e-07 6.4035763202617e-08 0.0 6.829758534504914e-08 1.0641669665239616e-06 8.123307389318068e-08 1.9248108097861453e-07 2.1226750009772092e-05 1.6370152791069786e-06 0.0 1.0853405576887911e-07 2.101408481190304e-07 0.0 0.0 0.0 2.8813177201509725e-07 6.386012422015525e-07 1.992280356930236e-05 4.404182273899486e-05 4.180351847024663e-06 3.676215392563532e-06 3.03289358642232e-07 3.52453893397384e-06 6.119955471670996e-08 1.8224668369086043e-05 1.0341801305843847e-06 1.4886071629691655e-07 1.8968839801506823e-07 1.2967250014857653e-07 1.7512637226751643e-07 5.872472377842007e-07 0.0001075561352984164 4.357676747722264e-06 0.0 3.3063745435912235e-05 3.781448299445232e-05 2.5406608864240832e-05 2.15975086692995e-05 4.90037832815227e-06 1.3456212528725783e-06 1.132486295048157e-05 6.795106403434847e-07 2.8487516572928883e-06 5.984206577176808e-07 0.0 1.0995181050218477e-06 8.377558627699781e-07 3.250353297114427e-07 0.0 1.5573910177049302e-07 0.0 0.0 0.0 6.148408167944715e-08 1.0625667701280533e-07 0.0 0.0002540706894889091 1.8827169970285948e-05 2.2811714994782946e-07 4.040512001441777e-05 0.0003038731283124255 0.0 3.187764990437839e-06 2.5751694497305976e-06 4.147555629986581e-07 0.0 3.989818745310402e-06 1.1279372270071533e-06 5.899352268832458e-06 2.2469178746802364e-05 2.2623455224870942e-05 4.821883487298548e-06 1.6464152277477205e-05 4.529666960425217e-05 6.225033577228629e-06 1.5871113991195214e-05 2.9502588838980237e-07 0.0 0.0 0.0 0.0 0.0 0.0 0.0 0.0 0.0 0.0 0.0 6.685841854700092e-07 0.0 0.0 0.0 0.0 0.0 0.0 0.0 1.2218281696033872e-07 0.0 0.0 9.029052562802941e-07 3.1850404054831014e-06 3.109098747441869e-06 6.741999480553557e-06 2.0789711901253408e-06 1.9072681966181856e-06 0.0 0.0 0.0 0.0 0.0 0.0 0.0 0.0 6.97228928097605e-07 0.0 0.0 0.0 2.8326253296122446e-07 0.0 0.0 0.0 0.0 9.281463089932266e-08 4.207464669283655e-07 0.0 0.0 0.0 8.296520217032377e-07 8.298918244857385e-07 0.0 0.0 0.0 0.0 0.0 0.0 0.0 0.0 1.975981049863466e-05 3.025034580127576e-06 0.0 0.0 0.0 1.4271946625271063e-06 0.0 4.525017979503129e-07 4.3549389893987956e-07 9.521238101547725e-07 1.2162781640836222e-06 6.482343926989499e-07 0.0 0.0 0.0 0.0 0.0 0.0 0.0 0.0 0.0 2.5071987828928246e-05 7.289873370593545e-06 1.0581223840836514e-05
0.00015925063474432995 0.001786353174060538 0.0009618654363712781 3.752345293296769e-05 0.0015924205603061665 3.7406272554434155e-06 0.00019241314244174178 0.000910403890879396 0.0007801395187089804 2.5105548540465008e-05 0.0 8.479819729406898e-05 0.000961813243389423 0.0028794725267844803 2.0654784918156927e-06 4.291477430790148e-06 6.116506660001454e-08 7.586529997419281e-08 0.0 0.0 1.0692886298717282e-07 0.0 0.0 0.0 1.7535082392168097e-07 0.0 2.3721823282934684e-07 6.554276691567932e-08 0.0 0.0 0.00022228507568713987 4.893141312549871e-05 0.0002475777517168048 1.3684878177396707e-07 1.9609482085108679e-07 1.1808067503556432e-06 9.026147295008348e-06 4.273053329367697e-07 1.5563090746895845e-06 6.331439071770443e-08 0.0 1.726093034739895e-07 0.0 1.1291097636352987e-06 0.0 1.6325869503309486e-06 9.644500309924967e-06 7.771972161778249e-07 1.770339353992454e-07 0.0 2.473142610870378e-07 0.0 0.0 0.0 1.5803683397465104e-07 4.90517772461607e-08 7.844548593767933e-06 4.002285748812301e-05 1.3872846364879568e-06 2.3551578616949734e-06 1.1286607060442726e-06 1.277910766594585e-05 6.338419711068331e-07 1.5465421005677306e-05 8.400009905084607e-07 1.642905584784391e-07 0.0 1.3341985477046912e-07 4.987700334827155e-07 1.754260664061438e-07 6.081948967743707e-06 6.423927394765932e-08 0.0 1.940110764925561e-05 2.104166461821564e-05 1.793386242695438e-05 1.1586076955104138e-05 5.401740462257755e-06 4.466144811441146e-05 0.00013115582026901484 4.4528960999420587e-07 3.9563225675554525e-05 4.676312339192227e-07 0.0 4.5648308667827624e-07 7.196392908980174e-07 7.49032761519467e-08 0.0 0.0 0.0 0.0 0.0 3.05139943987225e-07 7.045906812604064e-08 9.983831506963072e-08 6.154761173363924e-07 1.2431756373675645e-06 0.0 2.641273402154212e-06 9.889071151700347e-06 0.0 1.798921291694533e-07 0.0 0.0 0.0 0.0 0.0 0.0 0.0 3.042307145170503e-07 1.092385699021861e-07 2.627840446851943e-07 7.440123194887332e-07 2.9428673185710313e-07 1.527063252609018e-06 9.65591668950228e-08 0.0 0.0 0.0 0.0 0.0 0.0 0.0 0.0 0.0 0.0 0.0 2.2324585181334872e-07 0.0 0.0 0.0 0.0 0.0 0.0 0.0 0.0 0.0 0.0 0.0 0.0 1.1356657457440618e-06 7.046279702014446e-07 0.0 1.8016907847819536e-07 0.0 0.0 0.0 0.0 0.0 0.0 0.0 2.1751949523713656e-07 0.0 0.0 0.0 0.0 0.0 0.0 0.0 0.0 0.0 0.0 1.780756046967644e-07 0.0 0.0 0.0 0.0 0.0 0.0 0.0 0.0 0.0 0.0 0.0 0.0 0.0 2.850435486778388e-07 0.0 0.0 0.0 0.0 1.420630088058918e-07 0.0 0.0 0.0 3.504044637655333e-07 0.0 0.0 0.0 0.0 0.0 6.21603383434314e-08 0.0 0.0 0.0 0.0 0.0 3.108989016840711e-07 9.729278586569518e-07 5.671144376923082e-07
0.00012127633620849286 4.2427538003788884e-05 1.1268357678240507e-05 3.944560992608535e-05 6.334888562283851e-05 0.00041999595311229584 0.0005291449092629583 3.351959709098391e-05 4.867419049138495e-05 0.0018563049800714908 8.479819729406898e-05 0.0 0.0011092749426429387 0.00010477808488264503 3.570650386539613e-05 7.924690937652786e-05 7.757732129952968e-06 1.0170349555774563e-06 3.9040923124844686e-07 4.708704406771966e-07 5.137043137080123e-07 1.2439210957550348e-07 4.489973495667078e-07 2.918031898803912e-07 8.417285116669185e-07 2.3346747212022383e-07 1.4022977433034434e-07 0.0 1.4463544135178777e-07 0.0 8.642093021448621e-06 5.308625333169596e-06 0.00015309138884889736 1.9611306596677907e-06 1.3201407296783384e-06 2.4003255376310753e-05 4.594272086118701e-05 1.3729816264658232e-05 1.8094582355706216e-05 1.212651304247968e-06 5.838982232837201e-07 2.457970035085849e-07 1.922273512157481e-07 2.3249267469945017e-05 6.840365588592215e-07 1.1713145667715662e-05 5.5078481425362646e-05 9.629350277216024e-07 2.8231036720991193e-06 2.4863169883727284e-07 4.896482351821714e-07 0.0 1.42270299477007e-07 0.0 1.6037340388076551e-07 1.0696091225046797e-07 9.466960718920752e-06 1.7228755254696523e-05 1.8559496416174096e-06 6.0229829784641415e-06 1.5656947984656768e-05 9.0011804162958e-05 2.389673547521527e-06 1.7173995895891564e-05 6.609064939807873e-07 1.8881832074619371e-07 0.0 7.485503907338216e-07 5.461103388279587e-06 2.3611359779626924e-06 0.00013406267038101587 1.1772578869505905e-05 1.22013687520894e-07 2.1730974464709923e-05 2.281520406830241e-05 6.122420433857241e-05 4.569457225707727e-05 4.301444994076821e-05 1.7817180488342763e-05 0.00023829086893089203 1.9894465273648354e-05 5.371123014783451e-05 5.328509150658525e-07 9.004835401273689e-08 5.309926867934157e-07 6.482555412963178e-07 7.973363003226387e-08 0.0 0.0 6.699049640340261e-08 5.390069311509368e-07 0.0 1.5955238257553877e-06 1.405252488372129e-06 7.650272427677541e-07 0.0009495975935959803 7.107300320846141e-05 3.3077210927061693e-07 0.00011918380448017588 5.2805223085405685e-05 7.496114877832438e-07 2.5132955609496637e-05 7.85132314698653e-06 2.4275909769271844e-06 3.692162479354137e-07 2.7551744539012502e-05 6.452737148671757e-06 3.4008772289483595e-05 0.00016090332579817124 0.00011764964000150658 5.264214067912256e-05 0.0001126050557372287 0.0003549206377030618 4.7272471219185434e-05 9.630057530460599e-05 1.7546970408015727e-06 0.0 0.0 9.843700687180909e-08 0.0 0.0 1.2609801335455228e-07 0.0 0.0 0.0 0.0 0.0 1.8745920055843012e-06 0.0 0.0 0.0 0.0 0.0 0.0 1.0438273326750947e-06 1.5391416058329604e-06 0.0 2.1735657270926506e-07 0.0 3.284733322759038e-05 1.0147629678148473e-05 4.565650206406593e-05 3.5694537304820934e-06 6.306726277077569e-06 0.0 0.0 0.0 1.0065816145278148e-07 2.2975473022797413e-07 4.662914429797942e-07 0.0 4.3082583858874676e-07 4.073449728349594e-06 1.746765432630063e-07 1.8069115925642936e-07 0.0 1.6476237158046009e-06 6.876185758356418e-08 0.0 0.0 1.0096251374206363e-07 6.392609016077258e-07 3.1729354681637023e-06 9.79239872350399e-08 0.0 6.45044621677416e-07 1.9587270954675445e-06 1.3336763719832593e-06 1.8895098012968349e-07 1.4730053252504068e-07 6.257988046776027e-08 0.0 0.0 0.0 0.0 7.911496828580298e-08 0.00011019886378815616 1.1942105806451168e-05 0.0 0.0 0.0 7.4759510787863785e-06 1.29522746242276e-06 1.6198609717511869e-06 3.7609535616408546e-06 6.811033184248967e-06 9.101761760987212e-06 2.6989106762117983e-06 1.201891177989594e-06 2.433796250730213e-07 7.087338244052631e-08 0.0 0.0 0.0 0.0 0.0 0.0 0.00019014716146527937 4.609905439638661e-05 4.5108923091334926e-05
0.00035123429487087687 0.0005998213347657585 0.00018753471182411966 0.0002852107099625896 0.0003593634068737022 7.731788850051014e-05 0.0012392098155571015 0.0003366159894954621 0.00040788842157978743 0.0032908411848705257 0.000961813243389423 0.0011092749426429387 0.0 0.003460079620548581 9.964742029367136e-05 0.00019218166189933293 1.2110510550399052e-05 1.8597050070716385e-06 8.136658005131815e-07 1.1285816124263389e-06 6.126029878143397e-07 0.0 9.510045900662885e-07 5.338816302918953e-07 1.2559507549862722e-06 4.596701162149661e-07 9.376051319110851e-07 1.4160443315926044e-07 1.2792874963720089e-07 6.086822669127889e-08 0.00012621522098178373 7.615074650630784e-05 0.0005648716249004183 4.743810259517663e-06 3.285406242763005e-06 4.667072521749333e-05 6.61837076977289e-05 3.872775178145084e-05 2.352535104803643e-05 2.4625626037266237e-06 7.498134378994679e-07 7.228993792256147e-07 2.3500955141101964e-07 4.5905262037097744e-05 1.0438171856208028e-06 2.142097809306662e-05 0.00017005551734198122 3.804437679866361e-06 5.404733579213331e-06 5.427555022325545e-07 1.3609100747352317e-06 7.949428416390366e-08 1.0328180754650115e-06 0.0 8.762107596859056e-07 1.0913928364620947e-06 3.236185163102761e-05 9.125656315023771e-05 1.054597767984593e-05 2.1718314504289542e-05 1.8339648053297794e-05 0.00017815383561036238 3.0264692015200182e-06 0.00011123551349516624 2.239912075434863e-06 9.582859678779819e-07 7.162159121376561e-07 1.4337284101256735e-06 7.225321691986617e-06 4.287370294853156e-06 0.0002889354383742549 1.3167619997370502e-05 8.94338282293415e-08 0.00010645755700050845 0.0001200081055032365 0.00025957194648593645 0.00020174210984160292 0.00016034706304461695 3.0814046387164245e-05 0.0005313307292314832 1.99466979120903e-05 9.240172075913262e-05 2.0894242967839615e-06 0.0 2.5277373085001477e-06 1.8843686775604416e-06 1.961274175212584e-06 0.0 4.7327706679557984e-07 0.0 7.124352680569437e-07 2.527290793606645e-07 2.951936743829945e-06 3.1945381729140147e-06 6.322748119768747e-07 0.0005444797461891727 0.00012630586141938141 0.0 0.00023143540142799053 6.323451072086446e-05 1.7817238860607717e-06 2.82189853197676e-05 8.886240179202665e-06 2.285373151368956e-06 6.427742568500989e-07 1.9972658871602528e-05 6.097382061729763e-06 3.1344248864687176e-05 0.0001103049277660806 8.735238004832015e-05 4.415441939937387e-05 8.616714003807614e-05 0.00022157527315242755 3.0064055325376078e-05 0.00011054071420801163 1.7596536216637114e-06 0.0 2.5413278487423716e-07 4.567842227667241e-07 0.0 0.0 0.0 0.0 0.0 0.0 0.0 0.0 2.515301681054929e-06 0.0 1.615690769794883e-07 0.0 1.3557939714985028e-07 0.0 0.0 3.6078391527128395e-07 9.713921642962255e-07 9.995369479107354e-08 1.4014974077474935e-06 5.066109709000774e-07 3.530016043886319e-05 1.4320085674983594e-05 6.265086101140167e-05 1.0517865360871207e-05 1.0758061582050912e-05 0.0 0.0 0.0 6.450471376721646e-07 5.668851795387419e-07 1.128302948206081e-07 0.0 2.467296720807807e-07 4.3623383816056785e-06 0.0 1.6584418523569896e-07 0.0 2.583614279293172e-06 0.0 6.819441769245683e-08 0.0 0.0 9.135567437842871e-07 3.4856580091263667e-06 7.72899107931884e-08 0.0 1.180443462076165e-06 3.741457777002398e-06 1.7904612000128708e-06 0.0 0.0 0.0 0.0 0.0 0.0 2.1011394359028e-07 0.0 8.462264260336524e-05 5.409164174758215e-06 0.0 0.0 0.0 7.1379361801801294e-06 1.1654870126141215e-06 3.23292022466123e-06 3.303650854069523e-06 5.876549493926562e-06 9.065927966874087e-06 3.0720530508771025e-06 1.1618558684666546e-06 0.0 0.0 0.0 0.0 0.0 0.0 5.851770606899938e-08 0.0 0.00011722570035746945 4.665584622387906e-05 6.82733091407186e-05
0.00031716379306561294 0.001248144594437541 0.0016189429256301495 4.50922258524025e-05 0.0006627155349564307 7.025013096185267e-06 0.002156382154949874 0.0016598529483381086 0.0011789978604910005 0.000287020737620584 0.0028794725267844803 0.00010477808488264503 0.003460079620548581 0.0 6.371582558089765e-05 0.00010958856806543641 6.180876958529411e-06 4.72470441252759e-07 3.356470211805738e-07 2.5312801287706443e-07 9.845432866490017e-07 0.0 6.182824721204593e-07 2.962148946958363e-07 5.295249064890519e-07 3.665259196733264e-07 4.2287801886616853e-07 2.0308975503423227e-07 3.875014177893528e-07 6.25629627766559e-08 0.00032272731028716193 0.00012905448457662067 0.00033102804253753033 2.3565470052955433e-06 1.544974168244103e-06 5.19395057684027e-06 1.9916345927577965e-05 3.7737186449503174e-06 9.751911238099361e-06 1.759636149148293e-06 1.6067197650286574e-07 4.0487917989572987e-07 2.418904410114449e-07 2.859296125417423e-05 6.403599848372969e-07 1.1870059549147353e-05 0.00011366364579667114 4.196733281144544e-06 2.943106875094612e-06 2.670066137491784e-07 1.3450162837154624e-06 6.361158072948292e-08 9.232518328505195e-07 5.138147860529054e-08 1.0127382596115864e-06 1.3873484590858777e-06 3.838218845058559e-05 0.00012785104302367838 1.0403973167917943e-05 1.7771913072796912e-05 8.275491912696384e-06 4.968516060008325e-05 2.628788561495673e-06 0.0001056056541532142 2.506437938366713e-06 7.836380143854912e-07 5.965721077174962e-07 1.0554370195706372e-06 4.210238933266778e-06 2.767476114120425e-06 5.151982860517644e-05 7.349150105993387e-07 0.0 0.00010198763057419239 0.00012141645524345061 0.00020814174615265896 0.00014872893704577373 0.00010252135974944398 5.621853636845026e-05 0.0005683723603552117 7.920352192531285e-06 0.00010763950787277318 2.168901416997841e-06 5.336185130203207e-08 2.413068931166941e-06 2.4570308629045866e-06 1.0554422829841802e-06 0.0 5.691241122335511e-07 0.0 3.909083357727504e-07 5.6218822678564935e-08 1.6300827107370587e-06 1.7402410933090283e-06 9.928305312716208e-07 3.6046874206836085e-05 2.8631877313938925e-05 0.0 4.514652234234808e-05 3.6106937327075714e-05 0.0 6.3031635513722046e-06 1.2510546173375987e-06 3.030159637694673e-07 0.0 2.584724426372292e-06 0.0 4.79167840661638e-06 1.4947944776728855e-05 1.174329150977619e-05 6.339231445741997e-06 1.3132912757707906e-05 3.428130219411019e-05 4.098769014257728e-06 1.999005470852024e-05 1.9232662026327015e-07 0.0 0.0 0.0 0.0 0.0 0.0 0.0 0.0 0.0 0.0 0.0 6.83068191644555e-07 0.0 0.0 0.0 0.0 0.0 7.136060719717245e-08 8.676413824493257e-08 6.306991910343892e-07 0.0 2.747094088133624e-07 1.0215509525289953e-07 5.71151752401447e-06 4.19877317729252e-06 9.94131330819791e-06 1.4394711028659014e-06 1.8678924812279714e-06 0.0 0.0 0.0 2.2958357137767087e-07 2.5654231269411117e-07 1.0739961509895542e-07 0.0 0.0 1.0841241988407912e-06 0.0 0.0 0.0 2.1992826944537596e-07 0.0 0.0 0.0 8.184619333045485e-08 9.424028015954699e-08 0.0 0.0 0.0 4.7143429646257713e-07 0.0 1.3049853564145087e-07 0.0 0.0 0.0 0.0 0.0 0.0 0.0 0.0 1.4037106618675978e-05 6.488865753282759e-07 0.0 0.0 7.277430548234097e-08 1.2539567520066585e-06 1.820699955860601e-07 2.844700680257548e-07 5.444579405848742e-07 1.515644713073946e-06 9.684042662495678e-07 3.8262401955439666e-07 3.6540396996789754e-07 0.0 0.0 0.0 0.0 0.0 0.0 5.8196732786106776e-08 1.758330760283287e-07 1.7913548309089995e-05 7.91140712505998e-06 1.1750616763213285e-05
