0.0 0.002001674046867185 6.626354838126859e-05 0.0007625836533445162 0.00014690099069302224 0.00010688459005401177 0.00044468560058399427 2.2915232118430646e-06 1.176773102626832e-05 0.0006266794781174996 2.9347666030560566e-05 0.00020798671131464093 4.475511629682258e-05 1.4358553258844561e-05 7.870569529767261e-07 1.9702197893463998e-07 3.114400377281461e-07 1.8817480266466408e-07 0.0 1.1662050379544015e-07 0.0 0.0 0.0 0.0 0.0 0.0 1.9092865614850568e-07 1.9721986148495692e-07 0.0 0.0 0.0002706417093289236 5.495955494564351e-07 4.948667117186346e-07 0.0 0.0 8.542118876426011e-08 1.3816849448435106e-07 1.4355314901667633e-07 2.2087191036021922e-07 0.0 0.0 0.0 7.942811352245453e-08 0.0 0.0 0.0 3.40415173568527e-05 5.058753957051151e-06 1.3129010768596834e-06 1.8943586928301325e-07 4.998704180644148e-07 2.2111324750509048e-07 0.0 1.0260085245590893e-07 1.2543849284346246e-05 2.1310456892391746e-05 0.0002933354417101993 0.0007611170877964647 9.783238019001449e-05 3.5692668380612944e-05 8.145464134438693e-08 0.0 0.0 1.5260532841358976e-06 2.0550742013876268e-06 3.0737633771344107e-06 4.0043404809517004e-07 4.2834710001555863e-07 6.172940675193558e-08 0.0 1.7695335029789807e-06 5.617780538108547e-07 1.4140499719761538e-07 0.0002505848823266631 1.2900032527671088e-05 9.846476733634718e-06 5.507545955128288e-07 1.2658996889772508e-07 1.5547414893385572e-07 1.7693310061972786e-06 2.2080940365752768e-07 3.1849608715780525e-07 1.9030454078723507e-05 1.8284520158266426e-06 2.5437051819202547e-06 4.0273091443033035e-06 1.0059706499468212e-06 2.244018130327647e-07 5.801278088948543e-07 1.5563962222557556e-07 3.162285448426191e-07 1.4694171148548112e-07 6.76647367518139e-08 5.215253474030443e-07 8.84911343269727e-08 1.037067517137593e-05 3.8452983251290247e-07 1.7837950678507394e-07 1.903322299345955e-07 0.000908175148153802 0.0 0.0 0.0 0.0 0.0 3.461134749190177e-06 1.6007329651277987e-06 0.0 2.578360036257477e-06 1.5142022119086139e-06 0.0 0.0 8.912317438787595e-08 0.0 0.0 0.0 0.0 0.0 0.0 0.0 0.0 0.0 0.0 0.0 0.0 0.0 0.0 0.0 0.0 0.0 0.0 0.0 0.0 0.0 0.0 0.0 0.0 0.0 0.0 0.0 0.0 0.0 0.0 0.0 0.0 0.0 0.0 0.0 0.0 0.0 0.0 0.0 0.0 0.0 0.0 0.0 1.0352119896609148e-07 0.0 0.0 0.0 0.0 0.0 0.0 0.0 1.8275473790044422e-07 0.0 0.0 0.0 0.0 0.0 0.0 0.0 0.0 0.0 0.0 0.0 9.911838145067195e-07 0.0 0.0 0.0 0.0 0.0 0.0 0.0 0.0 0.0 0.0 0.0 0.0 0.0 0.0 0.0 0.0 0.0 1.4758218434400113e-07 0.0 0.0 1.113791228705291e-06 0.0 7.293700201486146e-08
0.002001674046867185 0.0 0.00037805602930675514 0.0011709787723956475 0.0024840764505999306 5.283907681172576e-05 0.0012576178715048825 7.99479698776184e-05 0.001343268088762274 0.0018866087238528274 0.0007240349893912179 8.153312585542242e-05 0.00024913461125228927 0.0007020067663590428 1.1577934839707052e-05 2.0333173391981612e-06 4.1510570066684285e-06 7.098766248398258e-07 2.085344267230011e-07 5.314282021752684e-07 0.0 2.2036947600830467e-07 2.498240226582807e-07 2.2194291324803265e-07 5.598184621031406e-07 4.6388718822236724e-07 5.13646151046134e-07 1.19384055623049e-07 1.3101050280623587e-07 1.3251783718737932e-07 0.0019422540428691315 1.550122310106245e-05 5.414577489557474e-05 0.0 3.330704204835195e-07 1.645306665853826e-06 7.163187772536178e-06 5.692563414364894e-07 1.6863530325900886e-06 9.464167358228612e-07 0.0 7.183204991179841e-07 2.011497769823446e-07 2.638532783653799e-07 1.539758926535642e-07 6.372284367457199e-07 0.00019384011402123652 1.4434973989892714e-05 2.9956240782694167e-06 6.086894062292826e-07 2.313434069697777e-06 7.679569984239087e-07 3.0404630988663754e-07 3.0366387687614366e-07 2.2874281745249433e-05 3.476547257177172e-05 0.00015097734793598493 0.0008932148462293618 0.00013503022088207672 0.00013731342217882057 3.051554545812052e-07 1.0204739905190473e-06 0.0 3.993460828166376e-05 3.918545580168241e-06 7.005408509602657e-06 1.9564109203568082e-06 7.632020094871845e-07 6.041631428314842e-07 1.420179350297418e-07 4.2030324507792554e-05 7.561200614700154e-06 1.3422670666045236e-07 0.0005258813056351249 0.00010216541283430077 0.0001006774135988116 1.4028483260331517e-05 2.611566651580214e-06 6.014820018655777e-07 0.0001275682275265045 9.38984433884082e-07 4.482523478972848e-06 4.449480097175749e-05 2.8707658683143733e-06 6.997114662061595e-06 8.337445891009047e-06 1.8213351575309594e-06 8.66722212305563e-07 1.951660392157011e-06 6.072289346461879e-07 7.629599643882784e-07 7.266011304728858e-07 5.634881449745186e-07 5.047983607983228e-07 7.016599286258449e-07 0.00012174139782270399 1.2915631787354105e-05 4.326340937448702e-07 4.34915030800996e-06 0.0006855082522654631 0.0 5.986788985882253e-06 1.8956036895184014e-07 1.7855534251903612e-06 2.400588697072654e-05 2.3174045860458e-05 1.8708718998483155e-05 1.161212871885895e-06 2.629596682718494e-05 1.9296437384031645e-05 1.7785388161320518e-06 1.1616840760672592e-05 1.6510923218406098e-05 4.1116419477154205e-06 8.884521534464707e-07 1.1021896789498374e-06 1.125516801983495e-06 1.897581074053182e-07 0.0 0.0 0.0 0.0 0.0 0.0 0.0 0.0 0.0 2.0037019303553113e-06 0.0 3.286105356078236e-07 0.0 7.267997460375573e-07 0.0 0.0 1.7613132481995865e-06 6.474166721748852e-06 0.0 0.0 0.0 2.755021495227347e-06 0.0 0.0 2.819991101089719e-06 1.5440921565550068e-06 0.0 0.0 0.0 0.0 4.227759152577913e-07 0.0 0.0 3.019046800158078e-07 6.627628727484347e-07 0.0 0.0 0.0 4.165787738317551e-07 0.0 0.0 0.0 0.0 6.242004410563967e-08 0.0 1.7637933239545602e-06 9.930284044068149e-07 0.0 9.19787113723714e-07 3.006045005033118e-07 0.0 0.0 0.0 0.0 0.0 0.0 0.0 0.0 1.1569635325401172e-05 0.0 0.0 0.0 3.5749210310561385e-07 8.211021254438742e-06 1.9885760977040302e-07 0.0 2.2020570055325201e-07 1.5179189831209195e-07 1.6552705988905123e-06 0.0 7.292958040114908e-07 0.0 9.932725420424252e-08 0.0 0.0 1.7925646761658167e-07 0.0 0.0 0.0 1.5204479277525421e-05 4.497302840172566e-06 7.524776147807173e-06
6.626354838126859e-05 0.00037805602930675514 0.0 2.4657713870753404e-06 0.0001288023686762814 2.1669717934557027e-06 1.1074152411743751e-05 0.0027620374349980365 0.00016308221064250287 9.766857259510177e-06 0.0029199726573391257 5.472651708953519e-06 1.9527626540347417e-05 0.0002512029793550221 3.978351889303189e-06 1.4048579845008027e-06 4.668289439841605e-06 6.146381290905765e-06 3.7639595439082084e-07 9.677544002596526e-06 1.5522578675483298e-06 6.449493709179362e-07 5.10100974108663e-07 4.339249132279163e-07 1.2584423285981832e-05 1.2454067690778329e-06 1.214336376861926e-06 1.7445028984410102e-06 4.0017442631445567e-07 0.0 0.0030466198000126425 0.00022117193849842713 0.00013564458184590973 5.603523208430837e-06 6.451415140285082e-06 4.3942778850328876e-05 1.5830029417286264e-05 2.5091981358553157e-05 1.66234552657234e-05 7.304497766061385e-06 2.621713531216609e-06 5.162165692540303e-06 2.3019560641864572e-05 2.6647704498209233e-06 2.4832959434184053e-06 8.53776819189389e-06 5.9879729500411434e-05 6.826791465443704e-06 4.520387479551721e-06 1.8277697091497517e-05 2.1449357405082893e-06 2.575198952576688e-06 2.6604236245780607e-06 1.1405216246154832e-06 4.387821745828101e-06 8.591997358180035e-06 7.17636410652355e-05 0.000664170236586362 3.656585846411202e-05 3.847950856607325e-05 3.0263187539537927e-05 3.50531108784669e-05 1.0036989031364778e-05 0.00015087259242542447 1.6495096260657268e-06 1.999183159993136e-06 3.394573249162535e-07 1.616928303312784e-06 1.6571761874885545e-05 3.6685683449797082e-06 4.623141223765788e-05 4.319671377668806e-06 9.84921879623809e-08 0.00022193845328171091 6.853502672040507e-05 3.192238238716101e-05 8.451312650959548e-06 2.855582243433065e-06 1.7892463063997893e-05 0.0012323277561251 3.544482146995847e-05 0.00019070858378764905 1.138240323558212e-05 8.60772077921756e-07 1.1350467967873932e-06 2.6839392513373453e-06 8.374784210656838e-06 1.399045606695003e-07 9.061613291655916e-07 7.546725542168676e-07 1.8860167451377298e-06 1.0137959352907353e-06 5.8734688635552775e-06 3.5614110377057072e-06 2.8968789439690113e-06 1.0929170761846983e-05 5.604718184720761e-06 1.0147201661504889e-07 1.4856396347156812e-05 4.8074153989288295e-05 0.0 0.0 0.0 1.126091886202545e-06 9.043007131909753e-07 0.0 1.1171245331689098e-06 0.0 0.0 6.43874446090072e-06 1.322372305213622e-07 1.2875033010459847e-06 1.7477563481955476e-06 3.0250655872880105e-06 1.083025250459223e-06 5.827376407207353e-08 0.0 6.219841690230064e-08 0.0 0.0 0.0 1.0453834096154863e-07 0.0 0.0 0.0 3.367818663778645e-07 0.0 8.198045070960631e-08 8.565210332212149e-07 8.325316411158809e-08 1.1231431887321635e-06 0.0 4.0970002929730705e-07 1.0935089282637343e-06 0.0 3.057746950837644e-07 0.0 0.0 0.0 0.0 0.0 6.837381474185178e-07 1.8592673284448005e-06 3.2271958743433273e-06 0.0 0.0 0.0 0.0 0.0 0.0 0.0 0.0 5.4143823367024926e-08 0.0 0.0 3.6672034033357376e-07 3.959596877522426e-07 0.0 0.0 0.0 0.0 0.0 8.428654456777553e-07 0.0 0.0 0.0 1.016505112489432e-06 4.310081614002156e-07 0.0 0.0 0.0 0.0 0.0 0.0 0.0 0.0 0.0 2.6497111272584237e-07 0.0 0.0 2.0751917051660984e-07 4.0247893072184086e-06 0.0 0.0 5.388427112869811e-07 8.317287836500579e-07 1.2443630380830544e-07 0.0 7.156838903403839e-07 0.0 7.148327792287624e-08 0.0 0.0 0.0 0.0 0.0 1.053788828832893e-07 3.02061433569249e-06 1.0939167411131184e-06 8.887806253233288e-07
0.0007625836533445162 0.0011709787723956475 2.4657713870753404e-06 0.0 3.0120504726030708e-05 0.0003485433367974468 0.0006307992539621324 1.714230877893681e-07 1.2251448783872393e-05 0.0017948853263170135 1.4679004486370775e-06 0.0013641758187408022 0.00022585551164466973 2.4160750982319004e-05 7.015874416507882e-07 6.404623331857238e-08 4.328504645461286e-07 5.7149489209419286e-08 0.0 0.0 0.0 0.0 0.0 0.0 0.0 0.0 0.0 0.0 0.0 0.0 1.0044901263488288e-05 0.0 4.961514102185665e-07 0.0 0.0 0.0 5.7233590389693e-07 1.915727126327589e-07 0.0 0.0 0.0 5.980175442182217e-08 5.2014037629846374e-08 0.0 0.0 0.0 2.114129324930173e-05 1.8699415837164034e-06 4.141615180334709e-07 0.0 0.0 3.082490257604208e-07 0.0 0.0 3.387087512356837e-06 3.5676758889833357e-06 4.268132473991725e-05 0.00010107914047434789 2.324092798534986e-05 1.918104091396695e-05 0.0 1.1880550054970495e-07 0.0 1.311326793834162e-06 5.498824587928849e-07 8.642536642977035e-07 1.3787708055541502e-07 0.0 0.0 0.0 2.290170129995446e-06 1.782298240008677e-06 1.1974288181227983e-07 7.253871811714586e-05 7.176353211549511e-06 6.477285008668482e-06 5.7230120788415e-07 0.0 7.15859061975871e-08 3.3085827713781817e-07 4.885404407296861e-08 0.0 7.445794540267892e-06 1.701554553672282e-07 8.49536330522061e-07 1.1365326231490584e-06 1.399489988816072e-07 0.0 3.119802881026572e-07 2.537131211597742e-07 5.5816775136727166e-08 1.3717640654362614e-07 7.994376092799006e-08 1.3565235692916796e-07 1.4596184671574458e-07 1.5239151044445981e-05 4.6554214668244436e-07 1.2701937121262693e-07 4.736301769494295e-07 0.00035233636038557156 2.209177268899158e-07 0.0 7.486951717473284e-06 5.012763471144542e-06 3.067616306227358e-06 2.2357485743810866e-05 9.027150339850192e-07 7.046771973963124e-07 3.9467253872893784e-05 1.3262687777142208e-06 1.4246714627443926e-06 1.3790876807680156e-06 5.608643495384383e-06 0.0 0.0 0.0 0.0 0.0 0.0 0.0 0.0 0.0 0.0 0.0 0.0 0.0 0.0 0.0 0.0 0.0 0.0 0.0 0.0 0.0 0.0 0.0 0.0 0.0 0.0 0.0 0.0 0.0 0.0 0.0 0.0 0.0 0.0 0.0 0.0 0.0 0.0 8.162949346079652e-08 0.0 0.0 0.0 0.0 1.0787575531761673e-07 0.0 0.0 0.0 0.0 0.0 0.0 0.0 0.0 0.0 0.0 0.0 0.0 0.0 0.0 0.0 0.0 0.0 0.0 0.0 0.0 0.0 0.0 0.0 0.0 0.0 0.0 4.983956307736275e-07 0.0 0.0 0.0 0.0 0.0 0.0 0.0 0.0 0.0 0.0 0.0 0.0 0.0 2.793631980082625e-07 0.0 0.0
0.00014690099069302224 0.0024840764505999306 0.0001288023686762814 3.0120504726030708e-05 0.0 1.5089907680417507e-06 0.001551889236349213 0.0001582097278310425 0.005281582621940038 0.00030157233343760175 0.0015508937287524278 5.515918342964658e-05 0.0007763445360255355 0.001830108784211932 7.062994621631625e-06 1.4318324115402452e-06 2.3482889461101206e-06 2.232313833260964e-07 0.0 2.50068154028811e-07 5.6879934144439436e-08 0.0 6.849189019769488e-08 2.3468809696319525e-07 5.932718463950679e-07 1.3124443462660267e-07 3.013359736481499e-07 0.0 1.6585992859902057e-07 7.121810841386353e-08 0.00019182597780070197 9.722010695756952e-06 2.689078867942071e-05 5.699103280724682e-08 6.051977017492108e-08 3.7444178824234617e-07 7.234271676672367e-06 6.098605501550656e-07 1.0651868261406715e-06 3.1756150951850933e-07 0.0 6.335601572522514e-08 9.272687970226831e-08 2.2225929978566158e-07 1.2598446771550294e-07 2.750859402131979e-07 8.090778186811743e-05 3.951009833637181e-06 1.2111821972992454e-06 4.3556127693069274e-07 8.758910064549288e-07 2.483829414976407e-07 0.0 0.0 6.34504507789766e-06 9.431461322794125e-06 2.86653033313251e-05 0.00013871403372658713 3.1910737984258675e-05 4.5439129045827975e-05 2.6091081464955194e-07 4.106224495489541e-07 0.0 2.2035581099181582e-05 1.7341055158477722e-06 1.850285390305035e-06 5.345254822818162e-07 1.9024759810204978e-07 6.22171432262803e-08 5.6283937088506075e-08 5.1319146255528766e-05 5.6610640771849225e-06 2.691946662555495e-07 0.00013532954288625576 4.562061046574623e-05 4.85875873218335e-05 9.019843420956512e-06 2.6540083769236185e-06 1.2920974340549148e-07 4.218336802184989e-05 2.620778549479656e-07 9.813258365021988e-07 1.174631434539015e-05 1.1071497302185054e-06 2.1253754967964016e-06 2.8062738588944418e-06 7.146049308010301e-07 5.581886140835153e-08 6.980140906487683e-07 3.0088078426416127e-07 2.1415242415817769e-07 3.503745274582757e-07 1.379622480522967e-07 6.399925273702047e-07 0.0 9.928228359190624e-05 1.432827620743803e-05 1.4503926983709876e-07 2.3140966770837704e-06 2.9977650089573245e-05 0.0 3.866184861206653e-06 6.863025198242594e-07 2.204002250207142e-07 1.610267805344533e-05 3.7712789365760748e-06 1.2520295995058822e-05 1.6722389038448654e-06 7.248549699909162e-06 1.384264935467067e-05 6.398614644036189e-06 6.91648041414182e-06 1.7831054285242713e-05 4.425618221375239e-06 2.87010981106947e-06 1.081800740582401e-06 3.0460888900610136e-07 5.303618730370998e-07 0.0 0.0 0.0 0.0 1.7797781491880437e-07 0.0 0.0 0.0 9.329390076341885e-08 8.231704588913173e-07 0.0 0.0 0.0 1.0438423753692752e-06 0.0 0.0 4.100537431812963e-06 2.898079659072173e-06 0.0 0.0 0.0 7.344081092531772e-07 0.0 0.0 4.213136932113578e-06 0.0 0.0 0.0 0.0 0.0 0.0 0.0 0.0 0.0 4.870329810469436e-07 0.0 0.0 0.0 7.680619009226425e-08 0.0 0.0 0.0 0.0 0.0 0.0 1.0025260651330761e-07 0.0 0.0 1.3855500982094238e-06 4.944990517666699e-07 0.0 0.0 0.0 0.0 0.0 0.0 0.0 0.0 9.049947123865824e-06 0.0 0.0 0.0 0.0 3.4917702759414623e-06 0.0 1.1207184524284154e-06 8.483145678827974e-08 1.5467561186716823e-06 6.185882576154167e-07 0.0 7.166622702861716e-07 0.0 0.0 0.0 0.0 0.0 0.0 0.0 0.0 1.5434105026994478e-05 3.0666376004974133e-06 3.122923304338466e-06
0.00010688459005401177 5.283907681172576e-05 2.1669717934557027e-06 0.0003485433367974468 1.5089907680417507e-06 0.0 2.4489055136721884e-05 1.6279316569692408e-07 0.0 0.0003574398044422692 5.452642302864558e-07 0.0001379174682555006 1.7100116015340576e-05 2.5050618085277633e-06 0.0 9.559037208528825e-08 0.0 0.0 0.0 0.0 0.0 1.4710432664772637e-06 0.0 0.0 1.1222991070402497e-07 0.0 0.0 0.0 0.0 0.0 1.2035131567842795e-06 1.523090556018961e-07 1.2173688635115994e-06 0.0 0.0 0.0 2.452367442733275e-06 1.0041586196672408e-07 5.811412419629793e-07 0.0 0.0 1.5275759773605458e-07 0.0 0.0 0.0 1.1432327439889653e-07 1.235178556173487e-07 0.0 0.0 0.0 1.7243732905280695e-07 6.1913599663999575e-06 1.2545673497073797e-06 0.0 5.752117760779371e-08 1.6878377876230808e-07 8.8979855358632e-05 6.172642106543316e-06 1.8675909695735795e-06 1.9146341204789798e-07 2.8353917452080613e-07 0.0 1.1693338188829533e-07 8.179893254812668e-08 0.0 0.0 9.56557920501579e-08 1.6610368406475374e-07 0.0 0.0 3.723575793329053e-05 7.387407323742473e-05 3.910616300762185e-06 9.754715265162736e-07 1.1840966026811148e-07 1.560025520421756e-07 7.066291582366437e-08 8.336741410961186e-08 0.0 2.772982840414578e-07 0.0 0.0 8.608344530577687e-08 7.209957571738147e-07 0.0 7.329939929966552e-08 0.0 1.443758504967427e-06 5.697337029384319e-07 6.016745190014229e-06 7.399828149858782e-07 1.6002044179226397e-07 0.0 4.269222078215173e-07 1.2609056057942785e-07 6.54773046857904e-05 3.9436644684538616e-05 1.283574067815804e-05 1.1227424942666229e-05 9.336275460608067e-05 0.0 1.5057909160462112e-07 0.0 0.0 1.1126468241407474e-06 0.0 7.265132689916242e-07 0.0 5.911214203519839e-07 8.975643238032207e-07 0.0 2.5023107743299e-07 3.8071317086582605e-07 0.0 3.865726620728726e-07 1.557379087998789e-07 0.0 0.0 0.0 0.0 0.0 0.0 0.0 0.0 0.0 0.0 0.0 9.614658275097978e-07 0.0 8.775255658146785e-08 0.0 7.995054600957921e-08 1.9078935209574967e-07 2.4578803309220794e-07 0.0 0.0 0.0 0.0 0.0 0.0 0.0 0.0 0.0 8.021093087703178e-07 0.0 0.0 0.0 0.0 1.1012811421153667e-07 0.0 0.0 0.0 1.7419332445728682e-07 0.0 0.0 0.0 9.715426134316783e-07 0.0 0.0 0.0 0.0 0.0 0.0 0.0 0.0 0.0 0.0 0.0 0.0 0.0 0.0 0.0 0.0 0.0 0.0 0.0 1.6614667504339154e-07 1.2170533666153237e-06 0.0 0.0 0.0 0.0 0.0 0.0 0.0 0.0 7.784418227380512e-08 1.3987708202882623e-07 7.053529614502079e-08 0.0 0.0 0.0 0.0 0.0 0.0 0.0 0.0 1.0224841915426221e-06 0.0 3.6184291293932713e-07
0.00044468560058399427 0.0012576178715048825 1.1074152411743751e-05 0.0006307992539621324 0.001551889236349213 2.4489055136721884e-05 0.0 4.357118224164084e-06 0.0016472198656907555 0.00187169256461354 0.00017758348351280175 0.00036890174311845835 0.0023474893112886536 0.001914116003504229 7.875584506991876e-06 1.6567744373570416e-06 1.0918451673663237e-06 2.5085696518537937e-07 2.3434666263591403e-07 1.2419288665688968e-07 1.3853013369448074e-07 1.9412711103121516e-07 0.0 0.0 6.849399965011507e-07 7.017335621105332e-08 2.375259463739673e-07 1.670514152394111e-07 0.0 7.441217147552597e-08 3.678722230855015e-05 6.116286515735387e-06 2.7034116385800356e-05 0.0 6.519581910423694e-08 5.721288805949615e-07 9.704261473646771e-06 1.033757394722816e-06 2.285616149883935e-06 8.4921095046216e-07 0.0 0.0 1.2242603386885125e-07 2.06693602135957e-07 0.0 1.2653555667833288e-07 6.303988764720464e-05 4.44601064312713e-06 9.328470237303179e-07 1.2701628252821006e-07 4.753449105373386e-07 1.308865607295247e-07 4.5452279827686766e-07 0.0 5.22581238918011e-06 9.197546649951129e-06 2.7323715693846244e-05 8.65602640763732e-05 3.313767933547896e-05 4.0594853770106104e-05 1.398599533002346e-07 7.076064104680397e-07 1.4045492288305562e-07 1.2671443341945349e-05 8.947530258012893e-07 1.6907262964703532e-06 1.4671750933428136e-07 1.6368872128573245e-07 6.412741622460396e-08 5.473217702541557e-08 6.118565751509052e-05 1.131750715669808e-05 9.649266263504607e-08 0.0001224742954838313 2.7713034487691918e-05 3.6956767294526754e-05 8.601533489629752e-06 2.5389662911064695e-06 1.69272956205042e-07 2.895142329589366e-06 2.7278307850977644e-07 1.0112506463185306e-06 1.228450031967105e-05 8.426925044107318e-07 1.8181802825444034e-06 2.275874207425225e-06 2.7205409886675976e-07 6.480731523126853e-08 4.926804243578995e-07 2.7129845504346286e-07 5.975546801112906e-08 4.0983604418308767e-07 2.302904493917529e-07 2.0452480061337078e-07 5.879171076195183e-08 0.00023999888297635797 7.810955019789995e-06 5.897898653190831e-08 3.7282776330865033e-06 2.5736150570389943e-05 1.2701646734806876e-06 4.0367519824474355e-06 3.262614742650664e-05 5.599915831779592e-06 3.314467247097573e-05 9.012454652552292e-05 2.8945912988917796e-05 6.600394882279289e-06 5.9852866140709396e-05 3.790219589567434e-05 3.498040718802949e-06 1.8733145762085092e-05 2.9676907049356924e-05 5.785804099539193e-06 4.993166770932407e-06 1.0630243774091583e-06 9.637484279446507e-07 0.0 0.0 0.0 0.0 0.0 0.0 0.0 0.0 0.0 0.0 0.0 0.0 0.0 0.0 0.0 0.0 0.0 4.407982898418605e-06 5.756466966752616e-06 0.0 0.0 0.0 3.8396419603442155e-07 0.0 4.058979151658816e-07 2.1262393197552477e-06 1.200601279188783e-06 0.0 0.0 0.0 0.0 0.0 0.0 0.0 0.0 7.704876646995029e-07 0.0 0.0 0.0 0.0 0.0 7.333932038912633e-08 5.842787250875858e-08 0.0 5.510109939099072e-07 3.6819530304659987e-07 5.009929324396022e-07 0.0 2.88326497535168e-07 9.293031937850373e-08 2.710369280519348e-06 0.0 0.0 0.0 0.0 0.0 0.0 0.0 0.0 1.2584212378330288e-05 0.0 0.0 0.0 0.0 4.216250313475604e-06 0.0 3.204061502759505e-07 1.1554176854594858e-06 4.472406013886833e-07 1.3400680861918038e-06 2.1510096979322887e-07 6.822689297838087e-07 0.0 0.0 0.0 0.0 0.0 0.0 0.0 0.0 2.104511577657404e-05 9.282565182026809e-06 7.172263141813284e-06
2.2915232118430646e-06 7.99479698776184e-05 0.0027620374349980365 1.714230877893681e-07 0.0001582097278310425 1.6279316569692408e-07 4.357118224164084e-06 0.0 0.00019848934425460533 9.067430042487515e-07 0.0011105559958109615 3.3462149013479916e-06 6.256847330999809e-06 7.076585982707945e-05 7.2901954719048526e-06 5.797688260786247e-06 7.845985092898147e-06 1.0144022866443071e-05 2.2109118815857582e-07 1.4686886902978779e-05 3.016474659053194e-06 4.6088509347554614e-07 2.0803597758844467e-06 1.2500701938710428e-06 2.5301122432968017e-05 1.6453729190743291e-06 2.3069585206487874e-06 2.2964427969603155e-06 7.060870471333864e-07 2.7589503143357436e-07 0.0005514826949935582 0.0015886994262936422 4.4541100219599424e-05 9.992190802703397e-06 1.3100250248708818e-05 0.0001266206472087073 2.419080687013811e-05 6.756517973206745e-05 2.3002155034329498e-05 1.56349165084546e-05 6.068244303855274e-06 5.815148054997837e-06 2.631390932074659e-05 1.7414841442200862e-05 5.5127965808051775e-06 3.2675656631918084e-05 5.531260356585275e-05 5.379890152033711e-06 6.211936193067511e-06 2.3114635711123725e-05 2.3428969864945697e-06 3.888797182473226e-06 3.914563420169124e-06 2.028424662599309e-06 2.208823830678687e-06 2.969642566161253e-06 2.1776093995758503e-05 0.00018222409623206895 1.2016464292241695e-05 2.605010431795479e-05 8.320040707619884e-05 0.00020799011856271072 1.8989163380134156e-05 0.0006798148107186968 4.761800268998399e-07 7.760961204179109e-07 4.531829420130291e-07 2.129263567824783e-06 1.908725834323227e-05 4.505946846164745e-06 4.973911316468647e-05 6.972197712339052e-06 6.110980663378711e-07 0.00011507600671110505 0.00019951462114312755 7.82964340181895e-05 0.00015187935114724843 5.917592385081755e-05 0.0003556938888810702 0.0010093193821760897 0.00017302075721810999 0.0010239263823178374 4.117053304018506e-06 3.3325543455961287e-07 7.737770196272512e-07 8.273411790017803e-07 8.908306728819127e-06 0.0 4.6033513222710777e-07 6.733111685875817e-07 1.3500933293009102e-06 2.660390845679746e-06 4.748509710073324e-06 6.4172590896859405e-06 3.543296974929541e-06 7.5235513873271514e-06 6.398374716534307e-06 7.631012482062996e-07 1.7471526638865115e-05 3.694346191868759e-06 0.0 0.0 0.0 0.0 1.4625906900030507e-06 0.0 1.7251119434545335e-07 0.0 4.727955617933244e-07 1.2931073649433458e-07 5.594514599845711e-07 7.127306820124363e-07 0.0 2.9325002338770915e-07 0.0 8.222349195622487e-08 5.442076120222145e-07 0.0 0.0 0.0 0.0 0.0 4.6298984708577227e-07 0.0 0.0 1.3482630864339066e-06 0.0 2.074974432193327e-07 1.6163294807057924e-06 6.09768021189239e-07 7.102210413451646e-07 4.6506668349972763e-07 3.8956001508656423e-07 1.991105185179476e-07 0.0 4.025935616367257e-07 0.0 0.0 0.0 3.4572871380481323e-07 0.0 0.0 5.692003942725088e-07 7.164866412998477e-07 0.0 0.0 0.0 1.533839804297602e-07 8.422705826012938e-08 0.0 0.0 0.0 8.538344792262292e-08 0.0 0.0 0.0 8.958575406017718e-07 8.595020083835142e-07 0.0 0.0 0.0 0.0 0.0 0.0 0.0 0.0 0.0 5.7594698321042716e-08 0.0 0.0 0.0 0.0 0.0 0.0 0.0 0.0 4.2762791895758847e-07 6.993016146997591e-07 0.0 0.0 0.0 1.9243256979599478e-07 0.0 0.0 0.0 6.058860460836521e-08 6.648872485890738e-08 0.0 2.5849677283728374e-07 0.0 0.0 0.0 0.0 0.0 2.973314473136014e-07 0.0 5.694977224369205e-07 6.93277257913748e-07 4.133320089175276e-07 4.1773045215412397e-07
1.176773102626832e-05 0.001343268088762274 0.00016308221064250287 1.2251448783872393e-05 0.005281582621940038 0.0 0.0016472198656907555 0.00019848934425460533 0.0 0.00012050440197358382 0.0012339626283441479 0.00015451267385908785 0.0008722220802109914 0.0014221326070037543 4.600916643285444e-06 1.4596693834622242e-06 1.5938640379736373e-06 7.401790999408072e-08 0.0 0.0 0.0 7.894007005919211e-08 0.0 0.0 1.8000240683103127e-07 0.0 1.3725872342912926e-07 6.131926329280936e-08 6.591833944982208e-08 1.4192771787841796e-07 2.1775786915997144e-05 5.784508969681138e-06 1.6781418659356742e-05 0.0 2.0998872093726203e-07 1.1361666297083614e-06 6.33972254789815e-06 3.9824631036842573e-07 5.357700090890892e-07 8.736279217441293e-07 0.0 1.505030460641511e-07 0.0 6.568674450427774e-08 0.0 0.0 3.199254977901595e-05 1.02584170427518e-06 1.958758827985092e-07 6.628036082982894e-08 1.764416361095571e-07 4.1370216237131353e-07 1.854933296495202e-07 0.0 1.171933413568191e-06 2.883747712292222e-06 4.9263995350767264e-06 2.112084551942401e-05 6.16267944531786e-06 1.4197058718920307e-05 0.0 3.86754092523233e-07 0.0 9.763768932202881e-06 2.9416984363117566e-07 3.36696398157145e-07 1.0406445657898013e-07 1.551909485247381e-07 0.0 0.0 5.100805032731704e-05 3.8209875093617795e-06 1.7296107720672175e-07 3.198368584052456e-05 1.557266362921226e-05 1.9508919613055296e-05 7.277141933484561e-06 2.0156095480617107e-06 2.1069457617017217e-07 1.3555231594452532e-05 1.403448454282806e-07 4.601417793295968e-07 2.5714312587945243e-06 0.0 5.530361747396497e-07 4.915364583489528e-07 1.2027940446421895e-07 1.7508980101284825e-07 1.4173997849254497e-07 0.0 1.0060667750685402e-07 2.085702379200127e-07 0.0 2.386112211139138e-07 7.915793821455932e-08 7.701361476657993e-05 5.107415202686185e-06 0.0 2.5483239460910197e-06 2.2690100542619873e-06 7.067665451749339e-07 1.0356064704201583e-06 1.1005188071866796e-07 2.1735801496695368e-07 1.192297699472521e-05 2.87563518556262e-06 2.0706359526634688e-05 2.8468340366311074e-07 7.0333250950281394e-06 2.4892448022319342e-05 8.483049509850697e-07 1.1431864243733478e-05 1.8444449900496206e-05 1.8256025352949372e-06 1.2511291991307464e-07 1.2885161514616737e-06 3.531869782349181e-07 0.0 0.0 0.0 0.0 0.0 0.0 0.0 0.0 0.0 0.0 1.4255794482518277e-06 0.0 0.0 0.0 0.0 0.0 0.0 6.787465420746669e-06 2.0512544886466138e-06 0.0 0.0 0.0 0.0 0.0 9.316100463443888e-07 2.688499910024086e-06 0.0 0.0 0.0 0.0 0.0 0.0 0.0 0.0 0.0 0.0 0.0 0.0 0.0 0.0 0.0 0.0 0.0 0.0 0.0 0.0 2.7589557649553023e-07 0.0 0.0 0.0 0.0 0.0 0.0 0.0 0.0 0.0 0.0 0.0 0.0 7.1966177630195605e-06 1.5852044632577757e-06 0.0 0.0 0.0 2.5489042616518304e-06 0.0 4.707313432503944e-06 7.725250812303937e-08 8.045708774791099e-07 3.2548411034933423e-07 2.5626472533257153e-07 1.9277463689635116e-07 0.0 0.0 0.0 0.0 0.0 0.0 0.0 0.0 1.9354103560649868e-05 4.016645555330322e-06 2.307210746502616e-06
0.0006266794781174996 0.0018866087238528274 9.766857259510177e-06 0.0017948853263170135 0.00030157233343760175 0.0003574398044422692 0.00187169256461354 9.067430042487515e-07 0.00012050440197358382 0.0 1.2622137757897468e-05 0.0038436831219154765 0.0013954478074902777 0.0004340413188206741 4.545771597491122e-06 1.311147650137985e-06 2.6694594737308223e-07 1.4873453929500494e-07 0.0 0.0 1.8218619442486514e-07 1.6007731618807773e-07 8.822635325291705e-08 0.0 2.7755817835315007e-07 0.0 3.944015561028399e-07 0.0 0.0 6.154286399633361e-08 1.98711768106716e-05 2.0531715279312863e-06 3.577918342414415e-05 0.0 0.0 4.5028774832544676e-07 2.467812337737833e-05 1.9725040938829993e-06 3.2532757732670732e-06 2.0066281361886605e-06 0.0 1.2588816090646472e-07 0.0 0.0 3.4700270528310545e-07 1.7037472690050487e-07 3.601742565084407e-05 1.98152943649668e-06 3.067249448205628e-07 1.0274828858244398e-07 4.611867696054452e-07 2.2493188578489213e-06 2.760622056945014e-06 0.0 3.027626833418855e-06 5.791861561007675e-06 7.069444970962773e-05 9.800996622442355e-05 2.5809614211893114e-05 2.307439576668378e-05 5.360784515053375e-07 1.7238695530395246e-06 2.718418880785902e-07 3.9166443602104495e-06 5.469700611957516e-07 6.522198458415284e-07 4.472946314381984e-07 7.187842904567482e-08 6.202748672594165e-08 0.0 0.00014829635123294203 5.6465759732871424e-05 3.4889516039404267e-06 8.552165848398664e-05 8.83535613158077e-06 1.4645583454951729e-05 3.919926034150175e-06 1.2964406756720449e-06 8.479264461797065e-08 4.135438770058238e-06 5.587044494414494e-07 2.118971150381078e-06 7.325080007205694e-06 1.2593709180740598e-06 9.877685377369945e-07 1.7299288815018336e-06 7.658281242558633e-07 1.0629029538945882e-06 7.062301039690342e-07 3.7850362878132116e-06 5.938978782442961e-08 1.940302528951411e-07 6.428992613350605e-08 6.75731061984526e-07 1.6148731628707067e-07 0.0004914207124440536 4.8372838693871755e-05 7.445971271908287e-06 1.178793451200407e-05 0.00038306585934529656 2.2652884965285985e-06 2.384106582370913e-05 1.549216492003219e-05 8.18926534454143e-06 3.0205636104726502e-05 4.121386077313542e-05 0.00010312060962232697 6.800227676804703e-06 4.492703879293025e-05 0.00011357543184062695 8.098003090170265e-06 3.419129304592954e-05 7.082963376749311e-05 1.519464355308489e-05 5.1117713378378575e-06 6.190205168067772e-07 1.3246661013463524e-06 0.0 1.3412800408484005e-06 0.0 0.0 0.0 0.0 0.0 0.0 0.0 0.0 9.808593825044543e-07 0.0 0.0 0.0 1.8908954192828872e-07 0.0 1.0386319088548848e-07 6.31712419149479e-06 7.2076778344448315e-06 0.0 0.0 0.0 1.0314612241247846e-06 0.0 4.54907305028826e-06 4.944045167222424e-06 6.760799517569513e-07 0.0 0.0 0.0 2.376518494207037e-07 0.0 0.0 0.0 6.96593602805934e-07 2.310207384364799e-06 0.0 0.0 0.0 9.016290700862773e-07 0.0 3.6849004999807084e-07 7.911448988508494e-08 0.0 1.674890373392114e-07 7.251236116072389e-08 3.362673385421165e-06 1.5820929488895742e-06 0.0 6.595623065337811e-07 1.26719005737454e-06 0.0 0.0 0.0 0.0 0.0 0.0 0.0 0.0 1.5321688134979254e-05 1.0646142479536027e-06 0.0 0.0 0.0 7.310227682884843e-06 0.0 3.267538215250025e-06 2.902239346376839e-06 2.909635924829726e-06 2.560440059393177e-06 1.1870916930685485e-06 1.4725079043385275e-06 0.0 0.0 0.0 0.0 0.0 0.0 0.0 0.0 6.114739248361131e-05 5.540594941039406e-06 7.892916969718501e-06
2.9347666030560566e-05 0.0007240349893912179 0.0029199726573391257 1.4679004486370775e-06 0.0015508937287524278 5.452642302864558e-07 0.00017758348351280175 0.0011105559958109615 0.0012339626283441479 1.2622137757897468e-05 0.0 9.757055781876198e-05 0.0003689036013568351 0.0016475540308932383 2.325444240497928e-05 8.283579322490263e-06 4.880800325340966e-06 3.857460662191075e-07 2.3107089040150396e-07 5.511170429182724e-07 5.495561358384505e-07 3.510988396167274e-07 2.6501302611072836e-07 3.9879904078220333e-07 1.7325319771137494e-05 2.1281925336115694e-06 1.5766302502562735e-06 1.243477024211015e-06 2.5168141211672064e-07 1.3793448121794485e-07 0.0005442502442373138 0.00010385908587980165 0.000682150759224052 3.3956774695042596e-07 2.5074496497756682e-06 3.523227989183242e-05 0.00013291399502708025 6.107813897896912e-05 3.711853805556106e-05 2.982450217735611e-05 1.274851416901483e-06 1.1080000456649726e-06 1.5314813274794378e-06 4.979606368748675e-07 1.3935471219250103e-07 2.1431451430672292e-07 0.00011688196592146282 4.1951079835811134e-06 1.4954562406382236e-06 1.7806467210774945e-06 9.669117921145434e-07 2.8009807246500706e-06 3.4331872299324267e-06 1.062392519035573e-06 6.2389530378307755e-06 9.871341066083273e-06 4.772359458245314e-05 0.00026412759531714954 3.105795317532302e-05 5.466284047713861e-05 1.6306906979392837e-06 0.00010309439651527325 9.04253981959606e-07 7.923586772722209e-05 9.39564160527377e-07 1.6435275178463792e-06 3.367922350851868e-07 3.7261144513406345e-07 1.9875255753625828e-06 1.1078276745202244e-06 0.0002873340990845505 2.0097540665058344e-06 1.7869546729726597e-07 0.00018376721270892766 8.660857968694483e-05 9.211545287272742e-05 4.066002898649491e-05 1.2930665466944358e-05 4.666561255127037e-06 0.0005172727381240865 1.0003181005957037e-06 7.277164878086872e-05 1.1380090202521396e-05 8.864202470533984e-07 1.5051391315858365e-06 1.8262254408692698e-06 7.605504209034164e-07 7.159431393488409e-08 1.137843807274492e-06 4.627270645722217e-07 1.3492847204916908e-06 1.4031871565932045e-06 3.377626458492741e-07 1.589697509201663e-06 1.2191816080102945e-06 4.667249078206827e-05 8.034113734453717e-06 2.508302446193796e-07 2.17934215435299e-05 3.0139838618668975e-05 7.190560069743119e-08 3.829259908401623e-07 0.0 7.425219203241691e-07 1.0420234967307984e-05 2.7562907001845553e-06 4.139148493055595e-06 0.0 5.210181277830616e-06 7.63770880626445e-06 3.0149770042205783e-06 4.285223650007372e-06 1.1198781667484454e-05 1.81173184876145e-06 2.193064059647277e-06 0.0 1.5568851490952913e-07 0.0 0.0 0.0 0.0 0.0 0.0 0.0 0.0 3.6864336903468186e-07 0.0 0.0 0.0 0.0 2.854731796419919e-07 1.564362146114456e-07 7.646410419666798e-07 0.0 5.423889012878805e-06 2.1332542358024753e-06 0.0 0.0 1.2031873037108421e-07 1.3355914547573935e-06 0.0 2.3556809635848019e-07 1.579483173449413e-06 6.965859719385512e-07 0.0 0.0 0.0 0.0 0.0 0.0 0.0 5.3100505867523956e-08 7.284776221601026e-08 0.0 0.0 0.0 7.905894118018925e-07 0.0 0.0 0.0 0.0 1.651905048060375e-07 9.339142299796796e-08 1.006313807171089e-07 0.0 0.0 7.181006574624317e-07 0.0 0.0 0.0 0.0 0.0 0.0 0.0 0.0 0.0 4.538769036181563e-06 0.0 0.0 0.0 2.403918445476891e-07 3.1521466068873756e-06 3.368273132678438e-07 8.634922879262498e-08 0.0 3.837397432800237e-07 6.042952169819743e-08 0.0 5.295291687303804e-07 0.0 0.0 0.0 0.0 0.0 0.0 0.0 0.0 1.0851959051924599e-05 4.139885473205712e-06 3.479313404940659e-06
0.00020798671131464093 8.153312585542242e-05 5.472651708953519e-06 0.0013641758187408022 5.515918342964658e-05 0.0001379174682555006 0.00036890174311845835 3.3462149013479916e-06 0.00015451267385908785 0.0038436831219154765 9.757055781876198e-05 0.0 0.0015214199364628623 0.0006986290009285465 1.2798343000010236e-05 3.8012589605420326e-06 1.0516916998249697e-06 5.3778650651801675e-08 8.149236965586418e-08 0.0 0.0 3.734009329192668e-07 0.0 0.0 3.7277023609150548e-06 6.917791018747358e-08 1.3218224191461433e-07 0.0 8.696246734858913e-08 0.0 6.614879089297339e-06 3.963615093056672e-06 0.00020012964046035717 0.0 0.0 3.6023645935475443e-06 0.00024333485499198427 1.6785738388128804e-05 1.0372338662874899e-05 9.829240383499649e-06 2.2837450649607177e-07 2.12050270556132e-07 0.0 1.011710922947441e-07 0.0 0.0 4.096080379379913e-05 1.1705931813995548e-06 3.1752852387255654e-07 1.4019250374414233e-07 1.5639130025326215e-07 0.0 9.87672337434316e-07 6.304924608532419e-08 2.3824873987703844e-06 3.812699466417293e-06 2.3394618309394085e-05 5.742654113798683e-05 1.414242053375689e-05 1.611699162474578e-05 1.1082236213081771e-06 1.214368061250773e-05 4.7300443329387903e-07 8.41389010044432e-06 2.2617107161150523e-07 6.020368624065393e-07 0.0 1.4912683354134494e-07 0.0 0.0 0.00019618587851603036 3.399037926824395e-06 0.0 4.987381780297114e-05 1.263580309390533e-05 2.4112402144895826e-05 1.1863108009730405e-05 4.7534871970595e-06 1.8079510860225045e-07 2.3516178856925357e-05 5.671851937151314e-07 1.1751628317290442e-05 4.832503770009999e-06 4.1210494288808374e-07 7.335307725168723e-07 1.058730304139499e-06 2.518867313169419e-07 0.0 3.7233482305889666e-07 3.211448407928945e-07 1.73871055009582e-07 3.560755747933098e-07 0.0 1.1659827215922674e-07 1.4198541926478554e-07 0.0005601921378036714 1.2629323741952807e-05 2.0523599995948077e-07 1.1326971631295825e-05 7.242536493712452e-05 1.0234187472541378e-06 4.6231478534733945e-06 3.1353898047671577e-06 3.9290695862924094e-07 3.187780820402383e-05 9.951859857977131e-06 4.4297900973929536e-05 1.4267916159211433e-06 2.23697886254115e-05 4.8656935692316336e-05 6.627919771773567e-06 2.5064769171729495e-05 2.915593455766925e-05 9.11501303653723e-06 1.8426721528572113e-06 1.1178605610268743e-06 0.0 0.0 0.0 0.0 0.0 0.0 0.0 0.0 0.0 0.0 0.0 0.0 0.0 0.0 0.0 7.518704282919878e-08 0.0 0.0 7.0460068573389374e-06 3.171660420091731e-06 0.0 0.0 0.0 3.2520087861481694e-07 0.0 2.9976346865231887e-06 1.2977812712153177e-06 4.874666749416133e-07 0.0 0.0 0.0 1.0687999854607136e-06 2.664889097905075e-07 0.0 0.0 1.3015588951492066e-07 8.744558269996044e-07 0.0 0.0 0.0 9.530817534197907e-07 0.0 0.0 0.0 0.0 5.52476784545882e-07 9.640271237612825e-07 3.3192681158413013e-07 0.0 3.3504702814838603e-07 7.663419234628127e-07 1.0102458527956606e-06 0.0 0.0 0.0 0.0 0.0 0.0 0.0 0.0 1.521509623864085e-05 2.428105851699221e-07 0.0 0.0 0.0 5.148947213360087e-06 1.913313867650314e-06 2.9724900888554723e-06 6.436711567757556e-07 7.650068161295785e-07 2.112090100297208e-06 1.5649749962354628e-07 1.0377474048671134e-06 0.0 0.0 0.0 0.0 0.0 0.0 0.0 0.0 4.054643554692245e-05 5.151817666246935e-06 4.303435153572047e-06
4.475511629682258e-05 0.00024913461125228927 1.9527626540347417e-05 0.00022585551164466973 0.0007763445360255355 1.7100116015340576e-05 0.0023474893112886536 6.256847330999809e-06 0.0008722220802109914 0.0013954478074902777 0.0003689036013568351 0.0015214199364628623 0.0 0.003864566413784343 1.8505560524096427e-05 5.839494356177936e-06 1.891498558529967e-06 1.977941155809132e-07 0.0 0.0 0.0 0.0 1.5562247470174405e-07 0.0 7.050614667017405e-06 0.0 1.9419931607767407e-07 3.1637673277874847e-07 2.17632851494334e-07 0.0 1.894867368454696e-05 1.227374575860461e-05 0.0003286532535605422 0.0 2.514394296686141e-07 3.460201515410531e-06 0.0001862541382355732 2.4376311758860144e-05 1.54465293728327e-05 1.6146140560795646e-05 7.676750322355419e-08 3.880400816296352e-07 1.0583841396768534e-07 1.2686947917475027e-07 0.0 1.7283343246775838e-07 7.863178743380791e-05 1.7189979897601136e-06 2.823458271516695e-07 1.6362458566225312e-07 4.089154783951069e-07 1.5246813851206388e-07 6.530544064914378e-06 3.1713227009568625e-07 1.6651591755455235e-06 2.0987782494979117e-06 8.880751907905379e-06 3.400781899853699e-05 9.963593528871175e-06 2.6642350990521898e-05 5.793215369604569e-07 1.5265944485855736e-05 2.251334177442818e-07 2.188126067725124e-05 5.946265195729954e-07 8.312427826028602e-07 0.0 0.0 1.037150468049187e-07 0.0 0.00028749554505130983 2.4620851518627265e-06 0.0 5.872645027782486e-05 2.7501609515970654e-05 5.324792683256553e-05 2.5374519667756223e-05 1.0417727895323492e-05 1.825426536668897e-06 4.700153360192777e-05 6.077715532209213e-07 1.693818452368007e-05 4.691054641589194e-06 3.772605354243414e-07 5.388214037500608e-07 9.978370506207972e-07 3.443323026642386e-07 0.0 1.373873267253254e-07 4.274724572636335e-07 4.0960848394903316e-07 0.0 2.1855960718130848e-07 3.227283961367466e-07 0.0 0.0005508950717056583 1.1399519559315445e-05 6.889822950027362e-07 8.897354322792851e-06 1.2086883991396507e-05 1.473779320868959e-06 5.295799064803802e-06 4.485995548692348e-06 1.8043903904819894e-06 3.539268896906433e-05 1.2563154949666787e-05 5.143796497539717e-05 2.204812224803791e-06 2.4713106994918634e-05 6.084415503313709e-05 9.673416417561539e-06 3.430975647311381e-05 5.541929519599892e-05 1.0154680406481353e-05 4.488100646881972e-06 8.22989172537796e-08 4.396781486789593e-07 0.0 0.0 0.0 0.0 0.0 0.0 0.0 0.0 0.0 0.0 5.47060616661393e-07 2.270475750921763e-07 1.0521092861990796e-07 0.0 5.634283635816065e-07 0.0 0.0 9.484141748785716e-06 5.530267589509883e-06 0.0 0.0 0.0 7.90873420406324e-07 0.0 5.644909211416433e-07 3.461816991336744e-06 6.141179225863592e-07 0.0 0.0 0.0 0.0 0.0 0.0 0.0 2.0994334296316213e-07 1.9507054498753276e-06 0.0 0.0 0.0 5.59811338707234e-07 0.0 1.0559990237387291e-07 4.522136714934932e-07 0.0 6.357922172871234e-08 1.6225718622741695e-06 9.43496600851986e-07 0.0 1.0443109532291232e-07 1.8931851180533275e-07 4.104211024094231e-07 0.0 0.0 0.0 0.0 0.0 0.0 0.0 0.0 1.8538878432299446e-05 0.0 0.0 0.0 0.0 9.86231385334323e-06 3.149178274656422e-07 3.1361931446441366e-06 8.514173675247835e-07 1.5000137291945082e-06 2.5237251935142124e-06 1.0876570992494703e-07 2.2862818459543462e-06 0.0 0.0 0.0 0.0 0.0 0.0 0.0 0.0 4.171711726016682e-05 4.092730340261232e-06 4.861077421358257e-06
