0.0 0.0020162969881025766 0.00031024556496233067 0.0009083003631852385 4.9999121866083035e-05 7.439515523521082e-06 0.00029019788748637715 3.5678174422614596e-05 1.0083667706295602e-05 0.0010883672350186847 5.287438828256295e-05 4.134765853160286e-05 0.0001384611244021696 4.672272454437754e-05 2.4358705869998047e-06 4.124297544258534e-07 1.0403651984070669e-07 2.444742365865039e-07 0.0 0.0 0.0 2.5625575515294435e-07 2.2694277561342475e-07 4.2474948137995353e-07 9.703750799712736e-07 0.0 8.860783456435119e-07 0.0 0.0 3.5593561135077245e-07 0.00017755566611131834 3.378916879700853e-06 7.952520160503338e-06 0.0 5.607107900469874e-07 2.19019359505833e-07 7.928236845252594e-06 0.0 5.047123056347983e-07 0.0 9.445480077332336e-07 1.3279574088995934e-06 7.152354848618079e-08 9.752293990469058e-08 0.0 0.0 1.590818651668522e-05 7.914461864189774e-07 2.5122182971611407e-07 6.301600789058188e-07 2.620464426435486e-07 1.250922658947565e-07 0.0 3.18609786488551e-07 3.5625825711005767e-06 9.07295186423947e-06 0.00025181449298901886 0.00012045673018925262 5.846735225928313e-05 2.5618231292819794e-05 0.0 6.03688111758479e-07 0.0 1.8667759847263725e-06 1.3201582248137591e-06 7.740020481031137e-07 0.0 2.575300099647902e-07 8.725379404379572e-07 1.0296763040744043e-06 2.2328766766057017e-05 5.0003609088283115e-06 1.1372829180530962e-07 9.30220789361969e-05 2.1756952412274506e-06 9.293040579777708e-06 1.1356428906838456e-06 4.29577053345902e-07 4.3444123962105225e-07 7.60268878234682e-05 0.0 2.8780960726723715e-06 1.859012809057029e-05 3.5955683240364955e-07 2.885994367905527e-06 8.502561776893195e-07 3.21883096124738e-07 4.897185881963669e-07 2.731673391648783e-07 3.1753866698585244e-07 5.440925527990501e-07 3.9434815933996607e-07 5.325924415479534e-07 5.428998018786396e-07 3.1364329148960036e-07 3.993198600757644e-05 1.7159067229742203e-05 0.0 1.485380864612262e-06 0.0009144395351174506 2.2794675973358386e-07 8.782759022254305e-07 1.2140567155727899e-06 6.200614187652323e-07 1.3848607662846194e-07 1.5829946493115207e-05 1.7381718329366881e-07 1.1942139831930988e-07 2.189130641040629e-06 4.437611732393948e-07 0.0 1.7430246698738666e-06 2.249360356267322e-06 1.9780094669799195e-06 4.5106508292045464e-07 0.0 0.0 0.0 0.0 0.0 0.0 0.0 2.4221831207232584e-07 0.0 4.980625267813634e-07 0.0 0.0 0.0 0.0 0.0 0.0 0.0 0.0 0.0 1.8760071409960542e-07 1.3638474738908087e-07 0.0 2.1601929169999152e-07 0.0 5.749123799613251e-07 0.0 2.5983669703482354e-06 6.134416600772319e-07 1.1248038612152502e-07 0.0 0.0 0.0 0.0 7.795346170649991e-07 0.0 0.0 0.0 0.0 0.0 0.0 0.0 0.0 0.0 0.0 0.0 0.0 6.606517564974496e-08 0.0 0.0 0.0 0.0 1.6299480043566658e-07 0.0 0.0 0.0 0.0 0.0 0.0 0.0 0.0 0.0 1.153850062694902e-06 0.0 0.0 7.206550201813618e-07 5.83139826580932e-07 0.0 0.0 9.17445267162415e-07 0.0 1.795618009806785e-07 0.0 0.0 0.0 0.0 0.0 0.0 0.0 0.0 0.0 0.0 0.0 1.6195167482300742e-06 6.980086445114245e-07 8.689968028938308e-07
0.0020162969881025766 0.0 0.00036180259011362695 0.0004641452068179917 0.00225680783989068 3.83898841640882e-05 0.0026053441161757638 0.0001536448281869146 0.001907367152401229 0.0003754071930209653 0.0009711364837258731 0.0001706403212098739 0.0010906451928178443 0.0015869455699499468 1.230368618818532e-05 1.251517984559699e-06 1.2105480684248529e-06 0.0 7.32004509112127e-08 0.0 9.702592947663508e-08 1.619842715763551e-06 1.0997185169321346e-06 5.183164565173553e-07 1.8271939402946322e-06 3.4653157323694885e-07 1.9544637008770723e-06 3.6416858168081925e-07 1.2750554410807536e-07 7.506015864627212e-07 0.001144125016440687 1.2741421432486887e-05 2.713084269813573e-05 1.0033834423803599e-07 1.9794955372173175e-07 1.154903609250474e-06 2.8178171326084687e-05 6.82628246756942e-07 9.355525114776499e-07 1.5283018513390178e-06 2.7774203909776297e-06 7.961055974262286e-07 4.025990251194879e-07 9.578154387167749e-08 1.381122964063576e-07 0.0 0.00022872673622003703 1.3932834764113652e-05 8.924107753241068e-07 1.1644165605244942e-06 4.32718189854627e-06 6.88013994809159e-07 0.0 7.970504606903003e-07 2.363817334581516e-05 7.413989572412167e-05 0.00019511136123519454 0.00026285692733755425 0.00018986618599389868 0.00021432447415970315 0.0 3.3038855143387403e-06 3.6082021820017016e-07 3.476466759530461e-05 1.5466637345884816e-05 5.543616492553299e-06 2.0805806459363196e-06 2.648508091624672e-06 1.1414723882443235e-06 1.0668344894710881e-06 1.0428557138743656e-05 2.0898686037898786e-07 2.489441191390208e-07 0.0005027647150971143 2.2839765479601075e-05 9.544589270427422e-05 9.586753068299427e-06 2.54588895588285e-06 2.99659944404007e-06 0.00020661346164646896 1.1695107081286233e-06 1.1499056270434904e-05 0.00016417595795930617 3.62622125280246e-06 2.8179719961777725e-05 9.525335172079225e-06 2.406493621621959e-06 4.921637872804517e-07 2.2999525554032613e-06 7.294575433826577e-07 4.664073931475597e-06 2.4761329123964197e-06 2.382039242891381e-06 9.261158388708416e-07 1.21939377263211e-06 7.44441471159369e-06 1.7009078804931459e-06 0.0 0.0 0.000983445392208314 1.1965213982950303e-06 8.660309333742769e-06 4.410763899051867e-06 3.5193415179471493e-06 2.8084105679975215e-06 3.5338159695507665e-05 2.2631709909940506e-06 5.655461020693039e-06 7.264386983921966e-06 2.0627768481979957e-05 2.2643972684352188e-07 3.319538337375068e-05 2.0897832909398536e-05 1.8297033221493283e-05 1.0643099836285902e-05 0.0 0.0 0.0 0.0 0.0 0.0 0.0 0.0 0.0 0.0 0.0 0.0 0.0 0.0 0.0 0.0 2.3676834488221163e-07 0.0 0.0 8.31381207612807e-06 1.2682447404170861e-07 0.0 0.0 0.0 9.955735937594135e-06 1.2924747124070096e-06 1.6590046254068798e-05 2.563973227052056e-06 4.17463563212898e-07 0.0 0.0 0.0 0.0 0.0 0.0 0.0 0.0 0.0 0.0 0.0 5.597862238456254e-07 1.0488732563787743e-06 6.953836263518258e-07 0.0 1.0365941853058628e-07 8.0506192680083e-08 1.3950893880099669e-06 0.0 6.082080137390989e-06 3.6728219776039965e-07 4.797897907289983e-07 7.373869278422255e-06 8.74066944658241e-07 0.0 0.0 1.1453732668657593e-07 0.0 8.289800047108323e-08 0.0 0.0 0.0 1.2512838059978791e-05 2.440308027188397e-07 2.583547102260992e-07 0.0 0.0 7.196628657218218e-07 0.0 4.570138102854097e-07 3.2611382603133864e-07 4.558000624035754e-07 1.8685712660986205e-07 0.0 0.0 2.7531388735059367e-07 9.956950550056732e-08 0.0 0.0 0.0 1.8422176778984983e-07 3.80187588979678e-07 0.0 7.376060846563494e-06 4.804509006446835e-06 7.69503814163273e-06
0.00031024556496233067 0.00036180259011362695 0.0 1.1195271738508997e-07 0.00010560614472080533 0.0 1.5551916044970256e-05 0.0019389013925713123 0.0002863997086399939 8.684066716280358e-08 0.0020977068138712013 0.00015903175250126173 0.00023017954040878828 0.001154590253740868 1.0250568984542418e-05 3.585762605816532e-06 9.773630265534177e-07 2.926942937129592e-07 1.6554569794908872e-07 1.055590692107908e-06 5.468678845001357e-06 6.178555438708665e-07 4.069922426881498e-06 1.3724797638842736e-06 1.1425402401806727e-05 2.016667802929309e-06 8.307501782459747e-06 5.020617068633735e-07 1.134167401268184e-06 3.7513190355459044e-06 0.0019229444505338134 0.00024411589302165943 7.16358319057083e-05 6.823389415649319e-07 7.4554466249137965e-06 2.814374391217096e-06 4.218512488370176e-05 4.9134439115351546e-06 1.2811948016425312e-06 2.6989544167727314e-06 1.2140289673334755e-05 5.3812995989162805e-06 1.7237356946120933e-06 6.058856633475485e-07 3.9590751995153733e-07 9.244153800508529e-08 8.37363069143534e-05 4.2842238583581776e-06 2.92982473577625e-07 5.323944868616412e-06 3.299387272164797e-06 1.5593299875715237e-06 5.137127560753982e-07 2.2106952203216018e-06 4.758594573505013e-06 1.3275220821920347e-05 4.842607255311997e-05 0.00014053440209220837 3.8293554558352846e-05 5.8791902394937325e-05 7.186075364830542e-06 2.0423556838398407e-05 1.1746717681083493e-06 8.502157451581621e-05 2.3335235677609844e-06 2.6213217131575148e-06 9.076799646623161e-07 2.0895533200044215e-06 6.109652276699416e-06 1.3984261846351016e-05 9.287279404682883e-06 4.3240349137662313e-07 0.0 0.00013027025841428515 2.02387535714269e-05 4.841773623794156e-05 1.1291639077019146e-05 1.1783498394635441e-05 0.00018374407219213802 0.0012414487935035116 6.676931410325924e-06 0.0001870522105106398 3.933892982388469e-05 1.2540041551655682e-06 7.1247281240717036e-06 2.0917776049796695e-06 6.8684474813438945e-06 7.216414313543946e-07 1.2275788342089992e-06 5.573093920843629e-07 2.765792431561419e-06 2.0241912131982724e-06 1.912372284883265e-05 8.565849829924558e-06 5.169690883645412e-06 4.4651077680098426e-06 2.9894147367164787e-06 0.0 3.6837538465784947e-07 0.0001873008602331668 1.710017446515629e-07 1.808317603357101e-07 7.389525683293179e-07 0.0 5.884021866068996e-07 3.4368154793338638e-06 1.1979019004763816e-07 1.491627810585204e-06 6.470217711182387e-07 2.370825911707522e-06 3.5387957653699865e-07 8.145529362501617e-06 5.746115298714079e-06 5.002434646962501e-06 3.249993251595179e-06 0.0 0.0 0.0 0.0 0.0 0.0 0.0 1.1677784519494063e-06 0.0 0.0 4.436587135570484e-07 0.0 7.552646479220892e-07 0.0 0.0 1.846809974108466e-07 5.009513793091796e-07 1.3955581554663812e-06 0.0 3.897072476163745e-07 2.6882693787447487e-07 0.0 4.8732244377804e-07 2.6862096179995853e-07 4.958642835276824e-06 6.182754419288302e-07 6.237562972960194e-06 5.640392153345617e-06 1.1058278367432217e-06 8.150211835857674e-07 0.0 0.0 0.0 0.0 0.0 4.712305921188952e-07 1.7538041393342394e-07 0.0 0.0 0.0 7.729618682406308e-07 1.7318688470343513e-06 1.8054024154247285e-06 0.0 0.0 0.0 7.95741334454286e-08 0.0 7.277588686182148e-08 1.2791423006310878e-07 1.1081656356834484e-06 7.010836550013439e-06 5.501638104712421e-07 0.0 0.0 9.983019718632336e-08 0.0 0.0 0.0 7.374013183087281e-07 1.2637776025654092e-07 4.1598955730804034e-06 3.5425660236784603e-07 0.0 0.0 6.038124467065181e-07 2.766378143858862e-07 0.0 1.3476111549029653e-06 1.5663267995373797e-07 7.549217318609275e-08 0.0 0.0 0.0 0.0 0.0 0.0 0.0 1.2602071584780662e-07 1.3654612619200312e-06 7.412881028913519e-07 0.0 3.441270547363599e-06 4.350393394395601e-06 4.3144028664919006e-06
0.0009083003631852385 0.0004641452068179917 1.1195271738508997e-07 0.0 4.521015231280434e-06 6.814949597802239e-05 0.000766343322724125 7.875350220311449e-08 4.868866264552059e-06 0.0006128455960856779 0.0 0.00022586086166892267 0.0011848834480991455 3.580219464267012e-05 2.824257365903944e-07 7.489526937097585e-08 8.649156866300031e-08 0.0 0.0 0.0 0.0 0.0 0.0 0.0 0.0 0.0 0.0 0.0 1.6009059130665216e-07 0.0 2.1794868306646746e-05 0.0 2.0845838195580506e-07 0.0 0.0 0.0 1.227091244966576e-07 0.0 0.0 0.0 0.0 0.0 0.0 0.0 0.0 0.0 1.850752347117197e-05 1.3940494757558159e-06 2.882811578503034e-07 0.0 5.835906780026156e-07 0.0 0.0 0.0 2.52451200435128e-06 9.845057811246736e-06 7.393237460947035e-05 4.92524249322054e-05 4.028213250277784e-05 2.948396358085081e-05 0.0 1.7109494783032748e-07 0.0 1.3266328848918683e-06 1.5140053428078915e-06 6.502977705612487e-07 3.572898055745749e-07 1.9073236972545482e-07 0.0 7.312775750947287e-08 1.1985283990283026e-06 5.855209369004094e-07 0.0 8.68531351379118e-05 1.1097929001937938e-06 6.754726847253927e-06 3.411672887452984e-07 0.0 0.0 1.5494843545395977e-07 0.0 0.0 2.3234191739403436e-05 6.422755726704357e-07 2.9604776508187097e-06 1.3013976113253833e-06 1.7756715826293703e-07 1.646564423240297e-07 2.7056383259811086e-07 0.0 3.1585144448566324e-07 0.0 1.8423508645067452e-07 1.2054048146918253e-07 2.9172031603473026e-07 1.3854846367854863e-07 5.560749628817015e-07 0.0 2.655274094835164e-07 0.0007224508534306084 4.2324786927404997e-07 6.55267614781399e-06 1.748159426013095e-05 1.986139593369502e-06 1.2604109799624233e-06 5.037293489422422e-05 3.0229371884545955e-06 2.046769787895717e-06 2.588928926763358e-05 1.6738766681985606e-05 0.0 8.552383318927359e-06 1.7674865855529504e-05 4.056548419164352e-06 0.0 0.0 0.0 0.0 0.0 0.0 0.0 0.0 0.0 0.0 0.0 0.0 0.0 1.8937816863990022e-07 0.0 0.0 0.0 0.0 0.0 0.0 6.862546690179105e-07 0.0 0.0 0.0 0.0 1.3374279442530115e-07 0.0 6.513547342693665e-07 0.0 0.0 0.0 0.0 0.0 0.0 0.0 5.9213331920490316e-08 0.0 4.2317446911184393e-07 0.0 0.0 0.0 0.0 0.0 0.0 0.0 4.1913358330057445e-07 0.0 6.516452265444897e-07 7.645525851903929e-07 8.849060427443572e-07 0.0 0.0 1.2963875304770975e-06 0.0 4.33443328151501e-07 1.6686423850898334e-07 1.709483396349742e-07 0.0 0.0 0.0 0.0 0.0 3.808191995369131e-07 2.5365937794660815e-07 0.0 0.0 0.0 7.256540536087672e-07 0.0 0.0 1.1345756686563401e-06 9.235866107705491e-07 1.275206811332064e-07 3.8232616380945403e-07 0.0 0.0 0.0 0.0 0.0 1.225343419471846e-07 0.0 0.0 0.0 1.532372654389441e-07 8.520795853834234e-07 2.0425312973474926e-06
4.9999121866083035e-05 0.00225680783989068 0.00010560614472080533 4.521015231280434e-06 0.0 7.153673567583529e-06 0.0009590681276661913 5.696345815420742e-05 0.0012344394687209975 3.913731951169449e-05 0.0009850096094582332 1.6125416550819634e-05 0.00043406127445576683 0.0014216420374637154 3.714239808330627e-06 9.818267678378059e-07 1.9560977173514834e-07 0.0 0.0 0.0 0.0 0.0 2.047319084874769e-07 0.0 0.0 0.0 0.0 8.818952980522493e-08 1.3227461277562535e-07 0.0 5.7914695841882556e-05 2.995983704715441e-06 1.4634334270111576e-06 0.0 0.0 0.0 8.555259689928107e-06 1.653443466954873e-07 1.1101844180450744e-07 0.0 1.518336528765225e-07 0.0 0.0 9.544109804127139e-08 0.0 1.8381319162284986e-07 4.6200016868433725e-05 2.3581086903160626e-06 5.589148499465371e-07 3.25248373824312e-07 3.886109317599674e-07 0.0 0.0 0.0 3.6520869155343065e-06 9.881884745560835e-06 1.151352946222084e-05 1.4254826797414723e-05 1.8129744274838113e-05 3.083365496510545e-05 0.0 6.164438893349846e-07 0.0 7.687434819398817e-06 2.1101456507686935e-06 1.2034322874010999e-06 3.9812863479731566e-07 4.517713287552737e-07 1.1430552983890993e-07 3.724654555081667e-07 4.552856780192046e-06 0.0 0.0 5.4575263830480214e-05 3.981090890964608e-06 2.2681827317001688e-05 2.187968617046119e-06 9.241903694760133e-07 1.990216475932284e-07 4.436833692046915e-06 0.0 1.0417063758871373e-06 2.2184926889694107e-05 9.59090887473486e-07 5.118000117998378e-06 1.370416242898959e-06 3.6306789488832487e-07 0.0 2.9936099364707097e-07 2.5301412622619967e-07 1.1493510039724592e-06 1.7111549191611273e-07 0.0 3.623877511584915e-07 1.0123688381368541e-07 1.1164205869501698e-05 1.8138027781972371e-06 0.0 9.593124671722754e-07 2.136489826703461e-05 2.4064341645400195e-07 6.226248966149533e-06 3.3880756787946485e-06 9.906591739694943e-07 3.2663627571912694e-06 1.1665107981430808e-05 1.7190351199539982e-06 1.0598208415102807e-05 8.30771127861309e-06 1.2080440901999356e-05 1.7474607239885338e-07 2.7518520205172365e-05 2.378237547465665e-05 2.1788786241714996e-05 1.0674529968265146e-05 0.0 0.0 0.0 0.0 0.0 0.0 0.0 0.0 0.0 0.0 0.0 0.0 0.0 0.0 0.0 0.0 5.755653580145973e-07 0.0 0.0 5.62800896204635e-06 6.633232149952562e-07 0.0 1.4193158193358069e-06 0.0 8.528158568730785e-06 2.7022653219486712e-06 9.94577676315022e-06 3.6844401590234644e-06 1.1156071234940983e-07 0.0 0.0 0.0 0.0 0.0 0.0 0.0 1.028333390571053e-07 0.0 0.0 0.0 0.0 5.641219316975929e-07 0.0 0.0 0.0 0.0 2.5872123757623457e-07 0.0 3.3747747899078717e-06 8.096072062854139e-07 0.0 8.318305618001825e-06 2.7661679683920607e-07 1.2609283286237014e-07 0.0 0.0 0.0 0.0 1.1257273844302932e-07 0.0 0.0 1.7641261131383717e-05 0.0 0.0 0.0 0.0 9.37313497812906e-07 6.900142778871261e-07 1.2981686217460055e-06 1.017024907470833e-06 0.0 4.5911404164445494e-07 6.17990967410298e-07 0.0 0.0 0.0 0.0 0.0 0.0 0.0 0.0 0.0 1.03610996518372e-05 5.990692784084421e-06 3.995253499265269e-06
7.439515523521082e-06 3.83898841640882e-05 0.0 6.814949597802239e-05 7.153673567583529e-06 0.0 6.652565045230998e-05 0.0 2.257327015136644e-06 0.00026917330734568026 3.835180638726042e-07 8.979202130451955e-05 0.00012065576967740128 2.2901190175817615e-05 3.9798603386518835e-07 0.0 0.0 0.0 0.0 0.0 0.0 1.4288407615216193e-06 0.0 0.0 0.0 0.0 0.0 1.0355273887069865e-07 0.0 6.798921505543601e-07 1.8284434447666559e-06 1.5995973769411873e-07 3.611417434353377e-06 0.0 0.0 0.0 3.824786658381556e-05 1.1040193327746775e-06 4.969286860612509e-06 5.830223053527275e-07 3.3026052005997907e-07 0.0 0.0 0.0 0.0 0.0 4.4010678933862184e-07 1.3250730851281626e-07 0.0 0.0 1.3059921993605517e-07 3.5872975180053736e-06 2.619089743019916e-07 5.963695590984393e-07 2.2421698576249588e-07 6.4582025019247016e-06 0.00015892123614758181 3.9672221440593505e-06 4.527868008207975e-06 7.368359373827554e-08 0.0 9.443438568847753e-07 0.0 2.2206085857084995e-07 0.0 9.705442770545378e-07 3.900266553148442e-07 0.0 0.0 0.0 0.00022002338256643528 0.00022222026789309936 2.0752996850727602e-05 8.704180913296601e-07 0.0 2.2916495403077844e-07 0.0 1.1066024462142054e-07 0.0 2.4172467076455107e-07 0.0 4.4579831764963935e-07 3.879854350238528e-07 1.032082900999704e-05 3.2094022963052725e-07 7.70913599557883e-06 0.0 1.430276301130384e-05 7.535914083003279e-06 2.4997188828771668e-05 6.565365990814573e-07 4.691097658970992e-06 0.0 0.0 6.137730483948669e-07 0.00030462571820536496 0.00032046361377754056 1.0245903061732428e-05 1.7025866650967794e-05 0.00020087071229790614 1.2036707127012934e-07 3.5859025169418373e-07 9.252315717395588e-07 6.043621691142003e-07 5.16842504134164e-07 8.743371879029194e-07 1.6035968040462732e-06 1.1308466632014865e-06 7.020095263079552e-07 3.5116416028289356e-06 0.0 1.655899610533556e-06 2.17881451139076e-06 1.4836599234622564e-06 2.127708655216173e-06 2.7573785442755227e-07 0.0 0.0 0.0 0.0 0.0 0.0 3.7627999956468915e-07 0.0 0.0 3.401221203890394e-07 0.0 1.0389763111646508e-07 1.0010360369871938e-07 0.0 0.0 4.085124281846358e-07 8.731157274117255e-07 3.84599565206229e-07 3.996658319496061e-07 3.257836385203209e-07 8.844717487304892e-08 0.0 1.1192514686515508e-07 5.238161069097196e-06 5.478776942478272e-07 6.085496432217421e-06 4.3231307475538604e-06 1.12625829191372e-06 0.0 0.0 0.0 0.0 0.0 0.0 0.0 0.0 0.0 0.0 0.0 0.0 8.542908810619476e-07 0.0 8.098606245139448e-08 0.0 0.0 2.9331296986748715e-07 0.0 9.135558888374977e-07 6.430751726425655e-07 2.4971194919893094e-07 1.892880367813753e-06 3.6930512462029436e-07 8.326237323105952e-08 1.7974229936965023e-07 0.0 0.0 0.0 1.6383218121485504e-07 0.0 0.0 4.103887832164632e-06 6.661746016704351e-06 1.3485781541793092e-07 9.990805062564186e-08 1.5507922044897218e-07 0.0 0.0 2.423180476390889e-07 1.0525946933210609e-07 0.0 1.1277156457185826e-07 0.0 0.0 0.0 2.961185001395617e-07 0.0 0.0 1.7957577150795262e-07 2.297603276751772e-07 1.0619171383406724e-07 0.0 1.35412149609199e-06 1.5268492046960953e-05 6.853597009842287e-06
0.00029019788748637715 0.0026053441161757638 1.5551916044970256e-05 0.000766343322724125 0.0009590681276661913 6.652565045230998e-05 0.0 1.6283393351945088e-07 0.0015397275552324885 0.0011398883793477695 0.0007395064232958194 0.00021562696678315205 0.001325868764006949 0.0011440045004282267 3.875245187841899e-06 2.5931799729455746e-07 1.8417193088435266e-07 0.0 0.0 1.3181546549565368e-07 1.2815435021607125e-07 0.0 3.19025142066625e-07 0.0 0.0 1.5151775153337555e-07 1.9977193215302062e-07 0.0 0.0 0.0 3.3555590851211896e-05 1.0598036020443061e-06 2.363146142693471e-06 0.0 0.0 1.588734537192808e-07 4.628933430560203e-06 1.0360359817725856e-07 0.0 2.248627452525597e-07 1.759594909165869e-07 8.400799866117633e-08 0.0 1.8404233297245345e-07 0.0 8.366285253058225e-08 6.329515678373375e-05 3.801115525323154e-06 2.416177715285963e-07 2.1563827919117446e-07 9.437856464897467e-07 0.0 0.0 0.0 5.220246941933044e-06 1.74385706764868e-05 3.0931191230532724e-05 3.591519503981274e-05 4.143868571840349e-05 5.085805364514507e-05 0.0 3.1239110544485627e-06 2.1356139837452306e-07 1.0121208962726739e-05 3.1567846726316755e-06 1.5178154198637966e-06 9.654989748327276e-07 7.266746431690067e-07 2.5083156070371505e-07 0.0 5.783787662642571e-06 2.045855404534471e-07 8.261845955231042e-08 0.00011018506173557176 6.33426865074285e-06 2.6317596512583e-05 4.347766159890074e-06 4.1943158919424645e-07 2.6090551853674405e-07 7.540306866909208e-06 1.8658373382097023e-07 1.3628104298490348e-06 4.3415940536749276e-05 9.211832272037578e-07 7.96915155173005e-06 2.3363308889503568e-06 1.2576324300996034e-06 1.704696157762633e-07 5.205916831401887e-07 4.837115428003201e-07 1.356480044970565e-06 5.487646854946934e-07 2.0743566525241487e-07 1.699127640081499e-07 4.160695776886718e-07 5.086054015883855e-05 9.262555441435829e-07 0.0 2.280633065929902e-07 9.454442104019709e-05 5.6912334752532716e-06 2.0114085272609097e-05 7.153510784866126e-05 2.3999797198697702e-05 9.449383611451834e-06 6.960456212962966e-05 7.800024204452441e-06 2.2090499704728283e-05 3.744587360994989e-05 7.241584031989401e-05 3.325289329629778e-07 0.00011107272239438756 7.338061788441978e-05 4.9798566191466995e-05 1.963041991626216e-05 1.097355205997603e-07 0.0 0.0 0.0 0.0 0.0 0.0 0.0 0.0 0.0 0.0 0.0 0.0 0.0 0.0 0.0 2.558719361875187e-07 9.300652781118839e-08 0.0 5.061135419724678e-06 5.98850336367159e-07 0.0 3.4358025955212327e-06 0.0 2.2766713125885426e-05 1.5993328975682724e-06 1.4887905639225755e-05 3.1385549185944596e-06 2.4809039160780613e-06 0.0 0.0 0.0 0.0 0.0 0.0 0.0 1.0156795031514693e-06 8.470314767050038e-07 1.5345928428986854e-07 0.0 0.0 8.785752736077703e-07 0.0 4.2916674115562103e-07 6.671730696280816e-07 0.0 2.307599484071764e-06 2.9787237221024167e-06 5.9268277400425354e-06 1.0523316960865994e-06 7.650777288020555e-07 1.6188924962157907e-05 7.745192801146058e-07 6.072472819871224e-07 3.3738675153217995e-07 0.0 0.0 7.242819502119856e-08 9.984604097192062e-08 0.0 0.0 2.059848908385521e-05 1.4339745803455113e-07 0.0 0.0 1.2014056483333187e-07 3.49221700503692e-06 0.0 7.39979844666978e-06 3.8438367046905314e-06 2.327453202116565e-06 1.0036688432354256e-06 0.0 3.219568119275407e-07 8.11789668881617e-08 0.0 0.0 0.0 0.0 0.0 0.0 0.0 2.2441776282468168e-05 7.840224451577813e-06 9.330082087941696e-06
3.5678174422614596e-05 0.0001536448281869146 0.0019389013925713123 7.875350220311449e-08 5.696345815420742e-05 0.0 1.6283393351945088e-07 0.0 5.155370153129374e-05 0.0 0.0014786707581195362 2.2276444300649967e-05 8.25828920582854e-05 0.0008176319052299732 1.997176522630393e-05 7.5144494588651375e-06 2.5712652453167275e-06 1.6837688980166418e-06 0.0 5.537780297922772e-06 1.7685283051926042e-05 1.021745106739932e-06 9.486600005091573e-06 5.688657161810074e-06 4.021388706029256e-05 7.353365004522672e-06 2.4658479220637528e-05 3.9897745411725366e-06 4.524438929937382e-06 7.398183320598898e-06 0.0009408889887086245 0.0009047894704740337 5.6509789674508235e-05 1.6588570462736045e-06 1.9050382095676258e-05 1.5395354500800528e-05 5.842923537046839e-05 2.2158655772892464e-05 8.383370164928187e-06 1.7745869379271085e-05 2.955161506321262e-05 1.712390748847393e-05 5.037995093968122e-06 1.6248720918587391e-06 1.2795383129299946e-06 2.7863207696256136e-06 8.025572670666939e-05 4.1490744939553e-06 1.9315325556332627e-06 8.925021889579239e-06 5.8784622961126005e-06 6.5960278810287795e-06 7.453503424751543e-07 1.0616922945064084e-05 1.9464161899827643e-06 4.286028904003663e-06 1.6339537442736826e-05 4.574715647669402e-05 1.2344493528827678e-05 2.8987148005969695e-05 5.36739217368679e-05 5.0578432931057095e-05 7.039905011016901e-06 6.953379626953379e-05 1.4826856301434306e-06 4.496429024568524e-06 1.8269411876560546e-06 3.6733495639994057e-06 1.228214359395807e-05 4.7415445460965484e-05 7.899645763204432e-06 5.692899563556995e-07 4.635750107809949e-07 5.46625865768985e-05 1.4349413559287372e-05 4.870224177845499e-05 2.032005579596802e-05 4.250652423316525e-05 0.0007793444984309667 0.0010604911885450981 6.118597517482624e-05 0.0009317325632081 2.1603911413530848e-05 3.1044159796007345e-07 5.15016261850268e-06 2.192339964838491e-06 1.0728342030850163e-05 1.2005754998408428e-06 1.7220656882479209e-06 2.315370459494718e-06 8.208121352538275e-06 5.218500914217364e-06 4.121840563546095e-05 1.851060447334382e-05 6.96723111037653e-06 2.4662896878394816e-06 1.7110194818981919e-06 0.0 5.019703632194278e-07 4.0275649533117934e-05 5.675147318848369e-07 0.0 0.0 6.257049834290758e-07 8.079101028622018e-07 1.345078694917434e-06 1.470455771556575e-07 2.2752404835725945e-07 6.498953150771215e-07 4.874311682400531e-07 0.0 4.059089730810091e-06 2.2575967094411534e-06 5.233388096092702e-06 4.9226209903365425e-06 1.2989822334159217e-07 0.0 0.0 1.295587724652405e-07 0.0 0.0 0.0 3.460807012300089e-07 0.0 5.343984684239897e-07 1.595346919497302e-06 0.0 1.0565312805004222e-07 4.778503851156561e-07 2.406648113970475e-07 5.955994646603365e-07 8.403651473055054e-07 9.7728409581902e-07 4.789926884346328e-07 1.273941840470808e-06 2.2530893754456792e-07 2.1615188819755816e-07 1.5872872289930185e-06 7.974221549397665e-07 6.880983470138908e-06 1.6096107455031794e-06 4.566472486265137e-06 5.254850558778932e-06 1.9050759245018644e-06 1.717930913082677e-06 1.223927702778722e-07 0.0 0.0 0.0 0.0 6.576987328640008e-07 1.8991949226301297e-07 7.343184977725693e-08 0.0 0.0 1.622184741543071e-06 1.8305067873464151e-06 1.818789419300351e-06 0.0 0.0 0.0 0.0 0.0 1.635947508687155e-07 2.8182396093128703e-07 2.414615596250048e-06 3.4522075763756758e-06 0.0 0.0 0.0 0.0 0.0 4.522450709819605e-07 1.737938945070439e-07 0.0 4.935057195532528e-07 4.789680513137202e-06 1.5612102929140346e-06 1.5714847785904126e-06 2.814416789983317e-07 1.697817621817712e-06 1.939685984532974e-07 1.228197908345149e-07 2.041638164832498e-06 0.0 4.3901816550631806e-07 0.0 0.0 0.0 1.4933106209787928e-07 0.0 0.0 2.569218391527263e-07 2.8078430942371586e-07 9.520217595022554e-07 7.335771403522582e-07 2.0973785444394717e-06 2.089319588142663e-06 4.143197368973501e-06 5.327872096365909e-06
1.0083667706295602e-05 0.001907367152401229 0.0002863997086399939 4.868866264552059e-06 0.0012344394687209975 2.257327015136644e-06 0.0015397275552324885 5.155370153129374e-05 0.0 1.8626026753336885e-05 0.0005279167666374709 1.864225190139231e-05 0.000734730932289051 0.0007327942177588176 1.6573461502171101e-06 5.137804952921223e-07 1.711275548763033e-07 0.0 0.0 0.0 0.0 0.0 0.0 0.0 3.0579702892261297e-07 7.673555148584219e-07 0.0 8.519133525770661e-08 0.0 0.0 1.8426357445548267e-05 1.7468960017907623e-07 3.0837953839072155e-05 0.0 9.365995874009922e-08 0.0 4.4904898624859965e-06 6.357390538971517e-07 0.0 3.592711845255084e-07 1.1389807899925437e-07 0.0 9.520674176007232e-08 0.0 0.0 0.0 2.086625688970791e-05 9.7235581391751e-07 1.0602502815207135e-07 0.0 2.0045319434844613e-07 0.0 3.369918096666014e-07 0.0 1.6297408274755317e-06 3.6788022347198477e-06 2.387677764167432e-06 3.2593596804457464e-06 5.938004065797322e-06 9.302116914334776e-06 0.0 8.636470310078703e-07 1.478310693654712e-07 4.2242300638921625e-06 8.043698642076003e-07 3.859595713340596e-07 2.565390974823802e-07 2.0985563367403056e-07 0.0 9.207297271457634e-08 1.798970195283353e-06 0.0 0.0 1.8782717497436892e-05 1.733214141565681e-06 1.190255419194115e-05 1.401700144079213e-06 0.0 0.0 1.7089805479429997e-05 0.0 0.0 1.0301965621185723e-05 7.836280776208534e-08 1.301482470613595e-06 1.4042907093815215e-07 6.212988191065529e-07 0.0 7.928078668143202e-08 0.0 4.3392463889075335e-07 1.0177026152786713e-07 2.8086625246728553e-07 2.0543687117465337e-07 1.006590762546608e-07 7.036987140139456e-06 3.5421593962490564e-07 0.0 6.661506960122964e-07 3.7938212769890496e-06 1.2563667730631382e-07 4.087421418043645e-06 6.283821289470223e-06 1.4644475528009197e-06 3.9290241561965495e-07 5.831856720052329e-06 3.922144913491162e-06 3.677898466489099e-06 2.7502958025881267e-06 1.140421385340254e-05 3.1503201404996646e-07 2.2437672899818784e-05 1.2849483083556046e-05 1.613770474802283e-05 6.673077287683292e-06 0.0 0.0 0.0 0.0 0.0 0.0 0.0 0.0 0.0 0.0 0.0 0.0 0.0 0.0 0.0 0.0 5.519686159554047e-07 0.0 0.0 8.835692499238786e-07 9.30304108255452e-07 0.0 5.65758212550197e-07 0.0 6.3765198824324524e-06 3.0183093620922577e-07 4.393666594857614e-06 2.36733427484304e-06 0.0 0.0 0.0 0.0 0.0 0.0 0.0 0.0 0.0 0.0 0.0 0.0 4.346208253969948e-07 0.0 0.0 0.0 0.0 0.0 0.0 2.0632040409846164e-07 1.6713072974761366e-06 3.9523346259581604e-07 1.1858150613885315e-06 6.900585039379316e-06 0.0 0.0 0.0 0.0 0.0 0.0 0.0 0.0 0.0 1.0513932334648865e-05 0.0 0.0 0.0 0.0 1.365445575954732e-07 0.0 1.7870132354392379e-06 9.433224988083008e-07 8.886667769409172e-07 2.0579590549149637e-07 0.0 0.0 0.0 0.0 0.0 0.0 0.0 0.0 0.0 0.0 3.308326721629235e-06 1.3087249744751186e-06 1.965657476067448e-06
0.0010883672350186847 0.0003754071930209653 8.684066716280358e-08 0.0006128455960856779 3.913731951169449e-05 0.00026917330734568026 0.0011398883793477695 0.0 1.8626026753336885e-05 0.0 5.555781898702685e-06 0.0007431094989050074 0.002291142133838114 7.453609274139427e-05 8.92334417746746e-07 0.0 0.0 0.0 0.0 0.0 0.0 0.0 8.860354047988745e-08 1.0869950582080165e-07 1.1009017711876398e-07 0.0 0.0 0.0 0.0 0.0 8.834056156630412e-06 0.0 1.3498422316404415e-05 0.0 0.0 0.0 5.742400201344557e-05 9.604725149821806e-07 1.8136417328754669e-06 1.872573383010529e-07 0.0 0.0 0.0 0.0 0.0 0.0 1.7300625374541286e-05 1.7031562021859978e-06 1.145595793486339e-07 0.0 1.9468151391115692e-07 3.1730096216962895e-07 2.9818210346590104e-07 0.0 3.6329178974227334e-06 9.250970429726012e-06 9.940184009074495e-05 3.535434630110155e-05 3.499103720876518e-05 2.0350471809019256e-05 0.0 1.97437804250167e-07 0.0 7.463163193504355e-07 1.2553047042114582e-06 2.636551804232262e-07 1.6233153661599744e-07 1.6823794069400403e-07 9.70300533896467e-08 0.0 0.0001842340288076529 5.2929691355846886e-06 9.815404131991984e-07 6.505624003437696e-05 1.4356315905512072e-06 6.475717947568381e-06 7.414106949543577e-07 0.0 0.0 4.808216061156722e-07 7.519691199326047e-08 3.6009901374577473e-07 2.067794476287415e-05 7.773802396201384e-07 1.942348035568653e-06 1.4622525537836305e-06 1.7849118924763525e-07 8.437780592881526e-08 5.065745165370235e-07 4.366136085799173e-07 3.5330767694653154e-07 3.9053168026935166e-07 1.0751564086935978e-07 0.0 1.7440533837485918e-07 0.00012225653056047544 5.5647903533771094e-05 2.830066250761116e-07 9.350308948065664e-07 0.0007003242811108361 2.9206789053939223e-06 4.091044157602261e-05 4.742247383012925e-05 2.820445497244566e-05 1.0121744755777658e-05 6.824612899671207e-05 1.3850560140097286e-05 1.5960808847520757e-05 3.226774903600203e-05 0.00010590546928541054 7.767660373279793e-07 0.00010569692750571969 6.619237651147456e-05 5.5871006953232404e-05 1.7197453998128762e-05 4.6222870071035447e-07 0.0 0.0 0.0 0.0 0.0 0.0 0.0 0.0 1.9457440882263914e-07 0.0 0.0 1.0380546406226745e-07 0.0 0.0 0.0 0.0 2.6220870935719257e-07 2.906105168354481e-07 5.085313290430912e-06 6.51947260286644e-07 0.0 1.0104172186047752e-07 0.0 1.1087729295635939e-05 1.1976239720693518e-06 9.661516166601466e-06 2.282987202701877e-06 5.529486937312499e-07 0.0 0.0 0.0 0.0 0.0 0.0 0.0 9.99611667624672e-07 2.4445093407637473e-07 0.0 0.0 0.0 3.29521166271281e-07 0.0 1.828234456382968e-07 2.836129363533567e-07 0.0 4.0878479788628964e-06 4.5372768975805326e-07 1.9287593133356907e-05 0.0 5.759953977421638e-07 1.3686492504720897e-05 1.5033120363686286e-07 6.017767569877187e-07 9.089092612744074e-08 0.0 0.0 0.0 0.0 0.0 0.0 2.3094905603065458e-05 3.007134861563528e-07 0.0 0.0 8.071048762533505e-08 9.457592991078166e-07 0.0 3.4792468320160717e-06 1.988031076506183e-06 9.04174919934232e-07 4.6057010543992346e-07 0.0 0.0 0.0 0.0 9.453912758957229e-08 0.0 0.0 0.0 0.0 0.0 1.5337968933786723e-05 6.3551800049474754e-06 1.4473983632123865e-06
5.287438828256295e-05 0.0009711364837258731 0.0020977068138712013 0.0 0.0009850096094582332 3.835180638726042e-07 0.0007395064232958194 0.0014786707581195362 0.0005279167666374709 5.555781898702685e-06 0.0 8.649816557891557e-05 0.00047309988583142535 0.0013265232839508128 1.850039206593868e-05 6.330405525481465e-06 2.075242113600297e-06 1.3074184351196453e-06 1.865848591483145e-07 6.465386763234406e-07 1.082027911342617e-06 7.778271867048776e-07 3.8098898261380654e-06 9.573893788054251e-07 1.6128494588714573e-05 3.5620495707827605e-06 7.1956383966022575e-06 2.6879164925577863e-06 2.9591858161979857e-06 2.8154244176938412e-06 0.00026130294399290976 2.2948719645627538e-05 0.00031333051026061226 3.648972791685071e-07 4.784570950606982e-06 1.3761387492760034e-05 0.000304424624548799 3.2122486656673166e-05 9.491859936057302e-06 1.7944787503610394e-05 8.960729898563757e-06 8.32017368197859e-06 1.9708316831641958e-07 1.2230336507889446e-06 3.200918631862279e-07 3.5306663045703566e-07 5.080605456039096e-05 1.9816831872981074e-06 3.972512774503967e-07 2.464796742126479e-06 1.7772739458413476e-06 6.235218037797783e-06 1.1115530768423026e-06 6.75446468029147e-06 1.8531014391290284e-06 4.927304451784902e-06 5.1604209516146165e-06 9.66468072432863e-06 8.318617587561018e-06 2.4282513338360442e-05 1.96282990584763e-06 2.237195253407378e-05 1.6882527442346807e-06 1.4491802950459266e-05 1.0923793447070366e-06 1.2399374398504939e-06 1.2944844509793693e-06 1.3903757417141225e-06 2.5271290834637006e-06 2.4919542737878106e-06 3.124004811370722e-05 1.714330215530328e-06 3.9530024802899833e-07 3.6642900846501974e-05 2.8550583026626903e-06 4.149292522011204e-05 1.0571064579498666e-05 3.864767525685861e-06 5.067332432727594e-05 0.00031130185371420306 1.0026925531467395e-06 4.780644415894447e-05 1.3514438325117608e-05 3.245115588838906e-07 3.637728067985357e-06 1.1417313404759224e-06 3.5039340505806357e-06 3.18033474791484e-07 1.2882456087356567e-06 1.5671850469047019e-06 1.887169345265021e-06 2.187486812260716e-06 4.7872203074012765e-06 4.563950565930831e-06 5.171589653962822e-06 8.533816145092414e-06 2.3756752560128813e-06 2.602966821347266e-07 6.333072832619251e-07 1.7966049349250496e-05 1.0608413322612905e-06 1.3503884147563908e-06 3.1670955324559324e-06 1.2071979208886582e-06 3.5367115973726055e-06 8.645314175336398e-06 7.498573814152889e-07 1.8680042520756484e-06 3.523802576286467e-06 4.417542788632802e-06 8.87397894880965e-07 1.8106780083396194e-05 1.716085961545507e-05 1.4139230421047388e-05 8.370558717956899e-06 3.053215163638846e-07 4.309117121614778e-07 0.0 2.4310216063673065e-07 0.0 0.0 2.3755706897726405e-07 6.005770139419191e-07 0.0 0.0 2.5283306929060707e-06 0.0 5.278025749097905e-07 0.0 1.979999807379094e-07 7.082624900374882e-07 1.453889896338908e-06 5.07208089555359e-07 5.025786781282858e-07 3.81989852870863e-06 5.934884809357516e-07 0.0 4.8264428646405345e-06 3.0289221595941386e-07 1.207852388628311e-05 3.6220693438422234e-06 7.583000311074601e-06 5.563192144956028e-06 2.1050389495890978e-06 7.805192235972298e-07 4.769293733018816e-07 0.0 0.0 2.6360489064209063e-07 0.0 1.4996783269269307e-07 1.0200365030202008e-07 8.868535315016724e-08 0.0 0.0 1.0264691691754628e-06 2.4371384741057025e-06 1.999196986121284e-06 0.0 0.0 0.0 8.089105394565256e-07 4.843956251758584e-07 1.8569736424884412e-06 2.3546256718122173e-07 4.527651046468347e-06 5.771215395764209e-06 0.0 6.592063695882475e-07 0.0 1.3033043138282195e-07 0.0 1.071194295796428e-07 0.0 0.0 1.8230186327597378e-07 1.2695086730952487e-05 1.1104517862156241e-06 2.854086088454751e-07 0.0 1.3581817320441797e-06 1.0876858239300997e-06 4.1622372694958235e-07 3.270367303163421e-06 1.1531512755846154e-06 4.0405994703544266e-07 5.947441403994085e-07 0.0 0.0 0.0 0.0 0.0 0.0 0.0 1.2436586709402183e-07 4.979864848445991e-07 1.2404521741842225e-07 6.83363174715536e-06 1.1125490759415439e-05 1.2174112422791744e-05
4.134765853160286e-05 0.0001706403212098739 0.00015903175250126173 0.00022586086166892267 1.6125416550819634e-05 8.979202130451955e-05 0.00021562696678315205 2.2276444300649967e-05 1.864225190139231e-05 0.0007431094989050074 8.649816557891557e-05 0.0 0.0011620724955351761 0.00010852510851067683 5.947065922057459e-06 2.830589651487745e-06 6.641656734709981e-07 0.0 0.0 0.0 0.0 1.4410355771405044e-06 7.963894406635678e-07 3.6144872038370424e-07 1.6571248655736603e-06 8.206166953996596e-07 1.4279624778381676e-06 1.233086467563756e-06 6.316997600123691e-07 0.0 1.4426393614213416e-05 1.3216300980860646e-06 1.6967997261813465e-05 1.2399498939305545e-07 7.752076510852061e-07 2.008048262071245e-06 6.967506136262422e-05 6.417890593507417e-06 3.6658656293902697e-06 3.948735547779307e-06 4.653934505665788e-07 6.657728193241888e-07 0.0 1.4921740403610675e-07 4.63330574585962e-07 8.882726859325988e-07 1.1454209697663538e-05 3.934820278194816e-07 0.0 9.218977345881042e-08 6.738376149720341e-07 4.009938877011368e-06 2.7775688998783154e-06 2.2335412592541236e-06 0.0 7.783385381948205e-07 5.404076045959012e-06 9.97770590918913e-07 2.854904469042376e-06 4.31690345363893e-06 2.8816751351203507e-07 6.041450838630352e-06 3.826294395287383e-07 2.638726842412694e-06 1.0791889917848271e-07 1.5318550038110706e-07 1.6205494625062733e-07 1.1483897617061268e-07 8.560017766068794e-07 2.9541945914444694e-07 9.952923895519316e-05 4.4459238255874525e-06 7.856003510267511e-07 6.199814121081051e-06 4.574399593995358e-07 7.408530005630866e-06 1.8699667817935648e-06 6.49025176293411e-07 1.0027201854224426e-07 1.0801296810450967e-05 1.3448423418663741e-07 2.046792582636191e-06 2.38762385824294e-06 2.0965693105673945e-07 2.573112229991045e-07 5.694963372735898e-07 4.338681392239679e-07 6.478741997197809e-07 5.130668456267882e-07 2.5236891293160296e-06 5.801392441436832e-07 6.335931164073731e-07 7.853469327982204e-07 2.3057740452990391e-07 1.2386926494021621e-06 0.00025028397141576967 5.224736606916863e-06 1.9166947715112864e-06 2.9544353566021294e-06 5.3111785136490456e-05 3.911892207015948e-06 2.1352718835463936e-05 1.6614064081269066e-05 1.123665033373713e-05 7.81540727142849e-06 4.6049467145439524e-05 8.692729170536052e-06 2.0850919686682894e-05 2.247964353387979e-05 6.834731134332008e-05 8.467824911683292e-07 9.55082069168624e-05 7.214742518321002e-05 6.475693398277895e-05 3.1010172391946987e-05 1.86540662603043e-07 8.808444207182437e-08 7.09065884558529e-07 1.0363970471680499e-07 0.0 0.0 0.0 6.457982589631672e-07 0.0 0.0 0.0 0.0 1.51967693772906e-06 3.8918979602881533e-07 3.161310746072133e-07 4.482068063599929e-07 1.498807131433397e-06 1.908743057538038e-06 1.1250615131448264e-06 8.16157446504371e-06 3.1970858012364115e-06 2.560486125805711e-07 4.791862776742595e-06 1.258400809099682e-06 2.8783772164964343e-05 3.6110038765543525e-06 1.8292255815796928e-05 9.154559992550929e-06 2.4000568178301826e-06 0.0 0.0 0.0 0.0 1.0093135743971263e-07 1.448682059795121e-07 4.1023616206774527e-07 4.7094662537001835e-07 2.0117214814815305e-07 7.893419272114498e-08 0.0 2.2869436134830525e-07 2.1372321358487887e-06 7.541179873905297e-07 9.76351913072828e-08 1.2200884152441292e-07 0.0 1.8852016966800385e-06 2.4190894243100225e-06 6.520076471359938e-06 9.513892706407508e-08 3.204804579311146e-06 1.650936046188927e-05 2.0750573060310067e-07 7.615714009263287e-07 2.0878246936920642e-07 0.0 0.0 0.0 0.0 0.0 5.466908856047347e-07 3.485828667172571e-05 2.7883326970968933e-06 2.401351458907515e-07 0.0 2.1512324980210626e-07 3.73787763856139e-06 0.0 6.762596652492367e-06 2.1768905378578895e-06 1.6368202549366635e-07 2.8475512302254755e-07 0.0 1.0132730112109773e-07 0.0 0.0 0.0 0.0 0.0 5.277600251850229e-07 0.0 0.0 3.363041145785828e-05 1.4967331641166864e-05 1.4933046738982487e-05
