0.0 0.0021894589528703495 0.0003572506325699098 0.0004978503942289207 0.00023321908441499632 6.909724876570557e-06 0.00021596271296662917 7.581898647777884e-05 1.79041876157434e-05 0.00020191964428920928 6.0716458757549174e-05 6.565692291345323e-05 9.47612739317962e-05 4.202193817472452e-05 1.696524883303771e-06 4.405469698532301e-07 2.0403053540536696e-07 9.691308924227193e-08 0.0 1.1337672160799476e-07 3.8220947926099456e-07 7.601197796324622e-07 2.123126848088623e-07 0.0 0.0 0.0 1.946749692554154e-07 0.0 0.0 0.0 0.0003067934265381052 6.426008131031643e-06 9.096903077225172e-06 7.990715975096145e-08 0.0 1.114553588959075e-06 1.0595017484036159e-05 1.4734580927786852e-06 2.9008554057800957e-06 4.3049687733727084e-07 1.3819129087543424e-07 0.0 0.0 0.0 6.391681441649389e-08 6.762762408535376e-08 9.340918366561385e-06 2.6089784758292494e-07 0.0 0.0 1.6073148967814542e-07 4.0153442563702075e-06 0.0 3.6899320616102166e-07 1.8757224322634632e-06 5.668498995688907e-06 0.00027532874807217867 0.0002434395813929383 3.2336211976862146e-05 8.872006329371064e-06 6.568499538880215e-06 4.6845812874049914e-06 1.5669964924797808e-06 9.59864348817465e-06 5.2048932999920936e-06 8.265853248203657e-07 3.5948556446796485e-07 0.0 0.0 6.602053846256669e-08 3.0974152971742476e-05 1.450040551543926e-05 8.55663001807528e-08 5.649821046639263e-05 1.431108976485353e-05 4.886679465970349e-06 6.904944455488758e-07 7.750665413992611e-07 2.829546842304022e-07 2.044931856814558e-05 1.3447650309607552e-06 4.046158527517527e-06 4.932544292271105e-06 1.6751228661160165e-07 7.439060379009277e-07 1.3353552944572078e-06 1.6044218363257898e-07 0.0 3.0903319661563303e-07 1.043703080580372e-06 0.0 4.2831513335427565e-07 2.0508945160516064e-07 2.0836499047858782e-07 7.135934188892995e-08 0.00014214410932048593 9.423436785391328e-06 1.618270695773917e-06 6.021268358494879e-06 0.0009132847006322816 0.0 0.0 8.225176034870702e-07 9.819052189638909e-06 3.641007980357361e-07 2.313345379601963e-06 1.2357882288822589e-06 5.779901575986904e-07 5.599209924830503e-07 2.164484919326392e-06 6.879861848704173e-07 8.79347344621027e-07 2.05200201650259e-06 1.4115030443883972e-06 1.3341778087289293e-06 0.0 0.0 0.0 0.0 0.0 0.0 0.0 1.0405992958062477e-07 0.0 0.0 0.0 0.0 0.0 0.0 0.0 0.0 0.0 0.0 0.0 1.7069254904959276e-07 0.0 0.0 0.0 1.6532233307203467e-07 7.063168368176501e-07 0.0 2.897374675691541e-06 8.834857455194889e-07 7.482213179091538e-08 0.0 0.0 0.0 0.0 0.0 0.0 0.0 0.0 0.0 0.0 0.0 0.0 2.78696712120956e-07 0.0 0.0 0.0 0.0 0.0 0.0 0.0 2.2070330211732706e-07 0.0 1.1380223739385615e-06 0.0 0.0 0.0 0.0 0.0 0.0 0.0 0.0 0.0 3.2309694716942222e-06 0.0 0.0 9.118226756481562e-08 0.0 0.0 6.534820174888612e-07 3.455146375524643e-07 0.0 0.0 0.0 0.0 0.0 0.0 1.4300365449916836e-07 0.0 0.0 7.686477440413512e-08 0.0 0.0 0.0 7.62594237501486e-07 6.824908804782649e-07 7.969178423376294e-07
0.0021894589528703495 0.0 0.00047941678287788007 0.0003632856758117452 0.0014926494373928535 1.8922583882256285e-05 0.0005771805799311312 0.00019271135381592082 0.0003379982221311163 0.0005316294923974798 0.00028474843297361874 2.2851231002502448e-05 7.778012919777404e-05 0.0001600379742588757 4.344921425764393e-06 3.5434644035302676e-07 5.973751413258108e-08 2.1352913810634295e-07 2.288871329385353e-07 7.655678088505536e-07 7.957205879547271e-07 0.0 7.990079403217618e-07 2.4038143962279063e-07 2.6836114539248476e-07 3.9734066190579723e-07 3.666552103078854e-07 4.3235610075498675e-07 3.2198845457577217e-07 6.933636617211214e-07 0.000895023124206738 1.0597605842215241e-05 3.9908451646210955e-05 5.415429911630531e-07 2.4102863781566347e-07 2.772545861161779e-07 1.1886704657814213e-05 1.8651953321812498e-06 2.4787043350341725e-06 1.1010569825567744e-06 8.891314188845616e-07 1.764342514369534e-07 4.337962233947654e-07 1.8254116408376658e-06 4.996517280406194e-07 5.26789183125181e-07 0.00011613543374094404 2.1085928378106886e-06 1.521495775117718e-07 9.980777941946405e-07 1.271494208567087e-06 8.374997421358031e-08 1.1586551572655142e-07 0.0 4.264839687063481e-06 2.283305865878943e-05 0.0003203666105075283 0.0006142089842016272 9.110920249542726e-05 8.226987319035959e-05 2.078109906274572e-06 4.3103571786324835e-06 2.907202887583952e-07 0.0001052577435224516 1.6695816957951824e-05 3.366456855809309e-06 1.960445342278991e-06 4.393238784217235e-07 2.9336170961042735e-07 8.67535758979917e-07 1.197737305165686e-05 3.0363666659780453e-07 0.0 0.0003191425919632191 0.00020804981179023933 6.486734271872037e-05 3.0976567402860214e-05 2.5588066532755418e-06 1.510035541538175e-06 4.7365042332850195e-05 3.2468271709461346e-06 6.798196052478152e-06 1.5308870488638253e-05 5.452140515263686e-07 3.7698621646603385e-06 7.119697551561467e-06 1.3584524552292986e-06 1.2803297955015372e-07 1.2191090068830782e-06 7.143044544668764e-08 5.755051953131881e-07 0.0 5.202484560974903e-07 2.9215558848243447e-07 3.912097396184539e-07 2.0899520856311824e-05 4.266577993093731e-07 3.248049419692363e-07 5.356596487502696e-07 0.0006258283886389136 9.52918793662481e-08 1.717537283098488e-07 4.747375947126525e-07 1.946683348313246e-06 1.689772520373548e-06 5.95458809815824e-06 8.65428748991253e-07 3.2478557663756592e-06 3.4173437524700366e-06 6.667548321210032e-06 1.5423835687894137e-06 8.235806737542881e-06 4.548771398624348e-06 6.398253554728737e-06 5.153192454151781e-06 0.0 0.0 0.0 0.0 0.0 0.0 0.0 0.0 0.0 6.1574880732155e-08 0.0 0.0 3.984517662938169e-07 0.0 8.003329224731473e-08 0.0 1.9101304063256019e-07 1.85965509517411e-07 0.0 5.499858708584476e-07 3.9241650733515024e-07 0.0 0.0 0.0 2.1700025893277983e-06 8.05783877240127e-08 2.5515877712958204e-06 7.815723897363136e-07 3.143158740225677e-07 0.0 0.0 0.0 0.0 0.0 0.0 0.0 0.0 0.0 0.0 0.0 0.0 4.2131165021134526e-07 0.0 7.2347181030503e-08 0.0 0.0 0.0 0.0 0.0 0.0 0.0 7.072551430246074e-07 0.0 0.0 0.0 0.0 0.0 9.039109738726117e-08 6.053471030485604e-08 0.0 0.0 5.9584299268380806e-06 0.0 0.0 7.150438975481492e-08 1.486503719460003e-07 1.45488760942152e-06 4.0496927442716223e-07 9.205770521014258e-07 1.403998629897182e-07 0.0 0.0 0.0 0.0 1.4767719234831203e-07 1.2062641724937414e-07 1.5352149034323635e-07 0.0 1.3242975623456067e-07 3.299434035957488e-07 0.0 0.0 8.487857078699604e-06 2.874362149140816e-06 1.589737430575398e-06
0.0003572506325699098 0.00047941678287788007 0.0 4.360702016663457e-07 0.0015134220267440707 6.284562257116665e-07 1.7659437934137675e-05 0.0014475324965654737 0.00017699309851979862 6.064197778079797e-07 0.00045125643750212023 1.734448333647418e-07 4.701838204611324e-06 0.00016384215586264487 1.1450641854818602e-05 1.834518922225372e-06 7.133212845437284e-07 3.9533364527016007e-07 3.9286825024280046e-07 2.0953463075393356e-06 1.4231496068126097e-06 0.0 5.119197051381656e-06 1.2464970097903473e-06 4.366685235831305e-06 1.1804663856039873e-06 5.160545450288409e-06 7.843875203534815e-07 1.2871133695864742e-06 4.329720448638962e-06 0.0033539424086643133 0.0007735698673164863 4.644474259840378e-05 1.3068077089088778e-07 2.8640811131596435e-06 1.74367194482274e-05 1.4957947655971764e-05 1.3490827648261101e-05 4.935074203071317e-06 7.350847135472974e-06 3.465306313921497e-06 2.671582360083799e-07 3.9295618630647937e-07 5.371186072609688e-07 5.3346021897626076e-08 1.0685011035368902e-06 9.187686049236036e-05 9.876853912591484e-07 1.3953563358857326e-07 4.41555150039427e-07 7.59009767025368e-07 6.691220124442609e-07 1.5989464595854835e-06 1.1214195448047297e-07 2.419978748122325e-06 7.767753020356953e-06 0.0001233740789057851 0.0004210690332018798 3.3565637757002036e-05 4.234737134651803e-05 8.01447832724675e-06 9.331268586651606e-06 1.063652255350574e-06 0.0006007367962906134 6.832638619035929e-06 1.7944714650900107e-06 5.421863204235197e-07 2.160536191514174e-07 1.7869701510446283e-07 1.300988373477835e-06 5.304323808152822e-06 1.7240324362223947e-06 1.3074200602105564e-07 0.00013743355072772754 0.00011843317828130652 4.3011405606849836e-05 2.875954053708829e-05 1.7134865575082613e-05 0.00010724806555575826 0.0007948702605234022 3.3903755499284827e-06 0.00015889770017157655 7.263709190150263e-06 1.4788831415982655e-07 1.6983404566840923e-06 2.0474395011137854e-06 4.069584515744711e-07 0.0 4.27623336440582e-07 6.975498041854952e-08 4.3048659551690336e-07 6.333632615813923e-08 8.092102726779562e-07 3.8755090614152375e-07 1.494826641051172e-07 4.110334221211171e-06 0.0 2.0859600284259667e-07 5.414251053226234e-07 0.0002103500915625091 7.246719213380241e-08 0.0 1.0486079010888018e-06 0.0 3.1051262866864135e-07 1.1840207367063171e-06 0.0 8.928047635079694e-07 1.668797723421876e-06 7.354565651207206e-07 1.1754005115093061e-06 1.1918133283628213e-06 7.154704764954362e-07 6.790326908959077e-07 8.790787983127695e-07 0.0 0.0 0.0 0.0 0.0 0.0 0.0 0.0 0.0 0.0 0.0 0.0 4.774311083545773e-07 0.0 0.0 4.217185824018785e-07 2.248485080968976e-07 2.391715078613729e-07 5.1397611638083505e-08 8.558283271191483e-07 0.0 0.0 0.0 0.0 1.942580462094312e-06 3.353049701244205e-07 2.270660418246142e-06 1.9091700525038356e-06 8.04115296791709e-07 1.897176690638518e-07 0.0 0.0 0.0 0.0 0.0 0.0 9.774054258592721e-08 1.0896094475553759e-07 0.0 0.0 0.0 1.7456264213562993e-07 2.6172934475593096e-07 0.0 0.0 0.0 0.0 1.343886391111374e-07 0.0 3.068262886722746e-07 2.0727367594482178e-07 1.5895950803623822e-06 0.0 0.0 0.0 0.0 0.0 0.0 0.0 1.404765155505299e-07 0.0 2.575677504026798e-06 0.0 0.0 0.0 9.431040011356222e-08 1.2665411324017257e-07 0.0 5.21467630897424e-07 9.086834344934868e-08 0.0 9.983249023774408e-08 9.004724999458048e-08 0.0 5.723415056856553e-08 0.0 0.0 0.0 2.07497575833092e-07 1.6413152867644492e-07 0.0 0.0 1.1533318401685912e-06 1.3838362663515774e-06 2.5685082132806734e-06
0.0004978503942289207 0.0003632856758117452 4.360702016663457e-07 0.0 0.00012632469550259297 0.00011696561294357616 0.0011464817313905746 1.2405370837155485e-07 1.5213152804111205e-05 0.0006151914077017163 6.811036403145823e-07 0.0003411523876978429 0.00048684172274008735 7.86264307611342e-05 8.156104355614268e-08 0.0 0.0 0.0 0.0 0.0 5.655701319875668e-08 0.0 0.0 0.0 0.0 0.0 0.0 0.0 0.0 3.170809735138242e-07 1.3704936386891311e-05 1.4652522037428533e-07 6.070096617421836e-06 0.0 0.0 0.0 7.74961145320624e-06 0.0 0.0 1.1638518224751584e-07 0.0 0.0 0.0 1.1994065163030854e-07 5.450799479692769e-08 0.0 2.653489790577054e-06 1.4258519501002725e-07 0.0 0.0 0.0 2.0298282850973677e-07 0.0 0.0 3.3528973289062853e-07 1.2154623472934596e-06 3.315292826990326e-05 3.156837338028427e-05 6.431311456877831e-06 2.206852315530358e-06 1.1347544828315208e-07 2.3677468303603102e-07 0.0 4.274216118948889e-06 8.286064816089618e-07 1.1663196713596474e-07 1.2235454745740487e-07 0.0 0.0 4.547487501355174e-08 2.3572352780864624e-05 6.319485042984584e-08 8.098767837334157e-08 1.3444978096293491e-05 5.49751450123986e-06 1.5649351464933254e-06 4.423004018192166e-07 1.7394252646960127e-07 1.1729789520161009e-07 3.1415792618205676e-07 2.771222209287153e-07 4.905038016630167e-07 4.0356111022904125e-07 0.0 7.10120389566206e-08 4.6979505476321437e-07 1.4668421229655533e-07 7.14937634404661e-08 0.0 0.0 0.0 0.0 0.0 0.0 0.0 8.966950178127719e-05 1.3673122256412418e-06 0.0 2.890059436095273e-07 0.0002572869222797965 3.6696656926816783e-07 1.0044390939170853e-05 4.564593498398215e-06 3.5087576715676935e-05 3.3741499046049147e-07 1.6668634893546628e-05 2.25286354965324e-05 7.605513669922477e-07 1.2179994225085029e-05 1.6996058917258186e-05 0.0 3.671661669610189e-06 2.482406107300924e-05 1.0891795937953028e-05 3.404565797612255e-06 0.0 0.0 0.0 0.0 0.0 0.0 0.0 0.0 0.0 1.533883089700332e-07 0.0 0.0 0.0 0.0 0.0 0.0 0.0 0.0 0.0 2.734618663783597e-07 0.0 0.0 0.0 0.0 8.009459415631596e-07 0.0 6.542292620338354e-08 0.0 0.0 0.0 0.0 0.0 0.0 0.0 0.0 0.0 0.0 1.1260154655099134e-07 0.0 0.0 0.0 0.0 0.0 0.0 0.0 0.0 0.0 8.602593465053044e-08 1.879321090591707e-07 0.0 0.0 0.0 0.0 0.0 0.0 0.0 0.0 0.0 0.0 0.0 0.0 1.2542009127963204e-06 0.0 0.0 0.0 0.0 1.2252160583874654e-07 0.0 8.933457144570755e-08 2.998960237501569e-07 0.0 1.525449241047157e-07 0.0 0.0 0.0 0.0 0.0 0.0 0.0 0.0 0.0 0.0 2.166885406387752e-06 3.0551497498208915e-07 0.0
0.00023321908441499632 0.0014926494373928535 0.0015134220267440707 0.00012632469550259297 0.0 3.7879623395342104e-06 0.0007600229849113519 0.0007937300576403592 0.0014598270275505997 0.00039719405998516296 0.0009182909171566332 8.54105852972301e-06 0.00023971335755287762 0.0006800105627719177 1.3725661060012865e-05 1.2310542031898916e-06 3.283587736806406e-07 5.477266899283446e-07 1.2047159105432527e-07 3.818491809557259e-07 2.0245302856581228e-07 3.872946344188183e-07 4.19192121841388e-07 1.8330895742973496e-07 1.456207063769481e-06 3.982326469220269e-07 1.6674842049702102e-06 4.4876662804850234e-07 1.947007215055007e-06 1.3640166796173577e-06 0.00035215658608602537 7.86150529252151e-06 8.571173295241315e-05 1.3077782809521216e-07 1.8209440414905932e-07 2.117030608395344e-06 3.329397370931418e-05 6.1655878051059905e-06 6.157202503604654e-06 2.823940955343845e-06 8.400533806214712e-07 0.0 1.9651900313850595e-07 1.0190289323596521e-06 2.4273780495499576e-07 5.419952799611662e-07 0.00018415183817845982 1.3297642101384157e-06 8.021051055115356e-08 5.429583526354313e-07 6.109095890669901e-07 1.881303838951332e-07 8.575289084084831e-07 6.345182492027329e-07 1.3259172087489464e-06 9.529785983476403e-06 6.57300055997338e-05 0.00013595286126108738 2.257417799836446e-05 6.545988043316034e-05 2.097441525234022e-06 8.11008010809874e-06 7.942586985952319e-07 5.6793605284082855e-05 6.053238565946965e-06 9.368160902910082e-07 5.34275371234827e-07 0.0 7.450569021943065e-08 6.679858129946743e-07 3.602572496949387e-05 2.0701698446944984e-06 7.820664736042296e-08 0.00015583209772707349 0.00011659412974021762 6.183699988510063e-05 3.181408238222981e-05 3.05137806011566e-06 1.6865004900388233e-06 0.00010866814009799497 1.5658569593884355e-06 9.24191530123285e-06 6.69656990397721e-06 2.635343660206066e-07 1.630001871219865e-06 2.428508625797787e-06 6.3089323443496e-07 8.7539853201029e-08 6.563047163738051e-07 0.0 1.381930928439523e-07 1.4145435906673537e-07 3.2424402626893173e-07 1.221963611210606e-07 0.0 6.078238255680186e-05 1.042328994786871e-06 2.0750513350105277e-07 3.2834482591432045e-06 7.200034976875305e-05 7.488089398428773e-07 2.0623163465020852e-07 1.7006600989578818e-06 8.673639953407808e-06 2.2064111088386315e-06 1.3999007081015149e-05 1.0424266296811023e-06 5.3483823942101995e-06 4.438787831434933e-06 1.4830293450204095e-05 6.410362306178097e-06 1.216319061425903e-05 7.589219041004113e-06 1.5553979896159252e-05 1.2068331345134698e-05 2.233297454310301e-07 0.0 0.0 0.0 0.0 0.0 0.0 0.0 0.0 0.0 0.0 0.0 6.033799258168934e-07 0.0 0.0 0.0 1.6704673214525155e-07 1.2248409309412754e-07 1.7954412580468666e-07 0.0 1.0259358299900169e-07 0.0 2.2472546544656203e-07 1.6636444856535164e-07 7.070271410080051e-06 4.827497933324278e-07 6.16667302474624e-06 2.2984759381843087e-06 3.0433364682094117e-07 4.3710427720012786e-07 0.0 0.0 0.0 0.0 0.0 0.0 0.0 1.7864039619364552e-07 0.0 0.0 0.0 1.920803624854996e-07 2.1835636532039696e-07 7.65017837459042e-08 0.0 0.0 0.0 0.0 0.0 0.0 9.020145610046287e-08 2.7745778774606497e-06 0.0 0.0 6.649613625345095e-08 0.0 0.0 0.0 0.0 0.0 0.0 1.885355206360346e-05 0.0 0.0 0.0 0.0 4.007942087692668e-06 1.70102184943778e-06 8.469944308551605e-07 0.0 4.889069183619859e-07 2.1565185437060492e-07 0.0 0.0 0.0 6.855563787212883e-08 0.0 0.0 0.0 0.0 0.0 0.0 1.7159832161594173e-05 5.607414547188466e-06 4.155780270028342e-06
6.909724876570557e-06 1.8922583882256285e-05 6.284562257116665e-07 0.00011696561294357616 3.7879623395342104e-06 0.0 2.205241381114813e-05 1.3116805603758356e-06 8.234974328785803e-06 3.686061837616467e-05 3.9841312996882785e-06 1.9633551414322162e-05 3.9926535280073816e-05 3.6022272821805954e-05 2.527537024683721e-07 7.598819621873436e-08 0.0 2.1668785907068276e-07 0.0 0.0 0.0 2.1779775295985095e-06 0.0 0.0 0.0 0.0 0.0 0.0 0.0 0.0 3.3382159282033928e-06 0.0 1.9940629983886864e-05 0.0 0.0 0.0 2.081629814338652e-05 6.840822200761489e-07 4.623241727861567e-06 0.0 0.0 2.7284239200112713e-07 0.0 0.0 0.0 0.0 6.16414523390899e-07 0.0 0.0 0.0 0.0 1.965713875293041e-05 1.2156076919541592e-06 0.0 0.0 1.0570979075608497e-07 9.162723435535065e-05 1.0502080809322392e-06 5.586971315049885e-06 8.078009689997426e-08 0.0 2.8599390023259974e-07 0.0 7.944520922164738e-08 0.0 9.972377853703403e-08 0.0 0.0 0.0 0.0 0.000146957752559164 0.00012289348174934417 6.256941074183258e-06 5.266718325753993e-07 0.0 6.900398989902078e-07 1.322566877582207e-07 0.0 0.0 2.4026597478006393e-06 0.0 1.5518833772193246e-07 0.0 2.7595914034876586e-07 0.0 1.7857912873404244e-06 1.0594229769398234e-07 1.0404895347238716e-06 1.3324973988871815e-06 1.3883836118154145e-05 1.4413463247997878e-06 4.143149562498018e-06 0.0 0.0 5.576793966457202e-07 0.00017340641208879557 0.00010588188679481438 1.9595765167981437e-05 5.401157167178051e-05 0.0004079261088806387 0.0 0.0 0.0 9.309100271751752e-07 1.8302229603796407e-07 1.2057556675777743e-06 0.0 0.0 0.0 1.0145503993036018e-06 3.259657382890939e-07 0.0 3.2569137268250463e-07 0.0 3.1521887224638687e-07 0.0 0.0 0.0 0.0 0.0 0.0 3.0134217768456343e-07 0.0 0.0 0.0 0.0 0.0 0.0 2.08643638410361e-07 0.0 0.0 1.3014900998122305e-07 4.061611176046036e-07 1.5739567495779081e-07 0.0 0.0 0.0 0.0 0.0 3.4636910982407496e-07 0.0 8.479261969763789e-07 8.069325261722099e-08 1.0383213956031878e-07 0.0 0.0 0.0 0.0 0.0 0.0 0.0 0.0 0.0 0.0 0.0 9.781763503905361e-08 4.6237259804012446e-07 1.2232687664083853e-07 0.0 0.0 0.0 0.0 0.0 0.0 0.0 0.0 1.0620130416890916e-07 0.0 0.0 0.0 0.0 0.0 0.0 0.0 0.0 0.0 0.0 1.0527554814268908e-07 0.0 0.0 0.0 0.0 0.0 3.6591603752189036e-07 0.0 0.0 0.0 0.0 8.647042198494199e-08 0.0 8.223573236873e-08 0.0 0.0 0.0 0.0 0.0 0.0 7.88883638502305e-07 4.778966257215756e-07 4.044848098911879e-07
0.00021596271296662917 0.0005771805799311312 1.7659437934137675e-05 0.0011464817313905746 0.0007600229849113519 2.205241381114813e-05 0.0 1.340310113232124e-05 0.0005882691099901643 0.0024933797086081648 9.107208556909293e-05 0.00012766558359828727 0.00104368573354354 0.0006508500850186586 4.003886386549369e-06 3.9428471409591913e-07 0.0 0.0 6.646507349614491e-08 4.1671483382180956e-07 0.0 0.0 1.1835280997131229e-07 0.0 0.0 0.0 0.0 6.058991414039601e-08 1.533459627098599e-07 3.8088723186183075e-07 4.287575611446693e-05 1.1537803501327239e-06 4.3022398982185813e-05 1.9428999458126477e-07 1.658152244607844e-07 6.874579854985293e-08 2.147995651838538e-05 7.02122908789297e-07 1.0500333005858071e-06 8.134265557157473e-07 0.0 8.074474651757681e-08 0.0 1.1961383019016924e-06 1.4606657168728527e-07 2.4159694158689194e-07 8.321368258267139e-05 5.678240607094306e-07 5.644499223586238e-07 3.0929171019917116e-07 4.056348473990114e-07 0.0 5.05978386508278e-07 8.038835424406634e-08 1.0965682683785967e-06 4.79628497134244e-06 4.7740720238023587e-05 8.095324412763848e-05 1.4720872118391926e-05 3.3355646701932235e-05 6.195271272109464e-07 5.523605955998976e-06 5.320651773488768e-08 2.246803733043618e-05 4.903812232845697e-06 1.0093761686020068e-06 5.684847365668366e-07 2.357242413881794e-07 6.240698209460528e-08 3.2051255756100365e-07 2.4869790285279294e-05 3.141163325087352e-07 0.0 8.564958008497895e-05 5.9049889252998335e-05 2.9877780762838546e-05 1.3088645759435839e-05 1.6996617077006637e-06 5.133759442663748e-07 4.2839785515705224e-05 1.381604909935356e-06 5.978426530479658e-06 3.6673268753428944e-06 7.784899900885726e-08 7.832573150991709e-07 1.0609131784046804e-06 2.2449998088597747e-07 0.0 1.1751857804608483e-07 0.0 2.1617718119267883e-07 7.133852915254695e-08 1.197041697618567e-07 7.853877135792178e-08 1.619904879823271e-07 0.00010130383098041477 2.7715634067261307e-06 0.0 1.534261248693558e-06 9.534792509737945e-05 1.5213176982288789e-06 6.5404384371325815e-06 1.780479862175738e-05 6.381352339747972e-05 2.1606155947269293e-06 3.2637695545476486e-05 9.858756875262791e-06 4.617378170003129e-06 2.506194746462273e-05 2.690085859501233e-05 5.197256424915083e-06 2.220798881421468e-05 3.380352365042423e-05 1.7862851936614424e-05 1.202475670952228e-05 0.0 0.0 0.0 0.0 8.689940709019132e-08 0.0 0.0 0.0 0.0 0.0 0.0 0.0 1.9693754212625814e-07 0.0 0.0 0.0 0.0 0.0 0.0 6.796611963153599e-07 5.317987404037669e-07 0.0 0.0 0.0 5.903845623974323e-06 0.0 5.614187479059332e-06 6.319090040885622e-07 1.3023128044388503e-07 0.0 0.0 0.0 0.0 0.0 0.0 0.0 5.721652413651495e-07 6.640409223154175e-07 0.0 0.0 0.0 0.0 0.0 1.6726785488204102e-07 0.0 6.521332016538715e-08 6.373721645422977e-08 9.116973063384695e-07 3.017721750721272e-07 1.8336808319675534e-07 0.0 1.8081408643734665e-06 0.0 0.0 5.228527192986996e-08 0.0 0.0 0.0 0.0 0.0 0.0 1.593945045084636e-05 7.039532053123913e-08 0.0 0.0 0.0 2.7751637398251143e-06 5.573968161826518e-07 8.341267114656445e-07 1.578816923666351e-06 4.437016549380803e-07 2.0594283739575306e-07 0.0 2.0372097841360248e-07 7.094423194126937e-08 0.0 0.0 0.0 0.0 0.0 0.0 0.0 1.8484517019973374e-05 7.162803765457635e-06 2.138894305817135e-06
7.581898647777884e-05 0.00019271135381592082 0.0014475324965654737 1.2405370837155485e-07 0.0007937300576403592 1.3116805603758356e-06 1.340310113232124e-05 0.0 0.000979885889424371 1.385945942193667e-06 0.0012960907372376897 1.0480392740232222e-06 2.066738441904152e-05 0.0003795830038139529 1.854005962559473e-05 3.929321862057824e-06 1.236180782424e-06 0.0 0.0 4.3506124239376014e-07 2.5272593148355585e-06 3.5858011768692416e-07 3.3091709516449243e-06 1.2700678391870266e-06 6.752899657146401e-06 9.758766569682227e-07 5.345022894203648e-06 3.7099401978503095e-06 4.116980310398091e-06 6.410687185202171e-06 0.0009763299217442839 0.000481741339082719 0.00012337308551234053 5.693939674817652e-07 2.8747586617133884e-06 6.0325806684787785e-05 5.2899332377488654e-05 7.532006284041785e-05 2.5552442765234272e-05 1.778152664883941e-05 3.938085211254332e-06 9.525418218485133e-07 1.9377763133270572e-07 1.1802339263652565e-06 5.78500687079287e-08 3.923149505094382e-07 0.00012462377319071623 4.388792638895342e-07 2.2892191093093297e-07 1.1836221995691148e-06 4.5491547992259994e-07 7.73931889522637e-07 4.055299330819576e-06 2.550282865193689e-06 6.239682429207111e-07 2.8062636282824464e-06 3.305808391471837e-05 0.00010860884520562939 1.137385956817333e-05 4.3412558174158265e-05 7.696472594089299e-06 1.5713861179991244e-05 2.171116995558131e-06 0.0002101047753632009 2.597786316866205e-06 9.125186594887004e-07 7.040302924656103e-07 2.1442511130289562e-07 4.974201543281939e-07 2.6479544718839873e-06 1.8094782424782838e-05 5.182576857980153e-06 0.0 7.991859563676638e-05 6.408951177741763e-05 5.181166466230949e-05 3.0785574141482096e-05 2.1808758894315897e-05 0.0001865990939494283 0.0012005955937715459 8.755581964908098e-06 0.00019936185672862923 3.003203724964074e-06 1.541312181907494e-07 8.188141659894117e-07 6.835075087168667e-07 4.4754807333773523e-07 0.0 7.311435852723086e-08 0.0 1.390780342832395e-07 2.477379813974731e-07 1.942031725581226e-06 8.914070083279935e-08 7.451805649338086e-07 4.545154720610924e-06 3.1395074220174485e-07 2.2635626179510165e-06 8.500848497927972e-06 4.01509405834139e-05 1.7738784257686944e-07 8.178192355717298e-07 4.7150965430763774e-07 0.0 6.371835090382769e-07 3.2127996825365736e-06 0.0 3.8835550628444475e-07 9.914373600089226e-07 3.3371093923355563e-06 6.6644982032983e-07 3.937910563405585e-06 2.5811734285081166e-06 3.58677321168693e-06 5.9785638616803605e-06 9.443329436649045e-08 0.0 0.0 2.7130223890896934e-07 0.0 0.0 0.0 0.0 0.0 2.629086059531906e-07 0.0 1.3585331092202017e-07 8.582109322929197e-07 9.698304802002995e-08 0.0 1.0057030995737842e-06 4.1650163444659193e-07 1.6165310117677416e-07 1.0498577040536347e-07 4.798042107943703e-07 6.618481121257588e-07 0.0 1.5706305276899584e-07 1.727749886675235e-07 5.876437624516412e-06 7.062951813959895e-07 5.7803910224358395e-06 3.862306854269521e-06 1.1459115087083715e-06 2.973138664627376e-07 0.0 0.0 0.0 1.1443388353843708e-07 5.786230566413821e-07 0.0 0.0 1.2846572758966116e-07 0.0 0.0 0.0 2.8925109612649514e-07 4.805887295881303e-07 0.0 4.539832209099927e-07 0.0 0.0 1.8352979397152455e-07 0.0 5.316440997054771e-07 2.9327018550943464e-07 2.244933835612386e-06 0.0 0.0 0.0 7.770346885139836e-08 0.0 1.0235395298555082e-07 0.0 0.0 0.0 5.541482469480411e-06 1.0369288979313583e-06 2.4749675081198577e-07 0.0 8.188991341049435e-08 1.1531218631370762e-06 7.28396272270306e-07 8.436970298636834e-07 2.3575792229974394e-07 0.0 1.2378947088801829e-07 0.0 2.2607929499395764e-07 6.199117785907451e-08 0.0 0.0 0.0 0.0 0.0 0.0 0.0 6.276474031325152e-06 2.8500351713547196e-06 6.892443680488399e-06
1.79041876157434e-05 0.0003379982221311163 0.00017699309851979862 1.5213152804111205e-05 0.0014598270275505997 8.234974328785803e-06 0.0005882691099901643 0.000979885889424371 0.0 0.00023303239547871777 0.0006708106008805215 4.556627470451797e-05 0.0008483796458500241 0.0007091593716660421 9.80818142236087e-06 1.8945843416291571e-06 3.2289473874218306e-07 1.146822795987373e-07 1.645749878288197e-07 1.895770784200952e-07 9.173926663354726e-08 9.666479600017539e-07 2.3100134020145705e-07 1.7787722012700907e-07 2.8077390059062894e-06 1.7061553079517003e-07 1.4374964879598557e-06 6.177941687872689e-07 2.102372749881148e-06 8.038957640271411e-07 3.1722215419627224e-05 3.593553192434646e-06 0.00013438014380475795 0.0 0.0 4.254475548534184e-06 5.477617327571153e-05 7.396775030671863e-06 4.9510567628418055e-06 4.326180131691443e-06 5.373472558662746e-07 0.0 1.3640378050482775e-07 4.1089885323215503e-07 1.980408662502059e-07 2.1073431408440047e-07 8.275430499410578e-05 4.6428892796013907e-07 0.0 8.057310371632903e-08 2.230236916780609e-07 4.888947391747671e-07 3.487892627218547e-06 1.6673670876163542e-07 3.5865046865783025e-07 2.173321306546861e-06 9.573478128635823e-06 1.3900225620714976e-05 2.9505780346816158e-06 2.1314193317815694e-05 8.144770397628581e-07 6.171707904982411e-06 4.6789682402699094e-07 1.0269250672471635e-05 1.0950372576267138e-06 2.2311256582535063e-07 4.1717961450167835e-07 1.5195735517006673e-07 0.0 5.150390022112757e-07 6.678837233162716e-05 1.299387435747639e-06 9.597724219235092e-08 3.366590650381799e-05 1.6033696160290127e-05 2.4158243950325626e-05 1.0019242486336652e-05 2.6696619333353593e-06 5.563184811221229e-07 0.0001243148883544086 3.203832398202994e-07 6.101341898239034e-06 9.792106485204293e-07 0.0 3.982303202626757e-07 4.991656894321455e-07 2.0537645749091294e-07 0.0 1.4781580082669886e-07 9.943587696693012e-08 1.5815448390072478e-07 4.3303459490109154e-07 6.018468587009373e-07 9.704931806223343e-08 3.7087642225956413e-07 0.00010353344560326739 8.22101279860613e-07 2.7565727882255475e-07 3.886170948742598e-06 1.1443969022298914e-05 6.143312834869501e-07 1.3699628471325306e-06 7.949641056711444e-07 5.48901516163087e-06 2.3972108546976404e-06 1.9166659940330813e-05 1.571658794525224e-06 6.5504085752454145e-06 6.550042298644592e-06 1.9230826724880103e-05 5.614254978680053e-06 2.022310294893333e-05 1.2221841960067935e-05 2.1238097491077357e-05 2.1432134293182122e-05 1.458723989796549e-07 0.0 0.0 1.4787221834103475e-07 0.0 0.0 0.0 0.0 0.0 2.13924805343685e-07 0.0 0.0 3.11384087143488e-07 0.0 0.0 0.0 0.0 1.9254519086453504e-07 0.0 1.2617209726141978e-06 3.08867844804476e-07 0.0 0.0 0.0 9.459642011053883e-06 1.1147270867279149e-07 6.728139671625335e-06 1.195839620319925e-06 5.226887666630977e-07 0.0 0.0 0.0 0.0 2.2160596114707223e-07 0.0 0.0 0.0 2.3321196337990704e-07 1.8435437476536575e-07 0.0 0.0 1.2932342962484497e-06 0.0 0.0 0.0 0.0 0.0 7.090883915961269e-08 0.0 8.556848374260401e-08 3.4416451794025285e-07 2.8459042857249597e-06 0.0 0.0 0.0 0.0 0.0 0.0 0.0 0.0 0.0 2.2722269039282467e-05 0.0 0.0 0.0 0.0 3.9318753680458075e-06 8.222328394621504e-07 1.6516799128852267e-06 3.8807150014628417e-07 8.97579598487362e-08 4.760233310496969e-07 1.427414415802609e-07 2.0075841497221658e-07 0.0 0.0 0.0 0.0 0.0 0.0 0.0 0.0 2.4412001661953062e-05 9.19602837961812e-06 6.806049163777324e-06
0.00020191964428920928 0.0005316294923974798 6.064197778079797e-07 0.0006151914077017163 0.00039719405998516296 3.686061837616467e-05 0.0024933797086081648 1.385945942193667e-06 0.00023303239547871777 0.0 1.6044250697992982e-05 0.0016044203232446245 0.004421641718465252 0.000989002766501133 2.0470873275665704e-07 0.0 0.0 0.0 6.852181916297171e-08 0.0 0.0 3.3575497466244156e-07 5.8466538037662084e-08 2.7537316138633865e-07 1.3521529746868173e-07 1.0777319310661362e-07 3.668345962738533e-07 0.0 3.160802343976252e-07 0.0 4.27267621495238e-06 2.0570804089785642e-07 0.00011655140637573276 0.0 0.0 0.0 0.00010595198041811651 2.4773651862302914e-07 1.2670349936735306e-06 6.880086458780035e-07 1.101442974813147e-07 0.0 0.0 0.0 0.0 0.0 5.0501524599519795e-06 1.9065767124117904e-07 9.368991875392254e-08 0.0 1.1755933963394365e-07 1.0470318623235993e-06 7.845451131001965e-07 1.248911732402999e-07 4.009489024666305e-07 5.581233592892986e-07 2.8020745517893326e-05 1.0639366006828082e-05 2.6835353101551466e-06 2.691973409334061e-06 1.872330830717754e-07 1.2323702231978533e-06 1.0913497251511809e-07 2.6345606147865643e-06 2.9119402628178e-07 3.182583161446029e-07 1.678407430731756e-07 0.0 6.247152966690188e-08 2.769152118453478e-07 0.0002691848815824821 3.844599259436926e-06 4.971583972013233e-07 8.06202952048518e-06 3.873343906142423e-06 1.357465829766522e-06 8.280058272029278e-07 4.490788614935068e-07 7.490860508015029e-08 3.695423825664222e-06 0.0 2.3141470647958108e-07 3.54918920451291e-07 8.513397613383778e-08 7.140899142150854e-08 4.147364472859791e-07 0.0 0.0 8.443267118625799e-07 4.992542243853612e-07 2.6712545078116697e-07 3.505903270756611e-07 0.0 0.0 2.967941893419583e-07 0.00026845328951904506 1.824411043758985e-05 2.8107390820922937e-06 6.479779693094704e-06 0.00022028647399268452 1.3764267255028357e-06 1.7038515245908417e-05 2.3650396143377777e-05 5.285401001261061e-05 2.6621502579709987e-06 0.00011510845081884765 3.7082575821870995e-05 6.485446067898105e-06 3.339729229314678e-05 7.337272690920576e-05 7.639832653239358e-06 5.898921878026537e-05 6.485590072742212e-05 3.8822496225116494e-05 2.402818057094835e-05 7.706470811111568e-08 0.0 0.0 0.0 0.0 0.0 0.0 1.4092815563997653e-06 0.0 0.0 0.0 0.0 0.0 0.0 2.492436850914926e-07 0.0 0.0 3.4596415449900404e-07 0.0 6.388221344100365e-07 5.032534921146027e-07 0.0 0.0 0.0 1.537375105411716e-05 1.3492831808246646e-07 4.680024114322853e-06 2.532872006876844e-06 2.8720260771540674e-07 0.0 0.0 7.511606995555463e-08 0.0 0.0 6.588830577278921e-08 0.0 6.003248683914596e-07 5.88342911926879e-07 8.473740526228306e-08 0.0 1.363636824653761e-06 2.6727814853340166e-06 0.0 2.3921098157173215e-07 0.0 6.578137484096753e-08 6.274211431954772e-07 7.735499357957078e-07 7.84287389202862e-07 0.0 0.0 2.159940301724898e-06 2.3871423185039084e-07 7.056019005082222e-08 6.757514970212784e-08 0.0 1.528381679814848e-07 0.0 0.0 0.0 0.0 2.4911613799685357e-05 1.2340294980688481e-05 2.1541424627182936e-06 1.6485813697195272e-06 1.754230757430907e-06 4.316574929302858e-06 0.0 8.831977167516068e-07 8.06872700817412e-07 3.852489337590254e-07 4.962283058508451e-07 0.0 2.856320808539056e-07 6.85708486063838e-08 8.53930345478573e-07 2.2926777228842788e-07 0.0 1.1810848688985348e-06 3.8499673766511514e-07 0.0 9.644165187870126e-08 9.020226586271558e-05 9.511334855623991e-05 1.1318237379142371e-05
6.0716458757549174e-05 0.00028474843297361874 0.00045125643750212023 6.811036403145823e-07 0.0009182909171566332 3.9841312996882785e-06 9.107208556909293e-05 0.0012960907372376897 0.0006708106008805215 1.6044250697992982e-05 0.0 3.0840206668203343e-06 0.00011539264249086678 0.000638577577782858 1.6117087489769547e-05 2.760638871887456e-06 4.950233401026667e-07 1.8215718155228232e-07 0.0 3.225987654130999e-07 5.355210773712345e-07 1.1286287332538054e-06 6.74907121073276e-07 5.588133860339186e-08 3.187049207920232e-06 4.261014786287894e-07 2.7535083923632644e-06 6.377284455177527e-07 4.665905547886745e-06 2.309501521057585e-06 0.0002583393941419784 3.9293821866639e-05 0.00041315824669384493 2.8330258075234095e-07 9.571351720986057e-07 2.223879201915533e-05 0.00014599974328393677 5.222029467288034e-05 2.8948115275820148e-05 1.5881883890085296e-05 9.760325219451225e-07 6.54491437853391e-07 5.208280751710304e-07 5.653125988868987e-07 7.161128888719219e-08 2.1582548463712995e-07 8.678183982189589e-05 5.730636180697107e-07 2.8593204501326536e-07 2.4624439859169103e-07 3.656388470646538e-07 3.941491318646611e-07 6.933409918971834e-06 7.635980452640724e-07 4.302742918260374e-07 2.0969583432756404e-06 2.400786783842983e-05 6.930127802383325e-05 8.704838976633161e-06 2.5553230967463685e-05 2.1595150689540923e-06 2.474470221517896e-05 6.09234346634963e-07 4.995039185519825e-05 2.0901822579598677e-06 4.006928480401287e-07 1.89977894517482e-07 0.0 0.0 1.1637444728506523e-06 7.625365746679062e-05 4.7262734330061855e-06 2.1154107658954304e-07 5.581827561995818e-05 4.219496549198364e-05 3.330192845693768e-05 1.5503920882134674e-05 4.3652728688066115e-06 8.4512869915115e-06 0.0005112893455514073 2.069028658032043e-06 8.52902140016235e-05 2.9333169835475062e-06 1.1626717450921583e-07 7.650430915178316e-07 5.274078307168582e-07 2.8159761643958153e-07 0.0 2.462354576478973e-07 2.3765233180272772e-07 0.0 2.1824049874468898e-07 4.5962304847719695e-07 0.0 1.301573679352022e-07 2.466682693922918e-05 8.862606392396315e-08 1.6457662656018966e-06 9.124427022757403e-06 2.5731443973824205e-05 4.0123147232988407e-07 2.647147295986067e-07 1.9209443479964383e-06 7.793257536870401e-07 2.0940549480005337e-06 7.757310241801569e-06 7.620761768524655e-07 3.6492512602399413e-06 2.180763558424112e-06 8.258135894032694e-06 2.8602844555906234e-06 1.0262482007026231e-05 6.0112139094550325e-06 1.0645986592860565e-05 1.39555019854878e-05 0.0 1.626621505477856e-07 0.0 1.6494343209177123e-07 0.0 0.0 0.0 0.0 9.645153090610592e-08 0.0 0.0 0.0 8.150896878593519e-07 0.0 8.9856601725375e-08 0.0 1.0198234679784095e-06 4.176882731149607e-07 0.0 2.614636603976726e-07 0.0 0.0 0.0 0.0 6.875893564233626e-06 8.135885526855167e-07 6.5297160619619966e-06 3.958260008382711e-06 9.63260672580673e-07 0.0 0.0 9.966569155186522e-08 9.124326949905765e-08 0.0 2.160124547705957e-07 0.0 0.0 1.9439081471984743e-07 0.0 0.0 1.5651073881841096e-07 1.3886320041657794e-06 2.452710652966881e-07 0.0 0.0 0.0 3.1936218085910617e-07 1.8544816965579777e-07 0.0 1.618214898348748e-07 2.2453434018569004e-07 2.3619535545739824e-06 0.0 0.0 0.0 0.0 0.0 0.0 0.0 0.0 1.1179284427973817e-07 1.824953214746776e-05 4.510542058824862e-07 0.0 0.0 6.236666569896851e-08 2.6656832663462055e-06 1.8607813572973105e-06 1.3000469774248604e-06 3.122493606263918e-07 2.014354251442477e-07 2.373238064423574e-07 8.952114938602526e-08 0.0 0.0 0.0 0.0 0.0 6.648986646298976e-08 1.6391293929539552e-07 0.0 0.0 1.5412645230201368e-05 6.426623943172858e-06 7.834699521542133e-06
6.565692291345323e-05 2.2851231002502448e-05 1.734448333647418e-07 0.0003411523876978429 8.54105852972301e-06 1.9633551414322162e-05 0.00012766558359828727 1.0480392740232222e-06 4.556627470451797e-05 0.0016044203232446245 3.0840206668203343e-06 0.0 0.0007296202051575116 0.00021166097868434707 7.12689122188166e-07 2.819606229975346e-07 0.0 0.0 0.0 0.0 0.0 0.0 0.0 0.0 0.0 0.0 3.16910083299428e-07 1.5733169447558663e-07 0.0 0.0 1.6586551793211278e-06 0.0 1.3401286465225084e-05 0.0 0.0 0.0 0.0001061178468555826 1.0211752411617317e-07 2.1119757899075116e-07 0.0 2.661726917267137e-07 0.0 0.0 0.0 0.0 0.0 3.1669734607613617e-06 0.0 0.0 3.84031015037147e-07 0.0 0.0 4.378118572380763e-07 0.0 1.127483539861351e-07 2.5708893132807425e-07 4.3433242827679e-06 4.9981844775787795e-06 1.047439912794595e-06 6.80586194454821e-07 1.1614044312332572e-07 8.947969351029623e-08 0.0 7.896118616795993e-07 1.1161651636034346e-07 5.5332342394843136e-08 0.0 0.0 0.0 0.0 3.653530156383826e-05 3.8839913512221023e-07 0.0 3.1141362299747032e-06 1.6033619873422928e-06 9.935800277746135e-07 4.4122392702618717e-07 2.966539908913498e-07 1.1548630735165845e-07 1.7176721339425235e-06 1.8488675046428954e-07 0.0 8.334470619397255e-08 0.0 1.1499255737790897e-07 8.676156709837837e-08 6.940773578522163e-08 0.0 1.4424908504039093e-07 0.0 0.0 0.0 0.0 0.0 0.0 6.439929692489602e-05 0.0 3.019775941832729e-07 3.3850078249074055e-07 2.8425400576710114e-05 1.0795184238545208e-07 0.0 1.0758691408107365e-06 1.508278071042745e-07 1.4085850107690354e-07 1.8096916490798808e-06 0.0 2.64561079983002e-06 3.1470012048944073e-06 3.7865546523277557e-06 8.033510819432209e-07 4.343815939278224e-06 1.462765836981889e-06 1.1530883465226419e-06 3.4027562343269315e-06 0.0 0.0 0.0 0.0 0.0 0.0 0.0 0.0 0.0 0.0 0.0 0.0 0.0 0.0 0.0 0.0 0.0 0.0 2.1937488032603535e-07 1.9101534079237437e-07 0.0 0.0 0.0 0.0 2.048931054055031e-06 0.0 1.0310883469709702e-06 1.0178137218904582e-07 0.0 0.0 0.0 0.0 0.0 0.0 0.0 0.0 0.0 0.0 0.0 0.0 0.0 8.702331362543408e-08 0.0 0.0 0.0 0.0 0.0 0.0 0.0 0.0 0.0 0.0 0.0 0.0 0.0 0.0 0.0 0.0 0.0 0.0 0.0 4.381943833550053e-06 0.0 0.0 2.2930051511638162e-07 0.0 4.671427426014631e-07 0.0 8.811212660290454e-07 0.0 4.236921937211362e-07 6.104392540841599e-08 0.0 9.421521377655203e-08 0.0 0.0 0.0 0.0 0.0 0.0 0.0 0.0 4.303107949382956e-06 1.5043220452580286e-06 1.1170324139518012e-06
