0.0 0.0008859905241735029 0.00024148591555632465 0.0005059193184165144 7.893339774968024e-05 0.00016280290563465004 0.00027739549456880154 1.97644831000971e-05 1.6282722465947172e-05 0.0005340354407182768 8.082716029984091e-05 5.98298671580736e-05 0.0002279343326425403 9.425682365612353e-05 9.383053602676707e-06 1.7019378968246499e-06 7.544386229082163e-08 0.0 1.9814638695207986e-07 0.0 0.0 0.0 2.7193510916729237e-07 0.0 1.2911121631924768e-07 0.0 0.0 1.4260519486442948e-07 0.0 0.0 0.0007257270186452891 9.580878878079356e-06 1.8274281524300228e-05 0.0 1.659756974103865e-07 0.0 3.1053721615338193e-06 5.362017655562662e-07 8.684210494939447e-07 3.219250563360122e-07 0.0 0.0 2.8403499415374944e-07 1.171861160025118e-07 2.2790646563678182e-07 1.564955336679951e-07 0.00010287360122296413 5.67252149083445e-06 3.857029022207746e-07 2.855440394145703e-07 1.8697086164159194e-06 0.0 0.0 0.0 1.0994563470337146e-06 2.545379756464225e-06 0.0002386501731710111 0.0014287776755738638 1.976455728793782e-05 7.825492992230786e-05 0.0 1.7922025257612272e-07 0.0 2.9912643111505758e-05 5.215137738617512e-06 3.4560693630243782e-06 1.657004173571989e-06 1.9853341952663672e-06 6.109623624089498e-07 4.985198656101059e-07 6.2182223897829725e-06 1.2325724602322762e-06 3.6602469184173996e-07 0.00038655303874899217 7.471548396867981e-05 0.00014374680869562678 8.608826094312373e-06 1.803969105844144e-06 1.9360626746868623e-06 2.6259989436940285e-05 8.653294540654888e-08 3.279934015776497e-07 1.2231738593538748e-05 0.0 2.9518983452306944e-06 1.9570663736028996e-06 1.2907744059576256e-06 2.477148180247418e-07 1.3931174140927053e-06 1.1293463356624189e-07 3.4518878249559576e-07 1.0635211201992967e-07 0.0 3.8230102272915966e-07 2.7751645622197406e-07 2.4809720399649378e-05 1.7413312212098474e-05 3.3367205676983854e-07 4.044438103315524e-06 0.0008042577632585851 0.0 4.954530228894003e-06 7.17845869950855e-07 1.5308895771276893e-05 1.478080904423714e-06 2.0044811427319542e-06 2.7105369874122227e-06 4.788003755225341e-06 1.1367862694695726e-05 4.7753794499254575e-06 0.0 9.656209041818664e-06 5.153228492755136e-06 7.350458775803269e-06 3.906220487019177e-06 0.0 0.0 0.0 0.0 0.0 0.0 0.0 0.0 0.0 0.0 0.0 0.0 0.0 0.0 0.0 0.0 0.0 0.0 0.0 0.0 0.0 0.0 0.0 0.0 6.161333788968717e-07 7.861030860264608e-07 8.009618184936497e-07 8.451331885823491e-07 6.965968386284461e-07 0.0 0.0 0.0 0.0 0.0 0.0 0.0 0.0 2.3086956340205362e-07 0.0 0.0 0.0 1.8742872308287716e-06 0.0 0.0 0.0 0.0 0.0 0.0 8.127608346224028e-07 0.0 0.0 2.4560092206332925e-06 0.0 0.0 0.0 0.0 7.990194881299521e-08 0.0 0.0 0.0 0.0 8.227423779465615e-07 0.0 0.0 1.0677968832569584e-07 0.0 2.677873226213012e-06 0.0 2.137605809180541e-06 0.0 0.0 0.0 0.0 3.087777628947985e-07 0.0 0.0 0.0 0.0 7.67581520376742e-08 7.709249791815502e-08 1.1895846875561147e-07 0.0 1.2231357058913743e-07 1.1188780991509176e-06 1.0572522509727427e-07
0.0008859905241735029 0.0 0.0008513270150741469 0.0010649929721629208 0.0008408891553638094 0.0001677872018234169 0.0009070276173447052 0.00017444541214670954 0.0009335853011370692 0.0007159190662289954 0.0007226802752399722 0.00020207810821807476 0.0006987167024178365 0.0010583357390517591 3.8921218023166987e-05 6.60837095310689e-06 7.009356968235106e-07 1.8813095551870895e-07 0.0 1.0257052790098964e-07 1.2673532237476563e-07 0.0 4.2611086881965946e-07 9.559661891607628e-08 8.652332465787602e-07 1.1511742297292352e-07 7.524455300001773e-07 4.149259428906543e-07 1.1090534516061154e-07 0.0 0.0012426821933092485 0.00010161856894924875 8.325867715641569e-05 0.0 7.376323154100659e-07 2.412841199816076e-07 1.0396845092877266e-05 1.1138476145500543e-06 1.9024083012652394e-06 4.049095633063114e-07 4.0553604577295776e-07 6.92479741673983e-08 3.2626173312079854e-07 9.997580667957805e-07 1.5484335739297652e-07 1.8338469077491678e-07 0.0002985745607900173 1.004922999867502e-05 1.1059128904788665e-06 1.1256024322565788e-06 2.92835791811755e-06 0.0 0.0 8.284680627530417e-08 2.485681432907648e-06 1.2036081255387692e-06 0.00017938595034595062 0.0009118348400007826 1.9476569293252013e-05 0.00012843048279561722 1.5534044045845155e-07 1.0638590664012997e-06 0.0 0.0001229702517106516 4.23343598708301e-06 4.126858689207256e-06 2.5196775451351614e-06 2.4394497705395797e-06 4.092630482219633e-07 1.1661108630759264e-06 2.624490239900166e-05 6.145506032947399e-07 1.4349204091404343e-07 0.00043707187830786077 0.00014364521364268476 0.00027571786614235416 5.6870304623428746e-05 4.014995356837219e-06 6.717949304623711e-06 9.253676931933122e-05 4.5500251414879605e-07 4.870620154184049e-06 1.6838689996662783e-05 0.0 4.502737703067048e-06 2.401891206469669e-06 1.4330168203580572e-06 0.0 1.5280861745077908e-06 0.0 6.703081461950681e-07 1.706672810278485e-07 3.791085652546587e-07 5.317133779855503e-07 1.7754100427020717e-07 5.262902898595837e-05 1.4931532824896184e-06 0.0 4.537966597209963e-06 0.00031913304820992844 1.2560134707323246e-07 4.440520666181831e-06 2.2163740943220427e-06 2.4491998417006653e-05 2.2261683877748913e-06 1.3697520123337598e-05 3.643485386188573e-06 6.968976584209949e-06 3.090092581980594e-05 9.900122901618594e-06 2.5842061343072995e-06 4.9182748512589344e-05 2.209460906781889e-05 2.0596561204577856e-05 1.688490424753119e-05 0.0 0.0 0.0 0.0 0.0 0.0 0.0 0.0 0.0 0.0 0.0 0.0 1.333316285775155e-06 0.0 0.0 0.0 9.885354137406915e-07 0.0 0.0 4.270742896635e-07 7.453236564202373e-07 0.0 1.508189272775567e-07 5.184275218939126e-07 4.091256372766008e-06 5.203386017320105e-06 1.0908834503911357e-05 6.34217230318894e-06 1.5482607850183834e-06 0.0 0.0 0.0 0.0 0.0 0.0 0.0 0.0 0.0 0.0 0.0 0.0 6.873043491046525e-07 0.0 0.0 0.0 0.0 1.036259260195304e-07 2.5352408598612905e-07 2.29013685841799e-06 0.0 0.0 6.640073262698894e-06 1.0360513300241244e-07 0.0 0.0 0.0 0.0 0.0 7.237168075079735e-08 0.0 0.0 2.881657822756382e-06 1.987295926257643e-07 0.0 0.0 0.0 6.222638797444941e-06 0.0 3.832318709403811e-06 5.063850762911585e-07 0.0 6.621436844803475e-07 0.0 8.123677299033701e-08 0.0 0.0 6.383920385045415e-08 7.472945373999138e-08 0.0 0.0 0.0 0.0 4.134982231245592e-06 3.885097838253937e-06 2.6253128417594857e-06
0.00024148591555632465 0.0008513270150741469 0.0 0.0001303824564713286 0.0006433476996056975 1.4463496941292183e-05 0.00017702021241783238 0.001157593082900212 0.0010219843900725976 2.9588117170967016e-05 0.0016526569733722833 2.8417560640157518e-05 0.00020370277708187898 0.0009484933458157646 2.5692970318170113e-05 6.161013592418124e-06 1.720936435456643e-06 1.8726219064182474e-07 0.0 1.0726232369209572e-07 8.515368079641603e-07 1.1554515177849644e-07 4.3570785006612936e-06 1.3897808310400499e-06 2.1492376457386277e-06 8.119657271521395e-08 1.5282644335209332e-06 0.0 0.0 0.0 0.002181564619290127 0.0006101850733409886 9.547851929971004e-05 6.59875468660226e-07 3.28064927965233e-06 6.226315150066853e-07 1.04188790672263e-05 1.2478866167960137e-06 2.1782242652951863e-06 3.149745129736509e-07 2.266104573015356e-06 3.4135125746931404e-07 7.329002729308521e-07 5.030616546348613e-07 2.956674539719151e-07 1.557622615541226e-07 0.0001232200793339326 1.6588398800491198e-06 9.450743877514532e-08 9.326777447716456e-07 1.3918286846395355e-06 1.1659514609953994e-07 0.0 4.590567612916327e-07 5.36840322029345e-07 3.633246893951031e-07 6.105948280618482e-05 0.0006176541296383963 4.244334365875286e-06 3.8670199462591416e-05 0.0 3.888272924011331e-06 0.0 0.00010821763602838974 6.474950503337629e-07 1.542863916316786e-06 8.919502844473646e-07 7.04064986225919e-07 1.7196172524551245e-06 4.896230507586087e-06 1.0663064177769306e-05 4.390112717043033e-07 0.0 0.00013532718077700188 7.280796272683129e-05 9.255939672347135e-05 2.9836389892958387e-05 3.3336098899028176e-06 0.00010626139024961611 0.0005149451125918893 7.288779711822993e-07 2.16424215011884e-05 4.600814088187228e-06 0.0 9.07472059552242e-07 5.014476696157735e-07 5.344514656012961e-07 0.0 2.2784572430074317e-07 0.0 4.519757046164688e-07 1.7164550098336223e-07 1.35742396575612e-06 4.960982416149025e-07 6.181314247334142e-07 2.5528715216404523e-06 0.0 0.0 4.782123733984086e-06 9.575859067801917e-05 0.0 3.454027795069097e-07 1.4488521019133126e-06 8.786384967581665e-07 1.0835865143266088e-07 9.161774911246261e-07 2.6188306451946827e-07 1.1709656678995079e-06 2.6918238090706384e-06 2.4445762173013962e-06 3.8351102249953024e-07 9.637537979945424e-06 3.593099178217865e-06 2.0870554782657256e-06 1.963735700691338e-06 0.0 0.0 0.0 0.0 0.0 0.0 0.0 0.0 0.0 0.0 0.0 0.0 5.544321692924969e-07 0.0 0.0 0.0 0.0 9.36177681638948e-08 0.0 0.0 3.6690419137892833e-07 3.240988747758058e-07 0.0 0.0 1.0544541115853014e-06 6.063190151433798e-07 2.7416058061769e-06 1.817450983861188e-06 1.426775858596123e-07 0.0 0.0 0.0 0.0 0.0 0.0 9.953576185701015e-08 1.9359733761044178e-07 0.0 0.0 0.0 0.0 5.054972489384408e-07 0.0 0.0 0.0 0.0 0.0 0.0 0.0 0.0 7.381151364284042e-07 7.755496750577221e-07 0.0 0.0 0.0 0.0 0.0 0.0 0.0 1.1800765235231334e-07 0.0 1.0071253656080609e-06 0.0 0.0 0.0 8.592747476109085e-08 1.1599745294422197e-06 0.0 1.3025199907954206e-06 0.0 0.0 0.0 0.0 0.0 0.0 0.0 0.0 0.0 0.0 0.0 0.0 0.0 4.2780716395178985e-07 1.0096727290090754e-06 5.599660424943202e-07
0.0005059193184165144 0.0010649929721629208 0.0001303824564713286 0.0 3.5273108544471025e-05 0.00018784962697840672 0.0004411512355715814 7.641689990507922e-07 3.702459647293515e-06 0.0006137381230597618 2.1295746124055697e-06 0.0003347255253282167 0.000940308641316489 0.00017760901958180684 2.162367826049362e-07 2.6196621006623435e-07 1.1210567113889818e-07 0.0 0.0 0.0 0.0 0.0 0.0 0.0 0.0 0.0 0.0 0.0 0.0 0.0 2.4358352015567326e-05 3.5794096882901084e-07 7.421543709598383e-06 0.0 0.0 0.0 2.4512230142010054e-07 0.0 0.0 0.0 0.0 0.0 0.0 0.0 0.0 0.0 1.2825363544666334e-05 3.8308395010616864e-07 0.0 0.0 1.4022717918350685e-07 0.0 0.0 0.0 0.0 0.0 1.3594254070340103e-05 5.614052287871829e-05 9.78132732254778e-07 7.56396654784617e-06 0.0 0.0 0.0 1.0226849474041396e-06 4.782784469233396e-07 0.0 0.0 2.66601209624996e-07 0.0 0.0 1.4788212777242358e-06 6.737459360759401e-07 0.0 2.7268758849920626e-05 4.1518722412463235e-06 1.1226626059618051e-05 5.70834067194642e-07 0.0 1.0419463095072856e-07 2.863259722276227e-07 0.0 0.0 1.885399248589336e-06 0.0 1.9108815883493164e-07 1.9750346102801881e-07 0.0 0.0 2.1297558086975966e-07 0.0 0.0 0.0 1.2340931485218144e-07 6.027254632860619e-07 0.0 2.084267476800215e-05 8.884249397861855e-07 3.4880878975415744e-07 1.6400315882411592e-07 0.00017558785940261106 0.0 3.459773987784361e-07 1.082618392510467e-06 1.3731743433755347e-05 0.0 3.5851193473560352e-06 1.499026845695582e-06 8.729976349963259e-07 1.246220411864867e-05 3.453892163067132e-06 0.0 5.633761510081114e-06 2.3251036849583587e-06 3.09758201390978e-06 7.235254931852949e-07 0.0 0.0 0.0 0.0 0.0 0.0 0.0 0.0 0.0 0.0 0.0 0.0 3.437216746816088e-07 0.0 0.0 0.0 0.0 0.0 0.0 0.0 0.0 0.0 0.0 0.0 0.0 6.787884151181197e-07 2.6161581855392154e-07 1.4297892547758898e-07 0.0 0.0 0.0 0.0 0.0 0.0 0.0 0.0 0.0 0.0 0.0 0.0 0.0 0.0 0.0 0.0 0.0 0.0 0.0 2.745557719319035e-07 3.179068521909602e-07 0.0 0.0 9.284693203242672e-07 0.0 0.0 0.0 0.0 0.0 0.0 0.0 0.0 0.0 4.555415479219577e-07 0.0 0.0 0.0 0.0 1.2351325341606552e-07 0.0 0.0 0.0 0.0 0.0 0.0 8.719938282254237e-08 0.0 0.0 0.0 0.0 0.0 0.0 0.0 0.0 6.726878526347167e-07 0.0 0.0
7.893339774968024e-05 0.0008408891553638094 0.0006433476996056975 3.5273108544471025e-05 0.0 5.9079699935402485e-06 0.0007671283063736955 0.0002599626104585805 0.0031307225434166327 3.421966860964349e-05 0.0006449231633128599 7.790040947109901e-06 0.0003783534269361158 0.0005453731065483199 2.4964771249605393e-05 3.663221122146853e-06 7.558477277522584e-07 0.0 0.0 0.0 0.0 0.0 1.1321020734731804e-07 0.0 0.0 1.6551468386440167e-07 0.0 3.622615535689805e-07 0.0 0.0 0.00021690344099978002 9.633304371149536e-05 1.006846765700387e-05 0.0 0.0 1.2415692194788082e-07 3.535220077898446e-06 1.4680861333989333e-07 7.493489617519389e-07 8.334876933459264e-08 2.0095495600021198e-07 1.6288816643329977e-07 1.5729536863226522e-07 1.4352116174669073e-07 1.6960874671763154e-07 0.0 0.00013487237931064164 2.0512448702950613e-06 2.810782417065204e-07 1.3724188938115164e-07 6.03078533490631e-07 0.0 0.0 0.0 3.1575693643825524e-07 6.777505279556402e-07 4.233431510219121e-05 0.00018140784636986565 6.042034735101404e-06 4.0154742871213595e-05 7.956868369201384e-08 1.212039654197525e-06 6.796101503807126e-08 6.816238724017294e-05 8.53849838836163e-07 1.4039985139938422e-06 5.592240381089093e-07 5.258504234617895e-07 6.681127258261385e-08 3.278554489264522e-07 9.153734591004587e-06 0.0 0.0 0.0001222843346390274 5.9159119799174474e-05 0.00010763400161807489 3.50975434735654e-05 1.7297207160595012e-06 2.1787179602127835e-06 1.0835615839234321e-05 4.5879132543248685e-07 1.0932316497076834e-06 4.539920358428735e-06 0.0 1.5553234223690724e-06 8.348386427202168e-07 5.140573879776284e-07 7.86395023699835e-08 2.754116273686319e-07 0.0 8.363521701492684e-08 6.939245778857701e-08 1.4066017254762295e-07 9.170805949797156e-08 8.21867009165006e-08 1.315476615717485e-05 0.0 1.6702199195351178e-07 1.570203995460746e-06 1.1430239418769805e-05 0.0 2.12175424992853e-06 4.6148328517192866e-07 1.8853990695678243e-06 0.0 4.772647601540932e-06 1.5379172668270314e-06 7.1757075234311364e-06 5.952211009627611e-06 4.0408724788141054e-06 1.8380132952933164e-06 2.2306001176891747e-05 7.294538475826667e-06 1.013488311965349e-05 6.6380469646155595e-06 0.0 0.0 0.0 0.0 0.0 0.0 0.0 0.0 0.0 0.0 0.0 0.0 1.396057358409069e-07 0.0 0.0 0.0 2.0992960277477684e-07 0.0 0.0 0.0 1.6799654528323914e-07 0.0 0.0 0.0 3.0679917072924582e-06 2.878915949167175e-06 6.021064983968416e-06 3.46745869173773e-06 1.2263952699112356e-06 0.0 0.0 0.0 0.0 0.0 0.0 0.0 1.1965872134612704e-07 0.0 0.0 0.0 0.0 0.0 0.0 0.0 0.0 0.0 0.0 0.0 0.0 0.0 0.0 3.47834933945285e-06 0.0 0.0 0.0 0.0 0.0 0.0 0.0 0.0 0.0 2.5668881899577763e-06 0.0 0.0 0.0 0.0 3.5595724736561297e-06 0.0 2.3764002769923177e-06 1.1074672547039731e-07 0.0 6.433923745566696e-08 0.0 0.0 0.0 0.0 0.0 0.0 0.0 0.0 0.0 0.0 1.8166056243894143e-06 1.452262030742549e-06 5.286234998375262e-07
0.00016280290563465004 0.0001677872018234169 1.4463496941292183e-05 0.00018784962697840672 5.9079699935402485e-06 0.0 6.17120990785044e-05 3.7470552453226604e-07 2.3535336404380194e-06 0.0004229714043516722 3.939075416671685e-06 6.305898105751643e-05 0.00010780720329338974 4.303122851715745e-05 1.0948004881535717e-07 0.0 0.0 0.0 0.0 0.0 0.0 2.779057617066929e-06 0.0 0.0 0.0 0.0 0.0 0.0 0.0 0.0 2.9262288059906456e-05 3.446473750297912e-07 1.603349355027671e-05 0.0 1.0303533405086208e-07 0.0 2.132399952454179e-05 1.0302294841439003e-07 5.247701028965834e-06 1.1879709743845076e-07 0.0 0.0 0.0 0.0 0.0 0.0 1.771172484161194e-06 1.0433423457809393e-07 1.0278878164603762e-07 0.0 0.0 1.0907377885431894e-05 2.4248914295393952e-06 0.0 0.0 2.478263086442692e-07 9.852553093892607e-05 4.8648258736384435e-05 1.3391947554966378e-06 2.227799744511087e-06 0.0 7.742879314399063e-07 0.0 3.4698259793887747e-07 0.0 0.0 0.0 0.0 0.0 0.0 0.0001034717975613398 0.00014262309970760015 1.1979481701380913e-05 9.465082035315588e-06 8.245844894155724e-07 1.2866020941275088e-06 0.0 0.0 0.0 2.1617504670494106e-06 0.0 4.140373596693297e-07 3.1026682405051943e-07 2.1696896069845648e-06 0.0 5.14826868849945e-07 0.0 2.490745374640009e-06 1.5888361367311522e-06 1.0973307510219174e-05 2.677461649126094e-07 6.950826216350514e-07 0.0 0.0 1.417904878537961e-07 0.00017499421515694273 0.00020824141897475464 5.6670849443353274e-05 6.983210586632183e-05 0.0002805059245720755 0.0 6.472889037472793e-07 6.331656712172255e-07 1.5683104517743304e-06 0.0 2.0139962554517778e-07 1.946449980214007e-07 1.3891097589560192e-06 6.244152866800913e-06 2.190309424104661e-06 0.0 3.528602295744661e-06 1.8739673392777927e-06 8.645960758647943e-07 6.137968431633628e-07 0.0 0.0 0.0 0.0 0.0 0.0 0.0 0.0 0.0 0.0 0.0 0.0 0.0 0.0 0.0 0.0 9.982332344897568e-08 0.0 0.0 0.0 0.0 0.0 0.0 0.0 0.0 0.0 1.208123624922941e-07 4.3378431430903975e-07 8.899024109565995e-08 0.0 0.0 0.0 0.0 0.0 0.0 0.0 0.0 0.0 0.0 0.0 0.0 0.0 0.0 1.0995237386874091e-07 0.0 0.0 0.0 0.0 0.0 0.0 0.0 0.0 0.0 0.0 0.0 0.0 0.0 0.0 0.0 0.0 0.0 0.0 3.039316372993441e-07 0.0 0.0 0.0 1.0044369266250258e-07 0.0 8.331071333935987e-07 0.0 0.0 0.0 0.0 0.0 0.0 1.0605697185061535e-07 0.0 0.0 0.0 0.0 0.0 0.0 6.487092206423246e-07 0.0 3.313997698679217e-07
0.00027739549456880154 0.0009070276173447052 0.00017702021241783238 0.0004411512355715814 0.0007671283063736955 6.17120990785044e-05 0.0 0.0002363902972603168 0.0011876374204951969 0.0007578276983834548 0.0003176639151388349 0.0002692651704529769 0.0013874557790591567 0.00222889174524866 3.7179899007246005e-05 7.892244209063448e-06 7.152713881059589e-07 9.429970751675753e-08 0.0 0.0 2.9524259614096347e-07 1.6078309225418157e-07 5.005877629885288e-07 4.4017557457608437e-07 0.0 0.0 4.2966132290552764e-07 0.0 0.0 0.0 8.977542411720067e-05 6.424880528248627e-05 3.846163417613051e-05 0.0 1.2141651368290312e-07 9.456782206815964e-08 1.1344252038106399e-05 6.32593969333305e-07 1.083600643765218e-06 1.2501554890283467e-07 8.466890048708325e-08 4.7003558041671236e-07 0.0 5.536641670052623e-07 1.2299446233463252e-07 0.0 0.00021574949391910955 3.856131799540852e-06 9.126701679623397e-08 8.541405432502312e-08 1.050143837158348e-06 0.0 5.676192386615454e-07 1.8399125544072701e-07 1.0632370064290475e-07 9.83906666674003e-07 5.980665066707152e-05 0.00021419979005494238 9.200805778069224e-06 5.779312064331129e-05 8.975671175440153e-08 1.2770631118727283e-06 1.1132320126130917e-07 6.559151456841865e-05 2.4040984853561743e-06 1.3490849381757493e-06 1.0928620233284522e-06 4.4056613321138844e-07 2.1898305879725745e-07 2.796497561261787e-07 4.218517937495369e-05 1.5229906387937431e-06 0.0 0.00016340210905522727 7.037420062223335e-05 0.00014171778041488397 5.111431845677621e-05 2.967757012299781e-06 4.5877056623054356e-06 1.4162421545806616e-05 5.748407476586509e-07 4.367851047221788e-06 7.049624807402942e-06 0.0 1.414885163561857e-06 7.500292567590601e-07 7.904093556758829e-07 0.0 7.614495495635919e-07 0.0 7.927111811273088e-07 9.195927972296541e-08 6.206429838319936e-08 1.1376118251838437e-07 0.0 0.00012954222357892516 1.373040071937062e-06 1.5731739490868917e-07 5.650681416674379e-06 5.431937854845239e-05 0.0 1.8988868102078708e-05 1.4487311523275158e-05 1.7157155382710874e-05 3.937145883030895e-06 3.15021150663439e-05 1.1302776055687584e-05 2.580088860320452e-05 7.195184096576666e-05 4.062280110598492e-05 1.0578557570228658e-05 0.00012085205810577425 5.599804227619591e-05 4.710719014061772e-05 4.206793723184829e-05 8.302121566289231e-07 0.0 0.0 0.0 0.0 0.0 0.0 0.0 0.0 0.0 0.0 0.0 0.0 0.0 7.578467018484936e-07 0.0 9.777919482302852e-07 0.0 0.0 1.119096525287052e-06 1.3711820010317611e-06 0.0 0.0 0.0 1.2020035040078115e-05 7.054316503737652e-06 3.08772171986669e-05 1.1432699174347104e-05 3.727837617511896e-06 0.0 0.0 1.1591471848389122e-07 0.0 0.0 7.544425348597786e-07 1.3905042437099005e-07 2.64718420490163e-07 7.955031542182195e-07 0.0 0.0 0.0 3.9374238968088776e-06 9.06554660497883e-08 0.0 0.0 0.0 1.5808920306066416e-07 1.1727731022385682e-06 8.57896122836921e-06 0.0 4.350311593587866e-07 1.6762453858093763e-05 2.6297748932766335e-07 7.714446056967067e-08 7.096713764010262e-08 0.0 8.637268137059319e-08 0.0 1.212058782977622e-07 0.0 0.0 1.2073106159645022e-05 2.405214485571799e-07 0.0 0.0 0.0 1.8747034432467706e-05 0.0 1.2081396533156644e-05 4.5471480668745024e-07 4.467025729319166e-07 1.6640211339153677e-07 1.9547557164235395e-07 1.8543879686647582e-07 0.0 0.0 0.0 0.0 6.460309527333511e-08 0.0 0.0 0.0 1.5274346257142262e-05 5.721073623412917e-06 1.1130234624970467e-05
1.97644831000971e-05 0.00017444541214670954 0.001157593082900212 7.641689990507922e-07 0.0002599626104585805 3.7470552453226604e-07 0.0002363902972603168 0.0 0.001047285675895804 5.162831093951004e-06 0.0011490119095892129 1.5738996432864582e-05 0.0003849115611443234 0.002330098394085881 4.886127532644134e-05 1.4530051994308318e-05 3.6255925374591893e-06 3.841996254309016e-07 0.0 1.3248188970911978e-06 3.0572802136980416e-06 3.1969698774760273e-07 1.8360629175811257e-05 6.0123990498459586e-06 5.925276288230628e-06 5.931038924403306e-07 7.614637983498758e-06 3.288568355917268e-07 2.7097884255351257e-07 0.0 0.00047998301146357343 0.001596263993156987 0.00012276644232957443 2.586147171737853e-06 1.0743371378242461e-05 2.1646107666841353e-06 5.018944980275676e-06 1.915851563679064e-06 1.925186713366167e-06 6.288687637298476e-07 6.353945858480406e-06 2.32882864523604e-06 2.2624999284547094e-06 2.846710257604638e-06 8.534448789147684e-07 6.29052015454052e-07 0.00010745536662660468 1.5588474873579601e-06 1.317986501296446e-06 2.1792415848750442e-06 3.0972743886475974e-07 1.0657915771035331e-07 2.21243676148751e-07 5.805251845826404e-07 1.6537720860390336e-07 8.84418318996014e-08 2.1869161707977622e-05 0.00017213731494182164 2.1818947300984764e-06 1.7634290173910176e-05 2.3183644267629226e-06 3.365470215816235e-05 0.0 0.00014104512401036162 1.3864206304086401e-07 1.5447242879800382e-06 1.273835957376997e-06 1.3867085168914983e-06 3.2701093417099882e-06 1.790038330722276e-05 4.213750171604922e-06 4.1075280557245367e-07 0.0 6.731592850337975e-05 7.323258468036461e-05 9.632428498455579e-05 7.601605423618612e-05 6.2211958482525e-05 0.0004465899282402654 0.0010617420563209005 2.344504272754567e-06 0.00023592584184010845 1.7220073686641848e-06 0.0 4.253547482564922e-07 3.792011127460273e-07 1.0842024941978748e-06 0.0 4.718722549360942e-07 0.0 4.688929723000365e-07 0.0 2.8074042413478858e-06 1.9573800789660686e-06 7.447505754076304e-07 1.5914295882259133e-06 0.0 0.0 1.2506656075120787e-06 1.0622943129611034e-05 0.0 3.5833786615193114e-07 0.0 0.0 0.0 6.249381342563816e-07 0.0 1.360602877269533e-07 5.695408025298305e-07 0.0 6.990904624236762e-07 2.200404009568119e-06 3.3503231990406054e-06 1.0543122005695566e-06 1.3620782068122273e-06 0.0 0.0 0.0 0.0 0.0 0.0 0.0 0.0 0.0 0.0 0.0 0.0 0.0 0.0 9.140437933948383e-08 1.0286857882748337e-07 0.0 0.0 1.5411810809502e-07 0.0 0.0 0.0 0.0 9.324779169814992e-07 6.603683480353782e-07 6.297280603578656e-07 1.7690689880235531e-06 8.841114098198807e-07 5.924550919584996e-07 1.1901124694957145e-07 0.0 0.0 0.0 0.0 0.0 0.0 0.0 0.0 0.0 0.0 0.0 9.072462802732559e-07 1.151920815739273e-07 0.0 0.0 0.0 0.0 0.0 0.0 0.0 0.0 9.544695759493988e-07 0.0 0.0 0.0 0.0 0.0 0.0 0.0 0.0 0.0 5.090114677441593e-07 0.0 0.0 0.0 2.2278201463330492e-07 4.977845778466148e-07 0.0 3.429852199630754e-07 0.0 0.0 0.0 0.0 2.1238204499178005e-07 0.0 0.0 0.0 0.0 0.0 1.557049282572417e-07 3.217026917266105e-07 0.0 8.608782565563209e-07 3.3690169104503473e-07 4.034306732246527e-07
1.6282722465947172e-05 0.0009335853011370692 0.0010219843900725976 3.702459647293515e-06 0.0031307225434166327 2.3535336404380194e-06 0.0011876374204951969 0.001047285675895804 0.0 3.8537245463317783e-05 0.0012847477254334936 6.859803152831965e-06 0.00033738277927437425 0.0006023728613354643 8.547947767034353e-06 1.08544282816892e-06 0.0 0.0 0.0 0.0 0.0 0.0 0.0 0.0 0.0 0.0 0.0 0.0 0.0 0.0 9.884831106499334e-05 3.0230343611567016e-05 1.6704802685311476e-05 0.0 1.55284731616033e-07 0.0 4.136062626071573e-06 8.943911167877818e-07 4.3176795523484433e-07 1.0177607021251126e-07 0.0 1.5928299806896958e-07 0.0 1.3125029795525293e-07 0.0 0.0 3.998400349092932e-05 3.129204201429446e-07 0.0 0.0 1.8298195867678472e-07 1.1494119950067872e-07 0.0 0.0 0.0 7.678436874356841e-08 8.291085937670953e-06 4.1187883536884244e-05 1.2860869895631412e-06 8.81578697672031e-06 0.0 4.655903900738418e-07 0.0 1.7135981951510017e-05 2.0097233434774575e-07 3.134302667791951e-07 1.7255892178189477e-07 1.9722170105913306e-07 0.0 1.5264143257577112e-07 4.047430215826621e-06 0.0 0.0 2.4438876223265364e-05 1.723237989060587e-05 2.776731227874905e-05 1.1104741212398439e-05 9.185052680648911e-07 1.0630475353649014e-06 6.958615511301722e-05 0.0 2.1047008728522974e-06 9.360977452185487e-07 0.0 7.418034171873686e-08 1.589340122070486e-07 7.224249352327012e-08 0.0 7.2882144016701e-08 0.0 0.0 0.0 0.0 0.0 1.2956152835706024e-07 9.20340609868571e-06 0.0 0.0 7.997872119392789e-07 3.4761242280346037e-06 0.0 5.236333613811657e-07 3.483201405910337e-07 5.596110096835434e-07 0.0 2.722553083700555e-06 3.786635310362422e-07 2.3476828593770865e-06 2.2863898718638843e-06 3.621149588200434e-06 9.6289653624438e-07 1.8849817750642407e-05 7.244365548781225e-06 6.167978656414251e-06 5.748956535564353e-06 0.0 0.0 0.0 0.0 0.0 0.0 0.0 0.0 0.0 0.0 0.0 0.0 3.1762964732499543e-07 0.0 0.0 0.0 0.0 0.0 0.0 0.0 0.0 0.0 0.0 0.0 1.9580887323068044e-06 1.5171981391806632e-06 2.3920162505647325e-06 2.4346328121897574e-06 7.635576273258588e-07 0.0 0.0 0.0 0.0 0.0 0.0 0.0 0.0 0.0 0.0 0.0 0.0 7.360346810224234e-07 0.0 0.0 0.0 0.0 0.0 0.0 0.0 0.0 0.0 2.5694180424027302e-06 0.0 0.0 0.0 0.0 0.0 0.0 0.0 0.0 0.0 1.4377049893059348e-06 0.0 0.0 0.0 0.0 2.4106900905866227e-06 0.0 1.2898257146059812e-06 0.0 0.0 0.0 0.0 0.0 0.0 0.0 0.0 0.0 0.0 0.0 0.0 0.0 1.2155027723071561e-06 7.3065991153194e-07 1.1795210794446893e-06
0.0005340354407182768 0.0007159190662289954 2.9588117170967016e-05 0.0006137381230597618 3.421966860964349e-05 0.0004229714043516722 0.0007578276983834548 5.162831093951004e-06 3.8537245463317783e-05 0.0 1.1491450387908725e-05 0.0007913126824790599 0.004509304701903366 0.000707184336115276 3.1176934033048693e-06 5.040684583584858e-07 3.886677570490362e-07 0.0 0.0 0.0 0.0 4.5228083683833306e-07 0.0 0.0 1.1196230805977717e-07 0.0 3.803461343379043e-07 0.0 0.0 0.0 1.0358335384197952e-05 1.5126431556074176e-06 0.00014363237912634697 0.0 0.0 0.0 3.0478785130953092e-05 3.9129551436987064e-07 2.3840431363248216e-06 1.2292404720651003e-07 4.282994465885681e-07 0.0 1.3763698985852384e-07 0.0 0.0 0.0 1.7463362675168735e-05 3.064618212656163e-07 0.0 0.0 3.169272398459073e-07 1.178489849230292e-06 5.519014018487036e-07 0.0 2.5562988288172224e-07 1.8996652938731215e-07 2.7596766772132043e-05 5.3881806934596875e-05 2.7225919114774174e-06 1.0051199049657017e-05 0.0 4.921529920512754e-07 0.0 4.036015598667068e-06 4.6200505994523124e-07 4.896895764786185e-07 1.5074135128894717e-07 1.6579508459588016e-07 0.0 2.569947760426832e-07 7.210938713690706e-05 2.7756227061171897e-05 1.1854726893995351e-06 3.75556732769451e-05 6.78976752379355e-06 1.18630546034379e-05 2.512649253393105e-06 1.3169713564964397e-07 0.0 3.1239611254676596e-06 0.0 0.0 1.535698374748727e-06 4.2465918337742506e-07 4.015937600099212e-07 1.9899213098858346e-07 0.0 4.956038173504046e-07 3.912409459607889e-07 5.5654880030479e-07 3.927637825084736e-07 0.0 0.0 0.0 0.0 0.0001326616187673552 2.4153998627897217e-05 8.347142864213477e-06 1.7906085414233044e-05 0.00037398319332474064 5.491187842894106e-07 2.384716627188395e-05 1.223479734183493e-05 2.594273768413621e-05 6.389687834907644e-06 4.01588186009379e-05 1.696394796721481e-05 3.12036248276897e-05 8.046910103094448e-05 4.5454401558984024e-05 5.282046074011857e-06 0.00012567335372248956 7.746232156583281e-05 6.114164430485065e-05 2.8553572220772308e-05 8.308156978203054e-08 4.1061441531311533e-07 0.0 0.0 0.0 0.0 0.0 0.0 0.0 0.0 0.0 0.0 7.421424574097244e-07 0.0 0.0 0.0 5.848356446615326e-07 0.0 0.0 1.1051715623969455e-06 7.329813431541623e-07 0.0 8.523123490461854e-07 0.0 7.078922838195144e-06 1.3326919184145223e-06 1.4787050682302563e-05 3.9890126386898556e-06 2.768966671707552e-06 0.0 0.0 0.0 0.0 0.0 0.0 0.0 0.0 8.560206006493971e-08 0.0 0.0 0.0 9.814981112491887e-07 0.0 0.0 1.1159230374624149e-07 0.0 1.7976236949754952e-07 4.0777152054763016e-07 6.464429117328291e-06 0.0 0.0 1.0088152968569547e-05 6.955494964779534e-08 0.0 0.0 0.0 0.0 0.0 0.0 0.0 0.0 7.228778437454829e-06 6.243557043425833e-07 1.9220384742051728e-07 0.0 0.0 1.1482411996214972e-05 0.0 7.326902959470504e-06 5.157452226857019e-07 3.111291507833916e-07 2.514627527298192e-07 0.0 7.718779040604361e-08 0.0 2.581340410983799e-06 0.0 0.0 0.0 0.0 0.0 0.0 1.0097216701752913e-05 5.247177603216363e-06 4.33488772335887e-06
8.082716029984091e-05 0.0007226802752399722 0.0016526569733722833 2.1295746124055697e-06 0.0006449231633128599 3.939075416671685e-06 0.0003176639151388349 0.0011490119095892129 0.0012847477254334936 1.1491450387908725e-05 0.0 7.656866953604284e-05 0.0010890737508398392 0.0025447328851778838 7.922699098084696e-05 2.5437735263918276e-05 6.92349657349767e-06 1.0585868231938822e-07 9.895635541763965e-08 1.2911175073161365e-06 2.478186929365327e-06 1.0177610336464316e-06 1.7210600829629325e-05 6.974556512353386e-06 9.034745005657992e-06 6.297268403594122e-07 1.2131694390695876e-05 9.341840848185048e-07 2.638659333100341e-07 2.472380572161119e-07 0.0007096960632222294 0.0004998554964583816 0.00032215224353962594 1.0321037863329712e-06 8.829278269942809e-06 3.1608040775643524e-06 7.025733548517174e-05 1.394623464389932e-05 1.8779123402004304e-05 3.692271108688296e-06 1.1058652190393017e-05 2.7802812158417983e-06 1.7777245985721411e-06 5.16128534264976e-07 3.4322310640062527e-07 0.0 0.00017661593238035844 2.0591155046648898e-06 5.437591122797874e-07 5.790216425757124e-07 1.0944851583359394e-06 2.5033714900462943e-06 4.593422541905686e-07 9.15448515527046e-07 0.0 4.847867607376418e-07 3.182053651255639e-05 0.00017223095266093847 4.022423642311315e-06 2.830120999103063e-05 0.0 0.00010287775535748027 1.4633242937835817e-07 9.62899358153846e-05 6.495223562419067e-07 1.0659617536269224e-06 1.6017728014176516e-06 9.534481587660387e-07 3.3648461600856428e-06 1.7194388721051792e-05 4.8681884519407524e-05 3.840778244983582e-07 8.089734157282512e-08 9.011291267391471e-05 6.773843017916626e-05 0.00012047974521701305 7.530605728595872e-05 1.0149295200078226e-05 0.0001699726446471695 0.0004868147727198903 3.9574044612611246e-07 7.089871120891545e-05 1.6332105835189233e-06 0.0 6.751064730467714e-07 4.348419203595639e-07 6.838959054909245e-07 7.063007991523366e-08 2.1434623587124214e-07 0.0 2.1673328882331655e-07 6.030556585196308e-07 4.877540297041472e-06 1.751832604548892e-06 1.210844990603364e-06 1.9585443380770358e-05 9.105722214915766e-07 3.8255242197566564e-07 1.6803895143491352e-05 2.4425300962323233e-05 0.0 1.5341197166413757e-06 5.700691347948199e-07 0.0 4.5439425209383336e-07 5.6174171642799205e-06 2.438475648187567e-06 1.5368858642215487e-06 8.110469562625635e-06 4.842840855705604e-06 3.0060875071845545e-06 2.101681389278074e-05 1.4884760544083051e-05 1.1718329217022206e-05 1.3649336470074607e-05 0.0 9.629709031066232e-08 0.0 0.0 0.0 0.0 0.0 0.0 0.0 0.0 0.0 0.0 1.751674946270503e-06 0.0 1.0626991860239126e-06 9.426923407712932e-08 7.181900089710945e-07 1.1311169247221028e-07 6.350520540431548e-07 5.686572053891414e-07 3.161770269926419e-07 0.0 1.703115586527286e-07 7.788851773508781e-07 4.359101344292486e-06 5.5966534204944616e-06 1.2304041987528293e-05 9.29338344450823e-06 3.5637699181174276e-06 0.0 0.0 0.0 0.0 0.0 4.736779918860015e-07 0.0 0.0 1.943282492925241e-07 0.0 0.0 0.0 1.6219814193851316e-06 1.040460099434907e-07 0.0 0.0 9.495787016063263e-08 2.7843427962362086e-07 2.1510862881776192e-07 0.0 2.932173456649967e-07 0.0 1.1391923510823063e-05 1.138948519141424e-07 0.0 0.0 0.0 0.0 0.0 0.0 0.0 0.0 4.986773203344057e-06 0.0 0.0 1.1638348962873701e-07 2.9172213147359806e-07 6.493176650340127e-06 0.0 3.2226570708893473e-06 0.0 0.0 0.0 0.0 1.2766652597684093e-07 0.0 0.0 0.0 0.0 1.1941435035158057e-07 1.1666349253463288e-07 2.0963202923898228e-07 0.0 4.614452934918317e-06 6.658474466218593e-06 6.428037670746159e-06
5.98298671580736e-05 0.00020207810821807476 2.8417560640157518e-05 0.0003347255253282167 7.790040947109901e-06 6.305898105751643e-05 0.0002692651704529769 1.5738996432864582e-05 6.859803152831965e-06 0.0007913126824790599 7.656866953604284e-05 0.0 0.0007618017431727505 0.00017268290736699468 1.3748458274521626e-05 5.94760040340749e-06 3.358381872302483e-06 1.24390538390844e-07 0.0 1.6162844509552893e-07 1.4379575422466306e-07 3.340766586482089e-07 6.697076616302454e-07 9.217251556133132e-07 2.9451020189554336e-06 2.3717382584460708e-07 1.0118979067315854e-06 2.626277011841508e-07 2.953511494816059e-07 1.643172155998835e-07 1.2425271324274575e-05 3.414362230681206e-06 0.00018721939029141095 0.0 1.5025347390745373e-06 1.9079486192415004e-06 0.00010144454763388598 7.818466473464743e-06 1.9636523111448814e-05 1.4181891978514285e-06 1.3639416549933197e-06 4.364905294651919e-07 0.0 2.55601570961093e-07 0.0 0.0 2.1749823806442162e-05 0.0 1.6672733580532299e-07 8.9500061210205e-08 3.3714279323937737e-07 1.273385055231237e-07 1.3080441504226015e-06 1.2401278244583106e-06 0.0 0.0 2.359217082798053e-06 4.612894294068197e-06 1.347592435828739e-06 2.1847683701510714e-06 0.0 8.370279392273448e-06 0.0 3.6703194444523017e-06 0.0 2.540928240694591e-07 0.0 4.689812895793766e-07 0.0 1.4928789287069959e-06 8.764004064792012e-05 1.93543096744423e-06 1.022404785368011e-07 6.336813864438623e-06 7.622217886932814e-07 6.5240115410318e-06 3.0022275845779716e-06 1.2646752873600019e-06 1.701978335795123e-07 1.432158290207328e-05 0.0 3.4962173307137467e-07 0.0 0.0 7.441136566498668e-08 7.283260810123929e-08 0.0 0.0 9.587535541053409e-08 0.0 0.0 0.0 5.238986049579467e-07 1.143591594559513e-06 3.397024560813212e-07 0.0002768608050708932 1.8282470883265994e-06 2.622039771561095e-07 3.129040610245534e-05 2.2051425777129722e-05 2.774242932953354e-07 4.756905782475885e-06 3.747420343120677e-06 1.7845041452273708e-05 1.7059690037794318e-06 2.051033465780461e-05 5.947100959910225e-06 2.294449590744001e-05 2.8393959027469774e-05 2.0958838943017624e-05 6.576853983823399e-06 8.504743470491386e-05 4.384272529414324e-05 3.2264833215386174e-05 2.261822524976531e-05 9.098164324497284e-08 0.0 8.297290107196922e-07 0.0 0.0 0.0 0.0 0.0 0.0 0.0 0.0 0.0 9.431220719656321e-07 0.0 0.0 9.194410930741506e-08 7.374251079553617e-07 0.0 0.0 1.056749439218878e-06 0.0 0.0 0.0 3.2440962959923776e-07 1.3124318025884158e-05 4.709487578785968e-06 2.0116476980922047e-05 1.0234613338655274e-05 4.650784442446003e-06 0.0 3.077939800115546e-07 1.2165085947276768e-07 0.0 0.0 1.0553216829854379e-06 0.0 0.0 9.54114443682226e-07 0.0 0.0 0.0 2.574237129119419e-06 9.921646704440482e-08 0.0 0.0 0.0 2.388954425750708e-07 4.625315821038197e-07 2.780074247082444e-06 0.0 0.0 1.3805245569051272e-05 2.5505796882415765e-07 0.0 0.0 8.203508295654036e-08 0.0 0.0 0.0 0.0 0.0 9.601868931577907e-06 8.516144038440489e-07 2.4238778097374556e-07 0.0 0.0 1.7187777191390075e-05 0.0 8.51600414970479e-06 2.507421579911793e-07 2.780529638026861e-07 1.8297455912094818e-07 0.0 7.208604927595015e-07 0.0 9.318452151749111e-07 1.4456998911269193e-07 0.0 0.0 0.0 0.0 0.0 1.2346030581471154e-05 8.179518312371686e-06 7.35116553284206e-06
0.0002279343326425403 0.0006987167024178365 0.00020370277708187898 0.000940308641316489 0.0003783534269361158 0.00010780720329338974 0.0013874557790591567 0.0003849115611443234 0.00033738277927437425 0.004509304701903366 0.0010890737508398392 0.0007618017431727505 0.0 0.002560444588846326 5.909705257014281e-05 1.764365009487022e-05 7.68929855373912e-06 2.1305750641807247e-07 0.0 3.898985365756719e-07 5.030998989342032e-07 8.157700536335521e-07 3.321647573002828e-06 1.9710124411401628e-06 6.174363876362866e-06 0.0 2.806162541509008e-06 1.3433811404067387e-07 1.5400940358065625e-06 0.0 4.9933321855506464e-05 3.108275511200924e-05 0.000966716895779706 2.7666223187013454e-07 2.6962683231100185e-06 1.2665435492306434e-06 0.0002392994385120354 1.6489575637078617e-05 3.508578123641176e-05 3.103545624936368e-06 5.8326057295180816e-06 8.454789520570509e-07 0.0 5.655734935376476e-07 2.277485421413372e-07 0.0 0.00013061136376004437 1.4666050817982758e-06 5.201864679248782e-07 3.457824642429557e-07 7.560787052855235e-07 1.304094299343069e-06 1.1488179485859763e-06 1.1922459417910048e-06 0.0 5.958680376317376e-07 1.6234733554937294e-05 5.252366312997072e-05 2.948145019988973e-06 1.8717771264457387e-05 0.0 1.5151525167196535e-05 0.0 3.067837531977044e-05 9.5489007759022e-07 2.457315315173143e-07 2.2631956590944354e-07 8.600438107663635e-08 4.6437413781139784e-07 6.0350042553186425e-06 0.00028619551104323225 1.7801000283867766e-06 2.364129844178595e-07 4.5458317150650466e-05 2.2410204758918087e-05 4.543016660796875e-05 2.907365528056741e-05 4.237882861554181e-06 5.39244290525192e-06 0.00010745709223485178 0.0 5.449775393220829e-06 1.6484017589342223e-06 0.0 5.513367878905799e-07 1.1399154673720975e-06 1.9661058792082828e-07 1.0766019568769347e-07 3.557766650510679e-07 3.500349545040348e-07 2.085839511111616e-07 0.0 3.453431434629481e-06 1.2063715480137017e-06 6.866671120864228e-07 0.0008687993602332542 4.917530301452837e-06 1.0312387146035787e-06 4.056288838759145e-05 4.928711843212219e-05 6.974034764101789e-07 2.02497106582107e-05 1.9300697207083423e-05 3.762590404606222e-05 4.901531944560842e-06 5.7767837587646496e-05 1.9555408371455943e-05 4.917996921687366e-05 9.679030732701678e-05 7.205997869802286e-05 2.0269625581441818e-05 0.00026231922734010974 0.00012308037366430538 0.00010884243772836259 9.208746360122112e-05 1.116639474923716e-06 4.955751341258981e-07 0.0 3.4775350435286517e-07 0.0 0.0 0.0 0.0 0.0 0.0 3.8459985785828954e-07 0.0 1.6594528894893685e-06 0.0 1.0544773644906054e-06 0.0 1.3007001376677564e-06 6.073126442097933e-07 0.0 2.5185435167902178e-06 4.50073370310762e-06 0.0 1.0388308047613152e-07 9.783122510489323e-08 3.860894294242329e-05 1.3204689223232701e-05 7.052321742614336e-05 2.8211813656210663e-05 9.929880745849608e-06 0.0 6.6534419129247e-07 1.5160979127493885e-07 0.0 0.0 2.7419116942673704e-06 0.0 0.0 6.220760178848299e-07 0.0 0.0 0.0 5.803030825381233e-06 7.387953916529671e-07 0.0 4.305516300377102e-07 0.0 6.147099125492973e-07 6.021829816911842e-07 5.347545636083479e-06 2.972895678937411e-07 2.6485145336498874e-07 5.068410424913683e-05 0.0 4.2366705941779896e-07 2.7874849552962135e-07 0.0 0.0 0.0 0.0 0.0 0.0 2.7824305474539398e-05 2.1080869520378563e-06 1.3051132367469637e-07 0.0 0.0 4.638134931580247e-05 1.2177820344176221e-07 2.2588026263376163e-05 7.205492207628123e-07 9.942665354968005e-07 1.7265507025782857e-06 0.0 6.644064898725453e-07 0.0 7.250154428181503e-08 1.4063013671613573e-07 0.0 1.3091882967981967e-07 1.8119899724148202e-07 0.0 0.0 3.8818882344968255e-05 2.838103944939204e-05 2.558627312560939e-05
