0.0 0.002065050494493836 0.0002658953804883191 0.0006067625504857877 0.00010273889064682444 6.058781293343816e-05 0.0003840487270225036 0.000170535580865067 1.7907842289553693e-05 0.000440521519214887 0.00014757049447088183 4.503492242772937e-05 9.040110120543705e-05 0.00016990154882978134 1.273653688357769e-06 1.1500225775826272e-06 1.4071731654820225e-07 0.0 0.0 0.0 0.0 0.0 1.7624348077781195e-07 5.482440576405878e-07 2.936571863042758e-06 1.074385968303712e-06 6.82596752143125e-07 3.395583419156746e-07 3.738639320086694e-07 0.0 0.0004103281316954283 7.010631912463575e-07 6.771873928905077e-06 0.0 7.898381286117013e-07 1.7538131974811604e-06 3.193016537265287e-06 8.657372184170574e-07 5.005040666330148e-07 1.0153831186284409e-06 7.978335256096626e-07 2.3166878493335507e-07 0.0 2.0964500922496843e-07 0.0 1.2552447239798396e-07 5.179269024351957e-06 8.290704204066774e-07 4.0111361580575995e-07 0.0 0.0 1.2938394035219473e-06 2.8718552069783426e-07 0.0 1.6748184933118389e-06 5.025611993797368e-06 0.00026268117683086973 0.00022756318812742603 4.5217794773994424e-05 3.4077976705111285e-06 5.872138504492783e-07 8.6990557125437e-07 1.0958709519208575e-06 3.7977663399048093e-07 4.5439036022060615e-07 3.4012750506578965e-07 4.819377736168739e-07 1.9584207136334773e-07 6.450834364366253e-07 8.623047488138704e-07 4.278597648912756e-06 1.6335456180205778e-06 9.178595626222287e-07 5.2542371066767156e-05 4.744094443695221e-06 3.834975206628798e-06 1.7049364677199693e-06 1.1891779702811104e-06 6.7328741111595905e-06 0.00011103203369629893 7.327237533154877e-07 5.322439944953347e-06 2.4193511151853963e-06 3.525435409784764e-07 3.4996736817393974e-07 1.814332532597558e-06 2.4462790023612726e-07 2.2100049939148366e-07 2.0312533371690545e-07 3.742896898581546e-07 1.7131980649030022e-07 3.3131747975277834e-07 2.4426979771608897e-07 0.0 5.346448287760419e-07 1.740762388439663e-05 4.315593133681245e-06 9.331489148385722e-08 3.334478067052366e-06 0.0009133074491565532 8.710743655276566e-08 0.0 0.0 0.0 0.0 4.473731826780934e-06 0.0 0.0 1.0959516814350468e-06 3.185472548070499e-07 0.0 4.2612261600905544e-07 5.259399691961436e-07 3.855561481954959e-07 0.0 0.0 0.0 0.0 0.0 0.0 0.0 0.0 0.0 0.0 0.0 0.0 0.0 0.0 0.0 0.0 0.0 0.0 0.0 0.0 0.0 0.0 0.0 0.0 0.0 1.5500378695708068e-07 0.0 0.0 0.0 0.0 0.0 0.0 0.0 0.0 0.0 0.0 0.0 0.0 0.0 0.0 0.0 0.0 0.0 0.0 0.0 0.0 0.0 0.0 0.0 0.0 0.0 0.0 0.0 0.0 0.0 0.0 0.0 0.0 0.0 0.0 0.0 0.0 2.530705377274054e-07 0.0 0.0 0.0 0.0 1.065171690859853e-07 0.0 0.0 0.0 0.0 0.0 0.0 0.0 0.0 0.0 0.0 0.0 0.0 0.0 0.0 0.0 1.5608569997305706e-07 0.0 0.0
0.002065050494493836 0.0 0.001833719739311913 0.0016597274138022509 0.001426102557701173 0.0001054141317871349 0.001532710969662646 0.0005746362722912347 0.0015148463740026286 0.0006196681116711392 0.001383525324065604 2.5203872495967197e-05 0.0006683853122053075 0.0018368323336244803 1.5998656422046325e-05 3.911565677598577e-06 7.393098288835833e-07 5.505111665015325e-07 1.6615009939764023e-07 2.304302401382908e-07 3.403234055487154e-07 0.0 1.8744209918726308e-07 3.8034287587023173e-07 6.581776907217391e-06 1.4267732005503764e-06 1.1626085271323927e-06 7.091823615005099e-07 2.747838465440314e-07 3.6449957603045725e-07 0.0010763883089004792 8.240468885142878e-06 1.2542952663463363e-05 0.0 1.4592785358603378e-06 3.073301280961835e-06 3.5756409206750356e-06 7.427532774791817e-07 9.232616745399648e-07 1.1799219643591574e-06 1.4546943750296303e-06 5.074316493211018e-07 1.1872707776199092e-07 7.644872290167229e-07 1.6951574436437493e-07 2.5499419656974375e-07 9.445770473537774e-05 8.143816776852546e-06 2.588656832670977e-06 1.6801659225557265e-06 7.110677853902927e-07 3.769639813502336e-07 0.0 0.0 1.9244810987226285e-05 5.35688939584363e-05 0.00037242396294531277 0.00042818324008920915 0.00019918183131796674 3.600982727412197e-05 1.677939249983774e-06 2.7730451613463956e-06 9.872547970061072e-07 4.013806716046164e-06 6.85283443574133e-06 4.956430127524106e-06 4.93955983732018e-06 9.567815536640425e-07 9.760448580971241e-07 7.907376952854469e-07 5.94200570633145e-06 3.5832385357175846e-07 0.0 0.00039489512090708353 0.00010293388691119576 7.15158939989336e-05 1.6972042434926107e-05 7.986174967382521e-06 6.141811489312897e-06 0.0001788966293841088 1.3927380148719987e-06 8.731437939151867e-06 2.8868478781146662e-05 1.8558293719500783e-06 4.194846765853395e-06 2.0708108771146372e-05 3.834746807589941e-06 2.5231753298766913e-07 2.9759208856633153e-06 4.524720916528103e-07 2.0056934767512917e-06 2.8794554017841357e-07 1.252161994587212e-06 1.3346813845120402e-06 4.002841088561846e-07 8.981480614758934e-06 7.369581139411416e-07 1.8556682821185858e-07 1.4961542577738137e-06 0.0009008416882519537 0.0 0.0 2.3991283141939723e-07 0.0 1.0546924618136242e-06 9.883401500140731e-06 9.788621903079078e-07 9.747663569690212e-08 4.7968565064214975e-05 1.0599731587202813e-06 2.749247505357554e-07 6.209670389308043e-07 3.1929717721428016e-06 2.636256422717584e-06 3.5085338532195145e-07 0.0 0.0 0.0 0.0 0.0 0.0 0.0 0.0 0.0 1.4254933610835596e-07 9.62991283770947e-08 0.0 0.0 0.0 0.0 0.0 0.0 0.0 0.0 0.0 0.0 0.0 0.0 0.0 1.568719195106852e-06 1.7557421912185086e-07 1.4370775964110139e-06 0.0 0.0 0.0 0.0 0.0 0.0 0.0 0.0 0.0 0.0 0.0 0.0 0.0 9.482139014920423e-08 0.0 0.0 0.0 0.0 0.0 0.0 7.805093539834238e-08 0.0 0.0 0.0 2.1632513769989419e-07 0.0 0.0 0.0 5.776162820278008e-08 0.0 0.0 0.0 0.0 0.0 2.8657359624133522e-06 0.0 0.0 0.0 0.0 3.6961718021251314e-07 0.0 2.1340813155968414e-07 0.0 0.0 0.0 0.0 0.0 0.0 0.0 0.0 0.0 0.0 0.0 0.0 6.14427288342039e-08 2.5973950907242188e-06 9.833402070337532e-07 4.568041325447038e-07
0.0002658953804883191 0.001833719739311913 0.0 3.755491360427025e-05 0.0014768068364774142 1.988678369068645e-06 2.191666994716441e-05 0.0029290112218223504 0.0012529092235600918 3.237751856331955e-06 0.002478915148927672 2.555840338225093e-06 6.117617184341588e-05 0.0012327022331345876 9.459469440018207e-06 4.371081422825621e-06 6.852555327510109e-07 1.1949638715922618e-07 5.315137438212082e-08 1.1128506074724806e-07 5.536934406046762e-07 0.0 7.290584912304935e-08 2.3174474719274766e-07 5.625049856243715e-06 1.7928117645721906e-06 1.9725721318212825e-06 5.236535374931528e-07 1.373284167925806e-07 1.6424532036108408e-07 0.002554201665076109 0.000269609751149489 1.2097089777563584e-05 2.7283622682376063e-07 2.231924776090225e-06 4.522059043896293e-06 2.6034795200228135e-06 1.482608428623936e-06 1.116558659476617e-06 1.4376264721922173e-06 2.5622090398963532e-06 6.435443099964359e-07 5.315961116465812e-07 4.201589187072992e-07 1.4600657420766446e-07 3.27310470569817e-07 3.087523460809391e-05 2.489843861153705e-06 1.4277950267730788e-06 1.1615154274507564e-06 1.9708704941415884e-07 2.2857959459521435e-07 8.992115986398379e-08 2.971008199598138e-07 5.596573944982685e-06 1.5447731953475267e-05 0.00015068191767938762 0.0004004315064627314 5.481067486112467e-05 1.1201543030277203e-05 1.951818042665334e-06 5.1416926775070134e-06 1.8948811910770213e-06 7.625009963785839e-05 1.8712369686992378e-06 1.767452844174853e-06 1.7263010885371616e-06 1.0506174419492126e-07 1.042572295670799e-06 1.4541786346689883e-06 1.2546710935473977e-06 1.001744957952216e-07 0.0 0.00014455603444211805 7.194058488326176e-05 4.019117689866489e-05 1.1387173914148863e-05 5.384405954994599e-06 4.1064982767357144e-05 0.00032773084286586487 3.4482260263844187e-06 2.612629379532424e-05 1.0082506722800168e-05 6.670172665535438e-07 1.3073533894403665e-06 5.6070200386083525e-06 9.467543000611998e-07 1.3330513064188674e-07 1.3371319473058753e-06 5.3240655419193104e-08 6.83031384562769e-07 5.669579371120978e-08 1.065537034253827e-06 5.832217475906084e-07 1.6293817878451242e-07 1.8036143085618293e-06 7.174461415601338e-08 0.0 9.17862483892593e-07 6.521170577315639e-05 0.0 0.0 0.0 0.0 0.0 0.0 0.0 0.0 0.0 0.0 0.0 1.2403832109604286e-07 1.5628253729308223e-07 1.5596087450573915e-07 0.0 0.0 2.0321047051892707e-07 0.0 0.0 0.0 0.0 0.0 0.0 0.0 0.0 1.3742400648145058e-07 0.0 0.0 0.0 0.0 0.0 0.0 0.0 0.0 0.0 0.0 0.0 0.0 0.0 0.0 0.0 1.0619868139186597e-07 0.0 0.0 0.0 0.0 0.0 0.0 0.0 2.0202724987730145e-07 0.0 0.0 0.0 0.0 0.0 0.0 0.0 7.662193577442794e-08 0.0 0.0 0.0 0.0 0.0 0.0 0.0 0.0 1.5068763537618896e-07 0.0 0.0 0.0 0.0 0.0 0.0 0.0 0.0 0.0 0.0 0.0 0.0 0.0 9.821953367187101e-08 1.5739010949266873e-07 0.0 0.0 0.0 0.0 0.0 0.0 0.0 0.0 0.0 0.0 0.0 0.0 0.0 0.0 0.0 3.2923867976378123e-07 1.890806964985916e-07 0.0
0.0006067625504857877 0.0016597274138022509 3.755491360427025e-05 0.0 2.970398400331216e-05 0.0002057434390777302 0.0011543957383223172 1.7787088219355797e-07 1.1707292540129175e-05 0.0024686992806101813 1.8385220449317847e-06 0.0004178820855187971 0.0007146590478942322 6.405558417838322e-05 4.860338838534254e-07 1.4873871885185445e-07 0.0 0.0 0.0 0.0 6.922897579597571e-08 0.0 0.0 0.0 0.0 0.0 0.0 3.6304773696415315e-07 0.0 0.0 2.9792666590691315e-05 0.0 0.0 0.0 0.0 0.0 0.0 0.0 0.0 0.0 0.0 2.339807235262402e-07 0.0 0.0 6.186172115074442e-08 1.1096105817463693e-07 8.342634450516945e-06 9.264305283362847e-07 4.2641125874986416e-07 2.759713914041899e-07 6.353080950993482e-08 1.2601447512067724e-07 0.0 0.0 3.271887486638261e-06 7.112475058196685e-06 0.00010205592673760767 4.9657057050345075e-05 3.098213895395474e-05 4.2961200561922275e-06 0.0 8.73131069082998e-08 0.0 0.0 8.687482128546422e-07 7.069057827394269e-07 5.332671013697369e-07 1.500708458277184e-07 0.0 9.113030735696226e-08 8.867346406259212e-07 2.7501199176002985e-07 0.0 5.076803732946547e-05 9.459966346722682e-06 5.158649932037549e-06 3.539889144843061e-07 2.236668116158537e-07 0.0 4.345891820735383e-07 6.021810276175985e-08 0.0 3.9697624597116025e-06 0.0 6.762781735641656e-07 2.6977988762457865e-06 2.0531726024688022e-07 1.2736523269442503e-07 5.207436614678129e-07 0.0 2.541375997986232e-07 6.455795216780231e-08 0.0 0.0 5.6318432958580616e-08 8.85160430328602e-06 2.516796170703622e-06 2.2956978064474552e-07 1.140849142544334e-06 0.0004032996311889947 0.0 0.0 0.0 0.0 0.0 6.798032275935663e-06 2.9205004041421013e-07 6.786974792265992e-07 1.1799652748459099e-05 1.251300972068415e-06 0.0 1.8059683448296953e-06 2.991712281035812e-06 6.106892529357593e-07 0.0 0.0 0.0 0.0 0.0 0.0 0.0 0.0 0.0 0.0 0.0 0.0 0.0 0.0 0.0 0.0 8.506987585598805e-08 0.0 0.0 0.0 0.0 0.0 0.0 0.0 0.0 8.278873935934172e-07 0.0 7.088122231619722e-07 0.0 0.0 0.0 0.0 0.0 0.0 0.0 0.0 0.0 0.0 0.0 0.0 0.0 1.0444330710534479e-07 0.0 0.0 0.0 0.0 0.0 0.0 0.0 0.0 0.0 0.0 0.0 0.0 0.0 0.0 0.0 0.0 0.0 0.0 0.0 0.0 2.1633815189014246e-07 0.0 0.0 0.0 0.0 0.0 0.0 0.0 0.0 0.0 0.0 0.0 0.0 0.0 0.0 0.0 0.0 0.0 0.0 0.0 0.0 1.5836173509172452e-06 0.0 0.0
0.00010273889064682444 0.001426102557701173 0.0014768068364774142 2.970398400331216e-05 0.0 3.7444145008432532e-06 0.0009290620610602086 0.00014675175962039795 0.004555582747027887 0.0001906531112714628 0.0009739315403175083 3.2569638405518336e-05 0.000853613637359941 0.0014471561720499708 2.0317470258611635e-05 8.265638430612255e-06 4.837289138517725e-07 3.0663718476743546e-07 1.8617686145730662e-07 2.5819626424096374e-07 6.305416248460983e-08 1.271459158989745e-07 6.535139781149099e-08 1.510640039121857e-07 3.294493850418547e-07 7.452904630925063e-07 1.5536435848129727e-07 2.0568576027423397e-07 2.2699233411095046e-07 0.0 4.4210419157406855e-05 3.799544775151852e-06 3.214031357877426e-06 5.143279056533711e-08 1.5435523724645095e-07 1.0509926844347057e-07 2.7340415316430598e-06 6.853260585862508e-08 2.5762918243829625e-07 2.9288078878831627e-07 8.946432994303659e-07 0.0 0.0 9.303434892273775e-07 2.058086243830924e-07 1.6131879817112509e-07 7.71028896337274e-05 3.5631808718785195e-06 2.4290557691637964e-06 5.48441347226799e-07 5.7096174812703e-07 5.912992262863554e-08 0.0 2.575022710085698e-07 8.661932517957222e-06 1.76877274658031e-05 5.774018749279207e-05 5.8628817163349264e-05 5.5329339159578235e-05 2.324679184242768e-05 6.911421555877544e-08 4.904538997484052e-07 1.4789155967614447e-07 7.54635336089523e-06 2.6574540280932567e-06 2.0923575078433985e-06 3.680152810717005e-06 2.862367816137712e-07 4.12831966517188e-07 7.376203470113758e-07 1.8239865050733664e-05 0.0 0.0 0.00012620463108926278 6.2950167820946e-05 6.026993860456616e-05 2.7243418299793956e-05 1.4782477182093193e-05 2.940892163473661e-07 4.270817641378366e-06 6.31956941110408e-08 2.66865128970415e-06 1.7572746065822935e-05 5.451000231049609e-07 2.328808767715032e-06 7.3087699264664905e-06 1.61209571733757e-06 0.0 1.6205409299771312e-06 0.0 5.79088985333152e-07 2.992532424229354e-07 1.068826832335196e-07 7.867517395549367e-07 3.929450285483526e-07 2.8431171096253887e-05 2.4579007573223154e-06 0.0 1.7475188566777972e-06 1.4053664488304832e-05 0.0 0.0 7.615667478108188e-07 4.181463757145415e-07 2.790271924989099e-07 2.3214437236361584e-06 1.4442373670210062e-06 1.2267297563031816e-07 3.6733152197699965e-06 5.163486872746506e-06 2.9421740612131205e-06 3.0063059278692006e-06 8.936108703345801e-06 4.002362263274891e-06 2.1956912398560476e-06 0.0 0.0 0.0 0.0 0.0 0.0 0.0 0.0 0.0 0.0 0.0 0.0 0.0 0.0 0.0 0.0 0.0 0.0 0.0 0.0 0.0 0.0 0.0 0.0 4.916957100899303e-06 0.0 2.5653166900788177e-06 3.584250319784974e-07 0.0 0.0 0.0 0.0 0.0 0.0 2.4907227389569243e-07 0.0 0.0 0.0 0.0 0.0 0.0 0.0 0.0 0.0 0.0 0.0 0.0 0.0 0.0 0.0 0.0 3.3904014639573776e-07 8.08899117765955e-08 0.0 0.0 0.0 0.0 0.0 0.0 0.0 0.0 1.4782854801283642e-05 0.0 0.0 0.0 0.0 1.0587902795857757e-06 0.0 0.0 9.404167401473138e-08 0.0 2.079987141585569e-07 2.542213151926319e-07 0.0 0.0 6.991798948536329e-08 0.0 0.0 0.0 0.0 0.0 0.0 7.7427366102847e-06 2.0158908516644618e-06 1.8918251961539365e-06
6.058781293343816e-05 0.0001054141317871349 1.988678369068645e-06 0.0002057434390777302 3.7444145008432532e-06 0.0 5.24412428477299e-05 5.824131371848077e-07 2.145647437202053e-06 0.0007563104519524674 1.4265692100406757e-06 0.00014498845908284065 7.628235099340025e-05 1.5857294118537448e-05 0.0 1.4988387067952318e-07 0.0 0.0 0.0 0.0 0.0 6.003706836066499e-06 0.0 0.0 1.752481167419479e-07 0.0 0.0 0.0 0.0 0.0 2.8283051483660967e-06 0.0 3.4622185099275563e-06 0.0 0.0 0.0 7.778883043743434e-06 2.291611350709485e-07 3.04907489047361e-06 5.490964778719301e-07 1.1301063161510834e-07 0.0 0.0 0.0 0.0 0.0 2.613401326379917e-07 0.0 0.0 0.0 0.0 3.945447000013019e-05 3.871708317014951e-06 2.493060770539761e-07 0.0 6.69010325180618e-07 4.334081369245662e-05 1.8205707970088255e-06 1.5516384534477113e-06 0.0 1.0922417142220618e-06 1.9182542521865717e-06 1.3215965576694223e-07 0.0 0.0 0.0 2.2143354887947677e-07 0.0 0.0 0.0 4.790517289275087e-05 4.776769143461893e-05 9.943604807337265e-06 9.231013969416231e-07 0.0 0.0 1.1700028392944417e-07 0.0 0.0 5.847120431276002e-07 0.0 1.0642377750307818e-06 1.2882733081921212e-07 1.6435309631618439e-06 0.0 1.2262188478067913e-06 6.233571918840894e-08 4.29598814214469e-06 1.7152507719020475e-06 1.1907396883402793e-05 2.553985806884786e-06 3.9442370130586195e-06 0.0 0.0 1.3856231386034013e-06 0.00021255188723775625 5.4925393609824835e-05 2.0225763468776284e-05 4.958899388294257e-05 0.00014383352651433016 0.0 0.0 0.0 0.0 0.0 5.603160851243775e-07 0.0 1.1125210992512996e-07 2.1285151187378718e-07 3.0638147900386152e-06 0.0 0.0 1.9647521725688143e-06 0.0 0.0 0.0 0.0 0.0 0.0 0.0 0.0 0.0 0.0 0.0 0.0 0.0 0.0 0.0 0.0 0.0 0.0 0.0 0.0 0.0 0.0 0.0 0.0 0.0 0.0 8.354160380426106e-08 0.0 2.1233552230524703e-07 0.0 0.0 0.0 9.903115764725761e-08 0.0 0.0 0.0 0.0 1.242790005463372e-07 0.0 0.0 0.0 0.0 0.0 0.0 0.0 0.0 0.0 0.0 0.0 0.0 0.0 0.0 0.0 0.0 0.0 0.0 0.0 0.0 0.0 0.0 0.0 0.0 0.0 7.587730165110035e-07 0.0 9.731262921000687e-08 0.0 1.8136979800638866e-07 0.0 0.0 0.0 0.0 0.0 0.0 0.0 0.0 0.0 0.0 0.0 0.0 2.1899856619425107e-07 4.781950955597468e-07 1.1005288459847555e-07 0.0 1.010047762122741e-06 0.0 0.0
0.0003840487270225036 0.001532710969662646 2.191666994716441e-05 0.0011543957383223172 0.0009290620610602086 5.24412428477299e-05 0.0 2.832751428004588e-06 0.0026076168948831057 0.0026769135088777927 5.663905312007136e-05 0.0001876355801245485 0.004377987990914614 0.0023560915622241824 1.2854175605838035e-05 5.496468092118582e-06 8.251201798599726e-07 3.2890614874309253e-07 0.0 9.281733406987437e-08 0.0 1.0657467150105404e-07 2.5582294666570184e-07 2.1270750201325577e-07 6.530067708173068e-07 2.054536461917059e-07 4.240532536154689e-07 7.773879789067041e-08 6.517402639730534e-08 7.120196395730854e-08 2.7744205222006585e-05 1.1739197090575696e-06 2.1667559276792527e-06 0.0 1.9512551097126782e-07 8.792581037022931e-07 2.38713415033354e-06 0.0 5.876517548763285e-07 1.3623456025732667e-07 4.081669469533809e-07 5.305645340111148e-07 6.804972402087966e-08 6.938442522203457e-07 0.0 1.4272189411813421e-07 6.830963450318423e-05 4.362560963245635e-06 1.8241869143732684e-06 7.056418095088068e-07 4.834389558470557e-07 1.7733720809415556e-07 0.0 3.296778579200899e-07 9.171482282120768e-06 2.1078454062998552e-05 9.208440959805656e-05 6.306231908681331e-05 7.040183005358349e-05 2.1985522032933784e-05 5.913597515009323e-07 2.9846215225538246e-06 8.684390658417505e-07 2.910126959233771e-06 2.9844269742544953e-06 1.885582058343767e-06 2.616093159339065e-06 2.6581217298923725e-07 4.3695963837293e-07 2.4780070443913284e-07 1.4777434192601895e-05 6.784687802152706e-08 0.0 0.00014523265517039837 5.0421052259901116e-05 4.388117475047637e-05 1.4815114385301083e-05 7.442572642212125e-06 2.1447512440648578e-07 9.455280818271826e-07 5.749660390979147e-07 2.723836495894495e-06 1.3967879976495531e-05 7.146419942931589e-07 4.194315514608561e-06 8.759861798266867e-06 1.457224661276139e-06 0.0 1.6167090447223087e-06 0.0 8.121631828243368e-07 1.2960337805962555e-07 1.2771511596877815e-07 4.6513035764271463e-07 1.355864351231164e-07 3.729744841447397e-05 1.9675803730129434e-06 0.0 2.154936901591843e-06 8.454901760503663e-05 1.3135375895825714e-06 1.8609937349178063e-06 4.52898133322402e-06 5.003115424556158e-06 1.925996033998328e-06 4.315957314105026e-05 7.406390862766468e-06 1.9516318382156398e-05 8.370816333377587e-05 3.8250349136605966e-05 1.5165909852861462e-06 1.7708434233148124e-05 1.875486874821293e-05 1.2136911649096493e-05 4.355321192285304e-06 0.0 0.0 0.0 0.0 0.0 0.0 0.0 0.0 0.0 0.0 0.0 0.0 0.0 0.0 0.0 0.0 0.0 1.6014956086157476e-07 0.0 0.0 0.0 0.0 0.0 0.0 7.091406021021762e-06 0.0 2.326969041169873e-06 5.360281725899823e-07 0.0 0.0 0.0 0.0 0.0 0.0 0.0 0.0 4.97973605017985e-07 3.3015450956037595e-07 0.0 6.770136829864434e-08 0.0 0.0 0.0 6.893801634470428e-08 0.0 2.3152692102972626e-07 5.841018991230862e-07 9.099749846847047e-07 2.9623726844234416e-07 0.0 0.0 9.031634636528426e-07 2.3007530348155405e-07 2.8354238735122347e-07 0.0 0.0 0.0 0.0 0.0 0.0 0.0 1.9476635342497682e-05 0.0 0.0 0.0 0.0 2.3216176384444947e-06 9.399357689034562e-08 2.120952051293975e-06 2.1310417822399316e-06 9.244522329697091e-07 1.5159106015739805e-07 0.0 0.0 6.489878550347566e-08 2.9103322603924185e-07 0.0 0.0 6.189618568009704e-08 0.0 0.0 0.0 1.3821911863373516e-05 1.7603713571496776e-06 1.0628620505175858e-06
0.000170535580865067 0.0005746362722912347 0.0029290112218223504 1.7787088219355797e-07 0.00014675175962039795 5.824131371848077e-07 2.832751428004588e-06 0.0 0.0010232093900123874 5.898509407400837e-07 0.0023444729772106815 4.803335300758321e-06 1.644268022288053e-05 0.0010290824027058831 3.744390117234887e-05 2.603718449941362e-05 1.3714796812234615e-06 5.225066827448452e-07 1.1596181154212289e-07 1.888829684910778e-06 7.604940748699188e-06 8.507009737411991e-08 4.234545565604201e-06 5.988334017664046e-06 4.989214510147797e-05 1.5149427796258477e-05 1.3567020968092613e-05 6.006640225318547e-06 1.381783343305287e-06 9.347975266154463e-07 0.001597582712855601 0.0023847041762563455 3.0416236578430845e-05 7.392065691293967e-07 2.7022211599326412e-05 2.932323473396914e-05 1.0575967329687312e-05 6.080028923974614e-06 3.574398425473286e-06 7.772982862151036e-06 2.3741974614341416e-05 2.7117994728905046e-06 4.024641841661034e-06 3.06244501328726e-05 4.611677859200019e-07 4.862876227205866e-06 8.58949660478309e-05 3.915521728381282e-06 1.611171843663811e-06 3.0796743853059666e-06 1.1532840997974528e-06 7.87171327201457e-08 2.5445569060608955e-07 1.2129042143621863e-06 6.507093227407199e-06 1.494038648393739e-05 0.00011371529907711403 0.0003099821815906757 5.573893056041887e-05 2.0344485497770848e-05 7.286855300125622e-05 5.563500239372922e-05 2.4835460005195253e-05 0.00028899687628517704 1.814714162189187e-06 2.840878249864213e-06 3.1487043362903642e-06 2.6683472053035647e-06 2.0516015709566756e-05 2.435533227469387e-05 5.289747597575502e-06 0.0 0.0 0.00013706827510995577 7.964833173085823e-05 7.988198191702703e-05 8.192253461306242e-05 0.0002229752985235391 0.0008953837382817881 0.001491048945005262 0.0002577843421094087 0.0006486424885335729 1.1627454377982934e-05 2.55918776332548e-07 3.357287419895798e-06 7.104783856358377e-06 2.8979076821867716e-06 1.3460669273051147e-07 1.8072206191339754e-06 1.2537620754333588e-07 1.5304406819334393e-06 2.7192393208735396e-07 1.645245105540084e-05 2.1271342762328377e-06 3.5950089939545775e-07 4.4977712790406526e-06 7.470427638149476e-08 0.0 2.476150214800404e-06 4.242253065177568e-05 0.0 1.4940041197164275e-07 0.0 0.0 0.0 0.0 0.0 5.423174692408836e-07 0.0 7.488444815406438e-07 0.0 0.0 5.257969700120889e-07 3.842726721393475e-07 0.0 0.0 0.0 0.0 0.0 0.0 0.0 2.755782659445082e-07 3.6867877402631037e-07 0.0 5.728769846653957e-07 1.068235526601815e-06 0.0 0.0 9.249920634271937e-08 0.0 1.3951934649096182e-07 0.0 0.0 0.0 0.0 0.0 0.0 0.0 0.0 1.30547384039604e-06 0.0 3.796761155231765e-07 2.2030148046647253e-07 0.0 9.81900163807972e-08 0.0 0.0 0.0 0.0 0.0 0.0 0.0 0.0 0.0 0.0 6.921077438947238e-08 9.380576643419482e-08 8.830969021688146e-07 0.0 0.0 0.0 0.0 0.0 0.0 0.0 0.0 0.0 0.0 0.0 0.0 0.0 0.0 0.0 0.0 1.2673319992950408e-07 0.0 6.114259299431911e-07 0.0 6.837182984448648e-08 0.0 1.81837228954435e-07 0.0 0.0 0.0 0.0 0.0 0.0 0.0 0.0 0.0 0.0 6.286298772183097e-08 0.0 0.0 8.820215147078062e-08 9.106564252229583e-08 0.0 8.219374811804096e-07 7.642484647752774e-07 4.536371524225824e-07
1.7907842289553693e-05 0.0015148463740026286 0.0012529092235600918 1.1707292540129175e-05 0.004555582747027887 2.145647437202053e-06 0.0026076168948831057 0.0010232093900123874 0.0 4.432848757407849e-05 0.0012894594817812039 1.7970503008146304e-05 0.0008648654722654902 0.001964467705906288 1.5474995417546145e-05 7.240972294694658e-06 1.0514834670858212e-06 8.716135775803565e-08 0.0 1.0220757997975068e-07 6.051318798823764e-08 0.0 9.484735392024572e-08 1.6366129703628834e-07 1.0143598571528426e-06 4.863577618220873e-07 7.791250871772669e-07 5.654269006986834e-07 1.73772519855999e-07 8.240140382983213e-08 1.4422047184888033e-05 1.7446444420134037e-06 2.5035525061305197e-06 1.459779106843906e-07 7.309937936196389e-07 6.502822962384335e-07 2.3882200968255013e-06 2.0601584998051077e-07 0.0 7.440326554498905e-08 3.7747506060018366e-07 7.084442907748318e-08 6.395757803589675e-08 1.5338016704044438e-06 8.03146384180093e-08 2.1536598264867145e-07 3.439353532958215e-05 2.711352989250805e-06 7.318723345307e-07 6.408562613053742e-07 2.1882393606694748e-07 0.0 0.0 6.75206464227139e-08 2.1202304559793557e-06 5.42964698149652e-06 1.6706305919608838e-05 1.4205621870227951e-05 1.8996274519542016e-05 9.21110815164161e-06 3.8068834262683034e-07 2.0969324249070606e-06 5.449771451512193e-07 3.4309067466169256e-06 2.0813180917463567e-06 9.210104411451384e-07 1.1131136094895235e-06 1.0092352243850602e-07 4.0148697077217085e-07 1.7313940257522402e-07 1.471240786341902e-05 4.926631923769276e-07 0.0 3.472258790181043e-05 1.9593187901362893e-05 2.9729348678565966e-05 1.9234103963701105e-05 1.0408441044280366e-05 2.6996536106443807e-07 4.0727542369530355e-06 1.8515755038839346e-07 1.3259216576598503e-06 4.549839928173647e-06 3.2903197565696494e-07 1.1476015182349826e-06 2.8211607686513092e-06 1.1560097235016354e-06 0.0 8.237057450532299e-07 5.468537360054929e-08 3.5521029162414916e-07 6.791474102422262e-08 1.1164578456518033e-07 3.379626129778272e-07 6.969648058339933e-08 2.7797605375095696e-05 1.008571491452474e-06 0.0 2.035185284010035e-06 4.0395294984349685e-06 0.0 1.7687848096270795e-07 2.7508790786981166e-07 0.0 2.235470533758027e-07 5.861859357084219e-06 0.0 2.2780146416136895e-06 1.4536152909847964e-06 3.549855060998177e-06 7.665818813970334e-07 3.3235454919193102e-06 9.572174727348357e-06 3.840683659663088e-06 2.671045799180696e-06 0.0 7.612221394369815e-08 0.0 0.0 0.0 0.0 0.0 0.0 0.0 0.0 0.0 0.0 0.0 0.0 0.0 0.0 0.0 0.0 0.0 5.210036314554257e-07 0.0 0.0 0.0 0.0 9.454968080819214e-06 0.0 3.2177233821217284e-06 1.0553119372694436e-06 0.0 0.0 0.0 0.0 0.0 0.0 0.0 0.0 3.7806278050880524e-07 0.0 0.0 0.0 0.0 0.0 0.0 0.0 0.0 0.0 0.0 0.0 0.0 0.0 0.0 6.578211859012271e-07 0.0 0.0 0.0 0.0 0.0 0.0 0.0 0.0 0.0 1.097380129109616e-05 0.0 0.0 0.0 0.0 3.666120098558124e-07 0.0 5.784532605993662e-07 0.0 0.0 2.82553779618382e-07 0.0 0.0 0.0 0.0 0.0 0.0 0.0 0.0 0.0 0.0 6.70390329147224e-06 3.261481132442462e-06 3.5310287887645014e-06
0.000440521519214887 0.0006196681116711392 3.237751856331955e-06 0.0024686992806101813 0.0001906531112714628 0.0007563104519524674 0.0026769135088777927 5.898509407400837e-07 4.432848757407849e-05 0.0 1.9264634834062187e-06 0.0017885812725714964 0.003553564376458668 0.00025105290556324075 5.4912379474956055e-06 4.105891881925582e-06 1.528011860221257e-07 0.0 7.088997874335223e-08 4.391755719304479e-07 0.0 6.632952173724485e-07 0.0 5.517263503636049e-07 1.5900889616056498e-06 4.842224562496149e-07 5.20666711606749e-07 0.0 6.241734492804012e-07 0.0 8.72438364809234e-06 0.0 1.1725941117901392e-05 1.3274994620888588e-07 3.6596894271894686e-07 9.000964435877354e-07 1.588128912872196e-05 6.879016960553014e-07 9.800359410493951e-07 2.089499130168761e-07 1.5252974324126569e-07 0.0 1.3984687027887768e-07 1.196258460474693e-07 0.0 0.0 1.1220401173432103e-05 6.646277827696158e-07 2.1593875469835176e-07 0.0 8.037562974365528e-08 4.539681914263536e-06 1.1663967087057783e-07 0.0 1.8540332244824066e-06 3.7318861598526616e-06 0.00010059522141268977 1.9038222900531582e-05 1.4545250262637872e-05 2.467602670013833e-06 3.4081390668720543e-07 5.41741980825111e-06 1.3342380713506028e-06 5.018196905080532e-07 3.263326803057493e-07 3.075198699135467e-07 4.0768305443915887e-07 1.2251564699210703e-07 5.431716523873589e-07 1.4243410053016434e-07 0.00012549883623379966 6.002975277050906e-06 1.161402319369623e-06 2.917090468932377e-05 6.297137829744806e-06 7.35439266101438e-06 2.2903109885107413e-06 2.154127465108009e-06 2.2736054801071719e-07 5.271482213866724e-07 1.2027577563146226e-07 3.7412546462210414e-06 1.7071314678140237e-06 4.129830741878619e-07 5.391932051985276e-07 1.2011778843830495e-06 8.080171064041617e-08 6.884944139667741e-07 2.6553337396041416e-07 1.9140618923217152e-06 8.964697810372225e-07 6.775705703400831e-07 6.842472468241203e-07 2.5903201061792054e-07 3.509176809597314e-07 0.0006552418431537632 7.472176296744635e-05 2.0093240389439176e-06 1.7492023409465838e-05 0.0005919002741056646 8.683470619776406e-07 2.528882319968319e-06 5.722608596713208e-06 5.1554742111791404e-06 2.961857419403791e-06 5.30589924973187e-05 1.1747191107700294e-05 3.257068302503381e-05 0.0001303572892146378 6.131973175908678e-05 1.3641248223636932e-05 4.291418006180707e-05 0.00010577954121658734 5.2943110150791426e-05 1.3164260180377835e-05 1.2843905568362647e-07 0.0 0.0 0.0 0.0 0.0 0.0 0.0 0.0 0.0 1.2276413957151147e-07 0.0 0.0 0.0 0.0 0.0 5.303760266958408e-07 0.0 0.0 0.0 4.115691701016433e-07 0.0 0.0 0.0 2.9544571497884827e-05 1.3719206776744359e-06 1.0731378820766132e-05 1.5474421385612088e-06 5.601606532351707e-07 0.0 0.0 0.0 0.0 0.0 8.403240860719019e-07 0.0 0.0 8.490471101386152e-07 0.0 0.0 0.0 3.6127462276723677e-07 0.0 0.0 0.0 0.0 8.502880270236751e-08 1.548833641626341e-06 2.95009559575898e-07 0.0 0.0 3.830918632763827e-06 0.0 0.0 0.0 0.0 0.0 0.0 8.43921319015602e-08 0.0 1.2567917973830098e-07 7.291750444723728e-05 2.360154783266806e-07 0.0 0.0 1.5104227667541653e-07 6.2306919708381635e-06 0.0 1.3160054861702265e-06 2.055135206967703e-07 4.3969768093738145e-07 7.416205998913151e-08 0.0 0.0 0.0 0.0 0.0 0.0 0.0 0.0 7.432877545818123e-08 0.0 6.279760906344437e-05 7.89077043998105e-06 5.7376086416343475e-06
0.00014757049447088183 0.001383525324065604 0.002478915148927672 1.8385220449317847e-06 0.0009739315403175083 1.4265692100406757e-06 5.663905312007136e-05 0.0023444729772106815 0.0012894594817812039 1.9264634834062187e-06 0.0 1.9412364380914625e-05 0.00012746883462951586 0.00220483877855711 1.5253554230906079e-05 1.0903291654370292e-05 6.325461978010691e-07 0.0 6.516670245406987e-08 2.1116963084248037e-07 2.4646561004329383e-07 6.025116895790496e-08 4.2268371315012155e-07 6.380455654086255e-07 1.294121510554873e-05 1.6389996851701631e-06 2.2231876117827595e-06 2.3971671864826172e-06 4.831899187022437e-07 3.147791575442889e-07 0.0002718592457792736 2.374603541089577e-05 0.0002480728630835258 1.227856914397595e-07 3.8494563960905656e-06 6.842916722854706e-06 7.114334028668055e-05 4.367260391959261e-06 3.5763637297244192e-06 4.064784189936292e-06 2.9613634201248014e-06 5.5145531369932e-07 1.890280674824243e-07 1.6730683247014172e-06 0.0 1.1560580421441533e-07 3.499780986968468e-05 2.5981104281516116e-06 8.439766062493516e-07 6.359408893328475e-07 2.0475696705196282e-07 0.0 4.052891864422034e-07 7.053121951435212e-07 2.954663267333745e-06 6.833643516972801e-06 4.305568787965379e-05 5.432433735898173e-05 2.374048709239603e-05 8.109500023168698e-06 1.6482327362757e-06 1.4680803945382199e-05 3.322412514358973e-06 9.563566112781805e-06 9.808151633830324e-07 1.5952425670990983e-06 9.162519316997533e-07 4.6679787691513746e-07 2.3220895597496725e-06 7.475704246200619e-07 3.47804063171093e-05 2.879275141404313e-07 0.0 5.4692839689201035e-05 2.595333090116548e-05 3.19837219636927e-05 1.8903270801038964e-05 1.2609844927555365e-05 3.8502126428404616e-05 0.0006465575782299603 3.2255140132965274e-06 2.4851042924315882e-05 5.1576358451045805e-06 2.437469918500322e-07 8.906309599673558e-07 3.48514740872283e-06 4.29649115444267e-07 6.949326077219914e-08 8.52022532456188e-07 5.782591922559896e-08 3.7701686418926033e-07 8.424348400514235e-08 1.1461767966799905e-06 7.659692822332244e-07 2.4660518492622646e-07 1.4406120372712537e-05 8.839444490012551e-07 0.0 6.4064421815008385e-06 2.2960692198997397e-05 0.0 0.0 0.0 0.0 2.8997688913757615e-07 3.351559090224132e-07 0.0 7.701819202370699e-07 7.111933400214613e-07 1.764653118040594e-06 0.0 1.0742828700731637e-06 3.0701812857584787e-06 6.279793984539484e-07 1.0090912375993341e-07 1.106092919961628e-07 8.524714574102994e-08 0.0 0.0 0.0 0.0 0.0 0.0 0.0 0.0 1.0562727537066554e-07 0.0 0.0 0.0 0.0 1.3223971611177473e-07 0.0 0.0 0.0 0.0 0.0 0.0 0.0 0.0 1.6191790549621394e-06 2.399590733294285e-07 1.333584842069437e-06 2.0124388792357467e-07 0.0 0.0 0.0 0.0 0.0 0.0 0.0 0.0 0.0 0.0 0.0 0.0 0.0 0.0 1.25327362795255e-07 0.0 0.0 0.0 0.0 0.0 0.0 0.0 0.0 0.0 0.0 0.0 0.0 0.0 0.0 0.0 0.0 0.0 0.0 4.910281412016937e-06 0.0 0.0 0.0 0.0 0.0 0.0 0.0 0.0 0.0 0.0 0.0 0.0 0.0 0.0 0.0 0.0 0.0 0.0 0.0 0.0 2.0145831655224825e-06 9.42747886208218e-07 4.942057708080056e-07
4.503492242772937e-05 2.5203872495967197e-05 2.555840338225093e-06 0.0004178820855187971 3.2569638405518336e-05 0.00014498845908284065 0.0001876355801245485 4.803335300758321e-06 1.7970503008146304e-05 0.0017885812725714964 1.9412364380914625e-05 0.0 0.0005518242242782264 0.000216537439482219 1.623775460669083e-05 1.897473564702433e-05 9.774563208689308e-07 0.0 3.3965268095009164e-07 4.41668832344204e-07 5.304208471978591e-07 3.7642229106343353e-07 1.089567224286656e-06 1.6990190307880887e-06 2.663650928608356e-05 6.167113682608627e-06 5.961825002815722e-06 4.5344081259536175e-06 1.9016279642049175e-06 1.3378232500159585e-06 9.883258048690494e-07 1.5575909917735737e-07 7.92638771738728e-05 8.200479638201482e-07 5.988457223280024e-06 1.4620194166258539e-05 0.0002122540143948021 1.1921586555003002e-05 1.579209068099317e-05 1.5795623429085693e-05 9.907949604180869e-06 1.1890789516761576e-06 3.5108896062529025e-07 2.482829734100467e-06 2.0306943269333181e-07 3.3073543163132527e-07 2.232055959127928e-05 5.252174647341914e-07 6.905742938566637e-07 3.9189335737233975e-07 5.544407043328277e-07 7.255152810212076e-07 1.9080132658911857e-06 3.6410052865271644e-06 7.616729795999417e-07 2.7883071053088793e-06 1.271619067852696e-05 5.543847027031025e-06 5.787296640018922e-06 2.8911748970059113e-06 3.165731498251355e-06 3.54396004447022e-05 8.162696453415852e-06 4.07867113854943e-06 3.7429765528098034e-07 7.65106884456025e-07 5.016082468362067e-07 2.489775241297392e-07 1.755250983990973e-06 4.111601165652867e-06 0.00033686043544161123 1.4477704796954468e-06 9.486541687791657e-08 8.955831754816726e-06 5.656366322199687e-06 1.488946935989332e-05 5.7712386706495055e-06 8.413824050993521e-06 5.572342094995501e-07 1.228017345212645e-05 1.4195767917643622e-06 1.3956430359582814e-05 1.6952031179135675e-06 1.2991367419782623e-07 2.0477601299634397e-07 7.174042007938306e-07 3.749359367032049e-07 5.8731563803087994e-08 1.361556767275698e-07 1.658169545871278e-07 5.247606389667092e-07 5.754346514759977e-08 1.7093583157544978e-06 7.06742805388853e-07 8.900088124490701e-08 0.0007292306115481331 5.3355000383735476e-05 0.0 8.464795393446358e-05 6.917661136475708e-05 1.3256440354461024e-06 1.8760504700208637e-06 3.112578748610832e-06 3.2399062216936926e-06 1.3389610317507812e-06 3.8908128741707854e-05 1.092989578818146e-05 2.5487242223779498e-05 2.054136610613098e-05 6.096497334137688e-05 1.5318447293857817e-05 4.925084840674687e-05 8.988931672482437e-05 5.5247994674135166e-05 1.6643745770248097e-05 3.0362939311284077e-07 4.3594344701770763e-07 0.0 1.7535220257416789e-07 0.0 0.0 0.0 3.1199726823460725e-07 0.0 0.0 2.468413832493112e-07 0.0 0.0 0.0 0.0 1.894188993064488e-07 0.0 1.2590936476709722e-07 0.0 1.0824829267501818e-06 5.938411745395157e-07 0.0 9.7542011235575e-08 0.0 4.394864723978021e-05 7.64792651756022e-07 2.7644130464750245e-05 1.6487816259017864e-06 7.900631818037757e-07 1.4349747063251742e-07 7.756530304379278e-08 6.98260733055138e-08 0.0 1.4514886984588445e-07 0.0 0.0 0.0 8.628615623281327e-07 0.0 0.0 0.0 6.191121660833774e-07 4.430781030094973e-07 0.0 1.1119519822507958e-07 0.0 4.1536972900064784e-07 1.028512202947825e-06 8.341898982629316e-07 0.0 0.0 7.230239312013393e-06 5.848611709799704e-08 0.0 0.0 0.0 0.0 0.0 0.0 4.100313543104009e-07 1.8388661318150202e-07 9.818180424215207e-05 5.038327642213352e-07 0.0 0.0 2.2242672542378844e-07 8.087764484084541e-06 1.1884672062801483e-07 3.7958959700180727e-06 3.252014148959731e-07 9.031638974591842e-07 1.64943416293879e-07 1.1078098700821892e-07 2.44744395698694e-07 0.0 0.0 0.0 0.0 0.0 0.0 0.0 0.0 7.763972856268007e-05 1.830128999350786e-05 1.2235298931988696e-05
9.040110120543705e-05 0.0006683853122053075 6.117617184341588e-05 0.0007146590478942322 0.000853613637359941 7.628235099340025e-05 0.004377987990914614 1.644268022288053e-05 0.0008648654722654902 0.003553564376458668 0.00012746883462951586 0.0005518242242782264 0.0 0.0026352127925805342 3.777542132273247e-05 3.861788633539945e-05 2.078204031382951e-06 1.9914223003234351e-07 3.626858363311452e-07 3.036697924821435e-07 8.504425220757823e-07 5.487213922951138e-07 1.673296308393778e-06 3.1803394606940167e-06 4.4831773266968406e-05 1.14096880894666e-05 1.1343256306191246e-05 5.722711574954769e-06 2.852877794769265e-06 2.2531907198095845e-06 1.3982784025611228e-05 1.4355958477819443e-06 0.0002788071311994779 5.005424907989748e-07 1.0591763949195752e-05 2.225224620068696e-05 0.0007983362213074683 2.726106165597344e-05 7.674684334651839e-05 4.082059613728633e-05 1.4952043815633405e-05 4.504663635730809e-06 1.165367323176825e-06 4.162386647932105e-06 5.619304908097196e-08 1.3418996497537337e-06 6.223198766982591e-05 2.6168683205069506e-06 1.5939087279726732e-06 1.2663689769064317e-06 2.69835449910009e-07 5.546808576775588e-07 8.423609314497125e-07 2.3565943777125324e-06 2.3849281020226576e-06 4.7697161353615476e-06 2.4127819492961976e-05 2.3161888769725005e-05 2.3963177059814836e-05 1.1334115706601047e-05 5.305236057672722e-06 5.2190487668281544e-05 1.246333271052191e-05 1.0405963257831117e-05 5.103918607269518e-07 1.098059647978076e-06 1.2391013039910477e-06 7.927497029427192e-07 5.0756289327629095e-06 5.897741648630524e-06 0.0004732517889647439 2.719569558258571e-06 0.0 3.768851870276744e-05 1.7245908762597788e-05 4.563874083892353e-05 2.011653399476379e-05 2.1608802076880628e-05 1.5665597625178479e-06 3.3320769600274594e-05 3.3251844215078366e-06 3.290420042904412e-05 6.0065644568875195e-06 1.53807169083437e-07 9.886458155003248e-07 2.3065310445432435e-06 1.1814642520476875e-06 6.343707965038051e-08 3.5683342420089534e-07 6.546757484174315e-08 4.626700295912322e-07 1.1339163357203038e-07 5.959574535504435e-06 1.367471601369529e-06 3.940635059009734e-07 0.0005386571016313184 2.964138950941106e-05 0.0 0.00013421299600325736 5.2715951124286236e-05 1.9934168634278216e-06 5.984311040715744e-07 4.753932483893745e-06 1.3029609340929619e-06 3.13993041381789e-06 3.415996035343415e-05 5.789081047025603e-06 2.2808526820778353e-05 2.9021831205810062e-05 5.138072835868979e-05 1.2976384385608024e-05 4.6521903578127126e-05 8.724031874991424e-05 4.70166870912979e-05 2.1289938129599322e-05 2.4445819888725815e-07 8.334006845385543e-08 0.0 0.0 0.0 0.0 1.0809919620438336e-07 1.3173358410010352e-07 0.0 5.020955267318623e-07 2.1768009950318671e-07 0.0 0.0 0.0 0.0 2.419062177087079e-07 0.0 7.602533852667103e-07 0.0 1.1592853767272917e-06 6.774480985029167e-07 0.0 0.0 0.0 4.456993638453462e-05 1.5295704987168964e-06 2.4810476682635416e-05 1.6443586472017922e-06 5.00978678460503e-07 4.780029470401799e-07 0.0 0.0 1.2854532900739888e-07 0.0 0.0 0.0 1.217584103330596e-07 4.92124091083294e-07 0.0 0.0 0.0 7.821792130411144e-07 1.6758405825873228e-06 0.0 0.0 0.0 0.0 7.729358521125229e-07 3.5240014490776876e-07 1.0216343326205018e-07 6.564596800831215e-07 7.687439149781024e-06 7.459605231367349e-07 0.0 0.0 0.0 0.0 2.917847539914322e-07 0.0 0.0 0.0 0.00010939868888446489 4.3623774770080163e-07 0.0 0.0 0.0 1.3604537398897838e-05 2.941904778234046e-07 4.0539236866504375e-06 5.354234004001666e-07 5.991672457435208e-07 6.295064798457165e-07 1.6418151852413973e-07 4.5195215167758484e-07 0.0 0.0 0.0 0.0 0.0 1.3046063015521964e-07 0.0 0.0 6.630730377320412e-05 2.109865710734159e-05 1.198525681940688e-05
