0.0 0.0012205311539534008 0.0005944535397079717 0.0002726854903901274 0.00014521206237955213 0.00020069798228742057 0.00031114404418675204 7.018666640433115e-05 3.201905165032073e-06 0.00031874182419485016 8.161647749903296e-05 3.338206115306902e-05 2.7738717797671407e-05 4.210677485412244e-05 1.6899037536176315e-06 9.583219642233192e-07 2.2095998097821211e-07 0.0 0.0 6.643226558565142e-08 0.0 0.0 0.0 2.530895428385796e-07 0.0 0.0 0.0 2.3220934994964358e-07 0.0 2.0271857268101516e-07 0.00010920009237169941 1.2913871718909255e-06 1.700636399192973e-05 0.0 0.0 0.0 4.154733799859642e-06 2.758801470592042e-07 1.812980862604965e-07 0.0 1.7018999969960092e-07 1.9742292468155233e-07 6.865696743997803e-08 0.0 0.0 0.0 2.2397428048885656e-05 5.55172275018329e-07 3.50555966021279e-07 1.549999627642321e-07 1.2812077808266419e-06 1.465589167683502e-06 0.0 7.666495684623084e-08 3.3569650987856654e-06 3.46982446092068e-06 0.00012254178813254698 0.0002734908188959212 2.8092362824272083e-05 2.2713639062825574e-05 0.0 1.1421318712093985e-07 0.0 4.071325001966876e-06 4.10383563351706e-06 4.608759801054652e-06 1.3544202995070095e-06 1.3942742479344158e-06 2.791875425429268e-07 5.40869234762518e-07 2.0239545447555602e-05 1.4183027569737156e-05 2.2744900790635432e-06 7.907548487128413e-05 2.2026399541071033e-06 5.036055232253844e-06 2.6342012328067187e-07 4.2431377496762174e-07 6.959072581919815e-08 3.961598943390422e-06 0.0 3.8149508389838223e-07 6.110877758341956e-06 5.779988842211964e-07 1.94061434205289e-06 3.275687219843366e-06 3.1368370435538827e-07 7.257957236173568e-07 1.7636717290357835e-06 1.4371171950452536e-06 6.711069948755859e-07 3.946612296951125e-07 0.0 3.0668030280161994e-07 2.5119543958604404e-07 5.391076666332199e-05 2.1731032043379e-05 9.753218468503195e-07 1.2334675302669141e-06 0.0004679237371056331 0.0 5.346804179462079e-07 4.594484044393356e-07 0.0 3.19236943680608e-07 4.795656102338227e-06 1.0387491313261365e-07 0.0 3.433045603587327e-05 1.0899551158429376e-06 0.0 2.173697805045144e-06 4.21687173859416e-06 6.490591536959305e-07 3.9244777303733146e-07 0.0 0.0 0.0 0.0 0.0 0.0 0.0 0.0 0.0 0.0 0.0 0.0 0.0 0.0 0.0 0.0 0.0 1.3534419368776e-07 0.0 0.0 1.7582439779626935e-07 0.0 0.0 0.0 1.1136732808638716e-07 6.933336957402067e-07 9.938177782137632e-07 1.7733881029485457e-07 1.737704448380873e-07 0.0 0.0 0.0 0.0 0.0 0.0 0.0 0.0 0.0 0.0 0.0 0.0 0.0 8.916427266445765e-08 0.0 0.0 4.928940969797419e-07 0.0 0.0 0.0 0.0 0.0 7.042654209833329e-07 0.0 0.0 0.0 0.0 0.0 0.0 0.0 0.0 0.0 7.008892415326866e-07 0.0 0.0 0.0 0.0 0.0 0.0 0.0 0.0 0.0 0.0 0.0 0.0 0.0 0.0 0.0 1.0837836502122475e-07 7.083074534542317e-08 8.388327903877364e-08 1.3130191697729852e-07 0.0 5.329131208217774e-07 6.932377502985487e-07 0.0
0.0012205311539534008 0.0 0.0007330532068710406 0.0010694058741461316 0.0010251500501538369 0.00033993339444412493 0.0007623193476154605 0.0002607239371150403 0.0005342175436493902 0.00044047133277890584 0.0009089365038673191 9.829787679370079e-05 0.0004844760386944963 0.001567410547049349 1.818781808168463e-05 4.593790231031467e-06 3.8618912405930585e-07 1.8871345889712234e-07 0.0 1.3567701588723912e-07 2.5394475275668025e-07 8.684997050878676e-08 0.0 8.765260277263171e-08 0.0 1.4351961949108448e-07 0.0 0.0 9.719791231314766e-08 0.0 0.0008464480919792563 8.479296821966092e-06 9.361416688247815e-05 8.399250500666826e-08 0.0 1.216158745652634e-07 1.1579277046918122e-05 9.903224454746513e-07 1.1755324659321654e-06 1.4316406265895125e-07 1.3364978171958234e-07 3.442148556608021e-07 5.073548701983203e-07 8.149437339975792e-07 7.337813345736518e-08 2.1371894959463633e-07 0.00014340820957372432 4.43659749055912e-06 1.1090205782489824e-06 7.495336211596501e-07 4.212098702199585e-06 9.87560950855812e-07 5.113969789940822e-07 6.802025525258459e-07 1.4023270135762164e-05 1.0787995679377982e-05 0.00018971532470985405 0.00041192072688770267 7.33610855867524e-05 0.00011769617464413283 5.126088499106738e-07 8.462065303555227e-07 5.272645720954288e-07 6.082986048022106e-05 1.5330887800038435e-05 1.8374247229009086e-05 6.5257688167647045e-06 6.794367241111476e-06 1.4825021824392695e-06 3.3435738760550005e-07 2.1278263260246107e-05 4.072975216750803e-06 9.995261249264487e-07 0.0002727255255693988 2.8795075868769754e-05 5.842939388869977e-05 1.2100482106692537e-05 6.946540171640802e-06 8.881708154618893e-07 1.734415456857053e-05 4.583393482021104e-07 1.3228057371184836e-06 2.011176526154351e-05 1.960038419373929e-06 6.213106313640408e-06 1.2003152172718953e-05 2.63648337166494e-06 3.8312500135696037e-07 5.398121160683606e-06 9.038231317417656e-07 3.873222689322624e-06 1.2740585682537745e-06 1.6489791149176853e-06 1.55723374399327e-06 6.608854623100402e-07 2.6714338730007824e-05 4.564990926495582e-06 4.385743989526618e-07 1.9163675204978837e-06 0.0006646898646458318 4.464225081233227e-07 0.0 1.1128436804816146e-07 2.560841030603936e-07 5.675574342824835e-07 1.5469726751484671e-06 1.7568983400904523e-06 3.003273773522838e-07 1.5920049083593347e-05 3.900795967223913e-06 4.590670243617414e-07 3.2238909642744073e-06 6.320426546373289e-06 4.6296816978489675e-06 4.985407202842024e-06 0.0 0.0 0.0 0.0 0.0 0.0 0.0 0.0 0.0 0.0 9.667188135437826e-08 1.297469861528796e-07 2.8145363282653016e-07 0.0 0.0 0.0 0.0 0.0 0.0 1.0444687944719064e-06 2.5136653448823623e-07 0.0 2.2007855092536063e-07 0.0 2.23817365067143e-06 8.904043099404834e-07 5.959540513830665e-06 2.28130318237948e-06 1.5991627313944623e-06 0.0 0.0 0.0 0.0 0.0 0.0 0.0 2.288293898740946e-07 0.0 0.0 0.0 0.0 0.0 2.038499106900381e-07 0.0 0.0 1.022494886643295e-07 0.0 0.0 0.0 0.0 0.0 3.004127482385291e-06 0.0 0.0 0.0 0.0 0.0 0.0 0.0 0.0 0.0 6.342269801300678e-06 1.2355347790163058e-07 0.0 0.0 2.3180382068525967e-07 7.197579333524806e-07 0.0 8.925873231544039e-08 7.977452337226337e-08 0.0 0.0 0.0 0.0 0.0 7.389495963760474e-08 0.0 0.0 2.050033422028623e-07 2.7075969515126196e-07 9.566291754305706e-08 0.0 2.8123413931077132e-06 2.952599992102096e-06 5.197730221567741e-06
0.0005944535397079717 0.0007330532068710406 0.0 2.275803446783526e-05 0.00030085075933454806 4.7015886731255185e-05 5.6906028096921356e-05 0.0025661060611541146 0.00044016367158966597 8.018099881562589e-05 0.001430428287867657 0.0001396124071063015 0.00035153754649675407 0.0009558698179751792 3.023204289719037e-05 1.8733134033520605e-05 2.764274696018765e-06 1.2746697421418636e-06 1.8083324240057805e-07 1.3510112443935203e-06 6.230254877101373e-06 2.8039064118854793e-07 1.2618437355548537e-06 6.170550241161263e-07 5.061197965232456e-07 2.3717177631617535e-06 9.459901102437852e-07 1.713538877187152e-06 1.28806053236497e-07 3.227714972228752e-07 0.0023454260337605697 0.0001324716404138465 0.00020104887289726145 1.561194755077474e-07 2.793366457078022e-07 1.5619445094759332e-06 1.9667590327291925e-05 2.430388100524207e-06 2.317374150010798e-06 9.781937988115175e-08 1.0215807630896091e-05 2.58854933227696e-06 6.511050925434523e-06 3.7467625163819617e-06 2.224027244300353e-07 1.8418281500383282e-07 9.971984693288542e-05 3.993713362397885e-06 1.7632752671651753e-06 4.236511342064558e-06 1.0270349027209813e-05 1.9283504782617007e-06 4.364881402239513e-07 1.5005934597300964e-06 1.1042676412439437e-05 6.452916352995089e-06 0.00016197516327827411 0.000592219253898282 5.091356726002691e-05 7.730533217929647e-05 3.093597487011034e-06 2.8224832481129932e-05 9.270988873243058e-07 0.0003766831729153206 1.0683751755883973e-05 1.1593882242043287e-05 9.06007596145756e-06 1.0835051072026467e-05 1.7206270548020636e-05 1.857723090847074e-05 2.3567074733150955e-05 6.506065080055728e-07 1.609317785003959e-07 0.00023586867963306464 7.4657598181844e-05 6.520390842732215e-05 4.644635665034737e-05 4.02972551358061e-05 3.135570225859275e-05 0.0003309470899741176 1.7882877288668824e-06 0.00010364848725848391 1.035348501968738e-05 1.5943342780607115e-06 5.866989803653915e-06 7.253539863465938e-06 2.2203662408126768e-06 1.638546187922056e-07 3.0968030753035876e-06 0.0 1.295571825001632e-06 1.1975678966890272e-06 4.001605904342208e-05 1.2807594953914288e-05 4.418759433723536e-06 1.1491634971888321e-05 2.3804957381435995e-06 9.408663611017432e-08 2.404719214467044e-06 0.00019480099892409266 6.099328763398313e-07 1.567681961403207e-07 3.930192732614091e-07 2.2347374544365045e-07 1.2396258222261762e-06 1.4028170405704084e-06 4.452728938713349e-06 2.5071584467418638e-06 2.8331491028180103e-06 4.9567843257721225e-06 1.1567920100595842e-06 4.385159005243334e-06 1.4415015211223504e-05 1.103334173916869e-05 4.641872656130607e-06 6.805127367708312e-08 0.0 0.0 0.0 0.0 0.0 0.0 0.0 0.0 0.0 5.941835562468581e-07 0.0 8.095191783921056e-07 0.0 0.0 4.7049725272956e-07 4.847065202581592e-07 2.9508537555516486e-07 0.0 1.049815259565442e-06 0.0 0.0 1.0661143629146845e-06 0.0 6.2969886055442814e-06 4.486081102766106e-06 1.1925333473972122e-05 4.18964599832602e-06 3.3506504680644747e-06 0.0 1.6277077011320964e-07 5.030383582535497e-07 0.0 6.446156778850039e-07 0.0 2.232198787712291e-07 0.0 1.660582651608735e-07 0.0 0.0 1.0877336145445507e-07 1.4131522513875491e-06 1.1284465382499866e-06 0.0 0.0 6.058373554046401e-08 0.0 3.1084444487736024e-07 1.3976858319450463e-07 0.0 2.6468039942565166e-07 8.845391359867437e-06 0.0 3.6138943572354835e-07 9.092416118881104e-08 0.0 0.0 0.0 0.0 2.1381148585906062e-07 1.0274481667470254e-07 1.3844656807102819e-05 2.490515912037125e-07 7.137624219736214e-07 1.1343824551754789e-07 1.3533833041175125e-06 1.987511665909205e-06 0.0 1.6718681578588396e-06 0.0 8.96488948406534e-08 5.323712142914142e-07 0.0 0.0 0.0 0.0 0.0 1.0401619554314945e-07 6.848928171501921e-08 6.744426814420204e-07 2.8706558632502557e-07 1.1335322267267984e-06 2.340898765354719e-06 4.951129375933894e-06 1.1988049395455782e-05
0.0002726854903901274 0.0010694058741461316 2.275803446783526e-05 0.0 0.0001556770738086946 0.00037897450826319116 0.0010253717222203492 6.131939019248572e-07 2.681014161717376e-06 0.0013283949944011724 1.8489110057749282e-06 0.000566333179071643 0.000491729953694666 2.898636305803335e-05 1.4073880450514808e-06 3.1495733226314436e-07 0.0 0.0 0.0 0.0 0.0 0.0 0.0 0.0 1.9039499740500139e-07 0.0 0.0 0.0 0.0 0.0 3.120594054244235e-06 2.0707871700604742e-07 2.111810216951005e-06 0.0 0.0 0.0 1.24331524400467e-06 1.92455860307486e-07 3.7298536028155233e-07 0.0 0.0 0.0 7.910440124798387e-08 0.0 0.0 0.0 8.290355986212486e-06 3.569258864735392e-07 0.0 0.0 4.212762794659654e-07 5.236254636669089e-07 1.1901487586924721e-07 0.0 6.085748127798232e-07 1.3373795169298587e-06 2.284728028089548e-05 2.6401817041168232e-05 4.733493897385462e-06 6.8176439482106464e-06 0.0 0.0 0.0 7.055580792237047e-07 1.021728422188068e-06 8.183685120329357e-07 2.709927404009392e-07 1.6962142017363058e-07 1.1765399337761636e-07 0.0 9.138149386803613e-06 4.005449821382762e-06 7.025318645368639e-07 1.536501235644414e-05 2.054541427967419e-06 2.031586063808267e-06 6.443357793458281e-07 9.055428072397396e-08 0.0 0.0 0.0 0.0 1.1327043105798605e-06 7.547036079039595e-08 5.891134075122414e-07 1.014548582991667e-06 0.0 1.1659074732342275e-07 3.7796672793502567e-07 6.08621650804349e-07 0.0 1.9320345216814844e-07 0.0 8.199950508442258e-08 2.713323758665606e-07 3.3417484422820944e-05 7.897553434856624e-06 4.579519282836567e-07 6.260072996444285e-07 0.00014162216711880658 9.023959840037038e-08 7.694342658396317e-07 2.471540197493827e-06 1.2444802931793732e-05 1.0426182930696871e-07 4.099022581523085e-05 4.116679479768816e-06 5.56877347025766e-07 5.227901248761194e-05 9.082654708210598e-06 0.0 4.074686382535336e-05 1.4969702991273744e-05 3.6741786143651403e-06 9.700092191129056e-07 8.699978095072996e-08 0.0 0.0 0.0 0.0 0.0 0.0 0.0 0.0 0.0 0.0 0.0 0.0 0.0 0.0 0.0 0.0 0.0 0.0 0.0 9.083247976285727e-08 0.0 0.0 0.0 2.081749832314912e-06 8.254611729703246e-07 5.921408077786279e-07 5.133646950332352e-07 9.84096763749304e-08 0.0 0.0 0.0 0.0 0.0 0.0 0.0 1.455220836963957e-07 1.322815516877651e-07 0.0 0.0 0.0 1.4871020377187183e-07 0.0 6.779433874515178e-08 0.0 0.0 3.4277152196336837e-07 1.2244501699834023e-07 9.720926945282624e-08 0.0 0.0 1.3128245820778287e-06 0.0 0.0 6.612826365460404e-08 0.0 0.0 0.0 0.0 0.0 0.0 2.6328448076871127e-06 2.462316419161326e-07 0.0 0.0 0.0 0.0 0.0 0.0 4.901357927401935e-07 2.3331218825466118e-07 1.2338402652816438e-07 0.0 0.0 0.0 0.0 0.0 0.0 1.385033764633472e-07 0.0 0.0 0.0 1.3717000755848613e-06 5.9021475493826e-07 7.682021993641758e-07
0.00014521206237955213 0.0010251500501538369 0.00030085075933454806 0.0001556770738086946 0.0 3.371437573623473e-05 0.0004856003581336709 0.00016422192147637016 0.0025142579411358656 0.0001265296224196893 0.0009932312332040542 3.2912611550679894e-05 0.0002345597057217601 0.001900197535558838 3.794647834047787e-05 1.0194017640546726e-05 6.943283715370935e-07 3.889681326901411e-07 1.77558600459916e-07 1.319019830535964e-07 4.59068215029611e-07 0.0 0.0 2.393235090568994e-07 1.2374340469179336e-07 0.0 0.0 0.0 6.668106428714096e-08 6.673062456512911e-08 0.00010276869771189369 9.01392888047883e-06 6.7566440691614575e-06 7.793966856704762e-08 2.8417024842567237e-07 9.187750961631192e-08 3.401200486175001e-06 7.363259444605647e-07 1.312493927504471e-06 0.0 1.606630895394961e-07 1.9745602423066044e-07 9.889054336784532e-07 2.6281122387351293e-06 3.241607725637025e-07 3.7232961776154333e-07 0.00015937084189635985 2.9623405813498633e-06 1.1398133762745633e-06 7.296089697659574e-07 3.6000255596576795e-06 5.744483838707963e-07 0.0 0.0 6.3123371590443484e-06 7.875224300936958e-06 7.23714057660979e-05 8.292735774592148e-05 3.360023622804862e-05 7.679345892806628e-05 7.849799562852939e-07 3.276623624151185e-06 1.792834609602786e-07 7.532137101882602e-05 1.0000985420665519e-05 1.2437326941950568e-05 4.171792396659918e-06 4.742196366724077e-06 2.159054132012163e-06 9.645632823690222e-07 1.2302559011158362e-05 5.911811447407592e-07 1.2960691476351027e-07 0.00019211905864665912 3.46007354491889e-05 0.00010204278493646578 2.7835131919785334e-05 2.408956378066126e-05 2.307998220607209e-06 1.0345319363466577e-05 1.61150851211741e-06 5.739182827614763e-06 1.3028160355701858e-05 1.7888099486708046e-06 4.059148911768633e-06 7.19872069044424e-06 1.5572371684354762e-06 1.4559125946428571e-07 3.8619649958527545e-06 4.119447660445693e-07 1.60602778141245e-06 2.3625371796136307e-07 1.5599762642510612e-06 1.4050604572812479e-06 8.656026269816286e-07 7.029255715887342e-06 1.364262741740864e-06 6.616169903311123e-08 2.4056750765267134e-06 3.195620264880519e-05 2.017403118180903e-07 0.0 0.0 5.558399293053575e-07 7.243148329987907e-07 6.833266055109573e-06 1.4871140054573044e-06 1.4216235479798028e-07 5.456576012603295e-06 4.78494810053479e-06 3.8022059097550733e-07 5.358855814338011e-06 7.54707786435816e-06 4.866374080242092e-06 3.300101940832948e-06 0.0 1.6284991390826386e-07 0.0 0.0 0.0 0.0 0.0 0.0 0.0 0.0 0.0 0.0 0.0 0.0 0.0 2.9215576270380674e-07 0.0 0.0 0.0 0.0 6.741527690807625e-07 0.0 0.0 2.1637311110219474e-07 3.4797236430580093e-06 9.069976201966329e-07 2.889770173568896e-06 2.496013225590747e-06 1.2220724266012471e-06 0.0 0.0 0.0 0.0 0.0 0.0 0.0 0.0 5.782170461225045e-07 0.0 0.0 9.645060031031787e-08 2.084479036428196e-07 9.194870544892079e-08 0.0 0.0 0.0 0.0 1.0094532063455243e-07 0.0 8.904513667629514e-07 8.080226309998873e-07 4.615964629011341e-06 0.0 0.0 8.551578136606004e-08 0.0 0.0 0.0 7.927584724454781e-08 0.0 0.0 9.454162627757413e-06 0.0 0.0 7.79650440399764e-08 0.0 1.241784564133525e-07 0.0 5.181731003695245e-07 1.4480341895897381e-07 0.0 1.5875174704447357e-07 0.0 7.828010289957294e-08 0.0 0.0 0.0 0.0 2.191650542532195e-07 7.911647584137872e-08 0.0 0.0 3.582975658803511e-06 2.3048606886512153e-06 4.009506579463979e-06
0.00020069798228742057 0.00033993339444412493 4.7015886731255185e-05 0.00037897450826319116 3.371437573623473e-05 0.0 0.00018698206742575737 2.140733381475266e-06 8.846549004512726e-07 0.000531782683400348 5.607400974807883e-06 8.913587766290003e-05 5.6204244745231845e-05 6.967751421080707e-06 8.825837794871429e-08 0.0 0.0 0.0 0.0 0.0 0.0 2.874617734261253e-07 0.0 0.0 0.0 0.0 0.0 0.0 0.0 0.0 3.6859322667975866e-06 1.149272011300167e-07 6.319970144043266e-06 0.0 0.0 0.0 9.420966130807781e-06 9.458267750360421e-07 8.137402588159656e-07 0.0 0.0 8.783064323739603e-08 0.0 0.0 0.0 0.0 0.0 0.0 0.0 0.0 0.0 5.931659738319583e-06 1.1895020021530509e-06 0.0 1.0662350376120933e-07 3.468502005453625e-07 2.1158570960507314e-05 3.4677777944427934e-06 9.042171970116622e-08 0.0 0.0 2.418995749641947e-07 0.0 0.0 6.192136947869363e-08 0.0 1.1679257061563237e-07 0.0 0.0 0.0 0.00011370797314789584 0.00010401970813039602 1.4850996045521852e-05 5.376333047925884e-07 0.0 1.5417688561363603e-07 0.0 0.0 0.0 0.0 0.0 0.0 9.96143167827929e-08 6.329883990731023e-07 7.990628043984298e-08 2.20984511789319e-07 8.069475189735922e-08 4.553017667077746e-06 1.5222509908231361e-06 1.2166354529404921e-05 9.793852757246e-07 1.3204019720462224e-06 0.0 9.890078107619358e-08 0.0 0.00015266260814899915 4.981276377586836e-05 1.0271630862584554e-05 7.601293307710119e-06 5.017550934667703e-05 0.0 0.0 0.0 2.218811610199387e-07 0.0 1.3356100267376856e-06 7.417782466980584e-07 2.2150466573360414e-07 2.944973636171984e-05 8.465312722961264e-07 9.865006916479404e-08 9.035991386208914e-07 4.225967352215987e-07 6.253241615867719e-07 2.0818879599644258e-07 0.0 0.0 0.0 0.0 0.0 0.0 0.0 0.0 0.0 0.0 9.3671133730302e-08 0.0 1.9242472993985452e-07 0.0 8.558120703899349e-08 0.0 3.6782687823832424e-07 5.937502752621306e-07 1.0628776595194718e-07 0.0 0.0 0.0 0.0 0.0 1.1174995989174161e-07 0.0 1.4111785005958604e-06 6.762497082020291e-07 0.0 0.0 0.0 0.0 0.0 0.0 0.0 0.0 0.0 0.0 0.0 0.0 0.0 1.0425835398152045e-06 0.0 0.0 0.0 0.0 0.0 0.0 0.0 0.0 0.0 6.421609685105645e-07 1.9520311779513381e-07 1.2925243156778932e-07 0.0 0.0 0.0 0.0 0.0 0.0 0.0 1.3038813739433018e-06 1.2150735689210144e-06 0.0 1.5544825430543452e-07 2.388403166998119e-07 0.0 0.0 0.0 0.0 0.0 0.0 0.0 0.0 0.0 0.0 0.0 0.0 1.7069827240681194e-07 0.0 0.0 0.0 0.0 9.890264340286132e-08 3.2603724477278536e-07
0.00031114404418675204 0.0007623193476154605 5.6906028096921356e-05 0.0010253717222203492 0.0004856003581336709 0.00018698206742575737 0.0 1.0811307302558014e-05 0.0014700793225189996 0.0020683675598600635 0.00010295834346882102 0.00044896937796400034 0.0037617531756874547 0.003439048370758798 4.630133872799221e-05 1.4320839402231225e-05 5.616332205027175e-07 5.885040806858471e-08 1.7665976833820212e-07 0.0 1.0642596483800039e-07 0.0 0.0 1.1766454656206681e-07 0.0 1.7898339230386005e-07 0.0 3.09930144249991e-07 0.0 0.0 3.3735827108783313e-05 6.934655164118389e-06 1.4031492816832607e-05 5.798891915838572e-08 0.0 9.314721951441181e-08 7.972702244085713e-06 2.3300781589361e-06 1.9830188587948806e-06 6.949221077380504e-08 4.6353169813140513e-07 4.182638846677295e-07 6.29123781203088e-07 2.564970455043464e-06 7.27772023659484e-08 1.7202584163971707e-07 0.00014224016437336178 2.4916642297840996e-06 2.5233435410984366e-07 4.542026474589358e-07 2.29861939085881e-06 7.621436182065011e-07 7.33968686671755e-07 9.337103861459754e-07 6.329480110083689e-06 4.896557510734685e-06 6.0327296465728764e-05 5.8876881779973464e-05 3.117101284494038e-05 6.543540324425365e-05 6.391217226253735e-07 2.0380525046828226e-06 3.146966217946353e-07 5.0851288389976225e-05 8.98602347747848e-06 8.870832014229646e-06 4.109452451453518e-06 3.758043758616362e-06 1.2274480019976954e-06 5.511164023055283e-07 3.0272820574909946e-05 2.2849450588563805e-06 5.240850207579538e-07 0.00014556947442996416 2.359739261243465e-05 8.156398256057583e-05 1.8050601898601434e-05 1.6201510817032048e-05 1.0454494672005155e-06 9.129548470239952e-06 7.519967262690669e-07 2.8873937836809858e-06 8.017226826382585e-06 9.246572854730798e-07 4.103623567428178e-06 7.1968002093189e-06 1.018497529659125e-06 2.012685732788418e-07 2.7348758291506805e-06 6.615392560018695e-07 1.3145733475254182e-06 4.6399659796289024e-07 2.543694471942718e-06 8.267665876395381e-07 1.024673890257723e-06 4.2755335998261135e-05 4.846723007688883e-06 1.8532251821788773e-07 2.8547775694030556e-06 6.506367435405056e-05 1.680752621290145e-06 6.524077350936255e-06 3.152716463956067e-05 2.1574909794734545e-05 4.941540657899382e-06 4.0588717660128656e-05 2.0906454656355647e-05 9.550910248817935e-06 5.852404208753681e-05 3.9985367905026266e-05 3.025359553247943e-06 8.670878824156016e-05 7.951428771055308e-05 3.5905968897734595e-05 1.5052819846563884e-05 1.2866519824519637e-07 1.6986217423451448e-07 0.0 0.0 0.0 0.0 0.0 0.0 0.0 0.0 1.5876407096575567e-07 0.0 7.368722065964681e-07 0.0 0.0 1.544815032319151e-07 0.0 4.804382100088076e-07 6.289707600285565e-08 1.5684264392094418e-06 1.4228366960657762e-06 0.0 1.207495140934478e-06 3.1329258013689605e-07 1.2316998942600904e-05 6.332269590485787e-06 1.7241330608100775e-05 6.466786748306701e-06 5.131036650179646e-06 0.0 0.0 0.0 0.0 0.0 3.6921938975336103e-07 0.0 6.880183152193843e-07 9.381429424131071e-07 8.774320547384902e-08 0.0 0.0 4.3219930367466093e-07 3.6842325019123203e-07 5.201194454469167e-08 1.6323564959139784e-07 5.7383846171046727e-08 7.279742031343895e-07 7.229299437934484e-07 6.028439909390198e-07 9.768571978031062e-08 4.991232489422134e-07 2.155142640499353e-05 1.3727285225896547e-06 1.8615403689837933e-07 3.6660351788562415e-07 0.0 7.093734573801576e-08 0.0 0.0 0.0 0.0 3.731072518517009e-05 1.524682873975085e-07 1.209296428064757e-07 8.751429194344549e-08 7.80077299919315e-08 5.2176930303048255e-06 2.5111207757020426e-07 3.303836099158061e-06 1.4736987454829824e-06 4.408600334896278e-07 9.030897210407289e-07 4.023118864440763e-07 5.011206146466474e-07 1.550812894503804e-07 0.0 0.0 0.0 2.4113034246058736e-07 2.2305406046126223e-07 1.3206020958381396e-07 2.539923133232465e-07 7.453558169333558e-06 1.013423393713642e-05 1.6656886745556626e-05
7.018666640433115e-05 0.0002607239371150403 0.0025661060611541146 6.131939019248572e-07 0.00016422192147637016 2.140733381475266e-06 1.0811307302558014e-05 0.0 7.97723741964056e-05 1.3364901373880647e-05 0.0020166805621933217 0.00019044858693867823 0.000457331369444565 0.0012983619667383181 5.915500188877136e-05 5.747610389551438e-05 8.131374928748318e-06 6.372472078946215e-06 2.890669260106821e-07 2.3823351785466102e-05 7.878209934711579e-05 1.4131668904963548e-06 1.3524438814157609e-05 1.18819063414449e-05 4.825836627397685e-06 1.4266202961109225e-05 9.392252808774714e-06 6.505732145913116e-06 7.768087944976731e-07 3.447642639075757e-06 0.0011196899655078311 0.0026485447454967677 0.0007955012306638397 3.8909145331614936e-07 4.633002821631459e-06 1.661897868425743e-05 6.807957116599523e-05 1.5117390472405578e-05 4.508477748571643e-06 4.824705152003908e-06 4.490114072931553e-05 2.095539858054163e-05 0.00012284793827775889 2.851742454728306e-05 1.9728756762458094e-06 2.585928991842885e-05 0.00010607356165763429 2.770509440049563e-06 8.036262486473621e-06 2.6883564675445745e-05 2.6077764268286283e-05 1.0496764154798767e-05 4.623201203022892e-06 9.902822624693844e-06 2.906679606144405e-06 3.1123880984955383e-06 4.147943953238425e-05 0.00010149162338037107 1.2679062169130495e-05 3.7107933625566345e-05 0.00012004313015376017 0.0001253313159578268 1.6294387215577704e-05 0.0008661537583130774 4.018921134336788e-06 1.5919869811754118e-05 2.435015694803189e-05 2.7705769371792905e-05 0.00010713294706793919 0.00016391456185175404 3.6353652338396716e-05 1.4744090704569934e-06 9.034978809687389e-07 9.633144565309376e-05 7.546783087050106e-05 8.331484684014308e-05 0.0005449841100955183 0.00046378757007678684 0.0008090367722625246 0.0018962062279714003 0.0001639684312381752 0.0010782730293016553 3.979266755073959e-06 4.226721034800751e-07 2.5192791200009316e-06 9.031661273173477e-06 6.636533325991386e-06 0.0 5.4062495194878145e-06 3.152515951416179e-07 5.464649412417509e-06 6.835960154874009e-06 0.00016665199421273533 5.778800503268433e-05 2.4923917232728906e-05 3.983441557188958e-06 1.2612767232327456e-06 0.0 4.630000094649258e-06 2.9049360674234642e-05 9.55025132100696e-08 1.3496714886240874e-07 0.0 2.0897450449390264e-07 5.709455865600408e-07 3.0791406775970303e-06 1.6590071028945416e-06 9.254660796975661e-07 1.3769687503775872e-06 2.9560003410928297e-06 1.4354213786995888e-06 5.092363055588558e-06 9.712028550019582e-06 6.196771378311947e-06 4.486952137372558e-06 7.767562524616868e-08 1.8872852542516376e-07 0.0 0.0 0.0 0.0 5.80667552541131e-07 1.1007344763053582e-06 0.0 0.0 4.173811097707843e-06 0.0 8.755518375227749e-07 0.0 8.208711585099337e-08 4.365946398677241e-06 5.494149633615906e-07 2.344973454690518e-06 0.0 5.615618414904364e-07 3.880921064376205e-07 0.0 1.3961182311932978e-06 5.310886258446913e-07 4.077511956456519e-06 4.135061081575164e-06 8.311264872161746e-06 5.1119334273194995e-06 3.067227378991906e-06 1.2439115447210383e-06 6.846232886157945e-07 5.529366637968559e-07 0.0 0.0 0.0 5.3684732152562e-07 1.9733569553929867e-07 2.494802621666888e-07 0.0 1.26028896755681e-07 9.889790413767464e-07 1.592949307442182e-06 8.396726427256503e-06 6.129168935538435e-08 0.0 0.0 0.0 0.0 1.0793367601357638e-07 4.823796804715886e-07 7.533591098163455e-07 7.550610728576785e-06 8.661887917561332e-08 0.0 0.0 7.066340053818766e-08 0.0 1.9031274973216764e-07 2.0184958866922722e-07 2.3997742995683446e-07 5.483689921681536e-07 1.184148099964823e-05 1.803764737112105e-06 1.192136278489523e-06 5.281974501945573e-07 5.344587786841218e-06 1.1495992007247244e-06 6.790939593261254e-08 8.016446048471306e-07 7.763338197842154e-08 7.147851954968994e-08 0.0 1.9012216145985513e-07 0.0 2.99941020893594e-07 0.0 0.0 0.0 3.403979713603778e-07 8.878383290918098e-07 1.6942863374525129e-06 1.374255024946607e-06 3.235375093260781e-06 6.444438757057439e-06 8.632990749285553e-06
3.201905165032073e-06 0.0005342175436493902 0.00044016367158966597 2.681014161717376e-06 0.0025142579411358656 8.846549004512726e-07 0.0014700793225189996 7.97723741964056e-05 0.0 1.8567231099633462e-05 0.0004699535095889198 2.3257236066793955e-05 0.0006918120784798128 0.0006421265498083118 1.9417512248088243e-05 7.492788818396235e-06 3.9076042366318327e-07 3.2754958123508527e-07 0.0 0.0 3.452480602487491e-07 0.0 0.0 0.0 0.0 0.0 0.0 0.0 1.0772702898999789e-07 0.0 1.5117522916396932e-05 3.449891332378822e-06 1.5087544662402217e-05 0.0 0.0 1.8441035468669454e-07 5.1940272088752325e-06 3.299738878722577e-07 6.817133879324983e-07 7.795628194565449e-08 2.403606316545026e-07 2.0060056789744147e-07 4.275470132140343e-07 7.250452008819385e-07 1.6392199329331857e-07 2.2865904804388835e-07 3.834636336085768e-05 1.7320091888381044e-07 6.805084473135063e-07 9.408266823494071e-07 8.285366629889969e-07 8.165490850267812e-08 2.2012787714043425e-07 1.0109256656108436e-07 7.185210024390627e-07 1.1649772359753732e-06 1.1421706294838815e-05 8.91162870701686e-06 7.293994666659895e-06 1.698448026955975e-05 7.606650529521074e-07 1.7940229063132258e-06 3.210906609037397e-07 1.4149755114283445e-05 9.71889197177382e-07 2.113263661148681e-06 1.3607589064119663e-06 8.411762384645898e-07 3.212736777495999e-07 4.752388229271045e-07 5.899187508352354e-06 0.0 0.0 3.387782376230279e-05 6.9861116264836714e-06 3.386146932342756e-05 1.0615157039002613e-05 6.298293078873512e-06 8.151077408641213e-07 1.0307486975725307e-05 4.472137883358132e-07 3.1724587172441257e-06 1.1112847604110001e-06 2.2044781570296615e-07 8.580540420166938e-07 7.201395678462867e-07 1.7747055209746147e-07 7.416192365659094e-08 9.307575400061885e-07 1.3346172743273568e-07 6.535300250445048e-07 2.522155162974809e-07 1.942436872936823e-06 9.415015824101372e-07 7.595827358587047e-07 2.682103022395738e-06 1.3086872656474221e-06 0.0 9.65576398252914e-07 2.2474202348731235e-06 2.7432820816943185e-07 0.0 2.900458585324052e-07 3.954435748102573e-07 1.3038034004628205e-06 6.589668791296401e-07 1.1476206465549642e-07 3.9974831746108683e-07 1.8926294703058637e-06 2.1286484384289332e-06 0.0 3.7755373511666306e-06 5.67045150449283e-06 3.138863723094199e-06 2.7527414697919075e-06 8.148310632341821e-08 0.0 0.0 0.0 0.0 0.0 0.0 0.0 0.0 0.0 0.0 0.0 0.0 0.0 0.0 3.0778098874548884e-07 0.0 0.0 0.0 0.0 0.0 0.0 4.173377180682587e-07 0.0 1.7710805987940445e-06 2.3760551881191043e-06 4.638169058280812e-06 6.727197036216224e-07 2.2486107348279545e-06 0.0 0.0 0.0 0.0 0.0 0.0 0.0 0.0 2.5655599424936903e-07 0.0 0.0 0.0 0.0 7.346577475388136e-08 0.0 0.0 0.0 0.0 8.479351918340845e-08 0.0 0.0 2.7604726798017364e-07 2.1639501532033466e-06 3.0771140082333624e-07 0.0 0.0 0.0 0.0 0.0 0.0 0.0 0.0 5.58765799185413e-06 0.0 0.0 0.0 2.694247732898462e-07 0.0 8.329581470626075e-07 1.3555899933040692e-06 0.0 1.3102762577142286e-07 0.0 0.0 0.0 0.0 0.0 0.0 0.0 0.0 0.0 0.0 9.843104733669119e-08 2.0589661990984807e-06 2.2542354651085885e-06 5.265679713495276e-06
0.00031874182419485016 0.00044047133277890584 8.018099881562589e-05 0.0013283949944011724 0.0001265296224196893 0.000531782683400348 0.0020683675598600635 1.3364901373880647e-05 1.8567231099633462e-05 0.0 4.341875832602861e-05 0.0021105715881452043 0.002477568983556826 0.0001417115283248837 5.346833101496995e-06 1.797829965059564e-06 1.9796375757550323e-07 0.0 0.0 7.96767512222077e-08 0.0 0.0 0.0 0.0 0.0 8.59497340095858e-08 0.0 0.0 0.0 0.0 5.712459961341827e-06 7.159893881322299e-07 2.5150555920931167e-05 0.0 0.0 2.199558205449629e-07 2.3924041570457888e-05 3.367639614327353e-07 1.163820527581746e-06 0.0 0.0 3.6939028621090827e-07 0.0 0.0 0.0 0.0 2.462901110865967e-05 3.7519894414743906e-07 0.0 1.4504953102527058e-07 1.783802121731342e-07 1.3439132661573122e-06 1.196318423056385e-06 2.1533427882765068e-07 1.4512480718507844e-06 1.5319552087293166e-07 3.3086605393304926e-05 1.3050137942388884e-05 3.0081268136392623e-06 7.728782701080855e-06 0.0 8.040407526980211e-07 0.0 3.6896232201616733e-06 8.057785884251671e-07 1.2759336259087213e-06 3.4723841933072006e-07 2.614372236820203e-07 7.05726146572981e-08 0.0 6.78212852687162e-05 9.028957520857988e-06 1.3071524744103008e-06 1.4625660436447975e-05 2.4154417892310715e-06 9.5886746565475e-06 1.480283576397369e-06 1.800833312817321e-06 8.585217048082347e-08 9.795508701483006e-07 0.0 1.6895801463733307e-07 1.4646306851368544e-06 9.222337319078932e-08 2.1017177700828186e-07 5.841693423636891e-07 9.703395632984849e-08 2.1880239920878713e-07 4.446331225834151e-07 9.068157431354003e-07 2.7079049986614277e-07 0.0 0.0 1.9513304648217947e-07 1.3527625845331693e-06 0.00012206143565062476 2.798447563518865e-05 4.0138539419185486e-07 2.672599152167741e-06 0.00016767541715883468 1.4867472797534887e-06 6.949971808737216e-06 3.5233987428545376e-05 8.357813561342207e-05 9.280850869906926e-06 0.00021401100270548716 4.105635800198343e-05 2.2864966395281277e-05 0.00022393636190999117 0.00013207299119986045 5.831687691990211e-06 0.0001873159871716842 0.00034195213677871294 0.0001499543361498644 1.9321380945211604e-05 0.0 4.3529607306525815e-07 0.0 0.0 0.0 0.0 0.0 0.0 0.0 0.0 4.800226974522869e-07 1.6123539880712612e-07 6.423586804367973e-07 0.0 0.0 1.173948348479971e-06 4.154391320020777e-07 1.055433950005216e-07 0.0 1.5684006464939262e-06 1.5150250514092226e-06 0.0 4.018949308388043e-06 0.0 1.246469847288451e-05 6.305074787228957e-06 1.8333241406096063e-05 4.251948610497554e-06 4.633409862128139e-06 0.0 0.0 0.0 0.0 0.0 0.0 0.0 3.7944024557178435e-07 1.4773685975664924e-06 0.0 0.0 0.0 7.737751254158369e-07 0.0 0.0 9.985158534158003e-08 0.0 5.011074307985706e-07 3.6605047301352425e-07 6.050350895001397e-07 0.0 5.105260614190873e-07 2.0665851301458783e-05 8.228387727826023e-07 3.587769170614782e-07 0.0 0.0 0.0 0.0 0.0 0.0 0.0 4.6711037227864374e-05 1.26179117316557e-06 9.102122606179897e-08 0.0 0.0 4.022327151720713e-06 0.0 4.147381878626149e-06 3.763750390563782e-07 9.08015732814918e-08 5.929242926783999e-07 0.0 5.810084295578642e-07 0.0 0.0 0.0 0.0 0.0 8.472997110211544e-08 0.0 0.0 2.6369006457993087e-05 1.0788906738742818e-05 1.540224497832024e-05
8.161647749903296e-05 0.0009089365038673191 0.001430428287867657 1.8489110057749282e-06 0.0009932312332040542 5.607400974807883e-06 0.00010295834346882102 0.0020166805621933217 0.0004699535095889198 4.341875832602861e-05 0.0 0.0002470368093204931 0.0018863025089010084 0.0038628421674972353 4.601840418419382e-05 3.827474294829855e-05 5.108251353081192e-06 1.6501353348321867e-06 1.0075861984195071e-07 2.654948371105397e-06 2.171632907101546e-06 6.755144962342153e-07 3.686282485977604e-07 1.590696075353904e-06 3.043169003524712e-06 2.164378249185685e-06 3.915993997916645e-06 3.0590816588254288e-06 6.226015722949852e-07 1.2282408901206417e-06 0.00030012310645908874 0.0001065183405861485 0.0009401442467247331 0.0 7.259658313846487e-07 5.059497345508719e-06 0.00023143385078294758 2.7197789258490002e-05 1.2136859213351082e-05 1.821129040432045e-06 5.764898404135049e-06 6.950517292359517e-06 1.6582918218927322e-06 1.9577825413570526e-06 6.89685764157474e-08 1.1500761039130653e-06 8.139106762586699e-05 1.1318320496872694e-06 5.296077046961798e-07 3.6798638855274473e-06 3.659796974764967e-06 7.086264939275375e-06 3.665327398044345e-06 8.212991094750316e-06 2.3612620811801725e-06 1.8483215488546473e-06 3.2693195820133546e-05 5.5004247392521525e-05 1.3809941496254149e-05 3.192430816752419e-05 5.039973750742413e-06 4.87013924783272e-05 3.721892665143414e-06 4.900194644384571e-05 3.3480927303010515e-06 3.7540928325907797e-06 4.22556375651481e-06 3.851146078757779e-06 5.126181920739578e-06 4.769917292529512e-06 7.555490289039093e-05 1.980835967700742e-06 6.952038686038938e-07 7.682898737856827e-05 1.847606762946785e-05 6.061349982024826e-05 2.42975117564486e-05 2.3670468300988183e-05 4.5038947610870124e-06 0.0006803568513124431 1.1216910093226987e-06 9.83074279141076e-05 4.0113994615187e-06 6.303029138415917e-07 1.2500390167004465e-06 3.6096638277935306e-06 1.0031042599657354e-06 1.625648659849686e-07 1.402081803160973e-06 2.444644211165656e-07 2.5232375156864817e-06 2.3542559879028873e-06 1.4174347524643416e-05 1.1746007067555348e-05 1.2678968839087491e-05 7.41272948116359e-06 2.0766736590044086e-06 2.0523280527228256e-07 7.600688311047646e-06 3.07655949690622e-05 2.030820520339725e-07 0.0 1.3598787687934682e-07 2.4136708183365475e-07 2.2452742646595885e-06 2.168915177159397e-06 4.193552783138917e-06 8.823153296774815e-07 2.797654672851756e-06 6.004880500085201e-06 9.84717040649439e-07 1.1779061518845806e-05 1.6774590528186818e-05 1.0604957900151996e-05 5.594468489948062e-06 8.071521204908305e-08 0.0 0.0 1.0986132658775207e-07 0.0 0.0 0.0 9.440738371625848e-08 0.0 0.0 3.713752460720401e-06 0.0 5.095624040466991e-07 0.0 5.2260698468928e-07 1.2846872481708087e-06 5.196035097234172e-07 1.2241420617747021e-06 0.0 1.7595058365765085e-06 7.105992855701087e-07 0.0 7.517705349921258e-07 0.0 6.952436648965197e-06 3.646518392267754e-06 1.1007352232713552e-05 6.560816608895131e-06 2.9867087289077796e-06 5.135181080087325e-07 4.991895498069142e-07 1.0766707835393457e-07 0.0 0.0 1.3568046068274197e-07 6.04514146865599e-07 0.0 7.568137868448691e-07 0.0 2.8627420943437465e-07 1.196029441858461e-06 1.199193321157311e-06 4.0387989171760105e-06 0.0 0.0 0.0 0.0 1.3437551922768215e-07 3.020067075274475e-07 5.270684782563007e-07 1.762521386135766e-06 1.2809746007363726e-05 1.168044976476246e-07 0.0 6.292993131240076e-08 0.0 0.0 0.0 0.0 0.0 3.642805706670886e-07 1.8041546849100357e-05 7.169576555263697e-07 1.0313078540308617e-06 0.0 2.34997415797606e-06 1.5248984560960096e-06 6.667308579475026e-07 1.3905527849782535e-06 2.6735645090404215e-07 1.2754352805220807e-07 2.861051345969013e-07 8.039450006126842e-08 9.43135753707771e-08 0.0 0.0 0.0 0.0 8.846727401160187e-08 4.3482128153147237e-07 7.468440042088661e-07 2.879562160680826e-07 5.641419439653424e-06 4.100823778081193e-06 1.216412290234132e-05
3.338206115306902e-05 9.829787679370079e-05 0.0001396124071063015 0.000566333179071643 3.2912611550679894e-05 8.913587766290003e-05 0.00044896937796400034 0.00019044858693867823 2.3257236066793955e-05 0.0021105715881452043 0.0002470368093204931 0.0 0.0007407083599635041 0.00020442580671741696 1.4007912316423679e-05 1.0532646635635678e-05 2.353700999290932e-06 2.401417166812086e-07 0.0 4.023398416973891e-07 1.1041943434245959e-07 2.8640585862948053e-06 2.513115398799718e-07 0.0 0.0 4.67448888567351e-07 0.0 5.798534817244197e-07 1.0886405574550855e-07 6.708403412443777e-08 1.0129911878918242e-05 9.289477859043929e-07 0.0001003796173601773 0.0 1.2131155206978965e-07 0.0 0.00011923112587343298 1.3333741794179682e-05 3.663290658887029e-06 3.177744371774803e-07 9.117706616795321e-07 2.2381854606719646e-06 1.619309116693072e-07 3.430181530387365e-07 0.0 4.487785752442632e-07 1.5690161052598484e-05 0.0 3.2176397849563494e-07 9.64404180647037e-07 6.77761820778063e-07 1.3408015961180432e-05 1.9618375002068224e-05 6.084044338048501e-06 9.195893298062059e-08 3.027803770497823e-07 7.578594028732752e-06 3.799156365101643e-06 1.815077201303973e-06 2.2487069957457145e-06 1.3118816443617002e-06 2.1352026966560232e-05 1.408454863109283e-07 3.2664534938369983e-06 1.7001050906243132e-07 4.006718432202829e-07 6.822520786419488e-07 2.8561730677644144e-07 3.8455399615671743e-07 2.0633032627848115e-07 0.00010390639816662057 1.6847716891361344e-05 2.8298785366250555e-06 8.845208989238757e-06 1.8653997357032035e-06 9.379239043023666e-06 2.8137275187758436e-06 2.4058480591971946e-06 0.0 7.477424445296142e-06 2.5334535325085633e-07 1.7217318933273352e-06 3.51032874297944e-07 2.53578072847783e-07 3.1173208268577093e-07 3.640804672284683e-07 2.751615688232942e-07 3.258839488287454e-07 7.996868873650869e-07 1.5840190541811419e-06 9.422405393845836e-07 1.4691304836086696e-06 2.209621898197599e-06 1.371769556652205e-06 6.8488684600170916e-06 0.0005074757120370039 1.5522555789310664e-05 1.9380423468049778e-06 6.434263055028222e-06 2.851743702385407e-05 1.293015430555805e-06 5.860087044065067e-06 2.9359401621833038e-06 1.3795710893382056e-05 1.1218045583308575e-05 2.6786393125740427e-05 3.0845017660255664e-05 9.84984209219059e-06 0.00010203951469592561 7.834092658013072e-05 8.412882686079672e-06 6.333351034931585e-05 0.00013322925819662603 0.00010688280559839225 3.427101281767873e-05 5.526410321591649e-07 4.428795486694296e-07 4.957486214304562e-07 0.0 0.0 0.0 0.0 1.44580695883827e-06 0.0 0.0 4.211515503918106e-06 0.0 2.278461246442908e-06 0.0 0.0 8.956279174455153e-07 4.258343087202542e-07 1.4028509898696622e-06 1.0048791081633209e-07 4.67196217142291e-06 1.8588786055198374e-06 0.0 2.532090594333944e-06 2.0915696162409757e-07 2.5173542598637625e-05 8.998228001232512e-06 4.077758964576712e-05 1.6921259581224265e-05 9.790388219045123e-06 0.0 1.1106662847776425e-07 0.0 1.0934998053270683e-07 0.0 0.0 0.0 3.729960254091358e-07 1.7536540754454356e-06 0.0 0.0 3.378619200348175e-07 1.7108127871282962e-06 4.02449220823843e-06 0.0 2.5399225226335575e-07 1.3480624587364684e-07 1.8595887422258517e-07 5.831089355944151e-07 1.3121609730085624e-07 2.22528813104424e-06 2.913082534555938e-06 3.494134569017113e-05 1.3273977970852146e-06 3.954316274249682e-07 0.0 0.0 1.4609519183092957e-07 0.0 0.0 0.0 0.0 9.667875146219055e-05 2.0830441493489824e-06 5.566560863350025e-07 1.7555666544032454e-07 7.942886231309031e-07 6.280644643528638e-06 1.2796267570755784e-06 5.869624802532428e-06 8.528395222587344e-08 7.901432976781603e-07 4.840105698000945e-07 1.048851795549374e-07 8.251180265609857e-08 8.594524610761602e-08 0.0 0.0 0.0 0.0 8.165680135929124e-08 1.023303726662699e-07 1.1694070191058006e-07 3.516664629666264e-05 2.7240343600938914e-05 2.8314604579565136e-05
