0.0 0.0013084105633580172 0.0012330243597902415 0.000805379018494905 0.00014941794191852573 0.00025452641400204465 0.0008333760320091343 4.233396290771846e-05 0.00020114862955076762 0.0011458323832284323 0.00015608988625753594 0.0001243002422617304 0.00011317233340696737 5.724788332303269e-05 5.33896233210297e-05 2.5787480393116497e-05 2.8961238660858477e-06 2.5362241969849567e-07 2.974336292281927e-07 2.5672154736665164e-07 1.2316333831368874e-07 3.2988644676051485e-07 3.6147246002584144e-07 3.851788596078018e-07 1.1905130766930672e-06 7.579606855488802e-07 6.054744463412837e-07 7.404161593725491e-08 6.419399699398333e-07 0.0 0.0013614652849280736 5.976212269395253e-05 2.6351304653851356e-05 7.782076145283967e-07 2.4648913951432546e-06 3.922745986602506e-06 2.1028025158135857e-06 1.5506609526405247e-06 5.075002506410949e-06 1.1384499924331276e-06 2.4526060360988707e-06 2.0225348397125606e-07 8.291976071900355e-08 1.1039990236457405e-06 5.252054535257037e-07 4.616432733971135e-07 9.761018937066991e-05 3.7019965025197125e-07 5.797242473487132e-07 0.0 9.885790744347788e-08 0.0 4.595917890496823e-07 0.0 0.0 0.0 1.1717548227287489e-05 0.00033317768570958144 7.3246706869190825e-06 4.701291743888614e-05 9.947521891371034e-07 4.207700275198518e-06 1.2362944296056042e-07 6.374053043798798e-05 9.662655004318288e-08 0.0 1.9791276215893762e-07 2.0074211101215677e-07 1.04176488550946e-06 5.091917495360872e-07 5.9965764321167385e-06 2.318711812566537e-06 0.0 9.164007621846487e-06 1.0278893376799535e-05 5.686715392493972e-05 0.0005113062985055197 8.141378425913366e-06 1.4147879667825973e-05 2.0066387380219317e-05 8.714799080761338e-07 8.725300703825547e-06 5.613867821307962e-07 0.0 3.2359109910792064e-07 8.73275734449304e-08 4.085919640989803e-07 8.260643187778995e-08 8.68283355836621e-08 0.0 7.92498803611795e-08 0.0 3.72084896310346e-07 8.237335494286712e-08 0.0 4.2651797213885566e-05 2.343508144156789e-06 0.0 2.5754207219346056e-06 0.0005966390038616 0.0 2.573147703439663e-07 1.4885095829350825e-06 0.0 3.3961346634096717e-07 1.6525171421841068e-06 3.902071094628122e-06 1.937431898579098e-06 4.543122743708435e-07 1.3299467208211603e-05 6.514208254271415e-07 8.738456515789872e-06 4.544516196880364e-06 1.7336955540564516e-06 2.9619616981384915e-06 1.492232359531378e-07 0.0 0.0 1.1638818787583637e-06 0.0 0.0 0.0 0.0 0.0 0.0 0.0 0.0 7.238662879853952e-08 0.0 0.0 0.0 0.0 0.0 0.0 5.915791760966563e-07 0.0 0.0 7.449479216999653e-07 0.0 9.39802811195859e-07 5.758875687905031e-07 4.260067095972606e-06 1.4967373691724067e-06 7.919310473706713e-07 0.0 0.0 0.0 0.0 0.0 7.731162854321617e-07 0.0 6.121765911099102e-08 3.3493241073330586e-07 0.0 0.0 0.0 3.2579027698894093e-07 0.0 0.0 0.0 0.0 0.0 0.0 0.0 1.431608298722878e-07 3.147835154594498e-07 6.693324503909466e-07 7.416131390436214e-08 0.0 0.0 0.0 0.0 0.0 0.0 0.0 0.0 1.0491585761460343e-06 0.0 0.0 0.0 0.0 1.075988591825732e-06 9.996875921573416e-08 5.216049037268067e-07 0.0 0.0 1.5765815246519705e-07 0.0 8.042412517111986e-08 0.0 0.0 0.0 0.0 0.0 0.0 0.0 0.0 5.977976953008038e-06 9.437659866444655e-08 1.734425112366097e-06
0.0013084105633580172 0.0 0.0032940633865253225 0.00013453173623416783 0.0010653424407820046 6.265698899303913e-05 0.0013515921770490499 5.6303763577026714e-05 0.0019619850604819973 0.0013514287875396158 0.0002736837672306967 0.0009031370137444492 0.0007681715237893859 0.0007880076627652037 5.931808473710467e-05 4.827882028109366e-05 3.1822007768977826e-06 0.0 9.14909141174455e-08 1.733567925037653e-07 2.688598158588781e-07 0.0 4.63338943323868e-07 2.0967166919028393e-07 1.1285824535675515e-06 8.344766111805186e-07 7.096330220366914e-07 1.8621269504017727e-07 1.5928586392342584e-07 9.822253114177492e-08 0.0008996396380802257 6.017512860519057e-05 2.009429930456254e-05 4.924924864227401e-07 1.3395896035720964e-06 1.8025504467737937e-06 3.945016662783585e-07 1.43799395207421e-06 2.2361777938364227e-06 3.2185606310768246e-07 1.784544935139891e-06 0.0 7.1255552536827e-08 4.958327635935605e-07 5.882178007285904e-07 0.0 8.700849296072963e-05 5.464740607071422e-07 1.9195493028642298e-07 8.747618990928262e-08 1.4842123988432966e-07 0.0 8.828878799141045e-07 1.7304736458324394e-07 0.0 0.0 4.546853894363188e-06 9.602408381582954e-05 2.0588462892495124e-06 1.590288005717275e-05 3.173856510645279e-07 1.3025932471158205e-06 8.50813507064771e-08 3.376112576361523e-05 0.0 7.80060650303138e-08 2.912449723718173e-07 1.9602172624824203e-07 9.488387832909759e-08 6.117996169632707e-07 4.015856921088487e-06 5.442178887750623e-07 0.0 2.5320997793791582e-06 5.567186844710492e-06 5.845725847109519e-05 0.0004230225912848776 1.0237261348317657e-05 1.1910830147425151e-05 1.3643331059901794e-05 3.2713303049761505e-07 4.830131063940786e-06 6.599961074025306e-07 0.0 1.1884432998579102e-07 0.0 1.3313269490105412e-07 0.0 0.0 0.0 1.518150839566427e-07 0.0 2.232535490649801e-07 0.0 0.0 4.999318348748676e-05 4.334744703498739e-06 0.0 1.3438904609283192e-06 0.00030604216468200975 7.781856856934646e-08 1.0644407836714024e-07 1.33692889878079e-06 0.0 4.963813536391697e-07 0.0 1.4145349040896423e-06 4.7087203957577823e-07 3.257393065993287e-07 5.217129616911292e-06 2.812771786138775e-07 8.500478836973376e-06 4.877877102638917e-06 2.234950148252527e-06 2.3355201599432155e-06 1.692316488591006e-07 0.0 0.0 2.3597614348196448e-07 0.0 0.0 0.0 0.0 9.717501703135698e-08 0.0 1.4610843076775193e-07 0.0 0.0 0.0 0.0 4.2975666773510473e-07 0.0 0.0 0.0 9.337183655283857e-07 6.455317149792501e-07 2.939685102894785e-07 2.7293723783021685e-07 0.0 1.4559075828742065e-06 8.678194416120936e-07 2.2193966421528977e-06 1.5750053188831968e-06 1.4908014538290806e-06 0.0 0.0 0.0 9.34797560775466e-08 0.0 9.017065550790491e-07 0.0 0.0 2.638275420257404e-07 0.0 0.0 0.0 4.840537674359367e-07 0.0 0.0 0.0 0.0 0.0 0.0 0.0 3.868493396775943e-07 7.799741778435038e-07 1.986941541061022e-06 3.3585284343051145e-07 0.0 0.0 0.0 0.0 0.0 0.0 0.0 0.0 1.0731470541335677e-06 0.0 0.0 0.0 0.0 1.027783345849966e-06 8.428151306508036e-07 1.4258655897055077e-06 0.0 0.0 0.0 0.0 6.499670371947901e-08 0.0 0.0 0.0 0.0 0.0 0.0 0.0 0.0 5.8090523693667055e-06 6.737910181559743e-07 1.886074807129985e-06
0.0012330243597902415 0.0032940633865253225 0.0 6.008282933908779e-05 0.0007984690630977489 4.2641695041408515e-05 0.0005038492019902182 0.0012211527844108493 0.0008915114132020196 0.0002988625916690038 0.001760043386294059 0.0001826128823922336 9.223903042353806e-05 0.0006398292319422608 0.00017939636660040264 0.0001702169669730344 1.2509343117759106e-05 3.758201312413694e-06 1.2667759340941661e-05 2.241878664556439e-05 1.4902028698546065e-05 1.114009296830272e-06 3.9385337983655464e-05 2.9075222172935433e-05 1.7361018708262274e-05 9.004370336652816e-06 2.37906867999681e-05 2.9261011433494357e-06 2.4007489869024956e-06 2.0840656799958437e-06 0.0018448777441586364 0.0005999083016822967 0.0001703345303920255 5.0836598270865865e-05 6.232839631062238e-05 4.7433519574840297e-05 9.556941001102017e-06 2.7952839180667057e-05 2.8647063006058245e-05 1.3776173382326149e-05 3.940667148517529e-05 3.415046776085078e-06 1.2077119936018131e-05 6.645866596196853e-05 2.4240869137607186e-05 2.0286274317822372e-05 0.00018149990786076349 3.9993028719014115e-06 4.2756994326651505e-06 2.2006135502758823e-05 4.802978490112242e-06 1.6902783067523078e-06 5.46111542117402e-06 2.9978509314627948e-06 9.37147157912263e-08 0.0 1.7844758359289415e-05 0.0004938011438787281 1.0807134934128017e-05 8.31478539631686e-05 0.00012650053088377128 8.487112192551383e-05 8.572923874983478e-06 0.0002871865715974173 1.4917264704157433e-07 1.7448671141030093e-06 3.916633496145576e-06 1.8967613030706472e-05 4.114264379867272e-05 3.617608653679114e-05 2.7703789587562067e-05 1.2521621831701998e-05 3.090580714002215e-07 1.2540528554461743e-05 4.1675548605198e-05 0.0001785252039959229 0.0012655541878160267 5.982004081405658e-05 0.0007642417590743044 0.00041708350405002205 0.00013866531107285725 0.0005664286417443433 1.0665723537975877e-06 1.8464301746833463e-07 1.8962763730973564e-06 1.1146190525739896e-07 2.3545086623673108e-05 8.10724225035067e-08 6.617027171352641e-08 2.2029059675448924e-07 2.1089772118039505e-07 5.79965938304092e-07 1.0394843260548944e-05 3.2091346715113085e-06 2.0582743859728266e-06 4.1786251338374005e-05 2.6453488373064153e-05 1.3829613811539765e-06 9.813347256861369e-06 0.00039909823158632707 0.0 7.17945625611148e-08 7.353917858267439e-07 0.0 4.0575205076495923e-07 8.092441086644792e-07 9.677720864567033e-07 2.0379617443229744e-06 9.925446310447532e-07 3.65718486065426e-06 0.0 5.889341525143025e-06 6.436578978801588e-06 4.653932192292141e-06 4.9960963377717055e-06 7.756192213623818e-07 7.378884581335181e-07 1.8490498828901543e-07 1.112897645184687e-06 0.0 5.4361304917587566e-08 0.0 3.202061090180621e-07 0.0 9.36015398681785e-08 3.241676293441659e-07 0.0 4.0779849591042365e-07 0.0 0.0 2.861617712191696e-07 7.490889643652431e-07 2.90847810652952e-07 0.0 1.6833518775024948e-06 8.271552906215176e-07 3.6427489006513564e-07 1.3591011659310319e-06 2.23509908466621e-07 3.502656323336762e-06 2.8148450362700367e-06 1.0172371181572605e-05 7.119524553349999e-06 4.226419947580502e-06 0.0 0.0 0.0 4.77238305228212e-07 8.650210078630034e-07 2.3613249410611176e-06 0.0 6.480731217401136e-08 1.5575445271385686e-06 0.0 1.4368980456274446e-07 4.5712380450746224e-07 2.37475469118169e-06 0.0 0.0 0.0 0.0 0.0 4.311184520761147e-07 5.5695007551911146e-08 2.244837339390486e-06 2.6318942892668125e-06 4.413206634797325e-06 8.022623897090828e-07 0.0 0.0 0.0 0.0 0.0 0.0 0.0 0.0 5.175209895528364e-06 1.2474248392458686e-06 3.9367921806383927e-07 2.0385463348212174e-07 0.0 1.7644385439041125e-06 1.4601933041659133e-06 2.3852730869743024e-06 0.0 3.730344813139234e-07 1.570665353874104e-07 0.0 6.180895316301059e-07 0.0 0.0 0.0 0.0 0.0 0.0 0.0 0.0 5.589783887668032e-06 2.1306984396138106e-06 1.0725139882352087e-05
0.000805379018494905 0.00013453173623416783 6.008282933908779e-05 0.0 1.4144240416463735e-05 0.0001954096127979021 0.00012377547528030457 0.0 3.0282327145129734e-05 0.0011603202024709548 1.8462593512742588e-05 0.0006331486621507589 7.478844272448524e-05 1.0168675643739561e-05 5.494515768650754e-06 2.200065777331642e-06 3.569675303721455e-07 0.0 0.0 0.0 0.0 0.0 0.0 0.0 0.0 0.0 0.0 0.0 8.002688346492179e-08 0.0 9.440975784396196e-06 2.5075721560041582e-06 0.0 0.0 0.0 0.0 0.0 0.0 0.0 0.0 0.0 0.0 0.0 0.0 7.536682760855762e-08 0.0 5.974896733114783e-06 1.0549724985010884e-07 0.0 0.0 0.0 0.0 0.0 0.0 0.0 0.0 8.836661505094279e-08 2.7055494064119524e-06 7.62616243655992e-07 1.235448348210677e-06 0.0 0.0 0.0 5.74018880110019e-07 0.0 0.0 0.0 0.0 0.0 0.0 0.0 0.0 0.0 0.0 0.0 3.992666888962759e-06 1.8252621005040747e-05 2.5501241495649885e-07 1.9375973985235437e-07 3.501599561460097e-07 0.0 0.0 0.0 0.0 0.0 0.0 0.0 0.0 0.0 0.0 0.0 0.0 0.0 0.0 0.0 3.53362107498819e-06 0.0 0.0 0.0 0.00011705795506353398 0.0 0.0 0.0 0.0 0.0 0.0 0.0 1.1558153592897187e-07 0.0 0.0 0.0 6.015741840063652e-07 1.577378998360039e-07 2.9817520409637404e-07 0.0 0.0 0.0 0.0 0.0 0.0 0.0 0.0 0.0 0.0 0.0 0.0 0.0 0.0 0.0 0.0 0.0 0.0 0.0 0.0 0.0 0.0 0.0 0.0 0.0 1.8546088794626866e-07 0.0 1.1519103777021645e-07 0.0 0.0 0.0 0.0 0.0 0.0 0.0 0.0 0.0 0.0 0.0 0.0 0.0 0.0 0.0 0.0 0.0 0.0 0.0 0.0 0.0 0.0 0.0 0.0 1.0678001285917899e-07 0.0 0.0 0.0 0.0 0.0 0.0 0.0 0.0 0.0 2.3320902477366787e-07 0.0 0.0 0.0 0.0 0.0 0.0 0.0 0.0 0.0 0.0 0.0 0.0 0.0 0.0 0.0 0.0 0.0 0.0 0.0 0.0 1.4064295784588432e-07 0.0 0.0
0.00014941794191852573 0.0010653424407820046 0.0007984690630977489 1.4144240416463735e-05 0.0 2.1810451587628507e-06 0.00027515077824902137 4.632576048204255e-06 0.0007576653724146091 0.00013185607018143216 0.00011016551585242704 0.00018069386706019168 0.0003904498940542281 0.0007881393093631428 1.1454321088640398e-05 1.9817799529375123e-05 8.802137249451425e-07 0.0 1.1154723328288698e-07 0.0 0.0 0.0 0.0 0.0 0.0 1.1526703804212497e-07 0.0 0.0 0.0 8.683877700702898e-08 1.6091667409092746e-05 1.286982856486249e-05 1.6716620856795642e-06 0.0 9.950582329781599e-08 5.838051149282343e-07 0.0 0.0 3.7030426137753706e-07 1.9934401242205307e-07 1.1889484506289348e-07 0.0 0.0 2.3354153826901124e-07 0.0 0.0 2.0498319555737804e-05 9.48103822759931e-08 2.2527089727991872e-07 0.0 7.932489617360734e-08 0.0 1.2547164968101422e-07 0.0 0.0 0.0 0.0 1.774375677902101e-06 8.968836880831962e-08 1.1750099010843882e-06 0.0 1.2363440217519435e-07 1.3815584402538023e-07 3.5980634726441994e-06 0.0 1.5988104351395818e-07 0.0 0.0 0.0 0.0 1.1989623293963137e-06 0.0 0.0 0.0 3.070734872273743e-07 1.0889892375937268e-05 4.009098609830051e-05 3.4137973431823006e-06 1.2215495154533039e-06 2.333939924043442e-07 0.0 1.018235793232842e-07 9.491299987111051e-08 0.0 0.0 0.0 0.0 0.0 0.0 0.0 0.0 0.0 0.0 0.0 0.0 3.0283761637956267e-05 9.270714120193943e-07 0.0 6.201649383429177e-07 2.543134228831544e-06 2.8378363706317693e-07 0.0 2.3551482576931757e-07 0.0 0.0 4.2451908487727113e-07 6.712763025527806e-07 8.006876360180429e-07 2.089139368808759e-07 2.9569969397671135e-06 4.361836622317529e-07 3.2435591337271783e-06 2.491961969649929e-06 1.0779171971713593e-06 1.3291384094447834e-06 0.0 9.062481127782986e-08 0.0 7.154589424916668e-08 0.0 0.0 0.0 0.0 0.0 0.0 0.0 0.0 7.154414683358847e-08 0.0 0.0 0.0 0.0 0.0 0.0 1.440844792908466e-06 4.253216162459218e-07 0.0 0.0 4.6973092798023453e-07 0.0 5.057592223590552e-07 2.013415883836094e-06 7.428235996567074e-07 2.624186574514516e-07 0.0 0.0 0.0 9.279967916254903e-08 4.3803824853017626e-07 7.742138839186593e-08 0.0 0.0 3.745997103594877e-07 0.0 0.0 0.0 1.0794941658962304e-06 0.0 0.0 0.0 0.0 0.0 0.0 0.0 0.0 2.6631881518755036e-07 1.7103163272771517e-06 5.011892814624038e-07 0.0 0.0 0.0 0.0 0.0 0.0 0.0 0.0 1.5962995712341067e-07 1.4318452458141346e-07 0.0 0.0 0.0 6.970333989145876e-07 6.189640762097684e-07 1.8946250038472326e-07 0.0 2.3016431310330643e-07 1.212019873845856e-07 0.0 7.61289838327569e-08 0.0 0.0 0.0 0.0 0.0 0.0 0.0 0.0 4.674317197866695e-06 2.2243744446123953e-07 6.356016137136768e-07
0.00025452641400204465 6.265698899303913e-05 4.2641695041408515e-05 0.0001954096127979021 2.1810451587628507e-06 0.0 8.094348689777973e-05 1.9650048735231225e-07 1.2510841686592089e-05 0.0008316520012075958 1.8264508445563047e-05 4.153302401302947e-05 4.679172655393657e-05 1.0213280985967965e-05 2.1668352349637206e-05 7.796142471516235e-07 1.4417382021929274e-07 0.0 1.1749496829285294e-07 9.766950487563094e-08 0.0 0.0 0.0 0.0 0.0 0.0 0.0 9.4888449912811e-08 0.0 0.0 0.00010300458387502569 5.9528187587241755e-06 4.780606070043834e-06 0.0 1.1244103635114023e-07 0.0 8.654202400232142e-07 8.512068847675068e-07 3.028721679539561e-06 2.8376114831691513e-07 0.0 0.0 0.0 1.7700694675474522e-07 0.0 1.1140951970728325e-07 3.8098851244293926e-05 3.066615155461966e-07 1.1318798267636303e-07 0.0 0.0 1.2353524064814127e-06 4.2747355853048466e-07 0.0 0.0 0.0 1.1840216948546591e-05 0.00012316806731247308 5.730589533595971e-06 2.5126358427087502e-05 1.134848956557362e-07 3.007925176054954e-06 2.7321655974924465e-07 4.021377185333326e-06 7.239160031891695e-08 1.195776538529499e-07 0.0 0.0 1.4265375325240455e-07 0.0 2.4344505494465323e-05 9.665729714930173e-05 2.5028104485535426e-06 7.542234318606343e-06 2.3870255232958615e-06 1.659931414791986e-05 0.000126335870320243 0.0 2.3030776115538508e-07 4.1478574629752715e-07 2.6146955852474285e-07 4.566335559918269e-07 1.5827338426477654e-07 0.0 1.930960726463254e-07 1.1214350808459164e-07 0.0 1.350298510732836e-06 1.0662285620883179e-07 1.2552908366240423e-06 0.0 0.0 0.0 0.0 0.0 0.00011510897141896265 9.839561745403642e-05 9.493267860084211e-06 5.4033094002404555e-06 3.166732079521265e-05 4.856264537620672e-07 1.1919440193125944e-06 1.2718164841551e-06 0.0 4.102218536738102e-07 2.3707704236887104e-06 8.627685171940944e-06 4.783540712991384e-06 3.353573975841053e-06 3.0402268298340184e-05 8.659170105829086e-07 1.61135481470264e-05 1.4962076493691806e-05 5.81312984671389e-06 3.542513328304871e-06 2.9188915343300044e-07 0.0 0.0 1.575631336666961e-07 0.0 0.0 0.0 0.0 0.0 0.0 0.0 0.0 0.0 0.0 2.1879762088193502e-07 0.0 0.0 0.0 0.0 1.4838676718975219e-06 1.4042369533862406e-06 0.0 4.5432467856030005e-07 0.0 3.1851131279909666e-07 3.149523318017712e-07 2.5454206482811677e-06 1.5537323923857865e-06 4.32141446992592e-07 0.0 0.0 0.0 0.0 9.166205624529002e-08 1.9279917812556751e-07 0.0 0.0 5.500158628865296e-07 0.0 0.0 0.0 4.868458483449402e-07 0.0 0.0 0.0 0.0 0.0 0.0 0.0 7.860836349346585e-08 4.682250618413552e-07 1.4158365133448954e-06 9.135650401868665e-07 0.0 0.0 0.0 0.0 0.0 0.0 0.0 0.0 3.549635886494722e-06 1.2088299420963506e-06 0.0 0.0 0.0 9.062322875921469e-07 5.047460166615389e-07 1.2116828626012605e-06 0.0 0.0 0.0 6.723783188011978e-08 2.4730946252694075e-07 0.0 0.0 0.0 0.0 0.0 0.0 0.0 0.0 2.551535035053172e-05 6.574624286485903e-07 2.4111188031479858e-06
0.0008333760320091343 0.0013515921770490499 0.0005038492019902182 0.00012377547528030457 0.00027515077824902137 8.094348689777973e-05 0.0 3.8264870275765365e-06 0.0009762701723187939 0.0023013823247541145 0.00012096458589144451 0.0011790837395063123 0.0025505288990299133 0.0017949645922307968 4.050500860546841e-05 4.702967298847028e-05 2.502253927456242e-06 0.0 1.0240319830115005e-07 0.0 0.0 1.0194233590101302e-07 1.206080998971216e-07 0.0 0.0 0.0 3.2590628938586736e-07 2.411076815951135e-07 3.333902303453329e-07 7.76416181305659e-08 3.118831005067681e-05 2.0988530828040432e-05 3.9555296317433105e-06 0.0 0.0 2.6522388089452225e-07 8.871128046800079e-07 3.338641737508194e-07 4.4121662518652705e-07 2.466478749915647e-07 0.0 0.0 0.0 5.981501477923541e-07 2.3796886175127077e-07 0.0 6.16630031502319e-05 3.2404411044369927e-07 3.359439551554484e-07 1.8078936928982633e-07 0.0 1.0019128397559851e-07 0.0 0.0 0.0 0.0 4.216076321033633e-07 4.519408628425295e-06 1.1783130579799149e-06 5.63077538989455e-06 0.0 1.810896725015361e-07 9.97437979186552e-08 1.2548747037556974e-05 0.0 0.0 7.940210856125146e-08 1.7142361557442486e-07 0.0 1.330329014740719e-07 4.887605260500643e-06 4.991613195436892e-07 0.0 9.497930567828306e-07 1.0103929121938486e-07 3.192092840494884e-05 0.00013196857081449907 1.1844928467022307e-05 4.32251452956112e-06 1.9967498154658616e-07 0.0 7.91573171737957e-07 9.392407340553647e-08 0.0 7.495121958017311e-08 0.0 0.0 0.0 9.738262107721721e-08 0.0 1.8796111353648103e-07 2.278193060088386e-07 0.0 7.861494091337114e-08 0.0 0.00012673306394790117 4.217952928460065e-06 0.0 4.34715993120724e-07 1.1384514777363699e-05 2.4314055965835986e-07 1.7358576547322812e-07 4.8859843048956e-06 0.0 2.4318837977763384e-07 1.9387208144599225e-06 4.1232817610603835e-06 4.8658369724511695e-06 3.2597014327364587e-06 1.6610158387494833e-05 1.1678511640086215e-06 2.2181964168419756e-05 2.094241234697873e-05 7.257221147027642e-06 1.0339397764252412e-05 2.226210523072582e-07 3.598121260415716e-07 1.7978693111787992e-07 1.1939156639961426e-07 0.0 0.0 0.0 0.0 0.0 0.0 0.0 0.0 3.072879763367276e-07 0.0 0.0 0.0 0.0 1.3062540581406786e-07 0.0 1.8565232101458439e-06 1.05715887840886e-06 0.0 1.2767699212424503e-06 1.476881682849128e-07 2.6280889780488055e-06 1.960125498553078e-06 1.1108191571137013e-05 3.7157743944298838e-06 9.70279584741329e-07 0.0 1.3877856386988466e-07 0.0 0.0 8.013501834014126e-07 1.099446366165847e-06 0.0 1.7349499830910932e-07 1.163425538718966e-06 0.0 0.0 0.0 2.4892401483834876e-06 0.0 0.0 0.0 0.0 0.0 8.198309674611014e-08 1.1101423461430301e-07 1.3281686184103656e-06 6.329410073683182e-07 4.2850674690959725e-06 9.195448132000572e-07 0.0 0.0 0.0 0.0 0.0 0.0 0.0 0.0 4.100998748371436e-06 0.0 0.0 0.0 0.0 2.5854758618599685e-06 1.9402686062669354e-06 3.5026534007226787e-06 0.0 6.149909146503055e-08 0.0 0.0 3.8900755173847485e-07 0.0 0.0 0.0 0.0 0.0 0.0 0.0 0.0 1.6038685215003032e-05 1.3262164352601762e-06 3.254573973977283e-06
4.233396290771846e-05 5.6303763577026714e-05 0.0012211527844108493 0.0 4.632576048204255e-06 1.9650048735231225e-07 3.8264870275765365e-06 0.0 3.270659496747163e-05 6.378829755027187e-06 0.0021000504043655875 1.8764813479367023e-06 1.8600062462471062e-06 0.0003035433021374771 1.4413356936285073e-05 7.394099769935541e-05 2.4325901413008554e-06 7.931421232709326e-07 3.48181627597875e-06 6.230836072048189e-06 4.871707956538873e-06 4.688238716262226e-07 9.142200004640757e-06 7.127368141969245e-06 2.0927603830591103e-06 2.4346978013674024e-06 3.992528960036644e-06 7.205661583027712e-07 0.0 3.659422321703336e-07 0.00019064306172050072 0.0005478786324259748 5.6201324747445236e-05 1.2140751243660879e-05 1.2686888231594713e-05 1.0993826451800983e-05 1.6341523520627293e-06 7.463694202766375e-06 6.3281625297120326e-06 3.894950179255029e-06 7.092955382515451e-06 1.5779335997613522e-06 2.9197348592383865e-06 2.0779817868562536e-05 7.342724234022771e-06 6.1629494506059415e-06 1.8397132777894016e-05 5.388858285714421e-07 5.554155246921138e-07 4.242811194857394e-06 8.080368660033207e-07 1.364796048676257e-07 4.707118987826303e-07 9.466741537848562e-07 0.0 0.0 2.4664669979305963e-07 5.721693323982752e-06 3.239409821602263e-07 2.317939085708664e-06 5.795685826467091e-05 4.9855355696124704e-05 3.2241357358676094e-06 0.00010128854118691138 0.0 4.5815397367240506e-07 6.311280206358254e-07 4.3459841112621305e-06 8.950457557627499e-06 8.517175306682951e-06 2.315590183846375e-06 1.681978704195868e-06 0.0 6.635277573435235e-07 2.045073227343668e-06 1.553008275060634e-05 0.00018468649995453796 5.5062274806945966e-05 0.0004915104311459332 0.00041133070847000993 6.1143936484537e-05 0.00017852690054571038 8.465117267777846e-08 0.0 6.3663332724943e-07 0.0 3.421082767887487e-06 0.0 0.0 8.9642966767645e-08 0.0 6.036614473030473e-08 2.7071312789756118e-06 4.2147211510297583e-07 1.4545703854087263e-07 3.3547487744094514e-06 2.1228416746197037e-06 3.1930078162101304e-07 4.815179843998565e-07 2.2177975716973984e-05 0.0 0.0 0.0 0.0 0.0 0.0 6.404599274037065e-08 0.0 0.0 1.724628786838205e-07 8.460781954339802e-08 3.653879014953777e-07 4.0101005096257193e-07 1.455330080484224e-07 3.908615104439792e-07 5.685786954910614e-08 0.0 0.0 1.2995689629796827e-07 0.0 0.0 0.0 0.0 0.0 0.0 1.9942110790513392e-07 0.0 7.347428424428229e-08 0.0 0.0 0.0 6.492932977376995e-08 0.0 0.0 0.0 0.0 9.858150813853335e-08 1.1461952827732275e-07 3.518298455401139e-07 6.490382612034857e-08 1.6350800759129632e-07 8.258377331226776e-07 1.1661739188563357e-06 4.1737831418702733e-07 0.0 0.0 0.0 0.0 5.651098294534488e-08 2.1934135015885828e-07 0.0 0.0 0.0 0.0 0.0 0.0 4.645209038349882e-07 0.0 0.0 0.0 0.0 0.0 0.0 0.0 6.62945351114753e-08 0.0 3.0924720452507553e-07 8.612994156945207e-08 0.0 0.0 0.0 0.0 0.0 0.0 0.0 0.0 3.338854626870892e-07 3.994545742187381e-07 0.0 0.0 0.0 2.1131485512097456e-07 1.29389306184382e-07 1.458953875832609e-07 0.0 0.0 0.0 0.0 6.125455788290128e-08 0.0 0.0 0.0 0.0 0.0 0.0 0.0 0.0 0.0 2.995709092193652e-07 9.077672506615519e-07
0.00020114862955076762 0.0019619850604819973 0.0008915114132020196 3.0282327145129734e-05 0.0007576653724146091 1.2510841686592089e-05 0.0009762701723187939 3.270659496747163e-05 0.0 0.00019353361232150447 0.0016117749206587104 0.00029857307473681705 0.0014797943821517824 0.0026754359421371603 3.9684186656482576e-05 8.956931934774235e-05 3.8088029973389216e-06 8.313252087139384e-08 5.70837328571843e-07 9.518618122412756e-08 1.6939103284902283e-07 0.0 3.4570405257445167e-07 0.0 3.244103847463582e-07 3.488764978624314e-07 2.3101146509791896e-07 9.091167046475664e-08 3.407597894188868e-07 0.0 5.881923586038867e-05 4.150066332859879e-05 3.567603764703828e-05 3.5877296753099584e-07 7.272957141150631e-08 6.3051308417409e-07 4.6995615385079894e-07 7.942064347212398e-07 2.1515523893855506e-06 5.932581594352133e-07 8.89618364810031e-07 0.0 8.710692531095113e-08 9.818853898648144e-07 2.6245138457631255e-07 9.613304665838951e-08 5.5593948885298604e-05 2.8648658131907663e-07 7.795061842650035e-07 8.3525929338489e-08 9.47244266575862e-08 1.6058149874020582e-07 1.1990401447653895e-07 1.9716665877714517e-07 0.0 0.0 6.841682116946986e-07 4.564974113985206e-06 7.794010378395951e-07 3.5332554898071677e-06 7.038903191721925e-07 2.8500251542010977e-06 8.689810914935531e-08 1.980957253070539e-05 1.9821460974145777e-07 8.252777971815535e-08 1.6242609277490027e-07 6.955763681188219e-08 0.0 9.667624678834193e-08 8.646048952991353e-06 4.798801637733355e-07 0.0 7.760165522852203e-07 2.387271170547778e-07 3.630651924081473e-05 0.00012901992701957844 2.514566263151545e-05 1.2780608208091282e-05 1.4033760189588986e-05 8.82476861928048e-08 1.9249786953461304e-06 9.32707184125676e-08 0.0 8.615929076771991e-08 0.0 7.135634888190516e-08 0.0 0.0 0.0 0.0 9.028880295133013e-08 0.0 2.5616458326258497e-07 0.0 0.00012192695416290717 5.762424947364985e-06 0.0 1.3314835395966862e-06 9.988620570470631e-06 2.4567428763527406e-07 6.067017535172327e-07 1.8285717474487285e-06 0.0 8.900730128096963e-07 3.875633595249115e-06 3.536451802084682e-06 3.7451909666433785e-06 2.9166676834332507e-06 9.886968994677242e-06 1.5150090478855268e-06 1.91920165576552e-05 1.3145928704876596e-05 8.241512482028778e-06 9.537318711662996e-06 4.1277501241972434e-07 4.0793360682127534e-07 1.4172453425433383e-07 1.862333809950151e-07 0.0 0.0 0.0 0.0 1.3912511821857116e-07 0.0 0.0 0.0 0.0 0.0 0.0 0.0 1.4328347506496534e-07 0.0 0.0 2.8628198356635554e-06 2.033380377543475e-06 0.0 6.153169922417939e-07 0.0 1.982220879417879e-06 1.1574872975901174e-06 9.027596763014967e-06 3.985656509930731e-06 2.1419840277561537e-06 0.0 0.0 9.291254128913731e-08 2.296033311739842e-07 1.7588950525684014e-07 1.6231604004955502e-06 0.0 4.19665988822489e-07 8.392490369337306e-07 0.0 0.0 0.0 1.3850557017945612e-06 0.0 0.0 0.0 0.0 9.048503033731676e-08 9.453646257836547e-08 0.0 1.4071174449094809e-06 5.500338169663086e-07 6.315395905344775e-06 1.4285174097500008e-06 0.0 0.0 0.0 0.0 0.0 0.0 0.0 0.0 4.115978769906338e-06 0.0 0.0 0.0 0.0 3.8285596347327e-06 1.9683291163101513e-06 3.5138710765430337e-06 0.0 0.0 0.0 7.259075031898685e-08 3.2033886953190355e-07 0.0 0.0 0.0 0.0 0.0 0.0 0.0 0.0 1.6811804902973275e-05 3.5543801259424274e-07 4.285573118249609e-06
0.0011458323832284323 0.0013514287875396158 0.0002988625916690038 0.0011603202024709548 0.00013185607018143216 0.0008316520012075958 0.0023013823247541145 6.378829755027187e-06 0.00019353361232150447 0.0 5.3290168745000726e-05 0.0009437997699343738 0.004939590275068705 0.0001469598753933311 0.000139568405094364 4.801244524096402e-05 6.975693411170188e-06 1.357926121247763e-07 2.5637441464802026e-07 6.194300885635638e-07 0.0 1.9538634994653917e-07 0.0 1.916261823485932e-07 5.734406516811696e-07 2.561338681267878e-07 5.651670819251221e-07 0.0 1.916551500688122e-07 0.0 0.00015347007367956422 3.526304566590188e-05 4.0258408230646795e-06 8.863499101111976e-08 4.508043129861044e-07 6.803464476976208e-07 1.440213274457353e-07 5.85879820213666e-07 1.2969479503640625e-06 6.72699972477895e-07 5.697242679186269e-07 1.0037359356567697e-07 9.762749922016466e-08 1.3362255578576895e-06 3.032362426049629e-07 0.0 0.0002004461923430118 5.981053733445984e-07 2.86710656602623e-07 6.65179889549745e-08 2.6261318049196234e-07 3.5410224874788163e-07 9.639368599762275e-07 2.761463173166214e-07 0.0 0.0 1.286244526027344e-05 9.361094947956377e-05 6.795586807600316e-06 5.25784180829395e-05 2.907881093383205e-07 2.5381385338209852e-06 8.234610387386754e-08 2.439571037002011e-05 0.0 0.0 8.643807123403334e-08 1.203910019701446e-07 0.0 3.1390348251818257e-07 9.610196518060803e-06 1.7842273669700386e-05 4.0610046328091557e-07 9.358492249978825e-06 2.3962647862737392e-06 0.00013516808950730653 0.0005668406041039203 1.9293715221376125e-05 8.404828649231653e-06 1.6688541611257934e-06 0.0 6.091127870784954e-07 3.613765859781667e-07 0.0 3.9474753503365846e-07 0.0 0.0 3.3366998911825523e-07 8.970631673522676e-08 1.8113263185212436e-06 0.0 0.0 0.0 8.065622995230554e-08 0.0 0.00017942604350677295 3.053448083742326e-05 1.4620485365158717e-06 2.8185599402669225e-06 0.0001731130700916367 1.4827547589132275e-06 9.231174640325584e-06 2.325155238307205e-05 0.0 4.433828993552672e-06 2.3145173592827094e-05 5.352156398932144e-05 3.492563713037702e-05 2.742342929143839e-05 0.00018328488874532576 9.309279015940786e-06 0.00013220015022657723 0.00011397706449495184 4.268394049274567e-05 2.836580561507993e-05 2.201214438500828e-06 3.2758209784259916e-07 2.849707598336989e-07 6.264925639607347e-07 0.0 0.0 0.0 0.0 7.221278555999486e-07 0.0 0.0 0.0 4.404066796074125e-07 0.0 3.510995734973452e-07 0.0 1.1169909231065363e-06 0.0 0.0 1.3718173607461047e-05 8.800134778880389e-06 8.79666427002602e-07 3.4046023624224385e-06 6.253275053883234e-07 7.785482867316862e-06 3.55077634588586e-06 2.6509419183273182e-05 8.918124850304687e-06 2.9669752918529833e-06 1.581679117371651e-07 9.170790129273096e-08 0.0 3.2909343388446805e-07 7.793522763309427e-07 4.1789882129537576e-06 0.0 1.9364815137021926e-07 2.5831389704033444e-06 0.0 0.0 0.0 1.8260150754130422e-06 0.0 0.0 0.0 0.0 8.128191548099549e-08 2.365962422031015e-07 0.0 4.382220575751012e-06 1.4209783759768478e-06 1.4094429830871438e-05 4.171634066823948e-06 0.0 0.0 0.0 0.0 0.0 0.0 0.0 1.0253707863765087e-07 1.3745931789997743e-05 3.943392058525592e-07 0.0 0.0 0.0 1.0328780417976253e-05 5.630827707763077e-06 8.7211427715273e-06 0.0 2.0623553396925517e-06 1.8386638353689758e-07 0.0 1.7379112310561082e-06 0.0 0.0 0.0 0.0 0.0 0.0 0.0 0.0 0.00014807261700168806 3.5772812376691917e-06 9.483576176446246e-06
0.00015608988625753594 0.0002736837672306967 0.001760043386294059 1.8462593512742588e-05 0.00011016551585242704 1.8264508445563047e-05 0.00012096458589144451 0.0021000504043655875 0.0016117749206587104 5.3290168745000726e-05 0.0 0.0002643876353942412 0.00021762128994082643 0.001418831704279147 7.564768450296058e-05 0.000333717726635226 1.6401230994283425e-05 1.185003524597952e-06 1.2256812980465914e-06 5.981400644661232e-06 1.2121783299827178e-05 2.3163576253874116e-06 1.1186559541931036e-05 1.0861935307973991e-05 1.786091680958705e-05 1.74201975025658e-05 1.4775413494579417e-05 5.307971519963227e-06 3.999884022944345e-06 9.328894814100113e-07 0.00034027761046839165 0.0008741639768966259 0.0007422241081521081 5.720202883093361e-06 2.4620610402955037e-05 6.184366044812952e-05 4.23562282124425e-05 7.767080840015627e-05 8.991170321842518e-05 2.490524517292085e-05 3.562303007850544e-05 3.4354597649203696e-06 1.1675421237190211e-06 1.506447894749547e-05 3.5489098476277203e-06 2.6449222014859863e-06 9.010885894354925e-05 7.32415112612241e-07 2.1989965435839313e-06 8.665388874839829e-07 1.0008108112018242e-06 9.249006296415203e-07 8.372319705203182e-06 2.1717456960877294e-06 0.0 0.0 1.9653324462624475e-06 1.5145521319373327e-05 1.077636583149263e-06 7.651181729763931e-06 1.3984261351549865e-05 0.00031372341795718537 2.1818080779431475e-06 9.576292236235794e-05 0.0 2.5216633644498003e-07 1.3204457737464258e-06 3.5318963573538834e-06 7.445514343358443e-06 1.3375773037884322e-05 9.917327399891189e-05 5.158545110031892e-06 1.2046742063733242e-07 7.633621316872731e-07 2.5271798815957406e-06 6.67144856090877e-05 0.00034336524052967397 0.00010079768553665569 0.0012219633435543358 0.000754511211443341 5.747753947661069e-06 0.0005439346633203718 0.0 0.0 1.5960917272262482e-07 0.0 1.4667485306627924e-06 0.0 0.0 1.665745619563854e-07 7.220972142986124e-08 3.568313304029933e-07 8.460726301614783e-06 2.0312888256951806e-06 3.023542653562212e-07 6.178316534536011e-05 2.915475079069282e-05 7.760212469263688e-07 2.9529930120030178e-05 3.584320920368236e-05 9.435777087687851e-08 1.2654053886790653e-07 7.236709835301717e-07 0.0 6.384723652409303e-07 0.0 6.836209322107731e-07 1.1065104536154177e-06 4.7362308083018094e-07 2.03541584596573e-06 8.660439566329426e-08 6.166569357339377e-06 3.4662898179033534e-06 2.4072107389716834e-06 2.3099991738821062e-06 5.378831504374973e-07 2.0420444269996628e-07 5.622061046864643e-08 0.0 0.0 0.0 0.0 1.0905746142178503e-07 0.0 7.625799724770008e-08 1.811149361929591e-07 0.0 9.861721325332324e-08 2.509898396839775e-07 0.0 1.9519234990012758e-07 3.7544347212176366e-07 0.0 0.0 5.867990100307773e-07 6.119774226512252e-07 0.0 9.483944228928836e-08 7.767601268367218e-08 1.7205419755845696e-06 8.63978548336732e-07 5.644120365748092e-06 3.6107007882586706e-06 1.0774352950262585e-06 0.0 0.0 0.0 1.2405529552041577e-07 4.907822464956715e-07 2.0808807382253308e-07 0.0 0.0 5.719189049802926e-07 0.0 7.782403847233599e-08 3.025586514501541e-07 5.928505870573399e-07 8.516285164573388e-08 0.0 0.0 0.0 0.0 0.0 0.0 7.474744385111836e-07 4.202769443761993e-07 2.13682960711295e-06 1.19853809504173e-06 0.0 0.0 0.0 0.0 2.2289355069151054e-07 0.0 0.0 0.0 3.1231833970318555e-06 4.982887992588339e-07 0.0 9.387255541033816e-08 0.0 1.406444745287717e-06 8.961633037053362e-07 1.762866922024796e-06 0.0 0.0 6.950413759197896e-08 0.0 1.2444864245879333e-07 0.0 0.0 0.0 0.0 0.0 0.0 0.0 0.0 4.196557596731976e-06 1.3872430107859667e-06 3.0015676474804124e-06
0.0001243002422617304 0.0009031370137444492 0.0001826128823922336 0.0006331486621507589 0.00018069386706019168 4.153302401302947e-05 0.0011790837395063123 1.8764813479367023e-06 0.00029857307473681705 0.0009437997699343738 0.0002643876353942412 0.0 0.001754741798526209 0.00027504484285932655 2.0368200432823163e-05 0.00019512877418368117 7.155871000421489e-06 4.16882380417891e-07 7.537524658297896e-07 2.050601478016044e-06 3.1304133720567926e-06 9.482266113145198e-06 2.0664452335349363e-06 3.3070051353313046e-06 7.839586742233124e-06 6.079630725376649e-06 6.1220654082846125e-06 8.117139889064867e-06 3.326431554250905e-06 5.536962400435665e-07 1.0923857637028378e-05 8.71242722253453e-06 0.0003893892874387432 1.349973054581395e-06 7.449804482412071e-06 1.1824876325656786e-05 0.00025343879632878154 2.8112561501624813e-05 0.00019683347879658055 1.8772116907374968e-05 2.2525716093219866e-05 1.4451135999557213e-06 4.918568517004235e-07 1.0208632405217426e-05 5.929437107713404e-07 1.3375117541691988e-07 3.92036361619431e-05 2.553864726419269e-07 2.57604663511955e-06 5.507525769860251e-07 1.22778668155059e-06 2.2852671336488137e-06 3.3530670874990454e-05 2.6966503418662395e-06 1.1609594061911442e-07 0.0 1.1874900969657416e-07 1.56522612910314e-06 1.7075007916210213e-07 1.5553367536957077e-06 1.6083860017818039e-06 6.612127916453959e-06 5.883537361242572e-07 4.0961782933013106e-06 0.0 3.162698154661507e-07 8.600989719566513e-07 1.7366142056903121e-06 3.7321057465766847e-06 5.872135160798307e-06 0.00044033152977928497 5.421167304480975e-06 3.7991653605264427e-07 3.7573784396510236e-07 0.0 1.4793944110747446e-05 4.69089670517594e-05 3.5911512085357404e-05 5.176284583796885e-06 7.020067294668939e-06 3.753496715918701e-07 1.2100188818099019e-05 2.5521507824634044e-07 0.0 1.5917415853672741e-07 0.0 7.910845660390799e-07 0.0 1.584876026477726e-07 0.0 3.343925577655877e-07 1.3740396924988231e-07 1.96111136704139e-06 1.1092546467235577e-06 2.2592940222654586e-07 0.000846960329057958 0.00014824190845646068 1.1623938867119307e-06 0.00013466182977959457 1.9848655313667787e-06 1.717942307281065e-06 1.956764178560858e-06 1.1187278320409372e-05 0.0 2.99523277993254e-06 8.58495913824967e-06 9.789689717234005e-06 1.3531604938025526e-05 7.55144355557006e-06 4.6421826597761994e-05 3.987039841628624e-06 6.835358762037453e-05 5.141572516666032e-05 3.192740577915941e-05 3.305266307316204e-05 3.1253978586463135e-06 1.326635107418694e-06 1.319120328265996e-07 2.491670274305803e-06 0.0 0.0 0.0 0.0 0.0 0.0 7.191577290409923e-07 0.0 8.814663265768735e-07 4.90121372693419e-07 1.1821057742694406e-06 2.737856203991802e-07 1.4299087524869185e-07 0.0 0.0 1.0759798147541748e-05 6.370778248565622e-06 9.413857482063327e-08 1.5713227697624302e-06 3.736109131042205e-07 1.1342045410717652e-05 4.830270168065406e-06 2.7224420290577615e-05 1.1288287394875568e-05 6.050169784804934e-06 0.0 0.0 0.0 1.2427504041282146e-06 1.3915041267435294e-06 3.3052533389084075e-06 0.0 3.014953675294299e-07 3.2459999779520898e-06 0.0 6.818383591233614e-08 2.0058688636354046e-07 1.6574020178214992e-06 7.151862226040312e-07 0.0 0.0 0.0 6.191560396556293e-08 6.526350146805105e-07 1.4993382495916465e-07 3.163878896904019e-06 2.726366835813395e-06 1.7620288602829136e-05 4.382684188484825e-06 0.0 0.0 0.0 0.0 0.0 0.0 0.0 0.0 1.6688810374849036e-05 1.821432545740782e-06 0.0 9.681098237401662e-08 1.1821638020029555e-07 1.0422717393953859e-05 5.299700146782396e-06 9.90973876720354e-06 1.3775361849306123e-07 3.914575206721984e-07 2.2302078592651673e-07 1.4884781233018032e-07 1.6972163587768646e-06 0.0 0.0 0.0 0.0 0.0 0.0 0.0 2.5835108622779146e-07 6.236639853240017e-05 4.822255677280314e-06 1.41316439805292e-05
