0.0 0.0009637244402195446 0.0005128771998650432 0.0005570535900854947 7.647022103911142e-05 2.2457962733084797e-05 0.00026771557454979497 5.803380401565129e-05 2.1773988560887002e-05 0.00041729171965906636 7.859654244104434e-05 3.5192361408564606e-05 0.00015476455354515456 2.670880725199582e-05 3.8623063179447155e-06 1.359104403819268e-06 2.2511238932218472e-07 1.104825346217328e-07 1.094410316360259e-07 6.353342926292048e-08 2.057027316104257e-07 0.0 2.672409825007413e-07 4.508462010354345e-07 0.0 3.2827869785862333e-07 0.0 7.441514236687817e-08 0.0 0.0 0.0005484506064533166 1.6012193148236627e-05 5.6754034320248355e-06 8.720825811043465e-08 1.9893073181848484e-07 1.1138989730641463e-06 1.221408677289286e-07 0.0 7.109688111732265e-08 8.664501778627252e-08 0.0 0.0 7.773611725132914e-08 2.366539060230921e-07 0.0 0.0 3.650965703780564e-05 8.167546422774829e-06 1.0479272375239074e-06 2.5001836582241654e-07 9.48674783532475e-07 0.0 1.0580156399113658e-07 0.0 7.372394213809797e-06 8.652188046933178e-06 0.00015904870783327936 0.00047248934395783507 7.400856365471962e-06 3.415844589471773e-05 9.826236757193038e-08 2.882738585435071e-07 6.153518411115283e-08 1.0772513598218386e-05 5.784295956267707e-06 4.032391767548669e-06 2.3600052779315175e-06 2.8910416576863277e-06 7.54498340050872e-07 1.79033827950664e-07 3.4319433455844156e-07 3.312670666029741e-07 0.0 0.00020971464532255294 2.517616919881924e-05 4.605493584037376e-05 2.3180156563153823e-06 6.104795344387469e-07 1.6460702098014787e-06 9.04265192500209e-06 5.40202220623967e-07 7.413899903869572e-06 3.292627189324035e-05 0.0 3.910445810673191e-06 2.6745019105038016e-06 1.948339720860102e-06 6.435523314582234e-08 7.180425200796425e-07 0.0 7.325291174723558e-07 1.5058593836048418e-07 1.171243214486308e-06 1.0168510066720509e-06 4.620998865720172e-07 2.291434245696703e-06 0.0 0.0 0.0 0.0005083798178737876 2.0923802789199857e-07 4.330776629712737e-06 1.9552373470784717e-06 1.0519662662228597e-06 0.0 4.607123554858503e-06 2.3360041128035254e-06 1.4932786128896136e-06 8.865603944980764e-06 7.060288779928238e-06 6.103505872171039e-07 7.88715930417358e-06 6.125784504887261e-06 6.93731368631192e-07 1.1130248480700747e-06 0.0 0.0 0.0 0.0 0.0 0.0 0.0 0.0 0.0 0.0 3.5236727548602326e-07 0.0 2.775859658826321e-07 0.0 0.0 0.0 0.0 0.0 3.949434635344975e-07 3.3389887115667497e-07 4.2995448357134126e-07 0.0 4.352058751261998e-07 0.0 1.2855585105773693e-07 1.437270997736825e-06 3.1758869872317186e-07 1.2720548933502192e-07 5.8550960165306745e-08 0.0 0.0 0.0 0.0 0.0 0.0 0.0 0.0 0.0 0.0 0.0 0.0 0.0 0.0 0.0 0.0 0.0 0.0 0.0 1.8877894313281718e-07 9.590670696596326e-07 0.0 3.849804707304965e-07 0.0 0.0 0.0 0.0 0.0 0.0 0.0 0.0 0.0 6.380693268281762e-07 2.604752711549622e-07 0.0 0.0 0.0 0.0 1.3793488945787359e-06 0.0 0.0 0.0 1.1609419528429048e-07 0.0 0.0 0.0 2.408521532224523e-07 0.0 0.0 0.0 6.262981982029276e-08 0.0 0.0 1.7264117449146829e-06 0.0 1.0908495069542579e-07
0.0009637244402195446 0.0 0.001493105994252541 0.0004352612833625984 0.0015444370818686241 0.00010485653771450316 0.0026622280301428045 0.00019816694405565784 0.0007616370375144062 0.0005738353809879978 0.00042338178340448133 0.0001749467846357532 0.00148405917995546 0.0012091979532056697 3.523368527269536e-05 7.833859047861137e-06 1.1063337121198137e-06 4.1761810108005605e-07 1.2890293611279306e-07 8.553491064092022e-07 1.5842089000573053e-07 0.0 1.1334409979209779e-07 7.23058643206371e-07 6.811157295662107e-08 8.746733589679156e-08 2.412173415678387e-07 2.4728405030300645e-07 1.9897506071729116e-07 0.0 0.00131701867252557 3.1866858836681544e-05 2.622631453548556e-05 1.4694587594630271e-07 1.9445302978899774e-07 2.2981236778807628e-07 6.2661429391920825e-06 3.6905881894607015e-07 6.194272498655171e-07 1.2276505331899682e-07 7.25008650090339e-08 9.348694200177694e-07 9.397907579840735e-07 8.402392837310074e-07 3.228944559086419e-07 2.606611613408161e-07 0.00030040405797121885 3.299673840564517e-05 6.583796715588638e-06 5.747518917510117e-07 3.004366923117508e-06 1.6262477512233934e-07 0.0 9.008461816694209e-08 2.1771060871001475e-05 2.5725751556927435e-05 0.00014326411809826632 0.0006303177564537895 1.2541033850456986e-05 0.00012074324397786095 6.363004767577785e-07 2.1772742029774363e-06 1.2935359776187358e-07 0.00010596148401572973 1.6875241642261058e-05 1.2714359008395336e-05 6.8375670038207565e-06 9.306585980945154e-06 3.536083780897683e-06 2.716414760414897e-07 3.7326621877746485e-06 0.0 0.0 0.00046028342933360304 0.0001566218765266522 0.0003165466398883882 5.2341362159563304e-05 1.0795823771534668e-05 3.009622323169575e-06 1.3945428145370856e-05 1.338211645508914e-06 5.679512439048318e-06 9.925196368469304e-05 6.033978457109944e-08 1.2766417919239907e-05 6.728765832423852e-06 6.635423941641856e-06 0.0 2.3754117232076374e-06 0.0 2.0442639821939024e-06 2.8733059161922184e-07 3.2984858892707446e-06 3.8766045841192715e-06 1.7884205822253658e-06 1.3858805078288772e-05 0.0 0.0 1.178313305212864e-06 0.0005266004940708191 7.053842372955161e-07 8.269798403630354e-06 3.7744552815083188e-06 2.6634541483458458e-06 0.0 1.5849240741971494e-05 1.1070079971099249e-05 5.151599217628694e-06 1.083281901627632e-05 2.080481164616783e-05 3.888026428282185e-06 1.967504141562574e-05 1.868725061972566e-05 8.599132519597912e-06 9.081459456559006e-06 0.0 0.0 0.0 0.0 0.0 0.0 0.0 0.0 0.0 0.0 0.0 0.0 7.560840445478785e-08 0.0 0.0 0.0 0.0 1.1415123269912642e-07 3.8407484774599433e-07 1.5177325709233172e-06 1.482552580647878e-06 0.0 1.710802446136856e-07 0.0 4.87169963637264e-07 0.0 1.394410057694216e-06 1.9420141759636025e-07 4.014019889319028e-07 0.0 6.681575033889452e-08 0.0 0.0 0.0 9.768642644517513e-08 0.0 0.0 0.0 0.0 0.0 0.0 6.542359368237841e-08 0.0 1.6832413947343678e-07 0.0 0.0 8.996716362276746e-08 3.1658373068033853e-07 8.998240334677634e-07 0.0 0.0 5.426722107571196e-07 0.0 1.4977089997828057e-07 0.0 0.0 0.0 0.0 0.0 0.0 0.0 2.9757290728891306e-06 1.251014310088709e-07 0.0 8.061425542019963e-08 0.0 4.510198513648967e-06 0.0 7.545426627541649e-07 9.84451104369465e-08 0.0 4.165806747422058e-07 0.0 0.0 1.47293958479026e-07 1.200469390672847e-07 1.4994140670421334e-07 0.0 5.78093881817119e-08 7.690868164669214e-08 0.0 0.0 6.587778132207925e-06 1.2255400067477645e-06 4.686685743942546e-07
0.0005128771998650432 0.001493105994252541 0.0 4.30495459884199e-05 0.0008043776473652685 2.5069031597132513e-05 0.00016025884406501733 0.0017578327802283088 0.0004754998018141454 8.211762036617522e-06 0.0017100795299223087 2.724590391573834e-05 0.0001089705027533915 0.0007522510741720323 1.0794352368065482e-05 6.1179395412922625e-06 1.2986377661100759e-06 4.4708010329093624e-07 0.0 2.70585915435742e-07 1.3301460225065245e-06 0.0 2.7837901081160397e-06 3.1760342545866628e-06 2.0442294545973905e-06 1.1097745701897157e-07 9.56797299934967e-07 0.0 1.5633577755974022e-07 2.8983913023712256e-07 0.0017150645021684436 0.000237890680125163 0.00011414007665488192 3.290295538191379e-06 3.605133354592149e-06 5.468302887254105e-06 1.511081931946787e-05 4.9810578773623e-06 1.8143739970131997e-06 1.6636157614233927e-06 8.267521961337691e-07 3.459961006328906e-07 1.3458814867204514e-06 1.3879639728878384e-06 8.399316207280971e-07 7.760262624011458e-07 4.375399364375015e-05 6.519921120508349e-06 1.026224149421579e-06 1.182483430976629e-06 1.1248308202630224e-06 7.498023514956487e-08 1.1032415995025752e-06 8.299809693869084e-08 3.053244536928582e-06 5.465581514162313e-06 5.505534428259569e-05 0.00045459953239782974 1.917370300660296e-06 2.3114193470354865e-05 6.85298475590894e-07 7.61367564796438e-06 9.581861296007555e-07 8.291732702099495e-05 3.1093745506452854e-06 2.395090371527289e-06 1.2344578845817118e-06 2.962734962297905e-06 4.586097239864492e-06 1.7511872129238796e-06 8.195517902161988e-06 2.1445526358115208e-07 0.0 0.00011649864177331866 6.174055892662684e-05 7.715111659252029e-05 1.4995444274603967e-05 6.2084218928367965e-06 6.494124797920705e-05 0.0004066468552790525 2.142958375310426e-06 5.738057285480942e-05 1.8569853439810085e-05 0.0 1.8463539364358988e-06 7.676154439753058e-07 2.6706750564565586e-06 0.0 3.2374539729134614e-07 1.2892462040990311e-07 2.935993236572934e-07 1.3260525104622063e-07 5.667670347011898e-06 1.1150450934901387e-06 7.317414632596454e-07 3.85200123986502e-06 9.091140076446044e-07 0.0 1.2504175706232692e-06 0.00028362520073417404 0.0 2.033277310896419e-07 5.386715446775121e-07 0.0 0.0 6.20406810107651e-07 3.748947324138259e-07 1.1021153047196547e-07 9.127951401175123e-07 3.0233741264704185e-06 1.1711869778106318e-07 5.081120568213005e-07 2.65506194124244e-06 9.854801729596583e-07 2.1532397121825424e-06 0.0 0.0 0.0 0.0 0.0 0.0 0.0 0.0 0.0 0.0 0.0 1.3247789607153683e-07 1.245605998568936e-07 0.0 0.0 0.0 0.0 0.0 1.1902261624040233e-07 4.4462302460783437e-07 4.5705393824349224e-07 0.0 0.0 0.0 5.314225089356916e-07 9.316485398487788e-08 3.4094677636908136e-06 1.0467269187461669e-06 3.580956348401135e-07 0.0 0.0 0.0 0.0 0.0 0.0 0.0 0.0 0.0 0.0 0.0 1.072249336444642e-07 3.688337793106625e-07 0.0 0.0 0.0 0.0 0.0 0.0 0.0 0.0 0.0 1.5448352596534939e-06 0.0 0.0 0.0 0.0 0.0 0.0 0.0 0.0 1.3630372476130292e-07 1.6936343499769794e-06 1.2939971716406984e-07 0.0 0.0 0.0 2.0422413515011562e-06 0.0 1.2376646141979603e-06 0.0 0.0 0.0 0.0 0.0 0.0 0.0 0.0 0.0 0.0 0.0 6.144412864983119e-08 0.0 1.8789316933433814e-06 5.533820603176968e-07 1.966515870428515e-06
0.0005570535900854947 0.0004352612833625984 4.30495459884199e-05 0.0 6.679420443716419e-05 0.00014398625401267553 0.000581756829194137 1.0483718771339046e-06 6.5674202201835445e-06 0.0012137055974268342 1.0173525892462596e-06 0.0007171994552266744 0.0013365062747561652 6.448806094590755e-05 8.424532070973443e-07 7.752544501163527e-08 0.0 0.0 1.0234590483957864e-07 0.0 0.0 0.0 0.0 0.0 0.0 0.0 0.0 0.0 0.0 0.0 4.9884047954017234e-05 2.737446118556866e-06 2.6820342515873652e-05 0.0 0.0 0.0 8.452842990152054e-06 6.348481182969716e-07 1.5118378682283388e-07 0.0 0.0 0.0 0.0 1.424517310240928e-07 0.0 0.0 1.2414480550432868e-05 2.89236921991951e-06 1.68722554357509e-07 0.0 1.4873997273404987e-07 0.0 0.0 0.0 1.6137602291812514e-06 3.6991710015357045e-06 2.220461180057224e-05 0.00011068043568399637 1.6534263349934552e-06 1.1415354746686533e-05 0.0 1.446077944902271e-07 0.0 3.196766344646459e-06 1.4188648335356966e-06 6.360022309353275e-07 2.4855471294057194e-07 5.782541287727619e-07 0.0 1.299010333311993e-07 6.696221264881975e-06 0.0 0.0 4.551752990899034e-05 5.5366368729484274e-06 1.1707970334325622e-05 8.272588838110684e-07 1.9179099732512562e-07 0.0 1.1507523157655098e-07 0.0 7.10932505464351e-08 1.1221605744069563e-05 0.0 7.6340551203756e-07 8.08323647542509e-07 3.785327069399713e-07 0.0 5.336036766223658e-07 0.0 9.471334822804362e-08 0.0 6.842629884487568e-08 2.492976913057222e-07 1.511087901324006e-07 7.3573437503460625e-06 0.0 0.0 1.2565223693751883e-07 0.00013645307108274378 2.160839463550307e-07 2.679905318274672e-06 1.957651239315449e-05 5.943310723411659e-06 3.1902934146802595e-07 1.3224983835370223e-05 7.802407133464094e-06 3.737197458515206e-06 2.360894173029678e-05 9.725298869524431e-06 8.549118394602228e-07 1.2260514562967091e-05 4.389793889003097e-06 3.3793789118190775e-06 2.390763988718549e-06 0.0 0.0 0.0 0.0 0.0 0.0 0.0 0.0 0.0 0.0 0.0 0.0 3.382604135043004e-07 0.0 0.0 0.0 0.0 0.0 0.0 4.533042338276092e-07 9.032184313822284e-07 0.0 0.0 0.0 0.0 0.0 7.233438908415829e-07 0.0 0.0 0.0 0.0 0.0 0.0 0.0 0.0 0.0 3.1338255224415006e-07 2.021034666523784e-07 0.0 0.0 0.0 0.0 0.0 6.554705167909585e-08 0.0 0.0 1.5673603870682354e-07 3.8612199408550173e-07 2.2997654269925286e-07 0.0 0.0 3.23875918173408e-07 0.0 0.0 0.0 0.0 6.325544896499714e-08 0.0 0.0 0.0 0.0 1.00618906701706e-06 0.0 0.0 0.0 0.0 1.0163640331185812e-06 0.0 0.0 1.0862622248782034e-07 1.55689288121216e-07 1.8739450608607223e-07 0.0 0.0 0.0 7.279416061623036e-08 0.0 0.0 0.0 0.0 0.0 0.0 7.233100261650106e-07 0.0 0.0
7.647022103911142e-05 0.0015444370818686241 0.0008043776473652685 6.679420443716419e-05 0.0 7.702632639313007e-06 0.001199074900054891 0.0005305499773781178 0.0037789525906775094 0.0002463760472934221 0.0009589312552317429 3.486766517343153e-05 0.0008947917094760451 0.002564405705252381 2.7977438467434964e-05 9.949389042494306e-06 9.353733259095252e-07 8.191363426265222e-08 0.0 1.501777407606585e-07 5.103924642425769e-07 0.0 0.0 0.0 0.0 0.0 0.0 8.613260545453619e-08 7.300546479829717e-08 0.0 0.00021731703032254747 4.048037023847515e-05 2.3565999951194545e-05 1.1384889164227834e-07 0.0 6.22565835029219e-08 5.126918324132464e-06 5.813703605239003e-07 2.9356894085928556e-07 5.423742561238012e-07 1.3094595624033614e-07 6.201568707036476e-07 3.7665857650934797e-07 1.4418973425252445e-06 1.3981594895075066e-07 7.719775191370889e-08 0.0001558581835861586 7.879269993093235e-06 1.3250446367235596e-06 3.853358515780757e-07 9.081569557028707e-07 1.6817130235189194e-07 9.657336527900522e-08 8.38089874246329e-07 4.6008769717810515e-06 6.100971733691521e-06 2.507476358705749e-05 8.320109468434262e-05 3.0716202873541355e-06 3.309375409960765e-05 6.007667784233953e-07 1.5961146509945258e-06 1.013520639389195e-07 6.0484772863048806e-05 3.846901365787339e-06 3.891167225244193e-06 1.8985169938617313e-06 2.7749524435948595e-06 1.4696144527162773e-06 0.0 4.873076644998746e-06 0.0 0.0 9.654204631413144e-05 6.408192355875931e-05 0.00014921499276917345 5.4208773456711154e-05 2.2049082790384237e-05 9.722900933212817e-06 9.284592400705472e-06 9.338954419332636e-07 4.754945581731779e-06 2.274432567223875e-05 7.34157069175646e-08 3.5402104761120945e-06 1.2410490435312684e-06 2.0477491970424215e-06 0.0 6.322529787919271e-07 0.0 8.347034747397405e-07 0.0 1.107751865150808e-06 9.335871717700335e-07 4.756231435768348e-07 1.2626320774519742e-05 3.44010543892689e-07 0.0 5.926671792251914e-07 2.6623386195066655e-05 2.4805963565549673e-07 2.3782539088118993e-07 5.837660602551539e-07 9.557936205589337e-07 4.350699083878066e-07 4.064271252916128e-06 2.6494364769758935e-06 8.901353779997707e-07 2.6438522872200173e-06 5.828607978495351e-06 8.126994643531463e-07 8.793914128443269e-06 8.064230566934492e-06 3.0949460485822864e-06 4.9314824195016315e-06 9.609930317558631e-08 0.0 0.0 0.0 0.0 0.0 0.0 0.0 0.0 0.0 0.0 0.0 0.0 0.0 0.0 0.0 0.0 2.0147099766081414e-07 0.0 1.1295719617203418e-07 2.0896094966083497e-06 0.0 0.0 0.0 0.0 1.9814222262491702e-07 2.382422175921627e-06 6.366833347075528e-07 0.0 2.489241823857591e-07 1.4206887307431858e-07 0.0 0.0 0.0 0.0 0.0 0.0 0.0 0.0 0.0 0.0 6.512102958704578e-08 0.0 0.0 0.0 0.0 0.0 0.0 7.704106861740814e-07 0.0 0.0 1.9158314900046685e-06 0.0 0.0 0.0 0.0 0.0 0.0 0.0 0.0 0.0 3.9848008875370755e-06 5.503132490265813e-07 0.0 0.0 0.0 3.7918702379020096e-06 0.0 0.0 7.833759628456645e-08 0.0 0.0 0.0 0.0 0.0 0.0 0.0 0.0 0.0 0.0 0.0 0.0 4.797570571839777e-06 8.336657014531366e-07 6.633694247216525e-07
2.2457962733084797e-05 0.00010485653771450316 2.5069031597132513e-05 0.00014398625401267553 7.702632639313007e-06 0.0 6.65014803165203e-05 4.6389823967751136e-07 2.890490015363363e-06 0.0004875494808236838 2.4130502543073544e-06 7.750836040001927e-05 0.00015519466857306615 4.443146675215512e-05 4.6362562469424433e-07 1.584120180304558e-07 0.0 0.0 0.0 0.0 0.0 3.1095682781556658e-06 0.0 0.0 0.0 2.1274411852312082e-07 1.6329678388080528e-07 2.7994501915176983e-07 0.0 0.0 0.0001539404618016288 1.1248088769934498e-05 2.2624912292573397e-05 0.0 9.578475695722199e-08 0.0 1.2217465211164648e-05 1.1866605204975232e-07 0.0 0.0 0.0 0.0 0.0 0.0 0.0 0.0 1.889397904337144e-06 3.4047286853394766e-07 0.0 0.0 8.312488812164976e-08 8.265651709298494e-06 5.436176176117537e-06 0.0 8.903200724515268e-07 7.864892827054766e-07 7.054863455528503e-05 6.054676864021712e-05 2.7369779112136664e-06 2.627755680330994e-06 0.0 3.402200358251584e-07 0.0 7.090519874593502e-07 5.1132421370734e-07 2.2544414048142745e-07 3.021484197480472e-07 7.964399464376922e-08 0.0 0.0 2.5596950084738574e-05 4.478844088134422e-05 6.853384230225814e-06 1.716448075560612e-05 2.29854176352007e-06 2.554940114215759e-06 2.396129823798041e-07 1.1514174660905758e-07 1.2711450326345103e-06 1.6481327210143674e-07 0.0 0.0 1.9884947827900827e-06 3.4373320173265204e-07 0.0 1.943070820784205e-07 0.0 6.077802111793589e-07 6.597367473595153e-07 2.012364677378885e-06 1.6011583379606378e-07 1.048192132897403e-06 1.664025080411155e-07 5.942334174189068e-07 9.007793816432951e-07 0.00021915247810457881 4.27391393333515e-05 1.7073221437109596e-05 6.4804514310593666e-06 0.00014454588774878274 1.2427883162204079e-06 1.0980488645909509e-05 6.886842158948505e-06 6.265785662517385e-06 5.227624078302749e-07 1.6038579313444127e-05 1.8790397530109452e-05 6.817559739271673e-06 1.1859303742798513e-05 2.941162085301965e-05 3.2181296460085876e-06 2.427662501669447e-05 1.3706881627700492e-05 6.016643943263018e-06 3.6819197553896818e-06 0.0 0.0 0.0 0.0 0.0 0.0 0.0 0.0 0.0 0.0 0.0 0.0 0.0 0.0 2.870044350086336e-07 2.822682375710549e-07 0.0 0.0 0.0 4.700178209245468e-07 1.9648832039394813e-06 0.0 0.0 0.0 9.994952236274168e-07 0.0 2.9334539805992994e-06 0.0 1.3554953251679006e-07 0.0 0.0 0.0 0.0 0.0 0.0 0.0 1.0985375196067728e-07 0.0 0.0 0.0 0.0 0.0 0.0 0.0 0.0 0.0 1.154644337321083e-07 0.0 9.450692734968598e-07 0.0 0.0 0.0 0.0 0.0 0.0 0.0 0.0 0.0 1.3117364135999123e-07 0.0 0.0 1.496338329166969e-06 0.0 0.0 0.0 1.8077184914608474e-07 3.1452098775524685e-06 3.573595954500384e-07 0.0 0.0 0.0 0.0 0.0 1.7237487149731437e-07 0.0 0.0 0.0 0.0 0.0 0.0 0.0 0.0 2.880692777326471e-06 1.198844121626885e-07 0.0
0.00026771557454979497 0.0026622280301428045 0.00016025884406501733 0.000581756829194137 0.001199074900054891 6.65014803165203e-05 0.0 5.5737841493948726e-05 0.0015151354798810962 0.0015070045535957007 0.00021834018273639557 0.00032957074294788296 0.0019675661634848086 0.002165722685268054 3.466367022271532e-05 1.0558786096821322e-05 1.195932626813546e-06 2.1782836132034206e-07 0.0 3.4404795859847406e-07 5.223518435443076e-07 1.7373483626589233e-07 3.3439338465002527e-07 3.931675815563228e-07 0.0 4.873046479043709e-07 6.048811817391013e-07 5.937144254518759e-07 2.93251965999645e-07 4.548752735442559e-07 0.00010632176426296207 1.6091237888036495e-05 5.2099866639441095e-05 2.4156322469328365e-07 1.444088069889188e-07 1.2313996800096397e-06 2.1525644972458608e-05 1.6258386738606564e-06 4.4594476925387756e-07 0.0 0.0 3.578777262406983e-07 1.514501443375063e-07 1.4227243472321443e-06 7.057964248060099e-08 2.597266176994827e-07 0.00020551456385469575 1.2681691292632415e-05 1.777770977837674e-06 3.77514660168224e-07 8.90135495714527e-07 4.0605865456319545e-07 0.0 7.467220599180919e-07 6.6758185902728475e-06 9.079741998272763e-06 3.2878937433139834e-05 9.71421801279222e-05 4.552219001313161e-06 4.861922589514113e-05 4.308085351018024e-07 5.466306668035239e-06 0.0 4.456162090938424e-05 6.3153625918124995e-06 5.347630616426762e-06 2.78963308446914e-06 4.027422067404297e-06 1.779362828284033e-06 7.109041981633522e-07 1.308769890236021e-05 9.221967884244694e-07 2.3812738498928418e-07 0.00012968694132296332 6.262795804371598e-05 0.00016507351989192395 4.3815556249203884e-05 2.007325566419015e-05 2.6366658571417097e-06 4.5950772772849824e-06 9.431951492617496e-07 6.408101947226215e-06 3.4220041404543444e-05 6.680205825414791e-08 4.318972348894964e-06 2.424628541380647e-06 2.5366493104752557e-06 0.0 9.391854625145447e-07 0.0 1.3842866072871141e-06 7.249235237353987e-08 9.453928961424427e-07 1.324614178643873e-06 2.905353386711632e-07 5.624144270274353e-05 1.2316207792984864e-06 0.0 2.292760544045139e-06 4.797420129284185e-05 1.1792283453778253e-06 8.830205556660342e-06 4.780300819695049e-06 7.490573843706778e-06 4.396062645823223e-06 2.905448297021429e-05 1.950712120504335e-05 1.4822794216985294e-05 3.389677565151315e-05 4.042971384938111e-05 1.0614208050086733e-05 9.267434118858461e-05 4.729020968646918e-05 2.9392646659362457e-05 2.9430335789220595e-05 0.0 0.0 0.0 0.0 0.0 0.0 0.0 0.0 0.0 0.0 0.0 0.0 1.9093785653514307e-07 0.0 5.240001722913679e-07 1.4667629056911773e-07 2.1887663600226074e-07 0.0 2.1185283195676515e-07 1.3598144778124323e-06 7.998432349139727e-06 0.0 3.835093460594193e-07 0.0 1.8308197768453152e-06 2.1589717640626547e-06 8.940978679449897e-06 2.770279037686198e-06 6.166473601490953e-07 0.0 5.379202767153524e-07 0.0 0.0 0.0 0.0 0.0 3.9381686517141747e-07 1.3438047629996856e-07 0.0 0.0 0.0 5.105351655041012e-07 0.0 0.0 1.5832459933553517e-07 0.0 6.122981097001744e-07 3.21844496047062e-07 2.162273923172727e-06 1.6606399757668794e-07 0.0 9.348653625760046e-06 4.896818106593523e-07 1.7160668978340877e-07 8.239746669079756e-08 0.0 0.0 0.0 7.725411869516798e-08 0.0 0.0 1.4620892098324859e-05 2.270579131326131e-06 0.0 0.0 0.0 1.572476742450823e-05 7.606976327740838e-07 2.3992015098074017e-06 1.9983995439630735e-07 3.120439805835496e-07 0.0 2.3437230906323134e-07 0.0 0.0 0.0 0.0 0.0 0.0 0.0 0.0 1.5436263043299903e-07 2.8576951193392374e-05 5.904788780243194e-06 5.273961463444576e-06
5.803380401565129e-05 0.00019816694405565784 0.0017578327802283088 1.0483718771339046e-06 0.0005305499773781178 4.6389823967751136e-07 5.5737841493948726e-05 0.0 0.0004027594862752901 1.7561939498477167e-06 0.0019317963899735107 1.1691133629985207e-05 5.180347269313638e-05 0.0006324877159423869 3.9096216704621634e-05 2.306092655210035e-05 2.46624197141949e-06 3.136955495841494e-07 2.3712778845662067e-07 3.1717373624219925e-06 2.4016565501665758e-06 2.816018729253511e-07 7.701586421541558e-06 1.1002196436406547e-05 4.532078743872145e-06 1.6042637771273288e-07 3.2717900413229456e-06 1.183777252443508e-07 8.478107277977725e-08 5.275210454176058e-07 0.0008608673494594123 0.0019548862489539177 9.73228688580597e-05 1.3033828665004959e-05 1.2317611572424633e-05 9.135357536551746e-06 1.0337791394436979e-05 5.344892168499874e-06 2.0792930125883747e-06 1.293739456867302e-06 9.503029768607904e-07 8.482255298149472e-07 3.440072881503658e-06 1.640643204558943e-05 2.0463651348242414e-06 1.9953692687656787e-06 7.97985540870783e-05 3.3053564968549153e-06 1.159997707027493e-06 1.5199473120974308e-06 2.103753643190075e-06 0.0 6.331195080864966e-07 2.3346617185111193e-07 1.57429591124244e-06 1.3547521237642658e-06 1.3146784665442899e-05 7.865984292519669e-05 7.012367437424202e-07 1.1814158374446396e-05 5.496211160012946e-06 2.517208284878848e-05 2.8627941929565798e-06 0.00018831915494100937 7.143632648473131e-07 1.2084859266220925e-06 5.182787209347855e-07 2.4608703373394e-06 9.661639832421618e-06 4.141206265495025e-06 4.264981249463137e-06 0.0 0.0 4.061054340973508e-05 5.877840497958122e-05 0.00010215200120314123 7.916004987237832e-05 0.00026729828308238003 0.0013261267044247424 0.001169012321447521 7.410057192405627e-06 0.0007084164578593547 5.458051542862648e-06 0.0 7.205759646616524e-07 2.6478397816380087e-07 2.5409830969225802e-06 0.0 2.4570675931327867e-07 0.0 5.530986899230632e-07 1.867418954802496e-07 1.5602347015211987e-05 2.538954159197132e-06 7.086849156778721e-07 2.522284938172081e-06 4.664207925468585e-07 7.151089010877377e-08 4.747630390297232e-07 3.053750355994894e-05 0.0 0.0 0.0 0.0 0.0 4.2547031962131545e-07 0.0 0.0 3.534469738122111e-07 2.1380645082508041e-07 7.678467906434157e-07 4.981083532983538e-07 6.388329982082828e-07 3.2913758808509667e-07 8.653230528810011e-07 0.0 0.0 0.0 0.0 0.0 0.0 0.0 0.0 0.0 0.0 0.0 0.0 2.264678251704234e-07 0.0 0.0 0.0 0.0 0.0 1.9573472663603557e-07 1.1672927258702129e-07 0.0 0.0 0.0 0.0 9.131286631936044e-08 1.1693570709550853e-07 1.4641594889801498e-06 1.6887332837307167e-07 0.0 0.0 0.0 0.0 0.0 0.0 0.0 0.0 0.0 0.0 0.0 0.0 0.0 1.2222210330141614e-07 0.0 0.0 0.0 0.0 0.0 0.0 0.0 0.0 0.0 5.581024839780063e-07 0.0 0.0 0.0 0.0 0.0 0.0 0.0 0.0 0.0 9.543118396047055e-07 1.2907132273401977e-06 0.0 0.0 0.0 5.527201936147649e-07 0.0 0.0 0.0 0.0 0.0 0.0 0.0 0.0 0.0 0.0 0.0 0.0 0.0 0.0 0.0 1.1999084055155841e-06 9.712309566651652e-07 9.710221059064277e-07
2.1773988560887002e-05 0.0007616370375144062 0.0004754998018141454 6.5674202201835445e-06 0.0037789525906775094 2.890490015363363e-06 0.0015151354798810962 0.0004027594862752901 0.0 6.439379213816129e-05 0.0007383247185059442 1.1730298444412334e-05 0.0006025209301833142 0.0013377852634079675 9.296930189578304e-06 2.2825872197546846e-06 8.827896055107864e-08 0.0 0.0 1.86491522390304e-07 0.0 0.0 1.1738288686602455e-07 0.0 9.511692397482809e-08 0.0 0.0 9.976753039395686e-08 1.691957428935301e-07 1.6644090783354054e-07 5.233886188576035e-05 1.4947734911592966e-05 1.6313259980026884e-05 6.156425346030715e-08 1.2745099275138794e-07 0.0 3.8429264606527e-06 5.556858000426637e-07 0.0 2.656064263801025e-07 0.0 0.0 7.718427667193338e-08 9.450844710913769e-07 0.0 1.3956334547595954e-07 3.281566075215021e-05 1.1764336607752607e-06 2.6560640779356224e-07 9.530993280564753e-08 0.0 7.207700515118139e-08 0.0 1.7926760326005031e-07 5.183081620147475e-07 7.868855229643245e-07 4.301572472381035e-06 7.779902438852742e-06 6.060491227634999e-07 6.582887629312111e-06 2.3122645036672733e-07 5.770118230003029e-07 0.0 1.261559407935807e-05 2.8854416260025347e-07 4.758171127122405e-07 8.261418575162841e-08 5.01541807729671e-07 3.532637538926585e-07 0.0 2.343449595886135e-06 0.0 0.0 1.56207096745176e-05 1.16476395146625e-05 3.013173260644428e-05 1.557100521367566e-05 9.695549705264677e-06 3.1014645465499846e-06 8.07009506030584e-06 0.0 4.271633929861352e-06 3.815996372732004e-06 0.0 3.1112496289894685e-07 2.9239764806210503e-07 8.925007630836649e-08 0.0 8.25904259575093e-08 0.0 0.0 8.20770966897809e-08 7.011211044836892e-08 1.7875515995074664e-07 0.0 5.482296458076698e-06 0.0 7.67005743495707e-08 0.0 4.213679752530079e-06 0.0 5.479832031514633e-07 1.9577595777811186e-07 5.58781276823711e-07 1.2693078026820547e-07 2.26018080457335e-06 1.269107154783139e-06 4.523788099820888e-07 3.863977278902445e-06 3.5812322841796154e-06 2.6552051567315807e-06 2.9329532344194076e-06 5.076236341372326e-06 2.7417370878106685e-06 2.325862930836901e-06 0.0 0.0 0.0 0.0 0.0 0.0 0.0 0.0 0.0 0.0 0.0 0.0 0.0 0.0 0.0 0.0 0.0 0.0 0.0 1.692524937968237e-07 5.273776192810067e-07 0.0 0.0 0.0 9.143058107510041e-08 0.0 1.2079244148461859e-06 0.0 3.7834404735960085e-07 0.0 0.0 0.0 0.0 0.0 0.0 0.0 0.0 1.1594409038418155e-07 0.0 0.0 0.0 0.0 0.0 0.0 0.0 0.0 0.0 0.0 1.678808195078064e-07 0.0 0.0 1.1079023603682648e-06 0.0 0.0 0.0 0.0 0.0 0.0 0.0 0.0 0.0 2.9936944572851476e-06 0.0 0.0 0.0 0.0 3.819051021079349e-06 0.0 0.0 0.0 0.0 0.0 1.0107311714089641e-07 0.0 0.0 0.0 0.0 0.0 0.0 0.0 0.0 0.0 1.5241319043851252e-06 1.1344211033682964e-06 9.53242679846913e-07
0.00041729171965906636 0.0005738353809879978 8.211762036617522e-06 0.0012137055974268342 0.0002463760472934221 0.0004875494808236838 0.0015070045535957007 1.7561939498477167e-06 6.439379213816129e-05 0.0 2.3429773726111113e-05 0.0015275495938182162 0.0055442774086068595 0.0005335808559875456 1.0739759430260643e-05 1.6450904574984276e-06 3.3498635104776854e-07 2.978839672918533e-07 0.0 1.371326782667376e-07 3.7248562559144487e-07 1.1099031642670917e-06 0.0 0.0 6.921451870796491e-07 9.900395814206553e-08 6.65281335393355e-07 3.9707441038906495e-07 0.0 0.0 3.1828980703392024e-05 1.5483843595390558e-06 0.0003350880947115267 6.625265251154192e-08 0.0 2.330864054625543e-07 0.00012568293332763608 2.0217646157241275e-06 1.1321935932409418e-06 5.779860303188073e-07 5.469507146378406e-07 4.160435361162506e-07 6.659505995393582e-08 7.57638944951962e-07 0.0 0.0 6.330917106143005e-05 3.970906643186273e-06 5.15220683641577e-07 1.333598398035949e-07 3.0734288692523525e-07 6.639163274768206e-07 4.814948485258491e-07 1.80667405180176e-07 3.2237642858305678e-06 2.5686563304872886e-06 2.3596552611594924e-05 8.433744187991286e-05 2.9292269242623495e-06 1.6533522515217067e-05 0.0 2.5247748159034404e-06 6.615432351741825e-08 8.608374218333873e-06 1.2600671324013282e-06 1.442900018228098e-06 8.867839026025561e-07 1.1816528480511541e-06 5.808211654287519e-07 0.0 0.00010176336619727707 1.1323838450682713e-05 4.6549787168877594e-07 5.557643399472447e-05 1.2899657838684962e-05 3.8218707770662335e-05 5.917374922468593e-06 1.4865344495396485e-06 5.049461494432399e-07 3.1705168276838314e-06 0.0 2.133537651017525e-06 1.3940776993746543e-05 0.0 1.672232611649345e-06 9.355174180638211e-07 8.173968221168443e-07 0.0 3.4606258468782995e-07 0.0 3.204983658600403e-07 2.211658720302178e-07 4.3396075039511644e-07 4.779915520712972e-07 6.323584883861508e-07 0.00021611116499279528 4.0215344957453106e-05 4.170358095520044e-07 4.140547645241146e-06 0.00019820394068819448 5.4425790410220185e-06 3.458793287103889e-05 2.658259790209695e-05 1.729520926171504e-05 9.306241569254158e-06 0.00010152097915515906 7.667091465472083e-05 3.7689996833516133e-05 8.472586632505653e-05 0.0001925028816535183 2.8071448451410917e-05 0.000183722284378549 0.0001447703696764597 8.481677587584072e-05 5.219700374688086e-05 0.0 7.963680165264216e-08 0.0 0.0 0.0 0.0 0.0 0.0 0.0 0.0 0.0 4.510175069826035e-07 1.2832124183223896e-06 0.0 0.0 0.0 1.193891923808036e-07 0.0 2.843334624188387e-07 2.6096427064133327e-06 1.528474966755202e-05 0.0 0.0 0.0 4.182451074874026e-06 1.1847516208453623e-06 1.1849099688761294e-05 4.334798744659942e-06 1.1794953843989778e-06 0.0 2.564557583234096e-07 0.0 0.0 0.0 0.0 0.0 1.6481286939306184e-07 2.476261169921601e-07 0.0 0.0 4.5133453140635175e-07 0.0 2.5524826514108225e-07 0.0 0.0 0.0 9.840234528573752e-07 1.5786789582172846e-06 3.929572587435882e-06 0.0 0.0 1.042137836253901e-05 0.0 2.5049016036790904e-07 1.9887334277730486e-07 0.0 6.472812870995289e-08 0.0 0.0 0.0 0.0 3.750380441192914e-05 3.800064758561934e-06 0.0 0.0 1.0054022244166132e-07 3.423243466184829e-05 0.0 4.736042413440888e-06 9.140123416694309e-07 5.213725992733602e-07 8.79267084377968e-08 3.9321106786529854e-07 0.0 0.0 0.0 0.0 0.0 9.131885738087624e-08 0.0 0.0 0.0 6.644321430041005e-05 4.530481298877131e-06 6.0066638880149475e-06
7.859654244104434e-05 0.00042338178340448133 0.0017100795299223087 1.0173525892462596e-06 0.0009589312552317429 2.4130502543073544e-06 0.00021834018273639557 0.0019317963899735107 0.0007383247185059442 2.3429773726111113e-05 0.0 9.202016110431467e-05 0.0005905767246853292 0.0019624113802750986 4.632736049127173e-05 1.8980690910747943e-05 1.5151782908295406e-06 5.05256371193209e-07 4.196748380743996e-07 7.756500956059084e-07 2.866217077841934e-06 0.0 2.7897648816269746e-06 5.2740126197992145e-06 8.105913597371547e-06 1.4192998824908578e-06 1.4079055402121929e-06 8.904877230457546e-07 5.641785231564448e-07 6.937987386445561e-07 0.0005591469342128348 0.00046214423111449495 0.0004544462547690824 1.7085935163543677e-06 5.667477418722754e-06 2.7647495623683412e-05 6.780200011234066e-05 3.714153642094041e-05 8.240931052996877e-06 5.414869805328594e-06 3.3707671047410815e-06 1.449564544448048e-06 6.247106598339369e-07 7.699045554734422e-06 3.967653038315186e-07 5.220771096954374e-07 9.843841474729384e-05 3.5101028518345743e-06 2.0906700012338383e-06 2.085021991493811e-07 3.4357285564879386e-07 0.0 1.4942603663435115e-06 2.3974348467532554e-07 2.104727206175179e-06 2.3889229175477484e-06 1.5152939412401962e-05 6.612441183864493e-05 8.168328321355534e-07 1.7558112715678327e-05 1.5157824401290796e-06 7.650913637260254e-05 9.97369908494585e-07 5.3347786222405894e-05 1.7676328564546996e-06 1.786412628704007e-06 7.856116758328405e-07 1.351185193190966e-06 2.577243076713339e-06 1.6388828442006394e-06 2.6966277624776523e-05 4.564161473058659e-07 0.0 5.522433105701573e-05 4.38391591357491e-05 0.0001078452118604945 5.432115282832034e-05 5.0167870274184595e-05 0.0002804113842032821 0.000824214018012197 2.240405493852695e-06 0.0002467471325780837 8.464996561627676e-06 7.304921131883824e-08 1.5283933953858848e-06 8.425524716140005e-07 1.4482909203550487e-06 0.0 2.3434683930739723e-07 0.0 2.97912918926252e-07 0.0 5.309529187538881e-06 2.4947594180392856e-06 1.185387782362949e-06 1.2971740376429672e-05 7.453408135607788e-07 0.0 3.6902718713254874e-06 2.619833573919701e-05 3.691702762332155e-07 0.0 3.0322081975937916e-07 0.0 2.59653758461193e-07 1.7663026673238099e-06 8.06103881806979e-07 1.0660510721766644e-06 1.6381421519799559e-06 3.327450255449491e-06 1.979204220039463e-06 7.273963495550618e-06 6.783469261015743e-06 3.6045044108477437e-06 5.829152260548325e-06 1.1356768967735578e-07 0.0 0.0 0.0 0.0 0.0 0.0 0.0 0.0 0.0 0.0 0.0 8.187847038690729e-07 0.0 2.081339502203456e-07 2.8812947829783525e-07 1.2811428442241568e-07 1.0036731805201958e-07 8.220021393325804e-08 9.11895941880468e-08 1.2895305657758177e-06 0.0 1.6331118225408638e-07 9.810394209724463e-08 8.417956710583209e-07 7.152497870638181e-07 3.022495014088012e-06 1.3660618601111213e-06 7.213092470482377e-07 3.0527494224704257e-07 0.0 0.0 0.0 1.3552601434769592e-07 0.0 1.027203678686146e-07 0.0 0.0 0.0 0.0 0.0 5.973836129748328e-07 2.102335477768054e-07 0.0 0.0 0.0 0.0 1.2881833018098327e-07 2.2705173992300163e-07 1.2284450458360783e-07 2.6553668348508335e-07 4.100360979997006e-06 0.0 8.24544282415488e-08 0.0 0.0 0.0 0.0 0.0 0.0 0.0 5.093985248332537e-06 9.925014678222025e-07 0.0 0.0 0.0 3.479258413727797e-06 5.104405724045939e-07 1.2504244476432093e-06 0.0 0.0 0.0 0.0 8.662314762375867e-08 0.0 0.0 6.982990481026587e-08 0.0 0.0 0.0 0.0 0.0 5.61271700379806e-06 2.595194731851529e-06 2.2839915877682307e-06
3.5192361408564606e-05 0.0001749467846357532 2.724590391573834e-05 0.0007171994552266744 3.486766517343153e-05 7.750836040001927e-05 0.00032957074294788296 1.1691133629985207e-05 1.1730298444412334e-05 0.0015275495938182162 9.202016110431467e-05 0.0 0.0008328526277487931 0.0002712896742305172 2.1641674945050372e-05 8.731951534445047e-06 1.0953836872844463e-06 2.525560171580657e-07 0.0 2.229744105598402e-07 5.2265048587962e-07 1.9410931509326385e-07 1.335681806715738e-06 1.047802013805854e-06 4.19956967507687e-06 1.2157481464165562e-06 8.995901962032424e-07 1.4334495182975086e-06 5.381744042864548e-07 9.419706989590822e-08 9.378916292761901e-06 4.928168482720471e-06 0.000355020004816448 1.106413875868473e-07 5.673467166789722e-07 6.032717186870783e-06 0.00040555447666361665 4.9603404954514575e-05 1.4644757395842667e-05 5.751222490132778e-06 3.206970466834324e-06 1.2030927445461883e-06 0.0 1.1981094638363113e-06 2.5976124442421057e-07 1.807614530744988e-07 3.35284533552072e-05 7.552462996088441e-07 6.402906414420711e-07 2.6599604983057514e-07 2.0065421833932837e-07 1.9001230877935345e-07 3.195011161878754e-06 3.983105516256313e-07 0.0 5.588618990403659e-07 3.4163642933033005e-06 9.107659310285742e-06 3.1504461644455117e-07 2.868428913320235e-06 1.9266865376186934e-07 5.085832889380811e-05 7.849164896585207e-07 5.079569248815701e-06 3.7514471518642355e-07 1.2952631628611148e-07 2.2601002009432351e-07 3.0498913701561926e-07 3.2268022124870855e-07 7.254076535481901e-07 0.00020252151723127552 3.717500372347497e-06 2.1796388198176608e-07 9.458754684031505e-06 5.275259262431096e-06 1.918543820125014e-05 1.1190038450625352e-05 4.225506826641872e-06 8.196246358243588e-07 9.654710448001255e-06 4.118926474217786e-07 1.4228123662723196e-05 1.2443510291669644e-06 0.0 4.357010577350039e-07 4.2787946981229075e-07 3.64456748179387e-07 7.029674294499042e-08 7.109965670735273e-08 0.0 9.047048713625796e-08 1.1178571131393642e-07 1.8450160214997254e-06 9.322279442675579e-07 1.6034855896591857e-06 0.00034424752960563094 4.982996707539986e-05 1.4848381923004613e-07 3.6624765037452876e-05 2.0710342413561135e-05 1.6258776374448063e-06 3.033280585214097e-06 3.844169633797042e-06 2.694839913245677e-06 3.517420211698832e-06 3.3736146364539084e-05 1.3671793213309506e-05 1.2138207451025494e-05 3.1528228470482e-05 4.253483756222222e-05 2.3542156734486703e-05 8.448568595755407e-05 6.750799905300408e-05 4.279447300674563e-05 5.809939260824814e-05 5.125955144827918e-07 0.0 0.0 0.0 0.0 0.0 0.0 0.0 0.0 0.0 5.340742382606798e-07 2.1489530612016207e-07 1.2135351337906974e-06 2.0662560290440058e-07 2.260778299891432e-07 1.0655179110703505e-07 2.1736274989728257e-07 3.826192180540805e-07 2.351188932172153e-07 2.9938766301629255e-06 1.554138620476268e-05 0.0 0.0 0.0 6.56182741866396e-06 3.725727654882598e-06 1.839282552086133e-05 8.065474365825695e-06 5.033099453160208e-07 0.0 0.0 0.0 0.0 1.1758749989355453e-07 1.4463804098693882e-07 0.0 2.6627587019599614e-07 7.527242299895468e-07 0.0 0.0 0.0 6.767007695015331e-07 0.0 0.0 0.0 0.0 5.762797301523019e-07 5.1543033362155e-07 6.590903198761258e-07 4.218516193375441e-07 0.0 1.8805545541932616e-05 9.392776951234242e-08 0.0 0.0 0.0 0.0 0.0 7.451876232949668e-08 0.0 0.0 3.452272873483429e-05 3.081894641882582e-06 0.0 1.1500789873626766e-07 2.8803282828785923e-07 3.9237306705155824e-05 8.89747848632848e-07 4.176650791804178e-06 3.2836168676142003e-07 5.24412781096777e-07 0.0 1.438767486840008e-07 3.0429492353691264e-07 0.0 0.0 0.0 0.0 0.0 0.0 0.0 0.0 5.981329787284949e-05 1.1113819781899238e-05 1.4930854287257631e-05
