0.0 0.0009302654727026786 0.0002395978001076608 0.0007601020908162366 3.234298042124155e-06 9.24304316440551e-05 0.00021000074424682932 4.079178912106795e-06 1.3567170521984715e-07 0.00043129323345029904 7.391249894093929e-06 0.00012476089332289774 9.705908920505856e-05 3.057687532187582e-06 3.9853753559323966e-06 2.565275770121064e-07 1.484699588455892e-07 6.762480935485464e-08 0.0 0.0 1.7998474626065786e-07 1.9211465173802486e-07 0.0 0.0 1.6740148918753032e-07 0.0 6.590955471021435e-08 0.0 0.0 0.0 0.00044318837653660665 2.6460530590340618e-06 1.7449395003649595e-06 0.0 0.0 0.0 3.77168268986302e-06 2.715810062402652e-07 0.0 0.0 2.453835087471969e-07 7.257346344399659e-08 1.4912692359149499e-07 0.0 0.0 0.0 2.885713266870702e-05 3.945690453418656e-06 2.5194389344684027e-07 5.087405250829005e-07 1.3027164476678345e-06 5.811110665493027e-07 0.0 0.0 5.059451599079206e-06 9.408442969189021e-06 0.00013881133946825098 0.0005691419669632766 5.415806072751513e-05 1.710214991925033e-05 0.0 0.0 0.0 5.059529329810418e-05 9.143377023484744e-06 4.868137560782275e-06 1.2967650278748907e-06 9.11544106470502e-07 3.084620259245649e-07 1.7719678658066958e-07 4.160756254192227e-06 1.989013430865723e-07 1.2578789585093105e-07 0.0001243009052506232 2.3466044415542877e-05 3.0197797851038135e-05 9.392737659522124e-07 2.7717155541923823e-07 1.7515153893215997e-07 2.0252190702445562e-06 0.0 3.7883193178893266e-07 9.436548987833226e-06 1.2876162333885896e-06 3.270128222959267e-06 8.528553539268987e-06 2.406502873824385e-06 8.583396332316892e-07 2.6856241955931335e-06 3.104472829373388e-07 9.09002162329434e-07 1.6642531268232004e-07 3.298095499186171e-07 2.0247807202348467e-07 2.9042291454142326e-07 1.920984016430116e-05 3.101012161921798e-05 8.261673469828347e-07 3.1324867859282655e-07 0.0006360914004843421 0.0 0.0 9.954182044706829e-07 0.0 3.8216732631011187e-07 4.006521026124615e-06 3.0106897936931376e-06 6.719898527678553e-07 8.505958019455565e-06 2.7438384916918547e-06 5.456466940229773e-07 2.718885895450142e-06 9.197907532207323e-07 1.8680918610280264e-06 2.183767424476799e-06 0.0 0.0 0.0 0.0 0.0 0.0 0.0 0.0 0.0 0.0 0.0 0.0 0.0 0.0 0.0 0.0 0.0 0.0 0.0 6.876030218030756e-07 1.2513824601452353e-07 0.0 0.0 0.0 1.397207720530504e-07 0.0 6.884644270117258e-07 8.818213985763517e-08 0.0 0.0 0.0 0.0 0.0 0.0 0.0 0.0 0.0 0.0 0.0 0.0 0.0 0.0 1.975593163833303e-07 0.0 0.0 2.2401749065124905e-07 0.0 0.0 1.0340433980874962e-06 0.0 1.5457826957146035e-06 1.124869419565165e-06 0.0 0.0 1.5053531856810254e-07 1.4450166495005355e-07 0.0 0.0 1.0849148079080097e-07 0.0 0.0 0.0 0.0 0.0 0.0 0.0 1.0975858648397398e-06 0.0 2.0783603640288187e-06 0.0 0.0 7.76782020980895e-08 0.0 0.0 0.0 0.0 0.0 0.0 6.132083396317485e-08 6.40596785027947e-08 0.0 0.0 1.6240919331156237e-06 5.037416667330068e-07 1.279760141018934e-06
0.0009302654727026786 0.0 0.0007006744061276958 0.0007693133247783302 0.000299737180878345 5.9277036483691904e-05 0.0016330763994690835 0.00026897585230636 0.0010066141583311716 0.0006108530059740994 0.0002619850086511881 0.00031216155268203857 0.002601210107680242 0.0019197329778649678 8.55077801933047e-05 8.890377447744705e-06 8.273294593765821e-07 7.700161957127703e-07 7.283830819877607e-08 0.0 1.2244787780427796e-06 6.318922574072847e-07 1.7600715295261745e-07 4.353866911757059e-07 1.841553667828859e-06 9.379238954877481e-07 2.7574290699242336e-07 7.759937596310728e-07 3.757012604829051e-07 2.0049360567021984e-07 0.0013431616947893086 2.6585721203148194e-05 9.076450745574122e-05 9.159408173884043e-08 8.2337045442124e-08 2.200200366046781e-06 5.124936318297545e-05 4.847432303645108e-06 4.547415254339828e-06 2.327659548543027e-06 4.557627229294278e-06 1.9056165718035589e-06 3.434193134254432e-07 7.820735333084352e-07 2.7095149465863984e-07 0.0 0.00018930232840364225 2.1002561774046704e-05 1.8449033204019812e-06 8.27581747830018e-07 9.010009446686861e-06 2.333465958240303e-06 1.3193329426755156e-07 1.1787798993840723e-06 1.4898756247003164e-05 3.3645784029957e-05 0.0002931072561040272 0.0007936512310682688 0.00015891776619427747 0.0001269836547129642 3.651845831565667e-07 3.4604285153339145e-06 0.0 0.00021231730161635294 3.323214185239126e-05 1.623868567615371e-05 7.0538567727646774e-06 4.401329573751338e-06 2.148264780888538e-06 3.954990551859764e-06 2.6033472057150754e-05 9.458195574859491e-06 4.874257008811298e-07 0.00047066855797719693 0.00029244882881605876 0.00032108941293560486 5.2729673721009214e-05 7.523519150582837e-06 9.179056115047433e-07 5.160339355019738e-05 5.131341257243232e-07 2.4832867719476266e-06 3.688810352748364e-05 5.079029470007159e-06 1.2156342900749968e-05 3.517541335816235e-05 8.806245249158276e-06 2.7789854903495223e-06 1.538992643801335e-05 6.856590047525128e-07 6.672652344068949e-06 3.12280606085777e-06 6.241768872454027e-06 4.59560965338326e-06 3.0402035999198966e-06 1.6506915129096336e-05 1.3142550377484851e-05 1.2318830163572015e-07 5.0531200500916655e-06 0.0007004974980156144 1.7569231128885154e-06 2.267931642155272e-06 1.6962842489327418e-05 3.443512234704537e-07 1.0471202832659482e-05 3.6124138861624444e-05 1.5941476080736047e-05 2.4674124711156273e-05 2.983574615931761e-05 2.641128281814864e-06 9.511386915819837e-06 4.4798589265707756e-05 1.1947726111644523e-05 2.476894598225896e-05 3.8255338634117396e-05 2.0162371101508367e-06 1.2498207400577259e-06 0.0 6.160501584091598e-08 0.0 0.0 0.0 0.0 0.0 0.0 9.265423570900041e-08 0.0 0.0 2.300637372237315e-07 0.0 0.0 6.388783310921803e-08 1.375915626480582e-07 0.0 3.624825269566754e-05 3.3250091771098387e-06 1.121521400672618e-07 0.0 0.0 3.504474991542802e-05 6.767115441177853e-06 3.361393930713577e-05 8.64223994625948e-06 7.231075137542948e-07 0.0 6.311581850326939e-07 0.0 6.332776237711694e-07 1.24639459772229e-06 1.0185353239331213e-06 0.0 8.637342297562907e-07 5.353623496371262e-06 2.0485319748043856e-07 0.0 9.171529874305447e-08 1.2568736899230888e-06 8.368461723424124e-08 7.962753960644845e-07 9.107673175377957e-07 2.858361102273662e-07 6.388342882158284e-06 7.932031471655639e-06 2.6439199277484576e-06 3.7050893612897684e-06 1.4359366973711633e-05 0.0001030054512695542 9.532057923262638e-06 6.000235425206896e-08 1.3867612391073402e-06 6.170746279782953e-07 1.1452115493052584e-07 0.0 2.427640747380782e-07 0.0 5.371616712849784e-07 2.5410420216076595e-05 1.3243612020396067e-06 6.734742924335428e-08 8.405827977656181e-08 3.675702332864566e-07 2.5553508935830742e-05 1.7108172288952872e-05 5.2281868004783585e-05 5.560294100657689e-06 2.0725946916228074e-06 6.391412808822157e-06 6.929056138360554e-07 1.5408281300056884e-06 7.070955381571322e-07 0.0 5.577414806041344e-07 7.069993028517133e-08 5.262874273589092e-07 6.214169561832053e-08 0.0 7.138506031253145e-08 5.132272758868098e-06 1.8618459687405644e-05 3.867044831238517e-05
0.0002395978001076608 0.0007006744061276958 0.0 1.0201743207771458e-05 0.00029891487350490497 1.883914224955357e-06 5.249391410409866e-05 0.0019373015593230716 0.0005794399700078564 1.214639828390503e-05 0.0012138883552966309 0.0001895251884892038 0.0009005247849913717 0.002510382530723984 3.5428106283680594e-05 1.7237925426020565e-05 9.524444620959995e-07 2.9382225666119267e-06 2.7266214672242896e-07 2.4454524211053907e-07 1.6732115734361803e-05 3.308597934169033e-06 2.8329523740375177e-06 2.797181382706322e-06 1.1315273548925362e-05 1.685254058676232e-05 2.874395205864768e-07 2.212657997272603e-06 2.909733078105788e-07 3.5512368176607293e-07 0.0021419919294471397 0.00029332674419433913 0.00039379834736726516 1.5438018004195186e-06 1.6070803911057861e-06 1.5217574058898196e-05 0.0001496577844133732 2.7539870264312e-05 2.0004775491984627e-05 1.5717766711666356e-05 4.0514510496737167e-05 1.6394798244065333e-05 2.35906696858568e-06 1.3025765375878093e-06 6.832743337837369e-07 8.048673986993778e-07 5.1165951264729526e-05 3.705950253355161e-06 1.3271987271693525e-06 4.207580288457825e-06 1.822394127516568e-05 1.3001719917428817e-05 9.150743802341366e-07 4.386880475432093e-06 1.6602989705480268e-06 5.475399926222997e-06 6.986680974232519e-05 0.0004150913678502136 3.090938185326932e-05 1.860608123732616e-05 9.520478966086926e-07 3.7881515341817185e-05 4.524302836945198e-07 0.0001648523788542574 3.6540574842419916e-06 5.858907378511835e-06 7.742405543772256e-06 5.867922939016615e-06 1.4131916067704692e-05 4.2926963418481706e-05 7.466352921836096e-05 1.560290563598077e-05 3.219431004330079e-07 8.655896752436249e-05 5.7198331716758754e-05 7.771471482229105e-05 2.4101239624250687e-05 1.1809104136390622e-05 1.161761360823002e-05 0.0005924800466507275 1.1467012408351031e-06 5.3311296014383116e-05 4.777655737998863e-06 8.741216630517433e-07 2.405547081673275e-06 1.2804566177956738e-05 2.9104303350697258e-06 3.096068432960698e-07 5.606014122913071e-06 1.5986678158179084e-07 4.274387733909535e-06 4.595486917893896e-06 5.844519252607518e-05 2.893230255849204e-05 1.1141384358115316e-05 3.977718045835647e-05 3.315221253794757e-05 2.1879537309506258e-07 1.2818972753455626e-05 0.00010875001598844681 3.162340041656069e-06 8.110954079443133e-07 6.7011887904193115e-06 2.7047172665742544e-07 6.796847553207622e-06 1.2319357266420664e-05 1.8908234894724425e-06 1.4398089245654927e-05 2.700316277717154e-06 1.3229116770600576e-06 5.59236605169122e-06 1.5718989265005225e-05 4.580194149225322e-06 9.04857679649177e-06 2.6397089998233466e-05 4.440717607182101e-06 1.8309464521344926e-06 0.0 2.960955561692978e-07 0.0 0.0 1.9544849635711993e-07 2.764241779730403e-07 0.0 0.0 1.8735023702297686e-07 0.0 2.112840711052555e-07 2.827970768820621e-07 4.103155483691812e-07 3.2827901113823846e-07 4.3168226287383583e-07 3.9283799897528115e-07 0.0 2.796699524955372e-05 3.575564520610135e-07 0.0 0.0 0.0 3.2328945633741247e-05 5.239072322560168e-06 3.424558016099993e-05 1.8888499693026465e-05 2.26889918423975e-06 9.706658126417614e-07 3.189750332293804e-06 3.242182257886019e-07 3.368032736269753e-07 2.8901303616190887e-06 2.141641399999793e-06 0.0 1.390931716682518e-06 5.5176465393655335e-06 7.003260842331151e-08 7.448410523819394e-08 1.7230403159520744e-06 2.1547864756337906e-06 2.3396829820306017e-06 5.849878952772527e-07 1.1370474348410076e-06 9.59914503178973e-07 6.218468885490285e-06 1.1520494088908205e-05 1.6739442247181165e-06 2.303091228531218e-06 1.8310260265161222e-05 8.216038679620815e-05 7.612433807676827e-06 2.1849628388207313e-07 2.113440135683588e-06 1.0608986562221348e-07 2.5945071852353277e-07 1.5738359234371523e-07 2.507160463545655e-07 2.0209430893683892e-07 1.1207931980285554e-06 2.08845384635086e-05 2.1780650990823194e-06 5.142752620783783e-07 4.0200484249024437e-07 1.300541264815888e-06 1.842308662310739e-05 1.9116501851032086e-05 5.873107053078422e-05 5.563391642806668e-06 3.8093374929266597e-06 5.03584152173937e-06 1.305463842849696e-06 2.565589531042295e-06 9.804397727004656e-07 1.2642130313238943e-07 0.0 0.0 5.939630326601087e-07 1.5026848931031672e-07 6.562155148605095e-07 4.5405153887222057e-07 8.129891149637791e-06 2.9457978821758858e-05 4.743694344271058e-05
0.0007601020908162366 0.0007693133247783302 1.0201743207771458e-05 0.0 9.691275138786507e-07 0.00023325992303746714 0.0002457239648887007 6.243561203310418e-07 1.886064745514006e-07 0.0008863578340782281 1.9141038879777493e-07 0.0009056255639441003 0.0007234942616486571 1.738985960976192e-05 2.0139338718753455e-06 0.0 7.47888756801065e-08 0.0 0.0 0.0 9.044694475036498e-08 0.0 0.0 0.0 0.0 0.0 7.800484919847321e-08 0.0 0.0 0.0 9.486682632218541e-05 1.1721743161885167e-06 3.339397824011647e-06 0.0 0.0 0.0 4.9424603034105825e-06 1.6322357627127334e-07 0.0 0.0 8.892319202776009e-08 7.795803796660827e-08 5.345046259695414e-08 0.0 0.0 0.0 1.410435789755797e-05 1.5826451584631396e-06 0.0 0.0 3.677125258173212e-07 6.677020067628953e-08 0.0 0.0 1.4341615489596674e-06 2.3740119465571965e-06 3.0853014150308405e-05 7.491899788760797e-05 1.3245168373423993e-05 8.783429344788031e-06 0.0 0.0 0.0 1.802757169189736e-05 2.6601261071239913e-06 8.551720417918941e-07 3.041616497990397e-07 2.0480320266591428e-07 9.221475468966175e-08 0.0 1.0931673976949473e-05 1.0958484246034434e-07 0.0 3.8849861888310884e-05 1.0508465908443677e-05 1.6219559565030184e-05 5.550103960472464e-07 0.0 6.92614064687259e-08 0.0 0.0 0.0 3.439808162461254e-06 4.976119977280779e-07 1.3294229413831766e-06 2.882969829698928e-06 9.060371263363347e-07 2.2785693846373094e-07 8.744254490963857e-07 6.8090863864318e-08 5.232705481883279e-07 0.0 6.192368827618445e-08 1.69177498946637e-07 7.261398081672265e-08 1.5482044365711996e-05 7.718052120826102e-07 0.0 5.546085210980705e-07 0.0005325165518683532 1.0452323506789767e-06 0.0 1.290189861507736e-06 0.0 1.6704660768843724e-06 4.997292289033146e-06 5.822728375456995e-06 1.784903725603961e-06 1.2941282600959774e-05 6.823152062014519e-07 6.388330278731539e-07 5.962188156565853e-06 1.8469127422732627e-06 3.918213962064538e-06 2.7082327796149995e-06 7.934864572233825e-08 0.0 0.0 0.0 0.0 0.0 0.0 0.0 0.0 0.0 0.0 0.0 0.0 0.0 0.0 0.0 0.0 0.0 0.0 3.7912193627180065e-07 1.5635862533978935e-07 0.0 0.0 0.0 1.567844378983159e-06 0.0 2.0055965244362597e-06 2.3308640234634987e-07 0.0 0.0 0.0 0.0 0.0 0.0 1.0939374372229701e-07 0.0 0.0 7.032089021095759e-08 0.0 0.0 0.0 0.0 0.0 0.0 0.0 0.0 0.0 6.790909386124728e-07 0.0 0.0 0.0 4.086590025493637e-06 0.0 0.0 1.6435623005311138e-07 1.8678489976548323e-07 0.0 0.0 0.0 0.0 0.0 6.842631294241591e-07 0.0 0.0 0.0 0.0 7.338832551195315e-07 9.554762433656733e-07 4.182020806063223e-06 9.542623558644676e-08 0.0 2.381266367985028e-07 0.0 0.0 0.0 0.0 0.0 0.0 0.0 0.0 0.0 0.0 7.167843583243241e-07 5.61029702598706e-07 2.258767877499854e-06
3.234298042124155e-06 0.000299737180878345 0.00029891487350490497 9.691275138786507e-07 0.0 6.891370688077662e-07 0.0002661016881877543 0.00030597760972430726 0.0013989206983899276 2.0784098352277744e-06 0.0003292825396033121 1.7200377157780592e-06 0.0003310569898991144 0.0018147865214234928 1.4790027495053447e-05 7.22543035226334e-07 1.6512153086023483e-07 0.0 0.0 0.0 0.0 1.1832005918950325e-07 0.0 0.0 0.0 8.067365491958909e-08 0.0 0.0 0.0 0.0 1.4210571760583069e-05 2.129700755369826e-06 4.0540069366501556e-07 0.0 0.0 0.0 6.621727886755144e-07 7.5507365255365e-08 3.882010532343405e-07 7.116996950911449e-08 2.9764208093299667e-07 9.160372673762065e-08 0.0 1.040183377082978e-07 0.0 1.3773180784204815e-07 2.970932855814729e-05 1.456167461933973e-06 9.120315035505565e-08 0.0 3.973187501920013e-07 8.420731647595458e-08 9.068788121826582e-08 0.0 4.3238734789052897e-07 1.6582920253783862e-06 1.2436970030935772e-05 1.2341160163166574e-05 7.938441866675557e-06 1.4240061909858422e-05 0.0 4.5191349607258003e-07 0.0 3.192096310166497e-05 1.9916807599909346e-06 9.949509508815666e-07 4.904854222775634e-07 2.2232221717672029e-07 2.796740870164312e-07 7.494489217503357e-08 6.895984526663545e-07 3.4783040806302473e-06 0.0 3.189456910695733e-05 3.601651856718112e-05 4.6882714380579183e-05 1.2075775649750148e-05 5.258841077543784e-06 1.8832418292586338e-07 2.392851414809803e-07 0.0 0.0 2.0747315719958847e-06 3.982249559487316e-07 5.636616091306774e-07 1.7809039990658206e-06 4.4871281736498263e-07 2.030645895307428e-07 4.4672603139474724e-07 0.0 2.3409021004513417e-07 6.909579733657553e-08 8.153940613746163e-08 1.650513663739943e-07 1.4863937466292583e-07 3.873171419813054e-06 2.35147826574247e-06 0.0 6.586092443786285e-07 8.849984569856334e-07 4.821681083701464e-07 3.530993630318546e-07 5.229327826349529e-06 0.0 2.4789799972398493e-06 6.379757340939512e-06 3.0593153430322063e-06 5.946534313073236e-06 1.8339729134699852e-06 2.2411848038603422e-07 2.52404992458559e-06 9.789471342621995e-06 2.157291316375643e-06 8.316840558942733e-06 1.2818847556973088e-05 1.6803502632564978e-06 3.4763486382879697e-07 0.0 0.0 0.0 0.0 0.0 0.0 0.0 0.0 0.0 0.0 0.0 0.0 0.0 0.0 0.0 0.0 1.871746582503935e-07 9.9094885341213e-06 8.071701552485456e-07 0.0 0.0 0.0 1.0926799032223978e-05 9.22504516574599e-07 1.034496476879545e-05 2.7277740079254366e-06 9.464046664673269e-08 0.0 0.0 0.0 0.0 8.234894827123756e-07 6.308602896632017e-07 0.0 0.0 1.185517527953808e-06 0.0 0.0 0.0 0.0 0.0 6.151896276385098e-07 1.5645840552261017e-07 0.0 8.174992787142384e-07 1.4538362259340094e-06 0.0 2.538095241994988e-06 3.4928887116033613e-06 2.5875575541468002e-05 3.0777661209756633e-06 0.0 5.734757723927662e-07 0.0 8.947793130613805e-08 0.0 0.0 0.0 0.0 6.283435607534721e-06 9.786207217415908e-07 2.0548273000668657e-07 0.0 0.0 4.867936916532406e-06 3.470548004070419e-06 1.4119773763010656e-05 2.339993627439198e-06 1.1084120565650462e-07 8.486988286121717e-07 3.1536427399302583e-07 2.6209163647944584e-07 2.1579787293668836e-07 0.0 0.0 0.0 9.59563649330836e-08 0.0 0.0 0.0 1.4878096136000354e-06 5.657887848127997e-06 1.0078676117903793e-05
9.24304316440551e-05 5.9277036483691904e-05 1.883914224955357e-06 0.00023325992303746714 6.891370688077662e-07 0.0 7.25941072705552e-05 3.51631794259799e-07 0.0 0.0002145117016990047 1.7647348078940784e-06 0.00010473592088406186 0.00010155706102777673 5.433687935048678e-06 4.5662352283848023e-07 2.6207720563436537e-07 1.4277607937023773e-07 0.0 0.0 0.0 0.0 1.0616669803855534e-05 0.0 0.0 0.0 0.0 0.0 0.0 2.4468243462576203e-07 0.0 1.4122280310739258e-05 3.749066214954529e-07 1.8150962653702894e-05 0.0 0.0 0.0 2.1736146296011834e-05 0.0 1.7235370595700345e-06 0.0 0.0 0.0 0.0 0.0 0.0 0.0 1.831108830558582e-07 0.0 0.0 0.0 0.0 2.1476196749880378e-05 8.630980096119962e-06 6.482941328655608e-07 9.334821483947595e-08 1.89892497427849e-06 7.501276603166146e-05 1.67593572008678e-05 1.0716418339351384e-06 3.547198066054235e-07 0.0 2.1944275043990075e-06 0.0 4.559834295098219e-06 1.2015087055405715e-07 6.876262075004691e-08 1.7234981339886386e-07 0.0 0.0 0.0 6.686585665344302e-05 0.0002600777553304221 3.693706683504547e-05 1.5340749291089313e-06 0.0 2.5638350942446303e-07 2.298596318749513e-07 0.0 0.0 2.0236890864966813e-06 0.0 2.5415794951862665e-07 0.0 9.172848888104434e-06 2.0332616692437192e-07 2.8039737814645707e-06 0.0 9.568323066314727e-06 1.4069567617242818e-06 2.6150233365153026e-05 1.9482423140349562e-07 1.684056005833446e-06 0.0 0.0 7.167079209235676e-07 0.00021733010644074514 0.0004782533023390678 0.00014786193062430887 7.994481943374977e-06 0.00016076017614111854 0.0 0.0 3.321207618119926e-06 6.626488861315905e-07 1.0285433925127074e-06 1.7591855824558074e-05 2.2015599150214226e-05 7.646600252403129e-06 3.907874240619729e-06 3.2049766174935877e-06 3.7755683676940847e-06 8.961866293899162e-06 5.0782710809255456e-06 6.719114758950313e-06 2.2978291905240534e-06 0.0 1.2242057858297473e-06 0.0 0.0 8.80823177855688e-08 0.0 0.0 0.0 0.0 0.0 0.0 2.665638265816135e-07 2.606743243296989e-07 0.0 6.561086030336394e-07 0.0 5.900754855214622e-07 2.5657439348012705e-07 1.1481468334617293e-07 4.893830889788615e-06 6.53581435323927e-07 0.0 0.0 0.0 1.6312667073792607e-06 0.0 5.322542205049579e-07 4.7068364286001236e-07 4.0602806365896384e-07 0.0 1.377005061033358e-07 0.0 0.0 0.0 1.7849878810982035e-07 0.0 0.0 0.0 0.0 0.0 0.0 1.0256033801076496e-06 0.0 0.0 0.0 9.961802955143682e-08 9.518325701782698e-08 4.631118685081462e-07 0.0 0.0 0.0 5.124805382988371e-06 0.0 0.0 1.9908509026203144e-07 0.0 8.608813836349975e-08 0.0 0.0 0.0 0.0 3.855148844209579e-06 1.1977839661907813e-06 3.307494817541441e-07 0.0 1.0735287873609957e-07 1.5846256610465475e-06 0.0 3.5919710929000647e-06 6.739337650953043e-08 1.8085168608587187e-07 7.645145878743411e-07 0.0 2.454559195442283e-07 0.0 8.626654466015547e-08 0.0 0.0 2.2681807470260485e-07 9.672642540572888e-08 1.136654414231103e-07 1.7723325116889193e-07 2.890561941279492e-06 1.3400993790557598e-06 1.4623127503913238e-06
0.00021000074424682932 0.0016330763994690835 5.249391410409866e-05 0.0002457239648887007 0.0002661016881877543 7.25941072705552e-05 0.0 2.328473059682816e-05 0.0025936917288322836 0.00040094905475134007 6.884453509111253e-05 0.00013668933522293386 0.0047576376395956875 0.003393541069329863 3.673380562786858e-05 4.848952930382766e-06 2.2807297177517208e-07 1.5386674931942467e-07 1.3516779330474803e-07 0.0 1.1855987512008646e-07 0.0 9.601590002327423e-08 0.0 6.064362100321739e-08 1.8367628838337584e-07 0.0 3.3399621245103146e-07 0.0 0.0 6.796489997080203e-05 3.3555847186257756e-06 6.9641892612056444e-06 0.0 0.0 2.3764129229147894e-07 1.3227983184783025e-05 1.061706191861051e-06 1.7935337217845377e-06 7.605414400624808e-07 6.76225023046578e-07 4.157479970632628e-07 0.0 2.1172564135071436e-07 7.642411139349853e-08 3.045638598621799e-07 6.959148121422173e-05 3.79891875265634e-06 3.9373345490438073e-07 2.4701740400473243e-07 2.058721345274723e-06 2.1139491528504845e-07 0.0 2.974225812864891e-07 2.522749200678428e-06 8.658117645880136e-06 4.095862355553892e-05 5.2708690057474037e-05 2.468691278569535e-05 3.414590625119498e-05 7.438190071528878e-08 0.0 6.807316565808718e-08 5.32396875639604e-05 5.675067203691531e-06 3.100081590238181e-06 1.4085211470150375e-06 4.194543575065824e-07 2.764526312430575e-07 3.7234499988130293e-07 5.097022707430304e-06 5.218654703163497e-06 0.0 8.517166922847457e-05 6.587766896211329e-05 0.0001001813746768453 2.2746431637763552e-05 6.337094437711186e-06 4.462727740497893e-07 1.5122866988351086e-06 8.286779265513224e-08 2.772160103810429e-07 5.528251953822343e-06 9.862782381428742e-07 2.49416685418729e-06 7.388616165379782e-06 1.5150657256334904e-06 3.079179003337697e-07 3.1938794285305674e-06 2.9772119924546645e-07 1.4258998116087397e-06 1.924243912916869e-07 8.309324476342778e-07 4.269356563242881e-07 2.742434762129966e-07 1.3197817754689164e-05 7.963622602220662e-06 0.0 3.5423741424297745e-06 9.28273842770051e-05 5.807608934014057e-06 4.604944598440482e-06 4.896195157553131e-05 1.7613219413077783e-05 2.5489417913699997e-05 8.541204112359658e-05 4.9926092483664386e-05 5.7572270031691e-05 2.9413900742732315e-05 1.3715899869510851e-05 1.121036358815393e-05 0.00016857284382019874 3.895082357300999e-05 6.693253287036084e-05 6.45937194567056e-05 3.433619523870949e-06 2.0011748161110957e-06 0.0 0.0 0.0 0.0 0.0 0.0 0.0 0.0 0.0 0.0 0.0 1.3282591743642308e-07 1.1398302473799531e-07 0.0 0.0 0.0 0.0 6.289592815053268e-05 4.80875790587328e-06 0.0 6.94240257559775e-08 0.0 4.657759882364508e-05 6.038902722751609e-06 3.99699400107377e-05 1.0667390030152824e-05 1.196021874133498e-06 0.0 2.5863978461957453e-07 0.0 1.3025954662906264e-06 1.1314794482569007e-06 1.6534765633815205e-06 0.0 2.37015086818556e-06 5.842476730378045e-06 3.1729138873302264e-07 0.0 2.0472784391322973e-07 4.18653429896147e-07 0.0 2.0081163615280076e-06 6.788398858917797e-07 5.408182882492469e-07 1.2499822079143411e-05 1.251570885302188e-05 2.671716929428492e-06 4.865595946519015e-06 1.572452039952559e-05 0.00012801784536745824 1.8197222256565927e-05 5.309879923914784e-07 3.6692038814144193e-06 2.5625675256752946e-07 1.6699075466292755e-07 9.86456335506344e-08 0.0 0.0 0.0 4.046976948898338e-05 9.329207068370987e-07 0.0 0.0 8.547511019998524e-08 3.352257456901613e-05 2.3900398191230326e-05 8.543290121909363e-05 7.0361220600563966e-06 2.983476749040229e-06 5.936396958573519e-06 1.7104938271642e-06 1.6291927865421956e-06 1.4091337458137855e-07 1.0211607376320382e-07 6.409943139679006e-08 7.371441129644694e-08 1.1415407371229156e-06 0.0 0.0 0.0 1.7640384347932215e-05 1.984277101842563e-05 3.828542705083337e-05
4.079178912106795e-06 0.00026897585230636 0.0019373015593230716 6.243561203310418e-07 0.00030597760972430726 3.51631794259799e-07 2.328473059682816e-05 0.0 0.00016916270600044587 7.868250094827749e-07 0.001118170368948449 4.182805873358074e-05 0.00020586275918547391 0.0010073104902339558 4.847384473980961e-05 1.5811022277967057e-05 1.619398557324817e-06 1.3671778733576069e-05 8.402149473561129e-07 6.012916216152053e-06 4.290490593984617e-05 1.9714326611347135e-06 8.944949091706382e-06 7.778683065096395e-06 2.164665246250087e-05 2.885283541856645e-05 9.705119586791345e-07 3.5695913236456785e-06 1.8445162166480055e-07 6.833522215996195e-07 0.0006399482138762646 0.0015108128516976987 0.0002339826779903865 8.059971935402092e-06 5.561370439585085e-06 3.9262084151357504e-05 6.952264201993087e-05 5.3781980159914074e-05 2.111952834982432e-05 2.391028499044413e-05 8.051344246271713e-05 2.6100697609634282e-05 1.619842250307792e-05 4.559549450323167e-05 6.843187536296652e-06 2.5459951751253853e-05 6.202301947959952e-05 5.047539878973268e-06 6.842004610184038e-06 2.409395459749285e-05 2.332392984590169e-05 1.4639575054357597e-05 2.930244304257722e-07 5.3048366629646424e-06 1.7335029561516963e-06 3.4579534944987146e-06 2.653660013021543e-05 8.722134663328063e-05 1.5271332470283566e-05 2.2084677291233813e-05 2.732590399863553e-05 0.00014574097530664404 3.070497949402991e-06 0.0002302576330166612 2.6675575367949093e-06 9.651272632013261e-06 8.78120019811555e-06 9.072122511005867e-06 4.078982765191047e-05 0.00015517777193322445 2.070889023855619e-05 2.419080732420997e-06 1.2119520086172312e-07 6.270703038864026e-05 9.451575900645361e-05 0.00011164442516893846 8.933049485970249e-05 0.0003641114690936809 0.0008511035531566195 0.0012064568038274955 0.00010932360072523945 0.000829565014977962 3.0929209693033735e-06 6.162452942232438e-07 3.1590199157648806e-06 1.1488766315624303e-05 9.590879330668941e-06 2.909613327225168e-07 5.949485656519207e-06 2.786486225777147e-07 5.1979477390395745e-06 5.882702224077489e-06 0.00011483096056970885 4.5171724715651956e-05 1.5898548625977665e-05 1.1147537961587898e-05 9.513785954799825e-06 2.0122329538249833e-07 9.995101810761466e-06 5.659124654282657e-06 6.571710190230573e-07 0.0 1.1645288691260978e-06 1.1430127828080859e-07 1.0920588825908385e-06 2.554807563887944e-06 9.65369027505442e-07 1.7232017152150507e-06 3.7359544622153396e-07 0.0 7.191924139644096e-07 5.30973539554544e-06 6.792207638566406e-07 2.3091830610751336e-06 5.2082944874053194e-06 8.165307679409582e-07 2.0766307570814335e-07 0.0 0.0 0.0 0.0 0.0 0.0 0.0 0.0 4.3976980379728226e-07 1.0318433330237126e-07 1.535599681937273e-07 1.7952321055355457e-07 0.0 4.874676110712693e-07 6.962922546129686e-08 4.239685153966021e-07 1.577703766921939e-07 2.74318932358177e-06 1.766913928335104e-07 0.0 0.0 0.0 4.933060964110691e-06 8.973373845619727e-07 5.562255962526842e-06 4.775979387990995e-06 1.2586761160876494e-06 5.27167850285024e-07 2.7378657659814095e-06 9.294928260979741e-08 0.0 3.6268098861976877e-07 6.298601525095558e-07 1.0720064012750253e-06 0.0 2.2502001549188933e-07 7.284013561711171e-08 2.4770611032642856e-07 1.2237026645741574e-06 2.7726765982076495e-07 3.13120122592798e-06 1.771905189023092e-07 0.0 2.031839686443097e-07 5.490926813884764e-07 1.572450530892489e-06 0.0 1.1060932616710008e-06 4.210152429508756e-06 6.6859713229057094e-06 6.890370320533166e-07 0.0 4.37660921148677e-07 7.428879139481649e-08 0.0 0.0 0.0 6.891058037221436e-07 2.344272331116324e-06 4.732885062186936e-06 3.1886569653881047e-07 1.112942179493763e-06 1.1317718037736737e-07 2.4565926250874012e-06 2.00290942882332e-06 3.146016493850753e-06 3.9512296411464704e-06 8.980727973924204e-07 2.042048462106421e-07 6.734776331008728e-07 6.257974611992483e-07 3.51324803687874e-07 0.0 0.0 0.0 0.0 5.329018387129578e-07 2.4172202739429285e-07 7.320390077794781e-07 3.330119251406579e-07 1.5246567553570237e-06 5.509157401009162e-06 7.902920854653137e-06
1.3567170521984715e-07 0.0010066141583311716 0.0005794399700078564 1.886064745514006e-07 0.0013989206983899276 0.0 0.0025936917288322836 0.00016916270600044587 0.0 0.0 0.0005187371725701686 0.0 0.0005743724735844119 0.0012003246883283071 3.7823911675722676e-06 4.2695133861057844e-07 0.0 6.997653966818738e-08 0.0 0.0 0.0 0.0 0.0 0.0 0.0 0.0 0.0 0.0 0.0 0.0 4.052826811880836e-07 6.941261617272988e-08 1.513895094014436e-06 0.0 0.0 0.0 2.6114891900909203e-07 1.7072625431265967e-07 0.0 7.570029141174799e-08 2.3021407248973533e-07 8.223405025970975e-08 0.0 0.0 0.0 0.0 6.6480711745310776e-06 3.988777527147085e-07 6.904120517735587e-08 0.0 1.399930102596636e-07 0.0 0.0 9.138087595147166e-08 0.0 2.669290536771181e-07 1.038892010186033e-06 1.5457761557561475e-06 9.479730469448742e-07 1.7656505277456964e-06 0.0 0.0 0.0 4.713912904513e-06 2.2338985884951632e-07 7.710980692567308e-08 1.4908775191078116e-07 8.731923710845773e-08 0.0 7.24764322429128e-08 0.0 1.321508827172325e-07 0.0 3.3133678416114003e-06 4.10965709254384e-06 7.061626358606187e-06 2.8839293604652005e-06 4.209648836999154e-07 0.0 3.961032708994653e-07 0.0 0.0 1.6691690915923722e-07 0.0 7.616838278577459e-08 1.9450080977501672e-07 0.0 0.0 3.106267259928211e-07 6.71964132771108e-08 7.217670421892921e-08 0.0 1.5664690712743539e-07 6.620425602473587e-08 0.0 6.810309028785319e-07 0.0 0.0 3.9393800532639457e-07 1.3775775822964572e-07 0.0 0.0 2.628781384809565e-07 0.0 0.0 2.45543063836139e-06 3.732399217225222e-07 7.854704997843686e-07 1.7718440830861942e-07 0.0 2.3253955919075185e-07 2.404287335920539e-06 9.197896117387922e-07 1.32438624657227e-06 2.791852646547983e-06 1.3489445026928435e-07 7.309251308519425e-08 0.0 0.0 0.0 0.0 0.0 0.0 0.0 0.0 0.0 0.0 0.0 0.0 0.0 0.0 0.0 0.0 0.0 3.3491562902856658e-06 5.046136018507488e-07 0.0 0.0 8.863119256957444e-08 2.2416822910124093e-06 0.0 1.6624824945959874e-06 8.85506238419787e-07 0.0 0.0 0.0 0.0 0.0 1.7490316712317994e-07 9.881303344803064e-08 0.0 0.0 1.6807795861337987e-07 0.0 0.0 0.0 0.0 0.0 1.2429088941158861e-07 0.0 0.0 6.671661804788682e-07 3.8669265292021746e-07 2.2614912439632555e-07 1.2574400639394093e-07 2.1938191678309907e-07 4.992257201722035e-06 2.415306459038384e-07 0.0 6.52654813796163e-08 8.821217444667061e-08 0.0 0.0 0.0 0.0 0.0 1.4504261952496305e-06 9.04924783602417e-08 0.0 0.0 0.0 8.991919994902917e-07 1.682328639960696e-06 3.0974406827545803e-06 3.545841273391948e-07 0.0 1.0663022484622114e-06 0.0 0.0 0.0 0.0 0.0 0.0 0.0 0.0 0.0 0.0 6.549906419046665e-07 7.025409780898118e-07 1.3456409806513468e-06
0.00043129323345029904 0.0006108530059740994 1.214639828390503e-05 0.0008863578340782281 2.0784098352277744e-06 0.0002145117016990047 0.00040094905475134007 7.868250094827749e-07 0.0 0.0 4.0721556407718806e-06 0.0012318914077260588 0.0029271618650248783 6.496446267467223e-05 4.4899100332084365e-06 3.28053908805143e-07 1.047084106666289e-07 0.0 0.0 0.0 0.0 5.797369369755279e-07 0.0 8.386221192676511e-08 8.091098891237548e-08 7.777868392577276e-08 0.0 2.2152888722819042e-07 0.0 0.0 2.755428860545272e-05 6.570005926276725e-07 5.164833234849619e-05 0.0 0.0 8.791220555952535e-08 0.0001532844402780513 8.69038706805319e-07 7.148484677873911e-07 9.679738578763419e-08 6.806863638341569e-08 1.2803964177137106e-07 0.0 0.0 0.0 0.0 7.043023407506083e-06 2.9048439748153045e-07 0.0 0.0 2.4109712362967434e-07 1.5156472373759095e-06 3.2135613994697847e-06 1.1654952644924798e-07 4.586427049039671e-07 8.911391062090432e-07 2.6773741882781817e-05 1.8528082880960744e-05 5.038210562783413e-06 4.332090955032174e-06 0.0 2.66702731319747e-07 0.0 5.376933877104048e-06 9.678696426696525e-07 3.9900905979093634e-07 1.5643366992313253e-07 0.0 8.039229532976464e-08 0.0 0.0002218070938040325 7.34452972944875e-06 2.1984969189332205e-06 1.476250369503267e-05 3.431305158764617e-06 8.029955924246988e-06 1.1099360553869683e-06 3.8946806153501773e-07 3.115703336096422e-07 2.462555642965197e-07 0.0 1.2329787761860505e-06 8.635948066387441e-07 4.884785451779471e-07 3.1208788047415694e-07 8.463328454830519e-07 2.0433281261953995e-07 4.179929726343962e-07 2.702972212967585e-07 7.339679551739657e-07 2.561884992781156e-07 7.036740821810392e-08 3.52529318470396e-07 2.6970641537799064e-07 2.4309388447649843e-07 0.0001180321482997093 5.018693458489469e-05 2.1012771345605692e-05 2.1949970002113503e-05 0.0002639882741019453 2.6532718379501133e-06 2.348758302780266e-06 2.5634594225893713e-05 1.6894207300898387e-06 9.513031728461987e-06 8.180986027063594e-05 8.733669243037071e-05 5.066251130528735e-05 4.2038789557711996e-05 1.7294667503640978e-05 1.3127932800620139e-05 0.0001600714626039999 3.7090321404458595e-05 7.278780163381169e-05 3.62358763086334e-05 5.472693210734688e-07 1.3481309402387295e-06 0.0 0.0 0.0 0.0 0.0 0.0 0.0 0.0 0.0 0.0 0.0 0.0 1.380647121484809e-07 0.0 0.0 0.0 0.0 2.3240144877743656e-05 1.3620451128927255e-06 0.0 0.0 0.0 2.412141847494792e-05 2.6488015119193713e-07 5.516058130592473e-06 2.061256430051838e-06 0.0 0.0 0.0 0.0 0.0 3.4672513937544326e-07 1.8777738165951087e-07 0.0 5.89010493343445e-07 1.928302090660972e-06 0.0 0.0 8.868287342623066e-08 6.164836911556352e-07 0.0 1.3170336943506597e-07 0.0 6.623537135630568e-07 1.637032259353692e-06 6.547521140683828e-07 4.94424838774471e-07 1.0185543573590532e-06 2.9664724591060206e-06 2.814946501247078e-05 3.5791554709459003e-06 0.0 1.520708735856318e-07 0.0 0.0 0.0 0.0 0.0 0.0 2.388347859087823e-05 1.5888547469123586e-06 0.0 0.0 5.062517122136144e-07 1.595915070332164e-05 4.64745432840642e-06 1.1726557901292546e-05 1.7576119605864152e-06 1.0344681026754793e-06 1.6946121375929063e-06 9.791647792623622e-08 3.565927742594342e-07 0.0 1.521514056601377e-07 0.0 0.0 0.0 0.0 0.0 7.833042079247828e-07 1.963669687510611e-05 6.984160168451969e-06 4.367261998116768e-06
7.391249894093929e-06 0.0002619850086511881 0.0012138883552966309 1.9141038879777493e-07 0.0003292825396033121 1.7647348078940784e-06 6.884453509111253e-05 0.001118170368948449 0.0005187371725701686 4.0721556407718806e-06 0.0 0.00011902307215990312 0.0011589810215979046 0.0062746604618144144 4.7034653816184695e-05 1.7754511089435425e-05 6.718864177483632e-07 2.2634412564120827e-06 8.853342307053838e-08 5.796845178209194e-07 7.837624260036411e-06 1.5712232126519388e-06 1.068858293570552e-06 1.4549955788737087e-06 1.0282483728399202e-05 1.0197488585174347e-05 3.164653013944987e-07 1.676943044387725e-06 4.100606208932778e-07 0.0 0.0001049571270251256 0.00010748761252540386 0.000940655896366645 8.030898285658754e-08 1.2866410098637147e-06 1.44729638581483e-05 0.00024356538110059927 5.172227711398989e-05 3.779482000836761e-05 1.6844493065776806e-05 2.3290784739523416e-05 9.37523413879601e-06 1.07864678919745e-06 1.7093335160080095e-06 1.7835098190701468e-07 8.726131108891049e-07 5.431645000210137e-05 2.703280072741354e-06 1.131941350494903e-06 1.3300378912158294e-06 9.374789662484136e-06 7.249063311603542e-06 1.2780400481664368e-06 4.831760693876236e-06 3.477017190646417e-07 1.5165114282193866e-06 1.2142614768707626e-05 2.2914154726397382e-05 8.694623311743828e-06 2.0623738345774612e-05 3.3284774547901083e-07 0.00010900729241950099 4.4359441758069556e-07 4.865386255239345e-05 1.8144131648768742e-06 3.2577274511480774e-06 3.365660323141445e-06 1.657591569123323e-06 4.443718484660895e-06 1.4829434441478561e-05 5.714094075378067e-05 3.4506130430329035e-06 4.303472945084634e-07 3.534692263243299e-05 4.599357904642943e-05 7.311128981906554e-05 3.070563822336028e-05 1.7152294461646484e-05 8.873327734159892e-06 0.001506652729468655 0.0 0.00020802078819764385 1.07338975171897e-06 6.206914344508557e-08 1.0495396908915694e-06 5.5144647945969095e-06 1.7420169400668149e-06 6.099156040709724e-07 3.368805027344721e-06 8.513110000733486e-08 1.7403954335536412e-06 1.851660286094679e-06 2.5529338411802828e-05 1.5635501595294937e-05 1.1315511746883836e-05 1.7077987951100814e-05 1.7006766232665017e-05 0.0 2.162692907357014e-05 1.914871487457221e-06 8.315907737806626e-07 6.649068316603669e-07 2.7499086936766165e-06 0.0 3.5351673490740956e-06 6.463760834819094e-06 1.8558198201044656e-06 7.033701160126407e-06 1.0676807240452088e-06 2.3145885854566595e-07 1.051709286765395e-06 9.039336295974722e-06 4.119093556187571e-06 8.323658929033197e-06 1.2471188920997462e-05 9.902074703169655e-07 1.0021526756385378e-06 0.0 0.0 2.4797916013717354e-07 0.0 8.379137197644062e-08 3.395946158635389e-07 0.0 0.0 5.757550604921334e-07 0.0 4.4743632638635153e-07 0.0 6.486112972879906e-08 0.0 6.397695247905485e-08 0.0 1.4427068241411864e-07 6.173264006703956e-06 5.458429503743789e-07 0.0 6.613515447810034e-08 0.0 8.902347954170568e-06 1.9671936213369366e-06 8.553006679564094e-06 6.022102663833918e-06 9.64794411780066e-07 9.234698280567535e-07 1.4690618409058644e-06 1.9575263322419404e-07 0.0 5.842882192093869e-07 6.044167818673696e-07 1.604622948045236e-07 9.685915723991989e-07 2.818809020085144e-06 0.0 0.0 1.2050134844621531e-06 1.1371589178317947e-06 2.915912291615853e-06 1.1345028778582503e-07 2.862688208973982e-07 1.745867567071694e-07 1.3533181902341785e-06 1.7034452023634366e-06 2.3769094151972762e-07 5.641240873458047e-07 3.6180486091216614e-06 1.7510708004323863e-05 2.0466693799747954e-06 0.0 4.3788626958108994e-07 7.779905780756094e-08 8.979116861180074e-08 3.5056942015962665e-07 0.0 0.0 8.258905114315256e-08 1.212342545718493e-05 4.4105060936820155e-07 2.8525292291512667e-07 8.388415141910448e-08 5.374323752979746e-07 3.281663987086692e-06 3.7296665461131594e-06 9.80840539679098e-06 1.8188381196185663e-06 6.893527251159977e-07 1.4364473298920898e-06 2.741057914991388e-07 6.616356900056547e-07 0.0 5.7544057698141665e-08 0.0 0.0 1.237703736467978e-07 8.635984771838822e-08 2.8217825753035494e-07 1.8298449272982283e-07 3.760668556801547e-06 8.684839539129363e-06 1.2475217640129658e-05
