0.0 0.0022486334174112088 0.0004388994142912274 0.0006314106800813713 6.51803469309021e-05 0.00031728808216560086 0.00020363064705331628 6.382640507641942e-05 1.0629628853713954e-05 0.0004965225336517514 0.00011135302896494218 7.045172745759174e-05 0.00012549586909695328 3.713544889148346e-05 2.880618257491861e-07 1.2785513255291168e-06 2.339302375459826e-07 2.0378439256850627e-07 0.0 4.059730509511134e-07 8.869648080279685e-07 2.067712200699436e-06 3.7212274185942205e-06 2.581776801123719e-06 2.187661816692295e-06 2.816947261998749e-07 2.1329658643298113e-06 1.9948638442199166e-07 5.81086250134964e-07 4.6193322708941466e-07 0.000640404403761595 1.0551413558410554e-05 9.911295191222637e-06 7.419341001997925e-07 3.3217980938150107e-06 1.3916960542511618e-06 1.3586708915652315e-05 2.5806763268636085e-06 6.520089500981259e-06 1.9035134687180065e-06 2.18918054015921e-06 1.238533996026405e-06 6.796754878815923e-07 1.008154419650845e-06 1.4932838169313477e-07 3.289201737334987e-07 1.4959609064102335e-05 3.9261947173166173e-07 4.6255889557922013e-07 1.4240475034673389e-06 1.003506166793147e-06 7.2590778927333e-06 2.2244831189979344e-06 9.988731213239042e-07 6.784762077450629e-06 1.0743073694603143e-05 0.0001489482493137621 0.0004997563797102726 7.42853778183593e-05 1.438532380613136e-05 2.292097779343824e-06 6.344251700501086e-06 2.855423650422741e-07 9.44863363729319e-06 1.6720271878492825e-06 6.535106939998736e-07 6.209902145883411e-07 6.200017149600799e-07 1.8809470995118988e-06 2.0212080213358973e-06 1.7517861149556942e-05 6.533592740960005e-05 6.852578009205694e-07 0.0002181021433444571 2.4885877128313012e-05 1.0408540579888706e-05 1.91032215420244e-06 1.752030080417592e-06 3.4524985243877888e-06 3.489302752657387e-05 1.790924853698874e-06 1.3392750026938822e-05 7.66136446730916e-06 1.3086260654284266e-06 2.658808250409146e-07 3.714715754383706e-06 7.064269168256587e-07 1.180375191960131e-06 1.2082349822711602e-06 2.3838065773433816e-06 4.761444613536897e-07 1.1193608337282875e-06 2.2399214088047576e-06 4.136368402822939e-06 2.675749358663355e-06 0.00020891821907398304 0.00014311045642171957 1.3392247427352786e-05 1.5141991705026261e-05 0.0003654189361036726 2.199205435695226e-06 2.7245276777359767e-05 6.093679638431139e-06 3.4172069235491407e-06 1.8558230549190005e-06 5.452198696020114e-06 1.565594208289635e-05 4.322372466024579e-06 7.887957825444687e-06 1.2566772999336684e-05 2.413634646522523e-06 1.0758577314653146e-05 1.8606822849781714e-05 8.123556224846982e-06 2.772159109734571e-06 1.91299901792016e-07 1.0505999364617736e-07 0.0 5.632744983018599e-08 0.0 0.0 0.0 0.0 0.0 0.0 8.672653004244021e-08 0.0 1.191457657445278e-07 1.7482787776438271e-07 0.0 0.0 1.6520969629916777e-07 4.179670731707811e-07 1.1180865379038558e-07 3.201743624840837e-06 1.5552469534222422e-06 7.732918756905858e-08 1.5838558541656866e-07 0.0 1.1778944255544601e-06 3.973475500559365e-07 1.6514704563756534e-06 1.6429802087047214e-06 8.656837901609325e-07 3.0360142709069725e-07 0.0 0.0 0.0 7.207058988185626e-08 2.5422250870708595e-07 0.0 0.0 1.1122129493579904e-06 0.0 5.067371681012764e-07 8.08685897491114e-08 6.6562793530778e-07 8.781840018598626e-08 0.0 1.955812782199679e-07 0.0 8.495935302039259e-08 0.0 1.8483945920515994e-06 2.349108936693347e-07 7.38502273700103e-08 3.7983399432685622e-06 5.215955569234681e-07 9.261784035541956e-08 8.296738376376568e-08 0.0 0.0 0.0 0.0 7.343814057101645e-08 0.0 9.184379159846153e-06 1.0676545744837659e-06 0.0 0.0 8.661020975036592e-08 1.5850020377950486e-06 4.7166197339035295e-07 1.2437847502086981e-06 4.5756454019483365e-07 1.118983013211086e-06 2.9122568440234495e-07 1.6441712441984745e-07 2.77388191451359e-07 0.0 1.740357128365215e-07 0.0 7.632164358144108e-08 0.0 0.0 0.0 5.923136339415119e-08 3.228127702578455e-05 2.9150295884117412e-06 4.272035409498356e-06
0.0022486334174112088 0.0 0.0007349725291951856 0.0005450649323246287 0.0019563562580104926 0.0003875926945148353 0.002105452201602053 0.0006148212457954716 0.0008510764481532897 0.0010838011495512528 0.0010477175383633178 0.0002264300151982452 0.0012927792919078486 0.0017346558050559504 1.9233989216481143e-05 2.157872420982356e-05 1.3484428017743988e-06 6.27532375934991e-08 7.141689987729198e-08 8.254365863750617e-07 1.549993650948669e-06 1.469483062211766e-06 7.197418438924137e-06 4.4631203488713955e-06 4.703076500770132e-06 4.4301842363695824e-07 4.357632644396989e-06 3.230091601873721e-07 2.5998941977259478e-06 1.0923421345687621e-06 0.0012359412249616803 7.932667006355891e-05 6.814205259206696e-05 1.1461621045367803e-06 7.008725322839639e-06 2.2064961890956457e-06 5.447972139344972e-05 6.648207160827268e-06 1.9798371795159668e-05 4.879400617933312e-06 4.7480097409188184e-06 2.4972708937666863e-06 6.721151582074447e-07 9.556234815102737e-06 1.7092696219345616e-07 3.3858911173499033e-06 9.187111742485622e-05 1.9860487669253574e-06 8.279421913537214e-07 2.8064265397116984e-06 9.560220676946102e-07 2.099303246580207e-06 1.8505542495326978e-06 1.284315836549949e-06 1.4904263060075122e-05 2.8365303611374262e-05 0.000112648784861038 0.0006236186381956254 6.574157760754891e-05 4.745722239152362e-05 5.154528257009664e-06 1.4819188181286929e-05 6.059368814832348e-07 0.00010871011050729444 6.820652216681805e-06 1.733628529959011e-06 1.0891388113133863e-06 1.2770204661883311e-06 3.203367462900719e-06 4.502371790883323e-06 7.613268294806347e-05 1.489709170817068e-05 5.915401936254318e-07 0.00031549794741300463 0.0001332852414925543 0.00010090003812846154 3.937255977723947e-05 4.042719487480709e-05 1.2644519660966913e-05 8.470051655417758e-05 6.374272286788367e-06 2.8085176791631925e-05 2.1931099326429565e-05 2.4426718539874035e-06 1.0932816498374579e-06 9.982869712120447e-06 1.3622266449580198e-06 5.427399553720747e-07 2.1602349645978806e-06 9.536967276783738e-07 8.913708714762083e-07 7.332282167021131e-07 4.610509064259725e-06 7.887021459205141e-06 6.058227679338944e-06 0.00018252102481121474 8.945359840243276e-05 1.6776394069758474e-06 3.321368319645991e-05 0.000383172412831797 2.84890525697917e-06 1.0111760332661173e-05 4.345965525315526e-06 1.1031976858581505e-06 4.237308148595687e-06 5.4805708915094785e-06 5.6288903048848885e-06 8.644349336473583e-06 7.653362454806685e-06 1.0938325143510133e-05 4.2359759639261915e-06 1.3907092492850483e-05 2.2076314087744464e-05 1.2695904544830547e-05 6.9040173615842715e-06 1.7734506438778356e-06 1.099485523094367e-06 0.0 8.868072063860916e-08 0.0 0.0 0.0 0.0 0.0 0.0 0.0 6.262605072853339e-08 0.0 0.0 7.71927231797562e-08 1.9874022923231573e-07 6.531148465019638e-08 1.5535300736626814e-07 8.55022553348629e-08 6.741159461990843e-06 2.2003435481206483e-06 1.0892362955664939e-07 2.6252664875535886e-07 0.0 3.0836688826668942e-06 4.6110822505452806e-07 2.177477764378469e-06 4.791531450552796e-06 4.744086195939968e-07 0.0 1.874851242799433e-07 0.0 0.0 2.0498498657688916e-07 1.6691720648584732e-07 0.0 5.689855291184348e-08 2.3125329098457304e-06 0.0 7.061325310469043e-08 7.842120789707169e-08 8.106194885919934e-07 1.4707749441528255e-07 1.6577805245847598e-07 1.194804930090009e-07 2.4945855567382287e-07 0.0 3.585807436299169e-07 5.605390868652848e-07 2.9618908725253465e-07 1.0952216019772168e-06 6.4462715148250645e-06 2.3959909026614657e-06 0.0 0.0 0.0 0.0 7.178359705460967e-08 8.896661372798395e-08 0.0 8.20599401457792e-08 1.776914431569982e-05 2.3522851928320292e-07 0.0 0.0 2.992138750891885e-07 4.297336555490549e-06 1.2594902036484542e-06 3.776586420844829e-06 1.459242230480068e-07 2.411856912985838e-06 1.4715529287601989e-06 7.763788398966056e-07 1.316259883753573e-07 0.0 1.9136024203515567e-07 1.8487030612576363e-07 0.0 6.226392206581073e-08 6.671685760175666e-08 0.0 0.0 3.709200781637432e-05 8.612602791533473e-06 1.1412156894876797e-05
0.0004388994142912274 0.0007349725291951856 0.0 2.4501272870782947e-05 0.0006985162931798228 0.00010402273873810975 4.1079939308277336e-05 0.0018502927330634252 0.0002870055935367044 6.133267372532793e-05 0.0018738461513677649 1.865659793541081e-05 8.808622565764271e-05 0.0004636799174143969 3.043368658919488e-06 4.318655555493773e-06 7.150520785946198e-07 5.817468486250134e-07 1.3484759053377368e-07 2.0815270981551186e-06 6.2635569177823145e-06 2.4716031184224194e-06 2.6623621899611445e-05 1.5273929020957193e-05 1.8417832814161167e-05 1.677630483111707e-06 1.427045164113512e-05 1.2984400510272089e-06 7.836019909082045e-06 3.880524633415212e-06 0.0020989279205930913 0.0005286817559452468 9.703276422697382e-05 2.7325861518466113e-06 2.9702549972186988e-05 7.399588513190112e-06 8.266873697069019e-05 1.776293424612248e-05 4.4906008914283205e-05 1.1978465783131884e-05 1.553283536170669e-05 6.639876830545798e-06 2.3745589106477442e-06 2.4780230247682156e-06 3.9237333392411785e-07 2.494835391021526e-06 8.406873597320318e-06 6.957904168484795e-07 7.108648872061607e-07 7.825999935720819e-06 3.2669913440731122e-06 1.888812487751283e-06 4.166912483715817e-06 3.6871374533659043e-06 6.845124160318696e-07 1.0109589643888732e-06 1.2637289281722249e-05 0.00020941266221428004 7.397120052221416e-06 2.1679046334087144e-06 3.1550762913703336e-05 5.4685321167409544e-05 1.606378248390905e-06 0.00012991510730315904 2.2737643932546507e-07 8.771539447361656e-07 7.893310341715069e-07 3.269346522351693e-06 1.0771566226607914e-05 2.135305986857801e-05 8.50840281567291e-05 9.75035806860379e-06 3.3879697285100475e-07 2.1686632490644964e-05 7.510755520801258e-06 5.165351508949312e-06 2.9967193286908577e-06 1.932804621644855e-05 0.00011728032951267766 0.0004743805615408106 4.028607663706448e-05 0.00018753753113519268 1.2429643651350088e-06 7.994263952905391e-08 5.449331524359318e-07 4.6582649778650136e-07 1.6055596267735384e-06 7.0905260155273e-08 8.20608582088924e-07 5.644223969409428e-07 2.5512027124053886e-06 8.606506484267607e-07 1.598221090973755e-05 2.621516046160412e-05 1.3466992327816421e-05 0.00010148598979819356 5.123409207965198e-05 7.699251323563985e-07 5.8955848913800286e-05 9.247957242992008e-05 1.033232057243419e-06 3.8331415212591285e-06 3.0623181452945167e-06 1.0187298429965295e-06 2.881782763626205e-06 3.827981866067763e-06 2.968615570980067e-06 4.619767791314663e-06 4.157213856667516e-06 7.981514488282395e-06 3.7105016266843785e-06 9.074511335079023e-06 1.7419276722557924e-05 1.0010545899498154e-05 7.552880887930339e-06 1.5904815665226283e-06 8.540646816623293e-07 0.0 6.992622214843712e-08 0.0 0.0 0.0 0.0 0.0 9.733704326215658e-08 9.401848976325747e-08 0.0 0.0 1.141638659815876e-07 0.0 0.0 1.2238227976712603e-07 7.986806082950408e-08 0.0 4.868924669996088e-06 1.0656195216637316e-06 0.0 1.8974806991710298e-07 0.0 3.2251015291689765e-06 1.2384282516276082e-06 3.8197798369231155e-06 5.8987209910990135e-06 3.64219831242106e-07 7.268599253663856e-08 0.0 1.334874909320441e-07 7.345183158082079e-08 3.9520851629342843e-07 3.1576665960282253e-07 0.0 0.0 1.6297827583504374e-06 2.24969762308661e-07 2.0601446718601898e-07 7.144312402310619e-08 3.401815089189244e-07 6.189968258462674e-07 6.993243784750962e-08 0.0 0.0 1.3065817060160942e-07 6.357349622155646e-07 0.0 1.4658165167686894e-06 1.6863857869883729e-06 8.291176241347444e-06 1.450289889427269e-06 4.6265563375465286e-07 0.0 0.0 7.020356441250952e-08 2.0100857666562964e-07 2.730797236834121e-07 8.083615474888492e-08 8.745996315435734e-08 1.0445262784669387e-05 1.061370943585523e-06 8.451632822118277e-08 0.0 2.435342435353704e-07 6.201298276396152e-06 9.781690104414787e-07 5.909412540950363e-06 1.047426461158062e-06 2.2340422004530283e-06 1.788648764498516e-06 4.52425499032738e-07 6.869717448160313e-07 1.7693805673057278e-07 0.0 0.0 0.0 0.0 2.1172718394435325e-07 1.670180820011148e-07 1.402208613285728e-07 2.3357749415284007e-05 4.342879258740579e-06 1.1404991966991817e-05
0.0006314106800813713 0.0005450649323246287 2.4501272870782947e-05 0.0 1.9462299827415074e-05 0.00012450209641453878 0.00036356406719489616 1.0360449105737386e-06 7.862904895619275e-06 0.001138125971053563 5.097379656649472e-06 0.0005774092933135818 0.00047748501690811774 3.814688426038051e-05 9.044589197132241e-07 6.819995343735473e-07 1.8718923181185788e-07 0.0 0.0 8.71719674824436e-08 6.34193250835868e-08 0.0 6.168076062484575e-08 8.000040725761259e-08 6.099147205692616e-08 7.628906324140778e-08 0.0 5.433672080657747e-08 9.483771211849204e-08 0.0 5.839563870669458e-05 1.1403922547003772e-06 2.8405304963187536e-06 7.190998455063773e-08 6.044443724728137e-08 8.333001627115208e-08 2.557521665721354e-07 0.0 2.2495863896877756e-07 6.946402702870506e-08 1.629985400798454e-07 6.355722833697685e-08 0.0 3.1174372157473336e-07 6.920074396861434e-08 3.933346792318011e-07 2.452881339798495e-05 2.0730319040860942e-07 3.208773691919049e-07 0.0 0.0 2.9201643468941957e-07 1.5112451524936514e-07 0.0 3.8344572437731694e-06 7.62547151817505e-06 2.4110339442548493e-05 0.00010308703735550843 1.636311442336799e-05 1.4629265538883169e-05 1.7486483283260186e-07 1.2760995883275324e-07 2.2114792612663615e-07 9.33830070576553e-06 1.3107929220746248e-06 8.852244994915454e-07 1.4129577031666066e-07 0.0 0.0 5.913548756823904e-08 1.7180776550931491e-06 6.900146371479571e-07 0.0 9.71949201595235e-05 2.740344246364859e-05 1.895635411692126e-05 2.7269540453898113e-06 3.400504366364558e-06 2.3893630247414017e-07 5.266771985511825e-07 2.64426128603573e-07 1.787631129083643e-07 7.229338156244092e-06 2.9696642752009814e-07 1.3850078893792207e-07 2.832029963434158e-06 1.4042796086399942e-07 1.4458663658235675e-07 4.6502724996538685e-07 0.0 5.955992825081424e-08 1.4483560851613396e-07 6.346728237518378e-08 6.944497298002833e-08 6.240903417362005e-08 3.328815891791195e-05 1.6552519602768137e-05 1.3687229225276501e-06 7.00482945056001e-07 3.771747606668325e-05 1.0741572906068397e-07 4.040450408988166e-07 8.932238619648746e-08 0.0 0.0 3.7119073532961355e-07 4.796799538929385e-07 0.0 4.514791479484604e-07 9.351250375972456e-07 0.0 5.76149570430592e-07 5.418736477640841e-07 3.3484560014380363e-07 0.0 0.0 0.0 0.0 0.0 0.0 0.0 0.0 0.0 0.0 0.0 0.0 0.0 0.0 0.0 0.0 0.0 0.0 0.0 0.0 4.894977450488676e-07 0.0 0.0 0.0 0.0 0.0 0.0 0.0 1.016151592337751e-07 0.0 0.0 0.0 0.0 0.0 0.0 0.0 0.0 0.0 0.0 0.0 0.0 0.0 0.0 0.0 8.679329914970253e-08 0.0 6.879384580072475e-08 0.0 0.0 1.1551033270943556e-07 0.0 0.0 0.0 3.3157129777142704e-07 0.0 0.0 0.0 0.0 0.0 1.1465469788792733e-07 0.0 0.0 4.313377346621968e-07 0.0 0.0 0.0 0.0 0.0 0.0 0.0 0.0 0.0 0.0 0.0 0.0 0.0 0.0 0.0 0.0 0.0 0.0 0.0 0.0 1.2867537228679415e-06 3.329066411593915e-07 2.3446162410309094e-07
6.51803469309021e-05 0.0019563562580104926 0.0006985162931798228 1.9462299827415074e-05 0.0 3.4693239760683747e-06 0.0019811045538906027 0.0005371482934905177 0.0034296259213309407 8.889279526220639e-05 0.0010163534721296652 2.305327611891538e-05 0.0011925693898721668 0.003492731313235967 3.854641730933521e-06 5.463779870829133e-06 3.154345581441931e-07 0.0 7.090812819412798e-08 0.0 5.51098946663449e-08 7.299802256794347e-08 5.536271471374122e-07 1.3926137152575686e-07 3.21383975311947e-07 0.0 6.394216081539271e-08 0.0 6.93567662512571e-08 6.845336792456104e-08 0.00010131084333557262 1.6073685981949067e-05 1.1975549443014435e-05 6.553009025366448e-08 2.9515452459482565e-07 1.6377286696874717e-07 4.200695680213836e-06 7.296394038323946e-08 1.150197682283404e-06 1.3663233429380806e-07 7.204259259039858e-08 6.228129501738834e-08 0.0 2.066901713266592e-06 7.305336796638812e-08 5.265099657247721e-07 1.3356670631055834e-05 8.121721149911835e-08 8.682977944121934e-08 0.0 0.0 0.0 0.0 6.157132943961565e-08 1.4037121438981678e-06 4.183214857431586e-06 6.013465174706012e-06 4.19658994694245e-05 5.827561798077889e-06 6.372071595035137e-06 2.1466431249884165e-07 1.1251661707008606e-06 6.311786125623917e-08 2.140413466511909e-05 9.9127822499903e-07 6.350148083173324e-08 1.9896584505913378e-07 0.0 6.556676433159045e-08 1.6474452171339555e-07 8.024792981438944e-06 2.3277333752819608e-07 0.0 2.6624526533326492e-05 2.1418487348928046e-05 1.5882099106708447e-05 7.602675148724613e-06 9.635516531549509e-06 2.3579124836965634e-06 6.695589090886251e-06 3.7046301407210524e-07 7.911753139610836e-07 1.8777241360039583e-06 3.8553903472105923e-07 2.3698229113039966e-07 1.4040758809880862e-06 5.7721636461279785e-08 0.0 0.0 0.0 1.0254712652183572e-07 0.0 8.894840749484713e-08 3.429185336273554e-07 2.4954795418901016e-07 1.2062503667242933e-05 1.7842831733418208e-06 2.6430859714644173e-07 1.3016317519426977e-06 4.18446901884811e-06 1.6766344887940734e-07 8.117686516873955e-07 5.714166522907493e-07 0.0 3.9237063060371063e-07 2.823549758743879e-07 1.2309742186435233e-06 4.900714787810288e-07 7.73578335605207e-07 1.393483477108302e-06 2.254296174575029e-07 1.9440904243022965e-06 2.811674164243485e-06 1.1380013761205765e-06 4.445243668901916e-07 0.0 0.0 0.0 0.0 0.0 0.0 0.0 0.0 0.0 0.0 0.0 0.0 0.0 0.0 0.0 0.0 0.0 0.0 2.814082323726319e-07 9.976254517520864e-07 1.324700832162024e-07 0.0 0.0 0.0 0.0 0.0 6.581853163431927e-08 4.721746934716028e-07 0.0 0.0 0.0 0.0 0.0 0.0 0.0 0.0 0.0 9.400602735928697e-07 0.0 0.0 0.0 9.073920708016649e-08 0.0 0.0 0.0 0.0 0.0 3.576201056426269e-07 0.0 4.247497815870718e-07 7.114029884623451e-08 2.4705062873468e-07 6.79838040766222e-08 0.0 0.0 0.0 0.0 0.0 0.0 0.0 0.0 1.7050661088857943e-06 2.547968431771156e-07 0.0 0.0 0.0 8.905554231112918e-08 0.0 1.1650217030859382e-07 1.7272568279824832e-07 0.0 7.381140226294306e-08 8.46310400860614e-08 0.0 0.0 0.0 0.0 0.0 0.0 7.239438274819473e-08 0.0 0.0 1.7342950970704608e-06 3.7190894651909434e-07 5.865319389108513e-07
0.00031728808216560086 0.0003875926945148353 0.00010402273873810975 0.00012450209641453878 3.4693239760683747e-06 0.0 1.7119007598111854e-05 2.6330557516468104e-06 2.915234759772397e-07 0.00020976377758357627 1.0792755137794694e-05 2.6084754445878058e-05 2.7423808867800503e-05 6.699778733672788e-06 4.947338635126119e-07 1.5430435207642196e-06 0.0 0.0 0.0 0.0 8.003902404429e-08 5.658555695218234e-06 1.5665329479282284e-07 5.907495353869016e-08 0.0 0.0 6.572022378897265e-08 0.0 7.245779935057925e-08 0.0 0.00010890029144760298 2.1984859116028232e-06 5.237985111330245e-07 0.0 1.6117138131951492e-07 0.0 2.2649039360277357e-06 8.318882494686526e-07 4.8999953121644875e-06 7.411401669709487e-07 0.0 0.0 0.0 3.950460506126824e-07 0.0 0.0 3.4388516397488134e-06 1.7934564938815988e-07 1.8727767592898026e-07 0.0 6.484967710328261e-08 2.322169316438257e-05 2.777916315007779e-06 2.5176139224329994e-07 7.584546241209684e-07 1.989332622967704e-06 4.3759705524920196e-05 3.739058108204156e-05 8.082979768262693e-06 3.073736340888805e-06 5.157516564554801e-07 5.93036781839765e-07 0.0 1.21116067258285e-06 2.4236389958545114e-07 2.6204220695585984e-07 8.569218539444147e-08 0.0 8.131414346096023e-08 0.0 1.1855549185788213e-05 0.000232108795571925 6.278839427539506e-06 2.8994005822569837e-05 5.869153584018779e-06 3.016097170233926e-06 6.641299276080006e-07 6.998778809061457e-07 1.4214943336145606e-07 2.3636549854259792e-06 2.2006919470162844e-07 1.5392332003395566e-06 8.372873277684861e-07 2.432366428400886e-06 6.647941595932203e-08 1.2556726695247123e-06 2.078017398586923e-07 3.888120954070194e-06 9.700476788022494e-07 1.012151204265159e-05 4.326151407584946e-07 1.7924681105251837e-06 2.2475009572460296e-07 0.0 7.390032648589406e-07 9.83538894140526e-05 0.00036616729764366485 5.9498348888927966e-05 2.1500936596280422e-05 0.0002097074511511247 1.7039660270431613e-07 1.5084942342686185e-05 2.3903635536610087e-06 2.3088876276163945e-06 9.88618046291136e-07 1.24492731972153e-06 9.83096506607923e-06 6.503375190650961e-07 5.105382613860691e-06 8.777884450415664e-06 1.3710131096892719e-06 3.806371483975126e-06 8.181871472681338e-06 3.4723291769437266e-06 1.419298113482721e-06 1.4645826932358032e-07 2.5937781823822734e-07 0.0 1.8419624916960087e-07 0.0 0.0 0.0 0.0 4.389871043466746e-07 0.0 0.0 0.0 0.0 1.4311445092159213e-07 1.0635507403191899e-06 0.0 7.3289795136971e-07 1.216396737755332e-06 4.292127116570681e-07 1.0992401458984794e-06 0.0 0.0 1.0560212081501114e-07 2.8430837194627943e-07 6.125622062673586e-07 0.0 4.233782970338064e-07 7.762724753812995e-07 3.213796490303634e-07 0.0 0.0 1.2119234401124473e-07 0.0 2.1622528624760483e-07 3.0320166510732354e-07 0.0 0.0 8.200763719395769e-08 0.0 0.0 0.0 1.9806861786063612e-06 0.0 0.0 0.0 0.0 0.0 0.0 2.3830227500757726e-06 4.6786472870364547e-07 0.0 1.0277216341175655e-06 2.0473507962368786e-07 0.0 0.0 0.0 0.0 0.0 9.658014261609501e-08 0.0 0.0 4.093072575472093e-06 1.8911136626023018e-06 0.0 0.0 0.0 5.020205619324216e-07 6.285215489710239e-07 2.3137435468347658e-07 0.0 0.0 1.692115019193424e-07 0.0 0.0 0.0 0.0 8.804972302255286e-08 0.0 0.0 0.0 8.182222235771168e-08 0.0 1.6231377167681175e-05 5.757922961174178e-07 2.1491853119964575e-06
0.00020363064705331628 0.002105452201602053 4.1079939308277336e-05 0.00036356406719489616 0.0019811045538906027 1.7119007598111854e-05 0.0 1.9488884716319137e-05 0.0019152278678366346 0.0007438177469716831 8.950518614675412e-05 0.00023367819993543645 0.0011643399361921493 0.0023434818898107465 1.47201693045373e-05 1.5382651257988167e-05 1.4850578503205136e-06 2.441574606271005e-07 0.0 1.8383054514762997e-07 1.7617447045339658e-07 5.1373474688799945e-08 1.2684065101184774e-07 1.5266471509507066e-07 2.1272008252410145e-07 8.429254367593092e-08 2.0091956087860032e-07 1.4166589751341967e-07 3.929622120641519e-07 0.0 0.00011855860347171936 3.2181784646478226e-05 2.3201626063339544e-05 4.1486996909090395e-07 1.1648926413374643e-07 2.478717647307046e-07 3.915322582755268e-06 2.4245674265406053e-07 7.785826903683039e-07 5.44488025054183e-07 5.2682027105703584e-08 1.3928711120554827e-07 0.0 6.538509097799191e-06 3.5074620134220435e-07 2.213328332424903e-06 4.942457391899804e-05 1.232716053247918e-06 5.654184493944995e-07 1.237111022424236e-07 0.0 2.043752763978747e-07 2.4003513923909413e-07 2.048971480422952e-07 5.94613731340096e-06 1.1712422221109249e-05 1.9739319005941524e-05 0.00010939934532855346 1.6767665237105287e-05 1.9720022758166012e-05 9.607803137181245e-07 6.480307873887958e-07 3.916683971036618e-07 5.860098025541959e-05 2.5130088354979324e-06 9.068017683315236e-07 2.85557533673448e-07 1.0761706345043921e-07 5.766934852790499e-07 3.7382079478487054e-07 7.186166410331004e-06 1.380528598891634e-06 9.12004381125131e-08 0.00010241540353367332 5.974837832967374e-05 5.999634961825951e-05 2.6660080826176693e-05 3.369707492554381e-05 4.777501760241245e-06 2.987890293930182e-06 1.578791784120619e-06 2.59821477687927e-07 8.24954299480432e-06 9.253278023346642e-07 4.282940090487117e-07 3.550336461915579e-06 1.5871015827320382e-07 5.663062866725432e-08 4.748861625973311e-07 1.1894430054894641e-07 6.648239542536232e-08 7.059229510454409e-08 2.033163596331995e-07 5.6995882135824034e-08 6.930807257130551e-08 5.2118939165577784e-05 5.454369917705178e-06 0.0 1.7707988415874751e-06 7.701114841499327e-06 8.850578964709645e-07 1.612268177975719e-06 6.453988084791565e-06 7.776560909637757e-08 7.171452092014675e-07 8.072619287957346e-06 1.9405855257923875e-06 3.897811006069891e-06 9.653040055167009e-06 2.4365432570611172e-06 7.010237399432723e-07 5.725632302754541e-06 4.849603278433997e-06 3.0219523975175274e-06 1.1200795632964124e-06 1.0091113320944192e-07 6.45910013150687e-08 0.0 0.0 0.0 0.0 0.0 0.0 0.0 0.0 0.0 0.0 0.0 0.0 0.0 0.0 0.0 0.0 3.2489128646264955e-07 2.010492509795059e-06 7.50707619998916e-08 0.0 0.0 0.0 5.544040852981768e-07 0.0 1.323226384044933e-06 1.0976803639361322e-06 0.0 0.0 0.0 0.0 0.0 0.0 0.0 0.0 0.0 8.364608529568903e-07 0.0 0.0 0.0 5.212540083773941e-07 1.6262706606754298e-07 0.0 2.8223248348518313e-07 0.0 0.0 2.749979136094268e-07 7.28761696738888e-08 0.0 1.4156247080007616e-06 2.2401246423013224e-06 8.050562296016926e-08 0.0 0.0 0.0 0.0 0.0 0.0 0.0 0.0 3.6294109964676977e-06 5.2595486940050795e-08 5.3621750694789245e-08 0.0 0.0 3.1372705764683397e-07 2.2080513734754367e-07 7.847555045084919e-07 1.1636871929795333e-07 2.5625293972126296e-07 6.177657831483516e-07 3.5373861231455446e-07 0.0 0.0 0.0 0.0 0.0 2.1536047079496448e-07 0.0 0.0 0.0 1.0677236641832775e-05 1.055130328425445e-06 2.4651999697563516e-06
6.382640507641942e-05 0.0006148212457954716 0.0018502927330634252 1.0360449105737386e-06 0.0005371482934905177 2.6330557516468104e-06 1.9488884716319137e-05 0.0 0.0002850614522289357 9.252954046383213e-06 0.001867577221029003 6.209965601243077e-06 5.096577184706976e-05 0.0004532423945897136 2.379065495951055e-06 3.378512728890618e-06 2.425817755830889e-06 1.3104952709948764e-06 2.4075195032176893e-07 2.9028892574531877e-06 1.3245305525287969e-05 1.5865088046405205e-06 3.278448503816216e-05 1.5886815935731672e-05 2.1388733645283405e-05 1.3220153255704583e-06 1.393541706048514e-05 9.640373691000896e-07 5.358402813549673e-06 3.3666273723998646e-06 0.00038996472310789254 0.00022032729989545 0.00010591353102048645 5.321739500458729e-06 4.323242348991819e-05 9.648684569971548e-06 4.687477749034034e-05 1.9969774648327324e-05 3.129536394224046e-05 1.2276201954492311e-05 1.555455046597482e-05 7.8335295163365e-06 3.98413505142991e-06 4.89544917457061e-05 4.633261105069071e-07 1.651044855881419e-05 5.826416413817465e-06 5.680834776072821e-07 7.7466398036036e-07 7.732820410303229e-06 2.8809514344650603e-06 7.724041013931245e-07 3.902731766220754e-06 3.3816381015629262e-06 2.0779364443145137e-07 6.227460115035131e-07 2.5505299780414683e-06 1.9290764366207654e-05 7.827187560573772e-07 9.881570187345187e-07 0.00015534284063361468 0.00014597751743047598 1.006113566319119e-05 2.0379774309558975e-05 5.245991881289063e-08 1.2726305354586506e-06 8.290573449343231e-07 3.159979238190004e-06 1.1141204834538339e-05 3.4657209116616646e-05 3.291484633767432e-05 4.313357328485906e-06 5.22512505764822e-07 4.298188382409119e-06 2.2462264967031506e-06 2.6528630626297704e-06 4.501907706346103e-06 0.0005331425066012375 0.0015428068657686448 0.0012222008328477022 0.0004204930444421657 0.0007838570322274708 5.037067410801172e-07 0.0 8.210123312276654e-07 3.8146796499360487e-07 3.166958232860092e-06 0.0 4.3699501397354205e-07 1.3141942175255573e-07 1.915349550169581e-06 4.790763479858114e-07 1.8143420305070393e-05 1.6254115750024414e-05 8.534885963320934e-06 2.856039408191119e-05 1.176835798016e-05 2.7760600737520995e-07 3.110817364944801e-05 1.2197070785862124e-05 5.953808658464232e-07 1.2130956056546124e-06 1.596099473280301e-06 2.523111061500508e-07 5.63566112934964e-07 5.226671473192998e-07 7.621268135932109e-07 4.797392428448088e-07 5.277344342187586e-07 1.899511992534727e-06 8.616567826182515e-07 1.7693377114413508e-06 4.239733060913589e-06 2.357948668463806e-06 1.1845729350185668e-06 5.609538624507052e-07 6.365442191047102e-08 0.0 0.0 0.0 0.0 0.0 0.0 0.0 0.0 2.5206365059492487e-07 0.0 7.83063797603476e-08 0.0 0.0 0.0 0.0 1.1823548315564772e-07 0.0 1.5369295207991997e-06 1.8106580413803457e-07 0.0 0.0 0.0 6.505819709308808e-07 2.5843787663943137e-07 1.0094914925825106e-06 1.0419129907409245e-06 1.978176024491747e-07 0.0 1.0302679633101018e-07 1.4029434997957134e-07 0.0 0.0 7.093262279624073e-08 0.0 0.0 7.468684060206535e-07 0.0 0.0 3.803605531800474e-07 1.067531248813002e-07 2.0512043843220386e-07 0.0 0.0 0.0 0.0 8.333396951389815e-08 0.0 0.0 3.341667033720731e-07 2.427610856629817e-06 3.6095614352028894e-07 0.0 0.0 0.0 8.328625929997272e-08 1.4017690572632413e-07 0.0 6.808358469867815e-08 0.0 2.0952015973573933e-06 1.5587155557377232e-07 0.0 6.68893081272326e-08 5.637404238099675e-07 1.285211817701836e-06 0.0 6.790137993429913e-07 0.0 1.9704156539521253e-07 3.938860984589522e-07 0.0 0.0 1.2950629449647937e-07 0.0 0.0 0.0 0.0 1.9263997356836302e-07 1.4081946754634468e-07 1.299475413053855e-07 4.137999343154715e-06 7.850411892774769e-07 1.7565233138373143e-06
1.0629628853713954e-05 0.0008510764481532897 0.0002870055935367044 7.862904895619275e-06 0.0034296259213309407 2.915234759772397e-07 0.0019152278678366346 0.0002850614522289357 0.0 1.22569413973287e-05 0.0005308457744877448 1.0343062191848995e-05 0.0006743912964018514 0.0015047390595261266 1.5282260402529925e-06 2.2340742236571346e-06 1.1508369255111685e-07 0.0 0.0 0.0 1.5898520901298836e-07 0.0 2.444321770853293e-07 1.9560309856963478e-07 7.23017479999751e-08 0.0 8.33476314557411e-08 0.0 0.0 0.0 3.023549617560718e-05 6.960618365154229e-06 1.799466644678904e-05 0.0 1.1558211119537362e-07 0.0 3.0112145617823584e-06 1.881648834011944e-07 3.15333924861937e-07 1.9926251267285566e-07 5.531978472606284e-08 7.654348541794149e-08 0.0 1.6933255883572167e-06 5.292858155402703e-08 4.687173016998896e-07 5.076438985852774e-06 1.5691875310535598e-07 0.0 6.100668913470231e-08 0.0 0.0 0.0 0.0 3.997083336064007e-07 9.089799178807129e-07 1.571054401493779e-06 8.289013056953696e-06 1.0593431626004905e-06 1.0051201120568427e-06 1.390292735435538e-07 5.561766156697764e-07 1.017576116231193e-07 6.331201547196374e-06 5.1475822980776703e-08 5.225389963669487e-08 9.075142531326155e-08 0.0 1.0733334076884657e-07 6.386192839735677e-08 5.429727437183602e-06 2.674856817220229e-07 0.0 6.934047627502688e-06 5.448789009617666e-06 5.468253938772993e-06 2.9324142495331255e-06 5.367790403722016e-06 3.0538826568181422e-06 6.590232608878781e-06 5.879317308138289e-07 9.182055171490116e-07 4.915035894123874e-07 0.0 5.547215413489371e-08 4.735797951221903e-07 0.0 0.0 0.0 0.0 0.0 9.426721461936308e-08 0.0 6.548440510771442e-08 7.472800713342072e-08 2.4961440403316348e-06 9.333117200311864e-07 0.0 6.380101309304795e-07 5.694361309662413e-07 0.0 9.612773855468382e-08 0.0 0.0 0.0 3.507894835366813e-07 1.044215546320109e-07 8.09882819247044e-08 8.336982968890579e-08 1.8483150039733732e-07 0.0 6.735411451882747e-08 1.442322787546398e-07 3.023332161595122e-07 1.0975160136825576e-07 0.0 0.0 0.0 0.0 0.0 0.0 0.0 0.0 0.0 0.0 0.0 0.0 0.0 0.0 0.0 0.0 0.0 0.0 0.0 0.0 0.0 0.0 0.0 0.0 0.0 0.0 0.0 7.985140004297993e-08 0.0 0.0 0.0 0.0 0.0 0.0 0.0 0.0 0.0 2.2335959103528245e-07 0.0 0.0 0.0 0.0 0.0 0.0 0.0 0.0 0.0 0.0 0.0 0.0 0.0 8.85107602684904e-08 0.0 0.0 0.0 0.0 0.0 0.0 0.0 0.0 0.0 3.375595545802289e-07 0.0 0.0 0.0 0.0 0.0 0.0 0.0 0.0 0.0 0.0 0.0 0.0 0.0 0.0 0.0 0.0 0.0 0.0 0.0 0.0 8.888759925752939e-07 0.0 0.0
0.0004965225336517514 0.0010838011495512528 6.133267372532793e-05 0.001138125971053563 8.889279526220639e-05 0.00020976377758357627 0.0007438177469716831 9.252954046383213e-06 1.22569413973287e-05 0.0 2.9163393423043812e-05 0.0010710570399540566 0.001918351132166102 0.000456863791379669 4.523799684314492e-06 7.120723737126495e-06 8.159922264741669e-08 0.0 0.0 0.0 7.568665881001718e-08 6.180634778300418e-07 1.1644064796835845e-07 2.064454094026201e-07 0.0 0.0 0.0 0.0 1.1430150277866513e-07 0.0 6.41819730518147e-05 5.40506630956481e-06 5.7124106324903794e-05 2.561026632056506e-07 0.0 7.947790580736243e-07 1.8053714023152776e-05 5.692878456059826e-07 2.6878879746121875e-06 1.8888863203731578e-07 0.0 0.0 0.0 3.3412130745233864e-06 1.06124191090501e-07 7.486327682951086e-07 2.6283880169569372e-05 5.838728260282071e-07 0.0 0.0 0.0 1.2566424639198333e-06 7.692540742449169e-07 0.0 2.9720180436834357e-06 5.0776327149776134e-06 2.5192911539777195e-05 8.42212934662781e-05 1.7430808491521938e-05 1.093353084836986e-05 2.500211612214404e-07 1.723297858848044e-06 0.0 1.2044875886537324e-05 8.859225375158367e-07 3.1310006656478626e-07 6.962136705892986e-08 6.03856860526964e-08 5.547442143588041e-08 0.0 0.00010694187528064723 1.3710289972680239e-05 1.8167265112285426e-07 8.089527174922972e-05 2.2188329240332407e-05 1.9592623101189096e-05 7.784637481461142e-06 9.163949237353988e-06 1.1056332903411765e-06 2.503526629111337e-06 4.6225045059648393e-07 1.0146205731231776e-06 3.951176551753182e-06 7.624438869158128e-07 3.098958809598895e-07 1.9489600684430934e-06 5.274232374690129e-08 2.5859512462111184e-07 1.6992767835152744e-07 7.415235346241103e-07 7.857643565543706e-08 1.1044119999442992e-07 7.672094532209323e-08 6.055732751991426e-08 5.690006541476667e-07 0.00044909287204779883 0.00022869668345779009 3.560086960740941e-06 2.7003462460875244e-05 0.00015672331085435053 3.7531002202245316e-06 3.7240205628778005e-05 1.547778215925433e-05 4.611881076880955e-06 7.706271681943102e-06 1.9174416425657425e-05 2.3518753137447017e-05 2.0860900195898906e-05 2.63070919637897e-05 2.784803782903442e-05 8.47965564977996e-06 4.3223135583474694e-05 5.683464182467879e-05 2.5267891527378394e-05 1.494374960375859e-05 1.487004928955468e-06 3.8985412998419803e-07 0.0 0.0 0.0 0.0 0.0 0.0 0.0 0.0 0.0 0.0 0.0 0.0 0.0 0.0 0.0 8.423262491823098e-07 0.0 9.443140998915029e-06 2.2745151702501836e-06 0.0 2.812480679054942e-07 0.0 6.630364558197828e-06 1.0884912837166318e-07 3.676100086822819e-06 3.0099424848123115e-06 1.01452097659821e-06 0.0 0.0 7.513463400033754e-08 0.0 8.039834183514835e-07 0.0 0.0 6.354748572525834e-07 3.055383537401437e-06 0.0 0.0 5.7905423491689246e-08 4.098198177546716e-07 0.0 0.0 2.1503710425872614e-07 0.0 3.7427395461327734e-07 6.379646201922976e-07 1.7843366438567572e-06 1.1719979411443573e-06 1.6527813584527675e-06 1.8017138611577007e-05 2.7759170884501304e-06 0.0 3.165835468318272e-07 0.0 9.112366962654023e-08 0.0 0.0 0.0 0.0 2.5109264987940725e-05 9.508558237653343e-07 0.0 0.0 0.0 6.496699011468425e-06 1.143163855748855e-06 8.21096586167089e-06 1.5909634018949248e-06 3.432217967615117e-06 9.606364127753724e-07 1.2042313792820409e-06 1.4661487926350873e-06 1.4348920476886895e-07 0.0 0.0 0.0 0.0 0.0 0.0 0.0 7.80719664568856e-05 1.0862403634950901e-05 1.4519658676583887e-05
0.00011135302896494218 0.0010477175383633178 0.0018738461513677649 5.097379656649472e-06 0.0010163534721296652 1.0792755137794694e-05 8.950518614675412e-05 0.001867577221029003 0.0005308457744877448 2.9163393423043812e-05 0.0 0.00012806210382595876 0.0004871939227605972 0.0016680147770547038 1.2185955090852471e-05 2.382832569062795e-05 7.454318964378073e-07 4.1602093924457135e-07 2.548476539735868e-07 5.854136799030433e-07 2.176167845767381e-06 4.271757645748844e-06 8.936213362996888e-06 5.447825823339096e-06 1.2089692946889084e-05 7.639377766543987e-07 5.613196551299583e-06 1.3229020534213097e-06 7.055498870156517e-06 2.279674820596889e-06 0.0004563347793407229 0.0001645845823679293 0.0011257101810617951 1.8079080329825036e-06 1.1143823014886715e-05 1.3734049019719918e-05 0.0004024816718676775 4.740026119715503e-05 9.1955319756114e-05 1.479930459597334e-05 4.5012797414873485e-06 5.472725138677999e-06 9.471937790116093e-07 1.2833635996879604e-05 8.973309711197656e-07 4.258637060773738e-06 2.7081062193650072e-05 2.0446322635965386e-07 9.72395909838063e-07 3.765436338436879e-06 1.5122124325101136e-06 1.2637555345617316e-06 3.038851672130668e-06 3.727717494998759e-06 1.6116204565925553e-06 2.3396172783746467e-06 7.733019869809472e-06 5.10735890579682e-05 5.259695477520667e-06 7.501928191360983e-06 1.3900625719261641e-05 0.0002691114303172676 2.7812260366910825e-06 6.260720366312023e-05 7.034689271642286e-07 7.014472310724431e-07 1.4230089681882428e-07 1.1193019807958376e-06 2.6191995631520048e-06 4.675718835268435e-06 0.00033161785374020845 6.317991839851713e-06 3.0407556914255154e-07 2.4672900196437605e-05 2.321633333751991e-05 3.069533393211886e-05 2.2002150381789734e-05 4.320780767440651e-05 0.000141629417091097 0.0009499593568199877 4.94546025474213e-05 0.0004111090618169938 2.1419314749069743e-06 1.7989632738229618e-07 5.529457311423632e-07 6.680422378197831e-07 1.2260731471918272e-06 4.6714529665978726e-08 7.377677650736151e-07 1.7719154873234274e-07 1.4327828667225061e-06 7.188831341650587e-07 4.85979662280614e-06 9.884467633287745e-06 1.1187751157601202e-05 0.0001301400302176033 5.0491106571910864e-05 8.373029275744203e-07 0.00011179634380911515 2.0075279163772723e-05 8.116464887350862e-07 2.686238624571545e-06 4.302055138280777e-06 6.698003407932238e-07 3.258378366624625e-06 6.029657564945285e-06 3.904526378553673e-06 2.959258584526384e-06 4.237252493138988e-06 6.267196420331998e-06 5.1265859718242725e-06 1.0124197476573253e-05 1.3254234495699824e-05 1.0681630695368306e-05 5.376963094455965e-06 8.510052593497053e-07 3.2106657739710945e-07 0.0 7.807837067137695e-08 0.0 0.0 0.0 0.0 0.0 0.0 1.3435869649152512e-07 0.0 2.3269700990630396e-07 0.0 0.0 0.0 1.6494705757888738e-07 3.978029287387277e-07 0.0 6.185522255635514e-06 1.775145393229475e-06 0.0 3.0278642927918147e-07 1.1021970212880574e-07 2.7252509341546187e-06 7.798843052317613e-07 2.395162911471218e-06 4.099719551042775e-06 5.434071474446944e-07 0.0 2.1186947161524965e-07 1.5444193025311066e-07 0.0 8.081782255458214e-08 1.311841844305249e-07 4.10816141509201e-07 3.07086665969401e-07 1.991887381869037e-06 0.0 1.903573779893185e-07 8.809462333354598e-08 5.291831668793594e-07 2.3037081238520745e-07 0.0 0.0 0.0 0.0 3.8560676307104667e-07 0.0 1.5915150488211066e-06 1.1795601893039548e-06 1.0989881668840987e-05 3.7724763612918594e-07 0.0 0.0 0.0 1.6472449388801299e-07 2.3298757324813857e-07 3.02342241761517e-07 0.0 0.0 1.1704171420770089e-05 6.34992425987079e-08 8.964978833469585e-08 0.0 0.0 2.644589661950644e-06 1.2183081645356683e-06 3.000198298579227e-06 4.383178823614194e-07 2.1164359320784726e-06 7.80137109291779e-07 6.219709966728591e-08 2.776456899871375e-07 3.1691292559140853e-07 0.0 0.0 0.0 0.0 0.0 0.0 0.0 1.8995253046921023e-05 5.909523251125893e-06 8.915436044453756e-06
