0.0 0.001203290769948312 0.0003417371337411742 0.0015132777664714294 4.285054735665827e-05 0.00012471337736324478 0.00017728630171400802 0.00025313191042109656 7.872620020290255e-06 0.0015431331913666696 0.0001374399429990976 0.00016990634912004206 0.0003683084417692658 0.00014904844716392507 4.341953805441042e-06 9.229972091793261e-07 3.765215712784535e-07 2.595510044360358e-07 0.0 0.0 6.842183947905806e-07 0.0 4.80632781801614e-07 5.229240872352739e-07 1.4113150637642653e-07 4.1946974658629584e-07 6.094549509846033e-07 7.585996983638945e-08 5.936350192762867e-07 1.1712271204078049e-07 0.00027160228136489066 2.952237523747358e-06 1.1330750659277523e-05 2.482760560057236e-07 6.907844316384215e-07 1.1869448649637652e-07 1.9736908081413997e-05 1.6475259162818702e-06 8.181536292294232e-07 8.958611330623858e-07 3.3105495905955164e-07 8.585027925178565e-07 7.429479730039465e-08 2.3379564850296647e-07 0.0 2.1040424456228728e-07 2.0354627278384704e-05 1.3121723802944372e-05 1.2131583201756622e-06 3.837441505452646e-07 2.782078126862268e-07 4.144804805268053e-07 2.1443041202727502e-07 1.7949156621697206e-06 2.0979874264006154e-05 4.3553467473878476e-05 0.0002395277909284002 0.0005426765046993797 0.00010739827047325161 2.1869918023185014e-05 3.5556114729949213e-07 1.5699412556873133e-06 0.0 9.32075712162139e-06 2.2280268886807453e-05 1.09014107840921e-05 1.8038410930446588e-06 2.4097553077902512e-06 1.1647459631198937e-06 6.610479069243666e-07 4.390789250475609e-05 5.337326443757393e-07 3.6186072010915486e-07 0.0001414942708412322 4.408127734604463e-06 2.1538170628390007e-05 1.8504157661678996e-06 5.904765341821887e-07 1.71175509422144e-06 6.444730967820962e-05 9.258194030520076e-08 9.219810860792003e-06 4.3832146056247625e-05 3.0195813394718013e-07 1.5614933363755977e-05 1.5305836431542494e-05 5.89251014036918e-06 9.575124198437346e-08 1.639555709231735e-06 0.0 1.1769887159929998e-06 3.6836479398038613e-07 1.5742677735234077e-06 1.2980906373650288e-06 6.18628561221192e-07 8.859869245825738e-05 1.5382659098576677e-05 4.675493827387685e-07 2.4263736281213225e-06 0.0006517979484663754 0.0 3.838891286997082e-07 2.0506176735367232e-06 7.131324618674752e-06 9.482959710712366e-07 3.1621813050154466e-05 4.271386716024301e-06 1.1665509617407055e-05 1.3892968052289839e-05 1.6153139379067423e-05 3.9928595658461935e-07 7.87993879216642e-06 2.056720440482305e-05 1.218352117401475e-05 7.189906102627622e-07 1.037073050819555e-07 0.0 0.0 0.0 0.0 0.0 0.0 0.0 4.400514686123221e-07 0.0 0.0 0.0 1.8649129953618009e-07 0.0 0.0 0.0 5.000757941717439e-07 2.2877111234819813e-07 4.776867676064273e-07 0.0 0.0 1.335333518258035e-07 5.208324300964537e-07 0.0 1.6982105642782858e-06 4.551986594317348e-07 1.9574692674035925e-06 1.1870408832824457e-06 9.9282196819303e-07 1.7151506146369018e-07 0.0 0.0 1.3351638753319611e-07 9.789550427488358e-07 0.0 0.0 0.0 0.0 0.0 0.0 2.9676625761589487e-07 1.8780817651673942e-07 0.0 0.0 1.102833451583762e-07 0.0 0.0 0.0 1.3078554838318917e-07 1.546665094855193e-06 3.161153959708306e-07 1.2817717220101774e-06 3.9206453397412247e-07 0.0 0.0 0.0 0.0 0.0 8.394541471354915e-08 1.2122031755738954e-07 0.0 1.2204119601538135e-06 7.155066241246439e-07 0.0 0.0 1.8152732675106586e-07 1.8218668845378261e-06 9.049708155910913e-07 6.703059108196021e-07 0.0 0.0 0.0 0.0 0.0 1.8086067547280223e-07 9.237527381400293e-08 9.733856528101433e-08 0.0 0.0 0.0 0.0 0.0 2.2660582848937045e-06 1.4763959421477542e-07 2.8553218087760367e-06
0.001203290769948312 0.0 0.0007869408022518191 0.0015712576870594256 0.0015780374053816896 5.9226568090743865e-05 0.001247460727552993 0.0007788009986897446 0.0020102434544159134 0.0004040944462672281 0.0013019720460071865 2.887753568223612e-05 0.0006518724534846405 0.0014440858867535886 3.321151650782079e-05 2.6093861702397086e-06 9.163510831244187e-07 5.976792812825176e-08 8.970377799890781e-08 1.525713443506998e-07 2.1390955490071776e-06 2.5968729974581983e-07 1.1923195563711125e-06 8.453710938112084e-07 1.7567241171192277e-07 1.8021811063801187e-06 9.207061159716557e-07 2.2129060928640514e-07 1.823236608564409e-07 1.2329555545808459e-06 0.0011115023045521742 1.1761215496281462e-05 4.847372770815189e-05 9.913744577089367e-07 3.4666646024375304e-07 3.6014793921394733e-07 3.618798652534756e-05 3.425406956915071e-06 1.1632546000450403e-06 7.352765952426419e-07 5.39317820824582e-07 2.3666406426331366e-06 3.301515682259226e-07 9.89226002935403e-07 4.0910002696402966e-07 5.327915011250624e-07 0.00016008961593822442 3.220626781502228e-05 3.278741145841481e-06 9.575984983122631e-07 1.3133619125837312e-06 1.0635039679815821e-07 0.0 1.0772872919974812e-06 3.2576533232995907e-05 5.8033010405089196e-05 7.699459133015491e-05 0.0004934210456876634 9.740766449434537e-05 0.00011506236368174966 7.135980831094199e-07 2.1048692277814487e-06 0.0 8.485975730259561e-05 4.054622715553266e-05 2.1335606797138498e-05 2.3169994465150747e-06 5.770834385426946e-06 2.4135198174145308e-06 4.179384065115664e-06 1.7026818088677262e-05 1.1391101019316068e-07 0.0 0.0002668366910773263 5.077963088058874e-05 0.00012608157270742226 1.5471835034618086e-05 2.7271620656427666e-06 3.771410954138356e-06 9.156009206264894e-05 7.76262505754313e-07 1.196436052884546e-05 6.896382947173431e-05 3.00358811001472e-07 2.865471274628412e-05 3.150390427131368e-05 1.3271312188757796e-05 0.0 3.3945851241523904e-06 0.0 3.170713840338461e-06 1.1759641244785632e-06 6.531471573499717e-06 1.8846825386754087e-06 1.840137190006881e-06 4.252559879295932e-06 5.965368956777873e-07 0.0 3.831873816168443e-07 0.0008062917538213321 0.0 2.419832520121896e-06 5.2814001673635764e-06 5.756948472861978e-06 1.3946475195206473e-06 8.473506410596962e-05 7.286143013507078e-06 2.58013130362254e-05 1.4128049437838993e-05 2.0131564787818822e-05 2.260285862160363e-06 1.259719904069025e-05 3.0241318424827464e-05 2.3575046966119494e-05 3.265890192445492e-06 3.32219727812498e-07 9.09742841524951e-07 0.0 0.0 0.0 0.0 0.0 0.0 0.0 0.0 0.0 0.0 0.0 0.0 0.0 2.0361849583011663e-07 3.661646171279283e-07 0.0 6.256644012309297e-07 0.0 4.216191625993235e-07 0.0 1.1371820878943268e-06 0.0 8.344068179853387e-06 1.7288547631514073e-06 1.605954882389322e-05 8.035567696745892e-06 2.2716325866605805e-06 0.0 0.0 3.0185209655531263e-07 7.009709928848061e-07 1.4367871709387622e-07 5.59023573750235e-07 0.0 8.097022954048907e-07 2.993497049496519e-07 0.0 0.0 0.0 4.426661245404182e-07 0.0 4.5521024712101894e-07 2.717916288502632e-07 5.812511860220688e-07 5.866733003382962e-07 5.703674462211844e-07 2.4650640353430296e-07 2.243142916327026e-06 1.7571676710487891e-06 4.357922090205102e-06 0.0 0.0 1.363022391588564e-07 0.0 0.0 0.0 0.0 0.0 8.590775873275563e-08 9.40717385666619e-06 2.022034667904614e-06 0.0 0.0 2.3062405463730822e-07 4.586153514111272e-06 9.207428543338527e-07 1.5239608398327554e-06 1.8954031159945e-06 0.0 9.371275089633251e-07 1.2905487364509437e-07 0.0 0.0 0.0 0.0 0.0 4.394935641537304e-07 8.853233338486067e-08 2.1449192607335174e-07 7.890870990057181e-08 8.010035786742879e-06 7.460883419025048e-06 1.1946211872987742e-05
0.0003417371337411742 0.0007869408022518191 0.0 3.806787336096465e-05 8.327563453207276e-05 2.9382601085767172e-06 2.9469432109752326e-05 0.002490858936758666 0.00013142106863174672 1.072048750657687e-05 0.0009591494959194978 2.5679171613563708e-05 0.00034049590097971863 0.0010152205510528143 2.5717541547763364e-05 8.158971052572457e-06 6.274776844686111e-07 1.065977121005713e-06 6.510546076316213e-07 3.2633085144261884e-06 1.8361697484652838e-05 4.253163748959555e-07 1.3789240856944506e-05 7.69510327519238e-06 4.061811519399397e-06 1.4878666612611537e-06 5.357018940028486e-06 3.357733140278207e-07 6.447926816082929e-07 3.1121843266966915e-06 0.002391312083274384 0.00013924620858637814 4.207154696090382e-05 1.2139950110233297e-05 2.00077660298235e-06 3.6797389854602425e-06 3.579506788254925e-05 1.1723095262525733e-05 3.129210608688371e-06 5.910761675260425e-06 1.772346963042071e-06 3.3354686840134623e-06 2.3729053995595897e-06 1.790571662450521e-06 8.185205322316473e-07 1.0279027732319809e-06 4.899380372198965e-05 5.593324268656353e-06 1.402954028355271e-06 6.697254431124276e-06 1.2083994558287199e-06 1.4432674250840722e-06 0.0 3.450976804188881e-06 6.593432316019687e-06 1.0621138540583486e-05 1.3887345223773124e-05 0.00013691490067275437 2.0885443178836e-05 3.39569734004085e-05 1.6485496991931942e-05 1.8470943192903647e-05 4.2006353907984e-07 7.838202118751846e-05 9.01457206903799e-06 5.755999692510707e-06 2.7979169242160374e-06 5.597058789721036e-06 1.2584539812321023e-05 3.206672817934472e-05 1.9425698249725185e-05 0.0 0.0 6.702609153573367e-05 2.1298454520990095e-05 4.776271453536161e-05 1.5329449765612488e-05 8.089271677215817e-06 8.087338990603921e-05 0.0006519069465392627 7.090519019791227e-06 0.00030964367081904584 1.594067892175227e-05 1.5526346456262924e-07 6.180953653709768e-06 6.604362992828168e-06 5.958994085114006e-06 0.0 8.99052775637489e-07 0.0 1.209221257499149e-06 9.253333538863557e-07 4.6124326637047374e-05 3.1100537182322244e-06 2.738728470338099e-06 6.66502369590333e-06 2.0827824899108345e-06 0.0 1.3179344707595258e-06 0.00011096512305059623 0.0 0.0 0.0 5.631887406712755e-07 0.0 2.1396420347856265e-06 1.970112524408925e-07 1.8987247001919634e-06 6.513366310739157e-07 1.7494673610350248e-06 1.824309394091935e-07 1.2131546547898999e-06 2.4533354663761474e-06 3.320634746356826e-06 1.378988167623176e-06 3.1657558673778806e-07 1.8514558537080248e-07 0.0 0.0 0.0 0.0 0.0 0.0 1.0595114438988822e-07 0.0 0.0 7.461813819632154e-08 1.5396124384358475e-07 0.0 1.89561588265941e-07 8.244376320718981e-08 3.9451852030526675e-07 8.598524414273163e-08 8.999905809576149e-08 4.143963879156923e-07 0.0 4.1596109567654716e-07 5.212675863842832e-07 0.0 3.8215342277072364e-06 3.0222378462886344e-07 2.9983223449992574e-06 3.5298192202535846e-06 1.0810989446092497e-06 0.0 0.0 9.713437054851532e-08 0.0 2.1367870161686878e-07 5.103249521790199e-07 0.0 0.0 1.4599993089953572e-07 0.0 1.224524153271973e-07 2.37544260704846e-07 2.2516895713075288e-07 8.738787741814348e-08 0.0 2.779289423207341e-07 1.2198687964613074e-07 0.0 0.0 0.0 3.20694899366046e-07 3.799292920413382e-07 1.153250283468865e-06 0.0 0.0 0.0 0.0 0.0 1.2092854440022801e-07 0.0 6.213865104938496e-08 4.1576385144500433e-07 2.614747119091214e-06 1.1369356514394514e-06 0.0 1.590068374811132e-07 8.366456905371167e-07 1.2379568414155466e-06 3.290560879395753e-07 1.9215290508786277e-07 8.881327939387613e-08 0.0 3.887876157239136e-07 0.0 4.3630784218012545e-07 0.0 0.0 0.0 0.0 1.020042316493297e-07 0.0 3.211773940581843e-07 1.7500785720332445e-07 1.3797382301944498e-06 2.9260577541700343e-06 2.136909817154807e-06
0.0015132777664714294 0.0015712576870594256 3.806787336096465e-05 0.0 9.0305230203301e-05 0.0003998608576957876 0.0008386181082511521 3.355494133575422e-06 1.903880825808224e-05 0.00238161113406735 2.7125919882272173e-06 0.0008844385701462792 0.0015401682732982746 5.305625115941118e-05 4.009465500976093e-06 1.5065713624769002e-07 0.0 0.0 0.0 0.0 0.0 0.0 0.0 0.0 0.0 0.0 0.0 0.0 0.0 0.0 7.921510985356055e-05 2.281801771654574e-07 4.085257233371484e-07 0.0 0.0 0.0 1.2901288015489474e-06 6.956932810356331e-08 0.0 0.0 0.0 1.1232391928408973e-07 0.0 8.585200156057126e-08 0.0 0.0 3.8979610425858184e-05 1.4713057306249457e-05 5.827057315116892e-07 3.9596433013487077e-07 3.806586615558138e-07 7.862560374346285e-08 0.0 0.0 1.864667288287003e-05 2.985678865641272e-05 9.842769999237617e-05 0.0002169914223200259 6.797740171618881e-05 3.584706375628305e-05 0.0 1.4287420188973132e-07 0.0 1.2728450600092721e-05 2.013347610692181e-05 1.1753936325359834e-05 1.6187631958351436e-06 1.5620920222119502e-06 9.079050519617095e-07 0.0 2.241908325672376e-06 1.6574531118740326e-07 0.0 0.00012337829784988226 1.1348029947954465e-05 2.551127624729746e-05 1.6053877753829596e-06 3.6538565927494377e-07 0.0 8.344567844818021e-07 0.0 6.223112070424158e-07 3.239559347708935e-05 1.6157196844912858e-07 1.258656679705543e-05 1.2597654414696669e-05 4.499850854955648e-06 0.0 2.149157407914598e-06 0.0 1.2672676954798547e-06 3.2263082514377606e-07 4.6976921218549535e-07 5.356055561512592e-07 1.5862481344223467e-07 5.4058733510576836e-06 4.882220739353644e-07 0.0 2.2458113277252832e-07 0.0004257520486739325 9.394892427107289e-07 9.698940723518695e-06 4.523728485521577e-05 3.99838391062337e-05 1.958504057563429e-06 9.197132424028586e-05 2.039128258315166e-05 2.4895914273642686e-05 4.149916983225912e-05 4.557165738450567e-05 1.293255396730603e-06 2.2258614748961398e-05 5.3769604654603215e-05 1.7817929975298547e-05 1.2376188442581049e-06 4.037572994106234e-07 2.6664268084099306e-07 0.0 0.0 1.5593371784822732e-07 0.0 0.0 0.0 0.0 0.0 0.0 1.1303181407448633e-07 1.0697157933574406e-07 0.0 0.0 0.0 4.202591882876072e-07 0.0 1.4463054489123577e-07 0.0 9.71226666654462e-08 2.2318983895422364e-07 2.1223673674524054e-07 0.0 9.588327403855573e-07 4.98671159194309e-07 1.8649859016803417e-06 9.732712336211504e-07 5.220480917272223e-07 0.0 0.0 0.0 0.0 3.635197772234152e-07 5.628123995647897e-07 0.0 4.905784152348381e-07 3.8057096693736635e-07 0.0 0.0 0.0 0.0 0.0 6.226072318358005e-08 4.289000764277313e-07 1.7614188741860737e-07 4.564643900207593e-07 9.183314477433682e-07 1.8025048697989e-06 2.419637546950696e-06 1.7057734592967024e-07 3.187289639025765e-07 4.249015630835693e-07 4.95339307691482e-07 5.597491247144132e-07 5.9378414871777556e-08 0.0 0.0 0.0 0.0 4.817563651393199e-07 2.9903116549781267e-06 0.0 0.0 0.0 1.8287138779577533e-07 0.0 0.0 3.3703225256195936e-07 1.6863491435628834e-06 2.0819744994562113e-07 7.425492170600304e-08 0.0 8.480007809898522e-08 0.0 0.0 0.0 0.0 2.49942396357688e-07 6.080709668116811e-08 8.916399448923764e-08 0.0 7.99631794848789e-06 0.0 1.899026307568563e-06
4.285054735665827e-05 0.0015780374053816896 8.327563453207276e-05 9.0305230203301e-05 0.0 5.602858850730596e-06 0.0018343269297815144 0.0006959543129404218 0.001203341083637087 0.00029688976952312425 0.001930386501180055 4.555043916877012e-06 0.0003581015747294053 0.0008676445545555724 2.594653614829391e-05 5.548974743486269e-07 7.791665792746571e-08 0.0 0.0 0.0 0.0 0.0 0.0 0.0 0.0 0.0 0.0 5.672283549261071e-07 0.0 0.0 0.00012989763823238705 2.434742781250659e-06 1.8305088923635143e-06 0.0 0.0 0.0 4.6012546393764754e-06 1.6890867642047045e-07 3.6652514003504947e-07 0.0 0.0 3.057324672278262e-07 0.0 5.237589184542278e-07 0.0 8.699499982344046e-08 8.611442253037018e-05 7.11686284442988e-06 2.676511055747103e-07 6.94112068475775e-07 1.7612452701082387e-07 0.0 0.0 3.2353216146002517e-07 4.967097896184357e-06 9.722188717921028e-06 5.373940188120077e-06 4.005028782313553e-05 1.534637672304415e-05 4.806963069508473e-05 7.886888184000134e-08 2.978510744817021e-07 0.0 2.0931734729957525e-05 6.20907317817819e-06 3.5640644546585867e-06 5.659122701758998e-07 5.166202046924955e-07 8.238100800022812e-08 1.292786945641841e-07 4.948474625685741e-06 1.1808121569924082e-06 0.0 6.182929306142583e-05 2.3378766667653782e-05 6.063707666400964e-05 8.50511058984592e-06 8.632901137790481e-07 1.450045726850933e-07 1.932924846126857e-06 2.218709074562844e-07 7.328843870343587e-07 1.185850945899365e-05 6.91029051245023e-08 5.103006930293298e-06 4.103613685969032e-06 2.770645941833197e-06 0.0 7.334817551275589e-07 0.0 5.25524736530744e-07 0.0 2.3471986443178572e-07 7.64627483347413e-07 4.70786536306835e-07 2.1032814185835252e-06 0.0 0.0 6.888555936815754e-08 6.660734978018104e-06 0.0 3.532333949526596e-07 4.350111934812244e-06 1.355187539734861e-06 3.036035816002977e-06 4.640883360002041e-05 5.569475182678165e-06 3.726809253596725e-05 1.6141065471608505e-05 1.8769441741407555e-05 1.8569818611126329e-06 2.6560705387464307e-05 3.922478251278111e-05 4.007009973492837e-05 7.1214971279131775e-06 1.2874956496828963e-06 1.9229627765545936e-07 0.0 0.0 0.0 0.0 0.0 0.0 1.5899194883202847e-07 0.0 0.0 0.0 2.0443178894656338e-07 0.0 0.0 0.0 8.508790594899303e-07 0.0 0.0 0.0 5.665368540224642e-07 2.5447876122576807e-06 1.2618851240212709e-06 0.0 2.1780988375715485e-05 6.701674585306459e-06 3.442663897301933e-05 1.4230450069867325e-05 2.418979393663343e-06 0.0 0.0 0.0 1.6050440741669827e-06 3.87270194608318e-06 1.7173216955092926e-06 0.0 1.6527012191541892e-06 3.4368047538653234e-06 0.0 0.0 0.0 3.8031187064146324e-07 2.747757281992457e-07 2.1320131416973405e-07 1.1636769538903791e-06 7.60740938559688e-08 2.165338343149782e-06 8.376471225175924e-07 0.0 4.7124145081964715e-06 2.0273690823208588e-06 1.574952350333773e-05 4.1614973100493e-07 1.1155327773718847e-06 7.364919716704837e-07 1.7630001659689667e-07 9.946672839446166e-08 0.0 0.0 0.0 1.6555425691567854e-07 2.1611730484155783e-05 4.275656351721112e-06 0.0 0.0 0.0 1.0436693371348553e-05 2.247254475660904e-06 5.681036955237343e-06 2.773364395782032e-06 7.399973585911815e-07 1.7733507611505324e-06 8.45631241132712e-07 0.0 2.7389251811345376e-07 0.0 0.0 0.0 0.0 0.0 0.0 0.0 1.378753688565082e-05 1.8134697265936944e-05 3.3988844357418857e-05
0.00012471337736324478 5.9226568090743865e-05 2.9382601085767172e-06 0.0003998608576957876 5.602858850730596e-06 0.0 0.00013259541644257931 3.5248154299709717e-06 3.5154227257897274e-06 0.0010937663452095538 3.247253839582994e-06 0.00019766460340214136 0.00013035714272716117 8.197326731907307e-06 1.613097085133525e-07 1.921277491334141e-07 0.0 0.0 0.0 0.0 0.0 1.5203441287029732e-07 0.0 0.0 0.0 0.0 0.0 0.0 0.0 0.0 8.51285620487276e-06 1.4393207236049412e-07 2.5459132025789456e-06 0.0 0.0 0.0 1.4727120562219526e-05 1.8869405800327881e-06 2.633451096736572e-06 0.0 0.0 0.0 0.0 9.630600392923491e-08 0.0 0.0 7.807735498840312e-07 2.3822779705268184e-07 0.0 0.0 1.1425191219522687e-07 2.886529727078534e-06 0.0 8.976584449361672e-07 3.5667162714717346e-07 2.00734449893075e-06 0.00012936524901527177 1.778378330491242e-05 9.84947395493931e-06 2.7715223440194966e-07 2.1185095225295715e-07 1.0380408711069567e-06 0.0 3.149135719635463e-07 1.7422759481102671e-07 0.0 0.0 0.0 0.0 0.0 0.00011217968502338368 2.3294334490767266e-05 1.2612090346387455e-06 3.4067585357435414e-06 3.9782591829789066e-07 3.1831798648509466e-07 0.0 0.0 0.0 1.1645735262614443e-06 0.0 5.528485923672871e-07 5.044522278015603e-07 8.847344214940322e-07 1.6879759516202754e-07 7.685348479487915e-07 0.0 1.8928426169332775e-06 1.1067697167483877e-06 2.0422059617928695e-06 3.1547992159769196e-07 1.7954985113213334e-06 0.0 1.527578459386675e-07 1.6416998753982956e-07 0.00011840436348109703 7.360974240541983e-05 2.036213964495126e-06 7.682296934928292e-06 0.00011893086745131378 0.0 0.0 3.378378346363119e-07 4.205062374006219e-07 0.0 6.76141054958077e-06 3.8508587186966733e-07 1.0402000579609941e-06 1.0410026823753657e-06 1.2510134525294177e-06 0.0 8.174652021795467e-07 1.730789019963862e-06 8.303873031426948e-07 0.0 0.0 0.0 0.0 0.0 0.0 0.0 0.0 0.0 0.0 0.0 0.0 0.0 7.882092549601778e-08 0.0 0.0 2.556112006425039e-07 0.0 0.0 0.0 0.0 0.0 0.0 0.0 0.0 2.486749809587813e-07 0.0 3.700314142537417e-07 1.503490695529527e-07 9.659436521434653e-08 0.0 0.0 0.0 0.0 0.0 0.0 0.0 0.0 0.0 0.0 0.0 0.0 0.0 0.0 0.0 0.0 0.0 0.0 0.0 0.0 0.0 0.0 0.0 0.0 0.0 0.0 0.0 0.0 0.0 0.0 0.0 0.0 3.8853252811359237e-07 4.475566575718881e-07 0.0 0.0 0.0 0.0 1.0626702247589789e-07 0.0 1.9911968373703557e-07 0.0 0.0 0.0 4.270579190344818e-07 0.0 0.0 0.0 0.0 0.0 0.0 0.0 0.0 1.1257671682053968e-06 1.1956907711593702e-07 3.1825871709168237e-07
0.00017728630171400802 0.001247460727552993 2.9469432109752326e-05 0.0008386181082511521 0.0018343269297815144 0.00013259541644257931 0.0 0.0002127829076543772 0.0014482351859661494 0.0028536614121164442 0.0006279731028567364 7.713841096918379e-05 0.0024956210658182293 0.0012949878094953337 2.7554676887179836e-05 9.171765713067526e-07 1.760084547011624e-07 0.0 1.687822417378029e-07 1.356532018020889e-07 0.0 1.307676228510878e-07 0.0 0.0 3.1299622662834204e-07 0.0 0.0 2.980416428521442e-07 0.0 0.0 0.0001067698109196107 1.8941675588188217e-06 2.6253650867350942e-06 0.0 0.0 0.0 6.484932857071392e-06 1.0541206543707793e-06 5.232264868422256e-07 1.49846314889942e-07 0.0 4.0655045540013054e-07 0.0 8.092491502065317e-08 0.0 0.0 0.00010350092504540847 1.2882449216082783e-05 1.8334225994049406e-06 6.727364999476795e-07 2.627843764245548e-07 1.4536923103465267e-07 0.0 3.8335659145699236e-07 1.1461917344401592e-05 1.957010019918907e-05 1.6941514595723305e-05 7.817191713488119e-05 2.9104082433579983e-05 6.672474965665128e-05 1.6717079238617108e-07 1.769426860060936e-06 0.0 3.2734656385053016e-05 1.217921615731041e-05 7.2822546360264705e-06 6.99096443833225e-07 1.572111956289135e-06 5.510363390290636e-07 1.9112347040520653e-07 1.0641144580501817e-05 6.87659515985112e-07 0.0 9.789621204819867e-05 2.8906881663794243e-05 7.578528046612143e-05 8.853146145613513e-06 1.2517573462670162e-06 1.0481157912521169e-07 1.018949793866931e-06 8.407428312785854e-07 8.393030159919795e-07 2.2676089062707446e-05 6.223453204813794e-08 8.865750963602162e-06 7.409731128014834e-06 4.745192114747971e-06 1.6053165380296943e-07 1.6696746488183088e-06 0.0 1.5432841884489609e-06 3.054983420326229e-07 4.3545795858448065e-07 7.238217101732136e-07 9.425406499504305e-07 3.07146593441772e-05 1.0631520064438e-06 0.0 1.6504074587709993e-06 4.948738332762293e-05 1.9221837711677876e-06 1.1587870546431914e-05 5.2071259199903637e-05 3.8285418363242985e-05 1.197526960945454e-05 0.00024978712469090047 2.768978347644662e-05 0.00013872536927972222 8.704891931169236e-05 9.948187355717139e-05 7.664472216780034e-06 0.00012776915722858864 0.0002018375531994429 0.0001636939285362385 3.327597503644731e-05 9.270125653407748e-07 1.2112068297122804e-06 0.0 0.0 0.0 0.0 0.0 0.0 0.0 0.0 0.0 1.3097150069144605e-07 4.7619075678017523e-07 0.0 0.0 4.916316643618801e-07 1.7035321445628252e-06 0.0 1.0630895786920502e-07 1.7402733059738142e-06 2.158847504806968e-06 6.166371634742044e-07 8.848144050703855e-07 6.741232991791197e-07 5.521085701009738e-05 1.3027024468576973e-05 7.771225537710067e-05 3.748913103642946e-05 5.5239335884972e-06 3.0670743871453994e-07 0.0 0.0 8.226632156552931e-07 5.342950053941386e-06 2.8667354186441177e-06 1.2980640448328746e-07 4.4182866575746304e-06 3.4547393596449583e-06 0.0 1.5770695120083967e-07 0.0 2.1700085093864981e-07 1.86518869152435e-07 1.0512337986567554e-06 2.696411871630063e-06 2.5745593542516565e-07 3.9475095963428065e-06 4.286507113613204e-06 2.1147182724901386e-06 1.435500988130967e-05 1.012108788652158e-05 3.6347008230351624e-05 3.2746193456099177e-06 2.488713790883081e-06 2.0261895252680052e-06 5.525359465811143e-07 2.193271138924203e-07 0.0 1.431884215735371e-07 0.0 1.6460217560460627e-07 7.450670372989842e-05 8.141478041272644e-06 1.8295725500287715e-07 0.0 1.554192012052551e-07 3.326004985429594e-05 1.099393055015926e-05 1.5554866748940358e-05 9.472982467288095e-06 7.775320179228856e-07 2.3860369239755608e-06 4.660728554976437e-07 1.561784832252136e-06 1.3796897351338268e-06 1.45091137054905e-07 1.3252874036084797e-07 0.0 0.0 0.0 0.0 0.0 6.732323975401001e-05 4.8045196219536264e-05 7.379001088342288e-05
0.00025313191042109656 0.0007788009986897446 0.002490858936758666 3.355494133575422e-06 0.0006959543129404218 3.5248154299709717e-06 0.0002127829076543772 0.0 0.0004527044571112243 6.083321625180174e-06 0.0007660416111722267 2.0793939654175364e-05 0.0003083618961288126 0.000898081657406043 0.00011305373770797205 2.6984561227609173e-05 1.3294351150540944e-06 5.121433970615223e-06 1.0220392492896782e-06 1.1843706291563897e-05 4.060826871611162e-05 2.3013555272648636e-06 2.9791738833459036e-05 1.4329014379230717e-05 8.039234519086217e-06 3.3524170633538468e-06 1.579487671042249e-05 2.756879381411549e-06 1.4687538769094794e-06 8.221964266658095e-06 0.0021829622836187757 0.0011947646936529511 8.817141335907166e-05 2.513787577840356e-05 9.47215542105273e-06 1.4029468185309129e-05 0.00014000916648651066 4.316388044491388e-05 5.573773523521402e-06 1.011040072019721e-05 6.2107587433200335e-06 1.2009522021466535e-05 9.792636571388235e-06 4.981952167753365e-06 5.366053598342843e-06 4.859617023644429e-06 0.0001749067206593276 9.197701195774994e-06 2.2220467410364556e-06 1.9810006066884464e-05 3.2299727604654555e-06 2.2553454238982432e-06 3.1150769973815e-07 7.902932031695183e-06 7.393324687050679e-06 1.0580937946893756e-05 9.589774206613887e-06 9.963727992952645e-05 2.228087924219689e-05 8.398447568915885e-05 0.00011851947388579106 2.407047691552633e-05 3.146028777048076e-06 0.00017698656301867396 9.111983033610117e-06 7.018327023669942e-06 4.309740076764988e-06 1.2556331785159191e-05 3.2640180982516956e-05 7.201524180811751e-05 5.073521633443289e-05 1.3318246983391447e-06 0.0 9.462581272882087e-05 6.104384829956101e-05 0.00018357486012395864 5.8348414695095935e-05 5.821586191318467e-05 0.000597494665646437 0.00047258343051677544 0.00013604777399864128 0.00048332599374922104 1.4376566590667019e-05 7.102211484180199e-08 7.690167907204515e-06 9.322800568902518e-06 1.1282234815811623e-05 0.0 9.577631026532974e-07 1.8583381172232304e-07 2.721182363760088e-06 1.5967220112097783e-06 9.689072932527258e-05 5.718471545312498e-06 5.108699776128534e-06 1.156663838216063e-05 3.7338081577148314e-06 0.0 1.2585015768471986e-06 7.322012723115162e-05 0.0 0.0 3.732951392278194e-07 9.979924331786643e-08 1.7861119548476222e-06 7.008883632590767e-06 0.0 5.170452056435175e-06 8.224112335879527e-07 4.4723318463756914e-07 3.316413045877856e-07 2.5753023501281895e-06 4.4145629530950225e-06 6.414779068947832e-06 2.213277173560999e-06 9.777734734308882e-07 7.631559946913278e-07 0.0 7.659502228325782e-08 0.0 0.0 1.5636490242122467e-07 0.0 1.9972607797471468e-07 0.0 1.0628887747054583e-07 0.0 2.771590951167993e-07 0.0 3.935243609994239e-07 7.860884014921135e-08 1.3875153812708376e-06 2.1463514019487782e-07 3.347996048281347e-07 4.374050600917117e-07 0.0 3.8680300475027604e-07 1.622892115576805e-07 8.430426865539511e-08 5.6174964525798265e-06 1.4568661435833133e-06 7.934351681481599e-06 6.7032545038900754e-06 3.853325977526984e-06 0.0 0.0 1.9563922038321645e-07 1.4372118064075153e-07 7.831710554726032e-07 6.654285182489067e-07 4.1175586830736626e-07 2.659645105334092e-07 0.0 0.0 2.597160048922461e-07 2.600834783003235e-07 1.2679545539136343e-06 1.2567608038128816e-06 0.0 2.445763296981074e-07 1.3705882970823185e-07 3.6715137172074637e-07 7.455040461382692e-07 0.0 1.7140662942354486e-06 3.599747502648172e-06 3.1864475932290706e-06 1.0946103962944336e-06 6.801991883896204e-07 2.1273610594387964e-07 0.0 1.0146611710493471e-07 0.0 0.0 2.461538504645244e-07 1.2396324772703097e-06 7.424710999783874e-06 1.7867678476377033e-06 0.0 2.623195907215549e-07 1.3897137201488781e-06 2.0555567069103518e-06 1.5427608780490797e-06 1.2437658440650143e-06 6.152040557379131e-07 4.948541880761102e-07 4.3450241786753735e-07 3.8043860109012896e-07 9.002939312409892e-07 2.5183706277867807e-07 0.0 0.0 0.0 7.165885678350406e-08 4.684111022558744e-07 7.40391487909841e-07 5.858675967886231e-07 2.528669548423243e-06 9.035632852757963e-06 9.628658699708798e-06
7.872620020290255e-06 0.0020102434544159134 0.00013142106863174672 1.903880825808224e-05 0.001203341083637087 3.5154227257897274e-06 0.0014482351859661494 0.0004527044571112243 0.0 0.00029984393941817584 0.0010876774652962228 9.414648254272734e-06 0.00046205599827093906 0.0004405823972154633 1.8060515086821875e-05 1.304473225352525e-06 1.6623487785581838e-07 0.0 0.0 0.0 1.1009906181539451e-07 0.0 0.0 7.592406127187847e-08 0.0 9.676140962486537e-08 0.0 4.3052103254358885e-07 2.61298379389954e-07 0.0 4.1785344477094176e-05 1.3065890138278724e-06 1.7618220983091756e-06 0.0 0.0 0.0 2.8561182273859825e-06 8.7346168602717e-07 5.264277946276251e-07 2.1600473218306927e-07 0.0 0.0 0.0 2.03843066727273e-07 0.0 0.0 4.8428903114128834e-05 1.917792105589067e-06 9.908175725867311e-08 0.0 0.0 0.0 0.0 1.3875387520662257e-07 1.4047198200241087e-06 2.9437557207434815e-06 2.049022908556308e-06 5.796730356965986e-06 6.486309848491072e-06 2.1602820105657535e-05 2.2445324566754843e-07 2.2588347496689352e-07 0.0 7.993975444811902e-06 2.2424749341017706e-06 1.3889424416487741e-06 5.948782716494528e-08 8.318371691917017e-08 1.8931302335218574e-07 6.213644864900598e-08 4.066505309945214e-06 7.751781747897886e-07 0.0 2.1510666767254384e-05 8.795410515444563e-06 3.6321171063430856e-05 4.862686678589909e-06 7.830381033749048e-07 0.0 2.082872920364764e-06 8.459932164621455e-08 1.4036007365548029e-06 2.508594859104129e-06 0.0 2.5617516460698242e-06 1.2989032491633727e-06 1.0144339224136003e-06 0.0 2.1708565655707974e-07 0.0 2.7388937559972366e-07 0.0 0.0 7.866319243290455e-08 2.5712831648533723e-07 5.469285412048973e-06 1.9251745780670845e-07 0.0 2.872810420556624e-07 1.3758593013811772e-06 8.584959423660784e-07 5.264019573550737e-07 7.495222596105213e-06 2.4337856613545467e-06 5.0017355011566365e-06 6.175794870952907e-05 3.942072910269635e-06 6.964165980158489e-05 1.85396678238796e-05 1.8227893438278777e-05 5.2568482515877104e-06 3.517047539539246e-05 6.163833980435255e-05 5.784095734743338e-05 1.1803393856074586e-05 1.5633378044407081e-06 1.0434062141961492e-06 0.0 2.920010026107785e-07 0.0 0.0 0.0 0.0 1.5643681581105726e-07 0.0 0.0 0.0 4.147693910916277e-07 0.0 1.7753647691517697e-07 0.0 4.0929583989940297e-07 0.0 0.0 1.4020790627466769e-06 4.903577685186928e-07 1.4664313744091132e-07 4.801144730160227e-07 0.0 2.798358027513044e-05 7.164385067306577e-06 4.383431682550941e-05 1.3149555694979605e-05 4.647495878589103e-06 0.0 0.0 1.6153979333375985e-07 8.00164401807776e-07 2.704157993684325e-06 2.3678762579057073e-06 0.0 1.5554100292482328e-06 8.28059793746503e-07 1.9123244961244835e-07 0.0 0.0 7.666492446430306e-07 9.952912445699708e-08 0.0 1.3130394589857987e-06 2.1294396606214126e-07 7.840212506788527e-07 8.260620951274483e-07 7.451327858691085e-07 4.412147479722064e-06 5.354952871930041e-06 1.9825735874467922e-05 0.0 4.7426723204822417e-07 1.1717327429446905e-06 1.2324538509434357e-07 4.043459952222354e-07 0.0 0.0 0.0 0.0 3.383679893782821e-05 2.548354750893561e-06 4.532158653063715e-07 0.0 0.0 1.3290959284948173e-05 5.6452422344573185e-06 6.9356965581764284e-06 3.363093381403931e-06 3.366718511301589e-07 1.4438256939686258e-06 1.143326056099756e-06 1.3065076147999565e-06 0.0 0.0 0.0 0.0 1.5652280977501537e-07 0.0 0.0 0.0 2.18919586479676e-05 2.1785177911642154e-05 2.6737042131860323e-05
0.0015431331913666696 0.0004040944462672281 1.072048750657687e-05 0.00238161113406735 0.00029688976952312425 0.0010937663452095538 0.0028536614121164442 6.083321625180174e-06 0.00029984393941817584 0.0 2.856006522906329e-05 0.0023261258607375564 0.004563451030737726 0.0011370079669442844 3.763772094792239e-06 1.6984305930547565e-07 8.444410787562115e-08 0.0 0.0 0.0 7.640382012853398e-08 1.582200946445349e-07 0.0 0.0 8.168687689181622e-08 0.0 0.0 0.0 0.0 0.0 2.615441303543136e-05 0.0 1.1465802706125327e-05 1.1596432338293679e-07 0.0 0.0 3.774777732436641e-05 2.398669955927815e-07 9.27958615138099e-07 5.662252011649995e-07 0.0 7.75747313074774e-08 0.0 1.275567766122484e-07 0.0 0.0 2.2683672365579733e-05 4.666069951582851e-06 3.563253749494624e-07 2.7757709169520114e-07 8.395843369900282e-08 1.2974850195130947e-06 0.0 2.983645770698237e-07 8.94666767111636e-06 1.5338141324805938e-05 0.00011128325893501256 9.399355570877306e-05 3.0117095210935598e-05 2.0174913620423422e-05 0.0 1.7590832734772186e-07 1.7098607341295198e-07 6.3997900337143874e-06 9.8486784447535e-06 2.887294873715713e-06 5.868272940741473e-07 9.098223920153777e-07 0.0 6.909295999281496e-08 0.00010938183062198705 1.6445067580990373e-06 2.3079637002043672e-07 5.3974440248641804e-05 5.295016515628921e-06 1.3605903748613919e-05 1.5538610023668153e-06 2.9529433587388394e-07 0.0 1.0574288815645048e-06 8.589690517693114e-08 3.7627809776509486e-07 1.4058069206259445e-05 3.620812136607655e-07 4.862828297687659e-06 6.312662631072959e-06 2.3323671256045625e-06 1.9632150500709587e-07 9.367414181419724e-07 2.7288299482031493e-07 9.91028179103547e-07 8.757038510882921e-07 8.330864636416867e-08 4.3525463530536894e-07 4.860313246240971e-07 0.00011163849524145999 2.596693859387277e-05 0.0 2.8807820641844653e-06 0.0004512527470193158 8.87187610313288e-08 9.157987211093701e-06 3.1941613431666836e-05 4.0155878592501294e-05 7.403128067601866e-06 0.0002261465822035942 4.570105184505045e-05 0.00010467549563141611 9.255297649028298e-05 0.0001468178425076741 3.6149706102614634e-06 8.224863814430516e-05 0.00020783647080888483 0.00012774589544409663 1.4164236840796897e-05 2.970851831479924e-07 6.747441965137787e-07 0.0 0.0 0.0 0.0 0.0 0.0 0.0 0.0 0.0 0.0 0.0 0.0 0.0 0.0 3.4723515487974094e-07 0.0 0.0 4.264871329103641e-07 2.5189878808618196e-06 0.0 0.0 0.0 1.9248545159485093e-05 3.2672508216676333e-06 1.6882667508622576e-05 4.439111863677087e-06 9.68473972509807e-07 0.0 0.0 0.0 7.274041071656763e-07 9.412124387942994e-08 6.284521278017568e-07 0.0 1.0493160096725535e-06 1.0830828320124985e-07 0.0 4.7479967422329776e-07 0.0 4.415882476124958e-07 0.0 8.80105651933984e-08 1.2129518755089627e-06 1.7656790136817302e-07 8.307191420295319e-07 3.6992505468819763e-07 1.6291494572271634e-06 3.0918772181183993e-06 2.1240640924791423e-06 1.1388977905350728e-05 6.818578441071691e-07 7.722265832929229e-07 4.86595899662254e-07 1.283898754874989e-07 4.249115927198275e-07 0.0 0.0 0.0 0.0 3.7046391688678356e-05 3.7502559953556556e-06 4.618242191867006e-07 0.0 0.0 8.682487025666889e-06 2.017123262244133e-06 3.1965834094806318e-06 2.284672788043091e-06 8.431147795159969e-07 5.921563371686041e-07 3.833564435739933e-07 1.326088232300719e-06 0.0 7.531109152227659e-08 6.39117618703695e-07 0.0 0.0 0.0 0.0 0.0 6.955480722365262e-05 1.044358393743785e-05 1.2469080039323226e-05
0.0001374399429990976 0.0013019720460071865 0.0009591494959194978 2.7125919882272173e-06 0.001930386501180055 3.247253839582994e-06 0.0006279731028567364 0.0007660416111722267 0.0010876774652962228 2.856006522906329e-05 0.0 4.020588802785011e-05 0.0012516282442028496 0.004191608077520996 6.155327176754079e-05 1.7545672604787325e-05 7.901231620156541e-07 3.640550925538993e-07 9.078990891079256e-07 0.0 3.154861316273457e-06 9.342366075929699e-07 4.146434328034786e-06 2.041493678046322e-06 2.3576037555107217e-06 4.6972165723822355e-07 6.4716443759780526e-06 2.379688011059566e-06 2.2024273570637938e-06 3.509282687046845e-06 0.00038311939246611957 2.0476915268943076e-05 0.0010124071439706961 2.181792317935068e-06 5.691422883892614e-07 6.126704027225566e-07 0.0008534740208883645 4.054890728137706e-05 4.87343999086715e-06 3.2195491110823513e-06 2.277532062016264e-06 2.6513444590040738e-06 1.4913006999163367e-07 3.112243965797601e-06 9.639308113616126e-07 9.467544598150926e-07 8.862866497254874e-05 3.1828033600168544e-06 6.506676981722379e-07 1.041629405243881e-06 4.0591422048585383e-07 1.231874096771732e-06 0.0 8.53872304346098e-06 2.133418061877702e-06 4.072356427560202e-06 3.163799127068031e-06 3.062382229650415e-05 7.992807126866974e-06 3.1478019200864286e-05 1.0493573799415431e-06 1.0850654333618099e-05 9.955591187781757e-07 2.9310362659665714e-05 3.2989917842402723e-06 2.393793418965901e-06 8.382608528083322e-07 1.8281970480021525e-06 1.8110347136513306e-06 6.37554387132063e-06 0.00022372271036498348 1.45824565957705e-06 7.517361314850001e-08 3.397991703047261e-05 2.1928369618330884e-05 7.501963159715172e-05 2.7832800897739408e-05 9.833766879085422e-06 3.010134973303578e-05 0.00011247117431384698 4.935818661305558e-07 1.6020189188003838e-05 4.373247950095068e-06 0.0 2.0021031979885623e-06 2.2693005192990957e-06 2.2896249724405647e-06 0.0 3.475216253750788e-07 3.344153255735204e-07 7.443392140068942e-07 7.226374050197833e-08 1.1308643223068576e-05 3.0967122263652546e-06 1.7464074399598058e-06 1.2612191229000497e-05 3.493617615246231e-06 0.0 4.5573678453920117e-07 3.0303207988091066e-05 0.0 1.6758888191960097e-06 7.820608502647769e-07 0.0 1.2123866455603821e-06 1.2166123145852622e-05 1.3720565640016384e-07 7.467644180811914e-06 1.6634480087348645e-06 1.565842002331571e-06 2.5035200902634985e-06 5.737621870819794e-06 9.591148678741051e-06 1.0786769522368002e-05 5.824760375249223e-06 7.117925954184035e-07 2.3638668540349715e-07 8.659117888680642e-08 5.992197467945967e-08 0.0 0.0 0.0 0.0 0.0 1.2823496804597502e-07 1.0850861184963047e-07 1.2106792412684975e-07 2.7207471388122944e-07 1.0625238205899013e-07 4.446281358228768e-07 4.827665222167404e-07 1.359208198558133e-06 7.614775543411181e-07 6.088641425587189e-07 9.619263048430648e-08 4.110802806707304e-07 9.286813616068311e-08 8.807878362086854e-07 0.0 9.422307901743292e-06 2.052509788975979e-06 1.3857291167852393e-05 8.00424101783207e-06 2.8767131057173902e-06 1.190533034674727e-07 1.3983307251846532e-07 1.5293003456493966e-07 2.1416906051563612e-07 7.810622597504982e-07 8.069008421228285e-07 8.415693493603776e-08 5.224916245306418e-07 5.425176180907769e-07 0.0 0.0 0.0 1.6518356018637505e-06 4.364808230367497e-07 8.14375725630657e-08 8.614920941794845e-08 0.0 4.0638294621447177e-07 8.61354510174995e-08 0.0 2.2118830382764983e-06 1.582239316802071e-06 7.238638885171621e-06 2.2848664883641914e-07 5.213738139114353e-07 2.0426868456166255e-07 0.0 0.0 7.254574281812993e-08 0.0 1.1423978578930331e-07 3.313395282020443e-07 1.2214566574182803e-05 1.4855096703327916e-06 2.0624242613486857e-07 1.1572613668679475e-07 1.4228063122068574e-07 5.0997763416740835e-06 2.0651132918622414e-06 3.5242587349840506e-06 1.977646703717844e-06 8.291842010037755e-08 7.003143976504791e-07 6.880364169343799e-07 8.606896176481129e-08 0.0 0.0 9.253252625736928e-08 0.0 0.0 0.0 7.522855696418952e-08 2.3798441860696534e-07 5.203736452742946e-06 1.2206358159310384e-05 1.3483594156574604e-05
