0.0 0.001334678645926462 0.00012193863271994572 0.001000962250179261 1.7786981499797566e-05 4.904998246043542e-05 0.00028132335093066646 2.808695293475688e-05 3.4387592798934497e-06 0.0009185055941888048 2.7010559500366485e-05 3.196474685362988e-05 6.250716427590309e-05 2.100307893615305e-05 7.581811728791525e-08 2.0988043126305902e-07 3.26914979811967e-07 3.177678181706066e-07 1.1454589638169574e-07 5.516287655239396e-08 0.0 7.426938318568811e-08 0.0 1.3119985858720636e-07 0.0 0.0 0.0 0.0 0.0 0.0 0.0006080736471085915 4.0166856732231254e-05 3.6974947172750273e-06 3.9990624226263857e-07 0.0 8.788922967053771e-08 1.09050583286047e-06 2.8752612887189624e-07 0.0 2.3112248424171814e-07 1.879129703155579e-07 5.1969221797461206e-08 0.0 7.445510801572347e-07 2.408638789634131e-07 2.830594816235996e-07 8.053007733131037e-06 4.595349448274282e-06 1.8224019495544564e-06 5.146675350399839e-07 2.424108568606067e-06 2.322825375869969e-07 6.951590790002036e-08 1.1404554701005869e-07 9.500647624218535e-06 2.6373325130135484e-05 0.00042311124824696096 0.0008675932847883969 6.622848606418362e-05 9.435911170938265e-06 8.263862233167229e-08 8.067554525944744e-07 6.263194995934683e-07 6.777598369150627e-05 1.3733855790919125e-05 4.501582459586403e-06 1.3440989656289939e-06 4.5207240083504705e-06 1.2853106937534398e-06 2.175803093569647e-07 2.766097387174059e-06 0.0 6.760715688904343e-08 0.00027963557410039675 0.00011562857664074906 1.6338914192053884e-05 1.8427587071579422e-06 3.0887017033277383e-06 1.3111704183916633e-06 5.701181961159792e-06 2.542088291539576e-07 1.8701394242115301e-06 2.1604534235501844e-05 9.321407868164064e-07 5.722155362925639e-06 8.093853670705877e-06 2.541735667290871e-06 2.8034083729603404e-07 2.797470816903469e-06 1.2163046232405815e-07 1.4688581523036832e-06 7.162860001360452e-07 3.9349354770043633e-07 6.41365791341135e-07 6.561487343036726e-08 5.0697215816925345e-05 5.777146850670591e-06 5.682654372043974e-07 1.0022248280693891e-06 0.0007955586793472064 0.0 3.5666371086214946e-06 7.759867762693083e-07 1.1680614967841885e-07 8.957012793546126e-07 5.444329823136313e-06 1.6625715891472575e-06 6.242212147138259e-06 7.529735843666181e-07 2.375094412810285e-06 0.0 8.451056993495483e-06 3.477366768164048e-06 1.387045274217344e-06 3.2200399424696705e-07 0.0 0.0 0.0 0.0 0.0 0.0 0.0 0.0 0.0 0.0 0.0 0.0 0.0 0.0 0.0 0.0 1.3289121518630546e-07 0.0 0.0 9.118521871818995e-08 0.0 0.0 0.0 0.0 8.682843674685797e-08 0.0 6.486807131852666e-08 0.0 6.089584087060456e-08 0.0 0.0 0.0 0.0 0.0 8.568678564335389e-08 0.0 0.0 0.0 0.0 6.037414858715422e-08 0.0 0.0 0.0 0.0 0.0 0.0 0.0 0.0 0.0 0.0 0.0 1.6286138073964175e-06 0.0 0.0 0.0 0.0 6.510897572135768e-08 5.382797117154492e-08 7.203585719835767e-08 6.35753394494507e-08 0.0 0.0 0.0 0.0 2.976371514727111e-07 7.012883933838085e-07 0.0 0.0 0.0 0.0 0.0 1.0106910785879356e-07 0.0 0.0 0.0 1.4541078487293266e-07 0.0 0.0 2.877461258279894e-07 4.4034472797422165e-07 6.51229618349559e-08 0.0 7.437501369287249e-07 1.8315234827953497e-07 1.2884359804915344e-07
0.001334678645926462 0.0 0.0009984405136759004 0.0008971707976361086 0.001623048128569966 0.00018742031990497652 0.001807760809651105 0.0008499641306274917 0.0011879844989686498 0.0008648275469211894 0.00111417507541536 0.00012560189300194591 0.0006668726356515738 0.0011637060237440263 3.4533991341553283e-06 5.538145901545986e-06 5.095965544831626e-07 1.3943764312241104e-06 2.911050728793078e-07 6.696634287806089e-07 0.0 5.5540752652353834e-08 7.825980582752499e-08 1.2998716519898927e-07 1.3731516380317927e-06 1.317340410336429e-07 0.0 1.5493994416311374e-07 3.640133049478965e-07 3.076441132898605e-07 0.0024076464190784536 0.0002609213930359934 9.59456179190491e-05 8.619936031274908e-07 3.2290395198738583e-07 4.054313242631536e-06 6.663207819555306e-06 3.932763489916866e-06 1.6785756632742384e-06 5.994748707864111e-07 3.457657659836294e-07 1.0867980731606356e-06 6.724961342192186e-07 1.6429813627850883e-06 1.1876781379455199e-06 8.263501463160058e-07 7.247188901362458e-05 9.820956368296316e-06 2.3242982878178905e-06 2.0086539228713494e-06 5.2139528038724985e-06 6.072169275152084e-07 0.0 2.0700011668391157e-07 1.0807881330743073e-05 3.193229792250348e-05 0.00017163659673645693 0.0006769600637248566 5.7270150650494885e-05 4.5222317088347985e-05 1.7591214711922388e-07 5.551999920655913e-06 8.510640445091197e-07 0.00033089243368908416 1.9103409621047263e-05 1.070991373322926e-05 3.2678765955784464e-06 9.322157390651847e-06 4.910717789840441e-06 1.4251863230378835e-06 1.15294746357708e-05 1.401910904313023e-07 1.2721122391373788e-07 0.00026497403577824144 0.00027614387640201846 0.00015943417900511349 3.393727393808669e-05 2.629715702700491e-05 7.736913491776656e-06 0.00018575691057836336 9.087398824261708e-07 1.7212472138924837e-05 3.802583702633358e-05 1.4960197484544478e-06 8.021848285816558e-06 1.0738142720880374e-05 7.420010340744444e-06 2.1085932601385191e-07 4.397191890534605e-06 5.106637051969431e-07 2.987928814182588e-06 7.031329773351454e-07 7.2331302730952695e-06 1.4680787364192541e-06 1.7823109444805705e-06 1.9737714566484848e-05 9.82295948202757e-07 6.786588462125472e-08 3.684715533556683e-06 0.00047162760513369827 3.3183032002772103e-07 4.607652448371115e-06 4.4857592366667964e-06 1.1836755120353345e-06 5.954501386197511e-07 2.065007512071889e-05 2.873216442064126e-06 1.949565561253786e-05 1.0000465344229754e-05 1.1170913789032016e-05 4.0700533736916375e-06 3.2934013210326584e-05 2.052645822553752e-05 2.0803520891992168e-05 9.850698059157011e-06 0.0 3.145971687794514e-07 0.0 0.0 0.0 0.0 0.0 0.0 0.0 0.0 0.0 0.0 1.5280614480116888e-07 0.0 0.0 0.0 0.0 0.0 0.0 1.352239565117918e-06 1.8751013438209969e-07 0.0 0.0 0.0 1.5961284816359497e-06 8.565853369388556e-07 6.4480525434795965e-06 3.920892291865682e-07 0.0 0.0 0.0 0.0 0.0 0.0 0.0 0.0 0.0 3.5274453952826175e-07 0.0 0.0 0.0 0.0 9.863565729378676e-08 5.966239885232423e-08 0.0 0.0 0.0 7.216995533830076e-07 1.496561492623841e-07 0.0 0.0 1.3120374749525441e-05 2.1958816709598465e-07 0.0 0.0 0.0 5.294971496123675e-08 1.2427453966135924e-07 2.364611477419484e-07 4.5353977571645716e-07 6.840250567211356e-08 2.049069216225328e-06 8.727811950081616e-07 0.0 3.04292051709852e-07 2.9893269593386227e-07 5.235656557416573e-06 8.932723576263896e-07 5.0897191313276855e-06 0.0 8.676400738354891e-07 6.486174939025553e-08 0.0 0.0 1.3515007499478725e-07 4.283855608546887e-07 2.0680674969795882e-07 6.024466688932227e-08 4.488666411756418e-07 2.4420274851319613e-07 2.05246421978489e-07 0.0 4.630666101354473e-06 1.7950212427471057e-06 1.373427031268596e-07
0.00012193863271994572 0.0009984405136759004 0.0 9.762956490058113e-05 0.0004294560334446349 6.9944194974044356e-06 4.093212303971893e-05 0.0016419062818834205 0.0003089885352988518 1.305834239603922e-05 0.0010179079419709233 5.543785737815483e-05 0.00014708899598533826 0.0006694997647137558 2.5187915657647324e-06 5.850150890178887e-06 6.821556205217896e-07 3.547027112144902e-06 6.514090197143876e-07 1.0511379713370333e-06 0.0 0.0 0.0 1.657722916072989e-07 6.528067222329807e-06 3.644484984980163e-07 0.0 5.211212094273406e-08 5.733048952128782e-07 0.0 0.0016381663178198923 0.00040668904188146716 0.00014463634035002064 2.1219460025923536e-06 7.948300980572671e-07 1.12846846702881e-05 2.9858030888554538e-06 5.776240043320693e-06 1.242097337488379e-06 7.266237719631815e-07 8.579038995715806e-07 1.085403263154767e-06 2.9446716040228757e-06 3.3492484038977067e-06 1.8390965841980103e-06 2.2334408154848036e-06 2.9653035755540153e-05 5.061040564409606e-06 3.3283897753563803e-06 4.936720065251877e-06 1.4384632330911763e-06 3.0961661126475775e-07 0.0 6.373111965165395e-07 2.0647444732354313e-06 5.255102122280693e-06 3.377904968046307e-05 0.0002010888033355273 1.2208655937611461e-05 1.175496854948068e-05 4.56941167292519e-06 2.1784176284439208e-05 8.580254250663285e-08 0.00019428257837503306 3.7317506542783176e-06 3.975486297336044e-06 1.4299341936318753e-06 7.358158403000526e-06 1.8370953757545352e-05 3.326864044056371e-06 7.583504822127806e-06 0.0 1.825099399540647e-07 5.684395130875098e-05 8.50302819025514e-05 5.8055510197738e-05 2.3142257516204395e-05 4.359893353926361e-05 2.217176047372718e-05 0.0005507136683790938 4.877850197467429e-06 0.00010451241843522286 9.280691181746726e-06 2.1704598346320914e-07 2.2857254267054638e-06 2.8006956612040375e-06 3.6095089680513063e-06 2.1889186356353513e-07 1.2918057373229593e-06 4.90046370415456e-08 1.114317785543174e-06 5.071685036850907e-07 1.879270291262081e-05 1.1885951505475385e-06 1.7872267662694671e-06 7.456367478706448e-06 1.2221483596277373e-06 0.0 9.121312998027582e-07 3.317079773443352e-05 0.0 0.0 6.43998090628926e-07 1.1109053223956483e-07 0.0 5.770108054669214e-07 8.866454193702085e-08 1.8009249503598216e-06 0.0 3.909198978736242e-07 2.8017225595754955e-07 2.036431891659194e-06 3.0027499602400356e-06 3.473699691148494e-06 1.0049611778946087e-06 0.0 0.0 0.0 1.2441708531145326e-07 0.0 8.596015012521727e-07 0.0 0.0 0.0 0.0 0.0 0.0 8.184545599709772e-08 1.0215531145040263e-07 0.0 0.0 1.3416695367120368e-07 0.0 0.0 0.0 0.0 0.0 0.0 0.0 3.4116632237980923e-07 1.2747787198720296e-07 3.1277337444312615e-06 1.2997751836678946e-07 2.002587074672031e-07 4.210528412967695e-07 0.0 5.7946871379981016e-08 0.0 0.0 0.0 0.0 0.0 1.408127859885391e-07 7.491790339156971e-08 0.0 0.0 0.0 1.624752676897027e-07 0.0 0.0 0.0 0.0 2.3738016860643276e-07 0.0 6.622540058919965e-08 0.0 2.653442044486307e-06 7.807257121445764e-08 0.0 0.0 0.0 0.0 6.673437216932971e-08 1.7691534082122418e-07 0.0 1.5719659078438866e-07 6.556487999046368e-07 9.641919129117503e-08 0.0 0.0 2.611592564837406e-07 8.2158652725564e-07 0.0 4.6868376021145137e-07 0.0 7.852012172648189e-07 2.2830052710579312e-07 0.0 1.4156687317493526e-07 5.870392997512697e-08 0.0 0.0 0.0 6.103707500235381e-08 1.0668784712616694e-07 5.473829810387684e-08 6.238662737909198e-08 1.7544588339213001e-06 3.146143465958964e-07 2.1086341938556073e-07
0.001000962250179261 0.0008971707976361086 9.762956490058113e-05 0.0 2.1007867176921085e-05 0.000224751320931534 0.0005401966595777566 2.4619392486595707e-06 3.756183718482746e-06 0.0006439499092053093 1.136416716983122e-05 7.291945238467635e-05 0.00031542423761220473 3.8787021852870594e-05 0.0 1.9413352744025558e-07 1.9761455328312402e-07 7.30098901096617e-08 5.593378806005623e-08 1.6130710444778443e-07 0.0 0.0 0.0 0.0 8.517526787331239e-08 0.0 0.0 0.0 0.0 0.0 0.00013270193727376505 2.0808972550994783e-05 2.355986773967795e-06 1.678826783175426e-07 0.0 2.2693826939509025e-07 2.6387155839056084e-07 6.915852427419706e-08 5.6655343443760575e-08 5.0113448955245824e-08 7.912926564331004e-08 2.3668356280998974e-07 9.307670481970689e-08 4.4252892857630534e-07 1.3658122328041866e-07 3.160443011949094e-07 7.641507863379398e-06 2.8867228831971036e-06 2.849241686920643e-07 3.571393504084727e-07 1.540072922171455e-06 2.8735443780046153e-07 0.0 1.3629223841014469e-07 4.937734975525965e-06 1.3061915561168925e-05 6.931947508624327e-05 0.00015529072656873583 2.3553270315707643e-05 8.74633688029891e-06 0.0 0.0 0.0 4.5257442392950923e-05 7.98230366133434e-06 3.4705207704824655e-06 1.1092951774715524e-06 2.223195341761179e-06 5.514905028009402e-07 0.0 7.351173235803964e-07 0.0 9.070041801130398e-08 0.00011529990643441927 6.616583251208266e-05 1.7308301177699592e-05 1.3473793086726432e-06 1.2802848325015486e-06 7.186736090364085e-07 1.085270564138496e-06 7.49022368950923e-08 5.653420730602076e-07 1.2325471365257544e-05 8.34225281171846e-07 1.9719719740711636e-06 3.825076552706644e-06 1.5683111365590517e-06 5.9274256022821934e-08 1.3131374602453216e-06 0.0 8.08404369279637e-07 1.900549308053276e-07 8.658583659179219e-08 2.3171235498662087e-07 6.516842592576344e-07 1.0093099524316723e-06 0.0 0.0 0.0 0.00026645727528249195 0.0 1.0271892416357047e-06 1.2409419308116108e-06 1.1516330030253653e-06 5.478986639041781e-07 9.685795340074105e-06 1.924335348002434e-06 7.0240418759575855e-06 3.9148541587457485e-06 6.102473535659011e-06 5.502404721248462e-07 1.3568412721155064e-05 6.357275729524712e-06 6.1400312303414225e-06 1.063841968167771e-06 0.0 0.0 0.0 0.0 0.0 0.0 0.0 0.0 0.0 0.0 0.0 0.0 0.0 0.0 0.0 0.0 0.0 0.0 0.0 0.0 0.0 0.0 0.0 0.0 0.0 0.0 3.489919218025428e-07 1.1837442847785369e-07 0.0 0.0 0.0 0.0 0.0 0.0 0.0 0.0 0.0 0.0 7.34802282529258e-08 5.6461961088452266e-08 0.0 0.0 0.0 0.0 0.0 1.0113601578684952e-07 0.0 7.30619205014944e-08 1.0226123704921458e-07 0.0 0.0 6.95880306504322e-07 0.0 1.2187059825910906e-07 0.0 0.0 0.0 5.750769204364159e-08 6.059271107005783e-08 0.0 5.3372162192443664e-08 1.5653841862318874e-07 0.0 0.0 0.0 1.279716945058276e-07 7.531175286280723e-07 0.0 0.0 0.0 0.0 0.0 2.0451376479692115e-07 0.0 5.1769240865480923e-08 7.29469321059956e-08 0.0 0.0 0.0 0.0 0.0 7.094448438014766e-08 7.219633068945006e-07 0.0 0.0
1.7786981499797566e-05 0.001623048128569966 0.0004294560334446349 2.1007867176921085e-05 0.0 5.409391763392676e-06 0.000528921603270826 0.0002212286521424172 0.0010263612975847502 0.0004382982922714632 0.0007739448901980724 3.662430297861993e-05 0.00024087676115255272 0.0007591720494412489 2.0917555009324778e-06 3.555235316306002e-06 1.644334209327044e-07 6.057305366424233e-08 2.722585440191472e-07 1.1583336168491864e-07 0.0 6.503136559868394e-08 0.0 0.0 0.0 0.0 1.300906419471419e-07 0.0 0.0 0.0 0.00010972448758624212 4.832750387027875e-05 2.2590476337904066e-05 3.724694782922865e-07 1.6860981277733064e-07 1.215844772120957e-07 1.0507653925416382e-06 5.5568673648364914e-08 2.058818936014641e-07 0.0 5.5025991948280185e-08 3.9527163357319997e-07 4.8584105856670446e-08 7.263638966524182e-07 3.495372162930799e-07 2.226950413460676e-07 3.703424076342244e-05 3.083044033482624e-06 6.732859551573903e-07 3.493233056018053e-07 9.063535133204924e-07 2.3112137764811476e-07 0.0 0.0 2.548265589051372e-06 6.795827427489405e-06 1.7013763876681447e-05 6.218224705104039e-05 9.938485687140774e-06 1.569000058702317e-05 0.0 3.0516478468606853e-06 8.52528728728676e-08 0.00011135951383204479 4.70709705632768e-06 2.796919466886824e-06 6.304145209464168e-07 2.5114780732706715e-06 8.205228910011741e-07 0.0 8.431670892668193e-06 1.914680918217857e-07 1.8991298968322061e-07 5.0624142625563075e-05 7.77993648986328e-05 8.367984444560907e-05 2.2518435388325887e-05 8.819379312457501e-06 1.872450083871511e-06 1.9323176339070402e-05 3.8663023900132654e-07 2.667280858180424e-06 1.0358187213708033e-05 2.756487164779312e-07 2.9834957387300457e-06 2.251146200430195e-06 1.274182911432746e-06 5.685328025144573e-08 1.5565088854371007e-06 2.0727202107699265e-07 7.220856162263848e-07 0.0 6.030223793384971e-07 1.2830503021325162e-07 3.314640221756483e-07 4.3880026107111515e-05 7.954867076673138e-06 0.0 2.2135972816498323e-06 3.2049671846916564e-06 1.1780222736877524e-07 4.651171116885218e-07 4.288863692577465e-06 1.386053438469134e-06 1.6500425929225273e-06 2.1124400699846713e-05 2.496734711521929e-06 1.926906895813712e-05 7.0540640370655525e-06 1.1774395947766474e-05 7.541573290612463e-06 4.489089443023138e-05 3.3411696076615316e-05 4.15468496341831e-05 1.8329597439532786e-05 0.0 0.0 0.0 2.9145988982274545e-07 0.0 0.0 0.0 0.0 0.0 0.0 0.0 0.0 0.0 0.0 0.0 0.0 0.0 0.0 0.0 9.164588953678013e-07 5.17168108704025e-07 0.0 1.0540356327955375e-07 1.5823795684258697e-07 5.3296678266423965e-06 2.8358239116001364e-06 1.884680055962888e-05 1.1286919292622797e-06 3.161583930446648e-07 0.0 0.0 0.0 0.0 1.45834118403646e-07 2.7415442575636645e-07 0.0 0.0 1.3045715701944048e-06 0.0 0.0 0.0 0.0 0.0 1.3475709594138868e-07 3.127331067314478e-07 0.0 2.6268023352974967e-07 1.307894148227249e-07 0.0 0.0 1.2224534976907498e-06 4.0895162741642544e-05 2.6068676970456322e-06 0.0 6.077818845346795e-08 0.0 0.0 7.673342389146234e-08 1.8357327906765584e-07 5.169304472352261e-08 0.0 6.106643344296321e-06 1.1392252812625753e-06 0.0 5.942623845725582e-08 6.606881759432209e-08 1.8224811913903836e-05 3.637750082123993e-06 1.1971502800002867e-05 0.0 2.284245516577625e-06 4.340370163570211e-07 5.175118187264807e-07 1.2984216045199889e-07 0.0 0.0 0.0 0.0 0.0 6.985987920152129e-08 0.0 0.0 1.7106681334484645e-05 6.990897978432676e-06 3.018515604430437e-06
4.904998246043542e-05 0.00018742031990497652 6.9944194974044356e-06 0.000224751320931534 5.409391763392676e-06 0.0 9.319448468978634e-05 6.866271193633382e-07 1.6496859419026548e-06 0.0005868773571393371 1.3865077156357934e-06 0.00011357310508378407 0.00011082275991310673 4.9429256705551324e-05 2.5096452724919633e-07 1.0833969628437817e-06 0.0 0.0 0.0 0.0 0.0 4.397372311400022e-06 0.0 0.0 0.0 0.0 0.0 3.4561782056660043e-07 3.126717317714087e-07 0.0 3.505621331447511e-05 2.1349168165594686e-07 3.156735586276589e-05 0.0 0.0 8.622622440940649e-08 1.3275018013894242e-05 1.0305593314698347e-06 3.4955062246966007e-06 1.0005277335775318e-07 1.8616615595832668e-07 4.592418834917366e-07 3.0273017680858476e-07 8.71865017474463e-08 0.0 2.395369195394105e-07 1.6886585292155894e-06 0.0 0.0 9.188056935059216e-08 1.4358411749173351e-06 8.383371734664392e-06 3.292503533957562e-06 6.14672601917947e-07 7.221625757130046e-07 9.049447786784483e-07 3.357653145230509e-05 1.7212153752477293e-05 3.0146253233865866e-06 0.0 4.434812292187875e-07 8.043045757417734e-06 0.0 2.1623501941484695e-07 4.481123644338599e-07 0.0 1.0259467009589075e-07 3.3116512919412934e-07 3.19049245878637e-07 9.588570046574052e-08 6.083141847473667e-05 8.06876503893371e-05 4.4439843342543965e-06 6.396821537447313e-06 9.136425429235527e-07 1.4837013943713675e-06 7.920771288355221e-07 4.160529798714392e-07 0.0 4.840061322061164e-06 1.7222322000312137e-07 9.066426313918483e-07 5.86060589432744e-07 0.0 0.0 3.1316572335294496e-07 2.145777008152887e-07 1.825444344234669e-06 1.4464517835451247e-06 4.692873040474099e-06 5.052249257143187e-06 3.1616132090690703e-06 5.41098779412521e-07 3.0605615659213597e-07 1.1396554541565315e-06 0.0001951199412589199 0.00023646319142053222 1.7710098091487896e-05 3.2777284467849844e-05 0.00011893744281077671 0.0 6.741078775562972e-08 0.0 9.812224909300614e-08 0.0 1.33090489127928e-06 2.9053808710489714e-07 1.3909826674592346e-06 9.779129563570047e-08 3.1569683080344965e-07 0.0 1.1450018843044595e-06 2.4912459508948854e-07 6.084409839803342e-07 9.909304931651508e-08 0.0 0.0 0.0 0.0 0.0 0.0 0.0 0.0 0.0 0.0 0.0 0.0 0.0 0.0 6.6304378584522e-08 0.0 0.0 0.0 8.265803895091672e-08 0.0 6.119509759353947e-08 0.0 0.0 0.0 0.0 0.0 5.93482169481638e-07 2.533927727257724e-07 5.786858500566077e-08 0.0 0.0 9.15767171903321e-08 0.0 0.0 0.0 0.0 0.0 0.0 0.0 0.0 8.679413234515334e-08 7.568665294321058e-08 0.0 0.0 0.0 0.0 0.0 0.0 8.251829564666091e-08 1.0190065147430741e-07 0.0 7.01527868436568e-07 0.0 0.0 0.0 0.0 0.0 0.0 0.0 6.023724861368484e-08 0.0 0.0 3.496075720799093e-07 0.0 0.0 9.424500126270704e-08 9.295001009835754e-08 6.75224666165555e-08 1.9810635216992764e-07 0.0 8.449555299867638e-08 0.0 0.0 0.0 0.0 0.0 0.0 0.0 0.0 0.0 0.0 0.0 8.549875694691375e-08 7.376133376689423e-08 2.1216347731414046e-07
0.00028132335093066646 0.001807760809651105 4.093212303971893e-05 0.0005401966595777566 0.000528921603270826 9.319448468978634e-05 0.0 6.2798066821660505e-06 0.0014959040044092114 0.002346925892978855 0.00010475661369373676 0.00023201263094886501 0.0012507615398868255 0.001277702135836564 1.0394896852963897e-06 1.3735966526001432e-06 1.4765513600972576e-07 3.5754141275103224e-07 7.794298705425502e-08 1.2699384487121568e-07 0.0 0.0 0.0 0.0 6.947791997608967e-08 0.0 0.0 0.0 0.0 0.0 9.816735604097441e-05 2.655045500666845e-05 1.4185514844206105e-05 0.0 0.0 0.0 1.1746058708620733e-06 1.2229729255558077e-07 1.1329881149875898e-07 6.865508053896536e-08 0.0 1.0589769830840893e-07 5.7417294617106626e-08 5.169123216418523e-07 1.1041981356107477e-07 1.5229416595045929e-07 1.8644333163052993e-05 1.7546560739848644e-06 5.408190571405568e-07 2.986056360466426e-07 1.0020177721107133e-06 1.4926411798591438e-07 0.0 0.0 2.688392015480536e-06 7.744832623974464e-06 2.1764054442312987e-05 6.880455172315622e-05 1.2712438828413258e-05 1.0624180701194895e-05 0.0 1.1880498201951714e-06 0.0 6.688393297223306e-05 3.6542585477631343e-06 1.8962542084290947e-06 6.108893735589865e-07 1.1945832820305788e-06 7.557017576946572e-07 0.0 3.561492493481982e-06 1.5143945559293401e-07 0.0 4.900691102479999e-05 6.100506914925696e-05 3.521163756752573e-05 6.396564172464631e-06 4.405913369695404e-06 8.882107267608928e-07 3.2829961786598624e-06 0.0 2.5434674452952044e-06 8.229018372204078e-06 3.9367431181479506e-07 2.069850495923026e-06 2.2053976843278693e-06 8.025630510044287e-07 0.0 1.2577904280740993e-06 1.310222759294573e-07 7.016397214835243e-07 0.0 0.0 1.8505111433248894e-07 4.39944832710802e-07 3.312592970822118e-05 2.081089931489053e-06 0.0 1.03145213733678e-06 2.3573056711401603e-05 8.611006077051599e-07 4.183163674920815e-06 2.045886491131476e-05 8.173387145278412e-06 6.636490131379288e-06 5.1278192853668384e-05 8.08232114665163e-06 4.994958239713268e-05 2.3015167336212265e-05 2.901181550687345e-05 1.1240373311889445e-05 0.00010315733446858675 5.4836762572164806e-05 7.943517662096915e-05 2.702829600825697e-05 0.0 2.2694052869036386e-07 0.0 0.0 0.0 0.0 0.0 0.0 0.0 0.0 0.0 0.0 0.0 7.218507314878312e-08 0.0 0.0 0.0 0.0 0.0 3.0223882721927664e-06 1.6763814828372498e-06 0.0 0.0 0.0 4.172742211829304e-06 2.169823036121416e-06 1.782871001237164e-05 1.328134052620089e-07 1.5446241316142768e-07 0.0 6.708814399658644e-08 0.0 0.0 2.4339413597624113e-07 0.0 0.0 1.3038241379389844e-07 1.570130929739802e-06 0.0 0.0 0.0 0.0 0.0 5.996169143708887e-08 0.0 0.0 1.0189364304815278e-07 1.7120078796640158e-06 9.562787286545572e-07 6.233079051018835e-07 3.47233621413558e-07 4.683287446959393e-05 2.295099765353543e-06 0.0 3.0104893324547206e-07 1.1859753004377853e-07 5.316466052245526e-08 5.426480411959571e-08 0.0 6.684832569488466e-08 6.93460288756112e-07 7.3240859965956026e-06 1.0518759309462842e-07 5.150247291104214e-07 5.849318024798792e-08 1.1466361539937328e-07 2.393437047100783e-05 5.261161936438264e-07 1.2536247799213515e-05 3.2839783060984505e-07 5.298403913817891e-06 7.39562545946983e-07 3.4685070416496054e-07 2.730940221896953e-07 6.246530823353935e-08 0.0 1.3491915554997923e-07 0.0 5.442439438505281e-08 0.0 0.0 0.0 2.9836054912984028e-05 6.6095460679646015e-06 1.2042852031239688e-06
2.808695293475688e-05 0.0008499641306274917 0.0016419062818834205 2.4619392486595707e-06 0.0002212286521424172 6.866271193633382e-07 6.2798066821660505e-06 0.0 0.00010859275153068552 3.5374893460155834e-06 0.0016519770549442581 9.353618999497465e-05 0.00023189107320408545 0.001313453597525995 5.9330409090601485e-06 1.4619522412877789e-05 1.4084162914588636e-06 6.75148189276701e-06 1.5154526899545004e-06 3.894095682048645e-06 6.264226074770865e-08 7.523452748633538e-08 5.053450269821145e-07 3.044512013871152e-07 1.0324458215061571e-05 5.203956733805353e-07 7.351665362570354e-08 1.9366493115729314e-07 6.607873339024492e-07 0.0 0.0005567972167255307 0.0007993271768192114 0.00029094249528244844 8.95574761893164e-06 1.9951989690796392e-06 1.573530926290687e-05 5.088663020934346e-06 8.92114179854806e-06 1.20166925170742e-06 6.756730568690188e-07 7.825200280568563e-07 1.9399822178127406e-06 7.3974906537270336e-06 2.1375398588843806e-05 8.239682230525913e-06 7.087002077441528e-06 8.935881476774583e-05 4.074319737743961e-06 3.508249244321213e-06 1.148053684005677e-05 3.7309368981303545e-06 1.800804956677515e-07 1.7971826044867635e-07 3.760620344256433e-07 1.7601874282194008e-06 6.676879455645417e-06 1.712402508361583e-05 0.00010013184145336118 1.2978805340406835e-05 2.3325192920906485e-05 8.397347683995426e-06 5.30549374735073e-05 2.1049831112161162e-06 0.0003960061273569005 4.816974961779568e-06 6.726204279910669e-06 1.8681617979949804e-06 1.0067551039375684e-05 2.715920874166593e-05 4.652089108002877e-06 8.048939638889102e-06 2.1956532311044092e-07 5.137889868119192e-07 6.689593881096243e-05 0.0001379962191161642 0.00015350841636710744 0.0001384240308723737 0.0005426012674464969 0.0006724073800329534 0.0017543042994514764 2.9329980963573758e-05 0.0007473785923623101 9.094914997571214e-06 2.6464205492562183e-07 2.837783745226017e-06 2.9811795307326932e-06 6.679598796717104e-06 1.268507356780829e-07 1.5515625964622824e-06 1.3631380673917346e-07 1.2901027768603808e-06 4.4568204921739595e-07 2.8788597185077193e-05 1.2957283401216414e-06 2.6145859722581946e-06 5.177799601889985e-06 9.204688524606087e-07 0.0 3.0663434457753334e-06 6.583363320456563e-06 0.0 0.0 3.9476790294333037e-07 0.0 8.974625767679393e-08 2.4762663109193474e-07 1.8133021895673332e-07 6.771476594460569e-07 6.891028868874372e-08 6.326278567236042e-07 1.3869848521573524e-07 1.6519650943836503e-06 1.0433586900289676e-06 2.378593251736297e-06 1.1841524180165595e-06 0.0 0.0 0.0 0.0 0.0 0.0 0.0 0.0 0.0 0.0 2.573883031167879e-07 0.0 5.891380364899668e-08 0.0 6.018357882392116e-08 0.0 0.0 0.0 0.0 0.0 1.7255840515633625e-07 0.0 7.154864862576069e-08 0.0 2.3333416012850045e-07 8.71318688113982e-08 1.948861068928671e-06 6.559735134035678e-07 3.1327190510768364e-07 0.0 0.0 0.0 0.0 0.0 9.246489175812239e-08 0.0 0.0 0.0 0.0 0.0 0.0 1.5309923841250722e-07 2.7281752748240766e-07 0.0 0.0 0.0 0.0 2.9725008449810104e-07 0.0 0.0 1.6396054172264735e-07 1.794463693757035e-06 3.749677311836317e-07 0.0 0.0 6.58289224458423e-08 0.0 0.0 2.0034312621440878e-07 0.0 2.7311850557316997e-07 5.257604442928155e-07 8.025681792460817e-08 0.0 0.0 5.313929954877569e-07 9.397407026214744e-08 0.0 4.502442836113027e-07 0.0 1.426144228372042e-07 0.0 0.0 0.0 6.266440798913176e-08 0.0 0.0 0.0 5.739715563814891e-08 2.531089929439292e-07 2.8904998511052156e-07 0.0 4.0836218506669455e-07 1.1198156550749717e-07 4.5183883376258064e-07
3.4387592798934497e-06 0.0011879844989686498 0.0003089885352988518 3.756183718482746e-06 0.0010263612975847502 1.6496859419026548e-06 0.0014959040044092114 0.00010859275153068552 0.0 0.00019689519887823497 0.0007646497166416046 2.391888560445181e-05 0.0002471381807317594 0.0008878823418610346 8.067289609485341e-07 2.0442152765852055e-06 7.162030056157922e-08 1.9938550777488818e-07 5.899427247181247e-08 0.0 0.0 0.0 0.0 0.0 0.0 0.0 0.0 0.0 0.0 0.0 2.0188570719512042e-05 1.589480898749011e-05 1.4151893671835429e-05 5.733877257933382e-08 0.0 0.0 2.7204343810431863e-06 4.6165948825111733e-07 0.0 1.4067930825825052e-07 0.0 0.0 0.0 3.2765750411983156e-07 2.446284284321981e-07 5.866704864479967e-08 1.5828167958540473e-05 7.260345108693837e-07 0.0 0.0 3.1080074326714694e-07 0.0 0.0 0.0 6.535331722441326e-07 1.661856868003678e-06 3.0109324002380277e-06 1.184874523110882e-05 2.531980286455578e-06 5.816756882007137e-06 0.0 2.424002632761018e-06 0.0 3.9425169408734067e-05 1.3749969340966059e-06 7.970132330506952e-07 3.8405678897613713e-07 6.449329060678513e-07 0.0 0.0 4.4473583330279685e-06 2.944627955052965e-07 0.0 1.1931811475021425e-05 2.0071559727062152e-05 3.158434420067188e-05 1.3748368914597824e-05 6.0113300242488075e-06 5.914223684438004e-07 7.229225985445347e-06 0.0 1.1559887808654642e-06 1.9704740408123206e-06 5.8487970036438693e-08 7.609716945597516e-07 7.249161699552101e-07 3.799630535259408e-07 0.0 3.880070514917849e-07 2.049153711819312e-07 1.0064207543649866e-07 1.2867984268832806e-07 1.4568981552389482e-07 0.0 5.979029238341058e-08 2.9524640742872965e-05 3.4531967453576374e-06 0.0 2.561457942033258e-06 1.6765043300965804e-06 2.3028044335632782e-07 1.7153206930329345e-06 3.368401628248914e-06 3.0154825082103643e-06 2.9866704789313512e-06 2.2632927763488253e-05 3.3502704865377425e-06 2.7786675276760485e-05 1.1564111169249992e-05 1.301883991945318e-05 7.321903353421555e-06 4.578694839531212e-05 3.326286909384144e-05 5.381082390425576e-05 1.773275515492881e-05 8.138437020590626e-08 3.349360876842005e-07 0.0 0.0 0.0 0.0 0.0 0.0 9.00134283083495e-08 0.0 0.0 0.0 0.0 1.1881347973622979e-07 0.0 0.0 0.0 6.987932655947687e-08 0.0 1.6256867136219351e-06 5.518525945726963e-07 0.0 9.84186932238658e-08 0.0 3.771953240873877e-06 2.0756134407308985e-06 1.893585669737729e-05 9.075856540666652e-08 7.263404532620063e-07 0.0 0.0 0.0 0.0 7.651808897323524e-08 3.1845003568864654e-07 0.0 0.0 3.9818662141858655e-07 0.0 0.0 0.0 0.0 0.0 0.0 0.0 0.0 1.6951554939545594e-07 2.3371847906232887e-06 0.0 1.4258749572618877e-07 1.5654283987448375e-07 3.619712969618086e-05 3.2232068801614473e-06 0.0 5.3185357921333196e-08 4.692993285189214e-08 0.0 5.654587777004153e-08 0.0 6.180226398661346e-08 1.905138853792088e-07 5.889241181140144e-06 5.068626381392468e-07 0.0 0.0 1.130036071625846e-07 1.7376688001505872e-05 1.6923812535446616e-06 6.94985866874876e-06 3.099035673800922e-07 1.0514090406617936e-06 7.61542789075227e-07 7.896842636155431e-07 0.0 0.0 0.0 0.0 0.0 0.0 5.18696949736984e-08 0.0 0.0 2.2284460715425773e-05 5.268992448931672e-06 1.029450391478171e-06
0.0009185055941888048 0.0008648275469211894 1.305834239603922e-05 0.0006439499092053093 0.0004382982922714632 0.0005868773571393371 0.002346925892978855 3.5374893460155834e-06 0.00019689519887823497 0.0 1.883476028841983e-05 0.0005532536143361559 0.0032749350391082675 0.0006755638513421358 1.2187848786165164e-07 5.052229840523942e-07 0.0 4.875951067673059e-07 9.596064144365797e-08 1.5965236789996736e-07 0.0 0.0 0.0 0.0 0.0 0.0 0.0 0.0 0.0 0.0 4.754160422851041e-05 8.155897950812047e-06 6.663658024867355e-05 6.244415487711187e-08 0.0 0.0 5.514708346365757e-06 3.432692703219414e-07 3.5061909597264613e-07 1.3551915982334247e-07 1.694742365675966e-07 5.939728464054826e-07 5.353330168894549e-07 6.001406507786342e-08 0.0 6.30153159931279e-08 6.340210206714879e-06 9.68203248123443e-07 1.9266852558735055e-07 1.4597640277469476e-07 4.2633828071854853e-07 0.0 0.0 9.796043027098663e-08 2.1343310238169193e-06 4.579043642958114e-06 4.1960337063878136e-05 5.416074902259177e-05 1.1952214335568596e-05 3.5460016943547006e-06 0.0 9.397397087364784e-07 0.0 2.2189728900070595e-05 2.1469374406089375e-06 1.9879534654916454e-06 4.639019489571713e-07 6.258064192722739e-07 1.454720317550084e-07 0.0 1.5811839160668323e-05 1.4677352415677773e-07 0.0 4.4116701657364124e-05 3.1625939102314585e-05 7.860071452876618e-06 2.2714154090610498e-06 1.0767407818270072e-06 9.012468195043696e-08 5.197722293029427e-06 1.8775496821684638e-07 2.3354742889302275e-06 6.0632470619608794e-06 1.7999588736516012e-07 1.0461810928762046e-06 1.6632541473526802e-06 3.7646049009275477e-07 0.0 6.430004964954836e-07 5.2426321802433065e-08 5.567374778487648e-07 0.0 1.6465453216707872e-06 2.030365699219048e-07 2.8631447035362306e-07 5.5452589238502463e-05 1.3226051093251342e-05 0.0 1.9992735030815695e-06 0.00021719201671210715 1.8444252217552692e-06 1.7914398847262402e-05 6.786184332604584e-05 2.7386461196551372e-05 8.871306703992133e-06 0.00014950764710069465 3.575954332694908e-05 0.00011262110476363352 0.00015728616366548806 9.095513407017778e-05 1.4245386204817197e-05 0.00024244855215200666 0.000143883573790874 0.00016251716979402518 3.0085810363766698e-05 0.0 1.331982385569381e-07 0.0 7.615639168160621e-08 0.0 0.0 0.0 0.0 0.0 0.0 0.0 0.0 0.0 2.3163083592450557e-07 0.0 0.0 0.0 0.0 0.0 3.199516217310039e-06 3.0545716157312393e-06 0.0 0.0 0.0 5.459345519620094e-06 2.173235688824328e-06 1.4922176588222923e-05 0.0 0.0 0.0 0.0 1.2216805164431995e-07 7.025909821329442e-08 2.056812517871929e-07 6.64720121460777e-07 0.0 1.4872230209286193e-07 7.211456315608586e-07 0.0 0.0 0.0 0.0 1.413341298999291e-07 0.0 2.0679101147782195e-07 0.0 3.8367989651493584e-07 2.891187757846388e-06 2.905277348192751e-06 2.9073314984308455e-07 0.0 4.162173329465039e-05 1.9728826596217926e-06 8.108558993299502e-08 2.31260664994821e-07 0.0 7.226322119890296e-08 0.0 0.0 7.877785557369753e-08 1.980093920285504e-07 8.620296427294429e-06 7.43590018982059e-08 0.0 5.731932522137821e-08 0.0 1.9840780153636398e-05 3.4331821044867436e-06 9.817763379546795e-06 1.2672429660034842e-06 5.884736894339977e-06 2.728663764176306e-07 1.2645746819311087e-06 5.983557767738128e-07 0.0 6.378292821245418e-08 1.6700711686758337e-07 0.0 0.0 0.0 6.297305538833974e-08 0.0 5.1808672386875266e-05 1.0825682897115823e-05 1.7769524545116132e-06
2.7010559500366485e-05 0.00111417507541536 0.0010179079419709233 1.136416716983122e-05 0.0007739448901980724 1.3865077156357934e-06 0.00010475661369373676 0.0016519770549442581 0.0007646497166416046 1.883476028841983e-05 0.0 0.00010628231317917949 0.0006756752741342279 0.0029345425047237303 8.229032250732187e-06 1.7947033030355004e-05 3.9217295118965317e-07 1.7694332431928143e-06 4.485752894246051e-07 8.181601292257013e-07 3.3986608514208075e-07 0.0 2.102248021678056e-07 2.9011797089262317e-07 1.3039641737733081e-05 4.771767585318648e-07 7.948921082840042e-08 3.2371866615851504e-07 3.204460948856823e-07 0.0 0.00012657749685607097 9.933926029675491e-05 0.0001785311064621112 1.6986950411804433e-06 1.8339647051311733e-06 2.679761124838593e-05 4.7895045706837825e-05 2.9852189800819665e-05 5.22231964027589e-06 1.2535287363058797e-06 2.2385172880246934e-06 3.229939457121803e-06 1.7370797711340597e-06 3.319234327070791e-06 1.2313870380970322e-06 6.122164251991227e-07 6.469376566867114e-05 2.7655529738599094e-06 2.1663947783994493e-06 4.119071607489773e-06 3.493715986786674e-06 1.5906589890577127e-07 0.0 1.5934284137361893e-06 9.930908046655095e-07 3.893107432483409e-06 8.742312860245728e-06 3.752702829939454e-05 8.696844409664308e-06 1.5128074778464447e-05 7.149028196092485e-07 2.751261279561245e-05 1.9761458863264188e-06 0.000140179166844241 2.3698798978414927e-06 2.4276109885919336e-06 1.2483858681497874e-06 4.6513974665082934e-06 1.5244209002969959e-05 6.116621580787849e-06 4.3014649775416475e-05 7.556601169872115e-07 5.739844359014839e-07 3.504622453972876e-05 6.828303590552375e-05 0.00012208675627292925 7.594275271541551e-05 5.33242701225617e-05 0.00012636562868043223 0.00027381602945806996 4.983747475680118e-07 0.00012320090228543104 6.488342120627866e-06 1.204624937606442e-07 1.3054813284605793e-06 2.425884682078195e-06 2.7971362618938332e-06 1.2873884052136728e-07 1.389314979667763e-06 2.07451227763317e-07 1.1930721516183927e-06 4.202138794056182e-07 3.0190475275815998e-05 1.6456524030952342e-06 1.0858716903748179e-06 1.539769769316875e-05 3.8439687592916544e-06 8.063396141861763e-08 8.667478233145932e-06 4.210607001606009e-06 0.0 6.098117665602778e-07 2.1418971680246095e-07 1.004592067450461e-06 1.830602755932394e-07 2.4173458677087304e-06 8.957492522365658e-07 3.433669784386246e-06 2.410480002573472e-06 3.036495096709879e-06 2.11656268599098e-06 9.676925485154318e-06 9.782638746072382e-06 1.263432357137518e-05 6.003564431913464e-06 0.0 9.455338225975125e-08 0.0 0.0 0.0 0.0 2.2233447114051607e-07 0.0 0.0 0.0 1.9114441319279849e-07 0.0 1.9520731259253782e-07 6.596035605183574e-08 6.308257741636266e-08 0.0 0.0 0.0 0.0 8.62716685200518e-07 2.928187457827416e-07 0.0 6.890513995461691e-08 0.0 2.3214231424653436e-06 1.5096361829423539e-06 8.862437771233683e-06 1.9070539779625215e-07 4.4207092690247145e-08 9.977251828146143e-08 7.136613240486331e-08 0.0 7.704821390979279e-08 8.600275397894718e-08 1.294249285554597e-07 0.0 0.0 1.2333866886001609e-07 0.0 0.0 1.41514694212665e-07 0.0 3.583715782476604e-07 0.0 0.0 0.0 0.0 2.0389204362409166e-07 0.0 1.7164388238992483e-07 0.0 1.3876065789656125e-05 6.908219800502798e-07 0.0 1.2567513879117162e-07 0.0 0.0 6.222356363926873e-08 6.022876985251083e-08 0.0 5.863524432493971e-08 2.889618874518966e-06 6.685552521336069e-07 0.0 0.0 2.969595831847409e-07 5.882224470902766e-06 7.845258416715812e-07 3.887397353135691e-06 0.0 8.960439135221759e-07 2.588274844522809e-07 0.0 0.0 0.0 0.0 0.0 0.0 1.8184760269749652e-07 5.3764383024299136e-08 2.935329341219939e-07 7.822054737019781e-08 6.112764108195092e-06 2.8885562628882065e-06 1.4377554742656845e-06
3.196474685362988e-05 0.00012560189300194591 5.543785737815483e-05 7.291945238467635e-05 3.662430297861993e-05 0.00011357310508378407 0.00023201263094886501 9.353618999497465e-05 2.391888560445181e-05 0.0005532536143361559 0.00010628231317917949 0.0 0.0017650703296170649 0.0005650897529916561 7.944131889171951e-06 1.5594810349898444e-05 6.1831965778627e-07 4.393011128669869e-07 1.9218083031849274e-07 6.71454409542723e-08 0.0 0.0 0.0 6.594709332257455e-07 1.2247393358414323e-06 3.8360825482535435e-07 0.0 6.616618860980573e-07 0.0 0.0 6.023894006250007e-06 4.368027482916577e-06 0.0002498693793637552 7.443979040361818e-07 7.489829414306842e-07 2.589491523697245e-06 0.00010106863448264104 9.565544133968043e-06 8.760274150085016e-06 3.705271196237256e-07 5.27733109281377e-06 3.144485932188427e-06 2.2750979425252225e-07 2.077325966055781e-06 1.2358720670946298e-07 7.505109422722035e-08 2.3782140052021284e-05 7.793869746710638e-07 1.5283188129943702e-06 2.1905753240913297e-06 9.55907051528023e-07 0.0 0.0 2.2547287716055287e-06 7.593523843765981e-07 9.708408242233248e-07 7.329952920217246e-06 6.273991855536783e-06 2.2148236896263654e-06 2.8255597384938617e-06 0.0 1.1083170803903152e-05 3.675562539244871e-07 1.818115913239275e-05 1.5451705122059433e-07 4.279279229222708e-07 6.51151439560728e-08 4.6550134557858257e-07 1.8196425661883079e-06 3.993128734524007e-06 0.00016391051587389595 6.2279190614006005e-06 1.6434808514728114e-07 5.191616242727086e-06 9.851715940839844e-06 3.253113272110647e-05 2.6126184006740797e-05 1.546356875838766e-05 4.877699741722318e-07 2.847435075523882e-05 0.0 2.6015991280531865e-06 1.8345501802403739e-06 0.0 4.615579736573633e-07 2.2822072428838673e-07 2.660674909340877e-07 0.0 9.759502896465748e-08 0.0 3.68829036882303e-06 1.1817930938536227e-07 1.952807940964473e-05 2.665360083210248e-06 1.806604997986693e-06 0.0003363347931147242 8.84848740931816e-05 7.321123379117206e-08 6.23921872281118e-05 4.640968882282021e-05 8.235982734416275e-08 2.7365684850416818e-06 4.260996837683053e-06 3.364958093387478e-06 3.0826111299664887e-06 3.37851762949632e-05 4.113892739179741e-06 3.3151447541544034e-05 2.3818243626354562e-05 2.7754037517731145e-05 7.5110887270718464e-06 8.083186623755067e-05 5.951847776273554e-05 9.19705823792973e-05 2.4684958147349435e-05 8.471797831295478e-08 2.2210953037503737e-07 0.0 3.306187434793444e-07 0.0 0.0 0.0 0.0 0.0 7.773408677290677e-08 0.0 0.0 1.6415148035041488e-07 2.2083561059721884e-07 9.250264914171907e-08 1.569770651552007e-07 0.0 0.0 0.0 3.021987132011543e-06 9.770074810179245e-07 0.0 8.141874120815186e-08 0.0 8.237367810496926e-06 2.678233399108539e-06 2.321202237692647e-05 3.6263454054927664e-07 3.018867936661385e-07 2.5414600435137345e-07 9.469152202790591e-08 0.0 0.0 1.3707384698930626e-07 1.566397180459644e-07 0.0 0.0 1.0310025580698162e-06 0.0 0.0 1.5517610455818205e-07 0.0 7.592767517776789e-08 6.475886180073433e-08 1.3431729670770663e-07 0.0 2.3742828493570544e-07 1.2879085400690887e-06 6.767663662260348e-08 1.7529007245121548e-07 1.5439733930980703e-07 3.872783842973938e-05 3.0858350469826027e-06 0.0 6.408069410789566e-08 0.0 0.0 2.0856232971100193e-07 0.0 1.8766559029089976e-07 2.7154168653513867e-07 1.1402150037243899e-05 1.3534050131070132e-06 1.1183083311398561e-07 0.0 0.0 1.92563631425993e-05 7.435255291659511e-07 6.955147166672308e-06 1.6029465327059286e-07 3.401185508865077e-06 3.3771659366806586e-07 1.3459556452631903e-06 7.574971853236592e-08 0.0 0.0 0.0 0.0 0.0 0.0 1.70276148065509e-07 7.781677390604788e-08 4.945742261224393e-05 2.7930302616978668e-05 2.5996947880472674e-06
