0.0 0.0015153746422019684 0.00010749435943535524 0.0010247212212043172 4.986818960270039e-05 0.00013918245433139215 0.000589624549313023 6.004608417292103e-06 1.2921929951764594e-05 0.0010025796330266107 3.115203775889957e-05 0.00025251490393388013 0.0008158142223503668 2.5663595212310654e-05 3.565818575015342e-07 6.08808173141166e-07 1.531778677726186e-07 1.5392577383383088e-07 6.96796528875615e-08 3.1973884195645103e-07 9.752494982952852e-07 0.0 7.75891010478111e-07 5.8959234368612765e-08 1.945212646865116e-07 7.366604254728895e-08 3.464845440204588e-07 0.0 0.0 0.0 0.0010455560276019286 1.7703730661084127e-06 2.7071165301125414e-06 8.392365454706071e-07 3.419057071962899e-07 6.805292599886191e-08 3.2671387413764967e-06 5.013637390825624e-07 1.198282046075287e-06 1.6664135716647828e-07 3.007250547228332e-07 6.489394653244556e-08 4.191495121098116e-07 3.087591455434971e-07 7.67426138537119e-08 8.545813439529445e-07 2.345622020327739e-05 2.8917553284343256e-06 0.0 5.531286773989229e-07 7.709139694430226e-07 2.2219928707435282e-07 1.3553708709585036e-07 5.891030744250436e-08 9.209094739561907e-06 9.38607905106019e-06 5.9692913571695104e-05 0.00042503881171803006 9.458271685805526e-06 8.81005880910945e-06 0.0 3.4615481797607896e-07 3.1835293285461335e-07 9.066451457996904e-06 1.666041482476641e-05 1.1542765870786485e-05 3.9998350923513756e-06 1.2230246184771598e-06 2.3836555862630518e-06 2.0103284670726315e-06 1.1994733487955502e-05 2.679364569646066e-07 6.55801250182768e-08 0.00015484906944518786 3.634551138219658e-05 1.7487805594206686e-05 4.072914351437749e-06 1.0471334314788905e-06 1.7593495969942976e-07 5.148428019628555e-06 3.4278137774790317e-07 4.7434537427317404e-06 1.4170934453826877e-05 6.154261894825189e-07 1.1747399274780691e-05 7.991264412276806e-06 1.0751343613894758e-06 2.0720102021185674e-06 3.7277829952574548e-06 8.498438215343438e-07 5.565063887558444e-07 0.0 3.8137669985811817e-06 8.0045282412616e-07 2.0282028861339662e-07 3.8472389034888865e-05 1.2419501300558274e-06 0.0 1.0461042465404125e-06 0.000925680674148529 0.0 6.045306886502364e-07 2.179035581555446e-06 8.909003947457805e-07 1.2211992798561312e-06 3.124777914735147e-06 2.571996035158622e-07 3.2631145101953873e-06 7.390201578726565e-06 3.1010211154512505e-06 3.1663015227133926e-06 7.034581761132582e-06 8.562924387959004e-06 2.3312615565355263e-06 5.212359858322972e-06 0.0 7.334237929798744e-08 0.0 0.0 0.0 0.0 0.0 0.0 0.0 0.0 0.0 0.0 0.0 0.0 0.0 0.0 0.0 0.0 0.0 0.0 2.7622077394320636e-07 0.0 0.0 0.0 4.7456277132980475e-07 0.0 2.5306760063288407e-07 0.0 0.0 0.0 0.0 0.0 0.0 0.0 0.0 0.0 0.0 0.0 0.0 0.0 0.0 0.0 0.0 3.403761803289654e-07 6.65103225147018e-08 2.634224045872868e-07 0.0 0.0 0.0 4.4574187385880215e-08 0.0 7.498222101441596e-07 0.0 0.0 1.761872449999518e-07 1.1732672720061464e-06 3.533377399190771e-07 1.3149949483903267e-07 1.6042863952524354e-07 0.0 0.0 6.566064810753159e-07 0.0 0.0 5.02552046917918e-08 0.0 2.6529102001699303e-06 0.0 0.0 0.0 0.0 0.0 8.574493050099454e-08 0.0 2.416339970178146e-07 6.140537900543084e-07 7.74958452397608e-07 6.205280952257687e-08 1.00891759618577e-06 0.0 7.821572021417628e-08 9.176089600671057e-08 1.6232525589759732e-06 6.821716066413895e-08 9.850705045608852e-08
0.0015153746422019684 0.0 0.0012791177133869701 0.0010246542738001302 0.001535081435358928 0.00013559503760084533 0.003439963972648908 0.00020051383048223342 0.0009415130598866358 0.0012408202131484688 0.0010071843551921235 0.00012673148266219408 0.0013343038235019925 0.000890533125861835 8.83920299196647e-06 8.134937991141848e-06 5.651137321355231e-07 6.136753281382865e-07 6.361961323919256e-07 9.594027317983067e-07 9.89884911117997e-06 0.0 5.37566877554984e-06 1.818346171897024e-06 2.10693827025206e-06 1.3638253283082302e-07 2.5772467213836158e-06 3.4311430077036004e-07 5.741376464288585e-07 2.3174324738053949e-07 0.0017248561729580993 3.762288451759617e-05 2.583295406877308e-05 7.209901283446734e-06 3.0340199952397305e-06 1.1689883015360308e-06 1.7348641537605273e-05 3.0065085553642794e-06 2.0490484781208975e-06 2.366822893804524e-06 2.628199703690198e-06 2.5099141429005508e-06 2.3248744189031096e-06 2.5146775425852586e-06 8.661038600711864e-07 2.3431993359057417e-06 0.00012192766807980608 1.0612565703844592e-05 7.569834707562829e-07 2.214468394361831e-06 3.4982779594462545e-06 5.369257344280562e-07 2.509295398150174e-07 1.7209017961046084e-07 1.8379778156900307e-05 1.4764515938357055e-05 6.330241244968558e-05 0.0005220848986156956 2.16334265763445e-05 4.7945308416621055e-05 9.49008511184585e-07 4.89868025358613e-06 2.708372271683352e-06 9.989030445277344e-05 4.375469504160659e-05 3.358049079030704e-05 1.4131595990978414e-05 4.596192814811892e-06 9.282073644105376e-06 1.4672715362460423e-05 1.6146560280054167e-05 5.86842522220058e-07 7.07534341842348e-08 0.00036959300023889976 0.00022706599282600048 0.0001834009305841346 5.4667948153952755e-05 2.6731016101994262e-05 1.645530787741656e-06 3.187949485719788e-05 2.8633305760316567e-06 1.2813287784516941e-05 3.1963721426903715e-05 1.2324171999608546e-06 3.3930822033452445e-05 2.1131187778084614e-05 4.528368423920507e-06 6.523668236705423e-06 8.622370998026653e-06 2.021322751555536e-06 2.059553455131824e-06 1.2208370490784745e-06 3.305261045743135e-05 4.461923654316176e-06 8.046068449750177e-07 4.9395295394941855e-05 1.2661126228857395e-06 3.5214496565485423e-07 1.4110000259715837e-06 0.0006972751294429927 9.756862063497384e-08 9.459839618866325e-07 9.663323248588289e-06 1.226076450352965e-06 1.090426182591009e-06 1.7741619869660882e-05 2.178888045050564e-06 1.459002882761758e-05 1.7913121168456947e-05 1.3061284761391268e-05 3.188704284601595e-05 2.925048752806582e-05 3.412437635025444e-05 2.0677728653887165e-05 4.8166764573995864e-05 4.112600410291713e-07 3.9255525679877273e-07 0.0 0.0 0.0 0.0 0.0 1.3232228575990305e-07 0.0 0.0 0.0 0.0 0.0 0.0 0.0 0.0 0.0 0.0 0.0 1.6204678424729646e-06 3.305954619310526e-06 0.0 0.0 0.0 3.697321364482512e-06 7.454766975261013e-08 1.0306079579994276e-05 1.2800989434420105e-06 4.7018818446756094e-08 0.0 0.0 0.0 6.221555396301324e-08 1.5474763071064157e-07 0.0 0.0 7.908509445969627e-08 5.374197375942612e-07 0.0 0.0 2.907162886186164e-07 1.1106963737175886e-07 0.0 5.694745673218154e-07 3.8644007883129844e-07 1.9754656631449824e-06 2.1502966252224074e-07 3.349068301439438e-07 0.0 1.7278454796443367e-07 0.0 7.572617186605751e-06 1.324485303058797e-06 6.761284689448464e-08 1.2545052276364007e-06 2.2802605516273115e-06 1.3973386848176082e-06 0.0 8.081604283370689e-07 0.0 8.443522241180823e-08 1.065980169178088e-05 6.725539927154415e-07 0.0 5.604300403743445e-07 2.963445494177748e-07 5.6579593159366005e-06 0.0 0.0 0.0 7.162260888397838e-08 9.411189721734677e-07 1.5927412285657458e-07 7.66389931285574e-07 5.56089877281355e-07 9.673775872429673e-07 1.445795952344559e-06 0.0 2.197477232837266e-06 1.961032551104069e-07 7.787432711035998e-08 0.0 1.7249564805185874e-05 1.3332839429075547e-06 4.023931446370553e-06
0.00010749435943535524 0.0012791177133869701 0.0 4.030383737821788e-06 0.0005533254435451025 6.462835101915988e-06 3.898826001514544e-05 0.0012593975965585209 0.0004436993969538046 7.911346078339737e-06 0.002080384559437314 2.1088726882366403e-05 0.0002786192347561724 0.0008793451138606402 2.8264228354788913e-06 4.1435565197462e-06 2.6334852594782016e-07 5.721477207532038e-07 0.0 3.4161724424650874e-06 3.361514868619627e-05 6.71823502330288e-08 1.6211928262438213e-05 3.6869141818846347e-06 5.912129963164809e-06 8.894949598774406e-07 5.674789172297711e-06 2.54552582089871e-07 0.0 4.5569965813997925e-07 0.0027414766973094416 0.00048171169465068497 3.0316931475593468e-05 2.0515066150343117e-05 1.1459870441235349e-05 3.4576089380978024e-06 1.6163518469823424e-05 7.051685814618719e-06 1.3319545562082926e-06 2.6697793118554764e-06 5.932351401437127e-06 3.7611610045369288e-06 5.430588532590897e-06 2.353806017577804e-06 1.5119576641422565e-06 1.0160912307588564e-05 3.458002944205239e-05 2.1023745055024906e-06 4.694860677935475e-07 4.134244227840745e-06 5.416363304792432e-06 1.2633045680182035e-07 1.391527843878709e-07 1.3708146950937868e-07 3.9660605134380865e-06 3.7067253752689735e-06 2.012746386596228e-05 0.00033218552282678467 6.507895781904702e-06 1.1786108667446261e-05 5.312212420475317e-06 1.0906441090807958e-05 1.0934249522729152e-05 7.85307655781372e-05 8.517919071309104e-06 1.0751765937670692e-05 3.17603627850139e-06 6.917413796797314e-06 3.9457181572183245e-05 4.663653275814562e-05 4.844857293536508e-06 2.202275115730397e-07 6.193970103260332e-08 9.672864075176656e-05 9.949803567153342e-05 6.182429724398578e-05 3.155016780672074e-05 2.0795987195329562e-05 6.532508713236745e-06 0.0001580681288247726 3.122814617806503e-06 9.078261710208822e-05 7.242022884587591e-06 6.302090373389637e-08 7.3723542384516474e-06 4.608905447414441e-06 1.8062278248274513e-06 8.836146727627036e-07 1.6258416059854417e-06 7.469132700268675e-07 7.202701472288873e-07 1.2159050162300987e-07 8.047149930541863e-05 8.289934684701005e-06 2.364502431164419e-06 6.711441359976104e-06 1.179292832691748e-06 6.250360890536651e-08 1.3754130279648742e-06 4.5154996611831596e-05 0.0 0.0 9.213837208168368e-07 2.442696061236584e-07 3.884329212718124e-07 7.99138887364776e-08 2.046187225198507e-07 0.0 1.0122764228700666e-06 6.949004279257558e-07 1.9535579484295043e-06 8.762175787624741e-07 1.2609542838986653e-06 9.732561803414321e-07 2.580462469500587e-06 0.0 0.0 0.0 0.0 0.0 0.0 0.0 0.0 0.0 0.0 0.0 0.0 0.0 0.0 0.0 0.0 0.0 0.0 0.0 0.0 0.0 0.0 0.0 0.0 3.394063581361355e-07 6.337470688674209e-08 5.989240806906436e-07 7.940462244120627e-08 1.0149838175075522e-07 1.0719790162035826e-07 6.610723155508822e-08 4.938740133855401e-08 0.0 8.230513493368748e-08 0.0 0.0 0.0 5.3294155250883344e-08 0.0 6.15260978316634e-08 0.0 0.0 0.0 2.080445541284655e-07 1.0259086515689637e-07 2.3720203862203176e-07 0.0 0.0 0.0 6.008072833411695e-08 0.0 7.711145469135314e-07 0.0 0.0 1.6893225306643897e-07 2.962461775956703e-07 1.6797929461454126e-07 0.0 2.812301668679985e-07 7.171642087280973e-08 3.393137434219625e-07 3.6398560019720726e-07 0.0 6.97106716416528e-08 1.6555720373508762e-07 5.511780919608002e-07 4.803374647635935e-07 5.896387911498235e-08 0.0 0.0 8.71949829558039e-08 5.258344961717561e-08 8.387149285654741e-08 6.669708887009145e-08 0.0 2.7956066076136526e-07 3.8423124294763627e-07 0.0 9.364376197680932e-07 7.284999372626754e-08 2.2462809457972654e-07 1.6674009411489702e-07 7.131420536721931e-07 2.725440283805754e-07 7.448420825180195e-07
0.0010247212212043172 0.0010246542738001302 4.030383737821788e-06 0.0 6.295774333492777e-06 0.00028874139535465377 0.00066906603711041 4.4186545515013866e-07 3.4714737565045265e-06 0.0010373958733379401 2.7021422105421905e-07 0.00039986652148186666 0.0014523260825867743 5.156271000788951e-06 1.5308955390677502e-07 1.344341084310021e-07 6.403789939739538e-08 0.0 0.0 0.0 0.0 0.0 0.0 7.935749567274018e-08 0.0 0.0 1.593937187071081e-07 0.0 0.0 0.0 0.0001053521135991139 3.094765253465768e-07 6.429602671894527e-07 0.0 0.0 0.0 2.8945084572654975e-06 0.0 2.4216144320701134e-07 0.0 0.0 2.9834712289912877e-07 0.0 7.034146980605416e-08 0.0 1.33162233371888e-07 5.757894995273294e-06 7.769725910426825e-07 7.501750240594336e-08 8.373014651638754e-08 8.751331366265557e-08 6.230560005602204e-08 0.0 9.072011618492802e-08 1.665337480731889e-06 2.0830425276686304e-06 9.21409093274587e-06 3.896794086737317e-05 1.4502960152892579e-06 2.621895742681297e-06 0.0 2.9161524658689963e-07 0.0 2.385378468742042e-06 3.818020830529127e-06 2.9570313117241484e-06 5.713042662303401e-07 2.1025224793098195e-07 6.720887708432396e-08 5.290846298470885e-08 4.705569089742602e-06 1.5855970227490218e-07 0.0 3.0402641617198897e-05 7.046322690717216e-06 5.841595744875728e-06 5.410241287075048e-07 7.409768128989049e-07 6.460791676743986e-08 6.702855563294616e-08 1.1036918074877885e-07 6.361702763540912e-08 2.350674940554844e-06 6.054152198834524e-08 2.507615757665493e-06 1.4762247217512201e-06 2.2800854862965966e-07 2.9133090659251104e-07 4.491884157716131e-07 1.553154360945265e-07 2.125770453846546e-07 1.5093583935959894e-07 5.601126819224459e-08 0.0 6.170450449271885e-08 1.4533219325371927e-05 0.0 0.0 1.5794814117247562e-07 0.0002896973948587098 0.0 6.620561526502623e-07 7.393160519920632e-06 2.814651099422905e-05 1.7107504524203346e-06 7.746859467414552e-06 3.2806954271392397e-06 2.0523558474688154e-06 1.1308798456462739e-05 2.5580703977466475e-06 3.055059660353991e-06 4.718659899802301e-06 9.155060176076215e-06 2.918313741927401e-06 3.92986949036625e-06 0.0 0.0 0.0 0.0 0.0 0.0 0.0 0.0 0.0 0.0 0.0 0.0 0.0 0.0 0.0 0.0 0.0 0.0 0.0 5.813912415419369e-07 0.0 0.0 0.0 0.0 1.4110037239369293e-07 2.5958191685533754e-07 1.7931207241902212e-07 0.0 0.0 0.0 0.0 0.0 0.0 0.0 0.0 0.0 0.0 0.0 0.0 0.0 0.0 0.0 0.0 2.323681865412937e-07 0.0 3.779224885944462e-07 6.231675339122574e-08 0.0 0.0 0.0 0.0 0.0 0.0 0.0 1.752003680117229e-07 3.1171443972007905e-07 5.865050733295665e-08 0.0 6.522332867878523e-08 0.0 0.0 8.377674003060865e-07 0.0 0.0 0.0 0.0 1.05195149821502e-06 0.0 0.0 1.7197624746345283e-07 4.859703533265022e-07 0.0 0.0 0.0 5.466905961543593e-08 6.416461096540183e-08 2.4043097374286407e-07 0.0 5.7531679638677476e-08 5.794543143753598e-08 0.0 0.0 2.0663365000759054e-06 1.528230753822006e-07 9.712591771591975e-08
4.986818960270039e-05 0.001535081435358928 0.0005533254435451025 6.295774333492777e-06 0.0 3.362860744168501e-06 0.0010439180342865183 0.00015527101647444988 0.00375061914585377 8.302290181311678e-05 0.000797708877686839 2.326719059120065e-05 0.0004168394750742011 0.0011003643911640464 3.2801566280690626e-06 1.0693456530491372e-06 5.908120566301633e-07 7.45345931357745e-08 9.792921258987157e-08 0.0 5.294316654261563e-07 0.0 9.406025137389369e-07 0.0 6.797850391557882e-08 0.0 2.163451107367393e-07 0.0 0.0 0.0 0.0001708093402035905 4.774653760809797e-06 6.463702128314395e-06 2.406244567241738e-07 5.888797827012653e-07 7.145320725678936e-08 4.899358768665017e-06 3.6255161754587935e-07 5.845601515949694e-07 9.021839823935543e-07 2.893164367863605e-07 1.399163187044637e-07 7.77764223102853e-08 1.101681591827764e-06 7.547609256532174e-08 2.7886664904239705e-07 2.9906114863490323e-05 1.6362269998827992e-06 2.6581695814959884e-07 6.694543929772928e-07 3.617858118039596e-07 0.0 0.0 0.0 2.0811118203863596e-06 2.733924278176042e-06 6.695728085357875e-06 4.7421980932916396e-05 4.530944746702489e-06 1.2240948966840436e-05 8.559396350701986e-08 6.924231562706484e-07 1.4748637219061926e-07 1.7937229023955024e-05 5.882757958470315e-06 5.519294454937237e-06 3.083352674333351e-06 1.0159285563717248e-06 1.1837826126604805e-06 1.0538545747757432e-06 6.134044905999122e-06 0.0 0.0 5.751500547047846e-05 4.355617112640241e-05 5.151710269135183e-05 1.681100026598833e-05 9.082323384244329e-06 1.5858557104970076e-07 2.5876401480598865e-06 5.489077492758076e-07 9.212531287203276e-07 5.110781102080881e-06 7.771189684838007e-08 5.313341289143238e-06 3.147543047932181e-06 7.926761473570367e-07 9.868939835851038e-07 9.815843167233957e-07 5.634752405373263e-07 2.6942362068816937e-07 2.2592624175084686e-07 2.673496909108755e-06 4.1754344882310525e-07 5.601293758371853e-07 3.213174426919971e-05 6.817241910454889e-07 0.0 2.5730575337759105e-07 9.406621061745109e-06 1.7280453650731096e-07 5.256350268171547e-07 3.7589974400705777e-06 4.554405967743697e-07 2.308137512662902e-06 6.978142038438844e-06 1.4443941942132903e-06 1.2235217294626906e-05 5.1897872698175335e-06 9.676574642050122e-06 2.3127785245544695e-05 2.0887072658602776e-05 2.3017170530086556e-05 1.3258515573262256e-05 3.0059639066308964e-05 0.0 4.6853010341803954e-07 0.0 0.0 0.0 0.0 1.1510692818708454e-07 0.0 0.0 0.0 0.0 0.0 0.0 0.0 0.0 0.0 0.0 0.0 0.0 0.0 2.9815803926534016e-06 0.0 0.0 0.0 3.5219502701992977e-06 1.2706731991485417e-06 3.434732101722539e-06 2.4530863673565637e-07 6.399063676797508e-08 0.0 0.0 1.3221854743011015e-07 8.829429337489042e-08 0.0 0.0 0.0 1.1204711023456861e-07 2.732230444467308e-07 0.0 0.0 0.0 0.0 0.0 1.3015243347876843e-07 0.0 0.0 0.0 1.0802252666410951e-07 0.0 0.0 0.0 2.826705494193972e-06 0.0 0.0 1.7168896947593107e-07 4.7651649430683697e-07 2.0263537336350712e-07 0.0 2.0261820393542808e-07 0.0 0.0 7.51990155277151e-06 1.606980263233675e-07 7.283082034911501e-08 2.0101632686437105e-07 2.6825354794025177e-07 7.3687557572899106e-06 0.0 0.0 2.498389711991986e-07 5.360560332671152e-07 6.335042046749372e-07 8.20849399905325e-07 3.849370915522336e-07 6.367398734043092e-08 6.382180405853152e-08 2.2929259598113343e-07 0.0 4.4850026730194685e-07 6.512893928089885e-08 2.1495912521311493e-07 0.0 1.3218359652035371e-05 9.543680644903903e-07 2.4707103267489485e-06
0.00013918245433139215 0.00013559503760084533 6.462835101915988e-06 0.00028874139535465377 3.362860744168501e-06 0.0 3.028888448881943e-05 7.613689647057512e-07 1.782821835509755e-06 0.00038424753992761563 3.0411239225292077e-06 0.00010885723550742254 0.0001431818537176636 6.79733968173997e-06 2.89800233398386e-07 5.946367675088131e-07 8.960916418033389e-08 0.0 0.0 0.0 8.115739857576084e-08 0.0 0.0 0.0 0.0 0.0 0.0 0.0 0.0 0.0 4.8730625706345144e-05 2.1312279459176635e-07 3.485899022575338e-06 0.0 0.0 7.718287127559148e-08 1.0110238035538083e-05 9.257603371020833e-07 1.4701511894118433e-06 2.881950829274653e-07 0.0 0.0 0.0 1.8253229970182522e-07 0.0 0.0 1.5322635230149517e-06 2.16807772479087e-07 1.6117291979724227e-07 1.0240227019797714e-06 1.3441636414126087e-06 1.1207589581668288e-05 5.49822853469359e-07 2.2769027311632063e-07 2.0440050435357845e-07 8.870197091540259e-07 0.0001096176159775456 1.4873138635031718e-05 1.7928386343928852e-06 4.4272457613927616e-07 1.198455120193892e-07 1.0842961108664376e-06 6.352974546368603e-08 9.592065740544623e-07 5.307204721566797e-07 8.378073561635674e-07 1.227339014691066e-06 4.274425836286435e-07 3.288189687195606e-07 8.749478562503519e-08 0.00017830746276140924 0.00015667098355500583 6.051717349762346e-06 4.298812835097403e-06 1.3414447325592601e-06 1.9801245135798277e-06 5.604597344841329e-07 5.334742420817288e-07 0.0 4.999238507253844e-07 9.603645721600814e-08 6.982367399025587e-07 2.580005845079388e-07 2.9033463184734523e-06 3.2747850510688163e-07 1.769061039891696e-06 1.9048082784096671e-07 1.6096281337906293e-06 2.061795649125382e-06 6.678025046398869e-06 1.1445214546949233e-06 2.3926171870806417e-06 1.0384859878894672e-06 5.425484504020238e-07 9.185132081212907e-07 0.00022081542492158066 6.895725490729716e-05 6.808082275314027e-06 2.5734831466606305e-05 0.00023990736682289634 0.0 0.0 4.1393517718135916e-07 0.0 0.0 0.0 0.0 4.093719983321545e-07 4.584080377693824e-07 3.069339860891024e-06 1.0620735808462963e-06 2.095885501874055e-06 7.435116811072567e-07 4.341191220759909e-07 4.621512193385861e-07 6.411859231284285e-08 0.0 0.0 0.0 0.0 0.0 0.0 0.0 0.0 0.0 0.0 0.0 0.0 0.0 0.0 0.0 0.0 0.0 0.0 0.0 0.0 0.0 0.0 0.0 0.0 0.0 1.4779293394231878e-07 1.0512233259573957e-07 5.598932664815153e-08 0.0 9.426506813073681e-08 0.0 0.0 0.0 0.0 0.0 0.0 0.0 0.0 0.0 0.0 8.683003495906418e-08 0.0 0.0 0.0 5.717426767923744e-08 0.0 0.0 0.0 0.0 0.0 1.6178482055205422e-07 0.0 0.0 0.0 0.0 6.300999240101727e-08 0.0 0.0 0.0 0.0 1.8492811422361785e-07 2.191129040596483e-07 1.389219608724477e-07 0.0 1.5929165316531302e-07 0.0 0.0 0.0 0.0 0.0 0.0 0.0 2.5454414172809527e-07 0.0 0.0 0.0 0.0 0.0 7.619331952482801e-08 0.0 1.3704331805519516e-07 6.546028164606741e-07 0.0 2.294720385819642e-07
0.000589624549313023 0.003439963972648908 3.898826001514544e-05 0.00066906603711041 0.0010439180342865183 3.028888448881943e-05 0.0 1.2403676602975029e-05 0.0008283135645398731 0.0015159292606626597 8.082330594333244e-05 0.0003218542296274779 0.003910530359440417 0.0018238520335289324 3.8525294449493414e-06 4.702223645362288e-06 4.809136086135386e-07 2.1051645503022948e-07 1.5203862696998036e-07 0.0 3.8176461090349986e-07 0.0 9.57557854673812e-07 7.862774403152439e-08 1.9734341088238485e-07 0.0 2.839500946785033e-07 2.2288660764132978e-07 6.254451578952604e-08 0.0 0.00011525611756784398 5.842462457095679e-06 6.6996890944931045e-06 3.2863072487629474e-07 4.13340823717905e-07 0.0 1.3382552289575389e-05 3.0842350105630265e-07 4.095590533920717e-07 4.5677012782589547e-07 5.521106075847552e-07 8.997778848957952e-07 7.111074000230437e-08 2.591588352300192e-06 1.6584099604000486e-07 4.2394942867159927e-07 5.546961913711329e-05 4.3510175977788524e-06 6.89342644996556e-08 4.765037403597674e-07 1.0998349315282466e-06 1.1796849953358637e-07 1.1191318954468333e-07 0.0 5.094316062101211e-06 3.8436047813286575e-06 1.527919530765883e-05 7.98663535360181e-05 8.175310415290456e-06 2.5057346319893035e-05 1.2762270251274524e-07 5.622882191353802e-07 0.0 3.0072683127463477e-05 1.2818293250211029e-05 1.0729097851651463e-05 4.2252892894627295e-06 1.068213222276825e-06 8.222080731315132e-07 1.4405577738186555e-06 2.424792290265239e-05 9.057448767732002e-07 0.0 0.00012719142195481231 6.921557698977045e-05 8.836597553757452e-05 3.402372605928161e-05 3.9066268717230754e-05 8.569509373105886e-07 2.5279268174653385e-06 6.956775823030008e-07 2.5010430509523445e-06 1.0752846461067217e-05 7.447893260112665e-08 1.1305586070904382e-05 6.424830551634819e-06 1.4437943723464322e-06 2.0163972824895062e-06 2.9192621532829907e-06 4.102428415742411e-07 1.027499956959527e-06 3.470672261788217e-07 2.2290541164651324e-06 3.294590988332492e-07 4.5946313818486194e-07 0.0001447247529286644 1.0886925713422978e-06 5.965105108404073e-08 7.948639927232847e-07 5.066952694107715e-05 2.291362157772674e-06 1.7768810096029862e-06 9.484863540623332e-05 6.994670693612028e-05 1.4336046619532763e-05 6.299499537685792e-05 1.3640852175765287e-05 4.979016042382191e-05 9.015606337400076e-05 6.801528943646638e-05 0.0001042389499734866 0.00016625885276295993 0.00015969034419150514 9.78374636029266e-05 0.00014106556159479113 8.926444503053414e-07 6.654810714430913e-07 0.0 0.0 0.0 0.0 0.0 0.0 0.0 0.0 4.474864558795604e-07 0.0 0.0 0.0 0.0 0.0 0.0 4.92114783855664e-08 0.0 1.7223506130738658e-06 6.0182792687128665e-06 0.0 0.0 0.0 1.2191316459603655e-05 9.289428714614226e-07 2.13110342256015e-05 3.0159018331353647e-06 8.052286763164465e-07 8.694215421146535e-08 0.0 1.0119843472926017e-07 4.205439634691406e-07 5.433333446079998e-07 0.0 0.0 4.267060049744824e-07 1.8839397004475577e-06 0.0 2.0928094400462095e-07 6.407921556267927e-07 8.86569572093388e-08 0.0 4.021535445039948e-07 4.5295804352467047e-07 9.987762085620417e-07 1.350999587215707e-07 8.020528543373714e-07 0.0 0.0 0.0 1.5747050857193924e-05 2.144152585293489e-06 8.13787500352879e-08 4.135736341997825e-07 9.418008413196603e-07 2.3506418584125113e-07 0.0 3.9577156534218e-07 7.857980209733343e-08 3.6324837620351397e-07 3.0327993571675105e-05 1.3630260583150444e-06 5.617037410650298e-07 7.631198557695672e-08 7.663588658292796e-08 3.309108130373539e-05 4.885580544633936e-07 1.5962591187077528e-06 7.138070590774529e-07 2.392184210956773e-06 3.580185340208433e-06 1.458320116084138e-06 3.2742431908815166e-06 2.772428176902825e-07 2.8500955538147967e-07 8.06561930807246e-07 0.0 1.1768968568350726e-06 6.485042432491885e-08 1.6532634200877103e-07 0.0 8.820143140227223e-05 3.4607286749767474e-06 8.21188166647072e-06
6.004608417292103e-06 0.00020051383048223342 0.0012593975965585209 4.4186545515013866e-07 0.00015527101647444988 7.613689647057512e-07 1.2403676602975029e-05 0.0 0.0005903990136009195 5.223761131276612e-07 0.002537653624670003 1.1355998161032965e-05 0.0001537627353393419 0.0009334407102094585 3.6214321314926254e-06 8.137471003999041e-06 2.790682552350677e-06 1.5261433113991264e-05 3.8135204364233527e-07 2.5175881805399125e-05 8.396471342141703e-05 0.0 2.863193918592676e-05 5.77068905104392e-06 1.0309793865636793e-05 1.748819324371973e-06 1.0532905403824661e-05 1.0242415187833728e-06 6.626489819236368e-07 1.261218469769639e-06 0.0006627689907150493 0.001363853435426213 4.047926923631283e-05 5.6755047379324884e-05 2.6110794517572335e-05 8.008094799344768e-06 1.760394642000909e-05 1.4266544350103445e-05 2.0207382267829824e-06 4.930755933724489e-06 1.2845143429348767e-05 1.3587192325282416e-05 6.522505705089591e-05 9.807146312713773e-06 6.445956327120076e-06 5.9698833891089145e-05 1.802794006292995e-05 1.4572931898340227e-06 3.676780529843983e-06 5.3671466161392746e-05 1.0239777731868042e-05 3.9039553889568574e-07 2.895467508232057e-07 8.471001944786519e-07 1.0408959871440032e-06 8.824254903224562e-07 5.413675312797459e-06 7.832537283453334e-05 1.8507294369898937e-06 7.233419850547554e-06 0.00014727310600752734 3.9650773267730244e-05 4.018825688969253e-05 0.0001506946290407209 3.3139099150234457e-06 9.197035160846304e-06 2.2916399552129902e-06 3.390613319405794e-05 0.00018130661543959022 0.0001735177266472696 6.3654311320204625e-06 1.4560160289346618e-07 0.0 3.355423685394915e-05 9.132506127496233e-05 6.121906067701141e-05 0.00015580380756095201 8.105417826255779e-05 0.0016883252876339584 0.001854861143428516 0.00038144021815729646 0.002346804838280923 2.5935179726948294e-06 0.0 3.578479864914192e-06 1.4938624625391392e-06 6.458629636467711e-06 4.5665385207742866e-07 8.927103428680976e-07 1.3540310696679756e-07 5.938355806024778e-06 1.41677859568822e-06 0.0001703265051347309 1.8256043620823106e-05 1.6035588572956413e-05 3.48057105694137e-06 4.2689427853733196e-07 3.039894283244211e-07 1.4577965249495148e-06 5.290514976060294e-06 0.0 0.0 9.91164335375941e-08 0.0 2.661970376601056e-07 0.0 0.0 8.96138573271684e-07 1.589111448436698e-07 1.5304614208627353e-07 3.1922310952889375e-07 3.054350228416729e-07 3.297097240827378e-07 5.033285177447375e-07 1.0424724709536012e-06 0.0 3.585113547721819e-07 0.0 6.467326164072477e-08 0.0 0.0 6.685632215399433e-08 0.0 0.0 0.0 0.0 0.0 0.0 0.0 0.0 8.844712845698446e-08 0.0 8.031488234261176e-08 0.0 0.0 1.408663688828119e-07 0.0 0.0 0.0 3.1963128678297784e-07 0.0 5.447112209309241e-07 3.5282135366067807e-07 1.7852109418969375e-07 9.632250396363305e-08 0.0 0.0 0.0 0.0 0.0 0.0 1.0639287451924123e-07 0.0 0.0 0.0 7.895446415229399e-08 6.564886216976029e-08 7.451108069939922e-08 5.721599397477666e-08 0.0 5.789309949626449e-08 0.0 0.0 0.0 0.0 4.127182706151578e-07 2.591278780379228e-07 7.015613848199259e-08 0.0 1.2840231936978394e-07 2.0742734205947782e-07 0.0 1.4353696643000065e-07 1.9027425126020207e-07 2.6293792867049053e-07 3.8460019884252305e-07 2.549327804787126e-07 2.642038725498256e-07 1.2971870162834217e-07 6.854517146397287e-08 4.974383424999327e-07 0.0 0.0 5.5260424137899124e-08 0.0 0.0 5.025227518996823e-08 5.6615607435827826e-08 0.0 8.443601210360414e-08 0.0 5.5974284293135716e-08 0.0 2.1396416874376975e-07 1.237772855755538e-07 7.205862744408894e-07 1.8708939877333222e-07 0.0 0.0 6.020042310840769e-07
1.2921929951764594e-05 0.0009415130598866358 0.0004436993969538046 3.4714737565045265e-06 0.00375061914585377 1.782821835509755e-06 0.0008283135645398731 0.0005903990136009195 0.0 7.391347095031586e-05 0.0011174259153060237 3.071814211111052e-05 0.00035573914438463423 0.0013405717496387613 5.144667337470196e-06 4.531638495190859e-06 2.0192168303446322e-07 1.2138291882205362e-07 8.533833263050228e-08 6.366006583828675e-08 1.058440106997558e-06 0.0 5.463209184981537e-07 7.10154972277998e-08 1.2706584242697794e-07 9.139202502492015e-08 2.3245048855991672e-07 1.6614278143003556e-07 1.1138414698927547e-07 0.0 7.397189999155661e-05 6.0002707039419405e-06 1.2015241176766872e-05 4.160473182765695e-07 3.550035905169132e-07 0.0 6.838572080254336e-06 5.665797482524436e-07 7.675648653082566e-07 2.484776826496434e-07 7.982151347723632e-07 3.171099961787304e-07 7.782235180409307e-08 1.5197616701914349e-06 2.5324526005869174e-07 1.28961943376837e-07 3.464123629211576e-05 1.3742503341650278e-06 8.917412891387892e-08 2.3169425252395399e-07 7.045742161105847e-07 3.2388702502993587e-07 1.8413801909049133e-07 0.0 1.3200772179800488e-06 7.212355879059466e-07 4.468969662382643e-06 2.03369698466548e-05 3.641122145397184e-06 1.2981447774200481e-05 6.42630464723286e-08 1.305076478872753e-06 4.835977965017958e-07 2.0844281357535413e-05 3.1243585968828237e-06 3.7093498098113398e-06 1.362300964157163e-06 5.761148563683372e-07 1.387008076850006e-06 1.0105928254350963e-06 1.2892013764509616e-05 0.0 0.0 3.9809470758486566e-05 3.668944566326433e-05 5.857291323604685e-05 2.707899943434117e-05 2.728903311596219e-05 1.0724440852322114e-06 5.1556615310960874e-05 1.1189970407128878e-06 9.7291398905451e-07 2.820739126427826e-06 0.0 3.433604680822911e-06 1.5761907278002687e-06 9.151383540900611e-07 7.053170104033973e-07 1.2688244839520926e-06 2.0776012497532567e-07 5.199420155363858e-07 7.713450477591884e-08 4.184022097807143e-06 2.8654772640201104e-07 2.985772034249591e-07 4.9395584379682615e-05 9.277461402469106e-08 5.458071603000862e-08 9.986947047265242e-07 4.554494905720799e-06 6.279669409954668e-07 7.863079580820671e-07 7.570110089225557e-06 9.835643585146366e-07 4.023315771228609e-06 2.059139902878742e-05 1.4389452231713896e-06 1.961219303448798e-05 1.0883095054381928e-05 1.847974720708386e-05 4.003418750233887e-05 3.243956764270201e-05 4.4113668187761885e-05 2.6890707564228015e-05 6.368930393502832e-05 1.47299898785412e-07 1.7212849027669991e-06 0.0 0.0 0.0 0.0 0.0 1.802015540857543e-07 0.0 0.0 0.0 0.0 0.0 0.0 0.0 0.0 0.0 0.0 0.0 1.7872267193647716e-06 2.170287418296805e-06 0.0 0.0 0.0 8.049945373691768e-06 8.943863320896361e-08 8.9779832456181e-06 6.613496629517876e-07 6.377559859716065e-08 1.1271812748704919e-07 7.1778882946474e-08 0.0 0.0 1.8126661905308877e-07 0.0 0.0 6.034680776713862e-08 2.412815652114747e-07 0.0 0.0 7.046538773319115e-08 6.508550623212333e-08 0.0 1.1225655687798945e-07 0.0 0.0 2.834182287626423e-07 1.375908122264367e-07 0.0 0.0 0.0 1.0058419037298939e-05 3.0822607386166814e-07 0.0 1.222326696510105e-07 1.3167989271219714e-07 0.0 0.0 0.0 0.0 1.0502213089640902e-07 1.2144993877598992e-05 1.2911402697802846e-07 0.0 0.0 1.200000029068618e-07 1.4496197368213285e-05 2.0627635352996157e-07 9.1510803162336e-07 3.4983174610186697e-07 1.8377362727453263e-07 7.473819903186385e-07 2.69526021636695e-07 7.912248551710211e-07 0.0 6.147493769112136e-08 1.222359642791483e-07 0.0 2.410884685847532e-07 5.4019898993952067e-08 1.37924189533959e-07 0.0 2.7127984623570665e-05 1.2978224209832995e-06 3.048105090955313e-06
0.0010025796330266107 0.0012408202131484688 7.911346078339737e-06 0.0010373958733379401 8.302290181311678e-05 0.00038424753992761563 0.0015159292606626597 5.223761131276612e-07 7.391347095031586e-05 0.0 4.501072128357241e-06 0.0012206848794560708 0.003650687639694321 7.788972600273034e-05 5.266956763034797e-07 1.907143477717641e-06 1.2811007396612655e-07 3.2001936510715936e-07 0.0 0.0 6.970035045479324e-08 1.6815793903226646e-07 0.0 0.0 1.9795864023057314e-07 6.37120199162795e-08 1.3809521300128807e-07 7.822678439062879e-08 0.0 0.0 9.673542057850429e-05 5.811385401672428e-07 8.688685302904124e-06 1.9540065018608958e-07 0.0 0.0 1.6836813061828137e-05 8.273843797297718e-07 9.838492886550452e-07 5.484420561359207e-08 9.579564367480106e-08 6.604366136551672e-08 0.0 3.631663883633474e-07 0.0 3.439905784506121e-07 1.1142888795447384e-05 8.54625553956551e-07 0.0 3.4676558089539994e-07 5.33361095380862e-07 9.338209250544581e-07 8.969523209477946e-08 7.12137183598851e-08 1.56607832101632e-06 2.5470600901624647e-06 4.9653290897400976e-05 4.6672686703913944e-05 3.219932787202382e-06 3.2544035133990123e-06 1.2664741191651132e-07 3.6581206901154744e-06 0.0 5.36936361726628e-06 5.416183212606414e-06 3.930695181069361e-06 1.5134764749768232e-06 6.493159699936066e-08 3.435246772736392e-07 2.8138312082842743e-07 0.0001544084929198922 1.3114424710213547e-05 1.8400868370780818e-07 4.4943480037615764e-05 1.26695822953103e-05 1.3724795106009784e-05 2.8196776999866697e-06 2.4815807909547765e-06 0.0 3.4513659404464145e-06 0.0 3.1898698870995563e-06 3.867852998174976e-06 6.465771660017863e-07 2.9075677433381808e-06 3.196560130520652e-06 4.60832077404397e-07 6.25719325300708e-07 8.568854608220043e-07 4.357597110276672e-07 2.0634775695266995e-07 5.918390465651011e-07 9.192812385863348e-07 1.0476248702695862e-06 0.0 0.00022589164024574486 2.2610781787813606e-05 3.475351058309392e-07 6.482145647684332e-06 0.0006040375932305051 2.208140619475061e-06 4.2350107393685315e-06 3.854916690041452e-05 7.825411079213041e-05 9.435867734709406e-06 6.226778317642075e-05 1.9129854044919772e-05 4.7619975206927845e-05 6.917056597120614e-05 8.031482802794968e-05 6.378518676322479e-05 9.267437858938735e-05 0.00012375272104468664 7.94499339587272e-05 7.303745107896125e-05 4.40576470102113e-07 5.225025742020334e-07 0.0 0.0 0.0 0.0 0.0 1.471780527378255e-07 0.0 0.0 0.0 0.0 0.0 0.0 0.0 0.0 0.0 0.0 0.0 1.1920345522754474e-06 2.316896994837285e-06 0.0 0.0 0.0 3.5253691177057384e-06 0.0 5.5510138397233735e-06 2.4584369113828483e-07 0.0 0.0 6.50314760289251e-08 0.0 0.0 1.4499182072040784e-07 0.0 0.0 0.0 5.889136035875356e-07 0.0 6.400300436045636e-08 0.0 0.0 8.845343750004216e-08 5.97475718006451e-08 1.5680223469177504e-07 2.1594332319315443e-07 1.4719350692135855e-07 9.749937909969808e-07 0.0 0.0 6.322078067136014e-08 3.978345680776719e-06 1.6981155365292056e-07 0.0 1.2501553504851905e-07 4.2991460765439717e-07 1.808086232853847e-07 0.0 1.209550205013456e-07 0.0 1.3720407552917727e-07 1.2714839612801851e-05 5.408399861667919e-07 1.5589045060029036e-07 9.266782731473972e-08 8.233274018130605e-08 1.1179041522712771e-05 0.0 0.0 2.526948363856266e-07 0.0 2.3795306099387955e-07 1.1348401814206528e-07 3.174898888804252e-07 0.0 3.020136109597224e-07 7.498724786971905e-08 0.0 4.324560523820598e-07 1.0693282840752819e-07 2.0537156203196008e-07 0.0 5.4329204457620425e-05 1.6390967313778589e-06 2.605925716333677e-06
3.115203775889957e-05 0.0010071843551921235 0.002080384559437314 2.7021422105421905e-07 0.000797708877686839 3.0411239225292077e-06 8.082330594333244e-05 0.002537653624670003 0.0011174259153060237 4.501072128357241e-06 0.0 5.066894057369041e-05 0.0007248235920058546 0.001902796572821998 6.3538328776659455e-06 1.439190639002418e-05 9.984149203197538e-07 4.4750476314313033e-07 4.29421440882191e-07 2.5602700842441795e-06 3.7187735594961755e-05 0.0 2.085896294652448e-05 4.131915490419403e-06 1.853352964235825e-05 2.1578064073927844e-06 1.4966120763926886e-05 1.873715369711329e-06 3.632600814738438e-07 1.0538402881472846e-06 0.0007215469802490641 0.0003924817160242708 0.0003545347246628666 1.889995416321061e-05 1.9361145953719356e-05 1.0216520514540776e-05 9.825593601800621e-05 3.304433104842972e-05 1.1342751471756667e-05 1.4571079107315149e-05 2.0670710314753143e-05 1.1198652036730888e-05 4.921581324159087e-06 8.233686356126413e-06 9.836317413022337e-07 7.734096523802427e-06 3.135955372051204e-05 9.896422935980584e-07 8.619375310690147e-07 2.985952079733406e-06 8.807166881331005e-06 2.897497398256502e-07 5.8351065544384834e-08 0.0 9.123949265801456e-07 1.1698514134406965e-06 6.951865523688639e-06 8.071674282230069e-05 3.5522266418263103e-06 9.134315592463032e-06 2.3143729827683e-06 3.732145305808796e-05 8.530461907438569e-06 5.7343487163589217e-05 3.396973251731276e-06 4.10625489705912e-06 2.0231531042949022e-06 7.055443889945025e-06 2.494145775391722e-05 3.8529662438608074e-05 1.915389391474726e-05 0.0 0.0 4.105523123212515e-05 6.309741912030425e-05 7.022113948271119e-05 4.964244424707302e-05 6.839693056249948e-05 4.618232599111755e-05 0.0006280513455684961 4.162439184176457e-06 8.719862362179189e-05 2.0389330484307193e-06 5.9520119335146374e-08 2.6695640656475764e-06 1.538627458143795e-06 6.885202276933093e-07 4.0575618216179904e-07 8.07364503919879e-07 4.141337549484491e-07 1.0728478045487381e-06 3.7007563115120186e-07 0.00011880037649117137 1.6192165163831637e-05 1.8935830175677663e-06 1.4286437552556224e-05 1.809125339887632e-06 6.165330189562863e-08 3.4474844142150062e-06 1.2338585250476223e-05 0.0 0.0 5.318277304415832e-07 7.058818480745653e-08 3.666893945194083e-07 0.0 0.0 2.0551278100247545e-07 7.311209837724978e-07 4.810628858368962e-07 2.2899527447257702e-06 1.2943193099657098e-06 3.6661185442722773e-06 2.0490856785484025e-06 5.595748050084952e-06 5.424181512556973e-08 1.369343703069421e-07 0.0 0.0 0.0 0.0 0.0 0.0 0.0 0.0 3.655289466709603e-07 0.0 0.0 0.0 0.0 7.998888398316103e-08 0.0 0.0 0.0 4.586003064934146e-08 9.568649638077154e-08 0.0 0.0 0.0 1.99857745830346e-06 5.701244879155117e-08 1.4229254419949732e-06 2.2151314255376012e-07 4.465932550192087e-08 0.0 2.615089686288108e-07 0.0 6.127437720323204e-08 1.7730165721322155e-07 5.635257213730976e-08 0.0 6.761860824807099e-08 2.292887961200724e-07 0.0 6.801809040109037e-08 0.0 0.0 3.258175752229782e-07 5.975766796779938e-08 0.0 5.023383206544419e-08 0.0 6.05654122879992e-08 0.0 0.0 0.0 5.607431319431522e-07 6.791704806210608e-08 0.0 5.8641727318795606e-08 2.8943188463213806e-07 5.3258130869763064e-08 2.0383730125951491e-07 5.5663774082456555e-08 2.6935647565724224e-07 8.959120675872092e-07 1.7339524974632525e-06 0.0 1.2255351803116846e-07 5.328431806867289e-08 6.27220648283085e-07 9.907429711179962e-07 0.0 1.5866153006002751e-07 0.0 1.8033879063205156e-07 0.0 1.4516845694340463e-07 3.391135140951489e-07 1.2069219748556842e-07 9.708475609247117e-08 0.0 0.0 1.7450345651051483e-07 2.8224128654523116e-07 5.331216022383029e-07 6.828870419345634e-08 9.33088473176779e-07 4.495636170247354e-07 9.870643150106977e-07
