0.0 0.0014778093880956807 0.000600035345053679 0.001077277945713215 1.2863261956529548e-05 4.1901450924714754e-05 0.00023890948567399002 7.149870231042329e-06 1.2379034948165205e-06 0.000581504233447269 5.0767329665456954e-06 0.00021747984211449345 7.320771560978656e-05 1.289039344361181e-05 5.934551676241568e-07 4.3448736444885805e-07 2.6376087968803066e-07 0.0 0.0 8.45866028905202e-08 1.029218407650769e-07 0.0 8.955022682576399e-08 1.909891903966666e-07 0.0 0.0 0.0 0.0 0.0 0.0 0.0005688392709174201 2.4911155840815248e-06 5.23036497504803e-06 0.0 1.0902901870007059e-07 2.0644969076182295e-07 2.3782092140495698e-06 6.931420283331662e-07 1.3615607788381866e-06 0.0 0.0 0.0 0.0 0.0 0.0 0.0 2.2225170001804626e-06 8.765783204435918e-07 0.0 0.0 8.945871319757898e-08 9.061176752648644e-08 0.0 1.0822881777292997e-07 1.3649663177447755e-06 2.588274369945535e-06 0.00018387194429595114 0.0005505985089481921 1.3429785622104895e-05 9.787416543077989e-06 2.5779142547899323e-07 3.6143934225006652e-06 6.522937548949042e-07 1.279098630239815e-05 9.632050476129793e-07 8.496790512108954e-07 3.0046541380670536e-07 1.5445381181191895e-07 1.6628573286307656e-07 1.617803476802277e-07 1.3124478412113312e-05 1.367873042800355e-05 2.2461296212270783e-06 8.49502020338753e-05 2.3388851976378603e-05 8.182224150923822e-06 6.22690400143811e-07 3.129475485622592e-07 3.965058991603008e-07 7.530659897120904e-06 8.410923867156457e-07 1.0005742632575776e-06 2.548824284165906e-06 3.4736359620230136e-07 7.135191974119395e-07 7.798674409478475e-07 2.339919149506896e-07 4.437331282504808e-07 6.321390114963597e-07 1.5444851336036981e-06 3.527693517959304e-07 1.56919693652447e-07 1.4387186086580595e-07 3.07739604724166e-07 0.0 7.244786225148143e-05 2.9390527520414718e-05 1.8405537329826646e-06 1.487636883919541e-06 0.0012115987572815575 0.0 3.614790200953714e-06 1.048267188548073e-06 6.288192611829994e-06 1.7680922263336099e-06 8.153084126604804e-07 6.728386451441826e-07 1.217224892091375e-06 1.1200628649385937e-06 0.0 1.1506983714636752e-07 2.947555855863821e-06 1.8429160736541075e-07 0.0 3.5851196919151447e-06 0.0 0.0 0.0 0.0 0.0 0.0 0.0 0.0 0.0 0.0 4.0476522453646904e-07 0.0 1.4425604051633056e-07 0.0 1.6406905769601683e-07 3.2245681920601016e-07 6.660816198573551e-07 2.665222155559911e-07 7.684195070568852e-07 1.398560369584904e-06 1.0391125596033414e-06 0.0 1.328150362772243e-07 0.0 3.539813808151902e-06 9.235058855565557e-07 7.902746106749246e-07 3.7850573727419215e-07 6.658976363587039e-07 0.0 0.0 0.0 0.0 0.0 0.0 0.0 0.0 0.0 0.0 0.0 0.0 4.6045408012958233e-07 0.0 0.0 0.0 0.0 0.0 0.0 9.743709459152734e-07 2.468294551572153e-07 7.01917103604642e-07 1.6621563533637148e-07 0.0 0.0 0.0 0.0 9.935548550237707e-08 0.0 0.0 0.0 0.0 4.2337120316391764e-07 1.1417134196395706e-07 0.0 0.0 0.0 0.0 0.0 1.0209663472321918e-07 8.722789930536134e-08 1.6280026079489012e-07 0.0 0.0 0.0 0.0 0.0 0.0 0.0 7.982613076511002e-08 2.5577995742173514e-07 0.0 0.0 1.5005924641635066e-06 6.137994382428372e-06 8.617228140788515e-06
0.0014778093880956807 0.0 0.0018477218955448666 0.0006677336402412376 0.0007614127524232516 6.733838839991015e-05 0.001372270296180557 0.00020575618304532963 0.00026943556955006715 0.0008466415144652459 0.0003981823034863984 5.411815214654972e-05 0.0007141447816558103 0.0012639666948590887 3.7589575071538405e-05 6.586332164987349e-06 7.530310539591892e-07 1.7060484329141874e-07 0.0 3.8812003933473984e-07 4.1733846931145275e-07 1.034367958616053e-07 7.578534148301632e-07 2.7823572400778065e-06 1.0317447314547076e-06 8.20822919080818e-07 2.8686578824199353e-06 6.820828814419016e-07 0.0 3.9807123672781587e-07 0.002127979778727705 5.552811125943239e-05 7.186929190153169e-05 7.504243561287046e-08 1.381040769120027e-06 1.3808626720998342e-06 1.2812170421984322e-05 3.886114969504854e-06 5.517370421854258e-06 8.182380657980303e-07 1.3268026510454549e-06 3.685394635417734e-07 2.9149646972676225e-07 8.375780162605975e-07 4.4277338388714904e-07 1.2233262083853716e-06 0.00011325426154219969 7.726955449798243e-06 1.1307422842943695e-06 1.6667067191899732e-06 3.5491115381330792e-06 0.0 1.4590494993360414e-07 0.0 4.778923627443631e-06 7.569903384892868e-06 0.000177259504835249 0.0010469941474897677 2.870770302961818e-05 7.101369347464421e-05 6.852478794654616e-06 2.1782926208488404e-05 1.3975048705967765e-06 0.00036024243181246283 9.199905619639087e-06 4.742526065725322e-06 3.739879066601469e-06 2.482627654706493e-06 3.1017221554267342e-06 2.6533595478246384e-06 2.0469615558559847e-05 7.002615445778948e-06 1.8594730361913463e-07 0.00038915669844365224 0.00036079990326636733 0.00020367126293860646 0.00010567335319333857 8.41014784549843e-06 7.5507473434165664e-06 9.991541095960601e-05 2.8076441047527822e-06 2.4950804849826837e-05 1.9218566899153063e-05 1.6434997559890163e-07 4.827002502053808e-06 4.453798221661573e-06 1.4830052871743027e-06 3.1820975604512833e-07 3.532020315582089e-06 8.471287033719824e-08 2.91061200659086e-06 7.134825062714222e-07 3.436673503281761e-06 4.139153423771916e-06 1.202850434583055e-06 1.8539307174021665e-05 4.038427053190844e-06 2.4052691195667783e-07 3.382145587911692e-06 0.0008544194913706909 3.950101642330637e-06 5.797945859605735e-06 5.79060157116157e-06 2.3795479035683414e-06 2.9952400569958416e-06 5.373392269070465e-06 5.046392417298809e-07 9.672684787252951e-06 1.2942448926260787e-06 1.7734240470126783e-06 2.435476217131147e-06 1.238538381323209e-05 2.3803618271931542e-06 1.2823364225175003e-06 8.805155437191387e-06 0.0 0.0 0.0 0.0 0.0 0.0 2.769464175725316e-07 2.5691699779711503e-07 6.979128390520713e-07 1.5732993400981737e-07 1.1056677737088429e-06 1.664914609386406e-06 4.067159519598373e-06 2.3710777453972628e-07 4.935041865877114e-06 1.0564325041311394e-07 9.393138129590014e-06 3.440340288821449e-06 3.1795212885115646e-06 2.0922707566622576e-05 6.428094663912181e-06 8.677524277251717e-07 3.95145969265092e-06 1.5876034703332661e-06 1.278967510174028e-05 5.216227411041467e-06 9.890863745836108e-06 9.815725636320193e-06 9.14942947046738e-06 3.232484387900817e-07 1.3532539580255965e-07 0.0 0.0 0.0 1.1803690543644776e-06 0.0 7.367776610900416e-08 3.4269368767216044e-07 9.593482679088718e-08 0.0 2.877978549797131e-07 5.926605545049958e-06 6.528508715829224e-07 2.419907388176134e-07 0.0 1.672239245188883e-07 1.8668212116982917e-06 3.5488513222546463e-06 6.336741156634382e-07 9.030489447596872e-07 5.025272384573575e-06 7.550283621794469e-06 4.546100054279618e-06 0.0 2.902325906430817e-07 1.0041174824245646e-07 0.0 1.864911384744288e-07 0.0 0.0 0.0 2.853257693621516e-06 4.977707123836987e-06 0.0 2.494305210932255e-07 1.5331766558516562e-07 3.6014181151026258e-06 3.851862917416039e-06 7.180659363478316e-06 1.7707014886320307e-06 2.788532795545272e-06 4.761446871600446e-07 8.903853102516672e-07 0.0 0.0 7.057401478261923e-08 0.0 0.0 2.3486783908964434e-07 4.348101955686141e-07 4.762071223297691e-07 0.0 2.409335409470953e-06 1.7718561493237836e-05 2.0853566158011347e-05
0.000600035345053679 0.0018477218955448666 0.0 0.0002595091752500029 0.0006003365261403209 3.918531750490772e-06 0.0001696527260965936 0.0014153475616645824 0.00013120434505729762 3.9361985427220616e-05 0.0009186419861231944 7.451288277005165e-05 0.0001262938481238538 0.0010489536960184341 3.719817407800572e-05 2.0729168959791817e-05 1.0497104810374235e-06 1.0623675336180542e-06 4.057105197063697e-07 9.845516973401298e-07 3.0740680943565242e-06 1.8221255036509436e-07 8.500560000553399e-06 1.526845159621841e-05 1.2578132123073623e-05 5.078554930978407e-06 1.7598021279631472e-05 1.3469358976207685e-06 1.2494568637330346e-06 2.8174731577178478e-06 0.0022723274122589585 0.00030118588642542437 0.00028225522014624946 6.594886894716026e-07 1.476367058846565e-05 7.015887641567842e-06 4.99447830575706e-05 1.3023534570925656e-05 1.0814648798254484e-05 4.566544973744952e-06 1.1229419558341196e-05 4.3690862889385596e-06 1.4165176806399566e-06 1.1785303619012106e-06 2.2526267721505737e-07 5.970860692408384e-07 8.854301085755494e-05 2.829777102312727e-06 2.4725309222057085e-06 4.354144692826366e-06 8.039888927938364e-06 6.392889095453594e-07 1.1556989473327862e-06 6.645967991317912e-07 2.0503521159102685e-06 4.486361469160018e-06 5.9624482807151684e-05 0.0004990947792752525 1.146055446352088e-05 3.1104270878431365e-05 7.723904068260168e-06 8.273638789404599e-05 3.0187997432018905e-06 0.00032275430105075905 4.105772396632706e-06 2.4383341769350684e-06 2.5850232952141894e-06 5.502328147090457e-06 6.188402104392687e-06 1.2549124035351949e-05 3.4934544055671765e-05 8.139856315360234e-06 3.7618142275684156e-07 0.0001593894548871882 0.0002070253376307444 0.00012407620053911584 0.00011994228894368934 1.1784887076148795e-05 2.1135592873496164e-05 0.0008677924391500079 2.1065670165266263e-06 0.00012573449713228002 7.042562796172903e-06 0.0 2.1984188812670722e-06 1.3251503202678117e-06 4.65677875235828e-06 2.1459953881552337e-07 1.7377047404931927e-06 7.328925232138671e-08 8.11996201137728e-06 1.2963898434126822e-06 2.0714456644499322e-05 2.616993029828958e-05 6.191386027384378e-06 2.055012737713424e-05 2.274446966715984e-06 0.0 2.5833956466642583e-06 0.0001731330912907836 2.3159476457646497e-06 6.895318846252255e-07 4.132915979558885e-06 3.673405095833678e-07 3.3186742116975382e-06 2.5898081080522115e-06 0.0 6.86245817014816e-06 1.3085236389751603e-06 1.105627319692855e-07 2.590637915233877e-06 1.0749962255428702e-05 9.489844271339916e-07 9.047816309357795e-07 9.586340648305756e-06 4.080171126946906e-07 8.120955876203827e-08 0.0 0.0 9.735613812650162e-08 0.0 1.9479889690120374e-07 6.003567655670455e-07 8.103926567235862e-07 0.0 1.8901467861983122e-06 1.1726723844303198e-06 2.2723137702582e-06 1.2486455107855234e-06 4.3407930357876494e-06 4.263725372163656e-07 8.608463410319906e-06 3.456573209412668e-06 3.4557825026053192e-06 2.1116629210580617e-05 7.414208500996612e-06 1.2011307321901453e-06 3.893989463247124e-06 1.3902330019819981e-06 1.0596382250362114e-05 6.197308259369074e-06 1.0497839577008137e-05 1.309573707873191e-05 8.946311619653474e-06 0.0 2.563636626126634e-07 0.0 1.0703649541683827e-07 0.0 2.1394261278706235e-07 0.0 7.978373942709817e-08 2.97630074721164e-07 0.0 0.0 4.590650078194488e-07 5.9195591012389275e-06 4.838696283351524e-07 0.0 0.0 8.716712203621527e-08 1.2642253303174051e-06 1.4787145100805658e-06 0.0 3.4333916363070866e-07 5.183617642976978e-06 8.94170389170907e-06 2.7230005247247792e-06 2.620560984003264e-07 1.9043588625904238e-07 0.0 9.564759396332709e-08 0.0 2.4277224334534664e-07 9.350552432229816e-08 0.0 2.057457486599537e-06 2.0145475610123497e-06 0.0 2.588155299153428e-07 4.002922646600647e-07 8.350417177319792e-06 3.620593368355668e-06 8.453102012814539e-06 9.365094828236429e-07 1.7074151825554842e-06 2.0590793604395876e-07 1.5305134217486364e-06 0.0 0.0 1.8583360392815254e-07 0.0 1.7911313317580211e-07 2.193564157183308e-07 9.235134175168616e-07 2.197824837482649e-07 2.877363325867116e-07 2.764913207590608e-07 1.2255210688096888e-05 1.792500138562096e-05
0.001077277945713215 0.0006677336402412376 0.0002595091752500029 0.0 1.740753055846603e-05 0.00043924137238886594 0.00047361407121916064 3.896799952452085e-06 1.969613866614923e-06 0.0012941972993238474 7.92315113725085e-06 0.001001976140521168 0.00094321405035408 0.00013172176464476873 6.874662895292316e-07 1.9952463383621716e-07 0.0 0.0 0.0 0.0 0.0 0.0 6.756776291272505e-08 7.261738035025772e-08 0.0 0.0 0.0 0.0 0.0 0.0 0.00010831951447836661 1.6996030494705527e-07 3.1729064204376333e-06 0.0 6.078145425837679e-08 0.0 2.956806941091645e-07 0.0 1.741175993114471e-07 1.235069614931863e-07 0.0 0.0 0.0 7.520900184139957e-08 0.0 0.0 2.7579178047636782e-06 8.161457083368934e-07 8.581331271254273e-08 0.0 1.9392558690510872e-07 0.0 0.0 0.0 8.508118816364926e-07 8.157092520385406e-07 4.599923907086127e-05 9.201304544970338e-05 4.15199793088649e-06 5.298211029302049e-06 1.9170105068137355e-07 5.795420970165219e-07 0.0 9.937713308900133e-06 5.112345565119709e-07 3.261674428658636e-07 2.4814088556160696e-07 1.4700804370800102e-07 0.0 7.934632688646426e-08 1.3482537360903168e-06 6.709751028003355e-07 0.0 3.6691550596286125e-05 1.1968958275877749e-05 4.466773802271694e-06 1.5999587353336917e-06 4.1348483775563454e-07 1.6883549081227092e-07 2.2918480428129136e-07 9.426551339870419e-08 3.8100312543507645e-07 1.300619868074735e-06 0.0 2.6869238878510286e-07 1.542295481595131e-07 1.5524424540718713e-07 0.0 4.4452074900319456e-07 0.0 7.971606976228883e-08 9.719432206255119e-08 7.599621277599281e-08 8.178486268149589e-08 1.4077207111458599e-07 1.2814496425449074e-05 2.9633540277321885e-06 0.0 2.2103885570910134e-07 0.0006843582484627169 6.476155754899673e-07 1.430441217754015e-05 2.547534064953933e-05 1.6924217581116487e-05 2.5036933989494894e-07 3.436312237431666e-05 3.399681252005021e-06 9.746092924085479e-06 1.085397243030648e-05 4.6571187461641735e-06 3.200902064911296e-07 1.3484945514272991e-05 2.833524199785306e-06 3.41103810692338e-06 7.725187742800942e-06 0.0 0.0 0.0 0.0 0.0 0.0 0.0 0.0 3.667665282587537e-07 0.0 0.0 0.0 0.0 0.0 1.2311277855490167e-07 0.0 2.0758692983689764e-07 0.0 7.702491835215004e-07 2.461324333931539e-06 1.8500307459728384e-06 0.0 2.560810371342764e-07 3.7440293009173293e-07 1.7125889233458003e-05 1.500137615724654e-07 2.1544102705549657e-06 1.284652714534673e-06 3.0116542662211e-07 0.0 0.0 0.0 0.0 0.0 0.0 0.0 1.0758051034373084e-07 0.0 0.0 0.0 0.0 2.176205068815635e-07 0.0 7.48416371525471e-08 0.0 0.0 0.0 2.051300702043864e-07 1.8172300399203803e-07 0.0 0.0 1.5410505162386492e-06 4.105901185081762e-07 0.0 0.0 0.0 0.0 0.0 0.0 0.0 0.0 1.4655783639726991e-05 1.6938786354507583e-07 0.0 0.0 0.0 1.3702275193104395e-06 4.3759159389638357e-07 5.53386920884648e-07 1.0605952627371384e-07 1.6999531334953233e-07 0.0 0.0 0.0 0.0 0.0 0.0 0.0 0.0 0.0 0.0 0.0 1.4822699927443405e-06 8.690766419711778e-06 1.0482227847547144e-05
1.2863261956529548e-05 0.0007614127524232516 0.0006003365261403209 1.740753055846603e-05 0.0 9.613732289172796e-07 0.0014467718181651623 0.00031862191499707675 0.0017232882688037207 8.228755271026664e-05 0.001176059845396511 7.844379294647602e-06 0.0005569670884896289 0.002319512752311537 9.782797122898422e-06 1.6266603169981617e-06 1.1231905099032777e-07 0.0 1.519785414108117e-07 0.0 8.375407600678227e-08 1.1264870620272706e-07 8.893806411292146e-08 1.5283769405365235e-07 1.7539669754987593e-07 2.1871107636582267e-07 2.4602549756397e-07 0.0 0.0 1.085141381159277e-07 8.685725203545713e-05 1.7465659235192822e-05 1.1053491010011368e-05 0.0 2.6139693079093356e-07 0.0 2.8095328198642143e-06 1.0197841213043418e-06 1.3887823327664782e-06 1.1081809833329254e-07 8.572089251700016e-08 7.346087297340223e-08 0.0 8.016247967347778e-08 0.0 1.2906235658509395e-07 2.826112306253732e-05 1.6943455983616283e-06 3.6875778483143164e-07 1.541681313257244e-07 9.446422551223215e-08 0.0 0.0 7.488591613765953e-08 4.4313177604290837e-07 7.699099907237509e-07 5.044238941053425e-06 3.8856183345201856e-05 2.3109953228745473e-06 7.73612440995846e-06 1.865652224137608e-06 6.4250240705973655e-06 5.496225551667174e-07 5.1135902169032355e-05 1.1925866080576782e-06 3.3075196020216547e-07 4.7598611859423106e-07 4.125729055063634e-07 5.147933798143648e-07 1.676007150245127e-07 3.297805024918254e-06 2.6013716665374497e-06 0.0 2.7438152292896234e-05 4.049895553742092e-05 3.6609828429567704e-05 3.0212248158507264e-05 1.0304768224928426e-06 9.42034961192753e-07 8.87754760385632e-06 2.0372202207339975e-07 4.440614881892446e-06 1.8218955770572357e-06 0.0 3.505563836200517e-07 3.679330693294455e-07 3.6997322465513993e-07 1.1152269986977384e-07 3.4292789251867146e-07 0.0 5.669604323419711e-07 2.1058004889883882e-07 2.1688054300877376e-07 7.670028403266367e-07 7.756951075003058e-08 3.05471442740565e-06 2.2793292914292276e-06 0.0 1.4778365865259317e-06 5.117335038643373e-06 1.0103666499195872e-06 2.1896741139084182e-07 3.6664210499361794e-07 0.0 7.952924361612898e-07 1.4052815233674547e-06 0.0 5.331185572749993e-06 7.899117601947633e-07 1.4102969147825588e-07 1.1507281764178954e-07 3.991589772251704e-06 7.846940676528942e-07 6.823950200343315e-07 3.941099993522804e-06 0.0 0.0 0.0 0.0 0.0 0.0 3.313859115784155e-07 0.0 1.0178511955108173e-06 3.751534933513671e-07 1.2577341714315818e-07 1.1755150940326652e-07 1.5575613369811376e-06 0.0 1.8777381268642746e-06 4.637200821755e-07 4.039015229124906e-06 2.121712087335658e-06 8.877875414887174e-07 7.1080677209479e-06 3.0002875880865784e-06 1.886566546794438e-07 5.570784010707809e-07 1.3054303193827517e-06 5.076911765224186e-06 2.1210804210058982e-06 2.613620130451922e-06 4.619750778602033e-06 4.5327557118734155e-06 2.0585986313654878e-07 0.0 0.0 0.0 0.0 1.241034207207743e-07 0.0 0.0 1.8857529957315533e-07 0.0 0.0 0.0 2.2574932257256966e-06 2.0854064490636535e-07 0.0 0.0 0.0 5.809850231533109e-07 3.2317828537908746e-07 3.262022339405495e-07 5.793735127442175e-07 2.343316324398207e-06 4.881520662510736e-06 1.0963059196105343e-06 0.0 2.1099464823076384e-07 0.0 0.0 0.0 0.0 0.0 0.0 7.806953791105088e-07 5.166707690431932e-07 0.0 0.0 0.0 1.6135452802491207e-06 1.8057565731186365e-06 2.9437112651441163e-06 8.298950379772846e-07 1.1608674368627308e-06 0.0 1.1665953902208395e-06 0.0 0.0 0.0 0.0 0.0 0.0 0.0 0.0 0.0 1.759953611022031e-07 4.2196069053577894e-06 6.410566134379769e-06
4.1901450924714754e-05 6.733838839991015e-05 3.918531750490772e-06 0.00043924137238886594 9.613732289172796e-07 0.0 4.3406817614748174e-05 9.601119701858246e-07 5.611293290048015e-07 0.000415739054081878 3.6053144670928256e-06 0.00014787571439563922 9.883797077500827e-05 2.203300160944109e-05 0.0 0.0 8.06478098873851e-08 0.0 0.0 0.0 0.0 1.0872656050839661e-07 0.0 0.0 1.450976330736436e-07 0.0 0.0 0.0 0.0 0.0 4.381144119123971e-06 3.2346000429011686e-07 1.3577026237596286e-05 0.0 0.0 0.0 5.642324910624041e-06 0.0 4.310044878954349e-06 1.0733634567501804e-07 0.0 0.0 0.0 0.0 0.0 0.0 0.0 0.0 0.0 0.0 0.0 4.1544441476665986e-06 0.0 0.0 0.0 7.523885522866974e-07 1.2478208983590041e-05 5.119278942595035e-07 5.948373413292617e-07 0.0 0.0 1.7108311718241456e-06 0.0 8.425497309990389e-08 0.0 0.0 2.039093275825733e-07 0.0 0.0 0.0 4.541531111273768e-05 0.0001882121618291196 1.3652802775440955e-05 1.8969892150977094e-07 2.476076625118881e-07 0.0 0.0 0.0 0.0 3.4812746861586754e-06 0.0 3.587437300317796e-07 0.0 3.2914595315368135e-06 0.0 1.2816897543607834e-06 0.0 6.465272879475155e-06 1.6964169122832126e-06 9.611149671261577e-06 3.8979414635705975e-07 2.8269551816659497e-06 0.0 1.2074867442366793e-07 6.772015564364966e-07 6.514440717206746e-05 7.905966029094067e-05 2.0698012114942513e-05 6.115780687954879e-06 0.00010630369406573752 0.0 7.439018026911031e-07 1.035758322474203e-06 2.7298085351114185e-06 0.0 0.0 0.0 0.0 0.0 0.0 0.0 1.441354794765125e-07 0.0 0.0 0.0 0.0 0.0 0.0 2.213429655919882e-07 0.0 0.0 0.0 5.599707110844398e-07 0.0 0.0 1.1028324656701286e-06 1.493586114225267e-07 8.63881757670525e-08 3.921697626518608e-07 0.0 3.0600547797528636e-07 3.253048378158257e-07 5.015494118008626e-07 3.0876867044352003e-07 0.0 0.0 0.0 0.0 0.0 4.017505030920841e-07 0.0 0.0 0.0 0.0 0.0 0.0 0.0 0.0 1.6750491072479324e-07 0.0 2.332282126737371e-07 1.839576676908424e-07 0.0 0.0 1.371258882495015e-07 1.190051218580164e-07 2.3767606808557685e-07 4.351897927074275e-07 0.0 0.0 0.0 0.0 0.0 0.0 0.0 0.0 9.063274897238391e-08 0.0 0.0 0.0 0.0 0.0 0.0 0.0 0.0 0.0 5.532049864765994e-07 1.4907760037915994e-07 5.175679478401256e-07 5.147258467555957e-07 0.0 9.834805942165945e-08 0.0 4.5399745773446063e-07 0.0 0.0 0.0 0.0 0.0 0.0 0.0 0.0 0.0 1.0203596301328594e-07 1.5838149005087632e-07 0.0 0.0 0.0 8.295980750740448e-07 7.370974558300866e-07
0.00023890948567399002 0.001372270296180557 0.0001696527260965936 0.00047361407121916064 0.0014467718181651623 4.3406817614748174e-05 0.0 3.3754893685684635e-05 0.0009816814852224877 0.0010722169645718338 0.0005859016601743267 0.00026487552609863897 0.0024214837873308206 0.0032330734807097822 1.961444278367482e-05 3.502868468631229e-06 1.7340206929175194e-07 7.186406013235831e-08 4.965649802819544e-07 1.0620287568477902e-07 1.8890584893418122e-07 0.0 2.706121134676539e-07 6.638950042284989e-07 2.5210867009208597e-07 4.788820859241474e-07 1.6685602582460604e-07 1.553950460568072e-07 3.1947688883631114e-07 1.9015452128184426e-07 0.00017527447838594214 1.735170852440248e-05 2.4071258328504906e-05 1.6082106280994015e-07 2.7806160098148373e-07 1.0879465489380365e-06 9.60565555018805e-06 1.532960799680087e-06 4.7339951302850976e-06 1.0574985279937258e-06 5.503036853017509e-07 7.520556806229886e-08 3.471341104735416e-07 4.917642031653278e-07 0.0 2.6899537477284105e-07 5.683503196934153e-05 3.357468178666217e-06 5.269261135753489e-07 5.332535687501215e-07 3.915338366973936e-07 3.155383566265254e-07 3.754361560859469e-07 0.0 2.2254888894218876e-06 2.6325632217396905e-06 3.7556664093364695e-05 0.00015295878663999153 9.466427878660638e-06 2.5052400966228227e-05 2.882012904934733e-06 1.5345072005457504e-05 4.702554889996087e-07 0.0001213009347483299 3.3180627133868003e-06 1.570896098336431e-06 1.5076687129287568e-06 8.346675935278849e-07 3.6759779464130275e-07 1.0593661685187785e-06 8.573876375383125e-06 3.900871545154365e-06 7.427392107768454e-08 0.00010778518780086794 0.00011813195243574606 9.032990657622199e-05 5.405930186083444e-05 3.559359524567163e-06 1.8086347630352344e-06 1.0446150626993035e-05 1.0176451128804858e-06 1.0410249634440124e-05 6.565500420681804e-06 0.0 1.6413413929730144e-06 1.4577425024185895e-06 5.646239102121214e-07 0.0 5.635080065167756e-07 6.681733625913112e-08 8.68204978698803e-07 0.0 8.809317748723068e-07 8.246719929623868e-07 4.894496994454077e-07 1.883762678014933e-05 2.3735040114861406e-06 0.0 2.4822062250725596e-06 0.00010884087428699497 8.29666682353039e-06 8.645325637483866e-06 6.453679712251647e-05 3.7604480951380455e-05 5.110068628060837e-06 4.777411479300668e-05 7.590245297194546e-06 2.5588374497844227e-05 2.5768566893249785e-05 1.1919010109051305e-05 4.550016543242012e-06 3.677295310487055e-05 4.025791174546441e-06 4.851357862559577e-06 1.8938057038510234e-05 0.0 4.785165529981063e-07 0.0 0.0 0.0 0.0 0.0 5.834256452951379e-07 6.70004995006047e-07 2.929374212853342e-07 2.6173863465607603e-06 2.316296425822673e-06 7.404971933265239e-06 2.632851429437628e-07 5.69768814088294e-06 0.0 1.1854336593474271e-05 3.973975081564136e-06 4.174793852721932e-06 3.759452908337591e-05 1.0416844856081734e-05 1.089558022090937e-06 4.26890431826504e-06 1.7921271152784972e-06 2.698422705629146e-05 4.7146790920889265e-06 1.6821533403814482e-05 1.498741940375288e-05 1.5408677174869282e-05 1.1368713564519838e-07 0.0 1.026653939714794e-07 0.0 0.0 2.3556717011672122e-06 0.0 2.7419337741682895e-07 5.806496491153208e-07 0.0 1.2080341618958453e-07 0.0 7.240867879585476e-06 0.0 4.237201322467122e-07 2.6746497730478314e-07 3.4047867040567905e-07 3.3799863059096016e-06 3.919287355755161e-06 4.293603845270292e-07 9.368986796414616e-07 9.268194836306162e-06 1.6387162657458372e-05 9.160024988877031e-06 6.033554109642484e-07 6.496695218163537e-07 2.0076809652625727e-07 0.0 0.0 0.0 0.0 0.0 1.8568507447813765e-05 1.7840295625007208e-06 0.0 1.8697794030795076e-07 2.2706704430604775e-07 1.1018446599423989e-05 8.281700203675383e-06 1.4122372384140948e-05 2.7618709724478584e-06 1.9060659227152525e-06 1.5283219255585262e-07 5.540354518510038e-07 0.0 0.0 0.0 0.0 0.0 0.0 2.0655683336287682e-07 8.779799977656141e-08 2.2201534052171966e-07 4.361044427959616e-06 2.874588910591746e-05 4.107482886190079e-05
7.149870231042329e-06 0.00020575618304532963 0.0014153475616645824 3.896799952452085e-06 0.00031862191499707675 9.601119701858246e-07 3.3754893685684635e-05 0.0 0.0001312116422477047 2.2557533180575706e-06 0.0017171326462686997 2.682687648856021e-05 3.902273212541402e-05 0.0007264227828201291 3.698315638189186e-05 2.7383867399671632e-05 2.176771642367252e-06 1.6932725268692413e-06 4.6401781504005705e-07 2.502333516866394e-06 1.7430607683835168e-05 1.0791804399902883e-06 4.6565664206225453e-05 6.137864806631775e-05 3.181096142552587e-05 1.134033473389413e-05 4.5129807376131074e-05 1.9514655927344402e-06 1.9980758841097362e-06 6.306706555242559e-06 0.0010352223549532527 0.0016604323623111046 0.00022873420061434406 2.829287177168377e-06 5.6827268169957354e-05 1.9569784468426286e-05 7.426396023714691e-05 2.9106170187906603e-05 2.1658256400496976e-05 1.048845651171741e-05 2.8820118294726345e-05 1.015091565976486e-05 4.5685787582616815e-06 2.494956623044185e-06 2.318791504099606e-06 5.10392877644478e-06 7.108662824050071e-05 1.561306136988496e-06 3.5298572148202386e-06 7.939515988230048e-06 1.653375674139909e-05 1.66087261051992e-06 1.7418670396061475e-06 5.181970621206805e-07 4.2596352631335673e-07 1.0354052890008378e-06 1.0188863935995026e-05 0.00010107255716721263 3.8222717826961765e-06 9.934966720275142e-06 0.00010102424695648284 0.00022226666327242517 1.1637778571116974e-05 0.0006640878003752919 1.207385891722839e-06 3.026430171625295e-06 3.5198946108228083e-06 7.611081375637184e-06 2.0787115664854372e-05 5.519923575084487e-05 4.8396959471044765e-05 6.278918837580771e-06 2.860444667791692e-07 4.398856757584216e-05 0.00015454279158433966 6.965383551493424e-05 0.00015519452466458014 0.00010001294374797051 0.0008615284167478248 0.0021649992222936352 4.8749529055135046e-05 0.000861606295093784 1.7561177879263595e-06 0.0 6.036388684976073e-07 5.196339775917019e-07 1.180392923786251e-05 1.922729704966542e-07 5.45201157861113e-07 1.5611999568390883e-07 1.4599806762716897e-05 1.7527429667507132e-06 6.199879325376789e-05 5.247586158376276e-05 9.77096609599589e-06 7.438812304423896e-06 3.5436763004722346e-07 0.0 1.7949474960026397e-06 5.972551633020472e-06 6.4092623228668e-07 0.0 1.1675224546937422e-06 0.0 5.129917883097362e-07 7.641795163632651e-07 0.0 2.7741405047393452e-06 9.985546236753706e-07 0.0 3.7121582424338073e-07 3.2125567893002535e-06 5.06988418546543e-07 1.598867892637352e-07 1.710597159467964e-06 9.865880711622573e-08 7.597300216789433e-08 0.0 0.0 0.0 0.0 1.0643722955606125e-07 1.8082354635798085e-07 2.0075554739865775e-07 0.0 1.9269529490015097e-06 9.813267640373803e-07 3.0415410288306282e-06 8.080052426344066e-07 5.933882058270101e-07 3.0145039924064175e-07 3.978517375215293e-06 2.7145368056656853e-06 2.7225546860752133e-06 6.482282498545239e-06 1.9118124048199005e-06 3.006966195296982e-07 8.409279068339121e-07 9.491708695413658e-08 1.7502256154798673e-06 1.5593338872834984e-06 3.20571079622508e-06 5.463468261498029e-06 4.697051448665003e-06 0.0 3.766021569418434e-07 8.189101799344123e-08 1.9492297865123904e-07 0.0 1.8102887144572632e-07 1.9124635747665772e-07 0.0 0.0 0.0 0.0 3.6081550344640867e-07 3.3253658337379508e-06 7.058106117054597e-07 0.0 0.0 1.0277503273744916e-07 4.2368872527620335e-07 5.996609316545971e-07 0.0 1.9639528750539617e-07 1.8152580882649255e-06 1.7382408881540448e-06 1.3390189690749282e-06 1.856931853375856e-07 2.651745348760299e-07 8.290627408400688e-08 0.0 6.953998778026072e-08 1.0421167189170754e-06 0.0 0.0 1.8165023643818404e-07 1.64148561790461e-06 2.1578627895206442e-07 3.922430952579719e-07 1.6144710904302003e-06 2.9642876803418476e-06 1.4434987396345232e-06 3.438390473553868e-06 4.090706495233321e-07 7.029574952065994e-07 1.2551474739672514e-07 3.196579353050986e-07 8.37015199375085e-08 0.0 0.0 0.0 0.0 1.1853540819824704e-07 7.885278975422527e-07 2.37259953668479e-07 1.3725820982750536e-07 5.039832098500465e-07 2.795294272947136e-06 4.679102054550914e-06
1.2379034948165205e-06 0.00026943556955006715 0.00013120434505729762 1.969613866614923e-06 0.0017232882688037207 5.611293290048015e-07 0.0009816814852224877 0.0001312116422477047 0.0 2.115532174756447e-05 0.0006867111505198852 1.0530884975525376e-05 0.00045618465603775314 0.0007341962122719402 4.056035702165818e-06 1.4050728203848979e-06 7.424697864094315e-08 0.0 0.0 0.0 0.0 0.0 0.0 2.493004907710772e-07 2.279419811558939e-07 0.0 1.7033768534239864e-07 0.0 0.0 0.0 1.8145142683761833e-05 4.941828894817857e-06 1.7349359453145024e-05 0.0 0.0 1.8780567356155162e-07 4.387930999039941e-06 2.939776390250588e-07 2.5705476498862945e-07 8.717567233245695e-08 8.036933847449246e-08 8.891594014377893e-08 0.0 7.09240863886589e-08 0.0 9.796413435511873e-08 1.117856720855358e-05 5.063591241943897e-07 0.0 7.499660428639243e-08 0.0 0.0 0.0 0.0 0.0 3.389950170408221e-07 2.3289032260086163e-06 5.994134201379002e-06 1.6548159209355008e-06 1.709735100842087e-06 1.4566469778606911e-06 2.0714635548737023e-06 3.3194212169907626e-07 1.293709854578835e-05 2.1225696876371326e-07 6.593423409370191e-08 3.361582125450316e-07 0.0 0.0 2.630702305957434e-07 2.6547509300187237e-06 4.134603107620581e-07 0.0 7.956535113838655e-06 1.051626534122177e-05 1.1332376444764938e-05 1.0879570005419823e-05 4.7316818436008077e-07 2.9838502800218e-07 1.8820226871413108e-05 9.377586767580045e-08 2.439398903040273e-06 5.020558228105149e-07 0.0 0.0 8.321921368458135e-08 0.0 0.0 0.0 0.0 1.3540066573069497e-07 2.5207181750806665e-07 1.8054023784939295e-07 2.9064319735301444e-07 0.0 3.433166354318745e-06 5.427581637416794e-07 0.0 5.114982496350631e-07 6.352036748671588e-07 1.627270455457863e-06 1.4084060884868703e-06 8.649413858866851e-07 1.1001491691072999e-07 1.1733243553851419e-06 3.015955543351834e-06 0.0 6.242368891824649e-06 2.6006825697865276e-07 0.0 5.717509453774884e-07 5.661202716643337e-06 9.651098449809584e-07 6.240797270379286e-07 1.6858803393798993e-06 9.263590889865329e-08 0.0 0.0 0.0 0.0 0.0 0.0 1.426116390983828e-07 0.0 0.0 2.687260621740055e-07 5.249655250586898e-07 1.742116389095022e-06 6.960583685911647e-07 9.656052716231076e-07 0.0 1.6614838169904812e-06 5.357707399493691e-07 1.47005653102298e-06 7.950395535434677e-06 2.3576879752733384e-06 2.639358596067614e-07 6.476817486977002e-07 1.1941720018756364e-07 5.952292236976424e-06 7.631397456978538e-07 4.165120195336929e-06 5.7895732071005135e-06 4.594355815083722e-06 0.0 0.0 0.0 0.0 1.9543712032089194e-07 4.3323512792541953e-07 0.0 0.0 1.1605258099937205e-07 0.0 0.0 0.0 1.557974601299488e-06 0.0 0.0 0.0 1.6813342269689822e-07 2.985937185660061e-07 1.170606801753057e-06 7.689604918134321e-08 2.9949592694896314e-07 2.2873450792825954e-06 2.3132387666161156e-06 2.025777564803678e-06 0.0 6.976816333290785e-08 0.0 0.0 0.0 0.0 0.0 0.0 8.385566495136662e-07 6.898973119920537e-07 0.0 0.0 0.0 1.9606661275180345e-06 1.036782780844384e-06 3.0152644347665027e-06 0.0 2.4390748921410787e-07 0.0 3.1253137205150665e-07 0.0 0.0 0.0 7.204978846270441e-08 0.0 0.0 0.0 0.0 0.0 1.150561541886346e-06 6.938139437698534e-06 1.0340303988814206e-05
0.000581504233447269 0.0008466415144652459 3.9361985427220616e-05 0.0012941972993238474 8.228755271026664e-05 0.000415739054081878 0.0010722169645718338 2.2557533180575706e-06 2.115532174756447e-05 0.0 2.2111247065505996e-05 0.001210164323159906 0.002547056268997797 0.0002669862624867458 4.397737114608989e-06 9.594358882649117e-07 1.8968809237640446e-07 7.29455142681187e-08 0.0 0.0 0.0 2.426415858772867e-07 0.0 1.7156305394148124e-07 0.0 7.165112236255594e-08 2.5408954460571083e-07 0.0 5.524575154809656e-07 0.0 8.499995410273104e-05 3.2106156671443183e-06 3.0083169732084354e-05 0.0 0.0 8.945345386503232e-08 1.7140392032341067e-05 9.284468018423042e-07 4.812123918582327e-06 2.8735400953646014e-07 1.3088168824684877e-07 0.0 1.450133285187605e-07 1.0997280499416387e-07 9.295670955590319e-08 0.0 1.2390436454630607e-05 7.609606371918416e-07 0.0 3.0525955932101814e-07 8.864598177093523e-08 3.413704532640247e-07 0.0 1.8568063000062065e-07 7.470118441047014e-07 9.64757413816043e-07 6.137273518563745e-05 6.544672354183422e-05 3.846876734856072e-06 6.455464932143297e-06 3.4800984771059585e-06 7.40821239619101e-06 1.314112726084067e-07 2.5351176706133397e-05 6.787798094841734e-07 4.047988420410825e-07 3.686067109697312e-07 1.429035289500397e-07 1.4385435666456734e-07 0.0 7.375935203603496e-05 1.3964526905144887e-05 1.0790595871102934e-06 3.540585422402327e-05 2.9197063096873143e-05 1.8930652525430445e-05 4.9208559433323306e-06 8.257656298731845e-07 7.657093860352588e-07 4.2378368448128346e-06 3.259454953067753e-07 5.77892754185539e-06 1.6821596627573616e-06 0.0 3.708332776559726e-07 4.0220291125030974e-07 1.0135791272352183e-07 2.755179965134628e-07 6.127534967100295e-07 7.924672369695485e-07 3.786317936024445e-07 3.069799323253986e-07 2.666868692999578e-07 4.1063422363105573e-07 0.0 0.0003805839895034884 2.059865805759419e-05 9.928027890976941e-07 4.121605688672129e-06 0.000651466000399064 1.967169897625113e-06 3.3789473238336035e-05 3.898936247383233e-05 3.4110684384317904e-05 6.2882805488636735e-06 3.8767004463268205e-05 9.579539101868563e-06 3.6727796351437615e-05 2.8643022447783236e-05 1.6229813846977545e-05 5.0895002167351866e-06 5.3577383674620624e-05 1.386572989618156e-05 7.853010840436414e-06 3.448334812702791e-05 0.0 0.0 0.0 0.0 0.0 0.0 0.0 0.0 1.0273670108257664e-06 0.0 7.613844698502092e-07 1.6327667808561267e-06 3.6401737330302096e-06 0.0 3.0854585171045735e-06 4.632537464105422e-07 6.483265472144765e-06 3.42838540370604e-06 2.237819056167115e-06 2.8648686668214244e-05 1.5169881334653674e-05 9.174189439436048e-07 2.4886278266464726e-06 2.6826795630203155e-06 0.0001181527480353353 4.273931780686602e-06 1.7785030403372772e-05 1.5160112059249914e-05 1.1983459926028205e-05 0.0 6.177206165180286e-07 1.052333701989404e-07 0.0 0.0 5.556953394264149e-07 0.0 7.410619990717943e-07 7.898332613965876e-07 3.961129332576469e-07 0.0 5.489474481161825e-07 5.075153291553328e-06 0.0 3.2207702957686735e-07 7.815975440279076e-08 1.888188557240529e-07 1.970656251423195e-06 2.117614837535287e-06 5.2672572369127295e-06 6.651365978995348e-07 5.323066156796424e-06 1.2251123739633818e-05 4.005288793613119e-06 0.0 7.795996185967229e-08 0.0 0.0 0.0 0.0 4.842910145035278e-07 0.0 5.0920910216947706e-05 2.455663696304409e-06 3.843545683497569e-07 0.0 1.3700781095586832e-07 1.4517921041312202e-05 3.936019142976994e-06 8.433989604549342e-06 7.641443403079205e-07 2.0651755477977124e-06 3.178230553922259e-07 1.9580509476943277e-06 0.0 0.0 0.0 0.0 0.0 0.0 9.73530458625013e-08 0.0 0.0 1.8889841942840538e-05 0.00012724013121000893 0.00013217517464685552
5.0767329665456954e-06 0.0003981823034863984 0.0009186419861231944 7.92315113725085e-06 0.001176059845396511 3.6053144670928256e-06 0.0005859016601743267 0.0017171326462686997 0.0006867111505198852 2.2111247065505996e-05 0.0 0.0002794377000395193 0.0010071161698840087 0.0032592663906898687 3.872798738137973e-05 3.31144985155885e-05 1.4338331233777942e-06 1.0857297061181088e-06 1.469889933747623e-07 9.517862170179396e-07 2.765111683748248e-06 1.470174390988822e-06 5.080143609550694e-06 7.448808072642261e-06 1.0017369793591442e-05 4.230169098103001e-06 1.3330522488495035e-05 1.2644598704696512e-06 1.15078524669586e-06 3.2833499698462332e-06 0.00013691363157878732 9.25683882648244e-05 0.0008499665397649629 4.1922468204860313e-07 9.199174994651958e-06 6.512622048084286e-06 0.00015821491573775337 1.216014507933026e-05 2.290310738667652e-05 4.6634238972982054e-06 1.087998394034965e-05 4.3854997468305975e-06 1.3746261717103552e-06 1.3447529144707073e-06 3.9349938649705727e-07 6.438919494188356e-07 7.759834557782776e-05 1.4725202147481346e-06 1.9254091393040527e-06 3.0715121891355213e-06 7.849567281585099e-06 1.2494438116468325e-06 1.8355483448553208e-06 1.1759879372126277e-06 5.791246351671186e-07 1.1393938428680675e-06 8.759572963452979e-06 2.9477883655535608e-05 4.085537583466524e-06 1.3260493500765882e-05 4.1525136062694125e-06 7.690288253835967e-05 1.6248426742838118e-06 8.173368139678227e-05 1.444259660115749e-06 1.4040205068012524e-06 1.7668665224287925e-06 3.208756868755685e-06 4.288617314985857e-06 8.720201500658833e-06 8.867073483508956e-05 9.658408400462745e-06 6.830484998649607e-07 4.147848732913725e-05 6.282612470553909e-05 8.274008159097559e-05 8.891938102018435e-05 6.37110484069548e-06 1.0362780687171227e-05 0.001230225253863028 6.174109802998801e-07 0.00015543898539583823 2.145826766626737e-06 9.894460558036399e-08 8.205263722050643e-07 5.069927961491939e-07 3.526013816298702e-06 1.70096786799919e-07 1.5471949193195902e-07 1.5727357159951509e-07 7.365063347939865e-06 2.2811034623759743e-06 1.6202605258204347e-05 2.2286361410789567e-05 7.907082889031695e-06 5.809345221977242e-05 5.332827403490639e-06 0.0 4.291230371206576e-06 4.786813762577501e-06 3.7459137005197654e-06 8.128833511885021e-07 3.2042737317292874e-06 3.4163499086081975e-07 1.9667589245626175e-06 4.17295851952538e-06 8.735552039371016e-08 1.523341004193914e-05 3.715405156890293e-06 2.1765946444047467e-07 2.9969710666432594e-06 1.435632957631997e-05 6.568035921927897e-07 1.1074823676247496e-06 1.3362540454356036e-05 3.9694849031173046e-07 1.4216142284616537e-07 8.843376428752654e-08 0.0 1.7308458443565892e-07 0.0 1.5350403348015435e-07 9.50123945046191e-07 7.986106962269391e-07 3.03011564114566e-07 2.31373647209539e-06 9.152314838410454e-07 3.7588714416229125e-06 1.1952851424033513e-06 3.8596815020316855e-06 1.1433970642472405e-06 1.3097171938902964e-05 4.8232180490386065e-06 3.826950725853065e-06 2.835102077787309e-05 1.0771244824504286e-05 5.8435692592719e-07 1.7786838328430168e-06 8.127297811618858e-07 1.5682149135787958e-05 7.769989693091353e-06 1.6195285422241367e-05 1.9255399600784243e-05 1.3170579566567524e-05 0.0 7.152879165358102e-07 1.781984439682657e-07 1.902156090192634e-07 2.1207317154602603e-07 1.4398509174969569e-06 0.0 4.138340214224131e-07 6.639269079482447e-07 9.653445900422649e-08 3.2087963416919287e-07 1.059321889533666e-06 9.164636330672129e-06 9.54682631422169e-07 1.8277399498083982e-07 2.6219850398784135e-07 3.6213724760683336e-07 2.4437047316358904e-06 3.852766473231302e-06 5.870841164944726e-07 4.481079987806754e-07 6.415566666783322e-06 1.2653808292734959e-05 5.4400423871176945e-06 1.052138479539266e-07 0.0 0.0 2.6191471114874733e-07 1.494043620272537e-07 2.9934343735193727e-07 2.9621060135772646e-07 0.0 4.862570995504942e-06 2.6102812739210344e-06 3.476081148048455e-07 9.232710597734987e-07 5.793283271917476e-07 1.0811865599210738e-05 5.5647056690660215e-06 1.0121865174495814e-05 1.5161914954721293e-06 3.2681647865363144e-06 5.578331183959093e-07 9.676302698877086e-07 0.0 0.0 0.0 0.0 6.419860467838039e-08 7.886050613268541e-08 1.064861295509508e-06 3.452662712487945e-07 9.95662748317294e-08 2.39003204458969e-06 2.3488163375386197e-05 3.211154543200354e-05
