0.0 0.0019742435630716636 0.0002025090100852061 0.00045290388489021253 5.760798814864007e-05 6.904257907384937e-05 0.0002598517727904548 8.030164984503323e-06 2.0405402668336023e-06 0.0009239840560671937 4.3251361514158436e-05 0.00011352297934890712 0.00027660027644340696 2.2610854817816523e-05 1.5560760753514005e-06 0.0 0.0 0.0 0.0 0.0 7.989633114004018e-08 0.0 0.0 0.0 0.0 0.0 0.0 6.993174371202646e-08 0.0 0.0 0.00013925988872934546 1.492361746074275e-07 1.0806588958725997e-06 0.0 0.0 0.0 4.43402199130119e-07 6.58237969062453e-08 1.1092949853237667e-07 0.0 7.817936622581683e-08 1.1716645522291992e-07 0.0 1.1300229716897442e-07 0.0 8.641535280948947e-08 1.1233755507485033e-05 1.0288921913285026e-06 1.9066502591651276e-07 8.030623322372973e-08 2.3758129789844642e-07 2.641073253829201e-07 0.0 7.881609260986413e-08 4.749149216982296e-06 3.265692049093927e-06 0.00011565556549916766 0.0001386897216867522 3.642645230000552e-06 4.876977919250203e-06 0.0 1.9860323301771852e-07 0.0 3.6763368311927264e-06 9.956761365324291e-07 1.2650160153690986e-06 6.701502388887891e-08 1.9947650575620045e-07 7.589180997740397e-08 0.0 1.901059276533177e-06 8.958452237002302e-06 1.826877779251279e-07 5.005036094164888e-05 1.5815156046769374e-06 2.4351657957814704e-05 5.525942853546728e-07 2.985639698960952e-07 2.5538866580489707e-07 7.299450154658015e-08 1.5976576986801844e-07 2.576815547335606e-07 2.3170694601651003e-06 1.6124983079018712e-07 1.593645494750193e-06 1.5354575779623505e-06 7.301312557793432e-07 3.3186335736320334e-07 4.5167855704771436e-07 2.4651478051994395e-07 3.6409466568352913e-07 0.0 2.2474734135822316e-07 0.0 0.0 1.769723426409822e-05 1.1162790570606022e-06 3.8618485195846135e-07 0.0 0.000617052487272183 7.363753990471573e-07 1.780479777267528e-05 6.128218956309804e-06 9.36883831867728e-06 5.789334672827541e-06 1.2278605548168855e-06 2.499736495708897e-05 9.62221441568817e-07 5.698191664512336e-06 2.1371248293188604e-05 1.1705400764445508e-06 6.399114881799388e-06 2.0113654850727886e-05 8.766531146781213e-06 6.029458023414096e-06 0.0 0.0 0.0 0.0 0.0 0.0 0.0 0.0 0.0 0.0 0.0 0.0 0.0 0.0 0.0 2.0074812643782868e-07 0.0 0.0 0.0 2.279235511472153e-06 6.029492527709216e-07 0.0 0.0 0.0 1.5017097709746497e-06 0.0 2.0321180290311108e-07 8.787406441623319e-08 3.6799554855012695e-07 1.6291731846453816e-07 0.0 0.0 0.0 0.0 0.0 0.0 0.0 0.0 0.0 0.0 0.0 0.0 0.0 0.0 0.0 0.0 0.0 3.7765504996036087e-07 2.912279532585155e-06 1.168778427159515e-06 0.0 2.815615477176747e-07 0.0 0.0 0.0 0.0 0.0 0.0 0.0 0.0 0.0 1.4203874015270458e-05 3.5762890538492756e-07 0.0 0.0 0.0 1.31217923733933e-06 0.0 0.0 0.0 0.0 4.5390193029077817e-07 0.0 8.09133136133771e-08 0.0 0.0 0.0 0.0 0.0 0.0 0.0 0.0 3.933981214745779e-05 4.530055252796013e-06 5.335163600310611e-07
0.0019742435630716636 0.0 0.0012233807186408541 0.00019492937974876294 0.0021543843207970717 5.439369462014213e-05 0.0012035796107074089 0.00021782005293855065 0.00010036629738606752 0.0005689087376633145 0.0008758105009033704 4.56725209178444e-05 0.0003979058475683204 0.0006078071923619074 3.539724914471515e-05 3.5929165417133806e-06 7.011935918094573e-07 5.596820390086536e-07 6.528805883602585e-08 9.622175483850758e-07 1.1267765728143233e-05 1.8078201541000324e-07 2.4574360025454434e-06 3.7163078978435775e-06 3.017163881884227e-06 5.668567753297424e-06 2.08869178494711e-06 3.2835864629180897e-06 3.9902374313634e-07 4.2918151671389846e-07 0.0009575583191823547 3.796512550596961e-05 7.704053637086142e-05 2.981470938880287e-07 1.7987487415402712e-06 1.7454123369369731e-06 4.742912936418901e-06 1.7172855457129415e-06 1.5373288307297175e-06 1.91339385319532e-06 1.032644766795637e-05 6.956488093817647e-07 2.2483555795737694e-06 1.3868881465127736e-06 4.4293981540285764e-07 8.957172644563493e-07 0.00010927462163808043 1.069074632774372e-05 2.315558724936401e-06 3.379258350810033e-06 9.895109638250155e-07 8.143239769045764e-07 7.332167293050261e-07 4.902270194625995e-07 2.343682665521132e-05 2.1682735195776596e-05 0.00040007974387685976 0.0005366955401393109 1.157390346715493e-05 3.833233802839764e-05 4.51632942456809e-06 3.970878357104115e-06 9.204901869399918e-08 0.00011046910856775983 9.403991559542964e-06 1.101534428994999e-05 1.1518649266063796e-06 1.9769210806420534e-06 1.2374221192096808e-05 6.68907705306136e-06 3.3374939005192788e-06 6.778199417225241e-07 0.0 0.00036687972955942234 4.1962192824816826e-05 0.00028756402696468897 2.409779455306692e-05 2.1601634295048016e-05 2.1890066630489346e-05 8.01689918882503e-05 7.457225902391365e-06 2.96075590743763e-05 2.9448611658273872e-05 9.721488365510325e-07 1.7128705976501802e-05 1.1215274667865075e-05 4.840737760372437e-06 3.427526740772716e-07 2.0790266182456897e-06 7.272492310936552e-08 2.0896497480635613e-06 1.8183928197505015e-07 8.405052733287685e-06 3.929512598272721e-07 4.7291688309474196e-07 5.293728865604808e-06 1.1466996205407008e-06 0.0 6.217948684400524e-07 0.000904664134711637 4.0253078739166e-07 2.6208509996649145e-06 2.28926573775994e-06 5.879980640446493e-07 4.07707680313712e-07 4.025896486220348e-07 1.3165425693648488e-06 8.998456913715589e-07 1.3273159957046337e-06 3.1443611468272316e-06 1.3237159948716913e-06 2.206220758826952e-06 4.810786091069722e-06 2.9971786757170995e-06 4.3214269680442475e-06 1.2797019277897693e-07 0.0 0.0 0.0 0.0 0.0 0.0 0.0 0.0 0.0 0.0 0.0 0.0 8.45028726439877e-08 0.0 0.0 0.0 0.0 0.0 1.0117178910858053e-06 1.0132001308267837e-06 0.0 0.0 0.0 1.3431376217974757e-06 0.0 1.3995236979034237e-06 1.1042309020353621e-07 9.59660898984256e-07 3.3558408506059455e-07 0.0 0.0 0.0 0.0 0.0 0.0 0.0 0.0 0.0 0.0 0.0 0.0 0.0 0.0 0.0 0.0 0.0 1.25205323479656e-07 1.9180946380995268e-07 0.0 0.0 1.9427207264865726e-06 4.5363065063041607e-07 0.0 0.0 0.0 0.0 0.0 0.0 0.0 0.0 9.920031352327544e-06 0.0 0.0 0.0 0.0 4.982792303252389e-07 0.0 6.053251853807902e-07 0.0 0.0 3.5827386525279765e-07 0.0 0.0 0.0 0.0 1.528879918620696e-07 0.0 0.0 0.0 0.0 0.0 1.3059105364791714e-05 1.8356564014926115e-06 1.9682816097299624e-06
0.0002025090100852061 0.0012233807186408541 0.0 6.091068081426395e-07 0.0002148468094474225 4.708996795581814e-07 1.7047906729355205e-05 0.0013843671544655884 5.8537059850399736e-06 9.915302437262385e-06 0.0018610164268206917 1.357327785251905e-05 5.549983117563985e-05 0.0003708233001661004 2.7643049654343936e-05 1.1159969342837305e-05 5.917679854447216e-07 1.6509046309417291e-06 3.6469784743679684e-07 5.9905705486659705e-06 7.967617446755584e-05 1.039389806865504e-06 1.6634777359923262e-05 2.6917618976268552e-05 1.1903012789611102e-05 4.1019488496775584e-05 9.384860127479781e-06 2.2510244240959007e-05 1.2088384808673113e-06 2.372563441025178e-06 0.0025079936328038775 0.00045613294098432024 0.0005767254384945007 2.046220143827646e-06 1.0278262894201909e-05 5.613451732965914e-06 3.379492367140299e-06 1.0645870634758714e-05 4.441576049129365e-06 1.039162375141241e-05 7.820939221457941e-05 3.7698323475836925e-06 9.174614066756986e-06 2.2719523189038295e-06 3.046542179007223e-07 1.180971420615737e-06 4.400946569861446e-05 3.2909060191311898e-06 3.3814179172797894e-06 4.689207202813454e-06 9.015373724020172e-07 3.001009922940055e-06 5.563977044928354e-06 3.1464356957607216e-06 9.072074117460533e-06 7.895542273111565e-06 0.00014951698172265834 0.0004530292501831944 4.059408891907656e-06 8.123955995721315e-06 1.4382452341461638e-05 2.626390041009748e-05 0.0 0.00010876972039665363 3.038278732937106e-06 3.7491336473379873e-06 4.497311854497745e-07 1.5842543503861964e-06 5.263525450718417e-05 2.826677736855352e-05 1.0130542373102921e-05 2.1430505483251015e-06 0.0 0.00012719134582059988 2.309599658139623e-05 0.00010726604286666647 2.4666216685974726e-05 2.8857956071019986e-05 0.00016502306857756413 0.0010920579510107456 4.1569115979824385e-05 0.0002742111154058808 1.0493280525979237e-05 4.187646983711253e-07 5.463090444615158e-06 5.1617049579605135e-06 6.1114667557026575e-06 9.283926956182922e-08 7.185708228915124e-07 0.0 4.869767617550583e-07 0.0 4.05851541605377e-05 2.2260248010867896e-06 1.0127564005751236e-06 8.071538458817901e-06 1.6854089805873313e-06 0.0 3.19553901550941e-06 0.00015089792664610538 0.0 8.447977963028843e-07 2.648520183672829e-06 3.7442338029676114e-07 2.9886935253739815e-06 1.6033999811194936e-07 2.26397661946172e-06 0.0 2.8772480763957517e-06 5.747771392173975e-06 2.4175288517206644e-06 3.40363688396593e-06 1.0107357062595277e-05 6.598242266030953e-06 7.95151011550251e-06 5.41630027579903e-07 0.0 0.0 0.0 0.0 0.0 0.0 0.0 0.0 0.0 0.0 0.0 0.0 0.0 0.0 6.421373859945323e-07 0.0 1.3637108350255013e-07 0.0 2.8832934764504174e-06 9.707394822261186e-07 0.0 0.0 0.0 4.750699200301429e-06 1.4007188398803514e-06 3.373803378787667e-06 1.1290060001216842e-06 5.652654697365682e-07 2.4736070282474737e-07 3.454355629598546e-07 0.0 0.0 2.3231207545217605e-07 0.0 0.0 0.0 1.6903163441459142e-07 0.0 0.0 6.097373076137561e-07 0.0 6.101511192391019e-07 0.0 0.0 0.0 6.475356832944788e-07 3.8263836877036683e-07 0.0 6.312701361076365e-07 6.375908671329161e-07 2.2165833779450904e-06 8.128737332451023e-07 0.0 0.0 0.0 0.0 0.0 0.0 0.0 0.0 1.6171575371591173e-05 7.513774936045339e-07 0.0 0.0 4.082532276802209e-07 2.9890465182718053e-06 0.0 1.0212887816711363e-06 0.0 7.26609680242972e-07 2.0908688980068946e-07 0.0 0.0 0.0 0.0 0.0 0.0 0.0 0.0 0.0 0.0 1.9974590098476846e-05 6.0623964952999406e-06 6.595083803489077e-06
0.00045290388489021253 0.00019492937974876294 6.091068081426395e-07 0.0 6.984408911630153e-06 0.00013785416426391182 0.0009184720070540188 7.410329554349752e-08 1.6575216583318603e-06 0.0011831108340743838 3.1884514745083227e-06 0.00034169413351419284 0.0003694919654287524 1.5200384629019918e-05 1.696493790742125e-06 7.354573056219051e-08 6.269133254375165e-08 0.0 0.0 0.0 1.6623282789453375e-07 0.0 0.0 0.0 0.0 9.361328247282217e-08 0.0 0.0 1.1776426067483063e-07 1.0072387177597476e-07 7.307956532122008e-06 6.145519763213541e-08 0.0 0.0 0.0 8.871963775218575e-08 1.5016847651754369e-06 1.1439287260760659e-07 0.0 0.0 1.2345915968737265e-07 0.0 0.0 1.0778804822197586e-07 0.0 0.0 5.044761150317019e-06 1.48142424439561e-07 0.0 1.7167193819210465e-07 6.250367454425369e-08 0.0 1.0811551186731081e-07 0.0 8.756079453363917e-07 1.1342348130655634e-06 1.669511767296151e-05 1.0123024051866123e-05 5.428491502600445e-07 1.7124169013388796e-06 0.0 2.41526730455691e-06 0.0 2.572693549080943e-06 2.4986267862140096e-07 4.5823663596525765e-07 0.0 0.0 1.4199187570804965e-07 0.0 2.149506570211712e-06 1.084505895767584e-06 0.0 1.274230925556085e-05 1.16559252148911e-06 1.0874766408762047e-05 5.192737743668169e-07 0.0 0.0 0.0 2.2296112248503812e-07 6.898182323705735e-08 1.0367228233288223e-06 0.0 4.425669203752639e-07 3.5489112479264716e-07 0.0 0.0 6.753071806073265e-08 2.423212000297685e-07 1.3208387576024251e-07 0.0 6.713602338524279e-08 8.030752004636687e-08 0.0 2.295358221346267e-06 1.6007719185149487e-07 0.0 0.0 0.0002794686679848128 1.0593962565114228e-07 1.9065679025163472e-06 9.106699035844074e-07 0.0 0.0 0.0 2.6148180806993022e-06 0.0 5.545886586946998e-07 1.8335129312110958e-06 7.049196521870993e-07 1.5070219820212229e-06 5.917870315102797e-07 1.1003038028838504e-06 0.0 0.0 0.0 0.0 0.0 0.0 0.0 0.0 0.0 0.0 0.0 0.0 0.0 0.0 0.0 0.0 3.6218770358798e-07 0.0 0.0 1.370246803494766e-07 0.0 0.0 0.0 0.0 0.0 1.3350535130008205e-07 0.0 8.79437382283434e-08 0.0 0.0 0.0 0.0 0.0 0.0 0.0 0.0 0.0 0.0 0.0 0.0 0.0 0.0 0.0 0.0 0.0 0.0 0.0 0.0 0.0 0.0 0.0 0.0 0.0 0.0 0.0 0.0 0.0 0.0 0.0 0.0 0.0 0.0 9.427094153527704e-07 0.0 0.0 0.0 0.0 3.1371979068487205e-07 0.0 8.44365303938746e-08 0.0 0.0 0.0 0.0 0.0 0.0 0.0 0.0 0.0 0.0 0.0 0.0 0.0 3.5761716967152914e-06 1.0749764070648127e-07 0.0
5.760798814864007e-05 0.0021543843207970717 0.0002148468094474225 6.984408911630153e-06 0.0 4.0210247992741185e-06 0.001289699382799918 0.001054368787247493 0.003327185969165807 0.00013883674763442744 0.0023583443585057278 1.3015285847844091e-05 0.0012037649206699946 0.004288429001156974 1.744235049624136e-05 1.216534874365491e-06 8.543387682619009e-07 1.504337539136727e-07 1.540937065046482e-07 6.807097909441629e-07 5.668093362860641e-06 2.4024114938424075e-07 1.0671063852054632e-06 3.016553268184966e-06 1.576622401620003e-07 3.576960170023038e-06 3.129816016074652e-07 1.5378821699163469e-06 0.0 3.828761037999493e-07 0.00015015607378290286 3.090605182972563e-05 4.1034204562286015e-05 3.189628459199735e-07 1.1359837904192058e-06 8.930243318140301e-07 2.557825235004089e-06 1.1198187844298514e-06 1.0097699469608446e-06 1.915434623034583e-07 4.736279594734998e-06 5.759370953194198e-07 1.1721143730778333e-06 1.2326281672560134e-06 6.676193804670966e-07 4.7206035540845837e-07 4.8134158183647384e-05 3.3160656863436914e-06 1.412067535917982e-06 1.986434969346668e-06 4.26878883920605e-07 2.266454865376522e-07 9.931124859440419e-07 6.881775880345397e-07 5.468271699647845e-06 5.6641728123277196e-06 6.035497528621503e-05 0.00011881046964384044 1.7541563894515274e-06 1.5290638622829885e-05 3.0030512816642545e-06 2.2107119824836367e-06 0.0 6.55647564449963e-05 2.9954206578891665e-06 2.2100584401630935e-06 1.2792808750607696e-07 7.776205018984006e-07 6.637060432293733e-06 2.8687399868033347e-06 1.0250126500881845e-06 6.826463499603674e-07 1.722848638100023e-07 9.824017348460645e-05 2.2412887558718773e-05 0.00010866162951435348 1.7359524566146523e-05 1.8176794581710348e-05 5.9246389367427545e-06 5.113796093701592e-05 5.775151270099331e-06 1.3316582838179237e-05 7.1679605564927075e-06 2.539523972573681e-07 4.6207422842339515e-06 2.5203851031118663e-06 2.7457201189200516e-06 3.5078774729775565e-07 8.534644976906116e-07 5.803125703704174e-08 3.927914102830693e-07 6.919954708410388e-08 5.28924407060867e-06 4.830101582391129e-07 5.938187336120618e-07 2.051615687545255e-06 2.813676846157992e-07 0.0 4.059152454328728e-07 5.007625483387075e-05 1.0114552429518606e-07 0.0 4.5302944273221045e-07 2.881524078966366e-07 3.5571094531794116e-07 0.0 4.002293650840676e-07 0.0 1.112926115268724e-07 1.0165522329123649e-06 7.241341388367636e-07 5.435338489557953e-07 1.9177034331125444e-06 1.9129014472416164e-06 3.0342041780882323e-06 0.0 0.0 0.0 0.0 0.0 0.0 0.0 0.0 0.0 0.0 0.0 0.0 0.0 0.0 0.0 0.0 0.0 0.0 0.0 4.2851878669783097e-07 0.0 0.0 0.0 0.0 7.997489602415128e-07 0.0 4.042046655580907e-07 0.0 8.986487173081644e-08 0.0 0.0 0.0 0.0 0.0 0.0 0.0 0.0 0.0 0.0 0.0 0.0 0.0 0.0 0.0 0.0 0.0 0.0 2.1226852605531091e-07 0.0 0.0 0.0 5.239268704965116e-07 1.7997443605767748e-07 0.0 0.0 0.0 0.0 0.0 0.0 0.0 0.0 1.8353576405352523e-06 0.0 0.0 0.0 0.0 1.8529220879531037e-07 0.0 0.0 0.0 0.0 1.0863910691205135e-07 0.0 0.0 0.0 0.0 0.0 0.0 0.0 0.0 0.0 0.0 3.808530332245854e-06 6.232471350283336e-07 5.104261380826073e-07
6.904257907384937e-05 5.439369462014213e-05 4.708996795581814e-07 0.00013785416426391182 4.0210247992741185e-06 0.0 4.285357707391658e-05 1.014409449663274e-06 7.796654593638733e-07 0.0004707835012355226 1.6639659134250333e-06 8.605444126863086e-05 8.235998349375607e-05 1.3940282885702114e-05 0.0 0.0 0.0 0.0 0.0 0.0 0.0 3.53231352601481e-07 0.0 0.0 0.0 0.0 0.0 0.0 1.3157194390881107e-07 0.0 5.232807982904298e-07 7.032800656628943e-07 8.848069441795754e-07 0.0 0.0 0.0 1.3825333424135458e-07 1.483263528344664e-07 4.314515808986668e-07 0.0 0.0 0.0 0.0 0.0 0.0 0.0 5.480789174156255e-07 0.0 0.0 0.0 0.0 1.101090572787394e-05 1.789762542811755e-06 1.1799529986458906e-07 0.0 3.5510382675982567e-07 2.5441016499915596e-05 5.820814716643833e-07 3.548147442354364e-07 0.0 0.0 2.5812944534823864e-07 0.0 5.850836834033296e-07 7.086416667071278e-08 0.0 0.0 0.0 0.0 0.0 8.091895349526923e-06 0.00021821127716244081 8.428980556814904e-06 6.606297797550313e-07 0.0 1.004221511265495e-06 0.0 0.0 0.0 2.1131994147672368e-07 0.0 0.0 0.0 1.591117749784966e-07 0.0 7.329881328972232e-08 0.0 8.187202646759394e-07 4.3340403980813417e-07 6.879189421371029e-06 5.079701334794033e-07 9.568815583829052e-07 0.0 0.0 0.0 7.116398437118427e-05 5.1687034388393034e-05 2.6954873015068467e-05 1.2506974090217706e-06 0.00013037508852754156 2.5813396013274543e-07 6.729953557563984e-06 1.9272439470499447e-06 9.556207829988418e-07 2.3618229268101305e-07 1.5030590917519558e-06 3.826496480979401e-06 1.1619896852842556e-06 3.4096157672860575e-06 6.834837138041057e-06 0.0 1.3131596925887403e-06 6.937012943794377e-06 1.495608170577096e-06 1.3035284849186105e-06 5.546301532721109e-07 0.0 0.0 0.0 0.0 0.0 0.0 0.0 0.0 0.0 0.0 0.0 2.7819120655700305e-07 0.0 0.0 3.992264449648888e-07 0.0 0.0 0.0 2.6270423068676667e-07 0.0 9.076225058319256e-08 0.0 0.0 3.762391524694952e-07 1.3427289738205932e-07 8.998250585882582e-07 1.2901594500774008e-06 7.935423147672408e-07 0.0 1.7132012851679065e-07 0.0 0.0 0.0 8.85154091849149e-08 0.0 0.0 0.0 0.0 0.0 0.0 7.729465167114043e-07 0.0 0.0 0.0 0.0 0.0 0.0 1.5218823843199144e-07 1.8415838718862725e-07 0.0 9.386718348441629e-07 0.0 0.0 0.0 0.0 0.0 0.0 0.0 0.0 0.0 5.7559920404861295e-06 2.6633760057553534e-06 0.0 0.0 0.0 2.0409026655324813e-07 0.0 4.454079303157107e-07 1.3751757704062653e-07 0.0 2.711548603768503e-07 0.0 0.0 0.0 0.0 0.0 0.0 0.0 0.0 0.0 0.0 1.3973580288408882e-05 3.309739110090161e-06 4.6709558756445344e-06
0.0002598517727904548 0.0012035796107074089 1.7047906729355205e-05 0.0009184720070540188 0.001289699382799918 4.285357707391658e-05 0.0 0.00013254201943963011 0.0013555715962552137 0.0020566456074920126 0.0013209110696408577 0.00020413137944597868 0.002053395254150648 0.0032265703758483423 3.385368310647353e-05 4.018633631992859e-06 8.264906286652044e-08 9.244122478537203e-07 1.6812458803452154e-07 1.0029764776481844e-06 6.649035549229036e-06 2.350380347246368e-07 1.1775696013741985e-06 2.3337703787091e-06 1.0628866047882888e-06 3.1423999855070483e-06 6.394646771876427e-07 2.123480358816382e-06 3.0623598464846647e-07 2.4218192328984584e-07 9.574752472019572e-05 2.9528360424663784e-05 2.9000926907954552e-05 4.3192243802583574e-07 1.5080253219935502e-06 1.4651403545335492e-06 3.4498280204865306e-06 1.3954842198766893e-06 1.325746960867304e-06 1.0477851249927417e-06 7.581419009003549e-06 2.686955732853939e-07 3.03572213806267e-06 1.1360611415460328e-06 3.630901370360538e-07 9.258317059173912e-07 8.891662131716699e-05 5.280778102647068e-06 1.828029311027138e-06 2.4675748290301154e-06 7.023849551080483e-07 5.262533313191462e-07 3.61495169451002e-07 5.521107399381957e-07 8.409447968699855e-06 6.683667310673635e-06 9.389555385589812e-05 0.0001212209013851798 2.278785859655306e-06 2.3430534752284704e-05 5.263950726515773e-06 4.3833063972935065e-06 2.143449725069269e-07 7.722476334678718e-05 3.427215836789878e-06 3.4749186191297725e-06 7.028179273043562e-07 1.0317446027356206e-06 1.5920671146360933e-05 3.7342315541669067e-06 6.159690472199806e-06 4.97004190839401e-07 1.1605532749681309e-07 0.00014741470737210174 2.5686358750549613e-05 0.0001701194798495659 2.8563971870173817e-05 2.1926070210296852e-05 8.232525783242741e-06 2.0342401762253175e-05 7.0784022920657544e-06 2.2248801183698897e-05 1.0939898020500159e-05 9.463296781896102e-07 5.905579343189085e-06 4.163452842424516e-06 3.1134088093449535e-06 3.426381305046469e-07 4.6171644429230323e-07 0.0 1.126211452112133e-06 1.1509765337019108e-07 7.2294822763120195e-06 3.537910441117223e-07 4.4360799260458004e-07 1.0652808266375205e-05 1.2205883111462551e-06 0.0 7.704440610825813e-07 0.00017458764315930777 1.5004856863936613e-07 1.9495291796492624e-06 6.683448485393654e-07 2.723024477141683e-06 1.4784304515301881e-06 2.3228047850379483e-06 3.7164798795079833e-06 3.0341524216455537e-07 3.3219742906088577e-06 3.7585280087585778e-06 1.6464135381483635e-06 2.5076998710979363e-05 8.101206607287284e-06 3.53857106641491e-06 6.256780454995846e-06 0.0 0.0 0.0 0.0 0.0 0.0 0.0 0.0 0.0 0.0 8.742385643028052e-08 0.0 0.0 0.0 0.0 0.0 1.064923595949215e-07 0.0 0.0 1.4832956225736574e-06 1.3066786376397263e-07 0.0 0.0 0.0 1.171134599408209e-06 8.475830475641448e-07 9.539748386983877e-07 0.0 1.6175435795881637e-07 0.0 0.0 0.0 0.0 0.0 0.0 0.0 0.0 3.734435193849242e-07 0.0 0.0 0.0 1.6448117874812752e-07 0.0 0.0 0.0 0.0 0.0 4.121361168404512e-07 4.751161175080819e-07 0.0 0.0 6.042211460844643e-07 1.0292890779645865e-07 0.0 0.0 0.0 0.0 0.0 0.0 0.0 0.0 1.2277208647669806e-05 0.0 0.0 0.0 0.0 1.965842764579467e-06 0.0 2.854338587596163e-07 1.7842226623058875e-07 1.2981503841909018e-07 0.0 0.0 0.0 0.0 0.0 0.0 0.0 0.0 0.0 0.0 0.0 1.4734014859587112e-05 2.612706911847035e-06 2.325951780681493e-06
8.030164984503323e-06 0.00021782005293855065 0.0013843671544655884 7.410329554349752e-08 0.001054368787247493 1.014409449663274e-06 0.00013254201943963011 0.0 0.0004503905395902535 6.066952174593889e-06 0.0032872043771182266 1.551328678023481e-05 9.476234752419142e-05 0.0014255115551411032 2.4698116332118224e-05 7.281339587346634e-06 9.574657704075508e-07 2.7199209390253354e-06 4.4528587300751794e-07 7.0007900492961724e-06 9.87847654234757e-05 9.240540367810499e-07 2.405873181961877e-05 3.279809345125998e-05 2.5301767879248675e-05 6.107589316999664e-05 1.6906491066651424e-05 3.3121615357109645e-05 2.04284489529251e-06 3.73092154099631e-06 0.00039179942927955013 0.0005203984158680486 0.000665058053798602 4.895170417904578e-06 2.0252439424612866e-05 1.55733251152591e-05 1.2588538541538138e-05 2.4211600405541158e-05 5.484736666174983e-06 1.56558469626216e-05 0.0001026732369620747 3.763102117969957e-06 1.2106998687214783e-05 6.457699150864762e-06 1.939955546386869e-06 2.438084403853259e-06 4.047044868817674e-05 2.5371316929542097e-06 3.4765262859094093e-06 9.851356005531035e-06 1.913790489010042e-06 3.899692861006147e-06 7.925210176212222e-06 4.7384521875576364e-06 2.943568265134293e-06 2.315843020044369e-06 3.0756643766148654e-05 0.00013442825188575856 6.763211641296022e-07 6.831002341150573e-06 4.037708986942779e-05 9.741234075990968e-05 9.163898138488002e-07 0.00010791059525887687 8.532947079868001e-07 1.4626872561865558e-06 2.7490174438013397e-07 2.0435714157239705e-06 7.448968979312436e-05 3.4874304305280524e-05 6.988876721658007e-06 3.116634601064473e-06 0.0 4.9368448484086944e-05 2.3234118610654845e-05 7.74449083669835e-05 4.190592924223014e-05 0.00027927964613325655 0.0008801721538052848 0.0013656537629304327 9.660321345264626e-05 0.0007817729953304455 4.8824897622899675e-06 1.8514925697717812e-07 2.3850339846758e-06 1.7055151153665263e-06 1.088771289139872e-05 0.0 3.718615127210952e-07 0.0 3.489841399610537e-07 0.0 4.5590874327980725e-05 2.2352346779433682e-06 8.602040295052754e-07 3.876844441755443e-06 9.577612379713815e-07 0.0 1.094787292385708e-06 2.0099662770172102e-06 3.372145329630201e-07 1.1528268865067e-06 4.529035467666593e-07 8.879571078059687e-07 3.4017650423136275e-07 1.2440055768868955e-07 1.908685434597503e-06 4.999238768977799e-07 1.2122204688633766e-06 1.5495035523950188e-06 1.2922109125403571e-06 2.319494891825394e-06 6.191200478263518e-06 3.701923761689243e-06 6.155294642450059e-06 2.625562406308516e-07 1.0600839432529582e-07 0.0 0.0 0.0 0.0 0.0 0.0 0.0 0.0 2.0779476719907894e-07 0.0 0.0 1.4544192898792935e-07 0.0 1.371421301783116e-07 0.0 1.0389655479851889e-07 0.0 1.990279880881187e-06 2.3106839408916214e-07 0.0 0.0 0.0 2.923265524576161e-06 5.745292404700366e-07 2.1044521724592812e-06 7.15743935284245e-07 1.8470826449520477e-06 5.461207877623332e-07 0.0 0.0 0.0 0.0 7.138238541409624e-08 0.0 3.352791080955806e-07 0.0 0.0 0.0 6.648184855865726e-07 5.612986699256442e-07 1.2206492280212665e-06 0.0 2.0016037565093063e-07 0.0 0.0 2.1354084467464068e-07 0.0 0.0 1.408015266001812e-07 1.5371336535420129e-06 1.0857994251498746e-06 0.0 0.0 0.0 0.0 0.0 6.710041220455006e-08 0.0 1.0630418904742403e-07 8.208870689777664e-06 1.613349846424116e-07 2.3604538783874795e-07 0.0 0.0 2.2600048632025878e-06 0.0 0.0 0.0 9.461926152208344e-08 1.0391007734148597e-07 0.0 0.0 0.0 0.0 0.0 0.0 0.0 0.0 7.1343993387874e-08 0.0 9.692532915034331e-06 2.9158584807816467e-06 5.680377148197083e-06
2.0405402668336023e-06 0.00010036629738606752 5.8537059850399736e-06 1.6575216583318603e-06 0.003327185969165807 7.796654593638733e-07 0.0013555715962552137 0.0004503905395902535 0.0 4.639061376246314e-05 0.0010441551476264663 1.0740217122597537e-05 0.0004500244395968796 0.0018801202786814708 8.238845870856706e-06 1.8769711672506888e-06 7.46202601800736e-08 0.0 0.0 7.600849262003116e-07 5.189002190247259e-06 9.641516428087712e-08 1.288444464470878e-06 2.0891695669249115e-06 1.4013042460327835e-06 2.9592961767327897e-06 8.77999314365268e-07 1.3389179886015349e-06 3.4924739879048663e-07 2.96666250022453e-07 4.4623341558692734e-06 6.655632500004972e-06 2.4181970316487055e-05 2.0070776600918258e-07 6.162188423949399e-07 7.558401726997544e-07 4.949449120194511e-06 7.473009539953215e-07 2.5117816032545954e-07 5.57347339249558e-07 5.707686190898371e-06 1.905542010432039e-07 8.499188105877075e-07 3.5460140430957754e-07 0.0 8.376810237079071e-08 1.093360331491746e-05 4.705038561865648e-07 2.8603422695152474e-07 6.081737908463793e-07 0.0 2.0776913979910095e-07 1.1535879384964697e-06 2.6669564370694614e-07 7.081627887490295e-07 3.486279081960839e-07 4.333098542058408e-06 7.080999770822113e-06 7.243847966191009e-08 2.616647680762748e-06 1.7079012553152796e-06 4.270920875305065e-07 9.600664171467579e-08 5.884136003394872e-06 6.121361849255625e-08 1.7644516684867453e-07 0.0 0.0 5.612448011308907e-06 2.2931131247922433e-06 2.3325721014651526e-06 3.3353480910559353e-07 0.0 7.509595417909329e-06 3.8868017499113355e-06 1.8055343241569037e-05 5.449758220535066e-06 4.163530886036406e-06 8.406156091004224e-06 3.417952828880507e-05 3.5619102394699145e-06 8.359388659689782e-06 1.141907487587168e-06 0.0 4.5983981522357904e-07 8.548722652977818e-08 5.567409949660802e-07 0.0 1.308141580493786e-07 0.0 1.0135619242828127e-07 0.0 4.6190859253943566e-06 6.410543066398055e-08 0.0 5.902172780152231e-06 9.203990188277302e-08 0.0 0.0 3.4859269451272283e-06 0.0 1.30999670980972e-06 2.6913692618675844e-07 0.0 8.847292658944506e-07 0.0 5.462365363680208e-07 3.1412283880222706e-07 9.99780522765405e-07 1.4093160146772027e-06 1.1611663696178154e-07 1.0334764533523843e-06 6.956243712021985e-06 2.3431941353027277e-06 2.1022158928213768e-06 0.0 0.0 0.0 0.0 0.0 0.0 0.0 0.0 0.0 0.0 0.0 0.0 0.0 1.425757169532915e-07 0.0 1.715906611657066e-07 0.0 0.0 0.0 9.183759809681958e-07 3.1742136108288404e-06 0.0 0.0 1.2292484475574777e-07 1.1670776620336608e-06 0.0 1.130099935679252e-06 0.0 1.4620169960770047e-07 0.0 0.0 0.0 0.0 0.0 0.0 0.0 0.0 0.0 0.0 0.0 0.0 1.659478512067792e-07 8.109297804513722e-08 0.0 1.1167214786790724e-07 0.0 0.0 4.584460936126517e-07 2.785793035401581e-07 0.0 0.0 1.279022768974524e-06 7.647744623117191e-07 0.0 0.0 0.0 0.0 0.0 0.0 0.0 0.0 7.65931622846089e-06 0.0 0.0 0.0 0.0 9.503446247966623e-07 0.0 4.6453283011821805e-07 0.0 0.0 2.0549648015850511e-07 9.776171511793014e-08 0.0 0.0 0.0 0.0 0.0 0.0 0.0 0.0 0.0 1.0091985551793533e-05 1.5160133007770968e-06 1.361419565530411e-06
0.0009239840560671937 0.0005689087376633145 9.915302437262385e-06 0.0011831108340743838 0.00013883674763442744 0.0004707835012355226 0.0020566456074920126 6.066952174593889e-06 4.639061376246314e-05 0.0 4.5538296047300434e-05 0.0015889585608013575 0.004511122196165525 0.0005111281640578206 3.931914668649511e-05 4.187979218415094e-06 2.941823006479966e-07 1.5257425795995684e-07 0.0 4.088943816065623e-07 5.26725141022225e-06 0.0 1.0038669698183962e-06 9.061412966395836e-07 5.514713254034697e-07 3.383861511678238e-06 6.282347832331443e-07 1.2090755724855749e-06 2.3081126947780905e-07 8.363402199516156e-08 1.2065286822167725e-05 7.906471721243476e-06 2.9600670096651298e-05 3.5514942717387155e-07 1.055719433457568e-07 4.207132041178301e-07 1.7525020442712538e-05 1.4356480045753748e-06 2.038333278768609e-06 7.823335443334905e-07 2.942627003448933e-06 6.054116860346731e-07 9.13437902698108e-07 8.962989573621033e-07 1.4394093762386037e-07 3.5147136091848607e-07 9.130337422425414e-05 1.70739426900678e-06 1.1621681883040587e-06 9.583736837571093e-07 4.189337628740435e-07 2.2634740497902375e-06 6.430959107327281e-07 4.123269591807124e-07 3.7869280753085855e-06 1.8529264446110998e-06 6.530753699045281e-05 2.8573149167516595e-05 1.2614940963165145e-06 1.5680747656778372e-05 2.6324919134939523e-06 1.9137107441750043e-05 0.0 2.170570942920328e-05 1.193065454139576e-06 1.4814941145026988e-06 1.8997665214255243e-07 6.053647170084157e-07 8.659583442815063e-06 1.9191699801605154e-06 3.7382356467521735e-05 4.4461404591877484e-05 1.4711993916365861e-06 6.892715198843142e-05 1.1138622863709732e-05 0.00010866839685462346 2.191875839683013e-05 6.614204199412354e-06 3.432825958182237e-06 1.125136087150064e-05 4.557050119931487e-06 2.2145825595866014e-05 4.401807040895743e-06 2.66461523776552e-07 1.8014455237452248e-06 1.6560204597675363e-06 2.157363511191796e-06 1.8594105094164513e-07 8.612613833125349e-07 1.4078075641039483e-06 5.174655213822893e-07 4.696795099714876e-07 4.924447377744895e-06 5.520335851063472e-07 9.504437537608324e-07 8.865942454014611e-05 9.18548223813975e-06 1.990208691235631e-06 6.992780614380943e-06 0.0005876537050614994 2.590097972470167e-06 5.883219053933134e-05 4.634563808990238e-05 3.3215042944532756e-05 1.296432170077245e-05 1.5263486370742718e-05 5.015205518674606e-05 3.0105505350249445e-06 3.631624669373294e-05 9.127505980774648e-05 1.0049872825137081e-05 3.3575065808949744e-05 0.00010301470993466044 4.643653246336406e-05 2.899908561198197e-05 6.859662705747422e-08 1.7952932628852897e-07 9.565126056127976e-08 0.0 0.0 0.0 0.0 8.70610106150611e-08 0.0 0.0 0.0 0.0 0.0 5.14320194246062e-07 0.0 3.0564250313872224e-07 0.0 0.0 0.0 8.379665729226824e-06 5.188892215985524e-06 0.0 0.0 1.333244916500081e-06 9.434750551924005e-06 1.062252435691601e-06 4.743899040601584e-06 6.063242504846957e-07 2.7232949607168543e-06 1.1605537111791947e-07 1.7176458396934397e-07 1.7567206452827656e-07 0.0 0.0 0.0 0.0 4.2462491592407815e-07 2.1607498013194755e-07 0.0 0.0 0.0 7.624733071834034e-07 0.0 0.0 1.4264893498029227e-07 0.0 1.5419061351871366e-06 1.3392178564444683e-06 2.660741639900942e-06 3.900579808961469e-07 8.27035238177927e-08 3.8137547830790983e-06 2.6270928528246456e-06 0.0 2.9552653956641336e-07 0.0 0.0 0.0 0.0 0.0 1.1037468168076937e-07 7.771255115577247e-05 3.0386661156246447e-07 0.0 0.0 0.0 4.039797289611099e-06 0.0 6.97398915431534e-07 6.283447411369645e-07 1.0111394752156648e-06 2.735737543238309e-07 3.905135488255418e-07 3.82844871087806e-07 0.0 0.0 0.0 0.0 0.0 0.0 0.0 0.0 0.00021094527978887033 2.1746582367680455e-05 5.898938825833187e-06
4.3251361514158436e-05 0.0008758105009033704 0.0018610164268206917 3.1884514745083227e-06 0.0023583443585057278 1.6639659134250333e-06 0.0013209110696408577 0.0032872043771182266 0.0010441551476264663 4.5538296047300434e-05 0.0 0.0001244354512803724 0.0008509136917677454 0.002329987643216448 3.759793810384619e-05 1.2412999641342258e-05 1.3655729600763656e-06 2.0971562752437345e-06 2.2093479668461312e-07 3.275200010780717e-06 7.403636066793894e-05 1.8857375919401597e-06 1.4021075183461218e-05 2.4381147254295433e-05 3.41405213412993e-05 6.797768263749149e-05 1.9774329301586464e-05 4.3406795419176526e-05 5.945599161878915e-06 7.0792971736097925e-06 6.64864783774741e-05 4.0152851689980746e-05 0.0006945860988481195 1.2255628893770776e-06 1.2453212990523028e-05 1.0916936786163171e-05 0.0001252663665886965 3.9046136674991784e-05 2.0659149086729222e-05 3.8310782795013025e-05 0.00012063605342478249 6.974876374902576e-06 8.403039717377337e-06 1.9295520651973614e-06 4.4301129949088116e-07 6.235912619362924e-07 3.783166171467859e-05 1.3401960652069025e-06 1.9442913971153902e-06 2.185076828854055e-06 1.410438554775257e-06 7.27549914651277e-06 2.5642417819705117e-05 1.0412720330674365e-05 1.406090015757428e-06 9.292071071263992e-07 1.778261711622579e-05 4.505569006042216e-05 3.9774897628241663e-07 5.666415553342001e-06 6.567488682667099e-06 7.571992896870183e-05 0.0 3.291784345374842e-05 1.3568665852924168e-06 1.7008950240564196e-06 3.8467956936805567e-07 1.2991405887575808e-06 2.667628412033755e-05 1.8539810241159956e-05 3.417805670351931e-05 4.650602463718744e-06 7.507819564501532e-07 3.416474807845776e-05 1.0175424107611163e-05 6.160890931044333e-05 2.2967772410178192e-05 1.7875161359887492e-05 0.00017716204147029844 0.0007389387948719256 1.4824271230747376e-05 0.0004710741730513005 3.2813728062764642e-06 0.0 1.6174173073905709e-06 1.0632663974033237e-06 3.2124463436759975e-06 8.104582908181613e-08 2.1069699936228144e-07 6.781680163406072e-08 1.2950977791688499e-07 1.9454386376649126e-07 3.9750480817564946e-05 1.602015916130984e-06 5.917740269679505e-07 4.301223806838209e-05 6.549008911764248e-06 9.102302410009136e-07 2.925768247384261e-06 1.160982170226787e-05 3.1087494045127536e-06 5.027385358731474e-06 5.8745955003627485e-06 9.93839458944479e-07 2.651932962717337e-06 2.7691286822499763e-06 5.0059828482928e-06 7.593944531606086e-07 4.32892889865034e-06 1.1764108704800008e-05 4.9318966086018835e-06 7.382580172937825e-06 3.537634034886338e-05 1.6444472698871545e-05 2.0353009013988337e-05 1.554662446158065e-07 9.526838720560948e-08 1.0155789642402244e-07 0.0 0.0 0.0 7.941143892190463e-08 0.0 0.0 0.0 0.0 0.0 2.8892600095448106e-07 7.61266223928613e-08 6.957592634756696e-08 1.6319276012370947e-06 2.2582330501997726e-07 3.0247141228655974e-07 2.904896104167089e-07 6.1802432762027e-06 3.044577838798915e-06 0.0 1.1659737426953774e-07 1.561874160091003e-07 7.85553600968053e-06 1.3623998517480346e-06 7.2150201183563475e-06 2.0514613342604515e-06 4.2717337818850035e-06 7.568584529010053e-07 6.083594968013683e-07 0.0 0.0 0.0 0.0 0.0 3.4558195539274985e-07 1.2877726285488606e-06 0.0 0.0 6.865141952915468e-07 1.0758707978714042e-06 3.015194797880604e-07 0.0 0.0 0.0 8.573934780023338e-07 3.5519442779770515e-07 1.103069708184447e-07 4.5480314234787435e-07 3.088704213871762e-07 4.925798519703391e-06 2.596332350062797e-06 4.271713743439276e-07 0.0 0.0 0.0 0.0 0.0 0.0 0.0 5.1242430057003696e-05 1.5407993368558345e-06 6.485675732809092e-07 0.0 8.878161243902605e-08 7.759581773272492e-06 5.954294375112278e-07 2.438086301371385e-06 6.812395965439193e-08 2.009152879699826e-06 3.459204551779902e-07 2.152860160867547e-07 5.104494971850552e-07 0.0 0.0 0.0 0.0 0.0 0.0 0.0 0.0 6.002359995633698e-05 2.1420239032314458e-05 1.279773963684788e-05
0.00011352297934890712 4.56725209178444e-05 1.357327785251905e-05 0.00034169413351419284 1.3015285847844091e-05 8.605444126863086e-05 0.00020413137944597868 1.551328678023481e-05 1.0740217122597537e-05 0.0015889585608013575 0.0001244354512803724 0.0 0.002109413525283207 0.0004908020835469071 2.321948323873851e-05 1.591600946232592e-05 6.86394668007522e-06 6.134092778195298e-07 4.657124429812872e-07 2.5174722492092694e-07 2.0936948766593587e-05 2.050418820353571e-05 2.126192953672387e-06 5.14407224896387e-06 1.4947571157038675e-05 1.9076211057753382e-05 6.76812943029902e-06 3.5668181248459815e-05 1.6903589450636343e-05 2.8886885130726645e-06 3.0153463703198778e-06 7.420443756719895e-06 0.00015890689141305071 2.6680692660187155e-07 4.5382317238327154e-07 3.269606361808641e-06 0.00028300906299690525 3.345321498126388e-05 8.786143724009497e-05 3.884298611612197e-05 7.618586338313539e-05 8.101693844139887e-06 2.5493382634797818e-06 2.152519163773968e-06 2.0826709653858698e-07 1.0329179832331206e-06 2.483160793186454e-05 5.447359430465472e-07 6.606436621721257e-07 1.1485277156759771e-06 1.9339826991373324e-07 3.511962962547264e-05 0.0002152058098331067 2.5102643215883616e-05 5.099359568053272e-07 5.784939900889623e-07 4.858630696531622e-06 3.852286511347062e-06 2.499682853198633e-07 1.7245749542889189e-06 1.6839328096327736e-06 6.353788686931221e-05 2.4497724557403415e-07 8.13755238922143e-06 5.795029626366466e-08 2.4538106251338845e-07 9.434321625585308e-08 1.5904782098395587e-07 4.671213300150994e-06 3.4142176522369023e-06 0.00016752502884510398 0.00010935326070533543 2.9733057766154048e-06 1.0708742580493286e-05 3.073265073997272e-06 2.8239812207391463e-05 9.915855018532291e-06 3.3847560824218935e-06 1.697805253851762e-06 4.317295532908491e-05 8.14590071105922e-07 1.1470760892274315e-05 4.386152734461566e-07 4.770302280124334e-07 5.577259159262531e-07 2.8451452213283366e-07 7.686834314409058e-07 1.2543821820222566e-06 1.0239664360209582e-06 9.86068037143385e-06 5.529066179287442e-07 2.0014776042697557e-06 9.656194096119286e-06 5.631481121398387e-07 9.991992715233523e-07 0.0008165551404519279 9.390115782671449e-05 3.915244242349375e-05 6.165449518775547e-05 2.3334628918946795e-05 5.005378412432725e-06 2.2662849709820555e-05 1.767015153860193e-05 1.005252758931135e-05 2.1299071611049068e-05 5.390402659425207e-06 2.241037082263026e-05 3.1831429930663414e-06 5.4173664029013034e-05 0.0001135321437943814 1.8716944468815017e-05 3.536345666971455e-05 0.00011602327933170776 5.826483287047113e-05 6.219116150421267e-05 2.5677140198545513e-06 4.771188333846975e-07 2.4515585219396546e-07 3.922082397123375e-07 0.0 0.0 0.0 3.703851563768348e-07 1.002122725354792e-07 0.0 2.8535537348402433e-07 0.0 1.2747838661548556e-06 5.910194690703875e-07 7.208881723555592e-07 3.4126884543749427e-06 9.252962731949164e-07 5.479008724174384e-07 7.019707127242774e-07 2.0042309783170262e-05 1.3030820338004417e-05 0.0 1.0255300291252711e-07 2.9739132550476475e-07 2.177469286642127e-05 5.1947084798211954e-06 2.139733908017924e-05 1.1867172570846866e-05 1.1445219033285929e-05 1.1893095242093641e-06 8.491232652080955e-07 2.3259016000512803e-07 1.682936634427163e-07 1.0974432179719314e-06 1.5259765686666435e-06 0.0 1.8149071280267374e-06 2.9639784771931825e-06 7.668249160365915e-08 2.0600048932649652e-07 3.165206583022044e-07 9.730995116711416e-06 8.585522454292087e-07 1.426810292092859e-07 4.160376540236442e-07 1.680603232395981e-07 1.199594132431443e-06 2.5209600238408602e-06 9.57281520306986e-07 3.926191745257198e-06 2.4354296505842683e-06 9.968568039357442e-06 7.867192719802703e-06 0.0 1.0397026356296602e-07 0.0 0.0 0.0 0.0 0.0 0.0 0.00015483392782396794 9.01370521670246e-06 0.0 0.0 0.0 1.8127153239236e-05 6.90412798955338e-07 3.2541056998162885e-06 9.276935637889795e-07 1.4138184271476651e-06 1.3767734315946342e-06 3.1296954582419897e-07 1.0783727464048662e-06 0.0 0.0 0.0 0.0 0.0 0.0 8.157476225944569e-08 0.0 0.0002310333783256657 6.127124913880525e-05 3.753522257249369e-05
