0.0 0.001497993305989312 0.00022849920551683856 0.0010523189995915948 2.9068316884271404e-05 3.679417950673845e-05 0.00036236125765995897 3.169458333746962e-05 3.3538191685416234e-06 0.0003402030477150158 4.719001467722986e-05 8.598003882501857e-06 5.4765318439170705e-05 3.542799635973366e-05 1.34961734819309e-06 3.7125378286843196e-07 2.707368261088881e-07 8.697396703848355e-07 0.0 4.60975481062524e-07 3.7436178587791083e-07 0.0 2.4200577884088107e-07 0.0 5.158332530745176e-07 2.0402872368776784e-07 0.0 0.0 0.0 0.0 0.0013117116424157928 4.504080821664339e-05 7.270302823819939e-06 8.489142687306359e-08 0.0 0.0 3.9147029586722925e-06 2.977411965193664e-07 5.274523511396971e-08 1.2507211974701197e-07 2.354445152160734e-07 3.7860208421783697e-07 7.783614487170566e-07 8.063325338521696e-08 5.586952400423461e-07 0.0 4.980222582056673e-05 3.3262316269066964e-06 3.8403342929350775e-07 1.220782279797737e-06 5.686169548058259e-07 0.0 2.5517346493539574e-07 0.0 8.417321613499627e-07 1.4336780023748612e-06 0.00014754166799980616 0.0004930952797495028 1.3878797200608093e-05 6.958005331369447e-06 4.347855032675323e-07 2.885567330314201e-06 1.684356349536281e-07 4.167886018219714e-05 2.7242249089296524e-06 3.4208139414569353e-06 8.158499931640436e-07 7.635153169009614e-07 1.2808658655430443e-06 3.2411438910408764e-07 1.3835641199220417e-05 2.533433080579462e-05 8.54111029872124e-07 0.00030244043484074437 4.974016066733593e-05 1.9801998937368475e-05 5.3818909871621015e-06 1.2103668626491391e-06 7.611523800677772e-07 1.2042491726819713e-05 5.12684866688579e-07 2.8076094619283163e-06 1.1459041088179173e-05 2.229185545989379e-07 3.812746964881881e-06 1.7534766111648229e-06 1.056937638909335e-06 3.2187218071327594e-07 6.893630861272773e-07 3.1269836345313513e-07 4.611260945178264e-07 8.233256439894726e-08 1.8087686934114454e-07 3.002136679216554e-07 0.0 0.00011496931097276481 6.395944436461237e-05 1.9744582806716194e-06 1.5829648084483857e-06 0.0006121630676769285 0.0 6.880859747164015e-06 1.0387402038243856e-05 3.196240172256968e-06 1.3536551765287987e-06 5.1489272620829025e-06 4.3398714023475494e-06 6.896825375836081e-06 9.490568101445754e-06 1.5346099588423542e-05 1.7123625442220429e-06 9.403339329212005e-06 6.601004426939683e-06 2.27234960871828e-06 8.985127439656922e-07 0.0 0.0 0.0 0.0 0.0 0.0 8.220713715849955e-08 0.0 0.0 0.0 0.0 0.0 0.0 0.0 6.538919142261658e-08 0.0 0.0 0.0 0.0 0.0 0.0 0.0 0.0 0.0 5.598277160957963e-07 0.0 9.19843764770291e-07 1.3098756150637536e-07 0.0 0.0 0.0 0.0 0.0 0.0 0.0 0.0 8.927565739364055e-08 0.0 0.0 0.0 0.0 0.0 0.0 0.0 0.0 1.1701735575001721e-07 0.0 0.0 1.4462458852522084e-06 2.1728804182119312e-07 0.0 5.27877510218635e-07 0.0 0.0 0.0 9.010996787462551e-08 0.0 0.0 0.0 0.0 0.0 2.0964402451748e-06 1.0009284587402267e-06 0.0 2.3202260730351553e-07 0.0 6.012303593389803e-07 0.0 0.0 0.0 0.0 0.0 0.0 0.0 0.0 0.0 0.0 0.0 0.0 0.0 0.0 0.0 5.113406270874e-07 2.4013883355085055e-07 6.359437761184144e-07
0.001497993305989312 0.0 0.0009770438026717413 0.0012276589785072895 0.0012753569916080147 0.00018067790694040184 0.0012666692572047497 0.00018335703113699797 0.0008629416110665427 0.0009290246621443208 0.0011346411163115997 7.470345146366869e-05 0.0009546200311174584 0.0008458095603288814 1.8428836098222687e-05 3.2159598667679613e-06 9.68981336107024e-07 1.2202292400266762e-06 2.404869389131094e-07 2.5000982867739716e-06 2.0451359309920905e-06 0.0 2.5285781181150775e-07 1.3050456011360926e-07 9.211996582669278e-07 5.367161082142671e-07 2.2413538995954684e-07 1.8063674871132892e-07 1.806422963598716e-07 5.526698365504172e-08 0.0027486767559882093 0.00014892379901534057 3.463463569038771e-05 4.462703022357595e-07 4.0875040508600173e-07 1.0088332281212926e-06 1.4338973239776283e-05 1.9893310171043192e-06 1.1149119681529434e-06 1.6660278059368487e-06 2.5483761697389523e-06 1.1363786571681521e-06 5.009785922279778e-06 1.58864486671119e-06 4.4574998975758234e-07 1.5683015354524685e-06 0.0001744004104892683 4.399824051539049e-06 1.0820218876553016e-06 2.4506717831672843e-06 7.328813659418073e-07 2.724708907037161e-07 0.0 1.196977845640653e-07 6.17334892806345e-07 1.2831064474268307e-06 0.00010275249970813431 0.00031907531293923387 1.1052999359460213e-05 3.244221801479796e-05 3.257736031599354e-06 7.879362996305429e-06 4.962116856776289e-07 0.00019162436594399296 2.607559535871773e-06 4.659894983893814e-06 1.3779162867612306e-06 1.8363218429112803e-06 4.689269306475861e-06 1.8883873733349952e-06 9.936222099906535e-06 2.9322497248923745e-07 0.0 0.0003724200438605432 0.00016312896858563296 0.00013969758379850348 6.08045654171722e-05 6.865134857961137e-06 4.095134740116091e-06 5.064543565533499e-05 2.057456310978778e-06 9.736210180445146e-06 1.264901272468549e-05 7.225213650376356e-08 5.042864672115964e-06 2.0890934060387815e-06 2.6463713067635143e-06 4.593469367955546e-07 1.261035656177568e-06 3.620441605479041e-07 6.878786164287791e-07 6.456439901978289e-08 1.4244460799310699e-06 9.447758118891111e-07 2.9130712902985277e-07 1.9979311094766063e-05 4.055898374220239e-06 1.8603135225287037e-07 1.9854299413172373e-06 0.000419019056454175 7.142326414222867e-08 2.7518065031348477e-06 6.204336499174679e-06 1.6825771151436446e-06 4.854177672006257e-06 1.769900909341724e-05 2.580753002384894e-06 1.2737616388236996e-05 7.570186792743351e-06 8.397367395295448e-06 1.2268017741951171e-06 2.263893730016412e-05 1.3196729852818665e-05 1.865314458796026e-05 1.1043624660367693e-05 9.480229277991642e-08 8.702980168404353e-08 0.0 0.0 0.0 0.0 2.283850037488029e-07 0.0 0.0 0.0 0.0 0.0 2.1488810606051137e-07 0.0 6.613971762417923e-08 0.0 2.543767229331896e-07 0.0 0.0 9.68238778146951e-07 1.0785086379559286e-06 0.0 2.7456419976952544e-07 0.0 7.534565084057305e-06 0.0 3.5130034286846057e-06 9.367467543701612e-07 8.566727620084683e-08 0.0 2.453570076299521e-07 0.0 0.0 9.360218251175506e-08 1.5396874214437739e-07 0.0 0.0 2.4250669919320457e-07 0.0 0.0 0.0 6.151278870659108e-07 4.674024674961979e-07 0.0 0.0 0.0 4.5085907833685954e-07 2.640052447450104e-07 5.107492083222748e-07 4.438285318381402e-07 6.755593974504743e-08 2.707791037910054e-06 1.506134169672412e-07 0.0 7.279913574536478e-08 0.0 0.0 1.6517298781823737e-07 6.15511331989913e-08 0.0 9.076117309497352e-08 1.0277796861210077e-05 4.0003495612569015e-07 0.0 0.0 0.0 5.807077897442379e-06 0.0 1.0117747469099436e-06 7.460528034077449e-07 4.3145573122771125e-07 4.385319404051562e-07 0.0 6.306010455551517e-08 0.0 0.0 0.0 0.0 1.1256737491512268e-07 0.0 0.0 0.0 1.0220155401831945e-05 1.8741341498796853e-06 3.86279392889261e-06
0.00022849920551683856 0.0009770438026717413 0.0 0.00013267353670685385 0.0006083755790518089 2.017675484725692e-05 6.528940331625117e-05 0.0013065964641723051 0.0005599925158194197 3.398845748846985e-05 0.002528875672975228 5.844123718725131e-05 0.00024495111060559394 0.0010522650351498157 1.3358078205203577e-05 5.230378155621204e-06 1.959184519895547e-06 1.2762599098037622e-06 3.5292456018862485e-07 4.954583084337847e-06 1.0557019618065633e-05 2.056606414507908e-07 4.1028118806603586e-06 3.273170526318889e-07 5.643189685880921e-06 2.6950441242543166e-06 3.885672820310987e-07 8.057870242062281e-07 5.894109435162541e-07 0.0 0.002772304360983812 0.0003294427600528109 0.00013320381332588852 2.080435772010025e-06 3.7864495554763643e-06 5.555299533174115e-06 3.712238308236978e-05 7.351881033975532e-06 2.354084565958368e-06 3.4807367056355056e-06 8.716997143083275e-06 5.387797737787963e-06 9.410974531066694e-06 1.5588467651167727e-06 5.515073604784902e-07 7.993085098109175e-07 5.8047417043277464e-05 4.413520900062427e-07 6.506616877021993e-07 3.3309707043051847e-06 7.58972964705781e-07 1.0106444340560734e-07 6.551722052666013e-07 3.859409934475473e-07 2.8688487548476245e-07 4.047823577352199e-07 3.101408227761089e-05 0.0001139579832359878 2.284938055682773e-06 6.920593627057409e-06 5.606747067598373e-06 3.611500825602294e-05 3.567893391296929e-06 0.00010771875493000044 4.845382009414943e-07 1.43766211216708e-06 3.873563502885836e-07 2.6028571890545054e-06 1.1878538224966125e-05 1.2218223576562736e-05 2.029415245515789e-05 1.7291781624647067e-06 1.8078367103620908e-07 9.284213439304653e-05 5.2385704492757385e-05 4.7054398191733466e-05 3.641067743593211e-05 8.326629865420029e-06 1.1289995513090852e-05 0.00043739733881370465 9.242721519445694e-07 8.876371136639932e-05 2.9778117573347443e-06 0.0 1.2392775704878195e-06 5.012030961997635e-07 2.3462503223600588e-06 1.6611719979078687e-07 7.651590364237177e-07 3.054274717899603e-07 5.753236292540351e-07 0.0 1.0417424647095931e-05 3.0191342362350183e-06 8.120523292697879e-07 1.717745057394692e-05 6.342724322632012e-06 5.480811261667728e-07 3.940810192714242e-06 8.07621085138656e-05 9.565154029091146e-07 1.6386583148195684e-06 3.0255596892613953e-06 8.952387769985766e-08 2.379547697741628e-06 5.248025641846087e-06 1.8501206904021885e-07 5.49285596240467e-06 1.8953943601258854e-06 1.7559292632777971e-06 1.2023322793874653e-06 8.378054376829011e-06 6.712416297309626e-06 7.774799153154217e-06 6.140911783222643e-06 1.546480580063539e-07 1.9138943879492247e-07 0.0 8.157639197265847e-08 0.0 0.0 0.0 6.172670285805394e-08 7.680407249455095e-08 0.0 7.119432643277255e-08 0.0 7.861186112164132e-08 0.0 1.6696427588752012e-07 0.0 9.640974174364151e-08 0.0 0.0 2.5514305965927616e-07 4.039874777275889e-07 0.0 7.493624549532469e-08 0.0 7.85524029798738e-06 0.0 4.432527538274453e-06 1.6785288979734984e-06 7.073291212887677e-07 0.0 7.790277525228263e-08 1.3253153836090997e-07 2.115008093412308e-07 2.857658496038896e-07 0.0 0.0 3.114698522912498e-07 2.597398368605943e-07 0.0 1.1407568909709067e-07 3.2714047530517393e-07 2.726833333318192e-07 1.09920527720881e-07 0.0 0.0 0.0 3.935304778589667e-07 6.200207652162978e-07 3.3875166536986413e-07 0.0 0.0 2.45743088371569e-06 0.0 0.0 4.242422328090847e-07 0.0 0.0 0.0 6.922336683990743e-08 9.380992634178358e-08 2.9328063517412193e-07 7.742602008461224e-06 4.986458218974906e-07 7.92652185886599e-08 0.0 9.29940222248184e-08 4.372123021334773e-06 8.074357108733357e-08 1.2717705477836057e-06 6.246937472838269e-07 6.197186018319508e-07 6.334862937724544e-07 0.0 6.719306438464477e-08 0.0 0.0 0.0 0.0 0.0 7.641833293605771e-08 0.0 3.7972780780272535e-07 4.737074845228791e-06 2.429814974045767e-06 5.659132532501717e-06
0.0010523189995915948 0.0012276589785072895 0.00013267353670685385 0.0 6.056552062043973e-05 0.00012399199466775384 0.0006804335424294113 1.9653200494136806e-06 1.627949012495446e-05 0.0013505523806419133 2.8179833116909623e-05 0.00011117156766991652 0.0010961275475859938 6.484498882567318e-05 8.521030658753075e-07 1.5016114396141798e-07 6.477879674218979e-07 3.7671521010939895e-07 0.0 3.821400436805117e-07 1.7241346325238356e-07 0.0 0.0 0.0 0.0 0.0 0.0 0.0 0.0 2.6225444410482555e-07 0.0003100893166490966 6.6475098005983156e-06 9.75077823980082e-07 0.0 0.0 0.0 9.576890892836745e-08 8.288195685122286e-08 0.0 0.0 0.0 2.5351264244482253e-07 3.3650512510343806e-07 0.0 0.0 6.696653631522694e-08 3.344119390387997e-05 1.0081773898203255e-06 1.3168035492320237e-07 4.798441509529941e-07 4.6654033662567994e-07 0.0 0.0 0.0 6.430893500702342e-07 1.57682879152579e-07 5.139086969056317e-05 0.00012828949185999473 2.9601533948709605e-06 4.703690991152121e-06 3.495795197932885e-07 2.8067521667672385e-07 9.196253199479108e-08 2.2222577240884285e-05 1.2403160651033217e-06 7.837019010751923e-07 3.507610539273364e-07 2.1692238989829183e-07 2.2427753133953282e-07 1.798350395647711e-07 1.664395132423086e-06 7.565481110765213e-07 0.0 0.00015042463608426972 3.0195958175707805e-05 1.3944115493849038e-05 3.4114899598107723e-06 4.687762854288468e-07 5.71157493062742e-07 5.664011648321612e-07 4.1028907525599753e-07 5.884429692070543e-07 7.449472769875415e-06 0.0 1.5680507576419384e-06 7.379724424617986e-07 7.804165211766224e-07 0.0 8.340059134370059e-07 0.0 1.6179362100526458e-07 0.0 1.1203911610127385e-07 5.194079540713217e-07 7.09244960365757e-08 6.962356588156682e-06 1.8400354706092012e-06 0.0 0.0 0.0004966334115781106 0.0 2.2256120169538666e-06 2.7849546527947183e-05 6.109626566802139e-06 1.1203036034560742e-06 2.9519371926584375e-05 4.91932715900961e-06 4.046103455810866e-06 1.2306081982262037e-05 5.739942702753836e-06 0.0 6.923518355036157e-06 8.431946063908647e-06 7.581489225772321e-06 7.930666439731857e-07 0.0 0.0 0.0 3.334195481756792e-07 0.0 0.0 0.0 0.0 0.0 0.0 0.0 0.0 0.0 0.0 0.0 0.0 0.0 0.0 0.0 0.0 0.0 0.0 0.0 0.0 8.505735468610025e-07 1.255448418344329e-07 0.0 0.0 0.0 0.0 0.0 0.0 0.0 0.0 0.0 0.0 0.0 0.0 0.0 0.0 0.0 0.0 0.0 0.0 0.0 0.0 0.0 0.0 9.557843783624984e-08 3.6682471661377887e-07 0.0 0.0 0.0 0.0 0.0 0.0 0.0 0.0 0.0 0.0 0.0 2.30541615153709e-07 0.0 0.0 0.0 0.0 8.791208590760896e-08 0.0 2.3051696563140817e-07 0.0 1.0347216668477654e-07 0.0 0.0 0.0 0.0 0.0 0.0 0.0 0.0 0.0 0.0 0.0 1.1705165259479855e-06 0.0 5.713905381131724e-07
2.9068316884271404e-05 0.0012753569916080147 0.0006083755790518089 6.056552062043973e-05 0.0 4.9077970971438455e-06 0.001012561278845621 0.00011205732164917867 0.0020354499581481723 0.0003006195209481771 0.0010389687771853152 3.7053206424211436e-05 0.0008514802599495589 0.0012142624101798038 1.5487556641591557e-05 2.566357440397231e-06 8.789413189874188e-07 8.726640862056696e-07 2.321971473891073e-07 6.362792418233815e-07 3.8221855413412294e-07 0.0 0.0 0.0 4.745314806492092e-07 3.8117415590052684e-07 6.973039343914619e-08 8.415759838167538e-08 0.0 0.0 0.00023376473343123848 0.00010679548067023678 1.0897259214253322e-05 2.2173083754760988e-07 7.704067724049255e-08 8.578159171484511e-08 4.024938174429264e-06 4.611069159737035e-07 8.359524863773926e-08 1.7327976718133144e-07 3.5783638687204017e-07 2.7511401938526235e-07 8.513767456032201e-07 9.796937742490681e-07 3.1350649100452224e-07 5.306588591386504e-07 0.00011496081868385434 1.1129340917978774e-06 3.310500012617531e-07 8.723542776906561e-07 5.766398841720421e-07 0.0 1.063956186495955e-07 0.0 8.252855028087976e-08 5.382300083799601e-07 1.748063636308572e-05 5.8477462401237854e-05 5.834597788433231e-06 2.374072270492038e-05 1.388084146254622e-06 2.6204265207953284e-06 3.300938889532871e-07 8.561692968024409e-05 1.1365601249688541e-06 1.1585557190195586e-06 3.421895754828581e-07 2.549324680728388e-07 1.9538045439643287e-06 2.843575519128746e-07 4.411923199187947e-06 0.0 0.0 0.000134709631279594 6.224403002223473e-05 0.00010125725202928513 5.099080489323619e-05 6.658819188724665e-06 1.8218744079453395e-06 1.0273869284859027e-05 7.415275213216543e-07 4.1797348853201626e-06 3.879988786142119e-06 6.041861333390402e-08 1.4667555528674818e-06 8.553095026803507e-07 7.168219748899782e-07 1.853310013286505e-07 4.790252019272534e-07 6.46809489272713e-08 2.9260399182200607e-07 7.546583508764923e-08 1.338339159428782e-07 1.3821306431355623e-07 7.634306454358886e-08 2.3294315031296623e-05 2.621246674641088e-06 0.0 9.091184514834052e-07 7.671495918665487e-06 1.7666244724935684e-07 2.0416803045483607e-06 8.83165434403906e-06 3.1395549018576617e-06 1.0549872291648328e-05 3.0426811351842014e-05 3.829209127266111e-06 2.8216142465668683e-05 8.311098968669598e-06 1.1632331720646496e-05 3.6814306298980998e-06 3.4293873043494525e-05 2.4083485873308543e-05 2.89020539012583e-05 1.6166355789120605e-05 4.0128362611707766e-07 6.913081475661855e-08 0.0 8.007699345883225e-08 0.0 0.0 0.0 0.0 0.0 0.0 0.0 0.0 0.0 0.0 0.0 0.0 8.252468390390925e-08 0.0 0.0 2.429589486502729e-06 8.222333924952975e-07 0.0 9.272634407529208e-08 0.0 9.342412928051667e-06 1.614610906799805e-07 4.030260543534204e-06 4.0685440172769135e-07 2.3115172505849492e-07 0.0 0.0 0.0 0.0 0.0 3.821739045995043e-07 0.0 7.523947131187032e-08 1.045988048375885e-07 0.0 2.546350527746582e-07 0.0 0.0 0.0 0.0 0.0 0.0 4.036370832072936e-07 1.2060090231634365e-06 1.6542767034092074e-07 6.790386438430342e-08 8.010417857962786e-08 3.957665290718351e-06 1.1416803307510351e-07 0.0 0.0 0.0 0.0 0.0 0.0 0.0 0.0 1.1951537557987039e-05 1.7045249271276807e-07 8.41090496113584e-08 0.0 0.0 1.252724337258051e-05 6.86748999084647e-08 1.3719706149722956e-06 1.2632572292873242e-06 9.152804103715947e-07 3.5258678341980286e-07 7.230132054281785e-08 1.9922911503622663e-07 0.0 0.0 0.0 0.0 0.0 0.0 6.538637652493549e-08 0.0 1.6320466146905316e-05 1.1233252592053629e-06 2.9210856818719716e-06
3.679417950673845e-05 0.00018067790694040184 2.017675484725692e-05 0.00012399199466775384 4.9077970971438455e-06 0.0 6.858135556826678e-05 5.221234321950176e-07 2.338414879418186e-06 0.0002506326970675875 2.882880351660413e-06 4.4267953430682564e-05 9.402200956659849e-05 1.6915510664537457e-05 5.079644804297511e-07 2.3514636607297203e-07 2.1457971594724725e-07 0.0 0.0 1.7984377998636454e-07 8.340914775641843e-08 6.80674603229576e-07 0.0 0.0 0.0 0.0 0.0 0.0 0.0 0.0 6.21554509643939e-05 6.979476587747819e-07 4.395251759566392e-06 0.0 0.0 0.0 4.326565145521469e-06 1.050203385035597e-07 1.2491580530243715e-07 1.9251880422214147e-07 2.0981523327571878e-07 0.0 2.0969182684703049e-07 0.0 0.0 0.0 3.3950396649037308e-06 1.9874596577918548e-07 8.493646523596108e-08 0.0 0.0 2.78909514603484e-07 1.3590962806466246e-06 0.0 1.0058634891619201e-07 2.6594449292732614e-06 3.396259803661774e-05 2.3127694386507926e-05 2.8105437791791256e-06 1.4249145687190595e-07 9.221265263076564e-08 8.966134437816934e-07 0.0 1.7103702100267473e-06 1.5867431459342436e-07 3.79300868876032e-07 1.473134861287125e-07 7.725512425099111e-08 0.0 2.0119416005808867e-07 6.811009205786686e-05 0.00019702591482935198 6.07023220519014e-06 2.471716048592644e-05 3.944005550651563e-06 1.7905775814410148e-06 7.045306201128434e-07 0.0 0.0 9.695245018303822e-07 2.8120382050721454e-07 9.967960356036508e-07 1.859326079423285e-06 4.415299499186326e-06 7.027658216546179e-08 1.833248182748802e-06 0.0 4.906591795196693e-06 2.3525184368448445e-06 3.2279535214712744e-06 3.2135430525741024e-07 1.111683488618005e-07 0.0 0.0 0.0 0.0002756243390752479 0.00027886526431336107 1.561975652038347e-05 2.0563325151059197e-05 0.00017667902413798917 0.0 3.0017398553138847e-07 1.2579299970906712e-06 8.286697546193021e-07 2.3508007906610047e-07 1.950179815554457e-06 4.2907824893102264e-07 2.1098503246278023e-06 1.5824429132748194e-06 1.037010633208229e-06 3.715877315954659e-07 3.3347593101434787e-06 2.221558679298638e-06 1.2731959758247111e-06 6.857327717336805e-07 0.0 0.0 0.0 0.0 0.0 0.0 0.0 0.0 0.0 0.0 0.0 0.0 0.0 0.0 0.0 0.0 0.0 0.0 0.0 1.0907591602873234e-07 0.0 0.0 0.0 0.0 7.835371309846654e-07 0.0 3.7427078910773754e-07 0.0 0.0 0.0 0.0 0.0 0.0 0.0 9.57118661769155e-08 0.0 0.0 0.0 0.0 0.0 0.0 0.0 0.0 0.0 0.0 0.0 0.0 1.0136595509185312e-07 0.0 0.0 0.0 0.0 0.0 0.0 0.0 0.0 0.0 0.0 0.0 0.0 0.0 7.262607977897846e-08 8.662359113813409e-08 0.0 0.0 0.0 7.856471980016496e-08 2.586468405685896e-07 0.0 0.0 0.0 0.0 0.0 0.0 0.0 0.0 3.2458050658722184e-07 0.0 0.0 0.0 0.0 0.0 3.474656083051518e-07 1.6483830524628272e-07 1.279746461786802e-07
0.00036236125765995897 0.0012666692572047497 6.528940331625117e-05 0.0006804335424294113 0.001012561278845621 6.858135556826678e-05 0.0 6.617883698014541e-06 0.0005492016740310583 0.0014974829943497146 5.152834314324925e-05 0.0001370089353572682 0.0016590861091806933 0.0005959028689986857 9.344562047666636e-06 2.2113229281971686e-06 3.4255808063862297e-07 8.334393577759124e-07 7.632768118252627e-08 8.247586897789714e-07 8.022164853149451e-07 0.0 0.0 0.0 2.283431855412293e-07 0.0 0.0 9.700359753107822e-08 0.0 0.0 0.00025716966365662024 4.058313680198493e-05 6.7059118519016305e-06 3.056248048797323e-07 7.40089448146802e-08 2.686048423204642e-07 2.3673842400859793e-06 8.804538062278166e-07 5.121771774383297e-07 4.46538856618027e-07 4.956401354899104e-07 2.6663072281327617e-07 1.9369394295246965e-06 5.029152221173338e-07 7.469470646375915e-08 9.656044501279993e-07 0.00011008168487380535 2.7666861289474756e-06 3.12223500071953e-07 8.360683462515977e-07 7.757656585093538e-07 0.0 0.0 0.0 3.290325958571498e-07 7.89893712117584e-07 3.9991956914334295e-05 0.0001203089618353355 6.449911037059087e-06 1.802272497734708e-05 1.309173621203143e-06 1.2578855118496923e-06 3.3008618905807386e-07 7.798459893904074e-05 1.1792297898028994e-06 1.7176937687541227e-06 5.4465124453627e-07 1.0831889420433016e-06 1.7003613429642458e-06 4.173154541727415e-07 5.281548805975698e-06 0.0 0.0 0.00019385375383950462 7.475326465426054e-05 8.356444207440658e-05 3.102667219774168e-05 4.723221030562737e-06 1.0505395626796657e-06 4.6083491580618125e-06 9.811323786400197e-07 3.0356668970197317e-06 5.461247246332571e-06 1.3982727122229784e-07 2.082555094235338e-06 1.5139478929952128e-06 1.553369866891469e-06 0.0 5.245658378613743e-07 1.7093708227737756e-07 3.0738767014947254e-07 0.0 2.32234359898335e-07 2.3969492856770576e-07 8.055231686220359e-08 3.183097536561233e-05 1.2968971185709717e-06 0.0 5.537975097531548e-07 4.170455816626086e-05 1.1227766498861e-06 4.453888444091981e-06 2.4936132203483386e-05 1.2580665240093687e-05 1.0664320412519154e-05 5.913401592717995e-05 9.225480692836e-06 4.307482871994513e-05 2.9610922393703257e-05 2.8573070785168755e-05 5.92723596158894e-06 8.360148384420818e-05 4.753181947701023e-05 6.418059532776122e-05 2.0199912720227188e-05 2.6449625819090386e-07 1.3974486700944294e-07 0.0 1.3861840957963376e-07 0.0 0.0 0.0 0.0 0.0 0.0 0.0 0.0 7.160271660762573e-08 0.0 8.239783278525711e-08 0.0 0.0 0.0 0.0 2.7295193700217836e-06 6.605048153417031e-07 1.507126777074549e-07 7.62381630551038e-08 1.0143230781618022e-07 1.3298719581569605e-05 0.0 4.8938409823052565e-06 0.0 5.743309889931706e-07 0.0 0.0 0.0 0.0 0.0 1.3549714259703511e-07 0.0 3.3643941860075756e-07 1.0734776381432559e-06 0.0 0.0 0.0 0.0 0.0 0.0 0.0 0.0 6.223902080775859e-07 1.8107239246266064e-06 7.489434404564065e-07 8.519640515509162e-08 0.0 6.052102643093324e-06 3.1851270438352834e-07 0.0 0.0 0.0 0.0 0.0 0.0 0.0 0.0 2.1464758285651568e-05 2.359083818763536e-07 0.0 0.0 0.0 1.6365727642470373e-05 1.538943335552859e-07 1.7949721460314833e-06 2.1094985390880306e-06 8.315801014281859e-07 7.661239329654141e-07 1.4520447059101728e-07 6.032747965236495e-08 0.0 0.0 0.0 0.0 0.0 0.0 0.0 0.0 3.0458493857663825e-05 2.0713012154531447e-06 3.5595844650404404e-06
3.169458333746962e-05 0.00018335703113699797 0.0013065964641723051 1.9653200494136806e-06 0.00011205732164917867 5.221234321950176e-07 6.617883698014541e-06 0.0 0.00010775027720023624 3.125487308308574e-06 0.0023358664553897097 1.9984835139789298e-05 8.036673263508916e-05 0.0004969206540496535 1.35825486008459e-05 5.918644559802509e-06 2.012493287667653e-06 7.982314746459392e-06 1.1855372745200376e-06 3.560083865676604e-05 4.188574762067951e-05 0.0 8.122519142777047e-06 5.434322624054451e-07 9.809002952550224e-06 4.1628661892792e-06 9.35752504031635e-07 5.747456168498501e-07 7.546100814053619e-07 2.653372280407218e-07 0.0007480706273668231 0.0017787130161216976 0.00018326491954686106 8.691916903102094e-06 1.0113801951883016e-05 1.2630920982984364e-05 3.3578905626154204e-05 1.0050663599743712e-05 5.2388873010590555e-06 4.141288081794495e-06 1.1935271337673104e-05 7.83927735825454e-06 5.202280141054138e-05 4.847671386509505e-06 2.85920322864417e-06 2.5411248016365425e-06 5.785742507522275e-05 1.0533573190700782e-06 1.1253911038511898e-06 1.230379383189331e-05 1.6307794983570058e-06 0.0 6.867494317245631e-07 2.3524685353902335e-07 0.0 1.9246108786676973e-07 1.6917836328620412e-05 8.719464545479155e-05 1.6597129991998665e-06 6.643376534087727e-06 8.76149538899971e-05 0.00010036743530381869 1.53059648375275e-05 0.0007350077992394086 8.175351092073668e-07 4.1033429105602515e-06 4.957285090383146e-07 4.987491653346327e-06 3.656980562813256e-05 2.2843678674893205e-05 1.6364152433395067e-05 1.1757344809689019e-06 1.7567787928262057e-07 6.734480557886739e-05 7.813024663553448e-05 5.052847775197646e-05 0.00013620688144050898 2.285761276890772e-05 0.00130706782984049 0.0016726994138629128 3.2655668611758445e-05 0.0010679658247869197 1.4974583866730033e-06 0.0 2.150452151386534e-06 1.216252884894217e-07 5.3235252009413635e-06 0.0 2.574014071618899e-07 2.631070514207376e-07 3.2295010032567735e-07 4.14382757952503e-07 1.4047040228652303e-05 3.5300713855273705e-06 1.6010445567138646e-06 8.960752347974226e-06 2.463682366207757e-06 5.709545575598809e-07 5.1756025030464245e-06 1.2193932559411556e-05 1.489165265464585e-07 0.0 4.035186932110487e-07 9.836529606962551e-08 0.0 8.467651929273038e-07 1.1811346814470775e-07 1.089882522288484e-06 5.135870030601871e-07 1.41282966532866e-06 6.630216569794244e-08 3.013661669885329e-06 2.0642248967466064e-06 3.5129249675190863e-06 4.196278586637415e-06 0.0 7.408836435976041e-08 6.536775657918506e-08 0.0 0.0 0.0 0.0 7.332095424856586e-08 8.581177245632474e-08 0.0 3.0628777900108554e-07 5.051318664179211e-07 3.1490409317964004e-07 1.2736696781975115e-07 8.134894933531706e-08 7.115070099517022e-08 1.4848477929259778e-07 0.0 0.0 5.506294300363576e-07 7.492881394638836e-08 9.453499798221445e-08 1.5335701120902026e-07 0.0 5.235278476273436e-06 3.775977133911497e-07 3.5821399334775867e-06 9.615330785076666e-07 7.496445033197281e-07 2.62189871228254e-07 8.169796378904487e-08 0.0 0.0 1.2764534696162927e-07 6.341948593786231e-08 2.9263547048323355e-07 1.069579300583491e-07 1.1969067776888873e-06 0.0 0.0 1.5948324170718775e-07 6.621204516051038e-08 2.0580256377259152e-07 0.0 0.0 0.0 1.0906062357681666e-06 3.622200807000632e-07 2.3145317650373974e-07 6.283470901691532e-07 7.684222147752081e-08 3.0049455747033712e-06 0.0 0.0 0.0 0.0 0.0 0.0 1.1512487922849019e-07 0.0 0.0 4.5868402181991144e-06 2.3403751544480628e-07 0.0 4.1313385247356627e-07 7.465924094355929e-08 2.495450649738482e-06 0.0 1.6436721514234228e-06 7.516220948991531e-07 2.3300839651963486e-07 7.069683215046707e-07 0.0 0.0 0.0 0.0 0.0 0.0 0.0 8.586257204949563e-08 2.4609389745947985e-07 0.0 2.0090308758966335e-06 2.1343240472584307e-06 5.2703274463811115e-06
3.3538191685416234e-06 0.0008629416110665427 0.0005599925158194197 1.627949012495446e-05 0.0020354499581481723 2.338414879418186e-06 0.0005492016740310583 0.00010775027720023624 0.0 0.00011795957272133809 0.0007625156925448866 2.4602996324704758e-05 0.0007371990116787685 0.0012021329439853975 5.585795926545811e-06 1.8993967338943032e-06 3.763136326441086e-07 3.786557589496899e-07 0.0 0.0 2.3557754377555097e-07 0.0 0.0 0.0 7.715748454134869e-08 1.7912153419652402e-07 1.136715048393952e-07 0.0 0.0 0.0 4.8294359453770516e-05 4.391340285087256e-05 6.682724247259166e-06 7.242791974455685e-08 0.0 1.7050761322864395e-07 3.0852233952300304e-06 8.141750359440643e-07 1.1494337856906056e-07 6.808292254496694e-08 4.0462318458132696e-07 1.640258129605536e-07 3.2333685302827767e-07 2.401670920567542e-07 4.5080149341639907e-07 0.0 4.8670102456271284e-05 8.290275094946237e-08 2.2485104757446449e-07 4.862985251362851e-07 8.48501453580439e-08 0.0 0.0 0.0 9.799217426260542e-08 6.123096870826736e-08 4.335134055508725e-06 1.2017115396842374e-05 1.2089697697843027e-06 7.32467375544447e-06 2.653035368918228e-07 7.866677681811402e-07 9.102220830503056e-08 2.115333485726624e-05 0.0 2.728136400933444e-07 0.0 0.0 2.7332793942433504e-07 0.0 1.9285254155802657e-06 2.241202585153973e-07 7.003833448313046e-08 3.5891447795223616e-05 1.7005788589799205e-05 3.33947969475937e-05 1.8828054755926684e-05 3.849006346468881e-06 2.028089912826583e-07 2.0356536184707568e-05 1.8969082329093053e-07 7.864465522727153e-07 4.460547544578798e-07 0.0 2.0067975119800538e-07 0.0 2.3968553644801114e-07 0.0 0.0 0.0 0.0 0.0 1.6155158909278225e-07 2.1275819237193856e-07 0.0 1.2967931442462559e-05 1.2441139535322177e-06 1.2487169793682717e-07 0.0 1.4580244795821044e-06 3.5922792113542516e-07 7.716348016388032e-07 5.7953420304115255e-06 1.182565043773807e-06 5.9208456947835776e-06 2.0120768071263712e-05 2.3272087334145686e-06 1.5676748176513646e-05 5.668526530620356e-06 1.0122304394140398e-05 3.050452826170052e-06 2.5730893443242857e-05 1.76915036999667e-05 2.2432303678924592e-05 1.0921739755069971e-05 3.695976263172056e-07 0.0 0.0 7.259124405106127e-08 0.0 0.0 0.0 2.799058788534986e-07 0.0 0.0 1.1341751782645014e-07 0.0 0.0 0.0 0.0 7.7287714632509e-08 7.007294567640771e-08 0.0 0.0 1.0759928751797699e-06 0.0 1.9683858782460348e-07 6.877438518331831e-08 3.666984514757725e-07 6.194533437277266e-06 0.0 1.8025870795275797e-06 2.7705681904840727e-07 1.8504921583199098e-07 0.0 0.0 0.0 0.0 0.0 7.559585159707892e-08 0.0 0.0 1.2326675718932376e-07 0.0 0.0 7.892246372257703e-08 0.0 0.0 0.0 0.0 0.0 5.319743364000995e-07 2.3475201752779654e-07 2.35472237029423e-07 0.0 0.0 2.1306331906588725e-06 1.0547710767863618e-07 0.0 0.0 0.0 0.0 0.0 0.0 0.0 0.0 9.898138188170632e-06 0.0 0.0 0.0 0.0 9.208405003239295e-06 0.0 7.476372786442868e-07 8.741084189681665e-07 1.1110587346735319e-07 0.0 1.2958704585739305e-07 9.791624869558077e-08 3.7970143867367e-07 0.0 0.0 9.839183496877451e-08 0.0 0.0 0.0 0.0 1.3699347402244449e-05 1.163973624875561e-06 6.670891841286052e-07
0.0003402030477150158 0.0009290246621443208 3.398845748846985e-05 0.0013505523806419133 0.0003006195209481771 0.0002506326970675875 0.0014974829943497146 3.125487308308574e-06 0.00011795957272133809 0.0 2.193133025427921e-05 0.0003276476430326486 0.003977826007056279 0.0003617039989473833 2.96106997812989e-06 5.47085747678592e-07 1.8059579578358725e-07 3.4919840236250496e-07 4.638239986986067e-07 2.8340622602575747e-07 3.665447931116944e-07 0.0 0.0 0.0 7.337401561749994e-08 0.0 7.031668076628081e-08 0.0 0.0 0.0 9.543027143064731e-05 5.994592021692812e-06 7.4714592291997945e-06 0.0 8.537966375645828e-08 0.0 3.7980737137856243e-06 0.0 1.4556669425331867e-07 1.0436487260150755e-07 1.8072279476651436e-07 2.658249994254728e-07 6.883746791658436e-07 0.0 8.72688653581151e-08 8.65821617588394e-08 3.835375376956505e-05 1.6085899940006745e-06 0.0 2.214839315905046e-07 2.4995551539093406e-07 0.0 0.0 0.0 8.291221973952194e-08 4.7107937556580786e-07 2.436119814182963e-05 5.793938882230802e-05 3.1249148928410234e-06 6.424279219520238e-06 3.3967485323307954e-07 2.850093212080498e-07 1.715683148676809e-07 2.607804692649269e-05 9.181580627463222e-07 8.203699411833232e-07 5.757805134346589e-07 1.4059765504835787e-07 3.5842780563716544e-07 8.539123550509671e-08 1.1361337610698971e-05 1.1356652339467242e-06 0.0 8.148410754013685e-05 2.231222774516816e-05 2.0546077692462946e-05 9.508054585380894e-06 9.273832272450974e-07 4.586962299325781e-07 2.389740130086955e-06 7.139076521750316e-07 1.1489573779492173e-06 2.8349166145625147e-06 2.0170408917828267e-07 3.8744765374021627e-07 5.470186337270709e-07 3.29472070388497e-07 1.3601388442679186e-07 7.620274682299556e-08 0.0 1.554481023107035e-07 0.0 7.879580975629167e-08 0.0 0.0 9.916350669814689e-05 2.6782585465558933e-05 1.4916660884725062e-07 2.4970439584963456e-06 0.0002309320378530931 8.624386856034553e-07 1.951655983495378e-05 4.7909740635288435e-05 2.2279998136052097e-05 2.488844602405917e-05 0.00012416454098979556 2.7763537904329092e-05 0.00010013963494446065 6.380383421948555e-05 9.607441244072998e-05 4.242678965707834e-06 0.00014752581084874743 0.00010079756222261791 0.00010641538418750821 2.7900893213459387e-05 1.0896028616562223e-07 0.0 0.0 0.0 0.0 0.0 0.0 7.462010072230091e-08 0.0 0.0 0.0 0.0 0.0 0.0 0.0 0.0 0.0 0.0 0.0 6.082469041861408e-06 1.6865780321751306e-06 0.0 0.0 0.0 1.2207703537224836e-05 0.0 5.89563106260572e-06 3.832406467680009e-07 7.024220645973373e-08 0.0 0.0 0.0 0.0 7.100578305268557e-08 0.0 0.0 2.9097900177409314e-07 8.30350067811913e-07 5.7082850052715043e-08 0.0 1.80982942790921e-07 0.0 0.0 0.0 0.0 0.0 5.673913023532586e-07 1.213747034500943e-06 3.508064975478767e-06 0.0 0.0 4.2619855602929905e-06 0.0 3.3769778739329913e-07 0.0 0.0 0.0 0.0 0.0 0.0 6.071939665168364e-08 2.440801924405074e-05 1.1607052055569878e-06 1.8035633232832746e-07 2.3808858584781644e-07 6.749591232582084e-08 1.744125578023357e-05 6.528361633021167e-08 1.79492264435806e-06 6.456666189083704e-07 2.634577745283108e-06 6.540532724854572e-07 0.0 1.4057895295578794e-07 0.0 0.0 0.0 0.0 0.0 0.0 5.9434883264726544e-08 0.0 5.936921872264146e-05 2.9590073262571135e-06 2.585676225570399e-06
4.719001467722986e-05 0.0011346411163115997 0.002528875672975228 2.8179833116909623e-05 0.0010389687771853152 2.882880351660413e-06 5.152834314324925e-05 0.0023358664553897097 0.0007625156925448866 2.193133025427921e-05 0.0 8.220963197931324e-05 0.000671817686958697 0.0022331668514918093 1.3398732693550057e-05 6.3171914755812805e-06 1.8923475455440148e-06 8.746041312121347e-07 6.967128168313414e-07 1.427429017146107e-06 3.4518985498677963e-06 3.568247159313278e-07 6.332633911160033e-07 2.325317971023341e-07 6.3604894978669465e-06 3.3796984834946784e-06 2.3265637549231373e-07 1.3201141755864493e-06 8.24172271016926e-07 3.5394072729859044e-07 0.0004718596954056544 0.0004763677512927461 0.00019701869281504644 5.854379454504846e-07 1.1230481396480504e-06 6.34940822598186e-06 6.163285138185085e-05 8.329357753189917e-06 3.5357903813826122e-06 4.11928212081517e-06 6.494577077711947e-06 4.625617837919767e-06 1.973391741131944e-06 1.5539854094392503e-06 3.364658151120861e-07 5.216671723302219e-07 7.741381261269065e-05 1.0103561315784016e-06 8.606851084007716e-07 1.6189383300564797e-06 4.043513771850078e-07 5.523491627494124e-07 3.6199541462522035e-07 3.493683422262054e-07 0.0 4.023693934889675e-07 1.2993059168781852e-05 3.44035365009585e-05 2.2139892168053553e-06 1.008190004285926e-05 2.8912319175926694e-06 3.781589464859862e-05 1.6003301422541484e-06 5.470504429471e-05 5.340734340784553e-07 5.083471367442863e-07 3.3720142345122986e-07 1.0383086515323102e-06 5.211912821137962e-06 5.932790329741475e-06 2.9118351668647024e-05 1.995126634036324e-06 0.0 6.154460992005583e-05 3.965573360210979e-05 6.343155122459221e-05 4.621005246360406e-05 9.81773346723723e-06 9.839045201611554e-05 0.0005954592175753903 1.7440249021672668e-06 3.333630486337623e-05 1.4190732343437831e-06 9.673009243382301e-08 5.825817498250071e-07 2.1973380455423952e-07 9.994300569411437e-07 0.0 5.40240267011268e-07 1.9807194017238393e-07 3.9928430396567093e-07 1.1342062845268143e-07 5.61633392454335e-06 1.7210241651097715e-06 6.179597891386386e-07 2.883896505079242e-05 5.560373966748479e-06 3.080344668238414e-07 4.5797032970456135e-06 1.0704090475348308e-05 3.317331177832445e-07 1.804498646969956e-07 2.3348482288096916e-06 7.415277294269298e-07 2.9917443124655042e-06 6.488015441688224e-06 1.6858351565806899e-07 6.805480801505564e-06 2.2215440954999525e-06 3.23473021239196e-06 6.741476057814038e-07 6.971461029689538e-06 8.072617485537083e-06 1.0710384937056333e-05 8.98895964355055e-06 6.60978610814232e-08 2.465789579991878e-07 0.0 0.0 0.0 0.0 0.0 0.0 0.0 0.0 6.842391399265822e-08 0.0 7.590931290733271e-08 8.82168506079064e-08 3.516335626793829e-07 0.0 0.0 8.373035824997714e-08 0.0 2.1341588171457148e-07 4.78937365071403e-07 5.818065467188705e-08 9.755571178130617e-08 0.0 7.131515180839253e-06 1.8610541034886538e-07 4.506224221122445e-06 8.72568817800883e-07 8.306226802470629e-07 2.669310132501388e-07 0.0 0.0 0.0 3.8170544867024214e-07 4.678731359131316e-07 0.0 1.891754724806504e-07 2.983190282005485e-07 0.0 0.0 0.0 2.499153510726595e-07 8.334922986628444e-08 0.0 0.0 0.0 5.472644115345219e-07 1.3613481933150448e-06 0.0 5.265871534545851e-07 0.0 4.4737633577566226e-06 0.0 0.0 0.0 0.0 0.0 0.0 0.0 0.0 0.0 1.0107535529622712e-05 1.747935578179318e-07 0.0 0.0 0.0 4.500333061962921e-06 0.0 1.9959209883043103e-06 9.164421197398727e-07 8.413477197112168e-07 4.6112607261200787e-07 0.0 1.5635981152500919e-07 0.0 0.0 0.0 0.0 0.0 0.0 9.158878587194292e-08 0.0 9.044529190371125e-06 2.844137644338042e-06 5.187248621938761e-06
8.598003882501857e-06 7.470345146366869e-05 5.844123718725131e-05 0.00011117156766991652 3.7053206424211436e-05 4.4267953430682564e-05 0.0001370089353572682 1.9984835139789298e-05 2.4602996324704758e-05 0.0003276476430326486 8.220963197931324e-05 0.0 0.0011036559836684664 0.00021856165105576088 1.038417078214642e-05 4.9805763369295305e-06 1.6564639008132364e-06 5.69752026698772e-07 2.38739500816069e-07 5.792941355329469e-07 6.576923820651938e-07 0.0 9.350835989099144e-08 1.6861457810874435e-07 2.248915295271078e-06 1.8312394903835192e-06 4.407017007776349e-07 1.0420189112106321e-06 1.1948209220778324e-06 1.399149711667824e-07 2.194501244233353e-05 6.5534222344360295e-06 0.00011234227381810617 2.952823943478401e-07 5.050082737897754e-07 2.106903055561787e-06 0.00024182749351749525 3.3379097994879963e-06 1.8224780172984763e-06 2.3968231245916895e-06 3.8711575977896055e-06 3.6502642032550296e-06 1.0600712881558581e-06 8.711890579149581e-07 2.4557762112836684e-07 4.403848112067812e-07 4.3079071296490195e-05 0.0 2.0689511647177099e-07 1.237057634837998e-06 4.0056227846579685e-07 0.0 2.3530155127260166e-06 1.0162597715780317e-07 0.0 6.426976576055556e-08 3.1679287309429014e-06 1.2797266446880687e-05 4.742931234377852e-07 4.284596477833291e-06 2.522774916293407e-06 1.2221676941230703e-05 7.038847270534889e-07 8.590679902087475e-06 9.47740123681943e-08 3.1552794350909875e-07 7.0174670821206e-08 5.596803501780909e-07 2.3645132689859042e-06 3.6456864950687417e-06 0.00011835443740045686 9.15085185716856e-06 1.0495087515300132e-07 2.0706073404365273e-05 1.4440189873856124e-05 2.2754287201437003e-05 1.9216415356559948e-05 4.396210889401361e-06 2.372663783315693e-07 1.1561293878428391e-05 9.398507267090308e-07 5.414972529990149e-06 3.459924584383789e-07 0.0 2.2555571394493477e-07 5.897360696748751e-08 4.1497963674289684e-07 0.0 1.285018754190582e-06 1.2111428050766514e-07 5.223775123076914e-07 6.704095038077305e-07 2.781051723775389e-06 1.286562468175294e-06 1.0992549869875087e-06 0.00048424169397903196 0.00011561972191551526 3.217569188679171e-06 6.077238206219197e-06 7.30291993591288e-06 2.0173980442481384e-06 2.5854245112861264e-06 1.186832143882705e-05 4.5966002515924796e-06 1.9272154733715137e-05 5.6134146828768526e-05 5.923193363261246e-06 4.797658434567916e-05 2.503803912276383e-05 4.113155327337467e-05 7.6427006380611e-06 8.868810464403981e-05 7.157400706639507e-05 0.00010280097817172671 5.063227817187545e-05 9.68395563566624e-07 3.1663730892399996e-07 1.6640879909414782e-07 2.5841437602235017e-07 0.0 0.0 9.300992584907106e-08 9.156770152160786e-08 0.0 0.0 7.090606229028277e-08 0.0 1.5019174091344966e-07 0.0 1.7000939276845425e-07 6.973061249733149e-08 7.893223371764135e-08 1.8850525848627308e-07 3.4336376569124387e-07 4.749727010742932e-06 1.4578781815730517e-06 0.0 7.6638267354098e-08 0.0 4.075672411590551e-05 1.1436780318718705e-07 1.656347432504922e-05 2.027255520198779e-06 9.767762313787976e-07 6.514169400841099e-08 0.0 0.0 5.898322362182214e-08 3.6557563588829395e-07 1.4627789403416546e-07 0.0 8.214330415094891e-07 3.291845143515912e-06 1.0582780888039084e-07 1.2310385456982602e-07 1.9162247836889834e-07 2.865652203043193e-07 7.368910891123423e-08 0.0 3.1595123511700696e-07 1.5077829658686124e-07 1.3918834476088134e-06 1.453052992401922e-06 9.192331072200415e-07 4.2957299184252075e-07 4.3483206956127227e-07 1.9427359763586976e-05 8.733620384427608e-07 2.7378665274080617e-07 7.421550573050805e-08 0.0 1.7583682242541897e-07 0.0 0.0 1.0245595576317382e-07 0.0 6.200385861473173e-05 1.8663663685347956e-06 2.9552019296089164e-07 2.3674309213852674e-07 3.0772395184617987e-07 2.6895236159254833e-05 7.952783649410579e-08 5.880654689745556e-06 2.2339072685031376e-06 3.2450500599307662e-06 1.2479079920135073e-06 6.737832736840689e-08 1.3812240160711563e-07 6.73432068648488e-08 0.0 0.0 9.54256337990944e-08 0.0 0.0 1.9335681131000332e-07 8.99194146356884e-08 8.367078638415269e-05 1.2616811083823244e-05 1.4760256204607249e-05
