0.0 0.0031315267805682567 0.0005389415457617717 0.0016846471011406066 4.0864953154388045e-05 9.101776024610702e-05 0.00024153141038128577 0.00017347030241691421 4.9727459952301955e-06 0.0010097595999931657 1.617441924188219e-05 8.222225741731779e-06 1.7427070280835074e-05 3.350384382781694e-05 1.683916050642741e-06 6.468308361826723e-07 4.7626872562541535e-07 0.0 0.0 9.416226953032114e-08 5.649436198319132e-07 2.665491747922577e-07 1.6221205102908406e-06 2.2464263110712656e-06 6.128869917715444e-07 4.157268370177154e-07 4.3601713156688943e-07 9.083977644550793e-08 2.2320397983289477e-07 2.0723638395442828e-07 0.0008912127482642713 5.881389991901206e-05 1.2754598570457096e-05 1.6787122540298736e-07 4.363662659210653e-07 6.774799099276945e-07 2.606019194596276e-06 8.306199734346696e-07 1.7117420815962202e-07 3.0936802001220854e-07 2.3187677628236655e-07 0.0 0.0 8.52412116497058e-08 1.1237726828261866e-07 0.0 3.091224841486345e-05 6.527054012877768e-06 6.788480489125115e-07 1.4828622422084936e-07 5.01244344071172e-07 6.256777489525459e-07 2.161265215800814e-07 1.4307194646452223e-07 8.90003288906503e-06 1.0455912219988718e-05 0.00015646223647897424 0.0004942288021416914 5.758071447967881e-05 3.9618739947653306e-05 2.1533439696549377e-06 1.982465396754356e-06 5.26034064771126e-07 1.3355478827497316e-05 1.0524168247817806e-05 3.82185093475081e-06 1.0421625613382418e-06 2.2671185983268245e-06 9.741312285330483e-07 1.142011001093966e-06 1.3611252851880949e-05 3.541257788384485e-05 2.2745285845231165e-06 0.00032289649790723224 3.929656481681954e-05 2.493509888595243e-05 2.53905002545441e-06 1.4012923758357539e-06 3.248987914582916e-06 6.752897500275503e-05 1.2684741855109677e-07 2.3128943998463443e-05 2.6001707829714665e-05 1.0977667144851359e-06 4.375262151846297e-06 2.73670486901738e-06 2.2622879139616674e-06 6.664313210057933e-07 9.98325199392814e-07 1.0823388063800185e-06 2.3003518705897461e-07 5.484630945452282e-07 1.3394703651591207e-06 7.98711028624202e-07 2.2289727559284755e-07 6.473147598640349e-05 3.2247319345038496e-05 1.0561116641619803e-06 6.809105709994958e-07 0.0008038834440175385 1.00843742776478e-07 4.399424473532542e-06 2.5370449057038714e-06 1.7124199523416976e-06 4.6081783836275585e-06 2.074668027525135e-06 2.2828956278536916e-05 1.1435975981463035e-06 3.594470134012823e-06 4.466610413648169e-05 1.549012471350399e-06 9.911338634869205e-06 2.2774202314833973e-05 7.1226892247444635e-06 2.6383151422556852e-06 0.0 0.0 0.0 0.0 0.0 0.0 0.0 0.0 0.0 0.0 0.0 0.0 0.0 0.0 0.0 0.0 0.0 0.0 0.0 9.165377155602467e-07 6.249460228823801e-06 0.0 0.0 0.0 9.143397027970982e-07 0.0 2.5943173300518556e-06 0.0 1.0977312443675611e-07 0.0 0.0 0.0 0.0 0.0 0.0 0.0 0.0 0.0 0.0 0.0 0.0 0.0 0.0 0.0 0.0 0.0 1.3456563148668202e-07 0.0 2.168954648210108e-06 0.0 1.2117934784376006e-07 1.7118124457505726e-06 3.229131197251517e-07 0.0 0.0 0.0 0.0 0.0 0.0 0.0 0.0 3.241671988272489e-06 0.0 0.0 0.0 0.0 1.5161989092175229e-06 0.0 0.0 0.0 9.833411145139129e-08 0.0 0.0 0.0 0.0 0.0 0.0 0.0 0.0 0.0 0.0 0.0 9.919851374911432e-06 2.2236699909862276e-07 0.0
0.0031315267805682567 0.0 0.000979019770256183 0.0029629326625769466 0.0008750868586564711 5.326026705630268e-05 0.0008104217804317225 0.00034612891538676483 0.0005913672679532721 0.0013979339856575645 0.0023493350212154774 7.923671438973965e-05 0.0006132147067539598 0.0020171474901162036 1.840079271538132e-05 6.267382995896453e-06 1.6212807549633474e-06 3.099095712305811e-07 1.7275955311798474e-07 8.666250878388071e-08 9.68677501030404e-07 4.154621043785103e-07 1.1779203861536059e-06 2.81433222065281e-06 9.403691434913935e-07 1.208704627264141e-07 8.415319018836892e-07 3.6963075632568014e-07 0.0 4.572299136998943e-07 0.0009728169625021674 7.122497977970903e-05 3.69413739047987e-05 5.5565097220283395e-08 6.614801946056704e-07 1.7684435393349896e-06 1.0468472156878593e-05 1.529033225160743e-06 8.425281454445178e-07 1.079090380826103e-06 1.0582408470267725e-06 2.4675522675410667e-07 0.0 1.8040332818501768e-06 5.618398258280145e-07 2.1246645690563813e-07 0.00018578093944298085 2.4143215690366794e-05 2.875841384187032e-06 1.0402711528827582e-06 1.060845702156067e-06 4.950527570013988e-07 2.9098064377768486e-07 1.2357204358484795e-06 1.9420461273261412e-05 2.7222537867293267e-05 7.342921832149792e-05 0.00031414088253653314 5.297852977585415e-05 0.00010531421938003644 3.246069442244024e-06 6.638608678932509e-06 5.052957851059049e-07 3.429881545133301e-05 3.0493141267999002e-05 1.716618296330728e-05 3.888968985508155e-06 1.0814347898275834e-05 1.9989773595930437e-06 3.1750580669952858e-06 2.702744148965959e-05 8.814260965921307e-07 0.0 0.0005145517146912033 0.00017402290713265222 0.00020726224174068053 7.265491922801746e-05 2.855396162113209e-05 5.203891337009819e-06 0.00032574278502395655 1.1351131095765766e-06 2.7529716130720672e-05 6.502637305668816e-05 1.984190464819219e-06 2.005226795755799e-05 8.273526994576538e-06 8.916889977205822e-06 0.0 3.652687372014667e-06 1.6189864896802846e-07 1.3795519742342363e-06 6.783512086179492e-07 1.0004542117847178e-06 1.5290014466629626e-06 8.66822548349156e-07 1.9754568771498447e-05 2.7646338773523087e-06 0.0 7.753213312176038e-07 0.00038834026566065286 6.189109628432207e-07 8.016740825626435e-07 4.888139842117433e-07 1.801658312350313e-06 2.6252502117644776e-07 1.9302208997819846e-07 3.6815808454126434e-06 1.1815867406898004e-06 5.875396477868505e-06 9.390330775109676e-06 1.314989447279256e-06 6.113730367440538e-06 1.1099313529626057e-05 1.7482911691094228e-06 1.95780902112352e-06 4.458532408863684e-07 0.0 0.0 0.0 0.0 0.0 0.0 0.0 0.0 0.0 0.0 0.0 2.2784825503358376e-07 0.0 0.0 1.338227106382748e-07 0.0 0.0 0.0 7.279273052222159e-07 1.7538714933061474e-06 0.0 4.884047787386591e-07 0.0 1.3810583020695568e-06 2.7188701012254845e-07 3.2270104322203945e-06 7.610191614065017e-07 5.253652819941223e-07 1.3620969553759538e-07 0.0 0.0 0.0 0.0 0.0 0.0 0.0 1.0465847926623754e-07 0.0 0.0 0.0 0.0 1.705863470993118e-07 0.0 6.543979219633486e-08 6.384076237988244e-08 0.0 0.0 5.156284760714256e-07 1.3801373369849724e-07 0.0 1.5169624043800686e-06 0.0 1.0167519195943458e-07 8.591979367861488e-08 0.0 0.0 1.1549839173739726e-07 0.0 0.0 0.0 6.154599243828592e-06 0.0 0.0 0.0 0.0 4.1823728837617985e-06 0.0 1.2376004637690565e-06 4.774591084144531e-07 0.0 0.0 1.5122968553385602e-07 0.0 0.0 6.812143654436864e-08 0.0 0.0 0.0 0.0 0.0 0.0 7.745531204222578e-06 1.704256293748267e-06 1.1466188480018793e-06
0.0005389415457617717 0.000979019770256183 0.0 3.834059635179438e-05 0.0004407560766759791 2.4766673588391326e-06 2.6279336460778408e-05 0.0023241016515361127 0.00012338768352213532 2.9212041140259227e-05 0.002608634255408356 2.310249097378967e-05 9.519928702589582e-05 0.0016310395063724092 1.3487379644424928e-05 4.78887928693552e-06 1.283820296021446e-06 5.484840450753964e-07 0.0 1.064074987719458e-06 6.333592573117084e-07 2.0645254373438772e-07 3.8104855366614313e-06 8.198032129452914e-06 3.6894573159725804e-06 5.248689296047238e-07 3.881201276651129e-06 0.0 4.32730590626439e-07 3.134828358128627e-07 0.001737377931928282 0.000583852774422504 6.29186271282421e-05 1.1234137374633548e-06 1.7584126618011261e-06 3.998193963189264e-06 7.237385723770758e-06 4.362083627627543e-06 3.0470747993443686e-06 2.8009437972812176e-06 1.6495192774017973e-06 0.0 6.708006234372118e-07 1.2547100046227042e-06 2.206127919265639e-07 5.290495773322451e-07 7.320598704836772e-05 9.4933533377534e-06 1.3002217160094572e-06 1.8406554258136975e-06 5.369962533303973e-07 8.072327743376461e-07 4.06630915102051e-07 5.598470153957062e-07 7.055331018835744e-06 1.0763613303191071e-05 5.0860746688830034e-05 0.00023707911552250962 2.6694691173115492e-05 3.8510389100570376e-05 2.080797985706501e-06 7.095746519637447e-06 8.375923733611179e-07 0.00011091657240673325 9.092851963468061e-06 8.693601995387485e-06 2.6934730679207963e-06 9.223124458634262e-06 3.2384069386727506e-06 8.172945944642973e-06 2.082582029748923e-05 1.6079491108204011e-06 0.0 0.0002562090386849162 0.00012075084857833601 9.713681305929086e-05 5.199013597424715e-05 2.449564761919384e-05 3.1670682272617465e-05 0.0010560516806014746 1.853361446212326e-06 0.00011818697808239957 2.5506643662786485e-05 7.826160189574647e-07 7.05075311049409e-06 2.993763277292158e-06 6.816035091969731e-06 8.03989703983782e-08 2.0544345357181097e-06 3.1342778482660413e-07 1.7313651570162645e-06 7.031536089737879e-07 2.9819764467087217e-06 8.770478943002541e-07 7.845786850803727e-07 3.3789629463153087e-06 0.0 0.0 1.0905504501523944e-06 0.00012028920018959389 0.0 0.0 7.64804570681051e-08 0.0 1.542485134987391e-07 0.0 1.0529232097945904e-07 0.0 3.3896701015548966e-07 7.410498673065133e-07 0.0 5.997481642223268e-07 1.1587113129610272e-06 4.416378225679534e-07 8.597443905696617e-08 6.068731961678034e-08 0.0 0.0 0.0 0.0 0.0 0.0 0.0 0.0 0.0 1.3188423403041793e-07 0.0 2.5173002537223956e-07 0.0 0.0 0.0 0.0 1.4413106512935766e-07 0.0 1.0232515217818952e-07 0.0 0.0 0.0 3.287225888759977e-07 4.707940358358522e-07 1.1580759193566824e-06 8.307495093164844e-07 3.9360587526676906e-07 0.0 0.0 0.0 0.0 0.0 0.0 0.0 8.441325422177728e-08 5.549948279330865e-08 2.477484488299449e-07 0.0 0.0 0.0 7.610183090420588e-08 1.121566646080525e-07 0.0 0.0 0.0 0.0 0.0 0.0 0.0 1.9638289831431266e-07 3.5380858557791853e-07 0.0 0.0 0.0 0.0 0.0 0.0 0.0 0.0 0.0 1.8194234449064136e-06 3.443597965396561e-07 0.0 0.0 7.738243499992772e-08 1.5578690316953788e-06 4.817890198518599e-07 8.22577950186425e-08 0.0 0.0 0.0 0.0 9.333559946662011e-08 0.0 6.299457023125191e-08 0.0 9.237526102315032e-08 0.0 0.0 0.0 8.934436475343137e-08 1.4394905475325204e-06 1.1904159078050985e-06 4.717363923287651e-07
0.0016846471011406066 0.0029629326625769466 3.834059635179438e-05 0.0 2.3875221146492816e-05 0.00019433246899796305 0.0007201853565468953 1.0899479636939196e-06 5.564959263655909e-06 0.0008808724775333145 4.2416028600460345e-06 7.618402674702547e-05 0.00019815810623550142 3.302690153441688e-05 2.102311282150185e-07 1.0105900888611918e-07 0.0 0.0 0.0 0.0 0.0 7.938642022400089e-08 0.0 1.2989834244603547e-07 6.127857837811104e-08 0.0 0.0 0.0 0.0 0.0 2.0853987479963005e-05 2.3334143231399408e-07 1.4718388773957257e-06 0.0 0.0 0.0 0.0 0.0 0.0 9.655918300580739e-08 0.0 0.0 0.0 1.3315810738622884e-07 0.0 0.0 1.498318609292764e-05 4.340451858404675e-06 2.0063064769780221e-07 0.0 0.0 0.0 0.0 0.0 2.971468974005409e-06 3.486824011563561e-06 1.9604715337107556e-05 3.9850653316822956e-05 8.333667560612653e-06 1.4700100530646628e-05 1.2895839020868903e-07 1.2940220755652925e-07 0.0 2.5283453214973913e-06 4.171417278983052e-06 2.109596552732546e-06 3.686597074821075e-07 6.165077771411101e-07 0.0 0.0 2.6095358563011755e-06 1.0306487871736743e-06 0.0 7.960351584868228e-05 2.199757732453206e-05 1.7102144311295644e-05 1.992081449088187e-06 1.9904627854976713e-07 1.4140681431593122e-07 3.4018534344420295e-06 1.2374492954655196e-07 5.334136127392442e-07 1.2610120252053708e-05 2.692047132748377e-07 3.0352439162151754e-06 8.712539440606437e-07 9.520881846489319e-07 0.0 2.837708809282114e-07 0.0 1.496047908653441e-07 0.0 8.999880429429309e-08 0.0 0.0 2.090354147975388e-05 1.368602577019983e-06 0.0 0.0 0.0002680053618659835 1.6765522449641265e-07 2.0255007719346736e-06 2.4854239127336235e-05 2.1950358127301474e-05 8.861037374519771e-07 0.00010034048070941931 7.823770212582213e-06 4.085697103178582e-06 7.837873547518782e-05 2.068489248259832e-05 1.3581805465040988e-07 1.2012923126433263e-05 5.324554804500876e-06 5.183201418739574e-06 0.0 0.0 0.0 0.0 0.0 0.0 0.0 0.0 0.0 0.0 0.0 0.0 0.0 0.0 0.0 0.0 0.0 0.0 0.0 0.0 1.3511949202328482e-07 0.0 0.0 0.0 0.0 2.4516218700225623e-07 0.0 2.476991292597677e-07 3.358762426316282e-07 0.0 0.0 0.0 0.0 0.0 0.0 0.0 0.0 6.758255410845855e-08 2.096568226885377e-07 0.0 0.0 0.0 0.0 0.0 0.0 0.0 0.0 4.98007363714293e-07 5.34159555072642e-07 9.713618259176514e-07 0.0 0.0 5.60072474608409e-07 0.0 0.0 0.0 0.0 0.0 0.0 0.0 0.0 0.0 5.544405206399482e-07 0.0 0.0 0.0 0.0 4.292728772707335e-07 0.0 1.9675160178042182e-07 6.117566448311623e-07 0.0 6.841810051911637e-08 7.67080442527274e-08 0.0 0.0 0.0 0.0 0.0 0.0 0.0 0.0 0.0 2.053510361040519e-06 0.0 0.0
4.0864953154388045e-05 0.0008750868586564711 0.0004407560766759791 2.3875221146492816e-05 0.0 5.279698667181449e-07 0.0004772230387516655 0.00020024582730156416 0.0011854263436542087 0.000509256928938248 0.002253604606888683 6.521361879040452e-05 0.0005019719825424156 0.0011900009208674444 1.7260396086663777e-05 5.196453081705902e-06 1.0144333354719713e-06 0.0 0.0 7.163668156078031e-08 5.491733668962857e-07 0.0 3.873701415972306e-07 7.078477915822009e-07 1.9548109673375408e-07 0.0 2.1285889137351185e-07 1.0820843021141276e-07 6.560499806048987e-08 9.725266671652806e-08 5.1277609560116396e-05 3.0869090181635846e-05 6.126452541614954e-06 8.104707892886071e-08 8.489324121387263e-08 6.182058281923224e-07 2.4315863207526736e-06 8.649759096012366e-08 1.032420564810007e-06 2.851891800908976e-07 1.6073296123433215e-07 7.981728163230953e-08 1.0904993141641974e-07 7.671140315646986e-07 7.534202736145431e-08 5.2305091266695884e-08 8.817852548697226e-05 8.605576114981293e-06 1.6895268483378919e-06 2.6730602739052424e-07 3.669639666324542e-07 0.0 0.0 8.450612667579753e-08 5.315308225700341e-06 8.27631025840129e-06 5.481953821574982e-06 3.1416211366507595e-05 6.390632460688302e-06 2.9722080086597935e-05 9.80619749982841e-07 3.7801648054565545e-06 2.316196326258907e-07 1.857306195320151e-05 5.764349480075938e-06 5.855943022972591e-06 1.262643518938183e-06 5.1317559164392005e-06 4.400122989132663e-07 1.803652774606128e-07 2.3868538256558176e-05 6.729838873563105e-07 0.0 9.813882850293779e-05 3.9737728389689854e-05 8.709473090678596e-05 4.6519405000156444e-05 1.968624601235105e-05 1.3036725516658653e-06 8.332956453532278e-06 6.632101887491761e-07 9.58788572743832e-06 1.6272737593408954e-05 5.127795449143211e-07 6.6553506626032634e-06 2.4080758286085816e-06 2.5101005428949724e-06 8.081101512681341e-08 1.0963094358147204e-06 0.0 6.219387083036888e-08 3.9518060975741195e-07 1.5475626405817022e-07 0.0 3.5115763222820356e-07 2.5184292433458825e-05 2.1964349131185543e-06 0.0 1.5373666100890635e-06 7.5562185278808776e-06 2.883758297970189e-07 7.076114514965066e-07 2.1506761747595067e-06 1.8969511757127862e-07 1.6568777043668586e-06 1.3248175267378454e-06 2.52304464925681e-06 8.967212004386739e-07 5.660393748840159e-06 1.2645715984633501e-05 1.2056800620048019e-06 8.712890738202783e-06 1.532487320376348e-05 3.4730683778332282e-06 5.499064373509211e-06 0.0 0.0 0.0 0.0 0.0 0.0 0.0 0.0 0.0 0.0 0.0 0.0 0.0 0.0 0.0 0.0 0.0 0.0 0.0 1.357050857941769e-06 1.684753760295571e-06 0.0 0.0 7.383941936212975e-07 2.820540055552377e-06 1.1451596588594374e-06 5.549014975536173e-06 9.917126736125227e-07 9.323999474368227e-07 0.0 0.0 0.0 0.0 0.0 0.0 0.0 8.227153278211148e-08 1.2481763901546956e-07 0.0 0.0 0.0 8.896389277963516e-08 0.0 0.0 0.0 0.0 7.892157592711133e-08 1.61506631864813e-07 6.936939919679132e-07 0.0 1.069436389457001e-06 4.2006840762502564e-06 8.247833403107856e-08 0.0 0.0 0.0 0.0 0.0 0.0 0.0 0.0 9.068813399220542e-06 1.1352359852589863e-07 0.0 0.0 0.0 4.281246142175997e-06 2.0520621056764478e-07 2.254367996328646e-06 1.2727020894988764e-07 1.794340840027138e-07 8.346208016566222e-08 0.0 0.0 0.0 0.0 6.235895324863905e-08 0.0 0.0 0.0 0.0 0.0 8.817406026120995e-06 1.1539337691101014e-06 8.718007975736888e-07
9.101776024610702e-05 5.326026705630268e-05 2.4766673588391326e-06 0.00019433246899796305 5.279698667181449e-07 0.0 1.5737792552171144e-05 4.1396592261924744e-07 5.719145090158657e-07 0.0003046369492986122 8.834748632805201e-07 3.1948549412887445e-05 1.2707236446405373e-05 3.666056784719995e-06 0.0 0.0 0.0 0.0 0.0 0.0 1.634846993314474e-07 1.465533390922883e-06 1.8630087303550197e-07 0.0 0.0 1.4909507105013113e-07 0.0 1.2988108353566115e-07 0.0 0.0 8.932684907561665e-06 0.0 1.5571815674411373e-06 0.0 0.0 0.0 3.7943446403957905e-06 0.0 7.904660015575426e-07 0.0 3.0842204244000725e-07 0.0 0.0 0.0 0.0 0.0 3.219106450863267e-07 3.3208012883535166e-07 0.0 9.487582789326532e-08 4.0610558232159484e-07 3.244648409636745e-06 1.914979565435849e-07 0.0 0.0 7.343933830344712e-07 1.5410189111930258e-05 4.140194328832958e-06 0.0 0.0 0.0 7.998690568346635e-07 0.0 1.2142856745010488e-07 8.129806204784601e-08 0.0 8.046131057021716e-08 1.1822554646830495e-07 0.0 0.0 6.141648543105154e-05 0.00016302838028378305 1.67361022620446e-05 1.9376564569115626e-06 1.9276647469934438e-07 2.421336009340962e-07 1.0724804474093929e-07 0.0 0.0 8.069843483119892e-07 0.0 1.2604654867732518e-07 0.0 8.356491411475073e-07 0.0 4.721064654563582e-07 0.0 4.396396199018282e-06 4.291344303595468e-06 1.1110804078329148e-05 1.0268891898458053e-06 4.520501414197273e-06 0.0 8.808667456528414e-08 6.939962462777311e-07 0.0001376261671838891 8.048282960983374e-05 8.442607554651069e-06 2.9829358152202394e-06 0.00011417289800349423 0.0 1.2694036977534829e-06 1.37563599448379e-06 1.27828296038452e-07 8.460553705901338e-07 4.469763750600513e-07 7.564864319073449e-06 5.48250767623321e-07 1.7507740126775014e-06 1.9854374810531922e-05 8.535882736174632e-07 6.000393507268134e-06 1.1990617066395582e-05 2.845005795466783e-06 4.0324371873846057e-07 0.0 0.0 0.0 0.0 0.0 0.0 0.0 0.0 0.0 0.0 0.0 0.0 2.7089785588253413e-07 0.0 4.1593641285990347e-07 0.0 1.0295106984128006e-07 1.1673048747875653e-07 2.3903004206521623e-07 0.0 6.119727221566181e-07 0.0 0.0 0.0 1.8920500801662716e-07 0.0 5.572165775763748e-07 1.101081918384368e-07 2.1778192501727283e-07 0.0 0.0 0.0 0.0 0.0 0.0 0.0 0.0 7.116652909084304e-08 0.0 0.0 0.0 4.4525789077571195e-07 0.0 0.0 0.0 1.401832892460045e-07 0.0 0.0 6.238805943693171e-07 0.0 0.0 9.897970991554889e-08 0.0 0.0 0.0 1.562720854698719e-07 0.0 0.0 0.0 5.931229117591467e-08 0.0 6.51164662618141e-07 3.8413233238941056e-07 0.0 1.11790606410904e-07 0.0 5.789336655407865e-07 0.0 2.006243695928023e-07 6.067182421904646e-08 0.0 0.0 0.0 0.0 0.0 0.0 1.0059641600703386e-07 0.0 0.0 0.0 0.0 0.0 5.1958736855062655e-06 0.0 0.0
0.00024153141038128577 0.0008104217804317225 2.6279336460778408e-05 0.0007201853565468953 0.0004772230387516655 1.5737792552171144e-05 0.0 6.649623996249261e-06 0.00048127152628482 0.0018830778362313363 0.0003568229227343492 0.0003854434931684502 0.0030400364431457773 0.0017136471106944204 1.1326177291971373e-05 3.5460574502109466e-06 3.7653181628744716e-07 4.500603824521244e-07 8.148758087293698e-08 1.2281109081969235e-07 1.85237251535058e-07 0.0 4.061621322935978e-07 1.245124455179177e-07 0.0 1.2631575476026147e-07 5.679330147708275e-08 0.0 0.0 0.0 3.5988029199758336e-05 1.5178639214472544e-05 7.620070653160539e-06 2.631456424232415e-07 1.0524710451535857e-07 4.0518579291210395e-07 2.2770280756505203e-06 1.0661470856800802e-07 0.0 1.5121062784058852e-07 1.930236359909466e-07 0.0 0.0 2.7571907606318794e-07 5.280611696459152e-08 0.0 7.767468713044079e-05 9.347267148456865e-06 2.628866470784932e-07 8.591396233015058e-08 3.245647080966642e-07 0.0 8.712289139379004e-08 1.1358442795524229e-07 6.284448619406978e-06 8.29603938559315e-06 1.2557570291178517e-05 6.264670846894604e-05 1.4481109235687552e-05 3.805970692119637e-05 6.836004156813076e-07 4.5600181701736596e-06 9.301114841103476e-08 1.1921660829994241e-05 9.2596363477875e-06 5.986121035009898e-06 1.5433279411917515e-06 2.939443590333669e-06 3.7171268293008466e-07 4.896993028274893e-07 2.2320159391785977e-05 1.750573418993029e-06 0.0 0.00015167586455725008 5.4252365233778397e-05 7.687171527304768e-05 3.119502189419086e-05 1.4496616742874883e-05 1.1040095551106146e-06 2.9552344469753118e-06 4.673187755293744e-07 7.519014236638002e-06 2.211854432194041e-05 3.275132130558225e-07 5.5837112284937136e-06 4.11142391334703e-06 2.8999869583815685e-06 2.0077698397670463e-07 1.7489250519712726e-06 0.0 4.473616673017313e-07 8.119100507382126e-08 1.4065862056472908e-07 1.699927428661694e-07 2.57798730881228e-07 4.618668685596129e-05 2.2022059259370883e-06 0.0 6.707014199728124e-08 3.619790746085076e-05 1.6456229960875441e-07 5.695401567454259e-07 1.2585913701470442e-05 3.861289390765962e-06 2.028001356439915e-06 3.0255089078996963e-05 2.2837486283367897e-06 1.2842930661319795e-05 1.8958157175249345e-05 3.1705801850905955e-05 2.678603335079875e-06 1.1511980484104621e-05 2.1335475715098907e-05 7.617722688917576e-06 4.461667387649441e-06 0.0 0.0 3.1279823432747437e-07 0.0 0.0 0.0 0.0 0.0 0.0 0.0 0.0 0.0 0.0 0.0 0.0 0.0 0.0 0.0 0.0 7.656772331544142e-07 1.408187810192198e-06 0.0 0.0 1.955754799302697e-07 2.432700931281928e-06 1.4912657679128991e-06 6.693702271656497e-06 6.457264422699817e-07 7.620077101738428e-07 1.1896599839901557e-07 0.0 0.0 0.0 0.0 0.0 0.0 7.717204794192505e-08 1.9076728035127768e-07 0.0 0.0 0.0 1.2150564470924235e-07 0.0 0.0 0.0 0.0 2.0314179564375966e-07 0.0 3.9968037685396907e-07 3.6225787443534283e-07 0.0 5.968545579995025e-06 0.0 0.0 0.0 0.0 0.0 0.0 0.0 0.0 0.0 1.0816669045369912e-05 0.0 0.0 0.0 0.0 6.267576482624985e-06 0.0 6.470207135886669e-07 2.9896435941966153e-07 5.96623307999126e-08 7.60813094954468e-08 0.0 9.72027475520531e-08 0.0 0.0 0.0 0.0 0.0 0.0 0.0 0.0 1.3870968409313185e-05 1.1145213895685254e-06 2.024789406205779e-06
0.00017347030241691421 0.00034612891538676483 0.0023241016515361127 1.0899479636939196e-06 0.00020024582730156416 4.1396592261924744e-07 6.649623996249261e-06 0.0 9.891531159513427e-05 4.769827048800431e-06 0.0016072468834317799 2.03551982570412e-05 4.594436906201027e-05 0.0014802422209292756 3.8675503661797596e-05 2.0607926436446293e-05 2.2617903976539267e-06 2.405133396011282e-06 2.9224296201083813e-06 6.934666316885839e-06 8.067056474769967e-06 1.1457619395747707e-06 2.3498803259000318e-05 5.1941200097393485e-05 1.6126962693485328e-05 2.7046509575894934e-06 1.6001698350839665e-05 2.0181795609647003e-07 1.7662716794642988e-06 1.5358926250755678e-06 0.0008842821266341671 0.001777200647342787 0.00013058254416074342 9.677045910931589e-06 1.3764420326252732e-05 2.82010887494828e-05 2.43434112559827e-05 2.2585700772009612e-05 8.675086594013641e-06 1.8599297560280218e-05 9.814217079439117e-06 1.4808959961549255e-06 1.3615249841523715e-05 7.875512996086759e-06 6.988693742772806e-06 7.766487671550047e-06 0.0001146265750740882 1.1339927288339628e-05 5.227837310965337e-06 1.3521408019875292e-05 8.793667746927514e-06 2.631250116766987e-06 3.35763350782114e-06 1.9911848733834202e-06 3.996400464955576e-06 7.77836261898175e-06 2.047052690480858e-05 0.000125478151594203 1.2588210315164503e-05 3.863183185254049e-05 8.45052970312758e-05 3.444431767693217e-05 6.826870795524056e-06 0.00025314143101104133 9.169921665953894e-06 1.7695935964683157e-05 6.055566652047332e-06 4.140344918116512e-05 3.0034445866477352e-05 4.4619265558184276e-05 4.365687289877208e-05 2.0366682627571676e-06 1.1180483207953678e-07 0.00015207943458461076 9.570762111402452e-05 0.00013885425251527442 0.00018796939383829367 0.0003368875644783028 0.0008352619258952255 0.002413550564355284 4.138055498966185e-05 0.0018269435084330727 1.588407478528954e-05 4.278287661613669e-07 8.048277610486023e-06 3.573829273725047e-06 2.0906153988528034e-05 0.0 1.788090016567773e-06 0.0 3.921356759270752e-06 2.1958624886722234e-06 2.4939080003981443e-05 4.705393540430224e-06 2.1675227700000904e-06 5.90007393335377e-06 1.073900063328184e-06 0.0 2.1315177555283355e-06 3.0132027792760605e-05 0.0 0.0 1.9593601245447813e-07 0.0 4.6695098908983835e-07 8.222693295959752e-07 1.12545366307504e-07 5.156492384935789e-07 3.052320244247427e-07 1.5763853383390434e-06 0.0 9.938086612910465e-07 2.211421655023168e-06 8.235929340082465e-07 9.826733193039874e-07 0.0 0.0 0.0 0.0 0.0 0.0 0.0 0.0 0.0 0.0 1.5377617427312772e-07 0.0 3.673959390537263e-07 0.0 1.1294234475961454e-07 0.0 9.439394218589379e-08 1.9240961028142805e-07 2.558310505040457e-07 2.758230174982146e-07 2.277563995385195e-07 0.0 0.0 5.722264156182021e-07 7.699723152171728e-07 1.955795360093426e-07 2.3617720061275037e-06 3.2131762281235555e-07 4.817841643137232e-07 0.0 0.0 0.0 0.0 0.0 2.8210965789930674e-07 0.0 0.0 0.0 0.0 0.0 1.1314312655210244e-07 2.957963030151458e-07 2.388483297227468e-07 0.0 0.0 0.0 0.0 0.0 0.0 3.6006561660177795e-07 2.9959952964573884e-07 8.89027259315396e-07 0.0 0.0 0.0 0.0 0.0 0.0 0.0 0.0 0.0 2.896783743413379e-06 2.9911502218290855e-07 1.6825702318495764e-07 9.611994491245674e-08 0.0 8.184085242776724e-07 5.711930559946679e-07 6.158419159167139e-07 0.0 1.0977187822115687e-07 6.39813319724507e-08 0.0 0.0 0.0 0.0 0.0 9.902235165119439e-08 0.0 1.702103838394997e-07 0.0 8.942859599551351e-08 2.19386993101006e-06 9.152148577016598e-08 1.5046311598094071e-06
4.9727459952301955e-06 0.0005913672679532721 0.00012338768352213532 5.564959263655909e-06 0.0011854263436542087 5.719145090158657e-07 0.00048127152628482 9.891531159513427e-05 0.0 0.00016376513332314925 0.00103866672333756 5.3090459423479994e-05 0.00035227716439204806 0.0009424721344078017 1.493755252869581e-05 7.168329284581187e-06 9.211561376656271e-07 9.601806090884398e-08 6.627037725809762e-08 0.0 5.129377202414163e-07 0.0 3.6562028756795983e-07 1.1638932420171537e-06 1.3772614005709675e-07 0.0 1.020854249725506e-06 0.0 0.0 1.2221691638412944e-07 1.5355453094907616e-05 1.7903177386405364e-05 1.2767764773600869e-05 8.057941889012189e-08 2.4180213109820194e-07 8.487808676191589e-07 3.5318318344835655e-06 4.309111334866844e-07 3.44017416438893e-07 6.983528866883913e-08 3.92460797117464e-07 6.82724696452701e-08 0.0 1.2132327046169529e-06 7.924602110432122e-08 0.0 4.764932043838739e-05 3.821510958905613e-06 0.0 3.175831143909844e-07 7.814543167623357e-07 0.0 0.0 6.925054902590253e-08 1.0905959017515133e-06 2.742117036405465e-06 1.2625026319133398e-06 9.045699756204301e-06 3.4969184049443564e-06 1.2697210201031374e-05 5.608127443094802e-07 6.435627880236069e-06 8.36963475361665e-07 1.2912651004234728e-05 2.8392118158352957e-06 1.9560360207850892e-06 9.676350710735228e-07 2.664754811260396e-06 1.0756929149405698e-06 5.124523956843959e-07 2.229660227236767e-05 1.791044799631931e-06 0.0 3.1479666245869056e-05 1.5252790412288429e-05 4.8102443154661236e-05 2.813963550693441e-05 1.8852187612510578e-05 2.4444059877842268e-06 1.3967858503709214e-05 4.47410892817901e-07 1.1939876369557082e-05 6.560433885946487e-06 4.30001108058846e-07 2.4447584492989173e-06 1.0245742679513483e-06 2.204715510235171e-06 0.0 8.162084658398619e-07 0.0 5.248547979900985e-07 1.1374288544435995e-07 7.199614539632867e-07 6.005095608048303e-08 5.587523208025379e-07 3.6428147485781296e-05 2.1970200583693983e-06 0.0 4.913839982096382e-07 1.874145647746704e-06 1.838159132522548e-07 7.299605588777446e-07 2.39105552149454e-06 5.97428527870744e-07 2.295963028438272e-06 5.551394829966052e-07 3.2167470473016426e-06 2.0713304740423726e-06 5.871881473865488e-06 1.835225087779203e-05 2.8245215497974154e-06 1.0072939020944353e-05 2.27699409511329e-05 4.3544170444636935e-06 4.11146743096062e-06 0.0 2.775043739630975e-07 0.0 0.0 0.0 0.0 0.0 0.0 0.0 0.0 0.0 0.0 2.4023683727856087e-07 0.0 0.0 0.0 0.0 0.0 0.0 1.3652615141470665e-06 1.999553628496931e-06 0.0 0.0 4.27631311529394e-07 3.679016286547183e-06 2.9780376706182106e-06 6.970924213191856e-06 1.4447484663483226e-06 1.1152498613700321e-07 0.0 0.0 0.0 0.0 0.0 0.0 0.0 0.0 0.0 0.0 0.0 0.0 0.0 0.0 0.0 0.0 0.0 2.2481199180706242e-07 0.0 4.989758966131653e-07 3.960027946206308e-07 3.939009814720178e-07 2.9393233481634693e-06 2.0136160605213191e-07 0.0 6.632437601514744e-08 0.0 0.0 0.0 0.0 0.0 0.0 1.3551346292215461e-05 0.0 0.0 0.0 0.0 3.868174673167973e-06 7.268062226015714e-08 2.7253296070139666e-06 1.2548012605234708e-07 0.0 1.8594025821403693e-07 0.0 0.0 0.0 0.0 0.0 0.0 0.0 0.0 0.0 0.0 1.3512158895738174e-05 1.3803917060482272e-06 3.7839952607223157e-06
0.0010097595999931657 0.0013979339856575645 2.9212041140259227e-05 0.0008808724775333145 0.000509256928938248 0.0003046369492986122 0.0018830778362313363 4.769827048800431e-06 0.00016376513332314925 0.0 1.5617810359004956e-05 0.002390985483795768 0.004756661392780576 0.00034014364237795665 1.2120973381317581e-05 4.520320489557116e-06 5.778018254930354e-07 7.473898245731009e-08 1.6312173315979513e-07 1.8671836113962065e-07 1.6923690722685875e-07 1.8596569982306282e-07 6.176308231391609e-07 8.781833965759214e-07 4.893888952108972e-07 2.4301507509228624e-07 3.3296076826422506e-07 4.1913866965289254e-07 2.664313486343755e-07 0.0 2.0786802445117197e-05 6.678527362953151e-06 3.201986674582255e-05 1.1864956544756868e-07 2.991610910114519e-07 4.207664741172612e-07 1.2990739185236603e-05 2.602201983310444e-07 1.9084571551514838e-07 3.9186851551880174e-07 1.7148856604452868e-07 0.0 0.0 1.103973726412137e-06 7.334762976776956e-08 1.3909879363427332e-07 7.700137363669361e-05 9.068061272836155e-06 6.59356425724684e-07 1.2167669367861263e-07 5.612275048473817e-07 6.878637427597875e-07 4.453126654783235e-07 2.871475138510857e-07 4.5127757180897165e-06 5.939051377772838e-06 2.9090984826814013e-05 4.1892035231368094e-05 9.86747859415122e-06 3.329036995255871e-05 7.450712992344815e-07 9.355415235233678e-06 2.2509208464136565e-07 1.3486422885912122e-05 8.003003567697815e-06 3.925460588387656e-06 1.184347484458133e-06 3.3143238652766073e-06 1.7473625680151058e-07 6.789202941470142e-07 0.00010553621437202187 3.03550001528433e-05 2.128843941176426e-06 0.00011230780501869807 2.9141125312125342e-05 6.727495410392238e-05 2.3842514394442196e-05 1.3750734921474114e-05 1.5691246334877637e-06 6.442900200757274e-06 5.556904454941022e-07 1.3604705340933329e-05 1.656551945960569e-05 7.212363560348045e-07 6.628959590128547e-06 1.8922168496783013e-06 1.8981178568919363e-06 2.7184025940245083e-07 1.5444918712911827e-06 1.7473015210858698e-06 8.785135437773354e-07 6.260006187251303e-07 7.265916736537373e-07 2.045200454343818e-07 3.686159077064949e-07 0.0002530459347794012 3.429995269360781e-05 1.451861065529684e-06 5.995447783095066e-07 0.0004101850055345687 2.8438824496715834e-06 1.0300445060471693e-05 2.0005244616041245e-05 9.7936019164697e-06 1.7141030417516688e-05 3.378463603596308e-05 5.616559398386483e-05 1.0964250834466545e-05 8.48802257793029e-05 0.00017349279235253658 9.69389795542623e-06 7.892980634053657e-05 0.00014138172024821973 4.004696898415704e-05 2.1497628356914163e-05 0.0 0.0 1.5738877694404174e-07 8.033303853912819e-08 0.0 0.0 0.0 1.3235912447098245e-07 0.0 0.0 2.1448388597440678e-07 0.0 5.561229352124154e-07 0.0 3.33048626463971e-07 9.573836192569708e-08 1.3422434476375606e-07 0.0 8.902668558638528e-08 5.614718224764237e-06 7.883644740979773e-06 0.0 3.470518103420155e-07 3.922140287936893e-07 1.0349485149165653e-05 6.203854463429558e-06 1.958230249637949e-05 1.3332516611433136e-06 2.374276651017723e-06 0.0 0.0 0.0 0.0 1.122973082681516e-06 0.0 0.0 0.0 5.454097017325928e-07 0.0 0.0 0.0 3.3204414142073597e-07 5.004714376295021e-07 7.805944162421136e-08 1.3320766796980018e-07 0.0 6.808318242817254e-07 1.350117449279801e-06 8.1353250000253e-06 1.0559700893672073e-07 8.793303616837524e-07 1.4237307798552153e-05 7.201982701973938e-07 0.0 0.0 0.0 8.119923479947659e-08 0.0 0.0 9.068702098059431e-08 0.0 3.785814312254164e-05 1.5664556217686107e-07 0.0 0.0 0.0 2.252906551065699e-05 1.6733998603086085e-06 9.019313321767829e-06 8.740212539743735e-07 0.0 3.1399246157406816e-07 1.0317137959707288e-07 0.0 0.0 0.0 0.0 0.0 0.0 0.0 0.0 0.0 7.88632242565409e-05 3.2782996873008266e-06 4.10646798431415e-06
1.617441924188219e-05 0.0023493350212154774 0.002608634255408356 4.2416028600460345e-06 0.002253604606888683 8.834748632805201e-07 0.0003568229227343492 0.0016072468834317799 0.00103866672333756 1.5617810359004956e-05 0.0 3.309986246113287e-05 0.00030755063851507493 0.0014085211357606874 1.5012213064232501e-05 8.752259882292793e-06 8.172801407146971e-07 2.8165712879902276e-07 2.732089862248147e-07 7.511068036788262e-07 9.443251784922798e-07 3.1865143859180285e-07 1.4696507167898623e-06 5.907190976586984e-06 3.1876232826663275e-06 6.266908752077191e-07 1.5701176086718322e-06 4.3982882305815655e-07 6.267223010029714e-07 3.5997665326744394e-07 5.361544007748887e-05 3.015655494994189e-05 0.00021302489920679678 0.0 1.2210829635006775e-06 4.08409725626794e-06 2.7608947732169968e-05 9.416092843774184e-06 3.7782778175394226e-06 6.02693854615311e-06 1.6142648374233093e-06 1.4881758821453575e-07 2.388685101857288e-07 1.1140117579289444e-06 3.029571401455984e-07 0.0 3.9172027164827615e-05 2.856990157101073e-06 8.301692019686513e-07 2.9875761107607364e-07 1.6531641405972798e-06 1.7433294498767067e-06 1.5252952132275928e-06 1.0217761671069156e-06 8.05684498414985e-07 1.6735900433901274e-06 1.6210390714343523e-06 7.899114556023601e-06 2.0716974198742173e-06 1.1855184691959632e-05 1.8365076793536711e-06 2.5370845212518267e-05 6.59637118153285e-07 1.3919360160220014e-05 1.8583818022403368e-06 2.2709642727066723e-06 9.79209445410791e-07 3.6247383536896444e-06 2.263268620976134e-06 3.723971221723101e-06 5.7582670756007586e-05 5.847312368596851e-07 2.9590162586840747e-07 2.4260134638563056e-05 1.1858372687813736e-05 3.677924360081022e-05 2.2721211099582643e-05 1.7035326040052038e-05 2.820614580420887e-05 0.0003944605252220231 8.452308755253557e-07 8.246380108212496e-05 5.267831708462008e-06 0.0 1.0899429494396454e-06 6.666976878333784e-07 2.269044706832697e-06 0.0 3.6708422643778025e-07 0.0 6.697654885442861e-07 2.859663307196555e-07 3.6284427707069936e-06 7.420295279701466e-07 4.5638788344109513e-07 1.2325270742132489e-05 1.6615710169757028e-06 0.0 1.4934825268154146e-06 3.2423562488121002e-06 1.5725726592806978e-07 1.6657517293653538e-07 4.823004267608322e-07 8.723686956709089e-07 1.1891244463498874e-06 1.3753889851466207e-06 2.2082774648230527e-07 2.1964589909444712e-07 1.2098610741916015e-06 5.557852707444528e-06 7.265671549496599e-07 2.7634346064595633e-06 8.074785697902804e-06 1.7808875370255046e-06 1.9559660093332645e-06 0.0 0.0 0.0 0.0 0.0 0.0 0.0 0.0 0.0 0.0 0.0 0.0 6.508359321052148e-07 0.0 0.0 0.0 8.716100678032514e-08 1.2752689997145246e-07 0.0 1.2021466645649443e-06 6.352688475825152e-07 0.0 0.0 0.0 1.7920952241794488e-06 5.181179210551549e-07 2.7708752660190475e-06 4.477963320189677e-07 1.0815798375665833e-06 0.0 0.0 0.0 0.0 0.0 0.0 0.0 0.0 1.8454417343224463e-07 0.0 0.0 1.0397824541382195e-07 1.0714777141220466e-07 1.9730527420900953e-07 0.0 0.0 0.0 0.0 2.4344037555740194e-07 1.7865753884662913e-07 0.0 0.0 1.282543612802162e-06 0.0 0.0 0.0 0.0 0.0 0.0 0.0 0.0 1.022998163799221e-07 4.612983608748563e-06 1.9468180226460792e-07 0.0 0.0 0.0 1.4681972179148728e-06 0.0 4.983549873259736e-07 0.0 0.0 1.3012750503528323e-07 0.0 9.794965981740313e-08 0.0 0.0 0.0 0.0 0.0 0.0 0.0 0.0 4.7072904098965175e-06 6.758333240537052e-07 1.286733948092454e-06
8.222225741731779e-06 7.923671438973965e-05 2.310249097378967e-05 7.618402674702547e-05 6.521361879040452e-05 3.1948549412887445e-05 0.0003854434931684502 2.03551982570412e-05 5.3090459423479994e-05 0.002390985483795768 3.309986246113287e-05 0.0 0.001364335294517854 0.0004228919193463365 2.8037788819249076e-05 2.5234568550527336e-05 3.3259947272688085e-06 7.096899451296378e-07 3.056067826175839e-07 1.8282876647746278e-06 2.181755069440379e-06 2.5382870064402776e-06 4.703563543363255e-06 1.651263247970816e-05 1.2191981693932702e-05 7.373783809485354e-07 5.413215049795707e-06 4.965726109786716e-07 2.043775818292378e-06 1.7701618119978117e-06 2.040231411243106e-05 1.8257732161208453e-05 0.00020937373164173242 3.1288077847579714e-07 4.816476778407551e-06 6.038348578747418e-06 0.00018332701665923262 1.294651547294191e-05 1.0846505263233583e-05 8.961776881942445e-06 6.088606837311254e-06 6.965229248916752e-07 9.90792449203247e-07 3.6782273497756113e-06 9.145401965491879e-08 2.912843265327415e-07 3.139748349713084e-05 1.5218348016975474e-06 1.385203661909143e-06 2.614954025510613e-06 5.433203913007628e-06 6.951718055673509e-06 6.23722500751641e-06 3.5398916456959763e-06 5.556646570609236e-07 1.0661382328466253e-06 2.006716282045404e-06 7.105592633951972e-06 2.006692386449126e-06 6.271651507702096e-06 1.6215950834563766e-06 1.4240718008755698e-05 8.308609515586087e-07 1.7063031911132576e-05 1.654992380029984e-06 7.32600573158551e-06 3.1295270216316184e-06 1.9319901403114656e-05 8.12507649327486e-06 1.3964202095384316e-05 0.00026753738763983265 1.903434144449111e-05 1.0063287604303708e-06 1.0847507155913238e-05 5.51280923217731e-06 2.789471828359466e-05 1.8144929833474114e-05 2.40297835064578e-05 2.2031175032560506e-06 3.9094009577236745e-05 9.396510117523353e-07 2.2978465551679285e-05 1.029325993977218e-06 0.0 2.8152317120318095e-06 1.0319169996539092e-06 5.014308496409981e-06 0.0 7.29445266362588e-07 2.7459360817444425e-07 1.1561512745663016e-06 2.219823182079914e-06 1.305967463570229e-05 3.7181253125227285e-06 5.307224918621182e-06 0.0005485247337736979 2.49937041849108e-05 2.814913821243247e-07 5.563644318090702e-06 2.215798058532152e-05 1.3013954806310468e-06 7.192259833679476e-06 1.2879248317190816e-05 1.9822991092691143e-06 1.2941347499149148e-05 7.051609542772786e-06 2.8573809861846068e-05 6.271206949678947e-06 3.012213849002151e-05 0.00012473113629268766 1.5198952634550807e-05 6.809686275403475e-05 0.00010918768613713841 3.237467061090772e-05 2.3425850979374654e-05 8.958113983891027e-08 2.3014486578845812e-07 9.255655600096152e-08 0.0 0.0 0.0 8.57718173329568e-08 6.444127840690028e-07 0.0 8.448159621496919e-08 0.0 0.0 1.506894399026749e-06 0.0 3.9918580561233737e-07 0.0 1.3104934011943706e-07 3.755373538743853e-07 0.0 6.648170197577123e-06 9.912529805360557e-06 0.0 1.3916331938611136e-06 1.581951478015764e-06 1.6485369632394773e-05 8.695104755048898e-06 3.1078776631336745e-05 3.635840012585271e-06 2.2422703642774615e-06 9.022996553119994e-08 0.0 0.0 0.0 0.0 0.0 0.0 1.6853837986998642e-07 1.0780027520402473e-06 0.0 0.0 6.751912291013266e-07 1.3755910719384624e-06 5.755222091216393e-07 0.0 0.0 0.0 9.533387913946396e-07 5.733847436258123e-07 4.020365132145083e-06 0.0 1.1414766214936644e-06 1.600066725439068e-05 1.4608962109213835e-06 1.5430699745627105e-07 0.0 0.0 0.0 7.864181228183433e-08 0.0 0.0 0.0 5.5413674353696534e-05 4.6072600109065547e-07 2.0139460137363422e-07 2.0761633275280774e-07 2.745711586585316e-07 2.6182789034523538e-05 8.80931960350284e-07 8.172770228243485e-06 3.5016356366629794e-07 3.7611956581587057e-07 5.993775444058152e-07 0.0 3.2680841347232586e-07 0.0 0.0 8.292297435148441e-08 0.0 0.0 1.1000983486010486e-07 4.1218657363531155e-07 1.0070723514135816e-07 8.494872470748468e-05 8.642717548755293e-06 1.0263077544377196e-05
