0.0 0.0019907448567223506 0.00013481181467099108 0.0007174420724787393 0.00012872472808547967 1.724611148779381e-05 0.00036292441069670693 8.197534636104266e-06 1.2088983852799259e-05 0.0008098329684273811 0.00016591935561023955 9.847843158749975e-05 5.629647998261692e-05 8.971139234436264e-05 1.888560072052848e-06 6.632857555173423e-07 0.0 6.051368273962661e-08 0.0 6.515919650296489e-08 0.0 0.0 0.0 0.0 0.0 0.0 1.1236146339690688e-07 9.362838134624263e-07 0.0 0.0 0.0005302665451916991 3.661794180844543e-07 1.0505003010852596e-05 0.0 0.0 4.149336752355699e-07 1.8466366494276067e-06 2.0985620741942947e-07 8.339843731826101e-07 2.5887216453420897e-07 0.0 0.0 0.0 1.5895261217329577e-07 9.623258690610147e-08 8.087874658074199e-08 1.113491136465957e-05 2.0955750602459695e-06 5.593163024773882e-07 6.742926697993517e-08 9.013479457999602e-07 1.2894505003949846e-07 5.671076140129369e-07 1.4405515210406898e-07 4.219285840449041e-06 1.9035722736781134e-06 9.590759647417473e-05 0.0004322460542064984 1.602057576221604e-05 8.00762208209986e-06 1.231508331192006e-07 3.048171661012352e-07 0.0 2.4058099155488666e-05 3.0901714235685292e-06 2.9967091949775435e-06 2.838986404545547e-07 5.336243276869938e-07 5.979344754647958e-08 2.0731882327321757e-07 7.215037693903133e-06 3.0559597347004414e-07 8.682273414888778e-08 0.0001732927822830362 2.8430032231512005e-05 3.563992074589293e-05 1.1301640397502564e-06 7.617877664084093e-07 1.025155550147141e-06 7.727853879065882e-06 6.755165330393375e-08 5.11352597299841e-07 8.134602340574635e-06 4.7665374976874436e-07 1.652454602959763e-06 2.3959473190530484e-06 1.699443080335052e-06 2.1365614735213218e-07 9.39111908901031e-07 9.262716564286622e-08 3.967776530261434e-07 0.0 7.93612520594738e-08 2.633235151986826e-07 0.0 4.8753120521196815e-05 1.990431727495404e-05 0.0 4.822350930340634e-06 0.00048662143821897685 0.0 0.0 0.0 2.5230515596095824e-05 0.0 4.354064744911156e-05 1.625507065271399e-07 4.5234937848092706e-07 6.554995297189005e-07 9.545658423510798e-07 0.0 1.3860425799553885e-06 6.928206350216116e-07 7.727595869494086e-07 2.971415604722992e-07 0.0 0.0 0.0 0.0 0.0 0.0 0.0 0.0 0.0 0.0 0.0 0.0 9.948957268329542e-07 0.0 7.808408878612773e-07 0.0 0.0 0.0 0.0 0.0 3.7100799144646964e-07 0.0 0.0 7.899837501952522e-07 0.0 6.162473635718261e-07 9.976026750572366e-08 4.5948783545256004e-07 0.0 0.0 0.0 0.0 0.0 0.0 0.0 0.0 0.0 0.0 0.0 0.0 0.0 1.0557929894415061e-07 0.0 0.0 0.0 0.0 0.0 0.0 0.0 0.0 0.0 1.549510647862897e-06 0.0 0.0 2.791370167271007e-07 0.0 0.0 0.0 0.0 0.0 0.0 1.9347110136480983e-06 8.939809970039922e-08 0.0 0.0 0.0 1.512646779418225e-06 1.8738377251180697e-06 5.622564457553433e-07 0.0 0.0 4.820772358487183e-07 0.0 0.0 0.0 0.0 0.0 0.0 1.4802529183198072e-07 0.0 0.0 0.0 4.762036189353276e-07 0.0 0.0
0.0019907448567223506 0.0 0.0009971859418661168 0.0003750781151927701 0.0028808488450561046 1.0307163543614577e-05 0.002272797039115507 2.8204585098986645e-05 0.0005806851693906331 0.0008152690872412811 0.0016317642686371587 0.0001145811208852514 0.00041213541760107335 0.0014246468494426344 2.39156597269786e-05 2.5414912129464594e-06 6.801583079239129e-07 5.197186779399559e-07 1.1104977421802852e-07 7.634222059459659e-08 6.403620864299476e-07 3.226619616719737e-07 0.0 0.0 2.2816354647008258e-07 1.1483583719984182e-06 1.9545039374521346e-07 1.0719698087019227e-06 0.0 6.746260980509814e-08 0.001477453425961005 1.3537079073550107e-05 4.089667986718579e-05 2.3482203161483016e-07 0.0 2.841242500020341e-07 1.1016108362672526e-05 1.510400650695177e-06 1.7915724363591255e-06 6.143422539940342e-07 5.587186260061078e-07 6.786696092340385e-07 3.836119133789411e-07 1.0986144541110306e-06 2.7382850386280013e-07 3.463254546602698e-07 8.640693118433987e-05 1.0665557371617726e-05 2.0308104501383164e-06 4.941315264407549e-07 3.4865200645000886e-06 0.0 0.0 8.354398098588218e-07 1.8922124663476874e-05 9.542184030014697e-06 6.150209623658513e-05 0.0005139194835591873 1.631659954339896e-05 5.1408790761325614e-05 1.2013745845936802e-07 1.761215542270373e-06 1.506482391950674e-07 0.00015896155334628646 1.0929879927074192e-05 1.3702207887832346e-05 3.016431521854623e-06 2.0202497877376933e-06 9.356665321210914e-07 7.485597426439487e-07 2.6514418543207624e-05 0.0 0.0 0.00041029016796522436 0.00015583196352192663 0.000236962890390746 2.8502561991778732e-05 2.1295675667745953e-06 5.058684271703217e-06 4.7528902066178905e-05 6.461431149133415e-07 9.244769477518373e-06 3.751471943288967e-05 1.0750269185459e-06 1.0319060424178242e-05 1.34822358206741e-05 9.567222282864402e-06 2.3872479071351045e-07 3.524411515824565e-06 0.0 1.6730856928735429e-06 3.445904101918525e-07 6.888422740703683e-07 1.2481370268142536e-06 8.7901359727468e-07 9.786710181385158e-06 5.765694608896606e-07 0.0 2.2744875150715854e-06 0.00037499540165069825 1.1776360446584586e-07 2.583295196173759e-06 1.157943488738214e-06 6.0270555343745806e-05 1.4964425866088255e-07 0.00014119002116416717 1.0094694452557604e-06 5.628448181291836e-07 2.6963194970486267e-06 5.709445176647744e-06 1.0029021639706323e-06 3.547290216005572e-06 5.5980297465516325e-06 1.834673729705624e-06 6.932070206658389e-06 1.01501992391527e-07 0.0 0.0 0.0 0.0 0.0 0.0 1.3132916170616816e-07 0.0 2.9503179846285986e-07 2.064712938042666e-07 0.0 4.251714148796463e-07 0.0 0.0 0.0 0.0 0.0 0.0 7.222449266809754e-07 1.5317512754357655e-06 0.0 0.0 0.0 2.5390874263731014e-06 1.7756401257624703e-07 2.1231378212761185e-07 5.400660063503981e-07 2.3137093338064537e-07 0.0 0.0 0.0 0.0 0.0 6.505897731233448e-07 0.0 0.0 1.356017842683989e-07 0.0 2.4890465316083044e-07 0.0 0.0 0.0 1.2095168281518966e-07 0.0 0.0 3.229670466366132e-07 1.500140197631988e-07 0.0 0.0 4.0633272405000247e-07 8.09863107825397e-06 0.0 0.0 7.463831010365822e-08 8.397524395013019e-08 6.865788732359174e-08 7.691001297294133e-08 2.2087747382395206e-07 0.0 0.0 5.739973768238185e-06 0.0 0.0 0.0 2.214413010513322e-07 2.763966125415543e-06 1.510727894173291e-06 2.655998458732356e-06 2.677235667225517e-07 2.2774166733728864e-07 1.908676489681369e-07 6.968256098937314e-08 2.8798025156644563e-07 0.0 1.2904303667773798e-07 0.0 0.0 5.520234847646712e-07 7.75995559581463e-08 4.0193422410694566e-07 9.123770347577448e-08 6.325092875785374e-06 2.3161023886125267e-06 2.342823066868868e-06
0.00013481181467099108 0.0009971859418661168 0.0 5.3705043846643825e-06 0.0002708443491600539 0.0 4.1982475936416524e-05 0.0011093999720878317 6.666010460380053e-05 7.003802190403393e-06 0.002764065808572715 1.7652528174992972e-05 4.043982706849681e-05 0.0004168544912935262 2.196974035213971e-05 9.507447955318976e-06 5.093891472060222e-07 7.875791716691874e-07 3.5152520063214585e-07 6.899510778957466e-07 1.26603226653992e-05 3.073441212539181e-06 2.635697424536912e-07 9.212160889487901e-08 2.845462363447522e-06 5.514613071693907e-06 4.291873908907195e-07 3.68022546318744e-06 6.564824831006194e-07 1.934226931209547e-07 0.004672226662078877 0.00019068617859765652 0.00011621691193589498 3.606323356629455e-06 2.9015166359223447e-06 3.3561081133261547e-06 2.400391487730089e-05 1.4553722301178144e-05 5.152974090872229e-06 6.606847447054753e-06 1.2415572951705935e-05 1.2443799606150985e-05 4.712970371542603e-06 6.124869377692183e-06 1.876584728909501e-06 1.3427438748876998e-06 4.3185707736305285e-05 7.039034733246999e-06 2.310167473482186e-06 8.452623125367138e-06 8.188981563039114e-06 1.8945241008731525e-06 2.922201885703852e-07 6.455064027160499e-06 6.457932997056126e-06 3.48570364207145e-06 3.1564509915244447e-05 0.0007258769479170225 8.709184005559048e-06 1.904355793434896e-05 2.8268663118422585e-06 3.156573299461288e-05 1.562438144431353e-06 0.0005628565505852806 4.811470701554457e-06 6.2073121069567935e-06 3.919673705391823e-06 9.562729729109471e-06 2.1037494490029095e-05 1.9983634430871338e-05 2.513008812729111e-05 8.014334684012874e-07 5.3229226323508815e-08 0.0002796985403526186 0.00012093042054974382 0.0001118246621213079 2.7805709848775624e-05 1.337602322354919e-05 0.0004618860032292161 0.0008169952901557378 2.1602640340214857e-05 0.0006998238549813152 1.3804249501713095e-05 7.220202922589371e-07 4.727811910053389e-06 4.4780851884337414e-06 4.4711625574305774e-06 9.183868244371427e-08 3.003062972277988e-06 2.288995722304542e-07 1.3615206210083881e-06 2.348073400840143e-07 1.5096529401305567e-05 6.471354709825314e-06 3.3831984934230447e-06 1.9652228255385466e-05 8.282826148551645e-06 0.0 4.7236825770566555e-06 2.712760895317104e-05 1.6602083317600813e-07 7.155338601864798e-07 6.468190276921056e-07 2.2807127051122147e-07 0.0 2.185348206120827e-06 9.43742671871786e-08 7.683012918833135e-07 1.338068250759224e-06 2.6679396724852675e-06 3.6557478643668567e-07 2.257005045945104e-06 3.210131387647898e-06 2.166518986399058e-06 5.185293885536596e-06 1.0501977088860433e-07 8.848741334998348e-08 0.0 1.1072151790243961e-07 0.0 0.0 0.0 7.693665167601146e-07 1.14869119685751e-07 0.0 1.408041808574959e-06 0.0 2.3415748578174566e-06 0.0 2.3252066284366308e-06 1.3642770581956608e-06 5.544145623826959e-07 4.4366816531292665e-07 4.647529309912849e-07 1.8101347680188896e-06 1.153043650407503e-06 0.0 1.1699219727552198e-06 2.064938962422515e-06 3.4684339065266805e-06 2.3110298614923877e-06 1.556365036247489e-06 3.9438875516366265e-06 2.3662380591052705e-06 3.224422836886411e-07 2.0463769162967198e-07 0.0 0.0 7.669448708451152e-07 2.803093922663137e-07 0.0 0.0 8.196977618592671e-07 0.0 0.0 8.190785949162507e-07 1.5779557573439044e-06 1.4291697760815577e-06 1.2378662568161494e-07 6.480150325141049e-08 0.0 0.0 7.692295035545007e-07 0.0 1.069775469375916e-06 2.3452504719501455e-06 1.4074269020142559e-05 7.755321864368087e-07 0.0 1.1059899689260668e-07 1.65472257772515e-07 0.0 1.7927347212356253e-07 0.0 0.0 7.634177343762643e-08 5.231591591591871e-06 3.831959604228605e-07 7.646140139573658e-08 2.2507598146523158e-07 6.982522615134165e-07 4.766858157721973e-06 7.328471315803599e-07 4.277812750895763e-06 3.2262259030886314e-07 2.6671382163465466e-07 4.939933872615655e-07 1.1189657207352705e-06 4.82010916543862e-07 1.2434440820874747e-07 6.491887387493617e-08 0.0 0.0 0.0 1.360932690404085e-07 3.4768821132011766e-07 7.532591900028121e-08 4.144114082854809e-06 3.6573710603309586e-06 7.125684616983456e-06
0.0007174420724787393 0.0003750781151927701 5.3705043846643825e-06 0.0 0.00020108871023906798 0.00010484363996024327 0.00029917089363433143 1.6160913940861399e-06 7.247070095934068e-06 0.0007459339447575384 3.0742425959475515e-05 0.00040566777753733553 0.000298330275563585 2.39368808001088e-05 3.6308411241532885e-06 0.0 0.0 6.683884738141198e-08 0.0 0.0 0.0 0.0 0.0 0.0 0.0 0.0 0.0 0.0 0.0 0.0 4.9870192580650213e-05 1.547667811627496e-07 1.7528974528867699e-07 0.0 0.0 0.0 6.625585705351404e-08 0.0 5.248213046503661e-07 5.977141833140584e-08 0.0 0.0 1.556776021989997e-07 2.6390224945421367e-07 0.0 0.0 1.3313812526233344e-05 1.9572052288713733e-06 4.139028491208733e-07 1.6854807278517334e-07 5.942624547501686e-07 0.0 0.0 0.0 4.9661187598479034e-06 2.0966888959341213e-06 1.7595415573556074e-05 5.458934723006439e-05 3.2024146004782366e-06 8.087698968484384e-06 0.0 2.928414727747185e-07 0.0 2.042126160249075e-05 2.6668291608435092e-06 3.121477707329069e-06 4.826289629007364e-07 2.564939413322191e-07 2.3166239352627732e-07 2.3398224388764025e-07 4.3686477437266963e-07 0.0 0.0 8.683724645326383e-05 2.7231157970910344e-05 4.330220215844159e-05 1.3547997547725822e-06 1.2821144862414601e-07 2.1762193942130961e-07 1.1694730056074116e-07 0.0 4.601268227629663e-07 9.939646447372636e-06 3.0286415146586544e-07 2.5115171013864923e-06 1.8944750213550988e-06 1.4586197442483909e-06 7.088275723453886e-08 1.175544928555933e-06 0.0 4.3812667827972203e-07 9.07602799048758e-08 0.0 1.4909420171321105e-07 0.0 2.1336390818363396e-06 6.743931454318108e-08 0.0 0.0 0.0003637479306539862 0.0 4.6800961291723635e-07 2.835439049039237e-07 2.084672664865168e-05 0.0 2.6805826964091807e-05 4.331477470396208e-07 0.0 7.590562514879329e-07 9.83646442698233e-07 0.0 6.561925583734996e-07 1.2952300419467668e-06 1.0068513088706787e-06 2.8931250996595286e-07 0.0 0.0 0.0 0.0 0.0 0.0 0.0 0.0 0.0 0.0 0.0 0.0 0.0 0.0 0.0 0.0 0.0 1.6496072097348057e-07 0.0 5.13160560679e-07 0.0 0.0 0.0 0.0 3.3592214841368757e-07 0.0 0.0 0.0 3.003736972517904e-07 9.138690305568452e-08 0.0 0.0 0.0 0.0 0.0 0.0 0.0 0.0 0.0 0.0 0.0 0.0 0.0 0.0 0.0 0.0 6.761369498668972e-08 0.0 3.6408475166333404e-07 0.0 0.0 1.61763457050231e-06 0.0 0.0 0.0 8.359156710740415e-08 0.0 0.0 0.0 0.0 0.0 6.957502889667839e-07 0.0 0.0 0.0 7.341639711455456e-08 2.100135527986037e-07 0.0 0.0 0.0 0.0 0.0 0.0 9.912144720575203e-08 0.0 0.0 0.0 0.0 0.0 1.3283235797925691e-07 0.0 0.0 4.934620731946084e-07 8.08735530949677e-07 3.6054061784218213e-07
0.00012872472808547967 0.0028808488450561046 0.0002708443491600539 0.00020108871023906798 0.0 1.8231071149702e-06 0.002335301538946816 6.645190842622719e-05 0.0031212633267389384 0.0004900050098541166 0.0009390996635181766 8.351300285068856e-05 0.0004371671932581544 0.000991208423903928 2.837980547029574e-05 4.019740022212761e-06 5.545927086421342e-07 4.2988409916231436e-07 0.0 5.967337243139923e-08 9.78799670586274e-08 0.0 7.937699413979796e-08 2.546850513145194e-07 6.888831323650905e-08 1.7335061945655012e-07 0.0 8.665073495093127e-08 0.0 0.0 0.00012395833982508416 2.4376960132065855e-05 2.0255574073655405e-05 6.137991737725843e-08 7.432577431865994e-08 0.0 3.504939855447596e-06 1.4189426335189316e-07 1.228433081859852e-06 1.229747448593118e-07 8.479209737343916e-08 2.479948503494884e-07 3.525268591825458e-07 3.3077962775912953e-07 0.0 1.3089924991021087e-07 7.820819581324704e-05 7.365378316039878e-06 8.887413624754013e-07 4.2001881433724205e-07 1.274360175598337e-06 2.2558463059997652e-07 2.018161203728855e-07 4.6616923873888837e-07 8.330574146284262e-06 3.623228411421582e-06 7.452168332305872e-06 9.162066106920761e-05 3.7682428526062666e-06 3.3382048808043314e-05 0.0 1.2206674737689391e-06 1.2669436354781446e-07 0.0001317340389342802 5.5262034342356514e-06 7.344358630556697e-06 1.6150927255612633e-06 1.3018568813078653e-06 2.42728844334523e-07 7.029628662468014e-07 1.7827678154097586e-05 0.0 0.0 0.00013598961963862306 0.00010277002718159876 0.00017304793671612834 4.033751234406851e-05 3.422568633586183e-06 1.0889397653651847e-05 1.4211641702248486e-05 4.278008648748176e-07 1.385843401694794e-05 1.5778663625844128e-05 4.2093984994717277e-07 5.9426869555299115e-06 4.6435522742702156e-06 4.848273772813482e-06 2.8883505945788733e-07 2.570583821882607e-06 1.1729187541202546e-07 1.8409204102179898e-06 0.0 2.06382164106497e-07 6.656901616455387e-07 5.525015440527082e-07 1.9560175136931093e-05 3.5498641969867055e-06 0.0 6.667995096016879e-07 1.470209107959987e-05 4.5828397036526544e-07 3.1634318760365864e-06 1.1715528458118816e-06 4.665478368481709e-06 8.667321994286858e-07 1.8288291521356156e-05 1.0391372489037115e-06 1.569040153112022e-06 5.6770346414430285e-06 1.3875528994928865e-05 1.207246973172261e-06 8.236713565482032e-06 1.1139416961390699e-05 4.2259371387576645e-06 1.2967470402854213e-05 9.019720153073491e-08 0.0 1.3199293659753658e-07 0.0 0.0 0.0 0.0 0.0 0.0 0.0 0.0 0.0 4.3504082647868446e-07 0.0 3.636909733830284e-07 0.0 2.0314744135898535e-07 0.0 3.9005452945575274e-07 2.4822412712286663e-06 1.3698877360357111e-06 0.0 0.0 2.847571225755588e-07 4.000801895525299e-06 9.100372939923582e-07 1.598293975604508e-06 7.369369693030156e-07 1.1523616444415913e-06 0.0 0.0 0.0 0.0 0.0 4.007551358257464e-07 8.370849057395968e-08 6.472680756514139e-07 3.0951701213016863e-07 0.0 0.0 6.827289594712205e-08 2.0425852406868156e-07 0.0 0.0 3.647319117101714e-07 0.0 3.3072123875620235e-07 4.435225214390447e-07 0.0 5.95171400959604e-07 6.11641388182033e-07 9.031351950365324e-06 1.7404392610271147e-06 0.0 0.0 2.0134506474823696e-07 0.0 5.8239894933627e-08 1.6240580073163042e-07 0.0 0.0 8.769343701601282e-06 0.0 0.0 0.0 2.0666646435317258e-07 5.584649834878007e-06 7.660610354626449e-07 4.2076476051743185e-06 0.0 2.971895194042107e-07 6.672147999034633e-07 6.90967638086864e-08 1.5761660412015898e-07 0.0 0.0 0.0 0.0 6.805975830790774e-08 6.457522027475918e-08 0.0 0.0 9.025815489807464e-06 2.12991635459878e-06 3.2688548855385053e-06
1.724611148779381e-05 1.0307163543614577e-05 0.0 0.00010484363996024327 1.8231071149702e-06 0.0 3.10128844890759e-05 5.111147690534652e-07 2.211498721528138e-06 0.0001558685849558694 6.992427788515951e-07 4.621054856756543e-05 3.402839301968228e-05 1.0064946952607727e-05 2.956722673174444e-07 8.018221070701519e-08 0.0 0.0 0.0 0.0 0.0 4.225718883056744e-06 0.0 0.0 0.0 0.0 1.4391711528611365e-07 0.0 1.4625019718384758e-07 0.0 1.826378919421637e-07 2.91240473036125e-07 6.583050604315538e-06 0.0 0.0 0.0 5.329530782705599e-06 2.193172300188467e-07 5.342901088585514e-06 8.858923045335311e-07 0.0 0.0 0.0 9.095123209344843e-08 0.0 0.0 5.675579657311221e-07 0.0 0.0 0.0 0.0 2.4446423149757736e-05 2.3003388770784028e-06 8.024046502410802e-08 0.0 7.377269663709459e-07 1.8510424935198412e-05 2.6676332460497172e-06 3.0985361896749007e-07 1.5635485644867442e-07 0.0 2.510783370672739e-07 0.0 2.8990925441125925e-07 7.741066176912322e-08 6.911052331352826e-08 0.0 0.0 0.0 0.0 2.8939022040606474e-05 0.0002213764790327345 3.161822511768934e-05 4.233899953847299e-07 9.232224768866139e-08 3.5815338146415446e-07 2.177383780188613e-07 0.0 0.0 5.658774798005017e-07 0.0 0.0 0.0 1.7623361445748443e-06 0.0 1.3447605474358384e-06 0.0 1.4209668430863629e-05 6.2716691307923985e-06 3.198702873840886e-05 3.295146848009098e-06 5.682203000228057e-06 0.0 6.591663138482863e-07 1.6918513354940438e-06 0.00015837999619957744 0.0003450600367782483 3.81060474119418e-05 6.0143348920817915e-05 4.9478118808840603e-05 1.0240807248640638e-07 2.1812782480273273e-07 9.599875182534396e-07 4.868402764711503e-07 0.0 2.3836229725881825e-06 3.457616274328897e-07 0.0 6.524146907553376e-07 1.6419515214470605e-06 0.0 7.238887888395072e-07 2.41356591784607e-06 0.0 4.789617316143803e-07 0.0 0.0 0.0 0.0 0.0 0.0 0.0 0.0 0.0 0.0 0.0 1.1042969141133801e-07 3.141018149067947e-07 0.0 2.533267823866736e-07 0.0 7.453699888028248e-07 5.964995379725787e-07 1.4418081937499347e-07 8.881019603326248e-08 0.0 0.0 2.46470314452798e-07 0.0 2.894466139575439e-07 3.1777969714893485e-07 1.6991499931845405e-07 6.441367754624179e-07 5.249008932036271e-07 0.0 0.0 0.0 0.0 0.0 0.0 0.0 1.3518856812847322e-07 0.0 0.0 0.0 0.0 1.586170316420324e-06 0.0 0.0 0.0 0.0 0.0 0.0 0.0 0.0 0.0 1.7919023412293273e-06 0.0 0.0 0.0 0.0 8.744016633835733e-08 0.0 1.887759564102402e-07 7.473093085825536e-08 8.101726288026777e-08 6.21124283760956e-07 5.231736335764379e-07 7.40344380839956e-08 0.0 0.0 1.8509798258173272e-07 0.0 6.549447156675581e-07 0.0 0.0 0.0 0.0 0.0 0.0 1.0061985405056966e-07 0.0 0.0 1.013505408644658e-07 3.8856193026411424e-07 8.3727174192907e-08 0.0 1.2589141939999508e-06 2.82904955305551e-07 9.568819215090798e-07
0.00036292441069670693 0.002272797039115507 4.1982475936416524e-05 0.00029917089363433143 0.002335301538946816 3.10128844890759e-05 0.0 1.5308455013471017e-05 0.0017676350262706248 0.0022440280377271755 0.00037305151386890425 0.0004063846331396515 0.0036873902633721973 0.0029141147335921794 2.9757094834036057e-05 5.3607957017526785e-06 5.596338000885256e-07 6.350547534135564e-08 0.0 6.598459978304136e-08 0.0 1.3230857554415931e-07 0.0 1.286269544232564e-07 0.0 8.29746251743718e-08 0.0 0.0 1.355691256472747e-07 8.30192546724571e-08 7.208291363963476e-05 1.7212635964759364e-05 2.9144581274264816e-05 1.41069625087356e-07 0.0 0.0 7.464790813946321e-06 9.788455391940355e-07 1.1342225764849986e-06 4.02696680615459e-07 0.0 5.952944176133075e-07 2.6163628958890907e-07 4.4682501271099077e-07 0.0 1.0509117593056752e-07 8.140617054906878e-05 6.471704769083775e-06 7.916484724958148e-07 2.8497723694099477e-07 1.3235938335084005e-06 7.699741869203069e-08 8.83429223868439e-08 8.506955557972744e-08 8.9394822093682e-06 6.469980860440145e-06 1.134101280577515e-05 8.355539721580239e-05 4.0367854034820275e-06 3.41839420238466e-05 0.0 2.509572302587021e-06 1.2664711575710844e-07 0.00010168066762149872 6.749568352796398e-06 8.573123260453933e-06 7.599579839240778e-07 1.645535716222795e-06 2.5469214117684195e-07 9.40205929609226e-08 3.287140207765182e-05 0.0 0.0 0.00014762211535732374 0.00010869689251673816 0.00017899907708798083 3.811353523319299e-05 4.455501159308659e-06 1.6569286083203246e-05 1.707654577194341e-05 3.0446608861786625e-07 1.5174836041731986e-05 2.0219942963103225e-05 4.299958560802624e-07 5.7228847918580404e-06 7.086881606544358e-06 4.700856043393027e-06 5.8605135979340924e-08 2.1186738424678116e-06 0.0 1.1436216112759933e-06 7.820449468961735e-08 6.755221359700482e-08 1.0536335552963415e-06 8.145484368763559e-07 7.926425354116467e-05 8.036079518028435e-06 0.0 4.860460745114699e-06 0.00011446408525772046 7.873965269028801e-06 1.5471435497108276e-05 2.387427993948045e-05 2.7882690016905987e-05 2.3863589806280936e-06 7.955584232254341e-05 1.1816770576886598e-05 1.9473745098188404e-05 0.0001164696820401784 7.58448071191674e-05 8.760746877189682e-06 4.12525205851247e-05 6.562763029006154e-05 2.6014116767771805e-05 4.3796708192313466e-05 6.985484572129859e-07 1.0951081077475766e-06 0.0 0.0 0.0 0.0 0.0 0.0 8.103564480294606e-08 0.0 0.0 0.0 1.1570700187775582e-06 0.0 0.0 0.0 1.3848075324037142e-07 4.153078001589205e-07 5.934561283716759e-07 1.3162045290188955e-05 5.388525710264547e-06 0.0 1.3841746813799233e-06 9.112716196279594e-07 1.7310042133989753e-05 3.1976540326877243e-06 5.1835976629130854e-06 2.813282539689692e-06 2.9553149206710413e-06 0.0 0.0 0.0 0.0 8.235830387366431e-07 8.690626953583992e-07 0.0 4.822299264854559e-07 1.7874441754616332e-06 3.420361526043076e-07 4.912944447632794e-07 0.0 2.476906004370221e-07 0.0 7.099391830235557e-07 3.122624320161879e-07 2.614820042718923e-07 8.929792199300574e-07 3.932732876219418e-06 1.7002811117589612e-06 1.2088535489043987e-06 2.067291848525339e-06 3.977496781608826e-05 5.151494906389697e-06 0.0 5.159326429727962e-07 1.0795649314636571e-07 9.528297634954547e-08 0.0 2.23178818351669e-07 0.0 1.2408797715492501e-07 4.343488575861047e-05 0.0 0.0 0.0 0.0 2.4274903729680495e-05 3.504054053651943e-06 1.98282394803644e-05 3.3428999584159845e-06 7.658257430811592e-06 4.861257293301614e-06 2.0092151389486653e-06 1.307823857054225e-06 1.0455593442467951e-07 1.1890306278713257e-07 7.067687646808178e-08 6.623819165947472e-08 2.989663703556244e-07 2.0531675605696093e-07 0.0 0.0 5.1052403396684355e-05 9.799332900072679e-06 1.1272318957333776e-05
8.197534636104266e-06 2.8204585098986645e-05 0.0011093999720878317 1.6160913940861399e-06 6.645190842622719e-05 5.111147690534652e-07 1.5308455013471017e-05 0.0 1.8675935142051627e-05 3.940628790161392e-06 0.0031191186077053857 1.2703609157155424e-05 1.9826947412217878e-05 0.0002891370076109935 1.847879961302079e-05 7.345043728909368e-06 1.0544601330368937e-06 2.6815303082279547e-06 7.614618805635057e-08 2.242032490442052e-06 2.692808343478372e-05 3.467577099897456e-06 5.084498859089811e-07 1.8361302223187775e-06 4.203782455748035e-06 7.70930023194872e-06 4.646637312568814e-07 4.378464153756183e-06 8.304781992170239e-07 9.20506887219197e-08 0.00023196892952606003 0.00020875930059313836 8.642687895914141e-05 5.608367568545531e-06 2.567601333378318e-06 7.2347465360344766e-06 1.230209290090464e-05 1.420928352029866e-05 3.890437559068243e-06 6.056136184824864e-06 2.128599831275933e-05 1.4377121082207925e-05 1.074383175748053e-05 3.3421632716175376e-05 1.7261195385382444e-06 1.6308242195788344e-06 4.273771309025868e-05 4.049617208458863e-06 3.269603668741111e-06 1.0709740569334757e-05 1.2323180295650488e-05 1.3839954414715095e-06 5.770528537367398e-07 5.2853996814693116e-06 1.936452582298334e-06 1.5739902454212625e-06 2.1478252390769574e-06 7.247317901707059e-05 8.468752729161443e-07 9.921904767276716e-06 6.989339183736459e-06 2.713624137235495e-05 3.7676491332048015e-06 0.00018391357475959304 1.308235898733675e-06 4.1614934257316095e-06 5.03187742145003e-06 1.4698734466172231e-05 3.0711830606810685e-05 4.3170424988550755e-05 1.710457909834177e-05 3.2593793060941064e-07 0.0 4.740696489250087e-05 5.6784604483131604e-05 6.459844478351371e-05 4.113978479746941e-05 0.00030912419022703587 0.0012909347315934441 0.0016716159088857958 6.180750890263456e-05 0.001801810406353691 4.224604443976053e-06 1.159087273168501e-07 1.4204155685787483e-06 2.3634254363753216e-06 3.7733437957437467e-06 6.50540176411687e-08 1.2065883486672e-06 0.0 8.68618205167727e-07 1.9173182560621922e-07 2.3769504208548908e-05 7.844598762979825e-06 5.854393721441093e-06 7.273198468990201e-06 1.5045088565815759e-06 0.0 2.477447527623425e-06 1.4922195445959525e-06 2.6244824583527953e-07 6.572850598254826e-07 0.0 0.0 6.420549419075989e-07 1.7435973960217554e-07 0.0 0.0 0.0 2.412630901846529e-06 1.4756222038359524e-07 2.170539164608164e-06 1.5638898260665028e-06 4.492366487747776e-07 2.2210142649533183e-06 0.0 1.634143659716181e-07 0.0 0.0 0.0 0.0 0.0 3.596014912309755e-07 0.0 0.0 1.1970336278265107e-06 0.0 1.2390722876516615e-06 2.2254963617000673e-07 1.984213310536014e-06 1.0942842398860123e-06 1.6453370222924612e-07 1.3610815128636581e-06 7.656013688721527e-08 9.759522558115833e-07 3.3158067445291393e-07 0.0 8.208684942313009e-07 6.890587950177427e-07 1.3364970704643655e-06 1.7186839053541677e-06 7.934901504330393e-07 3.7683119491330282e-06 2.744837660706914e-06 1.6825267658071694e-06 2.119021175684985e-07 0.0 0.0 5.25995441880293e-07 5.13263185897376e-07 1.7046232483740405e-07 0.0 2.902851033132902e-07 0.0 0.0 1.8757785533791429e-06 1.0824846563691175e-06 1.7100324362058348e-06 0.0 0.0 1.0777076676816755e-07 0.0 2.853553431776101e-07 0.0 2.525094818063944e-07 1.4552653342810014e-06 6.369208822171575e-06 8.973164108812976e-08 0.0 6.146077197736278e-08 0.0 0.0 0.0 0.0 0.0 3.4296315210298533e-07 1.502384500015122e-06 0.0 1.5437497468305948e-07 0.0 1.338941058065574e-06 2.7811412199182003e-06 6.309516733796628e-07 2.4947161641317867e-06 5.634777661267756e-07 1.1207530448571666e-07 4.846097174305583e-07 2.961147803200678e-07 7.377952790261514e-07 7.177627922221924e-08 0.0 8.297377395989843e-08 0.0 0.0 2.2437937555487094e-07 6.468834452329803e-07 1.4295056663902398e-07 2.721657016434926e-06 1.909527224673179e-06 3.127122568433889e-06
1.2088983852799259e-05 0.0005806851693906331 6.666010460380053e-05 7.247070095934068e-06 0.0031212633267389384 2.211498721528138e-06 0.0017676350262706248 1.8675935142051627e-05 0.0 0.0001037505709313792 0.0007123947523835749 4.5493553360688326e-05 0.0013347071448694154 0.0017916761197340658 7.873715750052005e-06 2.0707888476918858e-06 0.0 1.2049467222935193e-07 6.394697011907096e-08 0.0 0.0 0.0 0.0 9.731201305728138e-08 0.0 1.9575312440146775e-07 0.0 0.0 0.0 0.0 1.2668213337368499e-05 8.683799017497275e-06 1.9207817426994244e-05 0.0 0.0 6.80635995479047e-08 5.4596444640181135e-06 8.723872589448865e-07 2.6054276991201807e-07 0.0 1.1110127808110142e-07 3.398803172646383e-07 1.446581567469581e-07 2.2308536793233194e-07 6.930652352717407e-08 1.4005949210425597e-07 1.7489065543005744e-05 1.0928953918863256e-06 2.4588740493640063e-07 0.0 3.264482175239019e-07 1.0423599630622288e-07 0.0 2.889229931454475e-07 1.0424548088268098e-06 7.214412994066041e-07 9.827448126233219e-07 1.1819884971309658e-05 6.439378013855486e-07 5.802940225482856e-06 0.0 3.077698620989559e-07 0.0 2.4014294855960954e-05 8.549949377410832e-07 9.060931863425188e-07 2.030338850382897e-07 2.637126818360185e-07 0.0 2.143643039196506e-07 1.238895288915532e-05 2.2514418098433615e-07 0.0 1.761238559001984e-05 1.5965519344763653e-05 3.391243303632429e-05 9.752455673196603e-06 3.516008245731857e-06 6.291994909469337e-06 2.057464035993112e-05 7.951826341777876e-08 5.418127663314345e-06 2.3628321991491423e-06 0.0 9.101814670969284e-07 1.1844074288570301e-06 4.429667160999611e-07 0.0 3.248736862454838e-07 0.0 3.0586396056845777e-07 6.810679598871205e-08 0.0 1.3580019805219707e-07 1.4876936103038237e-07 1.695919708604644e-05 1.6580552009119669e-06 0.0 6.346580659192278e-07 4.319904008232964e-06 4.951440406694071e-07 2.3276161741762675e-06 1.913880524050213e-06 1.805803654092498e-06 4.233689790071308e-07 6.939882001215633e-06 8.302412491222883e-07 1.3916730512256614e-06 5.261851134759522e-06 9.40833916319422e-06 1.685284129632983e-06 5.207134497342715e-06 1.4116234222313628e-05 3.1404599086089782e-06 9.639195569750309e-06 0.0 0.0 0.0 0.0 0.0 0.0 0.0 0.0 0.0 0.0 0.0 0.0 0.0 0.0 3.651297197906422e-07 0.0 0.0 1.1454530261526378e-07 0.0 1.910522127382126e-06 4.1879036639145353e-07 0.0 7.499440867493333e-07 0.0 4.1641529214427175e-06 0.0 8.587740875683885e-07 1.882931949703527e-06 1.89900938698046e-07 0.0 0.0 0.0 0.0 0.0 0.0 0.0 0.0 3.119029986236531e-07 0.0 0.0 0.0 2.0318987278425335e-07 0.0 0.0 0.0 0.0 8.561802862198646e-08 8.629591858879956e-08 0.0 1.4343751303715777e-06 7.694559050546861e-07 8.301204774120728e-06 8.042618709235945e-07 0.0 0.0 0.0 0.0 0.0 0.0 0.0 0.0 9.758502054323486e-06 0.0 0.0 0.0 8.223981697394319e-08 6.657798602562728e-06 7.923930750501204e-07 4.640343475852109e-06 5.32194912313987e-07 8.991844441425973e-07 4.6007366495784706e-07 2.950620758384319e-07 9.789077424997928e-08 0.0 0.0 0.0 0.0 0.0 7.082895293741452e-08 0.0 0.0 8.835525104325547e-06 2.06112264469235e-06 2.433497740457402e-06
0.0008098329684273811 0.0008152690872412811 7.003802190403393e-06 0.0007459339447575384 0.0004900050098541166 0.0001558685849558694 0.0022440280377271755 3.940628790161392e-06 0.0001037505709313792 0.0 5.592271889957931e-05 0.0028560690233017634 0.004380252609567721 0.0009231401282542603 5.323668474014863e-06 4.2298100838000433e-07 2.5331707961916376e-07 0.0 1.3756103755161782e-07 0.0 0.0 8.573873406677179e-08 0.0 0.0 0.0 0.0 0.0 0.0 2.0137669975701988e-07 9.881907427507395e-07 2.8692821965199246e-05 1.0557502186079354e-06 6.638926013463541e-05 0.0 0.0 0.0 2.34647761829203e-05 1.0028909257846104e-06 2.6556997578762667e-06 5.233610839333163e-07 0.0 1.1051320740353002e-07 1.432652681722393e-07 7.365096057630448e-08 6.094367534708454e-08 0.0 2.2400347466410793e-05 2.574978125015064e-06 2.916672816704578e-07 8.040841287216591e-08 4.1487412793446686e-07 3.6275809080710424e-07 5.03303766448928e-07 1.0462126244179473e-07 4.138373427797133e-06 1.5578976425193765e-06 3.947912895316854e-05 3.988788029000855e-05 2.555242771324082e-06 1.0638641829896184e-05 8.985221723451409e-08 1.2583421670989727e-06 0.0 2.5506194661773493e-05 2.9538478902382046e-06 2.968243171480171e-06 4.2500608532420907e-07 6.330900103357275e-07 5.729581727114791e-08 6.8260251640989e-08 0.0002177296601980835 1.5239642038102836e-06 8.737974627304747e-08 6.345544730100687e-05 3.546656526697147e-05 4.819658471079672e-05 5.3675713743482176e-06 8.912065173023433e-07 1.9200715362135062e-06 9.395609191483055e-06 0.0 3.950259727022049e-06 6.772217467504095e-06 4.05720210587205e-07 2.298766463061302e-06 2.0604728771277586e-06 1.520732449538562e-06 2.384697280677655e-07 6.031161789222962e-07 8.605618319100883e-08 3.1171805881072783e-07 0.0 0.0 2.228683136290535e-07 1.4884386923397004e-07 0.00019160341449392672 5.92948029670999e-05 4.069149332000609e-07 1.596804035649984e-05 0.0007930575743681056 3.026010200611536e-06 2.9812234309548802e-05 2.3709484962894773e-05 4.445132667734039e-05 1.949238572541742e-06 0.00010442009109483573 1.803891999860641e-05 1.7678526328396982e-05 6.0231968482521176e-05 0.00010957836654406065 6.868103243774061e-06 5.791581314621343e-05 7.829669058044363e-05 2.7642468317054133e-05 3.64072196788595e-05 9.94294737090147e-07 4.3502097917412794e-07 1.3848216474791587e-07 0.0 0.0 0.0 0.0 0.0 0.0 0.0 0.0 0.0 1.864265592092709e-06 0.0 0.0 0.0 1.3697990050080113e-06 1.018187411494251e-07 0.0 7.202165822584283e-06 5.612153975245593e-06 0.0 2.927823338410654e-06 0.0 1.2547258928512016e-05 2.4103502235132416e-06 1.8118760188105555e-06 3.259686028838492e-06 3.15957262584985e-06 0.0 0.0 0.0 1.0735821866998057e-07 3.016557339973682e-07 0.0 0.0 3.6320787145735156e-07 1.0744613350152395e-06 0.0 0.0 0.0 6.618690652619691e-07 0.0 6.813436348529613e-08 8.305627603712912e-07 7.109184891128793e-08 3.3355495328781797e-07 1.5115488905328665e-06 1.1092182590781275e-06 3.2472200844622086e-07 2.781207399149788e-06 2.8898302483068534e-05 2.9303717236958197e-06 0.0 0.0 0.0 0.0 0.0 6.299784981895209e-08 0.0 0.0 4.274920994311931e-05 0.0 0.0 0.0 0.0 1.627354756661758e-05 1.7355691613286382e-06 1.815184748730351e-05 1.1677612671757782e-06 4.825505288744478e-06 8.3679881686504e-07 9.628529755425053e-08 8.674819308195656e-07 1.5046218957086679e-07 0.0 0.0 0.0 1.0227402236914913e-07 1.6680483403059144e-07 0.0 0.0 5.45276669255644e-05 6.843514038883664e-06 4.248770072692143e-06
0.00016591935561023955 0.0016317642686371587 0.002764065808572715 3.0742425959475515e-05 0.0009390996635181766 6.992427788515951e-07 0.00037305151386890425 0.0031191186077053857 0.0007123947523835749 5.592271889957931e-05 0.0 0.00036738493352576467 0.000791060400616846 0.0032108908994338144 4.4546671334414644e-05 1.8679014959927284e-05 1.8296477338475512e-06 1.0650520317762302e-06 2.263920183028443e-07 1.42570601737894e-07 4.6955949668796e-06 7.63732525340874e-06 6.873710414394983e-08 8.420017198728744e-07 7.73737264956366e-06 1.613028921052237e-05 7.482774950093894e-07 2.0636682840027235e-05 1.99662973901214e-06 2.7592820753412676e-07 0.00034000648305093525 6.638124669922177e-05 0.000874314931120593 4.4440587733994483e-07 5.90810499914077e-07 1.07445548372385e-05 0.0001466902048629407 5.336095055109186e-05 1.8333203304788063e-05 2.053817863106335e-05 1.0451537685648826e-05 6.476469603721521e-06 9.680583136702254e-07 2.4072122698440268e-06 2.9951906714565004e-07 1.1481790943779707e-06 8.062417829665846e-05 4.6936371843656925e-06 1.7254489808682552e-06 1.8551054630347646e-06 3.341716059156781e-06 3.4671055270792036e-06 1.8233005399906922e-06 1.1796701170001711e-05 3.867588258111168e-06 3.818984638984674e-06 9.696473775501747e-06 0.00011353836045271657 3.672120446793851e-06 2.7149498536746547e-05 2.7268692289276335e-07 7.556914984565769e-05 6.859112086176516e-08 0.00013795140567818295 3.96103902224393e-06 4.790055217503457e-06 2.0431416332561374e-06 1.907495774395291e-06 2.88876984464418e-06 8.671153843987448e-06 0.00024028570831952073 2.586287726853861e-06 1.229656131597398e-07 0.00012005972087197935 9.225056732730297e-05 0.00016434808762412826 6.341000701574823e-05 1.9314001212125467e-05 0.00011532618480857671 0.0005737098174978091 8.280077700928066e-07 9.439512155388123e-05 1.1192893697178363e-05 2.6506941534535225e-07 3.950781305996896e-06 4.1398870056543365e-06 4.040649206049968e-06 0.0 1.3047136432794624e-06 0.0 2.164770370985966e-06 1.5282840256763196e-06 5.7304053094423866e-06 3.8954455555114065e-06 4.32191118273606e-06 5.3925570846376946e-05 5.247489551913322e-06 0.0 8.868755655376961e-06 1.3219815546392908e-05 7.908713190690522e-07 2.169302145255875e-06 1.782105805441564e-06 1.5734557312188802e-06 7.441885731504072e-07 6.717173064028136e-06 8.900237763413152e-07 2.3701503485735926e-06 6.2335450662570545e-06 1.38808625485835e-05 2.5011755997755976e-06 1.4389784826200606e-05 1.5635173577789144e-05 8.770918033544668e-06 1.7198294078369587e-05 6.275587540385035e-07 3.510210446168364e-07 1.867165453531313e-07 8.64302811771926e-08 0.0 0.0 4.282494926143225e-07 1.7601114201245981e-06 2.0035011355238997e-07 0.0 1.860471987781656e-06 0.0 1.308683675258707e-06 3.7678451603556134e-07 9.834740178930394e-07 1.0895710330223068e-06 7.010215261795571e-07 1.2725970787643317e-06 2.6347497211317715e-07 4.582119894066744e-06 2.1567245301605774e-06 2.9151656283433585e-07 2.4098094221761103e-06 1.1069352479861884e-06 9.318643030679469e-06 3.2043054926193496e-06 3.212434014384758e-06 4.26155893443754e-06 2.8759438473205234e-06 1.689295224629418e-06 0.0 0.0 9.557744268300116e-08 7.130884934023271e-07 5.601320676391554e-07 0.0 5.385786275817008e-07 4.628597869030207e-07 0.0 0.0 8.288580471527798e-07 1.6609714832475003e-06 1.5654872593242012e-06 3.190987240120711e-07 1.4662480158876868e-07 3.600662651083077e-07 0.0 1.1920384265376144e-06 8.935810339501708e-07 4.7248881122482964e-07 2.4156391207326206e-06 2.8204571716602147e-05 1.762760588125925e-06 0.0 1.5472337999947397e-07 2.1950162031356765e-07 0.0 8.239721084001783e-08 7.444858624989522e-08 1.5153414873938778e-07 5.419666820705217e-07 2.0945492859275493e-05 5.682527237518348e-07 0.0 1.9933026163948e-07 7.277668142315588e-07 1.4690716074319894e-05 3.6719790697672026e-06 1.2496538193529526e-05 1.9227131618081076e-06 2.667752038955654e-06 1.5101113832349287e-06 2.441712003224986e-07 4.191966381297577e-07 0.0 5.3218607692325065e-08 0.0 0.0 0.0 5.509128168873449e-07 1.0175230332103443e-07 3.772450338405267e-07 1.7786403523911492e-05 6.136617586644406e-06 7.574471625181256e-06
