0.0 0.00181039395581199 0.0007520145980934922 0.00068377774816433 0.00022697764818073755 2.2947054416367082e-05 0.0011228778434248347 0.00015866415121269082 5.593925760462539e-05 0.0011480073154867966 0.000204457128997443 0.0002238908595809012 0.00047861968356810707 0.0003649786727255695 2.9621608742898724e-06 8.438753595725482e-07 0.0 0.0 0.0 0.0 0.0 0.0 0.0 0.0 0.0 0.0 0.0 0.0 0.0 0.0 0.0003316861841909207 1.3632224967953325e-05 4.057735135571338e-05 0.0 0.0 0.0 1.5784267356119564e-06 0.0 3.383978090044675e-07 0.0 9.628717272095606e-08 0.0 8.029298862792299e-08 0.0 0.0 0.0 2.8530625634840165e-05 9.521310637309868e-07 1.1431983537604109e-07 0.0 2.8707607281248093e-07 2.6841656283252564e-07 2.477548185299267e-07 0.0 3.0850294155379953e-06 6.1643699096240335e-06 0.0002035226257289871 0.00011385259196619359 7.146791962571786e-05 2.6235912640302722e-05 0.0 8.825549911281157e-08 0.0 7.835552461247762e-06 1.0679397042276492e-06 1.190764175613748e-06 6.235346441123884e-07 7.023846349265887e-07 1.6874149365609042e-07 0.0 1.3140084393161672e-06 9.893787615787638e-06 2.303876969515675e-07 4.584463821588472e-05 1.2778575840096017e-05 1.3232141471506523e-05 1.136511797157559e-06 0.0 0.0 3.8119017801152424e-05 0.0 9.835607793035406e-08 4.093558530939491e-06 0.0 1.1171949135159275e-06 1.3376684010955387e-06 5.748465468003756e-07 3.0935150464645587e-07 2.1124161695840075e-07 1.5220326003130923e-06 2.484386597432496e-07 3.630011107823789e-07 9.95053977154096e-08 0.0 1.84535472830616e-07 6.980914903849131e-05 1.6890586192266784e-05 5.877528213852834e-07 6.276146560063756e-07 0.0012075292326670084 0.0 5.578343339411888e-06 1.0104886028836661e-05 4.324167944370912e-06 1.2768050021645234e-06 5.204011876360235e-05 2.5789425202659604e-06 1.253958761299449e-05 5.764368033210587e-05 9.757656474220965e-06 2.548161605061517e-06 2.79800334126214e-05 4.379538973861835e-05 1.4376960690439429e-05 5.007016905773736e-06 0.0 0.0 0.0 0.0 0.0 0.0 0.0 0.0 0.0 0.0 0.0 0.0 1.7471103381744547e-07 0.0 0.0 0.0 1.5016643489015924e-07 0.0 0.0 0.0 6.71809322112848e-07 0.0 0.0 0.0 5.913434078750959e-07 5.613234365606581e-07 4.5702712717020726e-07 1.1146343470101793e-06 0.0 0.0 0.0 0.0 0.0 0.0 1.1212703610567795e-06 0.0 0.0 0.0 0.0 1.7040395069546397e-07 0.0 0.0 0.0 0.0 0.0 0.0 0.0 0.0 0.0 0.0 0.0 0.0 1.1847404471101728e-07 0.0 0.0 0.0 0.0 0.0 0.0 0.0 0.0 4.750357632412822e-06 0.0 0.0 0.0 0.0 5.8028034441027594e-06 0.0 3.2152645023167274e-06 0.0 0.0 0.0 0.0 0.0 0.0 0.0 0.0 0.0 0.0 0.0 0.0 0.0 2.010954772093396e-06 0.0 6.96142493936694e-07
0.00181039395581199 0.0 0.0010798202676205767 0.0014039898035404415 0.0011662394972396287 3.7418727648902415e-05 0.0021037098740010834 0.00030722121897738017 0.0006881221610584916 0.0015285271909325525 0.0005751558875599224 0.00011091770706810583 0.001858451213877118 0.0014963379763975103 1.2776764817278456e-05 7.986825242645014e-07 8.552393670035386e-08 9.911727104400941e-08 0.0 0.0 0.0 9.967707008631216e-08 8.618282706595836e-08 8.50735895645235e-08 0.0 0.0 0.0 1.6860330270241724e-07 0.0 0.0 0.0011103369399750526 1.127631127519675e-05 3.6361346375820346e-05 0.0 0.0 0.0 1.5700253280377933e-07 9.374766917398364e-08 3.7620072872419505e-07 0.0 3.879652314403091e-07 2.985670561328877e-07 9.402370928889549e-08 3.530211846942144e-07 0.0 0.0 0.0001455690181286375 2.6345298545231907e-06 1.362493590249521e-07 7.709090620532379e-08 4.528781016871542e-07 2.2826861946105545e-07 2.1726983860835373e-07 0.0 4.325984592522299e-06 1.2461703741220453e-05 9.077171929630203e-05 0.00012467132636957194 8.818838302716992e-05 6.925323948728297e-05 0.0 1.2536242974644e-07 0.0 3.461532362117246e-05 3.4243129725157893e-06 3.843855538256977e-06 1.1558693184955182e-06 2.948198610616555e-06 4.270661862574776e-07 8.043932563461839e-08 1.8928135335241205e-06 1.3058229519918233e-06 3.3056371990616607e-07 9.988060829993378e-05 8.700382596594221e-05 5.764954101849751e-05 2.389648156726943e-05 4.5494113945976003e-07 1.0471507632946866e-07 4.635400494423753e-05 3.700658963173815e-07 8.462601949222343e-08 1.038851863544035e-05 8.944435288945742e-08 2.1739345638710092e-06 2.724747541278404e-06 1.9745323377752573e-06 1.0278848494498495e-07 5.739341318964818e-07 5.733181008780283e-07 0.0 0.0 6.974735333660913e-08 2.749032563093041e-07 3.0648884347334083e-07 1.866427037953484e-05 4.550454758727962e-06 1.0168017313139354e-07 1.5472006998476607e-06 0.0008677154899137106 0.0 1.0641588960066866e-06 5.1925119608642066e-06 3.1928681970124265e-06 1.4443896494813234e-06 2.77833854211696e-05 3.5077545174469335e-07 8.027324057312525e-06 6.693256355490454e-05 4.083667734349298e-06 2.913890190988491e-06 1.5773071446480266e-05 1.8594506349575694e-05 1.1672381430636316e-05 6.151773868638839e-06 0.0 0.0 0.0 0.0 0.0 0.0 0.0 0.0 0.0 0.0 0.0 0.0 3.610715785588234e-07 0.0 3.519973027326198e-07 0.0 0.0 0.0 0.0 4.887276918850742e-07 2.0181151384585712e-07 0.0 0.0 0.0 1.6149191234483572e-06 1.7281326336793322e-06 3.2237084844110125e-07 8.340090723481786e-08 7.808139219779757e-08 0.0 0.0 0.0 0.0 0.0 2.572918884331171e-07 0.0 0.0 3.373999673539763e-07 0.0 0.0 0.0 7.978299159159691e-08 0.0 0.0 0.0 8.112078854225121e-08 0.0 0.0 0.0 1.0396868994890287e-06 1.2120829873889668e-07 5.360430553630864e-06 2.896341114783491e-07 0.0 0.0 0.0 0.0 0.0 0.0 0.0 0.0 4.754679348523405e-06 0.0 0.0 0.0 0.0 3.4758202948790325e-06 0.0 6.1890869499552e-06 0.0 2.1672649544763688e-07 0.0 0.0 0.0 3.7569203477152543e-07 0.0 0.0 0.0 1.073064753610791e-07 0.0 0.0 0.0 3.484922647529595e-06 5.11542215836362e-07 1.1893975256850813e-06
0.0007520145980934922 0.0010798202676205767 0.0 0.00015432185823625942 0.0007573465800380436 1.04965961233269e-05 0.00020374284443166882 0.0018617690512716814 0.0007986012087112369 7.793367207105058e-06 0.00191622824301796 6.657561211324737e-07 1.5887813580650487e-05 0.001402021822502033 2.7022302848884134e-05 3.3203771544542747e-06 9.816417500766708e-07 0.0 0.0 4.785666229273012e-07 9.878666163072715e-07 0.0 2.466904469820604e-06 1.5116967828525063e-06 3.7094274344606026e-07 2.1134478842888933e-07 2.943416756441027e-07 3.2925219112823816e-07 1.7760446343034106e-07 5.492532076325608e-07 0.0034109067810085504 0.000349217346883532 8.177741326549687e-05 2.7829954804145554e-07 1.201017784873161e-06 2.63346919427151e-07 2.0654614797242306e-06 7.28856523064579e-07 2.565485675034481e-06 1.0875870797914138e-06 2.983262533938374e-06 1.7489997952350647e-06 2.6439283275941925e-07 4.928871064340008e-07 2.0607472648473555e-07 2.2451270512240577e-07 0.00022114743791089566 4.874774244165572e-06 2.9213299869102206e-07 6.026320785569824e-07 9.089835997990877e-07 2.3852882246618446e-07 9.742680126635844e-07 0.0 8.514238469125826e-06 2.526521501277194e-05 0.0001279521152159215 0.000330056797015082 0.00014839593266940487 0.00011617315715782324 1.9620245789276226e-07 4.848674945384563e-06 0.0 0.00027515753004236844 4.400118588290694e-06 6.2391889927240025e-06 1.4376695473751612e-06 4.693861799623343e-06 1.0593321530914292e-06 2.7222106082953662e-06 1.3263010704451899e-05 3.0783519164346576e-06 0.0 0.00018491426152620607 0.00022380317349374296 0.00012026740744816744 8.987089938743892e-05 3.46193571065713e-06 4.414865899341327e-06 0.00031916496710240265 1.0444180117293836e-06 9.70174620307854e-06 1.9307178459695423e-05 1.0241784451694717e-06 4.843762747240005e-06 5.105697152466185e-06 4.8934563053255275e-06 1.1047130240831801e-07 6.277875317714746e-07 2.9755933810517455e-07 7.391366141169905e-07 3.41498243781182e-07 5.876186080410667e-06 3.89740719949839e-06 9.219701030373184e-07 1.1055809176742098e-05 1.2145239778115062e-05 3.777781364127842e-07 1.2203902304353587e-05 0.0008148517625580769 0.0 1.4805467033361026e-07 1.4885132583647987e-06 1.1904641174596368e-06 1.887431555919696e-06 1.303612610936827e-05 0.0 2.396354837071442e-06 5.405142130949785e-06 6.339662845061212e-07 7.175703018951398e-07 8.992172776049306e-06 6.342631896250241e-06 6.9975902959296066e-06 6.851212217176672e-06 0.0 1.4357273189867995e-07 0.0 0.0 0.0 0.0 0.0 0.0 1.3750110260954572e-07 0.0 0.0 1.7199928112483714e-07 3.587852719990571e-07 1.3339074951632097e-07 0.0 1.3176283487485895e-07 1.0392553580577714e-07 0.0 1.4423559560133546e-07 1.754850227853673e-07 6.142911454277295e-07 0.0 1.4145625345480514e-07 0.0 2.4512809667434602e-06 2.122164559780503e-06 3.3822568233445408e-06 1.0764129309371116e-06 8.334130575491705e-07 0.0 0.0 0.0 0.0 0.0 1.7649746182108187e-07 0.0 0.0 5.627118187916182e-07 0.0 0.0 0.0 1.0407342084737373e-06 0.0 0.0 0.0 0.0 0.0 3.349455345198154e-07 0.0 0.0 1.9245600693214272e-07 5.648546480080576e-06 4.669655539602832e-07 0.0 0.0 0.0 0.0 0.0 0.0 0.0 1.078991932872295e-07 5.476223179727834e-06 8.937039541524009e-07 0.0 0.0 1.9575603424925293e-07 3.841500275073551e-06 4.795314246424575e-07 4.016875098281496e-06 6.203071266361219e-08 0.0 0.0 0.0 0.0 0.0 0.0 0.0 0.0 0.0 0.0 0.0 0.0 1.770487374145494e-06 1.2330689645397423e-06 4.3735868152699105e-06
0.00068377774816433 0.0014039898035404415 0.00015432185823625942 0.0 0.00010053704037329782 0.00018673409680659644 0.0006428034722076941 3.310963678119534e-07 1.994049795186398e-05 0.0010191120809349553 1.2084896380769757e-06 0.001199166194782748 0.0017002680180248342 9.434031919737042e-05 8.851443607671464e-07 0.0 0.0 0.0 0.0 0.0 0.0 0.0 0.0 0.0 0.0 0.0 0.0 0.0 0.0 0.0 2.197481705664293e-05 0.0 1.1906187927775983e-06 0.0 0.0 8.35982710037136e-08 1.487829830150668e-06 0.0 0.0 0.0 0.0 0.0 0.0 0.0 0.0 0.0 6.547699481481997e-06 7.44094092638444e-08 0.0 0.0 8.455130224190692e-08 0.0 0.0 0.0 1.3350040436205144e-06 6.883638749022414e-07 1.9036383463000674e-05 1.4642775913777041e-05 1.0768831597116162e-05 5.3760689602822866e-06 0.0 0.0 0.0 1.1677139857788731e-06 3.6595531536253373e-07 2.658880820915659e-07 0.0 1.7572825794724298e-07 0.0 0.0 0.0 4.6700877646189575e-07 0.0 8.421513457157215e-06 5.797191660930864e-06 2.3957477781043948e-06 7.555948312845853e-07 0.0 0.0 1.0979073670582573e-07 0.0 0.0 5.326276189821975e-07 0.0 2.866797075192742e-07 2.0426099068971777e-07 0.0 8.402894371253314e-08 0.0 9.39623931502816e-08 0.0 0.0 0.0 0.0 0.0 2.6363727907851963e-05 7.754245459914791e-06 0.0 0.0 0.00025460712671166537 3.037855430228107e-07 1.2080663423882003e-06 8.456536130404596e-07 1.408495657597892e-05 0.0 2.6483756809071565e-05 1.964434501842001e-05 1.3039446886334426e-06 4.9989491075535364e-05 1.3482441411796565e-05 0.0 4.953569296118331e-05 4.116948730191664e-05 3.762212854029274e-05 5.675152913386272e-07 0.0 0.0 0.0 0.0 0.0 0.0 0.0 0.0 0.0 0.0 0.0 0.0 0.0 0.0 0.0 0.0 0.0 0.0 0.0 0.0 0.0 0.0 0.0 0.0 0.0 0.0 0.0 0.0 0.0 0.0 0.0 0.0 0.0 0.0 0.0 0.0 1.8191433785720423e-07 0.0 0.0 0.0 0.0 0.0 0.0 0.0 0.0 0.0 2.9870069697477656e-07 0.0 7.227853281366637e-07 0.0 0.0 0.0 0.0 0.0 0.0 0.0 0.0 0.0 0.0 0.0 0.0 1.4302980885783047e-07 0.0 0.0 0.0 0.0 2.30652101882355e-07 0.0 0.0 0.0 0.0 0.0 0.0 0.0 0.0 1.8330470675668977e-07 0.0 0.0 0.0 0.0 0.0 0.0 1.724780554222718e-06 2.0825133903505492e-07 0.0
0.00022697764818073755 0.0011662394972396287 0.0007573465800380436 0.00010053704037329782 0.0 7.003734228559989e-06 0.0006388917606530196 0.0003176591088748817 0.0010200250428918816 0.00024880170960217806 0.0005302188796950198 0.0 0.00012178289939452317 0.0008357481948761074 5.121049436125878e-06 5.282187742835198e-07 1.279043400818054e-07 0.0 0.0 0.0 1.109524820700104e-07 0.0 0.0 0.0 0.0 0.0 0.0 1.483328466512377e-07 0.0 0.0 8.099730707459925e-05 3.968868492359819e-06 7.140840902700123e-06 0.0 1.8870129598768952e-07 0.0 5.531496983512494e-07 9.989494852195353e-08 1.0855699418944909e-07 0.0 0.0 8.734492134325326e-08 1.0913797724201506e-07 2.942342246475074e-07 0.0 0.0 7.184197325709259e-05 2.873191798021937e-07 0.0 0.0 1.0352687765498893e-07 0.0 9.99607364449188e-08 0.0 1.3782833611046968e-06 3.4318287674094644e-06 1.56491006815963e-05 2.0169298322025685e-05 2.1575081690032013e-05 2.137356920896297e-05 0.0 0.0 0.0 1.3564849241112948e-05 9.244329026654487e-07 1.0489182004561816e-06 1.6403271897546462e-07 6.560915840132427e-07 1.7056969154349286e-07 0.0 1.8593422134128744e-06 1.0916549509333004e-06 2.0277861553927062e-07 2.83781452794098e-05 2.947472717540707e-05 2.38696239663691e-05 1.070000799479919e-05 5.607452875370281e-07 2.1466536601612378e-07 1.1624397511187485e-06 2.3581919885561615e-07 1.7916859817939055e-07 3.4269044000301023e-06 1.1699934564899492e-07 7.411409846423498e-07 6.562981904192213e-07 2.723406960143544e-07 0.0 1.0529711324204106e-07 9.104669006373783e-08 8.534259445182525e-08 0.0 4.2732375533957504e-07 1.0985994967381167e-07 1.0745394455521379e-07 2.1712919557879008e-05 1.1992076806227602e-06 0.0 1.9325906961902413e-07 8.634900624142247e-05 0.0 1.686253881902264e-06 5.305798593314138e-06 4.336890128126464e-07 3.4306033489630024e-06 2.310364696914568e-05 7.755824469755417e-07 7.087504891122852e-06 1.5080325386689243e-05 5.277263838299759e-06 1.8356773597292841e-06 2.1229738544827728e-05 1.7719320638317666e-05 1.5630331755313245e-05 6.325956128198088e-06 0.0 0.0 0.0 0.0 0.0 0.0 0.0 0.0 0.0 0.0 0.0 0.0 0.0 0.0 0.0 0.0 0.0 0.0 0.0 0.0 3.967053766790876e-07 0.0 0.0 0.0 1.5609371099285328e-06 4.0903763935295797e-07 2.0176568517693145e-07 7.06549375740953e-07 0.0 0.0 0.0 0.0 0.0 0.0 0.0 0.0 0.0 0.0 0.0 0.0 0.0 1.0381768605134144e-07 0.0 0.0 0.0 0.0 9.781183756449666e-08 0.0 0.0 0.0 0.0 6.809287145404054e-06 0.0 0.0 0.0 0.0 0.0 0.0 0.0 0.0 0.0 4.520276751136621e-06 0.0 0.0 0.0 0.0 2.1128199118972593e-06 9.543640008262412e-07 4.053402982686353e-06 0.0 0.0 1.689957658653302e-07 0.0 0.0 0.0 0.0 0.0 0.0 0.0 0.0 0.0 0.0 3.1994106026560287e-06 9.634236650258702e-07 4.834827374435046e-07
2.2947054416367082e-05 3.7418727648902415e-05 1.04965961233269e-05 0.00018673409680659644 7.003734228559989e-06 0.0 5.4171166708134385e-05 6.69244468960317e-07 5.1916314537082085e-06 0.000441886687778741 9.048579870977979e-07 0.00028267611865483394 0.0001262772320135234 2.061243331705773e-05 0.0 0.0 0.0 0.0 0.0 0.0 0.0 6.655731340078542e-07 0.0 0.0 0.0 0.0 0.0 0.0 0.0 0.0 5.348295241726697e-07 0.0 2.4388819050106726e-06 0.0 0.0 0.0 4.6717559965263386e-07 0.0 3.087861942011468e-07 0.0 0.0 0.0 0.0 0.0 0.0 0.0 0.0 0.0 0.0 0.0 9.083902979775283e-08 2.8732529788677124e-06 2.737586504115743e-07 0.0 0.0 0.0 4.992495585032525e-05 2.7872495145024334e-07 3.5606409153179734e-07 1.7928676579294267e-07 0.0 0.0 0.0 0.0 0.0 0.0 0.0 1.4814920442445193e-07 0.0 0.0 1.7547791065445945e-06 3.8473947576162896e-05 3.0125332179089583e-06 9.827762232528522e-08 0.0 0.0 0.0 0.0 0.0 8.726152398923562e-07 0.0 0.0 0.0 1.1384057117611696e-07 0.0 3.1121613191083533e-07 0.0 9.102185243476337e-07 3.209791693372834e-07 3.510088112414148e-06 5.958396802302479e-07 4.427544162769045e-07 0.0 0.0 0.0 5.773366100716978e-05 3.525783295061347e-05 2.8535452983012863e-06 7.780729602735693e-07 0.00010002759423516942 0.0 0.0 0.0 0.0 0.0 1.257188053248105e-07 0.0 0.0 2.3096363329642465e-05 0.0 0.0 0.0 0.0 4.319535474851288e-07 1.5063399269920174e-07 0.0 0.0 0.0 0.0 0.0 0.0 0.0 0.0 0.0 0.0 0.0 0.0 0.0 0.0 0.0 0.0 0.0 0.0 0.0 0.0 0.0 0.0 0.0 0.0 0.0 0.0 0.0 0.0 0.0 0.0 0.0 0.0 0.0 0.0 0.0 0.0 0.0 0.0 0.0 0.0 0.0 0.0 0.0 0.0 0.0 0.0 0.0 0.0 0.0 0.0 0.0 0.0 0.0 0.0 0.0 0.0 0.0 0.0 0.0 0.0 0.0 0.0 0.0 0.0 0.0 0.0 0.0 0.0 0.0 0.0 0.0 0.0 0.0 1.1906152894051454e-07 0.0 0.0 0.0 0.0 0.0 0.0 0.0 0.0 0.0 0.0 3.363588319951153e-07
0.0011228778434248347 0.0021037098740010834 0.00020374284443166882 0.0006428034722076941 0.0006388917606530196 5.4171166708134385e-05 0.0 3.130972710253117e-05 0.00032291485994132035 0.0010216692546381025 0.00013377027382755762 2.771881135267345e-05 0.0016889131233355605 0.00035903271884124154 8.597456937528055e-06 7.888791126067282e-07 0.0 0.0 7.779358872659839e-08 0.0 0.0 0.0 0.0 0.0 0.0 3.3951589750582076e-07 7.621158108149493e-08 0.0 0.0 0.0 0.00014919150486115333 2.4679921031919086e-06 1.3734952229328479e-05 0.0 0.0 8.725141262971504e-08 2.721571207219204e-06 7.292241991553152e-08 2.444630511966503e-07 5.416642335545247e-07 1.7028391746487355e-07 9.116463693634268e-08 3.1329918590288645e-07 1.384811354500644e-07 0.0 9.613842180519208e-08 8.280671022326917e-05 1.588567432316499e-06 9.32880509183675e-08 0.0 0.0 4.3520105981881347e-07 0.0 0.0 4.0389776472296956e-06 9.891436952560721e-06 5.027164628434093e-05 5.716854922871324e-05 5.130673091309605e-05 3.83144330042584e-05 1.908611891914213e-07 4.611863138575109e-07 0.0 1.6971571723573758e-05 1.5138661109515652e-06 2.196609237751182e-06 6.695663448648302e-07 8.236236665018874e-07 4.4538228740954627e-07 0.0 5.008582785088337e-06 3.408041416741485e-06 5.070170192964404e-07 5.578455443057998e-05 4.332043440198519e-05 3.2023814069554187e-05 1.3489041217207135e-05 6.9008265648655e-07 4.4008214061048077e-07 1.8828630087059986e-06 1.9419981769160267e-07 5.643785482364229e-07 6.577773285104868e-06 0.0 2.229172920931942e-06 9.574692278177142e-07 1.6188353313181106e-06 9.673729199516339e-08 1.7107632050020404e-07 7.303789947399983e-07 8.197354642497353e-08 0.0 0.0 9.527234113819999e-08 6.138021828674764e-07 3.610795839072933e-05 3.185520635203282e-06 1.4063546740605988e-07 2.1834898199799853e-06 0.00029558346191787426 8.320922434101053e-07 1.9864281642653814e-05 7.878455997888105e-05 0.00018348792124448508 8.758534319735926e-06 0.0001319684449487704 1.873087306445717e-05 7.988928040846699e-05 0.00012217333922455125 6.407130191499863e-05 3.921756741755713e-06 0.00018278165601930872 0.0001296156403352908 6.277460324021792e-05 1.2321883149702294e-05 8.814319181537594e-08 4.234722245673744e-07 0.0 0.0 0.0 0.0 0.0 0.0 0.0 0.0 0.0 0.0 0.0 0.0 0.0 0.0 1.2874909432501992e-07 0.0 0.0 2.3738330512196274e-06 1.0331384839951198e-07 0.0 0.0 0.0 2.4089389509248083e-06 7.29504112917818e-07 2.1919075339015444e-06 9.43626484686335e-07 6.767610969730507e-07 0.0 0.0 0.0 0.0 1.0778442935667093e-07 0.0 0.0 1.2218515433390971e-06 1.1234691687533137e-06 0.0 1.477748277778645e-07 0.0 0.0 0.0 3.194110327684799e-07 4.265458286379808e-07 1.0347829328456012e-07 1.8609225476991831e-06 6.448188494036147e-07 1.0834885683819093e-06 8.94841717080765e-08 0.0 1.345873846249788e-05 1.8988927819362735e-06 3.0744830468170816e-07 2.9271057806059447e-07 0.0 9.621848668297333e-08 0.0 1.7060337946031818e-07 0.0 0.0 1.11946222994562e-05 3.3979787626428205e-07 0.0 0.0 0.0 5.609842951537296e-06 5.840779260949613e-07 8.02702004718339e-06 1.22229032649756e-06 2.1686831794592663e-07 3.783233665525665e-07 2.6712757099324747e-07 0.0 1.1567148916164401e-07 8.121463904822392e-08 1.3233526599588674e-07 0.0 0.0 0.0 0.0 0.0 9.479596572520823e-06 1.455529918160556e-07 2.261515827562043e-06
0.00015866415121269082 0.00030722121897738017 0.0018617690512716814 3.310963678119534e-07 0.0003176591088748817 6.69244468960317e-07 3.130972710253117e-05 0.0 0.0007407193331745636 5.784456781010506e-06 0.0006221220904130293 7.853604185951746e-06 7.412608744625312e-05 0.0015227396862673526 7.827429821719378e-05 4.176843801960975e-05 3.881538752297198e-06 3.523414449901055e-06 3.314934594140835e-07 2.2953731481109203e-05 5.2121702595445234e-05 1.0280139473006299e-07 8.13588101732273e-05 5.171581058579777e-05 3.3004364284129254e-06 2.1486220442156493e-05 1.1532946259932785e-05 2.0561573271237996e-06 3.281785470364509e-06 7.2582390061893666e-06 0.001183073762938625 0.0024229797408759023 0.0001415467186277656 4.196291778666723e-05 4.18929259805332e-05 8.69334274624145e-07 1.9406994254786083e-05 2.9857640629217393e-06 1.8008031176793275e-05 4.587198869571694e-06 9.864210705733634e-05 4.222008858800976e-05 4.057302237651356e-05 2.13710782684244e-05 8.790818373981213e-06 1.977411158609848e-05 0.00031951310156673 3.399852817681852e-06 1.5121924815719887e-06 1.376899064717464e-05 8.611763528596428e-06 8.090845497679201e-07 7.689862759578583e-06 6.249348295754197e-06 3.9252639949775895e-06 1.137966151024918e-05 3.0166368448118995e-05 9.833850865991275e-05 4.5773015789252444e-05 6.241455221826512e-05 5.147491693708068e-05 0.0001838203410539655 5.963960200482866e-06 0.00037425024995779086 2.8743456679187774e-06 5.829696292347888e-06 3.4939218073476424e-06 1.1581376852248781e-05 3.593314715476318e-05 0.00018195985708292515 6.349366193423449e-05 1.8824226817850392e-05 5.012650228989681e-07 0.00010086041780757926 0.0001770057357678148 0.00015759190059441762 0.0003038106803895089 0.00017499696888742208 0.001353088623542384 0.0026555424664760434 0.00021860072882399129 0.001230819332628628 8.221253460223033e-06 3.584482646586416e-07 4.463035789477909e-06 4.132046046664168e-06 1.2738975782876381e-05 1.6196962423745311e-07 2.5490657101368473e-06 1.437144475868339e-06 1.0274476606106801e-05 1.4976678625337849e-06 0.00021917135199121275 6.775669948281764e-05 1.4179676616146352e-05 3.034094779928037e-05 6.0446748584372296e-05 3.0252068244147573e-06 5.942183249416378e-05 9.741241842709447e-05 3.2843604063938576e-07 5.642131776635314e-07 4.979959534316126e-06 1.1984015916486985e-06 3.8535327857823665e-06 1.7409028171978363e-05 1.0386044001249172e-06 3.5353357000517653e-06 3.3734872981977473e-06 2.8543188671493407e-06 2.391028578754517e-06 1.9158072215092344e-05 1.5490682992820858e-05 1.4360358179899072e-05 1.5596715387037614e-05 3.908117286795427e-07 9.32462454312229e-08 8.57476612107603e-08 0.0 0.0 0.0 4.5363320662307003e-07 0.0 8.25710985778694e-07 1.0539569187669099e-07 6.590827662624049e-07 9.77093112272283e-07 2.9963200160721695e-06 3.99694173501884e-07 2.735891341812793e-06 4.4719725508146326e-07 2.6038491913121924e-06 1.8115306143164293e-06 2.0352393595468137e-06 2.367951430041371e-06 6.257564508794268e-06 2.4631273216269613e-07 1.8083785973648087e-06 2.008912519573214e-07 1.1806438689641268e-05 6.463052114203969e-06 1.4820174183800598e-05 1.3080015576192766e-05 7.056753313102371e-06 2.5858481800606765e-07 2.130281232894702e-07 0.0 9.270088711927768e-08 0.0 1.4376739479527554e-06 0.0 8.66362809526048e-07 1.5673775830992211e-06 1.00675452908158e-07 0.0 1.5468989540934044e-06 7.518921055452842e-06 1.2838069334949562e-06 0.0 1.7671787521727912e-07 1.0191091150738289e-07 1.04811831359067e-06 1.7395533786544493e-07 2.493456914163001e-07 3.2134625441193477e-06 3.5402141390727404e-06 2.9328805289864737e-05 1.4381788038612128e-06 1.0676742596782069e-07 1.9415113363171374e-07 0.0 0.0 0.0 9.042591667525565e-08 8.869272284329234e-08 1.1907441522736265e-06 1.76102276637462e-05 6.833366628914069e-06 2.1568303874849153e-07 2.949209212517934e-07 2.6668671429401497e-06 1.2504698623313055e-05 2.103992274915925e-06 2.4204763012372256e-05 1.4872231913034868e-07 2.1677381233778778e-07 3.4662328604364843e-07 9.456381966283603e-08 2.9939269136179737e-07 0.0 0.0 0.0 0.0 0.0 3.0332777614288147e-07 6.237575355037357e-07 1.033156499304689e-07 6.693339523558713e-06 8.534690345752968e-06 2.5863672502620038e-05
5.593925760462539e-05 0.0006881221610584916 0.0007986012087112369 1.994049795186398e-05 0.0010200250428918816 5.1916314537082085e-06 0.00032291485994132035 0.0007407193331745636 0.0 0.0005410323221973416 0.0006226054724213941 2.2533526571474683e-05 0.0004671905943858037 0.00016632892997503574 7.664923561285667e-06 1.774533705243331e-06 1.225422861280414e-07 0.0 0.0 0.0 0.0 0.0 0.0 0.0 0.0 2.590057567511798e-07 0.0 0.0 1.2950394291660984e-07 0.0 4.0758280156447735e-05 3.230808253825821e-06 4.2145672876947897e-05 7.73296126174424e-08 0.0 0.0 1.0818082384464812e-06 0.0 1.3393256173175835e-06 0.0 0.0 3.2587825119716774e-07 0.0 0.0 0.0 8.896506732750618e-08 5.3443414530667025e-05 6.991761367751669e-07 2.0730983617085015e-07 9.487905197690372e-08 9.120330220549534e-08 0.0 0.0 3.271124494367903e-07 1.2356406321789362e-06 3.065566835750482e-06 4.351522069989101e-06 5.703181516529213e-06 1.016532440887537e-05 1.2614476699457453e-05 8.783243840633534e-08 1.7717074307231384e-07 0.0 6.081069168934551e-06 2.3151846737637578e-07 7.289501955536588e-07 7.036271501154508e-08 1.0554885049072488e-07 1.7382045802598099e-07 8.841206853051477e-08 4.114871525122649e-06 1.7541055475870097e-07 1.4095974297829031e-07 1.915925062995839e-05 1.7187455536894806e-05 2.2272367978109412e-05 8.449543121280837e-06 7.549041613432482e-07 1.0525873992059282e-07 3.1440570401826424e-06 0.0 0.0 1.8204455294200486e-06 1.194164875044169e-07 2.441702276490694e-07 6.394536765938861e-07 6.84221464526931e-07 0.0 0.0 8.850848247974622e-08 8.125352505832385e-08 0.0 9.827607713865429e-08 1.7564973825609265e-07 8.96852951937517e-08 3.396845421654078e-05 3.538192016702815e-06 0.0 3.393190393049011e-07 3.1033543919002794e-05 0.0 0.0 4.106466742348194e-06 3.1983103585680267e-06 5.7314164768544825e-06 4.3169183844216854e-05 9.451758653952953e-07 1.698963352403388e-05 1.6506229277798825e-05 7.320221518999038e-06 2.755260961178798e-06 2.86014276528195e-05 3.6410740986577176e-05 2.3257153855429002e-05 1.543657648140677e-05 1.1994929206507e-07 0.0 0.0 0.0 0.0 0.0 0.0 0.0 0.0 0.0 0.0 0.0 4.272857736552914e-07 0.0 6.128380504958377e-07 0.0 0.0 0.0 0.0 1.8282201323933957e-06 2.3039238093205532e-06 1.138221286260055e-07 3.5510288575787895e-07 0.0 1.4628068215045433e-06 4.3179837371986653e-07 1.9082568122988235e-06 7.909045176081605e-07 2.2283019626020824e-07 0.0 0.0 0.0 0.0 0.0 0.0 0.0 0.0 0.0 0.0 0.0 0.0 9.215306220526347e-07 0.0 0.0 0.0 0.0 0.0 0.0 0.0 0.0 1.3843354655010105e-06 8.965030818084832e-06 0.0 0.0 0.0 0.0 0.0 0.0 0.0 0.0 0.0 1.0597392456826057e-05 1.9370476695361023e-07 0.0 0.0 0.0 9.217779352254946e-06 6.676474295687713e-07 7.590168357767571e-06 0.0 0.0 0.0 0.0 0.0 0.0 0.0 0.0 0.0 0.0 0.0 0.0 0.0 1.009389533707157e-05 4.984241367522009e-07 1.7383484250300033e-06
0.0011480073154867966 0.0015285271909325525 7.793367207105058e-06 0.0010191120809349553 0.00024880170960217806 0.000441886687778741 0.0010216692546381025 5.784456781010506e-06 0.0005410323221973416 0.0 0.00011235187316469995 0.0011778477017076118 0.0027362366052562748 0.000742012507150467 2.245483711629456e-06 1.2547527821523034e-07 0.0 0.0 0.0 0.0 0.0 1.2751530837252131e-06 0.0 0.0 0.0 0.0 0.0 0.0 0.0 0.0 1.7861486709210824e-05 1.9449153041377145e-07 1.9741011979501097e-05 0.0 0.0 2.737750849311331e-07 8.52456910273449e-06 0.0 0.0 0.0 0.0 0.0 0.0 0.0 0.0 0.0 1.292018805059042e-05 4.2326899336168646e-07 0.0 0.0 0.0 1.0884232749824146e-06 0.0 0.0 1.5481628953955045e-06 3.412662977385908e-06 5.021323402849189e-05 2.065432314148554e-05 2.2972288396393405e-05 1.2615674468320099e-05 0.0 0.0 0.0 3.186876710928507e-06 4.5680346674588227e-07 8.700944494811725e-07 1.5940583206560418e-07 5.356925144663998e-07 7.784091985810072e-08 0.0 1.5696741818836715e-05 1.919534636767455e-05 1.1943117247395158e-06 2.0260418027498246e-05 7.391200834683095e-06 8.575986975169355e-06 1.497230382458979e-06 0.0 0.0 1.0459111675828692e-06 0.0 0.0 2.183223036743508e-06 0.0 6.068371152752388e-07 7.181424410684632e-07 2.0911730577123546e-07 4.6245654983694595e-07 1.8063416853514147e-07 2.310074442506786e-06 1.2569475168223267e-07 8.352279184109518e-08 0.0 9.310323378008816e-08 2.9064419357040086e-07 0.00014317951276210869 4.1041237779958696e-05 1.24069996484587e-06 2.4253997030529594e-06 0.0003942511848370757 4.2593859877471556e-07 6.1550431773608985e-06 5.922663951310562e-05 0.00010031459745634865 5.682743567943778e-06 7.665931488661247e-05 2.7209517176885542e-05 1.2024692392013672e-05 6.272580927981999e-05 7.022291158797608e-05 2.2280883708132243e-06 7.46370494195872e-05 0.00017797617354764722 8.809226643735648e-05 2.102670900379681e-05 0.0 0.0 0.0 0.0 0.0 0.0 0.0 0.0 0.0 0.0 0.0 0.0 0.0 0.0 0.0 0.0 0.0 1.4933946809489007e-07 0.0 1.3075504279211837e-06 1.2544878930155665e-07 0.0 9.016063447721963e-07 0.0 1.828686871324731e-06 0.0 1.3616456032195308e-06 0.0 2.843296993945283e-07 0.0 0.0 0.0 0.0 0.0 0.0 0.0 0.0 1.5863717648379554e-07 0.0 0.0 0.0 1.1140443135787752e-07 0.0 0.0 0.0 0.0 3.455497943343215e-07 0.0 1.7618541956973616e-06 0.0 0.0 3.722394939736015e-06 1.5684203134894425e-06 0.0 0.0 0.0 0.0 0.0 0.0 0.0 0.0 1.4563118673318637e-05 5.631869245169225e-07 0.0 0.0 0.0 6.876151045194449e-06 2.3479714690768123e-07 9.099852866144671e-07 3.354894544552655e-07 0.0 0.0 0.0 0.0 0.0 0.0 0.0 0.0 0.0 0.0 0.0 0.0 1.4320888651786025e-05 3.0290490769464966e-07 4.425903416669938e-07
0.000204457128997443 0.0005751558875599224 0.00191622824301796 1.2084896380769757e-06 0.0005302188796950198 9.048579870977979e-07 0.00013377027382755762 0.0006221220904130293 0.0006226054724213941 0.00011235187316469995 0.0 2.4337975488651276e-05 0.00033935853169038323 0.0019288521053519104 6.30160483354247e-05 2.0013095939552418e-05 1.6643197867795423e-06 4.1980105339045317e-07 0.0 4.042721271282055e-07 9.357502625498059e-07 0.0 2.7785303325329706e-06 3.0437863264823363e-06 2.657908563853025e-07 1.4885999241089712e-06 1.2748137479238381e-06 1.0854344354355632e-07 4.7543180952821675e-07 1.2403773555117582e-06 0.0006294941503800539 0.0002787079295390237 0.00016706255443135482 8.222847373637938e-08 6.339086711188811e-07 0.0 2.1596226849888488e-05 6.47697076373851e-07 1.8231977773954692e-06 3.695954688760243e-07 4.837042182289921e-06 3.698934598979743e-06 3.077765251082868e-07 9.663380721494333e-07 2.602219040778554e-07 3.814785878082608e-07 0.00024434364427933404 1.310349672356348e-06 9.557760593039663e-07 2.3648442662261027e-07 1.040717809557558e-06 1.1483216799400292e-07 7.012913334974123e-07 7.986184239416816e-07 4.389879711709343e-06 1.1627088129714557e-05 1.6695248576043435e-05 3.2789929143800474e-05 3.3614334973806004e-05 5.700867446454819e-05 0.0 2.702489547979264e-06 1.3359333274051854e-07 4.9504871301472404e-05 3.085985060064177e-06 2.7301542988343306e-06 5.034145982435834e-07 2.5504358278345894e-06 7.084184961517108e-07 1.5235854843945062e-06 4.6190957869195044e-05 2.288010352328143e-06 0.0 7.469208530023406e-05 0.0001000519862949815 0.0001348862861534915 7.187392162132247e-05 8.856165754981089e-06 1.1949598956398934e-05 0.00020354923158551807 6.208781549840331e-07 8.190823010436114e-06 6.955792363821945e-06 1.0561920276682582e-07 1.896581303787842e-06 2.758714175592645e-06 2.1664226568662773e-06 2.7837855905923047e-07 2.0025393011846889e-07 1.737779547126159e-07 2.0157302817468577e-07 1.2997508954621455e-07 5.123498799038928e-06 5.006462646617143e-06 1.6865800729362632e-06 0.00010111816244281586 2.9795686940903024e-05 1.6457495131076938e-07 1.6292554810774365e-05 6.883402470760715e-05 2.4266763690025683e-07 2.8440499697991583e-06 9.531617017897032e-06 2.5547037543607926e-06 5.236270578151692e-06 5.336479084204784e-05 2.4052239021441086e-06 2.1393909881997407e-05 1.758783021201311e-05 1.0128073612109521e-05 6.430798344192514e-06 4.29277465390293e-05 4.921698164161433e-05 3.79427183297197e-05 3.186588075050316e-05 1.2145283698442895e-07 1.2837390592140065e-07 7.872734429562115e-08 0.0 0.0 0.0 0.0 0.0 0.0 0.0 0.0 0.0 5.911588399604667e-07 0.0 1.6241957973611894e-07 4.7662261437000956e-07 4.14667779626856e-07 0.0 8.635183630414214e-08 8.870074784482734e-08 1.580318214944471e-06 0.0 0.0 0.0 6.452137172187179e-06 2.2683817539862483e-06 6.2299547010730485e-06 1.8878527082850797e-06 1.1137117352986565e-06 0.0 0.0 0.0 0.0 0.0 8.331268918333866e-08 0.0 0.0 6.401911222540195e-07 0.0 0.0 0.0 4.093203942650726e-07 0.0 0.0 5.611103289777482e-07 0.0 5.346581223874445e-07 2.2449770185866634e-07 0.0 6.499747455539703e-07 1.0188347269556836e-06 2.6107358780664557e-05 9.757124702158288e-07 0.0 0.0 0.0 0.0 0.0 9.001998831455865e-08 0.0 0.0 2.2061033763883963e-05 1.2291453511672412e-06 0.0 0.0 1.6217893650020484e-07 2.0980673664379074e-05 8.694234112427919e-07 1.8504784703332404e-05 2.0871913894707185e-07 0.0 8.579410937847349e-08 1.1776028241832438e-07 0.0 0.0 0.0 0.0 0.0 0.0 0.0 0.0 0.0 1.5527992122162194e-05 1.9252586218507855e-06 9.646614727360146e-06
0.0002238908595809012 0.00011091770706810583 6.657561211324737e-07 0.001199166194782748 0.0 0.00028267611865483394 2.771881135267345e-05 7.853604185951746e-06 2.2533526571474683e-05 0.0011778477017076118 2.4337975488651276e-05 0.0 0.0011240289466756927 0.0001370217417820521 4.6053227623240875e-06 4.970671061443627e-06 1.835354166499763e-07 0.0 0.0 0.0 1.1033159475071669e-07 6.564403262272427e-07 0.0 0.0 0.0 0.0 0.0 1.5759284394153688e-07 0.0 0.0 1.680578026890252e-06 8.984740734543435e-07 4.276047555747791e-05 0.0 0.0 0.0 8.562283151436775e-05 2.7912697910478155e-06 4.637346256803473e-07 0.0 4.858792649427209e-07 6.378667841652396e-07 0.0 0.0 0.0 1.3862631178661766e-07 1.1016858304407051e-05 1.7320436292144594e-07 0.0 0.0 3.078958391506297e-07 5.094383765918879e-07 2.330638533862579e-07 8.853278463390663e-07 2.121299639783653e-07 6.843970319074518e-07 8.440854636544398e-06 5.077424886920826e-06 4.534057223958841e-06 2.710623937334651e-06 6.640061225058143e-07 8.919454441820548e-06 1.2981404834416e-07 2.2566656647443466e-06 7.553322278847547e-08 0.0 9.953328228152414e-08 4.3709082306848e-07 0.0 1.6856840427071982e-07 6.388590599395552e-05 8.85302464690467e-06 8.48358928642218e-07 6.355634997783572e-06 3.6963176153602746e-06 6.480754719298139e-06 6.150238145385907e-06 1.834919363799026e-06 0.0 1.1930767788289428e-05 3.0510759615945096e-07 5.08984170049818e-07 8.947894798036924e-07 0.0 8.456127118791312e-08 0.0 0.0 7.382465937382322e-08 3.743820084561743e-07 1.1903702954363668e-06 9.112539489245683e-08 9.109454812524333e-08 1.8959702002769853e-07 2.41600724695294e-06 2.9154068664338757e-07 0.00042044659909707213 7.749438670557032e-05 2.5085268274270675e-07 5.2860981829576195e-06 7.42063866369896e-05 1.1042627125507278e-07 1.3962773656113055e-05 3.1420631933039284e-05 1.654868214829707e-05 1.3431717556020618e-05 0.0001799782899162977 6.674555558408547e-06 4.699631538608503e-05 7.873446446577188e-05 4.180138614095189e-05 1.2107959615682545e-05 0.00014571168273227905 0.00015342122782281855 0.00011066952083631689 6.7148598718188e-05 1.0084105846334829e-07 2.246252972468701e-07 1.7275999715321935e-07 0.0 0.0 0.0 0.0 0.0 1.275304476411669e-07 0.0 2.6991154869967067e-07 0.0 1.4793396918363733e-06 0.0 0.0 0.0 0.0 0.0 0.0 1.8732149630717315e-06 1.0111548410745442e-05 0.0 0.0 0.0 1.3232985691699057e-05 4.321969635121678e-06 5.8358116069825574e-06 1.6405511919714056e-06 1.4292264909687196e-06 0.0 0.0 0.0 0.0 1.1770817331341479e-07 0.0 0.0 1.3179544756965068e-07 1.8186119625431536e-07 0.0 0.0 0.0 1.0529985470219274e-07 0.0 5.381261691688135e-07 0.0 0.0 6.21445494821922e-07 7.659453814232334e-08 0.0 0.0 1.8541833835441227e-06 3.062249112842144e-05 2.330020388003437e-07 0.0 0.0 0.0 0.0 0.0 0.0 0.0 0.0 5.950177152112239e-05 4.5439632231916936e-07 0.0 0.0 0.0 3.1335170651164577e-05 1.3503143722588726e-06 2.3531289339120292e-05 1.4607992181924084e-07 9.938292209304763e-08 2.1208652073580534e-07 0.0 0.0 0.0 0.0 0.0 0.0 0.0 0.0 0.0 0.0 5.217203888708316e-05 3.087160192298713e-06 1.1271167676453357e-05
0.00047861968356810707 0.001858451213877118 1.5887813580650487e-05 0.0017002680180248342 0.00012178289939452317 0.0001262772320135234 0.0016889131233355605 7.412608744625312e-05 0.0004671905943858037 0.0027362366052562748 0.00033935853169038323 0.0011240289466756927 0.0 0.0015791230186609118 5.61415274407639e-05 3.238113449038574e-05 2.208240897141088e-06 1.0984598887699757e-06 0.0 1.0694729423647552e-07 4.996944368177174e-07 2.7081817449420506e-07 2.3554314449935282e-07 1.8736226858427103e-06 1.1909770909384127e-07 3.432104387404509e-07 7.659264689085245e-07 9.655327237256454e-08 1.442617505553179e-06 4.164175290298653e-07 4.148842754408931e-05 1.8604189621192744e-05 0.0002916162857965125 8.207439655517774e-08 2.359758466007522e-07 0.0 8.554593311563048e-05 4.858593982574657e-07 3.4014717987235567e-05 1.4282265415982153e-07 2.7252690595680432e-06 4.138983649810158e-06 8.544979622477057e-08 1.399216937202858e-06 5.082474008538779e-07 9.986274669015083e-07 0.0001640248427746901 5.3343039684205e-07 7.6947601894417e-07 2.0448418827012104e-07 6.093517890259801e-07 1.8529012845189401e-06 1.5301727004504058e-06 8.005913353217155e-07 1.627355205574206e-06 4.692429625236711e-06 3.0340629725816693e-05 3.483587231020834e-05 3.0657328108687424e-05 2.659161003839703e-05 5.742017126486398e-07 2.595885119263118e-05 2.203292654136041e-07 2.3528995392075482e-05 1.2467652211302358e-06 1.921968926634143e-06 5.201394491134656e-07 1.010946428153136e-06 3.089887489426415e-07 8.792968832289616e-07 0.00024000375272942672 1.3924762250128952e-05 1.515070872317767e-06 4.7129196202651106e-05 4.963495599957996e-05 6.689050043459176e-05 5.654715332939771e-05 1.136956288249679e-05 8.529844768650435e-07 6.328061087524853e-05 1.2114136723541104e-06 7.623578931394262e-06 3.578878304520647e-06 7.903714353411544e-08 1.549731480566878e-06 9.916670989552444e-07 1.3638368060343968e-06 3.8363561137967805e-07 4.5905323711853576e-07 1.639494184626368e-06 6.437973671097374e-07 3.149097616989734e-07 2.2098615914173707e-06 4.097611071266556e-06 2.222001460553997e-06 0.0010531501378696672 0.00015396798368130435 1.0823722885321881e-06 2.03023747008297e-05 0.00020849203657324198 1.651255418952327e-06 1.5331118170307804e-05 7.588446510732366e-05 3.0365504275494752e-05 5.0605865609626885e-05 0.0004868242923277862 1.4984099280883254e-05 0.0001390738768530826 0.00021173292224232722 8.672908014065238e-05 3.8019818934285344e-05 0.0003763393517747122 0.00037846234166353246 0.00027210216435073856 0.0001738644634743716 6.407167562942239e-07 5.478660359164728e-07 0.0 0.0 0.0 0.0 0.0 0.0 0.0 6.481805560138005e-07 2.3584278965427224e-07 4.716153694459579e-07 9.72170582027257e-07 0.0 1.1818100611902972e-06 8.944900269070174e-08 6.499772520318233e-07 1.4011800790158056e-07 3.209552509875442e-07 3.7921440162761485e-06 1.552984547027623e-05 0.0 0.0 1.3926967907915526e-07 3.372803123024733e-05 6.4710364281979075e-06 2.191473192620595e-05 7.00510582735828e-06 3.1242754113988777e-06 0.0 1.232125268507416e-07 0.0 0.0 2.1637795261255704e-07 1.2662110744504856e-06 2.519846779237387e-07 1.07470105640825e-06 1.864912034442759e-06 0.0 1.7610587450128238e-07 7.91644825779933e-08 2.3327887714300365e-06 2.384667301739172e-07 0.0 4.3947802248250473e-07 0.0 6.449233809231656e-07 1.0958918669167494e-06 1.8159631708652504e-06 1.7849998453109213e-06 3.613458342324001e-06 8.939416084134753e-05 1.114372234936973e-06 7.681977223598214e-08 8.764495813533719e-08 0.0 0.0 0.0 7.976140882349348e-08 0.0 0.0 0.0001551682332591983 2.9377309680863884e-06 0.0 0.0 0.0 0.00010223417298146017 4.738824815122567e-06 6.262556482717173e-05 1.3688833642090921e-06 1.1031647257169284e-06 5.980329694031005e-07 3.2125986637411523e-07 2.733320792119687e-07 0.0 6.728311533198355e-08 0.0 0.0 0.0 0.0 0.0 0.0 0.00011776063095403882 7.134266304481597e-06 2.8933492275874333e-05
