0.0 0.0015642399737314113 0.0004461681549471335 0.0005256931691215394 3.478655331100975e-05 1.1747144650621511e-05 3.894529355389595e-05 7.5425705985016145e-06 1.3626336268969434e-06 0.00017877244353996772 1.3860954041083198e-05 2.8701020542255614e-06 1.0649681444713263e-05 9.77433306412267e-06 1.8703827993189872e-06 2.4869620736243047e-07 1.0361297373145024e-07 0.0 0.0 0.0 0.0 0.0 1.3175351460765793e-07 9.195897111338069e-08 0.0 0.0 1.598465839746582e-07 0.0 0.0 0.0 0.00031365257742551326 1.8551792511101947e-07 2.7694226112559595e-06 0.0 0.0 0.0 3.430722730990392e-06 1.667834524471011e-07 7.386639603748795e-08 0.0 0.0 0.0 0.0 0.0 0.0 0.0 8.692352496370154e-06 0.0 0.0 1.0974377618399311e-07 1.0387089297488721e-07 0.0 1.795418927843858e-07 9.341417570058641e-08 3.2894356078425974e-06 1.321997824055816e-06 2.829085100789345e-05 0.0004385762063045471 3.159196515923543e-05 2.0527408405526413e-05 4.780831848146522e-07 6.696429974879529e-07 0.0 2.0905685601464395e-05 8.93730316139978e-07 0.0 0.0 0.0 2.666353490291877e-07 0.0 1.1700751422837478e-05 5.714568151601251e-06 4.574935557115469e-07 6.17245266755102e-05 4.533685210350025e-06 1.1455852507842942e-05 2.2610153406514782e-06 3.9834822538249693e-07 5.601149023617745e-07 1.1823894344739927e-05 3.002503592609702e-07 5.462713163797926e-07 2.856923059050347e-06 0.0 3.107423214729072e-07 6.94488588288681e-07 2.3278745073679663e-07 6.944861419421529e-08 8.280578494155091e-08 2.4919796645409713e-07 7.173571594978617e-08 1.7079638458426803e-07 2.4081786707365724e-07 6.921648997176312e-08 1.1093317541490366e-07 2.3147283644589736e-05 5.562697286958171e-06 3.000775563612872e-07 3.0567768948015692e-06 0.0003724443516283233 0.0 2.7099255024894696e-07 0.0 1.6160753026717483e-07 3.161037479424012e-07 1.2812002836461366e-06 0.0 2.418212613913434e-07 4.52531304869313e-06 5.882157597813291e-07 1.9951587865555793e-07 1.3618364172708026e-07 1.309454032562621e-06 1.8332211130506368e-06 0.0 0.0 1.3637375485092957e-07 0.0 0.0 0.0 0.0 0.0 0.0 0.0 0.0 0.0 0.0 0.0 0.0 0.0 0.0 2.2569685467430664e-07 0.0 0.0 5.485611173742541e-07 9.870125697654551e-08 0.0 1.4456296694722652e-07 3.5319589397210593e-07 1.0776432056805559e-07 0.0 2.7527307863322166e-07 5.350007708383807e-07 8.284646448444865e-08 0.0 0.0 0.0 0.0 0.0 0.0 0.0 1.2863806649893548e-07 3.4417179644871025e-07 0.0 0.0 0.0 2.1189058321847933e-07 0.0 0.0 0.0 0.0 0.0 8.672305667176412e-08 0.0 4.591519309262217e-07 3.6414275793366846e-07 2.999746343307789e-07 0.0 0.0 0.0 0.0 0.0 0.0 0.0 1.7908350731343893e-07 0.0 1.1772825023627967e-06 8.2604568294663e-07 0.0 0.0 0.0 9.719020962682355e-08 0.0 4.4535786023662255e-07 0.0 0.0 1.2686694257909146e-07 0.0 1.6300822364756936e-07 0.0 0.0 0.0 0.0 0.0 0.0 0.0 0.0 9.593678217855841e-08 2.879759652278331e-07 1.1091158150377902e-07
0.0015642399737314113 0.0 0.0007122859720292879 0.0021262177216162747 0.0007928432240978635 0.000130031280278042 0.001913524110389331 2.9118657828092134e-05 0.00026908896847829903 0.0022880056100302035 0.00019207991433704643 0.00024009901052566372 0.001981799984270586 0.000864276494407205 5.487300240284005e-05 1.3163465106838253e-06 1.0298506418771736e-06 0.0 2.105217129872231e-07 7.446045051936515e-07 0.0 1.021880542949327e-07 0.0 6.75387762329526e-08 0.0 3.43805128328288e-07 1.3972200844316262e-07 8.34181250895645e-08 0.0 0.0 0.0010882556513002498 8.123024307192413e-06 1.7806721682713808e-05 2.6275054042062216e-07 1.295589869400034e-07 0.0 1.6713384333124226e-05 1.007567021024816e-06 1.4659269188767276e-06 4.993536311242798e-07 0.0 6.942522939227799e-08 5.065427210203984e-07 2.747974871916946e-06 2.365086689531738e-07 0.0 0.0002281747105739332 1.3240102589002636e-06 2.6678449359029636e-07 9.58157540871019e-07 1.4273628928470917e-07 3.21043509944211e-07 4.700598339807384e-07 3.06954360317079e-07 1.99274171515716e-05 1.4441361377572402e-05 8.914274178500573e-05 0.0008514271716667557 0.00016076127483558123 0.00027278212277502474 9.218517817065496e-07 6.643641635996556e-06 1.4252436032378437e-07 0.0006074617063918621 1.0402246344469208e-05 1.867318512883539e-06 3.3631277403979824e-07 2.728231503236188e-07 6.034255322388826e-07 1.0586239091224612e-06 2.253615137243277e-05 2.093914885047327e-06 0.0 0.0004547253714367745 8.411538071770225e-05 0.0003292549966759398 7.109865007679069e-05 1.6071969103733303e-05 2.432903647363547e-06 3.2486669110971396e-05 2.88516349240978e-06 7.008569996313025e-06 3.601740756634523e-05 8.939404387268837e-08 2.2607513313470643e-06 7.101775515170199e-06 2.285705980688895e-06 0.0 1.5068133174049142e-06 0.0 3.502543790370952e-07 2.0377661950272658e-07 8.293926927213248e-07 3.240966587935681e-07 2.1678632130492283e-07 2.4440022379688505e-05 1.7589819123821322e-06 7.731585921765972e-07 7.239690148347497e-07 0.00044856094525179386 0.0 9.227803456902505e-07 3.5108430467724587e-07 4.3516276785303107e-07 1.0194340828778396e-06 7.92794615274929e-06 5.214274080874365e-07 1.1015208999935958e-06 1.2376882492592425e-05 3.561924197053707e-06 2.518521812142057e-06 4.12429278325171e-06 1.0286056274868731e-05 9.547623334247617e-06 2.6073939893997177e-06 2.610244416634576e-07 9.72614767590308e-07 0.0 0.0 0.0 0.0 0.0 0.0 0.0 0.0 0.0 0.0 0.0 0.0 1.957894116323897e-07 0.0 0.0 2.4022600604594544e-07 1.0263474478437665e-07 2.890835981646337e-06 5.536723403979046e-07 0.0 1.2225386589907054e-07 1.488294985133918e-07 6.048345210048771e-06 7.04278000034118e-07 3.347605176215377e-06 5.123533307754819e-07 1.1458922275333273e-06 0.0 0.0 0.0 0.0 8.31747032878935e-08 1.0018581772208695e-07 0.0 0.0 2.0140356014921585e-07 0.0 0.0 0.0 2.398282424870609e-07 1.3066154603023932e-07 6.9785662941802e-08 0.0 7.440833404839572e-08 3.765767528529473e-07 2.993501966379097e-07 7.014964214547091e-08 2.2097257760970387e-07 1.5313461938966195e-06 5.498842388610098e-06 1.1712977117027074e-06 0.0 0.0 0.0 7.285635426341344e-08 0.0 0.0 0.0 0.0 9.740358033226859e-06 3.6723313357101347e-07 0.0 0.0 0.0 1.960464679451527e-06 6.696983241436068e-07 6.662876592968191e-06 2.0607486400545763e-07 5.554803866026877e-07 2.7694132697217495e-07 6.487834393347216e-07 1.796628682329423e-07 0.0 0.0 0.0 2.446175593384687e-07 0.0 7.623012933999436e-08 0.0 7.257893134164474e-08 5.366394385125132e-06 3.1773599266663053e-06 3.763827090592336e-06
0.0004461681549471335 0.0007122859720292879 0.0 0.00011220704445217949 0.0007763315983238322 1.7925932520619092e-05 5.766619684973049e-05 0.002541663579022334 0.0002726421136356897 0.0002229736501448099 0.00218075034080315 0.00014282689448687813 0.0003964953020499657 0.0006701391122904619 2.084919559449299e-05 3.863288438789475e-06 8.944658303517815e-07 2.2622071346182305e-07 0.0 3.0556118145260167e-07 4.02045483853892e-06 1.36484934591237e-07 1.7709860573788886e-06 6.590915642822566e-07 7.288422403398534e-08 1.8714020381173503e-07 0.0 2.5496513033350025e-07 7.0692276900643e-08 0.0 0.002412226819889994 3.7294573932949166e-05 0.00010533277233085629 0.0 2.807701121808224e-07 0.0 4.198290889760493e-05 7.218950910187108e-07 2.4862296250872637e-06 6.84588905151014e-07 1.0562437739438666e-06 7.165883357491551e-07 2.2550252805403234e-06 2.407209700746611e-06 1.0841130180867627e-07 1.1080516181706395e-06 5.0760926070304034e-05 5.153095547560723e-07 9.61558798638025e-08 1.726324435212239e-06 1.0763274686507878e-06 1.1308265314674932e-06 7.136667786665152e-07 0.0 4.213673005782621e-06 2.323167741809206e-06 2.45820382250818e-05 0.00031968906912151413 3.187159761705936e-05 4.931124996303709e-05 3.855310634386172e-06 1.094668968259719e-05 1.287591905862683e-06 0.000388272907611303 1.9574509250389805e-06 6.169859458686481e-07 1.7108288840628142e-06 6.753813109937455e-07 6.2287853455386885e-06 4.0671098047571754e-06 6.645089638828603e-05 3.4264545272379926e-06 0.0 9.239860628266625e-05 2.4215083180210408e-05 7.964939748173619e-05 3.142189268678069e-05 1.5867914018772943e-05 1.308984886263592e-05 0.00080233263768998 1.9179704480537053e-06 7.486469130711147e-05 7.77730648167085e-06 0.0 7.768710314152443e-07 2.2224187327956166e-06 3.337880721679647e-06 0.0 6.050476767518138e-07 5.180819311501234e-07 2.672684934448263e-07 4.730314482679668e-07 6.964340324623834e-06 3.098220874539663e-07 2.241340067110151e-06 1.7116540914540288e-05 4.116640084883196e-06 1.9270642458088736e-06 4.889705741697074e-06 6.808209489681129e-05 4.7414330760386394e-07 0.0 0.0 0.0 0.0 6.47003309350128e-07 0.0 5.406218145428891e-07 9.156147489785098e-07 4.864653795889536e-07 3.382602155470584e-07 1.1691115862547734e-06 2.5244111901264866e-06 2.897731649307951e-06 1.0466548800366258e-06 7.888702682357393e-08 3.4374350000784376e-07 1.678079968240102e-07 2.5022256244169253e-07 0.0 0.0 0.0 0.0 0.0 0.0 0.0 0.0 2.964470800534647e-07 0.0 2.977235671563438e-07 0.0 2.62505265795315e-07 0.0 3.5475548633330923e-07 1.3524291723348668e-06 4.211668064809817e-07 1.0157195688896055e-07 2.0213147726800483e-07 1.453430521476711e-07 3.0930785922050315e-06 3.563260820928198e-07 2.211301894199977e-06 1.4967139112336193e-06 1.4629105942520057e-06 0.0 0.0 0.0 0.0 2.8992873811898227e-07 0.0 0.0 0.0 8.703302013120988e-08 0.0 1.9189435314153605e-07 1.483461954031261e-07 5.226573010627742e-07 0.0 4.0348796847136596e-07 0.0 6.369066282230671e-08 0.0 0.0 0.0 1.641013844318402e-07 1.2754058693243966e-06 2.261951259157969e-06 1.1567438078459453e-07 0.0 0.0 0.0 8.51344591048916e-08 0.0 0.0 0.0 3.261197718889997e-07 3.746368485703062e-06 4.243855998278397e-07 2.769081567841258e-07 0.0 1.6342772562749983e-07 1.2290533314053955e-06 1.2944419445165892e-06 1.7066449244335714e-06 0.0 0.0 0.0 0.0 9.269739616788896e-08 0.0 0.0 0.0 0.0 0.0 0.0 0.0 0.0 5.485154212726535e-07 1.9151642356937525e-06 1.6506021808302316e-06
0.0005256931691215394 0.0021262177216162747 0.00011220704445217949 0.0 7.138978825973109e-05 0.0002109177258909858 0.0008543223754040064 8.075938045952421e-07 4.047553091284288e-06 0.0015969096216559185 4.875227700388022e-06 0.00041932453171812867 0.0006651581109865736 4.489765796301186e-06 2.8392294190959163e-06 0.0 1.713627860604556e-07 0.0 9.273565000853321e-08 0.0 0.0 0.0 8.534627452230658e-08 0.0 0.0 0.0 0.0 0.0 0.0 0.0 5.3349562914465367e-05 2.096275681701787e-07 5.636795492392926e-07 0.0 0.0 0.0 5.508051293678797e-07 0.0 2.6779015877817736e-07 0.0 0.0 0.0 0.0 8.08927780841529e-08 0.0 2.1450873139882677e-07 1.349511018460878e-05 0.0 0.0 1.9842896792539122e-07 7.821930840922024e-08 7.5079066526826e-08 1.0005309568134122e-07 0.0 2.3603512181092886e-06 1.0133471082200548e-06 1.0407228561421524e-05 8.706115552650063e-05 1.6025071267947713e-05 2.57091763730515e-05 1.8467819860155095e-07 0.0 0.0 3.573888899615715e-05 1.6714680561314595e-06 1.635827331625658e-07 1.5262028793482617e-07 6.865019171694806e-08 8.623550600202056e-08 0.0 3.087717625070645e-06 2.2272247095765438e-06 1.3085989621961324e-07 4.713270671327418e-05 4.265337191664234e-06 2.212994823285199e-05 2.6304946125763902e-06 4.665665388769531e-07 2.526564398278734e-07 4.2048646409277267e-07 8.522613000579858e-08 3.09671936484476e-07 3.895840170824322e-06 0.0 0.0 5.701690666055075e-07 1.4359399695726517e-07 0.0 7.560737415549666e-08 0.0 6.91530759215748e-08 0.0 0.0 0.0 0.0 8.421821861763093e-06 1.5224331522478842e-06 0.0 4.754743884906522e-07 0.00011922049432661506 0.0 6.77010804868398e-07 3.732744269910748e-05 6.808496929720991e-05 3.560259556301722e-07 5.3563686723044046e-05 2.1678563963097896e-05 6.111458818949249e-06 8.335615517863224e-05 3.29642133924835e-05 5.620998906432775e-07 3.1163612875606364e-05 0.00010920482666922803 1.1171838927246172e-05 3.9535920281079834e-07 0.0 0.0 0.0 9.432047999530995e-08 0.0 0.0 0.0 0.0 2.91635431258119e-07 0.0 7.876764614522231e-08 0.0 0.0 0.0 5.129068140969025e-07 0.0 1.7658769710376482e-07 0.0 1.5431467708636222e-07 1.6682988245266018e-06 0.0 0.0 1.0448556592591904e-07 0.0 8.546478091563324e-07 3.266719442989896e-07 3.0397373480403235e-07 3.6082570816233866e-07 2.7707092140533426e-07 0.0 0.0 0.0 0.0 0.0 0.0 2.7782059242837517e-07 1.1948676927822218e-07 5.106696560024102e-07 0.0 0.0 0.0 1.449902208522309e-07 0.0 0.0 0.0 0.0 2.8820937455637266e-07 6.271842587590611e-07 0.0 0.0 0.0 1.2333640210747116e-06 3.979082958929509e-07 1.291036671438193e-07 0.0 0.0 0.0 0.0 0.0 0.0 0.0 3.4321989308047623e-06 0.0 0.0 0.0 0.0 5.486087333933831e-07 0.0 9.259287420610712e-07 4.001077472200732e-07 1.193635539258827e-07 1.232056598526497e-07 2.466077293328706e-07 0.0 0.0 0.0 0.0 0.0 0.0 0.0 0.0 0.0 4.54221709675871e-06 0.0 3.941961869626959e-07
3.478655331100975e-05 0.0007928432240978635 0.0007763315983238322 7.138978825973109e-05 0.0 1.0106787686473352e-05 0.0011479835449712407 0.00029821195748034186 0.003389484305003204 0.00035140386911266055 0.0016419265700043859 0.00017825005629182078 0.0016608550634488128 0.00395724284401694 2.7102437907526056e-05 2.387756188001938e-06 5.47891840317176e-07 0.0 3.772814658072008e-07 1.5165187534027628e-07 9.401152810531456e-08 0.0 0.0 5.7186095779982925e-08 0.0 0.0 0.0 8.703374268081726e-08 0.0 0.0 8.799167143667725e-05 6.139718492772514e-06 1.949226359622606e-05 0.0 0.0 0.0 1.9168051308851028e-05 1.3155112226933742e-06 1.0345789548974408e-06 1.0559277926784047e-06 0.0 0.0 1.9020466056244823e-07 8.094429535505503e-07 2.8639251840744766e-07 3.0469220200617e-07 6.326823489322414e-05 4.2396470952044915e-07 8.103113601183647e-08 3.397379533598784e-07 9.896004327951147e-08 0.0 0.0 0.0 1.6437820092804555e-06 1.260926016480258e-06 4.478476650268451e-06 4.267845033873192e-05 7.051848312739479e-06 3.485450138578996e-05 3.5709863729414137e-07 8.207632497290745e-06 1.7731106216002705e-07 8.05666514996533e-05 1.164902915428956e-06 1.5025186322094025e-07 0.0 9.597864876723978e-08 0.0 2.363384207824599e-07 2.418655881582167e-05 2.506436024200731e-07 0.0 3.3042598582799375e-05 1.1688628702289074e-05 7.050736373407016e-05 3.565634507351547e-05 1.4583669003980378e-05 5.552906089482989e-07 1.2093572288233134e-05 1.1924215681801951e-06 4.669704183021575e-06 3.3668904484450315e-06 0.0 1.5257729107211612e-07 1.1474359908970595e-06 2.677005832711318e-07 0.0 1.5318569848583782e-07 0.0 1.4132515506248748e-07 0.0 0.0 0.0 1.3015008412955877e-07 2.06960609802644e-05 3.688341259602945e-06 0.0 1.4275067731182034e-06 3.829518890679872e-06 1.0072194333750987e-06 1.2597602859100592e-07 7.056583175155831e-07 4.19974083521877e-07 1.8002920501275897e-06 4.760908033023447e-06 1.2827169772049336e-06 1.1747155881106839e-06 3.0400410666067337e-06 4.220321282780792e-06 2.810103939883423e-06 3.044170447935274e-06 1.0947861668382561e-05 1.3538500026567133e-05 4.279156195476358e-06 0.0 2.7607507773104555e-07 0.0 0.0 0.0 0.0 0.0 0.0 0.0 0.0 0.0 0.0 0.0 0.0 6.129364578824144e-08 0.0 1.518450696220944e-07 0.0 0.0 5.358373924489648e-06 6.062677172471476e-07 1.3366958197875027e-07 3.5020175162033194e-07 2.1170773687925323e-07 8.7297981807617e-06 6.455485073262751e-07 5.476577476631504e-06 1.990655341295278e-07 9.86814555045542e-07 1.8442657586183578e-07 0.0 0.0 0.0 0.0 2.2498627874609582e-07 0.0 8.085324429848977e-08 6.348004477281254e-07 0.0 0.0 0.0 0.0 0.0 0.0 1.7126320840241588e-07 0.0 6.750975760850492e-07 2.3395976683056028e-07 0.0 2.1149485312063295e-07 5.380797818026148e-07 1.0492742338426033e-05 3.0049541712139515e-06 0.0 0.0 0.0 0.0 0.0 0.0 0.0 1.2702384938741124e-07 1.6478016053894302e-05 0.0 0.0 0.0 0.0 3.294438045861783e-06 1.0563653790427953e-06 4.363505650882406e-06 2.2566431929769827e-07 6.461407812394768e-07 3.5490649404019127e-07 9.49978702522657e-08 1.9214763774534832e-07 0.0 0.0 0.0 0.0 0.0 0.0 0.0 0.0 7.786652779547396e-06 4.750838204936439e-06 4.433805619473701e-06
1.1747144650621511e-05 0.000130031280278042 1.7925932520619092e-05 0.0002109177258909858 1.0106787686473352e-05 0.0 2.0843715953746657e-05 9.10549469787754e-07 8.175426675558307e-07 0.00012322293485768376 2.8583245162688976e-06 5.676408163957732e-05 2.721396132339313e-05 4.948041708083373e-06 1.0702870210266525e-06 1.1446699006845929e-06 1.7892352450821896e-07 0.0 0.0 0.0 0.0 6.203427978012095e-07 0.0 0.0 0.0 0.0 0.0 0.0 2.7712655772510557e-07 0.0 4.668776274493589e-06 0.0 1.2126452372614939e-05 2.4988556530479197e-07 0.0 1.2093755599068534e-07 1.9137440644403696e-05 1.6536093703634883e-06 1.9243379835629815e-06 7.145770982726289e-08 0.0 0.0 0.0 5.746972024181076e-07 0.0 0.0 4.7637157833818503e-07 0.0 3.5302964562957594e-07 0.0 0.0 4.831432998401425e-06 3.497845308327334e-07 0.0 1.644580091127194e-07 1.744964527414223e-07 2.681284479369973e-05 3.9396015715317286e-05 2.968440100997663e-06 9.886811019631829e-07 2.9296999483401497e-06 6.687779063906228e-06 0.0 1.626514209098226e-06 0.0 0.0 1.279495180116136e-07 0.0 0.0 0.0 0.00011503478019725409 0.00014882588173456012 9.716994515536595e-06 5.9869025074375875e-06 1.0872651923598167e-07 1.2542026614168078e-06 4.589856154897996e-07 1.8086600622853107e-07 0.0 7.447359060008295e-06 0.0 5.043723038009297e-06 3.431773514240188e-07 4.112061298343116e-07 0.0 1.466601362163499e-07 2.303844623463329e-07 2.127743517070544e-06 2.1216664568255867e-06 8.2526589141099e-06 9.333297505959772e-07 3.1762299984291543e-06 2.0417263862041597e-07 0.0 1.2045513955200935e-06 6.689645517924634e-05 9.191975845972956e-05 8.34632683374941e-06 4.0082063912621865e-05 7.221107110726945e-05 0.0 0.0 0.0 0.0 0.0 1.0995689735177014e-07 0.0 0.0 8.320154703802285e-07 9.87301176722933e-08 2.0166624822006189e-07 9.641702993619845e-08 7.873026349296191e-07 4.5420715236570894e-07 0.0 7.994914894113748e-08 6.51663903988974e-07 1.1024685650922757e-07 5.699064043400046e-07 0.0 0.0 0.0 0.0 0.0 0.0 0.0 1.0662289863107769e-07 2.4157927952781874e-07 0.0 6.382525833096309e-07 0.0 1.4282925871048214e-06 0.0 6.10829105824895e-07 0.0 2.304174777023234e-07 2.329777186927047e-07 4.0348400993173105e-07 1.9755110111878818e-07 3.7344604346430237e-07 7.9633327668803e-08 2.375714774928644e-07 2.329255026131108e-06 2.073480366700661e-06 0.0 0.0 0.0 0.0 2.1265639290310882e-07 6.560130797470222e-07 0.0 0.0 8.733374527781784e-08 0.0 0.0 0.0 3.3373727899499054e-06 0.0 0.0 0.0 0.0 0.0 0.0 0.0 2.4926412103172495e-07 8.514402256505265e-08 1.844658412719304e-07 0.0 0.0 0.0 0.0 0.0 0.0 0.0 0.0 0.0 4.5837590232571584e-07 5.741291824307994e-06 0.0 0.0 8.141744715944329e-08 0.0 1.2529075222119202e-07 4.865689932026575e-07 0.0 0.0 0.0 0.0 0.0 0.0 0.0 0.0 0.0 1.1200305461860975e-07 0.0 0.0 0.0 2.5068719280567493e-07 5.48449250179606e-06 1.815517114831477e-06
3.894529355389595e-05 0.001913524110389331 5.766619684973049e-05 0.0008543223754040064 0.0011479835449712407 2.0843715953746657e-05 0.0 9.282217088550266e-06 0.0010618205956873222 0.0034439285426136833 0.0002420828615656952 0.0007254251712417145 0.004851970802716514 0.002194093859280157 5.1086465191006374e-05 3.5343522511078524e-06 1.2740242512536383e-06 0.0 2.434304929105765e-07 7.731284412136934e-08 0.0 0.0 0.0 7.862802375572573e-08 1.7705768465697952e-07 2.6004335864543476e-07 6.614314069981005e-08 0.0 1.5934211532196378e-07 0.0 0.00010073742016946336 2.6481720312921342e-06 1.9629018728242994e-05 0.0 0.0 1.2875305510788762e-07 1.7420793971539342e-05 2.2778942027021706e-06 7.388919660645694e-07 7.466921058415454e-08 3.7964678355777487e-07 8.176409549467144e-08 3.942539186763287e-07 1.2578429076275362e-06 2.608056381591251e-07 3.289643155056261e-07 0.0001403658983172208 6.145943324734325e-07 3.230325548256527e-07 7.874216904606474e-07 1.476712566537669e-07 0.0 7.048541610910741e-08 1.8479294980134643e-07 4.900559314182181e-06 4.230986259496226e-06 1.331377405663925e-05 9.49184662050706e-05 2.6220473150502468e-05 8.929199428470358e-05 1.4224477543036896e-06 1.5457579670845322e-05 2.0826914394181817e-07 0.0001710068186674711 2.793763253424611e-06 2.7158342035148285e-07 9.97269987213755e-08 0.0 1.6500930930211185e-07 7.99325044948237e-08 3.2888546222186914e-05 2.7843334959073356e-06 0.0 0.00010350361936305497 2.6700560703411305e-05 0.0001622702219761646 6.23339025844036e-05 2.0548436926744273e-05 2.595271015958953e-06 1.0463214688102055e-05 9.259779993000225e-07 8.083734898128687e-06 1.05898116551814e-05 0.0 6.897524872158593e-07 1.5633153238608666e-06 1.0126082702800566e-06 0.0 2.4641059199462343e-07 0.0 4.061568964059091e-07 7.975104132198893e-08 4.760871724905674e-07 1.5763776014691403e-07 4.1191930178004053e-07 4.7769491411250995e-05 6.449904316859925e-06 1.739496323595958e-07 4.4677959529379886e-06 9.174074951953565e-06 1.6983712462881672e-06 3.3920912343106293e-06 2.1252879807437735e-05 1.2832259483738958e-05 4.6218217753355795e-06 5.84069144044721e-05 6.940613818655073e-06 3.446316259866583e-06 5.21411839878763e-05 3.0955845433984455e-05 6.603922268627863e-06 4.792079767563084e-05 3.993387722520564e-05 3.187048544289828e-05 1.1909074401886117e-05 0.0 4.5886495486642915e-07 0.0 0.0 0.0 0.0 0.0 0.0 0.0 1.7735430159296247e-07 0.0 0.0 6.958333356851865e-08 2.3490469656286904e-07 0.0 0.0 0.0 0.0 0.0 1.0531504343048106e-05 1.6369587514116418e-06 0.0 5.146626509314809e-07 0.0 1.898576336112258e-05 1.3040995219250839e-06 1.1238962670984623e-05 2.2881931770750345e-06 8.257635066806583e-07 0.0 0.0 0.0 0.0 0.0 3.3790426696616913e-07 0.0 5.546169088554097e-07 6.544455754676177e-07 0.0 1.5175501929673545e-07 0.0 0.0 0.0 0.0 8.388136196501842e-08 0.0 9.722728106664595e-07 1.188638716482305e-06 0.0 1.1686175068332196e-06 1.4605330705741356e-06 2.387425847611349e-05 7.948534790927228e-06 2.938523579636035e-07 6.64344933457961e-08 0.0 0.0 0.0 0.0 0.0 0.0 3.6860899359233987e-05 3.904087470747987e-07 0.0 0.0 0.0 5.960791092301758e-06 1.4165646057290897e-06 1.397254816359042e-05 1.3055079104587974e-06 1.4281026701015799e-06 1.1766428859671027e-06 9.978047771446186e-08 0.0 1.7819066308568782e-07 0.0 0.0 0.0 0.0 0.0 1.0657503488065481e-07 0.0 1.750637933772674e-05 1.013990091696919e-05 7.840941559784065e-06
7.5425705985016145e-06 2.9118657828092134e-05 0.002541663579022334 8.075938045952421e-07 0.00029821195748034186 9.10549469787754e-07 9.282217088550266e-06 0.0 0.00019655541524417276 1.8183045202573622e-06 0.0033350883381295365 4.549293373952408e-05 0.00014895437127582616 0.0004278943625975206 3.005388413205873e-05 7.77986194867275e-06 2.6566959283665878e-06 7.335601176793622e-07 1.06008840879426e-06 4.759384769424291e-06 9.569997371861206e-06 0.0 5.958170673251216e-06 1.812762440902808e-06 3.272629640725157e-07 7.038808867698799e-07 0.0 3.634191864346613e-07 9.5803184820574e-07 0.0 0.0017489394670724217 0.0012502025413692868 6.70191799100803e-05 3.835940576121156e-06 1.7728069340002723e-06 5.393881230210438e-07 1.9839616355388614e-05 1.0624202105651864e-06 1.5989148527169074e-06 4.2496477494887264e-07 1.8062758859899834e-06 2.6265926382535802e-06 1.9644471458006038e-05 6.53214511445809e-06 5.373541561982951e-07 9.982888884782301e-06 5.959007641169505e-05 1.3764010251838914e-06 4.932922966554217e-07 1.0645003777259403e-05 1.957724281038673e-06 1.3899037122610923e-06 7.29957134384102e-08 1.3058919249308668e-06 6.492622677984899e-07 5.10484858779244e-07 2.987452476562732e-06 0.00011436790467830613 4.841711519459329e-06 1.9574580044768123e-05 3.740184454569261e-05 1.965861464402167e-05 1.2492770071960829e-05 0.000517338467555921 3.63894175063373e-07 9.365020065870489e-07 2.1194658545801615e-06 1.4021677996401867e-06 2.2673454517038384e-05 2.1103322587926164e-05 3.0069488561111864e-05 2.5856904984660893e-06 3.815077616823701e-07 2.262800959948661e-05 1.4755582966364579e-05 6.243102763037797e-05 6.781575662921427e-05 7.7355345784706e-05 0.0014733977540482995 0.0027110333652641387 1.8099454408772164e-05 0.0017487564913761713 1.8721199169576648e-06 0.0 1.0425230523615579e-06 3.632873985473366e-07 1.2749908316688258e-05 1.3258835874620767e-07 1.3794439654395093e-06 0.0 1.6605894524635236e-06 1.1360226901974963e-06 1.92522257730643e-05 2.057869290191146e-06 7.458156149758377e-06 1.0686533539119105e-05 3.818727968406796e-06 5.481044969887767e-07 2.0969738297767502e-06 3.2899045838263622e-06 3.0884720287936147e-07 0.0 0.0 0.0 2.613397932785473e-07 0.0 0.0 0.0 4.7339817316014395e-07 0.0 4.5879152318204084e-07 1.1004423295503265e-07 3.375659898842498e-07 1.241128962363669e-06 8.239844760036817e-08 0.0 4.193718951958477e-07 0.0 1.4284254536554887e-07 0.0 0.0 0.0 0.0 0.0 0.0 0.0 2.3733103362778975e-07 3.8502382225985773e-07 0.0 0.0 1.632688989016518e-07 3.3872889734991115e-07 0.0 0.0 8.943105905686281e-08 2.753286426980322e-07 0.0 6.376927467127336e-07 8.534456104752327e-08 2.3380141905188063e-06 7.912815556245511e-07 1.7161419719635718e-06 1.3891219342301392e-06 1.574060271334636e-06 1.235293104660874e-07 2.504736277859963e-07 4.957239702652999e-07 0.0 3.1187985712521087e-07 2.110638316355327e-07 0.0 2.084439390139902e-07 0.0 0.0 2.816992696874149e-07 2.7286952768627786e-07 1.1710566485093977e-06 3.4147579870923203e-07 0.0 0.0 0.0 0.0 9.668947242674459e-08 0.0 1.5198826450329285e-06 1.155568415755282e-06 2.5902729493648933e-06 6.760769301450828e-07 0.0 0.0 1.798105212452185e-07 7.93057598042794e-08 0.0 9.54660411093246e-08 0.0 1.4224513102799718e-07 1.89078131405093e-06 6.826946071673795e-07 0.0 1.8949905990439126e-07 8.638322507597511e-07 5.460320595605016e-07 1.3091848467063766e-07 2.082645650417346e-06 0.0 1.115371855981574e-07 0.0 1.2455581604907387e-07 0.0 0.0 0.0 0.0 0.0 0.0 3.139009419206731e-07 1.4806100507307762e-07 0.0 2.5526659867399023e-07 7.343290652937154e-07 1.43046830267734e-06
1.3626336268969434e-06 0.00026908896847829903 0.0002726421136356897 4.047553091284288e-06 0.003389484305003204 8.175426675558307e-07 0.0010618205956873222 0.00019655541524417276 0.0 6.294070441032055e-05 0.0005577113276274654 6.589479946042548e-05 0.0010633216855344546 0.0016500711702415397 2.7828570989401443e-05 3.4010898619603633e-06 6.460870029044103e-07 0.0 2.2371989185451476e-07 0.0 0.0 0.0 0.0 0.0 0.0 0.0 1.124259112931461e-07 0.0 0.0 0.0 2.6895663280031165e-05 1.8911756816266595e-06 2.1006943032509248e-05 0.0 9.79229678279822e-08 0.0 1.3414131294094627e-05 8.804366523420654e-07 1.115311579861109e-06 1.5176468081720038e-07 1.853117610637482e-07 1.9029525796108138e-07 8.397347155675854e-08 1.1766334618557945e-06 2.5947657525016907e-07 1.7850636565344396e-07 5.5379099708154954e-05 5.248112369256978e-07 0.0 3.681604743814502e-07 1.4968418179973389e-07 1.3032099807812528e-07 0.0 0.0 6.751881012287216e-07 5.529685615970721e-07 1.2185301086008005e-06 1.0625416757991557e-05 2.0178817124081787e-06 1.90637388245225e-05 2.7033395660392127e-07 1.0226448517952003e-05 0.0 3.854954505683988e-05 3.7146356862321957e-07 6.503744367985045e-08 0.0 7.153822765887254e-08 2.534617523317542e-07 4.189567027082186e-07 1.3525437883146648e-05 3.0076840668521546e-07 0.0 1.596201286699831e-05 5.973571869744049e-06 5.50749055389489e-05 3.633668926293739e-05 1.5526268622187645e-05 2.9988676197637945e-07 1.420555732351318e-05 8.23074589927333e-07 5.254407722060473e-06 1.8691375160370117e-06 0.0 1.5841062501235304e-07 1.6012361981628013e-07 3.3449323929625715e-07 0.0 0.0 0.0 7.508357730080375e-08 0.0 1.820237577866367e-07 6.152485650154705e-08 5.33094561108361e-07 1.4945105116889993e-05 5.834451208372731e-06 1.0902959782988242e-07 2.5411121294974205e-06 3.817440044375845e-07 1.0340722876295123e-06 7.162262042080542e-07 8.566210095570969e-07 6.554471479280795e-07 2.2449902845054614e-06 6.996051457928611e-06 1.2678083531016152e-06 1.1958026410078107e-06 7.133540499065004e-06 3.046635580753044e-06 1.64292921494523e-06 4.923342325195706e-06 1.5894283218964422e-05 1.454991804603996e-05 5.150286135338223e-06 3.272773840982523e-07 3.881189976910235e-07 0.0 0.0 0.0 0.0 0.0 0.0 0.0 0.0 0.0 0.0 1.6659615726672067e-07 0.0 0.0 0.0 0.0 1.6862213475523882e-07 0.0 3.1706032930323653e-06 1.0935070971366374e-06 3.593617400806087e-07 0.0 2.391142499314207e-07 1.0260765603831973e-05 6.973226962245488e-07 4.901177326344613e-06 5.194568243484643e-07 1.3839032009859736e-06 0.0 0.0 0.0 3.233256415906966e-07 1.0211746119828776e-07 0.0 0.0 4.912495353717369e-07 4.038630130061657e-07 0.0 0.0 0.0 7.183757480015783e-08 0.0 0.0 9.309584098783182e-08 0.0 1.8595542373724342e-07 1.0780977203500346e-06 8.523279294539276e-08 3.5401075445294194e-07 1.663863350540084e-06 1.0756636994861453e-05 2.822766786907646e-06 0.0 0.0 0.0 0.0 1.2136351962853365e-07 0.0 0.0 0.0 1.7024860331468506e-05 6.892002683562517e-07 0.0 0.0 0.0 3.999701603560421e-06 1.3254311372200486e-06 7.520900437749162e-06 7.131875528004627e-07 0.0 3.2947601481546334e-07 7.14843615856394e-08 0.0 0.0 0.0 0.0 0.0 0.0 0.0 0.0 0.0 9.522111248205799e-06 4.947319684904953e-06 3.920957094485842e-06
0.00017877244353996772 0.0022880056100302035 0.0002229736501448099 0.0015969096216559185 0.00035140386911266055 0.00012322293485768376 0.0034439285426136833 1.8183045202573622e-06 6.294070441032055e-05 0.0 2.453357037673746e-05 0.0021178322552818612 0.004215548952306817 7.816900975435851e-05 1.2750064506108044e-05 6.139943169572942e-07 5.192309088915674e-07 0.0 0.0 1.5056868574058785e-07 0.0 0.0 0.0 0.0 2.0133241997929685e-07 0.0 0.0 9.105386418657802e-08 0.0 0.0 8.423210606753513e-05 1.4320487405947175e-06 2.889611643013053e-05 0.0 0.0 0.0 4.5954898907024656e-05 7.15437077847593e-06 1.039010676787068e-06 2.592403324949546e-07 1.371573392559016e-07 3.7152324089865514e-07 0.0 2.0192324879328376e-07 1.3216091904273282e-07 9.13090687079186e-08 4.445024778835353e-05 1.7842828900729362e-07 0.0 0.0 0.0 3.87086680744766e-07 3.471814271674262e-07 0.0 1.992290873620221e-06 1.9008619597377749e-06 1.50592986787038e-05 7.257673329928938e-05 2.045326462269464e-05 3.09953304062605e-05 4.389455627791662e-07 2.7887767796228952e-05 2.1062901160392492e-07 5.593375215612891e-05 6.845527879927802e-07 7.240539557021704e-08 8.223180185555415e-08 2.5499382587505204e-07 2.2752189111700134e-07 0.0 0.00013365510471676263 7.914732800340246e-06 0.0 5.422444219004547e-05 8.388695816333852e-06 4.311461190239049e-05 1.1644785790760452e-05 2.4584362228478037e-06 0.0 1.601115753272099e-05 2.7794155755479445e-07 7.147468034989235e-06 4.547646102260772e-06 0.0 6.555501318914113e-07 1.031849188285953e-06 3.8638649920876473e-07 2.1543874564281092e-07 3.189316522737825e-07 4.047198587802614e-07 0.0 3.3965075194440004e-07 1.8746169709848772e-07 0.0 2.96905460363343e-07 0.0002604405479528577 2.9769584829541846e-05 1.7193196935263165e-07 1.1350889795961633e-05 7.503578062362869e-05 2.7393239712657824e-06 2.9059551412220514e-06 8.257582754215005e-06 4.903696660705077e-06 7.1264784437120076e-06 5.121471820049737e-05 5.03010743707273e-06 1.2475746973525292e-05 4.413941540107206e-05 3.0415646925129073e-05 1.2582378645973026e-05 6.371684226548808e-05 0.00010731456103883191 6.501356515460536e-05 1.668268956906365e-05 0.0 1.9573786287896893e-07 0.0 2.758257723111427e-07 0.0 0.0 0.0 0.0 0.0 0.0 0.0 9.127877323509326e-08 0.0 2.5769158869999985e-07 2.954717051773404e-07 0.0 3.450512631865868e-07 0.0 7.500882954391622e-08 2.0376807638583255e-05 1.5699755487329033e-06 5.760687357607741e-07 7.99556467265356e-08 1.3054620646862065e-07 3.399491738093024e-05 2.0569900402181523e-06 1.899806256957366e-05 2.5149696189231297e-06 1.4478064946745376e-06 0.0 1.204160609725989e-07 0.0 4.579399675032852e-07 6.089027008333478e-07 1.9561919546030123e-06 0.0 1.4564219800728004e-07 1.3855853532438011e-06 0.0 0.0 0.0 4.827026405754929e-07 1.7948402688296873e-07 3.199894958654564e-07 0.0 0.0 1.20185432943941e-06 2.399118677980894e-06 3.9945373660398605e-07 1.952327934778866e-06 6.368258884655065e-07 2.9943871381622306e-05 5.9880313621724645e-06 0.0 0.0 0.0 1.2613052001920945e-07 1.0109930622433569e-07 0.0 0.0 0.0 6.649322689510388e-05 2.3730228131448303e-07 8.746355647585944e-08 0.0 0.0 1.1920016811845452e-05 1.455810176675924e-06 2.2718004082083062e-05 1.7141158448040633e-06 2.7185267330161912e-06 2.616775444475738e-06 1.7374517662603922e-07 8.02626126373243e-07 0.0 0.0 0.0 0.0 0.0 0.0 0.0 0.0 3.540205844822975e-05 1.8429738208243377e-05 1.305686038549087e-05
1.3860954041083198e-05 0.00019207991433704643 0.00218075034080315 4.875227700388022e-06 0.0016419265700043859 2.8583245162688976e-06 0.0002420828615656952 0.0033350883381295365 0.0005577113276274654 2.453357037673746e-05 0.0 0.00025789658444648874 0.0021349370799512955 0.0019306526686095923 4.9546127930425554e-05 1.3828970393032907e-05 2.6404776263280668e-06 0.0 3.697170268732337e-07 1.0957140474964712e-06 6.581402503080595e-06 3.529992613863703e-06 3.983912232774207e-06 2.5835281449002397e-06 9.147093117433151e-07 3.294225864008496e-06 6.431332717199655e-07 0.0 1.7044608634130865e-06 3.753215190306636e-07 0.0003601719739834091 2.049256626865208e-05 0.000798690411615911 2.0426129545724633e-06 2.9991367075597347e-06 8.85833132789657e-07 0.0002405778044102722 1.6206200798340212e-05 7.832651103004566e-06 3.5924401816971302e-06 5.755454539807299e-06 5.008097172220065e-06 4.0008803916342394e-06 7.879865812920482e-06 1.9854898857625223e-06 4.473574207953865e-06 6.099271961284944e-05 1.0667448402808574e-06 6.818172667897762e-07 3.2457217591570695e-06 2.951233665921378e-06 6.821720902577055e-06 2.2406518798976326e-06 8.612448419041307e-07 2.111929275094629e-06 9.71052269547469e-07 1.9305521785623585e-06 3.723039640071817e-05 5.3523394120944296e-06 2.2341640785867352e-05 4.527292426893038e-06 0.00014993510127159402 3.5011832604265928e-06 8.32761750684404e-05 2.0998187553124546e-07 1.3271805846516697e-06 2.796891119064444e-06 2.8692824094341106e-06 1.744495558655955e-05 8.733866408588104e-06 0.0001450748572578914 7.060637050050398e-06 6.916780664364265e-07 2.0834585182095862e-05 8.655182454331699e-06 7.072383508051803e-05 5.821412819286692e-05 3.3169224235098135e-05 2.432370651420138e-05 0.0012813286068513216 3.735487409883255e-06 9.975697265446452e-05 1.5549605137166862e-06 0.0 9.580327823591611e-07 1.9866398389459364e-06 4.313832022075342e-06 2.3492048943285982e-07 1.2129353605409333e-06 1.6953259474241872e-06 1.9312396329031315e-06 2.956285784387141e-06 1.3641020608513536e-05 2.0069949181243355e-06 6.886486956624358e-06 5.60086619654102e-05 1.1583340435359994e-05 4.072830591273919e-06 1.0340023572140787e-05 5.987037619053106e-06 2.5515225003754745e-07 0.0 2.6463245183955805e-07 0.0 9.91541304262016e-07 2.29351077574977e-06 0.0 6.547773237977271e-07 1.986927738837012e-06 1.4838452769201344e-06 1.4745554462954044e-06 1.3657040188765744e-06 6.482219238422008e-06 6.816197000506195e-06 2.788258462790868e-06 5.220608828114671e-07 1.332814118142249e-06 1.5511817289408723e-07 1.6504666098796052e-06 0.0 0.0 2.2424872075111647e-07 0.0 2.9214751764810305e-07 0.0 9.712065906604081e-08 1.8264779291615313e-07 1.7574957207389058e-06 0.0 1.627159074300711e-06 3.901582907365926e-07 2.0685638604740727e-06 5.673266390270171e-07 9.735176965461513e-07 2.6698970903315447e-06 8.513315335452962e-08 3.509950749617982e-07 2.8812349747110343e-06 7.050380499661621e-07 1.0327438326944398e-05 9.409554978641338e-07 6.869336803001422e-06 5.494145718101567e-06 4.215165973908952e-06 1.534738925578258e-07 0.0 0.0 2.966877045559413e-07 1.0590063494686e-06 2.9475334997039198e-06 1.1135496890930343e-07 1.569563370309351e-06 2.7263743959130604e-07 0.0 9.076295539249368e-08 6.753216593625844e-07 3.4625145988916658e-06 8.395294082577055e-07 0.0 1.7887883997606864e-07 3.363053679063222e-07 7.931688035884446e-07 2.1221844010284598e-07 0.0 4.538943105782913e-06 4.699470909527447e-06 1.0411018385723127e-05 2.449698781397946e-06 0.0 0.0 0.0 0.0 1.7939582938124597e-07 8.506724650819565e-08 7.150395300213772e-08 2.9646880299130484e-07 1.1351608128975986e-05 2.117622511827056e-06 1.0450083236691009e-07 8.435831696087603e-08 2.880015331617985e-07 2.496878757322021e-06 1.117792195884753e-06 8.10088024679673e-06 3.8638437284849146e-07 9.58810452179489e-07 4.843203156029954e-07 8.080304310008686e-07 3.5225226482909057e-07 1.270177386821599e-07 0.0 0.0 0.0 2.0026606062439257e-07 2.0243476746571918e-07 0.0 1.9291170298878272e-07 4.708846625495156e-06 1.0753094592189708e-05 9.070882378227982e-06
2.8701020542255614e-06 0.00024009901052566372 0.00014282689448687813 0.00041932453171812867 0.00017825005629182078 5.676408163957732e-05 0.0007254251712417145 4.549293373952408e-05 6.589479946042548e-05 0.0021178322552818612 0.00025789658444648874 0.0 0.000887508182075179 0.00011267189408416248 3.823940213671594e-05 1.187045435245656e-05 1.98864969841714e-06 0.0 8.955355185959484e-08 0.0 1.2341826181692315e-06 1.961827180924101e-06 1.0210683662241754e-06 0.0 2.3380150266119234e-07 3.0682863668538796e-07 2.2363471873900582e-07 1.4453960795063233e-07 6.90768655178391e-07 0.0 7.733124049242766e-06 1.3124069328150177e-06 5.094423890820099e-05 1.2207826570019303e-07 0.0 1.0372745655567718e-07 6.949030876447933e-05 3.1448475271354445e-06 2.8035369548771555e-06 1.5265232010724367e-06 5.310913748988884e-07 1.2187369332648557e-06 1.4241133085648207e-06 2.8434724110280854e-06 2.7998386982550884e-07 1.1070191412312548e-06 3.751774447549823e-05 2.064974110158765e-07 0.0 7.899298201411275e-07 7.333394510292562e-07 1.4587112236718507e-06 2.236482562220077e-06 1.0069803313878666e-07 0.0 3.626972716386826e-07 1.5031614587897807e-06 5.00460980718413e-06 6.718500975187766e-07 7.391708480204382e-06 2.304682311350691e-06 2.0501543307551755e-05 7.187277122374898e-07 2.1999019266050974e-05 7.505644040197653e-08 1.4119545740795566e-07 1.1791611158588814e-06 5.751600935019637e-07 2.761767652339389e-06 9.961376797239682e-07 9.90884180850609e-05 8.59152446623485e-06 7.873134525294557e-07 5.120457336660005e-06 2.9394884775428524e-06 3.845656139683967e-05 3.910896703928921e-05 1.6469167824945355e-05 1.1249889190013669e-06 1.4180023922257948e-05 1.263922527762531e-06 6.855544394175921e-06 9.050864838098688e-07 1.1587709723802472e-07 2.0182650456191896e-07 2.2116311394118036e-07 1.519570085555964e-06 6.181361519444247e-07 1.5582003177739147e-07 6.451438640629143e-07 1.7806175507465559e-07 1.2114835003261958e-06 2.1572074746466322e-06 2.648169961703616e-07 2.351832595646969e-06 0.000770439593948996 3.0195952692606958e-05 3.474464666211375e-06 5.927759747320712e-06 1.2274520634150502e-05 2.0395715110267464e-06 2.2156390601513362e-06 2.3718138431416966e-06 3.6879893469777197e-06 1.0312414755520676e-05 3.1329007412231674e-05 3.850670503384422e-06 6.3274238903703785e-06 3.3240852605981605e-05 1.976026450208045e-05 1.1722568385025878e-05 2.6440863126041574e-05 8.246937165053859e-05 7.660607384129651e-05 2.0559247337212473e-05 5.856943609934151e-07 1.6610932863047767e-06 1.238905439812482e-07 1.7738714611758146e-06 0.0 9.177633121689955e-08 9.146133055447635e-08 0.0 3.459526696271858e-07 0.0 1.0227151909672687e-07 3.50984468965775e-07 7.765473549964635e-07 3.1626124311254417e-07 4.6802645035874426e-07 1.0676157654501604e-07 1.2524009065546778e-06 4.0644005327491954e-07 8.76286322235979e-07 2.148937980063455e-05 4.201727867283448e-06 9.86432672094815e-08 1.6852165494240359e-06 5.986600750077255e-07 5.5034817144851426e-05 1.6463084297881406e-06 2.5730165453382934e-05 5.432160788459633e-06 4.1285679131582034e-06 3.364545227895681e-07 0.0 9.22440995106057e-08 5.739311966128705e-07 3.7718402483157166e-07 1.6785093743107233e-06 0.0 7.250467182184905e-07 6.772626288897896e-07 0.0 0.0 0.0 2.153324833686889e-06 1.9926860153562448e-07 0.0 3.1150137531870733e-07 0.0 1.2298515938895353e-06 3.7396013647776766e-06 2.571335791213957e-07 2.7570207078613875e-06 3.862561290669912e-06 3.568763806736243e-05 1.0074211604516731e-05 0.0 0.0 0.0 7.751055949930248e-08 7.520929577142614e-08 0.0 1.0795953282770588e-07 1.815335904551005e-07 8.799049132736984e-05 1.653633720285258e-06 1.423426649028615e-07 0.0 2.411821043307574e-07 1.9168238041474932e-05 3.6568024698627397e-06 2.8740069011991677e-05 2.404200823543914e-06 2.618695635540661e-06 3.877742888853844e-06 2.5715996250420364e-07 8.241590336666968e-07 2.3813844668660066e-07 0.0 0.0 0.0 7.398874949136722e-08 0.0 0.0 0.0 4.3581401425237365e-05 2.68089802268023e-05 2.1454493335341798e-05
