0.0 0.002338396161468802 0.0005532837617168319 0.0007423781190636248 4.1624508106138754e-05 5.5609049681095896e-05 0.0003665081184655763 5.053563201340188e-05 1.929581725677469e-06 0.0005762283348670403 3.601109663696445e-05 1.3968512123570651e-05 3.5161747796614606e-05 2.6351740583903236e-05 6.625798553075587e-07 5.058954251929889e-07 1.3249109879682465e-07 6.949341322002238e-08 0.0 1.0987189787754697e-07 3.788354365416688e-07 0.0 7.945027540768647e-08 0.0 1.2139320762031304e-06 0.0 0.0 0.0 0.0 0.0 0.00013997243566375543 1.4312325223713157e-06 3.7351210727491035e-06 0.0 5.712137872201235e-08 1.1333573778137362e-07 8.431419098207276e-07 4.883056950610942e-07 6.312654376138489e-07 5.31897065586635e-07 9.98424862590349e-08 1.374625481462655e-07 0.0 1.2142605110926004e-07 6.727667475999021e-08 5.175797711822399e-08 1.0781165604349814e-05 1.172095163190345e-06 3.633059440899247e-07 7.108308345840868e-08 4.667815096540134e-07 4.180460953061294e-07 3.5495924470541995e-07 1.0261358907005776e-07 4.787179844867124e-06 4.0147834077605785e-06 6.749217442735447e-05 0.0001266622606091302 8.757369397336571e-06 1.3864341978287095e-05 5.090764751586628e-08 1.1714073841479055e-06 0.0 8.11772118000393e-06 2.445845355496549e-06 1.8257238204056586e-06 5.533070773720504e-07 1.0851108293620238e-06 3.705045379471021e-07 1.7841121924676107e-07 1.4777893928211607e-06 4.2797783013714885e-05 1.2719451584193196e-06 7.533341789573018e-05 2.0687883127738354e-05 1.8982636179374668e-05 1.5319870609005142e-06 3.5957136055291314e-07 9.53848261953546e-08 1.0583084441300767e-05 0.0 1.950080989942816e-06 8.790646973977776e-06 1.259673057127642e-07 1.9374701435731545e-06 2.130675849601256e-06 4.419820659988172e-07 7.933426768017173e-07 1.0329268167216384e-06 7.311954805925909e-07 3.5121321132062715e-07 2.2161143101903308e-07 1.0630614101469119e-07 4.815197590434613e-07 2.087039590346902e-07 1.7481175515039477e-05 8.407427438650287e-06 2.513444383412909e-07 1.284273262780424e-06 0.0006958823401340225 2.4263148761657444e-07 3.576833072813492e-07 2.4398204775471547e-07 8.956566260180971e-07 8.345269484909762e-08 1.4596675003919503e-06 1.7471789883094866e-06 1.2807834077573367e-06 2.599150280493089e-06 3.730939583013905e-06 8.155926600713816e-07 1.4674125874954573e-06 4.639760796667916e-06 8.522292492658462e-07 1.4431196425020163e-07 0.0 0.0 0.0 0.0 0.0 0.0 0.0 0.0 0.0 0.0 0.0 4.6184617259192336e-07 4.7481725247482364e-08 0.0 0.0 0.0 0.0 7.710897112461196e-07 0.0 1.1635702775468122e-07 2.3703737424275055e-07 0.0 0.0 0.0 4.814344816422892e-07 0.0 9.204820315374487e-07 8.737497068155099e-08 1.3259944098438767e-07 0.0 0.0 0.0 0.0 0.0 0.0 0.0 0.0 0.0 0.0 0.0 0.0 4.2746251402750046e-07 0.0 0.0 0.0 0.0 0.0 7.373999134572365e-08 9.715470638679555e-08 0.0 0.0 2.073306270132411e-07 0.0 0.0 7.058236830116111e-08 0.0 0.0 0.0 0.0 0.0 0.0 1.531405206263828e-06 0.0 0.0 0.0 0.0 6.276970313094717e-07 0.0 9.963242149357972e-08 6.198740426369676e-08 1.0532601007982437e-07 0.0 0.0 0.0 0.0 0.0 0.0 0.0 1.4446430580630788e-07 0.0 0.0 0.0 6.089764982341758e-07 4.995161611409904e-07 1.042174198411185e-06
0.002338396161468802 0.0 0.0010743275295007225 0.0003423721194061216 0.0017120104035877534 4.401413957122088e-05 0.002252389470976094 0.0003364101601490055 0.00022880036534793038 0.0010075539050092264 0.0006548249538312253 5.3664760487480226e-05 0.00023499248213321785 0.0007066049793035623 1.754030087274771e-05 9.924291466044271e-06 3.759484612711004e-07 1.3094359595133666e-07 0.0 0.0 8.75457651318721e-08 0.0 0.0 1.2378258954794515e-07 4.73309781492485e-07 2.473384508077805e-07 7.443215328338318e-08 9.065062834296104e-08 1.7603759124457375e-07 6.34625174436547e-08 0.0009563813316476571 5.122838743128773e-05 6.2267584861422895e-06 0.0 2.5108712564582885e-07 8.486422888825536e-07 2.8876111312080244e-06 7.71086846121419e-07 1.5414270290297405e-06 6.287551303822178e-07 6.319284370554853e-07 8.289046684916105e-07 1.6845078896699778e-07 1.7354541098590896e-06 1.150659642209175e-07 3.6921663244112177e-07 0.00011580060318198688 7.241486611246416e-06 1.3890176951501132e-06 4.903765145307988e-07 2.5284151232929312e-06 4.791691372470482e-07 1.0552289420655475e-07 8.51688672661789e-07 1.3779945357986915e-05 1.4972448855011935e-05 0.00010217493660914269 0.0005679115776492864 2.4295696668789864e-05 8.99092892078967e-05 4.0778559380632955e-07 2.197622172287961e-06 1.369519594923731e-07 0.00018481254386426823 9.355701387478407e-06 7.486803785809566e-06 3.2935778501254308e-06 8.202263434379618e-06 4.3514946785734293e-07 2.877288246677105e-07 6.113406881002095e-06 2.675571890095292e-06 7.858944922394423e-08 0.00029407829428262184 0.0001708285979370203 0.00017491944206316924 3.959550133168756e-05 1.2222076720329141e-05 3.117217761935701e-06 3.923801952575063e-05 1.810897321980126e-06 4.31913563002327e-06 2.732344905867185e-05 6.099327522422859e-07 6.788679512997078e-06 7.210824829550721e-06 2.3626776233939276e-06 1.311079699660833e-06 4.905165104882417e-06 3.8569714924957085e-07 2.3923002009284686e-06 3.835298688064428e-07 9.24676859013934e-07 9.409885065441426e-07 8.337522677666331e-07 1.206196121817744e-05 1.3342727190213087e-06 0.0 7.997880464167433e-07 0.0010054576330737696 0.0 1.509652524499119e-07 2.2535325192494452e-07 2.9170380441577616e-07 8.02994227466919e-08 2.6055324149952984e-06 9.99057006023593e-07 1.3871555504875978e-06 4.443552477232166e-06 2.872599832239304e-06 1.1434320349702712e-06 1.9376973884357916e-06 9.02965692799627e-06 3.0890517115491383e-06 8.196049689859691e-07 3.5028758964946467e-07 0.0 0.0 0.0 0.0 0.0 0.0 0.0 0.0 0.0 0.0 0.0 0.0 0.0 0.0 0.0 0.0 3.59840021911455e-07 8.72632148416961e-08 3.1631580607452857e-07 5.586607279659376e-07 0.0 0.0 2.951255461583423e-07 1.6842377478194901e-06 6.456546051092462e-07 1.0097101414430964e-06 1.3042823191209297e-06 0.0 0.0 0.0 0.0 2.0216848178038235e-07 0.0 5.541140519926469e-08 0.0 0.0 1.2963831862979256e-07 0.0 0.0 6.226113018281535e-08 9.7015589138601e-07 0.0 8.258463129645553e-08 0.0 0.0 1.7667587499153458e-07 1.2016779804627767e-07 1.1088516147658618e-07 0.0 0.0 9.371747646176331e-07 0.0 0.0 0.0 0.0 0.0 0.0 5.524215514701644e-08 6.738163524832477e-08 0.0 5.480996631689223e-06 2.7098943745195004e-07 0.0 1.9625344248702845e-07 6.368730192039697e-08 5.600110378050807e-07 0.0 0.0 8.403039558751948e-08 1.2998522239000938e-07 1.702941186005773e-07 0.0 3.467042559388872e-07 0.0 0.0 0.0 0.0 8.19298491176686e-08 1.6195990753841997e-07 0.0 0.0 3.975700768945333e-06 1.8152532914189773e-06 2.4437704513602176e-06
0.0005532837617168319 0.0010743275295007225 0.0 1.6694739982876555e-05 0.0007974424829500588 2.6591769276145666e-06 8.616663272670999e-05 0.0020898121899352823 9.848699768569348e-05 3.492750215621093e-05 0.0010692668995768832 2.7190604974381706e-05 7.635613882938873e-05 0.0010536584596791167 6.075909926280555e-06 3.8590146725654204e-06 5.568264090962864e-07 0.0 0.0 0.0 9.600394609243608e-07 9.883660914319221e-08 0.0 2.614499568317289e-07 1.2904170167773402e-06 2.8015342697107554e-07 1.0290297838094098e-06 2.89136658009555e-07 4.5892966736510074e-07 7.002805720527641e-08 0.002688753345338077 0.0001299165575463554 7.068880510091553e-05 6.090097880009108e-08 3.7406348614466094e-07 7.899261647105569e-07 5.10617706150322e-06 9.228053600920575e-07 1.1707840011795925e-06 9.381787565027255e-07 3.995461805606366e-06 2.5718887521047074e-06 2.2493414489206849e-07 1.2860031004576948e-06 0.0 3.22083158308037e-07 1.816066943164759e-05 2.327789782764859e-06 4.4657948876257626e-07 6.959456916358723e-07 1.1412324766074211e-06 1.6505414901862544e-06 0.0 1.5162492025211952e-06 5.574356485735593e-06 5.685535833743008e-06 7.232130462393556e-05 0.0005461944661467858 1.3946755197373998e-05 1.85011556453795e-05 1.4559998052680226e-06 5.526164803356795e-06 7.999717339282168e-08 0.00015734138854195972 2.688053220047262e-06 2.728645750289412e-06 7.91406315823538e-07 2.1078180338542184e-06 4.3185623601096644e-07 2.667279420385186e-06 7.675994163358572e-06 3.1834270605834876e-07 8.897153213064841e-08 0.00012126080940907204 4.377757371236078e-05 3.6542506519516255e-05 7.212875731610796e-06 1.2624000812200133e-05 3.5565211195370283e-05 0.0006222417790480848 8.899737273292714e-06 4.379803979869512e-05 9.359875016759965e-06 1.4020046770076528e-07 2.2719964958517832e-06 3.022148743844194e-06 7.036274797204367e-07 4.3818643080833424e-07 2.3491916252170203e-06 5.741846765611514e-07 5.770222470699217e-07 9.00011061709897e-07 5.50490113926531e-06 2.6283102042946112e-06 2.522972829575175e-06 8.082080056552092e-06 8.472553981111267e-08 6.86595341198954e-08 5.26454127482097e-07 0.0004703948523345467 0.0 0.0 0.0 2.7458132393254447e-07 2.2161273044361854e-07 1.186072988247315e-06 2.9439355472693607e-07 5.240079607000828e-07 1.3505360455311248e-06 1.3235241824049901e-06 2.5541821429917646e-07 4.858682354889045e-07 4.3770929381669896e-06 1.8948126226326463e-06 4.3266889295136875e-07 2.998106960581476e-07 2.4811941563462665e-07 0.0 0.0 0.0 0.0 0.0 0.0 0.0 0.0 1.0394221875556489e-07 0.0 0.0 6.56357145290548e-08 0.0 8.050709103237893e-08 1.1134521103492343e-07 2.579864577605803e-07 0.0 1.195645668100591e-07 1.004267000969156e-07 0.0 0.0 3.5683030959818293e-07 9.27098126371157e-07 7.254349290361132e-08 1.3952360329229248e-06 1.457280388196934e-07 3.068041991767664e-07 1.7548342393747516e-07 0.0 9.716602842232239e-08 0.0 0.0 8.909464728460441e-08 0.0 0.0 3.154642782322867e-07 0.0 0.0 8.474846613422805e-08 4.381022930664296e-07 7.173545850640626e-08 0.0 0.0 0.0 0.0 0.0 0.0 0.0 0.0 1.2290047836345326e-06 0.0 0.0 0.0 0.0 0.0 0.0 6.270325939799744e-08 0.0 0.0 2.7931443591332756e-06 1.5718175292156786e-07 0.0 0.0 6.221038339234704e-08 4.034932162895035e-07 0.0 7.475687096645749e-08 6.424909003315831e-08 7.649854725378256e-08 1.0511139200280967e-07 0.0 2.1892872635839158e-07 0.0 0.0 0.0 0.0 0.0 0.0 0.0 0.0 7.042037052924236e-07 9.271607064461691e-07 1.404814570837856e-06
0.0007423781190636248 0.0003423721194061216 1.6694739982876555e-05 0.0 2.8299343091865747e-05 0.00026845949416806603 0.00044409026395992283 5.685621915296279e-07 5.060968679567893e-07 0.0014529557835178274 4.070236485080256e-06 0.00015549504215574194 0.0003026883860134145 2.205549473866712e-05 7.493036012514008e-07 6.07584803852192e-07 1.2447265323442989e-07 0.0 0.0 0.0 7.465850878575123e-08 9.290157255755069e-08 0.0 0.0 0.0 1.5676455774699578e-07 0.0 0.0 0.0 0.0 3.58589582730522e-05 6.309425061070284e-06 1.5931726216730735e-06 0.0 0.0 0.0 3.4367737417945396e-07 0.0 4.660665811585564e-07 5.630493001806574e-08 1.5387099481982026e-07 1.580962389500744e-07 0.0 1.3817349315979673e-07 5.91554468430946e-08 0.0 1.9601858129215704e-05 1.8929794700498161e-06 4.406185222658433e-07 5.647757242056358e-08 5.277900051875251e-07 4.372060069703846e-07 8.553017120704704e-08 2.695761960540952e-07 4.477506388393543e-06 3.8138907425771235e-06 2.9313152284140022e-05 0.00010414216143486621 5.789685678180174e-06 2.1269637700743694e-05 2.4072649922131554e-07 5.024068589434654e-08 0.0 2.4859170987320162e-05 3.088323189687885e-06 1.7125043757991673e-06 6.301004395669113e-07 1.1013856643002383e-06 7.182679420843229e-07 0.0 1.043431881644534e-06 1.5650446492198226e-05 8.359852650105145e-07 7.914540579609287e-05 3.7978886845520395e-05 3.263132242620948e-05 6.2439563971576015e-06 6.689856404023247e-07 3.427009950668019e-07 1.4130274987217026e-07 7.639931701484917e-08 4.3276682642847204e-07 8.376643095653741e-06 4.601486394619277e-07 2.5363467736836343e-06 2.1584545969042214e-06 6.82232549781029e-07 1.2397752666800167e-06 1.673709261300994e-06 4.0344097835606837e-07 7.789385925511412e-07 1.4370347140951419e-07 3.636207083936953e-07 4.6833554157549197e-07 4.4639353790909927e-07 1.030035961816601e-05 1.720159722723623e-06 1.8824680890713538e-07 5.916102744564804e-07 0.0005950321846076681 0.0 3.535396180203607e-07 3.175593554027557e-07 1.0080662894599077e-06 0.0 1.8053380214690672e-06 1.0173556947535662e-06 1.151397800581851e-06 7.3391526784861355e-06 4.305934978029602e-06 3.0024842640157754e-07 9.927866539887913e-07 3.056192150211134e-06 1.806820899243474e-06 3.771222517360318e-07 0.0 3.3371102193190796e-07 0.0 0.0 0.0 0.0 0.0 3.541597684037425e-07 0.0 0.0 0.0 0.0 5.832077317678671e-07 0.0 0.0 0.0 0.0 2.178949701945793e-07 0.0 0.0 6.995661281787714e-07 0.0 0.0 0.0 6.048330805742276e-07 0.0 2.2863653571752787e-07 0.0 3.726329528139013e-07 0.0 0.0 0.0 0.0 0.0 0.0 0.0 0.0 0.0 0.0 0.0 0.0 0.0 0.0 0.0 0.0 0.0 5.968706061281958e-08 0.0 2.2399072003898392e-07 0.0 0.0 6.362596801486402e-08 0.0 0.0 0.0 0.0 0.0 0.0 0.0 0.0 0.0 9.018689512894461e-07 1.0954636006584084e-07 0.0 0.0 0.0 4.6748621849463686e-07 0.0 0.0 6.420322141039584e-08 0.0 0.0 0.0 0.0 0.0 0.0 9.974246784453335e-08 0.0 6.090580903820155e-08 0.0 0.0 0.0 4.987910822223377e-07 6.154382331432622e-07 5.806657324226798e-07
4.1624508106138754e-05 0.0017120104035877534 0.0007974424829500588 2.8299343091865747e-05 0.0 1.205146293795504e-06 0.003893127449613863 0.0007130200232964344 0.005250581871647765 0.000735365127776857 0.0018115124882980235 0.00010588287235623453 0.001108805264871381 0.002613919795630389 3.3878417639156626e-05 1.634742853884708e-05 4.736794997400947e-07 2.271883536446534e-07 1.3218922755420675e-07 5.44143151759052e-08 1.915086308920173e-07 1.464702445804226e-07 0.0 0.0 9.95587808656107e-07 1.053030038740501e-07 3.9085677019040715e-08 8.46308522327176e-08 1.324643327805697e-07 3.5528517660491014e-07 0.00013152642915059535 4.458020656132968e-05 4.526399608271404e-06 5.924927701428374e-08 6.007443292805464e-08 7.418098542832225e-07 3.3073250805735984e-06 1.9267284076338667e-07 9.710224185288453e-07 4.4960607761892673e-07 7.772893405002078e-07 6.175312173880669e-07 0.0 4.504124664333577e-06 9.343197211085978e-08 7.269636168526659e-07 8.263979243460981e-05 1.4435621178753869e-06 4.2195429581407787e-07 0.0 4.1735825768307374e-07 2.635441446419282e-07 1.6860988859605025e-07 5.28583479638761e-07 2.717343794600234e-06 2.7390943355096826e-06 1.1125196363435878e-05 0.00011155347976926747 4.421206208730928e-06 4.218844809264107e-05 3.14246317982473e-07 2.6346897479359156e-06 1.6904953079778405e-07 0.00011032613080670112 1.6975262174828848e-06 1.2527165237035797e-06 4.4377893055244754e-07 2.1320432649804325e-06 5.025390540929873e-07 5.298423611119937e-07 1.0987881507674974e-05 5.556527730711622e-07 0.0 6.384725311723301e-05 6.209315459980985e-05 9.457226868223513e-05 3.3220132728262e-05 1.903134635080233e-05 9.983584635916887e-06 8.90852277877379e-06 1.7845640513906518e-06 5.297572349553224e-06 6.094966062382583e-06 0.0 2.1013369300630942e-06 1.934627572409934e-06 8.896667419988285e-07 2.831833389460379e-07 9.609333958074779e-07 5.1563931488641236e-08 9.871297634960633e-07 1.8496537306672874e-07 5.374340362317649e-07 5.285035490502271e-07 4.854585226567196e-07 1.989882607304327e-05 1.4786458307841724e-06 0.0 7.449397181038039e-07 2.9697734372655508e-05 0.0 5.022846970559061e-07 4.793754954571287e-07 3.1072459510397945e-07 3.0244161545375463e-07 4.597897043081727e-06 1.7856503596930247e-06 1.261574078017507e-06 7.820383150468517e-06 5.877624247648089e-06 7.784154197157109e-07 4.005292261474526e-06 1.3970570918037433e-05 6.373635919262875e-06 1.1080658197009052e-06 2.8910794818193256e-07 8.172946559792568e-07 0.0 1.5543656179724955e-07 0.0 0.0 0.0 0.0 0.0 0.0 0.0 0.0 6.957898352427727e-08 0.0 5.2650559321649566e-08 0.0 1.3606853184166188e-07 0.0 0.0 3.011659160180601e-07 9.55624234529109e-07 0.0 0.0 0.0 3.0103017567613444e-06 1.6583353483157987e-07 2.394631714792864e-06 5.580202607596325e-07 3.53180864999068e-07 0.0 0.0 0.0 0.0 0.0 0.0 0.0 0.0 8.708574220108777e-08 0.0 0.0 0.0 1.0435864492640692e-06 0.0 0.0 1.2088739701452733e-07 0.0 0.0 0.0 7.717578711075237e-08 0.0 0.0 1.032180105578945e-06 0.0 0.0 0.0 0.0 0.0 0.0 0.0 0.0 2.5027609831166887e-07 8.518947448919504e-06 1.05589771968618e-07 0.0 0.0 0.0 1.2420290706937961e-06 7.693510971273872e-07 9.269708519934255e-07 1.0899882301943415e-07 7.238070269571593e-08 3.7584441144507777e-07 1.2148294886446666e-07 7.196814604087287e-07 0.0 0.0 0.0 0.0 0.0 0.0 0.0 0.0 5.7097271200646835e-06 3.7693560217556464e-06 1.4667854660187051e-06
5.5609049681095896e-05 4.401413957122088e-05 2.6591769276145666e-06 0.00026845949416806603 1.205146293795504e-06 0.0 3.460844603410213e-05 6.440157857335703e-07 1.6813878860322647e-07 0.00037271078923592694 1.2283721555798244e-06 6.512994594154767e-05 3.749203309766817e-05 6.496433486394471e-06 1.3720404786194056e-06 1.6872424807803548e-06 1.112441328438133e-07 0.0 0.0 0.0 0.0 1.4992645089736108e-06 0.0 0.0 2.7284150092290686e-07 0.0 0.0 0.0 0.0 0.0 9.578152401219414e-07 1.4264125837983277e-06 8.329738006042562e-06 1.7829699769550028e-07 0.0 3.845179267638316e-07 8.261476990531575e-06 4.5476728023641e-07 8.737099966132006e-06 1.0540251849524924e-06 0.0 0.0 0.0 1.027547172310533e-06 0.0 9.590805761140165e-08 1.8079700379198567e-06 8.2958780368881e-08 0.0 0.0 8.45830445915472e-07 1.3405349778776574e-05 1.4462840289450352e-06 9.62230935162126e-08 1.0126421119526898e-07 1.190352653770348e-06 3.3649155489081845e-05 4.522841922219856e-06 7.375177776577448e-07 8.231231237723637e-07 3.3007098218450533e-07 2.8072881643789884e-06 0.0 3.0112320222777463e-06 1.476285218329881e-07 8.1969827725712e-08 1.2692104075436248e-07 3.244538732559284e-07 7.780003281178239e-08 0.0 5.778110594626717e-05 0.00021611042996952306 1.58686825240679e-05 2.38829869747488e-06 1.257735790812661e-06 1.0904680373969893e-06 8.328770733553028e-07 1.324770804552831e-06 1.5867096645593055e-06 2.3915134632481363e-06 2.09682587643018e-06 2.6060942936417404e-06 6.331345001146278e-07 4.6083914782854726e-06 6.404232708427255e-08 6.791466933172567e-07 0.0 4.804176909575823e-06 1.2725611815319898e-06 9.321593137694447e-06 1.0874514445240271e-06 2.0220004448403107e-06 2.5139482832254927e-07 8.612291491524914e-07 1.7345212934231124e-06 6.376648810373421e-05 9.168621373445487e-05 5.181245283121156e-06 2.793678057307848e-05 0.00020829492639802078 1.9260249076841484e-07 4.156531676535425e-07 8.506442495002532e-07 4.863268737869338e-07 2.120103448922386e-07 2.4401410732850282e-06 2.5242856105411493e-06 5.197736259232415e-07 4.651290793383566e-06 8.235354343886173e-06 3.2627650262982167e-07 2.5054873250111534e-06 9.069363972277865e-06 2.0762745979028422e-06 6.927658718631461e-07 3.714661547443823e-07 7.469205950250545e-08 9.704289196632406e-08 1.7127949782613642e-07 0.0 0.0 0.0 0.0 0.0 1.6272249935371024e-07 0.0 6.641526490028667e-07 2.7326005942819146e-07 3.424257194240999e-07 3.9245972757773023e-07 0.0 0.0 2.9958563465485434e-07 1.9695526490090889e-07 1.4918894436718178e-07 2.3676362169607901e-07 0.0 0.0 2.223692937809142e-07 9.787318859547313e-07 0.0 1.240097422792494e-06 7.294673098001368e-07 7.16579472973361e-07 1.820984163904904e-07 0.0 0.0 0.0 1.1215272885760076e-07 1.0727029009225974e-06 1.1200252815675399e-07 0.0 0.0 0.0 6.33749820259899e-08 0.0 1.8807761104489097e-06 0.0 0.0 0.0 0.0 0.0 6.45290968594737e-07 5.849431026506466e-07 9.147180077480624e-08 0.0 2.736542217694364e-07 0.0 0.0 0.0 0.0 0.0 0.0 8.949247890264982e-08 8.160935456449682e-08 1.7209208553490098e-07 2.4336399988291698e-06 1.3915953913928247e-06 0.0 1.8137050430020064e-07 0.0 4.726029903772186e-07 0.0 3.571978550374695e-07 7.010004213200118e-08 2.275222312059527e-07 1.1426828794182145e-07 2.8012560117821196e-07 2.805483828133992e-07 0.0 0.0 0.0 0.0 0.0 0.0 0.0 0.0 2.01098199537046e-06 3.1607603188311195e-06 2.6483107451436738e-06
0.0003665081184655763 0.002252389470976094 8.616663272670999e-05 0.00044409026395992283 0.003893127449613863 3.460844603410213e-05 0.0 3.982611400994741e-05 0.002181155413898858 0.0022015762053969185 0.0002740447462330911 0.00046579764605279335 0.0030345302465195627 0.0037500900558816437 3.405645037436534e-05 2.0846070781740563e-05 5.04829007672692e-07 5.836613694114469e-08 0.0 6.85098073894917e-08 9.580655337944381e-08 2.2000853753783716e-07 0.0 0.0 1.0025807525961128e-06 0.0 3.2216186935464435e-07 4.060966027953297e-07 1.6211504498758909e-07 5.459514288818894e-08 0.000105437801952084 5.221135323662948e-05 1.2108248037310477e-05 0.0 5.604518409681244e-07 4.103856518680333e-07 8.054553951471792e-06 2.4212070191879e-07 2.301960545125734e-06 5.545118037280334e-07 1.3893645429924684e-06 6.728988149371697e-07 8.603092364286875e-08 4.758003795419517e-06 0.0 5.243680930286199e-07 0.0001019755629100562 3.342057671917775e-06 1.2583016955451133e-06 1.8181244179700125e-07 1.0826232514096164e-06 5.987557143924001e-07 1.3381941960271728e-07 6.528621085456505e-07 6.353357892684213e-06 6.191299431246705e-06 2.019573560667062e-05 0.0001674267392572022 6.77668767202602e-06 5.647268380953146e-05 1.2019342333816303e-06 4.052636008067979e-06 3.091474025369193e-07 0.00013279939771238585 2.7747883998623533e-06 3.4991195742233822e-06 1.3806597376362083e-06 3.3437815982782842e-06 4.6387841406287124e-07 6.041629715759458e-07 2.4273689049507423e-05 1.844035647170272e-06 3.3025443004800227e-07 0.00011625065191072104 9.697430655532339e-05 0.0001227099346618261 3.602873209193032e-05 2.2735679730808727e-05 1.376146916466327e-05 7.038302061985663e-06 3.391855355213202e-06 7.786435017486141e-06 1.1024122358177057e-05 1.1709560151718394e-07 3.7052955692960607e-06 2.3099234562636344e-06 1.3805651139639406e-06 6.199568170481596e-07 1.864623708999295e-06 3.6797296062615097e-07 1.2441708792197439e-06 5.788143506170793e-07 1.2671480183571932e-06 7.422855688309778e-07 7.880478038682775e-07 7.7600936712924e-05 3.756695078307809e-06 2.769907979465529e-07 1.7327293975708682e-06 9.54583736748178e-05 0.0 2.6177193507215273e-06 1.2342388498879889e-06 3.636425610938745e-06 1.3667474376616107e-06 1.5366494426448695e-05 4.307642464538902e-06 5.3465921301903976e-06 3.3890343811256526e-05 2.5364750620385824e-05 2.933771757041982e-06 1.626231882202709e-05 5.341626088364416e-05 2.391663689511434e-05 5.3640481900063344e-06 7.492245174190519e-07 5.438671358703772e-07 0.0 2.910171117774986e-07 0.0 0.0 5.9575421934197754e-08 0.0 0.0 0.0 0.0 2.471623361723742e-07 6.647128341369386e-07 0.0 3.8451906642309916e-07 0.0 3.518752628213775e-07 6.95794931756413e-07 6.235204090909582e-07 1.1221573337580764e-06 2.8474034729538844e-06 5.740466393265057e-08 0.0 3.0291783326226103e-07 9.309697571303947e-06 1.3192217609751797e-06 4.9126357630994065e-06 1.029734481999012e-06 9.560158033466934e-07 6.250488945381082e-08 6.461496326211773e-08 0.0 0.0 1.767655991940543e-07 4.6526291368003993e-07 0.0 5.707858291886371e-08 9.291336004270363e-07 0.0 0.0 0.0 1.7593892178190616e-06 1.234451864986314e-07 6.402078539391215e-08 0.0 0.0 5.2070893469817795e-08 4.140858326065954e-07 1.1487459679061343e-06 0.0 9.04024382471498e-08 4.23218312144627e-06 8.769517499439533e-07 0.0 1.057397916021045e-07 0.0 4.616759692732784e-08 0.0 6.581090252561748e-08 4.270348435735862e-07 8.074802778275863e-08 2.6683350159354e-05 2.791387361351966e-07 0.0 0.0 0.0 3.933113470187543e-06 4.154870383505034e-07 1.3523106867290383e-06 1.235583003436883e-07 3.402435648298775e-07 8.256411796219118e-07 3.914599375204986e-07 6.73061594494044e-07 0.0 0.0 6.351731801278861e-07 0.0 0.0 1.2161999022863088e-07 0.0 0.0 1.7407680284160744e-05 8.016032344546808e-06 5.582201191840307e-06
5.053563201340188e-05 0.0003364101601490055 0.0020898121899352823 5.685621915296279e-07 0.0007130200232964344 6.440157857335703e-07 3.982611400994741e-05 0.0 7.434024044512283e-05 4.584147695210546e-05 0.0017948324821017581 4.805969735262217e-05 8.74743705566362e-05 0.00045465422239974806 2.6477083122014938e-05 2.772687435872472e-05 1.8459556641564325e-06 4.892734841251551e-07 0.0 1.3301828546959124e-06 6.629299298767844e-06 2.611351659004053e-07 3.734569104877881e-07 1.576854019026027e-06 9.431234691262196e-06 1.4126753120549744e-06 2.5740202451166313e-06 7.337322023567777e-07 5.328781737526962e-07 1.6835404094855314e-06 0.0011020879198112685 0.0012085597031749606 0.00011540357027869518 7.49057988702718e-08 8.033027220470646e-06 3.362104260859308e-05 1.703888749845693e-05 1.0967724492673584e-05 3.715586924141498e-06 3.640875921797803e-06 2.1489049280496795e-05 1.2716572783581397e-05 7.742001981963984e-07 7.444629540044203e-05 0.0 1.5104272744551e-06 6.271395428542002e-05 1.9846598657491526e-06 1.1943568785598513e-06 4.707090108774636e-06 2.4422520524301356e-06 3.9409483347486755e-06 7.128763419019291e-07 5.539697178742726e-06 2.1041021055808243e-06 2.026879927947271e-06 1.2595673516003747e-05 0.00016254771878533564 3.5503472423219773e-06 2.7036215029856358e-05 1.9673564148299537e-05 8.310171635433095e-05 6.988736823913971e-06 0.00037399094347188595 2.156667496674269e-06 4.100938666099329e-06 2.8899233454220197e-06 3.3736972333354073e-06 5.513667281189859e-06 2.846512223725761e-05 1.6429672167049056e-05 1.8560783733950736e-06 4.0558276025446327e-07 5.878295875481993e-05 5.495913497638955e-05 6.226817359395652e-05 2.642131755438451e-05 0.0001490537329869215 0.0018013195060127126 0.0017315248526204154 0.00017175315165158993 0.0009411397349300706 4.97999558505633e-06 5.74925401829935e-08 1.5642036467167225e-06 3.347259225929044e-06 1.2293312108065079e-06 3.0373395711006133e-07 1.334984319072643e-06 7.488355687526807e-07 1.4029614156372268e-06 2.531157798528393e-06 3.6107501543412404e-05 1.0760840899670785e-05 8.565075908669462e-06 2.4342258108527798e-05 4.771326912854849e-06 0.0 9.353523056600789e-07 3.460842645219966e-05 0.0 1.0574026024703693e-07 1.9229059691485546e-07 0.0 1.4755504043778592e-07 1.358938662776887e-06 2.670646000489e-07 5.337072172892021e-07 2.0587434750150557e-06 1.3852229865984737e-06 5.443399613286341e-07 1.4676075491128626e-06 3.937615113643234e-06 2.7631631084601008e-06 8.722822836728525e-07 1.1396805695646706e-07 6.762495250194078e-08 0.0 3.3605566317992176e-07 0.0 0.0 0.0 2.15593007588481e-07 0.0 0.0 3.735293534084241e-07 1.9166627665667707e-07 3.091508534677855e-07 2.3766620520840365e-07 3.7121225037570163e-07 8.854533151765867e-08 2.5222914411454516e-07 1.0742579500166001e-07 3.3904085151689975e-07 3.3207530200339893e-07 1.1827028134238488e-07 0.0 6.025928140083828e-08 2.1078043952215821e-07 2.542572103851858e-06 4.605114185692309e-07 1.7999309293763503e-06 9.54093187511362e-07 5.172184352883082e-07 0.0 2.123403454818241e-07 1.4804426314316755e-07 2.2793605000680697e-07 1.9289917496371238e-07 4.07732557046305e-07 9.264157047923773e-08 0.0 3.579075911600955e-07 0.0 0.0 1.820375671064216e-07 2.404219082404363e-06 3.494610011733434e-07 0.0 2.0296626456969035e-07 0.0 0.0 0.0 9.672315896116752e-08 1.474576741275611e-07 0.0 4.786411661265709e-07 0.0 0.0 0.0 0.0 0.0 0.0 6.17080492798783e-08 1.34587065327563e-07 0.0 3.1110309671621494e-06 5.549098749940556e-07 2.2471869603540087e-07 7.308366476886391e-08 3.045670373835989e-07 6.694221299017857e-07 9.892745170293704e-08 1.6852262477942587e-07 7.47027478022714e-08 0.0 3.119656414422265e-07 0.0 5.651593793144749e-07 0.0 0.0 0.0 0.0 2.796307653846622e-07 5.070123605067985e-08 0.0 0.0 2.1663099274025745e-06 2.3938275999714567e-06 2.1829175055683313e-06
1.929581725677469e-06 0.00022880036534793038 9.848699768569348e-05 5.060968679567893e-07 0.005250581871647765 1.6813878860322647e-07 0.002181155413898858 7.434024044512283e-05 0.0 5.458548693332647e-05 0.0003339427819488216 1.9058792232391007e-05 0.0007190218745448268 0.0012617812418974574 5.805713318893059e-06 3.5331824879356347e-06 0.0 5.801720416139083e-08 0.0 0.0 0.0 0.0 0.0 0.0 3.1463098493832534e-07 0.0 9.065635859236224e-08 0.0 0.0 5.4980448905312795e-08 1.2046100942286052e-05 6.4892928873476825e-06 1.98344772095691e-06 0.0 2.2377032910848324e-07 2.806516551148748e-07 9.230837564839688e-07 1.6665882920862623e-07 6.188156666376705e-07 0.0 4.350160531658945e-07 3.7697171020250697e-07 0.0 1.3239500847893864e-06 0.0 2.2652652581534812e-07 1.1480400459141972e-05 7.358257990353007e-08 0.0 0.0 5.6581744733329945e-08 0.0 0.0 0.0 2.8959153649710373e-07 1.1775275354818604e-07 1.264108728158072e-06 9.600250128141138e-06 5.070957526772196e-07 4.850808619426072e-06 7.00824785980559e-08 3.783611838465723e-07 0.0 1.3699328854339343e-05 3.198751856384457e-07 1.1264553563161338e-07 5.1840357441631945e-08 2.516314088052615e-07 0.0 5.5455543031083496e-08 2.6040208486953118e-06 0.0 0.0 5.95605235520302e-06 6.861269668024531e-06 1.1157276072978753e-05 4.636047999794752e-06 4.908096910301182e-06 3.41349077988561e-06 7.424747059374444e-06 1.0001416314646172e-06 2.0249209442000802e-06 5.519818986174094e-07 5.001362742457981e-08 1.6423420411697262e-07 3.800506594790363e-07 0.0 0.0 6.295415485319142e-08 0.0 3.844205338260538e-07 1.7921649502947754e-07 7.161834520289184e-07 0.0 0.0 5.20462230419823e-06 1.221809102831651e-07 0.0 3.6970284623301673e-07 1.895947164084486e-06 0.0 1.7542823567116988e-07 3.4974435561561945e-07 7.987113453354855e-08 0.0 7.878012806572829e-07 7.035752524380227e-08 1.0397253156187674e-07 2.5860055942902727e-06 1.1900500955368634e-06 2.123357548916904e-07 7.202089895118263e-07 3.4825718867497874e-06 1.5918142143950698e-06 5.364989830813371e-07 6.663059446551699e-08 8.452412900037583e-08 0.0 0.0 0.0 0.0 0.0 0.0 0.0 0.0 0.0 0.0 0.0 0.0 2.775200045854885e-07 0.0 0.0 0.0 1.0925669489350873e-07 0.0 2.532744353343081e-07 0.0 2.381703393434538e-07 6.883105283965749e-08 6.210267014758545e-07 0.0 2.190708322831325e-07 2.989713210310857e-07 0.0 7.058750741888615e-08 0.0 0.0 7.316124148171438e-08 0.0 0.0 0.0 8.61739562064534e-08 0.0 0.0 0.0 0.0 1.7391805400393793e-07 0.0 0.0 0.0 0.0 0.0 0.0 7.727656707326917e-08 0.0 0.0 1.5257919104008375e-07 0.0 7.871016257262147e-08 0.0 0.0 0.0 0.0 0.0 0.0 0.0 2.888042273894847e-06 0.0 0.0 0.0 0.0 4.0965606224190577e-07 0.0 0.0 0.0 0.0 0.0 0.0 6.305348947213247e-07 0.0 0.0 0.0 0.0 0.0 0.0 0.0 0.0 7.214438742343143e-07 1.0532617730085704e-06 3.5922738049801344e-07
0.0005762283348670403 0.0010075539050092264 3.492750215621093e-05 0.0014529557835178274 0.000735365127776857 0.00037271078923592694 0.0022015762053969185 4.584147695210546e-05 5.458548693332647e-05 0.0 9.965307837698218e-05 0.0021889430838436708 0.004079857089443032 0.0005858003607928819 1.9421315944182565e-05 1.3025240565308535e-05 6.158758516509696e-07 2.631896626801335e-07 1.5091195473986818e-07 0.0 4.1554873971626754e-07 4.914705714510884e-07 0.0 6.722782385129403e-08 3.2032516465624613e-06 8.081294362671834e-07 2.7665507775858743e-07 1.105271540267769e-06 4.6599623648909516e-07 3.9507581542632764e-07 3.066823247070139e-05 2.3945441021552948e-05 7.97721460887727e-05 1.5473140028822544e-07 1.5562149015269208e-07 2.1625382889628368e-06 6.169915541623314e-05 3.4350756015563357e-06 9.155044072584718e-06 2.701412226098499e-06 1.1583974812927613e-06 8.918116126933693e-07 0.0 2.3329427361664294e-06 0.0 1.5632791753558486e-06 7.64335477460513e-05 1.273188745026121e-06 8.255008630687309e-07 1.9498659937545492e-07 7.13262649115045e-07 2.870235065886748e-06 2.420576063343519e-06 2.154064810473086e-06 3.6254505057996344e-06 3.869968816494825e-06 2.479155878409058e-05 7.956522390179462e-05 3.4496055755518885e-06 3.862291795274795e-05 1.509474679072769e-06 1.0824780950324057e-05 2.1238371111460646e-07 7.523048703137814e-05 2.2066160117435475e-06 2.2318181918120484e-06 8.376643399207842e-07 1.705912863522369e-06 7.006213621268169e-07 2.567931279972726e-07 0.0002440718283703689 3.797076131991645e-05 3.058013512113506e-06 6.206541214586158e-05 5.696780658419615e-05 7.553917743853702e-05 2.5444455300760194e-05 1.0656762640747043e-05 2.446901111344633e-06 8.47707585884447e-06 1.7101605972838702e-06 7.78898389206551e-06 8.313006396735024e-06 1.3085635077399935e-06 2.1574238070498114e-06 1.7228549689617182e-06 8.33181724514452e-07 1.1848586919487909e-06 2.054049538022767e-06 2.822867232008869e-06 7.194628695008089e-07 6.462585286618423e-07 8.306615704137293e-07 1.2092998698669141e-06 1.1824428699261527e-06 0.000676342264371587 5.362371747495952e-05 1.9842096896874603e-06 1.4737253849148106e-05 0.00036410546315545234 1.7766189753877365e-06 1.4794136096467828e-05 1.616547919414919e-05 2.2757190463976035e-05 4.184759912909217e-06 8.46097862968463e-05 3.753136672779779e-05 2.543204993389137e-05 0.00012957537877393533 0.00015734661129150322 1.1237938780756253e-05 6.667895709412315e-05 0.0002452606985830567 9.938887048732712e-05 2.0460079563121395e-05 2.680148362300367e-06 3.2093568225606206e-06 0.0 0.0 0.0 0.0 2.2776289635529188e-07 1.2247024154598289e-06 0.0 8.968585884340808e-08 0.0 1.4134000980705441e-06 1.1483654974526315e-06 8.978628891987874e-07 1.8838139095050648e-06 1.109927048375597e-07 2.2223919208960753e-06 3.5664817607070108e-06 2.681653628521319e-06 4.322114523606724e-06 8.522896970064163e-06 0.0 1.9814517568641412e-07 8.856086336931157e-07 2.8265056362919673e-05 1.861814725831404e-06 2.1898337333979993e-05 9.2012773863128e-06 3.944821301678522e-06 6.437654760845419e-07 0.0 0.0 1.1803266824316812e-06 1.2753285298580422e-06 1.5788168637684002e-06 7.262180986243464e-08 1.5199670106998295e-06 2.971336215273081e-06 0.0 0.0 0.0 7.720250578321814e-06 0.0 4.3807432881029055e-07 2.212779741730709e-07 1.4635836625382393e-07 3.6565643274857287e-07 4.04677687065935e-06 5.794423428148135e-06 6.168053343173141e-07 1.9198273021240865e-06 1.6383978865420912e-05 1.7511126873621682e-06 7.380608625772934e-08 3.740517327427758e-07 0.0 0.0 0.0 4.8619637747529196e-08 0.0 3.8637624770973864e-07 8.947486683200099e-05 1.0412524483862262e-06 0.0 5.775828316172883e-08 1.0460396670221126e-07 1.578639814505884e-05 2.6183506527240966e-06 9.659015561215745e-06 1.4581451765605595e-06 3.913365704698915e-06 4.169240224722479e-06 2.0187378027267966e-06 1.1241353828332005e-06 5.893830979956803e-08 6.191566431045941e-07 0.0 0.0 8.996166064655697e-07 1.5079986871835633e-07 0.0 0.0 6.936710195023125e-05 3.24602225312282e-05 3.210078031430723e-05
3.601109663696445e-05 0.0006548249538312253 0.0010692668995768832 4.070236485080256e-06 0.0018115124882980235 1.2283721555798244e-06 0.0002740447462330911 0.0017948324821017581 0.0003339427819488216 9.965307837698218e-05 0.0 0.0004387442756201473 0.0010262490956491443 0.003686810341368839 2.4461948644965494e-05 2.0988359707002126e-05 5.415479771905647e-07 6.093801825883661e-07 7.469806667845759e-08 2.5262200170569396e-07 1.940631153642456e-06 8.348311682837665e-07 4.72334153276827e-07 1.1150579328612582e-06 4.436180900139813e-06 1.021600217232178e-06 3.6802915914181635e-06 9.295988956133106e-07 1.1841934238396408e-07 2.6484059279945542e-06 0.00018105303565155704 4.284311984164027e-05 0.00029769385474541526 2.331121906815117e-07 1.3798794171961446e-06 4.014396466811701e-06 8.282830423027318e-05 3.548998306464568e-06 6.2615086037418375e-06 2.119927893465592e-06 1.4968135423088968e-05 8.887251278193467e-06 7.56834512295273e-07 6.874704131235402e-06 0.0 5.076822724611884e-07 3.416731668885992e-05 5.265542630578316e-07 4.495249807435724e-07 1.6784073681680794e-06 1.409624358987648e-06 5.718313387543345e-06 1.1488506301658753e-06 8.950711771943091e-06 1.110681092746381e-06 9.54496776006362e-07 6.796752768714526e-06 6.791340508213775e-05 2.721493970333128e-06 1.4548269062935652e-05 3.0381324490946623e-06 1.2612642312902207e-05 1.1558471635000231e-06 5.979428208395621e-05 8.144505936730703e-07 1.0180879684370343e-06 1.2236540993500468e-06 9.565945532107023e-07 7.749482566932724e-07 5.060436783546107e-06 7.316244561693866e-05 2.2805808088680564e-06 3.338432809875571e-07 2.9139895722458218e-05 2.9630275379040266e-05 4.355948888238795e-05 1.6326998628706223e-05 2.4629953007030263e-05 4.158862401957976e-05 0.00026945489806553933 1.5898889171651536e-05 5.843829299782694e-05 2.3005748206411283e-06 1.2455493769864712e-07 1.0103467636307516e-06 1.157530147335071e-06 2.7992527677163665e-07 0.0 1.02827005711882e-06 1.1483738212256929e-06 8.272751368064135e-07 2.6001976859405586e-06 1.2749724899181232e-05 6.52586577810991e-06 8.776886174128614e-06 5.663515378914924e-05 3.440552734764411e-06 0.0 2.103561443768597e-06 2.1000171045117047e-05 8.829321119502761e-08 2.4822351339024467e-07 2.1498284253746652e-07 7.179011315654985e-07 6.461912035568889e-07 7.0239030289818875e-06 1.9776901729884083e-06 3.130446308953871e-06 7.561903257523678e-06 1.0490267901170897e-05 2.6510189323725172e-06 7.443251967851221e-06 2.6124775342525002e-05 1.3428634540708088e-05 3.490896288221427e-06 8.985108227709478e-07 1.8919952145069925e-07 0.0 4.040559736451933e-07 0.0 0.0 0.0 2.6690774245980836e-07 9.433652073659432e-08 2.718060725487675e-07 3.7966135932896553e-07 0.0 1.519464474217958e-06 7.281018382323277e-08 3.0712604108411885e-07 2.667706797936017e-07 4.5598556001685954e-07 9.549306293780776e-07 4.7268378369846896e-07 5.20397035519108e-07 2.1674072488608593e-06 0.0 2.9109511453119677e-07 5.221862366629908e-07 6.121025596401918e-06 6.590216473559727e-07 5.463060450465511e-06 1.6137097583070233e-06 9.532648895463394e-07 1.8400565747673133e-07 2.78679416171811e-07 0.0 2.647628078591407e-07 2.8077151105634613e-07 9.141060000703813e-08 0.0 2.0689173038299068e-07 7.796339923992433e-07 0.0 0.0 0.0 3.5923440218373414e-06 3.776028311377163e-07 0.0 0.0 6.457780184917956e-08 0.0 1.5170522682170144e-07 3.7225865995268975e-07 3.6176541233780677e-07 0.0 2.7554092449151314e-06 2.397949928609445e-07 0.0 0.0 0.0 0.0 2.494012021289323e-07 1.2601438375898296e-06 9.347790996526002e-08 7.886469291358262e-08 1.4219282716843192e-05 5.895858082310026e-07 0.0 0.0 3.9418961318459594e-07 2.7610804557058517e-06 6.476321163078e-07 9.468605583159662e-07 2.09606185737805e-07 3.5232368146457336e-07 1.070930075723797e-06 9.697481063886607e-07 4.084565282587538e-07 0.0 0.0 0.0 0.0 1.3721070475018548e-07 1.858626097664152e-07 0.0 2.971259890055221e-07 9.490969314010146e-06 6.459093349320692e-06 7.0956627238870155e-06
