0.0 0.002217132470022914 0.0002626651333194343 0.0006997072337886627 5.746202827187028e-05 0.00012072352356240749 0.00035153088474554453 4.265139222035182e-05 3.340504560789915e-06 0.000889083112424595 0.00010613434648531562 8.985947066874891e-05 7.98468234938251e-05 0.00014040049786551934 1.6847724167843506e-06 1.244080408941012e-06 7.549852621577904e-07 0.0 0.0 1.068874594527438e-07 2.3640878112453684e-06 0.0 7.643608940461736e-07 2.4811101401924024e-07 5.388879876182291e-07 5.026640011371193e-07 2.00495124687623e-07 9.123189990965136e-08 0.0 0.0 0.0004661032424837514 1.9991065593829056e-05 3.825312430714995e-05 0.0 6.03502222483813e-07 4.717525832967334e-07 1.226221209322792e-05 3.236047027050018e-06 2.37603583318693e-06 6.429215720915449e-07 5.127048603356375e-07 1.707488717549397e-07 3.650885426611524e-07 7.682590350550582e-08 0.0 4.3307010264010163e-07 1.2052005644091415e-05 6.528611555124201e-07 1.579340211301966e-07 8.91264010607033e-08 5.245581265345871e-07 1.6734336611437163e-07 0.0 0.0 2.8823480564055934e-07 8.180109655575356e-07 2.7583847160232237e-05 0.00022356732476189916 1.9013369599762256e-05 3.674445457706983e-06 0.0 4.358834058878526e-06 0.0 6.555363799570905e-06 1.6214069576138695e-06 8.901033183803665e-08 1.6300039807777722e-07 5.295936724308461e-07 2.37267077066221e-06 6.427523299358404e-06 1.437586091772055e-05 9.978625306651329e-07 0.0 2.5006223818259717e-05 6.59700887495375e-06 9.125900829395036e-06 5.986831580244475e-06 8.668615195905634e-07 1.7732804381940354e-07 7.62748124796322e-05 2.9799942428883143e-07 5.3468520085977986e-06 1.5334964380940747e-06 0.0 1.503252189925307e-07 1.1051725219855378e-06 2.1932705421181033e-07 2.7400865616085235e-07 1.1864715632447453e-07 0.0 2.4026409411264917e-07 0.0 3.781749191473638e-06 4.5478768837727746e-07 3.4890468179321697e-07 4.7304417892818494e-05 1.2454297448897842e-05 3.0584484805211815e-07 5.086426627512448e-06 0.0006388843309701629 3.7352272768765625e-07 0.0 4.3948696152972923e-07 5.499067134813928e-06 2.626385287574558e-07 1.3940688277020358e-06 1.8738071572551305e-06 0.0 1.1083541142942089e-05 3.3091966492249906e-06 1.1898637873324713e-06 5.817913247696891e-07 3.878540618162498e-06 3.263728465732382e-06 1.0421757755207648e-06 0.0 0.0 0.0 0.0 0.0 0.0 0.0 0.0 0.0 0.0 1.6510365533658158e-07 7.850688087867903e-08 0.0 0.0 0.0 0.0 0.0 0.0 0.0 6.68434358928638e-07 1.1279810744217697e-07 0.0 0.0 0.0 3.94067279328311e-07 0.0 9.905718085939792e-08 8.742020448600633e-08 0.0 0.0 0.0 0.0 0.0 0.0 0.0 0.0 0.0 0.0 0.0 0.0 0.0 0.0 0.0 0.0 0.0 0.0 0.0 0.0 1.198320808230463e-07 0.0 0.0 3.15286152757125e-07 2.8729954808729753e-07 0.0 0.0 0.0 0.0 0.0 0.0 0.0 0.0 2.08441076681863e-06 0.0 0.0 0.0 0.0 6.821038591051032e-08 0.0 8.391610037686628e-08 0.0 0.0 0.0 0.0 0.0 0.0 0.0 0.0 0.0 0.0 0.0 0.0 0.0 1.6049034575406095e-06 2.747496460680716e-07 1.7330168595414563e-07
0.002217132470022914 0.0 0.0013998404005934383 0.0007542905623259522 0.0006166986362206036 0.00015407985604622298 0.0019253584534438142 0.0001604920163476746 0.00021747385581961655 0.0008568327451929823 0.000550729746091838 5.094541711945217e-05 0.0010199177922136252 0.0008822616753607106 9.517680500361316e-06 5.735929608008975e-06 1.5419587789626795e-05 8.114046581781934e-08 1.7339888277267444e-07 9.428720302448045e-08 4.351333378030323e-06 0.0 1.828523403610135e-06 6.619538378290024e-07 1.99527938911283e-06 1.1836856866660954e-06 6.65699156986189e-07 1.6291233560784357e-07 3.7755639303179036e-07 3.3127975144337313e-07 0.0013233204595905937 4.0567463006941794e-05 8.798465585110383e-05 1.6553454985787059e-07 2.3344326340677305e-06 7.235363613973357e-07 2.9740013542637697e-05 7.628970753116e-06 4.495900660642981e-06 8.567010896690838e-07 1.372857006646876e-06 9.957334714963599e-07 1.9696526014055686e-06 1.5686536743991566e-06 3.1817452302656395e-07 7.894386286584791e-07 0.00012561615439597783 5.381438705090223e-06 1.5595465556120938e-06 1.599413966016923e-06 2.7289149697968062e-06 0.0 0.0 4.6819722184294766e-07 3.1712762798459183e-06 7.5959475263766605e-06 9.691663235997246e-05 0.00038914992308875245 7.778714011735316e-05 5.50061484676576e-05 1.6704056928295394e-06 9.27623594393188e-06 7.428867019516806e-08 0.00010095228695524557 9.712957344934148e-06 2.1704102808694213e-06 4.005534133276696e-06 2.588635366163614e-06 4.889015059424792e-06 1.5001084831148785e-05 2.3814527076892097e-05 1.59584666166483e-07 0.0 0.00028641922156669684 0.00010032280274488516 0.0001534541923559069 4.1330076589345345e-05 6.053488654427494e-06 1.6991422222694075e-06 0.0001594442824050277 7.243818608515855e-07 9.847918537093289e-06 1.1374652013729611e-05 0.0 3.629287553337202e-06 9.129535880165881e-06 9.393510065922602e-07 1.5199766047443043e-07 3.5574990750939304e-06 2.164457079414636e-07 1.5685785785045277e-06 6.66140902483654e-07 9.469781745451913e-06 8.785381358870826e-07 7.046522243462638e-07 1.8922205567012742e-05 3.8100550468764935e-06 3.1960455779539924e-07 3.5346983918465167e-06 0.0011314920787543292 1.1678102990497706e-07 7.646656453132126e-07 8.217635029499627e-07 0.0 2.481338026440975e-07 5.990850971856522e-06 9.139189589973478e-07 2.2384363786722111e-07 9.658733163864697e-06 4.946447596444294e-06 3.7961172645822366e-07 3.1462726489489977e-06 5.188016605748527e-06 3.6031035441175042e-06 3.671948767255381e-06 0.0 0.0 0.0 0.0 0.0 0.0 0.0 0.0 0.0 0.0 0.0 0.0 0.0 0.0 0.0 0.0 0.0 0.0 0.0 1.40661016758186e-06 1.1232323365721495e-06 0.0 0.0 0.0 2.7776898137290064e-06 0.0 6.972274635839145e-07 0.0 7.052245227835072e-08 0.0 0.0 0.0 0.0 0.0 0.0 0.0 9.061987755527022e-08 3.788256685149758e-07 0.0 0.0 0.0 0.0 0.0 0.0 0.0 0.0 1.775050034497459e-07 0.0 0.0 0.0 0.0 5.068321093936231e-07 1.0106368226822632e-07 0.0 0.0 0.0 0.0 0.0 0.0 0.0 0.0 3.677031402293536e-06 2.3745562314529012e-07 0.0 0.0 9.863477498275176e-08 1.552988434546404e-06 0.0 7.830866551416309e-07 8.357371979331504e-08 0.0 0.0 3.4600765489111516e-07 0.0 0.0 0.0 0.0 0.0 0.0 0.0 0.0 0.0 2.9288642384114815e-06 2.9157210289532437e-07 2.3482473493883565e-06
0.0002626651333194343 0.0013998404005934383 0.0 2.0227215299104264e-05 0.00028320814665179153 1.9408291434149022e-06 0.00016526984518145792 0.001412449294435485 0.00030379038923956285 8.684967638001405e-06 0.0015713095803685006 1.4957331080893483e-05 0.0003699197894909972 0.0012891332361637405 1.1394018523130896e-05 5.274739434217043e-06 7.1317201396798135e-06 3.945236240346514e-07 5.629324174193921e-07 1.3343227964165214e-06 2.285768789269764e-05 7.804284022116582e-08 6.257163813334901e-06 1.638034947309306e-06 7.2206760486489514e-06 2.5817220396789602e-06 1.9159939467563024e-06 1.1136470031383736e-06 2.870132860017249e-07 1.759313074259357e-07 0.0018522873902732542 0.0003391260015344813 0.00015555799152831533 8.175808847282188e-07 9.06394123046737e-06 3.5451690693930698e-06 5.401626608189829e-05 1.845517246015237e-05 1.1219018410047989e-05 3.3632284420143702e-06 7.129463404366114e-06 3.5981353299195682e-06 2.3391208043616517e-05 2.001160576203231e-06 1.4409166390581862e-06 2.3459964674072272e-06 5.716908613742707e-05 2.683094683413981e-06 1.5194634485894021e-06 1.065594596936418e-05 7.327650588891637e-06 1.739402294172066e-07 0.0 1.4263367120576863e-06 4.947826961826555e-07 2.223978442472087e-06 2.8083184552352372e-05 0.00011947225317696083 2.330872857153828e-05 2.364578777757698e-05 5.75489750808659e-06 2.981558693796429e-05 2.423542798036362e-07 0.00012566277739211638 3.2121678712125464e-06 3.2263204209409286e-06 1.798479486405012e-06 8.528099878832054e-06 3.082285100742028e-05 7.783913433094997e-05 3.253154952744411e-05 1.207231858749893e-06 0.0 0.00011401721654741573 4.530660416818867e-05 7.058269884044147e-05 3.622668794370829e-05 6.571315779225162e-06 1.1605703077858123e-05 0.0007270377635189148 6.070064200362892e-06 6.630828273565076e-05 3.5886230030294208e-06 0.0 1.4221576740806218e-06 2.1730766654694942e-06 3.4110163930756177e-06 0.0 1.0950579055469268e-06 0.0 1.1683942359070347e-06 2.7446874909989225e-07 3.6286132551989416e-05 3.0914570765538927e-06 1.836585883644322e-06 1.529420457617592e-05 1.5211587416916669e-06 0.0 6.8137057984800845e-06 0.00014913083545601858 0.0 0.0 1.0047908395813329e-07 0.0 0.0 2.778944343013799e-07 0.0 0.0 9.729267039328419e-07 5.389229658737979e-07 1.160751862413468e-07 7.501560055502656e-07 2.9666866046561113e-06 1.5081406570603066e-06 2.408378477461168e-06 0.0 7.434244211049028e-08 6.72817691336697e-08 0.0 0.0 0.0 0.0 0.0 0.0 0.0 9.478331364496377e-08 0.0 0.0 0.0 0.0 0.0 0.0 0.0 0.0 2.4020870531263305e-07 5.647599748393902e-07 0.0 0.0 0.0 3.617509650763788e-06 0.0 6.768713000085974e-07 9.228378472078423e-07 1.6133196206023275e-07 0.0 0.0 0.0 0.0 0.0 0.0 0.0 8.227996005619399e-08 0.0 0.0 0.0 4.115079688170644e-07 7.592752457229069e-08 0.0 0.0 0.0 0.0 0.0 4.175914029844646e-07 0.0 0.0 0.0 1.0185933967690016e-06 0.0 0.0 0.0 0.0 0.0 0.0 0.0 0.0 0.0 4.085551557182863e-06 1.1002065651266228e-07 1.3378178501710762e-07 1.755228708030894e-07 0.0 5.383492447880091e-07 0.0 4.541057095117586e-07 0.0 0.0 8.52488123361577e-08 0.0 7.365065169466996e-08 0.0 0.0 0.0 0.0 0.0 0.0 1.8765273452682795e-07 1.0118645001319607e-07 3.506723409847833e-06 1.7205670468844811e-06 1.6363085396759351e-06
0.0006997072337886627 0.0007542905623259522 2.0227215299104264e-05 0.0 1.3216036296682013e-05 0.0003366920823001777 0.0002645735043583088 1.0046278912017957e-07 6.473131306629652e-07 0.002368460688320537 6.973760069907248e-07 0.0005119507811588632 0.000526310101130931 4.479942276445455e-06 7.680450078181469e-07 0.0 0.0 0.0 0.0 0.0 0.0 0.0 0.0 0.0 0.0 0.0 0.0 0.0 0.0 0.0 0.0001535716582362226 0.0 3.93430637279653e-06 0.0 0.0 0.0 2.5104293623282606e-06 1.3381811242646332e-07 0.0 1.1364127081302183e-07 0.0 0.0 0.0 3.323013968359929e-07 1.947447320197793e-07 0.0 1.0506657903158378e-05 8.444099101993786e-07 8.735610655707098e-08 0.0 1.4822496976921202e-07 0.0 0.0 0.0 5.177197804527984e-07 1.0262317437997097e-06 2.415303384619961e-05 0.00010033462145804822 1.572150922497225e-05 3.037045095377178e-06 2.2623741465798354e-07 2.435882988010943e-07 0.0 1.5829465571198646e-06 1.9015902654370587e-06 3.684274777991138e-07 2.6390490119766807e-07 2.768320728123783e-07 0.0 0.0 5.8627926331789025e-06 1.1751899077820816e-07 0.0 2.9530597996848908e-05 7.5865429690510605e-06 1.2338790256400726e-05 2.436604916527502e-07 0.0 0.0 7.779290344509854e-07 0.0 2.47940385437407e-07 1.6633001618017155e-06 0.0 2.1447507197493554e-07 1.0093326739360214e-06 0.0 0.0 4.1548139995672647e-07 0.0 6.628223253938836e-07 1.5593725252728523e-07 9.696237024823142e-08 0.0 0.0 2.7479350700518304e-05 1.7507946432407522e-06 1.5116716969985512e-07 3.4744770069602574e-07 0.00035743386430759223 2.414134418983303e-07 0.0 9.927600131948693e-06 9.671202977595323e-06 3.7379790256389957e-07 2.1094646156343213e-06 2.4311772340959768e-06 3.3117107894321837e-07 1.2958124116120866e-05 1.169616745625263e-05 1.0421998083068964e-06 5.077473249261569e-06 9.409667977891056e-06 6.825093317893191e-06 2.9997426310563844e-06 0.0 0.0 0.0 0.0 0.0 0.0 0.0 0.0 0.0 0.0 0.0 0.0 0.0 0.0 0.0 0.0 0.0 0.0 0.0 6.0798103508282e-07 1.590961753776007e-06 0.0 0.0 0.0 1.1981317219649164e-06 0.0 5.407032609142543e-07 1.8842256587725527e-07 2.5671328680877266e-07 0.0 0.0 0.0 0.0 0.0 0.0 0.0 0.0 0.0 0.0 0.0 0.0 0.0 0.0 0.0 0.0 0.0 7.538838277052296e-08 7.220328371193143e-07 2.4013936825731957e-07 3.2196100974793646e-07 0.0 0.0 2.492676377860438e-07 0.0 0.0 0.0 0.0 0.0 0.0 0.0 0.0 1.8169084231681304e-06 0.0 0.0 0.0 0.0 8.693249589134287e-07 0.0 8.383469443223076e-08 2.8192790540936574e-07 2.659211879086697e-07 0.0 0.0 0.0 0.0 0.0 0.0 0.0 0.0 0.0 0.0 0.0 1.688918308625191e-06 3.4357560307988854e-07 2.7069085076604946e-07
5.746202827187028e-05 0.0006166986362206036 0.00028320814665179153 1.3216036296682013e-05 0.0 1.5210749209192417e-06 0.0007907016492494742 4.1451894451304866e-05 0.0008682059268233206 5.072014946813671e-05 0.00019086800737836267 1.0279279960085775e-05 0.0007331210168787088 0.0015098881741995283 3.952202987021573e-06 2.340962417654273e-06 3.3796263721162224e-06 9.510718404854568e-08 0.0 9.373034373621333e-08 9.9859320505799e-07 0.0 3.295346498931365e-07 1.7168245992725137e-07 4.456967541860298e-07 3.173549304747953e-07 7.162267931701729e-08 2.520057007744609e-07 0.0 0.0 6.714130058026124e-05 4.955033206922079e-06 1.3343388093495792e-05 9.009546095339297e-08 1.7356758999152737e-07 1.4407709881950976e-07 6.109954971601772e-06 1.1669111169238341e-06 1.010335704156159e-06 3.221588838867865e-07 1.861281120034016e-07 2.8635133970760784e-07 1.1037322661956024e-06 9.215916910759288e-07 1.8372133713958072e-07 3.4365024225708775e-07 3.571593589161055e-05 1.1394882643007255e-06 5.404651798927085e-07 0.0 1.4395895336990664e-06 0.0 0.0 0.0 1.225908798326997e-07 6.655930305544645e-07 1.2459244738088021e-05 3.638841595327488e-05 1.0382959567552517e-05 1.5839714053090814e-05 3.3387441040847123e-07 1.5119435226136423e-06 0.0 2.515033598457843e-05 1.5578505748088712e-06 1.2719314787763397e-07 4.973727459764509e-07 4.1988786746493435e-07 1.7941560994720157e-06 4.242444456809355e-06 1.1607307037973692e-05 5.743651518580453e-07 0.0 5.9026189106670746e-05 1.86660162978343e-05 3.7110009008256715e-05 1.9681084250765974e-05 3.1272435487357945e-06 1.1812660029728518e-06 8.091159384704144e-06 2.9692247933983135e-07 1.89827566231389e-06 1.8214252430566945e-06 0.0 4.4308594212286994e-07 1.8554280394392349e-06 3.028585565158136e-07 0.0 5.38476558708774e-07 0.0 1.4089073355121638e-07 8.025216616581272e-08 1.6204096494856674e-06 2.298648482220357e-07 1.6707265866953892e-07 1.0650448955126969e-05 5.774647093169304e-07 0.0 2.604000070198708e-06 6.986510454604299e-05 1.0630629439781243e-07 0.0 3.100065412661027e-07 0.0 3.527758502256178e-07 1.388376249161249e-06 7.772513392799803e-07 0.0 1.4751798483697e-06 7.987357051489433e-07 7.56170564629408e-07 1.6550432146357123e-06 1.1784116660263681e-06 2.1880501149064273e-06 2.5150450011696723e-06 0.0 0.0 0.0 0.0 0.0 0.0 0.0 0.0 0.0 0.0 0.0 0.0 0.0 0.0 0.0 0.0 0.0 0.0 0.0 9.401422039189997e-07 3.91775550010159e-07 0.0 0.0 0.0 1.9281711778520948e-06 0.0 0.0 0.0 0.0 0.0 0.0 0.0 0.0 0.0 0.0 0.0 0.0 0.0 0.0 0.0 0.0 0.0 0.0 0.0 0.0 0.0 0.0 1.4148146342404458e-07 0.0 0.0 0.0 7.906491608308713e-07 0.0 0.0 0.0 0.0 0.0 0.0 0.0 0.0 0.0 1.9396537574860996e-06 0.0 0.0 0.0 0.0 0.0 0.0 9.223611916999413e-07 0.0 0.0 2.0598241661817113e-07 0.0 7.53935536517679e-08 0.0 0.0 0.0 0.0 0.0 0.0 0.0 0.0 1.9551640283902716e-06 0.0 2.717761058724209e-07
0.00012072352356240749 0.00015407985604622298 1.9408291434149022e-06 0.0003366920823001777 1.5210749209192417e-06 0.0 1.8979919237233576e-05 5.665379757934465e-07 2.3812383434263325e-06 0.0005127670117558856 3.237657785430772e-07 0.00010999386042334233 7.05112587326046e-05 2.24810223086389e-06 7.518091704068543e-07 9.79110978158958e-07 0.0 0.0 0.0 0.0 0.0 3.01347294289614e-07 2.2381860765221993e-07 0.0 3.2925162682657724e-07 0.0 0.0 0.0 9.229551605917829e-08 0.0 1.2336162734779188e-05 1.8440482789728084e-07 2.540962611837254e-05 0.0 0.0 0.0 1.9675319783851814e-05 7.031310035802454e-07 7.733454183259126e-06 1.513786981149672e-07 3.335428178055885e-07 2.702378973178656e-07 0.0 0.0 0.0 0.0 2.2891191360439184e-06 0.0 0.0 9.244528787838589e-08 1.114846406104431e-07 5.828160380435266e-06 0.0 0.0 0.0 1.761504110508311e-07 8.884675549828147e-06 1.0081383631068241e-05 1.2672077448935914e-06 1.001778032185974e-06 0.0 1.5056894336162812e-06 0.0 3.517533386447692e-07 0.0 0.0 0.0 0.0 4.3574013572998705e-07 5.560247237830387e-07 7.416781483631883e-05 0.00011486325848747893 1.3917605258407344e-05 1.6808042510191954e-06 1.1023147097868879e-07 9.30517451046372e-07 1.4451055200833051e-06 3.8009098578043655e-07 0.0 2.2738879614863348e-06 0.0 3.7963608577106932e-06 0.0 1.2313243068766883e-06 7.520070340464526e-08 4.3409339641516894e-07 1.0846994859948333e-07 1.8443777822246907e-06 1.485768715987674e-06 7.849311646527121e-06 4.192386567625944e-07 2.296093195447479e-06 2.409025063350694e-07 5.396417551142304e-07 3.7417109844989555e-07 0.00015934822906520305 0.0001587341275755929 4.518020338305467e-05 6.189245289285622e-05 0.00018332628316686722 5.618156173126135e-07 4.301103322124769e-07 1.9258232302930777e-06 4.60814978848496e-06 7.645634246029567e-07 6.99853302175476e-06 6.785365332295454e-06 6.155167046858424e-07 2.053304377882367e-05 1.4430930781981147e-05 2.939463657776971e-06 7.317856010629899e-06 1.631229394588899e-05 1.0406728098029101e-05 5.5272825969130706e-06 0.0 0.0 0.0 0.0 0.0 0.0 0.0 0.0 0.0 0.0 0.0 0.0 8.428068162720437e-08 0.0 0.0 0.0 1.4621075666033405e-07 2.601995421907727e-07 0.0 2.4493507345752184e-06 2.658707673543493e-06 0.0 0.0 0.0 3.47960665764555e-06 0.0 1.3488299373576698e-06 1.3080815190308328e-06 5.73720450584121e-07 0.0 0.0 0.0 0.0 0.0 0.0 0.0 2.8008081938202616e-07 0.0 0.0 0.0 0.0 5.171651575050495e-07 0.0 0.0 0.0 0.0 0.0 5.489783297879302e-07 0.0 0.0 0.0 1.2142959439833726e-07 8.508513425865777e-07 0.0 0.0 0.0 0.0 0.0 0.0 0.0 0.0 4.535383882445746e-06 9.68620467526777e-07 0.0 0.0 0.0 1.069389278323398e-06 1.9803767518760126e-07 7.976406962381524e-07 8.481277843137748e-08 0.0 0.0 0.0 0.0 0.0 0.0 0.0 0.0 0.0 0.0 0.0 0.0 4.050589522957186e-06 1.1330002414860651e-07 9.869733424641502e-07
0.00035153088474554453 0.0019253584534438142 0.00016526984518145792 0.0002645735043583088 0.0007907016492494742 1.8979919237233576e-05 0.0 1.88216215482879e-05 0.0005463508776609359 0.000768770439504381 6.788867309256289e-05 0.0001131631572635995 0.0025168326408931013 0.0009286135194794023 7.295724187433558e-06 2.6543540592661223e-06 6.466717261539362e-06 1.1352412016747549e-07 2.8022515258908167e-07 0.0 1.2966004985356407e-06 0.0 4.204722085433715e-07 1.66047800506034e-07 3.2735137784048845e-07 4.031305322436147e-07 7.324988477486828e-08 1.0252192327556857e-07 2.850489915829571e-07 1.843556704028869e-07 9.797434923744873e-05 5.991035758678678e-06 2.6628681577686952e-05 7.359678528608643e-08 2.3398849739908378e-07 7.300799252511552e-08 1.3341846908403507e-05 1.6840995040222941e-06 1.5526853894076937e-06 3.7906285710016455e-07 6.346009417170312e-07 6.278092175604575e-07 1.0682607085559581e-06 9.32477566763139e-07 7.922199013154525e-08 9.113804710264846e-08 5.6194833504051244e-05 1.9360807572901985e-06 8.654656126379447e-07 8.427418049082485e-07 1.275373931282087e-06 0.0 0.0 1.5826489978399374e-07 1.3428106431162092e-06 1.613067449585592e-06 2.1364376745589133e-05 7.393022440803697e-05 2.0295501452861488e-05 2.626011668043773e-05 1.6513512684222996e-07 1.6382913232761702e-06 0.0 3.6342040744715645e-05 3.208518735696142e-06 6.739995185561475e-07 1.2673610182130938e-06 9.299031818522216e-07 1.4195127289516194e-06 4.129649835118596e-06 2.097308938451438e-05 0.0 0.0 8.88870863193887e-05 3.1738101554957044e-05 6.323282256504727e-05 3.078429181422156e-05 3.0637513636026187e-06 2.0630384594583528e-07 4.7203378264334904e-06 4.5463858326052483e-07 1.3984944668430422e-06 3.4150330338838355e-06 6.494024186679696e-08 5.967853264909611e-07 2.489184962096444e-06 3.5482811262105783e-07 0.0 4.010882336376193e-07 1.445369555253963e-07 3.178201365491982e-07 8.425148845907914e-08 2.161470583142932e-06 0.0 7.640364409341469e-07 2.354571621680684e-05 2.6284213968719355e-06 0.0 2.8615848211100937e-06 0.00015622576155761985 2.958965555023236e-07 3.5092104199897736e-07 4.997244711660714e-06 0.0 1.22597321123347e-06 1.2009438193736604e-05 1.7936921165603841e-06 4.513820100240261e-06 1.1089684212856643e-05 4.650379966141959e-06 3.9286946699881894e-07 6.629050962411827e-06 4.010254612391554e-06 5.049601889623184e-06 6.5604499466086055e-06 0.0 0.0 0.0 0.0 0.0 0.0 0.0 0.0 0.0 0.0 0.0 0.0 0.0 0.0 0.0 0.0 0.0 0.0 0.0 1.0655057837700191e-06 7.789249199306415e-07 0.0 0.0 0.0 3.318879615196222e-06 4.128583090192194e-07 1.1078542302428236e-06 1.034334472713597e-07 6.007842498126796e-07 0.0 0.0 0.0 0.0 0.0 3.5431924016066935e-07 0.0 0.0 0.0 0.0 0.0 0.0 0.0 7.07052967390237e-08 0.0 0.0 0.0 0.0 3.9582815600356405e-07 0.0 0.0 0.0 3.805218540535974e-07 0.0 0.0 0.0 0.0 0.0 0.0 0.0 0.0 0.0 5.161509361329949e-06 0.0 0.0 8.305450557043658e-08 7.982117190163672e-08 1.5182746551167419e-06 2.6581733456484265e-07 9.193489617634019e-07 1.23228158135984e-07 1.2152846584744185e-07 0.0 0.0 0.0 0.0 0.0 0.0 0.0 0.0 0.0 0.0 0.0 6.997391763642174e-06 1.5909223500860328e-06 1.5431455649784997e-06
4.265139222035182e-05 0.0001604920163476746 0.001412449294435485 1.0046278912017957e-07 4.1451894451304866e-05 5.665379757934465e-07 1.88216215482879e-05 0.0 5.452459669692783e-05 2.1858813160716396e-06 0.0017420341145755421 1.0205305647972543e-05 0.0001212030674248288 0.0007148552143528736 6.9796527274296486e-06 5.249743189543383e-06 2.3174684919445895e-05 2.127071644760769e-06 4.143130480013042e-06 3.1899787588517096e-06 4.054105118496829e-05 0.0 9.147525848483493e-06 2.72286989464388e-06 1.1118183285980415e-05 6.980187690529416e-06 3.874517977032186e-06 2.0580167305767506e-06 1.1312934937006776e-06 2.4210522181489934e-07 0.0008668953046587233 0.0017962323320937982 0.00017850293078703946 1.8811725500012365e-06 1.7008349572291026e-05 1.1254648858106555e-05 7.158148953116608e-05 4.493019429864398e-05 2.0493602155054394e-05 5.0421160704651384e-06 1.489636307850133e-05 6.390449629471417e-06 8.168412626634537e-05 2.4806758559878444e-05 1.3891205074853852e-05 1.7042998807573572e-05 2.5479847242139755e-05 5.093638983172205e-06 1.0910758634463443e-05 4.344104523322175e-05 1.1455380273693382e-05 1.9683620386904558e-07 3.25319378999978e-07 3.79597776103076e-06 7.973414885757771e-07 7.15151743336025e-07 1.2480321171298201e-05 4.7784550369513474e-05 9.482180001535575e-06 9.437691266944776e-06 5.349756779747629e-05 6.0460187820572226e-05 2.2167218429675256e-06 0.0003302337117963996 2.9759829461989872e-06 6.47410948512206e-06 4.15911260826729e-06 2.749552098585436e-05 6.275013649720848e-05 0.00014444873496823643 3.752569786291907e-05 9.75286883119576e-07 0.0 3.943080337742048e-05 2.767433749802548e-05 2.8315267593136752e-05 7.074806137581636e-05 8.309398137976792e-05 0.0004281262114800982 0.0017226946553087121 0.00013538585230902836 0.0007198383784924226 1.3084192326971997e-06 0.0 3.1846195735353965e-06 2.8555851342203593e-06 1.3138935480781545e-05 0.0 7.024965285770473e-07 6.202158650710189e-08 1.5256230390758085e-06 3.6204098274412675e-07 5.49596208309686e-05 6.198587571877269e-06 3.2620800622862386e-06 1.199674576438154e-05 1.8449692890421121e-06 0.0 9.4661559392718e-06 2.8441714076261857e-05 9.074679250448729e-08 0.0 0.0 0.0 0.0 3.1597936582149085e-07 0.0 2.3262808841497156e-07 2.0301750155742949e-07 3.7531252455050184e-07 1.1775839470541253e-07 9.664989258219053e-07 1.4140398839908042e-06 7.068035104299516e-07 1.3622371347399348e-06 0.0 0.0 0.0 0.0 0.0 0.0 0.0 0.0 0.0 0.0 0.0 0.0 1.8139219373956773e-07 0.0 0.0 0.0 5.948389122970872e-08 0.0 7.795184846013096e-08 5.829102089778426e-07 8.594664507107737e-07 0.0 0.0 0.0 1.3273354292119908e-06 0.0 8.057640614303887e-07 1.593946669910397e-06 1.6021088350856608e-07 0.0 8.047935421417744e-08 0.0 0.0 0.0 0.0 0.0 0.0 0.0 0.0 9.381263686758019e-08 1.1585118471573919e-07 0.0 1.6429068781235725e-07 0.0 0.0 0.0 0.0 6.66493939807233e-08 2.0451663714842499e-07 0.0 0.0 1.923974984098474e-07 0.0 0.0 0.0 0.0 0.0 2.9788215290189563e-07 0.0 0.0 0.0 1.6351192422392143e-06 2.0913586673376793e-07 0.0 5.139171091356104e-07 4.907322477853841e-07 2.4867440909141595e-07 0.0 0.0 0.0 2.0049584388633423e-07 0.0 0.0 0.0 0.0 0.0 0.0 0.0 1.010015791970302e-07 0.0 0.0 0.0 4.770553508864071e-07 1.0226085624324176e-06 2.0130950751091706e-06
3.340504560789915e-06 0.00021747385581961655 0.00030379038923956285 6.473131306629652e-07 0.0008682059268233206 2.3812383434263325e-06 0.0005463508776609359 5.452459669692783e-05 0.0 5.265694009030377e-05 0.00025381792328204927 4.0436836866383805e-05 0.001352189524806337 0.001010436399172968 5.491810094340813e-06 3.0119641794917406e-06 2.4631990999961287e-06 0.0 0.0 1.6371036269752657e-07 1.3129651932576323e-06 0.0 2.430916789669249e-07 2.4863845440548006e-07 4.4164041045917654e-07 2.98758598899231e-07 0.0 1.0162434228544909e-07 0.0 0.0 1.5608247281607958e-05 2.933192418252678e-06 2.936019424073246e-05 0.0 3.5882308822430307e-07 2.822744226979129e-07 1.3399803925020394e-05 1.8411050448659164e-06 1.8387173838890122e-06 6.537805906940349e-07 3.8982114063645144e-07 3.436147390389559e-07 1.0568653829495407e-06 9.119836950083107e-07 6.936310920547117e-08 0.0 1.941592593320415e-05 7.269187319377553e-07 5.105672337778373e-07 6.108711692264703e-07 9.173129679577878e-07 6.53356436692054e-08 0.0 3.288443398717437e-07 2.2523750796509526e-07 3.7625872757320106e-07 4.437755528941289e-06 1.2734867113418485e-05 3.574761802273846e-06 7.749388198694478e-06 3.585679669179642e-07 1.0831443946442532e-06 0.0 1.4084848199183424e-05 6.873537682143141e-07 1.6210461770924874e-07 6.286609798180832e-07 3.239568754152396e-07 2.43062784502498e-06 5.4339897149798085e-06 9.59845059459173e-06 8.098265682177309e-08 0.0 2.4282891457314338e-05 8.061290474268629e-06 2.2152776893305598e-05 1.5101536428067122e-05 1.3383526872798285e-06 0.0 9.627929153364689e-06 1.985919149126793e-07 1.3196997857384817e-06 7.134632484989504e-07 0.0 1.4532855707330887e-07 6.098882083251139e-07 6.711639017746587e-08 0.0 2.851057872826419e-07 0.0 7.892857280623966e-08 0.0 2.759747527760987e-06 2.7119904077510614e-07 2.5893280752639193e-07 7.77182888886436e-06 9.255892442453579e-07 0.0 2.5574241264546546e-06 1.66311050227705e-05 0.0 0.0 0.0 0.0 5.612000987075631e-07 8.739797757109132e-07 6.98686891006649e-07 0.0 7.820320158519309e-07 1.5185515938671964e-06 2.525184999548202e-07 1.0565382892758217e-06 1.8243727083618437e-06 2.069496716895694e-06 3.3521756807284006e-06 0.0 0.0 0.0 0.0 0.0 0.0 0.0 0.0 0.0 0.0 0.0 0.0 0.0 0.0 0.0 0.0 0.0 0.0 0.0 6.579498906155565e-07 2.3363029076914754e-06 0.0 0.0 0.0 1.692256409072677e-06 0.0 1.321366163902779e-06 8.428333478799751e-07 0.0 0.0 0.0 0.0 0.0 0.0 0.0 0.0 0.0 0.0 0.0 1.6933736816457624e-07 0.0 8.711925919754813e-08 0.0 0.0 0.0 0.0 0.0 5.3183279000094e-07 0.0 0.0 0.0 9.9845158065776e-07 4.617571963554174e-07 0.0 0.0 0.0 0.0 0.0 0.0 0.0 0.0 3.976343721204908e-06 0.0 0.0 0.0 6.339152356173154e-08 0.0 0.0 3.805733318825196e-07 0.0 0.0 0.0 0.0 3.157227326229707e-07 0.0 0.0 0.0 0.0 0.0 0.0 0.0 0.0 3.119964932301343e-06 5.503886312140245e-07 1.1585786118961471e-06
0.000889083112424595 0.0008568327451929823 8.684967638001405e-06 0.002368460688320537 5.072014946813671e-05 0.0005127670117558856 0.000768770439504381 2.1858813160716396e-06 5.265694009030377e-05 0.0 7.588299325798645e-06 0.001996785378772536 0.0038112661785403837 5.617235241801215e-05 7.427684908817568e-07 4.573158030878969e-07 1.2223908877024516e-06 0.0 3.0494583916382754e-07 0.0 1.3475799489990466e-07 0.0 3.555012773651449e-07 7.338771369576888e-08 5.662986611098777e-07 0.0 0.0 8.574009855068762e-08 0.0 0.0 3.207753889915175e-05 1.149019369101749e-07 0.0001404906178947207 0.0 1.104683970825961e-07 0.0 9.82081564022793e-05 4.529044271797255e-06 6.0670440644901545e-06 2.372962130134269e-07 1.0148671809994807e-07 3.3729339183803014e-07 4.7680783103797965e-07 0.0 9.646805499971327e-08 1.6268458059991092e-07 6.52483413450629e-06 1.6970392327415098e-07 0.0 0.0 3.898658254498091e-07 0.0 0.0 0.0 1.0065356051555294e-07 1.1392139083660801e-07 6.769256709062039e-06 2.4243220760881094e-05 3.4594474547742235e-06 1.2802717060033277e-06 0.0 3.0917215631923544e-06 0.0 1.4847757230517392e-06 4.132443507391306e-07 2.95297956440677e-07 1.446406723789569e-07 3.266687427717659e-07 1.305709480939802e-06 3.150129044934877e-06 0.000249528138861481 4.461241976034299e-06 9.533318043189247e-08 9.847337051811194e-06 1.724980354654884e-06 3.918777502468752e-06 3.2738235798117794e-06 3.703467566781092e-07 0.0 2.004139003800343e-06 0.0 2.3357500853653167e-06 4.86486313828924e-07 0.0 8.04803463934214e-08 8.014740988637752e-08 1.7059692659072154e-07 0.0 8.69298002085821e-08 1.1216825735915834e-07 7.326262561627089e-08 0.0 1.1417498870158927e-06 5.608241100207323e-07 9.494097040186677e-08 0.0004570190665607961 4.750116856978679e-05 1.5566234958164956e-06 3.0902228711947245e-05 0.00020946963736432733 2.5014791233535065e-06 3.5126126341150723e-06 2.178495009341988e-05 1.8032418417835152e-05 3.986320697709141e-06 1.1650055584663839e-05 1.8444923311557752e-05 2.9157437125855882e-06 4.470170181805324e-05 4.2444932890994084e-05 4.48046842542379e-06 2.904317348567636e-05 5.8771929064411866e-05 4.017196492114969e-05 2.6256655691503887e-05 0.0 0.0 0.0 0.0 0.0 0.0 0.0 0.0 0.0 0.0 0.0 0.0 0.0 0.0 0.0 0.0 0.0 0.0 0.0 5.108347300266724e-06 6.695350458345098e-06 0.0 2.5365178913570095e-07 0.0 1.4534881558859782e-05 0.0 3.0136684967004625e-06 1.945534766089229e-06 0.0 0.0 0.0 0.0 0.0 0.0 0.0 0.0 0.0 1.746301089692978e-07 0.0 0.0 0.0 8.431428448085834e-08 0.0 0.0 0.0 0.0 6.379018643158098e-07 3.794812522628298e-06 1.2126949131589097e-07 3.722143739912854e-07 0.0 9.767400319900574e-07 1.2502531497396208e-07 0.0 0.0 0.0 0.0 0.0 0.0 0.0 0.0 1.4723892187800047e-05 0.0 0.0 0.0 1.9563613420053288e-07 2.653365218784061e-06 1.379067271769483e-06 6.067680145878795e-07 9.670749514933456e-07 2.6607242437342787e-07 0.0 4.606711538052015e-07 1.0990405182818144e-07 0.0 0.0 0.0 0.0 0.0 0.0 0.0 0.0 1.721863547451143e-05 1.125549762807757e-06 4.2230821943552065e-06
0.00010613434648531562 0.000550729746091838 0.0015713095803685006 6.973760069907248e-07 0.00019086800737836267 3.237657785430772e-07 6.788867309256289e-05 0.0017420341145755421 0.00025381792328204927 7.588299325798645e-06 0.0 3.802439382428205e-05 0.0010890352892426256 0.0024001236235413888 8.861806285471506e-06 4.263767422938342e-06 3.596353948206607e-06 6.491527989692904e-08 3.8715100780367907e-07 6.438320829095896e-07 5.830146329559755e-06 1.0941257137750322e-07 1.7955274329270625e-06 9.190224035514978e-07 2.7054191573716724e-06 1.4699818370594613e-06 6.09142908475253e-07 8.058926300116796e-07 0.0 0.0 0.00024311645702140857 7.476703439321562e-05 0.00036666649225187476 4.7953491180958e-07 2.7063111527601223e-06 1.3800482273138488e-06 0.00011850355993912351 1.5566280472419157e-05 8.534309797479372e-06 1.2210637613448296e-06 4.242257365401548e-06 1.499275672005775e-06 4.159519795479237e-06 1.0535503756051979e-06 8.545727811967762e-07 9.30651059268267e-07 2.6385371682281858e-05 1.1914207580490261e-06 4.5588066568294975e-07 8.236000424794127e-07 1.800522750942123e-06 7.670229582043531e-08 0.0 2.34901423044918e-07 3.512034141119586e-07 7.276985060791244e-07 7.44267520430315e-06 2.9678768281267926e-05 9.648060191994516e-06 1.2845419236780245e-05 1.0456026838850246e-06 2.7932512165117726e-05 4.220261659748151e-07 2.3823943204392586e-05 7.047462188931587e-07 8.910545452947931e-07 9.262585137672284e-07 1.5751350669366466e-06 7.217274800454768e-06 2.1950320392991056e-05 5.320503667722211e-05 2.691103197296697e-07 0.0 4.105802745569357e-05 1.3183681489025189e-05 2.9129382780016934e-05 1.855015538031264e-05 3.4799938175357204e-06 2.1959773173377692e-06 0.00043852447280867457 1.2478225153273134e-06 2.4400201124520196e-05 1.1339551273895551e-06 0.0 4.343457826665549e-07 7.387790273854228e-07 1.1298849141517895e-06 6.69367164906731e-08 3.7101573222094396e-07 0.0 1.2531996071166488e-07 5.590467022743721e-08 1.1820366070681721e-05 8.314278799968409e-07 4.265090575329362e-07 9.893810213135052e-06 5.687074308314378e-07 0.0 6.867230262199011e-06 3.7556883227223296e-05 0.0 0.0 0.0 0.0 9.940818447800806e-07 1.1138174794810634e-07 5.032264670255587e-07 0.0 2.1217365709749718e-07 6.408774781135843e-07 8.97181924078337e-07 3.1333635255472016e-07 1.6535181511437328e-06 1.316621169036232e-06 2.512921259871662e-06 0.0 0.0 0.0 6.777579040315257e-08 0.0 0.0 0.0 0.0 0.0 0.0 0.0 0.0 0.0 0.0 0.0 0.0 0.0 0.0 0.0 5.858465765744114e-07 9.879614847460033e-08 0.0 0.0 0.0 1.5624152135372943e-06 0.0 9.881718582434768e-07 3.368484755666849e-07 1.9702737423596672e-07 0.0 0.0 0.0 0.0 0.0 0.0 0.0 1.3992207263007456e-07 0.0 0.0 0.0 0.0 0.0 0.0 0.0 0.0 0.0 3.3814505960239455e-07 1.6512311044916425e-07 0.0 0.0 0.0 4.5967777239697064e-07 0.0 0.0 0.0 0.0 0.0 0.0 0.0 8.706927751193036e-08 0.0 1.701822644368413e-06 0.0 0.0 0.0 2.1949547795087924e-07 0.0 1.5338506828315483e-07 4.386899528674184e-07 9.216122013632629e-08 0.0 9.472491680946206e-08 0.0 0.0 0.0 0.0 0.0 0.0 0.0 9.97192951415351e-08 0.0 0.0 9.502562061514128e-07 4.845275262674415e-07 1.5006584863920734e-06
8.985947066874891e-05 5.094541711945217e-05 1.4957331080893483e-05 0.0005119507811588632 1.0279279960085775e-05 0.00010999386042334233 0.0001131631572635995 1.0205305647972543e-05 4.0436836866383805e-05 0.001996785378772536 3.802439382428205e-05 0.0 0.0008170321083095319 0.00010264052213533722 6.358605059177647e-06 3.0019263755753396e-06 2.0506713494035433e-06 2.4705080487674674e-07 9.073922254432963e-08 0.0 2.6546006814285663e-06 0.0 4.7423356161882626e-07 1.2331307608016558e-07 1.878689083356596e-06 6.24549882495915e-07 2.9010707937166894e-07 6.040532861853851e-07 5.321690180232535e-07 0.0 2.989366525515546e-06 9.385881939913e-07 0.00020016385194442985 1.0884154859928792e-07 6.599152349594501e-07 6.217925008851816e-07 0.00024991858996769223 2.2136790796334377e-05 1.9004977637474684e-05 2.1571394005158755e-06 1.4810084132127916e-06 7.288797820878843e-07 7.527035123779605e-07 2.938492645023547e-07 3.335762264230941e-07 2.482947351673933e-07 1.1030014694864674e-05 2.8663214218252597e-07 1.8061210462066052e-07 1.6065256076089792e-07 1.5516159724218461e-06 2.6652169258441984e-07 0.0 7.027917727720719e-07 0.0 0.0 1.7954731990446845e-06 3.1777466691680893e-06 1.140383094487015e-06 3.464942941370379e-06 0.0 1.6190470078357752e-05 1.7689200466499771e-07 3.105545764586493e-06 4.1839849092798396e-07 3.249472015413542e-07 4.5160082964417495e-07 1.3506245113798379e-06 6.350752012957946e-06 1.1191273965358814e-05 0.0002148945746563695 1.7238506562179336e-06 8.250075931016775e-08 6.9733397901289814e-06 1.8540394767128722e-06 9.520567143503927e-06 8.431708268880761e-06 8.05655436176865e-07 1.0783801966471542e-07 2.7728749064481764e-05 3.351771207572905e-07 9.450539909409702e-06 2.3242173613073002e-07 1.371449408777981e-06 0.0 1.3010106775291683e-07 3.478953520223239e-07 0.0 5.029094263849207e-07 6.427287270940479e-08 3.257812200643525e-07 2.3197128675397135e-07 7.043182547128962e-06 9.39687402602594e-07 4.3696362397843256e-07 0.0003676003296081662 8.787521143024758e-06 0.0 1.9456326437842016e-05 1.3733112110808471e-05 1.9578553697105875e-06 1.9379512461485944e-06 4.191049697963154e-06 1.3010525695416908e-06 4.851121928226678e-06 1.1698763075899218e-05 1.3140371211394187e-05 2.5732272844719444e-06 3.826948970007215e-05 3.996658740839354e-05 5.429613648053621e-06 3.36267867129559e-05 5.0189802616167935e-05 5.971735179850637e-05 3.917061105871457e-05 1.513135450112804e-07 0.0 0.0 0.0 0.0 0.0 0.0 0.0 0.0 0.0 3.9832214814759225e-07 0.0 0.0 0.0 0.0 0.0 0.0 0.0 0.0 1.018895342636105e-05 7.100165721444212e-06 0.0 0.0 0.0 2.313109120402791e-05 4.4952644007670686e-07 6.682359750511395e-06 2.6490696128698944e-06 9.121889133734162e-08 0.0 0.0 1.295878591017584e-07 9.103123821959216e-08 0.0 5.566256169310855e-07 0.0 0.0 2.0069521416848866e-07 0.0 0.0 7.822503372826076e-08 0.0 0.0 0.0 0.0 0.0 6.063967138167358e-07 5.065865376812666e-06 8.624143359859736e-07 0.0 0.0 6.146533523047519e-06 1.0288963487766946e-06 0.0 0.0 0.0 0.0 0.0 0.0 0.0 0.0 2.9969282148879998e-05 2.3932905704366373e-07 0.0 0.0 0.0 3.644315016172236e-06 1.4665203861585607e-06 3.7833446839430613e-06 2.2460868680870002e-07 5.431010064219925e-07 6.570233106934601e-07 0.0 1.6705775498237695e-07 0.0 0.0 0.0 0.0 0.0 0.0 0.0 0.0 3.1325327339690776e-05 4.57627022943637e-06 7.901377223534748e-06
7.98468234938251e-05 0.0010199177922136252 0.0003699197894909972 0.000526310101130931 0.0007331210168787088 7.05112587326046e-05 0.0025168326408931013 0.0001212030674248288 0.001352189524806337 0.0038112661785403837 0.0010890352892426256 0.0008170321083095319 0.0 0.0033129767927239716 2.6999136917621575e-05 1.5422940358042515e-05 8.185515599307151e-06 2.277245706032926e-07 0.0 5.769213783139103e-07 9.812474718475472e-06 7.197526517279214e-08 3.685872632792095e-06 8.049088291702222e-07 4.62340244451062e-06 1.964817512463969e-06 1.258795324814947e-06 6.038868415551786e-07 0.0 6.231349194022618e-08 2.5742287545033454e-05 5.1069657352913254e-06 0.0006899993058213147 3.9009556481622973e-07 3.9698654731931696e-06 2.3737694438116903e-06 0.00035147111101723426 3.1189984195270084e-05 3.419571037586702e-05 2.6651317401691093e-06 6.454099681346521e-06 3.4306050876320405e-06 6.535917632350321e-06 2.070417343742327e-06 2.67069937237029e-07 3.726643876491168e-07 7.054865849873644e-05 9.729533562821622e-07 1.059356283064073e-06 2.404239210647873e-06 4.625137771257934e-06 1.7940192942281125e-07 0.0 1.2348177122487957e-06 4.823589321680534e-07 1.1165247376662874e-06 1.1544808995444463e-05 2.552087866253465e-05 9.384676977593396e-06 2.6634009155007342e-05 7.508019457358382e-07 3.554364417588162e-05 1.842345405411135e-07 3.933261668948295e-05 1.3492077739127221e-06 7.163158058223452e-07 1.9713337992630177e-06 4.587936005255965e-06 1.490874896121739e-05 3.812767451794684e-05 0.0002975127234857985 2.2676582412511448e-06 0.0 6.178258070100598e-05 2.1411987558532762e-05 6.810069656312076e-05 4.761358586938581e-05 8.374424375010949e-06 1.2047129886300066e-06 0.0001011849005284457 3.880279472658236e-07 2.0835548904293982e-05 1.312207320554389e-06 0.0 6.72759425741836e-07 1.7172529057283674e-06 2.1692770074374174e-06 0.0 7.472193072272821e-07 7.704382596463459e-08 4.294998689969077e-07 3.2197217045202464e-07 2.3744118887965196e-05 2.0566427828081396e-06 1.8498741192601982e-06 0.0005401641346093814 1.4061781023940557e-05 1.7273179184544063e-07 3.546653348018572e-05 6.905658073017108e-05 5.063437230722908e-06 5.6692522230243955e-06 4.857677193496025e-06 2.1432978753571602e-06 1.2946599219254666e-05 1.9120909440691215e-05 1.899312311661521e-05 5.607113848095916e-06 7.219649410337399e-05 6.32342816249962e-05 8.181959823132942e-06 5.278700200109912e-05 8.782518705992386e-05 8.987000229444902e-05 7.357963196110464e-05 6.238958946342523e-07 7.895434846808015e-08 0.0 0.0 0.0 0.0 8.778733705440026e-08 0.0 0.0 0.0 0.0 0.0 1.0179966928222071e-07 0.0 0.0 0.0 0.0 0.0 0.0 1.5515991809693076e-05 1.6033193116120213e-05 0.0 0.0 1.562860796511094e-07 4.700393140589147e-05 1.502352446089428e-06 9.882053004585868e-06 3.740616516299604e-06 1.0113338679733381e-07 0.0 7.264129042602316e-08 0.0 5.943171730042809e-07 1.973934201318554e-07 0.0 0.0 4.906014638620782e-07 9.944094266689829e-07 0.0 0.0 0.0 3.1440629450313055e-07 0.0 0.0 1.5351718561137064e-07 0.0 5.386660334466169e-07 5.060205361699659e-06 6.438572181171033e-07 0.0 2.4329885544239026e-07 1.057238518989804e-05 4.885302324693887e-06 1.9972007520932002e-07 0.0 0.0 0.0 0.0 0.0 0.0 8.501705186386974e-08 5.9479744377186386e-05 6.940966813517855e-08 0.0 0.0 3.5290939020237916e-07 4.931195712113602e-06 1.1266552657201817e-06 5.996868659712539e-06 1.563494583813335e-07 1.5574655620155832e-06 9.841200239450397e-07 5.755575308250108e-07 2.1145979200590515e-07 0.0 0.0 0.0 0.0 0.0 1.5513087853285146e-07 1.6856074904821008e-07 0.0 5.7391543191676785e-05 7.794034227818015e-06 1.5731988448909327e-05
