0.0 0.0012775413735494796 0.00023134394261239082 0.0008407402576580157 4.305294796952711e-05 4.6294199969217984e-05 0.0003677167408153689 5.815129873043395e-05 4.593545256757586e-06 0.0006172849214203625 2.1523923706504684e-05 0.00015664124962308846 9.41296700642902e-05 4.717290464914705e-05 6.343338489623982e-06 2.041766988556849e-06 2.5666601034065205e-07 0.0 9.001250979603976e-08 5.094512412650857e-07 1.1268541086183846e-07 0.0 5.496325764020567e-07 1.8940605638254357e-07 6.065215033753484e-07 9.018913671248384e-07 9.555118108654567e-08 0.0 0.0 0.0 0.0008160728380511219 6.833525341248929e-06 1.3532715012593392e-05 9.992187995836418e-08 0.0 1.6308799184897709e-06 8.435244167060385e-06 1.2248777324422844e-06 1.0371664736982937e-07 6.058924754965867e-07 3.359166924210477e-07 5.842186879302526e-07 3.081059435814678e-07 7.009786994100881e-07 4.543097619898701e-07 6.439616065693585e-07 3.1516913613132075e-05 3.1437049857121585e-06 4.567700718811376e-07 1.8499952030258027e-07 3.0427062446519836e-06 5.354243643855661e-07 1.4062282417987584e-07 2.0540549984603068e-07 1.0378085853028298e-05 9.212930750184842e-06 0.00015699150184125376 0.0010228422585259198 2.314620450752727e-05 4.7414422314211844e-05 8.981087460854865e-07 3.7843412456319572e-06 4.7453673809395865e-07 9.200195641521593e-05 7.33785305880267e-06 2.9630435124525758e-06 1.2455868234844789e-06 1.3950872998394873e-06 1.0397088933355679e-07 2.0447202003926376e-06 1.0899170133398577e-05 2.8444879006190707e-06 8.574149774212199e-08 0.00022563283794717592 5.1607074104396883e-05 6.123151427743333e-05 6.998236605782767e-06 8.989646324866131e-07 6.212492906613124e-07 4.452742495842495e-05 6.699936017217131e-07 6.817813467879333e-06 2.3360802464297394e-05 7.894788168026893e-08 7.554948386777634e-06 5.275206314559818e-06 3.650879431455294e-07 1.048850390953493e-07 4.1385333992918985e-06 0.0 1.5317149888091228e-06 7.097918459631626e-07 6.495527588440509e-07 4.379990981745407e-07 2.0835910393659794e-07 3.0561443415088224e-05 7.734652454041551e-07 0.0 9.50045726998053e-07 0.0011054680247222202 0.0 2.351023922630291e-07 7.412908718048003e-07 0.0 6.027615925350812e-07 1.3573744375509895e-06 0.0 3.262140168565585e-06 2.2500484855617798e-05 0.0 1.0305799884486428e-06 2.3818307202327014e-06 3.200188740551093e-06 5.50360689190524e-07 2.285127689751476e-07 1.2968040371671467e-07 0.0 0.0 0.0 0.0 0.0 0.0 0.0 0.0 0.0 1.1141925301423086e-07 0.0 0.0 0.0 0.0 0.0 0.0 0.0 0.0 0.0 0.0 0.0 0.0 0.0 5.244673425764179e-07 9.517442713460452e-08 9.365476516803438e-07 0.0 3.8133828764411147e-07 0.0 0.0 0.0 0.0 0.0 0.0 0.0 0.0 0.0 0.0 0.0 0.0 1.0227592938268082e-07 0.0 0.0 0.0 0.0 0.0 0.0 0.0 0.0 0.0 4.858917091391253e-07 0.0 0.0 0.0 2.0977424420696908e-07 0.0 0.0 0.0 0.0 0.0 2.1336528260198647e-07 0.0 0.0 0.0 0.0 5.362081976416511e-07 0.0 7.375893934005348e-07 0.0 0.0 3.24011678730923e-07 0.0 0.0 0.0 0.0 0.0 0.0 0.0 7.698968495780882e-08 0.0 0.0 1.082869768719595e-07 1.0286372993159682e-07 3.1602244981450994e-07
0.0012775413735494796 0.0 0.0008251550660260874 0.0005655230500880734 0.0011619119614066004 9.996407101085985e-05 0.0010304860809435756 0.0005611867887714302 0.0007042521706965505 0.0007496633739069987 0.0006401743394006499 0.0003880607481954058 0.0012761966072355468 0.0016920556556864008 2.3789138731201046e-05 5.528265650418412e-06 2.3008184016520614e-06 4.937897861605814e-07 2.134866854559984e-07 6.765707743018771e-07 4.4430735981485627e-07 0.0 4.2830591449939496e-07 4.0744922745218887e-07 8.567317237008078e-07 6.718376049624735e-07 2.752644392857089e-07 1.1439281475741851e-07 8.125288573121946e-08 0.0 0.002211581805778934 2.865316764629042e-05 3.4881000250881286e-05 4.2358798899225373e-07 9.331948674853142e-07 2.123785291858594e-06 2.292331213409687e-05 5.391967773324527e-06 9.567464124924185e-07 1.1150399560136387e-06 1.0286490399072757e-06 2.8880328881136466e-07 4.864194000247103e-07 2.224461727987922e-06 2.8427901543066636e-07 1.0081590502110461e-06 0.0001851905788539523 6.851981699570945e-06 1.081603942259646e-06 6.299101747301118e-07 8.345340075132579e-06 2.654296110573669e-07 3.216681255034436e-07 1.1749743423258515e-06 1.3442423656990785e-05 1.4822466883695413e-05 7.633717735047975e-05 0.0005831706983559371 2.2047661374036528e-05 9.909484875205557e-05 2.4381007976624368e-06 1.2412198821429204e-05 8.027589337237029e-07 0.00025695646124155734 1.2173309202514672e-05 6.02831225873919e-06 1.920924504311389e-06 2.681229189345877e-06 5.308637195186622e-07 3.804338394250787e-06 2.0067756852815568e-05 6.115596169901349e-07 0.0 0.0003367931184997303 0.0001444449639751764 0.00017491373740844687 3.987932507611919e-05 4.181729956334762e-06 4.4970235561923415e-06 0.000145728042327809 1.4916777870142893e-06 2.937311569887993e-05 3.8326417217628466e-05 1.6709372537755737e-07 1.5499878192357937e-05 8.10833835141595e-06 8.259473319618791e-07 8.384731294173992e-08 7.762396276100267e-06 0.0 3.414398277171113e-06 1.7092032899842464e-06 1.2837853918712125e-06 2.099681688828531e-06 9.85341826438735e-07 2.31081525004045e-05 1.291096797766995e-06 0.0 6.538769890506186e-07 0.00043497491298996014 9.373208602423356e-08 9.068631558669552e-08 3.6998849030421567e-06 1.4169218374719467e-06 6.4906695265321656e-06 2.123810570650178e-05 2.663574964994278e-07 4.10489447416978e-05 1.2541004172364735e-05 4.3574029294460526e-06 1.4020104255795464e-05 3.8916456574220046e-05 1.3505173702208706e-05 1.0747413576631742e-05 8.19939080978652e-06 0.0 0.0 0.0 0.0 0.0 0.0 0.0 0.0 0.0 0.0 0.0 0.0 1.0283287774064831e-06 0.0 9.323853483042366e-08 1.5214258957319633e-07 2.401493857144442e-07 0.0 3.1238442200220795e-07 2.2810145602459895e-07 1.7825794833424636e-06 0.0 1.7561976848466713e-07 1.4135920813376323e-07 4.721579739133777e-06 9.552984242658366e-07 8.49151955345566e-06 4.920891385154139e-07 5.518018805886125e-07 0.0 0.0 0.0 0.0 0.0 0.0 0.0 1.808905635763786e-07 0.0 0.0 0.0 3.594968585009711e-07 1.1000825847108993e-07 0.0 0.0 0.0 0.0 1.084806019463488e-07 8.544821290188574e-08 0.0 2.0139978051977866e-07 0.0 1.1608939302977729e-05 0.0 0.0 1.1586735457471109e-07 0.0 0.0 0.0 0.0 0.0 1.5081956830870213e-07 6.2969041534294e-06 1.8358301119829162e-06 0.0 9.703478334182924e-08 0.0 8.915155985913085e-06 1.2030405639976024e-06 4.062479580131994e-06 0.0 0.0 9.596628808762627e-08 5.686532676163989e-07 0.0 0.0 0.0 0.0 0.0 1.2042742458547375e-07 3.7533769577358945e-07 0.0 0.0 4.234776517808096e-06 1.7250425447117238e-06 2.8993734539402158e-06
0.00023134394261239082 0.0008251550660260874 0.0 1.979326798914655e-05 0.00032322191779501517 4.17563771210629e-06 6.518853823655323e-05 0.0028537426927180837 0.0002723567265898554 4.6846370082361625e-06 0.001935610314580706 2.192815200823461e-05 0.00024739369918963685 0.0020747486367337026 1.683492523767304e-05 1.0857289070386263e-05 3.052779387947434e-06 1.2789860329194076e-06 3.0394511454228805e-07 7.892964318566143e-07 4.344658612263721e-06 9.5439320844478e-08 4.938822852478129e-06 3.5654544089264463e-06 2.8809571258946703e-06 3.996255030003394e-06 5.226174081728828e-07 6.426560135904633e-07 2.909476915824856e-07 1.1432822797919918e-07 0.002075162439805506 0.00016857003642130328 0.00010729533015186115 1.262002334296953e-06 1.894497359810574e-06 1.0463501718436966e-05 3.9294650337904575e-05 1.3984692387090953e-05 4.24724841404661e-06 3.541765635613914e-06 2.8152129458467128e-06 7.504587789901543e-07 1.4955313182494135e-06 4.637198411888899e-06 4.642058090157451e-07 3.235815287590786e-06 5.451511274368244e-05 1.5479781018770532e-06 3.0517533373654935e-07 3.0270761834558037e-07 5.656514364770902e-07 1.8578396222987348e-07 1.5793596271234265e-07 5.895557673165535e-07 1.69101556531853e-06 6.765966631172723e-07 1.1996792374403143e-05 0.00017646310881282395 2.253962127812839e-06 1.1604497558649861e-05 4.523598891843349e-06 3.544150495974797e-05 5.818592193032776e-06 0.00013428874759656087 8.996051033840917e-07 6.636191369429693e-07 4.344696843578619e-07 6.078262645035921e-07 2.0422685809736227e-06 1.0262428902564285e-05 3.520099094616465e-05 1.576217700160996e-06 8.578215021582628e-08 3.849653450370747e-05 2.696768948757888e-05 4.0605933195544434e-05 2.148486464610468e-05 3.949757080904526e-06 1.5923531998996847e-05 0.0007728054289676383 1.8077818122967444e-06 0.00013366414830806605 3.359265407211989e-06 0.0 4.0537431464402113e-07 5.092571630687969e-07 9.46123848749245e-07 0.0 2.851985079730654e-07 1.2067642521379595e-07 4.577893932647194e-07 1.0856112238419989e-07 3.863144439402988e-06 1.2788795357469875e-06 5.478697360854229e-07 5.415927060411091e-06 6.463458055075286e-07 0.0 3.38386224357423e-06 7.501830487009779e-05 1.0947494752134798e-07 0.0 3.1915826301280307e-07 0.0 0.0 2.6033681847903034e-07 0.0 9.708405459984372e-07 1.6996902391717053e-06 3.9001524739582454e-07 1.1403064186242398e-07 1.5221039419320367e-06 4.9596245156481e-07 6.100775431758856e-07 5.441574300966621e-07 0.0 0.0 0.0 0.0 0.0 0.0 0.0 0.0 1.2156120320827887e-07 1.741512612753506e-07 1.0706638820881699e-07 0.0 1.382249091741762e-06 0.0 0.0 0.0 1.0548721781080924e-07 0.0 0.0 0.0 1.8209291915532436e-07 0.0 0.0 3.894757482887977e-07 0.0 1.246357529731504e-06 2.4288734368260544e-06 9.181498948696664e-07 2.0753625012194835e-06 0.0 0.0 0.0 0.0 0.0 0.0 0.0 0.0 0.0 0.0 0.0 0.0 5.958822349890121e-07 1.1038273328750653e-07 0.0 0.0 0.0 0.0 0.0 0.0 0.0 0.0 1.7567292577019627e-06 0.0 0.0 0.0 0.0 0.0 8.525130100297141e-08 0.0 0.0 1.9327585942797137e-07 8.321344815577602e-07 2.6670640712509377e-07 0.0 0.0 2.1187737230715052e-07 1.1496273186993195e-06 3.9624885213092936e-07 8.496024930976846e-07 0.0 0.0 0.0 0.0 0.0 0.0 0.0 0.0 0.0 0.0 0.0 0.0 0.0 1.1744594605876956e-06 9.093589715787093e-07 1.0776912346570424e-06
0.0008407402576580157 0.0005655230500880734 1.979326798914655e-05 0.0 0.00010848196175840633 0.0002869930758377645 0.0010788687898396847 5.357418127964725e-06 2.403358960310791e-05 0.0017865338316167664 6.006927786124211e-06 0.001546269202144927 0.0012559744932105963 8.41603402490354e-05 1.825685625658833e-06 8.633790084411604e-08 1.3130459549509995e-07 0.0 0.0 8.326981922528524e-08 2.9719196835277686e-07 1.0657270851775202e-07 0.0 0.0 0.0 0.0 0.0 1.4276678059211062e-07 0.0 0.0 6.714310123247758e-05 1.359983317321201e-06 5.893162308492198e-06 0.0 0.0 0.0 1.6345742700304882e-05 1.0454357454746551e-07 0.0 0.0 0.0 0.0 0.0 1.2919337206784748e-07 1.5420530866815682e-07 0.0 2.0427482294407325e-05 1.015197115393186e-06 1.5656486994841564e-07 7.592862901837459e-08 1.4291473774203873e-06 1.2297419960339393e-07 0.0 0.0 2.054290040228918e-06 1.2842501191018002e-06 2.2987304822164728e-05 0.00011552207001308669 3.699962136655483e-06 1.4752877294791448e-05 1.31417429611101e-07 0.0 0.0 2.999801451447637e-05 2.336554441879124e-06 2.852272643061531e-07 4.1373218189626394e-07 2.878639062464794e-07 1.0294129493258075e-07 1.3975660389423408e-07 1.226385521938785e-05 3.0565897711569003e-07 0.0 5.7628220280872805e-05 1.4673709554307715e-05 2.053823966482357e-05 2.2724199198937e-06 2.3430222632952012e-07 4.000994414552137e-07 5.193383746392651e-07 0.0 1.4717983621701674e-07 5.150386353332173e-06 0.0 2.145152126534558e-06 1.2453104123627406e-06 2.3463392508601657e-07 0.0 1.044050822348272e-06 0.0 3.533592006373424e-07 1.7503874447520397e-07 9.935142653888609e-08 8.499141868604668e-08 1.199170064361792e-07 5.7916889513232026e-05 0.0 0.0 1.1613788863778188e-07 0.0005473584133154525 9.378909822741563e-08 1.0428020251561287e-06 1.0389897550659173e-06 3.0481477517285963e-06 2.447756020543222e-06 8.155862560750175e-06 2.969464980174631e-07 1.2839532512170513e-05 0.0001256756305969079 5.806822338165973e-07 5.501877149776314e-06 6.868452403335989e-06 7.824424322293863e-06 2.07829776401764e-06 1.29677052643562e-06 0.0 0.0 0.0 0.0 0.0 0.0 0.0 0.0 0.0 0.0 0.0 0.0 0.0 0.0 0.0 0.0 2.2092971311907925e-07 0.0 0.0 1.4516303798321953e-07 2.388248360089157e-07 0.0 0.0 1.1871580056951588e-07 2.6925500139362557e-07 0.0 2.0822614715044882e-06 4.739653987197217e-07 0.0 0.0 0.0 0.0 0.0 0.0 0.0 0.0 0.0 0.0 0.0 0.0 0.0 0.0 0.0 0.0 0.0 0.0 0.0 0.0 0.0 0.0 0.0 1.7669977574032393e-06 0.0 0.0 0.0 0.0 0.0 0.0 0.0 0.0 0.0 2.6932976785965377e-06 0.0 0.0 0.0 0.0 2.339833083157962e-06 0.0 4.725786563427268e-07 0.0 0.0 0.0 1.0172813882119351e-07 0.0 0.0 0.0 0.0 0.0 0.0 0.0 0.0 0.0 8.461849665751273e-07 1.3647782735512663e-07 3.3726509527493016e-07
4.305294796952711e-05 0.0011619119614066004 0.00032322191779501517 0.00010848196175840633 0.0 1.1293211734074616e-05 0.001225708261269483 0.00047261922217546604 0.002451185562492427 0.00014642784769173075 0.0007585291825780482 4.1757386609024945e-05 0.0005073163334942945 0.001428836022843018 1.732615310642864e-05 1.5901931495444004e-06 4.177177474425063e-07 0.0 9.458177074204857e-08 0.0 3.4546954356760193e-07 0.0 0.0 0.0 8.335771811078427e-08 2.1824098244934528e-07 0.0 1.2672461517281079e-07 0.0 0.0 0.00023882835837567236 2.270731930580762e-05 4.148413147455417e-06 9.014642422488997e-08 1.1836540884390957e-07 0.0 5.129260390142394e-06 0.0 8.914221817631551e-08 0.0 0.0 5.815955990688324e-07 2.8594652431004575e-07 4.491860556771628e-07 9.235285059214164e-08 1.5065131129767415e-07 0.00015509961275930522 3.577093893183436e-06 3.8283039100727155e-07 3.7095380902559005e-07 3.907995500050413e-06 0.0 1.5901437930724172e-07 0.0 4.980977574065715e-06 6.797071231308337e-06 2.3918953333393175e-05 0.0001340174777920223 1.009986828982598e-05 5.2211926435191554e-05 6.504994454634365e-07 1.2199051253755422e-06 1.9599216966645701e-07 0.00013430759557393824 5.372698527840749e-06 1.5529012848416767e-06 6.77533942384982e-07 1.7242246664460512e-06 6.991006105816601e-08 7.97663104552338e-07 9.285461877963417e-06 9.987226649187033e-07 0.0 0.00012720993191083751 6.836340810113967e-05 0.00011181338261523757 3.7710222292103205e-05 1.891802488324649e-06 2.765290213511882e-07 4.921627917894323e-06 2.274479325112081e-07 8.156429882894436e-07 1.4912726547817108e-05 1.557583805973533e-07 5.1870148746260116e-06 3.4444672097196944e-06 5.442887272393165e-07 1.9818281792338563e-07 2.698229971340246e-06 9.84583706159696e-08 2.7413910360886494e-06 1.2241397862322948e-07 7.322823891349399e-08 7.128786881812374e-07 1.6935176706327712e-07 2.9779741969043362e-05 1.0102724716176622e-06 0.0 8.86232610462691e-07 1.5227871679240941e-05 1.073107967510228e-07 0.0 5.70440544053144e-06 4.0551100258467735e-06 1.5722551924327282e-05 2.399192868970864e-05 5.133691022839194e-07 7.657556140708861e-05 2.0477614220273456e-05 6.622733818088433e-06 2.336114538965618e-05 7.041810982628487e-05 2.836140196823404e-05 2.4356180413296084e-05 1.2010705908398633e-05 8.109007294599953e-08 3.5852765780989023e-07 0.0 0.0 0.0 0.0 0.0 0.0 0.0 0.0 0.0 0.0 1.6335762710756357e-07 0.0 1.068047813234686e-07 0.0 0.0 0.0 0.0 1.3373629242916433e-06 2.469691962798992e-06 0.0 0.0 0.0 1.1680833043792939e-05 4.293471581909975e-06 2.220010611476056e-05 1.5675845850253239e-06 1.1353867727156379e-06 2.6650717551257425e-07 0.0 0.0 0.0 0.0 0.0 0.0 4.0668328912962935e-07 3.0019764088371156e-07 0.0 0.0 1.7631725158532763e-07 4.561715587189546e-07 0.0 0.0 4.009960547231922e-07 1.879765785237091e-07 4.771602462622113e-07 3.249458605384835e-07 0.0 0.0 0.0 2.605235829497097e-05 3.5717422327401885e-07 9.702143991633956e-08 0.0 2.0621449151206085e-07 0.0 0.0 0.0 0.0 0.0 1.4342932704749405e-05 4.407694989944083e-07 0.0 1.259113492822954e-07 0.0 2.5360646492973753e-05 1.86742508469603e-06 8.889655847662587e-06 4.59065614476305e-07 4.1754512152480516e-07 6.009785984384376e-07 0.0 9.898996376030132e-07 0.0 0.0 0.0 0.0 0.0 0.0 0.0 0.0 1.2040636185645957e-05 1.9094724502084907e-06 9.157663046027044e-06
4.6294199969217984e-05 9.996407101085985e-05 4.17563771210629e-06 0.0002869930758377645 1.1293211734074616e-05 0.0 0.00013407504880947777 1.2841834831305134e-06 9.647950619210945e-06 0.0005655524167966489 0.0 0.00023144869374382027 0.00010494775343861931 1.3991304368901218e-05 0.0 0.0 0.0 0.0 0.0 0.0 0.0 1.7689752963440985e-06 0.0 0.0 3.579917295739524e-07 0.0 0.0 0.0 0.0 0.0 9.169479558923472e-06 0.0 1.2148253935287345e-05 0.0 0.0 0.0 1.3603276439763672e-05 1.6072469806160835e-06 7.989031030640134e-07 4.133254204537512e-07 0.0 0.0 0.0 0.0 0.0 1.8071836372852323e-07 1.4800258655756088e-06 1.6695667291047755e-07 0.0 0.0 1.9036319862068584e-07 2.194005029272637e-05 8.583826023301726e-07 1.3727994779951574e-07 1.4223413918069786e-07 6.609134040574821e-07 6.186463925059552e-05 6.245912361805045e-05 3.449466436007281e-06 1.6968928065871734e-06 0.0 1.8049652133321635e-06 0.0 1.6651886247332548e-06 9.695040798632524e-08 0.0 0.0 0.0 0.0 0.0 8.782077913233835e-05 0.00011263811350426353 7.078865894335006e-06 9.562275960330516e-06 1.715336639808323e-06 1.8079817810777275e-06 1.3860805485010636e-07 9.152279890230264e-08 0.0 1.6096433191633535e-07 9.857900248645091e-08 1.1563800455819982e-06 7.329994849745361e-07 7.255858223157513e-07 0.0 2.0580193754854855e-06 0.0 4.702358213472733e-06 6.134497433061599e-06 1.300694579669547e-05 1.5660748031450676e-06 3.899949820260932e-06 0.0 0.0 2.214645031398575e-06 8.132270078546501e-05 3.248105047085818e-05 1.2247984171734254e-05 4.570967119035914e-06 0.00025680528603342457 0.0 0.0 0.0 2.0040874205834474e-07 0.0 3.384419137151789e-07 0.0 1.3486638318074817e-06 1.1629544777891221e-05 0.0 2.1085716496880985e-07 1.2940771766277162e-06 8.762208347510686e-07 4.41939824941768e-07 0.0 0.0 0.0 0.0 0.0 0.0 0.0 0.0 0.0 0.0 0.0 1.0609236548916319e-07 0.0 0.0 0.0 0.0 0.0 0.0 1.2127671028549652e-07 0.0 0.0 0.0 0.0 0.0 0.0 0.0 0.0 1.1356696695672522e-06 0.0 4.6109288185488587e-07 0.0 0.0 0.0 0.0 0.0 0.0 0.0 0.0 0.0 0.0 0.0 0.0 1.855583278129386e-07 3.4228717378488343e-07 0.0 0.0 0.0 0.0 5.136608789721616e-07 0.0 0.0 0.0 6.005115785462983e-07 3.31308719986188e-07 0.0 0.0 0.0 0.0 0.0 1.2114035440879949e-07 0.0 0.0 0.0 2.3132108324828184e-07 1.311909633435146e-07 9.917132749134903e-08 0.0 1.003472275143746e-06 0.0 0.0 0.0 0.0 0.0 0.0 0.0 0.0 3.2607809719422746e-07 0.0 0.0 0.0 0.0 1.0016045878299673e-07 0.0 3.6234518952454774e-07 3.143911230569601e-07 6.085507117387825e-07
0.0003677167408153689 0.0010304860809435756 6.518853823655323e-05 0.0010788687898396847 0.001225708261269483 0.00013407504880947777 0.0 2.2643311671480094e-05 0.0007888293475805871 0.0013605666611862925 0.00014367492997844906 0.0005828353148256795 0.001765284331943684 0.0012797903679463581 1.98042537740518e-05 3.2672263942578856e-06 5.191947891012157e-07 1.3737185715197643e-07 1.0566755356381622e-07 2.2189022333790767e-07 2.2140607949577343e-07 0.0 1.0782134339757253e-07 0.0 2.2837827969015613e-07 1.2874682381734892e-07 0.0 0.0 1.832499287292482e-07 0.0 0.00015694634281326395 1.6421846504897022e-05 9.640161514624824e-06 1.988714685285117e-07 2.3904785313965467e-07 2.1800038824671174e-07 9.719418675672078e-06 3.126746499603756e-07 4.027820989388911e-07 2.5417909475456634e-07 4.1641592822510294e-07 3.587709639809076e-07 4.185284433879198e-07 7.14906205791315e-07 8.15351062814906e-08 2.0097818778882236e-07 0.00014782519331053948 4.607829207761435e-06 3.755437715556962e-07 3.9465247662676556e-07 3.903541893397004e-06 0.0 2.768554652462526e-07 0.0 7.4272421607841054e-06 8.904147781618328e-06 3.0447649289331337e-05 0.00018108501917586868 1.0339910461488578e-05 6.264706178265791e-05 1.6066025330667103e-07 1.381956943087781e-06 6.167587106135029e-07 0.00011929642610222787 5.798919276803622e-06 2.3916008196595416e-06 1.1206838327410017e-06 1.6781333773444952e-06 1.7403641854436194e-07 7.598364748519859e-07 2.123692989575053e-05 2.6473242214779046e-06 0.0 0.0001637452695314098 7.110216613378922e-05 0.0001220208714410665 3.678294369523701e-05 2.0139287074896117e-06 2.718983387172435e-07 3.87234623604862e-06 2.670334867434202e-07 1.13633998564298e-06 2.1020768878080384e-05 7.16182765153572e-08 7.461339935401843e-06 4.0874463059875495e-06 7.836723031284562e-07 0.0 3.19373443163584e-06 1.7141126696384677e-07 1.8114842713379568e-06 2.4265121374513443e-07 3.512288581711344e-07 8.654056062814121e-07 4.072189671340704e-07 0.00013764875588021956 2.6071529429418976e-06 1.0010274998943177e-07 5.702758024564948e-07 8.791832415799112e-05 8.321978442305493e-07 7.412382961384258e-07 1.5469529710649385e-05 9.605873570832556e-06 3.3464216108362695e-05 8.02682909607698e-05 1.4724428164825544e-06 0.00019003656081650048 5.701980647957781e-05 1.695528779819674e-05 6.0325841567478664e-05 0.0001526512296653941 7.048695488180377e-05 5.894637270997829e-05 3.38118285330234e-05 3.9523859994835194e-07 1.0897675690032776e-07 0.0 0.0 0.0 0.0 0.0 0.0 0.0 0.0 1.5824794052168862e-07 0.0 4.814487677578892e-07 0.0 6.208344879958361e-07 0.0 0.0 1.6919606896818143e-07 0.0 2.1832566484565882e-06 3.033725909644002e-06 0.0 0.0 0.0 2.0804840393100873e-05 6.05279688994568e-06 3.755732763514798e-05 3.67177642606252e-06 3.4947552665137773e-06 0.0 1.6068626385630784e-07 0.0 0.0 0.0 5.116710922139882e-07 0.0 6.840228779289759e-07 1.714270619817034e-06 0.0 0.0 0.0 1.2386196414460586e-06 0.0 0.0 0.0 9.507085158398379e-08 1.2840323703585203e-06 1.4116862371021042e-06 0.0 0.0 0.0 4.416786879505924e-05 1.035164175365283e-06 0.0 0.0 0.0 0.0 0.0 1.0197895193711384e-07 0.0 0.0 3.223885315675914e-05 1.2929963253479838e-07 5.355894360172704e-07 9.671801055596415e-08 0.0 3.756881905675203e-05 9.916173753831088e-07 8.767109510103594e-06 8.276044934307167e-08 5.976810139589921e-07 1.528125336831858e-07 3.620340165137994e-07 3.3387013692817566e-07 0.0 1.6501856233789288e-07 1.51591512187184e-07 0.0 2.5502893502169005e-07 0.0 0.0 0.0 2.4975620915727543e-05 3.380351177812977e-06 1.799386939187637e-05
5.815129873043395e-05 0.0005611867887714302 0.0028537426927180837 5.357418127964725e-06 0.00047261922217546604 1.2841834831305134e-06 2.2643311671480094e-05 0.0 0.00023111628010975263 1.8675479415979287e-06 0.001180700222011238 1.7184302098721544e-05 0.00017957818350096655 0.001163041173615689 5.9158616705243274e-05 4.182947506375972e-05 9.56892812120355e-06 4.5835012214719205e-06 4.439583206919353e-07 9.588714919815785e-06 3.557371176828617e-05 9.09173820560143e-07 2.6742374149617354e-05 1.5739784319242453e-05 1.5799186158825448e-05 1.842895993439277e-05 1.930964001615044e-06 3.2560273241982166e-06 4.89283590314771e-07 0.0 0.0011134604453684259 0.0029687836452834395 0.0005664733994270332 1.1481197165382901e-05 1.2633214898229732e-05 4.390640163356823e-05 0.0001860551825021017 7.316179912370009e-05 1.4032822697688427e-05 1.512872078281315e-05 1.4776930939441336e-05 3.4504732390530106e-06 7.76146334545019e-06 2.049434807289091e-05 1.9608080166261143e-06 1.5213573694984235e-05 0.00014115350819260172 1.591085772634457e-06 3.6232486396399692e-06 4.631675728362132e-06 1.4679414832433977e-06 8.298215174400071e-07 2.907945796637241e-06 1.011770398611684e-05 1.6226309695687552e-06 1.3852997653640344e-06 1.234528457242839e-05 0.00014154887915824883 4.252825120524624e-06 2.743365843448385e-05 0.00012018499135041434 0.0002909670100424181 3.440648315257832e-05 0.0003236602097451971 9.522162755790792e-07 1.4154563127515507e-06 0.0 2.995164099806152e-06 5.645914680302149e-06 6.247114471210302e-05 0.00012559442213064888 5.465170928221224e-06 0.0 6.478290832057978e-05 5.4564598673269116e-05 0.00011044888545986545 0.0001969137588444634 0.00023548547051171546 0.0006978986143351437 0.0016044457131865226 0.00011149559133983962 0.0018736042925055335 4.6678175561577745e-06 0.0 2.947139880600296e-06 5.893542430424825e-07 4.987698616230492e-06 0.0 9.318684511880805e-07 1.7982466531933125e-07 9.073027246875981e-07 3.665409901061538e-07 1.854631607169105e-05 2.4498807361822595e-06 4.14827247001314e-06 8.604689987351379e-06 1.5908383883663447e-06 1.3526229742602676e-07 1.3639560115002908e-05 2.4188011632541304e-05 2.4620509614438897e-07 0.0 0.0 0.0 3.011437594099692e-07 9.783473015370324e-07 9.204731117157733e-08 2.8018412036198025e-06 1.9309022823545184e-07 9.25944220502152e-07 1.0885278274861117e-06 3.6082075895721084e-06 1.9848719004783263e-06 1.7832878413687134e-06 2.070619322620209e-06 0.0 1.1318983021822416e-07 0.0 4.907872313788361e-07 0.0 0.0 0.0 0.0 1.437969633752547e-07 0.0 2.2807645992697614e-07 0.0 2.8829506999403626e-06 0.0 1.2677435037354634e-07 0.0 1.2192767670351106e-06 2.4180443036007935e-07 1.0863641501267269e-07 2.0425481368966037e-07 7.324549136074397e-07 1.143142961715415e-07 0.0 4.128675914968579e-07 1.305145788158395e-06 2.514829125966395e-06 6.610728278966743e-06 3.158098997996505e-06 3.741497778757057e-06 2.246224334209581e-07 0.0 0.0 2.172621444641321e-07 0.0 5.356704839701688e-07 0.0 0.0 5.129820076844498e-07 0.0 2.39042064000162e-07 5.323096179740952e-07 2.124092129777737e-06 1.4652898341762785e-06 0.0 0.0 0.0 0.0 0.0 0.0 0.0 0.0 4.187115742943757e-06 9.638410705709078e-08 0.0 0.0 0.0 0.0 0.0 0.0 0.0 6.090690764288528e-07 2.1411495317205086e-06 1.3432197818378195e-06 0.0 0.0 2.221676962527537e-07 2.105065460059526e-06 4.27878437946758e-07 2.65999450395226e-06 0.0 0.0 8.28874249201467e-08 1.982751601087056e-07 2.4075784726937704e-07 0.0 0.0 0.0 0.0 0.0 8.782823229775856e-08 0.0 2.3712054986252505e-07 5.823005688253556e-07 9.92909868404997e-07 6.4762882151870345e-06
4.593545256757586e-06 0.0007042521706965505 0.0002723567265898554 2.403358960310791e-05 0.002451185562492427 9.647950619210945e-06 0.0007888293475805871 0.00023111628010975263 0.0 8.152425422841284e-05 0.0005541412261734737 2.3132431028776823e-05 0.0008958815540342963 0.0005955340282036794 2.628818086700772e-05 4.968731359585229e-06 3.624994335717568e-07 2.577639247032586e-07 1.0649207987168598e-07 8.45399604878008e-08 2.992471466877672e-07 1.0945357639892149e-07 9.924143288852398e-08 0.0 0.0 0.0 0.0 2.788159208151971e-07 0.0 0.0 7.160766615885325e-05 2.1730032235122378e-05 1.0879826224246577e-05 0.0 0.0 0.0 6.7689702545105896e-06 8.724661990612739e-08 0.0 1.0396404516396957e-07 4.0612780225886324e-07 0.0 2.0374388155134536e-07 6.268057892552097e-07 7.506821139825244e-08 3.729068590948329e-07 0.0001213772949204816 2.438997904630396e-06 3.719226986180534e-07 3.7091114117388473e-07 1.4020965613474447e-06 1.8684747314318147e-07 0.0 7.694811947729202e-08 2.535806316386827e-06 2.5635711849433245e-06 8.109831624780433e-06 3.390955628177292e-05 3.848744286302452e-06 3.860236276675933e-05 2.812736201832821e-07 1.3990882850563413e-06 1.1004586082573906e-07 4.695867421481554e-05 2.22588764173868e-06 1.2879417911365981e-06 5.20546938664536e-07 1.1792807655180683e-06 1.222957205704607e-07 4.5541327612759344e-07 1.2779429537459614e-05 1.7819199745621907e-06 0.0 5.981721057829697e-05 3.8600427828040034e-05 9.213193117909202e-05 4.700033711654075e-05 2.588537430624926e-06 9.64109562203924e-08 4.6725285225241004e-06 4.224436262534368e-07 1.5953080030725326e-06 7.676776133871062e-06 0.0 2.775639822033178e-06 1.4427643735661818e-06 5.775618538149425e-07 9.319816640328331e-08 1.3997609276086874e-06 0.0 4.165360663956041e-07 4.7221486032451e-07 1.6097499718850833e-07 5.046763644218832e-07 9.20773457142026e-08 4.433119306022158e-05 1.6834507898877532e-06 8.50373395472099e-08 6.411992266834142e-07 8.11959958709503e-06 1.6291651970136642e-06 0.0 9.127376330920112e-06 6.1595708184018994e-06 2.3710496307785175e-05 4.784271686684868e-05 7.343127607366833e-07 9.6103879932079e-05 3.013273468198315e-05 1.2412873465833517e-05 3.339474104432809e-05 7.487366674340163e-05 4.241612410143176e-05 3.467313037657291e-05 2.384253583318628e-05 4.892717685673021e-07 0.0 0.0 2.4463575240488926e-07 0.0 0.0 0.0 1.4130249350317197e-07 0.0 0.0 1.827283583708139e-07 0.0 8.162364291915571e-07 0.0 3.803428126458701e-07 0.0 0.0 0.0 0.0 1.1110015375174715e-06 3.6760598347200475e-06 0.0 0.0 0.0 1.5350098045108714e-05 8.1154380276504e-06 2.7289700687227406e-05 1.8410835328931361e-06 1.0836832916046205e-06 0.0 1.3187703047751187e-07 0.0 0.0 6.993039202912755e-07 0.0 0.0 1.4271113451764065e-07 5.637937990012628e-07 0.0 0.0 2.2493391076731056e-07 8.861529354015181e-07 1.3642461596549007e-07 1.9969497362135417e-07 0.0 1.1639937378888866e-07 8.563918416980658e-07 1.3741789974738135e-07 0.0 0.0 3.93159223551323e-07 3.0159695969284354e-05 0.0 8.3951449822475e-08 0.0 1.9607695080276668e-07 0.0 0.0 0.0 0.0 0.0 2.3139153775220984e-05 1.310223641240073e-06 2.787651373473804e-07 1.178113016278824e-07 1.068757118082815e-07 2.586849471069248e-05 6.011784251961386e-07 5.152085817449991e-06 3.056125152134528e-07 6.925320608436143e-07 2.0007542017862595e-07 4.040983301379055e-07 2.3712349177336536e-07 0.0 0.0 0.0 0.0 8.748693682521041e-08 0.0 0.0 0.0 2.0265576016744017e-05 4.442623222032465e-06 8.625841988142848e-06
0.0006172849214203625 0.0007496633739069987 4.6846370082361625e-06 0.0017865338316167664 0.00014642784769173075 0.0005655524167966489 0.0013605666611862925 1.8675479415979287e-06 8.152425422841284e-05 0.0 3.052130064265381e-06 0.0015096247775032833 0.001923818645647911 0.00021744610083019184 4.196818266340445e-06 8.925045411948816e-07 4.4397947539793204e-07 0.0 0.0 0.0 0.0 1.0243014434893207e-06 1.1418385116857883e-07 1.1190035350032336e-07 0.0 0.0 0.0 1.4277221805490518e-07 0.0 8.08716817164439e-08 1.692366726805589e-05 1.1042820440827691e-06 9.812141190549194e-05 1.538489925427893e-07 4.933229421067911e-07 0.0 0.000125919542104968 1.645076531938236e-06 7.021520551874628e-07 5.667041265689164e-07 2.280360035806612e-07 1.3592595193353e-07 0.0 3.1326477022289686e-07 9.45275381373846e-08 1.2806178466139242e-07 1.7581283750409243e-05 9.420026374427148e-07 1.202432947819348e-07 0.0 4.2215069308989865e-07 2.85889605436449e-06 1.0778562251325859e-06 1.9223298246862652e-07 1.9045910964819078e-06 1.895958441231149e-06 2.5855711634680206e-05 4.102770816266043e-05 2.6049413022912946e-06 8.76757632710533e-06 0.0 2.689158254494852e-06 0.0 1.8339461920843127e-05 6.821556775521639e-07 3.631249582095636e-07 2.1412783941783298e-07 5.175633947135316e-07 2.6972756019376086e-07 3.3271255249811065e-07 0.00015486410148201344 7.777902283341172e-06 5.737741808045612e-07 2.6528359719171656e-05 1.0630981496909927e-05 1.6673757210555323e-05 5.5952926794311125e-06 5.803563715406875e-07 8.875558346175881e-08 1.1538050687980906e-06 3.0346393966304785e-07 6.887822336563654e-07 3.384260585065028e-06 0.0 8.05890952871464e-07 8.266182161307348e-07 1.431965565693124e-07 3.2751281638846725e-07 1.2937137187601706e-06 1.1987702485340675e-06 3.8649481486097565e-07 4.58250624017366e-07 0.0 8.172773719290621e-08 4.15443379842376e-07 0.00019316181287950138 7.194765407038558e-06 2.0914952504406127e-06 4.901385231310045e-06 0.0004844575861315712 5.767238555843278e-07 8.893161793822676e-08 8.781780501602806e-06 2.522426120393134e-06 1.5649465634302592e-05 4.208567775357657e-05 1.8800689034988485e-07 0.0001004202173773538 2.9240410625327565e-05 7.839206612705029e-06 2.457692032920637e-05 6.859937974351835e-05 3.0514065996960412e-05 2.159476822665396e-05 1.4218803551528168e-05 3.2827364187287654e-07 6.195651853469853e-07 0.0 0.0 0.0 0.0 0.0 0.0 0.0 0.0 0.0 0.0 1.2525612148952118e-07 0.0 0.0 0.0 2.1728403633859245e-07 0.0 0.0 2.6687419072518187e-07 4.0491209649141434e-07 0.0 0.0 1.1832873978511328e-07 3.859038296090372e-06 2.1566447857700664e-06 1.0100029053418132e-05 3.47454278354746e-07 3.7224482094753856e-07 0.0 0.0 0.0 0.0 0.0 0.0 0.0 8.000765264715222e-08 0.0 0.0 1.69923471640239e-07 0.0 2.4612816010365364e-07 1.2489770882999158e-07 1.5544649747019522e-07 0.0 0.0 5.781106791174839e-07 1.2444634260872834e-06 0.0 0.0 4.964755208153676e-07 1.0207595897857465e-05 0.0 0.0 9.759795975886084e-08 0.0 0.0 0.0 0.0 0.0 0.0 1.2192438548302725e-05 3.9701844248073906e-07 0.0 1.0583528982281034e-07 0.0 1.0196991580724514e-05 4.0301559874044045e-07 2.4714324040151585e-06 9.805739154993615e-08 0.0 0.0 0.0 9.828547417773132e-08 0.0 0.0 0.0 1.2697756540097383e-07 0.0 0.0 0.0 0.0 7.960042415093224e-06 1.865064224917194e-06 4.451554491378039e-06
2.1523923706504684e-05 0.0006401743394006499 0.001935610314580706 6.006927786124211e-06 0.0007585291825780482 0.0 0.00014367492997844906 0.001180700222011238 0.0005541412261734737 3.052130064265381e-06 0.0 2.043949441394108e-05 0.0004689236067695628 0.0015543220439047589 2.442822514514905e-05 9.609602851985018e-06 1.5277259267849395e-06 1.782569447030539e-07 1.0369332173652284e-07 4.343409098192156e-07 1.1695886436360303e-07 3.17501838712429e-07 6.990233634423072e-07 2.8900795112366527e-07 3.62898647491286e-06 2.8991958910227133e-06 0.0 3.394904310277212e-07 0.0 0.0 0.00025092905014083115 4.2615947497915065e-05 0.00045507271390772395 5.262432693240313e-07 8.426643311498755e-07 4.752394314201627e-06 0.00017624747269967786 3.383752780820423e-05 6.3786526936516045e-06 7.479798058870362e-06 2.06428714696442e-06 1.2783494710436892e-06 5.772205110013003e-07 2.709684527758112e-06 8.884755503394302e-07 9.948790144461944e-07 8.011670039540449e-05 7.083080070024091e-07 3.0441251992619267e-07 1.0297032178620558e-07 1.1799586223537658e-06 7.396008353276986e-07 3.0450509746437994e-06 1.8226006094543842e-06 1.3771368960779064e-06 1.4757815403726702e-06 5.138036407751759e-06 3.756150499299197e-05 2.4544035284630173e-06 1.8547408785296334e-05 1.6444007445846465e-06 7.904448578815278e-05 1.6687791220871981e-06 4.390784304138275e-05 1.4462741273028315e-06 8.933596633754911e-07 0.0 5.524883535034154e-07 2.1259356866596105e-07 1.2958473007098094e-06 7.993225594942885e-05 1.1160825421634066e-06 0.0 3.580955879537946e-05 2.8041791421935356e-05 6.592708243218926e-05 3.838525398715066e-05 4.014549515599056e-06 3.838112169126512e-05 0.0005321183593524969 1.658832474194869e-06 0.00020812726933097726 2.709037895755402e-06 0.0 1.1497341607854247e-06 4.448429025590288e-07 3.555738508289202e-07 1.7518586706927534e-07 8.721783719728725e-07 8.831379637271225e-08 2.2475539426491522e-07 1.9275772468035758e-07 6.31499780457836e-07 7.795248107517527e-07 2.216996213305199e-07 9.519288082829927e-06 1.0280486263383204e-06 2.8549410576389345e-07 1.2931480921033745e-05 8.658884847637343e-06 0.0 0.0 0.0 0.0 2.375738327217933e-06 2.5488133360626814e-06 1.068437498068298e-07 5.358752152652063e-06 2.8065023739182716e-06 3.019774496010314e-07 2.821336793636926e-06 5.170464833950465e-06 2.021106746760631e-06 1.9133262519641526e-06 2.010123207175839e-06 0.0 0.0 0.0 5.624487167869726e-07 0.0 0.0 0.0 0.0 0.0 0.0 0.0 0.0 8.581322626251921e-07 0.0 2.309616899518055e-07 0.0 0.0 3.699277990217299e-07 8.94306404098984e-08 0.0 5.358223812517189e-07 0.0 2.3123962951457784e-07 0.0 2.0601313766592825e-06 8.38890860467689e-07 2.253794919068891e-06 1.4504101563717775e-06 1.235111632566873e-06 0.0 0.0 0.0 0.0 0.0 0.0 0.0 0.0 0.0 0.0 0.0 0.0 6.983703065768427e-07 9.670060255940536e-08 0.0 0.0 0.0 0.0 0.0 0.0 0.0 0.0 3.3018432774971703e-06 0.0 0.0 0.0 0.0 0.0 0.0 0.0 0.0 1.9145210464940877e-07 2.058247917998194e-06 5.485314293190325e-07 0.0 9.060836509394629e-08 0.0 4.013760988811652e-06 0.0 1.5872972204323304e-06 8.874904362777576e-08 0.0 9.844086793722279e-08 0.0 1.0076693877499563e-07 0.0 0.0 0.0 0.0 0.0 0.0 0.0 0.0 2.7572500793934105e-06 1.6610086428400522e-06 2.394051546360784e-06
0.00015664124962308846 0.0003880607481954058 2.192815200823461e-05 0.001546269202144927 4.1757386609024945e-05 0.00023144869374382027 0.0005828353148256795 1.7184302098721544e-05 2.3132431028776823e-05 0.0015096247775032833 2.043949441394108e-05 0.0 0.0006962617394786627 0.0001101742406411068 1.838370339051237e-05 1.3083816932790925e-05 2.716915981309171e-06 2.034610996709599e-07 2.3992218904140783e-07 4.029371951257918e-07 6.419378086166652e-07 4.429376331796414e-07 9.261404087586296e-07 2.2502330563137945e-06 0.0 3.1316672005424526e-06 0.0 1.269157893311344e-06 1.904320393343501e-07 0.0 7.0098473201806415e-06 4.0768588558100845e-07 0.00010124190697982016 2.2629400010839325e-07 3.4344846434630593e-07 1.2317814097846335e-06 0.00017788125749474649 5.4287772593316195e-06 2.411371136808059e-06 1.0155717322328843e-06 1.7736901108650633e-06 9.901792882081827e-08 4.5256146215210243e-07 3.4523673021191512e-06 5.825808010496795e-07 1.8114674990646603e-06 4.5397473556024736e-05 5.31255926956282e-07 3.281712092715249e-07 0.0 8.97992381676477e-08 1.911839173519968e-06 5.137552622349336e-06 1.2999912763195317e-06 1.210705628154475e-06 7.617946783374594e-07 6.516817764359288e-06 1.3530773182363424e-05 2.059265880016077e-06 6.038333881398361e-06 1.4501000316281108e-06 8.922532080032288e-06 1.3349255207268493e-06 3.711754113339204e-06 7.104367263453949e-07 2.1465724810882808e-07 0.0 2.7741895276190186e-07 4.655627873706518e-07 2.812387886352335e-06 0.00017054262439673823 1.1427184859118346e-05 2.3117099845432988e-07 1.5007380047079555e-05 7.4996736490858705e-06 3.0446586353274165e-05 1.9073261578514178e-05 3.141710032011728e-06 1.9802490155988617e-07 1.4328142690976907e-05 9.006304979537301e-07 1.9792561443607894e-06 1.0267573303698077e-06 0.0 1.979931762639044e-07 4.0643936752439017e-07 0.0 0.0 8.014476057094223e-07 2.3698737260213833e-07 3.5703217970303044e-07 3.4557165154430925e-07 1.0900758136292116e-06 1.2202861738410096e-06 9.79820684879029e-07 0.00041751147913769645 9.145237726661993e-06 1.2214394299424818e-06 1.9725308272952255e-05 0.00010702614130626485 7.15701881083909e-07 1.8068455542440618e-07 6.797592835481838e-06 3.000134272188061e-06 1.5335347608490794e-05 3.2785612832109846e-05 9.056499185994069e-07 8.101998207577741e-05 2.4395388496696933e-05 7.280401800789025e-06 2.6558427833395615e-05 7.219420285610928e-05 3.300917126768053e-05 2.7741988984504216e-05 1.6344590546574595e-05 2.1108806101019036e-07 9.034379600871726e-08 9.659986747442359e-08 0.0 0.0 0.0 8.655229513273683e-08 1.0161728626812628e-07 8.130022953040752e-07 0.0 2.8685197007355883e-07 0.0 1.0067925224811825e-06 0.0 0.0 0.0 3.6709102598809855e-07 1.1812229203726816e-07 9.192594889564596e-08 8.544760017286934e-07 2.934218845877142e-06 0.0 0.0 2.2566292303656357e-07 1.2745843858218504e-05 1.7512592377607443e-06 1.9840975462618595e-05 1.697924943881198e-06 2.4438317414246473e-06 1.3673030417234974e-07 0.0 0.0 0.0 0.0 1.315501740386285e-07 0.0 4.3477377649355314e-07 2.780269679579485e-07 0.0 0.0 2.6010275058435297e-07 6.102837271662072e-07 2.2507806439848783e-07 2.2437138359956786e-07 0.0 0.0 1.1081119453489823e-06 7.295927927994874e-07 1.0189914161567244e-07 0.0 0.0 1.938904814794641e-05 3.620042254396575e-07 3.4043980256343686e-07 0.0 0.0 0.0 0.0 0.0 0.0 0.0 1.635931487119769e-05 1.0300358363883784e-06 3.059695482182434e-07 3.3373150191595406e-07 0.0 1.7077914236886753e-05 1.1079247857154286e-06 6.287851555622961e-06 8.193626727258523e-07 8.130052710299827e-07 4.014514692842924e-07 2.158101525336022e-07 9.4706277819223e-08 0.0 1.1170041853440753e-07 0.0 1.272449614258149e-07 0.0 0.0 0.0 0.0 1.2036791385461159e-05 3.819936040323616e-06 1.0188264317678931e-05
