0.0 0.0015009933319986533 0.00011116464626162757 0.0011100670250693905 1.4617799881822017e-05 4.2565763475526604e-05 0.00029743204901780656 4.4768250704666874e-05 9.383146844292429e-06 0.0008508246079135136 0.0003133505548220809 5.762927724592138e-05 0.0001111838335499469 0.00031148474570837 2.0784979462726e-07 1.2296375212465125e-06 1.2718410775405411e-07 0.0 0.0 0.0 4.7600563922966964e-07 0.0 0.0 1.667909798136047e-07 5.2409926198575e-07 0.0 0.0 1.1973924237709315e-07 1.474764359170237e-07 0.0 0.0007579505824588003 1.0442657350530774e-06 2.0070077579019996e-05 0.0 9.722667248535028e-08 3.3277415620938937e-07 1.1293501056357907e-05 1.7504428225702464e-06 6.672124551626103e-07 7.745051161145802e-08 7.70675406842996e-07 2.7115026167393423e-07 2.0755107924971955e-07 8.980162506115172e-08 8.095836155469706e-08 0.0 6.210790678535563e-06 2.709854933084638e-06 1.6872386451388346e-07 0.0 1.997005801470815e-07 3.381643041316936e-07 5.799655646926431e-07 0.0 6.0925698331422355e-06 5.1427475280861995e-06 0.0002727575682185349 0.0006627261209355647 5.4695230746104675e-05 1.9004263576875193e-05 0.0 3.3061188281408577e-07 0.0 2.4132952295283624e-06 4.855760947413119e-06 4.991598362117449e-06 3.8530875540691583e-07 1.096922508807152e-06 6.419568834150001e-07 4.3879219085624854e-07 1.5988773146082085e-05 8.883250942365301e-07 1.3252583808430275e-07 0.0002938394039212059 2.0515720576508004e-05 1.0635859265732115e-05 2.830861972296553e-06 1.916276795745549e-07 7.521568413237642e-08 3.406959863356163e-05 0.0 3.8621485324118955e-07 1.2775013412010921e-05 2.4271529214944696e-07 4.195652850361484e-06 1.627722394809493e-06 2.990385712118768e-07 0.0 0.0 0.0 2.7146914995264474e-07 0.0 6.168921227289944e-07 1.523501864910974e-07 1.352994049419429e-07 0.00010261479980468569 5.951290730692182e-06 2.070269190483507e-07 1.7856381789061881e-06 0.0006196856909162613 0.0 1.9853726776601833e-05 3.958268252276054e-06 7.136162730622954e-06 1.558934721170369e-07 2.8795683346010754e-06 4.1769285633182775e-05 9.415319131332597e-07 1.6274576723151064e-05 1.1505278164495744e-05 2.664000686405752e-06 8.975395641023643e-06 2.9591295896440954e-05 9.982575301596706e-06 9.542417998883863e-06 1.1167296093505808e-07 0.0 0.0 0.0 0.0 0.0 0.0 0.0 0.0 0.0 0.0 0.0 0.0 0.0 5.734881177739427e-07 0.0 1.39407600161077e-06 0.0 3.8925882505429805e-07 1.2967299941561328e-07 2.225303424529203e-06 4.859077006900073e-07 0.0 0.0 3.44876715064667e-06 8.36188839176086e-07 3.8721948212418894e-06 2.8575808451473137e-06 6.276262884268413e-07 0.0 2.547597761867326e-07 0.0 0.0 0.0 1.2517915801002578e-06 0.0 0.0 3.318181552582427e-07 0.0 0.0 0.0 4.929431166459085e-06 0.0 0.0 0.0 0.0 1.3326748306280178e-07 0.0 3.889067819650624e-07 0.0 8.92171656984361e-07 6.169867112211472e-06 3.1020447906272147e-07 0.0 0.0 0.0 0.0 0.0 0.0 0.0 0.0 7.97720792132802e-06 5.241257385077158e-07 0.0 0.0 0.0 2.9364372876822505e-06 2.221861003409114e-06 6.422444442101732e-07 2.2811106480455728e-07 1.8258950338045128e-06 3.994127947141926e-07 4.39880436381732e-07 0.0 0.0 0.0 0.0 0.0 0.0 0.0 0.0 0.0 1.0030747762338003e-05 5.1638712768823375e-06 4.126620433222143e-06
0.0015009933319986533 0.0 0.001820400606687227 0.0004832786899631256 0.002223464859697437 0.00011446765117997279 0.0024944269505047596 0.0007194678053786802 0.002059292332026162 0.0010973506211920017 0.001724090676340743 0.000157777269615089 0.0007610288510796373 0.0018988250241095536 3.0449286291263238e-06 6.809373832780063e-06 7.511864912545811e-07 3.973214255498832e-07 0.0 3.7200379041587754e-07 7.873477673777292e-07 0.0 1.4237585359108413e-07 2.0414711087379592e-07 7.198433571216363e-07 9.667077069396842e-08 5.062433917167822e-07 2.85140993561736e-07 2.0374646614518232e-07 8.333132312243556e-08 0.0025218976365969257 2.196858676833396e-05 1.6134625508986633e-05 0.0 4.843174529461606e-07 2.7355085005940414e-07 9.98089590921758e-06 2.492859695539848e-06 1.6255115362076076e-06 1.8476202426774712e-07 1.1065621779436688e-07 3.7572399153057265e-07 7.13678291094172e-07 1.1115317777340547e-06 0.0 7.061963467548454e-08 4.6947679985687017e-05 1.4084708498198065e-05 1.4700264881051194e-06 1.0312266329925121e-06 6.113619476598591e-07 0.0 6.437520547062162e-07 0.0 1.3350701762940436e-05 1.1696502248011409e-05 0.00012963043005540607 0.000581285943423538 6.703121347808154e-05 0.00014663493227758446 3.2701221954939263e-07 5.93066730139603e-07 3.4691580032852464e-07 5.464853120293913e-05 1.028664858591242e-05 1.4241375807142234e-05 1.1263591887499527e-06 4.66482633747016e-06 1.3830802586558164e-06 1.1344755573561833e-06 1.1841835906403079e-05 1.2683912353694833e-06 0.0 0.0007467485927515388 0.00018861496399895069 0.00015592511524173237 3.745902138806634e-05 1.8619938653003837e-06 9.399378266881155e-07 3.5162050619758954e-05 1.5431822422997411e-07 3.4065125935249522e-06 3.752259632882894e-05 1.686041022918835e-07 1.6095166755582986e-05 4.5292197739797565e-06 3.1443059274407114e-06 5.822415924794906e-08 1.742557880325826e-07 0.0 5.819231840384424e-07 1.5722143270696137e-07 7.893688501841985e-07 8.891398322945376e-07 8.065826713686158e-07 4.648255694632079e-05 1.0693666294869846e-05 2.6942502244946237e-06 1.9114518045657014e-06 0.0003735143707323821 5.371719395364339e-07 4.430354570907437e-06 1.684813151206758e-06 2.2677348379816082e-06 7.637732510082648e-07 7.384497197868204e-07 1.6907108845544166e-05 1.6497879466204702e-06 5.891069191303654e-06 3.837270218236704e-06 1.873265856713295e-06 5.767872692277654e-06 1.0808494826026637e-05 4.0863697899209535e-06 8.885289391351274e-06 1.6050203021874027e-07 0.0 0.0 0.0 0.0 0.0 0.0 0.0 0.0 0.0 0.0 0.0 1.4875716864937025e-07 0.0 1.4068628602427257e-07 0.0 0.0 0.0 0.0 3.1089282919511864e-07 0.0 0.0 4.858674206188539e-07 1.3218554773123265e-07 2.5699043170740015e-06 3.2566615264680497e-06 4.524209082338063e-06 3.0792957922303602e-06 7.133337807989217e-07 0.0 0.0 0.0 0.0 0.0 7.911855221465542e-07 0.0 8.077177700839136e-08 1.3554711949179408e-07 0.0 0.0 0.0 2.2309412475626466e-06 0.0 0.0 0.0 0.0 0.0 0.0 8.766808934063317e-08 0.0 1.5353076987290418e-06 5.173902611867378e-06 4.923623191675987e-07 0.0 0.0 0.0 0.0 0.0 0.0 0.0 0.0 5.383412112383373e-06 1.2454680559012378e-06 0.0 1.2486672190459278e-07 0.0 5.047743522810408e-07 4.793094332772026e-07 1.6290330352317464e-06 1.4391024297255127e-07 2.588485846496885e-07 7.533661374025051e-07 1.5261511603872128e-07 0.0 0.0 0.0 0.0 0.0 0.0 0.0 0.0 0.0 5.253395950161835e-06 3.2107185558334814e-06 4.972951587918739e-06
0.00011116464626162757 0.001820400606687227 0.0 1.3135139103742182e-05 0.00162572253810185 1.160525102679951e-06 0.0002616112837167015 0.001860288806214085 0.0005196912296469372 0.00023204125502079837 0.0015649276833633997 0.00020535027240549937 0.00034704612434275863 0.0013785612805927712 5.791720841003849e-07 2.4753459495240576e-06 1.190336141449842e-06 9.123877172515088e-08 0.0 1.7919956072512613e-06 6.886749522581806e-06 0.0 2.10368087848589e-07 4.5770580080699497e-07 3.7170604128678025e-06 5.751907395544145e-07 1.1572852124920392e-06 2.949716709534173e-07 0.0 2.0835604965339683e-07 0.0022093778418950387 0.0007163497916892504 4.4042555556353155e-05 3.156147210087717e-07 4.4904469813798726e-06 1.6370778422951165e-06 2.3728984927491288e-05 1.7114672656924727e-06 9.517873980377525e-07 2.0072861590563196e-07 2.974348866988636e-06 4.252309734915305e-06 4.446180478086624e-06 8.111653708215076e-08 9.062911496936088e-08 1.9087754869986478e-07 9.76185343442717e-06 2.2207986033862044e-06 2.873114110510603e-07 2.021315705209813e-06 2.6412968453340983e-07 0.0 1.7434383495704405e-07 7.51548992175606e-07 6.321373671788048e-07 1.6985647628973581e-06 2.1242124057234857e-05 0.0001760766342473706 8.820701440979387e-06 1.8031502330012368e-05 7.07756969452888e-07 6.005634731982825e-06 7.433316144549149e-07 9.044322487961482e-05 5.380450403150305e-07 1.9602909767327652e-06 2.8526130792570344e-07 1.1536096625724064e-06 5.411857723786972e-06 1.1775396492551761e-05 1.7104466930528497e-05 0.0 0.0 9.163430804942731e-05 4.150598507526412e-05 2.3069409496256574e-05 1.3732296739169591e-05 3.378826263434531e-05 7.614537344823895e-05 0.00038534466484057065 4.72724706488839e-07 5.093289206922688e-05 4.388097759206018e-06 8.206747015880993e-08 1.6991870170350619e-06 2.1707347737620895e-07 9.535938093618783e-07 0.0 7.918961420049742e-08 7.427702306825699e-08 0.0 0.0 9.053669711818348e-06 1.5729605995236497e-06 7.096640809548976e-07 2.6579930137046206e-06 4.964379945394704e-07 0.0 6.225860670495639e-07 2.928787609186314e-05 0.0 2.03770626300132e-06 2.6399946447962065e-07 0.0 0.0 0.0 4.403901324354878e-06 4.7343460330420637e-07 1.5065655345039414e-06 5.594477522671331e-07 1.9014490232081243e-07 1.4782713151693383e-06 4.871567904291209e-06 1.8300036733664692e-06 2.0881893918648083e-06 0.0 0.0 0.0 0.0 0.0 0.0 0.0 0.0 0.0 0.0 1.3471066384973158e-07 0.0 0.0 0.0 0.0 0.0 0.0 0.0 0.0 1.0720695274312789e-06 9.17106296213357e-08 0.0 0.0 0.0 1.0110100140102782e-06 0.0 7.000100955659375e-07 1.448924371442494e-06 7.195596941858291e-08 0.0 0.0 0.0 0.0 0.0 0.0 0.0 0.0 3.2802859459543874e-07 0.0 0.0 2.7770737479080374e-07 9.192952367510674e-07 2.4749433065673703e-07 0.0 0.0 0.0 0.0 0.0 0.0 0.0 3.400481467936439e-07 9.468189288237765e-07 0.0 0.0 0.0 0.0 0.0 0.0 0.0 0.0 0.0 1.7364354738384697e-06 7.010675920423257e-07 1.5851396418730407e-07 0.0 0.0 6.153841770038997e-07 9.29267946090771e-07 5.508037331335249e-07 0.0 1.3443209508088656e-07 0.0 0.0 0.0 0.0 0.0 9.558838839033037e-08 0.0 0.0 0.0 0.0 0.0 2.9310854610417395e-06 1.293509231743523e-06 1.7111353560656958e-06
0.0011100670250693905 0.0004832786899631256 1.3135139103742182e-05 0.0 1.3390639854449302e-05 0.00043003720696265603 0.0005044412144999071 1.4964531792582884e-06 4.720559037596402e-05 0.0018063594838651238 8.268606629024743e-06 1.158798604045944e-05 8.017503459029662e-05 0.00018745683506094738 9.360278070527337e-08 2.97457045996493e-07 0.0 0.0 0.0 0.0 2.44103199581558e-07 0.0 0.0 0.0 0.0 0.0 1.5125308697477788e-07 0.0 0.0 0.0 0.0001813791703659492 1.5626966484423224e-07 1.745899022833589e-06 0.0 0.0 1.3040557349036037e-07 1.3734716409318534e-06 4.999631317847874e-07 2.792623643261538e-07 0.0 1.192278800377569e-07 7.928491127484182e-08 3.380573397717262e-07 7.89305938865496e-08 0.0 0.0 7.1464145674465895e-06 2.8442844909417214e-06 1.1461840169944098e-07 0.0 2.1668702401078397e-07 0.0 0.0 0.0 5.010095183760151e-06 4.394190185699162e-06 6.619926651886922e-05 0.00017921138749432707 2.476575390239558e-05 2.7319933091345696e-05 9.207750823938872e-08 2.2238012434291744e-06 0.0 2.3667307836706516e-06 3.6278983719717032e-06 3.3772424172509476e-06 3.1108711086337614e-07 9.222565713163719e-07 8.165284440680479e-08 7.300140422222852e-08 2.8316636824333748e-06 0.0 0.0 0.00022125443768937633 2.5526507324655578e-05 1.4648857854348097e-05 1.6765879711942169e-06 4.408187622167998e-07 0.0 7.455489771577147e-07 1.2323512924436958e-07 2.5084048845403895e-07 1.2258915449616127e-05 0.0 2.9996486823979524e-06 1.0286129638194147e-06 4.74219275917459e-07 0.0 7.916915208210633e-08 0.0 8.183083788702082e-08 0.0 1.5143778503602788e-07 1.0805135660027502e-07 0.0 0.00012441762377357312 8.475557017252526e-06 0.0 2.680330850383004e-07 0.00014831554933388553 2.5486045007214157e-07 9.455049426841246e-06 1.1113392313691232e-06 1.8451136430342402e-06 0.0 1.312062003772266e-06 1.7371461443099033e-05 3.8276308514636463e-07 6.069324866649949e-06 4.211724625044179e-06 5.95354898476617e-07 3.400546969063895e-06 7.588784250438289e-06 2.933762120410963e-06 4.147786979593882e-06 0.0 0.0 0.0 0.0 0.0 0.0 0.0 0.0 0.0 0.0 0.0 0.0 9.694772116099914e-07 0.0 1.4015909561520115e-07 0.0 0.0 0.0 3.962538064707573e-07 1.108539766423959e-07 1.502516329080917e-07 0.0 0.0 0.0 2.2645763164295985e-06 2.0899430078998505e-06 1.8402316431962468e-06 1.2059427891098605e-06 0.0 0.0 0.0 0.0 0.0 0.0 0.0 0.0 0.0 4.830555982106078e-07 0.0 0.0 0.0 5.644393391394391e-07 0.0 0.0 0.0 0.0 0.0 1.755976310491187e-07 0.0 0.0 1.5274999117514614e-06 2.057798788076357e-06 2.417440547092445e-07 0.0 0.0 0.0 0.0 0.0 0.0 0.0 0.0 2.9665331659761883e-06 0.0 0.0 0.0 0.0 1.5008022700739757e-06 3.6340193783847836e-07 1.3101216454360695e-06 7.805147870437843e-08 0.0 2.9246718128127605e-07 0.0 0.0 0.0 0.0 0.0 0.0 0.0 0.0 0.0 0.0 2.1300353244918582e-06 2.6462414081155053e-06 2.6682527974287174e-06
1.4617799881822017e-05 0.002223464859697437 0.00162572253810185 1.3390639854449302e-05 0.0 2.600108461205401e-06 0.002558116796036827 0.0006697232305635183 0.002639922757082052 0.0009862642164313654 0.0019697759888270775 4.070895267861823e-05 0.0011610650232150676 0.0018331126854788289 1.5182188982615533e-06 3.5834062660997787e-06 1.1992637906536636e-07 0.0 0.0 0.0 0.0 0.0 0.0 1.9713910810926963e-07 0.0 1.0666162841429492e-07 0.0 0.0 0.0 0.0 7.621452180861834e-05 2.454099960440184e-06 6.834622036061655e-07 0.0 0.0 0.0 4.449808872452984e-07 2.0403045773692255e-07 0.0 0.0 0.0 8.16064513352968e-08 0.0 0.0 0.0 0.0 1.1255108456227924e-05 1.1232690539244894e-06 9.577422360110881e-08 0.0 0.0 0.0 2.5661991618279203e-07 0.0 5.377933556015081e-07 4.0067228312702744e-07 3.3381344876230246e-06 2.063044561391148e-05 3.3331202267778975e-06 1.5871375241998855e-05 7.532511341184156e-08 0.0 0.0 1.1787199927181522e-05 3.55894371482612e-07 2.743304482250506e-07 1.470664376405558e-07 2.5283753993868445e-07 2.7480997037759395e-07 0.0 1.1699898808482599e-07 7.701539744858714e-08 0.0 4.588795752923745e-05 2.4752834345644094e-05 3.328060444456798e-05 1.2311669255747876e-05 1.934402098148423e-06 0.0 6.429821518905943e-07 8.138320850621976e-08 4.0982343151155433e-07 2.2330712929571564e-06 0.0 8.887908522785976e-07 2.605742057723546e-07 8.440615948585095e-08 0.0 0.0 0.0 0.0 1.308229533790844e-07 2.3618770548160188e-07 1.8951239083143883e-07 0.0 2.7842769920161454e-06 2.739989053782944e-06 7.689663828449485e-07 2.9227311652593433e-07 1.823077394186252e-06 0.0 4.327376255265912e-07 9.798900306827493e-08 7.022957069597925e-07 0.0 4.894114161416087e-07 3.893735548966513e-06 2.8567983153707445e-07 1.1524357364451798e-06 9.215156493809258e-07 0.0 1.3927918902954318e-06 3.4803736893637095e-06 2.9330855427340872e-06 1.5000628007977528e-06 0.0 0.0 0.0 0.0 0.0 0.0 0.0 0.0 0.0 0.0 0.0 0.0 1.692145543950314e-07 0.0 0.0 0.0 1.9815470752731384e-07 0.0 0.0 0.0 4.4221965155826597e-07 0.0 0.0 0.0 1.487417599446056e-06 4.2687850530719444e-07 7.881719970190826e-07 9.097863661027819e-07 1.9384702735919032e-07 0.0 0.0 0.0 0.0 0.0 0.0 0.0 1.0800256434045589e-07 1.9188810653589622e-07 0.0 0.0 0.0 0.0 0.0 0.0 0.0 0.0 9.788816485489939e-08 4.4566496485056607e-07 0.0 0.0 4.1348747190041155e-07 2.267798025371295e-06 2.2272535373734913e-07 0.0 0.0 0.0 0.0 0.0 0.0 0.0 0.0 1.1641869213547015e-06 0.0 0.0 0.0 0.0 6.839221641575741e-07 0.0 6.77415565457613e-07 2.766801540989672e-07 5.989302149097906e-07 0.0 0.0 0.0 0.0 0.0 0.0 0.0 0.0 0.0 0.0 0.0 5.126035018942687e-07 5.299347912822732e-07 2.5072949148577315e-06
4.2565763475526604e-05 0.00011446765117997279 1.160525102679951e-06 0.00043003720696265603 2.600108461205401e-06 0.0 6.727371410860832e-05 2.3261536075537484e-06 4.975609198390083e-07 0.0008168945864179335 4.61635271615118e-06 5.947492838601475e-05 4.165193403672051e-05 2.564808082208744e-05 1.9557747972407213e-07 9.003011455354382e-07 0.0 0.0 0.0 0.0 0.0 4.963280400678243e-06 0.0 0.0 0.0 0.0 0.0 0.0 1.6786835340082318e-07 0.0 4.2720960552014005e-05 0.0 1.4643133884021484e-05 0.0 0.0 0.0 2.323251671632533e-05 2.4638680814615702e-06 1.5952896413692647e-05 0.0 0.0 0.0 0.0 1.9518142303228374e-07 0.0 0.0 3.945624115769581e-07 8.171911458914305e-08 0.0 0.0 0.0 1.0193031909634298e-05 2.728043357146012e-06 0.0 2.1757400721599214e-07 1.7194092165950391e-06 8.745584267519068e-05 6.898811525294945e-05 6.094161954224901e-06 1.1985881200671637e-06 0.0 4.760764251445279e-06 3.7935360849700323e-07 1.2924160563790444e-07 0.0 1.7442535477467544e-07 1.1704356697558364e-07 0.0 0.0 0.0 0.00018309039393984045 0.0003769574314037709 1.51766643749779e-05 1.9458153327351184e-05 8.762718810976629e-07 5.947862842737452e-07 1.7858601399771265e-07 1.0389385904731364e-07 0.0 4.475474981472792e-06 0.0 5.2391371796412825e-06 7.907992791209264e-07 3.211844524486959e-06 1.468256445846544e-07 1.3384804982464647e-06 0.0 8.681808479199987e-06 5.349358960304e-07 8.131801250293305e-06 3.531000532893597e-07 7.522480104795897e-07 0.0 0.0 4.1852826513901233e-07 0.00034883794134522964 0.00029870248283008047 2.1060944803316846e-05 4.4164537283892574e-05 0.00019030854903616837 6.372000160369528e-07 2.0501991796545074e-05 3.793170369793982e-06 5.371430217581976e-06 4.775699625935182e-07 7.469861632604259e-07 4.170558981276801e-05 8.641580243660311e-07 1.0843435802670404e-05 9.898150402149552e-06 6.507522486057734e-07 4.638069498286014e-06 2.3065520845829953e-05 4.487560258284487e-06 5.108231766488598e-06 2.1020259644006579e-07 1.3047382875453422e-07 0.0 2.2089664639472567e-07 0.0 0.0 0.0 0.0 2.543341930459198e-07 1.1036217590419426e-07 0.0 2.0774965973758128e-07 1.4794069528803658e-06 0.0 1.7690192775455238e-06 0.0 1.9030871955601269e-06 5.49308230322055e-07 3.6372662032128837e-06 3.067462035804222e-07 1.5720694292418551e-06 0.0 1.1212960337616684e-06 2.621754700630768e-07 3.018133409502318e-06 6.555802897126799e-07 2.803076453188228e-06 5.728367144842259e-06 2.243140640287411e-06 0.0 0.0 0.0 0.0 7.109356178942377e-07 2.265194629982664e-07 0.0 2.925688937194334e-07 6.397419067542741e-07 0.0 0.0 0.0 6.1084281129308275e-06 0.0 0.0 1.439332620341015e-07 1.1098403236821874e-07 0.0 8.398078602752353e-07 4.006043828112613e-07 1.6258194506647142e-06 7.196748157860545e-07 3.2428560710759402e-06 1.6714255226754415e-06 0.0 0.0 0.0 0.0 0.0 0.0 0.0 0.0 8.03470446920581e-06 9.599283579955168e-06 0.0 0.0 9.605479717114543e-08 5.16008114435821e-07 1.7616589950594903e-06 9.273139288139978e-07 6.40704802906896e-07 1.1794706316949143e-06 3.068426903892442e-07 8.485871016059337e-07 2.82372540590414e-07 0.0 0.0 2.455221781455787e-07 0.0 0.0 0.0 0.0 0.0 9.362740531678758e-06 4.671624099034321e-06 5.409891322754642e-06
0.00029743204901780656 0.0024944269505047596 0.0002616112837167015 0.0005044412144999071 0.002558116796036827 6.727371410860832e-05 0.0 0.0002801682494345884 0.002505252543527527 0.0021214729247323364 0.0008791921647161771 3.3797090451022915e-05 0.002644655340099498 0.0019065788342865434 3.4783328411894273e-06 8.512723034001692e-06 4.933962970254186e-07 0.0 0.0 0.0 0.0 0.0 0.0 0.0 2.4485835231890503e-07 1.80149758927119e-07 8.457311012671683e-08 2.0929629483911356e-07 0.0 0.0 0.00017167469317818211 5.513634269570623e-06 4.444600661882092e-06 0.0 9.102026154150966e-08 5.467796304506659e-07 3.4372704374529834e-06 1.2795491240155616e-06 1.170154813541697e-06 0.0 9.274909034608218e-08 6.46749258780053e-08 6.686800090735343e-08 8.3291770038206e-07 7.838281646983246e-08 1.929175357956027e-07 3.717579101605198e-05 5.3223174919356045e-06 2.380237549977695e-07 6.546078165261692e-08 2.1243414393293566e-07 0.0 0.0 0.0 5.572662945677062e-06 2.8395244750398356e-06 2.924370548708459e-05 0.00013088430119277637 2.400489018320445e-05 9.295979346578894e-05 2.1177846220028265e-07 6.414618224099427e-07 1.7067861140682792e-07 3.3029150289755764e-05 4.234167046613574e-06 5.489998320834154e-06 4.389907516247543e-07 2.0628581438020564e-06 2.6117734199443304e-07 3.3038244810723025e-07 6.2468929477724926e-06 4.4370885732205874e-07 0.0 0.0003110367621909415 9.451826745735296e-05 0.00011141758572434425 3.526416279555454e-05 2.3912456635419688e-06 6.488247144240846e-07 3.009717944277665e-06 4.418259480429582e-07 1.8031267498775089e-06 1.4876299677076207e-05 7.68828570839106e-08 5.851817806647517e-06 2.2386382972101476e-06 1.0009741435733627e-06 0.0 1.8714790858677272e-07 0.0 1.939016302559056e-07 7.206445216896089e-08 1.3678953094234815e-07 4.3195025793468765e-07 8.908506310346229e-08 3.25965710435233e-05 7.67398795270373e-06 1.6488481484068223e-06 2.9662861941887464e-06 1.5321599649793776e-05 2.1777193696510646e-07 5.313574961472627e-06 6.677282872226359e-07 1.703044280820072e-06 4.6071393597716466e-07 1.6365971369812135e-06 1.0151078098983784e-05 1.0308683125749557e-07 3.6060774650641627e-06 5.36590867959076e-06 1.7704294021187087e-06 3.3547962490039166e-06 1.170836560319088e-05 4.392686709694757e-06 9.352719135249137e-06 7.574522114480983e-08 0.0 0.0 4.3582122009898705e-07 0.0 0.0 0.0 0.0 0.0 0.0 1.0474265900622119e-07 0.0 4.804008470458805e-07 0.0 1.336324278693448e-06 0.0 7.699557292270614e-08 0.0 4.345708551748534e-07 6.939658500325777e-07 5.794273643098148e-07 0.0 6.216046084098439e-07 2.7683167763033616e-07 4.876706735594635e-06 1.171837775124255e-06 6.531679196693224e-06 7.686420053548443e-06 9.997291751796487e-07 0.0 0.0 0.0 0.0 1.2858005542491108e-06 0.0 0.0 0.0 6.866250568433733e-07 0.0 0.0 0.0 1.8429835253354244e-06 0.0 0.0 0.0 0.0 0.0 7.670871545122979e-08 0.0 0.0 4.906817567733525e-07 3.913839971386326e-06 5.256013970739486e-07 0.0 0.0 0.0 0.0 0.0 0.0 0.0 0.0 6.384349821159998e-06 1.8006593720333263e-06 0.0 0.0 0.0 2.1822206018712743e-06 2.1707305998317397e-06 1.2519366225366272e-06 6.441713999574198e-07 7.813487054620437e-07 7.944148296134228e-08 1.8232155019824345e-07 6.205038213739556e-07 0.0 0.0 0.0 0.0 0.0 0.0 0.0 0.0 5.411003632467543e-06 9.344343253345055e-06 8.665705672824094e-06
4.4768250704666874e-05 0.0007194678053786802 0.001860288806214085 1.4964531792582884e-06 0.0006697232305635183 2.3261536075537484e-06 0.0002801682494345884 0.0 0.00024154545155726976 0.00010306465586229868 0.002272406672341562 0.00010103797448088734 0.0002602110766386599 0.0022976005645663346 5.693034870444613e-06 2.746846482831748e-05 8.218052786550702e-06 3.710313500949602e-06 5.188721931374205e-07 1.6514029198074712e-05 6.112674922733592e-05 3.8392147899419616e-07 1.368358149000864e-06 2.905705880837474e-06 3.834452216439605e-05 4.028842795357526e-06 8.014588326915425e-06 3.4314864939917097e-06 4.4537182347765e-07 5.452046060496377e-07 0.0023041581994507894 0.0008339313081320037 9.5664786972897e-05 9.361580468258786e-07 2.7746189523275957e-05 2.2353754405456346e-05 5.365669289238381e-05 8.507545671076675e-06 1.8053409114715205e-06 1.2661929281376814e-06 1.9022878806677455e-05 1.7073976382470816e-05 5.303335998759201e-05 2.4308379531377695e-05 2.2690152091924287e-06 3.955787701902075e-06 3.233835295898868e-05 6.8632773036580586e-06 5.740257502393187e-06 1.7604833053645265e-05 9.189249072457172e-07 1.4473561633655175e-07 2.714788453026695e-07 3.934506119380654e-06 1.4063939076649889e-06 2.801651756010972e-07 2.2477057392291215e-05 0.00023824842641531003 9.503770460346615e-06 2.8271179258792913e-05 2.080898458409893e-05 1.794916751139826e-05 6.2157596735990314e-06 0.00044913229144495696 1.741709744251903e-06 3.7554349172021127e-06 1.2710949102564034e-06 6.887006183146153e-06 4.777035792406442e-05 6.844224519093972e-05 5.428104598463049e-05 1.1828395390559018e-07 0.0 0.0001282187478305731 0.00011689851898492893 8.962176265267993e-05 9.78965718605204e-05 0.00019725119507808353 0.0003263072877654982 0.0009412462813380744 7.394967609949355e-05 0.00034096527133026163 6.924274701107715e-06 0.0 2.827652436770616e-06 4.867992587858034e-07 1.1111482730696603e-05 0.0 8.726965975300826e-08 1.5498777524300135e-07 6.358321303242826e-07 1.3701983987398558e-07 5.864473036606355e-05 7.894905659370645e-06 4.456789248399779e-06 6.210152665345871e-06 3.453680839489726e-06 1.4880857043729783e-07 6.1066847575340145e-06 2.1720696591325233e-05 9.048603132235242e-08 2.433458974344089e-07 3.866259097897619e-07 1.5899836359389368e-07 0.0 0.0 7.249422435829613e-07 0.0 6.721607383291789e-07 7.023140525339748e-07 2.9655834949383116e-07 6.381602566496358e-07 2.0924228680963695e-06 0.0 1.4829265292672959e-06 0.0 0.0 0.0 0.0 0.0 0.0 0.0 0.0 0.0 0.0 1.174459732999983e-07 0.0 0.0 0.0 0.0 0.0 0.0 0.0 2.0321888792210985e-07 0.0 4.563592317181417e-07 0.0 3.8425697097064385e-07 0.0 3.083699479369644e-07 8.202279267127241e-07 9.241875695315953e-07 1.3584168065834094e-06 0.0 0.0 1.311225166889321e-07 0.0 0.0 0.0 0.0 0.0 0.0 0.0 0.0 0.0 7.59230917077069e-07 4.2920524470451015e-07 1.0291407589554035e-06 0.0 2.875043978149417e-07 0.0 0.0 0.0 0.0 7.88749129983739e-08 1.5014036315540155e-07 6.472450954131124e-07 0.0 0.0 0.0 0.0 0.0 0.0 0.0 0.0 0.0 1.5804411503618206e-06 3.1955165099195094e-07 0.0 1.1247828628714302e-07 0.0 4.833763664012553e-07 1.3695502892398996e-07 2.427368454055357e-07 0.0 2.2059108840065934e-07 0.0 0.0 0.0 0.0 0.0 0.0 0.0 0.0 0.0 0.0 0.0 2.377127892989809e-06 1.0468227636626743e-06 1.034921731367042e-06
9.383146844292429e-06 0.002059292332026162 0.0005196912296469372 4.720559037596402e-05 0.002639922757082052 4.975609198390083e-07 0.002505252543527527 0.00024154545155726976 0.0 0.0004757782539686276 0.0010645777029058307 5.730274145915876e-05 0.0010641713810863728 0.0008479878445361254 8.23591851649766e-08 7.219505346363249e-07 0.0 0.0 0.0 0.0 1.262376772636776e-07 0.0 0.0 0.0 1.3564074699399864e-07 0.0 0.0 0.0 0.0 0.0 1.5698460350453722e-05 2.3448758805933968e-07 1.78344064072927e-07 0.0 0.0 1.1636942792573115e-07 6.945204372002274e-07 3.5954956445375176e-07 0.0 0.0 0.0 0.0 0.0 1.2153244173271102e-07 0.0 0.0 1.0880335884184788e-06 0.0 0.0 0.0 0.0 0.0 0.0 1.803289224224567e-07 1.1987050755674953e-07 6.575364038143058e-08 2.1171552458910544e-07 2.8086309422232896e-06 2.9277171386883135e-07 7.421540336737124e-07 0.0 0.0 0.0 9.001230008734928e-07 0.0 7.919141523501048e-08 0.0 0.0 1.1234063203614834e-07 0.0 2.6465071593029616e-07 0.0 0.0 4.846863495116425e-06 1.6224161396006562e-06 3.300588488743756e-06 1.5730440649844047e-06 0.0 1.3383613670438566e-07 9.250760842734511e-07 0.0 0.0 1.2176641846456116e-07 0.0 8.920661321373804e-08 6.359852511234862e-08 0.0 0.0 0.0 0.0 0.0 0.0 1.0906347226542904e-07 0.0 0.0 6.773872747548969e-07 0.0 0.0 0.0 4.997531206435746e-07 0.0 0.0 0.0 9.54017381128381e-08 0.0 0.0 1.0933076813577081e-07 1.2581591967792548e-07 1.743400751331701e-07 6.91929616187595e-07 3.1223588166548836e-07 5.732662684460217e-07 1.10162336664109e-06 2.576186489783526e-07 5.400784740114635e-07 0.0 0.0 0.0 0.0 0.0 0.0 0.0 0.0 0.0 0.0 0.0 0.0 0.0 0.0 0.0 0.0 0.0 0.0 0.0 0.0 0.0 0.0 0.0 0.0 8.561262912356773e-08 3.8807006339825353e-07 0.0 8.324769596296155e-07 0.0 0.0 0.0 0.0 0.0 0.0 0.0 0.0 0.0 3.255444815911459e-07 0.0 0.0 0.0 0.0 0.0 0.0 0.0 0.0 0.0 0.0 0.0 0.0 0.0 2.241309691511324e-07 0.0 0.0 0.0 0.0 0.0 0.0 0.0 0.0 0.0 4.030459282991066e-07 0.0 0.0 0.0 0.0 0.0 0.0 9.936968664297772e-08 0.0 0.0 0.0 0.0 0.0 0.0 0.0 0.0 0.0 0.0 0.0 0.0 0.0 3.313743251400276e-07 2.0608355820438878e-07 1.1873147811649262e-07
0.0008508246079135136 0.0010973506211920017 0.00023204125502079837 0.0018063594838651238 0.0009862642164313654 0.0008168945864179335 0.0021214729247323364 0.00010306465586229868 0.0004757782539686276 0.0 0.00029142207560682804 0.001125523835137246 0.0032407807125300185 0.001393446558137678 6.219508362610003e-06 2.1741683652118813e-05 3.892130827215375e-07 1.0730789744102566e-07 0.0 0.0 8.105833474565677e-07 1.1895743564357663e-07 0.0 2.3498108466215593e-07 1.0844182351195427e-06 3.51587243456456e-07 3.8571938470277517e-07 7.264010552460665e-07 1.373564492806056e-07 0.0 0.00014097450839726576 4.258360067156546e-06 2.3773675502108057e-05 1.9573585244508558e-07 3.3607236310606066e-07 2.3647618388413994e-06 3.362649665256616e-05 6.995741361000069e-06 1.0860083809800496e-05 8.558321967605554e-07 6.405224711683638e-07 1.0641069172167616e-06 2.039320910161636e-07 1.1165682524336947e-06 9.954660870485204e-08 1.2321860442405628e-07 5.700730424050307e-05 4.298367787711389e-06 4.7474517142215433e-07 1.0109254705580624e-07 6.192635330407291e-07 0.0 1.5185522408281991e-07 0.0 4.189165044207774e-06 2.3883679324729108e-06 3.569424016164296e-05 0.00012744252057380218 3.335742820931512e-05 9.637663607023771e-05 2.463672892702938e-06 4.031107708000718e-06 9.329893172205884e-08 5.81866659293293e-05 3.1502817205163376e-06 4.143348224866543e-06 4.2817778080728313e-07 1.9758473729006223e-06 5.188950084322922e-07 3.0893902225814257e-07 7.00863129796424e-05 1.3820887392006739e-05 0.0 0.0002800690106877557 0.00010734032878781845 0.0001544151322146609 5.277859716147822e-05 4.215125543493044e-06 6.664722036852674e-07 1.1716170997553268e-05 0.0 7.0103089957933736e-06 1.548021280234167e-05 0.0 5.059377693061531e-06 1.8096784533177205e-06 1.447882111455162e-06 0.0 0.0 0.0 3.346705929666939e-07 9.580280352104598e-08 1.5257266092260304e-06 3.8874461655458163e-07 6.796793935362261e-07 0.0006680412378192128 0.0001558888691592323 1.883046750618863e-05 1.800669785825221e-05 0.0001509046094737598 4.300182040766077e-06 7.70523362654898e-05 3.478448475492908e-05 6.623404813682417e-05 6.274376734441812e-06 1.1860316038897495e-05 0.00020996897024606073 9.046320971728684e-06 8.210800664074921e-05 0.0001034649975832882 2.833749463789511e-05 6.27306962378428e-05 0.00020707829944735013 8.160702596390325e-05 0.00010215590176504285 2.8328329350732336e-06 1.1913985348996323e-06 0.0 2.3005926355669193e-06 0.0 0.0 0.0 0.0 6.038573194880342e-07 0.0 0.0 1.9699490966133634e-06 3.524965910405957e-06 0.0 6.6546708707686345e-06 0.0 6.873195107737589e-06 2.6567967192545908e-06 3.910951729900529e-06 4.608435315846812e-06 1.2129382503639819e-05 1.2226777914654312e-06 5.9309445555411424e-06 1.5554120028327195e-06 4.7396359652253296e-05 2.1266848106888195e-05 5.1564738312980194e-05 4.849525729776748e-05 9.123177878140124e-06 4.6311512251643267e-07 7.432073693659883e-07 9.077952107055748e-08 0.0 7.684430193055613e-06 4.46229490573631e-06 0.0 3.956279364604786e-06 3.18168165296763e-06 1.1750049074617106e-06 2.714761634702558e-07 0.0 1.9143304847930935e-05 2.454563680815467e-07 1.060908910940956e-06 9.446190703359699e-08 0.0 1.3528245155429294e-06 2.9423168963125137e-06 2.02647721377262e-06 9.860977496772028e-06 1.6699197519953122e-05 6.219599920237141e-05 6.7298756369509155e-06 1.8514816343810003e-06 0.0 0.0 0.0 0.0 0.0 0.0 8.510743631340649e-07 7.623163383191406e-05 7.4791234065758465e-06 0.0 1.2941710790614798e-07 3.651164175250145e-07 3.103444283180964e-05 1.615132534515737e-05 1.6475177767969728e-05 5.291735656405955e-06 9.196267151812604e-06 4.3042576372605244e-06 1.1499681614074372e-07 2.694030169628097e-06 1.0479977940738365e-07 0.0 0.0 0.0 0.0 1.276338471059453e-07 3.6622966062076493e-07 0.0 9.569040373094187e-05 5.541496061175951e-05 7.424518395945549e-05
0.0003133505548220809 0.001724090676340743 0.0015649276833633997 8.268606629024743e-06 0.0019697759888270775 4.61635271615118e-06 0.0008791921647161771 0.002272406672341562 0.0010645777029058307 0.00029142207560682804 0.0 0.0004286268191097766 0.0017855515356712168 0.0028736306707078485 6.520535492837215e-06 2.9723649347915265e-05 7.58811985932341e-07 4.0074704577867544e-07 0.0 2.3110554103414986e-07 6.500167613248358e-06 3.003044947078806e-07 4.169628900761781e-07 2.8722975056868965e-06 2.7899295546108737e-05 2.9220281110605024e-06 7.165628871283593e-06 2.6971072305205443e-06 5.38612944621087e-07 1.0365098822860356e-06 0.0006467694184100964 4.3434151544956256e-05 0.00033306952946502745 1.3050697041882205e-07 9.376999972657412e-06 1.2190317055501967e-05 0.00017139629161632956 2.727107761784436e-05 6.69196067248842e-06 5.666029698837462e-06 9.286390511312852e-06 1.3147682618948193e-05 7.031285539597103e-07 1.3707226180992925e-06 8.554037083012945e-08 1.1948933240560925e-07 2.9424407693629238e-05 1.0175022307266095e-06 1.3432813332152343e-06 1.186012896136729e-06 7.156163488388368e-07 4.5239376125373716e-07 1.7496492762468019e-06 2.631284979926532e-06 8.907031565443496e-07 7.259249839808201e-07 1.3267248219249618e-05 8.64265071678756e-05 9.818942866341028e-06 2.5168175423860615e-05 1.7430872793027674e-07 2.406442924225555e-06 9.596798796492773e-07 5.0530022537140156e-05 1.4730619871682743e-06 1.5943386885732491e-06 1.719198396960231e-07 5.635893560191727e-07 2.167069878867806e-06 7.65928295944977e-06 8.406723718282154e-05 9.818336624320376e-07 0.0 8.400790861803588e-05 5.978798866822268e-05 8.54683161719073e-05 4.44102253149682e-05 6.845015845675245e-06 8.171268805102839e-07 0.00019208179484215908 1.7360899315635895e-07 2.3862158474115307e-06 2.5483185897790257e-06 8.820205663504395e-08 1.531591079964017e-06 1.604000811483111e-07 8.951557082477573e-07 0.0 0.0 0.0 0.0 9.356909084288924e-07 1.1464282155830898e-05 1.949623035205426e-06 3.2263154095466956e-06 1.0180829552433018e-05 1.2088492197296158e-05 2.4985995662405014e-07 8.899523177447795e-06 2.649889439016552e-05 3.316187071187178e-07 2.5285043705480875e-06 1.014209269178629e-07 2.3492471030996142e-06 4.240369329638895e-07 3.8601646337376906e-07 5.231292326847574e-06 0.0 4.818021938764054e-06 2.434305020166278e-06 1.54481920519791e-06 2.8972225218701737e-06 1.0235629951644755e-05 4.273995439345112e-06 1.0798341579409791e-05 1.2557890616525406e-07 0.0 0.0 0.0 0.0 0.0 0.0 0.0 0.0 0.0 1.4178399684062758e-07 0.0 1.3831908250848101e-07 0.0 4.684181831895998e-07 0.0 6.271170097661204e-07 1.0707593865660434e-07 7.632662532197192e-07 4.578013082211365e-07 5.702708193948673e-07 0.0 6.881195211020947e-07 0.0 3.928205397330269e-06 1.0175712681919035e-06 5.4291908142094894e-06 5.771496939006139e-06 1.0109869029250666e-06 0.0 0.0 0.0 1.5976733959978434e-07 4.344390378532296e-07 0.0 0.0 1.0562784380616378e-06 0.0 0.0 0.0 1.3783306611470077e-07 1.180989377053969e-06 1.8377322345448305e-07 0.0 0.0 0.0 8.418836577214373e-08 1.360087101766307e-07 0.0 1.6619775125328365e-06 2.7711717709549718e-06 4.68547868848842e-06 0.0 0.0 3.256957159052939e-07 0.0 0.0 0.0 0.0 0.0 0.0 4.85392255129359e-06 2.864399075402984e-07 0.0 0.0 0.0 3.7513653942693076e-06 1.7924830828773843e-06 1.223567555099833e-06 9.129002890446784e-08 2.1163953933738646e-07 1.0571682148422766e-07 0.0 2.1443575716193173e-07 0.0 0.0 0.0 0.0 0.0 0.0 0.0 0.0 5.876312697664987e-06 7.519192395169727e-06 8.110130138186924e-06
5.762927724592138e-05 0.000157777269615089 0.00020535027240549937 1.158798604045944e-05 4.070895267861823e-05 5.947492838601475e-05 3.3797090451022915e-05 0.00010103797448088734 5.730274145915876e-05 0.001125523835137246 0.0004286268191097766 0.0 0.0009491304835413574 0.0004455255638491589 6.0254034192208e-06 1.2458356003762104e-05 3.8948350082324314e-07 0.0 0.0 1.4068619400061138e-07 2.054738620098868e-07 2.3523449942050975e-06 1.3325407390073373e-07 1.02296420311652e-07 4.461157000299344e-06 4.6544150696534066e-07 8.68870325999558e-07 0.0 1.200489874477464e-06 0.0 9.757464507883152e-05 3.297358773743531e-06 2.2233526806655226e-05 0.0 8.897158018171905e-07 1.8568308751566308e-05 0.00011929384106003208 3.70557449404958e-05 4.347945144767287e-05 1.5907774714796032e-06 9.68561431571931e-07 1.101552988259589e-06 4.3430632658746784e-07 5.827965411686667e-07 1.539883062581508e-07 2.73724156906015e-07 1.5400324176410306e-05 1.799559833889984e-07 0.0 2.4208201160519e-07 0.0 7.973225143842181e-07 2.5187954135104555e-05 1.7408057366693627e-06 4.507932200060676e-07 2.8318787022910064e-07 5.0873381721558096e-06 2.293279553988677e-05 4.776692935907847e-06 1.2326544643956874e-05 6.919247257873114e-07 2.972196098322916e-06 5.304764754179917e-07 1.6497966757220516e-05 3.268289478548919e-07 3.0441711100662594e-07 2.2390016066247676e-07 6.912014658217066e-07 2.997827534141788e-07 7.705066683138544e-07 0.00017787083174420335 2.050936393036405e-06 0.0 3.4074612687353515e-05 1.795832780956397e-05 3.842437413861776e-05 1.7626029152758502e-05 1.786702143331339e-06 1.735045134352454e-07 1.7128770925033825e-05 7.644826877053257e-08 6.266460050607378e-06 1.28004830636602e-06 0.0 4.86306813881973e-07 2.194605382834749e-07 6.94036208694723e-08 0.0 0.0 0.0 1.7609129855301998e-07 3.769778993656645e-07 8.413227866523478e-07 3.619335754339591e-07 3.587431479639691e-07 0.00047723469566750715 7.920472305273502e-05 2.146136533599916e-06 5.2177226814301084e-05 2.2876937696783593e-05 2.667811366498813e-06 2.5436876968774246e-05 1.08311646446361e-05 1.578209936126067e-05 1.112056260018237e-06 8.567339767131808e-06 7.55208361049031e-05 4.1559760731849755e-06 3.449954255219501e-05 4.5724319214327136e-05 1.0800709335067556e-05 2.5206897646172087e-05 8.677145032270907e-05 3.0776854813564264e-05 4.044857308317007e-05 3.0761683943952086e-07 1.8276211347648422e-07 0.0 0.0 0.0 0.0 5.205046008643576e-07 0.0 0.0 0.0 0.0 2.8118788713353247e-07 2.6546777429919066e-06 0.0 2.0917095269668244e-06 0.0 1.27356236697801e-06 0.0 6.143225197433993e-07 2.28922806177767e-06 5.316105940812971e-06 7.925067978748006e-07 1.7068501099515611e-06 9.038980217978187e-07 1.878777515964475e-05 6.802866787108033e-06 2.1725051236426183e-05 1.715603319760427e-05 4.759815540082727e-06 1.0109409173869156e-07 0.0 0.0 5.889342893149766e-07 1.511683160926569e-06 1.3110169041976716e-06 0.0 7.513056750421389e-07 1.8129746685594376e-06 0.0 0.0 1.2761836083838038e-07 5.118705031960561e-06 1.3587388236666022e-07 0.0 6.260375327809305e-07 0.0 4.067883268355193e-07 2.3196509592981015e-06 7.709214058088768e-07 1.569242396637028e-06 6.666246303631403e-06 2.6105176834676274e-05 2.3455167728090627e-06 4.924490186027349e-07 2.1882397117988754e-07 2.979283254582356e-07 0.0 1.1167561647499699e-07 0.0 0.0 0.0 3.703958650581668e-05 2.467401139314874e-06 0.0 7.822360238963035e-08 0.0 1.2958726294236101e-05 6.411409418189661e-06 8.039851286848409e-06 1.6947407623793305e-06 1.8501053350764448e-06 7.535340017068649e-07 4.095062128049838e-07 0.0 0.0 0.0 0.0 0.0 0.0 0.0 8.27060617829448e-08 0.0 4.29992541241001e-05 2.5676157701253528e-05 2.944422698730779e-05
