0.0 0.0015113246632577002 0.00032060851691583414 0.0008064919822452228 1.5238614343714308e-05 1.6198223888059957e-06 0.00011113726614027618 9.672234536803749e-05 5.0295122119162705e-06 0.0005068230990045242 4.4813644191487825e-05 1.5206482447809524e-05 1.079507227794388e-05 4.842994690942992e-05 2.5947672464380233e-06 1.7519466903428525e-06 7.996833466665686e-07 0.0 9.121121453433735e-08 0.0 1.2318719958608964e-07 1.1090669478029834e-06 6.878796413641907e-07 2.7477080645674137e-07 2.414399779745724e-07 8.235748541505334e-08 5.28182950101004e-07 9.201378861361456e-08 3.094335450208666e-07 4.520637744466436e-07 0.0006428780881195975 1.0280727927535658e-05 1.587790604815658e-05 1.8715971525612398e-07 7.279656246502164e-07 2.4382533886741395e-07 3.1129807946033912e-06 1.1525463350288322e-06 3.8466302913709343e-07 1.0648881067514925e-06 0.0 3.1719381634231896e-07 0.0 1.651242193599156e-07 8.948499452484676e-08 2.9458189392513073e-07 4.32981679196157e-05 1.0354153419123965e-06 1.0072268113310791e-07 2.282806057986534e-07 1.3986457269043754e-07 1.616226894709668e-06 8.833492368116467e-07 1.150177795028756e-07 1.0299397415797822e-05 2.6722890776966433e-05 0.00021447823146147516 0.0008747984314255103 9.592521665538391e-05 2.0198218433106403e-05 2.3362653959562154e-06 1.8372124076839647e-06 2.96412019030228e-07 5.835137730174489e-06 4.620863254815298e-06 2.5041605131995524e-06 4.743551886864479e-07 2.4343543203636483e-07 8.997787528306167e-08 8.055473001091767e-08 1.5257387923305762e-05 3.5945312202710674e-05 2.9262472219330772e-06 0.00015875654767537797 2.5474376107328028e-05 2.834036382114464e-05 3.840335965177314e-06 1.2938169255067217e-06 4.0463412260429725e-06 6.294091603025216e-05 1.1586711154029606e-06 1.5426692902731972e-06 2.126782203670383e-05 3.3573205840808355e-06 1.7365179409546187e-06 1.108680211267915e-05 6.944549010764539e-07 1.0183159100609734e-06 1.8194888202777582e-06 1.2847881034645179e-06 7.230985867917203e-07 4.3488129567269146e-07 0.0 1.7278224173534564e-07 2.483202286072709e-07 9.648764399002209e-05 4.899060449858523e-05 1.0950856452163804e-05 2.6651867932747963e-06 0.0008346716145144061 0.0 2.618065659485915e-05 3.11835637680352e-05 2.5634832219664454e-05 0.0 5.571785057467464e-06 2.729448878385642e-05 3.748599265686921e-06 3.425044939688919e-05 3.4413540356748615e-05 5.591857244566703e-06 5.6454804681819955e-06 3.230338520584002e-06 1.2413251247568402e-06 8.033723965864019e-07 2.0258323679868202e-07 1.2984288564684064e-07 0.0 0.0 0.0 0.0 0.0 0.0 0.0 0.0 0.0 0.0 0.0 0.0 0.0 0.0 0.0 1.1647186553549101e-07 0.0 1.7729981872914656e-07 0.0 0.0 0.0 0.0 1.215353792699127e-06 3.2533720029080294e-06 5.013585666530694e-06 1.1199367696674339e-07 1.8230393123335742e-07 0.0 0.0 0.0 0.0 0.0 0.0 0.0 0.0 1.0473287774582738e-07 0.0 0.0 0.0 7.753891886463197e-07 0.0 7.140879358365224e-08 0.0 0.0 1.7933420893417813e-07 6.365480232821399e-07 0.0 0.0 0.0 4.737947117506214e-06 0.0 0.0 1.1842761191447906e-07 0.0 0.0 0.0 0.0 0.0 0.0 3.273556415758015e-06 0.0 0.0 1.6384382284635483e-07 0.0 3.439313550307263e-06 0.0 1.0277870903222648e-06 9.059423429751243e-07 5.294684879945996e-07 2.559409576866398e-07 0.0 0.0 0.0 0.0 0.0 0.0 0.0 1.0843679975590354e-07 0.0 0.0 7.1949875677605924e-06 4.4651718981353277e-07 1.6255217914826772e-06
0.0015113246632577002 0.0 0.0011077539567025704 0.0010164215461925439 0.000811544425490981 1.3803733553774806e-05 0.001780504488912216 0.0017498736281836963 0.0016212291566496263 0.0012192572366565891 0.0025010214938757857 0.00020908642042875446 0.0007305898214486266 0.002248339277828079 2.9546349580440927e-05 2.537845908675075e-05 1.3331272587838203e-06 8.377437791965489e-08 4.593721563748935e-07 1.1563768493884589e-07 3.473740430556492e-07 1.3122754376049681e-06 3.95512925992268e-06 2.0900724083499474e-06 1.4319487866133945e-06 6.889931525395191e-07 1.827689700551871e-06 4.780893936244653e-07 1.1639371123799927e-06 2.2497129967145654e-06 0.001543180790801931 8.516688983385126e-05 7.029931978175258e-05 1.912511669572437e-06 3.137109763342212e-06 1.916560649350722e-06 1.1179414007410415e-05 5.417799002763079e-06 2.271968288270063e-06 5.250172866826324e-06 7.046226352388148e-07 1.6540659086867902e-06 0.0 2.176721083757191e-06 4.068538705340693e-07 1.8823057160053231e-06 0.0002774490828244662 2.427947422556716e-06 1.5043753273494239e-06 1.7111765842544444e-07 9.190282659146597e-08 1.2343219798435419e-06 2.0699074569203778e-06 3.7300833869615074e-07 1.4648103620714178e-05 4.5572355029302937e-05 0.00018866639139759734 0.0006623931392488641 0.00010809165634015072 6.8974285560635e-05 7.472848802551277e-06 5.746669106002968e-06 1.830015706107804e-06 9.72075069194591e-05 1.0155575297418797e-05 4.666749406505725e-06 5.269142663561901e-07 1.221911333606199e-06 7.120222051622488e-07 6.063194622755198e-07 2.0579876847732593e-05 1.201732484487648e-05 3.8328936280176264e-07 0.0002604505434527411 9.190854211000786e-05 0.0001406981184031372 3.438022328960575e-05 8.385756671234683e-06 2.8736304829878682e-05 0.00031328537548890826 6.464168164584504e-06 1.2374019624629369e-05 3.8827492776086984e-05 5.550346473797938e-06 4.529577686480948e-06 1.8776419794874248e-05 1.9622253292786665e-06 1.5321465880499334e-06 4.760116861286798e-06 9.675138807273212e-07 1.5657781972409435e-06 7.081143905196146e-07 1.1104228221698882e-07 0.0 8.007781014490146e-07 0.00015119922736235133 2.8987745470443695e-06 9.248008185235829e-07 2.347352752070884e-06 0.0012040430348689622 1.3930371796627215e-06 2.2678150043239807e-06 7.51935451381511e-06 0.00011042730012131172 2.849522820048098e-07 1.1524359822568918e-05 7.931583753710807e-06 1.3251766333538213e-05 5.6729441286950746e-05 6.194959253165404e-05 9.842969919988633e-06 2.1967008783283557e-05 1.5267062550569004e-05 7.38734883648643e-06 8.651361401421021e-06 4.747386172456292e-07 4.971293073436478e-07 8.522086162707002e-08 1.1686653462799553e-07 0.0 0.0 0.0 0.0 0.0 0.0 0.0 0.0 0.0 0.0 0.0 0.0 2.794560070723243e-07 0.0 5.570946393959896e-07 4.5875014317264505e-06 2.8897969193128104e-07 1.2536005453829438e-07 8.208443490238408e-07 0.0 1.2447461138966066e-05 6.513505053585906e-06 2.0203439787207895e-05 3.6927813445682796e-06 2.415765145379523e-06 2.1099468086211203e-07 0.0 0.0 0.0 2.9789857623662073e-07 0.0 0.0 1.2168317632022535e-07 1.164558121915686e-06 1.7534520970589717e-07 6.281443877312078e-07 0.0 3.4224067106942456e-06 8.63159024112514e-08 5.105234204323336e-07 0.0 1.2965901978696674e-07 1.9684500439801213e-07 1.0762008255824862e-06 0.0 1.2141543878863215e-07 0.0 2.8641181796677415e-05 1.8043132090302037e-06 0.0 1.429133578414589e-07 6.845495435759475e-08 6.208074721414452e-08 0.0 0.0 0.0 0.0 1.908455743277581e-05 6.332286006749521e-07 1.5843835013927072e-07 0.0 0.0 4.970467093108197e-05 6.410725973416545e-07 1.3180748903399102e-05 1.2393406451802445e-06 3.646208615781509e-06 1.044412437715575e-06 2.5254326372078485e-07 5.089503310729615e-07 0.0 0.0 0.0 0.0 0.0 9.064894177366038e-08 0.0 0.0 2.6661833836150735e-05 8.300717320941571e-06 1.1227302743252413e-05
0.00032060851691583414 0.0011077539567025704 0.0 4.786247568809267e-05 0.0008852288871412137 7.24129317092646e-06 7.201754989378418e-05 0.0034667901885082515 0.00023029581700000556 8.186349363986435e-06 0.001727034639859964 6.210793613540445e-06 3.575997707210742e-05 0.0012955341094643118 2.1964472632964106e-05 1.9630191350768306e-05 3.291530121658671e-06 1.0992928517966383e-06 2.5221912398648116e-07 2.893211035099242e-06 4.811198400781618e-06 4.113684864122278e-06 9.75897899884803e-06 9.7284552108872e-06 3.6729743342874212e-06 1.3793544775205678e-06 7.314485484634739e-06 8.774533243379038e-07 3.0296047904963956e-06 7.622305687214771e-06 0.0026567145490535506 0.00026965237995346095 0.00011316810076508159 6.40151658451123e-06 1.1925646223691988e-05 5.031888946198627e-06 1.2046432086195272e-05 1.1798157039210997e-05 4.402134122602361e-06 1.0581078423255041e-05 2.6739599031607013e-06 2.2700512319397973e-06 1.600954515107486e-06 3.437491958695807e-06 5.888629605829979e-07 6.246339858023775e-06 5.610420470546859e-05 1.4151060978547573e-06 1.067039312037444e-06 1.960536841544645e-06 0.0 2.1370111129388345e-06 7.311283821579318e-06 7.647178453350633e-07 3.459442299238087e-06 8.161580935274384e-06 6.066178001969805e-05 0.00034402026469617866 2.197165634474051e-05 1.1060412230384028e-05 4.035222744292924e-05 1.9923721124123183e-05 9.225819724969573e-06 4.4457588406123946e-05 1.8187701012421927e-06 1.8267051562056173e-06 0.0 2.1793727721265583e-06 1.9348930014276227e-06 6.626179195193299e-07 2.925545512684447e-05 3.656095607314757e-05 1.9220660497339297e-06 5.331190556492966e-05 2.8564787886425745e-05 3.158843009278803e-05 1.3842470859295727e-05 1.2532340514521019e-05 0.0001730084753336069 0.0007723388781216704 3.774391639142444e-05 8.618998251164158e-05 8.053768853099929e-06 8.933720678621858e-07 1.6637684643520555e-06 3.0203981950964036e-06 3.7738675855253066e-06 2.0686096475569708e-07 8.650740451746156e-07 8.97365563303796e-07 5.21893406122448e-07 5.432241072768848e-07 8.978826943486953e-08 4.647566245824304e-07 1.032859736823732e-06 0.00016290620241906576 4.255078741301753e-06 3.903199020254738e-06 4.34095261140287e-06 9.584985440660163e-05 2.3648062806755984e-07 3.935039879463298e-07 1.880906987936523e-06 1.1642120199085812e-06 1.2829388960575841e-06 5.7671922313733585e-06 2.2203451146979396e-06 1.0339035546970954e-05 1.6008481078292552e-05 2.3032461563880065e-05 1.6728516373659177e-05 1.3277348636723695e-05 7.955938730332658e-06 4.93846968519622e-06 7.562478440791023e-06 0.0 6.992408940245694e-07 8.611695162263375e-08 2.2873543502364813e-07 3.269557472981025e-07 0.0 1.397193104136453e-07 0.0 4.272386242741313e-07 0.0 0.0 0.0 0.0 6.722537569657991e-07 0.0 0.0 4.900749215612836e-07 5.320201888270154e-07 9.723571338833531e-07 4.1220833250371605e-06 1.2516892556458092e-06 0.0 0.0 5.629948418957642e-07 1.644253655393095e-05 1.1886321297675181e-05 2.0054973532741538e-05 1.2115575174030752e-05 8.052296679120348e-06 1.9893581010816055e-07 0.0 0.0 0.0 6.11189120708057e-07 0.0 0.0 1.0611747666377553e-06 3.3516652456250224e-07 7.58369917095258e-08 0.0 0.0 9.460475515638547e-06 0.0 0.0 0.0 0.0 0.0 9.132817128588488e-07 0.0 1.4355336986455106e-06 0.0 5.225563179719369e-05 4.782145978679186e-06 0.0 0.0 0.0 0.0 0.0 0.0 0.0 0.0 1.9590250037801997e-05 9.762638244726553e-07 3.194331035115841e-07 0.0 0.0 5.259541073160451e-05 1.058503703313613e-06 2.4297427532227754e-05 4.335286271857046e-07 2.590225365947913e-06 9.778638778095961e-08 1.4968997474763936e-06 1.9642774449400925e-06 3.330369223843808e-07 0.0 0.0 0.0 0.0 2.7679104290147006e-07 0.0 0.0 3.0333226228327395e-05 4.890812158478118e-06 2.355263151689353e-05
0.0008064919822452228 0.0010164215461925439 4.786247568809267e-05 0.0 7.085499498788436e-06 4.008600523499608e-05 0.0005833882080592952 7.076228632812407e-06 4.869244415094624e-06 0.0015136441015486661 6.614961528706519e-06 0.001660615547192981 0.0007639748858033844 1.9508161852951276e-05 9.663521084219377e-07 4.32358860134135e-07 3.41816876358327e-07 0.0 0.0 0.0 7.65444402813541e-08 0.0 0.0 0.0 0.0 0.0 0.0 0.0 7.785414199599302e-08 0.0 7.492378327962325e-05 1.4476320110341406e-06 3.904939846306345e-06 0.0 0.0 0.0 4.017690337074695e-06 1.508598096414812e-07 4.486842050093719e-07 0.0 0.0 0.0 0.0 1.2968715437629054e-07 0.0 7.711560570064242e-08 2.5230099836840666e-05 3.5764944689459944e-07 1.7786691361210718e-07 0.0 7.78626954432437e-08 0.0 1.5849622890908052e-07 0.0 1.957705810133546e-06 7.64950902828313e-06 3.869865784702149e-05 0.00010123802523251282 1.9152536353872762e-05 8.931745351100797e-06 1.0708707775191215e-07 0.0 0.0 2.7080901796566665e-06 1.112365319352202e-06 6.476917317154954e-07 1.1176522144095303e-07 0.0 0.0 0.0 3.2230304978207223e-06 1.4299125939323092e-06 0.0 4.5130225392112834e-05 9.881433175986186e-06 1.562977452748508e-05 1.9931103041753465e-06 0.0 2.626201490993223e-07 9.76237139845618e-07 0.0 1.830555703989132e-07 6.632947645752252e-06 4.086050791137937e-07 2.509545240804012e-07 3.7675604358120127e-06 0.0 8.121376447501837e-08 5.868857175154296e-07 2.651976366463499e-07 1.0400679250277325e-07 9.334250611805878e-08 7.482084749710768e-08 0.0 1.0820957470269597e-07 5.084195451745078e-05 6.249567720168401e-07 2.54286643834402e-07 0.0 0.00033918057281380243 1.8695115347895485e-07 3.90819637912727e-05 3.3948788840290195e-05 4.2387624127975057e-05 3.1361287507848307e-07 1.4499642514279057e-05 3.592909170075068e-05 8.925447113999721e-06 6.691740511694786e-05 7.835367935813466e-05 8.017062608856855e-06 1.1459816134828398e-05 1.2114280065055815e-05 5.083993593715563e-06 5.491084439966658e-06 0.0 3.5596039380831006e-07 0.0 0.0 0.0 0.0 0.0 0.0 0.0 0.0 0.0 0.0 0.0 0.0 0.0 0.0 0.0 0.0 0.0 4.922827219348375e-07 4.106242114587996e-07 0.0 0.0 0.0 0.0 0.0 4.841590089196691e-07 0.0 2.1000148330056078e-07 0.0 0.0 0.0 0.0 0.0 0.0 0.0 0.0 0.0 0.0 0.0 4.2872796168344067e-07 9.209519268896527e-08 0.0 0.0 0.0 0.0 0.0 4.78709185989982e-07 0.0 0.0 0.0 1.6039739817550233e-06 0.0 0.0 8.320610577373675e-08 0.0 0.0 0.0 0.0 0.0 0.0 4.556028144608762e-06 0.0 0.0 0.0 0.0 5.018423658585035e-06 0.0 1.8528821700695353e-06 1.0797680919726464e-07 8.574707821547181e-07 3.776686704631564e-07 0.0 0.0 0.0 0.0 0.0 0.0 0.0 0.0 0.0 0.0 9.070568850869405e-06 0.0 0.0
1.5238614343714308e-05 0.000811544425490981 0.0008852288871412137 7.085499498788436e-06 0.0 4.7489481410039975e-07 0.0009291430479265471 0.0015009233295955448 0.004061963724992263 0.00011995049346965815 0.0022066413073503714 4.927886774286682e-05 0.0009430117208946959 0.004040024559681793 1.8511279977136875e-05 1.6041107916828527e-05 7.062347339046606e-07 2.140974139218816e-07 9.086565792589125e-08 4.7409672293204563e-07 4.0109612350335767e-07 7.836918057238121e-07 1.3161680941556233e-06 1.4689434902114745e-06 8.505829890576477e-07 0.0 4.3395689150531895e-07 1.9682044150477978e-07 3.057983498929376e-07 4.755462262856908e-07 6.813844588787619e-05 3.320587683810898e-05 5.919152942839237e-05 2.6580882235499075e-07 1.2283299907403e-06 2.1522547127849865e-07 1.7402690565766443e-05 3.4472919345336077e-06 4.277408539634935e-06 2.430953985870143e-06 0.0 4.0197003838761977e-07 6.540159317880638e-08 7.754082443433439e-07 2.4265707498775625e-07 2.2834116234285135e-06 7.872622040325112e-05 4.276722893707032e-07 3.682379228658122e-07 6.16795732449595e-07 0.0 9.90532776962841e-07 3.677772831497458e-06 4.117794323290806e-07 1.8196394434242893e-06 5.826756648853438e-06 1.3246319965908566e-05 2.7473269802247827e-05 1.0954423751809985e-05 1.1069559610122382e-05 2.9864187545854696e-06 9.505682712511439e-07 5.463905056532045e-07 4.04662432452824e-05 1.1707689156489478e-06 5.949279067335906e-07 1.4696743244135777e-07 2.4457245521482787e-07 2.8884129369613944e-07 0.0 1.8619030539007794e-05 8.108107470149212e-06 5.953490875218503e-07 3.4708491741636716e-05 2.3425512152610073e-05 3.661006061566935e-05 1.735963041052633e-05 6.6487498069877234e-06 2.7967299971507007e-05 3.4008818156916846e-05 2.804779478082875e-06 2.792827199510602e-06 5.406365863899057e-06 3.317124483475462e-07 6.591584358762131e-07 2.3097001247596286e-06 9.623700730033545e-07 7.10507194108781e-08 3.9297114010838767e-07 5.946875921125841e-07 7.592637057745319e-08 4.299531665132642e-07 6.879371343642178e-08 2.009075991891459e-07 2.3072067948860563e-07 0.00013962419064618482 2.0287880562473538e-06 7.598746520398593e-07 3.1246320663259156e-06 1.6832494998316608e-05 7.999178215312095e-07 2.545063995864724e-07 1.7564392388592002e-06 7.882620469441534e-07 1.952433414699083e-07 6.230923280337305e-06 5.8920581946344654e-06 8.394683270935677e-06 1.683029202006534e-05 4.689856997865489e-05 1.3333928153859008e-05 1.989683223198614e-05 1.5388767569440376e-05 6.006103395305554e-06 4.887015039809506e-06 8.778223996006877e-08 3.944307798956331e-07 1.0024699373503535e-07 0.0 0.0 0.0 0.0 0.0 0.0 0.0 1.0975979057443588e-07 0.0 0.0 0.0 0.0 0.0 1.0579671108482978e-07 0.0 0.0 3.583657601899859e-06 1.314570608183098e-06 0.0 0.0 3.242550395615212e-07 6.287955830872761e-06 3.3403883501741924e-06 1.0384521249673335e-05 2.4331278118980068e-06 1.3718613850296438e-06 0.0 0.0 0.0 0.0 1.286017179294575e-07 0.0 0.0 3.3041286311289807e-07 1.3013214647182662e-07 0.0 0.0 1.3477507204018918e-07 2.6772043800107967e-07 0.0 1.967039988912358e-07 0.0 0.0 1.0513334003627539e-07 5.000977925190413e-07 0.0 0.0 0.0 2.0447717022119717e-05 9.970072243889617e-07 3.288445293637781e-07 0.0 2.4116254298878675e-07 1.1874412936997306e-07 1.308026808661733e-07 0.0 0.0 0.0 1.5310760170421406e-05 9.725906709283497e-08 0.0 0.0 0.0 2.8871056476381377e-05 0.0 2.687238065824875e-06 2.1160171621998737e-07 4.5302427469351025e-07 5.328002685372398e-07 7.031503781191941e-07 1.2170082861338494e-07 0.0 0.0 0.0 0.0 0.0 1.632567477491321e-07 0.0 0.0 2.31655181047016e-05 2.5212627851147203e-06 8.396832214812558e-06
1.6198223888059957e-06 1.3803733553774806e-05 7.24129317092646e-06 4.008600523499608e-05 4.7489481410039975e-07 0.0 1.505767021105772e-05 2.2799286876430907e-06 1.1239775219074233e-06 0.00019406852547672522 1.2510466962119102e-06 2.1588902762957285e-05 1.0488259313615252e-05 9.720148909043164e-06 2.9498582814362294e-07 3.0337286894269613e-07 0.0 0.0 0.0 0.0 0.0 4.790195976409845e-06 0.0 0.0 0.0 0.0 1.1526666752474218e-07 0.0 0.0 1.401382164904278e-07 1.6415761064807613e-06 1.5705437377393736e-06 9.323003959375771e-06 6.120268996056061e-07 0.0 0.0 5.9057750507047934e-06 6.676742306658606e-07 3.0333233584558084e-06 3.545989789891813e-07 0.0 0.0 0.0 8.258262199047187e-08 0.0 0.0 9.393804553640994e-07 8.60860434815965e-08 9.963185721172351e-08 8.776666949349503e-08 0.0 1.3047435366739061e-05 1.4303440109222163e-05 1.0288031148130264e-07 0.0 2.8552227016114067e-07 1.8542113278836286e-05 3.526290489194763e-06 3.669172799219918e-07 0.0 0.0 1.363745141315612e-06 2.5275676069069125e-07 0.0 5.862390409867813e-08 0.0 2.048938381681197e-07 2.8058373851998706e-07 0.0 0.0 4.5065749253991495e-05 0.0002660751197414731 2.0765832222983176e-05 7.905848865273868e-08 1.5303577735676001e-07 4.277374379055558e-07 8.26413853703006e-08 5.164679864571175e-07 0.0 5.13419813216786e-06 0.0 7.504169670697583e-07 5.845681257314815e-07 4.851245308249139e-07 0.0 0.0 8.620543257813591e-08 9.616366581344288e-07 6.559004437813171e-07 6.586206688084213e-06 3.164992378485856e-07 2.2771606697306323e-06 0.0 0.0 6.477072456468424e-07 6.776993213296455e-05 0.0002597574283567248 8.063007061668492e-05 1.545112261892362e-05 0.00014102774885196764 2.058388610652567e-07 2.4845194397953572e-05 1.9032517128998145e-05 1.6957155046979406e-05 0.0 6.824872834994774e-06 2.742067028858853e-05 1.1228518949004374e-05 3.4325103219372795e-05 6.344222725497144e-05 3.6490969140517287e-06 7.512130961331832e-06 1.0509579053586892e-05 4.201491188088953e-06 3.031822667442722e-06 0.0 1.906314371130365e-07 0.0 0.0 0.0 0.0 0.0 0.0 0.0 0.0 0.0 0.0 0.0 0.0 0.0 0.0 0.0 0.0 0.0 0.0 1.2831881565468269e-07 0.0 0.0 0.0 2.620286416403205e-06 4.2608178051028167e-07 2.3080677931338014e-07 6.784385910531674e-07 1.3242860738336773e-07 0.0 0.0 0.0 0.0 0.0 0.0 0.0 0.0 1.5354223987180676e-07 0.0 0.0 0.0 7.824753671797401e-07 0.0 0.0 0.0 0.0 1.2340271187055033e-07 6.666256485356808e-07 0.0 0.0 0.0 3.107577091116345e-06 0.0 0.0 0.0 0.0 0.0 0.0 0.0 0.0 0.0 1.8986809182993706e-06 2.3306978467307768e-07 0.0 0.0 0.0 4.989860465730288e-06 0.0 2.820881169600996e-06 9.665120698576912e-07 5.041539688991355e-07 5.347686522022124e-07 0.0 0.0 0.0 0.0 0.0 0.0 0.0 0.0 0.0 0.0 1.1959757012162723e-05 2.701674289423077e-07 1.973099328098695e-06
0.00011113726614027618 0.001780504488912216 7.201754989378418e-05 0.0005833882080592952 0.0009291430479265471 1.505767021105772e-05 0.0 8.351843287812952e-05 0.0014228993723597737 0.0013993257231806012 0.00029062975424799987 0.00023087404481977606 0.004026672110368154 0.0025373479756429936 1.3323727928569257e-05 1.0884056456825153e-05 3.088023192371354e-07 2.2481949926196803e-07 0.0 0.0 1.694814757529931e-07 1.0566133249591817e-07 1.0774078992325233e-06 5.308815294525774e-07 4.380304009208217e-07 0.0 7.027214952376869e-07 2.6045389214064227e-07 4.1281280315765677e-07 5.405147795810213e-07 0.00012247921996224825 2.3233832233134904e-05 6.497812381796205e-05 1.276301500805495e-07 1.184563331399206e-06 2.7363544607906577e-07 3.331989514796574e-05 2.4056702485428564e-06 3.083398471146012e-06 2.879815545211504e-06 0.0 3.4773705907236365e-07 0.0 6.15993165021521e-07 2.5153332508090554e-07 7.461632632585205e-07 0.00011655085940105397 1.5764866143585575e-06 7.201845350629051e-07 6.488316514929303e-08 0.0 2.4431929712053914e-07 2.798357521952012e-06 1.962376630847919e-07 3.0491905218996627e-06 8.194446641794684e-06 2.1939771710638424e-05 5.6252120619432725e-05 2.118743360007406e-05 2.0178779653385535e-05 1.9120605716724087e-06 1.067876319395428e-06 1.3177023138837889e-07 3.933865720622289e-05 1.9669679896382607e-06 8.608216117431794e-07 3.304355503668421e-07 1.14994620013508e-07 8.213304721596555e-08 0.0 2.757068190354834e-05 7.268433704683475e-06 2.2488897773007116e-07 5.9578175833006336e-05 2.867856219024375e-05 5.256812731670142e-05 1.6329487743398928e-05 4.1098204419289935e-06 1.3932129217430679e-05 1.0888657273626376e-05 1.2210226264461314e-06 1.42820202420383e-06 9.036748946117229e-06 8.375330890343718e-07 1.3419515230731507e-06 3.872680536628419e-06 8.412644206526284e-07 4.434106988239836e-07 5.244610232840012e-07 7.456202922893842e-08 2.06026651134989e-07 7.701555165165956e-08 0.0 8.412640614876584e-08 9.213982226210065e-08 0.00015940693415202647 1.3971148194753792e-06 1.7048141297869604e-06 3.525525288225984e-06 5.6482144033341534e-05 1.8280154432261334e-06 5.639398980489169e-06 6.888613731826801e-05 0.00019402582340896025 3.0726908255679643e-06 2.909988055864061e-05 1.026851666441514e-05 1.2614571720193067e-05 0.00018701181790566784 5.197859304353331e-05 9.898364525282806e-06 2.499951403710073e-05 1.1930493620547585e-05 6.197070864504126e-06 2.4168804656821083e-06 8.3014298377302e-08 0.0 0.0 0.0 0.0 0.0 0.0 5.02265233391882e-07 0.0 0.0 0.0 0.0 0.0 0.0 0.0 0.0 0.0 0.0 0.0 3.3188881896659046e-06 5.156280991281699e-07 0.0 0.0 0.0 5.430907745980621e-06 8.336253475549723e-07 8.095357027245351e-06 2.529878833489446e-06 1.0882123065139957e-06 0.0 0.0 0.0 0.0 0.0 0.0 0.0 1.6877499825682467e-07 3.5108771572954294e-07 7.877637121993557e-08 0.0 0.0 1.1402400195640974e-06 0.0 7.202534681323499e-08 0.0 0.0 5.304359054927421e-07 1.8867402926350173e-06 8.479084804102735e-08 9.88739925200195e-08 0.0 1.82363342506885e-05 1.148498020370861e-06 1.5274301134771403e-07 0.0 0.0 0.0 8.920067554380109e-08 0.0 0.0 1.9000224659746906e-07 1.6116487272505327e-05 3.6221452013009335e-07 0.0 0.0 1.408928087901821e-07 1.9087738011517237e-05 0.0 4.890736833602446e-06 1.5990573857818575e-06 1.8148292068406932e-06 5.685881379285963e-07 7.351143843540735e-08 0.0 0.0 0.0 0.0 0.0 0.0 0.0 0.0 0.0 2.465279292270469e-05 2.2086116474068904e-06 4.1892247000286796e-06
9.672234536803749e-05 0.0017498736281836963 0.0034667901885082515 7.076228632812407e-06 0.0015009233295955448 2.2799286876430907e-06 8.351843287812952e-05 0.0 0.0004831459365920306 8.033115227798138e-06 0.0011021243791081417 3.276869439907774e-06 2.0475541944727243e-05 0.0009618678798956098 5.798526202389871e-05 5.2453571769212645e-05 8.481008199029603e-06 2.5149732943457897e-06 1.038476225601947e-07 4.808303524471485e-06 9.845358619785457e-06 8.768268794389966e-06 2.5979049588402788e-05 2.6431406501325854e-05 1.0629896445247524e-05 5.5271709949378635e-06 1.7399020425217165e-05 3.87915891159e-06 7.0715891392648705e-06 1.960488811211339e-05 0.000928581726148245 0.0005127218621041226 0.0002585194897519125 1.8555191918708367e-05 3.613678089327621e-05 1.957521104226714e-05 1.2667773769671303e-05 3.111507884335621e-05 7.748106689917086e-06 3.233979343294916e-05 7.994968030323068e-06 3.213748870197997e-06 2.8941782331076815e-06 2.7428180268484255e-05 3.131208928978138e-06 3.281951622904316e-05 0.00018368162431349434 4.089762421892464e-06 3.331001154655074e-06 7.098204740115693e-06 8.309372904067819e-07 7.044580292679019e-06 1.7727897359242687e-05 4.0589585650694e-06 4.058839900954003e-06 1.2417536700897871e-05 5.5364231384421464e-05 0.00014824502518013787 2.7901631857966783e-05 2.7158323350960997e-05 0.00015077171318538188 0.00023083197286704398 2.8784087073307048e-05 0.00018203249885199524 3.8171863262414775e-06 6.2097425704651e-06 6.57869725358715e-07 7.434834795419282e-06 8.4955466183642e-06 3.887430301268703e-06 3.9901236101827274e-05 6.6659414571057e-05 3.123298293907077e-06 8.718646239871441e-05 7.211035178345902e-05 9.341340831610331e-05 6.036154833442053e-05 0.00016074170320709818 0.0011997111967404469 0.002425157684708045 0.00010934794532180043 0.0008676152173652837 1.331578860685901e-05 1.5035524537981336e-06 4.904079113864985e-06 9.189045558639936e-06 1.1454134411049686e-05 4.751014204238429e-07 2.091978550055844e-06 1.0051727402159273e-06 2.1568098424717713e-06 3.528323183342991e-06 1.3847689892127316e-06 1.962206865538723e-06 3.2997563363655817e-06 0.00012294892486248445 4.894533453430821e-06 8.133529153429827e-06 6.936848221152856e-06 4.4387944735437e-05 1.651734382632243e-06 0.0 1.6624555966647168e-06 0.0 1.592968874418505e-07 2.693099717951194e-06 7.080194845018698e-07 6.493692961785841e-06 7.499445347705073e-06 2.3246636663854738e-05 6.174818838689375e-06 1.1720036669506524e-05 3.7714982473808526e-06 3.3310214075686643e-06 3.15210218050141e-06 5.8971054335399e-07 1.5568026180799547e-06 5.789342906154512e-07 3.285198974404413e-07 9.647581475870813e-08 0.0 0.0 0.0 0.0 0.0 3.3790647439766747e-07 0.0 3.568843523450716e-07 5.460660799171654e-07 1.502938986726812e-06 4.074741750422285e-07 1.3156605807504796e-06 7.306602066286967e-08 1.077507308114801e-06 7.3715706860943294e-06 2.2771334596585466e-06 0.0 1.198325588582235e-07 3.2460571759639274e-07 1.2910098816597825e-05 1.730022197041132e-05 2.561751136926017e-05 1.1476766825823783e-05 6.770609499588342e-06 8.853000413466945e-07 0.0 1.449624139494358e-07 0.0 5.944543543717291e-07 4.846386005739906e-07 0.0 3.5712791940441836e-07 3.362528788753698e-07 0.0 0.0 8.26522747200975e-07 1.5384851174745674e-05 8.487633994583398e-07 0.0 0.0 0.0 1.6023413641274605e-06 3.042326566714681e-07 0.0 9.474955218151733e-07 1.5570300293668512e-07 4.64211666167281e-05 2.824468496019855e-06 1.0370431573712853e-07 5.033955388551638e-07 0.0 8.209866049568094e-08 2.464026601343629e-07 0.0 0.0 0.0 1.642968713447302e-05 4.312623115221995e-06 2.2941905898579375e-07 1.642081624524961e-07 1.0923470469056953e-07 3.3309917432026164e-05 1.1610649100213969e-06 1.6180434965885207e-05 7.813234586086277e-07 3.2829460256638777e-06 2.874043019207394e-06 0.0 2.811073943951761e-07 1.6181608384447306e-07 0.0 0.0 0.0 4.603530359082112e-07 1.2723421725944662e-07 0.0 0.0 1.4785022402134367e-05 1.4520247043724802e-05 3.348765547192604e-05
5.0295122119162705e-06 0.0016212291566496263 0.00023029581700000556 4.869244415094624e-06 0.004061963724992263 1.1239775219074233e-06 0.0014228993723597737 0.0004831459365920306 0.0 1.3484326975261374e-05 0.0007352027200539501 2.029282917733867e-05 0.000229766546232327 0.0009010444445250423 7.76092695050041e-06 6.897459523400245e-06 3.070009007248328e-07 0.0 0.0 1.0506116783089663e-07 0.0 1.8368372997799236e-07 5.128078426661735e-07 1.085450653802952e-06 2.7849938447689395e-07 3.3483333919191477e-07 3.4447765692239987e-07 2.591116460889911e-07 5.486399492096795e-07 3.56117402109865e-07 3.327432743592851e-05 1.4456091147732725e-05 5.599752903788751e-05 2.6434016353627414e-07 2.765454272715532e-07 2.937182418473287e-07 1.563576314442833e-05 1.6122886973710449e-06 1.9342317654152803e-06 2.302224657957053e-06 2.7028462314180766e-07 1.5012535053366136e-07 0.0 6.455290963369305e-07 0.0 7.583451347123217e-07 3.536963247216929e-05 7.904272330591264e-07 0.0 1.031853955185821e-07 2.0905753124713093e-07 4.95055216107015e-07 1.8196618247228881e-06 2.8407904554326895e-07 1.0554965347407007e-06 2.7051933246135948e-06 6.858545648389298e-06 9.856621640826516e-06 5.8689708375649244e-06 7.2214273640097576e-06 1.0840714204105853e-06 1.2977793332248093e-06 5.163620593957533e-07 2.0690460755633313e-05 5.512395187511645e-07 5.640822537499327e-07 1.7330192684225427e-07 2.201374779214907e-07 2.3211820368963494e-07 0.0 1.4313431081009613e-05 4.215312920330547e-06 3.343278411013247e-07 1.881344157552035e-05 1.1330303481417947e-05 1.93533068983698e-05 9.451449260960756e-06 2.2208155210407112e-06 1.1086278945667395e-05 3.40186626160013e-05 2.8481702646315645e-06 2.3333966056648343e-06 2.0764681105905235e-06 1.844984491542211e-07 4.4568550341806884e-07 1.010417573064537e-06 3.455114800327902e-07 7.312507669563699e-08 2.5206836116468395e-07 1.0348787893542998e-07 8.066999536150419e-08 6.39621663979332e-08 0.0 0.0 7.169305270386959e-08 3.858759313029628e-05 3.4198692766925855e-07 4.4992763413582597e-07 1.6073163244082652e-06 3.348801383875175e-06 5.053985353813281e-07 8.675940064656004e-07 2.275853023237767e-06 3.5935232118103423e-07 6.133369338804025e-07 3.062225835834431e-06 2.781380711681858e-07 4.2528883205220285e-06 9.245076940146871e-06 1.1909589793611305e-05 1.5650395412239363e-06 4.197479834166885e-06 4.330748022923856e-06 2.688909406757177e-06 1.4618369456940095e-06 1.0905860078477158e-07 1.1284257002475594e-07 0.0 0.0 0.0 0.0 0.0 0.0 0.0 0.0 0.0 0.0 0.0 0.0 0.0 0.0 2.058538595283596e-07 0.0 0.0 9.45202719065365e-07 6.795805826803834e-07 0.0 0.0 0.0 2.8459725208771736e-06 1.0756294739295096e-06 3.4074163753616327e-06 2.4399487138449996e-07 1.1591409563934647e-07 0.0 0.0 0.0 0.0 0.0 0.0 0.0 8.910791786467358e-08 3.5905539817001955e-07 0.0 0.0 0.0 2.171983684499288e-06 0.0 0.0 0.0 0.0 0.0 0.0 0.0 0.0 0.0 4.0163910910514075e-06 1.4260649128173525e-06 0.0 0.0 0.0 0.0 0.0 0.0 0.0 0.0 4.591041002506694e-06 0.0 0.0 0.0 0.0 1.1973166409716248e-05 0.0 4.674508646890688e-06 0.0 2.420415726482711e-07 1.934106556515985e-07 0.0 0.0 0.0 0.0 0.0 0.0 0.0 0.0 0.0 0.0 3.382292719191756e-06 1.0720206375196637e-06 1.4456319144325496e-06
0.0005068230990045242 0.0012192572366565891 8.186349363986435e-06 0.0015136441015486661 0.00011995049346965815 0.00019406852547672522 0.0013993257231806012 8.033115227798138e-06 1.3484326975261374e-05 0.0 1.1774326895727289e-05 0.0006854887119643503 0.004625225462543583 0.00025503110708339143 2.54443056853275e-06 2.125485236349295e-06 0.0 0.0 8.700128229102857e-08 2.912555208106513e-07 0.0 3.7158401014642763e-07 5.071014362725754e-07 5.822767197343343e-07 1.1174963102076994e-07 2.5493987179815294e-07 4.6403922581068995e-07 1.2214121807634142e-07 6.873021839067227e-07 6.14245441672247e-07 1.0448429275277633e-05 7.010059703628611e-06 9.363821936833727e-05 4.7483697523780886e-07 1.243975516141593e-06 2.4458191322570695e-07 8.820621497198135e-05 2.204447342417189e-06 1.5597386719887901e-06 2.396769202764364e-06 1.03311821588054e-07 0.0 0.0 0.0 0.0 8.738878138653755e-08 7.3057955147882065e-06 0.0 0.0 0.0 0.0 1.3034558690650619e-06 3.907648601998738e-06 1.8455181175709224e-07 0.0 1.188845429196691e-06 5.318640618098778e-06 1.1734571071514424e-05 2.2034513047918933e-06 6.341037260781876e-07 1.6722775946361473e-06 3.330199245696111e-06 0.0 4.628825090848205e-06 1.0053691968033635e-07 1.6295221576171405e-07 2.71446428703207e-07 0.0 0.0 0.0 0.0001114149992795454 1.9612300272764387e-05 1.8476564860347947e-06 6.003775840019287e-06 2.8818258248051177e-06 1.765718950935418e-06 1.042423960765887e-06 2.3267049299438395e-07 1.2105580623896004e-06 4.626423840231039e-06 8.955152118899201e-07 4.3721815599216455e-07 9.81228934321595e-07 8.136883062525346e-08 1.7415383954649683e-07 3.9489696937560775e-07 0.0 0.0 9.043031007492236e-08 3.4564397199953485e-07 0.0 3.1861174643461186e-07 1.008708060877358e-06 0.0 0.0 0.0005432133749087846 5.855877522478208e-05 5.642160673107432e-06 6.620538855200589e-06 6.955310060182918e-05 2.5892721354660894e-06 5.661068056282891e-05 0.000177322575893887 0.0001340580863347692 1.9211803156616697e-06 0.00010394978496076165 0.00011975577027887934 5.602010449840903e-05 0.0002058223772288616 0.0003417077283986279 2.6366487027258564e-05 7.078534898262513e-05 5.8020443802403034e-05 2.897730613440071e-05 9.86228249978095e-06 2.0235813347927935e-07 7.932304690922623e-07 9.716165357150264e-08 1.3249662258677784e-07 0.0 0.0 0.0 3.317841483175013e-07 0.0 0.0 0.0 0.0 0.0 0.0 0.0 0.0 2.838781126961126e-07 0.0 0.0 5.08844766502169e-06 2.5094548309995964e-06 0.0 3.7106591467707176e-07 0.0 1.4148382718621625e-05 6.6086220474947144e-06 1.2426992932580088e-05 1.5131131193466027e-06 1.763139986821291e-06 0.0 0.0 1.2608270776052312e-07 0.0 0.0 3.012554451175421e-07 0.0 5.587997750914952e-07 3.262213680047206e-07 0.0 9.904999000656709e-08 0.0 1.4449261951735403e-06 0.0 0.0 4.8392483335917e-07 7.560092720733211e-08 1.1514718597647905e-06 2.7630000984749024e-06 0.0 1.8220858623620463e-07 0.0 3.563585273795113e-05 2.2764215747342175e-06 8.831095074965175e-08 0.0 0.0 0.0 0.0 8.974064682031673e-08 0.0 0.0 3.448046614629243e-05 1.0843790518586704e-06 0.0 0.0 0.0 5.859668325829429e-05 0.0 1.7880796367909078e-05 2.140039598617843e-06 3.4383389229049058e-06 1.096413605813906e-06 4.4096739930050373e-07 1.0836965586010607e-07 8.782914424468137e-08 0.0 0.0 0.0 2.890407566273997e-07 0.0 0.0 0.0 0.00011540579483816828 2.3709873368795773e-06 8.480222904776109e-06
4.4813644191487825e-05 0.0025010214938757857 0.001727034639859964 6.614961528706519e-06 0.0022066413073503714 1.2510466962119102e-06 0.00029062975424799987 0.0011021243791081417 0.0007352027200539501 1.1774326895727289e-05 0.0 2.7497013510020998e-05 0.00013786597380012057 0.0012214383033637849 9.499203536079875e-06 9.93980303738055e-06 1.4083455954835682e-06 0.0 0.0 1.0715867795382005e-07 4.799103467204189e-07 2.2533581420424066e-06 3.657512056184109e-06 3.2603123405099835e-06 3.2168632096072632e-06 8.326505405701304e-07 2.282613618725801e-06 1.0178880647671575e-06 1.8578861628520895e-06 3.225642884230677e-06 9.075232584726826e-05 3.190894885888735e-05 0.0002005580996410533 1.6323544594080413e-06 3.771125946284541e-06 3.834324767399375e-06 4.0418097600067546e-05 1.881424822013595e-05 8.63042258250497e-06 1.192123982821004e-05 5.696702288202449e-07 9.580786768238663e-07 3.5660710359297414e-07 6.408885851553113e-07 0.0 2.4054486171514973e-06 2.7943352021913118e-05 2.982641197105322e-07 3.301764793529533e-07 5.02488747073732e-07 9.820444250373895e-08 2.3682319828579167e-06 6.058432015437358e-06 3.9046942971884607e-07 4.870376296893052e-07 2.175659199220712e-06 7.002890524731085e-06 1.520654736355227e-05 4.030804883466986e-06 5.254458995252917e-06 7.6468179315351e-06 2.5033864534932988e-05 2.771398552738581e-06 1.834440546041207e-05 4.345440065097605e-07 4.727660300202658e-07 1.8639204003977403e-07 5.905119800775284e-07 1.0774465094668078e-06 9.60799883568555e-08 4.164544579340849e-05 1.632970315591534e-05 1.0688809636775996e-06 9.5441838105293e-06 7.872854128738062e-06 1.3885165550876366e-05 6.7636115293110954e-06 4.3708001050274265e-06 8.879619898620404e-05 0.0004196833803204015 4.906041770844045e-06 2.0084548207315297e-05 1.4849440568369055e-06 2.8360244693036485e-07 7.424491782100313e-07 1.0316827365887369e-06 1.204629858324565e-06 1.7314561691703015e-07 3.3683853726632175e-07 4.2870105756669965e-07 6.267247815357211e-08 6.631778311028888e-07 3.8236767232527524e-07 0.0 4.549005059388421e-07 5.271797843147801e-05 1.2360208434544777e-06 2.338480472746015e-06 3.8036695849203177e-06 9.592161536143844e-06 5.110450609929683e-07 1.0625735346137737e-07 4.4329433602487736e-07 0.0 1.4657467889536038e-06 3.1833522731949996e-06 2.787550766795828e-07 2.9227345685719806e-06 3.1295821976653624e-06 1.1231348876315754e-05 5.435068652205512e-06 7.633774702668582e-06 3.597149700513348e-06 1.6645221653905876e-06 1.995267828104291e-06 1.1350964579346481e-07 4.46903857508648e-07 1.0795760717377111e-07 3.5084413536779e-07 0.0 0.0 0.0 0.0 0.0 0.0 0.0 0.0 1.2175148417657405e-07 2.861362227702918e-07 2.4756680026806785e-07 0.0 5.332009104101728e-07 0.0 1.3857471816599772e-07 2.575795454341502e-06 2.480832502297644e-06 0.0 3.1475493986893373e-07 1.2519438637023845e-07 5.936463808457349e-06 1.692052293372103e-06 1.2995449250313454e-05 4.173429941582314e-06 1.4883669256066825e-06 0.0 0.0 0.0 0.0 2.0115318821425015e-07 1.3461935407204538e-07 0.0 4.299418661191127e-07 5.985556658163981e-07 0.0 0.0 0.0 3.368034721233158e-06 5.14699285213109e-07 0.0 0.0 0.0 1.0278282346649502e-06 9.089852883697796e-07 0.0 4.3245910041680603e-07 0.0 1.5544860379440062e-05 2.7232552354448225e-06 0.0 0.0 0.0 1.1286434606386845e-07 0.0 0.0 0.0 0.0 8.254548280278776e-06 1.1579578935867984e-06 0.0 9.826125708104476e-08 0.0 1.3676207475069932e-05 5.850739364286197e-07 6.209889382472225e-06 1.22200059275247e-06 1.1284177121525764e-06 8.492066622410569e-07 2.2560774664966037e-07 0.0 1.2548844936389865e-07 0.0 0.0 0.0 0.0 0.0 0.0 0.0 6.429968289898779e-06 4.595421837414938e-06 1.0692443807618643e-05
