0.0 0.002387441296200835 0.00038949529304287025 0.0010166190682027157 1.0003785233917437e-05 7.664463769980365e-05 0.0001648772019615855 9.460817825897056e-05 5.847712997671942e-07 0.000691817707829138 3.213385188858219e-05 7.057400748237601e-05 0.00014132161387618393 2.0300340709566807e-05 2.7962726208988455e-06 1.0570363558876453e-06 5.344292392143628e-08 0.0 6.338846638490279e-08 6.059268806894632e-08 3.3604139974519357e-07 0.0 3.1413950691135085e-07 2.783226368568687e-07 0.0 0.0 2.0688342204751128e-07 0.0 0.0 0.0 0.000584760171195079 7.0013048680178695e-06 7.950469567587811e-06 6.213697008284788e-08 3.1314384553245463e-07 7.353226136630803e-08 5.192869945295995e-06 4.6957907964183905e-07 5.697535408168615e-07 1.2009944604011694e-07 8.611442944326618e-08 0.0 0.0 2.6354484936634403e-07 6.101995584763252e-08 0.0 9.741952717581496e-06 3.1595590896232997e-06 1.2836665135003867e-07 2.3148974516810318e-07 1.5979113610997277e-07 4.864280588544108e-07 7.138546515503472e-08 0.0 5.699398667158318e-06 1.4915970982577808e-05 9.540522126250853e-05 0.0003736847408278443 1.3413185793276968e-05 3.0706924509836945e-05 2.2738467707974105e-07 2.6958957338726167e-06 6.932387449797004e-07 6.669381540851256e-07 5.113758676079185e-06 7.510940382260199e-06 2.136618075035742e-06 1.0189533274935084e-06 5.906200632456158e-07 0.0 1.7170629529724526e-05 2.3437867573638015e-05 5.759853539290745e-07 0.0002088272675893339 9.05153149542316e-06 1.2322260762430795e-05 1.148608291620116e-06 2.0206428704323432e-07 1.0902826445268252e-07 7.01617814904865e-05 4.136943144409967e-07 4.838242783331203e-06 1.643845362373584e-05 1.1309691277303804e-06 7.802879339177681e-06 8.447743668692218e-06 2.1715034331202752e-06 8.321681028294261e-07 2.438319667293142e-06 1.283517108169415e-06 6.890108273913648e-07 2.3170680167041897e-07 7.311093938829414e-07 6.988927912811231e-07 6.818807786458413e-08 0.00023381208598032552 3.467997526840868e-05 9.284293637138195e-08 7.417647080869115e-06 0.00069674944100552 7.296565702277475e-08 2.353411705325056e-07 6.396910219442119e-06 2.160360004897968e-06 2.2816951317461373e-06 8.06346092524987e-06 3.62360032391207e-06 1.4300513695755479e-05 1.4195439885232618e-05 1.693720744970575e-05 1.1653030301914473e-06 1.773905790291483e-05 1.2193210830892326e-05 8.573695538271998e-06 0.0 0.0 0.0 0.0 0.0 0.0 0.0 0.0 0.0 0.0 0.0 0.0 0.0 0.0 0.0 7.796220666026237e-08 0.0 1.1724000280562668e-07 0.0 0.0 9.668333166392815e-07 0.0 0.0 0.0 0.0 1.3930714044911767e-07 1.368767542499903e-07 3.8571440781818023e-07 1.5728779332962323e-07 0.0 0.0 0.0 0.0 0.0 0.0 0.0 0.0 0.0 0.0 0.0 0.0 0.0 8.604148725284835e-08 0.0 9.825806174171618e-08 9.475366103083163e-08 6.762297016470532e-08 1.795955979884667e-07 2.9256481299953875e-07 0.0 0.0 0.0 1.244322083133853e-06 0.0 0.0 7.431809042668229e-08 0.0 6.924451640727054e-08 0.0 7.439171857877506e-08 0.0 0.0 9.247661460859052e-07 9.818765233286759e-08 0.0 0.0 0.0 0.0 0.0 0.0 0.0 1.3896338250819174e-07 0.0 0.0 0.0 0.0 0.0 0.0 0.0 6.933379695758327e-08 1.684917684628511e-07 0.0 0.0 1.4793802201229407e-06 5.048404118813485e-07 8.324271085264809e-07
0.002387441296200835 0.0 0.0012483204020102632 0.0009905872152951266 0.0009485691659152423 0.00026475492765743684 0.0027882895549361402 0.00035901728208916935 0.0002485162142969802 0.0024664741051692303 0.0008527787170570459 0.00020449599407835613 0.0011692174134109925 0.0007758181120694706 4.4301957275289014e-05 8.178761028438659e-06 1.2109997870629247e-06 2.546609501198111e-07 0.0 3.169620665142403e-07 9.266335448303312e-07 8.541749238148669e-08 6.659964582226179e-07 1.2057609826246686e-07 0.0 2.235442798684209e-07 2.3887757639230953e-07 0.0 1.5163511895155e-07 1.800358174910861e-07 0.0011520472956662408 2.823270249111137e-05 6.916095060367203e-05 3.321587703199817e-07 4.5908072402236065e-07 1.2217742302642453e-06 3.659087965461412e-05 2.0031686923177776e-06 2.337258065794979e-06 4.886531218537189e-07 4.569879364998887e-07 7.755037349895673e-07 6.599130238973313e-08 5.748449786214315e-07 4.4902439155298273e-07 1.1624142968731295e-06 0.00019578436386503864 1.8245663889005814e-05 1.2890185831629054e-06 3.301184708579827e-07 2.278099469350871e-06 1.0717611996088915e-07 1.1702592999675032e-07 7.320589711093094e-08 2.497547689774466e-05 5.4292875244904115e-05 6.47544592795845e-05 0.0002894231336784604 1.6665341338371333e-05 0.00012386495665708065 3.976716230758991e-06 8.417812743157718e-06 1.6351093981975097e-06 3.5862323717089284e-05 2.6210089649077975e-05 3.0488717064566152e-05 7.825976230015619e-06 6.934977497173683e-06 1.4475454391396074e-06 1.8841629761914054e-07 4.694310601932978e-05 4.36945622447377e-06 2.0078142358458718e-07 0.0004165475243417464 0.00010733347881121383 0.00015711113344133546 3.8434785569204384e-05 2.545746388721334e-06 6.692468420486291e-07 0.0003413433493540985 1.4274728286063487e-06 1.1662634336199436e-05 5.849734662961056e-05 3.556637843698609e-06 3.821377288126528e-05 3.775175202956527e-05 1.580908982628278e-05 2.064232995827544e-06 9.488370794770301e-06 3.216068233450287e-07 6.63308336554768e-06 5.119537385121932e-07 1.2341311630650708e-06 1.791856102079748e-06 1.0213912017078432e-06 3.024852936853172e-05 1.043683711340108e-05 1.0396390054806772e-07 8.17113638693467e-06 0.0006664071574556963 7.726644292873252e-07 7.0055265879664604e-06 3.484455762615938e-05 1.4381030740291065e-05 3.8305116751530095e-05 6.413995101834103e-05 1.911251195956287e-05 9.492865959669357e-05 5.865997975290932e-05 9.683060923292563e-05 6.199364808066912e-06 0.0001336744913694099 7.714444883256145e-05 6.187574164451005e-05 2.0256663164831986e-05 5.390745428957172e-07 0.0 2.0731834093718763e-07 0.0 0.0 0.0 0.0 0.0 0.0 0.0 0.0 0.0 8.325792193286742e-08 0.0 2.7711653394873223e-07 1.458054424766581e-07 1.44021088267318e-07 0.0 3.0370010562044243e-07 3.6949476582324587e-06 0.0 2.6703119921161354e-07 1.5109853382593293e-07 0.0 7.388459397207923e-06 1.8253690475269735e-06 8.029613652635519e-06 4.814935815531067e-07 6.301584816550594e-07 0.0 0.0 0.0 0.0 0.0 2.6170022167136665e-07 0.0 3.897804240604164e-07 2.1745517844437338e-06 0.0 0.0 6.801875086342951e-08 5.163176348110231e-07 0.0 7.937296119734756e-07 3.7835116088477295e-07 7.143141979032363e-08 5.83448060508419e-07 2.4255326748975822e-06 4.4055912560251383e-07 0.0 2.4667327659091104e-07 4.370197072676618e-06 9.882395805767444e-07 3.1875890714483896e-07 8.743563000475556e-08 9.638306465258293e-08 1.2505035764001187e-07 7.404515922793174e-08 5.909589283130559e-07 0.0 0.0 1.930021584041166e-05 7.718234306799308e-07 0.0 4.440772887193111e-07 0.0 2.7192115232358323e-06 1.5849807724612272e-06 1.0581985380608437e-07 2.3661512512386073e-06 2.0237924514706757e-06 2.1337785678622394e-06 2.803799366557637e-07 0.0 1.9843561693967826e-07 1.9845005091646157e-07 2.1128956974797205e-07 0.0 4.305846720130676e-07 7.591640511405915e-07 0.0 0.0 1.68025138476358e-05 1.5691709609073243e-05 5.326052416968371e-06
0.00038949529304287025 0.0012483204020102632 0.0 2.771423997406605e-05 0.000339179892452897 1.4032911181610368e-05 7.74992177007769e-05 0.0015729363076801832 0.0003370536509345095 0.00010530635794417889 0.0019197913618509816 5.5044754857952965e-06 4.811455191786856e-05 0.0009393699764107205 3.0692912087682986e-05 1.3842228126034727e-05 8.374676604467976e-07 2.218719676649724e-07 3.506477303955169e-07 3.08079776159636e-06 2.0343999953995395e-05 8.718464478266955e-08 1.5720218281817963e-05 5.2761930383849205e-06 3.912914105499401e-07 1.684815888875331e-06 4.949823511176485e-07 2.278405201989716e-07 1.2032012422819926e-07 1.186733557025079e-07 0.0037801876681712644 0.00011181634636499054 8.946918985012547e-05 7.384286183863932e-06 7.272747534730631e-06 2.989041748288255e-06 2.470800894721428e-05 4.268992345035124e-06 1.2944382800120948e-06 4.43082745026221e-07 7.2306256647298415e-06 1.5100461703814563e-06 2.384707483527638e-06 1.9269545462582332e-06 8.761024610620973e-07 1.047206788916598e-06 0.00011740760663267832 1.3408598767556378e-05 1.8931753229608113e-06 2.496449402772671e-06 1.1839291696502547e-05 1.4666409380408032e-07 9.992875737814038e-08 3.522196571446136e-07 1.4617535795908615e-05 3.0187113396935553e-05 3.20849048582142e-05 0.00022424252128872382 8.387525606839573e-06 7.802572857257618e-05 2.7955150649721234e-06 3.8699734155192216e-05 1.167939339207243e-06 4.511440614338036e-05 1.640066525185812e-05 1.8515596116079616e-05 1.3531052525206786e-05 6.597718218045444e-06 1.8204753566434154e-05 5.952418758576098e-06 2.7303846958116924e-05 1.3524238867889214e-06 1.3557613733568505e-07 0.00027045649452472946 8.51841302679497e-05 0.00010827315750987625 2.9806322591767513e-05 3.021560365904456e-06 3.2760426906447155e-05 0.0013187672837171778 4.350587174473209e-06 0.0002691843794955062 3.2144727029038625e-05 2.093249875031669e-06 2.456514675521983e-05 3.2861663313046e-05 1.2847586863290983e-05 8.180849210903731e-07 9.659442321184708e-06 4.3953878399412277e-07 1.0622492851799497e-05 5.102673377112664e-07 3.6022350651325794e-05 1.8763075431217167e-05 2.5295192553533383e-06 9.83223330887461e-06 1.9414139228112632e-06 0.0 3.3761278060311124e-06 0.0001271259101019746 0.0 1.1649423678523213e-06 7.650079346972512e-06 1.3159046207608685e-06 9.850862502541797e-06 1.2821348301560179e-05 2.7134455212733435e-06 1.9486030165474237e-05 6.431579250158424e-06 1.0727132050436508e-05 2.7219713821040805e-06 2.3695315029598832e-05 1.4811423299862721e-05 1.1418370550359702e-05 9.097093026702902e-06 7.90215953178446e-08 8.231261110030167e-07 2.476685062456761e-07 0.0 0.0 0.0 0.0 8.212994190472195e-08 0.0 0.0 9.349056094351952e-08 4.524863010154968e-07 7.319587631415447e-07 0.0 4.2282830188280983e-07 0.0 5.306243297266196e-07 6.366800392224621e-07 6.060887388631498e-07 2.3512465896198193e-06 0.0 1.8942828776406208e-07 3.017988645010727e-07 0.0 3.442814894218275e-06 1.9612180105288436e-06 3.857875999289006e-06 1.217549459465132e-06 1.7823313083605878e-06 0.0 0.0 0.0 2.689441784304145e-07 0.0 2.4883736575210254e-07 0.0 1.3871562658260652e-06 1.9483351657823095e-06 0.0 0.0 5.029137326167871e-07 1.080797070546509e-06 2.161576142993685e-07 0.0 6.752015554257588e-07 1.2858429307839884e-07 0.0 1.4103792728765707e-06 0.0 0.0 0.0 2.2051770758829684e-06 5.25640208947173e-07 0.0 7.095262333812249e-08 1.1426476156530414e-07 2.1354353907632507e-07 6.216838520878803e-08 0.0 0.0 7.212600539466897e-07 1.3527921594650916e-05 8.170927566769386e-07 0.0 2.409585730490675e-07 1.279165381694148e-06 3.601693293561067e-07 0.0 0.0 1.4223361221281646e-06 0.0 1.01305661865186e-06 9.386310049318582e-08 0.0 0.0 1.398095857898338e-07 0.0 6.910399499953027e-08 4.309219780767008e-07 1.061828896685446e-06 1.0632060582881963e-07 3.290241461243244e-07 7.446608704181397e-06 7.030896213741652e-06 4.026691795899991e-06
0.0010166190682027157 0.0009905872152951266 2.771423997406605e-05 0.0 3.942709455745625e-05 0.00026127188748610727 0.0005685851157352405 1.4578764009226518e-06 2.8325224095211957e-06 0.0016179887354737228 4.864953742403198e-07 0.00012324447246561747 0.0008176751028287594 1.8907934366505727e-05 1.5766255913672555e-06 7.59507799487648e-08 0.0 0.0 0.0 0.0 0.0 0.0 0.0 0.0 0.0 0.0 0.0 0.0 0.0 0.0 9.752257134086803e-05 8.402056692770773e-07 6.916476161006389e-07 5.829749388300746e-08 0.0 1.0653644870663351e-07 2.2629499577895951e-07 0.0 0.0 0.0 0.0 0.0 0.0 0.0 0.0 0.0 3.645192315570735e-06 2.2088116797948596e-06 6.903214171330985e-08 0.0 3.2356537344433535e-07 3.047092128075552e-07 0.0 0.0 3.516271786145161e-06 6.879339735739047e-06 2.5519704595807956e-05 6.97062841966757e-05 3.377419831635208e-06 1.2768255635426307e-05 6.596234329440551e-08 1.728367072753906e-07 1.5716703049628322e-07 6.863929194174238e-08 2.5504927878033885e-06 2.7019687492555394e-06 1.1188360774700771e-06 3.6799179645083684e-07 1.8857448613771257e-07 0.0 2.8380460031810036e-06 2.942606503305846e-06 0.0 6.994235214600133e-05 3.6020088071499492e-06 4.840862034446885e-06 2.2885792608327122e-07 8.518659672230155e-08 0.0 1.1621553055668785e-06 0.0 1.5463086708810005e-07 6.3713802417307644e-06 1.8521069317939449e-07 3.3775629050122566e-06 3.608226637197249e-06 1.2347735301966782e-06 4.1645319473454797e-07 1.1994679078582522e-06 2.726784002870913e-07 5.242535925859515e-07 0.0 0.0 1.3364969791786313e-07 7.09367358900978e-08 2.2086414907845235e-05 1.395255237835964e-06 1.4803380097016695e-07 8.733060447538137e-07 0.0002897396894493949 6.804635722314635e-08 4.2681588248490664e-06 4.9197737319886895e-06 8.356612859083043e-05 1.4277176017978816e-06 2.693342112020265e-05 3.8916921330808634e-05 7.307904965362586e-06 7.52994802817888e-05 2.761081049522601e-05 3.794807334952687e-07 4.2781782655320546e-05 9.189913218887669e-05 0.00011885457304341326 1.7528710628646214e-07 0.0 0.0 0.0 0.0 0.0 0.0 0.0 0.0 0.0 0.0 0.0 0.0 0.0 0.0 0.0 0.0 0.0 0.0 0.0 4.548224178521298e-07 0.0 0.0 0.0 0.0 0.0 0.0 8.592481620488428e-08 0.0 0.0 0.0 0.0 0.0 0.0 0.0 0.0 0.0 0.0 1.75441826621181e-07 0.0 0.0 0.0 0.0 0.0 0.0 8.767310705847268e-08 0.0 3.1123607578483566e-07 3.836226372458838e-07 8.821517028362e-08 0.0 9.878113869896443e-08 0.0 0.0 0.0 0.0 0.0 0.0 0.0 0.0 0.0 1.1002874195410794e-07 7.41548608093393e-07 0.0 0.0 1.306400770459002e-07 0.0 0.0 0.0 0.0 6.016260928647315e-08 2.6277991095698054e-07 7.469116243611031e-08 0.0 0.0 0.0 0.0 0.0 0.0 7.158854338937229e-08 7.433256757587871e-08 0.0 0.0 8.105999696853264e-06 9.230574683198134e-08 0.0
1.0003785233917437e-05 0.0009485691659152423 0.000339179892452897 3.942709455745625e-05 0.0 2.226319854265976e-05 0.00098762837332138 0.00024256269971222982 0.0023840772888866885 0.0012920634095643655 0.0012826869402684698 0.0001549990979014207 0.00032304752094869035 0.0016447447725363772 3.358375904100247e-05 1.2911492664702187e-05 4.4621686554372537e-07 1.3850336125875903e-07 8.48607025665338e-08 1.1552723325415881e-07 0.0 0.0 0.0 0.0 0.0 0.0 0.0 0.0 0.0 0.0 2.467790595562886e-05 7.701317211112717e-06 2.5462640221169822e-05 7.797008802412243e-08 0.0 7.423324800043729e-07 6.809269518149433e-05 2.9478992109003385e-06 6.820776832251043e-07 5.790847926080466e-07 1.5808577782275552e-07 8.232873647629196e-08 0.0 1.3533677556628893e-06 1.0294388033430753e-07 7.08982625543075e-07 9.375603228986694e-05 4.137200538336933e-06 6.115363874513606e-07 1.4243685738048477e-07 7.307313762337448e-07 5.9315585728982015e-08 0.0 2.489186354213159e-07 3.218382706517147e-06 9.959702679181362e-06 3.511911324451641e-06 1.202132963465164e-05 1.9562712482775423e-06 2.8784243130652924e-05 1.041373121391961e-06 2.710069203518288e-06 8.23952608476541e-07 1.9857977859732264e-05 4.5617263027522955e-06 4.5957414105210845e-06 1.2706267610168694e-06 1.5707848915362163e-06 7.131896332926609e-07 0.0 0.00010025392199687744 5.523277244394623e-06 2.3160410889043315e-07 5.810137980022265e-05 3.611984721885732e-05 7.920996613572502e-05 3.0085302168843882e-05 3.5762029481249482e-06 7.232981708033596e-07 1.2818931855253551e-05 8.434159603221137e-07 2.179286920322902e-06 7.202337866847526e-06 5.103184970208025e-07 6.330989278491886e-06 6.484344914044588e-06 2.8779983634842868e-06 4.246744981754635e-07 1.8525586543461913e-06 1.2634616802565743e-07 7.647441958646391e-07 0.0 0.0 2.6411586209294936e-07 1.3693333409583915e-07 3.495999596741494e-05 6.045693044917673e-06 0.0 8.698066635554935e-06 4.789853147191951e-06 7.098118908479737e-07 2.1334348291090527e-06 4.78189903541731e-05 4.854022650499373e-06 6.082523790312449e-05 8.170471595092306e-05 8.060338830647883e-06 0.00014927158981999412 4.827337952246886e-05 5.870542940048202e-05 1.5323625471627693e-05 0.0001708713362705979 9.24109088869166e-05 0.00010730091096745285 3.988012935918339e-05 9.363397010600338e-07 1.9844759968278384e-07 1.4484398324281503e-07 0.0 0.0 0.0 0.0 0.0 0.0 0.0 6.119531835214001e-07 0.0 5.251362237903893e-07 0.0 0.0 0.0 1.1297366656655724e-07 0.0 0.0 4.1085911107738765e-06 0.0 0.0 0.0 0.0 1.067814382399254e-05 2.562114096263353e-06 1.3563183895871254e-05 6.535343957989331e-07 1.7178531318932947e-06 0.0 0.0 0.0 0.0 2.484624565166499e-07 8.911283987862466e-07 0.0 1.943294896881145e-06 2.0794924963066226e-06 0.0 8.912185811603005e-08 0.0 0.0 0.0 7.612541331918418e-07 1.1398149968778972e-06 0.0 5.1198523998295965e-06 5.857338052125149e-06 1.1009220540138054e-07 1.418188749871889e-06 9.783376902198677e-07 1.689880845681086e-05 2.1915414433628933e-06 1.204754317077364e-06 3.276262425755418e-07 0.0 0.0 0.0 1.6389144084208834e-07 0.0 0.0 5.9023557836893533e-05 6.975829210796082e-07 0.0 1.427662005323665e-07 0.0 8.695735641844657e-06 0.0 6.683074199332118e-07 2.9136960297092356e-06 2.6857851096952847e-06 4.141771360011802e-06 1.0755844429814023e-06 2.1596822171998706e-07 0.0 0.0 0.0 0.0 0.0 1.6323549838502483e-07 0.0 0.0 2.1432569521966924e-05 2.4715846802875816e-05 1.0191916799878246e-05
7.664463769980365e-05 0.00026475492765743684 1.4032911181610368e-05 0.00026127188748610727 2.226319854265976e-05 0.0 8.854856414472504e-05 5.589978344428308e-07 1.7459739724602435e-06 0.00054195376388755 1.092994879426478e-06 7.155903829253605e-05 0.00011405989000169229 6.514252296223146e-06 2.3394916577443437e-06 2.078232571790141e-06 0.0 0.0 0.0 0.0 0.0 2.7075560653970977e-07 0.0 0.0 0.0 0.0 0.0 0.0 0.0 0.0 2.9613760476098966e-05 0.0 9.122929144792559e-06 0.0 0.0 8.200094081557352e-07 1.8768019377667748e-05 3.532473582103596e-06 7.736065376862253e-06 7.881712213487014e-07 0.0 0.0 0.0 0.0 4.099924814880225e-07 5.988403161578123e-07 2.021227304982491e-06 2.1024188081434282e-07 0.0 0.0 0.0 7.72580328467199e-06 2.1499883794987082e-07 0.0 6.379592761984079e-07 4.787218977609072e-06 9.491987909537639e-05 3.5965245066220875e-05 4.055990816417663e-06 2.902272829859167e-06 1.526863144445108e-06 7.908426544804165e-06 1.6677511531297715e-06 0.0 1.1743933271511926e-06 5.044292570066222e-07 1.2085917018136362e-07 0.0 0.0 0.0 9.627168310786098e-05 0.00022061219689504833 1.632440994809808e-05 1.991111395731373e-05 1.4995540267925307e-06 1.8013085100529258e-06 4.2142667591263013e-07 2.7742589307027853e-07 0.0 7.169011464600418e-07 1.9765261327389538e-07 4.805966746707336e-07 2.062043391770205e-06 2.497126413367333e-06 1.1072814655914342e-06 1.6919148486864797e-06 4.4306658894984805e-07 1.5170539241526673e-05 5.576809544805068e-06 1.5348404753029076e-05 2.152720934214132e-06 4.2680668292336626e-07 5.5118301366215606e-08 0.0 7.405899262847934e-07 0.0002826282959161135 0.0004829211400117959 6.765338090843916e-06 5.340397005750035e-05 0.00020531418487259426 0.0 0.0 3.774388414509194e-07 6.049350424675948e-07 8.814181075987546e-07 2.603209983460436e-06 2.852130691157581e-07 2.607733224339122e-06 1.0669353786369045e-05 2.8107158941417847e-06 9.879924233086216e-08 3.212745948368707e-06 3.981542465226757e-06 2.9337473322581567e-06 3.395631845477573e-07 8.887597683256066e-08 0.0 0.0 0.0 0.0 0.0 0.0 0.0 0.0 0.0 0.0 1.625306655685809e-07 1.1330198797132872e-07 0.0 8.62858622987936e-08 0.0 0.0 0.0 0.0 3.018117682556581e-07 0.0 0.0 0.0 0.0 2.1990462478419562e-07 3.9116184534126035e-07 1.192480898911234e-06 3.081516659025608e-07 1.3531276259042328e-06 0.0 0.0 0.0 0.0 7.483107943006699e-08 0.0 0.0 0.0 3.605625341008486e-07 0.0 0.0 0.0 3.9449534085944434e-07 8.384968140243984e-08 0.0 0.0 0.0 0.0 1.4692187628276381e-07 0.0 0.0 0.0 5.563607483235993e-07 3.0458004094752825e-07 0.0 0.0 7.436632360599645e-08 1.3866163612215732e-07 0.0 0.0 0.0 0.0 1.1830413898957067e-06 2.978831525353877e-06 0.0 1.0290789372951245e-07 0.0 0.0 0.0 0.0 6.744124308711841e-08 0.0 2.290288936361241e-07 6.35818596078992e-08 1.4851031887834277e-07 0.0 0.0 0.0 0.0 0.0 0.0 0.0 0.0 1.911198548637579e-06 1.6916086123694814e-06 1.9120931721789917e-06
0.0001648772019615855 0.0027882895549361402 7.74992177007769e-05 0.0005685851157352405 0.00098762837332138 8.854856414472504e-05 0.0 2.842218616908145e-06 0.000896617715900542 0.002471014561297085 8.260516401690295e-05 0.0006438483845559159 0.0026795860677017416 0.0030305489997654563 1.2534344373591503e-05 3.990231498591313e-06 1.3042971226761654e-07 6.707832139170618e-08 0.0 8.642383173722553e-08 0.0 0.0 0.0 0.0 0.0 0.0 0.0 0.0 0.0 0.0 1.9466743436767632e-05 1.3676682241571282e-06 8.155556033878287e-06 6.154771461323585e-08 0.0 2.0869546416445967e-07 1.8234329111054736e-05 6.804779534419645e-07 6.810258545367513e-07 3.225895761724048e-07 0.0 0.0 0.0 2.2708649001932077e-07 0.0 0.0 3.526188017418286e-05 1.8829660162409779e-06 1.987080060847975e-07 1.2690427220074275e-07 2.1654134989483488e-07 0.0 0.0 1.0866906997560216e-07 3.8053375278283665e-06 5.931190010007476e-06 6.1542733476149845e-06 1.1795764943412855e-05 9.52415730982143e-07 1.352089175387316e-05 1.3307964457821577e-07 6.386600795896282e-07 1.9284380127328665e-07 4.935127137263217e-06 2.6382055271370976e-06 3.288254858669285e-06 7.442493975066368e-07 1.0465493881913584e-06 9.453870078901905e-08 0.0 3.1938638243223766e-05 4.312881117996485e-06 0.0 3.641851164144626e-05 1.4545113914616713e-05 2.716308472506246e-05 1.0058002383113993e-05 1.552757938641117e-06 0.0 1.9831575257222446e-06 2.418196372346891e-07 7.698455825119635e-07 7.049374241602801e-06 3.4746843714309443e-07 3.5094973533633653e-06 4.4600025563603854e-06 1.8034110833223691e-06 3.4177199073506185e-07 1.6116363221394625e-06 6.576777482238549e-08 7.010308330864047e-07 5.508502982651169e-08 0.0 1.540472528138012e-07 1.8016129091438992e-07 4.01227815332325e-05 3.1880365679010855e-06 0.0 1.4495743266937408e-06 2.276997942019626e-05 1.2394471405902285e-06 6.073876634188611e-06 5.321383896602326e-05 4.4774595763189e-05 3.690719292610413e-05 9.926369337208692e-05 2.4294093047964527e-05 8.587108477891381e-05 0.00010073330614074742 6.83667009320133e-05 1.2638780062270044e-05 0.0002136899200214593 0.00013809701231787237 0.0001611149493459802 2.031702765791604e-05 1.1206979933180377e-07 5.45215281404006e-07 0.0 0.0 0.0 0.0 0.0 0.0 0.0 0.0 0.0 0.0 0.0 0.0 0.0 0.0 0.0 0.0 0.0 3.620945848904225e-06 0.0 0.0 0.0 0.0 4.381360211503978e-06 2.1127094804711703e-06 1.9083385777402616e-06 5.081774667251468e-07 5.560101787352715e-07 0.0 0.0 0.0 0.0 0.0 0.0 0.0 2.0937309068554817e-06 5.989917889676784e-07 1.0033321573189985e-07 1.1189651485944739e-07 0.0 0.0 0.0 9.244183059534733e-07 1.7576038290580033e-06 6.471538489266196e-08 1.4728602791225626e-06 2.2632519200376943e-06 4.4451806466636614e-07 1.838508724959103e-07 1.2459683144028482e-07 8.26228433599185e-06 7.837262088825715e-07 5.448694319995115e-07 1.9938959295524875e-07 0.0 0.0 0.0 0.0 0.0 0.0 2.8831546371391725e-05 1.4338741893787165e-06 0.0 0.0 0.0 3.5633647868259833e-06 3.3958050148234947e-07 0.0 1.9358598398339307e-06 7.153634746222808e-07 1.5866323475155785e-06 0.0 9.366670630778478e-07 0.0 0.0 0.0 0.0 0.0 0.0 0.0 0.0 2.714466298923107e-05 9.350516156581747e-06 8.930228714306278e-07
9.460817825897056e-05 0.00035901728208916935 0.0015729363076801832 1.4578764009226518e-06 0.00024256269971222982 5.589978344428308e-07 2.842218616908145e-06 0.0 9.164122345486953e-05 1.0895948312350162e-06 0.0013015018833677865 2.1978102696239467e-06 9.64001590333855e-05 0.0004558090132353379 5.71489948847496e-05 4.100123986490869e-05 2.3231741549218375e-06 8.642038897712672e-07 8.882456760272202e-07 8.795720839957538e-06 2.353444460714577e-05 1.7418884806627596e-07 1.3065769412470218e-05 3.0804619569733163e-06 1.2817464444119656e-06 7.624240384300529e-07 1.9234095394943514e-06 9.920663640871306e-08 3.7352543489209446e-07 4.768877758328137e-07 0.0014869958475436686 0.0007218719727601735 0.00010422025746887337 6.2151413989286205e-06 7.827339269442352e-06 2.2660336385377815e-06 1.3175120443477181e-05 3.853665331478174e-06 8.537475936760279e-07 1.5669283862178715e-06 8.891668007145747e-06 2.6283351430479213e-06 1.9153314897952326e-05 1.0802545952646633e-05 1.2607185339091347e-06 8.00475053040787e-06 0.00012532448915656718 1.1924983746243679e-05 2.887127563585179e-06 2.0692050998056477e-05 1.2977562603243933e-05 1.498756032705529e-07 2.87695655559271e-07 8.682206702748184e-07 4.286592308373754e-06 1.0610302526137798e-05 7.916512944047978e-06 8.265774531539739e-05 3.2573212922157663e-06 4.976136745352086e-05 4.110442557791351e-05 5.354146935315046e-05 2.3336567957829438e-06 8.97342822194367e-05 5.231128699802297e-06 1.783150618107023e-05 1.2908920716160469e-05 1.2132790271234452e-05 7.587070312373185e-05 1.938155423051281e-05 1.0943198072062992e-05 1.211135190141244e-06 0.0 0.00012372606069549095 8.868810368227398e-05 0.00013537365855030353 8.183589032015972e-05 2.6967454192492225e-05 0.0005050385171909525 0.00166375245362618 0.0002088642119741138 0.0015718421034886989 1.2372840794121629e-05 1.2008875559124382e-06 1.3897548838861343e-05 2.4222414720346687e-05 3.319960436612515e-05 7.315592312398149e-07 6.679594435678314e-06 3.08599406998931e-07 8.4684942779887e-06 2.85251391827796e-07 5.1481159899804955e-05 1.9555970208644457e-05 5.339334990290962e-06 1.2115321710330527e-05 2.8697064923356737e-06 0.0 1.9119270927026904e-06 3.152190933986522e-05 0.0 0.0 5.220774919000456e-06 0.0 8.659461316900851e-07 4.76403095460399e-06 0.0 6.509945732888922e-06 6.620525527523978e-07 3.377062239334348e-06 5.948852961896835e-07 6.646359400648151e-06 4.385214596577145e-06 2.7133987319714014e-06 6.765934877501146e-06 7.361227423860639e-08 1.8900066980913622e-07 1.1041809955714822e-07 0.0 0.0 0.0 0.0 1.8199407018043575e-07 0.0 0.0 3.388307501685314e-07 0.0 3.016962676597828e-07 0.0 2.56461805784829e-07 1.252047661739694e-07 1.211214003779845e-06 1.1030283880801244e-07 6.733115919000808e-07 0.0 0.0 0.0 2.7156648999049255e-07 1.099208109213314e-07 1.0598208518129752e-06 4.4374274569011695e-07 3.722758141915425e-07 2.8279771171332803e-07 4.2706714688859743e-07 1.1769225781763436e-07 0.0 0.0 0.0 0.0 5.585419721358609e-07 0.0 0.0 1.3291537450571679e-06 1.1997812196540652e-07 0.0 5.10252126631047e-07 8.047648837070718e-07 1.9515611092255653e-07 0.0 0.0 0.0 0.0 9.652486588252517e-07 0.0 0.0 1.6440592169219276e-07 0.0 4.270424762529721e-07 0.0 0.0 0.0 0.0 0.0 0.0 2.0790020912722289e-07 2.3444919010216193e-07 5.291232186867482e-06 0.0 0.0 3.516771334137264e-07 8.854641877800036e-07 0.0 1.0747127535852212e-07 0.0 6.283281152472129e-07 0.0 9.587092470665604e-08 0.0 0.0 7.349497479218482e-08 0.0 0.0 0.0 1.252321902501642e-07 3.2728134296413584e-07 4.128638978717488e-07 9.454715298811916e-08 3.2607619944295736e-07 1.1917426794286513e-06 3.1472060567304593e-06
5.847712997671942e-07 0.0002485162142969802 0.0003370536509345095 2.8325224095211957e-06 0.0023840772888866885 1.7459739724602435e-06 0.000896617715900542 9.164122345486953e-05 0.0 0.00010881790791553285 0.0008905416114978835 5.0610349489157285e-05 0.00023722922742051288 0.0005794214482744795 3.495616716439501e-05 1.7146706621106542e-05 4.3389688353158804e-07 0.0 2.0071757638253134e-07 2.4060911634961095e-07 4.599703299699832e-07 0.0 1.6727757792265856e-07 9.198653000944144e-08 1.202395740992044e-07 8.236118294321198e-08 0.0 0.0 0.0 0.0 1.3604032390750408e-05 5.447423468061183e-06 1.562237275167126e-05 0.0 0.0 2.8135791653302374e-07 3.0443435127427582e-05 8.650356398883868e-07 9.636684381759032e-07 0.0 8.372484597146306e-08 0.0 0.0 1.1146980736274466e-06 0.0 3.995498518600004e-07 6.011116948097216e-05 1.6931535515634492e-06 5.275192450553995e-07 6.578698174928494e-08 5.978767126941182e-08 0.0 1.1555648016557382e-07 0.0 1.0495190505965201e-06 2.7555950551970655e-06 9.719387231179605e-07 7.617504777908923e-06 1.2981306102372497e-06 1.558409473267484e-05 1.6858788560462666e-06 1.1914006771658585e-06 8.638824279832457e-07 1.6510866928108344e-05 1.7596532235083645e-06 1.5991328861532138e-06 8.966096019333146e-07 1.1173680427346636e-06 2.3521532294828815e-07 0.0 3.9524335702601015e-05 1.7722866180519457e-06 0.0 3.0434011760097623e-05 2.4925324057081556e-05 6.65751807161045e-05 2.9305870473395335e-05 5.0842135632129125e-06 2.2472948253167708e-07 6.765152502233826e-06 1.556202142617321e-06 1.7912822783493556e-06 3.4528846245265213e-06 4.383700827865444e-07 2.253261171260767e-06 2.113825640851993e-06 1.4863765063418426e-06 3.25728224996351e-07 7.776770870318378e-07 6.222746425766251e-08 5.025396772357271e-07 0.0 9.191769399520393e-08 5.867697747547586e-07 2.453331521216748e-07 1.94818631785516e-05 3.3077297231583533e-06 1.2897798711048937e-07 1.276104270524148e-06 8.064896743771232e-07 8.556397158223625e-08 9.659223595349085e-07 1.0872679331476635e-05 2.5945735149073095e-06 1.8846100217322304e-05 2.5922632377193105e-05 2.648675974189967e-06 5.8477287570418076e-05 2.0806411885398046e-05 2.219394982413762e-05 1.1401431043393776e-05 7.298389785660133e-05 3.34379683922727e-05 4.2725078156324235e-05 1.2508972694728219e-05 3.109551193141814e-07 0.0 0.0 0.0 0.0 0.0 8.769088449880468e-08 0.0 0.0 0.0 0.0 0.0 7.245567953505123e-07 0.0 5.13998316840025e-07 0.0 0.0 0.0 0.0 1.6936495738084812e-06 4.863172016914123e-07 0.0 0.0 0.0 4.000725848770241e-06 2.8297069206001875e-06 2.6997647783785033e-06 0.0 0.0 0.0 0.0 0.0 0.0 0.0 2.0079867336209224e-07 0.0 1.2679338337797467e-06 1.651196710510245e-06 7.340890818818142e-08 0.0 0.0 0.0 2.935313090149113e-07 2.0564820654213385e-07 5.712787502180378e-07 1.3811912198513975e-07 9.078690488204542e-07 1.7326539926401595e-06 0.0 1.0796427169708873e-06 0.0 5.142675764648872e-06 0.0 0.0 6.111677717943526e-08 0.0 0.0 5.566828241192742e-07 0.0 0.0 0.0 1.9042552829389117e-05 1.8993347695147816e-07 0.0 0.0 0.0 2.242436835140694e-06 1.0470504616087245e-07 3.4804379109568484e-07 9.31476995497059e-07 0.0 3.714454312008381e-07 2.68642364887293e-07 0.0 0.0 0.0 0.0 0.0 6.873494282145631e-08 0.0 1.1437069707320805e-07 0.0 1.2914317339753319e-05 1.1074579649694874e-05 3.548046413566227e-06
0.000691817707829138 0.0024664741051692303 0.00010530635794417889 0.0016179887354737228 0.0012920634095643655 0.00054195376388755 0.002471014561297085 1.0895948312350162e-06 0.00010881790791553285 0.0 4.6423529869888274e-05 0.001562767911158201 0.004139477150176069 0.0007248976244797297 1.9798442540811355e-06 1.3180894662588967e-06 6.482221263043679e-08 0.0 0.0 5.576915427546689e-08 0.0 0.0 0.0 0.0 0.0 0.0 2.514725522851571e-07 0.0 0.0 0.0 3.494527031301172e-05 3.0691168704093686e-07 1.6467443213177947e-05 0.0 0.0 0.0 3.296653007826945e-05 5.364563566995586e-07 5.598982191029266e-07 8.090006538776586e-08 1.0432793992928598e-07 0.0 0.0 7.547636789496179e-08 0.0 0.0 6.9541907464331705e-06 8.323441935086344e-07 7.790805886035206e-08 0.0 0.0 8.181436979323557e-07 0.0 0.0 1.5936511553433199e-06 4.614842967950921e-06 3.9841440151733705e-05 3.198462452389142e-05 3.056937553713015e-06 5.285841329190251e-06 1.394618128144886e-07 2.7852144102230826e-06 0.0 7.443819847842343e-07 9.779536572144447e-07 2.0171080475610198e-06 4.62492769347732e-07 1.415510362144115e-07 0.0 0.0 8.125185842471801e-05 2.981810120611005e-05 1.0173705356871124e-06 3.5999908479726545e-05 3.052639797551071e-06 4.3175743718380005e-06 9.172925120891092e-07 4.798561334717124e-07 0.0 9.26258242246226e-07 0.0 5.584545767809208e-07 3.929875875039691e-06 5.423967272416662e-07 2.475510422643913e-06 2.4436565594539847e-06 6.801176268882734e-07 1.1267623934060776e-06 1.6773843191997088e-06 9.980391139390715e-07 1.9790858251122827e-07 0.0 0.0 1.0612712626099698e-07 2.8541597466044316e-07 0.0002753717989525743 3.579224755609745e-05 3.1002831313726185e-07 1.2829424396988061e-05 0.00024751117546701387 7.521251825315581e-07 8.439319071154897e-06 5.041044407221019e-05 6.176356843765496e-05 5.9188489862408825e-05 0.00015206766314744015 5.5603507751311546e-05 0.00015814437973491716 0.00015923917321544932 0.00017521826938479175 2.0808300592126807e-05 0.00033101568259995246 0.0002150972368640088 0.00018718973932426222 3.524259136360657e-05 2.494580027691112e-07 2.126832903696177e-07 0.0 2.537503288008732e-07 0.0 0.0 0.0 0.0 0.0 9.740613571686957e-08 0.0 0.0 0.0 0.0 2.0463514668075403e-07 0.0 9.649412328684263e-08 0.0 0.0 4.630071983909407e-06 7.84318553578188e-08 0.0 0.0 0.0 9.549334621683955e-06 6.1219016649083385e-06 5.1500714148767866e-06 4.1386342558008576e-07 3.587024075095646e-07 0.0 0.0 0.0 0.0 0.0 1.44363883943125e-06 0.0 1.523675115974433e-06 2.303158709460472e-06 0.0 0.0 0.0 0.0 0.0 3.071659006001366e-07 5.800847040711668e-07 1.0688380914558677e-07 1.0485367294932749e-06 1.9834760517861747e-06 1.094978076176736e-07 2.1666113511286464e-06 0.0 4.520440648814918e-06 3.4294665453258427e-07 0.0 1.371710893717741e-07 0.0 0.0 0.0 9.032082318519892e-08 0.0 3.804112812813245e-07 3.6250655975318186e-05 1.3192787559105938e-06 0.0 0.0 1.8031743114180664e-07 1.4076025192039918e-06 2.2046675838450455e-07 5.040132860093667e-07 2.6671409591854213e-06 1.2148814906797217e-06 1.7177309779488655e-06 1.4325150642507774e-07 4.0890015707617166e-07 1.3969407560008898e-07 0.0 0.0 0.0 0.0 0.0 0.0 0.0 6.624999465506892e-05 1.2212726114353937e-05 3.4961137374063565e-06
3.213385188858219e-05 0.0008527787170570459 0.0019197913618509816 4.864953742403198e-07 0.0012826869402684698 1.092994879426478e-06 8.260516401690295e-05 0.0013015018833677865 0.0008905416114978835 4.6423529869888274e-05 0.0 9.070087099313731e-06 0.0005849538774228674 0.0023662505086505707 1.812877981876161e-05 1.7241821491327067e-05 2.7006914118657705e-07 0.0 7.567288392250654e-08 1.8445735855528817e-07 9.89292517357034e-07 5.74223881098683e-07 6.954041149224804e-07 6.896485223084868e-07 2.175267170516716e-07 2.865274004666281e-07 8.042931051704681e-07 8.869989095028689e-08 0.0 0.0 0.0003274162488977273 2.66862769285234e-05 0.00013016878539817814 1.5081146126342128e-07 1.453970496769839e-06 4.9689204827366615e-06 2.6656081322517985e-05 9.091502040906233e-06 1.1241003968044815e-06 7.059938665405141e-07 8.258513264082113e-07 1.2521589122513446e-06 1.1432703537274885e-07 6.729317849942073e-07 6.943929498503427e-07 2.4077837139674376e-07 5.145102291713961e-05 9.839278269590829e-07 1.3421577939550433e-07 0.0 2.460490442712772e-06 6.05893868184238e-07 0.0 3.8119971507728977e-07 1.6427881251412552e-06 3.4494889511395885e-06 2.8026246835723757e-06 1.0684900570475765e-05 7.288719643857449e-07 1.2374480837344747e-05 8.182188275250378e-07 2.3337741786960307e-05 1.7697493177702173e-07 1.5135728370245557e-05 1.7643260040321962e-06 2.5007246085441674e-06 1.7396853876247898e-06 4.5490778890058863e-07 3.4396971120606653e-07 1.0710430888769491e-06 1.9401099432456703e-05 8.784662370247297e-07 0.0 3.115513795078206e-05 2.0367033064788365e-05 4.1886780707706645e-05 2.2196091526004144e-05 4.425075973418266e-06 0.0 0.00022244715967784125 2.5389876515101706e-07 3.415655598750302e-05 2.5314256579745417e-06 3.9047730355897843e-07 3.045543197831839e-06 4.319562231208875e-06 1.593919107323758e-06 1.1598453943850038e-07 2.039974354540537e-06 8.147215358715121e-07 6.509526979669487e-06 1.3440751287906334e-07 3.833264073348579e-06 5.404953441330267e-06 2.1494962187861825e-06 7.308885583553983e-06 1.8229094192133656e-06 0.0 2.438483636118136e-06 6.136005435091511e-06 4.890555223224533e-07 0.0 9.05869523304171e-07 3.0523108093723633e-07 1.2919862116677164e-06 7.116168267857235e-06 1.4120456800532923e-07 8.966302038088505e-06 3.1093476304170627e-06 8.612032938524182e-06 1.4711592572643955e-06 1.4737607059956841e-05 7.2351320875551585e-06 8.938219002164639e-06 7.57718441115935e-06 3.0784330934038566e-07 0.0 0.0 0.0 0.0 0.0 0.0 0.0 0.0 1.2991329345585694e-07 1.8905852084270445e-07 1.747963127003511e-07 0.0 0.0 1.1290453314236275e-07 0.0 3.854546825809068e-07 0.0 0.0 5.818205660667142e-07 0.0 0.0 3.669426780306401e-07 0.0 3.5189758230832576e-06 2.9621898360843886e-07 1.237660776465212e-06 5.699521531049095e-07 2.839279798793683e-07 0.0 0.0 0.0 0.0 0.0 1.5761743389146193e-07 0.0 0.0 0.0 0.0 0.0 1.1448432686451515e-07 7.629789766281763e-07 0.0 0.0 0.0 0.0 1.1270754413704773e-06 0.0 0.0 0.0 0.0 2.0559784928009465e-06 0.0 0.0 0.0 0.0 0.0 0.0 0.0 0.0 0.0 6.379591025493685e-06 9.236503310843876e-07 0.0 0.0 0.0 0.0 0.0 0.0 7.194732916760851e-07 1.1039154372615044e-07 4.4319338153021914e-07 0.0 4.3339622744754857e-07 2.598572872943703e-07 0.0 0.0 0.0 1.4614953620301927e-07 0.0 5.510808389511276e-08 0.0 3.4453472008908868e-06 3.7916931456992355e-06 8.471577085694755e-07
7.057400748237601e-05 0.00020449599407835613 5.5044754857952965e-06 0.00012324447246561747 0.0001549990979014207 7.155903829253605e-05 0.0006438483845559159 2.1978102696239467e-06 5.0610349489157285e-05 0.001562767911158201 9.070087099313731e-06 0.0 0.0013676093359063345 0.00014233427096293404 4.548060982002805e-06 5.620003285087761e-06 0.0 0.0 0.0 6.747034609048973e-08 0.0 1.114724754178749e-07 0.0 0.0 0.0 0.0 0.0 1.2405046056769602e-07 0.0 0.0 3.31712548892553e-06 1.1367723682976442e-06 3.6299255045630366e-05 0.0 0.0 1.6306958008573199e-06 0.00019406588246420503 1.327725160313468e-05 7.347905856255137e-07 4.089504049680976e-07 0.0 0.0 0.0 4.790401268945738e-07 9.848950425146742e-08 7.840694967238878e-07 7.306860375248829e-06 0.0 0.0 0.0 2.1711170064443923e-07 3.477842001725855e-07 0.0 3.775997306437783e-07 3.7287618895599784e-07 4.402384936842109e-07 4.6530216951941186e-06 9.720536097061823e-07 0.0 1.059884233712356e-06 4.893979918066946e-06 1.0950729374809832e-05 3.397420027640876e-06 1.3542476526144965e-06 5.090694999217732e-07 1.663787282816955e-07 1.3879220389020816e-07 1.8626310709379198e-07 1.7066469357792592e-07 0.0 9.119169631576895e-05 1.9873484148115493e-05 2.919105926420649e-07 3.1727395410011442e-06 5.605341199664372e-07 3.5044760083699483e-06 2.076303786671207e-06 1.653337270706291e-06 0.0 6.7376519389137705e-06 2.616268477568178e-07 2.347779345965819e-06 4.735205434722511e-07 0.0 1.978098184208355e-07 4.0342657625848563e-07 1.0653747525067862e-07 1.60714018394234e-07 6.174970010582823e-07 8.565171231648136e-07 1.3928902722335035e-07 0.0 1.3403684413396518e-07 1.2370104032494393e-06 3.8077058129097025e-07 0.0005575684214987455 6.427187651561182e-06 1.9611901403377134e-07 4.871909719979059e-06 2.0593880940880425e-05 9.889056829416936e-07 6.641452155545651e-07 2.559964457388523e-05 4.481418150336015e-06 2.9478099082841258e-05 6.542353586402659e-05 8.40888288447896e-06 8.875884076494115e-05 3.6603652121891136e-05 5.186659261242452e-05 9.537456984216546e-06 0.0001459571284910878 0.00011182471609039079 0.00010130212598219206 3.6564503713467866e-05 8.100319085126973e-07 6.020061779928226e-07 0.0 0.0 0.0 0.0 1.1252436646638024e-07 0.0 0.0 0.0 0.0 1.4461745279428887e-07 2.789783586549319e-07 0.0 1.0880547561329261e-07 0.0 1.3960810973171615e-07 0.0 2.2815528546602635e-07 4.024548563811267e-06 0.0 0.0 0.0 0.0 1.3617296308793604e-05 2.0337972168910604e-06 5.084971891446135e-06 1.78200153828151e-06 1.5435662248860403e-06 0.0 9.918996226338279e-08 1.053263163732734e-07 2.1183999882739323e-07 1.7900597315487586e-07 5.397214287398971e-07 0.0 1.2352868166100203e-06 3.4848521127108222e-06 0.0 3.086475922088973e-07 0.0 2.699349853113032e-07 0.0 8.7061119394584e-07 5.895914469247118e-07 2.2220992611173714e-07 1.4489569467954547e-06 2.6644824259707435e-06 0.0 7.775313993253288e-07 8.162264686293304e-08 7.731776418278715e-06 2.018468611769397e-06 9.972627876065162e-08 4.416016290496351e-07 1.036830400161092e-07 2.2719108238548344e-07 1.0867677385287505e-07 0.0 0.0 9.148981700579941e-08 5.734698054920597e-05 6.0353340690354545e-06 0.0 8.011483594424042e-08 0.0 3.6514923267048585e-06 9.056076586339811e-08 3.904975849992708e-07 1.8898068769757473e-06 5.007377633668945e-06 2.180932029109156e-06 2.679704198557698e-07 3.145381034107968e-07 0.0 8.781182481873192e-08 0.0 0.0 0.0 0.0 1.1001209659038642e-07 0.0 4.3522410698049185e-05 1.7250296293583895e-05 8.705666793503754e-06
