0.0 0.0007975411185505361 0.00022744956820753778 0.001474508778740367 1.0070808665817597e-05 4.3457125550046644e-05 0.00013219476553835921 3.264048754321296e-05 1.6012325556053887e-06 0.0008382052161297808 1.1012787753291565e-05 0.00032369038098042143 2.4602509229978696e-05 3.504732230294976e-06 6.160470138871525e-07 3.2745286660863923e-07 0.0 7.53696551503367e-08 0.0 0.0 0.0 0.0 0.0 0.0 2.222819906541923e-07 0.0 0.0 0.0 0.0 0.0 0.0009165540508524232 7.183117798477239e-07 3.6905031343226685e-06 1.2888969430335213e-07 8.16241431820484e-08 9.222381594155274e-07 1.204822130050878e-06 7.809087143356627e-08 5.542224000073987e-07 1.0565253564116223e-07 0.0 0.0 2.0893386599564805e-07 9.30090195669996e-08 7.136973674122942e-08 2.041391360404135e-07 4.70714560949341e-06 4.105131068804276e-07 2.284767801962903e-07 0.0 1.3139540839946653e-07 0.0 0.0 0.0 9.988777371656079e-06 1.6624747743174425e-05 0.00013591548443917382 0.00041728002757378393 4.419579535208756e-05 6.99219222108355e-06 1.5690860837969766e-07 3.4189802381687173e-07 0.0 6.593581698178096e-06 3.0074414769152944e-06 6.156539710960389e-07 1.356944744839675e-07 0.0 2.427637104059621e-07 0.0 5.785866079110668e-06 0.0 0.0 0.00015661124356745496 8.593110454780729e-06 8.264954279641921e-06 7.113338896478794e-07 7.423045404208765e-08 1.0726966320043895e-06 4.7543728298161994e-06 8.292215891336395e-08 1.3521343882327597e-06 1.1284177227481403e-05 1.6274421114258361e-06 1.5014563794267938e-06 1.6076477095373706e-06 1.4998728613891394e-07 0.0 0.0 0.0 0.0 0.0 4.569421095150432e-07 0.0 2.7369126178157967e-07 3.870815636957952e-05 1.17031344101062e-05 0.0 1.6043136008946126e-07 0.0008216161516039083 0.0 1.161838609103624e-06 0.0 5.863202913898548e-06 0.0 2.272564822260485e-06 1.2133226905508357e-06 7.312957645204919e-07 2.6734606948721655e-06 3.6950960906633123e-06 0.0 1.1823136101752041e-07 2.170721216663618e-06 4.772442657784539e-07 1.309534773295588e-06 0.0 8.175211531888674e-08 0.0 0.0 0.0 0.0 0.0 0.0 0.0 0.0 0.0 0.0 7.241949931961203e-08 0.0 0.0 0.0 0.0 0.0 0.0 0.0 0.0 0.0 0.0 0.0 2.6301781666553735e-07 0.0 1.4670617810644737e-07 0.0 0.0 0.0 3.2018350945371116e-07 0.0 0.0 0.0 0.0 0.0 0.0 0.0 0.0 0.0 0.0 0.0 0.0 0.0 0.0 0.0 0.0 5.413872143400146e-07 4.08633082877547e-07 0.0 0.0 1.821878485230719e-06 0.0 0.0 0.0 0.0 0.0 0.0 0.0 0.0 0.0 1.292803761960089e-07 0.0 0.0 0.0 0.0 1.1804592128410358e-06 0.0 0.0 0.0 0.0 0.0 0.0 0.0 0.0 9.548251311941652e-08 0.0 0.0 0.0 0.0 0.0 0.0 0.0 1.1643589254086962e-07 0.0
0.0007975411185505361 0.0 0.001528984910712643 0.0014933335914267304 0.0006883237213670983 7.051561189595208e-05 0.0024225484249453875 0.0002532879553302898 0.0005799620056358534 0.0020514616769734314 0.0009621922861755685 0.00011836853053351823 0.00031022018696680336 0.00012706903461374901 4.3172027799778815e-05 5.393417735187352e-06 3.5471596556513045e-07 2.864246116020905e-07 8.564292797794305e-08 2.2509644162559996e-07 0.0 1.5955748444611395e-07 0.0 2.0734830427276547e-07 2.206672541546302e-06 1.9865658900105545e-07 1.5511988978453803e-07 9.001796715075938e-07 5.369834418889307e-07 0.0 0.0020009083431281054 1.3878309123694564e-05 2.15234613128509e-05 7.03702914612355e-08 3.376985210844739e-07 1.483232905850952e-06 7.639807785878004e-06 8.418643615767897e-07 3.0081538910251907e-06 5.895292776146164e-07 8.789942584096112e-07 7.895737524948539e-07 6.691435525788743e-07 1.0114401886191223e-06 2.831858333349075e-07 2.9399990271542147e-07 9.88542320706418e-05 3.189113798819294e-06 6.695608387810139e-08 2.719873275221921e-07 5.650072493693464e-07 0.0 2.481831996156115e-07 3.843830519754169e-07 1.9589448856082868e-05 4.2776848078348526e-05 9.010223163125174e-05 0.0004167718567550715 4.971075710604062e-05 4.5831119099402265e-05 9.250535516261871e-07 1.1084996623027265e-06 1.277886523864607e-07 0.00010575852191112119 5.908697042345986e-06 1.1689445182422587e-06 5.233394872933528e-07 6.899663909563576e-07 3.1047363852172583e-07 5.053251508391833e-07 2.5226684552041722e-05 1.2075256135945968e-07 0.0 0.00030091110176683655 0.00015283727067058215 0.00015187256307845848 3.52826871552002e-05 3.589248125672135e-06 1.5284694259553172e-06 2.399655599303361e-05 4.6165652732100994e-07 5.9708336172354895e-06 3.2652656399092305e-05 3.017309403238684e-06 3.233429235711608e-06 5.936796611785912e-06 1.3130077069277818e-06 1.8964624604157444e-07 4.433130171392664e-07 1.2683503661770072e-07 5.237126496553905e-07 0.0 9.707561515675387e-07 7.729137449204338e-08 5.589035520260781e-07 9.067410711384793e-06 5.972400010959007e-06 0.0 2.375195974700518e-06 0.0004846937242125686 3.5702895962421653e-07 1.0473454343801638e-06 1.3023943607180515e-06 6.957244049235481e-06 2.37491337411519e-06 3.572435455851222e-05 3.120629995230503e-06 3.6902844132013136e-06 9.488678173555473e-06 2.771899092381205e-05 1.106644172923016e-06 9.096350661871235e-06 2.5006002200097466e-05 6.9883655322986585e-06 8.641720334764748e-06 1.4607678545880554e-07 0.0 0.0 0.0 0.0 0.0 0.0 0.0 0.0 0.0 0.0 0.0 9.564473908474669e-08 0.0 0.0 0.0 6.424398357503673e-08 2.4786258024478097e-07 8.185698289219255e-08 1.156706078261036e-07 0.0 0.0 0.0 0.0 7.369429150643306e-06 6.643441476286778e-07 8.435785002217323e-06 1.6550641969531899e-06 1.1608393562316544e-06 0.0 0.0 0.0 0.0 0.0 0.0 0.0 2.866390321440977e-07 3.4519744181292095e-07 0.0 0.0 0.0 2.6062425044634017e-07 1.4693590288668915e-07 9.70262182967503e-08 1.1601956317863318e-07 0.0 4.7072329783369643e-07 2.2306850265420247e-07 1.2392543519822186e-06 3.849155593826412e-07 3.179715244070167e-07 1.2267757613059607e-05 3.594943200374561e-07 0.0 1.5955038094987593e-07 0.0 0.0 0.0 0.0 3.4313275290893645e-07 0.0 4.490349104001105e-06 4.4542204829246146e-07 1.1042358900900904e-07 0.0 5.076641407823791e-07 7.649180095132611e-06 0.0 1.232860799751095e-06 9.62531290965129e-07 0.0 0.0 9.366050273588523e-08 0.0 0.0 0.0 0.0 0.0 0.0 0.0 0.0 0.0 3.583160216187269e-06 1.4030709648473077e-06 2.594054548187508e-06
0.00022744956820753778 0.001528984910712643 0.0 6.949474778072575e-05 0.0004150911010323013 1.7117040074104258e-05 0.00019612692568578375 0.000585783240329546 0.000906055034962225 0.0002522423234245691 0.0013951972223052189 0.00018320946034628 0.00048580765500736653 0.00033680668926909806 2.2541465594813243e-05 1.421706084470077e-05 6.150739961092682e-07 2.2168257205656213e-07 0.0 7.743084846854442e-07 2.0729107848627118e-06 2.0742054048524137e-07 3.574400471678528e-07 9.676065674200297e-07 2.1218025160808115e-05 4.04713082441269e-06 1.6234871228904452e-06 6.257683481771957e-06 1.103867927944918e-06 3.8606239440924853e-07 0.004731865116135347 0.00017509558624075386 8.480596024977118e-05 2.676236279422722e-07 5.990003431476696e-06 1.5795157515867415e-05 2.1265789922348053e-05 4.830645591028884e-06 3.934549379414338e-06 5.295029236879265e-06 7.85633063515799e-06 5.06429569776907e-06 1.7995529089843668e-06 3.186429972095326e-06 4.588414731244459e-07 8.632759529071131e-07 4.114787457065867e-05 1.0237539121399042e-06 2.499099056246523e-07 2.342754796201916e-06 1.311588385737649e-06 7.038870750924226e-07 4.08208511171579e-07 1.9168368996935825e-06 8.558654551061788e-06 2.049605702527892e-05 5.824819814203248e-05 0.0003323032001739182 2.63969333470764e-05 1.832849283427315e-05 2.105515889797559e-06 9.69700125327942e-06 4.5214554908347206e-07 0.00020769597130796812 4.531515908385596e-06 5.552518713395729e-07 3.444474301350884e-07 2.1537589256830342e-06 7.554057125007261e-06 7.889680931169633e-06 2.5630621189062788e-05 1.143047084638284e-06 0.0 0.00013962770975817953 7.256417353377922e-05 6.581774730590621e-05 2.3564177253487922e-05 1.0895606659273459e-05 7.250369021183554e-05 0.0003801850497967969 3.299698256537031e-06 0.00015507706009640614 1.3652585369508067e-05 2.0323674344782027e-06 2.0917686432943858e-06 2.564390056685437e-06 1.1560050786271595e-06 5.8809283731056324e-08 4.790877790587232e-07 0.0 2.4375974954390923e-07 7.62537695006702e-07 1.2316418189957845e-05 3.4964043585966814e-06 2.0652567000634377e-06 8.207421711553903e-06 2.9128396153218006e-06 0.0 1.5864012094918708e-06 0.00017783304769985805 0.0 8.931540121156248e-07 0.0 0.0 1.334065714712565e-07 2.9421190931675985e-06 5.219609462038781e-07 1.0907263611004804e-06 5.984740094379078e-06 7.600763959628336e-06 1.3119163894164282e-06 2.279318037090664e-06 6.253005699493806e-06 2.2307033157047407e-06 3.401384539973073e-06 0.0 7.812333638745638e-08 0.0 0.0 0.0 0.0 0.0 0.0 0.0 0.0 8.057672278134188e-07 0.0 8.046523845209669e-08 0.0 6.000774131048554e-08 5.275771752181927e-07 7.685299621029805e-08 1.45833924930762e-07 0.0 1.0268552902770722e-06 2.3685623284567228e-07 0.0 0.0 0.0 3.0382637707013406e-06 2.9794565566565975e-07 2.5597036056457717e-06 6.954413092775743e-07 6.903846860005691e-07 2.9292589672601275e-07 8.721785525733618e-08 0.0 0.0 0.0 9.053371633911357e-08 9.751214736151207e-08 0.0 0.0 0.0 0.0 0.0 1.4201716856008452e-07 1.562876640043752e-06 1.7903749682355334e-07 0.0 0.0 1.6701019604749584e-07 0.0 0.0 0.0 7.125905428542481e-07 4.5595949213682535e-06 0.0 0.0 0.0 0.0 0.0 0.0 0.0 0.0 8.669546747213178e-08 2.1663743761867754e-06 3.9360474734895464e-07 1.268231801232478e-07 0.0 1.475067722937288e-07 1.6496593359535823e-06 0.0 1.7364864729167438e-06 0.0 0.0 1.503510933108108e-07 0.0 3.6759418822729184e-07 0.0 0.0 0.0 0.0 0.0 4.649924872409717e-07 8.344897728333754e-08 2.978419321400643e-07 2.320312979507973e-06 7.056534431554955e-07 1.3258798089346927e-06
0.001474508778740367 0.0014933335914267304 6.949474778072575e-05 0.0 3.806524209204344e-05 0.0002045901512547585 0.0007587202419941722 8.355555104779681e-07 4.276805412161302e-07 0.0019235006205907848 1.2793876912679831e-06 0.00010920069285441483 2.684006570348155e-05 2.003099303505605e-06 7.267257005745325e-06 3.5343881310387853e-07 0.0 0.0 0.0 0.0 0.0 0.0 0.0 0.0 0.0 0.0 0.0 1.1169782934881635e-07 0.0 0.0 0.00010359448575524547 1.0318697969976849e-06 4.213851638792066e-07 0.0 0.0 0.0 8.660556924309445e-07 0.0 2.436287196795541e-07 0.0 0.0 9.517542991308645e-08 0.0 3.173766091971919e-07 2.4906917096338753e-07 0.0 2.455437817036298e-05 7.920531066916775e-07 0.0 0.0 7.421376134595004e-08 0.0 0.0 0.0 1.0512104472032862e-05 2.5025244692569584e-05 7.440621534508368e-05 0.00024414025671304826 4.151480534641959e-05 1.4932914612041681e-05 0.0 0.0 0.0 1.9164089083250042e-05 2.821351529182482e-06 6.067446215482991e-07 3.578523879637536e-07 8.268391097767988e-08 8.119571291516635e-08 2.2488696648983167e-07 1.6367345609500429e-06 0.0 0.0 0.00018810797673413337 4.228363622947191e-05 2.840248013784988e-05 6.144660496760005e-06 1.9368177553577537e-07 0.0 0.0 0.0 0.0 1.7477714349349536e-05 2.236308151043903e-06 1.2848151524100862e-06 2.664884960037203e-06 6.898235357988508e-08 1.2719363317229858e-07 2.237935428906479e-07 0.0 6.230642957297518e-08 0.0 0.0 0.0 0.0 6.037056064918667e-06 4.6128693230774196e-07 0.0 7.76876341373099e-07 0.0005507905554623481 7.013215221008394e-07 9.417253584926744e-06 3.3525557464596717e-06 3.6248798358658875e-05 5.870145827439756e-07 1.3604789619875826e-05 3.461735747287164e-05 1.8260889968222203e-06 2.8756570090908333e-05 3.70819054354295e-05 5.350296788108999e-07 2.9076926486771945e-06 9.979822957028985e-06 2.175349638483283e-06 2.4852663545796016e-06 0.0 0.0 0.0 0.0 0.0 0.0 0.0 0.0 0.0 0.0 0.0 0.0 0.0 0.0 0.0 0.0 0.0 0.0 0.0 3.254134715594875e-07 0.0 0.0 0.0 0.0 1.2888837968852857e-06 0.0 5.462052464670226e-07 0.0 1.0716236660583539e-07 0.0 0.0 0.0 0.0 0.0 0.0 0.0 0.0 0.0 0.0 0.0 0.0 3.726339992031714e-07 0.0 1.0998736361704587e-07 0.0 0.0 3.3170253063291975e-07 7.694271035165831e-07 3.266505615500091e-07 0.0 0.0 1.075673511749585e-06 3.1684012362406565e-07 0.0 0.0 0.0 0.0 0.0 0.0 0.0 0.0 1.0703426030340192e-06 0.0 0.0 0.0 0.0 2.506314949971859e-06 0.0 1.1695460377275028e-06 7.965411382566305e-08 0.0 0.0 0.0 0.0 0.0 0.0 0.0 0.0 0.0 0.0 0.0 0.0 8.664492240424435e-07 1.3690597420729486e-07 0.0
1.0070808665817597e-05 0.0006883237213670983 0.0004150911010323013 3.806524209204344e-05 0.0 9.502132044623968e-07 0.001622893297313261 0.00012997075648782624 0.0040054665963936776 0.0010615467546988351 0.0012026267811583629 0.00014414457950537435 0.0009194407058053625 0.00042564733043648186 3.46353117728221e-05 4.966650045239976e-06 1.1124822899907566e-07 0.0 0.0 6.721549669642723e-08 0.0 1.6248261683328274e-07 0.0 0.0 2.7883866004418567e-07 4.579072593648104e-07 0.0 1.054548129955095e-07 1.4638566794017103e-07 1.4154940385283332e-07 0.00010353836211311404 1.2690055295393685e-05 5.627208200980951e-06 2.0344939487604987e-07 0.0 4.5516703628893815e-07 2.9405180451988903e-06 8.631765091599977e-08 1.293476035596002e-06 0.0 1.9368794299297758e-07 0.0 0.0 8.952333760316035e-07 1.2643338746767503e-07 0.0 5.5083359277953885e-05 9.586766146130692e-07 0.0 1.457619019271775e-07 0.0 0.0 0.0 7.11297883346304e-08 4.714964759576423e-06 7.957581119619846e-06 1.3929441134859342e-05 7.287625786667193e-05 1.0001902370609587e-05 2.2559312271075458e-05 2.6934117636941323e-07 1.194004222910317e-06 2.908031370002933e-07 5.033104761649485e-05 1.3561749463366698e-06 6.730559877396566e-07 5.624783371057959e-08 1.8997212803187257e-07 0.0 2.4073683227880515e-07 2.3911362342991964e-05 0.0 0.0 6.84481596903292e-05 8.223352492717303e-05 0.0001006924945775374 3.0505397333673772e-05 4.401374402277776e-06 1.390202180578757e-06 1.8519499717057533e-06 2.626206293015821e-07 1.6207103266893588e-06 8.409398082600255e-06 9.569825919670268e-07 1.0716506707845355e-06 1.7289932932277161e-06 0.0 5.926926891387704e-08 3.136721151082027e-07 0.0 5.349452688907423e-08 7.931161194226333e-08 0.0 0.0 0.0 1.8153351885947854e-05 4.484922849309314e-06 0.0 2.6543148640311414e-06 8.664032322844436e-06 7.136690262303778e-08 1.7970922131656554e-06 6.570769901654838e-07 3.084494093850401e-06 2.5751245939492134e-06 1.2503813667735345e-05 1.747720215398939e-06 5.893660204462819e-06 1.2971903575748454e-05 2.557706203387851e-05 1.4118595757598686e-06 7.887587417463566e-06 3.038965728735187e-05 9.458112349265004e-06 1.2908523431398213e-05 2.999136257361664e-07 0.0 0.0 0.0 0.0 0.0 0.0 0.0 0.0 0.0 0.0 0.0 3.7003403637659023e-07 0.0 2.8496520714036016e-07 0.0 0.0 0.0 1.3503501938262732e-07 2.3344376733518813e-07 9.00401783170345e-07 0.0 0.0 0.0 7.214396192884107e-06 6.388434697706584e-07 8.019129211967788e-06 3.2644748476107186e-06 7.11747270487153e-07 0.0 0.0 0.0 0.0 2.9409546710075524e-07 0.0 0.0 0.0 0.0 0.0 0.0 0.0 1.1735538448655948e-07 1.0070358285435326e-07 0.0 0.0 0.0 5.709465990588036e-07 4.40537203779168e-07 0.0 3.9088948531403584e-07 4.135610579895213e-07 1.2920173654048933e-05 1.329177448456574e-06 0.0 0.0 0.0 0.0 0.0 0.0 0.0 0.0 8.601182678617704e-06 9.531019873336777e-08 0.0 0.0 0.0 7.86024179106542e-06 0.0 5.929576786696626e-06 1.0498907117261886e-07 6.409184083020844e-07 5.776667821114542e-07 6.365061802983775e-08 0.0 6.271929143060587e-07 0.0 0.0 6.861564468697737e-08 0.0 0.0 0.0 0.0 6.115258928222645e-06 1.5454276139647936e-06 2.491369287490991e-06
4.3457125550046644e-05 7.051561189595208e-05 1.7117040074104258e-05 0.0002045901512547585 9.502132044623968e-07 0.0 1.1370297691374086e-05 6.858252450576222e-07 1.5861677145544018e-06 0.00018359299923665124 6.261889188363076e-07 0.00016550008766165337 2.1013184276302595e-05 7.977645412763623e-07 0.0 0.0 0.0 0.0 0.0 0.0 0.0 0.0 0.0 0.0 0.0 0.0 0.0 0.0 1.2273532084673131e-07 0.0 1.732841975809816e-05 0.0 8.178719910199022e-06 0.0 0.0 0.0 8.213271893124769e-06 6.84032771905886e-07 3.268334417366848e-06 0.0 0.0 0.0 0.0 0.0 0.0 0.0 2.2872301046486257e-07 0.0 0.0 7.334840885804492e-08 2.0383639501516597e-07 2.9863489448907426e-06 5.224882013920684e-07 2.8730509672107364e-07 8.083504147403929e-08 1.7695497637593763e-07 7.506672661046922e-05 1.3570900461791952e-05 5.7472191386123815e-06 1.506537459323717e-07 0.0 9.911140749566133e-07 2.0795611082019936e-07 0.0 0.0 0.0 0.0 0.0 0.0 0.0 5.631295602638383e-05 8.632697875299974e-05 6.7871303689629865e-06 3.130179564277398e-06 2.7542814461502593e-07 2.416433652840666e-07 0.0 5.919057299201098e-07 0.0 3.1519544063564126e-07 0.0 3.618829252497638e-07 1.0447408329601386e-07 1.4868994019553068e-06 0.0 1.9415177113606173e-07 0.0 4.529598999244489e-06 2.3377620679895344e-06 4.440273095674946e-06 1.2344066214166925e-06 3.3889952573012377e-06 0.0 7.943138333710505e-08 3.1983120412147693e-06 0.00018416333074365877 0.00027183163385087906 5.8842373126987625e-06 1.6898984570107778e-05 0.000308062912902528 0.0 1.9129745218203454e-06 1.2858379674646736e-07 2.707820607787994e-06 0.0 3.2789526049784796e-06 1.7631427013648369e-06 9.883097748085266e-07 4.354776054580943e-06 7.638662292507348e-06 0.0 1.022907056823389e-06 7.678845429069813e-06 2.487502905450768e-06 1.3237307153107671e-06 0.0 0.0 0.0 0.0 0.0 0.0 0.0 0.0 0.0 0.0 0.0 0.0 0.0 0.0 0.0 0.0 9.456197072991994e-08 0.0 1.802980917943061e-07 0.0 0.0 1.1398252382772146e-07 0.0 1.1460897315261748e-07 9.72990029527236e-07 0.0 1.0497509402972832e-06 0.0 0.0 0.0 0.0 0.0 0.0 0.0 0.0 0.0 0.0 0.0 0.0 0.0 0.0 7.535661404648192e-07 0.0 0.0 0.0 0.0 1.314226991375756e-07 0.0 1.0337287497218273e-07 0.0 0.0 3.3037260637091874e-07 0.0 0.0 0.0 0.0 0.0 0.0 0.0 0.0 0.0 1.1427066680418472e-06 1.7059552300684317e-06 0.0 0.0 0.0 1.8698126490352626e-07 0.0 0.0 0.0 0.0 7.01270461171439e-08 1.57633227398577e-07 0.0 0.0 0.0 0.0 0.0 0.0 1.343904837034737e-07 0.0 1.6467956285280266e-07 1.6901978865379257e-06 6.057108912385121e-07 1.7666008871820008e-06
0.00013219476553835921 0.0024225484249453875 0.00019612692568578375 0.0007587202419941722 0.001622893297313261 1.1370297691374086e-05 0.0 0.00010095471312087081 0.001817156782274539 0.002629140798819891 0.0003065019128387434 0.00014567595310684288 0.003699103430275907 0.0010175075922552294 4.656473325580695e-05 9.057351801896804e-06 5.284229904913348e-07 1.2984871309743516e-07 7.178144311067259e-08 5.906063621324093e-08 3.070743971627301e-07 0.0 0.0 8.329485845610046e-08 9.075463871226746e-07 2.3050018977879801e-07 2.4951970215194713e-07 8.145710441600945e-07 3.424164854383428e-07 9.411846503434534e-08 0.00011162753158997997 1.0670191735566165e-05 1.282013107076033e-05 7.49685780241662e-08 8.054317982249562e-07 7.750855478914103e-07 2.0518147634926435e-05 5.077191018744285e-07 1.2788619545431169e-06 3.5554668980892947e-07 1.5817350913001492e-07 1.727556972528651e-07 7.426252897971285e-08 2.159968842655994e-06 3.7849413398911945e-07 4.489567865020996e-07 9.876627733425418e-05 1.3226577129632134e-06 1.7942907835372784e-07 5.999607774407834e-07 2.4787418712882434e-07 0.0 1.4456426078179618e-07 7.547829288086986e-08 8.6942146363413e-06 1.9937183015684854e-05 2.8015769692414878e-05 0.0001404827448910187 1.9345002511505796e-05 3.3224623712318086e-05 2.3529672940950175e-07 9.027843873323901e-07 0.0 6.269342159455278e-05 2.306429430120543e-06 6.694832931471185e-07 4.809898155795947e-07 6.365050882528358e-08 3.528879697319872e-07 3.640922737865075e-07 4.9753751308233315e-05 1.8475535055593648e-06 0.0 0.00012975896273136417 0.00011803463512343537 0.00013430218364148498 3.982359252835584e-05 6.943538290062459e-06 3.4050749726756575e-06 2.810544277286278e-06 9.016183947068511e-07 1.97060718368259e-06 1.5453625935732397e-05 1.1530378764855502e-06 2.749561380908776e-06 2.7346507210876295e-06 8.977639575647678e-07 0.0 3.0115382025615664e-07 0.0 8.219675466173795e-08 7.728976762503202e-08 6.972219831372433e-07 4.708742393284288e-07 0.0 4.8642516170652715e-05 9.59718200370453e-06 0.0 4.255492354540144e-06 3.9821176611604556e-05 1.2751415737916042e-06 3.4273601172358822e-06 1.746606032534029e-05 1.5891468127121117e-05 4.291150137581215e-06 4.082796664149752e-05 1.0183099621501634e-05 1.5232805195616917e-05 4.629984298145407e-05 7.775071129622473e-05 3.329464287473614e-06 2.268132678466227e-05 9.087149346147594e-05 2.6491120179361875e-05 3.337161990131889e-05 1.086072468618609e-07 2.513894817276031e-07 0.0 7.447900360738189e-08 0.0 0.0 0.0 0.0 0.0 0.0 7.74107610708371e-08 0.0 0.0 0.0 0.0 0.0 8.089961776707267e-08 4.883397604952845e-07 3.945213167727662e-07 1.927460672338127e-06 6.630873488162367e-07 0.0 6.661629234773189e-07 0.0 2.3543618315715914e-05 5.931361282715691e-06 1.83698022338043e-05 3.5938546441783638e-06 4.689159801428964e-06 0.0 0.0 3.58253314283635e-07 0.0 5.720555661061979e-07 4.228299401308948e-07 0.0 3.2663852824818274e-07 2.243550571075469e-07 0.0 0.0 0.0 5.020569133434584e-07 0.0 2.1217130260687974e-07 4.073669444756158e-07 0.0 1.5202756782504121e-06 3.2114220375426174e-06 1.7501358253374275e-06 6.942171886279148e-07 3.0501544201786124e-06 3.0704098852548545e-05 1.3145634870086767e-06 0.0 2.195243364513876e-07 0.0 0.0 0.0 0.0 0.0 0.0 1.679813114300445e-05 0.0 0.0 0.0 0.0 1.8102653474065516e-05 0.0 8.294257371672504e-06 2.1312813522979264e-06 1.2745234084121747e-06 1.1226399775980976e-07 4.474722337916087e-07 1.2681481817452843e-07 0.0 0.0 8.815337947162168e-08 0.0 0.0 0.0 0.0 9.858661617022177e-08 1.7441655952001593e-05 2.958666110429968e-06 4.610018491388822e-06
3.264048754321296e-05 0.0002532879553302898 0.000585783240329546 8.355555104779681e-07 0.00012997075648782624 6.858252450576222e-07 0.00010095471312087081 0.0 0.0002562627636419001 7.443983397748581e-05 0.002450388399668602 0.0002340672059789294 0.001021717597163601 0.0018579536545833056 4.8483894226021535e-05 3.010662599926198e-05 1.317939837013031e-06 7.313414016237022e-07 2.0141822136976217e-07 3.1225732642708993e-06 1.394433742648129e-05 3.271790491895965e-07 1.0887738720755822e-06 1.3280966301830719e-06 6.587208333708865e-05 8.03935586628253e-06 4.707689713384244e-06 1.4078196853638045e-05 2.928538799626885e-06 9.025381882651188e-07 0.0012953976807150137 0.0006938571225804345 0.000319860361409827 2.4532957229042736e-06 1.666120728005114e-05 5.436563835714683e-05 6.998841037399983e-05 1.6121450895321816e-05 1.1638898200855372e-05 1.3046568923926983e-05 2.2429233032364382e-05 1.0201701696866356e-05 7.35692202065687e-06 6.169124698593733e-06 1.0945920515118605e-06 1.7043084825939111e-06 9.339652939497134e-05 1.18462746747029e-06 2.570031361145476e-06 8.753594129051855e-06 3.545524161446081e-06 2.19300246626141e-06 3.2922548013216695e-07 5.716354499460401e-06 4.879005460186672e-06 7.979860174726124e-06 2.728611708201905e-05 0.00017579307150567073 1.1199179303202134e-05 2.5921133566337493e-05 3.0358816933212646e-05 6.648755898754816e-05 8.266707423553507e-07 0.00030129602592217765 1.0009998120227661e-06 7.571012790911557e-07 4.448393847935713e-07 5.2116595629031235e-06 1.9687784104170254e-05 3.361699442740403e-05 5.821439605637979e-05 3.1296930579885645e-06 2.1357128419049024e-07 8.239879907242174e-05 0.00010269268277364079 0.00012427237099452956 9.084279933044093e-05 3.8101609070260176e-05 0.0006339536380725837 0.0015821161808779762 7.233907026946912e-05 0.0008247082464387334 6.819189700737386e-06 7.191224676559406e-07 8.123686119117818e-07 1.5899219955196592e-06 3.5339856446538446e-06 0.0 4.793778367550364e-07 5.227342080513155e-07 1.0738344550551695e-06 1.204422363379357e-06 3.8978153943322755e-05 1.005412095668794e-05 1.3762580450246946e-05 1.3223433582936409e-05 4.1861577122687176e-06 0.0 7.220988539005562e-06 4.063044049123929e-05 0.0 1.8415947642612164e-07 0.0 0.0 0.0 1.432611774391454e-06 4.7134474454996805e-07 4.461247639979041e-07 1.12448164480138e-06 1.4865889594088816e-06 5.325842976308569e-07 1.261063385487123e-06 2.435909557046782e-06 1.8631922373433902e-06 3.647815318507244e-06 2.8591598359071167e-07 3.936818821657177e-07 1.0579016458071944e-07 2.1743933030011028e-07 0.0 3.442398374778253e-07 0.0 6.689288564253732e-07 0.0 0.0 2.128992575648782e-06 4.2750994290164693e-07 0.0 0.0 3.4458574030305494e-07 2.079738508400137e-06 5.65950495905677e-07 4.498758156284884e-07 6.656446386632213e-07 7.268534480620022e-08 1.1090873804124098e-07 0.0 1.747360594401618e-07 0.0 1.999684893114014e-06 3.479935516194447e-07 2.246869209073052e-06 1.5999255590995467e-06 1.3263112553273566e-06 3.1339184526007346e-06 7.176756321183744e-07 0.0 0.0 2.741432386304278e-07 0.0 1.3357067991509183e-07 0.0 0.0 8.644677230076533e-08 0.0 2.6593270462548154e-07 1.2469689673058048e-06 3.911815216928662e-06 0.0 0.0 0.0 1.598172664798372e-07 0.0 0.0 2.3955865034493377e-07 1.2123768959082412e-07 3.3905235958377343e-06 0.0 0.0 0.0 1.136531212906055e-07 6.22125188566046e-08 1.3230225341773987e-07 2.1638589116840383e-07 0.0 3.025791736978529e-07 2.066841388149887e-06 5.482833571307364e-07 5.512024052641729e-07 9.304122971026336e-08 1.30372963080299e-06 1.9348437842369842e-06 0.0 3.77476331943591e-07 1.7710665630146495e-07 0.0 1.5991970555186688e-07 0.0 6.043165258891162e-08 6.462422343222795e-08 1.4328802355871252e-07 0.0 8.497384207496836e-08 2.0532225298009013e-07 2.744999995084722e-07 0.0 5.67276561606764e-07 9.152353549766811e-07 1.23339866338169e-06 3.1470869929700524e-06
1.6012325556053887e-06 0.0005799620056358534 0.000906055034962225 4.276805412161302e-07 0.0040054665963936776 1.5861677145544018e-06 0.001817156782274539 0.0002562627636419001 0.0 0.00021536899856800212 0.0014778255281023883 0.00017748139644050074 0.002921521614300311 0.0011279981307698425 5.698130453860704e-06 2.477880814179469e-06 2.144398036104663e-07 0.0 0.0 0.0 0.0 0.0 0.0 1.1301001047087297e-07 3.09414619557323e-07 3.230245023319993e-07 8.036696995399303e-08 0.0 0.0 0.0 8.97403883628558e-06 1.258704785526128e-06 3.57682492874597e-05 1.9314839449211768e-07 8.418170864052677e-08 8.607536241181139e-08 1.5882165927190287e-05 1.0762368824439046e-07 0.0 1.6531835749253692e-07 8.390506230350928e-08 2.6042862868830115e-07 8.778004550242761e-08 6.423301683768948e-07 1.049467414073353e-07 0.0 8.399503687173015e-06 6.897682574935725e-08 6.802565928274084e-08 0.0 0.0 0.0 0.0 0.0 1.4888946315626214e-07 2.8745041678137463e-07 4.021350322885149e-07 3.1022023455398785e-06 2.3169440398126516e-07 2.823760768855311e-06 7.482305515540747e-08 1.846747711155218e-07 0.0 1.870496888370183e-06 0.0 0.0 0.0 7.577749775864902e-08 1.0136341757152459e-07 0.0 1.6125045602432345e-05 7.60902492013623e-08 0.0 3.7282382427947077e-06 5.874481024631037e-06 1.2658037705760065e-05 4.213529828571573e-06 2.766430348797495e-06 4.2512760915087886e-07 4.085988706507901e-06 6.264342442671453e-08 4.116051420217083e-07 5.666114590699081e-07 6.306067422733615e-08 1.347153516514832e-07 6.396318746496076e-08 0.0 0.0 0.0 0.0 3.069524936789736e-07 0.0 8.386897279846408e-08 0.0 0.0 1.266258705828229e-05 1.5800303250060625e-06 0.0 3.0907755190054745e-07 4.636109092248476e-07 0.0 5.407403489637053e-07 4.0706542550133157e-07 2.250621929973251e-07 1.5112841756766338e-06 7.418003138730528e-06 2.0866603246615225e-06 2.872732734739447e-06 9.21431177281848e-06 1.556870279319725e-05 1.0209530025332136e-06 6.832849583597223e-06 1.987135255514877e-05 5.972029786719498e-06 7.746486953532928e-06 0.0 0.0 0.0 0.0 0.0 0.0 0.0 0.0 0.0 0.0 0.0 0.0 0.0 0.0 6.83962423372132e-08 0.0 0.0 0.0 0.0 1.1291910027963369e-07 5.05864782543513e-07 0.0 0.0 0.0 3.886550207698761e-06 0.0 2.321912118997091e-06 1.01801727730429e-06 2.7011833837949955e-07 0.0 0.0 0.0 0.0 6.586674764937378e-08 0.0 0.0 0.0 0.0 0.0 0.0 0.0 0.0 1.5721629481118413e-07 6.146023468400185e-08 0.0 0.0 2.8836716821277645e-07 7.248709173842729e-08 3.517669537821161e-07 0.0 1.0069991982159332e-06 6.796446105058316e-06 0.0 0.0 0.0 0.0 0.0 0.0 0.0 0.0 1.4172834331516848e-07 4.678021919744464e-06 1.5277520560387477e-07 0.0 0.0 0.0 3.4635287591813677e-06 0.0 1.9554158941583064e-06 6.567974785089735e-07 4.364319445770202e-07 7.437084429680039e-08 0.0 0.0 0.0 0.0 0.0 0.0 0.0 0.0 0.0 0.0 3.6017426399324566e-06 3.7863876242057734e-07 6.201800994497467e-07
0.0008382052161297808 0.0020514616769734314 0.0002522423234245691 0.0019235006205907848 0.0010615467546988351 0.00018359299923665124 0.002629140798819891 7.443983397748581e-05 0.00021536899856800212 0.0 0.00032338351514835654 0.0020289476672288127 0.0046090811462926005 0.00015059208706500403 3.417762080607737e-05 8.83013006283966e-06 1.899290806366616e-07 0.0 8.395991419100456e-08 0.0 9.360400757986051e-08 0.0 0.0 0.0 7.158992172363178e-07 0.0 2.3815085803559165e-07 2.1567688320055417e-07 0.0 1.33415817456843e-07 5.24225871538348e-05 5.5193839611729326e-06 2.7206868200292834e-05 5.344443007988061e-07 2.0678743488275772e-07 8.41428682207598e-08 2.4098513680988068e-05 9.395688181581983e-07 2.1771314043884932e-06 8.897874541196278e-07 8.151566665823814e-08 0.0 0.0 2.557043580314397e-06 1.8752983578064748e-07 9.531669900444937e-08 6.441762067264675e-05 1.1592099462801637e-06 0.0 2.0293218130662643e-07 1.3319341458194757e-07 0.0 0.0 2.2888900138720312e-07 1.0196227875790898e-05 1.7810817979612694e-05 4.57475921968692e-05 0.00014085449951274905 2.7531249033588077e-05 2.241262293127122e-05 1.836529441021396e-07 6.287800100929165e-07 0.0 3.1102849183284415e-05 2.2836707330116965e-06 4.1035397504413236e-07 1.2694951939199047e-07 6.847870217604638e-08 2.021899855547424e-07 0.0 0.0001816077082890098 2.7587242306282667e-06 9.502601728211246e-08 0.0001331280151621872 6.772853934351015e-05 8.997294996020177e-05 2.7698477326730897e-05 6.575613628053377e-06 9.652286278525125e-07 1.4328745153485738e-06 9.438530064222472e-07 1.6697910239079319e-06 1.2633643691253366e-05 1.2251499597849526e-06 1.7944311321902559e-06 1.7157531094706447e-06 7.185229242531062e-07 0.0 2.1601364352451292e-06 0.0 6.633978537652642e-08 0.0 3.6686455619935434e-07 0.0 0.0 0.0002533624084472176 5.8127948082828934e-05 0.0 1.0616025839878912e-05 0.00037537901921389085 1.550140996927604e-06 3.27580144828539e-05 1.104227190647296e-05 3.713366267386821e-05 1.6034434600470177e-05 0.00014404305128252998 3.517703307509463e-05 5.2073368659931434e-05 0.00014956886163530354 0.0002931939283629703 1.3756565837818795e-05 9.141491895801872e-05 0.00031744499935007514 8.111408106526291e-05 9.118503680881408e-05 1.009020839724707e-06 2.808068656845163e-06 0.0 0.0 0.0 0.0 0.0 0.0 0.0 0.0 0.0 0.0 5.426324374697135e-07 2.413683986170967e-07 4.19718447571924e-07 0.0 0.0 4.4198070077750736e-07 1.3084054109976477e-06 3.250989879245364e-06 3.1941534173871497e-06 0.0 8.649042136106767e-07 0.0 6.110459860766523e-05 4.1783153120161e-06 3.96332739618764e-05 1.1671480648445341e-05 7.688513719067744e-06 1.675813878679812e-07 7.591801385860985e-07 0.0 0.0 9.586584398551252e-07 1.426660755415351e-06 0.0 7.902498118886445e-08 7.599817832171865e-07 0.0 0.0 0.0 6.518636583532425e-07 3.357852000930047e-07 1.1595938834915457e-06 7.874183042059185e-07 0.0 3.5253673148425377e-06 3.358237805019284e-06 9.6717113246103e-06 1.1364353521083596e-06 4.794540365728071e-06 8.589412377759348e-05 2.1163501672208117e-06 0.0 5.355164711116613e-07 0.0 0.0 0.0 0.0 2.39073111296437e-07 2.396664508405516e-07 5.6686968618678645e-05 6.795961964868157e-07 0.0 0.0 0.0 5.4020181122899754e-05 1.3098155434045796e-07 2.3262832236858274e-05 1.7063055894795146e-06 4.7100027802463664e-06 1.7000517774759954e-07 1.704319241842606e-06 3.131031645811863e-06 1.0962662873327304e-06 4.354755622928879e-07 0.0 0.0 1.3275110493625201e-07 0.0 1.929643848183388e-07 0.0 4.4883443678773385e-05 6.5918492303287684e-06 1.39587928125161e-05
1.1012787753291565e-05 0.0009621922861755685 0.0013951972223052189 1.2793876912679831e-06 0.0012026267811583629 6.261889188363076e-07 0.0003065019128387434 0.002450388399668602 0.0014778255281023883 0.00032338351514835654 0.0 0.0003814017024618181 0.0019329254699036766 0.0017819405534956606 1.835294198147905e-05 2.17078562914982e-05 1.2664264627442175e-06 2.731292847453797e-07 0.0 4.145854383093843e-07 1.5793079628813034e-06 1.1861763520636219e-06 1.7997592795906666e-07 1.697297181000707e-06 5.786558327819604e-05 8.631692558975138e-06 6.337867799308774e-06 1.6674228019856712e-05 6.763113572987482e-06 2.8084899940162412e-06 0.0001641988575566884 7.250946983166373e-05 0.0012094415464573894 9.236738976903032e-07 6.316880691280732e-06 2.9207000681272662e-05 0.00024539344095355037 2.497620834800065e-05 3.7557042058512665e-05 1.7206407969424984e-05 1.2130830073552975e-05 1.746044345149908e-05 1.987114440086808e-06 3.7257577757514743e-06 8.26829151361502e-07 1.3838839950906618e-06 3.503663168671763e-05 4.4864640115806006e-07 1.6150123242648374e-06 2.4894246351929083e-06 9.660443442704384e-07 5.4429918913847085e-06 1.5170720534492383e-06 8.658371429167461e-06 5.414997262321123e-07 1.252892497935558e-06 3.300501435232095e-06 1.539660865713356e-05 1.118437437939051e-06 7.402961178633749e-06 2.1418097581653785e-06 5.8301788092901034e-05 1.0128249699688358e-06 1.1892465309796841e-05 2.5566218271259694e-07 2.1537326333865635e-07 2.3225324008647847e-07 1.087429808423924e-06 4.896435703082314e-06 5.236503728982549e-06 0.00019691881568247325 2.7193351619809153e-06 5.937190871427773e-07 1.3048023996608069e-05 1.8181494024363035e-05 4.350900066180104e-05 1.8802315679767676e-05 1.555175884858177e-05 4.4332008132186495e-05 0.0005096578184421727 2.508908552933214e-06 0.00021071137759304083 1.507452260673794e-06 6.4367826739684e-08 2.191829006124452e-07 1.9756539629490692e-07 1.496768529528792e-06 0.0 1.9222914695662056e-07 4.5141078444148853e-07 8.167333983370264e-07 1.175168995822441e-06 9.829669529161442e-06 8.982652179088913e-06 1.6823394352959313e-05 4.056508846625547e-05 7.762069429370908e-06 0.0 2.2789280998690626e-05 4.165453740448342e-06 0.0 7.785791835869447e-07 8.991987650007252e-07 5.14225940829963e-07 1.426500900748911e-06 3.652161675363918e-06 8.467348378908848e-07 4.356401964786483e-06 4.576425542857808e-06 8.860843926903849e-06 1.6492173903230675e-06 5.000009254423329e-06 1.2085264171712361e-05 4.637673535890669e-06 7.478570683386562e-06 3.118757365936005e-07 1.213516731442948e-07 0.0 6.06655671838818e-07 0.0 0.0 1.027617870879068e-07 0.0 2.1481093788792644e-07 0.0 2.056399893506905e-06 8.105262894811747e-08 6.652966869525466e-07 8.515618247913345e-08 1.492874149520966e-07 2.3545176763508057e-06 7.919365074291238e-07 1.7687614680849814e-06 8.9547858705767e-07 1.6097583319569267e-07 2.871757985289347e-07 0.0 0.0 7.380528431118017e-08 8.40265112363096e-06 1.3945556045301512e-06 5.315743676736191e-06 3.3832926734856576e-06 1.8096889168875965e-06 4.811411730916764e-07 4.865872562103749e-07 1.067829171816077e-07 0.0 7.241113217067572e-08 7.430780622791571e-07 1.4540860127343526e-06 0.0 6.122842981701393e-08 0.0 8.535363471350916e-08 3.1892969556575063e-07 2.4770353213197726e-06 4.9103425026393486e-06 2.65194003419331e-07 0.0 0.0 1.1429759456715664e-07 4.3665059809555573e-07 0.0 2.2003327127556142e-07 8.117811642133757e-07 9.170753721511516e-06 9.292813747396338e-07 0.0 0.0 0.0 0.0 7.575341555434575e-08 0.0 0.0 9.81811656616675e-08 4.672349434784101e-06 2.0223205738926945e-06 4.475714123276638e-07 0.0 8.082818394805899e-07 3.6838355098618757e-06 1.2607215440312648e-07 1.8942479792649543e-06 4.6194125479503604e-07 0.0 5.382721440318405e-07 0.0 2.191055941885256e-07 0.0 0.0 0.0 1.251631772959383e-07 0.0 9.74599059828832e-08 1.8233030534396686e-07 1.8170076189003594e-07 6.5097113473221625e-06 1.990024065427285e-06 3.6654259725265935e-06
0.00032369038098042143 0.00011836853053351823 0.00018320946034628 0.00010920069285441483 0.00014414457950537435 0.00016550008766165337 0.00014567595310684288 0.0002340672059789294 0.00017748139644050074 0.0020289476672288127 0.0003814017024618181 0.0 0.0007633011511328098 8.488699982097479e-05 2.2380923345299345e-05 2.1468525306647626e-05 3.5875675247858223e-07 8.00614624133731e-08 1.7203842614041644e-07 1.573397375591328e-07 5.582455997874119e-07 1.7775912439142486e-06 0.0 2.0448312518583677e-07 7.97070932710716e-06 8.33844467522126e-07 3.208078994927285e-07 3.501056300997228e-06 3.4823038665620643e-06 4.4500014949796224e-07 2.291345861008538e-05 3.2662162234315364e-06 6.218690183429465e-05 8.390799730590806e-07 6.056453217040574e-07 3.242847426479618e-06 0.00033138341736449847 3.816254523748892e-06 8.548490191576207e-06 2.5887410757990916e-06 2.4102841103855137e-06 5.597750506502963e-06 1.58673550023284e-06 4.663120947927337e-06 3.66957421672135e-07 9.90713528252563e-07 2.420470024769999e-05 8.596343294400252e-08 1.26002138683252e-07 9.62269002426876e-07 6.734228630395039e-07 2.9190359649289575e-06 5.37429129595502e-06 3.5687601032575245e-06 4.642416227275732e-07 3.801466485041429e-07 4.16758964112208e-06 3.966346672260895e-06 1.0685530992061128e-06 3.755414752940174e-06 1.7921129119132204e-06 1.3981192403449096e-06 1.375057703406695e-06 3.856330255032223e-06 5.196457628534917e-08 7.272432043160574e-08 7.143759437110477e-08 5.381882125316344e-07 1.7253154606505952e-06 1.4061070438612978e-06 0.0003646973135793591 3.584534929917131e-06 2.7760966679132334e-07 6.497324539953556e-06 7.1854204545052e-06 2.9181283013965498e-05 1.1503298079106208e-05 1.334056025668501e-05 2.900849506496764e-07 1.4067623850710761e-05 3.236834030902215e-06 2.4950243951204107e-06 7.516111657362583e-07 1.0606246873665438e-07 1.3093149705291248e-07 2.7232394796031706e-07 7.525658163481748e-07 3.033549108485182e-07 1.678109878430182e-07 1.0785308645101318e-06 5.422329308090363e-07 7.300848004195014e-07 3.0437070977051007e-06 3.655565024894237e-06 4.958881758478122e-06 0.0006378538844294547 2.6347824589487624e-05 1.7145307828958044e-06 5.5042711137999323e-05 7.641740974298002e-05 1.6334375038524502e-06 1.0988745673861662e-05 7.460813378051394e-06 1.200007015245531e-05 1.1201069114013154e-05 8.027112707104503e-05 2.397885091867664e-05 3.5024689451089056e-05 9.560826886142424e-05 0.00018097581666675293 9.981244259501744e-06 6.835688289420133e-05 0.00026418363392936335 7.240523207222318e-05 8.119145080182294e-05 1.0708282148855525e-06 7.443641487129838e-07 0.0 3.894975536661329e-07 0.0 0.0 0.0 2.0827130636483938e-07 0.0 0.0 8.468789463006562e-07 5.46089713248926e-07 9.410102038684902e-07 0.0 0.0 5.021239337384185e-07 4.466812392046606e-07 2.4925973811063357e-07 3.7501383684984416e-07 2.4965256873289904e-06 1.5972972498908328e-06 7.092480618623377e-08 1.535695954124142e-06 0.0 5.2092469919713705e-05 4.873457047200498e-06 3.337156684350622e-05 9.096513407858255e-06 3.2436550201588003e-06 4.930509281657104e-07 2.647514129619247e-07 0.0 9.342496411318808e-08 9.9150344639462e-07 1.0008985794010494e-06 2.9988157159940873e-07 2.6459895300386765e-07 6.774055583303533e-07 0.0 0.0 1.8708855577789133e-07 1.8986789904519782e-06 2.8946189706639335e-07 1.0347056624621437e-06 8.617901313437068e-07 0.0 3.379370207106542e-06 4.423975361208448e-06 3.779034314749772e-06 7.619742879108635e-07 2.6279522398272638e-06 4.824068824757162e-05 2.130850238719142e-06 0.0 5.359681723490156e-07 0.0 0.0 0.0 0.0 0.0 2.994910457132579e-07 5.23139726786715e-05 2.1690687957524983e-06 0.0 7.46674282652794e-08 4.007911454442305e-07 3.9766836030232366e-05 1.6698985279911884e-07 1.582486483115538e-05 4.558113415984846e-06 3.014063386269625e-06 1.5108637693443748e-06 2.16298500483939e-06 4.800973023590021e-07 0.0 0.0 0.0 0.0 0.0 0.0 0.0 7.932115434021113e-08 5.1606592394301324e-05 7.134783290777107e-06 1.2114099717444801e-05
