0.0 0.0008003110512632946 0.0006225122888875634 0.00041611259666387174 1.0581775944886472e-05 0.00022568885557257404 2.6241984745848346e-05 4.134698173912587e-05 3.0024789183593288e-06 0.00041707432938176505 1.6198390957988768e-05 5.720885229572899e-05 3.88668545335639e-05 3.8158152803679374e-05 5.401323235370823e-07 2.30236256688965e-06 4.0157444365448477e-07 0.0 6.828310811825141e-08 1.3194226021737157e-07 4.38209380086264e-07 2.532916079779887e-07 0.0 3.296402694414504e-07 1.7823909134292248e-07 0.0 3.8643951256045427e-07 0.0 1.1219822070329357e-07 0.0 0.0009652620749568082 1.1920021558125938e-05 3.2834082200243897e-05 0.0 4.14629989236881e-07 1.745860535233473e-07 9.019323334922191e-07 7.743680012246602e-07 1.0529330639451946e-06 7.663149316816644e-08 4.457144806031439e-07 4.3398043952564935e-07 2.8991074220041014e-07 3.5342412872000664e-07 8.548408859109965e-08 7.717727625039874e-07 9.659629721794824e-06 2.7935224685335723e-07 7.678655483345404e-08 9.582912058002807e-08 5.992153467282415e-08 1.7879188967422814e-06 4.10937928313032e-06 0.0 7.276871610697643e-07 1.0318239942434813e-06 4.764506125198135e-05 0.0002870310445338581 4.83030761594714e-06 6.041183290800505e-06 1.7923846204262857e-06 4.285111232643573e-06 1.1598968496769036e-06 2.665345162257779e-05 4.7155429198398823e-07 3.4258448360063657e-07 2.062995478271432e-07 0.0 3.4198560202657194e-07 5.479532011775294e-07 2.2851109517286294e-05 4.271136951950387e-05 6.273794295670317e-07 3.502235286671015e-05 1.9568007703294616e-05 1.7118492212678484e-05 6.91720000094595e-06 3.8192655271449634e-07 4.96439288531447e-06 7.02337295456986e-05 8.31763568925923e-07 1.0635926337689948e-05 1.724335948681168e-06 8.14720661686489e-08 2.991992194931154e-07 3.7192215180948427e-07 0.0 9.427838460086824e-08 1.7041882169830463e-07 1.6882438388808733e-07 0.0 4.313446128217173e-07 1.374949611178807e-07 1.9588756811054358e-07 2.0958943598830184e-07 0.0002235189529942382 6.862744646526023e-05 7.04290665593802e-06 3.924842144822206e-06 0.000603709032225669 8.961836476931267e-07 4.681957605254812e-06 1.199372839247803e-05 5.380793602741046e-06 2.5187172861146543e-06 3.24297266472933e-05 5.637985334634314e-05 3.100409857792432e-06 3.239967491355285e-05 6.0105545468574614e-05 3.1452850128385504e-06 2.0896691582050428e-05 2.3648871754742603e-05 2.8223105710169766e-06 5.227795696904083e-06 0.0 0.0 0.0 6.904677929087235e-08 0.0 0.0 0.0 0.0 0.0 1.5550279751384223e-07 0.0 0.0 0.0 9.679701584704967e-08 1.0400798275544472e-07 0.0 1.5152468648493605e-07 0.0 6.464599183431828e-08 1.8520718380522612e-06 4.918590002501491e-06 0.0 0.0 0.0 6.789270092718861e-08 5.847511145847851e-07 5.084300231751904e-07 9.782484302444869e-07 0.0 0.0 0.0 0.0 0.0 6.254387864307622e-07 2.883523522924458e-07 0.0 0.0 1.6198183404122817e-07 0.0 0.0 0.0 8.138509435403893e-08 8.535211372071349e-08 8.256363460599498e-08 0.0 0.0 1.1192339522404193e-07 1.7746427168602976e-07 2.785665514579853e-07 0.0 2.1278072086323766e-07 1.8838374608956645e-06 7.140819872576808e-07 0.0 0.0 0.0 0.0 0.0 0.0 0.0 0.0 3.9714396781840805e-06 2.2975680538348902e-07 0.0 0.0 0.0 2.3318555354163546e-06 1.0098428198699842e-06 5.431395828482194e-06 1.4983690142720708e-07 3.725944474593858e-07 6.596452909228487e-07 7.583080811861039e-07 9.916559201789873e-07 0.0 0.0 0.0 0.0 8.383692560985357e-08 9.420623765652594e-08 0.0 0.0 9.74124408171634e-06 3.406543809528095e-07 1.6896565029847424e-06
0.0008003110512632946 0.0 0.0013612160156353285 0.0005277805939721415 0.0014065110203717005 0.0002566997249284263 0.002048420213872806 0.00032961723697410157 0.000722198674268127 0.0016165302999959054 0.001579800793029006 0.00019330679115593723 0.0008217541590273838 0.0015943262177593508 5.004338438587644e-06 1.238189025494322e-05 1.8596545290649273e-06 8.853353997168818e-08 3.350340334135357e-07 1.579215583423062e-07 2.9225438656471503e-06 1.672436742827634e-07 1.0283261374154781e-06 1.2297241592397003e-06 5.926295699984874e-07 0.0 1.64960797681046e-07 1.926865098447069e-07 8.002393374733643e-08 1.7250932728319074e-07 0.0017262742962808853 6.353929431854832e-05 0.00028837192816713223 9.82647973298362e-08 3.153947987431394e-06 2.060418030531521e-06 1.5618808683012453e-05 1.8250260584206941e-06 3.288156714045296e-06 2.4440316921214687e-07 2.317243475053317e-06 9.153223961070141e-07 1.3198660641036398e-06 2.235268238354985e-06 1.3920486131362491e-07 8.710942906783706e-07 4.513757601263074e-05 1.3232719374130944e-06 1.0453237858999557e-06 2.0500495992264706e-07 5.339979467762574e-07 2.0312351966998e-07 2.7549030848547947e-07 0.0 3.24133239255689e-06 3.1264900434496017e-06 7.784028244566847e-05 0.00029710197171746965 1.7024135209102908e-05 2.4875664266055293e-05 6.417327217911345e-06 3.206476014391933e-05 1.2258857963362695e-06 0.00012357955916128687 1.9097175250097308e-06 1.279850636767728e-06 2.747743678265605e-07 3.572860045836404e-07 1.058386843356056e-06 4.4727974086397925e-06 1.663102726079094e-05 4.6104147814787075e-06 1.8231562382752322e-07 9.615952661169323e-05 7.530808397143326e-05 9.407769849386136e-05 4.6168903865230894e-05 6.584974999179044e-06 2.883863649996879e-05 0.0007678271647111886 6.9379097423963005e-06 5.8703882901499845e-05 3.632865961238808e-06 3.4617915950280295e-07 5.224149500458139e-07 1.2496852589470427e-06 3.34421531596454e-07 7.153042520695103e-08 6.202037377811442e-07 1.8850230527627996e-07 6.952198371706965e-07 2.632489715981881e-07 1.3975614306467976e-06 3.874610251045345e-07 2.3549679172823866e-07 5.891109780693571e-05 9.376840059717536e-06 5.899350802203338e-07 5.096888518333973e-06 0.00047436956202012395 1.11822799188872e-06 6.24926603925515e-07 4.18277255641841e-06 2.1896912686091214e-06 2.914765167007086e-06 1.6202569809921017e-05 2.1618539193196746e-05 1.2467570658000733e-06 1.910011651231351e-05 2.7354432691854032e-05 5.325126624004522e-06 1.876072178507493e-05 1.5277810613949963e-05 3.2077409468736894e-06 7.83778067455258e-06 4.7407602003135635e-07 6.128703648339195e-08 0.0 0.0 0.0 0.0 0.0 0.0 0.0 1.610461852819755e-07 0.0 0.0 2.2605666777485717e-07 0.0 0.0 0.0 6.795504606960993e-08 0.0 0.0 4.605613750935945e-06 2.719402958432893e-06 0.0 6.819989621803628e-07 1.7286055567758978e-07 1.076007710294382e-06 6.222764580674723e-08 1.6495344036329107e-06 5.589696253459215e-07 1.2940202523153587e-07 2.7326941904733053e-07 0.0 0.0 0.0 8.957286054314257e-08 0.0 0.0 0.0 7.138714047769905e-07 0.0 0.0 0.0 0.0 0.0 0.0 0.0 5.607366544208038e-08 1.002324195707555e-07 9.224063316625135e-07 2.399358545110185e-07 0.0 1.1220469955230821e-06 2.6087772479145343e-06 8.897132651624515e-07 0.0 0.0 1.2030627125231078e-07 0.0 0.0 0.0 0.0 0.0 4.47145079447536e-06 0.0 9.139441604772555e-08 0.0 0.0 3.6339503587346905e-06 1.5225119263399506e-06 1.428309620768601e-06 1.52784095864393e-07 6.947476176062668e-07 1.2105313957944739e-06 4.5229044416656903e-07 1.476207685620368e-06 0.0 0.0 1.2272539005962743e-07 0.0 0.0 0.0 0.0 0.0 1.0052635259743881e-05 2.5736434020454606e-06 1.7678739333859237e-06
0.0006225122888875634 0.0013612160156353285 0.0 7.245305100806132e-05 0.0008001176585066311 9.604560096119481e-06 0.00016798071432322609 0.0013799998453531035 0.0005846290797643435 0.00034117111030088516 0.0009533600675423244 5.214679858023134e-05 0.00015576838622953992 0.0008445309704372151 7.0594568138099285e-06 2.200206368395913e-05 8.585941293983261e-07 1.581906561599136e-07 1.4653872293039468e-07 1.8315054415625248e-06 8.501453420763975e-06 0.0 2.1945855157087025e-06 2.6127081000526716e-06 1.2645779349552189e-06 3.3246609768314074e-07 6.018183075641673e-07 3.367582527633906e-07 7.100193477618898e-08 7.597286435535495e-07 0.002636706308647237 0.0003768276705835203 0.0002774258059484863 1.8305690143413227e-07 4.874527556048618e-06 4.114765040876952e-06 1.0912419714285282e-05 3.926838729256976e-06 4.731155684515907e-06 1.664481259456343e-07 5.070483941331953e-06 1.0180352454663775e-06 3.6855036320079652e-06 2.4195466204567926e-06 1.3630138575410855e-07 1.929060957776544e-06 2.6404163047775507e-05 9.072207891773472e-07 6.389960478986151e-07 5.911996206300137e-07 7.066244979282187e-07 0.0 3.603373197271449e-07 3.1366573020038057e-07 1.0344482122046169e-06 1.926064163380537e-06 4.1803836356843156e-05 0.00027579018460320765 8.670963385294946e-06 1.2096604247223892e-05 1.4357266993995695e-05 6.26862455145497e-05 2.6422015515667164e-06 0.0002507353850826859 7.462485748272015e-07 5.068519614769361e-07 4.5900368977892775e-07 3.4503724105570525e-07 2.721153230688144e-06 1.1475609114796748e-05 1.3847955121168843e-05 1.922787884097987e-06 1.0622592881191522e-07 5.277654373293459e-05 5.989510033243751e-05 5.649210070674673e-05 4.172132529398868e-05 3.863174173950061e-05 0.00017042896751222092 0.001110708324877071 2.2466289768119335e-05 0.00030363041661680496 2.9959849717286156e-06 1.2797080873156755e-07 5.931592252810719e-07 9.490580618102458e-07 3.18891158878606e-07 1.2724257746537046e-07 3.771118621532892e-07 0.0 4.227949754700999e-07 2.786363573342745e-07 3.272174697023746e-06 1.2196907052255742e-06 2.42431058030058e-07 7.880767280908816e-06 4.320102159717333e-06 6.915541734938063e-08 5.08316889925088e-06 0.00022791105127555666 1.0232589808478072e-06 7.081933715025853e-08 2.5905609030423464e-07 2.0678124530786516e-07 3.647689047294447e-07 2.4562750518733883e-06 1.0686370791354494e-06 0.0 1.3184494735967988e-06 2.3643479462461355e-06 7.753808938652542e-07 3.575992531264221e-06 2.1264978526796526e-06 1.2660503019766437e-06 4.102120443653122e-06 1.4328433149769992e-07 0.0 0.0 0.0 0.0 0.0 0.0 0.0 0.0 1.1408424649459842e-07 0.0 0.0 1.5039363241190953e-07 0.0 0.0 0.0 6.75796342149352e-08 0.0 6.634556178316842e-08 1.1643472370922793e-06 4.4928321156179075e-07 0.0 0.0 5.3940105797394265e-08 1.2449593471413213e-06 3.0595766703839074e-07 6.567019376555751e-07 6.106708348006523e-07 0.0 0.0 0.0 0.0 1.3836667939979268e-07 0.0 1.7238184703617812e-07 0.0 2.4829407545607866e-07 5.024127452746478e-07 0.0 0.0 0.0 1.5165362137617574e-07 0.0 0.0 0.0 7.474172848662166e-08 0.0 4.1471756904732026e-07 4.451319978698584e-07 9.700229114919262e-08 5.473911857430957e-07 1.0662354103766546e-06 8.403597605750124e-07 6.522265599069535e-08 0.0 0.0 0.0 0.0 0.0 0.0 0.0 2.6583401474020248e-06 1.5031572371269896e-07 0.0 0.0 0.0 5.900409396810802e-07 6.434697493970532e-07 1.0671648712157377e-06 1.3843502494965082e-07 2.1373711534933865e-07 3.739271402239875e-07 8.531233261042441e-08 9.38202921320535e-07 0.0 0.0 0.0 0.0 6.982179214270152e-08 0.0 0.0 9.197884209478321e-08 2.1532214911191594e-06 2.6267599632865586e-06 2.2696305375166765e-06
0.00041611259666387174 0.0005277805939721415 7.245305100806132e-05 0.0 0.00010919237986347285 0.00013371673434323886 0.00011530846972918053 2.9543892552704764e-06 3.505928409598792e-05 0.00042423501565443713 0.00010812036236730187 5.895551426038075e-05 0.0001074971677957568 4.472152201192858e-05 3.8831672525333623e-07 2.8577331012608877e-06 2.679160044059355e-07 0.0 6.492636882688981e-08 0.0 6.646523468186832e-08 1.4697992334312214e-07 0.0 1.0926066896631631e-07 0.0 0.0 0.0 0.0 0.0 0.0 8.263356929216696e-05 5.493673375404575e-06 1.5866554636022905e-06 3.6522674831772376e-07 0.0 0.0 3.298028827558701e-07 1.9439122787039204e-07 8.90047708326198e-08 0.0 0.0 0.0 1.5023254761036907e-07 2.907316729428614e-07 0.0 1.3761432717756397e-07 9.339124976078472e-06 1.9007017310053648e-07 0.0 6.287192250866486e-08 0.0 0.0 2.965830361684533e-07 0.0 1.4689085479523166e-07 6.33773073932523e-07 9.807367639788756e-06 2.923063257164628e-05 2.7923975682874917e-06 4.292170962009981e-06 3.719775646630108e-07 1.525199012206276e-06 0.0 2.068117130016681e-05 1.8639495763870194e-07 5.982331777647413e-08 0.0 7.714806233491104e-08 2.4075494990157397e-07 1.3992658645622816e-07 7.654866765782417e-07 8.728918275065945e-07 0.0 1.7948716069101036e-05 1.0746163425229307e-05 1.4757475197153094e-05 9.438914428071055e-06 6.019378497721749e-07 6.260458901540322e-07 4.2476109760916e-06 3.4670095061503465e-07 1.6684481254035093e-06 8.443964778560998e-07 0.0 2.4019869622200863e-07 3.0357232893392623e-07 6.034695560500981e-08 0.0 1.9106181429812493e-07 0.0 0.0 9.550455308685404e-08 6.444596120647857e-08 0.0 0.0 1.8601592474269837e-05 1.8394454863855147e-06 8.190110552834948e-07 0.0 6.829383140887922e-05 2.0138035585194866e-07 1.4319630506602529e-06 1.8209406503334266e-06 1.518137458852381e-06 0.0 7.78324923883026e-06 9.683066784798104e-06 5.674979317036773e-07 1.1090072123746158e-05 1.4022122436031922e-05 6.380949526219604e-07 7.3621366673706865e-06 7.698350417252408e-06 1.1502517118027637e-06 8.346576404377998e-07 0.0 0.0 0.0 0.0 0.0 0.0 0.0 0.0 0.0 0.0 0.0 7.214927972811831e-08 8.830780305289748e-08 0.0 1.0775264611471576e-07 0.0 0.0 0.0 0.0 2.872369356448608e-07 1.018509601539516e-06 0.0 0.0 0.0 0.0 0.0 2.6509036367697763e-07 0.0 0.0 0.0 0.0 0.0 0.0 0.0 0.0 0.0 1.775454078771192e-07 0.0 0.0 0.0 0.0 0.0 0.0 0.0 0.0 0.0 0.0 1.9564647219430814e-07 0.0 0.0 0.0 4.845256898071685e-07 0.0 0.0 6.631116172007886e-08 0.0 0.0 0.0 0.0 0.0 0.0 5.272678534290026e-07 0.0 0.0 0.0 0.0 1.7026849387717963e-06 1.0120987230492559e-07 5.258164310115671e-07 8.341813580975014e-08 1.6305759458701243e-07 2.6991827672692094e-07 0.0 2.0837123963454507e-07 0.0 0.0 7.258639463616098e-08 0.0 0.0 0.0 0.0 0.0 2.5447256146198866e-06 4.924901681074107e-07 0.0
1.0581775944886472e-05 0.0014065110203717005 0.0008001176585066311 0.00010919237986347285 0.0 2.2322087692487227e-06 0.0012829778427688831 5.0841644645785595e-05 0.0007805954345541687 0.0005057091824316296 0.0020231968757321184 9.048894871283768e-05 0.00042923267363941176 0.0008657101332619942 5.785033733081545e-06 1.6479868775307973e-05 4.239212678561642e-07 2.7721453919974226e-07 7.378523172084841e-08 5.950192663534291e-08 1.9083807012828124e-06 0.0 7.210378232059302e-08 2.51046035045611e-07 2.106648896950695e-07 2.1842278578624593e-07 0.0 0.0 0.0 0.0 5.413658380900591e-05 1.8845241734335857e-05 3.617051676629272e-05 0.0 9.244611018663676e-07 4.098441585898516e-07 4.419732044056845e-06 9.088892945168623e-07 1.1374584738041798e-06 8.942327652252273e-08 1.1572001097459607e-06 7.436594160648212e-08 7.629527204278393e-07 8.759392957979827e-07 6.76125569049816e-08 4.594648006345137e-07 2.2863111724299938e-05 6.054482926820651e-07 0.0 1.4103601406078443e-07 3.5715060902643884e-07 9.915535780025246e-08 8.006181700148543e-08 0.0 4.4180081144993943e-07 3.439417888319168e-07 6.21037657473747e-06 1.7673123577540807e-05 3.2131077601521453e-06 7.909730952131791e-06 1.6038770022892548e-06 1.0743415659106334e-05 2.2001507572334666e-07 1.9322407816459875e-05 3.0732535081529913e-07 1.8421251399289926e-07 4.800360042688444e-08 2.1033208868828183e-07 7.566878575340795e-07 2.7636276374925178e-06 2.275161570468626e-05 6.230889450547616e-07 0.0 1.594092524271888e-05 1.3269198555668546e-05 3.367227088726333e-05 1.8132261395745437e-05 5.046208724825854e-06 1.685160330074097e-05 5.4414217342565106e-05 3.9446635702727254e-06 1.65203276532094e-05 1.0539355411058336e-06 0.0 2.2006387449140293e-07 2.8847251954289483e-07 0.0 0.0 5.5063960517937364e-08 6.742959561799438e-08 0.0 0.0 8.479683169803416e-07 2.443386193745688e-07 1.398726680223569e-07 5.5609872046391284e-05 9.733192069063294e-06 0.0 3.0703946890348067e-06 1.1108244772469491e-05 1.6851054212320667e-06 1.2644149466153345e-07 1.7650578217130938e-06 1.7147398084522252e-06 3.6816455575388155e-06 2.229145388513219e-05 6.716121193978722e-06 2.3625408803617833e-06 1.8602326029761195e-05 1.954332247599361e-05 8.466369555561395e-06 2.8301574509912048e-05 3.153674839338767e-05 6.636127881628807e-06 2.2738771037059166e-05 1.6368621681687662e-06 1.9824025627075428e-07 9.087250560920953e-08 0.0 8.399591936031759e-08 0.0 0.0 0.0 6.712242135130156e-08 6.63576194200822e-08 8.650432832148122e-08 2.7102910783586816e-07 6.561581336850002e-08 0.0 1.7350990658769023e-07 0.0 1.4308622713702036e-07 1.644006801027523e-07 2.478106960429691e-07 5.07859863437746e-06 7.139677442731349e-06 0.0 1.1266533196631637e-07 2.5374017820931985e-07 3.553833748239916e-06 1.5236473670744748e-06 2.2631945664134992e-06 1.7227382947434794e-06 2.4849348672368104e-07 7.608832560444103e-08 0.0 1.3389333019800345e-07 1.768535654454159e-07 2.2820451248042978e-07 3.3506788798504014e-07 5.921843579497273e-08 2.7124451450776475e-07 1.3673003417817308e-06 0.0 3.0471794649583583e-07 0.0 0.0 0.0 2.3721048195405896e-07 0.0 0.0 6.33429329000808e-07 2.30640148318369e-06 4.867177136489357e-07 8.250340665278857e-07 2.3182407302684703e-06 6.981595583731657e-06 1.611341554598304e-06 0.0 0.0 0.0 0.0 0.0 0.0 0.0 0.0 1.5153880812563518e-05 6.745893965595392e-07 0.0 0.0 0.0 8.17546330258247e-06 4.573623482156921e-06 8.784605067647859e-06 5.261724210929282e-07 1.0272709294016058e-06 2.1206497964967966e-06 8.76360688047524e-07 1.6407223507356043e-06 0.0 0.0 0.0 0.0 0.0 0.0 0.0 0.0 1.9658059454309698e-05 5.420621846912388e-06 5.620053195423762e-06
0.00022568885557257404 0.0002566997249284263 9.604560096119481e-06 0.00013371673434323886 2.2322087692487227e-06 0.0 4.878377124258361e-06 5.472700241069446e-07 3.0524610167656116e-07 0.0002667687072299775 1.172732062116524e-06 2.8869840942661746e-05 9.804168070260369e-06 2.645835286939262e-06 0.0 2.945048609662736e-07 1.098586982097791e-07 0.0 0.0 0.0 0.0 0.0 0.0 2.2539030434594435e-07 2.4346217918112275e-07 0.0 2.259538426110533e-07 0.0 2.8156215259115055e-07 3.572586788645459e-07 5.804132692430059e-05 8.368133549959293e-08 2.726339435112073e-06 0.0 1.557127094944591e-07 9.826883964977049e-07 2.189320726403285e-06 6.243859081205348e-07 1.1677004988747853e-06 1.3381430210460247e-07 4.233740431987741e-07 2.3037086980667402e-07 0.0 0.0 0.0 0.0 9.537949914095464e-08 0.0 0.0 0.0 0.0 2.6151856603282533e-06 6.7067855032528795e-06 0.0 0.0 0.0 2.8053426518238915e-06 8.052980605138402e-06 7.76316809688095e-07 5.944413918875974e-07 1.4891475926689127e-07 3.246828396425765e-06 0.0 1.4139489411110622e-06 0.0 7.383132007759096e-08 0.0 0.0 0.0 0.0 4.0494674388882177e-05 8.040465148501597e-05 1.2699616186973868e-06 3.1901724869029675e-06 3.3097320085862054e-07 5.491050350706283e-07 1.732907723899617e-07 0.0 2.2836532453617768e-07 1.6658362150962644e-06 0.0 1.2884199856850641e-07 0.0 0.0 0.0 0.0 0.0 0.0 0.0 1.1682955790543656e-07 0.0 0.0 0.0 0.0 1.6152786571608541e-07 0.00021002263061310587 0.00011497851321667483 1.4970700112950573e-05 9.857205194289378e-06 0.0001195014386484021 0.0 3.946958697706293e-06 4.3136407096113645e-06 3.992458900875953e-06 1.5137483199140515e-06 1.0467433453583932e-05 2.674306059920963e-05 3.066665663100977e-06 1.4066891299769788e-05 3.467945662330417e-05 1.2862873295108157e-06 9.322039702325927e-06 1.0964852308629437e-05 1.384885160817804e-06 1.2815184091029265e-06 0.0 0.0 0.0 0.0 0.0 0.0 0.0 0.0 0.0 0.0 0.0 0.0 1.8251371114159072e-07 0.0 0.0 0.0 0.0 1.0128011571092375e-07 0.0 1.1757402095561488e-06 1.12969326471644e-06 0.0 0.0 0.0 1.6588609346458847e-07 0.0 1.5592587169577091e-07 9.606979601316668e-08 1.264299938806129e-07 0.0 0.0 0.0 0.0 0.0 0.0 0.0 0.0 0.0 0.0 0.0 0.0 0.0 0.0 1.0945671636914354e-07 0.0 0.0 0.0 1.355705236274538e-07 0.0 0.0 9.195736222717647e-07 0.0 0.0 0.0 0.0 0.0 0.0 0.0 0.0 0.0 0.0 1.2541430161810228e-06 4.695115510060283e-07 0.0 0.0 0.0 1.2536689669469007e-06 0.0 6.402365866785478e-07 0.0 0.0 7.59648433561714e-07 0.0 2.097053529501497e-07 0.0 0.0 0.0 0.0 0.0 0.0 0.0 0.0 6.517874352033517e-06 3.6542446060632644e-07 1.0496972987772515e-07
2.6241984745848346e-05 0.002048420213872806 0.00016798071432322609 0.00011530846972918053 0.0012829778427688831 4.878377124258361e-06 0.0 5.346609182134852e-05 0.0003566935436216814 0.0011163101455361822 0.0006201318906014746 0.00034581188212092585 0.0013512014360789427 0.0008029607988045185 5.9201219285036325e-06 1.7264420558936105e-05 1.1909010287716585e-06 0.0 4.768469240890653e-08 4.0077485527030303e-07 3.0803697981781362e-06 0.0 2.441319178392188e-07 5.317656815656762e-07 5.138062348190821e-07 7.753764560639208e-08 8.095379234070071e-08 0.0 0.0 5.759815759378975e-07 5.6264242672338145e-05 1.8525636998595205e-05 5.5995760868149906e-05 5.347968248849376e-08 1.9665575152137057e-06 1.7548129783453082e-06 6.3427965946681826e-06 1.755715335071253e-06 2.432265830701506e-06 3.600618010190037e-07 2.716221606050571e-06 4.2421587308758213e-07 6.192673446531659e-07 1.0750559553278571e-06 0.0 5.206596944976446e-07 2.119821601056515e-05 1.8653889923073766e-07 2.573980856777334e-07 1.8167712024488194e-07 1.1513723844890598e-07 1.0009891050528604e-07 6.836277830070577e-08 1.5305904066992885e-07 1.6972803047434356e-07 4.0132286975405083e-07 7.939218227090075e-06 1.5841723978392413e-05 3.4559303163564362e-06 6.653445506385616e-06 5.484116669671477e-06 1.3525758624216364e-05 3.678793318412877e-07 1.7745744048354423e-05 3.0656043523999954e-07 1.8822814461489772e-07 5.408097899926349e-08 0.0 1.2188774681873557e-06 4.164641671894565e-06 2.4899041972755465e-05 1.6968584181421454e-06 0.0 1.7242851600052668e-05 1.4902871234538844e-05 3.2474173869873056e-05 2.0913691855713163e-05 5.968164753184813e-06 2.3662806894141667e-05 1.6799776588446225e-05 6.268194051768838e-06 2.4184107654895965e-05 1.4399288529140297e-06 0.0 0.0 4.20818199198517e-07 0.0 6.017384725977965e-08 1.8114790817421026e-07 0.0 2.424277566695269e-07 0.0 1.181296677757918e-06 3.5834943474671824e-07 2.43615240710598e-07 7.937328695947115e-05 8.685749321100759e-06 0.0 4.6565213780961345e-06 1.2061187700340807e-05 3.616452460373391e-06 8.871859060509072e-07 5.796002165354851e-06 2.0776012654812384e-06 3.3833868507715873e-06 2.4068265635636823e-05 7.90961123945766e-06 9.38865032756186e-06 2.6990448959757196e-05 2.4385957122146748e-05 8.20682231827117e-06 3.1733799409816314e-05 3.641821311366215e-05 8.094282074343976e-06 2.6620193017676802e-05 1.8830649538958047e-06 2.736481379447403e-07 3.0652509193104407e-07 6.495109777875069e-08 0.0 0.0 0.0 0.0 7.462449325344297e-08 2.741579907463425e-07 0.0 0.0 1.4309786997304125e-07 7.33420652655328e-08 1.6166307944275855e-07 0.0 1.519506585909108e-07 0.0 3.007084242431504e-07 5.281628642016012e-06 9.923088400814285e-06 1.6717140801213685e-07 5.153688011469953e-08 1.2842033357317271e-07 4.520229725957499e-06 8.294875621088569e-07 3.576486581856465e-06 1.8467510165330802e-06 5.630022116646922e-07 0.0 0.0 0.0 0.0 6.158606815173536e-07 6.454293029082752e-07 0.0 6.960975501778413e-08 1.6004094543374522e-06 0.0 1.1443708863493691e-07 0.0 1.718508280246307e-07 0.0 7.900941031419108e-08 6.796067145158195e-08 0.0 4.948444756957648e-07 3.2667677276095365e-06 1.0813817911117692e-06 8.214347539472454e-08 2.3655401237877208e-06 5.2731644934237575e-06 2.1650960985595058e-06 0.0 6.409802280820258e-08 0.0 6.687698991340475e-08 0.0 0.0 0.0 6.116515320733133e-08 1.7960820311452125e-05 3.725858957423476e-07 0.0 0.0 7.989657282660806e-08 9.447078988138973e-06 5.4995192098456634e-06 5.86036534821328e-06 1.407644961924883e-06 2.2971533722682876e-06 1.9100466382661144e-06 8.330861473673831e-07 3.8757053651779945e-06 3.0805828126421433e-07 6.186812139449047e-08 0.0 0.0 0.0 6.498861737184291e-08 0.0 0.0 2.8190095525546e-05 6.283583914945874e-06 7.433520412163268e-06
4.134698173912587e-05 0.00032961723697410157 0.0013799998453531035 2.9543892552704764e-06 5.0841644645785595e-05 5.472700241069446e-07 5.346609182134852e-05 0.0 7.587013616404475e-05 7.698517924649142e-05 0.0008446552542853692 0.00012075644763815681 0.00026850553396998427 0.0012619494000475477 1.4240997962787241e-05 4.559628467669515e-05 3.656686067296758e-06 5.901297979874222e-07 5.575586943142765e-07 7.03178403137664e-06 2.0338923600797978e-05 0.0 2.5289524185957837e-06 3.17011153382452e-06 1.096649145970303e-06 6.934520466804765e-07 3.2876171546811177e-07 4.010411006214963e-07 2.624654581691568e-07 1.9965128958207144e-07 0.0005865716081934001 0.0014174971915597327 0.0003587887475596838 5.085096876754407e-07 9.270465768558861e-06 4.40910355532077e-06 8.43176895044564e-06 5.0074011806434166e-06 3.5464841469180327e-06 2.3209759500849823e-07 8.880581834616939e-06 2.6106177251584776e-06 1.8073343457627445e-05 1.9377575590845116e-05 4.388729649174149e-07 1.0174377236437329e-05 3.6876579265833126e-05 3.15189583672359e-07 1.3496638431001671e-06 2.3376396213464415e-06 4.7533544645742534e-07 6.49705087558766e-07 0.0 6.075266042571412e-07 4.36713778532634e-07 5.788118874385534e-07 1.0282483128128874e-05 5.06435919874803e-05 3.1406100022163696e-06 8.931767423832994e-06 5.990515669141601e-05 0.00012551778238892284 4.518218873508456e-06 0.00014501257526286417 1.89809922474576e-07 5.069118632716321e-07 6.821952425535545e-07 6.655986497104586e-07 9.812088193276092e-06 3.869735268890247e-05 1.94979364908068e-05 1.9645481401377057e-06 0.0 1.9943575426507603e-05 3.17017536429507e-05 4.610268788042802e-05 0.00010266942492782353 0.00023518785778524294 0.001081697152337778 0.0017061393519396811 0.00016340539250415858 0.0010811799181201938 6.81933139529086e-07 7.92567225616159e-08 0.0 2.960102700040286e-07 4.421969576670545e-07 2.0635170477777072e-07 5.222600645288507e-07 0.0 1.4688024612034093e-07 2.198914082352262e-07 8.821968428540767e-06 2.0534759455169804e-06 6.831075090432971e-07 1.372879385948261e-05 6.316935486386701e-06 0.0 5.922445728338645e-06 2.1641837150163605e-05 2.9818953161558436e-07 0.0 1.293099053400909e-07 0.0 7.236382270500506e-08 1.7237895763543797e-06 1.0937396984143696e-06 0.0 9.90881969899309e-07 1.2209280733356685e-06 2.1713079862652605e-06 3.934545366185758e-06 2.4778535739061767e-06 9.72037571017658e-07 5.1663240399301324e-06 2.575747510826752e-07 1.4722752538295153e-07 0.0 0.0 0.0 0.0 0.0 0.0 0.0 0.0 0.0 0.0 5.06869235377133e-07 0.0 8.08700423357656e-08 0.0 7.09700462472728e-08 0.0 0.0 1.2077911244985938e-06 4.921074148451522e-07 0.0 0.0 4.900936190144303e-07 1.0542833147201938e-06 4.979266963468914e-07 1.300204189259578e-06 1.009650244293808e-06 1.468000702217295e-07 0.0 0.0 0.0 0.0 0.0 0.0 0.0 0.0 6.231225723381054e-07 0.0 0.0 0.0 8.876206685264884e-08 0.0 0.0 1.1402570842886525e-07 0.0 7.328827184014978e-08 1.6525654730835196e-06 4.6283447262220694e-07 6.15365591081775e-08 7.527851152591904e-07 2.2298380230441615e-06 9.120243710297103e-07 0.0 0.0 0.0 0.0 0.0 0.0 0.0 8.181608384615653e-08 1.8169044614973124e-06 1.816065927286831e-07 0.0 0.0 0.0 2.683132370604577e-06 1.3189953345252263e-06 1.1942430625190362e-06 2.882040354033207e-07 7.315954207647492e-07 2.2220988384507966e-07 3.5746159036981974e-07 1.1870081167097105e-06 0.0 0.0 0.0 0.0 0.0 0.0 0.0 0.0 2.704547665644913e-06 2.7210255401995827e-06 3.642994870598134e-06
3.0024789183593288e-06 0.000722198674268127 0.0005846290797643435 3.505928409598792e-05 0.0007805954345541687 3.0524610167656116e-07 0.0003566935436216814 7.587013616404475e-05 0.0 9.710218780164615e-05 0.0016839482500220103 1.3248817751326257e-05 0.0001385089971599769 0.0009113334622693595 4.376673608959694e-06 1.3445894127431407e-05 2.496763624972983e-07 6.833192961512381e-08 0.0 7.105816984463603e-07 2.05374117943586e-06 0.0 1.4310157477005718e-07 7.224693749559353e-07 1.453923041777193e-07 8.317072128265307e-08 7.35728138882622e-08 1.7193901014869526e-07 0.0 2.2284629069444052e-07 1.7832793282994057e-05 1.0884321527966426e-05 3.1393237393089726e-05 7.32992725871173e-08 9.30337915683729e-07 6.608107280123528e-07 4.101349993611115e-06 4.188043181347348e-07 1.0784278064407892e-06 6.515408883488074e-08 9.394949295044094e-07 3.634341095493586e-07 5.176701903693843e-07 8.600605471521495e-07 1.7377383359964653e-07 3.32760367664522e-07 1.293377484238606e-05 1.9205931384804974e-07 1.1729618049891434e-07 1.2175877328850855e-07 1.259817873103385e-07 1.5747086864887853e-07 9.85221102563224e-08 0.0 1.2807169058159926e-07 1.6556054295012042e-07 2.7564030162478816e-06 4.749855619042752e-06 1.954119988868487e-06 4.297953621706861e-06 2.09119604085998e-06 8.348384754440456e-06 2.975409250742095e-07 7.72233369348077e-06 5.7044350671271966e-08 4.966325857475323e-08 2.2728314309985965e-07 6.110588781948461e-08 8.267400175918416e-07 2.3209883827473616e-06 8.827191885494206e-06 5.723269186901789e-07 0.0 8.79491601777712e-06 6.639825502021061e-06 1.49967054582987e-05 1.168248126968661e-05 5.040477210647286e-06 2.013774694627766e-05 2.6676812140610828e-05 3.5941161141559102e-06 1.623334830891902e-05 4.809026653891855e-07 0.0 6.28499153325258e-08 0.0 1.8561235904451647e-07 0.0 3.0766532276355015e-07 0.0 5.602160508892106e-08 7.595363464053704e-08 1.1872909995542513e-06 1.450658104173852e-07 8.470809271797637e-08 2.1536757458273843e-05 3.402035571593671e-06 0.0 1.5858556820231724e-06 3.7937313387891164e-06 7.499061243167624e-07 3.609506340994002e-07 1.036505886014721e-06 2.68103272803564e-07 6.857125325192794e-07 6.88455054536168e-06 1.7249008052176077e-06 8.199829905975689e-07 5.882564276008932e-06 8.961773796538805e-06 2.841070441431743e-06 1.0710292398622712e-05 1.2559678128147744e-05 3.3189879836719614e-06 9.08965637200647e-06 2.258692743687405e-07 7.584136565366497e-08 0.0 0.0 0.0 0.0 0.0 0.0 0.0 0.0 0.0 1.4402505224831578e-07 5.25761665929298e-08 0.0 8.139786794865827e-08 0.0 9.185499277613434e-08 1.4410517700709116e-07 6.617406718387772e-08 1.4519168487354397e-06 3.0163997897441235e-06 0.0 0.0 2.21985982278185e-07 2.8956523749011252e-06 2.183701969881134e-07 1.4565022225893282e-06 1.3237992061699944e-06 1.8414904377408352e-07 0.0 0.0 0.0 1.7493168494679436e-07 8.473298645375359e-08 0.0 0.0 7.432810380996522e-08 4.916049091333378e-07 1.0364093510507585e-07 0.0 0.0 0.0 0.0 0.0 0.0 0.0 2.869075951003166e-07 1.3343563093770642e-06 1.966473924310483e-07 6.778245480494488e-08 8.739448421897182e-07 2.683676549600617e-06 1.6127049255823671e-06 1.1724402923049087e-07 0.0 0.0 0.0 0.0 0.0 0.0 0.0 8.285129425216068e-06 7.356838745133674e-08 0.0 0.0 0.0 4.1766108709851025e-06 1.0035644617416952e-06 2.1924768668464056e-06 4.5216337872044934e-07 8.897806390554231e-07 1.3541303907037544e-06 3.123021148815449e-07 1.8688327829642048e-06 5.12605204403646e-08 0.0 0.0 0.0 0.0 0.0 0.0 0.0 1.0761392163829374e-05 2.982432017371403e-06 3.101655652611075e-06
0.00041707432938176505 0.0016165302999959054 0.00034117111030088516 0.00042423501565443713 0.0005057091824316296 0.0002667687072299775 0.0011163101455361822 7.698517924649142e-05 9.710218780164615e-05 0.0 0.000657566687322262 0.0009871475798796585 0.002812792406702036 0.00047012012960217185 9.238392119118165e-06 3.058902877473249e-05 1.5166878149648009e-06 2.010413441961758e-07 2.949822854295784e-07 3.798777317782434e-07 3.301602729322999e-06 3.0140606820515024e-07 5.65578057023072e-07 1.0669757901950297e-06 8.605570638209354e-07 7.407142729032837e-08 6.58000173535047e-07 2.845164554655557e-07 2.2015584096333958e-07 6.760160957073178e-07 0.0001898600593164441 3.2890343492062456e-05 0.00013782141272194326 6.300489176475319e-08 2.529854667359853e-06 4.031628702610777e-06 2.393295138509252e-05 3.426804855738626e-06 7.508530119073306e-06 2.5820862935125057e-07 4.478602444856073e-06 6.164453234881637e-07 9.122096222449145e-07 1.7543464068916666e-06 1.6097458951142241e-07 9.62530232273017e-07 5.7618146201046715e-05 1.2416205465680261e-06 4.009320363976871e-07 2.856602263111614e-07 3.927381106994343e-07 9.929616508855514e-07 3.7364872756934297e-06 0.0 2.0021594326382807e-06 1.500004665107988e-06 3.0660729160343644e-05 7.002137396733954e-05 1.0011633018242694e-05 2.3069418562394826e-05 6.213620135889317e-06 5.6234464394665786e-05 1.156733305321955e-06 6.716807016683495e-05 1.2331371012109465e-06 6.294828280728214e-07 3.2162162837256444e-07 3.696373830338308e-07 1.30635132256841e-06 5.645618209736374e-06 0.00014048305391735518 4.894206961060278e-05 6.677553757009023e-07 5.741898315200329e-05 4.269427964884828e-05 8.770467648604601e-05 4.624200919283066e-05 7.392729233289005e-06 1.7265141136273497e-05 3.386081263271766e-05 6.042221707901522e-06 4.9930045979798275e-05 3.793289149672891e-06 2.313837567650639e-07 5.019460317659058e-07 7.118607625694953e-07 3.3545597115466193e-07 1.7865151139232833e-07 3.9618274232245585e-07 8.029188375973334e-08 3.896730730332405e-07 7.456854059053533e-08 2.3068066243297567e-06 6.964775418889498e-07 5.04801685896456e-07 0.0006826255202246111 0.00010222890022006844 5.887473973021222e-06 2.238656719574399e-05 0.0002501571754747794 1.5684285714230162e-05 1.1387551277580552e-05 5.386786217035073e-05 2.5159686273174323e-05 2.5188988166226715e-05 0.00023031149500798905 0.00016508722396444734 3.71371205024356e-05 0.00021483629276357322 0.00031432541189150236 4.472159442593651e-05 0.0002302743309447197 0.0002603593692988691 4.5738837430108495e-05 0.00010837139320813398 5.185356860696825e-06 7.289976420988825e-07 2.936703781672532e-07 0.0 0.0 0.0 0.0 0.0 6.56630836236771e-08 1.2566273155505625e-07 0.0 6.967565778813745e-07 1.794754031312905e-06 2.7598403519209515e-07 4.31944505828096e-07 7.750708046279033e-07 2.3064818409128304e-07 1.524388906062468e-07 7.210745131972368e-07 3.390562420390088e-05 4.0876996400267104e-05 0.0 1.0950536739989552e-06 1.4623855595768963e-06 1.1590159478168672e-05 3.439865674406346e-06 1.329604139538382e-05 5.657879195685139e-06 1.1308863798216868e-06 1.1637679988974854e-07 0.0 0.0 7.99638893293196e-07 1.642194177947647e-07 3.7282714507809147e-07 1.8929222254923303e-07 1.3039533188312023e-06 7.925345512384282e-06 7.426356533679521e-08 4.226010532115732e-07 2.444393478050922e-07 1.2185115797066055e-06 0.0 9.35070651816469e-08 2.6310253551859106e-07 2.2086136046010021e-07 1.4647727614442767e-06 1.4693679899445842e-05 1.7130250897474784e-06 1.940190145283558e-06 8.645472682846409e-06 2.5348823348825203e-05 9.185159129516861e-06 1.6717407864802259e-07 2.1968018366548257e-07 0.0 0.0 8.341852788182699e-08 0.0 1.236169846911739e-07 8.765280971421295e-08 7.007545003691455e-05 2.3099341207824524e-06 5.583637205676978e-07 0.0 0.0 4.293899433921318e-05 1.0112168341903825e-05 2.39269059575533e-05 4.265142092617554e-06 1.2250476013533674e-05 1.204566979437856e-05 6.734597704243809e-06 1.0903573926142758e-05 8.886159633812565e-08 6.432497571865187e-08 0.0 0.0 1.7491339961428327e-07 0.0 9.193686765374543e-08 0.0 0.0001743346606636154 1.8134317756966416e-05 1.7975599996833524e-05
1.6198390957988768e-05 0.001579800793029006 0.0009533600675423244 0.00010812036236730187 0.0020231968757321184 1.172732062116524e-06 0.0006201318906014746 0.0008446552542853692 0.0016839482500220103 0.000657566687322262 0.0 0.00016718350278225387 0.0005124136672445712 0.001688432295336446 7.417084409769963e-06 2.230855435309827e-05 5.909272896383234e-07 1.5898442028498292e-07 6.204479816384025e-08 1.2919545040933536e-06 8.722955245167101e-06 0.0 1.939237444230064e-06 1.929275125727966e-06 2.3235443858493303e-06 8.697053611406609e-08 1.6851697665103007e-07 3.29115830422149e-07 0.0 2.388428427938534e-07 8.76285282586469e-05 7.835811966442477e-05 0.00020752356331466446 2.4773890139527555e-07 6.431457791035208e-06 3.988697656845374e-06 1.2996778239731162e-05 3.759201255507354e-06 3.4148509588234938e-06 3.887367765027304e-07 4.529990280759534e-06 2.0796758665770946e-06 3.010382665263089e-06 2.533046185205153e-06 7.147781936220655e-08 6.31812122599114e-07 2.1882568899626197e-05 1.885462003022738e-07 4.319934636978647e-07 5.579223894642781e-07 6.135139312603357e-08 3.0470283751536755e-07 0.0 0.0 1.8688241119208823e-07 2.3687799915069604e-07 4.466753117541375e-06 1.0869388979932691e-05 2.2126068984790285e-06 5.046677881682321e-06 1.1523361141323197e-05 4.202901669806865e-05 1.3903654136171584e-06 1.9711736036531618e-05 1.7627032697899673e-07 1.2765870799399622e-07 1.3766758079356584e-07 2.1218561795484116e-07 2.9881553321295814e-06 1.238498862441815e-05 2.8548676493059597e-05 2.3182897904179107e-06 0.0 9.921977291277335e-06 1.0948788394001466e-05 2.834464070121767e-05 2.4113195697820312e-05 1.1075730041942348e-05 0.00010852717392792827 0.0005821473840034105 1.7675504591488018e-05 0.00012022337997613921 5.51860864241093e-07 0.0 7.589892638030805e-08 1.0939131420096369e-07 3.3101394794359165e-07 0.0 0.0 0.0 6.978819895258169e-08 8.69885316541726e-08 2.60766251313143e-06 9.549150504178097e-07 8.405796334592625e-07 4.873020837831058e-05 8.686529402478569e-06 0.0 7.514686179124642e-06 9.715496418637958e-06 1.6004542641982918e-06 0.0 9.175528941521475e-07 7.201382678065628e-07 2.048554565893241e-06 9.716689067802478e-06 2.404036038855519e-06 9.514756123292551e-07 1.2254692606664974e-05 9.85835730092827e-06 4.776427963118231e-06 1.8386291048155953e-05 1.8576638052553758e-05 4.6642128208113895e-06 1.5342193372001222e-05 7.956267231334412e-07 3.1833522340246523e-07 7.188394921177097e-08 5.995671319786337e-08 0.0 0.0 0.0 0.0 0.0 0.0 0.0 0.0 3.7398041088660137e-07 0.0 9.28000683118432e-08 0.0 2.3667763895502357e-07 0.0 6.914729179764326e-08 1.7311325351797726e-06 3.4777929826830564e-06 0.0 1.589679987153878e-07 8.121271333092233e-08 2.1396398132206653e-06 3.8823573111734706e-07 3.68450529717405e-06 9.423849836980496e-07 1.5781361919489138e-07 0.0 0.0 0.0 0.0 2.5146860351138267e-07 0.0 0.0 4.999108708480981e-07 2.672674166158339e-06 0.0 7.713182827804834e-08 1.1067179887510171e-07 0.0 0.0 0.0 0.0 1.1056657013900065e-07 7.380782984620473e-08 2.1170964188533903e-06 8.911839672980999e-07 1.0515243546553184e-07 1.0408595850466259e-06 5.584339145385211e-06 3.1671168020685685e-06 0.0 0.0 0.0 0.0 0.0 6.439587826031548e-08 0.0 0.0 1.176851728211781e-05 1.1246910273296082e-07 0.0 0.0 0.0 6.679024828487932e-06 3.039716140005376e-06 3.3665022724647476e-06 9.923036062033126e-07 2.459450517492354e-06 1.4759453723543507e-06 8.520241264669101e-07 2.152934994392867e-06 0.0 0.0 0.0 0.0 0.0 0.0 1.3426600323034437e-07 0.0 1.6313139647327323e-05 4.0667940960765256e-06 5.210861404994341e-06
