0.0 0.0022676753888698597 0.0004109197943923892 0.0015166392854745062 1.8729935749282436e-05 0.0001624213369351124 0.00026368067289366356 7.36760636610048e-05 1.3628828490000698e-05 0.0007831248647707011 4.99860308063353e-05 5.533770998106972e-05 4.629730607911493e-05 1.6522718161605094e-05 1.7851562110691367e-06 5.047405373335956e-07 3.672202952431335e-07 1.716414885295228e-07 0.0 1.6292756766488768e-07 3.1442745207639275e-07 4.076942294209064e-07 2.2425317275973678e-07 0.0 1.1594377080640837e-07 1.8933644028449042e-07 0.0 0.0 0.0 0.0 0.0006315167687357083 8.547215836826074e-06 7.456662123846566e-06 1.232816308789301e-06 2.142243806805914e-07 8.577046208615007e-07 6.193019170422588e-06 4.418695569817462e-06 2.109722181366504e-06 5.447633913312003e-07 0.0 1.3183301522644691e-07 3.086120425383254e-07 8.300638649408878e-07 1.1814273080860602e-06 6.785016525351436e-07 1.6540084042571297e-05 1.239887129749732e-06 0.0 4.7488574150588036e-07 3.0944589156893353e-07 5.916913310619695e-07 2.4264390728745206e-07 0.0 1.1109040247035926e-06 1.8676205478899619e-06 0.0001791853925157917 0.0007291072896488425 3.685258298583361e-05 3.683952528370366e-05 0.0 9.494875968530346e-06 1.1914450325774431e-06 3.990243838949037e-05 5.826402096701918e-07 8.165515306189112e-07 1.911626872388132e-07 1.1643621198031564e-06 8.282372064343885e-07 4.865011210438242e-07 7.559470200219794e-06 9.551261491245558e-06 1.816460560144017e-07 0.0001845186248329447 2.574159341241629e-05 1.8358027988717175e-05 9.760757580628107e-07 4.257752551068698e-07 3.1604843890225966e-05 3.059173266576753e-05 7.336982326702825e-07 1.4055089041102537e-05 4.5753802328696146e-06 9.673301540121568e-08 7.979465736859658e-07 2.3054866107748628e-07 1.259687481134561e-06 2.4171088051387755e-07 5.34560879912565e-07 7.075610731291821e-07 9.547895893524941e-08 5.891720808949834e-07 1.96324127705266e-07 6.815158416811697e-08 0.0 0.00029350771146136853 2.265292211699575e-05 1.6404818751840071e-06 3.118274389102889e-06 0.0010769275356706414 8.245157870335359e-08 6.564610643642843e-07 1.0393379060952868e-06 1.3411218611468867e-06 5.139397731879124e-07 1.5728211018100207e-07 3.362587362071098e-06 3.112866188282974e-07 1.1050074760710337e-06 7.447376398719463e-06 4.97275227783053e-07 1.487489139070582e-06 1.5151984861764034e-05 3.9420193452413975e-06 1.674376077784646e-06 0.0 0.0 0.0 0.0 0.0 0.0 0.0 0.0 0.0 0.0 0.0 0.0 3.385423771851456e-07 0.0 3.8128832630854653e-07 0.0 6.110291104635484e-07 9.601258381888113e-07 0.0 0.0 2.0253429809103953e-07 0.0 0.0 0.0 2.08223910691364e-06 8.749983535653775e-07 4.71496440279369e-06 2.47448682075128e-06 1.9796544273933924e-06 0.0 0.0 0.0 0.0 0.0 0.0 0.0 0.0 1.4740126161195333e-07 0.0 0.0 0.0 2.5570655817403174e-06 0.0 0.0 0.0 0.0 5.773188843489517e-07 0.0 0.0 0.0 0.0 2.9718888002731244e-06 0.0 0.0 0.0 0.0 0.0 0.0 0.0 0.0 0.0 2.9725467329087774e-06 5.713531379665921e-07 0.0 0.0 9.42403325101162e-08 1.7241606201672706e-06 0.0 2.8620403324742407e-07 1.692482746336992e-07 0.0 1.8155112675621123e-07 0.0 0.0 0.0 0.0 7.448592301132882e-08 0.0 8.004577764250081e-08 0.0 0.0 0.0 2.357634102139408e-06 9.046003392226355e-07 2.792097907502124e-06
0.0022676753888698597 0.0 0.0017177007686390727 0.0006246523389314254 0.0012079661594187393 5.140703305813388e-05 0.001401165207096004 0.0007925573925346147 0.0007610779507041498 0.0004713252603181134 0.001349268139295015 5.61526087814635e-05 0.0006143458893457983 0.0009767315759534338 3.3541652836184955e-05 1.2878244955338073e-05 2.6052775832565065e-06 9.956677374148884e-07 6.214952052223068e-07 1.7450579353865083e-06 3.479411398662052e-07 0.0 2.883340816868728e-07 6.98744865719755e-07 6.4129960248161e-07 2.612749946178198e-07 6.052587057388751e-08 1.6524014266040359e-07 3.6080484896328987e-07 7.130047750729998e-08 0.000974377480839113 3.136274961403603e-05 5.649351500671378e-05 2.729036248695327e-06 1.7847369850274297e-06 1.1130712331387943e-06 9.49011346774908e-06 3.449524498598784e-06 3.9112698761371726e-07 8.446682624605853e-07 2.815205758103391e-07 5.152843774642823e-07 6.130920505719386e-07 1.687915498571409e-06 1.1503349210452252e-06 2.7595714004207427e-06 0.00020052444816276625 4.485414920753473e-06 9.950639397193766e-07 1.9687193625979324e-06 1.52643329898463e-06 8.003513427005913e-08 2.373680046633545e-07 3.3410025394436473e-07 6.983322992254216e-06 1.085920407607233e-05 0.00010883197827240598 0.0005852855679210294 6.766442327511584e-05 0.00016046230666942713 1.868224408901194e-06 1.029830863086852e-05 2.8811835553330544e-06 0.00013925245676139723 5.059996850165638e-06 7.534915338497499e-06 1.3844620789500206e-06 2.979966898351343e-06 1.932055714599064e-06 1.6454799294363862e-06 3.829331654955651e-06 2.1249229053268172e-07 9.869992455789683e-08 0.000510943776452586 0.00016003853035173365 0.00018101277037434023 2.0042737229907566e-05 3.859220239217057e-06 6.261648253887976e-05 0.00013958746634304146 5.001028001775346e-07 2.2961154255719942e-05 2.2644697765937144e-05 0.0 5.484959770923373e-06 2.2792467436394357e-06 9.269709605811941e-07 2.3968334022423893e-07 5.947489168021154e-07 8.765409207702194e-08 1.2823598905383667e-07 1.7337498428640468e-07 5.880853108914096e-07 3.9039395620320966e-07 4.0399153247829886e-07 1.8257187245715947e-05 1.6864139156317752e-06 1.3198199711434266e-07 1.7068826973985442e-06 0.00033106008545322825 1.3571120434868923e-07 1.0206731474653088e-06 2.4423778175240356e-06 2.681132949300951e-06 2.6210030868944427e-07 4.746008619235158e-07 3.235042644544997e-06 8.498905113440104e-07 3.2098800912104426e-06 6.865993715216664e-06 5.134971709825802e-07 2.010637297234273e-06 1.6079690626595883e-05 5.2525639117199945e-06 2.605687356261297e-06 0.0 0.0 0.0 0.0 0.0 0.0 0.0 1.60119084959824e-07 0.0 7.929585359804054e-08 0.0 0.0 1.760115762099566e-06 0.0 2.853711656104676e-07 1.256598592102713e-07 1.0178471453006698e-06 2.33832781597669e-06 3.8213720015938313e-07 6.27450156274498e-07 5.649474233128299e-07 0.0 0.0 0.0 4.7078665966736254e-07 9.210791353013077e-07 3.4645480398497523e-06 2.618457813966757e-06 2.297652987352634e-06 1.0825887600919714e-07 0.0 0.0 0.0 0.0 0.0 0.0 0.0 0.0 6.68057009142139e-08 0.0 0.0 3.5900238909161208e-06 0.0 0.0 0.0 1.2816929227495464e-07 1.0042850701494839e-07 0.0 0.0 0.0 0.0 1.0226994404352744e-06 0.0 0.0 0.0 5.4089055238725254e-08 0.0 0.0 0.0 0.0 0.0 1.1414257724911985e-06 3.4650010574909354e-07 0.0 0.0 0.0 6.269024563064297e-07 1.5844865165952706e-07 5.560839697135397e-07 7.704327024671559e-08 0.0 0.0 9.873626144929644e-08 0.0 0.0 1.3552979214928464e-07 2.8685690695709187e-07 0.0 0.0 0.0 0.0 0.0 2.7994820779581753e-06 7.483056440182265e-07 2.7705819533827334e-06
0.0004109197943923892 0.0017177007686390727 0.0 2.8473537179099278e-05 0.0012077143781128955 9.677347819815837e-06 0.00010116134372645286 0.000793203330219323 0.0001931954808400272 6.507837221604446e-05 0.0014446959548312368 4.87055259967299e-05 0.00028873992289312167 0.0007251239110288838 1.535661663235686e-05 8.891653850897423e-06 2.907445421515208e-06 3.4297169735429397e-06 3.6043763488565044e-06 1.0053946059531476e-05 6.2542078109530945e-06 0.0 1.830981881108208e-06 1.7804130089191662e-06 1.7195874143924868e-06 5.295984027629518e-07 1.1998563106346184e-07 8.035661856931666e-07 0.0 0.0 0.003063257103528596 0.0002119092072839277 0.00016785376797172957 2.3316652237506533e-05 1.2002962390171173e-05 8.37311545067336e-06 3.040725947423711e-05 1.2173076026069063e-05 6.424326562761111e-07 1.5051764232919223e-07 2.8169775345442605e-06 3.1449213224960994e-06 4.085348298066808e-06 5.965225148362333e-06 1.2127374727097731e-05 1.759218679026773e-05 4.830225563979364e-05 1.4118471913217314e-06 8.964550694976392e-07 1.0229843478765554e-05 1.200474727929755e-06 0.0 7.93217497273008e-08 4.87465451109101e-07 1.0834820815778709e-06 2.334727760146904e-06 3.383551112891873e-05 0.0003377063702693419 2.042554536141981e-05 3.565772918687802e-05 8.01194192060721e-06 8.077149648629952e-05 2.2278244983845333e-05 0.0003739647346170213 1.0838851462821844e-06 2.029240446503428e-06 3.5019178575651467e-07 3.2548069186328764e-06 1.0106452797956676e-05 1.0751693158154509e-05 1.5420648484264552e-05 9.957688526188706e-07 6.698930383751188e-08 0.00015246110149611886 0.00010628626969141555 6.045287960465998e-05 2.824653540447616e-05 2.9895119539016937e-05 9.381935027396735e-05 0.0005238997374646742 6.73204201039084e-06 0.00023051726838398806 5.078569990949554e-06 1.2082360827897893e-07 2.3155993658295875e-06 5.380529887722396e-07 5.791020139314776e-06 0.0 1.2609863714614786e-07 0.0 6.392823573279559e-08 0.0 2.7868341235067323e-06 1.4287695646678144e-06 8.50905626947868e-07 4.443132670633128e-06 1.9981691277682438e-06 0.0 4.3900368807434756e-07 7.108380501166322e-05 0.0 7.104638519352417e-08 8.334101260407799e-07 0.0 0.0 0.0 3.49034868267348e-07 3.643780146070206e-07 1.8597636369461142e-07 4.5787428610829877e-07 1.067298646998921e-07 5.455776884676383e-07 6.205224130111238e-06 1.1568595299569936e-06 1.010772177160615e-06 0.0 0.0 0.0 0.0 0.0 0.0 0.0 0.0 0.0 0.0 9.177276189966994e-07 0.0 1.3225182338440494e-07 0.0 1.0266637579307017e-07 0.0 7.262034179944703e-07 1.1597232619588613e-07 0.0 1.516514685754708e-07 2.043831044362069e-07 0.0 0.0 0.0 4.463602718714288e-07 1.0029665202916723e-07 1.689130318286024e-06 4.145140288799547e-07 2.4945593157615035e-07 2.0215518888918458e-07 0.0 0.0 0.0 0.0 0.0 0.0 0.0 0.0 0.0 0.0 0.0 3.183449792551373e-07 2.3527270389074686e-07 0.0 0.0 0.0 0.0 0.0 0.0 0.0 0.0 3.5859732107793467e-07 0.0 0.0 0.0 0.0 0.0 0.0 0.0 0.0 0.0 8.068588437049618e-07 1.122163908637255e-06 0.0 0.0 0.0 2.810427510702699e-07 0.0 8.536179077487803e-08 1.6060113285838144e-07 0.0 0.0 0.0 0.0 0.0 0.0 0.0 0.0 0.0 0.0 0.0 0.0 9.066426574011972e-07 3.604955706684304e-07 1.3488193874301303e-06
0.0015166392854745062 0.0006246523389314254 2.8473537179099278e-05 0.0 3.235447509315215e-05 0.00025687198880991653 0.0007610336277504018 1.326512729510845e-05 2.0711195996284417e-05 0.002756380201081713 6.320721176858977e-06 0.0002848012011635128 0.0005732450881748534 6.584702523393738e-05 4.605432671881419e-06 2.622889477450683e-06 7.324594416242788e-07 4.729113009443692e-07 7.690102515137066e-08 0.0 1.518933979395378e-07 0.0 0.0 9.900061724119719e-08 1.5896982867271244e-07 0.0 0.0 6.820235704355412e-08 7.149198223238691e-08 0.0 7.719639939338082e-05 2.088543206169237e-06 5.1555809258583395e-06 3.983591117010506e-07 1.640183518850755e-07 4.01429487216528e-07 4.162638385651133e-06 3.1342678385340193e-06 1.2147737727291996e-06 0.0 2.184850980535397e-07 9.249003909286084e-08 4.7411642702233464e-07 0.0 2.1574702876009055e-07 2.550793172002312e-07 2.5026188002845145e-05 9.003508730530359e-07 3.191087441158721e-07 1.3812267216643393e-07 2.4106858052936003e-07 3.908703500080191e-07 1.1706150852837148e-07 0.0 1.5309988657178617e-06 1.4543832298403975e-06 5.131903621274112e-05 0.00019021705931376707 1.6389888778559323e-05 2.6054806082767502e-05 0.0 5.128957552244342e-06 6.225979687766169e-08 1.2718777958973003e-05 7.986976627396642e-07 1.001881269865366e-06 7.054111308906781e-08 4.539430257500028e-07 2.1809696003008943e-07 0.0 4.488372727251318e-06 5.352431909996827e-06 9.235582243074377e-08 0.00010977758216597072 1.8233987460690025e-05 2.0281397204489702e-05 1.2703604410119484e-06 3.4512876641018057e-07 1.7050254320732566e-06 2.756593744444847e-06 0.0 5.4721249812811535e-06 3.826842207497816e-06 1.4531369168869217e-07 7.445590312925996e-07 4.1929510332752136e-07 4.727021058072644e-07 0.0 0.0 2.403855558740841e-07 6.350263379813919e-08 1.0775426238822323e-07 0.0 0.0 0.0 0.00012271323638322887 7.856574598082628e-06 5.276512354475992e-07 1.6008424231940364e-06 0.00037808559882954293 3.4756657040143573e-07 4.012322676146024e-06 7.671102036301466e-05 1.8536125755834027e-05 0.0 5.203841363899918e-05 1.634132728060327e-05 7.925159439055884e-06 2.2897459835441762e-05 2.4563588717856225e-05 7.654019013246705e-07 7.668305508870552e-06 3.476999889689091e-05 1.0391011325302559e-05 7.187932754302955e-06 0.0 0.0 0.0 0.0 0.0 0.0 0.0 0.0 0.0 3.0567469334943925e-07 0.0 0.0 1.8003021036163955e-06 4.6382269664666955e-07 4.45694671702149e-07 3.1358034473412924e-07 1.7506840182602378e-06 2.1565245280361468e-06 2.6635929121167923e-07 5.936851240731346e-07 1.369712884711484e-07 0.0 0.0 0.0 2.299212282570558e-06 2.036122874706383e-06 4.981308871795443e-06 3.5304744816993595e-06 5.467123498482565e-06 9.171190789537996e-08 0.0 0.0 0.0 0.0 0.0 0.0 0.0 2.4950883185976143e-07 0.0 0.0 0.0 5.112470126233107e-06 0.0 0.0 0.0 0.0 9.675905082505879e-08 8.467988680783654e-08 0.0 0.0 0.0 1.7123733542799158e-06 1.0280271986336121e-07 0.0 0.0 0.0 0.0 0.0 0.0 0.0 0.0 4.029615269166949e-06 2.2738947640126183e-06 0.0 9.565174120209116e-08 0.0 6.547496911197827e-07 0.0 4.7944515395118e-07 1.5355786689906146e-07 2.853783329499108e-07 0.0 0.0 0.0 0.0 0.0 0.0 0.0 6.61740253074222e-08 0.0 0.0 0.0 4.567894453346969e-06 1.7679845827302439e-06 3.995649557792749e-06
1.8729935749282436e-05 0.0012079661594187393 0.0012077143781128955 3.235447509315215e-05 0.0 1.8685680486370055e-06 0.0015685887605290962 0.0007016407840839951 0.00224257545960018 0.00018961218555493936 0.0025245831376446717 2.0964756983537212e-05 0.00034394117085937814 0.0011523978482688665 1.4650017261690594e-05 5.450248099068751e-06 8.396735449466216e-07 3.1899205957647424e-07 9.032365376201249e-08 4.393524215597902e-07 5.221936736927911e-07 0.0 1.6569597151953147e-07 1.4605442229068642e-07 0.0 1.718726162318495e-07 7.874654541069787e-08 0.0 5.9025104407034755e-08 0.0 7.487148331254523e-05 1.615227384892163e-05 1.496561530745156e-05 8.979088490690781e-07 8.185158501626663e-07 5.175964396024705e-07 4.673708069938945e-06 2.8500736108432122e-06 4.0273904624217535e-07 0.0 1.6021414084945336e-07 3.956912722036295e-07 2.4184653444282643e-07 1.8661733531533462e-06 8.304168120874607e-07 1.2213224036249323e-06 5.722997926889923e-05 1.4905452685491804e-06 1.311549545235768e-07 5.564277867333661e-07 4.33894293129293e-07 0.0 0.0 9.885129344841628e-08 1.1490536704777495e-06 2.37322695934507e-06 1.1164350814460818e-05 4.258386958115628e-05 7.070125722172626e-06 3.23860914937504e-05 1.441433879901167e-06 6.73058082604601e-06 1.0886602310626896e-06 2.4562139876910896e-05 4.494268769358121e-07 1.419947206136242e-06 2.4016695202106705e-07 1.1106602908415215e-06 5.285617471513328e-07 6.482930453012848e-07 1.639739137473706e-06 2.5754947868991785e-07 0.0 7.06132224597149e-05 2.9830832866664687e-05 5.454140003008986e-05 6.173772008478703e-06 3.5084671912653657e-06 3.5111410742482096e-05 3.492802397271879e-05 4.5363304465065725e-07 1.222541059005833e-05 4.443686505894413e-06 0.0 9.260127594775617e-07 3.568872141478223e-07 7.799252293971679e-07 5.985520514705066e-08 0.0 0.0 5.6451605331613046e-08 0.0 1.7844356591869349e-07 1.7637459182223845e-07 9.33525954706734e-08 3.878306427275779e-06 9.89522991162036e-07 0.0 4.0107723654286905e-07 5.170746351305053e-06 0.0 2.0399406732954018e-07 1.1015687866838703e-07 0.0 2.0874526625487827e-07 1.2066082989581224e-07 5.29834184170659e-07 1.37546410477316e-07 9.041774218744847e-07 1.0472607160399515e-06 0.0 5.341878173619188e-07 2.606660816453321e-06 1.3798215685654472e-06 5.125168726928548e-07 0.0 0.0 0.0 0.0 0.0 0.0 0.0 0.0 0.0 0.0 0.0 0.0 0.0 0.0 0.0 0.0 1.0028079777301377e-07 1.7132481495863e-07 0.0 0.0 1.1933432758363667e-07 0.0 0.0 0.0 0.0 1.572211308115876e-07 5.605604164058413e-07 8.393275182081859e-07 5.388220088376898e-07 0.0 0.0 0.0 0.0 0.0 0.0 0.0 0.0 2.151521332547347e-07 0.0 0.0 0.0 5.138371510698072e-07 1.1171136822320385e-07 0.0 0.0 0.0 0.0 0.0 0.0 0.0 0.0 2.6131053373115416e-07 0.0 0.0 5.594016627608103e-08 0.0 0.0 0.0 2.0909356602764268e-07 0.0 0.0 8.885214072386586e-07 0.0 0.0 0.0 0.0 2.60431907823742e-07 0.0 0.0 0.0 7.534221746448645e-08 0.0 9.622214618715882e-08 0.0 0.0 0.0 0.0 0.0 8.404999670433368e-08 6.24835103092393e-08 0.0 0.0 5.212657311714895e-07 2.693773679428804e-07 9.004315436112032e-07
0.0001624213369351124 5.140703305813388e-05 9.677347819815837e-06 0.00025687198880991653 1.8685680486370055e-06 0.0 3.0117649384524334e-05 3.7340092251420572e-06 2.6393732564764764e-06 0.0004188294957227535 1.4587495388386937e-06 0.00022041960236429442 4.7641380808133535e-05 6.07913346441417e-06 7.297934382827219e-07 4.4658410560287335e-07 0.0 0.0 0.0 1.1732642149860348e-07 6.411110419374781e-07 3.4911081483968636e-06 1.9222340915540001e-07 0.0 0.0 0.0 2.896090386718338e-07 0.0 0.0 0.0 8.46658659723084e-05 4.7359947949920937e-07 1.667594886351855e-05 1.3923204271606998e-06 1.4672882714391474e-06 3.993132017150189e-06 2.102248811724873e-05 1.420278006077304e-05 5.30668374472995e-06 2.2414466861129353e-06 1.5687017811017772e-07 8.522780204935103e-08 0.0 7.772114986662802e-07 0.0 4.40592936692835e-06 1.2725952769671076e-06 0.0 0.0 0.0 2.4969520801157195e-07 9.651085561076229e-06 4.496562729532115e-06 0.0 0.0 3.7534667788901433e-07 8.64974843980022e-05 5.9933122452815124e-05 2.0214494820471873e-06 2.2671958279304524e-06 1.8290596665178948e-06 1.1351061710148483e-05 8.765281252964726e-06 0.0 0.0 1.569710653775696e-07 4.898014022682426e-07 3.4730768508769663e-07 0.0 2.1708684636806905e-07 4.040932291105327e-05 9.583180526420228e-05 9.43662776066426e-06 8.647444873998427e-06 6.489743351058475e-07 1.1027650802189705e-06 0.0 1.0968336572881313e-07 1.7216036718209168e-06 2.1219889561920663e-06 0.0 2.608542806567059e-06 6.730596474526076e-08 1.1235059486269868e-06 0.0 1.7297417678748984e-07 0.0 5.032415959257777e-06 3.054199837073987e-06 8.85023443574405e-06 1.687179484990515e-06 3.156269303921823e-06 2.6930358613499047e-07 7.381013660910183e-07 1.8391508245807113e-07 0.0003324622702858657 0.00012093498193381767 2.79820655999594e-05 1.7849126690536945e-05 0.0003747906867021561 0.0 1.0488577410951033e-06 3.0192974582723427e-07 6.315130120241254e-07 0.0 2.139635452426929e-07 1.2338621198539552e-06 2.7887175635504447e-07 0.0 4.0829378496321465e-06 4.410390668500557e-07 1.2038386794416646e-06 5.648410288441591e-06 2.399457547561809e-06 1.9621700763845025e-06 0.0 0.0 0.0 0.0 0.0 0.0 0.0 0.0 0.0 0.0 0.0 0.0 5.016821031628089e-07 0.0 2.941385945896207e-07 0.0 8.937326898394724e-07 1.9069201717504323e-07 0.0 3.73686539724702e-07 0.0 0.0 0.0 0.0 2.091397358502749e-07 8.630179367442294e-07 8.220192988676966e-07 1.6537931251125418e-06 1.13029388128443e-06 0.0 0.0 0.0 0.0 0.0 0.0 0.0 0.0 0.0 0.0 0.0 0.0 1.0832209548876628e-06 1.290908747322363e-07 0.0 0.0 0.0 0.0 6.227942475069514e-08 0.0 0.0 0.0 5.470993804797734e-07 0.0 0.0 0.0 0.0 8.543333753787086e-08 0.0 0.0 0.0 0.0 9.938208115465894e-07 1.0447598211000375e-06 0.0 0.0 0.0 1.304702899911668e-06 0.0 1.772318296796161e-07 0.0 2.8360397322768773e-07 0.0 0.0 0.0 0.0 0.0 0.0 0.0 7.058984086676633e-08 0.0 0.0 0.0 2.1354882221495453e-06 2.525458526542258e-07 1.9856103345129484e-06
0.00026368067289366356 0.001401165207096004 0.00010116134372645286 0.0007610336277504018 0.0015685887605290962 3.0117649384524334e-05 0.0 7.830179665684979e-05 0.0011576977922958588 0.0015990275037005152 0.000998222206399979 0.00038360620550248155 0.0027730989171367787 0.001641268895439964 3.1898379833134595e-05 1.3161594855246705e-05 3.0710713489026258e-06 4.0984287368716137e-07 2.103055745243138e-07 4.531506675103586e-07 4.797713945272836e-07 0.0 1.9655585690692758e-07 6.40086277017974e-07 9.726656367282686e-07 1.5668284589100337e-07 4.1238104892269483e-07 3.5172431108824987e-07 7.872161168037347e-08 0.0 3.629565659730682e-05 2.2536564875546538e-05 4.66659389860487e-05 1.0914997131440023e-06 2.0160728694397124e-06 1.6702861798912367e-06 1.9535569896020544e-05 8.359190690417947e-06 9.502953256167359e-07 1.2019626283424125e-06 1.167648895784613e-06 3.590917155417873e-07 5.479328116266331e-07 2.911165979822277e-06 9.598916048504447e-07 1.1081609313078047e-06 0.00011947664654309997 2.3630128168287696e-06 7.770603323860629e-07 6.163422110728303e-07 5.916682714769413e-07 6.577747895642723e-08 0.0 3.6849258663630507e-07 2.066566801143197e-06 4.4546439084757e-06 3.352770877729825e-05 0.00012019676497538338 2.1326967504788293e-05 6.537309340706092e-05 9.8671407791008e-07 1.0689801292088422e-05 1.2979326671636007e-06 3.7623452313502166e-05 2.5893639812791908e-06 3.241480564739464e-06 4.913814143895748e-07 2.0923379420074417e-06 9.075616344166222e-07 8.984992238320645e-07 9.766816027555337e-06 2.7919620382997292e-06 0.0 0.00016382546522792976 4.459830685993611e-05 9.877674042023972e-05 1.1131676376532484e-05 4.561913960733547e-06 3.7286522093829136e-05 2.502031310185707e-05 7.919751035625667e-07 1.718626780698912e-05 1.0704859799445468e-05 2.8706386071772765e-07 2.8100032035745052e-06 1.2721789761116398e-06 9.56013444220277e-07 2.0089243917493607e-07 1.1206679418019373e-07 3.995080577411369e-07 0.0 7.514196250696978e-08 7.938748284093259e-07 3.9562400558327235e-07 2.003008867395679e-07 4.4953087705723565e-05 3.5954319081204502e-06 0.0 1.6623184854330456e-06 5.9968483212099395e-05 1.2098686722845632e-06 2.3726513371447183e-06 6.522625447451403e-05 2.139942613444129e-05 1.8271066045090605e-06 3.520099096839247e-05 8.65241865933554e-06 9.133450714158333e-06 3.8829230758651584e-05 1.0713868910857386e-05 4.908851267857103e-07 9.559800926650493e-06 2.05527747413367e-05 1.0303102893980452e-05 6.1031354912635485e-06 0.0 0.0 0.0 2.808849429710809e-07 0.0 0.0 0.0 0.0 0.0 1.1278683637085362e-07 1.3157505432221188e-07 9.010157387599702e-08 8.033241613555205e-07 0.0 4.351596071301798e-07 5.064578559241547e-07 1.6269122338043447e-06 2.0718560253946696e-06 3.2822009142000274e-07 1.3479872542555198e-06 0.0 0.0 0.0 0.0 2.6497381853786772e-06 1.3902722776043762e-06 5.653828429829462e-06 4.252720407632961e-06 1.4308035188398348e-06 0.0 0.0 0.0 0.0 0.0 0.0 0.0 0.0 1.2661507814351744e-07 0.0 0.0 0.0 4.920216395179656e-06 0.0 0.0 1.8153265122927204e-07 0.0 5.43444626199943e-07 8.670347429710906e-07 2.3653152169881674e-07 0.0 1.8177454260390742e-07 3.931428138620981e-06 3.6792411278068106e-07 0.0 5.59498092601552e-08 0.0 7.62387870467943e-08 0.0 0.0 0.0 0.0 4.467630769812927e-06 7.073310471203741e-07 0.0 9.939161713516721e-08 0.0 1.7958047627366708e-06 0.0 1.0775744463628343e-06 1.0864869823078518e-07 6.836329990401358e-07 6.062065420592319e-08 0.0 0.0 0.0 0.0 0.0 0.0 5.907307872767165e-08 0.0 0.0 0.0 3.8839198849950485e-06 1.9874259570895456e-06 4.4172908599286065e-06
7.36760636610048e-05 0.0007925573925346147 0.000793203330219323 1.326512729510845e-05 0.0007016407840839951 3.7340092251420572e-06 7.830179665684979e-05 0.0 0.00022189119507261078 4.4386291431744566e-05 0.0008750510976681028 5.979379205229466e-05 0.00019275374726305034 0.0007027291143673463 1.8611593015512877e-05 1.2811594187989393e-05 4.572857044464878e-06 2.732379894856005e-06 3.028507584430407e-06 1.1648306643582238e-05 8.065751259660494e-06 0.0 1.5042659875670527e-06 2.2753469986805034e-06 3.200763900253772e-06 6.868221548453252e-07 6.756089029390469e-07 8.955015220993867e-07 1.8201493339599148e-07 9.163811975591809e-08 0.0013199049021593726 0.0007485830496421132 0.0003668439864448978 2.596207980639375e-05 1.7169414175519657e-05 1.1136280189126053e-05 6.345925124111445e-05 3.0736544732337205e-05 8.373767672231117e-07 9.602559583238796e-07 4.128603375221981e-06 3.1376116809734275e-06 5.019984880140208e-06 2.5622222159105063e-05 1.335106734201761e-05 2.3528600513046017e-05 4.490449223888402e-05 8.956746526026853e-07 1.4246965784030735e-06 9.392700118610668e-06 8.391117698941167e-07 2.0758720908276137e-07 0.0 1.0268662036121117e-06 8.719432371382902e-07 1.4079024573783336e-06 1.5647863743664775e-05 0.00015857938517829033 9.427604194273598e-06 2.461036620044283e-05 1.5278667804861457e-05 0.0003181476728568577 2.6576996976900204e-05 0.0002416755280299579 7.329992651168459e-07 1.662860259049772e-06 5.94668125944081e-07 4.180997987839589e-06 8.96344959029393e-06 1.1537444795030211e-05 2.432128565808135e-05 1.0768804427618032e-06 0.0 7.648748116363388e-05 6.678783345878126e-05 5.4493561806591945e-05 7.464539748528037e-05 0.00011230786335589086 0.0003855209021615489 0.0015896129031747366 9.354137489724745e-06 0.0018017979391095837 4.124295316685589e-06 0.0 1.145298731735013e-06 4.3447002929793944e-07 5.356765465773445e-06 0.0 7.182714399336277e-08 8.980159032875459e-08 1.5058612461136315e-07 1.8821216204870685e-07 2.2470410858006457e-06 9.708941768659973e-07 1.6590955823493824e-06 4.101494616971009e-06 1.7610850751119643e-06 0.0 1.1361619315116586e-06 1.926738410459167e-05 0.0 1.1558054118699471e-07 1.8290365182908595e-07 0.0 0.0 2.3201045008743777e-07 4.6446911848452413e-07 0.0 0.0 1.9875337457703586e-07 2.605959271950102e-07 0.0 3.216948658131259e-06 1.5596550158314984e-06 3.4837055973874524e-07 0.0 0.0 0.0 0.0 0.0 0.0 0.0 0.0 0.0 0.0 1.0987166667849524e-07 0.0 1.812330792342061e-07 0.0 2.824113836621759e-07 0.0 0.0 0.0 0.0 9.147417003194137e-08 0.0 0.0 0.0 0.0 3.6963070568836316e-07 5.739106244965617e-07 1.4680695494278856e-07 9.512139100747004e-07 2.053932560876589e-07 1.0749989781685375e-07 0.0 0.0 0.0 0.0 0.0 0.0 0.0 0.0 0.0 0.0 0.0 9.503447435357765e-07 1.0350116822789823e-07 0.0 0.0 6.878331675905618e-08 0.0 0.0 0.0 0.0 0.0 1.904811568345165e-07 9.060992312441924e-08 0.0 0.0 0.0 0.0 0.0 0.0 0.0 0.0 6.498133696938796e-07 0.0 0.0 0.0 0.0 3.488568814483664e-07 0.0 0.0 1.5417123159978456e-07 0.0 0.0 0.0 0.0 0.0 0.0 0.0 0.0 8.70171232760831e-08 0.0 0.0 0.0 5.771684335363645e-07 2.9727541362110216e-07 8.814516879717475e-07
1.3628828490000698e-05 0.0007610779507041498 0.0001931954808400272 2.0711195996284417e-05 0.00224257545960018 2.6393732564764764e-06 0.0011576977922958588 0.00022189119507261078 0.0 0.00014255156433398185 0.000978082739491409 2.6788430444987883e-05 0.0005897586824336471 0.0006256669378093652 1.4957078183070377e-05 8.629094927457195e-06 1.1805635138859317e-06 3.792901265233069e-07 2.982607645052407e-07 2.8659924996831034e-07 5.558873933993238e-07 0.0 3.8542515381322206e-07 6.379891337579301e-08 1.985444580290967e-07 7.680135987736441e-08 2.1035977278017384e-07 3.3261930559770376e-07 0.0 6.913085041161508e-08 3.989497123112082e-05 2.1136490799048855e-05 5.2976730175008756e-05 1.5844422272495058e-06 1.2993089324654882e-06 1.2594969767978417e-06 1.4096442500270936e-05 4.528357395538514e-06 5.100516434977144e-07 1.3804918161085355e-07 2.70308368613432e-07 1.3592857987674864e-07 2.805462418613871e-07 2.6896549348936063e-06 6.69103466027131e-07 1.1248131206500105e-06 4.685892949680325e-05 8.558094104255396e-07 6.260989418370163e-07 7.22970887755663e-07 2.6551875604109587e-07 0.0 1.0312545274860656e-07 8.190974810247947e-08 5.313401358949357e-07 1.004193635919007e-06 6.4741804611828345e-06 1.9092664788286485e-05 4.173269861069128e-06 2.455369286346166e-05 7.123901630526032e-07 1.4885498375603526e-05 8.268879104632064e-07 1.3047765031692288e-05 8.882724783218053e-07 1.0967917201213458e-06 6.603069751327445e-08 6.113213251720126e-07 2.1939604030416561e-07 7.321617437745089e-07 5.144100380310778e-06 5.277192998460216e-07 0.0 4.371683118163826e-05 1.709107081194735e-05 5.1218497580695305e-05 5.977406491287624e-06 4.5573594204328605e-06 4.426433656783752e-05 8.144625042441552e-05 9.280621721824885e-07 4.776456645364807e-05 3.005209466926369e-06 5.445316494663948e-08 1.15275171054919e-06 5.008530028111605e-07 5.404353566853192e-07 0.0 2.4632476030684494e-07 2.263150998166156e-07 5.32873136094567e-08 0.0 7.550065872086994e-08 0.0 7.613959030911208e-08 4.642829208830426e-06 8.320854472213249e-07 0.0 2.7919374211480025e-07 2.6430862422234964e-06 7.800125607690228e-08 0.0 2.655161284387382e-07 2.934774011944154e-07 0.0 0.0 5.548453116305468e-07 0.0 1.9209969023956984e-07 4.582296392522113e-07 0.0 8.356730298543773e-08 3.696234110843239e-06 1.4959750030452845e-06 9.938318538080639e-07 0.0 0.0 0.0 0.0 0.0 0.0 0.0 0.0 0.0 0.0 0.0 0.0 1.7290351011299747e-07 0.0 2.3696432263077607e-07 0.0 0.0 2.771234827092401e-07 0.0 1.22567215556259e-07 0.0 0.0 0.0 0.0 3.9413173638597147e-07 2.64195248562451e-07 6.582465676531329e-07 1.798974404637122e-07 2.657809401038191e-07 0.0 0.0 0.0 0.0 0.0 0.0 0.0 0.0 0.0 0.0 0.0 0.0 1.051047148021548e-07 0.0 0.0 0.0 0.0 0.0 0.0 0.0 0.0 0.0 8.773100484723925e-07 0.0 0.0 5.584331855159087e-08 0.0 0.0 0.0 0.0 0.0 0.0 9.973430270308683e-07 0.0 0.0 0.0 0.0 5.862096523496181e-07 0.0 8.35260148047761e-08 0.0 0.0 0.0 0.0 0.0 0.0 0.0 6.287234480560372e-08 0.0 0.0 0.0 0.0 0.0 6.341102165049139e-07 6.416235573602409e-07 9.721813031322392e-07
0.0007831248647707011 0.0004713252603181134 6.507837221604446e-05 0.002756380201081713 0.00018961218555493936 0.0004188294957227535 0.0015990275037005152 4.4386291431744566e-05 0.00014255156433398185 0.0 0.0001474293499530264 0.0015764479458685605 0.0032554551522690376 0.00028667246245391394 2.4194116624376686e-05 1.0070894613927553e-05 4.092478889066411e-06 6.477015751763519e-07 1.882023291174743e-07 8.801837210422148e-07 9.219769015507134e-07 1.1120043569342758e-07 6.774623566580228e-07 3.7689714056407343e-07 3.974091720324933e-06 4.2653042802447355e-07 0.0 5.887161317359886e-07 5.578089558377257e-07 9.978082519427644e-08 6.470359337885387e-05 1.0591909247618799e-05 0.00011584221867330956 1.5596693441788131e-06 2.8468821313511188e-06 7.101991618363422e-06 0.000228819997234409 5.011777416017141e-05 9.911225425143942e-06 9.499807053746249e-06 4.550011681841787e-06 4.848547097274913e-07 4.2214473808444985e-07 1.8269342274628237e-06 9.36214378144552e-07 3.4745317954576436e-06 7.476011077839473e-05 7.107458918075883e-07 5.431577680013453e-07 5.004722474005995e-07 1.5485281898822867e-07 5.336446064783604e-07 3.5848976919791218e-06 0.0 7.401188518444062e-07 1.8626925714758843e-06 6.470560937035628e-05 0.00016822775219664093 1.482841686750527e-05 4.093158742237299e-05 6.468074242545275e-07 1.6132979181193438e-05 3.6748522467545255e-06 2.6513519359142825e-05 1.1897393577476935e-06 1.2456194120797163e-06 4.166304834344349e-07 1.0490946811804766e-06 1.0393047919740077e-06 1.7304329665895567e-06 0.00011009906096942386 3.612838212374587e-05 1.1285690914389739e-06 9.683406035007535e-05 1.7423994374903367e-05 3.43220954563153e-05 2.7738235599299253e-06 3.2358748663616148e-06 6.050906480910196e-06 1.1101675349884883e-05 1.0407024738180035e-06 9.922549745485304e-06 5.844444999993193e-06 2.5904564813553763e-07 7.537966554676267e-07 7.119951426104473e-07 1.0858727755080593e-06 1.791780662538927e-07 3.7846556590874394e-07 1.6189278113330714e-06 0.0 8.43436702069744e-07 6.646047068752907e-07 3.7022470211050254e-07 2.612495227038798e-07 0.0006286449848611342 7.309939748574465e-05 1.4867642373984533e-06 1.764755919815582e-05 0.0004851593353046956 1.7989767473187413e-06 1.1993572966558735e-05 8.481347632775231e-05 2.6894555631903762e-05 2.760004631899594e-06 4.1914877677426835e-05 4.8675387081108456e-05 1.018886213241201e-05 3.097058665462047e-05 4.865039744933533e-05 2.3412963734836992e-06 3.3079669689125274e-05 0.0002559937590373033 6.351336829456432e-05 3.241580408563799e-05 0.0 0.0 0.0 0.0 9.561682258280751e-08 0.0 0.0 0.0 0.0 0.0 1.1988225042303756e-06 3.0602913474699156e-07 4.904139413319839e-06 6.834039417618355e-07 1.0264876325938718e-06 1.0560490898591024e-07 4.795297044966361e-06 3.952591918045577e-06 1.2114179762819558e-06 4.301061864469163e-06 2.2913153244341502e-06 0.0 0.0 0.0 1.4010516674072365e-05 1.0662499329085301e-05 3.140392580185308e-05 2.0243415915213598e-05 9.755108191238041e-06 0.0 0.0 0.0 1.1604317648596483e-07 2.540717171722736e-07 0.0 0.0 5.28355014995715e-07 7.464144541304508e-08 0.0 1.0286543408348901e-07 0.0 1.231243973065797e-05 2.2036492910124377e-07 7.363448487385397e-08 1.0767437061340516e-07 0.0 4.464636157887358e-07 1.239002102623082e-06 1.580901327296414e-07 0.0 0.0 2.4303510295362668e-05 6.95432991387103e-07 8.267739421681735e-08 0.0 1.1528576852346407e-07 0.0 0.0 0.0 0.0 0.0 3.6772497680187446e-05 1.377610015066648e-05 0.0 2.385370597759421e-07 9.559392128707782e-08 9.949670426086255e-06 2.5091905654778255e-07 3.836941488967439e-06 6.531113335629656e-07 7.619804528079163e-07 3.1073090942171705e-07 0.0 1.389361525300909e-07 0.0 8.301617130537455e-08 0.0 0.0 1.4589638625490752e-07 0.0 0.0 0.0 4.2174227753873134e-05 1.414058150285924e-05 2.87707967669563e-05
4.99860308063353e-05 0.001349268139295015 0.0014446959548312368 6.320721176858977e-06 0.0025245831376446717 1.4587495388386937e-06 0.000998222206399979 0.0008750510976681028 0.000978082739491409 0.0001474293499530264 0.0 0.00011119090409436706 0.0020010830511413176 0.0022953821404997194 1.0929444974511785e-05 5.4447851428146446e-06 2.3813752682246008e-06 7.286540782425624e-08 0.0 7.08004067891975e-07 5.523682613905826e-07 0.0 1.9800945286278065e-07 9.610714584589872e-08 3.309185757256439e-07 1.8224402233215148e-07 2.356907016074958e-07 0.0 6.753400264047766e-08 0.0 0.00030234373058102054 0.00013331813599037838 0.000377807904536628 1.0189084497218757e-06 1.5444273257062655e-06 1.3568620666948818e-06 4.66227258492261e-05 1.2778126613038061e-05 2.382350311309611e-07 3.261041433912784e-07 1.113965555013061e-06 3.6280467596251965e-07 1.2723416658527995e-07 1.2963755658353561e-06 4.820480125257165e-07 7.325210288246e-07 2.3146145917516536e-05 2.739718288046886e-07 3.8714784157679166e-07 4.0480076435717986e-07 7.06564490036411e-08 0.0 0.0 2.1894598583865273e-07 3.223577332759537e-07 3.5807739138442273e-07 5.978432604831953e-06 2.187801702637391e-05 2.7680293801525937e-06 9.454203311635468e-06 5.320740600570878e-07 9.609891660053502e-05 1.983095032081071e-06 1.7845068646781997e-05 2.5243986847141714e-07 3.6071419984773513e-07 5.966541627796118e-08 5.444984783609683e-07 1.0010304205640819e-06 1.576807301218095e-06 9.948965532181472e-06 0.0 0.0 2.3415630953840365e-05 1.0282684695141964e-05 2.0533672737011255e-05 4.987586771006326e-06 4.608616718108047e-06 5.726144553526349e-05 0.0009149388759549041 4.438737749261208e-07 0.0003040273268774889 1.1606186285424985e-06 0.0 3.4399203713816466e-07 1.3526532872066083e-07 5.091779815427081e-07 0.0 1.4300119900361157e-07 0.0 0.0 0.0 2.0648754166713304e-07 5.896014564465199e-07 1.6602111040211637e-07 5.169219435746061e-06 7.400940384139488e-07 0.0 4.799026670084455e-07 4.966037037950601e-06 0.0 0.0 0.0 5.249766654891991e-07 0.0 0.0 2.6687874603729525e-07 0.0 9.825016767626538e-08 8.606082544297729e-07 1.8779024508892316e-07 5.260849185163867e-07 1.383319730407902e-06 1.2359518045222464e-06 8.842684776992042e-08 0.0 0.0 0.0 0.0 0.0 0.0 0.0 0.0 0.0 0.0 0.0 0.0 0.0 0.0 0.0 0.0 0.0 0.0 0.0 2.6309984862631437e-07 0.0 0.0 0.0 0.0 3.7815663585034147e-07 1.8679273125507587e-07 4.179972608757606e-07 3.8452971758229264e-07 0.0 0.0 0.0 0.0 0.0 0.0 0.0 0.0 0.0 0.0 0.0 0.0 0.0 0.0 0.0 5.33644891399098e-08 0.0 0.0 0.0 0.0 0.0 0.0 0.0 6.311355047099729e-07 7.517755227287977e-08 0.0 0.0 0.0 0.0 0.0 0.0 0.0 0.0 3.79127139198266e-07 0.0 0.0 0.0 0.0 4.1694668213743164e-07 0.0 0.0 0.0 0.0 0.0 0.0 0.0 0.0 0.0 0.0 0.0 6.000778969938385e-08 0.0 0.0 0.0 1.0612104226888324e-06 9.2097367663897e-08 9.870979547856106e-07
5.533770998106972e-05 5.61526087814635e-05 4.87055259967299e-05 0.0002848012011635128 2.0964756983537212e-05 0.00022041960236429442 0.00038360620550248155 5.979379205229466e-05 2.6788430444987883e-05 0.0015764479458685605 0.00011119090409436706 0.0 0.0006375156488545568 0.0002742409340416692 2.7434798141570744e-05 1.7089507622812683e-05 1.1997517903112437e-05 8.153538251432667e-07 5.750722653384001e-07 2.6258545146036906e-06 5.337066185271594e-06 0.0 3.0658250400458056e-06 1.328111487517238e-06 9.9800538353584e-06 2.5934545946402308e-06 1.4719817580861949e-06 1.1943788424176114e-06 1.5798196415451124e-07 0.0 1.0386636316724404e-05 2.272784662166422e-06 0.00018811652051399874 1.2928824109999957e-05 1.640593809778131e-05 2.095173598552984e-05 0.0007301835856875136 0.0002565793622833497 4.829850276830914e-05 2.2536963137753524e-05 6.662533158802461e-06 2.5283161802350566e-06 6.332256832408759e-07 2.6118511162247043e-06 2.0248503719498314e-06 7.833238912196446e-06 4.870555504598199e-05 6.637327734394258e-07 5.014038369073422e-07 1.3481838369013075e-06 1.8754005935503815e-07 6.708725958709265e-07 8.793301238387061e-07 7.158122573896959e-07 2.735773338830041e-07 5.79068481293293e-07 2.2902719402610242e-05 2.4662575215691978e-05 3.2199705781266317e-06 1.1354450190170114e-05 2.009974812198391e-06 0.00010602633809174394 1.6977002914956186e-05 4.50446280280192e-06 4.1738291478138586e-07 3.1292662892539253e-07 1.2566186631857822e-07 1.509409294411451e-06 4.713220814511126e-06 5.460174503297953e-06 0.00042424123117436536 1.7919809073659278e-05 3.131774478164721e-07 2.1232161300698624e-05 6.79951313419032e-06 2.084108883425094e-05 1.4845389621169325e-06 1.0425603723004858e-06 4.60643156599795e-06 4.8299234178837224e-05 7.414112396469352e-07 2.6108526330271926e-05 2.029629011907985e-06 0.0 3.6909544092759734e-07 0.0 1.339621259600904e-06 7.231286420364904e-08 1.320394561297551e-07 7.503858060023105e-08 1.694758756504518e-07 0.0 2.6159374684378248e-06 2.2960620406065504e-06 1.8761683283067265e-06 0.00145718149415446 0.0003914323058395661 5.521683103485193e-07 0.00012027613797601984 0.0002123154635057229 8.211609086642247e-07 1.233906691587828e-05 1.456040273132342e-05 7.354256311233801e-06 2.7993332796858664e-06 7.895420894054889e-06 4.988777257856795e-05 7.278397412172211e-06 1.02137904745687e-05 5.3191700471848764e-05 3.5260183276951454e-06 2.348344027222378e-05 0.00026074660224021794 8.370133148589969e-05 4.082926811169615e-05 0.0 0.0 0.0 9.127227519729063e-08 0.0 0.0 7.059366513622187e-08 6.815141321567442e-08 0.0 3.633590620705633e-07 1.1089492974913364e-06 0.0 3.476305667648827e-06 1.9036680231359491e-07 5.133296185941661e-07 0.0 2.0498234403307504e-06 8.329916344614192e-07 1.3885127147657915e-07 8.733702271956678e-06 2.775393910072468e-06 0.0 0.0 0.0 2.646623931436455e-05 1.4417736168560318e-05 4.793266537702108e-05 2.5081094261411833e-05 7.097891273376301e-06 3.5899180333647515e-07 0.0 0.0 3.565241998018548e-07 0.0 1.409737536875521e-07 0.0 2.9080521823863916e-07 5.238907059268344e-07 0.0 7.116093599317611e-08 4.5075523756435383e-07 5.747078086603433e-06 3.474051786325253e-07 0.0 2.8780535110835553e-07 4.2590337446520265e-07 6.791622444310139e-07 1.1593066318616524e-06 1.0223190712506017e-06 0.0 1.9345881281041258e-07 2.619455307539574e-05 1.512938417640724e-06 4.0760794908999456e-07 0.0 0.0 0.0 0.0 0.0 0.0 0.0 5.434859997935102e-05 6.6604236309876906e-06 1.996232945730218e-07 7.034622477193281e-07 0.0 1.4932245504634223e-05 2.8107312995246804e-07 4.844648013965249e-06 4.586509357179443e-07 7.402772424482141e-07 6.565333899106266e-07 0.0 0.0 5.936283045464887e-08 0.0 8.619738098777133e-08 6.599655514471139e-07 0.0 0.0 0.0 0.0 6.006000479927364e-05 2.9320847660351396e-05 3.546667502278237e-05
