0.0 0.0015954848166598744 0.0007902387469039507 0.0008727563709330968 0.00010759868789557761 2.0370551156783353e-05 0.000707409748183082 8.533710745384887e-06 9.081057930869518e-06 0.0008930459900764923 2.9040364466401188e-05 3.0085393475110544e-05 0.00023278994275149442 2.1786098312192698e-05 6.765712984800414e-07 3.290198972357411e-07 0.0 2.2400700698918575e-07 0.0 5.2588453796857015e-08 0.0 0.0 0.0 0.0 5.470006460323263e-08 7.435413980969532e-08 6.998564568946072e-08 0.0 0.0 0.0 0.00021491514083916285 5.996268988445581e-06 8.482717629803934e-07 0.0 6.290334662893758e-08 0.0 6.569977014263819e-07 0.0 5.14754489309261e-08 1.011587434463169e-07 0.0 0.0 1.0805742156626726e-07 4.799688223361982e-08 0.0 1.1459937061293919e-07 1.7644643980114994e-05 0.0 9.836889263058725e-08 1.131887614069519e-07 5.180981347135056e-08 0.0 0.0 1.3029202405614496e-07 1.3292986114754155e-06 2.560045461943431e-06 0.00012695746129313775 0.0003097434773198543 5.093991554213815e-05 3.213140497906723e-05 8.154203326140398e-08 2.0126532888435824e-07 0.0 1.3687472401491446e-05 2.8486310778955876e-07 2.5816752432516685e-07 5.079576381447388e-08 1.1683004346994188e-07 1.8355390699463644e-07 4.630490652036883e-08 8.363561859595404e-06 0.0 0.0 6.060083342131562e-05 7.934175705488649e-06 1.5157642873851337e-05 9.11699581912925e-07 2.7309649637896177e-07 4.6275920811510366e-07 1.1252053188069734e-06 3.6851734282765327e-07 4.5294064724232643e-07 2.4687022598809397e-06 5.22679844459613e-07 3.391232919494264e-07 7.896441466000754e-07 0.0 1.4389348287057224e-07 3.5031119567917173e-07 5.054642512810359e-08 1.0907928311199384e-07 9.902368773948048e-08 1.545529044707977e-07 1.0076758111828529e-07 0.0 4.308022218931579e-05 3.884060138579121e-06 0.0 3.549492646021059e-07 0.0005445655852562514 2.2822254137088782e-07 3.4529229440463185e-06 2.1831824363289634e-06 5.424812790374836e-06 4.379825920619102e-06 1.9439023832879637e-06 2.5828184596281658e-05 3.859504924937444e-06 6.713934566627046e-06 1.0661793662730354e-05 1.3605529953523018e-06 6.586192953453033e-06 9.349022140931896e-06 8.116360819044032e-07 4.08250050008357e-07 6.909001632638482e-08 0.0 0.0 0.0 0.0 0.0 0.0 0.0 0.0 0.0 0.0 0.0 0.0 0.0 0.0 0.0 0.0 0.0 0.0 9.457388718461093e-07 0.0 0.0 0.0 0.0 6.518048083338377e-07 0.0 2.3276498667991796e-06 1.0204693904920534e-06 4.627537277888242e-07 0.0 0.0 0.0 0.0 0.0 0.0 0.0 0.0 3.64794719241166e-07 0.0 0.0 0.0 0.0 0.0 0.0 0.0 0.0 0.0 0.0 0.0 0.0 0.0 2.8921450763173983e-06 1.4737308376592956e-07 0.0 0.0 0.0 0.0 0.0 0.0 0.0 0.0 4.093981252689119e-07 0.0 0.0 0.0 0.0 8.033204277967143e-07 0.0 2.752324847108264e-06 0.0 0.0 6.20397958732666e-08 0.0 0.0 0.0 0.0 0.0 0.0 0.0 0.0 0.0 0.0 2.072536772546499e-06 1.1168979936871594e-06 7.181537750650267e-07
0.0015954848166598744 0.0 0.0008556192805359497 0.0014551283277317332 0.0013400059896980221 5.758224054590476e-05 0.0024743959748066697 5.893215431191209e-05 0.0013459497443763604 0.0007997383625336574 0.0009876220369113323 4.847205033168782e-05 0.00034587470532709055 0.0003924248035289197 9.719795822272649e-06 7.79749568938677e-06 3.398200274828542e-07 1.828405919737028e-07 1.0061354101214586e-07 1.7685070154024571e-07 9.713433717496885e-08 5.8445117359952057e-08 0.0 5.264401885732302e-08 7.346711645182996e-08 1.5971280710720926e-07 5.7939579191212106e-08 1.1464607573563743e-07 1.8268172253202139e-07 5.395146219076247e-08 0.0008787838376369065 1.8009370650047794e-05 2.0919313937786002e-05 5.6398661030792575e-08 8.577557376988779e-08 1.170463109034565e-07 3.3237833675076677e-06 2.0895364491801863e-07 3.6877700502671175e-07 6.832704133117844e-08 2.9655688672580176e-07 5.696595559743807e-08 6.772708642072432e-08 3.2963381381988436e-07 4.1556796154629604e-07 7.939899206818761e-07 7.227859486435438e-05 2.7734206405674453e-07 3.9283158832343577e-07 5.8303926241205834e-08 1.4234212577357488e-07 1.0616677363723624e-07 8.573014292693097e-08 4.5501880358853284e-07 3.6526564871084054e-06 5.396817206109408e-06 8.683701448132014e-05 0.0002983640723050858 5.774521753599364e-05 9.11767852188787e-05 2.3584914255924294e-07 1.9964026209144573e-07 0.0 8.458621016513736e-05 1.891786151708345e-06 5.320817989621295e-07 2.558092295818824e-07 3.3395224398223257e-07 4.561565184007549e-07 2.9203037268371343e-07 1.7671030961651124e-05 2.5913373124148906e-06 0.0 0.00011624678835100535 4.249841383958139e-05 9.153113817134835e-05 1.6576356549780865e-05 2.6958802242846214e-06 9.958115927142321e-06 8.728640752452827e-06 4.281717101096621e-07 2.1063740891406606e-06 6.143340409567495e-06 1.751798285458873e-06 6.610404370114025e-07 3.808427679191817e-06 1.9875502549539174e-07 6.07426649718219e-07 9.876518485796942e-07 6.00511068923872e-08 5.104356920989437e-07 1.7028539531526905e-07 5.524394566471525e-07 4.6031061033753125e-08 0.0 2.1080680330620773e-05 1.9118996578565973e-05 8.692195460774298e-08 2.809344562536534e-06 0.00048193285668191434 1.2341691087750067e-06 2.2908685577101263e-06 3.499851379652359e-06 2.7277917025142834e-06 7.600992265408054e-06 2.0538568795854356e-06 1.5945627363427254e-05 5.841852909762024e-06 1.430176000418553e-05 9.32583655178148e-06 4.659364399722409e-06 1.575449125188917e-05 3.192151972946822e-05 8.46731625547163e-06 4.296409398773215e-06 1.2005175507718547e-06 3.851372840983816e-07 0.0 0.0 0.0 0.0 0.0 2.745798041675911e-07 0.0 0.0 0.0 0.0 0.0 0.0 0.0 0.0 0.0 0.0 0.0 4.314071313048198e-06 1.964528950934082e-06 0.0 0.0 0.0 4.902286210372824e-06 1.0048822668026551e-06 6.54224549677308e-06 3.4821344682024466e-06 1.2747523792153213e-06 0.0 0.0 0.0 0.0 0.0 0.0 0.0 2.2706118312911474e-07 9.72197637807678e-07 0.0 0.0 0.0 6.151749353879736e-08 0.0 1.962071493218742e-07 0.0 0.0 0.0 2.2194495920101559e-07 3.7254458390973057e-07 0.0 2.869615741233838e-07 1.1916005705179024e-05 8.273332414962602e-07 0.0 0.0 0.0 0.0 0.0 0.0 0.0 0.0 6.94697732505261e-06 0.0 0.0 0.0 0.0 2.5248695975860544e-06 2.5055117277821056e-07 2.451336463286314e-06 4.0420496900989907e-07 4.666975774191244e-07 1.4991596208502627e-06 2.4666903337626004e-07 7.357784028067051e-07 0.0 0.0 0.0 0.0 0.0 0.0 0.0 1.697253447519365e-07 5.365111676417529e-06 8.432913130970522e-06 5.7532221275531444e-06
0.0007902387469039507 0.0008556192805359497 0.0 5.166707116171773e-05 0.0005318802093890713 1.022493585708164e-05 8.995360004827811e-05 0.0007315134101008822 0.0005389340641018631 0.00011989045930992024 0.002650566113013948 5.2096727296919274e-05 0.0003019502376047632 0.0015454324292658239 2.8099813935329414e-05 3.44600791636325e-05 8.068073465666738e-07 1.2097376203090981e-06 4.9487457110340026e-08 3.4819841770642423e-06 4.296757715753417e-06 2.3450443162201653e-06 2.444126727017732e-06 8.367670945449136e-07 8.190348178668141e-07 6.237482525529531e-07 4.785400731117172e-07 3.5689786917459596e-07 5.307332508731163e-07 2.956846237749418e-07 0.0033663766736515472 0.00014710290696762516 9.68763885589758e-05 2.9114799259807997e-06 1.7690897629194456e-06 5.692240985744662e-07 1.6814166335624282e-05 4.061479215053619e-06 3.316236630417023e-06 1.4738382049614252e-06 4.688103309220074e-06 2.51810358768484e-06 1.2911096803506388e-06 1.8574216341898384e-06 1.7570695582979066e-06 1.7398448212387935e-06 0.00010908364299087495 6.348447036264697e-07 4.813495690734613e-07 2.207290839476943e-07 5.2350438009380826e-06 1.202205689795014e-06 6.711002338134982e-07 1.1780198926205632e-06 4.630251779988824e-06 7.597681899019663e-06 0.00015481102423040886 0.0007536207589113027 8.942603675063168e-05 0.0001182050202454509 3.285066976909033e-06 8.153921447151067e-06 9.302629521489327e-07 0.0005394214116087236 2.7479925914724162e-06 1.861763636218926e-06 1.8619458166693562e-06 4.952181016857477e-06 5.809409475143765e-06 8.410193454967534e-06 5.593283009748936e-05 5.51983848544587e-06 0.0 0.00017844131064085909 9.587838007105164e-05 0.0001369807251460362 4.366937141070825e-05 1.8722873179398647e-05 0.0003113744846433281 0.0003753934373355902 7.146632296764549e-06 6.771645010929525e-05 7.554603815076372e-06 1.9236949151681214e-06 1.011791328455716e-06 4.7919961075738746e-06 7.965909472480884e-07 1.1160763048677779e-06 1.278694386680343e-06 1.7753340152869502e-07 9.108044234793186e-07 1.6350898803007747e-07 1.3105397743450432e-05 4.4906511701229584e-06 4.799949404539428e-07 4.2532868526242474e-05 5.751069649764408e-05 0.0 9.418894680443438e-06 0.0003897400707407491 1.0273798187639678e-06 1.4979145341189555e-06 4.112652548878882e-06 1.9492388359974692e-06 6.890433668531668e-06 1.3173482313816673e-06 5.183805464995137e-06 5.534676697386775e-06 1.52485847470496e-05 8.55300307750431e-06 6.7834108466915845e-06 2.084683311385407e-05 3.593060593568881e-05 1.6803677662892464e-05 6.83018980836056e-06 1.1923895158882743e-06 1.0898946254956458e-06 0.0 7.032986743005922e-08 0.0 0.0 0.0 0.0 0.0 0.0 0.0 0.0 6.443456502736853e-07 0.0 2.778328556693459e-07 1.342572363399372e-07 0.0 0.0 0.0 5.377559002525674e-06 2.5567049837707182e-06 0.0 1.116070727585431e-06 0.0 7.521582840867022e-06 7.38229165936447e-07 9.007922708886872e-06 6.235870700165238e-06 2.0115247248373302e-06 0.0 1.4594549339730053e-07 0.0 1.0073589495210513e-07 6.272902423691312e-08 3.500144870284989e-07 0.0 8.939975462939077e-08 1.4174194509399266e-06 0.0 0.0 0.0 7.457922101142183e-08 2.1362583314272623e-07 0.0 0.0 0.0 6.448619136302489e-08 1.3055484425282357e-07 0.0 9.758718664657228e-08 5.705707213930003e-07 1.73078041651436e-05 5.630397835243673e-07 5.812428465465181e-07 0.0 5.668766859954956e-08 0.0 0.0 0.0 0.0 0.0 7.050596222516326e-06 1.2107007541797828e-06 1.3818597005765196e-07 0.0 8.784143054641564e-08 4.454292390958182e-06 1.048663434593305e-06 4.823332700961909e-06 4.852579651018241e-07 3.18333778089845e-07 2.7266470945873727e-06 3.872322646307399e-07 9.724177326973728e-07 0.0 0.0 0.0 0.0 7.107726481712167e-08 0.0 0.0 0.0 8.878031985993226e-06 1.550316835498492e-05 1.3646481518510353e-05
0.0008727563709330968 0.0014551283277317332 5.166707116171773e-05 0.0 0.00015168831603092742 9.977277082319662e-05 0.00112818216664741 4.168227854369327e-07 1.7855324795798693e-05 0.0018401171679266063 7.263344404721028e-06 0.00015206609801538153 0.0008275448513218958 2.5034750958727356e-05 1.4739954353838745e-07 7.383987097794408e-08 0.0 0.0 0.0 0.0 0.0 0.0 0.0 0.0 0.0 0.0 0.0 0.0 0.0 0.0 1.1337074646782182e-05 3.591272077314346e-07 1.0646490892718487e-07 0.0 0.0 0.0 1.1054624226089654e-07 0.0 0.0 0.0 0.0 0.0 0.0 0.0 0.0 0.0 2.849596446372776e-06 0.0 0.0 5.512262684619818e-08 5.1785971512709386e-08 0.0 0.0 0.0 2.9006125497755907e-07 5.739627709595984e-07 1.1511964425712438e-05 3.2138136684988445e-05 6.5842338176048575e-06 5.74543674926222e-06 0.0 0.0 0.0 1.383984977571427e-06 2.1449096289720732e-07 6.406845845560135e-08 6.097320526183213e-08 0.0 0.0 5.558037952463293e-08 6.016330445345046e-07 0.0 0.0 8.867890764562434e-06 1.2532403902949255e-06 2.8996455099604807e-06 3.93347837829133e-07 0.0 6.175847091860313e-08 1.9144710043238313e-07 0.0 7.262203351849915e-08 2.949318614854895e-07 0.0 0.0 1.123661491964535e-07 9.670264259385604e-08 7.986322048852597e-08 6.489854551719193e-08 0.0 5.302852815235663e-08 0.0 0.0 0.0 0.0 7.187303377083133e-06 2.2565222679322697e-07 0.0 4.1931518427214044e-08 0.00011618642917775155 0.0 1.3842549124966624e-06 1.4502797597118703e-06 1.2279858140720922e-06 3.4740958221959486e-07 2.320852138413096e-06 1.133266141897928e-05 1.5458657454279276e-06 4.131733442900329e-06 5.94569397974545e-07 2.599187817481298e-07 2.229993841344834e-06 2.119337022997676e-06 1.0082369144120582e-06 5.056617461731417e-07 1.5283946683950969e-07 0.0 0.0 0.0 0.0 0.0 0.0 0.0 0.0 0.0 0.0 0.0 0.0 0.0 0.0 0.0 0.0 0.0 0.0 1.0329727110375334e-06 2.0561125994264877e-07 0.0 0.0 0.0 0.0 0.0 7.071656608543127e-07 1.3240287306484905e-06 1.8342387044058373e-07 0.0 0.0 0.0 0.0 0.0 0.0 0.0 0.0 0.0 0.0 0.0 0.0 0.0 0.0 0.0 0.0 0.0 0.0 5.976251946658845e-08 0.0 0.0 0.0 8.069481914137508e-07 0.0 0.0 0.0 0.0 0.0 0.0 0.0 0.0 0.0 3.6880400036601747e-07 0.0 0.0 0.0 0.0 3.0395834207505225e-07 0.0 0.0 0.0 0.0 5.886712649163852e-07 0.0 0.0 0.0 0.0 0.0 0.0 0.0 0.0 0.0 0.0 0.0 0.0 7.189121746572484e-07
0.00010759868789557761 0.0013400059896980221 0.0005318802093890713 0.00015168831603092742 0.0 8.305697629119336e-06 0.0015371444295586155 8.940563530112292e-05 0.0026106347548808533 0.0005280275496409725 0.0009377390857067225 4.310032036947998e-05 0.0004181378284454756 0.0004921263670830638 1.0049249394763452e-05 5.0572242497361375e-06 1.0123471083351322e-07 2.0741973991313274e-07 5.506101357391577e-08 2.280938714356883e-07 5.938134361348723e-08 1.658335559128132e-07 2.619580310096211e-07 1.1913289319360563e-07 5.944828946947037e-08 1.8901718285710785e-07 0.0 1.6695983452605115e-07 0.0 9.094546518970755e-08 8.175149309548146e-05 2.180266357947539e-05 1.5249019045593663e-06 5.4563411951826506e-08 0.0 7.31316207572872e-08 1.0905325225470982e-06 1.2662650759328914e-07 1.2123316014010876e-07 1.0702926711007823e-07 1.3372134630518115e-07 0.0 6.650266056565954e-08 3.783202476040416e-07 3.3603117366849946e-07 1.845553108101657e-07 5.8055832997072435e-05 1.841447526517213e-07 1.9608970320570183e-07 0.0 3.2835527262840724e-07 2.0071794263019544e-07 0.0 1.2943596200243293e-07 2.015592701318534e-06 3.7237428103923843e-06 3.357089337151369e-05 0.00010428159830108412 2.537304830502435e-05 6.130365556577942e-05 4.5027708862967e-07 3.883170922167353e-07 6.874269660858872e-08 8.422253181652277e-05 1.3997389441848028e-06 4.918472887297542e-07 9.917058079837421e-08 4.4066537198405836e-08 3.502799989102836e-07 1.4666304216650567e-07 7.869776580674047e-06 2.232810239655178e-06 0.0 6.706189206260347e-05 4.6458085356528616e-05 7.488160064093802e-05 2.157375359188571e-05 3.4442218295507454e-06 1.3607679520321261e-05 8.338888548846817e-06 1.7702341261477106e-06 2.5020353495217466e-06 3.920697934220769e-06 9.962782745847683e-07 5.464996555648377e-07 1.4377781936095124e-06 6.107830563877007e-08 4.059350299897711e-07 8.236886906287161e-07 5.0699925050439545e-08 4.008142814451985e-07 9.471333032397271e-08 4.412067561959606e-08 2.564268443474493e-07 1.091417643719262e-07 2.210422697279677e-05 1.1677966385080215e-05 0.0 6.792667187031905e-07 1.7476300697932666e-05 8.585728464983192e-08 1.6540823550058115e-06 2.4971182687388973e-06 1.0634342759183119e-07 3.888912568132914e-06 9.369451412214999e-07 5.912248448768324e-06 2.0946135397927465e-06 7.52770977639311e-06 3.211158641096718e-06 3.943832584500218e-06 8.278874119049593e-06 1.692749002524973e-05 6.886018977153845e-06 3.729612069010315e-06 1.6642753186578465e-07 4.7381117020460297e-07 0.0 0.0 0.0 0.0 0.0 0.0 0.0 0.0 2.3790287521040447e-07 0.0 0.0 0.0 0.0 0.0 0.0 0.0 0.0 1.936703159827249e-06 1.3219593834535403e-06 0.0 0.0 0.0 1.6888810510275356e-06 7.77873024423872e-07 3.995625001282923e-06 2.339379122422138e-06 9.247845326721425e-07 0.0 0.0 0.0 0.0 0.0 0.0 0.0 0.0 5.156969853884806e-07 0.0 0.0 6.2414549541149e-08 0.0 2.260459422976972e-07 0.0 0.0 0.0 0.0 8.031948650726233e-08 0.0 0.0 0.0 8.371956883786556e-06 1.6380050722267274e-07 0.0 0.0 0.0 0.0 0.0 0.0 0.0 0.0 4.571353794689446e-06 2.8072770528899074e-07 0.0 0.0 0.0 1.7547782394208168e-06 1.4166964772479097e-07 1.2095769964242945e-06 0.0 0.0 1.7635081406344629e-06 0.0 2.293679480311146e-07 0.0 0.0 0.0 0.0 0.0 0.0 0.0 0.0 3.529127531952766e-06 4.193234467758554e-06 4.0170730915380226e-06
2.0370551156783353e-05 5.758224054590476e-05 1.022493585708164e-05 9.977277082319662e-05 8.305697629119336e-06 0.0 4.015398482041509e-05 6.718373169217836e-07 3.3807421714409046e-06 0.0002983074217337244 1.3036830816649438e-06 6.151534327945577e-05 6.814919196367732e-05 1.9231395489679254e-05 8.915628132339569e-07 1.3188691904430927e-06 0.0 0.0 0.0 0.0 0.0 2.974729950570707e-06 0.0 0.0 0.0 0.0 0.0 0.0 1.5624643840655867e-07 0.0 4.754986213013806e-07 2.2802650543674693e-07 1.0374130449866711e-05 0.0 0.0 0.0 3.91407042837015e-06 3.2234031674307897e-07 4.429939289164196e-07 1.1715198839984259e-07 0.0 1.749197891415575e-07 0.0 1.1141103497761993e-07 0.0 0.0 1.2989225156764272e-06 0.0 0.0 0.0 0.0 3.081450463392991e-06 1.0502252583286133e-06 1.7344448715391266e-07 0.0 0.0 2.30454220631869e-05 1.8907564828907234e-06 4.4021866306338303e-07 4.6188501527680913e-07 0.0 1.1154499871409333e-06 0.0 2.5717205329756437e-07 0.0 0.0 0.0 0.0 0.0 0.0 0.00011276052680005633 0.0001374651911370448 2.329624778784593e-06 7.399582942912907e-07 2.679715187030733e-07 4.095845487015248e-07 3.5922903930381836e-07 1.2460356080196866e-07 0.0 1.2780940841131333e-05 0.0 5.816008720609247e-06 0.0 7.374382445090842e-08 0.0 2.7847502802166965e-07 0.0 1.776540832073413e-06 4.132824023212983e-07 5.625810899103843e-06 2.6689247154547036e-07 0.0 0.0 2.5635024443733775e-07 2.726331571842691e-07 0.000346958974483074 0.0001319871076638141 6.4217926298285764e-06 7.62759327515424e-06 0.0003445118327363167 7.831771307425488e-08 9.869107875024765e-06 6.998288742785512e-06 9.564365527721816e-06 4.823166929171628e-06 2.5896541504698516e-06 5.0859893392187515e-05 5.197470240738458e-06 1.8956075199707118e-05 2.099894590882014e-05 1.4673898923909736e-06 9.239016465681768e-06 1.8935412966079106e-05 5.978889548747202e-06 7.263041975662386e-07 0.0 6.857913172307739e-08 0.0 0.0 0.0 0.0 0.0 0.0 0.0 0.0 0.0 0.0 0.0 0.0 0.0 0.0 0.0 0.0 0.0 9.338118627815328e-07 2.6648778615453006e-07 0.0 8.411841174853027e-07 0.0 1.5954814061609535e-06 0.0 1.6107128672938131e-06 2.6272201250114493e-07 3.2505276891538104e-07 0.0 0.0 0.0 0.0 0.0 0.0 0.0 1.3982155427538726e-07 1.1128589701344292e-07 0.0 0.0 0.0 1.5495875102606757e-07 0.0 0.0 0.0 0.0 2.8356614494529743e-07 7.093189627696211e-07 2.2843776537244022e-07 0.0 0.0 3.042152193265018e-06 0.0 0.0 0.0 0.0 0.0 0.0 0.0 0.0 0.0 1.898395974619072e-06 9.777095163615933e-07 0.0 0.0 0.0 0.0 0.0 1.1661889624017108e-06 0.0 7.214275659312691e-07 2.469170469963774e-07 0.0 0.0 0.0 0.0 0.0 0.0 0.0 0.0 0.0 0.0 5.011625802057658e-06 2.297244748817384e-06 2.0568999519471832e-06
0.000707409748183082 0.0024743959748066697 8.995360004827811e-05 0.00112818216664741 0.0015371444295586155 4.015398482041509e-05 0.0 4.5599793350204624e-05 0.0013075034092378203 0.001973722816039596 0.0007641452118992888 0.0003471234022037129 0.0021166448636517686 0.0014267068880089411 9.179026270284415e-06 5.7849342133219545e-06 3.8604626569700943e-07 0.0 5.875044586670217e-08 1.424788476793148e-07 7.540923420172308e-08 1.8275534450578053e-07 8.4341482727795e-08 0.0 6.250407692689862e-08 5.353789377727658e-08 0.0 1.2162922567497174e-07 9.760769516328103e-08 1.801714006752326e-07 5.661678195497768e-05 1.6998595037969922e-05 4.100647984194388e-06 0.0 1.8311234597943842e-07 0.0 9.190659899523292e-07 1.5905373208048864e-07 1.0504048579008714e-07 0.0 2.7528099506315845e-07 5.720481379463031e-08 0.0 7.629261939858742e-08 1.5441125396497078e-07 4.049302465627536e-07 6.566291577022703e-05 3.132135420273424e-07 1.648570236370206e-07 0.0 1.3196279409239385e-07 5.977614871947549e-08 8.257390898379451e-08 0.0 1.566806967831078e-06 3.932193594975902e-06 3.5422817019568964e-05 0.00011566218689550156 2.8004820268079275e-05 5.992476687612187e-05 8.303927640707567e-07 1.422241671753326e-07 0.0 6.359492171723668e-05 1.6676956424604475e-06 7.469824335623089e-07 4.7489852788225894e-08 1.6230462284702967e-07 3.004067212895238e-07 8.830781693179439e-08 1.2251908878370883e-05 5.126254374914673e-06 0.0 6.653414980945009e-05 3.8687243998108086e-05 7.265049867484932e-05 1.721179256537693e-05 3.908772107096821e-06 9.244043988659164e-06 1.4819989796004503e-05 1.0651012184983806e-06 7.637444062376999e-07 4.175371702064755e-06 1.2643142644556313e-06 3.85768144909522e-07 2.2485571215502078e-06 1.5262938612647897e-07 3.024218100224385e-07 4.209444663455021e-07 2.053156824460943e-07 2.5771717724349046e-07 1.113829823554852e-07 2.2706802545729185e-07 7.89383888813747e-08 1.0313793534955795e-07 0.0001014557291928131 2.2344854225775745e-05 0.0 1.7609960504836848e-06 5.963061194668831e-05 1.1804293570825966e-06 3.80265477181999e-06 4.4930474171645435e-05 3.408904393175786e-05 6.5786368901121054e-06 8.750231063407767e-05 1.5153192216389514e-05 1.587050765851027e-05 6.097176980417119e-05 2.5776159775805662e-05 5.354803879846183e-06 4.451771433944203e-05 4.567858107859135e-05 1.1921771562459668e-05 5.925379716825971e-06 8.125283639746801e-07 5.390540898219277e-07 1.2350070862136925e-07 2.1194882559948192e-07 0.0 0.0 0.0 0.0 0.0 0.0 0.0 0.0 0.0 0.0 1.724904948552862e-07 0.0 0.0 0.0 0.0 3.928097999866388e-06 2.511472171272842e-06 0.0 0.0 0.0 6.720522519019165e-06 3.551201898382109e-06 5.49483002527441e-06 3.5780444903292846e-06 6.707397465383737e-07 0.0 0.0 0.0 7.168389122839621e-08 0.0 7.276255979564115e-08 0.0 6.0121116098401e-07 2.471729085175982e-06 1.367963679995767e-07 0.0 0.0 0.0 0.0 6.106692484325293e-08 0.0 0.0 5.831320170497619e-08 2.731911162667216e-07 2.850132373343177e-07 0.0 0.0 1.695307298243855e-05 8.919787824643473e-07 1.0517838501950121e-07 1.0751905222636204e-07 0.0 0.0 0.0 0.0 0.0 0.0 6.5850446981312086e-06 1.9865904822268985e-07 0.0 0.0 9.009246417754843e-08 3.683716113947847e-06 3.132886183421108e-07 6.292081441869804e-06 7.589091471417286e-07 6.084016491647575e-07 1.6220363109886692e-06 9.175417066828825e-07 1.4891072758144818e-06 0.0 0.0 0.0 0.0 0.0 0.0 1.2505337231679713e-07 1.1061766656379717e-07 8.712526123120016e-06 6.832026784180914e-06 4.635819514471407e-06
8.533710745384887e-06 5.893215431191209e-05 0.0007315134101008822 4.168227854369327e-07 8.940563530112292e-05 6.718373169217836e-07 4.5599793350204624e-05 0.0 0.00019884795058647847 5.346365977065121e-05 0.0011353053600688405 4.324971863926069e-05 0.00022145646756639148 0.0018975172522333957 2.9316507225458204e-05 3.842287386173784e-05 4.887729734295631e-07 5.765545497637742e-07 7.455774893608248e-07 7.079460648568527e-06 1.1913141318232325e-05 1.0241578980086358e-05 7.257825559181133e-06 2.4398554890668965e-06 4.115290931232734e-06 8.693790757437596e-07 1.512952309348067e-06 6.066626082062725e-07 4.1833620962684333e-07 4.4349557037464573e-07 0.0002517954099296703 0.00026734024620262033 0.00023051663202341253 5.4730785363999954e-06 4.871439295911096e-06 4.643184819058427e-06 2.5880318838605013e-05 1.0012014248174302e-05 5.068589306051681e-06 2.0418854369403086e-06 1.4153761701528191e-05 7.033202627232122e-06 2.302094195817868e-06 1.6196583895671922e-06 2.2377234883648915e-06 2.569434909113268e-06 7.591947852562996e-05 2.3839972888568892e-07 6.075414687866635e-07 4.3937111929272535e-07 6.710710287992494e-06 5.5843986312034565e-06 7.594819358855199e-07 1.8730012507094557e-06 1.5056873358228662e-06 2.2256857093019184e-06 3.301889673169365e-05 0.00016146890761039096 1.9072333174678337e-05 4.6491179961945634e-05 1.6021313771940574e-05 4.536337647908491e-05 9.71739852810554e-07 0.00040438370548386324 1.34481361370162e-06 2.0676078954421295e-06 1.925644720149064e-06 6.34619162575967e-06 7.576246630050227e-06 1.2967243018639696e-05 3.96484496388454e-05 8.00092392345406e-06 0.0 5.4595673893920716e-05 7.362096280281132e-05 9.52935472599034e-05 6.461148074026034e-05 2.72728541409026e-05 0.001421509445035942 0.001115527491974339 6.990024676692747e-05 0.0005039239925834673 2.8089772375501886e-06 1.0840199004023022e-06 6.959805180640075e-07 2.0719811958131282e-06 6.661403677032424e-07 4.6263196481917984e-07 4.353770695043489e-07 2.3606957448669522e-07 1.0711854333344402e-06 7.063646744637748e-07 2.1191202892516472e-05 8.741975665187422e-06 3.889711218343925e-06 3.968330648542272e-05 5.4100856171391434e-05 7.220247691361944e-08 1.4357837685230145e-05 6.888245171563935e-06 1.46193216149216e-07 2.46898237519324e-07 1.7691026950120394e-06 3.153284262552278e-07 2.6652139389762473e-06 5.110677856372253e-07 5.425244706569818e-07 1.4367093268389748e-06 5.84206773208844e-06 1.0637033520898083e-06 3.5033491575018546e-06 9.540661625286557e-06 1.1144500016541593e-05 6.9216487805843454e-06 4.586465053383649e-06 1.320936164522872e-06 2.8665524835422735e-07 0.0 0.0 0.0 0.0 0.0 0.0 0.0 0.0 0.0 0.0 1.311182033265284e-06 0.0 3.5263920781077395e-07 0.0 0.0 0.0 1.940170502705528e-07 2.6733897916688215e-06 1.5814682580339633e-06 0.0 0.0 0.0 5.797540445807425e-06 3.294549769686888e-06 9.971704818603646e-06 1.141027596510098e-05 5.087068273722638e-06 0.0 0.0 0.0 0.0 1.013728316767954e-07 4.3922013099422767e-07 0.0 7.841886133721203e-08 8.150602193123174e-07 0.0 0.0 1.8672953676818568e-07 6.462896148058123e-07 1.4579958836690197e-07 0.0 0.0 0.0 5.276617888514769e-08 0.0 0.0 4.1694972401378794e-07 8.444251833703584e-07 8.504745221856242e-06 4.1898780518551615e-07 0.0 0.0 0.0 0.0 0.0 0.0 0.0 0.0 6.5052200523066e-06 5.086727380807016e-06 0.0 1.3777014856984062e-07 1.6437661094057448e-07 3.0988377796175986e-06 0.0 5.554962598348095e-06 3.035416248978574e-07 2.2523568044338874e-07 1.7584264792358735e-06 3.1753028469242427e-07 4.071110978520381e-07 0.0 0.0 0.0 0.0 0.0 7.060462245692521e-08 0.0 0.0 3.025134044192035e-06 1.1467926342811302e-05 1.455395790651226e-05
9.081057930869518e-06 0.0013459497443763604 0.0005389340641018631 1.7855324795798693e-05 0.0026106347548808533 3.3807421714409046e-06 0.0013075034092378203 0.00019884795058647847 0.0 0.0002975004502820884 0.00187017829215307 7.442800281623771e-05 0.00037471130678859194 0.000663134116891969 8.57671909021407e-06 1.0000816570349579e-05 0.0 2.994443261317326e-07 8.282331692449855e-08 5.669004171472027e-08 2.2078683744510758e-07 0.0 0.0 0.0 0.0 8.008887880970054e-08 0.0 0.0 0.0 0.0 1.49214985739385e-05 1.863132458283304e-05 9.868480015234757e-06 0.0 0.0 7.47412253659454e-08 2.357420481191878e-06 1.446320941911563e-07 6.541043015307909e-07 9.571788290321094e-08 1.6510162532696068e-07 0.0 0.0 4.334142862612572e-07 7.037890873228354e-08 2.79295193245708e-07 2.5852619621335546e-05 0.0 1.0212629112654104e-07 7.666933527259349e-08 1.2407801736467875e-07 0.0 8.023190285981401e-08 8.516985689886358e-08 5.063582508587903e-07 5.867161781382536e-07 4.866682940586073e-06 2.079625412995518e-05 4.889765276141787e-06 1.2648888953647013e-05 0.0 1.7526944965583526e-07 0.0 2.6796068755611856e-05 2.851810821376564e-07 1.0437334955891507e-07 7.588201968754269e-08 1.8528564392938584e-07 4.9500190673843576e-08 0.0 3.028008925478775e-05 2.0576900654073183e-06 0.0 1.119770653756567e-05 1.4585804304135993e-05 3.064685796724016e-05 1.2123931754292478e-05 5.0614241603401395e-06 1.4454267765851032e-05 9.950872831522856e-05 8.31330389261834e-07 3.300054995207805e-06 9.597862408478962e-07 5.533235205364879e-08 3.517327609207623e-07 5.407630420808649e-07 6.34616335152367e-08 0.0 1.8205920455962323e-07 0.0 1.1360001210873411e-07 0.0 1.2668188797553172e-07 1.2982715203219806e-07 9.017307622206322e-08 7.449384488741526e-05 3.689268713126632e-05 0.0 2.3537356104512096e-06 3.542119668053857e-06 1.6279444905421817e-06 2.299127386328475e-06 5.318452146155629e-06 2.8045151069537332e-06 7.657397260901907e-06 3.84490330426854e-06 1.5101875761558068e-05 6.289995510570398e-06 2.4450347122773445e-05 1.460243183106475e-05 4.672076014219108e-06 2.9303878055937387e-05 4.620711546743144e-05 1.561440163717252e-05 8.141526745102677e-06 1.2637175598819092e-06 6.957191014218264e-07 0.0 0.0 0.0 0.0 0.0 0.0 0.0 0.0 0.0 0.0 3.170073452180843e-07 0.0 0.0 0.0 0.0 0.0 8.00204924635749e-08 4.250436322084654e-06 3.0723210893312606e-06 0.0 3.410770767460829e-07 0.0 5.78131554510742e-06 3.9319648479114413e-07 4.861239923924708e-06 4.210473902895772e-06 1.2974374118920755e-06 0.0 0.0 0.0 3.1238207911298744e-07 9.145579575834479e-08 0.0 0.0 8.540852995613684e-07 1.3502067718596217e-06 0.0 0.0 1.4160173230813492e-07 0.0 0.0 0.0 0.0 0.0 0.0 1.5585935746726418e-07 2.1648019206189018e-07 0.0 0.0 1.5675710268874557e-05 9.339389583348779e-07 4.109612371348287e-07 0.0 0.0 0.0 0.0 0.0 0.0 1.0523296666842766e-07 8.845511674447518e-06 0.0 0.0 0.0 0.0 4.458574885046734e-06 2.1449492886205483e-07 8.261964537687194e-06 0.0 7.612062487556888e-07 2.1363131485409233e-06 5.91008760274759e-07 1.5434552283000211e-06 0.0 0.0 0.0 0.0 0.0 0.0 0.0 7.181733047871514e-08 1.3223266521130283e-05 1.108370798061692e-05 1.0642415418301411e-05
0.0008930459900764923 0.0007997383625336574 0.00011989045930992024 0.0018401171679266063 0.0005280275496409725 0.0002983074217337244 0.001973722816039596 5.346365977065121e-05 0.0002975004502820884 0.0 0.00011588657871188787 0.001693972851906964 0.0035252015192378254 0.0003105280460379458 8.050424649694749e-06 5.725763449052701e-06 1.4357099313991246e-07 0.0 1.2314910898574585e-07 0.0 8.14039078011662e-08 0.0 0.0 4.4992412237519343e-08 1.621472446820023e-07 6.574059511070336e-08 0.0 0.0 0.0 1.672029495562928e-07 1.4097018818756797e-05 2.8615112625193486e-05 5.8370525640841865e-06 0.0 0.0 0.0 3.2126022938538275e-06 5.795370430512899e-07 8.43053042638306e-08 0.0 7.315948870119851e-08 9.453286738102009e-08 0.0 1.9234497363587333e-07 4.7227153094088046e-07 0.0 5.01124567794704e-05 0.0 0.0 0.0 0.0 0.0 0.0 0.0 3.541614134502073e-07 1.1782192527627254e-06 2.4869201234776088e-05 5.1883386939374284e-05 1.3275138788159832e-05 2.5022492410699176e-05 2.0714549275138115e-07 6.377497705688244e-08 0.0 2.5213250919907784e-05 6.961973672339257e-07 5.37187860970986e-08 5.656844495547698e-08 9.19410377903329e-08 3.8903096588929475e-07 0.0 0.0003384486121299274 6.984715281189749e-06 0.0 2.1691410241232728e-05 1.4920907095758497e-05 3.752153723978158e-05 1.173199426250286e-05 4.221972970964127e-06 2.8482132249473193e-06 1.6075364895734595e-06 0.0 4.3524874584081825e-07 2.61702890195167e-06 3.95782053790058e-07 2.7249315262310817e-07 5.504578316083183e-07 0.0 1.2806817044254135e-07 1.382327721364176e-07 4.504163083083814e-07 2.2090646276431607e-07 0.0 0.0 6.94394367589721e-08 8.78983853105127e-08 0.00027265059426204093 6.392526284403523e-05 0.0 2.1972353549113634e-06 0.0002012634675494802 5.210151669579542e-06 3.140373541384278e-05 8.67643545933828e-05 6.93810689848521e-05 3.172017244500527e-05 0.00018927801269346767 0.00021254262271467884 5.9715672631055414e-05 0.0003161116040692798 0.00013969699202710388 1.488469871853886e-05 0.00012788720288481111 0.00016551224198684932 5.4609364750846136e-05 1.4622261285946065e-05 3.2269010699380864e-06 9.51758033777976e-07 0.0 0.0 0.0 0.0 0.0 0.0 0.0 0.0 0.0 2.1856204197256462e-07 1.581616466925199e-06 0.0 0.0 0.0 0.0 4.214043474404616e-07 0.0 1.6886697532850125e-05 4.926621121361805e-06 0.0 3.0115276036825313e-06 0.0 9.822113333848657e-06 6.931117200779466e-06 1.7097573516480308e-05 1.3461342933850263e-05 2.462437868353174e-06 0.0 0.0 0.0 1.4917128639328122e-07 2.850631189224585e-07 1.0901175182604251e-06 0.0 1.1056019470067454e-06 6.89786439999628e-06 1.88646884551365e-07 0.0 0.0 0.0 0.0 0.0 0.0 5.221216729972036e-08 2.794012031628962e-07 1.5399722293253532e-06 1.5667876089363097e-06 0.0 8.812674916766018e-07 5.622673874466114e-05 1.7626761329193487e-06 5.838000812890065e-07 1.208857850188457e-07 0.0 0.0 0.0 0.0 0.0 0.0 1.1228717603266265e-05 0.0 0.0 0.0 0.0 1.0845848920315016e-05 0.0 2.6927945632777762e-05 6.352021206261307e-07 2.0290066840344747e-06 8.166154989747803e-06 3.35502509169234e-07 1.6900875769457972e-06 0.0 0.0 0.0 0.0 6.562995900401901e-08 0.0 0.0 0.0 3.721857527365743e-05 2.254748177817157e-05 2.36978340612006e-05
2.9040364466401188e-05 0.0009876220369113323 0.002650566113013948 7.263344404721028e-06 0.0009377390857067225 1.3036830816649438e-06 0.0007641452118992888 0.0011353053600688405 0.00187017829215307 0.00011588657871188787 0.0 4.3669062730291744e-05 0.0008640707422836749 0.0014512270234071697 1.5084377273659928e-05 1.3656320555581153e-05 4.155861246495676e-07 7.114980180631831e-08 7.86721382866964e-08 7.826543205429651e-07 2.3762560394274463e-07 2.359158418697978e-06 1.2366706445653178e-06 6.324687028585164e-07 3.7938632111645057e-07 3.0562737151904555e-07 2.590129350623442e-07 0.0 3.5640874889991645e-07 0.0 0.0001035101887513128 4.114724077585346e-05 0.00012441916846045673 4.0309224116130326e-07 7.124518395344529e-07 4.2615567028389687e-07 2.4402794442453623e-05 3.464301237173525e-06 2.3586895807091837e-06 4.3675870269708446e-07 8.321289794524233e-07 3.170323506495329e-07 8.300881604260334e-07 3.0610962638077016e-07 3.234971549853343e-07 4.828055768037164e-07 3.853498927331037e-05 1.99134086782835e-07 0.0 1.3678037948238572e-07 2.895598489840677e-07 1.213725931221682e-06 8.767645748945086e-08 6.940935636994441e-07 6.726137226407868e-07 1.3786970675329424e-06 1.4643201081709938e-05 4.628777221331028e-05 8.825909539991387e-06 2.679754356358525e-05 5.897889929278795e-07 7.435795655453839e-06 0.0 6.442964891152939e-05 7.773825790829391e-07 4.436052646223908e-07 5.9364898017693304e-08 4.987622693198752e-07 3.8149271476301507e-07 1.5862247564846093e-06 5.0134736231066825e-05 9.565471833385193e-07 8.40879010592421e-08 2.7845740080843277e-05 3.48958924153988e-05 5.076456730413525e-05 2.2657855844924783e-05 9.069895752816294e-06 8.55736071115992e-05 0.0001917775170417886 4.60950525921965e-06 4.138215145755267e-05 1.8551325937803295e-06 4.402657098407946e-07 3.932208253809885e-07 8.272893111638684e-07 5.7263966229585896e-08 0.0 2.770863585886225e-07 0.0 1.8276254695649322e-07 4.427637967652831e-07 1.055658403938937e-06 5.467613584582646e-07 3.8860981643473824e-07 3.0203115177361764e-05 3.142737364931876e-05 7.62420267992865e-08 8.317114099852276e-06 4.416486090027515e-06 2.972439405033678e-07 7.81531583134661e-07 1.2203600162340094e-06 5.731386628554905e-07 3.3392858716351037e-06 4.852599734775035e-06 2.0866531650342812e-06 3.1094939347217477e-06 8.349949093856746e-06 8.237177137349145e-06 3.6364421777045116e-06 7.037280128492699e-06 2.482365609908375e-05 8.012009150708547e-06 3.7985033669513644e-06 6.072424239564647e-07 3.074421859525922e-07 0.0 1.35338965948735e-07 0.0 0.0 0.0 0.0 0.0 0.0 1.3662771984596625e-07 0.0 9.24799565479527e-08 0.0 0.0 1.7863523797906563e-07 0.0 0.0 0.0 2.817227192379902e-06 1.3501031304406487e-06 0.0 0.0 0.0 2.435339677127854e-06 5.97862224548665e-07 4.242726417166679e-06 3.376812888305475e-06 8.264108661094803e-07 0.0 0.0 0.0 0.0 0.0 0.0 0.0 2.4669325392525913e-07 9.939675206331432e-07 0.0 0.0 0.0 1.4863485155776614e-07 0.0 0.0 0.0 0.0 0.0 9.143814052018761e-08 0.0 6.321032523561379e-07 0.0 8.293138674259057e-06 2.9727704407491254e-07 0.0 0.0 0.0 0.0 0.0 0.0 0.0 0.0 5.094595070182112e-06 6.767153982808065e-07 0.0 0.0 0.0 2.956165052122401e-06 7.843529400553032e-07 4.099651862176048e-06 2.2760825543029777e-07 2.7396117828875103e-07 1.8885647586710367e-06 0.0 4.7633209720837065e-07 0.0 0.0 0.0 0.0 0.0 0.0 0.0 0.0 5.889509425412959e-06 6.841651733021235e-06 6.529315269429424e-06
3.0085393475110544e-05 4.847205033168782e-05 5.2096727296919274e-05 0.00015206609801538153 4.310032036947998e-05 6.151534327945577e-05 0.0003471234022037129 4.324971863926069e-05 7.442800281623771e-05 0.001693972851906964 4.3669062730291744e-05 0.0 0.0008284882383904384 0.00036208488955965666 2.7762679032258752e-05 3.407577661125303e-05 9.979506143859163e-07 1.9366374236136291e-07 0.0 1.557603837903876e-07 7.653051265206239e-08 1.6081967326899434e-06 1.935162306304208e-07 7.311409941084193e-08 1.62205750743176e-07 1.4980512052381838e-07 1.1044070789013362e-07 0.0 0.0 1.5847691735142686e-07 3.648258130519446e-06 1.2433731981055795e-05 3.430154175954595e-05 0.0 9.221105582076862e-08 1.1414825249968011e-07 3.133878476598181e-05 2.2505324052005465e-06 3.923905240926587e-06 8.113869140453894e-08 1.0068736151499511e-07 3.17179696170074e-07 0.0 1.4268152510406487e-06 8.407875025327254e-08 8.434579496431142e-07 3.539152625408207e-05 1.9697270057829702e-07 0.0 0.0 3.16180014478978e-07 1.4134839441483687e-06 1.2925255251842596e-06 4.4937078486528147e-07 6.255366302988196e-08 3.489677816447692e-07 3.7797416246016896e-06 7.135226809768947e-06 3.140568460476863e-06 8.540273156778712e-06 3.138042584096708e-07 4.395035021836064e-06 7.942413231473931e-07 1.156904001092024e-05 4.167559226861501e-07 2.512046428208509e-07 0.0 2.7146899645045587e-07 5.886130150962464e-07 1.6175965126063785e-07 0.00015982118248927273 2.280744034422597e-05 2.1234579144068406e-07 4.2792109160320355e-06 8.150767300071853e-06 2.544029659468309e-05 1.1249642823301359e-05 7.95791083239453e-06 2.148393191215323e-06 2.589698870301648e-05 2.8614683843911344e-07 7.1104283379714065e-06 7.229584606811137e-07 5.808662460964016e-08 6.863726842780429e-08 2.5920024033347387e-07 2.283336899596422e-07 0.0 4.6451961634403616e-07 0.0 1.2069844281207135e-07 1.427129919648547e-07 3.8967920030430166e-07 2.4332118192547755e-07 1.828515895619064e-07 0.0005087972571696843 7.307327408727117e-05 1.132154917330071e-06 1.0938249622203395e-05 3.037873083404909e-05 1.6785725526789404e-06 8.242531522314145e-06 1.8435876567199328e-05 1.3139972237800468e-05 2.4452294231452325e-05 1.3750578123134547e-05 7.779031217109571e-05 3.0410411108993926e-05 7.538469214178786e-05 6.093650777818868e-05 1.73276502641498e-05 9.721221702059239e-05 0.00016367647839435283 5.925509446352477e-05 1.7729732537042963e-05 1.744515407379913e-06 6.509953498298008e-07 0.0 6.296705138210004e-08 0.0 0.0 0.0 1.6782352840734528e-07 0.0 0.0 0.0 8.794918105585938e-08 6.712452800901579e-07 0.0 4.179677534863789e-07 1.1374130480050322e-07 0.0 4.011061238246847e-07 8.4368408812767e-08 1.0598625695292062e-05 4.3943614957383624e-06 0.0 2.599710955484728e-06 0.0 1.315146943138485e-05 4.033141343551983e-06 1.2135620292984134e-05 1.0968311741937825e-05 3.0153404887507063e-06 1.9342395615609806e-07 0.0 1.6688198342097616e-07 1.4544475224541341e-07 0.0 1.9894285248250247e-07 0.0 5.427708775765555e-07 5.739990200629833e-06 0.0 7.643105881180493e-08 0.0 4.532795225483575e-07 1.0248228610388143e-07 0.0 0.0 0.0 6.329147100019428e-08 4.771013004766612e-07 7.964248107183167e-07 0.0 6.008071081159849e-07 2.9047268587911774e-05 2.161090294620618e-06 3.45302736111383e-07 0.0 0.0 0.0 0.0 0.0 0.0 0.0 1.6829822411236867e-05 1.861052071024159e-06 0.0 0.0 0.0 9.595294346975623e-06 1.6684375502873196e-07 1.3303940691399497e-05 5.076499503736847e-07 1.623669425135166e-06 6.474502311028232e-06 7.73578364657353e-07 7.055641682366175e-07 0.0 0.0 0.0 0.0 0.0 0.0 0.0 0.0 4.7749416295241754e-05 1.8994273951096418e-05 1.537775837363569e-05
