0.0 0.0007848575509456703 0.00011812289401532022 0.0006572760326023992 2.9259524892619592e-05 7.091446653803873e-05 0.0005005997534974566 3.206513667805068e-05 4.0524028392190344e-06 0.0011273285167899218 3.699467395274766e-05 8.931447292069388e-05 0.00029935083034429206 7.464910516350728e-05 1.4967796107718426e-06 0.0 0.0 6.62382070034316e-08 0.0 0.0 1.0549634086815311e-07 0.0 0.0 0.0 0.0 9.807319608165276e-08 0.0 0.0 0.0 0.0 0.000886848376045018 1.2388446636820058e-06 5.653533317991068e-07 0.0 0.0 1.2007430183761826e-07 3.549833545793768e-07 2.3925566836107124e-07 6.152539461262965e-07 0.0 0.0 8.098505441387689e-08 2.1667156000142777e-07 0.0 0.0 6.832478328154269e-08 2.2563733981850972e-05 8.383095930276159e-07 2.5684894191835386e-07 1.42670135662098e-07 0.0 9.011350765190544e-08 0.0 0.0 1.9163650299501783e-06 1.1064314592996252e-06 0.00023506026660188487 0.0005349343054141633 0.00010830867050456307 1.3164507253109179e-05 1.9402815429104107e-07 2.492292919688572e-07 6.303718917228782e-08 4.449799451513871e-05 1.5367348448142954e-06 7.45667036048029e-07 1.3978445050127637e-07 3.4554053964172196e-07 0.0 0.0 5.665457860210911e-07 1.366482151535788e-06 0.0 0.0003151388442603622 0.00012800845449894156 0.00010954468973437109 1.0268522898230697e-05 2.3112337995329632e-07 7.324843940376929e-08 2.721268915614153e-06 1.8673473913897827e-07 5.254051216791736e-07 6.7504607287390945e-06 7.202739548907296e-08 8.673476243607694e-07 1.3190236591071384e-06 4.950343904794891e-07 7.91092355586841e-08 2.0008864107421775e-07 0.0 6.347117332600847e-08 0.0 0.0 7.88725912620668e-08 0.0 1.0378961536722801e-05 1.4590439362454987e-07 0.0 0.0 0.001128110646779363 8.559292361048502e-08 7.371710935627859e-07 2.5652509423250213e-06 3.3765088602228453e-07 1.1737045961446603e-06 1.3400340454182151e-06 1.9646127625652266e-05 7.4010856780212174e-06 5.257396250586387e-06 7.172265395133023e-06 3.6189711337552055e-06 6.923452428143241e-06 1.0638662605691962e-05 5.822242451772683e-06 3.7243888089624187e-06 0.0 0.0 0.0 0.0 0.0 0.0 0.0 0.0 0.0 0.0 0.0 0.0 0.0 0.0 0.0 0.0 0.0 0.0 0.0 3.216699632483298e-07 1.801422819277503e-06 0.0 0.0 0.0 1.0650070784560095e-06 3.2270073665397177e-07 9.402455149523689e-07 0.0 0.0 0.0 0.0 0.0 0.0 0.0 0.0 0.0 0.0 1.0304165881067008e-07 0.0 0.0 0.0 2.3578430049032338e-07 0.0 0.0 6.295085227503123e-08 0.0 0.0 0.0 0.0 0.0 1.4300592685532802e-07 3.4651444425899865e-06 0.0 0.0 8.542390657110712e-08 0.0 0.0 0.0 6.652830579204324e-08 0.0 0.0 1.5961710557234127e-06 0.0 0.0 0.0 0.0 1.7110931883119913e-06 0.0 2.4755772446510123e-06 0.0 0.0 0.0 0.0 0.0 0.0 0.0 0.0 0.0 0.0 0.0 0.0 0.0 1.0426787992976042e-05 2.8446955477221186e-07 4.3620512710635665e-07
0.0007848575509456703 0.0 0.0017786626948661868 0.0002524367358600902 0.0011462105235760917 2.749507654091201e-05 0.0022797180431679805 0.0008018658686923514 0.0008449176368566646 0.0017936975578504548 0.0012594572182127307 0.00034374754555218035 0.0015019886035540643 0.0013116747968495112 2.312791431291116e-05 5.439519378600754e-06 3.57859534448123e-07 6.407473098184493e-08 6.962555467893418e-08 3.585120040429906e-07 9.507547509800444e-07 6.605900896722502e-08 3.7034641633385227e-07 2.5204289817053537e-07 8.063757182495772e-08 1.275823810081478e-07 8.638256694845851e-08 0.0 0.0 0.0 0.001599329058945163 0.00014819868617722154 5.5810437801980935e-06 3.2852879235840437e-07 2.3096584421653298e-07 5.652382291852108e-07 2.587217201021569e-06 4.948977902336947e-07 8.118675909655867e-07 3.715581366585916e-07 1.0043223468649593e-07 1.781479512726627e-07 1.024596232029541e-06 5.56799857880585e-07 3.093111245742505e-07 4.513058904963551e-07 0.00018826963172304732 2.9435901566215315e-06 9.444994113875119e-07 1.0616622774671988e-06 0.0 0.0 3.4296324840157115e-07 1.1948355418113795e-07 4.839567090269252e-06 2.030758647857872e-06 0.00015176474470012538 0.0004989415968989975 9.051754555328802e-05 4.885268139366016e-05 2.8246058801147693e-06 2.7409925159127735e-06 4.839662444134141e-07 0.0002670814900911053 3.1332255543115367e-06 2.524004720408622e-06 6.829791408076543e-07 7.343252863387899e-07 1.1727548164583524e-06 6.439047759230585e-07 2.566885818492856e-06 2.2584471763880544e-07 0.0 0.00040918900749254333 0.0003519460422939948 0.0004454359656667528 0.00016645338224132857 8.501497811745702e-06 6.087899824072809e-06 0.00015814906671120213 2.562838466262758e-06 6.406990803980009e-06 1.7891559071121014e-05 1.373641612479158e-07 2.720935111787845e-06 2.7349656780906718e-06 1.8119371770336444e-06 8.135941188176446e-08 1.1488995427902544e-06 0.0 5.493179438151235e-07 1.2078365555196738e-07 2.5864137653571605e-07 3.139798242332269e-07 5.874578601296616e-07 2.9182486334403646e-05 1.6446508162656293e-06 0.0 5.064355227123394e-07 0.0006096144589442086 0.0 2.7801263371374666e-07 1.3292472650826799e-06 4.98389764260322e-07 1.5809779819790112e-07 1.7698113919433648e-06 6.5283199747173264e-06 5.160992828835708e-06 3.025606574972936e-06 4.896825016434123e-06 9.509072229058922e-06 8.592306892141906e-06 1.639895176117671e-05 6.974074172753337e-06 1.0081690885998209e-05 0.0 0.0 0.0 0.0 0.0 0.0 0.0 0.0 0.0 0.0 9.617765686840867e-08 0.0 6.365171766134952e-07 0.0 0.0 0.0 0.0 0.0 0.0 0.0 1.4110837869803595e-06 0.0 0.0 3.8428116316011224e-07 1.2152837531241143e-06 1.7639411643128607e-06 2.1110369662035452e-06 0.0 0.0 0.0 0.0 0.0 0.0 1.1043961514098952e-07 0.0 0.0 0.0 9.092853250456079e-08 0.0 0.0 0.0 1.525358622806257e-07 8.648024887174062e-08 5.8180399429679367e-08 0.0 0.0 0.0 7.35030267845912e-08 0.0 0.0 0.0 8.50531208558326e-06 0.0 0.0 0.0 0.0 8.406157222468206e-08 8.34356481736931e-08 0.0 0.0 0.0 2.7270729809607496e-06 0.0 0.0 0.0 0.0 2.964466333205311e-06 0.0 3.2548029698901006e-06 0.0 3.1569326953275047e-07 5.480466876556102e-07 0.0 0.0 1.0861482619014699e-07 2.2814164251006813e-07 8.657695982432698e-08 0.0 0.0 6.592155699275013e-08 1.096108831347678e-07 0.0 1.4128074530240497e-05 4.91276529471544e-07 1.7108859172984727e-06
0.00011812289401532022 0.0017786626948661868 0.0 1.5578914388706832e-06 0.000443834154747616 8.407285706188085e-07 0.00013805051522734372 0.001998466889702661 0.0003094908842517054 0.00014648531541531387 0.0017241606598426902 2.6491907491462484e-05 0.00018130279847056838 0.0005842626073944382 7.242951193029948e-06 3.268676505815182e-06 1.635704218457291e-07 2.1729304938508643e-07 0.0 5.138428196671894e-07 1.2064357684624151e-06 0.0 5.594007533615707e-07 1.963442146666613e-07 7.68529835710155e-08 1.6385124246991335e-07 0.0 0.0 0.0 0.0 0.0018924173657232273 0.00045507864651275374 3.5686647274936223e-06 3.4902926574298054e-07 8.737572233737402e-08 5.130454369546048e-07 3.764673985661161e-07 3.944692520496726e-07 4.2411854634412596e-07 3.0359436709560714e-07 1.2873826767877842e-07 1.832219602197796e-07 1.6036284911065945e-06 4.380639852044231e-07 1.3969361079839496e-07 5.300217523248095e-07 4.030768092630826e-05 4.509620930535274e-07 3.2277238407058367e-07 3.8479605018210724e-07 7.573285247039644e-08 0.0 0.0 0.0 7.843868262828921e-07 7.571359772402373e-07 3.656873367799775e-05 0.000234502160362554 2.2624322456744736e-05 9.368129217458962e-06 4.149884237178834e-06 2.923648593275356e-06 9.505314674673299e-07 0.0003402989923300332 4.751093279569513e-07 6.363119383924271e-07 0.0 2.0093308463550087e-07 1.2997493002620042e-06 1.1781157387288148e-06 3.6568990207319953e-07 0.0 0.0 9.043728307709586e-05 9.639212183788263e-05 9.988006474055023e-05 6.220510580676644e-05 4.581865051226221e-06 1.479481133002936e-05 0.00020824636476346695 3.888821202945677e-06 1.0816377367757674e-05 3.05563198697455e-06 0.0 5.870005442882838e-07 4.150187452589127e-07 4.727189741276182e-07 0.0 2.6578787416856704e-07 0.0 7.903545314217954e-08 0.0 3.867858360129552e-07 0.0 7.790413600488861e-08 4.6687917819505216e-06 0.0 0.0 0.0 4.8859279309884406e-05 0.0 0.0 0.0 0.0 0.0 2.841093530349959e-07 2.3212918975912915e-06 5.698459507488476e-07 1.2857751978925088e-06 9.59148111262996e-07 9.239026699492633e-07 1.9482887407659624e-06 2.4936976474105255e-06 1.7051774897263252e-06 1.440976687033846e-06 0.0 0.0 0.0 0.0 0.0 0.0 0.0 0.0 0.0 8.82702986487972e-08 0.0 0.0 0.0 0.0 8.565383924572138e-08 0.0 6.213426591979481e-08 0.0 0.0 8.648342865881487e-08 4.517673854864591e-07 0.0 0.0 0.0 1.7133541077728298e-07 2.754005635524715e-07 1.1771571521679492e-06 0.0 7.974832165688394e-08 8.499482269639557e-08 8.382953861932239e-08 0.0 0.0 0.0 0.0 0.0 0.0 1.0942234447403061e-07 0.0 0.0 0.0 0.0 0.0 0.0 0.0 0.0 0.0 0.0 0.0 0.0 0.0 1.4445333640492427e-06 7.988238942940119e-08 0.0 0.0 0.0 0.0 0.0 0.0 0.0 0.0 9.107249906780402e-07 0.0 0.0 0.0 0.0 9.654751153067146e-07 0.0 4.948904994361889e-07 0.0 0.0 0.0 0.0 0.0 0.0 0.0 0.0 0.0 0.0 0.0 7.722451329968355e-08 0.0 2.1173592289576078e-06 7.861902595566162e-08 7.003502948814193e-07
0.0006572760326023992 0.0002524367358600902 1.5578914388706832e-06 0.0 3.700988121061368e-05 0.00019667253151485486 0.0006594457701017031 9.745684148629988e-07 5.534398268473266e-06 0.0014399293676288759 3.673295229376036e-06 0.00017178311800621814 0.0007664562290169642 0.00017384373039732297 6.704639020350523e-07 8.251753008153822e-08 0.0 0.0 0.0 0.0 0.0 0.0 0.0 0.0 0.0 0.0 0.0 0.0 0.0 0.0 6.58248667882745e-05 1.3790921536413938e-06 8.325045964576629e-08 0.0 0.0 0.0 9.301100345043136e-08 0.0 0.0 0.0 0.0 0.0 0.0 0.0 0.0 8.412908023990624e-08 1.5666061240191343e-05 3.2153937052882935e-07 0.0 0.0 0.0 0.0 0.0 0.0 4.1863271522355755e-07 4.4393101033508866e-07 2.4354114967800445e-05 5.161678388657636e-05 1.5104487147790065e-05 8.729737908413056e-06 1.4766461018502067e-07 0.0 0.0 2.0986308804360957e-05 2.603582344281532e-07 1.8530617437034986e-07 0.0 0.0 0.0 0.0 5.432785401558872e-07 0.0 0.0 7.810398383387383e-05 4.366941719987995e-05 4.2830082574097985e-05 9.062326238399882e-06 0.0 1.1762846640203096e-07 1.2002316972582636e-06 6.036655414693475e-08 2.524503367803774e-07 2.444923279595882e-06 0.0 2.894123293642224e-07 5.614055409735796e-07 2.3148387695645498e-07 0.0 1.1615983063807608e-07 0.0 6.618668877463784e-08 0.0 0.0 0.0 0.0 1.2123367548546724e-05 0.0 0.0 0.0 0.0001557315801846289 0.0 0.0 1.1597217209697551e-07 4.929971588185788e-06 0.0 5.102585614058385e-06 6.98456042346302e-06 6.1593844923684135e-06 3.2163878202915226e-06 2.1358952071749587e-06 2.0094978760274654e-06 7.916715452851258e-06 3.954411857667824e-06 2.839820724044247e-06 1.471270791043233e-06 9.314813176800763e-08 0.0 0.0 0.0 0.0 0.0 0.0 0.0 0.0 0.0 0.0 0.0 0.0 0.0 0.0 0.0 0.0 0.0 0.0 1.3011947633276553e-07 4.262962462346786e-07 0.0 0.0 0.0 5.052966138334087e-07 0.0 7.673093085108588e-07 0.0 0.0 0.0 0.0 0.0 0.0 0.0 0.0 0.0 2.6582236350194e-07 0.0 0.0 0.0 0.0 0.0 0.0 0.0 0.0 0.0 0.0 0.0 0.0 0.0 0.0 1.6915520282967551e-06 0.0 0.0 0.0 0.0 0.0 0.0 0.0 0.0 0.0 4.4863558480609187e-07 0.0 0.0 0.0 0.0 6.841026277192749e-07 7.723776619795363e-08 0.0 0.0 0.0 0.0 0.0 0.0 0.0 0.0 0.0 0.0 0.0 0.0 0.0 0.0 5.293784337028863e-06 0.0 4.606625502388719e-07
2.9259524892619592e-05 0.0011462105235760917 0.000443834154747616 3.700988121061368e-05 0.0 5.23219767586878e-07 0.00206102785566758 0.00027393029266250824 0.0018022101278511386 0.000465233811307772 0.0012460476858572023 6.590223423868136e-05 0.0009217082137562155 0.001992751357833198 5.121966461701359e-06 1.875291771416044e-06 0.0 0.0 0.0 1.2478174947337066e-07 1.4688620398743986e-07 0.0 8.248994542866923e-08 1.4498926793915952e-07 7.741114408817617e-08 0.0 0.0 0.0 0.0 0.0 9.437000512448407e-05 3.548825794046544e-05 6.804888337785575e-07 2.3447795310916956e-07 0.0 0.0 1.4691084165907392e-07 1.9959196401141383e-07 3.5722439469280987e-07 1.7332814358936575e-07 0.0 6.990617088823516e-08 1.3299211868839157e-07 4.139276694626844e-07 7.736167000821583e-08 7.409968543811483e-08 3.9947261424781354e-05 3.6880186883169124e-07 0.0 6.839101938193718e-08 0.0 0.0 0.0 0.0 2.892548617657534e-07 2.3311199607675631e-07 5.497259979408919e-06 2.1185207881412515e-05 4.438789072526009e-06 6.862690410691714e-06 3.6695705290047225e-07 8.0022590216238e-07 0.0 3.143968073714456e-05 1.944442010387484e-07 2.542760967019158e-07 6.146234284186235e-08 0.0 1.3498712277695596e-07 7.549430030153459e-08 3.8621488820920323e-07 0.0 0.0 3.3358713608450016e-05 3.897296984445231e-05 6.571377100135797e-05 3.095199617464674e-05 1.2689816294280136e-06 9.798633792644367e-07 1.710992560543113e-05 4.889933628575685e-07 1.1406244478736992e-06 2.3276534704630595e-06 6.944377874392098e-08 5.315612235240342e-07 4.972181887473948e-07 1.4675190340908323e-07 0.0 0.0 0.0 1.3042363432279822e-07 8.243050612314591e-08 0.0 9.085865100541328e-08 1.2840719506243875e-07 7.341047522062565e-06 5.644463656744766e-07 0.0 0.0 4.055574319099535e-06 0.0 0.0 1.3335177531925208e-07 0.0 5.338147045543952e-07 6.192073356483509e-07 2.1648346878215755e-06 1.919581827474678e-06 1.6033830740045668e-06 1.269114902253762e-06 1.6831977680384343e-06 3.1700502028065396e-06 4.403559002075865e-06 3.0289984027412983e-06 3.3660382472517394e-06 0.0 0.0 0.0 8.177291252853581e-07 0.0 0.0 9.180412662278897e-08 0.0 0.0 0.0 0.0 0.0 0.0 0.0 0.0 0.0 0.0 0.0 0.0 0.0 1.0255456085642738e-07 0.0 0.0 0.0 2.0843153359374847e-07 0.0 6.264905414126289e-07 0.0 0.0 0.0 0.0 0.0 0.0 0.0 0.0 0.0 0.0 0.0 0.0 0.0 0.0 8.147606464185915e-08 0.0 0.0 0.0 0.0 0.0 0.0 0.0 2.663341161623904e-07 0.0 1.0852534016804864e-06 1.1995590019463269e-07 0.0 0.0 0.0 0.0 0.0 0.0 0.0 0.0 1.4194213647129228e-06 0.0 0.0 0.0 0.0 1.3827896838677961e-06 0.0 8.451327119932084e-07 3.1248162780586395e-07 0.0 0.0 0.0 0.0 0.0 0.0 6.352270291118464e-08 7.208203104483772e-08 0.0 0.0 0.0 0.0 4.0198660540989565e-06 0.0 4.7480190500697634e-07
7.091446653803873e-05 2.749507654091201e-05 8.407285706188085e-07 0.00019667253151485486 5.23219767586878e-07 0.0 2.155761499850716e-05 2.448658405126246e-07 0.0 0.00038571900773416517 7.482077938059732e-07 4.054168440976042e-05 4.248439420842646e-05 1.6316869623440313e-05 1.9244318942389014e-07 5.01231199277091e-07 0.0 0.0 0.0 0.0 0.0 1.2159247334668995e-05 0.0 1.2737072075282798e-07 0.0 2.730767183767106e-07 0.0 1.0628995893996943e-07 3.588098649189781e-07 0.0 1.54297328270289e-05 0.0 6.670445390140843e-06 0.0 0.0 4.620695435591164e-07 7.853320128803351e-06 1.4177443620445465e-06 1.0727224184193144e-05 2.4159516830998154e-07 1.3030343837139224e-07 3.601444669795629e-07 0.0 0.0 0.0 0.0 2.5224890805778812e-06 0.0 1.036858723155271e-07 0.0 1.897201730846803e-07 2.458959223713598e-05 1.6485639133428997e-05 3.6269398050834372e-06 0.0 0.0 8.867897422988025e-05 8.981100792083194e-06 4.789502472745518e-06 2.401856709074161e-07 1.1470438190537328e-06 2.5687653679196695e-06 0.0 1.3436771274691623e-06 0.0 0.0 0.0 0.0 9.954577818849452e-08 0.0 6.666439527886054e-05 0.00015297502682988382 2.349750876070568e-05 9.612250794737713e-06 6.1875279757811e-06 4.781074543634516e-06 7.748380790101355e-08 0.0 0.0 1.269994306438288e-06 0.0 1.426020950325388e-06 1.8646712030934322e-07 0.0 7.493010954531535e-08 1.523970685495693e-06 0.0 5.038360411009635e-07 5.820589621164263e-07 5.433805233090064e-06 5.338673073177089e-07 2.329249882563678e-06 1.1531102622594823e-07 9.933990968820278e-08 3.0581225892695903e-06 0.0001069865263557325 7.608118238171979e-05 2.9568426630964418e-05 2.2533618581875158e-05 0.0002866538682451183 0.0 1.0266707080821955e-06 2.3548738787226695e-06 7.072449817689471e-07 1.309722270877801e-07 4.00772035200991e-06 3.4025979388531436e-05 9.10518781486276e-06 8.786903047255465e-06 1.0665909150665683e-05 5.47064974957609e-06 1.4785016359351421e-05 1.2483355240667138e-05 6.7857431975376686e-06 6.7420883550508326e-06 0.0 0.0 0.0 0.0 0.0 0.0 0.0 0.0 0.0 0.0 0.0 0.0 1.9993002648112557e-07 0.0 0.0 0.0 0.0 0.0 0.0 6.992406457217628e-07 2.91378085089895e-07 0.0 2.2060824428496e-07 9.00681332259944e-08 1.2952008646927278e-07 3.5358399274811045e-07 1.1544051453725956e-06 2.2889209497235166e-07 0.0 0.0 0.0 0.0 0.0 0.0 8.164058455380339e-08 0.0 0.0 0.0 0.0 0.0 8.029680653623291e-08 4.1046368891869286e-07 7.412391995817344e-08 0.0 0.0 0.0 0.0 0.0 0.0 0.0 1.2729118065044257e-07 2.2547237138624224e-06 0.0 0.0 0.0 0.0 0.0 0.0 0.0 0.0 0.0 1.8536558074236416e-06 1.449060994725947e-07 0.0 0.0 0.0 2.066103037331526e-06 0.0 6.28964790517001e-07 0.0 9.034753998056891e-08 0.0 0.0 0.0 0.0 0.0 0.0 0.0 0.0 0.0 0.0 0.0 1.1873265353922268e-05 1.8704798791312854e-07 2.415148673299748e-07
0.0005005997534974566 0.0022797180431679805 0.00013805051522734372 0.0006594457701017031 0.00206102785566758 2.155761499850716e-05 0.0 3.794680441021441e-05 0.0006734824417433459 0.0015569022013825942 0.0004155440237001461 0.0001232315265452848 0.0031591411629627074 0.0024115405981152316 8.95702543740222e-06 1.9119256610775493e-06 6.360968712223849e-08 6.187875299380665e-08 0.0 9.669473567220836e-08 3.511693078694683e-07 0.0 0.0 8.036751705129616e-08 0.0 0.0 0.0 0.0 0.0 0.0 0.00011600132527066994 2.6968336328847808e-05 1.785373922876645e-06 3.520606021863755e-07 0.0 0.0 8.667485581541747e-07 1.6533714561331969e-07 1.449854635510528e-07 6.128056122865795e-08 8.310282667446267e-08 0.0 2.39631394273039e-07 4.432568954753515e-07 6.606314836861272e-08 8.911449804785856e-08 9.048643811084882e-05 1.3735797656205641e-06 2.869317036511283e-07 2.9178463222371803e-07 6.549061634951483e-08 0.0 0.0 8.291291956964537e-08 1.7325728714478861e-06 6.795151829764275e-07 2.692314169718304e-05 6.535666287898646e-05 1.9665356746348075e-05 2.1296377178192363e-05 7.30969191427674e-07 3.9451908953387004e-07 4.317871820491394e-07 7.434498010698356e-05 1.5144170038747799e-06 1.313900346425797e-06 3.1299577666300253e-07 3.416370330293946e-07 1.8031878623004968e-07 6.70103217651584e-08 9.513500979714004e-07 0.0 0.0 0.00014037036825992756 0.0001289395821561607 0.0001571435682292367 6.1025946393781565e-05 2.3133896270309988e-06 1.068932304149692e-06 1.5182908521588107e-05 8.557944699148143e-07 2.243253353122413e-06 6.82514974796408e-06 5.4090375592683545e-08 9.483552893320201e-07 7.710660282023712e-07 7.789413216762539e-07 1.288403785911997e-07 1.8571912650385094e-07 3.3554837106146386e-07 1.2769688741196733e-07 1.9056508793583343e-07 6.391396435428649e-08 0.0 1.3365170873502902e-07 2.0591466109032183e-05 0.0 0.0 0.0 2.3242103459153603e-05 3.3613801147065934e-07 4.4977116626497703e-07 4.000604868657415e-06 4.459565017678656e-06 0.0 2.629035754516916e-05 9.699571359125727e-06 1.6151932233844138e-05 1.015706740925779e-05 5.684074258650283e-06 3.586392829701044e-06 3.320793272743757e-05 1.4397637339737961e-05 8.642267757755961e-06 8.62375229484343e-06 0.0 0.0 0.0 0.0 0.0 0.0 0.0 0.0 0.0 0.0 0.0 0.0 5.831180299488377e-07 0.0 0.0 0.0 0.0 0.0 0.0 2.1174940292167908e-07 5.718885040105542e-07 0.0 5.816037699185587e-07 0.0 1.6222279855707523e-06 0.0 2.085791432844682e-06 0.0 8.62436897479914e-08 0.0 0.0 0.0 0.0 0.0 8.826019146845413e-08 0.0 8.276826764872379e-08 0.0 0.0 0.0 0.0 1.557790747506063e-07 0.0 0.0 7.719944408551789e-08 0.0 0.0 0.0 0.0 0.0 0.0 4.812375890625196e-06 9.288699743272754e-08 6.408043188581373e-08 0.0 0.0 0.0 0.0 0.0 0.0 0.0 2.943966893251534e-06 8.985086291776507e-08 1.0863083868934221e-07 0.0 0.0 9.751559656978315e-07 1.6292781526898278e-07 2.173635486714369e-06 0.0 3.682202233157109e-07 1.2340626443611714e-07 0.0 0.0 0.0 1.4141559041929814e-07 0.0 0.0 0.0 0.0 0.0 0.0 1.203191176759791e-05 7.818133280744655e-07 5.881900004253124e-07
3.206513667805068e-05 0.0008018658686923514 0.001998466889702661 9.745684148629988e-07 0.00027393029266250824 2.448658405126246e-07 3.794680441021441e-05 0.0 0.00013857222410774587 1.8921853651933315e-05 0.0020073411017024036 6.444253064992913e-06 0.00016901359701985085 0.0009254278314366279 4.035842088518104e-05 4.081367294821843e-05 3.4092711319938247e-06 1.1289237285947357e-06 2.1121703274896693e-07 9.493792193816236e-06 2.787228962793799e-05 1.4323681346606456e-07 7.8811377010755e-06 7.5838003316042595e-06 3.379190919768901e-06 7.28118710484498e-06 2.504350973218193e-06 2.1500923659295197e-06 1.554794434146014e-06 1.0942326547664387e-06 0.0010083763733886317 0.0014592692328700533 8.508266438813767e-05 9.59083428147896e-06 5.926326552671919e-06 1.2998115582216412e-05 2.1043675138552294e-05 1.9811850979118512e-05 6.8064526567495074e-06 5.036975125414363e-06 4.425805144495048e-06 2.9311478712495184e-06 2.4208926457810123e-05 9.78349714876415e-06 3.2345892394831344e-06 7.649165028385633e-06 7.844694813841897e-05 1.1147741530824642e-06 1.8794974202605265e-06 6.445211929785147e-06 1.808642673462518e-07 2.993988367878501e-07 3.739916901666047e-07 1.0372348976443433e-06 7.89332332084871e-07 2.0781658548635675e-07 1.3774740900298958e-05 7.972411008239597e-05 9.537017929715589e-06 1.0619656660623234e-05 0.00016506055203340428 0.00014077916448553907 2.134836888863786e-05 0.0009745054351144089 6.792956413917166e-08 4.474444933499966e-07 2.2289664051303436e-07 1.789312708090923e-06 1.9432631224999238e-05 1.8799829839675055e-05 1.2007940210252151e-05 1.2490217084896744e-06 0.0 5.6597542738645835e-05 9.077936425256301e-05 0.00013263214807059212 0.0008048344451218001 0.000656683381457238 0.0013427062974958935 0.0022100834265785306 0.0003569926063342065 0.0009289408961391892 2.3114329564112524e-06 5.521504356807461e-08 6.163406951408273e-07 4.798377508310113e-07 3.962575461300089e-06 0.0 2.1192668740744992e-07 7.952157444753514e-08 1.7979566583080888e-07 1.973358596567166e-07 7.365965895078829e-06 6.4210492445234565e-06 2.0839455948390464e-06 6.433574755143947e-06 8.621764615621523e-07 1.7652611791002422e-07 1.7637822601320173e-06 1.2561816605965833e-05 0.0 0.0 0.0 0.0 0.0 1.4767541010469063e-07 3.6362546506259276e-07 1.1035959807054296e-07 2.9381950289272557e-07 1.0856950286795673e-07 3.6561877705017847e-07 4.882117995856784e-07 1.6958704800876959e-06 7.507106950631606e-07 3.849135365006707e-06 2.431170371164738e-07 4.3841566397664193e-07 0.0 3.311452801524363e-07 0.0 0.0 0.0 0.0 1.3322149490026785e-07 0.0 1.0520130205319405e-07 0.0 1.2019566238604016e-06 0.0 1.5025981044022877e-07 1.768551293429568e-07 2.848930342722052e-07 3.268119344659673e-07 2.428581683794841e-07 0.0 2.4989558228111525e-07 1.777767168099373e-07 9.74556201073719e-07 1.2504464064100926e-06 8.888109599841876e-07 2.348564153414785e-06 3.1225490671619476e-06 2.4526025278402554e-06 6.916587614219639e-07 8.857882884605694e-08 2.0457886950546167e-07 0.0 0.0 9.11010075623818e-08 8.600073698094644e-07 0.0 0.0 9.392288121045307e-08 0.0 0.0 0.0 1.4170681973577847e-06 4.16591331669239e-07 0.0 0.0 0.0 0.0 0.0 0.0 0.0 1.6513177111566266e-07 3.4342362081327412e-06 7.083103467154037e-08 0.0 5.693903326866398e-08 0.0 6.600509454174317e-08 0.0 7.942532342843642e-08 0.0 0.0 9.184544682018036e-07 4.148282646567838e-07 0.0 0.0 0.0 9.709752043653964e-07 9.717312044204863e-07 1.6749590078673932e-06 6.050562440590278e-08 4.35704725150123e-07 3.1637745750368355e-07 0.0 2.2370201244064294e-07 0.0 0.0 0.0 0.0 0.0 0.0 0.0 0.0 1.527713851344802e-06 9.886397392222885e-07 2.066790808241109e-06
4.0524028392190344e-06 0.0008449176368566646 0.0003094908842517054 5.534398268473266e-06 0.0018022101278511386 0.0 0.0006734824417433459 0.00013857222410774587 0.0 7.278025093916131e-05 0.000652950220512892 9.289365823491935e-06 0.000332904523686706 0.0006564861385609277 8.989004016579606e-07 5.753070192775754e-07 7.531195086920979e-08 0.0 0.0 0.0 9.769948024937128e-08 0.0 0.0 0.0 0.0 0.0 0.0 0.0 0.0 0.0 2.0083232155532568e-05 6.662827682132738e-06 6.652844888246158e-07 0.0 0.0 0.0 0.0 0.0 0.0 0.0 0.0 0.0 0.0 0.0 0.0 0.0 7.678610521041394e-06 0.0 0.0 0.0 0.0 0.0 0.0 0.0 0.0 0.0 9.007320498637782e-07 4.342522682563656e-06 6.791697502145331e-07 1.3120867605462005e-06 8.512607408607571e-08 1.1186092318125921e-07 0.0 6.84560854910341e-06 6.198963103344688e-08 0.0 0.0 0.0 0.0 7.040720312369246e-08 0.0 0.0 0.0 6.792049254734035e-06 6.716903964454854e-06 1.0075564094976338e-05 6.342201841717571e-06 6.59431267376767e-07 0.0 9.681366220718882e-06 0.0 6.841274527712187e-07 3.617326854502738e-07 0.0 1.954978632331336e-07 1.2614693427178015e-07 0.0 0.0 0.0 8.032906434046281e-08 0.0 0.0 0.0 1.070815215065699e-07 0.0 2.0353307955536167e-06 0.0 0.0 0.0 4.181391214185775e-07 0.0 0.0 0.0 0.0 0.0 0.0 5.806477669346908e-07 4.3196824253206094e-07 4.4154259844714734e-07 3.98177991025512e-07 3.9474107274079863e-07 7.469160336980225e-07 4.108914611312363e-07 7.303431424564786e-07 8.744617052000362e-07 0.0 0.0 0.0 0.0 0.0 0.0 0.0 0.0 0.0 0.0 0.0 0.0 0.0 0.0 0.0 0.0 0.0 0.0 0.0 0.0 0.0 0.0 0.0 0.0 1.7654823446476372e-07 0.0 0.0 0.0 0.0 0.0 0.0 0.0 0.0 0.0 0.0 0.0 0.0 7.094430322967749e-08 0.0 0.0 0.0 0.0 0.0 0.0 0.0 0.0 0.0 0.0 0.0 0.0 0.0 2.8227156102629624e-07 0.0 0.0 0.0 0.0 0.0 0.0 0.0 0.0 0.0 3.468644383118873e-07 0.0 0.0 0.0 0.0 0.0 1.7406366808697403e-07 0.0 0.0 0.0 0.0 0.0 0.0 0.0 0.0 0.0 0.0 0.0 0.0 0.0 0.0 9.620217529802746e-07 0.0 2.294743310202172e-07
0.0011273285167899218 0.0017936975578504548 0.00014648531541531387 0.0014399293676288759 0.000465233811307772 0.00038571900773416517 0.0015569022013825942 1.8921853651933315e-05 7.278025093916131e-05 0.0 8.276690646705016e-05 0.0012829507551922535 0.004789111124250067 0.0007954211249748567 1.6010868299484296e-05 2.7057591521117313e-06 1.1298000381650552e-07 1.3619339771633073e-07 0.0 0.0 5.667353240434801e-08 1.1869232094962736e-07 0.0 0.0 1.4981557147319377e-07 6.348227305417402e-07 0.0 2.3241084167050568e-07 2.0296592251205744e-07 0.0 9.226203507994817e-05 9.114989883279701e-06 4.0868483960091385e-05 1.715364301022865e-07 1.2065746343065003e-07 7.882023266097488e-08 6.6181754710391135e-06 2.807014105599964e-07 1.3472462510796784e-06 2.261645837769848e-06 4.1445622389090743e-07 1.9082389421271989e-07 1.0982463864264185e-07 5.598644514898618e-07 0.0 3.6794676730551815e-07 0.00016271973379587673 1.0724534016190044e-06 8.545627112533164e-07 1.5196359713651439e-07 0.0 0.0 0.0 1.960437588572936e-07 2.454711339915121e-06 2.552121533357223e-06 6.063475391799008e-05 8.089866771888338e-05 3.9721493947577496e-05 3.71327457358616e-05 4.999983844720287e-07 4.049234669724005e-06 2.928630002280318e-07 6.191698788354727e-05 1.7039678703323313e-06 1.491482187713614e-06 0.0 7.112649651174417e-07 5.445342153587366e-07 3.983890323579905e-07 1.8101401686332673e-05 5.23277526147805e-07 0.0 0.00022130017493521138 0.00017768545282693094 0.00021628934820962643 7.052729260901336e-05 4.591519231153253e-06 3.6316786531165484e-07 2.296040059168915e-05 5.158468009760473e-07 2.082760806175187e-06 1.1047142987595974e-05 6.76582374506804e-08 1.991452010883887e-06 1.7455410027509181e-06 6.888231351947965e-07 0.0 5.722720090444714e-07 1.602737605619454e-07 3.0756275272063113e-07 2.48030324861562e-07 0.0 2.3550993029134676e-07 3.701231782466675e-07 0.0003038360545969843 7.814212512431062e-06 1.8777632949886382e-07 1.035091806329179e-06 0.00028792460207917905 9.046738388412026e-08 4.420520275917571e-06 1.597911375334086e-05 8.248836626691351e-06 3.5348690873836212e-06 1.9534838240806648e-05 0.00012434722192810824 6.203504752339837e-05 4.133233141913296e-05 6.263670448422398e-05 3.4760777174194885e-05 9.08301637132014e-05 0.00010862315591494112 4.965948226079794e-05 6.8836794362153e-05 2.9757798850170307e-07 2.0998273593600055e-07 9.435273731916839e-08 2.8998954021287234e-07 0.0 0.0 0.0 0.0 0.0 0.0 0.0 0.0 5.62489774549407e-07 0.0 3.718764617356783e-07 0.0 0.0 0.0 0.0 1.814221201054492e-06 9.58255566608386e-06 0.0 0.0 2.8085473875707774e-07 7.77027238626176e-06 4.236512147412835e-06 1.2996880246294451e-05 2.366671740496751e-06 1.5100432748924684e-06 0.0 4.661299613071746e-07 0.0 0.0 2.7617833947082865e-07 1.2120414094173877e-06 0.0 0.0 1.4893344005343236e-06 0.0 0.0 8.995616497364303e-08 1.114091594752406e-06 0.0 6.448035257050166e-08 0.0 1.5046785368775162e-07 0.0 0.0 0.0 7.227092175342951e-08 6.440039568888186e-07 4.4328500456596e-05 0.0 2.3651933098529695e-07 8.455309348987269e-08 0.0 0.0 0.0 0.0 0.0 7.991945666158088e-08 1.5557013503025612e-05 0.0 0.0 0.0 0.0 1.5604723147529405e-05 8.759927272507496e-08 1.2372834671554154e-05 2.2552509793412422e-07 2.0876014187510558e-07 4.312347167577564e-07 0.0 1.3114251377071117e-06 0.0 0.0 0.0 0.0 0.0 0.0 0.0 0.0 8.353505021982765e-05 3.931981747531824e-06 5.508824382351649e-06
3.699467395274766e-05 0.0012594572182127307 0.0017241606598426902 3.673295229376036e-06 0.0012460476858572023 7.482077938059732e-07 0.0004155440237001461 0.0020073411017024036 0.000652950220512892 8.276690646705016e-05 0.0 2.5923335056793256e-05 0.0013640717791752268 0.002696270607208224 2.9468287652140842e-05 2.09707931923216e-05 1.102308513310029e-06 1.4985182104584002e-07 1.327393653633286e-07 1.1550377299418669e-06 3.1891511610486867e-06 2.2707304667281642e-07 7.119962593626031e-07 1.6148344979769107e-06 6.632787756674406e-07 1.0821943045602948e-06 9.79613220872754e-07 4.3792774268467464e-07 6.991280131210406e-07 2.3204039647635763e-07 0.0005407635163125272 9.370100368034092e-05 0.00010224824079288627 1.0262664208684717e-06 8.668811325624053e-07 1.9711952227530213e-06 1.6501941544032546e-05 3.4809820023924227e-06 2.85857945770253e-06 1.0172128629724244e-06 1.2338845706068234e-06 9.646244087005334e-07 1.4111874537171708e-06 3.877510393700308e-06 2.3883938880752473e-07 6.498966928692558e-07 9.044829370308502e-05 6.623484097168588e-07 4.1160210947317995e-07 4.3075905468059853e-07 0.0 0.0 3.1412975119377696e-07 1.9900723523760982e-07 4.181813330919879e-07 3.3916811006837204e-07 7.571250824947741e-06 2.785582499708994e-05 6.47011898048815e-06 1.2647014639769034e-05 6.024627268196925e-06 1.3870165328069583e-05 1.1399531323622261e-06 4.746799378006062e-05 3.318777213922209e-07 6.631035239741208e-07 1.096301889848613e-07 2.847022016222216e-07 2.499803480228657e-06 1.8063705282176697e-06 1.004787488389455e-05 3.959614806980801e-07 0.0 3.285449167179664e-05 4.331088199474769e-05 9.672557700621687e-05 8.710322214278482e-05 2.1519357759405968e-05 3.081293512002666e-05 0.0005840063917241503 8.775211049678191e-06 7.756980458376599e-05 2.8381691880634206e-06 0.0 3.582509492023873e-07 4.628351511137234e-07 5.552477981314612e-07 7.122686138037022e-08 9.095031972421048e-08 0.0 5.615385866716802e-08 7.837676024975233e-08 1.2880588641873102e-06 1.3183917559208116e-06 7.013093924794933e-07 4.771223236214732e-05 3.3109514967357285e-06 0.0 1.1314724585331305e-06 9.528348427638005e-06 0.0 4.5255685847869644e-07 1.283605827908453e-06 4.808802099541511e-07 1.4109251269617371e-07 2.1349995520072073e-07 6.554584442453171e-06 2.6169262980257818e-06 1.977677559395315e-06 4.2974536752010845e-06 4.893257954007015e-06 3.3673795325433717e-06 1.1951278619083906e-05 5.918424049305788e-06 7.2805038821665516e-06 0.0 0.0 0.0 1.7000362509953533e-07 7.526703069859505e-08 0.0 0.0 0.0 0.0 1.8294464303956817e-07 0.0 0.0 3.6457754441633875e-07 0.0 0.0 1.3200665724855742e-07 7.607354394263559e-08 0.0 1.6888707125937476e-07 5.073347551405498e-07 1.218026342188404e-06 0.0 1.1490910113976534e-06 7.90798736319683e-08 3.08992036348266e-06 4.771975225195556e-07 4.466937422148557e-06 2.2076458760157054e-07 4.083080658355413e-07 8.450821306659637e-08 0.0 0.0 0.0 0.0 1.6542116013037378e-07 0.0 0.0 0.0 0.0 0.0 0.0 5.802545238028588e-07 0.0 0.0 0.0 0.0 0.0 0.0 1.9036861684198427e-07 0.0 7.371768966741965e-07 9.792960490363008e-06 0.0 0.0 0.0 0.0 0.0 0.0 0.0 0.0 0.0 5.1537579388003845e-06 1.73443308663365e-07 0.0 0.0 0.0 5.292637206129069e-06 2.4561249994318394e-07 2.1393506363629967e-06 0.0 0.0 0.0 0.0 2.9796219763132963e-07 0.0 0.0 0.0 0.0 0.0 0.0 0.0 0.0 1.0467636508702324e-05 1.054415747139907e-06 1.9847474298378683e-06
8.931447292069388e-05 0.00034374754555218035 2.6491907491462484e-05 0.00017178311800621814 6.590223423868136e-05 4.054168440976042e-05 0.0001232315265452848 6.444253064992913e-06 9.289365823491935e-06 0.0012829507551922535 2.5923335056793256e-05 0.0 0.0017284531346016122 0.00020671306424768215 2.2669129449652386e-05 1.2836944485742112e-05 5.455810290867108e-06 1.7255436341415883e-06 5.382325701169355e-07 2.182608516502762e-06 8.274210180549096e-06 8.904546384840262e-06 3.6130545039461815e-06 1.8011829497682814e-06 3.330967597697839e-06 1.8485330023725945e-05 8.68806924610566e-06 2.0933695689704667e-05 8.602860747396061e-06 2.0636880571869415e-06 6.190577522183686e-06 1.6932388144885764e-06 0.000179513393508905 2.787700220865859e-06 7.3342044385767e-07 6.187398336997722e-06 0.00023279661149641016 2.391313467495003e-05 6.359430721329071e-05 2.3158845260133223e-05 1.3451456354738152e-05 1.4390236919072662e-05 1.3342806011462027e-06 1.7564514654472584e-06 2.6448421768222477e-06 2.22633406382647e-06 5.683862434863057e-05 1.0069165988622369e-07 2.4190567565341852e-06 1.3751391388799587e-06 3.2025171007492793e-07 1.0226210277937045e-06 1.9225813302747262e-05 9.687282771033228e-06 4.0557409626549896e-07 1.3741104607268712e-07 3.885932599194577e-06 4.986602636363548e-06 3.980497201183948e-06 4.398280862154965e-06 9.329168893366507e-07 5.177155424201596e-05 8.31628383416593e-07 5.761118682437741e-06 0.0 3.635915321919577e-07 1.4789995417585228e-07 3.1152728285382766e-07 2.170205995503751e-06 7.100555620625327e-06 0.00025664331211218574 1.2091419915511395e-05 2.514075199311918e-07 2.0805446751509272e-05 1.660744027541919e-05 3.548939112572763e-05 2.0943831221256443e-05 6.789155603070954e-06 0.0 1.866972764775632e-05 6.407250683435034e-07 1.1577463918137122e-05 1.3709188970840817e-06 0.0 2.850167279893928e-07 1.1567001850843782e-07 1.6025835562920894e-07 6.308936607126125e-08 1.5103929549413831e-07 0.0 0.0 0.0 5.168989646957738e-06 1.2759947213654415e-05 6.45908901457973e-06 0.0008924888398192106 6.992211116083828e-05 3.199670691637015e-06 6.229532440070295e-05 1.1374700990960613e-05 0.0 8.453793499063448e-07 4.289616107629562e-06 5.945989237335303e-07 2.009894457935725e-06 5.2782938396291965e-06 2.3316793977421063e-05 1.32055569585062e-05 1.0789105197107045e-05 1.9375414755308348e-05 1.2748073002921402e-05 3.34558920635527e-05 4.6996051622237045e-05 2.329014268858764e-05 3.601888367063223e-05 6.237677976265969e-07 5.596176489091806e-07 1.7193108710372832e-07 3.78000112717808e-07 1.7358660917478002e-07 7.080465947339786e-08 1.3738376804214318e-07 9.885557133488521e-08 1.6916660293415575e-07 2.4236564207445037e-07 2.5412189406338913e-07 2.226635677986843e-07 3.673701299541798e-06 8.734166454653255e-08 1.3662040110178525e-06 1.7369222920936537e-07 3.183020934721143e-06 4.2635968298680956e-07 5.681014911689678e-07 5.731389098519664e-07 5.926226724392362e-06 9.992176700071503e-07 2.3948411221395184e-06 4.686510600315324e-06 8.416034470136686e-06 6.443812204549644e-06 1.573593044605484e-05 4.739258657185577e-06 2.2313581160473746e-06 2.436271714924311e-07 0.0 0.0 4.942541048006197e-07 3.09867530530329e-07 2.679462579882819e-06 0.0 7.506171298285013e-08 6.597339603934692e-07 0.0 2.0161472877677457e-07 0.0 5.518417476297709e-06 4.4292350047880945e-07 0.0 0.0 0.0 0.0 4.658111479056444e-07 2.6433531336391054e-07 1.4063106994542883e-06 2.6143203773455808e-06 3.703840125463244e-05 7.034548459221986e-07 0.0 0.0 0.0 0.0 0.0 0.0 0.0 0.0 1.539129037100882e-05 1.8485282077079418e-06 2.1942368274874934e-07 0.0 8.630892421545749e-07 7.395703973570948e-06 1.5766259777562456e-06 7.932302297799275e-06 1.0264492359124757e-07 4.830994798825081e-07 1.0290980780399876e-06 3.0735606088261486e-07 8.855350808802105e-07 6.865841676211529e-08 6.456624089065315e-08 0.0 0.0 4.652263793845019e-07 0.0 0.0 2.433521483014661e-07 5.267943663364803e-05 8.851004448701392e-06 1.4691286990897205e-05
0.00029935083034429206 0.0015019886035540643 0.00018130279847056838 0.0007664562290169642 0.0009217082137562155 4.248439420842646e-05 0.0031591411629627074 0.00016901359701985085 0.000332904523686706 0.004789111124250067 0.0013640717791752268 0.0017284531346016122 0.0 0.0026397075515487093 6.139436198662204e-05 4.0900148881664855e-05 5.438162705410959e-06 1.5480232138480255e-06 1.28454720954997e-06 4.324419217848504e-06 1.0422828380156435e-05 4.990817904063931e-06 4.779352700290202e-06 4.486857044963921e-06 1.270835695132704e-05 2.6658837403777676e-05 1.4450839265787532e-05 2.7929648001305256e-05 1.4174492295394324e-05 2.8698824594349928e-06 6.194791280620846e-05 1.3313215696539612e-05 0.0009502849448555445 4.084594134795305e-06 4.117735482611063e-06 1.690428633939651e-05 0.0005821839420801981 7.261988151811216e-05 0.00012155052941702938 8.253208525592633e-05 1.630514360214134e-05 1.4360749271525404e-05 2.8449609804481408e-06 3.6288704979784257e-06 3.690879105526876e-06 2.4631907077602403e-06 0.00017701015760184088 1.089100983787646e-06 2.2508241592711736e-06 6.685519812401847e-07 0.0 5.41983316351302e-07 1.2082855692776924e-05 9.349786303420739e-06 1.925383871385205e-06 1.014203660118342e-06 1.682466663444859e-05 2.8138007359410618e-05 1.559028699370707e-05 2.249531482135343e-05 4.712340175386856e-06 0.00011459437678542321 2.1530880490103447e-06 3.6738484067125955e-05 1.4106313657397995e-06 8.977657627788159e-07 5.561607036440908e-07 6.985450218737449e-07 3.82487110826076e-06 7.754234369275247e-06 0.00047519776077678875 1.4226516956383382e-05 3.499215707779221e-07 8.656357235860352e-05 8.073416995756303e-05 0.00018058723483647818 0.00010863230696738012 2.9574667167512474e-05 5.422525438125052e-06 0.00022553648047595913 2.9268378061469863e-06 4.0374094799512976e-05 6.98362327775214e-06 7.447450283948994e-08 9.905404399113375e-07 1.1420528650093562e-06 8.151074646591393e-07 1.3312306345574672e-07 8.228280501354782e-08 2.2277296950861155e-07 0.0 1.3818785669853955e-07 5.053092926665481e-06 1.6791265770582048e-05 6.064969243842282e-06 0.0012633959473321577 2.8411499886051e-05 1.1149709648677855e-06 5.8319009669986995e-05 2.289298651646024e-05 0.0 2.5138154674898653e-06 1.0119927990233391e-05 2.750088626173704e-06 6.7117929223447045e-06 1.71175976877982e-05 6.987475167902965e-05 5.3395393891308906e-05 4.076198944999149e-05 5.738024195539919e-05 4.1728945931566825e-05 9.915757399710068e-05 0.00013169487300483887 7.265712013513688e-05 9.894829289253897e-05 1.0573592987472884e-06 1.0257336702569497e-06 0.0 8.754180772663329e-07 0.0 0.0 0.0 0.0 2.670642974820758e-07 4.5928403872570665e-07 0.0 1.0340023658520177e-07 2.5804964314524274e-06 1.9268848728390231e-07 5.592563001773413e-07 2.1580256394137862e-07 1.9821567664574324e-06 8.9535058957573e-07 7.058553580355957e-07 3.6573052782780665e-06 1.1502277421224377e-05 3.0686989415172963e-07 4.359015085444883e-06 3.116437079184551e-06 1.94396526775054e-05 8.114154894071918e-06 2.9868428730142157e-05 3.102049048032668e-06 2.9265911000955555e-06 1.8792709115352083e-07 9.126456786001262e-08 7.48431423688351e-08 4.211580339796182e-07 4.090364358122326e-07 3.666065972106388e-06 0.0 1.1358905796142748e-07 8.894905429420538e-07 0.0 1.1237414081504029e-07 1.0189972913401888e-07 4.150273039965145e-06 2.7247817456370726e-07 9.892475441651457e-08 0.0 0.0 0.0 1.435262762972613e-07 8.263970772167438e-07 1.1774427878982747e-06 4.14869767691932e-06 7.353925386592209e-05 3.784333473502897e-07 0.0 0.0 0.0 0.0 0.0 0.0 0.0 0.0 3.46743926880178e-05 1.4608908417510806e-06 1.0253736729346169e-07 0.0 1.076995926191237e-07 2.4462219659614632e-05 1.2844392784915649e-06 2.0261678529822147e-05 7.883674427317693e-07 9.456887142133783e-07 1.9424331174432337e-06 2.7829493066764394e-07 3.1263926518224994e-06 0.0 6.340782742493679e-08 0.0 0.0 6.278917713688013e-08 0.0 0.0 0.0 0.00014110000529091683 1.1077241682333262e-05 1.9544198693580884e-05
