0.0 0.0012660008745225524 0.00022185525401041326 0.0009518684074629031 2.1475403394886858e-05 4.016819983555834e-05 0.00022833844039524238 8.476396970133171e-05 1.233571472737619e-05 0.0004983214799047084 5.384011147362521e-05 2.9720022914812446e-05 8.567193731606611e-05 6.528714058946715e-05 3.385909558516683e-07 1.921209705272051e-07 0.0 7.559546494229652e-08 0.0 0.0 2.0037364910208665e-06 0.0 0.0 0.0 7.176302522631855e-08 0.0 0.0 0.0 0.0 0.0 0.00041806106887372243 7.427259128070214e-07 2.972849130903401e-06 1.2584835957389376e-07 6.114512133431338e-08 1.0273192079583665e-07 6.701235449046422e-06 1.0643133559049653e-06 1.9366255699494796e-06 1.9758637160002808e-07 3.396608869530303e-07 3.2879874245895715e-07 1.0747333857134517e-07 1.838267357015734e-07 0.0 7.206871433035807e-08 1.779125467907095e-05 8.283069300500478e-07 0.0 8.648009294163044e-08 0.0 4.2925037893728823e-07 0.0 0.0 4.558039310404172e-06 5.8885919138411304e-06 6.792406389911622e-05 0.0002672480778153468 2.7213835431515554e-05 9.779839962300475e-06 0.0 4.547948814238567e-06 3.5314998015524133e-07 7.119750182663727e-07 1.265083569794237e-06 2.106933991105962e-07 4.6114236306995937e-07 5.798094477798119e-07 1.9738391569074237e-06 1.6034151501580505e-06 8.526385794432461e-06 6.03493156697467e-06 1.055844644269204e-06 0.00014446593278990256 1.73137413616387e-07 2.7002834145448103e-06 3.0614730585344604e-07 9.957815879151347e-07 1.1877235079822634e-07 2.5423675985017867e-05 0.0 5.2664148950179635e-06 7.5361262323582645e-06 3.8555403513767497e-07 1.4078403765713763e-06 2.0722115092006273e-06 9.22707560317999e-07 1.7136824405862347e-06 9.805601201930313e-07 8.511969707510671e-07 1.4241750543389782e-07 2.1648364475301025e-07 7.381620257509129e-07 0.0 1.8003385252693652e-07 4.535148306880104e-05 3.0218096928898327e-06 1.882855971346049e-07 1.291270375287928e-06 0.0006842621672259987 0.0 8.982468435813395e-07 2.3725218037207172e-07 9.488719833018539e-07 0.0 7.491351218948397e-06 2.4060201585577017e-07 0.0 7.5284928250243655e-06 3.7716497330313876e-06 0.0 4.729425886575171e-06 1.1808368396576577e-05 5.524482251658085e-06 2.754613128964326e-06 0.0 5.716573808470172e-07 0.0 0.0 0.0 0.0 0.0 0.0 0.0 0.0 0.0 0.0 1.0254339023189474e-06 0.0 0.0 9.391573199673953e-08 5.669891318520514e-07 1.0629214417710457e-07 0.0 0.0 0.0 0.0 2.4205548429639214e-07 1.0017281215726203e-07 3.1776625715786132e-06 0.0 1.7398186137070092e-06 1.115882653757948e-06 7.564221331973757e-07 0.0 0.0 0.0 0.0 0.0 2.129138123784779e-07 0.0 0.0 5.132794475819976e-07 0.0 0.0 0.0 2.680542507372079e-07 0.0 0.0 0.0 0.0 0.0 0.0 2.669616966607129e-07 0.0 0.0 1.0627615034927667e-06 0.0 0.0 0.0 0.0 0.0 0.0 0.0 0.0 0.0 1.4836326286940491e-06 3.231421233820341e-07 0.0 0.0 0.0 1.210592623393146e-07 0.0 0.0 1.1546439859808188e-06 1.9861777535151972e-07 1.5947496898163602e-07 0.0 0.0 0.0 0.0 0.0 0.0 0.0 0.0 0.0 0.0 1.0991923614813624e-06 0.0 2.3336747792846406e-06
0.0012660008745225524 0.0 0.000940368747072699 0.00038974158449131747 0.002112246437080059 2.7979584828835463e-05 0.0028331278628390085 0.00020075787112299584 0.002846008804257025 0.001356598771036738 0.0006538845439743498 0.00010038521899184569 0.0017025059488186885 0.00200464507118728 5.49390795964079e-06 3.192101103531213e-06 1.0497953213159026e-06 3.5986007769791206e-07 2.6469994740829296e-07 1.78697024183232e-07 1.6175769546469695e-06 0.0 9.688457426401916e-08 0.0 0.0 1.0441089759189765e-07 0.0 7.70400746413805e-08 6.754196954400985e-08 1.7870946104838797e-07 0.001479941444911079 2.658652754694062e-05 5.345920056366828e-06 6.654740026669834e-08 7.986421451159367e-08 2.6853835066363426e-07 6.233033611594608e-06 1.9300229507759143e-07 5.002600456256223e-07 1.0775269191606745e-07 1.3386233690528688e-07 3.0759041985838324e-07 0.0 4.4841490522125235e-07 3.021032951506378e-07 1.2153181512218347e-07 0.00017154458871661182 8.466081397487798e-06 6.41490402744528e-07 1.8698214056480504e-07 2.5492069509508505e-07 0.0 9.646012415914347e-08 7.32793705327757e-08 1.9353161964905842e-05 1.2822540015338087e-05 7.059834967259779e-05 0.00032289484649199233 5.286228193306467e-05 7.918976991255114e-05 7.768474286516328e-08 9.4580320365718e-08 6.556495044035101e-08 8.529758656872988e-06 5.790127905795358e-06 2.059413195847534e-06 1.4686169752195686e-06 2.267403385085731e-06 7.245355066315199e-07 1.0864773741629524e-06 2.2889084466719937e-06 2.8603243282213277e-06 0.0 0.0005000228738520362 2.398112515461531e-05 4.44820263080177e-05 9.954677936877974e-06 8.111717774551153e-06 0.0 4.293127430349242e-05 0.0 2.568747641908071e-07 3.6710948999090275e-05 0.0 8.289755135094687e-06 4.443777218091539e-06 3.013444068726856e-06 2.477679201780331e-07 4.246336327996139e-07 0.0 8.260966644176953e-07 4.0319861394503424e-07 6.103038235603323e-07 3.239786636755245e-07 5.205982156935041e-07 3.2723468657722e-05 2.421357766208904e-06 0.0 5.301963062613286e-07 0.0004801191481028907 5.946339553897816e-07 1.2125495588352073e-06 1.5432782276740769e-06 7.807505555462893e-07 0.0 3.0474356188496564e-05 8.292490682740219e-07 2.558944410395456e-06 2.6038812906152806e-05 7.491164973766635e-06 4.886296770289098e-07 1.2689619104879497e-05 3.2353218315010045e-05 1.2242813571369464e-05 6.955508643236522e-06 1.2886621828729484e-07 0.0 0.0 7.348948910921265e-08 0.0 0.0 0.0 0.0 0.0 0.0 0.0 0.0 1.2614360286543567e-07 0.0 0.0 0.0 2.2489895866494036e-07 0.0 0.0 2.2140726789329083e-07 2.6710088759317436e-07 0.0 4.5487715999170736e-07 0.0 7.994140175580609e-06 2.0590791558849895e-06 2.944631927819444e-06 3.699885308297041e-06 4.428655865691149e-07 0.0 0.0 0.0 0.0 0.0 7.840877088902291e-07 0.0 3.237795247445443e-07 2.3541426659522854e-06 0.0 0.0 0.0 5.16004304140424e-07 0.0 4.060848660014384e-07 0.0 0.0 2.6142153973638767e-07 3.846101415170336e-07 8.847390614162525e-08 0.0 0.0 8.285121190878983e-07 0.0 0.0 7.64817815522466e-08 0.0 1.1233110307610904e-07 0.0 0.0 0.0 0.0 9.418142436366536e-06 9.97548930898503e-08 0.0 0.0 0.0 6.863394265634751e-07 0.0 0.0 1.7629166087967933e-06 4.202259568096819e-07 5.364802415862096e-07 0.0 1.8102012094219882e-07 0.0 7.09302698566014e-08 1.21728987047035e-07 0.0 1.0539031274619804e-07 0.0 0.0 0.0 3.43121204698323e-06 1.8182539112847947e-06 6.5929147155780815e-06
0.00022185525401041326 0.000940368747072699 0.0 3.3374633465100974e-05 0.0003691053134615425 3.3420913084301496e-06 9.559670594846808e-05 0.0010698462224312743 0.0008911429651422722 8.139339702907037e-05 0.0012186979236875647 1.3806274585245867e-05 0.0002706200835357358 0.0011273141864724752 2.591999664639136e-06 1.2982780919192736e-06 2.712551516346143e-07 1.6854424269642134e-07 0.0 1.0308351761063912e-06 4.313421692415771e-06 0.0 0.0 0.0 0.0 4.092887486685264e-07 1.235682868658495e-07 0.0 0.0 0.0 0.002378976776682577 0.0001605673348459431 9.03909747940193e-06 8.38514705950261e-08 1.7485113764785096e-07 7.955399119391574e-07 4.1693591206019814e-06 1.0109618927877129e-06 9.241254783691265e-07 1.7095218523074863e-07 5.570370811764864e-07 1.568810794425168e-07 1.1585692308734847e-06 2.013142041025458e-07 0.0 1.9868268655376667e-07 3.962806127036834e-05 2.5442495376270485e-06 0.0 6.320332633151384e-08 6.592956893191162e-07 0.0 7.938500564930639e-08 0.0 4.136612455473821e-06 3.040280236326925e-06 2.3634957214207008e-05 0.00019667789892641201 1.4951553433819893e-05 1.7445723351298988e-05 2.0566792448915785e-07 1.1056609731924061e-05 7.313120735915612e-07 6.414374654636475e-05 1.5049293511470714e-06 4.992207305658624e-07 6.638573977596343e-07 2.0309580234964524e-06 4.999180789650302e-06 1.9547612798885466e-06 9.229408982235056e-07 9.028561593413392e-07 0.0 0.00023005428091568223 2.972623066111265e-05 1.320345815849115e-05 8.739536340086434e-06 5.668774006137049e-06 4.6780001513137475e-07 0.00013423723633190963 1.9516631442404268e-07 1.2451589798379496e-05 1.0720397795440809e-05 0.0 2.428881785879238e-06 8.027041089578121e-07 1.7068643981717827e-06 0.0 1.5557591556910892e-07 0.0 1.5559454201100732e-07 0.0 2.781262584879959e-06 8.355502353420789e-07 6.601344226561143e-08 1.4505561557925697e-05 2.7495741979048724e-06 0.0 1.5398176050187876e-07 6.831918865025229e-05 0.0 0.0 5.738644482909206e-07 2.729783211429407e-07 0.0 1.962460988314107e-06 2.423567488389686e-07 4.844006811824973e-07 5.26075314922091e-06 1.9948278096499677e-06 3.8050611067611746e-07 5.965679696797417e-06 1.0421776558022026e-05 7.537687410014675e-06 1.937221558378557e-06 0.0 6.234530286839778e-08 0.0 0.0 0.0 0.0 0.0 0.0 0.0 0.0 0.0 0.0 2.75022468538884e-07 0.0 1.6749306307891215e-07 0.0 8.163143726231347e-08 0.0 1.3204292837583243e-07 0.0 0.0 0.0 5.249845479836827e-07 0.0 5.475278083897968e-06 1.8999323931777946e-06 1.9930886732459266e-06 1.260025338990054e-06 2.7787457933243335e-07 0.0 0.0 0.0 0.0 9.849306587225092e-08 0.0 0.0 4.1380102225330675e-07 5.79001075591201e-07 0.0 0.0 0.0 8.085229699705578e-07 0.0 0.0 0.0 0.0 0.0 0.0 5.456304174454862e-07 0.0 1.2688017692569611e-07 1.0425404688803143e-07 0.0 0.0 0.0 0.0 0.0 0.0 0.0 1.530806360389452e-07 0.0 5.198682794372995e-06 0.0 0.0 0.0 7.444137579632318e-08 3.4046179028951914e-07 0.0 0.0 1.2637449283421939e-06 0.0 4.141006852970058e-07 0.0 2.0169584657526622e-07 0.0 0.0 0.0 0.0 7.164086404618406e-08 0.0 0.0 0.0 1.7462560716960467e-06 1.4646879886868823e-06 5.028619542014627e-06
0.0009518684074629031 0.00038974158449131747 3.3374633465100974e-05 0.0 3.3716969855514896e-05 0.00019981487700608137 0.00037334432005140027 2.844591246533526e-06 3.164631974519876e-05 0.0030246368059835913 8.580592683987618e-06 0.00018400820617073298 0.0007187782234381725 0.00016346556909091053 1.7096827139725048e-06 6.604433147579084e-07 3.216354014967591e-07 0.0 0.0 8.40836157926597e-08 6.087050515594015e-08 0.0 0.0 0.0 0.0 0.0 0.0 0.0 0.0 0.0 9.989872624334291e-05 2.6912492150982318e-06 1.7655965127726164e-06 0.0 0.0 2.4558326409980143e-07 6.638924075831413e-06 1.6036990194410483e-06 1.5775960978615306e-06 7.497691605906382e-08 0.0 0.0 0.0 1.4978116360703087e-07 0.0 0.0 4.904128161776319e-05 3.047022051242258e-06 3.87973736425021e-07 0.0 2.47493371329943e-07 7.472765165601287e-07 1.4683776737746987e-07 2.0343532924933479e-07 4.938563561782288e-06 3.4251518020961434e-06 3.2346311839078e-05 6.61898762997413e-05 1.5508215374705285e-05 2.2383174270533875e-05 7.769339480654593e-08 0.0 0.0 1.5012214339804439e-06 1.8417964016666048e-06 7.669600871874654e-07 3.794796845562718e-07 2.253041667367576e-07 2.72933214662547e-07 1.7916866319797265e-07 8.098118452056844e-06 3.2898855903130685e-06 1.7088601399034585e-07 0.00014111705722924146 3.4849805057811537e-06 8.742049173583273e-06 3.9814968674318865e-06 3.555502677173069e-06 0.0 1.878848376707804e-06 0.0 1.3222088231415517e-07 1.2155847026750803e-05 2.0966447215166271e-07 2.462941983073139e-06 2.198697678928036e-06 7.506614311213394e-07 1.0698493094959005e-06 6.066586966920326e-07 1.0805425704026506e-06 1.0556943053655778e-07 0.0 0.0 0.0 0.0 6.80977104354778e-05 2.3598535243815786e-06 2.904457587846808e-07 7.778217363230265e-07 0.0004078945261447051 1.1746477024858452e-06 3.1436855080471594e-06 2.0020973198881947e-05 2.533845662277208e-06 9.650184296443438e-07 2.3305889997053358e-05 1.8834764968540217e-06 7.610186042630761e-06 2.8806058206187288e-05 9.451084657492752e-06 1.0522032590409243e-06 2.1937320599664428e-05 4.528772480627593e-05 1.7839358362209082e-05 5.606226957693853e-06 2.153411748901834e-07 0.0 1.5802905115133683e-07 0.0 0.0 0.0 0.0 0.0 0.0 0.0 0.0 0.0 0.0 0.0 2.1350363527734225e-07 0.0 0.0 0.0 0.0 5.327508268220382e-07 0.0 0.0 0.0 0.0 1.1416556925389736e-05 2.5129840762068554e-06 6.637976339575328e-06 5.642902234228836e-06 2.1324497445234936e-06 0.0 0.0 0.0 0.0 0.0 2.1421252697262272e-07 0.0 1.1798457879067093e-06 3.689905180893409e-06 1.3997291598832203e-07 0.0 0.0 1.0621063798378745e-06 0.0 3.5957150010440044e-07 1.6616938818694834e-07 0.0 3.7472490171956116e-07 2.842469433655988e-07 1.2088611193576286e-06 1.830858140287449e-07 0.0 1.703980291065827e-06 9.44340693721394e-08 5.450425759806684e-07 0.0 6.74206692296383e-08 0.0 0.0 0.0 0.0 0.0 9.99823605641562e-06 4.792578114031092e-07 0.0 0.0 0.0 1.58124542806322e-06 0.0 0.0 3.993242654561808e-06 3.207427221750529e-07 1.1412699025208125e-06 0.0 2.1786606050770226e-07 0.0 0.0 0.0 0.0 7.330435968643022e-08 0.0 0.0 0.0 4.056866756688461e-06 2.4619496068393354e-06 9.111519759476938e-06
2.1475403394886858e-05 0.002112246437080059 0.0003691053134615425 3.3716969855514896e-05 0.0 2.1919941941810303e-06 0.0011662325197910183 2.5522342532173917e-05 0.0028575429085308506 0.0002863232413901481 0.0003777912474129744 3.183784422712907e-05 0.0004964075501468304 0.001452664236307783 4.401092492558788e-06 1.4982034165599464e-06 5.814877705102652e-07 4.113273461254171e-07 0.0 8.291473322162062e-08 3.756767451229183e-07 0.0 0.0 0.0 0.0 1.1071623432820334e-07 0.0 0.0 0.0 0.0 0.00010570043971424086 2.7037591345733007e-05 1.015817781663161e-06 5.0045608736357833e-08 0.0 1.5017702719741035e-07 1.5786805819226611e-06 6.8901911412053e-08 6.355590039728299e-07 1.0164020834788087e-07 0.0 0.0 0.0 2.1365120402074784e-07 0.0 6.480729719216376e-08 6.065870329356902e-05 2.200722252448811e-06 3.346308867747042e-07 6.536455147121498e-08 6.626757560999413e-08 0.0 8.026901860171214e-08 8.964249053569619e-08 2.5189614567526285e-06 2.359974988212352e-06 3.260646424145177e-06 2.5251056562506858e-05 5.9301203812309295e-06 1.844586363723238e-05 9.949757598493653e-08 0.0 0.0 6.647644376688716e-06 1.1251419046759012e-06 1.3126039177872126e-07 4.366053034108376e-07 4.582679996178343e-07 1.5508590981499052e-07 7.793701500814793e-08 6.97209881538209e-07 8.362183585509215e-08 0.0 7.038199062734304e-05 1.0951507309040624e-05 1.7213082025664817e-05 6.973032162194811e-06 3.713652456331371e-06 0.0 1.5336043664911971e-06 1.976499025314708e-07 3.8314555396108265e-07 7.16544742377098e-06 0.0 1.6460282747439946e-06 8.660771749331067e-07 5.036338603087282e-07 0.0 2.3940788923786185e-07 0.0 1.5464302564045397e-07 0.0 0.0 0.0 2.152446376920873e-07 1.0821933261914663e-05 0.0 0.0 2.3210416463532975e-07 6.124736645716216e-06 0.0 7.472209979323787e-07 5.829323273069839e-07 7.521334346270471e-07 1.006450860003865e-07 4.6414288808289826e-06 2.921240718965224e-07 2.1199297553236516e-06 8.13472152648178e-06 4.868478647676962e-06 1.0894720808775676e-07 2.612888923455857e-06 1.2336879926018878e-05 4.164334357757821e-06 3.0538400792287918e-06 0.0 0.0 0.0 0.0 0.0 0.0 0.0 0.0 0.0 0.0 0.0 0.0 3.0800399612253284e-07 0.0 0.0 0.0 4.7354053735969443e-07 0.0 0.0 0.0 0.0 0.0 4.053669712854417e-07 0.0 4.7193462113479254e-06 1.01451319009716e-06 1.1973385417349075e-06 1.1195571558669174e-06 7.680510445743889e-07 0.0 0.0 0.0 0.0 0.0 0.0 0.0 9.396998096772165e-08 8.785871030649257e-07 0.0 0.0 0.0 0.0 0.0 0.0 5.029098722021079e-07 0.0 0.0 0.0 1.1417392330687024e-07 0.0 0.0 0.0 0.0 0.0 0.0 0.0 0.0 0.0 0.0 0.0 0.0 2.8997438572455855e-06 0.0 0.0 0.0 0.0 6.698581371043488e-07 0.0 0.0 1.1643805412759083e-06 5.423100726258004e-07 0.0 0.0 2.9079502981913163e-07 1.5373328290127925e-07 0.0 0.0 0.0 0.0 0.0 0.0 0.0 1.1115795849814758e-06 7.988249372160333e-07 4.792277883489292e-06
4.016819983555834e-05 2.7979584828835463e-05 3.3420913084301496e-06 0.00019981487700608137 2.1919941941810303e-06 0.0 2.2851343876017293e-05 6.3165753917430546e-06 4.136566372704322e-06 0.00021469799807545583 9.134702513774578e-06 0.00023957140416811068 0.00015534967456881267 1.2326034147592914e-05 4.6730796542223263e-07 5.195972981323543e-07 3.34203440472229e-07 0.0 1.8742530848839195e-07 0.0 3.675930136181986e-07 1.5243027455879288e-06 8.275575680452977e-08 0.0 3.3483069900851573e-07 0.0 0.0 0.0 1.4708923636636283e-07 0.0 5.627741291621964e-06 4.720437178353461e-07 7.54473507274114e-06 9.547930468750912e-08 0.0 1.2002252699125993e-06 5.228932545768834e-05 8.962099154345396e-06 3.728602412282084e-05 1.985882365944477e-06 8.033314588709119e-08 8.777011231063916e-08 0.0 9.537918984672565e-07 7.306528379800922e-07 2.5854545407180623e-06 2.722619990699858e-06 0.0 0.0 0.0 0.0 2.5257053473644036e-05 1.861595804427462e-06 3.1199381556603024e-07 6.506675251449762e-07 6.2620303021757114e-06 5.581545334626606e-05 5.932239380664494e-06 3.034977293608692e-06 1.1159698512839117e-06 1.927066194294457e-06 2.634185222689957e-06 2.3589295845712743e-06 0.0 4.358817337138339e-07 5.241445209433871e-07 1.780422944104961e-06 2.6712243328377717e-07 6.229890749401263e-08 1.3555259633307867e-07 0.00016849364336343647 0.0003640598852029019 3.2828115379630564e-05 6.924211878043983e-06 1.7538116115574999e-06 7.991912668586465e-07 1.8570490240725754e-06 1.023679659884955e-06 5.446752989047852e-07 1.05292215745907e-05 0.0 4.706831911557009e-06 9.770622687004751e-07 1.7091452807669472e-05 0.0 2.3520764755835053e-05 3.1239595049135306e-07 4.794195927036093e-05 3.265741232606603e-05 3.9747471186045473e-05 2.606709234646491e-06 4.4774837581639725e-06 1.5234101287872e-07 0.0 1.6062221256153697e-06 0.0002173211448781612 9.865186992381696e-05 1.2823383832111468e-05 5.2181126457371905e-05 6.867812273937554e-05 3.001825834009025e-07 3.576046959665542e-07 0.0 0.0 0.0 1.8397863666776808e-06 1.2782917802924372e-07 5.442439714924179e-07 1.543621477457493e-06 1.2840077942976963e-06 1.0300776142350171e-06 1.811419983732829e-06 2.1534475012821783e-06 4.035432920923142e-07 8.100262724393111e-07 9.403383941289874e-07 2.1382982164329001e-07 0.0 5.692437056200116e-07 0.0 0.0 0.0 0.0 0.0 0.0 9.838484687003108e-08 1.9999848861190972e-07 6.604141896011471e-07 1.8466906639941333e-07 5.620006696491129e-07 0.0 7.1660373813304085e-06 3.925917676092421e-06 1.0311769879073326e-06 0.0 0.0 2.5467108730759013e-07 8.013322977227137e-07 1.908746966050097e-07 1.344406520969024e-06 1.0872859146772711e-06 1.0480184030044119e-06 5.518569671700522e-06 3.1616134896348407e-06 0.0 0.0 0.0 0.0 2.3352823859805798e-07 1.3330681397637331e-06 0.0 2.481686123115744e-07 0.0 0.0 0.0 0.0 7.860625594778403e-06 0.0 1.1373538193559579e-07 0.0 6.997760887123484e-08 0.0 1.0080003221910122e-07 9.067262463042015e-08 1.3726250658493375e-07 0.0 1.2238200422592632e-07 0.0 0.0 2.464184385504054e-07 6.840830444964818e-07 6.938444350474355e-08 0.0 4.981627361618389e-07 0.0 1.2913930991568567e-07 2.581220721137793e-07 1.2804550753574143e-05 0.0 0.0 0.0 7.337569900699407e-07 0.0 0.0 1.7973438185547508e-07 2.3528074968191297e-07 9.101284455109537e-08 0.0 0.0 0.0 0.0 6.232814999783884e-07 0.0 7.666023565838694e-07 3.654289750345236e-07 0.0 0.0 1.984091091854761e-07 1.9040210919513807e-06 5.131695568650337e-06
0.00022833844039524238 0.0028331278628390085 9.559670594846808e-05 0.00037334432005140027 0.0011662325197910183 2.2851343876017293e-05 0.0 1.2001128206448763e-05 0.0023685639053432255 0.0011416340084317367 8.86992799423027e-05 7.500158322006718e-05 0.0053325552372844595 0.0015975056505272759 8.619938178556269e-06 3.0405978044166316e-06 7.186537783715501e-07 9.263544666294962e-08 8.04248016396601e-08 2.9783247277048127e-07 1.0221300630372415e-06 0.0 9.154892826540696e-08 0.0 0.0 0.0 2.2546491778773964e-07 0.0 0.0 8.335316878816443e-08 0.0002173604993901784 3.9664848637396824e-05 3.7053712547248318e-06 1.3637781552039078e-07 0.0 1.1540920315569112e-07 4.475111115935231e-06 6.876453839723624e-08 9.651410188527064e-07 1.4388513247120173e-07 2.8055802776673243e-07 1.5278042954367515e-07 0.0 6.229329070560749e-07 1.3257233677350194e-07 1.331560566631307e-07 0.0001659150901575024 7.998672840622568e-06 5.422515770376748e-07 3.80267732617988e-07 5.727538256520162e-07 7.282887322693904e-08 0.0 1.6004543923340525e-07 1.2881474178499994e-05 8.780776172171054e-06 2.4763886153941527e-05 9.096553764490926e-05 2.8448325135417327e-05 5.822966910559391e-05 6.00858236083806e-07 3.470236986883182e-07 4.850345909888965e-07 1.536468878080108e-05 4.583057747922559e-06 1.095923832123854e-06 7.052510554946825e-07 1.4218593494832381e-06 1.2484836059017817e-06 7.016633036462243e-07 1.1541771466534048e-06 1.2152476900805355e-06 0.0 0.0002740424605125848 2.4612721271257893e-05 4.623132127433132e-05 1.4854407416066464e-05 1.185530866051521e-05 0.0 2.5980393016502783e-06 9.15483126742469e-08 7.14784201195118e-08 2.966554606929636e-05 8.06767034660875e-08 8.751207929244342e-06 2.781818766683786e-06 1.9390264812785254e-06 1.4330612089208632e-07 8.414548174238662e-07 0.0 3.4500066895474925e-07 2.6327890330830586e-07 5.24527673538172e-07 2.0065619486409074e-07 7.011951706155127e-08 3.309446959362101e-05 1.8305595401003625e-06 0.0 3.5153106197173574e-07 6.94089214676513e-05 3.230053111322897e-06 2.425440025321838e-06 1.7990728438739872e-05 8.790710380321587e-06 4.775512291909634e-07 6.130712564232983e-05 2.9589549979550806e-06 1.1148462791078382e-05 7.29341000713764e-05 1.5240171295650141e-05 1.0368111811906658e-06 0.00014441428523983267 7.677908862758061e-05 2.5409194688716866e-05 9.123175425022889e-06 5.064642570859668e-07 4.924084785557599e-07 0.0 2.7736718793734864e-07 0.0 0.0 0.0 0.0 0.0 0.0 0.0 0.0 5.650416611240764e-07 0.0 0.0 0.0 0.0 0.0 0.0 2.886230712704378e-06 3.173832296050308e-07 0.0 4.201564334830403e-07 0.0 9.643083471649127e-06 3.152846956919555e-06 5.040957133477459e-06 3.857182219568193e-06 2.2346369056171064e-06 0.0 0.0 9.167712512449378e-08 3.300607428115703e-07 2.0194627675407658e-07 5.729633574931286e-07 0.0 2.12575603709546e-06 3.932143058117505e-06 1.4994362196162095e-07 0.0 0.0 1.8036170772204488e-07 1.2460809728412098e-07 7.29847572603117e-08 2.67166366293522e-07 1.5742865739802057e-07 1.8989256563564603e-06 3.6422703040888225e-06 7.500399341335669e-07 9.814833482260568e-08 2.2674915637101065e-07 4.497092914400528e-07 4.23387623389245e-07 0.0 6.338991297399551e-08 0.0 0.0 0.0 0.0 7.351474758399969e-08 0.0 1.0080780035433162e-05 2.693044923368023e-07 0.0 2.4892249987321214e-07 7.318594014631558e-08 8.335536567911699e-07 0.0 7.406587961659173e-08 4.4666808979841985e-06 1.4624652092404793e-06 2.182729715547522e-06 4.857369276001833e-07 1.0277836041583642e-06 0.0 0.0 1.0796636937889866e-07 0.0 0.0 8.496410352381274e-08 0.0 0.0 5.880637033261105e-06 2.366275102042409e-06 7.806137933133264e-06
8.476396970133171e-05 0.00020075787112299584 0.0010698462224312743 2.844591246533526e-06 2.5522342532173917e-05 6.3165753917430546e-06 1.2001128206448763e-05 0.0 4.786341164663365e-05 5.764657167481407e-06 0.0006569773084068447 1.0764516256831922e-06 4.8620282848773e-05 0.0002137625946592384 1.4682153327671732e-05 1.4011268023814426e-05 5.742584093198709e-06 8.83820583053772e-06 8.91396655765997e-07 4.132991847889986e-05 0.00022822155952042315 4.4733575468040694e-07 8.163761024695032e-06 3.6290955663599516e-06 1.8898940346978642e-06 1.0785358961567157e-05 5.649424946784239e-06 1.178445197784877e-06 3.908536882906462e-07 2.0154190982986793e-06 0.0009569747066932021 0.0012377834150352587 9.828419677273393e-05 1.1809268943922794e-05 7.858313049636664e-06 3.7827788820153256e-05 9.445524399112395e-05 7.790903200864454e-05 8.566515138538736e-06 9.545253272414334e-07 3.8227074597214946e-05 7.382238945862233e-06 4.166400155206307e-05 1.4189177807899337e-05 8.685815868543164e-06 3.24547268926544e-05 6.717687207924295e-05 6.757908189988709e-06 2.1641066545912146e-06 2.8165151364625297e-05 4.449433308144808e-06 1.573096891160984e-06 4.802161810346244e-07 1.0328365399167094e-06 2.6764783456773894e-06 2.076716852575551e-06 7.804690394566869e-06 7.560516292214872e-05 4.896513419358768e-06 2.0191911374604497e-05 0.00022106377871705288 0.0005818872402913721 3.607475046804171e-05 0.00046412942127121044 6.318411652080516e-06 7.843628031136125e-06 6.0452003537300146e-06 6.39537503127731e-05 0.0002023736124425152 0.00010818697436318464 2.83865353218127e-05 3.218035141523407e-06 0.0 0.00011041730130828989 7.498238302797038e-05 3.519971461419317e-05 0.000320073661497822 0.00020080399650775494 0.00024471537189761655 0.001150344095636167 8.561174056100692e-05 0.0010449102836026713 6.66665928546495e-06 0.0 7.438126634940403e-06 5.964764625347263e-06 4.539707071063527e-05 0.0 1.8528981313545978e-06 6.286571786396296e-08 5.8881498809137445e-06 2.4890600154919143e-06 6.640156609566544e-05 6.956848068605435e-06 7.570987159753636e-06 1.9228152593562158e-05 5.063462617266361e-06 2.1806695483534988e-07 8.680212935748426e-07 1.7665229115810462e-05 0.0 0.0 0.0 2.540079561583109e-07 7.869678627467036e-07 1.2034100500165015e-06 0.0 0.0 8.49566279386625e-07 9.352094184344544e-07 2.658198039145987e-07 2.0205036167691203e-06 6.736099459206905e-06 2.1292658300946606e-06 1.7758075060985018e-06 2.472898174561116e-07 0.0 0.0 1.1522404487707313e-07 0.0 0.0 0.0 0.0 0.0 0.0 5.936729598772243e-07 0.0 0.0 1.381463704488554e-07 1.1133920296359321e-07 3.605308027412676e-07 1.295772169395069e-06 7.848843559909624e-08 5.835865083379122e-07 4.945455080772864e-07 0.0 8.566134708011112e-08 4.396188000837528e-07 0.0 4.688216300215598e-06 7.641570072679553e-07 1.4506999107563666e-06 3.4280961601868918e-06 1.5311895081749306e-06 3.2924750841465606e-07 4.7127867749323786e-07 2.202947503878467e-07 0.0 1.112304068446608e-07 8.124950142193086e-08 0.0 1.2609307629724964e-07 1.497317047047631e-07 0.0 0.0 4.035327885681453e-07 8.487576619234115e-07 6.50944868199816e-07 0.0 0.0 0.0 0.0 0.0 0.0 0.0 0.0 9.048406905808734e-07 1.5138386962021907e-07 0.0 0.0 7.443081456048308e-08 1.5896825088938264e-07 0.0 1.0489624312856194e-07 8.54215647046478e-08 7.305522321091723e-08 2.857441404204633e-06 7.484467842112773e-07 1.2212549508441018e-07 7.751453671870682e-08 2.526648757168868e-07 9.369900543394357e-08 0.0 8.989173762524572e-08 3.4513393963160083e-07 8.433603510040607e-07 1.232201315903763e-07 0.0 0.0 0.0 0.0 0.0 0.0 2.394602529609162e-07 7.307808665134706e-08 5.741700075436997e-07 1.7542591222843486e-07 2.3994699415816374e-06 3.304067122574946e-06 7.668203249094586e-06
1.233571472737619e-05 0.002846008804257025 0.0008911429651422722 3.164631974519876e-05 0.0028575429085308506 4.136566372704322e-06 0.0023685639053432255 4.786341164663365e-05 0.0 0.00011905434563018856 0.0006901891937855291 1.334368226933793e-05 0.0009363591377584848 0.0011904821205204266 2.912098690070206e-06 1.404706483733606e-06 7.39404048246659e-08 2.4098471637579695e-07 1.3401485923380875e-07 0.0 3.1045734331422205e-07 0.0 1.1542945995230256e-07 0.0 0.0 9.701242485307843e-08 0.0 0.0 4.097488645862393e-07 0.0 5.702332998146093e-05 1.8734133377452295e-05 2.3458221049859487e-06 0.0 0.0 0.0 1.1509346789247748e-06 0.0 0.0 0.0 3.536830628626476e-07 0.0 0.0 0.0 0.0 2.4760313411936897e-07 3.497717574065917e-05 3.79357003971096e-07 2.0409582008965403e-07 0.0 0.0 0.0 0.0 0.0 9.946361555198495e-07 1.108399114015695e-06 2.0376401837809288e-06 1.0807710379240332e-05 3.5258002546106867e-06 1.1845773725752964e-05 1.6840207961289014e-07 0.0 0.0 6.598047072214689e-06 7.585872683028043e-07 1.3449027836301676e-07 1.6624105646403843e-07 2.9608716602692156e-07 1.8042354096849146e-07 3.2778539765126323e-07 2.595945036477154e-07 0.0 0.0 3.3487181751623944e-05 6.2261544573296e-06 1.381271970926857e-05 9.167583930845824e-06 7.28573298420819e-06 0.0 1.94347982162834e-06 0.0 7.924248186782991e-08 4.372375107229346e-06 0.0 1.2851090820737752e-06 5.696851133376252e-07 4.373625671052439e-07 0.0 0.0 0.0 0.0 0.0 2.6199517451146423e-07 7.533482460697955e-08 7.254053609872436e-08 1.2536758090605524e-05 7.622604093781939e-07 0.0 0.0 3.840602098872037e-06 0.0 1.1875425818928704e-07 7.595829918135412e-07 6.478770888907772e-07 0.0 3.741840288983964e-06 2.9364375486130057e-07 1.6023590506205662e-06 4.120504050741302e-06 3.025858714889429e-06 2.1654456904063448e-07 5.0729392199568815e-06 9.598175327032284e-06 4.8769032820238005e-06 2.8126232994135625e-06 2.5661091604842943e-07 0.0 0.0 0.0 0.0 0.0 0.0 0.0 0.0 0.0 0.0 0.0 0.0 0.0 0.0 0.0 0.0 0.0 0.0 0.0 0.0 0.0 3.726048634759142e-07 0.0 3.530786855612227e-06 1.2544940456165726e-06 8.987013037552691e-07 6.270993145950086e-07 1.2626807251242043e-06 0.0 0.0 0.0 0.0 0.0 0.0 0.0 0.0 1.0469734562473988e-06 0.0 0.0 0.0 1.5725840796781073e-07 0.0 0.0 0.0 0.0 0.0 1.5337038229379974e-07 8.909885621106168e-07 1.1870335649523789e-07 0.0 0.0 0.0 0.0 0.0 7.919137337362539e-08 0.0 0.0 0.0 0.0 0.0 1.1233343751321138e-06 0.0 0.0 0.0 0.0 4.615617970687416e-07 0.0 0.0 1.256200233465632e-07 1.7347191527230184e-07 1.1665549631511037e-07 0.0 8.556695002315749e-08 0.0 0.0 0.0 0.0 0.0 0.0 0.0 0.0 1.7198844349565417e-06 5.784973056034877e-07 4.4410246647402145e-06
0.0004983214799047084 0.001356598771036738 8.139339702907037e-05 0.0030246368059835913 0.0002863232413901481 0.00021469799807545583 0.0011416340084317367 5.764657167481407e-06 0.00011905434563018856 0.0 2.4349101681526236e-05 0.0018774347274976228 0.007952446469436984 0.000203492611007116 1.4339156605124594e-05 6.851828404258584e-06 1.3624661717346792e-06 5.445776074732639e-07 7.67298503618414e-08 1.086984323101891e-07 8.603094127959533e-07 1.9044266703397546e-07 0.0 0.0 1.599487048537657e-07 0.0 0.0 0.0 3.1345508951018984e-07 0.0 0.00012954643414964925 2.884626032952033e-05 4.6216495905855586e-06 7.781184801180215e-08 4.5775804967199047e-07 0.0 7.27391383352084e-05 2.684445754499384e-06 4.311335704058165e-06 3.956668128176923e-07 2.1932199131296462e-07 1.6367683072394557e-07 1.330821664866973e-07 1.3012275863487644e-06 3.687190645105526e-07 1.1921473432401469e-06 0.0002339527273264696 8.023214526833998e-06 8.920230919109682e-07 3.1034213639047407e-07 1.9663441277332845e-07 1.0738016163530803e-06 6.96864924451185e-07 2.0770968166004987e-07 1.451102830560418e-05 9.666591267697904e-06 5.8491486994660574e-05 6.72291381204844e-05 2.83887431154618e-05 7.032910360851883e-05 4.965841969109899e-07 5.289068832462562e-07 5.265362609260088e-07 1.730991312525611e-05 5.577484794820219e-06 1.81786750278989e-06 8.067193888669464e-07 2.733176032489581e-06 5.783720328024113e-07 6.51400612458431e-07 4.083595757562449e-05 9.996847427037653e-06 2.735479786220065e-07 0.00024977480186376075 2.0979929132884028e-05 5.746078410332332e-05 2.5590582149255926e-05 2.1506622542690867e-05 2.5382445228093556e-07 2.0694916206552354e-06 2.709206499786994e-07 2.2970350339019287e-07 3.000887369132927e-05 1.367743427949897e-07 6.2463794980938995e-06 3.2536465466825092e-06 2.545169105778255e-06 8.02019047373455e-07 1.445948999410936e-06 1.501643287060113e-06 3.216564422102385e-07 2.7935162780007005e-07 1.2979939196500012e-06 2.3274508160048078e-07 8.943535565266323e-07 0.0004299885961450155 1.5428666972886736e-05 4.349906029886398e-07 4.870745547696042e-06 0.00042892719523745636 9.785292609093952e-07 1.1909838701764274e-05 1.5792786133449008e-05 2.049330272895989e-05 9.917495139096648e-07 9.902585645760515e-05 1.0204916912112164e-05 2.8636349418913784e-05 0.00015887246781931343 7.314741148831404e-05 3.737128111788559e-06 0.00011087339560742839 0.0002615826497443464 0.00011193311336852324 3.787192764414571e-05 1.8617017967210322e-06 3.837438686514419e-06 0.0 0.0 1.6513084742544458e-07 0.0 0.0 0.0 0.0 0.0 2.1931404633955487e-07 0.0 9.466163130121398e-07 0.0 0.0 0.0 1.7051773080766042e-06 7.575944977059139e-07 7.394597400094224e-08 5.924363334227407e-07 1.7074154724927034e-06 0.0 3.467183625873346e-06 1.1042541559812453e-07 6.249716580260111e-05 1.0924809615786436e-05 2.7226741425228595e-05 2.1820819034804477e-05 5.363898352913234e-06 0.0 0.0 0.0 0.0 1.278373596205057e-06 2.3749914785060658e-07 0.0 7.577898983633884e-06 1.30536666115926e-05 8.650261011203278e-08 1.9152872373814807e-07 1.026517025346498e-06 2.362550972705464e-06 0.0 1.5142365123707808e-06 2.3504544957958395e-06 6.542702916465727e-07 5.63271395044559e-06 4.957729025880911e-06 3.3709593212215725e-06 1.4403231166082632e-06 1.5052043568792263e-06 3.5547848545966616e-06 0.0 4.757400445746631e-07 1.7781165260189877e-06 7.09941470580717e-08 0.0 0.0 0.0 0.0 0.0 5.411296855216545e-05 2.2275400917839503e-06 0.0 0.0 0.0 4.406553853814622e-06 9.132974895658259e-08 1.699918245465751e-07 1.303024341123528e-05 2.3293206356791056e-06 3.858234798693729e-06 2.6375761200277556e-07 2.5929941810140827e-06 3.210222727013187e-07 1.3505385207007073e-07 0.0 6.685785539292258e-08 9.177712021355944e-08 3.321797614823584e-07 0.0 0.0 2.602870816482302e-05 1.462372266517641e-05 4.657523980616624e-05
5.384011147362521e-05 0.0006538845439743498 0.0012186979236875647 8.580592683987618e-06 0.0003777912474129744 9.134702513774578e-06 8.86992799423027e-05 0.0006569773084068447 0.0006901891937855291 2.4349101681526236e-05 0.0 8.79893198500894e-06 0.0007212751067949177 0.002908583568278268 2.1003121688547163e-05 1.9026724827318497e-05 2.8587902173387353e-06 8.358489846176496e-07 6.720688019090937e-07 4.083571697566702e-06 4.231584609231542e-05 1.987470706560828e-06 3.773125723451718e-06 2.2661601506448886e-06 9.5404719085437e-07 4.92693562669438e-06 2.7957417073746757e-06 3.0457992803981818e-06 2.521791406264415e-07 6.227994921000452e-07 0.00047368526748721895 0.00010282182239253906 0.00048134451469289776 2.2154846526818963e-06 2.4159433774441673e-06 2.285967354099977e-06 0.0002273362938111508 9.377875772147805e-06 1.5090217785755507e-05 8.367371095266325e-07 2.3241174610506982e-05 5.685910217260218e-06 2.499798709911861e-06 2.1845448389853863e-06 3.5923004419209905e-06 2.682493450418941e-06 8.134117383393549e-05 2.0022603274655226e-06 6.022639336885446e-07 9.982910548978157e-07 2.0592008505624477e-06 3.7125343504124266e-06 4.6580635582916995e-07 2.0723800753737593e-06 2.1952255860780846e-06 1.2215361269157744e-06 5.913278918040791e-06 4.055507540063752e-05 5.37930026098483e-06 1.764477772987149e-05 3.8744196473441354e-06 1.0041326980737213e-05 4.7957397373269015e-06 3.7906940762027496e-05 1.2889413053709857e-06 1.16271549703915e-06 1.3905344306137328e-06 9.657004950311016e-06 2.9867734456129975e-05 2.539150178119414e-05 9.610269684961715e-05 4.295128174720955e-06 0.0 7.772337632275052e-05 2.7140576322588693e-05 4.883638252815852e-05 4.8048907283635344e-05 4.970907120024396e-05 7.938207399259268e-06 0.00019327981335949345 4.145404482319885e-07 3.3139142794024166e-05 5.3239352809411544e-06 0.0 1.8515777460278957e-06 1.7059731279767163e-06 2.7932368284698593e-06 0.0 9.397435935984771e-07 1.8504350934114436e-07 8.292734081713747e-07 7.844312616599194e-07 3.5017726586765784e-05 2.57319385005718e-06 5.4882256492515455e-06 5.797061984738832e-05 1.1299731458584159e-05 2.182442066150057e-07 4.390416073841432e-06 1.6147716412857813e-05 0.0 5.527716788841222e-07 3.665549585965945e-07 3.6105336268728114e-07 0.0 5.051785242513409e-06 3.037115078191251e-07 8.955490826525686e-07 9.58386905580229e-06 3.9786644074624e-06 6.42013477286277e-07 4.615717946539258e-06 1.8722409506329537e-05 7.601702196109213e-06 4.635201262476637e-06 4.97053614026387e-07 3.177126670617927e-07 7.548051291176335e-08 3.1668409599149863e-07 0.0 0.0 1.0294814719081502e-07 1.623711907292499e-07 0.0 0.0 5.381406256055137e-07 7.303360057141938e-08 9.198150176894279e-07 0.0 3.6269793370866075e-07 5.80306388553093e-07 2.6901216492745072e-06 5.546177550150036e-07 3.7566349548505875e-07 1.1757966216279349e-07 2.3788093941181106e-07 9.287627746710744e-08 3.761830592334729e-07 8.364620941758667e-08 7.405493858986163e-06 1.2542549846369999e-06 3.53458161441618e-06 4.841797835086612e-06 2.2454950054848856e-06 5.251076854529226e-07 3.2564032697020823e-07 0.0 0.0 2.572128920633994e-07 3.970925411816632e-07 0.0 8.500451323602731e-07 5.466864977457464e-07 0.0 0.0 2.774031904016015e-07 1.9913371576884005e-06 7.332301402230301e-07 0.0 0.0 1.1153185414086288e-07 1.0074014048946187e-06 2.5063250631118603e-07 0.0 5.390765646341335e-07 6.892521442304565e-07 4.0653486313945745e-07 6.755962450610873e-08 0.0 5.11819496196971e-07 0.0 0.0 0.0 0.0 0.0 2.124571495424286e-07 7.350346307663952e-06 5.03650428367685e-07 0.0 0.0 8.105282004628503e-08 5.657077740430373e-07 0.0 0.0 1.1339023151447277e-06 1.7273777953015203e-07 9.097826804605321e-07 0.0 1.5237026307743573e-07 0.0 0.0 0.0 0.0 0.0 0.0 1.589790573998256e-07 1.7884581449034592e-07 3.954394725976215e-06 2.656369887298337e-06 8.605220360589225e-06
2.9720022914812446e-05 0.00010038521899184569 1.3806274585245867e-05 0.00018400820617073298 3.183784422712907e-05 0.00023957140416811068 7.500158322006718e-05 1.0764516256831922e-06 1.334368226933793e-05 0.0018774347274976228 8.79893198500894e-06 0.0 0.0021345323856185932 3.6277830548289315e-05 1.740835893969752e-05 1.28947266923245e-05 2.698938655655614e-06 6.578205982389958e-07 1.4601361585607605e-06 5.626386625562535e-07 4.508673016131575e-06 8.760678366404653e-06 0.0 3.7389298797838325e-07 4.879634919703599e-07 0.0 1.8393927346052567e-07 3.91557818773048e-07 6.698777879284119e-08 4.1948792072041627e-07 6.506986740576762e-06 1.4342220888068214e-06 1.2278371362385972e-05 6.451968338356211e-07 0.0 8.178929984414904e-07 0.00020698911431655723 2.1690104633910296e-06 2.426653767174946e-05 5.385334112400928e-07 3.659548596537322e-06 4.0553911558219114e-07 2.3705899055253698e-07 1.0623136513051964e-06 1.3321916004727553e-06 2.3460776426476654e-06 5.0106100253777926e-05 3.078318422071715e-07 5.703008199210486e-07 0.0 2.5490997034284304e-07 1.7962855076983962e-05 1.7352049431204822e-05 4.141873307146483e-06 5.728354588110099e-07 1.0638601317226614e-06 2.0293343296721498e-05 3.509794586271618e-06 1.8069371431003903e-06 4.195488830015575e-06 1.3849452957177335e-06 2.660997584225633e-07 1.1825608911926928e-06 4.9392817113915e-06 6.439570909508897e-07 2.277330489891395e-07 3.865208787662531e-07 1.3751434973782873e-06 1.77905445129096e-06 1.6879152229891167e-06 0.0002929581820381036 6.185504925226997e-05 1.5964213131836416e-06 1.2392104286766234e-05 3.837726730274971e-06 1.2388794176149581e-05 1.3943290874603995e-05 9.721875725532255e-06 0.0 2.317995220362624e-06 1.8669564059145866e-07 0.0 2.0983068368860686e-06 8.466914157666827e-07 1.6807954351014938e-07 1.8337579738238224e-06 2.7573305791916073e-07 4.666294800828154e-06 4.5832387028677865e-06 1.0243950090353188e-05 6.080017290403974e-07 2.0254787187201627e-06 4.259014346179802e-06 6.221549296809931e-07 4.396650502170986e-06 0.003182152096747134 0.0006013245101157818 1.7744718608440584e-05 5.397771568139705e-05 0.00012710420001356355 3.8293641648305705e-07 1.6137970421704478e-06 2.3710336313284455e-06 5.460280171953093e-06 4.492384844352395e-07 2.2015388774064118e-05 3.268419012792923e-06 6.841429973043065e-06 3.9648544734377916e-05 2.680386876789129e-05 2.389715841938486e-06 2.4276209830438035e-05 8.753610569037946e-05 2.9653365597858525e-05 1.485555732592558e-05 1.717149286483408e-06 1.6201108000014511e-06 1.710737933407002e-07 3.377372078615312e-07 0.0 0.0 0.0 1.7069836930055784e-07 0.0 0.0 1.336181237162627e-06 8.283329339672548e-07 3.158979254828207e-06 2.3818233861495382e-07 1.5985512345509917e-06 2.0434438906706632e-07 1.044642334680543e-05 4.675420391515475e-06 8.94683248876609e-07 3.895337358014786e-07 8.107894611986332e-07 1.266720950903239e-06 2.4657712063797284e-06 9.408887951470769e-07 3.3343101563322506e-05 6.081273952426995e-06 1.017160158022196e-05 1.6449229606169846e-05 1.1013013801623131e-05 7.113859937122941e-07 1.0610581242783756e-07 0.0 0.0 1.146674465873518e-06 1.0067081242064133e-06 0.0 2.546793141063279e-06 3.455055330595635e-06 0.0 3.880253739428787e-07 5.460071784726794e-07 1.4285240327499354e-05 6.009864473708107e-07 1.2359511317437243e-07 5.145367155775676e-07 1.0901144117786644e-07 1.8683180358490144e-06 1.7206002905268207e-06 9.98808343844521e-07 5.281663751737384e-07 5.500177933550532e-07 1.3941824911586542e-06 2.0953536152444764e-07 0.0 5.663300020453126e-07 0.0 0.0 0.0 7.132716263845167e-08 0.0 8.625460382341521e-08 2.5723282644414066e-05 9.753187904550331e-06 0.0 0.0 1.9661288631994938e-07 2.30666597202931e-06 0.0 0.0 3.3763314506150308e-06 1.9698105985045943e-06 1.635953990748706e-06 0.0 8.830216534564402e-07 7.521873277093896e-08 0.0 1.1927540419935484e-07 0.0 8.148670600941132e-08 0.0 0.0 0.0 1.6836765575521847e-05 1.3779947689479508e-05 3.3466419631619005e-05
