0.0 0.0013383847194432307 0.0004541923269957779 0.0005511592251636608 4.2200685109722306e-05 0.000196880755895942 0.0002539769379851376 6.066862005374705e-05 3.9898205391116055e-06 0.0007413869981570527 3.616168592538926e-05 0.0004005663983435652 0.00020557425786685047 8.563435600122029e-06 2.861013692976842e-06 1.0537624521401142e-06 5.451730806670589e-07 0.0 0.0 0.0 0.0 1.2103831180374265e-07 5.732969815082554e-08 7.579809767375748e-08 2.0600305946678935e-07 0.0 2.9780939964782767e-07 0.0 0.0 0.0 0.0007640610927051448 3.381038852576619e-05 5.144813049069983e-07 5.6379237289065773e-08 6.950254840764752e-08 2.545808271494942e-07 1.7131313617467448e-06 4.1491660931757456e-07 7.917563243143087e-07 3.571989393229492e-07 3.667129128906748e-07 6.181354210979108e-08 0.0 5.680511317416716e-07 1.4235662087848435e-07 5.2804441440771824e-08 6.685375012498157e-05 3.0185227239167738e-06 4.4170528456405665e-07 3.0135234347809087e-07 2.669081874296806e-07 0.0 0.0 5.590222150432876e-08 3.904437631741629e-06 1.3891164659306948e-05 5.7253716506655374e-05 0.0004761858901823853 3.593262383217552e-05 1.9835567787834977e-05 0.0 3.0875057483364906e-07 0.0 9.106411971147982e-05 3.4520368469377893e-06 3.084483195532846e-06 4.893341017104579e-07 7.858948724178896e-07 2.1014842737113272e-07 8.74050233883566e-08 1.6564320473369315e-06 9.242751419981715e-07 0.0 9.559842965726861e-05 5.584151510536231e-05 5.9975157928993146e-05 2.1701336210889442e-05 1.6862167421386123e-06 1.7651360905199754e-06 1.1791995234385592e-05 1.2425561175196311e-06 4.025610036206088e-06 7.68956234468374e-06 2.8829273173407237e-07 3.915681785672354e-06 1.7714349214809038e-06 1.2221072384813268e-06 1.344082021990366e-07 5.049865460353539e-07 2.757248241560019e-07 2.3677369379395474e-07 0.0 2.6114349425392093e-07 6.409191001390049e-08 1.1576202711461774e-07 7.711781996412424e-06 6.373065522142542e-06 2.7757281456608086e-07 1.5528910424027904e-07 0.0007898124870891794 5.277003492166086e-07 1.6384515789632065e-05 2.3438896117298e-05 6.50428731521044e-06 1.4788572192907562e-06 2.739814242965271e-05 8.134919992428163e-06 1.0143627625759831e-05 1.758569402873247e-05 3.196818963112435e-05 2.4765792971007867e-06 1.2641317762629569e-05 1.069599645627986e-05 3.6020650121414176e-06 1.7235262885747578e-06 0.0 0.0 0.0 0.0 0.0 0.0 0.0 0.0 0.0 0.0 0.0 0.0 0.0 0.0 0.0 0.0 0.0 0.0 0.0 5.590561693970614e-07 1.4503184544219434e-07 0.0 7.541813428407405e-08 1.5474713513793025e-07 1.1421952380168957e-06 9.792661617796043e-07 2.4442581831709152e-06 0.0 4.5688437704189636e-07 0.0 0.0 0.0 0.0 0.0 0.0 0.0 0.0 0.0 0.0 0.0 0.0 0.0 0.0 0.0 0.0 0.0 1.0140541406212114e-07 1.0982896528098398e-07 2.176976744909135e-06 0.0 0.0 7.878623370299485e-07 1.913732826126531e-07 0.0 0.0 0.0 0.0 0.0 0.0 0.0 3.475336069047247e-07 5.0957580977886016e-06 0.0 0.0 0.0 0.0 2.2715228574211405e-06 1.246822125000535e-06 9.072262199906166e-07 7.443176123924547e-08 0.0 0.0 2.3874902235368204e-07 0.0 6.308440639718053e-08 0.0 0.0 0.0 0.0 0.0 0.0 0.0 2.887860030957561e-06 5.433717471936799e-07 2.261754827533395e-06
0.0013383847194432307 0.0 0.0019339733988450632 0.0008885821624337639 0.0009193016813108521 0.0001297425086782191 0.0013018104975170703 0.0008167556116942868 0.0005349324696923587 0.0006951169612309677 0.0005933241945072076 9.330105249863206e-05 0.0002188870892105861 0.0011185580085618103 3.057799420779992e-05 2.230414060729472e-05 1.5129585407836138e-06 1.4539556817172564e-07 3.3632812476407456e-07 1.5762935353460622e-07 4.0333031539454644e-07 2.6718298741723104e-07 3.370056921910973e-07 6.635885445022318e-07 2.6930349274838333e-06 2.809077949717271e-07 1.0467816672822426e-06 7.149924620798018e-07 5.597150069238284e-07 9.510644978234085e-07 0.0017304404408475392 0.00019662118371352683 1.2591071849803522e-05 1.0430186960697062e-06 4.94289894405485e-07 1.0983734991801485e-06 6.522774444633625e-06 1.9065691194130255e-06 2.1957097403997913e-06 1.6640124547083922e-06 9.918697904193123e-07 5.228467365647888e-07 0.0 1.3240624576244746e-06 5.153767554270661e-07 1.3248166973758896e-06 0.0002708692541130678 2.8385495736301817e-06 9.65470317652187e-07 1.2139849179454975e-07 4.520564305998346e-07 1.8379907503396012e-07 5.4671638156235e-07 1.9052382709652348e-07 3.914011981035615e-06 1.518218451493734e-05 3.5448204525282354e-05 0.00018348048131851618 3.402061733601438e-05 3.953278451503815e-05 1.3508340997560902e-06 1.6838065890154558e-06 3.953034856518328e-07 0.0002559096263886381 5.191018146737535e-06 3.7727846640634927e-06 6.492182266446704e-07 1.4999147594878945e-06 7.991586531268912e-07 4.3098724597988867e-07 2.2313739914250717e-05 4.188785687058593e-06 0.0 0.0001301637228365856 0.00013102799861237525 0.00020464815368343288 0.00013249086581561715 1.5605730214919273e-05 6.527523788890989e-06 0.00010844824477253284 2.1750505718492074e-06 1.22789022197805e-05 9.40203307888836e-06 5.761925737436158e-07 4.967282099707507e-06 2.8810506680389644e-06 1.7635319850405792e-06 3.399098848908608e-07 7.865325980187589e-07 6.135774546541352e-08 2.871509396737068e-07 1.797557939428575e-07 3.7468912808461355e-07 2.0087265636763567e-07 5.811118575837889e-07 2.6845507516147e-05 2.946572138389111e-06 5.450276512424249e-08 5.357202473113182e-07 0.00043347705599369084 2.82756196525958e-06 1.0846011480719718e-05 4.578667908897406e-05 1.1327222408840155e-05 6.506012857382608e-06 9.926906331459796e-05 1.4539920940790954e-05 4.805733915433237e-05 4.083783410547424e-05 7.202419083321856e-05 1.0477964633469368e-05 5.68763603442596e-05 4.786175659001189e-05 2.48113043771257e-05 1.8754145836623946e-05 4.535427446781453e-07 1.5490095525954298e-07 0.0 6.586631867297458e-08 0.0 0.0 1.231510613339876e-07 1.165836721317613e-07 4.340005410478668e-07 1.5568890696681875e-07 0.0 0.0 0.0 0.0 1.2599908764047545e-07 0.0 0.0 0.0 0.0 6.16722144307601e-06 2.680455324206474e-06 0.0 0.0 0.0 1.1806868691064486e-05 3.691405307834425e-06 1.2946653477622332e-05 2.003609562384877e-06 9.64033000582733e-08 0.0 1.297486850143272e-07 6.214676558810457e-07 0.0 2.560222603219656e-07 6.1149236645493e-08 3.990279295807418e-07 6.370323614845346e-07 6.884222293061637e-07 0.0 6.883087311450318e-08 2.374795471927923e-07 9.235767889501332e-08 0.0 0.0 8.707049562281277e-08 0.0 3.0142438693464965e-07 7.325531093885955e-07 1.9366469711826466e-06 1.073880462689057e-07 1.0222172725748454e-06 1.465686321266559e-05 4.951329217154292e-07 2.4462340524644476e-07 0.0 0.0 0.0 0.0 0.0 0.0 0.0 4.53671981222985e-05 2.8213177857049733e-07 0.0 0.0 0.0 1.9903857106720476e-05 1.0472252181705292e-06 1.2800898372746567e-05 6.090841804840653e-07 1.6808671087733987e-06 2.553582578550584e-07 7.346830412016537e-07 9.037986109518241e-08 0.0 0.0 0.0 0.0 7.011181089976542e-08 0.0 0.0 0.0 3.73489387493549e-05 5.929242434984063e-06 7.932405635597165e-06
0.0004541923269957779 0.0019339733988450632 0.0 6.632277128339594e-06 0.00032893074415526753 2.6199960932639752e-05 9.919244005713734e-05 0.0006216871891911116 0.000474527791365047 1.319581906081774e-05 0.0008548115593533295 4.6385423954305084e-05 0.00011044362789981687 0.0011344184272005834 8.493625183057743e-06 9.807263821887608e-06 1.162799489455754e-06 6.126878543144608e-08 6.589850165738622e-08 4.969133157383482e-07 1.2094006606511884e-06 8.343675512824348e-08 4.4132665436289314e-07 2.8900420223838737e-07 1.3227811702268383e-06 4.3356153045894497e-07 4.354878247178284e-07 2.1432092519570728e-07 6.015601119813183e-08 5.855234856107578e-08 0.002558535583361956 0.00043901190376272037 2.153682536241121e-05 9.093170791247439e-07 4.6431061934086843e-07 5.518871206064795e-07 9.056505902060164e-06 8.696519470647934e-07 1.025115405326791e-06 1.2265208056915973e-06 4.067296855426574e-06 1.3086754949519845e-06 3.0247830975165497e-07 7.043653040669097e-07 5.637713868252144e-07 5.261610292408842e-08 9.076940194804073e-05 1.9273065312129354e-06 3.645035118542319e-07 1.0575921480396241e-06 4.858618261947486e-07 7.178951677616007e-07 1.6052866564562714e-07 8.756314141142175e-08 1.9449199093907417e-06 6.3687748320280276e-06 1.861613520521456e-05 0.00013878418801361204 1.9302536516507412e-05 1.3982510709159224e-05 8.058159626317395e-07 3.618506359119247e-06 2.0735384514290088e-07 0.00017031986435006653 2.2115262648041056e-06 2.2096920351370717e-06 3.335785632866317e-07 8.060361298589619e-07 1.762818533399477e-06 1.735095311646505e-06 1.8524990960947615e-05 7.276638409361148e-07 0.0 7.089167054429095e-05 6.336784167984967e-05 7.89682773090374e-05 5.0548588536263274e-05 5.229697297318516e-06 3.194922719202481e-06 0.0003215537958072573 2.3369850754661226e-06 2.4777788078333694e-05 4.281609609015723e-06 0.0 2.1582540000532866e-06 1.0218650031466901e-06 1.1141807658487965e-06 1.7951068303811655e-07 3.5793535816628086e-07 1.1602792830187251e-07 5.00465083784934e-07 1.0713635332853484e-07 1.4859207970203152e-06 7.727180472985771e-07 2.834363081987646e-07 1.4112130037595129e-05 2.6492488024942625e-06 8.395501118863077e-08 1.1899569032039612e-06 0.0001517101362111424 0.0 2.4042259348106555e-07 5.616562692538221e-06 8.822482431676412e-07 7.811894954126937e-07 6.108041283920995e-06 1.6756410051137047e-06 3.839434300914411e-06 4.938867549784467e-06 9.501185036093408e-06 2.766181126731482e-06 8.189052476094732e-06 4.9549228827477924e-06 4.0025961583933835e-06 3.7499660610769742e-06 0.0 0.0 0.0 0.0 0.0 0.0 0.0 0.0 2.6638924612903997e-07 0.0 0.0 0.0 3.845485513084502e-07 0.0 0.0 0.0 0.0 0.0 0.0 1.9181394337198077e-07 3.930586572281466e-07 0.0 0.0 0.0 3.1419181130237846e-06 9.366416542027601e-07 4.120380790983705e-06 8.151186770955344e-07 3.3653411171340317e-07 0.0 0.0 7.133421891210292e-08 0.0 0.0 0.0 0.0 0.0 2.6728307910919027e-07 0.0 0.0 0.0 2.006154628592454e-07 6.935869456944619e-08 0.0 0.0 0.0 0.0 4.272538426512058e-07 0.0 5.586811332111037e-07 1.2796508388056307e-07 3.4458103903998003e-06 3.950246534682342e-07 0.0 0.0 0.0 9.391204618731957e-08 0.0 0.0 0.0 3.678298824724784e-07 9.710836599019946e-06 1.7279365041677352e-07 0.0 0.0 0.0 3.0226970863406776e-06 1.4437946502290226e-06 2.8240427391327763e-06 7.724330293067063e-07 1.5569611830472212e-06 0.0 2.504643745192391e-07 0.0 0.0 0.0 0.0 0.0 0.0 0.0 0.0 0.0 5.115841049208669e-06 2.079629659254698e-06 2.496232383791639e-06
0.0005511592251636608 0.0008885821624337639 6.632277128339594e-06 0.0 8.67727865665778e-05 0.00017654502454867956 0.00044162362972726126 1.6025435884459906e-06 7.063414633056384e-06 0.0017354798963896867 4.610981258635673e-06 0.0014063333177999635 0.00045812214461661923 6.087841235663092e-06 7.964091336029333e-07 5.742132129878404e-07 7.929153639184639e-08 0.0 0.0 0.0 0.0 0.0 0.0 9.678533781470985e-08 0.0 0.0 0.0 0.0 0.0 0.0 5.8204734338219085e-05 9.932606048476602e-06 4.807076727616469e-07 0.0 0.0 7.236189283205993e-08 5.546855951858098e-07 2.288299459358252e-07 0.0 1.273522646652259e-07 0.0 0.0 5.90139907243485e-08 0.0 0.0 0.0 2.9879672895242198e-05 6.305527669416956e-08 1.3213356349358446e-07 1.1079800687505321e-07 0.0 0.0 0.0 0.0 7.228647817991514e-07 1.6598838915054981e-06 9.92163480196511e-06 7.211364079065961e-05 6.840770141119307e-06 5.3101343176773986e-06 0.0 0.0 8.17111243876055e-08 2.2294835408252314e-05 5.99668662422388e-07 4.864453758621251e-07 1.5340079186971913e-07 1.3612248685276008e-07 0.0 5.301003682424141e-08 2.570547980492713e-06 2.0286107907614797e-07 0.0 2.16985249871122e-05 1.5688267762359797e-05 1.5698391212848562e-05 6.798986996697507e-06 5.984236228356996e-07 8.420759074598235e-07 1.1849702886820325e-06 4.92987094193095e-07 5.985363145576218e-07 1.2873827495340383e-06 0.0 7.921709272980194e-07 2.564127680208523e-07 1.889124636642403e-07 0.0 1.8179569357733408e-07 0.0 7.06631635982353e-08 0.0 0.0 6.201562738502458e-08 6.125903823845584e-08 7.591842865912894e-06 7.957431919527247e-07 0.0 6.299247232728402e-08 0.0002098120934241573 1.1068095665220048e-07 7.89970920112994e-06 3.256967223637308e-05 1.1950351012511128e-05 1.5115017572971692e-06 5.390994346633765e-05 5.754539546730764e-06 1.4891344819765877e-05 2.581200488665777e-05 2.5398831705681424e-05 2.310776038889926e-07 1.4895058108729302e-05 1.0129742341464123e-05 5.382070284746325e-06 1.2261729273948607e-06 0.0 0.0 0.0 0.0 0.0 0.0 0.0 0.0 0.0 0.0 0.0 0.0 0.0 0.0 0.0 0.0 0.0 0.0 0.0 3.658764163398789e-07 1.5107237345813182e-07 0.0 0.0 0.0 2.2057014336385006e-06 0.0 1.838829269980668e-06 0.0 0.0 0.0 1.917111853029817e-07 0.0 0.0 0.0 0.0 0.0 0.0 0.0 0.0 0.0 0.0 0.0 0.0 0.0 0.0 0.0 0.0 6.559255586880063e-07 3.591826539181569e-07 0.0 0.0 2.7273183550701186e-06 0.0 0.0 0.0 0.0 0.0 0.0 0.0 0.0 0.0 4.871722078680088e-06 0.0 0.0 1.1113669269709984e-07 6.682000063007454e-08 1.6964209064708152e-06 0.0 2.3054438908049157e-06 6.132875467505247e-07 1.1627692596391392e-06 1.2094571580108443e-07 0.0 0.0 0.0 0.0 0.0 0.0 1.0752684704292657e-07 0.0 0.0 0.0 3.6953630411083316e-06 1.5244944905247694e-06 3.524699191982663e-07
4.2200685109722306e-05 0.0009193016813108521 0.00032893074415526753 8.67727865665778e-05 0.0 1.0050595693763106e-05 0.0015072680114308313 0.00013107523605944557 0.002796787290261762 0.00011474486063607373 0.0011500294527377506 1.961361304382004e-05 0.000852449002556676 0.0032989651662984247 9.937921937255466e-06 1.070268528217486e-05 3.007010482556081e-07 0.0 9.105548933890337e-08 8.251791787109678e-08 0.0 0.0 6.853298472576631e-08 2.3727419886873384e-07 1.1951137882750797e-06 0.0 3.714337520858035e-07 0.0 2.491524284471423e-07 8.244852680708292e-08 5.324792373044952e-05 5.348819625165363e-05 1.509868060626428e-06 2.706662640689791e-07 9.454308253809709e-08 3.444832808940806e-07 9.691440351563612e-07 4.478837369923306e-07 3.1277527985394055e-07 1.4763063075642836e-07 3.785017862077585e-07 6.405535780711211e-07 8.696119281017031e-08 5.125157515092513e-07 2.9261788430567924e-07 6.26166250406184e-08 5.642269392536949e-05 2.0001431137420695e-07 6.921090642666147e-08 7.195531228696073e-08 6.874662119384046e-08 0.0 1.1720846207478807e-07 0.0 4.857916053840336e-07 1.9021996406538793e-06 4.146075412574133e-06 1.3229390649641338e-05 3.020045360390006e-06 7.577094509864453e-06 6.139429627375237e-08 4.782291867345957e-07 7.02467612761727e-08 4.005732107271347e-05 4.4208869746249804e-07 4.81210163634711e-07 0.0 1.2312274273168453e-07 6.334109180225371e-08 0.0 5.7200086588445835e-06 1.1068545779497973e-06 0.0 1.5115930238405066e-05 1.9597827024260743e-05 3.863403434872198e-05 3.770986792684917e-05 5.799815812888767e-06 1.373746072553988e-06 2.778820569662794e-05 4.99291560905494e-07 2.2215610815637866e-06 9.863083618778613e-07 0.0 3.537558494482308e-07 1.8859793838799397e-07 1.2982112469824325e-07 0.0 0.0 0.0 2.138957965487868e-07 1.131679685596817e-07 7.082226519744627e-08 0.0 9.747773812939161e-08 1.5911905628912175e-05 2.1138762376967514e-06 0.0 4.669986070869826e-07 9.668087037427636e-06 1.073137946605921e-06 2.196261857583986e-06 1.5367626782114126e-05 3.0622069578760335e-06 3.027803571291943e-06 3.109504924246767e-05 3.831586053172395e-06 1.7512664693247737e-05 1.3779740976804184e-05 2.5577174035441737e-05 5.661145663373865e-06 2.9743492647763736e-05 2.0886208984605984e-05 1.0822775445220006e-05 9.132881116533615e-06 5.641755107606982e-07 7.59969338846609e-08 0.0 6.164531329686662e-08 0.0 0.0 0.0 0.0 0.0 0.0 0.0 0.0 0.0 0.0 0.0 0.0 0.0 0.0 0.0 1.4023284410781005e-06 1.8521941585882633e-06 0.0 0.0 0.0 5.324644671606037e-06 9.227938530150515e-07 4.831967212777448e-06 1.3194204397044643e-06 6.000353918183368e-07 0.0 0.0 0.0 0.0 0.0 0.0 0.0 0.0 1.4150183260827492e-07 0.0 0.0 0.0 0.0 0.0 0.0 0.0 0.0 3.594515850793206e-07 9.389313775167803e-07 4.7122914056565974e-07 0.0 1.1464318361048896e-07 9.058460431014383e-06 1.58083377877322e-06 0.0 0.0 0.0 0.0 0.0 0.0 0.0 0.0 2.120191889674373e-05 5.512065418515411e-07 0.0 0.0 9.051290958027454e-08 1.0510759868393516e-05 3.8672793229570263e-07 7.266048655210789e-06 0.0 1.0064031301961734e-07 1.0149524113477635e-07 5.974089917880462e-07 0.0 0.0 0.0 0.0 0.0 0.0 0.0 0.0 8.35828931006224e-08 1.4479221072583655e-05 3.2128227655425647e-06 4.37502624048443e-06
0.000196880755895942 0.0001297425086782191 2.6199960932639752e-05 0.00017654502454867956 1.0050595693763106e-05 0.0 7.610645400703213e-05 2.940954026028071e-06 2.5998847192901922e-06 0.0003188719606748862 3.889812688861253e-06 0.00013328648109605593 5.464398564941156e-05 8.946739438148677e-06 0.0 0.0 0.0 0.0 0.0 0.0 0.0 5.75064537764797e-07 0.0 0.0 8.042276083551713e-08 0.0 0.0 0.0 2.1717184163115438e-07 0.0 9.478224547819428e-05 6.221684655386994e-07 1.0877684087003105e-06 0.0 0.0 0.0 2.094419446700218e-06 2.0462271522982123e-07 2.5930318133157745e-07 0.0 2.1951722789663196e-07 0.0 0.0 0.0 0.0 0.0 3.0352663410917623e-07 0.0 0.0 0.0 0.0 7.644701413364681e-07 2.1463665780001882e-07 0.0 0.0 8.528279237052572e-08 4.525657063769355e-05 9.236260687720936e-05 1.6438584201004208e-06 2.839543498302291e-07 0.0 5.087739201916031e-07 0.0 2.6729384250881456e-07 0.0 0.0 2.0177778415821888e-07 0.0 0.0 0.0 1.0772180003926823e-05 1.1540839839355173e-05 1.205218336388152e-06 2.2785388878678208e-07 8.391743018916287e-08 1.6495021800252257e-07 7.25444977058079e-08 1.4055752492429956e-07 0.0 1.375621952708525e-06 0.0 0.0 0.0 1.785019907393247e-07 0.0 8.60830224643803e-08 0.0 3.986898404304803e-07 6.174491972685051e-07 1.9497118457582696e-06 4.1822366268677674e-07 7.861737885084584e-07 0.0 7.904054267622374e-08 8.40969911045069e-08 8.841696589820714e-05 1.9421838494770374e-05 1.089291376139923e-06 1.6018888530377467e-06 0.0003054811940856643 0.0 2.2045863426405202e-06 4.272814079553802e-06 4.863508453376635e-07 0.0 4.492457932390838e-06 2.3101355024055686e-06 1.5291451322166745e-06 3.3382446804453677e-06 7.055320272187483e-06 1.388276056052058e-07 3.504820162468168e-06 1.3015664582907939e-06 5.197458099898647e-07 4.0805554572109397e-07 0.0 0.0 0.0 0.0 0.0 0.0 0.0 0.0 0.0 0.0 0.0 0.0 0.0 0.0 0.0 0.0 0.0 0.0 0.0 1.0561379610077447e-07 0.0 0.0 0.0 0.0 0.0 0.0 1.9141901191118692e-07 0.0 7.793200108338543e-08 7.18993509996112e-08 0.0 0.0 0.0 0.0 0.0 0.0 0.0 0.0 0.0 0.0 0.0 0.0 0.0 0.0 0.0 0.0 0.0 0.0 0.0 0.0 0.0 0.0 0.0 0.0 0.0 0.0 0.0 0.0 0.0 0.0 0.0 5.758126616304138e-07 0.0 0.0 0.0 0.0 0.0 0.0 2.6126714515839694e-07 0.0 0.0 0.0 0.0 0.0 0.0 0.0 0.0 0.0 0.0 0.0 0.0 0.0 5.590243220405289e-07 0.0 8.786067552628618e-08
0.0002539769379851376 0.0013018104975170703 9.919244005713734e-05 0.00044162362972726126 0.0015072680114308313 7.610645400703213e-05 0.0 3.5852423229027015e-05 0.0009947140932887548 0.0007502169804314249 0.00024147324293335008 0.00020335159593050454 0.0021560369258643015 0.002263872542957802 8.341033767141581e-06 9.477223014183605e-06 4.1257247699514553e-07 0.0 0.0 7.740717231036481e-08 7.457741907729727e-08 0.0 6.466156841627886e-08 3.345188201285657e-07 5.067330975804588e-07 0.0 2.2795709435962002e-07 2.9307668761647415e-07 2.1903404961111388e-07 0.0 4.112815414147433e-05 2.990731283932765e-05 1.3026548034760043e-05 7.883234151519244e-08 3.679985541277434e-07 2.6681346578378776e-07 1.0178618216625985e-05 4.6253557671802253e-07 5.548693980646264e-07 3.3066644137822334e-07 3.8550425169432336e-07 7.196811276135158e-08 7.074370496623413e-08 5.208334028092464e-07 1.2593886574366003e-07 2.369591981196587e-07 4.5499431362610697e-05 5.973288886008896e-07 8.079151332173737e-08 2.4905493787124653e-07 6.452872037561458e-08 0.0 5.259520915631181e-07 0.0 2.6486476370247293e-07 1.8076259600408e-06 7.530586904263332e-06 1.8966466321768466e-05 3.816913092197808e-06 5.55453725269923e-06 3.079656064852991e-07 4.016340241243439e-07 3.7256274833327656e-07 2.945744186830889e-05 4.5422839980475587e-07 6.206816386955733e-07 6.690891871055705e-08 0.0 6.60868961120495e-08 0.0 1.8908610578193558e-05 2.654777954821335e-06 6.853903535058761e-08 1.5463761705729535e-05 1.3557534978029721e-05 2.8814326540527693e-05 2.6011422936458674e-05 4.237692687044749e-06 1.4568064536462556e-06 3.541987014380745e-05 4.928344254615676e-07 1.9554853305198645e-06 9.286259188260518e-07 0.0 5.071756229391151e-07 2.3634842530208467e-07 2.0109533148095523e-07 0.0 1.478114269688276e-07 1.3361208820819992e-07 6.65137728208405e-08 0.0 1.0441503586942191e-07 1.541057129688924e-07 0.0 0.0001256389012727387 5.187845586917904e-06 0.0 1.618029584650321e-06 5.720873532266412e-05 3.93668623606511e-06 1.0361684788475202e-05 5.547610955162939e-05 1.1414946357959173e-05 1.2170051339400334e-05 0.00011070666443320065 2.1135157150858173e-05 7.17630797410395e-05 6.475848720812904e-05 0.00010391153050981671 1.7926815763341962e-05 0.00010361716081113437 7.602268164267068e-05 4.282682375939693e-05 1.997239968947129e-05 7.417876307934461e-08 0.0 0.0 0.0 0.0 0.0 7.242248298724273e-08 0.0 0.0 0.0 0.0 0.0 9.997507059415663e-08 1.5372649075744207e-07 1.7529512229204807e-07 0.0 0.0 0.0 0.0 5.527761834753974e-06 5.214459134333946e-06 6.221847248448448e-08 0.0 3.7701279176791295e-07 2.066975942815525e-05 2.6950234480838105e-06 1.4835953456524099e-05 1.715481078544163e-06 6.907328967321424e-08 0.0 0.0 0.0 0.0 9.082464494977544e-07 0.0 0.0 7.473468917381774e-07 1.2446145233024439e-06 0.0 3.5766231556359753e-07 2.0275496938985582e-07 2.196038525199403e-07 0.0 1.1042174937653534e-07 0.0 0.0 1.7179539894192216e-06 1.1241218119082423e-06 8.982561826775313e-07 9.382667550705968e-07 5.076824583286147e-07 2.4823759513736384e-05 2.114999835929168e-06 0.0 0.0 0.0 0.0 0.0 0.0 0.0 9.66187545106929e-08 6.719884826216575e-05 4.5071435726408594e-07 0.0 0.0 0.0 2.492295977804853e-05 1.8461058595375267e-06 1.944441801416948e-05 1.193209314489839e-06 6.0845904838706165e-06 1.1415457234867718e-06 4.0215538474261335e-07 5.019244124494616e-07 0.0 0.0 8.36464199997477e-08 1.713230735567962e-07 1.212823039488864e-07 0.0 0.0 0.0 6.291935305285064e-05 6.343363610889554e-06 9.721974531388422e-06
6.066862005374705e-05 0.0008167556116942868 0.0006216871891911116 1.6025435884459906e-06 0.00013107523605944557 2.940954026028071e-06 3.5852423229027015e-05 0.0 0.00016056396796487054 4.8568005619535e-06 0.0013871925339886384 4.8437432017131715e-05 8.236600663770818e-05 0.0008136739531895998 2.1935818717658907e-05 2.854572062142483e-05 1.2600488770976197e-05 3.6888635326446626e-06 4.237541314209755e-06 1.2507255415636995e-05 3.0541131890174235e-05 5.131679976773916e-07 8.624562214516172e-06 6.483384420220117e-06 2.4732100034059963e-06 1.8616821815948333e-06 8.406720692713152e-07 7.92457721320751e-07 9.077634343646777e-07 3.411479648605552e-07 0.0007302026635887778 0.0022050053889318 5.776057849932592e-05 2.809363747111661e-05 1.038649380463002e-05 3.365488182744576e-06 2.217608526282215e-05 5.772201264646164e-06 4.870818153556071e-06 4.383379384432646e-06 2.857179332315962e-05 1.3754329103055948e-05 1.4223387519036741e-05 5.5905076252515825e-06 1.4436602573678143e-05 6.930465731552882e-06 0.00011887111512004842 3.931857585736802e-06 3.866596837649274e-06 1.536327434579284e-05 6.46237080532166e-06 1.5833473612211335e-06 1.4125017882449003e-06 4.465568088646285e-07 1.2527077654117442e-06 3.896893239106201e-06 8.6829608408471e-06 6.207107051420522e-05 9.883250113571596e-06 1.084138053385822e-05 3.445822975046819e-05 0.00022423799283875388 6.361204670629878e-06 0.0004225484528595196 1.428763979857739e-06 1.8889600717671596e-06 6.408169200957973e-07 5.1245276860698e-06 2.358090571293394e-05 2.6651550197200804e-05 3.692922150065243e-05 4.1027084961286135e-06 1.507682200156509e-07 3.697669033517644e-05 5.312685018237997e-05 6.737745163583207e-05 0.00015092110767910835 0.00034144385155995935 0.0005767784099178724 0.002935126996956684 0.00011213230457055772 0.0013474693839090333 3.0100404098500703e-06 3.0016366140610937e-07 2.1317217491679716e-06 7.583390497311407e-07 3.520046513215991e-06 0.0 5.788050265709285e-07 4.3128168952136595e-07 2.622706305635636e-06 3.8121067238314766e-06 3.252989326586262e-05 8.867718767439796e-06 9.383413935832711e-06 1.0838530176802571e-05 3.914917062211215e-06 3.243650279472249e-07 3.0328012755183787e-06 1.4829482289970225e-05 0.0 3.2043869452601196e-07 3.5794297878373684e-06 0.0 3.9441141471804814e-07 5.026098475533513e-06 2.4097871023082004e-07 3.9205300329396065e-06 1.0435429374939382e-06 2.1564204509650074e-06 4.310193245467379e-06 4.5625338217845386e-06 4.892884619126918e-06 4.3370176417754986e-06 3.2666353865173127e-06 0.0 0.0 0.0 0.0 0.0 0.0 3.6672183499846214e-07 0.0 0.0 0.0 9.892389339966264e-08 0.0 2.5959289345225844e-07 0.0 1.613185145827198e-07 0.0 3.006473291489512e-07 5.39524538044976e-07 3.255522556317301e-07 9.258847899990724e-08 5.421298774258501e-07 0.0 0.0 3.7674691854964807e-07 4.526219169612153e-06 4.2501559626314957e-07 8.701781589043657e-06 1.6881070403074574e-06 7.383206134478434e-07 0.0 2.6545444324014216e-07 4.254211885706046e-07 0.0 5.485580183502167e-07 0.0 7.619977432262251e-08 0.0 3.8574160586585726e-07 0.0 7.198952768464055e-08 7.687627613112896e-07 1.2653207962935668e-06 5.685936695468155e-07 1.0306252077743317e-07 0.0 0.0 0.0 3.5738879748808545e-07 0.0 4.501215125690564e-07 2.0737283142556434e-07 4.542549530976445e-06 0.0 0.0 0.0 0.0 0.0 3.0059768885332556e-07 9.96239572175849e-08 0.0 9.626313346524424e-07 1.0951070922117103e-05 1.9000104845046467e-06 9.627338410005326e-08 5.926615074685118e-07 2.257269818199849e-06 3.4840398229302152e-06 1.204319590188771e-06 3.5641947340721793e-06 5.029032105595177e-07 1.866196665582266e-06 3.480663369174003e-07 0.0 3.4511868973028377e-07 0.0 0.0 0.0 0.0 0.0 4.076629589939559e-07 3.694067601401791e-07 8.112111947735337e-07 3.843942543155592e-06 2.270317095619309e-06 7.364685731280229e-06
3.9898205391116055e-06 0.0005349324696923587 0.000474527791365047 7.063414633056384e-06 0.002796787290261762 2.5998847192901922e-06 0.0009947140932887548 0.00016056396796487054 0.0 1.828410624516895e-05 0.0008478384587983039 6.96736333672086e-06 0.0007102589362161024 0.0025160391821356987 1.6847503559656258e-06 1.4125037181052053e-06 0.0 8.652122195259421e-08 0.0 7.599516717679708e-08 0.0 0.0 0.0 9.004144564003842e-08 6.6461713207586e-08 0.0 0.0 0.0 0.0 0.0 9.164745081984597e-06 9.596508131807138e-06 2.3566211290421081e-07 7.970448920515109e-08 0.0 0.0 0.0 9.06362062108781e-08 1.5649956949391688e-07 7.495909789836302e-08 6.632949446919511e-08 0.0 3.1066268415314017e-07 8.178833744580274e-08 0.0 9.806854574965464e-08 9.955043154440488e-06 1.4308467233232887e-07 0.0 0.0 0.0 0.0 0.0 0.0 6.531338106507536e-08 5.918860439152393e-07 4.1748714129048203e-07 1.6273599091686746e-06 2.178677846845605e-07 1.0634173055101117e-06 0.0 0.0 0.0 7.324713401819392e-06 9.900481701052382e-08 0.0 0.0 0.0 0.0 0.0 1.4851431099323433e-06 0.0 0.0 2.3661482946500835e-06 2.8681959850841553e-06 6.008036458983052e-06 6.843132355393723e-06 1.4592117961031444e-06 1.2282243968681713e-07 1.7802766300759474e-05 7.359451418721988e-08 1.8023688853862578e-07 1.3669695592140627e-07 0.0 0.0 0.0 6.070547598978153e-08 6.272127567793603e-08 0.0 0.0 0.0 0.0 0.0 7.856486474150498e-08 0.0 5.174902116404566e-06 1.2484884241905368e-06 0.0 0.0 1.8933994823241243e-06 0.0 1.4599960978572343e-07 2.336280942160166e-06 0.0 3.9626764199566114e-07 8.598517691538737e-06 2.438884827440744e-07 2.6900962536809863e-06 4.511959893306108e-06 3.5435914895169584e-06 0.0 4.719486367716348e-06 3.863055837663811e-06 5.404705261990963e-06 6.358841924944651e-07 0.0 0.0 0.0 0.0 0.0 0.0 0.0 0.0 0.0 0.0 0.0 0.0 1.5894596110502458e-07 0.0 0.0 0.0 0.0 0.0 0.0 4.970318856096538e-07 0.0 0.0 0.0 0.0 1.5050153243362923e-06 0.0 7.633242564805765e-07 9.389868633313016e-08 0.0 0.0 0.0 0.0 0.0 0.0 0.0 0.0 0.0 0.0 0.0 0.0 0.0 0.0 0.0 0.0 0.0 0.0 0.0 0.0 0.0 0.0 0.0 1.3042062880977485e-06 0.0 0.0 0.0 0.0 0.0 0.0 0.0 0.0 0.0 4.50989430881588e-06 0.0 0.0 0.0 0.0 7.960530184386626e-07 2.851337275515609e-07 1.1817521207628248e-06 0.0 0.0 3.544312399555374e-07 0.0 0.0 0.0 0.0 0.0 0.0 0.0 0.0 0.0 0.0 5.38737939570663e-06 1.9318621995380386e-06 5.682272664557493e-07
0.0007413869981570527 0.0006951169612309677 1.319581906081774e-05 0.0017354798963896867 0.00011474486063607373 0.0003188719606748862 0.0007502169804314249 4.8568005619535e-06 1.828410624516895e-05 0.0 3.944551557943179e-05 0.0027904225129628812 0.003227024377450219 0.00012214272919654052 2.611558108647859e-06 1.6031290400046824e-06 8.240749629885713e-08 0.0 0.0 1.3980244610318698e-07 0.0 7.084236278130958e-07 7.586148472793321e-08 2.791321883075843e-07 0.0 1.4986530643677037e-07 1.4356450832355043e-07 3.2096683762433915e-07 0.0 0.0 3.8809914768743285e-05 4.865590222589036e-06 6.480596755655388e-06 0.0 0.0 0.0 9.162565453937933e-06 3.0082277396127733e-07 8.3228557230261e-07 1.6244731504726336e-07 5.64129343281322e-07 3.571410947902778e-07 0.0 0.0 0.0 1.3955863109497947e-07 1.5560734757420153e-05 6.700856989092481e-07 0.0 8.31535877512059e-08 0.0 5.827368745446557e-07 4.5733491085466895e-07 2.3809170447536786e-07 4.1382893725272155e-07 1.3706290777943504e-06 3.7861637637148704e-05 7.393487829783019e-05 5.440010079797468e-06 4.228736634226628e-06 6.367726973820339e-08 1.4297513644477037e-07 0.0 1.5162362966358648e-05 8.079218178059667e-07 4.0446033717165024e-07 1.2762579206373464e-07 3.0467512940412817e-07 0.0 0.0 8.835975616371561e-05 2.4082092317413565e-06 2.30170369101168e-07 1.53457252263694e-05 7.92579791044996e-06 1.0592365824717493e-05 5.288619190820527e-06 9.522795826218826e-07 2.2990471963482264e-07 7.2175203087332835e-06 2.3556800657609644e-07 3.65164134734856e-07 9.510878519299995e-07 7.83616327376844e-08 4.966720226007326e-07 2.844924871809576e-07 2.900110019688607e-07 0.0 0.0 8.862084470356585e-08 0.0 0.0 0.0 0.0 1.2281785743396708e-07 0.0003229966382299167 3.69417969085813e-05 7.778739581165464e-07 3.5814349732938453e-06 0.00048696895509255165 1.9788581856568085e-06 1.9797951342333836e-05 8.300558583676965e-05 3.935208885581922e-05 9.559249307134225e-06 0.00014872629967292836 4.406697801193742e-05 7.830737835117521e-05 0.00010295901300898201 0.00015255107739803477 9.26005516745651e-06 9.903122237542482e-05 0.00012522054728388184 3.927808314620356e-05 1.6403171623341002e-05 0.0 8.010789899909199e-07 0.0 0.0 0.0 0.0 7.466848610850601e-08 0.0 0.0 0.0 9.482734070574192e-08 0.0 8.290132610803978e-08 0.0 0.0 0.0 0.0 7.700563084495115e-08 0.0 5.275559262094622e-06 7.499416168873735e-07 0.0 0.0 1.1149199209916429e-07 1.2488418785715653e-05 1.679159387509312e-06 6.5013862876680354e-06 1.2753046255846076e-06 0.0 0.0 0.0 0.0 0.0 0.0 0.0 2.370318196020093e-07 1.6681896606462715e-07 1.8689590415185943e-07 0.0 0.0 0.0 6.081771461406685e-07 1.6894754604317185e-07 0.0 7.307576866950881e-08 0.0 1.4877038574202746e-07 4.47555562848999e-07 3.223485346281202e-06 0.0 3.1415839768240993e-07 1.0419839226878054e-05 7.36997950591105e-07 5.3771613774014153e-08 0.0 0.0 0.0 0.0 0.0 0.0 1.333692148226533e-07 4.0968426148764895e-05 5.024956557612692e-07 0.0 0.0 0.0 1.0096384389108591e-05 1.3077498006308068e-06 7.340521302451808e-06 9.014549168102369e-07 1.736138102805519e-06 1.7058389510645828e-07 3.4949173453564567e-07 6.499516388215844e-08 0.0 0.0 0.0 9.617135322479233e-08 0.0 0.0 0.0 0.0 4.212852193656369e-05 5.703135410062773e-06 3.5981078149398183e-06
3.616168592538926e-05 0.0005933241945072076 0.0008548115593533295 4.610981258635673e-06 0.0011500294527377506 3.889812688861253e-06 0.00024147324293335008 0.0013871925339886384 0.0008478384587983039 3.944551557943179e-05 0.0 0.0005274668207460702 0.0011541350564112413 0.0033205983148996607 1.8909649971120293e-05 2.983844925181793e-05 1.4116353555518832e-06 1.7950838958094237e-07 2.0141454156301463e-07 1.657742208055171e-06 7.026097166734585e-06 9.774083682385552e-07 2.4109740316568124e-06 2.312437765150074e-06 2.150220462414489e-06 2.1222143856048664e-06 8.906106821435097e-07 1.7961232094906899e-06 1.904305244107197e-06 4.396905570205161e-07 0.00018015085434069478 0.00011601800872201284 0.0005964585039315496 3.859891174422338e-06 4.172534995362114e-06 2.1250159647420787e-06 9.655773051918433e-05 9.523311504470646e-06 7.498572209264122e-06 3.027638596204847e-06 1.2598549154155108e-05 4.274650901013902e-06 9.328087791613949e-07 4.577845589827605e-07 9.380737177636054e-07 1.2282276739014909e-06 5.889930604407996e-05 7.043949838267228e-07 3.9519563256516836e-07 5.560888087335433e-07 1.3834906690896719e-06 3.6793533675210657e-06 3.3569908726377723e-06 5.734922003964614e-07 4.149497199401522e-07 2.1475636274616565e-06 2.8658907622882158e-06 1.6387112878160907e-05 3.2709197136866203e-06 6.934412034832905e-06 2.752755806459647e-06 5.0308068172516414e-06 4.836237988971135e-07 5.543246832465364e-05 4.4075088007471687e-07 5.677089777648738e-07 1.5895570829801487e-07 6.788776436789608e-07 2.674977560236898e-06 5.749931823453904e-06 0.0001869484741479036 6.71564361604214e-06 7.234269957887105e-07 1.408553498234293e-05 2.1132009031274244e-05 4.6599070472569626e-05 5.678420039213889e-05 1.749933236520592e-05 2.8264602294542917e-06 0.0010536636268234196 2.1942906171582864e-06 9.960219580512574e-06 1.2933419623732554e-06 1.0454867170330256e-07 4.4491146777108e-07 5.4947528002093076e-08 4.7290286086098957e-07 0.0 3.902061465602735e-07 3.8149826258979266e-07 2.0251719102197462e-07 7.183487735017671e-07 1.0764193990263413e-05 1.3822150034590112e-06 3.72524760851155e-06 2.7897788758549466e-05 1.1932667492768081e-05 4.1453245057940176e-07 2.3149895625612274e-06 1.3448471771062504e-05 1.815761929443715e-07 4.6335543171981065e-07 3.808416635145197e-06 1.1124196331369422e-06 1.1817934962219262e-06 7.319080880767039e-06 0.0 8.048819591898037e-06 5.948227906546808e-06 7.840304478954783e-06 5.040862736614224e-06 1.0548576520586067e-05 1.104057785705211e-05 7.938618214854654e-06 5.3648565787731055e-06 1.932773368630446e-07 0.0 0.0 0.0 0.0 0.0 0.0 0.0 0.0 3.010834076554288e-07 3.962073688223642e-07 0.0 1.1061614690873702e-06 0.0 0.0 2.0329189475102063e-07 2.5010560696242345e-07 6.855200830041631e-08 1.0688494940105992e-07 2.2906451392981235e-06 6.923425773635315e-07 0.0 0.0 0.0 7.890271694780681e-06 1.0793409324998606e-06 8.926504927433683e-06 1.5004807679370875e-06 4.792199042958599e-07 0.0 4.0265970292301933e-07 0.0 0.0 0.0 6.323719632766422e-08 0.0 9.014402657210126e-08 9.12363461507808e-08 0.0 0.0 1.9247693895525043e-07 7.393428054457743e-07 3.622258338518741e-07 8.756729014492785e-08 0.0 0.0 8.782215290415733e-08 1.1602087452261247e-06 0.0 2.050859749330115e-07 0.0 7.676955136013318e-06 4.39288400237324e-07 0.0 0.0 0.0 0.0 7.8598996232215e-08 0.0 9.310075901944635e-08 1.7387987741714686e-07 2.2907913625759214e-05 1.5658000411360415e-06 1.7788188094061272e-07 0.0 3.6668679917707774e-07 6.946595886225764e-06 6.094525880194097e-07 6.84263353778134e-06 1.7273750733098946e-07 1.0966960590091581e-06 1.6105582050631026e-07 0.0 0.0 0.0 0.0 0.0 0.0 0.0 2.542471804071332e-07 1.724719697406037e-07 0.0 1.3504992675947063e-05 5.014110546915105e-06 6.270884840310081e-06
0.0004005663983435652 9.330105249863206e-05 4.6385423954305084e-05 0.0014063333177999635 1.961361304382004e-05 0.00013328648109605593 0.00020335159593050454 4.8437432017131715e-05 6.96736333672086e-06 0.0027904225129628812 0.0005274668207460702 0.0 0.0011649508422194187 0.00026093150232050106 9.195092648047099e-06 1.2480512782009436e-05 5.24791485695527e-07 0.0 0.0 1.5422134609625545e-07 1.6986490187615206e-06 2.324150446277093e-06 1.8247079786864376e-06 7.947427085524769e-07 1.3217109741191926e-06 1.6307270772202309e-06 2.3643924527388234e-07 8.985067941502917e-07 1.0302364854293017e-06 3.773995842526374e-07 2.4724660096278923e-05 1.3539821843787833e-05 5.080567837293083e-05 5.088384586358642e-07 4.76542185830548e-07 8.28145933379704e-07 0.00010417404805528491 5.650925836407302e-06 7.487566598187004e-06 2.4117001346043593e-06 3.931232404227916e-06 1.6497633358071893e-06 8.577145723956815e-08 8.799380791834813e-08 5.5939126586540044e-08 6.089824292987036e-08 2.24872414364951e-05 1.9627831625245742e-07 8.684631484553536e-08 8.977872359463891e-08 1.161346020294617e-07 2.793509095380276e-06 5.59779504813054e-06 6.25859001728818e-07 3.1028602110426835e-07 6.282442484664422e-07 4.902632879600282e-06 2.316753205489928e-05 2.335037711234826e-06 2.566055587345825e-06 7.212221070826429e-07 1.833227011375419e-06 7.379822632536759e-08 1.4055453890831975e-05 1.0945833421094016e-07 3.375625035041017e-07 1.2769380332424528e-07 1.9433068631575643e-07 1.827837867150433e-07 4.4691390294354673e-07 0.00025091251975696425 1.5530724054533854e-05 4.6725668628005393e-07 8.004629725215846e-06 5.640699422743611e-06 1.4577121739132755e-05 1.7121060265004952e-05 4.533568921385167e-06 5.105819755455618e-07 8.681851549219181e-05 5.504124089974911e-07 3.5759488372732824e-06 5.322576164356361e-07 0.0 3.150724895342654e-07 5.426896767592786e-08 1.2206697862284215e-07 1.6649770026180794e-07 7.590536341163349e-08 1.1880515577185346e-07 2.738682519275131e-07 8.909201683400705e-07 1.3337704054603547e-06 4.204817111197027e-07 3.3629779472524573e-06 0.0006327200251897979 8.166813323920114e-05 4.837294424335736e-07 1.1680959132160775e-05 7.48369453299695e-05 1.6155259078863402e-06 5.1746550663165235e-06 3.694078448708385e-05 7.685803778587118e-06 5.806895482110533e-06 7.849728159766171e-05 1.1366892896961678e-05 4.9057584412615355e-05 5.014979773710215e-05 5.833730709410003e-05 1.849410960671232e-05 8.64639341380058e-05 6.292816635194421e-05 3.867752289764321e-05 2.6840947796979854e-05 1.271221544620836e-07 5.961893853361998e-07 6.292780802256824e-08 0.0 1.7894352786033676e-07 1.774952562698278e-07 2.980342376963685e-07 0.0 0.0 0.0 3.119781869484563e-07 0.0 7.914592983027615e-07 7.144747467532202e-08 1.2350640268953693e-07 3.475283487346181e-07 5.380407178682673e-07 8.377825649527624e-08 0.0 5.44906796770792e-06 4.143962938072289e-06 0.0 1.867091179141171e-07 2.953214507791839e-07 2.967752608356936e-05 4.344894236088808e-06 2.3267686210935953e-05 2.672813249873719e-06 5.623358131561332e-07 2.51894158607405e-07 1.3048461440033503e-07 0.0 1.2088081842145264e-07 6.635556156780893e-07 4.59878308245847e-07 2.0496902726312182e-07 7.642715568464744e-07 1.0597153113571194e-06 0.0 0.0 1.68737205254411e-07 9.878418549806838e-07 6.487233013833817e-07 0.0 0.0 0.0 2.058808191317054e-06 2.453933794192939e-06 1.5345616860517919e-06 5.762392306803156e-07 1.1410825896440362e-06 2.8769574618346888e-05 3.1090322725567585e-06 0.0 0.0 0.0 1.2389432791835352e-07 0.0 1.6530379731170636e-07 0.0 0.0 8.370740384643282e-05 2.6901367993933863e-06 3.248562379943509e-07 2.1528521206148857e-07 0.0 3.151435806933321e-05 3.3381124290764883e-06 2.098701309335362e-05 2.291462738134724e-06 3.768934271111436e-06 1.0378059755716935e-06 6.082651179369918e-08 5.215364360015994e-07 0.0 0.0 1.4742005223125313e-07 1.0201476512270712e-07 0.0 0.0 0.0 0.0 5.907719516898896e-05 1.5410701231493455e-05 1.7373715217430414e-05
