0.0 0.0009583801500249857 0.00025310116776769615 0.0011165641746294882 2.993005900071698e-05 4.787072042862652e-05 0.00040260450800653553 2.4602857531610116e-05 1.416440821079282e-05 0.0006221554337380154 8.761410267440535e-05 0.00021280218792145482 0.0001443278621742734 1.9808326383609064e-05 5.788998545566253e-07 3.2452679036657803e-07 1.302472292491106e-07 0.0 1.3063490178030154e-07 1.537499267322512e-07 0.0 1.5108774514126187e-07 0.0 0.0 0.0 0.0 0.0 0.0 0.0 0.0 0.0011862353237230986 5.285043358816356e-06 3.894238971086292e-06 6.887436262713437e-08 0.0 0.0 2.7404061977349696e-06 0.0 1.3822887764952997e-07 9.266714783725376e-08 0.0 3.3608953937891453e-07 0.0 5.196573420261774e-07 2.0093140240627032e-07 0.0 9.567460155815671e-06 1.3271328281392514e-06 0.0 5.4280490848858466e-08 0.0 1.2938304928964695e-07 0.0 0.0 3.5463278552775894e-06 1.8725802781037847e-06 7.47301959528324e-05 0.000746437058605315 2.8855352218556693e-05 8.788185307532883e-06 8.308521789744607e-07 3.3816696696068277e-07 7.024823709168861e-08 8.233740420431681e-06 9.454883373948445e-07 1.3460902319241048e-07 2.717369768004447e-07 0.0 0.0 1.4563670197579873e-07 1.1540534944762903e-05 5.706343526139104e-06 7.004214648680485e-07 8.540581985409213e-05 3.700829883703712e-05 6.442834114420778e-06 2.3945722711450716e-06 1.0929603050788476e-06 2.2152380728255193e-07 1.9140807439839135e-05 4.853769787133337e-07 2.4138499106059336e-06 2.1268370360651692e-06 4.850495623530404e-07 0.0 6.738704278607269e-07 0.0 0.0 0.0 4.25412310822703e-07 2.383063277946973e-07 2.439921684113213e-07 2.4588806273255417e-07 6.810598471554933e-08 0.0 0.00010048763472743202 9.079079540565668e-06 2.5204519460125897e-06 1.956009162756583e-06 0.001117369205345862 0.0 8.394126173441105e-07 4.5299667610769474e-07 1.7301103770792946e-05 2.771487298040368e-07 1.1385210988199009e-05 2.7315632893213935e-06 0.0 1.321200103082842e-05 3.200262850691945e-06 3.805815111072155e-07 4.942224842900365e-07 6.712127915535043e-06 2.7009338371734983e-06 3.5443527896911e-07 0.0 0.0 0.0 0.0 0.0 0.0 2.035395252634215e-07 0.0 0.0 0.0 0.0 0.0 0.0 1.118099185536445e-07 1.0186188991723031e-07 4.3169078135814453e-07 6.995735482149708e-08 2.4462106426190626e-07 1.7647781546967852e-07 8.188146010063887e-07 2.0939246824947905e-07 0.0 0.0 0.0 0.0 0.0 7.983467507104977e-07 5.087560105113033e-07 0.0 0.0 0.0 0.0 0.0 0.0 0.0 0.0 1.9255589893528568e-07 0.0 0.0 0.0 0.0 0.0 9.19062038706031e-08 0.0 0.0 0.0 0.0 0.0 6.492179170990304e-07 6.704721913692266e-07 5.853846778962109e-07 7.07786224952186e-07 2.2914938114217283e-07 0.0 0.0 0.0 0.0 0.0 0.0 0.0 0.0 1.3021794834536234e-06 5.331796034416134e-07 0.0 0.0 0.0 4.371774399231196e-07 1.0697801325493462e-06 9.861721379928115e-08 0.0 7.906197583756628e-08 0.0 0.0 0.0 0.0 0.0 0.0 0.0 0.0 0.0 0.0 0.0 7.148246586899995e-06 0.0 0.0
0.0009583801500249857 0.0 0.0016054459164725435 0.0011392034339834016 0.0024450086222548646 2.2437334067334165e-05 0.0024570343234704465 0.0003536986344877398 0.0029433590822370618 0.0003379554653725091 0.0009586310887953205 7.480868994945429e-05 0.000497411872908103 0.000637095873595844 4.170903600608479e-06 4.174006599739803e-06 5.789386381971982e-07 2.405810106608235e-07 1.3950378679103983e-07 5.28481727651106e-08 1.7017121810450528e-07 6.906835035252977e-08 1.399926046732152e-07 3.986487881308139e-07 0.0 2.5290687870185553e-07 0.0 0.0 0.0 5.153388407561828e-08 0.0019109330111808161 3.8650093635444495e-05 1.5903366134431696e-05 3.165200592301109e-07 7.473178485055393e-08 1.1492307790630149e-07 2.432942853531094e-06 2.7736680212056905e-07 4.142541432143041e-07 0.0 1.5190631335441802e-07 3.216348864691994e-07 8.149781193082053e-08 1.658773913739829e-06 2.4532807860799083e-07 2.897223711800731e-07 6.362836670220341e-05 1.0469262193265852e-06 1.0746614038110441e-06 0.0 1.9333502800971838e-07 1.5493448141278502e-07 0.0 0.0 1.3047873063707115e-05 4.758376904179863e-06 3.2977092722923164e-05 0.0002815906586346017 4.482306737984957e-05 3.5157561773462305e-05 1.168070366987101e-06 1.6582511638965735e-07 2.435582683628329e-07 4.3650247889034736e-05 2.683302734578335e-06 5.646864348980945e-07 1.0044294498893216e-07 3.3690660292586146e-07 1.5935321927496446e-07 4.1212745891923977e-07 1.1045325886097367e-06 3.4607192704338553e-07 0.0 0.00018938714060690902 0.00012014820145415748 4.695017755504181e-05 2.1440064420141355e-05 3.4532763272975824e-06 8.039348128530012e-07 6.435622097820452e-05 1.8297481965330515e-06 4.149249671102264e-06 7.654710568673657e-06 5.259767811960269e-07 1.1535516043719064e-07 1.2234616342132937e-06 2.2189985465336124e-07 5.060679615728435e-08 1.3322192951515396e-07 0.0 2.2204263903458932e-07 1.1113727813330194e-07 8.506731419818933e-07 4.376771082860442e-07 2.2950521732000755e-07 2.7400441611405385e-05 1.9568982566116615e-07 3.170387519370861e-07 0.0 0.00039486569244659393 0.0 0.0 8.667259738710196e-08 2.1344502398801463e-05 0.0 2.9368005061289093e-05 1.0327174725753241e-07 3.080481975309988e-07 1.5051476507063906e-05 0.0 0.0 5.015256970705552e-07 1.575174609499684e-06 1.375923690817877e-07 2.2396619835731154e-07 0.0 0.0 0.0 0.0 0.0 0.0 0.0 0.0 0.0 0.0 9.716803650173752e-08 0.0 1.0495911867847146e-07 0.0 0.0 7.951180647747048e-08 0.0 0.0 0.0 0.0 0.0 0.0 0.0 0.0 3.10569273213297e-07 5.163556673645029e-07 4.784203754775914e-07 3.081623684247773e-07 1.321682162381814e-07 0.0 0.0 0.0 0.0 0.0 1.7416402121390424e-07 0.0 0.0 0.0 0.0 0.0 0.0 0.0 0.0 0.0 0.0 0.0 0.0 0.0 7.625301231980963e-08 0.0 3.735052298000512e-07 4.6439427931325894e-07 4.3593707851367954e-07 0.0 0.0 0.0 0.0 0.0 0.0 0.0 0.0 9.717895650501794e-07 0.0 0.0 0.0 0.0 7.745103450779975e-08 5.384333913227186e-07 0.0 0.0 0.0 0.0 0.0 0.0 0.0 0.0 0.0 0.0 0.0 0.0 0.0 0.0 1.1129959238669972e-06 4.084912269401473e-07 2.9207040031652723e-07
0.00025310116776769615 0.0016054459164725435 0.0 4.734066319130704e-05 0.0003851961161420671 1.0621423674173046e-06 0.00020710939234034047 0.001613767920841236 0.0018606697607153279 6.398545238862628e-05 0.001751536997500527 3.125824529383845e-05 0.00025666880109562223 0.0007951253887647903 3.6809335463544013e-06 6.478947404505244e-06 7.541928670510159e-07 1.3562518933668503e-07 7.696364581022834e-07 4.1070967601039033e-07 2.151458549709778e-06 9.2699664518236e-08 1.6035929521702638e-06 1.6176765037406693e-06 1.278698516727352e-07 4.61260014906513e-07 8.946924051916575e-08 7.273905309231837e-07 6.347359914935374e-08 0.0 0.002300895500331184 0.0002828079250862718 9.360940610322806e-05 4.711175008745277e-06 1.7148994382125135e-06 9.739285746968311e-07 4.168016305061734e-06 9.579590506635627e-07 3.2188364801732454e-07 1.2658746885913027e-07 3.9726148538937446e-06 3.553787667559448e-06 6.131085351739929e-07 1.524451482284261e-06 1.5411638992555657e-06 2.912262547641733e-06 2.4039472806789276e-05 1.413184028177339e-06 6.24467776840066e-07 5.600824790812305e-07 1.6123381863935161e-07 7.867416922720813e-08 1.7852492129608979e-07 5.420743905610877e-07 2.9709830601790835e-06 1.4927199987002676e-06 1.06721328422574e-05 8.877951993745767e-05 1.53059933488142e-05 1.1266167240350903e-05 1.9130356127668174e-06 6.844516746628032e-06 5.415622210538893e-06 6.432457054796001e-05 8.810366952777436e-07 2.5708429392673926e-07 4.847051080067285e-07 6.71700699187111e-07 2.2770755734206327e-06 9.966545565305481e-06 3.369253362684603e-06 1.5071550661197878e-06 0.0 5.895218225425581e-05 4.675821954490823e-05 2.7285612279666398e-05 1.9430435876147877e-05 5.497052456501258e-06 6.810477507316685e-06 0.0004869262440284472 3.898950706689967e-06 0.00014474431132753318 1.7513595861365091e-06 0.0 3.3657709095784454e-07 4.6992683268056114e-07 1.4980910363301002e-06 6.698373215468609e-08 6.007538252143376e-08 0.0 1.4425879520443973e-07 6.03116945705939e-08 5.0662733687867e-06 8.851345767270296e-07 1.2372192591919297e-06 4.18305614649649e-05 4.501842612928577e-07 0.0 5.723232217488054e-07 6.397052218670604e-05 0.0 0.0 0.0 0.0 0.0 0.0 4.0061093742420077e-07 0.0 0.0 5.080799287256705e-07 0.0 2.0077854718982048e-07 9.494967930055347e-07 5.790484142738312e-07 1.5425785834458856e-07 5.501921740092233e-07 0.0 0.0 0.0 0.0 0.0 0.0 0.0 0.0 0.0 1.0410111132659197e-07 0.0 1.8199010301916024e-07 0.0 2.0692969217541717e-07 0.0 3.039727966887383e-07 1.533398381506702e-07 1.1590120032837003e-07 0.0 0.0 0.0 1.7730851536451444e-07 0.0 2.6405631130080915e-07 1.8316586309950776e-06 1.1537556629325237e-06 5.03063858242033e-07 5.26739314249103e-07 1.1333271027985039e-07 9.281115879456656e-08 0.0 0.0 0.0 1.8625197322166535e-07 0.0 0.0 7.950938312067156e-08 0.0 0.0 0.0 2.2677159139650574e-07 9.235329333642335e-08 0.0 0.0 0.0 0.0 0.0 0.0 0.0 4.374889902486331e-07 1.0176151527316231e-06 7.911917103073681e-07 0.0 0.0 0.0 0.0 0.0 0.0 0.0 0.0 2.5521835388462754e-07 8.964347391393394e-08 0.0 0.0 0.0 0.0 0.0 4.2629548533084665e-07 0.0 0.0 0.0 0.0 0.0 0.0 0.0 0.0 0.0 0.0 0.0 0.0 0.0 2.5020916613157053e-07 6.206454926359155e-07 4.1518683762818305e-07
0.0011165641746294882 0.0011392034339834016 4.734066319130704e-05 0.0 2.7805393962739478e-05 0.00013066636727068152 0.0005652845041306333 5.611766147441521e-07 7.614846597626202e-06 0.0010003039754291267 3.6136622143861705e-06 0.0020001650301123765 0.0009482065979600061 2.0868197588979853e-05 0.0 3.953896513263925e-07 0.0 0.0 0.0 0.0 0.0 3.123211913384826e-07 0.0 0.0 0.0 0.0 0.0 0.0 0.0 0.0 0.00018449177509710293 6.585903885639112e-07 2.468184926982767e-07 0.0 0.0 0.0 3.480682118995506e-07 0.0 0.0 0.0 0.0 0.0 0.0 0.0 0.0 7.419162954504409e-08 1.1276866122255163e-05 0.0 5.895689410904097e-08 0.0 0.0 0.0 0.0 0.0 3.5554667360038135e-06 1.3377440570294612e-06 1.9515481149717344e-05 0.00016111852251347522 1.0963213624104747e-05 6.657407942971624e-06 1.2760032275138652e-07 0.0 1.703359418101957e-07 3.636529525593858e-06 4.915932265834259e-07 5.998118445766595e-08 0.0 0.0 0.0 8.320531012451778e-08 1.8147211944200246e-06 4.594048756861997e-07 1.260563266531902e-07 4.6885588089472664e-05 2.2454977748541567e-05 5.33895805190185e-06 2.6906428638228763e-06 7.360946922282316e-07 0.0 2.7781730812220415e-07 2.85623268120597e-07 2.1544669386080426e-07 1.7051044237011915e-06 0.0 0.0 6.9192835410389e-08 0.0 0.0 6.228102454826612e-08 0.0 0.0 0.0 0.0 0.0 0.0 8.064341916458343e-05 1.2897289118553485e-06 1.3775239008483756e-07 4.1378820321076117e-07 0.00046700254562022126 1.262367972121785e-07 7.17158974507191e-07 0.0 2.24041692873851e-05 0.0 1.2235872236862185e-05 6.5285559713312815e-06 1.7464414580015295e-06 2.5372799660418137e-05 2.230424127592056e-06 0.0 2.1419410840403583e-06 1.4766624839720804e-06 1.8007973708648591e-06 4.1325565069061845e-07 0.0 0.0 0.0 0.0 0.0 0.0 0.0 0.0 0.0 0.0 0.0 0.0 0.0 0.0 0.0 0.0 0.0 0.0 0.0 0.0 0.0 0.0 0.0 0.0 0.0 2.4821816002187524e-07 5.189941318405913e-07 3.4612552891487634e-07 0.0 0.0 0.0 0.0 0.0 0.0 0.0 0.0 9.773047377847022e-08 0.0 0.0 0.0 0.0 6.653762593609166e-08 0.0 0.0 0.0 0.0 1.298551767984593e-07 0.0 1.777386860257979e-07 0.0 1.6302198283272442e-07 2.328278629566038e-07 0.0 0.0 0.0 0.0 0.0 0.0 0.0 0.0 0.0 3.376535728637577e-07 9.720703864169395e-08 3.4345838639470237e-07 0.0 0.0 3.6518127728588947e-07 0.0 2.4449119617378065e-07 0.0 0.0 0.0 0.0 0.0 0.0 0.0 0.0 0.0 0.0 0.0 0.0 0.0 1.9147386267572583e-06 3.7382451699009895e-07 9.369551518573925e-08
2.993005900071698e-05 0.0024450086222548646 0.0003851961161420671 2.7805393962739478e-05 0.0 5.137896255022575e-07 0.0010434709391911007 6.77227447522383e-05 0.002877844359302657 3.205604214615729e-05 0.00023144392615844018 2.7334255109012693e-05 0.0005657766064409167 0.0007286668258374425 5.644921447496887e-06 3.331924054008379e-06 7.290285314152396e-07 1.3168299862993887e-07 2.6942454319992233e-07 5.6662938604110306e-08 0.0 9.512020068874955e-08 0.0 1.5019041286624583e-07 0.0 0.0 0.0 0.0 0.0 0.0 0.0002111162736381432 5.2946590647881385e-05 4.259303927245833e-06 1.5134849932600456e-07 0.0 0.0 3.047872034818176e-07 1.9304940462241633e-07 6.434786484172434e-08 0.0 1.3958804809875304e-07 4.1443191232636903e-07 0.0 8.404237877979346e-07 1.118462391102578e-07 1.2211354003903448e-07 6.487330462592412e-05 1.9324709640895177e-06 1.273693525155637e-06 1.416424239955611e-07 1.256744840828228e-07 0.0 8.943607827182321e-08 2.851150782817155e-07 9.863824674857357e-06 4.664402871802681e-06 1.6004838782594892e-05 7.381120764773655e-05 2.560197342410515e-05 2.745679575575575e-05 8.891280998912157e-07 3.6748077969562425e-07 0.0 3.968450864462799e-05 2.370459136043357e-06 1.880167579810026e-07 1.6920165688555424e-07 7.983823462464289e-08 7.179375275377948e-08 3.5656344806680313e-07 6.863457296164989e-07 1.6699079570299302e-07 0.0 0.00011112367600043006 7.60165163487934e-05 5.015618614497683e-05 2.546905944960747e-05 3.1383864075476164e-06 1.4503821974962974e-06 7.336861238648604e-06 1.5457195319474084e-06 4.818778034520843e-06 5.174839788139529e-06 0.0 3.053939862016124e-07 5.905167020299606e-07 0.0 0.0 8.597755084815963e-08 0.0 4.031159732653914e-07 1.1605431377136397e-07 8.01605520038683e-07 2.0291952333092427e-07 6.526583537669184e-08 4.425139549979711e-05 2.8136805221749864e-07 0.0 0.0 1.2726042113768381e-05 0.0 1.953776397010825e-07 0.0 0.0 0.0 5.721771886790161e-06 2.917846478159531e-07 0.0 0.0 2.388650853431759e-07 8.415805682272878e-08 1.8042316448569535e-07 1.163821452804859e-06 6.633824524863962e-08 8.573792654698129e-08 0.0 0.0 0.0 0.0 0.0 0.0 0.0 0.0 0.0 0.0 0.0 0.0 1.3608287602260537e-07 0.0 0.0 0.0 0.0 0.0 0.0 0.0 0.0 0.0 0.0 3.371781579324026e-07 1.4752009713911584e-07 7.65004400285163e-07 8.566438462038719e-07 1.850233114610332e-07 2.0970186337652786e-07 0.0 0.0 0.0 0.0 0.0 0.0 0.0 0.0 1.0269637879001207e-07 0.0 0.0 0.0 2.0631767540220824e-07 0.0 0.0 0.0 0.0 0.0 3.1523515870770055e-07 0.0 2.492938920776314e-07 3.756021683835878e-07 5.881749547507824e-07 0.0 0.0 0.0 0.0 0.0 0.0 0.0 0.0 0.0 9.591060234501325e-08 4.943496310676585e-07 0.0 0.0 0.0 1.0756721670614715e-07 0.0 0.0 0.0 0.0 0.0 0.0 0.0 0.0 0.0 0.0 0.0 0.0 0.0 0.0 0.0 8.41430593229984e-07 9.865944973011349e-07 1.6407601889287705e-07
4.787072042862652e-05 2.2437334067334165e-05 1.0621423674173046e-06 0.00013066636727068152 5.137896255022575e-07 0.0 1.6570699810587994e-05 2.2945784268094667e-07 1.4298963408648464e-06 0.00014352405372358663 3.87508614939826e-06 9.92901969855657e-05 0.00010120364839272752 1.2220763064083276e-05 8.217045235116305e-08 3.8147494018869884e-07 8.558868153625445e-08 0.0 0.0 0.0 0.0 4.799905696518705e-06 1.2053269203345127e-07 0.0 0.0 1.591143100626776e-07 2.922052045043622e-07 0.0 1.149221840451871e-07 0.0 1.6153121070140325e-05 3.1340707368378166e-07 5.769594896517743e-06 0.0 1.1331739545942437e-07 6.305473285162979e-07 2.3320863428408456e-05 4.199608008631024e-07 3.0219004581759203e-06 0.0 0.0 2.2841194572282968e-07 0.0 7.065559939687084e-08 0.0 1.1127975959493021e-07 4.971699714510428e-07 0.0 0.0 0.0 3.6045036836131163e-07 4.5724313415823035e-06 4.035851058428811e-06 3.631520238522899e-07 1.9320644112252332e-07 2.9745088456857065e-06 3.904258531454972e-05 1.71139394931226e-05 2.5644607212519453e-07 0.0 2.012872544749693e-06 1.9409405315451026e-06 1.218575431817782e-07 2.0595777712219836e-07 0.0 8.663633642122965e-08 4.5278317738053097e-07 0.0 0.0 0.0 0.00015804066418937627 0.00013151622880663518 2.41038033108618e-05 7.093345364132066e-07 1.3260743376712119e-06 2.2488301680462047e-07 2.1668409063088165e-07 1.5233967708623777e-07 3.899656623573239e-07 2.1786257698762805e-06 0.0 5.59253491427018e-06 0.0 4.882472973545692e-06 0.0 3.49778055485494e-06 0.0 8.329617254690158e-06 2.1594277436453374e-06 1.0072775148649364e-05 4.0223288317746404e-07 3.427382720173974e-07 0.0 0.0 2.0734881372014823e-07 0.000459289310309492 0.00013925692199633584 5.409790505692912e-05 3.52274505989317e-05 0.00025994163341657247 0.0 1.0351692541576798e-06 0.0 1.1408035557947742e-06 3.113171270805174e-07 1.3016915048077169e-07 3.712640230258367e-06 0.0 2.8545908669064924e-06 3.662633095727333e-06 0.0 7.361076383167043e-07 4.290574873720131e-06 7.957613766187063e-07 7.92806192320327e-07 0.0 0.0 0.0 1.2297884229078613e-07 0.0 0.0 8.578245076226632e-08 1.0615653502726179e-07 2.138183520346782e-07 9.204471261616754e-08 2.5524775099032067e-06 2.22500653469585e-07 4.4072963902567253e-07 1.0963962674752684e-06 3.976062779131413e-07 1.270719152638669e-06 1.2790990608585894e-06 3.7520731765105903e-06 1.2120836413273995e-06 0.0 0.0 8.600508177048175e-08 7.682890170972385e-07 3.0694781477206676e-07 3.6869355555789627e-07 2.7852277310902387e-07 7.251450872472871e-07 4.527017813942788e-07 7.534617830114797e-07 1.7919631031087223e-07 1.0632959845714915e-06 0.0 0.0 0.0 1.0072389546896422e-07 0.0 0.0 0.0 0.0 0.0 2.07972342431331e-06 1.5393845594577498e-06 2.4234305722561376e-06 0.0 0.0 0.0 0.0 7.357871891072077e-08 3.181296994953666e-07 6.457291920673868e-08 5.758889280859753e-07 1.3002996637347638e-07 0.0 0.0 0.0 0.0 0.0 0.0 1.2013066309958468e-07 0.0 1.2570166242659431e-07 4.5854883482877176e-07 1.8621383564404238e-06 1.91819300765853e-06 6.253521381971337e-07 1.5164475171513532e-06 2.4235312011540335e-07 0.0 0.0 0.0 2.9318827295793007e-07 0.0 0.0 0.0 0.0 0.0 9.482894101053193e-08 0.0 0.0 0.0 2.61989103531115e-07 1.2200470251657156e-07 4.490475142774356e-06 5.718750745473332e-07 4.6343489321332634e-07
0.00040260450800653553 0.0024570343234704465 0.00020710939234034047 0.0005652845041306333 0.0010434709391911007 1.6570699810587994e-05 0.0 4.7656896301255863e-05 0.0022628357852713978 0.0005509517086051914 0.0004088761805742596 0.0005095524880593785 0.002785848168402621 0.0018227517303790316 8.519942125942963e-06 7.24383254385417e-06 7.828271268396638e-07 0.0 6.654247264968948e-08 0.0 1.236113880742547e-07 0.0 6.698817663078243e-08 0.0 0.0 1.854060478925149e-07 0.0 0.0 3.6466636362507e-07 0.0 0.000315751757088153 2.8433540713017587e-05 7.5542990131075244e-06 4.6717389439109423e-07 0.0 1.130214281126712e-07 3.443188702384581e-06 5.85575904583942e-07 2.1653500452879736e-07 0.0 6.406045373219355e-08 3.504997971866166e-07 0.0 1.965474094221954e-06 1.0340375068054236e-07 2.9004626672075483e-07 7.905521743313497e-05 1.3659650798590477e-06 2.53768467953856e-06 2.884983277018651e-07 1.383197535294894e-07 0.0 0.0 0.0 1.1960768025653224e-05 5.345092739911152e-06 2.4584039813487953e-05 0.00013486344252384503 3.331443133885738e-05 3.208274301415096e-05 6.570526643912005e-07 8.824973288952362e-07 8.619583173228522e-08 4.244553200719211e-05 1.8159209646030827e-06 1.193548115159046e-07 1.1947744926079413e-07 2.7005686055221727e-07 4.223132049531217e-07 1.3993419084939208e-07 6.8995767985841985e-06 7.872029444706692e-07 0.0 0.00014735828994829884 0.00010002439697032164 5.8008396329978104e-05 3.650945006530005e-05 5.884570697332107e-06 1.0944926362895015e-06 1.36395208426935e-05 1.5212702603736415e-06 7.726258668529635e-06 7.86425052400701e-06 0.0 2.5229765276168147e-07 1.1117693974412488e-06 4.776105522056708e-07 7.490026773881973e-08 0.0 0.0 4.921431448386625e-07 0.0 4.090209340024094e-07 3.9171117944375166e-07 7.727263572023865e-07 0.00036452351018313907 3.684390345646577e-06 0.0 7.488830986346767e-08 7.591735767862412e-05 4.578149599562008e-07 1.019968177558527e-06 2.3832667823137002e-05 1.3455010066229543e-05 1.8872721865827252e-07 2.3555269775604586e-05 2.4346684226169858e-06 8.596739658590056e-07 1.808703354915128e-05 6.005967574290916e-06 7.447736118885892e-07 1.1315676072140156e-05 1.6794652089541397e-05 5.096570826019039e-06 2.999205503254662e-06 8.987783436632773e-08 8.050754789528199e-08 0.0 0.0 0.0 0.0 0.0 0.0 0.0 0.0 0.0 0.0 8.467016971872319e-08 0.0 0.0 0.0 0.0 0.0 0.0 6.98279704115522e-07 2.0340393646416396e-07 0.0 2.2932594850762848e-07 6.505453157515333e-08 2.555493074519861e-06 4.7631728563981955e-06 1.0661228978136038e-05 2.9740075981681463e-06 7.775613463219413e-07 0.0 6.010478558620098e-08 0.0 0.0 4.4158952845178726e-07 0.0 0.0 4.976806144420937e-07 2.1252761658554918e-07 0.0 0.0 0.0 8.43121430845689e-07 2.8919241582305713e-07 1.6432966191586555e-07 0.0 0.0 5.205583937566082e-08 5.871152228089732e-07 6.307751439189766e-08 1.1583818907888203e-06 3.6817397892159693e-06 4.10526027278551e-06 1.473934419851068e-06 0.0 0.0 0.0 0.0 0.0 0.0 0.0 0.0 3.616716125644632e-06 9.890349318132327e-07 0.0 0.0 0.0 2.753528436438151e-07 8.836009891449207e-07 8.518166883008583e-07 9.683494908926322e-07 1.8148711942468035e-06 1.3402111583981376e-07 1.1436583495582223e-07 9.426584823564873e-08 9.557119334810242e-08 1.1798241688808407e-07 0.0 0.0 0.0 0.0 0.0 0.0 7.508437616356664e-06 2.438343438236651e-06 2.7006557122877664e-06
2.4602857531610116e-05 0.0003536986344877398 0.001613767920841236 5.611766147441521e-07 6.77227447522383e-05 2.2945784268094667e-07 4.7656896301255863e-05 0.0 0.00017174355032504747 1.1246962083094625e-05 0.001378017745472744 1.0233364667231592e-05 0.00012101486009049118 0.0007478017378113361 5.118703323799984e-06 7.694317519889475e-06 1.966085842836828e-06 6.745167540030415e-07 2.96312356783173e-06 7.5297618501567415e-06 1.7321642573797735e-05 8.33103407918125e-07 6.785281285668597e-06 5.318066799459669e-06 8.067960722118428e-07 1.4199801783771593e-06 4.391225214351174e-07 9.812317278866093e-07 7.537798585231285e-07 3.174410291657066e-07 0.0009265223261992196 0.0014224794304651795 0.0001656835928889172 2.320384611336554e-05 8.50495002414055e-06 2.631977408164276e-06 5.281100393429978e-06 2.4020325253915924e-06 1.3568852585230068e-06 8.726270860393507e-07 1.229653880422697e-05 1.676302322121333e-05 7.908873188162017e-06 5.311364335836423e-06 5.419846558438175e-06 1.652287873755949e-05 2.2995011181054352e-05 6.319200866476382e-06 6.5785068273733764e-06 6.072251368500006e-06 1.0693374478324621e-06 1.4458700759771431e-06 3.4639525647202814e-07 3.073143455015452e-06 2.547162571990089e-06 6.587529819006124e-07 4.449264440844847e-06 3.78799794979627e-05 5.980951267021573e-06 7.496166442684042e-06 2.7630442141998332e-05 2.1033987373026022e-05 2.0284691166545554e-05 5.633970578199055e-05 1.0329437485505286e-06 2.9406113975765677e-06 1.1269478047293626e-06 5.347197698415243e-06 2.3838268751913652e-05 8.18961388991548e-05 5.430006864191563e-06 2.5614500381101547e-06 0.0 3.4512299464918525e-05 3.3589624399861114e-05 1.808286579259232e-05 1.9758580306182372e-05 9.445209532242965e-06 0.0002026428168984973 0.0015632533456808773 0.0001265658467510797 0.0008682304677437618 4.723301396780955e-06 5.0787460386180794e-08 3.146392299447815e-06 8.117173934173581e-07 9.93986504258395e-06 0.0 3.1452477748475193e-07 0.0 4.4910251553816e-07 6.401025349883233e-08 2.2892796176269783e-05 4.071003994063803e-06 5.410242606740047e-06 9.01072938775494e-06 3.392858933650216e-06 0.0 5.945511838967639e-07 1.1917669136471644e-05 0.0 0.0 0.0 0.0 0.0 3.254300419885292e-07 0.0 0.0 0.0 9.484117697600844e-08 4.302111432601817e-07 8.766194273205077e-08 1.1627335741697381e-06 6.33641756512714e-08 0.0 0.0 7.863900572414842e-08 0.0 0.0 0.0 0.0 0.0 0.0 0.0 0.0 1.5744530252174355e-07 1.2745116712677112e-07 1.1572888029297607e-06 1.948076344002483e-07 0.0 1.440177506572686e-07 0.0 3.677712597283143e-07 6.813140016656745e-08 0.0 0.0 8.930929897043712e-08 4.3391793564246235e-07 3.5686363145847905e-07 5.617692148675992e-08 1.0824597957853352e-06 1.3696960213891016e-06 6.279951166718496e-07 4.981541224697382e-07 1.0660215458813842e-07 1.5618578268908578e-07 0.0 0.0 0.0 8.642299958224548e-07 0.0 0.0 0.0 0.0 0.0 0.0 1.925514792886647e-07 1.1432672654571116e-06 0.0 0.0 0.0 0.0 0.0 0.0 5.996619937267329e-07 4.0264227156783875e-07 2.837290175106355e-07 6.380456115873395e-08 0.0 0.0 0.0 8.595172819374492e-08 0.0 0.0 0.0 0.0 1.2708174425999827e-07 4.877937457694817e-07 0.0 0.0 1.103035937355231e-07 9.004620800490179e-08 0.0 3.170520406723194e-07 0.0 7.114419877966266e-08 4.211034582868483e-07 7.32811873070175e-08 8.961657862618198e-08 0.0 0.0 0.0 0.0 0.0 0.0 0.0 0.0 7.330812927418316e-07 7.87484937788668e-08 9.259015362040028e-07
1.416440821079282e-05 0.0029433590822370618 0.0018606697607153279 7.614846597626202e-06 0.002877844359302657 1.4298963408648464e-06 0.0022628357852713978 0.00017174355032504747 0.0 3.1190607429154384e-05 0.0009068034803088477 2.657714691890311e-05 0.0011636847370900653 0.0020084576363672995 3.7934112188876298e-06 4.1332239132731125e-06 2.1935432193779525e-07 6.406891561740945e-08 0.0 0.0 7.379494888017842e-08 0.0 2.2842998185375931e-07 7.750445264117263e-08 8.231566008919009e-08 0.0 0.0 0.0 0.0 0.0 0.00015761466778997426 2.1394540257325356e-05 8.14217279625351e-06 1.6369588459041716e-07 0.0 0.0 2.7125686264257564e-06 1.7698940694668962e-07 8.094385143698896e-08 0.0 1.657433181659037e-07 1.9148601670393346e-07 0.0 7.954896875329981e-07 0.0 0.0 3.276434709361182e-05 3.48913387378544e-07 0.0 0.0 0.0 9.910090191183915e-08 1.4241293227613537e-07 6.832469763254683e-08 2.8840706100596285e-06 1.6977547053132512e-06 4.459436942836551e-06 2.911634249188326e-05 1.130667914152479e-05 1.2469513563091806e-05 2.1114179914332815e-07 4.891268800308017e-07 1.603001161487715e-07 1.766347602000444e-05 1.0628385312826398e-06 1.238930834385487e-07 6.909638283025502e-08 8.21654616266079e-08 6.936895087939239e-08 1.3166374585471467e-07 1.6424042378810343e-06 3.755886412853906e-07 0.0 4.0380256258705915e-05 3.7332811067399326e-05 2.4702398809097625e-05 1.843582230249511e-05 3.4474002879335088e-06 7.650448276370076e-07 2.628254017277691e-05 3.4519607723048445e-07 5.107436919542427e-06 1.99058333325182e-06 0.0 1.2060116676070592e-07 5.756168963535065e-07 1.1315019377208913e-07 0.0 0.0 0.0 0.0 0.0 1.9615918716641907e-07 8.575154303128998e-08 1.506207027090112e-07 7.000024860928012e-05 4.1611699943557136e-07 0.0 0.0 3.389951004809415e-06 2.3748801284219025e-07 9.238639599302497e-08 0.0 6.842790581634733e-07 1.75324600552993e-07 2.499269692118735e-06 6.563667402015196e-07 0.0 4.6345316274132474e-07 1.587392881492023e-06 9.426162722483092e-08 1.5289925400740452e-07 3.007717717817192e-06 1.28540425784135e-06 5.095183548603664e-07 2.3419894162222817e-07 1.289873071789514e-07 0.0 0.0 0.0 0.0 0.0 0.0 0.0 0.0 0.0 0.0 4.52247183495098e-07 0.0 0.0 0.0 0.0 0.0 0.0 6.57526669008353e-08 0.0 0.0 4.946227503311497e-07 0.0 6.095299572367763e-07 2.386513214372149e-06 2.142278973473375e-06 7.29368898829901e-07 1.7853070159796262e-07 0.0 0.0 0.0 0.0 0.0 0.0 0.0 0.0 0.0 0.0 0.0 0.0 6.15095608294785e-07 0.0 0.0 0.0 0.0 0.0 6.869118068943251e-08 8.05336238103458e-08 0.0 7.518764905298005e-07 1.753787302991308e-06 3.7994710807898704e-07 0.0 0.0 0.0 0.0 7.460543758203976e-08 0.0 0.0 0.0 7.997536831385972e-07 0.0 0.0 0.0 0.0 7.073370299468516e-08 2.41665423101179e-07 1.2355139807533326e-06 0.0 2.4326275291253194e-07 0.0 0.0 0.0 0.0 0.0 0.0 0.0 0.0 0.0 0.0 0.0 1.6023092037355123e-06 1.2703178089983238e-06 7.220244442907448e-07
0.0006221554337380154 0.0003379554653725091 6.398545238862628e-05 0.0010003039754291267 3.205604214615729e-05 0.00014352405372358663 0.0005509517086051914 1.1246962083094625e-05 3.1190607429154384e-05 0.0 6.511540532959263e-05 0.0017581707882175768 0.0032356986645873027 0.0001209217583771755 1.8367188383541841e-06 2.3142227678265978e-06 1.9802133326468997e-07 0.0 0.0 0.0 0.0 1.4297014841078122e-06 0.0 0.0 0.0 0.0 0.0 0.0 0.0 0.0 8.487701286527919e-05 3.245524754656991e-06 3.836146093062177e-06 1.0518218668545389e-07 0.0 0.0 8.068464452583528e-06 3.0689775854966286e-07 0.0 0.0 8.35336650389811e-08 7.99462378767324e-08 0.0 3.9058727820572194e-07 1.3185950640465353e-07 0.0 1.2821594814123205e-05 3.220469961700779e-07 0.0 0.0 0.0 7.895694517027148e-07 0.0 0.0 2.919323439640045e-06 6.044018313306641e-07 2.189239141053628e-05 6.899734947444803e-05 5.947326173428083e-06 5.720297790631107e-06 1.942171745775806e-07 9.416011042489457e-07 7.979724612665462e-08 4.182448636273066e-06 3.2025635896095545e-07 1.1097730678920282e-07 0.0 0.0 0.0 7.379063848324922e-08 0.00010582966452808748 1.0742355127581403e-05 5.732297458956141e-07 2.8604789426070597e-05 1.5403673284678445e-05 9.327111951282087e-06 6.715285405433074e-06 1.813295058875651e-06 4.056920958946486e-07 9.046424956677093e-06 3.7472127322128574e-07 3.348307068261358e-06 1.2179872861022215e-06 3.718578388003993e-07 8.138312954984872e-08 7.043915986664087e-07 1.0716564463462797e-07 7.674258005214207e-07 8.589445155989502e-08 1.866727831707235e-07 0.0 0.0 2.8087435782635505e-07 7.753927349747182e-08 0.0 0.0002872138485157887 1.8101538471816888e-05 2.3991279187345994e-06 1.6034039055104731e-06 0.00036744720066070763 1.4836691235666462e-06 6.051850840843712e-06 2.583844576242668e-06 1.8517264575855357e-05 5.784745554384151e-07 7.495759174730863e-06 1.7511852216421112e-05 1.80043343531215e-06 3.204561279317438e-05 3.0245540154969245e-05 1.1994121817500821e-06 1.2050236650401401e-05 4.6654996145605196e-05 1.6362194653437256e-05 6.163756064855726e-06 0.0 1.0975342221963742e-07 0.0 0.0 0.0 0.0 0.0 0.0 5.067728902429946e-07 0.0 0.0 0.0 8.268009074163926e-07 0.0 0.0 0.0 8.731431021288782e-08 5.184466270103635e-07 0.0 1.9331481483038577e-06 0.0 0.0 1.3638631306873758e-06 5.959867447099989e-07 3.2395213847771774e-06 4.3217166622293e-06 1.0364759172186876e-05 2.6770298308112775e-06 2.443730341901264e-06 0.0 0.0 2.3315580570177554e-07 1.6582084075399372e-07 4.2290837741022013e-07 0.0 0.0 0.0 0.0 0.0 0.0 2.3272512355329887e-07 1.3745233779279184e-06 1.040247259284752e-07 0.0 2.3331101971838826e-07 0.0 1.2503789308122224e-06 2.5084967224485195e-07 2.889881467084885e-06 1.6269983330075272e-06 4.498844553092079e-06 7.020209473949184e-06 6.666208517129645e-07 0.0 0.0 0.0 0.0 0.0 1.923224422757964e-07 0.0 0.0 8.193552841865458e-06 7.187265586070164e-07 2.0267626896044267e-07 0.0 9.803302590209917e-08 2.2768578884439167e-06 1.7908751350874892e-06 2.598252296477984e-06 5.774804924931406e-07 3.636784583896944e-07 0.0 0.0 0.0 0.0 0.0 0.0 0.0 0.0 8.573869129482354e-08 0.0 0.0 3.787930579484081e-05 1.3727772152751301e-06 1.1680065750989065e-06
8.761410267440535e-05 0.0009586310887953205 0.001751536997500527 3.6136622143861705e-06 0.00023144392615844018 3.87508614939826e-06 0.0004088761805742596 0.001378017745472744 0.0009068034803088477 6.511540532959263e-05 0.0 0.00018615345914950693 0.0012633100482486598 0.002649518557408706 1.3636211624837194e-05 2.6114166951338036e-05 1.100967627156829e-06 8.544955701970006e-08 4.5715249465487673e-07 3.009305850790857e-07 4.4244278890456e-06 7.056447323579934e-07 5.21036063700919e-06 5.7515007490358684e-06 7.237152322474989e-07 1.2112642438097653e-06 1.5228788379373498e-06 4.949354775737971e-07 4.6936794601881047e-07 4.4225190436699995e-07 0.0008586489817996674 0.000207572345546697 0.0003068423097724058 9.831801837243136e-06 9.001996116372935e-06 6.959338202457425e-06 0.00013646976114657484 2.8240660148827883e-05 3.096785406128419e-06 6.300036126640159e-07 6.459894134115875e-06 3.606320178237919e-06 1.0060172749774919e-06 9.114016862002193e-06 1.1866190130502558e-06 6.498104546521995e-06 5.5239264306315106e-05 1.1073406185392188e-06 1.3491153409911032e-06 4.5046856375206855e-07 5.215712377170743e-07 2.9536404015996266e-07 8.14785025443924e-07 1.4772150093222335e-06 4.137614871918216e-06 2.661386302892309e-06 8.525018502256446e-06 6.207153126738063e-05 1.5730636909283184e-05 1.9899082083941695e-05 4.137484517172372e-06 1.620253116503771e-05 1.7084702333944106e-05 4.697202722026849e-05 1.3701210076559214e-06 5.671651465294673e-07 2.810844102223334e-07 5.116050438364585e-07 1.5902687058211336e-06 1.0946148573957936e-05 4.718146293153232e-05 3.574019980485811e-06 0.0 7.132627851708807e-05 7.101875041264645e-05 5.2603438250009705e-05 4.996717200186675e-05 2.593907325000857e-05 1.0914029780353096e-05 0.0007850373235755318 2.7639493672630105e-06 0.00014058363412874157 3.818326599305373e-06 0.0 4.3842754938460123e-07 5.904054361848037e-07 5.194313888341536e-07 0.0 2.175808369302783e-07 0.0 1.9533112416187045e-07 1.3368997505821066e-07 8.653118299700846e-06 2.278488335809557e-06 8.701662019713146e-07 8.178991945616867e-05 1.4063836668984903e-05 6.49226364086561e-07 3.5039720576698497e-06 2.3799014250135225e-05 2.635423063987893e-07 2.7742073174113515e-07 0.0 0.0 2.4584272411047593e-07 8.839649793224762e-08 4.4470785730122225e-07 0.0 2.333387636776093e-06 1.4235016286573784e-06 1.1059877647085367e-06 1.0095642549243164e-06 8.110971635502772e-06 4.5166674584188025e-06 2.5924526077507624e-06 4.353589539743899e-07 7.990882978909665e-08 0.0 4.195667223272585e-07 0.0 0.0 0.0 2.2586301136913413e-07 2.625891624289719e-07 0.0 4.867892345809593e-07 0.0 1.994174097495563e-06 1.0657895392632577e-07 0.0 3.137308947360373e-07 4.213551546789655e-07 1.6220464119565297e-07 1.541183961471688e-07 2.3915176646613e-07 0.0 1.8026672389299791e-07 1.1970527062254693e-06 8.380437236723209e-07 2.8994112332764175e-06 4.55697239598345e-06 1.0266019613630515e-05 3.7056243342353724e-06 2.5988991738346532e-06 0.0 2.997966676306801e-07 8.2585645872886e-08 0.0 3.9669504113190194e-07 1.11769195731043e-06 0.0 0.0 2.5623880559635585e-07 5.968643375520729e-08 6.99960987349093e-08 2.8591761658555424e-07 1.996427297899574e-06 2.293067602890403e-07 0.0 0.0 0.0 0.0 1.7502161639649215e-07 0.0 1.8792032675421742e-06 6.87579686014465e-06 2.49223320749474e-06 3.0424965030532953e-07 0.0 0.0 0.0 0.0 1.5422004305355624e-07 0.0 0.0 0.0 3.643105557528373e-06 1.2668625540995177e-06 0.0 0.0 1.5618769952458655e-07 7.716319434493408e-07 4.080333813455844e-07 9.8584204501507e-07 6.013180005543483e-08 0.0 6.252981936788824e-07 7.830906172325957e-08 1.740305627836359e-07 0.0 0.0 0.0 0.0 8.257015724613225e-08 0.0 0.0 0.0 4.755857641049269e-06 4.527842862649023e-06 3.6131013364004936e-06
0.00021280218792145482 7.480868994945429e-05 3.125824529383845e-05 0.0020001650301123765 2.7334255109012693e-05 9.92901969855657e-05 0.0005095524880593785 1.0233364667231592e-05 2.657714691890311e-05 0.0017581707882175768 0.00018615345914950693 0.0 0.0015545307532526392 0.00018591389135524865 1.5226303713633922e-05 2.9784887275361078e-05 1.1400584927605889e-06 9.141893038179759e-08 2.06391945329021e-07 0.0 4.318703779195988e-07 0.0 6.157948361173846e-07 6.072091908643101e-07 5.72531918455427e-07 2.1887016703109984e-07 9.591517096848664e-08 1.4819802524453933e-06 4.223147642441767e-07 3.13589659714074e-07 1.9538916380549935e-05 8.264339943129936e-06 4.7636110459868536e-05 1.3658029135893234e-06 7.927393613043432e-07 2.11574269510623e-06 5.18615655203568e-05 1.36910910771211e-05 2.2788027514565313e-06 4.0966494107172205e-07 5.510915770624876e-07 1.1356979502228488e-06 1.0070703128927342e-07 1.0759498499825411e-05 1.7203140764011472e-07 1.5212686216282652e-06 3.825347654396766e-05 3.028252180629683e-07 0.0 1.5058502771875826e-07 1.948260330415188e-07 6.280930937817732e-07 1.2374566587721117e-07 1.7954641584578483e-07 9.257845148864482e-07 8.591939425770164e-07 3.5362931469425586e-06 2.110282920904038e-05 3.7836134532704335e-06 6.01782558052701e-06 6.828971454045537e-06 2.136873809715964e-05 2.188803198035904e-06 1.4131508043528971e-05 6.11770452398226e-07 1.744610512622045e-07 4.6254357960314693e-08 6.686642778111214e-08 3.782065767512193e-07 1.452185547396824e-06 0.00010951537015063669 7.664696372873943e-06 1.1461878771939462e-07 2.274601590314555e-05 1.9924890933168082e-05 2.4144476588728095e-05 2.6714671935549927e-05 2.391195098490731e-05 2.3956144784431436e-07 1.6338563647157043e-05 2.1141298617704383e-06 1.9934088212820443e-05 4.846661207644574e-07 8.285363536675989e-08 5.929142163108844e-08 5.52530961614934e-08 1.5326388478542543e-07 1.2129322879670535e-07 0.0 0.0 6.189518939825465e-08 0.0 6.456492858496586e-07 1.906879477056666e-07 2.7726385911556585e-07 0.0008287720133769175 5.0168932033389606e-05 3.0676828773314356e-07 5.6828671876270466e-06 4.066487202616916e-05 3.6866581457821226e-06 4.54502617558716e-06 3.452008052591899e-06 1.5639987186117452e-05 2.764220162487604e-06 5.333559960075622e-06 1.5859160550838546e-05 2.7206555418700765e-06 3.326144489074377e-05 2.6750423246644343e-05 5.720290525526606e-06 1.7795411792625733e-05 8.229241558845569e-05 3.274179552891099e-05 1.4710655572102697e-05 1.071374681459455e-06 9.166160920503946e-07 0.0 7.945952553407087e-07 0.0 0.0 2.9316628397451695e-07 0.0 7.763598430414999e-08 0.0 0.0 1.495003371882783e-07 2.067657689720136e-06 0.0 7.98350465200017e-08 3.5430495898453205e-07 4.59967665541483e-07 6.13490551550688e-08 3.6621479426757265e-07 2.595357641474731e-06 9.286136002110678e-07 0.0 3.751344555555014e-06 1.0927733589926752e-06 1.748812752853022e-05 2.747275377381012e-05 6.13759231353637e-05 1.2910393048001506e-05 6.205897489738768e-06 1.7224421610786235e-07 3.641140120812443e-07 1.8368781839955034e-07 9.207368166170477e-07 5.560050471878823e-07 7.813740761439585e-07 8.358716759257032e-08 1.1501895742214331e-06 8.119604143907715e-07 0.0 1.7377928352670537e-07 0.0 2.9062899563796237e-06 0.0 5.259121451056689e-07 0.0 0.0 2.0982949681186768e-06 1.999958610447421e-06 1.6224204133785657e-06 4.780942860044635e-06 1.9298530916905563e-05 3.01773949049213e-05 7.057414774293476e-06 0.0 3.913058978486079e-07 0.0 0.0 0.0 0.0 0.0 0.0 2.3594071631080602e-05 2.977709404791767e-06 8.55048373637279e-08 7.445603366267038e-08 1.5918843101263798e-07 4.622159755320197e-06 5.908322215954113e-06 6.427356348079572e-06 2.2205643230476285e-06 4.405432605413078e-06 1.7384392210001097e-06 1.1478748165820132e-06 3.2132995568182725e-07 0.0 0.0 0.0 0.0 0.0 6.803538955109555e-08 7.713059523009353e-08 9.854086812832506e-08 6.250878900086129e-05 1.4654631446241648e-05 1.3169371969946236e-05
