0.0 0.0012772687586684196 0.0001889771168701365 0.0013768275040462901 5.9896437473456705e-06 6.926335356046642e-05 0.00037705253408181144 3.624142861645858e-05 2.0388817024022224e-07 0.001077703642542432 4.2934308022137614e-05 5.585693942523733e-05 0.00012888921814576654 0.00012108183324498422 3.5263809184090185e-06 6.185551303529321e-07 3.6860757733403916e-07 2.0254470630701592e-07 0.0 0.0 0.0 1.5664192726384508e-07 7.452453553784686e-08 0.0 0.0 0.0 1.2030929410754801e-07 5.11782168288723e-08 0.0 0.0 0.00035314900960502416 8.722129699693696e-06 1.645420952881747e-05 0.0 0.0 5.7284440632469774e-08 9.193100062161937e-06 0.0 6.328826242285108e-08 0.0 1.1445177735696393e-07 2.2987387055633576e-07 0.0 5.1819531717470704e-08 0.0 5.427516266940079e-08 2.1208236667167523e-05 4.185565729794651e-06 5.443867887471713e-07 0.0 1.4601814328295152e-06 0.0 0.0 0.0 1.9025956556807506e-05 2.4336206609985822e-05 0.00010102499428082507 0.0002624509753778182 5.607471945360375e-05 4.1788179571249316e-05 5.287190089795466e-08 4.010567178860358e-07 0.0 1.696927149545986e-06 1.8483948596350882e-05 4.7478056667987534e-06 1.94611830573942e-06 1.4326656530820852e-06 2.8769755108001727e-07 6.163847216863626e-08 1.2648581636584777e-05 3.4635496352757487e-06 9.437240205545878e-08 0.00021013510418360678 3.359062454905117e-05 1.5628524230137022e-05 3.199356498937793e-06 1.3717573842315468e-06 1.941312061975412e-07 3.246026652405411e-05 1.3476649351518187e-07 2.8359799773537723e-07 4.5738561623798826e-05 7.310545034552162e-07 5.53129738881489e-06 2.3789082219736226e-05 3.941825360959407e-06 4.6730200482707947e-07 4.07235926556346e-06 1.3490460934167018e-07 1.3227365691297704e-06 7.508730214535907e-08 4.774953876147914e-08 7.33386877074547e-07 3.3946324493788815e-07 4.05123947420092e-05 3.692400125914011e-06 1.2801753161324894e-07 9.451858918532309e-07 0.0005782093968886768 1.888946786896993e-07 3.2522874883720483e-06 1.1147867931987054e-06 1.530047142418144e-05 2.514539104455823e-06 2.8063197797894372e-06 1.3123008473465928e-05 2.7426729007538474e-06 1.438201063846421e-05 1.34000890042657e-05 1.1343461534550912e-07 6.3985869033352265e-06 1.271561658384876e-05 9.955415058899026e-06 1.3153219089335821e-06 5.256019677859996e-07 1.2803159789977627e-07 0.0 0.0 0.0 0.0 0.0 0.0 0.0 0.0 7.203177216876435e-08 0.0 5.80799872403394e-07 0.0 0.0 0.0 0.0 0.0 0.0 8.065327737511561e-08 0.0 0.0 9.282099290151374e-08 2.3404736632530775e-07 1.0823294357982595e-06 1.6056315565253268e-07 1.1095729633529489e-06 1.463525326285777e-06 4.7180764274416726e-07 0.0 0.0 0.0 0.0 0.0 0.0 0.0 0.0 8.516283487630122e-08 0.0 0.0 0.0 1.2488715738556984e-06 0.0 1.1301137395665196e-07 0.0 0.0 0.0 3.779175844314356e-07 6.998907838296098e-07 1.9843805073126095e-07 1.6282157579347536e-06 3.9791993599044027e-07 0.0 0.0 9.400811563305539e-08 0.0 0.0 0.0 0.0 0.0 0.0 3.127082675179026e-06 2.0919369348224218e-07 0.0 0.0 9.516142216430767e-08 5.546453766489525e-07 9.001710390868487e-08 2.0666660726862738e-07 9.25323378711141e-07 1.0738170617618428e-06 1.614794678244975e-07 2.209973436673611e-07 0.0 6.356050540387844e-08 0.0 0.0 0.0 1.369158764456683e-07 0.0 0.0 0.0 4.626877405419578e-06 2.1911753186039895e-06 2.7552750867478693e-06
0.0012772687586684196 0.0 0.0005735447041603297 0.0015010060496102595 0.0009952655567095152 5.5986517927763146e-05 0.003498849965960757 0.00022528188201379083 0.0009055594455778499 0.001467229237078722 0.0005686754957275773 0.0002176142897983712 0.0011506105003706044 0.0016738012477045523 3.447747256713853e-05 1.6778418047221448e-05 1.2621191140746923e-06 5.523210678847983e-07 6.754610985241952e-08 3.029544838193104e-07 0.0 1.292272138311727e-07 1.1422988560197348e-07 1.196946701588402e-07 0.0 7.499552123781808e-08 5.8808827224837916e-08 1.2813606794267507e-07 2.782793984660322e-07 0.0 0.0006910976398882275 1.627384689577838e-05 4.514342204278774e-05 0.0 0.0 1.1032220303800002e-07 4.028028256785188e-05 0.0 1.2289764742770719e-06 8.20687400611036e-08 1.146129040437962e-07 2.9327554759590227e-07 0.0 9.270645491633588e-07 5.1750448472014424e-08 7.678234954804067e-08 8.590831836368558e-05 9.353528648497687e-06 2.1177168684880408e-06 1.5342476856203195e-07 2.4292132683089894e-06 0.0 4.987472574467869e-07 3.440799669081738e-07 1.7792753683890778e-05 2.4229891516141544e-05 4.1704732570007225e-05 0.0001807758505452888 5.710443813597616e-05 9.40660676926244e-05 0.0 1.220069852720065e-06 0.0 2.3898351864753616e-05 1.922635677620976e-05 7.780609369726579e-06 4.046430346249414e-06 2.3273419557255947e-06 4.5980698164224404e-07 5.700134625292948e-08 3.337473650991638e-05 1.5427877265776732e-05 7.964998359834771e-08 0.00020151948891002593 0.00012228146368718613 0.00012152459691234507 6.357141743849556e-05 2.471603907936281e-05 3.53124473998831e-07 7.193231585426462e-05 3.0680796005514364e-07 4.223854871023995e-07 5.205541294711541e-05 5.357736892293965e-07 1.2905436989081628e-05 2.8481052572795517e-05 7.057761756858559e-06 2.2527065295805338e-07 7.328697678644541e-06 1.2428614282239931e-07 3.741000587499116e-06 2.990556721354455e-07 3.5190292248805163e-07 1.8220754626942047e-06 5.234696633723577e-07 1.205486755442155e-05 1.8529293647593833e-06 5.6365516939725326e-08 4.015587456787733e-06 0.0007632257195360688 6.665616390744415e-07 1.8622836018991905e-06 3.60481533350451e-06 1.1418242105059868e-05 2.8781096477556143e-06 3.165795305592321e-05 8.531772919412513e-06 8.227603659297709e-06 2.1812279235714636e-05 1.933677369869191e-05 1.5260016728858544e-06 1.982585469523308e-05 2.7130097268848774e-05 2.618617864163461e-05 5.2577384131839645e-06 1.0792194323538327e-06 9.191514753902287e-07 0.0 0.0 0.0 0.0 0.0 1.0717838799914078e-07 0.0 0.0 1.015668976929392e-07 0.0 1.2224802633703823e-06 0.0 1.15415474583216e-07 0.0 7.561420663101175e-07 0.0 0.0 1.2243392976969408e-06 7.531766683443455e-07 0.0 4.525403490762793e-07 8.942372032898477e-07 2.227748630804978e-06 2.6673601603437966e-07 2.486613652173533e-06 4.057828151366635e-06 2.26942232599401e-06 0.0 0.0 0.0 0.0 7.436705208370711e-08 2.850250119101048e-07 1.688123326105877e-07 1.2316045531117362e-06 2.158056431209651e-06 0.0 0.0 0.0 1.618047592212771e-06 0.0 5.472458374804885e-08 1.4831377368002575e-07 0.0 1.1713761179298315e-06 9.389791590435435e-07 1.413906551225029e-07 3.4997860474785934e-07 1.8136004421560643e-06 1.7202037632188426e-07 2.6695764986139195e-07 4.3646301652607095e-07 6.537351800974873e-08 0.0 1.3966216919978582e-07 3.847336352428502e-07 5.8420627194166713e-08 0.0 0.0 7.469593019931695e-06 1.6717464700850855e-06 0.0 0.0 0.0 1.6597243042379771e-06 8.328996455605339e-08 2.90716353954854e-07 2.689655832462714e-06 4.054177139382004e-06 1.1059828638238908e-06 4.095626345112836e-07 4.776385652778526e-07 8.329006588490197e-08 1.2012517498379877e-07 0.0 0.0 9.479551448032681e-08 6.345422065341847e-08 0.0 0.0 9.165187137810022e-06 1.3310265788502941e-05 1.2074400863952135e-05
0.0001889771168701365 0.0005735447041603297 0.0 6.753369735403006e-05 9.63906418692741e-05 4.574490496631985e-06 0.00013820873178216805 0.0025211299893007975 8.600837723939519e-05 0.00014167476757140845 0.0014287212658192412 0.00012994542511493822 0.0006210371926955126 0.0018087065036394231 7.837774339040702e-06 7.07112591737057e-06 6.332175391023925e-07 2.2517667505684067e-07 0.0 4.7185123257248903e-07 7.631807504194595e-07 2.465233979028322e-07 1.2679279284959571e-06 2.0279365332516623e-06 4.009683176773524e-06 5.432611726267253e-08 5.9466918946663504e-06 5.046470421448043e-07 1.238293256589754e-06 1.3515332883049682e-06 0.0013977353119110658 0.00041868156999482473 0.00015914425494779972 5.705723878522739e-07 1.901107234381433e-06 1.8941843322991779e-06 6.859267220360651e-05 3.23970252367643e-06 5.318294490591936e-06 3.521798381107562e-06 4.439079947743435e-06 1.2746545704160594e-06 7.238884766183338e-07 4.136158713604034e-07 7.103389948539614e-08 1.5983852081525072e-07 1.57124198280094e-05 1.5690175377623452e-06 5.186935142763822e-07 4.431250705169088e-07 1.7273339104316098e-06 8.368325267668093e-07 5.824836446687414e-07 1.8347294968177088e-07 4.833819958778063e-06 6.0198002766396955e-06 2.3736977617726668e-05 0.0001800473319712922 1.6986858802876656e-05 1.637015254172442e-05 3.6423783982634087e-07 7.069408140064803e-06 3.5308608878864145e-07 9.447328579405447e-06 3.438650276939538e-06 1.8967482008848317e-06 2.4665913710723527e-06 2.2186405536793986e-06 1.4803123753032403e-06 1.0420100236999488e-06 7.278340457624445e-05 5.317079373463042e-05 0.0 7.517993488307747e-05 3.363307466272496e-05 1.6671916858340877e-05 1.4101801851209698e-05 9.642349779909465e-06 2.2430547218534083e-06 0.001054620568190939 6.521230841749484e-08 1.8722277327610347e-05 1.24677869050943e-05 6.725048293665107e-08 2.7433456229796526e-06 8.132619115850332e-06 1.4533297511102502e-06 1.2973808164477858e-07 1.8208196942735983e-06 0.0 6.801115814244895e-07 0.0 1.1646143471402647e-05 3.717688435035544e-06 5.445728423307574e-07 1.161056153302115e-05 8.553625181095843e-06 1.496573527596509e-07 1.3312212988139489e-05 0.0002043816324106134 5.701691036407328e-07 2.238807177725399e-06 3.420608818229211e-06 3.342654103114669e-06 2.019122355845569e-06 1.2804866384263195e-05 9.451666886546656e-06 1.3362808849652068e-05 2.6351104796426408e-05 2.8322358156009723e-05 1.4761334261998717e-06 2.1438290663569802e-05 2.6143250421606293e-05 3.0094094690304517e-05 7.1102088411646415e-06 2.8010186597464744e-06 2.283920614249748e-06 0.0 6.729873389200805e-08 0.0 0.0 6.916401836618179e-08 4.906305172938423e-07 0.0 0.0 3.0224308160848326e-07 0.0 4.671783532331421e-06 0.0 0.0 2.288914597340914e-07 9.157466648725357e-07 0.0 0.0 2.6492514975775695e-07 1.4588590222675324e-07 0.0 2.237077227140234e-06 7.196424109703424e-07 6.643767772293777e-06 3.1004722917230533e-06 5.437867280569347e-06 1.0232135319583477e-05 5.556190708872895e-06 0.0 4.778414901147292e-07 0.0 5.073814149416419e-07 2.23730118231905e-07 1.0240996753079874e-06 0.0 3.2026172474679286e-06 5.745936922965169e-06 0.0 2.1598653077561555e-07 1.0373852230569164e-07 2.6250884729547965e-06 4.688908365671524e-07 4.4843230713764127e-07 2.429789700493492e-07 9.203130954929222e-08 9.329469605696995e-07 2.5126089925478333e-06 3.1212402610327387e-07 1.6232826274230245e-07 3.2549994628874895e-06 2.4671888105695108e-06 1.3360871561819262e-06 4.354710070983508e-07 3.966741254321365e-07 0.0 7.187822672214954e-08 0.0 0.0 0.0 1.5687678911145536e-07 1.5390541969846036e-05 4.50301140424444e-06 0.0 0.0 0.0 2.7553478270435892e-06 5.659285512032763e-07 2.0166637402984625e-06 5.610075939709486e-06 9.125190319918775e-06 2.235457909234305e-06 1.3260839307961676e-06 1.2351166432449477e-06 0.0 0.0 0.0 0.0 0.0 0.0 1.5478298505442194e-07 0.0 6.040195263669426e-06 2.307246039410729e-05 2.528518618944836e-05
0.0013768275040462901 0.0015010060496102595 6.753369735403006e-05 0.0 9.779923289794212e-06 0.0002384498766040829 0.0008433576889974679 6.82684431430814e-07 2.372886551106562e-06 0.003060924659242583 2.107376853644702e-06 0.00012214310243762076 0.00015973145689200365 2.5367875803605785e-05 5.050117426337298e-06 1.1153864112661086e-06 2.7256617860170057e-07 1.1896382662665359e-07 0.0 0.0 5.432695552860179e-08 0.0 0.0 1.343215401175854e-07 0.0 0.0 0.0 0.0 0.0 5.3004821318024194e-08 5.6599080364075615e-05 4.748569548141438e-07 8.897088170462512e-07 0.0 0.0 0.0 1.9657576466983425e-07 0.0 6.739653465432679e-08 0.0 5.210539882277704e-08 6.354437569352525e-08 5.0079848956984124e-08 0.0 0.0 0.0 2.4771797562805764e-05 2.9685885671034727e-06 5.409698187676473e-07 5.8520717067292285e-08 1.1668648424440764e-06 0.0 1.009895351253729e-07 5.928965103483613e-08 1.0351195846172685e-05 1.1572016536449107e-05 3.521368235078845e-05 8.017699008990986e-05 2.7487177068393845e-05 3.528694016978419e-05 0.0 0.0 0.0 3.312748708160167e-06 8.077234526646976e-06 2.764427287981153e-06 1.3720459641864817e-06 8.236272591011058e-07 9.441756248093369e-08 0.0 9.402989028144654e-07 4.1423303543911115e-06 0.0 9.371615677554736e-05 2.5768710155333584e-05 2.425691118984627e-05 7.524346201444331e-06 1.6513935759802321e-06 0.0 1.507153189772626e-06 0.0 0.0 2.8095094208000722e-05 7.241091017627168e-07 3.6878444315457188e-06 1.4480160404972642e-05 2.030547390787923e-06 5.4095382262714e-08 3.501353356050054e-06 0.0 1.0816981939183828e-06 5.842202737461999e-08 3.03358546420643e-07 3.6379457677817317e-07 4.13030789376917e-07 9.718839671371178e-06 0.0 0.0 2.8871177916071973e-07 0.00033417098679821905 1.2519822221200704e-07 1.7494791322396507e-06 2.3466602868921765e-06 3.2213822291617174e-05 0.0 6.756835733806508e-06 3.646797432255947e-06 3.759579858285061e-06 2.0959776805880234e-05 3.5333393730995582e-06 3.793826706180934e-07 2.3253341660434465e-06 6.39813842185136e-06 9.116573300816905e-06 6.102050897378166e-07 1.1591772483883479e-07 0.0 0.0 0.0 0.0 0.0 0.0 0.0 0.0 0.0 0.0 0.0 0.0 0.0 5.824364899072919e-07 0.0 2.1457958892462285e-07 0.0 0.0 1.224019605179632e-07 0.0 0.0 3.745552353071597e-07 0.0 3.25494616391313e-07 7.328310607048771e-07 3.029041878635544e-07 3.049081500787404e-07 1.2163390995374477e-06 0.0 0.0 0.0 0.0 0.0 1.6005847811040442e-07 0.0 0.0 4.964145982643373e-07 0.0 2.0961272511802596e-07 0.0 3.0780631174761427e-07 0.0 6.506392153044469e-08 0.0 0.0 0.0 0.0 5.964377048904029e-07 0.0 2.332359801760604e-07 5.370338884842004e-07 0.0 0.0 0.0 0.0 0.0 0.0 0.0 0.0 0.0 3.91007090335822e-06 0.0 0.0 0.0 8.562520762414211e-08 1.1264174474041366e-07 4.7366531373712626e-07 3.6406091965669844e-07 7.65446560196979e-07 6.008766269724061e-07 0.0 0.0 0.0 0.0 0.0 0.0 0.0 6.519715514877357e-08 6.203118593892655e-08 0.0 0.0 2.773036771901376e-06 1.4253105880664398e-06 2.77437203740956e-06
5.9896437473456705e-06 0.0009952655567095152 9.63906418692741e-05 9.779923289794212e-06 0.0 2.862757921878463e-07 0.0015755431043365617 0.0002729520082926752 0.0015975251923451492 0.0004492420230005718 0.0008193841706098322 5.992739417363879e-05 0.00046398050498648043 0.0009837516023816991 8.657338315919105e-06 7.456192417881046e-06 6.036719905243829e-07 0.0 0.0 6.072401155108663e-08 0.0 0.0 0.0 0.0 0.0 0.0 0.0 0.0 0.0 0.0 1.1321934971422094e-05 6.682856384320943e-06 8.138088299000397e-07 0.0 0.0 0.0 3.758172676929517e-07 1.0051229467192948e-07 0.0 0.0 0.0 5.535764494134372e-08 0.0 8.298553446627057e-07 0.0 0.0 1.8235700415634167e-05 1.0351372241274657e-06 3.3261608156409884e-07 0.0 5.991715295902868e-08 0.0 0.0 0.0 1.6659325800096774e-06 2.1709048186706122e-06 2.428502349713122e-06 1.0634721845155284e-05 5.5701949038453265e-06 1.3703006199068725e-05 0.0 0.0 0.0 7.299797544167639e-06 1.383490339121346e-06 4.749897186350837e-07 4.491073461093939e-07 3.3514198867838454e-07 5.48398821601768e-08 1.5811841755182629e-07 7.786232991859473e-07 2.3843368814142093e-06 0.0 2.1162881892960973e-05 2.4618902813209723e-05 2.7237447220406155e-05 2.408333026174478e-05 1.1619799762446888e-05 2.047691785201661e-07 1.6964877830526325e-06 6.453158121265077e-08 6.222782378133374e-08 5.914898232012471e-06 1.557651149194043e-07 1.5298726145304994e-06 3.6503212212653142e-06 1.3695924196876615e-06 5.912769529378811e-08 8.762424249377244e-07 0.0 4.674091462668957e-07 0.0 2.7048081247424083e-07 1.1901379556657992e-07 5.99874889975221e-08 1.2541334105464045e-06 9.472030083953074e-08 0.0 3.7083242262158644e-07 2.9820946709089334e-06 0.0 9.16630040562851e-07 9.840557395021456e-07 1.241547156210895e-06 4.774488039795794e-07 3.221196688670574e-06 1.8813909525854318e-06 1.385741161440987e-06 6.039563307881752e-06 5.104859977532546e-06 6.099021533273792e-07 3.1374811567680025e-06 9.805148903993602e-06 7.987352383552903e-06 1.4576714942205961e-06 2.983570834181086e-07 1.499296187699621e-07 0.0 0.0 0.0 0.0 0.0 0.0 0.0 0.0 0.0 0.0 7.15749273701999e-07 0.0 0.0 0.0 0.0 0.0 0.0 0.0 0.0 0.0 1.2360587620323066e-07 7.696939891785693e-07 1.0834966289876262e-06 0.0 1.0265816149136975e-06 4.286007407470824e-07 2.7942114890268823e-07 0.0 0.0 2.1120126668912337e-07 0.0 0.0 2.2063435609656235e-07 0.0 0.0 6.077981979620595e-07 0.0 0.0 0.0 2.2527951923230524e-07 0.0 0.0 0.0 0.0 1.569874217906913e-07 1.8619904575402123e-07 0.0 0.0 3.9450034527842314e-07 1.6011892537444653e-07 8.122627359047894e-08 0.0 0.0 0.0 0.0 0.0 0.0 0.0 0.0 3.4419673136450666e-06 2.4838157554003417e-07 0.0 0.0 0.0 6.909532661854957e-07 0.0 3.2146031882516654e-07 1.6742130675819477e-06 8.706452772694554e-07 2.8386799766416536e-07 1.9351066372290428e-07 0.0 0.0 0.0 0.0 0.0 0.0 0.0 0.0 0.0 1.8779929541298784e-06 1.6404605801090736e-06 3.3152714188098653e-06
6.926335356046642e-05 5.5986517927763146e-05 4.574490496631985e-06 0.0002384498766040829 2.862757921878463e-07 0.0 5.997510615163843e-06 1.5027231846292985e-06 1.1173352505876599e-07 0.0005837125163874124 4.981190747769661e-06 0.00022444249775947686 6.70859584862619e-05 7.91786198957126e-06 1.1066558808245285e-06 2.308122447821532e-06 0.0 0.0 0.0 7.232601732750659e-08 0.0 3.723459007028179e-06 0.0 0.0 0.0 7.88961982936684e-08 0.0 0.0 0.0 0.0 2.196028402088845e-05 1.3654994204771823e-06 1.1680129646229663e-05 0.0 0.0 0.0 1.2244080737317514e-05 5.935904655738035e-07 4.918359524512529e-06 0.0 0.0 8.222778950653973e-08 1.9828579953039402e-07 7.036611934388809e-08 0.0 2.777035558311948e-07 1.8531546003663775e-06 1.2870595981058607e-07 9.730573404650772e-08 9.612184462640751e-08 8.070696324144257e-08 1.3859581037423088e-05 2.2744767379257907e-06 1.8638044143467174e-06 8.107949783212139e-07 3.1237605858486378e-06 6.353932906549137e-05 4.063510027915169e-05 6.958255252337756e-06 1.6464264450339437e-06 0.0 1.587954996816351e-06 0.0 1.0462247280693008e-06 3.3699473140461653e-07 2.2508033895696973e-07 1.3389751573308e-07 7.863403292721919e-08 0.0 6.672726682108715e-08 7.834788555552937e-05 0.00014269719044771823 1.5171138353944484e-05 1.254575062005294e-05 1.1911023299529942e-06 1.3705737619511389e-06 1.3313181323463486e-06 2.0085624527949284e-06 7.276953830365254e-08 2.072833176704448e-05 0.0 1.738514024335202e-06 2.349501635317987e-06 6.525240193995452e-07 1.4509771117212012e-07 1.7932193924488719e-06 1.4320323477783823e-07 8.26577820681101e-06 4.787310611429648e-06 9.91051122570385e-06 1.7614465897202329e-06 4.046608823198638e-06 0.0 0.0 2.2174451864642676e-06 0.0002069786491446696 0.00010261622372859538 6.823413909965635e-05 2.257841443137251e-05 0.0001897563137136348 0.0 1.1723345884298389e-05 3.991293621227284e-06 5.644057020458927e-06 1.1730504481888327e-06 6.845277524164694e-06 3.096961412008997e-05 1.0365467507852694e-05 2.9622898461226907e-05 3.622501527744644e-05 1.2867955903967102e-06 1.2381502161812236e-05 5.266999487659204e-05 2.7184173983574068e-05 3.3506634024471084e-06 2.0384886385868187e-07 0.0 0.0 1.7693052360840992e-07 0.0 1.0412817778709719e-07 4.908548501529125e-07 1.4896544714046436e-07 0.0 0.0 0.0 2.752149285214776e-07 0.0 8.53689285426248e-08 6.626902967202587e-07 0.0 1.0278077170109499e-06 1.6591768336807456e-06 5.349521379542926e-07 0.0 1.264740261094941e-07 3.334639829456935e-07 0.0 1.0252662006481235e-07 1.2146977656362334e-06 0.0 6.064080582765061e-07 7.995911028026272e-08 5.870904225942947e-07 0.0 0.0 0.0 0.0 0.0 1.7929437825865574e-07 0.0 0.0 2.6555667720075265e-07 0.0 0.0 0.0 3.1587418560273953e-06 3.572858425469692e-07 5.38936088900259e-08 0.0 1.252146697264763e-07 0.0 1.92582330264811e-07 2.4054862340865697e-06 0.0 0.0 1.0159110607603933e-07 1.24569117449664e-07 0.0 6.848682385346808e-08 0.0 3.09126400957793e-07 0.0 7.284202527725019e-08 0.0 0.0 6.647368953514181e-06 2.045606741484174e-06 0.0 0.0 0.0 1.7839818262665057e-06 0.0 1.6586970600060873e-07 5.191177228951577e-07 9.85170651611495e-07 3.770400213323439e-07 0.0 0.0 3.6040947011567476e-07 0.0 0.0 0.0 2.5983437919275846e-07 1.4814759897419087e-07 9.211731931832017e-08 0.0 2.1625179616001177e-05 2.605046428122284e-06 3.460193706715788e-06
0.00037705253408181144 0.003498849965960757 0.00013820873178216805 0.0008433576889974679 0.0015755431043365617 5.997510615163843e-06 0.0 0.00014026108582744574 0.0016771937015928984 0.0017539194309846024 0.0010213398140407053 0.0001841461074742377 0.0029117315222044766 0.0028950535599242475 4.633759233392471e-05 3.300198177770815e-05 1.8264187441607067e-06 3.551515714324933e-07 2.674587854996762e-07 1.3808797026662094e-07 0.0 1.1865064679079486e-07 4.5287081929839335e-08 1.1573914656076081e-07 1.2090218762408945e-07 2.5039597462662515e-07 2.2045343804325733e-07 2.383444832895626e-07 2.714102513379551e-07 3.242188170996827e-07 4.3966232219016774e-05 1.810093385763699e-05 2.2738875290946525e-06 0.0 5.457461705213202e-08 0.0 1.9277805937168057e-06 2.458938647958111e-07 5.86066043205306e-07 2.918446598956445e-07 0.0 2.8918605804827014e-07 4.7209138194365316e-08 3.3985882539342227e-06 7.543881192112627e-08 0.0 8.583260927548427e-05 5.824946669445398e-06 1.410033679726404e-06 1.7764134087542918e-07 1.4491108692288225e-06 1.3109743117793012e-07 3.933262893624931e-07 6.576695674189212e-07 8.729542766263445e-06 1.0133625683669271e-05 1.4203537590399535e-05 5.4289049672953964e-05 2.8468970484752035e-05 6.380705135205596e-05 1.7300210547732902e-07 0.0 0.0 3.865812604016426e-05 1.0444513055657471e-05 4.236595297202638e-06 2.354603961977582e-06 1.1744441343840866e-06 7.63875963043796e-07 1.702539795922233e-07 4.461838830876122e-06 1.2372220646544724e-05 0.0 0.00010628628665598597 0.00012390090613548176 0.00013398224693469642 0.00010674346687606861 5.3255266100914847e-05 1.967294874419341e-06 6.794424789415069e-06 4.427145136575527e-07 1.7103106592622207e-07 2.4186554305245176e-05 1.850182468638031e-07 7.096121118979976e-06 1.3202352250495547e-05 3.930055246017315e-06 3.4120648341978897e-07 3.908769606043598e-06 1.2712870258853642e-07 1.6195035864381956e-06 1.8304507019516224e-07 3.8796340938631316e-07 1.1066803195004662e-06 5.117059736004382e-07 6.090567073280202e-06 5.650696602474661e-06 1.841028374397621e-07 1.635394552206559e-06 1.3419351005804175e-05 1.1249491140884676e-06 3.2462201195760287e-06 4.3925348059792546e-05 1.424677609778567e-05 2.1772872280686183e-06 2.2851512779875306e-05 1.0265713097697952e-05 1.0903242801098614e-05 2.808831187206075e-05 2.7961504561550668e-05 9.712650081560335e-07 2.1450064896147832e-05 3.362468241864441e-05 3.129724800034448e-05 5.871208539504554e-06 1.1709238458258525e-06 2.4542037074625144e-06 1.1240924109146153e-07 1.42887553961762e-07 0.0 0.0 0.0 0.0 0.0 0.0 0.0 0.0 5.720197783372821e-07 7.254581341767388e-08 5.00095129184907e-08 0.0 0.0 0.0 0.0 1.4456374867157731e-06 4.055546962633414e-07 0.0 1.0920612472572058e-06 2.676693836939054e-07 3.161484947711069e-06 1.1284035204716893e-06 1.7850327215728283e-06 4.237262156172795e-06 2.293538380089604e-06 0.0 0.0 0.0 3.4284043413262604e-07 5.550311447872575e-07 1.1400751944373739e-07 0.0 1.987590536148167e-06 2.7891504769023724e-06 0.0 0.0 0.0 1.014415511437163e-06 2.3089990805375596e-07 0.0 3.994818142567876e-07 0.0 1.6025346567433655e-06 1.8536749516390404e-06 1.801228705598882e-07 4.074194234288478e-07 3.1118667069297046e-06 8.591151965521087e-07 2.8098639865617963e-07 2.9022404774396754e-07 6.961163118546809e-07 0.0 0.0 6.809795597356757e-08 0.0 0.0 0.0 1.4080846174813856e-05 1.3056673791451145e-06 0.0 0.0 0.0 2.3599911378481402e-06 7.027588231953111e-07 7.084933129061338e-07 5.411130664397311e-06 5.546123443654827e-06 1.300773039158969e-06 2.4988504693688144e-07 2.2981131380990018e-07 8.488258691623502e-08 0.0 0.0 0.0 0.0 7.549336829437983e-08 0.0 0.0 9.356269589246251e-06 1.4323014523286179e-05 1.4358160618654743e-05
3.624142861645858e-05 0.00022528188201379083 0.0025211299893007975 6.82684431430814e-07 0.0002729520082926752 1.5027231846292985e-06 0.00014026108582744574 0.0 0.00025671151352027135 3.5570770689591945e-05 0.0015601831105227974 2.803927929360082e-05 0.00024940803118476566 0.0015436458608326712 1.3757574321862837e-05 2.0187953165261517e-05 6.548600040105713e-07 5.532674977540788e-07 1.0726373498538185e-06 2.501996743935181e-06 3.3718055884063594e-06 1.7414047429395611e-06 6.800363000775988e-06 1.0302480261198009e-05 1.5666651982145703e-05 1.0022239513903482e-06 1.8143517149658836e-05 2.5006679450498798e-06 4.077130417304858e-06 4.808640034677671e-06 0.00042330007964089825 0.0023260872115922608 6.167400201477786e-05 3.6740179121034385e-06 1.279531360706214e-05 1.085466374292985e-05 2.8980746467375136e-05 1.5152620184454236e-05 2.0846137879334967e-05 1.5438723970921597e-05 1.1885164485961551e-05 5.630462263122661e-06 2.148718991629426e-06 3.5918993445022105e-05 4.281239194266036e-07 4.366988700146404e-06 2.1261772852361713e-05 1.1967601137254324e-06 3.640262375553393e-07 2.0437787828731365e-06 2.2787737996197647e-06 2.735219049322538e-06 4.389034661135535e-06 1.2955922701529935e-06 1.6057445796442176e-06 2.1302042673200347e-06 4.4304417048536394e-06 5.278256381194888e-05 4.794372656444448e-06 1.20179412723882e-05 5.0358778191173753e-05 3.582014091228427e-05 2.307697783222938e-06 0.0004561285598678402 2.045115291962644e-06 2.7897807377347607e-06 2.5057941346533177e-06 3.450039395410922e-06 1.2430004689065176e-05 8.561019626186737e-06 4.3549019961132844e-05 9.702324317237794e-06 0.0 2.398031538401717e-05 4.009678862006917e-05 3.212137139772929e-05 0.00011904045733297386 0.000216385884791165 0.00061864220729897 0.0011181873679218112 8.944250893596019e-05 0.00042372643657404555 5.736990161366549e-06 5.6318058191730024e-08 2.276067669936543e-06 2.9928593687742946e-06 2.2526178161735914e-06 6.304801172283834e-08 6.440228882594648e-07 5.294780541726392e-08 6.557894566918559e-07 3.342216786227571e-07 3.3158391238169896e-05 4.993111847302012e-06 3.052245171674731e-06 1.776987313705193e-05 8.047212953561704e-06 2.1229021097809245e-07 1.7496684509150896e-05 1.9379247693732985e-05 0.0 6.258246185500844e-07 4.2760555788405864e-07 8.972383979743131e-08 0.0 9.928053381906878e-07 7.152652257922729e-07 1.0300534268295933e-06 1.9281162823746226e-06 1.1602152611133287e-06 1.2084438872768097e-07 7.305195009522183e-07 2.0483465584036947e-06 2.2897390687291998e-06 7.938095965060579e-07 8.341415687757368e-08 0.0 0.0 0.0 0.0 0.0 0.0 5.28746809930915e-07 0.0 2.2056348117282872e-07 1.0191364132813722e-06 0.0 7.564121629618969e-08 0.0 0.0 0.0 7.189348131971945e-08 4.42191237665851e-07 7.33194683883908e-08 0.0 6.663789938248536e-08 0.0 1.3487380997755476e-07 0.0 3.9451419048382623e-07 5.232450311325986e-07 1.017083518444029e-06 1.445931644363237e-06 4.026993230037141e-07 3.982134948765261e-07 0.0 0.0 0.0 0.0 8.011873085193636e-08 0.0 0.0 3.5148395994011915e-07 0.0 0.0 3.92789361611372e-07 1.0833255720736312e-06 3.6196303481058077e-07 0.0 0.0 0.0 0.0 1.5515534093785863e-07 0.0 0.0 7.123912909299261e-07 1.1206643638495977e-07 0.0 0.0 0.0 0.0 1.9365531526012678e-07 0.0 0.0 0.0 0.0 7.309922322718996e-07 8.165923564001582e-07 5.24378679867224e-07 0.0 0.0 4.409837938943098e-07 8.449013107392294e-08 8.27266498515874e-08 7.328134801496467e-07 1.7064497998380106e-07 7.100359893556726e-07 7.878592487125924e-08 2.2293780954133362e-07 0.0 1.4267819934885646e-07 0.0 0.0 9.860013639356829e-08 0.0 0.0 0.0 6.947831558288908e-07 1.4981347426194842e-06 2.935573578625796e-06
2.0388817024022224e-07 0.0009055594455778499 8.600837723939519e-05 2.372886551106562e-06 0.0015975251923451492 1.1173352505876599e-07 0.0016771937015928984 0.00025671151352027135 0.0 0.00010521975932976761 0.0005144536685846153 1.995900413692386e-05 0.0005234145132212632 0.001039695785954786 4.503048564296734e-06 3.438445615694665e-06 5.2668188459573044e-08 0.0 0.0 0.0 0.0 0.0 0.0 0.0 0.0 0.0 0.0 0.0 7.292266461730273e-08 8.081490610033406e-08 2.537851980038904e-06 2.1786335890857235e-06 1.7136257707196257e-07 0.0 0.0 0.0 1.631578411045575e-06 6.814242091467265e-08 0.0 0.0 0.0 0.0 0.0 1.5726610836531784e-07 0.0 0.0 4.5115037151688365e-06 3.2660339349946574e-07 0.0 0.0 0.0 0.0 7.221619067320267e-08 0.0 0.0 2.614187478576366e-07 3.8607815852311e-07 2.883786020765912e-06 4.917477461491389e-07 2.305962388515089e-06 0.0 0.0 0.0 2.793952077962772e-06 3.152651973803562e-07 1.1982952503874647e-07 0.0 0.0 1.0987846558658667e-07 0.0 2.5541485697940394e-07 5.349688802435942e-07 0.0 3.203603333763863e-06 7.720536828978237e-06 7.782450210918961e-06 8.064975992837097e-06 4.2359850165768485e-06 1.422837123237158e-07 5.056121856100771e-07 7.066705220663742e-08 7.831242437350025e-08 7.660862031595755e-07 0.0 1.1609035695583905e-07 2.1762025119561498e-07 1.7859757661373947e-07 0.0 5.642023451796525e-08 0.0 1.363611102113381e-07 0.0 0.0 0.0 1.21249906779748e-07 1.1649326348712642e-07 0.0 0.0 0.0 7.031962966815388e-07 0.0 0.0 2.410378962022851e-07 4.7167722330431526e-07 2.101335185529372e-07 1.2686322100522424e-06 1.4464882253051282e-06 1.1689959493349617e-06 1.2717867613431957e-06 1.9854906155133636e-06 0.0 8.601656266668993e-07 3.4808048604205633e-06 2.1605583878688144e-06 6.183485899185033e-07 8.076716178922001e-08 0.0 0.0 0.0 0.0 0.0 0.0 0.0 0.0 0.0 0.0 0.0 4.733567397580217e-07 0.0 0.0 0.0 0.0 0.0 0.0 9.166342134690703e-08 8.950096238909546e-08 0.0 7.220983459088184e-08 0.0 2.8983005815135626e-07 9.199258350570283e-08 1.1059736152635282e-07 0.0 5.610224156179836e-08 0.0 0.0 0.0 0.0 7.761659917021584e-08 0.0 0.0 0.0 1.7182223236431846e-07 0.0 0.0 0.0 0.0 0.0 0.0 0.0 0.0 9.814129173200108e-08 5.735783772336205e-07 0.0 2.241357284011071e-07 0.0 0.0 8.882556876637267e-08 2.4387692788214845e-07 0.0 0.0 0.0 0.0 0.0 0.0 0.0 6.720050800911095e-07 1.0926403968971925e-07 0.0 0.0 0.0 1.8596441419924865e-07 0.0 0.0 2.1567217184042777e-07 1.171413351675832e-07 1.8260982133774687e-07 0.0 0.0 0.0 0.0 0.0 0.0 0.0 0.0 0.0 0.0 1.0762334508142265e-06 2.3502769207619954e-06 6.698722920625082e-07
0.001077703642542432 0.001467229237078722 0.00014167476757140845 0.003060924659242583 0.0004492420230005718 0.0005837125163874124 0.0017539194309846024 3.5570770689591945e-05 0.00010521975932976761 0.0 0.0001701402347678195 0.002574766003368024 0.006190019326878958 0.00042389036880797907 3.3429686720769254e-05 2.6071256703026032e-05 1.5161576857856596e-06 1.9537075739651603e-07 7.894629159172709e-08 5.727862804124597e-08 0.0 0.0 0.0 5.28819646949626e-08 1.747873263435444e-07 3.6953858218904987e-07 1.4345584759737924e-07 5.229764313842638e-07 2.367679215518828e-07 4.036341921725416e-07 3.2773493763390586e-05 7.302299049452843e-06 1.1044156335519948e-05 0.0 0.0 7.751005649177766e-08 1.3305470640247852e-05 1.1041925304566783e-07 1.0351212878630964e-06 1.0434259884243234e-07 1.3144559249583707e-07 1.8036687042729881e-07 0.0 2.012491244000406e-06 0.0 0.0 7.643653309483657e-05 4.344317623066879e-06 1.7311214446162937e-06 0.0 9.785246536373017e-07 7.294164074713003e-08 6.210630746258764e-08 2.9202647609101663e-07 8.246329073918465e-06 1.0544168702425833e-05 2.6195046818105293e-05 5.607499116691125e-05 3.0094350983203608e-05 5.720408226349678e-05 6.167881486794632e-08 6.915101142670786e-08 0.0 2.8034480152067933e-05 8.868006169125813e-06 3.804961687294191e-06 1.759532100878354e-06 3.2385505574494933e-07 3.973079281683688e-07 9.366152491230166e-08 7.467405188690783e-05 5.364385797484941e-05 0.0 0.00010647963622986893 8.622469240726194e-05 9.192666183546907e-05 6.910297174200016e-05 3.832805610845489e-05 9.877545004037482e-07 4.619369504259258e-06 3.6350594155295756e-07 8.119129256901642e-07 2.7662591159724502e-05 3.7482609192530407e-07 4.225554118968036e-06 1.487249724576377e-05 4.370911116846134e-06 3.511687765565723e-07 2.891260368259778e-06 0.0 1.6179118069498003e-06 1.7678178207038969e-07 3.685228525990456e-07 6.875838516769592e-07 5.926955430006052e-07 0.0001419416524993976 3.578860730090858e-05 0.0 7.764900109613023e-06 0.00015182398100347836 7.016143967558809e-06 2.726132496286743e-05 0.00022553649257303453 0.0001739497897148497 1.4564525910774505e-05 0.00016268522698550738 8.537568528842465e-05 6.343178117723998e-05 0.00022587733599518985 0.00017071782564770515 7.141855355906943e-06 0.00020043473915177363 0.00025481769126358333 0.00021334438794814076 3.2223295000604416e-05 5.844787079080925e-06 5.529332392147844e-06 0.0 2.1208228418078076e-07 0.0 0.0 6.494684709995236e-07 0.0 3.501068870701774e-07 0.0 2.437677690770739e-07 0.0 4.1609590414141725e-06 0.0 3.2820314572590286e-07 8.205645163528336e-08 1.684914895502613e-06 6.763631002992252e-07 1.3268904393431128e-06 3.7047752938344754e-06 8.50946479305693e-07 0.0 4.225067694436225e-06 1.5591221769359138e-06 1.4448363720876728e-05 5.124214713390912e-06 9.7304922770899e-06 1.578639478811348e-05 9.316610707670919e-06 0.0 9.579819107228967e-08 0.0 0.0 8.127287288560388e-07 2.7437069892888737e-06 1.4082864848135513e-07 5.874586553147651e-06 1.1195882860214714e-05 0.0 0.0 6.262982940704002e-07 6.822739279993961e-06 2.7774452032116666e-07 3.2674712386533736e-07 1.3122639562763344e-06 5.832182051273286e-07 2.3846379202116637e-06 6.790437853873927e-06 3.6304120784294444e-06 1.505043633685493e-06 1.2148532381733143e-05 5.35760982591783e-06 4.102548685280567e-06 7.248778929487011e-07 9.536382009117166e-07 1.473598823228034e-07 0.0 1.0114799502114449e-07 0.0 0.0 5.127542251449839e-07 6.881866483382245e-05 1.1681987602785739e-05 0.0 0.0 2.2166472309933152e-07 1.683182605602802e-05 9.464326788531666e-07 3.6341140726424888e-06 1.59748038482963e-05 2.3707588866330144e-05 7.591887424482733e-06 2.3866797748103662e-06 2.4108077949218077e-06 1.6611502314305109e-07 0.0 0.0 0.0 6.088840194801493e-07 2.42190198656765e-07 3.5214522279432e-07 0.0 7.063296650845766e-05 7.399369552722614e-05 5.363752611472928e-05
4.2934308022137614e-05 0.0005686754957275773 0.0014287212658192412 2.107376853644702e-06 0.0008193841706098322 4.981190747769661e-06 0.0010213398140407053 0.0015601831105227974 0.0005144536685846153 0.0001701402347678195 0.0 0.0001270363817962843 0.0015206829618047305 0.0034125215888828665 2.099628252713335e-05 2.9115655051571184e-05 6.45636398180027e-07 4.582284301744465e-07 0.0 9.528628279564305e-07 1.3868640278649505e-06 1.720763310332484e-06 7.613998912995904e-07 2.8115106632568453e-06 5.083393368841099e-06 1.845183041424182e-07 5.374937551853813e-06 1.0028758965963355e-06 3.6010779847350204e-06 2.901663027360831e-06 0.000118574901740064 0.00011365891267500029 9.530862975397696e-05 4.5751227471944905e-07 1.7062267980715426e-06 2.0154714175546456e-06 6.540279406043628e-05 5.659785772558264e-06 1.1379630070242771e-05 5.648112698412127e-06 4.8582004028689185e-06 3.0067949595103714e-06 4.428133277083574e-07 1.9748149028004946e-06 6.265610858333679e-08 0.0 2.400758837523752e-05 8.966436575092132e-07 1.5725834703610132e-06 4.804839346166098e-07 6.615393391759512e-07 1.3449596759755246e-06 1.234387112381936e-06 8.240169836703628e-07 1.2337567732499833e-06 1.5942909054845667e-06 3.259155516276934e-06 2.9225568406522685e-05 4.9611757208928685e-06 1.33025949275248e-05 2.0131294361181254e-07 5.719422562410808e-06 9.661220255988695e-08 2.6062179475928994e-05 1.5535553680460842e-06 1.0628171842447562e-06 1.7165591948278097e-06 1.2197116137875797e-06 8.780369081818724e-07 1.4395581519039062e-06 0.00010104488707747532 1.613119145396775e-05 0.0 2.108666517486334e-05 3.6447339089435586e-05 3.527741801692468e-05 5.021640201166984e-05 3.2462042091044566e-05 7.83205627842092e-06 0.0003540775784776679 4.410861083962477e-07 6.493050515171988e-06 4.48816415325172e-06 0.0 1.0966735844518617e-06 2.4121804369575523e-06 4.458722752306637e-07 6.122697571450229e-08 6.029425609902198e-07 6.795377423373402e-08 7.794639463431542e-07 4.6258640892985134e-07 1.221428855892789e-05 5.1329973130430984e-06 2.1039158839156053e-06 4.007542870604943e-05 1.5784696313953376e-05 1.4748843178481317e-07 2.1369180943648894e-05 2.0943760708195575e-05 1.4906837882720726e-07 4.00341787588935e-07 5.717917193400978e-07 6.90244498524732e-07 7.176888276163342e-07 2.7372533272868797e-06 2.586633958438692e-06 3.178609053325805e-06 6.87131094576264e-06 6.866687545300058e-06 4.805709024038426e-07 2.9448622053361386e-06 9.790425329466449e-06 8.618255594782724e-06 3.476383735369058e-06 2.9126814941157775e-07 5.280009513057097e-07 0.0 0.0 0.0 0.0 0.0 1.2278414529971336e-07 0.0 0.0 6.343881958960378e-07 0.0 4.446428154638374e-07 0.0 0.0 1.564794879078379e-07 1.2478193106099196e-07 5.18219940084915e-07 0.0 1.9674819873499806e-07 1.3985908799945497e-07 0.0 6.956312276271854e-07 0.0 1.4080199438831857e-06 5.818134556641509e-07 4.62195625013541e-07 1.4304808465073023e-06 1.0382956581556633e-06 0.0 0.0 0.0 0.0 6.60061324349384e-08 6.537246833499441e-07 0.0 5.84522408737562e-07 6.39024469728245e-07 0.0 0.0 3.6771034262075024e-07 3.119399392205219e-07 1.0105678063398425e-06 1.59583729425465e-07 4.430823511955136e-07 8.287562168244532e-08 0.0 0.0 0.0 1.5248093179010396e-07 1.0198674640771127e-06 4.705580692008954e-07 6.290736728099205e-08 0.0 7.749908534098913e-08 0.0 0.0 0.0 0.0 0.0 0.0 4.49591811309742e-06 1.4091124300759983e-06 0.0 0.0 1.8703752355269678e-07 6.805817795229557e-07 0.0 6.317777114341749e-07 5.29946350052266e-07 1.9692981918145812e-06 4.689889643453007e-07 0.0 2.9136338010582757e-07 0.0 0.0 0.0 0.0 6.953977337190311e-08 6.176487990725534e-08 0.0 0.0 2.903680512371447e-06 3.936601743668047e-06 4.743958767726365e-06
