0.0 0.0014222356658024377 0.0003199415415644729 0.0012065789928482188 6.52487718419183e-05 3.70222967509922e-05 0.0003528156496728792 2.071875179786282e-05 2.9627349404207898e-05 0.0005464001915131398 3.7653176897743524e-05 6.604188408985113e-06 5.6123904352488686e-05 2.6781924781048736e-05 2.6641414275602946e-06 1.155819589545551e-06 2.3669181963549964e-07 8.995512281355922e-08 8.229483877221928e-08 4.0423655006118415e-08 0.0 5.933095925150427e-08 0.0 0.0 9.710360879419374e-08 5.306961159590871e-08 0.0 0.0 9.726940928081721e-08 0.0 0.0004309950744313994 9.111446213243192e-06 1.708430395923771e-06 1.0113733413635024e-07 0.0 4.305866024123623e-07 6.851606619383472e-07 6.901779674454566e-07 3.2113605113078887e-07 4.1839076049307415e-08 0.0 0.0 6.012175684252828e-08 5.103473053485719e-07 4.944017797246694e-08 1.2720828145540236e-07 1.3720220670856155e-05 2.035547845663568e-06 5.316370733937511e-07 4.9476220027503825e-08 2.5729515775286826e-07 5.2490925389155976e-08 0.0 0.0 3.538500195553647e-06 2.4929136202378894e-06 0.00011518948916616563 0.0005605021236365545 1.0188056584176551e-05 1.605908693442949e-05 0.0 6.737754431581027e-07 0.0 4.388187781682063e-05 1.4153644150937477e-06 9.222246172207727e-07 4.95962832825587e-07 1.4752166543809197e-07 1.7671746200597806e-07 0.0 4.4282148000047933e-07 0.0 0.0 0.00012708258698641554 1.2193188324634555e-05 1.8312891662243268e-05 1.578849827197104e-06 4.897399185993349e-07 2.6242773717255623e-07 1.5603614178789748e-06 4.292764765691122e-07 7.444193524516142e-07 8.124390823142448e-06 0.0 1.1977104186274173e-06 2.486238301072728e-06 6.588091721250399e-07 9.83303662298607e-08 4.3534519111167305e-07 1.487407124499835e-07 5.309001740387081e-07 1.0694772750289119e-07 0.0 2.062953421620696e-07 2.429389729020583e-07 1.9835234250903233e-05 4.913595955380342e-07 0.0 3.938323134638795e-08 0.0007853313642212583 5.128657829579636e-08 2.8070221520023267e-06 6.675776735293395e-07 2.816682024991697e-06 1.7411244609927435e-06 2.4554177784254646e-05 3.2983169782222837e-06 7.609625941708236e-07 1.1706978052532263e-05 7.57524797987107e-06 7.675942751507981e-07 3.472537937766221e-06 1.4326642586305777e-05 1.2953173413786182e-06 2.320544133895866e-06 3.715864396828218e-07 0.0 0.0 0.0 0.0 0.0 0.0 0.0 0.0 0.0 0.0 0.0 0.0 0.0 0.0 0.0 0.0 0.0 8.170866193712374e-08 5.5192427534451e-07 7.517925177193557e-08 0.0 4.359375485943332e-07 0.0 4.794077441325608e-07 0.0 6.029289835816383e-07 3.338222083052007e-07 0.0 0.0 0.0 0.0 0.0 1.4108848610920247e-07 0.0 0.0 0.0 0.0 0.0 0.0 0.0 0.0 0.0 0.0 0.0 5.08164270736589e-08 2.99394014419868e-07 5.978431810259152e-08 3.9242256753876013e-07 0.0 1.8523463172901462e-07 5.778949124240346e-07 8.482303397727679e-07 0.0 4.662471277455326e-08 6.457095269910133e-08 0.0 0.0 4.5812770862913684e-08 5.02291204900398e-08 0.0 1.6834213550700311e-06 1.613933244454728e-07 0.0 0.0 6.222844770895365e-08 9.547454439256833e-07 3.1667274880335183e-07 9.277018314828611e-07 0.0 0.0 5.195620618155776e-07 0.0 4.33989703887044e-07 2.1402325286211037e-07 0.0 0.0 0.0 4.32878620391643e-08 8.62391381446703e-08 0.0 0.0 2.450825542338904e-06 1.0124346895484163e-07 2.0140439704915897e-07
0.0014222356658024377 0.0 0.0009412335711104791 0.001443911062246007 0.0016085398187743595 3.286875375319716e-05 0.0028739274277890135 6.966313724819306e-05 0.0012039969688757244 0.0011872309013119774 0.00036052341536762427 3.278501324953023e-05 0.00045794474632171635 0.00046580438929985066 1.608646507112481e-05 1.0573526002331532e-05 4.397843335251593e-07 2.529532264633101e-07 4.806820169448461e-08 5.053196782479479e-08 0.0 5.8064889204763424e-08 0.0 0.0 2.0581351980246135e-07 0.0 0.0 6.020410979521285e-08 6.726011904553743e-08 0.0 0.001200093574760844 5.883399343497297e-05 7.23391630235856e-06 0.0 0.0 2.445590762438968e-07 1.3061057254432403e-06 8.127844139081661e-07 1.5214256988251673e-07 1.8872617888577245e-07 0.0 0.0 5.498632008221654e-08 1.1617422060640664e-06 1.5037454861045058e-07 3.9296337420065946e-07 4.536629647953347e-05 2.052831556215646e-06 8.375694436529139e-07 3.248954673771585e-07 2.469364671651059e-07 0.0 0.0 2.8204888862801464e-07 4.396193577109988e-06 2.5388777949865914e-06 7.636143807212813e-05 0.0003791260324366276 1.0848194929617027e-05 3.75330499349825e-05 4.429865024112715e-07 1.4965200585347373e-06 1.8457954462989194e-07 0.00013011522491451836 2.2310499880430877e-06 1.5244265043236616e-06 4.2784839091309706e-07 4.505849799769658e-07 1.0720131428529308e-07 0.0 1.2201614406734419e-06 6.928028392319498e-07 0.0 0.00016218600649439924 4.328259277336099e-05 9.017376713791032e-05 1.643748736221589e-05 6.650504997136577e-06 1.297330619186191e-06 6.345448566625161e-06 4.5128345029857405e-07 2.5263888228886235e-06 1.2440751714312055e-05 0.0 1.517690218301407e-06 2.252442664309808e-06 5.874857476680272e-07 1.4840940160670753e-07 6.38102864243409e-07 4.5894956771069505e-08 3.543922298308966e-07 1.4605886529145283e-07 5.44205007000879e-08 4.201424333808639e-07 5.141729019996959e-07 1.4034152284880991e-05 2.4030659729949603e-07 0.0 3.8256516879002526e-07 0.00033745436567980024 3.1543534887283864e-07 1.108931025541894e-06 2.7123800410495786e-07 9.790462555406078e-07 1.5159660857813217e-06 6.545352567518937e-05 2.6117462142902164e-06 7.916283298409997e-07 1.2463036680908752e-05 4.738216999203871e-06 2.9495941298001926e-07 4.1218655569363546e-06 1.4891304591625002e-05 2.8502659846204333e-06 1.3948426034982375e-06 0.0 6.564959438865139e-08 0.0 0.0 0.0 0.0 0.0 0.0 0.0 0.0 0.0 0.0 1.9050153692937856e-07 0.0 0.0 0.0 0.0 0.0 0.0 8.599694599708506e-07 1.2468322624789486e-06 0.0 3.0896271186788973e-07 0.0 6.253719699066467e-07 1.0105560979860287e-07 1.3688800153274546e-06 9.538178852205901e-08 0.0 0.0 0.0 0.0 5.75162929927329e-08 0.0 0.0 0.0 0.0 5.2163267545969695e-08 0.0 0.0 0.0 3.0714159241521734e-07 0.0 4.641503232776653e-08 0.0 4.876620165386707e-08 1.1838400036621852e-07 3.465268590673111e-07 1.187003167650829e-07 0.0 1.9585907697432727e-07 1.5891973961359774e-06 7.63040329186959e-08 0.0 0.0 4.536905223950007e-08 4.164467138508602e-08 6.759093315113578e-08 1.4507395316617853e-07 4.550214276984484e-08 0.0 2.357827813331479e-06 5.854374872194028e-08 0.0 0.0 5.245546798996979e-08 2.4411724038815885e-06 1.7675784853753567e-06 1.5238241461488189e-06 3.906802887077595e-07 6.201646380603337e-08 8.772361012096328e-08 2.4917158889870507e-07 6.788797920524286e-07 0.0 4.5545517200513085e-08 0.0 0.0 9.778705829593842e-08 4.721729005264599e-08 0.0 0.0 2.940489209506763e-06 7.058562701783192e-07 3.9659429803713425e-07
0.0003199415415644729 0.0009412335711104791 0.0 8.488826998040197e-05 0.001084217285296178 6.336212336144388e-06 0.00022608416349947306 0.0009891080359781747 0.0013671194090235492 0.00041720133292245704 0.002387778756062389 0.00012068836713426816 0.0004916881652816989 0.0011153485087426408 2.4552652164375412e-05 2.4818777302513034e-05 7.102672567968898e-07 1.7592149922228811e-07 0.0 6.499735144242647e-08 1.4030695069770804e-07 0.0 9.718496827152297e-08 4.800237735833114e-08 7.532486624602958e-07 0.0 6.287265053825423e-08 1.0077846534173555e-07 5.315161727180981e-08 4.3958378777655116e-08 0.0027140780733983442 0.0006791738993075265 9.717963430673615e-05 7.426028706825697e-08 1.2046389377350196e-07 3.8350840638250705e-06 2.506785444971026e-05 1.8397468773265282e-05 1.405552175514594e-06 7.412667342478264e-07 1.396109860440314e-07 1.6278802317527676e-07 0.0 3.257310263080304e-06 2.047558026380943e-07 6.825959393699373e-07 4.758088447543696e-05 1.5984740469968014e-06 1.3336481570264733e-06 1.3249193506773002e-07 4.0100789582544425e-07 1.1875008284693099e-07 2.242401666040318e-07 8.018896114889444e-08 3.944901374557289e-06 2.4995501630928335e-06 6.029919569512355e-05 0.0003007052374775218 8.614463793364888e-06 3.6118000372450045e-05 1.7303905136629123e-06 0.00012191754985428112 1.1801267048934824e-06 0.00020933493321318076 1.5421569534883971e-06 1.1319269160694117e-06 2.9979379154039733e-07 2.597928207347932e-07 1.5087944949048126e-07 6.131386572620099e-08 2.1078046626360457e-05 2.7095037101004713e-07 7.845180355147323e-08 0.0001352590630585172 5.472330499450128e-05 0.00010856017207727688 2.889345424390888e-05 2.2295814536534073e-05 6.117395929553237e-06 0.0005738797919256286 1.918643288354145e-06 0.00013353692976251922 8.85294198719107e-06 1.4552976933020215e-07 1.0647121891766142e-06 1.6819217435843406e-06 9.6267270029127e-07 6.142873081927504e-08 6.093628530681861e-07 0.0 4.925953733782548e-07 1.14940271903776e-07 0.0 2.8671283780995876e-07 2.3316150935624946e-07 6.4320696024111e-05 6.347044707868938e-06 0.0 7.305461636680225e-07 8.274289944121605e-05 1.9888519631279406e-06 1.5133346684868448e-06 1.2245851094884733e-06 3.0707562609121444e-06 4.761384941200115e-06 2.9420223178163804e-06 2.0393798999045015e-06 2.563931137807725e-06 1.1943769615335075e-05 1.769896877048185e-05 2.5493141832597763e-06 9.507350300871073e-06 4.49632748223505e-05 5.509094116956361e-06 1.0042858798263648e-05 7.925981068527856e-07 1.9013226961284776e-06 5.396771771303408e-08 1.6521255142496016e-07 0.0 0.0 0.0 0.0 0.0 0.0 0.0 0.0 5.834219279352398e-07 0.0 0.0 0.0 0.0 0.0 0.0 3.126692866547184e-06 5.140624125940939e-06 1.3919024923104994e-07 1.0074424407206223e-06 4.133978259035309e-07 5.4111369633710454e-06 3.34826868170912e-06 6.54127215103303e-06 2.1722757926018887e-06 6.533629226434956e-07 0.0 0.0 0.0 1.1854770840032372e-06 9.134805614644859e-07 7.797434896670155e-07 0.0 5.655899904274583e-07 1.1003741651596393e-06 0.0 0.0 4.632903516680951e-08 7.831641879640305e-07 2.019951632128871e-07 2.911131423705055e-07 1.2316847217567162e-07 1.3613919849666386e-07 9.359703202575511e-07 3.3542124073809812e-06 7.737669617247937e-08 9.039630148095377e-07 1.6237991317030695e-06 7.953731441976001e-06 1.6065621980149568e-06 3.335741735554262e-07 1.500770159292557e-07 9.452174657795039e-08 0.0 0.0 4.679418384490111e-08 4.596803875240726e-08 0.0 1.5396969133302603e-05 4.238980735417016e-07 0.0 4.707181185172018e-08 0.0 1.7394952167984544e-05 6.065818720152828e-06 7.399846569393206e-06 2.4260512517989924e-06 3.125713673499066e-06 4.999459129041651e-07 1.5911796871834631e-06 3.1179793403764846e-06 9.574432350448944e-08 0.0 0.0 0.0 9.296785880813536e-08 0.0 0.0 0.0 1.0231689604171244e-05 3.776668082188097e-06 4.007345344875627e-06
0.0012065789928482188 0.001443911062246007 8.488826998040197e-05 0.0 4.8632526463275695e-05 0.0002653728088882454 0.0008603810783724945 4.893626166607656e-06 9.803147683937862e-06 0.0026377735644488986 1.1018894436637648e-05 2.9372204399670295e-05 0.0002835934843217254 5.899460602845823e-05 1.9139275993273683e-06 1.3759102513653527e-06 3.422602824438637e-07 5.592762918957273e-08 9.90687162347589e-08 0.0 0.0 0.0 0.0 0.0 1.0275405262852683e-07 0.0 0.0 0.0 0.0 0.0 8.97881078208975e-05 7.02235605953047e-06 1.9574264078350104e-06 5.574219657490985e-08 0.0 8.81196375314125e-08 6.996966086816588e-07 2.954566781667216e-07 1.7764592187234479e-07 0.0 0.0 0.0 0.0 1.9936113035276305e-07 5.3423710829636144e-08 5.3272988309688625e-08 1.2143588948830259e-05 5.117208026109478e-07 2.0244633290146572e-07 1.003607748934498e-07 5.121379084033828e-08 0.0 5.563334508487163e-08 0.0 1.9389903625807427e-06 8.685771414530292e-07 3.257766273103899e-05 0.0001652348967341949 4.901896292858319e-06 9.459489722338128e-06 2.014479912752598e-07 2.0957393172214067e-07 8.469715889139328e-08 3.330622868292432e-05 9.198112062240705e-07 4.5260913765845193e-07 9.355833484189248e-08 1.920915414846776e-07 1.3480497428218403e-07 0.0 1.612617192926615e-06 1.15106533960808e-07 0.0 6.184177453275711e-05 1.0774206395423676e-05 1.9204293530728635e-05 2.4088726737982335e-06 9.961272048061167e-07 2.765537962054395e-07 4.766435769906604e-07 4.881529340332798e-07 6.631922491195796e-07 5.125221868687781e-06 4.874639368948164e-08 3.331985475570305e-07 1.2520061370645127e-06 4.820603541026477e-08 0.0 3.636625857505315e-07 0.0 0.0 2.067826418238581e-07 0.0 1.9388084774643613e-07 1.8870187830274474e-07 3.454518127474884e-05 1.9164695291094173e-06 0.0 2.1764470791134888e-07 0.00041193776997320225 1.6223536646242448e-06 3.08347494781058e-06 6.629348913508997e-05 6.23499819405453e-05 3.577932080816994e-06 0.0001323129634584978 4.980126560197372e-06 7.044758827687222e-06 9.503517173149246e-05 1.9347739349227867e-05 3.3183630382080343e-07 1.05679912500211e-05 1.7158957697713946e-05 1.8009031655199869e-06 1.9193407300331284e-06 0.0 1.8855789471076054e-07 0.0 0.0 0.0 0.0 0.0 0.0 0.0 0.0 0.0 0.0 2.9519676567176967e-07 0.0 0.0 0.0 6.108270247383246e-08 0.0 6.732106392308727e-08 3.068414806544164e-06 2.1379817047017996e-06 0.0 0.0 0.0 7.687916942921221e-07 5.039449633188754e-07 1.0173059761578358e-06 1.4155521291850008e-07 0.0 0.0 0.0 0.0 1.8927697305212883e-07 1.9750940658405618e-07 0.0 0.0 3.9588345323267095e-07 5.021783179662173e-07 0.0 0.0 0.0 0.0 0.0 0.0 2.9757207293227774e-07 6.648493132613632e-08 3.5123540034662e-07 1.3868045042959927e-06 2.9443721859535204e-07 4.181940128095413e-07 6.546557022312056e-07 1.6430815300419043e-06 1.8802907613134577e-06 1.1020635743972835e-07 8.93164764127947e-08 0.0 0.0 0.0 4.709801146728547e-08 4.867428759986461e-08 0.0 2.9058345999504057e-06 2.909748822515861e-07 0.0 5.2605487164533007e-08 0.0 2.844330655134097e-06 7.732542581069056e-07 7.939998126609804e-07 5.890578520832957e-07 6.907576866907423e-07 7.455005481640912e-07 5.309196654976705e-07 1.0088505293881802e-06 5.4227608228442756e-08 0.0 0.0 0.0 4.769407030503049e-08 0.0 0.0 0.0 2.3358182548077294e-06 3.906021909946499e-07 5.952044313558076e-07
6.52487718419183e-05 0.0016085398187743595 0.001084217285296178 4.8632526463275695e-05 0.0 1.33412085347972e-06 0.0014010898403617902 6.637832356502085e-05 0.004295728543734508 0.00031752690701714986 0.0004120580350883824 2.4641116342237192e-05 0.000399030341431074 0.0013025283162865287 1.159681985666773e-05 1.1465361006290233e-05 5.839377086891839e-07 4.5548743797463574e-08 5.727970958499658e-08 0.0 0.0 0.0 0.0 0.0 0.0 0.0 6.207955388700534e-08 1.0364753424975042e-07 5.2503150411116896e-08 4.0849271277703525e-08 0.00011611983525099623 4.730454607435955e-05 7.892752966496308e-06 0.0 5.991881971961356e-08 2.4882535394555587e-07 1.5721407782248562e-06 7.376258185109855e-07 4.001916239437826e-07 1.2605312457985744e-07 0.0 0.0 0.0 1.0563342466724005e-06 7.515728102049341e-08 1.0663593449402961e-07 2.5838307212816956e-05 7.776072319189976e-07 2.3994064230013444e-07 4.8503717552353786e-08 0.0 0.0 0.0 5.483591846360061e-08 1.0637622377128481e-06 6.543742014288644e-07 1.3171863297334516e-05 4.3809001247502366e-05 2.4156158789807066e-06 1.6536105642878823e-05 2.0862149876794085e-07 5.9164875316690914e-06 4.6529321556807146e-08 5.949753136076532e-05 7.600485133216571e-07 4.1637863880947695e-07 9.47922004618496e-08 9.096573781672119e-08 1.5099192760515732e-07 0.0 9.864770819421357e-07 8.37195857356133e-08 0.0 4.0393358399293646e-05 2.2461741414323148e-05 4.9745964748033596e-05 1.5444332363126583e-05 9.817844617647826e-06 5.581300015679332e-07 8.076300606737434e-06 4.3606078569543474e-07 7.188383994863543e-07 2.7138072343361373e-06 0.0 3.281146923888401e-07 7.946135210719628e-07 2.977686579671905e-07 4.50723899482183e-08 1.3643039227758265e-07 0.0 1.0749736994118087e-07 8.39398141652102e-08 0.0 1.1943977453896142e-07 4.1220246404745575e-08 9.586319577601322e-06 7.890984888077429e-07 0.0 1.9075489512453053e-07 7.0755389800677895e-06 5.434119850800772e-08 2.491065206588397e-07 6.700711823775887e-07 2.1312640837076808e-07 1.7704671468482328e-06 1.1669832501338312e-06 6.275454302295859e-07 7.066776457099257e-07 3.9654958329391805e-06 5.19910670119808e-06 2.4739088982608687e-07 3.2091163823574617e-06 1.0244097408013906e-05 1.2902231250537354e-06 9.279270910299101e-07 1.292328303727585e-07 0.0 0.0 0.0 0.0 0.0 0.0 0.0 6.452261968347374e-08 0.0 0.0 0.0 0.0 0.0 0.0 0.0 3.417044241907403e-07 0.0 0.0 1.1969194671795906e-06 9.149084185332512e-07 0.0 6.105979978975608e-08 1.1078995387644526e-07 5.025488930655721e-07 4.857937289861636e-07 7.281515407848984e-07 2.5092785551103603e-07 8.965252604559741e-08 0.0 0.0 0.0 3.3757852983187947e-07 1.0837542368139975e-06 6.07663289281556e-08 0.0 0.0 0.0 0.0 0.0 0.0 0.0 0.0 0.0 0.0 0.0 1.142091971276967e-07 0.0 1.9562888082186214e-07 4.213276758552224e-07 8.129006285451964e-07 1.1907614233773147e-06 2.8996552887420717e-07 2.20355594442434e-07 0.0 5.837906919202299e-08 6.447330638021678e-08 0.0 5.857716641951198e-08 0.0 0.0 4.175310873657014e-06 4.531944353118171e-07 0.0 0.0 4.513017416744746e-08 2.292988165111939e-06 1.5906338691857005e-06 7.78249236793972e-07 4.783787454394166e-07 7.054771362448192e-08 1.3461027509208294e-07 3.6313242158347837e-07 6.342556792848957e-07 0.0 0.0 0.0 0.0 0.0 0.0 0.0 0.0 2.7720209909873977e-06 3.5524655709375777e-07 8.43799369353466e-07
3.70222967509922e-05 3.286875375319716e-05 6.336212336144388e-06 0.0002653728088882454 1.33412085347972e-06 0.0 1.4487588033598254e-05 1.6780060483894878e-06 1.0535764689837256e-06 0.000253460919211301 1.348533512568981e-07 9.154919008082205e-05 2.987839569868574e-05 4.8803159068962544e-06 7.544161015046145e-07 1.8032625903625356e-06 1.891293276682377e-07 5.9245080780080854e-08 0.0 0.0 0.0 2.5851543913590925e-06 0.0 0.0 3.1414015593127896e-07 0.0 0.0 0.0 8.879520077303567e-08 0.0 1.041755551475812e-05 2.6398103061552154e-06 7.705084447628086e-06 1.6189757912693164e-07 0.0 2.0511239215407306e-06 1.6171979253598242e-05 1.4815772880293268e-05 3.689705531336128e-06 3.1593672863003914e-07 0.0 0.0 0.0 5.730515881895499e-07 2.1768972641185293e-07 5.236449334164624e-07 8.129777723461283e-07 0.0 0.0 0.0 6.376879695930258e-07 1.1806196418685258e-05 7.544896978072642e-07 7.831378960343837e-08 0.0 7.187336669627228e-07 4.422813518031213e-05 1.042807662977466e-05 3.06140718745628e-07 5.393024918563966e-07 1.781195177285019e-06 1.4478135977190404e-05 1.4325973924640736e-06 1.4069813249805025e-06 7.072554571308564e-08 3.20236006417948e-07 1.317667376215183e-07 4.366189056435596e-07 0.0 0.0 5.694902549279252e-05 0.0002857378098808923 7.323132793829062e-06 2.8026741323792853e-06 8.18435974303297e-07 1.3506206372459975e-06 5.949432616309816e-07 9.343186147284142e-07 4.900629035916242e-07 1.3692860434300867e-06 1.137440546038772e-06 4.981635271213971e-06 6.044448687211576e-08 2.3871134358967577e-06 3.139470436642012e-07 2.011983608106447e-06 2.67624180353139e-07 5.192386719601014e-06 4.497997339789783e-06 9.437969894413655e-06 2.75470056141035e-06 5.12430548877839e-06 0.0 0.0 8.788859164980497e-07 0.0002678329525788227 0.00013265473808095378 1.7037273741473655e-05 6.7874081671917125e-06 9.799505188311452e-05 1.1159209291179112e-07 2.0280307187833853e-06 1.5205171304454504e-06 2.3475703253527007e-06 2.37462712112557e-06 1.8473945987401232e-06 5.102463647357437e-06 8.316820999054215e-07 9.458072608870109e-06 6.195273750520215e-06 6.585876051412582e-07 3.829573163714983e-06 1.8764995266010843e-05 1.7027930826685812e-06 7.793160315097053e-07 0.0 7.44722665752686e-08 0.0 2.1087189628410536e-07 1.5921290100322915e-07 0.0 0.0 0.0 0.0 7.4231115818443e-08 7.471673184721782e-08 1.8771354176463058e-07 5.26099828603113e-07 4.822101139186005e-07 3.2332964911126225e-07 0.0 9.939598547962038e-07 3.6981246503166837e-06 5.021011785611939e-07 7.426241468804448e-08 1.5625825254557917e-07 6.348629301060685e-08 0.0 6.629981521689641e-08 4.098683024919294e-07 7.828149725848154e-08 3.6090551140724094e-07 5.099876277067652e-07 7.917976118872755e-07 0.0 0.0 8.317094336654192e-08 5.604475817560247e-08 0.0 2.3696277465298511e-07 0.0 0.0 0.0 0.0 0.0 0.0 1.867540960173584e-06 1.1475177534078275e-07 0.0 0.0 0.0 5.026165460997247e-08 5.66350407893789e-08 6.816307736663277e-07 0.0 5.763585291624714e-08 6.489387614866953e-08 1.0250667726505011e-07 0.0 5.0350302503846585e-08 0.0 0.0 2.92890667597077e-07 1.3084086254943888e-07 0.0 0.0 1.545077278691293e-06 3.6161669821339736e-06 0.0 0.0 2.745813080342478e-07 4.876180310766999e-07 3.325997061091088e-07 5.554030128234562e-07 4.654447425393022e-08 0.0 0.0 2.3516057519115052e-07 1.6737812109186903e-07 0.0 7.144927052989901e-08 7.229181675757309e-08 0.0 3.1958825609036533e-07 1.7714926332103644e-07 8.8257062427688e-08 0.0 3.4440864300758216e-06 1.1517977859076583e-07 5.195652884125281e-07
0.0003528156496728792 0.0028739274277890135 0.00022608416349947306 0.0008603810783724945 0.0014010898403617902 1.4487588033598254e-05 0.0 3.857571400912059e-05 0.0015669145795935856 0.002134054049498932 7.783499888223195e-05 0.00012986656504455403 0.003322651958942831 0.0008369037886025662 3.558787009785263e-05 3.071151592010663e-05 8.661824394435493e-07 9.274954479675632e-08 9.284939346587545e-08 5.040305340766932e-08 0.0 0.0 5.8707311691059983e-08 0.0 5.486670257229896e-07 0.0 0.0 0.0 0.0 4.69736204401628e-08 0.00019616650211384026 8.7271703902286e-05 5.460532472317746e-06 1.56775703744811e-07 0.0 5.19444981184543e-07 2.2877490860133417e-06 1.4038944585803754e-06 4.2537488344921427e-07 2.0841959468355934e-07 0.0 5.120599689429847e-08 0.0 2.9542034905884975e-06 1.3350112579648877e-07 9.60987994675883e-07 6.759033568121132e-05 2.291077896631807e-06 1.0292799170042846e-06 3.1030527072517357e-07 1.8449233859405562e-07 4.666988952776879e-08 9.25021122864671e-08 5.543066292465872e-08 5.886251460902368e-06 2.745052970589753e-06 4.6588236296041804e-05 0.00014369474713065637 8.917675990735933e-06 4.750201521002445e-05 5.692128038124704e-07 3.45340699166817e-06 2.259493838060615e-07 0.00015689569431791224 2.4949764091646083e-06 1.5451139999142165e-06 5.139845109385102e-07 6.285154753917994e-07 1.413556606452473e-07 4.331769267527606e-08 2.4879881760338784e-06 5.228909999153931e-07 0.0 0.0001314798715423327 5.71014072001057e-05 0.00014596066730581409 3.802755499218504e-05 1.9085357900973416e-05 2.7633123574630273e-06 8.25812963132384e-06 1.2284420357805592e-06 3.7865380268601244e-06 1.0748494870783726e-05 5.7875935467270375e-08 1.0062603852800367e-06 2.306979682964622e-06 1.0010642366253336e-06 9.053731255950753e-08 8.445222897189955e-07 1.0478323922951068e-07 4.777741013920745e-07 9.88888136731801e-08 9.92404336144279e-08 2.9420514758784686e-07 4.04518600352107e-07 2.8051233027740987e-05 9.411419705133368e-07 1.7565757326273703e-07 4.3020015368686563e-07 3.623293331417615e-05 5.706952053157882e-07 2.003193087595709e-06 1.3795522142076343e-05 1.5751104400293253e-05 2.9829163790073383e-06 5.54476404645691e-05 3.315371934479934e-06 1.051463317450354e-05 6.698696820134576e-05 1.7556204067256866e-05 1.3615900777982188e-06 2.5017290875302256e-05 3.0543338104104625e-05 3.8703320770903465e-06 4.74209259931591e-06 5.836340656949629e-07 3.5417631158973284e-07 2.646432839249285e-07 1.358522687471374e-07 3.319047613062394e-07 0.0 0.0 0.0 0.0 0.0 0.0 0.0 7.342257985682692e-07 0.0 0.0 0.0 0.0 0.0 0.0 3.4173365126859414e-06 3.243319677160255e-06 1.8428408681758082e-07 1.247067078731407e-06 0.0 2.3008770891540817e-06 1.2586811177447079e-06 3.5825311024281497e-06 9.232436591808206e-07 9.102181906093865e-07 0.0 0.0 0.0 3.2830743539959104e-07 3.803972824792568e-07 1.1232163747206872e-06 3.038257233518239e-07 6.700615421499151e-08 1.1227902353359728e-06 8.878524843584779e-08 0.0 0.0 2.924980997667368e-07 0.0 2.1687252259755707e-07 0.0 0.0 2.6821766758432267e-07 8.470807964725717e-07 7.894106818442918e-08 5.740055311383717e-07 9.957139234542088e-07 4.410100469325214e-06 1.800379384212296e-06 0.0 4.981114870360034e-08 9.707652120508073e-08 4.5104330620482965e-08 0.0 5.22800888183938e-08 4.361635510499444e-08 0.0 8.109610679277613e-06 9.984399187233304e-08 0.0 5.6110433050861774e-08 0.0 7.815078342010854e-06 4.343211879291209e-06 2.815811832894511e-06 5.150188594524838e-07 2.324675123112854e-06 1.2549163209061488e-06 3.8931280065251075e-07 2.8196403792003408e-06 0.0 0.0 0.0 0.0 9.771236741203408e-08 0.0 0.0 0.0 4.6346105754918335e-06 1.2679675890654606e-06 2.467267853995466e-06
2.071875179786282e-05 6.966313724819306e-05 0.0009891080359781747 4.893626166607656e-06 6.637832356502085e-05 1.6780060483894878e-06 3.857571400912059e-05 0.0 0.0002847981155842039 6.834001169639614e-05 0.002005811175128025 5.5101778288869495e-05 0.00022962532638481534 0.0008552379277244316 1.7665505074122013e-05 2.4530143272389938e-05 3.2711394356305643e-06 8.921849116935309e-07 9.999201310641395e-07 8.026724305057655e-07 1.108704930772201e-06 6.340048487372189e-08 1.7846506867826482e-07 2.2984736348904757e-07 4.353258113087904e-06 1.1871771137561843e-07 1.1959719202778574e-07 5.797475109785632e-08 1.987899787334397e-07 0.0 0.0005257171263962667 0.001999506722779112 0.0001443404881059779 2.149083725858963e-06 1.2279349017789334e-06 1.1285828208765647e-05 2.7580290089267596e-05 3.3750709600857254e-05 2.525544054529126e-06 2.82302173851083e-06 1.8380975948222404e-07 4.156982136928848e-07 2.3081414688704145e-07 1.927670208084046e-05 2.193839307066547e-06 1.9655910898644315e-05 3.155131583462179e-05 2.2611075079901413e-06 1.7157640507645489e-06 8.03888039917091e-07 1.94585472340157e-07 1.2667901405371424e-07 4.0730680212456165e-07 7.967966875612053e-08 1.9986505402230045e-06 9.8991389124436e-07 2.518681147435289e-05 0.00013914987478824115 3.1905260011463342e-06 1.6423693381112345e-05 5.590033070674218e-05 0.00041925845542841166 1.384112096406517e-05 0.0007431989983316711 1.251453074609292e-06 7.471352547144713e-07 9.094085697375146e-08 1.3817127672635895e-06 3.519720891376387e-06 1.832806151659782e-07 2.7023990029741004e-05 1.5486702966074627e-06 0.0 5.207190626649043e-05 7.804561705985637e-05 6.994405275947494e-05 0.0003573729175589479 0.00028583011880178535 0.00034995686063680993 0.002549658164030532 0.00013335830657520465 0.0008026894300999491 3.993342402056358e-06 5.8415401377030905e-08 4.634047332112174e-07 6.538357993289976e-07 1.1943333848910413e-06 0.0 4.393644627061822e-07 0.0 6.772716807493922e-07 1.5983676835910606e-07 7.061111010028693e-07 1.252377019877473e-06 3.729442347594931e-07 4.7425790492485564e-05 1.2340774913247528e-05 7.952279635996902e-08 1.85496019930501e-06 9.119575949557197e-06 6.856071895473891e-07 1.2116776051257126e-06 3.065832460777969e-07 5.696804801380368e-07 1.816411619134357e-06 8.09720733728223e-07 7.177082245596784e-07 1.2755323588036123e-06 3.7586472832569042e-06 7.297881481261794e-06 1.2923406034799927e-06 5.228116001341409e-06 1.8206705187429353e-05 2.8438084915207904e-06 5.5525618859530126e-06 9.320760067623805e-07 1.5099558939706431e-06 0.0 6.653588430332047e-08 0.0 7.296166531794879e-08 1.4424545626255588e-07 0.0 3.2198599567272407e-07 0.0 0.0 7.289912032964965e-08 1.2110361761147713e-06 0.0 6.882841660391337e-08 0.0 5.852897275418866e-07 7.004872524158804e-08 0.0 3.1372379700372386e-06 5.024495077252249e-06 0.0 5.395247446019277e-07 1.1929037430833635e-06 2.5049477454696914e-06 2.023905281599025e-06 4.87862297653578e-06 1.886153575890673e-06 1.2132349788510885e-06 0.0 0.0 4.753001499414178e-08 1.2051650884374734e-06 4.3112808164828545e-07 5.304102412276371e-07 0.0 9.191508967854694e-07 7.597301704089042e-07 0.0 0.0 8.247983619192562e-08 1.076446803568328e-06 0.0 7.902129351732623e-08 2.1544184775134602e-07 0.0 3.7422610809783755e-07 1.3804064482772318e-06 6.372673602613958e-08 6.817186127130093e-08 1.4126026986709211e-06 4.957845993905233e-06 4.018814037565262e-06 0.0 6.886693355552129e-08 0.0 6.421930198649303e-08 1.0072487921526894e-07 0.0 0.0 0.0 1.046667606621251e-05 5.685902684169149e-07 1.3574441073245452e-07 0.0 0.0 8.57499000190436e-06 4.4272599558946985e-06 4.2805665280016185e-06 3.2025109273685044e-06 1.8581609790839878e-06 1.948286030142395e-06 2.332931052776526e-07 3.226835806583298e-06 0.0 0.0 0.0 0.0 4.462683823089685e-08 4.6209426888300105e-08 0.0 9.277015721242503e-08 3.616561167658698e-06 2.526915358233084e-06 5.079576784156302e-06
2.9627349404207898e-05 0.0012039969688757244 0.0013671194090235492 9.803147683937862e-06 0.004295728543734508 1.0535764689837256e-06 0.0015669145795935856 0.0002847981155842039 0.0 0.0002726981631281362 0.001863785513142597 4.173354058218939e-05 0.0008702719526162085 0.0019935943510180246 1.611356875805527e-05 2.0295233368180017e-05 7.024727304971382e-07 6.80254950968275e-08 2.051738579467982e-07 0.0 7.712216426971735e-08 0.0 0.0 1.2218192916828738e-07 6.848825240061242e-08 6.372149610302647e-08 0.0 0.0 0.0 5.564745155573556e-08 0.0001093368669251675 5.554954247141136e-05 2.1121127929047977e-05 4.5698200295719346e-08 5.011234757261087e-08 1.1130831942467671e-07 2.9590753310824067e-06 1.5244433010906205e-06 2.801172560318337e-07 1.015210661903001e-07 0.0 6.052182848893721e-08 0.0 3.7526291744147434e-06 4.7125837569051966e-08 2.3927194986373413e-07 2.279587051639702e-05 5.064184971582101e-07 3.5152449288320327e-07 9.53279913919771e-08 0.0 4.1374081228018635e-08 0.0 0.0 1.0907355200131488e-06 4.3233361563698105e-07 8.898268284823026e-06 3.015710351211015e-05 1.520082695981109e-06 1.2625401923173524e-05 4.509042020714491e-07 1.0390611071816534e-05 2.53762170365249e-07 4.001740501560104e-05 4.943533499990514e-07 3.2757363516014753e-07 1.338574317763595e-07 8.737393756724831e-08 0.0 0.0 3.6243883116006463e-06 5.314533727670971e-07 0.0 2.7677332810331058e-05 1.6341698455405856e-05 4.773446590095169e-05 2.1402635487900962e-05 2.2356881754419684e-05 4.270021103610232e-06 2.2538662500939308e-05 9.254962810267629e-07 2.728199048026571e-06 2.0395071482722485e-06 0.0 9.518145817297489e-08 3.772554694189351e-07 1.4474327972965704e-07 0.0 1.2783120808682777e-07 0.0 2.6308769713641955e-07 4.623823327769597e-08 4.496271642326218e-08 1.4480538952299963e-07 0.0 2.7518274966213708e-05 6.457861476788157e-07 0.0 3.9043822360193423e-07 5.489862697970162e-06 1.0827573414417382e-06 2.0460672418798265e-06 1.7897070895013075e-06 1.2368344012610597e-06 3.968087748598511e-06 1.5628444864441755e-06 2.7283507068750614e-06 1.591833719264509e-06 5.9551989846512064e-06 1.2161394941685176e-05 1.2014080152104157e-06 5.2870658177291596e-06 2.475071543127211e-05 3.4090169522445333e-06 3.209109942351287e-06 3.250273402408067e-07 1.1039760759990115e-06 0.0 7.24301867742088e-08 0.0 0.0 0.0 0.0 0.0 0.0 0.0 0.0 1.1147395022922624e-06 0.0 0.0 0.0 0.0 0.0 0.0 1.4905990245433365e-06 3.0773418771653556e-06 3.6041760511005847e-07 4.267092395409537e-07 3.311207114349961e-07 1.51887678394427e-06 1.012906089208611e-06 2.2337252633181834e-06 7.959724458971579e-07 1.0112575575255203e-06 0.0 0.0 0.0 7.583561016784036e-07 5.598421200696733e-07 3.432748185975432e-07 0.0 0.0 0.0 0.0 0.0 0.0 1.4174581951764622e-07 0.0 1.0054306443342657e-07 0.0 0.0 2.842618725656429e-07 5.304382431657497e-07 1.3249972022195256e-07 2.967064965391764e-07 6.297453671103352e-07 3.7234166514144373e-06 2.1188968628936896e-06 0.0 0.0 0.0 0.0 0.0 0.0 0.0 0.0 6.237707373214694e-06 0.0 0.0 0.0 0.0 7.191139091047942e-06 1.749883462838447e-06 2.758250749988524e-06 6.541980529732739e-07 8.439497445966298e-07 1.2454247452795154e-06 3.508208881402896e-07 1.1932176505242869e-06 0.0 0.0 0.0 0.0 0.0 0.0 0.0 0.0 5.490422314725182e-06 1.4510969146392755e-06 1.9280302809180407e-06
0.0005464001915131398 0.0011872309013119774 0.00041720133292245704 0.0026377735644488986 0.00031752690701714986 0.000253460919211301 0.002134054049498932 6.834001169639614e-05 0.0002726981631281362 0.0 0.00010276682684893925 0.0023080384715525974 0.0035751653748136557 0.0004115475158634424 2.5689779526100243e-05 3.212522098079019e-05 2.1735463288918198e-06 3.169338877568177e-07 5.2925311498501616e-08 2.2966077914631787e-07 4.3877797376157236e-08 0.0 2.0167324642640022e-07 0.0 5.145229350179202e-07 0.0 0.0 1.3325013260019151e-07 2.0221941170094626e-07 0.0 0.00014363850499178642 0.00010298019038581044 3.120798046238257e-05 5.443307739474097e-08 6.388854502770712e-08 2.284984107826295e-06 5.6393990637318664e-05 1.2994885109590487e-05 1.4881494967611501e-06 2.4662457173157272e-06 0.0 1.238185303552965e-07 0.0 5.6335787241824094e-06 2.2666344201974935e-07 5.530182983184331e-07 5.4603158313892004e-05 1.3975638379982889e-06 1.2112530438722042e-06 2.436840486471939e-07 2.011316836682127e-07 5.176665240253373e-07 2.454812060018048e-07 1.6013358890309929e-07 4.0184996685539305e-06 1.843535114029202e-06 3.946406058481972e-05 0.000143968831314173 6.429375487590295e-06 3.190334346122974e-05 8.762149799847927e-07 8.96329872866578e-06 5.700778351128988e-07 0.000129315338668063 1.4343314069868092e-06 8.407652120960289e-07 2.6689764655069707e-07 5.266197459070985e-07 2.6464996131017075e-07 0.0 0.00010227168597630112 9.003915808048494e-06 4.680958886718081e-07 9.515174836720421e-05 3.6305332705412285e-05 8.929608921491185e-05 3.885769187305251e-05 3.721587253147001e-05 5.337743751700741e-06 1.17735938918201e-05 1.1826507037641412e-06 5.233779065829482e-06 6.967515411069157e-06 0.0 1.2560383062550062e-06 2.1799338127502733e-06 5.292697622910808e-07 1.1104350988748657e-07 5.518894113929919e-07 4.4156825040291066e-07 3.345876019401254e-07 3.094079602675142e-07 0.0 2.3700475118470212e-07 2.890568154295048e-07 0.00043455486211132365 2.8328213754594703e-05 3.4927150617684276e-07 2.558076077613372e-06 0.00015583796226460261 6.6501695475452995e-06 1.3661839961990208e-05 2.465577325559479e-05 3.4350901357623164e-05 3.0209134080361646e-05 8.325784504724674e-05 3.661885063805753e-05 1.7206524774613932e-05 0.00017757977041904486 0.00010553117444728571 1.1290648146766101e-05 6.803220260283581e-05 0.00025346540363157356 2.7794526548095238e-05 3.658216287679058e-05 1.3226762943285847e-06 6.426542012354634e-06 1.0928933133176523e-07 9.689740023606028e-07 2.8889601309101855e-07 3.222067054543184e-07 4.223482475914809e-07 5.8982746139461756e-08 6.75200271445807e-08 6.590270992964572e-07 6.149545631670215e-08 0.0 2.6568900465458454e-06 0.0 0.0 0.0 9.5725477364917e-07 7.508875935479114e-07 7.292165375739924e-08 1.9578748898650394e-05 2.6677660498617174e-05 4.3080312728892006e-07 4.131481413692393e-06 1.2020079160723224e-06 1.5393860887400748e-05 8.010370439083166e-06 2.21296598605607e-05 5.655935067147889e-06 3.754674181890966e-06 0.0 0.0 5.1626751290914584e-08 7.0191327902828285e-06 1.6747753280766816e-06 3.16800568639223e-06 0.0 1.122842370812584e-06 2.316906141438279e-06 0.0 1.0633222116527023e-07 0.0 3.7542719430615918e-06 2.1575279674574646e-07 3.045367967435371e-07 3.4806962518823686e-07 0.0 4.53206966728611e-06 6.250092823861865e-06 2.1655503952453645e-06 2.4425989509695744e-06 9.44495033359834e-06 3.1068778331010436e-05 1.0438022118136874e-05 1.0028817646206376e-06 2.1713130094807682e-07 9.983304605978983e-08 1.4034305429546602e-07 0.0 0.0 0.0 0.0 4.859317737495181e-05 2.0497002405851846e-06 0.0 0.0 6.33159163830767e-08 5.785560543158571e-05 2.358300003376049e-05 2.1329382145252144e-05 3.5030509244025607e-06 1.1243210309580481e-05 6.597097083004677e-06 3.7336760604052963e-06 1.2185936394131528e-05 8.300603524937473e-07 4.620625304225344e-08 0.0 0.0 1.1268550485441154e-07 0.0 0.0 0.0 4.199836327633413e-05 1.1742122467418343e-05 1.3704967812954445e-05
3.7653176897743524e-05 0.00036052341536762427 0.002387778756062389 1.1018894436637648e-05 0.0004120580350883824 1.348533512568981e-07 7.783499888223195e-05 0.002005811175128025 0.001863785513142597 0.00010276682684893925 0.0 8.606924608254677e-05 0.0006965313860758058 0.0029369370255553176 1.342073923939684e-05 2.9394667110437424e-05 8.249753851606678e-07 0.0 1.2024509181626256e-07 0.0 1.6791050079688268e-07 6.944360204020279e-08 2.114472459961913e-07 0.0 6.733825632182486e-07 0.0 0.0 0.0 7.279600550040217e-08 0.0 0.00022166838916491222 0.00026226848892405154 0.0007633083556588925 3.838291463842478e-07 3.7308993275585147e-07 3.285775121145279e-06 6.926328570053443e-05 2.178865710691307e-05 1.3816731161675496e-06 3.8177822201498034e-07 2.6926744134175573e-07 1.4431625237139467e-07 0.0 7.465121944474227e-06 5.0885724177647374e-08 4.184069066655526e-07 2.3967336973532665e-05 3.9337051446818067e-07 3.042034813659158e-07 8.75665091375619e-08 7.533258985753098e-08 4.518291188354424e-08 2.81237364327697e-07 0.0 6.02654683277669e-07 1.7072563630164748e-07 9.506142797515307e-06 3.535975432674065e-05 1.9260373122084397e-06 7.0702409826055315e-06 9.169173751626192e-07 0.00039535600979019245 1.9001547163873948e-06 6.185000137029732e-05 3.5554124562205484e-07 2.6785001576422135e-07 4.16626022964771e-08 1.75544211570422e-07 5.265732371935615e-07 0.0 1.2673487062304046e-05 3.004295278496343e-07 6.604662406627318e-08 1.996253702021715e-05 1.5103977874127844e-05 3.141947958449676e-05 1.957369208711223e-05 3.5767702206203454e-05 6.441455088497102e-06 0.00065821861691877 2.1309589812717872e-06 4.558414983924898e-05 1.2406302024433414e-06 0.0 2.2506320818501738e-07 4.0291610262441935e-07 9.825214543130885e-08 5.612432851811041e-08 4.573358296445845e-08 4.4312148318233654e-08 1.5833237412480273e-07 5.2831612705586474e-08 1.8572164565674073e-07 4.950580009682242e-08 1.3963744501820715e-07 1.6033250798966983e-05 3.1842137224930976e-06 2.2799494516677365e-07 6.535832236055854e-07 8.538247318154717e-06 0.0 3.790772438619966e-07 3.8729338615646003e-07 3.635786986257274e-07 6.866467428172067e-07 5.666066849722858e-07 5.420154049013701e-07 5.504462213948489e-07 2.8569343670417426e-06 5.374365380917926e-06 1.0020188037931841e-07 2.4513926673059023e-06 1.0853692721127516e-05 1.1672335619642872e-06 1.767935411178347e-06 0.0 6.647362241153848e-07 0.0 0.0 0.0 0.0 2.648946947325477e-07 0.0 0.0 0.0 0.0 0.0 5.309115594421165e-08 0.0 0.0 0.0 0.0 0.0 0.0 1.04194222637426e-06 1.1227679568709247e-06 0.0 1.5180873139176585e-07 0.0 1.3971388283620979e-06 8.647405330507323e-07 1.39573448940462e-06 3.369037578538136e-07 4.396903885613596e-07 0.0 0.0 4.2733916006304424e-08 0.0 1.194141112242516e-07 0.0 0.0 0.0 0.0 0.0 0.0 0.0 1.8027252125093846e-07 0.0 0.0 0.0 0.0 3.789475469731311e-07 6.869265775701691e-08 7.091050356961414e-08 0.0 4.3499368546405026e-07 1.6346714842168056e-06 6.039061984708633e-07 0.0 0.0 0.0 0.0 0.0 0.0 5.662383122231657e-08 0.0 3.137587831615026e-06 0.0 0.0 0.0 0.0 3.014741302601293e-06 3.748342424966493e-07 1.6727587313580768e-06 4.3411539170721897e-07 2.664010407502925e-07 3.68520231855404e-07 6.851360008908099e-07 5.53419886553327e-08 0.0 0.0 0.0 0.0 0.0 0.0 0.0 0.0 2.3783378350999853e-06 2.357969928662286e-07 1.1785964627163058e-06
