0.0 0.0006980416524406799 0.0004779285338277413 0.0005207281004825559 1.3526489023177866e-05 3.0245479251011834e-05 0.00034376340183495975 0.0002658122800726716 3.0463147157303636e-06 0.0008709033003271647 0.00014786769704806005 1.1310507032141404e-05 7.81776835828483e-05 4.848255205590274e-05 2.4043650204282878e-06 8.515309702945717e-07 5.491056251582464e-07 1.8839326360434119e-07 0.0 1.0628597178947371e-07 2.804245884409684e-07 1.3727193745238703e-07 1.9678262505800298e-07 8.645064250728878e-07 2.5596634338299246e-06 1.127442432123964e-07 5.6839743796883e-07 3.8016462288066155e-07 1.2465695097190462e-07 6.787123062157344e-07 0.0006882492437128335 5.998859617721721e-06 1.0622464791242057e-05 0.0 6.736186373780982e-07 1.2599251186942348e-06 2.3894439144982754e-06 2.9744195799397126e-06 2.434144921738042e-07 1.1253654930571266e-06 6.409421470531763e-07 7.032507256649441e-07 1.81892497951186e-07 4.301950310780048e-07 1.877732114873806e-07 0.0 6.83299826422837e-05 3.6689957287696354e-06 8.475581011639847e-07 3.919800519184966e-07 3.2101445727564343e-07 4.985102178492048e-07 0.0 9.587361185983273e-08 5.455644050380662e-06 1.6050042127541514e-05 0.00035497854599921745 0.0009910266126558153 0.0001487766850508777 7.695044927010159e-05 9.609531221463624e-08 4.656402725219703e-06 0.0 4.845476226396171e-06 1.1809148023893581e-05 9.40577024439745e-06 2.7903685070480833e-06 1.997900573459315e-06 0.0 2.653076362012662e-07 1.005217733051355e-06 1.103554078499517e-05 3.8277644915205483e-07 0.0002010105348996193 1.3175342036898233e-05 6.95657451534735e-05 5.495128033533125e-06 2.4750930110262724e-06 3.389688226873154e-06 5.369207304998009e-05 4.4192616211948786e-07 1.0397938988242474e-05 2.277837317550099e-05 2.155174021096561e-07 4.967391052846771e-06 8.51136413783488e-06 1.5197007103926346e-06 3.239263055477046e-07 1.0771807951670602e-06 3.7503375337099117e-07 5.281627668892607e-07 0.0 1.824994765137616e-06 7.435474157654916e-07 4.1655328610263945e-07 4.544090585189663e-05 1.6116157227135448e-06 3.554562341823456e-07 0.0 0.0009601347266715912 3.989537164425232e-07 1.848817192481389e-05 1.5408012246340476e-05 7.83264775788088e-06 2.9170323226511976e-06 6.234381637104743e-06 3.475098688263206e-05 5.066357598699986e-06 1.3831851196043495e-05 3.0147837728806593e-05 8.689031777941594e-07 9.38414783902045e-06 2.0231160842658457e-05 9.042934414167326e-06 2.4002746880084625e-06 7.586804174599054e-07 1.1308582578237969e-06 0.0 0.0 0.0 1.279433192536777e-06 0.0 1.345144999714231e-07 0.0 0.0 0.0 0.0 0.0 3.0020873285128756e-07 0.0 0.0 6.273389990217177e-07 0.0 2.783969408399629e-07 1.1902641176334403e-06 2.495064033384638e-07 0.0 1.5296827730871646e-06 0.0 2.711455486342891e-06 2.4157604401462935e-06 4.493589285070469e-06 1.962972096071309e-06 2.0583370123319317e-06 9.93954238009839e-08 0.0 0.0 0.0 0.0 0.0 0.0 0.0 0.0 0.0 0.0 8.122448741568436e-08 3.6609886772952427e-06 0.0 0.0 0.0 7.607163045993238e-08 0.0 9.043081981691884e-07 4.271708887913637e-06 1.3501468751839785e-07 1.4641093349179201e-06 3.966744322643294e-06 0.0 1.1123972191055841e-07 4.0651128345129243e-07 0.0 0.0 0.0 0.0 0.0 0.0 3.3358483670570817e-06 0.0 0.0 0.0 1.0516240255414972e-07 3.280240052196134e-06 1.7270753387987869e-06 1.5637682168088867e-06 9.56781046447403e-07 5.782164513990296e-07 3.738690248027196e-07 0.0 0.0 0.0 0.0 0.0 0.0 0.0 8.140354010378593e-08 0.0 0.0 3.4440177715098628e-06 0.0 6.337564103128083e-07
0.0006980416524406799 0.0 0.0005274329303224205 0.0006237106079453866 0.0009573440470874449 9.650862609629169e-05 0.0034955899154520014 0.0008029382931368117 0.0011429527916049062 0.0025612451474161654 0.0008583378611064527 0.0001153672309282354 0.001404495132019563 0.0031500515758468056 1.013709633028865e-05 2.504915682751904e-06 1.828879400626408e-07 0.0 0.0 2.1265511381724858e-07 3.292274972103611e-07 2.1569525032147199e-07 1.0846151680344558e-07 6.016327055566113e-07 1.986995436964177e-06 6.911663301678711e-07 1.8341874278837812e-06 2.4844501423241117e-07 3.2787224657789154e-07 1.511373467693655e-07 0.0019180787368763372 2.0592479186205068e-05 4.798387990887543e-05 0.0 2.9908446548002733e-07 2.030683050025555e-06 3.988676032927368e-06 2.6758376956155845e-06 1.0201103151416843e-06 1.0780590425030986e-06 0.0 4.822192081038844e-07 1.109557570364254e-07 4.2386831608404497e-07 0.0 2.489215725630805e-07 0.00019035077654590445 6.251636481048798e-06 4.4008364329077676e-07 3.6226690314480543e-07 3.156968095516314e-07 1.2744958677897539e-07 2.651416102694264e-07 2.4863621908889836e-07 8.196875026734809e-06 1.6795841526534188e-05 0.00019419781416934548 0.0006659931551607465 0.00011368276732131738 0.00013389191262367666 1.2514991396271226e-06 4.098186970792243e-06 7.249896967278365e-08 4.8601806324659234e-05 1.113868338055191e-05 8.280299873677498e-06 2.790817477501534e-06 3.59500158974783e-06 3.7039344326983353e-07 7.065475345312854e-07 1.957982357426299e-06 2.997096699936342e-06 0.0 0.00023605608018642543 6.464833727340692e-05 0.00016981034778970527 2.9782337880889964e-05 8.851969747129487e-06 2.5221630926990103e-06 8.623940170947294e-05 1.4472067197332857e-06 8.022583364876796e-06 2.364388018280706e-05 1.8911933264991385e-07 5.959398266448511e-06 1.0367072350121902e-05 2.357150025681915e-06 9.468060495022935e-08 1.609155046708272e-06 0.0 2.390448593485196e-07 1.8742499509163775e-07 2.4250670448147218e-06 1.0740638867253148e-06 6.294664340306728e-07 7.758996641430326e-06 7.879257921408069e-07 0.0 1.78845610242304e-07 0.0006424011073363629 2.310380917315955e-07 5.691304615223834e-06 6.560947126646356e-06 1.959959386336011e-06 2.5710300765380733e-06 4.891568963789036e-06 1.5912847598788004e-05 5.688673686111987e-06 7.455746329772001e-06 2.166186130429516e-05 9.687375756626048e-07 1.1865364154313041e-05 2.0097008782643498e-05 6.167313697035121e-06 6.6012898476877585e-06 2.0302248733839342e-07 1.0449106429725341e-07 0.0 0.0 0.0 0.0 0.0 0.0 0.0 0.0 0.0 0.0 1.2018775322155107e-07 0.0 1.2565497081604718e-07 0.0 0.0 1.2351753942110315e-07 0.0 1.2587186630780786e-06 0.0 0.0 1.054322267232522e-06 0.0 4.111029050919433e-06 1.2402607467920191e-06 5.572086304303978e-06 2.2380688869658062e-06 5.936567786700601e-07 0.0 0.0 0.0 0.0 1.623831812732403e-07 0.0 0.0 1.8930611086425553e-07 2.266958473161194e-07 1.4095033131067907e-07 0.0 1.160231882377744e-07 3.2047423815377193e-07 0.0 0.0 0.0 0.0 8.844759360820291e-08 4.2270969428726006e-07 1.4853300282740824e-06 2.3619779962571133e-07 1.1006220901564673e-06 8.798867095846673e-06 0.0 0.0 1.1017215698660778e-07 0.0 2.1353019269019155e-07 0.0 0.0 1.382004582476623e-07 0.0 4.9917266983296916e-06 0.0 0.0 0.0 0.0 1.5561538783063964e-06 2.3956595261446586e-07 2.2014182233003066e-06 1.4570663708124367e-06 4.1597653375737617e-07 4.357737202676042e-07 1.6231080529056963e-07 3.393108586620661e-07 0.0 1.106244109805058e-07 0.0 0.0 0.0 1.860656170181382e-07 1.0827381797028673e-07 0.0 5.8944934660543e-06 1.2876963678379087e-06 4.723499672453888e-07
0.0004779285338277413 0.0005274329303224205 0.0 1.0235722116758541e-05 0.00012560564460452673 2.946448165249731e-06 0.0001859681083795874 0.0026159443255943573 0.0003434259587737849 0.00020966126855885046 0.0018531195448647654 6.54760014923976e-05 0.0003090391078039327 0.0013363908087612444 8.979518453867768e-06 6.351745238668385e-06 1.15479369496328e-06 7.267906496169558e-07 5.509134750166704e-07 1.6923845805330013e-06 4.325885157189123e-06 3.6524278045559566e-07 3.276047853304197e-06 4.544978104691554e-06 2.8187894882921996e-05 9.955535446907205e-07 1.1251925425374173e-05 9.03922144340063e-07 7.234762070643553e-07 1.7031917018114128e-06 0.0028372870844460794 9.376716593955485e-05 8.760329348497074e-05 1.97941357329046e-06 8.448548789251595e-06 2.0604186764748484e-05 1.150812977557277e-05 1.793060605822489e-05 2.1397881254130915e-06 4.100014590939766e-06 1.2872784299104185e-06 1.0364981195166162e-05 2.825098759861122e-06 3.473422796837295e-06 1.414947760729211e-06 2.2173226038297415e-06 0.00010804032594608278 4.428130579021306e-06 4.481303565581745e-06 4.830182499999941e-06 2.106603108269076e-06 2.827967200955958e-07 3.1641826783129506e-07 1.0968363905032192e-06 4.644799314695445e-06 9.038869160938445e-06 0.00011883328967597519 0.0006461199989709208 6.161874038548505e-05 7.08575343624175e-05 1.6319866994779925e-05 7.03146110992227e-05 5.051279251076016e-07 0.00010335736012280855 6.7515468642210115e-06 8.789279196098683e-06 2.878855319017894e-06 4.923268608502608e-06 1.5820469576576673e-05 2.0854442360008474e-05 2.5539009584371394e-06 2.665085159361204e-06 0.0 0.00014981158725542654 6.536960936558668e-05 0.00013091430191040302 4.589986138306822e-05 2.6444021971545598e-05 0.0001123144713130704 0.0004548264677273986 2.2415410905948164e-05 0.0002480541264640319 1.2218734335302263e-05 1.6169940699048974e-07 3.5876593171212626e-06 6.254586642407298e-06 7.327108776471446e-06 0.0 9.181643015642909e-07 1.781395109532388e-07 4.90288171960909e-06 8.123326628328772e-07 6.191356554279729e-05 2.4408475177231985e-05 4.257980060069998e-06 1.707598980274494e-06 0.0 0.0 9.706064241894847e-07 0.0002264362426449763 0.0 1.5286576256752115e-07 7.290752649452829e-07 0.0 7.698962321185193e-07 1.0960015119852889e-06 1.2231995243288472e-06 1.1250730047871125e-06 1.422638932543811e-06 4.743625604271877e-06 1.049399120015282e-07 1.2174520320073095e-06 3.9572187334455724e-06 9.78272877388846e-07 1.2476578192536748e-06 0.0 0.0 0.0 0.0 0.0 0.0 0.0 8.976326530336078e-08 0.0 0.0 1.8769771307255524e-07 0.0 9.261388475226165e-08 0.0 0.0 1.2422512704392252e-07 0.0 7.68680685391544e-07 0.0 9.325564812965879e-08 5.46601618693982e-07 0.0 1.0132282368463117e-07 0.0 7.900810758689792e-07 3.362100763932665e-07 2.613908266191814e-06 9.267067158962948e-08 2.9025767199542267e-07 3.8748186234722814e-07 5.573203759095992e-07 9.05848025202662e-08 0.0 0.0 0.0 0.0 0.0 0.0 0.0 0.0 4.923883558856957e-07 3.05589803539974e-07 4.885234830141774e-07 0.0 0.0 7.831645971171412e-08 1.264447466837628e-07 1.2203142282378347e-07 0.0 1.2451928777145496e-07 2.0308861385366066e-06 3.107099394014193e-06 0.0 0.0 8.817299603053381e-08 9.648048378406197e-08 2.1102983034207796e-07 3.1944751801800635e-07 3.945578766682452e-07 2.0491340770141318e-07 4.535586488547191e-07 1.3053497323242377e-06 1.1901955698906838e-07 0.0 0.0 1.2050328458055757e-06 4.7201422523461757e-07 0.0 0.0 2.685952043562309e-07 4.30397022518299e-07 9.342292456872502e-08 0.0 0.0 1.251935873522129e-07 0.0 0.0 0.0 1.1273377117335194e-07 3.4181970604694385e-07 2.8157128822407183e-07 1.126648321675985e-07 8.614925262049516e-07 6.327074035298456e-07 4.4304987711945776e-07
0.0005207281004825559 0.0006237106079453866 1.0235722116758541e-05 0.0 4.714885623237361e-05 0.0004730371549602303 0.0005752710100455337 8.609645052824066e-07 4.844733799488585e-05 0.0015934221182072974 2.4023626975165763e-06 1.5644384058266267e-05 0.000566090104453235 0.00015523734966077453 5.959561852740486e-07 1.0820115045832408e-07 0.0 0.0 0.0 0.0 0.0 1.2394634065063563e-07 0.0 0.0 8.671168243851146e-08 1.4019344455020416e-07 9.069483181255605e-08 0.0 0.0 0.0 6.51043723408487e-05 5.951742269944547e-07 1.8286193871851664e-06 0.0 0.0 1.1871256130086099e-07 1.5156426840214659e-07 0.0 7.048337450645864e-08 0.0 0.0 9.620206563830191e-08 0.0 0.0 0.0 7.052481769687489e-08 2.4307081028604497e-05 8.373467353375861e-07 6.840536905615806e-08 1.0791687871125201e-07 0.0 0.0 0.0 0.0 4.6954270894277307e-07 3.1386489164859914e-06 5.089381343956171e-05 0.00010274595672863777 2.7459699998079672e-05 1.961218126196337e-05 0.0 7.521920648171341e-08 0.0 3.1837590467280754e-06 2.3665120055721906e-06 1.9340683400179607e-06 5.667443748208536e-07 2.0781280460397323e-07 8.271658036349159e-08 9.702646444536381e-08 1.3491607389944006e-07 9.381822908259757e-07 0.0 3.462074791289917e-05 3.408349960493494e-06 1.761804915724178e-05 7.659259560642671e-07 8.467996109924034e-08 2.925664305522281e-07 0.0 2.8117619698689206e-07 2.1749928728362844e-07 4.802467155433935e-06 0.0 9.191344420019225e-07 1.513101599634343e-06 1.587042043563641e-07 0.0 1.827104294110579e-07 0.0 0.0 0.0 9.562667120579387e-08 0.0 0.0 1.781176533911286e-05 1.5373175800146885e-07 1.3835130164084345e-07 0.0 0.0004866458562180964 1.5607727533327625e-06 1.227709909797894e-05 1.9253954364076394e-05 1.4233876066172555e-05 7.699528501757707e-07 1.9059549820172116e-05 4.353219223636118e-05 1.1327865207875852e-05 2.7477999153650727e-05 4.1799586057535804e-05 2.4893997726759896e-07 2.0004423866696686e-05 1.2343826002479596e-05 3.72981048060149e-06 1.5672185580425376e-06 0.0 0.0 0.0 0.0 0.0 0.0 0.0 0.0 0.0 0.0 0.0 0.0 0.0 0.0 0.0 0.0 0.0 0.0 0.0 4.374549543513836e-07 1.0254673269919506e-07 0.0 0.0 0.0 3.979527889772832e-07 2.2797607518681914e-07 1.318211490678643e-06 2.540469797344362e-07 0.0 0.0 0.0 0.0 0.0 0.0 0.0 0.0 1.3552797853986939e-07 1.2578507727037315e-07 0.0 0.0 0.0 2.8206387299398225e-07 0.0 8.27864630035326e-08 9.709277968748857e-08 0.0 5.997362998398063e-07 2.1121754528606606e-06 1.2916599770775607e-06 0.0 0.0 2.00164287360716e-06 1.3319417915123885e-07 0.0 0.0 0.0 1.9351441291366774e-07 0.0 0.0 0.0 0.0 1.5278409063634489e-06 0.0 0.0 0.0 0.0 6.182344701836423e-07 0.0 0.0 4.1362923195942823e-07 9.862891503950564e-07 1.9574909234299101e-07 9.574889869741022e-08 0.0 0.0 0.0 0.0 0.0 0.0 0.0 0.0 0.0 1.3989925773847193e-06 5.858513657320817e-07 3.423551532946134e-07
1.3526489023177866e-05 0.0009573440470874449 0.00012560564460452673 4.714885623237361e-05 0.0 3.5510704346502133e-07 0.0025261067155573132 0.0002454596281797476 0.002069023983050122 0.000694374404307267 0.0007702165880111242 1.3382956639942707e-05 0.0005705826112440131 0.002422445387876398 1.7315719556462432e-06 5.5459064905503e-07 7.659997359906338e-08 0.0 0.0 0.0 0.0 0.0 0.0 0.0 0.0 0.0 0.0 8.542956729923672e-08 0.0 0.0 2.169276458304465e-05 3.903887131934772e-06 2.0982229760190557e-06 0.0 8.221006356214923e-08 0.0 1.043022415419554e-06 0.0 1.278629216123808e-07 0.0 0.0 1.671301987671228e-07 9.12696201710095e-08 0.0 0.0 1.825780751124534e-07 2.167994808844875e-05 8.68796186543966e-08 0.0 0.0 0.0 0.0 0.0 0.0 1.8875120787225135e-07 1.6069453083770682e-06 8.632118370830061e-06 2.7444053306428973e-05 3.579191833489147e-06 1.313721116393949e-05 1.1023313263959333e-07 2.3220512184690989e-07 0.0 1.0569122832769558e-05 7.064939046492779e-07 5.078816724414735e-07 4.7122164147950983e-07 4.543338098987134e-07 8.422150827197382e-08 0.0 5.089039505914465e-07 1.3101034856791322e-07 0.0 1.8156688712034228e-05 1.030735481481173e-05 2.3989131940460483e-05 7.030595284802803e-06 1.6801312438111678e-06 4.684301871332543e-07 1.8357606426930218e-06 1.8745443187831438e-07 3.610152911756705e-07 1.2084919482616364e-06 0.0 4.3807514456116693e-07 9.810406258005614e-07 2.8142889150853767e-07 0.0 0.0 0.0 0.0 0.0 1.396838513476481e-07 0.0 1.579108917780261e-07 2.1563059219321794e-06 0.0 0.0 0.0 1.908035886649604e-06 9.452702271606742e-08 6.17427478744047e-07 9.852826378423261e-07 1.9993878254865088e-07 5.294950327385967e-07 1.3977611883422665e-06 3.0240615023398892e-06 1.0157543765213039e-06 2.1612026627330154e-06 6.430128918897394e-06 5.504961431632342e-07 3.2153560117562475e-06 6.979654944638467e-06 1.6766592757071393e-06 1.3518983217962094e-06 0.0 0.0 0.0 0.0 0.0 0.0 0.0 0.0 0.0 0.0 0.0 0.0 0.0 0.0 0.0 0.0 0.0 0.0 0.0 5.10788702808392e-07 0.0 0.0 2.4291080627532436e-07 0.0 1.0969153642540793e-06 8.982479486200134e-07 3.7319694468049315e-06 5.295800979172963e-07 1.581202711843274e-07 0.0 0.0 0.0 0.0 0.0 0.0 0.0 0.0 1.9795504846522082e-07 0.0 0.0 1.5797255789512445e-07 1.5959315388615122e-07 0.0 0.0 0.0 0.0 1.108503922128088e-07 2.3714726449907568e-07 3.825249130757539e-07 0.0 8.449657229651026e-07 2.479835931766419e-06 1.4640237403834007e-07 0.0 9.933961895702097e-08 0.0 1.611448108714245e-07 0.0 0.0 0.0 0.0 1.7516496700536876e-06 0.0 0.0 0.0 0.0 4.1646657148189263e-07 3.067076265795146e-07 8.455056352140351e-07 0.0 0.0 1.588650364637106e-07 0.0 2.0131494657191536e-07 0.0 0.0 0.0 0.0 0.0 0.0 0.0 0.0 1.6082614173661645e-06 3.122725064868576e-07 2.389541093486243e-07
3.0245479251011834e-05 9.650862609629169e-05 2.946448165249731e-06 0.0004730371549602303 3.5510704346502133e-07 0.0 2.4419379454482895e-05 1.1650660671299587e-06 1.0899087262327533e-06 0.0006189052195436968 0.0 0.0001227190910632884 4.536447817978101e-05 3.3592662399694163e-06 1.1251368957330188e-07 0.0 0.0 0.0 0.0 0.0 0.0 6.985772195836067e-07 0.0 0.0 0.0 0.0 0.0 0.0 0.0 0.0 1.0397657562741908e-05 0.0 1.6416297220448389e-06 0.0 0.0 2.4251568435085057e-07 4.782185470255739e-06 0.0 2.262653283653106e-06 1.4366021882973995e-07 0.0 0.0 0.0 0.0 0.0 0.0 4.839176194004261e-07 0.0 0.0 0.0 0.0 7.590867064906305e-06 1.3990180861977765e-06 2.545819743445206e-07 0.0 1.0610976995097572e-06 0.00016987734470403309 1.3991564114765927e-05 2.4269183325376648e-06 3.116820676085135e-07 3.34557527257463e-07 1.4157724203782713e-06 0.0 0.0 0.0 0.0 2.0250846749369173e-07 1.0309596621365065e-07 0.0 0.0 1.3729907161796555e-05 0.000322339235386908 2.825831063030452e-05 1.286705014808367e-06 0.0 0.0 2.580799115710152e-07 0.0 0.0 1.1145352795900535e-07 1.4539013830529686e-07 4.693024581188051e-07 0.0 1.401447361429564e-06 0.0 1.076867807784719e-06 0.0 4.419152819394345e-06 1.1219932970174008e-06 6.526642606333459e-06 9.35814321135584e-08 0.0 0.0 0.0 4.633689470934502e-07 0.000295400782835411 3.778407724661508e-05 1.9158636836669382e-05 1.5496639989707536e-06 0.00036743876986644977 1.2525730184617943e-07 8.874032476814881e-06 6.4198563395914825e-06 3.105510106734771e-06 5.709873841996703e-07 3.128842914468407e-06 2.4575712804543232e-05 1.7849644791072658e-06 5.546423325954216e-06 1.311377107342637e-05 1.5236692526147803e-07 3.4428408831013814e-06 6.310010396210888e-06 1.7850234677579714e-06 6.132938312088778e-07 2.0543290522807657e-07 1.4310821578700968e-07 2.5625105625991444e-07 0.0 0.0 0.0 0.0 0.0 0.0 0.0 0.0 0.0 1.079666097725691e-06 0.0 6.251539639621063e-07 3.7199849614649836e-07 4.400016698569379e-07 3.53630976956455e-07 2.1007729673932344e-07 4.3833406860347484e-07 0.0 0.0 1.7252658011391984e-06 1.1767199352372161e-07 4.979492157575374e-07 9.102164305361906e-07 6.590543633015921e-07 2.8662628186520197e-06 2.4906575834784933e-06 0.0 0.0 1.584580922592605e-07 0.0 0.0 3.238697105059237e-07 0.0 0.0 2.0448459880005718e-07 0.0 0.0 1.1515945599175208e-07 9.891440031561512e-06 0.0 0.0 0.0 1.83057134457576e-07 9.99470969553048e-08 5.521771394204859e-07 1.4413244871760436e-06 6.490313253978773e-07 8.78718723560148e-07 1.419083771186011e-06 3.5768647929769985e-07 0.0 0.0 0.0 0.0 0.0 0.0 0.0 0.0 9.964293447150701e-07 6.015722761374572e-06 0.0 0.0 0.0 2.7248139722518837e-07 4.961287227340253e-07 3.3851732360084734e-07 1.1493764055959639e-07 1.4330343300717472e-07 1.3704459063550525e-07 0.0 2.840726018782964e-07 0.0 0.0 0.0 0.0 0.0 0.0 0.0 0.0 1.825121565036024e-06 1.3371338898452193e-06 4.583811778055268e-06
0.00034376340183495975 0.0034955899154520014 0.0001859681083795874 0.0005752710100455337 0.0025261067155573132 2.4419379454482895e-05 0.0 2.5585633234964254e-05 0.0018760790042756008 0.0029295341828546742 0.0002044356374297739 0.00033079399597107375 0.0023571037342136067 0.002346747207789862 1.781248194112827e-05 6.221083298291802e-06 1.7045524377976673e-07 7.527647664396021e-08 9.946517602002582e-08 1.4973797548008674e-07 3.9363316109741386e-07 0.0 1.412684511429264e-07 2.48801309058274e-07 1.2669541354246384e-06 0.0 4.360482948298029e-07 1.1869278333994036e-07 3.3887511443228796e-07 3.733187249048009e-07 0.00018446741681366944 1.1186866336938043e-05 3.878648507458472e-05 0.0 2.665545990453748e-07 6.777775712434437e-07 3.449568964884125e-06 1.1289784922921112e-06 8.310813719159622e-07 2.0566740218443773e-07 9.485494713871676e-08 1.5192183675070642e-07 1.158921534928078e-07 4.712472116671547e-07 9.345163253217144e-08 3.497983257435351e-07 0.00014999678527359968 2.6108242852164266e-06 6.097336064475833e-07 4.4922379240525025e-07 2.830877392114148e-07 2.3181012267161168e-07 1.0578414247227503e-07 1.8853325136730403e-07 3.6046933429702133e-06 8.800267130748683e-06 7.543256477569089e-05 0.00018330741372041146 4.4349868930319e-05 9.545208341922152e-05 6.903943989615602e-07 9.52717642127978e-07 0.0 4.856522433532157e-05 6.5227025304123194e-06 4.896545863637459e-06 1.3037304328713785e-06 1.7200146834683686e-06 3.5667023120097876e-07 8.546567243487851e-07 2.291134705824112e-06 1.670162499402191e-06 0.0 0.0001231307876133137 6.29112092489426e-05 0.00014930941214612835 4.164076612372231e-05 1.0549848580762907e-05 1.625576838028384e-06 2.638115976346453e-06 1.1541613449132881e-06 3.356732470665978e-06 1.2288634543819036e-05 2.3170728187791864e-07 2.840397737620523e-06 5.492476524754803e-06 1.2755139034213454e-06 0.0 5.958873843611176e-07 0.0 3.8672288885076773e-07 0.0 1.7504200570383691e-06 1.0849387578768405e-06 4.993022492330224e-07 3.944291062619775e-05 4.133874107131948e-06 0.0 4.804905007764367e-07 3.443783670419593e-05 1.0495236797412352e-06 9.120259091227384e-06 1.318426244964471e-05 3.053743403776563e-06 3.012271689520639e-06 1.4041370735872482e-05 3.0962622053252156e-05 1.2755995946208402e-05 1.767189261514306e-05 5.896003695192805e-05 1.6453951680841108e-06 2.4113521727851674e-05 5.362435684466267e-05 1.7153556648584824e-05 1.5028811135441957e-05 2.6648994858894425e-07 1.0468523047760233e-07 0.0 8.463346217715355e-08 0.0 8.470960502515081e-08 0.0 1.2200377357197671e-07 0.0 0.0 0.0 0.0 4.2906441910873e-07 0.0 8.781462214050903e-08 0.0 2.644243408053805e-07 2.3684692795364533e-07 1.6009641016251638e-07 1.6477155110943651e-06 2.2133711697739448e-06 0.0 1.4534489602789536e-06 1.6032237605117242e-07 8.16170708104883e-06 3.516871041334406e-06 1.8736406485584712e-05 2.8187297654479873e-06 1.4239089645611114e-06 0.0 8.792099197300091e-08 0.0 9.987861825895986e-08 0.0 8.397737550532709e-08 0.0 1.8826498304400248e-07 4.7558822091905106e-07 0.0 0.0 0.0 1.1430384283651425e-06 0.0 1.9196877063799949e-07 8.108703135446855e-08 1.5199938354239971e-07 2.1835665958798932e-07 1.3335071733898601e-06 2.0492593732351384e-06 0.0 1.3225772338894248e-06 1.9032339711212936e-05 3.940236799278022e-07 1.3250705995345283e-07 2.777884194736864e-07 0.0 7.631227254689762e-08 0.0 0.0 0.0 1.0226375749029038e-07 1.1166053631154323e-05 0.0 0.0 0.0 8.079080690642119e-08 6.014860195245718e-06 1.4704114387021701e-06 3.287623744997648e-06 4.888494818091345e-07 9.850204302595706e-07 1.398520507070784e-06 0.0 6.197876231744934e-07 8.25627679746254e-08 0.0 0.0 0.0 0.0 0.0 0.0 0.0 1.5167035123172224e-05 2.064651383361919e-06 3.5803710848192577e-06
0.0002658122800726716 0.0008029382931368117 0.0026159443255943573 8.609645052824066e-07 0.0002454596281797476 1.1650660671299587e-06 2.5585633234964254e-05 0.0 0.00012168302584098789 5.674658835043975e-05 0.0012467651364841633 5.5204763996083325e-05 0.00012752070091546442 0.0006720588844249164 1.98818412041766e-05 1.0902226887038594e-05 4.237336218792804e-06 1.70863508305037e-06 1.1845564727630358e-06 5.11467818759928e-06 9.843390089250798e-06 5.644363297436313e-07 5.471680907957877e-06 8.394818636511228e-06 5.610703527908874e-05 4.084626754284956e-06 2.2507166444074482e-05 1.3395414077856292e-06 1.6645666023125362e-06 5.146891131006148e-06 0.0011690597197443536 0.0018136063917593179 9.853462924960696e-05 4.9841495988583535e-06 2.071421117008677e-05 4.7560909748509346e-05 3.7135985497110115e-05 5.4913299331444106e-05 3.1073873712520043e-06 1.4670516917303978e-05 2.1270892859020176e-06 1.871643168101737e-05 5.482194973251335e-06 1.8770698293686107e-05 3.2712302166752204e-06 6.861473066382897e-06 0.0001470639253116692 2.3389082860377577e-06 5.657166212904659e-06 5.496912108410598e-06 1.8433099241324372e-06 7.286772430715353e-07 1.1081322146088627e-06 1.2571484479518163e-06 1.2642379186512104e-06 3.7749830594866665e-06 5.281734438810693e-05 0.0002486984600787454 2.159980734199682e-05 4.928619639399292e-05 0.00013238897152567905 0.0002555462835979084 6.093685734147815e-07 0.0003397462977450655 3.7849194441442232e-06 5.733996011319587e-06 2.507076612942154e-06 5.977999906675565e-06 1.8586795800999728e-05 4.327682984577358e-05 8.938454527716878e-06 1.0040362568924359e-06 1.0762727504686422e-07 8.397945097523974e-05 0.00013242955125619902 0.00017614195901045367 0.00017507907962967535 0.00019281631199924464 0.001499881399540306 0.0007698805196793414 0.00019294301359857832 0.0021477396562155347 4.426266011371925e-06 1.9919154694210847e-07 2.8535992925444055e-06 3.865595948552678e-06 7.199724338817427e-06 1.9196837937500217e-07 6.136198606911286e-07 2.968295247649044e-07 5.546730375345189e-06 1.5908367576094723e-06 8.240923694988517e-05 2.8201504045663057e-05 6.3714726115849844e-06 1.7139826585577606e-06 6.345374019426442e-07 1.8187084039351388e-07 1.3081345582150104e-06 4.18616219335103e-05 0.0 0.0 5.730674763859563e-07 0.0 3.9051909890217764e-07 0.0 7.055074462431134e-07 6.175855796822361e-07 1.2469718891885278e-06 3.1208016773486065e-06 2.162941895802272e-07 1.6278937057026035e-06 3.2425583414864282e-06 1.4166157839329645e-06 1.0284948356747329e-06 1.9282467762407646e-07 0.0 0.0 2.8645646758692997e-07 0.0 0.0 0.0 3.637725752201649e-07 0.0 0.0 4.2545784886181825e-07 0.0 0.0 0.0 0.0 1.4190410774883678e-07 0.0 4.758213292753632e-07 0.0 9.765104293817517e-08 0.0 0.0 7.310182002714687e-07 0.0 9.43302404439133e-07 7.509066814810586e-07 2.1421960346164983e-06 6.242614470344029e-07 3.1495902563161115e-07 1.8204934838214874e-07 3.8527582950676343e-07 7.616337779687941e-08 0.0 0.0 0.0 0.0 0.0 1.0344079166341713e-07 0.0 0.0 1.3773830760148055e-07 1.0066814249086548e-06 7.81443024585526e-07 0.0 0.0 0.0 1.4618148689682503e-07 8.209398887296046e-08 0.0 4.640441442775549e-07 3.955532343896417e-07 1.8473221036865144e-06 0.0 0.0 7.256630526743069e-08 2.3180472937970814e-07 9.52965679852774e-08 3.173088668031296e-07 1.869032957516368e-07 7.41353281923238e-07 5.054600306740451e-07 1.293801390148889e-06 4.7529157452071256e-07 3.5528233695961977e-07 3.297721736616721e-07 1.3364578947914735e-06 5.922959966528645e-07 1.4401042222776303e-07 3.1122130556238083e-07 8.322176993937264e-08 0.0 0.0 0.0 7.714511803160637e-08 1.9311111282536867e-07 0.0 0.0 0.0 0.0 5.610256134782332e-07 1.281700477215872e-07 1.9902911909547905e-07 9.881021633906796e-07 3.7922477847393584e-07 5.371837035387439e-07
3.0463147157303636e-06 0.0011429527916049062 0.0003434259587737849 4.844733799488585e-05 0.002069023983050122 1.0899087262327533e-06 0.0018760790042756008 0.00012168302584098789 0.0 0.00038969920298751484 0.0007967421396552233 0.0001625843870267487 0.0011480150191311412 0.0016271637975154556 3.8107708731658437e-06 2.134363494110709e-06 0.0 0.0 0.0 0.0 0.0 0.0 0.0 0.0 3.9634677712268397e-07 0.0 2.2550593215137683e-07 0.0 0.0 0.0 3.564661535617268e-05 2.237271285838146e-06 3.78999059694714e-05 0.0 1.817670559655333e-07 2.234023334979609e-07 1.816337089329712e-06 2.265136491803928e-07 6.434493756833005e-08 1.3354390689620646e-07 0.0 1.5465970340998355e-07 0.0 0.0 0.0 0.0 1.9518701634947342e-05 2.4675421338475735e-07 1.2213415621194793e-07 0.0 0.0 0.0 0.0 9.591929756863109e-08 3.4052508583540356e-07 5.787302564326739e-07 4.2660889089700904e-06 1.181803318461119e-05 3.2642001872641167e-06 1.11615363387426e-05 1.734595682120052e-07 1.4049781110450645e-06 0.0 9.147277465974261e-06 4.171372269464995e-07 6.457501478718679e-07 9.358500718329811e-08 8.774549133916865e-08 1.234647649474131e-07 1.5720813740399632e-07 8.77588157621814e-07 4.1299777184095905e-07 0.0 9.298578920719599e-06 1.133241064820791e-05 2.3176243093441084e-05 1.0156108512805364e-05 2.801882847701788e-06 7.151296083547475e-07 6.606725283986324e-05 7.336916926599604e-08 3.671913315565657e-07 1.3923251797256702e-06 0.0 4.4004578667783546e-07 5.463177458817307e-07 8.618803445534765e-08 0.0 1.8710017008567257e-07 0.0 1.0287035322887449e-07 1.5562916872714927e-07 2.9186870122257504e-07 8.214068802963997e-07 9.907261648459291e-08 2.6889234482000117e-06 4.5736668118610516e-07 0.0 1.1212689924912278e-07 9.771529215823791e-07 2.556148089235964e-07 8.258948509987984e-07 3.0149343799816773e-06 7.548960757194125e-07 1.0188506093987824e-07 2.973688677645351e-06 5.817512103094785e-06 2.0599846131415927e-06 2.579292039691096e-06 1.0749692792743576e-05 6.368375910726272e-07 4.961427675412625e-06 1.0495603763744668e-05 3.922553353571845e-06 5.347828171225469e-06 9.119333155836621e-08 0.0 0.0 0.0 0.0 0.0 0.0 0.0 0.0 0.0 0.0 0.0 9.324381050603564e-08 0.0 3.3979926996000566e-07 0.0 0.0 0.0 0.0 4.6750726676911626e-07 3.3902481472377114e-07 9.94224899942065e-08 2.6501169561068727e-07 0.0 1.3677487463911376e-06 8.623398714360296e-07 5.0229061090215475e-06 7.731524992337028e-07 2.4283233119299047e-07 0.0 0.0 0.0 0.0 1.07205815752398e-07 0.0 0.0 0.0 2.3141256877909604e-07 0.0 0.0 0.0 4.315824419944847e-07 0.0 0.0 0.0 0.0 1.0408235557340397e-07 1.4908862466927205e-07 5.824017763371317e-07 0.0 5.442196555975704e-07 4.729976471330504e-06 0.0 1.0771777187658467e-07 0.0 0.0 0.0 0.0 0.0 0.0 0.0 3.097141328783495e-06 0.0 0.0 0.0 0.0 9.335717243844337e-07 8.245883548045176e-07 1.5817047713151774e-06 0.0 1.1493685803360195e-07 3.015955913964773e-07 0.0 3.6378222637409736e-07 9.553654262360024e-08 0.0 0.0 0.0 0.0 0.0 0.0 0.0 2.9074963074453724e-06 8.187224095285141e-07 4.458190524903397e-07
0.0008709033003271647 0.0025612451474161654 0.00020966126855885046 0.0015934221182072974 0.000694374404307267 0.0006189052195436968 0.0029295341828546742 5.674658835043975e-05 0.00038969920298751484 0.0 0.00014678538609686295 0.0022447197170228582 0.0034188728211873363 0.0006376859011429129 1.605605066132864e-05 8.570269196351672e-06 4.0193718885855437e-07 1.4398172960796356e-07 0.0 0.0 3.896867444141714e-07 9.165068347896394e-07 8.632060356500937e-08 4.2841927245718e-07 1.3546909959623971e-06 5.66065372412305e-07 9.563050021289063e-07 1.5355719333010067e-07 8.133741051978927e-07 4.5324994234987666e-07 7.35272576223947e-05 4.094099185417813e-06 7.522315681102661e-05 0.0 0.0 8.276869889627441e-07 2.3263600574636142e-05 4.338578787532056e-06 4.601449315569766e-06 1.07994857426607e-06 3.3680069172355054e-07 0.0 3.1785622839265715e-07 7.36387579101178e-07 0.0 0.0 0.00010161123955127747 2.7194217083727463e-06 4.7059071071686046e-07 9.36456759633447e-08 6.104943521352666e-07 4.836850196860105e-06 4.684535846604907e-06 6.267610038410514e-07 2.555742119353096e-06 4.97723555974638e-06 6.056136846101537e-05 9.720688304026065e-05 3.196422491897951e-05 4.1173839978401925e-05 1.6403185306945912e-06 4.234235252400241e-06 0.0 2.1640471401200416e-05 3.2899352960981976e-06 2.790009764910531e-06 5.193144385961595e-07 6.140145760089582e-07 6.081821949606612e-07 2.1887189158080015e-07 0.0001558238200122401 3.653157372720215e-05 2.2728201375596992e-06 5.760079928047001e-05 2.5818346630460083e-05 8.20910117604861e-05 3.273217619424636e-05 1.081879842283113e-05 8.815753960777712e-07 5.344110060337043e-06 2.962581657115446e-07 6.6819784659054815e-06 6.923001305469824e-06 9.818019929059461e-08 1.8457342740535522e-06 2.567664992278709e-06 9.169611985349933e-07 9.406078375515532e-07 6.905646750836054e-07 1.7824645770685603e-06 1.5018169840627975e-07 8.251813714155496e-07 9.231430234707893e-07 8.791682617285355e-07 2.122725391600694e-06 0.0009169670698965767 0.00018149630503248323 6.006656522607464e-06 1.0676165085245454e-05 0.0004204428684292394 7.857455887956205e-06 0.00012471621220249804 0.0001682402866215975 5.582103111919848e-05 3.534045732368332e-05 0.00013539244397890496 0.00034664313560078114 0.00012148240358335756 0.00021021247435335698 0.0005027549819658461 2.2310597908922393e-05 0.00023217049983585423 0.00046545547769647996 0.0001420593074028548 9.562692624022167e-05 2.985627776477616e-06 2.669077000911246e-06 0.0 2.561657148955697e-07 0.0 1.0885750564397215e-07 0.0 2.5521441031893594e-06 0.0 0.0 5.825817496440504e-07 1.942846148909672e-06 4.4226795643179906e-06 1.5886296507137212e-07 1.1204378271358598e-06 1.4255619816781473e-06 6.715905141240372e-07 1.200514763196035e-06 1.5092548859689913e-06 1.3611143582869585e-05 1.0215138299828224e-05 1.550114335008782e-07 1.9426299538553954e-05 1.207235641136534e-06 5.5412540436244026e-05 2.2192706393841733e-05 0.00010857893254272151 1.8861652740005084e-05 8.160026967051278e-06 6.289618351851994e-07 1.177038454004285e-06 3.9842522753874615e-07 0.0 2.423716090403399e-06 2.045160824292371e-06 0.0 5.451991940189598e-07 3.0670869679888945e-06 6.226413957428428e-07 0.0 0.0 1.0229725159753043e-05 5.987857532393319e-07 9.173106040633749e-07 0.0 3.593016052785884e-07 3.968096527561843e-06 9.134999878618422e-06 2.4332335129450287e-05 4.77065434365227e-06 1.4763658232248373e-05 0.00011903841457667022 3.0163891418364513e-07 6.611668612702399e-07 1.2857591250047426e-06 0.0 8.159851182559976e-08 1.0687987066020541e-07 0.0 0.0 0.0 7.956578826999706e-05 2.6758150177053904e-06 7.01160522015317e-07 1.7792480730144525e-07 4.457613066750373e-07 4.516829322813089e-05 1.4977737942310496e-05 4.490040703068482e-05 1.0282923079739777e-05 7.2765931791420236e-06 6.673292711223656e-06 1.3868750319384079e-06 3.267750745527831e-06 3.191624867604102e-07 0.0 0.0 1.1420345472478637e-07 1.0778539900052384e-07 1.0894649112446787e-07 0.0 1.1952717086116783e-07 0.00011909944723130427 1.1819623154682901e-05 2.2313283729931214e-05
0.00014786769704806005 0.0008583378611064527 0.0018531195448647654 2.4023626975165763e-06 0.0007702165880111242 0.0 0.0002044356374297739 0.0012467651364841633 0.0007967421396552233 0.00014678538609686295 0.0 0.0003614872926349908 0.0013254988417182843 0.0025397200404927676 2.8252306661252354e-05 1.7081509710423067e-05 7.871708386798479e-07 3.082144571002188e-07 2.298577740180211e-07 4.0835476892976145e-07 2.5722154960142585e-06 2.6674127752601126e-07 1.3177727007349448e-06 2.530439371474639e-06 2.419344904801042e-05 1.2143395962386505e-06 1.027404730166228e-05 1.1054234855351467e-06 2.1830219347722288e-06 3.461881343959428e-06 0.0005106269464994868 0.00012544152950910383 0.00048016641376153076 0.0 4.6358178572495685e-06 1.4861539192064302e-05 5.2840334138746114e-05 2.4550946086971034e-05 4.863697842847353e-06 7.480976540559494e-06 1.8137118603827066e-06 3.244008914525584e-06 6.537860914334703e-07 2.804504463219936e-06 7.802669493903337e-08 6.853552921324838e-08 0.0001262610706786491 1.1339826539652552e-06 2.068008089990047e-06 6.338508734752658e-07 9.24599281331141e-07 2.1609362816782893e-06 8.589430028120052e-07 1.1271178065854094e-06 1.0988168640616718e-06 2.065703113642215e-06 2.5649545224682468e-05 0.00010167668325123991 1.4318784628431811e-05 4.593540036115296e-05 1.903306499006069e-06 2.691791051531724e-05 0.0 8.06575744141835e-05 2.1358735084381555e-06 2.5838590148316484e-06 6.106866770779812e-07 1.7157822075031838e-06 3.7236999575930787e-06 2.5609884114469587e-06 1.2203196552857621e-05 1.0174071174526943e-06 9.57018573774037e-07 5.165321589835987e-05 7.544879129992398e-05 0.00015264602109776485 0.00010232105525575806 4.5444833319175885e-05 2.4530335434002193e-05 0.0010049973828454215 1.4784991747440578e-06 5.5522714265688155e-05 4.575928902715655e-06 0.0 7.804662633642348e-07 2.3330441589839175e-06 1.574332325406879e-06 0.0 3.4154170217965146e-07 1.689266329522148e-07 1.7543604014733302e-06 9.081456442717807e-07 1.150308391753904e-05 8.111789740185873e-06 2.6769905251856453e-06 5.063184670603223e-06 6.665507321744949e-07 0.0 1.5004043175034359e-06 1.539113100485604e-05 2.3321338357539268e-07 1.1356389009199738e-06 2.3733683372279787e-06 4.136779173512057e-07 1.6109674996607815e-06 3.0924528626463797e-06 2.7701757920067378e-06 1.2927421338097628e-06 3.1498553868636126e-06 1.1219092514240403e-05 1.094504693194221e-06 2.870716235461483e-06 1.3675269838945649e-05 3.860150580311441e-06 2.6386259914992996e-06 9.44848430305975e-08 0.0 0.0 2.6942743609506157e-07 0.0 0.0 0.0 3.900631394175407e-07 0.0 0.0 5.831146191590321e-07 0.0 1.8094250372200197e-07 1.2551818220347383e-07 0.0 1.1633704176898682e-06 2.963381444712799e-07 2.5763448243128107e-06 0.0 1.0790609212744502e-07 1.0292581667669275e-06 0.0 7.576599191729787e-07 0.0 4.013900167630667e-06 4.487731034633412e-07 7.12992710151535e-06 1.0957276125435567e-06 3.672020644376082e-07 6.981465387573226e-07 0.0 0.0 0.0 2.527984595101619e-07 0.0 3.583169804382345e-07 0.0 0.0 0.0 0.0 2.8300245922165783e-07 4.630249962315599e-07 1.3887502864378898e-06 0.0 0.0 0.0 1.1999677851976814e-07 7.666180542754889e-07 0.0 4.592695389064534e-07 1.194087347847132e-06 5.1594808771873945e-06 0.0 0.0 0.0 0.0 1.395131532753116e-07 9.567989064524546e-08 8.617198500063629e-08 1.2121165779810093e-07 0.0 4.2262683322344515e-06 2.08531071405071e-07 2.1612324600953952e-07 0.0 5.095873259393765e-07 2.82992502729151e-06 2.9739664129988206e-07 2.1489823532112457e-06 1.2889987596066305e-07 6.754079981419455e-07 2.0891002879748129e-07 0.0 1.9438708283403931e-07 8.612267051933388e-08 0.0 0.0 0.0 0.0 2.2777713713226836e-07 2.518432100818968e-07 2.2860313167861323e-07 3.725137058910211e-06 3.263976837467266e-07 8.48495390853493e-07
