0.0 0.001348395580765361 0.0006177333139340103 0.0006276650544110203 1.4524106763047737e-05 3.505049568052317e-05 6.96788368615429e-05 0.0001602943620298833 3.39251822045257e-06 0.0002914905203494512 5.0369832925958563e-05 2.23601022484667e-05 1.0298852395742366e-05 3.3911887364405426e-05 2.64409111477732e-06 5.800306235439522e-07 1.6608413581994712e-07 0.0 0.0 1.1456889487499287e-07 0.0 6.752089306305232e-07 1.108462620111349e-07 0.0 1.2916748666828424e-07 0.0 0.0 1.1554713109438613e-07 0.0 9.862498384089449e-08 0.0005170652761002739 6.366135738147715e-06 1.4847959713202755e-05 0.0 0.0 4.3334141453778814e-07 2.3678274657514813e-06 9.828701213759262e-07 1.1516416930635305e-06 1.9500767301627775e-07 0.0 0.0 0.0 3.1390625106518145e-07 0.0 6.122443300305162e-07 1.53634161200822e-05 6.017528692582999e-07 0.0 0.0 2.0334327280334897e-07 2.395782300777342e-07 3.886145640117917e-07 0.0 3.5936381707574202e-06 2.8345745642700332e-06 5.480509274840672e-05 0.00039731991424349686 1.9483324345882932e-05 1.555679546314227e-05 3.916486348748833e-07 1.4214076220938408e-06 0.0 7.664364215605143e-06 1.9164220761536793e-06 8.444751659678902e-07 3.155070636309541e-07 2.1191106948160145e-07 1.7534405869836965e-07 0.0 4.304576259656665e-06 3.674464752980007e-06 0.0 6.475331985406856e-05 2.9212233119703823e-05 1.4492583920901933e-05 2.852583393859768e-06 7.220918856583941e-07 1.0302883483130195e-06 2.6228049352083337e-05 4.0599875105259427e-07 3.2725948871096526e-06 5.795887292315324e-06 8.111239707001653e-08 6.203318305460436e-07 1.3960105023117871e-06 0.0 0.0 2.0016568203507146e-07 1.3190350781311462e-07 0.0 0.0 3.7866526003087647e-07 0.0 0.0 2.5277646231489082e-05 1.0845914396179865e-05 3.9613732709383234e-07 2.4370203166376393e-06 0.0006687518259121642 2.0220201394045855e-06 1.209663531295696e-05 8.869343215576344e-06 1.5307036123295068e-06 5.401919551695025e-06 2.556869901308007e-06 1.5495434228344054e-05 1.7106092706797653e-06 9.689300593292943e-06 3.500778656534165e-05 9.44331835288475e-07 6.415641360972502e-06 1.5175894254639439e-05 4.897628873894479e-06 5.2088643810569135e-06 0.0 0.0 0.0 0.0 0.0 0.0 0.0 0.0 0.0 0.0 0.0 0.0 0.0 0.0 1.0554095488820127e-07 0.0 0.0 0.0 0.0 2.5363686484751386e-06 6.851072953392137e-07 0.0 0.0 0.0 6.015645570334841e-07 0.0 8.916845072061768e-07 8.459613042919747e-07 1.7246095344894945e-07 0.0 0.0 0.0 1.5044921061905077e-07 0.0 0.0 0.0 6.112580430004612e-07 0.0 0.0 0.0 1.2262721765875486e-07 0.0 0.0 1.7900923637266633e-07 0.0 0.0 1.6128384992500236e-06 1.0907165598312843e-06 0.0 0.0 0.0 2.492196160094095e-06 6.360022796722607e-07 0.0 0.0 0.0 0.0 0.0 0.0 0.0 0.0 2.2066413147383352e-06 8.88736980712874e-07 1.1955518032375302e-07 0.0 0.0 2.055310669489497e-06 9.765888951321765e-07 2.0457811662122745e-07 2.6675594418555013e-07 1.0671774874535492e-06 1.7883248750285214e-07 0.0 0.0 0.0 0.0 0.0 0.0 0.0 0.0 0.0 0.0 3.4753345557336352e-06 2.2586057481182987e-06 2.046000810922946e-06
0.001348395580765361 0.0 0.0007077814980101305 0.0005767663483616285 0.000456747202804371 0.00010298784529843659 0.0036012480198716287 0.0017026524188487916 0.0013125810617731222 0.000857438886554525 0.0013681898705657336 4.026667652171652e-05 0.0004895633881831842 0.0018803198385149776 4.104830051422526e-05 8.690631187682329e-06 1.8101284479512123e-06 1.1228896580583881e-07 8.956926080906075e-08 1.3534904815603402e-07 5.683396731553972e-07 5.234849099327843e-07 4.6289425061809e-07 5.475592394611525e-07 5.051998290617218e-07 4.6712018828595886e-07 4.3052602907704037e-07 2.4986411845452285e-07 8.326022200308956e-08 0.0 0.0017047001892035473 9.542209155159939e-05 0.00013047429126626441 4.1400922648866605e-07 7.582456706896281e-07 8.199465227739001e-07 1.5726217135945978e-05 9.015918148822742e-06 5.483286696781228e-06 2.074761147634774e-06 1.1676446015598095e-06 1.690650241051851e-07 0.0 5.132749050585406e-06 8.064116268134505e-08 1.429547803395173e-06 0.0002747087407951515 1.0497110744062939e-05 8.686471457047692e-07 5.795163162113468e-07 8.978948774609504e-07 7.225736134043166e-08 0.0 4.822650471377725e-07 1.9726089885260236e-05 2.3183103732887353e-05 8.175321386729176e-05 0.0007610892336187267 5.096313108623191e-05 0.00011770226034865559 2.5082367177526062e-06 8.252445849051678e-06 7.308930303978215e-08 0.00011728184905997033 1.2479490256180194e-05 4.4800491608428e-06 2.720748262592566e-06 1.7057713680914856e-06 7.988918671044065e-07 1.1188103100823557e-07 7.597266287487407e-06 1.4220521370837555e-06 0.0 0.0003045678730737579 0.0003076308846678028 0.0002868547591792943 0.00012585463544766435 2.4080716595837715e-05 4.090312309028236e-05 0.0002108936937997294 5.791443429312479e-06 2.498679350996029e-05 3.307266391712141e-05 8.720721716080558e-07 7.12209088310081e-06 1.054187493751043e-05 1.3784142786132848e-06 3.3663670031523477e-07 2.1135862004986884e-06 2.0609529963866985e-07 6.493844389882793e-07 3.059232339851792e-07 1.0981893281908386e-06 4.2229311217755533e-07 3.53652601509566e-07 1.708286122556639e-05 4.150871628846744e-06 2.710377800117709e-07 1.0684749076916028e-06 0.000724323269852014 2.2653153645649252e-06 2.362559084619887e-06 6.1454787727070925e-06 1.549053394857656e-06 5.20618226566083e-06 9.952661117306077e-07 5.84479001937305e-06 9.919827978052731e-07 7.179703052401087e-06 2.2959614911399924e-05 1.6035859335285484e-06 5.491973801898324e-06 1.33842968911111e-05 4.173601856717953e-06 1.0113753765274406e-05 1.8162031129740266e-07 1.861798152295588e-07 0.0 0.0 0.0 0.0 0.0 0.0 0.0 0.0 0.0 0.0 2.696133842475449e-07 0.0 0.0 0.0 0.0 0.0 1.0270772629255002e-07 3.2172556882035033e-06 1.0387872002396579e-06 0.0 9.417087837682264e-08 1.340982281648445e-07 2.589436035536449e-06 1.4415642397201742e-06 5.743773679111039e-06 1.7253407340557998e-06 5.078655476646886e-07 0.0 0.0 0.0 1.4970232267193303e-07 5.27125411245163e-07 6.315644012775243e-07 0.0 3.5896591516739234e-07 2.778413348816082e-07 0.0 0.0 1.1761553267718326e-07 7.822924016553249e-08 0.0 0.0 0.0 1.2388324374244829e-07 9.748132670718357e-07 2.4440218063327534e-06 3.277375216439654e-07 6.590216061770991e-07 7.160371373523308e-07 4.7368774887949455e-06 5.632231652907383e-07 2.928819316767418e-07 0.0 0.0 2.621196513113731e-07 0.0 1.1322320666944424e-07 6.820917612647399e-08 0.0 1.9145764554818585e-06 9.286519923199369e-07 9.521617024835356e-08 0.0 0.0 3.165460705570766e-06 1.7916033407571515e-06 1.532054030663043e-06 8.547862989122989e-07 1.4109860580022725e-06 6.207160778072364e-07 1.2074529085636035e-07 0.0 1.966097769586459e-07 0.0 7.157431905219962e-08 1.4596134488112298e-07 3.9340787352140234e-07 0.0 7.814373627631505e-08 0.0 4.7073658070419215e-06 2.861961068145823e-06 2.138725170409637e-06
0.0006177333139340103 0.0007077814980101305 0.0 2.7334892969667153e-05 0.00037926981808003075 9.852473169302597e-07 0.00021949671351255588 0.0023880048306342 0.00024364121770698762 0.00025386560076824655 0.0013494898053681625 3.7531301788354774e-05 0.00010125580572170463 0.00142038990619696 6.969310922209098e-06 4.071849062831716e-06 1.095676235542881e-06 0.0 0.0 3.9484209850634427e-07 1.121327313756575e-07 0.0 4.7289861151774613e-07 4.8853166975705e-07 6.743338864700595e-07 1.60636031962721e-07 2.928287712367726e-07 0.0 0.0 0.0 0.000839062147705872 0.0002606530870981394 0.00015551446300132222 2.3321855455062636e-07 3.1744631279560295e-07 9.678744940034983e-07 2.6362359026562294e-05 9.10279451308597e-06 3.522067570869817e-06 1.4236871157845996e-06 3.455055353261553e-07 7.99085020146632e-08 0.0 9.648901448289843e-07 0.0 3.5481028742068185e-07 3.1820831235784926e-05 3.4772980975368706e-07 3.9462166421112526e-07 2.148137962759798e-07 4.2466366636654017e-07 1.363985609842088e-07 6.723001159179085e-07 0.0 1.2449938312994563e-06 1.4660727300599784e-06 3.5867711244348498e-06 6.080006349751496e-05 2.4931494321590716e-06 5.566558747793934e-06 1.0107826287666303e-06 9.749570201627384e-06 1.19524666939623e-07 3.6843254914022785e-05 9.539494325874007e-07 5.001549815291755e-07 7.40744462791381e-08 2.6635806736680284e-07 2.0686054727132947e-07 3.260560238685007e-07 9.46190847166628e-06 1.8459929941422147e-06 0.0 1.604051904266216e-05 2.5125510955311072e-05 2.6116947832884674e-05 2.098550068914858e-05 9.637253164984005e-06 3.9178965076395395e-05 0.00029107827294436227 1.4806137043192226e-06 2.3807223746573248e-05 1.7313510516276803e-06 9.105330341341305e-08 3.4464206927928294e-07 4.6115400627646827e-07 4.49997058558425e-07 0.0 1.7134890847636902e-07 0.0 2.6553694371367593e-07 5.224990066260607e-07 1.2812285819535869e-06 4.788677895209384e-07 1.0966274856810736e-07 1.698453373061735e-05 2.1534990942481346e-06 1.5183560301489235e-07 2.1551034414961313e-06 0.00013308001708038379 2.2287730891779708e-06 8.681875484640476e-07 2.117974851617601e-06 6.342389381378151e-07 2.8186434563124676e-06 3.5941898173218754e-07 2.108113339107301e-06 8.569980580557957e-07 4.595989630489612e-06 1.763798126837445e-05 2.2135042876901595e-06 3.7718282389900907e-06 7.585462205129784e-06 3.838415364940266e-06 6.711363022403643e-06 0.0 1.6591460390047864e-07 1.0190299205324484e-07 0.0 0.0 0.0 0.0 0.0 0.0 0.0 0.0 0.0 1.448545392078732e-07 0.0 0.0 0.0 0.0 1.838493306115113e-07 0.0 3.7193690829260067e-06 9.014315151985699e-07 0.0 7.408141380931839e-07 0.0 1.7068497118245687e-06 1.5540748869220591e-06 5.6666375486475486e-06 8.451011220313025e-07 2.8727698828715814e-07 0.0 1.4161960393945672e-07 0.0 1.1398750975236538e-07 3.340633778628585e-07 0.0 0.0 3.1026392706697927e-07 1.0148617479845234e-06 0.0 0.0 0.0 1.9619976119989996e-07 0.0 0.0 9.212884301446001e-08 7.346498293967512e-08 1.5832616509443388e-06 2.799782960168297e-06 6.835406267706284e-07 2.747518012385599e-07 2.126117556637766e-07 5.004073320124721e-06 2.388084663166374e-07 1.4889328630374087e-07 1.1600183586263417e-07 0.0 0.0 0.0 0.0 0.0 0.0 2.440849034244001e-06 1.1003541771570896e-07 0.0 0.0 0.0 3.646989985358732e-06 7.720596146841467e-07 1.9798498750902864e-06 1.2200848444912402e-06 1.91167481344382e-06 6.903049606884342e-07 5.355786517504447e-07 0.0 1.0219188406661965e-07 7.630446917734387e-08 0.0 0.0 0.0 0.0 0.0 0.0 2.7603145951395264e-06 1.8679821858471064e-06 4.928182239043862e-06
0.0006276650544110203 0.0005767663483616285 2.7334892969667153e-05 0.0 0.0003727947870916325 0.00023854562654946053 0.00016999567235910154 1.2182403808928481e-05 0.0004182724400445177 0.0008823239937875626 5.740360501403535e-05 2.61464620826323e-07 3.359802989047909e-05 6.0514383381250144e-05 8.380364508138377e-07 7.160847559418811e-07 9.171957256449214e-08 9.366949218946794e-08 0.0 0.0 8.945914697157887e-08 1.9434119724494335e-07 0.0 0.0 0.0 0.0 0.0 0.0 0.0 0.0 0.00011616545411853441 9.173423374746419e-07 0.0 0.0 0.0 0.0 3.1667781827321723e-07 0.0 1.4756400964989833e-07 0.0 8.526490337501303e-08 5.6218165161816126e-08 0.0 0.0 0.0 0.0 1.3990216442299776e-05 6.019824612584053e-07 0.0 0.0 0.0 0.0 0.0 0.0 1.8250566654653503e-06 1.2415545633571444e-06 1.1963461363607697e-05 0.00011215510103642459 6.783814769128536e-06 1.0344037087236915e-05 0.0 4.1270966625511177e-07 0.0 4.423827612274304e-06 1.1314238346693861e-06 7.178673943323123e-08 1.5247082747261354e-07 9.829716604728134e-08 0.0 7.555961791559968e-08 2.0137400466732395e-07 0.0 0.0 3.212198234621596e-05 1.7151938066558502e-05 1.4225215753520642e-05 3.922753177988365e-06 9.137026626432844e-08 5.64647959536885e-07 6.258315894670931e-07 1.8270931073222302e-07 8.600453304773415e-07 1.8629533440050502e-06 1.8376955305508348e-07 2.4329422895553817e-07 4.877232163531495e-07 0.0 9.137114440041344e-08 1.6698452785815842e-07 0.0 0.0 0.0 0.0 0.0 0.0 1.461997713730012e-06 0.0 0.0 0.0 0.0003411479356526553 4.515675938775022e-07 7.277146249553944e-06 3.693232303954052e-05 9.890426314206352e-06 1.7126262902326475e-06 8.331236675691803e-06 1.904920525697999e-05 3.331151266700853e-06 3.294586381154533e-05 2.1922177162806182e-05 7.490007277797143e-07 1.3039886981826533e-05 8.384173176200681e-06 3.236716423568597e-06 2.306066664275995e-06 0.0 0.0 0.0 0.0 0.0 0.0 0.0 0.0 0.0 0.0 0.0 0.0 0.0 0.0 0.0 0.0 0.0 0.0 0.0 1.3808338903543119e-06 0.0 0.0 0.0 0.0 1.6326092092738275e-07 7.929756871966969e-07 1.2020289054832983e-07 0.0 0.0 0.0 0.0 1.0489729589648726e-07 0.0 0.0 0.0 0.0 0.0 2.844150247174313e-07 0.0 0.0 0.0 5.556503927276217e-07 0.0 0.0 0.0 0.0 5.022500297456107e-07 6.631088499986022e-07 1.787161455405321e-07 0.0 0.0 2.2607775852767542e-07 1.267144172044889e-07 0.0 0.0 0.0 0.0 0.0 0.0 0.0 0.0 4.358024757778864e-07 2.6204531229523633e-07 0.0 0.0 0.0 1.228617980621667e-07 0.0 8.98435344393735e-08 2.8047071045752776e-07 3.7523359276224104e-07 3.604014831839936e-07 1.119975869701057e-07 0.0 0.0 7.730259997560399e-08 0.0 0.0 0.0 0.0 0.0 0.0 3.452428907265683e-06 7.03647463674026e-07 3.532694685218928e-07
1.4524106763047737e-05 0.000456747202804371 0.00037926981808003075 0.0003727947870916325 0.0 3.884508617352404e-07 0.00170750020044958 0.0007582369246165661 0.002910721494343111 0.00122054546236223 0.0022740395589697744 7.92657718547896e-06 0.000398763170304626 0.0012866946934818532 5.169521508316054e-06 1.1054210518847088e-06 0.0 0.0 0.0 0.0 0.0 0.0 0.0 8.721768616638363e-08 0.0 0.0 0.0 0.0 0.0 0.0 3.5385372603503364e-05 5.5681092926033114e-06 6.04328503643747e-06 0.0 0.0 0.0 7.300592660126475e-07 5.541913511741599e-07 0.0 4.0828628817472e-07 0.0 0.0 0.0 2.6877285304901014e-07 0.0 3.0500322778130456e-07 2.9687506978642067e-05 7.381548173388365e-07 7.239975221350835e-08 0.0 0.0 0.0 0.0 0.0 1.650612666736924e-06 9.6246764409403e-07 2.7631306004610395e-06 1.841189433316223e-05 2.507538983288364e-06 6.239430434372343e-06 7.44536461026659e-08 3.2477824731329014e-07 0.0 9.379571834825058e-06 4.6210460703671594e-07 2.1580335233364524e-07 6.571214082407009e-08 0.0 7.422258562288886e-08 0.0 7.558163773137812e-07 0.0 0.0 1.4127324175655216e-05 2.358050424029122e-05 2.44895555194024e-05 1.3202373903277579e-05 5.880450077924965e-06 2.2748974563867672e-06 1.0295953240526685e-05 5.14280995902136e-07 2.032544246177138e-06 1.5527729948313373e-06 0.0 6.463341336765575e-08 2.932804726320241e-07 0.0 0.0 8.661380895310841e-08 0.0 1.0185225202198052e-07 0.0 8.165360931157909e-08 0.0 0.0 2.1120762565694767e-06 3.616836430403343e-07 0.0 0.0 3.0918214679629306e-06 8.336344357919844e-08 9.289190637584936e-08 5.661752448089524e-07 1.2749194398374874e-07 4.11393089367675e-07 0.0 9.161695904227741e-07 4.34360325430295e-07 3.1026185348513153e-07 1.9520132047125687e-06 2.987708303314577e-07 5.767161247186581e-07 1.3244954094799091e-06 7.675406673563868e-07 1.5891715215549674e-06 0.0 0.0 0.0 0.0 0.0 0.0 0.0 0.0 0.0 0.0 0.0 0.0 0.0 0.0 0.0 0.0 0.0 0.0 0.0 3.812142160517177e-07 5.453844136882894e-07 0.0 0.0 0.0 4.0892029504879396e-07 1.651095154550215e-07 2.886613808941002e-07 7.983717375081787e-08 0.0 0.0 0.0 0.0 0.0 0.0 0.0 0.0 0.0 0.0 0.0 0.0 0.0 0.0 0.0 0.0 0.0 0.0 8.044857784482164e-08 2.603005370665878e-07 0.0 0.0 7.739753460361662e-08 6.477462281562985e-07 1.8319210109660134e-07 0.0 0.0 0.0 0.0 0.0 0.0 0.0 0.0 2.844694248789323e-07 0.0 0.0 0.0 0.0 6.486808896397093e-07 0.0 2.9289528082109274e-07 1.5477215649678018e-07 9.842150716519917e-08 8.373766237871469e-08 0.0 0.0 0.0 0.0 0.0 0.0 0.0 0.0 0.0 0.0 8.747677837343867e-07 2.1773944316010602e-07 4.5237710989985855e-07
3.505049568052317e-05 0.00010298784529843659 9.852473169302597e-07 0.00023854562654946053 3.884508617352404e-07 0.0 6.587223506820624e-06 1.0619840725781523e-06 8.452178181997744e-07 0.00021406273978734932 3.8854888828778766e-07 6.669322102369157e-05 3.174119744277898e-05 3.229214839062724e-06 0.0 0.0 0.0 0.0 0.0 0.0 0.0 1.0464629951379226e-06 0.0 0.0 0.0 0.0 0.0 0.0 0.0 0.0 2.302889250610793e-06 9.718712086360033e-07 1.3676921469880584e-05 0.0 0.0 0.0 8.938168857993077e-06 1.3869186723903416e-06 4.600594930325494e-06 5.887328045603887e-07 0.0 0.0 0.0 1.0682073123231123e-07 0.0 0.0 1.525904606004286e-07 0.0 0.0 0.0 0.0 7.973301928425634e-06 2.387135523506503e-06 2.187705298890855e-07 0.0 7.762991376338012e-07 4.79133344957165e-05 1.9351856378809384e-06 8.417070153733616e-08 0.0 0.0 4.5994634925660966e-06 0.0 1.3564727497737119e-07 0.0 0.0 0.0 0.0 0.0 0.0 2.1825575072436853e-05 0.00011788306162464035 3.852522488318456e-06 9.707090434929245e-08 9.91078642326697e-07 0.0 3.6967464451734476e-07 0.0 0.0 2.3955216640838783e-06 0.0 1.2369317893510996e-06 0.0 1.4263129050232312e-07 9.066711539767942e-08 1.0445606572060232e-07 0.0 7.940925434695078e-07 1.330178093740547e-06 4.42425890254005e-06 0.0 6.607477634448867e-07 0.0 0.0 2.7915684177129433e-07 0.00010554839475228521 0.00021576318627842799 2.239510076799552e-05 2.525284510783343e-05 0.000270187040710006 0.0 5.12460730487357e-07 4.290333113736837e-06 1.0492341860019223e-06 2.467373164208554e-06 1.0464351014034581e-06 1.1546884998515722e-05 1.5908357444012308e-06 3.2212769168534396e-06 1.96354338388048e-05 1.7702903212170026e-07 3.7134474570987107e-06 1.1920165432142561e-05 3.4672237366464396e-06 2.577088785424132e-06 0.0 0.0 0.0 0.0 0.0 0.0 0.0 0.0 0.0 0.0 2.6943318186774957e-07 3.9327370318276834e-07 1.551231969312293e-07 1.4605497337395038e-07 1.0862155220520813e-07 2.606059070453223e-07 7.941664913830184e-07 2.0645534428867304e-06 5.279208697108644e-07 8.894079873712351e-07 2.4765283158589525e-07 1.4400959519102882e-07 0.0 1.2554963979103951e-07 3.742997725184411e-07 7.280536105738062e-07 6.472029644707726e-07 5.553110853719552e-07 2.546131079193729e-07 1.6721796447087137e-07 0.0 0.0 1.7833695309629917e-06 0.0 1.1511681489555765e-07 0.0 4.353871321682719e-07 1.9203202403037038e-07 0.0 0.0 4.03647796270683e-07 5.94762618229215e-07 7.043396489085548e-07 7.671385769602904e-08 0.0 0.0 5.271321854378187e-07 6.506339085685145e-07 6.190871870246284e-07 0.0 0.0 9.542985248880143e-08 1.0656419742677447e-07 0.0 8.048633031718173e-08 0.0 0.0 0.0 0.0 0.0 0.0 2.428709304660948e-07 2.0925684708205334e-06 3.8308319957097705e-07 0.0 2.1380178502414085e-07 9.054147257215325e-07 1.1036253742803093e-06 1.0877627387994896e-07 1.0128853145532167e-06 0.0 1.7783352284427608e-07 1.257437447622983e-07 0.0 0.0 0.0 1.0408076216474574e-07 1.0611213444607627e-07 0.0 0.0 0.0 2.298774755053476e-07 3.2611843277868256e-06 9.98182172910747e-07 2.0015409432839684e-06
6.96788368615429e-05 0.0036012480198716287 0.00021949671351255588 0.00016999567235910154 0.00170750020044958 6.587223506820624e-06 0.0 0.0003725368350372841 0.007303280221331455 0.0029762725578091113 0.0012275497891969657 1.7004755330313973e-05 0.001772116844827247 0.0056084398925543 1.307003315010779e-05 2.1216213744345626e-06 7.111810226644057e-07 0.0 0.0 0.0 0.0 0.0 1.2970624898396258e-07 1.4346515081832992e-07 0.0 6.798816624625803e-08 0.0 0.0 0.0 0.0 8.34670552691079e-05 1.101131855211893e-05 5.34754579331103e-06 0.0 0.0 1.2612771898958233e-07 1.2458288206475727e-06 5.188335780557398e-07 1.7754756041094956e-07 0.0 0.0 0.0 7.696391248070343e-08 1.0865350528975987e-06 0.0 3.4219527959538963e-07 7.342733360033959e-05 1.3897331354392345e-06 1.4422498204858287e-07 2.153433566110027e-07 3.8206913687517474e-07 0.0 0.0 0.0 2.936705244465317e-06 3.0302261397947544e-06 8.596286526912214e-06 5.5068545358640065e-05 7.413399851670475e-06 2.066360666135823e-05 9.434304470454614e-08 1.0647720587171892e-06 0.0 2.1258984004364118e-05 1.516720199139526e-06 5.711779344301239e-07 6.270904750275338e-07 8.798664558434369e-08 1.6147415751114062e-07 7.193816994247703e-08 2.888244979925713e-06 1.1811072763617391e-07 8.3803810377588e-08 4.112922377996872e-05 6.136770821082097e-05 6.0302218921542596e-05 3.278341960883206e-05 8.434132876553655e-06 4.478370127751809e-06 5.732782219458897e-06 1.7820260270287137e-06 2.2806191512895344e-06 5.16864162333818e-06 0.0 3.309623694163466e-07 1.4602352650902415e-06 2.231404597370096e-07 0.0 8.304975270761152e-07 0.0 7.264645679832906e-08 0.0 2.1796497654805395e-07 8.014227069564353e-08 0.0 5.69215791003259e-06 6.242972274512819e-07 7.859903876744443e-08 1.5975116596083603e-07 1.545109524831301e-05 2.882698576482031e-07 7.763244928908437e-07 2.0506344989060473e-06 1.9360375479521039e-07 7.160466787805485e-07 5.871925243501224e-07 7.262406285230264e-07 1.841367393866249e-07 1.4154650316899282e-06 6.000006335625763e-06 2.6273015513140737e-07 2.134638708793386e-06 3.736546620194336e-06 1.6759649130271049e-06 3.4294626747871603e-06 8.846756160783465e-08 0.0 0.0 0.0 0.0 0.0 0.0 0.0 0.0 0.0 0.0 0.0 0.0 0.0 0.0 0.0 0.0 0.0 0.0 1.1955921532216711e-06 4.0052977117028863e-07 0.0 0.0 0.0 7.378507534952873e-07 6.387049685423353e-07 1.3387902916358024e-06 9.242812507495812e-08 0.0 0.0 0.0 0.0 1.0306310575236042e-07 1.881079142797166e-07 8.257360075686404e-08 0.0 0.0 3.8202413055599494e-07 0.0 0.0 9.476455002534531e-08 0.0 0.0 0.0 0.0 0.0 4.858859269051933e-07 7.20498777076426e-07 4.904073610553115e-07 4.831911929149474e-07 0.0 1.5408903451216396e-06 9.699049955280387e-08 0.0 0.0 6.843040000624007e-08 0.0 0.0 0.0 0.0 0.0 1.095715862356128e-06 1.089747326351586e-07 1.0484001043070699e-07 1.1525494053622149e-07 0.0 9.461098173438672e-07 4.6716481088180745e-07 1.036454479695276e-06 3.051894442863881e-07 8.859812716094321e-07 2.9214606839610284e-07 0.0 0.0 0.0 0.0 9.488790231775567e-08 0.0 0.0 0.0 0.0 0.0 1.0808824466426957e-06 1.1354722412621893e-06 6.118929722863892e-07
0.0001602943620298833 0.0017026524188487916 0.0023880048306342 1.2182403808928481e-05 0.0007582369246165661 1.0619840725781523e-06 0.0003725368350372841 0.0 0.0005464316281612959 0.0002077150766379543 0.0007579861325960622 6.949825657330053e-05 0.00016903762671684942 0.0012122473936170188 5.7425562091049134e-05 3.304660251321858e-05 5.669438942965295e-06 2.0592581937426523e-07 2.0886521388466325e-07 2.945438817001968e-07 1.3009059616080746e-05 5.366217445921157e-07 1.2485099597629497e-05 3.670076802894104e-06 9.266047316789037e-06 2.829176595341895e-06 7.828915797336511e-06 1.1147129713855224e-06 0.0 1.1320476064615282e-06 0.0027953056305358758 0.0005470838326568385 0.0003973432255244224 8.86015253262133e-07 1.0319706873280959e-05 2.67581934040861e-05 0.00013400256601953366 0.00015092729389360032 3.0473616925651374e-05 2.11845935471631e-05 6.1488743921204735e-06 2.014741564567827e-06 1.4305045215908367e-06 5.421642879266712e-06 2.5997581119750926e-07 1.1965796563595144e-05 0.0001726729991315274 2.67714969148778e-06 1.261857276262561e-06 4.643107512747752e-06 4.301136615370317e-06 1.508811074628323e-06 6.785930899990307e-07 1.7548120658246833e-06 2.5757383375734165e-06 2.9083123376017597e-06 1.5534339855728233e-05 0.00040350300132666023 1.2238227997228866e-05 2.283644062233951e-05 3.3750138246989554e-05 0.000129812975658703 5.785080706136605e-06 0.00035196555350080355 1.907820467546507e-06 3.288539823865732e-06 1.2354190929449145e-06 3.843087152222585e-06 7.283222744641878e-06 8.642124736136372e-06 3.779552249462857e-05 5.900047950105215e-06 1.404843437053351e-07 6.424918748428004e-05 0.00012354514549899864 0.00011846851472375055 0.00012673869871509893 0.00012634255732201362 0.0004549733343553312 0.0013259512949680048 4.5701352556550165e-05 0.00043537364738510263 6.350874611126529e-06 2.4514929512474453e-07 1.59978035739078e-06 1.5150540244697795e-06 4.405606354924242e-06 2.5828005662442925e-07 1.3041456019148757e-06 1.254013159649179e-07 2.3754228189567836e-06 6.807341776359222e-07 2.5718111536085367e-05 2.922552000494427e-06 1.8054503144753385e-06 4.159305985736551e-05 7.972566625971403e-06 1.4806839035509583e-06 9.691521384693314e-06 7.333394827741481e-05 2.208760626076178e-06 1.8645640079294242e-06 4.461935611680106e-06 4.4743071691895984e-07 3.2919929427444446e-06 1.3695762447789925e-06 2.6104578828611192e-06 6.043286785330345e-07 2.801506150959562e-06 1.4744408629441754e-05 1.3984714012073998e-06 3.665755325496046e-06 7.810177236660144e-06 3.910978878464684e-06 9.582508766758488e-06 2.0315778684845394e-07 3.3385572450628827e-07 0.0 0.0 0.0 0.0 0.0 0.0 0.0 1.015510218276468e-07 3.9975316680288274e-07 1.2318515138240654e-07 9.344340535440762e-07 0.0 0.0 2.5306961033655996e-07 3.3714213773545217e-07 1.6941182882440075e-07 0.0 3.119348864714946e-06 1.3740222699152228e-06 1.044705881728315e-07 3.7994173783019653e-07 7.046712596597115e-07 6.2336477385288485e-06 5.312752484592188e-06 1.173372552628735e-05 5.2380596681647256e-06 1.9636668158692747e-06 0.0 2.698493445790904e-07 0.0 3.649218473363613e-07 1.5163595397942637e-06 5.253688217654886e-07 0.0 8.299936393078125e-08 1.788907300631721e-06 0.0 2.581589328790581e-07 1.0160910425726885e-07 9.859744505051125e-07 8.442200268490766e-07 0.0 3.5801549151022054e-07 2.498784564243812e-07 1.799789059686892e-06 4.56196480891386e-06 1.1936860001943434e-06 1.8177507208240616e-06 1.9603846678725234e-06 1.0743773975315397e-05 1.1974744711266918e-06 1.9497515246395344e-07 3.031861354633033e-07 4.034360252675966e-07 3.145460359271088e-07 0.0 1.7180694130658614e-07 0.0 0.0 5.235383810410659e-06 1.291298817818207e-06 1.3031195626235613e-07 2.8606615669466273e-07 1.9665597872358847e-07 4.907008924313472e-06 4.1585231015892435e-06 4.199079078745407e-06 1.9977811482913374e-06 8.229993518044545e-07 7.147243460431428e-07 1.4072557285339048e-07 0.0 6.523061231910807e-08 0.0 8.893553434819043e-08 0.0 3.405398159720919e-07 0.0 1.0943946586508319e-07 0.0 4.38650313901446e-06 9.577081826718839e-06 1.326146131168347e-05
3.39251822045257e-06 0.0013125810617731222 0.00024364121770698762 0.0004182724400445177 0.002910721494343111 8.452178181997744e-07 0.007303280221331455 0.0005464316281612959 0.0 0.0006898918223958387 0.000696577633311131 2.7399512731339377e-05 0.001167877459643187 0.0014213468088823734 6.978390738638558e-06 2.213790058261821e-06 1.2986660106066012e-07 0.0 0.0 0.0 0.0 0.0 1.2337541174105792e-07 0.0 0.0 0.0 0.0 0.0 0.0 0.0 1.0264560709348317e-05 1.744964780594819e-06 1.8277466501414427e-05 0.0 1.0861402532447961e-07 0.0 5.881586725466515e-06 5.798857015727482e-07 4.6270106805868513e-07 1.457511973228996e-07 0.0 0.0 7.661271708106277e-08 3.678922422643483e-07 0.0 1.1048086146894288e-07 2.522275452040084e-05 7.852731792511404e-07 1.3047195413290177e-07 1.9348198905118895e-07 0.0 1.9544487409718436e-07 0.0 0.0 0.0 3.1876522891950126e-07 1.1405549371979284e-06 3.7307657248987804e-06 1.4112318918303033e-06 3.978317349456056e-06 7.993476418704051e-07 4.695871972376917e-07 0.0 3.857850103049667e-06 3.128915611293186e-07 0.0 0.0 1.0310738890064672e-07 1.8928574566572358e-07 0.0 1.8952961143582254e-06 2.8028818359986027e-07 0.0 3.935757436236746e-06 1.0246514274872114e-05 1.688067911432203e-05 1.2002018533310618e-05 4.380272542112552e-06 8.605961343263267e-06 4.399240972250511e-05 1.0505875265362117e-06 5.217003772773699e-06 3.0997734477288694e-07 0.0 0.0 0.0 3.2554998134610696e-07 8.3599573634525e-08 0.0 0.0 0.0 0.0 2.5851854805410205e-07 1.2497350872633235e-07 0.0 5.700911369768814e-06 1.4686274345514943e-06 0.0 1.2108451703978365e-07 6.579455426461192e-07 3.4594627108928656e-07 7.167546483267227e-07 9.579916258139548e-07 2.252603245219645e-07 1.5480114015309147e-06 2.7004184086407573e-07 1.1259319937316916e-06 3.260738227276352e-07 2.2678415407026206e-06 5.649102676406278e-06 5.479726201783417e-07 2.334249076754471e-06 6.543041919769053e-06 2.5275489300506185e-06 4.843665116510641e-06 0.0 0.0 0.0 0.0 0.0 0.0 0.0 1.2943029287442813e-07 0.0 0.0 0.0 0.0 0.0 0.0 0.0 0.0 0.0 0.0 0.0 1.0711904881897487e-06 6.547046596660682e-07 0.0 0.0 0.0 1.0482684429286794e-06 1.7154930798611938e-07 8.994833666043537e-07 0.0 1.2238893284933734e-07 0.0 0.0 0.0 0.0 0.0 0.0 0.0 2.604019211982836e-07 0.0 0.0 0.0 0.0 0.0 0.0 0.0 6.400102255914999e-08 9.037295456779466e-08 6.67604928891678e-07 1.1902507613470098e-06 0.0 0.0 0.0 1.2533263391619932e-06 1.0481031614830338e-07 0.0 6.740752643240852e-08 0.0 0.0 0.0 0.0 0.0 0.0 7.207590005293788e-07 0.0 0.0 0.0 0.0 9.320676981738508e-07 0.0 1.7776697636348177e-07 4.595157585480133e-07 3.6755194608317445e-07 1.895140610478232e-07 0.0 0.0 0.0 0.0 9.703104877790526e-08 0.0 0.0 0.0 0.0 0.0 3.1755178653249445e-06 9.254139356098066e-07 6.063983862510168e-07
0.0002914905203494512 0.000857438886554525 0.00025386560076824655 0.0008823239937875626 0.00122054546236223 0.00021406273978734932 0.0029762725578091113 0.0002077150766379543 0.0006898918223958387 0.0 0.00039116598939557975 0.0005963673213953603 0.004775664798336825 0.0018507172525202961 5.341633503029626e-05 1.2192505082107167e-05 6.845748939756805e-06 0.0 8.932051215957161e-08 8.499316822212247e-08 1.3476464490182022e-06 0.0 9.084178183049197e-07 2.0920154738451245e-07 1.8478451897657312e-06 1.1389942310995674e-07 6.541846997936215e-07 2.6054132345695343e-07 0.0 0.0 0.00023265759013582852 3.124792158009871e-05 0.0005020968177712824 3.1271223688560806e-07 2.7423604018487265e-07 1.013708408478064e-06 0.0001439653672841436 1.682861521542703e-05 1.0345450569024087e-05 2.34711449357059e-06 6.548904481720514e-07 4.63253024553523e-07 0.0 1.9962979395473015e-06 0.0 2.0728909243939836e-07 0.00024136845951186234 2.808954346267327e-06 8.799096320974985e-07 2.0935435782189183e-07 5.110723309233211e-07 0.0 4.6391492516206165e-07 5.561992499186301e-07 5.7954919096982304e-06 6.338393330882181e-06 3.0127022265442387e-05 0.00014783944385880575 1.80673450068604e-05 4.249370028264092e-05 1.0701174427903547e-06 2.5160966887809343e-05 4.6224804576965877e-07 6.762925124084569e-05 3.404590104798939e-06 1.3049891217278175e-06 9.038416519250331e-07 8.320047406662397e-07 5.268773710079777e-07 6.259051462779776e-07 0.0001948131939959432 7.567248887900961e-06 0.0 9.222712775377479e-05 0.00013557034596157574 0.00013762832294739104 7.693229254179622e-05 1.8815410859157153e-05 1.531308809698628e-05 0.00013070206049199491 2.646981119667408e-06 2.217062182962401e-05 9.478448607584912e-06 9.123275310513565e-08 1.5240162665946824e-06 2.9664184621394953e-06 4.441652756457082e-07 1.1302362626142018e-07 4.5122154184635947e-07 8.723709371179157e-08 7.620683667914068e-07 4.648855090527142e-07 8.686739104071245e-07 2.4824714523306835e-07 2.93193943020825e-07 0.0006667660825042219 7.115286694349547e-05 3.646838060436733e-07 2.1019524152934086e-05 0.00040006179037912223 3.2214979636301306e-05 8.047182239478405e-05 0.00013577069329971162 1.8401815935797523e-05 0.00011280756695824526 2.31423995352152e-05 0.00018620829053362845 3.470373272073695e-05 0.00015707186649628136 0.0005588724808429766 2.5918231060631262e-05 0.00020406067077859922 0.00042881961365147527 0.00016273255314543903 0.0002280254785139995 8.058951794853438e-07 0.0 8.807065147671025e-08 0.0 3.329492962049045e-07 9.971623396063864e-08 0.0 0.0 0.0 0.0 0.0 0.0 0.0 0.0 0.0 0.0 0.0 0.0 0.0 7.066842349162684e-05 1.817739668116262e-05 0.0 0.0 6.934032166579737e-07 3.253198787725921e-05 7.169831149843663e-06 4.130235894268999e-05 6.455744183012333e-06 4.0795700928073013e-07 0.0 0.0 1.1062629261149025e-07 3.046074503719369e-06 1.4532706202142234e-06 2.1370105764968505e-07 1.2161451275320165e-07 3.7973360703325073e-06 5.7537302664559536e-06 3.786784542100359e-07 3.122708000894678e-07 1.6491754826547548e-06 5.885638260880326e-07 3.3222438379779615e-07 4.219852996522315e-07 6.941466806122896e-07 1.0706297503340612e-06 2.2425463540717986e-05 4.8447176895323834e-05 4.725413857583688e-06 5.154915234676842e-06 2.799296767949002e-06 5.8089617652919606e-05 1.3751936119493546e-05 2.6572480801529526e-06 1.3110145262679815e-06 6.620872382841869e-07 2.9266439744439175e-07 1.951226719469383e-07 3.5465062899769853e-07 3.3528243736909145e-07 1.1872709799559961e-07 4.072276308505965e-05 1.4385577888197089e-05 1.9436865191136553e-06 1.4832611296503004e-06 2.487474983191466e-07 5.0813259881018455e-05 1.2818069474687693e-05 2.4847334179824283e-05 1.8581649299196312e-05 1.6165721922009757e-05 5.663300572490196e-06 2.449564704611391e-06 1.1870924452968326e-06 4.907903353881458e-07 3.4469877178077136e-07 5.873258386905558e-07 1.7641594554847482e-07 4.4374240884501254e-07 2.12856807286555e-07 0.0 1.4027577531620572e-07 0.0001256732729025147 3.206064699060471e-05 3.0058705425404318e-05
5.0369832925958563e-05 0.0013681898705657336 0.0013494898053681625 5.740360501403535e-05 0.0022740395589697744 3.8854888828778766e-07 0.0012275497891969657 0.0007579861325960622 0.000696577633311131 0.00039116598939557975 0.0 0.00015077235711241513 0.0006962882801656221 0.0019394799503679647 1.504234670635143e-05 8.89903659032672e-06 1.1671928632680847e-06 0.0 8.645580349216737e-08 1.229758967188578e-07 2.3612838760592778e-07 0.0 1.0829992785374744e-06 2.6031128869915803e-07 1.0411890647766145e-06 0.0 4.6238240796995843e-07 1.7623975750506797e-07 0.0 0.0 0.0003869774540820483 2.3974107738918625e-05 0.0005052966856639699 4.0170764683206466e-07 3.4418115852408133e-07 1.8414668224848141e-06 8.53245962398013e-05 1.92920071836601e-05 4.9669115160401524e-06 3.4311613810781725e-06 1.2510939106136722e-07 0.0 0.0 3.0700116152603374e-06 0.0 1.0218075166243614e-06 3.55770000207981e-05 7.232526044596859e-07 9.879244217851522e-08 3.5752310806256073e-07 3.096944595055053e-07 0.0 0.0 0.0 2.58843037785746e-07 8.32097712401827e-07 2.735235788619342e-06 2.2397236675367444e-05 2.301302635808277e-06 4.460959330973843e-06 1.9791970657729805e-06 5.085024256010027e-05 2.0489652581392993e-07 1.3629244192798413e-05 2.8148527494537863e-07 2.1196954301384965e-07 4.5040491956308004e-07 4.663352600739825e-07 9.315896600753443e-07 4.645495592761962e-07 2.794851775176117e-05 1.2166465801330252e-06 0.0 8.792632383391197e-06 1.711067470282045e-05 3.2753725053394504e-05 2.2314336164470223e-05 1.0461584457367738e-05 4.2270967300185236e-05 0.0008906364218361736 2.111349189408277e-06 0.000244924209888751 5.376517834612291e-07 0.0 8.50029310291851e-08 3.714166229932519e-07 4.108796527918597e-07 0.0 8.669625781426543e-08 0.0 2.293423438027265e-07 9.160739990375214e-08 3.1210325984167446e-06 2.0993307163979021e-07 7.401077772332831e-08 2.0828148627868433e-05 2.1204408053301728e-06 4.0691987890928333e-07 2.5769898512183204e-06 1.1432522834585447e-05 4.96656369297825e-07 1.0853757583002097e-07 5.406525368081545e-07 1.9176269452759506e-07 1.2987547982820187e-06 1.8518428932237435e-07 2.5161920993734637e-07 3.180325313563453e-07 1.5070002030558653e-06 3.97523712110379e-06 5.155334467174834e-07 1.2096500493240377e-06 2.225116028727989e-06 7.538556691597611e-07 2.9813975303743205e-06 0.0 0.0 0.0 0.0 0.0 0.0 0.0 1.2065870959009747e-07 0.0 0.0 0.0 0.0 0.0 0.0 0.0 0.0 0.0 0.0 0.0 1.0858406612539147e-06 5.009822964106664e-07 0.0 2.9516326281191393e-07 0.0 1.1599712861046087e-06 5.180591653388989e-07 2.327201193432749e-06 4.31240920401767e-07 1.1190748578020803e-07 0.0 0.0 0.0 0.0 4.50133863305314e-07 0.0 0.0 2.5902433968047135e-07 2.0132494711528132e-07 0.0 0.0 0.0 1.366628430493191e-07 1.6407803024412111e-07 0.0 0.0 0.0 1.7527025837075568e-07 1.8446960240411453e-06 0.0 2.2038928152059446e-07 0.0 3.022871093325654e-06 8.121536775010113e-08 0.0 6.639417214891015e-08 0.0 0.0 0.0 0.0 0.0 0.0 6.836128405498536e-07 0.0 0.0 0.0 0.0 1.2614721139688086e-06 3.7319245767384794e-07 8.472557432949157e-07 7.604734207650257e-07 4.094198511710303e-07 8.200344692097069e-08 0.0 0.0 0.0 0.0 0.0 0.0 1.0646380212058617e-07 0.0 0.0 0.0 1.3973055611754943e-06 9.080601955394804e-07 2.2495010856031394e-06
2.23601022484667e-05 4.026667652171652e-05 3.7531301788354774e-05 2.61464620826323e-07 7.92657718547896e-06 6.669322102369157e-05 1.7004755330313973e-05 6.949825657330053e-05 2.7399512731339377e-05 0.0005963673213953603 0.00015077235711241513 0.0 0.000765458979131866 0.00046626383117131436 1.1684584521799502e-05 1.2396017230072747e-05 2.6050341232975443e-06 0.0 0.0 0.0 0.0 0.0 0.0 4.69314414224935e-07 7.837983799514946e-06 0.0 2.737309982948582e-06 5.108077167899434e-07 5.284849208699318e-07 0.0 2.896953181708803e-05 1.6435021450089512e-05 0.00047516398285426235 0.0 2.2313627420098096e-06 4.3614891891165544e-06 0.0003911211899401719 0.00014289543582910017 2.8224241398749798e-05 4.2711940713506454e-06 0.0 0.0 0.0 1.1779467170059338e-06 0.0 2.404157210067982e-07 2.7839320747386383e-05 2.272346031991805e-07 1.0662855963629849e-07 9.527654025937349e-08 3.3095796397733194e-07 8.130882504328841e-07 1.4466354829903345e-07 2.7193917563407935e-07 1.9695677353952725e-07 7.693581729148987e-07 1.9723517514736887e-06 1.318078671341725e-05 1.0491511025214095e-06 3.817725305469827e-06 2.040225516512168e-07 9.303606780003156e-05 2.9167332863128573e-07 1.8140761293833477e-05 0.0 1.9908971443492425e-07 2.144714560301374e-07 4.156301845293298e-07 0.0 1.0106805436019253e-07 0.00021396115516021297 6.050687642461764e-06 1.1528529895516005e-07 8.004582537839291e-06 1.249405711700571e-05 1.448103674131458e-05 1.7157859913764644e-05 6.297359736247316e-06 4.365893130134358e-06 0.0001539993203662801 2.1718009261184663e-07 1.71820644730882e-05 4.2890200862902145e-07 0.0 1.2558644771366115e-07 2.5527151074216133e-07 3.695616379962887e-07 0.0 1.6005606366470125e-07 0.0 8.686528056239053e-08 0.0 3.329003567215792e-07 9.902680858237694e-08 0.0 0.0007622152834893141 6.899855166234244e-05 0.0 2.4942799275825205e-05 7.028691020013488e-05 1.201813882424979e-05 1.1922523847391541e-05 3.9851569263536146e-05 4.902507229777028e-06 3.699353745588877e-05 6.7731429952871025e-06 4.263343248434122e-05 1.3062166474990105e-05 5.428277266016317e-05 0.00016848283838810264 1.0696491874230068e-05 5.863266057946125e-05 0.00013936474907952218 5.354749951649055e-05 0.00010082807085186336 4.447508817249796e-07 4.983528249039141e-07 3.460310222904311e-07 4.161375331869087e-07 0.0 0.0 6.80595756823465e-08 1.3325971889309354e-07 0.0 0.0 0.0 0.0 0.0 0.0 0.0 0.0 0.0 1.2896659274578005e-07 0.0 2.80364465953291e-05 8.964014609383731e-06 0.0 1.1852420428419604e-07 0.0 1.8715794917192566e-05 2.6202086321559924e-06 2.1437538580244308e-05 3.194552697309519e-06 3.60667610072812e-07 0.0 9.587086128584138e-08 4.994338842174953e-07 4.752935911726246e-07 3.318598171159201e-07 0.0 0.0 2.4754011507112622e-06 2.2406181856562693e-06 0.0 2.5542958999605066e-07 1.0429661613166262e-06 6.601796684322515e-07 2.7159201670871175e-07 4.773682061216702e-07 6.79964384357646e-08 9.312286465239297e-07 8.27470506391306e-06 1.7657752273570047e-05 2.6255860940237924e-06 8.607638081393565e-07 1.6047609755411086e-06 2.587549424357694e-05 5.6879151770896835e-06 9.149527963600545e-07 6.699902564289163e-07 2.1589143897605386e-07 1.9794944365961165e-07 1.9717304591246105e-07 4.2356739832631035e-07 7.06084652895343e-08 1.0659202474758563e-07 2.2961311241558004e-05 6.7224770964187125e-06 8.062661366365444e-07 5.185733324649025e-07 0.0 2.5320253977297497e-05 1.8022230831907256e-06 7.763676071588286e-06 7.963359848774359e-06 6.5372024033553526e-06 2.309531811405282e-06 1.2420533298948337e-06 4.4960923233923874e-07 3.360919829086271e-07 9.238510378608803e-08 4.72995818968567e-07 9.148274147615654e-08 2.0546448799925815e-07 0.0 0.0 0.0 6.134202932004506e-05 1.876148307583562e-05 1.6898331405902663e-05
