0.0 0.0009251535153458361 0.00013375136847194882 0.0017388363065136195 9.738101253931659e-05 2.2462978067259933e-05 0.0009241578447715102 0.00010795123700260822 2.6865120177208735e-05 0.0008731144913066809 0.00010156744817590536 0.00029343749496304106 0.00010844066791403906 7.043930203931951e-05 3.5924175699367224e-07 2.8517516526867933e-07 2.2179309714266847e-07 8.365685427734134e-08 0.0 0.0 0.0 0.0 0.0 0.0 0.0 0.0 9.176055181363696e-08 0.0 0.0 0.0 0.0003403253966910483 2.7418384135886994e-06 1.1789509912297155e-05 9.434402685135229e-08 0.0 1.7316964780276303e-07 8.10810263973239e-06 1.760022188167162e-07 1.9313504361325817e-07 0.0 0.0 1.2878724299308563e-07 1.448248622023e-07 1.0403604413349509e-07 0.0 0.0 2.3404580664386225e-05 3.7554031018576134e-06 1.9300067027137947e-07 3.1370711196273513e-07 1.3802236037505888e-06 1.5277326446525595e-07 0.0 2.233891720647395e-07 4.3274089494644735e-06 1.3603665098282775e-05 0.0001298523191277824 0.0007651959706122026 7.282674582664155e-05 3.0081902183226528e-05 2.600544379434698e-07 9.160418984847593e-07 0.0 1.1477726289990415e-05 7.519013488248228e-06 5.289660299838791e-06 3.1677186173197116e-06 1.6891105470069513e-06 0.0 9.358865706316745e-08 1.721682514405052e-06 1.0048421035238029e-06 0.0 0.00011349945965371736 2.8542515110167617e-05 1.0240434894843965e-05 2.302446974237778e-06 6.96651379082394e-07 1.6974555711396414e-06 1.162175038763674e-05 6.688565363219005e-08 1.2511053383042342e-06 3.409679300926397e-05 1.4926722457363445e-06 1.5220600244190088e-06 7.189637056928814e-06 1.4352634316533242e-06 4.64983946998225e-07 1.8881609720157197e-06 1.7805236924922745e-07 7.967371480813875e-07 1.7489768145140494e-07 2.688255990671271e-07 2.849465651153188e-07 7.539125678465817e-08 2.6791522042158893e-05 9.813113719715359e-07 2.5660506055095056e-07 3.5492933217385995e-07 0.0005328016276089206 0.0 3.6170652244104668e-06 2.76598416186348e-07 5.783993981124964e-06 0.0 5.566733095609594e-06 6.1533599147263954e-06 3.693039078156227e-06 1.4891101249838371e-05 1.3751858007952577e-05 7.885147295918555e-07 9.058076892777851e-06 9.312546240292678e-06 4.120444097250493e-06 4.558920951340918e-06 2.575303127296581e-07 0.0 0.0 0.0 0.0 0.0 0.0 0.0 0.0 0.0 0.0 0.0 0.0 0.0 0.0 0.0 0.0 0.0 0.0 0.0 4.6230262322606615e-07 0.0 0.0 0.0 3.599294891459999e-07 2.401165332384348e-07 1.1555277271029887e-06 2.1331078082430104e-07 0.0 0.0 0.0 0.0 2.1082893694489076e-06 0.0 0.0 0.0 3.075894639243386e-07 0.0 7.475401139769254e-08 0.0 0.0 0.0 0.0 1.7534534402766014e-07 0.0 0.0 2.442660354412586e-07 8.736965625740728e-07 5.81138519252952e-07 0.0 0.0 1.5754032725883895e-06 0.0 0.0 0.0 0.0 0.0 0.0 0.0 0.0 0.0 1.6181000486553161e-06 0.0 0.0 0.0 0.0 1.0660836080776444e-06 0.0 1.4537702222726683e-06 0.0 0.0 0.0 0.0 0.0 0.0 6.994357217064789e-08 0.0 0.0 0.0 0.0 6.697294907737651e-08 0.0 6.237976045952855e-06 9.5477095027068e-07 0.0
0.0009251535153458361 0.0 0.0012266683788230421 0.00023649372307961325 0.0016059564255188612 1.5215542406319325e-05 0.0022580597112682624 0.0009547950085104558 0.0010222028880076473 0.0005787948817467781 0.0009684636306807173 0.00020981743889390568 0.0002856514649481252 0.0006299264750590026 6.565291837466788e-06 2.252267884129492e-06 1.3485603342127186e-06 5.558858260993619e-07 1.8684127779539708e-07 3.5639424377204964e-07 5.810366295887728e-07 0.0 2.3270946642205708e-07 2.5119696852617833e-07 4.7564313134009465e-07 0.0 0.0 1.6497398183047942e-07 0.0 0.0 0.001555514993433557 3.885274909796511e-05 9.412094544331396e-05 4.6844877792871413e-07 0.0 5.78624982837446e-07 2.5517006397689954e-05 1.741698823089493e-06 4.2041033306340924e-07 9.4275293406254e-07 2.3292676049432934e-07 1.4019776329521426e-07 0.0 1.6680689287465339e-06 0.0 2.552052512425448e-07 0.00010521947341870236 1.0526089169502384e-05 1.257671557950531e-06 4.5008945638838807e-07 3.414571842045174e-06 6.446708261637757e-08 6.22791357696983e-08 8.697430135052861e-08 9.045270362635522e-06 2.2389322673869143e-05 5.6753006735026494e-05 0.000827593890313986 7.429632434358547e-05 7.855398060332119e-05 5.085088082831492e-07 1.905898402281714e-06 1.1971161308273498e-07 9.633734027909269e-05 1.259654931486525e-05 1.0071907728468165e-05 8.049507233974453e-06 4.050715993987016e-06 5.736709379158752e-07 0.0 7.390548717129498e-06 0.0 1.5272426197812716e-07 0.00020433283354061527 0.00013831121405761106 9.358856371342948e-05 4.522236273375475e-05 4.551145648588292e-06 2.4745473650456006e-05 6.14935658268159e-05 2.701757383182896e-07 1.237469897713616e-05 6.464862626369671e-05 2.2130227331778647e-06 4.95158917258107e-06 1.2801006571327561e-05 2.392877825808652e-06 5.56154189285394e-07 5.021014788462767e-06 3.0680846370484255e-07 1.7697648129454317e-06 7.236685168631057e-08 4.6823415413689994e-07 5.214794257392626e-07 8.259079451714077e-08 2.010076804321766e-05 1.357863207830772e-06 0.0 4.795196754859919e-07 0.0007512271759873669 7.524289003688983e-07 1.2711197295000485e-06 4.0950544741035207e-07 2.085530597512353e-06 0.0 4.5617865670755394e-06 3.0355984026973717e-06 2.1244589118756443e-06 9.09119489702057e-06 1.0075811621683326e-05 5.733757014818293e-07 5.0055722085853e-06 5.354224442888732e-06 2.321247445994838e-06 3.106956172442935e-06 0.0 7.881762431365611e-08 1.1327449723549797e-07 0.0 0.0 0.0 0.0 0.0 0.0 0.0 0.0 0.0 0.0 0.0 0.0 0.0 0.0 0.0 0.0 0.0 1.5106242003688165e-06 0.0 2.3620580808231298e-07 2.437181734315397e-07 9.421152199561323e-07 2.70658405714698e-07 7.992031946952371e-07 0.0 0.0 0.0 0.0 0.0 4.0201515448576243e-07 0.0 0.0 0.0 0.0 9.117535559017375e-08 0.0 0.0 0.0 0.0 0.0 1.7050272650073426e-07 0.0 0.0 0.0 6.185882510343262e-07 2.750346758039722e-07 0.0 0.0 1.0091356304279268e-06 0.0 0.0 1.6670328670306274e-07 1.4360290351493275e-07 6.382553353271628e-08 0.0 1.7406375144400005e-07 6.407114252037726e-08 0.0 2.0148145828029317e-06 0.0 0.0 0.0 0.0 1.4247429953681255e-06 0.0 3.3301589575113424e-07 0.0 0.0 0.0 0.0 2.2571430456995004e-07 8.402099246937607e-08 0.0 7.436405102548389e-08 0.0 0.0 0.0 1.3754713354470334e-07 0.0 7.031787425971219e-06 1.6124418237900858e-07 4.847535459144969e-07
0.00013375136847194882 0.0012266683788230421 0.0 2.5199407781619128e-05 0.0010038089539191792 0.0 0.0002716154116648558 0.002104738308422812 0.000671585456898683 0.0003363157245198119 0.0014039159413153385 9.755391393401136e-05 0.00011110940218025904 0.00035355060095860943 6.879987968757786e-06 4.07940117642959e-06 1.1116304170882853e-05 8.573719038396015e-06 1.2790838622715538e-06 4.869759642354189e-06 1.5110251259352457e-06 0.0 3.2075140058364125e-06 5.423857573650705e-06 9.951217287154123e-07 2.819641743233268e-07 4.6964692424806073e-07 1.3703095270818462e-07 2.1492484463041514e-07 0.0 0.0020255832848557094 0.00022726118856547292 0.00013031516876435198 1.0818506057253336e-06 1.6230444706247043e-07 9.84246429201686e-07 3.795822581789301e-05 2.1600885705542917e-06 1.399425107601225e-06 1.082097038522923e-06 4.996325687827446e-07 2.436705479853174e-06 1.2763224577827124e-05 1.686770808919853e-05 1.6613635136295523e-06 1.1177603342131694e-05 2.954271833288199e-05 6.672254864072771e-06 3.3912503511129464e-06 1.693034742165586e-05 3.1389149766908607e-06 7.25434381852173e-08 0.0 7.006905120602225e-07 1.4540781567425097e-06 3.8043787654510195e-06 1.6638756872077713e-05 0.0003149959209580276 1.807764751399007e-05 1.7146295495032003e-05 6.930112113584561e-05 5.551107165469635e-05 7.087670501455722e-06 8.006160588343586e-05 2.018826988119846e-06 4.304159960907768e-06 1.670454980575598e-06 1.0027203753713961e-05 2.0021882063985366e-05 5.430601359845651e-06 1.2975381541828403e-05 4.116323399987928e-07 0.0 5.069349375953039e-05 5.365569566175973e-05 2.5440189459704053e-05 2.614643642059428e-05 4.561035024452618e-05 0.00018598549431214902 0.0002755578146243691 6.833753197496182e-05 0.0005476436094829439 1.6421959422258004e-05 3.8595915579296985e-07 3.350862082214656e-06 1.5329777217368165e-06 9.625866751039202e-06 0.0 8.811705994561931e-07 0.0 1.0047077869964017e-06 1.8626959631584774e-07 4.594660325878065e-06 8.81735377976686e-07 1.3775405684422858e-06 3.055852864179439e-05 1.625042513658873e-05 0.0 1.9604621674710877e-06 7.466821867413927e-05 3.3579243348632715e-07 0.0 2.605848934175434e-07 7.069552882907706e-07 2.636910261422501e-07 3.956731531762233e-06 3.180584106686409e-06 2.8388210823357404e-06 9.595688192945045e-06 7.87517460801412e-06 5.464952025202999e-07 6.1149864789608346e-06 1.405675149707129e-05 3.852693428103916e-06 1.3912141251558998e-05 1.16617430573259e-06 7.339575477801003e-07 0.0 0.0 0.0 0.0 0.0 0.0 0.0 0.0 1.1528439461046639e-07 0.0 0.0 0.0 0.0 0.0 0.0 0.0 0.0 8.404191156011324e-07 1.7713988186332643e-06 0.0 1.1735874801053346e-07 0.0 4.0023064724615715e-06 7.338915293568614e-07 6.3014435985625725e-06 9.440237176917928e-07 2.041837622187528e-07 0.0 0.0 0.0 6.308922500184356e-07 1.1376288442946202e-06 0.0 2.2096144681618651e-07 0.0 3.758140288465099e-07 0.0 0.0 0.0 0.0 0.0 0.0 0.0 0.0 5.958855762928189e-07 4.2805715697623145e-07 0.0 0.0 1.3901036911579704e-07 6.951543076490284e-06 0.0 0.0 2.2380080716024047e-07 9.826311793933468e-08 8.385394370093513e-08 2.209051507704663e-07 8.270671025553432e-08 9.275905205788743e-08 0.0 9.175113247033935e-06 0.0 0.0 0.0 1.8341375977322303e-07 3.978707833404678e-06 1.9308468112956635e-06 3.3074918415311473e-06 5.076604829074241e-07 1.1694321118076744e-06 1.1424067714367263e-07 2.1572478537645797e-07 3.830723340544984e-07 3.764857961305674e-07 0.0 0.0 0.0 0.0 1.5703675071422694e-07 1.1289185172730994e-07 0.0 1.617382025153952e-05 3.0699103844971266e-06 1.0193361941011293e-06
0.0017388363065136195 0.00023649372307961325 2.5199407781619128e-05 0.0 6.412819732699983e-05 0.00044312097984200216 0.000900143692441554 9.31085843839615e-06 8.682276698256693e-06 0.0008726353378076063 1.1048923091453075e-05 0.0011594238293772142 0.0003000857793159941 5.778365066848845e-05 2.179620102604834e-06 3.8368489355084667e-07 3.7023938517997783e-07 7.202967196400639e-08 8.046113932471552e-08 0.0 7.004141380328163e-08 0.0 0.0 7.424645073782267e-07 0.0 0.0 0.0 7.833678208234795e-08 0.0 0.0 0.00013034104031630711 1.1324764174200846e-06 5.50834578708033e-07 0.0 0.0 0.0 2.4872378459355133e-07 1.9841770347460024e-07 1.1198034155042768e-07 0.0 0.0 0.0 0.0 7.326904428882871e-08 0.0 1.5899182921989877e-07 2.8245542581919062e-05 3.696890027379862e-06 2.460359058510129e-07 1.7541614907065628e-07 9.034808352938962e-07 3.247510084394239e-07 0.0 0.0 3.3786305275483874e-06 9.306716258159156e-06 4.024113583429761e-05 0.00028761994125221004 4.1983873779983e-05 2.5266979899730614e-05 6.784427721481327e-08 8.602841060256817e-07 0.0 1.0815189384277404e-05 4.5876951975793015e-06 4.641498426413912e-06 3.390481487886278e-06 1.11654617757397e-06 0.0 0.0 1.156070603642278e-06 1.7579853891369406e-07 0.0 7.646876960500116e-05 3.236482634998701e-05 1.59449230507835e-05 6.594423418363486e-06 2.0897226395554523e-07 3.198089655762948e-07 1.6978988376956747e-06 8.375305539192774e-08 1.6639670157707024e-07 2.8612638727418504e-05 8.568730073876007e-07 1.362377260130594e-06 5.082818188202352e-06 9.709490716835688e-07 5.235602772952316e-07 1.5663997047413575e-06 0.0 8.298992474607127e-07 0.0 1.571029466827092e-07 0.0 1.0152825308205957e-07 2.4523348479792232e-05 1.88711924305565e-06 0.0 0.0 0.0006402409563302701 1.8425179462665114e-07 7.1079393220868805e-06 2.1692265472522513e-06 1.0494753236578533e-05 0.0 1.2047599599070095e-05 6.801125595941029e-06 5.995442923103522e-06 1.4028026437967087e-05 1.4701311080487474e-05 8.704036522534985e-07 1.0109629161286139e-05 7.49029880488804e-06 4.03376344863044e-06 4.3745582122426835e-06 0.0 0.0 0.0 0.0 0.0 0.0 0.0 0.0 0.0 0.0 1.2351755813811814e-07 0.0 0.0 0.0 0.0 0.0 0.0 0.0 4.871595467270895e-07 0.0 3.1693549808083738e-06 0.0 2.2789647764531983e-07 0.0 8.226713664056023e-07 3.480595811797539e-07 2.1907753554580715e-06 0.0 1.310852039742738e-07 0.0 0.0 0.0 5.702037349809366e-07 0.0 0.0 0.0 4.1211020657182454e-07 0.0 0.0 0.0 0.0 0.0 0.0 7.34401268851956e-08 0.0 0.0 8.977149540949869e-07 7.08741705917193e-07 1.1016197643294023e-06 0.0 0.0 2.5474843798445405e-06 0.0 0.0 7.665422842320932e-08 0.0 0.0 0.0 0.0 5.7653620566181974e-08 0.0 2.1982045302081347e-06 0.0 0.0 0.0 0.0 7.662819744982935e-07 5.240814009913216e-07 1.2182845519004757e-06 1.7864291313541642e-07 1.3265175241221633e-06 0.0 7.93317811344021e-08 0.0 0.0 8.899257175916731e-08 0.0 0.0 6.844014745829889e-08 0.0 0.0 0.0 4.35982363308251e-06 9.254345105705454e-07 3.022549537501666e-07
9.738101253931659e-05 0.0016059564255188612 0.0010038089539191792 6.412819732699983e-05 0.0 3.267244792119314e-06 0.0009191881822601648 0.0006197523505854064 0.0024409690281364527 0.0006019343417410111 0.0008336651858558414 7.420201873397385e-05 0.00041153247283059905 0.0007539398230370246 1.279772042548075e-05 2.5598840899183654e-06 1.0201432650641398e-06 2.7325482024973925e-07 0.0 0.0 0.0 0.0 0.0 1.2014813291952565e-07 9.785227114471365e-08 1.207523975021108e-07 0.0 0.0 0.0 0.0 0.0002167800718262343 2.0821802790026552e-05 9.224259119701112e-06 0.0 0.0 0.0 3.34838939540871e-06 1.807561631473682e-07 7.791846418389218e-08 2.1052835568884307e-07 1.2089927713092191e-07 0.0 6.271627346393539e-08 3.157589739313911e-07 0.0 1.672022669564183e-07 9.771550011469064e-05 4.3842048312061345e-06 3.886982030746044e-07 1.5068484948192586e-07 1.8730108446628849e-06 9.51691151056448e-08 8.223484471172336e-08 0.0 2.0297265651701316e-06 6.8191099809876276e-06 1.05967142988018e-05 9.237802382352355e-05 1.6392441559726542e-05 4.752907953260668e-05 0.0 7.4609669600588e-07 2.5133642676382284e-07 5.972530075274357e-05 3.3534630206024944e-06 3.6707733387073802e-06 3.045615714823237e-06 1.4643657601957487e-06 3.9863793148008783e-07 8.307994586583164e-08 6.106194736792583e-07 2.4229121035363586e-07 0.0 8.235275372925711e-05 8.151571682923389e-05 0.0001026009556620262 5.9243250215977246e-05 1.880704973730311e-06 9.009396302276868e-08 5.396958844343602e-06 9.760855123844047e-08 1.3419242540641195e-06 2.3271685926394857e-05 9.46981461653121e-07 1.2684412109427324e-06 3.849148098160151e-06 1.6578193767898216e-06 0.0 1.922090446792576e-06 2.2341709638059316e-07 1.0272714544651817e-06 0.0 0.0 6.228763663594367e-08 0.0 3.234826201085565e-05 1.5632493135384205e-06 7.075981867182804e-08 7.391691398314863e-08 1.690275434841157e-05 2.0033865778452518e-07 9.439059341774406e-07 7.214013706343308e-07 1.7396551139984053e-06 3.515280908476826e-07 8.681223379143145e-06 4.220113806726523e-06 5.268204603460326e-06 1.4744213773527485e-05 1.6015005875239316e-05 1.283763479061584e-06 8.01103878309653e-06 9.532257321182582e-06 6.384996709603395e-06 6.17302075652848e-06 0.0 0.0 0.0 2.2774479719313202e-07 0.0 0.0 0.0 0.0 0.0 0.0 0.0 0.0 0.0 0.0 0.0 0.0 0.0 0.0 0.0 1.301879769571181e-06 6.396859806934111e-07 0.0 0.0 7.562368836436735e-07 2.157075144853785e-06 5.060308235271456e-07 1.5888593271467058e-06 9.222130870667013e-07 7.232962542007412e-07 0.0 0.0 0.0 0.0 2.0543755831913443e-07 0.0 0.0 3.3962484698656947e-07 0.0 0.0 1.825858378968488e-07 0.0 1.0144513350099365e-07 0.0 0.0 0.0 0.0 1.6206690573066138e-07 3.532074842014918e-07 3.213430559030528e-07 0.0 1.2144125884218534e-07 3.413587453096854e-06 0.0 0.0 0.0 1.4981183111377359e-07 0.0 0.0 0.0 0.0 0.0 4.672456773869007e-06 0.0 0.0 0.0 0.0 2.58608854630638e-06 3.149629036716505e-07 1.0866891326098553e-06 4.097096954581525e-07 0.0 8.556596134827664e-07 5.46745704654864e-07 0.0 0.0 0.0 0.0 0.0 7.36065719998096e-08 9.441977475391972e-08 7.153593994804044e-08 0.0 9.741601705764299e-06 9.473824617885531e-07 5.939520375760546e-07
2.2462978067259933e-05 1.5215542406319325e-05 0.0 0.00044312097984200216 3.267244792119314e-06 0.0 2.7074640601450014e-05 0.0 9.591432341141537e-06 0.0005383053590377405 1.6275005011390427e-06 8.238196977907872e-05 3.106808815572511e-05 1.340944531004792e-05 1.596325900026801e-07 2.396816610215012e-07 1.9686439565071608e-07 0.0 0.0 5.732300149570526e-07 0.0 5.9273766220111574e-06 0.0 0.0 1.0061941744672107e-06 0.0 0.0 0.0 3.473372419086176e-07 5.024525837970972e-07 3.809471743076315e-06 4.71888241194852e-07 1.926854205114093e-05 0.0 0.0 1.215819684187041e-06 4.815412872961079e-06 1.7869840951736121e-06 2.8731017096455423e-06 5.467970223319644e-07 0.0 1.5872926821241512e-07 0.0 2.429763467945077e-07 0.0 8.140723531497712e-07 1.5655719817156554e-06 0.0 0.0 0.0 0.0 3.3597884995517005e-05 3.0710256384933177e-07 2.240225540672126e-07 0.0 2.3224022854784582e-07 0.00012165355799862106 2.8042426960290765e-05 2.4772148992338093e-05 1.4390002192855675e-07 4.5145822084574535e-06 2.634549514761862e-05 2.1937405456669e-06 0.0 0.0 9.857266451998407e-08 0.0 0.0 2.029681454474734e-07 0.0 2.6976614009283695e-05 6.644815455526309e-05 3.038609818585725e-06 8.937988315634711e-08 7.723726711687693e-07 0.0 0.0 4.115611230508324e-07 5.8367714636223e-07 1.5709722972587743e-06 9.673649729604952e-07 7.465592759334705e-06 0.0 4.280352763004569e-07 0.0 1.002777380177728e-07 2.2737796741521007e-07 1.9265216529310085e-06 1.1228196180123869e-06 1.242804604607918e-05 2.9346986810817406e-06 5.728328476683312e-06 2.454960404790486e-07 1.1868280941637179e-07 2.5965631262061595e-06 9.781828204669315e-05 5.9526601071913697e-05 1.105803613724798e-05 1.0101649099155416e-05 0.0003693805469811075 0.0 4.222290923313366e-06 1.9404938599186044e-06 7.109826684836788e-06 0.0 5.535576128290909e-06 1.1666276753231433e-05 5.4565920020481614e-06 2.604468639219801e-05 2.720095217487706e-05 8.472863241473555e-07 1.136794997378389e-05 1.1048851636594486e-05 7.672489419971671e-06 7.234265120438821e-06 0.0 0.0 0.0 4.676580340262701e-07 0.0 0.0 0.0 0.0 0.0 0.0 0.0 0.0 0.0 1.2255077457611647e-07 2.697740883672673e-07 0.0 1.2597519052780099e-06 7.837695844034575e-07 1.9714285761018254e-07 0.0 6.9969049202869e-07 0.0 0.0 0.0 1.731731418931496e-06 3.2439296502049855e-06 2.4283726779350268e-06 1.6374302230946178e-06 2.895645310950934e-07 0.0 0.0 0.0 0.0 0.0 0.0 0.0 0.0 0.0 0.0 0.0 0.0 1.0427687786429436e-06 1.2528835178313708e-07 0.0 0.0 0.0 0.0 4.4366192798428494e-07 2.7892898867781086e-07 0.0 0.0 5.3443501576599e-06 0.0 0.0 0.0 2.8141597142674095e-07 0.0 0.0 5.852804367229854e-07 0.0 0.0 3.7683638193909654e-06 2.6119200866655364e-06 0.0 0.0 1.0926448167755763e-07 3.5538256114858064e-06 3.676884435326302e-07 1.5653487150214014e-06 5.262725081433301e-07 0.0 3.8772494976393985e-07 0.0 0.0 0.0 0.0 0.0 0.0 0.0 1.2815837774160002e-07 1.1780562228590871e-07 1.314144864841596e-07 1.4309377719009012e-05 2.8624952278336696e-06 1.7194619205390494e-06
0.0009241578447715102 0.0022580597112682624 0.0002716154116648558 0.000900143692441554 0.0009191881822601648 2.7074640601450014e-05 0.0 0.00018925426264840764 0.0010252683774445704 0.002110795800347541 0.00038859899772050846 0.00033857406296343033 0.0013440024817357532 0.0017396898467553297 3.501022906911218e-05 1.2053373370379615e-05 1.6502092053170096e-06 6.161265223207917e-08 7.573830092067566e-08 0.0 9.90902586166388e-08 0.0 1.0955741712525145e-07 3.682426474584369e-07 3.4965738894339874e-07 9.51292739530662e-08 0.0 0.0 0.0 7.33966567078456e-08 0.00021994349658996664 1.7699557223742003e-05 2.752575022570413e-05 1.0422015855071429e-07 4.705266538264067e-07 2.2449246661334817e-07 9.196552822304316e-06 7.215691508891738e-07 3.606820182102932e-07 6.138698796686057e-07 0.0 1.091844797909627e-07 0.0 1.7488892278946638e-06 2.696766799450271e-07 1.0793307202919293e-06 0.00017813512049848275 8.334732310761905e-06 1.0187151053312968e-06 4.437031326843315e-07 2.9324533232052133e-06 0.0 0.0 0.0 5.840836177318771e-06 1.573638950112396e-05 2.4015387657800462e-05 0.00020542487569426643 4.47016061408624e-05 8.829893631272425e-05 0.0 1.964904967313902e-06 1.3889698872347663e-07 8.521805470456939e-05 1.1628689019083408e-05 8.849336506460857e-06 6.429294286846766e-06 3.608448719397274e-06 2.364307508036632e-07 7.105229960369911e-08 2.6886604387353267e-06 1.8135573343372254e-07 0.0 0.00015833633457524 0.00014970552315809703 0.00019539641592158555 0.00011379244617407578 6.667516891712199e-06 1.7818003138091242e-06 5.0240152391569e-06 7.451791173325844e-08 2.592417714645739e-06 5.231096225489924e-05 2.198724794585248e-06 3.8429642612550824e-06 8.034174021966809e-06 2.0235482321676022e-06 5.11661315825385e-07 5.3431217327747745e-06 7.222923991919552e-08 1.4569864543536009e-06 5.638896153763927e-07 1.3309351054386298e-07 2.567526716661637e-07 1.4861499862922682e-07 0.0003947228538946519 4.82461181869556e-06 0.0 4.67866564465337e-07 8.318577829143061e-05 1.9465234810254113e-06 1.242792331970526e-05 3.009300330963692e-05 3.509493890871801e-05 2.659647110072423e-06 3.260769141852488e-05 4.787052898009968e-05 3.9619945906287225e-05 0.00011908983368321168 0.00011902740020381118 4.380439100148341e-06 5.9111010644789693e-05 6.788111919502349e-05 3.6234534783864076e-05 4.5885281439860585e-05 0.0 6.793881792628506e-07 0.0 1.385013540052947e-07 0.0 0.0 0.0 0.0 0.0 0.0 0.0 0.0 2.414028414237548e-07 0.0 0.0 0.0 0.0 0.0 0.0 2.602295834851826e-06 6.348022507899652e-06 0.0 2.503167205157222e-07 1.186006130705706e-07 1.1353648541100887e-05 3.112665793105173e-06 1.0977937864891356e-05 1.3273910183115671e-06 1.2366461815289635e-06 0.0 0.0 0.0 1.9961216821578348e-06 8.135388296938948e-07 0.0 0.0 1.5371141495079293e-06 2.5956264188083596e-06 1.1769572178035547e-07 3.411827283759189e-07 1.1264449569445573e-07 0.0 0.0 3.24425291038022e-07 0.0 1.7666926339730385e-07 2.2115257853159884e-06 3.849936590788911e-06 6.161336454359497e-07 3.178372049195701e-07 1.971088761608112e-06 1.554449191234689e-05 1.7747011956662074e-06 6.71877149053853e-07 1.0243043148095825e-06 3.4963743995987047e-07 5.5979308557233614e-08 0.0 2.4798116255382975e-07 8.096622713443783e-08 1.5152855868132725e-07 2.171805288223602e-05 6.069305735500157e-07 1.0481536122408541e-07 0.0 0.0 1.2142993642693467e-05 6.056018299210232e-06 9.491930063931672e-06 9.02886186561684e-07 3.468194304965853e-06 3.562064200796091e-06 9.63815587883374e-07 8.170878951895773e-07 0.0 1.055979877580094e-07 0.0 0.0 8.176878844827057e-08 1.413751865337722e-07 0.0 0.0 6.551263219384154e-05 3.555295437536328e-06 1.9732572992088025e-06
0.00010795123700260822 0.0009547950085104558 0.002104738308422812 9.31085843839615e-06 0.0006197523505854064 0.0 0.00018925426264840764 0.0 0.0007078905991602984 0.00017214545050512424 0.0011250837625192444 0.0001400837687738976 0.0002879234582614653 0.0016275449470056246 1.994158175224377e-05 1.3864387866234391e-05 5.637794613362321e-06 2.8962226596746465e-06 7.222618898173603e-07 2.7719881667425967e-06 1.3553720634213404e-06 0.0 1.2007767586520629e-06 1.0516265889471024e-06 8.924800965149295e-07 8.768495104285117e-07 7.673260967682418e-07 0.0 0.0 0.0 0.0012477406401212154 0.0004086435420605906 0.00034327135715212913 0.0 4.21873881114131e-07 2.432449791391285e-06 3.4937544624494796e-05 1.9318777810139945e-06 2.6647554347085424e-06 6.562385237188222e-07 1.304610415411906e-06 5.107086364575048e-07 4.251110734762969e-06 1.718329438972817e-05 1.1506375132472604e-06 5.210606021919542e-06 5.092035910411576e-05 2.6234892187861482e-06 1.9112881929428156e-06 5.043509429891889e-06 1.392828669754532e-06 0.0 0.0 4.334605618065826e-07 7.36383291623739e-07 3.523949831947627e-06 1.0228344724248986e-05 0.00015782619031249977 1.1193474871316781e-05 2.3229031434503056e-05 2.5161273176163848e-05 7.807090792438601e-05 2.5060657235763164e-06 0.00011897435257557358 1.2914275532702371e-06 3.5307481209813364e-06 1.8775696951784767e-06 5.027509350848901e-06 6.098780106548845e-06 2.0396944096403307e-06 1.5995979743478124e-05 2.8583837487201343e-07 0.0 5.266607047455836e-05 6.667120678196525e-05 7.674671674717852e-05 0.00010864593423352202 8.362868414654755e-05 0.00030274339113972175 0.000524689946289146 3.672558034855124e-05 0.0006015304746120933 9.836765906417607e-06 2.7999979954872e-07 1.7627325015266336e-06 2.206080078555988e-06 4.238425034811366e-06 1.648831567858577e-07 6.505961429910968e-07 7.10721420600814e-08 7.89093818258952e-07 3.367799259254979e-07 3.288906100093048e-06 3.6009298842993843e-06 2.2930733026785385e-07 3.512426995104276e-05 1.1615037593739455e-05 0.0 1.2747228326659573e-06 4.370582945129566e-05 0.0 1.4702857506657729e-06 0.0 1.1481602315704202e-07 0.0 8.326025229267431e-07 2.0330974959723858e-06 2.610300881149179e-06 6.740501146329093e-06 5.5484904710067315e-06 4.82821988602647e-07 2.903573359427207e-06 5.795843918802252e-06 2.556977866035715e-06 7.063801645640458e-06 0.0 0.0 0.0 0.0 0.0 0.0 0.0 0.0 0.0 0.0 0.0 0.0 0.0 0.0 0.0 1.0988285045426414e-07 0.0 0.0 0.0 2.5988371043758927e-07 1.1960562922524716e-06 0.0 1.0818517704221283e-07 0.0 2.164727579196293e-06 0.0 1.931556772112442e-06 4.076231837598297e-07 1.7040715744721374e-07 1.2696540153973593e-07 0.0 0.0 6.423337484146012e-07 1.3707359197379635e-07 0.0 0.0 2.536874666709242e-07 0.0 0.0 0.0 0.0 0.0 0.0 1.0998413646461633e-07 1.740422897749996e-07 0.0 3.1928395719028324e-07 1.3448194275308318e-06 0.0 0.0 5.343946490794915e-07 2.7297776941986596e-06 0.0 0.0 8.94546581109817e-08 0.0 0.0 0.0 1.197180473223493e-07 0.0 0.0 6.1109685732922855e-06 0.0 0.0 0.0 0.0 3.7619322926679848e-06 2.1149053017633067e-07 1.8122156746468787e-06 3.88125321389211e-07 1.231866407916328e-06 0.0 0.0 0.0 0.0 0.0 0.0 0.0 2.364048505035822e-07 0.0 1.9290407145544833e-07 2.36654628253554e-07 1.0023957644319504e-05 1.3026387044678494e-06 3.3100840588966383e-07
2.6865120177208735e-05 0.0010222028880076473 0.000671585456898683 8.682276698256693e-06 0.0024409690281364527 9.591432341141537e-06 0.0010252683774445704 0.0007078905991602984 0.0 0.0006489950795022071 0.000553392818061429 0.0002791585467090639 0.0017058009714907018 0.0017550416008637905 2.318842389012758e-05 7.35262982559382e-06 7.438726471094444e-07 0.0 6.985765447654881e-08 0.0 0.0 1.7597173784936018e-07 0.0 0.0 2.1258543038583988e-07 8.097354199845849e-08 0.0 1.5390428447904589e-07 1.0045630592159381e-07 0.0 0.00012926544598594616 1.7400687546449742e-05 3.3308865428893256e-05 0.0 0.0 3.7148237942776184e-07 1.1073818915116886e-05 2.0858461167149845e-07 3.076999680837189e-07 3.815833828303767e-07 0.0 1.3108124116444513e-07 0.0 9.220543971283112e-07 6.992859445392984e-08 1.5361193848155962e-07 7.139072559773628e-05 1.7891969729233447e-06 7.188307143631759e-07 4.2043314407625815e-07 5.975699480152481e-07 0.0 0.0 9.72159205857738e-08 1.8763287249464659e-06 3.6848712370744612e-06 4.862792031972925e-06 4.055827208349514e-05 8.362371670051102e-06 3.002374089334279e-05 3.7663484181134574e-07 1.3681059846610027e-06 0.0 3.2303854508250385e-05 2.1323622389522524e-06 2.4342757803015166e-06 1.5907125585990572e-06 6.161113315497818e-07 2.364028051823803e-07 0.0 9.548793302787707e-06 0.0 0.0 4.5542596007606006e-05 4.6118370150023975e-05 0.00010083891036356707 6.962919502424267e-05 4.035520138081337e-06 1.02530236053801e-06 1.1736491536413816e-05 2.3499430325886654e-07 1.5910244807350602e-06 9.707883190245437e-06 1.9088132690668044e-07 8.516728918607365e-07 2.0594500073387225e-06 3.57478143278289e-07 1.4607104516265236e-07 6.86956201494922e-07 0.0 4.308088951918512e-07 7.475315918052509e-08 4.1631392399011803e-07 1.911134850667151e-07 0.0 0.0001589828915426424 3.421443844312964e-06 0.0 9.528912148644213e-08 1.0188948329606469e-05 2.0125532387527058e-07 5.8426789122963435e-06 2.0010535978402905e-06 8.040960745703375e-06 1.9754803289955426e-06 1.701551847409091e-05 2.0782386829898227e-05 1.8545644513843794e-05 6.361793268503384e-05 7.536126429397891e-05 2.6202057964833714e-06 3.5825946620401914e-05 4.3135515070119144e-05 1.9926402379638464e-05 2.7278433203090708e-05 1.418253418452422e-07 0.0 0.0 0.0 0.0 0.0 0.0 0.0 0.0 0.0 0.0 0.0 0.0 0.0 0.0 0.0 0.0 0.0 0.0 1.8927193325064407e-06 7.498281437873889e-06 0.0 0.0 1.9099587199579632e-07 7.952960644751998e-06 4.052980604869718e-06 1.1350309838311176e-05 4.547179401483711e-07 0.0 0.0 0.0 0.0 1.1110499378868435e-06 0.0 0.0 0.0 3.291078337736607e-07 2.2012830510966156e-07 0.0 0.0 0.0 1.1530002569367946e-07 0.0 1.020194923628107e-07 4.1867154017302824e-07 0.0 1.2384962668796044e-06 3.1661830640201495e-06 8.950702898646482e-07 0.0 1.2569592180274937e-06 1.418981162910943e-05 9.281597732394963e-07 7.045925090921876e-07 2.1388117687628953e-07 0.0 0.0 6.778810900166816e-08 1.4773607865718995e-07 0.0 0.0 1.5660243130216266e-05 2.646552743581785e-07 0.0 0.0 0.0 7.580892252392655e-06 1.6014266044210812e-06 5.608810217472253e-06 1.3839562226205224e-07 1.6547681410543183e-06 7.466410035598297e-07 1.0649115680108615e-06 0.0 0.0 0.0 0.0 0.0 3.098080337745685e-07 0.0 0.0 0.0 4.643534615398678e-05 1.1844630352842119e-06 8.587749572546913e-07
0.0008731144913066809 0.0005787948817467781 0.0003363157245198119 0.0008726353378076063 0.0006019343417410111 0.0005383053590377405 0.002110795800347541 0.00017214545050512424 0.0006489950795022071 0.0 0.0002204550215901052 0.0011795890933434974 0.0038061191696426027 0.000890367218133579 9.736857398589448e-06 2.7657270195368197e-06 4.3975074831234035e-07 1.1111479428611016e-07 0.0 0.0 0.0 9.951579195377904e-08 7.624859435692918e-08 6.662367781382807e-07 1.3352122413658993e-07 0.0 0.0 4.050274794057613e-07 8.736174058028355e-08 0.0 7.890844383306984e-05 2.542995993485077e-06 8.535802932900292e-05 0.0 1.0976407978835958e-07 4.0024056847434823e-07 3.762132066575656e-05 1.3751406964914892e-06 2.414734753131365e-06 1.8241034081555442e-06 7.781790965994203e-08 0.0 0.0 1.0337885899535384e-06 0.0 1.58187513759063e-07 6.197086959563032e-05 4.703635941444904e-06 9.534057196738437e-07 4.440577118404712e-07 1.0301386077416094e-06 4.2843990190975563e-07 0.0 5.707689609154425e-07 3.0171599954039055e-06 9.234234563107722e-06 2.874388182592848e-05 0.00017214525271262149 3.104337034957487e-05 3.3687299386366824e-05 3.3996084780845873e-07 2.5377363576908764e-05 9.652957754742911e-07 2.5175178057995217e-05 5.356052995552277e-06 4.699715341222354e-06 2.847562408756727e-06 2.0581531423132405e-06 2.4168525909124016e-07 9.435917501150382e-08 3.4999315576065735e-05 1.8976674048060295e-06 1.4249691738043685e-07 7.57553324204019e-05 5.136684165076822e-05 4.9064551889292414e-05 2.759755027485418e-05 8.131413769124223e-07 8.913439774017542e-07 1.6037590741610135e-05 1.0269633744082411e-07 8.527258771892264e-06 2.724497976617088e-05 1.4041969413905839e-06 1.274058515180306e-06 5.5671899834366874e-06 6.701668770313427e-07 9.845919180413727e-08 2.0754585765952413e-06 2.764586880799338e-07 6.916519180876075e-07 8.189849803170037e-07 0.0 0.0 3.8599556677144955e-07 0.00018626081094400284 2.7498748115352805e-05 1.0505846327291212e-07 2.0344232689143696e-06 0.0005263078308830977 3.580791658847329e-06 4.3965496854812525e-05 1.7628318260171382e-05 5.525557496648796e-05 2.3171860772507482e-06 8.534142725085466e-05 8.610160040486404e-05 6.383988033175984e-05 0.00021798464458740817 0.00023447968751207402 1.0277960537869531e-05 0.00011387658601533095 0.00013080706901763634 6.073147925351672e-05 6.46621867574689e-05 6.591641497456518e-07 7.568246507222586e-07 0.0 2.9176447289840463e-07 0.0 0.0 1.6786017860969472e-07 0.0 1.063448964500833e-06 2.9797474984109396e-07 0.0 0.0 1.4120021711694074e-06 0.0 9.382290883671013e-07 0.0 0.0 0.0 0.0 5.828312093251167e-06 2.205231604752439e-05 0.0 5.139012692247083e-07 2.4189410200993514e-06 1.746445714612903e-05 1.2276798328463575e-05 2.182567181068312e-05 4.920036087621142e-06 2.63003826625652e-06 0.0 0.0 0.0 5.2838227968887665e-06 0.0 7.12305266206532e-07 0.0 4.760845514255983e-06 1.6589559859278677e-06 5.47264364022978e-07 2.6855550303952124e-07 0.0 6.427745719480876e-07 0.0 8.637808169800434e-07 0.0 0.0 4.639706991358917e-06 1.0026808190013885e-05 4.370103495563145e-06 3.4656399686534547e-07 3.2003625260503647e-06 3.86013657495444e-05 1.4521343630124966e-06 7.120806359648099e-07 7.048130131824572e-07 5.788835668314815e-07 7.801470009734623e-07 0.0 3.475951015180609e-07 2.1913339838113393e-07 0.0 3.386569259987218e-05 6.248707533819574e-07 3.093717767047378e-07 7.276791218712535e-08 0.0 2.955878910333902e-05 2.348502737993538e-05 2.517790465580439e-05 2.6873144114319965e-06 9.612690990707267e-06 4.966332834955886e-06 1.8974277187276824e-06 3.7680456512133048e-06 0.0 0.0 1.4889922725819302e-07 5.772226381829671e-07 2.1273352797501958e-07 1.8738900487073105e-07 4.81267210704149e-07 0.0 8.292949955193488e-05 7.95399111734365e-06 5.577703353421205e-06
0.00010156744817590536 0.0009684636306807173 0.0014039159413153385 1.1048923091453075e-05 0.0008336651858558414 1.6275005011390427e-06 0.00038859899772050846 0.0011250837625192444 0.000553392818061429 0.0002204550215901052 0.0 0.00030550386820323103 0.002511700416822269 0.0012269329659768413 3.672897592973507e-05 2.6242859907046895e-05 2.116255661170571e-06 3.3556617693017715e-07 3.6457492492580554e-07 2.0677586879601255e-06 2.229924294642398e-06 0.0 4.813826108511563e-06 6.439063106650221e-06 5.860088885217551e-06 1.311662370436414e-06 1.0678893852373877e-06 0.0 8.197001467603138e-07 0.0 0.0005345026298948569 0.0001787243384448372 0.0005283810568282595 2.2939252783844638e-06 8.45549036840637e-07 2.1299802188205704e-05 0.00025300840358410346 2.0075613355038326e-05 3.333881371080695e-06 7.799121206897586e-06 4.853360576538827e-07 7.179946751182816e-07 2.7711632915425955e-06 1.0732258697146643e-05 1.6562527885817441e-06 1.1513705407420387e-06 7.288310843407346e-05 1.6954060811754352e-06 4.905820437697852e-07 3.1349356409509486e-06 2.1824148138711233e-06 0.0 0.0 3.4644046798692263e-07 1.2247371070820626e-06 3.0746796687367924e-06 7.504953815372012e-06 8.837286284255777e-05 9.055229791461193e-06 2.8217265721577755e-05 1.1848518188865482e-05 0.00012263667739902595 6.161645454100797e-06 6.142458233409888e-05 2.046087938130357e-06 2.550662120116742e-06 1.4036652430998074e-06 1.1613900650816344e-06 3.716029433006229e-06 2.0687997280446516e-06 5.307454819422652e-05 1.5159365386930146e-07 0.0 4.348954720226272e-05 5.375578822719064e-05 0.00011101051933709734 0.0001022673613593817 5.050695671616196e-05 0.0002366674550877703 0.000296089621732432 7.182619361034438e-06 0.0009822565719548712 9.10232326597308e-06 3.3415016129197026e-07 5.902081552358915e-07 1.8879738073712227e-06 2.5457921606223606e-06 6.881094714785922e-08 9.845920600775673e-07 6.338355240424414e-08 6.040504417163087e-07 9.754021052342018e-08 3.965346005657844e-06 2.2445305156935326e-07 2.598825031299355e-07 5.747996818706652e-05 1.3478297767273643e-05 0.0 5.5336191180929915e-06 3.030932956858474e-05 1.0743168213179642e-07 1.6797838113082095e-06 1.2386722568264946e-06 1.3110897586197905e-06 1.4649875023320764e-06 4.264312018999075e-06 4.344035372616494e-06 5.174139478880644e-06 1.4745843922932635e-05 1.5936687280891688e-05 7.552476796683581e-07 1.0235969411820882e-05 1.3633162926608995e-05 4.560486523990203e-06 1.1194404725468186e-05 0.0 1.1096967590611171e-07 9.604816291025674e-08 0.0 0.0 0.0 0.0 0.0 0.0 0.0 0.0 0.0 0.0 0.0 0.0 0.0 0.0 1.7964043332992438e-07 0.0 1.031789537042026e-06 3.9142320297659533e-07 0.0 0.0 0.0 3.8097538837732213e-06 1.6050241965826417e-07 4.44145180569815e-06 8.81540234448958e-07 6.765747547279264e-07 0.0 0.0 0.0 2.343728309913085e-07 1.29595443143843e-07 2.0758290140925056e-07 0.0 0.0 2.715318999041021e-07 0.0 0.0 0.0 0.0 1.1222677434801714e-07 0.0 0.0 0.0 5.516972142303616e-07 1.1658912489022285e-07 2.4792581104880336e-07 0.0 4.5006545937331447e-07 4.71776657560393e-06 7.733565700922173e-07 0.0 7.932474324096086e-08 0.0 0.0 0.0 1.90040053628016e-07 0.0 0.0 8.608719952553942e-06 0.0 0.0 0.0 9.101368999350724e-08 2.101166325309015e-06 1.2785543584399838e-06 2.1113453491933104e-06 4.5232337324944196e-07 6.89794091764362e-07 0.0 6.400855995268509e-07 9.270836644185294e-08 7.944648246333204e-08 0.0 0.0 0.0 0.0 4.2547274449963187e-07 0.0 0.0 1.7796169362668245e-05 3.5345939249438225e-06 3.3722155196348363e-07
0.00029343749496304106 0.00020981743889390568 9.755391393401136e-05 0.0011594238293772142 7.420201873397385e-05 8.238196977907872e-05 0.00033857406296343033 0.0001400837687738976 0.0002791585467090639 0.0011795890933434974 0.00030550386820323103 0.0 0.0006796690934701146 0.0005227168242865143 2.1659274164565362e-05 1.7584705244122303e-05 1.7272031275031668e-06 8.533090778041558e-07 0.0 1.8520037909104175e-06 1.9946876634319647e-06 7.3444666219938065e-06 1.8842140631390296e-06 3.8021040557948836e-06 1.2257446962224047e-05 1.1918574701116242e-05 1.4596411889501345e-06 7.085197218097758e-06 9.578561894711648e-07 9.212919255303975e-07 3.0211238357051696e-05 1.5533417534902854e-05 0.00016926963791397443 5.044014908301146e-07 5.778137161252477e-06 2.0268815936862105e-05 0.0007425622737955936 0.00010409413414606541 0.0001024469761551785 0.0002083636624611004 6.7607404447372084e-06 4.2452874212287834e-06 1.1773490459517218e-06 1.2582793244354941e-05 2.6430489947339823e-07 4.254212748438033e-06 3.502626484895268e-05 2.2834238465421e-06 1.2906721195657646e-06 1.2280757317518621e-06 5.491124750705145e-07 3.782357985174243e-06 1.2288426703880952e-06 1.2515613866974171e-05 2.9038900149193955e-07 2.323449976407795e-06 8.883914028477276e-06 5.6229462610797495e-05 8.798928876564593e-06 9.953200787102332e-06 1.818422636464787e-05 5.870535578441069e-05 1.438700882976765e-05 1.3350236286623982e-05 1.8590268912819977e-06 1.3242994442968046e-06 5.727153894168645e-07 6.09214075246596e-07 5.067585104610075e-07 2.695117801842101e-06 0.0004004278990029177 1.0564099496838314e-05 4.6528718007002553e-07 2.2934051510722795e-05 2.0714551131669567e-05 3.394826183329497e-05 3.128785230843912e-05 2.2383147277464945e-05 6.174825386745952e-06 0.0001206756385575031 2.205050589564986e-06 2.7688960956011524e-05 9.433071244949082e-06 1.8114527130240937e-07 2.6520002577523627e-07 1.954160298488326e-06 5.877284447401238e-07 4.484356508550316e-07 5.779985393030778e-07 8.864149095449996e-07 5.779688821456504e-07 4.746184964360423e-07 2.294873384186879e-06 1.2390134845803433e-06 5.583483899857203e-06 0.0008030084318493281 0.00015667188825833065 2.903322963819789e-06 0.00016933355307944777 8.346990535741589e-05 1.7167821591650304e-06 3.496909066445947e-06 2.4560557808212473e-06 5.524930501303811e-06 7.273447615674116e-07 1.9325032551513343e-05 2.2534611259390402e-05 1.685013674895666e-05 5.799649432067603e-05 6.855870865632546e-05 4.647022324099027e-06 3.881506676060968e-05 5.1192500424516306e-05 2.688835476329531e-05 5.825895159202497e-05 5.400317247553495e-07 6.896741848089009e-07 0.0 2.054226516205136e-07 0.0 0.0 0.0 1.3025990266568946e-07 1.966007196591051e-07 0.0 0.0 0.0 7.346461179459761e-07 0.0 1.4416966344033997e-07 5.402432521581219e-07 2.219993123917638e-07 0.0 0.0 2.1029136119638313e-06 6.76085092759116e-06 1.26640365912068e-07 5.424386843122554e-07 1.224102595891843e-06 1.8473020811005016e-05 3.2979253629395803e-06 2.37633036270774e-05 1.7129642404584443e-06 9.834952565830508e-07 7.350650181928296e-07 2.1480359543291524e-07 8.447166621295628e-08 1.632400508390387e-06 9.311635475805818e-07 1.0135124757637888e-06 0.0 2.447100831963618e-07 2.038383230917341e-06 8.375120892139825e-08 2.3097438777816423e-07 4.781293541953837e-07 2.2156892141676904e-06 1.1279164803276045e-06 3.2892700749434586e-07 4.249767541081721e-07 1.5399869593758062e-07 1.946561170329642e-06 4.420163960592625e-06 1.119098901775559e-06 1.6438745046678712e-07 8.821020018021259e-07 2.7893719055786666e-05 7.643117620360897e-07 1.0108686708524273e-06 5.039391630167694e-07 1.0244988333780547e-07 2.3007659829767798e-07 0.0 1.875715639916198e-07 0.0 0.0 3.429638234090039e-05 1.772725507708703e-06 0.0 0.0 3.3149134315484214e-07 1.6135862214828618e-05 5.464552718849187e-06 1.0130015871958795e-05 1.693701874098433e-06 4.093732692378605e-06 1.8097623970869213e-06 9.101860870692541e-07 2.1085554316485877e-07 2.089497086078466e-07 9.236311906369684e-08 0.0 0.0 1.8232655082365012e-07 0.0 1.1928107296973596e-07 0.0 8.683060247315701e-05 1.0195489352031842e-05 4.268942562283879e-06
