0.0 0.004332401938703616 0.0007345108092103004 0.0016654444820551468 1.1226066804309593e-06 0.0001269706366584493 8.155944976766466e-05 2.7814688187860653e-05 1.3904896123207602e-07 0.00022135990872005512 1.095132534438356e-05 5.574030662782979e-06 3.993518036862365e-06 8.077053010300677e-06 6.1660258827820575e-06 3.7912535166262195e-06 4.1547084622440073e-07 0.0 0.0 0.0 7.517825927960836e-07 0.0 0.0 2.444755357478072e-07 9.479142005515907e-07 0.0 3.810793269498602e-07 8.043600771569556e-08 2.173865463995424e-07 8.312821489985933e-08 0.0007612409023235985 4.88613217748095e-06 9.752786307064454e-06 0.0 1.0910290402551806e-06 3.0553719203980955e-06 6.2374733388427025e-06 8.049693945385124e-06 3.4881982247802336e-06 4.976329591072367e-07 9.853022437615261e-07 2.359565133758015e-07 8.517531817846556e-08 4.5821563220311296e-07 7.72278402030558e-08 0.0 9.365047405164396e-06 3.140820535176598e-07 7.190401147716548e-08 8.775205936743882e-08 2.9084851285459906e-07 5.464686896823735e-07 3.50227453463174e-07 9.121625647756205e-08 3.845263987450881e-07 9.91272035492472e-06 3.226573546523711e-05 0.0004217386958384924 2.6740527738633784e-05 6.861223965075844e-06 5.007298309647446e-07 4.397497367006112e-06 1.2493386721802464e-06 2.326946827018466e-05 2.774005183380882e-06 1.278972442704827e-06 8.741109652041717e-07 3.0733857585949176e-07 9.256097814268906e-07 8.756551434188109e-07 1.1100677761240545e-05 4.3211420677367715e-06 3.8798025265619846e-07 2.8858115842631298e-05 1.699263940859413e-05 1.796637560856705e-05 3.490876754382506e-06 1.4257187370755459e-06 4.802147238712899e-07 2.2516460310572556e-05 1.836886684991692e-07 4.4455206038768726e-06 5.083040106081821e-06 3.277985711770189e-07 8.155353983377393e-07 4.5922716967362655e-06 0.0 3.4068252271382526e-07 5.20472012993699e-07 3.65346272762585e-07 1.4779792378085876e-07 1.9737540341287746e-07 4.851807109717876e-07 4.4854146814116614e-07 5.000891666057954e-07 2.951534593051753e-05 1.568300232791936e-05 5.125566792249018e-07 2.4587807447853966e-06 0.000645742902025992 1.1821075904982136e-07 0.0 0.0 2.0542146766052246e-07 1.765546325908588e-06 1.4820008625016761e-06 1.3111679496954286e-07 4.829757723654134e-07 4.3253915072917723e-07 3.02417834351023e-06 2.820153406079169e-07 5.183835935941042e-07 2.2273076209020862e-06 9.257910188327904e-07 7.807897496544378e-07 4.5079119421614276e-07 0.0 0.0 0.0 0.0 0.0 0.0 0.0 0.0 0.0 0.0 0.0 0.0 0.0 0.0 0.0 0.0 0.0 0.0 6.163268494552424e-07 5.848969753376906e-07 0.0 0.0 1.4447361489519344e-07 1.0377211135125124e-06 0.0 5.257157031803881e-07 8.824442019964645e-07 2.1894563015577337e-07 0.0 9.381752852300699e-08 0.0 0.0 0.0 0.0 0.0 0.0 9.864850145447212e-08 0.0 0.0 0.0 3.481487254993666e-07 2.3128670543206061e-07 0.0 0.0 1.630085330678568e-07 0.0 3.780689648532287e-07 0.0 0.0 0.0 0.0 6.813719692311906e-07 0.0 0.0 0.0 0.0 0.0 0.0 0.0 0.0 1.8604773541189347e-06 4.120773181950218e-07 0.0 0.0 0.0 8.447160281183506e-08 4.1419730560475453e-07 3.0608984947163265e-07 0.0 9.068482385686405e-08 0.0 0.0 1.796042383903387e-07 0.0 9.809641077327982e-08 0.0 0.0 0.0 7.33030401323243e-08 0.0 0.0 1.4668063819930477e-06 4.785568554801029e-06 2.230640629409935e-06
0.004332401938703616 0.0 0.0006610605260361237 0.0011115602007350023 0.002492162294358633 9.389436736919166e-05 0.002323980162358949 0.00031516104442974255 0.00150499753233146 0.0012981295514942748 0.0006339890164485983 1.9588820337845118e-05 0.0005233961214157267 0.0035165750949607047 0.00013654411433480662 4.011329105379945e-05 3.638140572368858e-06 5.327207031942368e-08 4.808390327516173e-07 6.710707333795913e-07 1.2269723922241902e-06 2.273866204117557e-07 2.218543171892315e-07 2.994508097859633e-07 4.1686673649794125e-06 7.930977030792742e-08 5.691729088708361e-07 5.315598373229241e-07 1.65856190504217e-07 2.497754806575294e-07 0.0015621725676381337 0.00010308525391129132 0.00019230361546991617 1.0278428861630086e-07 4.737801550613396e-06 9.226499191729283e-06 5.0847415750713305e-05 3.976368904744078e-05 9.41625244619762e-06 2.984083258418368e-06 2.8376743837586437e-06 8.468628558933753e-07 7.209089230247195e-07 3.4578095046319945e-06 1.4029163755695093e-07 5.750263802300154e-07 0.0002198728575048986 3.134533962431172e-06 1.0615836765319805e-06 4.626232376904161e-07 1.3409907079407857e-06 3.4998534703952153e-07 1.2141488988109287e-06 1.599505497494686e-07 8.963897464195006e-06 5.377546010946169e-05 6.99649126335964e-05 0.0008612080439428313 9.44499354244462e-05 8.339525295769203e-05 3.7135143681727826e-06 1.7804183068888713e-05 2.6773999076861168e-06 0.00046838346332050675 2.1485492890398335e-05 1.3047450601991039e-05 1.1311948492136807e-05 2.822069528564065e-06 1.5935564058582394e-06 2.6079943785816486e-06 6.593554346316192e-05 5.742320688304601e-06 4.5161596751752146e-07 0.0001458888665321223 0.00016058062224284274 0.0003304142782996334 9.3158766177561e-05 5.1617074333784026e-05 5.689568295253207e-06 0.00011436015430196947 4.557385347485936e-06 8.19040972022251e-06 4.0498712450971995e-05 3.2242245356563473e-06 8.810590478690415e-06 3.5040965703721176e-05 1.0488736088116386e-06 5.03036949986938e-07 4.798337460682697e-06 1.5506895654082532e-07 2.57121409513362e-06 4.1543074861726856e-07 2.6603227193652018e-06 2.0077563279617396e-06 1.4112744502081992e-06 2.8298627960542834e-05 1.0007520709331282e-05 7.677717427017496e-08 1.0153144077062498e-05 0.000559053516262669 1.890350123384542e-06 1.9439987192084887e-06 8.60445311997054e-06 1.927123095749433e-06 5.29281890844869e-06 2.5522058291955366e-05 7.998312130107227e-06 2.288011180530912e-05 2.6111631413398025e-05 5.003936183381353e-05 2.4292985469941132e-06 3.180974653014168e-05 4.265053867846289e-05 4.0891945494885434e-05 1.2239936335596107e-05 1.5522130147185702e-06 1.0246419825042874e-06 0.0 0.0 0.0 0.0 2.32638589880577e-07 6.332239622090508e-08 0.0 0.0 2.9480292092287027e-07 0.0 1.6927725789133306e-06 0.0 1.4978759632887286e-07 6.114079876696993e-07 1.1511308901850841e-07 3.3852718423349364e-07 0.0 9.71201089923825e-06 9.631662983462273e-06 2.4541014532144336e-07 1.4359594486826935e-07 5.804274098376705e-07 8.106074642914728e-06 1.4910935923685187e-06 7.3842576011854405e-06 6.231676457534013e-06 1.8533993944072086e-06 9.760941140203995e-08 0.0 1.3374830316114336e-07 1.2937332834141095e-07 2.9011172286573686e-07 1.6830191547756599e-06 2.501404255574952e-07 3.535611656863893e-07 1.4576920683730139e-06 7.693747968610902e-08 0.0 2.586981617205094e-07 1.1510488813688012e-06 7.304462640385371e-07 8.155889184889783e-08 0.0 3.80555025941267e-07 4.666753724591324e-07 2.73876131366385e-06 1.2701362147276602e-06 1.3652045949533917e-06 1.3392899648643762e-06 1.4434152138107834e-06 1.4659960863365339e-05 0.0 0.0 1.824669619476355e-07 2.1803407316404676e-07 0.0 3.246423746972275e-07 7.332393433891473e-08 2.931179193452317e-07 1.3273003368494885e-05 9.09763537692792e-07 1.7135251923044838e-07 0.0 1.4804203272340683e-07 1.1039685097391999e-06 1.6639076859091616e-06 3.8702939434197605e-06 3.607286342144132e-07 2.7573790529953674e-06 2.3670240349062623e-06 9.401320484581198e-07 1.207047286706209e-06 8.676239941586013e-08 1.595969918142608e-07 1.0947194606025266e-07 1.1414080941960892e-07 2.0806408888740934e-07 8.50085234678084e-08 1.4329867471654813e-07 7.232889970218686e-08 2.7158453484107372e-05 1.8605905710587057e-05 2.0925870461710104e-05
0.0007345108092103004 0.0006610605260361237 0.0 4.119913170928367e-05 0.0001583327814827313 5.16343971423825e-06 1.5651563399960484e-05 0.003173827692182974 0.0006047693476849123 2.1866921968608328e-05 0.0022036050577916243 6.7141485349991845e-06 0.0001007462491963397 0.0015762264374707038 4.005954084903323e-05 3.383727047306693e-05 4.7156391308592544e-06 5.087256149855899e-07 3.3373113258673235e-07 1.9254923983280726e-06 4.5711441966944975e-06 1.4845422573429727e-07 0.0 3.151966772604175e-07 1.675304466788116e-05 5.916034914088837e-07 1.8511065905613663e-06 3.9822587137922463e-07 7.762633957412071e-07 1.2869807802521453e-07 0.002104457577246115 0.00026802645828019817 0.0003534024919407986 2.8999475025845277e-07 1.1713568496079418e-05 3.566478910073532e-05 8.522305830922746e-05 0.00011940642773606429 1.577819001387581e-05 7.440845493299834e-06 8.003745091390004e-06 4.784119774886326e-06 1.0780383223453677e-06 2.175034056567004e-06 6.790544833953746e-07 8.204154849342885e-07 5.258950648306167e-05 2.2735412198599881e-07 1.0755765134614074e-06 1.1728758367016252e-06 2.474395877058081e-06 1.7572993816227622e-06 2.0059370442679668e-06 6.006863267542963e-07 1.7115670924895295e-06 7.37393652906176e-06 1.4641495962510197e-05 0.00034605531630442195 1.8073609914509527e-05 1.110363664821113e-05 4.314315674461311e-06 6.852860715059313e-05 8.71832366962891e-06 0.00018394695587058664 2.627407207650254e-06 4.677538304272594e-06 2.6112668959054987e-06 3.6437210210574723e-06 4.430820377147558e-06 7.061049785685002e-06 5.682167781227242e-05 1.0064414490929906e-05 6.523127279898617e-07 2.400554542844088e-05 2.353128891616827e-05 5.8547038278529774e-05 2.8814223268552083e-05 2.3967400211111056e-05 2.962234485075426e-05 0.0008950791629125016 4.011578660323763e-06 5.603152005724682e-05 6.524639587836118e-06 7.553296063421393e-07 1.4648601981101073e-06 7.103665088036254e-06 6.159408119859654e-07 1.5406577014085717e-07 1.231423136880344e-06 7.176989182954516e-07 1.799634236870186e-06 8.184085878900186e-07 6.8954174380653605e-06 3.981565795025133e-06 1.939969967626216e-06 1.4355573315534352e-05 1.2750571602663563e-05 2.343585930325921e-07 1.3401505700298049e-05 0.00014552867786957148 1.9276180012919735e-06 7.40579000204665e-08 3.6834494846120856e-06 1.825547988495724e-07 4.5739394013599725e-06 6.834247352931831e-06 2.900216000695889e-07 6.819859873369385e-06 5.354222343708623e-06 1.7584174275947463e-05 1.210350361334905e-06 9.966228302133779e-06 1.3032391829920965e-05 1.1007776304822618e-05 5.370064100666894e-06 2.050693384091966e-06 5.172960794231884e-07 0.0 0.0 0.0 0.0 0.0 7.182716009162315e-08 0.0 8.502354235952574e-08 6.872400722024896e-07 0.0 9.898102349543176e-07 0.0 3.031102430425682e-07 7.364018874760036e-07 8.45841264266671e-07 7.188331846704899e-07 2.4662871585281964e-07 6.883390021479869e-06 6.590739605284174e-06 7.292151777640631e-08 1.6132069962623276e-06 1.8765420849441452e-07 9.352572132784572e-06 1.1588408240794194e-06 5.987027557491153e-06 5.658088986311881e-06 3.108217926484939e-06 2.560586434533264e-07 2.2588971392265026e-07 1.1584028675294356e-07 2.5995928577841826e-07 4.062913515588979e-07 4.079459139047382e-07 8.237049764395326e-08 0.0 1.5246055430015218e-06 0.0 7.316406815471957e-08 4.807113485574102e-07 9.493400081740569e-07 2.1723047649998956e-06 6.188777468154493e-07 0.0 6.381239937048842e-08 1.0472044101307567e-07 3.16224874838017e-06 0.0 9.944094304923771e-07 2.1479329245864736e-06 3.435723180595887e-07 8.377513429660422e-06 0.0 1.0011802916518587e-07 5.895144060772977e-08 0.0 2.3364111979439785e-07 7.486126431676509e-08 0.0 1.7647486810707393e-07 9.523090314796742e-06 2.279561589834106e-06 2.6573460694852615e-07 0.0 8.924930260087745e-07 2.1182885983313936e-06 2.965693003344228e-06 1.819127053344491e-06 4.0133400268259857e-07 1.0951399423413938e-06 1.176654684316149e-06 1.462047735887922e-07 1.160670318730392e-06 2.0684175418725977e-07 8.64420152842444e-08 0.0 0.0 0.0 0.0 3.714551172331004e-07 1.3243512305779155e-07 9.422344061448957e-06 2.4398553850187625e-05 2.164366248768836e-05
0.0016654444820551468 0.0011115602007350023 4.119913170928367e-05 0.0 2.0963110998622515e-06 0.0012720432663403723 0.0004763882340180071 1.1472646118399089e-07 2.3066134806306607e-07 0.0011334656004996567 1.9502346386162822e-07 9.15592832414644e-07 5.411379947725905e-05 4.685825758476636e-05 1.5436382259736583e-05 1.1893305202983876e-06 8.510144223373512e-08 0.0 0.0 0.0 1.0244989629825941e-07 0.0 0.0 0.0 2.135954711401584e-07 0.0 0.0 0.0 2.2216220446943723e-07 0.0 7.720676320521819e-05 5.2558865091313435e-06 1.0608368550569524e-06 1.3083713659367516e-07 0.0 7.481620764161301e-08 8.113044631908352e-07 3.8200400421869086e-07 1.854097579232267e-07 6.154497650706369e-08 0.0 0.0 0.0 3.483068253107623e-07 0.0 1.407748113614326e-07 2.7546324495579475e-05 6.956335687556073e-07 0.0 8.337024575676094e-08 6.390620132281491e-08 1.8588042543045444e-07 0.0 0.0 1.9857863956135204e-06 1.1977888559574266e-05 1.9541302576416164e-05 0.0002171543956969424 2.3446806696227954e-05 1.8142563691409068e-05 1.5985165176438643e-07 0.0 0.0 5.8649776910659836e-05 4.345863598012346e-06 2.846659756887239e-06 1.6104077676673734e-06 4.3050206476797107e-07 1.4812235545656304e-07 0.0 2.4533186383514246e-06 7.917598787693246e-07 2.139211591130944e-07 2.94773982777347e-05 4.235128006326169e-05 4.930624154584023e-05 5.94427120507665e-06 2.51235958305253e-06 3.439383539545189e-07 3.68957484986349e-07 5.138327088244018e-07 3.7793998185549263e-07 8.658206153766983e-06 6.921743873885667e-07 1.6669107085851238e-06 6.802695197642755e-06 2.0398152433273868e-07 1.9025957531316733e-07 1.1053787506110058e-06 3.369237002882581e-07 1.2283965704385927e-07 1.8378583317190537e-07 1.1088430752400207e-07 0.0 1.402447956173117e-07 3.463213678761066e-05 4.480370610243e-06 3.73080690284173e-07 5.57580383659001e-07 0.0005819888207853417 1.8160906207188407e-07 2.684195087170583e-06 0.0 4.560781407001466e-06 6.763722368535483e-07 1.2676312893448746e-05 1.5476615896465995e-05 2.2108851240182338e-06 2.4123647900336835e-05 2.5880323492600684e-05 0.0 7.287155086824704e-06 1.4034176665024904e-05 4.004024847336537e-06 2.0097744372226564e-07 0.0 0.0 0.0 0.0 0.0 0.0 0.0 0.0 0.0 0.0 0.0 0.0 0.0 0.0 0.0 0.0 0.0 0.0 0.0 5.785029041663594e-07 1.7555986810526496e-07 0.0 0.0 0.0 9.356028419000469e-07 0.0 0.0 1.6940886683365866e-07 0.0 0.0 0.0 0.0 0.0 0.0 0.0 0.0 0.0 0.0 0.0 0.0 0.0 0.0 0.0 0.0 0.0 0.0 0.0 0.0 0.0 0.0 0.0 0.0 3.8722122242799763e-07 0.0 0.0 0.0 0.0 6.338402562908736e-08 0.0 0.0 0.0 9.262884464156376e-08 0.0 0.0 0.0 0.0 4.1051161290225384e-07 0.0 0.0 0.0 0.0 0.0 0.0 0.0 0.0 0.0 0.0 0.0 0.0 0.0 0.0 0.0 5.36408935884148e-06 1.4510010671003396e-06 2.0703343397353296e-07
1.1226066804309593e-06 0.002492162294358633 0.0001583327814827313 2.0963110998622515e-06 0.0 1.2115326645488298e-06 0.0005266416434057703 3.61736102320939e-05 0.003052403021687881 0.0001540379624644798 0.00017362993111152508 1.6387905188255007e-05 0.00032474714853559584 0.002659081344838188 2.4356012962194196e-05 1.5208444049273359e-05 9.782053404099645e-07 0.0 6.87916626045137e-08 2.3022364182794382e-07 8.120360532426597e-08 8.555105495502703e-08 0.0 9.255861479255845e-08 8.19673518622998e-07 0.0 0.0 0.0 0.0 0.0 1.328511759710826e-05 5.3344392186695125e-06 4.694519887429592e-05 0.0 6.677651461564313e-08 4.6317634379982194e-07 1.4541048736241082e-05 5.388058697679799e-06 1.8273147438518617e-06 4.667879480261056e-07 2.3482383862545136e-07 2.0294891885210786e-07 5.202310306254643e-08 9.812306647232498e-07 0.0 1.9639733351169954e-07 2.906880390664984e-05 3.2165708187016693e-07 2.424552208823521e-07 0.0 2.2340693054242698e-07 1.5754716340970458e-07 1.689048932810251e-07 1.8323291597937647e-07 3.959153943595435e-07 2.1746931796771614e-06 1.7363089218835319e-06 1.1100446356957969e-05 3.0154035465785247e-06 5.82611529804205e-06 2.991450525435452e-07 1.5063065820081665e-06 1.630796838866372e-07 2.1143161794003665e-05 7.335836396744626e-07 8.452888618726313e-07 7.223110971458797e-07 2.5522878828795784e-07 1.6567388571796234e-07 1.4863690835430578e-07 2.433284101787887e-05 6.214553475762126e-07 0.0 5.7549770280651394e-06 9.606897128564446e-06 3.2007359307610446e-05 1.570584739408543e-05 9.082898727024727e-06 1.3702915644218874e-07 7.18842440652876e-06 4.7637243324656526e-07 1.362675678071818e-06 1.4720867787289275e-06 2.6651287363772223e-07 7.631154328688666e-07 2.149889711429133e-06 6.953494661102091e-08 0.0 0.0 0.0 2.6807016740654407e-07 0.0 5.2209937130925875e-08 7.538962703821263e-08 1.7298221539236042e-07 1.4029361159662736e-05 3.162772274829567e-06 6.400227027766478e-08 1.8072616140892954e-06 1.6957839328235662e-06 1.0661506570195985e-06 7.907161508075635e-07 3.1296289199151776e-06 6.878435199366801e-07 3.2035712830966247e-06 9.123044191524755e-06 2.2169720777456325e-06 9.637384642793481e-06 1.0380202973921972e-05 2.0460238033207698e-05 2.1568095996669944e-06 1.5168574143652976e-05 1.9893605456520722e-05 1.67513226291498e-05 5.652809132712022e-06 3.7786282820294715e-07 4.965069578455648e-07 1.95940579732459e-07 9.210551655488685e-08 0.0 0.0 6.587252374483833e-08 0.0 0.0 0.0 0.0 0.0 9.896738841983806e-07 0.0 0.0 0.0 3.856106682686423e-07 0.0 6.020339275126279e-08 4.608583507221915e-06 2.8434862131152217e-06 0.0 6.464676020337216e-08 1.7155936431901855e-07 2.2834011411641154e-06 4.2953065418670554e-07 2.201637090309774e-06 1.10760598140886e-06 1.4581928114470514e-06 0.0 0.0 5.8414548289287995e-08 0.0 2.0947108983477534e-07 0.0 2.796383081724871e-07 5.911493399596232e-07 0.0 0.0 0.0 0.0 0.0 0.0 0.0 0.0 7.356766072478697e-08 0.0 6.381656498762512e-07 9.288624388640517e-08 4.6771273392214043e-07 3.5568822331024185e-07 0.0 5.411048233304594e-06 0.0 0.0 1.1045333145262108e-07 0.0 0.0 6.349090062929867e-08 0.0 0.0 4.972477372865759e-06 5.651331953867792e-07 0.0 0.0 0.0 7.259490694452635e-07 0.0 4.557940059388796e-07 5.005276332313473e-07 5.783877026547967e-07 2.1853261063354624e-07 1.9016361026259977e-07 1.6848034982930416e-07 0.0 0.0 0.0 0.0 0.0 0.0 0.0 0.0 1.0754435943805397e-05 7.659531735860633e-06 6.524528414976956e-06
0.0001269706366584493 9.389436736919166e-05 5.16343971423825e-06 0.0012720432663403723 1.2115326645488298e-06 0.0 6.745225375425868e-05 1.5040625470541077e-06 4.1978136260571854e-07 0.0006113569549019662 1.904717171586749e-06 4.8226637796854496e-05 3.209545353322541e-05 9.740118178890793e-06 0.0 0.0 0.0 0.0 0.0 0.0 0.0 3.338306436070802e-06 0.0 0.0 9.379440509726859e-08 0.0 0.0 9.554212235513181e-08 1.737533126860763e-07 0.0 3.622103678445466e-06 1.441402616199752e-07 3.7348764463006572e-06 0.0 0.0 0.0 9.634865889639888e-06 1.6843781330529062e-06 5.760103311135727e-06 0.0 0.0 5.601968587901184e-07 0.0 6.278733167324777e-08 0.0 0.0 8.141534335994905e-08 0.0 7.850146583529669e-08 0.0 0.0 7.148996849775754e-06 2.548028411838412e-06 1.4710554814976696e-07 0.0 1.087939044971994e-07 4.69584049668913e-05 1.054734325133049e-06 5.4028682458828805e-06 0.0 0.0 0.0 0.0 2.1472284677211014e-07 0.0 0.0 0.0 0.0 0.0 0.0 6.490118673725048e-05 8.580438730124576e-05 4.834739414470028e-06 0.0 6.775542991984543e-07 0.0 2.1732691478733388e-07 0.0 0.0 1.2116561028362273e-06 0.0 1.1697073700706761e-07 0.0 1.0640459907685863e-06 0.0 7.275240363879238e-07 2.4436195892138614e-07 3.4542907530507304e-06 4.133058777062667e-07 7.296997741126279e-06 4.91790903050347e-07 2.7618705564677232e-06 6.805809364840345e-08 1.4546291590470593e-07 2.008939519084986e-07 0.00012951937180360147 0.00010345055378606894 1.3176804131843746e-05 1.6906564732731265e-05 0.0003811973437101691 1.5551738380871444e-07 2.934207852148481e-06 2.0382375607046206e-06 6.354405239262794e-07 0.0 2.5926714534883834e-06 7.496953465702949e-06 4.5516625404846975e-07 4.602612619300791e-06 1.0041857419096897e-05 0.0 2.7196622282986356e-06 5.946645058985625e-06 3.69240578815624e-06 1.3663746563536902e-07 0.0 0.0 0.0 0.0 0.0 0.0 1.4281039071054508e-07 0.0 0.0 0.0 0.0 0.0 1.0195989314867611e-07 0.0 2.7610784374485246e-07 0.0 0.0 9.848572122745003e-08 7.372652092661234e-08 1.1455248763200965e-07 0.0 0.0 0.0 0.0 1.3328343540203792e-07 0.0 0.0 0.0 2.0749027276536809e-07 0.0 0.0 0.0 0.0 0.0 9.861888873401048e-08 0.0 0.0 0.0 0.0 0.0 0.0 3.764868143463225e-07 0.0 0.0 0.0 0.0 0.0 0.0 0.0 0.0 0.0 0.0 0.0 0.0 0.0 0.0 0.0 0.0 0.0 0.0 0.0 2.3063911254664935e-07 9.602472940898267e-08 0.0 0.0 0.0 0.0 0.0 0.0 0.0 0.0 0.0 0.0 0.0 0.0 0.0 0.0 0.0 8.193930431816374e-08 7.199810152772932e-08 0.0 0.0 3.527866877251605e-06 0.0 2.0418542704095035e-07
8.155944976766466e-05 0.002323980162358949 1.5651563399960484e-05 0.0004763882340180071 0.0005266416434057703 6.745225375425868e-05 0.0 1.4002548007846501e-05 0.0005666762864084067 0.003207059338906417 0.00011121459096609081 6.14207007511505e-05 0.006471517040133491 0.002769329610397772 6.151875916129398e-05 3.688363054835905e-05 1.7329321177206843e-06 0.0 1.9367147078590753e-07 2.8069552007634035e-07 4.1350600207693945e-07 0.0 0.0 5.356258196987207e-08 1.0776781287048567e-06 0.0 4.3279735759366756e-07 0.0 2.729630011693657e-07 1.4565563473380228e-07 5.7110659453271945e-05 1.547714229917485e-05 7.103693978149666e-05 1.4573499399088614e-07 2.0879475324653647e-07 1.9393585381539747e-06 4.003900642991204e-05 1.2214375971880587e-05 5.1354434752030535e-06 7.797140852946284e-07 5.914605049476439e-07 2.4015727377453456e-07 6.653326996780706e-08 2.0102806872236578e-06 1.108681409622573e-07 2.140152444407364e-07 8.793271728498745e-05 5.069135054102189e-07 4.585451788032607e-07 1.485118312130006e-07 3.2632548710609657e-07 1.9646776172342568e-07 5.871208953672761e-07 9.957754742608205e-08 2.0038193569212115e-06 1.064183270995558e-05 1.2818493827294066e-05 0.00011209144953363041 1.9727661566079302e-05 2.364886277502792e-05 7.684477581312972e-07 2.972994064441786e-06 3.434523511198049e-07 9.644281361793263e-05 4.744697876193781e-06 3.836274307017492e-06 2.303717673005288e-06 8.822817665427429e-07 3.5959412224743476e-07 1.7340823711864343e-07 5.738119149096043e-05 3.309364696404013e-06 8.688737737580494e-08 3.324781491931973e-05 4.532323638840671e-05 0.00010509984784474517 3.7692153168030536e-05 2.070485408532857e-05 8.066640270985382e-07 1.0003723659575659e-05 9.967884040487175e-07 2.8308967924354208e-06 8.526368352813649e-06 5.605762416624049e-07 2.148713571628319e-06 8.637971049822702e-06 2.243129381008932e-07 9.005653355335491e-08 6.884356326582535e-07 6.774905869817034e-08 4.5108891776836867e-07 2.160370234119878e-07 3.383904131375054e-07 3.525758602688243e-07 1.7844965400518456e-07 4.023491837456887e-05 7.839599061468513e-06 0.0 3.688535703135995e-06 2.9723397333636658e-05 5.861956433188474e-06 3.8319383765933025e-06 3.267082770470296e-05 4.2346264306009964e-05 9.162810112573144e-06 5.241096204001348e-05 2.584099328943729e-05 3.0837603475637907e-05 0.0001735124889938496 0.00011069745770940095 3.757120837087707e-06 8.955097157817411e-05 6.923069271715745e-05 4.410033649146765e-05 1.4036279498782208e-05 2.2794164497204693e-06 6.536365913426054e-07 0.0 1.3816492470639883e-07 0.0 0.0 1.690900318204339e-07 0.0 0.0 0.0 0.0 0.0 1.013748619762348e-06 0.0 5.932550452534586e-07 7.859181533169693e-08 5.349978694455901e-07 2.3463949825984765e-07 1.1063073856884084e-07 1.760464378322974e-05 8.392386784538697e-06 0.0 7.683065097053254e-07 3.508776864619406e-07 1.016129515547912e-05 1.5641971504475521e-06 7.217417167921092e-06 3.289329343719567e-06 1.5490881784403521e-06 8.254858013800808e-08 0.0 1.0287031191621905e-07 5.577824349818187e-07 2.51209987902179e-07 3.3484840116576735e-07 0.0 1.193846214576836e-06 2.8950586974741064e-06 0.0 3.1407851132621697e-07 0.0 3.376753344207264e-07 2.8005392057885025e-07 3.8342345006532577e-07 2.1198001458784629e-07 6.309798611340853e-07 7.424756973116893e-07 5.853785107605569e-06 8.70697662300698e-07 5.89439066026771e-07 2.750324457578398e-06 6.452658451043938e-07 1.7144104260908684e-05 1.7634457213704301e-07 1.4274889307188446e-06 6.177221989542226e-08 7.134346676572983e-08 0.0 0.0 7.692449637374075e-08 0.0 1.5180227712630675e-05 6.995556059170135e-07 0.0 9.140905559633112e-08 0.0 5.074998136607483e-07 1.4660410041577814e-06 1.0654449202423847e-06 2.1989018667527294e-06 4.562228401651682e-06 4.082960921170174e-06 7.02037241627209e-07 1.2754957959725126e-06 6.166761662065628e-08 0.0 0.0 0.0 1.4164943982663777e-07 0.0 0.0 0.0 3.451339572471848e-05 2.109593871928814e-05 2.0250374189908663e-05
2.7814688187860653e-05 0.00031516104442974255 0.003173827692182974 1.1472646118399089e-07 3.61736102320939e-05 1.5040625470541077e-06 1.4002548007846501e-05 0.0 9.928505609678845e-05 3.2844001670725426e-06 0.0013900405559455025 4.116153144157709e-06 4.5480757325430976e-05 0.00044816044875754135 4.3067850510207305e-05 4.007688725807256e-05 4.530107880492462e-06 4.041351393380104e-07 1.743258819567297e-07 1.1328046854889037e-05 1.7558838071552284e-05 3.278265214289633e-07 5.757297461004236e-07 9.730023004122722e-07 1.4800063508478594e-05 7.808861067075253e-07 2.999871301585601e-06 1.391903026996099e-06 1.2404002071121974e-06 1.5720926668359577e-07 0.0003484420613721128 0.0007807126070251922 0.0002864997072210015 1.071724791161601e-06 1.6384991447695085e-05 4.482182162985875e-05 6.774893692235146e-05 0.00013189667519306205 1.3700166998117721e-05 8.25512460385171e-06 1.3120885232174003e-05 1.5136364954357559e-05 5.035604830484264e-06 5.53329639160673e-06 8.753116028010038e-07 2.9527444091750522e-06 5.445909891591399e-05 3.0244308450850364e-06 1.191731653804394e-06 5.947189871644133e-06 5.812975269678541e-06 1.5600428116484074e-06 1.4970342205288783e-06 2.2421536867374818e-06 4.520980881104141e-07 1.5738437326454648e-06 3.6525237351806687e-06 3.305983906567354e-05 3.1071613994047648e-06 4.596179003104192e-06 0.00010382093468887927 0.00013448983193150096 1.696748416767538e-05 0.00010987463300531831 1.1086600903530094e-06 1.527163968699275e-05 6.412978836670784e-06 1.3982362896030777e-05 1.4424490267811655e-05 3.1853347869963394e-05 3.5189237955273756e-05 7.4663786624309146e-06 1.8996713671057408e-06 6.241897890173868e-06 1.6839235622081785e-05 4.2830678874033135e-05 4.131326910403072e-05 0.00027888722258850846 0.0005751929186324227 0.00163660892606615 0.00018840411885011623 0.0006820123230391315 1.9670588294555888e-06 1.3292161707638555e-07 3.995617932962234e-06 4.2142555010896905e-06 5.078390927861042e-06 8.528270797716657e-08 1.1815350259504819e-06 2.495845990450613e-07 5.9796137130180574e-06 3.4681479854458843e-06 1.87108942860465e-05 2.2062354498906534e-05 1.3741675785983157e-05 9.924839438701823e-06 6.9358155647195366e-06 1.0199668187670848e-06 9.686033912411072e-06 5.7282515572944195e-06 1.5691605068805384e-06 2.3590212420692823e-07 2.8001096088103236e-06 8.531284021903968e-08 1.7583943674561613e-06 2.687169965954802e-06 2.0213874410239533e-07 1.6438108124437378e-06 3.0025938063139054e-06 6.360716328695925e-06 1.067315952991676e-06 5.144004578809399e-06 4.317933361811032e-06 8.337086134240448e-06 3.0622723974268504e-06 1.0876615733089765e-06 3.1005438348450826e-07 0.0 0.0 2.85236042755342e-07 0.0 2.824935647902225e-07 6.289333293290317e-08 0.0 0.0 1.00171435966299e-06 0.0 6.918006153475259e-07 0.0 3.227245425145947e-07 9.5469320875139e-07 6.192915975719349e-07 6.000686016271304e-07 2.7380935822393565e-07 2.9167209786882173e-06 1.857813503358001e-06 0.0 0.0 6.770093684668984e-08 4.78998946003647e-06 6.964019456462951e-07 5.263332511979817e-06 3.347358600761242e-06 1.7846147406188297e-06 8.470435265486444e-07 6.107805899984338e-07 2.4254629770872864e-07 0.0 9.007908550554061e-07 4.7360129659121274e-07 9.63243610216657e-08 0.0 3.5718312728045164e-07 0.0 1.3922950909137503e-07 1.9016978312155407e-07 6.511969565770765e-07 2.7236861672234674e-06 0.0 0.0 0.0 3.7753992203102413e-07 8.627943578140408e-07 0.0 9.050693027968618e-08 9.911216203473381e-07 0.0 3.727030718955172e-06 0.0 0.0 1.6811533880843143e-07 1.1791293631623509e-07 0.0 3.893391175833182e-07 1.5619039545991899e-07 7.401529548637725e-07 7.902706489175143e-06 1.8809738292854009e-06 1.208379476570304e-06 0.0 2.207098894476743e-06 1.3804413408903155e-06 5.45721022804321e-07 6.785398690996471e-07 0.0 1.7378057622517304e-06 9.489815289542045e-07 1.0269596053048389e-07 2.6944494858054655e-07 1.4562277264305722e-07 0.0 0.0 0.0 6.940502847474396e-08 2.6752674328708176e-07 5.217585274798695e-07 3.5002665371466616e-07 6.3378478840663305e-06 1.5430214959661416e-05 1.4270249971536957e-05
1.3904896123207602e-07 0.00150499753233146 0.0006047693476849123 2.3066134806306607e-07 0.003052403021687881 4.1978136260571854e-07 0.0005666762864084067 9.928505609678845e-05 0.0 5.651149420964408e-05 0.0005816212475651566 4.218726563755961e-06 0.00033094929933973397 0.0012827153942991285 6.374179556052518e-06 6.514061909918479e-06 2.8026096875306307e-07 0.0 0.0 5.844555899463898e-08 8.24107274928993e-08 0.0 0.0 5.684665628366941e-08 4.416467672459234e-07 0.0 8.260680431948341e-08 0.0 0.0 0.0 1.4979803020798672e-06 2.539289079327432e-07 3.047177904481393e-05 0.0 9.19551765042118e-08 5.867017738299236e-07 7.542965158174268e-06 2.786853306831974e-06 8.184558218321776e-07 3.2231193860949687e-07 7.553477659769358e-08 7.269008043337947e-08 0.0 5.929994501647921e-08 0.0 0.0 7.513656050748566e-06 1.3451175404426474e-07 0.0 0.0 0.0 0.0 8.847017020009279e-08 0.0 0.0 4.1702823917458295e-07 4.546999694127872e-07 1.1987198732766474e-06 6.383918211613329e-07 6.59799140158315e-07 7.631560783349417e-08 5.549311125580456e-07 0.0 2.8970457676921408e-06 2.2295247210324137e-07 2.482801563472684e-07 0.0 0.0 0.0 0.0 6.192209681637349e-06 3.257640261478077e-07 0.0 9.86182879783418e-07 1.6993467350976116e-06 5.942886387693559e-06 3.6341067011392214e-06 2.795316971836113e-06 1.7992722012901246e-07 3.4832211246444493e-06 3.3457720154306494e-07 1.0648612426593669e-07 4.6053768982735097e-07 5.6397364721068324e-08 8.110442396386838e-08 5.231934456187265e-07 0.0 0.0 1.2099588027698999e-07 0.0 7.87618263521842e-08 0.0 8.582797875910094e-08 0.0 5.78087863233549e-08 3.527312609303406e-06 1.084301620531553e-06 0.0 3.4031589173073267e-07 7.971285988680999e-07 8.582249072382563e-08 9.932835661954407e-08 6.283875484715295e-07 2.3890314908691663e-07 9.347125900091186e-07 3.06407163703998e-06 3.649112349783496e-07 3.302318054387563e-06 2.6677370928055522e-06 7.92060089884528e-06 9.882775523316399e-08 3.3349500349306652e-06 6.169868230081845e-06 4.74349039036016e-06 8.437999276757334e-07 7.504775455642846e-07 4.989854575356033e-07 0.0 0.0 0.0 0.0 0.0 0.0 0.0 0.0 0.0 0.0 0.0 0.0 0.0 0.0 0.0 0.0 1.8947051674737564e-07 2.367207605435593e-06 8.41254466398661e-07 0.0 0.0 0.0 8.565571821090144e-07 0.0 5.638950814044825e-07 3.405131681794854e-07 0.0 0.0 0.0 0.0 0.0 0.0 0.0 0.0 0.0 0.0 0.0 0.0 0.0 0.0 0.0 0.0 0.0 0.0 0.0 3.111752839905026e-07 0.0 1.4914346062230976e-07 4.232901771592549e-07 0.0 1.1739102038321334e-06 1.7680158095406745e-07 0.0 0.0 0.0 0.0 0.0 0.0 0.0 1.2506976835179462e-06 0.0 0.0 0.0 0.0 0.0 1.6235790334364852e-07 6.151111032311765e-07 0.0 7.190557004140031e-08 0.0 0.0 4.215981242591843e-07 0.0 0.0 0.0 0.0 0.0 0.0 0.0 0.0 4.2211129522997214e-06 2.137291118834956e-06 2.3948894301124857e-06
0.00022135990872005512 0.0012981295514942748 2.1866921968608328e-05 0.0011334656004996567 0.0001540379624644798 0.0006113569549019662 0.003207059338906417 3.2844001670725426e-06 5.651149420964408e-05 0.0 3.8768079413860395e-05 0.002282266012185171 0.008284700242324855 0.0011900261773542336 5.20189519353342e-05 3.808984242102079e-05 1.7033322011004531e-06 1.2869159345341327e-07 1.5565985074854267e-07 1.420007685426976e-07 1.5350207524049846e-07 4.5970353680303184e-07 0.0 7.032519063021544e-08 6.864556798835587e-07 1.8876000037317498e-07 9.644935031662318e-07 0.0 4.4469870050132725e-07 0.0 3.670917405871945e-05 8.653759045760712e-06 0.00016536180658478872 1.6480738540138787e-07 3.1476879942581843e-07 9.270179205984404e-07 8.803181531415058e-05 1.2939400179863067e-05 7.5631640561990865e-06 1.0775690339313414e-06 0.0 2.561917117785265e-07 6.42242806685319e-08 8.690757022848973e-07 2.2875052941948988e-07 3.180201013843873e-07 7.846482339032497e-05 1.0076125334781776e-06 9.72903454379331e-07 2.7117706602729587e-07 5.875716321439859e-07 3.1003294141897464e-07 1.9988920883346442e-06 3.2392701732805506e-07 2.498456151035119e-06 1.2567144012565414e-05 1.771291788766294e-05 0.00013839572355288788 2.205219146519627e-05 2.8277358017175846e-05 5.393294028294683e-07 7.128243716863183e-06 4.4085557391942216e-07 6.705028589767048e-05 4.9544116155882295e-06 4.377641948201116e-06 2.4186826653610354e-06 5.61735657596687e-07 3.0787533121319775e-07 3.179250667494387e-07 0.0002791324222237539 8.109001300666104e-06 9.255579993109191e-08 3.63151505960387e-05 5.986990007428106e-05 9.494911433758668e-05 2.895970854749209e-05 1.776413194947704e-05 4.847889445982171e-07 8.959862251655547e-06 9.334947845910938e-07 1.4247247225899538e-06 9.920829961363924e-06 1.1415484830502706e-06 2.498646834284866e-06 8.734596601021281e-06 2.462082435597969e-07 9.00674340571548e-08 8.383449386850999e-07 4.59239745870125e-07 3.873392624156365e-07 1.1689849519332274e-07 3.506719748746321e-07 4.314333257899633e-07 1.9056259798379158e-07 0.0007958581416883209 3.911452611637151e-05 4.2006577224104153e-07 8.125311278658048e-06 0.00014905579651319436 1.937775338213817e-05 2.878884393915682e-05 0.0001001447165078079 0.00014199174774293168 5.370400985270834e-05 0.0002999152318948789 0.00023970147189076194 0.00018628399017778878 0.0003389175694074392 0.0006873744553749846 2.0472446366040392e-05 0.00028799007825354493 0.0005442234947172925 0.00029121974082762516 5.933049098158998e-05 8.614032523327011e-06 4.200399364412423e-06 6.001951145367005e-07 0.0 0.0 0.0 0.0 0.0 0.0 0.0 0.0 0.0 3.4681667873980623e-06 1.0540223257613645e-07 1.680068617931036e-06 0.0 1.6715631834054046e-06 0.0 6.112694029716923e-07 6.696741544095755e-05 3.583327430572836e-05 0.0 5.7802195202435065e-06 4.351736079132268e-06 4.638978275543969e-05 9.205592729156466e-06 3.0034168666115025e-05 1.6706168671251966e-05 1.5805937161285826e-05 4.127471418739279e-07 2.1099313643728058e-07 2.3603533421978602e-07 2.1940288078640025e-06 1.9011297014914955e-06 2.094262447465255e-06 0.0 2.505413038643331e-06 6.332780760315759e-06 0.0 1.0044804900211037e-06 0.0 2.054594560107235e-06 0.0 1.8123318313537273e-06 3.4763652933966383e-07 2.317038239782252e-06 2.8552789854936994e-06 1.4964557858614877e-05 4.955657305137292e-06 4.4892052513183995e-06 9.160410811560839e-06 6.187589143215116e-06 4.521747478870141e-05 4.538818459854771e-07 1.2160169230589547e-06 8.528532447591229e-08 8.020040003261009e-08 7.427023125514321e-07 2.6056122217759315e-07 1.8270376452996767e-07 6.790388363550418e-07 6.286937271875001e-05 9.568004754432137e-06 0.0 0.0 0.0 4.58388402354588e-06 6.081776790990813e-06 1.0986697465045435e-05 3.679184298835391e-06 1.4438165162360105e-05 5.267538831257655e-06 1.0379441771149685e-06 2.3685544883097914e-06 0.0 4.708221309685899e-06 0.0 0.0 1.1185116143019564e-06 7.117716323895269e-08 0.0 0.0 0.00027772793556165735 6.422168682091975e-05 6.30793309118603e-05
1.095132534438356e-05 0.0006339890164485983 0.0022036050577916243 1.9502346386162822e-07 0.00017362993111152508 1.904717171586749e-06 0.00011121459096609081 0.0013900405559455025 0.0005816212475651566 3.8768079413860395e-05 0.0 1.8814588318052508e-05 0.0004812153967888853 0.0044509584735979504 1.0684185342281122e-05 1.33055059457002e-05 1.373053713356819e-06 0.0 8.377510406990391e-08 1.855554317270411e-07 6.914992551454184e-07 0.0 0.0 0.0 6.524167035883046e-06 3.439073243574802e-07 6.522723186698828e-07 1.3885920839794775e-07 5.608508087284389e-07 0.0 3.471235056768108e-05 7.875332358138657e-06 0.000737927118022155 0.0 1.3593985558990927e-06 9.647433839916626e-06 0.0001415472707741688 9.246039422561364e-05 8.753446689219758e-06 4.46540281109502e-06 1.5853074590535187e-06 2.985938592175185e-07 7.958751590041607e-08 8.734578323313436e-07 2.647415653848501e-07 1.3862589936096259e-06 9.269653077205025e-06 3.196795944607159e-07 3.686597142049039e-07 6.759779295479828e-08 3.527438734933378e-07 6.720069251320718e-07 6.973047746783065e-07 3.189669102653523e-07 0.0 1.0580441771547058e-07 5.785395162571119e-07 4.7157631878494235e-06 9.13204842800351e-07 1.0227129144903982e-06 1.3947080647850198e-06 3.669342535749184e-05 7.997792443393349e-07 2.9587214557863652e-06 5.571022208746804e-08 7.997122827523008e-07 3.4343328468399896e-07 4.571059155762339e-07 7.282192977243108e-07 8.929013509466097e-07 4.4973207585762576e-05 3.7203817280730098e-06 4.1666492840560274e-07 1.119578234266282e-06 3.6655279370325742e-06 5.90498202049016e-06 7.3884496477932265e-06 4.827261541344413e-06 1.9409636189191124e-05 0.00012687669751468677 2.9610513912443715e-07 2.4629001764686037e-05 6.321104766904766e-07 0.0 7.288823062268806e-08 3.966228738949472e-07 6.479946643793102e-08 0.0 0.0 3.3448822641694445e-07 1.7042568830922063e-07 1.576459291529729e-07 9.884844257577414e-07 8.174703936186424e-07 5.58906122011748e-07 1.2313447245691061e-05 3.7637144706020022e-06 2.0314043805903558e-07 4.512001104638026e-06 3.73563884397219e-06 1.048068260888132e-06 0.0 1.5872573976593886e-06 5.680491037678587e-07 1.7249714864077177e-06 6.538863970735775e-06 8.309226307359178e-07 2.5416625931860282e-06 4.168348147409512e-06 7.820958123144508e-06 8.960918972375521e-07 6.139294158862711e-06 9.087379665320739e-06 7.366702783770384e-06 3.7236414746159773e-06 3.8654253382464073e-07 1.3535943823989526e-07 0.0 0.0 0.0 0.0 0.0 0.0 0.0 0.0 1.4494331420342675e-07 0.0 1.36732164942861e-07 6.410744974890547e-08 2.9115502576452487e-07 7.693564719240257e-08 4.90747042846772e-07 7.955810154267532e-08 1.2031064570384685e-07 3.865811295426012e-06 3.804711799083557e-07 6.623665630223326e-08 6.237764653389878e-08 1.3269119516157233e-07 2.766485347093975e-06 0.0 2.2910704295923756e-06 1.2664909455139044e-06 9.005380134302207e-07 9.493599200128868e-08 0.0 7.408211444116925e-08 0.0 1.0977890764776133e-07 5.8521602760532386e-08 3.467031902320252e-07 0.0 2.2007562700939274e-07 0.0 0.0 6.816540315743177e-08 3.294347566336541e-07 4.3264274802157346e-07 0.0 0.0 0.0 1.734979773581156e-07 1.5085567000856627e-06 0.0 7.22965911378912e-07 6.948770180614161e-07 1.3320792532632185e-07 4.471535175716716e-06 0.0 0.0 8.924078103285054e-08 0.0 0.0 6.393816133547258e-08 0.0 7.525173660972843e-08 5.1574483241130555e-06 1.1424147661124371e-06 0.0 0.0 1.0607650524749464e-07 1.7602347389963237e-06 7.082672715513649e-07 4.751299552844112e-07 6.131583450409179e-08 1.3050182377815082e-06 2.3299262483089918e-07 2.7259984153388704e-07 5.886443163400612e-07 0.0 0.0 0.0 0.0 5.8327769321862025e-08 7.554468056496753e-08 6.72444050447797e-08 0.0 1.0656580014770627e-05 7.488768783696844e-06 7.043114900573982e-06
