0.0 0.001996022836661503 0.0004490024045400411 0.0007935606820199793 5.6858525969840805e-05 0.00036711275791603365 0.00029558121913336293 4.395657027750714e-05 1.0841290844264944e-05 0.0007797901843299143 8.615410441158283e-05 9.634676754121177e-05 4.4514327683340546e-05 3.136510375480635e-05 4.682372101859548e-07 3.4197561729928615e-07 2.1938646375762286e-07 0.0 0.0 0.0 2.6223931176878615e-07 0.0 0.0 1.1761530698410307e-07 6.545728827972936e-07 1.9501149869116163e-07 0.0 1.6975876103881935e-07 0.0 0.0 0.00043053908168537837 4.76394989880074e-06 9.803471980769173e-06 0.0 7.867806428626591e-08 1.876644626357947e-06 1.2672679842217317e-06 2.9618247703740663e-06 4.1937074851090734e-07 5.6675929583649195e-08 9.98044684971143e-07 0.0 2.2552382238187325e-07 0.0 0.0 0.0 1.679815408772658e-05 5.317168993818723e-07 1.5671532292367044e-07 2.6088619131494893e-07 5.248895885738268e-07 4.7037797648299033e-07 0.0 0.0 5.579804638860627e-06 7.342199161292602e-06 8.851605581874638e-05 0.0002385342170678659 2.1380685088400244e-05 1.4269809783470829e-05 3.696385741836005e-07 2.6579096426968426e-06 2.3738162659797037e-07 9.923951424648302e-06 5.799962748812893e-06 3.079865766374555e-06 4.7116361404497377e-07 1.2712511743457372e-06 6.287003342318513e-07 2.396545552177088e-07 4.575580943922691e-06 2.474001059904314e-06 4.1714852386867754e-07 9.90096219974824e-05 1.466150765664734e-05 1.1380343830983344e-05 4.962627796623764e-07 2.065887736866424e-07 6.894147124119124e-08 2.0478460526015877e-05 1.134529443628347e-07 2.728004615337648e-06 1.179450314097338e-05 2.073892633079163e-07 2.426397668787916e-06 2.907242253660747e-06 1.715088500384034e-07 0.0 0.0 4.14562031851605e-07 6.658989177142633e-08 1.1710421990758871e-07 3.502235949481006e-06 3.4754004198267097e-07 6.354209960856888e-08 2.1838204363024018e-05 7.885654351665622e-06 4.93979573970911e-07 7.734496055573109e-07 0.0007123232978793111 1.1238906251243339e-07 1.5391460058190338e-06 1.2844995339922966e-07 4.227598747066938e-06 9.063127415566781e-07 1.0353309391502829e-05 8.636420825631329e-06 1.5230801557071965e-06 2.6917122369898065e-05 4.455047332805591e-06 8.465384336654894e-08 1.1682031370063156e-05 7.2948632250762585e-06 4.316544697242935e-06 2.1139540009406805e-06 0.0 5.576019843354084e-07 0.0 0.0 0.0 0.0 0.0 0.0 0.0 0.0 2.757954148956895e-07 0.0 0.0 2.9583896309718944e-07 0.0 1.3608976253050728e-07 0.0 0.0 0.0 8.609104010359258e-08 0.0 0.0 0.0 0.0 1.083728351378103e-06 2.3267235059780142e-07 1.6491692259665435e-06 9.934774999900912e-07 1.1875906412129197e-07 0.0 0.0 0.0 0.0 0.0 0.0 0.0 0.0 0.0 0.0 0.0 9.512709650316316e-08 0.0 2.1052914438617408e-07 0.0 0.0 6.590624108225936e-08 1.7217340668653022e-07 0.0 1.2141691877192103e-06 0.0 0.0 2.07069192464666e-06 0.0 0.0 0.0 0.0 0.0 0.0 0.0 0.0 0.0 1.1290120496121877e-07 1.0127956846818849e-07 0.0 0.0 1.8608972476368212e-07 7.027739117627663e-07 0.0 0.0 0.0 0.0 0.0 0.0 0.0 0.0 5.841274445918312e-08 0.0 0.0 0.0 0.0 0.0 0.0 3.7346782442932134e-06 5.923498397094049e-07 2.4427902744504755e-07
0.001996022836661503 0.0 0.0012653070167751555 0.0013534057622189614 0.0024184143705125462 0.00013365386128052687 0.002482983767476371 0.0001646812841325351 0.0007251982483166122 0.0005500322707813051 0.0006522066265829912 5.132113342274268e-05 0.0010651609879013077 0.0012526471317232972 1.1564512158310548e-05 2.652141285253156e-06 8.105654396566044e-07 5.404039964276969e-07 0.0 2.0199465109684645e-07 1.0475782700006659e-06 0.0 0.0 0.0 1.8127088985081015e-06 8.18933015062613e-07 0.0 2.587184874091693e-07 0.0 6.124162372328901e-08 0.0010713379335394455 4.738433412346891e-05 4.3418568282752565e-05 2.4915692734293496e-07 1.6467565886000478e-06 5.306255214975933e-06 1.2861144518335718e-05 1.07369086042758e-05 3.0828485660489133e-06 7.657143569598302e-07 5.142059136743933e-06 2.2393802820442965e-07 2.9319227387533495e-07 6.801623764211018e-08 4.2910418568550147e-07 5.716471039381282e-08 0.00011930141528468299 4.666975711266049e-06 7.252112030932098e-07 9.660165393091936e-07 1.5219164540833512e-06 2.2782361842297658e-06 4.2783415274376233e-07 2.454835607048176e-07 2.1083547315535844e-05 2.2210304675000553e-05 0.00016053217320097143 0.0004205521096738416 5.6833926256589105e-05 8.416010862357539e-05 4.2054388188402984e-07 7.431466641389631e-06 7.106238219466484e-07 7.53718861294963e-05 2.3247754547562096e-05 1.672755241343967e-05 3.6871922095487254e-06 6.563070003257366e-06 2.089501880988771e-06 3.071264461872669e-06 4.137863971694847e-05 9.760350192139708e-07 0.0 0.0003363305536750586 8.992718561380008e-05 0.00011597860819570957 1.0475916804009416e-05 2.0786581665691792e-06 4.231751042666301e-07 8.620759271730087e-05 6.61092619189485e-08 1.3567453317549772e-05 5.470250585480855e-05 3.594722294512131e-07 1.5798897010558463e-05 1.2369850180290385e-05 1.68352610689944e-06 5.5108691514777496e-08 2.97545843311656e-07 0.0 5.010936079077075e-07 4.6030660500866646e-07 1.5969168984787842e-05 1.914932728015248e-06 1.4644580223155336e-06 2.4602003122632774e-05 1.0282693700232745e-05 0.0 3.7259032234662426e-06 0.0006193472639055526 0.0 2.782773820233287e-06 1.0963293118606898e-06 2.4544508572542085e-06 4.367654660070124e-07 1.9900526487488323e-05 3.2749754915344216e-06 2.9632930339919434e-06 3.812966581117071e-05 3.7399469290750457e-06 2.068550379628337e-06 1.3999892279808363e-05 2.2626035019325737e-05 1.70008803372266e-05 9.113145032231244e-06 4.1631755653070176e-07 2.370403212547729e-07 0.0 0.0 0.0 0.0 0.0 0.0 0.0 0.0 0.0 0.0 1.1651172981607695e-06 0.0 0.0 0.0 0.0 0.0 0.0 9.212812196795891e-07 2.2036269335469541e-07 0.0 0.0 0.0 6.0236970133215105e-06 2.2893596389023534e-07 1.2040995022789376e-05 1.4547691976736406e-06 4.305252803106618e-07 0.0 3.636633740211167e-07 0.0 0.0 1.0897730011838228e-07 0.0 0.0 0.0 3.649652013333134e-07 0.0 0.0 0.0 1.1772960482569317e-07 1.1772888245923584e-06 0.0 0.0 0.0 8.849658649552363e-07 1.977065557266626e-07 5.116151929958036e-07 0.0 5.194907497505063e-07 7.094414100069235e-06 0.0 0.0 0.0 0.0 0.0 0.0 1.5346504273342574e-07 2.666360336353947e-07 2.8832589085543473e-07 5.677519354477463e-06 0.0 0.0 0.0 6.252410852087683e-07 1.3022383233414358e-06 1.7402764146123678e-06 4.573979303791683e-06 0.0 0.0 0.0 0.0 0.0 0.0 0.0 0.0 0.0 0.0 0.0 8.843965326003251e-08 8.078528921311356e-08 4.092932282123129e-06 1.982210220437108e-06 3.573108075720295e-06
0.0004490024045400411 0.0012653070167751555 0.0 1.875861191757501e-06 0.0005328124209804472 2.4075961349313083e-06 2.528078066107707e-05 0.001980068296637481 0.0007352148550995495 2.989549077175595e-06 0.0017722242706412043 1.498394481359383e-05 6.544283258957419e-05 0.0007103183066133266 9.513595553367217e-06 5.319336959005988e-06 9.85235662456165e-07 2.021626033474545e-06 8.503717916660009e-08 1.5455347479704537e-06 9.562303355703122e-06 3.285729120196661e-07 0.0 9.808539719596695e-08 8.719793703219116e-06 3.4091431393851603e-06 0.0 5.002981646053026e-07 1.7415270614925833e-07 7.767763285128792e-08 0.0024680749315861214 0.0005914265209193683 0.00010247866946559787 9.502796323401166e-07 4.919133979022415e-06 2.0178265411406522e-05 1.9124178609378503e-05 2.7391828100182064e-05 5.741850145055169e-06 3.9105208422372735e-06 1.6020390125448303e-05 3.172797888357381e-06 4.816853169658963e-06 1.1205840618284097e-06 1.789020248177316e-07 1.0765143747118692e-06 2.9308762100920576e-05 8.46862350982046e-07 1.249110319667471e-06 9.362659930577562e-06 6.0051913986772774e-06 5.6648185178666025e-06 7.216714178948781e-07 2.927860836301321e-07 2.854958301891652e-06 4.034865090112059e-06 5.526841206659787e-05 0.0002836688219646626 1.407526551242894e-05 1.3471097521811097e-05 1.1205525400104027e-05 3.062798795249547e-05 1.0672425194572099e-06 6.424934267352431e-05 3.5020897957909617e-06 4.535340157651925e-06 3.921363880398906e-06 1.668293506496194e-05 2.696087867805126e-05 1.4955222585708843e-05 1.5458407833871316e-05 1.1375558312021343e-06 4.768745100547173e-07 7.999626129844833e-05 2.0772879198825024e-05 2.6216685733724572e-05 1.1939721417686833e-05 3.784767042231147e-06 3.541787827669282e-05 0.0006270524031215001 8.302165784181057e-06 0.0001449102428110574 7.378423298039835e-06 1.3254660628870798e-07 2.1858074901897398e-06 2.8610795584040192e-06 4.947135484986423e-06 0.0 5.758684598200828e-07 3.9439670598562294e-07 1.0587463833144527e-06 2.16480811283963e-06 7.789780387674256e-05 1.123354676858403e-05 5.0862370340665785e-06 8.0167674908824e-06 2.355620449205528e-06 0.0 3.794849587331312e-06 0.0001032469072432737 2.1263437640130604e-07 0.0 8.213071467107141e-08 1.750364830861186e-07 5.4782324812382e-07 7.95203548465403e-07 0.0 2.3106904543772423e-07 9.946720943071144e-07 2.6331198087413576e-06 7.047744108879101e-07 4.059835551544055e-06 4.7573284726793815e-06 3.277877068529238e-06 3.106522968854039e-06 0.0 0.0 0.0 0.0 0.0 0.0 0.0 0.0 0.0 1.5812564865313278e-07 0.0 0.0 3.1853683916159304e-07 0.0 0.0 0.0 4.966479956644832e-07 3.947670801747721e-07 0.0 2.54545074118053e-07 1.0416214876212622e-07 0.0 0.0 9.850144953642124e-08 1.643717510943176e-06 3.373119477260932e-07 5.700919795961252e-06 1.2920051469038243e-06 5.812210313279662e-07 3.242622747174788e-07 1.1821182798291036e-06 1.9146742027941665e-07 0.0 0.0 0.0 2.288071674878339e-07 0.0 1.0319705692872999e-07 0.0 1.6389669063599455e-07 2.197411405650315e-06 6.89697967157035e-07 1.3146384659488702e-06 0.0 0.0 0.0 0.0 0.0 1.7613077092889272e-07 0.0 0.0 2.428716531717278e-06 1.0796909171686311e-07 0.0 1.3380455368099336e-07 0.0 0.0 0.0 0.0 7.252286679673462e-08 4.165141170546054e-07 3.1260608349195386e-06 4.0848564915342394e-07 1.291884578306604e-07 0.0 1.8052183681983497e-06 5.35515727241088e-07 9.945766804567436e-08 6.382193771404272e-07 1.507649496253886e-07 0.0 0.0 0.0 0.0 0.0 9.985405767362209e-08 0.0 0.0 2.056442923515302e-07 2.2322284954945603e-07 1.764476336453656e-07 2.3045443966165048e-07 1.3016029841110854e-06 5.027532986367915e-07 1.650126899455044e-06
0.0007935606820199793 0.0013534057622189614 1.875861191757501e-06 0.0 1.7811963790480641e-06 0.00029896721320454514 0.00027989439624891095 5.9014260545195746e-08 5.424383135740126e-07 0.0012273045285585249 8.444968518692683e-08 0.00046308676314508074 0.0003900670099871202 4.172507811934464e-05 6.921711296109599e-07 0.0 0.0 0.0 0.0 0.0 0.0 0.0 0.0 0.0 0.0 0.0 0.0 0.0 0.0 0.0 1.6452003581664263e-05 8.043995449957048e-07 8.127857584809469e-07 0.0 0.0 0.0 0.0 7.535010152443752e-08 0.0 0.0 0.0 0.0 0.0 0.0 0.0 0.0 1.1140597335422064e-05 4.435283427516927e-07 1.754397326338283e-07 5.3739556042885094e-08 8.378119394703217e-08 0.0 0.0 0.0 2.5359039409565908e-06 2.852400960691193e-06 2.8159061942177078e-05 4.510026517847109e-05 8.499699028312776e-06 8.484459965035156e-06 0.0 2.0591656302796713e-07 0.0 6.734939857213638e-06 2.6147358283129487e-06 2.1279881825832126e-06 3.2111311558493503e-07 1.8363527723648608e-07 0.0 0.0 7.447618873209538e-07 0.0 0.0 4.396469911848374e-05 1.0920457919903856e-05 1.0585096100331212e-05 6.475554973939618e-07 1.0302476484389467e-07 0.0 0.0 6.080305506666305e-08 3.2510946200016436e-07 6.250286167409866e-06 6.287626216885099e-08 1.7143447703229116e-06 1.1776163844801996e-06 6.590702492671312e-08 0.0 6.160504577568169e-08 0.0 1.3928254542464412e-07 0.0 6.831207488382347e-08 0.0 0.0 1.4080308378283763e-06 0.0 0.0 1.1195902392780418e-07 0.0003785091298650085 3.3530372798923793e-07 3.723219422027245e-06 1.5979271858612137e-05 3.2378689867210775e-05 1.0191923677411701e-07 5.160916733410068e-06 1.2213827258424035e-05 4.840470454282292e-07 2.8797302124496115e-05 1.502720922092855e-05 0.0 1.6030810128393725e-05 1.1648977392307392e-05 3.913448091418743e-06 1.8407479111730629e-06 0.0 0.0 0.0 0.0 0.0 0.0 0.0 0.0 0.0 0.0 0.0 0.0 0.0 0.0 0.0 0.0 0.0 0.0 0.0 8.992363167841627e-07 0.0 0.0 0.0 0.0 1.6426674718882914e-07 0.0 6.360673706163883e-07 0.0 0.0 0.0 0.0 0.0 0.0 0.0 0.0 0.0 2.991762141596365e-07 0.0 0.0 9.048877635714134e-08 0.0 0.0 0.0 0.0 3.9091536074601025e-07 7.304526582458152e-08 2.41430147339455e-07 2.8459926890295924e-07 3.661846686230357e-07 0.0 0.0 0.0 1.805284969361087e-07 0.0 0.0 0.0 0.0 0.0 0.0 0.0 0.0 5.653721882969932e-07 0.0 0.0 0.0 0.0 0.0 0.0 0.0 3.550589802499129e-07 1.1729623618292709e-07 0.0 0.0 0.0 0.0 6.021975696024228e-08 0.0 0.0 0.0 0.0 0.0 0.0 6.637077609775006e-06 0.0 0.0
5.6858525969840805e-05 0.0024184143705125462 0.0005328124209804472 1.7811963790480641e-06 0.0 1.535928324336366e-06 0.002537665030577811 1.7730976131072973e-05 0.0041313261853168125 1.2560557968200286e-05 0.0004867085389204782 1.1017554253971013e-05 0.0009517650909488497 0.003007720586851289 6.861721087741484e-06 9.480754975983196e-07 5.93012475170145e-07 0.0 0.0 0.0 1.5346562165122496e-07 0.0 0.0 9.021905189438751e-08 4.025395895612209e-07 2.6459240257262857e-07 2.4382779944433516e-07 0.0 0.0 1.7364085059778942e-07 0.0001242345918268481 4.060359352270219e-05 1.323908751977672e-05 0.0 0.0 6.135634166452104e-08 7.1517060852850355e-06 1.2765309968912455e-06 1.1000074481666926e-07 3.4729392507052437e-07 3.03693683934288e-07 6.779502444166099e-08 8.55264774165665e-08 0.0 7.120704299403036e-08 4.7138279334837624e-08 6.485426499915765e-05 1.4037092881818326e-06 2.769591318890343e-07 6.411701621481745e-08 3.386596786089151e-07 2.356288889213759e-07 8.823439872280848e-08 0.0 6.211602383121575e-06 6.308706253366449e-06 3.0531402690135336e-05 5.46295221335815e-05 1.6940480593185643e-05 3.646391594396654e-05 9.10390121094293e-07 5.856865455355663e-06 2.2493885412321764e-07 3.3668409789895576e-05 7.432179527427656e-06 6.202002832215166e-06 6.739141832157236e-07 1.8556891699130802e-06 1.1176675149414762e-07 1.3168080141945407e-07 2.728904413440363e-05 1.2017713044281431e-06 0.0 9.386245618584652e-05 3.443246146932034e-05 6.579870808470977e-05 8.078802442040388e-06 1.8033520191844578e-06 5.264749165431312e-08 3.3048073767612765e-06 2.0454572154167546e-07 2.848385453633761e-06 1.515210991639484e-05 5.83578907169193e-08 4.803369805248101e-06 4.249774603217807e-06 8.386913463462734e-07 0.0 9.405607808201616e-08 0.0 1.1620528864462258e-07 0.0 8.494903099076716e-07 1.5505143119816765e-07 3.9619777561369934e-07 2.1125004858941325e-05 8.621922136740869e-06 0.0 0.0 1.3600948113032192e-05 0.0 4.407805939501337e-07 1.1946836240591247e-06 0.0 2.070415775733285e-06 8.545407262850816e-06 1.4635193813900773e-06 1.4759200260678147e-06 1.0436219058003778e-05 5.824099635215233e-06 2.1897910235658916e-06 1.1157286966900929e-05 2.8309907264036396e-05 1.341334981557768e-05 7.70856758252363e-06 0.0 0.0 0.0 0.0 0.0 0.0 0.0 0.0 0.0 0.0 0.0 0.0 6.715430486199458e-07 0.0 0.0 0.0 0.0 0.0 0.0 1.8715779019173665e-06 0.0 0.0 0.0 0.0 5.482841537857949e-06 5.564237790275852e-07 7.57645869444593e-06 1.6630041881618288e-06 1.4859663196427847e-06 0.0 0.0 0.0 0.0 0.0 0.0 0.0 0.0 1.9399797756612255e-07 0.0 0.0 0.0 1.138454455075118e-07 0.0 0.0 0.0 0.0 1.6614691850557221e-07 9.921837928965828e-07 0.0 0.0 0.0 7.295849823962058e-06 1.709551228482381e-07 0.0 0.0 0.0 0.0 0.0 0.0 0.0 0.0 6.5022043533440624e-06 3.777637213572449e-07 0.0 0.0 0.0 1.734365961026397e-06 5.079360013175299e-07 3.1920335900707075e-06 5.316822975162471e-07 4.801477522766073e-07 8.72802499727666e-08 0.0 0.0 0.0 0.0 0.0 0.0 1.4007853280731698e-06 0.0 0.0 0.0 3.831619479621848e-06 4.347277081421664e-06 2.7272604139452197e-06
0.00036711275791603365 0.00013365386128052687 2.4075961349313083e-06 0.00029896721320454514 1.535928324336366e-06 0.0 5.8956102058360064e-05 2.2845383295001274e-07 1.597837225109121e-06 0.0007016277049067324 1.5031960250734587e-06 0.0002474873305208468 8.46457423648583e-05 2.435475301219484e-05 6.83646232012233e-08 8.37701381540178e-08 7.993481285762209e-08 0.0 0.0 0.0 0.0 6.743572551355839e-07 0.0 0.0 0.0 0.0 0.0 0.0 0.0 0.0 5.343372821690788e-06 0.0 9.801715006233997e-06 0.0 0.0 0.0 1.1353867722188513e-05 2.8017733081150496e-07 9.88182497502645e-07 0.0 1.5356207550436785e-07 1.20549457070665e-07 0.0 0.0 0.0 0.0 1.9437978153943075e-06 0.0 0.0 0.0 2.3375162756312784e-07 1.783834573035453e-05 1.3689542962370904e-06 0.0 2.1860395132712174e-07 7.08263599695227e-07 2.616229238992926e-05 1.6976091512534887e-05 1.7739520578674542e-06 8.453053131374055e-07 0.0 4.0073972900040647e-07 0.0 6.31395416883184e-08 3.2592192958439826e-07 1.4759758275958562e-07 2.421407510068652e-07 7.928406826601375e-08 1.489162243037903e-07 0.0 7.784585339187215e-05 0.00011891204995328999 6.284675221827531e-06 5.3475369415581194e-06 8.566122591365017e-07 3.4066419941965524e-07 6.85616601795988e-08 0.0 0.0 3.8209865783749865e-07 0.0 5.617602125614206e-07 1.137859609351712e-06 7.014636004870696e-07 0.0 9.014975748309224e-07 1.2627205439238485e-07 1.2883634055716745e-06 2.69783106614595e-06 1.1637972293024153e-05 5.345869330413837e-07 1.9256295510088396e-06 0.0 0.0 5.14987158633536e-07 0.0003521797041933536 8.509048367360163e-05 1.8151255411660608e-05 5.285022410796761e-06 0.00021144631892692763 0.0 0.0 4.5052022503286245e-07 0.0 0.0 4.326232425527226e-07 0.0 0.0 2.84771265893412e-06 0.0 0.0 1.0060844392078253e-07 6.86713051614968e-07 4.084782359316946e-07 3.072095746846959e-07 0.0 0.0 0.0 0.0 0.0 0.0 0.0 0.0 0.0 0.0 0.0 0.0 7.865967211901762e-08 0.0 0.0 0.0 0.0 8.709486307470387e-08 0.0 0.0 0.0 0.0 0.0 0.0 7.952303323791564e-08 0.0 2.863305558819859e-07 1.1603043497660502e-07 8.963510314583844e-08 0.0 0.0 0.0 0.0 0.0 0.0 0.0 0.0 0.0 0.0 0.0 0.0 3.6950760555866055e-07 2.6124890124721697e-07 0.0 0.0 0.0 0.0 0.0 0.0 0.0 0.0 0.0 0.0 0.0 0.0 0.0 0.0 0.0 0.0 0.0 1.0319325553928761e-07 7.16757717310436e-08 0.0 0.0 0.0 9.3433213761763e-08 0.0 0.0 0.0 0.0 0.0 0.0 0.0 0.0 0.0 0.0 0.0 0.0 0.0 0.0 0.0 0.0 4.2226772490232904e-07 1.6316142916887244e-07 0.0
0.00029558121913336293 0.002482983767476371 2.528078066107707e-05 0.00027989439624891095 0.002537665030577811 5.8956102058360064e-05 0.0 3.396370880712013e-06 0.0015992980926576308 0.0006692789912955766 6.281434684875077e-05 0.00013478841205701993 0.004792386529285692 0.002907591103973019 6.7332861759587e-06 7.311649166959614e-07 5.705182654613925e-07 1.4713015530682892e-07 0.0 0.0 5.466311436656501e-08 0.0 1.8346472190504827e-07 0.0 1.6568131490004118e-07 0.0 0.0 1.938893664391969e-07 0.0 0.0 0.0001496967236424234 2.5844939125153838e-05 2.03097610103619e-05 0.0 0.0 1.4223171151182017e-07 1.078070313125008e-05 7.966921613000806e-07 8.609245819604224e-07 2.100173195737034e-07 8.062045645850481e-08 1.0584026239745667e-07 6.845995508093238e-08 2.3814780637410177e-07 1.3220358468477834e-07 6.192560741826967e-08 9.267051514131409e-05 2.423714149123068e-06 0.0 3.2081620760145156e-07 3.120273952106278e-07 9.132076832839e-08 0.0 0.0 9.868277740100524e-06 1.106475188518818e-05 6.35760922733586e-05 0.00010335774443209314 2.8687807712457575e-05 5.372604675012927e-05 3.9448327212768247e-07 9.688493741700488e-06 0.0 4.808536972439156e-05 1.200543074474671e-05 8.740530226272567e-06 1.5295101547173492e-06 2.279538774893751e-06 3.9730629561263385e-07 3.893655311964449e-07 3.500629468982416e-05 9.268199772994886e-07 9.278958012506852e-08 0.00017064468077587357 4.98139753354833e-05 7.716933840251253e-05 9.428644407533369e-06 1.3546422289277863e-06 1.6830399696431205e-07 2.8532524104482937e-06 5.488793939930111e-08 5.330887214422063e-06 2.9123984967241624e-05 1.3107613970929372e-07 7.749013874366775e-06 5.945695288966009e-06 8.907713551087326e-07 2.7629443179224927e-07 0.0 0.0 2.570274224092697e-07 0.0 4.559704235989862e-07 1.205104236661345e-07 0.0 2.5907051082625442e-05 1.0747915778441417e-05 0.0 1.3944736076048724e-06 7.307609737789163e-05 6.912274218739693e-07 3.336276841131187e-06 1.2047085878432534e-05 2.7898397015294247e-06 2.1263163858120093e-06 2.622965595154604e-05 5.4694285862456e-06 1.1395995206689966e-05 3.9644994062866576e-05 8.551372841706863e-06 2.004125876091494e-06 2.6537399150116093e-05 3.704710972222745e-05 2.0336111652812467e-05 1.4099971300840214e-05 1.4408144097402583e-07 0.0 0.0 0.0 0.0 0.0 0.0 0.0 0.0 0.0 0.0 0.0 0.0 0.0 0.0 0.0 0.0 0.0 0.0 2.9094485862409143e-06 3.5463578109238017e-07 0.0 0.0 0.0 6.303681349332901e-06 0.0 1.5823600780442194e-05 4.509838808105416e-06 3.3665726854271697e-07 0.0 0.0 0.0 0.0 0.0 0.0 0.0 5.080464772770122e-07 5.787006998813237e-07 0.0 0.0 0.0 0.0 0.0 1.7841411494584997e-07 1.3522222603102228e-07 6.502563026221236e-08 5.524907703181191e-07 0.0 1.5740596673492484e-07 0.0 0.0 9.902015476131947e-06 2.4611674820529505e-07 0.0 8.00552072671859e-08 0.0 0.0 0.0 0.0 0.0 0.0 5.826409066395318e-06 1.5508952706325346e-07 0.0 0.0 0.0 2.268814061382472e-06 0.0 2.4914982048655428e-06 7.052035068099283e-07 3.3307192302590665e-07 1.6299681671041731e-07 2.627359925014837e-07 2.6353623108760573e-07 7.398789769663616e-08 0.0 0.0 0.0 8.014641294870507e-07 0.0 0.0 0.0 1.2901370847031005e-05 3.024152315809456e-06 4.4210220283229664e-06
4.395657027750714e-05 0.0001646812841325351 0.001980068296637481 5.9014260545195746e-08 1.7730976131072973e-05 2.2845383295001274e-07 3.396370880712013e-06 0.0 5.572943837401741e-05 6.306988199526142e-08 0.0019961886762258894 3.6163583584853445e-06 9.400653537262737e-06 0.00026184743786873655 1.8496367052293877e-05 6.409663974277292e-06 2.8193997617953164e-06 1.1044431962653983e-05 7.58211541297137e-07 1.2987900804166532e-05 3.549721122508912e-05 3.499680437250939e-07 5.294715641361727e-07 1.60457916347287e-06 1.6450617739546856e-05 4.9445582710236364e-06 6.337411456969608e-07 1.3368054538987607e-06 6.256561282854489e-07 1.4776962380926914e-07 0.0007363946685897873 0.001994825820792805 6.561878789717827e-05 7.639548608021678e-06 9.481333729841049e-06 4.827785147525631e-05 1.3694856377518264e-05 3.0134383921988574e-05 3.6826958420963287e-06 3.428841913859834e-06 1.7185170078473476e-05 7.389511495081506e-06 2.7670121965480847e-05 1.6703013809316364e-05 8.137091528633032e-07 5.333824781660589e-06 5.8588892392719334e-05 1.6235233621432278e-06 2.459772182570435e-06 6.694060185969081e-05 1.6125271203023183e-05 5.220122395450638e-06 2.849504260950755e-07 2.751283156200961e-06 2.7794996558414518e-06 2.823216679554965e-06 3.175637290092883e-05 0.00012952549207715373 1.1152146950442338e-05 2.445632167581781e-05 0.000172909416981264 0.00020399608043018415 9.886636186667774e-06 0.00013567662803822415 2.6159871463279586e-06 1.4778033158559242e-05 1.2306037608236778e-05 7.098498233989383e-05 0.00015081565296762458 5.570336239988514e-05 1.6312044291578715e-05 1.0434646645536878e-06 0.0 6.846357499245266e-05 3.6982215060590185e-05 5.648248747475678e-05 0.00016564213522911097 9.821086087106182e-05 0.0013416175047608419 0.001966206648678063 0.00017781924552267618 0.0025327651011414045 7.67406582869228e-06 1.0925174814052412e-07 3.2633296788193176e-06 1.8500984326472474e-06 2.9599018636527772e-05 1.3358297673573235e-07 1.1012121453677864e-06 4.173038838886785e-07 5.785206103372817e-06 4.401806742427603e-06 0.00026110655217421 2.4082215080661307e-05 1.257056917833199e-05 2.392770280636816e-06 2.0044515967626107e-06 0.0 3.7348398904383432e-06 1.4415804655357639e-05 2.54188973070395e-07 0.0 1.3054023806417672e-06 0.0 3.5054094692696126e-07 2.3405648670080883e-07 0.0 4.672011317594132e-07 9.340323504146502e-07 6.181050626419357e-07 0.0 1.419614419441651e-06 2.123842352419802e-06 1.4618212566669268e-06 1.735496705321021e-06 1.0109883340518462e-07 0.0 0.0 0.0 0.0 0.0 0.0 0.0 0.0 1.2071162577876425e-07 0.0 0.0 1.4485142726276598e-06 0.0 1.5138203501398263e-07 1.0562117531104875e-07 4.502047711871398e-07 6.765320699962774e-07 2.914013993483237e-07 1.5110960551938838e-07 2.0697323658329377e-07 0.0 0.0 0.0 7.320607484432768e-07 1.0712125891521561e-07 3.0613112152452096e-06 1.206178083070325e-06 1.4933022532843235e-06 7.457321740450438e-07 1.2844849432144908e-06 7.726529992961414e-08 0.0 0.0 0.0 3.044958949394603e-07 0.0 7.605107876224895e-08 0.0 0.0 1.1069888228336486e-06 9.159156609449718e-07 2.2017767122607774e-06 0.0 0.0 0.0 0.0 0.0 0.0 0.0 2.777568191383068e-07 1.1511240147553244e-06 8.155182761089041e-08 8.431467950689172e-08 0.0 2.9558073501975733e-07 1.2613807334562257e-07 7.867353540719976e-08 2.615051312897669e-07 0.0 5.930574514476583e-07 1.1994023625475689e-06 0.0 0.0 5.778133059890103e-07 1.5900210817147465e-06 1.0183923135890371e-06 0.0 6.820220755650526e-07 5.456062030027847e-08 0.0 2.092503815689501e-07 0.0 0.0 0.0 0.0 0.0 7.637033399741399e-08 2.9619740543187587e-07 2.415389787625343e-07 3.6240366938276824e-07 0.0 4.441929096461522e-07 1.640207788485071e-06 1.1522668394762352e-06
1.0841290844264944e-05 0.0007251982483166122 0.0007352148550995495 5.424383135740126e-07 0.0041313261853168125 1.597837225109121e-06 0.0015992980926576308 5.572943837401741e-05 0.0 8.220516657394572e-06 0.0007396757039674247 1.1329746958390717e-05 0.0014792382816896815 0.0031473839139675025 4.726339048997817e-06 9.64273110425883e-07 8.368225023503617e-08 0.0 0.0 0.0 9.425530777559563e-08 0.0 5.4948413255066693e-08 0.0 2.2440705920825838e-07 1.5365171042307965e-07 0.0 0.0 0.0 0.0 3.220694333299206e-05 1.1207053102698064e-05 8.601674117846598e-06 0.0 1.9428233379201316e-07 1.8087334238726405e-07 2.6861837318504357e-06 5.293200106287805e-07 0.0 8.626329120309705e-08 2.4719023599262964e-07 8.527709192427936e-08 0.0 0.0 0.0 0.0 2.61156517698519e-05 2.9978607076049037e-07 1.5506061703545905e-07 2.1157524372612455e-07 0.0 0.0 0.0 5.3094113928463954e-08 1.626427613430887e-06 1.080763411061691e-06 5.330511168887748e-06 1.0933936714450323e-05 3.451672392839248e-06 1.2702421119123849e-05 4.3098890637397614e-07 2.586010618745137e-06 0.0 8.325348209320206e-06 1.578411074809364e-06 1.2101866431141671e-06 2.271929551065669e-07 7.51853456173242e-07 1.2707685259657117e-07 6.825095038592961e-08 1.1468829623479655e-05 4.0660202482255124e-07 0.0 2.307998593685236e-05 1.0745253663365637e-05 2.2616860698912317e-05 4.448487948228905e-06 1.5870683652732805e-06 0.0 1.4212614779794308e-05 4.682607869975639e-08 1.4630840813135915e-06 3.138578590057201e-06 0.0 1.1947066117066024e-06 6.736238175156875e-07 3.8089262348998384e-07 0.0 5.7802262832032756e-08 0.0 0.0 2.097916133563526e-07 5.785323475114226e-07 1.2416812878467588e-07 0.0 1.0793563088285051e-05 3.0539000735214414e-06 0.0 1.651629785431213e-07 3.361360842176151e-06 2.308832794253504e-07 1.7919147347098846e-07 3.800068177792433e-07 1.7364452595733926e-06 1.7438506326118341e-06 1.5511416334566666e-06 2.901269256459799e-06 7.913226372346966e-07 7.690108542584815e-06 4.933269317584812e-06 2.3201174903410802e-07 8.77157487256437e-06 1.668826449512736e-05 7.256816173519569e-06 9.809885918652774e-06 5.985747737394886e-08 0.0 0.0 0.0 0.0 0.0 0.0 0.0 0.0 0.0 0.0 0.0 0.0 0.0 0.0 0.0 0.0 0.0 0.0 1.469993813622108e-07 8.355437497794707e-07 0.0 0.0 0.0 4.117524151807127e-06 6.914435170312203e-07 4.911108195660408e-06 1.3706761002351763e-06 0.0 0.0 0.0 0.0 0.0 0.0 0.0 0.0 7.388153563974451e-08 0.0 0.0 0.0 0.0 0.0 0.0 0.0 0.0 0.0 5.748155261762022e-08 6.078068219914964e-08 3.899069781568347e-07 0.0 0.0 4.9274989057514135e-06 1.2414416773558943e-07 0.0 0.0 0.0 0.0 0.0 0.0 0.0 0.0 2.494483596862082e-06 5.224040792889632e-07 0.0 1.1112598683061716e-07 0.0 2.098707785722821e-06 0.0 1.1654668005701501e-06 0.0 0.0 0.0 0.0 0.0 0.0 0.0 0.0 0.0 0.0 0.0 0.0 0.0 8.278226278009233e-06 8.516791007662071e-07 1.447293053215041e-06
0.0007797901843299143 0.0005500322707813051 2.989549077175595e-06 0.0012273045285585249 1.2560557968200286e-05 0.0007016277049067324 0.0006692789912955766 6.306988199526142e-08 8.220516657394572e-06 0.0 2.212978064677936e-06 0.00184827638342749 0.0058378981288782425 0.0005316417133702434 4.0471820581135675e-07 1.5604956233144807e-07 1.1269484382006001e-07 0.0 0.0 0.0 0.0 2.0753937720556003e-07 0.0 0.0 0.0 0.0 0.0 0.0 0.0 0.0 1.1874919541715584e-05 8.872620066417724e-07 3.0314252314308127e-05 3.087211649205173e-07 0.0 0.0 1.4917175339471833e-05 2.398480674576256e-06 5.165657957475685e-07 0.0 0.0 0.0 0.0 0.0 0.0 0.0 1.2422899712425148e-05 6.485669743756214e-07 0.0 6.11500522476914e-08 0.0 1.3308928588292507e-06 0.0 0.0 2.6549831927293267e-06 3.050324359557396e-06 4.1248145517706516e-05 3.974225800644452e-05 7.535886167783572e-06 7.427444177072274e-06 0.0 9.175115057501896e-06 0.0 5.21422387371913e-06 2.4422630955084107e-06 2.040165087025638e-06 3.4637253896938293e-07 3.087846409517725e-07 5.0545395016996236e-08 1.8278394018904536e-07 0.00010626526497102766 1.8147552848097384e-05 1.1999689181463106e-06 4.2581897205830434e-05 7.756798284868684e-06 8.97464410268299e-06 5.790200934419805e-07 0.0 0.0 2.4052057116141687e-06 0.0 5.896454574864875e-06 6.113137968954802e-06 0.0 1.3584551250018386e-06 1.2043455110922733e-06 0.0 3.5885882761923504e-07 2.3087755684852138e-07 1.3470343115071271e-06 8.056021826839194e-08 8.744690657460116e-08 6.979799805615911e-08 0.0 2.1880004564288615e-07 0.00017274294070976235 5.906773305106872e-05 4.4401265411152e-06 2.6324507078446653e-06 0.0006521361621890702 6.614005829659829e-07 2.163158352856227e-05 7.388888379726102e-06 1.921424817752471e-05 4.277059280867272e-06 2.363074327870792e-05 5.1683795320202884e-05 1.4797019136651298e-05 0.0001491475012985508 4.578154411826232e-05 1.354615068973622e-05 0.00010339131527585711 0.00019311282915250347 7.695904171667698e-05 4.518476266792336e-05 5.272316082151557e-07 2.016411884798662e-07 0.0 0.0 0.0 0.0 0.0 0.0 0.0 0.0 0.0 0.0 5.6096607054327224e-08 0.0 0.0 0.0 0.0 0.0 0.0 3.492415223797895e-06 8.196154771771836e-07 0.0 0.0 0.0 8.857342886782356e-06 1.3733954871877424e-06 1.5029578132070123e-05 1.7100889457776573e-06 0.0 0.0 0.0 0.0 0.0 8.444657030177729e-08 0.0 0.0 0.0 4.3832434306837737e-07 0.0 0.0 0.0 0.0 1.2860724485294997e-07 0.0 0.0 0.0 5.869244270221522e-07 1.0556981044507906e-07 5.990252004769817e-06 0.0 0.0 9.683775515528682e-06 3.2244184464371125e-07 0.0 0.0 0.0 0.0 0.0 0.0 0.0 0.0 1.2740123350845217e-05 3.1863570807536017e-06 1.0747408113640034e-07 0.0 0.0 5.418906604098889e-06 0.0 7.266603511527484e-06 8.379550295068799e-07 0.0 1.1840675216747717e-06 0.0 0.0 0.0 0.0 1.5499685923005382e-07 0.0 0.0 0.0 0.0 0.0 5.8984849958431704e-05 2.059517284418925e-06 3.6920422394215903e-06
8.615410441158283e-05 0.0006522066265829912 0.0017722242706412043 8.444968518692683e-08 0.0004867085389204782 1.5031960250734587e-06 6.281434684875077e-05 0.0019961886762258894 0.0007396757039674247 2.212978064677936e-06 0.0 0.00013612447483622985 0.000653029778131071 0.002705793943490437 2.5490692673966153e-05 9.135468000104263e-06 1.8384728513161169e-06 2.663549987582582e-06 0.0 1.607033001343269e-06 9.319358590336525e-06 7.141037839313423e-07 9.287125364325008e-08 3.3924165493841386e-07 1.9064633322393304e-05 1.2736495559895074e-05 4.775797548901103e-07 3.961176687597921e-06 6.126858336164848e-07 1.25200011337965e-07 0.0004895772232455556 0.00046277134569433194 0.0005670786109922109 1.5957174894100114e-06 4.6027351396480205e-06 4.3839449550757526e-05 0.00020080718764336163 0.00012377602436263246 2.933473432581081e-05 1.1389662245573925e-05 3.5595114642292655e-05 5.518910140397526e-06 3.196503624447991e-06 7.040113716127603e-07 2.4096653664563975e-07 7.220229746939711e-07 7.756103688022268e-05 1.2252851420762413e-06 2.0046693620720966e-06 5.801743868831146e-06 8.136365027780392e-06 1.1201606628673889e-05 1.6477275823210958e-06 1.0768572733598064e-06 2.775737427882744e-06 2.885351850093371e-06 3.1101689962271696e-05 8.136325180304729e-05 1.0652998516586207e-05 2.891885112157081e-05 4.923280700616773e-06 6.735630184925528e-05 8.321324638398913e-07 5.097210258545646e-05 3.8914502704222054e-06 4.765994754300266e-06 4.451270416728916e-06 1.3766226465281842e-05 1.815785901428619e-05 1.5779466141822484e-05 0.00012887176673001443 2.135410282759834e-06 1.9132761931566448e-07 7.414288400214351e-05 3.2034582141765604e-05 6.419920382737417e-05 2.8309295614327318e-05 8.774530806354314e-06 2.6604141271652865e-05 0.0010083375731884006 1.5738290992470182e-06 0.00015462499535220508 7.836858082492933e-06 1.5689850686019654e-07 3.133522644758651e-06 2.7988070972533798e-06 3.2943746222547733e-06 8.163026328792964e-08 6.471787192468571e-07 6.083995313545286e-07 2.270727231013768e-06 4.57849305927072e-06 8.043249123987525e-05 1.2065403647058848e-05 1.0983395670315415e-05 3.167134798149934e-05 7.473798191853712e-06 1.9812953458804163e-07 1.0197094094739498e-05 2.3985114074266426e-05 4.806927137291231e-07 7.281391900106357e-08 1.2497007799604696e-06 0.0 8.541392862397316e-07 2.035850663703508e-06 2.69602818291698e-07 1.5100273421976014e-06 6.211792134957381e-06 3.7614105677610985e-06 1.5502691992101374e-06 6.052773672101921e-06 1.2091979042817825e-05 9.440338828850944e-06 1.156687038252709e-05 1.6901585580748144e-07 0.0 0.0 0.0 0.0 0.0 0.0 0.0 0.0 0.0 5.075182993175062e-07 0.0 6.227712835519781e-07 0.0 0.0 7.527591295231442e-08 5.374759992639387e-07 4.2263984096804217e-07 1.0831116860891505e-06 1.7847642340749068e-06 6.608190984604551e-07 1.2679451489822815e-07 2.4465805978535266e-07 0.0 2.9058887028609343e-06 7.688233299754117e-07 1.1854346954862634e-05 3.0848888363145445e-06 1.3940891498313874e-06 4.1619843266639635e-07 3.051760705848823e-06 2.140887818541678e-07 0.0 0.0 6.589844362305272e-08 1.3777792781824468e-07 1.1080652666879752e-07 6.774776835511561e-08 0.0 0.0 1.6752327200655544e-06 7.490855374657063e-07 4.399957750701353e-06 0.0 0.0 0.0 1.208691938834683e-07 7.568297925896553e-08 4.256102015944678e-07 0.0 1.086321134643471e-06 1.0670297031264322e-05 1.6027541123030421e-07 6.183204815412267e-08 0.0 0.0 0.0 1.1194405403568735e-07 2.910524912262414e-07 0.0 1.0496080121594183e-06 6.287001518471287e-06 2.8808086005455736e-07 0.0 2.0600067517333815e-07 2.037132034212411e-06 1.0158132399168602e-06 0.0 3.364103083573868e-06 4.876220831343143e-07 2.4214988048932656e-07 6.295469272272385e-08 0.0 0.0 0.0 0.0 2.928598213636152e-07 1.2658230310108123e-07 9.693557422980253e-08 2.6932466622027475e-07 3.4643839727299753e-07 5.71228213363508e-07 5.040496298161124e-06 3.040141292809995e-06 4.208696968214078e-06
9.634676754121177e-05 5.132113342274268e-05 1.498394481359383e-05 0.00046308676314508074 1.1017554253971013e-05 0.0002474873305208468 0.00013478841205701993 3.6163583584853445e-06 1.1329746958390717e-05 0.00184827638342749 0.00013612447483622985 0.0 0.0007662590543028736 0.0004187188213388071 9.019648603719711e-06 4.831306011333628e-06 9.587019282860632e-07 7.866988361421519e-07 0.0 0.0 1.159328883520766e-06 0.0 0.0 0.0 3.3521445425375475e-06 1.6878801015585692e-06 8.322376783075172e-08 6.035529135104623e-07 0.0 0.0 3.1187928754493232e-06 3.0190726758664708e-06 9.297296069896605e-05 0.0 1.9040453232329004e-07 4.784493867646383e-06 0.0001931796831486241 3.251741568326976e-05 1.664761084824878e-05 4.4984414945748185e-06 5.006751164277471e-06 3.0736393568725585e-07 1.673460826869923e-07 1.752320240999157e-07 0.0 8.463034340243534e-08 1.73767537433977e-05 6.740652448991448e-08 1.5328623910414123e-07 6.381368121912984e-07 2.144005306259757e-06 4.452940133494576e-06 8.079368434090831e-06 1.4072147379191898e-07 4.549658116602548e-07 4.821933660047565e-07 1.0555567511676299e-05 7.212623914647762e-06 1.7031928410916704e-06 3.933503233345726e-06 9.432035303270818e-07 1.1829551762075126e-05 0.0 1.1178551749884547e-05 1.4427757627512124e-07 2.5818682057336917e-07 5.194856983084709e-07 1.2891839472660988e-06 2.7009952873876053e-06 2.655178021622999e-06 0.000649457236718536 1.9205366605083686e-05 3.3563534542484024e-07 9.590147775140064e-06 3.38673488616167e-06 1.0324956882041698e-05 7.398977625927867e-06 2.397576727733419e-06 1.1459828455843027e-07 1.424990897693058e-05 0.0 7.067871287648334e-06 5.022700918316323e-07 0.0 2.244902543068502e-07 1.2193516598574624e-07 7.296822877195981e-08 0.0 3.4617858613715883e-07 8.109857186093097e-07 2.4138410544333797e-07 6.965355960221387e-07 1.4751934437568311e-05 8.748360791380255e-07 2.553379794038409e-06 0.0009504388367226789 8.674985318527772e-05 9.563464961951923e-07 4.743606461445249e-05 0.00016658073752077017 3.000901614232167e-06 1.3057980197258428e-05 1.4339853411738333e-05 1.2849262558390213e-05 1.0231319597194144e-05 3.681976453223237e-05 5.350331343961859e-05 3.981557096795797e-05 0.00013723801669603705 6.305652398960832e-05 2.5670300901651394e-05 0.00021031897456018413 0.00032422834846429466 0.0001808979268283568 0.0001128452924961331 5.443207032217915e-07 4.122627291714226e-07 0.0 0.0 0.0 0.0 0.0 0.0 2.978879017603091e-07 0.0 3.548175510349897e-07 0.0 1.6101603665260986e-07 2.3500962106391055e-07 0.0 4.798033627872584e-07 3.367928480173849e-07 3.2019358407001753e-07 1.6590907038393777e-07 8.652446868740516e-06 3.3456912945984334e-06 0.0 0.0 0.0 2.260969415252029e-05 1.9071763002480173e-06 5.521647497880748e-05 1.100826825365402e-05 1.0193295968754072e-06 0.0 6.427084338344218e-07 1.1675393877692082e-07 1.0993995332458908e-07 5.06847297726093e-07 1.0621820862649249e-07 0.0 5.964442947605128e-07 1.0126874475461041e-06 0.0 0.0 4.1548991925086283e-07 7.779847451327532e-07 6.936790772754963e-07 4.160076869363163e-07 3.9430546239267266e-07 1.3823958658567506e-07 1.2287548679745394e-06 6.083925587251065e-07 2.282694891286217e-06 1.1419591107216891e-07 4.385862393329264e-07 3.6242397177382715e-05 2.3021585277942634e-06 0.0 9.173516076294227e-08 0.0 0.0 0.0 0.0 7.831501110185147e-08 0.0 4.3010837163294955e-05 4.69350227300324e-06 3.122374399084026e-07 2.9190853134040464e-07 5.512705499229412e-07 1.3806777433660142e-05 6.049018432142134e-07 1.5647564813706877e-05 9.147143757726772e-07 5.433357181334022e-07 9.83745804692061e-07 0.0 2.910415174038888e-07 0.0 0.0 1.4495299403594055e-07 1.2455885731379083e-07 7.405560546330833e-08 0.0 9.583408321511998e-08 0.0 0.00012418190271459024 1.1004401856353624e-05 1.2753711140756083e-05
