0.0 0.0012731862485061154 0.000516476806916164 0.001231804954075849 1.7648683531453387e-05 5.829466490352622e-05 0.00013435750157167494 5.887839352669178e-05 2.4419716208553085e-06 0.0013914326142796289 8.033627487207399e-05 0.000284985847786939 0.00011634159582447209 6.35834676709685e-05 5.549437136415022e-06 2.8931339342370247e-06 5.106862598587859e-07 6.18848076863726e-08 2.1760074159418231e-07 0.0 3.035834742996837e-07 8.61471619366585e-07 0.0 1.300969602523931e-07 3.830973331083228e-07 0.0 0.0 1.0809430008601948e-07 7.442347377412358e-08 0.0 0.0017725937963751263 1.548763391586356e-05 2.697574621028767e-05 0.0 0.0 5.218900771589361e-07 9.018377791815105e-06 3.2278078506964383e-06 2.0163612066353492e-06 6.192336551859154e-07 2.8254751333003985e-07 2.6625368282086e-07 4.903101526336512e-07 5.924284499776024e-07 1.5746091561962214e-07 5.150779706854074e-07 3.1152952090777016e-05 2.685886946282532e-06 7.188345339644076e-07 1.3374134891894472e-07 2.1815439915593758e-07 6.671249552059965e-06 6.886029145439901e-08 2.2240117805615123e-07 5.415525712636183e-06 4.884956880344948e-06 0.00017765012324403876 0.0005149807436252504 3.0098693070603436e-05 3.861047187773984e-05 7.750285384696731e-07 6.705553126509114e-06 0.0 5.234205630084543e-05 4.77121638201617e-06 4.146593219958991e-06 1.7924315198999345e-06 6.341832518439651e-07 1.0591151833919082e-06 7.604664216211076e-07 1.740024545260236e-05 5.0523266660584046e-05 2.888043549202509e-06 0.00017187915500120455 5.754117976897471e-05 3.0134899073677727e-05 9.558427919836685e-06 4.552808595558245e-06 5.509979077041584e-06 1.3782366192318438e-05 1.3120739353266798e-06 4.216890066238004e-06 1.910302646377785e-05 6.522905505541326e-07 6.266689929469215e-07 4.749473378411875e-06 8.517417277057039e-07 7.221408579578808e-07 1.3371518040604775e-06 6.168028343054488e-06 7.609346487474966e-07 2.25805883307863e-06 7.28260079405131e-07 1.7466785538905008e-07 9.818755551610176e-07 0.00024196566046888807 4.708607692707288e-05 5.496479717444698e-06 2.3185815687038545e-06 0.00048539869972804943 0.0 1.4311667438581803e-07 2.1197467087683845e-06 1.7373799139000987e-06 2.0476334432177556e-07 5.15716719803605e-06 2.8191657584170165e-06 3.1346128049216734e-06 1.4061649534427808e-06 5.954360023092154e-06 1.5495600639310387e-06 5.378112236889781e-06 4.003758648157303e-06 4.027169599704713e-06 2.2043594810644553e-06 0.0 0.0 0.0 0.0 0.0 0.0 0.0 0.0 0.0 0.0 0.0 0.0 3.1936267009651715e-07 0.0 4.8345041484471814e-08 0.0 4.8027196587181986e-08 0.0 8.442148926352645e-08 6.572378345497592e-08 1.0427362236730723e-06 0.0 4.4373371083932185e-07 0.0 3.920033959854286e-07 1.9810619164816165e-06 2.5929593042185758e-06 3.4785533702597497e-07 8.791428985680813e-07 0.0 0.0 0.0 0.0 0.0 7.440815362277563e-08 0.0 0.0 0.0 0.0 1.8112733951573146e-07 0.0 9.247985121933417e-08 0.0 0.0 0.0 0.0 7.119545905196413e-08 0.0 2.3293656138570713e-07 4.933593475370203e-07 0.0 6.041542584867371e-07 0.0 0.0 2.2991677364228336e-07 7.579010658078821e-08 0.0 0.0 1.6332694273760555e-07 0.0 0.0 7.163064265928926e-07 0.0 0.0 0.0 3.1517351473330895e-07 7.707946652084748e-07 6.263699652432075e-08 6.709703899127545e-07 1.2196412494642294e-07 7.532747942861529e-07 0.0 0.0 2.542511231906011e-07 0.0 0.0 1.334503601763681e-07 0.0 0.0 0.0 0.0 0.0 1.2874413487921368e-06 4.6247628986536897e-07 7.40262323689725e-07
0.0012731862485061154 0.0 0.0014104803936936937 0.000621369642831841 0.00033435182655292385 7.885232929843835e-05 0.0016338260331656218 0.00023728196582409 0.0002604581039809681 0.0010102047529174298 0.0005645185803943742 0.0002737565362441106 0.0011300810998984615 0.0006269561617992023 3.523423020114321e-05 1.786943170518564e-05 1.193510008542282e-06 1.858863056693972e-07 3.027785850824289e-07 1.06909910245941e-06 8.013259289039819e-07 3.6549522756715217e-07 8.724156436117571e-08 6.661246989944995e-08 1.0049683370521697e-06 2.2420638608337032e-07 5.7378014518550285e-08 2.574340717225435e-07 7.272823666433769e-08 0.0 0.0011550731058744598 6.366610667591932e-05 6.588309175492877e-05 1.2212649501745262e-07 2.249237080453781e-07 8.503019676512684e-07 1.708120866636427e-05 3.793926748251688e-06 1.5574852041099172e-06 1.239528189669474e-06 4.4572413502501846e-07 3.487526507630514e-07 1.2955219120241068e-06 4.850741508549027e-06 9.441361390763682e-07 1.1713163053826013e-06 0.00010897361506448108 4.92171985917046e-06 1.9870098016863106e-06 1.5664044785584004e-06 6.56110836208756e-07 6.726931138685838e-08 0.0 3.4838402109370495e-07 5.931001117699461e-06 6.986263478353408e-06 8.349247384555136e-05 0.0002811426424704874 2.546414436055978e-05 6.702246716383909e-05 1.7758234544953336e-06 1.0958486510404712e-05 2.905838057959334e-07 0.00013436351795748872 7.007219835722514e-06 6.409665286637146e-06 4.236374517121429e-06 2.4729538712119547e-06 2.2064723440879906e-06 1.3627125705540753e-06 1.7905761323760696e-05 4.054751835458751e-06 0.0 0.00019339165235432324 0.00015761137329634858 0.0001359647662399807 0.00010149251947549434 1.88276301852977e-05 1.165526929382531e-05 3.257509076593221e-05 4.688812963810542e-06 1.048636158922041e-05 3.0326786412063044e-05 3.7860519645395594e-07 2.1526996059602003e-06 7.808574715241226e-06 1.881278880868265e-06 5.339025584110204e-07 7.266561278054507e-07 2.69681880853966e-07 1.3596275674444222e-07 2.3073652175901748e-07 1.0837784525890122e-06 6.165104523939631e-07 6.653058686748511e-07 6.113518803545218e-05 4.938788832858025e-06 1.3146697714164428e-07 1.7275461276091545e-06 0.000335434166953973 6.207307140183875e-07 1.4391101976189009e-06 7.321481413151855e-06 3.3139894206104944e-06 2.230922618468167e-06 9.60426789771646e-06 5.216734064470152e-06 1.774690797346968e-05 1.2358427646479078e-05 2.168538796975841e-05 8.736695784669821e-06 2.5288818529380257e-05 2.383793981038787e-05 2.2479186131674912e-05 1.3582459590133159e-05 5.536419733247592e-07 0.0 0.0 0.0 0.0 0.0 0.0 0.0 0.0 0.0 1.0347717829523331e-07 0.0 1.8802894767836387e-07 1.8191991613208713e-07 0.0 1.7614014782017254e-07 1.5193511352785627e-07 7.81742374761944e-08 5.6755931654092576e-08 1.6620719802547457e-06 2.5914939446854366e-06 0.0 8.706192370232543e-07 0.0 4.709305899544666e-06 2.2094172348825973e-06 1.0880375826846694e-05 5.896257000649337e-07 1.8130550040328102e-07 0.0 6.727001738461638e-08 0.0 3.0446047883458924e-07 2.649239407503752e-07 6.97171317520066e-07 0.0 7.413207178752596e-07 1.196457412688907e-07 0.0 8.418683443538411e-08 2.2317089446510388e-07 2.0470164011772905e-07 8.124928131080864e-08 2.963294179363175e-07 2.0320327754273064e-07 0.0 1.2886150182915928e-07 8.405663997684134e-07 1.0867132617356351e-07 4.4224053499451864e-07 2.6851174981527273e-06 9.581828389670716e-06 1.1036150269142029e-06 9.763174277852406e-08 1.7678895505309526e-07 6.932023487376134e-08 6.709725031993767e-08 0.0 1.0058447014824411e-07 5.6966577851812235e-08 1.6415597707818291e-07 6.656707010175899e-06 5.467344159543529e-07 0.0 7.753358216405035e-08 2.5092363338434366e-07 6.675030781918613e-06 1.3255161232251253e-06 3.5111958684772965e-06 2.1910486511088573e-07 4.1880419106108016e-07 7.17120705580328e-07 2.9373096965485016e-07 3.3931973941238636e-07 2.3103005209352287e-07 8.436818172614803e-08 5.343427809596767e-08 1.4344813562653319e-07 5.7772177773476675e-08 6.329165883198293e-08 0.0 0.0 1.4404197528601594e-05 2.7100932184242503e-06 2.2504368859902374e-06
0.000516476806916164 0.0014104803936936937 0.0 0.00017380564584670697 0.0005445513301013433 3.117353266436616e-05 0.00033435658170668966 0.0024446327735090194 0.00024464960997376333 0.00022185855597829738 0.0015212199758909309 0.00010951301551924582 0.00038978032808621623 0.0007835447103572718 3.7281495555956565e-05 2.8269887543696073e-05 1.6185146437393402e-06 1.3532892654795703e-06 3.7018947725967067e-07 4.342766054161563e-06 1.1536450468903726e-05 7.605509107261295e-08 1.6788780780304566e-06 9.391056791315492e-07 3.497218341305589e-06 2.645155681139067e-07 1.3066909612880027e-07 9.206303014302871e-08 4.076424135740912e-07 7.916473350401946e-08 0.002533933746447632 0.00021548990508543785 0.0002030355395730677 2.417544140789411e-06 7.991154310971706e-07 3.894580128487762e-06 3.766185039370754e-05 1.1180384232046355e-05 3.82436828904546e-06 1.8515707493720788e-06 4.200594823733308e-06 2.9847318295238447e-06 1.0387737420686853e-05 5.217007318549048e-06 5.029606887728043e-06 8.379744090131056e-06 7.752460886665346e-05 2.777481339820472e-06 2.2849613247779913e-06 7.520168512463229e-06 1.4006593146469824e-06 6.171018855424215e-07 3.8105764910572675e-07 5.853949096606122e-07 3.109438002695706e-06 4.029145395616864e-06 5.600504663397724e-05 0.0003003457881989575 1.4674923683685932e-05 4.195999155331726e-05 1.863332650839927e-05 6.602193976448388e-05 4.789930434026144e-06 0.00035177841537053454 3.149518803864843e-06 4.438230637982312e-06 2.199184220979477e-06 5.112801338768262e-06 3.337944240825413e-05 1.3031471114088382e-05 5.2752979227134965e-05 8.977035866850909e-06 1.9790647759039153e-07 0.0001141498028917002 0.00010999105521433993 9.244413908522486e-05 9.922548197002254e-05 2.436719297349726e-05 0.00019023762309316222 0.0003308033325310806 1.664291045579682e-05 0.00021928918145168748 1.254341142814794e-05 6.592246534402381e-08 1.882725507927559e-06 3.1532680990915765e-06 7.662657295976372e-06 1.2452632730299605e-07 5.281763612089805e-07 1.6310700090273935e-07 2.8435784690098175e-07 3.6207336468726097e-07 1.0025902466735805e-05 2.097058228259963e-06 1.377164688245298e-06 8.342748678958348e-05 1.35757990190184e-05 1.4075979029721775e-07 4.805647638513176e-06 0.00012776718915578369 5.292860861381716e-07 2.1508116832356576e-06 6.585352447469202e-06 1.399682392602717e-06 4.044648419210735e-06 1.0282258898773936e-05 2.4724220336875722e-06 1.2981632576706785e-05 1.2520618379958261e-05 1.689723849979648e-05 6.845716372234103e-06 2.9243477273836966e-05 2.4358455394631767e-05 2.2499140231093548e-05 1.7371014302604765e-05 3.04155506629753e-07 5.924672516143805e-07 2.5126047903462637e-07 2.349110488486805e-07 0.0 1.0925092209294659e-07 0.0 6.39885633388303e-08 0.0 0.0 1.2121414823478313e-07 0.0 4.6410004234883456e-07 1.533437014279512e-07 7.23812340596437e-08 1.5524267537073205e-07 1.8866186996173225e-07 0.0 2.4760452141814746e-07 3.6652863037338527e-06 4.928247222628244e-06 0.0 1.8692133415313434e-06 8.178642323167917e-08 5.5690889511269525e-06 4.80390106124643e-06 2.438285990623727e-05 3.3979717933885187e-06 1.771782906953527e-06 3.4162562222295085e-07 2.6182507184475535e-07 0.0 3.768643424757017e-07 6.378367808281568e-07 1.723336051179052e-06 0.0 4.855559166649639e-07 1.1346332031434268e-06 0.0 3.994747208054842e-07 8.791377777310097e-08 5.973992672318281e-07 2.478663665732751e-07 6.344870097326575e-08 3.734130394893032e-07 8.207443266371713e-08 1.1402861224848406e-06 1.7920344432275932e-06 0.0 2.8375375191806677e-06 4.531481900005218e-06 1.9652553604476705e-05 1.316798910041625e-06 3.811891341281711e-07 2.858569484203001e-07 0.0 7.195691058049682e-08 0.0 2.337928048798766e-07 1.653078594868282e-07 7.579509327828537e-07 1.0692935017660584e-05 6.840109074467808e-07 1.2043355946035772e-07 0.0 1.4045133517010893e-07 1.263351472147449e-05 4.8475435740380085e-06 1.1477745926957814e-05 1.2040536096857405e-06 8.39315649433742e-07 1.1793991183940936e-06 4.520625405362079e-07 5.665713338651191e-07 0.0 0.0 0.0 0.0 1.2062852780119866e-07 2.1683243718074557e-07 5.9296568132485554e-08 1.4462064258301466e-07 1.869849242654585e-05 4.724217621776327e-06 6.8626170031096045e-06
0.001231804954075849 0.000621369642831841 0.00017380564584670697 0.0 1.7631088147010878e-05 0.00013201294095163246 0.00022170809689898876 2.3260078132137383e-06 5.195397875600605e-06 0.0010225246577774186 5.026430665001408e-06 0.00026835399808034996 0.00023295644986498745 1.993120518684568e-05 3.2183248746914296e-06 7.777846784103606e-07 0.0 0.0 0.0 0.0 0.0 1.9069888058615148e-07 0.0 0.0 7.96302401857146e-08 6.084350335323228e-08 0.0 0.0 0.0 0.0 9.079137692796499e-05 2.582749174056117e-06 3.7545048642033685e-06 0.0 0.0 0.0 1.667677056481428e-06 9.64195163881792e-08 0.0 6.721660630090009e-08 0.0 7.590590903970216e-08 1.9563900576451234e-07 5.626278986682465e-07 1.1787526833136373e-07 2.6018487432018077e-07 1.7038932005075172e-05 9.577925502278407e-07 2.2066005579874898e-07 6.270305908785986e-08 1.2274091545291049e-07 9.543036646274602e-08 0.0 5.656281302737745e-08 1.4894940100155348e-06 1.0346795655251874e-06 2.348358195631854e-05 4.7263869232019646e-05 6.323293323247724e-06 1.458415065735292e-05 1.1300072563806656e-07 5.540897453427741e-07 0.0 2.4557314357330692e-05 2.14740857636287e-06 1.5903563326414052e-06 9.286056474630612e-07 1.0710213790348557e-07 3.046755210450152e-07 6.333414577705756e-08 2.193427289341706e-06 1.3462929641909873e-06 9.334037776656869e-08 4.7833406951957776e-05 2.9986921656501458e-05 1.704162527356219e-05 1.1139659565628601e-05 2.3388285065791916e-06 7.846701427575941e-07 7.583125777810481e-07 4.2332443583951765e-07 2.593002308895339e-07 6.269535185153565e-06 7.749538297869247e-08 6.637791908831062e-07 1.7350394089594833e-06 1.8842115296617484e-07 2.7436971538019043e-07 1.7091622095641113e-07 2.0884764960462174e-07 0.0 7.65100219078937e-08 5.7566511213276565e-08 0.0 1.9748022438403953e-07 1.9880888505422525e-05 7.531878341889778e-07 9.607277735598153e-08 7.384997767536941e-08 8.703528239214326e-05 1.177674765936769e-07 5.645085966823994e-07 3.399699304009147e-06 3.4390658284199386e-06 2.6605710480513083e-07 4.5993953289172256e-05 2.525603404560028e-06 8.156754373517252e-06 5.33449016037997e-06 1.2903941086377539e-05 9.919052275898886e-07 4.672747415323077e-06 4.319127333617477e-06 2.724762533972386e-06 6.520831519460993e-07 0.0 1.7936042480690467e-07 0.0 0.0 0.0 0.0 0.0 0.0 0.0 0.0 0.0 0.0 1.5135269361744135e-07 0.0 0.0 0.0 0.0 0.0 0.0 2.219182144032274e-07 2.2860346719960403e-07 0.0 0.0 0.0 2.012789959336523e-07 0.0 3.3081545044603787e-07 5.4543179361107756e-08 0.0 0.0 7.286137842818741e-08 0.0 0.0 0.0 0.0 0.0 0.0 8.01717781192914e-08 0.0 0.0 0.0 0.0 0.0 0.0 0.0 7.227011942584266e-08 6.911134425713315e-08 7.250456527864869e-07 0.0 1.9355207168530122e-07 0.0 1.0350331527356375e-06 0.0 0.0 0.0 5.567931801975032e-08 0.0 0.0 0.0 0.0 0.0 1.6703213193107358e-07 0.0 0.0 0.0 0.0 4.242264515216622e-07 0.0 7.932029775666233e-08 0.0 6.321211171126654e-08 0.0 0.0 0.0 0.0 0.0 0.0 5.394031846227371e-08 0.0 0.0 0.0 0.0 2.0258230921340015e-06 2.7641388011522376e-07 1.1389542718343857e-07
1.7648683531453387e-05 0.00033435182655292385 0.0005445513301013433 1.7631088147010878e-05 0.0 7.64710334170424e-07 0.002107906017056483 0.00044560024905650853 0.0017739443119166147 0.00023401648129697634 0.0009580084628487826 8.139803759412484e-05 0.001003586545292272 0.0010774394440521912 1.70255346245011e-05 1.1432903961628658e-05 2.28455414763106e-07 1.3655389808049393e-07 6.414154363967895e-08 1.4272621055914341e-07 2.3286439429488747e-07 0.0 0.0 0.0 2.354238103136424e-07 0.0 6.815996991840306e-08 0.0 0.0 0.0 5.974869797343471e-05 3.273807800608194e-05 1.3636202073903691e-05 1.5269720516102288e-07 0.0 2.0682861368312046e-07 3.2052572327235422e-06 6.667586708612015e-07 1.2841170595090485e-07 8.538928981675867e-08 0.0 3.04707658062958e-07 3.8632019404684907e-07 1.6187646516653931e-06 4.766122146940548e-08 5.773448690650451e-07 4.3655683994003846e-05 1.2097808188178996e-06 3.277625843543273e-07 1.1955019153232697e-07 1.1802046853691957e-07 0.0 0.0 6.496953781022618e-08 1.2459455916231286e-06 1.4757046218330229e-06 4.469792507791599e-06 1.8716439397871835e-05 3.387222083259598e-06 1.3926699776213064e-05 6.38732480183693e-07 3.62520442003482e-06 4.02548395004448e-07 2.819124205271643e-05 1.0629662505487797e-06 1.6440332198069223e-06 8.829784478942328e-07 2.437083080579797e-07 7.745557882509811e-07 3.789045583299421e-07 5.445590848371967e-06 8.077863778942657e-07 0.0 2.652074211597293e-05 3.619762163835072e-05 5.342706924228742e-05 4.20360430155614e-05 5.564529650552544e-06 2.718007980436087e-06 1.3219853738403576e-05 1.5194570820087757e-06 4.7509496479637e-06 4.674344452851381e-06 0.0 8.848304070929841e-07 6.422965310120394e-07 3.5308915727165136e-07 0.0 0.0 0.0 0.0 0.0 2.1850628255846494e-07 1.4703110248814142e-07 2.8100396689853136e-07 1.5985733012295278e-05 1.193097503465603e-06 0.0 4.242824324372175e-07 4.0967056957463e-06 3.376292654341409e-07 3.879351262649918e-07 3.964679511900522e-06 8.717207864984077e-07 9.955158224970915e-07 3.5068768518864876e-06 8.063818753678634e-07 5.599405342051495e-06 5.098659535331578e-06 6.786322042238746e-06 3.1115279019655007e-06 1.1833563473751614e-05 8.966835338257957e-06 9.587550430899287e-06 5.11810199346836e-06 2.637474613798422e-07 0.0 0.0 0.0 0.0 7.19505095341579e-08 0.0 0.0 0.0 0.0 0.0 0.0 1.4745792990600323e-07 0.0 1.228737512843984e-07 0.0 0.0 0.0 0.0 1.5634949347182098e-06 1.3379599502807227e-06 0.0 2.214963383829748e-07 0.0 1.9016902409147804e-06 1.0929311063630221e-06 5.70223722898264e-06 5.936156087408876e-07 6.864294157263485e-07 0.0 7.787259758077588e-08 0.0 0.0 1.6865825656700595e-07 4.72651096606671e-07 0.0 2.66365084560416e-07 2.391429688494148e-07 0.0 0.0 0.0 0.0 8.461449963725206e-08 0.0 0.0 0.0 5.521953980386337e-07 7.005215734006919e-07 0.0 0.0 1.2123441131176722e-06 4.938075262097438e-06 1.589389030993256e-07 8.523667192809238e-08 0.0 0.0 0.0 0.0 0.0 0.0 0.0 3.7032864777370827e-06 0.0 0.0 8.955327400656933e-08 6.556816742916416e-08 3.9034337545580575e-06 1.0216483906948244e-06 2.9417363589707943e-06 4.0652724304886033e-07 1.3233470486601004e-07 8.708256707676847e-07 1.4160351409781254e-07 0.0 0.0 0.0 0.0 0.0 0.0 0.0 9.062696481019361e-08 0.0 7.433959813408666e-06 9.81897106919243e-07 9.390531105384907e-07
5.829466490352622e-05 7.885232929843835e-05 3.117353266436616e-05 0.00013201294095163246 7.64710334170424e-07 0.0 1.8550213873085895e-05 3.6107901297034705e-06 6.429712201227694e-08 0.0001879069211620422 2.894025039900483e-06 3.202772741893514e-05 2.083945866982091e-05 3.4227032196091774e-06 0.0 5.540019474615929e-08 5.4402323395089294e-08 0.0 0.0 0.0 0.0 1.5686306918753039e-06 0.0 0.0 1.5659679789712546e-07 0.0 0.0 0.0 0.0 0.0 1.6187397374751793e-05 1.6069987330703017e-07 3.765173017471288e-06 0.0 6.730352403820964e-08 2.1640047480585744e-07 3.7404777854023544e-06 5.594687516740512e-07 1.2388081331428164e-06 1.0264970185637521e-07 0.0 0.0 0.0 0.0 0.0 0.0 6.950118680578074e-08 1.7137764697106525e-07 9.658027678432068e-08 1.928152453585665e-07 6.004446544539559e-07 1.193757202831936e-05 1.1442225212373918e-07 8.335149788815401e-08 0.0 2.5678674708491253e-07 4.999131171936133e-06 1.7852193103770089e-06 1.6400281321791717e-07 5.209626031976392e-07 0.0 1.467936730888102e-06 1.8441262006936575e-07 1.229100207425512e-07 0.0 6.796306714370522e-08 7.074323454142231e-08 7.57126256801769e-08 6.280366800435714e-07 0.0 1.9225720049141063e-05 8.723287302986999e-05 5.558858582362097e-06 9.233251513522795e-07 5.502588979616908e-07 4.485011442594315e-07 3.4757793168026164e-07 2.3493613059569532e-07 1.1659634868614932e-07 8.431977334254472e-07 0.0 8.909330234729668e-08 2.180325157030016e-07 5.673264973069541e-07 1.2704388706800687e-07 1.2473010225986998e-06 4.359209231436464e-07 2.8599075052738614e-06 3.5276908848142393e-06 1.2902919098143055e-05 2.0440725128994993e-06 5.453928432441052e-06 0.0 2.1667803547107748e-07 2.2036839306364607e-06 9.160253106577767e-05 5.948858725711902e-05 9.854879875450525e-06 7.878022349763734e-06 0.0001084126581495463 0.0 0.0 0.0 0.0 0.0 1.5006886964113482e-07 1.538052168689879e-07 2.170709279300396e-07 9.634501009145477e-08 0.0 0.0 6.844661912809408e-08 1.172958230248357e-07 0.0 1.1085456305361349e-07 0.0 0.0 0.0 0.0 0.0 0.0 0.0 0.0 0.0 0.0 0.0 7.796723422690587e-08 0.0 0.0 0.0 0.0 1.687728682430348e-07 0.0 7.838357051808425e-08 0.0 0.0 0.0 0.0 0.0 0.0 8.27484816698132e-08 1.9211506502212214e-07 8.00913696813103e-08 4.396558301360732e-07 0.0 0.0 0.0 0.0 0.0 0.0 2.6998408554759095e-07 0.0 0.0 0.0 0.0 0.0 0.0 8.699357088205945e-08 0.0 0.0 0.0 0.0 0.0 0.0 0.0 2.0229998635796997e-07 0.0 0.0 0.0 7.970027516330521e-08 0.0 0.0 0.0 2.5725517189067385e-07 1.0497924971178691e-07 0.0 0.0 2.6005122423794526e-07 0.0 0.0 0.0 0.0 0.0 0.0 0.0 0.0 0.0 0.0 0.0 8.022489739060101e-08 0.0 0.0 0.0 0.0 1.1856519758036237e-07 9.567182710927516e-08 7.640884301587314e-08 1.8612265959881038e-07 9.692128311472363e-08 2.7310862453169065e-07
0.00013435750157167494 0.0016338260331656218 0.00033435658170668966 0.00022170809689898876 0.002107906017056483 1.8550213873085895e-05 0.0 0.00011615159085496228 0.0010221660521654657 0.0010080123914776103 0.0004624340544296423 0.0002855191393795969 0.003730624144204677 0.0017677975807913538 2.7146226585881535e-05 1.4012802735630096e-05 4.71850528095695e-07 1.644043282628299e-07 1.0910612665943871e-07 1.3924664883581915e-07 2.3891061086731166e-07 6.521947513650276e-08 1.6906125891386212e-07 7.086807377163828e-08 5.762061511612601e-07 0.0 1.0350304605308535e-07 1.2781258684018806e-07 1.687636102591019e-07 0.0 9.29598650253592e-05 3.2445426954130936e-05 2.0024224114419744e-05 1.205464249685985e-07 0.0 5.903112427145296e-07 1.0876264557156146e-05 7.762970940678004e-07 4.3241338037584797e-07 3.376563004416194e-07 1.0137181767453916e-07 1.510941666517761e-07 5.460329036354718e-07 2.293938340429774e-06 4.945033698372936e-07 1.3504043892010432e-06 6.662340198291976e-05 2.765156755786196e-06 8.03320066637885e-07 3.4120825046839416e-07 1.3134721638863392e-07 1.3304314537622266e-07 7.417321639553011e-08 1.0288288820918102e-07 1.8796687870880903e-06 2.3618846848399184e-06 1.4035645410755509e-05 4.635536365607166e-05 6.141031558294572e-06 3.1798680618090095e-05 7.789072195521848e-07 4.199387859379585e-06 2.743122565759951e-07 5.16076353978985e-05 2.33929314723697e-06 2.372042472328601e-06 1.4564738641839463e-06 1.0282502463293784e-06 1.5340475799672112e-06 4.775967191542406e-07 9.70498628622609e-06 1.172103916481393e-06 0.0 5.789176346728292e-05 6.166039404288074e-05 7.75503715296792e-05 6.250919690901269e-05 1.0516940145352394e-05 4.987005806349201e-06 6.605776887300846e-06 1.716757484057208e-06 3.4668496265338775e-06 9.531059314297556e-06 9.850279810565577e-08 7.63173951262833e-07 2.102363627264995e-06 4.710284831329216e-07 2.828730065363744e-07 3.8183804490743167e-07 6.831722856566501e-08 5.391436598469073e-08 1.398942699925085e-07 5.218208517254413e-07 1.8607685917092497e-07 2.063973902525524e-07 4.0069939840762126e-05 3.5041113268822706e-06 0.0 1.5468293493229413e-06 1.7070467150515998e-05 3.166428052619645e-06 4.494741357788455e-06 3.96739434014707e-05 2.98502839753137e-05 5.672688681219665e-06 7.045444695394876e-05 1.120724793152224e-05 9.427001549803423e-05 6.492817481358223e-05 3.2290797673145585e-05 8.538057083858077e-06 0.00010163180784409098 2.9516163730536002e-05 2.9419056835904053e-05 1.3325352814264553e-05 3.414842626451984e-07 4.13513876874811e-07 0.0 0.0 5.1895555982472e-08 0.0 6.329426161038399e-08 0.0 0.0 0.0 9.548191371238125e-08 0.0 2.1249724853462716e-07 0.0 1.0490315256678117e-07 0.0 0.0 1.0069325969609557e-07 0.0 4.678582049074089e-06 1.8048684281775033e-06 0.0 8.57873878325228e-08 0.0 5.011153000598533e-06 2.84943570880904e-06 1.1390555321514809e-05 6.211732239997796e-07 0.0 1.585200487494771e-07 1.9887691386858686e-07 0.0 1.456799169124212e-07 3.558951171207929e-07 5.055276895608057e-07 0.0 1.5218034561440852e-06 1.2967608486629615e-06 0.0 6.43821100223814e-08 0.0 0.0 6.265033517529465e-08 1.3200296593284334e-07 1.5063933936283322e-07 2.073144013270762e-07 1.0975469055846747e-06 2.6464972274920654e-06 5.012252733306123e-07 4.759735408822848e-07 1.921191390998508e-06 1.2565208468820635e-05 2.238020413994436e-06 6.664072392972395e-08 3.869972364834389e-07 1.1211985223544733e-07 1.826034066815331e-07 1.4833316473986212e-07 0.0 0.0 8.090374718145128e-08 9.751277006021118e-06 1.4098401989180073e-07 0.0 0.0 1.0682100959626194e-07 9.192540162222756e-06 1.1284002078041535e-06 7.68506802284685e-06 7.097281230435449e-07 2.121437112146854e-06 1.8270848550516869e-06 6.506436083976431e-07 4.447038647184139e-07 5.692138928865043e-08 8.618652131166526e-08 0.0 0.0 0.0 0.0 0.0 0.0 1.5836430159634843e-05 2.439746631267852e-06 2.211084505067864e-06
5.887839352669178e-05 0.00023728196582409 0.0024446327735090194 2.3260078132137383e-06 0.00044560024905650853 3.6107901297034705e-06 0.00011615159085496228 0.0 0.0004152400256351777 3.685761437969842e-05 0.0016298407541217388 7.059863044742672e-05 0.0005013302769960799 0.0012379946016328604 3.7249456412836285e-05 3.439184767391558e-05 2.329074083849547e-06 4.6024009844681955e-07 2.3102631971870903e-07 9.810969902468325e-06 2.0904654390486177e-05 0.0 1.190511800796993e-06 8.971239742924266e-07 5.836165766147133e-06 8.730149698151497e-07 1.1001124402506657e-07 3.2426973575319813e-07 4.795905697823892e-07 7.098785805790718e-08 0.0005641293356705081 0.0011019501941250092 0.0004243559909648984 6.274174122275072e-06 2.034077048415329e-06 1.047342010434522e-05 6.117560588936427e-05 2.3323077154898688e-05 3.6288156832865683e-06 4.1360541183745765e-06 6.558244176249993e-06 3.980101110419641e-06 1.778349578954479e-05 1.0302757369530481e-05 5.800926146923903e-06 1.643461042982645e-05 5.7390658538330134e-05 2.2675537780989626e-06 2.3368507385799692e-06 1.0417996724632683e-05 2.946039514145308e-06 5.304854633693213e-07 2.84468453216397e-07 8.637917068520395e-07 9.023552152929604e-07 9.574541655024462e-07 9.577793080632272e-06 5.404049960531613e-05 4.3995026697169975e-06 1.7994938701027666e-05 6.514001779987459e-05 0.0001793894642032046 6.748345806266162e-06 0.0001679094609943218 1.2809331461135042e-06 2.9958636915325026e-06 1.2996876706216159e-06 6.521752738282158e-06 4.357124572552694e-05 2.0371605665763648e-05 5.974298805654097e-05 2.2896655949320215e-06 0.0 2.958104269354053e-05 4.479304795882189e-05 5.2758216384396714e-05 9.11095010285415e-05 0.00025197416067451473 0.0010902815262221737 0.0012862235639778971 9.632431374835323e-05 0.0010048066236061212 3.3809637049476e-06 0.0 1.1786628145056999e-06 9.850011672617097e-07 8.816855565533879e-06 1.4576157261310798e-07 2.5194612993721164e-07 1.2242831847228824e-07 1.8402677346802817e-07 2.8243982043203907e-07 2.0576063595455326e-05 6.017358481055252e-06 2.033614102152169e-06 3.79232961659035e-05 4.698246326999773e-06 9.271323525151219e-08 3.7680752471747065e-06 1.5715127276895188e-05 5.058502458164671e-07 1.9995501951152432e-07 1.9403665866240323e-06 5.639246141636136e-07 2.912625016792724e-06 3.6141682630822336e-06 1.2093166676519e-06 4.335487419662916e-06 3.927244244356658e-06 6.972717254625345e-06 3.4458719621524346e-06 1.2045356409509587e-05 7.017324753392426e-06 7.523476568504538e-06 5.7821372826848435e-06 2.3013927589568513e-07 1.1803797728131725e-07 0.0 2.5587852332914957e-07 0.0 0.0 0.0 1.6756858668079295e-07 0.0 0.0 1.7249565560728308e-07 6.860849970734488e-08 3.269468839580722e-07 8.65980615247412e-08 0.0 3.4874127478584466e-07 3.948597829010961e-07 7.020743401629192e-08 6.22917400874148e-08 1.2067367776981639e-06 1.447816392530725e-06 9.136364993737672e-08 4.542241738848639e-07 7.474711726633223e-08 2.584583036179006e-06 2.217396482729647e-06 9.429854215640238e-06 1.221512002323299e-06 1.0742999808497e-06 1.3183246747429362e-07 8.493413541552126e-07 0.0 8.904014542277329e-08 5.746853896307272e-07 4.571595478296931e-07 9.497663582365381e-08 3.465047444883714e-07 2.4426215388580373e-07 0.0 7.451689139745821e-08 1.0336738152391384e-07 4.968294771302981e-07 4.703630520061245e-07 7.149091440702287e-08 0.0 0.0 2.699277516331567e-07 8.206092692660716e-07 7.352972297239905e-08 4.5747646080994245e-07 1.1851717561286528e-06 8.638891378372956e-06 3.2852829540266644e-07 7.274808461464007e-08 3.4880746442898023e-07 9.025274834525569e-08 1.3279209728014026e-07 7.795667250044664e-08 6.708399168204301e-08 9.165498226552892e-08 3.346891377710747e-07 5.668850482048596e-06 4.1341673628996603e-07 0.0 0.0 5.041430820512232e-07 5.986015475257587e-06 1.871255962484612e-06 3.1121034548710563e-06 5.578156061505954e-08 4.044498116994715e-07 6.667487963058934e-07 1.3825067426539228e-07 6.200897716004885e-07 0.0 0.0 0.0 1.5185899755624362e-07 0.0 1.4532077585294184e-07 5.110792982239513e-07 0.0 9.425971755116393e-06 1.4906194080949527e-06 3.3255335570698966e-06
2.4419716208553085e-06 0.0002604581039809681 0.00024464960997376333 5.195397875600605e-06 0.0017739443119166147 6.429712201227694e-08 0.0010221660521654657 0.0004152400256351777 0.0 8.61732710516107e-05 0.001056383860976221 0.00010772069952881902 0.0020994479958179363 0.001331639688587154 1.0031860202962552e-05 5.1612319424743485e-06 1.8888568066431224e-07 5.9415166342521085e-08 0.0 1.702971503490541e-07 6.832802091805853e-08 0.0 0.0 0.0 1.3763683745474766e-07 0.0 0.0 0.0 0.0 0.0 9.668489087316541e-06 9.189714307356795e-06 4.310570327327875e-05 1.3028962704054308e-07 1.667466029044919e-07 3.14797956872631e-07 8.744423640835214e-06 1.189650681211642e-06 4.242815287600873e-07 1.4309248219597825e-07 2.904297053119754e-07 1.4172647537399237e-07 2.0314968289959724e-07 8.803073948033357e-07 7.991010711027737e-08 1.3662595691832416e-07 1.4952777587428088e-05 5.710669299084999e-07 3.1425809921371816e-07 2.553606975069371e-07 1.1884967702361056e-07 0.0 0.0 0.0 1.1991610075697944e-07 4.783820851801615e-07 5.305366058469087e-07 3.136734539983701e-06 7.978886187931463e-07 4.128324078322787e-06 4.3839496991350764e-07 4.069275814308431e-06 6.786905177560225e-08 6.111040594683241e-06 3.8069876220544024e-07 2.841887274913859e-07 2.0473787662931974e-07 2.3731078700118955e-07 5.993264622583209e-07 7.056228731605455e-07 2.370383532916878e-06 4.0774057079570765e-07 0.0 7.0527658408425236e-06 9.170386451482738e-06 1.5614719423852732e-05 1.5291128787342925e-05 2.8420411306519274e-06 3.0011334517707113e-06 2.018662600712169e-05 9.567067868625554e-07 9.386658213484013e-06 8.982332144364905e-07 5.629279712486424e-08 5.294299308280321e-08 2.457816728602826e-07 1.7364190886047152e-07 0.0 1.0182723800159877e-07 5.96140129643792e-08 0.0 0.0 3.5765618616818366e-07 1.3818786870484324e-07 7.772082688941915e-08 9.034889017860574e-06 4.885598288721367e-07 7.97428421214591e-08 1.3595325401461994e-07 6.649335725238146e-07 0.0 2.7709705061235273e-07 6.980429423520554e-07 2.327602690388903e-07 1.0991845944638827e-06 3.5823698275442052e-06 1.0706227679940542e-06 3.5442827216837097e-06 3.2428571671844754e-06 3.815893957917307e-06 1.8704225274246767e-06 5.780739929562404e-06 4.9935695286915214e-06 6.1223619606100925e-06 4.171788731452525e-06 0.0 0.0 0.0 0.0 0.0 0.0 0.0 0.0 0.0 0.0 0.0 0.0 0.0 0.0 6.27325462608844e-08 7.102486175372825e-08 0.0 0.0 0.0 2.385535124946787e-07 5.266814015431755e-07 0.0 1.0659300997365138e-07 0.0 6.611392111068634e-07 7.121776387446425e-07 3.405560299716442e-06 1.038969174956051e-07 1.6783901206200577e-07 0.0 0.0 0.0 0.0 6.365919185147865e-08 0.0 0.0 0.0 7.604258549899345e-07 0.0 0.0 0.0 8.490543660665975e-08 0.0 0.0 2.1114157281316628e-07 0.0 1.5248296778804098e-07 1.2634574000510546e-07 0.0 1.085103492714429e-07 1.153486341418372e-06 2.666011584440518e-06 6.476215708746976e-07 0.0 1.2559399829907068e-07 0.0 0.0 0.0 0.0 0.0 0.0 3.2381494894146004e-06 1.0223079102670614e-07 0.0 0.0 0.0 3.1923931816824463e-06 1.8489426115315632e-07 1.3399970644514796e-06 1.8147205468768962e-07 2.4995146035166377e-07 5.7949943302281804e-08 0.0 1.781990867349543e-07 0.0 0.0 0.0 0.0 0.0 0.0 7.799777568991564e-08 0.0 2.934829695864215e-06 4.5535794980434317e-07 9.541828966509814e-07
0.0013914326142796289 0.0010102047529174298 0.00022185855597829738 0.0010225246577774186 0.00023401648129697634 0.0001879069211620422 0.0010080123914776103 3.685761437969842e-05 8.61732710516107e-05 0.0 6.642877367883888e-05 0.002085518645424914 0.004169502989837846 0.0004834164154894095 1.849307833585064e-05 1.127627749299909e-05 7.563028892698623e-07 1.8263473886203178e-07 1.4637885939946326e-07 4.041623953055502e-07 6.715206069121028e-07 4.2210928661845477e-07 0.0 9.809403011044281e-08 4.078259400446014e-07 2.7250822521170605e-07 6.573081048599358e-08 2.5586122167742757e-07 0.0 1.937830929783159e-07 0.00010795762565529507 1.4984461938435082e-05 0.00011486346722993683 3.111090056275963e-07 0.0 3.426612268008585e-07 8.078191792560987e-05 3.1686498134440217e-06 1.4825283866828615e-06 3.694462734198556e-07 7.489698647039412e-08 2.0456935496449227e-07 3.4940265348551095e-07 1.1467025736948483e-06 1.1297005238880865e-07 1.0659866407436238e-06 4.8675532816053814e-05 2.457099486653897e-06 1.9521775572893848e-07 6.006624641755931e-07 2.9856446563849893e-07 3.6418525060989945e-06 2.7909958971957614e-07 6.4748183979844e-08 2.6514416451367945e-06 2.4218447496653442e-06 2.469578768446234e-05 5.415766412217129e-05 1.018011695521174e-05 2.8626763625874956e-05 1.5726836932175623e-06 5.698935493974593e-06 7.45219082175263e-07 4.714580537756718e-05 3.319853969839838e-06 1.9409269511644882e-06 1.822926805949695e-06 1.201566934969315e-06 1.5451271228353521e-06 3.647860481126195e-07 3.479273467263612e-05 5.1499366457500415e-05 1.2212338956864794e-06 6.509439592117555e-05 5.614051111633072e-05 5.295769965149971e-05 3.4372237466004856e-05 6.4016710010378516e-06 3.8407829910774565e-06 4.161354183429415e-06 9.419155360883149e-07 3.659102629397952e-06 9.557810934276039e-06 4.442922209590002e-07 6.07510783627454e-07 3.1720345973216636e-06 5.085466159869648e-07 5.931009881484964e-07 1.0685609815549822e-06 3.633322570587425e-06 2.013855733551955e-07 1.191862318028169e-06 5.962414309087572e-07 4.902956702663093e-07 6.235640807004934e-07 0.00025793162534157413 3.236439636268564e-05 5.980881421908415e-06 3.5857792789835108e-06 0.00025800760321531866 3.819266876325965e-06 1.323130277696498e-05 4.8593987957015006e-05 4.6570579508999506e-05 2.3608399281777416e-05 0.0001628010792768249 4.459571790486762e-05 0.00014635834837606652 0.00010633256550866223 0.00016745949401986412 3.062470826442228e-05 0.00037017692583855675 0.00015006002370102677 0.00011178455908835443 5.2224683222839266e-05 5.545108165255826e-07 0.0 0.0 3.1126160939630735e-07 0.0 8.973872549763289e-08 0.0 0.0 0.0 1.3250982054989696e-07 0.0 0.0 5.527518136982968e-08 2.947964144046614e-07 0.0 0.0 0.0 0.0 0.0 7.060409636208201e-06 6.541085809126313e-06 0.0 1.4632721142748119e-06 0.0 1.2643687339622739e-05 5.535433765018721e-06 2.3075351291292552e-05 1.1749107847143161e-06 4.889216997896136e-07 7.101967502353303e-08 8.602481958517983e-08 7.182764239101252e-08 3.6911159282936406e-07 1.4261542444963234e-06 1.4937506634710563e-06 7.551466390884211e-08 1.2233015466135944e-06 2.115733553939586e-06 1.5915946150556713e-07 0.0 6.74433586608049e-08 5.491578991647884e-07 2.4184896412267945e-07 6.415902885081803e-08 1.302876549534725e-07 3.14582293384178e-07 1.4670991304413947e-06 2.879674811805691e-06 1.9990140557111884e-06 2.415582163606709e-06 4.817489574240193e-06 3.3441424676577664e-05 1.2595335398186848e-06 2.07677834852924e-07 2.4152061868540273e-07 0.0 6.968112210102871e-08 0.0 0.0 0.0 1.0489397459592755e-07 2.3076209389207498e-05 3.7096746796234676e-07 1.3799680217827795e-07 0.0 4.1149891691369903e-07 2.6133028738897064e-05 5.109517517276661e-06 1.4459708743848517e-05 1.249611800327053e-06 1.4044395796420327e-06 9.706657509998804e-07 8.249323712305735e-07 9.521102660863466e-07 7.061714334184886e-08 0.0 0.0 4.92734285362024e-08 2.6608155115416346e-07 0.0 0.0 7.799108753782182e-08 5.82528366119999e-05 3.4331379935515708e-06 5.9756411535498825e-06
8.033627487207399e-05 0.0005645185803943742 0.0015212199758909309 5.026430665001408e-06 0.0009580084628487826 2.894025039900483e-06 0.0004624340544296423 0.0016298407541217388 0.001056383860976221 6.642877367883888e-05 0.0 8.940117719602162e-05 0.001323549668101031 0.0031752360066595133 1.264770294191043e-05 1.092252946567314e-05 5.261140382116123e-07 1.415348063960069e-07 6.50718651252664e-08 6.749078523685946e-07 1.8328531485467082e-06 0.0 3.673756902487191e-07 1.4398011435046704e-07 1.999926746079434e-06 0.0 0.0 7.956661566776636e-08 1.1254251897318886e-07 0.0 0.00024837960333946087 3.844057048149399e-05 0.0006238455775526666 5.708205319843167e-07 5.634258785207766e-07 1.9239990358289654e-06 4.4878306747306415e-05 7.0507881622696855e-06 1.0406602184391543e-06 8.422730410953165e-07 9.026797954088612e-07 7.443559199030655e-07 1.2712912405998725e-06 1.198343047980714e-06 5.08850731581188e-07 9.898267748970765e-07 1.9026816509743695e-05 3.0903441238919446e-07 5.000668016095593e-07 1.0823396950513936e-06 4.260905209352891e-07 0.0 8.17527047787585e-08 5.8817661613344166e-08 5.057801402391006e-07 6.705180100827062e-07 4.6882162074389895e-06 2.0096517037573165e-05 1.2530448744513405e-06 5.782498457017866e-06 1.3499547204023856e-06 8.649691821500764e-05 6.626377854811894e-07 9.517055185130329e-06 8.313041327825016e-07 3.0721470787467845e-07 5.483955251325185e-07 6.114929639812839e-07 4.08068663485787e-06 1.6542948830990613e-06 2.4749906620357384e-05 4.752325397554746e-07 0.0 1.1629908705936005e-05 1.2901392575670818e-05 1.7895599676817607e-05 2.040635769940196e-05 5.84805373292797e-06 0.00019174914909049102 0.0008440227522861095 2.8545214577916113e-06 0.00023543905360536778 1.4907195374036398e-06 0.0 2.7075529396513877e-07 5.119042424841841e-08 3.2626408528642907e-07 1.3885941377222432e-07 3.5972433600038106e-07 6.996833140227436e-08 6.746419971462019e-08 0.0 1.4665829001741155e-06 9.025846551509974e-07 5.134925115203341e-07 1.6583111151367536e-05 1.0544057547475933e-06 0.0 1.1128457781601996e-06 9.392115830312317e-06 1.1380117177609785e-07 1.8881439371736415e-07 5.783332376862929e-07 9.519118760097058e-07 9.528239968730926e-07 1.658198768301532e-06 6.956049626543232e-07 1.584965649107212e-06 9.190727997764294e-07 1.683391135751718e-06 6.506954098064713e-07 5.3862702245425415e-06 4.0997726394333044e-06 4.011167398042744e-06 1.7782669362689265e-06 0.0 1.5026379091545863e-07 0.0 7.868005192321788e-08 0.0 0.0 0.0 0.0 0.0 0.0 0.0 0.0 0.0 0.0 1.8683953442890487e-07 0.0 1.8768640697950024e-07 6.613420348494245e-08 0.0 6.340859276997033e-07 1.175981496207402e-06 0.0 0.0 0.0 9.091295508864377e-07 7.956045701399097e-07 2.4621984377945432e-06 1.3641808764511913e-07 0.0 7.584640754866045e-08 8.673196576616953e-08 0.0 0.0 2.7869404578079124e-07 2.999190494167609e-07 0.0 0.0 0.0 0.0 0.0 0.0 0.0 0.0 0.0 0.0 0.0 0.0 1.3448172406107616e-07 0.0 7.219495890452915e-08 3.136120641986583e-07 2.4862631479724854e-06 1.0996845114763018e-07 1.4868870991742754e-07 0.0 0.0 0.0 6.332250152070276e-08 0.0 0.0 7.083641683217091e-08 1.5286910620178515e-06 1.719496604745277e-07 0.0 0.0 1.5151312925461414e-07 1.8649249605365778e-06 3.696338758507551e-07 1.2357135802368239e-06 1.9137083513223218e-07 0.0 0.0 0.0 1.4947874494185456e-07 0.0 0.0 0.0 7.703443704251386e-08 0.0 0.0 7.787473910730839e-08 0.0 2.1649479516499193e-06 6.926964166242968e-07 4.619353073166951e-07
