0.0 0.001350559230037126 0.0007531417950399893 0.0009229640605710308 0.00015679054348391742 9.325564702330756e-06 0.00048287134363121247 2.864370477117216e-05 1.883014604825291e-05 0.0005427548579286665 8.06803127658444e-05 6.90351574746809e-05 0.00014099929166147874 4.295964799225608e-05 5.229481392175015e-07 7.505728449084731e-08 0.0 0.0 0.0 0.0 0.0 0.0 0.0 0.0 0.0 2.601444934184771e-07 0.0 0.0 0.0 0.0 0.00022028564413672654 2.288051940891477e-06 2.1662487189162275e-06 0.0 0.0 7.773711643928665e-08 1.4587614729178516e-06 9.006896051755837e-08 1.269344140859689e-07 0.0 0.0 0.0 7.987765542857044e-08 0.0 6.636515998215239e-08 0.0 1.5102009857476767e-05 2.8095895640018834e-06 0.0 1.167060553516367e-07 1.126551553887516e-06 2.2559099461857006e-07 0.0 0.0 3.380637640366683e-06 1.8826854021812176e-06 0.00012510727386550206 0.0003442845791684179 1.1522264927346498e-05 2.0333815724478162e-05 0.0 1.1816105620439092e-06 0.0 8.163940513206556e-06 3.0851989441261445e-06 3.0894414929204446e-06 1.3397686295455374e-06 2.204213889441705e-06 3.5142239380786366e-07 3.167183845320611e-07 1.930561618997919e-06 6.20836568501682e-06 0.0 8.82964955274843e-05 3.7319066590609586e-05 9.974990378130815e-06 3.985805280455935e-06 7.264524083397634e-08 3.772282977459043e-07 1.0433982917933279e-05 1.8343637818279553e-07 1.3215432022156685e-06 5.10831220046582e-06 1.65735361790779e-07 1.9980718137016005e-06 1.6629494396070089e-06 1.2164756252920166e-06 0.0 9.580221820655118e-07 3.799195430980284e-07 7.721065185957426e-08 0.0 0.0 0.0 0.0 1.666971085909596e-05 3.6635726032558973e-06 0.0 2.325417684740942e-07 0.0009462229998084062 1.0235868566761563e-07 1.862022819504074e-06 1.027815701677996e-06 4.174411996576849e-06 2.3838529351715258e-07 4.974928794861532e-06 2.3963840045331235e-07 6.389555169787283e-06 9.893615738913109e-06 4.4956499678417605e-06 8.507784880461549e-07 1.2726772852846929e-05 7.507918220421223e-06 1.2135255252656996e-05 5.787207741556626e-06 0.0 0.0 0.0 0.0 0.0 0.0 0.0 0.0 0.0 0.0 1.009954506726692e-06 0.0 0.0 5.209093298277758e-07 0.0 0.0 3.2920830397608017e-07 4.829594817829803e-07 0.0 1.017031389608459e-07 0.0 0.0 0.0 0.0 2.426613876978353e-06 1.0630635351388257e-06 3.7484255061516896e-06 2.3633913396152273e-06 1.1769657361920932e-06 0.0 0.0 0.0 0.0 0.0 0.0 0.0 0.0 1.139118691366595e-07 0.0 0.0 0.0 8.390706482773013e-07 0.0 0.0 0.0 0.0 2.2719106241985687e-07 9.891481085562295e-08 9.512242696378237e-07 9.064784196579012e-07 0.0 4.121930749413318e-06 8.83456037312099e-07 0.0 0.0 0.0 9.01236710782992e-08 0.0 0.0 0.0 7.840605311120901e-08 4.780080400440989e-06 1.1242132156021492e-07 0.0 0.0 0.0 1.964588152195568e-06 6.702650974125393e-08 1.0821269914966073e-07 1.6781613594793626e-07 0.0 1.698067590814877e-07 4.299189227814712e-07 0.0 0.0 0.0 0.0 0.0 0.0 0.0 0.0 0.0 6.4969073709749085e-06 3.051293377591475e-06 1.8167321598112615e-06
0.001350559230037126 0.0 0.0011575983108108102 0.0003589370078642512 0.0020074000348034404 1.6381559959711315e-05 0.0016903326026913997 0.0002697992148690135 0.0005341324435386004 0.00039438003703824004 0.0011611055868159961 1.627996583995276e-05 0.00012399492931790563 0.0007508983896915564 1.4045371132636298e-05 1.3807525269721852e-06 5.993317515106948e-07 7.254861505748422e-08 1.5025048373488472e-07 2.7328984394867864e-07 6.780638161377687e-08 0.0 0.0 0.0 1.221389235974748e-07 0.0 0.0 0.0 0.0 5.564655344063006e-08 0.0013917696743378331 2.3707493209204524e-05 8.614929795959192e-06 7.896423076628292e-08 0.0 2.773369113643833e-07 3.6689659733068314e-06 7.976139947865923e-07 7.662681744561417e-08 0.0 0.0 0.0 3.1788845386360244e-07 6.868373375398914e-07 0.0 5.960271004029845e-08 8.167818016974737e-05 1.4882067308441844e-05 6.8776143233066e-07 8.41088805627846e-07 5.267372504961485e-06 0.0 0.0 0.0 1.4307238488425469e-05 1.0920830108928272e-05 0.00010361963278073977 0.0006599364809067018 3.614433672533384e-05 8.631796634590004e-05 1.175691619343507e-06 2.7845966765047124e-06 6.836138796131458e-08 7.516316194593877e-05 1.444458144767239e-05 1.4633387895604919e-05 9.188980676618578e-06 9.770604848892495e-06 8.47017058538394e-07 9.464161765053185e-07 2.2263936344533316e-06 0.0 0.0 0.0003811299911082795 0.0001763147165487335 0.00011550327703854698 3.9694131414162026e-05 1.1702329071435461e-06 2.591372063117328e-06 6.739852660069581e-05 2.441571855500897e-06 6.9623736340898815e-06 2.394400912704396e-05 9.816757592201107e-07 1.1956055801905664e-05 8.764633482408238e-06 5.48278416948046e-06 1.394025197791924e-07 5.138649858827084e-06 1.2976690925552344e-07 8.884736955118761e-07 6.144136918200037e-08 3.298038188222242e-07 5.090149500057409e-07 6.584681637225918e-08 7.290711650894205e-06 2.854869900427977e-07 5.215672219807441e-08 1.5163589916306049e-07 0.0007878204858297089 5.486479739299425e-06 8.97995319552589e-06 4.3788620839465024e-05 2.2728041434003245e-05 5.193892659671276e-07 5.180728554931247e-05 3.720796722529237e-06 2.0229996893942808e-05 7.701688988023751e-05 1.3464774574118938e-05 1.1507648447992766e-06 4.3650194586890164e-05 1.2712056813156088e-05 8.607141582190181e-06 3.604018960390533e-06 3.6795551563652774e-07 8.26708781386539e-08 0.0 0.0 0.0 0.0 0.0 0.0 0.0 0.0 0.0 0.0 0.0 0.0 0.0 1.51232344773343e-07 0.0 0.0 0.0 2.7308069731781793e-06 5.754036910819511e-08 0.0 0.0 0.0 2.4332733805516108e-06 8.200215178608542e-07 5.022990296422181e-06 1.8824207136225362e-06 7.679152943306992e-07 0.0 0.0 0.0 7.541350601443933e-08 0.0 0.0 0.0 7.42808294819649e-07 3.578836906601127e-07 0.0 0.0 7.704735154443152e-08 4.412780288361933e-07 0.0 1.6694947706032244e-07 7.428681642608784e-08 2.7389267317340213e-07 1.8100363513736047e-06 4.058384656095372e-06 3.8860373933788296e-07 2.427735022284258e-07 0.0 3.138693892035568e-06 1.3641876259992527e-06 2.313181007417466e-07 2.553377822272769e-07 5.420110890469964e-08 3.400883664090914e-07 0.0 1.1018933769789645e-07 0.0 0.0 3.918147041848886e-06 0.0 0.0 1.5295688088968145e-07 0.0 2.657842591994666e-06 0.0 4.448069893889216e-07 2.8608725083876144e-06 5.369824909373684e-06 1.3590694274402439e-06 6.861227802876834e-07 9.092934836474915e-08 2.0121664973450456e-07 0.0 0.0 0.0 1.3679118477008864e-07 0.0 0.0 0.0 6.389351077427808e-06 1.5011271134425945e-06 2.012330139016208e-06
0.0007531417950399893 0.0011575983108108102 0.0 4.090312562766618e-05 0.0008654109475084445 4.316325630338964e-07 0.00010659695249751286 0.0011046856610480867 0.00043084754209211766 1.640501695984461e-05 0.0020541354687080653 1.60711955596093e-06 4.814837615007602e-05 0.0012641803864734298 1.1092492969342915e-05 4.948026939894123e-06 2.3059200345378198e-07 1.5136994428366156e-07 2.2188995759755206e-07 9.108378608659171e-07 3.8841716074450607e-07 0.0 0.0 0.0 0.0 0.0 0.0 1.4520650808715164e-07 0.0 0.0 0.0029151725392606346 0.00025313600189793276 3.9692768137323434e-05 6.121577139329586e-07 0.0 3.4524698041966253e-06 6.173747460711019e-06 4.763793555968922e-06 2.1311435502485862e-07 2.478044843244482e-07 1.5098044825620585e-06 1.2148073413442489e-07 1.7462019939086612e-06 2.2055866361569632e-07 2.0149239382362444e-07 2.150806537891484e-07 4.253187134827843e-05 3.928667144359318e-06 6.043071421272162e-07 2.252663766060688e-06 1.4971318715786916e-06 1.042629677511984e-07 0.0 0.0 3.7825069371053174e-06 2.3276179995738374e-06 2.1895804287271538e-05 0.00019963646142316313 1.0659782293884537e-05 2.5741496339209902e-05 5.676060839660821e-06 2.671605175321892e-05 1.0435145108547659e-06 0.00013252696303985665 2.865110294714869e-06 4.226352161414994e-06 2.5875591053678476e-06 2.8244146339065066e-06 5.600890720488297e-06 4.157951754258352e-06 6.280329089224781e-06 0.0 0.0 9.891290344627777e-05 7.03026018041197e-05 4.175366228148973e-05 3.709453407493862e-05 3.862279157569795e-06 3.220476281018585e-05 0.00023763680645112097 5.824674196443332e-06 5.00762115457413e-05 5.47833528748959e-06 1.4379641592221021e-07 2.9825041163769232e-06 2.077594095490885e-06 2.6372504112436765e-06 0.0 9.285923985783485e-07 1.3540306051672572e-07 8.90448759417828e-08 0.0 1.8026955892772672e-06 9.151806141691718e-07 2.0631969649084063e-07 1.5764654880982868e-06 8.933315110026427e-08 0.0 3.7569660575762357e-07 0.00011844610454093712 0.0 0.0 0.0 0.0 1.1011126627278779e-07 8.910538404911319e-08 0.0 2.548025139657064e-07 4.0941055043901484e-07 0.0 0.0 5.880637820074413e-07 2.2818890112232537e-07 5.397664034373067e-07 9.41897938679321e-08 0.0 0.0 0.0 0.0 0.0 0.0 0.0 0.0 0.0 0.0 0.0 0.0 0.0 0.0 0.0 0.0 0.0 0.0 0.0 7.324274600594382e-08 0.0 0.0 0.0 0.0 3.747558616022902e-07 4.991580141493536e-07 6.25158478165926e-07 1.5483991631392046e-07 9.863772887113621e-08 0.0 0.0 0.0 0.0 0.0 4.6407813335586794e-07 0.0 0.0 0.0 0.0 0.0 2.359124334313852e-07 0.0 1.5601837639665118e-07 0.0 0.0 0.0 0.0 0.0 0.0 0.0 0.0 4.536002433712694e-07 0.0 0.0 0.0 0.0 6.377377227722133e-08 0.0 0.0 0.0 0.0 4.0686852171335736e-07 0.0 0.0 0.0 0.0 1.3584578826255389e-07 0.0 2.2474502631033268e-07 0.0 0.0 0.0 0.0 0.0 0.0 0.0 0.0 0.0 0.0 0.0 0.0 0.0 3.931032080885495e-07 8.605306661447466e-08 2.1404856386414088e-07
0.0009229640605710308 0.0003589370078642512 4.090312562766618e-05 0.0 0.00012694402815252318 0.0002778919524751776 0.0010330702922224271 8.214134080419167e-07 6.096729785117316e-06 0.0008272493126146548 8.150315540951705e-06 0.0006770272584570859 0.0021085448310030138 3.2830596964052215e-05 8.849534560548721e-07 0.0 6.776907470428908e-08 0.0 0.0 0.0 0.0 0.0 0.0 0.0 0.0 0.0 0.0 0.0 0.0 0.0 1.5736070509723978e-05 4.4772030334896776e-07 1.1797263555482933e-05 0.0 0.0 1.47919473592453e-07 4.478228786305355e-06 4.988623778134836e-07 0.0 0.0 0.0 0.0 0.0 0.0 0.0 0.0 5.828477899040091e-06 1.0909388328647919e-06 0.0 0.0 5.161893340770172e-07 0.0 0.0 0.0 1.1463767792373019e-06 1.1634733256934047e-06 7.667963931653352e-06 2.0001060599321494e-05 3.053641246316677e-06 7.227160591396749e-06 0.0 0.0 0.0 5.393056961395861e-06 1.2642735449481762e-06 1.7619850904935406e-06 5.868062319372856e-07 1.1290745272392457e-06 0.0 6.406852218858914e-08 7.240759152606023e-06 0.0 0.0 2.8596034838000352e-05 1.2401704872548791e-05 8.025432825198073e-06 2.0842808910284784e-06 0.0 7.863803756092383e-08 1.7482954863304163e-07 0.0 0.0 1.5672618415943467e-06 0.0 1.1399672198449786e-06 6.592925825556616e-07 7.531055689297276e-07 0.0 4.2342481170541057e-07 0.0 7.456562170789887e-08 0.0 6.913762053821009e-08 7.21819931867815e-08 0.0 3.6584482988287324e-06 7.609107569021011e-08 0.0 1.5489483939631222e-06 0.00023507516419039753 6.787174578577198e-08 5.511890380495576e-06 1.0990200908662263e-05 2.4952941173388842e-05 0.0 2.055433603509334e-05 2.95039062930337e-05 6.06593270009398e-06 2.7902331140645122e-05 2.3178357441559065e-05 6.32561939655009e-07 1.4485667289422543e-05 5.9824481321621796e-05 1.3115097561167568e-05 1.5130255675138943e-06 3.1959930821044905e-07 0.0 0.0 0.0 0.0 0.0 0.0 0.0 0.0 0.0 0.0 0.0 0.0 0.0 0.0 0.0 2.834788641546327e-07 0.0 0.0 0.0 0.0 0.0 3.0087055693554495e-07 0.0 1.014162512494114e-06 1.5561076978063746e-07 9.871398835647035e-07 2.594488428851564e-07 4.829734002993889e-07 0.0 0.0 0.0 0.0 0.0 9.580304241616606e-08 0.0 9.39251218264775e-08 8.342667340031641e-08 0.0 0.0 0.0 1.0092631176378735e-07 0.0 0.0 0.0 0.0 0.0 1.6167172759664327e-07 4.372423638126889e-07 0.0 0.0 1.0051507851535336e-06 0.0 0.0 0.0 0.0 0.0 0.0 0.0 0.0 0.0 2.609618307658646e-06 0.0 0.0 0.0 0.0 1.7253394206500187e-06 1.6288128411160346e-07 3.1985445531781064e-07 6.438842233055615e-08 2.3695372345169286e-07 1.4386712616993033e-07 2.6388006245488874e-07 0.0 0.0 0.0 0.0 0.0 0.0 0.0 0.0 0.0 6.555697240758089e-06 5.717651552469582e-07 3.2384865109068616e-07
0.00015679054348391742 0.0020074000348034404 0.0008654109475084445 0.00012694402815252318 0.0 6.25283644609095e-06 0.0011762623652372085 6.721471335996173e-05 0.0036291383526556877 0.00027271036321692015 0.0014462747125641273 1.010380136940536e-05 0.00022956575734562189 0.0016272657905128842 2.579005322543526e-05 3.2271735760066497e-06 4.252980689314131e-07 0.0 0.0 0.0 0.0 0.0 0.0 0.0 7.94099095899571e-08 0.0 0.0 0.0 0.0 0.0 0.0003020385799423584 5.890420659651596e-06 2.7611646724412327e-06 6.037000129177954e-08 0.0 4.7058774860210534e-07 1.6506829872294438e-06 2.7956313071456575e-07 7.578084913737686e-08 0.0 1.8241747451047744e-07 0.0 0.0 1.6175539285587822e-07 6.065627786582418e-08 7.076776620941006e-08 0.00010565765898964185 9.51598148076812e-06 4.1469870575554697e-07 6.620046120847804e-08 3.6264622322492256e-06 0.0 0.0 0.0 6.265457616924474e-06 4.628940871470502e-06 1.6033960505563632e-05 8.04443625795384e-05 1.215798714653593e-05 6.688593287418146e-05 5.273337712414015e-07 6.432259897965735e-07 0.0 4.9915458082354376e-05 6.085981926567218e-06 7.023190250181517e-06 4.062926926486292e-06 5.135449849856582e-06 4.3298300598729853e-07 7.049754988550944e-08 3.859669793616417e-06 3.710849795315769e-07 0.0 0.00014010870223585219 9.030707680601496e-05 0.00011104717939256071 5.115175695643471e-05 2.9085105412888266e-06 1.3001475519808706e-06 4.382199656089424e-06 3.1439220843132523e-07 9.383096317308776e-07 8.903789961577746e-06 3.5706609894743323e-07 5.852314839434593e-06 4.259855241673943e-06 2.8561426573582286e-06 7.651924625352855e-08 2.8390709473054166e-06 0.0 5.804934469764951e-07 0.0 1.9793603669745884e-07 0.0 1.8356846644512157e-07 2.9307150676463215e-05 9.59364586635228e-07 0.0 5.483930041074812e-07 4.363452635110011e-05 1.3505433781407865e-07 1.008417650352181e-06 2.340661648033191e-06 1.9297889045903207e-06 3.9058371987166465e-07 7.168809556799625e-06 5.450321558886225e-07 1.0332920691416305e-05 1.1885037997917698e-05 7.6098241248576575e-06 1.124038088952653e-06 2.131328158887386e-05 1.71667076106422e-05 1.514197293523279e-05 1.0817666291042688e-05 4.105661121397267e-07 7.787894435965337e-08 0.0 0.0 0.0 0.0 0.0 0.0 0.0 0.0 0.0 0.0 6.674829797845746e-07 0.0 2.2182642133198404e-07 0.0 3.1599328928918603e-07 0.0 3.1579512661411457e-07 0.0 1.338489436402596e-07 0.0 0.0 0.0 7.099342918610281e-06 1.9848556538203186e-06 9.54721388831396e-06 3.972989586242968e-06 7.34545161229868e-07 0.0 0.0 0.0 0.0 0.0 7.358572071368168e-08 0.0 2.1710978408399814e-07 4.844076296383556e-07 0.0 0.0 1.46020884446357e-07 8.922241410638477e-07 0.0 0.0 0.0 1.4728233258202587e-07 1.0540459441827487e-07 2.2262914203484555e-07 2.9615415092873365e-07 0.0 0.0 6.16303764683987e-06 6.762550146362899e-08 0.0 0.0 7.657495885935897e-08 0.0 0.0 0.0 0.0 0.0 1.3144529508411442e-05 0.0 0.0 0.0 0.0 5.373442842721177e-06 1.6351523729726767e-07 2.648982801117224e-06 5.392674014999386e-07 4.547069471152524e-07 1.3675409258454866e-07 2.3618918507133686e-07 8.420721697339389e-08 9.956223108683126e-08 0.0 1.155116396278648e-07 0.0 7.87998458199168e-08 0.0 0.0 0.0 1.6288259882779536e-05 3.778311467912999e-06 4.648552804365513e-06
9.325564702330756e-06 1.6381559959711315e-05 4.316325630338964e-07 0.0002778919524751776 6.25283644609095e-06 0.0 3.048383296052704e-05 0.0 2.720505696393485e-06 0.0005170540403421304 0.0 9.64172732347572e-05 8.407099839682927e-05 9.361556389098306e-06 0.0 0.0 0.0 0.0 0.0 0.0 0.0 3.903103377459701e-07 0.0 0.0 0.0 0.0 0.0 0.0 0.0 0.0 9.08740905332286e-07 0.0 1.1177448053309128e-06 0.0 0.0 0.0 2.8011865570302342e-06 1.2553150691466407e-06 2.9879850167181525e-06 6.458443226040773e-08 0.0 1.3626334375481378e-07 0.0 0.0 0.0 0.0 0.0 0.0 0.0 0.0 1.7424272460103966e-07 1.8071595625076464e-06 1.1998015509560035e-07 0.0 0.0 1.4929705710227786e-06 3.6159982266454336e-05 0.0 7.098316846461554e-07 0.0 0.0 0.0 0.0 0.0 0.0 0.0 0.0 0.0 0.0 0.0 2.4600107602784818e-05 0.0001851515227581643 6.6548702268793115e-06 2.45388300349405e-07 0.0 0.0 0.0 1.4176624504207516e-07 0.0 0.0 0.0 0.0 7.359523463629014e-08 1.2843132905332596e-06 0.0 1.1078665457347904e-06 0.0 2.186589452418648e-06 1.0169239285312181e-06 5.773067624528132e-06 6.536391102293401e-07 4.1014410800772856e-07 0.0 0.0 1.0049651150076281e-07 0.00017293999153598086 0.00018736273495253438 2.0212136321140374e-06 1.543339072183905e-05 0.00011148723905569428 0.0 0.0 1.0272961853450029e-07 7.412063814935599e-06 0.0 5.27857158111196e-07 0.0 1.1808377485329513e-06 9.778101885976858e-07 5.743395632427894e-07 0.0 1.3821874720576446e-06 2.8929833460979963e-07 2.4904207607894667e-07 2.4015273588284736e-07 0.0 0.0 7.456057294225544e-08 0.0 0.0 0.0 0.0 8.880823363412426e-08 0.0 0.0 1.2080832884488482e-07 0.0 2.3531839137129314e-07 3.172682319991103e-07 4.209342011066283e-07 9.1722483570353e-08 4.43379625710541e-07 1.6916072079158408e-06 1.852142153898588e-07 0.0 0.0 0.0 0.0 0.0 8.285673713151866e-07 6.865728857281268e-07 2.7617194365361117e-06 4.858636314350509e-06 2.610116500251903e-06 9.62333271845086e-08 0.0 0.0 0.0 9.334105066560062e-08 2.5048483381265904e-07 0.0 0.0 1.5122658026120695e-07 0.0 0.0 0.0 3.415085599593395e-06 0.0 0.0 0.0 0.0 0.0 0.0 0.0 2.707244378414266e-07 0.0 7.635606266012145e-07 0.0 0.0 0.0 0.0 0.0 0.0 0.0 0.0 0.0 7.72595048611351e-07 1.1460527261139558e-05 0.0 9.686637742844378e-08 0.0 1.0603754555884951e-07 9.071155771855553e-08 0.0 0.0 0.0 0.0 0.0 0.0 0.0 0.0 0.0 0.0 0.0 7.528372465811612e-08 0.0 0.0 8.564006602277837e-07 3.2371157958104933e-06 3.812368359773417e-06
0.00048287134363121247 0.0016903326026913997 0.00010659695249751286 0.0010330702922224271 0.0011762623652372085 3.048383296052704e-05 0.0 2.235217503115462e-05 0.000912425355770718 0.0015459109241168741 0.0003338663137461505 0.00012113975499948285 0.0009204757243668437 0.0009034125874594507 1.917220631276616e-05 3.841868473612085e-06 4.3997074539629097e-07 5.760126812322527e-08 0.0 0.0 0.0 0.0 0.0 0.0 0.0 0.0 0.0 6.360586916155733e-08 0.0 0.0 0.00014067399187842037 5.244784685345754e-06 7.310411048010604e-06 0.0 0.0 2.9569966842320116e-07 2.7678202669374936e-06 6.0840201590288e-07 8.700520104937536e-07 0.0 0.0 0.0 1.1333616119826076e-07 2.9711379079146984e-07 6.765280994519029e-08 8.515406699688281e-08 8.31650970064879e-05 7.577873834591293e-06 4.915495738762933e-07 1.4001251748032575e-07 2.9777249063682635e-06 1.1169605013358784e-07 0.0 0.0 7.3377514683827e-06 4.994151939767541e-06 1.5434272070046995e-05 7.072015604107038e-05 1.3381488440295301e-05 5.256595681251982e-05 4.31776411561669e-07 1.2764636271749886e-06 9.52106135385533e-08 3.2791504922248894e-05 5.568152431873848e-06 4.9939828474115505e-06 4.0895297756035725e-06 4.936219919684373e-06 4.223855367867665e-07 1.8110717942956423e-07 1.103183053605725e-05 1.1484143553407637e-06 0.0 0.00015000650151301406 7.648052720924543e-05 8.616005614691448e-05 3.3565944179790126e-05 2.246082091659879e-06 1.1334333628156137e-06 4.527063035308055e-06 5.777589760419642e-07 1.5428142593268683e-06 7.97691520592644e-06 2.617347279641049e-07 5.318073497897105e-06 3.936148313894521e-06 3.6483653852874256e-06 1.3235229570140173e-07 1.5812454083476973e-06 2.536359683092052e-07 4.773737025576257e-07 0.0 2.628823944304299e-07 1.3582652367042015e-07 9.200497769947167e-08 0.00013270508152070327 1.7363084448663097e-06 1.9985624138762945e-07 1.2225005370135096e-06 0.00012419831558795996 4.155615546695236e-07 3.225001604734859e-06 7.191205572872584e-06 8.525496440349975e-06 1.4452876222762885e-07 2.3402455130224324e-05 7.358401007956453e-07 1.926994566967432e-05 3.669865438710218e-05 2.2514743275279102e-05 4.754948856330988e-06 6.096429996350641e-05 3.955853558109189e-05 4.266070095997328e-05 2.388831171706217e-05 1.3932903518795244e-06 7.548003740379147e-08 0.0 0.0 0.0 0.0 0.0 0.0 0.0 0.0 8.406421632992782e-08 0.0 8.95611207627302e-07 0.0 0.0 0.0 1.9365152864146935e-07 0.0 3.358193129715984e-07 1.0662605930314816e-06 3.9099781775779137e-07 0.0 0.0 0.0 2.1712457625158703e-05 2.6440047787559072e-06 1.6153124384818945e-05 9.9784528348229e-06 2.7708278887565446e-06 0.0 0.0 0.0 3.6312063706797515e-07 8.070396273123207e-08 4.772069996937722e-07 0.0 2.2908305018099483e-07 7.930295449042928e-07 0.0 0.0 0.0 3.6584574658895785e-06 0.0 0.0 0.0 0.0 7.912267832020631e-07 8.800323850913914e-07 8.900400186189109e-07 7.582626490405083e-07 2.3022065215048632e-07 1.7969350594446117e-05 4.039020883520807e-07 0.0 0.0 0.0 7.503609839466835e-08 0.0 0.0 0.0 0.0 3.186067750614425e-05 2.185227997980745e-07 0.0 0.0 0.0 1.3076032167156737e-05 1.585412847806219e-06 2.523647205029051e-06 1.1576937718695523e-06 3.368387507009147e-07 1.0166503537045446e-06 3.1338026401721147e-07 2.1996790848372766e-07 0.0 0.0 0.0 0.0 0.0 6.519072459700664e-08 0.0 0.0 4.1344120463143986e-05 1.0328326380749635e-05 1.2065457845990479e-05
2.864370477117216e-05 0.0002697992148690135 0.0011046856610480867 8.214134080419167e-07 6.721471335996173e-05 0.0 2.235217503115462e-05 0.0 0.00020378231425927494 1.414093826500852e-06 0.003649266101705566 7.367041829958859e-06 0.00013003077372021057 0.002093105244416157 8.74413787953378e-05 4.286774237118126e-05 9.545651000790094e-06 2.016593719745904e-06 3.3486931916928456e-07 5.009787256724681e-06 3.713899057063459e-06 8.062475712321983e-08 2.7145629964152723e-07 3.2708049976862125e-07 7.748537573465516e-07 0.0 0.0 2.1738598514972484e-07 0.0 0.0 0.0010131130303422692 0.001035469587404692 0.000214912914518868 6.976369318981925e-06 6.214353190725465e-07 3.867386927702408e-05 2.8074143691180054e-05 3.4698940540831855e-05 1.5336221858931381e-06 1.2948033537139735e-06 3.586172922747644e-06 3.0629538899999453e-06 1.0388512677445491e-05 3.4529356835886154e-06 2.417353559869431e-06 4.943669689971523e-06 0.00019943829526295685 4.739248494534902e-06 3.905791517573196e-06 1.7625498199818925e-05 3.71627063351479e-06 0.0 2.656105282556307e-07 8.130862646927335e-07 2.1971779142248585e-06 1.60964245773801e-06 7.451176883168579e-06 6.196373979087879e-05 8.012281528466235e-06 5.3695456234405744e-05 6.601220313797938e-05 0.0002186715157048121 8.544032330979594e-06 0.00017283373671180983 2.3094119194222345e-06 3.44081755040153e-06 2.4416933066691953e-06 8.559541417784162e-06 3.8474485896309615e-05 2.87374789861093e-05 2.1763525796044994e-05 0.0 0.0 6.989226411421445e-05 8.168603572975558e-05 0.00012422362846919676 0.00019392374765158477 6.045602145057258e-05 0.0006026332188733973 0.0021178325918750907 8.374066798954815e-05 0.0007656942242479797 3.416902659708249e-06 2.0479885632053517e-07 2.8876145316574983e-06 2.894696821178155e-06 1.048353311714098e-05 0.0 1.294954910280896e-06 6.260721560923571e-08 6.953436762820936e-07 3.6682418470745926e-07 1.479827429946942e-05 4.529704701451215e-06 1.4769007408872472e-06 2.885845338465768e-06 1.415089066492979e-06 9.850787043442148e-08 1.7600495523112031e-06 2.008809600046826e-05 0.0 0.0 0.0 0.0 0.0 4.4468456370424476e-07 0.0 1.861646386400681e-07 4.1554884191066774e-07 1.0868907799212248e-07 1.6970364754062475e-07 9.336237660763284e-07 5.434173437095894e-07 1.1517622650653343e-06 1.5081174460561873e-06 0.0 6.732709573940701e-08 0.0 0.0 0.0 0.0 0.0 0.0 0.0 0.0 0.0 0.0 1.0438790405434135e-07 0.0 0.0 0.0 0.0 4.868655196109446e-07 0.0 1.584107205077508e-07 8.26851545283088e-08 0.0 0.0 0.0 1.4352726495943501e-06 5.584308531484699e-07 2.1587251992116352e-06 1.6288217879471913e-06 3.2165348412679523e-07 0.0 0.0 0.0 0.0 1.4327105249094788e-07 0.0 0.0 0.0 7.057333092184205e-08 0.0 0.0 1.791089859004187e-07 7.497820771720375e-07 0.0 0.0 0.0 0.0 0.0 0.0 0.0 2.3283847842970307e-07 0.0 1.0954603135729753e-06 0.0 0.0 1.2091408314202787e-07 0.0 0.0 0.0 7.798615217275048e-08 0.0 0.0 1.401649681797902e-06 1.0022087202074567e-07 0.0 1.6085390464278926e-07 2.1689587498609093e-07 2.5845698341877157e-07 7.384073017748709e-08 2.6311814480784394e-07 1.71098092386091e-07 0.0 0.0 0.0 0.0 0.0 0.0 7.831249403315033e-08 0.0 5.961706901608714e-08 0.0 0.0 0.0 5.661520510228155e-07 2.2343387398535114e-06 1.3044482799535294e-06
1.883014604825291e-05 0.0005341324435386004 0.00043084754209211766 6.096729785117316e-06 0.0036291383526556877 2.720505696393485e-06 0.000912425355770718 0.00020378231425927494 0.0 4.5230397361816444e-05 0.0016403147682664619 5.59762634939089e-06 0.0007075662336891094 0.0014989769505755234 1.609954185706755e-05 2.5654670227843295e-06 2.142157952792504e-07 0.0 1.0806781003660286e-07 9.058316380927939e-08 0.0 0.0 0.0 1.2182210116542568e-07 0.0 0.0 0.0 0.0 0.0 0.0 7.209692987093413e-05 3.0219174788037147e-06 7.631212067053307e-06 1.046480393641818e-07 0.0 8.124124609446618e-08 1.8486246673127095e-06 1.0382007703539968e-06 0.0 0.0 0.0 0.0 0.0 1.0310842461280286e-07 1.1934133483378686e-07 0.0 4.0040044866883384e-05 2.093285686639566e-06 6.840829137954457e-08 0.0 1.025868579413964e-06 0.0 0.0 0.0 2.1254676144938836e-06 1.369506299645078e-06 3.5416697053229487e-06 1.856985843857038e-05 5.309752823795066e-06 2.137471182544503e-05 8.678059539542435e-08 8.856105718981829e-07 0.0 1.5887194534524285e-05 1.201817197688082e-06 1.6733623343043435e-06 1.100192256784417e-06 1.4790807230140114e-06 2.6684754741293526e-07 7.060182864372941e-08 4.7928052388953424e-06 0.0 0.0 3.950751538724357e-05 2.507414419788416e-05 4.3940758873332795e-05 2.1560256913921158e-05 1.016635625844025e-06 9.811918430165086e-07 1.1324501203864245e-05 1.950452522347008e-07 9.545771345304194e-07 2.597717766911033e-06 6.450776479957283e-08 1.5835727296428216e-06 1.289287414829063e-06 1.1383540648943628e-06 5.918725223583589e-08 1.3340324664763596e-06 0.0 1.843737693410985e-07 0.0 7.648382781363262e-08 5.598316901606887e-08 1.5384601972290316e-07 1.289270524863562e-05 1.908619066868176e-07 0.0 4.291046565371109e-07 7.5920874147386364e-06 4.6825738813725924e-07 3.2023873410390995e-07 1.0908981674525316e-06 1.3368473928223938e-06 0.0 3.0829410172063425e-06 2.124910774734176e-07 4.121305847667913e-06 5.904372656478883e-06 3.5593169140959533e-06 1.3349474052177659e-06 9.936218241975203e-06 9.93734356063373e-06 7.848231639550536e-06 4.199451941653034e-06 2.113787028149169e-07 0.0 0.0 0.0 0.0 0.0 0.0 9.531533275615332e-08 0.0 0.0 0.0 0.0 0.0 0.0 2.9937442653645866e-07 0.0 0.0 1.3738552414026228e-07 0.0 1.0751226963206688e-07 0.0 0.0 0.0 0.0 5.18939591075728e-06 8.985760938750068e-07 6.558251888644985e-06 2.7019000149751003e-06 6.846959671835279e-07 0.0 0.0 1.8376271453745312e-07 0.0 2.7975026538790997e-07 0.0 0.0 0.0 7.958432049296095e-08 0.0 0.0 0.0 6.866749071320242e-08 0.0 0.0 0.0 0.0 5.736008137591337e-07 3.1724548227213224e-07 2.588710813048984e-07 1.2600446338774296e-06 3.789266210233893e-07 3.677158203947914e-06 0.0 0.0 0.0 0.0 9.267475674995838e-08 0.0 0.0 0.0 0.0 8.997708482019268e-06 0.0 0.0 0.0 0.0 3.012348030784667e-06 5.758434347154796e-07 4.3452766950432096e-07 1.6496796593019518e-07 0.0 0.0 7.589803335543143e-08 0.0 2.1071186933653401e-07 0.0 0.0 0.0 0.0 0.0 0.0 0.0 7.698724932041982e-06 2.5278888398701377e-06 2.6984706588054218e-06
0.0005427548579286665 0.00039438003703824004 1.640501695984461e-05 0.0008272493126146548 0.00027271036321692015 0.0005170540403421304 0.0015459109241168741 1.414093826500852e-06 4.5230397361816444e-05 0.0 1.3286477740257854e-05 0.001018153050031609 0.005309714996317648 0.00028082842599864354 1.469096505408283e-06 6.709106291741558e-07 3.045693531194671e-07 0.0 0.0 0.0 0.0 9.853687468459589e-08 0.0 0.0 1.3554270816316137e-07 0.0 0.0 0.0 0.0 0.0 1.557733081561103e-05 7.264352964928496e-07 7.166070654293157e-05 0.0 0.0 5.3053093374316e-07 3.9624139935586934e-05 2.476272357618886e-06 2.217929706443683e-06 5.7562364548484915e-08 9.00897006486151e-08 8.90705161834423e-08 1.4561844772231633e-07 1.2086455348474453e-07 0.0 0.0 1.0303268806286767e-05 1.1257842956704886e-06 1.2614512739419805e-07 2.190699824858746e-07 7.125200780237938e-07 1.3857132778200633e-06 7.67133622080461e-08 0.0 1.8788201729148121e-06 1.6139842915823093e-06 1.1624865210489797e-05 1.8640735526797906e-05 2.234650689703669e-06 8.278965307575943e-06 0.0 3.1303456231533696e-06 0.0 3.7740230397685274e-06 1.1587047472730296e-06 1.621564762684738e-06 1.489852322324693e-06 1.0922260313569653e-06 6.817763381371207e-08 1.223206461261869e-07 0.0002851181002137128 7.384237114194181e-05 2.860465166047229e-06 3.331671145637429e-05 1.566674916807262e-05 8.269820335767158e-06 4.351252236773944e-06 5.849411011868444e-07 2.063778426347456e-07 4.593863165445205e-06 5.6185119641808496e-08 4.3192361859221427e-07 1.876168387217396e-06 7.146779270667124e-07 1.3538884193736445e-06 1.8802973250203622e-06 6.259064828023044e-07 1.2898805099014883e-06 9.002059147074136e-07 2.431707299697235e-06 1.514900575565933e-07 9.68233775814692e-08 5.5991223916981e-08 0.0 8.744609648418259e-08 0.0003492255781329386 0.00013551690788058616 7.22428118179748e-07 1.7611693189792498e-05 0.0002772611845651176 1.0593829904904632e-07 6.566572298471395e-06 1.761468851178336e-05 1.45314977486028e-05 8.230108385926657e-07 3.808593178022663e-05 2.6196796717247855e-06 4.101424993950153e-05 7.274765066248372e-05 4.392625179858332e-05 4.298425449226787e-06 0.00010705269571891721 8.483030939975745e-05 5.6946505043244245e-05 2.650499880865572e-05 3.626441591221529e-07 6.016301731647471e-07 0.0 0.0 0.0 0.0 0.0 0.0 0.0 0.0 0.0 0.0 4.726293218744407e-07 0.0 1.8251497569998732e-07 0.0 1.3953277462934917e-07 9.895952849417957e-07 1.8884603421930648e-07 8.126123359055736e-07 1.0509672762657e-06 0.0 0.0 0.0 1.5004942663605487e-05 2.1401864621132717e-06 1.701566181142778e-05 6.8710804332427815e-06 1.4842265438818902e-06 0.0 0.0 6.654965189921644e-08 0.0 0.0 2.7667459259464575e-07 0.0 5.0302344162248e-07 6.13391759989448e-07 0.0 0.0 0.0 1.7865383499777713e-06 2.817270360739597e-07 0.0 1.0774378609369037e-07 0.0 1.3195611074768625e-06 5.820228155415462e-07 1.637271549682029e-06 1.3834313954157308e-06 3.1237277925432043e-07 1.0569661827148225e-05 1.4026274795985795e-07 0.0 0.0 0.0 0.0 0.0 0.0 0.0 7.689208961297408e-08 3.5129849021679454e-05 3.3363662201964657e-06 0.0 1.6319707146410946e-07 0.0 1.1537885527454603e-05 9.9686567264069e-07 1.92731089663555e-06 6.285224261176716e-07 9.355741367282882e-07 5.158366637571766e-07 0.0 1.277363089274929e-07 0.0 0.0 1.1231678953785144e-07 0.0 9.511027689178448e-08 0.0 0.0 0.0 5.5829237954651165e-05 1.113619844876148e-05 1.1052052769469218e-05
8.06803127658444e-05 0.0011611055868159961 0.0020541354687080653 8.150315540951705e-06 0.0014462747125641273 0.0 0.0003338663137461505 0.003649266101705566 0.0016403147682664619 1.3286477740257854e-05 0.0 3.5572088644916885e-05 0.0004978157778736602 0.0022786943488184884 2.8318236672067468e-05 1.991242652883197e-05 9.334016424109834e-07 3.1940524180761174e-07 1.0613223331406953e-07 2.986997402179043e-06 2.697780101083683e-06 0.0 1.2171441435275276e-06 6.080987265852821e-07 8.194240237003716e-07 1.886116602774551e-07 0.0 2.1789807423642168e-07 0.0 0.0 0.0005262858073420277 7.380385425199692e-05 0.000686703995642078 4.189180572060243e-06 4.777683706793513e-07 1.409994983085026e-05 0.00011524115914946248 4.092139788133389e-05 1.6171517836390807e-06 2.3050313526812047e-07 1.741641961993242e-06 7.745938477721435e-07 2.218337131370203e-06 1.2636248694077347e-06 5.779697633840155e-07 1.6788842689425637e-06 6.554241631520817e-05 1.9683582917875696e-06 6.881029259937325e-07 2.084376751506798e-06 2.0452322785200243e-06 0.0 0.0 4.423358085545405e-07 1.6844273786654788e-06 1.3932495212949962e-06 8.896602831713166e-06 4.8031669087173546e-05 4.676210410548646e-06 2.042261896440406e-05 9.29013525645606e-06 0.000211323076495079 2.2823420677415434e-06 3.326315406233626e-05 2.010013801676873e-06 1.835664188595787e-06 1.510332048290221e-06 2.0274377085556916e-06 8.234653332108307e-06 1.1626680481238422e-05 0.00012627959147790274 0.0 0.0 4.67467889254182e-05 3.3513183549241855e-05 4.57823790032169e-05 4.696859379727502e-05 1.0547872874215784e-05 2.8097553270355348e-05 0.0006103089565222003 6.161717017480753e-06 7.188869826690668e-05 2.8369736834502197e-06 1.212488708110396e-07 1.5568722306809888e-06 1.2365051246907716e-06 2.0662556194523754e-06 0.0 5.88319457666059e-07 0.0 2.3040919078810427e-07 0.0 4.4526801601969265e-06 1.2635509162778292e-06 3.002278826541563e-07 1.879917468997012e-05 4.113698514049045e-06 6.761473002949058e-07 4.369852445484532e-06 3.0368069196444308e-05 0.0 1.524870373632708e-07 0.0 4.7282513359757127e-07 0.0 1.305545111901658e-06 0.0 1.1361882600538925e-06 3.664946919107696e-06 1.2129811361915172e-06 6.261984523138359e-07 4.8265467012765005e-06 2.9645467306027656e-06 3.4604836928347377e-06 4.004207183342152e-06 0.0 9.044718849292467e-08 0.0 0.0 0.0 0.0 0.0 0.0 0.0 0.0 0.0 0.0 6.085122188397613e-07 0.0 7.994654878134796e-08 0.0 3.9329843620300156e-07 0.0 0.0 0.0 1.3518045234606311e-07 0.0 0.0 0.0 5.04432451358495e-06 2.4042699837672772e-06 1.002645757218095e-05 3.022541229848989e-06 8.498535123366265e-07 0.0 0.0 0.0 0.0 0.0 3.518910150594947e-07 0.0 9.442538457882084e-08 2.841773060992743e-07 0.0 0.0 0.0 6.219509318342835e-07 1.0839030338316972e-07 6.670575070349588e-08 0.0 6.248007700919265e-08 2.4598081181315143e-07 8.094792767608345e-08 1.0031168373342151e-07 0.0 0.0 3.5999974451246115e-06 0.0 0.0 0.0 0.0 6.133027982061682e-08 0.0 0.0 0.0 0.0 8.638006288739833e-06 3.674858207651578e-07 0.0 0.0 0.0 2.0369744249370617e-06 2.303331234531746e-07 1.2010326073944506e-06 5.844182979257285e-08 1.2483869734434447e-07 6.77580467025618e-08 0.0 0.0 0.0 0.0 0.0 0.0 9.426017927685947e-08 0.0 0.0 0.0 4.538999225736738e-06 5.10048078864311e-06 5.535878117664571e-06
6.90351574746809e-05 1.627996583995276e-05 1.60711955596093e-06 0.0006770272584570859 1.010380136940536e-05 9.64172732347572e-05 0.00012113975499948285 7.367041829958859e-06 5.59762634939089e-06 0.001018153050031609 3.5572088644916885e-05 0.0 0.002061757181354635 0.00018908700013129672 1.910092652353896e-05 1.588374939339158e-05 5.699997114657003e-07 0.0 0.0 5.024060331922778e-07 1.3043674446458112e-06 0.0 9.081525617154231e-07 5.956992224404968e-07 2.6057636108771657e-06 4.013262818977179e-07 0.0 0.0 3.498748728106133e-07 0.0 4.777672425527642e-06 4.085096882288197e-06 0.00025911859587885886 1.2362605045625925e-06 1.3157082055673551e-06 9.762834044280472e-06 0.00026461341839230975 4.447590793007786e-05 2.1645244751548022e-05 2.304625684086463e-06 2.956540214153527e-06 3.236021975503376e-07 7.82336837374316e-07 1.4747937208567829e-06 0.0 7.872813352710716e-08 4.7355270840652616e-05 6.015248538212419e-07 9.016904940592591e-08 9.848190370224656e-07 9.864616807285738e-07 2.6501789566555467e-07 7.776759622838405e-08 4.552265955860589e-07 1.6538615458281386e-07 3.06355124101113e-07 1.4817201813545299e-06 4.928034373014383e-06 1.6963649895756628e-06 1.2386700557699472e-05 8.474696580800767e-07 3.501148222524693e-05 1.5708115422781317e-06 9.440152951902863e-06 2.8038885440854893e-07 5.172832259587838e-07 3.8022011257895473e-07 7.019248496603576e-07 2.2902535771025117e-06 6.468742707953494e-06 0.00050848028750245 8.90822863592249e-07 5.160396384509749e-07 1.5463963816750423e-05 6.575581129791552e-06 1.6606370476825714e-05 1.9868924772888143e-05 1.0284693791852712e-05 1.5790957022975664e-06 1.2220550123506185e-05 2.2435463615033554e-06 4.3768225114609005e-06 7.953607807821569e-07 0.0 4.460717464756829e-07 3.847115759803894e-07 2.67094909400755e-07 1.120497169927757e-07 1.6966495868983217e-07 1.8979758614667715e-07 0.0 9.408927002592685e-08 2.0719612311578064e-06 3.4910556645746867e-07 0.0 0.000646993710671958 0.00015696372330845985 3.8889293946106254e-07 6.480376026399843e-05 1.637652749106488e-05 3.0072856384291065e-07 7.327694822737668e-07 1.119870919275501e-06 6.733094320714891e-06 8.351502129333524e-07 1.214052293762384e-05 5.138091081046104e-07 1.1934564742663408e-05 2.2036322666844074e-05 1.0349035261213358e-05 5.2759240073073655e-06 4.31293662355194e-05 3.2150908552031436e-05 3.388602965054702e-05 3.4220241853872996e-05 1.1229645738229544e-06 1.7784052895486518e-07 0.0 0.0 0.0 0.0 0.0 7.574733017855725e-08 0.0 0.0 0.0 0.0 7.624828390155301e-07 1.4624510029375665e-07 2.277298774805849e-06 3.7456449851889783e-07 6.752162462459328e-08 1.6300276941550392e-06 4.198752596766663e-07 3.55015044786943e-07 4.831116384758085e-07 4.6084344371493174e-07 0.0 0.0 3.894419876595093e-05 8.262572356439228e-06 4.6452644761318516e-05 2.0260567527787385e-05 6.61053787465961e-06 1.426093283413733e-07 0.0 0.0 6.324165990710867e-07 3.6595371584620825e-07 1.3854717188845756e-06 9.160129667768248e-08 4.093227944132879e-07 1.3274089484344483e-06 1.2032528805430032e-07 0.0 5.011694379771266e-07 5.8050632545819265e-06 0.0 0.0 6.089977482258429e-08 6.94932639588658e-08 1.1538098836426607e-06 7.597961414065051e-07 5.451665070110134e-07 2.313702929759822e-06 3.79941819331173e-07 2.968519404429185e-05 6.466078038819212e-08 0.0 8.46210065379546e-08 0.0 0.0 1.3350186164880312e-07 6.414686339506812e-08 0.0 0.0 5.8264165656588195e-05 2.2778877460773295e-06 0.0 0.0 1.543287852263751e-07 1.9266119718373125e-05 1.5554405505006838e-06 4.558004833260697e-06 1.76482058078688e-06 1.1071350473136782e-06 1.4367766587105965e-06 1.0748265589622536e-06 0.0 0.0 0.0 0.0 0.0 0.0 0.0 0.0 0.0 4.346047391596272e-05 3.10252402678559e-05 3.083572001695785e-05
