0.0 0.0023829799767169976 0.0003067548774888531 0.0007788180088967113 2.842585590617569e-05 3.701465407676275e-05 0.00021743227945007616 3.3466963134889436e-05 2.731379865572915e-06 0.0005444770115694179 2.3960590616333754e-05 7.463896890853088e-05 0.00016952878985326185 5.55340495180348e-05 2.157933345729961e-06 1.2182842162336474e-06 5.358834564679111e-07 0.0 0.0 1.9962811021820643e-07 1.6130832196646777e-07 5.313578644127277e-07 8.734022260658807e-08 4.4039133906602053e-07 1.0224981049828052e-07 2.0065600857478435e-07 2.0964005724057018e-07 0.0 0.0 7.828856626566133e-08 0.00043955798859773225 1.6932910293066267e-06 1.2380285306026222e-05 0.0 0.0 4.1576030957038703e-07 3.835281463055949e-06 1.0854322520076033e-06 7.257908137517429e-07 9.328298840978983e-08 7.294506497806741e-07 1.1729812841457732e-06 0.0 3.9416530445329175e-07 3.643322027874619e-07 3.6462530055489494e-07 2.9183463430978663e-05 2.558081048919997e-06 5.391821000665037e-07 4.6095884919014103e-07 8.431655787913824e-07 2.633104918077618e-07 1.7763188621176326e-07 4.37177677291914e-07 4.682760346589623e-06 4.737511416844969e-06 7.873823568578358e-05 0.000274853723054358 4.936246971952656e-06 5.094051117380365e-05 0.0 1.2794408038072951e-06 0.0 1.5300930487165345e-05 2.2884838697276047e-06 1.0846376601428955e-06 4.626304568285108e-07 7.230627624032707e-07 2.1833633057085702e-07 1.0652120182695136e-06 6.602524691566299e-06 1.3378883079599547e-06 0.0 0.00023894741723084394 2.939448531354222e-05 2.422007969547512e-05 1.973155391219872e-06 3.122774755661268e-07 0.0 2.039664360475172e-05 8.333400546206262e-08 2.9988231224770847e-06 1.4272140574047774e-05 0.0 2.076490776150911e-06 2.396234103728492e-06 5.801736114152567e-07 8.015179621086434e-08 5.85931828531885e-07 3.0191224597530055e-07 6.5664759240244e-07 9.119755283421931e-07 1.690389138083338e-06 1.4259198023200275e-06 1.4678761495693554e-06 1.7098292720239298e-05 5.793647355599293e-06 0.0 4.545440741852403e-07 0.0007808836210204332 0.0 1.6565930283692016e-06 2.024112167632528e-06 4.331023255934376e-06 9.73901546746036e-07 4.582648781308794e-06 1.120360807005183e-05 3.302811279235947e-06 4.559759557016147e-05 9.238002966651317e-06 2.99289716513037e-06 5.122761736351842e-06 9.246729108564504e-06 4.4409130878965054e-06 2.7341945269574906e-06 0.0 0.0 0.0 0.0 0.0 0.0 0.0 0.0 0.0 0.0 0.0 0.0 9.135880628889765e-08 0.0 0.0 0.0 0.0 0.0 0.0 5.466641013792885e-07 1.3377851009873026e-07 0.0 1.5131337524425594e-07 0.0 2.58264122907446e-07 3.8007697961479785e-07 6.497665143151042e-07 1.5898157805057326e-07 3.2168459854185503e-07 0.0 0.0 0.0 0.0 0.0 0.0 0.0 0.0 0.0 0.0 0.0 0.0 0.0 0.0 0.0 0.0 0.0 0.0 0.0 0.0 4.64169544766044e-07 7.981370618494207e-07 7.311590668073648e-07 0.0 0.0 0.0 0.0 0.0 0.0 0.0 0.0 0.0 2.7678783195844257e-06 0.0 0.0 2.0487934355730254e-07 0.0 1.0176199534622035e-06 0.0 9.039590997696577e-07 0.0 0.0 0.0 0.0 0.0 0.0 0.0 0.0 0.0 0.0 2.43787536005588e-07 0.0 0.0 3.443918753512616e-06 3.7590153668155006e-07 1.0638031282325648e-06
0.0023829799767169976 0.0 0.0007903479032405899 0.0015766347616814245 0.0007437043847997244 8.630073527427624e-05 0.002017714845590285 0.00015042621900307346 0.0008662622542985156 0.0021532419775106186 0.0004381331767663631 0.0003587393195517212 0.0007393078270247547 0.0014048558519002441 1.6234256779043857e-05 9.259322981091505e-06 2.935642899059029e-06 4.3694899964334347e-07 2.0596766283018994e-07 3.5347617807298064e-07 6.907435881983055e-07 6.611815714691276e-07 1.918295570201865e-07 6.953865344666614e-07 3.3125047460982897e-07 1.4181710350125853e-06 1.165884681998584e-06 6.935676204080524e-07 5.046526802409271e-07 2.54414991291002e-07 0.0017613418548084634 1.4578176317594746e-05 8.293394467389091e-05 2.1698085177784594e-07 6.303746418458142e-07 2.7177416699201837e-06 3.4900673314915915e-05 5.574912728065676e-06 3.524401991628554e-06 1.8100098021508523e-06 4.791414966060365e-06 3.2569142171559886e-06 8.346725121738488e-07 2.2102497772246413e-06 7.815630186447118e-07 1.7647944589936796e-06 0.0002310138517367637 8.72420226552086e-06 1.0635283293993227e-06 8.37129626157719e-07 2.410038903306525e-06 2.6968310941325243e-06 3.2020461812938687e-07 3.582121306419906e-06 9.910550301290723e-06 8.887995277768261e-06 3.088111711312108e-05 0.0005033821149858954 8.634440985701268e-06 0.00018157480195654145 5.284795945555639e-07 8.934679892526145e-06 3.1765623083263517e-07 0.0001184894940131834 5.13703855496971e-06 4.938938248346286e-06 2.745133388782666e-06 2.2463717552605083e-06 1.8825139425038177e-06 4.317825951457083e-06 4.8984297108025415e-05 1.8439626924108335e-06 1.7444893418124703e-07 0.0005556269519497427 0.00014527707094639714 0.0001615911822377573 3.789380630510115e-05 4.199477058396791e-06 1.1567860633123013e-06 7.259636945066163e-05 2.2939133848602213e-06 1.1141984126715127e-05 4.453318718500426e-05 1.3357660202001694e-07 6.73005116419772e-06 5.996972829418727e-06 2.94471039971905e-06 5.987378309615863e-08 1.9549414732865962e-06 1.5399112567569618e-06 2.9584133598254266e-06 3.7301717898541988e-06 9.61452599810207e-06 5.644045855486763e-06 6.8768372404700825e-06 3.716526100984679e-05 8.386956858388179e-06 1.556557221659738e-07 4.205698071300134e-06 0.0014679538441433626 6.339272028325835e-07 2.6159475323976755e-06 2.6858376404870113e-06 8.396053307765326e-06 1.8509166907671075e-06 1.5656244561981622e-05 1.1928754249736939e-05 5.765367405487354e-06 7.905138569093305e-05 2.0013162319950578e-05 9.875196922762501e-06 3.822492475683604e-05 2.5301139382724245e-05 1.933709872212962e-05 1.2176674693491917e-05 1.946001730669268e-07 4.1325995697588734e-07 0.0 0.0 0.0 0.0 0.0 0.0 0.0 0.0 2.9501689275166816e-07 0.0 4.909870902966608e-07 1.2628346341673167e-07 2.353668928310908e-07 1.887155998420806e-07 2.5659036071714725e-07 1.0730289392686812e-07 0.0 5.229422583642014e-07 1.7744942714541695e-06 9.334499818517012e-08 3.4931425962620203e-06 1.0994923856654926e-06 1.0913441954205505e-05 1.3276407474026739e-06 6.74869549077182e-06 3.25774325233715e-06 1.9720457133522916e-06 2.567186205048092e-07 8.885660412470548e-08 2.2577813325724118e-07 8.538745086055627e-08 0.0 4.24856704837784e-07 0.0 0.0 6.134155782437713e-07 0.0 0.0 8.920568088974504e-08 2.529073952289237e-07 4.6657195379100555e-07 1.6867225580117245e-07 0.0 0.0 2.8902564461099633e-07 0.0 0.0 1.1252089158078599e-06 3.335507318022952e-06 9.261211775434821e-06 3.8373250653987116e-07 0.0 0.0 0.0 0.0 1.0116836316385157e-07 0.0 6.813477298890557e-08 4.4628924296604373e-07 2.5626485347125288e-05 4.445915445892465e-07 0.0 2.388339702484043e-07 2.8503891681519817e-07 1.2331914641245349e-05 2.7402099080473944e-06 1.1731244536295466e-05 6.387238060383939e-08 0.0 1.5980724858899637e-07 1.9232398733533812e-07 9.315740459529993e-08 0.0 0.0 0.0 3.900212796094739e-07 3.3968590942279737e-07 3.903259175112114e-07 0.0 1.7488694770171067e-07 1.2279603084547385e-05 1.0013606253626152e-05 1.0521881261999986e-05
0.0003067548774888531 0.0007903479032405899 0.0 3.7579358659564105e-05 0.0007008839376809896 2.476697424536758e-06 8.637950138861457e-05 0.002115360606531552 0.0010350460538306422 6.903712801984502e-05 0.002339333943623543 6.214758746741571e-05 0.00022360454273345268 0.002718260477062137 1.335153986275081e-05 1.2264172744405899e-05 7.942514110696874e-07 9.377924123975807e-07 5.9420476192253965e-08 1.178782867768808e-06 4.910971898678584e-06 2.4118346436342277e-06 2.0774987768760902e-06 2.4387942567773113e-06 1.1354676377311836e-06 2.787185652945379e-06 2.2049380639404153e-06 9.181559490936696e-07 2.8563388796796677e-07 6.593844685594982e-07 0.002417490004414313 2.002364318208066e-05 0.0001395209157458029 3.92230443035053e-07 1.3254740601321329e-06 5.640142363246194e-06 3.802311743539932e-05 1.024711298109161e-05 6.8658194620316715e-06 2.4012155458459076e-06 1.626409368314951e-05 6.468646137455852e-06 2.240900270636893e-06 8.699799908754723e-07 8.847194872224164e-07 1.94304221747955e-06 6.945985124112352e-05 2.4280030752215687e-06 9.89645020020264e-07 5.252823226252293e-06 1.242156340721501e-05 6.589170001497754e-06 1.0369190080311567e-06 4.880320509995896e-06 2.6220778376809957e-06 2.65588388391316e-06 1.2637857094661424e-05 0.0003605849406637482 3.414057622995437e-06 4.369204390898977e-05 2.6134595906125744e-06 2.7563982933435132e-05 1.7832381220133532e-06 8.213618023638663e-05 1.5133789581607214e-06 5.802090208367304e-06 7.079892563975847e-06 7.956384023982405e-06 1.0553292563115648e-05 2.7946266621860416e-05 5.982040449023923e-05 1.7990710633023853e-06 0.0 0.00020392022385516274 4.9575158999006e-05 5.0985441452031974e-05 1.626328205655117e-05 4.361043774103617e-06 1.493296007257333e-05 0.0004282948007327031 1.4188054767696417e-06 0.00010412021994177025 1.0931077443812804e-05 0.0 1.790372979754953e-06 3.870541718701595e-06 2.5024919169931026e-06 0.0 2.294167479334858e-06 1.2575345052890108e-06 6.450784754392653e-06 1.6519323995259165e-05 4.856306883096527e-05 1.791672823393234e-05 1.8246215301250608e-05 2.911591420912667e-05 7.869270516316125e-06 0.0 6.5719718465794845e-06 0.00029147833555554805 9.267214047207625e-07 0.0 1.4024626838862404e-06 4.262763036864894e-07 1.192845751185894e-06 4.095425963780799e-06 2.6125380277561077e-06 1.2461734004764415e-06 5.51527156771089e-06 3.000302527358558e-06 3.899931538524779e-06 1.2524345947894464e-05 7.517839362196652e-06 1.5244306309475582e-05 6.406303857651705e-06 6.039380437239534e-07 2.7741717952833526e-07 1.9053395312690003e-07 0.0 0.0 0.0 2.7772398673920675e-07 2.099856808196414e-07 1.575609658737917e-07 1.3278700300966496e-07 1.5025062725618034e-06 0.0 2.539149552055803e-06 2.5050170518538535e-07 3.6514369165188677e-07 8.254198135102345e-07 6.393900544912784e-07 1.7131952620951347e-07 2.840367451859913e-07 2.0209464913699905e-06 2.9497306778809385e-06 3.912459603755643e-07 8.50664065377865e-06 1.014288357024862e-06 1.3680581877361833e-05 4.417144071016125e-06 1.1642085512768837e-05 6.7889692411841274e-06 3.750252764767839e-06 5.326524500588695e-07 0.0 0.0 0.0 0.0 1.572817998916857e-06 2.0715771335523024e-07 2.636021482881739e-07 9.312786067090409e-07 0.0 0.0 6.055629497275888e-07 7.862993583443994e-07 1.4168376772698585e-06 0.0 0.0 6.730401613382826e-08 9.254487236858987e-08 2.628942746790727e-07 0.0 4.181055777138023e-06 1.4881515462316155e-05 1.8944524721524193e-05 2.094355715700514e-07 5.925643903680715e-07 0.0 0.0 0.0 6.665488603873566e-08 5.817033924755077e-08 1.0218965176831315e-06 2.0232235281004e-07 2.0935583194749507e-05 3.8365782524447026e-07 7.404203787596257e-08 9.418834441182691e-07 1.8736723107043505e-06 1.2105746775123315e-05 1.3875853945972089e-06 2.1836645956924024e-05 1.246542679855116e-07 4.437041889339529e-07 1.4129352819815267e-07 3.672573857992982e-07 5.388685192985404e-07 0.0 0.0 2.5878815125674513e-07 0.0 1.6334938606997232e-07 1.5812580330587143e-06 1.142824960338052e-06 4.88046220375917e-07 9.199941518030184e-06 1.7605241090317742e-05 2.340593723472005e-05
0.0007788180088967113 0.0015766347616814245 3.7579358659564105e-05 0.0 2.2503192052794974e-05 0.0002481463495478963 0.0007840169116816676 2.5008773607092353e-07 7.849550851890464e-07 0.001655841931910166 1.1494278995447492e-06 0.0005317294743279201 0.00112983741106355 7.848767593559188e-06 1.5580672280652983e-07 0.0 8.018943692173302e-08 7.850795179415464e-08 0.0 0.0 0.0 0.0 0.0 0.0 6.030995688506647e-08 1.738106358746193e-07 0.0 0.0 0.0 0.0 1.9555028875390246e-05 2.503029551485405e-07 3.8954467894939475e-06 0.0 0.0 0.0 2.633350192662737e-06 0.0 0.0 0.0 0.0 0.0 0.0 0.0 0.0 8.998051285696746e-08 1.215865991912095e-05 1.0100641661244544e-06 0.0 0.0 0.0 0.0 0.0 0.0 1.1478667987764348e-06 3.7139640303155513e-07 1.5005931470307986e-05 3.98128420130813e-05 9.192784854058675e-07 2.116631488884486e-05 9.459862274931997e-08 1.0634740425612219e-07 0.0 6.243708938606065e-06 6.75110508655561e-07 1.9645825274758724e-07 7.962330626658902e-08 8.290919472099934e-08 0.0 0.0 9.321577917918365e-07 0.0 0.0 5.6737145289312146e-05 9.375299240247443e-06 1.0307681680970887e-05 1.0109260410057931e-06 2.223327144977889e-07 0.0 9.701451494057676e-08 2.1582765983180965e-07 4.374633718615089e-07 3.3232351968364175e-06 0.0 6.693051865405959e-07 8.06152865700278e-07 1.3753866560720354e-07 0.0 0.0 6.915960676591328e-08 0.0 0.0 0.0 0.0 9.703725087440254e-08 4.897676955613989e-06 1.756874768818941e-07 0.0 0.0 0.00044489344989441634 0.0 3.5046223539218013e-06 5.04326867717652e-06 1.951469732592505e-05 7.350451258697694e-07 4.352328215074031e-05 1.815473406427002e-05 4.380587148958432e-06 0.00015839140935470193 1.865451223310091e-05 0.0 1.3638445974280289e-05 5.8365320914043035e-05 9.720949716784282e-06 1.4900821324875682e-06 0.0 0.0 0.0 0.0 0.0 0.0 0.0 0.0 0.0 0.0 0.0 0.0 0.0 0.0 0.0 0.0 0.0 0.0 0.0 1.5344766061170085e-07 0.0 0.0 0.0 0.0 5.21113014262097e-07 0.0 0.0 0.0 0.0 0.0 0.0 0.0 0.0 0.0 0.0 0.0 9.49930238099612e-08 0.0 0.0 0.0 0.0 0.0 0.0 0.0 0.0 0.0 6.544862226447648e-08 0.0 0.0 0.0 1.6373758418544813e-07 2.9546316046879123e-07 0.0 0.0 0.0 0.0 0.0 0.0 0.0 0.0 0.0 1.1703000229752652e-06 0.0 0.0 0.0 0.0 8.814166476585377e-07 0.0 9.09562228499947e-07 0.0 0.0 0.0 0.0 0.0 0.0 0.0 0.0 0.0 0.0 0.0 0.0 0.0 2.865104639769197e-06 2.7959797468684964e-07 0.0
2.842585590617569e-05 0.0007437043847997244 0.0007008839376809896 2.2503192052794974e-05 0.0 4.565669210110879e-06 0.0013115337879660586 0.00012324415595360797 0.0035810516011622936 0.0003316652029283779 0.0009434132500591678 0.0001231993119853526 0.0004613104512376134 0.001106055712997179 9.989355414002747e-06 2.434270656944802e-06 1.0373975300793259e-06 0.0 2.8842781056045925e-07 0.0 5.66273416345081e-07 1.6639297597560364e-07 1.5145460169603832e-07 0.0 3.3528342197166494e-07 2.813393150378793e-07 0.0 2.474113792115415e-07 9.270918892711784e-08 6.551226025147434e-08 9.987038078788849e-05 7.046857439051581e-06 2.311340484040565e-05 0.0 0.0 1.0551091668643938e-07 1.1717154140529203e-05 1.5139998528035943e-07 9.660560312026603e-07 3.621620574118841e-07 3.7497337735445104e-07 6.128780765663136e-07 1.4562606157855026e-07 1.0505928029813985e-06 1.3856464060806406e-07 6.505836551890413e-07 0.0001272886067830131 2.395048839456938e-06 1.0973282022007325e-06 0.0 6.456779273713765e-07 5.270441218733544e-07 0.0 3.206610289654084e-07 1.6763272040464398e-06 1.2952284208007255e-06 2.168945388534696e-06 6.27565849254092e-05 1.0827136009987118e-06 5.834819051929102e-05 4.7200965425332407e-07 3.5359442804849577e-06 1.701510162846945e-07 3.8658063283820954e-05 8.602100669340611e-07 1.1607786152850033e-06 5.812034232894153e-07 4.7317301883266884e-07 6.779551173281365e-07 5.460258719396173e-07 5.099074820197625e-05 1.3252581917374964e-06 0.0 9.301193623413302e-05 3.7446556938702e-05 6.876498804633658e-05 1.5977184157786615e-05 1.887861806021208e-06 5.261547051284302e-07 7.428416115833695e-06 2.4319222051803625e-07 2.26174294852438e-06 1.0904773006299796e-05 1.7236456260015653e-07 1.0002806999879277e-06 1.4791195410767645e-06 1.0191582100771888e-06 0.0 2.6302090133604875e-07 1.017673876289248e-07 5.143250787336084e-07 5.694601560582121e-07 1.3523901690348977e-06 5.168043727965831e-07 1.2889555559981056e-06 3.4890608753538694e-05 3.3009155293300073e-06 0.0 5.05059566880806e-06 2.1455287009073345e-05 0.0 1.4659694596554477e-06 2.683891839060806e-06 1.8383199602614111e-06 4.10002023586802e-07 1.0874754598410871e-05 5.358933182161011e-06 5.327514325356392e-06 1.3658531474736796e-05 9.286907399536784e-06 5.63616440614923e-06 2.85482772024449e-05 2.2965987495175306e-05 2.3441494405330157e-05 1.483972949683661e-05 9.491687761601128e-07 2.7467566468984107e-07 1.0861587196949954e-07 1.397351673508987e-07 0.0 0.0 0.0 0.0 2.757549820676827e-07 0.0 0.0 0.0 3.733029256971391e-07 0.0 5.417999200127471e-07 9.30468141010829e-08 0.0 0.0 0.0 1.2539836266236103e-06 1.8150394068662962e-06 0.0 1.8637471901570968e-06 3.741319362829589e-07 1.3249449405471114e-05 1.8010605755697813e-06 8.391464500763018e-06 2.665494735022884e-06 8.537402524736053e-07 0.0 0.0 0.0 0.0 0.0 0.0 0.0 0.0 2.8187641827080216e-07 0.0 3.918004869485155e-07 0.0 2.0409447177161664e-07 0.0 0.0 0.0 0.0 1.9457965071384992e-07 0.0 0.0 6.065518398723021e-07 3.2673644531666427e-06 1.587459498076418e-05 3.335451412811371e-07 0.0 0.0 0.0 0.0 0.0 0.0 0.0 0.0 3.140591120886823e-05 1.3053229884947769e-07 0.0 0.0 0.0 1.6840707138536493e-05 1.237697093124711e-06 1.4348970302056652e-05 0.0 0.0 1.281088804836745e-07 0.0 0.0 0.0 0.0 0.0 0.0 0.0 0.0 0.0 0.0 1.7489565484618195e-05 8.029982770177582e-06 1.0834439995136073e-05
3.701465407676275e-05 8.630073527427624e-05 2.476697424536758e-06 0.0002481463495478963 4.565669210110879e-06 0.0 7.162264575775016e-05 5.084235593183619e-07 1.2754771366038332e-06 0.0003942722245649974 1.5269589120444144e-06 0.0001248425315426504 0.00022584380422631322 2.2735952242774248e-05 0.0 2.0202720871018133e-07 0.0 0.0 0.0 0.0 0.0 1.939846864477771e-06 0.0 0.0 0.0 0.0 0.0 1.0669211288848389e-07 0.0 0.0 2.219791662996365e-06 2.5238308157366137e-07 9.383815751144643e-06 0.0 0.0 3.934216347839461e-07 9.92487024538065e-06 1.9213101720378217e-07 1.1775055628097125e-06 0.0 1.4292581280428457e-07 0.0 0.0 0.0 0.0 0.0 5.222233414466972e-07 0.0 0.0 0.0 1.5932531270740541e-07 5.894504986135744e-06 1.0219959763257154e-06 4.1084557493860816e-07 0.0 1.9129788443870102e-07 6.930931803503559e-05 4.050464326491865e-06 1.9317496500460358e-06 1.2057286878442917e-06 0.0 0.0 0.0 1.4904232993907313e-07 0.0 0.0 1.1103616180784427e-07 0.0 0.0 2.6452941234483663e-07 0.00010295346803294399 8.377675944932428e-05 5.79141742386722e-06 5.406707518126257e-06 2.928035382798711e-07 5.330041732826712e-07 0.0 0.0 0.0 3.662544271191584e-07 0.0 0.0 4.021567982684577e-07 6.210435529092779e-07 2.1564210765529683e-07 4.6971670925593177e-07 0.0 1.6033583396319733e-06 2.0735430539679824e-06 9.2403528400265e-06 5.209138854569907e-07 1.59275602078573e-06 1.6357549104580573e-07 0.0 3.1649958570063054e-07 0.00025717749772233924 0.000203050711628333 3.071083520042809e-05 1.0050400264939258e-05 0.00021072625694594252 0.0 0.0 7.098855474010402e-07 3.271786705434329e-06 0.0 4.590510810164557e-06 9.28753097015283e-06 1.00122340991915e-06 1.189621488819534e-05 1.4259308161140203e-05 3.9306722574883573e-07 6.282261216784331e-06 5.216650503107523e-06 1.0033535632691968e-06 8.379628376278932e-07 1.0000658744357771e-07 0.0 0.0 0.0 0.0 0.0 0.0 1.3487647566461466e-07 7.361293278824638e-08 0.0 0.0 0.0 0.0 0.0 1.1174415347458537e-07 0.0 2.971495351502906e-07 2.2595289791690417e-07 0.0 0.0 2.404495005078009e-07 0.0 6.081771984302241e-07 1.2848788486043974e-07 3.103662355140134e-07 1.6926555447070846e-07 3.1671334873402155e-07 5.76238981472152e-07 5.008371852137303e-07 0.0 0.0 0.0 0.0 0.0 0.0 0.0 0.0 0.0 0.0 0.0 0.0 9.253341290700602e-07 1.1531286868175356e-07 0.0 0.0 0.0 0.0 0.0 0.0 0.0 0.0 5.325361632835252e-07 0.0 0.0 0.0 0.0 0.0 0.0 0.0 0.0 0.0 1.1828573123910837e-06 2.3150516052921016e-06 0.0 0.0 0.0 1.274745174317115e-07 0.0 5.668226598386447e-07 0.0 0.0 0.0 0.0 0.0 0.0 0.0 0.0 0.0 3.3547543288489636e-07 0.0 0.0 0.0 1.4185926434401653e-06 1.2281486207204914e-06 4.378144556064275e-07
0.00021743227945007616 0.002017714845590285 8.637950138861457e-05 0.0007840169116816676 0.0013115337879660586 7.162264575775016e-05 0.0 2.4856335472117015e-05 0.001338275957815751 0.002371979572969031 0.0001696236110982866 0.00043349692769640153 0.002422149056150182 0.002549225594110561 9.427051065998162e-06 3.0755029566357835e-06 1.4056047584589259e-06 1.648959263960269e-07 6.299966901496718e-08 6.108664826011798e-08 2.402818389828079e-07 0.0 8.284924111618139e-08 3.7701778150535237e-07 0.0 3.7660662609797585e-07 0.0 0.0 5.659333021225405e-08 0.0 6.617975898395644e-05 4.19877242645372e-06 3.876489620012134e-05 1.4469082863119126e-07 0.0 1.0922293419222561e-07 2.227312294736566e-05 2.02932241529429e-06 9.262703113976064e-07 1.903967111204658e-07 7.809022156004696e-07 5.482390985156378e-07 5.405390053893307e-07 5.139300234368791e-07 2.418630489024592e-07 3.051729586379929e-07 0.00012928091006583214 2.5054557688010887e-06 9.337601143527643e-07 3.712017407404933e-07 7.502834796933625e-07 4.875970110559321e-07 0.0 4.312916824563201e-07 3.2728466957926982e-06 2.375815547912502e-06 6.080268220194392e-06 8.89752721226475e-05 1.2541396397947957e-06 7.307647089361432e-05 2.2221490773033025e-07 8.250879633224904e-06 1.5156568409708847e-07 3.190156878729683e-05 2.0471355865687775e-06 1.817373263754997e-06 1.0171134271580261e-06 8.896814252338994e-07 3.998239005980812e-07 9.878489255196424e-07 7.661785415843845e-05 1.1260454771635678e-06 0.0 0.00014106357531555082 4.5534082921024676e-05 6.76529539794591e-05 1.2959212932190449e-05 1.2166856665981296e-06 3.914195493778962e-07 8.805915506834818e-06 1.4396089300062573e-07 2.5833950271054988e-06 1.4872854847312197e-05 0.0 1.7948146426662733e-06 1.5502155341720985e-06 3.4794194089466667e-07 8.327486842258762e-08 4.787089137370104e-07 0.0 2.85480201516102e-07 7.220366545875647e-07 1.7841745994850001e-06 6.414812143866655e-07 1.9362964432857253e-06 7.9334659208234e-05 1.0306708733526632e-05 0.0 6.813397905127691e-06 9.367136944574062e-05 3.905806809791411e-07 4.84143424675423e-06 2.7636661872881244e-05 2.6146458008209687e-05 2.328841819832533e-06 4.454143893688668e-05 1.9066887126707343e-05 2.515584706025568e-05 9.341077158892113e-05 5.481217338740408e-05 1.1103988288627395e-05 8.673796271778244e-05 7.302499881527956e-05 6.146743072267468e-05 2.8292300593883405e-05 6.377061836155594e-07 3.432382244561501e-07 9.477076062649427e-08 0.0 0.0 0.0 0.0 0.0 0.0 0.0 0.0 0.0 6.373427972807451e-07 0.0 0.0 0.0 1.4747309795080766e-07 0.0 1.2549345120463987e-07 2.4089406229202675e-06 3.870760464751206e-06 0.0 5.196701806860372e-06 0.0 2.1264657380067416e-05 2.5361708987712096e-06 1.0955672829739314e-05 1.8059976968815346e-06 1.6269716188089959e-06 2.8840613714539293e-07 0.0 0.0 0.0 0.0 8.985886626476969e-07 0.0 4.962737851993549e-07 8.775086298751034e-07 0.0 0.0 0.0 5.833051198291676e-07 1.4176267942115142e-07 0.0 0.0 0.0 8.508794699043582e-07 7.304951450738005e-07 9.260300493431169e-07 8.728612269308395e-08 4.3480748718070665e-06 2.0875521193341797e-05 1.6882986275049696e-07 0.0 0.0 0.0 0.0 0.0 0.0 0.0 0.0 5.247215725945978e-05 1.8762292719372034e-07 1.1247490075142553e-07 1.0863362980617438e-07 8.197332721382567e-08 2.6398191880983162e-05 1.580489453227341e-06 2.2600777327233994e-05 1.4041687053266537e-06 8.387900871872507e-07 1.0678929793768537e-06 0.0 7.159876713418927e-07 0.0 6.770106857229985e-08 6.99502387806148e-08 0.0 2.33827558940141e-07 0.0 0.0 2.90904266321007e-07 4.602603388308452e-05 1.3802766123728174e-05 2.0502838424427285e-05
3.3466963134889436e-05 0.00015042621900307346 0.002115360606531552 2.5008773607092353e-07 0.00012324415595360797 5.084235593183619e-07 2.4856335472117015e-05 0.0 0.0004085238906091506 1.0630494728545069e-06 0.0011144355195913038 4.9169582907149994e-05 0.0001878852926980682 0.002421172515823339 2.5087301176131014e-05 2.37509406471705e-05 5.228521616924649e-06 5.1533872851685875e-06 2.1791756044570418e-07 1.8038158554371864e-05 2.8838780082628234e-05 6.2578662337016275e-06 6.6842649041319206e-06 9.54297060829624e-06 3.191730511316477e-06 7.691973146427136e-06 9.277500665167452e-06 6.287958860493531e-06 1.0323770108830891e-06 3.2489551744346024e-06 0.000635910951063605 0.001829447505569944 0.00031315301492570064 1.0394365940896467e-05 4.69964533394167e-06 2.1869272877881905e-05 7.501188532335298e-05 3.554729393254224e-05 1.0263408359075365e-05 7.08864421125834e-06 5.941642559035589e-05 2.0781690973337395e-05 2.7634018862386076e-05 1.528230529576705e-05 7.156368079712354e-06 5.132335351590021e-05 8.468310415950057e-05 2.606622228285496e-06 3.7331757960169707e-06 2.2231740655390563e-05 3.0130309157443198e-05 1.4391882242277162e-05 7.139478173291971e-07 1.080589582710687e-05 7.457398002239258e-07 6.269108602042824e-07 1.421563357348473e-06 4.1373625954042565e-05 6.99697768281186e-07 2.7161022369239534e-05 9.84231088840456e-05 8.766402813030782e-05 2.712878709466402e-05 0.00010057981496649861 8.520213971839166e-07 1.2383849938406678e-05 1.4123679741933308e-05 2.094952674648795e-05 4.584223246693857e-05 0.00010288721600876339 6.0635795248207446e-05 1.114170880646064e-06 0.0 4.6160789659569496e-05 3.893471544000432e-05 6.743873676356998e-05 5.395466691421075e-05 0.00013219276062178878 0.0013404464694799143 0.0013633913356860905 0.00015023449915111517 0.0010749940013561287 3.922486913028405e-06 0.0 2.3958451677527667e-06 6.408914180937813e-06 1.4125932281703435e-05 9.54199497504068e-08 7.796598084797416e-06 5.057294588876031e-06 1.931635365331502e-05 2.097224921682371e-05 0.00015606087773159725 4.253025957542729e-05 3.731246740575083e-05 2.031452342367194e-05 7.347298824567098e-07 0.0 2.63630052687095e-06 1.8961788978882695e-05 0.0 0.0 7.533403609216245e-07 2.422996703265852e-07 5.750079600269829e-07 1.6985492477227526e-06 2.5282085897884514e-07 1.3051856579451126e-06 1.7593894309832151e-06 2.9709311638797524e-06 2.3699791717191633e-06 4.829958286615201e-06 4.028043837760944e-06 5.6046786303390365e-06 5.72091025308924e-06 0.0 0.0 4.717118932091133e-07 0.0 0.0 0.0 3.6608861516385775e-07 1.606845349114164e-07 0.0 0.0 3.5330065587679465e-06 2.2067303560012179e-07 1.560737608256658e-06 0.0 3.9344319014137243e-07 1.0559189438930391e-07 4.934427334791002e-07 1.0399288924805838e-06 3.1108314053257023e-07 0.0 3.0967525398556083e-07 2.763826355104422e-07 5.584747755876448e-06 6.607721672500775e-07 3.8655885563080145e-06 1.926135148429765e-06 1.8305501688559225e-06 2.123146555330239e-06 5.828536231424087e-07 1.891681846267542e-06 3.843624325921996e-07 4.867600119031427e-07 0.0 0.0 8.131971092841527e-08 4.589552142775669e-07 9.757405896322556e-08 0.0 1.7837698732999323e-07 1.6136409436320438e-07 6.029154874755829e-07 4.0455486867515136e-07 2.445845273918277e-06 1.2214850441584783e-07 0.0 7.209884355597117e-08 0.0 0.0 0.0 1.26157843693043e-06 3.5121323250571155e-06 4.194479732607735e-06 0.0 0.0 0.0 0.0 2.3880673336705565e-07 2.3022958511454013e-07 2.8092705775919667e-07 2.5819076779286713e-06 9.60418350936414e-07 9.938908331774275e-06 7.371924369301547e-07 8.71469592985596e-07 1.7169347870310276e-06 6.130968983695761e-06 2.2728612235287907e-06 0.0 3.3353494700392796e-06 0.0 2.117984362047002e-07 1.0768956221209302e-07 0.0 0.0 5.947072841050957e-07 0.0 1.659704919538609e-07 9.494013398726651e-08 1.2707900367781385e-06 4.126788634986942e-06 1.7312546327395877e-06 3.554384387018229e-07 2.3846670178486316e-06 2.861310090134954e-06 5.711484039209319e-06
2.731379865572915e-06 0.0008662622542985156 0.0010350460538306422 7.849550851890464e-07 0.0035810516011622936 1.2754771366038332e-06 0.001338275957815751 0.0004085238906091506 0.0 2.6100218731465012e-05 0.0009074750562177876 1.3934659646842473e-05 0.000462064351742684 0.0007073279376332999 3.5945702041650513e-06 1.3183395024537018e-06 8.51480201286142e-08 1.4214178217928324e-07 0.0 0.0 0.0 0.0 0.0 2.2574812694042217e-07 0.0 1.2084427247670887e-07 9.117724347680122e-08 1.8552683347279714e-07 0.0 0.0 1.2936285922074419e-05 2.0787830324787373e-06 1.2007449101532329e-05 0.0 0.0 9.871906066049078e-08 6.334295308514018e-06 4.962378809196071e-07 5.118687665578759e-07 2.491684015524103e-07 0.0 1.4880535874129657e-07 6.60180142619239e-08 2.0439761919564986e-07 0.0 1.4394242681811126e-07 1.9977598646332144e-05 4.0077820969242766e-07 0.0 0.0 2.628497472725407e-07 4.362704486005633e-07 0.0 0.0 2.84285979621117e-07 1.4299541762116795e-07 5.675387630490636e-07 4.9659686026110375e-06 6.467099626644207e-08 6.717101874226607e-06 0.0 5.349394331454447e-07 0.0 6.35733772981123e-06 9.701664981623242e-08 3.4412497998510725e-07 6.073098978165159e-08 1.7693571506622153e-07 8.465963534844134e-08 2.2860897837662598e-07 1.493919009720986e-05 0.0 0.0 1.0403546658833194e-05 4.7559033411039375e-06 1.2433271212882614e-05 3.0178521300328036e-06 4.6675643361062225e-07 7.873333858601177e-08 1.6367209859638516e-06 3.6455561211384996e-07 6.758987598411909e-07 1.3281874674141839e-06 0.0 1.4054496897488604e-07 2.5133044522244693e-07 1.973727173884529e-07 0.0 0.0 8.590948206811301e-08 0.0 2.882950203108644e-07 8.301663701148456e-08 2.0186949354135345e-07 5.761550769236304e-07 7.626505664454679e-06 1.477626589081107e-06 0.0 5.841242430876421e-07 1.3123366551499058e-06 1.046415205496222e-07 9.508349728233183e-07 1.7482355074906097e-07 1.242879843194503e-07 0.0 2.3920567276013906e-06 7.949211225466769e-07 3.4354317619444715e-06 4.789525871653878e-06 2.2650798723127245e-06 2.144900559492997e-06 5.743694270807958e-06 4.678458813177847e-06 3.180198616451456e-06 2.535539988905215e-06 9.465756302606179e-08 0.0 0.0 0.0 0.0 0.0 0.0 0.0 0.0 0.0 0.0 0.0 0.0 0.0 0.0 1.6914000017062853e-07 0.0 0.0 0.0 0.0 3.176981954045667e-07 0.0 4.2988868546323177e-07 6.533956651957868e-08 2.029213949837592e-06 2.94509658101651e-07 1.3571618522405434e-06 5.153232265649205e-07 0.0 0.0 0.0 0.0 0.0 0.0 0.0 0.0 0.0 2.1480551678517904e-07 0.0 0.0 0.0 1.1337335874394204e-07 1.6495770989426402e-07 0.0 0.0 0.0 0.0 2.164146866892236e-07 0.0 3.9992267549016723e-07 4.7614501661781107e-07 2.5696517552341497e-06 0.0 0.0 0.0 0.0 0.0 0.0 0.0 0.0 0.0 8.000587819766127e-06 0.0 0.0 0.0 9.10193905740601e-08 2.483443710313688e-06 4.997472967580454e-07 4.279081367221486e-06 1.690774492977318e-07 0.0 2.3797862297074046e-07 0.0 0.0 0.0 0.0 0.0 0.0 0.0 0.0 0.0 0.0 3.7870755427925477e-06 1.5154033810560626e-06 2.9567568734031063e-06
0.0005444770115694179 0.0021532419775106186 6.903712801984502e-05 0.001655841931910166 0.0003316652029283779 0.0003942722245649974 0.002371979572969031 1.0630494728545069e-06 2.6100218731465012e-05 0.0 1.4144318440814317e-05 0.001212363879148778 0.0053108059879658125 0.00010907547475944665 1.7755009883025142e-06 6.839098266292453e-08 1.8834034379538353e-07 0.0 0.0 0.0 0.0 0.0 0.0 0.0 7.960103174137267e-07 4.465244924899045e-07 0.0 5.1433325914424274e-08 1.2183540571658105e-07 0.0 1.985784970771976e-05 1.1516532467051369e-06 5.1770197674045604e-05 0.0 0.0 6.861043213930616e-07 4.215561083690641e-05 9.82684789204415e-07 1.5493108437200066e-06 1.3822367538670227e-07 1.39613272837657e-07 2.2495341209900595e-07 0.0 1.3703828321937143e-07 8.096232093789637e-08 2.042249844925742e-07 4.03394933817819e-05 1.1178487401413604e-06 1.4121449844634718e-07 2.446717090236713e-07 0.0 4.670068338649424e-07 0.0 1.9809454147534065e-07 1.3661085553395604e-06 1.3233027686136338e-06 1.819228209005317e-05 3.498966132703202e-05 1.7637227760098874e-06 2.840450350458961e-05 0.0 1.2365372948699058e-07 2.8876073310509986e-07 8.051306095150755e-06 4.3772535160268015e-07 7.477998470121199e-07 2.2868297100246054e-07 5.385118474919978e-07 1.9982224124988849e-07 1.7856501379787656e-07 6.27437385669429e-05 5.25890252571609e-06 0.0 6.591405261072736e-05 1.579942582200433e-05 2.105370928844788e-05 3.2537470553348147e-06 2.3190136000123316e-07 0.0 6.25597970704881e-07 2.8575991449860636e-07 2.1964269738565166e-07 6.196286630846857e-06 0.0 8.704773332790759e-07 2.8824554924065975e-07 5.169605581351599e-07 0.0 1.5370571493634395e-07 2.454575744611601e-07 1.708717139049345e-07 2.0798857351074248e-07 8.650794428367603e-07 6.852812136892392e-08 6.566680262122869e-07 0.00010995941925237261 4.528787996505839e-05 0.0 4.8110505488510455e-06 0.0002689262926040883 8.261144351492522e-08 1.1663844131017691e-05 1.907847122764456e-05 3.7008154556048646e-05 7.198256740581444e-06 7.829497885168082e-05 6.857723602803264e-05 4.556565840588402e-05 0.00013941596070351418 0.0001421894107435776 1.4596639174819047e-05 0.0001870584591639959 0.00016296915488248442 7.48410934213317e-05 2.5221526854136366e-05 0.0 0.0 0.0 0.0 0.0 0.0 0.0 0.0 0.0 0.0 0.0 0.0 4.62774221519552e-07 0.0 0.0 2.1530280015996264e-07 9.479700877510836e-08 0.0 0.0 1.17023410745963e-06 9.917395445583902e-07 0.0 7.603411396177262e-07 2.102310341098539e-07 7.008456240218968e-06 4.999523628786272e-07 1.3978209132752158e-06 7.825514168825918e-07 3.681753331405421e-07 7.774603238130106e-08 0.0 0.0 8.78615749827152e-08 0.0 1.9545435944446455e-07 0.0 6.947606322122274e-07 6.750525030018022e-08 0.0 0.0 0.0 0.0 0.0 0.0 0.0 0.0 0.0 6.056959859306002e-07 1.8400492292187568e-06 0.0 1.3197549446896679e-06 7.863919912877675e-06 0.0 0.0 0.0 0.0 0.0 0.0 0.0 0.0 0.0 3.467508702532359e-05 6.910438235338874e-07 0.0 0.0 0.0 1.4503732313131052e-05 5.665805826479407e-07 3.3211998191759037e-06 9.433779161060399e-07 5.202354672290555e-07 7.500411024394903e-07 6.939843737151892e-08 0.0 0.0 0.0 8.834305339095135e-08 0.0 0.0 0.0 0.0 0.0 4.036741143603673e-05 2.9200517939263535e-06 1.4507239092348862e-06
2.3960590616333754e-05 0.0004381331767663631 0.002339333943623543 1.1494278995447492e-06 0.0009434132500591678 1.5269589120444144e-06 0.0001696236110982866 0.0011144355195913038 0.0009074750562177876 1.4144318440814317e-05 0.0 0.00011262075481182118 0.000989658983804131 0.002308184608903619 2.2460135575589697e-05 1.7546718895031548e-05 2.8087156771698215e-06 9.051750295131874e-07 6.742673213148115e-08 1.1126020913739483e-06 3.663571195572632e-06 2.797529091063499e-06 2.6941301419314874e-06 4.6997964132873185e-06 3.7959498224485273e-06 7.733641374006185e-06 9.778890670037427e-06 3.208778418211646e-06 1.4376893964049382e-06 4.108578440788393e-06 0.00021729854025317148 0.00011786262367134496 0.0008208184537489759 3.613297510502826e-07 3.043144528265537e-06 3.099904192838149e-05 0.00023918715776079043 6.864123304798984e-05 1.955785463419298e-05 7.362171937567119e-06 1.606332012359882e-05 1.060473255928673e-05 6.809903398985367e-07 1.8486280204400946e-06 3.068665545118021e-07 4.0166552599517455e-07 7.694880351719948e-05 9.953264996709294e-07 1.7386357980706561e-06 8.795462752261178e-07 6.968256413565537e-06 8.29467464459219e-06 1.484207077659942e-06 8.993990334078903e-06 1.017442266875952e-06 3.1899873312338914e-07 1.4369443936680743e-06 3.152301156860009e-05 1.531412459424822e-06 2.6906386251069848e-05 7.878105945170428e-07 0.0001415053102882933 1.6030381377980366e-07 3.7712715015218665e-05 7.545043059510318e-07 1.6198114081892179e-06 3.093429369782318e-06 1.598111858112885e-06 2.553158384750069e-06 1.541672707243142e-05 0.00011223370493970867 8.044758716820862e-07 1.5945795046588189e-07 4.026228142740649e-05 2.811237798609314e-05 5.244459999427169e-05 1.850513215501116e-05 6.498005232778241e-06 4.755249963885248e-05 0.0006363252443053173 1.011177985847569e-06 0.00022740028761275734 4.711699766678286e-06 6.311629028695802e-08 8.340379966307674e-07 1.5772782067157852e-06 1.6607580477966563e-06 0.0 2.8322794164096834e-06 2.4582436134791167e-06 8.756490921825896e-06 1.310501739362016e-05 2.627199131370594e-05 1.5414159540120727e-05 2.620349250998428e-05 2.4801746573706405e-05 9.962979271230678e-07 0.0 3.782321642018918e-06 1.17549626752521e-05 0.0 9.427375763860552e-07 6.782206879891889e-07 1.6390149246130464e-07 3.6289501826947324e-07 2.71935790852542e-06 8.702890362624348e-07 1.2431216941080638e-06 4.703440296777653e-06 1.0024595717907249e-06 3.5534483178292537e-06 7.998024173519418e-06 9.343762188068966e-06 1.1403521255037024e-05 7.042458778635611e-06 6.94008624722061e-08 1.6687617605775562e-07 0.0 9.829928704539839e-08 0.0 0.0 1.4307559351589453e-07 4.1181679578987655e-07 0.0 9.328177831898038e-08 9.477928733953918e-07 0.0 9.673276743141068e-07 1.7111833139570814e-07 1.0377701298291237e-06 1.0304292073960716e-06 3.5330073458188795e-07 4.720492134008418e-07 6.747679348988551e-07 5.986492385409453e-07 1.3211908600880267e-06 0.0 2.4723874598418624e-06 7.817696637862277e-07 8.12415378815503e-06 1.0368954801273297e-06 4.230192513025421e-06 1.8407457004274666e-06 1.1705804393845408e-06 1.5464017165472032e-06 1.6646556174789555e-07 9.0867912783876e-08 0.0 0.0 7.14389308630971e-08 0.0 0.0 9.508318049433135e-08 0.0 0.0 3.9984053688717654e-07 7.904235249093649e-07 1.4531562803050519e-06 0.0 0.0 0.0 0.0 0.0 0.0 1.0922398490522112e-06 3.0301909636240432e-06 9.527014591917571e-06 0.0 0.0 0.0 0.0 0.0 1.0547640450302917e-07 4.341393409512602e-07 6.277202830600083e-07 2.0842027586653744e-07 1.216687050823958e-05 1.7203835064853304e-06 1.8723958419868717e-07 5.011789620813667e-07 1.4453403726339604e-06 6.351095491128038e-06 9.71752169676952e-07 7.074727468442294e-06 2.2640677051366684e-07 5.160780526812408e-08 7.651978735148141e-08 0.0 1.009983404860596e-07 3.290877963799776e-07 0.0 0.0 0.0 5.041588697283851e-07 1.3998396152940875e-06 1.1052656600502824e-06 0.0 7.665113567457632e-06 6.054943729959867e-06 7.761643662387113e-06
