0.0 0.001224200404035229 0.0007537083639153778 0.0007034745747745608 1.6169868604082778e-05 0.00015410940730150238 0.000453802054420549 9.270076411851704e-05 4.918842913400994e-06 0.0010344302107643253 0.0001330319682015742 1.8862898184375003e-05 0.0001876156175397216 0.00014475964374148698 2.1364318126848723e-07 4.5560927676651427e-07 6.732251018440772e-08 0.0 0.0 0.0 0.0 0.0 0.0 0.0 0.0 0.0 0.0 0.0 0.0 0.0 0.00094411145109022 9.734199724643593e-06 1.1597516244523781e-05 0.0 0.0 0.0 6.733149100456318e-07 0.0 1.817907111957467e-07 0.0 0.0 1.1421454926995033e-07 0.0 7.0294471930313e-08 0.0 0.0 3.2123287302530117e-06 2.3736351734159e-07 0.0 1.8082972656982069e-07 0.0 0.0 0.0 0.0 2.9084293225759157e-06 3.6634774655651574e-06 5.627185108315303e-05 0.00038903773690488483 1.0731009666782909e-05 3.292037933447769e-06 1.597999397223201e-06 3.5709102314226944e-06 0.0 1.4417576077287116e-05 1.2840946751598931e-06 7.659506895987637e-07 1.1251875964015688e-07 0.0 0.0 1.7744762541621542e-07 1.5357666479359447e-06 1.4038964015445666e-06 0.0 5.646234257424102e-05 4.360615626469382e-06 6.07039983261736e-06 1.586822547572113e-06 5.861288885592559e-07 5.35292955619698e-06 6.023939632766412e-05 1.2257482325891803e-07 1.5185337539250146e-05 1.7272002168967e-06 1.9427467169504298e-07 1.0803174648324202e-06 1.5960455675069345e-06 1.9776589696258282e-07 1.241357207361713e-07 2.3482109184835852e-07 2.2596158965096982e-07 1.1743200205403902e-07 0.0 7.849823127543809e-08 2.1940023140128065e-07 1.1492533527848861e-07 1.9589768201544957e-05 2.528056846428547e-06 0.0 0.0 0.00037723299713785934 1.265678503913607e-06 0.0 2.662287509902276e-06 1.7212926591170238e-07 1.1646404373628305e-06 1.7223433638179023e-05 0.0 1.0017071805824039e-05 5.092947150420958e-06 1.9018481860591481e-06 1.0451712315321752e-06 3.1197169247326576e-06 3.57815475518517e-06 1.408330073377804e-06 3.390967885781021e-06 0.0 0.0 0.0 0.0 0.0 0.0 0.0 0.0 0.0 0.0 0.0 0.0 0.0 0.0 0.0 0.0 0.0 0.0 0.0 0.0 6.132218746575138e-07 0.0 0.0 0.0 9.420143316914535e-07 0.0 5.297265952673436e-07 0.0 0.0 0.0 0.0 0.0 0.0 0.0 0.0 0.0 0.0 0.0 0.0 0.0 0.0 0.0 1.7782757696643883e-07 0.0 2.2342607939825054e-07 0.0 0.0 2.3638734256706426e-06 1.6959978963347422e-07 0.0 8.197434013296355e-08 1.977155114770796e-06 0.0 0.0 2.368326624740254e-07 0.0 0.0 0.0 0.0 0.0 0.0 1.0985282561332465e-06 0.0 0.0 0.0 0.0 3.3717143724308144e-06 1.1143910984674183e-07 2.546161278812393e-06 2.0676142886507964e-07 2.341124730348312e-07 0.0 0.0 0.0 0.0 0.0 6.10677111111573e-08 0.0 1.337216289326961e-07 0.0 0.0 0.0 5.060553133385764e-07 2.8547845331451813e-06 8.008883551086055e-08
0.001224200404035229 0.0 0.001057144902315834 0.0003128567334332986 0.000627628111983992 0.00012474427521915355 0.0024432336662929244 0.00037594816797243346 0.0003987393843533024 0.001162336223731381 0.001165487980660495 4.051766895279224e-05 0.0016426594403054877 0.0012119216066854546 6.166535726534585e-06 1.629894806533192e-06 5.86696154101507e-07 8.436406380677003e-08 0.0 7.19609324873749e-08 0.0 0.0 0.0 0.0 8.702824789107477e-08 1.0495167003269672e-07 0.0 2.9219753030519505e-07 0.0 0.0 0.0007399706874599355 1.2809659627167467e-05 5.705119234016652e-05 5.857243784630782e-08 0.0 3.4116271623149863e-07 2.7033113514262463e-06 9.335037658758535e-07 6.032957078517548e-07 1.772599157537293e-07 0.0 3.754140463686314e-07 7.454048355987124e-08 8.746604466381943e-07 0.0 1.4617002405328528e-07 6.485601948595785e-05 3.570202044249667e-06 1.891564517505427e-06 2.215105937464106e-07 1.8120352994067065e-06 1.4758146151111962e-07 4.43200776918399e-08 2.1402079476600175e-07 2.3199021548684406e-05 3.535606171920962e-05 5.4189109368662644e-05 0.0004678410037062626 2.7486716296675447e-05 4.321017546123467e-05 4.218751508661301e-07 6.3101500881193e-06 1.858180744307222e-07 0.00013222262248933415 1.4191723211583372e-05 8.714086644959552e-06 2.763291760117622e-06 7.779398776785515e-07 3.444987712355034e-07 7.833650097555247e-08 3.4025432610126023e-06 2.1743364401048264e-06 0.0 0.00015588083736973768 4.8361137711691185e-05 6.762828780827726e-05 4.5009337141176856e-05 3.130040515536384e-06 9.855902786964964e-06 0.00023895744643634103 8.179303538602331e-07 2.4971570689878745e-05 2.7759751996770413e-05 9.35052474005234e-07 7.512337183543577e-06 1.73149661715914e-05 2.9062329783424146e-06 9.30429091675942e-07 2.946694985800427e-06 1.7451690332309168e-07 5.452322101251206e-07 1.0544692355151254e-07 6.862552809149895e-07 1.9468450535738872e-07 2.914728643568251e-07 1.7404337301169507e-05 9.276428747289969e-07 1.3016802711663495e-07 1.0105243073729453e-06 0.0004574732448162556 3.6136591781604244e-06 3.753187976982734e-07 6.781758978807203e-06 4.2197449562498396e-07 5.907356967925941e-06 2.7049119957995514e-05 0.0 1.564460115643069e-05 6.659598953076383e-06 1.4825102045639098e-06 5.892957548752335e-06 1.8387725390950356e-05 3.074008817537229e-05 1.763817623552616e-05 1.6741170996667355e-05 0.0 9.062705056075696e-08 0.0 0.0 0.0 0.0 0.0 0.0 0.0 0.0 0.0 0.0 0.0 0.0 0.0 0.0 0.0 0.0 0.0 6.038497786834681e-06 2.761811030870754e-06 0.0 1.0985786681466555e-07 0.0 5.718326143794079e-06 2.1136957248621494e-06 5.758378515424975e-06 8.536401298034157e-08 8.033280052002579e-07 0.0 0.0 0.0 0.0 1.2065343852024326e-07 0.0 6.986005724073693e-08 4.032488965914354e-07 2.498863794409589e-07 0.0 5.962556872649729e-08 6.19836162823529e-08 0.0 0.0 5.90590954244141e-07 8.303215745995782e-07 0.0 3.202865812621488e-06 2.4576023257977965e-06 1.0136357744292357e-07 0.0 0.0 2.112953741137215e-05 5.433616033950287e-06 3.0379183027495363e-07 3.3670667552859436e-07 1.9517528060601587e-07 0.0 0.0 6.75219640655011e-08 0.0 0.0 1.0574823681211071e-05 4.2649426624922766e-07 0.0 0.0 6.807976049428096e-08 2.0210189196779847e-05 1.1448052434761713e-06 4.8668208989117055e-06 1.2021995545474662e-06 3.0443565625240997e-06 5.540441239573719e-07 2.0226553335599836e-07 0.0 5.539196361393866e-07 2.544233257601029e-07 2.8647951216387534e-07 0.0 2.4276356481074923e-07 0.0 5.799648104273675e-08 0.0 1.5600736616835403e-05 4.028660166301941e-06 1.096635269742475e-06
0.0007537083639153778 0.001057144902315834 0.0 6.784220701015681e-06 0.00022503681630430051 1.2485594834109892e-05 0.00010973456637674843 0.002033264306928986 0.0004442671904333969 0.0002754441926397661 0.0008789171229085065 3.519921351168177e-05 0.0002933204839147145 0.0005893028337119916 3.4659672346662976e-06 1.0679914622748886e-06 0.0 0.0 0.0 8.365709062264942e-08 3.0077282870704657e-07 4.834471169990326e-08 0.0 0.0 9.9692445276699e-08 0.0 0.0 1.7098594914452078e-07 0.0 0.0 0.0013863981488790706 0.00018007737734898353 4.838319929378866e-05 7.462333605461665e-08 0.0 0.0 4.785593908334644e-06 6.467599818157845e-07 4.642571806974888e-07 0.0 5.917010346928139e-07 1.594896540495637e-07 0.0 8.638439628496371e-07 0.0 6.71840525014865e-08 1.5625346051406142e-05 7.232367327190739e-07 5.633226456664994e-07 7.446731599884705e-08 0.0 0.0 0.0 0.0 5.207004398202404e-06 6.16391693664287e-06 1.382123278048939e-05 0.00022382597561268624 7.0219744348581385e-06 1.1267246902541177e-05 2.2937083919353e-06 2.405709116430746e-05 8.532260246986208e-08 8.931172558483894e-05 2.09657277553173e-06 1.6177187990494497e-06 1.1884885300314558e-07 6.426123032876578e-08 5.259026650993218e-07 0.0 1.3450721922907987e-05 2.140163317830808e-06 5.979186272542058e-08 4.415854492143812e-05 1.4076760984530888e-05 2.5490712407959632e-05 1.1652262261276679e-05 4.021096894015153e-06 2.911253612912724e-05 0.0003762349640659266 6.293789114662976e-07 0.00011329111790258842 5.303495586206279e-06 3.02066675602387e-07 9.881871183198987e-07 2.734247399258442e-06 5.143361384979923e-07 1.916386161833289e-07 6.15674330084003e-07 7.395411342923493e-08 0.0 1.0068971468216565e-07 0.0 0.0 1.6989690217771785e-07 1.3181291661955393e-05 5.358209454734431e-07 0.0 0.0 0.00021369514739452423 3.5620563225667865e-06 2.0479782428998763e-07 3.366814461413628e-06 4.886215783518208e-07 3.7852159538813225e-06 1.2165926097214475e-05 1.1129728896492382e-07 9.948502654927737e-06 4.815022316832543e-06 3.6398523107185844e-07 4.951991635865612e-06 1.5969732007102186e-05 1.3740439404268475e-05 7.682440342436526e-06 1.1199238780881151e-05 3.8132657700656923e-07 6.15643494765776e-07 0.0 0.0 0.0 0.0 0.0 0.0 0.0 0.0 6.049560310204556e-08 0.0 0.0 0.0 0.0 0.0 0.0 0.0 0.0 3.905987931673909e-06 2.3386314309394995e-06 0.0 0.0 0.0 5.522524489874828e-06 9.980339846725275e-07 9.447786644650438e-06 2.1761350051361986e-07 0.0 0.0 0.0 0.0 0.0 2.78687710512057e-06 3.351179507278495e-07 0.0 2.990679116791779e-07 3.3548477321286117e-07 0.0 0.0 0.0 0.0 0.0 7.415616794434145e-07 3.702522644555339e-07 6.278115303890327e-08 1.2933027225648669e-06 1.417763437123836e-06 0.0 4.9380721739506e-07 0.0 1.64337640333238e-05 3.94908008656429e-06 5.613118079304316e-07 2.0665722815059955e-07 0.0 0.0 0.0 0.0 0.0 0.0 1.0270799282135411e-05 2.719870924475172e-07 0.0 0.0 0.0 1.597948242428431e-05 1.795648184722597e-06 5.056369053175462e-06 1.5272206875993355e-06 3.79936861856903e-06 7.253225095407187e-07 1.5130542643706866e-07 0.0 1.3836720927395677e-07 9.697568198397441e-08 0.0 0.0 0.0 0.0 0.0 0.0 7.641419495418524e-06 6.5784804751225455e-06 1.5323505461004457e-06
0.0007034745747745608 0.0003128567334332986 6.784220701015681e-06 0.0 4.646396213745962e-06 0.00047560612402662843 9.500737550844844e-05 5.043178254379701e-07 1.8958257309738487e-06 0.0018584891902742125 1.6652390144465662e-07 1.87101896025822e-05 0.000488309987537576 2.0034556781531784e-05 0.0 0.0 0.0 0.0 0.0 0.0 0.0 0.0 0.0 0.0 0.0 0.0 0.0 0.0 0.0 0.0 3.84176931775127e-05 3.254507052745849e-07 1.2129104752562144e-06 0.0 0.0 0.0 0.0 0.0 1.0566464122126688e-07 0.0 0.0 0.0 0.0 0.0 0.0 0.0 3.916737655065115e-06 1.8053716423584903e-07 0.0 0.0 0.0 7.915587154740012e-08 0.0 0.0 1.492292239412673e-06 2.094759943882578e-06 7.492413759640942e-06 4.984090833896344e-05 2.2182026478107987e-06 3.043561611114295e-06 8.044551444411955e-08 8.857064327814094e-08 0.0 9.424473912097094e-06 7.544050121328404e-07 3.840625123315071e-07 2.0854491795273436e-07 0.0 0.0 0.0 7.541665712228252e-07 0.0 0.0 1.683463539109305e-05 2.868446786780934e-06 2.3807926451812647e-06 1.560772211583151e-06 6.806242293419317e-08 8.437550228002301e-08 9.767932973774208e-07 0.0 2.0117422027656984e-07 1.3913822217140076e-06 1.1209345885989047e-07 4.268779272099989e-07 1.1771835775731941e-06 6.57225177681079e-08 0.0 3.901657336491349e-07 1.33116032814784e-07 6.288551112231572e-08 0.0 0.0 0.0 6.228654698083759e-08 8.376636688986019e-06 0.0 0.0 9.242316962929517e-08 6.55837169534703e-05 0.0 0.0 2.2985309853479037e-06 5.29191361047205e-07 3.017633896997407e-06 2.8420467167745097e-05 7.966168587045196e-07 5.564158599125873e-06 5.162662927328277e-06 1.4036515175008364e-06 3.946282894258378e-07 4.609664942574244e-06 4.838774697716524e-06 2.719415071640756e-06 2.4346858931786207e-06 0.0 0.0 0.0 0.0 0.0 0.0 0.0 0.0 0.0 0.0 0.0 0.0 0.0 0.0 0.0 0.0 0.0 0.0 0.0 1.8492990845641613e-06 8.541670909139687e-08 0.0 0.0 0.0 0.0 0.0 6.868108606899512e-07 0.0 0.0 0.0 0.0 0.0 0.0 0.0 0.0 0.0 0.0 0.0 0.0 0.0 0.0 0.0 0.0 1.9255739895785856e-07 7.528596716986118e-08 0.0 7.3867537135925e-07 1.1398772218714158e-07 0.0 0.0 0.0 2.0587066225676035e-06 1.2427307683656626e-06 0.0 0.0 0.0 0.0 0.0 0.0 0.0 0.0 4.4642807200514123e-07 0.0 0.0 0.0 0.0 4.612643221558719e-06 0.0 1.0980036510604234e-06 1.247321337024435e-06 2.481122956199514e-06 0.0 0.0 0.0 0.0 0.0 6.34756401223071e-08 0.0 0.0 0.0 0.0 0.0 1.2143468264641645e-06 5.054119441806493e-07 0.0
1.6169868604082778e-05 0.000627628111983992 0.00022503681630430051 4.646396213745962e-06 0.0 3.2128813020332383e-06 0.001270777435444824 9.860269801814716e-06 0.0023217336347135928 0.0007513877678543422 0.0006313413689657531 1.9947076992715044e-05 0.0006344258528749641 0.0015052385664218475 8.95003320344191e-06 2.8531258556058876e-07 6.198541748218982e-07 1.3368542508574922e-07 1.148031540394257e-07 0.0 0.0 0.0 0.0 0.0 6.086959261786123e-08 0.0 0.0 7.530223911746439e-08 0.0 0.0 0.00012177289468617424 1.6692176306314368e-05 3.7260509455684443e-06 0.0 0.0 0.0 8.344534577831539e-07 8.936469004139772e-07 5.982109962492034e-07 2.1318133042962283e-07 1.917323900819782e-07 4.297717395441079e-07 2.469802203900446e-07 5.759548207225215e-07 7.823208893707748e-08 4.1617950159447763e-07 0.00011319649531328708 2.4115813911965424e-06 1.3520595113710192e-06 7.648943034298027e-08 9.664329361985918e-07 0.0 0.0 1.4046266203681205e-07 1.7267442745868063e-05 2.803736695294604e-05 1.100755560231244e-05 3.785801849657034e-05 1.2865355662179839e-05 4.614494634224947e-05 2.088733343249975e-06 1.8256365658367973e-06 5.457377555721109e-07 0.00019299197436158086 1.154187984784051e-05 7.3025191104619794e-06 2.062831428645479e-06 5.286196711898277e-07 3.152363959537255e-07 0.0 2.4947208414456877e-06 3.0545796710164045e-06 0.0 5.3318113298080106e-05 4.4702387869636095e-05 8.722007127636968e-05 0.00010995335506798235 5.45699974888462e-06 9.312401351831422e-07 1.2735440248169638e-05 1.2486978925343543e-06 1.7908119811454748e-06 1.9729752057364514e-05 1.2780530975011878e-06 7.870727656814433e-06 1.36634786000181e-05 1.9038610516063157e-06 6.599901902884561e-07 2.608367567637741e-06 2.568603185649268e-07 4.209041440873421e-07 1.8140000010680696e-07 1.339644941578371e-07 3.2428788375230454e-07 5.188362155244184e-07 1.8565018803805395e-05 5.660018382506933e-07 0.0 1.9046656834535865e-07 6.9816657497027694e-06 3.143226867535742e-06 7.765764917001407e-07 5.558592334094129e-06 1.41032477855018e-06 9.127719422640817e-06 2.0621308190113564e-05 7.633968705948311e-08 1.732003865337978e-05 7.687084596382497e-06 1.7182420218974627e-06 7.750582978563656e-06 1.8906926769841616e-05 3.353231380986983e-05 1.7131393702366253e-05 1.5543554947161734e-05 1.0176571351635067e-07 1.0282638911278165e-07 0.0 0.0 0.0 0.0 0.0 0.0 0.0 0.0 0.0 0.0 0.0 0.0 0.0 0.0 5.751972961410805e-08 0.0 0.0 7.198630732846249e-06 1.2934485900763738e-06 0.0 2.0624648174844626e-07 0.0 7.64839014777993e-06 8.653324975955485e-07 8.442974213534196e-06 2.2616407400807436e-07 1.1094642818590582e-07 0.0 6.282171825340334e-08 0.0 0.0 3.9295280938082565e-07 5.032220340883529e-07 0.0 1.706836865895602e-06 6.063626125226636e-07 0.0 0.0 0.0 0.0 0.0 2.1144899074123138e-07 8.862770525300469e-07 1.0255459947787788e-07 1.6400383582858194e-06 4.428498684790758e-06 5.373911816727665e-07 0.0 7.3480747680779e-08 2.2569847670951918e-05 3.826322454561064e-06 6.517961293658181e-07 2.3377400393517064e-07 0.0 0.0 8.551504219282863e-08 8.649638586234326e-08 6.959965212402366e-08 6.646409413232079e-08 1.2573432551818843e-05 8.505752394548403e-07 0.0 0.0 0.0 2.1045820475592655e-05 4.60573740519743e-07 8.04792404048205e-06 1.700280260187669e-06 5.676130371334774e-06 8.483707704881761e-07 4.042117156894869e-07 2.7907371222329037e-07 0.0 0.0 5.8623312974003294e-08 0.0 1.9453169113158355e-07 0.0 0.0 0.0 1.3857500267432504e-05 5.200174064973572e-06 1.5734465030617208e-06
0.00015410940730150238 0.00012474427521915355 1.2485594834109892e-05 0.00047560612402662843 3.2128813020332383e-06 0.0 7.764486558806014e-05 2.579572447693589e-06 1.4078211737244272e-06 0.0014380962321320658 2.3497655616698424e-06 0.00019011602671053544 0.00017011386163046747 8.953842430855401e-06 5.821076402313653e-07 3.1327514741636326e-07 0.0 0.0 0.0 0.0 7.138361331847536e-08 7.255361895732947e-07 0.0 0.0 2.6002704459774194e-07 0.0 0.0 2.408656864943097e-07 0.0 0.0 8.629254374407557e-05 3.00124126990441e-06 1.4223274724813659e-05 0.0 0.0 3.425501032202174e-07 1.2533321315214748e-05 8.350448358428428e-06 3.765439669930418e-06 3.439099371570124e-07 0.0 0.0 0.0 4.088617608121706e-07 0.0 3.5195299584469475e-07 1.2731581008909457e-06 0.0 0.0 0.0 0.0 9.27430187919196e-06 3.1891441814394385e-07 3.0504800304789363e-07 2.1983467306838792e-07 9.0020200437267e-07 0.00013979550469881704 0.00011083957036444715 3.5585656548348927e-06 1.560059105506925e-07 2.1965848640875273e-06 1.9871072555436492e-05 6.349006590752126e-07 1.968432456100709e-06 6.306073468408506e-08 5.0819778793841267e-08 0.0 0.0 0.0 0.0 7.273705240234355e-05 0.000136665722133442 4.410259198389184e-06 6.012360223494656e-06 4.3640446235648224e-07 8.24789485603682e-07 3.6502654129710213e-07 6.4459061511354e-07 8.192063686074126e-08 6.677391435273792e-06 2.3168209422142044e-07 2.0501784044540506e-06 4.0990700076446737e-07 4.48416954527021e-07 0.0 5.406955560625652e-07 0.0 1.7737002319867815e-06 9.66834568691435e-07 5.583951343867099e-06 2.2838712150126484e-07 2.458115191148268e-06 0.0 0.0 5.677701254994847e-07 0.0003359811074335941 2.9295409911766622e-05 6.34809205244251e-07 6.965987582058816e-06 0.00021722283210313457 1.150764454235694e-07 0.0 4.096464122005416e-06 8.197167565212635e-07 4.373149117716066e-06 2.1610255679144457e-05 2.7996335926406245e-07 1.217958877799447e-05 6.428045181978642e-06 2.0264911518267793e-06 1.096277763498257e-06 5.545282690280671e-06 1.0712965870896816e-05 2.24632233130487e-06 2.5589760827625146e-06 9.134868153686057e-08 8.710413568650068e-08 0.0 0.0 0.0 0.0 0.0 0.0 1.3365674347376783e-07 0.0 3.270654723855032e-07 1.7939230974938586e-07 2.0928996092971374e-07 0.0 8.005997854492596e-08 3.506725837599204e-07 4.83835332666331e-07 1.1108268270377447e-06 8.06233638189313e-07 1.2408741746645572e-06 2.0005342974798784e-07 0.0 1.4657572116083826e-07 0.0 1.1758987681508246e-06 8.357872808835621e-07 1.2427667114298072e-06 1.06380263851534e-06 1.0071948978341401e-06 0.0 0.0 0.0 0.0 4.4766188040466916e-07 7.832815592588363e-08 0.0 0.0 0.0 0.0 0.0 1.6410876493640598e-07 1.4927721651974797e-06 0.0 1.2337617283988605e-07 0.0 6.196679129535896e-08 0.0 3.428696385891908e-07 0.0 0.0 0.0 7.614221827506477e-07 1.621507734863176e-06 0.0 0.0 0.0 0.0 0.0 0.0 0.0 0.0 1.7925776920400312e-06 5.812942020186411e-06 0.0 0.0 0.0 1.072359106600374e-06 5.206287915438516e-07 1.151683758575828e-07 0.0 1.5224072665473596e-06 0.0 0.0 0.0 0.0 0.0 0.0 0.0 6.970154625958131e-08 0.0 0.0 0.0 1.229026146517071e-06 1.8117600791290782e-06 2.352533101172648e-06
0.000453802054420549 0.0024432336662929244 0.00010973456637674843 9.500737550844844e-05 0.001270777435444824 7.764486558806014e-05 0.0 9.405506580894722e-06 0.0014551929545720435 0.002291407897071106 0.00031055391360049775 9.25936744971173e-05 0.004168635917828306 0.0021632181349563514 1.3847602521455922e-05 3.431344500360094e-07 3.6166889977183655e-07 5.482758286902995e-07 1.423103981151553e-07 5.867531216550114e-08 1.1600618107578947e-07 0.0 0.0 4.970910933573585e-08 9.013824467191159e-08 2.9029138337542525e-07 0.0 6.017978163987522e-08 0.0 0.0 0.00026180784162453 1.5924663091593968e-05 6.979143471929131e-06 5.250038906604744e-08 0.0 1.7853763458163318e-07 1.6652662033018182e-06 7.455186627955956e-07 1.061089445249252e-06 2.6286099378999165e-07 3.07066731711854e-07 6.413639360137619e-07 1.4081013713565727e-07 5.146261199814737e-07 1.5568392022637472e-07 4.1221038734574115e-07 0.00014785531944140476 5.18673266739371e-06 2.446616450090477e-06 4.989086955332877e-07 1.08766359497012e-06 1.357152055450146e-07 6.273896018001731e-08 6.043300758589548e-07 3.384926934450665e-05 5.231470138751405e-05 4.2219550077669724e-05 0.0002189537576787963 3.226323004459204e-05 8.30854513481433e-05 1.4710273757533052e-06 4.351304232638418e-06 3.2702861658155095e-07 0.00023376182884042669 2.0815779420101346e-05 1.3062864607149708e-05 3.4607063417996162e-06 4.818467738748264e-07 5.636892163612193e-07 7.761624585354294e-08 7.897678714120747e-06 3.3817004113709425e-06 1.7220233905136713e-07 0.00015396126331350204 7.241816443117272e-05 0.00014155392718616003 0.00012961930276400626 8.725004896988519e-06 2.392325126138148e-06 1.1805297302671483e-05 2.1030127079132316e-06 3.163287589087454e-06 3.8691600063024544e-05 2.32579220333108e-06 1.2916448660417742e-05 2.719279706931794e-05 4.557910626127619e-06 1.2459474882601523e-06 6.558209904347699e-06 5.200438647111375e-07 1.542243917220706e-06 1.3555865043487508e-07 2.7451694191492763e-07 1.8477655288148369e-07 1.0780341360456354e-06 3.93232104974251e-05 1.0873081030482358e-06 5.392804901267767e-08 8.590981384984804e-07 7.486531254096047e-05 1.2680379682394793e-05 6.122034409291502e-06 0.00012261281714599637 6.967644744360107e-06 3.0488827668399227e-05 0.000129645836901552 3.5267480487250465e-06 5.80476411430874e-05 8.038800331134545e-05 4.802544035103577e-06 1.9163379448916735e-05 6.480176890257398e-05 0.00010613107377116727 5.0054900951201785e-05 5.565490853932464e-05 8.450318963321546e-07 3.7800386688802624e-07 0.0 0.0 0.0 0.0 0.0 1.2311160419084877e-07 0.0 0.0 0.0 0.0 0.0 0.0 0.0 0.0 0.0 0.0 0.0 2.2666567124840263e-05 6.7279503323478676e-06 0.0 9.698638397062406e-07 0.0 1.740432018842218e-05 2.8499686256640745e-06 1.998590011514919e-05 0.0 1.803500660640714e-07 0.0 0.0 0.0 7.989082942394462e-08 7.855317461484711e-07 3.173357649548683e-07 0.0 2.2885625672319416e-06 1.0290675068214099e-06 0.0 1.7147961548524763e-07 0.0 0.0 6.811491671376406e-08 1.3925924427587062e-06 3.782078003881848e-06 3.8595415434197104e-07 6.489841870946914e-06 1.561979338754641e-05 4.347302007966319e-07 3.5945784379128984e-07 3.248535845977427e-07 4.713942930595642e-05 1.5327940360315363e-05 1.691354703504998e-06 1.1252026948265628e-06 1.1600835726331085e-07 1.3193322543809745e-07 0.0 0.0 0.0 0.0 3.076278529415112e-05 9.82536346171492e-07 0.0 0.0 0.0 6.328249034172536e-05 1.6588541207250843e-06 2.080861047838894e-05 6.048802196613687e-06 1.3331446101013895e-05 1.2348025395397758e-06 6.449245519879497e-07 2.045795760621186e-07 3.448011578871078e-07 2.641607667496982e-07 2.560236643880539e-07 0.0 8.066838212459086e-07 0.0 1.2383485381882778e-07 0.0 4.378285648210282e-05 1.3392015941785703e-05 4.217268387406661e-06
9.270076411851704e-05 0.00037594816797243346 0.002033264306928986 5.043178254379701e-07 9.860269801814716e-06 2.579572447693589e-06 9.405506580894722e-06 0.0 3.0406714605304286e-05 0.00013347295478862217 0.0007527193975915334 5.296450833760515e-05 0.00024868429684300194 0.0006482202549898766 9.570743564173317e-06 3.0966340947006885e-06 9.182491184951047e-07 5.416486047980464e-07 7.055477543165859e-07 8.682945316099516e-07 7.917778089978498e-07 0.0 0.0 0.0 3.3201552564078545e-07 0.0 6.75232859645327e-08 0.0 1.6193228965467556e-07 0.0 0.001093644939750908 0.0012564588689665352 9.049596370590328e-05 1.2289326603787555e-07 0.0 9.628089365147155e-08 9.738798148260216e-06 2.1792671729514738e-06 2.764401651723576e-06 6.149283204121537e-07 5.997284149385808e-07 1.3384851954946539e-06 1.856931010171742e-07 1.9692504238409307e-06 1.104392056357224e-07 2.1903352806703195e-06 3.358062408475109e-05 1.314088370847751e-06 5.916194906083345e-07 1.9465371769946726e-06 1.955724991251203e-06 2.8572348483541905e-07 1.6512707231999795e-07 6.943565121525722e-08 5.286734311148656e-06 7.552658453717277e-06 8.033243358063816e-06 0.00011491971706372418 4.846292189132768e-06 1.5895972779358747e-05 9.436307000987023e-05 0.0001079923869620576 1.3796800655742836e-06 0.00016466772532875706 3.482014086244917e-06 2.647982287275309e-06 1.3215890058032147e-06 2.970297591927124e-07 6.178025142359067e-06 1.3836943132328131e-06 1.6796742822629565e-05 5.7894475579900126e-06 0.0 3.651846948259686e-05 1.7606782374492276e-05 4.3733842215054645e-05 4.157725190974853e-05 1.1715457838654496e-05 0.0005332476114764389 0.0020949524821994286 2.5757897135646737e-05 0.002005851118671604 7.861550237899941e-06 3.466679850650705e-07 2.8626750338936055e-06 3.5153324524185893e-06 2.427815619714763e-06 1.2914701748366216e-07 1.3091802361797867e-06 1.0018770778802522e-07 1.3129608359363552e-07 2.1716485517630573e-07 7.3138205018861116e-06 8.409508882762742e-08 4.583224880176234e-07 2.2035465374272838e-05 1.242929772621235e-06 0.0 1.635998338092429e-07 5.868606558031787e-05 6.483221481362581e-06 0.0 8.620488392520022e-06 2.801045596626615e-07 8.24768963795655e-06 3.8933428667534515e-05 1.1794506523973957e-07 2.0064330695768756e-05 1.647019082258899e-05 1.176670779666551e-06 1.0814241002503515e-05 2.4681782806154194e-05 4.2228874132955354e-05 2.892263874172886e-05 2.6747167680614422e-05 1.8954863086680837e-07 1.2495867482342096e-07 0.0 0.0 0.0 0.0 0.0 0.0 0.0 0.0 0.0 0.0 1.6566693768300235e-07 0.0 0.0 0.0 0.0 0.0 0.0 1.3531787686765748e-05 1.493596450176271e-06 0.0 9.308156886913653e-07 7.250239851723388e-08 1.373102047799792e-05 1.7936874937208809e-06 1.8921325546050723e-05 6.66031147463943e-07 1.5922861046461066e-07 0.0 0.0 0.0 0.0 6.224474079989968e-07 8.449394263475163e-08 0.0 1.9569214582512164e-06 2.317365690510366e-06 0.0 0.0 0.0 7.497705645194788e-08 0.0 8.549838806353267e-08 2.783576826819267e-06 1.186116440670581e-07 4.264773252588493e-06 8.24139333395146e-06 1.682935015999692e-07 9.301598469214869e-07 3.872149942278185e-07 3.659693355132522e-05 1.0838990099753568e-05 2.969149967747452e-07 6.971814823231687e-07 0.0 7.292767231996908e-08 8.179737652042814e-08 0.0 0.0 0.0 1.920590334009621e-05 6.459963738010449e-07 0.0 8.628806536597677e-08 0.0 3.5956448318467046e-05 2.139974268284269e-06 1.198294526323481e-05 3.517400037391656e-06 8.03518355963054e-06 2.1887894456480183e-07 1.1587045711603553e-07 5.896778817137274e-07 1.0013425630609467e-07 3.8357016339355665e-07 1.7495220827119928e-07 0.0 2.8555644445813105e-07 6.582282022932137e-08 2.2773548822626266e-07 0.0 1.9466838466381086e-05 9.698218428840822e-06 2.9381147550066112e-06
4.918842913400994e-06 0.0003987393843533024 0.0004442671904333969 1.8958257309738487e-06 0.0023217336347135928 1.4078211737244272e-06 0.0014551929545720435 3.0406714605304286e-05 0.0 0.00017962284256480565 0.0006455536811369355 7.866492319294743e-06 0.00033037626113298374 0.000688467048823593 8.757272299477016e-06 8.641436517481158e-08 0.0 0.0 6.117670033743558e-08 9.26369305944651e-08 0.0 0.0 0.0 0.0 0.0 0.0 0.0 8.768299257468184e-08 0.0 0.0 3.583260028162795e-05 8.540450279264178e-06 9.827626175171572e-06 0.0 0.0 0.0 6.788928383633892e-07 1.7825923095531628e-07 2.282160389905434e-07 0.0 0.0 3.720837465712948e-07 0.0 1.5147932360355117e-07 0.0 1.815343706937428e-07 5.624678418608851e-05 3.8708373504948763e-07 3.2093009385061703e-07 0.0 5.071200220759303e-07 0.0 0.0 3.1187281937158336e-07 5.045713130660436e-06 7.248391791914669e-06 3.536535735366608e-06 9.330444990348576e-06 2.7270219800843518e-06 1.5106928234910245e-05 3.9280426659746945e-07 1.6269632301515783e-06 3.8943909834098315e-07 7.722433488944177e-05 2.7777952181405195e-06 1.9494492216436557e-06 6.610548630557689e-07 2.7170608548943393e-07 6.059056401207019e-08 0.0 1.3690830395062472e-06 2.1342514886086828e-06 0.0 1.286185770601825e-05 1.4575720775508377e-05 3.7028052467847706e-05 5.5644775832539574e-05 4.544067290309558e-06 6.99021538797614e-07 7.523116595707935e-05 3.1383149605096573e-07 2.983692089068896e-06 5.298446107259549e-06 7.613881910612637e-07 1.5050799444326472e-06 3.666498827667049e-06 5.511389900526454e-07 2.3748951590132575e-07 1.6427626842798062e-06 5.270625910332473e-08 6.265211501064583e-08 7.129030253411263e-08 9.570888905622962e-08 0.0 1.2051858683399997e-07 1.3547061654555135e-05 0.0 0.0 0.0 2.4407747984196615e-06 4.0388981618952435e-06 4.461854450815263e-07 3.6921973271896123e-06 0.0 4.130453059681032e-06 1.8892682790706852e-05 8.939757655125102e-08 1.3582067887956919e-05 6.8884130794386365e-06 9.438275545148087e-07 5.140541522555245e-06 1.4190866589537108e-05 2.87608521172542e-05 1.4760396212106453e-05 1.4804451455870196e-05 0.0 1.958498807526281e-07 0.0 0.0 0.0 0.0 0.0 0.0 0.0 0.0 0.0 0.0 0.0 0.0 0.0 0.0 0.0 0.0 0.0 3.0873143962863524e-06 1.5417895796242967e-06 0.0 0.0 0.0 4.803222681879877e-06 1.1950587189263766e-06 6.119243210493784e-06 1.1236977172753494e-07 0.0 0.0 1.0729590958880399e-07 0.0 9.72345313963852e-08 3.583864491224394e-07 0.0 0.0 0.0 2.1894466183094382e-07 0.0 1.2654437814066503e-07 0.0 0.0 0.0 2.876099066935848e-07 3.355399782343234e-07 0.0 9.199103813811446e-07 2.171819975989175e-06 0.0 0.0 0.0 1.6809387146567166e-05 4.480993147792439e-06 4.756564735825562e-07 4.679582416994006e-07 0.0 0.0 0.0 0.0 0.0 0.0 9.551721045934495e-06 2.0758532266966803e-07 0.0 0.0 0.0 1.3962250410810456e-05 9.041473199425826e-07 4.226904397374986e-06 1.159043948503568e-06 3.2319170482548827e-06 3.444360979341382e-07 8.407844369084188e-08 1.5186646916210985e-07 0.0 0.0 7.054205822342401e-08 0.0 0.0 7.142188993907382e-08 0.0 0.0 1.4644817022402887e-05 5.620816486541425e-06 1.024969862621255e-06
0.0010344302107643253 0.001162336223731381 0.0002754441926397661 0.0018584891902742125 0.0007513877678543422 0.0014380962321320658 0.002291407897071106 0.00013347295478862217 0.00017962284256480565 0.0 0.00015295096970448766 0.0013212683106431952 0.006704783382960781 0.0007168871956061773 3.492810219982396e-06 3.8583046685741297e-07 6.219288548856855e-08 0.0 0.0 6.317926946017305e-08 0.0 0.0 0.0 0.0 0.0 0.0 0.0 7.539808578976524e-08 1.049399707766416e-07 0.0 8.816734491824598e-05 5.987234056793965e-06 6.891535706200357e-06 0.0 0.0 0.0 3.9190793002819664e-06 5.479288796533139e-07 1.0176025596177734e-06 0.0 0.0 1.300458728551033e-07 0.0 5.117527611123127e-07 0.0 1.6108279417292427e-07 2.918797071102055e-05 1.5224759288606631e-06 4.934037684151117e-07 1.290469758052508e-07 1.6729122786245436e-07 1.3943094232393023e-07 0.0 0.0 6.51079324220431e-06 1.0521685363455905e-05 3.551809030965838e-05 0.00010051298766257936 7.593390663632107e-06 1.2934388930027629e-05 2.89285795897821e-07 5.62716582387671e-06 0.0 3.931851713537973e-05 4.22593259026277e-06 2.1600213976564832e-06 6.124668275126927e-07 1.6508569328330494e-07 0.0 8.449854680008613e-08 9.482375710997632e-06 3.7527709762895845e-06 0.0 4.191368672370214e-05 1.1602214642374987e-05 1.9325432894664287e-05 1.7218257108548837e-05 1.2594629886221224e-06 2.4960061544486405e-07 6.866659077167541e-06 3.5648750069725997e-07 1.6551246343977381e-06 7.561730255596897e-06 3.688043983379922e-07 2.3215605302593845e-06 4.694509741491759e-06 6.988672677851209e-07 5.8631972761536786e-08 1.4317505541909856e-06 3.279767599025986e-07 1.9230808610274713e-07 6.31271218922533e-08 7.304694448191143e-08 6.492404129421877e-08 2.7951420584990963e-07 0.00015119955318309447 1.2403566287124123e-06 0.0 5.234684689652381e-07 0.00015489816393724108 3.764444205771418e-05 3.178587768695833e-05 0.00031139471927321954 0.00011109564733194073 0.00011809356312349127 0.0004299229538449406 4.450730085951236e-05 0.0002060440196343162 0.0002636652450157703 3.1004816562868405e-05 5.170613174315925e-05 0.00025524245105673263 0.0003229742260462695 0.00013157785574691153 0.00012425605292624937 0.0 1.0760410989839422e-07 0.0 3.7553914118107007e-07 0.0 0.0 0.0 0.0 0.0 0.0 0.0 0.0 5.231833569261487e-07 0.0 0.0 0.0 0.0 0.0 0.0 6.745091842669418e-05 1.445487301333423e-05 0.0 2.695519296185634e-07 0.0 4.1129529977359286e-05 1.3847162347063422e-05 6.127329367586151e-05 1.3533319021365e-07 9.616055587704452e-07 0.0 0.0 0.0 9.798459669043371e-08 4.017378940582419e-06 8.027362620446463e-07 0.0 4.022836513140729e-06 7.23684160020852e-06 0.0 1.0462976558685344e-06 0.0 0.0 0.0 4.17243983720569e-06 6.188222275985031e-06 1.7815680940902258e-06 1.6324389792711978e-05 3.1924115062366856e-05 2.5317345943471973e-06 9.960636896696836e-08 1.9656400837803813e-06 0.00013595560752371666 5.302341444255055e-05 6.404548399714555e-06 4.776849932918608e-06 3.602475840413069e-07 2.5856533001415495e-07 0.0 4.557230545045906e-07 0.0 0.0 5.672141833263532e-05 4.1836212325707944e-07 0.0 5.258005911135558e-07 0.0 0.0001349538628605523 3.5678888693208026e-06 5.292311599649297e-05 1.5938149397770863e-05 3.335327871860433e-05 2.775885285363864e-06 2.2141821548537836e-06 0.0 3.048520247720772e-07 9.392535725415039e-07 2.848747402282878e-07 0.0 2.9904975580064194e-07 8.711767840719167e-08 0.0 0.0 7.452561171017022e-05 2.1652907093114176e-05 1.1411903550038518e-05
0.0001330319682015742 0.001165487980660495 0.0008789171229085065 1.6652390144465662e-07 0.0006313413689657531 2.3497655616698424e-06 0.00031055391360049775 0.0007527193975915334 0.0006455536811369355 0.00015295096970448766 0.0 5.973230136321847e-05 0.0014370195201648267 0.0021344590946590887 9.694676234024222e-06 1.902875292614185e-06 6.85419845223278e-08 0.0 0.0 0.0 0.0 0.0 0.0 0.0 1.0686951172226644e-07 0.0 0.0 0.0 0.0 7.100430113574272e-07 6.583718746430017e-05 2.9651364475830154e-05 0.00010068003288683054 0.0 0.0 0.0 1.4693098170542897e-05 9.493459344285719e-07 1.9165434588255383e-06 0.0 0.0 7.388742497196771e-08 9.340702220921669e-08 9.500611582410018e-07 5.1304663948143955e-08 1.4840023857727963e-07 2.81447162915355e-05 9.3638003831839e-08 8.540695221759226e-08 0.0 0.0 0.0 0.0 0.0 2.542662648212523e-06 2.2178089691934204e-06 2.2011838182622657e-06 5.5291575723876186e-06 1.114802631714233e-06 5.7408767880669415e-06 1.3538448798933515e-07 1.9576149022034117e-05 8.350095366424438e-08 2.904483405407056e-05 1.0459756790329828e-06 6.651001843340507e-07 2.2113298924140657e-07 0.0 0.0 0.0 9.828188279012838e-06 5.601398572115738e-06 0.0 3.8108962570590523e-06 3.2010377521559414e-06 1.7500959015462114e-05 2.8875048483668087e-05 7.934374995434428e-06 6.551642417702155e-05 0.0009763929491769305 3.9244435036045957e-07 2.9101427132463525e-05 1.4198152177598415e-06 8.095202658597996e-08 5.77907382494819e-07 1.166297132053577e-06 2.2897377939223448e-07 0.0 3.9120801056924865e-07 7.264194879017112e-08 1.3470249150290328e-07 0.0 3.846369269195413e-07 0.0 2.281992814473776e-07 2.4905796887823723e-05 3.8465759170848414e-07 0.0 6.48135835909891e-07 4.312284772228035e-06 5.281643588052889e-06 6.873439097300575e-07 3.93397832534943e-06 7.71356501267101e-08 5.1685892524771975e-06 2.2312807902345324e-05 1.740782936274052e-07 1.3584515010824728e-05 7.621157274189595e-06 1.5195885146977178e-06 5.424524587931661e-06 1.3945351631276012e-05 2.844559495759392e-05 1.5453711778230454e-05 1.937417669847284e-05 8.625548550072877e-08 1.0062986952532728e-07 0.0 0.0 0.0 0.0 0.0 0.0 0.0 0.0 0.0 0.0 0.0 0.0 0.0 0.0 0.0 0.0 0.0 4.634279939012677e-06 1.3073802458355133e-06 0.0 0.0 0.0 5.9439228533422875e-06 4.496192621625512e-07 6.1867714783090915e-06 0.0 0.0 0.0 0.0 0.0 4.6349796102783377e-07 1.3172740935588267e-07 0.0 0.0 5.325209279549424e-07 3.222699194517297e-07 0.0 0.0 0.0 0.0 0.0 2.6036870154234603e-07 1.2375372249057657e-06 6.117038309886621e-08 1.2268766127965556e-06 2.763190499954049e-06 0.0 2.1736836467959803e-07 0.0 1.8183092480308942e-05 2.5506256555724555e-06 0.0 8.212968934745586e-07 0.0 0.0 0.0 0.0 0.0 0.0 9.079314357707241e-06 0.0 0.0 0.0 0.0 2.0460592789450065e-05 1.0764413556226923e-07 4.3644776489115384e-06 1.8345044175801102e-06 4.068926860929907e-06 0.0 2.6745547868705155e-07 6.587767454287722e-08 0.0 0.0 0.0 0.0 0.0 0.0 0.0 0.0 1.7296917771539974e-05 7.804837212906759e-06 1.5182327094055906e-06
1.8862898184375003e-05 4.051766895279224e-05 3.519921351168177e-05 1.87101896025822e-05 1.9947076992715044e-05 0.00019011602671053544 9.25936744971173e-05 5.296450833760515e-05 7.866492319294743e-06 0.0013212683106431952 5.973230136321847e-05 0.0 0.0011548642174894562 0.00036324839369768875 1.3382502032123851e-05 7.1277313662138335e-06 0.0 0.0 8.889640596057953e-08 0.0 8.951734779752159e-08 0.0 0.0 0.0 6.493531430528002e-07 1.0531805188469791e-07 0.0 0.0 4.468762677169344e-07 0.0 5.924005625279331e-05 6.048630181579633e-05 9.698792878499641e-05 0.0 0.0 2.83049741712539e-07 4.637193700781525e-05 9.25657974540356e-06 1.2374144339744964e-05 8.29688416437232e-07 1.6706496281154678e-07 6.314353861927418e-07 9.876877057650143e-08 4.683432034268039e-06 0.0 5.091189941945003e-07 1.8271486267884674e-05 1.4073375025590312e-07 2.8313118687940383e-07 3.6826632248456113e-07 9.93940108334238e-08 1.9741433476775214e-07 5.059614585073334e-07 3.7526040932812287e-07 7.458616326467211e-07 1.1190111625603646e-06 1.5267790964368192e-05 1.612071297027457e-05 1.7652083436153213e-06 4.395025737362983e-06 7.131752646015513e-07 2.9911186464212813e-05 3.557848259331196e-07 2.3167921940576457e-05 6.056672891357909e-07 1.091324724729516e-07 2.690326705931841e-07 1.0496491600054394e-07 8.600113234352744e-08 2.5956625937136214e-07 8.265581705912091e-05 5.8614190746621506e-05 1.1119404595280332e-07 5.458995753474752e-06 3.5003414564508157e-06 1.3760862029401998e-05 2.8708069624143802e-05 1.5921046173512044e-05 6.905493224419465e-06 0.00020496651166354397 1.4599920367424258e-06 8.210714206638188e-06 9.51760486423645e-07 1.8305492327300127e-07 6.850618443909875e-07 1.0956948779654082e-06 1.4555037713784352e-07 0.0 1.0166702970701258e-07 1.0310816942676088e-07 7.143503698930639e-08 1.7509320633831388e-07 1.2956899328320117e-06 5.835859774704619e-07 2.606840329126986e-07 0.0008025842937038301 6.287305014667305e-05 0.0 1.1732552011951578e-05 4.3158243583173565e-05 1.1702979327616513e-05 1.9296708334453135e-06 4.718169799868272e-05 4.904087519407696e-05 3.3596116035489283e-05 0.00014763321859725948 1.540994251428305e-05 7.341305768266378e-05 7.064531035395006e-05 9.19517892472895e-06 2.744333263157481e-05 8.744521220052728e-05 0.00016627773572539407 7.586400162102449e-05 7.89698495408181e-05 1.583665974083561e-07 1.08869205939423e-06 0.0 0.0 0.0 0.0 0.0 0.0 0.0 0.0 0.0 0.0 0.0 0.0 7.441180972828581e-08 0.0 0.0 0.0 0.0 2.2122070497571166e-05 5.661868510593048e-06 0.0 1.6148971426189424e-07 8.20283851205817e-08 2.590853666219102e-05 3.923172861882391e-06 3.4638262505750626e-05 2.5883467368622475e-07 5.284290929165179e-07 0.0 0.0 0.0 0.0 3.0763601337494107e-06 0.0 0.0 1.4460034988586307e-06 5.585584900828538e-07 0.0 0.0 1.8516622083921484e-07 0.0 8.982772429463326e-08 9.462357847750574e-07 1.6416799050927653e-06 3.3175829488025004e-07 7.288684569319108e-06 1.142107856345647e-05 2.671453000251691e-07 9.744970778269513e-07 1.5075817462600603e-06 6.835218625937174e-05 1.5792943766504953e-05 2.585727488352507e-07 1.3536519905448639e-06 0.0 0.0 0.0 0.0 0.0 0.0 4.428031965406753e-05 2.504452729560099e-06 0.0 0.0 0.0 6.580426692678743e-05 2.7596975751020397e-06 2.0280448067361414e-05 5.600185392535112e-06 1.3890695359777092e-05 8.846702347983388e-07 1.5264108400960213e-07 1.0025039457815604e-07 7.390142810919214e-07 1.7996146371882495e-07 3.693591912682921e-07 0.0 0.0 0.0 0.0 0.0 7.356536767143231e-05 4.02568436835109e-05 6.683200722899608e-06
