0.0 0.0027311066355793097 0.0005746773948873959 0.0006469127949331409 3.130717296207685e-05 8.754821100989887e-05 0.0004103895238113708 0.00010939634357833131 1.2886835861299607e-05 0.0009048941273525836 6.88767407059158e-05 0.00013185419421143363 0.0001031619431233495 5.6827992303429404e-05 1.970441585984584e-06 1.1183407774059305e-06 2.47760690215621e-07 0.0 0.0 2.41672744743871e-07 1.5919350949656406e-06 1.762323024521062e-07 3.093650602281717e-07 2.692329806875624e-07 7.432574488577377e-08 8.434227224192937e-07 4.0600265358151813e-07 1.1414462885582251e-07 1.5335404184236596e-07 1.5267840712299443e-07 0.001086392749046799 5.1499939502452014e-05 5.232158220828209e-06 8.442328057963383e-08 8.016622750277932e-07 7.432670188594213e-07 6.262026885492502e-07 4.48170664652964e-07 6.264339286479191e-07 3.308797250890109e-07 8.454077824849962e-08 1.5545164808766042e-07 3.683719455634184e-07 6.721383081571961e-07 7.996918474453356e-08 9.061625065362235e-07 7.871897446190626e-06 9.348367412390306e-07 1.5720573936917406e-07 7.335894656492373e-08 7.563060968233276e-07 1.1662814295251015e-07 3.264223488151892e-07 4.1933629891038843e-07 5.258750499198269e-06 1.2411145941522017e-06 0.0001406017675918902 0.0005807864566973516 2.0025240176980367e-05 1.7520733103848387e-05 2.315023900932575e-06 4.596916826011056e-07 4.307080507304674e-07 9.25909252943013e-06 1.663843415495734e-06 1.0091062561986763e-06 9.5496337354899e-07 5.599064833878695e-07 6.62750623638469e-07 2.262809780593842e-06 9.171248879685649e-07 3.8076103295937166e-06 5.88864636362273e-07 0.00026601944637204543 2.654250310175482e-05 2.779295328804545e-05 1.8112768204073804e-06 1.0410846511412487e-06 3.6037142785572874e-06 4.714561578156581e-05 2.9416227456211036e-06 7.084172417216444e-06 5.680442153110634e-06 1.1556066846059893e-07 2.2337704367610837e-06 1.6007959237602408e-06 5.012668591997048e-07 1.361670895985177e-07 4.832725428898579e-07 2.8353113666291127e-07 2.3429241740817046e-07 2.1488363388428768e-07 2.2314812824924017e-06 5.638173274714743e-07 1.744253110130906e-07 4.144630006207442e-05 1.014175731506723e-05 6.660488457908494e-07 9.727895365431732e-07 0.0006802878975344605 0.0 1.1747498006900954e-05 0.0 7.072112359057497e-07 0.0 2.6485891707465984e-06 1.4923862170730858e-06 3.1142694545558436e-07 7.341478542822615e-06 2.832637944728399e-06 0.0 6.63862556707789e-07 3.583401752664369e-06 1.1385679748946623e-06 8.223581991131581e-08 0.0 0.0 0.0 0.0 0.0 0.0 0.0 0.0 0.0 0.0 0.0 0.0 0.0 0.0 0.0 0.0 1.1581292926528528e-07 8.03160603081324e-08 0.0 0.0 0.0 0.0 0.0 0.0 4.463748094401342e-07 0.0 1.010725800162706e-07 3.7991637055176006e-07 7.995263456120971e-07 8.527041688201053e-08 1.6713047240376915e-07 0.0 0.0 0.0 0.0 0.0 0.0 6.775060493398783e-08 0.0 0.0 0.0 1.6937811555690112e-07 0.0 0.0 0.0 0.0 0.0 1.9558599680392665e-07 0.0 0.0 0.0 1.346445960574884e-07 0.0 0.0 0.0 0.0 0.0 0.0 0.0 0.0 0.0 0.0 7.845912233971174e-08 9.68975002933985e-08 0.0 0.0 0.0 0.0 0.0 0.0 0.0 0.0 0.0 0.0 0.0 0.0 0.0 0.0 1.1480615522219667e-07 0.0 0.0 0.0 1.517675982449836e-07 1.7390091561800516e-07 0.0
0.0027311066355793097 0.0 0.0015579710636175804 0.003996700777054408 0.0018105456656562192 0.00013423002554542157 0.0015819731463218509 0.0009795059985226934 0.0013259971271994558 0.0013100836211406603 0.0021358905544103563 8.703892357668506e-05 0.0007036219974324902 0.0019080273353409014 2.1397427055749764e-05 1.5879779707978634e-05 1.9408821014610965e-06 6.703409668809606e-07 1.384038308425153e-07 1.4069785027313555e-06 7.318585187261766e-06 6.731950533946425e-07 1.4257905362211355e-06 4.128316643427839e-06 1.2267310234453314e-06 3.1345419615628562e-06 1.0380441345818835e-06 2.6934704992799003e-06 9.122795073223628e-07 8.560677962610529e-07 0.0012661363295936692 0.0001305805136846646 3.612828862852714e-05 3.7079331014530685e-07 3.346969003146429e-06 2.821081242759804e-06 2.820505297613382e-06 1.8757990050053911e-06 2.5307854529803247e-06 1.0055457161071081e-06 2.4852154296351476e-06 5.614992782105959e-07 5.449791922954013e-07 3.2417413405177627e-06 5.141378640090441e-07 1.7223600540630366e-06 7.629841247141541e-05 6.585115519288243e-06 2.1063058516251906e-06 1.3910736686479776e-06 2.483475323381868e-06 1.1195773239829968e-06 3.0112041745047437e-07 5.054378507066515e-07 1.6227514604699e-05 4.4535936751601045e-06 6.074483101882337e-05 0.0005369634868347178 2.3397828469272853e-05 6.509816975098605e-05 9.608575862991586e-06 6.033400007740793e-06 1.7875203764859359e-06 0.00014302187653036187 6.467870166723288e-06 7.646709929617415e-06 2.5345771406769885e-06 1.3882300924873042e-06 2.330670502209573e-06 8.949582044640292e-06 1.5642966705049723e-05 6.71438353794371e-07 7.003603479479805e-08 0.0004632754645547679 0.00020586222341506562 0.00015174522147836023 5.1812258899894495e-05 1.265861985849775e-05 8.311377969688553e-06 0.000320952070268773 8.023850543379324e-06 3.008503981880892e-05 2.2976970330442682e-05 1.860551322342386e-07 8.401908323410829e-06 5.6708795447467024e-06 2.7324772341831094e-06 3.9405601104174915e-07 1.4804071524528712e-06 2.823507275184008e-07 2.190710319012082e-06 8.518221809394327e-07 1.4656541846140078e-05 1.327914737572648e-06 9.876119861706773e-07 6.418868472731894e-05 4.821516946733511e-06 1.0012786299440815e-07 4.9617794050937126e-06 0.000477549331270802 0.0 4.191077978547271e-06 0.0 2.0489919193197225e-06 0.0 9.144266161279126e-06 4.6795710313503545e-06 2.4036886407892846e-06 2.0078939454287834e-05 1.1818612350268171e-05 3.674893472251641e-07 1.0295585448133458e-05 1.737263872136556e-05 4.172302048382142e-06 2.074505253994823e-06 8.749834657162296e-08 6.046613793731568e-08 0.0 0.0 0.0 0.0 0.0 0.0 0.0 1.602843941117946e-07 0.0 0.0 5.138776734220349e-07 0.0 0.0 0.0 1.8715956715790958e-07 0.0 7.985184123162272e-08 0.0 0.0 0.0 1.0382366568709062e-07 0.0 1.8868678218752717e-06 1.2473309515344277e-06 3.98778033626302e-06 9.235967002668644e-07 1.4633390791152452e-06 3.2736356341375505e-07 2.3082390225547175e-07 0.0 0.0 0.0 0.0 0.0 6.915685255250556e-08 1.5436668614421924e-07 0.0 0.0 0.0 9.191384915508865e-07 1.5813698316057362e-07 0.0 0.0 0.0 9.094062438078843e-08 2.9958389571754425e-07 1.914102350951099e-06 0.0 0.0 3.1290033539197027e-06 4.236115985026951e-07 0.0 0.0 7.947372750531205e-08 1.3446899392608144e-07 0.0 7.196014776214937e-08 7.252802746900817e-08 8.528026436441291e-08 3.3606499803405247e-06 6.612231292782611e-07 0.0 0.0 1.0259448776467102e-07 5.359996985630442e-06 0.0 8.848847917106246e-07 4.744036178245032e-07 4.559588639805196e-07 8.309096184074516e-07 0.0 7.753382896817346e-08 0.0 7.944665771962217e-08 0.0 0.0 1.0783495162470519e-07 9.390064070047653e-08 0.0 0.0 7.4664482309861065e-06 3.163465312288869e-06 4.2394211318648275e-06
0.0005746773948873959 0.0015579710636175804 0.0 0.00012416587387749882 0.0005180284484237499 1.4515710059007037e-05 9.506257922993992e-05 0.003854436003280346 0.0004054125352811016 2.3408290916777044e-05 0.002483468701131856 2.081315450946723e-06 4.250659157710351e-05 0.0012831401934428016 7.4659676652121336e-06 1.1847928737016936e-05 1.2418569845663063e-06 2.9230555796164104e-07 1.5774391630663244e-07 2.0867915514332616e-06 1.0915925487056003e-05 2.946940009977896e-07 3.666605622642889e-06 6.354977660362221e-06 3.2293217783393864e-06 5.373709330478251e-06 1.6801678466729017e-06 2.9550286099317515e-06 5.618964949428444e-07 1.4020350727315644e-06 0.001849845774504484 0.0006895067864498207 4.157042096754993e-05 6.80030612084251e-07 5.0108275012607964e-06 3.353065735507611e-06 3.008891520702289e-06 1.2847209851094152e-06 2.4627980768320046e-06 1.6908469696211345e-06 3.016063799161183e-06 9.336893276351191e-07 1.4845818252040223e-06 4.4077878178688006e-06 2.391034952712762e-07 2.5824235418453014e-06 1.9925041895545728e-05 8.145252637274749e-07 6.557011334808139e-07 8.226962014599899e-07 2.7328792667473898e-06 7.055103469274096e-07 3.251012939436171e-07 9.682583627305961e-08 2.3724396624956473e-06 6.153579342767763e-07 8.979624493604417e-06 0.00010699565520706468 3.20311006785844e-06 9.865132198697821e-06 1.6262764916621797e-05 6.093650019029264e-06 2.578946387792888e-06 6.137864671154049e-05 1.2925914790519636e-06 1.6677373024242948e-06 2.3483475963953157e-06 1.2624001647652643e-06 2.651453431553307e-06 1.3071584164173794e-05 4.466647613758069e-06 1.1963710625439135e-06 9.704829564853433e-08 7.936173829735087e-05 5.684484581634269e-05 3.493038792577212e-05 1.69012511278023e-05 1.3007540208345477e-05 1.6514510618434072e-05 0.0007899888732090624 1.3219214105595527e-05 6.531878478611698e-05 4.016941876438151e-06 0.0 1.5505049729544143e-06 1.258479337542017e-06 8.584194145226824e-07 8.407909966212758e-08 3.900919276575413e-07 0.0 9.400715259936849e-07 3.378520201106633e-07 2.1908250412571346e-05 3.3230431294980137e-06 1.0011613789247433e-06 4.9237978319559e-06 9.95559345355484e-07 2.8735855154369513e-07 3.949132457924229e-06 5.071173962380666e-05 0.0 0.0 1.5605222118944583e-07 0.0 0.0 7.829922561699546e-08 1.0750430560004393e-07 1.9094194383489417e-07 8.058646218559775e-07 2.3732835121930643e-06 8.330687082138198e-08 8.340354325398115e-07 2.9820420177057926e-06 2.1509336614412145e-07 1.0587249513836637e-06 1.6379377909127054e-07 0.0 0.0 0.0 8.335798893604466e-08 0.0 0.0 0.0 0.0 0.0 5.086585570786428e-07 0.0 3.2952511354916446e-07 8.52737528168757e-08 3.516522523515115e-07 1.0621631409769034e-07 0.0 0.0 2.831751782304466e-07 0.0 0.0 8.460574573415527e-08 3.460804395156614e-07 0.0 1.659959542538008e-06 3.2902201017457725e-07 1.544309993920021e-06 1.8043636287788572e-06 1.0258082646394308e-06 2.8096675851849306e-07 9.83345421054778e-08 0.0 0.0 0.0 0.0 0.0 0.0 1.84743086236674e-07 0.0 0.0 9.235416049285644e-08 8.075741805652241e-07 4.811118683602727e-07 0.0 0.0 0.0 0.0 1.7210102768539381e-07 0.0 0.0 4.0092641514341533e-07 1.5330605371021266e-06 0.0 0.0 0.0 0.0 0.0 0.0 0.0 0.0 1.1635142684712992e-07 4.1735074554563074e-07 7.657311425792972e-07 2.2248719754147603e-07 0.0 6.452652501307831e-07 1.2834509558589333e-06 0.0 1.407420585012734e-06 0.0 1.8937168044654371e-07 9.34138285272088e-08 0.0 5.178035199631759e-07 6.458890329531464e-08 0.0 0.0 0.0 0.0 1.0406804603935978e-07 1.6430301170662678e-07 0.0 6.156028757567215e-07 1.7394415081375535e-06 2.2659065486611696e-06
0.0006469127949331409 0.003996700777054408 0.00012416587387749882 0.0 2.977652837559947e-05 7.538593500934817e-05 0.0004254024394909443 6.151735131914983e-06 3.823214217338716e-06 0.001428603156632807 4.452135206903534e-05 0.00021193949660222556 0.0003995924005471987 2.7589013259398197e-05 4.950252325733423e-07 0.0 0.0 0.0 0.0 0.0 0.0 0.0 0.0 0.0 2.2734066829219414e-07 0.0 0.0 0.0 0.0 0.0 4.784850600138925e-05 4.6254969084228163e-07 1.1467045235167462e-06 1.706202055821076e-07 0.0 0.0 7.077478712836584e-08 0.0 0.0 0.0 0.0 0.0 0.0 0.0 0.0 0.0 2.656196162832224e-06 5.087170006842848e-07 0.0 0.0 0.0 1.4424963430646203e-07 0.0 0.0 1.628405575936853e-06 4.1500309217516296e-07 1.3360158765718789e-05 6.994238681570775e-05 2.491572031938953e-06 6.503503975498345e-06 0.0 0.0 0.0 1.2075046434135883e-06 2.367984259418049e-07 3.5601990985955005e-07 2.197717342287266e-07 0.0 6.371077547975402e-08 0.0 1.684933220378483e-07 3.29919062175168e-07 0.0 5.949498410028062e-05 6.5517402247442604e-06 8.317924929931773e-06 1.7174427380820153e-07 7.670111549694224e-08 0.0 4.268091629827287e-07 0.0 0.0 1.2957221151825947e-06 0.0 4.758147737686267e-07 1.8304724124118007e-07 2.316140070207537e-07 0.0 0.0 5.813670580072344e-08 0.0 0.0 0.0 0.0 0.0 7.246342260748839e-05 2.681178288419031e-07 0.0 0.0 0.0001187576612316918 3.588412598146381e-07 4.414740954388371e-06 2.3634274093896147e-06 1.8020239668530947e-06 0.0 1.3151445199266567e-06 9.035750321300101e-06 3.7813479018035907e-07 1.0408314086714413e-05 1.174064513341448e-05 0.0 4.500867257464761e-06 5.6976481405318e-06 1.2849235213692721e-06 9.47073203140351e-07 0.0 0.0 0.0 0.0 0.0 0.0 0.0 0.0 0.0 0.0 0.0 0.0 0.0 0.0 0.0 0.0 0.0 0.0 0.0 0.0 0.0 0.0 0.0 0.0 0.0 0.0 5.252285771907659e-07 0.0 0.0 0.0 0.0 0.0 0.0 0.0 0.0 0.0 0.0 0.0 0.0 0.0 0.0 0.0 0.0 0.0 0.0 0.0 0.0 2.7208220203930607e-07 0.0 0.0 0.0 0.0 0.0 0.0 0.0 0.0 0.0 0.0 0.0 0.0 0.0 2.7983438436954624e-07 0.0 0.0 0.0 0.0 2.0394416619309017e-07 0.0 0.0 0.0 0.0 0.0 0.0 0.0 0.0 0.0 0.0 0.0 0.0 0.0 0.0 0.0 3.876267026233495e-07 0.0 0.0
3.130717296207685e-05 0.0018105456656562192 0.0005180284484237499 2.977652837559947e-05 0.0 1.588006152972924e-06 0.000592641942640247 8.276339219548458e-05 0.002112005344210892 7.893843125551902e-05 0.0015545923780872952 1.8757918830002728e-05 0.0007161056262892826 0.002658603442357164 9.030262412467412e-06 8.526370856981239e-06 4.339583180483806e-07 2.794639414435541e-07 1.7596752418387756e-07 6.64431342851663e-08 1.5279402408920974e-07 8.504242022463384e-08 0.0 0.0 0.0 2.678883152899297e-07 2.3040563398601477e-07 1.9151274633865884e-07 2.685433671061958e-07 2.5792979127000876e-07 6.865969047174703e-05 3.4122740354639855e-05 3.0897518131937898e-06 0.0 3.916088777504306e-07 0.0 1.4688896307617877e-06 1.440762335220918e-07 5.990355934543584e-07 2.394417442676359e-07 1.9563286021423262e-07 0.0 6.490621791299153e-08 7.105697762001842e-07 2.1275020796130008e-07 2.077711556034384e-07 2.251626660166483e-05 6.925542911946031e-07 3.831610080941985e-07 0.0 7.644667801017189e-08 1.355830173501505e-07 0.0 0.0 1.5651415875782222e-06 6.16018575787969e-07 2.062972625020155e-06 2.4326158102666135e-05 1.9353110655712595e-06 1.2319482954668785e-05 2.9536015820905055e-07 2.3963699203394213e-07 2.2733590795630515e-07 4.740445732514827e-05 1.2555851396488557e-06 9.371296661623707e-07 4.5879090002640496e-07 3.4052267953666495e-07 6.955623980059986e-08 6.404349212720226e-07 1.1260638224108124e-05 6.322253767221492e-07 0.0 3.8789279639683524e-05 4.697630290480904e-05 4.2545957927018436e-05 2.9919636633049215e-05 7.512643621876864e-06 4.5909622747702466e-07 9.009566574709386e-06 9.82766698018048e-07 1.8652771334636878e-06 3.4240737914270133e-06 0.0 1.0171616571260717e-06 4.605561861133674e-07 1.7693437183463322e-07 0.0 7.769634634212396e-08 0.0 2.1187393001719886e-07 0.0 8.925306434293758e-07 0.0 0.0 3.825066653953252e-05 2.961368384571514e-06 0.0 2.229046580337291e-06 1.1562996575539262e-05 0.0 5.282161689276761e-07 1.121124217328576e-06 1.9800210158463206e-07 3.2261995036277525e-07 1.9291664955341362e-06 1.3263257473188895e-06 1.3305968785341743e-06 8.941027511395712e-06 6.120762197606763e-06 1.1211714507131734e-07 5.590645853048421e-06 1.4674686846812773e-05 3.5880867001251314e-06 1.0286975690059571e-05 0.0 8.631394170476017e-08 0.0 0.0 0.0 0.0 0.0 0.0 0.0 0.0 0.0 0.0 8.503708642859247e-08 0.0 0.0 0.0 3.947362272761018e-07 0.0 0.0 0.0 0.0 0.0 0.0 0.0 1.7175515906849272e-06 1.1498643691177221e-06 1.8647849813281405e-06 8.482888216258418e-07 0.0 0.0 0.0 0.0 0.0 0.0 0.0 0.0 6.165949001580402e-08 6.939908705388176e-08 0.0 0.0 0.0 3.904176715228351e-07 0.0 0.0 0.0 0.0 0.0 1.432216607364481e-07 1.5866215550167202e-07 0.0 0.0 2.9720677636122277e-06 0.0 0.0 9.733523537684709e-08 0.0 0.0 0.0 0.0 0.0 0.0 3.6312558431317148e-06 0.0 2.7975702274511223e-07 0.0 0.0 5.283537629834535e-06 0.0 1.4422905880284246e-06 0.0 8.699464507193054e-08 3.3029223057844374e-07 0.0 1.955870943943259e-07 0.0 0.0 0.0 0.0 0.0 0.0 0.0 0.0 6.76596084003253e-06 2.285222218905141e-06 2.988541158771786e-06
8.754821100989887e-05 0.00013423002554542157 1.4515710059007037e-05 7.538593500934817e-05 1.588006152972924e-06 0.0 2.3957190295006913e-05 1.5429045355799932e-06 1.533610614879307e-06 0.00014164124714656346 3.891592588484943e-06 8.530449025021462e-05 7.687606011003766e-05 2.3618922281968695e-05 0.0 1.2353440989553688e-06 0.0 0.0 0.0 0.0 0.0 1.0167589462755893e-06 0.0 0.0 3.3322370954775077e-07 0.0 0.0 0.0 0.0 0.0 5.584447235933491e-06 0.0 9.744145900410328e-06 0.0 9.523735165083366e-08 0.0 1.3187998535980455e-06 0.0 1.6813291343127598e-06 0.0 0.0 0.0 0.0 0.0 0.0 0.0 8.532353655759228e-07 2.82653360322928e-07 8.428016835729292e-08 0.0 0.0 6.726605453689122e-06 5.376053888397144e-07 5.153684170025819e-07 0.0 2.2920982774472352e-07 1.307638779322116e-05 2.3404862038203475e-06 0.0 8.258327510130527e-08 0.0 1.081549707544558e-06 0.0 3.602169783878368e-07 0.0 0.0 1.4641530348898774e-07 0.0 8.614921681753475e-08 0.0 1.2520690377861111e-05 0.00026927964586564274 7.4849730226019026e-06 8.546819280597802e-07 0.0 2.0931812294387617e-07 2.0987651897638617e-07 4.405620940103588e-07 0.0 4.132613882495655e-06 0.0 2.9238494827844226e-07 0.0 7.014661394440551e-07 0.0 1.1228989840067682e-07 0.0 1.1677584902230867e-07 4.6519511802157635e-07 2.687811249186401e-06 2.654838523669423e-07 1.9620791988884926e-06 9.899931807938239e-08 0.0 5.409331596055402e-07 8.592421037871244e-05 4.9369031118863496e-05 1.9201853720650236e-05 2.0246529188112603e-05 6.1809887673241e-05 8.400733944847273e-07 6.019145299079789e-06 6.663880505541297e-07 1.3987835721660114e-06 0.0 1.6779286574323397e-06 4.809606968646068e-06 0.0 9.954582036334387e-06 8.94439075652989e-06 1.4645669127977378e-07 5.2176150185468655e-06 1.1120484106553066e-05 1.6440141808540729e-06 4.977076263506349e-07 0.0 0.0 0.0 0.0 0.0 0.0 0.0 0.0 0.0 0.0 0.0 0.0 9.437473809057965e-08 0.0 0.0 0.0 0.0 0.0 0.0 0.0 0.0 0.0 0.0 0.0 2.0193667335282347e-07 3.451382876488894e-07 0.0 5.492091638707134e-07 3.807400689827456e-07 0.0 0.0 0.0 0.0 0.0 0.0 0.0 0.0 0.0 0.0 0.0 0.0 0.0 0.0 0.0 0.0 0.0 0.0 0.0 0.0 0.0 0.0 2.079365156131982e-07 8.342578672503336e-08 0.0 0.0 0.0 0.0 0.0 0.0 0.0 0.0 1.1539160870792017e-06 2.0465484611063706e-06 2.3817033377979718e-07 0.0 0.0 1.5098309982347138e-06 0.0 9.803666963683968e-08 0.0 0.0 0.0 0.0 1.0801525242961919e-07 0.0 0.0 0.0 0.0 0.0 0.0 0.0 0.0 1.017469617560402e-06 2.2607637980947425e-07 4.556278418153282e-07
0.0004103895238113708 0.0015819731463218509 9.506257922993992e-05 0.0004254024394909443 0.000592641942640247 2.3957190295006913e-05 0.0 1.7655635904964183e-05 0.0006470703166367216 0.0008586449629985072 0.00018481262104879683 0.00014422885995399304 0.0023619327003444467 0.0026935376124129634 1.2670985490756848e-05 1.091170737315675e-05 2.1347906348255985e-07 1.2860137431138962e-07 8.449671431033556e-08 1.7260238909769006e-07 7.525843096028781e-07 0.0 3.737728549413684e-07 1.6890646616336268e-07 5.07040764326261e-07 3.560513021782168e-07 4.540809731347016e-07 0.0 2.2984231112918435e-07 1.674174121320819e-07 0.00015873939389383568 3.9946451494365115e-05 6.569948811665254e-06 7.779315011559675e-08 2.6005362869259823e-07 1.0066872594522553e-06 2.1966925073324953e-06 3.2970074651176243e-07 9.714367810410242e-07 4.278196614336891e-07 2.713499797519901e-07 0.0 2.2871169435812396e-07 1.1094726046216352e-06 2.1812803094343624e-07 7.132797947246046e-07 4.107388244762919e-05 1.979928183130248e-06 6.553177969507495e-07 9.172098032347915e-08 4.0957042667049237e-07 7.018588671548954e-08 1.7161026911967928e-07 2.9458384115237963e-07 7.545574120994661e-06 9.80483669907016e-07 1.0795000598334737e-05 8.485999786997169e-05 7.817564409087385e-06 2.75282996579895e-05 6.815932293372357e-07 4.806004405641179e-07 0.0 7.921318696578637e-05 3.035979398135049e-06 2.9998320773753257e-06 9.79394329934454e-07 3.794012615114011e-07 4.2020903743376385e-07 8.917011795656746e-07 2.179200376860992e-05 0.0 0.0 0.00012187933004876066 8.733139122038402e-05 7.654560509693703e-05 3.548754040069227e-05 9.141599152266139e-06 1.167498194810028e-06 1.5580187882478767e-05 8.987497694525527e-07 1.9637748650630797e-06 8.811899188866623e-06 8.862999927070063e-08 2.9276051473175326e-06 1.202977699640415e-06 1.5244761099347584e-07 1.6074535124829742e-07 7.365756268188856e-07 1.708557928787062e-07 7.103677209069072e-07 1.4547890472245465e-07 1.3169346713691534e-06 1.459039866851206e-07 6.851586469232183e-07 0.00010341304264656226 5.89009486230538e-06 1.2954436478655663e-07 3.7053054330397843e-06 5.456916628268586e-05 1.9692661036643943e-06 6.879339572774236e-06 3.085441241485741e-05 9.10140819131697e-06 1.0787400857745228e-07 2.002866682954193e-05 7.136622013859488e-06 1.0416658197080482e-05 4.6596350110288247e-05 5.035198235080899e-05 6.178723720580277e-07 2.627474465360758e-05 4.1104056903420654e-05 1.0460154890660154e-05 1.1415899113450886e-05 2.9453311767696166e-07 0.0 0.0 0.0 0.0 0.0 0.0 0.0 0.0 0.0 0.0 0.0 9.12434008586656e-07 0.0 7.761516781624528e-08 0.0 0.0 0.0 0.0 2.110443557778344e-06 6.702425290543652e-08 0.0 0.0 0.0 3.3498920405356427e-06 1.3221298627083371e-06 3.860199184560229e-06 7.860061469127799e-07 0.0 0.0 0.0 0.0 0.0 0.0 7.810812772899653e-08 0.0 0.0 6.577866538992401e-07 0.0 0.0 0.0 1.0832534021612786e-07 1.583983699977933e-07 8.177289574482776e-08 1.6600923448100816e-07 0.0 0.0 3.696414451340395e-06 2.1608926910926671e-07 0.0 1.1348854111153915e-07 6.0720266125578e-06 1.145775721555673e-06 0.0 6.865081404853602e-08 0.0 0.0 0.0 7.563061954831388e-08 0.0 0.0 3.837628557574194e-06 0.0 0.0 0.0 0.0 1.2969289602235084e-05 0.0 4.825481893391066e-06 1.1872675737775011e-06 3.042735646668952e-06 1.0619002989074694e-06 6.366537963413923e-08 2.617097754465725e-07 0.0 0.0 0.0 0.0 0.0 8.758465540768254e-08 0.0 0.0 1.4077379680756547e-05 2.7216776229404836e-06 3.8354358617696464e-06
0.00010939634357833131 0.0009795059985226934 0.003854436003280346 6.151735131914983e-06 8.276339219548458e-05 1.5429045355799932e-06 1.7655635904964183e-05 0.0 8.369812530692443e-05 2.8620736666850104e-06 0.001842549407038064 3.58741996328748e-06 3.510216374605494e-05 0.00042471350441776397 2.0577004136661336e-05 3.57306967731778e-05 3.0449801388743652e-06 2.4683630821408832e-06 8.54237958909513e-07 1.553927185824483e-05 4.029811229928901e-05 2.4906285234997767e-06 9.90577098269612e-06 1.78406452247013e-05 6.515794909947908e-06 1.3902219625464718e-05 5.9779453195768326e-06 7.194677306817281e-06 2.729868477622378e-06 5.913950767648961e-06 0.0010519633147969883 0.0011397390797160286 5.712435639921197e-05 4.371586135553123e-06 1.7848641577731713e-05 1.5604370246971274e-05 6.025528422374085e-06 4.833286408584894e-06 6.2411617659972176e-06 2.588307526656171e-06 1.1352476677435517e-05 3.5701890457652787e-06 8.490582775092695e-06 2.4420837169276746e-05 4.3507684405958205e-06 2.568020445128554e-05 5.0447710331534525e-05 3.182368495111694e-06 1.3017510127573588e-06 4.4754785486298845e-06 1.1665512684250196e-05 4.617684962911959e-06 7.613548955014487e-07 2.767725227600346e-06 2.9259496356860933e-06 1.1204741909964414e-06 9.110533311246982e-06 9.589190907661972e-05 4.625286855518596e-06 2.0158651735050323e-05 8.654700889680461e-05 3.9678733028106356e-05 1.4942806944830336e-05 0.0002456260624681436 2.1255622550707205e-06 4.489799760169856e-06 5.8472697398941105e-06 5.908627842685503e-06 1.435156499549186e-05 5.1552542774083434e-05 1.085094032279536e-05 4.28603952052974e-06 2.6920570124977385e-07 9.971742119195292e-05 0.00010768489599616862 8.581925125575729e-05 6.747519912339347e-05 4.8750182988940514e-05 0.00047092880374232667 0.0028052921517915425 0.00013129741983790733 0.0006950689227930535 5.9090511549378064e-06 0.0 3.442156075290995e-06 1.5423918437050071e-06 5.914053543424129e-06 4.040551212414903e-07 1.2630905306276914e-06 3.2476133689927665e-07 2.157683934890304e-06 8.924746848177276e-07 7.350495278167194e-05 1.0484742130352748e-05 4.1193735693481535e-06 6.503420521630572e-06 3.1753414623935567e-06 2.13498250965961e-06 7.74730041463264e-06 2.502559657950478e-05 0.0 0.0 1.5700673019756694e-07 4.2023484314062313e-07 0.0 1.1443531395721686e-06 2.9536463489798245e-07 2.0191337730491082e-07 2.884111481360819e-06 1.3448228216939846e-06 0.0 8.016299947708259e-07 2.8474996023814853e-06 8.454615459158453e-07 2.299679728974245e-06 4.4767109453286433e-07 2.9805337373438096e-07 0.0 3.456086236336917e-07 0.0 0.0 0.0 0.0 0.0 0.0 3.9725344603078054e-07 1.221963177078233e-07 6.737558974237172e-07 0.0 6.002645925558702e-07 2.298710334667114e-07 4.1891756200682835e-07 0.0 2.462464471013008e-07 0.0 6.309979993412834e-08 0.0 1.828827568372444e-07 4.057741081289418e-07 2.559123300890709e-06 1.3355406970069716e-06 2.8913668868768637e-06 3.6561892862679463e-06 2.8678217969358987e-06 1.7864417102716954e-07 6.458469422112057e-07 0.0 0.0 1.8101929498881006e-07 3.56162929588318e-07 0.0 0.0 3.102593620865261e-07 0.0 0.0 8.822403202982503e-07 1.5037833984594944e-06 1.7341660817069353e-06 0.0 0.0 0.0 8.396596152366785e-08 7.799576653654981e-08 0.0 2.893322533986361e-07 0.0 3.0197414361161346e-06 4.404467483586242e-07 0.0 0.0 0.0 0.0 7.359110543308414e-08 0.0 1.7981473268927746e-07 9.304411938356224e-08 1.4840614440300036e-06 2.151826224420396e-06 5.220812058896652e-07 0.0 8.137127076889135e-07 4.382876086057264e-06 0.0 2.31469313158315e-06 1.8348196720038795e-07 7.513861786897862e-07 5.82420695460629e-07 3.2208980186745095e-07 2.1351307645246086e-07 0.0 0.0 0.0 0.0 3.821486659380169e-07 3.01437318930192e-07 4.0114440399619634e-07 0.0 1.3140064975035208e-06 2.7580929715759662e-06 5.740515896313973e-06
1.2886835861299607e-05 0.0013259971271994558 0.0004054125352811016 3.823214217338716e-06 0.002112005344210892 1.533610614879307e-06 0.0006470703166367216 8.369812530692443e-05 0.0 6.702704381883987e-05 0.001184148791684844 1.2968123233614951e-05 0.0007986983548010395 0.0013801892489322043 7.161946119016764e-06 8.040520752529691e-06 4.7258050783883764e-07 2.779661375202702e-07 0.0 6.744533914575012e-08 1.758818751353052e-07 1.0708264589957786e-07 8.572277211622692e-08 4.947455073437213e-07 1.6201780383039165e-07 7.456196730490677e-08 8.68282183029624e-08 1.0215270762896442e-07 7.886455250124023e-08 1.9626616370837373e-07 3.8192884978220815e-05 2.397324461411981e-05 3.394592667458548e-06 2.142103546679079e-07 0.0 3.4126239380339166e-07 6.423798021296252e-07 3.5016184174782714e-07 4.102959400906488e-07 1.5865757398669082e-07 7.0724223975141e-08 4.677896059071161e-08 1.2990492323271715e-07 7.190883911072636e-07 8.729938672992143e-08 6.2430954243013e-08 1.8112117030821373e-05 5.322836847914196e-07 1.8132436345742544e-07 7.058016831835577e-08 3.262404447883437e-07 1.695618879539206e-07 0.0 2.09183217984577e-07 1.1692262584001078e-06 2.004208085178572e-07 2.7977428697881937e-06 1.3928899464417195e-05 1.2749061714369404e-06 7.760692941370064e-06 3.7354315640224907e-07 6.281739239089118e-08 0.0 3.2356209002039565e-05 9.282989964387979e-07 1.1822143107429247e-06 1.2492770224760027e-07 2.0620656515423027e-07 1.455324461687291e-07 4.2366049677160643e-07 6.270473034768276e-06 3.906415614655718e-07 0.0 2.527595541418519e-05 3.0292413529529295e-05 3.1049085796075546e-05 2.1706189520350024e-05 6.347089265830183e-06 7.605616336222093e-07 1.2367470013896639e-05 5.329120059650967e-07 1.0094303105147035e-06 2.1784141617587647e-06 0.0 4.7658637365307604e-07 5.570877140034674e-07 3.4594678630271654e-07 1.2051844729667702e-07 1.75599060620347e-07 7.470359963008012e-08 4.792142763834116e-07 0.0 5.405682107977826e-07 2.764180479244804e-07 2.180192153379535e-07 3.688093974315466e-05 1.3015845551571995e-06 9.661114019147636e-08 1.4985319401967524e-06 5.821943834195281e-06 0.0 1.6083184137175999e-06 1.9454924251071858e-07 6.370940780812167e-07 0.0 1.0512264974228004e-06 1.9179947888136817e-06 1.024094537553162e-06 6.604208609915094e-06 6.015779901928478e-06 4.933618219907706e-07 7.791158437438244e-06 1.1835155238932224e-05 2.520265036670836e-06 4.5318127705117145e-06 7.135852023363208e-08 0.0 0.0 8.242364969306972e-08 0.0 0.0 0.0 0.0 0.0 0.0 0.0 0.0 0.0 0.0 0.0 0.0 0.0 0.0 0.0 0.0 0.0 0.0 0.0 0.0 1.2050699597571919e-06 2.80196348718016e-07 1.5807454136608386e-06 1.2660786649935632e-07 4.467109002531245e-07 0.0 0.0 0.0 0.0 8.788455656868778e-08 0.0 0.0 0.0 1.75049876947705e-07 0.0 0.0 0.0 0.0 0.0 0.0 0.0 0.0 0.0 1.3540923425901198e-07 0.0 0.0 0.0 1.2564029554886003e-06 1.2424331146998737e-07 0.0 0.0 0.0 0.0 0.0 0.0 0.0 0.0 2.4745267428514693e-06 2.0337796370302131e-07 0.0 0.0 0.0 5.558809386410455e-06 0.0 2.058366944551429e-06 1.8398318370608655e-07 3.607850739130324e-07 6.864884701855081e-08 0.0 0.0 7.497646183658654e-08 0.0 0.0 0.0 0.0 0.0 0.0 0.0 6.271909311966819e-06 1.476813382503653e-06 1.094407726256252e-06
0.0009048941273525836 0.0013100836211406603 2.3408290916777044e-05 0.001428603156632807 7.893843125551902e-05 0.00014164124714656346 0.0008586449629985072 2.8620736666850104e-06 6.702704381883987e-05 0.0 2.6165717916128893e-05 0.0006319000852059233 0.003271169713804506 0.00030650187828499664 1.1723090568547975e-06 1.1221308125507571e-06 2.6672206999456045e-07 7.584969365901782e-08 0.0 1.7729565173066288e-07 2.62584850974225e-07 0.0 0.0 0.0 0.0 9.410997832106554e-08 0.0 0.0 2.183734040600553e-07 0.0 2.8951416846304786e-05 3.1716490511318826e-06 2.046463396617179e-05 0.0 9.081784224578687e-08 1.2907437411109344e-07 7.498128013511458e-06 1.3037931043601555e-07 5.056768664316882e-07 0.0 0.0 1.0602190493977901e-07 0.0 3.6090329303176743e-07 6.777059587822624e-08 0.0 6.383737667438365e-06 5.71497703957897e-07 8.265408201453465e-08 0.0 8.877656458643243e-08 2.0708316990895599e-07 0.0 1.571918036708463e-07 1.1677800288931129e-06 1.3458956854780814e-07 9.198872079087583e-06 4.924828023521794e-05 3.819877709013364e-06 5.497707842291772e-06 0.0 1.0556187890524408e-07 1.9400534330421238e-07 1.1412543452789694e-05 3.4981413374207163e-07 8.757526792664963e-07 6.948748007845226e-08 1.2147065013171197e-07 7.966248222279568e-08 6.396783670087767e-07 6.176282450764861e-05 1.878183357975743e-05 8.121046452604085e-07 4.3440446659387635e-05 1.0613600957441386e-05 9.67472755002832e-06 4.205675924691339e-06 1.365356986852697e-06 2.2844438176599594e-07 9.79311330518435e-06 4.6135442106371364e-07 4.803435180833537e-07 1.6571682283291838e-06 9.738293122930986e-08 5.771820383083869e-07 1.513995169882213e-07 9.733981689182838e-08 0.0 7.58267305879679e-08 2.4290208298848376e-07 6.957854925040076e-08 3.2905668293196546e-07 1.7276549534738846e-07 9.277295289256026e-08 0.0 0.0005691442343017475 0.00026290145236779444 1.0267661219148929e-06 2.2646850939520934e-05 7.008234653027114e-05 3.242251831045712e-06 3.3913378710386786e-05 3.8709780390118315e-05 3.587465282671742e-05 5.286030633771809e-07 5.160267265041505e-05 5.664612968287343e-05 1.2192108495270403e-05 0.0001034644762444699 8.334110068871167e-05 1.9505834316857733e-06 6.15644823626923e-05 0.00010770917412234035 2.4218076341191314e-05 1.8008415764962515e-05 3.156483521260392e-07 0.0 0.0 0.0 0.0 0.0 0.0 0.0 0.0 1.0161043630934261e-07 0.0 0.0 2.1746830511861605e-07 0.0 0.0 0.0 0.0 0.0 0.0 1.7379936877411034e-06 0.0 0.0 0.0 0.0 4.434733551178617e-06 6.892816404320305e-07 4.775379974783442e-06 9.29265421702237e-07 1.9241021764344708e-07 0.0 0.0 0.0 1.1359501971274486e-07 0.0 0.0 0.0 1.653502054411043e-07 9.358017513508032e-08 0.0 6.554938738824977e-08 2.7055519481191575e-07 8.664384778083767e-08 0.0 1.7188696672634498e-07 8.418640453925177e-08 0.0 3.1525886785649113e-07 5.432276729518402e-06 2.7413023296273513e-06 7.12346775056604e-08 0.0 3.3642313561509643e-06 2.303460169452435e-06 0.0 7.353527014619989e-08 0.0 0.0 0.0 0.0 0.0 0.0 5.555978392458825e-06 0.0 0.0 0.0 0.0 2.743403469743757e-05 0.0 2.232684913689967e-06 1.5175046781864532e-06 1.496346317067418e-06 4.5591014453251596e-07 0.0 0.0 7.015931639509371e-08 0.0 0.0 0.0 6.007956413219715e-08 0.0 0.0 0.0 3.3898808721966706e-05 4.0586821109008385e-06 4.68103231881103e-06
6.88767407059158e-05 0.0021358905544103563 0.002483468701131856 4.452135206903534e-05 0.0015545923780872952 3.891592588484943e-06 0.00018481262104879683 0.001842549407038064 0.001184148791684844 2.6165717916128893e-05 0.0 3.746931122845079e-05 0.0004976551392694298 0.0019987913810678042 1.9920298177668706e-05 3.224804505077579e-05 1.4538914155975644e-06 7.322426790656644e-07 4.779389380018406e-07 9.28010838878441e-07 7.0239202045809365e-06 2.958934114053077e-06 3.9740059898901274e-06 5.998329410830279e-06 1.053240844036825e-05 6.584171628542298e-06 4.966748461979455e-06 7.2589347008145875e-06 4.796096074800192e-06 3.1293161918484477e-06 0.00012290924660043073 9.311015775363955e-05 0.0001443392098181993 2.763512922297472e-07 8.902900828174381e-06 1.0356678396516097e-05 3.589694938908049e-05 1.071773066586273e-05 2.010327968681069e-05 5.485813396958352e-06 5.928328196782585e-06 1.0851192071802275e-06 8.273648083895274e-07 5.662080760640852e-06 8.853392188008759e-07 1.4093144834129143e-06 3.424420633076302e-05 1.0716621507600602e-06 8.768595560204934e-07 8.52620147658417e-07 3.5932560487600263e-06 4.41302470531068e-06 1.0500327630375444e-06 1.335627714960424e-06 1.6566262098253273e-06 7.145442126983266e-07 3.359145455217604e-06 2.1992510176846443e-05 1.6329128370776972e-06 1.2087021281049175e-05 7.822054552750992e-06 1.0305543158209938e-05 1.399969888566716e-06 8.231342577427862e-05 5.812914599269251e-07 1.8475992684981701e-06 2.0212463509207477e-06 6.95123577664627e-07 2.208941918334032e-06 9.19989224620004e-06 6.051910734783883e-05 3.663806557472649e-06 3.625803494994715e-07 4.0280199963116006e-05 4.781135145028481e-05 6.062157384916346e-05 5.9254981219087595e-05 3.354687388325105e-05 7.79425480161697e-06 0.0006412962264675233 6.551453531665476e-06 7.683806384892047e-05 1.7298803365071214e-06 1.216821151044794e-07 1.5662636394444251e-06 5.706424405535752e-07 1.3615202301210428e-06 0.0 7.167821440262965e-07 7.498357767546721e-08 1.0476309207657911e-06 6.658169829021224e-07 1.753776565965399e-05 4.4380079099891705e-06 1.1802837170592267e-06 3.9145835956770175e-05 6.003123802852821e-06 7.376608169131401e-07 2.474824905133302e-05 1.1741036794366116e-05 0.0 7.942804801274015e-08 1.925197109185078e-06 1.3770348739005994e-06 0.0 3.3793175573680375e-06 9.70561107388266e-07 1.105041262205487e-06 1.2443840791680834e-05 6.875247977750329e-06 3.1375216605148725e-07 8.172393673847016e-06 1.0201455663855302e-05 2.5917118944328947e-06 7.990742937568e-06 6.639126388944344e-08 6.98073598512196e-08 0.0 2.2187895980561026e-07 0.0 0.0 0.0 0.0 0.0 0.0 8.72589978697235e-08 0.0 2.933719163644385e-07 1.0138777961424548e-07 3.544017532991146e-07 0.0 5.048835243913522e-07 0.0 9.696005677991875e-08 0.0 1.0464067991586943e-07 0.0 1.2287142213070974e-07 2.3669985862420741e-07 6.170281246382468e-06 1.5826346318862265e-06 4.718184317092853e-06 2.129905044140106e-06 2.0088187479677615e-06 4.869875102508603e-07 7.265798278890568e-07 0.0 0.0 9.187575290225277e-08 1.0693000683922086e-07 0.0 9.78174537026572e-08 6.304601122170204e-07 0.0 4.1162293921584384e-07 2.260702998986109e-07 5.477964047046584e-07 4.5751527799787687e-07 0.0 0.0 6.122907425709662e-08 0.0 9.544080051394348e-08 0.0 1.7717215431203028e-07 1.7623968343922937e-07 5.40749649890268e-06 2.416191478014526e-07 0.0 0.0 0.0 0.0 0.0 0.0 0.0 1.0364649733118132e-07 3.332855914478121e-06 1.4834985589760853e-06 0.0 1.4807866474165383e-07 3.2075195632926533e-07 8.629854935598276e-06 0.0 4.020248305853573e-06 0.0 5.060184266979603e-07 4.071944271030278e-07 2.463111001088085e-07 3.1024311404887393e-07 6.069195174637021e-08 0.0 0.0 0.0 9.530570440126017e-08 0.0 0.0 0.0 6.028084328107218e-06 2.726991619191031e-06 6.744440015099731e-06
0.00013185419421143363 8.703892357668506e-05 2.081315450946723e-06 0.00021193949660222556 1.8757918830002728e-05 8.530449025021462e-05 0.00014422885995399304 3.58741996328748e-06 1.2968123233614951e-05 0.0006319000852059233 3.746931122845079e-05 0.0 0.0008625617707408862 0.00019516176116978582 6.02991118099947e-06 1.2318194833675436e-05 3.7813261349827514e-07 2.782041481484807e-07 1.041575551530442e-07 5.935503299378576e-07 4.029930563903502e-06 6.328811931519518e-07 5.674656994599366e-07 7.427282314643813e-07 1.411573731426335e-06 4.534233314983923e-07 2.675689103175036e-07 1.49941569162155e-06 2.1035903944786795e-07 2.9670968876862167e-07 3.971845944316839e-06 4.368329800656823e-06 0.0001924355906900369 1.6863708788143824e-07 9.339475080284755e-07 1.7392129811836914e-06 3.3984019591486445e-05 2.832835553547311e-05 1.626441302260117e-05 2.7238252435438035e-06 6.009969813316175e-07 4.918313863349421e-07 2.268031449759849e-07 2.282716925655138e-06 3.0029787210603187e-07 1.0879198385749702e-06 8.096611475831315e-06 2.5874362988611545e-07 7.863584672647078e-08 3.170541927728358e-07 1.3107404877794876e-06 1.1695649390331412e-06 1.0989126873902492e-07 7.596732883499543e-07 1.8825816265400687e-07 0.0 3.1956531311793657e-07 1.3579316151469591e-06 8.663557515567107e-07 1.0635810427856151e-06 4.1216494477059935e-06 3.633622487282585e-05 1.6201511966690402e-06 1.3256508476151109e-05 6.15000557609526e-08 6.368026061678283e-07 9.137915860870751e-07 2.4742259537521634e-07 1.5495424355041598e-06 5.154011301294708e-06 0.00011144629024097617 7.747516060314906e-06 0.0 5.2221610529935e-06 5.055859427829612e-06 1.0085456193552046e-05 1.034124153366517e-05 1.2299433813474262e-05 8.415818413351417e-07 9.358435782394114e-05 2.8101942189244825e-06 2.2517757912539293e-05 6.359508821842322e-07 0.0 1.0994580294964938e-07 1.5276043658974443e-07 3.989962592626298e-07 1.3280661310528885e-07 1.486995987619695e-07 8.368909126233262e-08 1.8798352457089938e-07 0.0 6.169381117429017e-06 3.0693535889223927e-07 4.7331444434037264e-07 0.000705373244228323 3.857885912900707e-05 7.904101173975675e-07 1.9830228842745316e-05 7.813839822394795e-06 2.3252424860485036e-06 9.485474859480288e-06 6.430519788226153e-06 1.0183130257551646e-05 1.0865073568896337e-06 1.8229641516657082e-05 1.5864718418363884e-05 6.6180801362019896e-06 6.183405371570099e-05 4.27515026759931e-05 2.212871612607808e-06 5.2358923029110016e-05 8.432077470687831e-05 2.0774458818117446e-05 2.785325685927891e-05 4.250659181142056e-07 1.7750195556205847e-07 9.12608617953713e-08 0.0 0.0 0.0 0.0 0.0 0.0 0.0 1.67342979470792e-07 0.0 8.641816346278531e-08 9.960329494465317e-08 1.6083391692753746e-07 1.7754416962876296e-07 2.8999190522859793e-07 0.0 0.0 8.095525255975282e-08 6.665085388485215e-07 0.0 0.0 6.858215175295197e-07 7.664397777722576e-06 7.660940441959731e-07 6.551581178962415e-06 1.947366314064413e-06 1.9344104803161817e-06 0.0 0.0 0.0 0.0 0.0 0.0 0.0 6.186955525250045e-08 5.676289259512799e-07 0.0 0.0 0.0 1.4490231027115034e-06 2.2783669899156802e-07 0.0 4.119725649216791e-07 0.0 8.722677927513816e-08 7.555091228686929e-07 3.5110806949804813e-07 8.045771729825854e-08 0.0 6.745555074451817e-06 1.4071970465455745e-06 0.0 0.0 0.0 0.0 0.0 0.0 0.0 0.0 1.2193207991037272e-05 5.215476289659028e-07 2.0448712196515202e-07 0.0 1.2806970892146854e-07 3.3172568228331935e-05 3.321899273813542e-07 7.057656057571079e-06 7.41010095517801e-07 1.6107103530108065e-06 1.868754712986537e-06 2.543852464003269e-07 3.2945474443884717e-07 1.238376223264546e-07 0.0 0.0 0.0 0.0 0.0 1.1990042990702903e-07 0.0 3.152712757459805e-05 6.342907958206731e-06 8.551470369244619e-06
