0.0 0.001171619312444205 0.000578672444756549 0.0010602634438943224 0.00011333058982067898 0.00019796276063024348 0.000354417731127215 4.23434743581116e-05 4.027303411445958e-05 0.0008450644865172804 0.00012602756154880433 2.843192645076904e-05 0.00013011345877683895 0.0002105521653833462 4.012193924085909e-06 1.2926955791446678e-06 4.078565478438833e-07 0.0 0.0 0.0 3.8802499634472655e-07 2.2083141525398659e-07 4.636981430030736e-07 1.0398283961445943e-07 1.578772560944246e-07 0.0 0.0 0.0 0.0 0.0 0.0013218916431926933 4.348748107648894e-05 2.9293673684080142e-05 2.2094185420402662e-07 2.672403341110439e-07 4.26596375351166e-07 9.498395960352134e-06 3.4258734472812853e-06 3.7803589613717784e-06 1.3308941530580442e-07 7.797607349843272e-08 2.6838948935595976e-07 7.263887640368593e-08 0.0 0.0 0.0 3.0504137734167734e-05 3.289058016094849e-06 2.8693379140179535e-07 2.310176973465712e-07 9.441441690896898e-07 4.777809728105516e-07 1.860443670213513e-07 0.0 9.137284141391604e-06 2.0497449076845487e-05 7.409776709877318e-05 0.00047146888852305733 1.8377719183248552e-05 6.466277267118987e-05 1.6488075212580597e-07 5.70241308472033e-06 0.0 2.5394628571898068e-05 6.686490777465024e-06 5.768753454609763e-06 2.3163301934764424e-06 1.3095891825187053e-06 3.6090630033252453e-07 1.315195038345278e-06 9.718968859991905e-06 1.2768830050392357e-06 0.0 0.0002051769413175993 5.5165400051794356e-05 3.0184179028258558e-05 5.9707134710188386e-06 2.9039671816111696e-07 2.2614999271234992e-06 5.2621683252480455e-05 2.650811835531679e-07 7.734597473156977e-06 2.7387218240371664e-05 7.138318361378784e-07 6.636318686998725e-06 4.866536852913551e-06 1.0095544729324489e-06 1.632322920090038e-07 2.3244279091136397e-06 2.2239228789004457e-07 5.869668247495025e-07 6.481726135482535e-07 9.173621774547028e-07 4.1326317763125296e-07 1.068347934887651e-06 6.720693983242325e-05 5.422306505821719e-06 5.312574917738608e-07 2.675575196811006e-06 0.0006779143520730698 1.2314379929681262e-07 3.195683779645674e-07 3.141255189318762e-07 1.1586183237938845e-06 1.0558224967096594e-06 2.137746726750022e-06 4.189226848732698e-06 2.1728395787323027e-06 1.6361707497791083e-06 4.979612954623197e-06 7.490303554134982e-08 4.592832305664641e-06 5.6872246711594275e-06 2.9790786758922304e-06 2.4509204420880313e-07 0.0 6.662328468201982e-08 0.0 4.719230117772513e-07 0.0 0.0 0.0 0.0 0.0 0.0 2.0372459219432665e-07 0.0 4.753403052181126e-07 0.0 0.0 2.6895261446679614e-07 7.847236863848297e-08 1.6048797889099383e-07 1.920727902687809e-07 4.632029189419686e-07 1.1585134758759387e-07 1.1285623597916942e-07 0.0 2.0555643709273218e-07 7.450115279708256e-07 0.0 2.226909448654282e-06 2.948615696535467e-07 7.547881759208163e-07 0.0 0.0 0.0 0.0 0.0 0.0 1.3481284023798154e-07 0.0 0.0 0.0 0.0 0.0 7.225951095208372e-08 6.590565107794291e-08 0.0 0.0 3.1289020074121315e-07 0.0 0.0 0.0 0.0 1.1819558594259601e-07 1.2620419798680263e-06 6.511908711726838e-07 0.0 0.0 0.0 0.0 1.2553626833671742e-07 0.0 0.0 0.0 1.586591785344901e-06 0.0 0.0 0.0 0.0 1.6573770846583836e-06 1.035091656617319e-07 9.52006445508547e-07 0.0 0.0 0.0 9.685047136439099e-08 0.0 0.0 0.0 0.0 0.0 0.0 4.934801839204228e-07 0.0 0.0 9.98098732007823e-07 4.5551918602788216e-07 7.984939057359651e-08
0.001171619312444205 0.0 0.0009975249346610216 0.0016305965747004548 0.0013951093296140664 9.65671079503883e-05 0.0013077490664594941 9.400932773992823e-05 0.00042398526011127127 0.0006368027804383698 0.00027995005922972383 3.581608301279301e-05 0.00047523108441151224 0.0008266752099155833 1.9672569082385054e-05 3.523255088116183e-06 8.900660143720698e-08 0.0 7.873423672979618e-08 0.0 5.560040585353274e-07 0.0 9.966271766450055e-08 8.52946648893092e-08 1.5955048491183465e-07 0.0 0.0 0.0 5.625483348243468e-08 0.0 0.0009329048653557708 4.108750314659711e-05 5.481936644308205e-05 1.7200007998971652e-07 3.2276367422785064e-07 5.352837953475709e-07 2.531465918299485e-05 7.254471078449191e-06 7.452425064131293e-06 2.1252231147616324e-07 2.8618937011329885e-07 5.226612477970121e-07 0.0 2.632228562278422e-07 9.406619093554072e-08 1.0613921072247265e-07 8.724221253380947e-05 5.082777457791151e-06 3.544499167817487e-07 3.9208006909890495e-07 8.133220458274645e-07 1.012011212064461e-06 4.3550838946724534e-07 5.476164232492417e-07 1.0660625716001092e-05 2.1057269052272715e-05 1.462805868865043e-05 0.00018478842634094212 1.05037336061881e-05 7.051150734476981e-05 2.298158289513671e-07 9.251353733087664e-06 0.0 4.329534080289123e-05 8.672583805885687e-06 6.293496799545333e-06 2.1731372047942017e-06 1.1020787279076829e-06 4.529981339606055e-07 4.566817940243498e-07 1.936335024572129e-05 4.733675920168337e-07 1.590000092433412e-07 0.00014777574118177036 0.00010228434987675685 8.003493009826787e-05 2.5301642210622715e-05 2.3061340521021667e-06 2.2305502173616653e-06 6.621210798224002e-05 0.0 1.0796264063559116e-05 2.207407781437157e-05 3.7253992604837016e-07 7.909291541620466e-06 5.668777590949448e-06 1.0139534262927748e-06 2.88689632538249e-07 3.6758775934176683e-06 2.8779263605400803e-07 8.648561899006173e-07 0.0 1.531516113384032e-06 1.7422876231501786e-06 2.2064836786225098e-06 1.201197632550269e-05 7.729617614775322e-07 1.955898332918091e-07 2.8118329707446223e-06 0.0003009545649730812 0.0 3.987902822935102e-07 8.482218947392137e-07 5.106957964685471e-07 6.258878949653672e-07 9.257252111284958e-06 1.482370641375923e-06 3.145613816556801e-06 2.907591353950298e-06 3.618227101226473e-06 1.122813172180674e-06 6.884954058507872e-06 8.459466413658353e-06 6.5209461813197696e-06 4.248979258378332e-06 0.0 0.0 3.78587462699577e-07 1.0562947354166005e-07 0.0 0.0 1.0801125321369167e-07 0.0 0.0 1.2224561391494254e-07 2.876390486886604e-07 0.0 8.097154927369848e-08 0.0 9.658324787835179e-08 0.0 8.030338345070587e-07 8.141384703980521e-07 1.544162519218095e-07 0.0 1.0665412282120898e-06 0.0 7.492008176276275e-08 8.765506582559455e-08 1.2834516108864955e-06 4.907496930762007e-07 1.3966917644027846e-06 1.130363030937399e-06 3.9067269278648424e-07 2.882289186407585e-07 0.0 0.0 0.0 2.3894856566107956e-07 0.0 0.0 0.0 0.0 0.0 0.0 2.1504968290921652e-07 3.488279733494192e-07 1.2734483868964359e-07 0.0 0.0 0.0 6.282131859338288e-08 1.6416561949106614e-07 0.0 0.0 3.394458037749472e-07 2.6903549883989185e-06 1.0788526541060402e-06 0.0 0.0 3.988456356533984e-07 0.0 0.0 0.0 0.0 0.0 3.3776887919963678e-06 0.0 0.0 0.0 1.2014818428128392e-07 5.89958484806026e-06 1.968903480578667e-07 2.168254005931959e-06 6.255372022971282e-08 1.7293833443492683e-07 3.383744035060585e-07 0.0 0.0 0.0 0.0 0.0 0.0 1.5923516462576096e-07 0.0 8.269116759130435e-07 0.0 4.090350549362135e-06 9.814194461753261e-07 2.2904975258875636e-06
0.000578672444756549 0.0009975249346610216 0.0 0.0003738551136427168 0.001392727694494849 2.2031711340247925e-05 0.00023634325019049904 0.0010539458152577098 0.0008983319262648463 0.00014418549717475258 0.0014207411772161878 2.8550682355595624e-05 0.00021512854697142527 0.0013284694711956887 1.7302963459661872e-05 4.426832758026621e-06 6.276274931896169e-07 1.0624379087068245e-07 0.0 1.304074400534844e-06 1.7476338494404335e-06 8.415256377032648e-07 2.2406759460060833e-07 9.550664216578934e-08 4.682011998814788e-07 9.150842388864088e-07 1.9940187823332045e-07 9.548697715635537e-08 0.0 0.0 0.002427424231926182 0.0004976489142436486 9.72669511099134e-05 8.357116337498753e-07 4.76224352357906e-07 1.170763839559223e-06 2.5159843236543055e-05 1.3568075296586807e-05 1.2765497591759353e-05 9.852628523083529e-07 9.99555115537382e-07 4.7272750988378437e-07 1.112922143710125e-06 7.024453297562704e-08 2.137137957609936e-07 4.941980531618677e-07 7.096325632219977e-05 2.977043165332394e-06 1.9161856175430358e-07 7.370329645108872e-07 2.214495338421855e-06 2.470604259668276e-06 1.4674160604149423e-06 6.927123175625071e-07 6.442905120106336e-06 1.2110568440852116e-05 1.1925236073559584e-05 0.0002266016580331588 6.541009428616353e-06 4.658231046139108e-05 1.8949926550843918e-06 2.9025627416616773e-05 3.650241865114445e-07 0.00014850182210165218 5.173318347684996e-06 4.709766749703206e-06 1.9443723452808434e-06 1.3844667960012908e-06 1.8239319760187029e-06 3.0962745274581613e-06 2.4930577342365312e-05 1.5188406973767381e-06 7.283162241527034e-08 0.00010605345134320594 0.00011925493129293202 6.345641316699294e-05 2.9219179024163623e-05 2.301246879537038e-06 2.599234970403717e-05 0.0003927259590182944 8.790000337202093e-07 7.75491366859942e-05 1.6266879239541427e-05 0.0 3.841146226072691e-06 2.131311073932231e-06 1.2718565493680721e-06 3.3908348454475794e-07 1.6046560351628903e-06 0.0 1.1968034449557095e-06 1.5829531427292236e-07 8.085347786864879e-06 2.5593279516682913e-06 3.629004313639312e-06 1.1606406943572212e-05 7.068372407725317e-07 2.2854609699419467e-07 3.4891734471214653e-06 0.00013560739868370448 1.7409090106628317e-07 8.505542869610816e-08 9.045859354309013e-07 6.290634191113221e-07 3.4866466594264373e-07 4.2110469118475755e-06 4.5988147635591374e-07 1.7514062269732089e-06 3.034108419987929e-06 4.576207944760454e-06 0.0 4.932372375097556e-06 5.291385216715352e-06 4.654330627544906e-06 1.8915942768977025e-06 0.0 0.0 0.0 8.764098649285984e-07 0.0 0.0 0.0 0.0 0.0 0.0 1.5604384742075908e-07 6.462659537855254e-08 5.818309315871123e-07 0.0 7.778327928829576e-08 2.262925361826936e-07 1.926906850014803e-07 4.870992203935736e-07 9.009874314986956e-08 2.161747121008917e-07 9.30574327187623e-07 0.0 4.352909175982109e-07 5.673508600204367e-07 1.700632522174178e-06 9.841067136287142e-07 1.463077157095679e-06 5.395278492708413e-07 8.25933555909493e-07 0.0 1.1386845913633557e-07 0.0 0.0 1.6219539654833486e-07 3.6749948208618195e-07 0.0 0.0 0.0 0.0 0.0 1.0200965513844465e-07 7.17576574478473e-07 4.793429540133179e-07 0.0 0.0 6.945211771067485e-07 0.0 1.4998259560365895e-07 0.0 7.296248041432183e-07 0.0 3.3546410528391016e-06 3.525357166232464e-07 0.0 0.0 0.0 0.0 0.0 0.0 0.0 7.633869904871341e-08 5.49047604826759e-06 2.7939761567859505e-07 0.0 0.0 0.0 3.2441470011426604e-06 0.0 1.6650653000378552e-06 9.42945021235007e-08 0.0 1.5181858022218765e-07 0.0 0.0 0.0 0.0 0.0 0.0 0.0 0.0 8.51954776235885e-08 0.0 2.3532460432450407e-06 6.804017538871076e-07 3.0251432000252467e-06
0.0010602634438943224 0.0016305965747004548 0.0003738551136427168 0.0 0.0001456529344478861 0.0004701861545564857 0.0010929884730326521 1.7115654801764389e-06 2.7546516025627956e-05 0.0007942120825914871 2.887114375634155e-06 4.4947195227780104e-05 0.0006183627591152696 8.938758298627566e-05 2.085142639075346e-06 7.178568704830385e-08 0.0 0.0 0.0 0.0 6.852797365948872e-08 0.0 0.0 0.0 0.0 0.0 0.0 0.0 0.0 0.0 0.00011806611141873034 5.129951764307057e-06 1.4501681494812258e-06 0.0 0.0 0.0 1.186774552558728e-06 5.013562933238575e-07 6.975989063896114e-07 2.3066394139254885e-07 0.0 0.0 0.0 0.0 0.0 6.626705453563405e-08 1.7136800867031417e-05 9.812956294492603e-07 2.378629521745879e-07 2.821920070926881e-07 3.380631318983977e-07 1.0662401318544084e-07 0.0 0.0 3.980505282315175e-06 7.038357294674096e-06 8.449388439068708e-06 7.440291536417049e-05 4.535509327993311e-06 2.2981729766837067e-05 1.295355485886401e-07 8.571218913495281e-07 0.0 6.798027979723174e-06 2.5775716875405235e-06 2.556736278010762e-06 8.0917100975519e-07 6.934278572072461e-07 0.0 0.0 2.706768689496163e-06 1.355316530999771e-06 1.0000134998381664e-07 6.625940688736963e-05 2.845366219319395e-05 1.2611305297089589e-05 1.5540873884279186e-06 8.46262634289487e-08 3.587522748874013e-07 9.42307108036821e-07 9.599319048743822e-08 5.087015010265224e-07 9.08553167929705e-06 1.4922255262874658e-07 3.0444624062663597e-06 1.9927338089226415e-06 1.2406563945718763e-07 6.609163858138306e-08 1.2014775477862696e-06 5.373787293672872e-08 8.223633820153872e-08 1.332090441131944e-07 2.612747617761189e-07 0.0 6.482130146460667e-08 3.2311035918644655e-05 1.6267098130590064e-06 0.0 2.1995938561995835e-07 0.0005858282741929583 0.0 1.6938994628656718e-07 3.2882940529709974e-06 6.641770821575082e-07 0.0 1.4543957355657129e-06 8.360074925315146e-07 1.4633584170712953e-06 1.1976228042826076e-06 1.3308010013221795e-06 1.717464592062814e-07 1.592550117186156e-06 1.590133495316037e-06 1.1242065173589124e-06 1.0376179569714273e-06 0.0 0.0 0.0 0.0 0.0 0.0 0.0 0.0 0.0 0.0 0.0 0.0 3.308756941243616e-07 0.0 3.3650620618825285e-07 0.0 0.0 0.0 3.816925634048846e-07 0.0 4.0685472486327507e-07 0.0 0.0 1.5578526218641299e-07 0.0 0.0 4.669963860191753e-07 9.128969725062209e-08 1.641054676975034e-07 0.0 0.0 0.0 0.0 0.0 0.0 0.0 0.0 0.0 0.0 0.0 0.0 0.0 0.0 0.0 0.0 0.0 0.0 0.0 0.0 0.0 2.931999781088763e-07 7.16734936709515e-07 0.0 0.0 0.0 0.0 0.0 0.0 0.0 0.0 0.0 1.0614036748773344e-06 0.0 0.0 0.0 0.0 1.5235903059175395e-06 0.0 4.3586604414862823e-07 0.0 0.0 0.0 9.435803852653025e-08 0.0 0.0 0.0 0.0 0.0 0.0 0.0 0.0 0.0 5.459681827036232e-07 0.0 7.614327908854226e-07
0.00011333058982067898 0.0013951093296140664 0.001392727694494849 0.0001456529344478861 0.0 6.817501362423053e-06 0.0013468950352183602 0.0002725812783326373 0.001859170480299387 0.0006887336133797693 0.000779116851452861 1.0997535108436684e-05 0.0004810381064778876 0.0014844509326057591 1.7716454113039504e-05 3.750244623567074e-06 1.7079505726701873e-07 6.565625034555189e-08 0.0 0.0 0.0 0.0 0.0 0.0 0.0 8.09881135095861e-08 0.0 0.0 0.0 5.3389365269537864e-08 9.366870993479446e-05 2.770258139102472e-05 6.695370305756696e-06 0.0 0.0 0.0 5.033825899270676e-06 1.2907889622250973e-06 1.0701135978180325e-06 0.0 2.4129393935976365e-07 9.946870242436613e-08 6.722209278791568e-08 1.453752370575697e-07 0.0 0.0 6.35660888608213e-05 1.5248554804338e-06 2.472914191364663e-07 0.0 5.400168289416958e-07 1.239122341752606e-07 0.0 0.0 3.0320251767948995e-06 8.733638540420794e-06 4.037379729612015e-06 2.495284996846691e-05 3.366648838562876e-06 3.178827644755297e-05 5.946382884542716e-08 2.9344901467442595e-06 0.0 2.1060921452897446e-05 3.7059856761213323e-06 2.939761376086771e-06 1.0342067097712117e-06 8.324041205455032e-07 1.3173784756182368e-07 1.251915522889926e-07 1.342079992799268e-05 7.27050637271049e-08 0.0 4.3556555589601805e-05 5.193326004377705e-05 5.032093363205452e-05 2.3805740586088863e-05 1.420893805339298e-06 2.441275590402248e-07 9.907987382962118e-06 1.807927223573527e-07 2.144638696686234e-06 7.072699395291314e-06 3.284217826407651e-07 3.331238577690578e-06 2.816297233143632e-06 3.40563062288875e-07 5.687163571460998e-08 1.0808575960727803e-06 0.0 3.7772001728343425e-07 0.0 7.21881449619647e-08 1.1876736537130963e-07 8.668834210202074e-08 8.278785715447878e-06 5.788074578082187e-07 0.0 8.978833054752285e-07 1.0920504610208055e-05 0.0 1.7713610703697484e-07 1.52343667035364e-06 1.053482403430175e-06 1.3332604127961601e-06 8.856458879231549e-06 7.003187881968811e-07 4.83571708644935e-06 8.321208972821803e-06 8.257134170538851e-06 1.2261989923910761e-06 1.143551093175921e-05 9.07185615939085e-06 7.41928923136604e-06 3.5125538741099023e-06 0.0 5.075720161464352e-07 0.0 0.0 0.0 0.0 0.0 0.0 1.471263065373225e-07 0.0 0.0 0.0 1.7262039536083211e-07 0.0 0.0 0.0 0.0 0.0 0.0 6.011727643709422e-07 1.0827685294404998e-06 0.0 0.0 0.0 2.3586028732168535e-06 5.259487425358987e-07 1.7640787992659042e-06 1.5396563615661435e-06 1.3487979766716207e-06 0.0 0.0 0.0 9.214511445021023e-08 4.0345307453040855e-07 0.0 0.0 0.0 0.0 0.0 0.0 0.0 4.787345758170466e-07 0.0 0.0 0.0 0.0 0.0 0.0 0.0 0.0 1.9466585632893843e-07 6.028150207984939e-06 7.489374928689493e-07 0.0 0.0 0.0 0.0 0.0 0.0 0.0 0.0 4.88805467897167e-06 0.0 0.0 0.0 0.0 6.054439107005921e-06 1.6980983601006121e-07 3.2173705469858206e-06 0.0 0.0 1.3823436979607103e-07 1.610049297885024e-07 0.0 0.0 0.0 0.0 0.0 0.0 0.0 0.0 0.0 6.5999659998287255e-06 9.230357736691647e-07 1.7279823034688076e-06
0.00019796276063024348 9.65671079503883e-05 2.2031711340247925e-05 0.0004701861545564857 6.817501362423053e-06 0.0 2.2345587817258858e-05 3.513177499114958e-07 4.319933573949368e-06 0.000627987014499187 1.958119600699394e-06 9.982209914922105e-05 8.919664673394182e-05 1.951966990132584e-05 1.1522704780280214e-06 7.454323763099759e-07 1.0138283831813173e-07 0.0 0.0 0.0 0.0 7.656523974317689e-07 0.0 0.0 0.0 0.0 0.0 0.0 1.0307812065102353e-07 0.0 3.198033997298888e-05 2.2216092091385393e-06 1.0153556710659689e-05 0.0 0.0 1.3843332271014288e-07 2.8770169197251147e-05 2.336088054744169e-06 7.146180611020667e-06 1.1698351016504403e-07 0.0 0.0 0.0 2.1272958131824456e-07 0.0 1.3929074282735853e-07 2.765386585546062e-06 1.913861697555624e-07 0.0 0.0 9.353309352293321e-08 4.859909578717067e-06 3.2706203185364295e-07 4.384373833723823e-07 2.8852575745963265e-07 7.700023649965361e-07 3.653199950594812e-05 2.511132385302158e-05 4.90622758974865e-06 3.3708093054852624e-06 1.2179356504611864e-07 2.5063530082642316e-06 0.0 1.2364061176799343e-06 7.362544829119334e-07 4.0392120564959466e-07 0.0 0.0 1.2188683460066708e-07 0.0 9.391066349812263e-05 5.2447273426947446e-05 1.140414498465309e-05 1.0400440311132375e-05 4.0856157752647245e-06 1.7546621570155803e-06 4.6844355291441034e-07 8.626878976839443e-08 0.0 2.2356614489313423e-06 7.105835803761494e-07 3.8790602089549313e-07 1.765818622416732e-06 1.2430708796395e-06 3.2745755453113367e-07 7.855624911499777e-07 0.0 2.442086402519163e-06 2.1596726499524488e-06 4.354927495724875e-06 9.928840235012498e-07 9.263836129958239e-07 8.310382110544463e-08 8.80087168138803e-07 6.687591311081222e-07 0.0003285222229938762 0.00013352862884653444 6.923555518766488e-06 2.1235282994191604e-05 0.00017578432906161876 0.0 1.88734285395129e-07 0.0 5.352683610999705e-07 0.0 1.4877538680883402e-06 2.7523767572704953e-06 1.4965366083311276e-06 1.8060529960812602e-06 4.9477609733133176e-06 1.8481248699410247e-07 1.4656231278146163e-06 3.0996247713570537e-06 2.085024654374137e-06 5.618929844609336e-07 0.0 0.0 0.0 0.0 0.0 0.0 0.0 0.0 6.497172164951338e-07 0.0 1.2410456782145115e-07 0.0 0.0 1.1463161359558366e-07 0.0 9.590662588708674e-08 0.0 2.0039834581920257e-07 1.0726066251047079e-07 8.35050740552921e-08 0.0 0.0 7.405183625064794e-07 0.0 2.499911432379873e-07 0.0 8.39128316675738e-07 5.241861428913007e-07 1.1765221688290399e-07 0.0 0.0 0.0 0.0 0.0 0.0 0.0 0.0 0.0 0.0 0.0 0.0 8.046195133314884e-08 0.0 0.0 0.0 0.0 0.0 0.0 0.0 0.0 0.0 1.5429380403463577e-06 0.0 0.0 0.0 0.0 0.0 0.0 0.0 0.0 0.0 2.708311369856336e-07 2.0787185271331889e-07 0.0 9.615912203762943e-08 2.512381736769161e-07 0.0 0.0 8.078052555705799e-07 0.0 0.0 0.0 0.0 0.0 0.0 0.0 0.0 0.0 8.045045865606678e-08 8.01180600162118e-08 0.0 0.0 3.3087366978515512e-06 8.598363106541774e-08 1.4207027409216578e-06
0.000354417731127215 0.0013077490664594941 0.00023634325019049904 0.0010929884730326521 0.0013468950352183602 2.2345587817258858e-05 0.0 4.288965266508269e-05 0.0009533285355640488 0.001361386350832562 0.00019302978152105582 7.137842878373717e-05 0.00210533555890616 0.001002917656279427 1.897621706719411e-05 3.14596469130846e-06 6.176221966617983e-08 7.967817324881078e-08 7.511230830105873e-08 0.0 0.0 0.0 0.0 0.0 0.0 2.5381526995000057e-07 0.0 1.554593489295712e-07 0.0 0.0 9.907259896502825e-05 2.6863620248350754e-05 1.0308297033582553e-05 2.3189548402992992e-07 5.613176651163061e-08 7.645863846899746e-08 9.915376253197985e-06 1.615482843886286e-06 1.7869170193153038e-06 7.784259564028121e-08 5.917665115863875e-08 1.3868260026845526e-07 6.049904271215212e-08 6.896690716662851e-08 8.538420173373365e-08 0.0 8.005417424329648e-05 1.9394915563462274e-06 6.944495112145249e-08 0.0 1.095838289938445e-06 0.0 1.0973314114758238e-07 7.050827009969963e-08 6.139559164605584e-06 1.1257050087505831e-05 6.771831937891345e-06 4.6532357851066834e-05 5.144767929735949e-06 4.569243652896165e-05 3.3931574265863097e-07 4.720697056785077e-06 0.0 2.8450810118823262e-05 4.6933967914700835e-06 3.2231346547265474e-06 1.5077409402503402e-06 1.601228989548233e-06 1.9142885760692356e-07 0.0 2.2221233832638825e-05 8.561471506000492e-07 0.0 6.870276239526477e-05 6.856751622861793e-05 5.3568432547979225e-05 2.5435346966137932e-05 1.5817804344583024e-06 8.458194485989344e-07 4.294439693986252e-06 3.2311452755793155e-07 3.957645372917134e-06 1.2691326311997972e-05 2.4843421217244774e-07 3.6830035298386707e-06 2.8486627378983947e-06 6.4555542679025e-07 0.0 1.8586890019085041e-06 6.700865888650465e-08 2.8680178092179874e-07 0.0 3.4249541188010374e-07 2.343676145663843e-07 1.579171323635546e-07 2.1246186770648002e-05 2.1175429753174067e-06 0.0 2.054326428593243e-06 3.185594258824999e-05 9.885534906639439e-08 4.7695748447432e-07 3.396029149900247e-06 2.394231286093316e-06 2.3225653081833233e-06 1.4372813303382002e-05 3.5765176590601874e-06 6.187596343030536e-06 1.068213534830528e-05 1.8086535955751784e-05 1.2737340972050693e-06 1.863576407968843e-05 2.5157362687326095e-05 1.4339094035171424e-05 5.1286964597832764e-06 1.5006251951455016e-07 1.9537092617698804e-07 0.0 0.0 0.0 0.0 0.0 0.0 8.294129558629916e-08 0.0 0.0 0.0 1.461204455890909e-06 0.0 3.7835790906004065e-07 0.0 8.743620583824712e-07 0.0 6.883933630885985e-07 8.743249080092566e-07 1.6049972969810169e-06 1.265836228832863e-07 4.1640014829057513e-07 0.0 4.297211512411575e-06 4.084029480569902e-07 2.459120868840679e-06 2.1541643372854164e-06 2.362963385553836e-06 0.0 0.0 0.0 7.171948365870072e-08 0.0 1.7055864015360147e-06 0.0 0.0 1.2088943517610266e-07 0.0 0.0 0.0 5.140017030545018e-07 0.0 0.0 0.0 0.0 0.0 9.905056391494743e-08 2.2777018598470914e-07 1.5083883753403483e-07 0.0 7.701864652588748e-06 4.952549296002594e-07 0.0 6.821279261367791e-08 0.0 0.0 0.0 0.0 1.2019876062907653e-07 1.4019228068632718e-07 8.133912209256008e-06 0.0 1.7086292618438166e-07 0.0 0.0 1.1281700187542104e-05 9.242379419664733e-07 6.191053641270001e-06 3.72417780205459e-07 7.353981231628732e-07 0.0 0.0 0.0 0.0 0.0 0.0 0.0 0.0 0.0 3.0560084445014605e-07 0.0 1.068533692109118e-05 2.6074664113183025e-06 2.8676480888322868e-06
4.23434743581116e-05 9.400932773992823e-05 0.0010539458152577098 1.7115654801764389e-06 0.0002725812783326373 3.513177499114958e-07 4.288965266508269e-05 0.0 0.0006308234669585316 5.2607927117817445e-06 0.002551194291917698 7.305245516937301e-06 5.164798833661624e-05 0.0006505794094633034 1.4980895603383856e-05 5.462892766407511e-06 1.0907323441433627e-06 3.764169062220135e-06 4.2258421537492723e-07 9.196144663599565e-06 1.0128745600680992e-05 9.666139486927285e-07 8.900086216778692e-06 4.0601813401830686e-06 1.2857359223745138e-06 1.1483301928044004e-06 5.524632161381368e-07 3.774875931523247e-07 0.0 0.0 0.0005776612675293944 0.0011517341569034262 0.00011302595813665705 5.529016971144222e-06 7.25750130538083e-06 7.859688333314333e-06 9.527193502990809e-06 1.4982776423367031e-05 6.747690471824577e-06 1.520193282645717e-06 4.83708966340684e-06 3.351553978392441e-06 1.4717313635807268e-05 1.1117156214769036e-06 1.3694309469253428e-06 5.505119887804988e-07 3.625669090551548e-05 1.6423226416519464e-06 9.68291317230262e-07 1.5724082960736924e-05 1.2501867634490625e-05 3.957384276002661e-06 1.5534360653213392e-06 1.7880026220910057e-06 1.6141479742630614e-06 2.973588196689636e-06 2.2214829128647157e-06 8.47109131864943e-05 1.234732106974894e-06 1.53844597327347e-05 5.1849064070248155e-05 0.00020458589468352734 5.459218633590984e-06 0.0003029604059927771 1.6925736438595336e-06 6.64293654641128e-06 8.014285394072883e-06 1.6154079444067273e-05 3.139804539810336e-05 2.4235016029784092e-05 5.290881059855844e-06 5.724617488448511e-07 1.978374389043749e-07 3.383936856583235e-05 7.603424530303655e-05 2.9589225912214534e-05 9.305848393990391e-05 5.6360917907469105e-06 0.0006755859622108054 0.0014671443018092769 5.2207658157486136e-05 0.0016891824408360539 3.657597044562089e-06 0.0 1.3369486677885789e-06 2.2624150730404662e-06 1.1274375153611368e-05 1.6053650412260633e-07 2.767408316675268e-06 4.0148720552358955e-07 2.5478033403674885e-06 5.933635492030303e-07 6.394359507468108e-05 1.0901200650775728e-05 9.056927841285607e-06 1.8201497874027892e-06 6.210958449213615e-07 8.235430683656367e-08 1.9781102931082293e-06 1.254902711191853e-05 0.0 0.0 0.0 0.0 0.0 1.2703180729927585e-06 4.2051776134436404e-07 2.921152643286987e-07 1.5032199160226296e-06 7.348526440776594e-07 1.9373196117503517e-07 1.5936145661526908e-06 3.05205643096339e-06 1.8640915401743027e-06 1.1292733580617051e-06 1.1525523860063994e-07 0.0 0.0 0.0 1.2006532561408287e-07 0.0 0.0 1.01914082764164e-07 3.678839994275106e-07 0.0 5.897583028288645e-07 9.992779899264944e-08 6.880400248553648e-07 0.0 5.967757014649546e-07 4.7603227577066234e-07 1.0549578146771954e-07 8.771148116025695e-07 1.057354032493408e-07 2.9418640968504193e-07 2.7356014438551663e-07 0.0 3.9724160924663804e-07 4.264454174846288e-07 1.0857923031214975e-06 7.556475454017129e-07 4.0747384973014306e-06 2.0451029661414766e-06 2.049475956548171e-06 5.082882573478834e-07 1.0729958766149743e-06 0.0 1.5207672631416627e-07 3.285332444711979e-07 6.283400766564671e-07 2.1883117532381591e-07 0.0 8.554972091853092e-08 0.0 1.5707117814644734e-07 1.1206539412918768e-07 1.1248990770048818e-06 1.0724830707929835e-06 0.0 7.074195274856977e-08 0.0 6.897245535556467e-08 7.591020320589459e-08 0.0 8.220249746226501e-08 0.0 4.423232572500471e-06 9.341874513474312e-08 0.0 0.0 0.0 0.0 0.0 7.753065460827966e-08 0.0 1.0100456750921149e-06 1.4956035646849857e-06 9.305074811506533e-07 9.005166923022782e-08 2.385148375976134e-07 3.727395001882303e-07 1.908535832476118e-06 4.772941138760086e-07 2.8659970367044375e-06 2.1215009547652025e-07 2.585889831224644e-07 2.861389330057691e-07 0.0 1.7372364951755124e-07 0.0 0.0 1.5349428858735583e-07 0.0 0.0 7.582981873105697e-08 2.390615323574303e-07 9.573507117243327e-08 1.572075816567377e-06 1.4998620299754641e-06 2.888075449416293e-06
4.027303411445958e-05 0.00042398526011127127 0.0008983319262648463 2.7546516025627956e-05 0.001859170480299387 4.319933573949368e-06 0.0009533285355640488 0.0006308234669585316 0.0 0.00021951537442208602 0.0006740082150687109 4.773852551966929e-05 0.0006407075458618745 0.001486652515728685 3.642706521084045e-05 9.612321786476768e-06 8.194006169911081e-08 0.0 0.0 1.022916059599805e-07 0.0 1.031071683120175e-07 2.696991350700252e-07 0.0 0.0 1.0420639521190265e-07 0.0 2.0722102230305447e-07 9.159187004264339e-08 0.0 0.00011918760837412756 7.163317492839845e-05 3.2850418700983165e-05 6.57442609024794e-08 0.0 0.0 1.9957634231971285e-05 3.7935372168114784e-06 4.971478249274627e-06 1.6722883029882667e-07 3.708282776291956e-07 3.3332772586440923e-07 8.131861633970808e-08 6.541918844260963e-08 0.0 2.9355225597395433e-07 9.265578519414222e-05 2.7431721511635597e-06 5.063659919649236e-07 4.558522380258937e-07 8.287905840203011e-07 9.407162130579293e-08 2.079644956866844e-07 3.709353962345056e-07 3.830771112762066e-06 9.009639796896509e-06 4.713700560254603e-06 2.336493389575876e-05 4.985349985488189e-06 3.7925340164233465e-05 5.380000729741902e-07 4.295305404254504e-06 0.0 3.721989070973945e-05 3.473959616857192e-06 2.668435432760821e-06 1.2392560284711518e-06 5.114487060576844e-07 6.19010689852415e-08 0.0 2.428775131927416e-05 3.160491552958857e-07 0.0 4.80401745165986e-05 6.471034223261353e-05 7.970587740192978e-05 4.9902343154097976e-05 5.251703471587997e-06 1.9588414864868836e-06 8.806891779138813e-05 0.0 8.961204043219073e-06 6.715324281579289e-06 2.130278178951422e-07 3.0182026031049224e-06 2.393551552617715e-06 8.696189834232346e-07 6.487933252185788e-08 1.406228212188524e-06 0.0 5.317507022065488e-07 1.9145273731200695e-07 1.1603219873195226e-06 1.2530394595810767e-07 6.077295615728311e-07 1.725484015042354e-05 1.4263925425605605e-06 0.0 1.2741746908845744e-06 9.898031597058543e-06 0.0 4.197361843272584e-07 3.603210103139961e-06 5.328988024387037e-07 1.6616936077830865e-06 1.2432091280832731e-05 3.853409881845685e-06 7.402882733274705e-06 1.0016733556994059e-05 1.738289405944109e-05 7.084621157309604e-07 1.2713576086630273e-05 2.0780953883979736e-05 1.2009911113923699e-05 6.9272126535601535e-06 0.0 2.4338581009369657e-07 0.0 2.824156055332891e-07 0.0 0.0 0.0 4.998163335042046e-07 0.0 0.0 0.0 0.0 9.946752852184214e-07 0.0 1.5811706531486135e-07 0.0 1.0778659440493488e-07 0.0 5.22889558984972e-07 0.0 3.282610608185634e-06 0.0 0.0 3.0662251452360886e-07 3.0349436687709787e-06 7.096996831874082e-07 2.8741992414481347e-06 1.313699035605536e-06 5.090914487381033e-07 0.0 0.0 0.0 2.691068177025373e-07 5.770939082239165e-07 4.402708563107845e-07 0.0 8.743838119958485e-08 2.150489599309285e-07 0.0 0.0 0.0 1.1749252758080547e-06 1.8159773993717418e-07 0.0 0.0 0.0 0.0 1.017729038483965e-07 1.3677195073665625e-07 3.6056167532651e-07 3.987835559177343e-07 8.574231419425775e-06 1.5201112969078556e-06 8.788641352236413e-08 0.0 0.0 0.0 0.0 0.0 0.0 9.269737346514747e-08 9.95962174253678e-06 2.0666661041943732e-07 0.0 0.0 0.0 1.0579265482888967e-05 1.5015682480243858e-06 4.543134654972516e-06 0.0 3.1056207141354694e-07 3.697219387651143e-07 0.0 8.667760989098974e-08 0.0 0.0 0.0 0.0 0.0 7.28435542347199e-08 0.0 0.0 8.811646810552319e-06 2.072361775345896e-06 3.768183412552817e-06
0.0008450644865172804 0.0006368027804383698 0.00014418549717475258 0.0007942120825914871 0.0006887336133797693 0.000627987014499187 0.001361386350832562 5.2607927117817445e-06 0.00021951537442208602 0.0 1.4341550260185536e-05 0.0018141351205256593 0.004389195372076056 0.0006672256349928447 1.7330493803445086e-05 2.6023646320203172e-06 5.631305733389604e-08 6.414510254952501e-08 0.0 0.0 4.877349057475528e-07 2.2218052487178803e-07 1.468991306930445e-07 0.0 0.0 4.887078738613772e-07 0.0 0.0 0.0 0.0 0.00011755989537246233 3.9303426232345276e-05 7.22714264857779e-05 0.0 0.0 1.9909978041682536e-07 7.837670326241745e-05 8.321497162678192e-06 8.408009842477805e-06 8.392360565068361e-07 7.595235712440158e-07 0.0 0.0 0.0 1.5804981226789187e-07 0.0 7.162397252335875e-05 5.419437626222383e-06 2.0319086820053622e-07 0.0 6.914947846377293e-07 1.7040806037793195e-07 5.057461907117018e-07 5.589419798834727e-07 8.495017414304049e-06 1.6927766550917287e-05 2.0349583292049e-05 8.960727779397459e-05 1.0523975413055635e-05 5.892451551720285e-05 2.1688939488247456e-07 2.1981146303048996e-05 0.0 2.4506531446975452e-05 5.153496987502003e-06 5.8941783682239425e-06 6.09132417932103e-07 2.05947733292705e-06 1.9994461000104007e-07 3.658547975226616e-07 0.00018401175195742608 6.186359900206981e-06 2.0762674700749814e-07 0.00011426340591609891 6.227411014945925e-05 4.6040051816018517e-05 1.3094419927078975e-05 2.1681042690954193e-06 1.0647645438793625e-06 1.3245220023687564e-05 2.590508002312685e-07 1.4519575796534006e-05 2.0019017878784278e-05 6.245789454526162e-07 5.514888090297496e-06 4.1976961216559875e-06 5.048558724046841e-07 2.2919920344721773e-07 2.0995035531093673e-06 2.6973305078482517e-07 5.42537752479499e-07 6.336710240055687e-07 4.9759269863843255e-08 5.632631675569821e-07 2.3360473323226722e-07 0.00018967990435423988 2.0181680876267722e-05 3.827619661115405e-07 9.729454139127436e-06 0.0005885197796861616 3.9718855870648205e-07 3.686129661179068e-06 7.720896204512942e-06 2.937263362927606e-06 5.49719566017994e-06 6.722292402015268e-05 2.2254032299635613e-05 3.136012104717693e-05 4.258041146429056e-05 0.0001219859366299254 4.946230787089039e-06 6.811486300349926e-05 9.746348461195445e-05 6.821976312047778e-05 2.0901980856403198e-05 5.313150943995339e-07 0.0 0.0 6.555456425265201e-07 0.0 0.0 2.7751619053581606e-07 0.0 5.470982566771304e-07 0.0 2.9542664412806333e-07 0.0 3.9293290071391934e-06 0.0 3.4854142759920834e-06 0.0 1.251454659041383e-06 6.544135977677539e-07 3.8070828469739885e-07 1.5987228736768472e-06 5.326084340077376e-06 0.0 4.393013027966374e-06 2.508831356413963e-06 1.216824727914759e-05 2.726970818244176e-06 1.2191243649358648e-05 5.350739195704159e-06 6.008056424227627e-06 0.0 0.0 6.024237685127577e-07 3.8135461657609344e-07 9.944383090017948e-07 9.688233382085292e-07 0.0 3.414603747414047e-07 9.970390814749633e-07 0.0 0.0 1.215052305940694e-07 1.6640201626247033e-06 7.535926161806e-08 5.091062082059681e-07 2.5929458850998663e-07 0.0 0.0 7.811518523183597e-08 7.392620404577011e-07 1.2902936738992555e-06 9.752511400176526e-07 3.252930387246053e-05 2.230872006964569e-06 1.0836903642454803e-07 1.2849113950917052e-07 0.0 0.0 0.0 3.5898794974310956e-07 6.980237659194111e-07 8.683201663173058e-08 3.766220973140781e-05 8.656525370963776e-08 0.0 0.0 0.0 4.067883119706303e-05 3.0026129847927245e-06 1.7565316353438046e-05 7.314775511472393e-07 6.612156881142788e-07 4.319961716548653e-07 3.975116282487243e-07 3.0172368861955565e-07 0.0 0.0 0.0 0.0 6.829055294509982e-08 0.0 2.9472888332273574e-06 0.0 4.743755499234242e-05 7.155333725007312e-06 1.2186658290774095e-05
0.00012602756154880433 0.00027995005922972383 0.0014207411772161878 2.887114375634155e-06 0.000779116851452861 1.958119600699394e-06 0.00019302978152105582 0.002551194291917698 0.0006740082150687109 1.4341550260185536e-05 0.0 6.404902012209526e-05 0.0004346731134948564 0.0010853176214387892 2.1485101929356782e-05 1.0124246887027706e-05 1.1237031316762452e-06 5.963614938152649e-07 0.0 2.5560719627165777e-06 5.7988504730679235e-06 3.766895215194629e-06 3.45422777745244e-06 8.86460334210931e-07 5.490169821441762e-07 9.425067250198392e-07 8.988895091687223e-08 1.339704441451303e-06 6.263341546524922e-07 0.0 0.00034048843103961596 0.0002494779081489771 0.00032270056325202275 1.8378991560770723e-06 2.774962277664353e-06 6.094697044407244e-06 6.994876318458191e-05 4.463852219688064e-05 2.762352163733729e-05 2.2228160419846552e-06 4.702632373180115e-06 2.1296644721373985e-06 2.0828263451700236e-06 1.5851354339477108e-06 4.378901637838822e-07 8.443047448208094e-07 4.8473834421956025e-05 1.0458179713586813e-06 2.903538964248877e-07 1.356550542474121e-06 5.286401470317128e-06 9.095237459308627e-06 3.03272983963295e-06 2.9249855796233246e-06 1.5080175517433346e-06 2.757111793782248e-06 2.5438098332310804e-06 2.634826640988043e-05 1.8190389500071374e-06 1.705250698617614e-05 1.7085712950513022e-06 0.00012639667516292717 1.4007734534687507e-06 4.4181087503977936e-05 1.6798459324227397e-06 1.7691057797657513e-06 3.7077796851559987e-06 2.905262946142106e-06 6.00268962786623e-06 8.17847311527798e-06 3.6060666701512835e-05 2.1001412092486053e-06 1.7801652857453878e-07 2.441168474474635e-05 4.96839574030197e-05 4.1747657716800374e-05 4.081771710418147e-05 7.274445024538719e-06 0.0001036058457351469 0.0009557984888915541 8.316557523310934e-07 0.0005295333455610558 3.573807293789346e-06 8.567523530472478e-08 1.5652501196408995e-06 1.3646451252054035e-06 5.723993049423456e-07 0.0 1.895529399520808e-06 4.65920481863322e-07 1.929323573637422e-06 1.2360907384845185e-06 2.9190902074090867e-05 8.968171609907236e-06 7.264270749241108e-06 7.97214119560734e-06 1.6057373643336007e-06 4.780292167776817e-07 4.466765306999785e-06 1.7866821965028964e-05 3.2325167921686504e-07 0.0 1.8582542777416185e-07 5.826752042102755e-07 1.3157330627210332e-06 4.0889762800999114e-06 1.766859646886735e-07 1.3234110814289474e-06 3.1777569064131967e-06 2.1202325830782897e-06 5.218998873949971e-07 5.222772793836428e-06 7.253075628600825e-06 4.503443002364917e-06 3.6862363031542464e-06 1.0245308182175959e-07 0.0 0.0 0.0 0.0 0.0 0.0 1.0754845071225796e-07 1.8444958402588801e-07 9.583952279116967e-08 5.337460901490977e-07 0.0 5.99721184630453e-07 3.6279803461015114e-07 6.701475546786075e-07 1.1955435026600962e-06 5.636982505353138e-07 1.1066021620630209e-06 6.008733121194418e-07 5.021282948951931e-07 5.716151894681398e-07 3.3862437191029056e-07 1.3150832230587935e-06 4.119808712072639e-07 2.9316402466638313e-06 6.30327040563112e-07 2.962018171641556e-06 1.9950553778917686e-06 1.937887706667494e-06 6.448661607120368e-07 2.030119176857661e-07 0.0 0.0 1.9171172420095753e-07 4.863283273889464e-07 8.841534443787483e-08 0.0 2.382687036560053e-07 0.0 0.0 9.294901275253394e-08 2.04774127457628e-06 1.3701601803143964e-06 0.0 9.650358102640737e-08 0.0 0.0 0.0 1.5622309783763394e-07 4.1408657492577417e-07 1.0589859283743228e-07 5.577073975240451e-06 7.263838477845008e-07 0.0 0.0 0.0 0.0 0.0 7.763709307845946e-08 0.0 1.3099306210648583e-07 3.885002924465166e-06 1.1392873089074014e-06 1.7696750850021013e-07 1.3661530544092001e-07 2.28509284010848e-07 5.301241649335971e-06 1.627043143537543e-07 3.256330208176081e-06 0.0 2.315385469714403e-07 7.193053976485342e-08 2.2036987127031345e-07 0.0 0.0 0.0 0.0 0.0 0.0 0.0 0.0 2.4261510452788476e-07 5.932745741395127e-06 1.8171389737770278e-06 4.62764665569959e-06
