0.0 0.0014224457796046183 0.0006654069202409287 0.0007774257061520622 5.606983367890005e-05 0.00010102555678984076 5.525663960328918e-05 4.35182067828756e-05 1.8839794646970742e-06 0.0005072333702887794 9.051865802811719e-05 1.5563363854058692e-05 2.763479159117063e-05 4.9565029119647934e-05 2.911431874907199e-07 8.063324144185192e-07 1.1113333056153562e-07 7.827871129472664e-08 0.0 0.0 9.25146114968512e-08 0.0 1.976368487422102e-07 2.6978033038909285e-07 0.0 8.959153394564149e-08 0.0 0.0 0.0 0.0 0.000985800046071378 3.195270401393017e-07 9.17622882866736e-06 0.0 0.0 1.5722466580636105e-07 3.7487944489846264e-06 1.771441251655836e-06 3.3560987826933807e-06 0.0 1.876859475058397e-07 0.0 1.1270175724633927e-07 1.5948939285855442e-07 0.0 6.847065003510051e-08 1.821497186471798e-05 2.285369821741976e-06 3.819624340415267e-07 1.157098915851658e-07 5.479993770402467e-07 5.494672542424337e-07 1.4091031706277804e-06 0.0 2.094246232196473e-06 2.655454539645004e-06 5.0052215344882755e-05 0.0002802383765209331 1.2307960009463937e-05 1.4013299468635729e-05 0.0 9.11871882628207e-06 0.0 1.0537809932587755e-05 3.115073205858667e-06 4.812583239066582e-06 1.090402446509471e-06 5.074573871347259e-07 3.595444264680857e-07 7.518866990440769e-08 5.098604816496652e-06 2.8500561835689245e-06 0.0 0.0001356083575468821 1.0535802866193316e-05 1.8642597637175153e-05 1.3601128149152524e-06 2.7343219343953916e-07 0.0 3.0043070866710375e-05 1.7554951894257687e-07 1.4537305079655642e-05 9.762229571710104e-06 2.6343345071648997e-07 2.333020298627925e-06 4.640895151924811e-06 1.039699535859931e-06 0.0 8.359709694606106e-07 1.4432202219408843e-07 1.4108082129432942e-07 0.0 5.806060185836764e-07 6.807298750205675e-08 0.0 5.650069615581389e-06 2.2260749651763454e-06 2.3905820490630685e-07 6.57670442049609e-06 0.0005542745211999395 0.0 1.0541467076732871e-06 0.0 1.4620736074766348e-06 6.870405438575511e-07 2.7141128823981062e-06 2.2686719241769365e-06 1.2140706082996532e-06 2.4391313693744392e-06 8.701398356024298e-06 0.0 1.392701415037278e-06 3.615249454841137e-06 3.5173451551240706e-06 3.1942345277514748e-06 0.0 9.847003350527708e-08 0.0 0.0 0.0 0.0 0.0 0.0 0.0 0.0 0.0 0.0 4.406235982013689e-07 0.0 3.9083056618349534e-07 0.0 0.0 0.0 0.0 0.0 7.415905678078121e-08 0.0 0.0 0.0 2.026621197272257e-06 8.42728717185379e-07 2.0558519727843533e-06 2.5014680696898027e-06 1.440435092815088e-06 0.0 0.0 0.0 0.0 7.188342808005885e-08 0.0 0.0 0.0 0.0 0.0 0.0 0.0 1.446613205619422e-06 0.0 0.0 0.0 9.062786947428229e-08 0.0 0.0 3.2910622242886725e-07 0.0 0.0 0.0 8.305022985463826e-07 0.0 0.0 0.0 0.0 0.0 0.0 0.0 0.0 2.368989583988851e-06 4.331367477777897e-07 2.2016078984367453e-07 0.0 0.0 1.5535486891894822e-07 0.0 0.0 9.786805549201803e-08 3.140802003466555e-07 0.0 0.0 0.0 0.0 0.0 0.0 0.0 2.3869719840126745e-07 0.0 0.0 0.0 9.482282482991846e-06 9.414564169133148e-07 3.055174262180852e-06
0.0014224457796046183 0.0 0.0009408128719242451 0.0017147803617349017 0.00047503527195836117 0.00024532523626951785 0.0010361355292061094 9.634698589675366e-05 0.0002931703055226937 0.0018668198245197305 0.0010411533502694096 0.00010821451692386735 0.0007108310452130829 0.0018506485196843935 1.0781090475631623e-05 7.447242803451428e-06 4.335430526080083e-07 1.9369001234723745e-07 7.003919080045284e-08 2.320061516255897e-07 9.578797810292068e-07 1.5053666303361613e-07 4.580846501177712e-07 4.5559775537072195e-07 4.134157101080948e-07 5.8108908571088775e-08 0.0 6.407814823816571e-07 0.0 0.0 0.0019133737207183722 1.9078985663895317e-05 4.9612000288603334e-05 1.367375577751815e-07 3.0946412849885197e-07 1.0867893764104772e-06 1.7211187083716708e-05 7.859330337727765e-06 1.0102603880520099e-05 2.5990435948305077e-06 9.953608729509158e-07 5.57188359334123e-07 1.6583487574004932e-07 1.204425264856764e-06 2.2716770618145214e-07 6.330591752705281e-07 0.0001750520334697591 2.042797979899387e-05 2.8225798695095344e-06 9.882581901662083e-07 2.7128181405144665e-06 3.6757724413797947e-07 1.8666052809448046e-06 1.7565516309554995e-07 9.524394577400974e-06 1.6453110421403497e-05 0.00011693731789267331 0.0005186456816457203 3.554878911078969e-05 7.997757773452848e-05 1.0892847965917e-06 9.725595864539014e-06 1.3722350195818127e-07 9.526978158473716e-05 2.3075260867999825e-05 2.1109710906123514e-05 7.309204037373214e-06 5.154985955680969e-06 3.6675584248442795e-06 1.0291970412584793e-06 1.9287002289958035e-05 2.7625473820284666e-06 0.0 0.0005914396242507713 0.0001296854835759871 0.00022119332069141367 7.149191545688185e-05 1.5150064506110235e-05 3.1268281323724635e-06 4.7043162034370144e-05 3.6674266256386846e-06 1.1341883913861425e-05 5.2714172442412506e-05 5.790897267096148e-08 1.7863998576986885e-05 3.099534707518533e-05 4.212206287876656e-06 4.446895458189625e-07 3.76594141210847e-06 2.2851204249678702e-07 1.13399501706528e-06 2.029206145642114e-07 3.959105218186384e-06 6.07553246535502e-07 8.849067278920166e-07 1.8211658431353747e-05 7.302838949332063e-06 7.681455256193577e-07 1.0503388135957273e-05 0.0006725757666664722 1.0493349236881092e-06 6.8087093812320495e-06 1.6748175812238037e-06 3.7522198816231302e-06 9.339531388907271e-07 5.344892350291404e-06 7.838448800373242e-06 1.2112033467437195e-06 2.750707022539488e-05 3.044574777409903e-05 1.871862290704464e-06 7.957915898656966e-06 1.716095192001143e-05 1.6693463560182665e-05 1.5012013847830437e-05 3.125477090346829e-07 0.0 0.0 0.0 0.0 0.0 0.0 0.0 0.0 0.0 0.0 0.0 2.2219016983694295e-06 0.0 0.0 5.772212208801186e-07 5.306368573284663e-07 0.0 0.0 1.0990771369952288e-06 4.7199896560055276e-07 0.0 4.2762048579759934e-07 5.764523736311321e-07 7.629806328420514e-06 3.0055954734333807e-06 1.267581763576602e-05 1.0972318607478942e-05 7.419130824227493e-06 3.589303058325245e-07 0.0 0.0 0.0 5.046938053203663e-07 2.4030561170960606e-07 0.0 9.262199746503076e-08 2.297049132329172e-07 8.437796383295351e-08 0.0 0.0 2.5662072340163904e-06 0.0 0.0 1.3833137990310006e-07 2.091845159411452e-07 3.5540100981058806e-07 4.744399554477982e-07 1.3687469038554943e-06 0.0 3.3700322303189095e-07 1.2045560345549686e-07 1.55523904015629e-06 0.0 5.08099154217399e-07 0.0 0.0 0.0 0.0 0.0 0.0 1.3185189912211864e-05 3.5301889331732298e-06 1.0196908983445871e-07 0.0 8.40492393407352e-08 8.178248054179459e-07 0.0 4.949336411964669e-07 5.39056636219448e-08 2.4649611755695914e-07 3.0323763441207216e-07 6.782987239250317e-07 1.73360491290557e-07 0.0 0.0 1.6831586612309175e-07 0.0 1.9736599369514392e-07 0.0 7.599761785747781e-08 0.0 3.34642229025229e-05 3.760979976703056e-06 9.046391841898973e-06
0.0006654069202409287 0.0009408128719242451 0.0 8.444589665163315e-05 0.00026495540293348225 8.990738597829123e-06 4.786767334560144e-05 0.0009464450040012828 0.0003222069070649316 6.279590634388537e-05 0.0019380733963054834 5.387958816415649e-05 0.00015086995102602647 0.0018248700058846924 5.9541310785020014e-06 5.37389262744614e-06 3.8346446862945695e-07 1.9312152393114408e-07 0.0 6.955797400409186e-07 3.5549077005575294e-06 0.0 2.5698523746618224e-06 2.9368038062992284e-06 3.699198353383186e-07 6.295653944711094e-07 1.9233505819351908e-07 6.745457187296062e-07 4.484992518295293e-07 0.0 0.003062256432220012 0.0005990691063149707 6.13613848027349e-05 1.577775897401826e-06 2.42886814898524e-06 6.130064414494447e-07 9.421373130676913e-06 3.695209585430446e-06 2.22502506240977e-06 1.4881961888789122e-06 3.552533216887706e-06 5.369150660756748e-07 2.8339746882504194e-07 1.48672847862387e-06 0.0 7.070255472221535e-07 7.189997187427981e-05 7.667431039405638e-06 1.3609004548477929e-06 8.44011711554958e-07 3.6381345137457376e-06 5.708340234721444e-07 9.395944442820693e-08 3.0803259568999963e-07 3.124646116500508e-06 4.688063129303838e-06 3.492469245401167e-05 0.000231270264873749 1.1346554933579353e-05 3.0481374717645668e-05 2.1810034599524846e-06 2.907586965308783e-06 1.2973353630088766e-06 0.00014754273185665678 7.808135934685124e-06 7.4522309225754205e-06 3.1590717529153114e-06 4.257120584539545e-06 1.1616102439480872e-05 2.1341181073942025e-06 7.770051106240235e-06 1.1521262671630463e-06 2.311824065906213e-07 0.00021118444101844803 7.138849986464458e-05 9.556161785886271e-05 4.177565566221352e-05 6.884394412821267e-06 5.227191252290516e-06 0.0003425347417551171 3.415184070508653e-06 7.792324860351116e-06 1.627477022234257e-05 6.492255019980049e-08 6.095768991287367e-06 9.559284363049076e-06 3.791698624120334e-06 1.8030956600770667e-07 8.513846149875836e-07 0.0 5.112565866050054e-07 1.5563014806534095e-07 1.0152665007392246e-05 3.02853565828506e-06 1.0957268806558462e-06 4.883363569454957e-06 1.2416504880200678e-06 0.0 2.1422033687270558e-06 8.687289152566542e-05 3.2333753080144714e-07 0.0 0.0 4.3518681975662496e-07 9.851973923506822e-08 2.2720856371259038e-07 9.819202199062107e-07 5.482361693049516e-07 7.465369891000394e-07 2.6612029750189044e-06 5.115085877545646e-07 5.903432552997455e-07 1.715384780148128e-06 2.6707823019959955e-06 3.156369045594703e-06 1.998211963092822e-07 1.6852847887638343e-07 0.0 2.7049188137812305e-07 0.0 0.0 0.0 1.810200540999175e-07 0.0 0.0 0.0 0.0 4.418336144092284e-07 0.0 7.956039234677015e-08 0.0 1.9698611659788303e-07 0.0 0.0 4.5295809842164663e-07 4.245445848304106e-07 0.0 3.3777460787747226e-07 0.0 2.797567166635457e-06 4.88417226698731e-07 5.507961902401887e-06 4.932121796293013e-06 2.711461105086348e-06 6.80017021843811e-07 0.0 0.0 9.198857773957744e-08 0.0 3.6979578248022357e-07 0.0 0.0 0.0 0.0 0.0 6.894540875942581e-08 1.1958453613946883e-06 2.1631909676024166e-07 4.631829154027305e-08 0.0 0.0 1.831862155580601e-07 2.2548904707965694e-07 0.0 0.0 1.9343985318117136e-07 0.0 8.268627172408587e-07 0.0 1.1789715516235993e-07 0.0 0.0 1.082089174331708e-07 0.0 0.0 0.0 4.5721365180656285e-06 1.81314966230491e-06 3.757604533604489e-07 0.0 0.0 4.050663495226188e-07 0.0 0.0 0.0 6.72970116100046e-08 0.0 0.0 6.789026385251657e-08 0.0 0.0 0.0 0.0 0.0 0.0 0.0 0.0 4.921617732388405e-06 2.821923814533754e-06 3.0461225160045734e-06
0.0007774257061520622 0.0017147803617349017 8.444589665163315e-05 0.0 4.672962541949054e-05 0.00024375902019306705 0.00044403975688704693 5.275385520544997e-07 5.59828980124712e-06 0.0021594767932498803 4.472459662607855e-06 0.00010984372378285059 0.00030454011392857107 3.1632263004954164e-05 8.395307222065897e-08 1.737124047411317e-07 0.0 0.0 0.0 0.0 0.0 0.0 0.0 0.0 0.0 0.0 0.0 0.0 1.0391888779346552e-07 0.0 7.384027163149197e-05 5.502058117145222e-07 1.0815772698677547e-06 8.784895078225753e-08 0.0 0.0 3.3939195842294084e-07 0.0 5.654312911150473e-07 1.317420317628828e-07 0.0 9.721994441785792e-08 0.0 0.0 0.0 0.0 8.077075257704522e-06 1.4220559095131808e-06 0.0 7.588710997769804e-08 8.178358294943803e-08 0.0 0.0 0.0 4.172216709377223e-07 1.16507817687763e-06 1.2278033103314049e-05 4.649902702183553e-05 2.851520955554226e-06 6.7137180643288615e-06 0.0 3.942019524664534e-07 0.0 3.6212060065252398e-06 1.5119720833109076e-06 1.6166890786228677e-06 1.4743773449031054e-07 2.9342335715376966e-07 1.440107325486497e-07 0.0 1.2980103748329036e-06 2.761959533308528e-07 0.0 4.722978740562197e-05 6.008682504808276e-06 9.04359423069168e-06 1.1398693083264352e-06 1.207291964357311e-07 1.1116542893249798e-07 4.387359991834587e-07 0.0 5.920915257958485e-07 3.5556834427235787e-06 6.428556337036189e-08 7.639858316152813e-07 1.4164958795566348e-06 2.0802110581109598e-07 0.0 2.8072765009187925e-07 8.221361653377996e-08 1.9990870443746912e-07 0.0 0.0 0.0 0.0 5.383656976378458e-06 1.0383897353438664e-06 1.0311028486449382e-07 9.75735379131958e-07 0.0002084053686320997 4.950381445439533e-07 2.304464796490381e-06 2.2274921639033792e-05 2.8202424130468663e-05 2.0450368529603088e-07 5.712218875433893e-05 1.8201813291133347e-05 3.87341836091685e-06 5.051465469439906e-05 4.30953399556324e-05 2.799456863622481e-07 5.119477600255907e-06 1.858710922558587e-05 6.377317281197329e-06 6.011966644513573e-06 1.4059929008084654e-07 0.0 0.0 0.0 0.0 0.0 0.0 0.0 0.0 0.0 0.0 9.945079232954874e-08 0.0 0.0 0.0 0.0 0.0 0.0 0.0 5.552334027083543e-07 0.0 0.0 0.0 0.0 2.8856176949647616e-06 0.0 1.4666638247766764e-06 8.842129790334841e-07 5.092462591763457e-07 0.0 2.2033425905651036e-07 7.093628128085865e-08 0.0 0.0 0.0 0.0 0.0 0.0 0.0 7.17577502697584e-08 0.0 6.378831797866755e-07 0.0 7.8444601107207e-08 0.0 0.0 1.4544918809908958e-07 1.6361936470602356e-07 0.0 0.0 2.3512535311712961e-07 0.0 8.859828858795003e-07 0.0 7.376790518636885e-08 0.0 0.0 0.0 0.0 0.0 0.0 2.875272425618996e-06 4.104279683629562e-07 0.0 1.0753129010388169e-07 0.0 1.0364680846734039e-07 0.0 0.0 6.710057213957142e-07 3.897036061799722e-07 1.7791653451014102e-07 0.0 0.0 6.620846614440676e-08 0.0 0.0 0.0 7.279546589479282e-08 0.0 0.0 0.0 1.0880995653568971e-05 3.2369676766675595e-07 1.3681918491196193e-06
5.606983367890005e-05 0.00047503527195836117 0.00026495540293348225 4.672962541949054e-05 0.0 5.6478993249638755e-06 0.0013998323235534286 1.65918965848051e-05 0.0037374055384809227 0.0005830774101848345 0.00025245452757981045 3.260530385717559e-05 0.0006628341351391707 0.0030864325807500935 4.731579343800707e-06 3.4078524364101226e-06 1.3848055274152165e-07 0.0 7.808228684953647e-08 0.0 1.4650246319798163e-07 0.0 0.0 1.9346473943549577e-07 6.902027898878209e-08 0.0 0.0 6.831865022503379e-08 0.0 0.0 9.74817260935278e-05 1.0521117360636622e-05 3.2094309360892566e-06 1.3988751093071905e-07 0.0 0.0 4.5049170534041946e-06 1.4366256038358087e-06 5.047837058011324e-06 4.498761150134971e-07 9.77294559727414e-08 1.4988362701869636e-07 7.26385188843472e-08 6.988746088826957e-07 5.222087199504551e-08 2.0118271148577527e-07 6.939092756510041e-05 4.02628333004015e-06 9.213092132681236e-07 1.6599196743802001e-07 1.129123866675556e-06 0.0 0.0 0.0 8.999550708074338e-07 2.4303205390573313e-06 1.1498992832430126e-05 3.382251037837593e-05 6.471928111646178e-06 1.768997842187978e-05 0.0 1.4527908899260857e-06 6.215146689375269e-08 2.9588599453638734e-05 4.382095480583239e-06 3.311697325398453e-06 2.09556459153614e-06 1.1182789245266175e-06 1.0445724280648614e-06 0.0 1.0652322618375939e-05 5.148721664760699e-07 0.0 8.831277702013381e-05 3.6539201419960026e-05 6.311381976474788e-05 4.272622454954444e-05 1.0029566530472694e-05 1.3740957623690946e-06 1.3369945864989813e-06 1.461270396940427e-06 2.0986443712419836e-06 7.774540910397835e-06 0.0 3.178360731375312e-06 6.8438582493710854e-06 1.1428634942313478e-06 1.5012193293751043e-07 6.516229075107537e-07 0.0 2.1995669695965175e-07 0.0 2.0126537814677479e-07 0.0 1.5467489319982795e-07 4.6177981758800206e-06 5.033401911957268e-06 0.0 4.333896960741482e-06 1.3975110565341028e-05 0.0 1.5928733339075047e-06 4.2753075727239194e-07 1.9338360312331992e-07 0.0 1.758945831083076e-06 5.0486823169683e-07 9.850463274446242e-07 1.0539073332927488e-06 4.512877165592705e-06 1.0261109509505776e-06 1.051564135517785e-06 3.60744935036072e-06 6.396443374893449e-06 5.978137927613554e-06 1.2460112364701386e-07 9.027965668540823e-08 0.0 0.0 0.0 0.0 0.0 0.0 0.0 0.0 0.0 0.0 7.79638523193408e-07 0.0 0.0 0.0 7.244067538842966e-08 0.0 0.0 7.262271010275398e-07 0.0 0.0 2.60642712166642e-07 6.466859020374703e-08 4.097817343311896e-06 1.2624694201954465e-06 7.356159268441235e-06 5.448986488067245e-06 4.428685353390657e-06 0.0 0.0 0.0 0.0 0.0 0.0 0.0 1.5256287826551738e-07 0.0 0.0 0.0 0.0 1.625953059138911e-06 0.0 0.0 0.0 0.0 2.0621942892350098e-07 1.0708863531542352e-07 3.6172502328931373e-07 0.0 6.252516026878519e-07 7.353622150428246e-07 8.797076654861768e-07 0.0 0.0 0.0 0.0 0.0 0.0 0.0 0.0 6.022635596547795e-06 1.6626914032152065e-06 0.0 0.0 1.245050845197483e-07 1.1201721552281979e-07 0.0 0.0 0.0 3.803911108237678e-07 0.0 2.058979833267783e-07 1.1683720217769217e-07 0.0 0.0 5.597808982341454e-08 0.0 7.339036534912948e-08 0.0 0.0 0.0 1.234768152649852e-05 2.3426287189273783e-06 4.443047782833518e-06
0.00010102555678984076 0.00024532523626951785 8.990738597829123e-06 0.00024375902019306705 5.6478993249638755e-06 0.0 2.9629261378372793e-05 4.1463849777250057e-07 1.1948214689932096e-06 0.0003354206412826925 7.214483302836757e-06 7.651219708179963e-05 6.145694512559033e-05 1.428818591082557e-05 9.860364464387917e-07 1.9676642918110234e-06 3.1655196411751776e-07 0.0 0.0 0.0 0.0 2.0800208424300694e-05 0.0 0.0 2.6313436490730654e-07 0.0 0.0 6.381024592959334e-07 2.760234635412641e-07 0.0 2.9786336899165252e-05 1.0173116010320996e-06 2.3360159425378985e-05 0.0 0.0 5.729637348037608e-07 9.994439671532195e-06 1.5935161249326632e-06 1.200739187102055e-05 4.2403327024636765e-07 0.0 4.3626687317747793e-07 0.0 1.313103064474777e-07 0.0 1.6874010107661835e-07 3.880837892686905e-06 3.493615466096739e-07 0.0 0.0 4.3401164541780063e-07 5.2908085006433034e-05 8.058087524236768e-06 3.6178998631863114e-06 3.6874659758636926e-07 7.854281666874502e-07 8.259294509837343e-05 1.1868499626620946e-05 2.2881985518969836e-06 1.8004637717351102e-06 0.0 2.7311655871642236e-06 0.0 2.442567553409042e-06 3.3830648478479987e-07 5.140388108504892e-07 5.696265671204988e-07 1.6216524951343948e-07 7.353931002645377e-08 0.0 0.0002118189245171932 0.00022520130111073732 3.0670850616784647e-05 1.109126806944676e-05 2.597152545571613e-06 2.788973172834394e-06 1.922342031976282e-06 1.1910079231983217e-06 0.0 1.7529676096596304e-06 1.1185463126379846e-07 6.900196377406102e-07 3.5221476791076395e-07 1.2951506036388483e-06 2.806187560344953e-07 3.684926092093012e-06 1.4280978713563564e-07 6.3907310724465e-06 5.2065478427778496e-06 2.3680286484685045e-05 5.191414111962979e-06 1.914858015758724e-05 0.0 5.435808147940719e-07 1.030308076730389e-05 0.0003225214268927585 0.0004374566398987418 5.294687841977269e-05 7.162948146760147e-05 0.00017754367911516997 2.4156403702443535e-07 6.13280064480165e-06 1.442129055405119e-06 7.609100920303326e-07 1.0521679054303937e-07 6.609570954224103e-06 1.040493414050767e-05 3.5035199949813007e-06 5.806940175364679e-06 3.424201766145362e-05 5.185486152759806e-07 4.303063926705769e-06 1.3408591875130771e-05 1.5544551097892976e-05 9.274918447751661e-06 0.0 9.960765586642217e-08 0.0 0.0 0.0 0.0 0.0 0.0 1.9996646258452498e-07 0.0 1.0728299518092797e-07 0.0 1.1718358689533502e-06 5.930223006450884e-07 7.87555963691811e-07 1.1789942007861893e-07 3.6497459380591167e-07 7.872993603659709e-07 3.6734532672989094e-07 5.649638725001706e-07 1.0125171795499393e-07 0.0 7.469066545969682e-07 0.0 3.6474647166290568e-06 6.602139018281221e-07 2.770320980867258e-06 8.576567357289264e-07 1.482020563587029e-06 0.0 0.0 0.0 0.0 0.0 6.685242579957626e-08 0.0 0.0 9.334744958628423e-08 0.0 8.43987264928114e-08 8.69819720017957e-08 3.1886682261472052e-06 1.0046419488545445e-07 6.592870168473465e-08 6.887459534567833e-08 0.0 5.972443271479768e-07 0.0 1.1245916245538576e-06 1.0021681260689018e-07 2.9137921736346525e-07 0.0 0.0 0.0 0.0 0.0 8.659028617652135e-08 7.7765065015567e-08 7.60963058794344e-08 2.3067312876174004e-07 2.8323995419430537e-07 7.538458599554312e-06 1.7860010794022298e-06 2.589783493053119e-07 8.469580893626208e-08 1.5910149673345784e-07 0.0 0.0 0.0 0.0 1.8279558149979537e-07 0.0 0.0 0.0 8.60107569892786e-08 0.0 4.747940392112501e-07 9.111193828436e-08 5.118466779815835e-07 4.056900918786021e-07 0.0 8.720593159600141e-08 3.241326639339676e-05 1.73888422680372e-06 2.076306587336329e-06
5.525663960328918e-05 0.0010361355292061094 4.786767334560144e-05 0.00044403975688704693 0.0013998323235534286 2.9629261378372793e-05 0.0 1.2161078364781797e-06 0.0009805648369543172 0.0020047044503474095 0.00010433123786325627 0.00023102398058985868 0.0021004052032085143 0.00304584376650563 7.66576752797475e-06 5.923627631518754e-06 1.793667041852126e-07 2.2336403809260764e-07 7.968982090291464e-08 1.4533407804302931e-07 9.327281308293012e-08 3.4906441964698464e-07 2.4231728584523053e-07 0.0 0.0 0.0 0.0 1.202109646750054e-07 1.2515219391104208e-07 0.0 6.0477421799225624e-05 5.711875557535292e-06 6.799306795631824e-06 0.0 2.606305083303868e-07 2.2828703113557153e-07 1.0647729290294113e-05 1.3879524977817742e-06 9.786783974065846e-06 5.6762723594375e-07 7.849663296721012e-08 9.517796937552586e-08 9.632330469474197e-08 4.397446938298925e-07 6.224369962612604e-08 4.6256592884119037e-07 8.418617636695851e-05 5.1432902453192895e-06 1.4872770669403507e-06 6.10163988239168e-08 3.594027551213523e-07 2.7915486330415446e-07 7.259995576346344e-07 1.4190502821639725e-07 1.2827655406934385e-06 3.3869283497933945e-06 1.4237491483873415e-05 3.698864290477781e-05 7.09569058197791e-06 2.0232902984542667e-05 3.896265044237859e-07 5.374986270364547e-06 4.527600712838703e-08 3.026693618029874e-05 4.932326278720373e-06 4.889375030054851e-06 1.7868855987626632e-06 1.1082546221957611e-06 1.3010051339230118e-06 9.195942876816608e-08 2.892360908827629e-05 2.3477213636584767e-06 0.0 9.270024749480615e-05 3.618610989573105e-05 6.406476660093654e-05 4.004951578530467e-05 9.099831105283627e-06 9.317718019371596e-07 1.136122252014255e-06 1.3641166081109877e-06 3.988417207919324e-06 1.023441069333991e-05 7.468004316938945e-08 4.1289362242482405e-06 5.7738394036632696e-06 1.2802022342383996e-06 6.00411770799342e-08 1.2089898390754262e-06 0.0 1.3209312717245006e-07 1.428310895912604e-07 6.807263969550593e-07 1.4947471224812043e-07 2.0637590291703748e-07 1.8352858308221646e-05 9.42197225945891e-06 7.247826520746162e-07 1.5060221260390089e-05 3.717369299059965e-05 1.5664479493396284e-06 9.569072638289633e-07 4.086789822200942e-06 2.0155981058255344e-06 1.891757159305808e-06 1.846789003824666e-05 5.453047238063743e-06 2.5982614085046838e-06 8.64074262424623e-06 2.6001916079819197e-05 2.7514023134331445e-06 4.667111958295384e-06 1.2150468951664168e-05 1.6738521453649352e-05 1.6257969029014393e-05 0.0 1.4042499726209834e-07 0.0 2.4384426790143815e-07 0.0 0.0 0.0 0.0 3.534012167467397e-07 0.0 1.6581695674655092e-07 0.0 5.191125777549895e-06 0.0 0.0 2.1067160319474734e-07 2.5004629866665925e-07 3.8560214890476583e-07 1.960331433433435e-07 1.656846622644276e-06 6.141166789140043e-07 0.0 7.44848864095157e-07 1.9404587131532471e-07 1.1623362770454036e-05 1.3285128980419528e-06 1.7308774540013335e-05 1.3918584983487379e-05 1.356038187159131e-05 0.0 0.0 0.0 1.267877416952497e-07 5.08577051548039e-07 4.4911964411281507e-07 0.0 0.0 4.807265059873216e-07 0.0 0.0 0.0 3.0996033492281764e-06 1.8302857293451284e-07 5.272911475163162e-08 7.035504923274311e-08 2.3477876528046106e-07 4.073672373262881e-07 1.6598765463678982e-07 1.8011935199628794e-07 0.0 3.425737372691049e-07 3.800252127673976e-07 3.1707941636902843e-06 2.7649550102713566e-07 0.0 0.0 0.0 0.0 0.0 0.0 0.0 1.7995248982798957e-05 4.188185003402019e-06 0.0 0.0 8.241964043977283e-08 1.0132359426556076e-07 0.0 0.0 7.190939281293611e-07 9.100096239608546e-07 4.223499533192438e-07 5.444458235982299e-07 8.746850606470569e-08 0.0 5.7923608370620104e-08 1.0293540216583541e-07 0.0 2.1485791413854485e-07 0.0 0.0 0.0 3.2983378270301115e-05 8.110699998583517e-06 1.296909143610294e-05
4.35182067828756e-05 9.634698589675366e-05 0.0009464450040012828 5.275385520544997e-07 1.65918965848051e-05 4.1463849777250057e-07 1.2161078364781797e-06 0.0 1.3642666123461889e-05 1.6736223787925571e-06 0.0016779477231234346 1.5934502025137563e-05 3.209255836915801e-05 0.00035803923591690276 2.3329114451943457e-05 2.3262779718108843e-05 8.728835395767964e-07 3.244779539791847e-06 3.2988654451157853e-07 1.294195314270926e-05 4.295501478163283e-05 1.5022763774794596e-06 3.771371255568835e-05 3.640403567511423e-05 3.949562602886345e-06 5.622791231273942e-06 1.938940256531213e-06 3.064094448442443e-06 9.908116300450128e-07 1.6953166426705221e-07 0.001228262851728915 0.0014258733114921643 7.826942751984417e-05 1.0394343820578457e-05 3.457862310508946e-05 9.403885578683796e-06 2.549334000769441e-05 3.489826121516393e-05 7.614266381813906e-06 4.69484088286141e-06 4.145226574896308e-05 4.960954686675874e-06 6.812614992812166e-06 1.5954917874562607e-05 1.175913475046527e-06 1.1476425688190145e-05 0.00016887739627124526 8.469978027493295e-06 6.922331888151607e-06 1.1007892806857751e-05 1.396852446154031e-05 3.4888031033614603e-07 1.0261599499374574e-06 1.3357065781501645e-06 1.4609835149674986e-06 2.885034431726389e-06 1.778074119021164e-05 9.669638524019685e-05 6.191754100021899e-06 2.468216346606394e-05 5.581839717240768e-05 3.9637012947747035e-05 2.2765061259421248e-05 0.000407042705260844 5.389794259476178e-06 1.2020570979103935e-05 2.5880861191764374e-06 1.7537258824764913e-05 0.00010160165849099508 3.128769739348076e-05 9.599392031611097e-06 1.4244862036133758e-06 2.71195519072509e-07 0.00010866460533443457 0.00011004254518279614 0.00013837459759384314 0.00025950463468532174 0.0005078962801310039 0.0010377030967864726 0.0012805683340058745 0.00017492822373679052 0.0005309042246604794 1.0444608767654298e-05 0.0 5.493802113402892e-06 5.56250104974569e-06 1.9151657700201355e-05 0.0 6.939465183869229e-07 7.056264800679813e-08 8.113021749215336e-07 1.0777147918648444e-06 0.00011490873034741506 2.2130226946294182e-05 4.834723173911414e-06 2.376106017653352e-06 5.812432001847835e-07 0.0 2.3151761475343747e-06 1.543733364616094e-05 0.0 0.0 0.0 0.0 7.707204404658365e-07 0.0 0.0 0.0 1.4476473263159474e-07 2.3743708135537504e-07 1.2933064720924337e-07 1.7410316122730233e-07 5.374302983527063e-07 1.621405352146737e-06 1.368867233792269e-06 6.399296067528582e-08 7.337947483041012e-08 0.0 0.0 0.0 0.0 0.0 0.0 0.0 0.0 2.4752252139997986e-06 1.1792623179000875e-07 8.034021358804818e-07 4.516916596438864e-07 5.887388821123012e-08 8.302177204440468e-07 4.0594650599767816e-07 1.34564929897646e-07 0.0 8.047754987393222e-08 1.0618060979705982e-07 0.0 0.0 3.698525222496986e-07 9.443606795213513e-07 6.05098422334891e-07 1.8183475505158343e-06 3.00017441027983e-06 1.7502026143594485e-06 1.0332727497191151e-06 8.386681730903592e-07 0.0 0.0 0.0 0.0 2.133004864881044e-07 0.0 0.0 0.0 0.0 8.040188664564003e-07 1.0598807076841021e-06 1.764873556560247e-06 0.0 1.1640714633373097e-07 1.416440786998985e-07 0.0 2.922907265122419e-07 0.0 0.0 0.0 0.0 0.0 0.0 0.0 0.0 0.0 7.801047175292261e-08 2.2066129738257028e-07 2.167580119326654e-07 8.894096874845882e-08 1.637416562717452e-06 1.3462462518806727e-06 3.0326960479022375e-07 0.0 4.1385850401917333e-07 8.232540434166675e-08 0.0 0.0 7.634829033427918e-08 1.6020876810375194e-07 0.0 0.0 7.956341409008368e-08 0.0 0.0 7.365443677722847e-08 0.0 0.0 3.317949395787755e-07 2.0802315369606717e-07 0.0 2.1800048043943336e-06 8.265264856920475e-07 2.3954529323373623e-06
1.8839794646970742e-06 0.0002931703055226937 0.0003222069070649316 5.59828980124712e-06 0.0037374055384809227 1.1948214689932096e-06 0.0009805648369543172 1.3642666123461889e-05 0.0 0.00011267714969357773 0.0003065441090854333 2.924575980852294e-05 0.00044557608743797997 0.0011626076769077807 1.1900028846943503e-06 1.2680816155697106e-06 0.0 0.0 0.0 0.0 0.0 0.0 0.0 0.0 4.245780076487184e-07 0.0 0.0 0.0 0.0 0.0 1.1007898928253049e-05 1.501213013208141e-06 2.2788691336652424e-06 0.0 0.0 0.0 2.7754678722904754e-06 9.298698677244504e-07 2.31028160784972e-06 4.041777566518627e-07 0.0 5.732470218481796e-08 0.0 6.628507039810282e-07 0.0 1.1784509547783281e-07 1.3518667684571045e-05 6.26445847955471e-07 0.0 6.453755339011149e-08 2.0886047153387485e-07 0.0 0.0 0.0 2.1647923802605005e-07 4.3559492205109823e-07 1.158709082105013e-06 2.4986439806654096e-06 1.055437415000937e-06 3.194621694874042e-06 6.252934062528084e-08 1.1379308683381522e-06 1.731904111047523e-07 4.332515623374043e-06 7.605708999521606e-07 4.061564364668499e-07 7.538175540670993e-08 4.7395024938914476e-07 2.7700052726873985e-07 0.0 6.090075453699449e-06 6.667856704340345e-07 0.0 1.0055570640616405e-05 5.988602564167561e-06 1.1232802580735793e-05 1.0200166823411017e-05 2.9247618086057394e-06 1.6286929901078146e-07 1.8353660978962086e-07 4.375934017974106e-07 4.954675938132898e-07 1.259327975779368e-06 0.0 7.611352035598348e-07 9.214636783310225e-07 4.2218629503359354e-07 0.0 6.955228945382522e-08 0.0 0.0 0.0 5.256454215212052e-07 0.0 0.0 3.2075044105621786e-06 2.739002408886597e-07 0.0 1.636996384579534e-06 1.4917389853599256e-06 0.0 0.0 0.0 0.0 6.348552371691666e-07 1.1793406161108083e-06 4.2206657167144315e-07 3.130814557500277e-07 2.860564304289141e-07 2.0110774887899914e-06 2.7695874596340263e-07 8.428472162684704e-07 3.3501036829136368e-06 2.6770936887057e-06 2.740565707511616e-06 8.083999101143248e-07 0.0 0.0 0.0 0.0 0.0 0.0 0.0 0.0 0.0 0.0 0.0 2.1126350873029452e-07 0.0 2.9489120653143265e-07 0.0 1.7487421774349966e-07 0.0 0.0 4.652597657035267e-07 0.0 0.0 0.0 9.211800073081711e-08 1.93581550126467e-06 5.822629801216051e-07 3.652724063648738e-06 2.2567362495548087e-06 1.5767400460199037e-06 0.0 0.0 0.0 0.0 0.0 0.0 1.126402511358918e-07 0.0 1.3620724460610645e-07 0.0 0.0 0.0 1.01293443611283e-07 0.0 0.0 0.0 0.0 0.0 0.0 0.0 0.0 0.0 0.0 2.7496047768347306e-07 0.0 0.0 0.0 0.0 0.0 5.545811068257747e-08 0.0 0.0 1.956717161315001e-06 1.2523132797046622e-06 0.0 0.0 0.0 0.0 0.0 0.0 0.0 4.059086089959005e-07 0.0 0.0 0.0 0.0 0.0 0.0 0.0 0.0 0.0 0.0 0.0 5.026275778663679e-06 1.35507391603484e-06 1.9056899947918074e-06
0.0005072333702887794 0.0018668198245197305 6.279590634388537e-05 0.0021594767932498803 0.0005830774101848345 0.0003354206412826925 0.0020047044503474095 1.6736223787925571e-06 0.00011267714969357773 0.0 0.00015806232794482951 0.0019886408395311233 0.0034738592739550454 0.0006928078637581946 3.7451111776114148e-06 2.110432703879374e-06 0.0 7.493906166391806e-08 0.0 1.0232824879110013e-07 8.465676556409294e-08 5.173797960584529e-07 0.0 0.0 2.993026178749226e-07 0.0 0.0 3.6594386666664897e-07 0.0 0.0 6.265680830930578e-05 9.603486783175998e-06 4.763195965961765e-05 1.393116879700819e-07 8.45828580632693e-08 1.0304892622402388e-06 4.0571119282902364e-05 1.16759979273528e-05 2.920385141745451e-05 2.685937641336255e-06 2.864393070098693e-07 4.0350844329036444e-07 0.0 2.8281872428937787e-07 0.0 1.516984148220311e-07 4.34615953568003e-05 2.872922867157831e-06 8.252274143124629e-08 6.778888241663038e-08 2.695818079747881e-07 3.937315510625968e-07 1.3123104884716676e-06 1.0949642494055362e-07 1.5904780207989661e-06 1.4739365487928544e-06 2.5240150995813372e-05 4.223309361474296e-05 4.01148914745736e-06 1.2109361962537875e-05 2.229504042827501e-07 1.7359778673395502e-05 0.0 1.773836567546827e-05 3.6628735485133662e-06 2.2884124223187634e-06 1.2253556620755503e-06 6.079748103347182e-07 1.1455134239947076e-06 8.725279365943305e-08 0.00022280353101881463 7.245762007839336e-06 0.0 6.272393184057314e-05 1.9611191490486807e-05 3.328344538366946e-05 1.451859305939686e-05 2.0429344708762296e-06 3.7201939045075253e-07 4.859808351323327e-06 6.050317659050389e-07 1.8860899520650134e-05 6.951624350633559e-06 0.0 1.5741913474399995e-06 4.7419752871697e-06 7.240498264544852e-07 1.553436945900834e-07 5.304581348454868e-07 9.948098750306496e-08 1.4045266040392455e-07 1.9376147128994324e-07 7.580769266461889e-07 6.671069045643742e-07 0.0 0.00017475255208488198 6.929452724768796e-05 7.39880183183677e-07 3.9225670982722846e-05 0.00026191358826594253 5.286895246222916e-06 1.7970310524102446e-05 1.4777010649938862e-05 2.71467586767983e-05 4.118988355884994e-06 4.6383532881609986e-05 4.152589666845256e-05 1.1510297188078366e-05 6.837762635167625e-05 0.00017384345311863947 7.02762096680817e-06 3.17687787567533e-05 7.761770566276097e-05 8.791691482005313e-05 6.245901044560771e-05 4.003169147309678e-07 6.750018350228075e-07 0.0 2.661590854449287e-07 7.389606494421597e-08 0.0 0.0 5.424135593147967e-07 8.202360063297261e-07 2.922219442887513e-07 4.071627159445948e-07 1.9262771097273846e-07 6.325359417733564e-06 0.0 0.0 0.0 1.1598379842603153e-06 5.9081397946808124e-08 0.0 7.447360868471945e-06 2.2603970887967188e-06 0.0 1.2332266690081918e-06 1.2160469174651896e-06 3.829061561983049e-05 4.080455457999263e-06 4.37908753934661e-05 3.500182191229419e-05 2.68648321625678e-05 1.204767278341676e-07 2.8240603094843375e-07 3.463245387622243e-07 0.0 0.0 0.0 9.583407165299766e-08 2.59503837701914e-07 4.897188634994345e-07 0.0 1.2357140479019595e-07 0.0 7.4619771299180484e-06 2.878139052775781e-07 6.863968958370513e-08 2.282083322517038e-07 0.0 7.505229356460386e-07 2.0565535458990538e-06 4.860621294878053e-06 0.0 0.0 6.374097622044102e-07 8.561980957122382e-06 8.79402040913838e-08 0.0 6.9471698502321e-08 0.0 0.0 0.0 0.0 0.0 7.90564926366719e-05 1.3998685143776497e-05 8.986272845190134e-08 4.4929264030874183e-07 2.3657265130131764e-07 1.472019199793813e-06 7.093806205039887e-08 0.0 1.1757332444743434e-06 3.198064684787231e-06 1.5998512459613961e-06 0.0 7.774861515693929e-07 5.242427037894756e-07 0.0 3.5024920457642135e-07 2.769100808708115e-07 2.425859316250859e-07 1.8522448437378667e-07 0.0 0.0 0.00018832023709825914 1.75158591057338e-05 3.080040451128029e-05
9.051865802811719e-05 0.0010411533502694096 0.0019380733963054834 4.472459662607855e-06 0.00025245452757981045 7.214483302836757e-06 0.00010433123786325627 0.0016779477231234346 0.0003065441090854333 0.00015806232794482951 0.0 0.00041459588815334153 0.0011427695595006612 0.002483308382961831 2.5157755390197486e-05 2.088257062379298e-05 3.984441239247654e-07 6.052480793200314e-07 2.6387737986815035e-07 1.9302801460960656e-06 9.042359177977072e-06 6.764970804268656e-07 9.764216960601127e-06 9.301192377870139e-06 3.883453448033234e-06 2.3329112097988724e-06 3.010901543393873e-07 5.814942553005245e-07 1.7473314573701456e-06 2.9628809780782304e-07 0.0008015562347444206 0.00019944450653629512 0.0005663396215735 2.7050201228733544e-06 4.564924924528823e-06 5.019731534076972e-06 0.00012687635275418117 6.218710336998127e-05 3.292631772858287e-05 1.4276428190729557e-05 1.6186490826173017e-05 2.504461476508041e-06 1.0273076447763149e-06 3.5251072568695187e-06 2.235546639069825e-07 1.3120543414680223e-06 0.00012156988195359509 5.5551497353612884e-06 1.984207112173635e-06 3.389344787280604e-06 6.141706807503112e-06 1.5161663965878272e-06 8.608498224616701e-07 9.651478806094852e-07 1.6394263058311057e-06 2.7091982617544334e-06 1.4500220270170585e-05 5.868164075576817e-05 8.508600770767234e-06 2.169279453162811e-05 2.7957405367146797e-06 1.3991438279872986e-05 2.0297764816066053e-06 4.8891656143393745e-05 4.224447498032646e-06 6.102130272933627e-06 2.1928755722318364e-06 8.245373165879778e-06 3.088133668327048e-05 7.291229038672792e-06 7.599565056345804e-05 4.370172805578755e-06 3.8650521052803613e-07 8.915446622979485e-05 4.9078994968832056e-05 9.401802830140387e-05 7.835128919510289e-05 3.765674352882976e-05 2.82976602642293e-05 0.0007589326516754642 5.965177848618705e-06 2.117611946955029e-05 9.231098990461712e-06 0.0 4.504908288679115e-06 5.837671705536599e-06 6.637711542623683e-06 5.592118310679514e-08 7.813332036561608e-07 0.0 7.300218151845398e-07 1.1821175703914337e-06 4.019529963564941e-05 1.1122079428178222e-05 4.27604516190257e-06 3.8444685657961275e-05 6.6417559540596495e-06 0.0 1.245268930478168e-05 1.8511559443443224e-05 2.2167443671847836e-06 4.5228438322044116e-07 8.675226942582282e-08 0.0 5.042689971816438e-07 3.4991254564292044e-06 9.889286387682882e-07 1.614695963444795e-06 4.292713671205292e-06 1.289327108272338e-05 2.3631072347455267e-06 8.730439796779935e-06 1.0485396754177081e-05 1.88349493845182e-05 1.936641639208708e-05 5.89476565894334e-07 2.1137031594837353e-07 0.0 0.0 0.0 0.0 0.0 3.426754804238039e-07 0.0 9.235541069995625e-08 1.416105768599423e-06 0.0 3.0153341681545107e-06 0.0 4.1882903247905127e-07 5.0776404677936e-07 7.025524934280483e-07 6.511305191679804e-07 7.354417931816528e-08 1.9969378002271812e-06 9.154753176510077e-07 0.0 3.5053076093544334e-07 2.632408827503353e-07 1.6366519754031e-05 3.7510656814105466e-06 2.1254876573452184e-05 2.2648982748541257e-05 1.682780946099177e-05 3.879319853432732e-07 1.1520057480195072e-07 0.0 0.0 0.0 1.8198203693534955e-07 2.3888287701526347e-07 1.0822009176203561e-07 4.427598093418071e-07 7.431250903100415e-08 1.2917792952645575e-07 8.119383214503448e-07 6.285406094588988e-06 2.4082634322557394e-06 8.084638620004378e-08 7.657596728490012e-08 8.077285711274743e-08 2.739060283896654e-07 6.084359461720609e-07 2.1265544724140114e-07 7.815749097318152e-08 1.1857394441698425e-06 6.594883551034868e-07 3.7326619067942704e-06 0.0 1.5305396442056447e-07 0.0 6.016018256936368e-08 8.171995382780435e-08 7.741522727448758e-08 0.0 9.579300265547652e-08 2.4711021988398364e-05 7.093432655239398e-06 3.8401019658486453e-07 0.0 3.479106980162151e-07 7.265777401149123e-07 0.0 6.441043426946443e-07 1.1698923203824486e-06 1.0213282547228588e-06 4.0850165430226085e-07 6.124169844720153e-07 6.945281121538514e-08 6.013128401866893e-08 0.0 0.0 6.494330729475359e-08 1.312006666928488e-07 2.254521962799842e-07 1.5206828065553316e-07 0.0 3.099882806505103e-05 1.5349904422759315e-05 2.2435640848031537e-05
