0.0 0.002570095912983337 0.00036205061487987666 0.0006539570377166452 2.601886501823576e-05 7.68905881874429e-05 0.0004667017196140155 4.958083513862328e-05 4.563043548371726e-07 0.0002502915027743007 6.227732994857923e-06 1.801379554950331e-05 3.689968959166405e-05 7.742352468310055e-06 2.766905039401833e-07 0.0 0.0 0.0 0.0 0.0 1.8269917128568394e-07 1.6356509898126236e-06 0.0 0.0 2.466442564246129e-07 0.0 0.0 0.0 0.0 0.0 0.001108172397516602 2.5985076494498188e-05 6.917428848892503e-07 0.0 0.0 1.120419310040189e-07 2.3133664106770394e-06 2.02299061502497e-06 6.874739876352985e-06 2.181839408944281e-07 1.6997129504750165e-07 0.0 1.361242668479412e-07 0.0 0.0 0.0 1.0476153720464222e-05 2.7031136483276437e-06 4.941737252958779e-07 1.1823434107743913e-07 1.5539537482818284e-06 2.9735327607538474e-07 8.081783033890367e-07 0.0 4.2981342272621645e-06 1.4483610099965311e-05 0.00015835617788677892 0.0009058840195358362 1.9915740457688337e-05 7.3697529660070905e-06 1.2211258577116657e-07 0.0 1.3827225687750192e-07 0.00011991206681380935 2.7758100988589708e-06 4.4578592457686396e-07 1.3685253192486992e-06 4.973514505516394e-07 0.0 0.0 6.252193929692068e-06 9.765328539344219e-05 3.228560298875982e-05 5.958538474951858e-05 1.3383414024048773e-06 2.052371444112262e-06 1.5842943273517793e-07 0.0 6.446559642743484e-07 0.0 6.561737728068753e-07 2.717177330591454e-07 6.439567238137902e-06 1.0266780866703848e-06 2.164265350573295e-06 9.458796994560864e-06 4.799836126969429e-07 1.2112391622503888e-06 4.811874197498255e-06 1.536022240738022e-05 3.2027881187179527e-06 1.1659084927244042e-06 0.0 6.473006544347991e-07 1.801942931992067e-07 4.409251095751623e-05 1.5189244547107929e-05 2.3323173207436477e-06 6.539349136836404e-06 0.0003646688014018176 0.0 0.0 0.0 0.0 0.0 0.0 0.0 0.0 7.098286426111799e-07 0.0 0.0 0.0 0.0 0.0 0.0 0.0 0.0 0.0 0.0 0.0 0.0 0.0 2.835392128493903e-06 0.0 0.0 4.784446843819152e-06 0.0 0.0 0.0 0.0 1.9632109108440405e-06 0.0 4.185433055941072e-06 0.0 0.0 0.0 0.0 0.0 0.0 0.0 0.0 0.0 0.0 0.0 0.0 0.0 0.0 0.0 0.0 0.0 0.0 0.0 0.0 0.0 0.0 0.0 5.59015542015659e-06 1.0175025993630877e-06 0.0 0.0 1.010597838893805e-07 0.0 0.0 0.0 0.0 0.0 0.0 0.0 0.0 0.0 0.0 0.0 0.0 0.0 0.0 0.0 0.0 2.4274333531137366e-06 0.0 2.6039985354126684e-06 0.0 0.0 0.0 0.0 0.0 0.0 0.0 0.0 0.0 0.0 0.0 0.0 0.0 1.685887488175283e-07 3.3471055531914286e-07 0.0 0.0 0.0 1.950125121032507e-06 0.0
0.002570095912983337 0.0 0.0009619902959074799 0.001422712320026345 0.0006502471422761288 0.0006177029698339236 0.0018180419611933628 0.00048325708381891634 0.0005503841207420246 0.0011756351763393992 0.00032752897921623983 0.00010198913629760217 0.0005255362532459404 0.0008763819425065294 1.702412593308826e-05 1.9181093817097924e-06 1.7190253342411378e-06 0.0 0.0 0.0 0.0 0.0 0.0 1.4639063684106855e-07 1.1977368293405357e-07 0.0 0.0 2.416571116384207e-07 0.0 0.0 0.0011812626796757514 7.258173475381254e-05 3.380892079256336e-05 0.0 1.1216248337909085e-07 1.8329847308526713e-07 2.946359848541063e-05 8.957625261837907e-07 6.117317174405959e-07 1.094465490077688e-07 0.0 0.0 0.0 2.2789808279359883e-07 0.0 0.0 0.00018083993967895677 5.577726794616665e-06 1.0606557723337917e-06 8.55301217129548e-08 2.3117915092464786e-06 3.6915153262274756e-07 4.4735348897927125e-07 0.0 6.91415945247249e-06 2.7994282922175556e-05 0.00014577636368546366 0.0003136420918504116 4.3910682683134766e-05 2.9282965663041235e-05 0.0 4.912654607365648e-07 1.2565225162823185e-07 0.00018826938132830804 6.2334200421047136e-06 9.734984645271548e-07 2.557562075693652e-06 4.918836970713018e-07 2.1207754080103713e-07 0.0 3.888085072530996e-05 4.325561155727136e-06 1.79625652673524e-06 0.00012685742940472412 2.688122570707823e-05 3.652181786768103e-05 9.98498362441858e-06 8.801468290147397e-07 2.689621370481373e-07 3.9766616383884725e-06 4.2229873010406087e-07 9.839055637227747e-08 9.807781854876998e-06 9.028651696373708e-07 2.7914027594271274e-06 2.4229298135306876e-05 1.2373237063769917e-06 1.052295337141434e-07 1.0468870702843527e-05 1.7935043074246885e-06 8.129397403454147e-06 2.4806708627415864e-06 1.4694830100588376e-07 1.044659475166839e-06 8.506724361434349e-07 3.44609442920202e-05 1.9738615910368057e-06 1.26757666632324e-07 3.668654205369482e-06 0.00034231635584690143 0.0 0.0 0.0 0.0 0.0 6.510325837795993e-07 0.0 0.0 3.2498453076937707e-06 0.0 0.0 0.0 4.196118553667437e-06 0.0 0.0 0.0 0.0 0.0 0.0 0.0 0.0 0.0 0.0 0.0 0.0 0.0 0.0 2.5115000211862676e-06 0.0 0.0 0.0 0.0 0.0 1.7245480570698983e-06 5.716533695733151e-06 3.1215239536114155e-06 0.0 0.0 0.0 0.0 0.0 1.0738681175434316e-05 2.2329807629789644e-05 9.446863701796582e-06 0.0 0.0 0.0 0.0 0.0 0.0 0.0 0.0 2.8182300192411076e-06 0.0 0.0 0.0 0.0 0.0 0.0 0.0 1.0245071767653783e-07 0.0 9.148015472884909e-07 0.0 0.0 0.0 0.0 0.0 0.0 9.010804375391685e-08 0.0 0.0 0.0 0.0 0.0 0.0 3.7763143631101823e-06 0.0 0.0 0.0 1.7134965583641505e-07 0.0 0.0 0.0 0.0 9.47609802377171e-07 0.0 0.0 0.0 0.0 9.468158025305112e-08 0.0 0.0 5.403038390769125e-07 1.7951467595394477e-07 0.0 0.0 1.3368157674508572e-06 2.420359190669441e-07 5.14235207963869e-06
0.00036205061487987666 0.0009619902959074799 0.0 4.390553922629878e-05 0.0004158678030169761 9.417001378569248e-05 0.00017306337640758874 0.0016796200785165066 4.4218955032895265e-05 0.00015777773818470835 0.00046149429877503874 0.00013294013428221904 0.00040094371110517394 0.0005059187106229682 1.0632881162768684e-05 4.394808052447166e-06 1.0706099184288834e-06 2.1708590460614886e-07 0.0 5.057260095231915e-07 0.0 6.805824980156875e-07 8.69354227352407e-07 3.951280973725228e-07 2.6849680021134168e-06 3.5064082757025096e-07 1.3757190419017595e-07 7.821334375771832e-07 2.925227451576363e-06 7.872874914163228e-07 0.003555209239292609 0.0002940029755799341 0.00019094966585522544 8.514472513289812e-07 9.018390028748624e-07 1.2708571116406484e-05 0.00014266710766813802 1.4582129796370616e-05 2.574565245740331e-05 8.772396666771561e-06 3.4994554576988257e-06 1.7415131004165308e-06 1.753611009412463e-07 1.2294412952438627e-06 2.4103321411946123e-07 0.0 0.00011069041430005903 3.0953863994564067e-06 1.9701676474877612e-06 2.7550853371734086e-07 1.864841164951615e-06 5.031580913573229e-07 7.725313712843082e-06 5.185587385637048e-07 3.733067676380657e-06 1.770584452822577e-05 7.607615620979538e-05 0.00023493294530535895 2.7445892756776815e-05 2.2377303206197606e-05 2.043037610397373e-06 1.821935202305733e-05 2.9137391662446186e-06 0.00024978541280649356 6.31009394562294e-06 1.1534636256721583e-06 2.178259406107438e-06 0.0 3.6967848131970444e-07 3.4107060814832564e-07 0.00022050642716439897 1.4765173432790548e-05 3.2275044655071402e-06 8.392015879260997e-05 2.9411810464057116e-05 3.927838885300502e-05 1.9708527650028784e-05 4.916185060249863e-06 8.915946898226199e-06 0.0002379920360685328 1.5167081752916988e-06 7.026441952957099e-05 7.434635081354002e-06 7.943157223968746e-07 2.5489258599555956e-06 1.5108774848749846e-05 9.812406883973716e-07 6.305616999431932e-07 6.827785526665521e-06 1.8705412104107817e-06 6.015315666278085e-06 1.6724580586451678e-06 3.260201956483307e-07 1.5716349606139747e-06 1.9328044736088854e-06 5.949506900116768e-05 1.2716157278352874e-05 1.8332851904930659e-06 4.03124578783102e-05 8.464174340535502e-05 0.0 0.0 1.3043959413026196e-06 0.0 7.829800038955461e-06 0.0 4.989821133961621e-07 5.485151908597217e-07 6.378888981459133e-07 2.7449615223022806e-06 3.24958977901328e-06 0.0 5.614486306166725e-06 1.6330321043136888e-06 0.0 0.0 5.524682815781411e-07 1.4474805299330374e-06 0.0 0.0 0.0 0.0 0.0 0.0 0.0 1.8439350952953566e-06 0.0 1.4675516307779354e-05 0.0 0.0 0.0 1.7955941014809446e-06 7.532966157773048e-07 0.0 1.3710983416516534e-05 4.075363626593246e-07 0.0 0.0 0.0 5.983198084002088e-06 3.946845706856649e-06 2.2408027520177485e-05 4.2478015171153303e-05 2.709108517255579e-05 0.0 0.0 1.062183766809365e-06 0.0 0.0 0.0 0.0 4.134891604008275e-07 3.7069703758301055e-06 0.0 0.0 1.506545340770848e-07 2.6983172796134795e-05 6.581218204817364e-07 0.0 5.062918277942949e-07 0.0 2.731530725416919e-07 0.0 0.0 0.0 2.7914997582743226e-07 0.0 0.0 0.0 0.0 0.0 0.0 0.0 0.0 0.0 0.0 4.694325393313792e-06 0.0 0.0 6.789936645691686e-07 6.503308887496226e-07 0.0 0.0 1.7872482986572329e-06 6.161066622652133e-07 1.1531585470390399e-06 1.8303671793588548e-06 0.0 0.0 0.0 1.315716325415108e-07 1.1517314950632928e-07 0.0 4.69752176962862e-07 3.8428670447297294e-07 0.0 0.0 1.9203914809414435e-06 1.2026603887727452e-05 2.9038178366754477e-05
0.0006539570377166452 0.001422712320026345 4.390553922629878e-05 0.0 2.420980955447717e-05 0.0004063991393203557 0.0006475668871223366 6.8876231391749006e-06 0.0 0.002630758295834946 8.656308856655584e-07 1.0109143549533101e-05 2.6943753686917085e-05 6.98399353655812e-06 0.0 0.0 0.0 1.4274646835801574e-07 0.0 0.0 1.4556452082117562e-07 0.0 0.0 1.2829801733030943e-07 0.0 0.0 0.0 1.3041402458714892e-07 0.0 0.0 0.0004701472739028775 4.783658621882163e-06 1.1669041357822902e-07 0.0 1.1062184920501765e-07 1.038846064285178e-07 0.0 1.0763564539664367e-07 8.918681316905948e-08 0.0 1.1793425662598393e-07 0.0 0.0 0.0 0.0 0.0 6.150977673672288e-05 4.374220193036913e-06 1.0438181014634007e-06 7.15953710438701e-08 1.69205556933035e-06 1.689361654381019e-07 0.0 0.0 5.049564661591237e-06 1.8485104006019028e-05 9.770695532916681e-05 0.000383662912390443 2.962473341392707e-05 1.8535564529697546e-05 9.419233387576198e-08 0.0 1.864344523183449e-07 7.199495372617283e-05 6.586031407842374e-06 8.512418854097208e-07 8.165005610224031e-07 6.323039898347904e-07 1.164751134896003e-07 0.0 0.0 4.5663108604087415e-06 1.7526500421501322e-06 9.809844715369907e-05 6.314201922673175e-06 1.1703621530223113e-05 6.703023877698374e-07 1.0268054174589664e-07 0.0 0.0 0.0 2.0503426891277178e-07 1.1006010698655445e-05 1.2623479081974522e-06 1.720693449279368e-06 1.8263320710876e-05 1.6346217048131505e-06 0.0 9.106242853474032e-06 1.0581294084273711e-06 6.516929271521554e-06 1.9726313631787946e-06 0.0 1.0000188114509787e-06 5.235358532989107e-07 1.5640403327376003e-05 0.0 0.0 0.0 6.43650776076337e-05 0.0 0.0 0.0 0.0 0.0 0.0 0.0 0.0 1.100781704163657e-06 0.0 0.0 0.0 0.0 0.0 0.0 0.0 0.0 0.0 0.0 0.0 0.0 0.0 0.0 0.0 0.0 0.0 0.0 0.0 0.0 0.0 0.0 0.0 0.0 0.0 0.0 0.0 0.0 0.0 0.0 0.0 0.0 0.0 0.0 0.0 0.0 0.0 0.0 0.0 0.0 0.0 0.0 0.0 0.0 0.0 0.0 0.0 0.0 0.0 0.0 0.0 0.0 0.0 0.0 0.0 0.0 0.0 0.0 0.0 0.0 0.0 0.0 0.0 0.0 0.0 0.0 0.0 0.0 0.0 0.0 0.0 0.0 0.0 0.0 0.0 0.0 0.0 0.0 0.0 0.0 0.0 0.0 0.0 0.0 0.0 1.081289521520129e-07 0.0 0.0 0.0 0.0 0.0
2.601886501823576e-05 0.0006502471422761288 0.0004158678030169761 2.420980955447717e-05 0.0 1.0750460957559563e-05 0.0006120527384854119 0.0006459553293988723 0.002363646582599727 0.00039594492885019 0.0008511440157740099 6.887121941779255e-05 0.0006365113213518081 0.001118601867135972 1.9456232622959074e-05 1.1254792748307992e-06 1.3729896007286103e-06 0.0 0.0 0.0 0.0 0.0 0.0 0.0 0.0 1.7072944350659602e-07 0.0 0.0 2.2163204397515754e-07 1.7356457123527532e-07 4.107904873053637e-05 9.562320135627403e-06 9.03477609719867e-06 0.0 0.0 0.0 8.179872496969818e-06 0.0 1.4234271503377239e-07 1.6509137092272632e-07 0.0 1.5787843859595624e-07 0.0 2.2521243033847163e-07 0.0 0.0 6.137853391976808e-05 2.2933062920292816e-07 2.0817436188413446e-06 0.0 2.8912985154625127e-07 1.0410243278934016e-07 0.0 0.0 8.782075440860022e-07 3.0440023982281615e-06 1.3660771113671714e-05 1.6567082572765448e-05 6.933664891791885e-06 4.784911736265493e-06 0.0 0.0 0.0 4.4916364221251705e-05 1.4451980972001064e-06 5.371012429632189e-07 5.49281651838212e-07 1.2413355350082944e-07 1.0056578511885596e-07 1.0989824314096607e-07 7.832059318362051e-06 3.6007336098886065e-07 0.0 1.441045411802071e-05 6.0218780459961164e-06 2.1486202761102698e-05 1.28209607308321e-05 1.9793436016968504e-07 0.0 1.5812446749249465e-06 0.0 5.351443575044463e-07 7.224488312861538e-07 5.640995722586108e-07 2.64910363301061e-07 3.304090199624551e-06 2.18319092288018e-07 1.1634229660496814e-07 8.499079344849627e-07 0.0 1.1000884800661842e-06 3.317367827709688e-07 0.0 1.025775065255398e-07 0.0 1.7265413842135018e-05 1.1533466417607784e-06 0.0 5.168697463453665e-07 3.5481756424682307e-07 1.023286512056561e-06 0.0 0.0 0.0 0.0 0.0 0.0 0.0 4.010489223463427e-06 0.0 0.0 0.0 0.0 0.0 0.0 0.0 0.0 0.0 0.0 0.0 0.0 0.0 0.0 0.0 0.0 0.0 0.0 1.8414254481405794e-06 0.0 0.0 0.0 0.0 0.0 0.0 1.0111479325795717e-06 0.0 0.0 0.0 0.0 1.5261908339526446e-06 0.0 4.861265261779395e-06 3.7637418984683302e-06 0.0 0.0 0.0 0.0 0.0 0.0 0.0 0.0 0.0 0.0 0.0 0.0 0.0 3.115608174511957e-06 0.0 0.0 0.0 0.0 0.0 3.233951237006571e-07 0.0 0.0 0.0 0.0 0.0 0.0 0.0 0.0 0.0 1.2095176786698778e-07 0.0 0.0 0.0 0.0 1.5674692211421002e-06 0.0 0.0 0.0 0.0 0.0 0.0 0.0 0.0 0.0 0.0 0.0 0.0 0.0 0.0 0.0 0.0 0.0 0.0 0.0 1.5377170050297595e-06 0.0 1.6843947697975672e-06
7.68905881874429e-05 0.0006177029698339236 9.417001378569248e-05 0.0004063991393203557 1.0750460957559563e-05 0.0 0.00015129385698070812 2.9413051514031648e-05 2.112288700895995e-06 0.001153381864648508 7.077128271175763e-06 0.0001232890457691407 0.00015232210849306594 2.7816310385320205e-05 4.8253391699272515e-06 6.672022882719339e-06 2.0066735313146265e-07 0.0 0.0 1.0868684976772395e-07 0.0 3.6417414775150517e-06 0.0 0.0 9.263309033028266e-08 1.4703261012938662e-07 0.0 0.0 1.758841460057245e-06 0.0 0.0001813714590443017 1.4643856205883755e-05 4.788902579328772e-06 2.1314512008494963e-07 0.0 0.0 1.4331137000085198e-05 4.48185229498246e-06 5.048256554514394e-05 4.458927517067707e-06 0.0 0.0 0.0 1.3728248177463215e-06 0.0 0.0 6.749280421814535e-06 4.2758573422834443e-07 0.0 0.0 9.674671605844156e-07 1.1556696432568764e-05 2.2895558950511188e-05 2.0447390338759116e-07 1.2086412373068812e-06 4.237013047533853e-06 3.5312694687674874e-05 0.0002356661784758133 6.0506296415439734e-06 1.917354218087151e-06 1.5299208790152148e-06 1.1711579712846991e-05 4.313099346809882e-07 2.644822779735781e-05 1.316323639582936e-06 0.0 1.1420138514006862e-07 0.0 9.182770975245379e-08 0.0 4.4859374372000745e-05 0.0007150031666254657 0.0002946514371189733 2.2442514854158963e-05 1.902623166412577e-06 2.30821529164916e-06 2.875500759944885e-06 7.225803475157953e-07 1.6063095805765905e-07 3.221483691867307e-06 3.031886646913766e-07 8.828074955539934e-06 3.3033912309675363e-06 6.858482197558084e-06 9.746399893823041e-07 3.289000700774578e-06 3.2584736694766903e-07 1.7088709314663906e-05 4.825204693873753e-06 6.52556271169521e-05 2.2540613788674765e-06 4.503639491694695e-06 0.0 1.441360181148624e-07 8.416910799310389e-07 7.018495051014011e-05 9.86498391265973e-05 8.40398855852641e-06 7.780242584215864e-05 0.0001445484721706665 0.0 0.0 0.0 0.0 0.0 0.0 0.0 0.0 0.0 0.0 0.0 0.0 0.0 0.0 0.0 0.0 0.0 0.0 0.0 0.0 0.0 0.0 2.0813932524019523e-05 0.0 0.0 3.2296604428923494e-05 0.0 0.0 1.5249908963483597e-06 0.0 3.1416132702962085e-06 7.478651872563499e-06 4.21103814362045e-05 1.962795501650072e-06 0.0 0.0 0.0 0.0 0.0 0.0 0.0 0.0 0.0 0.0 0.0 0.0 5.532239621277658e-07 0.0 0.0 0.0 0.0 0.0 0.0 0.0 0.0 9.943463982403404e-06 2.9697607679003194e-05 2.56935359873145e-05 0.0 0.0 0.0 0.0 0.0 0.0 0.0 0.0 0.0 0.0 0.0 0.0 0.0 0.0 2.5600532051898745e-07 0.0 0.0 0.0 0.0 3.4783464441763486e-06 0.0 1.453638214185712e-06 5.517001030680604e-06 0.0 0.0 0.0 0.0 0.0 0.0 0.0 0.0 6.249549347919534e-07 0.0 0.0 1.660474590613357e-06 1.5630035056066863e-06 2.232607858523091e-06 9.371161846120704e-07 0.0 7.660510387173496e-07 3.0298501880496613e-06 0.0
0.0004667017196140155 0.0018180419611933628 0.00017306337640758874 0.0006475668871223366 0.0006120527384854119 0.00015129385698070812 0.0 7.310719292516258e-05 0.0031644261053215 0.0022657844553699374 0.00037804218514142913 0.0002486596417430556 0.00216664681724493 0.0025778355174011025 4.497073567691813e-05 1.1340570494721108e-05 5.2683690065787215e-06 4.380456933767935e-07 3.480874250475804e-07 0.0 1.8321426401214811e-07 1.0285655538377924e-07 2.2571741797616162e-07 1.8535189048944277e-07 1.3641599709234047e-07 0.0 1.8985994401231214e-07 0.0 1.1266174313230236e-07 6.034244757023471e-07 0.00017658693246032654 3.04155400692093e-05 1.825880371535007e-05 5.811878943532763e-07 0.0 0.0 1.739169617773095e-05 0.0 1.3319109808056818e-06 1.001268574146448e-06 0.0 0.0 1.0997224707492684e-07 1.3108226110124183e-07 0.0 0.0 0.00019611215782701797 3.3514571445889356e-06 2.783041673907275e-06 0.0 1.7669062296901027e-06 1.0196145462418471e-07 3.104792527911198e-07 2.321006824944102e-07 4.928654564709145e-06 1.5960312087061617e-05 8.126805307279253e-05 0.00012836453649505046 2.8361703337199566e-05 2.492128915348574e-05 1.3950341853909704e-07 3.4853511716542156e-07 0.0 0.00014726616556947562 5.591934957972361e-06 6.402219563730999e-07 1.0543600268888629e-06 2.0163565742194678e-07 3.0919223800271056e-07 0.0 2.417528580215595e-05 3.7238103395217945e-06 0.0 8.503234261371223e-05 2.5745077559559867e-05 6.084624734306674e-05 3.340523328479749e-05 3.3311652759019295e-06 0.0 3.682183493520265e-06 1.1366092130375276e-07 4.283713215052244e-07 6.903628999491049e-06 4.793661100650212e-07 2.354690679305047e-06 1.4345347639687901e-05 1.3570525083763325e-06 4.5952355931459436e-07 7.69154103458506e-06 1.719618808105859e-07 3.964545069995942e-06 1.7815403325426752e-06 0.0 6.557564793306769e-07 4.845037139535407e-07 0.00026828698253357437 4.6849412009056715e-06 0.0 7.821356636982251e-07 2.7458394936023975e-05 4.4010372977369266e-07 0.0 0.0 0.0 0.0 5.031290684084589e-07 0.0 0.0 3.886489112162131e-06 6.047223959826019e-06 0.0 9.583364174763065e-06 2.4868230608982105e-06 2.051593285576387e-06 0.0 5.493188955936202e-07 0.0 0.0 0.0 0.0 0.0 0.0 0.0 0.0 0.0 0.0 0.0 2.4656688746274015e-06 0.0 0.0 0.0 2.78075688165279e-06 2.161237167291341e-06 0.0 1.637775639755126e-05 8.866169539412807e-07 0.0 0.0 0.0 6.0469530233864065e-06 0.0 1.397400643771317e-05 1.041259156149462e-05 8.759581196422271e-06 0.0 0.0 0.0 0.0 0.0 0.0 0.0 0.0 2.3563724345456164e-06 0.0 0.0 0.0 3.5818095466750127e-06 0.0 0.0 0.0 0.0 0.0 2.753463670525905e-06 0.0 0.0 0.0 0.0 0.0 0.0 0.0 0.0 0.0 0.0 0.0 0.0 0.0 6.525703715202505e-06 0.0 0.0 0.0 0.0 0.0 0.0 0.0 5.530906616662781e-07 0.0 0.0 0.0 0.0 0.0 0.0 0.0 0.0 2.600862089277799e-07 2.066277547021422e-07 0.0 0.0 1.2803325099787364e-05 7.14034003702587e-06 3.605673747669428e-05
4.958083513862328e-05 0.00048325708381891634 0.0016796200785165066 6.8876231391749006e-06 0.0006459553293988723 2.9413051514031648e-05 7.310719292516258e-05 0.0 0.00036802445704404166 0.0001043443218010934 0.00022283780624599248 0.0001339297597597398 0.00048009026342968537 0.001345126467830827 2.363216402734132e-05 1.0097320912493416e-05 2.240277279063954e-06 2.7202644685621225e-07 0.0 1.837922659187515e-06 8.644698843356757e-07 2.7695425426097073e-06 1.395603096886443e-06 2.2308040418141592e-06 9.088205761926339e-06 5.71931516310593e-07 2.0901370623228586e-07 2.4846569534116315e-06 7.366476082483348e-06 1.3160267150561062e-06 0.0005176508800628325 0.00038119717192976595 0.0005750584497466736 2.692052186271166e-06 2.3298055058305527e-06 4.7930157439914116e-05 0.00035316589383986726 6.380979981122516e-05 9.161649324525662e-05 2.5461882746811977e-05 8.40130884239406e-06 5.1305247068808345e-06 9.353339204233377e-07 0.00012235564545578676 0.0 7.543453439013835e-07 0.0001161200043701972 3.427868874413674e-06 3.300332023729041e-06 6.997829754274122e-07 1.3618641981392854e-06 2.6046991382259535e-06 2.186979929301491e-05 1.8836309438749469e-06 2.274379110578721e-06 7.941287957633677e-06 3.268028187658368e-05 5.87537066786585e-05 1.1377417917208489e-05 2.0581640953730153e-05 1.6797142277453418e-05 0.00016177333413313716 1.1466881853265907e-05 0.00027960571278820475 2.9249604504518513e-06 3.002711704841484e-07 1.3457384024254336e-06 4.0260760560967226e-07 8.836546621746596e-08 7.97692197740261e-07 0.0005665688550114674 3.6668374054557316e-05 4.4735232339229884e-06 5.175143235283009e-05 2.8004449829580775e-05 7.024807645777343e-05 0.00014851745328292148 0.0004916563929042622 0.00025787702612410364 0.0011265837197463684 1.7020376836765093e-05 0.0011103641438728728 2.967768282847447e-06 1.0108227438192887e-06 8.902082708090362e-07 8.617735944403565e-06 5.662057995904236e-07 1.2087492833839657e-06 4.177522593181556e-06 4.911074978554449e-06 3.967759388679617e-06 2.0493386585126483e-06 1.3795706481807729e-06 3.383452757109422e-06 3.2649467625646198e-06 0.00010309601775684621 3.914435040321057e-05 4.014736604048569e-06 0.00011052175845078402 2.396785255848806e-05 1.045794046520307e-06 0.0 0.0 0.0 9.612816873376127e-07 0.0 5.968192827575361e-07 0.0 6.8016717553205196e-06 7.231675365489006e-06 5.2703874230235934e-06 1.1251193135595906e-05 8.253108744334903e-06 8.404471701830281e-07 1.3391255639637868e-06 2.5780348604873526e-06 1.572341007835652e-06 0.0 0.0 0.0 0.0 0.0 1.1594590865648633e-06 0.0 0.0 2.204212208891037e-06 0.0 3.020101338672314e-05 0.0 0.0 0.0 4.788585127798177e-06 3.2426356103294134e-07 1.8470445445016354e-06 8.278897231038002e-06 8.991578293419213e-06 1.9103583617433236e-07 0.0 0.0 4.502787304212264e-06 4.7173227744571305e-06 1.847961499600087e-05 6.069725951498496e-05 4.1379723154092846e-05 0.0 5.53737120546808e-07 0.0 0.0 0.0 0.0 0.0 0.0 3.708529260861709e-06 0.0 0.0 3.5637132336375807e-06 2.0973010900219763e-05 5.358204129560412e-06 9.921293717783798e-08 0.0 9.110947305900504e-08 1.9022448092107805e-06 3.0945624261822364e-06 0.0 0.0 1.2702252667861951e-06 0.0 0.0 7.022909967634505e-07 1.0439384620752369e-07 0.0 0.0 0.0 0.0 0.0 0.0 3.97792579166416e-06 0.0 0.0 4.649994669012201e-07 1.8203568382981362e-06 0.0 0.0 2.361813374523068e-06 1.6126442372833267e-06 5.340739517971884e-07 2.0311767707861007e-06 3.2745658232489546e-06 6.713280709554902e-07 0.0 0.0 9.04492072254965e-08 0.0 3.4689579996269135e-07 2.4656676740227944e-07 1.0177211761017893e-07 0.0 1.069260969117825e-05 1.7605396185582552e-05 5.139332092150686e-05
4.563043548371726e-07 0.0005503841207420246 4.4218955032895265e-05 0.0 0.002363646582599727 2.112288700895995e-06 0.0031644261053215 0.00036802445704404166 0.0 8.988478320651796e-05 0.0007669801287100893 7.978808610816818e-05 0.0004994446675983306 0.0007921060062329393 5.28566323236346e-06 3.606292792744769e-06 4.020927213215078e-07 0.0 0.0 0.0 0.0 0.0 0.0 1.8881198294117669e-07 2.0555919992698664e-07 2.1955074586400064e-07 0.0 0.0 0.0 0.0 9.048379047444601e-06 7.309241493318289e-06 2.920514933421441e-05 0.0 0.0 0.0 1.6937025995839264e-05 1.864323379202317e-06 0.0 4.953086635007535e-07 0.0 0.0 0.0 1.808793882029873e-07 0.0 0.0 1.4527035585068405e-05 0.0 6.981587324825235e-07 0.0 1.9859725232577102e-07 0.0 0.0 0.0 0.0 5.254119480726811e-07 1.4564330883099335e-06 1.8631591095598943e-06 5.21648619582399e-07 4.229290058349942e-07 0.0 1.7997282500441021e-06 0.0 5.372850555285267e-06 1.1048022788660194e-07 0.0 0.0 0.0 0.0 0.0 4.937690481730897e-06 0.0 0.0 1.7130908874075487e-06 1.4850160489357204e-06 3.846097229736784e-06 2.3219486492329785e-06 3.7771794654296695e-07 0.0 1.470041324551149e-05 0.0 0.0 0.0 0.0 0.0 2.86230149632294e-07 0.0 0.0 3.589970689840165e-07 0.0 2.789510756642317e-07 0.0 0.0 0.0 0.0 2.400247616109242e-05 7.486964325259242e-07 0.0 3.9402939408168427e-07 5.673477079720446e-07 0.0 0.0 0.0 1.2923868270224018e-06 0.0 0.0 0.0 0.0 0.0 0.0 0.0 3.97493131702405e-06 0.0 0.0 0.0 0.0 0.0 0.0 0.0 0.0 0.0 0.0 0.0 0.0 0.0 0.0 0.0 0.0 0.0 0.0 0.0 0.0 0.0 0.0 6.86468028549079e-07 1.0069264600413433e-05 0.0 0.0 0.0 0.0 0.0 1.6160486183462902e-06 0.0 0.0 0.0 0.0 0.0 0.0 0.0 0.0 0.0 0.0 0.0 0.0 0.0 0.0 0.0 0.0 0.0 0.0 0.0 0.0 0.0 0.0 0.0 0.0 0.0 0.0 0.0 0.0 0.0 0.0 0.0 0.0 0.0 0.0 1.0967903941985864e-06 0.0 0.0 0.0 0.0 0.0 0.0 0.0 0.0 0.0 0.0 0.0 1.4151525166870953e-06 0.0 0.0 0.0 0.0 0.0 0.0 0.0 0.0 1.2648285490784287e-06 1.4316102712372085e-06 0.0
0.0002502915027743007 0.0011756351763393992 0.00015777773818470835 0.002630758295834946 0.00039594492885019 0.001153381864648508 0.0022657844553699374 0.0001043443218010934 8.988478320651796e-05 0.0 0.00012246321807777915 0.0006731706039447056 0.0036938606522158596 0.0017824343937621052 2.8443882871605974e-05 1.3508886243348695e-05 2.5546960740840073e-06 0.0 0.0 0.0 0.0 0.0 0.0 2.3709771559354486e-07 0.0 0.0 3.966665054255542e-07 0.0 6.667852499242145e-07 0.0 0.00014960401391722982 4.887528555088127e-05 1.7571093094383034e-05 1.687341387004043e-07 0.0 1.2086628315147401e-07 0.00016648025983011217 0.0 7.701345284361234e-07 8.075773257455232e-07 3.525396337811674e-07 3.993679158161463e-07 0.0 3.0259421033289356e-06 0.0 0.0 8.35901611356372e-05 1.864146815287323e-06 2.548790133272299e-06 0.0 6.2555692961437e-07 1.6349241571236915e-07 1.1369007932063504e-06 2.4552142431618953e-07 1.6345597319378543e-06 5.864166558140768e-06 3.590400966521182e-05 0.00011823864854661737 1.0685457847948384e-05 9.158053027650048e-06 2.1237958457251036e-07 7.009559077655754e-07 0.0 5.5231139665653236e-05 1.395101327536102e-06 2.348149743719298e-07 6.510562873830526e-07 1.895624525333064e-07 0.0 0.0 0.00025284935537963417 2.625348353534137e-06 1.2959630446197194e-07 3.1299969921758435e-05 8.570086086134863e-06 2.14219629275328e-05 2.1199483731944523e-05 5.166989094810976e-06 1.1366757715554194e-06 5.629642955499362e-06 0.0 2.7695636949283705e-06 2.595470199001056e-06 4.022344677029034e-07 5.457492396339797e-07 5.387400707528212e-06 1.9964176999619372e-07 0.0 2.7404437972423e-06 3.401817271875971e-07 2.053537181160315e-06 6.202925618894447e-07 0.0 7.922293717413306e-08 5.931301499644506e-07 0.0020837632021071455 5.29498017090352e-05 3.435619460828479e-07 1.9941778836900298e-05 3.174107301312929e-05 0.0 0.0 2.578418453659239e-06 0.0 1.695880627239994e-05 2.1474749735193756e-05 6.945988564479096e-07 3.2716224076547635e-06 1.653586635273557e-05 1.9415648101857052e-05 0.0 5.8100317533149035e-05 2.691968065575887e-05 1.81890596099097e-05 0.0 3.419453186396806e-06 0.0 1.276049499784381e-06 0.0 0.0 0.0 0.0 0.0 0.0 0.0 3.564344284758989e-07 0.0 5.337738139855285e-06 0.0 0.0 0.0 5.666841471458928e-06 0.0 0.0 3.146752191514783e-05 1.3388253194317173e-05 0.0 0.0 0.0 1.4376816820438415e-05 0.0 1.6795737153186814e-05 6.0550289336295145e-05 2.5504749150369816e-05 0.0 0.0 0.0 0.0 0.0 0.0 0.0 0.0 3.4789492143892403e-06 0.0 0.0 0.0 7.812054235762973e-06 0.0 0.0 0.0 0.0 0.0 6.715620621233386e-06 0.0 0.0 0.0 0.0 1.8945820837081076e-06 0.0 0.0 0.0 0.0 0.0 0.0 0.0 0.0 3.760589604352651e-05 0.0 0.0 0.0 0.0 9.363405940360489e-07 0.0 0.0 3.366754714887301e-06 2.1651977617885537e-06 1.0001067057132382e-06 0.0 2.54298480979667e-06 7.495722735866173e-07 1.1407883175731855e-07 0.0 0.0 0.0 0.0 0.0 0.0 6.75785925532241e-05 1.642243369638269e-05 9.564993316802177e-05
6.227732994857923e-06 0.00032752897921623983 0.00046149429877503874 8.656308856655584e-07 0.0008511440157740099 7.077128271175763e-06 0.00037804218514142913 0.00022283780624599248 0.0007669801287100893 0.00012246321807777915 0.0 0.00031097155397343066 0.0008850199908174424 0.003173329449281404 2.5233404171690966e-06 3.518892312480054e-06 0.0 0.0 0.0 0.0 1.3456779970061526e-07 0.0 0.0 0.0 1.8101347239248224e-07 0.0 0.0 0.0 3.65161256511644e-07 0.0 6.71034654778747e-05 3.7536954308814915e-05 0.0007254679216974046 0.0 0.0 0.0 0.00019811884159682186 5.9394226810188235e-06 2.171188587013472e-06 4.61709076575651e-07 0.0 4.947395018793214e-07 0.0 0.0 0.0 0.0 8.098226581285966e-06 0.0 0.0 0.0 0.0 0.0 2.449986860728887e-07 1.5891272611462481e-07 0.0 1.8264506070305594e-07 1.2647650921224381e-06 1.427474021615989e-06 4.1046379520468714e-07 6.733059086321587e-07 0.0 4.3682342369306775e-06 1.1979204217949998e-07 5.549360343021644e-06 0.0 0.0 0.0 0.0 0.0 0.0 0.00019517751167794615 3.59621099903488e-07 0.0 1.745201858020677e-06 1.209691416161526e-06 2.211751897434104e-06 3.7634003681453427e-06 5.355099082571024e-07 1.2842307197265712e-07 5.812481555332548e-05 0.0 1.4978719062899792e-06 1.1884635761331012e-07 0.0 0.0 1.0397592741642591e-07 1.1064389363960443e-07 0.0 1.0962187896802805e-07 1.5016255298930225e-07 0.0 2.3414532047739834e-07 0.0 0.0 1.9226829015338624e-07 2.2884753942601255e-05 2.861646358071607e-06 0.0 6.584109260710646e-06 1.3790624422557338e-06 0.0 0.0 0.0 0.0 0.0 0.0 0.0 0.0 2.0717024789374485e-06 2.647964676115313e-06 0.0 0.0 0.0 0.0 1.5667143076454187e-06 1.0537422491183854e-06 0.0 0.0 0.0 0.0 0.0 0.0 0.0 0.0 0.0 0.0 0.0 1.6984695910041175e-06 0.0 0.0 0.0 0.0 0.0 0.0 4.041114846077121e-06 2.6531384815677423e-06 0.0 0.0 0.0 5.180854602276867e-06 0.0 6.187629732777545e-06 5.435441608553636e-06 2.319084656968543e-06 0.0 0.0 0.0 0.0 0.0 0.0 0.0 0.0 0.0 0.0 0.0 0.0 1.7281658122516e-06 0.0 0.0 0.0 0.0 5.64600057629025e-07 5.204996159610529e-07 0.0 0.0 0.0 2.1835235904066607e-06 0.0 0.0 0.0 0.0 0.0 0.0 0.0 0.0 0.0 6.777152207636471e-06 0.0 0.0 0.0 0.0 1.8223366352948226e-06 0.0 2.0978008216794983e-06 0.0 0.0 0.0 0.0 0.0 0.0 0.0 0.0 0.0 0.0 0.0 0.0 0.0 4.396159841521621e-07 7.679793431164537e-07 1.419901845045761e-05
1.801379554950331e-05 0.00010198913629760217 0.00013294013428221904 1.0109143549533101e-05 6.887121941779255e-05 0.0001232890457691407 0.0002486596417430556 0.0001339297597597398 7.978808610816818e-05 0.0006731706039447056 0.00031097155397343066 0.0 0.0005402738965983202 0.0003696035947912821 3.289457799296013e-05 1.9365471808812913e-05 2.9845976495359737e-06 4.0466665084794256e-07 0.0 1.0772696638455178e-07 4.2438257950000723e-07 5.511312207539499e-06 1.2643797230562364e-07 0.0 0.0 5.824900500997831e-07 0.0 1.7335518495808852e-06 6.685865386934464e-06 3.2209471883586864e-07 3.7287744618808965e-05 3.583138267465953e-05 1.553493811664504e-05 1.1644187174954823e-07 0.0 1.5223047102911847e-06 5.7668546999850685e-05 2.171575440160367e-06 1.7744934805181723e-05 6.463157201030039e-06 4.535940541362174e-06 5.337343524466104e-06 7.997560954221506e-07 4.3139609390284006e-06 1.7150416697929033e-07 4.336253006652878e-07 4.475913290020131e-05 5.132303052429531e-07 1.542942336429898e-07 2.7885656973910257e-07 2.649219608080618e-07 2.7839922942924044e-06 3.98397265177409e-05 2.5354424615808965e-06 1.8612630547345346e-07 1.369649785513393e-06 4.83353293785509e-06 4.648957830208743e-06 5.858396619150914e-07 1.257993198562979e-06 4.4293564755255517e-07 6.518900255746925e-06 6.168217390340371e-07 1.9136038728016868e-05 9.443125419252404e-08 1.2017301736634126e-07 0.0 0.0 0.0 1.9739070305861627e-07 0.00017763959276459338 3.485353239362149e-06 4.4126586167291335e-06 5.842557826300821e-06 3.866890542610384e-06 1.6838083803337805e-05 1.776586326111138e-05 6.930108917722244e-06 3.945208082172913e-07 2.3249580997480524e-05 9.428092849070872e-08 7.936978654198433e-06 1.2901542860809097e-07 8.43708779348161e-07 1.33625641910458e-07 8.605554630906351e-07 9.652045628400932e-08 1.6585549155598641e-06 1.0775931183991466e-06 6.22229301369665e-06 1.8349260084515546e-06 1.8371032048556834e-06 0.0 3.0101944146909187e-06 4.104976430833151e-06 0.0007170873074348303 9.173060076646153e-05 8.481320093218035e-06 1.780393549206098e-05 5.606427047642513e-06 0.0 0.0 1.62688967774456e-06 0.0 5.304557697338483e-06 3.1083872048043462e-06 1.089558952550794e-06 0.0 1.2114495348576108e-06 1.467939072554589e-05 0.0 1.272594286456369e-05 1.0686741019134545e-05 3.668576507908849e-06 2.8875589322633436e-06 0.0 0.0 0.0 0.0 0.0 0.0 0.0 0.0 0.0 0.0 2.753107958061e-06 0.0 1.2112286836401816e-05 0.0 0.0 0.0 1.5608153370104566e-06 1.0516178926570092e-05 0.0 1.64372244114362e-05 5.762946401823521e-06 0.0 0.0 0.0 6.374802456878714e-06 0.0 9.890641648518627e-06 3.250801202401638e-05 1.1865370826459455e-05 0.0 0.0 0.0 0.0 0.0 0.0 0.0 0.0 4.222370256972947e-06 0.0 0.0 0.0 4.305802939112808e-06 2.3765051063967677e-06 0.0 0.0 0.0 0.0 8.256573222328464e-07 0.0 0.0 0.0 0.0 2.7590147326259068e-06 0.0 0.0 0.0 0.0 0.0 0.0 0.0 0.0 1.4573242337443508e-05 0.0 0.0 0.0 6.705554151907299e-07 2.921169724831444e-06 0.0 0.0 0.0 0.0 1.5722847128196416e-06 0.0 7.344846089936822e-07 0.0 0.0 0.0 0.0 0.0 2.873358981376659e-07 0.0 0.0 2.0362294285636718e-05 4.9708960702441865e-06 1.676058758571427e-05
3.689968959166405e-05 0.0005255362532459404 0.00040094371110517394 2.6943753686917085e-05 0.0006365113213518081 0.00015232210849306594 0.00216664681724493 0.00048009026342968537 0.0004994446675983306 0.0036938606522158596 0.0008850199908174424 0.0005402738965983202 0.0 0.00255745592223633 5.11397306588422e-05 3.988468043087124e-05 8.023086708616476e-06 1.8776773123802448e-06 5.704424747844861e-07 1.4917468884876504e-07 0.0 2.1665389705349102e-06 4.324688683029368e-07 1.0109286721632467e-07 1.3824917858894812e-07 9.843968611329338e-07 0.0 4.070923974182839e-07 3.3761064576209084e-06 0.0 9.794753311393874e-05 7.345005473533394e-05 0.00019448569724035746 1.523028975020263e-07 3.052968596807396e-07 2.966535236903622e-07 0.000897931641043172 1.5795646955786912e-06 8.031461926253055e-06 4.680203023162292e-06 3.0175669023674193e-06 2.11700689357519e-06 1.352754143783062e-07 5.487917876498023e-06 1.3096011625755932e-07 4.786994826946028e-07 9.900529126040404e-05 2.3166051916795782e-07 2.65887206058058e-06 1.0399186044006258e-07 1.0675323436074093e-07 4.0292073829869493e-07 1.0884020749642348e-05 8.053987453110839e-07 2.237274742030408e-07 3.0468232854521986e-06 1.5178466235975433e-05 1.1629234703443136e-05 5.084619389637367e-06 6.7614170836591665e-06 2.929084877452706e-07 7.74735058528835e-06 5.963164462031e-07 5.277032326799529e-05 6.414822493714749e-07 2.1847773050922936e-07 8.73496713447556e-08 1.1431886930336748e-07 0.0 0.0 0.00011636013052753618 4.075624357893699e-06 2.478635070880042e-06 1.4908114140631381e-05 1.0920750612928645e-05 4.209726602314181e-05 3.5470143609972734e-05 1.067702305030819e-05 1.35686054503975e-06 0.000158596356295431 1.5057937956370907e-07 1.5552525923606273e-05 4.7436956054274205e-07 9.674421563259716e-07 1.018398934077417e-07 1.9469445109906764e-06 4.3538989762372937e-07 3.1129859873503527e-07 1.226692110794957e-06 2.8426038185284056e-06 5.942928354757957e-07 4.310641859255246e-07 0.0 9.06755045188227e-07 1.3731996898597438e-06 0.00135658395253516 6.132160075739712e-05 1.9782198691349712e-06 3.6167671091233075e-06 9.242843493549866e-06 1.0750998044695421e-06 0.0 8.963865404281981e-07 0.0 2.174048965791542e-05 9.75235580980151e-07 4.375467821324192e-06 2.7513826225407085e-06 2.9085600147666772e-05 2.231356585066826e-05 5.222216764987779e-06 4.672777762243295e-05 1.4845342012843206e-05 1.2688343930292672e-05 1.9774665230943052e-05 3.85838889463868e-06 1.0478050258866437e-06 2.89891718544614e-07 0.0 9.96069139120676e-07 0.0 0.0 0.0 0.0 0.0 2.0031334819310897e-06 0.0 1.5901592208259843e-05 0.0 0.0 0.0 0.0 5.549093508647772e-06 0.0 4.118570181446281e-05 1.0756747540056832e-05 0.0 0.0 0.0 2.2858724851399928e-05 3.985530254493274e-06 2.06212384861325e-05 7.578462875918678e-05 2.1806424728515132e-05 0.0 0.0 0.0 0.0 0.0 0.0 0.0 5.692137143321047e-07 4.517130193747419e-06 0.0 0.0 0.0 1.1164426040961555e-05 0.0 0.0 0.0 0.0 4.7418742715637734e-07 8.172116224358195e-06 0.0 0.0 0.0 2.9882643126803406e-06 0.0 0.0 0.0 0.0 0.0 0.0 0.0 0.0 0.0 3.527231315212673e-05 7.934720542046322e-06 0.0 3.058188058585012e-07 1.6445024806267129e-06 1.4636444031554967e-06 0.0 0.0 1.9951266331329805e-06 3.989406973418646e-06 3.2025586948501288e-06 0.0 3.1607909278828723e-06 0.0 0.0 0.0 0.0 0.0 0.0 0.0 0.0 4.06501764984466e-05 2.768391814786745e-05 8.796039919833177e-05
7.742352468310055e-06 0.0008763819425065294 0.0005059187106229682 6.98399353655812e-06 0.001118601867135972 2.7816310385320205e-05 0.0025778355174011025 0.001345126467830827 0.0007921060062329393 0.0017824343937621052 0.003173329449281404 0.0003696035947912821 0.00255745592223633 0.0 3.067395702085696e-05 1.5735796582684825e-05 3.727161710556352e-06 0.0 0.0 0.0 0.0 1.9040388459946863e-07 0.0 1.5720256490255875e-07 3.766444392738082e-07 1.3075454606876523e-07 0.0 2.8447818403482014e-07 1.8701357729050761e-07 0.0 9.282633329460097e-05 4.265435814988712e-05 0.0012818192401658859 0.0 0.0 0.0 0.00041409436126275853 1.3170910910602264e-05 6.5841164143130945e-06 1.226671833917152e-06 3.6782538145916794e-07 4.0402240141339063e-07 2.244228743963635e-07 1.9528343853782352e-06 3.1261492828592833e-07 0.0 5.979657279238152e-05 6.134760375212331e-07 2.9380951815761777e-06 0.0 2.453726410577927e-07 3.2477493522013727e-07 5.966400308222278e-06 1.684759586847408e-07 2.1578590828042808e-07 2.4748765031205275e-06 6.328618741104503e-06 8.654172322394981e-06 3.0979127717003593e-06 3.925005091576941e-06 1.1140096655707179e-07 5.462801159755074e-05 2.125727985388925e-07 3.83179993482908e-05 2.879434207437931e-07 0.0 9.902733537816461e-08 0.0 0.0 0.0 0.00010131804502089278 1.252054783064163e-06 5.748160522538568e-07 8.748227929083605e-06 6.207735165911677e-06 2.7693888377061748e-05 1.6978315880485335e-05 4.800331709871032e-06 4.4543036218753423e-07 0.0009783093862783484 0.0 4.762315947358104e-05 6.215367301009472e-07 1.5227179850769626e-07 2.2659365923839028e-07 1.7084095799698863e-06 0.0 1.2819281435163477e-07 7.99774454667597e-07 5.512407133928345e-07 7.92527138358892e-07 4.3270710494207554e-07 0.0 1.1351431414120588e-07 3.360015637853762e-07 0.00020529472957693645 7.399804716293776e-06 2.013178307024126e-07 4.599741537273219e-06 2.0536766680705417e-06 0.0 0.0 0.0 0.0 1.481616306875557e-05 9.048292587237845e-07 0.0 2.210166874239706e-06 2.2369914493683854e-06 1.053094322832225e-05 0.0 9.737806016072442e-06 7.610476390787858e-06 3.451648999735483e-06 2.0927123925546676e-06 0.0 0.0 0.0 0.0 0.0 0.0 0.0 0.0 0.0 0.0 9.04030789959977e-07 0.0 8.49865406401778e-06 0.0 0.0 0.0 0.0 2.0587144050008614e-06 0.0 1.451998458428799e-05 6.366814367527586e-06 0.0 0.0 0.0 1.0477850691700676e-05 1.978273162639464e-06 1.178447088643798e-05 2.0756480642095686e-05 2.0547960317656557e-05 0.0 0.0 0.0 0.0 0.0 0.0 0.0 0.0 5.540070364725033e-06 0.0 0.0 0.0 2.9085307600344242e-06 0.0 0.0 0.0 0.0 0.0 4.400124171233165e-07 0.0 0.0 0.0 0.0 0.0 0.0 0.0 0.0 0.0 0.0 0.0 0.0 0.0 8.506505217743473e-06 2.6318784419907636e-06 0.0 2.7078729783896872e-06 2.498321784820007e-07 4.1555860254149175e-06 0.0 0.0 1.6136640841965854e-06 6.256614072277614e-07 1.289375243766644e-06 0.0 0.0 0.0 0.0 0.0 0.0 0.0 0.0 0.0 0.0 8.004730714807623e-06 5.4876625062306404e-06 4.453473163668787e-05
