0.0 0.0012422303938812583 0.0005105134387644926 0.00032698886303968703 1.4183706043565938e-05 7.607707826795063e-05 2.8048617675602418e-05 0.00012568449108884083 2.9033431636331997e-06 0.00014067897705649787 6.515386987075115e-05 2.504232124810408e-05 2.5225809860971413e-05 4.070962743225626e-05 5.722872876208135e-07 2.3071941158351157e-06 1.4857755259506326e-07 1.4322278279774933e-07 0.0 0.0 1.8706655158879714e-07 0.0 0.0 2.2939851485805834e-07 0.0 0.0 0.0 0.0 0.0 5.776360731499335e-08 0.00023072569689434522 1.561026643006689e-05 4.7797380614671455e-06 6.699015302962117e-08 0.0 1.0817656724561072e-07 1.7550780228037646e-06 4.2670505634085093e-07 4.215650969428087e-07 0.0 0.0 0.0 4.5922640222580187e-07 3.628402925181736e-07 0.0 1.414635599623582e-07 9.022427003488579e-06 4.134251022883442e-06 1.258429630284407e-07 8.171565342848472e-08 4.882115371188126e-07 6.468540917011781e-08 0.0 5.5246779166538606e-08 4.412494107626267e-06 2.2663948346202057e-06 0.00014918886079748594 0.0005201671199872674 1.2322157922570278e-05 1.1616550680977672e-05 4.738649356517524e-07 1.5116306554907856e-07 7.331068541129539e-08 8.534533443323166e-06 5.7932282452132115e-06 3.1299952338201935e-06 1.8783101575488964e-06 2.735338163189756e-06 3.871304320496963e-07 0.0 9.612946724683409e-06 9.829712925693588e-07 0.0 0.00015181300842004788 1.2207333639033361e-05 1.1854639513623508e-05 1.5821237944094282e-06 1.6359293074254979e-06 3.3316918618124046e-07 7.180783419915819e-06 1.67347632889406e-07 7.531736660395944e-07 5.524330160238839e-06 0.0 1.7110679106119835e-06 1.8934738472454698e-06 9.675908923036809e-07 0.0 7.448639902727461e-07 1.042189644572836e-07 2.7588135605681193e-07 0.0 1.0035193896455206e-06 1.2462458933293256e-07 2.789785974146308e-07 5.511669790763412e-05 8.217048770721903e-06 5.386029871269214e-07 4.74225293993106e-07 0.0008826032694829773 4.730226233010971e-07 3.170245222553907e-05 2.9510890705219323e-06 2.2639625169051043e-05 1.2673321843747231e-06 1.1967746119638265e-06 2.5831463152904186e-05 0.0 4.729534870151843e-06 4.5014218298132805e-05 6.606986784326204e-07 1.1550106423939015e-06 1.3790968316748816e-05 4.577161411620555e-06 2.411165277877709e-06 0.0 0.0 0.0 0.0 0.0 0.0 0.0 0.0 0.0 0.0 0.0 0.0 3.869551755856666e-07 0.0 0.0 0.0 0.0 0.0 0.0 8.476957648794455e-07 1.8692233528573407e-06 0.0 0.0 0.0 1.3016094949371923e-06 0.0 3.061990187415012e-06 9.520180225688465e-08 0.0 0.0 0.0 3.054931112224038e-07 0.0 0.0 0.0 0.0 0.0 7.799022605814234e-07 0.0 0.0 0.0 0.0 0.0 0.0 0.0 0.0 4.077389899963813e-07 0.0 5.246381829840497e-06 3.518004223326718e-07 0.0 5.1671471496225e-06 0.0 0.0 0.0 0.0 0.0 0.0 0.0 0.0 0.0 5.812155725442274e-06 5.77432577628627e-07 0.0 0.0 0.0 5.650912127184459e-07 0.0 0.0 1.0946952387384079e-07 0.0 0.0 0.0 0.0 0.0 0.0 0.0 1.1404870008367285e-07 0.0 2.143983411095069e-07 6.042380454412163e-08 0.0 8.56593923750261e-06 1.2671210273686504e-06 4.2809497736887487e-07
0.0012422303938812583 0.0 0.0010993207547902578 0.0012990151894717217 0.0014018840888720188 2.6426759759179622e-05 0.002342966095260535 0.0007127217399289044 0.0014746626904089842 0.0016753137416608253 0.0009562757120393149 0.0005069885754449152 0.0010343086423673362 0.0012289744982894428 4.328286219820796e-05 2.161761198380488e-05 8.457278729936828e-07 3.5776377852407256e-07 0.0 1.2527862272230324e-07 7.472518703627797e-07 1.06636548002145e-07 0.0 1.5847920078216919e-07 2.1961923760819233e-07 7.763563004514605e-07 0.0 0.0 7.777730569446449e-08 7.516297603154306e-08 0.0012008844016038727 4.193932731554032e-05 4.6022173049000965e-05 0.0 0.0 1.2979120786037463e-06 1.776723411713409e-05 1.772979710283106e-06 7.252548912554586e-07 2.870316387774051e-07 0.0 1.33774738086038e-07 6.712817528574084e-07 2.4330038132236815e-06 3.2393565290874706e-07 1.487626772744252e-06 0.00017195684806325327 1.9685722382778838e-05 2.2928288166968996e-06 5.456417381013624e-07 2.3166013651672947e-06 2.703458725077082e-07 7.817403075286034e-08 1.9034352874433183e-07 1.4042195288452055e-05 1.0349993983780921e-05 8.276454792112179e-05 0.0006186952770558843 1.1655388459944581e-05 0.00011862139981038463 1.6018706278704449e-06 1.9917962857511566e-06 5.452265433921906e-07 9.509059986426426e-05 1.900024086851194e-05 1.2049117558568296e-05 5.724008235283982e-06 1.0223066935859401e-05 2.051577219770286e-06 1.0718563627842351e-06 3.0497407071172715e-05 1.0379599323973158e-06 6.771782686747665e-08 0.0004778248118488717 0.00012223500620935272 0.00023518903766679908 3.089662061225026e-05 1.7649812549724438e-05 8.741924677619851e-07 1.5717719802808333e-05 7.610804753991469e-07 3.3626808702071346e-06 2.300673808211312e-05 0.0 6.8772581499079845e-06 6.653469073208927e-06 5.836785448124977e-06 6.628273753574437e-08 3.5146243279059128e-06 6.503473132508183e-08 1.4072545089849231e-06 4.027346875230507e-07 1.7558621240849788e-06 1.03520451385752e-06 7.213104275081361e-07 2.1384369622992496e-05 1.8608946551236857e-06 0.0 1.983178255490942e-06 0.00040667553121882105 3.997974252638048e-07 7.165913101240091e-06 1.6411711209937038e-06 6.976371282017424e-06 2.226560110015202e-06 1.532536546945806e-06 1.075028903565481e-05 2.756403790521611e-07 1.9989392420392344e-06 1.89168294883232e-05 1.1344679519343042e-06 2.175549625212485e-06 7.63079054774356e-06 5.654627379778736e-06 2.3328024259817715e-06 0.0 0.0 0.0 0.0 0.0 0.0 0.0 0.0 0.0 0.0 0.0 0.0 0.0 0.0 0.0 0.0 1.540062212639592e-07 0.0 0.0 0.0 1.1128477942397693e-06 0.0 1.0155209889882174e-07 0.0 4.93951994267997e-06 1.5169261602577905e-06 3.485987810838248e-06 1.2801961517272718e-06 4.575131432318891e-07 0.0 0.0 0.0 0.0 0.0 7.953797265892865e-08 0.0 0.0 2.2273606338308916e-07 0.0 0.0 0.0 2.4231527146212515e-07 1.691256598054637e-07 0.0 0.0 0.0 2.262994645385585e-07 1.4450487552165467e-07 1.696203191103362e-06 0.0 0.0 2.5000967527734652e-06 1.8466470651727186e-07 0.0 0.0 0.0 5.811728719277421e-08 0.0 5.723405785171676e-08 0.0 0.0 1.2301403385976346e-05 5.633869529288618e-07 1.3810983621405184e-07 0.0 6.25795598873656e-08 2.3778047308535095e-07 0.0 0.0 6.566049525445827e-08 0.0 2.0956299160348027e-07 0.0 0.0 0.0 0.0 0.0 0.0 3.2903095578215605e-07 1.212483219697285e-07 0.0 0.0 8.797550867497267e-06 4.077673947484677e-06 7.241422835464103e-06
0.0005105134387644926 0.0010993207547902578 0.0 0.00019789638803715458 0.0003956399475681735 5.923732806218157e-06 7.84734678049391e-05 0.0027939873138675625 0.00045494043788872266 0.0001594861122283224 0.0012063182551876517 0.00022601429637860134 0.0005859861731602102 0.001173945935082557 1.1329186770902603e-05 1.0595957135415727e-05 8.345115251683387e-07 3.5622006028333205e-07 0.0 6.998785589091248e-07 3.250286012073479e-06 3.134207616446838e-07 8.898013951195685e-08 0.0 2.3015436694775614e-07 2.2667620487743165e-07 0.0 0.0 0.0 5.9436212808720785e-08 0.0030493594393780164 0.0003524018365939962 5.1836664083167894e-05 0.0 2.5715366221754214e-07 2.8751908554430383e-07 1.5931080752531463e-05 5.313936009014842e-07 2.1496481821996044e-06 5.592607569387191e-07 7.240956103081946e-07 1.1420626723333791e-07 2.2139084803075826e-06 1.3704325720561238e-06 8.038085252697403e-08 6.474555638594104e-07 1.6720601895760374e-05 1.613348636682461e-06 3.4513878159683133e-07 1.5405252358902385e-06 8.193555780304442e-07 2.3408602608396445e-07 7.925372042643499e-07 8.378062727121512e-07 6.083760782226382e-07 5.739344105703016e-07 1.1183480891771275e-05 0.00013697357933076024 1.07175497985619e-06 8.814474712379224e-06 2.8082446444741934e-06 1.7182598710132734e-06 6.606116861241097e-07 0.0003158251152241471 8.765206774521452e-07 8.661257147736964e-07 5.452065536055483e-07 1.722977313714387e-06 4.636503077045509e-06 6.753564106678509e-06 2.2401539868187533e-05 6.728960662077815e-07 0.0 3.624593501690675e-05 1.619820245740363e-05 2.3371716455861534e-05 9.396620861429628e-06 8.089110036911501e-06 5.4670875237537165e-06 8.390146933687451e-05 1.3211032916490184e-06 2.036851422944928e-05 1.0918367195170382e-06 0.0 3.3834697669387626e-07 4.4191466427482677e-07 1.809851203641147e-06 0.0 1.326527410044554e-07 0.0 1.0219322126756765e-07 0.0 8.832886851348246e-06 1.2888103715135814e-06 6.359144542075827e-07 4.689656036271118e-06 2.2763797457158302e-07 0.0 2.102686711021977e-06 0.00013341491452848213 0.0 5.711055796024013e-07 2.0030404672642125e-07 1.9383173384561318e-07 7.398344788796324e-07 1.053647577457178e-06 0.0 0.0 1.9668375195259465e-07 1.6009917613193235e-06 4.951746309311862e-07 1.0452275854305095e-06 1.2245452343064295e-06 9.035937753182414e-07 1.9294316072027366e-06 0.0 0.0 0.0 0.0 0.0 0.0 0.0 1.0039765705073203e-07 0.0 0.0 0.0 0.0 4.417523340327805e-07 0.0 0.0 0.0 0.0 0.0 0.0 0.0 1.6330648140701734e-06 0.0 0.0 0.0 1.7144784519718544e-06 4.953236549172826e-07 2.791657621163254e-06 1.5132065752762947e-06 7.626475023898379e-08 0.0 0.0 0.0 0.0 0.0 0.0 0.0 0.0 0.0 0.0 0.0 7.192607472456453e-08 1.5402397645087804e-07 0.0 0.0 0.0 0.0 0.0 0.0 0.0 0.0 3.669685406917358e-07 2.6581269358234363e-06 0.0 0.0 0.0 0.0 0.0 0.0 0.0 0.0 0.0 4.148729425197233e-06 0.0 0.0 0.0 0.0 0.0 0.0 0.0 0.0 0.0 0.0 0.0 0.0 0.0 0.0 2.5962005225795194e-07 0.0 0.0 7.531775119833362e-08 0.0 0.0 5.409720155053641e-06 3.818325918472886e-06 4.99998652891449e-06
0.00032698886303968703 0.0012990151894717217 0.00019789638803715458 0.0 6.906570724600164e-05 0.00015156720685378857 0.00025770165959871895 3.11338903652886e-06 1.5240838730114352e-05 0.001600332892859139 6.136367647843368e-05 0.00162110360829963 0.0004315299662834128 5.0140012533057875e-05 2.2877576333125703e-06 3.6653415173369174e-07 8.264797302378566e-08 5.3691583900007266e-08 0.0 7.631908496196612e-08 0.0 0.0 8.429136657328168e-08 6.862133482099098e-08 0.0 0.0 0.0 0.0 0.0 0.0 5.900693080792509e-05 7.916321204366541e-07 3.911767043631067e-07 0.0 1.4149933889353214e-07 9.069012007951788e-08 1.4552625481024454e-06 6.559686439394134e-07 0.0 2.245224257108139e-07 0.0 6.830345414286232e-08 2.0445851217655824e-07 3.42696257689523e-07 0.0 7.190746319444104e-08 2.4505956144194147e-05 5.573209110529782e-06 7.561301225477128e-08 1.3559262803163053e-07 4.795905577950172e-07 6.344596132438272e-08 0.0 0.0 4.3731430547840935e-06 3.928927472325026e-06 4.612279272696209e-05 0.00024964886718859545 4.548242357033654e-06 2.546221250824311e-05 1.9077618981460788e-07 1.734225113150806e-07 0.0 8.927780775420999e-06 7.583499744197608e-06 3.4613858103666276e-06 1.918856599632279e-06 2.6937597667392737e-06 2.6661931516970516e-07 1.3376692965480455e-07 4.924490987692349e-06 2.6637987350227936e-07 0.0 0.0001560547336111314 2.5659115489123235e-05 3.313424067344576e-05 1.953522066753977e-06 1.5051999740642366e-06 0.0 1.0376421986656544e-06 2.120021408091653e-07 2.6004202170596804e-07 7.454347582200387e-06 0.0 1.6132458349609403e-06 1.7884545413888005e-06 1.119601985914272e-06 0.0 1.0843241928642563e-06 5.674487812993044e-07 5.786631377466635e-07 0.0 1.402938458159314e-07 0.0 0.0 9.889858807850962e-05 5.556542214213306e-06 0.0 0.0 0.0004693433560319077 2.517458700812105e-07 2.7594430255216184e-05 5.903778418473071e-06 3.435147357285877e-05 0.0 4.1931265589134633e-07 3.424079687869076e-05 3.283528535749016e-07 6.5901415304685315e-06 6.212130268829833e-05 6.66274253031639e-07 5.718799084368424e-06 2.1230071697790027e-05 4.218710546886257e-06 6.811356789125508e-07 0.0 0.0 0.0 0.0 0.0 0.0 0.0 0.0 0.0 0.0 0.0 0.0 0.0 0.0 0.0 0.0 0.0 0.0 0.0 1.212109742583405e-06 0.0 0.0 0.0 0.0 1.0366930765019107e-06 0.0 2.1085969181963707e-06 0.0 0.0 0.0 0.0 0.0 0.0 0.0 0.0 0.0 9.001303129617441e-08 0.0 0.0 0.0 0.0 0.0 0.0 0.0 0.0 0.0 2.2514999860187127e-07 0.0 5.801861395758177e-06 0.0 0.0 5.505453569091461e-07 0.0 0.0 7.642740984380113e-08 0.0 0.0 0.0 0.0 0.0 0.0 1.064208138669785e-05 2.831540863437992e-07 0.0 0.0 1.4182854458386498e-07 0.0 0.0 0.0 0.0 2.5100505720235033e-07 0.0 0.0 0.0 0.0 0.0 8.57561340242443e-08 1.0953418031935557e-07 0.0 0.0 8.278326511588934e-08 0.0 1.462088489176415e-05 7.608322068094572e-07 1.3038099220064278e-06
1.4183706043565938e-05 0.0014018840888720188 0.0003956399475681735 6.906570724600164e-05 0.0 4.066811923061297e-06 0.002347295507127791 0.00026368074223411404 0.004110748356836666 0.0004345389356620802 0.0008781576775483417 0.00010499309038905644 0.001624387472947553 0.00228214133906212 2.3705302296082376e-05 1.922296713715293e-05 2.5242465128248513e-07 0.0 0.0 0.0 0.0 0.0 0.0 0.0 8.537305978592816e-08 0.0 0.0 0.0 0.0 0.0 4.8062854963506636e-05 6.587619239965197e-06 9.779947016661598e-06 0.0 2.1809657831632014e-07 0.0 5.077929068310505e-06 4.805363863310503e-07 2.850295691702475e-07 1.8444708386664755e-07 0.0 1.7021828279498906e-07 1.4050483053993945e-07 1.6194637328360392e-06 6.179104007790031e-08 1.1983706330126075e-07 3.8882670985920226e-05 1.1797094653859686e-06 6.531645658505366e-07 0.0 1.3566951143663015e-07 0.0 0.0 7.438512757585942e-08 9.759319588761693e-07 4.818969484683758e-07 3.5531857512394386e-06 2.869039736629835e-05 1.2202652765734066e-06 1.1748667604491966e-05 2.956784908136455e-07 1.0928681823735417e-06 1.3276260629063493e-07 1.8817912321995405e-05 1.4528495198980636e-06 5.161889688789109e-07 4.645184866871077e-07 1.0220903473427317e-06 4.1192241910189143e-07 1.4771035055315655e-07 2.285764998175311e-05 2.3967536095284505e-06 0.0 3.219620260064013e-05 1.4117232417502338e-05 4.587826015492261e-05 1.767268626212555e-05 1.3527197224413543e-05 1.7250175995372246e-07 3.0619758069297167e-06 3.0359523172752475e-07 1.1131041600865073e-06 9.26849928567723e-07 0.0 3.617842541318313e-07 5.708561101053772e-07 2.8133770639983385e-07 1.321815850269243e-07 5.237604818704261e-07 0.0 1.78923857679746e-07 0.0 6.551449633873598e-07 8.605111132198695e-08 1.4468179906801774e-07 1.6769552490054694e-05 1.3211369170543816e-06 0.0 4.102606217741737e-06 8.008011893074643e-06 6.583331848767788e-07 2.135710193253415e-06 8.1770113816032e-07 8.913949839509636e-07 1.0131665012160476e-07 4.912722394775244e-07 2.737172612482053e-06 3.012448584564336e-07 1.0749064545945997e-06 1.7800120964486748e-05 1.219093996687038e-06 2.1541124817420175e-06 1.2904568691805165e-05 7.869742320983752e-06 6.006305978423079e-06 0.0 0.0 0.0 0.0 0.0 0.0 0.0 0.0 0.0 0.0 0.0 0.0 3.1023670532753855e-07 0.0 0.0 2.3365643568813843e-07 0.0 0.0 0.0 1.0267806353501538e-07 3.894506215030255e-06 0.0 0.0 0.0 6.690378737178572e-06 1.183419022537866e-06 7.905982512050745e-06 2.655027216644155e-06 9.113497314615385e-07 0.0 0.0 0.0 0.0 0.0 0.0 0.0 3.0362214826659803e-07 2.2780368964949166e-07 0.0 0.0 0.0 2.4017258928733156e-07 2.6889571862954057e-07 0.0 0.0 0.0 0.0 7.381576170054792e-07 8.031100329733987e-07 0.0 0.0 6.301627465328517e-06 0.0 0.0 0.0 0.0 0.0 0.0 0.0 0.0 0.0 1.7168226778135017e-05 3.9706261469923733e-07 0.0 1.990727974801253e-07 2.803743101603055e-07 9.535400332694159e-07 0.0 3.5870337957017327e-07 6.020783276104808e-07 1.1377455878153815e-07 0.0 0.0 0.0 0.0 0.0 0.0 0.0 0.0 0.0 1.0754855858227168e-07 0.0 1.3003034555129846e-05 5.487691754380302e-06 1.1176226945296476e-05
7.607707826795063e-05 2.6426759759179622e-05 5.923732806218157e-06 0.00015156720685378857 4.066811923061297e-06 0.0 2.4561484391717703e-05 5.493428078280066e-07 2.8097117833371073e-06 0.00042636367680458034 2.946972826354594e-06 7.610648966414191e-05 6.059222990266907e-05 9.247232767323518e-06 0.0 4.796521384989624e-07 0.0 0.0 0.0 0.0 9.226064338270146e-08 2.7342212585633263e-07 0.0 0.0 0.0 0.0 0.0 0.0 0.0 0.0 1.1032158961889923e-05 1.2783655534458373e-07 5.4708216615025725e-06 0.0 0.0 0.0 1.1884127053420348e-05 7.054755471553803e-07 2.094588303737831e-06 1.8722439236291818e-07 0.0 0.0 0.0 0.0 0.0 0.0 1.1300636318860571e-07 8.060301531671918e-08 0.0 7.907397145420838e-08 8.542590984288102e-08 3.699254243580324e-06 4.0272191331465395e-07 0.0 0.0 2.757285469324085e-07 7.556730661850404e-05 8.323742860933706e-06 2.4436737380776335e-07 1.455299943444757e-07 0.0 0.0 0.0 0.0 0.0 0.0 0.0 0.0 0.0 0.0 0.0001462003057540727 5.467624054694315e-05 7.926563165370044e-06 1.4758069309799734e-06 0.0 0.0 0.0 2.8756205471812555e-07 0.0 1.000006360725542e-06 0.0 1.4032114745609072e-07 0.0 6.985500615043402e-07 0.0 6.098210535046211e-07 6.880083753120725e-08 2.07248397263563e-06 2.7287748296403913e-06 7.28283459968804e-06 1.5933770004624112e-06 3.871408125508156e-06 0.0 0.0 1.2665399757022222e-06 0.00025880754034679303 6.91128008372545e-05 7.894792665260672e-06 1.0185142297440285e-05 0.00028793063673102586 0.0 1.7998672015867703e-05 2.1680085504081336e-06 1.235831685730809e-05 7.854613974446071e-07 0.0 1.9766962978547736e-05 0.0 3.0895480718102415e-06 5.534476393219718e-05 6.716504263419509e-07 6.196645828438615e-06 9.353843229794195e-06 5.07041623256343e-06 0.0 0.0 0.0 0.0 0.0 0.0 0.0 0.0 1.0880138362363049e-07 0.0 0.0 0.0 0.0 0.0 0.0 0.0 0.0 0.0 0.0 0.0 0.0 1.1811708226654704e-06 0.0 9.320892440459888e-08 0.0 2.603060895744285e-07 0.0 1.132729286402946e-06 1.936174352254165e-07 0.0 0.0 0.0 0.0 0.0 0.0 0.0 0.0 0.0 0.0 0.0 0.0 0.0 7.948774230278542e-08 0.0 0.0 0.0 0.0 0.0 1.3857656859621202e-07 1.678555528461525e-06 0.0 0.0 3.3014336080642193e-07 0.0 0.0 0.0 0.0 0.0 0.0 0.0 0.0 0.0 4.674871914366129e-06 3.324812182922137e-07 1.297756305214404e-07 0.0 0.0 4.747201488887933e-07 0.0 0.0 0.0 0.0 0.0 0.0 0.0 0.0 1.4779018302173683e-07 0.0 0.0 0.0 0.0 1.8512264744700501e-07 0.0 6.935925011820512e-06 3.3023618030242034e-07 2.2671666075995432e-07
2.8048617675602418e-05 0.002342966095260535 7.84734678049391e-05 0.00025770165959871895 0.002347295507127791 2.4561484391717703e-05 0.0 2.6212316351108808e-05 0.0009321397924044208 0.001320473128096813 7.071170257390549e-05 0.00043483346082074493 0.002187510091158238 0.0018636404253510033 2.649521051448794e-05 2.229503145750468e-05 6.722359269393477e-07 2.673340475842186e-07 0.0 7.184938893722748e-08 4.498161379574885e-07 2.2913465980861918e-07 0.0 2.832765687576693e-07 0.0 9.603059046544916e-08 0.0 0.0 0.0 0.0 5.896013289323244e-05 7.644866058314455e-06 8.57202721949945e-06 0.0 6.435128330669757e-08 7.084173140839107e-08 9.76680132759606e-06 5.794938210579413e-07 1.977989286912569e-06 4.3074426002248285e-07 7.235415005164375e-08 1.7440144334316287e-07 2.0943964777928587e-07 2.476512761955931e-06 1.326682615916507e-07 7.268265951974981e-07 7.39617893823079e-05 3.220974554681162e-06 1.205702339504089e-06 2.5801543230728654e-07 5.261453166216071e-07 0.0 1.3304382129166764e-07 0.0 2.23268328822447e-06 8.693361251796441e-07 1.0103774248413236e-05 7.875701765865568e-05 2.2668993373115246e-06 3.444801950965138e-05 6.270776003894093e-07 5.204418175223169e-07 1.9409883691868676e-07 2.2779881188819497e-05 4.07085748091085e-06 2.111589999844629e-06 1.4822698494211278e-06 2.0688641034998457e-06 4.902583848614729e-07 5.390312904743805e-07 3.13428515857738e-05 3.420493765394034e-06 0.0 9.197492496396332e-05 2.9547788887096056e-05 8.295978223366008e-05 2.2628115090439363e-05 1.1619448703463091e-05 2.701806793431137e-07 5.464387078393967e-06 5.700427816785734e-07 1.5576418137315742e-06 3.991732863596695e-06 7.583110614751424e-08 1.3376694688301102e-06 1.406762081239502e-06 1.0691169259395143e-06 7.250093943801654e-08 3.751733017482094e-07 0.0 2.5406505016432443e-07 7.497276649770825e-08 8.905150229020191e-07 9.28253434543272e-08 2.966992063095738e-07 5.6576585458975647e-05 2.854865524143849e-06 0.0 1.3114244751114384e-06 1.876156350006409e-05 3.7436423324881496e-06 8.212999721626978e-06 7.240331628227785e-05 5.729218093062718e-05 8.92355699684248e-06 3.583760826637766e-05 8.111496160666364e-06 7.208358410906666e-06 0.00011177504874874959 5.685364497606718e-05 4.270804118359498e-06 4.022248047668736e-05 4.233579888621337e-05 2.0263814623366663e-05 8.968683927519657e-06 0.0 0.0 0.0 0.0 0.0 0.0 0.0 0.0 0.0 0.0 7.120565700191097e-08 0.0 2.2807000731903425e-07 0.0 0.0 8.797746802876197e-08 0.0 1.8945558698208878e-07 0.0 3.8970906790905225e-06 6.499433351174922e-06 0.0 0.0 0.0 1.255737485879912e-05 1.373279690258496e-06 8.377883786861566e-06 3.7987808425111684e-06 5.293667733481836e-07 0.0 0.0 0.0 0.0 0.0 1.83313508416883e-07 0.0 6.511856833824602e-07 1.4497624026451141e-06 0.0 0.0 0.0 0.0 0.0 1.6326639745106988e-07 6.954530937709774e-07 1.0655091368167478e-07 1.1889203942381292e-06 6.455079303176263e-07 8.679989275305844e-07 0.0 0.0 9.369512526814153e-06 1.1105680920851045e-06 2.5360825947073013e-07 4.979793677456051e-07 0.0 0.0 0.0 0.0 0.0 0.0 3.4432494828223506e-05 4.161590732312015e-07 2.744759144415927e-07 1.1917978695537519e-07 2.4616814702350086e-07 2.5680346750459087e-06 0.0 7.316655930296038e-07 1.654571382145656e-06 8.938343003715943e-07 1.4850838843999285e-06 8.51979441878221e-07 8.409450897859142e-08 7.162095305347391e-08 0.0 0.0 2.1576093009465416e-07 6.271569312131537e-08 1.0177958216409909e-07 0.0 0.0 2.4804821381965426e-05 1.3373783825734737e-05 1.4565333558443912e-05
0.00012568449108884083 0.0007127217399289044 0.0027939873138675625 3.11338903652886e-06 0.00026368074223411404 5.493428078280066e-07 2.6212316351108808e-05 0.0 0.00014797998058355054 1.7722824756458377e-05 0.0027980388832768155 0.00012380355870198961 0.0005225759229436061 0.0016229999669644473 6.466188620768818e-05 6.865806275778498e-05 2.8693321910087513e-06 2.2684756827350764e-06 2.2803750681421212e-07 5.658492026258837e-06 2.3037720812346724e-05 3.4922929898476723e-06 2.5219136211162224e-06 1.745369548415433e-06 8.718968249559132e-06 5.038388783888571e-07 9.234936864609979e-08 1.8841541121351158e-06 6.39347458108438e-07 0.0 0.0008703793797858007 0.0023819597404565475 3.601990789484289e-05 9.237285981235419e-07 2.20705329080612e-06 1.3664256165367603e-05 1.725513939605653e-05 1.1893435894223656e-05 3.581086360399972e-06 3.3965332369224077e-06 8.36598800417652e-06 7.506769001375919e-06 1.2111743558606376e-05 1.5200606064342262e-05 9.5497817807424e-07 4.5832500675442975e-06 7.413438821813802e-05 3.655287130965082e-06 3.2157744333726497e-06 5.341271821828479e-06 4.6355043781840445e-06 1.7075297031749388e-06 2.5281016685900263e-06 5.50408636902752e-06 1.4457361555881832e-06 1.4641987782693206e-06 1.646277566969725e-05 0.00018214495379969243 2.1595757335018725e-06 2.4894396289836442e-05 2.856107182267134e-05 1.3718329095618156e-05 8.922583197806505e-06 0.0003069852101841956 3.171563166668796e-06 2.130165487546722e-06 1.5575388549293472e-06 8.069098760615182e-06 2.8325671269231204e-05 4.6284325353719294e-05 1.1022898603286512e-05 1.3434578219134595e-06 0.0 8.692254378039878e-05 5.7263567002778486e-05 0.00010224969619997044 9.948273917529109e-05 0.000129217955256076 0.0003604795624398142 0.0007328931173653761 4.1741758135116784e-05 0.00028936338221593696 3.6929966600248746e-06 0.0 9.457000085455912e-07 1.1369444154083884e-06 6.579007452396274e-06 0.0 8.424313367566682e-07 6.873574024629132e-08 1.3855716760886192e-06 5.812230870825266e-08 7.432474150615464e-05 1.0741170936432888e-05 3.4546026601038715e-06 1.8108029911097764e-06 6.952543765434104e-07 0.0 8.586448576181293e-07 5.292542757440668e-05 0.0 0.0 4.2311599529195783e-07 0.0 0.0 0.0 0.0 3.634913211056485e-07 0.0 4.414373922839934e-07 0.0 1.067370066875836e-06 2.663985509049571e-07 5.255293423672098e-07 6.004148429319513e-07 0.0 0.0 0.0 0.0 0.0 0.0 9.211204503464773e-08 9.01941504175286e-08 0.0 0.0 1.238269537753888e-07 0.0 6.106716860655848e-07 0.0 0.0 1.667112837472803e-07 0.0 0.0 0.0 1.2354118850099625e-07 2.3422533133475526e-07 0.0 2.1180115857915774e-07 7.751640477572557e-08 2.268789834013213e-06 7.888364030950421e-08 9.820098978420548e-07 1.1286391226999545e-06 7.489618711988188e-08 0.0 0.0 0.0 0.0 0.0 7.937045875357818e-08 0.0 1.5041848780038942e-07 0.0 0.0 0.0 1.1373057618380554e-07 1.012648641597583e-07 1.752158561335514e-07 0.0 0.0 0.0 0.0 0.0 0.0 1.472718166913169e-07 0.0 1.30909294645797e-06 2.2403906304227616e-07 0.0 0.0 0.0 0.0 0.0 0.0 0.0 1.4909986114449652e-07 2.1923283021863326e-06 2.671530146038969e-07 0.0 0.0 5.019727139952693e-07 0.0 0.0 0.0 0.0 0.0 0.0 9.267356295519332e-08 0.0 0.0 0.0 0.0 1.8464481300590115e-07 7.230965060771658e-08 1.620482011047462e-07 8.626247101284206e-08 0.0 2.0464292999274238e-07 3.9097926506309155e-06 2.289440742945134e-06
2.9033431636331997e-06 0.0014746626904089842 0.00045494043788872266 1.5240838730114352e-05 0.004110748356836666 2.8097117833371073e-06 0.0009321397924044208 0.00014797998058355054 0.0 0.00015104488952303707 0.0005991445530344229 4.917462671437206e-05 0.0009349696511057776 0.0010332408904321967 8.586643371458326e-06 9.379080201151423e-06 6.474484648249147e-08 0.0 1.0506910550765052e-07 0.0 0.0 0.0 0.0 0.0 0.0 0.0 0.0 0.0 8.078055705166789e-08 0.0 1.1229207708598263e-05 1.713257722065753e-06 4.661592762438647e-06 0.0 0.0 0.0 3.0044650286120118e-06 7.833314844110908e-08 1.205430361862004e-06 6.98079265292297e-07 0.0 0.0 0.0 1.287790127259772e-06 9.364531487486693e-08 8.675189395636694e-08 1.1750580660009908e-05 6.075183972983743e-07 1.1559496201842966e-07 8.569985859447266e-08 0.0 0.0 0.0 0.0 2.141425326459202e-07 2.0581414907367676e-07 1.0570863680085642e-06 8.502784341659666e-06 1.2475866531634324e-07 3.205304857358762e-06 0.0 4.5780118871008117e-07 6.98965109267045e-08 5.119193435093719e-06 3.1768171767937697e-07 3.09586923251474e-07 1.1425793665143459e-07 2.167004551339615e-07 0.0 8.454537620942657e-08 9.32155270133919e-06 5.813210446377532e-07 0.0 8.551614931361584e-06 4.722118142461357e-06 1.4193119991630172e-05 7.889602060002684e-06 5.318557637552302e-06 1.0584109130600967e-07 1.9590161620705593e-06 0.0 5.288916903529978e-07 4.927180052301579e-07 0.0 1.701398285829276e-07 1.1311796649679242e-07 5.151960870706952e-08 0.0 1.0775881364106388e-07 0.0 0.0 0.0 0.0 0.0 0.0 8.820849087973288e-06 1.2049845009452888e-06 0.0 1.4008033259926564e-06 2.646426890899664e-06 0.0 1.1164241114829834e-06 3.5958928435035543e-07 6.608626808241197e-07 0.0 1.8916521670944508e-06 1.5886842143650492e-06 0.0 1.1027036387779078e-06 9.596066968808692e-06 0.0 1.814476460236207e-06 6.451583173099998e-06 2.3343814012403717e-06 2.174786724759487e-06 0.0 0.0 2.63611807432076e-07 0.0 0.0 0.0 0.0 0.0 0.0 0.0 0.0 0.0 3.405901398494344e-07 0.0 0.0 0.0 0.0 0.0 0.0 2.708725641155561e-07 1.0445523664142816e-06 0.0 0.0 0.0 2.831125998091591e-06 3.8089591402245884e-07 1.9241008555521102e-06 1.5674076225776641e-06 0.0 0.0 0.0 0.0 0.0 0.0 0.0 0.0 0.0 0.0 0.0 0.0 0.0 9.38707408896052e-08 0.0 0.0 0.0 0.0 0.0 0.0 2.85549942080011e-07 0.0 0.0 4.0345953086792304e-06 7.091684841551399e-07 0.0 0.0 0.0 0.0 0.0 0.0 0.0 0.0 8.211882188677723e-06 1.424307514744328e-07 0.0 0.0 0.0 1.404657671018703e-06 0.0 5.341987886895435e-07 0.0 0.0 2.2026176863617444e-07 0.0 0.0 0.0 0.0 0.0 0.0 0.0 0.0 0.0 0.0 7.572813852849935e-06 3.616929187951504e-06 4.582706715247355e-06
0.00014067897705649787 0.0016753137416608253 0.0001594861122283224 0.001600332892859139 0.0004345389356620802 0.00042636367680458034 0.001320473128096813 1.7722824756458377e-05 0.00015104488952303707 0.0 9.494661439889963e-05 0.002379520653991937 0.0025912267691163243 0.00022606158586469617 4.532508252061309e-05 3.300819607959601e-05 1.33968766201169e-06 0.0 0.0 7.558812256351983e-08 3.4913696187855046e-07 3.705166999515854e-07 0.0 0.0 1.1101674856131298e-07 0.0 0.0 0.0 0.0 2.616810524655277e-07 2.3715352066308292e-05 5.106443482998266e-06 4.742445289309483e-05 2.996108340109937e-07 2.586323389116818e-07 0.0 4.281507117822917e-05 3.7629785975201477e-06 4.990152070732675e-06 9.66687480625438e-07 0.0 0.0 5.513422323987568e-07 2.2694298922868526e-06 2.166663736878383e-07 1.68102094561498e-06 8.293299809335372e-05 3.0948114713077493e-06 2.094611713830173e-06 5.826919943701653e-08 4.576390256829802e-07 5.937228602842188e-08 6.395443461058456e-07 0.0 2.9866970016122784e-06 1.2015410283754345e-06 1.825006155090049e-05 4.473497836402715e-05 1.2201881347453101e-06 3.0868982880185095e-05 7.429737519941554e-07 6.3256667571064965e-06 7.660821835072656e-07 1.813108224959741e-05 1.8541369874051689e-06 1.4861467076593548e-06 5.234788260299922e-07 2.147244979140039e-06 2.037375978761884e-07 3.504866195745948e-07 0.00037880408570273554 7.77487215663459e-06 6.425010205001045e-07 6.842616332553383e-05 2.4276629567232405e-05 8.10023227008509e-05 2.6877537879650288e-05 2.111617166192696e-05 2.4458831542169585e-07 1.2377732883868993e-05 6.960001450651948e-07 3.9665256463654915e-06 2.208535169919819e-06 0.0 9.288929557022389e-07 4.4769477315466055e-07 8.779342315257707e-07 0.0 7.037183562349304e-07 3.445909398319632e-07 2.8298407434850834e-07 3.104000185907783e-07 5.237066487922796e-07 2.978299340381486e-07 1.0034998558996376e-07 0.00030682186153725997 2.6816591062227115e-05 0.0 1.1286266418777801e-05 0.0002644843613200521 3.2325589476682235e-06 5.641105980013019e-05 3.5989501640666754e-05 0.00012877204049108114 6.247503787875623e-06 1.5383781392408892e-05 9.481029709169781e-05 1.5554109028710985e-06 3.360620513523742e-05 0.00033227770849176413 7.378520555084114e-06 2.7643070468169317e-05 0.00011678215262472993 6.25594744031034e-05 3.678798988295487e-05 0.0 1.6172078917473554e-07 4.252190120548791e-07 0.0 0.0 0.0 0.0 0.0 0.0 0.0 0.0 0.0 4.618174383401315e-07 0.0 0.0 7.218223889994394e-07 5.300496791847756e-07 2.78220596866242e-07 0.0 1.7054871270140633e-06 1.536089658808308e-05 0.0 6.355481115980354e-07 0.0 4.382894584993991e-05 5.216427400580796e-06 2.7579137511051677e-05 8.219592454603994e-06 9.581387178895328e-07 0.0 0.0 0.0 4.0658871332056537e-07 0.0 2.3578396717546412e-07 0.0 3.425219741124478e-07 3.475815791285956e-07 0.0 0.0 2.634303944177877e-07 0.0 4.6782872441539777e-07 0.0 0.0 5.726358902448007e-08 7.813425893147751e-07 2.7813238844903816e-07 1.2366064574314996e-05 1.3585549904645224e-06 0.0 3.5223367412774546e-05 1.1575621600428257e-06 0.0 0.0 0.0 0.0 0.0 0.0 0.0 7.631249770654534e-08 0.0001121629454002156 2.204891951497128e-06 6.843193399943708e-07 2.2842806012099068e-07 7.010322964275963e-07 1.2214112583586885e-05 4.2334875849581093e-07 1.2667988092361832e-06 2.5942054962685426e-07 1.3579176278984856e-06 5.074256288312334e-07 3.1655623441954095e-07 1.48604144838485e-07 0.0 0.0 0.0 2.746195064755266e-07 1.2936540665655145e-07 8.399089651794207e-08 2.838913015677757e-07 0.0 0.00013313778019030325 4.168478201391887e-05 4.18183356887801e-05
6.515386987075115e-05 0.0009562757120393149 0.0012063182551876517 6.136367647843368e-05 0.0008781576775483417 2.946972826354594e-06 7.071170257390549e-05 0.0027980388832768155 0.0005991445530344229 9.494661439889963e-05 0.0 0.00032189175048506617 0.0015442122641674894 0.002379210039406169 7.2095811256035e-05 0.0001065568534250891 4.351512671642298e-06 2.7475229895755418e-06 1.9107424792103952e-07 3.21166855653192e-06 8.532565363953979e-06 1.132505352654916e-05 8.62846558756753e-07 4.930385056090962e-07 1.2190679354777457e-05 1.2486266591835042e-06 2.5371673129903225e-07 3.877297942593462e-06 5.54748589331299e-06 1.6557292493665646e-07 0.00031311712339311123 0.00025427969899342206 0.0004923328462420447 9.9780350143892e-08 1.1116041660204024e-06 1.818865957946334e-05 0.0003124926790835461 6.0477478418438794e-05 3.099519970036138e-05 1.5296371781267238e-05 6.68140630244248e-06 5.4502602936402985e-06 4.471964427216709e-06 8.857632854290484e-06 1.4467771699650466e-06 1.554606806736123e-06 7.406202965462526e-05 2.794326336220353e-06 1.7632456114711871e-06 2.5471814917684933e-06 4.727792855254459e-06 9.143689391782191e-07 3.912009069529466e-06 1.6687505923316588e-05 1.527610810161167e-06 1.0750345361755779e-06 8.555939824310816e-06 9.856007442398517e-05 1.506580855350975e-06 2.119564094471321e-05 3.3433433181267695e-06 1.6380119685557447e-05 2.812302206329971e-06 8.421220178891078e-05 1.909104167981812e-06 9.33077570513725e-07 1.5109458393501214e-06 6.948990716403885e-06 1.9316491565756584e-05 2.5216974866786116e-05 0.0001658920557795887 5.329116562085294e-06 0.0 6.880802139941865e-05 3.6014300062960784e-05 8.956119320523266e-05 6.230012011619895e-05 5.365279677196743e-05 2.7364041888687404e-06 0.0007282721412803647 1.013121403852013e-06 5.456054416145972e-05 2.5368192018769316e-06 0.0 1.037500516935792e-06 8.454365288206611e-07 2.362166692894085e-06 0.0 2.6441796081759076e-07 0.0 5.991673535674833e-07 1.8300932923002958e-07 6.617402453282001e-05 1.726162598808025e-05 3.664087334307518e-06 1.3486095035858792e-05 1.8332887192337213e-06 0.0 1.576957434305083e-05 2.4734707405468798e-05 2.0301169246305743e-06 9.787032780371266e-07 1.899681869304557e-07 8.905827348206247e-07 1.4484664158793911e-06 1.2839350880383468e-06 1.568284892986126e-06 2.9042230182726337e-07 3.3718544898580163e-06 1.1802452778090142e-05 1.4817067100223243e-06 5.294039031734308e-06 1.165392225343166e-05 1.0277185997166382e-05 5.509232849808428e-06 0.0 6.967855891330905e-08 0.0 6.720114788786835e-08 0.0 0.0 0.0 4.6263701452534597e-07 0.0 7.02207812425913e-07 3.1843421026881014e-07 0.0 6.335148336015419e-07 5.662303822681984e-07 1.1199502693097275e-07 2.4709274432860085e-07 0.0 4.309785838991587e-07 0.0 0.0 3.5897363337818577e-06 0.0 0.0 2.5734683094919677e-07 1.0850368994443717e-05 2.820777141133968e-06 1.0301851802807436e-05 5.684717374754996e-06 1.2387359002363208e-06 1.1302038796210852e-06 3.071072320222338e-07 0.0 0.0 9.284873327819053e-08 8.652903697124281e-07 0.0 5.854986364215366e-07 6.932530619370663e-07 0.0 0.0 4.546748266161829e-07 7.029572850120923e-07 2.2250563105423113e-07 0.0 0.0 1.411821017395869e-07 8.675031301506598e-08 3.053469552259754e-07 8.064526698641199e-07 3.2270491037440653e-07 0.0 8.959260037766864e-06 1.6330593213125766e-06 0.0 6.645449768728146e-08 0.0 0.0 0.0 6.874658388213783e-08 0.0 1.031714489660319e-07 2.522569416343062e-05 9.969544042151808e-07 3.494990177049548e-07 8.50551284366039e-08 6.442509502382329e-07 1.1566790827153551e-06 0.0 7.625325446485064e-07 4.886990142884286e-07 0.0 6.848839387236051e-08 6.701554436570851e-08 7.967218038744771e-08 6.567925373104884e-08 1.569162781583173e-07 0.0 0.0 0.0 1.1099261893799474e-07 3.261051604144618e-07 1.9426538807132187e-07 1.2639138670131849e-05 1.7550374301090142e-05 2.0259232579167158e-05
2.504232124810408e-05 0.0005069885754449152 0.00022601429637860134 0.00162110360829963 0.00010499309038905644 7.610648966414191e-05 0.00043483346082074493 0.00012380355870198961 4.917462671437206e-05 0.002379520653991937 0.00032189175048506617 0.0 0.0010527568477252188 0.00018266351707384802 1.5523696319024542e-05 2.4623492679479375e-05 1.2489589507496457e-06 0.0 0.0 0.0 8.406493422859993e-07 2.421275397497524e-06 0.0 0.0 1.943526114404843e-06 0.0 1.1739201596841434e-07 6.395905886388994e-07 6.792811334241011e-07 0.0 2.752910603428384e-05 8.023413463765815e-06 0.00010706099458249496 0.0 0.0 0.0 0.00018818127093884568 1.112231902072709e-05 1.4520084570990903e-05 3.445681261395932e-06 8.951429498690842e-08 8.542780190532266e-07 2.7323292467928907e-07 3.0943433809375486e-06 4.1310548004122466e-07 0.0 1.5730899907749884e-05 7.807002812400535e-08 5.542730695504076e-07 5.335747577150547e-07 9.110760005960873e-08 8.593864153635638e-08 2.2952906412625913e-06 1.7552598107849006e-06 0.0 1.909919629665949e-07 1.7099389614423722e-06 9.321113037509687e-06 6.809480536096887e-08 3.0288338351746173e-06 4.531397934183587e-07 7.509720411032957e-06 1.7384557526092048e-07 7.682108013850241e-06 1.189599195707882e-07 1.401676694719061e-07 0.0 5.556474446556385e-07 1.194786426264248e-06 1.2995459409013608e-06 0.00025858594834779724 9.360350566605366e-06 1.499331540223449e-07 8.30228786093393e-06 4.788416030684569e-06 1.255557063994208e-05 1.2492172456487977e-05 1.1272593860755235e-05 0.0 7.269060106421396e-06 3.3040745907759976e-07 1.8184264674123227e-06 7.629733688483842e-08 0.0 1.943152738633354e-07 6.19233679050647e-08 4.916313158376307e-07 0.0 0.0 2.480200170728256e-07 1.5645789638918292e-07 9.65901828805641e-08 3.7794042634759953e-06 1.7224975791034505e-06 4.177333968740509e-07 0.0003259693237691538 1.3050329544116547e-05 6.043827522414522e-07 1.722333389228528e-05 1.8576335203174377e-05 7.884221762057054e-07 2.1221253308555506e-05 8.635432400645654e-06 1.5041541155210792e-05 1.006341129686316e-05 1.020250217809415e-05 2.5059112410460516e-05 1.9736083870909024e-06 1.3324190107559448e-05 0.00011410336484842024 6.9900924894548384e-06 2.6479328150157836e-05 5.4816335493115214e-05 4.100964630620362e-05 2.4094670241449326e-05 7.896614821720927e-08 0.0 0.0 0.0 0.0 0.0 0.0 0.0 0.0 0.0 8.976040498366793e-08 1.074265220749224e-07 7.683829344765606e-07 1.58231540246826e-07 9.238532492645816e-08 0.0 1.3611710024111359e-07 3.448858512571516e-07 1.8527439247630207e-07 1.5708630282140702e-06 1.5165790656085823e-05 0.0 5.342323228867548e-07 8.713174652007047e-07 3.131309501739845e-05 3.386473160175313e-06 2.3350727570055325e-05 9.262128533073649e-06 8.122687096887143e-07 0.0 1.8549656540028632e-07 0.0 2.9826006154864747e-07 0.0 3.084339153982183e-07 0.0 1.5630445894195468e-07 7.418002172395841e-07 0.0 0.0 9.594293943139632e-08 6.841498245767959e-07 2.9597666546382694e-07 0.0 0.0 0.0 8.001041061770708e-08 3.3128224659747945e-07 3.832279422939152e-06 0.0 0.0 2.849758782248046e-05 1.15019274911474e-06 0.0 0.0 0.0 0.0 0.0 0.0 0.0 1.1727725584474516e-07 9.99001596319286e-05 1.8743016504775253e-06 3.562194674303442e-07 1.669768514831289e-07 6.296672835828178e-08 4.3768386773572164e-06 0.0 1.6262021607016078e-06 8.028062996930659e-07 4.5056322393035703e-07 6.689011896880119e-07 3.580635442497941e-07 8.2064813435623e-08 6.188292317020501e-07 0.0 0.0 1.2391386500998672e-07 0.0 8.061596180718084e-08 3.226666536217704e-07 0.0 8.71654882056933e-05 3.1127312337092525e-05 3.9632816683193426e-05
