0.0 0.0024859116799903257 0.0002763515835007139 0.0008137359189817037 4.180596857592726e-06 0.0001660715694279307 0.00017858768681336626 9.880938372200638e-05 7.415780027046997e-08 0.002072876923908246 1.815513735983689e-05 3.84102476868241e-05 7.37740169287581e-05 2.0727088406997943e-05 3.465932052787232e-06 1.3715178897923135e-06 0.0 1.6235017298939543e-07 0.0 0.0 0.0 0.0 0.0 0.0 0.0 0.0 0.0 1.940208996178717e-07 9.68888733348984e-08 0.0 0.0002982284550697191 3.830759958019381e-06 1.5195218679059456e-06 0.0 9.304484281507934e-07 1.261739373690123e-07 2.0337990599625864e-06 5.706771183045684e-07 8.005094744931588e-07 1.0608161638576457e-07 2.890643283185389e-07 4.506387234151831e-07 0.0 2.79380978317017e-07 0.0 0.0 1.4859204927534738e-05 5.196528098892915e-07 9.636968091429481e-08 7.584208218669079e-08 1.5591564105152912e-07 1.0504484609424884e-06 0.0 0.0 4.674771527447097e-06 6.29007243120021e-06 0.0001368839841622914 0.00016123969286897848 3.0686127107996977e-05 3.0274981549323857e-05 0.0 1.1321938176371351e-07 1.0888754714709176e-07 4.479442478643731e-06 1.128455230777035e-06 4.462772004941248e-07 0.0 4.254017236553963e-07 7.354466289394395e-08 3.91402615655902e-07 1.381217859509581e-06 8.964341396345619e-06 1.8202131045305278e-07 0.00010386020856506773 5.871303666978064e-06 2.6216433989513087e-05 3.495133356541927e-06 1.85564535697647e-06 7.697196920542787e-08 4.413990911503597e-06 0.0 0.0 5.5440924811762685e-06 7.956208187431781e-07 8.78288867426992e-07 2.05894705546496e-06 2.5218279144340686e-07 4.504727137395948e-07 6.755786135606342e-07 2.0030771239014524e-07 0.0 2.514993263115347e-07 1.75952268893096e-07 1.8478704289726578e-07 1.5419669153315502e-07 4.462170787551293e-05 6.476986781170337e-06 1.890850094667387e-07 2.872559664939911e-07 0.0008010149452264866 4.058541643103734e-07 5.16685520105415e-06 3.3590859515338808e-06 2.334589888055673e-07 2.5062395639886152e-06 5.743517231189703e-06 5.197517837704825e-06 2.0147228796489078e-06 8.21909314943409e-06 2.1108666256185837e-05 2.153234755803881e-06 2.6222413695965286e-06 2.5385760001136963e-05 4.148521655387163e-06 1.0903873252148258e-06 0.0 5.333427631025368e-07 0.0 0.0 0.0 0.0 0.0 0.0 0.0 0.0 0.0 0.0 0.0 0.0 0.0 0.0 1.5569564101071062e-06 0.0 0.0 1.3554691666037135e-07 8.223255037255994e-08 0.0 2.123698201392958e-06 2.3482314213206902e-06 6.007340506831709e-07 0.0 1.0989592386186066e-07 9.064965007648249e-07 0.0 2.962379082465093e-07 0.0 0.0 6.35603879596551e-07 0.0 0.0 0.0 0.0 2.0051401412377932e-07 0.0 0.0 0.0 0.0 0.0 0.0 0.0 5.788284712902455e-08 5.956909429630437e-07 8.280210924426383e-08 1.3506168051367567e-07 0.0 0.0 1.5401916826550442e-06 0.0 0.0 0.0 7.515143208812454e-08 0.0 0.0 0.0 0.0 0.0 2.4448203788163787e-06 0.0 0.0 0.0 0.0 0.0 1.3764468431145123e-06 0.0 8.298889080744735e-07 2.3594198757190493e-07 1.0656281395256252e-06 0.0 6.864250734698662e-07 0.0 3.0136381678005028e-06 0.0 0.0 0.0 0.0 0.0 0.0 1.6273237627256437e-06 1.73226560518148e-06 1.8206845111327346e-07
0.0024859116799903257 0.0 0.001241040200455785 0.0009584604002660753 0.0017327253701911397 0.0003961288505742877 0.0016689819525250171 0.0014888873698952836 0.0008394254573344223 0.001173902110991166 0.001582723555656181 0.00013811796293660374 0.00046621533768348867 0.0011407223879085454 5.362556395290149e-05 1.969870373808413e-05 7.157440882637156e-07 1.6946185688310317e-06 2.656654834570128e-07 6.961607033403264e-07 4.018977924525254e-06 2.660580759924829e-07 1.1173702884237883e-07 8.341275642051426e-07 1.054140668098165e-06 9.104578436491309e-07 2.784465190838551e-07 6.656717576074542e-07 1.8534036253112312e-07 4.0946542892874967e-07 0.0011573949754028646 0.0001224295928416419 2.8999107096364154e-05 7.731673236053898e-07 8.957927553582765e-06 3.3810388149555106e-06 2.313013966569575e-05 3.0020903878690257e-06 1.0366476050388044e-05 1.049552038470843e-06 5.37665748575221e-06 2.8796927101862487e-06 1.4571886590236238e-06 5.293672173642678e-06 3.6196297282567546e-07 7.833405802576678e-07 0.00018095310669872044 6.31299486259095e-06 7.761866748969758e-07 9.672017715449556e-07 9.66217243626006e-07 2.0856530693629406e-07 7.022764389125358e-07 1.918063335231768e-06 2.8612774359735588e-05 3.540818792466883e-05 0.00011653645993347418 0.00019845432134817556 5.997693709727898e-05 0.0001021859089993349 1.735392885370305e-06 1.8642375073931193e-06 1.9201003863300713e-06 0.00023050730271807814 6.038909122014874e-06 5.251542225378997e-06 1.885560834289376e-06 2.0691585143039274e-06 6.182123886964374e-06 4.801462650077944e-06 2.98021273334819e-05 3.302756909972716e-06 2.0861685342029726e-07 0.00027346903688095183 0.00010049917405387492 0.00018897245101644113 0.00020743694603370794 9.952533533615e-05 3.808569417222914e-06 5.654476792534376e-05 9.541301886578858e-07 3.841689566134891e-06 3.839629960417042e-05 3.1249909635928368e-06 7.335605288631986e-06 1.2157299437405658e-05 4.4588269123231335e-06 2.1897961894544876e-06 6.814957661377964e-06 8.076091203970052e-07 1.2617262609880518e-06 1.1197335469355123e-06 2.601211490415206e-06 4.2097121402573e-06 1.0328584493574759e-06 4.3541292352174325e-05 1.1800310843654767e-05 0.0 5.125836948554315e-06 0.0009937039897683377 5.388520334468771e-06 7.966389660200998e-06 6.395540794411828e-06 0.0 1.284307162182985e-05 9.335871182652395e-06 4.348843847994146e-06 4.223183191852878e-06 1.3816174925404268e-05 2.934915172032762e-05 4.414996018314107e-06 8.02116741617111e-06 5.798372117198288e-05 2.207518139194976e-05 1.0774320036909746e-05 6.651590057402647e-07 1.8882769832949752e-06 7.244025135189652e-08 0.0 0.0 0.0 0.0 0.0 0.0 0.0 5.138723470300003e-07 0.0 1.7926022314770633e-06 0.0 0.0 4.7042592869460673e-07 8.698823075122785e-07 0.0 1.228044559782759e-06 1.3317005429923688e-05 6.431218102195337e-06 3.430695763001592e-07 1.995061535355511e-06 1.7796136865128217e-06 1.1583446580364826e-05 3.4823609450807866e-06 9.829974377803548e-06 7.010295731367449e-06 2.941216648092397e-06 2.9973175959104315e-07 1.70729796171722e-07 8.215568280869557e-08 3.9163218719724815e-07 5.879445949150072e-07 9.232157197517098e-07 2.623714546934918e-07 9.114810148885661e-08 8.826555019859057e-07 9.028249772699846e-08 0.0 6.198164178983308e-08 1.0450486083219468e-07 8.741718043128777e-07 0.0 0.0 1.8696332684977069e-07 7.810751597076112e-07 2.329610270517062e-06 2.202646108123496e-07 5.653594654526446e-07 7.846401935042197e-07 1.04550117189408e-05 4.261201458834749e-06 0.0 1.4582295748699826e-07 0.0 0.0 0.0 1.1234279928452005e-07 8.007366914828717e-08 9.64125811759064e-08 2.4311343384599e-05 4.628445922569463e-07 0.0 0.0 1.464371094712538e-07 1.0319560384945565e-06 3.3809915088701166e-07 1.6235783107208512e-06 3.2349207499876734e-06 7.137249422347544e-06 2.7892405193164693e-06 1.1243886168266076e-06 2.19891987300967e-06 7.168898946982975e-08 0.0 0.0 7.423281507239324e-08 4.3689594994410025e-07 1.1230566133311212e-07 9.745934755922795e-08 0.0 9.068600407799416e-06 9.443409737138698e-06 1.354927833677914e-05
0.0002763515835007139 0.001241040200455785 0.0 3.480596181612082e-05 0.0002326572235224135 2.1707867317302116e-05 7.456101711638396e-05 0.004337179069002432 0.000677843819270261 5.3450333627035576e-05 0.0010990645474898949 5.4084441820441824e-05 0.00027697474763335863 0.0012795657473875055 3.367093810312891e-05 2.4397966616836504e-05 2.1887959737149354e-06 3.951051276970412e-06 9.095828051382218e-07 3.2688268614689054e-06 1.935835675134299e-05 1.5561037370796282e-06 2.4779106188570223e-07 3.5110067069901294e-07 2.8144814947945884e-06 2.8523061316111013e-06 2.1446615245128854e-06 1.0510663184506264e-06 2.462678158615254e-07 2.6564492662214296e-07 0.0023201478723025217 0.0006251823191415491 6.353304934335186e-05 3.7792338213125263e-06 4.237364767175925e-05 1.1485929951582257e-05 3.351782130161295e-05 7.470933265075482e-06 1.5342863866514706e-05 1.8619829497627769e-06 2.45592519479853e-05 1.0763938013688751e-05 9.291145410140002e-06 7.506463090802816e-06 1.1902629500538234e-06 1.3190120610957416e-06 8.37802190028541e-05 3.088730289449824e-06 1.1205723518192938e-06 4.907676022100077e-06 3.4690707307704983e-06 1.1442468391329333e-06 4.947642727429082e-07 4.292393698663602e-06 9.109082671709385e-06 9.437053622247157e-06 5.4377154584415186e-05 0.00013585991019768543 2.5455879883210396e-05 3.754206072817214e-05 1.5349813025138388e-06 4.080358659373042e-06 1.0730893513708527e-05 0.00019760184160347028 1.8900202944272053e-06 4.004159942569386e-06 2.0287723017637545e-06 6.222944930600935e-06 5.716743700661488e-05 3.0208845767124395e-05 3.419344911262013e-05 1.5596738825140927e-06 4.0176342034133256e-07 0.00010578336595897296 5.1387256836888225e-05 7.913855794694636e-05 0.00011243382721013474 0.00011464153386179158 1.4794664891698744e-05 0.00026926481065300443 5.023078095284675e-06 2.1057111837288513e-05 1.2863922588172063e-05 1.0146881152361496e-06 1.9757946308453516e-06 3.580186417147755e-06 8.114956172130641e-06 4.0377701966423267e-07 2.6167155732773753e-06 1.2372746448094133e-07 1.3758558451403477e-06 5.653385446823934e-07 1.570443174337062e-05 1.2422006353667584e-05 2.380412341240342e-06 3.3227252359658926e-05 1.2146092328561919e-05 0.0 5.635081691786161e-06 0.0003354854466529333 1.5165015626625269e-06 1.568269920422315e-06 2.5869858298348883e-06 0.0 2.3960636855917915e-06 3.5405262391507196e-06 1.8848932775450032e-06 2.770669757020631e-06 5.0140159333514465e-06 7.027384747300922e-06 1.6064525924555932e-06 2.8617843764544102e-06 1.2547967962312477e-05 8.443536620691127e-06 4.562234833316942e-06 1.0362010359235357e-06 5.10656768397835e-07 0.0 4.1678197480566636e-07 0.0 0.0 3.7206133047365084e-07 0.0 0.0 1.0290868436327834e-07 7.470358644193479e-07 0.0 2.2635163960281747e-07 1.3557077097036256e-07 6.658010098095332e-07 1.1133030458577023e-06 0.0 4.8326753199157e-07 7.431542288977145e-08 4.313241119392936e-06 1.4827767847421039e-06 4.164694315115607e-07 6.421841621404477e-07 4.0125729650942035e-07 3.955824625860425e-06 1.9079728242511803e-06 3.9394531085311454e-06 2.468380270598294e-06 5.168601407126913e-07 9.99860362166711e-07 0.0 6.752814382651291e-08 2.4432702567157116e-07 7.944095645958629e-08 3.262524421531927e-07 5.263450521904839e-07 0.0 4.106247505999909e-07 0.0 0.0 0.0 5.174269094131387e-07 9.438979689596685e-07 0.0 0.0 0.0 4.6188624011458607e-07 1.5072013097915274e-06 5.590747756367618e-08 5.121901163859285e-07 6.824676291054781e-07 3.903178814382197e-06 1.1965902754510405e-06 0.0 1.5395332353235487e-07 0.0 0.0 1.2125696082936095e-07 0.0 1.729011780249245e-07 1.3652045483364137e-07 8.96537044569288e-06 8.237971040106693e-07 7.467725957701983e-07 0.0 5.048310452111264e-07 3.631551975638879e-07 1.0629632723237511e-07 7.286065296183433e-07 8.146003962698162e-07 2.1234247866665122e-06 1.4789688847343877e-06 6.660589958814814e-07 9.63684115517983e-07 5.940276810721779e-07 0.0 0.0 0.0 0.0 1.1100318071688902e-07 9.306716583938291e-08 0.0 3.6069224612288643e-06 4.09889909372044e-06 8.474714148707898e-06
0.0008137359189817037 0.0009584604002660753 3.480596181612082e-05 0.0 7.929721025523912e-06 0.00031419374619898665 0.0002964592282037573 1.5020151754665566e-06 1.557914795334501e-06 0.0017219249723755127 1.878474736707224e-06 0.00010205456553632832 0.00018028392482847394 3.494971247591925e-05 2.9066758829337645e-06 0.0 6.678412756703707e-08 0.0 2.2078279413939602e-07 0.0 0.0 1.8464442434118344e-07 0.0 7.562421723344251e-08 0.0 0.0 0.0 0.0 0.0 0.0 4.309445728285408e-05 1.7213381641357403e-06 5.744506374470989e-07 0.0 0.0 0.0 1.4302203910842237e-07 0.0 0.0 0.0 0.0 0.0 5.849231206670305e-08 0.0 0.0 0.0 2.6199048586810774e-05 7.827272609134507e-07 0.0 0.0 0.0 1.164636340925858e-07 0.0 0.0 5.184225406697214e-06 6.5729917767758985e-06 2.6758104206212463e-05 4.452820063459917e-05 1.6739726464397146e-05 2.9512966363777114e-05 0.0 0.0 0.0 1.0097086548514535e-05 1.0697896744404981e-06 7.616323200114655e-07 2.0964033896756176e-07 4.2474020492984977e-07 1.7301346863256687e-07 0.0 3.745804250128046e-07 4.013626392597837e-07 0.0 6.946229812900836e-05 9.941620075407748e-06 2.5559294481867026e-05 5.1989619112410555e-06 8.202262031345802e-07 8.671939389074499e-08 7.04748679528436e-08 0.0 1.347652055180708e-07 7.774167731772006e-06 7.323347718909391e-07 6.073700759963003e-07 2.399901726066085e-06 2.135015555086359e-07 2.599643419683235e-07 1.1378667100203958e-06 2.2418098562037748e-07 7.908101333915506e-08 1.339396456764984e-07 7.096932379586505e-08 0.0 0.0 2.3158046012922518e-05 9.38850085966205e-07 0.0 3.07307521200363e-07 0.00015525103837064666 5.022438506422937e-07 8.899465150387389e-06 2.7112759097415928e-05 6.300119846717483e-05 4.1745574050821017e-07 1.7943424601868972e-06 1.6075567260833502e-05 9.443129104360524e-07 2.3728684024716125e-05 1.947231706694378e-05 0.0 1.5477407391272194e-06 4.969936849197818e-05 3.7199969470832756e-06 1.1098145542887834e-06 0.0 1.0772964813234095e-07 0.0 0.0 0.0 0.0 0.0 0.0 0.0 0.0 0.0 0.0 0.0 0.0 0.0 0.0 0.0 0.0 0.0 1.3217813777520423e-06 0.0 0.0 0.0 9.580898442054237e-07 1.2966380196686938e-07 0.0 0.0 2.525261148480929e-07 3.263621631564763e-07 0.0 0.0 0.0 0.0 0.0 0.0 1.4337378816860235e-07 8.633066127598546e-08 9.593063147598707e-08 0.0 0.0 0.0 0.0 0.0 0.0 0.0 0.0 2.7438903660299435e-07 6.820821553666328e-07 0.0 0.0 0.0 0.0 0.0 9.102320548300812e-08 8.255863647418721e-08 0.0 0.0 0.0 1.3916571915247814e-07 0.0 0.0 8.106767923817142e-07 0.0 0.0 0.0 0.0 1.6757782903286642e-07 0.0 0.0 1.4416410031708053e-06 7.139048691301732e-07 2.828081412600174e-07 0.0 0.0 0.0 0.0 8.714853436117149e-08 0.0 0.0 6.299534519518258e-08 0.0 0.0 2.7924239172382543e-06 4.775487286085437e-07 2.9305717367001526e-07
4.180596857592726e-06 0.0017327253701911397 0.0002326572235224135 7.929721025523912e-06 0.0 5.360675131143141e-06 0.0010008031882770458 0.00014274937087409967 0.0013523634055665904 0.0006153431239204719 0.0013606357606701035 0.00010636937476505248 0.0005579108015810315 0.0015213618498259908 1.6418653296938398e-05 7.99454593453669e-06 1.5210347307434116e-07 8.656951868372677e-08 0.0 4.657646112461324e-08 3.6427302508749075e-07 0.0 0.0 0.0 2.23744362417945e-07 1.17223079006559e-07 6.275311862807825e-08 0.0 0.0 0.0 6.057907099783539e-05 3.2071962436255764e-05 6.467952482350466e-06 0.0 8.380292878569878e-07 1.8609746392180776e-07 1.0164653633426841e-05 3.2631443247980414e-07 8.600537914070053e-07 6.593382563371003e-08 2.541121893530925e-07 0.0 1.095617208983964e-07 1.3112060497018643e-06 0.0 1.2569869290278448e-07 3.185681565020015e-05 5.137174098126789e-07 0.0 1.352330830499139e-07 1.9551439668171506e-07 0.0 2.2572079621857493e-07 2.967279251807136e-07 2.2805301710786545e-06 2.5288922586059302e-06 8.621337416640851e-06 6.371649815173879e-06 5.892324447774855e-06 1.0127968908394568e-05 1.4799347912929956e-07 2.909240436310543e-07 0.0 5.1674245173022665e-05 5.040032190446797e-07 5.583541339542746e-07 1.1772284499764368e-07 3.53180418034547e-07 5.854059746912305e-07 5.381132280803606e-07 1.4577846644177844e-05 2.0411620572281686e-06 0.0 2.7869825205668138e-05 1.5617092672294826e-05 3.2569012504415905e-05 6.117529253652765e-05 3.618343543674354e-05 9.88214314168116e-07 7.471883919433111e-07 4.095055390191047e-07 4.3120879791090043e-07 4.6402276633235515e-06 2.4476772384743956e-07 1.1071171534694918e-06 9.045168080882807e-07 6.329485463988322e-07 2.3884487954148117e-07 5.826656019260858e-07 6.566245666524104e-08 6.052807284865419e-08 1.9768807794482664e-07 3.1553788124881267e-07 1.1874812265095237e-07 5.5247050644273537e-08 3.344234075614253e-05 5.109507763526886e-06 8.198528385184216e-08 1.5011392822589194e-06 8.111027677171582e-07 3.452961958243987e-06 6.301520150958525e-06 7.000628295267599e-06 6.03345860517792e-07 5.233400173448134e-06 5.632996281395527e-06 5.537054825599033e-06 3.1211914892406135e-06 8.616393646737294e-06 2.2855142424143477e-05 5.03537621623142e-06 1.247073419122777e-05 5.0123986155453814e-05 1.4109292628145197e-05 1.0417837682788395e-05 8.331435932176088e-07 5.608026581144946e-07 0.0 2.8277719572426366e-07 0.0 0.0 0.0 0.0 0.0 0.0 0.0 0.0 1.0384466275094845e-06 0.0 4.5573192739196086e-07 0.0 7.42108399923708e-07 0.0 0.0 1.1987788196145566e-05 3.7162040566529506e-06 3.668929848689836e-07 3.0406340121162937e-07 0.0 1.0349879394912066e-05 1.6049856020186872e-06 7.513052146395069e-06 4.915099895829437e-06 1.0305082649486162e-06 2.140587957191007e-07 0.0 0.0 1.5082526584521493e-07 4.367575276732475e-07 4.796041474152564e-07 0.0 7.757320148364802e-08 2.002064600529006e-06 2.3158893441972004e-07 0.0 0.0 1.0565737580897155e-06 9.02787370613919e-08 0.0 6.086147074294172e-08 0.0 7.47654515968317e-07 2.0592825487447763e-06 5.399864255445006e-07 2.896681688003249e-07 1.0813551438371732e-06 6.000023194484822e-06 3.6002200728503747e-06 0.0 5.290762990002344e-08 1.027009853383471e-06 0.0 0.0 0.0 0.0 0.0 1.9070334871810744e-05 1.8111074412908918e-07 0.0 0.0 0.0 9.99182504948214e-07 0.0 1.9309278940286142e-06 2.163347003652242e-06 3.9203223379102745e-06 1.405643873385564e-06 1.0405020628587152e-07 1.6011137541531414e-06 0.0 0.0 0.0 0.0 6.277108931607208e-08 1.4573632046381548e-06 0.0 0.0 8.680836892304382e-06 5.889631408665967e-06 1.285806406117349e-05
0.0001660715694279307 0.0003961288505742877 2.1707867317302116e-05 0.00031419374619898665 5.360675131143141e-06 0.0 5.662678948693611e-05 1.0189356932978325e-06 1.2347437168561953e-06 0.0012268588617844755 2.263585279070341e-06 9.48902790677685e-05 3.7747778913478946e-05 5.0262477960021095e-06 8.39459945411663e-07 3.577353781249283e-07 0.0 0.0 0.0 0.0 0.0 1.3185571087841062e-06 0.0 0.0 0.0 0.0 0.0 0.0 1.249741747570694e-07 0.0 1.1359163196562173e-05 7.824082439808966e-08 1.7874372826026207e-06 0.0 0.0 2.803978303148319e-07 1.1765453763508077e-06 5.312618743333068e-07 5.2507520168969615e-06 8.634222449559981e-08 0.0 0.0 0.0 0.0 0.0 0.0 3.179928663648849e-06 1.9057053855140094e-07 0.0 0.0 3.2791723698399777e-07 1.3433937928584983e-05 5.947112950867061e-07 0.0 1.3474975535830095e-06 6.806120880215025e-07 0.00013577554951862833 1.014856559418872e-05 4.625299386890464e-06 4.690962858163435e-06 2.6978794494594955e-07 0.0 0.0 6.137897196685687e-07 7.032257202412263e-08 7.852217953285405e-08 0.0 0.0 0.0 0.0 9.098207030799578e-07 0.00016474362268705442 8.249660203419622e-06 1.0255848208361056e-05 5.459595149897656e-07 1.916006135347356e-06 7.801331626007187e-07 9.58783240361867e-08 0.0 0.0 0.0 2.0816272272035613e-07 7.022149062622373e-07 2.5314444106088835e-07 9.017853351974602e-08 6.227987580644749e-08 0.0 3.896650392630133e-07 2.867720316919922e-07 5.625361898618959e-06 2.042891930322153e-07 2.2623916702748455e-06 0.0 2.3948867020262127e-07 5.650090287655062e-07 0.00010895183506393526 0.00012569298499540623 1.2715428047221155e-05 1.096978869904521e-05 0.0002692234664687998 9.101852836194143e-07 1.0760843162348065e-05 3.444541425416301e-06 1.6335401705441568e-07 2.710248896226799e-06 5.502691870445019e-06 1.3624119414699622e-05 4.124454145432604e-06 5.480118105692061e-06 2.0986524237594235e-05 7.870829939534436e-07 4.276545663781087e-06 3.622101195234261e-05 1.221859283879028e-05 2.9839302549667206e-06 2.3455322669945617e-07 2.213228687310437e-07 0.0 0.0 0.0 0.0 0.0 0.0 0.0 0.0 0.0 0.0 0.0 0.0 0.0 0.0 1.096180316273909e-07 0.0 0.0 3.813193993740396e-06 5.012221296302111e-07 0.0 1.1403764745797745e-06 0.0 2.458988625833214e-06 0.0 7.116585937868411e-07 5.096640353902887e-07 8.262318427397802e-07 0.0 0.0 0.0 0.0 0.0 1.7331886555918556e-07 0.0 7.050621602318571e-08 0.0 0.0 0.0 0.0 1.6142144298140243e-07 0.0 0.0 0.0 0.0 7.108259592620235e-08 4.5041209644192187e-07 1.1767658660501396e-07 1.4639362470736327e-07 0.0 3.76595568303989e-07 8.87341070764787e-08 9.654139224418984e-08 0.0 0.0 8.180543911759273e-08 8.164343824537097e-08 0.0 0.0 0.0 7.128538981903634e-06 3.346053436558574e-07 0.0 0.0 0.0 7.944877555611136e-08 0.0 1.0303629334196912e-07 1.0701919608911235e-06 3.549224939921497e-07 1.9942103897537996e-07 1.662037358591178e-07 2.0306664585973522e-07 0.0 0.0 0.0 0.0 0.0 0.0 0.0 0.0 5.3087351502802175e-06 9.48222348415146e-07 2.9015633407542264e-06
0.00017858768681336626 0.0016689819525250171 7.456101711638396e-05 0.0002964592282037573 0.0010008031882770458 5.662678948693611e-05 0.0 6.228713439285785e-05 0.0013351357087751483 0.0025848832699433637 0.00023352583071614734 0.0005112379718397392 0.0023334845684893353 0.002119373733804462 3.309177877597788e-05 1.4176875003857691e-05 2.805772284011133e-07 2.0225960812340102e-07 7.249960038990745e-08 7.712371923107696e-08 3.1837767454311626e-07 1.8334886401137707e-07 0.0 0.0 3.53711708549492e-07 1.430725158429714e-07 0.0 0.0 0.0 4.8573268689588e-07 0.00013284405617071678 4.0859487834765066e-05 9.055648570681126e-06 1.5987524697151522e-07 7.235477230492691e-07 2.2062294930859973e-07 1.620084871836416e-05 8.398104096696639e-07 2.4670072912873794e-06 4.870096424078615e-07 6.0627035150083e-07 4.2514687514756845e-07 2.7704521898326954e-07 2.6434399052562133e-06 1.3348199693453827e-07 2.585012555655069e-07 6.997081942384395e-05 2.0555309318951924e-06 1.3408703950591693e-07 1.9166469924687565e-07 5.3500364838507924e-08 1.7849864755750095e-07 5.75242125217142e-07 3.7768009574020463e-07 6.9757341446936685e-06 1.1397621075427943e-05 2.5901989811283448e-05 2.8103650167341706e-05 1.5064030897683482e-05 3.3166532906427266e-05 4.487146742527677e-07 7.069011973977088e-07 2.3109062968433292e-07 8.247825466756861e-05 1.9590496386164656e-06 1.1633081863227375e-06 6.966273842967492e-07 5.35385124348903e-07 7.32097122086963e-07 3.9310205051799804e-07 2.1661289284638363e-05 2.3067883569757966e-06 8.190784832821608e-08 8.27167720521374e-05 3.3361858029139846e-05 8.055613705359018e-05 0.00011621701179814878 6.199575279422578e-05 1.4238270003869589e-06 1.4089410011139979e-06 7.059691809429394e-07 5.796828481970084e-07 1.2893326863100236e-05 8.754810618470343e-07 2.3945874148026613e-06 3.5782550892777143e-06 1.5859876567836394e-06 8.842678294659098e-07 1.6585268765025541e-06 4.825265044135586e-07 7.977566121274291e-08 3.7709039359656413e-07 1.3315302692072298e-07 1.851090871104918e-07 6.485578231287086e-07 6.769345766868055e-05 9.857709992466038e-06 0.0 2.8734692773120422e-06 3.108776030012771e-05 8.474508508674959e-06 9.470250467783648e-06 3.161410653786527e-05 3.937880797400565e-06 1.2837767158878413e-05 1.825378325253671e-05 1.6742296526432193e-05 7.781392113770702e-06 3.616301898718989e-05 5.437200382350644e-05 7.908207288739013e-06 1.7794382900614826e-05 9.434401385808677e-05 3.0954897969349874e-05 1.6012909609072937e-05 3.147634813477552e-06 1.8493233086422814e-06 0.0 1.0049388488172362e-07 0.0 0.0 0.0 1.0651530604845711e-07 0.0 4.496734840714408e-07 0.0 0.0 1.4224374123886442e-06 0.0 0.0 0.0 1.0695598988747713e-06 4.816654774148287e-07 5.637715051006692e-07 1.7940068996341773e-05 8.076635033713133e-06 0.0 1.4685769635738576e-06 1.994201170057474e-06 1.270359987713509e-05 3.5033881884876815e-06 9.594321702317243e-06 8.088183337490988e-06 4.575186929601331e-06 8.476552959792684e-08 7.820457974261758e-08 0.0 5.436234909757407e-07 7.247865866580098e-07 1.596642096665866e-06 3.8899546984569906e-07 1.0670743360182472e-06 2.0357056622833895e-06 0.0 0.0 0.0 1.5497208839659039e-06 2.3362371367897626e-07 1.9116998423774934e-07 0.0 0.0 8.565900419298414e-07 3.503128459937241e-06 1.5538793474867253e-07 1.8943110098599147e-06 2.2184194369977426e-06 1.581365771182309e-05 4.386980675197728e-06 8.423805599314728e-07 6.936982228096515e-08 0.0 4.919537872751426e-08 0.0 0.0 5.031678715470198e-07 0.0 3.8581325747099015e-05 3.432026829087763e-07 0.0 0.0 8.54477871260338e-08 3.5098135834418087e-06 0.0 2.02075862663565e-06 4.011026636744178e-06 5.581555939697723e-06 3.2236804292833094e-06 2.4286244823652576e-06 4.348729820422183e-06 0.0 7.927930408306295e-07 0.0 6.496946304338623e-08 6.224412191232291e-08 1.1608558794402209e-07 0.0 0.0 1.9523158133894586e-05 1.3014985024088252e-05 1.9206153096783693e-05
9.880938372200638e-05 0.0014888873698952836 0.004337179069002432 1.5020151754665566e-06 0.00014274937087409967 1.0189356932978325e-06 6.228713439285785e-05 0.0 0.0001972319910646402 6.547295644961764e-06 0.0013358945001383754 0.00013206253361862795 0.00037798254559530414 0.0016558325505016147 4.824259267353124e-05 3.374072235406822e-05 3.00132075827855e-06 1.2038550267061936e-05 3.1715676949118998e-06 1.449337751789128e-05 9.370151806800485e-05 6.495288854385513e-06 1.2385880655437643e-06 5.301076538229932e-06 1.939079702484935e-05 1.149623338681758e-05 7.908382689050265e-06 9.011969647264655e-06 2.2662880396652474e-07 1.658051902230776e-06 0.0010165551081755132 0.00099839067909323 0.00017098583153899824 1.7275890041012432e-05 0.00019456225472718684 7.99654287775031e-05 5.8014862913020495e-05 2.5794798131328874e-05 3.5151835580703813e-05 4.846698522140576e-06 0.00010083829341489074 4.025366126937667e-05 8.162729720390729e-05 3.4311386723606105e-05 2.8052178670569595e-06 1.826958935213779e-05 6.850166352179106e-05 4.185184020450178e-06 4.4598073597544744e-06 2.5453073026068098e-05 1.356177947301275e-05 2.730655607751921e-06 2.6973203399445715e-06 1.4953206668404902e-05 3.396388385191636e-06 2.8833614049106256e-06 1.745613879316262e-05 2.6007595438789705e-05 8.101071800225378e-06 1.146540599220846e-05 2.6175953611450106e-05 4.54639658112776e-05 5.718573476223303e-05 0.00017620160460702337 6.980954996248344e-07 8.262872050311143e-06 3.46212666724215e-06 2.0296523675456802e-05 0.00016894453371733031 0.00015644696809786655 5.4400200886175696e-05 7.605624051322257e-07 1.0839449190387097e-06 3.756009191215184e-05 2.4993016018920764e-05 5.604608401340274e-05 0.00010681891476755154 0.00012861012525021228 0.00039707819012161077 0.0013513083072135648 0.0002363208435759471 0.000751977149052297 5.932930973560842e-06 3.6819929783505507e-07 2.7218630888511865e-06 1.8547032440719558e-06 2.0277473935599996e-05 1.5908908037788017e-07 1.4581119906567944e-06 0.0 3.0429896500417006e-06 6.609475785931223e-07 6.638212743430108e-05 3.866229834215324e-05 1.0679214005809326e-05 4.538086678590394e-05 2.2592576815438248e-05 0.0 1.0411747830741638e-05 5.471695438328223e-05 6.160866978275201e-07 0.0 1.963251989435766e-06 0.0 1.5024669240440022e-06 6.837131317778409e-07 7.48508611652285e-07 4.127413491499658e-07 3.336342366812178e-06 4.14598710462265e-06 2.5488217791619514e-06 2.702354117684924e-06 6.7888523173126145e-06 3.311796789135099e-06 2.5136863380761334e-06 7.298960629576688e-07 6.888335537098005e-07 1.2773396292338817e-07 0.0 9.987179800332167e-08 0.0 7.839541642821617e-07 0.0 0.0 6.903179689316291e-07 3.500771002334928e-06 2.4643752003265103e-07 2.8312183150199136e-07 4.5367230678584605e-07 0.0 2.8108170956105453e-06 0.0 1.517728179294271e-06 1.0219523867583006e-07 3.1160551754636716e-06 1.7205429818701597e-06 2.2041435367922912e-07 9.55859868755835e-07 8.448743333907657e-08 4.507988505716086e-06 8.192865109517692e-07 3.7913348657361358e-06 4.492663859539405e-06 1.356491356320454e-06 2.2444932124258524e-06 5.485476910812933e-07 7.738603613406248e-07 3.5718843838858826e-07 5.904684481849798e-07 3.072981029938293e-07 2.08469426505844e-07 0.0 5.021599745652535e-07 1.410818775341267e-07 4.3099111492534277e-07 3.8174698539925423e-07 2.0160118836276793e-07 5.0733027384121745e-06 0.0 0.0 0.0 2.970012020528481e-07 4.4290076242343345e-07 0.0 3.888579794699893e-07 1.308559660491849e-07 2.8652531658851873e-06 1.3603201164425246e-06 0.0 0.0 9.72980690435963e-08 0.0 0.0 7.67922402687998e-08 4.041855591864097e-07 7.629184731630827e-07 8.844114499471248e-06 1.3430422842162367e-06 1.2559430245000219e-06 6.85784613368882e-08 6.457443158944439e-07 6.702721544787711e-07 3.615006425513107e-07 2.735036149053737e-07 1.1581966697792746e-06 2.035961415115498e-06 3.377289955192148e-07 3.8751344226053855e-07 4.7563442298883614e-07 6.737170124011432e-08 0.0 0.0 0.0 9.595028398657627e-08 3.899050822178299e-07 4.036555589878166e-07 6.348900920304112e-07 3.7102095336193973e-06 3.26496922913992e-06 8.714986498612382e-06
7.415780027046997e-08 0.0008394254573344223 0.000677843819270261 1.557914795334501e-06 0.0013523634055665904 1.2347437168561953e-06 0.0013351357087751483 0.0001972319910646402 0.0 7.299194304765167e-05 0.0003004397658837402 6.0922314419450176e-05 0.0005902404385770916 0.0010911627565308101 1.4049399440569185e-05 7.368760976385362e-06 2.4353936473720395e-07 0.0 0.0 1.2859945640179748e-07 1.2696335732438908e-07 0.0 0.0 0.0 5.448244997906559e-08 0.0 5.972619086355476e-08 0.0 0.0 0.0 1.4776127385376916e-05 1.7074510809118863e-05 7.224224966090813e-06 0.0 9.897336616723748e-07 2.0587203623216295e-07 6.486058846557274e-06 8.790006092351553e-08 1.101275180016592e-06 1.8911800627464147e-07 2.563003232621788e-07 7.538887125071337e-07 1.6118230435086652e-07 1.6769891860547712e-06 7.014995636994684e-08 1.9692643839022083e-07 1.4421314650987252e-05 5.6673114893303535e-08 0.0 0.0 1.7610828137404402e-07 0.0 6.548219836805836e-08 0.0 4.5840326823228356e-07 7.542144319162935e-07 2.305916919219493e-06 1.797283245549506e-06 1.1649936868710686e-06 3.728972343513103e-06 6.790219771422741e-08 2.6528342299091015e-07 0.0 2.072516725277606e-05 2.2036418022416443e-07 3.14361041051718e-07 1.4254866946082542e-07 2.111796036626873e-07 6.806724130680359e-07 7.490835633846388e-08 8.874136571251663e-06 2.3609513819735462e-07 0.0 9.71777941623933e-06 6.556170815793256e-06 1.8723631885975676e-05 3.885942305915619e-05 2.641371648353217e-05 9.284926724968269e-07 6.739471077888714e-07 1.860920159194334e-07 9.056767142618009e-07 1.4234693511622645e-06 2.0915242293305847e-07 5.505585774313511e-08 2.1221002052471344e-07 2.395284825276644e-07 5.359939386142331e-08 1.5895539478115648e-07 0.0 0.0 7.674653329341446e-08 2.940135517386407e-07 6.146990453037326e-08 0.0 1.7656363373889e-05 1.71002042996444e-06 0.0 6.69560114905296e-07 2.00025315076789e-07 1.982419495473455e-06 2.2757220553313853e-06 2.8915913072827628e-06 0.0 4.533579995079757e-06 2.737367568733771e-06 2.305621376119031e-06 2.0519459257659925e-06 5.6372741102072365e-06 6.8804052803706285e-06 1.797559720641658e-06 5.772166897133136e-06 1.7008949537517967e-05 7.10790706606174e-06 2.918676448107106e-06 3.4511180520638676e-07 7.544901432955615e-07 0.0 3.087506683556235e-07 0.0 0.0 0.0 0.0 0.0 0.0 0.0 0.0 1.781061708196522e-07 0.0 0.0 0.0 7.718219702984173e-08 0.0 0.0 5.5982331682614495e-06 1.269579754920841e-06 0.0 7.747780188903509e-07 0.0 3.7423214988126413e-06 4.785829226786937e-07 1.3220005936775395e-06 1.879477003718925e-06 7.969707212424168e-07 0.0 0.0 0.0 2.795204207097718e-07 2.8725843132907354e-07 2.400298751996199e-07 0.0 4.668558218593498e-07 7.409353259063926e-08 0.0 0.0 0.0 0.0 0.0 2.7747049401881297e-07 0.0 0.0 2.1840385332124233e-07 4.887526943739867e-07 0.0 0.0 3.6846564890660033e-07 4.866046909576935e-06 8.920463361676375e-07 0.0 0.0 0.0 0.0 0.0 0.0 0.0 7.313688984173658e-08 9.271128743602686e-06 0.0 0.0 0.0 0.0 2.143795110167679e-07 7.038898030569591e-07 4.3412022030524693e-07 1.619826098340643e-06 2.9726604499823006e-06 1.4678319216783072e-06 5.217483663572216e-07 1.5959219236880362e-06 0.0 0.0 0.0 0.0 0.0 0.0 0.0 0.0 5.273195569981833e-06 3.0896556723551435e-06 5.97674307527018e-06
0.002072876923908246 0.001173902110991166 5.3450333627035576e-05 0.0017219249723755127 0.0006153431239204719 0.0012268588617844755 0.0025848832699433637 6.547295644961764e-06 7.299194304765167e-05 0.0 8.279731734018356e-05 0.001764421851423715 0.0038490509609047626 0.0008697568131139507 7.235924054914144e-06 1.9746148736510344e-06 7.218205022722295e-08 7.143754320639963e-08 0.0 0.0 1.522871060450593e-07 8.322591971560628e-07 0.0 8.956253428772184e-08 1.578169497667869e-07 0.0 0.0 9.23439435241921e-08 0.0 0.0 5.960823934582589e-05 2.3354224564104208e-06 9.495864554225999e-06 0.0 6.79949736655917e-08 0.0 2.3514833113298145e-05 0.0 2.1202627065353946e-06 8.474116246989831e-08 0.0 2.753223654308053e-07 1.339010244127031e-07 3.543745727331147e-07 0.0 0.0 5.079612026399912e-05 2.376598723035802e-06 0.0 0.0 9.877649587415111e-08 5.4787260308019745e-06 4.7057105068497856e-07 2.251973358285e-07 1.2927984942277608e-05 1.4396490188524666e-05 9.639521452690452e-05 7.595391068462573e-05 3.207800268832139e-05 4.741164062198129e-05 0.0 6.087185117256687e-07 2.010471243156307e-07 2.1482833355374778e-05 3.2631240436717935e-06 1.203747798108855e-06 9.640035074142636e-07 5.39549862997965e-07 7.199189950467637e-08 0.0 6.684326285918158e-05 7.340719111202365e-05 2.2900925125659e-06 0.00014131877108038049 1.94654166536045e-05 4.6769141319371514e-05 1.2852249184363981e-05 4.514530067741083e-06 3.382526213344631e-07 4.0558265748759326e-07 9.083090974738098e-08 4.324554971586836e-07 1.5619263304220577e-05 1.487592300508793e-06 1.6180232176035038e-06 5.905616183996738e-06 7.20978659079431e-07 1.2245028343930697e-06 2.2823183730887477e-06 2.967948280835551e-06 5.129124233484938e-07 1.187966181433425e-06 0.0 4.801683795963796e-07 5.797226770645688e-07 0.0003887753348841092 0.00017987527464237012 3.0152324032807193e-06 1.0051218074046648e-05 0.0003869352348504906 1.0932437713099091e-05 3.8945231153338035e-05 4.858885263420967e-05 5.5424173605061455e-05 2.395983458242657e-05 3.889094126377488e-05 4.890294437410759e-05 1.534441667953152e-05 7.86124505721307e-05 0.00014639728397836696 1.3707064782143975e-05 4.921442272160339e-05 0.00025576188479166525 9.523344429290389e-05 3.233820522599676e-05 1.205968421521979e-06 1.3604665066925591e-06 0.0 4.48670963407807e-07 0.0 0.0 7.900221581493537e-08 0.0 0.0 0.0 0.0 0.0 1.0631676661537205e-06 0.0 0.0 0.0 5.349526753750102e-07 0.0 1.0954260877670677e-06 3.649241055397432e-05 6.18859978070974e-06 0.0 9.64203341023621e-08 6.572359229512371e-08 1.8178183849079265e-05 1.8692706234327787e-06 7.338197015850567e-06 4.951213992240552e-06 1.949661506379231e-06 0.0 0.0 5.506736251252153e-07 1.0092255554465796e-06 9.211774996488493e-07 1.01248686311082e-06 0.0 7.718423617081145e-07 1.3496729773246132e-06 0.0 0.0 0.0 1.005404289084859e-06 1.4376282406284618e-07 7.172816325370388e-07 3.776695912416995e-07 7.185782791588164e-08 1.0413428418162314e-06 5.21960633322605e-06 8.068437367193101e-07 2.6343506687362865e-07 3.4266752695894835e-07 1.2334879870482011e-05 1.86176102637861e-06 2.066775244860405e-07 0.0 6.785691533012022e-08 0.0 8.368111354799449e-07 0.0 1.0886719985077469e-07 0.0 6.386265104973395e-05 7.801718610629279e-08 0.0 0.0 0.0 4.932190207593434e-06 0.0 2.129431854442375e-06 5.408878278652802e-06 6.189312294502045e-06 2.800112719382669e-06 1.9499575402410403e-06 5.254665331339283e-06 0.0 1.3514718768292477e-06 0.0 0.0 1.9618326028495644e-07 0.0 7.260130930063044e-08 0.0 3.81955030107656e-05 1.1781631766469618e-05 1.22220483721505e-05
1.815513735983689e-05 0.001582723555656181 0.0010990645474898949 1.878474736707224e-06 0.0013606357606701035 2.263585279070341e-06 0.00023352583071614734 0.0013358945001383754 0.0003004397658837402 8.279731734018356e-05 0.0 0.00033014327149314017 0.001665392171968907 0.0040861618424149065 2.4992704357894242e-05 2.1319685298175307e-05 1.1240612514369734e-06 2.4171070800097735e-06 2.46190661560694e-07 1.5428615015837727e-06 7.00337156848745e-06 4.618381978871709e-06 3.4787076624683904e-07 7.309355175483301e-07 2.862180360205933e-06 4.054547794172872e-06 8.432106744794836e-07 3.5034863517855233e-06 3.468891884101462e-07 2.699827165450038e-07 0.00015936565580591374 0.00015157665471315896 0.0011023978596645526 1.240324908551718e-06 1.9375550795718995e-05 1.1450146529064243e-05 0.00016234344690110373 3.195448926747219e-05 5.09688031745362e-05 2.714645869762497e-06 1.5692256472671746e-05 5.857955228520944e-06 2.317957368402119e-06 5.227690893040918e-06 4.1268621293970184e-07 4.971593480296321e-07 2.952662057963875e-05 4.7159245187505936e-07 2.1248315402836445e-07 8.806955555608818e-07 4.576201234051477e-07 2.867262806032273e-06 7.720529479537366e-07 7.19140557668643e-06 1.482560585068934e-06 1.8842157346343356e-06 6.075470384726134e-06 6.236942866887675e-06 3.465513968232555e-06 6.971640362415611e-06 4.251138562829759e-07 5.3179333837925864e-05 4.092071886534518e-06 4.095837767996796e-05 5.11021966524605e-07 8.024615521941057e-07 4.4824832414669156e-07 9.63139976981244e-07 5.415331001845559e-06 8.565663999154888e-06 0.00010441818109071804 2.641335018808509e-06 3.373190443688922e-07 1.7518827252604618e-05 9.369285341724893e-06 2.8355301894351235e-05 5.506567758544713e-05 5.477848087976439e-05 4.536297169721431e-06 7.690865760590058e-05 2.723971410628324e-07 8.602274660028572e-05 2.5287746964494314e-06 0.0 7.719360585262768e-07 6.641595950698891e-07 1.168109696091419e-06 7.170641425475166e-08 5.341493927901101e-07 0.0 2.2023609151247108e-07 1.2777801564704042e-07 6.318895892830722e-06 5.404746404471504e-06 1.8602389603873358e-06 8.800679760704506e-05 2.222076294448135e-05 0.0 1.4990298559930417e-05 9.129586520896268e-06 3.8542329299010675e-06 2.8936310934105973e-06 6.000492351304672e-06 2.490992551845769e-07 4.583060644004471e-06 5.25788752697838e-06 3.1065788109531666e-06 2.7463014269025807e-06 8.370949107849951e-06 1.933007866342384e-05 3.321809180834678e-06 6.603048256992361e-06 3.616441433198424e-05 9.833403773986387e-06 7.1526928382844885e-06 1.6895318384927027e-06 6.009427014542659e-07 0.0 5.624186359766561e-07 0.0 0.0 1.1094813824755666e-07 0.0 6.955570503404034e-08 1.3303544270753474e-07 1.0482903572165298e-06 7.043222685733691e-08 1.7458056445884994e-06 0.0 0.0 5.895928858276885e-07 1.0158027776247695e-06 0.0 3.57593443326229e-07 1.6634970013933032e-05 5.695615400119053e-06 9.271570351617004e-08 1.0806624865798374e-06 5.161736979276996e-07 7.818719984305938e-06 1.5563740252702981e-06 7.209011358804631e-06 5.172826421194957e-06 2.6781501429907298e-06 8.080178804860797e-07 0.0 2.2475508817017493e-07 6.549911419486372e-07 7.45687693370256e-07 4.5239259970181523e-07 1.6266634460896898e-07 2.426082140075082e-07 2.459714180643348e-07 0.0 2.49288181760841e-07 0.0 0.0 1.104779954936737e-06 0.0 2.1327709560514507e-07 0.0 4.830598241439628e-07 8.82895258203755e-07 0.0 4.4289644482641007e-07 7.082841573607469e-07 9.194005675043955e-06 3.22762835618606e-06 7.017936896576123e-08 0.0 0.0 0.0 1.4208546794721454e-07 0.0 0.0 0.0 2.1887011646881907e-05 1.3831848365044697e-06 2.0949898315696895e-07 7.965067146596291e-08 1.0471696898941187e-07 9.093820561762383e-07 5.03895907734754e-07 1.508556610665588e-06 1.6638782760898328e-06 5.370503007604411e-06 2.123298214352241e-06 5.174931401383594e-07 2.0284630669731144e-06 0.0 0.0 0.0 0.0 0.0 9.39179144206779e-08 0.0 0.0 8.480727441984447e-06 9.295306625232878e-06 1.7866928858652464e-05
