0.0 0.0018163450954372933 0.00040019373005285386 0.0006697399645041341 2.385082149306814e-05 0.00014023219975505913 0.0004049598423364336 8.574979641300767e-05 1.5826493069148888e-06 0.0007119554735338057 5.7681214259496754e-05 2.878839871485155e-05 0.00010555886795745162 2.94220919027669e-05 1.5538127860778572e-06 7.163468137522949e-07 1.4158758517050156e-06 6.862356682176857e-08 6.58945331486419e-08 8.252937428107079e-08 1.9975088585523236e-07 2.23110002474541e-07 0.0 2.3366594784476336e-07 1.319203920028932e-06 6.430011342909054e-07 3.0418962870065994e-07 3.895201800495919e-07 1.903287702037767e-07 0.0 0.0003506420702315125 1.1683993012651904e-06 1.8439008196850145e-05 1.70789363369673e-07 6.917997624546948e-07 5.600365303832323e-07 7.489374661011404e-06 2.585736690412552e-06 8.826424030341601e-07 3.8929830781381356e-07 3.469862223211561e-07 4.4068768877559333e-07 9.843839471735622e-08 2.832495816020974e-07 7.011084020193231e-08 4.1229623153858933e-07 3.141617837302951e-05 2.839743759645597e-06 3.2242251896650406e-07 7.214541739820966e-08 1.5534668329969543e-07 7.102329067685507e-07 0.0 7.305684102214613e-07 4.7827189367472745e-06 5.148543772435971e-06 0.00018373222577155736 0.00023209455466626503 0.00011040478257326454 2.12510872614505e-05 6.190560659778076e-07 1.512228616367738e-06 7.432279982162632e-07 2.3187797556021656e-05 2.500938999716239e-06 2.0007516901783994e-06 2.0483729004802964e-07 1.0444878581018715e-06 8.178220646512874e-07 2.566913611722653e-07 3.4474588824192166e-05 1.5089651447781857e-05 3.662537541908493e-07 0.000244576126258379 5.991850862185127e-05 2.1256286464060204e-05 4.497888356393882e-06 7.260910502302758e-07 6.427138436290685e-07 1.7035890422892722e-05 6.717700226352684e-07 8.32720725793697e-06 1.1970795824568897e-05 5.164671706121817e-07 4.288959135001697e-06 1.61101115877056e-06 1.5067020060715186e-06 2.0645883001433527e-07 4.2048860907185355e-07 0.0 9.384895639821721e-07 7.282424090941373e-07 0.0 8.254635224045117e-08 4.2905128407262735e-07 3.336530084917094e-05 1.3111060872783673e-05 2.0975332284977954e-06 1.376260452786154e-06 0.0008638427284767856 5.592671111978574e-07 2.3586099107053365e-06 2.107291385660936e-06 2.521526477399332e-06 1.082621555018466e-06 5.088019664772576e-06 6.977666016157696e-06 8.580922272126522e-07 3.292282647589056e-05 1.8303698743950376e-05 6.070269903538524e-07 2.6853401497416487e-06 9.846283273621935e-06 2.2563236544492874e-06 1.9273917589564704e-06 0.0 0.0 0.0 0.0 0.0 0.0 1.1454244959135017e-07 0.0 0.0 0.0 0.0 0.0 0.0 0.0 0.0 0.0 1.8612524059097058e-07 4.49724272318962e-07 0.0 5.529726543243222e-07 1.954071044341628e-07 0.0 0.0 2.404669603972887e-07 1.366237942277414e-06 0.0 2.281907530379029e-06 8.248698939003259e-07 3.309267332972725e-07 0.0 0.0 0.0 0.0 0.0 0.0 0.0 0.0 0.0 0.0 0.0 1.812167997615506e-07 3.19987930287275e-07 0.0 8.662913245415395e-08 0.0 6.523308592188591e-08 0.0 0.0 0.0 0.0 4.924619655599624e-07 9.218172389089544e-07 9.012341583207643e-08 0.0 0.0 0.0 0.0 0.0 0.0 0.0 0.0 1.435654982980206e-06 0.0 0.0 0.0 0.0 8.20316696954687e-08 0.0 0.0 0.0 0.0 1.474472867863786e-07 0.0 0.0 0.0 0.0 0.0 0.0 1.0084311936261118e-07 1.5587840070763937e-07 0.0 0.0 5.857790483240403e-07 3.226041965818115e-07 5.744646816787547e-07
0.0018163450954372933 0.0 0.0009209508079999281 0.00015340476271666237 0.0020882741673680064 7.731964771098178e-05 0.002016839928883082 0.0006546746250803407 0.0007222472482758274 0.0005971727766402272 0.0009281697353970327 0.0001714285092501327 0.0016434142227687645 0.0015205749094954486 1.4518864542837875e-05 4.175063342879069e-06 1.6738702583270933e-06 2.465637083648035e-07 4.2162251121335975e-07 4.901155257009167e-07 6.05680936142831e-07 8.358746429877703e-07 7.456858397679528e-08 6.245816727017789e-07 5.68737734565678e-06 2.7352956070170763e-06 8.277980849342648e-07 3.555196069795144e-06 1.2402742869807287e-06 8.732220772589828e-08 0.0014236046616489795 4.6004726927480506e-05 9.869122228398711e-05 1.83896039180074e-06 8.794263988600487e-07 2.646848875894448e-06 3.553618403524481e-05 5.0477712652444576e-06 1.0410366662540037e-06 2.7478844121300375e-06 1.782090192406371e-06 3.6964427854437567e-06 2.0486214139381368e-07 7.202063353520613e-07 8.83501947145898e-07 6.04554922906887e-07 9.237993842144525e-05 8.307467891918862e-06 9.27029994917067e-07 8.367062888256096e-07 3.5033574298874935e-07 3.32408521689523e-06 1.5283723330377617e-06 3.97470754091838e-06 7.92214454755172e-06 1.0522398924458137e-05 0.00028030254484184337 0.0003896575159424759 0.00015817835755215856 5.559972129178548e-05 1.8482494720526273e-06 6.556505013679304e-06 1.5443889477998102e-06 0.00010440116542757376 5.235416312544825e-06 4.449448639808328e-06 7.61412111766995e-07 3.1442869199495525e-06 1.5744072318631094e-06 1.3623843489961879e-06 8.774583802306729e-06 6.188052556845114e-07 0.0 0.0004632287834227973 0.00019392843830002296 0.00010804426538902003 2.941767187054716e-05 2.9560002175225477e-06 2.070526375061485e-06 7.552341348686033e-05 1.8537195615736518e-06 2.6142883777878403e-05 1.9269709631818675e-05 6.874902369894499e-07 9.649634765835455e-06 2.276987388104113e-06 4.71093458809033e-06 7.376170361206353e-07 1.0230601628324042e-06 0.0 6.781310877370125e-07 1.214941935225573e-06 1.2360936274344735e-06 1.2243890005108161e-06 1.9806216603838033e-06 1.265301210316223e-05 1.0448498993770687e-07 3.2822548409088314e-07 0.0 0.0007601584044275069 9.449889772087393e-08 1.6786303670397333e-06 2.3390374273714526e-07 7.15359314178864e-07 8.127689024959604e-07 5.581056966921925e-06 4.507998565667208e-06 1.238219990107072e-06 1.2431710341303594e-05 6.6108301176399395e-06 4.89835730792627e-07 2.6553414146449846e-06 8.924288117907079e-06 2.0051184296079176e-06 2.847115432347753e-06 1.7189986262018686e-07 1.1889574942962267e-07 0.0 4.256367174387791e-07 0.0 0.0 0.0 0.0 0.0 0.0 0.0 0.0 5.47198627257461e-07 0.0 3.2835071335373514e-07 0.0 7.637386560648654e-08 7.882822569362298e-08 0.0 3.632708167388354e-07 1.2850554343766588e-07 0.0 7.810939379184971e-08 0.0 1.298943089593588e-06 8.011544160178255e-07 1.8574702421419247e-06 1.3239394308753764e-06 9.54373484766138e-07 0.0 0.0 0.0 0.0 0.0 6.64412472367332e-08 0.0 0.0 0.0 0.0 0.0 0.0 1.454986339975687e-07 0.0 7.718554346041067e-08 0.0 0.0 2.1305209793835456e-07 8.736558894691104e-08 2.7440802732338434e-07 0.0 2.5706054126036417e-07 1.5545152711326948e-06 0.0 0.0 0.0 0.0 7.402400118646894e-08 7.559316399289454e-08 0.0 0.0 0.0 2.9733178809360163e-06 1.2178982418016299e-07 0.0 2.076111844352778e-07 0.0 1.9736651717285424e-07 0.0 2.6174356113976606e-07 2.3081125037234718e-07 3.5249310259389125e-07 8.830294611928313e-08 0.0 0.0 0.0 8.071985592111359e-08 6.957277545816882e-08 0.0 9.303587561236629e-08 9.317657230317303e-08 0.0 0.0 6.00879411969253e-07 3.586110031744183e-07 4.2539382191630914e-07
0.00040019373005285386 0.0009209508079999281 0.0 9.78636757904771e-07 0.0010500358316836802 0.0 0.0002342520724323241 0.0031838901949086556 0.0007591119267546351 2.5060200482474444e-05 0.001414077902857015 4.299234506401874e-05 0.0002861481824996901 0.0007387100483523321 2.468659761009176e-05 1.4489258659719052e-05 3.2382709954530177e-06 5.258183621574543e-06 2.948889815026506e-07 1.7392006586841623e-05 4.716423669957506e-05 1.6248132516937208e-06 2.441765715818573e-06 3.6099251115858276e-06 2.801173169448612e-05 7.340069746473767e-06 3.061209527971077e-06 1.4269909963263291e-05 2.8159327561695813e-06 5.655609473050532e-07 0.002223584731067069 0.00026646073002212553 0.00023039611607470105 1.1626388188025478e-05 9.804395518133573e-06 1.6547164798198592e-05 4.862052624019214e-05 2.442962657299142e-05 3.0524756818252894e-06 9.576352006215611e-06 1.5745328144454696e-05 2.3650610676259054e-05 1.3723848347152083e-05 5.252738998992589e-06 1.3101479013260899e-06 3.2497616442195115e-06 3.531349532619255e-05 2.2065218368428405e-06 1.7597734717971e-06 1.1119606772529063e-05 3.7902567657971958e-06 9.045619909643775e-06 1.5322810141585498e-06 1.999005160978893e-05 2.3695631465327232e-06 2.9528333470041935e-06 0.0001651977999428042 0.0002960978199649399 7.51226921110422e-05 1.445394813051789e-05 9.375477767625504e-05 3.8261795299389535e-05 8.754871987967983e-06 8.947161293980224e-05 2.5803015138250617e-06 7.115233196233578e-06 4.3154050277624295e-06 2.0485607930012708e-05 7.053804155575628e-05 5.9268933975525095e-05 1.0619251018045049e-05 7.525297576206303e-07 2.885535902620901e-07 0.00012545017591067582 5.5435935709120017e-05 4.064109176208572e-05 2.9894509359441627e-05 1.1752733650832216e-05 0.00023425102387003504 0.0007409475630815646 7.163501688908974e-05 0.0006307471566413804 2.929134552217062e-06 2.5805107224275174e-07 3.727645796892594e-06 1.6578780965857616e-06 8.32431454369932e-06 0.0 1.7088294906837817e-07 1.221976573189901e-07 1.6920593017971702e-06 1.8054501470602378e-06 7.843519192953534e-05 1.189159277498654e-05 8.810777640624317e-06 3.258600327453905e-06 4.464115320569734e-07 2.6971513208613444e-07 1.7795417603535636e-07 0.00013042642343014563 0.0 0.0 1.1276558871389399e-07 0.0 4.2085015373397876e-07 1.4485861252101433e-06 0.0 1.4247889027468597e-07 3.5345161134466507e-06 3.300233382513245e-06 0.0 9.009653561497337e-07 2.2391023960483144e-06 1.2675293797030806e-06 1.4145273713322178e-06 1.024584568385765e-07 0.0 0.0 1.3320754324789244e-07 0.0 0.0 0.0 8.103541731665367e-08 0.0 0.0 1.078004926099054e-07 9.109919844085242e-08 2.067662955822001e-07 3.3908901918223823e-07 8.2903794671684e-08 0.0 6.620448592030627e-07 4.2018713389916315e-07 5.901116559510022e-08 0.0 0.0 6.627205737095173e-08 0.0 1.297781972021156e-07 1.8668196453628345e-06 1.9596935319989555e-07 2.7654552602680503e-06 1.4625775622129018e-06 1.5038596618492547e-06 1.841518864749086e-07 2.24166919243866e-07 6.318784706373073e-08 7.635747220207573e-08 0.0 0.0 1.2343912792099468e-07 0.0 4.6118697108102795e-07 0.0 3.976629376601332e-07 0.0 2.64140753820104e-07 7.92728516533815e-07 0.0 0.0 0.0 0.0 0.0 0.0 1.690346638505305e-07 0.0 1.5053362477022766e-06 0.0 0.0 0.0 0.0 0.0 0.0 1.8129242979389097e-07 9.858258839187445e-08 0.0 9.945967432575144e-07 6.059205467767555e-07 0.0 0.0 3.8424536809975845e-07 0.0 0.0 4.016737762281618e-07 5.029755850119488e-07 1.889657432064277e-07 0.0 0.0 0.0 0.0 1.3616656567668407e-07 1.1366787258809451e-07 7.904192967898645e-08 1.8413628454758038e-07 5.334932652491251e-07 2.3643788681804266e-07 0.0 1.0307472313924099e-06 9.866752629816763e-07 1.209903283483428e-06
0.0006697399645041341 0.00015340476271666237 9.78636757904771e-07 0.0 1.7645795792954836e-05 0.0003149586332662491 0.0004158019492669444 0.0 1.6617379596070152e-06 0.0016743323925979543 1.7627765169054548e-07 0.00025668152630907486 0.0008372407804021126 4.209201148246474e-05 8.679655313586839e-08 0.0 2.2609211223810252e-07 0.0 0.0 0.0 0.0 2.84177766951806e-07 0.0 0.0 0.0 0.0 0.0 0.0 0.0 0.0 1.9041577598620723e-05 1.6190946125034853e-07 1.8090414044864677e-07 0.0 0.0 0.0 4.1051828432003935e-07 3.818035785309933e-07 6.295435615130144e-08 0.0 0.0 0.0 0.0 0.0 8.192504273058496e-08 8.767626180752899e-08 1.142249321610748e-05 5.627473186990358e-07 0.0 0.0 0.0 0.0 0.0 0.0 2.2105794398084312e-06 7.950275039792723e-07 2.918042930501567e-05 3.594760566391488e-05 1.881412503039253e-05 6.50422572795874e-06 0.0 1.7697208230213065e-07 0.0 3.524259868891999e-06 8.095997765265738e-07 4.161597260429276e-07 1.1362819527290635e-07 2.639485542153451e-07 7.069745921953614e-08 0.0 2.608489633874568e-06 3.271963466152427e-07 0.0 6.061157458727354e-05 1.723457657032275e-05 7.366435467261778e-06 4.535455495391737e-07 8.19117066003953e-08 2.781863682051265e-07 2.60590503183639e-07 0.0 1.1471512609473746e-07 2.7713672164424548e-06 0.0 1.1874796048338925e-06 3.2168714881484077e-07 3.0009688001415827e-07 0.0 6.045709076401245e-08 0.0 0.0 0.0 1.3490227156560382e-07 0.0 2.3409193839901556e-07 1.046205476143735e-05 8.867298389954074e-07 0.0 0.0 0.00032168116414106276 1.1383822121770937e-07 1.2924642806364338e-06 1.7537799262334974e-06 1.828128846868071e-06 2.806090640359048e-07 3.1549856053664477e-06 4.919492953325299e-06 1.1000226701201503e-06 3.7827751843454426e-05 1.0129739953220939e-05 1.886444759336187e-07 2.8117915308050314e-06 6.45244296219468e-06 1.9525367582573664e-06 2.9114429960643685e-06 3.677426415634952e-07 0.0 0.0 0.0 0.0 0.0 0.0 0.0 0.0 0.0 0.0 0.0 0.0 0.0 0.0 0.0 0.0 1.159516305660275e-07 0.0 0.0 3.466538226386619e-07 0.0 0.0 0.0 2.9697117147715373e-07 5.756366885273894e-07 2.0408938352014384e-06 8.969857369555202e-08 3.777738945315136e-07 0.0 0.0 0.0 0.0 3.9639858147241904e-07 0.0 0.0 0.0 0.0 0.0 0.0 0.0 0.0 0.0 1.7701011458651964e-07 0.0 0.0 0.0 0.0 0.0 0.0 0.0 1.084328972834763e-06 0.0 0.0 0.0 1.261473348834372e-07 0.0 0.0 0.0 0.0 0.0 4.817067852331356e-07 0.0 0.0 0.0 0.0 0.0 0.0 4.738485351820099e-07 0.0 2.7885032953555677e-07 1.0114257704469885e-07 3.0917722758444884e-07 0.0 0.0 0.0 0.0 0.0 0.0 0.0 0.0 0.0 3.306154241511567e-07 1.4297926932859992e-07 3.1546456633729317e-07
2.385082149306814e-05 0.0020882741673680064 0.0010500358316836802 1.7645795792954836e-05 0.0 3.918186915741894e-07 0.0027601092278633564 0.00012016012662510432 0.0039014546665834095 0.00015784662213103192 0.0004884033878929311 3.875339219084429e-05 0.0010455834496642664 0.0014344932497989682 9.929741873036338e-06 1.7582189176918595e-06 5.702710843273777e-07 0.0 7.850190434820129e-08 5.5130377575159064e-08 6.996065613223965e-08 0.0 0.0 0.0 0.0 9.586707707883923e-08 0.0 8.792603749025976e-08 0.0 0.0 0.00016639480504157723 3.431780820168697e-05 9.438870688470565e-06 1.3601447792355089e-07 0.0 0.0 3.217371975836431e-06 1.663498546060275e-07 0.0 5.007325699980865e-07 1.8158270013415664e-07 1.612395509091665e-07 1.7546563758818764e-07 8.030301391078714e-07 7.655596223907309e-08 3.861316338714668e-07 4.6510227898594914e-05 2.7014734168449607e-06 1.2715740448635492e-07 1.0493689748662558e-07 0.0 0.0 0.0 1.7692258653267558e-07 1.84677911455521e-06 2.3604965954943235e-06 2.7326531402445782e-05 5.8270434386350386e-05 2.242092529734117e-05 2.6159933637520032e-05 5.839408764244707e-08 7.804011575107638e-07 3.4635951731719063e-07 4.74151953508534e-05 1.972117880589472e-06 7.864879111402157e-07 1.9054353466496985e-07 6.409792724584785e-07 4.627961215858114e-07 0.0 1.2984585866388024e-06 3.2959495671205534e-07 9.149895127116272e-08 0.00010524070980837218 7.00062305155562e-05 6.486958515260278e-05 2.2277455539835664e-05 1.8045141710929706e-06 1.7412549100349537e-07 4.363321231401824e-06 2.6777164200404654e-07 2.182045299428335e-06 6.603881998984154e-06 7.01370417145044e-08 2.8837698689430134e-06 1.1108511474324922e-06 1.393587463906082e-06 4.4229063161698355e-07 3.5859842230994147e-07 0.0 0.0 0.0 6.263738251233937e-08 5.043002796878448e-07 4.771795518396386e-07 4.188053380315448e-06 0.0 0.0 0.0 1.0482971152165336e-05 0.0 6.659678334688134e-07 0.0 2.643091780740669e-07 4.5786689543012976e-07 6.633090074340532e-06 1.3792269088918586e-06 2.83166176471357e-07 2.91191042277177e-06 5.884166410461642e-06 1.1163414894553373e-07 1.5814076604290885e-06 3.0701689968159443e-06 1.1228706994661915e-06 1.3256207144287886e-06 0.0 5.008743012994588e-07 2.926656292625862e-07 0.0 0.0 0.0 0.0 0.0 0.0 0.0 0.0 0.0 0.0 0.0 0.0 0.0 0.0 0.0 0.0 3.941431097473477e-07 0.0 0.0 0.0 0.0 1.3061841892693211e-06 0.0 1.184348366303415e-06 8.772126736712967e-08 0.0 0.0 0.0 0.0 0.0 0.0 0.0 0.0 0.0 0.0 0.0 0.0 0.0 0.0 0.0 0.0 0.0 0.0 0.0 0.0 0.0 0.0 0.0 8.367488164929054e-07 0.0 0.0 0.0 0.0 0.0 0.0 0.0 0.0 0.0 1.9385957533466246e-07 0.0 0.0 0.0 0.0 0.0 0.0 4.974655905614114e-07 3.4320500522204175e-07 0.0 0.0 0.0 0.0 0.0 0.0 6.74596402816506e-08 0.0 2.0597755504451385e-07 7.72686382079814e-08 7.777933750228652e-08 0.0 2.2240414976231242e-07 4.952945637506988e-07 1.9974355563937559e-07
0.00014023219975505913 7.731964771098178e-05 0.0 0.0003149586332662491 3.918186915741894e-07 0.0 3.976101747974343e-05 5.637093668525543e-07 0.0 0.00042934433919138344 3.663160377468943e-07 4.277035105457681e-05 7.423462905735287e-05 1.1979642769168657e-05 1.0999673288009998e-07 4.2254631498732337e-07 1.5320955033110972e-07 0.0 0.0 0.0 1.3685948575684359e-07 8.771567943546523e-07 0.0 0.0 8.89549266593645e-08 0.0 0.0 0.0 0.0 0.0 5.694191270149164e-06 0.0 7.561899273527987e-06 1.285629229396303e-07 0.0 0.0 2.0697227723430243e-05 3.838330116435388e-06 5.3576734754904905e-06 1.2790881110178389e-07 0.0 0.0 0.0 3.486212173978665e-07 4.061066634841878e-07 8.980251067296537e-08 3.7080491916133752e-06 3.899434185397398e-07 0.0 2.3541040471930707e-07 4.5216363572595096e-07 6.441374201751547e-06 1.9805403141280885e-07 2.016850696152833e-07 4.0680999174663656e-07 9.39471838772247e-07 4.04634647609495e-05 1.144998792463681e-05 6.37541799029404e-06 1.6543092902088038e-06 4.441632819136495e-07 1.7133788906086453e-06 0.0 1.1002664036771786e-06 1.7679142895128306e-07 4.4334321854109177e-07 1.1887292126479946e-06 7.267042380472025e-07 5.737621707586527e-08 0.0 0.00019067207188301 0.00018744822609021236 1.5004429121871134e-05 1.7957839548783515e-05 3.1402498281384233e-06 6.185595408482503e-07 2.2450541795564403e-07 0.0 0.0 1.6192814424794091e-06 6.57057943162247e-08 3.750513582127385e-07 3.9807824068724346e-07 1.189717260565025e-06 3.004613940086065e-07 2.3209257417333605e-06 2.892280425436548e-07 4.634649145475827e-06 3.4974873909601506e-06 1.1793746539626364e-05 3.9780485622601785e-06 4.8524874760436e-06 0.0 0.0 8.204495357782489e-07 0.00014551959010699632 7.400296761574832e-05 1.9245590500624034e-05 6.414671042727589e-06 0.00019890040998094758 0.0 2.1655008522210165e-07 1.2343775188894257e-07 1.0852287115669726e-06 0.0 1.037206889707996e-06 1.008344751913362e-06 2.128083023046926e-07 1.4684704774144583e-05 4.083588699783143e-06 5.196929984136127e-07 9.683238942869203e-07 2.5130123256340826e-06 4.39900541538178e-07 0.0 0.0 1.8368927070663657e-07 0.0 0.0 0.0 0.0 0.0 0.0 0.0 0.0 0.0 0.0 3.4606314277458837e-07 0.0 2.1914973049790285e-07 0.0 5.206131913967027e-07 9.77156881990151e-08 1.1225230806622784e-07 9.293136959914193e-08 0.0 0.0 0.0 1.1149414544380595e-07 1.8547453262188485e-07 6.355648708511434e-07 5.117837420616064e-07 6.737701990302418e-07 3.115661433802625e-07 0.0 0.0 0.0 0.0 0.0 0.0 0.0 0.0 0.0 0.0 0.0 0.0 5.950658058752075e-07 1.0335835076237063e-07 0.0 0.0 0.0 0.0 0.0 0.0 0.0 0.0 0.0 0.0 0.0 7.897800626519505e-08 0.0 0.0 0.0 0.0 0.0 0.0 4.468826937085167e-07 6.435624932915519e-07 0.0 0.0 0.0 0.0 0.0 0.0 7.488340562578105e-07 0.0 0.0 0.0 0.0 0.0 0.0 0.0 0.0 0.0 4.3446078162588176e-07 0.0 0.0 1.2052929708615185e-06 0.0 4.4720536287864205e-07
0.0004049598423364336 0.002016839928883082 0.0002342520724323241 0.0004158019492669444 0.0027601092278633564 3.976101747974343e-05 0.0 6.607546619093669e-05 0.00187673248212342 0.0011811879302247438 0.0003562845403366107 0.0002876868060645943 0.0033137630647609904 0.0021529597816340802 2.4659173213696467e-05 5.920443095220267e-06 1.1849940046807298e-06 1.3247945158155773e-07 0.0 2.166687291887041e-07 4.982652721058282e-07 0.0 0.0 1.9751902911631934e-07 1.5039057071924736e-06 7.669147553094647e-08 1.668115650900547e-07 1.3889022972097566e-07 0.0 0.0 0.00021662190593214688 3.6220197370313834e-05 9.055403859648315e-06 7.627495424989532e-07 3.3522069304655884e-07 1.7073884333575803e-07 2.0144794359863203e-06 8.397742143625291e-07 2.1590955782098074e-07 1.2702200500164372e-07 0.0 5.715528892222796e-07 1.4516026461211142e-07 1.5858220436751498e-06 7.479798817749066e-07 5.43608368230427e-07 0.00010753512690821398 5.178708515970927e-06 2.820129529775394e-07 4.933485285266197e-07 2.5084172993832787e-07 1.8637548184845583e-07 8.540208432343289e-08 3.280613845090841e-07 5.2773367617270585e-06 8.46388147597984e-06 8.566474161123973e-05 0.00013120602561482014 6.458285881909879e-05 5.4732712397567055e-05 7.942128516199728e-07 1.8710345298265976e-06 5.697847863232607e-07 9.165890569090396e-05 3.7609148325258485e-06 3.1912054331014455e-06 5.062380069890827e-07 1.7148359274950313e-06 3.246504441852681e-07 3.01353802524959e-07 8.035902545066177e-06 8.665421193156777e-07 0.0 0.00027557503268866153 0.00015277965420474148 0.00013584237833970706 4.272344822612109e-05 5.8108373778842514e-06 2.83946847046632e-07 4.090773847719492e-06 1.213072042166064e-07 3.726117687433409e-06 1.2548453210991826e-05 9.398672203729184e-07 9.056602078355633e-06 1.6475414834823797e-06 3.634886074359327e-06 9.015780887380117e-07 4.500281115767946e-07 0.0 5.727996415112212e-07 3.1834884849883077e-07 1.5618655946458313e-07 5.411208954321407e-07 8.816969241688484e-07 4.8117296016827804e-05 1.2032287106881162e-06 5.528014262757267e-08 8.455537455575989e-08 6.667402750620335e-05 2.4381762224033577e-06 6.152857547086646e-06 5.850223818519572e-05 5.0371717275926665e-05 3.6986800066384515e-06 8.208988990128647e-05 2.339126015901126e-05 4.1081354769089426e-05 5.5579468670984974e-05 7.893719629974414e-05 2.814831113185508e-06 3.221688315764166e-05 3.5887913357280904e-05 8.957285159595712e-06 1.0956477531287216e-05 9.382297629230618e-08 0.0 0.0 1.258672968416646e-07 0.0 0.0 0.0 0.0 0.0 0.0 0.0 0.0 3.4501516504054957e-07 0.0 0.0 0.0 0.0 0.0 0.0 3.1244717842266817e-06 7.000745260272925e-07 0.0 0.0 0.0 4.104054155496138e-06 2.5490528812233367e-06 6.368448496583971e-06 1.3421390480654329e-06 6.875262828215531e-07 0.0 0.0 0.0 0.0 6.748327699463075e-07 0.0 0.0 1.496919964923473e-06 4.590493047706958e-06 0.0 8.797322607815365e-08 0.0 2.5368069615709514e-07 2.2847346503068208e-07 2.8605620589458607e-07 2.5545438078011516e-07 0.0 2.588355863962778e-06 2.0564480876748023e-06 5.319977977532823e-07 2.2474623908393013e-07 0.0 4.015936425360296e-06 8.555161348463753e-07 0.0 3.1370583183694514e-07 0.0 0.0 0.0 0.0 0.0 0.0 6.565072013352241e-06 7.817533986929675e-08 0.0 0.0 0.0 5.942232397228494e-07 0.0 9.037535385088916e-07 3.224194404827663e-06 5.617756636691111e-06 2.126092380588314e-06 1.0223940908964201e-07 8.645908386160307e-08 0.0 0.0 0.0 0.0 0.0 6.54727120749688e-08 0.0 0.0 4.387420260113178e-06 1.3598344271041661e-06 1.6562156325985366e-06
8.574979641300767e-05 0.0006546746250803407 0.0031838901949086556 0.0 0.00012016012662510432 5.637093668525543e-07 6.607546619093669e-05 0.0 0.00034325296886774856 7.611088622371851e-07 0.0026444490876555466 9.77397539132662e-06 0.00019142262498610685 0.0014674267674748675 1.1869671311824673e-05 6.282220818894508e-06 1.4747026859087079e-06 1.020927200379008e-05 1.1734584072582159e-07 2.783418145628081e-05 6.0016945449133624e-05 9.604517908003222e-07 3.027547500687559e-06 4.283190084411656e-06 1.6125571566464238e-05 5.646294501669243e-06 2.051434985640573e-06 1.027121142766881e-05 2.1170414418233487e-06 4.4790852043034745e-07 0.0005032608069803061 0.001893684313965886 0.00023634433512698675 2.1555281101016158e-05 5.517091692787042e-06 8.34491850790178e-06 2.6055434975203704e-05 1.8527670892582225e-05 1.989749082734826e-06 7.778672782901719e-06 1.553397814126128e-05 1.8109982782908316e-05 2.0378175427688747e-05 1.4480074240671973e-05 4.551044345242413e-06 3.496556412161915e-06 1.4374806355746274e-05 9.540533969493738e-07 1.9303657418540395e-06 9.650533138881723e-06 2.7122648499260032e-06 5.82705204814686e-06 1.888827700255985e-06 1.0756986912065847e-05 2.7436490992806583e-07 7.871529070812117e-07 1.7935055722196117e-05 3.864530735621266e-05 1.1732413133713348e-05 6.827885010049175e-06 0.00014006945442675978 4.726855271174215e-05 9.934909292409467e-06 0.0004689093574952774 7.031586949500907e-07 6.046395840548539e-06 1.8520006595800767e-06 1.6624843793995185e-05 5.674345648591369e-05 7.237218536979973e-05 6.56237535264371e-06 7.073582154469553e-07 1.0138902128140856e-07 3.2478149530523336e-05 3.3957446073572916e-05 2.4086906256954073e-05 8.41406350034289e-05 0.0003291543639694914 0.0011484874565043358 0.001906260150964808 0.00018898219479733674 0.0011100883254879456 7.043311725465325e-07 6.382111149868161e-08 1.8894432262927894e-06 9.257155118474533e-07 5.700578148784518e-06 1.5552994386916814e-07 0.0 1.5021681511704023e-07 4.830119723268184e-07 2.2740394463544785e-06 7.421312390079037e-05 8.833234095736575e-06 7.21906344839404e-06 5.026472720411885e-07 4.0262840622392543e-07 0.0 0.0 2.447297385360458e-05 0.0 0.0 0.0 0.0 0.0 3.4397395365960935e-07 3.607718287249548e-07 1.863734436656418e-07 5.489666732528988e-07 8.922941298084238e-07 8.155855780300939e-08 3.583487914726899e-07 1.9302454321644263e-06 1.3596021259938869e-07 2.5016410657537977e-07 0.0 0.0 0.0 0.0 0.0 0.0 0.0 0.0 0.0 0.0 3.962070647106334e-07 0.0 3.651609829923758e-07 0.0 1.8082715507646552e-07 0.0 2.742697309290897e-07 1.2603886631174682e-07 0.0 0.0 0.0 6.322350491687179e-08 0.0 0.0 9.300668614448094e-07 3.1351586699100775e-07 1.6159123107685459e-06 1.0904940257918145e-06 8.983124542950717e-07 4.955096385950616e-07 0.0 1.3312122051535734e-07 0.0 0.0 0.0 0.0 0.0 0.0 0.0 3.4292506546827285e-07 9.132223978656977e-08 6.536804259327505e-07 1.805930227054856e-07 0.0 0.0 0.0 0.0 0.0 1.2417708459907178e-07 0.0 0.0 5.65911907901093e-07 0.0 0.0 0.0 0.0 0.0 0.0 0.0 0.0 0.0 3.7727349478538834e-07 2.094026333217079e-07 2.2683716634465916e-07 0.0 8.582021701043982e-08 1.6959289832726908e-07 0.0 0.0 1.2279781421584395e-07 2.1627300099349367e-07 6.552456675651328e-08 0.0 0.0 0.0 0.0 0.0 0.0 0.0 2.502741787934467e-07 0.0 3.081651249717699e-07 6.127962789043235e-07 9.883411722220848e-07 9.837646292890347e-07
1.5826493069148888e-06 0.0007222472482758274 0.0007591119267546351 1.6617379596070152e-06 0.0039014546665834095 0.0 0.00187673248212342 0.00034325296886774856 0.0 2.3708025406713226e-05 0.0007989593140572136 1.0463999105073154e-05 0.001556749430459498 0.001899705195968467 2.043516816118545e-06 6.073037228148682e-07 1.8282416039005557e-07 0.0 0.0 0.0 4.794568279823786e-07 2.6002710082712566e-07 0.0 0.0 4.929560024511096e-07 6.336175371908045e-07 0.0 8.477276796240004e-07 8.278670158631932e-07 0.0 1.847940216091178e-05 4.3764579610972375e-06 2.1264557047806118e-05 0.0 0.0 4.5936394588013777e-07 6.964181243468039e-06 2.509738238422821e-07 2.2687644016172676e-07 1.844729882100272e-07 1.1276255730493698e-07 6.518655224247998e-07 0.0 0.0 0.0 0.0 6.5061997235333525e-06 2.5393348255657167e-07 2.4987912309510397e-07 0.0 0.0 4.3277182643512605e-07 1.0011482594721617e-07 3.6133978336795644e-07 6.973614046646637e-08 1.3189997137685603e-07 2.5980360011431714e-06 4.264816368128684e-06 2.0149309089988016e-06 2.267395399743903e-06 2.979526961745684e-07 4.2612024785963336e-07 7.270179992203583e-08 5.609530080797814e-06 6.552495990852817e-08 8.177849014397737e-08 0.0 2.519071149951318e-07 0.0 0.0 2.3196697555451217e-06 1.4934451425702876e-07 0.0 1.0617870702705147e-05 8.709941189326802e-06 9.84975995827414e-06 4.027482327504042e-06 4.3410369096224123e-07 0.0 9.218039855476101e-06 2.2266704948006692e-07 2.3229696614630445e-06 2.887533114856604e-07 0.0 2.0718395234834693e-07 1.4584806854302433e-07 1.83700873864129e-07 0.0 1.4362511980108054e-07 0.0 0.0 1.3559935078023674e-07 0.0 0.0 2.855778899109821e-07 2.2596155266161687e-06 0.0 0.0 0.0 4.6826644389421343e-07 0.0 0.0 1.3329993914444733e-07 0.0 2.3776339883628547e-07 0.0 4.0350353157078075e-07 9.884455178706718e-08 2.575010308470817e-06 9.79931541989217e-07 0.0 1.303807543954815e-07 1.0549120044321509e-06 6.503524044727091e-07 2.669872778690525e-07 0.0 0.0 0.0 0.0 0.0 0.0 0.0 0.0 0.0 0.0 0.0 0.0 0.0 0.0 0.0 0.0 0.0 0.0 0.0 0.0 0.0 0.0 0.0 0.0 1.0364800033629703e-07 2.4530935168820516e-07 4.340476047234837e-07 7.565277825368046e-08 6.107543611460836e-08 0.0 0.0 0.0 0.0 0.0 0.0 0.0 0.0 1.841095915949897e-07 0.0 0.0 0.0 0.0 0.0 0.0 0.0 0.0 0.0 0.0 0.0 0.0 0.0 0.0 0.0 0.0 0.0 0.0 0.0 0.0 0.0 0.0 0.0 1.318571333263901e-07 0.0 0.0 0.0 0.0 0.0 0.0 0.0 8.693458053141602e-08 0.0 0.0 0.0 0.0 0.0 0.0 0.0 0.0 0.0 9.144750008773881e-08 0.0 0.0 2.014365044269143e-07 3.962493285522354e-07 0.0
0.0007119554735338057 0.0005971727766402272 2.5060200482474444e-05 0.0016743323925979543 0.00015784662213103192 0.00042934433919138344 0.0011811879302247438 7.611088622371851e-07 2.3708025406713226e-05 0.0 1.1033457016534343e-05 0.001827907259595081 0.005014853057709841 0.0002787573050923911 3.8290563018623965e-06 1.0020742307552603e-06 3.737529685104711e-07 0.0 0.0 7.45173552346429e-08 2.340381593418192e-07 0.0 0.0 0.0 0.0 1.8091812838349276e-07 0.0 0.0 6.183956326694059e-08 2.557468134564628e-07 3.628530438893831e-05 3.838838968949834e-06 1.634315980062e-05 9.378222298212986e-08 3.5106840246073087e-07 0.0 1.5105262893527284e-05 2.6151285953742143e-06 1.6170000847979885e-06 4.3572820026086993e-07 1.9485714684194854e-07 0.0 0.0 2.874170653828003e-07 0.0 1.9637851581329936e-07 2.2418953908985186e-05 1.6068097190710968e-06 0.0 2.111931407125234e-07 9.761676908284455e-08 4.976367461872673e-07 5.047688237746573e-07 6.01299975991089e-07 1.4485425629322813e-06 1.9934235125044183e-06 4.118771621151763e-05 4.164459255010011e-05 2.076493438215747e-05 1.033218498568103e-05 0.0 1.3470655221570101e-06 7.64755678250784e-08 1.657073390455133e-05 5.138168811491976e-07 1.4933020921404443e-06 3.5852374411932136e-07 7.12569135021314e-07 0.0 0.0 9.453538833205919e-05 1.4496437175801671e-05 1.5449357550028518e-06 8.228911894509161e-05 3.176920102034916e-05 2.3122981661291168e-05 7.543960673064458e-06 1.2617018529238752e-06 1.9500254583777555e-07 5.705959054874794e-07 0.0 3.605652014758595e-07 4.009624975008222e-06 3.6249704184297956e-07 1.940127049406352e-06 8.177442722828647e-07 8.335903470123434e-07 5.306873496648737e-07 1.2600256544813926e-06 7.202927511995472e-07 3.019648486980152e-07 9.726783425429204e-07 0.0 1.0913638177212045e-07 5.501309101761865e-07 0.00019599181201909293 5.220001311928612e-05 3.237742914701212e-06 1.3138044530251103e-06 0.0002117020389101986 7.153178314682388e-07 1.8615892802828965e-05 1.5589516693396753e-05 1.9074427379014506e-05 1.1151604007951582e-05 4.9913888004109754e-05 6.090475335751137e-05 2.135141191159346e-05 0.000183264437364302 0.00015259954620746913 5.1006575673299245e-06 0.00011111086312743194 0.0001531243617800609 3.875939446852107e-05 2.0908444996434213e-05 1.3233924115771683e-07 4.890262514861547e-07 1.5122040805781765e-07 1.6122426453806076e-07 0.0 0.0 0.0 0.0 0.0 0.0 2.6976891114333077e-07 0.0 2.3115865190804154e-07 0.0 1.3753514853276996e-07 8.19889557982707e-08 8.58158354346948e-08 0.0 0.0 4.520870414365635e-06 6.023834408675255e-07 0.0 0.0 0.0 5.381366771322467e-06 1.7480144967804355e-06 1.126651470648152e-05 1.3495523534967457e-06 5.8621076027472e-07 0.0 2.1802688834334217e-07 0.0 0.0 3.664163380681698e-07 0.0 0.0 7.639927253814436e-07 7.212492590134876e-07 0.0 0.0 2.224078122837144e-07 8.167057095049729e-07 6.267715501169955e-07 2.7734377101445154e-07 0.0 0.0 1.130422259907377e-06 1.291480236662292e-06 2.20330695004814e-06 0.0 3.175448474553029e-07 7.380874973408258e-06 6.247331396885728e-07 1.3769410092700552e-07 0.0 0.0 0.0 0.0 0.0 0.0 0.0 1.152551040403587e-05 4.091231637029476e-07 9.53513961346611e-08 1.4448154456196387e-07 1.085846653419448e-07 1.5799117480507025e-06 1.1512400419023579e-07 1.669218380225714e-06 1.8569364244745326e-06 1.4833704204393587e-06 5.137172843631068e-07 7.656932940757971e-08 1.1528151330273236e-07 0.0 1.9342193506544235e-07 7.71724556367567e-08 0.0 0.0 0.0 0.0 0.0 1.3642906841436463e-05 1.3901074581539641e-06 2.3722594140892392e-06
5.7681214259496754e-05 0.0009281697353970327 0.001414077902857015 1.7627765169054548e-07 0.0004884033878929311 3.663160377468943e-07 0.0003562845403366107 0.0026444490876555466 0.0007989593140572136 1.1033457016534343e-05 0.0 0.00011700462009849123 0.0011999914121852105 0.0031030816527078623 1.3207961639624641e-05 9.596147965431653e-06 8.626898399898693e-07 7.382267683382734e-07 2.177520750849256e-07 6.102797387221986e-07 2.9837758228204178e-06 5.578132288390856e-06 2.4790867623473106e-07 9.88952549470522e-07 2.222715249479464e-05 8.555413048522132e-06 2.5338943828104464e-06 2.5646044261208517e-05 4.3814095969177684e-06 9.044945679803483e-07 0.00014455636114726628 3.533895692149955e-05 0.0005021673071728609 2.8219705261618077e-06 3.7219506950927248e-06 1.0165842714770443e-05 0.00023110794328531272 5.8341254265865086e-05 4.2706520941966214e-06 1.892662992310917e-05 2.5968754474334975e-06 1.805674189908983e-05 4.0722423947096995e-07 2.116256720747709e-06 1.1245427542933591e-06 1.8488001797375009e-06 2.4215973976734728e-05 5.254888040328784e-07 7.368915982304011e-07 7.075211459188154e-07 0.0 8.155142918102128e-06 8.214493798076421e-06 2.4739971193061385e-05 9.376502878914131e-07 9.335204484161366e-07 1.4930511592457963e-05 2.7495809634315645e-05 9.214257117499451e-06 8.619833178846049e-06 4.1745551318231735e-06 4.3601087919784156e-05 6.276809277985387e-06 1.7379979290747843e-05 6.28878674206128e-07 3.9260736486218884e-07 8.657970910743848e-08 9.02331311094983e-07 1.8473301326232535e-06 3.0217539970768017e-06 6.28880828523978e-05 2.957256643420277e-06 0.0 3.417001271671476e-05 2.5384831605307396e-05 3.653392927951008e-05 1.8474060652791844e-05 4.74220139879969e-06 1.6568698799703667e-05 0.000757108810881026 2.692363976025567e-06 0.00029057504718415307 9.625436905949832e-07 7.21864034957632e-08 7.658801033595096e-07 3.15461659081604e-07 7.41629198990188e-07 2.167876680193176e-07 1.1628335775165404e-07 2.77378937427574e-07 7.541767127954784e-07 2.662693077978803e-06 3.0727412507770233e-06 1.9831715874488778e-06 7.046699966433338e-06 1.1337947096143232e-05 1.2664138729374291e-06 1.042907355963648e-06 1.4942873259167369e-06 1.7210826831311378e-05 0.0 4.2742438482359223e-07 7.85684504997763e-08 2.2715822669535513e-07 6.185734511873039e-07 1.8832712104066326e-06 1.2785522448215272e-06 7.520736392067098e-07 5.948660546479307e-06 3.5762432818560847e-06 1.6706299614969034e-07 1.7954796878090504e-06 5.144655840430075e-06 1.975767464186334e-06 2.3785981729871908e-06 5.421845733815115e-07 1.0277739623761306e-07 0.0 1.4501419311941679e-07 0.0 0.0 0.0 4.0023152392675717e-07 0.0 1.0427161185467153e-07 1.7294799554581046e-07 1.1926810577215769e-07 7.395334814825405e-07 1.5805291415595777e-07 9.385045037587385e-07 3.650550957740464e-07 1.0268524450915167e-06 3.330209868309697e-07 6.262592937337893e-08 0.0 0.0 0.0 1.3907263156367894e-07 1.556028477026684e-07 4.101458555547648e-06 8.708496065981081e-07 4.2490601751920865e-06 3.913193760999368e-06 2.5842839626791714e-06 0.0 1.2619137825521192e-07 0.0 0.0 3.7208611260139516e-07 2.6435928943680847e-07 2.3756682282883438e-07 0.0 2.1409757191482477e-07 0.0 0.0 0.0 1.5778517504728302e-06 2.2337250386722782e-07 0.0 0.0 0.0 2.850699116424643e-07 1.325199721043568e-07 1.7169054538362126e-07 0.0 0.0 1.786843938264033e-06 0.0 0.0 0.0 0.0 0.0 0.0 0.0 0.0 9.510479670636651e-08 4.0368434580357125e-06 1.0900514245649328e-06 0.0 1.167969280902785e-07 2.7965198718615365e-07 3.0186965935293335e-07 0.0 9.458859431846331e-07 5.502417531791248e-07 6.006064817020657e-07 1.6400232840588798e-07 0.0 0.0 0.0 0.0 0.0 0.0 0.0 4.823062903253332e-07 0.0 0.0 2.3897559875347523e-06 3.83122994623784e-06 7.153385857561834e-06
2.878839871485155e-05 0.0001714285092501327 4.299234506401874e-05 0.00025668152630907486 3.875339219084429e-05 4.277035105457681e-05 0.0002876868060645943 9.77397539132662e-06 1.0463999105073154e-05 0.001827907259595081 0.00011700462009849123 0.0 0.0009020742261472598 0.0001920343725475306 2.4926135986814276e-05 1.1038941042259686e-05 2.915172063617927e-07 1.1968292253230211e-07 0.0 2.4560474335077024e-07 1.4006363432848443e-06 5.434614669800588e-06 9.553704665454018e-08 9.611812326334448e-07 1.0323523588140092e-05 2.96996034203654e-06 1.6541582887967648e-06 1.0188906377650552e-05 3.2287494588992675e-06 1.792779964653245e-07 7.891143331720639e-06 1.1081541504755274e-06 5.4355088925065666e-05 1.149496593773115e-06 2.9097248493365064e-06 3.6947687338181976e-06 7.377799427964522e-05 9.569871422901338e-06 1.9281552694809052e-05 5.8928433271610615e-06 7.24666836364081e-07 1.0372567144836106e-05 3.246496630542911e-07 1.6473915684114338e-06 1.1360361499509048e-06 1.0196008803299138e-06 4.1894093383361085e-05 1.2703313016905486e-06 5.320515457721617e-07 6.959788856042602e-07 2.0383035531512544e-07 1.5557521423734302e-05 9.00330239244565e-06 2.42062838969468e-05 1.024768827354433e-06 1.4843293957994976e-06 6.279328208117917e-06 1.0718489373651672e-05 7.723646942378099e-06 1.3170016231484868e-05 6.597476874991476e-07 5.241288927652476e-06 3.0311458245039514e-06 1.05249943847342e-05 4.392966186588656e-07 4.5699592921774785e-07 9.511820525929584e-08 1.5648536896315142e-06 2.540355236101236e-06 2.7021590946511614e-06 0.00018606027680383283 8.109376164470097e-06 1.3847656655161179e-06 3.394682839299024e-05 1.80629552890525e-05 3.950279762630607e-05 2.0213747745014105e-05 5.605569353592527e-06 3.8315831829771237e-07 9.889849327812227e-06 7.527011201685995e-08 4.84665682991354e-06 5.178207102306447e-07 7.937343442334138e-08 1.1222603206169503e-06 8.864064300787281e-08 8.794373243476203e-07 1.9450304102978953e-07 6.011521973909613e-07 1.1748936500730388e-06 1.5082787318811782e-06 3.95303711049108e-06 1.9443181843845827e-06 6.422983440259508e-07 5.76549131242733e-06 0.0005073086355453476 3.2974740342332435e-05 3.4593554477084657e-06 2.1569980185780482e-05 2.0165340561757788e-05 1.5989836195432946e-06 8.62176245855202e-06 1.2666539310404234e-05 1.0842357792534628e-05 8.854833334610861e-06 4.6145993797342934e-05 4.8830201746877456e-05 1.817657198462897e-05 0.00012982298558661244 0.0001447483168011999 4.133519522981005e-06 4.694259419389972e-05 0.00013500056110572607 4.0479149172605065e-05 4.619648492941172e-05 2.5420663112658833e-06 2.245919212277229e-06 0.0 4.311725978456661e-07 0.0 0.0 2.1201053478982207e-07 0.0 7.61936260998652e-08 0.0 3.46506649285715e-07 0.0 1.3139802333601944e-06 2.155770029469018e-07 6.774755946940612e-07 3.8658594171689763e-07 1.7117581110811056e-06 6.469205288040994e-07 0.0 6.307791198329423e-06 2.5807815886466267e-06 0.0 5.456229308853142e-07 0.0 1.8171245535265814e-05 5.883865530190026e-06 4.1183701198295976e-05 6.833618340709441e-06 5.369710253790107e-06 2.0731529615964122e-07 1.0189542745917201e-06 0.0 2.7635259340046044e-07 5.470231779977581e-07 9.519013500694858e-07 5.252784470126944e-07 4.1300302574643256e-07 1.6715828585199693e-06 1.9622132225702524e-07 8.962968932409885e-08 3.1324846154424027e-07 2.9215941966083016e-06 9.587316524471217e-07 6.956078949476717e-07 2.399773102549393e-07 0.0 1.4595625932177784e-06 2.260850494690769e-06 9.143020243369367e-07 9.213787502590704e-08 6.969934454170321e-07 2.4191732714935877e-05 5.414869354771731e-07 0.0 0.0 0.0 0.0 0.0 3.0036230418169266e-07 0.0 1.011688561530633e-07 3.173757165105931e-05 2.3056224702640354e-06 1.6758527273622376e-07 6.960632270575621e-08 5.039247522639264e-07 4.3468913104110565e-06 1.4619490414673935e-06 3.6579604971893183e-06 2.6364016629216106e-06 3.7936625796256597e-06 1.873317780845353e-06 4.642320627627662e-07 3.979633006264657e-07 0.0 0.0 0.0 0.0 1.1259793007174951e-07 2.3791046872817582e-07 0.0 9.895778991346461e-08 2.7096369525394885e-05 7.290679672834086e-06 1.1788282988844116e-05
