0.0 0.0022452672609598336 0.0002003504065797862 0.001259297809667409 0.00014569847572894133 0.00020170375646514713 0.0011210008669104864 8.71904996035769e-05 4.135275401190368e-05 0.00142092585372613 0.00022165923934767346 2.1016961427098372e-06 0.00010085437553771756 3.261206678296148e-05 6.098731924932535e-07 2.1767707346749408e-07 1.2342244010990132e-07 6.904654016057456e-08 0.0 0.0 0.0 0.0 0.0 7.044972560107327e-08 0.0 0.0 8.864599216758791e-08 0.0 0.0 0.0 0.0007704827557126842 6.423837557782811e-06 4.266101905493707e-06 0.0 0.0 0.0 2.449214349785649e-06 2.1848229489096181e-07 1.501011764024883e-06 2.028233140453493e-07 5.84263822081857e-07 3.225614497292591e-07 6.882631023219595e-08 3.3208990774839875e-07 0.0 0.0 1.2146324291195595e-05 3.019703003531584e-06 3.438657821626652e-07 0.0 1.1748884535984194e-06 1.389224832179613e-07 0.0 0.0 7.764600640045527e-06 1.0935041557122782e-05 0.00020323765088907072 0.0005636296670346535 7.928707675498673e-05 1.9863101923852692e-05 1.5522383110816884e-07 2.347179881876353e-06 0.0 2.3521622229067367e-05 6.35637660278013e-06 6.298385183065567e-06 1.5443088002426264e-06 2.5341688534116743e-06 1.87794949238426e-06 6.155273619337431e-07 7.4055115168285155e-06 9.525138990204294e-07 0.0 0.0002509595693133213 3.7281278463603024e-05 3.186900065039725e-05 6.976862649014294e-06 1.564209390033799e-06 1.417642537202393e-06 2.0160459700130728e-05 6.181694827266681e-07 2.132377590679546e-06 1.1534060081141686e-05 7.428974897789697e-08 2.3893765258137837e-06 9.380993471035698e-06 4.957223512222082e-07 3.9840493140083205e-07 2.635655943647842e-06 0.0 1.620765577093525e-06 2.682502933756788e-07 7.577692906359252e-07 3.6412925634577194e-07 1.5762047478343134e-07 2.3304305849052945e-05 0.0 0.0 3.4144753042051686e-06 0.0009630772812049976 1.3283398313979705e-07 4.74844028186589e-06 2.5531836547363102e-06 1.864826796460317e-06 1.7654377925543538e-06 3.826817928327535e-06 1.3494124658257402e-05 1.124550562162708e-06 3.200782644558992e-05 1.061441655112339e-05 2.828462815378071e-06 5.860070293320419e-06 1.1657129931567432e-05 6.323619946209697e-06 2.7783622269646705e-06 0.0 0.0 0.0 0.0 0.0 0.0 0.0 0.0 0.0 0.0 0.0 0.0 7.048935725067538e-08 0.0 0.0 0.0 0.0 0.0 0.0 5.822258919001061e-07 4.68068434534676e-07 0.0 1.2740816903550786e-06 0.0 6.620441802613387e-07 1.902093919927931e-07 3.86686069543485e-06 1.8293727154723494e-06 9.427408889467019e-07 0.0 0.0 0.0 0.0 0.0 0.0 0.0 0.0 0.0 0.0 0.0 0.0 8.271125271959573e-08 0.0 4.802021352474589e-07 6.819347512407365e-08 6.631549429855883e-08 5.10552156379483e-08 5.8430608285809116e-08 2.0168504611235875e-06 0.0 0.0 2.3141542429306097e-06 0.0 0.0 0.0 0.0 0.0 0.0 1.6307184984108807e-07 0.0 0.0 1.5859359299098533e-06 0.0 0.0 0.0 0.0 1.6707679519390132e-06 0.0 2.0192452059851712e-07 0.0 1.8349031807179922e-07 6.884737029388049e-08 7.315287350827078e-08 0.0 0.0 0.0 0.0 0.0 0.0 0.0 0.0 0.0 3.7918083374418826e-06 3.950240476631948e-07 2.309426559322198e-06
0.0022452672609598336 0.0 0.0008728559347660582 0.0006017885771454 0.001044220300688707 9.041392889090876e-05 0.0024855394006709952 0.00023640804882227277 0.0004887214314910795 0.0008522750624052291 0.0006594236245279813 7.481268377974096e-06 0.000641841471118349 0.00046112636011057663 4.921572895903779e-06 1.223225595896294e-06 7.151037208657325e-07 1.3849060859570022e-07 0.0 0.0 9.435746142142525e-08 0.0 0.0 0.0 1.8427311618273608e-07 0.0 5.6262125196626114e-08 8.422596506266025e-08 0.0 0.0 0.0014219300612695529 4.567836634477714e-05 2.695045693574196e-05 0.0 8.946591722518318e-08 3.2426895928228396e-07 8.6007620693171e-06 2.3486438185351188e-06 3.618666029175753e-06 3.6489868161507406e-07 4.6943987570546883e-07 3.0896805899229003e-07 2.961449915390696e-07 5.007032424461364e-07 1.1346567247765806e-07 1.3139475269775604e-07 3.927637222022072e-05 3.2952146579496136e-06 6.243843269457629e-07 4.7357673613461535e-07 1.6492894155224665e-06 0.0 3.8279751605945203e-07 0.0 8.756905045259736e-06 8.611809215827606e-06 9.576304984850245e-05 0.000390462520105487 6.725249790304121e-05 3.483024842057219e-05 6.060936065706142e-07 3.463619588379092e-06 2.1775821394147473e-07 7.787550958845854e-05 7.675690750644683e-06 5.139146838362808e-06 1.4981224890993655e-06 3.562562127632903e-06 2.2589629404542724e-06 3.1543222664393503e-07 9.26293602889511e-06 3.5777459127738067e-06 0.0 0.0002732302890682246 0.0001168643866221208 7.821511160343966e-05 4.034921609513273e-05 7.592604295588003e-06 1.4925192773804396e-05 0.00014086895622200785 1.1141286663250612e-06 4.062192924441076e-06 1.0888650452703089e-05 1.3125869809940867e-07 2.3183252387281686e-06 8.971515442670758e-06 7.121846329425415e-07 5.640171775550309e-08 2.8525832291498914e-06 0.0 1.931664534846957e-06 3.457211286963516e-07 1.3566998200585332e-06 9.370668225355275e-07 7.431348198499075e-07 1.7293427786400435e-05 3.3012626824609854e-06 0.0 4.279503440312967e-06 0.0005274909968431832 5.300787339732026e-07 1.9678659045071515e-06 5.951899476214034e-07 2.419606770211731e-07 2.1744748146802602e-06 3.4571148856536723e-06 4.147705360114837e-06 1.2621020856754533e-06 2.6583610520299737e-05 1.0026084296231252e-05 4.757987852445505e-06 6.491231832507989e-06 5.736693186710881e-06 6.654543035657381e-06 7.419664565315684e-06 1.6475984110421876e-07 9.847077872484582e-08 0.0 0.0 0.0 0.0 0.0 0.0 0.0 0.0 0.0 0.0 1.2667201033268987e-06 0.0 0.0 0.0 1.0741878509060343e-06 6.147905573096909e-07 0.0 3.1656860225491746e-06 1.4211351804607954e-07 0.0 9.051363500751858e-08 4.852944938669714e-07 3.1242902289769424e-06 5.411159482275427e-07 4.410566787811942e-06 4.1331037912798006e-06 1.3867054526503825e-06 0.0 0.0 0.0 6.185167546505771e-08 1.4660188621426462e-07 0.0 0.0 0.0 1.4568848109863976e-07 0.0 0.0 0.0 1.1864717471917487e-06 1.6993460607349773e-07 0.0 3.7702752439428574e-07 0.0 1.1803729091280005e-07 6.047854700085633e-07 9.490734271555238e-07 0.0 0.0 2.1703646891149315e-06 1.754055632558104e-06 0.0 5.01615722498687e-08 0.0 0.0 0.0 1.71894284574728e-07 0.0 0.0 2.6082293923167295e-06 2.0289822792518685e-07 1.1188531852440079e-07 2.3042792108421607e-07 0.0 1.9200193594027136e-06 0.0 9.934086600385806e-07 3.4995414158796434e-07 1.417919693673054e-07 2.2233907218790805e-07 3.4755533943219534e-07 1.404658833357788e-07 0.0 0.0 0.0 0.0 8.217482433104195e-08 0.0 0.0 0.0 3.581789888214737e-06 1.8298865528468794e-06 5.628683790502256e-06
0.0002003504065797862 0.0008728559347660582 0.0 4.494518555523833e-06 0.0008110673228983529 2.989554943684653e-06 0.0001102953769090877 0.00126595943090703 0.0005181066654849088 2.184834893042727e-05 0.00121579372006021 3.630346995364437e-06 9.988121283517066e-05 0.0004058684532497758 7.74356267708998e-06 2.363939444342672e-06 1.5463129629173038e-06 2.8092373863879615e-07 9.058523272557535e-08 1.1201028643114367e-06 1.0296652251288719e-06 0.0 0.0 1.047775882788077e-07 1.7258486309369562e-07 0.0 1.3563207714065643e-07 3.123377013201713e-07 1.7558458838638812e-07 0.0 0.003526358934976334 0.0005382784038894438 5.4923205581139706e-05 5.552276177237432e-07 1.3471190445833053e-07 1.16961274314981e-06 1.9788775578081244e-05 3.1161904037474315e-06 7.330501003062915e-06 7.87153232154348e-07 2.448508586166977e-06 2.827177426712086e-06 2.7048312244577795e-06 1.5697232041441045e-06 8.46340671868308e-07 3.5587510787462877e-07 3.0451683297209227e-05 2.0945363654944353e-06 5.160062038415764e-07 2.9989821045923e-07 2.8586231553020688e-06 0.0 3.3285952776782177e-07 2.339628846258347e-07 3.664810068723328e-06 4.920183954270734e-06 5.206117034421258e-05 0.00037098693016263774 3.250741642601859e-05 1.832336322732204e-05 1.1618977333397368e-05 4.7778883556810685e-06 1.058284274728029e-07 0.00025649207361707314 3.7893293847919133e-06 2.7554688255100972e-06 2.256221291530119e-06 4.414307483217383e-06 1.4911827021614985e-05 5.769766582714048e-06 1.7646525232807717e-05 5.38045213253964e-06 5.930602089868272e-08 0.00017483283835134297 9.399199774807058e-05 5.287070106311235e-05 4.056685433218029e-05 1.6188982074447363e-05 0.00016325998565821728 0.0008317430840449159 1.824296472966314e-05 8.071467581638372e-05 6.200551859354489e-06 1.5386431838228081e-07 9.706510589252526e-07 5.45737825177217e-06 1.6683109681846267e-06 6.06181822965654e-08 1.729189715323498e-06 0.0 1.6631168688561233e-06 5.796028133412243e-08 1.8245415567969267e-05 2.0907223412587506e-06 1.2123126592677127e-06 8.418562771435613e-06 3.1992613978083994e-06 0.0 8.798127765481474e-06 0.00017830745415096138 5.237511727119143e-07 0.0 2.689151756981394e-07 0.0 1.3356659576749707e-06 2.0519163239747274e-07 7.74987289477106e-07 7.533456714732122e-08 1.1629673875593e-06 4.8327821016115806e-06 3.90377983289478e-06 3.708943681134003e-06 2.628102078743358e-06 3.0435422143580093e-06 4.180915854793389e-06 4.119025321269487e-07 1.8965990452668825e-07 0.0 0.0 0.0 0.0 0.0 0.0 0.0 0.0 0.0 0.0 6.252991710483921e-07 1.886537063881826e-07 2.9735658072868677e-07 0.0 7.229020079913909e-08 7.310340156783796e-08 0.0 6.510398084509973e-07 2.8043601941936845e-07 0.0 0.0 0.0 2.506379369001097e-06 1.1491395014475974e-06 4.842368887291928e-06 5.465903449133794e-06 2.0018032877827662e-06 0.0 1.4358455767453342e-07 0.0 7.388571280347262e-08 0.0 0.0 0.0 0.0 4.4058554091164295e-07 0.0 0.0 9.117915026787212e-08 3.2245991999956597e-07 1.0181361045275051e-07 0.0 7.92643000034449e-08 0.0 5.9377418456893017e-08 1.7970619338939795e-07 0.0 3.799431609125563e-07 0.0 2.3005747822370102e-06 3.5443240979849074e-07 9.707492887223419e-08 0.0 0.0 0.0 0.0 0.0 0.0 0.0 2.1681988730204595e-06 1.0984770210673357e-07 0.0 0.0 1.754481226488966e-07 2.383993821812645e-06 0.0 1.7702684773378166e-06 3.3258078624756547e-07 2.965436396268158e-07 2.469406810501061e-07 0.0 1.5054918444934787e-07 0.0 7.820827829234361e-08 0.0 0.0 0.0 7.306686428126786e-08 0.0 9.265317065512073e-08 5.744265011904293e-07 2.7393956436156942e-06 6.1252245358297204e-06
0.001259297809667409 0.0006017885771454 4.494518555523833e-06 0.0 5.6376550219018754e-05 0.00033434991794139895 0.0005965064729313075 6.56008350894343e-06 4.731565942333876e-05 0.0018375650585482303 9.561498426636222e-06 1.0056054489710824e-06 7.999386208148032e-05 2.2588452962340204e-05 2.026982249607534e-07 0.0 2.9424634015211197e-07 0.0 0.0 1.2180646311369706e-07 0.0 0.0 0.0 0.0 0.0 0.0 0.0 0.0 0.0 0.0 2.128206764206397e-05 1.2684389354355635e-06 2.797373858190116e-07 0.0 0.0 0.0 3.544744044162264e-06 0.0 1.480378470181648e-06 0.0 0.0 1.4229967211302717e-07 0.0 1.6654342221835539e-07 0.0 0.0 4.344139209409082e-06 6.643241036974783e-07 1.141843869793694e-07 0.0 4.288058472311167e-07 0.0 0.0 0.0 1.396076071106262e-06 1.9476559162808585e-06 2.2310396205147807e-05 5.1466413791346326e-05 1.0992093513073601e-05 6.196761253820842e-06 5.7412086792431264e-08 1.0735182026153374e-06 0.0 5.21920460986576e-06 8.852819268821165e-07 6.529875801462251e-07 2.868959566656095e-07 7.469733501424712e-07 0.0 0.0 2.3331159045208688e-06 2.319379594243791e-07 0.0 4.3459419717872096e-05 1.2979476879786875e-05 1.0462797160662466e-05 2.788138791228104e-06 3.734707812974804e-07 3.987452193690168e-07 3.7518146094969536e-07 0.0 2.755085384160957e-07 3.0573334928567093e-06 0.0 4.570897643305671e-07 1.5656578440579543e-06 0.0 8.469937014820221e-08 3.8902745882264176e-07 0.0 2.669345020519316e-07 8.096743849820075e-08 0.0 1.5302089888648978e-07 9.743811620880082e-08 9.298445986938601e-06 3.992382238903366e-07 0.0 1.0116947442789073e-07 0.00025316321851568497 1.8341003774418586e-07 7.841182127300232e-06 2.958961323691688e-05 2.5306391167469118e-05 5.632545360816067e-07 1.294116684778296e-05 2.7830672914284847e-05 5.268441833125155e-07 4.889376052883638e-05 2.147901996486757e-05 1.3736268351704689e-06 6.335249114275948e-06 4.763000720557339e-06 4.96523895655199e-06 1.5408045909909325e-06 0.0 0.0 0.0 0.0 0.0 0.0 0.0 0.0 0.0 0.0 0.0 0.0 0.0 0.0 0.0 0.0 0.0 3.6830883196810137e-07 0.0 1.5149855558452155e-06 3.0665629932110986e-07 0.0 0.0 0.0 7.331319451265427e-07 0.0 1.7863484267989198e-06 2.0456076210168123e-06 0.0 0.0 0.0 0.0 7.899894214427447e-08 0.0 0.0 0.0 0.0 0.0 0.0 0.0 0.0 0.0 0.0 0.0 2.193968252295074e-07 0.0 9.770567041655685e-08 1.941223060120873e-07 3.715839988484462e-07 0.0 0.0 1.4735167417970984e-07 4.349158834268166e-07 0.0 0.0 0.0 0.0 0.0 0.0 0.0 0.0 5.804501332491588e-07 0.0 0.0 0.0 0.0 9.34492009548274e-08 0.0 1.5707345956191675e-07 0.0 0.0 1.2020736987102926e-07 0.0 0.0 0.0 0.0 0.0 0.0 0.0 0.0 0.0 0.0 1.9840055286511326e-06 3.390600362141285e-07 8.827281523176449e-07
0.00014569847572894133 0.001044220300688707 0.0008110673228983529 5.6376550219018754e-05 0.0 6.293093833100305e-06 0.0014076967163392017 5.502273326336092e-05 0.002710578969010587 0.00022608863598911193 0.0006310769677249729 4.976071461380642e-06 0.0004957835405254635 0.0006736735420444533 1.077623394510936e-06 3.956787867501922e-07 7.45397702650469e-08 6.820067546882117e-08 0.0 0.0 0.0 0.0 0.0 0.0 9.264043616110447e-08 0.0 0.0 0.0 0.0 0.0 0.00010012764102586792 1.1288810934724966e-05 9.02237872124511e-06 0.0 0.0 1.0017867236838691e-07 2.0913374486961464e-06 4.157172974950374e-07 1.4498301717876508e-06 1.472207209525848e-07 0.0 0.0 0.0 2.9447720019125616e-07 0.0 1.0100340667202318e-07 1.765761188113441e-05 1.1896869526737606e-06 2.82020868854583e-07 2.4040322784602346e-07 2.2923489266306526e-07 0.0 6.494864598478375e-08 0.0 1.733580578597822e-06 1.7241541317739519e-06 1.6096135354630427e-05 4.879448612996684e-05 1.0637713707446656e-05 1.437437293827173e-05 2.2932999563876892e-07 7.860406084844988e-07 1.522635968122133e-07 2.4890872877549e-05 2.2883047348006988e-06 1.0058313591113208e-06 5.153652000478277e-07 1.0759200774952358e-06 7.386763079572011e-07 9.257557355139535e-08 4.992552780021458e-06 1.231002292807161e-06 0.0 7.25093344709726e-05 4.223637155015539e-05 3.298761201008837e-05 1.7119384342276294e-05 2.341547335109008e-06 9.74914631356669e-07 1.0336125677237052e-05 2.399524029550541e-07 9.830700523359694e-07 2.4619699417317048e-06 0.0 8.097121448665583e-07 2.3164189974962217e-06 1.3180100685966832e-07 5.864892858105785e-08 6.924191726866421e-07 1.0342356642438374e-07 8.037951330892933e-07 5.468636951011223e-08 1.4918302858044713e-07 1.9462530229655412e-07 2.57020633543541e-07 5.157285145129454e-06 6.614024894324413e-07 0.0 1.8555943532152116e-06 1.8412849571671018e-05 6.469856356773474e-07 4.844643281988524e-07 5.399084866585433e-07 6.223875323173254e-07 1.3041079935083708e-06 1.1473325286800513e-06 7.336075195120422e-07 6.56391044078435e-07 7.863397446701929e-06 3.561166088439896e-06 1.929286776523696e-06 5.064027540425509e-06 3.2884472427208333e-06 4.067119507429902e-06 2.7521631261385762e-06 0.0 0.0 0.0 0.0 0.0 0.0 0.0 0.0 0.0 0.0 0.0 0.0 0.0 0.0 0.0 0.0 0.0 0.0 0.0 9.148656712051257e-07 2.501996025245331e-07 0.0 7.019538735291014e-07 0.0 1.7672246411427413e-06 8.199785706007505e-07 1.338783063193307e-06 1.975214508193938e-06 9.514696488721913e-07 0.0 0.0 0.0 1.6379544391527295e-07 0.0 0.0 0.0 0.0 0.0 0.0 0.0 0.0 7.140732276496451e-08 0.0 0.0 0.0 0.0 7.190175545383753e-08 1.2157740992289674e-07 8.203844514915977e-08 0.0 0.0 2.0127463619925563e-06 7.377597976590932e-07 0.0 0.0 0.0 0.0 0.0 0.0 0.0 0.0 1.5966727637416162e-06 1.2688133750013372e-07 0.0 0.0 0.0 1.5193707767757584e-06 2.8570246300805874e-07 1.3276785465430207e-06 8.66686671415144e-08 0.0 3.513097322628066e-07 7.386499896422524e-08 2.7913496418810235e-07 0.0 0.0 0.0 0.0 6.613843939003748e-08 0.0 0.0 0.0 1.3427568474448318e-06 6.688065914939574e-07 4.409610921760236e-06
0.00020170375646514713 9.041392889090876e-05 2.989554943684653e-06 0.00033434991794139895 6.293093833100305e-06 0.0 4.699533508447739e-05 6.817499663753332e-06 4.571264584991791e-06 0.0005885087136434895 4.331632724506553e-06 1.4937503369838793e-05 2.4019623903246166e-05 8.216577407653495e-06 2.94067386429912e-07 0.0 0.0 0.0 0.0 0.0 0.0 3.921657001388208e-07 0.0 0.0 0.0 0.0 0.0 0.0 0.0 0.0 6.587157778944748e-06 0.0 1.7019300529445958e-05 0.0 0.0 0.0 2.8464969503050504e-05 1.5479006308195459e-06 9.170667560055191e-06 0.0 0.0 0.0 0.0 0.0 0.0 1.156046130554464e-07 7.681532156097231e-07 0.0 0.0 0.0 0.0 3.314523607692959e-06 2.850287790620787e-07 8.32718084842381e-08 2.0520718535851638e-07 6.477033601992775e-08 9.158177183151555e-05 7.834013175190248e-06 2.035223176709359e-06 2.281878510964275e-07 0.0 3.8530566608032315e-06 0.0 2.976858382664131e-07 0.0 0.0 7.780881333603473e-08 0.0 0.0 0.0 6.211109117345609e-05 9.246017170567411e-05 5.103181532897767e-06 4.070307880673035e-06 8.14474553503471e-07 1.2161196670893187e-06 6.933080446967597e-07 0.0 1.9867937769514357e-07 2.678076041710098e-06 0.0 1.4605450313141055e-06 1.1570554771532574e-07 0.0 0.0 5.839846856516332e-07 0.0 1.6507985558481835e-06 1.1435671973843163e-06 2.6588907853421492e-06 8.617973127480359e-07 2.153325790058542e-06 0.0 0.0 1.0746018950727828e-06 0.00017060234527203745 4.605339889221078e-05 3.1880347566031346e-06 2.3511355359735672e-05 0.0004382710671162223 3.764789457620784e-07 5.224488656701489e-06 8.45687739629654e-07 5.634516556623057e-07 9.6908188687477e-07 6.421454297768635e-07 1.703682303092061e-05 1.0962514112760233e-06 8.151380552639631e-06 1.0562241798186303e-05 1.095664694078474e-06 5.400991394532836e-06 8.918641049924349e-06 4.558702379915783e-06 3.851315275548622e-06 0.0 0.0 0.0 0.0 0.0 0.0 0.0 0.0 0.0 0.0 0.0 0.0 6.869562749134991e-08 0.0 7.116462083652486e-08 0.0 8.395160542012401e-08 2.4929962975752435e-07 1.621920445310431e-07 7.670882678514143e-07 1.526848521431601e-07 0.0 0.0 0.0 1.013350233910751e-06 4.7672972977245215e-07 5.405782701923798e-07 1.2763106000789948e-06 3.9879314953765927e-07 0.0 0.0 0.0 0.0 0.0 1.4069671632629497e-07 0.0 0.0 7.042500315517078e-08 0.0 0.0 0.0 2.6906941779388816e-07 0.0 0.0 1.6678891556519452e-07 0.0 0.0 0.0 3.4574729012925844e-07 1.5552486610754214e-07 0.0 2.1026108082915227e-07 7.778701214194566e-08 0.0 6.759974692217214e-08 0.0 0.0 0.0 7.218569572037667e-08 0.0 0.0 9.971022205050406e-07 7.306815287790105e-07 0.0 0.0 0.0 7.98388290892615e-08 0.0 0.0 0.0 1.7434441961652966e-07 3.147929160942929e-07 0.0 0.0 0.0 0.0 0.0 0.0 0.0 1.2875415203771926e-07 0.0 0.0 5.706744491480765e-06 2.0934415939190014e-07 3.563881121514194e-07
0.0011210008669104864 0.0024855394006709952 0.0001102953769090877 0.0005965064729313075 0.0014076967163392017 4.699533508447739e-05 0.0 1.3997169624844708e-05 0.0008042028015590424 0.0024970088263949796 0.00012952237632630364 3.43963151380609e-05 0.0029418265062787063 0.0011142976016141669 5.707601538075294e-06 1.0377984662332928e-06 3.481280724891192e-07 0.0 7.32981787373607e-08 0.0 0.0 0.0 0.0 0.0 0.0 7.624587328942088e-08 0.0 0.0 0.0 0.0 0.000154421200077698 1.8365837098056573e-05 2.0343397176706564e-05 0.0 0.0 4.409984490360191e-07 1.208549713119986e-05 1.1840755633431608e-06 3.390928012990514e-06 3.1309294228900164e-07 0.0 6.553996685880197e-08 0.0 3.9587320687782666e-07 7.281369453383007e-08 0.0 3.745767047517119e-05 3.4618139139456848e-06 7.030381448271836e-07 1.8054466298628289e-07 9.493027941104078e-07 0.0 7.715569716671147e-08 2.0679434474655382e-07 4.617754695504196e-06 6.821827271106444e-06 4.751066084492088e-05 0.00014453498859117743 3.2083389013736416e-05 3.240063890006078e-05 5.314431641396432e-07 3.033040698179269e-06 0.0 4.499010612583891e-05 5.074508840459754e-06 3.942504861177139e-06 1.5749607543884702e-06 1.879257109612655e-06 6.226329391085552e-07 0.0 1.5165184724558303e-05 4.071222557074172e-06 0.0 0.00019069933831780125 0.00010270519031723663 7.180705122359667e-05 3.2805691805359304e-05 6.236725969407483e-06 2.671867916370174e-06 5.114248949650022e-06 1.3919992153532536e-06 3.762018006518408e-06 6.380847674964073e-06 4.715175349118823e-07 1.5485829703264547e-06 7.710514912366613e-06 5.240610363834348e-07 1.6868504061030605e-07 2.405669104538825e-06 0.0 1.5527464357860052e-06 1.981770251680208e-07 3.2858223086260775e-07 1.4104859733639853e-07 4.738984633343337e-07 3.468490004351107e-05 4.276318680766522e-06 0.0 5.416003155810008e-06 5.484644203498032e-05 2.2781148566834696e-06 3.3779941651768575e-06 2.189302942822605e-05 1.0402198734683723e-05 7.705984624234901e-06 2.3886210814392715e-05 4.418005771784e-06 5.004880673653401e-06 4.739019938835392e-05 3.5194268692586425e-05 1.0459748904721594e-05 1.9395126001035164e-05 1.8926785121900813e-05 1.5157181711777784e-05 1.619352825635282e-05 0.0 7.617622848229863e-08 0.0 0.0 0.0 0.0 0.0 0.0 0.0 0.0 0.0 0.0 5.282555590775429e-07 0.0 2.0991252139055508e-07 0.0 4.38240397823906e-07 0.0 0.0 5.10791692536513e-06 6.696805434809243e-07 0.0 0.0 0.0 6.224725255978644e-06 2.934535924738876e-06 9.386215397992592e-06 7.1602021168882836e-06 1.5974077939756777e-06 0.0 0.0 0.0 3.094523646748765e-07 4.250799798834909e-07 0.0 0.0 7.543113615865712e-08 7.545646341187951e-07 0.0 0.0 0.0 2.1788890371496398e-06 0.0 0.0 1.3083291536912367e-06 0.0 3.4982350212492295e-07 1.154765107537022e-06 5.274785115048979e-07 0.0 1.6940293824345478e-07 7.76244208921251e-06 2.1690881940378004e-06 0.0 1.3021329567962177e-07 0.0 0.0 0.0 0.0 0.0 0.0 6.60910654493792e-06 2.2635358626332796e-07 0.0 0.0 0.0 3.1120215015136725e-06 1.5652295506740273e-07 2.4807907070192225e-06 9.072672463910362e-07 1.1579178415080313e-06 1.0567864244995985e-06 1.841770069980745e-07 7.259325254420871e-07 0.0 0.0 0.0 8.285944674214555e-08 7.448794509398656e-08 0.0 7.197178976120156e-08 0.0 6.813032306959302e-06 2.494955413465013e-06 1.0943814287297792e-05
8.71904996035769e-05 0.00023640804882227277 0.00126595943090703 6.56008350894343e-06 5.502273326336092e-05 6.817499663753332e-06 1.3997169624844708e-05 0.0 0.00016370992432794196 1.9092611576958814e-05 0.0009652005545629278 4.240721068939455e-06 0.00010821359023893842 0.0006747679165893072 1.1462090828541778e-05 4.785823800989093e-06 3.1456532785717984e-06 8.637958222594823e-07 9.013643107197313e-08 4.6369184752615905e-07 4.480063330585197e-06 2.2029625161423241e-07 0.0 0.0 2.084940588850173e-07 3.9091694072474053e-07 0.0 3.6341311687343684e-07 3.339047192083111e-07 6.748305373167706e-08 0.0010730350363562014 0.0011133641436087466 9.878710213345274e-05 1.9540693839843633e-06 8.350195876738608e-07 1.971077436785494e-06 3.435282495841076e-05 6.263513691654531e-06 1.0479977405028824e-05 2.0640186590985947e-06 4.589889253136744e-06 3.872034941070474e-06 6.283743630948765e-06 2.7411831251419748e-06 7.767507950996137e-07 3.5502030252940866e-06 4.48408698547393e-05 1.6288852668353669e-06 8.431812027889511e-07 1.5431217062904367e-06 6.815670538159535e-06 9.237775070637079e-08 1.0991002701417295e-06 6.019331435087603e-07 2.8524302258813004e-06 2.747568186376457e-06 2.4049967075665607e-05 0.00017367497888077393 1.8842401171212295e-05 1.9521902519692453e-05 4.093244195316748e-05 1.5576111921031187e-05 5.515230160073739e-07 0.0002785295203653101 2.9419194373848327e-06 2.3413995143575227e-06 1.2936020629935574e-06 6.741356266895581e-06 2.6199295911617964e-05 1.65670968671277e-05 2.0809497049970607e-05 7.11471369280325e-06 3.240010372131884e-07 0.0001172894444816364 0.0001095920969982146 7.138968319161857e-05 0.00010444078594828671 5.173316391913102e-05 0.0006966815275186638 0.0013695936871113562 7.734776097476517e-05 0.00038242396244443644 4.392703284285329e-06 0.0 1.1931874454439807e-06 3.066121283707732e-06 2.702587389300987e-06 7.270736637754708e-08 1.0892725298743043e-06 1.7445874875694602e-07 1.7095643723698574e-06 3.5238312460274657e-07 3.393891677052487e-05 5.2461972957955984e-06 2.6161004402514444e-06 9.736571720219101e-06 2.261291324212162e-06 0.0 8.74228704708811e-06 4.583582179047201e-05 3.952468201625962e-07 4.1706941512605704e-07 4.729122865902011e-07 1.406638143753149e-07 1.0853817686812622e-06 5.224546670598614e-07 2.0421792507080306e-07 2.391273116095295e-07 2.2526805666307576e-06 5.1448914367761e-06 2.614692061474389e-06 4.922954063761166e-06 3.678451784538907e-06 4.425872226861697e-06 4.717787370198619e-06 5.4085316539774855e-08 1.5318927659518017e-07 0.0 6.48421609464589e-08 0.0 0.0 0.0 0.0 0.0 0.0 2.704470044129403e-07 0.0 7.57728506714774e-07 0.0 0.0 0.0 2.1948740567462587e-07 0.0 0.0 1.5222314721210347e-06 2.324622267498281e-07 0.0 0.0 0.0 2.1552108251662136e-06 3.86743348258903e-07 4.01253337472507e-06 5.568294710084021e-06 1.8819079833415683e-06 0.0 7.80247100742234e-08 1.0102701471445612e-07 0.0 0.0 2.233402230524472e-07 0.0 5.866415695856671e-08 1.897111670862882e-07 0.0 7.161679815888927e-08 1.7528591202736798e-07 9.570916629038307e-07 2.620822595120312e-07 0.0 3.717588141305773e-07 0.0 1.0763055853595471e-07 2.392262284417673e-07 2.5126632467283237e-07 1.6149700839819727e-07 7.962492853981194e-08 1.8323504502305573e-06 2.1508465723320196e-07 1.463974797332087e-07 0.0 0.0 1.2982456361886442e-07 0.0 0.0 0.0 0.0 2.0991237154115654e-06 2.3149023971589293e-07 0.0 0.0 6.447657169173459e-08 1.398988542935068e-06 0.0 9.176034684046657e-07 1.3574412878660351e-07 3.534920750689266e-07 5.068980544514069e-07 4.1200334777286526e-07 0.0 0.0 0.0 0.0 0.0 0.0 6.386388240167373e-08 7.849454474088233e-08 1.0280648984687719e-07 1.0254005328842607e-06 2.509082149046955e-06 5.8986478795320835e-06
4.135275401190368e-05 0.0004887214314910795 0.0005181066654849088 4.731565942333876e-05 0.002710578969010587 4.571264584991791e-06 0.0008042028015590424 0.00016370992432794196 0.0 0.00020945544157470987 0.0009011048765317097 1.084099313168487e-05 0.0010555988265719648 0.0009591771279222985 1.3960256145957738e-06 4.6358018538045375e-07 6.694693910720696e-08 0.0 0.0 0.0 1.9276959872097943e-07 0.0 0.0 0.0 0.0 0.0 0.0 0.0 0.0 0.0 2.8314438982154406e-05 8.255043986296254e-06 2.2027022466710347e-05 0.0 0.0 0.0 3.4433400040332066e-06 3.6019982643428074e-07 1.1212476271609596e-06 0.0 2.154173066688672e-07 1.4184843608291379e-07 1.4465525056140875e-07 3.134569519038564e-07 0.0 0.0 1.2390275655265027e-05 6.343297071056593e-07 2.556843609987464e-07 0.0 3.837272639560553e-07 0.0 0.0 0.0 9.067431521768057e-07 1.4715302581056173e-06 7.281954834378337e-06 2.0058212289193416e-05 5.691764479883025e-06 7.145991963337891e-06 0.0 4.0755858740258395e-07 0.0 1.3756073762783999e-05 8.491812484441505e-07 7.229603627012268e-07 2.3148430524693123e-07 6.817698573953199e-07 8.071002914882558e-07 0.0 3.5452749438112746e-06 4.833031630613702e-07 0.0 3.8797904824379994e-05 2.6371855846696185e-05 2.534026045852885e-05 1.7569165913570155e-05 2.099203833447411e-06 9.793394731173634e-07 1.442303836435673e-05 3.015670458840804e-07 3.019745442828762e-07 1.7022763684290226e-06 0.0 5.125368656809738e-07 7.653427062886568e-07 1.3565041611037406e-07 7.232473648724444e-08 8.88601188435667e-07 0.0 6.098053707636518e-07 6.077952736200122e-08 1.6603609274369867e-07 0.0 1.5974295356627855e-07 7.882706553327317e-06 3.4115185808211145e-07 0.0 2.140463902414556e-06 5.4671611075464536e-06 3.3300727819287397e-07 3.0554017014908463e-07 4.759194286166644e-07 7.725478494627765e-07 3.777981360164077e-06 1.0076708713782335e-06 1.2445929516327119e-06 1.6493763173541905e-07 4.5440109014415994e-06 6.830402270401762e-06 3.5921875917595887e-06 4.248012832639568e-06 5.727644776920296e-06 4.027363423319995e-06 3.936445157068239e-06 7.657177138756164e-08 0.0 0.0 0.0 0.0 0.0 0.0 0.0 0.0 0.0 0.0 0.0 0.0 0.0 3.809550825407261e-07 0.0 7.140559165277877e-08 0.0 0.0 1.0559908323876638e-06 0.0 0.0 0.0 0.0 2.525819082631172e-06 1.1075272755743438e-07 3.0908566318057293e-06 2.5868614631494e-06 4.876763365330459e-07 0.0 0.0 0.0 0.0 0.0 0.0 0.0 0.0 2.019319048739344e-07 0.0 0.0 0.0 0.0 0.0 0.0 1.040894279071745e-07 0.0 0.0 2.3205530178194384e-07 0.0 0.0 3.5672689080616714e-07 1.3268516321199755e-06 4.418609702728346e-07 0.0 0.0 0.0 0.0 0.0 0.0 0.0 0.0 1.8948787687614878e-06 0.0 0.0 9.068731965700329e-08 0.0 2.493426165189314e-06 0.0 1.5453230372333439e-06 7.946606112869193e-08 5.03217390770731e-07 1.104949974113323e-07 3.019329056250838e-07 9.449546352098164e-08 0.0 0.0 0.0 0.0 5.716537084761094e-08 0.0 0.0 0.0 1.555311673558982e-06 1.0208001184798535e-06 3.0683415973777012e-06
0.00142092585372613 0.0008522750624052291 2.184834893042727e-05 0.0018375650585482303 0.00022608863598911193 0.0005885087136434895 0.0024970088263949796 1.9092611576958814e-05 0.00020945544157470987 0.0 3.556471630825027e-05 0.0024051023931718684 0.006825297892794767 0.0008830536263419877 4.469567878708833e-06 6.156138796749507e-07 5.812156905646709e-07 0.0 0.0 0.0 0.0 0.0 0.0 0.0 0.0 0.0 0.0 0.0 6.747482553906925e-08 0.0 5.684142125688803e-05 9.96914064839628e-06 0.00029613261489299075 1.2777412615157165e-07 0.0 0.0 0.00016128028552458596 6.622636739260659e-06 2.1535216091412115e-05 2.534101989203501e-07 0.0 0.0 0.0 4.5648205198804027e-07 2.0199716780333653e-07 3.493414577076291e-07 4.0213898831562506e-05 1.6504947835276667e-06 3.989881539156564e-07 6.443732413264869e-08 1.2390347669531956e-06 8.144121144508216e-08 1.5139322606358069e-07 0.0 3.6684552608333733e-06 6.459588335170236e-06 7.29844806631683e-05 0.0001244904390724516 4.430885204520474e-05 2.896977953326128e-05 3.8916635893664443e-07 2.1215917138985894e-05 0.0 2.7937184795668023e-05 5.053132353106557e-06 3.4078557475959517e-06 1.5615676587411155e-06 2.664419151614266e-06 4.5467372678909886e-07 0.0 0.00016724334228391367 2.43970258834354e-05 0.0 0.00017620142754726817 7.072436031192608e-05 5.979900978048586e-05 2.0141832732852403e-05 5.119553288366404e-06 2.5649876597235946e-06 1.4778244527204984e-05 9.839782695247626e-07 1.009889494779444e-05 9.510702347673026e-06 1.6084725166845937e-07 1.7877033033899855e-06 6.756381541667253e-06 1.7185911162094925e-06 1.3672057884414255e-07 2.6960758270435324e-06 0.0 2.3753987578451494e-06 0.0 7.158587616747163e-08 4.899083189810919e-07 2.8178826147407643e-07 0.0002769284966891176 1.7083338285837513e-05 8.665510820531961e-07 3.364326805098137e-05 0.0003982471494565595 5.546995592626074e-06 3.525067335864237e-05 2.022474560063466e-05 1.0411936651867611e-05 3.531506023167425e-05 3.480903268321462e-05 0.00011382979003276734 1.0766566614024846e-05 0.00014650740040169407 0.00017688565635214822 4.2849961132157046e-05 0.00017270370998790965 0.00017405207000190212 0.00016377734412034272 7.540322969975035e-05 3.76213961173973e-07 4.4262222685651035e-07 8.939412475700557e-08 0.0 0.0 0.0 0.0 0.0 0.0 0.0 0.0 9.51632010966036e-07 5.9334351198769305e-06 0.0 0.0 0.0 1.5954964135044293e-06 4.5535958261763476e-07 0.0 2.5083119653341265e-05 3.2924857110611233e-06 7.336412870191152e-08 0.0 9.65242561352546e-07 2.895106251569095e-05 8.163234083664603e-06 5.2417875531199715e-05 4.3712353947496974e-05 9.906059450501305e-06 0.0 0.0 0.0 9.710813268590165e-07 1.8950679847331144e-07 5.125678309501961e-07 0.0 4.799809694365548e-07 1.802018849214135e-06 0.0 0.0 0.0 4.715115382310764e-06 0.0 1.360646712564197e-07 3.3106104285971115e-06 1.6613192603235567e-07 6.390086166282377e-07 2.5605571593899433e-06 6.696462582631133e-06 1.8288300929480065e-06 0.0 2.5855668465735197e-05 5.5571313788972245e-06 0.0 6.137343516679198e-07 6.123172632326795e-08 7.812648865129335e-08 0.0 0.0 0.0 1.5196108495775668e-07 2.8976556713044738e-05 9.966030921743638e-07 6.932739147380729e-08 1.1871558394497456e-07 2.688983839099378e-07 1.6742303288647387e-05 1.8774264368373401e-06 1.6866593784143373e-05 2.4531976497444695e-06 3.185340588840401e-06 2.1997482086747594e-06 2.9259630514657113e-06 2.5192366529686134e-06 1.930526193341699e-07 1.3368984716831328e-06 0.0 0.0 9.847209869788746e-08 6.773877686958876e-08 7.79470534635166e-08 0.0 5.449774532459654e-05 1.1822881916343097e-05 3.468578082257172e-05
0.00022165923934767346 0.0006594236245279813 0.00121579372006021 9.561498426636222e-06 0.0006310769677249729 4.331632724506553e-06 0.00012952237632630364 0.0009652005545629278 0.0009011048765317097 3.556471630825027e-05 0.0 2.9971734591376038e-05 0.0006464120736611241 0.0019410442613873107 1.0193839215673888e-05 5.168785794345092e-06 1.408701716034151e-06 7.748384571069373e-08 8.35182323038771e-08 3.792635479073402e-07 5.449410894492947e-07 0.0 2.2011203422904266e-07 0.0 6.75465033210646e-07 0.0 0.0 1.073989497907903e-06 6.102688165444003e-07 0.0 0.00041315974777520885 0.00015724622238875286 0.000651437774664473 0.0 2.027411727721363e-07 1.463173005674637e-06 0.00016287300730065968 9.05921044835911e-06 2.3356580124711532e-05 1.9092007900271575e-06 2.436303287736137e-06 2.0761956808938257e-06 2.4998618344066016e-07 2.036143490044549e-06 4.5518518388437343e-07 9.63228715269079e-07 4.085104099008072e-05 1.2843387951320947e-06 1.040063453417105e-06 1.5896923838459114e-07 2.500608333258894e-06 1.6275270849019713e-07 7.028015883470034e-07 5.415238415363058e-07 1.517300831838023e-06 3.793752527898776e-06 2.317380042278225e-05 9.415470461454623e-05 1.6294941217119367e-05 1.7704657700297336e-05 1.5150999390828875e-06 3.451981882142957e-05 0.0 5.555493973437024e-05 2.3810349832258886e-06 1.9343491165759626e-06 8.269313338473672e-07 1.8680490454050337e-06 3.415766086367558e-06 1.627686715084398e-06 7.724367363501205e-05 4.856344637432921e-06 2.1101710079846615e-07 8.959899754288215e-05 6.511495406230046e-05 5.8877121192712786e-05 5.6057317687203206e-05 1.8948920215072144e-05 1.7718219757903747e-05 0.0004980181006482415 2.2564932708934e-06 2.4782699550426122e-05 4.079849138102898e-06 0.0 1.3366088890728135e-06 2.4016569545134842e-06 5.016762519182063e-07 8.580708178722432e-08 1.2138319049608132e-06 1.0016194549689227e-07 1.4011356576082087e-06 1.2909855139734506e-07 5.853249938517108e-06 2.0791063404645627e-06 1.0805371646738812e-06 3.512684545960021e-05 3.464742165944009e-06 0.0 1.363889121392263e-05 5.6945285039731514e-05 1.2146668798749736e-06 1.629353830216514e-06 7.504757363166447e-07 4.731794891657945e-07 6.437571422863927e-06 1.7425673878432228e-06 7.183655149044424e-07 1.5697434906150306e-06 7.609955130240812e-06 1.1673360190253788e-05 7.06282674808649e-06 1.0353316638269783e-05 8.046397638226419e-06 1.0596171331950095e-05 1.198347158933777e-05 2.5821945578078843e-07 1.9891223392302686e-07 0.0 0.0 0.0 0.0 0.0 0.0 0.0 0.0 1.808170697178846e-07 0.0 1.4555949160190037e-06 0.0 0.0 0.0 8.226413890037455e-08 4.1571824960673957e-07 8.523408365374694e-08 4.674063598597916e-06 3.023384457032194e-07 0.0 2.1734232505830366e-07 0.0 6.548675485049181e-06 1.3502208189393465e-06 9.5210196302374e-06 1.0785501930251532e-05 2.3114127941663027e-06 1.2437546605567711e-07 0.0 0.0 1.621508548804739e-07 1.2001723965578006e-07 3.392455573431832e-07 0.0 3.369943379109733e-07 7.563943331435047e-07 0.0 8.398767747029422e-08 0.0 2.4005925910055377e-06 3.6143542939574944e-07 0.0 6.479269171088881e-07 0.0 1.194589722050582e-07 6.906288240058044e-07 0.0 0.0 4.990535682692917e-07 5.9171457978066876e-06 1.431822526122948e-06 0.0 0.0 0.0 0.0 0.0 5.1028172419771814e-08 0.0 0.0 8.264461766739742e-06 6.042832905926591e-07 0.0 0.0 7.411668644685397e-08 4.43946528219568e-06 2.141076066961236e-07 2.8994749090018557e-06 7.76146582849537e-07 3.646630556076936e-07 8.531979264098024e-07 2.1662813308717762e-07 5.152940351078174e-07 6.203956605391662e-08 0.0 0.0 0.0 0.0 0.0 8.199105595307532e-08 8.139011117724954e-08 2.4775215449342716e-06 2.8744271600710417e-06 1.0190302434464481e-05
2.1016961427098372e-06 7.481268377974096e-06 3.630346995364437e-06 1.0056054489710824e-06 4.976071461380642e-06 1.4937503369838793e-05 3.43963151380609e-05 4.240721068939455e-06 1.084099313168487e-05 0.0024051023931718684 2.9971734591376038e-05 0.0 0.0009504257152578159 8.462473471775973e-05 8.995441165828658e-07 5.031787815592637e-07 2.0994690560634424e-07 0.0 0.0 7.392769768370226e-08 0.0 3.13512693716237e-07 0.0 0.0 0.0 0.0 0.0 0.0 0.0 0.0 1.9976791239795573e-06 8.878739698453433e-07 5.8284950450805895e-05 0.0 0.0 0.0 4.685469589517292e-05 2.321094163488698e-06 1.4153420086624901e-05 1.6618386805348857e-06 0.0 0.0 0.0 1.761797285266661e-07 0.0 0.0 2.927218951717557e-06 0.0 9.19369987244322e-08 0.0 0.0 5.434162392804924e-07 1.57093109849115e-06 0.0 0.0 7.551979074146893e-08 1.0693334552953532e-06 3.2028927842987636e-07 6.939537874101169e-07 5.32113472416861e-07 0.0 1.9664388080795873e-06 0.0 6.205530402757515e-07 6.448533544717485e-08 5.8732168028563665e-08 5.630472137584629e-08 0.0 3.1522580233523755e-07 0.0 4.1291684193257315e-05 5.363544624898147e-06 8.595926061363665e-07 2.1058432167008803e-06 1.4000102832151666e-06 1.5929041000549234e-06 3.1386992927272003e-06 8.609417754669448e-07 0.0 2.6618857771249592e-06 1.9554463647141507e-07 2.027167273041835e-06 9.261954380091294e-08 7.245010146784494e-08 2.525618132964762e-07 9.314748973975662e-08 0.0 1.4886072254009166e-07 1.5053579537853634e-07 5.613345270980575e-07 6.629952478864544e-08 2.0410020403244767e-07 0.0 0.0 2.0854705796652864e-07 0.0003529121413426716 2.9549062464119212e-05 3.244666014424741e-06 2.2164416074923677e-05 4.4193848352581355e-06 2.2033916209850883e-06 6.336456608303301e-06 5.732168140603261e-06 1.0642913259778543e-06 1.1763946629348165e-05 9.104056846212256e-06 2.1354242118013497e-05 5.307894447859177e-06 2.374415491533379e-05 5.90954678766029e-05 1.887744185720059e-05 4.461084077108323e-05 4.3959671367246224e-05 4.579315954227333e-05 3.227988906995718e-05 2.6288536573279707e-07 9.036764815300554e-08 0.0 0.0 0.0 0.0 0.0 0.0 8.827397183109356e-07 0.0 0.0 0.0 4.0261842059282515e-07 0.0 0.0 0.0 4.958329151936208e-07 7.499180152482067e-08 0.0 6.93971660602462e-06 1.0794947700615173e-06 0.0 0.0 0.0 9.7420339742349e-06 3.494927969446314e-06 1.3491484933972913e-05 9.4512090745331e-06 2.027229198170554e-06 0.0 0.0 0.0 8.411401079177357e-08 0.0 0.0 0.0 2.872061503303904e-07 5.589213458916957e-07 0.0 8.197983618222156e-08 0.0 8.527513373339624e-07 0.0 0.0 1.1179944345859218e-06 0.0 1.725094379947907e-07 6.081612199166248e-07 1.922988660398742e-07 4.3204612679119345e-07 7.092036631684363e-08 6.097354982070827e-06 2.3168089251063324e-06 5.546695504328678e-08 5.602840882237553e-08 0.0 0.0 0.0 6.754983679396725e-08 0.0 0.0 1.2735613131632944e-05 2.9518193055234207e-07 0.0 0.0 0.0 5.206733731777001e-06 1.0478209998994172e-07 1.464111960924178e-06 9.404071116924089e-07 3.173831359799993e-07 7.84381066968195e-07 6.781360473478959e-07 6.004388096019573e-07 0.0 9.638466519929531e-07 6.80746721406022e-08 0.0 0.0 0.0 0.0 0.0 1.88099612973524e-05 2.9589674788774536e-06 1.1308426594269813e-05
