0.0 0.002441033271308909 0.000176666952432473 0.0013533619814569378 1.2562908772531473e-05 4.2377723881441576e-05 0.00027237166821136594 4.423752152933215e-05 2.442447333639302e-06 0.0008719505094597281 4.058320989048671e-05 0.00012651170252021645 0.00013800069732991416 5.493653212440306e-05 3.3532698157585515e-06 7.834321938344037e-07 1.8689500397655156e-07 3.003475828667164e-07 0.0 0.0 0.0 7.170880740051602e-07 9.509840834739086e-08 0.0 0.0 0.0 0.0 0.0 0.0 0.0 0.000569089222077757 3.662614771944933e-06 2.6491059921775445e-05 4.1611811985716955e-07 0.0 0.0 1.047991291365876e-05 2.490299380108782e-06 6.411535102931768e-07 2.426639012004619e-07 0.0 9.286047770992044e-08 4.1771336211252813e-07 9.989817490342186e-08 0.0 0.0 2.7434146686106812e-05 3.3741497689369837e-06 3.4303130344216585e-07 4.784266878749105e-07 9.667413219236088e-08 2.8930430785615786e-07 2.6825699272459623e-07 0.0 6.690200009114548e-06 1.1864529434822365e-05 0.00025434187185358363 0.0004832994280247344 4.542048294339143e-05 4.649293402215889e-05 0.0 2.7991931487998277e-05 0.0 3.122745672081287e-05 2.56894422395009e-06 2.0164020129629002e-06 3.744004582843734e-07 1.5610960604268163e-07 1.0234031946737353e-07 0.0 2.9505424303931525e-05 2.662828741628797e-06 0.0 0.0001247777240242852 1.9533445954206862e-05 2.7400298633738508e-05 4.424020093116462e-06 2.1220526073068124e-06 5.760023303600192e-07 3.762462861696394e-05 2.1652621500297002e-07 7.790643683141173e-06 1.7091075057223728e-05 9.452865162452306e-08 1.4344102567222768e-06 3.975287468585765e-06 5.327337043461652e-07 0.0 2.3550489546921158e-07 0.0 6.894117733652025e-07 4.0624517058172574e-07 1.1446180678153718e-07 0.0 1.226581001818272e-07 2.380955388981174e-05 2.5274107918806123e-05 1.7476689347233585e-06 3.4413113583416705e-06 0.0005976538138452402 1.8549349366062745e-06 3.712835422730199e-05 6.023687851987241e-05 1.9651027241258144e-05 7.961658582353864e-06 4.377928823768561e-05 1.0347181564518284e-06 2.706563773161372e-05 5.5760986610862264e-05 6.3893996611738405e-06 2.7237736414160917e-07 2.2535059936426712e-05 2.244670544580337e-05 1.8889753908633837e-05 6.8033549536987144e-06 7.263542033604644e-07 3.478895460203927e-07 0.0 0.0 0.0 0.0 0.0 0.0 0.0 0.0 0.0 0.0 0.0 0.0 0.0 0.0 0.0 0.0 0.0 2.1862805895312016e-05 1.8726988551051603e-06 0.0 0.0 0.0 2.9983625794103615e-06 1.7756723420069487e-06 9.547059301394494e-06 1.5401072147167032e-06 1.2182161385280576e-07 0.0 0.0 0.0 0.0 0.0 0.0 0.0 0.0 2.991459167824215e-07 0.0 0.0 1.5291827663628296e-07 2.609079580732649e-07 0.0 0.0 3.023198334168874e-07 0.0 9.329054215314778e-07 1.999932025797012e-06 3.064414022094988e-06 6.559636470870735e-07 3.0563687009917587e-06 1.4792038468327445e-05 9.220657069733972e-07 0.0 0.0 0.0 0.0 0.0 0.0 7.323748507767934e-08 0.0 4.367296140335998e-06 2.7701127371494267e-06 0.0 1.0884981164358609e-07 0.0 6.6203445754418365e-06 2.4522973585186423e-06 7.934014816798386e-06 2.5549160975160105e-06 3.6005325699623183e-06 3.5146281447999413e-07 1.5423049203988446e-07 0.0 0.0 0.0 0.0 0.0 0.0 0.0 0.0 0.0 9.053790238674846e-07 9.153930977847785e-06 1.1544818836364851e-05
0.002441033271308909 0.0 0.0008811540908643053 0.0005940141109939866 0.0011985504564589937 0.0002277201857260675 0.0018521275395138072 0.0002243138229693273 0.00020897170174833735 0.0016724984165523414 0.0014576788659144773 2.229016391324659e-05 0.0008392800784281451 0.0024237660833971476 3.4193159296597115e-05 8.15651338154815e-06 4.2184788553220376e-07 2.3667760407417774e-07 8.23475397580967e-08 3.065600876101869e-07 3.9517833750330213e-07 7.538119532503478e-07 1.803329896523976e-07 5.026421109831287e-07 6.678557452237506e-07 2.1029036341555466e-07 3.459082458453847e-07 2.9065420032654953e-07 1.0472164474376316e-07 2.703685718532198e-07 0.0013659159019453796 1.2011815102186223e-05 3.0219292493696554e-05 5.284836216398225e-07 0.0 3.103866597555055e-07 1.2227333719682451e-05 1.7133972859843188e-06 1.3655070402846897e-06 9.345118256508762e-07 0.0 8.165304738937263e-07 2.593603600134373e-07 2.110994830453973e-06 1.7604511106580948e-07 4.84058287232968e-07 0.00024748841177406236 1.284139827705065e-05 1.3527036759504439e-06 6.902036188388101e-07 5.387988870059479e-07 1.5539955175162676e-06 5.70885714721987e-07 5.837464593543417e-07 1.7453944306640814e-05 2.2199077029989763e-05 0.00014831358408367036 0.00040968724835946163 6.633995933848314e-05 0.0002019788872352355 3.393771692248127e-07 4.06249239942566e-06 1.1031994993137742e-07 0.00014211059120878425 8.639027074061407e-06 7.664761282819132e-06 8.075122356111807e-07 1.5731241273614637e-06 3.068596097299729e-07 2.9822352172455023e-07 5.279338761391525e-05 4.4767435506554515e-06 0.0 0.00027355382294147115 7.406372238643667e-05 0.000245226291588414 4.253859169573398e-05 2.288044108618039e-05 1.8495519280002113e-06 9.031650767160558e-05 8.269350077691844e-07 1.9983049679386517e-06 6.421815676089127e-05 2.1965646109190612e-07 6.575705858670208e-06 1.1993736506251264e-05 1.8479428703803136e-06 0.0 1.5374343212212778e-06 9.840465676794818e-08 1.109190608384993e-06 1.0009483229415298e-06 2.763925394455466e-07 9.03344858305665e-07 2.284501478848157e-06 2.7369956528805952e-05 3.61703874110591e-05 0.0 1.4814832103623385e-06 0.0007214925377335898 7.175935467080975e-06 5.062075825737632e-05 0.00010909797771008665 3.4638210261793344e-05 2.5178265064953e-05 0.0001352586681463246 2.8008478109842755e-06 5.888452950208571e-05 0.00011810740563169112 1.5130016463900958e-05 4.394656423588141e-06 7.193443785494084e-05 7.817381797754991e-05 5.550214616532724e-05 5.08672000766122e-05 7.662200252191768e-07 1.7258618999563227e-06 0.0 0.0 0.0 0.0 0.0 0.0 0.0 0.0 1.1699848725133493e-07 0.0 1.4012284640054509e-07 0.0 3.6078031745317297e-07 1.8513022812213198e-07 7.958899496297446e-08 7.836656292701142e-08 0.0 9.190069830200808e-05 3.934569813660069e-06 0.0 0.0 0.0 1.758893392992259e-05 1.255815488117064e-06 2.00635869575391e-05 2.160616920174386e-06 4.517445984257388e-07 0.0 0.0 0.0 8.296987803563349e-08 2.9066573843319795e-07 1.258561227462016e-07 0.0 1.728184643598556e-06 1.2299967038340489e-06 0.0 0.0 0.0 2.2226761119511786e-07 9.543649863488108e-08 1.1770986169189202e-06 1.5503151915327925e-07 0.0 3.1147444776352416e-06 1.259005574602706e-05 4.647718502144208e-06 9.196553516094555e-08 8.250344545384729e-07 4.7533324511181666e-05 7.859153112183777e-06 5.21344187124941e-07 0.0 1.0530309799121963e-07 0.0 9.146212915205386e-08 1.5929078349940912e-07 0.0 9.212961654256276e-08 2.647287855220175e-05 4.6448736393738905e-06 0.0 0.0 3.749993243037627e-07 1.8120580240325364e-05 8.132087269180143e-07 1.0686355127085386e-05 6.129182913577637e-06 8.838196042619617e-06 2.7526041619672382e-06 6.772813222359196e-07 1.9947204188015556e-06 3.2196194181391894e-07 0.0 1.679836379334224e-07 0.0 2.9113014722579743e-07 1.6309080083749282e-07 9.640022097291572e-08 0.0 9.380140225418826e-06 2.345235277489018e-05 2.1883342398395976e-05
0.000176666952432473 0.0008811540908643053 0.0 6.666944495092527e-05 0.00015061240477531705 8.719239509626754e-06 5.8673382236229083e-05 0.003542029237879848 5.347117863267244e-05 5.006993181169329e-05 0.0015735040743222685 4.098513031070626e-05 0.0002443838865473201 0.001047355492131135 3.115891800425356e-05 1.6546634834757144e-05 5.719449498764993e-07 2.563466672837434e-06 3.277674708688793e-07 4.833145559281142e-06 4.7722724267812304e-05 6.213792265477698e-06 3.659737632839438e-05 3.666556257163737e-05 6.429420277822498e-05 2.1690187760338734e-05 4.819481364400981e-05 5.550636424100891e-06 4.395720147250961e-06 9.454509652884844e-06 0.0011679234849341356 4.476230104909596e-05 0.00014418650134342454 4.1095652877183216e-05 6.07580298199536e-05 2.3867502901725682e-05 4.3852036587570504e-05 2.185855267064986e-05 4.889042372391059e-06 1.309864643086445e-05 1.6794842314347614e-05 2.6313486803668428e-05 8.266038713691966e-06 2.9994528116751834e-06 4.441752717471401e-06 3.092915290759561e-06 0.00013711125012106655 2.0068510019457883e-06 2.182984173584136e-06 8.740681721078881e-06 4.454978047791752e-06 9.163191324948269e-06 4.372911363239482e-06 7.92352319926102e-06 3.937906326507963e-06 4.43293817825703e-06 3.406963830709623e-05 0.00027932191810778036 1.9383531466538707e-05 5.670787154432241e-05 8.341353843455316e-06 6.901561303549128e-05 9.154185892115891e-06 9.514991741260435e-05 2.14445250801375e-06 4.178545243786392e-06 4.054004451996617e-06 3.383469073914232e-06 2.047488237324264e-05 2.0322544817170846e-05 0.00016179821473023747 1.1920161392938421e-05 4.910808225094376e-07 6.915417426384429e-05 4.614595724070575e-05 0.00011248797905535676 5.471461280165034e-05 4.374907476151979e-05 3.5356346996555504e-05 0.0018291288273162563 7.327028782247037e-06 0.00012749289129426123 1.6148968371882727e-05 9.099291501526665e-08 2.644204857941994e-06 3.3999874049548887e-06 3.3091664196100287e-06 3.4532339321296033e-07 1.5078589129143136e-06 8.226354854639876e-07 1.578688709330046e-05 2.712342453675833e-06 1.9788473920192496e-05 2.935826866469288e-05 2.437425294831751e-05 5.42233788616009e-05 0.00010781921370013335 1.6435780244079653e-06 6.387582957238755e-06 0.00015213847262912742 1.0605873249006659e-05 1.0183349677955542e-05 2.5642565024427524e-05 5.0872067995886286e-06 1.4669472976633197e-05 3.292982311478896e-05 8.216957700446487e-07 2.3713857783777275e-05 2.8826612644590517e-05 9.995683112602478e-07 2.428982686617208e-06 2.0579526597818855e-05 1.1737925902834795e-05 1.5769731116848792e-05 4.676934815925029e-05 1.2396008244656305e-06 1.4556378844735838e-06 0.0 0.0 2.1482124852174346e-07 0.0 2.448918779106864e-07 0.0 0.0 3.39272824608166e-07 4.955638059909424e-07 2.949470624775081e-07 1.798952280774982e-07 0.0 2.291156623118937e-07 2.518007483150245e-07 3.966520401947491e-07 1.3168411414494023e-06 2.161821708412253e-07 7.147171334868066e-05 4.637548182592667e-06 0.0 0.0 1.2516930176623427e-07 2.160680025960885e-05 3.4766848566611505e-06 3.066460315870284e-05 6.421651137935782e-06 1.6273289840634978e-06 7.830527102592749e-07 1.2888984940466475e-06 1.8800802202177978e-07 1.9529117461220838e-07 8.459345267953168e-07 0.0 3.034304355885267e-07 1.8443981435529474e-06 1.2672594945089873e-06 1.7791991478048234e-07 2.3083515043764342e-07 9.819415760968738e-07 7.155569118066339e-07 3.481328238307162e-06 5.965444374786187e-07 7.413926534100034e-07 1.7709086089315778e-07 3.5643285061843336e-06 1.019335089955736e-05 9.631699874830278e-08 1.7364824102903258e-07 1.6094782129288677e-06 8.491084152445908e-05 1.0882103060223833e-05 1.0329910444627038e-07 9.275810671677936e-08 0.0 0.0 1.7332682422975406e-07 9.712693027008932e-08 9.239173222620648e-08 2.244867336626317e-06 2.5644359959097316e-05 1.0489149762098106e-05 1.9219534482079228e-07 0.0 1.1492822682190317e-06 2.9443996770687754e-05 5.363846107979856e-07 1.8130396350563997e-05 6.3604531258844485e-06 1.3630307658956601e-05 3.882162901568695e-06 1.9904027774444423e-06 1.5559702301452592e-06 0.0 0.0 0.0 0.0 0.0 0.0 1.0850556615904232e-06 2.7574612164109137e-07 6.997966937795077e-06 3.72564316005967e-05 3.667426312254299e-05
0.0013533619814569378 0.0005940141109939866 6.666944495092527e-05 0.0 5.20176248220126e-06 0.00030498047919230324 0.0003506820249482316 7.302003533228993e-07 5.624184870393792e-06 0.0007691397123998857 2.1668027644986616e-07 8.750035006704315e-06 6.932635149528686e-05 5.903450041954433e-06 2.3028950624543165e-07 0.0 0.0 0.0 0.0 0.0 0.0 0.0 0.0 0.0 0.0 0.0 0.0 0.0 0.0 0.0 5.157243376915196e-05 0.0 3.696201837357411e-07 0.0 0.0 0.0 0.0 0.0 4.118453239786429e-07 0.0 0.0 0.0 0.0 0.0 0.0 0.0 1.7979120161688149e-06 0.0 0.0 0.0 0.0 0.0 0.0 0.0 7.805054685934602e-07 1.6639825059409704e-07 3.470017114203672e-05 1.4658466263163095e-05 2.654633510948856e-06 3.423811245317791e-06 0.0 0.0 0.0 3.1647410871686545e-06 7.82093859272903e-08 1.6653155269007254e-07 0.0 0.0 0.0 0.0 9.929449693909734e-08 0.0 0.0 5.553834506071992e-06 7.518305738663697e-07 1.185028121306329e-06 1.0292686849190818e-07 8.112147731100286e-08 0.0 1.137239224188283e-07 0.0 0.0 1.4521517986871022e-06 0.0 7.623441586914494e-08 0.0 0.0 0.0 2.63454262432933e-07 0.0 8.810871178978615e-08 0.0 0.0 0.0 7.925782885962287e-08 2.1543820190946116e-06 0.0 0.0 0.0 0.00027219180194736845 1.3939907773638748e-06 1.42595124697032e-05 3.696710989977086e-05 1.0765725465686327e-05 3.2689013251351507e-06 2.621341114126519e-05 7.738165548984161e-07 1.3610636355453332e-05 2.9687424741416293e-05 4.614826508646086e-06 4.9075521423549e-07 1.0460992550796777e-05 1.5846291457827762e-05 9.969954580340177e-06 3.077684046076734e-06 0.0 0.0 0.0 0.0 0.0 0.0 0.0 0.0 0.0 0.0 0.0 0.0 0.0 0.0 0.0 0.0 0.0 0.0 0.0 5.759733253553083e-06 1.01902749314152e-07 0.0 0.0 0.0 1.162547546263317e-07 4.1608197416380174e-07 1.1741676341958325e-07 1.0699698181737589e-07 7.790135544396317e-08 0.0 0.0 0.0 0.0 0.0 0.0 0.0 6.072236746632231e-07 1.439518476209476e-07 0.0 0.0 0.0 0.0 0.0 0.0 0.0 0.0 2.0067594561785646e-07 8.572008344635091e-07 8.451198361345751e-07 0.0 0.0 9.806000269713355e-07 0.0 0.0 0.0 0.0 0.0 0.0 0.0 0.0 0.0 8.50548251282763e-07 0.0 0.0 0.0 0.0 1.312757985046854e-07 1.2277338883784633e-07 4.926303149838007e-07 1.9787360486300175e-07 3.114074059512838e-07 0.0 0.0 0.0 0.0 0.0 0.0 0.0 0.0 0.0 0.0 0.0 2.3094374725583644e-06 0.0 3.274272815436808e-07
1.2562908772531473e-05 0.0011985504564589937 0.00015061240477531705 5.20176248220126e-06 0.0 5.618893896010269e-06 0.001023723324993925 0.00042910010714521205 0.0013160687812306287 0.0011051165634694874 0.0007808351636410201 4.403241976270623e-06 0.0002450219414423063 0.0012110349247534274 2.0196993417933467e-05 1.9349470394846743e-06 0.0 3.934051060913216e-07 0.0 3.739668287774156e-07 0.0 3.9506260659719965e-07 0.0 1.210181312613371e-07 6.110459827256499e-07 2.6500897609857685e-07 0.0 6.779826186551775e-07 4.004184399257615e-07 1.2842022272115813e-07 5.3840266439718466e-05 6.255593228484077e-06 1.6485583689337917e-05 1.3356611267439961e-07 1.1537607631922288e-07 2.218082717766064e-07 5.411919972569428e-06 9.250792320441039e-07 1.1888049964236404e-06 6.223918690058294e-07 4.028312111632914e-07 5.346419342462314e-07 0.0 5.000045182853898e-07 9.870967731041046e-08 1.1894562855797587e-07 0.00013120273005154997 3.8184965861910255e-06 3.063569298033073e-07 3.369559094259843e-07 0.0 6.958152575363957e-07 1.037854970284537e-06 3.6614144458123826e-07 3.131944619688504e-06 4.451425822515215e-06 9.825171203551588e-06 3.331290163523218e-05 1.4891061106879573e-05 5.6182875665256694e-05 2.835903707736539e-07 1.0742012867721216e-06 0.0 7.245805681147511e-05 1.586002885433774e-06 1.5791245698896623e-06 0.0 7.98227406338179e-08 0.0 8.294635957225342e-08 4.464122954419026e-05 3.032170281409128e-06 0.0 4.320847149417436e-05 3.3422966684096946e-05 9.448669195314354e-05 2.6331188767551174e-05 6.000158583843567e-06 9.293343313185544e-07 0.00010562385183782119 4.3570818136008037e-07 8.974206676127075e-07 1.1908076605780416e-05 1.2414152577435715e-07 1.4435642525788716e-06 1.7649389192860302e-06 5.709273258342935e-07 0.0 3.492622374726859e-07 0.0 2.7015638422374576e-07 2.5655711495617365e-07 1.8492466764315856e-07 3.2712521153535567e-07 1.791995812380346e-06 3.0541258145130575e-05 3.522596561914074e-05 0.0 1.9774617083156315e-07 3.687336188555067e-06 8.373524335646053e-06 4.59542304367455e-06 3.0791062682181965e-05 2.390325019377593e-06 1.8722529198246186e-05 4.952833560710134e-05 1.2671392948968204e-07 2.997796095998185e-05 3.9079502570525136e-05 4.4143012712953895e-06 3.736880778898958e-06 3.543102073828401e-05 2.9073083262887786e-05 3.0184038488709257e-05 5.011853330703511e-05 1.062178955887062e-07 5.992061625092562e-07 0.0 0.0 0.0 0.0 0.0 0.0 0.0 0.0 0.0 0.0 0.0 0.0 9.894239986538982e-08 0.0 0.0 2.037403690526174e-07 0.0 7.548640990700188e-05 4.501081972092782e-06 0.0 0.0 0.0 1.9889418188162137e-05 4.163438145962743e-06 2.081088178814912e-05 3.150832671891426e-06 3.279462059099699e-07 0.0 0.0 0.0 1.212862536252154e-07 0.0 1.119733249700614e-07 0.0 1.3941543834916708e-06 1.4337928624046258e-06 0.0 0.0 0.0 2.1436207412191986e-07 9.488757387115656e-08 0.0 3.20449129693472e-07 0.0 3.4201755535889827e-06 9.285148452147466e-06 1.0498173399792122e-07 0.0 0.0 4.298163160458541e-05 8.923474763123228e-06 3.288226531644201e-07 8.862617079012788e-08 0.0 0.0 0.0 0.0 0.0 1.2619433184714693e-07 2.9827950141004514e-05 3.886930357465662e-06 0.0 2.6990797169193387e-07 9.234740160592569e-08 2.34450417869475e-05 2.756613152370758e-07 8.736598987124173e-06 5.30320385246592e-06 1.1120601599312249e-05 2.5662583269820688e-06 1.0717553335768565e-06 6.148131547441211e-07 0.0 0.0 0.0 0.0 0.0 1.1262764386928682e-07 0.0 0.0 7.560323833259436e-06 2.389162584836127e-05 2.052828839427946e-05
4.2377723881441576e-05 0.0002277201857260675 8.719239509626754e-06 0.00030498047919230324 5.618893896010269e-06 0.0 8.763813036095817e-05 4.1698219533056076e-06 4.329392403876291e-06 0.0006166555959904626 2.955475179568979e-06 0.000616827798713992 0.00047533922477519165 2.2225126635812474e-05 3.6064324302999517e-06 4.466225813960188e-06 0.0 1.0266977597711992e-07 0.0 0.0 0.0 3.783851222930181e-06 0.0 0.0 0.0 0.0 0.0 0.0 8.967934381812647e-07 0.0 2.4579213307129514e-05 2.372374662765272e-07 2.8136725089344756e-06 0.0 0.0 0.0 2.7111305036269166e-06 4.1756092444951965e-07 1.6131026899876563e-06 0.0 0.0 0.0 0.0 2.44339869277725e-06 0.0 3.122414434029788e-07 5.472012577237414e-06 3.6368101594668226e-07 0.0 2.484161358200221e-07 0.0 5.313624576654872e-05 3.94550519285182e-06 0.0 0.0 3.7450368341424232e-06 0.00018763836069558485 7.274068582297835e-06 9.857477308099929e-06 1.4593221445025754e-06 7.790421528382959e-06 6.331596961429223e-06 0.0 4.098603445469726e-06 7.382965133834543e-08 0.0 1.341920219563396e-07 9.233075452070404e-08 2.6899646126670755e-07 0.0 0.00011501191732994752 0.0003711848212688268 3.450604264949401e-05 4.555527188414665e-06 1.9601239142737833e-06 3.5580849779275637e-06 2.626519442133251e-06 2.4746871270781513e-06 7.244064679865476e-07 2.2843951474065093e-06 3.1187878777355347e-06 5.068832272340532e-06 1.134683150722299e-06 8.736418674504427e-06 0.0 2.8233750863159246e-06 0.0 1.7639560904242515e-05 2.0261705753769127e-05 2.5955202083632544e-05 3.844956890523843e-06 5.024514523517352e-06 0.0 2.8079751529297177e-07 2.8197973425495113e-06 0.00017493835219260963 0.00022463774486449875 5.808295275104648e-05 5.508228614771382e-06 0.0003670395312576741 0.0 5.150135620047692e-06 8.627318027854692e-06 1.4909848741910618e-06 9.798849877957606e-07 8.167832105752324e-06 0.0 5.115929312108259e-06 1.2438752467683439e-05 3.3484892177732906e-06 0.0 4.639191385879437e-06 9.294305622963616e-06 5.884884040222551e-06 1.114821923910908e-06 0.0 4.804188000743408e-07 0.0 0.0 0.0 0.0 0.0 0.0 0.0 0.0 0.0 0.0 0.0 0.0 1.1424219991186137e-07 0.0 8.827430474258321e-08 0.0 0.0 2.8755785567682757e-07 7.153179911497422e-07 0.0 0.0 0.0 1.1000748572594746e-06 8.149167693475807e-07 8.178718447990819e-07 1.5893733657283567e-06 3.406357073496585e-07 0.0 0.0 0.0 0.0 1.0618329447025588e-07 0.0 0.0 0.0 0.0 0.0 0.0 0.0 1.280349898949477e-07 0.0 0.0 0.0 3.726004872442277e-07 0.0 0.0 5.325243352358782e-07 0.0 3.792823579416781e-07 2.0118008959031988e-06 3.2335538601638516e-07 0.0 0.0 0.0 0.0 0.0 3.4736289217876876e-07 0.0 0.0 6.424492370294969e-07 2.007590833529013e-06 0.0 0.0 0.0 3.293399141423365e-07 0.0 0.0 4.4324699410308746e-07 4.791500439923487e-07 1.5883203154742618e-07 2.692345106249279e-07 2.66979094607302e-07 0.0 0.0 0.0 0.0 0.0 2.7618190299173756e-07 0.0 0.0 2.5272000933797765e-06 1.1240892480015108e-06 2.6014737572009145e-06
0.00027237166821136594 0.0018521275395138072 5.8673382236229083e-05 0.0003506820249482316 0.001023723324993925 8.763813036095817e-05 0.0 3.4306834393286614e-05 0.0004135520309779768 0.002799243048926234 0.00015530307420949743 2.8734190812955663e-05 0.0016908710408445355 0.00035630919492747804 1.0567423366697926e-05 1.8225514184911314e-06 4.403159585740197e-07 1.251358227748608e-07 0.0 7.88805565349101e-08 0.0 2.2721823123475477e-07 0.0 0.0 0.0 2.565172002359774e-07 0.0 0.0 0.0 1.030321174109638e-07 7.181757680185343e-05 3.2016643947983785e-06 2.7479253739115807e-06 1.0753898899770934e-07 0.0 0.0 1.3349269321991448e-06 2.990035650616091e-07 0.0 8.964710180683649e-08 1.8877875170410116e-07 1.8807797674389657e-07 2.522833751707531e-07 2.998692266946271e-07 8.690027993929298e-08 1.7375674411661098e-07 6.592587624888571e-05 1.6178530433478229e-06 8.047060400197798e-08 9.608319367073177e-08 0.0 0.0 0.0 2.5640892817456193e-07 2.963958381060563e-06 3.7867590898354867e-06 2.6134640434370355e-05 3.8904071573205464e-05 8.998435386540024e-06 3.7085372258551026e-05 0.0 5.208710521441326e-07 9.358345098400294e-08 3.1389146909036104e-05 2.1283352713955726e-06 1.267654225810866e-06 1.385018876328853e-07 6.283431755695601e-08 7.318141172757725e-08 0.0 2.041870487654634e-05 1.8240625804247002e-06 0.0 3.747757963920432e-05 1.7917836392725157e-05 5.474415409069342e-05 1.0096889786688655e-05 4.641160969727614e-06 1.008632569954437e-07 1.7879147345531883e-05 0.0 3.8965710924436853e-07 9.501419389841216e-06 0.0 1.054917882797056e-06 1.2512138826020468e-06 4.807507846703837e-07 0.0 1.5635931232100563e-07 0.0 3.5437417318073297e-07 7.397153440608461e-08 0.0 6.949435958238906e-08 3.816437489605858e-07 1.6041784252272686e-05 1.3431380106137841e-05 0.0 1.9379079830007124e-07 5.375438763865792e-05 6.740910060442638e-06 1.8723052578117045e-05 0.00017176838359724477 2.6997969125591252e-05 2.1384079295873213e-05 6.953554169231259e-05 6.170033184121567e-06 4.133271772071085e-05 7.853258049929508e-05 1.5421185997787146e-05 2.6839307505542312e-06 4.4060543910863284e-05 5.6385259593897386e-05 3.6895466416008e-05 3.91105519389527e-05 8.866639904583095e-07 7.212962287633159e-07 0.0 0.0 1.5544388105175804e-07 0.0 0.0 0.0 0.0 0.0 0.0 1.1089630740175574e-07 8.739713140590679e-08 1.0311712843815213e-07 0.0 0.0 0.0 0.0 0.0 5.9530016205097134e-05 2.1851021818408346e-06 0.0 8.261941794730858e-07 0.0 1.5167390312152762e-05 7.767222105533059e-07 1.3487330781347442e-05 7.623531357080638e-07 6.678547749138666e-07 0.0 0.0 0.0 0.0 3.012632649643693e-07 0.0 0.0 2.9156184337380943e-06 1.6320754957886135e-06 0.0 0.0 0.0 1.1831979848500603e-07 0.0 1.0953514085461601e-07 4.1032427412530283e-07 1.4315830575522978e-07 3.2050594628774373e-06 8.328424022000263e-06 1.683602442427114e-06 1.596295866676304e-07 0.0 2.418619007408392e-05 3.3507609574395105e-06 1.135269825161037e-07 9.61296299294684e-08 0.0 0.0 0.0 8.420652808173425e-08 0.0 0.0 1.9903408261286816e-05 1.2976556859666458e-06 0.0 0.0 1.1668454249823846e-07 1.028313072919513e-05 0.0 7.78665252135668e-06 3.265251540810407e-06 8.932481186067723e-06 1.1292629733070052e-06 1.2691746287909498e-06 1.400686965082676e-06 0.0 0.0 0.0 0.0 0.0 1.2444170136814683e-07 1.2274315741424804e-07 0.0 1.0050445910689336e-05 1.3583606353804372e-05 1.2392758128992584e-05
4.423752152933215e-05 0.0002243138229693273 0.003542029237879848 7.302003533228993e-07 0.00042910010714521205 4.1698219533056076e-06 3.4306834393286614e-05 0.0 0.0002691675466685045 5.5473891005533605e-05 0.0008475095547366782 3.313073635727983e-05 0.00025162540781395324 0.0012508157689583308 2.8409954029124193e-05 3.22997081335689e-05 5.894266534155719e-07 1.8609721056936215e-06 5.328182137165428e-07 8.451328765713571e-06 3.245122051039215e-05 9.918640217376e-06 2.117952960916833e-05 1.988304339744037e-05 4.8904423836772236e-05 2.1388438548342636e-05 3.2926220875648544e-05 6.761233887441811e-06 3.362995746584693e-06 6.524432162911444e-06 0.0006876542243259934 0.0029487833593469814 0.0002511727104042251 4.5836696133814994e-05 4.3789910794251336e-05 4.298769127562102e-05 0.00011202914011872315 5.7059225387061754e-05 1.27545747770064e-05 1.9441613998373282e-05 1.3911481113223287e-05 1.9038709934759715e-05 1.7552999374665458e-05 2.3302502829331187e-05 2.4984328871987513e-06 7.456818996714757e-06 0.00010434411931998785 3.0611665797340023e-06 2.2420796957361684e-06 1.1992229185952747e-05 2.5890748602711244e-06 2.0817803833645487e-05 1.640560670243628e-05 5.664632759369479e-06 1.3134808527089763e-06 2.0566592921527254e-06 9.38420596244869e-06 6.42641643340809e-05 7.533730266435128e-06 3.1377360515270063e-05 8.324638318383157e-05 0.00022365765799944114 2.483381726749806e-05 0.00024582180494952697 1.248670951224357e-06 2.623120288191484e-06 1.4415433083143158e-06 3.732144742560141e-06 1.8356358690573657e-05 3.18253773943452e-05 0.00015609243559079063 5.4845762882317935e-06 1.2891608407564533e-06 3.649790527466087e-05 5.8683525505917326e-05 9.909555493064152e-05 0.00016343780266878276 0.0001424506345584515 0.0005168899465654672 0.0015223765292917417 0.00029071227057439296 0.0007109448529452137 7.196360245912575e-06 0.0 2.3060391701130243e-06 3.568251317228356e-06 2.6095092893955846e-06 0.0 5.942992394181392e-07 3.2452462064793656e-06 9.761114711387818e-06 5.439358197448175e-06 1.4002356534932861e-05 1.2014178816668248e-05 3.8820812166581774e-05 1.7747723221629887e-05 1.0677594634791628e-05 2.522112039176223e-06 5.9242887206586815e-06 1.1744669939372298e-05 2.064903051528364e-06 2.361039977953618e-06 3.5762228881796495e-06 1.2063020533014225e-07 3.4398923494440955e-06 1.172037576274553e-05 0.0 6.986687877482694e-06 9.26247838284492e-06 1.6325833308990847e-06 5.203672236874002e-07 7.36276886628101e-06 5.068562961842101e-06 7.1048849284669946e-06 2.0261471968493802e-05 0.0 2.9033440731115854e-07 0.0 0.0 0.0 0.0 0.0 0.0 0.0 1.296575988494851e-07 4.1991514705663086e-07 0.0 0.0 1.1835907293269378e-07 3.2961649866452335e-07 9.726979024846004e-08 5.873907848608942e-07 1.00736703503723e-06 3.450921030201908e-07 2.5123744765128187e-05 1.4658390625197373e-06 0.0 0.0 0.0 5.320044590417981e-06 2.8717128949962e-07 4.729141065952157e-06 8.930052295804776e-07 1.0487168897572438e-06 4.367491654477261e-07 7.624424702248716e-07 9.026264791518488e-08 0.0 2.116910816417775e-07 0.0 1.0501650673580678e-07 2.998055030781603e-07 1.303537810095718e-06 0.0 0.0 9.778361553729718e-07 6.820427978556419e-07 2.5426352219517103e-06 0.0 1.1622338787416166e-07 0.0 9.34040875517494e-07 2.1403747840264023e-06 0.0 0.0 0.0 1.3206139109017625e-05 2.0255478106910873e-06 0.0 0.0 0.0 0.0 0.0 0.0 0.0 8.201516175750217e-07 7.530711737997808e-06 3.7508595449431536e-06 2.743731661588978e-07 0.0 1.263600607753427e-06 5.563823027835599e-06 0.0 1.7391298116988655e-06 1.3326714699762871e-06 2.5128161008451613e-06 6.69054896423244e-07 7.16528396623741e-07 2.903756619830995e-07 0.0 0.0 0.0 0.0 0.0 9.68402003989787e-08 2.3865392068481525e-07 0.0 3.854380025259432e-06 6.528611921253812e-06 9.050470815162256e-06
2.442447333639302e-06 0.00020897170174833735 5.347117863267244e-05 5.624184870393792e-06 0.0013160687812306287 4.329392403876291e-06 0.0004135520309779768 0.0002691675466685045 0.0 0.00020568680211225193 0.00041709113504438547 3.063605291909248e-06 0.0011987151374525148 0.00036181135433313366 8.769310126741255e-06 3.386191446612997e-06 2.0589397514064063e-07 0.0 6.711537757136574e-08 2.0569299558043954e-07 3.0247685199866815e-07 0.0 0.0 0.0 0.0 1.9445881375038103e-07 0.0 1.1399846070928698e-07 1.1177255663378067e-07 0.0 4.514744060674411e-06 1.645411969495548e-06 5.341996293768205e-06 0.0 0.0 9.98161606156033e-08 2.4138015812124716e-06 6.924421171405665e-07 7.170278949901065e-07 2.513703267713569e-07 0.0 0.0 0.0 2.4978429915952297e-07 0.0 0.0 2.8913432903667733e-05 3.28298065356767e-07 0.0 1.1320274059689064e-07 0.0 0.0 0.0 0.0 3.6886736848216337e-07 6.711916838066103e-07 2.6103089567549923e-06 2.925564512695207e-06 3.0929362679351494e-06 7.028994708576787e-06 8.971865390985084e-08 7.7702839282733e-07 0.0 1.0817694642605787e-05 3.286083730979853e-07 4.560718372697323e-07 0.0 8.927528830031497e-08 0.0 1.0166919506498631e-07 1.468024141631966e-05 3.628983125083768e-07 0.0 6.695391351815146e-06 9.340386200420697e-06 3.039226738587129e-05 1.435900019692492e-05 5.647979469445223e-06 0.0 3.5142652931283154e-05 1.1028785709698109e-07 1.0135563315524533e-07 1.1399879074666247e-06 0.0 2.190735226762597e-07 1.5848429096707567e-07 0.0 0.0 0.0 0.0 1.1887894780662436e-07 1.11761480579458e-07 0.0 0.0 1.0534941543650111e-07 1.0188198514468562e-05 1.046565232209885e-05 1.3253268644265353e-07 3.583838764649842e-07 1.283293027047984e-06 3.441384686045765e-06 2.3270326165441535e-06 1.5167690085100953e-05 1.6232644021644432e-06 8.502184766169867e-06 2.9072656597169453e-05 2.0476049477812974e-07 2.0509425174088665e-05 2.3154946669935095e-05 2.822183935222414e-06 1.9935590238778226e-06 2.0616176040434367e-05 2.1733556308468397e-05 2.1068408427500383e-05 2.6543501223761355e-05 4.076569384592813e-07 2.914743102009973e-07 0.0 0.0 0.0 0.0 9.179232494552138e-08 0.0 0.0 0.0 0.0 0.0 2.1466406492127487e-07 0.0 0.0 0.0 8.504707387047467e-08 1.731761423655834e-07 0.0 2.470068348398336e-05 2.777751709635158e-06 0.0 0.0 1.0093473649023541e-07 8.94768853604457e-06 4.912815644427283e-07 8.084054652661764e-06 9.485885797918664e-07 8.674612608193169e-08 0.0 0.0 0.0 0.0 0.0 0.0 0.0 2.163928733025094e-07 6.473385493262559e-07 0.0 0.0 0.0 0.0 0.0 2.815669380272861e-07 2.13529370021222e-07 0.0 1.1028076855422956e-06 2.4792959604116918e-06 4.813804431769097e-07 0.0 0.0 1.3510245573363942e-05 1.5788875106435685e-06 0.0 8.468430998879009e-08 0.0 0.0 0.0 0.0 0.0 0.0 1.198207678082995e-05 2.2208987946764886e-06 0.0 2.548450394698783e-07 9.277078015199963e-08 8.25670548113747e-06 1.527945390234503e-07 3.7346754031482094e-06 1.7859033752340924e-06 3.037975084381862e-06 6.947891119291537e-07 6.743257781313451e-07 1.0010358356520247e-06 0.0 0.0 0.0 0.0 0.0 9.370180238686708e-08 0.0 0.0 3.5488230928529085e-06 8.250462150903124e-06 4.826878453154264e-06
0.0008719505094597281 0.0016724984165523414 5.006993181169329e-05 0.0007691397123998857 0.0011051165634694874 0.0006166555959904626 0.002799243048926234 5.5473891005533605e-05 0.00020568680211225193 0.0 5.290663475113989e-05 0.001324944758915682 0.005998314248393913 0.00033566040645500485 1.4852879327132482e-05 7.668777237011276e-06 8.693508568091608e-08 0.0 0.0 0.0 0.0 1.2958204669347938e-07 0.0 2.564037399870186e-07 0.0 0.0 0.0 2.717518443037722e-07 2.28947138627202e-07 0.0 4.7496099820021356e-05 1.028492516220812e-06 8.62766159016187e-06 0.0 0.0 0.0 4.6711635124059855e-06 2.8869472222281144e-07 3.9692282265987424e-07 5.449986523067231e-07 0.0 0.0 0.0 6.1904834616408e-07 0.0 0.0 5.831382247619958e-05 1.7077243263423596e-06 0.0 8.686394282424742e-08 0.0 6.074354134418664e-07 3.2424551001967734e-07 0.0 7.925721168973063e-07 2.059240237235329e-06 7.292408007430745e-05 2.6925814321523248e-05 9.3694455358843e-06 1.998326267890794e-05 0.0 1.0504108329901278e-06 0.0 2.1714128625354246e-05 6.762426880143877e-07 7.784237776495644e-07 1.1766161154773944e-07 1.357729141866103e-07 1.0009355702973397e-07 2.142125605900585e-07 9.084484436060583e-05 7.481483970332928e-06 1.2504135287648984e-07 1.648098938424965e-05 1.426213231959163e-05 3.825655063202401e-05 1.314882363024901e-05 9.030562954069703e-06 5.024940760187098e-07 1.6414481189639535e-05 0.0 9.17019079061219e-08 5.993907213898754e-06 1.4703976311609853e-07 2.3721327453690105e-07 5.249748226811566e-07 3.554356987946315e-07 9.773952584430054e-08 0.0 0.0 7.470188731588397e-08 3.046344647404304e-07 0.0 0.0 5.040540042748871e-07 0.0002582270320819887 9.211436034705433e-05 0.0 4.4468090088779336e-07 0.00032614524092926397 4.054677077408988e-05 9.398886676405928e-05 0.0003074179554831901 6.722545986138299e-05 0.00013316389231621316 0.0004552375327847968 6.489418953193333e-06 0.000285582926068063 0.0004231430550532213 5.1320247101532984e-05 2.1042399845323456e-05 0.00030164270879639736 0.0003373982210809637 0.00026713383671007993 0.00025007577910676233 2.7828407869545763e-06 3.148676115269266e-06 0.0 0.0 0.0 0.0 0.0 0.0 0.0 0.0 0.0 0.0 6.61186580965258e-07 1.6494828419069795e-07 3.817523444586293e-07 0.0 0.0 0.0 0.0 0.0003906212759447256 1.6637651624676157e-05 0.0 1.6854488101215111e-06 1.410333535121498e-07 7.891765643233797e-05 9.261267350299915e-06 6.983202639892267e-05 6.514434459508053e-06 2.2959716506032132e-06 0.0 0.0 0.0 1.0277066180207113e-07 6.561202564225087e-07 1.7100457564358393e-07 1.4046332615863402e-07 4.518903732942103e-06 5.470620479587439e-06 8.935587022592366e-08 0.0 0.0 0.0 0.0 9.966491768789417e-07 5.902940444444376e-07 3.2042742643565737e-07 1.3326062427095371e-05 3.938465553058327e-05 5.121993656473109e-06 9.878151720601625e-07 2.964343059423982e-06 0.00020069817367470268 2.4375625316333174e-05 1.9561118545226715e-07 8.460719147540013e-07 1.586711581290992e-07 0.0 0.0 7.868368924040808e-08 0.0 0.0 0.00012343285967991044 1.9637216926290412e-05 2.9802248275762155e-07 0.0 4.0513635061191416e-07 7.66708475782419e-05 3.925565852794389e-06 4.6257748919705075e-05 1.8446017634121525e-05 4.36123842312165e-05 1.3128959452903474e-05 4.713612715023132e-06 3.1459459338861967e-06 2.7608083234585607e-07 2.3914695691936796e-07 0.0 0.0 2.2364997274251382e-07 0.0 0.0 0.0 5.426068645814994e-05 7.072516169623284e-05 6.521913210729311e-05
4.058320989048671e-05 0.0014576788659144773 0.0015735040743222685 2.1668027644986616e-07 0.0007808351636410201 2.955475179568979e-06 0.00015530307420949743 0.0008475095547366782 0.00041709113504438547 5.290663475113989e-05 0.0 4.544570455144642e-05 0.0008830036060393434 0.0015928110169722042 1.1080577102084125e-05 8.365911436112986e-06 1.0098306056276014e-07 0.0 0.0 1.3500362346724624e-07 1.0915844279493671e-07 2.0371748690129735e-06 8.800069715752359e-08 0.0 6.67165637071523e-07 0.0 1.0939212905905257e-07 0.0 6.557805027466459e-07 0.0 8.558043183391589e-05 6.354262964671301e-06 0.00023545174422382728 0.0 0.0 4.842492666606906e-07 7.732938968192977e-05 7.99244173603358e-06 6.310352138730651e-06 2.8824982391970364e-06 1.194362225159497e-07 1.4950691791236772e-06 2.1392018047907891e-07 2.295375754920203e-06 0.0 2.0165162190963274e-07 4.7252291956471336e-05 3.432064146728731e-07 2.468033223747903e-07 4.41441260610365e-07 0.0 3.985619044398989e-06 2.4222516205485613e-06 5.893347116034975e-07 9.241008164421105e-07 1.076014406501309e-06 3.4840833771165686e-06 1.3233152324965663e-05 3.1218074952961935e-06 9.971494171693275e-06 2.1391941479236766e-07 8.052490227905953e-06 0.0 1.971567057287933e-05 2.289486303961394e-07 7.13873879609385e-08 0.0 1.2326422042273055e-07 9.263964970195511e-08 2.2072859410705398e-07 0.00010775579836497827 1.4980254823142158e-06 1.18147030519665e-07 1.2799261402003463e-05 1.1957969075320352e-05 3.342164367647117e-05 2.4836074558127983e-05 1.8129844462064642e-05 3.973810333505613e-07 0.00011582413880946335 3.935357414853028e-07 3.5555440069718838e-06 2.815669657504256e-06 0.0 2.3235286691349074e-07 3.0084506800509114e-07 0.0 0.0 4.622948768062297e-07 4.349678349185502e-07 1.295820994994595e-07 5.66172272741899e-07 0.0 0.0 3.8174096939044435e-06 1.2448514075549873e-05 8.525011979468394e-06 2.747942278425955e-07 3.0411210336491253e-06 8.236284656153628e-06 2.454652828667033e-06 2.9568293361222623e-06 1.1335198112183496e-05 4.136984178347536e-07 4.037777405342853e-06 1.885404469629597e-05 0.0 1.110900875926545e-05 1.107103455982607e-05 1.7009995771890814e-06 1.2833389880528996e-06 1.7121420442727797e-05 1.2077064309820652e-05 1.1592792145166848e-05 2.4217257805791057e-05 2.74963523814746e-07 2.9922487492414265e-07 0.0 0.0 0.0 0.0 1.1628253057185612e-07 0.0 0.0 0.0 1.5562165238371204e-07 0.0 0.0 1.2470130876773659e-07 0.0 0.0 1.720963524833232e-07 2.188250903422053e-07 0.0 2.797916286339817e-05 2.3874941039867653e-06 0.0 0.0 1.0153549692416021e-07 7.763277795854394e-06 3.7503415644837586e-07 7.637818589257497e-06 5.677433628621166e-07 0.0 0.0 0.0 0.0 0.0 0.0 2.3249612293671204e-07 0.0 1.8522678385671626e-07 1.1869575990126317e-06 0.0 0.0 0.0 3.368039866212816e-07 0.0 0.0 0.0 0.0 1.0604967487832515e-06 3.45604804201727e-06 2.6939757549142846e-07 0.0 0.0 1.2174504927414691e-05 2.484575951151357e-06 0.0 0.0 0.0 0.0 0.0 0.0 0.0 1.3209091161326772e-07 1.0395997432337009e-05 6.588734678136424e-07 1.1109595361095966e-07 0.0 0.0 7.377945932028271e-06 1.0681625335053713e-06 1.4685678379435874e-06 1.911588083168192e-06 5.46886227807754e-06 5.436785754128365e-07 0.0 2.66757817748506e-07 1.5319177200863487e-07 0.0 0.0 0.0 0.0 0.0 0.0 0.0 4.868674604215708e-06 4.592326309580725e-06 7.78844282890247e-06
0.00012651170252021645 2.229016391324659e-05 4.098513031070626e-05 8.750035006704315e-06 4.403241976270623e-06 0.000616827798713992 2.8734190812955663e-05 3.313073635727983e-05 3.063605291909248e-06 0.001324944758915682 4.544570455144642e-05 0.0 0.0004738201751331682 0.00010434777371163435 6.048564245567951e-05 7.211619640803309e-05 8.296691760037501e-07 1.4843523374805057e-07 0.0 3.671822900531862e-07 0.0 8.83062127560492e-06 1.4102833694404174e-07 2.885361524653656e-07 0.0 1.1632888102087518e-07 1.1277173818744208e-07 2.938347045070309e-07 0.0 0.0 3.220755777747764e-05 7.233380181885105e-07 0.0001038184657556417 8.469829037201743e-08 0.0 1.1884709259913843e-07 1.8092632741373188e-05 2.4532444661151184e-05 1.7577171424261787e-05 6.282455300515617e-06 0.0 1.729387075369563e-06 7.540556660499322e-08 1.1224053742089547e-05 9.14589475917537e-08 1.7099322103771623e-06 8.026344941607777e-05 5.794005601971359e-07 0.0 3.2763699389283836e-07 0.0 7.735498351933836e-06 3.472094135778779e-05 1.6433509454921078e-06 1.234545193133849e-06 1.391986031333709e-06 3.057371746623013e-05 1.4243778281063803e-05 4.2020843411031845e-06 9.900484894351978e-06 5.876404686966766e-06 3.7245686837791564e-05 6.510485720727809e-07 3.271459118095862e-05 3.179080993310648e-07 5.597397716846495e-07 1.1365536705518383e-07 0.0 9.73728807230797e-08 0.0 1.6934229943087436e-05 7.107567016803702e-06 1.770513534390829e-06 1.0589389941532294e-05 1.7775604396271077e-05 8.405604527630619e-05 6.518037891403552e-05 6.037101462689659e-05 6.189629456927886e-07 6.015732285868437e-05 5.639435323251875e-06 2.4465686423624623e-06 2.610537448230818e-06 1.0934967965181218e-07 2.419062475989589e-07 4.802025067799152e-07 0.0 6.660625663527933e-07 2.2780593539010372e-07 2.2040116402679333e-06 0.0 1.4085235375458836e-06 2.699727910324874e-07 0.0 6.363972400229413e-06 0.0005406568371376139 1.166949703591556e-06 1.1999217324733933e-05 4.980405001875139e-06 0.0001368835310581144 4.655546460631915e-06 6.408493254053493e-06 3.140669370254637e-05 5.499550374392357e-06 1.5147411460020726e-05 5.546044352705579e-05 2.2916084046815488e-06 4.034387773639444e-05 6.30719059189702e-05 1.2194441944009e-05 2.424900130882683e-06 4.9694630225959516e-05 8.246108701810916e-05 6.575852476454137e-05 5.787120395906921e-05 4.996212128774524e-07 4.824564310286037e-07 0.0 0.0 0.0 0.0 0.0 0.0 1.2784003021647617e-07 0.0 0.0 0.0 2.1234581638809608e-07 0.0 7.00990144573451e-08 1.4620951449347453e-07 2.323475269087547e-07 5.892771068799729e-07 3.849661428095538e-07 3.326532023261212e-05 1.9683236334620323e-06 0.0 0.0 0.0 1.4537511261450947e-05 5.938289955647403e-07 7.115038666940789e-06 1.5164129734304223e-06 6.172089356575588e-07 1.246593940210446e-07 0.0 0.0 0.0 0.0 0.0 0.0 1.928059931744879e-07 3.133541446123266e-07 0.0 0.0 0.0 8.420659144891036e-07 1.7601529548930437e-07 0.0 0.0 0.0 9.505925139300878e-07 2.306431234712909e-06 1.5639656495973084e-06 0.0 1.1062950518737945e-07 1.1493485258624678e-05 1.9918982560019265e-06 0.0 0.0 0.0 0.0 0.0 0.0 0.0 1.1300659278386725e-07 3.004654582896775e-05 1.2940456249404205e-05 0.0 0.0 0.0 7.587532470938271e-06 9.207764093651521e-07 2.336764171207173e-06 7.804031174025617e-07 2.984916718115682e-06 1.291507861948031e-06 0.0 3.8829313077878937e-07 0.0 0.0 0.0 0.0 0.0 0.0 0.0 0.0 2.6482117941928896e-05 1.1351309381725927e-05 7.398832479353466e-06
