0.0 0.0019194224797962648 0.0004970663527605216 0.0008111984094345829 0.00014077164500879742 5.803171090244259e-05 0.00038891255063527077 4.1100052243116865e-05 5.766968477429758e-05 0.001075949328261285 0.00018377593631520634 4.107403198650378e-05 9.555002325987968e-05 3.102495389694538e-05 4.1984014458171727e-07 7.773697563197131e-08 8.460891883509987e-08 0.0 0.0 0.0 0.0 0.0 0.0 0.0 0.0 0.0 0.0 0.0 0.0 0.0 0.0006215507443708115 2.666365007366547e-07 4.36408879006616e-06 0.0 0.0 0.0 2.5369435964436208e-06 6.058655994752954e-08 6.06589633004337e-08 0.0 0.0 5.0571393752680696e-08 0.0 0.0 0.0 0.0 4.543753599284918e-06 4.388653836237784e-07 5.126068408101862e-08 6.246168968998243e-08 5.857231889952868e-08 1.0156255990951553e-07 0.0 0.0 2.5471099782434653e-06 2.331042348830931e-06 3.1964559950099886e-05 0.0004977484006886193 3.0578867950345573e-06 5.240414719896519e-06 5.059876692917139e-08 6.162994300524351e-08 0.0 4.495904606856675e-06 2.5903822150147576e-06 1.0813275434339093e-06 1.0661400220570227e-07 2.74684638527223e-07 5.658304191987597e-08 0.0 3.962040756921723e-06 2.9035826252618145e-06 7.520273656580251e-08 5.546736858204962e-05 2.376552605515825e-05 1.1647946503554628e-05 4.424719276365292e-07 6.421323302413335e-08 6.265838455601069e-08 3.1549118501222252e-06 5.52906897070826e-08 3.513913468905839e-07 2.481454142723621e-06 0.0 1.5070574202014205e-06 3.6920301239552327e-07 3.067097860529571e-07 6.819391908611544e-08 5.459592222521504e-08 9.19138971283241e-08 2.1571185366510064e-07 1.6364574261565298e-07 0.0 2.3005896144380874e-07 4.8078105327882615e-08 1.7556078890738888e-05 9.942018066582122e-06 0.0 2.559997069955585e-06 0.0003381579638043879 0.0 0.0 0.0 4.0438867628027076e-05 0.0 5.246296368559172e-06 0.0 0.0 4.668723069856171e-05 2.3040848778005048e-07 0.0 0.0 8.113291826489675e-07 0.0 0.0 0.0 0.0 0.0 0.0 0.0 0.0 0.0 0.0 0.0 0.0 0.0 0.0 0.0 0.0 0.0 0.0 0.0 0.0 0.0 0.0 0.0 0.0 0.0 0.0 8.60007369954021e-08 0.0 8.059969281602844e-07 0.0 0.0 0.0 0.0 0.0 0.0 0.0 0.0 0.0 0.0 0.0 0.0 0.0 0.0 0.0 0.0 0.0 0.0 0.0 0.0 0.0 0.0 0.0 0.0 0.0 0.0 0.0 0.0 0.0 0.0 0.0 6.57019485358065e-08 0.0 0.0 1.642447249650657e-07 0.0 0.0 0.0 0.0 0.0 0.0 0.0 0.0 0.0 0.0 0.0 0.0 0.0 0.0 0.0 0.0 0.0 0.0 0.0 0.0 2.3556130987969206e-07 0.0 1.0513055819198566e-07
0.0019194224797962648 0.0 0.0006738964514706224 0.0004977200764936055 0.0013679286805757377 0.00040709298260458256 0.001903745501930545 7.807233862418157e-05 0.0011778350670880878 0.0004347030600875317 0.0009112045920156569 0.0003370792823346814 0.0005104863963114594 0.0010217750422673042 1.523862201896121e-05 2.3745994059798693e-06 6.6464267577873e-08 9.152518291276718e-08 0.0 0.0 1.0391766038031854e-07 0.0 0.0 8.081422935229004e-08 1.466546848180827e-07 5.6877120995366646e-08 5.0308758994618485e-08 5.643317776578933e-08 0.0 0.0 0.0015784842803204804 1.647387868355529e-05 3.538089317781162e-05 8.231104097826106e-08 1.3194888014339161e-07 4.851724712938491e-08 1.107002863607381e-05 7.154192718228834e-07 1.763155000363059e-06 8.038444278083953e-08 5.886466878938397e-08 2.7187848501988546e-07 0.0 3.7327025007443134e-07 0.0 4.472050109084368e-08 6.734783324701235e-05 3.1987649253849154e-06 6.114684127571861e-08 2.5111635875104925e-07 1.0037742182287557e-06 1.386906895362978e-07 0.0 5.832586797595717e-08 1.0240752814908132e-05 8.680326657059918e-06 4.8241779367026314e-05 0.00034362673706669076 1.0211005940806951e-05 3.68501258793836e-05 6.156641431987834e-07 2.0122980645104258e-07 0.0 7.540037839180406e-05 1.1090575373804725e-05 4.444501911306822e-06 1.4129896460879837e-07 1.9109551741323957e-06 5.030454389477954e-07 5.544994686469368e-08 2.3476814820964536e-05 4.39355734502404e-06 0.0 0.0001696610526691955 0.00013543122324059383 0.00011818949240214117 1.9199020112485076e-05 6.935765761913617e-06 5.864918959512784e-07 1.9551357928293798e-05 3.76870691572828e-07 2.5687707899875723e-06 1.2952350426727914e-05 1.0687591087367974e-07 7.672535565782415e-06 2.569565065387474e-06 2.268608594722476e-06 0.0 1.1649093218045215e-06 3.3563802086440096e-07 1.1830376129510516e-06 5.125079498588716e-07 0.0 4.138756502995071e-07 1.3045172435911456e-07 4.807200359418028e-05 1.897773238641817e-05 0.0 1.3498546631353165e-05 0.0007479576882282937 7.318287902212856e-07 2.0782266245025737e-06 7.143356146886637e-06 2.3324784089611844e-05 2.7534908734114617e-06 4.766543503329141e-05 8.191460586490096e-07 2.04378731222543e-05 4.2719889467232936e-05 2.5644946650050854e-06 0.0 1.4513028332179974e-05 9.33819453461299e-06 7.396879557224498e-07 3.189972960765654e-06 0.0 0.0 0.0 0.0 0.0 0.0 0.0 1.2163133730023362e-07 2.398990056225468e-07 0.0 0.0 0.0 0.0 8.693913917860495e-08 0.0 0.0 8.624505581629701e-08 7.209022760437338e-08 1.3110040820438786e-07 7.465487683423135e-07 1.4898861535600932e-07 0.0 0.0 0.0 3.307039524993862e-06 1.330852673665652e-06 6.89299740228179e-06 3.0550928549500337e-06 5.671898948723958e-07 0.0 6.632103476675711e-08 0.0 0.0 0.0 0.0 0.0 2.0938566159436062e-07 1.9782007901884294e-07 0.0 0.0 0.0 0.0 0.0 0.0 1.6945293136967069e-07 0.0 5.302481941211949e-07 1.633613352279736e-06 0.0 0.0 0.0 1.0186670183811173e-06 6.096845814980514e-07 0.0 2.859683470559582e-07 0.0 0.0 0.0 0.0 0.0 0.0 6.505550104799431e-06 7.714636640232229e-08 0.0 1.130499220173458e-07 0.0 1.282560430521497e-06 0.0 1.9914693520034686e-07 8.495792305800894e-07 1.5434195499710822e-06 6.741397326290422e-07 6.729441854324646e-07 0.0 0.0 0.0 0.0 0.0 4.912959289399944e-08 0.0 0.0 0.0 4.543370718972354e-06 1.5661431813230918e-06 2.1436628324614582e-06
0.0004970663527605216 0.0006738964514706224 0.0 5.0909905940288414e-05 0.0001611077515943901 4.223340448528307e-05 0.00010289157291013839 0.0004056143905976208 0.00015343590203684094 3.0074076033906012e-05 0.0011283589093127892 8.783608281832418e-05 0.0002742781983122 0.0008830130616767625 1.0316017168401882e-05 1.7359762963990862e-05 2.0682889946558532e-06 3.732825768176624e-07 7.478309007322376e-08 1.1185143772341927e-06 2.129322683395817e-06 1.5153218027286232e-07 7.175093569674385e-06 8.967955844948169e-07 3.897650970686572e-06 9.163311095755305e-07 5.340137090525753e-06 5.547541541875391e-07 2.652578907006113e-07 1.5837728752222183e-07 0.0024846706197016663 0.00021328990503491756 0.0001647381424620806 1.5243112596538908e-06 4.412237208614795e-06 1.6927650239140739e-06 3.3989108501594295e-05 4.728533717347954e-06 5.220094946174357e-06 1.0550121416939956e-06 2.3559963652383155e-06 2.598013446988038e-07 1.816966317197363e-06 5.341072378495991e-06 2.481412319095327e-07 0.0 2.985624616287247e-05 2.615720824132131e-06 3.9169239785266936e-07 3.2704504018360794e-06 1.2670196138552115e-06 9.808937304331723e-08 7.814727109155076e-08 2.1070368717737683e-07 7.939839821770962e-06 7.133123195636885e-06 4.512833329610615e-05 0.0004094679431711283 6.375209799593381e-06 1.918057172473453e-05 5.248447374760366e-06 1.2486109000026577e-05 6.964209946461668e-07 0.00023254721408551353 6.906316735841077e-06 2.6647999474696605e-06 4.324310041304072e-07 1.1786989644772767e-06 2.3570602634887137e-06 2.8494233727741714e-06 4.007559774953738e-05 1.0183298439704213e-07 0.0 0.00015196110871915303 0.00018340031294986696 6.464010573311785e-05 2.825964938676077e-05 2.8107842362504084e-05 4.516873181102169e-05 0.0010712790896349272 1.3561415183313771e-06 0.0006059799887481199 8.685335339785102e-06 1.9213306027238144e-07 6.49862033040972e-06 1.7132126188705222e-06 1.8101489398739574e-06 0.0 1.1028212537292584e-07 0.0 1.4435534554755875e-06 6.323043190121509e-07 1.3743754660778737e-06 4.116837257742468e-06 8.959081009527034e-07 1.870354958526289e-05 1.482280355305337e-05 0.0 8.876405395779272e-06 0.00011945429058745111 1.1619043623137412e-06 0.0 5.7741331881294686e-08 0.0 1.2173340122324815e-07 3.022416643850251e-06 0.0 5.27852550123115e-07 2.3494967845341524e-06 5.053022318575831e-07 0.0 1.1329110564001335e-07 4.663754427851374e-07 8.99487448065169e-08 7.495537907888812e-08 0.0 0.0 0.0 0.0 0.0 0.0 0.0 1.1472310638107647e-07 0.0 0.0 0.0 0.0 0.0 0.0 0.0 0.0 0.0 1.8679746073284515e-07 0.0 0.0 3.8523589989255395e-07 0.0 0.0 0.0 2.0704661568883092e-06 0.0 2.8568954189397337e-06 6.393118689819786e-07 4.612879687931254e-07 4.3327296224391056e-07 1.9048920491161268e-07 0.0 0.0 0.0 0.0 0.0 0.0 7.341191301718106e-08 0.0 0.0 1.9862982475430796e-07 3.149344728574907e-07 0.0 0.0 0.0 0.0 6.443143106900745e-07 2.3656082114748615e-07 0.0 0.0 0.0 1.4981525003078725e-06 0.0 0.0 0.0 0.0 0.0 0.0 0.0 0.0 1.4076980442499421e-07 1.9656914332024924e-06 3.997161004035062e-07 0.0 0.0 7.388079093573897e-08 0.0 0.0 0.0 2.808813934984578e-07 0.0 0.0 0.0 0.0 0.0 0.0 0.0 6.066691671494611e-08 0.0 0.0 0.0 0.0 3.7285278059299112e-06 1.61934752881705e-06 1.695706351891702e-06
0.0008111984094345829 0.0004977200764936055 5.0909905940288414e-05 0.0 6.706259129222894e-05 0.0003669560672398998 0.000533561537501546 9.886628901431928e-07 2.9961889953433972e-05 0.0012418184508040425 3.584316828076468e-05 0.00019835521234915304 0.00024351481923288695 5.217404778213221e-06 4.526421178418244e-06 5.738101702156792e-07 0.0 4.994350630261001e-08 0.0 0.0 0.0 0.0 5.030483055346619e-08 0.0 0.0 0.0 6.617258501936737e-08 0.0 2.2621078892082395e-07 0.0 3.723948663828902e-05 1.0690275522155377e-06 5.117291783709535e-07 0.0 0.0 0.0 1.4904745467460151e-06 0.0 5.920990363943098e-07 0.0 0.0 0.0 0.0 4.09324303598471e-08 0.0 0.0 2.6859528037983755e-05 9.108257938235204e-07 1.0764834900935543e-07 6.10881580874799e-08 2.6230765657755015e-07 0.0 0.0 0.0 2.7875916396811484e-06 3.5121409277179647e-06 2.3040269777822646e-05 8.813140285731669e-05 2.599290710797047e-06 1.2219753613670196e-05 5.092077319208448e-07 5.7020013845229e-08 5.414667811831362e-08 1.4698809199641294e-05 4.874251196142801e-06 1.6364568763426506e-06 0.0 5.967395788553552e-07 4.519843624872492e-08 0.0 2.6055787180840225e-06 8.956413530831783e-08 0.0 5.4518539577347384e-05 3.7974188378108386e-05 3.8297207893439195e-05 3.664813249897179e-06 6.647709167182691e-07 6.700948988164491e-08 1.1012615031038007e-06 0.0 6.505567883513877e-07 3.8319983794883205e-06 5.429726416543255e-08 2.1604762164349904e-06 1.334200108444452e-06 6.067338017581637e-07 6.006388840691076e-08 4.299509909827082e-07 0.0 4.6137780670216914e-07 1.5293261917902656e-07 1.298661599865864e-07 2.2444859346739467e-07 0.0 6.679815552856872e-06 5.958478353049409e-06 0.0 4.496806494683013e-06 0.0003283683410209427 1.312778646211064e-06 7.285439351742779e-06 7.65824490836001e-06 6.776243474816461e-05 0.0 1.7346702462660055e-05 1.0112866559882938e-05 4.38671445801546e-06 9.902049763819152e-05 4.651231430444769e-06 1.6692965500466622e-07 3.952761199726747e-06 1.1963174497279623e-05 2.4795414829375955e-07 6.609184128370911e-07 0.0 0.0 0.0 0.0 0.0 0.0 0.0 0.0 0.0 0.0 0.0 0.0 0.0 0.0 0.0 0.0 0.0 0.0 0.0 1.0653240730779433e-07 0.0 0.0 0.0 0.0 2.2736603601917063e-07 4.098869688524875e-07 2.0614400093299715e-06 1.0334532175966974e-06 0.0 0.0 0.0 0.0 6.847604495604865e-08 0.0 0.0 0.0 1.6394291491884584e-07 1.5835810699223682e-07 0.0 0.0 0.0 7.116597788224489e-08 0.0 2.0074156333218903e-07 2.445792228209989e-07 0.0 1.479973890698762e-07 9.884955158860211e-07 0.0 1.173818719953101e-07 0.0 3.5786859927537683e-07 1.8356956640372476e-07 0.0 0.0 0.0 0.0 0.0 0.0 0.0 0.0 5.405022145745665e-07 0.0 0.0 0.0 0.0 0.0 0.0 0.0 6.598384944372503e-07 6.210767880313036e-07 1.4771633764538627e-07 2.570766853601139e-07 0.0 0.0 5.4720956616633974e-08 0.0 0.0 0.0 0.0 0.0 0.0 8.825759328068279e-07 7.851737473685396e-07 1.0467729330877664e-06
0.00014077164500879742 0.0013679286805757377 0.0001611077515943901 6.706259129222894e-05 0.0 9.768688947363943e-06 0.000579850107056134 4.3738359043672676e-05 0.0016227987946752336 4.319587279633557e-05 0.0006619928663975541 0.0001480113657499971 0.0004675069756847832 0.0032437915650513596 2.1155605998289794e-05 3.97872574046772e-06 0.0 0.0 0.0 4.630914422580214e-08 0.0 0.0 0.0 0.0 0.0 0.0 0.0 1.3056134297665275e-07 0.0 0.0 0.00020711819607108713 2.925700496864013e-05 4.598268238872932e-05 0.0 0.0 0.0 1.363851965473791e-05 1.5692332780241004e-07 8.886311295908993e-07 0.0 0.0 0.0 4.926403707715284e-08 8.110556943131062e-07 0.0 4.3584862621838404e-08 4.8154258180605184e-05 1.0221231694111646e-06 0.0 2.0753491672700904e-07 2.5399413495952356e-07 0.0 1.2019834605477745e-07 0.0 3.388692136570914e-06 2.646086759281951e-06 8.024117194442786e-06 4.9640812441071936e-05 2.1156991306821643e-06 1.4182049962956707e-05 1.4011150932946585e-07 4.817445958065826e-07 5.749572456527827e-08 5.341820630696855e-05 3.1272249397591205e-06 1.3587665942050882e-06 4.4688041086707056e-08 2.527489744051879e-07 1.2169866641664938e-07 0.0 2.3425199741966358e-05 1.0848463270786106e-07 0.0 4.818871870142809e-05 5.5108067327292994e-05 6.780245671611985e-05 1.98005041444276e-05 1.2771919197946788e-05 1.9175386665074533e-06 2.5454919066354004e-05 8.414030952790278e-08 1.9152662311829495e-06 3.3556724219052463e-06 0.0 2.5841140513920642e-06 1.0573202141913887e-06 6.216464707571221e-07 0.0 5.697911860495148e-07 0.0 3.299704050917077e-07 4.260248791945544e-08 0.0 8.794092524886115e-08 0.0 1.0876998346703383e-05 6.612795142244586e-06 0.0 8.611962169759673e-06 2.1537407038799697e-05 5.120249152821869e-07 0.0 2.113725462540808e-07 0.0 0.0 7.097916573182824e-06 2.3200478214174034e-07 3.0404245509395468e-06 1.7408401241523564e-06 1.451053571528358e-06 7.229048576798531e-08 3.0507596332651574e-06 4.107844506130977e-06 6.531079457362368e-07 3.223122360156925e-06 0.0 4.810577313745974e-07 0.0 0.0 0.0 0.0 0.0 0.0 0.0 0.0 0.0 0.0 0.0 0.0 1.1839828899062712e-07 5.4063450566978064e-08 0.0 8.952984538928547e-08 0.0 1.7962411040053797e-07 3.132102985027779e-07 0.0 0.0 0.0 1.9729836776383918e-06 0.0 5.683683256494147e-06 1.1364489995895576e-06 8.623566281277263e-08 0.0 0.0 0.0 0.0 0.0 0.0 0.0 0.0 0.0 0.0 0.0 0.0 6.712097199049892e-08 0.0 3.7739651090283164e-07 0.0 0.0 2.2987923106403853e-07 0.0 0.0 0.0 0.0 1.3733985223614431e-06 6.667074157625692e-08 0.0 0.0 0.0 0.0 0.0 0.0 0.0 0.0 7.77179728891307e-06 0.0 0.0 0.0 0.0 2.3762000610791208e-07 0.0 5.45350935037316e-07 3.4966020542869933e-07 1.880578356025409e-07 0.0 0.0 0.0 0.0 0.0 0.0 0.0 0.0 0.0 0.0 0.0 5.623374193067628e-06 1.1771998990341059e-06 3.232787240349027e-06
5.803171090244259e-05 0.00040709298260458256 4.223340448528307e-05 0.0003669560672398998 9.768688947363943e-06 0.0 5.7666924427421405e-05 4.0716330337583266e-06 4.8579075169071726e-06 0.0005683229677755353 1.649809929021832e-05 9.372672721249629e-05 4.1378637064041815e-05 4.828335508801895e-06 0.0 0.0 0.0 0.0 0.0 0.0 0.0 0.0 0.0 0.0 0.0 0.0 0.0 0.0 0.0 0.0 4.130709524430407e-05 2.3340470481044547e-07 2.018286578524168e-06 0.0 0.0 0.0 4.069454058399185e-06 3.295715675854891e-07 1.5514277905804603e-06 0.0 0.0 0.0 0.0 0.0 0.0 0.0 6.019459721332746e-08 0.0 0.0 0.0 0.0 1.3176079259265727e-06 5.343926491722396e-07 0.0 0.0 0.0 0.00029535702764565513 3.3159589608132316e-05 3.4430192165973998e-06 0.0 0.0 2.8621488192058e-07 0.0 5.583986983137439e-08 0.0 0.0 0.0 0.0 0.0 0.0 2.4352621302590606e-05 7.065680903181852e-05 1.541195372356374e-06 4.4606661497593037e-07 8.062147551857162e-08 0.0 0.0 0.0 0.0 3.2978367822539815e-07 0.0 1.908689122524764e-07 0.0 7.249239757028741e-08 0.0 6.21630945859876e-08 0.0 2.253956961404572e-07 7.32821065770547e-08 1.2334931764484747e-06 1.3668154790710035e-07 5.508262502579623e-07 0.0 0.0 0.0 0.0002124916153179722 0.00011657036456384087 3.7599066619303045e-07 2.7709260721197827e-05 0.00032494296092902146 0.0 0.0 0.0 7.267617009775655e-05 0.0 2.267682003045045e-06 2.729695382000436e-07 1.1796162177128656e-06 2.3181785003956292e-05 1.8694725185821805e-06 0.0 4.0849806344662936e-07 2.169197569842771e-06 0.0 0.0 0.0 0.0 0.0 0.0 0.0 0.0 0.0 0.0 0.0 0.0 0.0 0.0 0.0 0.0 0.0 0.0 0.0 4.527533464487066e-07 0.0 0.0 0.0 0.0 0.0 0.0 1.8282204616881954e-07 0.0 1.3005360454887568e-07 0.0 1.782885075615967e-07 0.0 0.0 0.0 0.0 0.0 0.0 0.0 0.0 0.0 0.0 0.0 0.0 0.0 0.0 0.0 0.0 0.0 0.0 0.0 0.0 0.0 0.0 0.0 0.0 0.0 0.0 0.0 0.0 0.0 0.0 0.0 0.0 9.124986466201026e-07 0.0 0.0 0.0 0.0 0.0 0.0 0.0 0.0 0.0 0.0 0.0 0.0 0.0 0.0 0.0 0.0 0.0 0.0 0.0 0.0 8.810206436481909e-07 0.0 0.0
0.00038891255063527077 0.001903745501930545 0.00010289157291013839 0.000533561537501546 0.000579850107056134 5.7666924427421405e-05 0.0 1.1814760454215607e-05 0.000919608322545381 0.0007722118387569899 0.00019225717908518875 0.000859682163877159 0.0025718222013244624 0.0023099834788115397 7.341430185775705e-05 1.4733092319448575e-05 3.4438806112610916e-07 1.3362996755700452e-07 1.0322820636693259e-07 0.0 3.965728606235759e-08 0.0 6.715798579661232e-08 0.0 3.3698592106720574e-07 0.0 7.662786253484907e-08 1.9126001459091327e-07 0.0 4.6434241573008774e-08 0.00027064558066891933 6.495127181942063e-05 3.132134079311028e-05 4.278223508743567e-08 7.007287234340778e-08 8.41906237934303e-08 2.9640516736148497e-05 7.40100572152069e-07 4.965140311550149e-06 2.6390395513629255e-07 5.5001156039463676e-08 3.242261763224396e-07 1.4478969515450153e-07 2.4508595857293055e-06 0.0 6.418697626361113e-08 0.00021653158166186874 5.7712447346194e-06 8.623626215187148e-07 5.938274287867984e-07 2.3692626354626824e-06 2.222865112446185e-07 2.208887584520626e-07 5.396743459663497e-08 1.547824701161633e-05 1.673708490179506e-05 5.817857431927329e-05 0.00028385055127510194 1.3561973361918655e-05 7.677675582255135e-05 6.862313569783464e-07 1.8377371313649013e-06 2.901592299019033e-07 0.0001796963182169626 1.9387679196845385e-05 8.547521779662369e-06 5.368312877762642e-07 2.538458866706545e-06 8.07890592086635e-07 4.8818960643396965e-08 5.4035537947524905e-05 1.578293505648845e-06 5.8340691965433565e-08 0.0002738551339918777 0.0002657639843580701 0.0003109353267861196 6.375776465058147e-05 2.885137433566753e-05 3.47224897185844e-06 7.293160597901309e-06 4.6239319122256795e-07 4.3480893656688166e-06 2.292096621818136e-05 2.872827715679182e-07 1.6827902140579596e-05 5.245958753457963e-06 3.575646701373431e-06 4.684478885573905e-08 2.0540116460869656e-06 9.708851032461393e-08 2.894321677797682e-06 6.762252899933461e-07 4.055919781189539e-07 4.387829115418952e-07 4.088677272408291e-07 9.120612743798805e-05 5.355342862785493e-05 3.8282982202192634e-08 3.9018137232077534e-05 0.0001445770198221621 6.65324140282952e-06 9.434157152024534e-06 4.5781134076357155e-05 5.5110986423483456e-05 2.177332641182044e-06 4.7061623005443216e-05 1.206328560730673e-05 3.684574185657511e-05 0.0001501468364857668 2.6737889578285402e-05 2.5207060606660493e-06 3.672700664499693e-05 6.001034656183309e-05 9.186855187917848e-06 1.2588286037803385e-05 0.0 0.0 0.0 0.0 0.0 0.0 0.0 0.0 0.0 2.2628294464762982e-07 1.8311261650840918e-07 1.6748163456298425e-07 6.996808033625971e-08 8.18492132685147e-07 0.0 1.0181494546534066e-07 5.610956277264794e-07 5.155403286937198e-07 1.923070658725237e-07 1.6461684739262764e-06 1.230740170217111e-06 0.0 0.0 5.374523843953685e-07 1.6946330530830845e-05 5.936787960479192e-06 2.6606720678381053e-05 1.2708608771903492e-05 1.0656615412823152e-06 1.159580655795737e-06 5.83874068387258e-07 3.239846191620984e-07 3.729215967251123e-07 3.7146113996801013e-07 5.128421443622828e-07 0.0 1.0025884207851662e-06 2.316287191015738e-06 6.012800258110146e-08 0.0 0.0 9.54262181515654e-07 2.5935288124366986e-07 2.3583763122599965e-07 5.196661572257113e-07 0.0 6.066892147904952e-06 5.423358228765068e-06 0.0 0.0 1.294004088721508e-07 1.0212307702811478e-05 3.2054317586317274e-06 9.931113796782893e-07 3.584915006270619e-07 0.0 0.0 1.1983145651228886e-07 0.0 0.0 6.441896834127494e-08 4.0659295965621394e-05 1.203237623779751e-07 0.0 5.067420055399005e-08 7.171606708811103e-07 3.4388045196754952e-06 5.868666339819666e-08 2.0311608314526506e-06 5.9763101560123055e-06 5.11090325701487e-06 8.516607126064034e-07 1.4370377077251441e-06 4.724148082871295e-07 0.0 0.0 0.0 0.0 0.0 0.0 0.0 0.0 3.487446586726916e-05 8.734942263461421e-06 2.055721530736987e-05
4.1100052243116865e-05 7.807233862418157e-05 0.0004056143905976208 9.886628901431928e-07 4.3738359043672676e-05 4.0716330337583266e-06 1.1814760454215607e-05 0.0 6.339244326541453e-05 2.3732147647793654e-06 0.0005980292621666525 2.2157288334196103e-05 5.207808853495383e-05 0.00034983339886560387 3.944159856838527e-06 7.014572062584887e-06 1.0761102504106133e-06 1.7804018894965678e-07 2.7670580471187054e-07 8.574973436838006e-07 1.228004825182723e-06 0.0 5.372623662004782e-06 1.764503572094266e-06 1.660759535382311e-06 3.904403709204222e-07 3.885079967393322e-06 2.635288645531933e-07 0.0 0.0 0.0009758323840835594 0.0005624071807452186 8.400083769554392e-05 1.4765825463565695e-06 2.971727682262572e-06 4.3356520301040045e-07 7.481654528245227e-06 3.3207583717848255e-06 2.2795405272948226e-06 4.165961251768414e-07 2.1462466680971748e-06 8.29437751845739e-07 4.156697798663931e-06 2.879380674497207e-06 1.9757489560513035e-07 8.421405174055868e-08 1.169168318195997e-05 1.3952821220470522e-06 5.599724712916483e-07 3.6606143716661964e-06 3.4800157644308425e-07 8.111652625660144e-08 0.0 1.0289035623078238e-07 3.2220388700653956e-06 2.2006305426382687e-06 1.3697393846639449e-05 0.00012640047284611495 1.9211856407270634e-06 6.488016976684526e-06 1.2616665612925048e-05 3.181805323656521e-05 3.196621839021814e-07 0.00018927415152735118 2.360186173638817e-06 1.0625021890177864e-06 0.0 1.464766811057164e-06 2.61077662492176e-06 2.7371296714815905e-06 9.998321660351573e-06 1.277374611194997e-07 0.0 5.344905286758691e-05 6.45113797276288e-05 2.603046164973848e-05 1.959474954182972e-05 5.4189911045491074e-05 0.00011243566189313903 0.0009647551011276159 1.1673406751647934e-05 0.0011600091802295553 2.741923549059151e-06 0.0 2.1560174357271312e-06 5.199978754681398e-07 1.1588940641721648e-06 0.0 5.4734215105522985e-08 0.0 2.4942103913236433e-07 1.397659114343764e-07 1.8832189232199454e-06 1.6559178911500988e-06 1.4871719700644762e-06 3.7258496205536995e-06 3.38995413150288e-06 0.0 2.6239649474868527e-06 2.694294916997237e-05 0.0 0.0 0.0 0.0 0.0 3.4056289264794895e-07 0.0 8.958440707195627e-08 1.0436851615538497e-07 0.0 0.0 9.190368150250712e-08 8.451902048849991e-07 0.0 0.0 0.0 0.0 0.0 0.0 0.0 0.0 0.0 0.0 0.0 0.0 1.197509486509818e-07 0.0 0.0 0.0 1.698937142187056e-07 0.0 0.0 1.0321662669904884e-07 0.0 0.0 0.0 0.0 0.0 0.0 0.0 0.0 9.374284586256439e-07 6.965255012537437e-08 0.0 0.0 3.371260942270396e-07 0.0 0.0 0.0 0.0 0.0 0.0 0.0 0.0 0.0 0.0 0.0 5.677115717115689e-07 5.956836340194696e-08 0.0 0.0 0.0 0.0 0.0 0.0 0.0 9.084989898807607e-07 0.0 0.0 0.0 0.0 0.0 0.0 0.0 7.246210324524757e-08 5.030094744048103e-07 9.341089174578462e-07 0.0 0.0 7.228675039124859e-08 2.4106128698090547e-07 0.0 0.0 0.0 0.0 0.0 0.0 0.0 0.0 0.0 6.087655109387242e-08 0.0 0.0 0.0 0.0 0.0 0.0 1.4153899404202473e-07 0.0 2.9810074157337533e-07
5.766968477429758e-05 0.0011778350670880878 0.00015343590203684094 2.9961889953433972e-05 0.0016227987946752336 4.8579075169071726e-06 0.000919608322545381 6.339244326541453e-05 0.0 1.3511851313002138e-05 0.0005508724486797457 7.47169038939513e-05 0.00031522483995481237 0.0027453688757648554 2.008932733080005e-05 4.856119904103724e-06 5.045118597165187e-08 6.196258879627742e-08 4.743005104048629e-08 4.187808085274009e-08 1.2902034897887595e-07 0.0 0.0 0.0 2.1012099778582017e-07 0.0 9.096015891523828e-08 0.0 0.0 0.0 0.00017640474413796602 4.2812552173091284e-05 4.885183013296203e-05 0.0 7.22813194052966e-08 0.0 6.770601437560607e-06 0.0 9.42779041642652e-07 1.3788988352268574e-07 0.0 1.8964683548696301e-07 1.1517205669430193e-07 1.0764321475501613e-06 4.4542684567019494e-08 0.0 5.124060774473632e-05 1.1537146789271673e-06 1.4492892397751988e-07 7.597277818449323e-08 4.4841522260649546e-07 0.0 0.0 0.0 2.97279079566415e-06 3.666291283910206e-06 8.129630062148196e-06 4.2997380372587914e-05 2.223335753126798e-06 1.5029769072454134e-05 1.137089180206439e-07 1.2956630156978513e-07 2.4330465351970364e-07 5.9957887023278094e-05 3.3789391812318237e-06 1.2642507469624005e-06 2.3771347866443222e-07 8.363808770594905e-07 1.5409197938883612e-07 1.7084186615489644e-07 1.3636327433481036e-05 8.139118137306131e-08 0.0 5.214648736673479e-05 6.684214733740223e-05 7.270371232312838e-05 2.2246853820955334e-05 1.0495893911984345e-05 2.293060089638357e-06 4.8126504318860395e-05 3.852529147434422e-07 6.416559773722498e-06 3.4255781886028435e-06 7.496104509978084e-08 3.0908770254063203e-06 5.506951805050295e-07 8.473659904842305e-07 0.0 3.9147290040033724e-07 4.840139588886472e-08 3.2872389308646283e-07 2.4155827675719636e-07 0.0 9.06264051023409e-08 2.8511568645854634e-07 8.563687302412922e-06 1.0414575368999124e-05 0.0 7.682255481924123e-06 9.918771646172023e-06 0.0 8.470660103529068e-08 3.4477193194306594e-07 3.68631319281551e-07 0.0 5.531403035551868e-06 1.709267515419747e-07 2.463830916482416e-06 2.7881711057363752e-06 2.1718906883318247e-06 8.511721547086115e-08 2.7169388773802107e-06 3.236977783233719e-06 1.3342137278798572e-06 2.676815294586591e-06 0.0 0.0 2.0660947923901937e-07 0.0 2.0993252074861257e-07 0.0 0.0 0.0 0.0 0.0 0.0 0.0 0.0 1.966636231693725e-07 0.0 0.0 1.9893787162056234e-07 0.0 0.0 0.0 1.271901402894712e-07 0.0 0.0 0.0 4.7562589677857675e-06 5.424624227685132e-07 2.493673067872701e-06 1.4008024380647448e-06 0.0 0.0 0.0 0.0 0.0 0.0 0.0 0.0 0.0 9.363279998508034e-08 0.0 0.0 0.0 7.443896534356642e-08 6.866887853376486e-08 0.0 0.0 0.0 0.0 0.0 0.0 0.0 0.0 1.3406719130550828e-06 0.0 0.0 0.0 0.0 0.0 0.0 0.0 0.0 0.0 6.698137458232883e-06 0.0 0.0 0.0 9.5206803800873e-08 3.4851387286989056e-07 0.0 4.2765937093116645e-07 1.047461081817821e-06 3.0784856391724226e-07 2.435528755994358e-07 0.0 1.893629510520267e-07 0.0 0.0 0.0 0.0 0.0 0.0 0.0 5.410425011445829e-08 2.681741811614724e-06 1.3553929530303963e-06 3.1244904844998643e-06
0.001075949328261285 0.0004347030600875317 3.0074076033906012e-05 0.0012418184508040425 4.319587279633557e-05 0.0005683229677755353 0.0007722118387569899 2.3732147647793654e-06 1.3511851313002138e-05 0.0 1.7712161259326292e-05 0.0018682906465410769 0.002423906498054356 0.00014223191415345523 2.639783400855703e-05 5.877966210748805e-06 3.2365051279678994e-07 6.279068824238236e-08 0.0 0.0 0.0 0.0 2.9357343558913446e-07 0.0 1.6988865257337481e-07 0.0 2.709760431826152e-07 3.306044538148677e-07 1.3733138594181482e-07 0.0 3.643392894426539e-05 7.176996064199223e-06 1.2605635091589167e-05 1.8828931144274554e-07 1.1732435139061749e-07 0.0 2.483864873446664e-05 2.1680610499927377e-07 4.781604602769048e-06 2.8329048065573726e-07 0.0 1.1460678087362226e-07 1.334989775480694e-07 7.046465208612025e-07 4.4011085895705254e-08 1.6280589981661627e-07 8.595874483446501e-05 1.5004820826993956e-06 4.306797168164595e-07 8.722154625105655e-08 5.99485911773223e-07 6.701168661893027e-07 4.412326051822393e-07 1.0323321345058075e-07 7.489473490180368e-06 8.524334132677139e-06 0.00014805904239885802 0.00017506818981462882 8.718374961070843e-06 3.064970860629342e-05 2.1084633659819344e-07 2.138657612304599e-06 4.90908960698283e-08 3.8923166294233795e-05 9.610748224652983e-06 3.4520813538810375e-06 2.3162299725988262e-07 1.1902892886773595e-06 2.6818203594525074e-07 0.0 0.00012324871187440825 2.2327259219619373e-05 7.535758262122227e-07 0.00011844886631061793 7.984851724637502e-05 0.00010997145315798936 1.7258392750800974e-05 7.201340941390113e-06 2.695820677373212e-07 4.544363959843693e-06 1.8525582458603382e-07 3.061073713539992e-06 1.124515142444222e-05 1.7763011593386052e-07 6.521772892134472e-06 2.3308806489887573e-06 1.722740905988585e-06 1.2033070010577932e-07 8.869816249974478e-07 6.357770400055201e-07 9.259010608338906e-07 3.4469576803111e-07 0.0 2.2674164051679084e-07 9.357787777559863e-07 0.00033865313491808084 0.00015626566292789297 1.3121182316040164e-07 7.515182511426406e-05 0.0008588841189805822 1.51191881576276e-06 3.5182412847870777e-06 2.1874771727067996e-05 0.00010786408780390063 4.60500143423526e-06 0.00014088325698285032 1.335704786186243e-05 5.2298757678436085e-05 0.00015631315028968545 6.601606003381897e-05 4.200390538126515e-06 9.648061831683539e-05 0.00012213541330444074 1.9605696768461422e-05 2.5295220206739393e-05 3.99668757651158e-07 0.0 0.0 0.0 0.0 0.0 0.0 0.0 0.0 0.0 2.792660151389906e-07 0.0 1.357140039094778e-06 1.186678178271474e-06 0.0 1.4086398712279957e-06 1.401331803904122e-06 3.327553341044863e-07 7.981611150593033e-08 2.613570325774291e-07 6.580280622592873e-07 0.0 0.0 0.0 2.7450149422296818e-05 4.272538760602515e-06 2.7408029817860155e-05 1.0512616656411801e-05 1.011254771819762e-06 1.5530193422728107e-06 1.2487314653725606e-06 0.0 0.0 0.0 0.0 0.0 0.0 0.0 0.0 0.0 0.0 2.092930897253098e-06 1.0192060206530645e-06 8.14068363789353e-08 0.0 1.9824153024400234e-07 3.0184361298674217e-06 2.5123625049402386e-06 9.100115572418666e-08 0.0 0.0 1.1060003002429996e-05 4.063856785226612e-07 2.5204938031293025e-07 7.823191724663577e-08 0.0 7.790570553710453e-08 2.1738465609705254e-07 4.995611424835948e-08 0.0 0.0 7.525286255994838e-05 1.4693149721953425e-07 0.0 4.9983722459790915e-08 5.1985028191946276e-08 1.7636175994910573e-06 2.7395974879946864e-07 3.1575738390727895e-06 1.9603374421788436e-06 3.067810096143999e-06 9.284313294883819e-08 5.115670126559509e-07 0.0 0.0 0.0 0.0 0.0 5.221189566849152e-08 0.0 0.0 0.0 6.314467161755517e-05 1.4794462683149986e-05 2.584713304451364e-05
0.00018377593631520634 0.0009112045920156569 0.0011283589093127892 3.584316828076468e-05 0.0006619928663975541 1.649809929021832e-05 0.00019225717908518875 0.0005980292621666525 0.0005508724486797457 1.7712161259326292e-05 0.0 0.0003485910402089643 0.0010088727328863795 0.0020717404539226107 4.0025317211523864e-05 3.79985465725469e-05 2.022948181794725e-06 1.4016772884787935e-07 0.0 2.0291728177858046e-07 7.336831403567459e-08 0.0 6.473621430722764e-07 4.813466228931817e-07 1.6716302917172257e-06 2.6125243363469664e-07 1.0494328948619665e-06 1.7357301833382416e-07 1.0760009549661188e-07 0.0 0.0008090907001907997 0.00013777261281382332 0.0007828334699596639 2.598819616834762e-07 1.1058539851165178e-06 1.0907593780881673e-06 0.0002540231273966473 1.0511304615825672e-05 9.863549401997326e-06 1.704803442228669e-06 1.0200508201711192e-06 3.093736133125216e-07 3.451319593046955e-07 6.650129989298796e-06 1.262220565508955e-07 2.474031340575195e-07 4.795222173843459e-05 9.278871816300535e-07 4.4485197538747025e-08 2.8849812885235804e-07 2.7557958862575726e-07 3.8282099981754377e-07 7.647937081693419e-08 1.8405765003458276e-07 1.909291794083335e-06 2.4852231462450503e-06 8.92772470848685e-06 7.095863678540291e-05 2.124055176836254e-06 1.3734233126718167e-05 6.366316732176132e-07 5.5540224339441236e-05 2.094342340830952e-07 7.896726022053222e-05 3.0033568252925337e-06 1.3236306333271402e-06 2.3825335392330238e-07 3.2660087283142643e-07 5.187424153469369e-07 7.010556654307463e-07 0.00022701206018610118 1.9914206661943165e-07 0.0 4.767404001082711e-05 5.242854561375793e-05 5.787536881185157e-05 2.9884391798484102e-05 4.792681986714469e-05 1.978378627277811e-05 0.0010136057872489892 2.83589852214447e-07 0.00015153436964012349 2.92989849707161e-06 0.0 2.2468495551613514e-06 7.615918649451704e-07 6.44011359045571e-07 0.0 1.9704092979619875e-07 0.0 5.595203228244078e-07 4.618466384531494e-08 2.626796581299998e-07 3.1344104405584526e-07 6.637548354871535e-07 2.6228239229403574e-05 5.916054378364495e-06 0.0 1.4119494825892522e-05 4.2029284097416335e-05 0.0 4.810559979919094e-07 5.51888885195554e-07 1.3415055735957676e-06 0.0 1.8171907587775556e-06 1.4440540043524092e-07 1.0914198094834246e-06 6.399292344213991e-07 6.457251373012087e-07 1.020123865673058e-06 1.5473759309019604e-06 1.627880908833925e-06 6.613016708843805e-07 8.229081034573721e-07 0.0 0.0 0.0 0.0 0.0 0.0 0.0 0.0 0.0 0.0 0.0 0.0 0.0 9.381008348323535e-08 0.0 1.0649605243892554e-07 0.0 0.0 0.0 0.0 3.686727190075406e-07 0.0 8.001120729495108e-08 0.0 2.9502461224342483e-06 1.6561772773895158e-07 3.2002124132497522e-06 1.3970938888877145e-06 7.319546262497345e-08 1.7709983513703537e-07 1.1103654975921517e-07 0.0 0.0 0.0 0.0 0.0 0.0 0.0 0.0 0.0 0.0 3.4951944887856616e-07 0.0 0.0 0.0 0.0 0.0 0.0 0.0 0.0 0.0 1.0896376066806653e-06 0.0 0.0 0.0 0.0 6.837774998619097e-08 0.0 0.0 0.0 0.0 4.650456960935677e-06 1.5628244627775865e-07 0.0 0.0 7.700545456124616e-08 1.4442429892329712e-06 1.623931784606842e-07 0.0 0.0 5.59466235408671e-07 0.0 0.0 0.0 0.0 0.0 0.0 0.0 0.0 0.0 1.533459616987306e-07 0.0 2.2391683740661117e-06 1.3872825189717464e-06 3.2736464992953605e-06
4.107403198650378e-05 0.0003370792823346814 8.783608281832418e-05 0.00019835521234915304 0.0001480113657499971 9.372672721249629e-05 0.000859682163877159 2.2157288334196103e-05 7.47169038939513e-05 0.0018682906465410769 0.0003485910402089643 0.0 0.0009412336373778973 0.0003297848483510476 9.45111830372442e-05 7.917614676864172e-05 2.2279742432291643e-06 0.0 0.0 0.0 1.2641773992726814e-07 0.0 7.207524412690143e-08 0.0 9.321612038892314e-07 3.320692419301634e-07 3.619171684647064e-07 7.078770593334063e-08 3.2904804824026265e-07 0.0 5.9695552010312227e-05 5.296545760245992e-05 4.986763968047473e-05 7.449447556010519e-08 6.548344578491992e-08 8.91354819410459e-08 0.00014818332923226854 4.444172278999492e-06 1.8259511817077705e-05 5.180445924108398e-07 2.4506745754574735e-07 0.0 1.652346081943947e-07 1.138679691029766e-05 9.960963779873166e-08 3.2883119912806627e-07 9.991963846428077e-05 9.619863740050483e-07 1.74978418156059e-07 3.69358953881649e-07 6.395647833664206e-07 2.3554201183223665e-07 3.938330499253135e-07 0.0 2.226948282136433e-06 1.8882442010907654e-06 1.4727083323818566e-05 3.8441012414457286e-05 2.587052663876717e-06 1.7244516594284765e-05 5.525881477206632e-07 3.6422836692681145e-06 7.040249625663221e-08 6.476706213115878e-05 3.5050910001089116e-06 1.7386343002482887e-06 1.0760679399242288e-07 5.363059301220369e-07 3.9894914361841264e-07 8.822584635576815e-08 0.00017539466922476048 1.1541024613970664e-06 1.9745619876300627e-07 3.353119957558245e-05 4.705371075981892e-05 9.591904399008748e-05 5.405049175183555e-05 9.45110003059719e-05 6.629807307019245e-06 4.0654021743777806e-05 1.949515258332663e-06 1.1568358086344585e-05 2.7257101337423725e-06 0.0 1.4580265461795828e-06 6.936541381415097e-07 4.3585035960107195e-07 7.095866867041085e-08 3.7221099796116517e-07 0.0 2.307864407529637e-07 1.6790981366332226e-07 0.0 4.0145919087389567e-07 2.0381894296408322e-07 0.0008553184199903759 0.00010755005411504465 9.044570100638772e-08 5.990255969749964e-05 3.950954441228849e-05 1.836099890558893e-06 8.655505011491749e-07 6.429812894581342e-06 1.0341364293338803e-05 4.447980759996861e-06 7.155457232231718e-05 4.214624321290315e-06 3.9984360946102795e-05 5.388820618160424e-05 3.544354382719985e-05 7.352249427068366e-06 4.475192171591068e-05 6.41533172539067e-05 1.3060439315157263e-05 2.6663624047742838e-05 0.0 2.1470033882711888e-07 0.0 0.0 0.0 0.0 0.0 9.93621292179268e-08 4.4764157152264345e-07 0.0 9.222554506563478e-08 0.0 4.1947512692464954e-07 8.348522643666271e-07 9.72289588110926e-07 5.226181373226179e-07 1.8719308245742818e-06 6.168007343987097e-07 0.0 1.4420116094761505e-06 8.570302327243507e-07 0.0 1.8455942445073864e-07 0.0 3.3639097061628985e-05 4.810706557781063e-06 4.7080036121164446e-05 1.9740066210503664e-05 3.6748243743304577e-06 1.8207204127882655e-06 5.442447011182178e-07 0.0 0.0 0.0 0.0 0.0 8.103430515845853e-07 9.87046315623759e-07 0.0 1.2850197941708307e-07 5.751401112307802e-08 1.6174265588670487e-06 1.6500088693109548e-07 0.0 4.5216219999633593e-07 0.0 4.2268422013733205e-06 3.2949031684588723e-07 6.898926389499735e-07 0.0 0.0 1.661125444073627e-05 9.131614283647671e-07 2.488080722039778e-07 2.2963049694389982e-07 8.137870773299223e-08 0.0 0.0 0.0 0.0 1.5647256436249887e-07 8.582986213202038e-05 2.6349746640334255e-07 5.38565711333214e-07 0.0 1.5972041987337172e-07 7.4888829606947165e-06 2.678391971924834e-06 3.95987732744509e-06 3.493481978039883e-06 2.1975293279451527e-06 0.0 1.9192614138643118e-07 2.7634882860741796e-07 0.0 0.0 0.0 0.0 5.061813212946702e-08 0.0 0.0 0.0 6.879031252145888e-05 1.7064481751931185e-05 3.398966955098309e-05
9.555002325987968e-05 0.0005104863963114594 0.0002742781983122 0.00024351481923288695 0.0004675069756847832 4.1378637064041815e-05 0.0025718222013244624 5.207808853495383e-05 0.00031522483995481237 0.002423906498054356 0.0010088727328863795 0.0009412336373778973 0.0 0.005040157068929365 0.0001538151385943243 0.00010666225093800306 2.2872700962084858e-06 1.6143951159749105e-07 0.0 7.196726235984343e-08 1.6092105389759544e-07 0.0 3.5370571496674684e-07 1.5638238229514904e-07 6.722153378841902e-07 2.196591018097105e-07 3.360042640608025e-07 1.315415813793065e-07 3.9336522126988387e-07 1.4441827699235125e-07 0.00015203619320376427 0.00012845510163939466 0.0004963307101044846 6.58746614437747e-08 8.764131152022143e-07 2.3135151511512272e-07 0.0002394242318399094 1.1504641780140955e-05 2.499454947560654e-05 9.005458985414053e-07 3.8804578457957567e-07 0.0 2.8818493639972257e-07 1.4393782293143377e-05 1.7476812483988814e-07 6.205117220632497e-07 0.00019073084613471864 1.823306560999917e-06 3.2897474252106816e-07 5.478506785288793e-07 9.395163789305127e-07 1.5506979609218982e-07 1.8542481890547534e-07 1.378964812892364e-07 4.030348751895146e-06 4.624946073305271e-06 2.1455200260999966e-05 7.55709821549728e-05 5.230457519193929e-06 3.887305509889507e-05 8.016710471202538e-07 1.5139741497322112e-05 7.229194046638636e-07 0.00013932782127573117 6.095815870884948e-06 3.2242844022832903e-06 1.48967902901857e-07 1.2302348157151619e-06 4.418500797450249e-07 0.0 0.0002663946299221851 3.3286130212574856e-06 0.0 8.271347370064768e-05 0.00010714803705195073 0.00020563307467175724 9.455232179890265e-05 0.0001508169238089035 1.6148499362857812e-05 8.237401528755086e-05 1.3592154815625256e-06 1.4583173775758385e-05 7.256752800003253e-06 0.0 3.936056475344255e-06 1.0623680973870443e-06 1.5950045444968432e-06 6.81645271273659e-08 7.873941980006158e-07 2.1810800550653454e-07 5.201273671293277e-07 1.959826178226955e-07 8.136711547395094e-08 9.92253548312181e-07 2.0085235292737837e-07 0.0006882602957978636 9.544976554680826e-05 3.3710238927444535e-07 8.74092724271754e-05 4.945098321427391e-05 4.804051207669928e-06 1.65166354047605e-06 9.569411135475082e-06 1.2891660094656999e-05 6.314891338966283e-06 0.00010847546300012153 2.647073158957694e-06 4.499111365668749e-05 7.122490623710911e-05 3.601379706676054e-05 7.253997220978699e-06 7.682109192399661e-05 8.283687326876281e-05 2.0743258289154748e-05 4.175454629482493e-05 2.0925828944469184e-07 1.0359544426477975e-07 9.055765318512316e-08 6.9234469133383e-08 0.0 0.0 3.426384358449567e-07 0.0 0.0 0.0 1.543923456489915e-07 0.0 2.250946541548473e-06 1.307353960034884e-06 5.491964676142701e-07 2.160138790201144e-06 2.248926575720844e-06 1.1898909044528122e-06 8.244260178633788e-08 2.3431328861436345e-06 1.3453054380443262e-06 0.0 0.0 1.0371430479195187e-07 4.6959619440240884e-05 7.6893070421866e-06 6.540931851368125e-05 2.2562659148632877e-05 3.850985580643454e-06 1.729585740429531e-06 2.361811054125174e-07 0.0 3.677930168007866e-07 0.0 2.71072277399689e-07 1.6579787782397305e-07 6.190261291586462e-07 9.274539702637524e-07 0.0 0.0 0.0 2.3663682683056235e-06 7.593651942812695e-07 3.969320108012302e-07 1.0700981111882744e-06 0.0 3.3985590418857363e-06 3.7852439405820314e-06 0.0 1.6897835385379992e-07 8.62767402051292e-07 1.7671787817602462e-05 1.8540081931979475e-06 0.0 1.2662293382463552e-07 0.0 0.0 0.0 0.0 0.0 1.0244582121680069e-07 0.00011509349824636976 4.6706621047595997e-07 1.591045611758037e-07 1.8345972114535088e-07 6.59705263202273e-08 8.352075033110446e-06 3.71337780200544e-07 4.878476742445452e-06 3.184736818779521e-06 2.7351467404453377e-06 5.09044265119563e-07 0.0 0.0 0.0 0.0 0.0 0.0 0.0 5.3086200465713644e-08 0.0 0.0 9.146287804174727e-05 2.926367104641749e-05 4.735724345266637e-05
