0.0 0.001800758910334991 0.0003690206807551379 0.0009001835875765683 8.040876108977098e-06 8.13570432807665e-05 5.590067254600401e-05 3.5442815329345526e-05 2.0864855009762594e-06 0.0004737357410396195 4.200022476204703e-05 6.924392961458931e-05 4.220984168412075e-05 2.7946398901268015e-05 1.4635738698481839e-06 1.0879870125389509e-06 0.0 2.2814321210292547e-07 5.510990708484754e-07 1.4964726133740267e-07 1.9041135371084482e-06 1.7922914143148917e-06 7.05355789304589e-07 1.585365086844406e-07 0.0 3.159023448859325e-07 9.709804325233237e-08 2.4134812602721104e-07 7.666509672468706e-07 0.0 0.0011520705965062626 2.3755640347138414e-05 3.9625612725945545e-06 5.741667655866594e-07 2.0672057993968615e-06 8.820256708697967e-08 9.965621412382363e-06 1.611622175022751e-06 1.566529806312476e-06 5.460793422301001e-07 1.1110345448183789e-06 1.0421749172345584e-06 7.175679817124598e-07 2.6247329285175296e-07 1.6607202207297608e-07 4.6429364209950235e-07 5.597029536212146e-06 7.666306321080025e-07 4.5254515335157236e-07 7.74159887898205e-07 0.0 3.884856307749242e-06 2.0776954336848036e-06 1.685661642691369e-06 8.304243786133086e-06 7.948063398162389e-06 0.00013252859023534224 0.0003309408381749167 0.00010496789897684141 6.379296817025944e-06 1.1221866375748234e-06 3.5143005882800502e-06 7.042988020066043e-07 2.790601146944392e-05 1.6650736754714508e-06 1.5362137323200572e-06 1.2899948101593772e-07 3.702736958439117e-07 1.6013484484344663e-06 2.7564294056351276e-06 7.094305973039258e-05 3.653634804590021e-05 1.1468351566529716e-05 0.000257656533094494 2.6507545710638657e-05 2.3765303341174516e-05 9.548046641745217e-07 7.890174491657696e-07 8.270549020183776e-07 2.5030949092049725e-05 2.309713599828479e-06 1.0263107135555744e-05 8.035642696943362e-06 7.287609667639265e-07 1.763960298206417e-06 3.866620584899414e-06 5.730157950821692e-07 1.4579961665631752e-06 1.5905131620115151e-06 4.835986668061374e-06 6.811141534956275e-07 6.000457501032899e-07 2.2037931775466476e-06 1.037293887748756e-06 5.69395050834423e-07 0.00038952358541489757 1.928628678479465e-05 7.761659608595214e-06 1.4999697030383593e-05 0.0005314210173101457 4.417180667670681e-06 1.728074318669462e-05 2.036216888450084e-05 7.953397318243998e-06 2.4743611795486443e-06 7.863904008436404e-07 2.3995506252869724e-05 8.954720902645828e-07 8.900503310993017e-06 1.6178169597320532e-05 1.7817125373006525e-06 1.0429570060175855e-05 1.2979433488842158e-05 8.608624017674657e-06 3.4028499291867704e-06 6.749077507039531e-07 0.0 0.0 0.0 0.0 0.0 0.0 0.0 0.0 0.0 0.0 0.0 3.3838712090420585e-07 0.0 0.0 0.0 1.1698413817939664e-06 1.350992859078036e-06 0.0 2.6556034865714666e-06 0.0 0.0 0.0 0.0 1.7409448515363147e-06 1.5596928168672005e-07 4.648522129236638e-07 1.5353183201580141e-06 8.116655106753762e-07 0.0 2.324836418304765e-07 0.0 0.0 0.0 0.0 0.0 0.0 0.0 0.0 0.0 0.0 4.696698564741802e-07 0.0 6.926707453022887e-08 0.0 1.2357530679595196e-07 5.27296009631772e-07 1.4166444396582012e-06 3.94078607204669e-06 0.0 4.2558210776230233e-07 1.2258974163673753e-06 0.0 0.0 0.0 0.0 0.0 0.0 0.0 0.0 0.0 2.7932745475422185e-06 1.3643891930175682e-06 0.0 4.275874007851146e-07 1.7062384926012394e-07 2.503752699554456e-06 0.0 2.86874571423977e-07 2.753948757156266e-07 8.303370041213628e-08 1.1279099800883221e-07 0.0 0.0 0.0 3.049843488009103e-07 0.0 8.204550147007541e-08 4.221213721951987e-07 9.746692086236468e-08 0.0 0.0 3.771492225564004e-06 1.053351773141307e-06 3.13516092401273e-06
0.001800758910334991 0.0 0.0012880456253575347 0.0014332874898332088 0.000743211959237456 0.00012563793305711516 0.0021643706414383192 0.0004929914204226276 0.0010422251323314621 0.0011708631311414031 0.0013336670398038989 4.287296219994885e-05 0.0008413870973630334 0.0009256020220778034 6.9874788798521e-06 9.520072829567865e-06 6.92714823956515e-07 1.1143687140864718e-06 0.0 7.835150426323234e-07 1.1546377506699787e-05 1.2840804534288947e-05 4.178692954802263e-06 1.197280564011219e-06 2.946657225055827e-06 2.6639947368106675e-06 1.9197396811074464e-06 1.0286006282170617e-06 1.734337781548331e-07 0.0 0.002115972849020662 0.00018840789753982927 3.224441525225307e-05 6.467776169774816e-06 5.829013951616847e-06 2.412299717164987e-06 3.197319405483714e-05 1.5809628146128527e-05 3.7639858540000326e-06 1.1864398422761807e-06 5.721862217352844e-06 7.340483429771405e-06 4.408134688453692e-06 1.9718185432368448e-06 5.793931758530095e-07 2.618025510827494e-06 5.915800918806163e-05 3.412898217777805e-06 2.279194565033349e-06 4.094171968810952e-06 2.1671475058371525e-06 2.0177377084333503e-06 4.012575090271063e-06 6.622497484071444e-06 3.198838252053589e-05 3.657067473882971e-05 5.495871161885441e-05 0.00033811533448367003 0.00011009107492994177 3.30349204186983e-05 3.5375524422459266e-06 2.461228967651671e-05 2.0166947000015513e-06 0.0003077394921878593 1.0110210959588253e-05 4.635498907681307e-06 1.768721989289313e-06 1.1454789233554235e-06 1.1372847290814005e-05 2.028868903607135e-05 2.891557054251277e-05 7.605236942940943e-06 2.130953491294092e-06 0.0003745570462016559 0.00015065545958429415 0.00011168266331344877 1.7302834363066872e-05 8.734267748519971e-06 6.083963839245039e-06 0.0002405358228787775 1.1288986292321026e-05 5.623150821350078e-05 3.40433311731358e-05 1.692955913741003e-06 6.142707031265172e-06 1.8683646261104402e-05 1.5305947790455094e-06 1.254733362782393e-06 3.1574786525800934e-06 1.5990518934003975e-06 3.945932967233035e-06 1.0783014673025517e-06 2.208924674189604e-05 2.3879353510223537e-06 1.3063984998098927e-06 8.622171678185502e-05 5.598466621215993e-06 3.632157589065761e-06 5.732877193877738e-06 0.00037643175578990195 5.32414239508433e-06 2.2659604961279193e-05 3.685383228450937e-05 1.0953125304659388e-05 5.517984396908531e-06 4.541782549507803e-06 4.0007084389895576e-05 6.9994060925156355e-06 2.7292308251957904e-05 4.284659875726743e-05 6.300069146621402e-06 4.5808891722402745e-05 3.315795241630282e-05 3.858841663270005e-05 1.9531274760890543e-05 1.945066048152338e-06 1.3239235823286235e-06 0.0 3.639970122467769e-07 0.0 0.0 3.980680152680233e-07 1.870774393514881e-07 3.6168911788537377e-07 2.359594293473163e-07 2.9025209573439935e-07 0.0 1.0665044718889601e-06 2.8611607814478396e-07 8.414532863117869e-07 1.3388390078793317e-06 1.6030760882833959e-06 2.8414521136909706e-06 9.472053002589712e-07 8.244350676134855e-06 6.699074609324373e-07 0.0 0.0 2.850574339400136e-07 1.8297963636396276e-05 4.655581333317079e-06 1.1213713177377296e-05 5.770652481317911e-06 3.363485606467322e-06 0.0 0.0 0.0 2.948961875497989e-07 5.338019836372202e-07 6.44374288896634e-07 0.0 8.292218195143055e-07 9.221040176282445e-07 0.0 0.0 0.0 4.655132439032432e-06 7.232158835743035e-08 2.9697167914944673e-07 0.0 6.677874836468714e-07 6.922246673480344e-07 3.846970163788793e-06 4.8862603939745715e-06 8.507979938991474e-07 1.7907564032419893e-06 1.6894779290753135e-05 2.2231074891541468e-06 0.0 1.3050729908267898e-07 1.3349885456344237e-07 7.9650461212303e-08 0.0 6.818150867375887e-08 7.636645551665768e-08 0.0 1.8659653938373845e-05 2.581649783358324e-06 0.0 1.025444882730094e-06 7.809067712166248e-07 2.2931622481253078e-05 4.080200692328097e-06 1.0444113277857237e-05 2.330339704684495e-06 3.6188895071120446e-06 1.2698343248902554e-06 1.8014108483622514e-07 3.268040185889682e-07 0.0 4.4807557945762896e-07 0.0 0.0 6.316007668942461e-07 7.349842798722533e-08 1.8715455335565402e-07 6.929715376111382e-08 8.765072889591596e-06 1.1354806396355916e-05 6.0487991749592294e-06
0.0003690206807551379 0.0012880456253575347 0.0 7.113557407706657e-05 8.973174559308621e-05 7.5435643356116704e-06 3.585655664261733e-05 0.00213731274041063 8.370212178802746e-05 3.1790955420572714e-05 0.00221347779455344 3.987479103163761e-06 2.7883201606669656e-05 0.00053572547472386 5.701241667040417e-06 8.846150403915542e-06 4.0461906289405547e-07 3.053153416278659e-06 9.747575221664855e-08 3.2306748040317946e-06 2.776895632142871e-05 3.319087813492897e-05 8.10164693142592e-06 4.782099240782129e-06 8.054813716949603e-06 6.383486978053435e-06 3.175443345771752e-06 2.5113471749782733e-06 6.588800555509308e-07 2.9797211371085065e-07 0.0034751852637486037 0.0006658229005565494 6.338118576073187e-05 1.530189906266194e-05 2.0571257586335745e-05 4.806723284921303e-06 4.7874125329909634e-05 2.6111608946200628e-05 9.456953027225346e-06 4.925663154464597e-06 1.655842841783748e-05 1.6445698486916716e-05 9.985998615303098e-06 4.195320388540361e-06 2.3972688714053355e-06 7.12174521528341e-06 2.845370763200556e-05 4.044270249306953e-06 4.393815449211476e-06 8.95863833188262e-06 1.2131590717705983e-06 6.676450431118787e-06 7.019178713585304e-06 1.164448058520507e-05 8.204871081217987e-06 9.072254633928145e-06 1.4448168134068523e-05 0.0001874977784511362 2.387312084772059e-05 1.0022389863425163e-05 2.012672532876436e-05 5.44179141542094e-05 4.443954661429094e-06 0.00013335558114293354 2.9113413094378968e-06 4.56268694069811e-06 2.5534265265367597e-07 3.316089664509868e-06 2.454723242798955e-05 6.880376771796484e-05 1.4501606950751876e-05 7.549206929615797e-06 1.2613441618385032e-06 8.65566988524167e-05 3.582402333954501e-05 3.546267947498582e-05 1.1780855122782899e-05 9.095145315106118e-06 2.985524183005561e-05 0.0008301680451920682 4.861358464776794e-05 0.00023719886642211593 1.2288081620784396e-05 2.8317253184650327e-07 6.0655948813547446e-06 4.532126421561861e-06 1.5207530569823753e-06 6.263733082129317e-07 1.3668153239183082e-06 1.8746343531659323e-06 2.2484975710488225e-06 1.250252720915576e-06 5.6667080087741985e-05 8.916128233896943e-06 4.542951240280898e-06 1.9353537983478085e-05 5.037958918247379e-06 4.279396238095169e-06 6.608857375151376e-06 8.33507858994761e-05 1.163223071152997e-06 2.711940529246643e-06 5.02302802549238e-06 1.8172521188889735e-06 1.5424888823533427e-06 1.12721141503075e-06 3.0759868786681895e-06 2.4296159883143652e-06 1.5845138561223697e-06 3.7458731739526503e-06 1.1688123111140394e-06 1.490170848401811e-05 8.656673800540758e-06 1.1268746057620323e-05 7.251677222351107e-06 1.5216627111422026e-06 3.5457385855153137e-07 0.0 0.0 0.0 4.986564498409275e-07 0.0 1.4060779380519672e-06 5.179726444839305e-07 1.7008125134629432e-07 1.9086007613766657e-06 7.13921121653535e-07 4.4300224188743447e-07 5.106319224842505e-07 8.797462276125107e-07 4.130920278289694e-07 5.560418412859287e-06 6.6616009611478855e-06 3.550584482821249e-06 3.013722878959238e-06 1.0138136848923183e-06 1.2701643330294315e-06 0.0 0.0 8.331547245893978e-06 3.213145712867614e-06 8.4596541228554e-06 7.57203799504092e-06 4.275036147503473e-06 0.0 0.0 0.0 0.0 7.15924112274858e-07 7.785909417929461e-08 0.0 1.5651119299153412e-07 9.190835217830471e-07 0.0 0.0 2.1604584374647009e-07 4.537046267069913e-06 3.5708488228432614e-07 0.0 1.1881528084270477e-07 2.8809645589433725e-07 4.527694319252155e-07 6.473914380368094e-07 7.021690395147094e-07 2.506223883518624e-07 4.164921937911801e-07 9.178652594836012e-06 1.2724189925792576e-06 6.107821360479828e-07 0.0 1.3611844474931912e-07 0.0 0.0 4.5808483412055777e-07 1.1339967237854536e-06 6.800708038150361e-07 7.066606757597805e-06 4.349701736811375e-06 2.458747953666573e-07 9.54231423763729e-07 1.0893517034616833e-06 1.0750984226772753e-05 2.646826855437273e-06 4.3564464575169685e-06 1.0704990562442347e-06 1.7957811889207788e-06 5.203039657804871e-07 9.240202406048713e-08 3.3064281259204266e-07 0.0 0.0 3.1699302536285366e-07 0.0 2.042478040293458e-07 8.049374700462875e-07 1.7650222480018972e-06 7.25319456249258e-08 4.297539720985333e-06 4.203745155166956e-06 6.757105639783857e-06
0.0009001835875765683 0.0014332874898332088 7.113557407706657e-05 0.0 3.73660866147602e-05 0.000324773977874834 0.0007319123275246064 1.9840047390650423e-06 3.8900176768180934e-05 0.0031165815064803015 4.234492460735454e-06 0.00015417212829118025 0.0013070511643393861 0.0002693433549417612 1.2307501633177408e-06 2.2794330609361884e-07 6.27706472680986e-08 0.0 1.5237340748648946e-07 0.0 2.0020216392104707e-07 2.732561626379419e-07 0.0 7.851094515522173e-08 0.0 6.586290403399934e-08 0.0 0.0 0.0 0.0 0.00039983882595071794 3.9179560920394116e-06 4.4421537723213547e-07 0.0 0.0 0.0 4.704994014521893e-06 8.290303912761973e-08 2.794076120397848e-07 5.508825299884087e-08 0.0 2.474219844988652e-07 0.0 2.1197467987309016e-07 5.2561235798558074e-08 4.0647579757220323e-07 4.487096205357502e-06 6.156176478786282e-07 0.0 0.0 6.645899166814237e-08 3.727756579822736e-07 0.0 0.0 7.591206359062583e-06 8.575022227631203e-06 2.0485483115413635e-05 8.026917945081864e-05 3.531535168168873e-05 4.420608359664982e-06 1.3727582497509847e-07 4.221559041061067e-07 0.0 3.0803689489712465e-05 1.579147595522702e-06 4.7581138499246307e-07 1.2665638458033598e-07 1.4109466620240955e-07 1.6389803702676183e-07 1.1573188626682215e-06 2.7182108557488084e-05 3.2450259274232056e-06 1.0076146497854092e-06 0.0001224608089788134 3.0257961498061062e-05 1.5274460098350545e-05 4.4207101504793954e-07 6.987637712663411e-07 1.3627941139343831e-07 1.885747683348732e-06 1.9888524371778562e-07 5.579402333964502e-07 6.7314591197004474e-06 4.617121319896858e-07 3.1321327151225434e-07 2.6611622320470694e-06 4.939037669038586e-08 2.1559450316024047e-07 4.813818562699364e-07 8.9169466348406e-07 3.083547397781471e-07 0.0 3.8595467811266725e-07 1.4672221236822956e-07 1.2550240861961578e-07 0.00013629886174408234 2.9736326172730833e-06 7.492902844173365e-07 2.992595245275958e-06 0.00011767164254955139 1.1229811946842006e-05 3.0347942205706782e-05 4.640782859072306e-05 5.2024161658370015e-05 3.2337779273104388e-06 7.260975717451435e-06 5.25565821928908e-05 5.6989526153683515e-06 3.7197282834434506e-05 6.079758114805766e-05 1.372641411098266e-06 5.1154050709635674e-05 4.146241525126902e-05 2.7218591634426687e-05 1.0246589349577139e-05 1.0717286702053086e-07 0.0 0.0 0.0 0.0 0.0 0.0 0.0 0.0 0.0 3.592329159766112e-07 0.0 7.543932612952744e-07 0.0 1.5903086717563857e-07 0.0 5.001439574373883e-07 0.0 0.0 7.663692100423336e-06 2.905344523856096e-07 0.0 0.0 0.0 8.89084566592895e-06 1.0110467739025774e-06 3.645759765921297e-06 2.8161835451463226e-06 1.4249089180268292e-06 0.0 0.0 0.0 0.0 0.0 7.328122107529927e-08 0.0 2.1412185016481676e-07 1.7135003080127367e-07 0.0 0.0 8.903466320806747e-08 0.0 0.0 2.454266699196503e-07 1.341251488828385e-07 3.5303492106180375e-07 1.4956728495481383e-06 2.823139412514207e-06 6.674514826855334e-06 0.0 0.0 5.171382887202382e-06 1.729804986176351e-06 0.0 1.2024062771038633e-07 0.0 0.0 0.0 7.961585940706414e-08 0.0 0.0 1.1013742667937523e-05 0.0 0.0 1.1009624263719298e-07 0.0 1.1382210787642092e-05 0.0 3.7728731895315483e-06 2.8814771804120977e-06 2.8405842563410367e-06 1.0902641739519034e-06 8.739663611424505e-08 0.0 6.439981422761857e-08 0.0 0.0 0.0 8.37398222803107e-08 0.0 0.0 0.0 1.1587707003096097e-05 1.7914880159837955e-06 2.335359215397015e-06
8.040876108977098e-06 0.000743211959237456 8.973174559308621e-05 3.73660866147602e-05 0.0 2.0859036758970563e-06 0.0014204708307889095 9.455471234518299e-06 0.002231253229799971 0.000889972518509521 0.0011778730664530666 3.310405781868751e-05 0.0007927067854321519 0.001229765934151659 2.480520958710161e-06 4.557945383293952e-06 9.562737607819309e-08 7.258430059021948e-08 0.0 0.0 0.0 2.7022894871411336e-07 0.0 0.0 0.0 9.576537215602553e-08 3.0206803662310277e-07 0.0 0.0 0.0 6.724654104033569e-05 1.1775493697226356e-05 2.129631534587573e-06 0.0 4.776988238390428e-07 0.0 1.2837074450639045e-06 1.9423837668630528e-07 3.014886043968759e-07 0.0 0.0 0.0 0.0 1.4952012354945092e-07 0.0 2.3722491143444852e-07 1.965547081568516e-05 2.294545448711442e-07 1.1868845141209536e-07 0.0 0.0 0.0 9.259954543967985e-08 0.0 4.121452227765408e-06 4.243418817860782e-06 2.9731939193378885e-06 1.2161930321419339e-05 7.651487366151718e-06 5.942175924065641e-06 0.0 9.736445659551557e-07 0.0 4.626644730020382e-05 1.0149857223704356e-06 6.244902809320625e-07 6.733630119847588e-08 0.0 0.0 6.874859838343068e-08 1.0572064158894897e-05 3.0586265740903286e-07 0.0 3.0946662944310144e-05 1.8987010800563273e-05 2.7109750685750036e-05 6.630031509121874e-06 2.410401091114028e-06 8.634983118684701e-07 3.714699681534193e-06 3.054637622395841e-07 3.358227719083469e-07 5.767088540604049e-06 0.0 5.456926497885444e-07 1.900328006696969e-06 0.0 0.0 3.1968719691125813e-07 0.0 6.854695899471711e-07 2.3633128363355973e-07 6.105834716909081e-08 2.7652536306972496e-07 9.011703859390234e-08 1.984556637036316e-05 1.0906758967867922e-06 0.0 9.420323714900716e-07 3.0580913561955587e-06 0.0 1.0070335400952401e-06 2.5515043008705355e-06 0.0 1.990612582002098e-06 1.085239655516144e-06 2.7934551216018776e-06 2.2240473623335195e-06 3.1786863687208884e-06 7.14566020199251e-06 1.7087536113195404e-06 1.8657560385256798e-05 1.255880674935374e-05 1.2112526471568808e-05 1.6533234081183703e-05 3.3103247759837817e-07 0.0 0.0 0.0 0.0 0.0 0.0 0.0 0.0 0.0 0.0 0.0 2.0921603286012347e-07 0.0 0.0 0.0 6.472197857829215e-07 0.0 0.0 3.79835578274035e-06 0.0 0.0 0.0 4.383338597363231e-07 1.1327752101661906e-05 3.7006358526229006e-06 6.457789157954846e-06 5.099176221570717e-06 1.5213066036375732e-06 0.0 0.0 0.0 0.0 0.0 1.933396424878278e-07 0.0 0.0 2.4105991469792806e-07 0.0 0.0 0.0 2.1718875584574804e-07 0.0 0.0 1.2200954221744302e-07 0.0 4.5142306976290994e-07 1.7064866092531592e-06 0.0 0.0 0.0 1.0632998727315351e-05 1.6054369214333276e-06 6.644761122649536e-08 0.0 0.0 0.0 0.0 0.0 0.0 0.0 1.1598407816937783e-05 1.3135064819104565e-07 0.0 0.0 0.0 1.7972834442210648e-05 1.6699990302973528e-06 7.501534251333622e-06 4.2081637514250674e-07 1.1278532998973735e-06 1.1341825604770883e-06 8.508815135131711e-07 0.0 0.0 0.0 0.0 0.0 5.955400737317083e-08 2.23152921332163e-07 0.0 0.0 5.7111011463750424e-06 7.502771767465521e-06 5.481506126233032e-06
8.13570432807665e-05 0.00012563793305711516 7.5435643356116704e-06 0.000324773977874834 2.0859036758970563e-06 0.0 2.700611897389148e-05 1.1426162735780417e-06 5.419438426808197e-07 0.0006367094039302218 3.801129169234279e-06 0.00017053841146608245 5.413695282819604e-05 1.0033494419813717e-05 3.7970484216147e-07 7.559260974210554e-07 0.0 0.0 0.0 0.0 0.0 4.02794593083635e-06 0.0 0.0 0.0 0.0 0.0 0.0 0.0 0.0 3.364849753036561e-05 3.9706509740215594e-07 6.182011413428704e-06 0.0 0.0 6.334918320231715e-08 1.994084611670793e-05 1.4216362681042434e-06 6.558743583913059e-06 1.278804768892672e-07 0.0 0.0 0.0 3.050262072822716e-07 0.0 0.0 3.5660704763524496e-07 0.0 0.0 0.0 0.0 1.52215003045199e-05 2.2940187825936317e-06 0.0 5.445772020498886e-07 1.6763807650738672e-06 4.098046051228281e-05 6.730049634734453e-06 2.2848362956369156e-06 7.391588626868144e-08 0.0 1.0745055884186655e-06 0.0 1.6943416716373625e-06 0.0 1.1858768023262711e-07 0.0 8.567360106829342e-08 0.0 0.0 0.00016725703517872083 0.0002433510719284965 5.0332507345639504e-05 5.192617932026568e-06 8.705472702622838e-07 7.869694630410564e-08 2.5203161429768776e-07 6.262461334220989e-08 0.0 1.1100312980380127e-06 0.0 3.467296013461461e-07 0.0 3.240276274610954e-06 0.0 5.330052376018553e-07 0.0 1.1995845348337982e-05 5.269580199711477e-06 2.2669608369486914e-05 1.8215083465049164e-07 3.89190711628711e-07 0.0 0.0 6.177649908504664e-08 0.00037195144356530686 0.00015296727466819046 4.98085716868699e-05 4.528332157648161e-05 0.00020055413052781786 3.056407305740538e-07 2.1757782798370003e-06 4.785055869654586e-06 1.8464521777652266e-06 6.567534794182395e-07 8.959460725026001e-07 7.2339339215083706e-06 1.974646381525995e-06 5.414968347208212e-06 7.510411900333161e-06 3.999701607041159e-07 1.2070794441386412e-05 8.664673214937929e-06 5.499517603400666e-06 2.5893391465035177e-06 0.0 2.4125618620202664e-07 0.0 2.475369976761172e-07 0.0 0.0 0.0 0.0 0.0 0.0 0.0 0.0 0.0 0.0 0.0 0.0 8.92729103693174e-07 2.262975412862199e-07 8.432968931900141e-08 1.6739851286585669e-06 0.0 0.0 0.0 0.0 1.2639483917173014e-06 3.5930356681088223e-07 3.5219400016472207e-06 2.8545419527665357e-06 8.659018093402843e-07 0.0 0.0 0.0 0.0 0.0 7.931765729989022e-08 0.0 0.0 0.0 0.0 0.0 1.9236944339169555e-07 7.279634930052334e-07 0.0 5.440691648269855e-07 0.0 1.384226141540271e-07 6.396533708772547e-07 3.9462490540660634e-07 4.4080893311443524e-07 0.0 0.0 2.9574989499800857e-06 0.0 0.0 0.0 1.5236021801510084e-07 0.0 0.0 0.0 1.0305452858520813e-07 0.0 4.358581499086564e-06 2.037882545595207e-06 4.03326897618235e-07 0.0 0.0 2.2618486011276213e-06 1.0949034101670194e-07 1.2558229701757627e-06 1.8501489876021744e-07 7.448051734247718e-08 0.0 0.0 0.0 0.0 5.805544989413397e-07 0.0 0.0 0.0 8.122015631906866e-08 0.0 0.0 2.8307932652278604e-06 2.915810229614274e-06 3.1114055019496983e-06
5.590067254600401e-05 0.0021643706414383192 3.585655664261733e-05 0.0007319123275246064 0.0014204708307889095 2.700611897389148e-05 0.0 4.522070909186153e-06 0.00055042147963239 0.0017815240828854223 0.00013485286870776038 0.0001542785753302427 0.002356430276493725 0.0016334939387906708 4.711293364439403e-06 5.955091072539636e-06 2.6860586667281506e-07 0.0 0.0 0.0 1.199429559778412e-07 5.222994489283825e-07 1.4147643726078184e-07 0.0 0.0 0.0 0.0 0.0 0.0 0.0 0.00013674738007123495 1.6698476362985687e-05 3.4338402162295813e-06 6.809480270053138e-08 0.0 7.723541473016135e-08 7.129851580341191e-06 1.1172105147960821e-06 2.2444727388939831e-07 5.409716372062469e-08 1.692930653107521e-07 0.0 9.747075271627181e-08 7.808592266258717e-07 6.73492933211654e-08 2.0309689930775503e-07 2.6299100188771206e-05 6.630013048795647e-07 1.618415237936756e-07 6.342601351772812e-08 1.622010849005388e-07 2.897339320563747e-07 3.0515003125665126e-07 0.0 7.344964832253001e-06 8.602258958863215e-06 5.732432065664101e-06 3.851684612059987e-05 2.0912339918980457e-05 8.375405350614457e-06 2.1224132263413604e-07 1.7361098906374542e-06 0.0 9.422567871388325e-05 2.313947424255645e-06 1.3817581686038944e-06 1.935540577379481e-07 0.0 6.848751427740896e-08 1.44317872053013e-07 2.7136345310098145e-05 1.5710695993404113e-06 7.591377871527809e-08 6.950491889456117e-05 3.829531382678456e-05 3.251469003109112e-05 9.887006805711517e-06 2.71039349223739e-06 2.8363577502614615e-07 3.066833878896261e-06 0.0 1.1733104101178622e-06 9.648992261017734e-06 1.969425102325821e-07 1.2204652577479393e-06 4.2563084302354045e-06 0.0 6.988928208698155e-08 4.0399440492428923e-07 0.0 5.950719502831944e-07 1.433804780666718e-07 0.0 2.3384348948721932e-07 1.5814606250617128e-07 5.405412398395642e-05 4.386442448365202e-06 0.0 1.888840852852366e-06 1.1527689119382873e-05 4.287769998305914e-06 8.240693282589119e-06 3.799212021185625e-05 1.0235334956188812e-05 8.133363264332648e-06 1.722807995451009e-05 1.586894808972173e-05 8.42389341616119e-06 2.6017518246324986e-05 3.5432645046367004e-05 8.644310064889146e-06 8.32551055640522e-05 5.9438240142985456e-05 6.310776140766514e-05 3.7099761243871065e-05 1.426660519296973e-06 9.766532948841701e-07 0.0 1.6607687356182846e-07 0.0 0.0 0.0 0.0 0.0 0.0 0.0 0.0 0.0 0.0 0.0 0.0 1.2496492285937863e-06 2.3248630192648288e-07 6.196640115988237e-07 9.963727814611802e-06 1.1591194763100682e-06 1.0435943929784425e-07 0.0 0.0 2.8212098808346854e-05 3.716189174951938e-06 1.95948905868539e-05 6.4076010155941464e-06 5.898932951128768e-06 0.0 0.0 0.0 0.0 5.10281546314757e-07 7.672077043727029e-08 0.0 1.81439598161866e-07 7.681037538065871e-07 0.0 0.0 0.0 0.0 0.0 5.274822780236858e-08 4.363986912845843e-07 0.0 1.5399279252882492e-06 2.9834464227181596e-06 1.4248706776049509e-06 0.0 1.2001740741914199e-06 2.6802704951670032e-05 3.962932962423549e-06 6.973683843980388e-08 1.4040276166343143e-07 0.0 0.0 2.2437436999081278e-07 6.05095286598089e-08 0.0 0.0 3.395537883186497e-05 2.4118469663578455e-07 0.0 0.0 6.824709011332222e-08 4.4040499601463944e-05 1.7446626872325777e-06 1.938419644924054e-05 2.2272263086269236e-06 4.039685987038825e-06 2.2031238817680076e-06 9.718494862997454e-07 3.6313932246627706e-07 0.0 1.6780443529356524e-07 0.0 0.0 1.9783345326887713e-07 1.7143236632310276e-07 0.0 0.0 2.192195574213459e-05 1.8341970517367273e-05 1.0139640506221519e-05
3.5442815329345526e-05 0.0004929914204226276 0.00213731274041063 1.9840047390650423e-06 9.455471234518299e-06 1.1426162735780417e-06 4.522070909186153e-06 0.0 1.9411698174549682e-05 1.1027819155945572e-06 0.0027808302928854383 1.2766114930111225e-06 2.0551686425396392e-05 0.0008446325011803235 1.0838495612932649e-05 2.325620621185731e-05 1.511861285216562e-06 7.534132107987699e-06 8.234606518334827e-07 6.543357851743854e-06 2.785965536189336e-05 2.7356187312305823e-05 6.5190264510568275e-06 2.79801137268903e-06 7.535104708159671e-06 3.67651480509194e-06 2.311088080068972e-06 3.2303640497250733e-06 2.517459479443367e-07 3.7352366300039675e-07 0.00044454735977926264 0.00118059448765082 0.00011396495398765907 1.6752317939583845e-05 1.6403395938091004e-05 2.5128212505289027e-06 7.318351933004214e-05 3.2067533722430966e-05 1.1445336132193905e-05 2.9650266187578325e-06 1.2028067173491684e-05 1.1357237711771437e-05 2.3227857634500398e-05 1.716834287332707e-05 2.1156202415445483e-06 4.223618660891591e-05 6.035327675011651e-05 7.270171673456865e-06 4.197413131705453e-06 1.2861236624816608e-05 1.958305378867457e-06 4.4271742331120326e-06 9.394056422150059e-06 9.671884471648124e-06 4.471653821777367e-06 6.06123430150273e-06 4.519407334908969e-06 3.9167814310570254e-05 1.1302762617069208e-05 1.2860935450144658e-05 5.134020286316579e-05 7.95624286981232e-05 1.0065827450959352e-05 0.00021720278481794533 3.8122814346708354e-06 9.587723782709866e-06 8.369895259816039e-07 5.657419228985868e-06 2.962955828168654e-05 6.032388218765156e-05 1.3640803854735341e-05 7.692558528989502e-06 8.747624370145245e-07 4.933461238652687e-05 3.858815066421373e-05 5.895551012374631e-05 3.888237215767568e-05 0.0002980959732367762 0.0008544525887360863 0.0019507629540150106 0.0003217964279311099 0.0006380399999954095 1.4707725669785685e-05 3.742429990085471e-07 1.213350546879023e-05 5.028231506306756e-06 5.08476963086057e-06 5.003856479222941e-07 2.1922934920596526e-06 1.4220076207958772e-06 5.545421737204591e-06 1.6709126848797676e-06 3.8826840758173054e-05 8.017929833026022e-06 5.25444525251306e-06 1.1597430369388389e-05 5.462683965278159e-06 1.2340395056511238e-06 1.0487917929860282e-05 8.359127285745196e-06 5.020779335740701e-07 7.131731043011182e-07 0.0 0.0 2.629732428894249e-07 3.004962858007217e-07 0.0 0.0 3.5108487334044053e-07 1.5867323104087767e-06 4.786484411104334e-07 4.138117749802428e-06 3.4603314257479357e-06 6.361702206093666e-06 5.536819994020668e-06 1.0790194753184145e-06 8.991802887660404e-08 0.0 2.301763066237207e-07 0.0 0.0 0.0 5.558514248710459e-07 0.0 0.0 1.2838384434857824e-06 0.0 6.631310164234674e-07 2.4919914242553987e-07 1.9582586606743802e-07 8.039295362343181e-07 2.3894574028640164e-06 2.2125387920436354e-06 2.8867203570950076e-07 1.0198352788501657e-06 9.515182327344502e-08 0.0 0.0 1.005170765724614e-07 7.679322166727732e-06 1.3896831866529476e-06 5.3603949892995675e-06 4.721868372596854e-06 3.175113374635458e-06 5.839624889571822e-07 0.0 0.0 0.0 2.1316117314341523e-07 0.0 0.0 4.0081310278079066e-07 2.1111512761424273e-07 0.0 0.0 0.0 3.4463766073242985e-06 2.724108770454655e-07 5.793775030771578e-08 0.0 3.0989063069733267e-07 3.220102172281596e-07 1.2397759184045057e-06 0.0 0.0 1.96301237969212e-07 7.10793592919105e-06 1.4357443236812862e-06 1.8286634702759727e-07 6.247337023295162e-08 1.2647644779251765e-07 8.07658184994718e-08 1.924737750706098e-07 2.6204471726024864e-07 2.953771427751843e-07 6.263765480207413e-07 5.406589899965865e-06 4.774047496088247e-06 2.555780197573487e-07 9.946560681518894e-07 1.385599984508924e-06 3.5354347961418688e-06 1.1469089449204148e-06 3.1052535098389323e-06 3.6324200546126766e-07 6.59089853663779e-07 4.987863546220976e-07 6.584183706037246e-08 1.9521243230493204e-07 0.0 1.5434445228714866e-07 0.0 0.0 1.3054937135846433e-07 6.419783646811472e-07 5.025764199422239e-07 1.5087530062031543e-07 1.7203179243940531e-06 4.694733099153323e-06 5.196922604636705e-06
2.0864855009762594e-06 0.0010422251323314621 8.370212178802746e-05 3.8900176768180934e-05 0.002231253229799971 5.419438426808197e-07 0.00055042147963239 1.9411698174549682e-05 0.0 0.00010233014107529885 0.0008906100835076849 1.1461167897091623e-05 0.0006036366990227004 0.0013467070347816686 1.2063024337954707e-06 1.975706135817198e-06 0.0 0.0 0.0 6.237981872672476e-08 1.4454961698577138e-07 1.5138633507658578e-07 0.0 0.0 0.0 0.0 0.0 0.0 8.303308369745166e-08 0.0 1.3561425204353141e-05 2.0375074597240163e-06 1.2845977919426715e-06 0.0 0.0 0.0 2.5771540936532025e-06 1.604188616905878e-07 8.379744810044236e-08 3.5722900439469254e-07 0.0 0.0 0.0 6.629393414994847e-08 0.0 0.0 4.68453496945108e-06 3.968101105486496e-07 0.0 0.0 0.0 0.0 0.0 0.0 6.873805996289977e-07 5.510407049707222e-07 2.9137410120586844e-07 3.1341345586545523e-06 2.5494232300587073e-06 9.485391924503536e-07 0.0 4.134922715478619e-07 0.0 1.2977639659061843e-05 5.695541344430385e-07 3.087279713938529e-07 0.0 0.0 0.0 0.0 4.2824416985508e-06 6.540472613763287e-08 0.0 4.761854512287087e-06 4.012489017458244e-06 4.6512669947321195e-06 2.4686731172265372e-06 8.579804257964394e-07 0.0 1.7199477722403387e-06 7.467852387055511e-08 1.1024755975221338e-07 1.2475662747464545e-06 0.0 1.3721000096109247e-07 3.021052080728609e-07 0.0 0.0 5.181980495897309e-08 7.602498470721026e-08 6.109896399822041e-08 0.0 1.2837187514997897e-07 0.0 0.0 5.9442375848106255e-06 1.7267680610519553e-07 0.0 0.0 3.596496670918956e-07 9.922866914478596e-08 1.098245592614581e-07 2.6810855206256204e-07 0.0 3.811149643993037e-07 9.467588070501627e-07 2.131387329517572e-07 3.0651308582975414e-07 1.2382660322878553e-06 1.580869943959638e-06 1.3323935253615823e-06 6.836574589530174e-06 3.2405309695528425e-06 6.844479667137758e-06 5.152338334820801e-06 1.9226248861965617e-07 7.562386525346557e-08 0.0 0.0 0.0 0.0 0.0 9.59988767813507e-08 0.0 0.0 0.0 0.0 0.0 0.0 0.0 0.0 0.0 1.4486190485634222e-07 8.950913881783304e-08 4.2346069147580586e-07 1.2802972184294721e-07 0.0 0.0 0.0 4.193760766440111e-06 9.330239296402201e-07 2.65910096599948e-06 6.236620413334694e-07 1.1356994976982997e-07 0.0 0.0 0.0 0.0 0.0 0.0 0.0 0.0 1.6249161096560468e-07 0.0 0.0 0.0 0.0 0.0 0.0 0.0 0.0 0.0 0.0 0.0 0.0 0.0 4.158454467459829e-06 4.57590586638003e-07 9.931914530045216e-08 0.0 0.0 0.0 0.0 0.0 0.0 0.0 3.652712582607208e-06 0.0 0.0 0.0 0.0 4.571180812260833e-06 0.0 1.7688912116873432e-06 0.0 4.675270442995583e-07 1.568964464321589e-07 0.0 0.0 0.0 0.0 0.0 0.0 0.0 0.0 0.0 0.0 1.5135499445859921e-06 2.416503721381436e-06 1.809445571730837e-06
0.0004737357410396195 0.0011708631311414031 3.1790955420572714e-05 0.0031165815064803015 0.000889972518509521 0.0006367094039302218 0.0017815240828854223 1.1027819155945572e-06 0.00010233014107529885 0.0 4.603064462328361e-05 0.0014902152435375675 0.005960779779057235 0.000552545079467122 1.6277248421242678e-06 1.9098174983351244e-06 7.384627973794302e-08 6.395171756063011e-08 0.0 0.0 0.0 0.0 0.0 0.0 0.0 0.0 0.0 0.0 2.53381479399402e-07 0.0 0.00010801167503665732 4.6984662252623335e-06 1.7543901369983672e-05 5.983342846248217e-08 1.0342880861587779e-07 0.0 7.074789634746223e-05 2.2565503148204936e-07 1.0854020488269e-06 0.0 0.0 0.0 0.0 2.471247362437369e-07 0.0 0.0 5.686874718750202e-06 5.648414762890019e-07 0.0 0.0 0.0 4.788522529794094e-07 1.8282367694971097e-06 0.0 3.855248382560595e-06 4.5749229218470826e-06 1.6757814775127974e-05 2.649588187625977e-05 1.2798922724666807e-05 4.056256983160418e-06 0.0 1.0530324053861564e-06 0.0 4.204623668524354e-05 7.705678743318998e-07 8.690007759619538e-07 2.3377418720239201e-07 0.0 0.0 0.0 0.0012618146240253355 5.132251090587627e-06 8.889862581607341e-07 4.887694536427085e-05 1.8898434635943204e-05 1.1412735508546615e-05 2.1413642847767512e-06 1.1817386303466908e-06 2.484433010194907e-07 3.400365679094151e-06 0.0 5.726296659066921e-07 6.362453335799522e-06 1.3257134034634893e-07 0.0 1.6569826995007642e-06 0.0 5.315968298308449e-07 3.308789361990619e-07 6.11251636825959e-07 4.2851204933464015e-07 2.1678227097424712e-07 0.0 6.627079912641245e-08 0.0 0.0002567343082994619 2.617025646110459e-05 1.8798065336543474e-06 2.2312940698798167e-05 0.0001367324584292002 1.4165523551106371e-05 3.832496985983004e-05 6.0898278009294966e-05 2.3860428945851e-05 2.1331047602716127e-05 2.5098195315901367e-05 0.000103931818364226 4.1901820549984104e-05 6.868981598480234e-05 0.0001574396943961576 3.797783750268052e-05 0.0003224165263071954 0.00022835236740583484 0.00020906892828053935 0.0001279349832185125 3.728501172352938e-06 3.612071039664464e-06 1.5769547431185692e-07 0.0 0.0 0.0 0.0 1.1893121498055243e-07 1.7170590806575403e-07 5.312209093391142e-07 0.0 8.734959311810161e-08 8.611521976423454e-07 6.389213141008758e-07 5.159341598767916e-07 2.1779654050174285e-07 1.9546674981743403e-06 1.8571457390422186e-07 8.908676326462485e-07 3.2018300221510627e-05 4.338044012019298e-06 1.3597743088096323e-07 0.0 6.076232247589674e-07 8.740676777854999e-05 1.1843642824267744e-05 5.866460044981226e-05 2.3489063792469667e-05 1.487481458859071e-05 0.0 0.0 0.0 9.611034590488166e-07 7.764951808373302e-07 0.0 0.0 2.009341133890706e-06 4.718330592919915e-06 8.842095809110022e-08 0.0 2.43226236036328e-07 7.206542974602319e-07 0.0 6.50603304560078e-07 9.093914229252662e-07 8.093391847677655e-08 3.1828646641578507e-06 1.4897299327606104e-05 7.967805598752377e-06 0.0 4.694549272951561e-06 8.99541722218686e-05 2.1085597859444408e-05 1.724732302323722e-06 4.469523076653408e-07 0.0 0.0 0.0 6.512942470241483e-08 0.0 9.525490507726504e-08 0.00010811655896712585 5.352940878137972e-07 0.0 0.0 0.0 0.00012555815277335035 7.298595732579741e-06 6.606483267012282e-05 9.205755967684623e-06 1.938564416229412e-05 5.045512575381935e-06 1.1250669952865166e-06 1.5599032933662018e-06 0.0 3.0396047908149047e-07 0.0 0.0 1.8689397084424243e-07 2.430126718524725e-07 0.0 0.0 8.818064691736659e-05 3.9189830198413806e-05 3.8602695797822056e-05
4.200022476204703e-05 0.0013336670398038989 0.00221347779455344 4.234492460735454e-06 0.0011778730664530666 3.801129169234279e-06 0.00013485286870776038 0.0027808302928854383 0.0008906100835076849 4.603064462328361e-05 0.0 1.7575654126059678e-05 0.0006506864988118798 0.002389647216633532 5.242440251570637e-06 1.2568941406780644e-05 3.680949908746444e-07 1.508546776812615e-07 2.1521933917185618e-07 0.0 1.7243144328991428e-06 1.7918373272926e-05 1.2502556564774748e-06 2.3624117750670433e-07 1.2020838710010333e-06 2.289940448384185e-06 7.970581752239525e-08 1.4491343835767597e-06 9.400702238265961e-07 0.0 5.14163151294466e-05 4.10654056869685e-05 0.0008522234004771449 2.7337029596891043e-07 8.922218394193422e-07 3.1683908597699428e-06 0.0002526751178635669 5.522026039472243e-05 1.819239384108124e-05 2.459982801479604e-06 2.477333678545653e-06 2.288042192362037e-06 3.566558791039738e-07 3.1031046333032456e-06 0.0 6.709688721304258e-07 1.785256072570171e-05 2.486424135225698e-07 3.7528810427027426e-07 6.912177901738923e-07 6.844003958098627e-08 3.3909429529877535e-06 5.742778441242234e-06 6.858614381234903e-06 1.4233813445330242e-06 2.443664099224062e-06 1.2585878624527693e-06 5.507781280040205e-06 3.1095702577225935e-06 3.4574706507831946e-06 6.901493689856543e-07 0.0001051041478485237 1.9959088454850599e-07 3.506589795121852e-05 5.870862475091742e-07 5.863841096178624e-07 5.895323681885585e-08 0.0 2.3655503923315036e-06 3.0709656205973964e-06 5.1839222105698535e-05 5.592352783187048e-06 3.2885605036201284e-07 1.506237008872e-05 8.483827714477494e-06 1.7229352204013025e-05 1.1786017209707645e-05 8.242151627803858e-06 3.770910548496325e-06 0.0005213637446210457 9.911257753912218e-07 2.7256193271457396e-05 2.417032595337817e-06 0.0 7.39438538684862e-07 6.517759011928427e-07 2.330058347111074e-07 2.863582249985564e-07 5.030390340728885e-07 1.0991483930185457e-06 2.0785975392568905e-07 2.0137744531840552e-07 3.893712059266042e-06 8.766041937486982e-07 4.861706005703311e-07 4.630410528851097e-05 7.067377687956472e-06 2.073872180891782e-06 1.6454870555506692e-05 4.250186977835822e-06 1.6011509106095484e-06 6.146807020382916e-07 4.770544375776584e-06 1.1680289148958808e-06 4.8353950002158045e-06 1.7416120381507331e-06 2.8014953296197254e-06 4.981042998389192e-06 7.280863803955789e-06 9.511982803337793e-06 5.374559704510402e-06 3.78560172178655e-05 2.619231032623842e-05 3.567298185487435e-05 2.8499991904629656e-05 1.6526711196861605e-06 1.5574404514960009e-06 0.0 1.1796112278163221e-07 0.0 0.0 2.199962219931499e-07 1.604748347153647e-07 0.0 9.611177668294996e-08 8.738134899064247e-07 0.0 0.0 9.546925865591687e-08 0.0 5.023204175652035e-07 8.918113705709789e-07 2.4204647071206915e-06 8.489793557427851e-07 7.849449762126861e-06 9.939470765047158e-07 0.0 0.0 0.0 2.6938261964039052e-05 4.0545961622918515e-06 1.6887392368600714e-05 1.0483067098836869e-05 4.149140135126402e-06 0.0 0.0 0.0 0.0 4.4793675698211915e-07 0.0 0.0 2.31463677970726e-07 1.778118854493268e-06 0.0 7.763924772851834e-08 4.0705407448625424e-07 1.2283483474212999e-06 1.3664194506508138e-07 0.0 0.0 5.2175690446315885e-08 6.664412448275031e-07 3.3862106915296084e-06 1.276835640018966e-07 0.0 1.1312069039008945e-06 2.5574592838864394e-05 3.516480958378966e-06 1.7016597149823737e-07 7.370940196940539e-08 0.0 0.0 0.0 4.745563171606386e-08 0.0 6.373427218569266e-08 3.0219780449361285e-05 5.0447920182787094e-06 0.0 0.0 0.0 2.3654778502388654e-05 3.4684955481916504e-06 1.8057804980315597e-05 1.3317443920416992e-06 2.7761945315656587e-06 2.633733258513563e-06 4.110888891961221e-07 6.952701154693721e-07 0.0 0.0 0.0 0.0 1.4629178663267134e-07 8.261870898941872e-08 0.0 1.722552528382335e-07 1.520890862700942e-05 1.812525836274124e-05 1.1708242083288378e-05
