0.0 0.0016685301070749998 0.000316653669030651 0.0011506382769796957 7.108218410453357e-05 4.466364769946436e-05 0.0007187774324488189 0.00017584298431922284 3.36609835962183e-06 0.0014468972549503464 2.837828970160964e-05 0.00018502986962819592 0.00024391403280639532 9.434886334032958e-05 1.5946319458100806e-06 1.0095199090358876e-07 0.0 1.1315089237908086e-07 0.0 1.0046437996407956e-07 9.81878875028191e-07 5.111136987650777e-07 3.431263308288225e-07 3.107401025192004e-07 8.786033627992195e-07 9.645886769575399e-07 1.0360456354428958e-07 8.501348257805818e-07 0.0 0.0 0.001164011422079724 1.2677737082188337e-05 4.463572088672568e-05 0.0 3.193652986980556e-07 3.4397468330285824e-07 1.0424654908172371e-05 1.0015252553674241e-06 3.494232123557594e-07 4.4681138005351855e-07 6.730371167266576e-07 3.8191008243460354e-07 6.39985598811267e-07 0.0 0.0 0.0 1.5039910484386828e-05 1.7800151519103572e-06 4.894820371323084e-07 8.822855781558066e-07 7.98722069619543e-08 3.1267523777903086e-07 0.0 2.3786237190199852e-07 5.313416271852335e-06 4.890510995916717e-06 0.00020281708921053652 0.0005733506658459457 6.961753601405647e-05 1.7060260580877123e-05 1.1314227042065842e-07 2.314514266886061e-06 0.0 1.746773518002949e-05 3.956762780857195e-06 3.1627300919248107e-06 3.9328359719803965e-07 2.4816233225500976e-07 4.322020864995313e-07 3.301620767951292e-07 2.115005128691379e-05 9.917126587509184e-07 1.0384445898604628e-07 0.00024199041105058046 4.785391934126123e-06 5.06459106775752e-06 5.158582720448235e-07 3.7547281371891974e-07 7.5758027328157416e-06 8.599952429740493e-05 0.0 2.2075738049229772e-05 1.1896142297830651e-05 3.4779464499659147e-07 1.015630339204603e-06 3.533182489987882e-06 8.099239290289322e-07 4.7023177247450036e-07 6.367962760973906e-07 1.44698143840784e-07 2.4386503361977576e-07 0.0 5.329957890992988e-07 4.386650824156266e-07 0.0 0.0001427943306907722 3.0355548763269316e-05 4.4352751726407305e-07 4.342261328416559e-06 0.0010824355555292126 9.141295274860478e-07 1.1976269907700841e-05 4.594851862341286e-06 1.3033712048397215e-07 0.0 1.2293068636286122e-05 6.378902494759229e-06 8.4296327008612e-06 6.623844386868602e-06 1.0168905330887058e-05 0.0 9.871797635944557e-06 1.175426234058438e-05 9.725973223160136e-06 4.341698603939969e-06 0.0 0.0 0.0 0.0 8.904822569717249e-08 0.0 0.0 0.0 0.0 0.0 0.0 0.0 0.0 0.0 0.0 7.98548726049861e-08 0.0 0.0 0.0 8.070249311695716e-07 8.518853305433406e-07 0.0 2.3238876681757373e-07 0.0 5.80586215844176e-06 7.542230448611635e-07 6.059975758307139e-06 3.711597543848632e-07 0.0 1.1909875341147237e-07 0.0 0.0 0.0 1.2256617950453406e-07 4.6177246759916605e-07 0.0 0.0 4.6956241909252434e-07 0.0 0.0 0.0 0.0 5.000807031245956e-07 8.173084193614568e-08 0.0 7.603538119989419e-08 0.0 0.0 2.8983806597831907e-06 1.277607056623101e-06 9.645827199680843e-07 3.92665636717603e-06 0.0 0.0 0.0 0.0 0.0 0.0 0.0 0.0 0.0 7.952754230492134e-06 0.0 0.0 0.0 0.0 5.007012550160322e-06 1.3300637028341178e-07 3.247156947907555e-06 0.0 1.58186866178907e-07 0.0 0.0 2.2496288505527997e-07 0.0 0.0 0.0 0.0 0.0 0.0 0.0 0.0 1.8217264503077579e-06 1.822827160872542e-06 7.219431259018242e-07
0.0016685301070749998 0.0 0.0012284021591799023 0.0016963905202427732 0.0018319805464363194 5.04346959272784e-05 0.002747468186893867 0.0010182948283505092 0.0005008131288757821 0.001398605657415324 0.001020001845064385 0.00021410030584165392 0.000641706378281054 0.0008872271059188192 3.196312020663667e-05 3.155104536458268e-06 3.2637118858637015e-07 6.042555579691264e-07 1.1824742244270883e-07 2.1824688590888916e-07 5.437541120559399e-07 1.2033445490431316e-07 1.0174433079458637e-07 4.749263142780298e-07 1.4864365752837009e-06 1.4458269883217824e-06 7.875596119572099e-07 8.518883210967514e-08 1.1655867622548885e-07 0.0 0.001771368692378227 8.703047718318135e-05 0.00012027165440414267 2.0581912268668447e-07 7.711856446878113e-08 1.0870582603810347e-06 2.89337945602127e-05 7.069391817964098e-07 8.915115138097509e-07 1.1316946033933103e-06 7.598925553113659e-07 8.681383311331389e-07 7.731816762973387e-07 1.552219917337256e-07 0.0 2.914863890780234e-07 5.8008531442707906e-05 4.689680080143298e-06 6.077065601357946e-07 6.661521754299195e-07 2.9748164676437204e-07 0.0 3.405066723636658e-07 0.0 6.453916107563307e-06 1.0232033459448309e-05 8.155387639628795e-05 0.0005431876410128302 6.434141764096534e-05 6.858511326524927e-05 2.5108190825709476e-07 1.5931058410812836e-06 1.717387277817851e-07 0.0002438193432996251 7.71347690477289e-06 6.183122527227289e-06 6.893855075291837e-07 4.56566209548594e-07 4.6068078295868777e-07 2.0840958105069449e-07 2.2232652133465274e-05 7.526706823498985e-08 0.0 0.00039149302527200213 6.159752561807329e-05 5.9376233961362716e-05 5.1582736196211864e-05 1.3535948060247175e-05 2.196050154128435e-05 0.00026220984133690125 2.64739711420421e-07 3.803539081736079e-05 1.6597032847283077e-05 6.926490695256163e-08 2.9306673918984857e-06 6.126579717863581e-06 9.88381966065622e-07 0.0 4.6395943036768893e-07 0.0 0.0 9.632703976027733e-08 1.3863532919112343e-06 1.2728700260496393e-06 2.3983333953868547e-07 1.6329708749045593e-05 3.8870192527133815e-06 0.0 2.8249861603307234e-06 0.00040448472372890443 6.980535421797812e-07 4.606771882652532e-06 3.1372258867106144e-06 9.123208938413654e-07 5.603514965766278e-07 1.915213348229189e-05 6.2565148319994305e-06 7.894663068129296e-06 5.0863255477518116e-06 5.472720531784107e-06 1.6763220354266614e-06 1.3547665120863021e-05 1.3648285184455368e-05 1.281295910284739e-05 6.889102338283627e-06 1.7233506041113296e-06 4.2105404499285426e-07 0.0 2.5141317234076317e-07 0.0 0.0 0.0 9.396367654590458e-08 0.0 0.0 1.8816042934826808e-07 0.0 0.0 0.0 0.0 2.312465020307977e-07 0.0 1.5727056302555595e-07 0.0 3.6763487107852696e-06 8.616449051302193e-07 0.0 1.3393674772875271e-06 2.5012509998718295e-07 1.6093517535771505e-05 1.592558636129853e-06 1.571950653591239e-05 3.1564906700228856e-06 1.6891735769493415e-07 9.639917480263123e-08 0.0 2.178490578944629e-07 0.0 3.713267309698639e-07 1.2308782607711645e-07 8.346960757089895e-08 0.0 1.150221467651451e-07 1.1702320081618712e-07 0.0 0.0 1.4719565990473664e-07 4.761142935324695e-07 0.0 0.0 6.88834546297965e-08 5.828171849679001e-07 4.4842939606496677e-07 6.056799778526122e-07 1.010324132759088e-06 5.210397706043035e-06 7.699961767889418e-06 4.4843453306397087e-07 0.0 8.743177731452837e-08 0.0 0.0 0.0 0.0 0.0 0.0 2.7752203543883172e-05 4.570852032108925e-07 0.0 0.0 0.0 5.074464627046479e-06 2.836702244193242e-06 1.915538772292628e-06 5.329744030248062e-07 9.551806371006344e-07 0.0 5.003777145188948e-07 3.95618526037643e-07 0.0 0.0 7.070941057276437e-08 0.0 0.0 0.0 0.0 0.0 1.737649856863919e-06 7.281534978332079e-06 8.094415919544803e-06
0.000316653669030651 0.0012284021591799023 0.0 0.0001510277490944533 0.0009574447635331015 4.178371983347832e-06 0.00016230216882580307 0.003556594844048499 0.0004016769615403567 1.0275148919141576e-05 0.0020570801833612084 0.0001622738980330994 0.0004936743903568179 0.0012712667840654153 4.484533946531547e-06 1.5690781191148935e-06 0.0 6.773247081219895e-07 0.0 1.0359505406679044e-06 1.3743794114918848e-06 9.758298898792527e-07 9.986935268717831e-07 9.417733892549334e-07 2.3872960465617695e-06 1.731328218860561e-06 9.761550402105853e-08 1.3965309772175275e-06 8.304383958771076e-08 0.0 0.0022980885729970975 0.0003018717352176154 0.0001948097593277735 9.370484897166787e-08 3.318638705074724e-07 4.914196022167852e-07 3.161709347914124e-05 2.05551912518885e-06 1.93209206423853e-06 1.8229350318222878e-06 2.4715291798003793e-06 1.6299051675600292e-06 3.398300855806273e-06 3.1887794702023337e-07 1.070120218062537e-07 3.2232697759221335e-07 7.116689837922821e-06 4.72124226025469e-07 2.839802145742529e-07 3.718422215847195e-07 9.634817802883206e-07 1.1152690129015245e-07 0.0 4.3525878781658247e-07 6.266994864667298e-07 1.2097421989554633e-06 1.4156677980051911e-05 0.00012140159009184175 1.0006667512910132e-05 6.238753989556403e-06 1.7243997638058264e-07 2.5744341889908483e-06 0.0 0.000268760243007673 4.499626757102129e-07 1.117775259452048e-06 1.8185264677180133e-07 2.5990534315690914e-07 9.99449467627818e-07 1.28994588102804e-06 2.063265951213808e-05 1.011966977599056e-07 1.239101438543213e-07 4.906788700527665e-05 1.0247149778421608e-05 8.007032340786661e-06 2.774639634738924e-05 1.9969873976327803e-05 6.390225143585578e-05 0.0006683133501499158 1.636492325706749e-07 8.489527702939257e-05 2.1943101181114166e-06 7.518329053409488e-08 2.997318392377733e-07 9.765665367423154e-07 2.13660866223993e-07 0.0 3.052331732640057e-07 0.0 6.229405356801831e-07 0.0 3.1937291616817516e-06 2.903177242163182e-06 6.609626126261109e-07 8.056494767747153e-06 5.391165451183606e-06 0.0 3.6783298559505e-06 6.465439169894113e-05 0.0 0.0 1.0824190016102157e-06 0.0 0.0 2.305222647585225e-06 0.0 4.3605853776835014e-07 1.4780281761391082e-06 3.516118331932096e-07 5.227227376976437e-07 3.609244774109791e-06 2.4455047810849155e-06 2.270493206120704e-06 1.8416437108749935e-06 8.13981006637966e-08 1.638337485102567e-07 0.0 0.0 0.0 0.0 0.0 8.592318179360497e-08 0.0 0.0 0.0 0.0 0.0 0.0 0.0 9.55327584212993e-08 0.0 1.4883378979960958e-07 0.0 6.383617343385113e-07 2.6873438052089563e-06 0.0 3.238074522641282e-07 0.0 4.1709408078236545e-06 1.366952926795436e-06 5.195082925263137e-06 2.176299033876526e-07 1.3082353158451197e-07 5.389958340828415e-07 1.616274375846865e-07 2.029131428498041e-07 2.8318293062318084e-07 8.852586766228678e-08 2.487323582642226e-07 2.3131083510518043e-07 0.0 4.015049239622315e-07 0.0 0.0 0.0 0.0 8.28178134403311e-07 0.0 0.0 0.0 0.0 7.261113725104332e-08 6.963492764374009e-08 9.527594283833914e-07 2.7371545231136656e-06 1.1962075089173314e-06 1.1108292469547078e-07 0.0 0.0 0.0 0.0 0.0 0.0 0.0 1.6485293031854629e-07 7.677359701821532e-06 0.0 3.8317109510328864e-07 0.0 1.3021593071873362e-07 1.1222367611751673e-06 1.0754784094909323e-06 2.9015324739632578e-06 4.4883919232237796e-07 2.8345157396546774e-07 5.22646502703033e-07 0.0 2.343313241968574e-07 0.0 0.0 0.0 0.0 0.0 0.0 0.0 0.0 2.0915832337584817e-06 2.6640974256145693e-06 4.819396286975341e-06
0.0011506382769796957 0.0016963905202427732 0.0001510277490944533 0.0 8.077170904153893e-05 0.00020906480403765743 0.000984237611946877 3.8770317690157555e-06 4.090404673887122e-06 0.0008598158111501165 1.1308652324923549e-05 0.0005263271120962623 0.0005148873378536701 2.2839160331820475e-05 2.4077732460497994e-06 0.0 0.0 0.0 0.0 0.0 0.0 0.0 0.0 0.0 0.0 0.0 0.0 0.0 0.0 7.978245418357916e-08 0.00011105831107826823 1.087241528246915e-06 6.764734072999337e-07 0.0 0.0 0.0 2.770115908402163e-06 8.048741685677398e-08 2.4692493048785067e-07 0.0 0.0 0.0 6.982790274952235e-08 1.7167952567706494e-07 0.0 0.0 8.185094105379046e-06 1.2941694709627745e-06 1.0321787775305547e-07 8.209538798519295e-08 0.0 0.0 0.0 0.0 2.8484105140291065e-06 3.203213533002732e-06 4.429514067448308e-05 0.0001318571342091386 2.489685560916844e-05 1.0500599475429776e-05 6.822401348533553e-08 0.0 8.782256305801932e-08 5.41876900077486e-06 1.370087599557465e-06 8.929340223919643e-07 9.900846280031488e-08 9.779893467916064e-08 0.0 0.0 5.91949418624752e-07 1.6277360335544818e-07 0.0 0.00012202271307648105 4.904806956648818e-06 4.567243037076171e-06 3.895795134196358e-07 2.287687983831919e-07 3.7333069116353516e-07 1.1814382267852042e-06 0.0 1.0798205845153538e-07 5.605854989399495e-06 0.0 6.538485925263641e-07 1.5202884159383068e-06 8.56057369607787e-08 0.0 0.0 0.0 0.0 0.0 8.786539550041997e-08 0.0 0.0 1.8727870326286177e-06 2.1522955016284506e-07 0.0 2.0525581336396294e-07 0.00035036408938089346 0.0 4.427670098847447e-06 2.8396927734867364e-07 4.6718785939088554e-07 0.0 6.457930304495207e-06 1.4309542788646359e-06 5.133588374443882e-06 1.5686285894966401e-06 3.286921076479383e-06 0.0 4.316621927276694e-06 5.148223346963549e-06 4.0552440983254295e-06 1.355484371521081e-06 9.269869536460848e-07 0.0 0.0 0.0 0.0 0.0 0.0 0.0 0.0 0.0 0.0 0.0 0.0 0.0 0.0 0.0 0.0 0.0 0.0 1.5977743783346898e-06 0.0 0.0 0.0 2.782668466935856e-07 1.1633477059753384e-06 1.7771631346803862e-06 1.6726440888438953e-06 5.924528927618902e-07 0.0 0.0 0.0 0.0 0.0 0.0 0.0 0.0 0.0 0.0 0.0 0.0 0.0 4.0250109177380885e-07 0.0 0.0 0.0 0.0 0.0 0.0 0.0 1.31861965080384e-07 5.535054204155477e-07 4.5631594363936413e-07 0.0 0.0 0.0 0.0 0.0 0.0 0.0 0.0 0.0 3.448221868456032e-06 0.0 0.0 0.0 0.0 8.582920606440529e-07 0.0 0.0 0.0 0.0 0.0 0.0 0.0 0.0 0.0 0.0 0.0 0.0 0.0 0.0 0.0 7.774321148900138e-07 0.0 0.0
7.108218410453357e-05 0.0018319805464363194 0.0009574447635331015 8.077170904153893e-05 0.0 3.136670632588209e-06 0.002021503208846345 9.428080274611765e-05 0.0036617834253169046 0.00012625299445888306 0.001147798711033409 3.479502617594634e-05 0.0004829525926086711 0.0012363623444593024 3.4014842975003966e-05 3.881881789449942e-06 7.721047575143266e-08 0.0 0.0 0.0 0.0 0.0 0.0 0.0 1.5386286358992966e-07 0.0 0.0 6.879961663548598e-08 7.946742711671614e-08 0.0 0.0001745501000205003 4.454266152700212e-05 2.4953168797088395e-06 0.0 0.0 0.0 1.4793345234269389e-06 0.0 2.4262321234525755e-07 0.0 0.0 0.0 0.0 9.733430578085343e-07 0.0 4.7308730481059716e-07 4.326211889250445e-05 2.0792596153529416e-06 9.330913725612717e-08 1.3647237345186678e-07 0.0 1.366319701228052e-07 3.8327208054497924e-07 0.0 2.28830758308739e-06 3.2605589140500554e-06 9.677666765679775e-06 0.00010807804180073909 1.2808180674814817e-05 3.3188437587604404e-05 3.5249812228430415e-07 0.0 0.0 0.00011586483387691759 1.8814346881047622e-06 1.6315042996737296e-06 1.57328239706863e-07 6.681678325462057e-08 6.551776161677802e-08 0.0 1.5760189174376578e-05 1.0979251295736751e-07 0.0 0.00012490313249056663 3.6851305595075825e-05 3.9167699261988393e-05 3.710908717502238e-05 1.3820657517653058e-05 9.602576140096025e-07 2.624273715089503e-06 4.155635517227363e-07 1.4047141322203398e-06 7.876197853888545e-06 7.158850063004319e-08 6.40117870506282e-07 1.8099671179782715e-06 6.589855312370881e-07 0.0 6.825941174959998e-08 0.0 8.678646894667032e-08 0.0 7.59622452868423e-08 8.482189844137241e-08 9.167431144042592e-08 3.2242394580421316e-05 2.9604723626193096e-06 0.0 1.4672706008208198e-06 8.610592317738049e-06 8.446378690563177e-07 2.0395001715795014e-06 3.8900708773248434e-06 9.433717978476471e-07 3.908852035092373e-07 2.904376945472274e-05 5.442116293458839e-06 1.469724796065706e-05 1.562233972946045e-05 8.610861322840835e-06 2.3762086542017858e-06 3.052335752402071e-05 3.270714129809178e-05 3.053708628047544e-05 1.976009133935432e-05 1.277965000543146e-06 5.898884992414188e-07 0.0 2.255570308424461e-06 0.0 0.0 0.0 0.0 0.0 0.0 0.0 0.0 0.0 0.0 0.0 0.0 0.0 0.0 0.0 7.667933338795644e-06 2.403151237225166e-06 0.0 4.36658707470663e-06 0.0 4.461436028620117e-05 2.5041930954646197e-06 3.0362426011126232e-05 2.063973015715469e-06 3.8891515233246663e-07 0.0 0.0 0.0 0.0 7.711010530258065e-07 3.2931427902051645e-07 0.0 0.0 1.4586411841028762e-06 0.0 0.0 0.0 2.3720498073366597e-07 0.0 0.0 4.2062751128328874e-07 1.0390768266158319e-07 1.2708384213249419e-06 2.221893053383896e-06 1.2294573499644626e-06 2.3283860393224608e-07 4.551078227665286e-06 2.024493727106144e-05 4.3210646114248237e-07 0.0 0.0 0.0 0.0 0.0 0.0 0.0 0.0 6.997618969010168e-05 4.501986098745685e-07 0.0 0.0 0.0 1.3088784144592985e-05 3.522881962876765e-06 5.6495283078907154e-06 1.4431047586981067e-06 2.374065681509242e-06 3.6732016718437126e-06 1.8630170996329494e-07 1.0634616905998404e-06 0.0 0.0 0.0 0.0 8.12101419701874e-08 0.0 0.0 0.0 1.4975884641132234e-05 1.0324122396648734e-05 1.2427250523174982e-05
4.466364769946436e-05 5.04346959272784e-05 4.178371983347832e-06 0.00020906480403765743 3.136670632588209e-06 0.0 4.2325702398369474e-05 2.1937385425614238e-07 8.917450097083822e-06 0.00039790061325154776 2.468720881326018e-06 0.000146655818051535 0.00011145081864494415 2.227564282196442e-05 1.1306174253486113e-07 1.9506159560312848e-07 0.0 2.3433619590483316e-07 0.0 0.0 0.0 9.560428208841954e-07 0.0 0.0 0.0 0.0 0.0 0.0 0.0 0.0 4.370620734353067e-06 1.2712734021420252e-07 5.88359565545565e-06 0.0 0.0 3.2360001879729906e-07 7.607747384208621e-06 1.870078905634837e-07 3.0394346213539113e-06 0.0 0.0 0.0 0.0 5.292316229323078e-07 0.0 6.908234632844585e-07 9.8222116074822e-08 0.0 9.594622654771694e-08 0.0 0.0 4.3058413319323525e-06 2.267623854533765e-06 0.0 1.9355707591709567e-07 8.434288956345866e-07 7.474690198031656e-05 1.3056079283670244e-05 1.9571352298214467e-06 1.743144118472508e-06 7.688558829939198e-07 1.9730777253505473e-06 2.0955251509438301e-07 0.0 0.0 6.222477643356108e-08 9.475848243759786e-08 1.0214248439345653e-07 0.0 0.0 0.00013198470351817674 0.00025493731707687637 7.850126438367642e-06 1.087216668065819e-05 9.857487476113097e-08 8.716831197076818e-07 4.063165314613764e-07 2.221040606986945e-07 3.365743418313879e-07 4.282584388931562e-07 4.348068344030246e-07 3.6080478111364357e-06 4.997095368585218e-07 3.6503513054319437e-06 0.0 4.975812003926007e-06 3.7317000921111685e-07 1.592134636552543e-05 1.0412626299419735e-05 8.707401511883731e-06 6.480971590007288e-06 4.408915819884567e-06 0.0 0.0 7.439181645654442e-07 0.0004805532078709681 0.0004807504349287078 2.64219074039028e-05 3.025638605182403e-05 0.00022919647101125965 0.0 5.585968375975378e-07 3.9493836807560195e-07 3.270035821046192e-07 0.0 4.830202639666803e-06 5.747049965210484e-06 4.068358989428512e-07 1.5351063307394092e-06 3.60100661342398e-06 5.86039023920778e-07 1.6025762785939332e-06 4.863412530296796e-06 2.783023281627634e-06 1.7739068078938183e-07 0.0 0.0 0.0 0.0 0.0 0.0 0.0 0.0 0.0 0.0 0.0 1.2028615987846442e-07 0.0 0.0 8.872838118640772e-08 0.0 0.0 1.5426321186912553e-07 4.859051784900388e-07 2.0606263573337366e-07 0.0 0.0 6.229870821969812e-07 0.0 8.088833852635164e-07 1.1564461598719598e-07 1.174529023418052e-06 0.0 1.158464301076966e-07 2.1164158547343267e-07 0.0 0.0 0.0 0.0 0.0 0.0 0.0 0.0 0.0 0.0 0.0 1.5943431282909535e-07 0.0 0.0 0.0 1.560362482812726e-07 0.0 0.0 7.242041953073892e-07 0.0 0.0 0.0 0.0 0.0 0.0 1.8076028684506893e-07 0.0 0.0 0.0 1.1345824409414543e-07 0.0 1.423865159945508e-06 9.119553589803032e-07 0.0 0.0 1.0080919800756168e-07 0.0 0.0 0.0 0.0 0.0 0.0 0.0 0.0 0.0 0.0 0.0 0.0 0.0 1.864057281637872e-07 0.0 0.0 6.768011020134021e-07 0.0 0.0
0.0007187774324488189 0.002747468186893867 0.00016230216882580307 0.000984237611946877 0.002021503208846345 4.2325702398369474e-05 0.0 1.7710857832882387e-05 0.0008158741208902112 0.0012054952775008025 0.00042855967202035295 0.0003879822640220996 0.0022661331667240157 0.0023693518763875307 2.504691845009716e-05 2.4398676964335905e-06 0.0 0.0 0.0 0.0 1.8545342984135786e-07 0.0 8.173699186453096e-08 0.0 8.042914929999463e-08 0.0 0.0 7.167062026201077e-08 0.0 0.0 0.00018756771492075758 2.005366452574963e-05 5.025471620502027e-07 0.0 0.0 3.247359949808342e-07 1.99232362476507e-07 0.0 2.6030915227815707e-07 0.0 0.0 0.0 0.0 2.0922600213185934e-07 0.0 1.3334942172981855e-07 4.6984952880065627e-05 2.3521846523391345e-06 0.0 1.7947003186984615e-07 0.0 0.0 1.0238409216821458e-07 0.0 4.644006624060952e-06 5.195142157514565e-06 3.0861561663196944e-05 0.00022106898506372088 2.85482594145501e-05 3.8612423500276374e-05 8.895798454213144e-08 2.653611858011154e-07 0.0 9.357483718239544e-05 3.848975096318682e-06 3.1415935055563945e-06 1.9137834319979425e-07 0.0 0.0 7.44721658738317e-08 8.857184494894873e-06 6.454528429403522e-07 0.0 0.00020713181134052422 3.758603999320215e-05 3.4557738876612436e-05 2.635366902852588e-05 8.884706256467944e-06 9.331349285246587e-07 2.010542835841068e-06 3.3550711822959484e-07 1.2265375870527893e-06 9.748421106905799e-06 0.0 1.6475009266313026e-06 4.082578009733041e-06 4.805766333340654e-07 0.0 5.11816098968112e-07 0.0 0.0 7.421469490144464e-08 2.0712997389265627e-07 0.0 1.0238629890722342e-07 5.83115227801659e-05 2.6056491212341105e-06 0.0 7.696448946883796e-07 5.149817135874765e-05 2.126453418142901e-06 7.083890647951472e-06 1.8062994839812984e-05 6.797115387395593e-06 1.683107673468003e-06 5.320211498958483e-05 1.2640534199820691e-05 3.428117836975472e-05 3.3663020693673154e-05 2.672340763093038e-05 5.195956775822606e-06 4.222064536041545e-05 3.953160025590016e-05 4.372013575560163e-05 3.015261026100894e-05 7.391412378389187e-07 6.934477643426121e-07 0.0 8.33806060484814e-07 0.0 0.0 0.0 0.0 0.0 0.0 0.0 0.0 0.0 0.0 0.0 0.0 0.0 0.0 0.0 7.892028450867743e-06 4.253456103272044e-06 0.0 2.5317423930405693e-06 0.0 5.080847552703801e-05 7.177926176160676e-07 4.0124687899652846e-05 1.4526857019827606e-06 0.0 1.500301920442004e-07 0.0 0.0 0.0 6.125132476922313e-07 1.0761075953994751e-07 0.0 0.0 2.586557175026831e-06 0.0 0.0 0.0 1.413105944646317e-07 0.0 0.0 0.0 1.3159589626694066e-07 6.419547335281214e-07 3.874422288079143e-06 1.582136051028314e-06 5.684075048247463e-07 6.628294667987089e-06 1.2621986588598266e-05 2.798477882838172e-07 0.0 0.0 0.0 0.0 0.0 0.0 0.0 0.0 7.289136355536056e-05 0.0 0.0 0.0 0.0 6.6910042456869946e-06 2.737081851459913e-06 8.351291681362972e-06 1.2180530554123927e-06 3.5445964917798543e-06 1.1069885563847113e-06 2.95609524153124e-07 2.7721448541872343e-07 0.0 0.0 0.0 0.0 7.367496030419986e-08 0.0 0.0 0.0 2.2800842304644356e-05 7.297035318127647e-06 6.597822659151446e-06
0.00017584298431922284 0.0010182948283505092 0.003556594844048499 3.8770317690157555e-06 9.428080274611765e-05 2.1937385425614238e-07 1.7710857832882387e-05 0.0 9.10280702671067e-05 2.4801308796351973e-06 0.002227153633607191 6.009084660174432e-05 0.0002332804003652566 0.0013706393452301373 2.7922623624520362e-05 1.1680140443278797e-05 7.451757043333941e-07 4.336827366252853e-06 1.1731693827802245e-07 4.730112006526982e-06 1.7317541502389048e-05 6.336206544592619e-06 9.561583931119079e-06 1.3757497011527658e-05 3.227701296744376e-05 2.7269583711400608e-05 6.753913400621685e-06 1.0686398133309846e-05 1.6589104908278915e-06 4.778031060724466e-07 0.000828038977881557 0.0013341333157637972 0.0004785149813495572 5.819672889824265e-07 1.0156435211540436e-05 2.6632224379212833e-05 3.145180598403018e-05 3.2650994821465806e-05 1.5518062713452625e-05 2.093515462272749e-05 3.4310948647644246e-05 2.1414761954995943e-05 1.0708737265821894e-05 1.3790189837884648e-06 0.0 5.6165598682726e-07 3.223015565014725e-05 5.018209700653958e-07 2.181009203733363e-06 3.0641761450082145e-06 3.862370098571687e-06 1.2286913522667153e-05 1.0342816611311047e-06 3.3767699927056055e-06 5.9180823556292e-07 1.4143922202561137e-06 8.217758973679248e-06 8.806512914235335e-05 9.596563771138349e-06 1.9142818282236238e-05 1.128298052210217e-06 2.1705728795712242e-05 6.329276334999492e-07 0.0003572872676523692 7.754785298450276e-07 8.365180462571902e-07 5.695347384630278e-07 1.1384513850059728e-06 5.543883571927381e-06 7.459904534781461e-06 1.3493328610366204e-05 9.053080521222384e-07 7.405979870518179e-07 5.991577944830966e-05 3.4756378488491413e-05 3.478145966907282e-05 0.00015800419453049582 0.0004218357211853816 0.0008277217023646999 0.002072957766685611 1.2340346940297963e-05 0.000961367722750242 2.50375871155235e-06 0.0 6.285378025598837e-07 1.3224072108160607e-06 4.0857103491398884e-07 0.0 6.176857595181248e-07 2.622620198314983e-07 3.7503149244625844e-06 5.51773787491853e-07 1.7705334081764254e-05 1.9443577436864054e-05 2.4809074708860558e-06 9.377728849577023e-07 2.256664784650078e-06 0.0 1.243928171851515e-05 2.587744396393038e-05 8.694643340744359e-08 0.0 0.0 0.0 0.0 4.5131830683590737e-07 0.0 3.403725617194767e-07 4.855926535999207e-07 0.0 0.0 4.774613388757909e-07 0.0 0.0 2.056250381820562e-07 7.049736465964632e-08 8.462440735876611e-08 0.0 1.0712642253290227e-07 1.7617400789848596e-07 0.0 1.5621287181275994e-07 1.0729949237047761e-06 0.0 0.0 2.144817797675499e-06 0.0 0.0 0.0 0.0 3.1612696105494895e-06 0.0 1.5001932053844404e-06 0.0 0.0 5.714685653557411e-07 0.0 1.0428947383334364e-06 0.0 5.428733398123675e-07 2.2357379711330142e-07 4.125458300988327e-07 7.571118531332977e-07 2.3670177791689785e-07 1.1540109570529691e-06 1.0219623175287268e-06 1.5114047117403168e-07 0.0 7.800853145822364e-08 0.0 1.3840064189460121e-06 1.884113042209949e-07 1.0369967037796483e-07 0.0 0.0 5.649609704001697e-07 9.401340052570165e-08 5.80704885947579e-06 0.0 0.0 0.0 0.0 0.0 0.0 3.1157638425144464e-07 5.106148129568623e-07 4.7217614468559183e-07 1.0560909049606687e-07 0.0 0.0 0.0 0.0 1.3983508194081592e-07 0.0 1.4897867487715583e-07 1.7370444989131985e-07 2.10738256860172e-06 1.5590037104000818e-07 7.233537446224926e-07 2.4533651251409177e-07 4.4805983360374643e-07 3.8605671385374065e-07 5.709369703695944e-07 1.7911085193478208e-07 7.213094843098735e-08 3.9942808108785367e-07 3.483657080525516e-07 1.210101993883366e-07 0.0 0.0 0.0 0.0 0.0 0.0 0.0 0.0 5.003000746877019e-07 0.0 4.5154456390706854e-07 5.658576721641282e-07
3.36609835962183e-06 0.0005008131288757821 0.0004016769615403567 4.090404673887122e-06 0.0036617834253169046 8.917450097083822e-06 0.0008158741208902112 9.10280702671067e-05 0.0 3.0537398962128446e-05 0.0012933437754640198 6.813338187013546e-06 0.00030322125707680413 0.0008379547657381841 1.4769145109310595e-05 2.645750904991654e-06 9.488259643349015e-08 0.0 0.0 9.243919370998598e-08 7.648781696077638e-08 0.0 0.0 0.0 8.602054360102145e-08 0.0 0.0 0.0 0.0 0.0 1.8756917613771264e-05 8.588328588171473e-06 4.882588163764847e-07 0.0 0.0 0.0 1.1374156767724837e-06 0.0 2.5095070978487644e-07 0.0 0.0 0.0 0.0 0.0 0.0 8.923830671900875e-08 1.2379402844322817e-05 2.8413640466721323e-07 7.069281782480734e-08 0.0 1.576873955245608e-07 1.259546694579688e-07 0.0 0.0 7.645539477950307e-07 8.975878902573698e-07 1.1036251786388496e-06 1.6395214476096633e-05 2.3617719445204453e-06 1.221066824199973e-05 0.0 3.5180018982336135e-07 0.0 1.8885835270490502e-05 9.415705561757093e-07 3.856820083641747e-07 9.285044906805332e-08 0.0 7.833786012325309e-08 1.2547979851716363e-07 9.29414656567116e-06 0.0 0.0 2.4509919232469974e-05 9.760780515482803e-06 1.2114340707833445e-05 8.853354578758227e-06 6.711127673559334e-06 1.319000964451749e-06 1.0146873899791884e-05 8.768690890239238e-08 1.3077316246516856e-07 1.6904898726507371e-06 0.0 1.971438467968804e-07 5.367349515868647e-07 7.469341256216139e-08 0.0 0.0 0.0 0.0 8.13639987079663e-08 0.0 0.0 0.0 1.9376619476576944e-05 6.310149816547742e-07 0.0 1.1392071750284695e-06 9.64070732400672e-07 1.0661930848226792e-06 2.7655607107112915e-06 2.5307371510699526e-06 3.1604503074430612e-06 1.2485192097573863e-06 2.6208682398779757e-05 5.753309790404229e-06 1.284264379423355e-05 9.631354549094495e-06 7.40074212121667e-06 1.7323989153630888e-06 2.3731486150412506e-05 2.2058744940934854e-05 1.9081994314784634e-05 1.3826064209104914e-05 9.957315043051565e-07 1.8166373182462161e-06 0.0 1.239076718242841e-07 0.0 0.0 0.0 3.888212996018347e-07 0.0 0.0 0.0 0.0 0.0 0.0 0.0 0.0 0.0 0.0 0.0 5.677888232350597e-06 1.5026805077438005e-06 0.0 1.1858742665989408e-06 0.0 3.418763728975835e-05 1.6474426228984742e-06 1.872374328419775e-05 1.4124400279890266e-06 1.2374349285376443e-07 0.0 0.0 0.0 0.0 9.634537498794355e-08 4.522801074006261e-07 0.0 2.3783757924952788e-07 1.7650309056637998e-06 0.0 0.0 0.0 0.0 0.0 0.0 0.0 0.0 1.6606464709068469e-07 1.6656072563747245e-06 4.814367972882056e-07 4.5481223791444115e-07 4.708672735153864e-06 7.12507956419662e-06 1.5873335363869244e-06 0.0 0.0 0.0 0.0 0.0 0.0 0.0 0.0 4.5223732054004754e-05 0.0 0.0 0.0 0.0 1.105656896112234e-05 4.270648909388571e-06 5.50828620674614e-06 5.549532220855806e-07 1.6531769125943346e-06 1.8417188666174664e-06 1.585102860892134e-07 1.4525727603567677e-06 0.0 0.0 0.0 0.0 0.0 0.0 0.0 0.0 9.08824235691646e-06 4.791355664385484e-06 7.294461952946943e-06
0.0014468972549503464 0.001398605657415324 1.0275148919141576e-05 0.0008598158111501165 0.00012625299445888306 0.00039790061325154776 0.0012054952775008025 2.4801308796351973e-06 3.0537398962128446e-05 0.0 4.200526594493894e-05 0.001610114523219694 0.0046644261834718065 0.00024044108552468557 1.7349284412013525e-06 2.778468668782893e-07 8.998185114880858e-08 0.0 0.0 0.0 0.0 0.0 0.0 1.0531110837777743e-07 0.0 0.0 0.0 0.0 0.0 0.0 4.4134956805970657e-05 1.5924432224738237e-06 9.076648777215638e-06 0.0 0.0 0.0 2.7596779569207383e-05 0.0 9.093955176127047e-08 0.0 0.0 2.4271440010692246e-07 0.0 1.625005103590943e-07 0.0 0.0 9.709226329056934e-06 5.133674244326297e-07 0.0 0.0 0.0 0.0 0.0 0.0 1.7934752589934643e-06 2.335658950660184e-06 3.8417247377330414e-05 8.356920558874572e-05 1.5888698717024703e-05 8.855844184326063e-06 0.0 3.3654361630682785e-07 0.0 8.71658404833717e-06 1.9872356804838147e-06 9.261343926916445e-07 2.6500377246312673e-07 9.910005452786398e-08 0.0 0.0 0.00011071242966393353 3.9588024287235246e-06 0.0 7.839263749920436e-05 5.65687679702482e-06 3.6809932693473153e-06 8.453652126453614e-07 8.744884035112664e-08 6.810925702753532e-08 3.894688750021171e-07 0.0 7.946919612552813e-07 4.150196683355681e-06 0.0 6.139733612777178e-07 1.304594666769207e-06 0.0 0.0 1.2757258297061057e-07 0.0 0.0 0.0 0.0 0.0 0.0 4.658079870562989e-05 1.574093125245499e-05 0.0 5.158022679028636e-06 0.00031347278852243736 2.970248065694846e-06 4.311383182530895e-05 3.100529049994278e-05 1.8753856257802527e-05 1.8134989012630815e-06 0.00010347219645906186 5.723849450817299e-05 5.301032321443467e-05 4.434135414251239e-05 8.327030227750701e-05 1.0884936832099226e-05 7.690873061255115e-05 0.00010453130143789477 5.157169557345431e-05 1.5695619267457505e-05 8.275511853804852e-08 0.0 0.0 0.0 0.0 0.0 0.0 0.0 0.0 0.0 0.0 0.0 0.0 0.0 0.0 0.0 0.0 0.0 0.0 6.378782293806005e-06 5.680297304003292e-07 0.0 0.0 0.0 3.2395577732220486e-05 0.0 1.0456144507070133e-05 1.2978233665020816e-07 0.0 0.0 0.0 0.0 0.0 0.0 0.0 0.0 0.0 3.1329835214062805e-07 0.0 0.0 0.0 0.0 0.0 0.0 0.0 7.882223330634764e-08 4.4288928734319956e-07 2.989253665701728e-07 1.127508965148988e-05 0.0 3.411794082062537e-07 4.552569464711876e-06 8.5218315589875e-08 0.0 0.0 0.0 0.0 0.0 0.0 0.0 0.0 5.365628586232079e-05 2.3572852763256776e-07 1.2999573916517587e-07 0.0 0.0 7.959260263848243e-06 1.0573050937628445e-07 1.684626223431832e-06 0.0 2.5662755191440865e-07 2.7551003879609645e-07 0.0 0.0 0.0 0.0 0.0 0.0 0.0 0.0 0.0 0.0 2.4077434924550974e-05 1.6343953810076297e-06 1.1506728784242688e-06
2.837828970160964e-05 0.001020001845064385 0.0020570801833612084 1.1308652324923549e-05 0.001147798711033409 2.468720881326018e-06 0.00042855967202035295 0.002227153633607191 0.0012933437754640198 4.200526594493894e-05 0.0 9.698959956959853e-05 0.0017631023994720693 0.0025846804282301664 4.047389641921454e-05 9.698987482109914e-06 0.0 0.0 0.0 1.7933209862311179e-07 8.99766176803396e-08 4.680587495436507e-07 0.0 1.499384495831124e-07 6.772144495529886e-07 8.071705277094213e-07 3.159845202724687e-07 1.110958516037629e-07 0.0 0.0 8.970533475864304e-05 4.6120322606758275e-05 2.1820075077406532e-05 0.0 0.0 0.0 3.2780801444303786e-05 6.622269836380417e-07 6.394126184246926e-07 5.009428447027656e-07 1.9837659994170122e-07 2.6542627857253404e-07 2.525231922089076e-07 4.3592401109959386e-07 2.471997177291812e-07 2.1338556648863027e-07 3.9401956992042236e-05 9.414001911007557e-07 0.0 7.244252671448138e-08 0.0 3.0673947160579695e-07 8.412833725305651e-08 2.7168164808287053e-07 1.4401790387969784e-06 1.1976770222463003e-06 4.535849238386363e-06 3.900357307835407e-05 5.215824258145971e-06 2.543451387603288e-05 1.3839981527187416e-07 1.8291633115010213e-07 8.399009048056128e-08 4.814720039399955e-05 1.5630060596758279e-06 1.084653837350678e-06 1.977436336360045e-07 0.0 4.010731507548554e-07 1.9009156112530661e-07 2.0628284187793794e-05 0.0 0.0 6.405074569534445e-05 2.5066636971508084e-05 4.114035462593373e-05 3.282376381901499e-05 1.9095353436426054e-05 4.763896879284946e-06 0.00040762375543958656 9.430151261186691e-08 3.032549423207222e-05 3.34605340965916e-06 0.0 4.4234492221164123e-07 1.298610925125227e-06 3.5487385167820445e-07 0.0 6.59960150181951e-08 0.0 0.0 1.7439426685853066e-07 9.995654058365626e-08 0.0 1.1974366384278776e-07 1.7411403482030955e-05 3.596641846456755e-06 0.0 2.7267473731265042e-06 6.267520502663989e-06 9.079647428032209e-07 8.516866155043992e-07 2.27440694819297e-06 2.74215207550634e-07 7.899360769307799e-07 2.1388514169175893e-05 5.37474028274573e-07 1.5805409230003395e-05 9.158656040344678e-06 4.40145450368196e-06 3.154418035628912e-06 1.608383561910384e-05 1.9925746690622944e-05 1.6092522007070132e-05 1.2531934839292817e-05 1.422331922505653e-07 1.503550975842657e-06 0.0 0.0 0.0 0.0 0.0 0.0 0.0 0.0 8.156246654390438e-08 0.0 9.454664152209267e-08 0.0 0.0 0.0 0.0 0.0 0.0 3.596632585388128e-06 2.6397674226093613e-06 0.0 1.0732731295827684e-06 0.0 2.825447228902843e-05 2.873228568115756e-06 2.5802736298004786e-05 1.4821356228674848e-06 7.333483308844691e-08 0.0 0.0 0.0 1.1058855245234277e-06 5.280506497727541e-07 4.840797832758354e-07 0.0 5.746640681447105e-07 7.683469342146506e-07 0.0 0.0 0.0 3.4615772699937096e-07 8.584212332575088e-08 0.0 4.452717937170068e-07 0.0 6.300501121552045e-07 7.56673260740624e-08 6.18730668526826e-07 7.305243802394329e-07 4.3229522776785974e-06 1.2655838019257645e-05 7.631286838037272e-07 0.0 0.0 0.0 0.0 0.0 0.0 0.0 0.0 4.447121883393888e-05 7.734844457128222e-07 0.0 0.0 0.0 8.22600093887958e-06 5.084674219628277e-06 5.911587832286118e-06 5.040116167616083e-07 3.7456092464652045e-06 1.2249648815431204e-06 1.302645272116601e-07 2.839643212299161e-07 0.0 0.0 1.024801034031229e-07 0.0 0.0 0.0 0.0 0.0 1.0613548264279964e-05 6.9024496303569134e-06 9.720319642230322e-06
0.00018502986962819592 0.00021410030584165392 0.0001622738980330994 0.0005263271120962623 3.479502617594634e-05 0.000146655818051535 0.0003879822640220996 6.009084660174432e-05 6.813338187013546e-06 0.001610114523219694 9.698959956959853e-05 0.0 0.0014077604467424606 8.509330037624191e-05 2.51828528917249e-05 1.3044520559592947e-05 0.0 1.571228320987961e-07 0.0 3.278643851689643e-07 0.0 1.3036802930051532e-06 0.0 1.1095311297180982e-07 2.1572681407818238e-07 0.0 0.0 0.0 0.0 0.0 2.2798859941552135e-05 6.324426471328187e-06 2.8686550303737457e-05 0.0 1.035979071512138e-07 1.2055094444215667e-07 0.00014969871418419787 3.15710640447042e-06 2.8612027810949673e-06 1.1695279257725436e-06 5.370484532303145e-07 4.1423669864427975e-07 2.1105963945596726e-07 2.695779131392929e-06 0.0 2.7256254694261566e-07 2.300864207809027e-05 4.480113999030419e-07 0.0 1.3146759790800983e-07 0.0 3.091819337520187e-07 7.72857219340285e-08 8.082546515555907e-07 1.0579379696284174e-06 4.3817026038361874e-07 5.677082091296782e-06 2.5860128605417426e-05 4.122677610868942e-06 1.0935003447318182e-05 2.704742061138941e-07 1.2583054099165683e-06 1.9440163593529386e-07 9.674720582193413e-06 7.655497116407239e-07 4.818468106019128e-07 2.4778405136590213e-07 7.818146503267989e-08 0.0 0.0 0.00014501056876441902 5.969954589822056e-07 2.1054699469032533e-07 3.356112783607872e-05 7.049896725863142e-06 1.6118468850365186e-05 9.323742462944253e-06 7.086070164483175e-06 5.91453354548384e-07 6.279351318866942e-06 0.0 2.1403231345738313e-06 2.1431696168682553e-06 0.0 2.086139998467465e-07 2.6525973610012525e-07 7.645146606054638e-08 1.9683404113980326e-07 0.0 1.142658141019088e-07 7.544665096731203e-07 3.3615568847123364e-07 0.0 3.593102773698005e-07 1.5942704144318104e-07 0.00021116030148377686 3.290981616136337e-05 0.0 8.08079836163342e-05 4.288738195389287e-05 3.5595083015169797e-06 1.559906372168166e-05 1.37754163593308e-05 1.3956645903799689e-05 3.579557242903759e-06 9.305513051428209e-05 3.3249114107508306e-05 5.950032054786828e-05 5.456329751695784e-05 5.165774659537689e-05 9.18679785940318e-06 9.748571933899445e-05 7.641285037683642e-05 6.408856499950457e-05 3.057304250000731e-05 9.758066889729532e-07 1.728868784117864e-06 0.0 1.349528949694381e-07 0.0 0.0 0.0 0.0 0.0 0.0 1.8685133268068854e-07 0.0 0.0 0.0 0.0 0.0 0.0 8.212474484922012e-08 0.0 1.5810716497613016e-05 3.575529721127024e-06 0.0 3.846065221527158e-06 2.0758728739085578e-07 7.45409151876706e-05 3.5272985460053064e-06 3.528088910081076e-05 2.174235775108669e-06 9.265160741293881e-08 0.0 1.501138069528734e-07 0.0 0.0 3.346744842489907e-07 1.735151701689761e-06 0.0 7.832990742174316e-08 1.005949019441756e-06 0.0 0.0 2.761966602122835e-07 1.0141768518654852e-07 0.0 0.0 0.0 0.0 2.2480652011141447e-07 1.5446891551786278e-06 3.89157715757861e-06 1.0896289847101383e-06 5.776282425833375e-06 2.172023201506027e-05 8.597529942199908e-08 0.0 0.0 0.0 0.0 0.0 0.0 0.0 3.857813417662793e-07 0.0001288147656137149 1.1408576590441869e-07 1.2014492858189985e-07 0.0 8.660806073008287e-08 1.732474562496898e-05 3.2027982862205568e-06 6.078278584291811e-06 8.907271025028972e-07 5.539566943223124e-06 1.603033785031062e-06 2.280748452876749e-07 5.014300516763906e-07 0.0 0.0 0.0 0.0 0.0 1.316816154158161e-07 0.0 0.0 3.828114353532236e-05 1.0723414202558774e-05 1.2638935061677649e-05
