0.0 0.00200677599474659 0.0005088922550040702 0.0013153690702820235 3.896917040966603e-06 2.3342055236788587e-05 0.0003836221885136348 0.00019343315256981685 1.5505627791234265e-06 0.0014498553233343499 2.0966349045359858e-05 0.000215775980370141 0.0001206948876376377 3.692220423203292e-05 1.4827413326306275e-06 1.7607743027302293e-06 2.7218849448520254e-07 2.1513185806121199e-07 0.0 1.299203633271055e-07 0.0 0.0 8.384662007633735e-07 9.875719061912209e-07 1.210714749527298e-07 4.2648069593203326e-07 0.0 0.0 0.0 2.5756616403222013e-07 0.0011458694779011385 1.2095393995663259e-05 2.7801185920693334e-05 0.0 1.461454694901399e-07 8.098550946723785e-07 1.685732314459684e-05 1.236670731718024e-06 5.536527903448274e-07 4.832310867346028e-07 1.1046345338888046e-06 2.556718265676747e-07 8.244268949603097e-08 1.986708873426991e-07 8.128923484148059e-08 0.0 9.434527510526932e-06 1.2792408239144858e-07 0.0 0.0 0.0 7.800695428513554e-07 2.0479585249595507e-07 0.0 4.955751045116079e-07 9.455968533167647e-07 0.0001504886153474521 0.000398477908262384 8.180945905084515e-05 2.997852768789073e-06 8.036063316033378e-07 1.3800454240612087e-05 1.2325175238609111e-07 7.529415092972318e-06 5.219656645754677e-07 6.911228295816276e-07 0.0 2.9308486956626255e-07 2.689184078653877e-07 1.1087749691543082e-07 5.274637724838113e-05 1.691207418983264e-05 1.0550951476001444e-06 0.00010157626256942268 2.5798140553295876e-05 6.3156170411486336e-06 8.623262982119455e-07 3.4516078841699734e-07 1.2059920567582442e-05 0.00011384116614948894 4.1663576949267905e-07 2.5813560498482786e-05 2.6868770902575223e-06 0.0 5.136247865900723e-07 1.0908285025336327e-06 3.786352202330817e-07 3.878781938062623e-07 2.490471749589796e-07 2.7552366332490513e-07 1.9319674438832247e-07 0.0 0.0 7.43833001851414e-07 1.0847708669964147e-07 0.00014852103934832303 2.021546512477895e-05 6.868102609066015e-07 1.0907473590104666e-07 0.0008602582034129177 5.614584519256781e-07 3.5694441130747586e-05 9.578148264408948e-06 3.017161295879377e-06 2.6770485480610684e-06 9.434344759653488e-06 4.282291358656315e-06 1.3513845938360984e-05 9.43030674897323e-06 7.826414840954115e-06 1.6306741345299108e-07 1.6040760745544154e-05 1.731293708067439e-05 1.476733502951022e-05 8.372002530570155e-06 0.0 1.0868494777640554e-07 0.0 0.0 0.0 0.0 0.0 0.0 0.0 0.0 0.0 1.3124582616969187e-07 0.0 0.0 0.0 0.0 0.0 0.0 0.0 5.8543029175620024e-06 6.18663376951945e-07 0.0 0.0 1.1410284651158999e-07 6.2351249728799675e-06 2.191792537623453e-07 1.0756604502524599e-06 0.0 0.0 0.0 0.0 0.0 0.0 0.0 3.1817717280310054e-07 0.0 0.0 0.0 0.0 0.0 0.0 1.6749036816355164e-07 0.0 0.0 0.0 1.9454493163538203e-07 9.325803500237388e-07 0.0 7.700919000901453e-06 1.6897026732433438e-06 8.903155939452711e-07 5.547887087188028e-06 1.059944059673092e-06 0.0 0.0 0.0 0.0 0.0 0.0 0.0 1.4425181744846727e-07 3.853534478813573e-06 0.0 0.0 0.0 0.0 5.993269195386374e-06 4.861484244273227e-07 4.937405003323011e-06 6.579580441389098e-08 8.74292977516296e-07 0.0 0.0 9.006206763939997e-08 0.0 0.0 0.0 0.0 0.0 0.0 0.0 0.0 3.0237800554876084e-06 1.9027984562986523e-06 3.634316208672317e-06
0.00200677599474659 0.0 0.0011719278255396142 0.0013149702284593813 0.0021492072218488676 9.410450422696184e-05 0.002749501028780189 0.0009880746432002427 0.0012909349013550436 0.0006256819661628563 0.001098682995663253 0.0002993505013271814 0.0009865904080477762 0.0019316272972531088 1.8866006293068933e-05 7.46779361930311e-06 7.646744640153999e-07 6.317020905822894e-07 1.992745735378682e-07 6.792085653552283e-07 2.153491173400581e-07 2.3875028331357993e-06 2.7251140774551935e-07 2.3212502668738753e-06 6.112787561424907e-07 1.4966094870242467e-06 2.740657820557884e-07 1.6069712229997512e-07 9.105856045609205e-08 4.748473236854291e-07 0.002463695079472698 0.00010729459317581206 0.00029362179868439167 7.83981870702931e-08 1.6333686372923389e-07 1.381638822659113e-06 0.00012724049846213825 4.9013167904689735e-06 3.456089877516054e-06 9.86458832170721e-07 9.468636795507087e-07 9.641552773413137e-07 2.521474810150948e-07 1.2383128796996322e-06 4.971988449347195e-07 9.781672255449094e-07 0.00013621926525064318 7.925275609514277e-06 4.7330867455760587e-07 7.202748727219128e-07 9.145862465134074e-07 1.3519385137172836e-06 6.495865791578181e-07 2.0873496456440404e-07 9.416969935708683e-06 6.476535014606932e-06 0.00013410186464294242 0.0005073169168704732 0.00011457584310784117 6.134070207224963e-05 1.51692882831492e-06 2.8541039093721414e-05 2.049133886783611e-06 0.00031536537863331905 8.006753052249767e-06 6.7157724174112035e-06 8.258403226017662e-07 8.7552107735793e-07 1.627580155454159e-06 3.703830649660793e-07 0.00011191072540596749 7.4852195995204e-07 4.176022025620386e-07 0.000358818939866462 0.0002485248011250834 0.00015583092996507636 1.3515428151384851e-05 5.233476438292141e-06 1.7992463042953925e-05 0.0005237080359331253 1.975321593940059e-06 3.9664018281889876e-05 3.442361761605941e-05 0.0 8.39483906099856e-06 5.660720392136601e-06 2.5218593455637662e-06 0.0 1.2205683360210246e-06 2.1060974770526267e-07 8.644678887966241e-07 0.0 5.800166255072549e-07 9.541768582068887e-07 7.2205140972081e-08 0.00012615387866694256 2.351730428870378e-06 1.08241223462284e-06 1.0147711466140368e-06 0.0003952907971560803 4.471965306284126e-06 1.876665780659118e-05 1.1601278901186037e-05 2.1595285230570075e-06 1.2258858684167652e-05 9.751552817011181e-06 2.8299168428052155e-06 4.258489308616339e-05 2.112601923943135e-05 2.431985649265368e-05 6.425667008576108e-06 4.885621377783874e-05 3.959440451390028e-05 4.9342286298273517e-05 2.4576289817442367e-05 0.0 0.0 0.0 0.0 0.0 0.0 0.0 3.730292849596064e-07 0.0 0.0 2.1696046083601946e-07 0.0 0.0 0.0 7.367804222895721e-08 0.0 0.0 1.078395775219444e-07 8.257413910369321e-08 1.830053262077351e-05 1.6332348348388545e-06 0.0 1.0490955291547416e-07 0.0 2.0631294546986685e-05 1.101963381638281e-07 3.698206346372449e-06 8.730216960336792e-07 8.860970270628788e-08 0.0 0.0 0.0 0.0 0.0 0.0 1.4820044634988013e-07 0.0 2.426164057548072e-07 0.0 0.0 2.1066568216604127e-07 3.8779603532999677e-07 1.201592693775715e-07 0.0 0.0 9.581664081719251e-08 1.1147892978290565e-06 3.7527423401819244e-06 9.278392753995477e-06 8.989410608255503e-07 7.389860669598296e-07 1.498794509033821e-05 2.4771922152693544e-06 0.0 8.23361457829466e-08 0.0 0.0 0.0 0.0 0.0 0.0 2.5962669848514946e-05 7.749193083385819e-07 0.0 9.358227429232531e-08 2.497689120627696e-07 1.4930005714931984e-05 6.577035808974037e-07 9.985312484981603e-06 1.6917927187098717e-06 1.303569566071087e-06 9.836485193052177e-08 0.0 1.3586023266981883e-06 0.0 0.0 0.0 0.0 9.175332880608142e-08 0.0 0.0 0.0 1.3411040363450047e-05 1.0739209603598345e-05 9.078427280792489e-06
0.0005088922550040702 0.0011719278255396142 0.0 0.0003124189718863513 0.00011387605956482609 1.553149311965947e-05 4.90974795446416e-05 0.002698888274991685 0.00014793779208755476 6.721136187511255e-06 0.0009586416007707919 0.0001457491748307047 0.00024696767677302744 0.0012269225523151308 5.6276420424724995e-06 5.102769097466848e-06 4.7096493035969965e-07 1.870333738051979e-06 0.0 1.5929692529714389e-06 1.6680368450815836e-06 1.1125130282404885e-06 2.802269955340452e-06 8.43949267396305e-06 1.2193972449087102e-06 6.197119170908547e-06 2.923614195643511e-06 2.0035906410645327e-07 2.289652799688754e-07 1.7764644165692736e-06 0.002209092639014071 0.0003057092761381432 0.00034608308317958064 0.0 1.3562043813684995e-06 5.929857970556154e-06 0.0001523960599163312 9.687900006980735e-06 8.597354682952615e-06 3.076226425629247e-06 8.715334254870026e-06 2.3548138300258344e-06 6.136634939006706e-07 5.456204185582121e-07 1.6268466409400467e-07 1.591436271763525e-06 1.91340505429192e-05 1.1891285885932844e-06 4.854118584633051e-07 5.04944070671887e-07 8.361788721403778e-07 1.404643993476633e-06 1.3781703127082441e-06 8.062772268202837e-08 9.754760642189856e-07 7.647941230315301e-07 2.2143291586376492e-05 9.891134818769923e-05 1.715123114112722e-05 4.864636220668981e-06 2.7368273743771835e-06 6.873034282655543e-05 2.844150123281265e-06 9.950543610321345e-05 8.098707407675698e-07 4.878362452984314e-07 2.33551945296349e-07 4.497264435872814e-07 1.246935440123307e-06 2.3383151346869024e-06 0.00010525323943837911 3.2038886171678667e-06 9.09568384292933e-07 4.1118225862355045e-05 3.062536554997312e-05 1.8499530243927162e-05 3.957485283304588e-06 2.370716088834597e-06 0.00010702383532362735 0.0014417540718610516 2.0659859176134423e-06 0.00017800640942476495 3.059108022335496e-06 9.059076593604907e-08 7.75753975451261e-07 1.2241000169164637e-06 6.110902318994634e-07 1.0397256007661984e-07 1.0192082579431607e-07 0.0 2.197306632822586e-07 2.1892455984968014e-07 1.8478094045608977e-06 3.81849275510231e-06 0.0 9.026406946441424e-05 4.381534678857325e-06 1.3640553863086234e-06 1.3014971900153465e-06 0.00011931709546086527 4.233224320995439e-06 7.907985211213698e-06 3.4533280780906105e-06 1.3822390026526644e-06 4.485201797366279e-06 3.1035982673945085e-06 1.3387060033602754e-06 2.0731032380018566e-05 3.909366943396239e-06 5.841042344410838e-06 2.671943195565251e-06 2.696015328579506e-05 2.0842386740125894e-05 2.2827018426355822e-05 1.7077382817448615e-05 5.01152047715687e-07 2.6733405289504064e-07 0.0 0.0 0.0 0.0 0.0 1.0661099656617854e-07 0.0 0.0 9.871069390405281e-08 2.3335651409975796e-07 0.0 0.0 2.188349473996734e-07 4.045497013869847e-07 1.9933995233496068e-07 2.328812590153693e-07 1.286070667405104e-07 1.8433499668998144e-05 3.4227723020881556e-06 5.158328038779662e-07 0.0 0.0 1.7116515942327568e-05 5.411313534934545e-07 3.3527604352215995e-06 1.3487563391715024e-06 3.14465640900216e-07 3.977515587042309e-07 1.2101599524366484e-07 0.0 0.0 0.0 6.496031479376459e-07 1.5196655504900673e-07 0.0 7.219819447488992e-08 0.0 0.0 1.1104448965340758e-07 2.82996202798998e-07 2.0432030083436189e-07 0.0 6.851527238633798e-08 0.0 4.824535008478932e-07 1.4692031368535854e-06 6.98177531318133e-07 0.0 1.0165641073994617e-07 8.459096473318205e-06 4.060578030627391e-07 0.0 0.0 0.0 0.0 0.0 0.0 0.0 0.0 1.922621550770399e-05 9.731865936495122e-08 0.0 4.2032497901796753e-07 1.1320018413181377e-07 1.1469297148340962e-05 3.2456850382967187e-07 9.874067528909723e-06 1.5706479628251987e-06 1.3831059966806393e-06 5.134495226433909e-07 9.053360562282489e-08 9.390506364927665e-07 0.0 0.0 0.0 0.0 0.0 0.0 9.570129205643516e-08 0.0 7.083066189221364e-06 7.2509528174832195e-06 1.3310244599985897e-05
0.0013153690702820235 0.0013149702284593813 0.0003124189718863513 0.0 3.7359608090489178e-06 8.939229914623753e-05 0.0007492343319385827 3.678476020591226e-06 2.868239178331752e-06 0.0009453749931171135 1.125257050238241e-05 0.0005869656462605829 0.0003416652943100844 3.8971658843996134e-05 9.254459019722313e-08 0.0 2.1049841262267358e-07 0.0 0.0 0.0 0.0 0.0 0.0 0.0 8.805860294478832e-08 0.0 8.237249955762019e-08 0.0 0.0 9.612891684177269e-08 0.00019573325617681136 1.9850932921723073e-06 9.540082178177749e-07 0.0 0.0 0.0 8.226733525806722e-07 0.0 2.6655559045792657e-07 1.0883465994926367e-07 0.0 0.0 0.0 7.41787172750783e-08 8.031718657704819e-08 0.0 7.69580024311599e-06 8.8310584823683e-07 0.0 8.305133182581828e-08 0.0 0.0 0.0 0.0 2.133954051191613e-06 1.1097535552984503e-06 5.1442732074894696e-05 0.000125118088375466 4.247194675234686e-05 5.536254828339531e-06 1.7310047528970436e-07 6.05692480642375e-07 0.0 1.3936158103280334e-05 1.5356455322982369e-06 9.89897638266904e-07 0.0 0.0 1.8627190392378375e-07 8.556838915146045e-08 1.5486023115328704e-06 2.243720886247808e-06 0.0 7.91082074764092e-05 2.6908619101456763e-05 7.040627157786896e-06 0.0 0.0 2.0176760810994153e-07 1.0683466323076387e-06 0.0 1.507270528024484e-06 4.040663701757859e-06 0.0 6.417998853368497e-07 1.5644156696769174e-06 3.303115500401141e-07 0.0 1.9995187678581165e-07 9.396645381249818e-08 9.615164124624597e-08 0.0 0.0 8.636160136154765e-08 0.0 3.10082464574263e-05 1.1287020574342406e-06 1.5841757059034322e-07 2.958374091923195e-07 0.0001024785995578712 3.214369648986149e-07 9.732139782704594e-06 5.668695293851579e-06 1.479541870929124e-06 1.0779812130123155e-06 3.092425551629163e-06 2.843928059451706e-06 6.579053628005348e-06 8.178261487924223e-06 5.101035834377397e-06 2.9617691759488213e-07 3.751790571207679e-06 5.504382697709972e-06 3.9015989273485524e-06 1.0750699848100092e-06 0.0 0.0 0.0 0.0 0.0 0.0 0.0 0.0 0.0 0.0 0.0 0.0 0.0 0.0 0.0 0.0 0.0 0.0 0.0 2.8409583330434527e-06 5.041746044099776e-07 0.0 0.0 0.0 5.36680810512266e-07 0.0 9.33650809195246e-08 0.0 0.0 0.0 0.0 0.0 0.0 0.0 0.0 0.0 0.0 0.0 0.0 0.0 0.0 0.0 0.0 0.0 0.0 0.0 2.544915020183919e-07 5.20344362676038e-07 1.1679140454871808e-06 0.0 0.0 4.631894207946451e-07 0.0 0.0 0.0 0.0 0.0 0.0 0.0 0.0 0.0 1.879133414382213e-06 0.0 0.0 0.0 0.0 0.0 0.0 0.0 0.0 1.475120708863e-07 8.278714085200286e-08 0.0 0.0 0.0 1.2353046905232504e-07 0.0 0.0 0.0 0.0 0.0 0.0 1.1881940013250896e-06 2.439186433069748e-07 0.0
3.896917040966603e-06 0.0021492072218488676 0.00011387605956482609 3.7359608090489178e-06 0.0 2.868001797937228e-06 0.0013766522060729908 0.0004196333453110839 0.0016958677378425076 0.00018046824623004713 0.0012085525668952938 5.487613002643668e-05 0.0005735691907797708 0.0019501378532555008 3.926733377501459e-06 1.5800793881447572e-06 0.0 1.7435182678417524e-07 2.3214531915878346e-07 0.0 0.0 0.0 0.0 1.3153362468898963e-07 0.0 0.0 0.0 1.928304781313046e-07 0.0 0.0 7.16528109556121e-05 1.806207958558803e-05 5.387995303810504e-06 0.0 0.0 1.6323360872781777e-07 5.143373034381031e-06 1.8570591598661563e-07 1.5160866545036638e-07 8.603782473203534e-08 0.0 8.619783801979827e-08 8.342567157340453e-08 2.691759027849849e-07 0.0 1.9166620170409032e-07 3.0365590399834143e-05 8.902186593336138e-07 7.371813287640817e-08 0.0 7.903047648919007e-08 0.0 0.0 7.397081665468696e-08 1.0892371351600494e-06 7.769365144436711e-08 6.066013836655954e-06 2.5015559014703177e-05 8.115059593875581e-06 1.1022028433457209e-05 4.2297529177691737e-07 2.965405838584068e-06 0.0 4.9951508133327925e-05 9.187665483458076e-07 8.414104281226395e-07 0.0 3.4576398031682545e-07 0.0 0.0 2.280064374964892e-05 4.138384005745029e-07 0.0 3.943886994395297e-05 2.9029538907447922e-05 3.535339072443937e-05 3.964123768592224e-06 5.306566354743262e-07 6.447954600961306e-07 4.37431332709428e-06 2.5407614234811375e-07 1.1681619049429319e-06 5.545083068349866e-06 0.0 3.778347781298079e-07 1.0121345291313323e-06 5.418701800348314e-07 0.0 7.593396662129311e-08 0.0 0.0 0.0 1.3066200405662333e-07 1.434355051694477e-07 0.0 2.705182879274267e-05 1.4489041275779349e-06 0.0 1.0943485312402355e-07 2.905899085604805e-06 1.8485167346031517e-06 7.1601107056616145e-06 2.0522743955274544e-06 2.4517528705689587e-07 3.6366753155694194e-06 4.7094336853786825e-06 2.126920320758771e-06 1.1933022813674468e-05 9.652533511458675e-06 1.2352709215836801e-05 1.449932156437378e-06 1.5947713285629497e-05 1.4041474573301667e-05 1.7180338658143193e-05 9.235937799660426e-06 0.0 0.0 0.0 0.0 0.0 0.0 0.0 0.0 0.0 0.0 0.0 0.0 0.0 0.0 0.0 0.0 0.0 0.0 0.0 4.866801886732064e-06 4.278196167891017e-06 0.0 0.0 0.0 6.133723578992309e-06 0.0 1.1853894816009813e-06 0.0 0.0 0.0 0.0 0.0 0.0 4.824804432392757e-07 2.24144641589428e-07 0.0 0.0 0.0 0.0 0.0 0.0 0.0 0.0 0.0 0.0 0.0 2.8095188294680806e-07 6.689703511802193e-07 4.5070582060396855e-07 0.0 0.0 3.6698391058308507e-06 0.0 0.0 0.0 0.0 0.0 0.0 0.0 0.0 0.0 7.959407651851922e-06 0.0 0.0 0.0 0.0 3.161472771480191e-06 0.0 1.095694807211976e-06 3.6634138990969157e-07 0.0 0.0 0.0 0.0 0.0 0.0 0.0 0.0 1.478864831305362e-07 0.0 0.0 0.0 4.805987986200247e-06 1.6612541046416527e-06 3.900327995167976e-06
2.3342055236788587e-05 9.410450422696184e-05 1.553149311965947e-05 8.939229914623753e-05 2.868001797937228e-06 0.0 3.905114140959474e-05 2.1293260495924293e-06 3.043742047609214e-06 0.0001924471388538959 1.4364940983058012e-06 0.00012761972398963925 6.13014118075865e-05 3.300690016889418e-05 0.0 0.0 0.0 0.0 0.0 0.0 0.0 3.756513306156601e-07 0.0 0.0 0.0 0.0 0.0 0.0 0.0 0.0 1.3711815947863283e-05 0.0 7.2968367183700515e-06 0.0 0.0 0.0 1.6265547852445905e-05 0.0 3.035230426831855e-07 0.0 0.0 0.0 0.0 0.0 0.0 0.0 2.0887521262913472e-07 0.0 0.0 0.0 0.0 1.0786814120204502e-06 9.62492388727201e-07 0.0 0.0 9.905880831803115e-07 2.8176751303235112e-05 1.7059547369561515e-05 8.838712612769438e-07 0.0 0.0 1.6664328171566678e-06 0.0 0.0 0.0 1.0327713925678045e-07 0.0 0.0 0.0 0.0 0.0002012955013837067 0.00017265723080454678 1.1617683502463865e-05 1.441301417073462e-07 1.0178976503232204e-07 0.0 0.0 0.0 2.6312272908704427e-07 2.2690239306555954e-06 0.0 1.3954165737301803e-07 0.0 1.7830334105225814e-06 0.0 1.5002199388252155e-06 0.0 5.043085459252185e-06 3.9393606924148565e-06 7.704224301121355e-06 9.8326353573129e-07 1.9456047228090062e-07 0.0 0.0 3.6811589700238856e-07 0.000384656107047058 0.00019475265604937031 1.9104007067789285e-05 1.4730286005372492e-06 0.0001913255581753443 0.0 1.945943413976605e-06 1.6962342786970639e-06 1.6120593674271015e-07 9.853793438709862e-07 7.282631731359315e-07 3.175304499602486e-07 1.372463607091266e-06 1.969065165997933e-06 2.307317755226868e-06 0.0 1.693745547789759e-06 4.7929870103715305e-06 1.4488596805408797e-06 0.0 0.0 0.0 0.0 0.0 0.0 0.0 0.0 0.0 0.0 0.0 0.0 0.0 0.0 0.0 0.0 0.0 0.0 2.962835140328028e-07 2.3550252038948207e-07 0.0 8.613760648485591e-08 0.0 0.0 0.0 0.0 0.0 0.0 0.0 0.0 0.0 0.0 0.0 0.0 0.0 0.0 0.0 0.0 0.0 0.0 0.0 0.0 2.3746525514800187e-07 0.0 0.0 0.0 0.0 0.0 0.0 2.1018718054985338e-06 1.13793641708728e-07 0.0 0.0 0.0 0.0 0.0 0.0 0.0 0.0 0.0 0.0 0.0 2.0959190132984284e-07 8.935068305723025e-07 0.0 0.0 0.0 0.0 0.0 0.0 0.0 1.9520076269371595e-07 0.0 0.0 1.6927101769968528e-07 0.0 0.0 0.0 0.0 0.0 0.0 0.0 0.0 2.1628049498383946e-07 3.028188563593005e-07 1.2359737686967213e-07
0.0003836221885136348 0.002749501028780189 4.90974795446416e-05 0.0007492343319385827 0.0013766522060729908 3.905114140959474e-05 0.0 8.787865933934925e-06 0.0009534543236399481 0.0015026317263291354 0.000190563030211914 0.0003991969454129816 0.0029528502414100733 0.0016365127033545297 2.3998998130109337e-06 1.1913181455978467e-06 5.634781558698903e-07 1.1445576020379837e-07 0.0 1.9631950463412465e-07 0.0 0.0 8.003887852829606e-08 0.0 0.0 7.858788444092946e-08 8.664794335724087e-08 0.0 0.0 0.0 0.00021261493314740575 1.4950839723122221e-05 4.972629352686233e-06 0.0 0.0 0.0 4.009801825127282e-06 2.1428696892088258e-07 3.0657867762169063e-07 0.0 0.0 1.9814296673738656e-07 0.0 0.0 9.413805997365684e-08 1.7127866083757883e-07 2.555852951593871e-05 1.4091529621671182e-06 0.0 5.257416855438311e-07 0.0 0.0 8.562009903472532e-08 0.0 1.9312394984299532e-06 1.1490037424953363e-06 2.656758613388817e-05 0.00010327301549574439 2.63635624695738e-05 1.2537032488895787e-05 0.0 9.92820993181574e-07 0.0 6.273662238565704e-05 1.5055909454090573e-06 1.644906947073038e-06 1.2369697408556543e-07 0.0 8.412434815188947e-08 0.0 1.4626767162284608e-05 7.8833957842849e-08 0.0 8.605990108236364e-05 4.9130511417362444e-05 3.2113383142656655e-05 3.33774194352938e-06 4.5514464549027495e-07 1.1108388762832076e-06 4.359361993662381e-06 1.1083591020074798e-07 1.6523338466106525e-06 5.537995624489978e-06 0.0 1.2804872522273608e-06 9.907795995578024e-07 8.569396653047255e-08 0.0 9.591776046273583e-08 0.0 0.0 0.0 9.678209188647477e-08 0.0 0.0 7.406061760916487e-05 0.0 0.0 0.0 3.8584728576841675e-05 1.921990290144872e-06 1.3964784097546996e-05 1.3969367559840667e-05 2.0225867010027243e-06 3.5580756471275625e-06 2.407738471112502e-05 5.6469078097205116e-06 2.7279374568532692e-05 4.957415595880657e-05 1.7878111242946235e-05 7.736872772013364e-06 4.942369044030525e-05 2.9493015428157775e-05 2.4809817212736784e-05 5.34196719390561e-06 0.0 0.0 0.0 0.0 0.0 0.0 0.0 0.0 0.0 0.0 0.0 0.0 0.0 0.0 0.0 0.0 0.0 0.0 0.0 5.781934645946208e-06 6.56174771542167e-07 0.0 0.0 0.0 3.184783515677468e-06 0.0 1.3369372959995778e-06 1.2809087213880534e-06 0.0 0.0 0.0 0.0 0.0 0.0 5.173927340678673e-07 0.0 1.4830188893504617e-07 0.0 0.0 0.0 0.0 0.0 0.0 0.0 0.0 0.0 4.2010016031570756e-07 2.0076922378974486e-07 2.927838278861908e-06 0.0 0.0 3.2620093726017923e-06 3.7793009804335113e-07 0.0 0.0 0.0 0.0 0.0 0.0 0.0 0.0 8.65692618862154e-06 1.8311986821258998e-07 0.0 0.0 0.0 5.771198775221959e-06 0.0 4.1016177646765476e-06 0.0 3.9479983123699186e-07 2.6731550034324477e-07 0.0 0.0 0.0 0.0 0.0 0.0 0.0 0.0 0.0 0.0 8.922682668278307e-06 5.924947330881031e-06 1.8334668716332947e-06
0.00019343315256981685 0.0009880746432002427 0.002698888274991685 3.678476020591226e-06 0.0004196333453110839 2.1293260495924293e-06 8.787865933934925e-06 0.0 0.00012997295239042616 3.689149326706523e-06 0.0018134963942599207 0.00012350730125834037 0.00019168402007572105 0.0011841911041138616 9.132001507680623e-06 8.826298484141276e-06 1.1452824762695382e-06 6.9840692851337084e-06 0.0 4.649931249245397e-06 1.2423268755350488e-05 1.7344050039566338e-06 2.3172727296037442e-05 6.370243125886005e-05 1.0605113090519704e-05 3.6293985480261726e-05 1.507221828070315e-05 5.114010757546345e-06 1.054785659401287e-06 1.0778202164063541e-05 0.0015728141317843621 0.0016867804019426922 0.0004130580018507262 6.863782006444047e-07 1.9009095626734623e-05 3.4141541949359715e-05 0.00014824827878277274 3.7806338807733276e-05 1.4992619371162512e-05 1.0871986822640255e-05 5.591445105074333e-05 1.204955904978699e-05 3.5921722451939618e-06 1.956386839805351e-06 2.0507084283437893e-06 6.672167343267504e-06 3.8002456494874995e-05 7.567012033609542e-07 2.5441951086775876e-06 3.7139601254514038e-06 3.53816820543978e-06 6.5764959066496605e-06 1.6832341398751257e-06 1.2367496278450398e-06 6.015563885852667e-07 9.189052410278658e-07 1.2877461117799362e-05 7.562440386292647e-05 1.0401046382967045e-05 1.0639217597311557e-05 3.449767805175471e-05 0.0002561019386669396 1.875538957319416e-05 0.000256636844205849 1.1900422638732562e-06 1.0926938545193859e-06 5.285307371190706e-07 5.888121642559548e-06 7.893946683101972e-06 1.2758136673708984e-05 0.00015670378293504306 2.1492018893314144e-06 5.204826071969868e-07 3.637258462804583e-05 4.149216074910406e-05 3.604496052223067e-05 1.0811624095123817e-05 8.04391653541663e-06 0.0007551911077900631 0.00285241757350264 2.6372756395867952e-05 0.0015507672094082694 6.066645625188906e-06 0.0 9.650940496433958e-07 6.018781484897881e-07 4.11533319499103e-06 1.353942690197186e-07 7.692330863205319e-07 1.2168718241059e-07 2.381274665705964e-06 0.0 1.584005611626956e-05 1.1615674086453355e-05 2.2926801938867812e-07 0.0001108230462369972 3.822431069707609e-06 0.0 2.2173293375932656e-06 4.9802798140978204e-05 2.7768960685244025e-06 5.7473281393967194e-06 1.0117388555968317e-06 9.649038382056048e-07 7.025436868805986e-06 2.5945800893012644e-06 7.384004719741382e-07 2.358544739624204e-05 4.540121160051568e-06 1.1752814733865566e-05 3.580951029169765e-06 4.108958604100005e-05 2.424470559530208e-05 2.446876001810588e-05 1.5867775085176246e-05 3.345103319276602e-07 0.0 0.0 9.296366037786045e-08 0.0 0.0 0.0 3.875298935372358e-07 0.0 2.1537261284526318e-07 1.4873440988050066e-06 0.0 0.0 0.0 0.0 5.581578112631899e-07 0.0 1.0273992194469576e-06 0.0 2.4661164499331172e-05 3.435152792270716e-06 1.1013074187678569e-07 0.0 0.0 1.7874482719707602e-05 2.654368814705406e-07 3.1560020029153417e-06 1.8029967866711422e-06 2.415070817882943e-07 1.4822995380455172e-06 1.2279147774583457e-07 3.8224988343035465e-07 0.0 0.0 2.262780202808428e-07 9.333652383002851e-07 0.0 2.1886637140214696e-07 2.434737247753096e-07 0.0 1.0764683133764523e-06 7.687099439035148e-07 1.1496113764626286e-06 0.0 0.0 0.0 1.5181603157272903e-06 3.3485798236307856e-06 5.275750203727023e-07 2.860709373094762e-07 8.419256552235974e-07 1.0214030643642428e-05 2.317058049228457e-06 0.0 0.0 0.0 0.0 0.0 0.0 0.0 1.0767751455616774e-07 1.697888126978922e-05 2.1159858223947269e-07 3.817364621550424e-07 0.0 5.651454470078393e-07 1.137084808166556e-05 5.40725253622563e-07 1.2625258526149063e-05 5.691276748112257e-07 2.5449769455042297e-06 2.6710533255488977e-07 8.698378079307164e-08 8.142291734596288e-07 0.0 0.0 0.0 0.0 1.528367652920004e-07 0.0 0.0 1.2717883001063976e-07 7.082288675831304e-06 7.590544340750434e-06 1.3560293850003623e-05
1.5505627791234265e-06 0.0012909349013550436 0.00014793779208755476 2.868239178331752e-06 0.0016958677378425076 3.043742047609214e-06 0.0009534543236399481 0.00012997295239042616 0.0 9.157050253612016e-05 0.0011054808428694332 2.8019158902696296e-05 0.0006667205847192406 0.0014292884290510368 3.912354635792483e-06 1.2169106427666737e-06 8.382005994001854e-08 0.0 0.0 0.0 0.0 0.0 0.0 1.3661947558595703e-07 0.0 0.0 0.0 0.0 0.0 0.0 2.1360782920098244e-05 1.0521580552293587e-05 6.391137078260835e-06 0.0 0.0 0.0 6.255492326724755e-06 6.223781382510567e-08 1.621266112447094e-07 0.0 0.0 1.821330438127663e-07 0.0 2.686036471828939e-07 6.942907947840081e-08 9.829176871671546e-08 1.3840706832397938e-05 1.7240604965115132e-07 1.7169358552795694e-07 0.0 0.0 0.0 3.307201213877103e-07 0.0 2.5514709581496216e-07 2.8353016698867895e-07 1.4768253094132818e-06 5.6962541440208214e-06 2.343393992952447e-06 4.377479809410638e-06 0.0 6.741421831040887e-07 0.0 1.9376315491505403e-05 6.965269407721025e-07 8.34049902563404e-08 0.0 0.0 0.0 0.0 1.213449982884878e-05 0.0 0.0 1.4301317501217797e-05 1.4244970165426817e-05 1.7490477138769925e-05 1.7416737883005948e-06 1.0011179777406957e-06 8.222766772742809e-07 7.192502518640805e-06 7.385996268622976e-08 1.0561233609965143e-06 1.8625307654377831e-06 0.0 7.376822806155937e-08 8.612847190695569e-08 6.911990762856157e-08 0.0 8.11142872438173e-08 0.0 0.0 0.0 9.185290625016115e-08 0.0 0.0 4.5738957596335616e-05 2.0210998342548156e-07 0.0 2.2433931486649632e-07 2.3259610728285703e-06 1.7777639190205552e-06 8.41475429937152e-06 3.007002419401888e-06 2.052004352096803e-06 3.2535454678013433e-06 6.892536589996e-06 7.584470017802506e-07 1.4213089789950971e-05 1.5148769437668329e-05 9.842703922736301e-06 1.709593921815757e-06 2.1848263022308243e-05 1.6344964439502396e-05 2.342506566732259e-05 5.92743795329184e-06 0.0 0.0 0.0 0.0 0.0 0.0 0.0 0.0 0.0 0.0 0.0 0.0 0.0 0.0 0.0 0.0 0.0 0.0 0.0 7.261962171933693e-06 4.527392066432173e-07 0.0 0.0 0.0 4.5704201726915315e-06 3.851385322214876e-07 1.0707208580515682e-06 0.0 0.0 0.0 0.0 0.0 0.0 0.0 1.9546156609679495e-07 0.0 0.0 3.843851074910422e-07 0.0 0.0 0.0 0.0 0.0 0.0 0.0 0.0 0.0 0.0 2.659320955417352e-06 6.28926365209441e-07 0.0 3.4221596658520132e-06 9.381601140065635e-07 0.0 0.0 0.0 0.0 0.0 0.0 0.0 0.0 8.79244349763752e-06 6.08371060504221e-07 0.0 0.0 0.0 3.097247758572492e-06 0.0 4.140485248648679e-06 0.0 3.7965541286371974e-07 1.4615745120920382e-07 0.0 1.2235492928194235e-07 0.0 0.0 0.0 0.0 0.0 0.0 0.0 0.0 6.873337328538458e-06 2.9742179184320565e-06 5.07052948131843e-06
0.0014498553233343499 0.0006256819661628563 6.721136187511255e-06 0.0009453749931171135 0.00018046824623004713 0.0001924471388538959 0.0015026317263291354 3.689149326706523e-06 9.157050253612016e-05 0.0 1.051972542892609e-05 0.00199141873521827 0.005112331915688507 0.0006368951877244233 2.4938952391210144e-07 3.9726438780682374e-07 0.0 0.0 0.0 0.0 1.1228705587201915e-07 0.0 0.0 0.0 0.0 0.0 0.0 0.0 7.60761720955738e-08 0.0 0.00014369397558419537 3.257517012234762e-06 1.1702222953252464e-05 0.0 0.0 0.0 1.056645925417513e-05 0.0 0.0 0.0 0.0 0.0 0.0 0.0 0.0 9.875014526286285e-08 9.704474777667939e-06 5.306540651385533e-07 1.844156931065347e-07 0.0 3.0458937613624744e-07 0.0 8.652372364276517e-08 0.0 1.7003152205753346e-06 5.564149390723118e-07 4.514764186703965e-05 9.943771857078247e-05 3.2299320171372864e-05 3.4705534073525096e-06 1.6927424709591262e-07 6.173724752395959e-07 0.0 1.3940833577004064e-05 7.093780462534516e-07 6.817281468824114e-07 1.5725178491468806e-07 1.8026556306174432e-07 0.0 0.0 3.377015323063662e-05 2.1332403091501968e-05 1.930878181716948e-06 7.02360813817345e-05 2.0996359534514025e-05 5.876426192994667e-06 0.0 7.090252116484976e-07 5.010271821219658e-07 9.863719416403924e-07 1.7515881335776273e-07 7.493046667384815e-07 4.057170668305496e-06 1.041497155268059e-07 6.588385686780172e-07 1.0020748280710454e-06 1.7792775040792913e-07 1.0512636666945294e-06 2.4073541426446667e-07 4.3714517722784344e-07 0.0 0.0 0.0 0.0 0.0 0.0001288178911969306 1.8413780422023163e-05 1.177568977978694e-06 0.0 0.00016727281786997126 5.352215880551242e-06 9.040282250322856e-05 4.165967885712214e-05 2.2338393015478494e-05 6.784454405730128e-06 3.746962555305503e-05 1.661009276863993e-05 8.134134304111238e-05 4.4987509961576115e-05 8.390308081007014e-05 3.955379275393851e-06 9.106037363685222e-05 8.761921459598794e-05 6.50052640678396e-05 1.5206759481642301e-05 0.0 0.0 0.0 0.0 0.0 0.0 0.0 0.0 0.0 0.0 0.0 0.0 0.0 0.0 0.0 0.0 0.0 0.0 0.0 5.386122471488591e-06 6.817081048539882e-07 0.0 0.0 0.0 8.704364121107205e-06 0.0 1.180555286347984e-06 2.2575989331388493e-07 0.0 0.0 0.0 0.0 0.0 0.0 0.0 0.0 0.0 8.759260765978624e-08 0.0 0.0 0.0 0.0 0.0 0.0 1.757806764402686e-07 0.0 9.192898291655204e-07 4.1591349195931625e-07 2.8402218863693767e-05 1.3719240738407445e-06 0.0 3.218565965987596e-06 0.0 0.0 0.0 0.0 0.0 0.0 0.0 0.0 0.0 1.6296886954751626e-05 3.2797392192322623e-07 0.0 0.0 0.0 6.363668189843641e-06 0.0 1.1773433420414706e-06 1.800277542779249e-07 8.041411987058416e-07 1.0044012785226246e-07 0.0 0.0 0.0 0.0 0.0 0.0 0.0 0.0 0.0 0.0 1.269663974269387e-05 1.1429320426080177e-06 1.4427708384911375e-06
2.0966349045359858e-05 0.001098682995663253 0.0009586416007707919 1.125257050238241e-05 0.0012085525668952938 1.4364940983058012e-06 0.000190563030211914 0.0018134963942599207 0.0011054808428694332 1.051972542892609e-05 0.0 0.0002024282333585589 0.0006121743440487168 0.004365270457324501 2.8413116092189113e-06 2.3402410938720576e-06 0.0 9.650698687153181e-08 0.0 0.0 0.0 1.9245644814213194e-07 8.087479785583883e-08 0.0 0.0 4.1667760665033463e-07 0.0 0.0 0.0 0.0 5.9391450603180414e-05 1.599722338327156e-05 0.0003333403998324705 0.0 1.790338186157966e-07 2.1619239837287833e-07 0.0001970823219053227 1.929422640112445e-06 2.840269120573095e-06 2.1008445016055918e-07 0.0 8.948335192673337e-07 1.0819912795293021e-07 2.1003376182099883e-07 8.181716862800233e-08 1.4272360124763973e-07 7.96031869748068e-06 9.570366467407159e-08 1.11986352949021e-07 1.0701397908112001e-07 0.0 7.202503161293758e-07 0.0 3.5814971662060414e-07 3.7820685070943044e-07 7.711303895571229e-08 1.6511914312187159e-06 6.669018635811606e-06 1.6719228302867902e-06 3.1151642049894624e-06 9.973565154177738e-08 8.98603975129219e-06 8.114710713633354e-07 1.342435535522294e-05 7.584701677552285e-08 4.806383692687771e-07 7.009911988013505e-08 0.0 1.1045041915027055e-07 0.0 6.531367340450471e-05 0.0 9.016777698194887e-07 8.660762203863081e-06 5.9427116266014615e-06 1.1755504820922952e-05 3.84228102155194e-06 7.459211294520185e-07 3.864607478732143e-06 0.0004827888981895149 0.0 2.5094134568123e-06 7.058159167650116e-07 0.0 3.380359231044993e-07 1.6015180249866213e-07 2.205159931293092e-07 0.0 0.0 0.0 0.0 0.0 6.174183260754197e-07 0.0 0.0 3.793663142817693e-05 8.109220080986404e-07 0.0 1.474401673907073e-06 3.553305268698379e-06 8.805623955399827e-07 1.0532827906655415e-06 9.965599749523911e-08 0.0 9.914907455600878e-07 4.031045294396738e-06 0.0 8.914600616514634e-06 3.816973633935755e-06 1.9825165569225044e-06 8.234108544105353e-07 1.0897470337572316e-05 7.3665928302366106e-06 8.873934299528424e-06 6.008784691157982e-06 0.0 0.0 0.0 0.0 0.0 0.0 0.0 0.0 0.0 0.0 0.0 0.0 0.0 0.0 0.0 0.0 0.0 0.0 0.0 1.0037256209486358e-05 0.0 0.0 0.0 0.0 5.2770097143899205e-06 0.0 9.274285074034566e-07 1.4179147886554468e-07 8.579753788090685e-08 0.0 0.0 0.0 0.0 0.0 0.0 0.0 0.0 1.9022168618099203e-07 0.0 0.0 0.0 0.0 0.0 0.0 0.0 0.0 5.798891038999018e-07 2.686614204223407e-07 0.0 4.919353245204115e-07 0.0 3.408037555693438e-06 0.0 0.0 0.0 0.0 0.0 0.0 0.0 0.0 0.0 7.423024842114791e-06 0.0 2.8789582298332e-07 0.0 0.0 5.992935697615157e-06 0.0 2.961148446450297e-06 0.0 4.431275216987323e-07 8.375244033738054e-08 0.0 0.0 0.0 0.0 0.0 0.0 0.0 0.0 2.951669469918943e-07 0.0 3.330474055507638e-06 2.3545086323105367e-06 2.6230370806955648e-06
0.000215775980370141 0.0002993505013271814 0.0001457491748307047 0.0005869656462605829 5.487613002643668e-05 0.00012761972398963925 0.0003991969454129816 0.00012350730125834037 2.8019158902696296e-05 0.00199141873521827 0.0002024282333585589 0.0 0.0013134938098825375 0.00020550003725127632 2.1409489761448895e-06 2.290275249335065e-06 1.114706908681632e-07 0.0 0.0 0.0 3.276935048810195e-07 0.0 1.7077538909326677e-07 1.2346251991945977e-07 0.0 0.0 0.0 0.0 0.0 8.307509095520521e-08 2.7139203963177286e-05 8.446270590080453e-06 3.3207337944590723e-05 0.0 0.0 9.72579308984261e-07 0.00011937080248843503 3.346366375684746e-06 2.22212282927259e-06 1.4749915857387425e-06 2.555937608568319e-07 0.0 0.0 0.0 8.67543091240025e-08 2.5436693300187534e-07 5.920728684911385e-06 0.0 7.536650897931132e-08 0.0 0.0 6.730333270704985e-07 0.0 0.0 1.0812415982622388e-07 1.686283744410471e-07 8.373276553744262e-06 1.6335877353498536e-05 5.222910671071215e-06 1.3967216320610927e-06 4.3033824267862575e-07 2.681543281045736e-06 0.0 9.145454183773076e-06 2.9089628138056915e-07 0.0 0.0 0.0 0.0 1.1540352868108481e-07 3.363565218625097e-05 2.924461661710218e-06 2.0979382427191126e-07 1.322448758773234e-05 7.373666374511512e-06 6.276848053761436e-06 2.0384417974453595e-06 6.149210405634144e-07 5.983431195672397e-07 3.452510316537651e-05 7.736366646537284e-08 2.4065477030912565e-06 1.3181540269103502e-06 0.0 0.0 1.4988164366342044e-07 0.0 1.312970615294295e-07 0.0 0.0 0.0 0.0 0.0 8.507352042794404e-08 0.0 0.00024328324175847715 3.4343337514814146e-06 7.287928732044716e-08 2.295048066287929e-07 2.2731492450970908e-05 3.5301807420325387e-06 4.8839530433532266e-05 2.3144649969599197e-05 6.082017966439179e-06 6.764414499481584e-06 2.663240083454698e-05 1.5936074330726786e-05 7.995454621361774e-05 3.30096810547104e-05 5.704452317623172e-05 8.773061096460865e-06 0.00011517917082684775 6.664304444922416e-05 7.311800407208292e-05 3.0444150906903793e-05 0.0 0.0 0.0 0.0 0.0 0.0 0.0 0.0 0.0 0.0 0.0 0.0 0.0 0.0 0.0 0.0 0.0 0.0 0.0 2.4931685096342804e-05 9.368335703048315e-07 0.0 0.0 0.0 1.5532654522583105e-05 0.0 5.307134708707461e-06 1.898346397478419e-06 0.0 0.0 0.0 0.0 0.0 0.0 2.478380494678324e-07 0.0 0.0 0.0 0.0 0.0 0.0 0.0 0.0 0.0 0.0 0.0 5.946322796778326e-07 4.251927481286415e-06 1.1729747413647184e-05 1.1401761681360615e-07 2.3835836115118695e-07 1.0224847723795894e-05 1.1462797138245433e-06 0.0 0.0 0.0 0.0 0.0 0.0 0.0 0.0 2.977268609099031e-05 4.382494725630881e-07 0.0 0.0 1.226893629190049e-07 1.0582895813294405e-05 0.0 6.378337208139223e-06 4.220783236794686e-07 1.7436914952916289e-06 2.0350023850135582e-07 0.0 8.758045458500414e-08 0.0 0.0 0.0 1.4514659746520695e-07 1.2389635305427924e-07 0.0 0.0 0.0 1.4887603261352737e-05 4.962505281191349e-06 9.07662204171079e-06
0.0001206948876376377 0.0009865904080477762 0.00024696767677302744 0.0003416652943100844 0.0005735691907797708 6.13014118075865e-05 0.0029528502414100733 0.00019168402007572105 0.0006667205847192406 0.005112331915688507 0.0006121743440487168 0.0013134938098825375 0.0 0.0014488152025411633 1.5226901212731079e-05 1.5441846240334626e-05 1.3498157854428142e-07 4.0363767375814924e-07 9.989907876269491e-08 8.825110132235658e-08 1.632044716651216e-07 0.0 0.0 7.712233302624252e-07 5.677148469147827e-07 3.66137015262732e-07 2.6353802944188146e-07 3.469814099697e-07 3.885519249465422e-07 1.9688202591330172e-07 7.522298662315518e-05 4.4540743167362736e-05 0.0002741815997710121 0.0 1.3905043325381536e-07 2.0358165355742875e-06 0.00014050620176624234 9.188694810666615e-06 1.3925708317518201e-05 3.207304514322649e-06 1.0629171868332908e-06 5.763052913225069e-07 0.0 9.681377226346504e-07 1.3147881722158833e-07 9.864114786770615e-07 3.1912879862941534e-05 6.589725952120568e-07 1.012730155017142e-07 2.895664423765645e-07 0.0 2.7376377419309034e-07 2.1992483501432094e-06 5.670778122606129e-07 1.177430417108727e-06 5.413415212818095e-07 6.66302449415858e-06 2.1329682127462284e-05 6.380555124515145e-06 1.1480567648905949e-05 3.1815634649273634e-07 3.309538397128183e-05 1.48405959853305e-06 4.305539051198965e-05 8.485685628068839e-07 6.998985951985698e-07 0.0 7.44877243598039e-08 0.0 6.32223137187061e-07 0.00016748885375466737 3.5873756427492922e-06 1.0778916598777498e-07 3.242478328907396e-05 2.331647625035908e-05 3.894284100382175e-05 1.0549042303086064e-05 4.459319142241727e-06 7.596945616999265e-06 0.00018292330686572203 7.736987151955254e-07 1.9575379508409248e-05 3.245282879607346e-06 0.0 7.804018543137543e-07 7.045412279398447e-07 1.905136960965945e-07 1.2602754366498493e-07 4.1481400117478536e-07 2.5498672004394925e-07 0.0 0.0 0.0 3.458257079189997e-07 4.180163166080576e-07 0.0008696483904564646 3.710836363433711e-06 1.4283844912245157e-07 4.7344927983310294e-06 1.8565801204566375e-05 1.0963613809557194e-05 6.339886167991818e-05 4.3537757280481724e-05 7.875322016911134e-06 2.3747657734526896e-05 0.00016492542236510647 1.0210015357366644e-05 0.0001792190858347822 0.00010642142421271982 0.00010525655830206316 1.3059947780499023e-05 0.0003222287076213785 0.00015263554596946376 0.00018786135233740418 6.880149594886754e-05 9.652351610773212e-08 6.833247735584224e-07 0.0 8.91305252305049e-08 0.0 0.0 2.6241931386389106e-07 0.0 0.0 0.0 1.3206839952302972e-07 0.0 2.0323187567486304e-07 0.0 2.3817876717731902e-07 3.172071017200317e-07 0.0 1.9602226836911748e-07 0.0 5.740789810867302e-05 5.316084169707203e-06 2.3606891694413207e-07 0.0 0.0 4.016799510884803e-05 6.92446565685823e-07 1.196894619550882e-05 2.6826693253759807e-06 7.174478724456995e-07 0.0 0.0 0.0 0.0 2.7700527077038616e-07 5.958774228228215e-07 0.0 7.321924915660258e-07 9.54187752476202e-07 3.151522830348007e-07 0.0 0.0 0.0 1.1895064477236986e-07 0.0 7.299015447011345e-08 0.0 4.695704981586644e-06 3.141806545918779e-06 1.4827146815439667e-05 3.018098545751808e-07 9.59865334211693e-08 2.579799036000889e-05 4.594412721519657e-06 0.0 0.0 7.558434823135746e-08 0.0 0.0 0.0 0.0 0.0 7.362010675518888e-05 3.114920181265556e-06 0.0 0.0 0.0 3.395011267988904e-05 1.315986845008221e-06 1.9451180659787532e-05 7.839079834353701e-07 4.82682309502145e-06 1.7713299797355968e-06 2.1651429008949054e-07 5.337903427142785e-07 0.0 0.0 1.0515688512286185e-07 1.8885948071806393e-07 0.0 0.0 0.0 0.0 4.9901343634788724e-05 1.9214083694212144e-05 2.6576259006986947e-05
